instance_id,num_cities,city_coordinates,distance_matrix,best_route,total_distance
1983,36,"[[51.68688766304829, 37.03529432771887], [8.144490223461709, 55.803618596228624], [60.3631310415632, 1.0201825290661715], [13.495262123038131, 39.66498358724826], [5.116368599159027, 42.05576117959744], [13.502511563430142, 52.83233429221422], [94.36714781333701, 57.29611453566027], [54.42489514761414, 39.01113843559884], [79.58266412000519, 85.78472706885282], [14.689355920398327, 28.60415998418531], [95.63938343482228, 24.012541175064506], [86.3487850633573, 38.42314308006053], [95.7403369902581, 30.5536920657957], [35.661006285786144, 26.786232050484905], [71.59523374871097, 69.81607075597263], [30.681493613547683, 41.93653532975089], [53.90404165800299, 1.0814660462299508], [55.93252178773967, 38.26324003690981], [66.12857645060886, 36.14013484141591], [43.50650373446744, 37.97975017732619], [78.80169363579775, 42.58361629915105], [16.044558174056235, 45.06588289192127], [30.870224109663226, 30.980382549934117], [23.731570787676738, 48.99482484340668], [10.683419206597577, 63.26462348348155], [58.88005305536191, 94.51101754308543], [28.225763114296278, 83.19728352228128], [9.674314458564194, 6.382275572396557], [76.71902633744506, 91.44459240853232], [65.29489208574056, 17.541665877429992], [87.89033197429626, 68.05054744268425], [68.56606375188622, 50.995378311748226], [89.26233209579374, 76.37967395471175], [56.19195755082055, 19.597819380542813], [87.48003118890115, 69.44305183071037], [60.03273188121978, 30.038644887027345]]","[[0.0, 47.41508589715775, 37.04545150261604, 38.28205228289153, 46.840349414696774, 41.32303292059954, 47.24516315978653, 3.3764841069050777, 56.16655176098007, 37.9460324851901, 45.84118218635706, 34.689670732783334, 44.52771682342146, 19.022937509246514, 38.352595050474456, 21.569625461161703, 36.02212569979923, 4.419644757835673, 14.469405155108173, 8.234723921956423, 27.6766432147854, 36.53581809798941, 21.67937817677404, 30.406086755090687, 48.675066855839965, 57.92409159832034, 51.78178841533914, 52.00638293590775, 59.891399084184364, 23.77350067882146, 47.672164895072704, 21.90412130808152, 54.40491000407292, 18.010030183958744, 48.28469602094441, 10.89064824103302], [47.41508589715775, 0.0, 75.68362647372794, 17.002538042138983, 14.07739692271233, 6.126738373297776, 86.23557401670207, 49.23274591050815, 77.47437999054941, 27.975807687700367, 93.09150842942572, 80.11237520242075, 91.16244380546375, 39.98959087254166, 64.97957886471775, 26.46152905869526, 71.3333759694279, 50.905410722168206, 61.22750075720076, 39.60002885058165, 71.8833002496892, 13.3307929876496, 33.6548960550542, 17.009313709958935, 7.881164527467967, 63.815045789381244, 33.96572388448412, 49.445015001206954, 77.2835429929123, 68.7760529463239, 80.68076934883116, 60.612587160457934, 83.68678703439406, 60.16160747038073, 80.4994546517975, 57.93292235482112], [37.04545150261604, 75.68362647372794, 0.0, 60.74551659003749, 68.81949923932444, 69.85997944604529, 65.75145382290705, 38.452247999620184, 86.91615766237483, 53.357000909564434, 42.10774915640981, 45.54377754336616, 46.08443214679408, 35.69431713018441, 69.70677419127156, 50.548467107502596, 6.459380104491158, 37.50567464921295, 35.59004651846363, 40.622106357458065, 45.46976596928709, 62.48327473385929, 42.04099362032407, 60.36089389516217, 79.63946382122953, 93.50259756783083, 88.23766964818144, 50.9716408249749, 91.8917254870075, 17.241858340304514, 72.46251866754191, 50.643936444232786, 80.71069798672781, 19.040149140046598, 73.60037579435706, 29.020343230664334], [38.28205228289153, 17.002538042138983, 60.74551659003749, 0.0, 8.71330443520609, 13.167352700598311, 82.771484664858, 40.934855233758896, 80.5889287775792, 11.125092304110044, 83.62210006662018, 72.86410620230583, 82.74822036215348, 25.635570121104816, 65.45757985413151, 17.33570016365791, 55.870898411815986, 42.4604038232118, 52.751211699693286, 30.058520168256845, 65.37161780037076, 5.972321462794339, 19.424510269604866, 13.850196855744368, 23.766561884686286, 71.18895060791094, 45.95703207439677, 33.50131779283499, 81.72130842763177, 56.32621814716889, 79.62641931899618, 56.22429222904379, 84.1939272218321, 47.177313189198216, 79.75261376306966, 47.52265236984403], [46.840349414696774, 14.07739692271233, 68.81949923932444, 8.71330443520609, 0.0, 13.655106073142342, 90.54264167095855, 49.402434333066786, 86.3565378320695, 16.51022898002997, 92.30370525103359, 81.31359910168798, 91.35097832453462, 34.14869560074202, 72.04217028483039, 25.5654030244898, 63.711301228062766, 50.95747875928544, 61.29832087326295, 38.60591070545905, 73.68721569432743, 11.335173580845392, 28.034355449097283, 19.866463123812256, 21.92733209241148, 75.1138315256611, 47.18759344922995, 35.96348767603661, 86.98389072320428, 64.97996273859191, 86.75977135569299, 64.07636513913268, 90.8772477629612, 55.79493647822187, 86.79767626155335, 56.215816636569684], [41.32303292059954, 6.126738373297776, 69.85997944604529, 13.167352700598311, 13.655106073142342, 0.0, 80.98774431907295, 43.19336677220258, 73.8406849345677, 24.257226342430403, 87.04623022355878, 74.25768885586594, 85.20209991770267, 34.196466635418574, 60.52447170497745, 20.34295601206171, 65.65391076086708, 44.86161248835083, 55.20989248327492, 33.47893070409346, 66.09855822800941, 8.171888907939703, 27.91317312731608, 10.925206239830509, 10.806476737891261, 61.61358542868969, 33.74617427168052, 46.60754282461384, 74.07586798016219, 62.672816733652944, 75.92853111296444, 55.094184692079764, 79.33490790488742, 54.101033078162494, 75.81945230005722, 51.813257758243424], [47.24516315978653, 86.23557401670207, 65.75145382290705, 82.771484664858, 90.54264167095855, 80.98774431907295, 0.0, 43.92862277595627, 32.09644843506474, 84.68635531724311, 33.30787953513007, 20.50568683936593, 26.777655014439382, 66.16089466075896, 25.98671533544114, 65.51167242742127, 69.26290251301948, 42.8890520927277, 35.28444968298599, 54.40521158989615, 21.41823914593264, 79.27172644684035, 68.73410412433365, 71.12169958811938, 83.89630225812483, 51.42259134090352, 71.03205842983856, 98.81849533177719, 38.439234288183606, 49.25050498432105, 12.554161483927524, 26.55927739433751, 19.754528179902074, 53.651715808366134, 13.963540419551908, 43.83858767165944], [3.3764841069050777, 49.23274591050815, 38.452247999620184, 40.934855233758896, 49.402434333066786, 43.19336677220258, 43.92862277595627, 0.0, 53.110092574774036, 41.07576266079295, 43.858772948637366, 31.92930450057787, 42.17219621683215, 22.394907040303426, 35.26704386447957, 23.92294010769211, 37.93324842301926, 1.6829409082846047, 12.050677063131332, 10.966997437310647, 24.63718536316763, 38.8549893403051, 24.886051671593506, 32.27621654645683, 50.01548014831409, 55.67840706170207, 51.36934822363014, 55.38282372498562, 56.9762703328423, 24.064394556290896, 44.30826940291671, 18.536306398620507, 51.0886920948422, 19.493574999733294, 44.930428126110264, 10.580806836434256], [56.16655176098007, 77.47437999054941, 86.91615766237483, 80.5889287775792, 86.3565378320695, 73.8406849345677, 32.09644843506474, 53.110092574774036, 0.0, 86.49137934622921, 63.824926049714776, 47.842450089303476, 57.54596093637699, 73.55225653464753, 17.854888080723484, 65.68095915629335, 88.51007897077388, 53.08126752502756, 51.43537705163919, 59.88994209182739, 43.20816921177342, 75.46598689677269, 73.32406146627108, 66.87930570942218, 72.48628156509048, 22.466558488886836, 51.422039487138974, 105.79190260144388, 6.343066846014729, 69.72270670649121, 19.58362765655111, 36.49197542767853, 13.496332694525613, 70.19851781303197, 18.149896864990726, 59.07474527379649], [37.9460324851901, 27.975807687700367, 53.357000909564434, 11.125092304110044, 16.51022898002997, 24.257226342430403, 84.68635531724311, 41.07576266079295, 86.49137934622921, 0.0, 81.08014502869533, 72.32901363997604, 81.0744238815423, 21.05029645919979, 70.26165754430082, 20.820679632319724, 47.90918762723345, 42.3591378361974, 51.98830951093183, 30.30395518092692, 65.61872481384762, 16.517411850510914, 16.354416193809506, 22.305624024158483, 34.891191709957745, 79.35068737297257, 56.24627505324082, 22.780754765257786, 88.29835762530561, 51.800570136280896, 83.15287354487133, 58.34437680661349, 88.56426204064515, 42.46857795079021, 83.46434863638966, 45.36606099785259], [45.84118218635706, 93.09150842942572, 42.10774915640981, 83.62210006662018, 92.30370525103359, 87.04623022355878, 33.30787953513007, 43.858772948637366, 63.824926049714776, 81.08014502869533, 0.0, 17.145864380781234, 6.541929883120779, 60.04247735149184, 51.73088493537736, 67.38543623432352, 47.62008987593547, 42.186695532022405, 31.905583476808978, 53.97147462469901, 25.067760750267286, 82.3321286360229, 65.14287998786347, 76.12389911836163, 93.58547869992513, 79.5064999868484, 89.70746864908446, 87.75431242573454, 70.03614385619257, 31.026768802955168, 44.71458145353478, 38.22352859953214, 52.75398922680455, 39.693691909380696, 46.15740815411726, 36.11298327204491], [34.689670732783334, 80.11237520242075, 45.54377754336616, 72.86410620230583, 81.31359910168798, 74.25768885586594, 20.50568683936593, 31.92930450057787, 47.842450089303476, 72.32901363997604, 17.145864380781234, 0.0, 12.25273466870102, 52.00642859987842, 34.68693103257984, 55.77805359151779, 49.467789705405195, 30.41668359034059, 20.348684551114975, 42.84457569786331, 8.617895707347145, 70.61735134306868, 55.97557869108238, 63.50335407639473, 79.63885194345063, 62.453029549471104, 73.36899435613614, 83.0998894895111, 53.88883318472376, 29.653035252346736, 29.667481459420188, 21.77811460990912, 38.068188719041665, 35.550345399342, 31.04052925926362, 27.619458087262803], [44.52771682342146, 91.16244380546375, 46.08443214679408, 82.74822036215348, 91.35097832453462, 85.20209991770267, 26.777655014439382, 42.17219621683215, 57.54596093637699, 81.0744238815423, 6.541929883120779, 12.25273466870102, 0.0, 60.197339915184564, 46.092519902429174, 66.04712122634193, 51.175069259123035, 40.547494141028835, 30.134111985303417, 52.75907197506009, 20.77586859194759, 81.00630125919128, 64.87151616780955, 74.33261591077972, 91.13004058524793, 73.8188323801531, 85.61288108158764, 89.39584783267851, 63.79272688559332, 33.10948415425297, 38.309747348500245, 34.00446533341847, 46.281585576727664, 41.03785402017505, 39.756948510378606, 35.71131944103125], [19.022937509246514, 39.98959087254166, 35.69431713018441, 25.635570121104816, 34.14869560074202, 34.196466635418574, 66.16089466075896, 22.394907040303426, 73.55225653464753, 21.05029645919979, 60.04247735149184, 52.00642859987842, 60.197339915184564, 0.0, 56.06100001228582, 15.947640449506034, 31.52052244055381, 23.294979138569815, 31.871120613661866, 13.669187184071665, 45.94209675375577, 26.813255516721895, 6.367298663568962, 25.20978034702742, 44.21032569250503, 71.59448793661772, 56.89894172278468, 33.03981828162388, 76.59284937090109, 31.04237734666485, 66.56309928679225, 40.8512615416781, 73.02473285468773, 21.753005230556116, 67.11792320738394, 24.587785539946886], [38.352595050474456, 64.97957886471775, 69.70677419127156, 65.45757985413151, 72.04217028483039, 60.52447170497745, 25.98671533544114, 35.26704386447957, 17.854888080723484, 70.26165754430082, 51.73088493537736, 34.68693103257984, 46.092519902429174, 56.06100001228582, 0.0, 49.509621564193196, 70.97481357633079, 35.22643428390373, 34.11675543975752, 42.456189911477125, 28.169835637558347, 60.81487775295102, 56.273769098374515, 52.19630746900612, 61.26312603987041, 27.776180746871034, 45.38686856577109, 88.64562379005943, 22.227150050503766, 52.6527084818622, 16.39046365272312, 19.06290468291097, 18.846942748254772, 52.52745652355876, 15.889176593973534, 41.4238464920289], [21.569625461161703, 26.46152905869526, 50.548467107502596, 17.33570016365791, 25.5654030244898, 20.34295601206171, 65.51167242742127, 23.92294010769211, 65.68095915629335, 20.820679632319724, 67.38543623432352, 55.77805359151779, 66.04712122634193, 15.947640449506034, 49.509621564193196, 0.0, 46.99386581074525, 25.516808620245712, 35.9178777251475, 13.421513824607961, 48.12455053257448, 14.96772177803631, 10.957778193358854, 9.905598323379833, 29.237139468135712, 59.65932395354275, 41.33376287845511, 41.29657325908529, 67.60548894150386, 42.34615696129441, 62.88714348116543, 38.95257745951061, 67.95619497603784, 33.90873044739809, 63.10849642256101, 31.67104331771707], [36.02212569979923, 71.3333759694279, 6.459380104491158, 55.870898411815986, 63.711301228062766, 65.65391076086708, 69.26290251301948, 37.93324842301926, 88.51007897077388, 47.90918762723345, 47.62008987593547, 49.467789705405195, 51.175069259123035, 31.52052244055381, 70.97481357633079, 46.99386581074525, 0.0, 37.237065522550694, 37.12882315110697, 38.33526009681516, 48.39753660697439, 58.034209005781854, 37.74257488494496, 56.6221506978292, 75.72824620940953, 93.56196760612838, 86.03709356276725, 44.54623833467283, 93.19880971285309, 20.0172338735932, 75.09943936240997, 52.02281739324943, 83.18671057874639, 18.657167521725427, 76.16202127010456, 29.598632574328114], [4.419644757835673, 50.905410722168206, 37.50567464921295, 42.4604038232118, 50.95747875928544, 44.86161248835083, 42.8890520927277, 1.6829409082846047, 53.08126752502756, 42.3591378361974, 42.186695532022405, 30.41668359034059, 40.547494141028835, 23.294979138569815, 35.22643428390373, 25.516808620245712, 37.237065522550694, 0.0, 10.414754263032318, 12.429251432034599, 23.27369055528903, 40.46388007914431, 26.09901871872032, 33.94212954084479, 51.69671613014923, 56.32495375016163, 52.789513543256724, 56.18022463907153, 57.099343354101734, 22.738461101044436, 43.68735874833915, 17.936380002928612, 50.63337624315635, 18.66722355344514, 44.35567621977143, 9.189977594648767], [14.469405155108173, 61.22750075720076, 35.59004651846363, 52.751211699693286, 61.29832087326295, 55.20989248327492, 35.28444968298599, 12.050677063131332, 51.43537705163919, 51.98830951093183, 31.905583476808978, 20.348684551114975, 30.134111985303417, 31.871120613661866, 34.11675543975752, 35.9178777251475, 37.12882315110697, 10.414754263032318, 0.0, 22.69674775289417, 14.217114773599688, 50.87315465928133, 35.633894728302124, 44.302924781891996, 61.724414504365164, 58.81922337793576, 60.42349295415174, 63.817034444897075, 56.309330093676024, 18.617144717291456, 38.6244538583515, 15.053889959300864, 46.415419402409675, 19.297269132358373, 39.55968780763041, 8.6248188779623], [8.234723921956423, 39.60002885058165, 40.622106357458065, 30.058520168256845, 38.60591070545905, 33.47893070409346, 54.40521158989615, 10.966997437310647, 59.88994209182739, 30.30395518092692, 53.97147462469901, 42.84457569786331, 52.75907197506009, 13.669187184071665, 42.456189911477125, 13.421513824607961, 38.33526009681516, 12.429251432034599, 22.69674775289417, 0.0, 35.5941851071022, 28.361447967475907, 14.445300617835068, 22.635808864482765, 41.43283355060353, 58.58438536590557, 47.72972193196891, 46.29273628345721, 62.94093272633526, 29.873887540719533, 53.6113519452447, 28.23806161903066, 59.73399346385752, 22.33419168773656, 54.07042137544041, 18.33514030462057], [27.6766432147854, 71.8833002496892, 45.46976596928709, 65.37161780037076, 73.68721569432743, 66.09855822800941, 21.41823914593264, 24.63718536316763, 43.20816921177342, 65.61872481384762, 25.067760750267286, 8.617895707347145, 20.77586859194759, 45.94209675375577, 28.169835637558347, 48.12455053257448, 48.39753660697439, 23.27369055528903, 14.217114773599688, 35.5941851071022, 0.0, 62.806207486210766, 49.31592850564338, 55.442060076309176, 71.18850587960219, 55.617683908669065, 64.86443334699615, 78.03288808142113, 48.90534213597891, 28.452292860797055, 27.04011702484821, 13.248617259057474, 35.37793761723159, 32.24200716171095, 28.226633163726703, 22.575434283216158], [36.53581809798941, 13.3307929876496, 62.48327473385929, 5.972321462794339, 11.335173580845392, 8.171888907939703, 79.27172644684035, 38.8549893403051, 75.46598689677269, 16.517411850510914, 82.3321286360229, 70.61735134306868, 81.00630125919128, 26.813255516721895, 60.81487775295102, 14.96772177803631, 58.034209005781854, 40.46388007914431, 50.87315465928133, 28.361447967475907, 62.806207486210766, 0.0, 20.44998020337276, 8.632887569064172, 18.971978551203023, 65.41942343370293, 40.029807241968435, 39.20461044629766, 76.3699926891202, 56.41965892021338, 75.43281790750201, 52.855155511035775, 79.63288220816048, 47.54404206351225, 75.48028332170527, 46.48416190647437], [21.67937817677404, 33.6548960550542, 42.04099362032407, 19.424510269604866, 28.034355449097283, 27.91317312731608, 68.73410412433365, 24.886051671593506, 73.32406146627108, 16.354416193809506, 65.14287998786347, 55.97557869108238, 64.87151616780955, 6.367298663568962, 56.273769098374515, 10.957778193358854, 37.74257488494496, 26.09901871872032, 35.633894728302124, 14.445300617835068, 49.31592850564338, 20.44998020337276, 0.0, 19.377319277866118, 38.0759675497521, 69.4312040814526, 52.28382083505305, 32.47050127139917, 75.88170622453646, 36.954794967189365, 68.01095372122104, 42.67992949475933, 73.96440992206888, 27.762437370847113, 68.44009925292997, 29.177709460336903], [30.406086755090687, 17.009313709958935, 60.36089389516217, 13.850196855744368, 19.866463123812256, 10.925206239830509, 71.12169958811938, 32.27621654645683, 66.87930570942218, 22.305624024158483, 76.12389911836163, 63.50335407639473, 74.33261591077972, 25.20978034702742, 52.19630746900612, 9.905598323379833, 56.6221506978292, 33.94212954084479, 44.302924781891996, 22.635808864482765, 55.442060076309176, 8.632887569064172, 19.377319277866118, 0.0, 19.336013366542264, 57.507735163159296, 34.49646278024416, 44.87132504034888, 67.89442695812275, 52.12303604228254, 66.92882189895691, 44.87910397431574, 71.02260653109226, 43.79338579051099, 66.94771236159434, 40.9525463833203], [48.675066855839965, 7.881164527467967, 79.63946382122953, 23.766561884686286, 21.92733209241148, 10.806476737891261, 83.89630225812483, 50.01548014831409, 72.48628156509048, 34.891191709957745, 93.58547869992513, 79.63885194345063, 91.13004058524793, 44.21032569250503, 61.26312603987041, 29.237139468135712, 75.72824620940953, 51.69671613014923, 61.724414504365164, 41.43283355060353, 71.18850587960219, 18.971978551203023, 38.0759675497521, 19.336013366542264, 0.0, 57.43912130316675, 26.55267907383994, 56.89129807158753, 71.79701983896311, 71.2250084048725, 77.3551061486073, 59.16869879117112, 79.66586533585632, 63.06993612484509, 77.04474406993857, 59.49218700930115], [57.92409159832034, 63.815045789381244, 93.50259756783083, 71.18895060791094, 75.1138315256611, 61.61358542868969, 51.42259134090352, 55.67840706170207, 22.466558488886836, 79.35068737297257, 79.5064999868484, 62.453029549471104, 73.8188323801531, 71.59448793661772, 27.776180746871034, 59.65932395354275, 93.56196760612838, 56.32495375016163, 58.81922337793576, 58.58438536590557, 55.617683908669065, 65.41942343370293, 69.4312040814526, 57.507735163159296, 57.43912130316675, 0.0, 32.67546586178105, 100.9350279743987, 18.100605814853143, 77.23620430612192, 39.26515963151801, 44.58059735944637, 35.38118850477358, 74.96141084839527, 38.031061702189355, 64.48267600198682], [51.78178841533914, 33.96572388448412, 88.23766964818144, 45.95703207439677, 47.18759344922995, 33.74617427168052, 71.03205842983856, 51.36934822363014, 51.422039487138974, 56.24627505324082, 89.70746864908446, 73.36899435613614, 85.61288108158764, 56.89894172278468, 45.38686856577109, 41.33376287845511, 86.03709356276725, 52.789513543256724, 60.42349295415174, 47.72972193196891, 64.86443334699615, 40.029807241968435, 52.28382083505305, 34.49646278024416, 26.55267907383994, 32.67546586178105, 0.0, 79.02342496732926, 49.18957899692606, 75.39748305499646, 61.55716360517796, 51.616882458351704, 61.41614244845498, 69.47661383787899, 60.82965703078189, 61.94775317712144], [52.00638293590775, 49.445015001206954, 50.9716408249749, 33.50131779283499, 35.96348767603661, 46.60754282461384, 98.81849533177719, 55.38282372498562, 105.79190260144388, 22.780754765257786, 87.75431242573454, 83.0998894895111, 89.39584783267851, 33.03981828162388, 88.64562379005943, 41.29657325908529, 44.54623833467283, 56.18022463907153, 63.817034444897075, 46.29273628345721, 78.03288808142113, 39.20461044629766, 32.47050127139917, 44.87132504034888, 56.89129807158753, 100.9350279743987, 79.02342496732926, 0.0, 108.30785353081879, 56.72901063442606, 99.6028169857109, 73.88211604210753, 105.99003883250775, 48.358470995303165, 100.15184001416326, 55.63806264118681], [59.891399084184364, 77.2835429929123, 91.8917254870075, 81.72130842763177, 86.98389072320428, 74.07586798016219, 38.439234288183606, 56.9762703328423, 6.343066846014729, 88.29835762530561, 70.03614385619257, 53.88883318472376, 63.79272688559332, 76.59284937090109, 22.227150050503766, 67.60548894150386, 93.19880971285309, 57.099343354101734, 56.309330093676024, 62.94093272633526, 48.90534213597891, 76.3699926891202, 75.88170622453646, 67.89442695812275, 71.79701983896311, 18.100605814853143, 49.18957899692606, 108.30785353081879, 0.0, 74.78070201103007, 25.924494392293646, 41.26269162292978, 19.603221351800492, 74.72161231870103, 24.4921826959258, 63.63271810706876], [23.77350067882146, 68.7760529463239, 17.241858340304514, 56.32621814716889, 64.97996273859191, 62.672816733652944, 49.25050498432105, 24.064394556290896, 69.72270670649121, 51.800570136280896, 31.026768802955168, 29.653035252346736, 33.10948415425297, 31.04237734666485, 52.6527084818622, 42.34615696129441, 20.0172338735932, 22.738461101044436, 18.617144717291456, 29.873887540719533, 28.452292860797055, 56.41965892021338, 36.954794967189365, 52.12303604228254, 71.2250084048725, 77.23620430612192, 75.39748305499646, 56.72901063442606, 74.78070201103007, 0.0, 55.33263974120713, 33.613262854228424, 63.53227034458765, 9.332265768579594, 56.444080831367565, 13.55967604275113], [47.672164895072704, 80.68076934883116, 72.46251866754191, 79.62641931899618, 86.75977135569299, 75.92853111296444, 12.554161483927524, 44.30826940291671, 19.58362765655111, 83.15287354487133, 44.71458145353478, 29.667481459420188, 38.309747348500245, 66.56309928679225, 16.39046365272312, 62.88714348116543, 75.09943936240997, 43.68735874833915, 38.6244538583515, 53.6113519452447, 27.04011702484821, 75.43281790750201, 68.01095372122104, 66.92882189895691, 77.3551061486073, 39.26515963151801, 61.55716360517796, 99.6028169857109, 25.924494392293646, 55.33263974120713, 0.0, 25.774136967442374, 8.441370314513426, 57.90037821771708, 1.4516939089105036, 47.126962758558186], [21.90412130808152, 60.612587160457934, 50.643936444232786, 56.22429222904379, 64.07636513913268, 55.094184692079764, 26.55927739433751, 18.536306398620507, 36.49197542767853, 58.34437680661349, 38.22352859953214, 21.77811460990912, 34.00446533341847, 40.8512615416781, 19.06290468291097, 38.95257745951061, 52.02281739324943, 17.936380002928612, 15.053889959300864, 28.23806161903066, 13.248617259057474, 52.855155511035775, 42.67992949475933, 44.87910397431574, 59.16869879117112, 44.58059735944637, 51.616882458351704, 73.88211604210753, 41.26269162292978, 33.613262854228424, 25.774136967442374, 0.0, 32.7520684637231, 33.74796602928492, 26.42072713743281, 22.627470663990373], [54.40491000407292, 83.68678703439406, 80.71069798672781, 84.1939272218321, 90.8772477629612, 79.33490790488742, 19.754528179902074, 51.0886920948422, 13.496332694525613, 88.56426204064515, 52.75398922680455, 38.068188719041665, 46.281585576727664, 73.02473285468773, 18.846942748254772, 67.95619497603784, 83.18671057874639, 50.63337624315635, 46.415419402409675, 59.73399346385752, 35.37793761723159, 79.63288220816048, 73.96440992206888, 71.02260653109226, 79.66586533585632, 35.38118850477358, 61.41614244845498, 105.99003883250775, 19.603221351800492, 63.53227034458765, 8.441370314513426, 32.7520684637231, 0.0, 65.71018704452818, 7.161935702999258, 54.789237116023], [18.010030183958744, 60.16160747038073, 19.040149140046598, 47.177313189198216, 55.79493647822187, 54.101033078162494, 53.651715808366134, 19.493574999733294, 70.19851781303197, 42.46857795079021, 39.693691909380696, 35.550345399342, 41.03785402017505, 21.753005230556116, 52.52745652355876, 33.90873044739809, 18.657167521725427, 18.66722355344514, 19.297269132358373, 22.33419168773656, 32.24200716171095, 47.54404206351225, 27.762437370847113, 43.79338579051099, 63.06993612484509, 74.96141084839527, 69.47661383787899, 48.358470995303165, 74.72161231870103, 9.332265768579594, 57.90037821771708, 33.74796602928492, 65.71018704452818, 0.0, 58.851429464314556, 11.124854368211373], [48.28469602094441, 80.4994546517975, 73.60037579435706, 79.75261376306966, 86.79767626155335, 75.81945230005722, 13.963540419551908, 44.930428126110264, 18.149896864990726, 83.46434863638966, 46.15740815411726, 31.04052925926362, 39.756948510378606, 67.11792320738394, 15.889176593973534, 63.10849642256101, 76.16202127010456, 44.35567621977143, 39.55968780763041, 54.07042137544041, 28.226633163726703, 75.48028332170527, 68.44009925292997, 66.94771236159434, 77.04474406993857, 38.031061702189355, 60.82965703078189, 100.15184001416326, 24.4921826959258, 56.444080831367565, 1.4516939089105036, 26.42072713743281, 7.161935702999258, 58.851429464314556, 0.0, 48.021469426380754], [10.89064824103302, 57.93292235482112, 29.020343230664334, 47.52265236984403, 56.215816636569684, 51.813257758243424, 43.83858767165944, 10.580806836434256, 59.07474527379649, 45.36606099785259, 36.11298327204491, 27.619458087262803, 35.71131944103125, 24.587785539946886, 41.4238464920289, 31.67104331771707, 29.598632574328114, 9.189977594648767, 8.6248188779623, 18.33514030462057, 22.575434283216158, 46.48416190647437, 29.177709460336903, 40.9525463833203, 59.49218700930115, 64.48267600198682, 61.94775317712144, 55.63806264118681, 63.63271810706876, 13.55967604275113, 47.126962758558186, 22.627470663990373, 54.789237116023, 11.124854368211373, 48.021469426380754, 0.0]]",Route_3,1570.0310897641646
