instance_id,num_cities,city_coordinates,distance_matrix,best_route,total_distance
2514,56,"[[28.801781151145544, 43.81172161702602], [59.086474954253944, 40.16861754152521], [82.6587803743062, 12.689024902521384], [58.94309581238368, 91.46862196220621], [21.391106925415226, 80.98078185024336], [67.78891105746658, 99.54176166558291], [65.57604629884382, 34.72537278389346], [76.49909001368364, 66.38538376641942], [75.83294543280081, 6.138548195668736], [25.604912587071627, 24.036712514205572], [13.451137450632366, 56.28688665471616], [58.39862591128281, 21.450785347305168], [92.88929918215538, 96.55004017085022], [39.35184776895595, 28.625221503738107], [85.98587894184273, 23.352359796482425], [17.86500730637718, 73.31785836415835], [13.201715780259615, 27.45614542585998], [17.201682906506843, 4.514244623797092], [10.62815131793755, 31.31056760669232], [37.85502482091936, 30.7058497165957], [85.81407113642497, 59.64451073738959], [66.08370242879468, 83.80788506472517], [24.661665081078965, 98.56004644738057], [73.24220384648392, 22.32404288972295], [31.70045624720802, 75.52937037816777], [62.31373352363065, 95.46131224914228], [19.853318840613397, 30.17170075889264], [45.602038360473585, 42.34885499624961], [73.92292581280024, 3.8399668381566388], [98.62541008292764, 33.34735949231479], [56.60165269572922, 79.8688429777563], [18.524777828087156, 13.897112917351983], [48.507380698749536, 28.821012492651356], [3.1341363049931847, 62.693446231607396], [88.40091390081565, 35.07492058395364], [81.88870791458719, 48.19181913268814], [15.378159154436343, 22.32698052037072], [31.081637804796824, 29.818296426434166], [13.89559943618699, 77.40533828403218], [62.45128361365278, 81.78089402114045], [91.7416223109389, 70.61732377641037], [50.88072102944834, 91.42845307419832], [74.25687088713286, 98.27484746496697], [29.129141734442843, 38.43096716649268], [74.08022492170569, 95.28516751497095], [99.19965744519413, 43.647224612942225], [97.9264508007012, 33.1355351339368], [21.496305291121132, 80.95752640827382], [95.76130074679595, 50.78315233284377], [92.61279709683528, 11.616097975899786], [97.54431140579662, 89.74472122652601], [48.0488911044728, 61.97024990320731], [26.776541222474883, 47.086190254491], [79.55905384820184, 61.55601495511087], [93.9365595202357, 80.52758939863932], [16.040503570512364, 65.67446922051728]]","[[0.0, 30.50303076831814, 62.20288269932966, 56.38864247362411, 37.90062177722738, 68.01348147349984, 37.880183635650255, 52.769342383275074, 60.259425896067974, 20.03174864140911, 19.78059667294471, 37.09426762471773, 82.9972301420936, 18.491449140917307, 60.73389931693778, 31.4678427584746, 22.602365188646782, 40.97382063365128, 22.058097671933318, 15.928750711050407, 59.16991144741976, 54.67755247528818, 54.90464126832667, 49.36265295168138, 31.84982826088218, 61.568913944302295, 16.31334259841704, 16.86382581295717, 60.27983805286837, 70.60341374098202, 45.52964812864014, 31.630690965528512, 24.759483306041354, 31.86451814117232, 60.23610476121688, 53.267316878492444, 25.333529708685372, 14.17792985332798, 36.75221536301069, 50.73408192751343, 68.41026174739582, 52.4865001768471, 70.93939145520852, 5.390703424269522, 68.55401595014285, 70.39806848185908, 69.94427004395641, 37.857374329592474, 67.32145356946579, 71.47309939873963, 82.67633227797387, 26.46097864923962, 3.8501612468082023, 53.7695143897668, 74.77027684947679, 25.314619062192772], [30.50303076831814, 0.0, 36.20471784756537, 51.30020478653291, 55.55693949806274, 60.0075215061131, 8.470150513893335, 31.472495841585744, 37.92742929823537, 37.1652173188585, 48.39816761277947, 18.73046658139878, 65.73808442211381, 22.862753601171963, 31.723247933262112, 52.896895581516674, 47.613213205443536, 55.00518260163712, 49.26128478115418, 23.244751013353405, 33.07075465504106, 44.1966838381782, 67.78367432112105, 22.77747802049336, 44.725572794507556, 55.386797035966616, 40.486774183629045, 13.659555835043319, 39.24144666045609, 40.123022723660604, 39.777911475390844, 48.32642371387358, 15.514038017617262, 60.31610156367128, 29.753690182013855, 24.172579335886915, 47.209542273265214, 29.856323466781927, 58.5558588165597, 41.748095658728026, 44.648430658480514, 51.9124757289725, 60.05393299923151, 30.007686389801005, 57.119581747959266, 40.263732026586695, 39.47160969487482, 55.46851306681146, 38.179984229297645, 44.03703725222171, 62.743886085574545, 24.436436542075725, 33.04216442654935, 29.606540741795072, 53.323306383038634, 50.03502895213154], [62.20288269932966, 36.20471784756537, 0.0, 82.27185792922701, 91.74689028433974, 88.11646212106764, 27.88226015662675, 54.04850359241473, 9.460484540217536, 58.17141775490447, 81.79530175024864, 25.793866337979107, 84.4827402308462, 46.145994125134855, 11.170331057711348, 88.73606073799533, 71.00951816885092, 65.96558679731731, 74.39874578875266, 48.29060455273558, 47.061380236686865, 73.02482783047749, 103.62189789563577, 13.472397155593036, 80.90525209985435, 85.23598115788755, 65.19332752329116, 47.46480432771818, 12.43466861425278, 26.109386286852615, 72.05624094746632, 64.14537987454754, 37.769817624761174, 93.93940156722138, 23.110612776303256, 35.51114486668628, 67.96743470385826, 54.347157962265385, 94.42762450905157, 71.98631330771293, 58.63604546751479, 84.91020318270343, 85.99723894824224, 59.397557226168686, 83.04043827021538, 35.10001059237059, 25.51786709136153, 91.65935116583664, 40.284470764665, 10.01167424071809, 78.48031199012071, 60.220292035478884, 65.62003990301446, 48.96520214740785, 68.76960909703003, 85.12022153332508], [56.38864247362411, 51.30020478653291, 82.27185792922701, 0.0, 38.989058203310066, 11.975977288738408, 57.12961018130548, 30.61669104888141, 86.98556494731199, 75.22298101356948, 57.50889300650472, 70.01995352543574, 34.324416007166654, 65.82636235644881, 73.28804330050413, 44.90945974401744, 78.67573323178803, 96.45418233383838, 77.15779523380884, 64.31812519899017, 41.6512109081445, 10.472590542113256, 35.00721060316251, 70.6076292314206, 31.562971208955386, 5.2252056713467105, 72.70022842266711, 50.89926640655097, 88.89981161786002, 70.3758994042721, 11.833732646828489, 87.46987735315288, 63.51084255607692, 62.79053033399539, 63.623993914801325, 48.98349495380839, 81.72190824547789, 67.65370264054431, 47.19166110210839, 10.303371016763373, 38.865408482471935, 8.062474848337544, 16.758174501849542, 60.84295098029713, 15.610851918733072, 62.50981362100242, 70.16018090811625, 38.8940258919955, 54.871555960753966, 86.66068527058763, 38.639690462471684, 31.44578907181365, 54.81320532933271, 36.328801021992795, 36.66399727020757, 50.059671760148966], [37.90062177722738, 55.55693949806274, 91.74689028433974, 38.989058203310066, 0.0, 49.9726545220648, 63.96773980162911, 57.008029656199916, 92.54876400293088, 57.0997652420891, 25.938997189331836, 70.09548448458847, 73.17372001364673, 55.35063604734263, 86.56511768755729, 8.435269697939328, 54.147509930658686, 76.58121564074116, 50.82294163474597, 52.90207362204982, 67.86423787779718, 44.78192275253516, 17.880914250276476, 78.28888348546486, 11.661928248648545, 43.40906735153849, 50.83234711816101, 45.59161077879812, 93.32897372384421, 90.74183439712546, 35.22809874942906, 67.14487679631236, 58.787191145585545, 25.840735675742383, 81.22599540467486, 68.81188706566829, 58.96120717336687, 52.07212597413069, 8.304602893350017, 41.067971573420856, 71.10974812398716, 31.28563846253813, 55.622600665039094, 43.24770412781756, 54.59632409304022, 86.30159343824323, 90.25977229891797, 0.10773816282261435, 80.26719477781604, 99.41825043653388, 76.65583595540484, 32.74198806191357, 34.31976459725202, 61.3256195903666, 72.54686813078519, 16.21456637040935], [68.01348147349984, 60.0075215061131, 88.11646212106764, 11.975977288738408, 49.9726545220648, 0.0, 64.85415204982908, 34.28137413875738, 93.74895613039068, 86.48989637120738, 69.45198235294133, 78.65353162743841, 25.27805137885562, 76.40564270393455, 78.33233430299592, 56.39228023506856, 90.42177811176094, 107.6535956070402, 89.01038308367261, 75.0627758550886, 43.78009853231601, 15.826010531979177, 43.13841803169759, 77.41004130725254, 43.34710493137926, 6.828443194986125, 84.3209721918477, 61.34562652186089, 95.89817344563683, 73.02457498146514, 22.6313605280394, 98.80263499547925, 73.3021266850753, 74.41799680597985, 67.68181631914345, 53.25054806801207, 93.32207317855729, 78.7958470644294, 58.26242595048386, 18.545584008392865, 37.554699886922535, 18.754004007747533, 6.5908706518865205, 72.31256438835125, 7.596000520102092, 64.11578792281323, 72.92501781931456, 49.883656128408326, 56.21260151420122, 91.36272573301885, 31.326759348102314, 42.441570233144304, 66.58529455928162, 39.76748941618562, 32.33014486712918, 61.8457045799905], [37.880183635650255, 8.470150513893335, 27.88226015662675, 57.12961018130548, 63.96773980162911, 64.85415204982908, 0.0, 33.49132991402352, 30.371212025240244, 41.375584449831955, 56.40837706259623, 15.090726789369832, 67.5892245892462, 26.924346494868807, 23.364646218743477, 61.365488550191024, 52.87638569014228, 57.03324730645836, 55.05390138065552, 28.010919254249544, 32.102041767961154, 49.08513753209083, 75.82118537820735, 14.579538905235873, 53.03321431914183, 60.82349075291296, 45.948925288094536, 21.379393680929955, 31.993416479855057, 33.07807985909217, 46.02686869305587, 51.455206478794764, 18.061030308834503, 68.41933393461869, 22.82754399211773, 21.15296920658451, 51.706363288118126, 34.841693640409005, 67.02572672501901, 47.15915839736504, 44.41699577970083, 58.576376630704054, 64.13963242623898, 36.63479605586612, 61.153984268564066, 34.787162381839565, 32.38944666379798, 63.8782873600742, 34.19066934311612, 35.56718256854291, 63.63252845047278, 32.395748153948816, 40.72089638886413, 30.255707882072652, 53.87171574216702, 58.40904522104255], [52.769342383275074, 31.472495841585744, 54.04850359241473, 30.61669104888141, 57.008029656199916, 34.28137413875738, 33.49132991402352, 0.0, 60.25051821264038, 66.2089665586131, 63.85157763366417, 48.44321351654292, 34.329949789995666, 52.96930677753395, 44.06631725212142, 59.042483509550564, 74.31045136871539, 85.69842675592122, 74.62722890002946, 52.59651057470587, 11.49818431364401, 20.298370625075417, 61.01088052369888, 44.18154668363864, 45.722314885607474, 32.35172261074057, 67.23224099166612, 39.14565769252487, 62.59844886832368, 39.762860658445554, 24.035633632706887, 78.20511140659582, 46.846747801371016, 73.4577894810295, 33.496246305233235, 18.97508300902786, 75.34527912014343, 58.30863436641805, 63.56600058252026, 20.841367533249073, 15.819105761105199, 35.82535624061045, 31.968194218511183, 55.00328542387453, 29.000834626717772, 32.130042692181625, 39.55608959920109, 56.90038372815342, 24.78835186198718, 57.09050903578657, 31.441373857040478, 28.7907489482949, 53.336579647602036, 5.717183028747561, 22.45144367153091, 60.4627660151104], [60.259425896067974, 37.92742929823537, 9.460484540217536, 86.98556494731199, 92.54876400293088, 93.74895613039068, 30.371212025240244, 60.25051821264038, 0.0, 53.32166135375937, 80.03965153177087, 23.203881222035655, 92.00628828727648, 42.85464926029411, 19.984928537959153, 88.73185203377089, 66.15973760118771, 58.65375782949289, 69.8948906343708, 45.23134707282672, 54.42895275336079, 78.27881979712093, 105.64200524377455, 16.391527703613498, 82.23601890217975, 90.34005351336447, 60.92053032868257, 47.170902694435235, 2.9885868242179736, 35.493884783209836, 76.19710617203565, 57.830972676849385, 35.513105674084855, 92.10631542113073, 31.547860124048228, 42.48705515493128, 62.58471478799101, 50.630129475330065, 94.42028488944054, 76.81688196628592, 66.41233695936809, 88.86496146887075, 92.14977837203512, 56.78067983814553, 89.16384786027687, 44.19167384073447, 34.88495783552647, 92.46810240653082, 48.89049011910092, 17.651259826480075, 86.37925434546774, 62.362910375310804, 63.90023618285236, 55.54259181886632, 76.56023964254571, 84.37808955014417], [20.03174864140911, 37.1652173188585, 58.17141775490447, 75.22298101356948, 57.0997652420891, 86.48989637120738, 41.375584449831955, 66.2089665586131, 53.32166135375937, 0.0, 34.46430011128019, 32.89551113606626, 98.92103602023481, 14.492502946073525, 60.3848444278716, 49.88524300871391, 12.865916697453665, 21.25420009307231, 16.649695072857337, 13.947854342735658, 69.95039719346957, 72.18812572102402, 74.52930307183257, 47.66806851317457, 51.852188636620696, 80.30573442692791, 8.409453691337264, 27.114933182287924, 52.369255656202405, 73.6116920175952, 63.8594134757172, 12.3668827191776, 23.396849614642136, 44.71329610325468, 63.7587626792333, 61.248141132771714, 10.368686959430304, 7.963744825432794, 54.63806576943661, 68.49850768983453, 80.89386700275689, 71.97578195560708, 88.75986552152024, 14.81940478150421, 86.17539234570629, 76.16271171319234, 72.89165564487348, 57.068903163417204, 75.08189423948987, 68.14930852167905, 97.43110135546014, 44.07590532856198, 23.079236073995396, 65.71717747193739, 88.6590838198255, 42.72213364720968], [19.78059667294471, 48.39816761277947, 81.79530175024864, 57.50889300650472, 25.938997189331836, 69.45198235294133, 56.40837706259623, 63.85157763366417, 80.03965153177087, 34.46430011128019, 0.0, 56.86678004969603, 89.05921103595848, 37.894782146339715, 79.66160795874279, 17.593642160487207, 28.83182011207269, 51.9083139205876, 25.135348891433075, 35.354478777251636, 72.44078831083333, 59.39353710349465, 43.73437970989352, 68.76369956131263, 26.520007850420207, 62.62738151676322, 26.888489376006962, 35.042105470802476, 80.0469648766488, 88.20928876753918, 49.17393242297294, 42.692326525789966, 44.53441853395573, 12.144320411261264, 77.89362293872092, 68.91466584983905, 34.01453567668512, 31.802842819642684, 21.123128217107514, 55.235484388178044, 79.59121463931001, 51.34105002138587, 73.89401918798241, 23.76202178041883, 72.0885022568119, 86.67508141206457, 87.59031706091153, 25.949281135157754, 82.49396385995081, 90.89580693920232, 90.50463303106703, 35.061448568279786, 16.19318374908872, 66.31757175495841, 84.05661684389538, 9.738147838912464], [37.09426762471773, 18.73046658139878, 25.793866337979107, 70.01995352543574, 70.09548448458847, 78.65353162743841, 15.090726789369832, 48.44321351654292, 23.203881222035655, 32.89551113606626, 56.86678004969603, 0.0, 82.64081689897456, 20.353188737044434, 27.652712618437658, 65.82679925792785, 45.59413377908266, 44.54250245122973, 48.77738768195741, 22.532105144430986, 47.014543452701425, 62.82888098835021, 84.16662446277806, 14.869242907888042, 60.30991313500592, 74.11400785211806, 39.519552917363086, 24.504733583486647, 23.47647367034544, 41.94904815582598, 58.44568906302779, 40.583022658998686, 12.335192743871502, 68.9573845810675, 32.950786721311424, 35.593072927649246, 43.02938853804728, 28.56979315412072, 71.4942750141021, 60.46607352101965, 59.4062615387314, 70.3803443747455, 78.44374069339396, 33.838281259410195, 75.48131250584225, 46.44788574633232, 41.2187132024365, 70.02023635243158, 47.50112865857613, 35.59958687411372, 78.71750993718308, 41.82037802875896, 40.707864409982356, 45.345266041433234, 68.94210253621567, 61.23679240092084], [82.9972301420936, 65.73808442211381, 84.4827402308462, 34.324416007166654, 73.17372001364673, 25.27805137885562, 67.5892245892462, 34.329949789995666, 92.00628828727648, 98.92103602023481, 89.05921103595848, 82.64081689897456, 0.0, 86.48722272556076, 73.52249739503186, 78.53902624148802, 105.47074115348714, 119.16040835558084, 104.99088164401813, 85.81508475229714, 37.57761241301953, 29.680002258293893, 68.25723536931493, 76.78220514876398, 64.6988644278294, 30.594943108727353, 98.69315258688998, 71.9295037543643, 94.63023309777486, 63.46244411633447, 39.93814751986779, 111.18268039488767, 80.97515593379187, 95.92840151004648, 61.63875348072009, 49.59365433411658, 107.31747021000498, 90.95775188574437, 81.28052786425137, 33.831944516091504, 25.958099733901456, 42.31963247478275, 18.71209086048361, 86.27389132665186, 18.851556364679873, 53.27784263051512, 63.61424640365503, 73.07589248282493, 45.85691240548104, 84.93439226943563, 8.24508973488023, 56.62529550940351, 82.56857279609117, 37.44699242213174, 16.05663984037874, 82.81931096350131], [18.491449140917307, 22.862753601171963, 46.145994125134855, 65.82636235644881, 55.35063604734263, 76.40564270393455, 26.924346494868807, 52.96930677753395, 42.85464926029411, 14.492502946073525, 37.894782146339715, 20.353188737044434, 86.48722272556076, 0.0, 46.93118295992142, 49.58947572420691, 26.176251486836424, 32.74093782314009, 28.848948360432452, 2.563102162986861, 55.86532470870917, 61.31654272086637, 71.46104678285309, 34.47116312205549, 47.52413043763913, 70.67044094625868, 19.55976043963818, 15.07988722328781, 42.53784533743219, 59.461363729496185, 54.069071674888136, 25.508508871633815, 9.15762618476395, 49.722897741337086, 49.471299827605904, 46.8213222135196, 24.787206080365646, 8.355824353254626, 55.02290770468906, 57.957824813571015, 67.14182846660024, 63.852649235167576, 77.90655322512703, 14.165322681488789, 75.16387817219191, 61.70430212275451, 58.74799613067068, 55.29457960595285, 60.60528264010138, 55.910991821753555, 84.39168247220158, 34.46054964363258, 22.33709251344598, 51.97169015950821, 75.32162073447418, 43.77288572527035], [60.73389931693778, 31.723247933262112, 11.170331057711348, 73.28804330050413, 86.56511768755729, 78.33233430299592, 23.364646218743477, 44.06631725212142, 19.984928537959153, 60.3848444278716, 79.66160795874279, 27.652712618437658, 73.52249739503186, 46.93118295992142, 0.0, 84.48079189669093, 72.89976312460718, 71.31718031082605, 75.77677866067657, 48.68935132464607, 36.29255760950985, 63.647208622339896, 97.0404829801479, 12.785096425009698, 75.29506989422659, 75.89513484091677, 66.48322282128262, 44.62870612034607, 22.94010281480006, 16.113899788261822, 63.6988667345189, 68.12049513197668, 37.875374491466815, 91.71767735752321, 11.96874367964404, 25.175097825859574, 70.61516477525757, 55.28366875793822, 90.10401146774258, 62.990243600923584, 47.61413027405605, 76.59455978077308, 75.83501030778373, 58.822214902962116, 72.91140805053931, 24.217462300043117, 15.436572676599507, 86.47115316696136, 29.12056405081557, 13.477977806564144, 67.39097133356458, 54.13461445755233, 63.78903025893756, 38.74046138423818, 57.72538611147606, 81.75277660077539], [31.4678427584746, 52.896895581516674, 88.73606073799533, 44.90945974401744, 8.435269697939328, 56.39228023506856, 61.365488550191024, 59.042483509550564, 88.73185203377089, 49.88524300871391, 17.593642160487207, 65.82679925792785, 78.53902624148802, 49.58947572420691, 84.48079189669093, 0.0, 46.098188700777, 68.8068111671533, 42.626101878775, 47.06786675866729, 69.31115141665424, 49.3465623877414, 26.141205330573033, 75.27949995372165, 14.01108249859536, 49.659055692721, 43.191947152861786, 41.574295680112876, 89.2729950106505, 90.11039583030755, 39.28667834556653, 59.42440817202539, 54.02707043353562, 18.162507911125928, 80.23612907637032, 68.77755511088695, 51.051484180294736, 45.46307524250487, 5.697691719924797, 45.382364498559085, 73.92595708945443, 37.65675229484238, 61.6676056214966, 36.66027689272541, 60.3548951027679, 86.5775480156522, 89.57931588582736, 8.458773721898734, 81.09035397427732, 96.92439999075872, 81.35498340769786, 32.246473588905616, 27.704076388746458, 62.80522541225197, 76.41244190454432, 7.858130279100423], [22.602365188646782, 47.613213205443536, 71.00951816885092, 78.67573323178803, 54.147509930658686, 90.42177811176094, 52.87638569014228, 74.31045136871539, 66.15973760118771, 12.865916697453665, 28.83182011207269, 45.59413377908266, 105.47074115348714, 26.176251486836424, 72.89976312460718, 46.098188700777, 0.0, 23.28799152831245, 4.6346309874486655, 24.866568412861106, 79.42697911792011, 77.27886562458258, 72.02149108742158, 60.25942817245984, 51.50959479726765, 83.8849986677454, 7.184571249508903, 35.65913209333477, 65.15204708144027, 85.6265960522341, 68.04884561058549, 14.5664804304883, 35.33203698411262, 36.647285364205814, 75.58415927219289, 71.74866585893581, 5.57182540902893, 18.0352812274454, 49.95401226839386, 73.32597249076497, 89.61810215830202, 74.24394643620475, 93.50412035642155, 19.342430296233555, 91.14257574180267, 87.5088396440488, 84.91487615100343, 54.14053917517896, 85.79180800685577, 80.97547121866462, 104.85008398722518, 49.04639676826117, 23.866598956715187, 74.60628269371895, 96.61621581843397, 38.32360877828909], [40.97382063365128, 55.00518260163712, 65.96558679731731, 96.45418233383838, 76.58121564074116, 107.6535956070402, 57.03324730645836, 85.69842675592122, 58.65375782949289, 21.25420009307231, 51.9083139205876, 44.54250245122973, 119.16040835558084, 32.74093782314009, 71.31718031082605, 68.8068111671533, 23.28799152831245, 0.0, 27.59083621330744, 33.35507022284233, 88.01707823126449, 93.15005768625434, 94.3412114332102, 58.80245659406573, 72.4800835698615, 101.52076743470299, 25.79411228267795, 47.307905596707094, 56.72525052714133, 86.3780751135457, 85.03336470161666, 9.47569509775981, 39.63414788398503, 59.85578808359302, 77.48087124782887, 78.05217305992025, 17.90583142429996, 28.860841734244424, 72.9660312946914, 89.54139530545703, 99.62840779553319, 93.21135788865186, 109.75584321868318, 35.952862780734215, 107.11922789252249, 90.85734946209934, 85.64850507765658, 76.56382377733848, 91.17250339768317, 75.74478506446188, 117.12886960994378, 65.21305694626095, 43.63540382021943, 84.51156887249518, 108.01050815908249, 61.17124659651459], [22.058097671933318, 49.26128478115418, 74.39874578875266, 77.15779523380884, 50.82294163474597, 89.01038308367261, 55.05390138065552, 74.62722890002946, 69.8948906343708, 16.649695072857337, 25.135348891433075, 48.77738768195741, 104.99088164401813, 28.848948360432452, 75.77677866067657, 42.626101878775, 4.6346309874486655, 27.59083621330744, 0.0, 27.23358816744455, 80.34758784360366, 76.36286066733206, 68.69812161103428, 63.25564955429883, 48.983104776798314, 82.38153583250487, 9.295199487824368, 36.67446745841757, 68.99900278221268, 88.02082748610106, 66.86904318102579, 19.12028018776154, 37.96095234777465, 32.26523410422412, 77.86381029149639, 73.23280398529229, 10.162057438546789, 20.507851733996027, 46.2104328155667, 72.33872330446636, 90.13554380552735, 72.34935743642927, 92.37331178945911, 19.82389306576349, 90.10502249065995, 89.42653299631215, 87.31737283643955, 50.82260608263569, 87.33175074160303, 84.31698688597417, 104.73284677542509, 48.37693546200314, 22.575224615376516, 75.27454024398126, 96.76056072217504, 34.787516310173594], [15.928750711050407, 23.244751013353405, 48.29060455273558, 64.31812519899017, 52.90207362204982, 75.0627758550886, 28.010919254249544, 52.59651057470587, 45.23134707282672, 13.947854342735658, 35.354478777251636, 22.532105144430986, 85.81508475229714, 2.563102162986861, 48.68935132464607, 47.06786675866729, 24.866568412861106, 33.35507022284233, 27.23358816744455, 0.0, 56.01353608878151, 60.138875925671854, 69.12493584232031, 36.36629105463419, 45.2440793787087, 69.22064980342303, 18.009628905404984, 13.98484146224351, 44.97409415205744, 60.82776749797853, 52.615928796073916, 25.61624643834745, 10.81782312245441, 47.209601037739795, 50.73436392743261, 47.378522277653275, 23.987808136563267, 6.831289959667496, 52.487106009254205, 56.688941578674104, 67.05737208300545, 62.10397185560372, 76.75066028216112, 11.65411838165203, 74.0456170859934, 62.694841382804576, 60.12054216714657, 52.84731511609221, 61.28812994331086, 57.989932282616685, 83.95474544168226, 32.8843067257859, 19.77494260366941, 51.874451634230404, 75.01562689983963, 41.21501774104317], [59.16991144741976, 33.07075465504106, 47.061380236686865, 41.6512109081445, 67.86423787779718, 43.78009853231601, 32.102041767961154, 11.49818431364401, 54.42895275336079, 69.95039719346957, 72.44078831083333, 47.014543452701425, 37.57761241301953, 55.86532470870917, 36.29255760950985, 69.31115141665424, 79.42697911792011, 88.01707823126449, 80.34758784360366, 56.01353608878151, 0.0, 31.19545012052201, 72.48472725997873, 39.381076261633694, 56.39691553787056, 42.83817384585395, 72.24588134598402, 43.773819658446726, 57.0573961630653, 29.25184727856542, 35.530114068534, 81.36752055482764, 48.39294571996961, 82.73613256236786, 24.70539446751452, 12.106718028258351, 79.71082585340943, 62.33171198133548, 74.07910344246554, 32.18445751786606, 12.471507082778166, 47.22878296300029, 40.32210055649695, 60.52433933668372, 37.522520737925355, 20.858741193488754, 29.14507726316792, 67.75706339798597, 13.321826064592498, 48.50722736946314, 32.30512665611306, 37.836726675456184, 60.35844060023206, 6.540572578172073, 22.4070924467474, 70.03364284530124], [54.67755247528818, 44.1966838381782, 73.02482783047749, 10.472590542113256, 44.78192275253516, 15.826010531979177, 49.08513753209083, 20.298370625075417, 78.27881979712093, 72.18812572102402, 59.39353710349465, 62.82888098835021, 29.680002258293893, 61.31654272086637, 63.647208622339896, 49.3465623877414, 77.27886562458258, 93.15005768625434, 76.36286066733206, 60.138875925671854, 31.19545012052201, 0.0, 43.97057474602151, 61.89916793582641, 35.36582281524268, 12.24806232382965, 70.81022972423982, 46.24229381449753, 80.35123750606141, 60.04354568220416, 10.26768326854889, 84.55393173246124, 57.727664432363284, 66.39629057720265, 53.599997714282075, 38.96539940615443, 79.69287133953607, 64.34298881210293, 52.57937522685097, 4.159706616982688, 28.849952509134575, 17.00599012747792, 16.616067035805557, 58.52097260004712, 13.98829455017128, 52.05329119826714, 59.84686851778315, 44.678412326122626, 44.40036952477795, 76.91194307117819, 32.01587013991469, 28.322018447692773, 53.791595921998734, 26.014050419949314, 28.045355904555358, 53.22727235307628], [54.90464126832667, 67.78367432112105, 103.62189789563577, 35.00721060316251, 17.880914250276476, 43.13841803169759, 75.82118537820735, 61.01088052369888, 105.64200524377455, 74.52930307183257, 43.73437970989352, 84.16662446277806, 68.25723536931493, 71.46104678285309, 97.0404829801479, 26.141205330573033, 72.02149108742158, 94.3412114332102, 68.69812161103428, 69.12493584232031, 72.48472725997873, 43.97057474602151, 0.0, 90.39909836486314, 24.08228853920216, 37.7793648918815, 68.55717336337844, 59.984975430820036, 106.7640636640267, 98.60694759801615, 37.00707899803639, 84.88506169560091, 73.70312754732797, 41.83117863798846, 89.96139753249426, 76.23577083162938, 76.79624875553388, 69.04088821644436, 23.736677251598678, 41.347251722217834, 72.66716185614098, 27.17164917453743, 49.59602582268475, 60.29481339896204, 49.52695113515009, 92.58147928983237, 98.22471943021826, 17.884859919133742, 85.66090008299794, 110.34766204154145, 73.41382767601289, 43.42551729356028, 51.51728421083279, 66.20439290658527, 71.58338149857833, 33.99684713815775], [49.36265295168138, 22.77747802049336, 13.472397155593036, 70.6076292314206, 78.28888348546486, 77.41004130725254, 14.579538905235873, 44.18154668363864, 16.391527703613498, 47.66806851317457, 68.76369956131263, 14.869242907888042, 76.78220514876398, 34.47116312205549, 12.785096425009698, 75.27949995372165, 60.25942817245984, 58.80245659406573, 63.25564955429883, 36.36629105463419, 39.381076261633694, 61.89916793582641, 90.39909836486314, 0.0, 67.50202713070628, 73.94925038801775, 53.96256828767147, 34.1316839314402, 18.496606442142646, 27.67346504799882, 59.90252047929709, 55.36253118163915, 25.573855598463684, 80.90012274763232, 19.808366224515535, 27.274601378495717, 57.864044766616104, 42.821456829818004, 80.96893575530943, 60.428148291461554, 51.71527300830488, 72.63233040954145, 75.95758201016069, 46.96163602940583, 72.96593716182564, 33.59266997621098, 26.94810591198353, 78.20181204308551, 36.29091670791979, 22.13323218935791, 71.66687030433985, 46.97366003914147, 52.651892133167635, 39.73726495474471, 61.77304576404934, 71.77251547440504], [31.84982826088218, 44.725572794507556, 80.90525209985435, 31.562971208955386, 11.661928248648545, 43.34710493137926, 53.03321431914183, 45.722314885607474, 82.23601890217975, 51.852188636620696, 26.520007850420207, 60.30991313500592, 64.6988644278294, 47.52413043763913, 75.29506989422659, 14.01108249859536, 51.50959479726765, 72.4800835698615, 48.983104776798314, 45.2440793787087, 56.39691553787056, 35.36582281524268, 24.08228853920216, 67.50202713070628, 0.0, 36.53019370809634, 46.87934361765369, 35.97499946159239, 83.19920381914673, 79.10923769249342, 25.27648328012472, 63.02486542246933, 49.640139059850625, 31.31765610222503, 69.65274155610204, 57.150698276813834, 55.64990268604006, 45.71526241951944, 17.903412569809014, 31.3798491325171, 60.24176146254643, 24.91311677996284, 48.25355069744937, 37.18740619053152, 46.75827534687795, 74.64993892135008, 78.63281516844165, 11.558095631278782, 68.67435551606658, 88.29054115219637, 67.36088970528161, 21.239610880068447, 28.866233469552515, 49.856795184938676, 62.43648567934914, 18.5027888347516], [61.568913944302295, 55.386797035966616, 85.23598115788755, 5.2252056713467105, 43.40906735153849, 6.828443194986125, 60.82349075291296, 32.35172261074057, 90.34005351336447, 80.30573442692791, 62.62738151676322, 74.11400785211806, 30.594943108727353, 70.67044094625868, 75.89513484091677, 49.659055692721, 83.8849986677454, 101.52076743470299, 82.38153583250487, 69.22064980342303, 42.83817384585395, 12.24806232382965, 37.7793648918815, 73.94925038801775, 36.53019370809634, 0.0, 77.88209154614124, 55.67956421045911, 92.3539077707384, 71.94915553100256, 16.605811192579395, 92.57532745576594, 68.05545481414453, 67.64582596364154, 65.78037152808845, 51.16233577440644, 86.89981944043481, 72.69421799077769, 51.67527362615903, 13.681109710849839, 38.51265248864869, 12.123437128845046, 12.270065627133711, 65.98240214224643, 11.767809770231255, 63.602445402037716, 71.78278432096954, 43.317689818754666, 55.81108963865967, 89.15185477565255, 35.691357929213325, 36.402431049350376, 60.025365177120904, 38.03906226096698, 34.97169144018051, 55.03151667822821], [16.31334259841704, 40.486774183629045, 65.19332752329116, 72.70022842266711, 50.83234711816101, 84.3209721918477, 45.948925288094536, 67.23224099166612, 60.92053032868257, 8.409453691337264, 26.888489376006962, 39.519552917363086, 98.69315258688998, 19.55976043963818, 66.48322282128262, 43.191947152861786, 7.184571249508903, 25.79411228267795, 9.295199487824368, 18.009628905404984, 72.24588134598402, 70.81022972423982, 68.55717336337844, 53.96256828767147, 46.87934361765369, 77.88209154614124, 0.0, 28.482971092089564, 60.14052385371444, 78.8360778265804, 61.80813850820143, 16.328724096939947, 28.685878403187413, 36.567676891640666, 68.72273534421004, 64.59964522940439, 9.031427895823544, 11.233879177899395, 47.60788731248373, 66.91857314666197, 82.48500831737105, 68.66650850892614, 87.16527443051754, 12.419998870748776, 84.73677416637076, 80.48248997821725, 78.12936866671826, 50.812395056382606, 78.65655505458315, 75.0882951648114, 97.90217103517378, 42.498682602757384, 18.276513974098428, 67.45183444772512, 89.57701753403835, 35.70691989970074], [16.86382581295717, 13.659555835043319, 47.46480432771818, 50.89926640655097, 45.59161077879812, 61.34562652186089, 21.379393680929955, 39.14565769252487, 47.170902694435235, 27.114933182287924, 35.042105470802476, 24.504733583486647, 71.9295037543643, 15.07988722328781, 44.62870612034607, 41.574295680112876, 35.65913209333477, 47.307905596707094, 36.67446745841757, 13.98484146224351, 43.773819658446726, 46.24229381449753, 59.984975430820036, 34.1316839314402, 35.97499946159239, 55.67956421045911, 28.482971092089564, 0.0, 47.80174822388682, 53.78201251464005, 39.09911781174568, 39.276960998311026, 13.836312258139383, 47.08954339901454, 43.41260035234095, 36.75408300079246, 36.254080208839675, 19.179596720704875, 47.26790972495077, 42.88103038946588, 54.11069704131485, 49.36265226071955, 62.83960582898274, 16.93239995684169, 60.11040087119761, 53.61334288413987, 53.12936476281581, 45.51610566615435, 50.86343455471734, 56.165058453101146, 70.31619916372861, 19.773371650924943, 19.412410665390695, 39.01274015650657, 61.594169336973025, 37.65592407679628], [60.27983805286837, 39.24144666045609, 12.43466861425278, 88.89981161786002, 93.32897372384421, 95.89817344563683, 31.993416479855057, 62.59844886832368, 2.9885868242179736, 52.369255656202405, 80.0469648766488, 23.47647367034544, 94.63023309777486, 42.53784533743219, 22.94010281480006, 89.2729950106505, 65.15204708144027, 56.72525052714133, 68.99900278221268, 44.97409415205744, 57.0573961630653, 80.35123750606141, 106.7640636640267, 18.496606442142646, 83.19920381914673, 92.3539077707384, 60.14052385371444, 47.80174822388682, 0.0, 38.48244990073472, 77.97702552320622, 56.303649858552205, 35.63709549663519, 92.05859414903068, 34.42723448926437, 45.061518909698194, 61.39429434376331, 50.10239082500827, 94.94811102857228, 78.7806239178673, 69.11382889517641, 90.56868179674024, 94.43547108111754, 56.595232977464185, 91.44533596544169, 47.15433101597656, 37.87346740948741, 93.25056854183097, 51.77429173003119, 20.243011240553514, 89.09319100727666, 63.628574408913565, 63.97669434813255, 57.990586731555105, 79.25614795178005, 84.69876321121028], [70.60341374098202, 40.123022723660604, 26.109386286852615, 70.3758994042721, 90.74183439712546, 73.02457498146514, 33.07807985909217, 39.762860658445554, 35.493884783209836, 73.6116920175952, 88.20928876753918, 41.94904815582598, 63.46244411633447, 59.461363729496185, 16.113899788261822, 90.11039583030755, 85.6265960522341, 86.3780751135457, 88.02082748610106, 60.82776749797853, 29.25184727856542, 60.04354568220416, 98.60694759801615, 27.67346504799882, 79.10923769249342, 71.94915553100256, 78.8360778265804, 53.78201251464005, 38.48244990073472, 0.0, 62.69166300732755, 82.42829234827109, 50.322009960997214, 99.89882969606059, 10.369416063760154, 22.371302632757118, 83.97352880423963, 67.6359036287899, 95.49998066724383, 60.451424241038694, 37.9003531886913, 75.18622722600821, 69.3498694805973, 69.68195161840382, 66.62400601322379, 10.315860678401375, 0.7303517214416261, 90.6400948794238, 17.66946502492813, 22.54771034973055, 56.407722741918654, 58.11414739503597, 73.15063518000551, 34.04782200212229, 47.412650354234536, 88.68657625054433], [45.52964812864014, 39.777911475390844, 72.05624094746632, 11.833732646828489, 35.22809874942906, 22.6313605280394, 46.02686869305587, 24.035633632706887, 76.19710617203565, 63.8594134757172, 49.17393242297294, 58.44568906302779, 39.93814751986779, 54.069071674888136, 63.6988667345189, 39.28667834556653, 68.04884561058549, 85.03336470161666, 66.86904318102579, 52.615928796073916, 35.530114068534, 10.26768326854889, 37.00707899803639, 59.90252047929709, 25.27648328012472, 16.605811192579395, 61.80813850820143, 39.09911781174568, 77.97702552320622, 62.69166300732755, 0.0, 76.17163229739091, 51.685570872315026, 56.15843269163812, 54.933491574915664, 40.5323204532209, 70.78447820542083, 56.181210116189874, 42.77704805597107, 6.154195403822794, 36.33741972252201, 12.897815501549847, 25.504660957740434, 49.717566415379856, 23.305869417282043, 55.91596950426302, 62.38382002123546, 35.12222441717078, 48.77966211214431, 77.17019969758897, 42.1169119645966, 19.837070471346422, 44.31974271096642, 29.366680743021316, 37.34071791545533, 42.9730969877466], [31.630690965528512, 48.32642371387358, 64.14537987454754, 87.46987735315288, 67.14487679631236, 98.80263499547925, 51.455206478794764, 78.20511140659582, 57.830972676849385, 12.3668827191776, 42.692326525789966, 40.583022658998686, 111.18268039488767, 25.508508871633815, 68.12049513197668, 59.42440817202539, 14.5664804304883, 9.47569509775981, 19.12028018776154, 25.61624643834745, 81.36752055482764, 84.55393173246124, 84.88506169560091, 55.36253118163915, 63.02486542246933, 92.57532745576594, 16.328724096939947, 39.276960998311026, 56.303649858552205, 82.42829234827109, 76.17163229739091, 0.0, 33.491480311169774, 51.16594562214498, 73.014888413378, 72.04938938258312, 8.997992936304902, 20.277051482021825, 63.67671459653896, 80.85632719507113, 92.61689174185314, 84.01199775607246, 101.12204647914275, 26.727561395991557, 98.5414792509066, 85.985494981042, 81.69909767086496, 67.12621718104616, 85.59240840362797, 74.12312478794672, 109.53057277792644, 56.41542133510715, 34.199509552149316, 77.43741855682075, 100.63079654910645, 51.836919703352166], [24.759483306041354, 15.514038017617262, 37.769817624761174, 63.51084255607692, 58.787191145585545, 73.3021266850753, 18.061030308834503, 46.846747801371016, 35.513105674084855, 23.396849614642136, 44.53441853395573, 12.335192743871502, 80.97515593379187, 9.15762618476395, 37.875374491466815, 54.02707043353562, 35.33203698411262, 39.63414788398503, 37.96095234777465, 10.81782312245441, 48.39294571996961, 57.727664432363284, 73.70312754732797, 25.573855598463684, 49.640139059850625, 68.05545481414453, 28.685878403187413, 13.836312258139383, 35.63709549663519, 50.322009960997214, 51.685570872315026, 33.491480311169774, 0.0, 56.62219595013522, 40.380754794317646, 38.59457418571316, 33.75970632853889, 17.454257092489637, 59.65242756812591, 54.76478320975851, 60.13427711970974, 62.65240905581568, 74.07341923607483, 21.6302421204909, 71.21414371094069, 52.81593971117041, 49.60705187131944, 58.71809157278941, 52.10823875614421, 47.342336646782236, 78.20689777160153, 33.15240796095304, 28.38742860872077, 45.119694054787736, 68.82863055247734, 49.114920169463126], [31.86451814117232, 60.31610156367128, 93.93940156722138, 62.79053033399539, 25.840735675742383, 74.41799680597985, 68.41933393461869, 73.4577894810295, 92.10631542113073, 44.71329610325468, 12.144320411261264, 68.9573845810675, 95.92840151004648, 49.722897741337086, 91.71767735752321, 18.162507911125928, 36.647285364205814, 59.85578808359302, 32.26523410422412, 47.209601037739795, 82.73613256236786, 66.39629057720265, 41.83117863798846, 80.90012274763232, 31.31765610222503, 67.64582596364154, 36.567676891640666, 47.08954339901454, 92.05859414903068, 99.89882969606059, 56.15843269163812, 51.16594562214498, 56.62219595013522, 0.0, 89.62815584695224, 80.07858476475954, 42.182551482267314, 43.14902449411931, 18.22769476610367, 62.31255594144227, 88.96108369190934, 55.7264476805522, 79.52659610577338, 35.55851793399504, 78.07411726188697, 97.93540171912149, 99.29377118385128, 25.89876202784254, 93.38975689701573, 103.0307053355279, 98.20922890143815, 44.9205767063023, 28.329309017648104, 76.43338126365335, 92.53721804907582, 13.246162238658949], [60.23610476121688, 29.753690182013855, 23.110612776303256, 63.623993914801325, 81.22599540467486, 67.68181631914345, 22.82754399211773, 33.496246305233235, 31.547860124048228, 63.7587626792333, 77.89362293872092, 32.950786721311424, 61.63875348072009, 49.471299827605904, 11.96874367964404, 80.23612907637032, 75.58415927219289, 77.48087124782887, 77.86381029149639, 50.73436392743261, 24.70539446751452, 53.599997714282075, 89.96139753249426, 19.808366224515535, 69.65274155610204, 65.78037152808845, 68.72273534421004, 43.41260035234095, 34.42723448926437, 10.369416063760154, 54.933491574915664, 73.014888413378, 40.380754794317646, 89.62815584695224, 0.0, 14.644516186780054, 74.1271386646926, 57.55980811039117, 85.69075881410042, 53.43062105904854, 35.69905821414098, 67.70144383418766, 64.76329755763167, 59.36670804757983, 61.8898696745314, 13.787576237420042, 9.720960300033031, 81.12607577373844, 17.347156516251292, 23.833932076202856, 55.42913331662961, 48.49375715437688, 62.784025891124585, 27.918217140142435, 45.78851902825974, 78.56437716886252], [53.267316878492444, 24.172579335886915, 35.51114486668628, 48.98349495380839, 68.81188706566829, 53.25054806801207, 21.15296920658451, 18.97508300902786, 42.48705515493128, 61.248141132771714, 68.91466584983905, 35.593072927649246, 49.59365433411658, 46.8213222135196, 25.175097825859574, 68.77755511088695, 71.74866585893581, 78.05217305992025, 73.23280398529229, 47.378522277653275, 12.106718028258351, 38.96539940615443, 76.23577083162938, 27.274601378495717, 57.1506