instance_id,num_cities,city_coordinates,distance_matrix,best_route,total_distance
1816,55,"[[73.26153477764716, 18.427367688482242], [4.380841271442404, 8.280265360020788], [39.64041463490702, 47.646043785821824], [81.29489437445143, 1.0401825143176224], [92.24137237893312, 31.599485061653375], [22.02628189070972, 52.519543431892515], [27.427683068819697, 29.35510320139667], [4.391453862639738, 71.77592226824852], [50.39039922499112, 24.40498508239517], [83.04941385029556, 1.1569431275975428], [45.414285199585656, 51.67422825809174], [31.099259901989697, 5.788530403578118], [73.20638180085068, 8.161881283917893], [80.26441862209678, 82.45100045621712], [59.382464205735964, 40.485973645890894], [74.22601601766418, 49.60142399663459], [37.58963702480691, 9.156725196619908], [29.545196732875702, 97.28299616907324], [32.131431561375976, 15.170196523202739], [4.9515329284036795, 31.705792311096825], [82.91339368046985, 34.86731278932944], [87.8808223373891, 27.953717025202675], [43.743863479354694, 91.85369763491879], [15.612841447004522, 36.22670009854636], [80.66673362366741, 14.611825851253224], [97.47173973655819, 0.6917071053706314], [33.69243899117214, 43.68094215390479], [56.904043463186994, 32.0265226414009], [24.16654938255669, 71.28026683520845], [72.46498732320468, 51.72497922972528], [75.77118863825423, 20.64713682698367], [39.50014706738011, 72.25803978147496], [1.2434390563474507, 56.514907405676716], [54.47891045070799, 75.3010977038709], [0.43804018098934083, 28.638273648534252], [9.000188243430662, 88.70902838289832], [25.453190580965934, 5.097804028131369], [68.13832296754467, 11.760437571985449], [82.56086719392874, 30.11887244112267], [8.613770127318976, 65.41550046245916], [97.19660516127206, 76.57874439567287], [93.20572976591599, 10.719568014316906], [29.354290717102515, 99.88048748934739], [67.09738635176204, 27.916561415379082], [20.29405764563268, 22.99727351570836], [62.869102827317256, 29.935157631613574], [79.31328790834371, 48.43961120335813], [71.52005299953761, 45.190018953667774], [76.0930773123531, 5.379925407252784], [74.59434340821535, 90.95799591307596], [30.294335985888278, 78.10801652883646], [79.3380543649211, 19.783566250956675], [10.874352506677742, 0.4613170297330216], [30.05834322171622, 85.27732990272379], [43.037520356959135, 79.48172867761926]]","[[0.0, 69.62408795495985, 44.543358119183274, 19.153304537135554, 23.102790122922066, 61.54126733589423, 47.11854588065083, 87.11576390636755, 23.63938982241245, 19.851199995315095, 43.368456818267134, 44.01587930059763, 10.265634562614482, 64.40548062794524, 26.061671027091027, 31.188972582728624, 36.85687319213354, 90.16278808418541, 41.25887243467821, 69.58859757964737, 19.063844711885046, 17.449209163731734, 79.13734168063141, 60.33397116860815, 8.330385913074178, 30.01145915266066, 46.940988108899845, 21.272154040814293, 72.1369984069074, 33.307137706484184, 3.3504831783346347, 63.54189608523085, 81.46942244198834, 59.894975936803306, 73.53586856626143, 95.23146795233018, 49.631794670389354, 8.408047123406574, 14.938837530729064, 79.92007317232077, 62.88457845299331, 21.381793412788156, 92.53354422200808, 11.315543442668597, 53.164251833353134, 15.505865703580447, 30.616310632587748, 26.819251695851328, 13.351156624347688, 72.54287290630245, 73.53883340124588, 6.226023195859592, 64.922565321958, 79.59543459686607, 68.12581040614353], [69.62408795495985, 0.0, 52.84791410115262, 77.25406374000748, 90.90246935030616, 47.62851350786081, 31.22988483606089, 63.495657795115875, 48.75331793023001, 78.99041733793551, 59.722521184250375, 26.83435553931443, 68.82564234320444, 106.1113342496591, 63.73685097022577, 81.15285938525184, 33.22035967947746, 92.49178816120933, 28.593118278235085, 23.43247750245191, 82.91099371545941, 85.78631323489607, 92.37946795445164, 30.119114238942956, 76.54819416700434, 93.39968733045478, 45.960610073717504, 57.641751390362714, 66.03388850682549, 80.76443590354724, 72.4535796702581, 72.98302035070252, 48.336569861046634, 83.67561474858098, 20.736301066344033, 80.56130763485538, 21.311310742222034, 63.85239283577199, 81.1729093508628, 57.29182120433787, 115.23648842721654, 88.85837615832804, 94.94352990781897, 65.71871232446239, 21.675349695595965, 62.36835013949557, 85.0155551505537, 76.61594913471825, 71.77086295864717, 108.46908781636458, 74.4810314214945, 75.83475275972475, 10.163741493851436, 81.16576898298622, 81.01843750954437], [44.543358119183274, 52.84791410115262, 0.0, 62.50761543388782, 54.994116071421736, 18.27590411253174, 21.993392638887634, 42.71697872159871, 25.606815076130992, 63.60485589082105, 7.040159901614371, 42.72005092127521, 51.82348155288261, 53.494810110694885, 21.000360131811977, 34.640833344130336, 38.543914360987934, 50.65313876144955, 33.33264889299287, 38.17604132339096, 45.12035772640146, 52.10493900340629, 44.39769083252615, 26.60311417011416, 52.67274821305696, 74.49276405204759, 7.1484575406093365, 23.28094330351826, 28.249194767215098, 33.077035636901755, 45.1040331572793, 24.612395695676316, 39.40792401901026, 31.38443826621315, 43.56743610102778, 51.234677488402966, 44.85119878927023, 45.824747818945504, 46.36126597945399, 35.75480750868524, 64.41906730531349, 65.06003072538346, 53.237594369667114, 33.81032047268685, 31.334380552123147, 29.210399578019203, 39.680809253546514, 31.974105151446917, 55.814168264580296, 55.65700615163437, 31.86347390837682, 48.499693344544546, 55.26196494345734, 38.832071633890806, 32.01642015929668], [19.153304537135554, 77.25406374000748, 62.50761543388782, 0.0, 32.46068934699636, 78.50409560163013, 60.85565863057565, 104.48772196334649, 38.74276473728042, 1.7584003048026005, 62.05823638440003, 50.41972359871118, 10.7769489661139, 81.4173394200848, 45.12344217692769, 49.073039599427275, 44.4525340685128, 109.27355757994943, 51.153722950181674, 82.27203936387022, 33.86582765334701, 27.70763048334529, 98.27092372540399, 74.5132410814962, 13.586172705873205, 16.180598288696117, 63.9079661791716, 39.43433634089486, 90.53903714375805, 51.44818632970317, 20.370173845087127, 82.5759292783747, 97.39445877624853, 78.95429385782948, 85.43702654186481, 113.63252646359497, 55.9889290387728, 16.9711295937097, 29.106234642064724, 97.09133526093574, 77.19416258403885, 15.347915277983557, 111.65676063654497, 30.395871049992156, 64.83221365077208, 34.269948660124854, 47.44083266800823, 45.21897368943813, 6.774383302140389, 90.16712565932804, 92.41486890990359, 18.84525554938972, 70.42292100019787, 98.59554337881058, 87.2737236011142], [23.102790122922066, 90.90246935030616, 54.994116071421736, 32.46068934699636, 0.0, 73.26532450268418, 64.8525371278762, 96.60100563625033, 42.46486528747643, 31.80000724841019, 50.94871350785176, 66.366884049987, 30.19357774676277, 52.24293291170538, 34.03935260389637, 25.468075511163107, 59.080366007473295, 90.80272062025361, 62.314737478143066, 87.28990418445017, 9.883819335497437, 5.683838600841435, 77.34712989044225, 76.76811103435583, 20.55608979751723, 31.34720850236249, 59.78243225493912, 35.33990911128867, 78.79559612153767, 28.215969261776838, 19.77930444442362, 66.59395557607857, 94.34724235271959, 57.75668340903136, 91.85107824995418, 100.94847534580094, 71.85402094163454, 31.217700047010712, 9.793078901396202, 90.20586874445428, 45.25138784793397, 20.902175032122386, 92.82823025606223, 25.41227970723723, 72.459741517713, 29.41938484073322, 21.230290072140395, 24.780550605119814, 30.793387959560473, 61.9261692823947, 77.4627576136764, 17.49604392746266, 87.12162436086754, 82.14645544361191, 68.65659696998547], [61.54126733589423, 47.62851350786081, 18.27590411253174, 78.50409560163013, 73.26532450268418, 0.0, 23.78584507389011, 26.11120995796369, 39.9368444339331, 79.76176618014291, 23.40327448283786, 47.603639657547824, 67.72743032218091, 65.47955932611892, 39.246543273873826, 52.28123625128966, 46.071162654477476, 45.39053625324949, 38.69221839559243, 26.921353752071884, 63.39433435849761, 70.28727000308768, 44.931381426870246, 17.509681956275383, 69.82619588391488, 91.5321895720759, 14.63625956465367, 40.452715031578464, 18.88241212219411, 50.44496345501068, 62.484920613624, 26.36179436902833, 21.163399763762335, 39.65062818544382, 32.19265796082782, 38.46242239805964, 47.54540010610475, 61.54368402013991, 64.54630956661596, 18.606482191357838, 78.92669162974218, 82.54545259872971, 47.92451079951741, 51.3489160688322, 29.573045528644233, 46.67108852422052, 57.43210692159801, 50.03354182595854, 71.7311784001544, 65.12231354041757, 26.89108911802984, 66.00214743572005, 53.23931315414326, 33.72812748572957, 34.182328403876824], [47.11854588065083, 31.22988483606089, 21.993392638887634, 60.85565863057565, 64.8525371278762, 23.78584507389011, 0.0, 48.272080402052694, 23.490210783663972, 62.3611511012632, 28.664633252614067, 23.850866438700965, 50.44642616520578, 74.90590717174035, 33.83791238182898, 50.9901703520844, 22.610612159502757, 67.96088954057022, 14.944458081519592, 22.59874032827905, 55.75884267648571, 60.46938010795113, 64.59328176641134, 13.667820838213146, 55.24274369548351, 75.68196714033694, 15.635754809405553, 29.5971671604405, 42.05180541476874, 50.28687828872294, 49.12151472745782, 44.56911884018751, 37.72624549195847, 53.317945512632186, 26.999160502142818, 62.1487007104013, 24.337526245818175, 44.350067187936055, 55.13847418295802, 40.67327833843753, 84.24829243129162, 68.36691158004923, 70.5516948484836, 39.69577762214522, 9.555658532542886, 35.44616619100062, 55.284124622174936, 46.84956395729635, 54.250619785762304, 77.58614720437268, 48.83711966178793, 52.78542381844393, 33.29960408223143, 55.98406748419287, 52.500910485397064], [87.11576390636755, 63.495657795115875, 42.71697872159871, 104.48772196334649, 96.60100563625033, 26.11120995796369, 48.272080402052694, 0.0, 66.02960445371947, 105.7076860227645, 45.683156556629115, 71.18737801420353, 93.71360903037116, 76.62025891178556, 63.2698356513141, 73.27055646698598, 70.87512403632364, 35.823478325870035, 63.037405957492595, 40.07404401034331, 86.76370489105621, 94.29135867446236, 44.178379398934396, 37.27823408088666, 95.31868768397189, 117.11919255054956, 40.59403450173248, 65.860358617687, 19.781306254394366, 70.96510603487293, 87.80215963936176, 35.11200330145152, 15.58231599783142, 50.21135498384342, 43.31842804368825, 17.549088730833713, 69.92544748255197, 87.55296524964344, 88.57633420309033, 7.634325129737113, 92.92934524653509, 107.77687135468756, 37.59002274659494, 76.52239870621268, 51.305451768818386, 71.90469396231606, 78.47206274139437, 72.20151713873166, 97.72180516389288, 72.77635364501215, 26.665609312668618, 91.21511942149385, 71.6086649446432, 29.001331305361497, 39.40682565117439], [23.63938982241245, 48.75331793023001, 25.606815076130992, 38.74276473728042, 42.46486528747643, 39.9368444339331, 23.490210783663972, 66.02960445371947, 0.0, 40.08843587654525, 27.71954787093597, 26.808961956552906, 28.007275517444285, 65.28243971939635, 18.42431615548371, 34.68424947791369, 19.90901661182209, 75.8005736580355, 20.461456934293192, 46.02165095376102, 34.16438890714109, 37.65800477386617, 67.77540307818892, 36.7318862968442, 31.820785539438997, 52.715957515554656, 25.502635099002646, 10.02573668241478, 53.7120316127046, 35.1236319294566, 25.65747249342982, 49.076597641742374, 58.70665043609133, 51.06006466917911, 50.13141635885695, 76.47326035871016, 31.53778075923808, 21.79158963716288, 32.67395779651843, 58.5418577643632, 70.09223976325319, 44.94934003582146, 78.3522132727437, 17.072041096379248, 30.129245399053783, 13.649207010622852, 37.605807298395824, 29.639161622120085, 31.97781350413575, 70.81761196661003, 57.33992801048395, 29.314232893184997, 46.20408194153412, 64.17814943768086, 55.56538952173384], [19.851199995315095, 78.99041733793551, 63.60485589082105, 1.7584003048026005, 31.80000724841019, 79.76176618014291, 62.3611511012632, 105.7076860227645, 40.08843587654525, 0.0, 62.99523002189242, 52.15620860403587, 12.081160478210359, 81.34174792423615, 45.900949303766794, 49.241446729187196, 46.15829093646218, 110.01326884826487, 52.811099127969015, 83.86006910876111, 33.71064407894358, 27.228837641157785, 98.84749651925367, 76.01038844464438, 13.66422460916436, 14.42982773722329, 65.14907106347351, 40.45381727399927, 91.5667639251737, 51.66387867875852, 20.80481224805417, 83.37808214820944, 98.77611918374382, 79.45834960742742, 87.06240627693855, 114.66758672583912, 57.730887049549345, 18.296850159134554, 28.96604956491432, 98.33527976881747, 76.7371561142998, 13.94971496848553, 112.38106806591203, 31.153560827323446, 66.44723292836171, 35.14869247956883, 47.43004677856301, 45.51744641707661, 8.137825100319834, 90.19821116608034, 93.29826331761237, 18.992769103249163, 72.17841350170443, 99.41978192271355, 87.95296272655622], [43.368456818267134, 59.722521184250375, 7.040159901614371, 62.05823638440003, 50.94871350785176, 23.40327448283786, 28.664633252614067, 45.683156556629115, 27.71954787093597, 62.99523002189242, 0.0, 48.06679952801651, 51.63065923165172, 46.49453200648578, 17.896565760371224, 28.88619653467259, 43.23150686295048, 48.29065830077328, 38.845572896739256, 45.1217547922095, 41.09325424489088, 48.64225970929039, 40.214177451824156, 33.56712939734651, 51.15033520964426, 72.86423015414778, 14.187822288042888, 22.7606432456585, 28.91129582079718, 27.050749731604274, 43.40762593207543, 21.416589987133147, 44.43529929706208, 25.30605442875632, 50.53234430289577, 51.93806770969277, 50.673549238460964, 45.92921270187344, 42.94766487550396, 39.282317540830604, 57.459930252842334, 62.93890982071151, 50.81108985101982, 32.16494379576686, 38.123399188150614, 27.879344506648206, 34.05297537865317, 26.89899780156478, 55.5369315135757, 48.935571910725656, 30.45255369533644, 46.56003047288835, 61.771912929051815, 36.94554633737558, 27.908889098263455], [44.01587930059763, 26.83435553931443, 42.72005092127521, 50.41972359871118, 66.366884049987, 47.603639657547824, 23.850866438700965, 71.18737801420353, 26.808961956552906, 52.15620860403587, 48.06679952801651, 0.0, 42.173955339839154, 91.07330644346395, 44.764407884400384, 61.47753035099373, 7.312300004804431, 91.50766294713767, 9.43827513450168, 36.8158673762838, 59.41615979051591, 60.95442010696686, 86.98907408512488, 34.15130057468659, 50.346648286714924, 66.56788780728552, 37.981040612980415, 36.801074594531705, 65.85764963902366, 61.81650860282789, 47.078226409493865, 66.99828790427362, 58.86030378893847, 73.33897376196312, 38.23900052485524, 85.81478866319355, 5.688163297897094, 37.51740753306701, 56.92330426752879, 63.725762520424325, 96.85098578420016, 62.301915948687366, 94.10813623532479, 42.25535308517755, 20.319774489400043, 39.904667972427596, 64.37163342643134, 56.447478372356215, 44.99567271638622, 95.63294486936542, 72.32396543285044, 50.22790379466729, 20.914733598098216, 79.49561467999762, 74.65393180903352], [10.265634562614482, 68.82564234320444, 51.82348155288261, 10.7769489661139, 30.19357774676277, 67.72743032218091, 50.44642616520578, 93.71360903037116, 28.007275517444285, 12.081160478210359, 51.63065923165172, 42.173955339839154, 0.0, 74.62364981134427, 35.15604705739659, 41.452085040142045, 35.630636015267555, 99.24148426899418, 41.66854952681357, 72.20138600509202, 28.41489312880299, 24.638505779985927, 88.72632140449726, 64.06754205982956, 9.861979225383894, 25.389192543399993, 53.13149124062283, 28.90133807277697, 79.93019303251883, 43.569406335265704, 12.745973485334366, 72.41842164844367, 86.69879043896829, 69.70217044436781, 75.59440578756183, 103.00620465252409, 47.851393303772305, 6.215692052880486, 23.8666264404268, 86.3144390693069, 72.50102050961439, 20.162234014082397, 101.66271989615463, 20.677698433175127, 54.952733418620184, 24.10259113642723, 40.73806364653464, 37.066517021647556, 4.009026000893456, 82.80774743409098, 82.06037723363129, 13.140052127220395, 62.80589594745436, 88.36597562923282, 77.43823882993193], [64.40548062794524, 106.1113342496591, 53.494810110694885, 81.4173394200848, 52.24293291170538, 65.47955932611892, 74.90590717174035, 76.62025891178556, 65.28243971939635, 81.34174792423615, 46.49453200648578, 91.07330644346395, 74.62364981134427, 0.0, 46.873441258759414, 33.399954784208575, 84.81266279398375, 52.84342500135873, 82.72539526203693, 90.81358324173134, 47.657364602334034, 55.02693437685439, 37.711558734271776, 79.47648944677333, 67.84036754354494, 83.55042758218512, 60.597580046631876, 55.5727909184153, 57.199267677550495, 31.700465438175584, 61.96698052340929, 42.01930845103859, 83.16848041329638, 26.75842934525056, 96.27076535221485, 71.53847527725708, 94.8039435731387, 71.72306377109709, 52.382490382104805, 73.6479713893026, 17.92156054137103, 72.88947752788486, 53.81104107468032, 56.10147752338539, 84.44637258499613, 55.32188318539571, 34.02468586988182, 38.27328928475209, 77.18387589079384, 10.22343996089817, 50.15845559886183, 62.67428069477638, 107.41177525707927, 50.28556597323818, 37.34512725025965], [26.061671027091027, 63.73685097022577, 21.000360131811977, 45.12344217692769, 34.03935260389637, 39.246543273873826, 33.83791238182898, 63.2698356513141, 18.42431615548371, 45.900949303766794, 17.896565760371224, 44.764407884400384, 35.15604705739659, 46.873441258759414, 0.0, 17.419025962730256, 38.16345273863449, 64.1573401704426, 37.195528649416914, 55.13454329174711, 24.192436664502313, 31.132199925587404, 53.69552030190344, 43.976371923940825, 33.503606503686214, 55.085175500862874, 25.887935786619327, 8.815037190758966, 46.78086307308863, 17.24725072678437, 25.732658915321014, 37.4802710944583, 60.30815005284801, 35.15875001476854, 60.12331593347536, 69.74121263148714, 49.02568875191693, 30.030342745130056, 25.391241648902692, 56.55918674915586, 52.27425137294144, 45.056100556726605, 66.55373376275755, 14.748225233558902, 42.822402544128366, 11.111992055641196, 21.459219087841575, 13.017261769859168, 38.8803191001904, 52.71457389195184, 47.5556233690664, 28.754395325709666, 62.88887054041962, 53.53661986726423, 42.28269267577735], [31.188972582728624, 81.15285938525184, 34.640833344130336, 49.073039599427275, 25.468075511163107, 52.28123625128966, 50.9901703520844, 73.27055646698598, 34.68424947791369, 49.241446729187196, 28.88619653467259, 61.47753035099373, 41.452085040142045, 33.399954784208575, 17.419025962730256, 0.0, 54.5710356025262, 65.34453257002764, 54.38256582651087, 71.54863828689308, 17.104518810111266, 25.594471136364227, 52.10005999011147, 60.11977605248307, 35.577448217312536, 54.15278457843827, 40.963678689940146, 24.6764643096262, 54.55201578870413, 2.7587513281730525, 28.99548764773638, 41.463335769980944, 73.30929540489132, 32.41020528986086, 76.70801164539965, 76.05138611272308, 66.02545487446184, 38.327539188721126, 21.19055353792483, 67.49112404784846, 35.43195988816881, 43.26694186784261, 67.39032539729506, 22.826533378538123, 60.136818644274044, 22.709942975556604, 5.218251072564344, 5.1752034074596205, 44.2608953294985, 41.358212071442566, 52.37001363577562, 30.25289368978296, 80.17595264371842, 56.776347033162075, 43.19206951983537], [36.85687319213354, 33.22035967947746, 38.543914360987934, 44.4525340685128, 59.080366007473295, 46.071162654477476, 22.610612159502757, 70.87512403632364, 19.90901661182209, 46.15829093646218, 43.23150686295048, 7.312300004804431, 35.630636015267555, 84.81266279398375, 38.16345273863449, 54.5710356025262, 0.0, 88.49267006436588, 8.121197219416679, 39.669966810432776, 52.10832209680273, 53.68920023569256, 82.92565196436276, 34.86779438191413, 43.421128204363136, 60.4774565971975, 34.74348441113878, 29.934494003277376, 63.55716881338387, 55.03041259033903, 39.87305409729157, 63.13023008796669, 59.69793571731498, 68.26657726320275, 41.949635017838254, 84.53357631062642, 12.79719396337434, 30.659444400733275, 49.61676289344508, 63.282309193590145, 89.99288484818696, 55.63804677970348, 91.09677257375884, 34.966251233111755, 22.151700698464193, 32.72299872743766, 57.306266464232785, 49.4941550811807, 38.68822987195975, 89.78193685452104, 69.33615214034198, 43.07969476677481, 28.094777985834934, 76.49226658408939, 70.53570406115837], [90.16278808418541, 92.49178816120933, 50.65313876144955, 109.27355757994943, 90.80272062025361, 45.39053625324949, 67.96088954057022, 35.823478325870035, 75.8005736580355, 110.01326884826487, 48.29065830077328, 91.50766294713767, 99.24148426899418, 52.84342500135873, 64.1573401704426, 65.34453257002764, 88.49267006436588, 0.0, 82.15351773521947, 70.03726126254506, 82.12114208410416, 90.60681078858634, 15.201296653593076, 62.62572804897025, 97.20048320761879, 118.08425960905579, 53.76225267782254, 70.75954940275176, 26.553187758333767, 62.59106431243686, 89.49802939024221, 26.932312904086892, 49.6288882507064, 33.23994494425771, 74.56087776077891, 22.26230665114767, 92.2759674260294, 93.82716782231792, 85.56682085118287, 38.12691834327651, 70.74870390220623, 107.45180575474046, 2.604497315367768, 78.87882615513054, 74.85954958817321, 75.1412940603161, 69.7319091532617, 66.89967738167113, 103.01883129745488, 45.491001796120415, 19.18960796430973, 92.11672111402035, 98.60546625557986, 12.016627722367474, 22.33669449760408], [41.25887243467821, 28.593118278235085, 33.33264889299287, 51.153722950181674, 62.314737478143066, 38.69221839559243, 14.944458081519592, 63.037405957492595, 20.461456934293192, 52.811099127969015, 38.845572896739256, 9.43827513450168, 41.66854952681357, 82.72539526203693, 37.195528649416914, 54.38256582651087, 8.121197219416679, 82.15351773521947, 0.0, 31.814663565080647, 54.468193157717266, 57.19626708380251, 77.5577714855207, 26.762663585395774, 48.538513822377844, 66.92520099521599, 28.553447438347522, 29.9636117756321, 56.67256248433361, 54.4338852105343, 43.98210173263808, 57.56144383256454, 51.60865430280139, 64.14931869870809, 34.43632034123628, 77.090947644471, 12.0851972746496, 36.16797872208276, 52.59839246513891, 55.47676060545703, 89.46779625871015, 61.23624739728249, 84.75580161167623, 37.21676789254848, 14.191073090775435, 34.09997817280763, 57.73198005876846, 49.52426917739885, 45.03860239459267, 86.87283475789265, 62.96462584034804, 47.43151290820422, 25.849846148306266, 70.13777759494513, 65.22971670079286], [69.58859757964737, 23.43247750245191, 38.17604132339096, 82.27203936387022, 87.28990418445017, 26.921353752071884, 22.59874032827905, 40.07404401034331, 46.02165095376102, 83.86006910876111, 45.1217547922095, 36.8158673762838, 72.20138600509202, 90.81358324173134, 55.13454329174711, 71.54863828689308, 39.669966810432776, 70.03726126254506, 31.814663565080647, 0.0, 78.02593763396143, 83.01412597160967, 71.57244878036309, 11.580246394244499, 77.62084324235549, 97.58002945773138, 31.13589399819097, 51.953500544347804, 43.99267997284242, 70.4189915378079, 71.67787312677514, 53.273741316174444, 25.08469955849766, 65.98114712951033, 5.457223426444213, 57.146833092634516, 33.59022189520771, 66.26000008390794, 77.62555687279622, 33.90805811235941, 102.5803839924172, 90.71507520621434, 72.41052168256546, 62.261267000428155, 17.641750602148782, 57.94462917444315, 76.2213309934669, 67.9204846317308, 75.8562496144672, 91.43820144347414, 52.87177015349338, 75.33587489141247, 31.800896644034115, 59.1630084008199, 61.0989568986745], [19.063844711885046, 82.91099371545941, 45.12035772640146, 33.86582765334701, 9.883819335497437, 63.39433435849761, 55.75884267648571, 86.76370489105621, 34.16438890714109, 33.71064407894358, 41.09325424489088, 59.41615979051591, 28.41489312880299, 47.657364602334034, 24.192436664502313, 17.104518810111266, 52.10832209680273, 82.12114208410416, 54.468193157717266, 78.02593763396143, 0.0, 8.513116576867379, 69.14983842313508, 67.31427979846367, 20.37970148234286, 37.14724032487825, 50.00382428476849, 26.164028500784042, 69.11653157755059, 19.833056073691402, 15.91302916685339, 57.2955185550328, 84.49023518123215, 49.43086888836781, 82.71024642377648, 91.44447646543075, 64.71397524584074, 27.426818934791644, 4.761508234182847, 80.33446228271332, 44.089155773908686, 26.24968113739521, 84.23354673059681, 17.275966904466216, 63.73444184898119, 20.642183758157955, 14.041653955640047, 15.374214595453461, 30.26586740838357, 56.704244380124145, 68.10670813182443, 15.501692193279446, 79.83355182784167, 73.03989447124157, 59.83754154680789], [17.449209163731734, 85.78631323489607, 52.10493900340629, 27.70763048334529, 5.683838600841435, 70.28727000308768, 60.46938010795113, 94.29135867446236, 37.65800477386617, 27.228837641157785, 48.64225970929039, 60.95442010696686, 24.638505779985927, 55.02693437685439, 31.132199925587404, 25.594471136364227, 53.68920023569256, 90.60681078858634, 57.19626708380251, 83.01412597160967, 8.513116576867379, 0.0, 77.66130734901337, 72.73997051762409, 15.167370769746382, 28.89987684103005, 56.42452037833767, 31.243376498204384, 77.04997402077305, 28.332329166179036, 14.143173000434842, 65.60154536650799, 91.22377857628898, 57.943612027697526, 87.44546168339517, 99.56586911806426, 66.48008698584312, 25.53406706379333, 5.743676584167848, 87.67354666245623, 49.50936372445851, 18.038030137789317, 92.72979679101084, 20.78346919809105, 67.76826022380729, 25.09008209885418, 22.205281049143736, 23.764782294302453, 25.46619329200746, 64.38998121226852, 76.36528772296867, 11.820754980344425, 81.76691539552633, 81.42134661386, 68.30854790843979], [79.13734168063141, 92.37946795445164, 44.39769083252615, 98.27092372540399, 77.34712989044225, 44.931381426870246, 64.59328176641134, 44.178379398934396, 67.77540307818892, 98.84749651925367, 40.214177451824156, 86.98907408512488, 88.72632140449726, 37.711558734271776, 53.69552030190344, 52.10005999011147, 82.92565196436276, 15.201296653593076, 77.5577714855207, 71.57244878036309, 69.14983842313508, 77.66130734901337, 0.0, 62.33552161886636, 85.61311287611267, 105.81679074900542, 49.21021748453465, 61.257499172851254, 28.399600034422242, 49.34791784561011, 78.077678365382, 20.04991111437896, 55.273105313544, 19.72890767261301, 76.62626286938183, 34.88569783742277, 88.66303508558723, 83.72586196169983, 72.92426495403173, 43.96705276286547, 55.59244363917578, 95.02222479947676, 16.476928101054142, 68.06867428199281, 72.73995144433248, 64.80494098645383, 56.12456552078225, 54.30483967684795, 92.32651254593837, 30.863479930421757, 19.231056623795215, 80.38065850999045, 97.123488324226, 15.183612128584178, 12.39211590031899], [60.33397116860815, 30.119114238942956, 26.60311417011416, 74.5132410814962, 76.76811103435583, 17.509681956275383, 13.667820838213146, 37.27823408088666, 36.7318862968442, 76.01038844464438, 33.56712939734651, 34.15130057468659, 64.06754205982956, 79.47648944677333, 43.976371923940825, 60.11977605248307, 34.86779438191413, 62.62572804897025, 26.762663585395774, 11.580246394244499, 67.31427979846367, 72.73997051762409, 62.33552161886636, 0.0, 68.55079631965756, 89.23908872352149, 19.556011146932445, 41.50427513657725, 36.08210720576545, 58.926760871073505, 62.14297650189897, 43.23032279717343, 24.861437625401287, 55.11242934238729, 16.966402372049863, 52.89727747755291, 32.64721491400075, 57.94414734020342, 67.22606421696585, 30.016213385808694, 91.01756962665338, 81.67784341443765, 65.12013572802176, 52.150903817512756, 14.033228880375297, 47.67323930946643, 64.86063580499327, 56.62117438271891, 67.89243285656825, 80.4632357983313, 44.380073769985565, 65.81245636020246, 36.07791434515802, 51.13351939491021, 51.216310982835566], [8.330385913074178, 76.54819416700434, 52.67274821305696, 13.586172705873205, 20.55608979751723, 69.82619588391488, 55.24274369548351, 95.31868768397189, 31.820785539438997, 13.66422460916436, 51.15033520964426, 50.346648286714924, 9.861979225383894, 67.84036754354494, 33.503606503686214, 35.577448217312536, 43.421128204363136, 97.20048320761879, 48.538513822377844, 77.62084324235549, 20.37970148234286, 15.167370769746382, 85.61311287611267, 68.55079631965756, 0.0, 21.821501697953064, 55.24126970696417, 29.460772358439158, 80.02239075928358, 38.00861476127676, 7.771186478136817, 70.83624657747745, 89.79937618761025, 66.09833432499734, 81.44559220319455, 103.08486382468168, 56.02724289646143, 12.848793277487019, 15.622299316117731, 88.16259355649318, 64.13373251994969, 13.12920771884263, 99.51739272404234, 19.003767358523444, 60.95224144592296, 23.485317941518122, 33.8548501271592, 31.916886750564885, 10.302733514070951, 76.58728096777868, 81.05026017442846, 5.3396898163233635, 71.21245229513626, 86.91848274058117, 74.9937462977653], [30.01145915266066, 93.39968733045478, 74.49276405204759, 16.180598288696117, 31.34720850236249, 91.5321895720759, 75.68196714033694, 117.11919255054956, 52.715957515554656, 14.42982773722329, 72.86423015414778, 66.56788780728552, 25.389192543399993, 83.55042758218512, 55.085175500862874, 54.15278457843827, 60.4774565971975, 118.08425960905579, 66.92520099521599, 97.58002945773138, 37.14724032487825, 28.89987684103005, 105.81679074900542, 89.23908872352149, 21.821501697953064, 0.0, 76.91471597573847, 51.26020528251461, 101.76637803110258, 56.830735786026864, 29.481063300775606, 92.10019288420595, 111.24799118891603, 86.11007220692501, 100.97796507650506, 124.79689206255358, 72.1532058370882, 31.352290721528004, 32.989273706467486, 109.9313794583129, 75.88753604996172, 10.89756098761514, 120.32622746092773, 40.789631473521105, 80.33637349179979, 45.304766633915925, 51.084163089437, 51.513006142572884, 21.88667626420744, 93.12023495395694, 102.49921238443896, 26.331153237038862, 86.59769370271252, 108.16327294272959, 95.76508622051004], [46.940988108899845, 45.960610073717504, 7.1484575406093365, 63.9079661791716, 59.78243225493912, 14.63625956465367, 15.635754809405553, 40.59403450173248, 25.502635099002646, 65.14907106347351, 14.187822288042888, 37.981040612980415, 53.13149124062283, 60.597580046631876, 25.887935786619327, 40.963678689940146, 34.74348441113878, 53.76225267782254, 28.553447438347522, 31.13589399819097, 50.00382428476849, 56.42452037833767, 49.21021748453465, 19.556011146932445, 55.24126970696417, 76.91471597573847, 0.0, 25.973141441471636, 29.197008334751445, 39.59819486588971, 47.97058848607458, 29.16127538215927, 34.894817105896145, 37.840608250160976, 36.49845087108703, 51.35402415035278, 39.453057701496284, 46.96208615125664, 50.7154119563505, 33.18630224732409, 71.5195393811939, 68.03149244290547, 56.36673155646229, 36.937869568140805, 24.644081865941164, 32.252508503071184, 45.86836368397743, 37.85770323663957, 57.13827100876362, 62.51468305197188, 34.59437171060628, 51.52287625797916, 48.87331651001193, 41.754833562255726, 37.000362990783685], [21.272154040814293, 57.641751390362714, 23.28094330351826, 39.43433634089486, 35.33990911128867, 40.452715031578464, 29.5971671604405, 65.860358617687, 10.02573668241478, 40.45381727399927, 22.7606432456585, 36.801074594531705, 28.90133807277697, 55.5727909184153, 8.815037190758966, 24.6764643096262, 29.934494003277376, 70.75954940275176, 29.9636117756321, 51.953500544347804, 26.164028500784042, 31.243376498204384, 61.257499172851254, 41.50427513657725, 29.460772358439158, 51.26020528251461, 25.973141441471636, 0.0, 51.11359850286599, 25.103230186107965, 22.033147495771527, 43.8345820231932, 60.809406108741946, 43.34247474436093, 56.56756807485026, 74.21378444770394, 41.40425139006575, 23.171604174567086, 25.727645310773674, 58.70923554934067, 60.06988423025148, 42.09273980037838, 73.23352662515131, 10.990724294761753, 37.707007324041875, 6.3210553566442425, 27.777035708394774, 19.669910267455613, 32.83687202251994, 61.529385289593314, 53.212598235053015, 25.55728519067399, 55.813033019704456, 59.635057604042466, 49.43963028781148], [72.1369984069074, 66.03388850682549, 28.249194767215098, 90.53903714375805, 78.79559612153767, 18.88241212219411, 42.05180541476874, 19.781306254394366, 53.7120316127046, 91.5667639251737, 28.91129582079718, 65.85764963902366, 79.93019303251883, 57.199267677550495, 46.78086307308863, 54.55201578870413, 63.55716881338387, 26.553187758333767, 56.67256248433361, 43.99267997284242, 69.11653157755059, 77.04997402077305, 28.399600034422242, 36.08210720576545, 80.02239075928358, 101.76637803110258, 29.197008334751445, 51.11359850286599, 0.0, 52.107085706646366, 72.29628377130095, 15.364740736324611, 27.266918163056534, 30.57787295415369, 48.79940298672961, 23.103684539238007, 66.19496830412102, 74.00085774997925, 71.44338136679282, 16.62180577341353, 73.2220111134693, 91.83684810401955, 29.066910424391352, 61.02022378371148, 48.43803914428655, 56.63307954015686, 59.68968352843143, 54.06528774845893, 83.90005544196653, 54.131094871212504, 9.174308395449078, 75.47055805466883, 72.05557680941547, 15.18654039467713, 20.576139625042888], [33.307137706484184, 80.76443590354724, 33.077035636901755, 51.44818632970317, 28.215969261776838, 50.44496345501068, 50.28687828872294, 70.96510603487293, 35.1236319294566, 51.66387867875852, 27.050749731604274, 61.81650860282789, 43.569406335265704, 31.700465438175584, 17.24725072678437, 2.7587513281730525, 55.03041259033903, 62.59106431243686, 54.4338852105343, 70.4189915378079, 19.833056073691402, 28.332329166179036, 49.34791784561011, 58.926760871073505, 38.00861476127676, 56.830735786026864, 39.59819486588971, 25.103230186107965, 52.107085706646366, 0.0, 31.253211923661215, 38.83667427463185, 71.38243726196974, 29.653538129038, 75.63647988385021, 73.45475215396486, 66.21331059699178, 40.1980672963236, 23.84849347285046, 65.30243723644706, 35.06226695198533, 45.9523899924653, 64.63346762789322, 24.405980804120723, 59.557425893110285, 23.809185717616383, 7.5955818719233825, 6.602924101161069, 46.486848148451955, 39.29075916055638, 49.74362764555674, 32.672510060296496, 80.13344719440002, 54.07479726854433, 40.452601300319806], [3.3504831783346347, 72.4535796702581, 45.1040331572793, 20.370173845087127, 19.77930444442362, 62.484920613624, 49.12151472745782, 87.80215963936176, 25.65747249342982, 20.80481224805417, 43.40762593207543, 47.078226409493865, 12.745973485334366, 61.96698052340929, 25.732658915321014, 28.99548764773638, 39.87305409729157, 89.49802939024221, 43.98210173263808, 71.67787312677514, 15.91302916685339, 14.143173000434842, 78.077678365382, 62.14297650189897, 7.771186478136817, 29.481063300775606, 47.97058848607458, 22.033147495771527, 72.29628377130095, 31.253211923661215, 0.0, 63.08148508408784, 82.70962715445623, 58.65506414580225, 75.75580191764227, 95.34562169231798, 52.665763822266285, 11.714694276671606, 11.653905372600871, 80.71136997753833, 59.89485118441031, 20.06289726989507, 91.82838488075302, 11.317216086632126, 55.52688723157621, 15.897520207253052, 28.01728215228236, 24.90833630138867, 15.270604338181062, 70.32070726407544, 73.27957985193284, 3.6699162458904175, 67.96371576639824, 79.16265592489773, 67.3275741236883], [63.54189608523085, 72.98302035070252, 24.612395695676316, 82.5759292783747, 66.59395557607857, 26.36179436902833, 44.56911884018751, 35.11200330145152, 49.076597641742374, 83.37808214820944, 21.416589987133147, 66.99828790427362, 72.41842164844367, 42.01930845103859, 37.4802710944583, 41.463335769980944, 63.13023008796669, 26.932312904086892, 57.56144383256454, 53.273741316174444, 57.2955185550328, 65.60154536650799, 20.04991111437896, 43.23032279717343, 70.83624657747745, 92.10019288420595, 29.16127538215927, 43.8345820231932, 15.364740736324611, 38.83667427463185, 63.08148508408784, 0.0, 41.369335562023686, 15.284749066071733, 58.553669329054514, 34.653751805926774, 68.61351363234436, 66.93358642704271, 60.24894224760435, 31.635243397448637, 57.85801383510655, 81.67786187472457, 29.426824810954628, 52.22809894884537, 52.87245940909736, 48.34598687358605, 46.3940052544858, 41.927939699427384, 76.23466879422381, 39.76544952760996, 10.907299648070005, 65.88345186883072, 77.29298488298944, 16.08258608312857, 8.043301005066608], [81.46942244198834, 48.336569861046634, 39.40792401901026, 97.39445877624853, 94.34724235271959, 21.163399763762335, 37.72624549195847, 15.58231599783142, 58.70665043609133, 98.77611918374382, 44.43529929706208, 58.86030378893847, 86.69879043896829, 83.16848041329638, 60.30815005284801, 73.30929540489132, 59.69793571731498, 49.6288882507064, 51.60865430280139, 25.08469955849766, 84.49023518123215, 91.22377857628898, 55.273105313544, 24.861437625401287, 89.79937618761025, 111.24799118891603, 34.894817105896145, 60.809406108741946, 27.266918163056534, 71.38243726196974, 82.70962715445623, 41.369335562023686, 0.0, 56.45295705717943, 27.88826593709768, 33.115382882390115, 56.83159850488944, 80.48532825047889, 85.49429677329744, 11.556051958094173, 98.02840221242204, 102.73400616407902, 51.67972055928931, 71.79559713358483, 38.553311793105074, 67.11337819886904, 78.48637912739204, 71.18325340816219, 90.64907462866923, 81.03506349207984, 36.19691939952196, 86.30156640072379, 56.874946047638936, 40.713335038510735, 47.6887839129862], [59.894975936803306, 83.67561474858098, 31.38443826621315, 78.95429385782948, 57.75668340903136, 39.65062818544382, 53.317945512632186, 50.21135498384342, 51.06006466917911, 79.45834960742742, 25.30605442875632, 73.33897376196312, 69.70217044436781, 26.75842934525056, 35.15875001476854, 32.41020528986086, 68.26657726320275, 33.23994494425771, 64.14931869870809, 65.98114712951033, 49.43086888836781, 57.943612027697526, 19.72890767261301, 55.11242934238729, 66.09833432499734, 86.11007220692501, 37.840608250160976, 43.34247474436093, 30.57787295415369, 29.653538129038, 58.65506414580225, 15.284749066071733, 56.45295705717943, 0.0, 71.39912330223576, 47.413993490322085, 75.9670642902493, 64.9922690810291, 53.19802415712303, 46.91839862680281, 42.73679705422513, 75.30299138357991, 35.14815669398132, 49.035907387759025, 62.48435152908991, 46.135277681576326, 36.582588217969956, 34.59880926954662, 73.18567171555095, 25.49056893443891, 24.346918395032173, 60.82905008935187, 86.6161084605361, 26.379714036947714, 12.181259483977783], [73.53586856626143, 20.736301066344033, 43.56743610102778, 85.43702654186481, 91.85107824995418, 32.19265796082782, 26.999160502142818, 43.31842804368825, 50.13141635885695, 87.06240627693855, 50.53234430289577, 38.23900052485524, 75.59440578756183, 96.27076535221485, 60.12331593347536, 76.70801164539965, 41.949635017838254, 74.56087776077891, 34.43632034123628, 5.457223426444213, 82.71024642377648, 87.44546168339517, 76.62626286938183, 16.966402372049863, 81.44559220319455, 100.97796507650506, 36.49845087108703, 56.56756807485026, 48.79940298672961, 75.63647988385021, 75.75580191764227, 58.553669329054514, 27.88826593709768, 71.39912330223576, 0.0, 60.677886860035684, 34.34983929340223, 69.77241317316187, 82.13617284352725, 37.67501788026369, 107.98383505183008, 94.4824017610213, 76.88694673354777, 66.66325299940286, 20.641761360280356, 62.444531315522646, 81.32279922021621, 72.98364761357348, 79.14944981653852, 96.86539677024972, 57.78108565813589, 79.39532783055529, 30.04758724518696, 63.91670396375067, 66.33078192330792], [95.23146795233018, 80.56130763485538, 51.234677488402966, 113.63252646359497, 100.94847534580094, 38.46242239805964, 62.1487007104013, 17.549088730833713, 76.47326035871016, 114.66758672583912, 51.93806770969277, 85.81478866319355, 103.00620465252409, 71.53847527725708, 69.74121263148714, 76.05138611272308, 84.53357631062642, 22.26230665114767, 77.090947644471, 57.146833092634516, 91.44447646543075, 99.56586911806426, 34.88569783742277, 52.89727747755291, 103.08486382468168, 124.79689206255358, 51.35402415035278, 74.21378444770394, 23.103684539238007, 73.45475215396486, 95.34562169231798, 34.653751805926774, 33.115382882390115, 47.413993490322085, 60.677886860035684, 0.0, 85.21465909115706, 97.04846524511741, 94.04243648980945, 23.296732859796844, 89.02669120413518, 114.77338172101375, 23.2183329736611, 84.08928866410764, 66.67522938692944, 79.72595462918456, 81.02813057492962, 76.17504624759582, 106.98221892604617, 65.63269799980527, 23.787017055687606, 98.47910814292764, 88.2676104284987, 21.33594257463975, 35.265890563796624], [49.631794670389354, 21.311310742222034, 44.85119878927023, 55.9889290