instance_id,num_cities,city_coordinates,distance_matrix,best_route,total_distance
1505,53,"[[43.65702815752511, 0.49537962990321427], [67.32267062463244, 23.022815804799635], [43.77837845443644, 96.3662453306816], [7.267410013463859, 14.208553592183492], [24.012487162769737, 69.49290118844004], [23.235312626762816, 77.04986005843148], [90.61123326334452, 89.32038212639657], [46.81760350427822, 77.74084223088359], [79.75358402332824, 58.81036538674261], [63.55555820149724, 64.94606216856899], [72.06060395228391, 64.56848963199496], [39.261347005875194, 51.282171957402035], [19.807967215367782, 87.54045720947656], [70.39055346297796, 68.28500165072674], [43.1612825958219, 65.2523881418465], [50.27724400479525, 96.07492609100771], [30.454161349026066, 92.44478478509288], [10.29658938686998, 40.51185179073828], [22.708730955030752, 14.660091504585736], [87.39443575845857, 2.1961920321207695], [90.45885634707011, 93.08859585829973], [96.28222397601746, 10.359838819378064], [36.37869924623902, 66.25545404654365], [40.945522649757514, 40.68515210697849], [40.48031242003521, 97.99287910865229], [0.5475255536043333, 45.05117951363293], [3.778004188073103, 48.84848219454343], [52.818327311787804, 5.747222155536069], [49.41499793377836, 11.47223878726058], [59.02300167367592, 1.8176351640335153], [46.122352130934786, 22.496283113777594], [4.433267798319873, 11.763568911930754], [75.77355283842026, 35.34853318326917], [13.117585552504153, 42.82853004571624], [55.62073929678466, 60.067801462494764], [24.47926273724228, 65.72614943516695], [43.49771159303041, 57.68216542136469], [81.25274082067125, 43.33925823503814], [24.439333920728167, 74.83147663232108], [95.60035169870825, 40.88073404804607], [13.43255137406234, 78.26192041398647], [38.24933018694677, 92.63392230362588], [95.50362708698627, 34.324263815784825], [86.22557351215745, 1.6160795497279001], [67.07193836933307, 82.31553117072926], [82.13650799274022, 90.25744877414552], [63.62880795574064, 0.9842283614219904], [99.0452424058983, 56.90938133385474], [54.47081539596488, 11.908379348074327], [58.98347880303953, 85.73123907088622], [50.290932296245, 60.316764425689385], [39.321044907171235, 43.14274417385964], [82.48516775153429, 18.908725030662755]]","[[0.0, 32.67335327135838, 95.87094250142347, 38.887728768730554, 71.7395704762398, 79.23152743006597, 100.47177934933474, 77.31009461229472, 68.58278872423772, 67.45251646610924, 70.0865646416541, 50.97666414844604, 90.25310653188996, 72.87053059353562, 64.75890606764327, 95.80854324941424, 92.89245825338129, 52.09833892908216, 25.28774838092164, 43.77046477338034, 103.74928825491904, 53.54174810403074, 66.16163132075079, 40.2811379416934, 97.54923847721976, 61.997165403237766, 62.67662307737027, 10.559888830283205, 12.395388372483781, 15.422759214763948, 22.13859924206191, 40.81023727463442, 47.39423456701304, 52.19916837223769, 60.76186161749715, 67.99147017018166, 57.18700771089726, 57.00031179372078, 76.7800435616697, 65.79578795016472, 83.43352960504886, 92.2970976974813, 61.90689158578546, 42.58329510406264, 85.10461337900999, 97.66216987884542, 19.977761671186226, 79.05943249149425, 15.722422110006354, 86.60283958411758, 60.188094861087286, 42.86721886584738, 42.97296491027278], [32.67335327135838, 0.0, 77.02981467207076, 60.69864533437405, 63.523545454130904, 69.73246479234913, 70.26894370875202, 58.43389593015216, 37.88504075497217, 42.0921574843324, 41.81496174783583, 39.824980770820844, 80.12598263043562, 45.366037656611134, 48.652949049863594, 75.01438119401213, 78.60468658614619, 59.647634664363174, 45.39095472188536, 28.924453553285858, 73.78683232317661, 31.607067507838053, 53.16568793882327, 31.744480763428992, 79.6305380225927, 70.31478370119255, 68.5921983683854, 22.55708560234093, 21.309635629002724, 22.771565398606086, 21.206855988310327, 63.88933892634034, 14.944588287578258, 57.7101166544438, 38.84927488616104, 60.490762125730775, 42.05828323530102, 24.63340594980248, 67.25412926803511, 33.44446876405154, 77.1719095971154, 75.43848667753416, 30.362625615682244, 28.558152858149004, 59.2932455017348, 68.84726318519421, 22.346005412959947, 46.4178940040639, 16.991200092083382, 63.26048109804407, 40.99900869806764, 34.48046635991007, 15.710730792077916], [95.87094250142347, 77.02981467207076, 0.0, 89.90515629426254, 33.35966252738978, 28.198232100366383, 47.359903693375074, 18.87173891122784, 52.00634128726594, 37.1263349751663, 42.555628847244776, 45.30979193325154, 25.54359314838993, 38.68803568673714, 31.119976164289472, 6.505391636254089, 13.889298552580666, 65.12099106186787, 84.37905912489693, 103.78034203548151, 46.79540578249606, 100.76584617588261, 31.006692892682814, 55.75310946123829, 3.6773872538673813, 67.09800758846286, 62.112541043747946, 91.06880935073814, 85.08092516039837, 95.76971453200308, 73.90714126877687, 93.30407595468654, 68.8974047375227, 61.69579547513099, 38.18138993766849, 36.21148083069767, 38.685098065243515, 64.932189206875, 28.943823285264845, 75.92205788323639, 35.3360411178337, 6.670877747532243, 80.77566970563531, 103.82368845204077, 27.20317080624176, 38.84151769751589, 97.42570868364457, 67.90633525300483, 85.13201121836963, 18.555280508711707, 36.633023777213005, 53.409820236935865, 86.59031694547468], [38.887728768730554, 60.69864533437405, 89.90515629426254, 0.0, 57.76466651751677, 64.83828893680571, 112.1961659757604, 74.83695280295662, 85.10914779238253, 75.78027713710736, 82.06266592505663, 48.97004373047114, 74.39646270536109, 83.11915226694904, 62.40066613820661, 92.47674716423651, 81.59983645061774, 26.477149087436974, 15.447921507659498, 81.02244803132474, 114.64239098597679, 89.09797814872366, 59.63511555870724, 42.839532439751565, 90.12718839794148, 31.56619110511001, 34.81523526548205, 46.33012191220249, 42.236318331647716, 53.2181935769308, 39.72899429352722, 3.7430351564381334, 71.69372595886507, 29.21177170317395, 66.64169166529237, 54.31676127703147, 56.59142760189626, 79.51369144770693, 63.00804526889658, 92.27195563679619, 64.34938048811824, 84.32329355025071, 90.50012044879094, 79.95600031014776, 90.63742056541822, 106.71839715169794, 57.89205434095975, 101.22515106670708, 47.25941473672721, 88.26123899613894, 63.06338538235951, 43.181279445100415, 75.36446570297007], [71.7395704762398, 63.523545454130904, 33.35966252738978, 57.76466651751677, 0.0, 7.596816940150643, 69.48756710746069, 24.25081159032336, 56.755497093873764, 39.80362059218322, 48.29980699957345, 23.752018559289997, 18.53084634657986, 46.39379328142632, 19.612708059704797, 37.36899115431742, 23.83871068149833, 32.06286131946059, 54.84830715778751, 92.44521875714703, 70.51153653643911, 93.37898009830407, 12.782967780993383, 33.41577618347412, 32.91561954690229, 33.882180888312696, 28.907202162244054, 69.9520408712769, 63.33786244374568, 76.19499824655529, 51.937734253297776, 60.95918007989334, 62.00843318736205, 28.80429776151971, 32.98354298451688, 3.7955629632124577, 22.78524633303973, 62.93218317009936, 5.355612562983741, 77.09395863026961, 13.74156976008107, 27.1697360596038, 79.67318333236867, 92.07459491569819, 44.92812234973893, 61.721699862219204, 79.13843014421616, 76.08061074482762, 65.14358690112641, 38.5571507439062, 27.83447798184428, 30.474295970649035, 77.31631944678128], [79.23152743006597, 69.73246479234913, 28.198232100366383, 64.83828893680571, 7.596816940150643, 0.0, 68.4841616247682, 23.59241190286387, 59.38850198089182, 42.09779241914629, 50.39537360456741, 30.344810561155697, 11.036273155124682, 47.96289692281488, 23.15652441171723, 33.063865324521586, 17.003396255292422, 38.76127716224737, 62.39199073967301, 98.58734552680292, 69.11038906252837, 98.91112268360551, 17.007875028306927, 40.44803485279662, 27.12932112692606, 39.225645168499724, 34.26229071588911, 77.19599037363159, 70.61019993145106, 83.31054164918037, 59.160031564577444, 67.93980204119259, 67.07657823478291, 35.68568100777049, 36.56782977912677, 11.39183190522033, 28.029848508739175, 67.10012406494262, 2.5240626580105494, 80.90058439986282, 9.877409502645616, 21.639864125257482, 83.95347431292765, 98.27526753077473, 44.15175023435719, 60.36382372932065, 86.12557570406858, 78.43968597828896, 72.24312522574492, 36.78719514348143, 31.81199530293823, 37.52923248091756, 83.01166734034224], [100.47177934933474, 70.26894370875202, 47.359903693375074, 112.1961659757604, 69.48756710746069, 68.4841616247682, 0.0, 45.29865066054345, 32.38440471080471, 36.415889752398144, 30.931893409405042, 63.90396115668915, 70.82563530086016, 29.178127481816638, 53.20494481522059, 40.89565445959549, 60.23815396638704, 93.98252313346244, 100.92030923190737, 87.18355513381492, 3.7712933396802795, 79.16392824388369, 58.93351044393412, 69.51308085385278, 50.87554843444322, 100.35553670025104, 95.801797246881, 91.72119061470066, 88.07646238740324, 93.02981834294783, 80.27901813837777, 115.93835002998154, 55.974255142270025, 90.3701153336859, 45.60754480918637, 70.21485129196773, 56.75086501943134, 46.92382268221576, 67.73956484231059, 48.6959013543905, 77.96690652842302, 52.46664123315104, 55.21330044980478, 87.81388672592185, 24.5594450470353, 8.526374511745454, 92.36518466104886, 33.49037895561691, 85.4327102331407, 31.830752427083155, 49.66826461440203, 69.01490903049364, 70.87901237792069], [77.31009461229472, 58.43389593015216, 18.87173891122784, 74.83695280295662, 24.25081159032336, 23.59241190286387, 45.29865066054345, 0.0, 37.988705772871505, 21.06811629664977, 28.47314426977575, 27.51650858867226, 28.732436481925635, 25.398757663175246, 13.012692577618287, 18.657645708472483, 21.999276483688504, 52.15153115064181, 67.53087329354763, 85.75239640638229, 46.26134986245383, 83.58796743045332, 15.520465967666187, 37.51806903507836, 21.22042073062948, 56.65275070223021, 51.837974283038776, 72.24326970567911, 66.31948627809598, 76.89801763237676, 55.248933804332864, 78.41831742545347, 51.33765546097574, 48.52381633862364, 19.744152799814973, 25.364430038927843, 20.331556695223806, 48.674918216901546, 22.56659827577343, 61.14265366053105, 33.389118410196716, 17.18194231434874, 65.23287647781925, 85.72028694191465, 20.764533698644012, 37.4711949852674, 78.57604194545877, 56.228782917136506, 66.27582380835047, 14.555238350701602, 17.76689337668706, 35.400943207255125, 68.79965954561592], [68.58278872423772, 37.88504075497217, 52.00634128726594, 85.10914779238253, 56.755497093873764, 59.38850198089182, 32.38440471080471, 37.988705772871505, 0.0, 17.321166690590402, 9.609263093351553, 41.18610147837692, 66.47477078282824, 13.320475727572815, 37.15502901275625, 47.51317822846656, 59.6800405854723, 71.82694274262373, 72.13433264024222, 57.12746484717677, 35.911000261572504, 51.19227933331873, 44.00920329406185, 42.83210226000786, 55.476654945965, 80.39225643182374, 76.62589541426742, 59.5080265484592, 56.22568839829014, 60.6459260197601, 49.49517481459799, 88.80625594392339, 23.797021212260653, 68.52572767268765, 24.165581724429174, 55.7052839741608, 36.27342168646224, 15.543571906178483, 57.58769200060195, 23.9288889357412, 69.11470440248507, 53.54097579447379, 29.114137917004232, 57.559299686059916, 26.707994215706115, 31.537237992859644, 60.03224572261979, 19.385092816881734, 53.28240501175058, 34.001922163011315, 29.501137009544916, 43.36201764044135, 39.995030350909104], [67.45251646610924, 42.0921574843324, 37.1263349751663, 75.78027713710736, 39.80362059218322, 42.09779241914629, 36.415889752398144, 21.06811629664977, 17.321166690590402, 0.0, 8.513422592785428, 27.873115960012644, 49.23777416125006, 7.606949263007858, 20.396576013687902, 33.84257373498719, 43.03350112558019, 58.596487915109115, 64.78535437675448, 67.12554122922892, 38.93314338179251, 63.64503462364452, 27.208384181426595, 33.16331504339573, 40.30581940298768, 66.07434096539757, 61.90709203999158, 60.16469717423663, 55.311890509187585, 63.29093430140575, 45.89009060460985, 79.52246733791658, 32.02019854691008, 55.074261793926915, 9.314439251345831, 39.08408120134412, 21.332637120685046, 27.929272258303453, 40.34600873820838, 40.07503971086402, 51.86162255690752, 37.51030225395274, 44.25351556509976, 67.2652681009173, 17.721833508465078, 31.399330996721115, 63.96187575032168, 36.38826629240774, 53.81011383383301, 21.282093150966688, 14.049224106637311, 32.59902314780736, 49.777168746987755], [70.0865646416541, 41.81496174783583, 42.555628847244776, 82.06266592505663, 48.29980699957345, 50.39537360456741, 30.931893409405042, 28.47314426977575, 9.609263093351553, 8.513422592785428, 0.0, 35.38809819115377, 57.07932498147628, 4.074497542300006, 28.907412406437185, 38.30365921093781, 50.08177210883037, 66.28359766535041, 70.1887139929276, 64.22950961783319, 33.939536684256076, 59.37393956525338, 35.7217604883525, 39.224508866226586, 45.98374305283444, 74.12857597655582, 70.06876668240233, 61.88866388803771, 57.72378474868338, 64.09094171280714, 49.42533225846088, 85.80102707738129, 29.45491205718485, 62.824400203183856, 17.04480401442658, 47.59542213324827, 29.381291344326833, 23.133863618356173, 48.71462061421819, 33.39505185757602, 60.20596810695685, 43.94167434998835, 38.26602316567665, 64.52636901142094, 18.434865545375665, 27.59431941613281, 64.14088762288692, 28.050537470696085, 55.52015738964269, 24.87716153387062, 22.180977689039725, 39.12724491840981, 46.83466273876339], [50.97666414844604, 39.824980770820844, 45.30979193325154, 48.97004373047114, 23.752018559289997, 30.344810561155697, 63.90396115668915, 27.51650858867226, 41.18610147837692, 27.873115960012644, 35.38809819115377, 0.0, 41.147262784959665, 35.470039642339465, 14.504359270434765, 46.12744096050055, 42.094265808974356, 30.902378232430017, 40.1891263256521, 68.74756474297241, 66.09812434648423, 70.18559510258153, 15.248240378061478, 10.730017581985457, 46.7266095415747, 39.212054757084786, 35.56670442123518, 47.51024487911376, 41.084393705844526, 53.26596845446366, 29.59224202123922, 52.675564429375406, 39.83744493993921, 27.47654134897222, 18.56924882510394, 20.66732930746362, 7.675070113951236, 42.736015641496216, 27.825560597559107, 57.29112811213663, 37.350147396904944, 41.364132225132174, 58.743209967294696, 68.35465826394724, 41.6713135867906, 57.94265814226488, 55.889679576175844, 60.04814430577636, 42.20928183648102, 39.695096770433224, 14.257475679291078, 8.139646705043225, 54.003136443833284], [90.25310653188996, 80.12598263043562, 25.54359314838993, 74.39646270536109, 18.53084634657986, 11.036273155124682, 70.82563530086016, 28.732436481925635, 66.47477078282824, 49.23777416125006, 57.07932498147628, 41.147262784959665, 0.0, 54.12366026306713, 32.28212139904072, 31.641965602038173, 11.721513490180811, 47.98078819514972, 72.93807054996705, 108.86493617684725, 70.86839900524535, 108.65155223084382, 26.974812690452666, 51.40248890851571, 23.16460618744262, 46.65086635980845, 41.88112516650721, 88.20327190237604, 81.6268958241759, 94.26675525868592, 70.1654575790411, 77.32087804870886, 76.52544483822764, 45.209707336944675, 45.13647591413938, 22.30885531633099, 38.11458483550656, 75.69151996217867, 13.526557022022853, 89.00345673720679, 11.257760532842745, 19.131838775058768, 92.52997440135036, 108.60155202579045, 47.55189608578445, 62.387731475018875, 97.01673482234865, 84.95180156369825, 83.19690045683392, 39.21726633039085, 40.8698006957216, 48.49656816517377, 92.94485531171297], [72.87053059353562, 45.366037656611134, 38.68803568673714, 83.11915226694904, 46.39379328142632, 47.96289692281488, 29.178127481816638, 25.398757663175246, 13.320475727572815, 7.606949263007858, 4.074497542300006, 35.470039642339465, 54.12366026306713, 0.0, 27.397626478423213, 34.30488475067578, 46.6755882253124, 66.20145294120012, 71.75783710411761, 68.2412102026547, 31.90540810366809, 63.44842859357557, 34.07235375987911, 40.35791786538352, 42.15661872472765, 73.60610734611399, 69.39027316182161, 64.95965668087895, 60.56124135071024, 67.43242574132161, 51.82231508866169, 86.86216605113844, 33.37345707870012, 62.6755518511873, 16.901768825698802, 45.9825438700829, 28.907526354717326, 27.208036106176483, 46.41520130414906, 37.2361089525418, 57.82519269288776, 40.322799637932725, 42.237402632483416, 68.52366769275392, 14.417661556279844, 24.914973016374642, 67.63959851775468, 30.830114109570737, 58.58123933801871, 20.844484940098237, 21.621460994129205, 39.96808067611487, 50.835975328993435], [64.75890606764327, 48.652949049863594, 31.119976164289472, 62.40066613820661, 19.612708059704797, 23.15652441171723, 53.20494481522059, 13.012692577618287, 37.15502901275625, 20.396576013687902, 28.907412406437185, 14.504359270434765, 32.28212139904072, 27.397626478423213, 0.0, 31.633301319993162, 30.014952366852214, 41.13614224327602, 54.570022426711674, 77.0237346961147, 54.88091601630109, 76.38734439838711, 6.856353119786409, 24.666955193770878, 32.850073817739734, 47.15952840406441, 42.66299038358912, 60.28369009694513, 54.142528756327586, 65.38778186680528, 42.85851665612136, 66.03720854765244, 44.24704184191183, 37.489373747050585, 13.495110237374027, 18.6880259995381, 7.577694669743676, 43.94478867861469, 21.030223453429752, 57.82588945831399, 32.45066085606691, 27.818621272804762, 60.79695634783087, 76.8382256650824, 29.37465420295962, 46.30681647409523, 67.44861715351243, 56.50329836967424, 54.52970572401388, 25.879049986302107, 8.671348587055865, 22.44067249207275, 60.77913337900229], [95.80854324941424, 75.01438119401213, 6.505391636254089, 92.47674716423651, 37.36899115431742, 33.063865324521586, 40.89565445959549, 18.657645708472483, 47.51317822846656, 33.84257373498719, 38.30365921093781, 46.12744096050055, 31.641965602038173, 34.30488475067578, 31.633301319993162, 0.0, 20.152730134608714, 68.45223129581015, 85.95579214055029, 100.95000065466782, 40.292432771969, 97.28069884687118, 32.89939907378499, 56.170348810114284, 9.98290600248048, 71.24933411637531, 66.27606133921151, 90.36343952410895, 84.60708107069172, 94.66216334996278, 73.69586032372624, 95.96913620429109, 65.86164710758926, 64.93087792493614, 36.40145554711757, 39.831948006432214, 38.98674302322083, 61.15988936554322, 33.44968972077482, 71.41836546932004, 40.924742470818, 12.51044435159545, 76.54129616178268, 101.06807648451085, 21.7113497362652, 32.386042428579835, 96.023460959474, 62.5480420490885, 84.27095366520558, 13.519999464955223, 35.75816428527007, 54.054178202770174, 83.61801802339816], [92.89245825338129, 78.60468658614619, 13.889298552580666, 81.59983645061774, 23.83871068149833, 17.003396255292422, 60.23815396638704, 21.999276483688504, 59.6800405854723, 43.03350112558019, 50.08177210883037, 42.094265808974356, 11.721513490180811, 46.6755882253124, 30.014952366852214, 20.152730134608714, 0.0, 55.70778434658504, 78.16936868576335, 106.70990274437177, 60.00814873420339, 105.22011301750926, 26.851092972700982, 52.812197804255526, 11.45884182288114, 56.040705609645535, 51.11022363913712, 89.53559786540701, 83.16289154042654, 95.02346492279271, 71.68183234572263, 84.77349524438031, 72.89601629683018, 52.55786900846783, 41.00762971292544, 27.378547959733137, 37.129151727386876, 70.65301418973704, 18.61200615400452, 83.08355701033605, 22.15601155237522, 7.797463062599711, 87.23203511633692, 106.58472737406001, 37.99293845825856, 51.728612908387746, 97.29126661118092, 77.24960387595968, 84.04113440646891, 29.308593457356835, 37.75853776070618, 50.09304175696857, 90.08206098588647], [52.09833892908216, 59.647634664363174, 65.12099106186787, 26.477149087436974, 32.06286131946059, 38.76127716224737, 93.98252313346244, 52.15153115064181, 71.82694274262373, 58.596487915109115, 66.28359766535041, 30.902378232430017, 47.98078819514972, 66.20145294120012, 41.13614224327602, 68.45223129581015, 55.70778434658504, 0.0, 28.677077399915742, 86.09394692935861, 95.86606835029927, 91.11900593138333, 36.64709417977506, 30.649423210764386, 64.92399893464362, 10.754056992639024, 10.582597010357249, 54.9242903443292, 48.719082612818, 62.2214244026778, 40.10044876243043, 29.340114323749585, 65.68022991645117, 3.6503448472179247, 49.36308066379864, 28.929380032506778, 37.378258198081866, 71.01246125503471, 37.119454093735854, 85.30455989379675, 37.880099506799915, 59.14444988996605, 85.4314082675501, 85.3117326545576, 70.50523286810387, 87.38191073977289, 66.38342075735196, 90.25077499838582, 52.62623755581271, 66.44701789406601, 44.62938526610827, 29.143448886182153, 75.35174803628095], [25.28774838092164, 45.39095472188536, 84.37905912489693, 15.447921507659498, 54.84830715778751, 62.39199073967301, 100.92030923190737, 67.53087329354763, 72.13433264024222, 64.78535437675448, 70.1887139929276, 40.1891263256521, 72.93807054996705, 71.75783710411761, 54.570022426711674, 85.95579214055029, 78.16936868576335, 28.677077399915742, 0.0, 65.87555841111268, 103.63932547926773, 73.69905731056414, 53.37555122824225, 31.778677610546833, 85.20670512132105, 37.612993170151505, 39.079642704282655, 31.401067383133118, 26.895856574712436, 38.51824168736211, 24.69015098181278, 18.503577943793935, 56.95513094189267, 29.756528695025125, 56.080838231157614, 51.096742120817225, 47.78159227221207, 65.19122406813129, 60.196267116949464, 77.46425285273226, 64.27472402304858, 79.50741169202007, 75.40408858640704, 64.84238996447691, 80.90335400033544, 96.15935269013187, 43.14489465110062, 87.24829781471962, 31.881059076281048, 79.79326630629603, 53.34144367236343, 32.973178159270255, 59.927233232690526], [43.77046477338034, 28.924453553285858, 103.78034203548151, 81.02244803132474, 92.44521875714703, 98.58734552680292, 87.18355513381492, 85.75239640638229, 57.12746484717677, 67.12554122922892, 64.22950961783319, 68.74756474297241, 108.86493617684725, 68.2412102026547, 77.0237346961147, 100.95000065466782, 106.70990274437177, 86.09394692935861, 65.87555841111268, 0.0, 90.94404734145661, 12.068053209498002, 81.89135742993086, 60.32330873405115, 106.66742812804526, 96.84490572131597, 95.75042457328236, 34.757978799886224, 39.095814876816284, 28.373959493337242, 45.994332095171025, 83.51101777412767, 35.13008174831601, 84.66426264350778, 66.0203829502703, 89.41126597874813, 70.75037551425129, 41.59894605980401, 96.12091040117703, 39.54530120507788, 106.0959724775383, 102.92824907816392, 33.13566025506266, 1.3049020817885573, 82.65659322847982, 88.2180862599859, 23.79651068531715, 55.93991758220066, 34.326248851772, 88.23427088660863, 68.95412173704008, 63.148008996616646, 17.418658719636394], [103.74928825491904, 73.78683232317661, 46.79540578249606, 114.64239098597679, 70.51153653643911, 69.11038906252837, 3.7712933396802795, 46.26134986245383, 35.911000261572504, 38.93314338179251, 33.939536684256076, 66.09812434648423, 70.86839900524535, 31.90540810366809, 54.88091601630109, 40.292432771969, 60.00814873420339, 95.86606835029927, 103.63932547926773, 90.94404734145661, 0.0, 82.93346038690777, 60.37119256350982, 72.095014604474, 50.21859065392263, 101.93939755620929, 97.31781845064127, 95.10691345187134, 91.3555036929779, 96.53290229295422, 83.3606635333945, 118.38142545596631, 59.578292832688824, 92.23744566933543, 48.00070064217203, 71.42835744420312, 58.81296143619526, 50.59396364230295, 68.49744333793683, 52.46042135981619, 78.44030827658572, 52.21150591494104, 58.98047500844036, 91.57042057008532, 25.748919496941575, 8.790726701640333, 95.93261180996268, 37.184157771247826, 88.7995869593181, 32.32383161750111, 51.84066992237158, 71.48191281259015, 74.60719097931167], [53.54174810403074, 31.607067507838053, 100.76584617588261, 89.09797814872366, 93.37898009830407, 98.91112268360551, 79.16392824388369, 83.58796743045332, 51.19227933331873, 63.64503462364452, 59.37393956525338, 70.18559510258153, 108.65155223084382, 63.44842859357557, 76.38734439838711, 97.28069884687118, 105.22011301750926, 91.11900593138333, 73.69905731056414, 12.068053209498002, 82.93346038690777, 0.0, 81.93138639541334, 63.10130854160486, 103.89130417721796, 101.82642879525558, 100.19184770946676, 43.707968904152786, 46.88042566554703, 38.22589292436067, 51.60722840480954, 91.85968217398397, 32.327085204856864, 89.27806558200618, 64.22022957331257, 90.67024646410238, 70.891518128298, 36.242619509506376, 96.52975154728044, 30.52851118809911, 107.12031056308608, 100.6818830510561, 23.977069848586886, 13.326272724128414, 77.65862764037473, 81.14018336905394, 33.97274862669499, 46.631471981387556, 41.84007487107438, 84.09544795856543, 67.90355901135398, 65.72134207693922, 16.230903114584947], [66.16163132075079, 53.16568793882327, 31.006692892682814, 59.63511555870724, 12.782967780993383, 17.007875028306927, 58.93351044393412, 15.520465967666187, 44.00920329406185, 27.208384181426595, 35.7217604883525, 15.248240378061478, 26.974812690452666, 34.07235375987911, 6.856353119786409, 32.89939907378499, 26.851092972700982, 36.64709417977506, 53.37555122824225, 81.89135742993086, 60.37119256350982, 81.93138639541334, 0.0, 25.974915154422618, 32.001365286506456, 41.6352526911847, 36.95683952033577, 62.70173440591197, 56.31292709152744, 68.30078282684909, 44.83083550705337, 63.165466323914266, 50.07187081384224, 33.01363624948641, 20.212450366239352, 11.91120281933228, 11.143680480182082, 50.38682007921451, 14.700224752287825, 64.42887965969304, 25.89750831266078, 26.444713038833076, 67.19641360762103, 81.6269539393813, 34.641030658775456, 51.67081199463784, 70.73119062420584, 63.35964572764204, 57.279395903380255, 29.837598112548413, 15.126739994146817, 23.29924367114245, 66.087208947973], [40.2811379416934, 31.744480763428992, 55.75310946123829, 42.839532439751565, 33.41577618347412, 40.44803485279662, 69.51308085385278, 37.51806903507836, 42.83210226000786, 33.16331504339573, 39.224508866226586, 10.730017581985457, 51.40248890851571, 40.35791786538352, 24.666955193770878, 56.170348810114284, 52.812197804255526, 30.649423210764386, 31.778677610546833, 60.32330873405115, 72.095014604474, 63.10130854160486, 25.974915154422618, 0.0, 57.30961520247899, 40.63324211401865, 38.05344119417053, 36.90016856105979, 30.415889206334114, 42.8658269623989, 18.911227319479064, 46.5789945022904, 35.23451700193002, 27.91035922515075, 24.31150097538361, 29.96980585016939, 17.187557418422955, 40.39450601278151, 37.92658361820042, 54.65517899216598, 46.57227828672103, 52.018690667303396, 54.927658421205294, 59.80531277892656, 49.14954790579119, 64.45238452053916, 45.72411594031231, 60.32249207176642, 31.796795346201453, 48.52337388256986, 21.742513279122605, 2.9459610831365994, 46.90154465890931], [97.54923847721976, 79.6305380225927, 3.6773872538673813, 90.12718839794148, 32.91561954690229, 27.12932112692606, 50.87554843444322, 21.22042073062948, 55.476654945965, 40.30581940298768, 45.98374305283444, 46.7266095415747, 23.16460618744262, 42.15661872472765, 32.850073817739734, 9.98290600248048, 11.45884182288114, 64.92399893464362, 85.20670512132105, 106.66742812804526, 50.21859065392263, 103.89130417721796, 32.001365286506456, 57.30961520247899, 0.0, 66.31327938602546, 61.33702941621338, 93.06711469784109, 86.98074388537457, 97.94645921402169, 75.70712396408081, 93.46059791678182, 71.90220369118732, 61.57779006398784, 40.835573223321774, 36.016321782949845, 40.42348742683724, 68.1865763349484, 28.173809751005138, 79.37263913658273, 33.479726829988564, 5.8047997176901065, 84.15020932980184, 106.68231533673949, 30.868978100903675, 42.36833147589666, 99.73229750369076, 71.5381353800953, 87.21396260088429, 22.19718411449725, 38.93247847182678, 54.86238423119563, 89.54725734298822], [61.997165403237766, 70.31478370119255, 67.09800758846286, 31.56619110511001, 33.882180888312696, 39.225645168499724, 100.35553670025104, 56.65275070223021, 80.39225643182374, 66.07434096539757, 74.12857597655582, 39.212054757084786, 46.65086635980845, 73.60610734611399, 47.15952840406441, 71.24933411637531, 56.040705609645535, 10.754056992639024, 37.612993170151505, 96.84490572131597, 101.93939755620929, 101.82642879525558, 41.6352526911847, 40.63324211401865, 66.31327938602546, 0.0, 4.985529044966969, 65.3990655930986, 59.29228547738988, 72.72221575624496, 50.85064571037376, 33.51363919903242, 75.84916958588269, 12.76505303683348, 57.08377884090248, 31.625660876621303, 44.768965655045335, 80.72336988609753, 38.17963597952074, 95.14427136487402, 35.62270626362188, 60.708677172454905, 95.56007502512061, 96.05902253751364, 76.25043871940169, 93.27576767793225, 76.94897252952386, 99.20895713353603, 63.29428402500004, 71.20131935401092, 52.03311058423276, 38.820457603015484, 86.00700631547501], [62.67662307737027, 68.5921983683854, 62.112541043747946, 34.81523526548205, 28.907202162244054, 34.26229071588911, 95.801797246881, 51.837974283038776, 76.62589541426742, 61.90709203999158, 70.06876668240233, 35.56670442123518, 41.88112516650721, 69.39027316182161, 42.66299038358912, 66.27606133921151, 51.11022363913712, 10.582597010357249, 39.079642704282655, 95.75042457328236, 97.31781845064127, 100.19184770946676, 36.95683952033577, 38.05344119417053, 61.33702941621338, 4.985529044966969, 0.0, 65.2891408201125, 58.98914111415757, 72.5528105561148, 49.87466490211689, 37.09070184800789, 73.25030818209238, 11.111597722064852, 53.04283465641951, 26.709506865623073, 40.69015993685996, 77.67036992912054, 33.19648394446437, 92.16739397905236, 30.957400234119877, 55.72644867266054, 92.86841667492504, 95.01842740780165, 71.59724485841679, 88.62707053545567, 76.63618927528512, 95.60766063755564, 62.72425612525566, 66.39263650634092, 47.905886679292195, 35.99809980985308, 84.2093026644775], [10.559888830283205, 22.55708560234093, 91.06880935073814, 46.33012191220249, 69.9520408712769, 77.19599037363159, 91.72119061470066, 72.24326970567911, 59.5080265484592, 60.16469717423663, 61.88866388803771, 47.51024487911376, 88.20327190237604, 64.95965668087895, 60.28369009694513, 90.36343952410895, 89.53559786540701, 54.9242903443292, 31.401067383133118, 34.757978799886224, 95.10691345187134, 43.707968904152786, 62.70173440591197, 36.90016856105979, 93.06711469784109, 65.3990655930986, 65.2891408201125, 0.0, 6.660215183366406, 7.344360956601861, 18.037935763426205, 48.75767029314479, 37.4590442155049, 54.324693198247026, 54.392819831088396, 66.33682460425364, 52.76468714397522, 47.13466928065538, 74.68601932425504, 55.35941896862898, 82.52042662111499, 88.09968410753638, 51.36810417905406, 33.66170580825689, 77.88370415963722, 89.45129468917538, 11.813238405959991, 68.95284048467995, 6.378916429889414, 80.2212693418965, 54.62803922106888, 39.75678180301941, 32.455301255871056], [12.395388372483781, 21.309635629002724, 85.08092516039837, 42.236318331647716, 63.33786244374568, 70.61019993145106, 88.07646238740324, 66.31948627809598, 56.22568839829014, 55.311890509187585, 57.72378474868338, 41.084393705844526, 81.6268958241759, 60.56124135071024, 54.142528756327586, 84.60708107069172, 83.16289154042654, 48.719082612818, 26.895856574712436, 39.095814876816284, 91.3555036929779, 46.88042566554703, 56.31292709152744, 30.415889206334114, 86.98074388537457, 59.29228547738988, 58.98914111415757, 6.660215183366406, 0.0, 13.620760147198638, 11.505262695653471, 44.982673544607756, 35.56474167972956, 47.96581227354939, 48.990202465259735, 59.7099464945563, 46.58724715163675, 45.04607419761385, 68.1041614969285, 54.753506699529, 75.86565779206178, 81.92613140777048, 51.44294689387676, 38.10724798942007, 73.01054458963006, 85.31006114882521, 17.66439237655613, 67.28814969340374, 5.074594446824007, 74.8729253420015, 48.85237912170173, 33.24016845844724, 33.89597998913035], [15.422759214763948, 22.771565398606086, 95.76971453200308, 53.2181935769308, 76.19499824655529, 83.31054164918037, 93.02981834294783, 76.89801763237676, 60.6459260197601, 63.29093430140575, 64.09094171280714, 53.26596845446366, 94.26675525868592, 67.43242574132161, 65.38778186680528, 94.66216334996278, 95.02346492279271, 62.2214244026778, 38.51824168736211, 28.373959493337242, 96.53290229295422, 38.22589292436067, 68.30078282684909, 42.8658269623989, 97.94645921402169, 72.72221575624496, 72.5528105561148, 7.344360956601861, 13.620760147198638, 0.0, 24.372797124131694, 55.48838295264836, 37.482023508598076, 61.55648404720958, 58.34944098343703, 72.64687258273509, 57.98172447384141, 47.09783949390927, 80.7901672309354, 53.51474777363597, 89.00684190497779, 93.16192053011484, 48.862224026840245, 27.203318534572333, 80.8992994001524, 91.41025547362165, 4.680600218620043, 68.094641854319, 11.0700279175228, 83.91361321438535, 59.14724980913473, 45.781347021502455, 29.027204307239177], [22.13859924206191, 21.206855988310327, 73.90714126877687, 39.72899429352722, 51.937734253297776, 59.160031564577444, 80.27901813837777, 55.248933804332864, 49.49517481459799, 45.89009060460985, 49.42533225846088, 29.59224202123922, 70.1654575790411, 51.82231508866169, 42.85851665612136, 73.69586032372624, 71.68183234572263, 40.10044876243043, 24.69015098181278, 45.994332095171025, 83.3606635333945, 51.60722840480954, 44.83083550705337, 18.911227319479064, 75.70712396408081, 50.85064571037376, 49.87466490211689, 18.037935763426205, 11.505262695653471, 24.372797124131694, 0.0, 43.0484715945921, 32.31677637457569, 38.764866595901246, 38.753559188549026, 48.345058285915414, 35.28363716677436, 40.84818014792641, 56.649146148265544, 52.78314577005729, 64.64077178547969, 70.5781333392706, 50.778060653910494, 45.21339697509477, 63.38160302216411, 76.73718130144108, 27.735257258843376, 63.12759811810129, 13.483343244142022, 64.52959192628907, 38.0495186205987, 21.737850267620818, 36.53936141830393], [40.81023727463442, 63.88933892634034, 93.30407595468654, 3.7430351564381334, 60.95918007989334, 67.93980204119259, 115.93835002998154, 78.41831742545347, 88.80625594392339, 79.52246733791658, 85.80102707738129, 52.675564429375406, 77.32087804870886, 86.86216605113844, 66.03720854765244, 95.96913620429109, 84.77349524438031, 29.340114323749585, 18.503577943793935, 83.51101777412767, 118.38142545596631, 91.85968217398397, 63.165466323914266, 46.5789945022904, 93.46059791678182, 33.51363919903242, 37.09070184800789, 48.75767029314479, 44.982673544607756, 55.48838295264836, 43.0484715945921, 0.0, 75.13778549626733, 32.2559945606897, 70.3807936919236, 57.56563219333261, 60.28721485013465, 83.05573786115664, 66.16497310451992, 95.70395233460457, 67.10452933571314, 87.65580490286517, 93.82321298863928, 82.41937159637828, 94.34607797609206, 110.44945772857187, 60.16898002486545, 104.83115051539123, 50.03775714047349, 91.90724535858676, 66.78576336167413, 46.923444371824864, 78.37826447598624], [47.39423456701304, 14.944588287578258, 68.8974047375227, 71.69372595886507, 62.00843318736205, 67.07657823478291, 55.974255142270025, 51.33765546097574, 23.797021212260653, 32.02019854691008, 29.45491205718485, 39.83744493993921, 76.52544483822764, 33.37345707870012, 44.24704184191183, 65.86164710758926, 72.89601629683018, 65.68022991645117, 56.95513094189267, 35.13008174831601, 59.578292832688824, 32.327085204856864, 50.07187081384224, 35.23451700193002, 71.90220369118732, 75.84916958588269, 73.25030818209238, 37.4590442155049, 35.56474167972956, 37.482023508598076, 32.31677637457569, 75.13778549626733, 0.0, 63.10087629816251, 31.89322996976411, 59.61462711559445, 39.24947206070558, 9.688817667693613, 64.76190898429854, 20.584149228339644, 75.68328261374877, 68.48126088404068, 19.75664337864847, 35.3146310231785, 47.766274654014076, 55.27636212398452, 36.447225877344934, 31.724465453300798, 31.67408142882426, 53.10671933636729, 35.675993624164995, 37.276467904612616, 17.757056817965047], [52.19916837223769, 57.7101166544438, 61.69579547513099, 29.21177170317395, 28.80429776151971, 35.68568100777049, 90.3701153336859, 48.52381633862364, 68.52572767268765, 55.074261793926915, 62.824400203183856, 27.47654134897222, 45.209707336944675, 62.6755518511873, 37.489373747050585, 64.93087792493614, 52.55786900846783, 3.6503448472179247, 29.756528695025125, 84.66426264350778, 92.23744566933543, 89.27806558200618, 33.01363624948641, 27.91035922515075, 61.57779006398784, 12.76505303683348, 11.111597722064852, 54.324693198247026, 47.96581227354939, 61.55648404720958, 38.764866595901246, 32.2559945606897, 63.10087629816251, 0.0, 45.86622457965451, 25.561468701041957, 33.81689728687385, 68.13706940205607, 33.946584163041585, 82.50576113446826, 35.43479019916691, 55.78693114283202, 82.82380324418195, 83.92403695838935, 66.86026806504468, 83.7443370417324, 65.59214260957977, 87.07371925738171, 51.63472995621238, 62.803842281885174, 41.081577986480305, 26.205343208399594, 73.37587159344262], [60.76186161749715, 38.84927488616104, 38.18138993766849, 66.64169166529237, 32.98354298451688, 36.56782977912677, 45.60754480918637, 19.744152799814973, 24.165581724429174, 9.314439251345831, 17.04480401442658, 18.56924882510394, 45.13647591413938, 16.901768825698802, 13.495110237374027, 36.40145554711757, 41.00762971292544, 49.36308066379864, 56.080838231157614, 66.0203829502703, 48.00070064217203, 64.22022957331257, 20.212450366239352, 24.31150097538361, 40.835573223321774, 57.08377884090248, 53.04283465641951, 54.392819831088396, 48.990202465259735, 58.34944098343703, 38.753559188549026, 70.3807936919236, 31.89322996976411, 45.86622457965451, 0.0, 31.651358013336033, 12.35552750904355, 30.6079019312564, 34.49994414120277, 44.34538266578203, 45.944196201739814, 36.90959334780747, 47.4697216028637, 65.97923667274337, 25.021819225823553, 40.180851090280285, 59.623802076321525, 43.539213221903985, 48.17314877992308, 25.88281373550272, 5.335618541466792, 23.497608419121644, 49.15045359833162], [67.99147017018166, 60.490762125730775, 36.21148083069767, 54.31676127703147, 3.7955629632124577, 11.39183190522033, 70.21485129196773, 25.364430038927843, 55.7052839741608, 39.08408120134412, 47.59542213324827, 20.66732930746362, 22.30885531633099, 45.9825438700829, 18.6880259995381, 39.831948006432214, 27.378547959733137, 28.929380032506778, 51.096742120817225, 89.41126597874813, 71.42835744420312, 90.67024646410238, 11.91120281933228, 29.96980585016939, 36.016321782949845, 31.625660876621303, 26.709506865623073, 66.33682460425364, 59.7099464945563, 72.64687258273509, 48.345058285915414, 57.56563219333261, 59.61462711559445, 25.561468701041957, 31.651358013336033, 0.0, 20.649626526756727, 61.02786831682714, 9.105414744953855, 75.33594069780598, 16.70854230550417, 30.226528055831785, 77.65654352170165, 89.00959473578276, 45.709338256736, 62.65893853003903, 75.65846439846813, 75.08542284424281, 61.610434246384685, 39.884138923240954, 26.372404736843933, 27.023854114024218, 74.54231177256668], [57.18700771089726, 42.05828323530102, 38.685098065243515, 56.59142760189626, 22.78524633303973, 28.029848508739175, 56.75086501943134, 20.331556695223806, 36.27342168646224, 21.332637120685046, 29.381291344326833, 7.675070113951236, 38.11458483550656, 28.907526354717326, 7.577694669743676, 38.98674302322083, 37.129151727386876, 37.378258198081866, 47.78159227221207, 70.75037551425129, 58.81296143619526, 70.891518128298, 11.143680480182082, 17.187557418422955, 40.42348742683724, 44.768965655045335, 40.69015993685996, 52.76468714397522, 46.58724715163675, 57.98172447384141, 35.28363716677436, 60.28721485013465, 39.24947206070558, 33.81689728687385, 12.35552750904355, 20.649626526756727, 0.0, 40.38763695161667, 25.63826504485714, 54.7446180201682, 36.434052403603985, 35.34361068906822, 57.01058510294759, 70.4916744668882, 34.09614166210765, 50.53816055944446, 60.16574696301832, 55.552906086472355, 47.07067556933218, 32.039967519941044, 7.286217086813436, 15.127435830872562, 54.985465510829115], [57.00031179372078, 24.63340594980248, 64.932189206875, 79.51369144770693, 62.93218317009936, 67.10012406494262, 46.92382268221576, 48.674918216901546, 15.543571906178483, 27.929272258303453, 23.133863618356173, 42.736015641496216, 75.69151996217867, 27.208036106176483, 43.94478867861469, 61.15988936554322, 70.65301418973704, 71.01246125503471, 65.19122406813129, 41.59894605980401, 50.59396364230295, 36.242619509506376, 50.38682007921451, 40.39450601278151, 68.1865763349484, 80.72336988609753, 77.67036992912054, 47.13466928065538, 45.04607419761385, 47.09783949390927, 40.8481