instance_id,num_cities,city_coordinates,distance_matrix,best_route,total_distance
1078,51,"[[75.46755280604468, 58.24988967765451], [46.90518128182447, 94.62559465389478], [54.23429758859042, 38.71636013955177], [62.516862491385, 70.30040430575775], [62.840834081768904, 3.81811363440141], [14.074979717943503, 83.51673428938294], [76.87203272094342, 99.8852995411734], [52.846042814803226, 63.349201189157654], [8.793735029467042, 56.3977406052434], [34.479929039309845, 62.05510695839212], [18.23360500646626, 13.537397602736089], [8.462001531565022, 88.39081860812135], [34.33388145655907, 75.07955604966267], [8.10409337101522, 25.43904955775299], [26.39543969369432, 83.44891583767503], [15.1136714099961, 55.747586567808405], [45.564875198731535, 99.6902367763918], [96.22299347260463, 74.86450923633463], [79.76210954360103, 28.517670017895604], [16.09401185242787, 51.17127497686457], [77.56053276570157, 9.860247846149084], [60.22953127864228, 31.11684524534225], [48.28831737266732, 84.35791473100667], [29.549248893317714, 15.366370656050044], [29.04167102830829, 72.01718722081199], [19.876007505515048, 6.39743499237988], [9.181897203322265, 2.026120565229983], [33.067737954591095, 47.288172804047214], [26.328175903304107, 36.228109589078386], [60.07430298405999, 19.81434858392772], [2.3802480606466503, 2.839802765470145], [23.587284375306805, 67.13763835456469], [73.31886121536661, 42.05410345693571], [44.72033203717648, 25.69433018613072], [12.183207843375389, 93.59710342112722], [93.39764841381857, 24.577193632825512], [51.660722295714436, 72.62424231524332], [62.591889132079714, 80.64690901452096], [60.062587901911655, 77.33413535129291], [94.47793351244387, 28.95396965790561], [69.10054897599703, 0.9830512296300387], [62.11524275746678, 82.04219298358237], [95.98358645247596, 12.445422933910788], [69.65523976056284, 76.3422539558957], [99.96630081242526, 82.32764770127083], [55.59079975401776, 39.827340679746726], [5.92516351154867, 89.57898069568016], [70.76560958601715, 98.42444185091959], [37.84343173950814, 13.066590442197402], [31.085122788044593, 55.18545005560272], [47.53126448911132, 89.70461406284527]]","[[0.0, 46.249334909877966, 28.851514749584304, 17.689976891685028, 55.8771175792456, 66.38871490706138, 41.659091664780206, 23.18912874980829, 66.69953847734416, 41.163879562026594, 72.62872522820781, 73.47257650571657, 44.443408835063444, 74.9292125704561, 55.16396654270527, 60.405732512915066, 51.10256838702661, 26.586348006876882, 30.040774015798004, 59.79401434469049, 48.43488414038899, 31.119116315143177, 37.687395916001144, 62.82902862449704, 48.42417764384013, 76.02037204453354, 86.91892976728342, 43.79387555645961, 53.84827908725776, 41.40341724120839, 91.7171295154973, 52.63605540871519, 16.33769772211114, 44.780085292634986, 72.48678387665487, 38.14890283391326, 27.809839853860133, 25.834263879991443, 24.52593273719384, 34.92342343479171, 57.61969735779576, 27.282922868245258, 50.189210097990426, 19.003068913079705, 34.35006674409755, 27.10121073811232, 76.27355932958005, 40.44876898456566, 58.79715142615547, 44.488098234245484, 42.06941752716742], [46.249334909877966, 0.0, 56.38757354078916, 28.903969894497955, 92.19513891342659, 34.65874944834672, 30.424935179478826, 31.83561879271515, 53.98009967211362, 34.86005682744944, 86.00787747131785, 38.94548114546421, 23.239733312042326, 79.3240344750745, 23.357389609560624, 50.22150547994711, 5.238990382253726, 53.12953130007052, 73.82300071440119, 53.269184902723254, 90.13830813831292, 64.89144438426395, 10.36042066929097, 81.13724778309248, 28.81397378422058, 92.27558936299295, 99.98854315952744, 49.318417910805096, 61.91671351293696, 75.96149225067562, 102.01520117578332, 36.04597144837224, 58.83403924858085, 68.96588132799198, 34.737202444587325, 84.07334884271049, 22.509435245342644, 21.011341113401006, 21.72813645437295, 81.09210247866146, 96.23700060810721, 19.740515892175654, 95.71974967591949, 29.186395938264198, 54.46762253936055, 55.48232697769389, 41.28958911027533, 24.16094532268683, 82.06087053383811, 42.49469680655226, 4.9606481592562695], [28.851514749584304, 56.38757354078916, 0.0, 32.65199423100915, 35.94384619851709, 60.16514219878917, 65.22350956090779, 24.67192958590981, 48.7593677241835, 30.576660704771808, 43.9321069472314, 67.54742711959966, 41.45248580031263, 48.0029448830042, 52.68779316101519, 42.66715441948135, 61.5871132356305, 55.405227778283475, 27.489679216170373, 40.12239149952106, 37.10510024548327, 9.67964119302183, 46.02723309360348, 33.97901761333935, 41.75659848816504, 47.16995887321988, 58.1024307623669, 22.83635739549664, 28.016834552032073, 19.78362211194044, 63.05529178001015, 41.79723046172256, 19.37423803088033, 16.127268975908045, 69.13891908251327, 41.63753207581866, 34.005407855643824, 42.755353645642835, 39.05510888835062, 41.41080173442435, 40.556232956293506, 44.03676973148367, 49.32712501558233, 40.66341528880851, 63.193041718655955, 1.753389827021058, 70.14826159720775, 61.95433235866271, 30.439631548524535, 28.40977325867275, 51.42696462828588], [17.689976891685028, 28.903969894497955, 32.65199423100915, 0.0, 66.48308003170499, 50.21242261504535, 32.88368802932724, 11.909826950262211, 55.49286875139077, 29.224211978128093, 71.99337346897208, 57.001676142168236, 28.58532335658681, 70.52156119353141, 38.44009027609703, 49.58676263694416, 33.92833809402134, 34.013737218077786, 45.20171933081812, 50.209607151703985, 62.28422375035536, 39.250263498706055, 20.001627322579697, 64.06724279519675, 33.51918535804631, 76.82338186380827, 86.63715336136657, 37.373971352692976, 49.70455013608515, 50.545107768156456, 90.37336529845916, 39.057843524161186, 30.241307644926092, 48.0251844824487, 55.46361852509405, 55.174585937988844, 11.102072015726792, 10.346776729265647, 7.44961986825232, 52.25933140504457, 69.62930679827436, 11.748655232211169, 66.83726866221134, 9.352025301077136, 39.33338294955459, 31.250247227771865, 59.7853150953182, 29.308758357748204, 62.325657914187595, 34.87715732055617, 24.517167531809196], [55.8771175792456, 92.19513891342659, 35.94384619851709, 66.48308003170499, 0.0, 93.43435495651734, 97.08644984393169, 60.364279486483284, 75.40362118865528, 64.775676964783, 45.653799038345674, 100.54650593678025, 76.75180468939837, 58.852150800441905, 87.5747191353714, 70.53050556914584, 97.4162345355299, 78.49814579734706, 29.939900614340903, 66.54011780622996, 15.911534029707527, 27.423341333539167, 81.8439692539983, 35.23764868145943, 76.11502519975319, 43.04217956139412, 53.68885122709443, 52.688549963067665, 48.82194224976706, 16.23370650452439, 60.46850051203347, 74.49968708219558, 39.64568034882685, 28.406362754957446, 103.08473263890143, 36.941281847065454, 69.70852346444622, 76.82919870171922, 73.5684993792476, 40.406896916501104, 6.871798119558625, 78.2274444986979, 34.247226171697605, 72.84357936103203, 86.84496081734393, 36.731831293263866, 102.92871259060884, 94.93766062740484, 26.6534134235224, 60.39063214422618, 87.24032254042572], [66.38871490706138, 34.65874944834672, 60.16514219878917, 50.21242261504535, 93.43435495651734, 0.0, 64.89529870694565, 43.70268555831964, 27.62845207209338, 29.613567912392128, 70.10279400561305, 7.433856473387977, 21.94559355095437, 58.3838072375769, 12.320646628991106, 27.788566814676987, 35.40050423494327, 82.60240409458183, 85.67202632990526, 32.40841293395685, 97.2403899670399, 69.82829656806027, 34.22367686283157, 69.88508474536923, 18.87435910334514, 77.33717248162692, 81.63738348106213, 40.90517733407956, 48.85033104087616, 78.57437041114152, 81.5201449253514, 18.940927208995745, 72.31173660221772, 65.44133277256597, 10.256346457566156, 98.8228476711815, 39.13226835399602, 48.601711864992325, 46.401343042108664, 97.16856622957114, 99.1948693813374, 48.06288739733703, 108.44423062099136, 56.041399647588946, 85.89955160691699, 60.26878484958384, 10.157279935527987, 58.61797727301089, 74.35161114320626, 33.045523654506546, 34.02371006783798], [41.659091664780206, 30.424935179478826, 65.22350956090779, 32.88368802932724, 97.08644984393169, 64.89529870694565, 0.0, 43.7279621496145, 80.78256246725071, 56.817373446901705, 104.37636405813313, 69.36898052625556, 49.242453464041276, 101.34729211493183, 53.085225372858304, 75.90937292806909, 31.30776519655775, 31.630675451071955, 71.4261232870208, 77.89110353529341, 90.02768443653004, 70.75360881605131, 32.52888658030383, 96.86534575938256, 55.35679889542546, 109.49213537168461, 118.98896316986564, 68.44906121327594, 81.28295820526668, 81.81394081396532, 122.33909606629868, 62.54337470468589, 57.94024739575757, 80.85809663045144, 64.99373411710417, 77.09997917983858, 37.13186521618183, 23.959093701026248, 28.126721128546457, 73.08365960793913, 99.20711003086497, 23.154682067601637, 89.50409771137053, 24.62431919999947, 29.010624895242604, 63.716946719011744, 71.6915508184886, 6.278734641146773, 95.18781405295906, 63.98841821170502, 31.056835596092675], [23.18912874980829, 31.83561879271515, 24.67192958590981, 11.909826950262211, 60.364279486483284, 43.70268555831964, 43.7279621496145, 0.0, 44.597406039630876, 18.411648896621628, 60.656711315140015, 50.96102161054014, 21.915778409790555, 58.643172123842135, 33.22097130461781, 38.49047150505976, 37.063273862490206, 44.87941808658749, 44.0194299359237, 38.71709785987906, 58.922611476950024, 33.06721445154486, 21.497416260782675, 53.339409754787205, 25.333418600627727, 65.8067390259398, 75.27999620874954, 25.478186276319082, 37.930869685730514, 44.13084110272043, 78.7920283897122, 29.50300326368555, 29.54009953753255, 38.52163659420817, 50.679401509374244, 56.10437849763929, 9.350474459809696, 19.854274513353705, 15.737118748790284, 54.00228027730618, 64.4495588139948, 20.864946915904284, 66.72362633843774, 21.245435325278073, 50.79862346339322, 23.681461367059924, 53.7547230255293, 39.38760440479355, 52.47303386127859, 23.241868964900487, 26.88595649021591], [66.69953847734416, 53.98009967211362, 48.7593677241835, 55.49286875139077, 75.40362118865528, 27.62845207209338, 80.78256246725071, 44.597406039630876, 0.0, 26.30183181386847, 43.88758534569005, 31.9947978148302, 31.643471804096404, 30.966371388831384, 32.27361288332006, 6.353290181183899, 56.801029692045155, 89.35824962246743, 76.2483345203938, 8.97830633563393, 83.03379253773096, 57.31286771733675, 48.3900131391471, 45.982221299759594, 25.572368384445124, 51.21374156037735, 54.37300557858468, 25.92704077856787, 26.725842027639345, 62.99239018747335, 53.94057397496104, 18.280987553020008, 66.10016517338344, 47.25907091679685, 37.35346195286299, 90.3900955280539, 45.835335223266846, 59.01070710803223, 55.37894816461199, 89.97189802088266, 81.90054704931525, 59.16773718989117, 97.64157116642535, 64.04612690028604, 94.78816821447948, 49.64416804141942, 33.30500557712939, 74.87828025299528, 52.16774341868559, 22.324327908808566, 51.0876111024729], [41.163879562026594, 34.86005682744944, 30.576660704771808, 29.224211978128093, 64.775676964783, 29.613567912392128, 56.817373446901705, 18.411648896621628, 26.30183181386847, 0.0, 51.165527122273105, 37.020295243230414, 13.025267906170896, 45.1267145576518, 22.870374425064735, 20.367541531627772, 39.23364662856317, 63.05780516583296, 56.349228457548456, 21.36585475484199, 67.67748322135876, 40.2519322928602, 26.23140909114489, 46.94837275360794, 11.349788251289892, 57.54173244560387, 65.14191908567851, 14.83430578013401, 27.082925844615055, 49.38981317714808, 67.35608190499381, 12.020059615880186, 43.68641429142027, 37.77528214376354, 38.62695065552581, 69.8275851188629, 20.171422337325634, 33.70367048188909, 29.79800569016872, 68.5233232654683, 70.20244522619966, 34.105632556504624, 79.01785003532419, 37.9661040095632, 68.55246746965689, 30.655219067414894, 39.66028567536538, 51.37488815815085, 49.103848126921015, 7.662695051068632, 30.57503229994123], [72.62872522820781, 86.00787747131785, 43.9321069472314, 71.99337346897208, 45.653799038345674, 70.10279400561305, 104.37636405813313, 60.656711315140015, 43.88758534569005, 51.165527122273105, 0.0, 75.48853469686739, 63.61333325707771, 15.628701968848715, 70.38633338493943, 42.32533565269738, 90.38423550600179, 99.21370537703999, 63.32586700716069, 37.69464928973006, 59.440775463328976, 45.526858038713534, 76.93394167550981, 11.462501428736541, 59.47016129881366, 7.326428328057701, 14.643869474551911, 36.866873030026305, 24.091294868708744, 42.30891301927407, 19.125048019648627, 53.86694432987949, 62.028928447742324, 29.143399229269015, 80.28800534051439, 75.97045819085416, 67.8868719882504, 80.44466354269333, 76.2868767051424, 77.7873275235733, 52.39329729703317, 81.35419547805542, 77.75764929273652, 81.17040410349529, 106.8285171306257, 45.680642578656325, 77.03129293550074, 99.82695921613069, 19.615477661335156, 43.585797943905476, 81.60758368216858], [73.47257650571657, 38.94548114546421, 67.54742711959966, 57.001676142168236, 100.54650593678025, 7.433856473387977, 69.36898052625556, 50.96102161054014, 31.9947978148302, 37.020295243230414, 75.48853469686739, 0.0, 29.09542716224551, 62.952786473851205, 18.601897949065858, 33.314040736742534, 38.78530759583013, 88.79725644239525, 93.10477605705978, 37.99397333336939, 104.60237838078099, 77.20223546552819, 40.029985600263245, 76.00817061343155, 26.29864257718766, 82.78402315139986, 86.36769834734523, 47.90479889337398, 55.13754074028631, 85.82867762119105, 85.76691691433584, 26.08585540083668, 79.70886662753676, 72.42593590353499, 6.399435753970254, 106.23673020097412, 45.98602400358284, 54.68101011720806, 52.77187469102678, 104.55371618297428, 106.38210015911079, 54.02754243314568, 115.87808658750205, 62.36810334722181, 91.70495530955193, 67.67226175023555, 2.8012990354677583, 63.106363957854626, 80.8517642964976, 40.179623145245785, 39.09134644064787], [44.443408835063444, 23.239733312042326, 41.45248580031263, 28.58532335658681, 76.75180468939837, 21.94559355095437, 49.242453464041276, 21.915778409790555, 31.643471804096404, 13.025267906170896, 63.61333325707771, 29.09542716224551, 0.0, 56.14429327888868, 11.535382129933689, 27.260622118384326, 27.052187088472415, 61.889485627742594, 65.05177275035302, 30.071560435594712, 78.24385947757872, 51.02258932053792, 16.757512391654185, 59.90456759394213, 6.1143760156538125, 70.18734837640986, 77.26206538757064, 27.820210316822752, 39.667697355468775, 60.96566621176347, 78.99124408288158, 13.362761896497677, 51.093142061817744, 50.46562086466066, 28.87129893462061, 77.71111359942687, 17.499942257043323, 28.80122248837886, 25.827300733496468, 75.79496498900454, 81.84749963775474, 28.640571726227034, 87.88470149716221, 35.34392109602754, 66.03142663228162, 41.165219105353636, 31.894961519724323, 43.26955635978342, 62.11219563516668, 20.157626005786, 19.699320820699747], [74.9292125704561, 79.3240344750745, 48.0029448830042, 70.52156119353141, 58.852150800441905, 58.3838072375769, 101.34729211493183, 58.643172123842135, 30.966371388831384, 45.1267145576518, 15.628701968848715, 62.952786473851205, 56.14429327888868, 0.0, 60.825306707904254, 31.10854544935301, 83.1657921174392, 101.03374000576734, 71.72411857756202, 26.944131501304536, 71.18213284355288, 52.43375478574743, 71.31763128370851, 23.69290095434818, 51.067651858236566, 22.38662653564101, 23.437723974606836, 33.17480576471929, 21.178314392397244, 52.27370226288513, 23.31283682256483, 44.480349721207965, 67.29803831513512, 36.617128536471945, 68.2800079182863, 85.29790927962453, 64.21543692014765, 77.56821277235748, 73.43558458564937, 86.44532910509119, 65.71653863827332, 78.2375875377724, 88.83490100796153, 79.87289803097553, 108.05081098605095, 49.6186477497799, 64.17693122696436, 96.194246722714, 32.21033981754632, 37.58957376247893, 75.39605164419292], [55.16396654270527, 23.357389609560624, 52.68779316101519, 38.44009027609703, 87.5747191353714, 12.320646628991106, 53.085225372858304, 33.22097130461781, 32.27361288332006, 22.870374425064735, 70.38633338493943, 18.601897949065858, 11.535382129933689, 60.825306707904254, 0.0, 29.910565673765326, 25.12464454308122, 70.3532465735857, 76.58618163991449, 33.88163979367411, 89.62789078090704, 62.31686261245465, 21.911740507192768, 68.15555348521232, 11.734008669073761, 77.32679804898915, 83.2224587178626, 36.77116942424362, 47.220854155605885, 71.99738871725022, 84.11039495484204, 16.55123890901254, 62.57266159703571, 60.592027884712515, 17.463483197694355, 89.19179137532818, 27.48650690479193, 36.30474065714548, 34.21793986888619, 87.20622181768934, 92.86735262925193, 35.74749222117427, 99.41833922298558, 43.839650374146146, 73.57940505321656, 52.49010257477801, 21.368432374338298, 46.829246797775376, 71.30728048352364, 28.64989747869627, 22.042160739522842], [60.405732512915066, 50.22150547994711, 42.66715441948135, 49.58676263694416, 70.53050556914584, 27.788566814676987, 75.90937292806909, 38.49047150505976, 6.353290181183899, 20.367541531627772, 42.32533565269738, 33.314040736742534, 27.260622118384326, 31.10854544935301, 29.910565673765326, 0.0, 53.462438398720735, 83.33173979805274, 70.14904780843257, 4.680138369800004, 77.49360198193781, 51.40150026780892, 43.80762504809493, 42.88389552954615, 21.41702777641938, 49.57940404648339, 54.04795883939698, 19.84717074835246, 22.511665699223517, 57.55567724859917, 54.41850473018093, 14.196316296521138, 59.794277318042425, 42.187113822065186, 37.962791556271995, 84.26134612772476, 40.25553921711537, 53.6111687652017, 49.86365592472091, 83.76505241555488, 76.90082756468205, 53.85679191793583, 91.73342103265722, 58.30028304361385, 88.91832413155673, 43.49542674942673, 35.0569808459774, 70.13167757585215, 48.356069266551025, 15.98134088803946, 46.94656598029071], [51.10256838702661, 5.238990382253726, 61.5871132356305, 33.92833809402134, 97.4162345355299, 35.40050423494327, 31.30776519655775, 37.063273862490206, 56.801029692045155, 39.23364662856317, 90.38423550600179, 38.78530759583013, 27.052187088472415, 83.1657921174392, 25.12464454308122, 53.462438398720735, 0.0, 56.4141976362588, 78.96192180937923, 56.768137546342736, 95.35800445872563, 70.12390579547521, 15.572322774017202, 85.8313152843179, 32.23063678804792, 96.76499774231651, 104.22092248258866, 53.87165068809917, 66.31358976048153, 81.18300936275202, 106.04206047205659, 39.27704370767515, 63.97036504374265, 74.00072597796844, 33.93319892831632, 89.05022989152357, 27.743961649352006, 25.545401459606655, 26.64543008760149, 86.000620692286, 101.47431408347984, 24.194381910727863, 100.76558929960972, 33.548084394017465, 57.10494381569569, 60.696667884374136, 40.90897508093683, 25.23250384824841, 86.96710178754708, 46.801060574924136, 10.177393960077243], [26.586348006876882, 53.12953130007052, 55.405227778283475, 34.013737218077786, 78.49814579734706, 82.60240409458183, 31.630675451071955, 44.87941808658749, 89.35824962246743, 63.05780516583296, 99.21370537703999, 88.79725644239525, 61.889485627742594, 101.03374000576734, 70.3532465735857, 83.33173979805274, 56.4141976362588, 0.0, 49.183230935593954, 83.55850073547724, 67.63018141717696, 56.65145563334598, 48.86571314011666, 89.361158848477, 67.24163388871953, 102.55048767210317, 113.49706297504524, 68.91328341163467, 79.86273787410687, 65.85778626626018, 118.29631950600893, 73.04553901293916, 40.014022565419054, 71.20555205011368, 86.10223953823112, 50.36662273081389, 44.618547806046244, 34.12458536536441, 36.244640765010864, 45.94369247945852, 78.70258466319905, 34.854810325426975, 62.419545420891374, 26.60881934171265, 8.349298508687145, 53.652384353796634, 91.4888723616357, 34.686435665154015, 85.01268138010471, 68.04562857052034, 50.9029781315768], [30.040774015798004, 73.82300071440119, 27.489679216170373, 45.20171933081812, 29.939900614340903, 85.67202632990526, 71.4261232870208, 44.0194299359237, 76.2483345203938, 56.349228457548456, 63.32586700716069, 93.10477605705978, 65.05177275035302, 71.72411857756202, 76.58618163991449, 70.14904780843257, 78.96192180937923, 49.183230935593954, 0.0, 67.57819530921044, 18.786866220947143, 19.704753881734003, 64.09939565424355, 51.90653185861728, 66.81894102775358, 63.84081778063388, 75.38811953087746, 50.32589902761264, 53.98737021430583, 21.525741127981444, 81.5310085378583, 68.16973622520293, 14.991680335067803, 35.15533271945227, 93.82025691232366, 14.193494087873804, 52.29797018123021, 54.88418740718959, 52.64141374011691, 14.722290326502948, 29.526667701449067, 56.358552732233086, 22.83535503191972, 48.8808719813191, 57.47802226166601, 26.686342338798323, 95.8142904844008, 70.48328709418483, 44.67562432577644, 55.5033290149352, 69.15684705426011], [59.79401434469049, 53.269184902723254, 40.12239149952106, 50.209607151703985, 66.54011780622996, 32.40841293395685, 77.89110353529341, 38.71709785987906, 8.97830633563393, 21.36585475484199, 37.69464928973006, 37.99397333336939, 30.071560435594712, 26.944131501304536, 33.88163979367411, 4.680138369800004, 56.768137546342736, 83.55850073547724, 67.57819530921044, 0.0, 74.05899105292093, 48.47807985964703, 46.23663445907072, 38.249634994980234, 24.539640083283977, 44.93328652654077, 49.62885784567066, 17.412233064021287, 18.11177256998824, 54.01409853765198, 50.23941205326313, 17.637286996896545, 57.94658058190174, 38.32154646135574, 42.60569571288828, 81.75021338289551, 41.535776137904726, 55.05329775259072, 51.16376591681922, 81.47176093861829, 72.99692309087276, 55.41630872398848, 88.78082983521497, 59.18093711483456, 89.4722326575761, 41.09356518824454, 39.73106259795907, 72.26233720528762, 43.87487035776888, 15.519246394291503, 49.73046424936961], [48.43488414038899, 90.13830813831292, 37.10510024548327, 62.28422375035536, 15.911534029707527, 97.2403899670399, 90.02768443653004, 58.922611476950024, 83.03379253773096, 67.67748322135876, 59.440775463328976, 104.60237838078099, 78.24385947757872, 71.18213284355288, 89.62789078090704, 77.49360198193781, 95.35800445872563, 67.63018141717696, 18.786866220947143, 74.05899105292093, 0.0, 27.426384113401408, 80.04226986601141, 48.32598439217082, 78.85153807452208, 57.78836844342749, 68.82594969650854, 58.14170926931571, 57.619601895277604, 20.12094315568269, 75.50736293543792, 78.70076877175208, 32.4720821110858, 36.45815337395927, 106.23584891920504, 21.619498730077105, 67.89785846473913, 72.35199853215013, 69.70583597886936, 25.510167789542738, 12.262787019695022, 73.81592096060244, 18.603549053343436, 66.95036067022703, 75.85210928857342, 37.157715504348864, 107.17603507927386, 88.82447545993413, 39.84631409262454, 64.91793040385035, 85.30462923999684], [31.119116315143177, 64.89144438426395, 9.67964119302183, 39.250263498706055, 27.423341333539167, 69.82829656806027, 70.75360881605131, 33.06721445154486, 57.31286771733675, 40.2519322928602, 45.526858038713534, 77.20223546552819, 51.02258932053792, 52.43375478574743, 62.31686261245465, 51.40150026780892, 70.12390579547521, 56.65145563334598, 19.704753881734003, 48.47807985964703, 27.426384113401408, 0.0, 54.56376150455169, 34.48705810925595, 51.43462453158121, 47.32289217876065, 58.75483986108605, 31.61130891926815, 34.28449969704266, 11.303562562516541, 64.39045503989207, 51.38240744011908, 17.057378912936663, 16.42981833980093, 78.81771284019234, 33.80667149403899, 42.38264384042526, 49.58636860677142, 46.217591616489926, 34.31662988078805, 31.412425833866354, 50.960248724295376, 40.33577162402331, 46.19720309090967, 64.81941947565656, 9.86866560738211, 79.79214021441844, 68.12724496791472, 28.756723579616565, 37.7980724876192, 59.94808282565243], [37.687395916001144, 10.36042066929097, 46.02723309360348, 20.001627322579697, 81.8439692539983, 34.22367686283157, 32.52888658030383, 21.497416260782675, 48.3900131391471, 26.23140909114489, 76.93394167550981, 40.029985600263245, 16.757512391654185, 71.31763128370851, 21.911740507192768, 43.80762504809493, 15.572322774017202, 48.86571314011666, 64.09939565424355, 46.23663445907072, 80.04226986601141, 54.56376150455169, 0.0, 71.4911591829398, 22.863222672792755, 82.9764771068519, 91.14733363635591, 40.07283124953042, 52.90298627066748, 65.61083285414315, 93.55615108790573, 30.111110069503233, 49.154252851340395, 58.771988829782565, 37.26850603088107, 74.89049580553392, 12.208692940910511, 14.777135328082009, 13.710102963534732, 72.1323628394572, 85.93321155515963, 14.019501874471345, 86.29162861519495, 22.820959445036557, 51.71784949717001, 45.125361763255476, 42.68367761648806, 26.515954639793048, 72.05240145020804, 33.86713154600023, 5.400029890063916], [62.82902862449704, 81.13724778309248, 33.97901761333935, 64.06724279519675, 35.23764868145943, 69.88508474536923, 96.86534575938256, 53.339409754787205, 45.982221299759594, 46.94837275360794, 11.462501428736541, 76.00817061343155, 59.90456759394213, 23.69290095434818, 68.15555348521232, 42.88389552954615, 85.8313152843179, 89.361158848477, 51.90653185861728, 38.249634994980234, 48.32598439217082, 34.48705810925595, 71.4911591829398, 0.0, 56.65309040770286, 13.191414097273764, 24.347305545985684, 32.11512443771902, 21.108942714329054, 30.847421851584755, 29.917712301628082, 52.1134261013924, 51.264159457401846, 18.352888377932775, 80.13505431900074, 64.50935886550873, 61.378995780034934, 73.16669161797633, 69.07291595682327, 66.33518623630431, 42.0854513573584, 74.20383574595355, 66.49851985209636, 72.98320935420658, 97.17187774508167, 35.72816012238267, 77.88201909952849, 92.72233592486072, 8.607116713398725, 39.84868872181849, 76.48220262057897], [48.42417764384013, 28.81397378422058, 41.75659848816504, 33.51918535804631, 76.11502519975319, 18.87435910334514, 55.35679889542546, 25.333418600627727, 25.572368384445124, 11.349788251289892, 59.47016129881366, 26.29864257718766, 6.1143760156538125, 51.067651858236566, 11.734008669073761, 21.41702777641938, 32.23063678804792, 67.24163388871953, 66.81894102775358, 24.539640083283977, 78.85153807452208, 51.43462453158121, 22.863222672792755, 56.65309040770286, 0.0, 66.25678282511069, 72.7541066055087, 25.054607738287753, 35.89179757999975, 60.73022812281968, 74.13731850251078, 7.318492392462816, 53.462659487739664, 48.90426867755538, 27.38431237351717, 79.95151541323347, 22.6271959403993, 34.64230409553394, 31.47327788936568, 78.33482721473827, 81.55097901583743, 34.55954119295235, 89.61035175084703, 40.843214460084944, 71.67013817018324, 41.72580084829557, 29.030837222276695, 49.37843806629371, 59.60405902429822, 16.95532574423318, 25.587304169021976], [76.02037204453354, 92.27558936299295, 47.16995887321988, 76.82338186380827, 43.04217956139412, 77.33717248162692, 109.49213537168461, 65.8067390259398, 51.21374156037735, 57.54173244560387, 7.326428328057701, 82.78402315139986, 70.18734837640986, 22.38662653564101, 77.32679804898915, 49.57940404648339, 96.76499774231651, 102.55048767210317, 63.84081778063388, 44.93328652654077, 57.78836844342749, 47.32289217876065, 82.9764771068519, 13.191414097273764, 66.25678282511069, 0.0, 11.553024927544934, 42.965965496234354, 30.52047876307876, 42.37825538768046, 17.85380479378691, 60.85347878703253, 64.24590740773957, 31.458077270442303, 87.53834211775597, 75.73595781446477, 73.4592274835095, 85.65997277433193, 81.52899301332171, 77.93744042538442, 49.521419956515075, 86.63880427508977, 76.3475063856626, 85.85015820451929, 110.3623680608763, 48.91937223248017, 84.34331979317757, 105.1604564047416, 19.16522809721066, 50.05911185015468, 87.77755592124524], [86.91892976728342, 99.98854315952744, 58.1024307623669, 86.63715336136657, 53.68885122709443, 81.63738348106213, 118.98896316986564, 75.27999620874954, 54.37300557858468, 65.14191908567851, 14.643869474551911, 86.36769834734523, 77.26206538757064, 23.437723974606836, 83.2224587178626, 54.04795883939698, 104.22092248258866, 113.49706297504524, 75.38811953087746, 49.62885784567066, 68.82594969650854, 58.75483986108605, 91.14733363635591, 24.347305545985684, 72.7541066055087, 11.553024927544934, 0.0, 51.1779909850357, 38.259259355676214, 53.911575957269605, 6.850146697921702, 66.6860174879684, 75.60284099860903, 42.698530385705325, 91.62015480642413, 87.18281739223758, 82.3926293782384, 95.04659706805973, 90.88532212069995, 89.44564196653128, 59.927730007851366, 95.94014236394213, 87.42479693059997, 95.81186169877185, 121.2029009514245, 59.8558140710332, 87.61341011147383, 114.39051524288858, 30.714419041766046, 57.494918061349104, 95.69844404812292], [43.79387555645961, 49.318417910805096, 22.83635739549664, 37.373971352692976, 52.688549963067665, 40.90517733407956, 68.44906121327594, 25.478186276319082, 25.92704077856787, 14.83430578013401, 36.866873030026305, 47.90479889337398, 27.820210316822752, 33.17480576471929, 36.77116942424362, 19.84717074835246, 53.87165068809917, 68.91328341163467, 50.32589902761264, 17.412233064021287, 58.14170926931571, 31.61130891926815, 40.07283124953042, 32.11512443771902, 25.054607738287753, 42.965965496234354, 51.1779909850357, 0.0, 12.951706256793129, 38.52486952565779, 54.01277288824578, 21.997278984232214, 40.59000376551493, 24.537257138092077, 50.80040012503647, 64.46306439298453, 31.426350169649336, 44.54751153893082, 40.39160542821793, 64.08865050426408, 58.67305816237899, 45.29458526041079, 71.91954679168727, 46.720283817418995, 75.51941812220717, 23.726616463537038, 50.251684345135175, 63.52989483364186, 34.55320463395784, 8.142343083324132, 44.81459682821922], [53.84827908725776, 61.91671351293696, 28.016834552032073, 49.70455013608515, 48.82194224976706, 48.85033104087616, 81.28295820526668, 37.930869685730514, 26.725842027639345, 27.082925844615055, 24.091294868708744, 55.13754074028631, 39.667697355468775, 21.178314392397244, 47.220854155605885, 22.511665699223517, 66.31358976048153, 79.86273787410687, 53.98737021430583, 18.11177256998824, 57.619601895277604, 34.28449969704266, 52.90298627066748, 21.108942714329054, 35.89179757999975, 30.52047876307876, 38.259259355676214, 12.951706256793129, 0.0, 37.526159452903386, 41.08871232473138, 31.03081460214463, 47.35046684717689, 21.195091784719963, 59.08706774513405, 68.0739156025149, 44.3442937044242, 57.34184021756341, 53.17627202856215, 68.53687017892474, 55.42282956535643, 58.134709006779026, 73.60361678145692, 59.045567494714085, 86.87773508954302, 29.483141268738464, 57.11915932934729, 76.43997160603128, 25.866137828531063, 19.54505823035489, 57.52658078063042], [41.40341724120839, 75.96149225067562, 19.78362211194044, 50.545107768156456, 16.23370650452439, 78.57437041114152, 81.81394081396532, 44.13084110272043, 62.99239018747335, 49.38981317714808, 42.30891301927407, 85.82867762119105, 60.96566621176347, 52.27370226288513, 71.99738871725022, 57.55567724859917, 81.18300936275202, 65.85778626626018, 21.525741127981444, 54.01409853765198, 20.12094315568269, 11.303562562516541, 65.61083285414315, 30.847421851584755, 60.73022812281968, 42.37825538768046, 53.911575957269605, 38.52486952565779, 37.526159452903386, 0.0, 60.1393313834528, 59.75614011690492, 25.884841501426166, 16.44136878365024, 87.96278704736673, 33.66199702321332, 53.475912483211985, 60.88463392806496, 57.519787960373336, 35.596944628850494, 20.88278900800701, 62.26130462643955, 36.65757363015902, 57.33409487606402, 74.1571578289831, 20.509062724588688, 88.31326740247833, 79.33379355799275, 23.232388517565948, 45.73278241870465, 71.00688011312239], [91.7171295154973, 102.01520117578332, 63.05529178001015, 90.37336529845916, 60.46850051203347, 81.5201449253514, 122.33909606629868, 78.7920283897122, 53.94057397496104, 67.35608190499381, 19.125048019648627, 85.76691691433584, 78.99124408288158, 23.31283682256483, 84.11039495484204, 54.41850473018093, 106.04206047205659, 118.29631950600893, 81.5310085378583, 50.23941205326313, 75.50736293543792, 64.39045503989207, 93.55615108790573, 29.917712301628082, 74.13731850251078, 17.85380479378691, 6.850146697921702, 54.01277288824578, 41.08871232473138, 60.1393313834528, 0.0, 67.70487464498807, 81.05583393584747, 48.11457299780727, 91.28518851819899, 93.57714105896677, 85.43086763055335, 98.38387826959338, 94.2160173058189, 95.72843557723147, 66.74613157704908, 99.2032671220623, 94.0949142988911, 99.6420334960336, 125.86244548796441, 64.80309230640901, 86.81158571044925, 117.52863863778587, 36.90832674106926, 59.69955295761077, 97.89846641419913], [52.63605540871519, 36.04597144837224, 41.79723046172256, 39.057843524161186, 74.49968708219558, 18.940927208995745, 62.54337470468589, 29.50300326368555, 18.280987553020008, 12.020059615880186, 53.86694432987949, 26.08585540083668, 13.362761896497677, 44.480349721207965, 16.55123890901254, 14.196316296521138, 39.27704370767515, 73.04553901293916, 68.16973622520293, 17.637286996896545, 78.70076877175208, 51.38240744011908, 30.111110069503233, 52.1134261013924, 7.318492392462816, 60.85347878703253, 66.6860174879684, 21.997278984232214, 31.03081460214463, 59.75614011690492, 67.70487464498807, 0.0, 55.69931290383521, 46.52046319011281, 28.81243226724866, 81.76110555821609, 28.604558023019962, 41.27783407588178, 37.87368899859426, 80.52003905998117, 80.29873381494262, 41.31040214990437, 90.7329211591247, 46.978521280966326, 77.87483891382782, 42.07228726468952, 28.558087461823185, 56.609702725832015, 55.918833678925594, 14.10930140004705, 32.90262263571693], [16.33769772211114, 58.83403924858085, 19.37423803088033, 30.241307644926092, 39.64568034882685, 72.31173660221772, 57.94024739575757, 29.54009953753255, 66.10016517338344, 43.68641429142027, 62.028928447742324, 79.70886662753676, 51.093142061817744, 67.29803831513512, 62.57266159703571, 59.794277318042425, 63.97036504374265, 40.014022565419054, 14.991680335067803, 57.94658058190174, 32.4720821110858, 17.057378912936663, 49.154252851340395, 51.264159457401846, 53.462659487739664, 64.24590740773957, 75.60284099860903, 40.59000376551493, 47.35046684717689, 25.884841501426166, 81.05583393584747, 55.69931290383521, 0.0, 32.94720098320853, 79.96404791235189, 26.61954305319304, 37.46476172724393, 40.05586812042899, 37.688319578191326, 24.8861376277122, 41.2871104487452, 41.52792278144071, 37.28758147678952, 34.483320414418166, 48.2912456153215, 17.86736230234437, 82.46529237655879, 56.42813256288949, 45.81246563192414, 44.22805585871688, 54.18091274535592], [44.780085292634986, 68.96588132799198, 16.127268975908045, 48.0251844824487, 28.406362754957446, 65.44133277256597, 80.85809663045144, 38.52163659420817, 47.25907091679685, 37.77528214376354, 29.143399229269015, 72.42593590353499, 50.46562086466066, 36.617128536471945, 60.592027884712515, 42.187113822065186, 74.00072597796844, 71.20555205011368, 35.15533271945227, 38.32154646135574, 36.45815337395927, 16.42981833980093, 58.771988829782565, 18.352888377932775, 48.90426867755538, 31.458077270442303, 42.698530385705325, 24.537257138092077, 21.195091784719963, 16.44136878365024, 48.11457299780727, 46.52046319011281, 32.94720098320853, 0.0, 75.29575727626485, 48.6901337409381, 47.44033799823773, 57.78562514057305, 53.870718321876055, 49.86425727971373, 34.71371898327728, 58.97172679180512, 52.94766091741587, 56.453182420141, 79.11668419926633, 17.830004318438863, 74.74164616637192, 77.25299751704655, 14.378858395039018, 32.49069224290517, 64.07197346131085], [72.48678387665487, 34.737202444587325, 69.13891908251327, 55.46361852509405, 103.08473263890143, 10.256346457566156, 64.99373411710417, 50.679401509374244, 37.35346195286299, 38.62695065552581, 80.28800534051439, 6.399435753970254, 28.87129893462061, 68.2800079182863, 17.463483197694355, 37.962791556271995, 33.93319892831632, 86.10223953823112, 93.82025691232366, 42.60569571288828, 106.23584891920504, 78.81771284019234, 37.26850603088107, 80.13505431900074, 27.38431237351717, 87.53834211775597, 91.62015480642413, 50.80040012503647, 59.08706774513405, 87.96278704736673, 91.28518851819899, 28.81243226724866, 79.96404791235189, 75.29575727626485, 0.0, 106.58111138637724, 44.702740970787644, 52.04558275622501, 50.56598822558708, 104.64777405982892, 108.70577898592414, 51.25157622826565, 116.65375562290254, 60.006368684982206, 88.5035142999116, 69.10431550015682, 7.436963701394717, 58.78095771805719, 84.51988293324385, 42.81048356242567, 35.561729176665395], [38.14890283391326, 84.07334884271049, 41.63753207581866, 55.174585937988844, 36.941281847065454, 98.8228476711815, 77.09997917983858, 56.10437849763929, 90.3900955280539, 69.8275851188629, 75.97045819085416, 106.23673020097412, 77.71111359942687, 85.29790927962453, 89.19179137532818, 84.26134612772476, 89.05022989152357, 50.36662273081389, 14.193494087873804, 81.75021338289551, 21.619498730077105, 33.80667149403899, 74.89049580553392, 64.50935886550873, 79.95151541323347, 75.73595781446477, 87.18281739223758, 64.46306439298453, 68.0739156025149, 33.66199702321332, 93.57714105896677, 81.76110555821609, 26.61954305319304, 48.6901337409381, 106.58111138637724, 0.0, 63.6434591209396, 63.97505598206831, 62.40609873095948, 4.508124251618161, 33.86786968254211, 65.4279378708441, 12.404311179215922, 56.950183835605735, 58.122819438197716, 40.76671179452425, 108.98012633660566, 77.23746015301066, 56.73416057463377, 69.4241759843444, 79.65742944758635], [27.809839853860133, 22.509435245342644, 34.005407855643824, 11.102072015726792, 69.70852346444622, 39.13226835399602, 37.13186521618183, 9.350474459809696, 45.835335223266846, 20.171422337325634, 67.8868719882504, 45.98602400358284, 17.499942257043323, 64.21543692014765, 27.48650690479193, 40.25553921711537, 27.743961649352006, 44.618547806046244, 52.29797018123021, 41.535776137904726, 67.89785846473913, 42.38264384042526, 12.208692940910511, 61.378995780034934, 22.6271959403993, 73.4592274835095, 82.3926293782384, 31.426350169649336, 44.3442937044242, 53.475912483211985, 85.43086763055335, 28.604558023019962, 37.46476172724393, 47.44033799823773, 44.702740970787644, 63.6434591209396, 0.0, 13.55926212491485, 9.631948820235094, 61.15886109423751, 73.73335618838772, 14.071062251175864, 74.73959184521802, 18.374609365990903, 49.27052863446568, 33.03153441359791, 48.77708981529075, 32.103691601681575, 61.13944238333841, 26.971591917699712, 17.572464847391046], [25.834263879991443, 21.011341113401006, 42.755353645642835, 10.346776729265647, 76.82919870171922, 48.601711864992325, 23.959093701026248, 19.854274513353705, 59.01070710803223, 33.70367048188909, 80.44466354269333, 54.68101011720806, 28.80122248837886, 77.56821277235748, 36.30474065714548, 53.6111687652017, 25.545401459606655, 34.12458536536441, 54.88418740718959, 55.05329775259072, 72.35199853215013, 49.58636860677142, 14.777135328082009, 73.16669161797633, 34.64230409553394, 85.65997277433193, 95.04659706805973, 44.54751153893082, 57.34184021756341, 60.88463392806496, 98.38387826959338, 41.27783407588178, 40.05586812042899, 57.78562514057305, 52.04558275622501, 63.97505598206831, 13.55926212491485, 0.0, 4.16795322151137, 60.73614908399498, 79.92929932218316, 1.4744521425775114, 75.93713290308385, 8.27169736357907, 37.41218425840821, 41.415605893393796, 57.36636381251574, 19.566562800051184, 71.96933792698576, 40.5087918577474, 17.574539407302442], [24.52593273719384, 21.72813645437295, 39.05510888835062, 7.44961986825232, 73.5684993792476, 46.401343042108664, 28.126721128546457, 15.737118748790284, 55.37894816461199, 29.79800569016872, 76.2868767051424, 52.77187469102678, 25.827300733496468, 73.43558458564937, 34.21793986888619, 49.86365592472091, 26.64543008760149, 36.244640765010864, 52.64141374011691, 51.16376591681922, 69.70583597886936, 46.217591616489926, 13.710102963534732, 69.07291595682327, 31.47327788936568, 81.52899301332171, 90.88532212069995, 40.39160542821793, 53.17627202856215, 57.519787960373336, 94.2160173058189, 37.87368899859426, 37.688319578191326, 53.870718321876055, 50.56598822558708, 62.40609873095948, 9.631948820235094, 4.16795322151137, 0.0, 59.37218579446093, 76.88415172797268, 5.136068401510342, 74.1678039047629, 9.643795849343714, 40.214940875675445, 37.77243089573624, 55.50492732298846, 23.65070192232416, 68.00006050888398, 36.47269862174865, 17.608600456287483], [34.92342343479171, 81.09210247866146, 41.41080173442435, 52.25933140504457, 40.406896916501104, 97.16856622957114, 73.08365960