instance_id,num_cities,city_coordinates,distance_matrix,best_route,total_distance
2498,97,"[[89.14289511555809, 97.06177233305937], [98.65624245010271, 24.610584303395335], [42.5103984028811, 66.71069534551408], [13.39033732281285, 5.519982433940651], [84.41104249929803, 27.32888628773562], [73.05874509332946, 55.8477948092481], [92.18812560347044, 98.75664439488864], [8.485538598408471, 73.70418888428428], [93.23667369110386, 86.97081928539879], [22.940824457562513, 16.034698916617685], [91.58060707039677, 7.723995510017523], [89.2960966184491, 14.981871278849802], [42.940389538886706, 87.80653904882469], [72.58210726958215, 26.986011075235616], [29.331534821563075, 97.72991168571116], [91.95885598351235, 94.58136069770023], [74.73874335682083, 44.38665113436947], [88.17853503859452, 24.593252841884006], [48.48877231919813, 44.3975672460194], [34.524358553887915, 12.388673082906699], [26.763999485736267, 2.7842964423678174], [24.511234182558674, 71.25105321423474], [0.2508453990405779, 81.90948348060401], [95.89278549785546, 63.454329135091825], [48.50064159674623, 43.21880898520452], [5.064468641462527, 52.05325757030922], [47.56292489156537, 6.445152950791222], [44.8660123138334, 27.335637940929303], [2.9236591206369456, 10.879769733046585], [33.13083234438442, 96.51132177443581], [29.59720455604449, 69.1770578695607], [47.06663608831345, 33.289497771513574], [69.7214864886761, 15.41405877327433], [19.304005651948476, 94.7614445059008], [22.048191871557442, 42.36167387478027], [91.54759628257625, 93.2255381592402], [13.68123789324347, 80.65182927442326], [25.434580976915967, 45.716658711694116], [71.44012231122007, 87.39611886756636], [5.711707869104343, 3.438364626427426], [65.08863972086588, 58.997465218227696], [20.075566475547546, 3.9639335438780954], [61.870522648506885, 25.364220788239322], [61.35801926504606, 0.04394217425143232], [76.46869293870814, 30.835023884997316], [68.96577227299304, 2.834713650991827], [19.892617545367298, 85.75759763592944], [33.97858521613849, 44.09628450711094], [32.13716877727335, 50.508792724502904], [53.57952417917608, 12.433716161593678], [94.53896493996041, 98.69021631871165], [72.56448915519977, 61.25986503240456], [64.13129089298867, 15.594906915495365], [14.997241207739131, 72.97554826108878], [90.45935582771556, 38.76962690238024], [13.66779588432725, 91.51282768675102], [58.58723893241242, 22.77416351443129], [74.97144219970188, 0.7427880005463461], [56.06159727182122, 22.97305550560067], [56.35529752206602, 43.49704954958147], [12.697693267852095, 77.92209350179547], [37.16370145941442, 7.030892532063405], [3.112619742136724, 76.06500533570244], [41.55351502787524, 56.67969300361712], [84.50372544492916, 99.85953645018076], [45.749720039026855, 92.66962265192919], [82.18605245503342, 45.467138414938105], [58.04207290318632, 52.41635094498085], [38.07798349363117, 67.65229208265097], [71.3000022307459, 88.03220093320597], [44.16561471140632, 67.71520825554903], [71.03336122807298, 15.721541690598462], [17.129839411941493, 3.26597921136228], [12.995765701415818, 11.53875882378258], [1.771552673629051, 87.28208342400984], [72.52931526705333, 16.942696805524683], [98.97163060625886, 23.420350978367278], [99.92450545589196, 65.47939641199726], [38.09960098692079, 61.91428381805992], [1.8084876693388097, 65.93342315223354], [79.63522771950703, 14.262794513040532], [67.08076512260462, 74.36219282648328], [96.20383867517604, 78.30883336088199], [67.24114791300767, 24.625789551967625], [35.39800235283559, 41.794364247125415], [69.2524874007527, 51.966972254932166], [19.068175265953958, 71.30259107499192], [60.363880940437234, 41.49643717076024], [53.177893468518754, 60.3886701960213], [13.472766995616592, 14.124878564097344], [9.151968146818735, 15.01948150546496], [39.84085948643256, 51.71714890596667], [13.11065213654553, 61.14389252882544], [48.92801469826825, 56.23910451383259], [62.07942823274208, 82.41161635613928], [11.926986530363514, 93.23298450577414], [69.5708563765564, 69.18977059609607]]","[[0.0, 73.07310328990701, 55.639712651681904, 118.82066028295584, 69.893245921134, 44.241290953935525, 3.4851140627647026, 83.97133954452, 10.889736288620025, 104.63317249247329, 89.37102890343378, 82.0800440287974, 47.12038693291849, 72.00605536996828, 59.81509199535386, 3.752609424210662, 54.60904669727721, 72.47493571988115, 66.5302652767244, 100.7606980561603, 113.04587157572864, 69.59486199705451, 90.17421117077801, 34.27858308736879, 67.4600435307139, 95.3674378365519, 99.70088079901288, 82.59646583182023, 121.90608773845757, 56.01476744305369, 65.7513997183345, 76.40232049146785, 83.92580200744602, 69.87676287309453, 86.56673711504862, 4.527613095112756, 77.2253063569565, 81.82340730609313, 20.169606388747574, 125.40376978366741, 45.02775453789922, 115.92024617245947, 76.70932927293589, 100.91807912733807, 67.4286112182548, 96.36314064038054, 70.16683909890556, 76.47512005430194, 73.59913549621412, 91.79684767855295, 5.636434987137911, 39.454025276910905, 85.21989501724312, 77.95976002697317, 58.307008907318334, 75.67880410426645, 80.32619092657211, 97.35592853336267, 81.1388330466084, 62.802914604527736, 78.80479802207758, 103.95862586088886, 88.55547699136405, 62.413631748996245, 5.417506740922005, 43.61488991209245, 52.06153963290218, 54.410245296310286, 58.92828461404903, 19.997549503975026, 53.70453030898897, 83.33179668404317, 118.2519809521193, 114.51013561131639, 87.91697103098251, 81.82345200961305, 74.29443438431616, 33.371988109042555, 61.973896314614564, 92.7160873133981, 83.34306490256945, 31.65451768075682, 20.038204611349773, 75.67468620342633, 77.09085480531202, 49.28660378994936, 74.65923774782647, 62.57585899203017, 51.365336208625834, 112.26974943292807, 114.58396869352089, 66.98377110106901, 84.08921489733984, 57.303811521188145, 30.77431250028774, 77.3107764471648, 34.05749816451978], [73.07310328990701, 0.0, 70.17674225506381, 87.3769171859137, 14.502237321064424, 40.38558147553371, 74.42764783756787, 102.66906955775252, 62.59529241519847, 76.19954285920767, 18.30905505762598, 13.428493753912807, 84.24953983144722, 26.182115608950234, 100.75887615800795, 70.29057216088572, 31.034490203325312, 10.477721745719906, 53.92865428792841, 65.28609075414977, 75.13242602392081, 87.59460937304961, 113.87179640146684, 38.94192094487471, 53.4962645683781, 97.53215080516914, 54.22646950856853, 53.859212540105446, 96.71226798963205, 97.27947069347188, 82.19076153058009, 52.314539313191425, 30.361096560787782, 105.91468581845395, 78.6377428110464, 68.98220598802861, 101.79082737330025, 76.20287452467002, 68.43055272261658, 95.32549183994902, 48.05456827439749, 81.2478111963855, 36.7934389432791, 44.66181096041365, 23.044109907427508, 36.82000220000058, 99.71291715531625, 67.54918102910833, 71.3828015821348, 46.69246885547298, 74.19396103201528, 44.98832479606021, 35.68269494844471, 96.63331841295101, 16.360545150456897, 108.16166705163818, 40.111064361530175, 33.62501246476615, 42.626110524270274, 46.32567874624386, 101.14835238662317, 63.95606429625353, 108.5179307024055, 65.49159649820616, 76.56826063566372, 86.20401855227442, 26.575609266419317, 49.22064024890351, 74.31227399798878, 69.07000314809481, 69.47832120463023, 29.017902156745954, 84.27423425267979, 86.65211998665573, 115.3878672786213, 27.228896832379483, 1.231310300879075, 40.8884860837383, 71.12434760882346, 105.29513102039442, 21.65353908549152, 58.92565925888266, 53.754220635361655, 31.415098216847948, 65.55064632296187, 40.16158329494949, 92.27352780980793, 41.85017296314563, 57.86494324053952, 85.82642084670772, 90.0166894050096, 64.76121615377953, 93.02005499885091, 58.93436964997892, 68.40191989011454, 110.59384088604145, 53.22840908355761], [55.639712651681904, 70.17674225506381, 0.0, 67.76637295837445, 57.50296392672225, 32.42227773585063, 59.11699781189234, 34.73614884512728, 54.62259263963995, 54.32333603952184, 76.72884813521249, 69.74792324390819, 21.100225447410583, 49.823269809767964, 33.70273323715659, 56.761993836342974, 39.204963568549225, 62.12453353406185, 23.10014372829223, 54.90590983827624, 65.8371745716813, 18.56299442994553, 44.90960900363926, 53.481615279028965, 24.243591695277868, 40.21241273327299, 60.47696771539554, 39.44545680445112, 68.44123159138248, 31.241856458953446, 13.146616272866586, 33.730338704592505, 58.067101171294404, 36.40578515798656, 31.80529425603229, 55.74660227609376, 32.02304968166262, 27.061653958083742, 35.56424709872814, 73.19516008334259, 23.859398567642764, 66.63691019396795, 45.65463140932622, 69.2797863056893, 49.39867984597279, 69.13774543652941, 29.569384467370092, 24.170300242685457, 19.23812728428407, 55.39418755413935, 61.07095461492699, 30.544392644983464, 55.50033170073153, 28.217409535575324, 55.49599826899663, 38.03999853727022, 46.78550663138887, 73.52199782278339, 45.788821010717726, 27.02877323815173, 31.851104158048503, 59.91882869397258, 40.49306210690349, 10.076538779586222, 53.50032880873577, 26.160258247237273, 45.004957899421406, 21.10832050695856, 4.5313250096553315, 35.825240949523064, 1.9361785078950573, 58.42476528640806, 68.3330431053357, 62.57040932469896, 45.63809328650657, 58.12047013208402, 71.14720414288885, 57.42730871073684, 6.516187335040124, 40.70933172411078, 64.25756962040805, 25.73418610414899, 54.931797109670704, 48.813412777476486, 25.91157527008409, 30.537136318617755, 23.887723457706873, 30.89507491529941, 12.400139231727314, 60.07039340900711, 61.52045560141978, 15.229342496027144, 29.922138528601273, 12.281694242284923, 25.08915799830438, 40.481809545331565, 27.17377779851553], [118.82066028295584, 87.3769171859137, 67.76637295837445, 0.0, 74.29380089260006, 78.05900066201717, 122.07443045758363, 68.36039101548498, 114.05996780308647, 14.204614293323804, 78.22132673919214, 76.49321299802018, 87.4315903178434, 62.963926299589644, 93.57773683045922, 118.7642253491225, 72.6239964390724, 77.1820196783511, 52.37715857142175, 22.222190815190235, 13.650597697262096, 66.66519341372329, 77.51130316394544, 100.81191637184949, 51.51635652441331, 47.27225173625716, 34.185109062708996, 38.29674844343787, 11.759195230948484, 93.10806076099874, 65.68779033071381, 43.649044441166815, 57.19345340994281, 89.4371848050246, 37.84532565072275, 117.47689829573788, 75.13241000263211, 41.96232344589503, 100.36672384061362, 7.955782989996395, 74.38115107864527, 6.863933054221812, 52.38436947292444, 48.279245311385964, 67.96859768212131, 55.6402699340899, 80.5006493228163, 43.726502638074194, 48.73845238558719, 40.77953474762269, 123.55481474345471, 81.29277186301941, 51.731503675417834, 67.47470267556652, 83.93552567647784, 85.99329286593895, 48.37836995875517, 61.76612392333567, 46.1025615913102, 57.34322481016651, 72.40542412602012, 23.821328504012175, 71.28977300341356, 58.399319893471265, 118.14002464105819, 92.96337687444047, 79.5526598645437, 64.7537401997975, 66.85733898188546, 100.8057314413203, 69.39282249156416, 58.538790696507306, 4.366280614206004, 6.031695946856947, 82.58351721157426, 60.23202732686452, 87.43329431111182, 105.27722250836585, 61.57000032016633, 61.513600616598325, 66.81932554823102, 87.3035621785031, 110.25557956630742, 57.13966806739682, 42.42838785533095, 72.64917532058821, 66.02718715294696, 59.167720045877125, 67.77626812373487, 8.605290934172078, 10.402127469028066, 53.23352621020161, 55.62461323952953, 61.930249941340755, 91.01071882399765, 87.7252080533026, 84.91226440133244], [69.893245921134, 14.502237321064424, 57.50296392672225, 74.29380089260006, 0.0, 30.695322113507096, 71.84989665840284, 88.96825744907815, 60.291391903251984, 62.49917099028136, 20.874731101152182, 13.278272981705356, 73.3304952966618, 11.833903501387885, 89.38711620310872, 67.67469839353133, 19.609199684449713, 4.655930667838241, 39.77121276184288, 52.07582169946994, 62.65475607553486, 74.27747830871328, 100.3094231160978, 37.906174209520564, 39.268900370567174, 83.10940571497005, 42.35462299822654, 39.54503076183062, 83.13102360328926, 86.11544189867192, 68.96249919203287, 37.817106968266785, 18.914179085769558, 93.73407147290878, 64.14912190400652, 66.28196683696021, 88.5778838558034, 61.77647763037563, 61.45174692655179, 82.24562174659901, 37.09789940965349, 68.44687350000196, 22.625979441094277, 35.719883195706515, 8.681815328232593, 28.95722475518315, 87.04333098145167, 53.14676274868322, 57.182741595025576, 34.24103700256064, 72.07644717072252, 35.93956238890147, 23.429780133875923, 83.07763573341256, 12.941122050668247, 95.52060131269494, 26.22240130504358, 28.212172478421866, 28.68212520906187, 32.38107980733783, 87.76375717912335, 51.422949991656246, 94.78735592187239, 51.944561946721564, 72.53070937965114, 75.92173393035827, 18.274210541827575, 36.39647566027777, 61.42254807254434, 62.103073884233545, 57.015344074365586, 17.7113750113077, 71.45476741161708, 73.14007031337896, 102.09638154953294, 15.781266551891658, 15.076053007506573, 41.18408619414787, 57.80051329603311, 91.17835450894471, 13.911547759887283, 50.12454925404252, 52.32614112684604, 17.381369683291442, 51.1031129872959, 28.927790665769862, 78.76151986212048, 27.91031130354952, 45.48031343824945, 72.15666810075219, 76.25909597212515, 50.80638313574514, 78.91261187519923, 45.76948743223155, 59.4374305260487, 97.96575183011917, 44.41356503632141], [44.241290953935525, 40.38558147553371, 32.42227773585063, 78.05900066201717, 30.695322113507096, 0.0, 46.979810253606665, 66.9966402620213, 37.09166287779448, 64.0069416033044, 51.5650989535573, 43.97357491201581, 43.91442444885852, 28.865719182517076, 60.54899365146363, 43.098762373138655, 11.583618109275893, 34.719654974936915, 27.107033651273564, 58.08264979489188, 70.41972969135621, 50.93251599049668, 77.33176497595483, 24.06767054880394, 27.615063467114965, 68.10007447184327, 55.593685525926745, 40.09704815643778, 83.31298556438162, 56.98912739931992, 45.45959480247354, 34.416079029594535, 40.57122508405602, 66.36146581506891, 52.763168951933956, 41.700519376094, 64.35004651937605, 48.68984418145378, 31.58981941384639, 85.33681383183414, 8.569889341956202, 74.15626929834013, 32.47190488051406, 57.01733906292964, 25.244137014705974, 53.170849160041435, 61.001913278004125, 40.80878447599295, 41.268394098289285, 47.58384465600813, 47.9257021383531, 5.434592260027729, 41.23098861640608, 60.535098676416325, 24.38124428704991, 69.27683175564285, 36.10110216587501, 55.1381917150698, 37.00880325475256, 20.77368694370656, 64.27076505103828, 60.59326782259614, 72.80931295593815, 31.51621132184189, 45.47549865055587, 45.84353667740494, 13.82265411748931, 15.403741450045041, 36.91882768957734, 32.23242426514868, 31.23537233926073, 40.17733651131669, 76.76516021143746, 74.6381414787019, 77.91006548450291, 38.908700140460546, 41.509236911934636, 28.540091613250198, 35.48160150763608, 71.96053836692558, 42.10180962106022, 19.45556934327519, 32.25203264494223, 31.759377343363294, 40.19739362608061, 5.435842282515843, 56.15899178137335, 19.160402968835808, 20.392837237764176, 72.74125738438251, 75.83552799923629, 33.473723422577066, 60.181579409404996, 24.133902972458333, 28.74338208875668, 71.65713023590881, 13.790347551727267], [3.4851140627647026, 74.42764783756787, 59.11699781189234, 122.07443045758363, 71.84989665840284, 46.979810253606665, 0.0, 87.37132595108524, 11.832376202756617, 107.88006757368153, 91.03467604031034, 83.82467680995845, 50.45041441432171, 74.40040162534645, 62.86497581945178, 4.1815736882952335, 57.101463273182326, 74.27170028444361, 69.74627406493023, 103.8486229995172, 116.15079788700943, 73.05285195387752, 93.46812463219561, 35.496168351459396, 70.66149885780054, 98.85210136016293, 102.53204372883378, 85.67579920312237, 125.26168638812909, 59.09996075091424, 69.22842867330206, 79.5103521755055, 86.3176485500533, 72.99353781850014, 90.00001668822645, 5.568070940725719, 80.56746085419609, 85.26004809688345, 23.654622822445795, 128.70021477133295, 48.11625987026956, 119.1044886411149, 79.40783898200901, 103.4151489702488, 69.71690681600616, 98.69293030325156, 73.45485485671361, 79.85051994298976, 77.03228288548465, 94.56358729823343, 2.3517776840707487, 42.321337053697974, 87.76708126947608, 81.3824154941065, 60.01192308686726, 78.85375742286512, 83.08042480530747, 99.51447247871214, 83.95402547965205, 65.86056779878977, 82.17546680013695, 106.96401641293002, 91.92037982757078, 65.83565619423568, 7.7631421912918555, 46.835641824010544, 54.22004163456413, 57.56192936337477, 62.41304520619712, 23.480361700727464, 57.18157316803304, 85.68752731226759, 121.4586903568526, 117.80657634593706, 91.14176984155915, 84.14268146427479, 75.64108041179115, 34.164701177323394, 65.44408321665267, 96.15530565626118, 85.42122636172753, 35.0066967541843, 20.838400311845227, 78.21595320413012, 80.43518793696299, 52.10870290777333, 78.10411116613906, 65.50964722636448, 54.716539138982164, 115.57959797646349, 117.92758750154998, 70.37720089475208, 87.56692248132427, 60.65623127979174, 34.259211884537095, 80.45098671789691, 37.22554087607646], [83.97133954452, 102.66906955775252, 34.73614884512728, 68.36039101548498, 88.96825744907815, 66.9966402620213, 87.37132595108524, 0.0, 85.78320570892697, 59.45355634779686, 106.1045537291876, 99.89322736033645, 37.22919598237232, 79.31556122991485, 31.8086610008466, 86.04447116579412, 72.450018360783, 93.61013684733206, 49.58968420920361, 66.61540829765181, 73.2375127675877, 16.21236545268829, 11.624845439837452, 88.00617271202628, 50.304739891572794, 21.919547130649935, 77.7870171314437, 58.937096843543536, 63.07013671315179, 33.57909788089122, 21.591603801739222, 55.87350303378355, 84.54336509968148, 23.673766994346952, 34.151117272040196, 85.32519267041147, 8.675540222547498, 32.719594782180415, 64.4263033016834, 70.32055315162741, 58.48246555736932, 70.69676061276014, 72.01881030366931, 90.67155649500492, 80.37085654510034, 93.16834862320253, 16.59536419113445, 39.07074900051951, 33.127420864398616, 76.07587241182614, 89.60744250381696, 65.27612963856058, 80.45581644205716, 6.552342178956656, 89.10740896250624, 18.547328825849355, 71.44261935660114, 98.71039153299918, 69.54947341843645, 56.60375505384109, 5.9609534742134995, 72.57937359576376, 5.868706105554028, 37.193070929013416, 80.39195816576044, 41.81275997149977, 78.92462709407609, 53.93535145366785, 30.20493750654703, 64.42785710150763, 36.1792166913642, 85.28902327556233, 70.96664933954096, 62.328828347144714, 15.147172248642496, 85.57728853492817, 103.51906684955048, 91.80812530041203, 31.874669451168945, 10.245379893971917, 92.71223019012486, 58.59892098503017, 87.83907398825254, 76.5565863068107, 41.74347390560091, 64.53780793874321, 10.851722023479779, 61.06309584844798, 46.63378198016274, 59.78767987901063, 58.68849127793834, 38.29603210515544, 13.38479434947027, 44.05250327909556, 54.29663248595392, 19.829710595323355, 61.25190626044258], [10.889736288620025, 62.59529241519847, 54.62259263963995, 114.05996780308647, 60.291391903251984, 37.09166287779448, 11.832376202756617, 85.78320570892697, 0.0, 99.86710966298654, 79.26412577666238, 72.09671825232509, 50.303226805479895, 63.44121948757851, 64.80451252199767, 7.717069306556064, 46.42827590776043, 62.58231029646565, 61.76452433556276, 94.91908386063186, 107.26596405390258, 70.50033390683211, 93.123473857508, 23.66601442827773, 62.57436354335297, 94.83445502265032, 92.57685600643335, 76.78590844720355, 118.09440470565863, 60.858305528007676, 66.08025406364554, 70.80506091883684, 75.32153745214417, 74.34200188799244, 84.01056956144029, 6.478772312929845, 79.80599601374757, 79.36642577982418, 21.800700259177596, 120.98880371131574, 39.68400627654658, 110.64669307987472, 69.13181908222305, 92.5879612709586, 58.58662563886445, 87.56689401235914, 73.35408972020373, 73.14196320964757, 71.15215303588975, 84.43026264024145, 11.791532102372049, 32.990792383421685, 77.08206130132324, 79.48129595296544, 48.281139606051774, 79.69840748564366, 72.9506267366697, 88.14131869161021, 74.01148610583593, 57.010565364368546, 81.04570812772121, 97.64512329975544, 90.78150625596454, 59.905769512020356, 15.568667740821983, 47.82768159721824, 42.94964208814941, 49.322116812945396, 58.44387562083881, 21.962333340562544, 52.713825373632545, 74.62872531480019, 113.13156268617487, 110.12991900702781, 91.46565064605018, 73.02556149019564, 63.80871220187491, 22.50796194322079, 60.563411033497616, 93.81729710077023, 73.96929226926623, 29.036339545888982, 9.156094593178427, 67.5475395032423, 73.3908985637957, 42.43242273241743, 75.80540570364921, 56.11185197386055, 48.0761533728653, 108.0222749755705, 110.66721607952043, 63.983859291241785, 84.18556572151162, 53.92305216272807, 31.48905009527557, 81.55047479582655, 29.60129391862606], [104.63317249247329, 76.19954285920767, 54.32333603952184, 14.204614293323804, 62.49917099028136, 64.0069416033044, 107.88006757368153, 59.45355634779686, 99.86710966298654, 0.0, 69.14106990963923, 66.36362399372248, 74.50623892940243, 50.83491120498205, 81.94479219782059, 104.56130619243802, 59.04961978583624, 65.79671516987901, 38.17263338848697, 12.143795392743614, 13.790933000549977, 55.23868181468794, 69.6729674337743, 87.00925209241397, 37.31326965584166, 40.210703360588326, 26.42361106307808, 24.66627424975198, 20.67027341409512, 81.11919062301466, 53.55761114070445, 29.661134003361937, 46.78477887365507, 78.81070309358098, 26.342103245210282, 103.27301101076647, 65.2772048958881, 29.78653317951506, 86.2822933730522, 21.342682492341666, 60.18502820267101, 12.406171044574133, 40.03200444133523, 41.612319787169675, 55.536315355850405, 47.88042849041602, 69.78949900381116, 30.15434874800214, 35.679628539567894, 30.849586665516018, 109.3536843345712, 67.1403287765561, 41.192814205541, 57.49226764458529, 71.24344902445522, 76.04562434197557, 36.277916808686406, 54.23124304396581, 33.83971607401017, 43.2516787242562, 62.72934994969349, 16.833263486928146, 63.22021346852636, 44.70400199756647, 104.00285652571546, 79.95722139721435, 66.15334863251144, 50.55415162728289, 53.79135160913287, 86.73090782141617, 55.8691933613779, 48.09355633004393, 14.028818557234562, 10.914104222590701, 74.32582234328945, 49.59680313214971, 76.38868594234272, 91.49461869674164, 48.31899022740097, 54.18909796696149, 56.72208570251451, 73.14663975685312, 96.15371585660405, 45.125663391931, 28.61366175543148, 58.6165368460386, 55.4034052689088, 45.26350927008309, 53.680118392450396, 9.658753847241929, 13.82617896420577, 39.48225451034205, 46.16786367382114, 47.87199897677134, 77.05663809331138, 77.97999694659886, 70.70941607747072], [89.37102890343378, 18.30905505762598, 76.72884813521249, 78.22132673919214, 20.874731101152182, 51.5650989535573, 91.03467604031034, 106.1045537291876, 79.26412577666238, 69.14106990963923, 0.0, 7.60892559306903, 93.69676910735804, 27.054911537764394, 109.43496672666605, 86.85818878831604, 40.345987294605784, 17.208891220479668, 56.584954591307095, 57.24661310188258, 65.00456326799534, 92.37958562432944, 117.6631292817795, 55.89691376768781, 55.81903984169952, 97.21175691995556, 44.03625532090461, 50.66428606136552, 88.71309559875112, 106.29941425382293, 87.2835669563413, 51.33311327473052, 23.17235908575335, 113.13454220666749, 77.68220855436934, 85.50154902169292, 106.70885931246393, 76.28066088541364, 82.17838138242386, 85.9757784617976, 57.713023053443976, 71.60383297324412, 34.552375666837136, 31.183136995696007, 27.613213888873048, 23.137325472293906, 105.9641963253903, 68.12441800548854, 73.23975169805675, 38.291823794660246, 91.01431321226626, 56.81286884221502, 28.555493428764258, 100.61201251977573, 31.065872479292633, 114.4157967435307, 36.26389248342821, 18.016703804864576, 38.654028093074594, 50.20491836556737, 105.59491962989011, 54.42131942550283, 111.79033234545616, 69.99550167914903, 92.40692700159104, 96.5206184015357, 38.89476176507964, 55.87700697433819, 80.33636449139694, 82.82940776653606, 76.46650970904024, 22.04881077553656, 74.5841183781934, 78.67737738465834, 119.97981331945851, 21.164502662522594, 17.349432379661895, 58.355008127973655, 76.13675432148096, 106.99238705717424, 13.617928632453527, 70.99923659487489, 70.7360841784747, 29.632413231303186, 65.70597460453826, 49.55790470987453, 96.4380141863599, 45.98980110851936, 65.17926335707142, 78.36967516214062, 82.75085879133445, 67.9146451494215, 94.92744189548503, 64.59844764168109, 80.30292809397007, 116.86097066262985, 65.28759937796303], [82.0800440287974, 13.428493753912807, 69.74792324390819, 76.49321299802018, 13.278272981705356, 43.97357491201581, 83.82467680995845, 99.89322736033645, 72.09671825232509, 66.36362399372248, 7.60892559306903, 0.0, 86.32661127748159, 20.57806628926079, 102.19093336822068, 79.64401423319842, 32.810937388855784, 9.676135563074801, 50.30428297567909, 54.83309190166412, 63.710627086119715, 85.80966866568532, 111.39282759565795, 48.91927508453946, 49.61445153844129, 92.0285544449334, 42.59733773603907, 46.11559326362792, 86.46979354899345, 99.00297070839711, 80.62925004662145, 46.027128136145635, 19.579380678738243, 106.13045322692867, 72.60808689835544, 78.27605417767982, 100.15063775719648, 70.87256407507708, 74.58323586638197, 84.377737516694, 50.23319101236302, 70.09191640407656, 29.32499426966513, 31.680875810790628, 20.392761772669083, 23.682810779708383, 99.12641599906617, 62.511407961832944, 67.30011277374163, 35.80735457013594, 83.87237147922593, 49.20974897475411, 25.17227164742911, 94.25277972167113, 23.816181255456282, 107.59473574779972, 31.68207314343488, 20.197703256137693, 34.18173448154556, 43.56847067455868, 99.14023890093534, 52.73523194269265, 105.63494191174291, 63.38818843856542, 85.01285118381428, 89.05994400740578, 31.303422182956083, 48.76632307513236, 73.4674644976682, 75.23436765083648, 69.40868264028666, 18.27770817845916, 73.1110853847269, 76.37797798729044, 113.52473945789914, 16.881048357005927, 12.838375971610674, 51.603906043910015, 69.45309576757327, 101.242986709888, 9.687593059045827, 63.399870193641604, 63.702598274021895, 24.071267562349693, 60.19895634177381, 42.06713639746272, 90.02213292211977, 39.24404806433016, 58.01984131901849, 75.8281725456037, 80.14413729653803, 61.606015145644186, 89.07948224360318, 57.721238137449895, 72.71531860073081, 110.04188255875687, 57.68519264931938], [47.12038693291849, 84.24953983144722, 21.100225447410583, 87.4315903178434, 73.3304952966618, 43.91442444885852, 50.45041441432171, 37.22919598237232, 50.303226805479895, 74.50623892940243, 93.69676910735804, 86.32661127748159, 0.0, 67.65920523485593, 16.84263195607292, 49.4844244278638, 53.818416662276306, 77.73293614249582, 43.7621227142103, 75.88599399357982, 86.54742822858964, 24.773329981392944, 43.09492363657875, 58.28367151679722, 44.933084416420705, 52.08533882303053, 81.49259463828622, 60.501552904634245, 86.71255128716842, 13.114902006965561, 22.9150202813547, 54.67297047187669, 77.18742354995382, 24.638371560790706, 50.01719398424739, 48.9083438564675, 30.121218882685717, 45.585209884373015, 28.502687817460238, 92.21693767545112, 36.33879085908514, 86.90444540744683, 65.24870151431499, 89.67431346209887, 66.1052242181561, 88.86805757918034, 23.138667956015418, 44.61950569897247, 38.830805550459715, 76.11999484947499, 52.733930389601554, 39.778300358503444, 75.25672139788286, 31.635072726365323, 68.2837528993315, 29.506292798868795, 66.88821842140844, 92.76898771225493, 66.14791516533472, 46.29568679564775, 31.81702282606335, 80.981943637877, 41.52246212496673, 31.157727221852166, 43.27569338549775, 5.616219368026995, 57.73081416162922, 38.47760718211326, 20.732502582236908, 28.360510491144616, 20.12865494185348, 77.36576699332143, 88.39282072367142, 81.93567475296067, 41.1721772868596, 76.79315505453772, 85.35268706838868, 61.20204870074146, 26.34088295292908, 46.58611971855808, 82.18998424045714, 27.63165175426814, 54.10361750593818, 67.69293880857894, 46.62625692082132, 44.46123077318369, 29.021766193941275, 49.47932485974938, 29.266807464066826, 79.35570471074699, 80.24720036230747, 36.22224685782874, 40.00887342756679, 32.13027510262356, 19.884868442736686, 31.48455933416129, 32.49255040181883], [72.00605536996828, 26.182115608950234, 49.823269809767964, 62.963926299589644, 11.833903501387885, 28.865719182517076, 74.40040162534645, 79.31556122991485, 63.44121948757851, 50.83491120498205, 27.054911537764394, 20.57806628926079, 67.65920523485593, 0.0, 82.91749809700116, 70.3177764246426, 17.533777507437296, 15.778905257250642, 29.72626914565222, 40.7611888169275, 51.81719784070619, 65.34678871158158, 90.82069843845139, 43.281935510983445, 29.04170650870685, 72.02081902312783, 32.371072570321466, 27.71830006586436, 71.49622653463697, 79.93855090657983, 60.23110733577149, 26.282564831696064, 11.920286545675765, 86.20942807311405, 52.821279916147624, 68.90112279066703, 79.68269860061702, 50.73190708418932, 60.420900797043274, 70.89528876630303, 32.876819375550134, 57.33195339438084, 10.833662761478765, 29.186559033208248, 5.469958662838796, 24.420545572976863, 78.932133597536, 42.22550617629408, 46.78797181077363, 23.934649597631374, 74.9906437387744, 34.2738584853719, 14.183566244388334, 73.69568732245715, 21.411436616234234, 87.37623331326957, 14.614923867409276, 26.35176803852435, 17.00091359280386, 23.15002691323303, 78.61696720998529, 40.65304694860865, 85.05737695782084, 42.94750613209112, 73.84223507242679, 70.95289870222655, 20.827573811451284, 29.293596318423003, 53.33180072452286, 61.05965189473301, 49.66250650401883, 11.370439077648587, 60.312469043960505, 61.55606959186241, 93.00403745469909, 10.043453017548808, 26.629323571270138, 47.21596608418739, 49.08184467123158, 80.78246182690542, 14.547396597661857, 47.69452130743492, 56.497949360680884, 5.839220195152606, 40.024304892440476, 25.20188068244927, 69.48165355950982, 18.969383756566582, 38.62979613687841, 60.492337011331486, 64.5490540525368, 41.03192031577629, 68.58290487459891, 37.61993581998211, 56.41191352635909, 89.82040503468947, 42.311049970845296], [59.81509199535386, 100.75887615800795, 33.70273323715659, 93.57773683045922, 89.38711620310872, 60.54899365146363, 62.86497581945178, 31.8086610008466, 64.80451252199767, 81.94479219782059, 109.43496672666605, 102.19093336822068, 16.84263195607292, 82.91749809700116, 0.0, 62.70641697024352, 70.05225216374353, 93.87193564309655, 56.66867487399644, 85.49907850132536, 94.98032476064562, 26.914034335321496, 33.10547456059438, 74.86798815766693, 57.783345110711224, 51.72279219229608, 93.08754353390748, 72.08795854380354, 90.77622517065552, 3.989940229975693, 28.554089750056423, 66.83637304922374, 91.69104556265928, 10.457683235070899, 55.845222202218814, 62.37890416307857, 23.164470483723797, 52.15903310267937, 43.35804901494575, 97.20489736683648, 52.714067952836054, 94.22171515588727, 79.34468443361808, 102.80196664073357, 81.83420855138046, 102.83954194960678, 15.245637508922602, 53.834571064538146, 47.30439364204996, 88.67584766313425, 65.21450089998261, 56.56105235326404, 89.20303823992822, 28.60507790525305, 84.92894490508934, 16.85244347102235, 80.46278895823765, 107.1891006875538, 79.39196297188037, 60.592797310980316, 25.8656982515652, 91.03655809440971, 34.01175789483423, 42.83103143762976, 55.213276662578956, 17.180318126867157, 74.33032694815124, 53.643394597472984, 31.323530537912102, 43.0743293681387, 33.48032777884407, 92.00225581415918, 95.24870555229359, 87.72555035116676, 29.47388219051652, 91.6112565327766, 101.84131653420447, 77.61097369830682, 36.87327194370153, 42.053951153288004, 97.45368729959368, 44.39656149979396, 69.63535959546049, 82.34896136374957, 56.26355388315121, 60.72832189493674, 28.350305536791993, 64.22779897883188, 44.305949224800194, 85.09584055771127, 85.13653840614987, 47.19767201395291, 40.02066757100774, 45.885826824109, 36.15348800149061, 17.976113464326872, 49.33297733384117], [3.752609424210662, 70.29057216088572, 56.761993836342974, 118.7642253491225, 67.67469839353133, 43.098762373138655, 4.1815736882952335, 86.04447116579412, 7.717069306556064, 104.56130619243802, 86.85818878831604, 79.64401423319842, 49.4844244278638, 70.3177764246426, 62.70641697024352, 0.0, 53.066384340965506, 70.09012817568498, 66.39323232817817, 100.2714285942739, 112.59249672897056, 71.36865512168158, 92.57934800789403, 31.37463777198774, 67.28096399506269, 96.74334140996058, 98.68632029581003, 82.09581690912954, 122.20156549907684, 58.85967307965199, 67.33761334458494, 75.97370510960583, 82.23115161569295, 72.65507351093882, 87.26051024637903, 1.4168236648963255, 79.50734141925543, 82.54234225737996, 21.74042620722894, 125.48153764883773, 44.58948462917481, 115.66644031206349, 75.47397074570999, 99.36666799761355, 65.60137657239504, 94.58397931379413, 72.60441802806386, 76.87948176352123, 74.30360360004889, 90.67088073123507, 4.8517684138322785, 38.55468243992511, 83.74504916683564, 79.93685808149172, 55.831873781531804, 78.35117093122156, 79.18294255660199, 95.36377694335218, 80.10220069073607, 62.2673286772079, 80.99298178572585, 103.28404250096894, 90.75521533306012, 63.06532177708072, 9.13444637738867, 46.2486647060387, 50.077085770308344, 54.11317974361524, 60.23556388666803, 21.672095699287205, 54.82685526581519, 81.58889253196645, 118.05880152307094, 114.59163736018662, 90.48220337186258, 80.03292562073901, 71.50572223384948, 30.1724360435672, 62.991723747236854, 94.59277579598826, 81.25850040179766, 32.05829306572689, 16.817105101057713, 74.19398241491253, 77.36664111685242, 48.286284559564734, 76.51766103728059, 61.775816901386314, 51.702061248396504, 112.3980056848459, 114.83498288325991, 67.48056172999905, 85.64521894091548, 57.63490184762359, 32.26271656343364, 80.04322736197491, 33.851962635701675], [54.60904669727721, 31.034490203325312, 39.204963568549225, 72.6239964390724, 19.609199684449713, 11.583618109275893, 57.101463273182326, 72.450018360783, 46.42827590776043, 59.04961978583624, 40.345987294605784, 32.810937388855784, 53.818416662276306, 17.533777507437296, 70.05225216374353, 53.066384340965506, 0.0, 23.925020719206067, 26.24997330736785, 51.39131584674842, 63.50064539369091, 56.960501902276626, 83.4050951048694, 28.47928796939804, 26.26407887700226, 70.09480302672097, 46.66993029425897, 34.39646945384854, 79.24719190666951, 66.69482399822509, 51.5007067077551, 29.814297466794738, 29.40380884516722, 74.90413841459278, 52.72944859111506, 51.65050263557716, 71.01536537232359, 49.3220979697718, 43.135776514343455, 80.25891723764394, 17.510008234656567, 67.98572647367969, 22.966148141803256, 46.317595092382916, 13.661600442912903, 41.951051283099396, 68.6997287546372, 40.76119238235872, 43.03922367220844, 38.32365600490183, 57.80074364981411, 17.012722550553494, 30.683588169207486, 66.22969211728885, 16.69396950047546, 77.13972479620541, 26.980932457824096, 43.6444834772433, 28.414395359268912, 18.404957803239363, 70.52458997343322, 52.98430403756957, 78.31870599653136, 35.38895671877498, 56.325801196629484, 56.31703837636604, 7.5252817600267, 18.527139101485798, 43.42005714506616, 43.78080581459044, 38.45696000108697, 28.903604552778773, 70.77920226401204, 69.93696675581346, 84.64176881134037, 27.532747804888135, 32.04400984077295, 32.85158315603522, 40.61581786811855, 76.04660136410644, 30.519211930461342, 30.938289066646565, 40.14305374575777, 21.135410758202294, 39.426055522311934, 9.357364623992266, 61.83591168930107, 14.662537510451578, 26.850230203023667, 68.3322379158367, 71.8613646854845, 35.65947975238139, 63.86569318974501, 28.402013396901534, 40.076879114116814, 79.56934761235892, 25.33578084199236], [72.47493571988115, 10.477721745719906, 62.12453353406185, 77.1820196783511, 4.655930667838241, 34.719654974936915, 74.27170028444361, 93.61013684733206, 62.58231029646565, 65.79671516987901, 17.208891220479668, 9.676135563074801, 77.73293614249582, 15.778905257250642, 93.87193564309655, 70.09012817568498, 23.925020719206067, 0.0, 44.35637647215823, 55.02474371903318, 65.17189391454946, 78.93336134917298, 104.95917730232391, 39.61935020687147, 43.832026757048915, 87.5328503634607, 44.48574285400367, 43.399254611276604, 86.3507584608422, 90.56742356331783, 73.61717158280149, 42.021576733557126, 20.613593692591408, 98.32230631769255, 68.47582838777751, 68.71492677394546, 93.2331018126372, 66.20424493062932, 64.99518783472925, 85.13698889913259, 41.43420199569707, 71.15885849139545, 26.319306744124393, 36.35943784789721, 13.269517992712437, 29.02695782904012, 91.67357090228735, 57.60210764279025, 61.7434202149764, 36.67350385127498, 74.36944980982794, 39.85271481817502, 25.675672930019374, 87.72883378222461, 14.358681171166005, 100.15028580454984, 29.647156545358616, 27.263014770986224, 32.157778700079525, 37.01448332746711, 92.41927678006401, 53.953218113133936, 99.42610949850665, 56.598870423820756, 75.35593987041933, 80.21593650130608, 21.71701974100588, 41.01623017896017, 66.06168424622126, 65.64590622939915, 61.61688238158054, 19.304513558876277, 74.18065617639097, 76.30772319546733, 106.75231183058251, 17.419216030679152, 10.85663901555986, 42.53991721994696, 62.45605646273681, 95.75382375579672, 13.40546415579652, 54.05611235206147, 54.31177670590684, 20.937412406603478, 55.51272704675922, 33.27935987506592, 83.41465162714937, 32.548004901316226, 50.06352778094837, 75.43565893469113, 79.60436779663759, 55.42776033253766, 83.49333090085912, 50.41887816115445, 63.43600346435656, 102.59488979863444, 48.322821740782274], [66.5302652767244, 53.92865428792841, 23.10014372829223, 52.37715857142175, 39.77121276184288, 27.107033651273564, 69.74627406493023, 49.58968420920361, 61.76452433556276, 38.17263338848697, 56.584954591307095, 50.30428297567909, 43.7621227142103, 29.72626914565222, 56.66867487399644, 66.39323232817817, 26.24997330736785, 44.35637647215823, 0.0, 34.922401941363304, 46.94283823591799, 36.000445049181515, 61.10680365675292, 51.09110136940797, 1.1788180169936482, 44.093987620055714, 37.96370561860228, 17.44229978151856, 56.565203888241584, 54.329639528695786, 31.159500768016116, 11.198735594237547, 35.92870599384893, 58.20885446450742, 26.518845303429302, 65.10171322332096, 50.2586904727748, 23.091897729319985, 48.74053659949923, 59.22443348990573, 22.106845513366302, 49.41850868523449, 23.2667040909933, 46.18291430778465, 31.093705798661023, 46.33333925014916, 50.28312024629309, 14.513314612953252, 17.45628870181611, 32.36670404361884, 71.19207809679261, 29.39348954792647, 32.7762357424846, 44.02707865720245, 42.346234691610974, 58.58624553831559, 23.865259623089422, 51.05949035165476, 22.723498433965027, 7.91790066172553, 49.03973083463978, 39.04517395476322, 55.33373164590171, 14.104907189424983, 66.12947056080175, 48.3497025896203, 33.71425026659116, 12.472627792841374, 25.478750974056776, 49.237520927565484, 23.715017899025636, 36.477019213818956, 51.72224093496503, 48.36791095033153, 63.41593127308523, 36.49270634156942, 54.667747193123894, 55.58847150527399, 20.365908780032683, 51.4085796789321, 43.338276519397006, 35.263876454231585, 58.53803487364778, 27.250225386119414, 13.347094221802363, 22.10040171980886, 39.86792994634834, 12.224351127147838, 16.664430104584003, 46.287755495958784, 49.09639583793797, 11.32972515287762, 39.141420492053676, 11.849680954885654, 40.37045773714924, 61.005427291372854, 32.54393361523884], [100.7606980561603, 65.28609075414977, 54.90590983827624, 22.222190815190235, 52.07582169946994, 58.08264979489188, 103.8486229995172, 66.61540829765181, 94.91908386063186, 12.143795392743614, 57.24661310188258, 54.83309190166412, 75.88599399357982, 40.7611888169275, 85.49907850132536, 100.2714285942739, 51.39131584674842, 55.02474371903318, 34.922401941363304, 0.0, 12.347761883028536, 59.70797647216551, 77.51010761396266, 79.83598846145235, 33.85016643161806, 49.40814078884689, 14.32932809670006, 18.175851038054788, 31.636703273095435, 84.13419006667266, 57.00173237012661, 24.375257914829007, 35.3269128772007, 83.76713325860214, 32.465913071326774, 98.92546889669946, 71.374324319755, 34.54531346610539, 83.59958454995945, 30.170794834566152, 55.73647627512565, 16.725544201118936, 30.268424619447746, 29.537056867072266