instance_id,num_cities,city_coordinates,distance_matrix,best_route,total_distance
2073,25,"[[86.94253501689067, 29.39326846452216], [47.76778947834177, 85.03001486743177], [67.83680386216923, 75.13869060088393], [68.41952827669046, 92.78190725074555], [35.67444560644289, 92.39086738751678], [19.027705536037598, 92.77964190716078], [39.26136890432069, 70.29360867044174], [48.86989616109977, 12.963621264174453], [52.48411099564745, 36.76484905891081], [92.33762341818222, 28.114525974495873], [76.59112869311808, 82.67561596040629], [57.423163766684674, 47.774737994379244], [81.46820818133209, 43.05011922403645], [39.752874261842194, 13.533863080521524], [20.92237595160644, 87.89547577960012], [54.101698092577834, 33.0935331927275], [65.32167719650843, 41.45400894254632], [37.77325500207651, 10.843796520774319], [80.27179730834746, 30.124500869812497], [63.0848800531243, 66.54335124976598], [27.74946196891235, 34.29858048395719], [1.0487495739067376, 15.263953007490239], [54.161119198688645, 37.05941765576234], [37.55377299398288, 37.73468499425617], [58.80024625399041, 47.79081544835092]]","[[0.0, 68.04489869425726, 49.57491915667066, 66.0395435013584, 81.22262284524037, 92.89917330968555, 62.81983310081661, 41.46636150630258, 35.23809283271953, 5.5445614085831165, 54.27854242287636, 34.774584125256666, 14.713185480043503, 49.78337896638426, 88.21093845857095, 33.04863883654076, 24.757280823374654, 52.551888705993164, 6.710696119384863, 44.15106285606945, 59.3959761505046, 87.04814721181422, 33.665873915112, 50.08821262410886, 33.62228653492575], [68.04489869425726, 0.0, 22.37417337208845, 22.0586978518157, 14.157369664822486, 29.76657763777336, 17.01531247391053, 72.07482033359354, 48.495050460625585, 72.2899922074063, 28.9193374354162, 38.48612616951459, 53.83335266344854, 71.94399617942129, 26.997909060899303, 52.32128177979193, 46.97879592313595, 74.85643400520219, 63.805375889150895, 24.00770699981196, 54.53816893588898, 83.96411183974604, 48.39476068498839, 48.38568342552631, 38.83906636211313], [49.57491915667066, 22.37417337208845, 0.0, 17.652837208143996, 36.49732719593206, 51.899241250719804, 28.98327624584443, 65.00371400747437, 41.3310645028919, 53.02416635578493, 11.551772466629473, 29.278487021861608, 34.863901054235555, 67.7042234695128, 48.61788882984643, 44.23175773105241, 33.77844935114495, 70.9764071705218, 46.700174937053426, 9.821437697600334, 57.22682565396731, 89.69742692792057, 40.46054101274509, 48.126100963865426, 28.802181319554034], [66.0395435013584, 22.0586978518157, 17.652837208143996, 0.0, 32.74741747460373, 49.39182279260256, 36.822843874711914, 82.17753277927604, 58.23957702789713, 68.94886131275337, 12.996621753784606, 46.331040533406096, 51.415161067406224, 84.2735400776115, 47.74784488869036, 61.381611732431466, 51.42129739759419, 87.48170126157437, 63.7685412690628, 26.775367274525642, 71.23449868701269, 102.70275095185562, 57.51780660020562, 63.11015391620693, 46.007922450418704], [81.22262284524037, 14.157369664822486, 36.49732719593206, 32.74741747460373, 0.0, 16.65127924811669, 22.386488370314073, 80.51588254548535, 58.11040152667531, 85.68642707668475, 42.05426334044366, 49.63472316472433, 67.31699725995887, 78.96240060035313, 15.421806146157909, 62.09458492329498, 58.936592107093695, 81.5740753415245, 76.58997439704792, 37.67527049733163, 58.63036042308292, 84.54288703091191, 58.33803587646661, 54.68848274760353, 50.239101191864506], [92.89917330968555, 29.76657763777336, 51.899241250719804, 49.39182279260256, 16.65127924811669, 0.0, 30.249344191632225, 85.21240222282299, 65.2455981971977, 97.75439263005924, 58.443468633319476, 59.157861598777075, 79.82381722824589, 81.91108643250739, 5.238783708576134, 69.22872617149176, 69.11911755309666, 84.05283090988392, 87.61566912045538, 51.27745678061985, 59.127857905211684, 79.57339305998423, 65.87184638536472, 58.0789329877871, 60.0487260589442], [62.81983310081661, 17.01531247391053, 28.98327624584443, 36.822843874711914, 22.386488370314073, 30.249344191632225, 0.0, 58.129607361886016, 36.04190102507874, 67.79501316683732, 39.32969705474541, 28.93009383233691, 50.23569447088264, 56.76187362084641, 25.419370335399233, 40.05097983774521, 38.86981066006233, 59.46843404375801, 57.40568316273554, 24.11688442105455, 37.79108433791388, 66.99602434827112, 36.421340052704196, 32.603671491791836, 29.801735366948233], [41.46636150630258, 72.07482033359354, 65.00371400747437, 82.17753277927604, 80.51588254548535, 85.21240222282299, 58.129607361886016, 0.0, 24.074073053955683, 46.03252357233251, 75.02152316250108, 35.84650938008737, 44.36042499860888, 9.134837931821941, 79.9740377058765, 20.798680383657032, 32.89929010329791, 11.297305074877833, 35.785125184924524, 55.43332240069517, 30.02087982348805, 47.87644083516557, 24.669909707543948, 27.23343977269727, 36.21526346320993], [35.23809283271953, 48.495050460625585, 41.3310645028919, 58.23957702789713, 58.11040152667531, 65.2455981971977, 36.04190102507874, 24.074073053955683, 0.0, 40.7814975433455, 51.855055874520225, 12.066975455616072, 29.65775633317245, 26.490811582515022, 60.087304048698286, 4.011875896067201, 13.667162338092895, 29.804534030050096, 28.570084611101116, 31.60910465895427, 24.85729959508014, 55.748407471416485, 1.7026823459819338, 14.961803854663925, 12.706907547580018], [5.5445614085831165, 72.2899922074063, 53.02416635578493, 68.94886131275337, 85.68642707668475, 97.75439263005924, 67.79501316683732, 46.03252357233251, 40.7814975433455, 0.0, 56.787891637012606, 40.06923295276335, 18.472036522993122, 54.568778383457726, 93.1337722328085, 38.55874088173001, 30.129771922589757, 57.2324068733105, 12.232095437519005, 48.295937783825856, 64.88353511926535, 92.18891318014538, 39.210413943372245, 55.6220974691401, 38.883313059874325], [54.27854242287636, 28.9193374354162, 11.551772466629473, 12.996621753784606, 42.05426334044366, 58.443468633319476, 39.32969705474541, 75.02152316250108, 51.855055874520225, 56.787891637012606, 0.0, 39.818113493992826, 39.92450245073086, 78.34308508634614, 55.91294097369226, 54.44407608103444, 42.73431200065493, 81.64948010796851, 52.67985401194625, 21.039693843293076, 68.74478867440062, 101.24713993525057, 50.83249820428656, 59.52816489767742, 39.15947911717877], [34.774584125256666, 38.48612616951459, 29.278487021861608, 46.331040533406096, 49.63472316472433, 59.157861598777075, 28.93009383233691, 35.84650938008737, 12.066975455616072, 40.06923295276335, 39.818113493992826, 0.0, 24.504819595896688, 38.53150199578778, 54.2400323704901, 15.052239323513039, 10.116231024832867, 41.833160920306476, 28.871974738050596, 19.603975995660022, 32.59041883174902, 65.07707519582154, 11.2008492857805, 22.2619710251273, 1.377176336338365], [14.713185480043503, 53.83335266344854, 34.863901054235555, 51.415161067406224, 67.31699725995887, 79.82381722824589, 50.23569447088264, 44.36042499860888, 29.65775633317245, 18.472036522993122, 39.92450245073086, 24.504819595896688, 0.0, 51.10164831729136, 75.34523080451558, 29.121460812204198, 16.22522822257206, 54.28163736848765, 12.980870880493612, 29.83083478691334, 54.426952192396996, 85.08443074808066, 27.95649502327015, 44.23495743046458, 23.158382901891947], [49.78337896638426, 71.94399617942129, 67.7042234695128, 84.2735400776115, 78.96240060035313, 81.91108643250739, 56.76187362084641, 9.134837931821941, 26.490811582515022, 54.568778383457726, 78.34308508634614, 38.53150199578778, 51.10164831729136, 0.0, 76.70878117803436, 24.25838906901715, 37.85892534751267, 3.3399626509147367, 43.7839284110513, 57.91708150631978, 23.98448239004968, 38.74277324888673, 27.587120912353203, 24.300531428069622, 39.19618814807129], [88.21093845857095, 26.997909060899303, 48.61788882984643, 47.74784488869036, 15.421806146157909, 5.238783708576134, 25.419370335399233, 79.9740377058765, 60.087304048698286, 93.1337722328085, 55.91294097369226, 54.2400323704901, 75.34523080451558, 76.70878117803436, 0.0, 64.06340865914987, 64.25035247384037, 78.87276717206349, 82.82414718792641, 47.26087149056877, 54.02995732757713, 75.30138860337117, 60.73811701243023, 52.84608121509308, 55.16445267497081], [33.04863883654076, 52.32128177979193, 44.23175773105241, 61.381611732431466, 62.09458492329498, 69.22872617149176, 40.05097983774521, 20.798680383657032, 4.011875896067201, 38.55874088173001, 54.44407608103444, 15.052239323513039, 29.121460812204198, 24.25838906901715, 64.06340865914987, 0.0, 13.992336683197264, 27.59834842397274, 26.337981052042313, 34.63506729003518, 26.37977421608305, 55.9688241443982, 3.966329593212416, 17.18645149859451, 15.430050567855458], [24.757280823374654, 46.97879592313595, 33.77844935114495, 51.42129739759419, 58.936592107093695, 69.11911755309666, 38.86981066006233, 32.89929010329791, 13.667162338092895, 30.129771922589757, 42.73431200065493, 10.116231024832867, 16.22522822257206, 37.85892534751267, 64.25035247384037, 13.992336683197264, 0.0, 41.18131457237219, 18.75803413283371, 25.188853861767782, 38.247503363419554, 69.40409393588799, 11.99460242778296, 28.015886108295067, 9.093084087923033], [52.551888705993164, 74.85643400520219, 70.9764071705218, 87.48170126157437, 81.5740753415245, 84.05283090988392, 59.46843404375801, 11.297305074877833, 29.804534030050096, 57.2324068733105, 81.64948010796851, 41.833160920306476, 54.28163736848765, 3.3399626509147367, 78.87276717206349, 27.59834842397274, 41.18131457237219, 0.0, 46.66767251913171, 61.18103267952223, 25.506926853921282, 36.9895536916942, 30.916353025863714, 26.891784158830294, 42.51136987610217], [6.710696119384863, 63.805375889150895, 46.700174937053426, 63.7685412690628, 76.58997439704792, 87.61566912045538, 57.40568316273554, 35.785125184924524, 28.570084611101116, 12.232095437519005, 52.67985401194625, 28.871974738050596, 12.980870880493612, 43.7839284110513, 82.82414718792641, 26.337981052042313, 18.75803413283371, 46.66767251913171, 0.0, 40.27061941087231, 52.687936476325326, 80.60475901025848, 27.015932006396984, 43.390603864553185, 27.805146564399557], [44.15106285606945, 24.00770699981196, 9.821437697600334, 26.775367274525642, 37.67527049733163, 51.27745678061985, 24.11688442105455, 55.43332240069517, 31.60910465895427, 48.295937783825856, 21.039693843293076, 19.603975995660022, 29.83083478691334, 57.91708150631978, 47.26087149056877, 34.63506729003518, 25.188853861767782, 61.18103267952223, 40.27061941087231, 0.0, 47.8363566017063, 80.48638499103075, 30.804802352275765, 38.49385248434729, 19.23579178968295], [59.3959761505046, 54.53816893588898, 57.22682565396731, 71.23449868701269, 58.63036042308292, 59.127857905211684, 37.79108433791388, 30.02087982348805, 24.85729959508014, 64.88353511926535, 68.74478867440062, 32.59041883174902, 54.426952192396996, 23.98448239004968, 54.02995732757713, 26.37977421608305, 38.247503363419554, 25.506926853921282, 52.687936476325326, 47.8363566017063, 0.0, 32.790929928391435, 26.555561743491992, 10.389000379344328, 33.85545168880279], [87.04814721181422, 83.96411183974604, 89.69742692792057, 102.70275095185562, 84.54288703091191, 79.57339305998423, 66.99602434827112, 47.87644083516557, 55.748407471416485, 92.18891318014538, 101.24713993525057, 65.07707519582154, 85.08443074808066, 38.74277324888673, 75.30138860337117, 55.9688241443982, 69.40409393588799, 36.9895536916942, 80.60475901025848, 80.48638499103075, 32.790929928391435, 0.0, 57.4105050177538, 42.86665989928972, 66.28146157890899], [33.665873915112, 48.39476068498839, 40.46054101274509, 57.51780660020562, 58.33803587646661, 65.87184638536472, 36.421340052704196, 24.669909707543948, 1.7026823459819338, 39.210413943372245, 50.83249820428656, 11.2008492857805, 27.95649502327015, 27.587120912353203, 60.73811701243023, 3.966329593212416, 11.99460242778296, 30.916353025863714, 27.015932006396984, 30.804802352275765, 26.555561743491992, 57.4105050177538, 0.0, 16.621068977096254, 11.691210305952412], [50.08821262410886, 48.38568342552631, 48.126100963865426, 63.11015391620693, 54.68848274760353, 58.0789329877871, 32.603671491791836, 27.23343977269727, 14.961803854663925, 55.6220974691401, 59.52816489767742, 22.2619710251273, 44.23495743046458, 24.300531428069622, 52.84608121509308, 17.18645149859451, 28.015886108295067, 26.891784158830294, 43.390603864553185, 38.49385248434729, 10.389000379344328, 42.86665989928972, 16.621068977096254, 0.0, 23.506135065084322], [33.62228653492575, 38.83906636211313, 28.802181319554034, 46.007922450418704, 50.239101191864506, 60.0487260589442, 29.801735366948233, 36.21526346320993, 12.706907547580018, 38.883313059874325, 39.15947911717877, 1.377176336338365, 23.158382901891947, 39.19618814807129, 55.16445267497081, 15.430050567855458, 9.093084087923033, 42.51136987610217, 27.805146564399557, 19.23579178968295, 33.85545168880279, 66.28146157890899, 11.691210305952412, 23.506135065084322, 0.0]]",Route_3,1093.58213042467
