instance_id,num_cities,city_coordinates,distance_matrix,best_route,total_distance
1037,64,"[[2.9022600026860967, 77.99486013114057], [2.5936496490367444, 46.225752083548166], [95.89984343634012, 36.40981178493378], [26.08007681986999, 73.38303909447797], [70.10519468543359, 64.36888088489955], [93.05629159202712, 2.448614174341013], [58.21494729473804, 82.8113952635137], [93.40402590734863, 14.067368961207105], [63.98925300305186, 11.315611459650066], [31.182238059514066, 3.001777423624219], [27.340845919692537, 20.36307634350787], [96.12091500140835, 79.76651674368276], [34.424363399099015, 19.202124939796672], [19.307555944198995, 51.089213550072074], [39.75302601346087, 35.51767198254936], [66.95520005135955, 3.9980024572758732], [60.06814859699485, 89.58007134244679], [69.04778604625893, 44.816957300974416], [31.128489711091166, 53.29415180601226], [68.74698606996945, 2.5935782744571423], [40.932994223863936, 76.77257300563599], [99.17864198250713, 13.903051555305934], [21.506813655663194, 76.6816542204207], [36.262877703341175, 6.66812864119215], [21.156688634774767, 75.78330791589416], [6.040068432504652, 27.923352188218853], [61.14294235643752, 44.08052237053972], [69.86477580362008, 90.21256664341236], [27.59645385760232, 52.92528370979546], [92.67544321330813, 34.17923262036658], [80.73788571854178, 46.983585376156775], [20.408103716022108, 71.16155115864626], [77.08509404416397, 29.04029601660162], [54.290433951490755, 24.595465762851443], [19.397176486310496, 0.09255429263315129], [14.869991986492481, 3.678072934018306], [5.1424094310015045, 6.600341788737896], [59.63647392331835, 23.837625190394274], [66.28419703993357, 5.307404510970503], [70.26351901178475, 23.531749817383872], [42.425044817091106, 21.031682294991892], [50.76222896190924, 19.350928670211932], [2.7527591433662346, 96.10899013170423], [88.49979425467279, 88.91413048782326], [5.380963332154954, 78.0922247833977], [9.234775066982504, 72.16038748430343], [78.29031655111646, 28.78914455526974], [95.78683098599599, 73.1913316017922], [58.7677430810886, 55.19421045014725], [62.837195332175845, 55.20642877540456], [69.0111299879075, 55.95106057270757], [21.01734547685399, 39.93178596240655], [53.08451541199628, 7.602205723511057], [28.516412522332956, 52.56647813616322], [88.85648573339628, 9.989404664713486], [62.28799186932693, 14.284944741417416], [74.15078626631914, 64.91306738674625], [43.23487915553624, 26.312983505790054], [22.0628356936449, 64.05815732936863], [97.11098219825095, 21.687129823585128], [30.048344111721505, 82.79818343052433], [82.87687860783066, 26.170141538346403], [61.32051820405261, 39.86421627913527], [53.402141358707524, 42.218687949329706]]","[[0.0, 31.7706069581615, 101.87181538804438, 23.632183261077177, 68.57041446857833, 117.62221172030881, 55.52199911881514, 110.8029501373689, 90.43087369489031, 80.14811047598727, 62.59925705763088, 93.23548898849391, 66.71003458111555, 31.512657026566046, 56.23424640369684, 97.86886161841848, 58.328003031027, 74.00002602559624, 37.50793296510369, 100.10435183600462, 38.05037097347464, 115.65855633564618, 18.650842511544965, 78.74283102866228, 18.387907109967134, 50.16972941346517, 67.39554426496376, 68.06798715115896, 35.1893005342511, 99.89511318343257, 83.78594030329832, 18.792250414181833, 88.87993144726178, 74.10964674516183, 79.62946392358856, 75.27424173074465, 71.42965433771084, 78.433265427491, 96.44032427946206, 86.62430144214328, 69.33148021410233, 75.69469813647386, 18.11474692575797, 86.29118341489104, 2.480614857455536, 8.610564331461193, 90.02533818588427, 93.0086953627767, 60.33922294377561, 64.1210501832683, 69.68724266101565, 42.153931452605406, 86.44873945013428, 36.092761326645814, 109.60324308231978, 87.09545607149803, 72.43953199839778, 65.55712424478979, 23.693023145936426, 109.7535595327528, 27.567767359240893, 95.29816933320724, 69.76129938475914, 61.8883875452804], [31.7706069581615, 0.0, 93.82109828295431, 35.90446349752173, 69.90695127026972, 100.49839496642433, 66.57505567916151, 96.33631735342307, 70.62675151515813, 51.822961828762985, 35.79527510290749, 99.35961079975839, 41.75488907712372, 17.40712271111533, 38.67146533611481, 76.97786700532744, 71.99246507601573, 66.46906759568708, 29.39726810442692, 79.2466435309902, 49.02054274356246, 101.8499765021817, 35.8506589578533, 51.9463424138793, 34.90323084140321, 18.624060898729656, 58.58857983479774, 80.37564475156479, 25.884820692887793, 90.88370680673637, 78.14791067063736, 30.64553555117604, 76.4481208945078, 56.03951100366397, 49.09817158089153, 44.283333006874564, 39.70729551931505, 61.278968879792124, 75.70202768104924, 71.37386747562479, 47.13046990583001, 55.158572919524424, 49.88349179839149, 95.9279069499123, 31.98814155118039, 26.771437394861586, 77.67895894114201, 97.01603747040028, 56.88551677172593, 60.90925504650439, 67.12572770386626, 19.469118559657726, 63.569692927676904, 26.68697138791616, 93.56468224482767, 67.70250857080728, 73.95701152768112, 45.2573517589277, 26.4015886281627, 97.65075593478987, 45.7307662593648, 82.75037381420663, 59.07041753762148, 50.96625739435283], [101.87181538804438, 93.82109828295431, 0.0, 79.005185577034, 38.04041862439614, 34.08003418773267, 59.77673750317055, 22.48141135403907, 40.59562380068248, 72.83175959426647, 70.41188719821962, 43.35726856614574, 63.838382908478614, 77.98630225533933, 56.1539047631163, 43.45477838599745, 64.11697791126204, 28.13739650017563, 66.93585886017087, 43.36836764271342, 68.19462592980854, 22.7443350296355, 84.59399608185778, 66.64184419763319, 84.47965072883241, 90.25962087349252, 35.59328551238648, 59.770905773644145, 70.27171437246798, 3.9207448536840652, 18.484849195888767, 83.1064748109236, 20.206547388163305, 43.25415274407031, 84.68530712130186, 87.39109539414703, 95.52756842235385, 38.38087862733051, 42.9470167731412, 28.68912006390418, 55.64207898684822, 48.253598141113734, 110.63621110451085, 53.023242171199655, 99.65486043686161, 93.74933460191485, 19.18775667311555, 36.7816934337162, 41.61305696540623, 38.03224303070031, 33.23948427845402, 74.96527731396202, 51.60455872132115, 69.29332312227294, 27.343130766790505, 40.240108193892866, 35.853271366600495, 53.62410282696453, 78.84373610972088, 14.772414197944217, 80.54999060974293, 16.566486039092332, 34.75144088998146, 42.892863324479805], [23.632183261077177, 35.90446349752173, 79.005185577034, 0.0, 44.938469614619464, 97.55770591786516, 33.48945805006018, 89.7266005379253, 72.72875093174721, 70.56595527374736, 53.034950634815566, 70.33112966581966, 54.81969150910323, 23.29982181081658, 40.258360202219386, 80.52986407746715, 37.650137805441474, 51.59694821592305, 20.713518899716853, 82.65357165994394, 15.23476601542526, 94.24048570808816, 5.638758526323763, 67.48754485549438, 5.477320662166669, 49.68083201578632, 45.695098489795335, 46.90770579145763, 20.513877125011447, 77.27794812969512, 60.699318202344806, 6.091493046849811, 67.58543220044595, 56.35646867115098, 73.59454001050442, 70.60062541792634, 69.9879602154327, 59.839617524607284, 79.06113651230017, 66.6132689973611, 54.84361893217185, 59.40267326697386, 32.56735482852315, 64.32290357647943, 21.228041102043143, 16.889614208314427, 68.66239555221077, 69.70701778256962, 37.4074459574245, 41.00579134731024, 46.33518319053382, 33.8321974568232, 71.10807086860699, 20.958648376895145, 89.21676077000825, 69.30799281750942, 48.811202888422166, 50.09867639267478, 10.153405645373521, 87.85133211407152, 10.21724464658474, 73.85752763927768, 48.6353800424994, 41.445289152839884], [68.57041446857833, 69.90695127026972, 38.04041862439614, 44.938469614619464, 0.0, 66.03690088672053, 21.94320668492488, 55.43534646880685, 53.40462657270816, 72.66992458871884, 61.362043306046345, 30.23085995466732, 57.56003443265438, 52.504758510145166, 41.876561442159186, 60.45300181395142, 27.135703758483288, 19.580496134210932, 40.51954040740938, 61.790231778614114, 31.699666528151738, 58.241439436705065, 50.13389099129118, 66.89304319737685, 50.26176866204853, 73.70628849551645, 22.17970824911348, 25.84480401983134, 44.022141736560016, 37.69391172253474, 20.37897491366656, 50.15915888718432, 36.01149682885362, 42.802233674688345, 81.87031983495784, 82.06279173245242, 86.93312129055424, 41.86139991171472, 59.184947532925094, 40.837437975683166, 51.422791429044324, 48.99761570306596, 74.45659882406282, 30.672961568496795, 66.16310370613809, 61.36705597969377, 36.50909280223297, 27.154780052991853, 14.584662713521448, 11.695056359750653, 8.488620404442928, 54.83419141534944, 59.263470467125195, 43.231048014745326, 57.52163375589386, 50.69032767197843, 4.0820277054576986, 46.58610503149577, 48.0433638146192, 50.5078650592901, 44.09297529315605, 40.27728389402051, 26.031694687890084, 27.742080627062258], [117.62221172030881, 100.49839496642433, 34.08003418773267, 97.55770591786516, 66.03690088672053, 0.0, 87.59050095089381, 11.623957241463675, 30.38941218896238, 61.87652616400382, 68.11349172318263, 77.37861445104551, 60.97854644535992, 88.34468811017221, 62.727989810464926, 26.147037760817266, 93.1670993779357, 48.69789356673783, 80.12690773303406, 24.30973775167198, 90.77934228053208, 12.987967894103267, 103.10127073634494, 56.949944367554494, 102.70116947522031, 90.66854675036723, 52.45643563462375, 90.77641630708577, 82.66126374311429, 31.732903939835552, 46.2072157050225, 99.99613447867085, 31.019295516063586, 44.646105696800014, 73.69678592939725, 78.19596546400699, 88.01186010309544, 39.678382089679346, 26.92429625626347, 31.04849578381524, 53.933788766980015, 45.54641554587652, 130.1037816405848, 86.58549058209684, 115.79688688151738, 109.02191509314957, 30.196979313458254, 70.795394725944, 62.91106806816532, 60.79951299346362, 58.65732321865971, 81.20712976505482, 40.30263511040138, 81.71411309208749, 8.631447762101203, 32.96645248004431, 65.26274623968207, 55.24202440854909, 93.99897120802308, 19.661154602372935, 102.10805416486572, 25.813393988084638, 49.06206878431805, 56.16146720657078], [55.52199911881514, 66.57505567916151, 59.77673750317055, 33.48945805006018, 21.94320668492488, 87.59050095089381, 0.0, 77.22701862597512, 71.7285836200735, 84.26352988301267, 69.66349597638167, 38.028064281260235, 67.91267299415586, 50.20041747201522, 50.76946719409712, 79.2965503907955, 7.017786754255739, 39.5085776953018, 40.06175040809017, 80.9062544136901, 18.30664568418076, 80.16473111712693, 37.21640499187902, 79.24449767184772, 37.71880892438828, 75.72922326898745, 38.84139119718864, 13.802023115507078, 42.78635067590147, 59.60380040151215, 42.319200329957155, 39.56104509556349, 56.986082095246196, 58.348061258343485, 91.37409907682502, 90.22675796889536, 92.86990334350999, 58.99090009987065, 77.9229194397941, 60.491689054279846, 63.7656173398058, 63.896587004221544, 57.03402794662757, 30.89361313612731, 53.04432515716346, 50.124856490302214, 57.63179697323613, 38.783915080416904, 27.622716741787826, 27.989272082875367, 28.948836599186762, 56.76550426815079, 75.38397391068936, 42.38818207552728, 79.00598833417324, 68.6473897046632, 23.96458020730666, 58.45060284206155, 40.72663877896814, 72.45051660813843, 28.166606281588987, 61.77736219401471, 43.059316685114936, 40.8770227398339], [110.8029501373689, 96.33631735342307, 22.48141135403907, 89.7266005379253, 55.43534646880685, 11.623957241463675, 77.22701862597512, 0.0, 29.54320623017628, 63.19808698890781, 66.3624870052728, 65.7553002098918, 59.20275592019924, 82.83057308604116, 57.780146151782525, 28.300751420252578, 82.5436183903313, 39.22707742409684, 73.60015557649912, 27.195909366400194, 81.76277747351, 5.7769534380468315, 95.3402215651195, 57.61822259828638, 95.0186027261804, 88.45591747788035, 44.06321469719386, 79.7006111990868, 76.4236486808312, 20.12505633747828, 35.269085760171194, 92.67227361706722, 22.14714613130614, 40.505726730354354, 75.31473432369792, 79.21825519299666, 88.57691255520359, 35.152602660089876, 28.49951043381777, 25.001151260980052, 51.452484616507746, 42.96788160864698, 122.26397576636407, 75.00726097602322, 108.84503529407647, 102.27053137709457, 21.09869396779331, 59.171958885675984, 53.76884952160576, 51.2518621496569, 48.46913445012158, 76.86871646228062, 40.83455965569954, 75.44921323690828, 6.108184217685906, 31.1167947172497, 54.368853997999466, 51.642021275114594, 87.11282536330783, 8.473622633944009, 93.47656002123989, 16.04050916647297, 41.16829846000381, 48.91469644405292], [90.43087369489031, 70.62675151515813, 40.59562380068248, 72.72875093174721, 53.40462657270816, 30.38941218896238, 71.7285836200735, 29.54320623017628, 0.0, 33.84405510402224, 37.74867365315318, 75.61726084023569, 30.5986893864174, 59.81967465062245, 34.25105008966965, 7.895837093367173, 78.36262336413385, 33.88109988960273, 53.31067073055291, 9.935284939026547, 69.39888243859232, 35.28438667450543, 77.95817596062295, 28.11318167351871, 77.39969287236885, 60.28204578893046, 32.88830903673167, 79.11543026141355, 55.2792967973142, 36.683002621919684, 39.40458172785218, 74.03278376256199, 22.037819656615603, 16.44450124841677, 45.98271740827249, 49.709494038296135, 59.035453470459494, 13.256979806498618, 6.431587585548403, 13.733187915543725, 23.652000066904208, 15.476449452614013, 104.59361953221469, 81.37749558577708, 88.8484535888896, 81.8543806008068, 22.579742634704633, 69.56788561319158, 44.18818411333534, 43.90593446815543, 44.91706319401758, 51.62819268202511, 11.519665103247174, 54.40548146403993, 24.902571917937493, 3.4221673809640407, 54.55221388832451, 25.605960284527143, 67.37655833612983, 34.7075976992581, 79.13117838084307, 24.02913782983464, 28.673070686037857, 32.66629868070152], [80.14811047598727, 51.822961828762985, 72.83175959426647, 70.56595527374736, 72.66992458871884, 61.87652616400382, 84.26352988301267, 63.19808698890781, 33.84405510402224, 0.0, 17.781197759359067, 100.54778448996406, 16.521580928056906, 49.53190475395617, 33.626504503421955, 35.7868310134845, 91.26991183009531, 56.411957885820904, 50.292403103284286, 37.566965802875174, 74.41241513739206, 68.86471320025154, 74.31243558238245, 6.265383503105736, 73.46878808082457, 35.40075680406557, 50.84394839488199, 95.40471939407664, 50.05211612157931, 68.94525359030513, 66.2582949197997, 69.00606296885088, 52.77382531202698, 31.62714172152846, 12.138832543127569, 16.326259448023826, 26.28730378894284, 35.26720985211366, 35.17759856114341, 44.145512652577146, 21.248015753448314, 25.508249454278083, 97.35085171538742, 103.27746442091211, 79.39950290932288, 72.55759420855698, 53.704370052661865, 95.39563377286414, 59.03397456146254, 61.05212480082068, 65.074201113282, 38.303401570768536, 22.38020763459211, 49.636339334385355, 58.09600484722441, 33.088937498777504, 75.36115683757984, 26.242684435757102, 61.73366202247531, 68.52548210718228, 79.80446182453012, 56.64899784790553, 47.6146545555775, 45.07427396871411], [62.59925705763088, 35.79527510290749, 70.41188719821962, 53.034950634815566, 61.362043306046345, 68.11349172318263, 69.66349597638167, 66.3624870052728, 37.74867365315318, 17.781197759359067, 0.0, 90.88160778871998, 7.178023965050277, 31.758924028798177, 19.588873976392673, 42.861552661691526, 76.56414785795565, 48.34729722128155, 33.14818210109989, 45.05800155100503, 58.023941689592526, 72.12767058089928, 56.61994477686843, 16.344853738030178, 55.764198809464865, 22.602674452524653, 41.29284404789984, 81.77552144700537, 32.5632105908345, 66.77945625553943, 59.66485867273324, 51.269366662821206, 50.49538951948093, 27.279908637688163, 21.77144800608922, 20.83054335820095, 26.118641713678546, 32.48199621079313, 41.75233946503403, 43.03947440379195, 15.099009579924111, 23.443242662285318, 79.63678463454579, 91.86764384557624, 61.76480407848203, 54.87067744378357, 51.64152576300968, 86.46199989203974, 46.91330054843361, 49.739823384351354, 54.79887951248178, 20.565044468693888, 28.73284423633115, 32.224851339555336, 62.38418874834194, 35.471773197817136, 64.62098898351341, 16.97120171767106, 44.01269696697981, 69.7826986719969, 62.49378483839055, 55.838812065758084, 39.17796047960422, 34.012628222825676], [93.23548898849391, 99.35961079975839, 43.35726856614574, 70.33112966581966, 30.23085995466732, 77.37861445104551, 38.028064281260235, 65.7553002098918, 75.61726084023569, 100.54778448996406, 90.88160778871998, 0.0, 86.45524873708386, 81.99194989820671, 71.66100174887632, 81.18809448260838, 37.36452621503622, 44.208890697025566, 70.17692961729422, 81.88403029357036, 55.26907181105096, 65.9344048347406, 74.67784474943392, 94.47941030912047, 75.06997527183324, 103.93398207369559, 49.96947833180094, 28.25782730645218, 73.59384190153702, 45.71730251865863, 36.212679809224966, 76.2002311378133, 54.180364974488874, 69.23607449297658, 110.60954906509822, 111.31560435155643, 116.74920827723908, 66.7769073195227, 80.21464413183064, 61.894700408188115, 79.58031950530341, 75.54769143721839, 94.7875992140841, 11.90631423440148, 90.75539698831535, 87.21842990455065, 54.00576558416274, 6.583667046524482, 44.71082295252782, 41.3642830958016, 36.08484995271389, 85.01383376690129, 84.02273189224223, 72.87119359317414, 70.15423937775243, 73.70551512301634, 26.520021011218486, 75.19450114938837, 75.70569110868914, 58.087825041644244, 66.14208665345234, 55.20847702251534, 52.945832693578765, 56.87471379010499], [66.71003458111555, 41.75488907712372, 63.838382908478614, 54.81969150910323, 57.56003443265438, 60.97854644535992, 67.91267299415586, 59.20275592019924, 30.5986893864174, 16.521580928056906, 7.178023965050277, 86.45524873708386, 0.0, 35.28886917525236, 17.163674448146985, 35.90850419830311, 74.90433271266832, 43.06856199938773, 34.25097194553854, 38.12986033729615, 57.93719673676473, 64.9707378255153, 58.9131511438342, 12.668117384218338, 58.11593121190187, 29.69390519061539, 36.50776794356969, 79.36312533125904, 34.40743794782471, 60.145673609967545, 54.00696152914515, 53.81670287648177, 43.780447111778855, 20.58516175370588, 24.310327781229446, 24.96737134782665, 31.878484386433595, 25.634710446165403, 34.75790924979368, 36.09973305456601, 8.207203133111356, 16.338543193891116, 83.17305110297441, 88.22650361282616, 65.66249269589042, 58.64377999476506, 44.901367362725765, 81.73241012196229, 43.451471249267165, 45.86500750184218, 50.46512353319416, 24.68738495020707, 21.971786430984306, 33.88338748965598, 55.20625106528094, 28.29417700924041, 60.561365021055515, 11.322080084507004, 46.52817435648037, 62.735854387603915, 63.74643676598366, 48.95099064748369, 33.916443826073504, 29.831497264736928], [31.512657026566046, 17.40712271111533, 77.98630225533933, 23.29982181081658, 52.504758510145166, 88.34468811017221, 50.20041747201522, 82.83057308604116, 59.81967465062245, 49.53190475395617, 31.758924028798177, 81.99194989820671, 35.28886917525236, 0.0, 25.700002979419494, 66.99164239775678, 56.062215858811435, 50.134136963352766, 12.024817164254934, 69.25376446047107, 33.5752071283455, 88.1033542428426, 25.686762231677797, 47.54698434641213, 24.763230569848552, 26.696130009976528, 42.41840765883801, 63.927061853177804, 8.489816384954898, 75.29139617098164, 61.5673744680326, 20.10248597737719, 61.84172275487387, 43.883031179328476, 50.99673800608132, 47.6183602026987, 46.68951794928696, 48.67310030696486, 65.59557033466682, 57.930337298548416, 37.91930216839984, 44.68461907375096, 47.96708851469868, 78.85613599309298, 30.382768100503114, 23.354984169702387, 63.05758579255853, 79.60893877757074, 39.67313156820336, 43.72391755617302, 49.94079323749196, 11.287673392687099, 55.06362538551743, 9.326593704775616, 80.78519620101008, 56.585087035841326, 56.558631941224064, 34.443843735375715, 13.25839617933713, 83.17364765554682, 33.47869921814496, 68.27897871115593, 43.486659581766254, 35.22963211588568], [56.23424640369684, 38.67146533611481, 56.1539047631163, 40.258360202219386, 41.876561442159186, 62.727989810464926, 50.76946719409712, 57.780146151782525, 34.25105008966965, 33.626504503421955, 19.588873976392673, 71.66100174887632, 17.163674448146985, 25.700002979419494, 0.0, 41.63469513963785, 57.7533309007632, 30.735316377299565, 19.758184667243, 43.87078374337131, 41.27177223481245, 63.23444986330137, 45.02663321952503, 29.0598913664776, 44.3525106506789, 34.55773722328928, 23.04020242807442, 62.43595900911632, 21.232220624022144, 52.93933945754262, 42.55849967979218, 40.55505075097475, 37.88983640573395, 18.183256536228658, 40.8570627103369, 40.409472280128654, 45.10107277832681, 23.0602470466157, 40.20650813910952, 32.780367800715354, 14.730362579209476, 19.55929801621549, 70.99526451468665, 72.30096261370151, 54.71774153928363, 47.68702381334691, 39.120274070145946, 67.52104804286343, 27.362851299321733, 30.34017167359644, 35.68697265748297, 19.24863962458024, 30.935446756799358, 20.418699126352287, 55.34295066870041, 30.962128354190313, 45.24704610670399, 9.841218992440199, 33.57829860763222, 59.00185619204862, 48.26621606875808, 44.12531006107759, 22.001117396928258, 15.205326852616253], [97.86886161841848, 76.97786700532744, 43.45477838599745, 80.52986407746715, 60.45300181395142, 26.147037760817266, 79.2965503907955, 28.300751420252578, 7.895837093367173, 35.7868310134845, 42.861552661691526, 81.18809448260838, 35.90850419830311, 66.99164239775678, 41.63469513963785, 0.0, 85.85873276726839, 40.87255791699303, 60.93983520176615, 2.2765993107641864, 77.28708375030585, 33.711425474524596, 85.72321190668617, 30.80824930035304, 85.15065312586967, 65.44521082470702, 40.50173751963455, 86.26364650803716, 62.7932301502937, 39.653972845948466, 45.14114268686976, 81.7164270597567, 27.013537699029772, 24.179573920748027, 47.7181111401161, 52.086190627270355, 61.86754605018934, 21.14649811031939, 1.4713187212709726, 19.81192217510545, 29.864272377393043, 22.31422541796226, 112.27817004610944, 87.60661127498172, 96.33971356437289, 89.31829707820144, 27.259596339380835, 74.95985419177693, 51.84675654743878, 51.373737345519594, 51.99372169261801, 58.32257950315661, 14.331300483522377, 61.938979782301246, 22.706017152672885, 11.296194658896928, 61.33858162966037, 32.56703859113351, 74.98364208869542, 34.961070119095105, 87.01485239179519, 27.296585857684235, 36.306128042462866, 40.55251162886172], [58.328003031027, 71.99246507601573, 64.11697791126204, 37.650137805441474, 27.135703758483288, 93.1670993779357, 7.017786754255739, 82.5436183903313, 78.36262336413385, 91.26991183009531, 76.56414785795565, 37.36452621503622, 74.90433271266832, 56.062215858811435, 57.7533309007632, 85.85873276726839, 0.0, 45.65490408937562, 46.41305649315788, 87.41837447670666, 23.025771355830027, 85.18592616577874, 40.66135409343055, 86.26170161094879, 41.28501419934014, 81.97917091020082, 45.51224163093163, 9.817023730812362, 48.969219063030415, 64.28443507805754, 47.346580123069046, 43.728263694341216, 62.88593506385781, 65.24094534002742, 98.29620379327348, 97.06712466921614, 99.51116690973635, 65.74386335681389, 84.50160728136456, 66.83057948404206, 70.78248902087074, 70.84301391620625, 57.68605246312008, 28.439443595570108, 55.88075563872752, 53.73525146642026, 63.463250662033815, 39.29904657740759, 34.410441493976414, 34.48499562343591, 34.79780569963351, 63.1657934764214, 82.2747931258347, 48.63659251392271, 84.63712292655721, 75.32784209054948, 28.403904095669972, 65.46818588765066, 45.77960139377028, 77.34095311860281, 30.7763328709565, 67.38736797403607, 49.731626499732336, 47.828195548344965], [74.00002602559624, 66.46906759568708, 28.13739650017563, 51.59694821592305, 19.580496134210932, 48.69789356673783, 39.5085776953018, 39.22707742409684, 33.88109988960273, 56.411957885820904, 48.34729722128155, 44.208890697025566, 43.06856199938773, 50.134136963352766, 30.735316377299565, 40.87255791699303, 45.65490408937562, 0.0, 38.855319600159156, 42.22445046466176, 42.56292863843631, 43.16871607892708, 57.232009973541516, 50.30092785592472, 57.03044872418948, 65.23316926687161, 7.939073634075562, 45.40296047434432, 42.236925756574, 25.91191559078611, 11.889184478511376, 55.31596806268542, 17.705969646845542, 25.03374044914858, 66.82406193974569, 68.0267680853666, 74.46077397897506, 22.993589795450113, 39.60608773739194, 21.319898317369272, 35.700275316381656, 31.350920434778722, 83.8206610804516, 48.19690141919022, 71.83806609685399, 65.76670477222977, 18.501760768764555, 38.98822439214418, 14.607075897925831, 12.104237048895431, 11.134163611705764, 48.27823650775063, 40.49399639841719, 41.265570551139035, 40.0667319097368, 31.271370424901917, 20.73389138163396, 31.76008829272974, 50.77213151100004, 36.366631647692806, 54.438313801121375, 23.215243680864326, 9.178252117620447, 15.859924379164042], [37.50793296510369, 29.39726810442692, 66.93585886017087, 20.713518899716853, 40.51954040740938, 80.12690773303406, 40.06175040809017, 73.60015557649912, 53.31067073055291, 50.292403103284286, 33.14818210109989, 70.17692961729422, 34.25097194553854, 12.024817164254934, 19.758184667243, 60.93983520176615, 46.41305649315788, 38.855319600159156, 0.0, 63.13239600024354, 25.44336005263304, 78.62876066124974, 25.289363758298794, 46.90786689054729, 24.600791841732722, 35.68061596298554, 31.39678860925023, 53.51139331346749, 3.5512449848943524, 64.44693647395368, 50.009153371054744, 20.836761636823002, 51.96401641982781, 36.87940131834156, 54.479663067547506, 52.21201040845588, 53.4377045002176, 40.99258620898668, 59.486567170659804, 49.16656476202966, 34.183023508935136, 39.2125759650631, 51.364311210287454, 67.52961917799522, 35.74744099968206, 28.901030943315583, 53.148220019559204, 67.65056437493818, 27.70448609344823, 31.766315734945962, 37.975697472689156, 16.75673174171826, 50.69340195119088, 2.711541297827227, 72.16524544213163, 49.926273749975934, 44.56363091309105, 29.572759563921096, 14.073020204308882, 73.16210189309578, 29.523797123948103, 58.426087378915206, 33.04423932814718, 24.875318236357188], [100.10435183600462, 79.2466435309902, 43.36836764271342, 82.65357165994394, 61.790231778614114, 24.30973775167198, 80.9062544136901, 27.195909366400194, 9.935284939026547, 37.566965802875174, 45.05800155100503, 81.88403029357036, 38.12986033729615, 69.25376446047107, 43.87078374337131, 2.2765993107641864, 87.41837447670666, 42.22445046466176, 63.13239600024354, 0.0, 79.22210172510879, 32.46521010973627, 87.8673823845245, 32.73865081315829, 87.3016204600862, 67.62954211078231, 42.17805129719468, 87.6261181194726, 65.01266702259437, 39.626059881344034, 45.981022225164544, 83.89406685025858, 27.73000043133764, 26.326316723124272, 49.41314427256229, 53.88790792132897, 63.73065450222302, 23.115167335340995, 3.6647213602746573, 20.993020262092774, 32.13733453776213, 24.581706216656844, 114.45684882291033, 88.55174287162365, 98.56621359416818, 91.5491354525164, 27.879792851540984, 75.59891525643748, 53.53888116045547, 52.94372167121947, 53.358136110789054, 60.599177754293166, 16.443823644009534, 64.15442127055542, 21.426390846527934, 13.356895445749991, 62.55333548084218, 34.83500801983048, 77.18357580960308, 34.191811697018565, 89.05258883184311, 27.486509390384196, 38.003327252219016, 42.492511998685394], [38.05037097347464, 49.02054274356246, 68.19462592980854, 15.23476601542526, 31.699666528151738, 90.77934228053208, 18.30664568418076, 81.76277747351, 69.39888243859232, 74.41241513739206, 58.023941689592526, 55.26907181105096, 57.93719673676473, 33.5752071283455, 41.27177223481245, 77.28708375030585, 23.025771355830027, 42.56292863843631, 25.44336005263304, 79.22210172510879, 0.0, 85.70374676883996, 19.42639332696229, 70.25982570404413, 19.80103300766961, 60.03134718420107, 38.43451805667677, 31.90111932773184, 27.323186411918286, 67.01845770085026, 49.71733270090363, 21.27803319215128, 59.87774701819398, 53.8597411458895, 79.64682489246879, 77.60210065677957, 78.77250785504346, 56.14204176078981, 75.82844975464305, 60.78540069866746, 55.7608564513559, 58.25683731305309, 42.797516026930495, 49.09193297543106, 35.57651446304963, 32.03200513550276, 60.811010000769244, 54.970616673994435, 27.994713739854436, 30.739105438390965, 34.95593065530733, 41.87931058385347, 70.22961752088422, 27.204899006993394, 82.19886016312034, 66.03589637859773, 35.271370567363526, 50.51206634787001, 22.75388426059409, 78.67891956180719, 12.441205289532252, 65.72591199532577, 42.16488978158723, 36.734869031409445], [115.65855633564618, 101.8499765021817, 22.7443350296355, 94.24048570808816, 58.241439436705065, 12.987967894103267, 80.16473111712693, 5.7769534380468315, 35.28438667450543, 68.86471320025154, 72.12767058089928, 65.9344048347406, 64.9707378255153, 88.1033542428426, 63.23444986330137, 33.711425474524596, 85.18592616577874, 43.16871607892708, 78.62876066124974, 32.46521010973627, 85.70374676883996, 0.0, 99.87024515950219, 63.330383738019016, 99.58208338575692, 94.1879117125254, 48.55300393228908, 81.7462221961091, 81.52756747915478, 21.293546271460635, 37.87325189971722, 97.38240845048712, 26.781729413630003, 46.14411058652581, 80.96796941607901, 84.92643082077741, 94.31936493857225, 40.77105355680819, 33.99896551647999, 30.476157346918587, 57.19954691636214, 48.721950031174224, 126.71135394483912, 75.767405600394, 113.65849937378509, 107.16256988921863, 25.64991041175882, 59.38522150086362, 57.775432087520585, 55.015177127994754, 51.750496058219596, 82.38132850518987, 46.52278111306676, 80.54819195522423, 11.039182108077666, 36.89262674544442, 56.819145337413474, 57.30367361920191, 91.99120726889467, 8.054010893345422, 97.5988590087368, 20.40169075777679, 45.9044617640005, 53.82623220846216], [18.650842511544965, 35.8506589578533, 84.59399608185778, 5.638758526323763, 50.13389099129118, 103.10127073634494, 37.21640499187902, 95.3402215651195, 77.95817596062295, 74.31243558238245, 56.61994477686843, 74.67784474943392, 58.9131511438342, 25.686762231677797, 45.02663321952503, 85.72321190668617, 40.66135409343055, 57.232009973541516, 25.289363758298794, 87.8673823845245, 19.42639332696229, 99.87024515950219, 0.0, 71.55162604869622, 0.9641647230160489, 51.15263653871143, 51.321111604072556, 50.21531732551235, 24.52445427786677, 82.89408709300102, 66.25930267363636, 5.6283835462837475, 73.20276130343315, 61.54459186426064, 76.61814926461575, 73.30464025222916, 71.96654832472699, 65.16411893253122, 84.2573295584953, 72.12578356756761, 59.45159182245625, 64.36374303017418, 27.002517313392335, 68.10060884582342, 16.187425921663024, 13.078409078369909, 74.28363671162397, 74.3619750045455, 43.0126388568197, 46.5766653748471, 51.830662577093655, 36.75312770472008, 75.95473291934553, 25.11326728735952, 94.7830917399243, 74.54162495077324, 53.94337297845983, 54.85537184201437, 12.635736395838693, 93.49004232884997, 10.505697126313072, 79.48394671670881, 54.22780473545696, 46.95751242865131], [78.74283102866228, 51.9463424138793, 66.64184419763319, 67.48754485549438, 66.89304319737685, 56.949944367554494, 79.24449767184772, 57.61822259828638, 28.11318167351871, 6.265383503105736, 16.344853738030178, 94.47941030912047, 12.668117384218338, 47.54698434641213, 29.0598913664776, 30.80824930035304, 86.26170161094879, 50.30092785592472, 46.90786689054729, 32.73865081315829, 70.25982570404413, 63.330383738019016, 71.55162604869622, 0.0, 70.74676638793798, 36.94864988406803, 44.92999912866658, 90.04865727509957, 47.06199419186149, 62.763352281162135, 60.02801337459839, 66.41366882053593, 46.550695161837005, 25.424047682338472, 18.10221134435175, 21.600833141945053, 31.120542099183712, 29.002010482164764, 30.052141102893554, 37.95293570409991, 15.62958659412862, 19.26355635638039, 95.51228062437073, 97.4325421537734, 77.81448544429435, 70.85022442091928, 47.493630743230874, 89.26610525016122, 53.49064947633313, 55.33679551037517, 59.17140700929787, 36.5909435687581, 16.84755160837802, 46.54746189818607, 52.69837265080863, 27.116829734636074, 69.48357003457673, 20.845362239609223, 59.12069507293413, 62.67425481918537, 76.38328135127536, 50.52913602432281, 41.59165279150246, 39.466398692679924], [18.387907109967134, 34.90323084140321, 84.47965072883241, 5.477320662166669, 50.26176866204853, 102.70116947522031, 37.71880892438828, 95.0186027261804, 77.39969287236885, 73.46878808082457, 55.764198809464865, 75.06997527183324, 58.11593121190187, 24.763230569848552, 44.3525106506789, 85.15065312586967, 41.28501419934014, 57.03044872418948, 24.600791841732722, 87.3016204600862, 19.80103300766961, 99.58208338575692, 0.9641647230160489, 70.74676638793798, 0.0, 50.19051273492552, 51.02908090518506, 50.80040613098967, 23.74783878022868, 82.73953914338908, 66.17660511314058, 4.681988349382182, 72.88961306698232, 60.975735034502165, 75.71120172773506, 72.37877773587405, 71.01225204545801, 64.64555537444714, 83.68599031855815, 71.70569094150356, 58.737411271091226, 63.72677181052004, 27.41966408005092, 68.61131376054698, 15.943795217098135, 12.460239787883168, 73.97771846203445, 74.67513969572744, 42.87776056439525, 46.48303554754586, 51.80121226285878, 35.85179274313996, 75.28644512051588, 24.3554248725432, 94.40392064008911, 73.98535516514411, 54.09747233414134, 54.17342054838317, 11.76011304235631, 93.24940318801796, 11.325635329043353, 79.18868687076674, 53.88241224815273, 46.544096670483135], [50.16972941346517, 18.624060898729656, 90.25962087349252, 49.68083201578632, 73.70628849551645, 90.66854675036723, 75.72922326898745, 88.45591747788035, 60.28204578893046, 35.40075680406557, 22.602674452524653, 103.93398207369559, 29.69390519061539, 26.696130009976528, 34.55773722328928, 65.44521082470702, 81.97917091020082, 65.23316926687161, 35.68061596298554, 67.62954211078231, 60.03134718420107, 94.1879117125254, 51.15263653871143, 36.94864988406803, 50.19051273492552, 0.0, 57.42282527860606, 89.1826188696744, 33.01173022434554, 86.86094751608232, 77.09122126725427, 45.56294863279452, 71.05380515973152, 48.364993546736954, 30.870141675508755, 25.803122215798545, 21.34189692083046, 53.75191016732779, 64.34932883106451, 64.37342445211965, 37.03190003799595, 45.5363380981597, 68.26483446198729, 102.56452320494957, 50.173201980784455, 44.35224280988966, 72.25543543307874, 100.51702019568853, 59.36250823701025, 63.010157055189076, 68.92682373865978, 19.19690884940191, 51.245770413238056, 33.35370594297744, 84.73597493586338, 57.877759533689535, 77.50683140411343, 37.229655276613734, 39.527878937447824, 91.2841815623559, 59.89694821074593, 76.85680936326922, 56.55539198151113, 49.472442595750756], [67.39554426496376, 58.58857983479774, 35.59328551238648, 45.695098489795335, 22.17970824911348, 52.45643563462375, 38.84139119718864, 44.06321469719386, 32.88830903673167, 50.84394839488199, 41.29284404789984, 49.96947833180094, 36.50776794356969, 42.41840765883801, 23.04020242807442, 40.50173751963455, 45.51224163093163, 7.939073634075562, 31.39678860925023, 42.17805129719468, 38.43451805667677, 48.55300393228908, 51.321111604072556, 44.92999912866658, 51.02908090518506, 57.42282527860606, 0.0, 46.94929059607476, 34.69289111260224, 33.05047880145504, 19.808825815243463, 48.91532683406027, 21.917130496763786, 20.65488567977762, 60.64363366179825, 61.429177565795776, 67.38563366458253, 20.298875175386563, 39.11249376187378, 22.48192545062357, 29.691896489137402, 26.81999282555144, 78.20725639754004, 52.5209459415587, 65.31610984837766, 59.016410058196634, 22.97517523897635, 45.25083682624693, 11.364666045618264, 11.254167515885424, 14.241420357996017, 40.3395034516665, 37.35780815599043, 33.712043756969614, 43.93455124317391, 29.81757174285025, 24.56010861205862, 25.226655840952528, 43.89032507652992, 42.36937478679948, 49.65814452792357, 28.162843012270947, 4.220043866841964, 7.96155936349533], [68.06798715115896, 80.37564475156479, 59.770905773644145, 46.90770579145763, 25.84480401983134, 90.77641630708577, 13.802023115507078, 79.7006111990868, 79.11543026141355, 95.40471939407664, 81.77552144700537, 28.25782730645218, 79.36312533125904, 63.927061853177804, 62.43595900911632, 86.26364650803716, 9.817023730812362, 45.40296047434432, 53.51139331346749, 87.6261181194726, 31.90111932773184, 81.7462221961091, 50.21531732551235, 90.04865727509957, 50.80040613098967, 89.1826188696744, 46.94929059607476, 0.0, 56.364461398152336, 60.498438570045955, 44.57543427300179, 52.99909060522632, 61.596912983805474, 67.44007749177558, 103.28889198242521, 102.53118963824501, 105.73546639619136, 67.1584023949808, 84.980627798453, 66.68200903341487, 74.4240122261801, 73.39127354178206, 67.37054690411433, 18.680199386548747, 65.6129922931328, 63.26039963292391, 61.99860093506827, 31.010891428983783, 36.73458051650138, 35.704573596621955, 34.27213896755825, 70.10155743932994, 84.29738353073039, 55.91882622102264, 82.44052864894375, 76.30472739273279, 25.659979507482365, 69.22649868836015, 54.48925219567792, 73.74341498904806, 40.50088037442126, 65.35095280656073, 51.06819677971572, 50.73884828185542], [35.1893005342511, 25.884820692887793, 70.27171437246798, 20.513877125011447, 44.022141736560016, 82.66126374311429, 42.78635067590147, 76.4236486808312, 55.2792967973142, 50.05211612157931, 32.5632105908345, 73.59384190153702, 34.40743794782471, 8.489816384954898, 21.232220624022144, 62.7932301502937, 48.969219063030415, 42.236925756574, 3.5512449848943524, 65.01266702259437, 27.323186411918286, 81.52756747915478, 24.52445427786677, 47.06199419186149, 23.74783878022868, 33.01173022434554, 34.69289111260224, 56.364461398152336, 0.0, 67.72510086376799, 53.47256828803752, 19.6018832825821, 54.951052261253245, 38.92489124146531, 53.46517976289302, 50.86502335545158, 51.47994128882743, 43.274181262651034, 61.35310824999745, 51.81175815927884, 35.17227489159882, 40.79081333471218, 49.8200930086222, 70.74188267168041, 33.56937506550292, 26.592112838696895, 56.14642400078115, 71.13817702242066, 31.253756580726662, 35.31449394353655, 41.525061403954645, 14.564190701753171, 51.99829497157953, 0.9874539910712473, 74.808296430257, 51.928591404062644, 48.07299474244005, 30.867051494225453, 12.432288808335642, 76.21083852472297, 29.973353224872387, 61.414680599837936, 36.16495539153577, 27.93858801340398], [99.89511318343257, 90.88370680673637, 3.9207448536840652, 77.27794812969512, 37.69391172253474, 31.732903939835552, 59.60380040151215, 20.12505633747828, 36.683002621919684, 68.94525359030513, 66.77945625553943, 45.71730251865863, 60.145673609967545, 75.29139617098164, 52.93933945754262, 39.653972845948466, 64.28443507805754, 25.91191559078611, 64.44693647395368, 39.626059881344034, 67.01845770085026, 21.293546271460635, 82.89408709300102, 62.763352281162135, 82.73953914338908, 86.86094751608232, 33.05047880145504, 60.498438570045955, 67.72510086376799, 0.0, 17.50590553029361, 81.18041785112209, 16.41547003997599, 39.56333559255351, 80.81835196248052, 83.57038340716468, 91.77487250134061, 34.61968133851821, 39.11624129389441, 24.81256206953731, 51.94189656276319, 44.45892629069936, 109.18509044624942, 54.893944008302654, 97.71733264079351, 91.6783138234097, 15.361800624822498, 39.13597578710133, 39.89187162120491, 36.502931591289205, 32.15606028132501, 71.88862803782132, 47.6841684717776, 66.74183108713514, 24.489430633591105, 36.32051609480967, 35.88497616622805, 50.06243351539377, 76.67392309313651, 13.256192453804466, 79.28402058271574, 12.655331219996214, 31.866131888519263, 40.08771732774228], [83.78594030329832, 78.14791067063736, 18.484849195888767, 60.699318202344806, 20.37897491366656, 46.2072157050225, 42.319200329957155, 35.269085760171194, 39.40458172785218, 66.2582949197997, 59.66485867273324, 36.212679809224966, 54.00696152914515, 61.5673744680326, 42.55849967979218, 45.14114268686976, 47.346580123069046, 11.889184478511376, 50.009153371054744, 45.981022225164544, 49.71733270090363, 37.87325189971722, 66.25930267363636, 60.02801337459839, 66.17660511314058, 77.09122126725427, 19.808825815243463, 44.57543427300179, 53.47256828803752, 17.50590553029361, 0.0, 64.9942814857644, 18.311322182112605, 34.651054887119344, 77.2104358567488, 78.82859146637563, 85.70578975647369, 31.3210001863366, 44.11137231968469, 25.68464422536051, 46.2749938030687, 40.768906223003434, 92.16824485332525, 42.642910752958244, 81.52553708696233, 75.806109234295