instance_id,num_cities,city_coordinates,distance_matrix,best_route,total_distance
559,56,"[[8.203186446087862, 63.31014876937918], [66.10673351807532, 20.485935522562247], [70.2823903295084, 1.1698893416724032], [87.57108375644093, 92.17749389987354], [19.955643505470988, 99.48807882994214], [14.099285850663579, 42.9663424027788], [79.82070588226514, 19.78315552593777], [13.126362085284294, 35.16146796661804], [12.049532691120035, 14.394806572195895], [89.37083257564483, 21.123282451291235], [70.64292620926518, 84.37707107834025], [84.29380184150888, 87.75594265291556], [82.55865544406355, 53.247432054839], [90.35773152434786, 30.983934350650454], [7.831956960392539, 98.25082199562152], [97.52310332800721, 3.606383418507142], [26.32210150837907, 35.43166889266238], [28.912675651600516, 56.98109107327034], [46.9654349029974, 77.2591667128389], [93.26883526891828, 16.82593683287922], [56.032475274814445, 42.92774184098911], [8.056514961011096, 65.62682815086322], [61.00561174174326, 43.82943857500477], [84.91520765186338, 96.50535267111947], [38.659830885841096, 27.690363606697733], [6.6779951310152015, 73.91281100812928], [50.065815001637844, 66.56707418883363], [24.69824471123877, 3.841236306943152], [52.41841121958478, 8.38063480105562], [99.23035614052837, 46.96689838832141], [72.54761310316658, 3.6005379052696407], [49.8403884577881, 83.45136383033298], [22.452969910721354, 60.629599632444474], [64.5965184611802, 30.65772147375807], [0.20459500865990243, 99.09476546287735], [92.33088952550462, 34.05169773833568], [76.11122431943998, 73.46008187393952], [8.302169167506312, 49.69053579312435], [6.394087050939246, 5.0318317835525095], [52.10523637295329, 22.023467379594674], [6.207220812125502, 10.026103911940943], [74.84597437833638, 88.70076248925501], [91.81851564439697, 12.282974665313095], [52.23380996594813, 24.296082204579527], [88.66267307350961, 42.73698426935225], [92.67751124796976, 39.70340567742772], [49.556355773782535, 28.597167627520726], [59.55748581735979, 14.971228506296407], [40.53635542035461, 96.35864585784398], [58.66722837639787, 14.631941748647748], [61.224101662132526, 58.41936009718957], [67.32994821836843, 45.12463455639134], [90.95418104020726, 51.7409014099098], [90.11156141277925, 16.95774377366861], [84.85097540718938, 27.502471039614118], [81.16548951137588, 78.63762704459378]]","[[0.0, 72.01898363436351, 87.83643547265564, 84.45464308343163, 38.0389651594208, 21.180992556307846, 83.80732802688452, 28.57596698818976, 49.06633348543798, 91.47632736371311, 65.89792346701911, 79.92107725656749, 75.03328619743381, 88.28563538685938, 34.942645246662394, 107.43643306097317, 33.24913116565645, 21.655020537370074, 41.19571588189902, 96.93784900133979, 51.99118561887421, 2.3213177036174693, 56.28138401621332, 83.58621752151168, 46.86551275261088, 10.71179980659601, 41.98913231739657, 61.714167714031454, 70.51409509145749, 92.48268732902615, 87.78065203318764, 46.252839215498184, 14.499712840758725, 65.16432232487544, 36.66764591412276, 89.07035074678038, 68.66238234896657, 13.619972657906054, 58.30638962688412, 60.265911160145606, 53.321415164842065, 71.315807844086, 97.9555806168708, 58.82850667380816, 83.0480829754271, 87.71083097396374, 53.991440740176664, 70.52599007539628, 46.23458635831786, 70.1155287129554, 53.24600702571992, 61.86022053684259, 83.55581721687943, 94.11443746084068, 84.59948780592156, 74.55487414561244], [72.01898363436351, 0.0, 19.762230387006845, 74.83580609389237, 91.49459960298913, 56.65812656961628, 13.731967729696201, 54.975367299118915, 54.39929055728361, 23.272827848544036, 64.05196520590454, 69.68517283840966, 36.660351745355555, 26.425723901054745, 97.17678298346603, 35.66381319023404, 42.49931634881992, 52.1084860578875, 59.91317962231838, 27.407578549219338, 24.599295721335057, 73.5358964166666, 23.894362894548216, 78.31162418726693, 28.376684938921702, 79.91374081112657, 48.793261908086436, 44.62856660530717, 18.273162641028016, 42.40773243091877, 18.072121694026862, 65.03260062154479, 59.30568982192002, 10.283286388845612, 102.5789452309759, 29.5251801484241, 53.91057426750088, 64.76323290820486, 61.680057315839555, 14.085663864946152, 60.80591829528435, 68.77235599359304, 26.988595868199504, 14.386633575011647, 31.68405876084108, 32.79203239088117, 18.431144558580485, 8.561812829102216, 80.06567560248251, 9.466545296890247, 38.24636968131234, 24.66904425150322, 39.92829248771302, 24.26272654240074, 20.014454143435156, 60.06983734736828], [87.83643547265564, 19.762230387006845, 0.0, 92.63521472870009, 110.4502052064281, 70.02488641454596, 20.91490238156224, 66.4999171583725, 59.71569428958357, 27.61352067323307, 83.20796283216806, 87.71239525047793, 53.504926317158265, 35.942963204034626, 115.43294206140197, 27.349459739691984, 55.73487715280032, 69.47189022372018, 79.58177266955174, 27.811660755867226, 44.12231095965718, 89.59216777167259, 43.656566078397944, 96.45190465216204, 41.27131959375836, 96.62842098026019, 68.4507246413158, 45.66235239621883, 19.264386824391874, 54.17887745436253, 3.3225421974772535, 84.78276053863496, 76.30930877330518, 30.031007021961653, 120.41668804772897, 39.5897668625457, 72.52480432262075, 78.71341021298396, 64.00492086737414, 27.663706240198927, 64.68430942041503, 87.64975786246598, 24.234383816988252, 29.335508338398874, 45.449512367859086, 44.568748267709154, 34.37766866113102, 17.47857372704335, 99.72826058801785, 17.7802936478883, 57.96166401483247, 44.053791452160965, 54.6328673308728, 25.346644223950577, 30.093994916667413, 78.22846178093361], [84.45464308343163, 74.83580609389237, 92.63521472870009, 0.0, 68.00950236806788, 88.4298734544916, 72.80802555894797, 93.77016475360189, 108.41425701090765, 71.07700092429387, 18.638913974175114, 5.503698045806682, 39.25142230346483, 61.25697622382852, 79.97007975708718, 89.12847079051257, 83.49566744551736, 68.40756985397543, 43.25939441171797, 75.56666940337148, 58.48266326715049, 83.8302123487637, 55.16573897864739, 5.0777986792227505, 80.93763420573147, 82.92943041223035, 45.41518228682595, 108.42641880615835, 90.87146956724418, 46.68979095086549, 89.84198241212061, 38.726615056190006, 72.3577112928054, 65.66972704273435, 87.63989960053861, 58.32035605491329, 21.946979091993487, 89.93721381759873, 119.09689844751215, 78.60924734175252, 115.62408516468676, 13.191515075468239, 80.00734267155968, 76.52848471445289, 49.4525586776135, 52.72196445982707, 74.07818459232345, 82.13141351222414, 47.22020437635866, 82.75714781376243, 42.82259991310338, 51.221822890913806, 40.577867852202615, 75.26263904335975, 64.73219887665446, 14.978639193568744], [38.0389651594208, 91.49459960298913, 110.4502052064281, 68.00950236806788, 0.0, 56.824322378034076, 99.68300001642544, 64.6881128947014, 85.45976580672173, 104.68767733174425, 52.89180638967936, 65.3990950805084, 77.82887971674408, 98.23070705363652, 12.186655813527734, 123.32887066008497, 64.37200821440656, 43.4404469706821, 34.980757070820964, 110.48915696160682, 67.0865821965722, 35.89113480609108, 69.15912179335056, 65.02800650049018, 74.19405998351955, 28.816493029394547, 44.61406699807211, 95.7643501038686, 96.71813503752644, 95.09445019743377, 109.36332004262526, 33.915692663481494, 38.9386446183829, 82.03917241532406, 19.754964240111786, 97.57098035187687, 61.894312195030366, 51.142924795609034, 95.42483125244729, 83.87110556501668, 90.51223167497294, 55.94027723533997, 113.00001143548361, 81.82735720135909, 89.114211245392, 94.14179301410434, 76.82267541488625, 93.3349018488006, 20.81727776752493, 93.26923824915909, 58.221347433549376, 72.10900651315285, 85.56041890764327, 108.31947665086712, 96.91920259462066, 64.66364193052947], [21.180992556307846, 56.65812656961628, 70.02488641454596, 88.4298734544916, 56.824322378034076, 0.0, 69.69049579918867, 7.865281025969481, 28.644967232191792, 78.37681426554231, 70.08588812624014, 83.26691038915813, 69.22706182960125, 77.19409717908466, 55.63859357739256, 92.24283003972012, 14.358569828034582, 20.392393133017688, 47.499279496544716, 83.37348714338576, 41.933207190543975, 23.452349442304676, 46.9142658857909, 88.77680102970108, 28.92362184449419, 31.823882149849066, 43.0184351180419, 40.53531615688425, 51.61905209659504, 85.22501731822271, 70.46895431572543, 54.00429034403216, 19.53905558967987, 51.97569288133589, 57.82267988262273, 78.7378860716408, 69.10389757163004, 8.87813823889373, 38.70913567187293, 43.394196493764504, 33.87246673045515, 76.03813088000238, 83.55685331224296, 42.45963430562825, 74.56373997659618, 78.64594244246489, 38.25803172217384, 53.38702413779177, 59.578995591319334, 52.812306912366346, 49.5937901468384, 53.274399490983804, 77.35417118918261, 80.33874058498279, 72.42190892706093, 75.96259751652471], [83.80732802688452, 13.731967729696201, 20.91490238156224, 72.80802555894797, 99.68300001642544, 69.69049579918867, 0.0, 68.44434226459525, 67.98504409170796, 9.643695351661647, 65.24266676123098, 68.11980899319992, 33.57609523761991, 15.378112877139401, 106.4873450346751, 23.98046770066757, 55.74026049941049, 63.05009080841813, 66.20393261036611, 13.769434498146195, 33.189633790207985, 85.15715717615015, 30.532466261220172, 76.89115347726658, 41.913501048035606, 90.99382253022323, 55.44446389653788, 57.38144747160236, 29.680014010470543, 33.40195202613601, 17.741899324202418, 70.3737179745696, 70.42364039615346, 18.709143945830714, 112.37907537183003, 18.976195394613683, 53.80495028929721, 77.52001346920942, 74.89372407053531, 27.80586713848771, 74.25729082298835, 69.09692108253779, 14.149210297058502, 27.95359249728923, 24.597939706264917, 23.70893945982288, 31.521701997443955, 20.82673111751188, 86.06431264343004, 21.771647020163062, 42.87878254092428, 28.252603180399372, 33.84156898072319, 10.671675553528296, 9.213655273183704, 58.8698331979072], [28.57596698818976, 54.975367299118915, 66.4999171583725, 93.77016475360189, 64.6881128947014, 7.865281025969481, 68.44434226459525, 0.0, 20.794561476855414, 77.52605970200078, 75.69894806586527, 88.4928429251962, 71.74918437208885, 77.34427071571403, 63.31111527546658, 90.1029039111923, 13.198505501103254, 26.931462057051686, 54.01202726143554, 82.21318452624128, 43.60332050342625, 30.88432484318368, 48.65754065027724, 94.42833546357421, 26.604049115610728, 39.28419559947475, 48.48541310481295, 33.38959985870702, 47.55079547403989, 86.90952755427443, 67.28281637139979, 60.6616334680277, 27.122155962927703, 51.66682426694258, 65.22605762368082, 79.21230180337012, 73.71483363528435, 15.309038154474628, 30.8726173762763, 41.13343773815325, 26.070309590012215, 81.70536457042665, 81.95047582234544, 40.58878031546092, 75.91523381352967, 79.68070363188761, 37.016678390772654, 50.630968986268016, 67.05521841347586, 49.95429860662058, 53.42585608822393, 55.11164521389509, 79.57416048304127, 79.10813162998544, 72.13238100953454, 80.74341625840079], [49.06633348543798, 54.39929055728361, 59.71569428958357, 108.41425701090765, 85.45976580672173, 28.644967232191792, 67.98504409170796, 20.794561476855414, 0.0, 77.61350271369139, 91.27268545068763, 102.96159823996369, 80.50504889933416, 80.04606901624986, 83.96201086049702, 86.15173446635877, 25.42156165410885, 45.803462948908745, 71.90999932667117, 81.25567983574044, 52.42735577323829, 51.38739364503709, 57.12350862080909, 109.77954439761605, 29.746929368754454, 59.75990518562929, 64.55372358721885, 16.473243794454177, 40.81441676342715, 93.0668423370806, 61.453510636872785, 78.72075253656736, 47.390796525340185, 55.006073433888716, 85.52418128684128, 82.65282587720309, 87.1355672544382, 35.49410140594086, 10.938435092910298, 40.775677347668584, 7.2950785482515075, 97.28704010979004, 79.79693274432992, 41.38612568541177, 81.68752852099834, 84.50678147245439, 40.105720755273204, 47.51144990937559, 86.77309502173117, 46.61829881170143, 66.00226925310899, 63.247503261421215, 87.29647375879873, 78.10409064344736, 73.97202801959362, 94.3618326943061], [91.47632736371311, 23.272827848544036, 27.61352067323307, 71.07700092429387, 104.68767733174425, 78.37681426554231, 9.643695351661647, 77.52605970200078, 77.61350271369139, 0.0, 65.96799415279564, 66.82580075555019, 32.83849486537343, 9.909915509997434, 112.23745182764003, 19.321005929934792, 64.65193277658462, 70.29204206610338, 70.3523649467539, 5.801862145971073, 39.83566890105919, 92.69619101649984, 36.33394114145143, 75.51363521966438, 51.134452644816406, 98.1062673324042, 60.08346373153036, 66.94186089447095, 39.08780517263482, 27.660489685239014, 24.291300703015075, 73.8068136458108, 77.70939094381993, 26.545661930253306, 118.44901892746118, 13.262950613671824, 53.990348997895296, 85.9547331464564, 84.52263059361094, 37.27646701670106, 83.90073714269492, 69.12081679156657, 9.17290543698569, 37.272310185814746, 21.625299909146193, 18.872072036223923, 40.509894132588066, 30.44147520525034, 89.69484971806696, 31.382300982270426, 46.72510961877507, 32.586277573908696, 30.658531978152368, 4.230885449280394, 7.8181299470287, 58.096708071968216], [65.89792346701911, 64.05196520590454, 83.20796283216806, 18.638913974175114, 52.89180638967936, 70.08588812624014, 65.24266676123098, 75.69894806586527, 91.27268545068763, 65.96799415279564, 0.0, 14.062829681271754, 33.33225208308794, 56.91661091661544, 64.32494712393931, 85.12607066567364, 66.030204431642, 49.91947047038523, 24.724242296070663, 71.23964836117588, 43.948972351288546, 65.3347570805539, 41.67719198520283, 18.72947495181005, 65.08687417938278, 64.81522310894472, 27.21421494100644, 92.71965509146843, 78.15107979712417, 47.08250387109753, 80.79898603091486, 20.82312442479856, 53.723498472541785, 54.05855684898946, 71.95949576201043, 54.79973498674414, 12.209952395924544, 71.34091195542804, 102.09593690220765, 65.05088653267931, 98.38712542099177, 6.029918849234275, 75.1396321892523, 62.83805204578608, 45.37188674180856, 49.812240646056, 59.632550521617965, 70.28554596656286, 32.40314396574078, 70.76581380723094, 27.613710638569014, 39.39199913786802, 38.44042980293076, 70.1740226216365, 58.62242567120283, 11.986056743709947], [79.92107725656749, 69.68517283840966, 87.71239525047793, 5.503698045806682, 65.3990950805084, 83.26691038915813, 68.11980899319992, 88.4928429251962, 102.96159823996369, 66.82580075555019, 14.062829681271754, 0.0, 34.552106111178375, 57.094939967311234, 77.17872903230433, 85.18311298118823, 78.09319857741852, 63.35740389103507, 38.7761432253432, 71.49557294443835, 52.9931143389757, 79.38401362707899, 49.717980234815805, 8.771449187436998, 75.43429651915748, 78.8406351132181, 40.25572294591852, 102.92379885526024, 85.53642512916814, 43.437849697545786, 84.97120158098781, 34.72127723211484, 67.52871226046126, 60.40024697291363, 84.85024224180721, 54.30230842501463, 16.471982586092448, 84.99237280992911, 113.62941557351584, 73.19058718497367, 110.17913580872005, 9.494952780136247, 75.84715033983177, 71.0985018631427, 45.23045047070402, 48.778406013241224, 68.60357732519111, 76.87327197310934, 44.59507394020412, 77.48445505912842, 37.32085398828977, 45.88246680125326, 36.62572657034752, 71.03683052455615, 60.25604769512531, 9.64002165805797], [75.03328619743381, 36.660351745355555, 53.504926317158265, 39.25142230346483, 77.82887971674408, 69.22706182960125, 33.57609523761991, 71.74918437208885, 80.50504889933416, 32.83849486537343, 33.33225208308794, 34.552106111178375, 0.0, 23.590017332135886, 87.23178647965204, 51.84754970281557, 58.99111302231819, 53.77575064617198, 42.9353088933941, 37.96357815174915, 28.462857208672737, 75.52362798660259, 23.520890587312554, 43.322061750942886, 50.796363504256604, 78.64434179791526, 35.11691254359671, 76.0841593792728, 54.050567228506765, 17.815462588683086, 50.64617524996114, 44.52822126790937, 60.55732681993873, 28.860585391306007, 94.25587117429845, 21.540027272319353, 21.216045362327744, 74.3416253868392, 90.14313943962341, 43.615899660118984, 87.73610873973828, 36.28255900723535, 41.997997334968275, 41.92585015743504, 12.154363161927972, 16.90656361571621, 41.19207836300255, 44.65558825372099, 60.20340899692487, 45.40876984589143, 21.952494727236797, 17.259587566530268, 8.529623943622312, 37.0673422855858, 25.84681312055307, 25.428387934231502], [88.28563538685938, 26.425723901054745, 35.942963204034626, 61.25697622382852, 98.23070705363652, 77.19409717908466, 15.378112877139401, 77.34427071571403, 80.04606901624986, 9.909915509997434, 56.91661091661544, 57.094939967311234, 23.590017332135886, 0.0, 106.46754266358332, 28.299696961748154, 64.18990772775928, 66.71841611478425, 63.43728033459343, 14.454183433347884, 36.3438819330352, 89.29513054281335, 32.03988006391835, 65.74707084599629, 51.802707831486366, 94.04885291129644, 53.75498467878798, 71.04853457779913, 44.16221434344208, 18.280552699771842, 32.665742285479986, 66.29092128925919, 74.09400866334343, 25.763278388570242, 112.9897045682241, 3.6475367990399903, 44.80163028238712, 84.16087125989772, 87.88290630668817, 39.28795430722814, 86.721041909248, 59.764930018682804, 18.757925882090504, 38.70608170970966, 11.874653912567492, 9.022779958783111, 40.87112573112538, 34.71400126848887, 82.19502674459282, 35.660561574744996, 40.01838296136447, 27.02292001793635, 20.765534751702077, 14.02835064523424, 6.514978873331391, 48.532172222082075], [34.942645246662394, 97.17678298346603, 115.43294206140197, 79.97007975708718, 12.186655813527734, 55.63859357739256, 106.4873450346751, 63.31111527546658, 83.96201086049702, 112.23745182764003, 64.32494712393931, 77.17872903230433, 87.23178647965204, 106.46754266358332, 0.0, 130.391991664803, 65.48382580438056, 46.342069342457236, 44.40809258902612, 118.02318458197782, 73.37528987046528, 32.62476667623034, 76.08629663888263, 77.103010319487, 77.00088375348946, 24.36535258786445, 52.79733554008381, 95.90433531599209, 100.32249224273367, 104.80318789641301, 114.65946288193611, 44.53910954270978, 40.362487433176064, 88.26688326057197, 7.673909754399154, 106.12067263283711, 72.6404787075984, 48.56256269584788, 93.23007886961337, 88.15176040046045, 88.23967729143394, 67.69107893266012, 120.18407887149169, 86.2602346848633, 98.05809934145104, 103.08524647058918, 81.19456276851098, 98.03581502328724, 32.759090481335775, 97.85878577673377, 66.61281012551397, 79.76467109919274, 95.2495503866771, 115.66545670874157, 104.58134807652092, 75.9110295845943], [107.43643306097317, 35.66381319023404, 27.349459739691984, 89.12847079051257, 123.32887066008497, 92.24283003972012, 23.98046770066757, 90.1029039111923, 86.15173446635877, 19.321005929934792, 85.12607066567364, 85.18311298118823, 51.84754970281557, 28.299696961748154, 130.391991664803, 0.0, 77.98994458024808, 86.92669442220192, 89.33538114081693, 13.887238357356033, 57.16328755799197, 108.86140729766798, 54.32698554011173, 93.75061344641078, 63.59970868098241, 114.87309277519243, 78.84315314324276, 72.82523730432685, 45.35666132399243, 43.39411216528515, 24.975490908911777, 92.99925910650829, 94.27179916958488, 42.61378745865977, 136.34120128176397, 30.884887051826095, 73.06167087180526, 100.41974005423124, 91.14016409173031, 49.00991349081047, 91.5412650713771, 88.0642125203884, 10.38390852733918, 49.79140216034344, 40.12120570524989, 36.420801454211976, 54.08648783487611, 39.630137734232335, 108.85987150785162, 40.38987440864894, 65.74252759300448, 51.33606717526313, 48.580680957432264, 15.270552606063681, 27.048213058115188, 76.79361334024605], [33.24913116565645, 42.49931634881992, 55.73487715280032, 83.49566744551736, 64.37200821440656, 14.358569828034582, 55.74026049941049, 13.198505501103254, 25.42156165410885, 64.65193277658462, 66.030204431642, 78.09319857741852, 58.99111302231819, 64.18990772775928, 65.48382580438056, 77.98994458024808, 0.0, 21.704577183387055, 46.64425781956699, 69.48408757899152, 30.641433043967233, 35.28993191474733, 35.685689256977334, 84.6353763967089, 14.565279733736446, 43.20519892184213, 39.15580919106139, 31.632140962168368, 37.58691030090716, 73.81514148888317, 56.12502848227686, 53.469626171703226, 25.49325190882577, 38.57099385594482, 68.81216469979265, 66.02321119028208, 62.650753739835196, 22.97897401658137, 36.34935840529162, 29.0611409146278, 32.40449285846291, 72.0566622242685, 69.46684323551834, 28.203154541254143, 62.76714503480355, 66.49276755307517, 24.21860811055503, 39.02845616943716, 62.56310043779705, 38.455635235602216, 41.79214712894401, 42.137834248430636, 66.65805855191257, 66.41070022366326, 59.06353577678553, 69.81799214725172], [21.655020537370074, 52.1084860578875, 69.47189022372018, 68.40756985397543, 43.4404469706821, 20.392393133017688, 63.05009080841813, 26.931462057051686, 45.803462948908745, 70.29204206610338, 49.91947047038523, 63.35740389103507, 53.77575064617198, 66.71841611478425, 46.342069342457236, 86.92669442220192, 21.704577183387055, 0.0, 27.149631088340037, 75.85612495217036, 30.544723869233685, 22.577161211422297, 34.68317330235401, 68.54524670096153, 30.869948990586533, 27.947525074771747, 23.223832083744536, 53.306712454787764, 53.98633118169317, 71.02717961790565, 68.9455671013288, 33.743806885583616, 7.41885523279125, 44.34249006011411, 50.96778850210614, 67.436095154334, 49.99260079410703, 21.861957227653562, 56.6198937946387, 41.95152353755785, 52.156576754883446, 55.821192092766964, 77.16907616149493, 40.15202498572444, 61.42439882131178, 66.06415572206846, 35.09713149476959, 51.99935521707419, 41.05729840331243, 51.7569691575147, 32.3434207934048, 40.20525329613011, 62.26241224521027, 73.12435946710468, 63.23039157426428, 56.56290397903522], [41.19571588189902, 59.91317962231838, 79.58177266955174, 43.25939441171797, 34.980757070820964, 47.499279496544716, 66.20393261036611, 54.01202726143554, 71.90999932667117, 70.3523649467539, 24.724242296070663, 38.7761432253432, 42.9353088933941, 63.43728033459343, 44.40809258902612, 89.33538114081693, 46.64425781956699, 27.149631088340037, 0.0, 76.1326484444802, 35.50856171172844, 40.610532518945455, 36.258423697573434, 42.55115657219304, 50.259817941027144, 40.42617839820549, 11.132528881522617, 76.7204031801248, 69.094045394895, 60.40896880604636, 77.97462048177267, 6.827053763088849, 29.62099662872431, 49.82519248138107, 51.60784359374596, 62.64910093759862, 29.39234741086141, 47.485550729886675, 82.84215217822397, 55.47431874284818, 78.62262237719395, 30.136930755251736, 78.95381171920369, 53.22446896337197, 54.133545530565414, 59.161043860952034, 48.73092473920618, 63.54798967907601, 20.152497775824774, 63.711076566084856, 23.627270072167235, 38.043942480842944, 50.85461287626296, 74.14748708679744, 62.53833179428979, 34.227823303597496], [96.93784900133979, 27.407578549219338, 27.811660755867226, 75.56666940337148, 110.48915696160682, 83.37348714338576, 13.769434498146195, 82.21318452624128, 81.25567983574044, 5.801862145971073, 71.23964836117588, 71.49557294443835, 37.96357815174915, 14.454183433347884, 118.02318458197782, 13.887238357356033, 69.48408757899152, 75.85612495217036, 76.1326484444802, 0.0, 45.473626755427006, 98.19708002627705, 42.07261221627958, 80.1161182452547, 55.67925222948497, 103.71540290086483, 65.88385011274741, 69.78917062966983, 41.71426939812189, 30.724864435653526, 24.58211188724142, 79.52972724095187, 83.26852743436919, 31.834258550733548, 124.21398061156842, 17.251277662525176, 59.17609312911348, 91.10113178883441, 87.67167610951559, 41.49043501642192, 87.32675672195725, 74.19833129207251, 4.768850204106723, 41.709427872961, 26.31727777384218, 22.885109674874577, 45.26966686461675, 33.76233144825441, 95.4262345260929, 34.67109479053333, 52.505978809788296, 38.38804702336253, 34.99160435895717, 3.1600239353997415, 13.595909212674483, 62.985522347247304], [51.99118561887421, 24.599295721335057, 44.12231095965718, 58.48266326715049, 67.0865821965722, 41.933207190543975, 33.189633790207985, 43.60332050342625, 52.42735577323829, 39.83566890105919, 43.948972351288546, 52.9931143389757, 28.462857208672737, 36.3438819330352, 73.37528987046528, 57.16328755799197, 30.641433043967233, 30.544723869233685, 35.50856171172844, 45.473626755427006, 0.0, 53.07486492997178, 5.054220347277285, 60.866843287861855, 23.108147232536485, 58.27468765731082, 24.380710995935953, 50.09579742727253, 34.735631041107126, 43.386307712252616, 42.654176195199646, 40.99397368254053, 37.959701655387995, 14.963162617247804, 79.1927190943324, 37.36788776512469, 36.54285088885044, 48.20702752852921, 62.45053710373895, 21.269976402187172, 59.70823863325634, 49.488555927454556, 47.11414268120327, 19.014957242544575, 32.630755382508504, 36.786614483661, 15.72594929024543, 28.177869634837666, 55.63264540359503, 28.41820238459936, 16.338397128890605, 11.50909347052676, 36.01662553810293, 42.8465274160632, 32.6870758737371, 43.66765743510664], [2.3213177036174693, 73.5358964166666, 89.59216777167259, 83.8302123487637, 35.89113480609108, 23.452349442304676, 85.15715717615015, 30.88432484318368, 51.38739364503709, 92.69619101649984, 65.3347570805539, 79.38401362707899, 75.52362798660259, 89.29513054281335, 32.62476667623034, 108.86140729766798, 35.28993191474733, 22.577161211422297, 40.610532518945455, 98.19708002627705, 53.07486492997178, 0.0, 57.26022216353237, 82.82959566902966, 48.74154580751085, 8.399870762850997, 42.01982094815876, 63.98754979355824, 72.42309364215264, 93.06375392262463, 89.47827904699413, 45.42693206219582, 15.239101285323047, 66.48015055333354, 34.376670502813944, 89.99532803876362, 68.5040387842229, 15.938185596249504, 60.61779649006209, 61.980181740426474, 55.6314697337917, 70.66284975226344, 99.30578766200576, 60.496809456610855, 83.79318396252201, 88.50275049586705, 55.618634880401004, 72.23807704041626, 44.71447926387496, 71.84652219550554, 53.65388962010108, 62.71905477842916, 84.05261449135914, 95.40288476936281, 85.73713174795206, 74.25768005842215], [56.28138401621332, 23.894362894548216, 43.656566078397944, 55.16573897864739, 69.15912179335056, 46.9142658857909, 30.532466261220172, 48.65754065027724, 57.12350862080909, 36.33394114145143, 41.67719198520283, 49.717980234815805, 23.520890587312554, 32.03988006391835, 76.08629663888263, 54.32698554011173, 35.685689256977334, 34.68317330235401, 36.258423697573434, 42.07261221627958, 5.054220347277285, 57.26022216353237, 0.0, 57.8482558289054, 27.564536326458285, 62.10071838193445, 25.232503364154724, 54.011861857551004, 36.47406889574716, 38.35328849567701, 41.851908493191964, 41.16502364774481, 42.05415084990985, 13.652426248215816, 82.16459086370536, 32.81580783858412, 33.25890187087024, 53.02834449401698, 66.9900956992781, 23.552432177599368, 64.38578323526325, 46.95733539852925, 44.09778262134789, 21.412531786033036, 27.678628902440675, 31.939526699755564, 19.05538087883448, 28.894521229163367, 56.37648509896832, 29.29098594599459, 14.591557417521367, 6.455599468660644, 30.975926898367128, 39.61368813616118, 28.89932935621653, 40.224751785697286], [83.58621752151168, 78.31162418726693, 96.45190465216204, 5.0777986792227505, 65.02800650049018, 88.77680102970108, 76.89115347726658, 94.42833546357421, 109.77954439761605, 75.51363521966438, 18.72947495181005, 8.771449187436998, 43.322061750942886, 65.74707084599629, 77.103010319487, 93.75061344641078, 84.6353763967089, 68.54524670096153, 42.55115657219304, 80.1161182452547, 60.866843287861855, 82.82959566902966, 57.8482558289054, 0.0, 82.91599724843908, 81.43392635644133, 45.943233305596735, 110.5111808250467, 93.92554326720344, 51.565317113166294, 93.72439384492077, 37.425253053953426, 72.03194291231458, 68.91124483515958, 84.75017966348499, 62.892379125886784, 24.669710752924203, 89.7841007368554, 120.55277435211943, 81.38823902691814, 116.93420226057144, 12.73974437041648, 84.50482008851753, 79.26066171825002, 53.898802748062906, 57.32987475472359, 76.56219695157466, 85.38634235028951, 44.379094721221534, 85.97797294729143, 44.853219877263044, 54.30671729471847, 45.16996010959431, 79.71715106368508, 69.00291152721596, 18.256944026805353], [46.86551275261088, 28.376684938921702, 41.27131959375836, 80.93763420573147, 74.19405998351955, 28.92362184449419, 41.913501048035606, 26.604049115610728, 29.746929368754454, 51.134452644816406, 65.08687417938278, 75.43429651915748, 50.796363504256604, 51.802707831486366, 77.00088375348946, 63.59970868098241, 14.565279733736446, 30.869948990586533, 50.259817941027144, 55.67925222948497, 23.108147232536485, 48.74154580751085, 27.564536326458285, 82.91599724843908, 0.0, 56.20811740333211, 40.51536868074836, 27.635244914252997, 23.71000125152935, 63.56393098932646, 41.577656089948924, 56.8708538142331, 36.71042920787921, 26.105880086523698, 81.10113298104059, 54.04673077473366, 59.13944521536282, 37.49126833327019, 39.426986818675246, 14.590841016254739, 36.94858550960288, 70.93451735698359, 55.34648497647002, 13.991928183919077, 52.21766961681365, 55.33735602193359, 10.934191701525446, 24.464022141485415, 68.6939177194875, 23.891804782559547, 38.12371363047492, 33.55487194742687, 57.559772642803146, 52.55920188413243, 46.191526666790836, 66.35024240348244], [10.71179980659601, 79.91374081112657, 96.62842098026019, 82.92943041223035, 28.816493029394547, 31.823882149849066, 90.99382253022323, 39.28419559947475, 59.75990518562929, 98.1062673324042, 64.81522310894472, 78.8406351132181, 78.64434179791526, 94.04885291129644, 24.36535258786445, 114.87309277519243, 43.20519892184213, 27.947525074771747, 40.42617839820549, 103.71540290086483, 58.27468765731082, 8.399870762850997, 62.10071838193445, 81.43392635644133, 56.20811740333211, 0.0, 44.00525835106474, 72.3516065891937, 79.91653009478344, 96.39513335926027, 96.34636641144432, 44.203802863973365, 20.6226461384442, 72.2880219356799, 26.00068728524528, 94.4739470397044, 69.43470514952351, 24.27666694363652, 68.8815643168367, 68.96476077717797, 63.888441615471315, 69.75354402230283, 105.10539929485968, 67.35838509376319, 87.71214049480709, 92.5537691584225, 62.386387508892604, 79.18554592264661, 40.62270379459475, 78.84860070795516, 56.703833722542065, 67.13731091373035, 87.14395611074998, 101.01999636792436, 90.91168517441677, 74.63719384892963], [41.98913231739657, 48.793261908086436, 68.4507246413158, 45.41518228682595, 44.61406699807211, 43.0184351180419, 55.44446389653788, 48.48541310481295, 64.55372358721885, 60.08346373153036, 27.21421494100644, 40.25572294591852, 35.11691254359671, 53.75498467878798, 52.79733554008381, 78.84315314324276, 39.15580919106139, 23.223832083744536, 11.132528881522617, 65.88385011274741, 24.380710995935953, 42.01982094815876, 25.232503364154724, 45.943233305596735, 40.51536868074836, 44.00525835106474, 0.0, 67.66124710957924, 58.233980094033264, 52.927488102201146, 66.8596734768222, 16.885794438660987, 28.24398729150542, 38.73787494745756, 59.53311648828443, 53.3252869680568, 26.942102766465414, 45.0446407642532, 75.45731164093071, 44.590269646032155, 71.55737281463587, 33.22584019275947, 68.48395047048133, 42.32655154271547, 45.36067281898253, 50.372744047553724, 37.973324228722454, 52.46163461588119, 31.27856042756909, 52.64259011126968, 13.816389040445726, 27.528685277650876, 43.49337738753497, 63.75537208633059, 52.30727103994206, 33.35997603199603], [61.714167714031454, 44.62856660530717, 45.66235239621883, 108.42641880615835, 95.7643501038686, 40.53531615688425, 57.38144747160236, 33.38959985870702, 16.473243794454177, 66.94186089447095, 92.71965509146843, 102.92379885526024, 76.0841593792728, 71.04853457779913, 95.90433531599209, 72.82523730432685, 31.632140962168368, 53.306712454787764, 76.7204031801248, 69.78917062966983, 50.09579742727253, 63.98754979355824, 54.011861857551004, 110.5111808250467, 27.635244914252997, 72.3516065891937, 67.66124710957924, 0.0, 28.089388920707737, 86.10957184927392, 47.849973785018825, 83.48592573878868, 56.832732365415815, 48.07282106270932, 98.3522937831805, 74.07325174764705, 86.54523747887345, 48.69280805837056, 18.34283798222141, 32.88976617011109, 19.497962768682505, 98.56943732542443, 67.64904815776595, 34.30172116078739, 74.86205517662022, 76.85880477101654, 35.08250021231261, 36.5929421726696, 93.86328792900515, 35.64170555926693, 65.67274794357714, 59.34459634155711, 81.75712211058244, 66.71540129550822, 64.63903649695061, 93.71792679470626], [70.51409509145749, 18.273162641028016, 19.264386824391874, 90.87146956724418, 96.71813503752644, 51.61905209659504, 29.680014010470543, 47.55079547403989, 40.81441676342715, 39.08780517263482, 78.15107979712417, 85.53642512916814, 54.050567228506765, 44.16221434344208, 100.32249224273367, 45.35666132399243, 37.58691030090716, 53.98633118169317, 69.094045394895, 41.71426939812189, 34.735631041107126, 72.42309364215264, 36.47406889574716, 93.92554326720344, 23.71000125152935, 79.91653009478344, 58.233980094033264, 28.089388920707737, 0.0, 60.66512939825819, 20.688984866423382, 75.11498224953213, 60.2319018360424, 25.388479407221215, 104.66774147290228, 47.455341078221274, 69.25809572820326, 60.43799080687658, 46.145995458225926, 13.646426611043976, 46.2404767219082, 83.39255662880498, 39.59288427359489, 15.916517950769887, 49.940016681250675, 51.008931673474706, 20.41811844657552, 9.716085194159007, 88.7767631732786, 8.838922695232446, 50.80761963949829, 39.65445061637099, 58.00963950981693, 38.656698899605935, 37.64991156586349, 75.9107335587198], [92.48268732902615, 42.40773243091877, 54.17887745436253, 46.68979095086549, 95.09445019743377, 85.22501731822271, 33.40195202613601, 86.90952755427443, 93.0668423370806, 27.660489685239014, 47.08250387109753, 43.437849697545786, 17.815462588683086, 18.280552699771842, 104.80318789641301, 43.39411216528515, 73.81514148888317, 71.02717961790565, 60.40896880604636, 30.724864435653526, 43.386307712252616, 93.06375392262463, 38.35328849567701, 51.565317113166294, 63.56393098932646, 96.39513335926027, 52.927488102201146, 86.10957184927392, 60.66512939825819, 0.0, 50.91767863467337, 61.40427612382923, 77.98356520169568, 38.281744526993066, 111.90806893825147, 14.64257652878137, 35.16223865688147, 90.96896936271017, 101.86816317977372, 53.31933667625101, 100.08958988262734, 48.33542682877142, 35.46702615618559, 52.17893500998718, 11.382798375566956, 9.782540699999018, 52.96181002061554, 50.96723978084817, 76.71069311792749, 51.87404702641535, 39.69425976976615, 31.953559451595414, 9.554380102409064, 31.364020437006516, 24.19980417869998, 36.46058776196976], [87.78065203318764, 18.072121694026862, 3.3225421974772535, 89.84198241212061, 109.36332004262526, 70.46895431572543, 17.741899324202418, 67.28281637139979, 61.453510636872785, 24.291300703015075, 80.79898603091486, 84.97120158098781, 50.64617524996114, 32.665742285479986, 114.65946288193611, 24.975490908911777, 56.12502848227686, 68.9455671013288, 77.97462048177267, 24.58211188724142, 42.654176195199646, 89.47827904699413, 41.851908493191964, 93.72439384492077, 41.577656089948924, 96.34636641144432, 66.8596734768222, 47.849973785018825, 20.688984866423382, 50.91767863467337, 0.0, 83.01669983810757, 75.90643686842583, 28.201260409150244, 119.80258663253595, 36.31323672136058, 69.95037675674998, 79.06810337799004, 66.16900793656144, 27.51899519960567, 66.65084806538708, 85.13125565147003, 21.13651799246398, 28.99924398570356, 42.324420750395, 41.33557621098417, 33.96217618258998, 17.263719519435565, 98.12638385967774, 17.73011423874114, 55.976112564776784, 41.85062280948459, 51.539269897620635, 22.065974459188013, 26.882617646775465, 75.53034185206663], [46.252839215498184, 65.03260062154479, 84.78276053863496, 38.726615056190006, 33.915692663481494, 54.00429034403216, 70.3737179745696, 60.6616334680277, 78.72075253656736, 73.8068136458108, 20.82312442479856, 34.72127723211484, 44.52822126790937, 66.29092128925919, 44.53910954270978, 92.99925910650829, 53.469626171703226, 33.743806885583616, 6.827053763088849, 79.52972724095187, 40.99397368254053, 45.42693206219582, 41.16502364774481, 37.425253053953426, 56.8708538142331, 44.203802863973365, 16.885794438660987, 83.48592573878868, 75.11498224953213, 61.40427612382923, 83.01669983810757, 0.0, 35.64973514314295, 54.81707805010176, 52.04255956389549, 65.1595709852854, 28.10662790165352, 53.52772339232737, 89.65045517101844, 61.46963476743176, 85.41148700776687, 25.550646048783477, 82.62628382324132, 59.203680719512086, 56.256826126432806, 61.228285387469825, 54.854931552433875, 69.16611103057448, 15.9110955028044, 69.38318210204767, 27.498911564185068, 42.12864675558575, 51.92203161883455, 77.73782142182047, 66.00015002292753, 31.692807036611082], [14.499712840758725, 59.30568982192002, 76.30930877330518, 72.3577112928054, 38.9386446183829, 19.53905558967987, 70.42364039615346, 27.122155962927703, 47.390796525340185, 77.70939094381993, 53.723498472541785, 67.52871226046126, 60.55732681993873, 74.09400866334343, 40.362487433176064, 94.27179916958488, 25.49325190882577, 7.41885523279125, 29.62099662872431, 83.26852743436919, 37.959701655387995, 15.239101285323047, 42.05415084990985, 72.03194291231458, 36.71042920787921, 20.6226461384442, 28.24398729150542, 56.832732365415815, 60.2319018360424, 77.98356520169568, 75.90643686842583, 35.64973514314295, 0.0, 51.7145256652715, 44.436012063926015, 74.76167814317027, 55.17091208907183, 17.885979966300326, 57.87054093823116, 48.67946542302755, 53.14732488949512, 59.439188262266065, 84.55161193403171, 46.978962558532146, 68.58476855276321, 73.27613390094957, 41.96034110195064, 58.83393539921545, 40.044644781378054, 58.542779631766976, 38.83408060053035, 47.479965501616086, 69.0755013177443, 80.52897614021947, 70.64642764318076, 61.41212428449258], [65.16432232487544, 10.283286388845612, 30.031007021961653, 65.66972704273435, 82.03917241532406, 51.97569288133589, 18.709143945830714, 51.66682426694258, 55.006073433888716, 26.545661930253306, 54.05855684898946, 60.40024697291363, 28.860585391306007, 25.763278388570242, 88.26688326057197, 42.61378745865977, 38.57099385594482, 44.34249006011411, 49.82519248138107, 31.834258550733548, 14.963162617247804, 66.48015055333354, 13.652426248215816, 68.91124483515958, 26.105880086523698, 72.2880219356799, 38.73787494745756, 48.07282106270932, 25.388479407221215, 38.281744526993066, 28.201260409150244, 54.81707805010176, 51.7145256652715, 0.0, 93.96780723143367, 27.941267208524238, 44.32415263520852, 59.424757326501854, 63.59409756005966, 15.184942277474605, 61.92716466274703, 58.94103796951991, 32.84308832794993, 13.903489329274056, 26.927465300498856, 29.501975503417498, 15.180657950715851, 16.475979837439468, 69.96787055838189, 17.08748362712471, 27.96572498835856, 14.722880573377884, 33.75243476921324, 28.960435179825822, 20.49874707097742, 50.76024172764088], [36.66764591412276, 102.5789452309759, 120.41668804772897, 87.63989960053861, 19.754964240111786, 57.82267988262273, 112.37907537183003, 65.22605762368082, 85.52418128684128, 118.44901892746118, 71.95949576201043, 84.85024224180721, 94.25587117429845, 112.9897045682241, 7.673909754399154, 136.34120128176397, 68.81216469979265, 50.96778850210614, 51.60784359374596, 124.21398061156842, 79.1927190943324, 34.376670502813944, 82.16459086370536, 84.75017966348499, 81.10113298104059, 26.00068728524528, 59.53311648828443, 98.3522937831805, 104.66774147290228, 111.90806893825147, 119.80258663253595, 52.04255956389549, 44.436012063926015, 93.96780723143367, 0.0, 112.77346673940517, 80.11837102705681, 50.06344591136051, 94.2663529797483, 92.91749868709991, 89.27070060782367, 75.36160038125274, 126.211716871815, 91.1146652644176, 104.88580016372234, 109.90256527928337, 86.05525893966957, 102.95404371579919, 40.42446348932033, 102.72218888863094, 73.33395389515154, 86.13122589160892, 102.361495718088, 121.7774730398237, 110.86237565269725, 83.50545461791535], [89.07035074678038, 29.5251801484241, 39.5897668625457, 58.32035605491329, 97.57098035187687, 78.7378860716408, 18.976195394613683, 79.21230180337012, 82.65282587720309, 13.262950613671824, 54.79973498674414, 54.30230842501463, 21.540027272319353, 3.6475367990399903, 106.12067263283711, 30.884887051826095, 66.02321119028208, 67.436095154334, 62.64910093759862, 17.251277662525176, 37.36788776512469, 89.99532803876362, 32.81580783858412, 62.8