instance_id,num_cities,city_coordinates,distance_matrix,best_route,total_distance
1621,54,"[[35.53057228299272, 62.802159798292266], [34.900387622022265, 78.34155128314893], [96.118628758006, 71.29614581668429], [41.8953080991304, 30.645772452312713], [91.32441426157611, 49.80046988694349], [77.39102791927999, 82.64983796901791], [63.24998774790828, 2.5483650655581447], [13.834627557884572, 56.88862717860255], [60.548172230337286, 60.778032828083894], [29.277137280952083, 28.601474358049483], [10.463487071679289, 97.94193885271534], [61.71524417172856, 37.50416180714111], [86.88928820809231, 38.404319664150776], [22.607346877491075, 10.258605538703636], [57.057307933458205, 87.20086904831257], [81.17478891872686, 95.00769900833019], [47.520669667596735, 2.523300015048535], [95.64516427432648, 90.35857303561056], [10.569137718413169, 30.334225218744304], [10.761146900121698, 31.762031632468634], [72.24721962688986, 45.1563152870731], [15.81745408930847, 54.139875080775646], [13.5143005306399, 3.8215271201788914], [28.004031555866593, 35.29427063871482], [15.966536521453845, 14.129716222769673], [16.948674422892584, 16.914734364322914], [6.645475550499058, 53.701878063114705], [86.38549993008387, 34.431845044887076], [62.684037999049046, 49.03533038634185], [92.85952749023737, 41.97159736846897], [31.544107297307466, 12.01687331957817], [56.13086249995752, 86.84280915382514], [5.251042262218652, 39.492988215029214], [44.394809546981676, 10.576366042470076], [86.25022733897444, 94.90785620539836], [74.57655070927144, 55.55273605146236], [81.70434693098288, 59.75046058119368], [91.237663698947, 51.41211636539883], [7.897934189574551, 22.531583414315225], [56.85059477991858, 47.11955354006634], [93.21145507464446, 35.78376687589911], [73.70513855326004, 66.34626050961322], [23.318455361557433, 17.996683133390746], [30.33453888238793, 73.08987469169837], [35.25949045786818, 36.81941980636169], [39.58787093904831, 51.68478749047648], [58.649226878692026, 42.75999444371844], [44.7712802156644, 67.87359794129203], [52.06544689441795, 78.97838029222105], [57.82398518779425, 85.6484672013198], [17.81096647821424, 25.579108859669297], [91.2611489475045, 15.8997985580133], [68.27290829790569, 31.78309970455451], [73.05160367757327, 4.244704276574729]]","[[0.0, 15.55216449329669, 61.18055561941259, 32.78022436094512, 57.288713925885986, 46.32740090752204, 66.32409647640183, 22.487416160134593, 25.099350531774718, 34.76769094874121, 43.16436994773489, 36.40914369057642, 56.859232361035296, 54.10947097423646, 32.537629920325294, 55.86225262285007, 61.459770354763336, 66.12957039623332, 40.954120566599805, 39.71163545295475, 40.73681407142969, 21.53235252928688, 62.95578808166874, 28.518989837171418, 52.45720407047256, 49.506996889745714, 30.28471464130251, 58.23313854840863, 30.443986145884203, 60.99607722056418, 50.94150788705763, 31.659513237869895, 38.21213705325778, 52.97271217993247, 60.0271534456119, 39.71325441117266, 46.274510622534066, 56.85959130550171, 48.839348995451964, 26.46672435946639, 63.6951944477218, 38.33872924048236, 46.43992397573278, 11.525443194437702, 25.984154072129837, 11.834595025391437, 30.59674136922636, 10.540880795038627, 23.13162743699103, 31.92099655238856, 41.225476965780025, 72.84043290146379, 45.10257927006371, 69.54713073945629], [15.55216449329669, 0.0, 61.622323763148856, 48.20597712691976, 63.23182829466428, 42.708498534115876, 80.92160962506881, 30.06649629929044, 31.085141721342225, 50.056929559384244, 31.326303666161543, 48.85415960792367, 65.55782374009817, 69.18385904232133, 23.862452282853635, 49.18415085539264, 76.86142559348386, 61.922021142219336, 53.821121111752596, 52.46288777333911, 49.960441840670796, 30.820114912480356, 77.52805119651745, 43.5961936167812, 66.94513036300584, 63.99623304197504, 37.48937919677491, 67.666676372526, 40.38298913559164, 68.42540056162818, 66.40954392697962, 22.869290520835456, 48.87018040403149, 68.42707343144723, 53.95598667185713, 45.75508733452428, 50.361088753949396, 62.44263880360098, 61.999072613158965, 38.16575346228104, 72.18965023546112, 40.616446121947575, 61.446271383198635, 6.958956942991547, 41.52368429248925, 27.06576353524375, 42.779136891208566, 14.387931323248388, 17.176868486765944, 24.05997393167096, 55.461010137946786, 84.11603830765543, 57.28363247611475, 83.34181437209654], [61.18055561941259, 61.622323763148856, 0.0, 67.76888192923101, 22.023818386333836, 21.90044197418429, 76.20108214491174, 83.53582133916117, 37.09296534961493, 79.31342858455835, 89.70396637732195, 48.22334553193644, 34.16215676204839, 95.54836412468103, 42.17519419792809, 28.02777379497486, 84.21084222004113, 19.068306167412125, 94.85037878788525, 94.06830440403212, 35.39964567650259, 82.11343543377335, 106.65973565565042, 77.04371076434333, 98.4497768530369, 96.04800664758724, 91.18664048356155, 38.12755523469158, 40.16734697291696, 29.505099267165644, 87.65786313653999, 42.90361513004142, 96.27231745940837, 79.76368302431754, 25.590979153749707, 26.681755521206924, 18.46819883328839, 20.474336304929206, 100.80115820976967, 46.113838558658834, 35.63117619247437, 22.953559804775402, 90.22581653208121, 65.80854005401164, 69.94626045062135, 59.83587515015191, 47.09849267624558, 51.461286772563916, 44.7180003895913, 40.89582931421523, 90.67600255776054, 55.60890575899416, 48.33906247540744, 70.9082749661], [32.78022436094512, 48.20597712691976, 67.76888192923101, 0.0, 53.01074390942443, 62.96323495355307, 35.29145285701877, 38.41990651502168, 35.43843190168739, 12.782698834555058, 74.27471565271992, 20.973015292615912, 45.65800368921072, 28.065317080888633, 58.55224325300467, 75.40116181770169, 28.67957720679755, 80.34093347948453, 31.327719553144465, 31.15416550195401, 33.642151933970474, 35.100246837797805, 39.051526580163525, 14.648416275844124, 30.742174758867584, 28.4758834586432, 42.120478399977905, 44.650996795494734, 27.755128028182202, 52.20752788800011, 21.311575280519683, 57.9720444967231, 37.69715434191707, 20.224455026804634, 78.08312409901183, 41.09039369819014, 49.31371456091462, 53.534186233240916, 34.95227455389002, 22.24963062686186, 51.57272464306463, 47.816212324377275, 22.474405848242977, 43.99037621787524, 9.063553244740321, 21.16516997389364, 20.67481968311225, 37.33874939326409, 49.39101845195927, 57.262720712933096, 24.611513388534497, 51.5211605921136, 26.4021079750296, 40.83786423151024], [57.288713925885986, 63.23182829466428, 22.023818386333836, 53.01074390942443, 0.0, 35.68221179180592, 54.963031522310736, 77.8132958894231, 32.67543361138595, 65.56875774440404, 94.10680411209472, 32.060913053170154, 12.228760485460052, 79.28174055861466, 50.72498825561495, 46.33258528761115, 64.45074733120315, 40.78760365222012, 83.06834156912556, 82.5580117409188, 19.634345598394646, 75.63155077011623, 90.37962700061692, 64.96076263889478, 83.37393120433619, 81.32172082177851, 84.76876575125675, 16.142722952144503, 28.650594948700533, 7.977958230984689, 70.71976576818963, 51.095214883201045, 86.68834723165867, 61.163045387473296, 45.39188995192678, 17.708176066271864, 13.840087075622485, 1.6139795635738299, 87.76998203634977, 34.57790540378152, 14.143156872848657, 24.170272315695623, 75.07523758055305, 65.28523014379779, 57.548095905165695, 51.77084669768093, 33.42508287159872, 49.93828438348182, 48.914384125265165, 49.064831188734566, 77.40091301147957, 33.90073036163253, 29.25743590067955, 49.083840385463965], [46.32740090752204, 42.708498534115876, 21.90044197418429, 62.96323495355307, 35.68221179180592, 0.0, 81.34011911985405, 68.57883061328909, 27.60539164513949, 72.36139911154588, 68.65234208200359, 47.78977162754651, 45.25353951438895, 90.78404177645017, 20.836795635282176, 12.924147042179907, 85.51315914274713, 19.815097536866805, 84.86511855558379, 83.83978696521918, 37.844722311709084, 67.853688021241, 101.46003594107306, 68.42240252267293, 92.0216019617258, 89.29939497052733, 76.43897934089456, 49.049723428217874, 36.69101623748736, 43.52003834250214, 84.2078133292063, 21.669694068296828, 84.06361407463618, 79.26749511886493, 15.124299171907111, 27.242874560076256, 23.302064407402046, 34.16905871398808, 91.8884900671986, 41.04035215680751, 49.46427534173991, 16.715035698237312, 84.28447978845068, 48.01776815245415, 62.253463179378834, 48.86627700992432, 44.07328808607159, 35.81040644288338, 25.590323478208767, 19.79547772923413, 82.50364744902993, 68.17586096785477, 51.677511231628756, 78.52512713825685], [66.32409647640183, 80.92160962506881, 76.20108214491174, 35.29145285701877, 54.963031522310736, 81.34011911985405, 0.0, 73.44890679393498, 58.29231522958337, 42.81260413308988, 109.02453198031775, 34.98947218355097, 42.947246785133885, 41.36752428023023, 84.8787117823695, 94.18082039435852, 15.72933805118234, 93.5952994862544, 59.55943237038591, 60.070930805397815, 43.54753269202813, 70.08230272275942, 49.75198010724075, 48.10999646328625, 48.68113037421317, 48.47890450958816, 76.29385750568547, 39.39299708734871, 46.490410235380594, 49.30432119968631, 33.08950745635595, 84.59453438872976, 68.76614615570972, 20.493085289287134, 95.18028485383238, 54.201055083172406, 60.105266859384464, 56.31142154335152, 58.84877950050236, 45.02824749408851, 44.74685975424304, 64.64891059757488, 42.815625767318984, 77.84299168424553, 44.2489901759452, 54.536994605461636, 40.47396864433034, 67.88850184185146, 77.24403654426222, 83.27705853808949, 50.94231849511462, 31.030403285378323, 29.663098965956344, 9.947323336028385], [22.487416160134593, 30.06649629929044, 83.53582133916117, 38.41990651502168, 77.8132958894231, 68.57883061328909, 73.44890679393498, 0.0, 46.875182476140324, 32.227846984251954, 41.19149168929887, 51.65569615307977, 75.35683822325502, 47.448071851214756, 52.79234893445071, 77.38062399117891, 63.95575213080967, 88.3923141087693, 26.754433040851648, 25.3138714362825, 59.57917467152547, 3.3892829845007513, 53.068066838873364, 25.828051495028053, 42.812025202713684, 40.09500460911538, 7.863795299367711, 75.94692979817098, 49.47665278650811, 80.42047368472028, 48.24002453384429, 51.82879998687779, 19.39809762525601, 55.48648713649172, 81.78924664921995, 60.75661143639069, 67.93002942887117, 77.59653455239966, 34.86618396628015, 44.11131641429722, 82.13462044121272, 60.612910465273146, 40.03156631241905, 23.12417554632095, 29.356393423462308, 26.273741495058708, 46.989004833490085, 32.829042939526246, 44.153739816274594, 52.55655984579263, 31.561007724293997, 87.60679360748975, 59.948427166019414, 79.23403864043806], [25.099350531774718, 31.085141721342225, 37.09296534961493, 35.43843190168739, 32.67543361138595, 27.60539164513949, 58.29231522958337, 46.875182476140324, 0.0, 44.86879251530192, 62.36691108632473, 23.303114152744975, 34.56063413329529, 63.180050348999856, 26.652437176743398, 39.964075903501744, 59.69363214062577, 45.89996960244029, 58.521186868505886, 57.62530882013106, 19.51680734438673, 45.220595790970215, 73.86628885708426, 41.33452827315264, 64.52586833657665, 61.84581765311501, 54.36517888884796, 36.901071981333565, 11.93536690752527, 37.3859023353474, 56.735231199435056, 26.436436790252753, 59.252221113564445, 52.73650039615662, 42.72517385071829, 14.969940853323182, 21.181115001028996, 32.0868396353998, 65.07563644336447, 14.150128461008734, 41.12910619811419, 14.286739387833494, 56.71239458733102, 32.62583470440209, 34.83579428854534, 22.847786347730263, 18.11782825476061, 17.29905679273947, 20.080071636823696, 25.019186656568067, 55.36635263437109, 54.38145685827655, 30.00629424223414, 57.899508072768725], [34.76769094874121, 50.056929559384244, 79.31342858455835, 12.782698834555058, 65.56875774440404, 72.36139911154588, 42.81260413308988, 32.227846984251954, 44.86879251530192, 0.0, 71.84743176017419, 33.637607264394624, 58.44018917275111, 19.517862089630377, 64.85080523438083, 84.28020478035975, 31.82605302274389, 90.65679370054562, 18.7880726307196, 18.783796795852727, 46.048786466116006, 28.868200205311616, 29.36856836021536, 6.8128056072174275, 19.66224494061633, 16.987374374032047, 33.79678059873313, 57.4052114952178, 39.16073911168899, 64.97292154459092, 16.73882148361461, 64.13404428953064, 26.379505604654323, 23.52548712633705, 87.4212174729108, 52.71060010867477, 60.98255204907309, 66.02599656788603, 22.224173795468616, 33.21467770487556, 64.33647734805511, 58.2967938970873, 12.164188716684711, 44.50096473553949, 10.164800879741492, 25.281427446603466, 32.60649227307277, 42.218102231374296, 55.291407167294544, 63.790923475652185, 11.857814557639054, 63.27203387286148, 39.12534852307647, 50.094472320913226], [43.16436994773489, 31.326303666161543, 89.70396637732195, 74.27471565271992, 94.10680411209472, 68.65234208200359, 109.02453198031775, 41.19149168929887, 62.36691108632473, 71.84743176017419, 0.0, 79.24309118183736, 96.87946726724441, 88.52028169882473, 47.815841758172546, 70.77215534635532, 102.36186506497555, 85.51856855778175, 67.60779618411021, 66.18057661469814, 81.26224008521714, 44.128060840092814, 94.16984319549206, 65.05690611651652, 83.99269144049522, 81.2863181733808, 44.404506422697956, 98.9832513708804, 71.54608508395951, 99.60816534059748, 88.47321309849147, 46.9968068977042, 58.680911815839586, 93.72341200247261, 75.84744991002141, 76.85915328133464, 80.83222826358954, 93.21744466844297, 75.453984447057, 68.80900094030689, 103.49330679864862, 70.69507318108171, 80.97218115971667, 31.81955048593822, 65.96062551628629, 54.66217876926368, 73.25921450238704, 45.619401525842534, 45.72023200258348, 48.93001356069907, 72.7348927147895, 115.14849086608018, 87.85739115147624, 112.67849886952392], [36.40914369057642, 48.85415960792367, 48.22334553193644, 20.973015292615912, 32.060913053170154, 47.78977162754651, 34.98947218355097, 51.65569615307977, 23.303114152744975, 33.637607264394624, 79.24309118183736, 0.0, 25.190132538601652, 47.662857312095966, 49.914517733966896, 60.706924418957065, 37.75111438184085, 62.80786785488611, 51.64622150763308, 51.27662320889761, 13.018370092625089, 48.81960764459788, 58.803493496107485, 33.783568121324, 51.37420518165751, 49.27443850010339, 57.40248625194543, 24.86082559912865, 11.571793736573454, 31.463063485906186, 39.49556145623595, 49.653674996484035, 56.49921705438594, 32.01723973633526, 62.42715378411504, 22.162225477271452, 29.907558213007654, 32.63440599636603, 55.861265268919304, 10.775925569659623, 31.54316185737254, 31.23498398980578, 43.06802892099553, 47.445670255130715, 26.464613660056862, 26.281377265075076, 6.084754616655505, 34.776436931501095, 42.58203126250951, 48.301304727387986, 45.49497211329209, 36.60203546825618, 8.702500236909108, 35.13836311032864], [56.859232361035296, 65.55782374009817, 34.16215676204839, 45.65800368921072, 12.228760485460052, 45.25353951438895, 42.947246785133885, 75.35683822325502, 34.56063413329529, 58.44018917275111, 96.87946726724441, 25.190132538601652, 0.0, 70.1737073615343, 57.19309642699107, 56.891106996693566, 53.26664713351417, 52.68690358213408, 76.74563046275046, 76.41736641171408, 16.123883441299064, 72.79294821119419, 81.11632608054738, 58.96732871632484, 74.96194420531587, 73.16755929378162, 81.6889512896122, 4.004292350684823, 26.436953808215698, 6.954798868823859, 61.31383509971629, 57.37916012006573, 81.64550447105235, 50.795430103996544, 56.50715034809789, 21.11093767002039, 21.966823805396317, 13.715361622300213, 80.5703280726574, 31.27744242075611, 6.8437629126485255, 30.896178733499326, 66.76617719754283, 66.34400801023625, 51.65411816388184, 49.13038674126519, 28.573991087589622, 51.40393914308329, 53.46919037810742, 55.46892207511826, 70.25881129933762, 22.92524016322186, 19.75879942490829, 36.85594709939345], [54.10947097423646, 69.18385904232133, 95.54836412468103, 28.065317080888633, 79.28174055861466, 90.78404177645017, 41.36752428023023, 47.448071851214756, 63.180050348999856, 19.517862089630377, 88.52028169882473, 47.662857312095966, 70.1737073615343, 0.0, 84.30250133145368, 103.01725152214561, 26.086559834295652, 108.3998503831948, 23.40831017598971, 24.550555750814272, 60.679214828950656, 44.40347352064916, 11.140891814941051, 25.610715189500883, 7.686732733297128, 8.736396562180062, 46.2828182362494, 68.20555926772582, 55.76536166082138, 77.07841936392241, 9.108083903349721, 83.60003793690612, 33.99838879070554, 21.78977974446278, 105.90520228896963, 68.93733680536228, 77.08371508217061, 80.02332060328624, 19.157056338558156, 50.31231970865854, 75.07645406920335, 75.87364070793019, 7.770683376480464, 63.30464342887186, 29.420292176310983, 44.771271464037234, 48.53202442486805, 61.731088525712146, 74.76755378358608, 83.20963198685064, 16.053756163038194, 68.88517690584591, 50.48412967396197, 50.80147687324921], [32.537629920325294, 23.862452282853635, 42.17519419792809, 58.55224325300467, 50.72498825561495, 20.836795635282176, 84.8787117823695, 52.79234893445071, 26.652437176743398, 64.85080523438083, 47.815841758172546, 49.914517733966896, 57.19309642699107, 84.30250133145368, 0.0, 25.34954601367496, 85.21289906344632, 38.71684066985432, 73.45042648196112, 72.2274132199472, 44.704338919572535, 52.85598232185591, 94.0643830259388, 59.48434942678602, 83.83224242788356, 80.92492329870201, 60.527144664472125, 60.37145633546563, 38.57808228242308, 57.68436479567858, 79.39494077357092, 0.9932311056821631, 70.4267779782791, 77.66371949810211, 30.193115017441507, 36.17358414125152, 36.891753229647065, 49.48870112312657, 81.23275528567508, 40.08184855017824, 62.855713752330836, 26.684545370832225, 76.99045084304623, 30.219638440743086, 54.894765455536934, 39.57996056244273, 44.4693775709696, 22.901744159051916, 9.619147466233144, 1.7313998691413854, 73.0583099063225, 79.08062590278847, 56.5413021655229, 84.48397936878882], [55.86225262285007, 49.18415085539264, 28.02777379497486, 75.40116181770169, 46.33258528761115, 12.924147042179907, 94.18082039435852, 77.38062399117891, 39.964075903501744, 84.28020478035975, 70.77215534635532, 60.706924418957065, 56.891106996693566, 103.01725152214561, 25.34954601367496, 0.0, 98.41729421050857, 15.198885986879464, 95.74871379518687, 94.64721561748341, 50.64446615756324, 77.08281422326449, 113.54672884997579, 79.95513095601399, 103.89111742669768, 101.11134906686877, 85.21026578469112, 60.79955256944137, 49.55165533349562, 54.30802143917817, 96.69892298628523, 26.341292238706366, 94.05476288219268, 92.09460825139516, 5.076420367052213, 40.00288551337928, 35.26121514066548, 44.74188501638089, 103.06446900166085, 53.711645821851654, 60.43472072720957, 29.618807089382486, 96.32264478703138, 55.363544381950454, 74.12213211474675, 60.052863457393045, 56.89660427029376, 45.40346778176956, 33.230902058036335, 25.156614535701962, 93.99629314129119, 79.74832018473725, 64.52757922529648, 91.12577764353381], [61.459770354763336, 76.86142559348386, 84.21084222004113, 28.67957720679755, 64.45074733120315, 85.51315914274713, 15.72933805118234, 63.95575213080967, 59.69363214062577, 31.82605302274389, 102.36186506497555, 37.75111438184085, 53.26664713351417, 26.086559834295652, 85.21289906344632, 98.41729421050857, 0.0, 100.15489088282125, 46.247846156087036, 46.9698407564688, 49.28464531752358, 60.57528125827615, 34.031140672852345, 38.142308252142215, 33.62100854809929, 33.78994341326555, 65.498307956255, 50.2854877400346, 48.92133183403128, 60.09808809559169, 18.584361147486906, 84.75797922328415, 56.15584783967989, 8.638453214300725, 100.17427244511676, 59.53269509505981, 66.65937066692649, 65.58423538683205, 44.38797777942457, 45.5617529411369, 56.51465762892513, 68.98548178504687, 28.725820483363936, 72.62922657554257, 36.42197617309063, 49.79740100109963, 41.747291698345855, 65.40810791795755, 76.5900404767508, 83.76127822839318, 37.606339692675455, 45.74013818197294, 35.87187318832544, 25.588900407273794], [66.12957039623332, 61.922021142219336, 19.068306167412125, 80.34093347948453, 40.78760365222012, 19.815097536866805, 93.5952994862544, 88.3923141087693, 45.89996960244029, 90.65679370054562, 85.51856855778175, 62.80786785488611, 52.68690358213408, 108.3998503831948, 38.71684066985432, 15.198885986879464, 100.15489088282125, 0.0, 104.1194152182128, 103.14480631614188, 50.89899723265403, 87.65989616082597, 119.30691134655, 87.22041179616777, 110.2702241385835, 107.64355509602498, 96.25309282950225, 56.68809652401826, 52.858738429753735, 48.46709385248329, 101.22434203277406, 39.67040005329369, 103.72273142122508, 94.82509906335447, 10.438429832985246, 40.685780878836766, 33.63336046580388, 39.19505770485164, 110.90571179445041, 58.091577954058856, 54.62904362917857, 32.526233742737965, 102.3102924068415, 67.55505703927103, 80.70235765312366, 68.10346411503929, 60.285355334029795, 55.62127456474111, 45.04109849669962, 38.113339980455166, 101.264709180871, 74.58772477486828, 64.65544426570715, 89.02846383650348], [40.954120566599805, 53.821121111752596, 94.85037878788525, 31.327719553144465, 83.06834156912556, 84.86511855558379, 59.55943237038591, 26.754433040851648, 58.521186868505886, 18.7880726307196, 67.60779618411021, 51.64622150763308, 76.74563046275046, 23.40831017598971, 73.45042648196112, 95.74871379518687, 46.247846156087036, 104.1194152182128, 0.0, 1.4406591133688467, 63.43406137007476, 24.37732122450374, 26.675778235249247, 18.126708848862826, 17.07975484717763, 14.85870867053054, 23.694774197340063, 75.9270127639093, 55.3687110717792, 83.10918528869078, 27.84734690115786, 72.58850338323053, 10.59080161759791, 39.173320945300226, 99.48558259846496, 68.7962368622166, 76.9774830233821, 83.37678681181158, 8.247214524959574, 49.23129608887567, 82.8217973862021, 72.68439507355464, 17.741478097206553, 47.10325514257981, 25.527852773744513, 36.02684259062272, 49.659789714543486, 50.78376764089722, 63.939013896392176, 72.75084862365104, 8.663441312470736, 81.9728817916012, 57.721957489038246, 67.71057269976016], [39.71163545295475, 52.46288777333911, 94.06830440403212, 31.15416550195401, 82.5580117409188, 83.83978696521918, 60.070930805397815, 25.3138714362825, 57.62530882013106, 18.783796795852727, 66.18057661469814, 51.27662320889761, 76.41736641171408, 24.550555750814272, 72.2274132199472, 94.64721561748341, 46.9698407564688, 103.14480631614188, 1.4406591133688467, 0.0, 62.928085732695116, 22.941972883524183, 28.075819619639226, 17.60095973657601, 18.384630206152636, 16.085015791528914, 22.322535968353545, 75.67146539388197, 54.720685941530625, 82.73076409678079, 28.66710169640627, 71.3603751809585, 9.493626430509966, 39.74991433366911, 98.41745996772521, 68.10582486158413, 76.26460375322625, 82.84078455738423, 9.66432415297884, 48.58076455766064, 82.548335370509, 71.81932171955587, 18.63252036351259, 45.72863747827795, 25.01491579467762, 35.041350142284976, 49.13474727757926, 49.60578987797228, 62.73299593338521, 71.54480194960054, 9.377019254435684, 82.04791751005615, 57.51176525667855, 68.09775554564915], [40.73681407142969, 49.960441840670796, 35.39964567650259, 33.642151933970474, 19.634345598394646, 37.844722311709084, 43.54753269202813, 59.57917467152547, 19.51680734438673, 46.048786466116006, 81.26224008521714, 13.018370092625089, 16.123883441299064, 60.679214828950656, 44.704338919572535, 50.64446615756324, 49.28464531752358, 50.89899723265403, 63.43406137007476, 62.928085732695116, 0.0, 57.140377888087485, 71.82005637959817, 45.32901515954376, 64.26636087652345, 62.09280147243139, 66.15599344748398, 17.745569359905506, 10.31994190814207, 20.856885282191485, 52.48776969191553, 44.693408215816106, 67.2351177213473, 44.40191028569257, 51.68462100792162, 10.654170451122564, 17.39040924509034, 19.9942995172502, 68.21076915419782, 15.52128735370843, 22.963968115913477, 21.240040163100424, 55.96132227937263, 50.3682096982042, 37.91564235691126, 33.30546510746589, 13.807525497508118, 35.651117482079144, 39.385733861864246, 42.98423034476187, 57.84956930148985, 34.892309744800286, 13.951273976100174, 40.9195179489608], [21.53235252928688, 30.820114912480356, 82.11343543377335, 35.100246837797805, 75.63155077011623, 67.853688021241, 70.08230272275942, 3.3892829845007513, 45.220595790970215, 28.868200205311616, 44.128060840092814, 48.81960764459788, 72.79294821119419, 44.40347352064916, 52.85598232185591, 77.08281422326449, 60.57528125827615, 87.65989616082597, 24.37732122450374, 22.941972883524183, 57.140377888087485, 0.0, 50.371029945778346, 22.44258178407834, 40.01043660614626, 37.24232485765115, 9.182430598913358, 73.26838023104689, 47.143748937756605, 77.99710287182425, 44.96303924890432, 51.91004521930232, 18.0604638300803, 52.100331713768725, 81.38061091326641, 58.776080268393486, 66.12534550373093, 75.46952156447745, 32.58531720751407, 41.62935922483495, 79.54104661712293, 59.16062759838978, 36.913349133230774, 23.871494216814966, 26.038259332554716, 23.89686532343597, 44.31774411671974, 32.04589195146114, 43.941646800481536, 52.510380234262925, 28.63025425631792, 84.58164426353578, 57.02104945941496, 75.92941425213456], [62.95578808166874, 77.52805119651745, 106.65973565565042, 39.051526580163525, 90.37962700061692, 101.46003594107306, 49.75198010724075, 53.068066838873364, 73.86628885708426, 29.36856836021536, 94.16984319549206, 58.803493496107485, 81.11632608054738, 11.140891814941051, 94.0643830259388, 113.54672884997579, 34.031140672852345, 119.30691134655, 26.675778235249247, 28.075819619639226, 71.82005637959817, 50.371029945778346, 0.0, 34.64802865628811, 10.595858810375617, 13.536136818527373, 50.35106917234474, 79.03925142209556, 66.79783745379461, 88.04029135128701, 19.80499006239033, 93.32044055079747, 36.6160425749705, 31.610657790917063, 116.56429296696437, 80.02947191110216, 88.1925621930078, 91.13608158627297, 19.53483497260221, 61.259721604961086, 85.86746306147101, 86.78870472178473, 17.235327091398638, 71.28130465625924, 39.51852991572518, 54.50433714042517, 59.61011503050843, 71.27177951688121, 84.46741066639454, 93.05372790737127, 22.17777494284878, 78.67945779986621, 61.48458884956918, 59.53880704981867], [28.518989837171418, 43.5961936167812, 77.04371076434333, 14.648416275844124, 64.96076263889478, 68.42240252267293, 48.10999646328625, 25.828051495028053, 41.33452827315264, 6.8128056072174275, 65.05690611651652, 33.783568121324, 58.96732871632484, 25.610715189500883, 59.48434942678602, 79.95513095601399, 38.142308252142215, 87.22041179616777, 18.126708848862826, 17.60095973657601, 45.32901515954376, 22.44258178407834, 34.64802865628811, 0.0, 24.348298715290454, 21.448269743717958, 28.196239567099074, 58.38783800959427, 37.303077217396314, 65.19832854566958, 23.54504963273784, 58.72282726505327, 23.13715088515674, 29.658597586249414, 83.34505928560151, 50.78784265130535, 59.007025834976254, 65.25547628265078, 23.814729402003884, 31.176297495633204, 65.2092607573762, 55.2523054336159, 17.92096977780556, 37.86738636516753, 7.414024808577864, 20.070734354358706, 31.54148107344865, 36.640867826894386, 49.8723685452559, 58.52157504780416, 14.081297669969304, 66.1634978518259, 40.421661957351894, 54.711601377928126], [52.45720407047256, 66.94513036300584, 98.4497768530369, 30.742174758867584, 83.37393120433619, 92.0216019617258, 48.68113037421317, 42.812025202713684, 64.52586833657665, 19.66224494061633, 83.99269144049522, 51.37420518165751, 74.96194420531587, 7.686732733297128, 83.83224242788356, 103.89111742669768, 33.62100854809929, 110.2702241385835, 17.07975484717763, 18.384630206152636, 64.26636087652345, 40.01043660614626, 10.595858810375617, 24.348298715290454, 0.0, 2.95312053702912, 40.65511247485015, 73.28715332345652, 58.31746603244417, 81.77837370513473, 15.72020408297219, 83.06844746898678, 27.53393149139875, 28.64948524350461, 107.07429707444258, 71.77046979659843, 80.01694841254482, 83.99833300111058, 11.648764565153574, 52.5341373385272, 80.22266108760883, 77.84801642846905, 8.30687328176543, 60.68558130664147, 29.783228842821487, 44.36609986904833, 51.3955726414329, 60.97637314127239, 74.2191387831188, 82.86722965314569, 11.597004510617667, 75.31541576505253, 55.205058434633976, 57.9346041101092], [49.506996889745714, 63.99623304197504, 96.04800664758724, 28.4758834586432, 81.32172082177851, 89.29939497052733, 48.47890450958816, 40.09500460911538, 61.84581765311501, 16.987374374032047, 81.2863181733808, 49.27443850010339, 73.16755929378162, 8.736396562180062, 80.92492329870201, 101.11134906686877, 33.78994341326555, 107.64355509602498, 14.85870867053054, 16.085015791528914, 62.09280147243139, 37.24232485765115, 13.536136818527373, 21.448269743717958, 2.95312053702912, 0.0, 38.20274660963067, 71.612302735712, 55.887889298603476, 79.93937701171153, 15.395314339277999, 80.15721743095071, 25.428569466514766, 28.1685151584748, 104.3342335530258, 69.38203873952955, 77.6414616200761, 81.90801726684566, 10.651990049817043, 50.04492331513561, 78.5624089540293, 75.26467961556872, 6.461015581583553, 57.74796756707811, 27.04593289966589, 41.49084011312207, 49.06030517323019, 58.05947958909148, 71.30977390709066, 79.96947580067629, 8.70717709618219, 74.31940503436518, 53.434495138886106, 57.51580942123783], [30.28471464130251, 37.48937919677491, 91.18664048356155, 42.120478399977905, 84.76876575125675, 76.43897934089456, 76.29385750568547, 7.863795299367711, 54.36517888884796, 33.79678059873313, 44.404506422697956, 57.40248625194543, 81.6889512896122, 46.2828182362494, 60.527144664472125, 85.21026578469112, 65.498307956255, 96.25309282950225, 23.694774197340063, 22.322535968353545, 66.15599344748398, 9.182430598913358, 50.35106917234474, 28.196239567099074, 40.65511247485015, 38.20274660963067, 0.0, 82.03539273131057, 56.23252749538857, 87.00840325533548, 48.55493263646691, 59.55774370387827, 14.27714939721832, 57.31336671511073, 89.63732002892061, 67.9562848272315, 75.3021880385293, 84.62317238425149, 31.195447121905023, 50.63478046725347, 88.40094750336209, 68.24132772372758, 39.40620764231881, 30.611535976037096, 33.22317332691371, 33.00409169048191, 53.14240274343026, 40.674496010053645, 51.9795667721503, 60.33095727949293, 30.258194515323407, 92.67582963933314, 65.4092754261031, 82.79967325890492], [58.23313854840863, 67.666676372526, 38.12755523469158, 44.650996795494734, 16.142722952144503, 49.049723428217874, 39.39299708734871, 75.94692979817098, 36.901071981333565, 57.4052114952178, 98.9832513708804, 24.86082559912865, 4.004292350684823, 68.20555926772582, 60.37145633546563, 60.79955256944137, 50.2854877400346, 56.68809652401826, 75.9270127639093, 75.67146539388197, 17.745569359905506, 73.26838023104689, 79.03925142209556, 58.38783800959427, 73.28715332345652, 71.612302735712, 82.03539273131057, 0.0, 27.83920045163613, 9.937851777450984, 59.24533148990509, 60.51654521580686, 81.29216069983188, 48.29391221763162, 60.476162449019455, 24.198002368198892, 25.747727784724972, 17.65992942675769, 79.38459675999388, 32.1448062536999, 6.958545557278488, 34.34125040096817, 65.17335849613399, 68.08930525819798, 51.18172874957155, 49.87666891657293, 28.959608339731055, 53.3862727601786, 56.23397409851885, 58.64215641915654, 69.14360112191619, 19.162690320848096, 18.305240438518815, 33.000852368364995], [30.443986145884203, 40.38298913559164, 40.16734697291696, 27.755128028182202, 28.650594948700533, 36.69101623748736, 46.490410235380594, 49.47665278650811, 11.93536690752527, 39.16073911168899, 71.54608508395951, 11.571793736573454, 26.436953808215698, 55.76536166082138, 38.57808228242308, 49.55165533349562, 48.92133183403128, 52.858738429753735, 55.3687110717792, 54.720685941530625, 10.31994190814207, 47.143748937756605, 66.79783745379461, 37.303077217396314, 58.31746603244417, 55.887889298603476, 56.23252749538857, 27.83920045163613, 0.0, 30.9912324727592, 48.374181623187106, 38.371207433120915, 58.220316844046714, 42.586239746837364, 51.57183247689789, 13.561284421711177, 21.830853555434505, 28.652376030621177, 60.86021503560209, 6.1399723709105185, 33.27953017665141, 20.521524289360524, 50.130297422639636, 40.31266792011189, 30.022229749579903, 23.247635488584912, 7.460532284611995, 25.99513831234787, 31.770122988640175, 36.93429166452878, 50.63385108820277, 43.75631085576693, 18.13490928334207, 45.97484752996431], [60.99607722056418, 68.42540056162818, 29.505099267165644, 52.20752788800011, 7.977958230984689, 43.52003834250214, 49.30432119968631, 80.42047368472028, 37.3859023353474, 64.97292154459092, 99.60816534059748, 31.463063485906186, 6.954798868823859, 77.07841936392241, 57.68436479567858, 54.30802143917817, 60.09808809559169, 48.46709385248329, 83.10918528869078, 82.73076409678079, 20.856885282191485, 77.99710287182425, 88.04029135128701, 65.19832854566958, 81.77837370513473, 79.93937701171153, 87.00840325533548, 9.937851777450984, 30.9912324727592, 0.0, 68.2412356737534, 57.98638184138148, 87.64354047665744, 57.74503818798904, 53.34726186169136, 22.775306098931768, 20.98871197683043, 9.57882253144364, 87.15725144085789, 36.37505584436887, 6.197830203340839, 31.00023901187304, 73.5578495157765, 69.84068573530128, 57.83000259174975, 54.149934940442066, 34.21938394946001, 54.6204463512978, 55.07866187575655, 55.99248327072194, 76.81796788178198, 26.120748595297695, 26.614043810671145, 42.61070649655463], [50.94150788705763, 66.40954392697962, 87.65786313653999, 21.311575280519683, 70.71976576818963, 84.2078133292063, 33.08950745635595, 48.24002453384429, 56.735231199435056, 16.73882148361461, 88.47321309849147, 39.49556145623595, 61.31383509971629, 9.108083903349721, 79.39494077357092, 96.69892298628523, 18.584361147486906, 101.22434203277406, 27.84734690115786, 28.66710169640627, 52.48776969191553, 44.96303924890432, 19.80499006239033, 23.54504963273784, 15.72020408297219, 15.395314339277999, 48.55493263646691, 59.24533148990509, 48.374181623187106, 68.2412356737534, 0.0, 78.76185120263416, 38.02975359751147, 12.931187475447999, 99.31603402165541, 61.21407133832339, 69.24265298910784, 71.52136639155464, 25.87857474856829, 43.27373877271762, 66.08878128100503, 68.76943266459419, 10.1695366255045, 61.08497812350731, 25.07928197255327, 40.47524611653334, 40.98569267408709, 57.40149639929338, 70.03548239933266, 78.1808390816102, 19.30112405021934, 59.84314640674105, 41.709813335037595, 42.22888664635619], [31.659513237869895, 22.869290520835456, 42.90361513004142, 57.9720444967231, 51.095214883201045, 21.669694068296828, 84.59453438872976, 51.82879998687779, 26.436436790252753, 64.13404428953064, 46.9968068977042, 49.653674996484035, 57.37916012006573, 83.60003793690612, 0.9932311056821631, 26.341292238706366, 84.75797922328415, 39.67040005329369, 72.58850338323053, 71.3603751809585, 44.693408215816106, 51.91004521930232, 93.32044055079747, 58.72282726505327, 83.06844746898678, 80.15721743095071, 59.55774370387827, 60.51654521580686, 38.371207433120915, 57.98638184138148, 78.76185120263416, 0.0, 69.50368084037463, 77.16414506603836, 31.18046058431303, 36.32233594176495, 37.2558513139193, 49.878066140270654, 80.38873757879736, 39.72977537201586, 63.10305970417731, 26.999327493888213, 76.265609092419, 29.233431521152852, 54.20289339811325, 38.85559235251481, 44.15469071242237, 22.110429297038042, 8.853069827184026, 2.0719838647011057, 72.26102272213816, 79.1646876977619, 56.38262924693715, 84.3134533233761], [38.21213705325778, 48.87018040403149, 96.27231745940837, 37.69715434191707, 86.68834723165867, 84.06361407463618, 68.76614615570972, 19.39809762525601, 59.252221113564445, 26.379505604654323, 58.680911815839586, 56.49921705438594, 81.64550447105235, 33.99838879070554, 70.4267779782791, 94.05476288219268, 56.15584783967989, 103.72273142122508, 10.59080161759791, 9.493626430509966, 67.2351177213473, 18.0604638300803, 36.6160425749705, 23.13715088515674, 27.53393149139875, 25.428569466514766, 14.27714939721832, 81.29216069983188, 58.220316844046714, 87.64354047665744, 38.02975359751147, 69.50368084037463, 0.0, 48.66626711711329, 98.14110034785924, 71.16137731952782, 79.09154810370578, 86.80878228594251, 17.166691285416224, 52.16012191975716, 88.03858554676479, 73.5327242250023, 28.080643658310866, 41.92770663439915, 30.127312046493735, 36.43703847947508, 53.4980322071127, 48.654991689768245, 61.24283360979346, 69.95886340064239, 18.744272059140183, 89.18731440180368, 63.49171583335918, 76.41568980807006], [52.97271217993247, 68.42707343144723, 79.76368302431754, 20.224455026804634, 61.163045387473296, 79.26749511886493, 20.493085289287134, 55.48648713649172, 52.73650039615662, 23.52548712633705, 93.72341200247261, 32.01723973633526, 50.795430103996544, 21.78977974446278, 77.66371949810211, 92.09460825139516, 8.638453214300725, 94.82509906335447, 39.173320945300226, 39.74991433366911, 44.40191028569257, 52.100331713768725, 31.610657790917063, 29.658597586249414, 28.64948524350461, 28.1685151584748, 57.31336671511073, 48.29391221763162, 42.586239746837364, 57.74503818798904, 12.931187475447999, 77.16414506603836, 48.66626711711329, 0.0, 94.14709890189042, 54.16466891593852, 61.725952025963196, 62.14347503591082, 38.40506650511335, 38.60765647191662, 54.9406765279664, 63.00298814605991, 22.344435805794234, 64.07519000985307, 27.787621807460006, 41.38851256964127, 35.19906746685493, 57.29846868313113, 68.8307651471275, 76.26377338419834, 30.525120873534267, 47.16770826055195, 31.935703414414778, 29.347943549094026], [60.0271534456119, 53.95598667185713, 25.590979153749707, 78.08312409901183, 45.39188995192678, 15.124299171907111, 95.18028485383238, 81.78924664921995, 42.72517385071829, 87.4212174729108, 75.84744991002141, 62.42715378411504, 56.50715034809789, 105.90520228896963, 30.193115017441507, 5.076420367052213, 100.17427244511676, 10.438429832985246, 99.48558259846496, 98.41745996772521, 51.68462100792162, 81.38061091326641, 116.56429296696437, 83.34505928560151, 107.07429707444258, 104.3342335530258, 89.63732002892061, 60.476162449019455, 51.57183247689789, 53.34726186169136, 99.31603402165541, 31.18046058431303, 98.14110034785924, 94.14709890189042, 0.0, 41.049972087513204, 35.45007046199779, 43.78074811688008, 106.66492724836397, 56.10757761872166, 59.53248382715498, 31.195256070930874, 99.37674007296636, 60.021567231339404, 77.29373642775421, 63.60510336386999, 59.00181957129618, 49.51115202001213, 37.714021489507424, 29.89627949371601, 97.41872322964983, 79.16680180845601, 65.63473838749722, 91.61883422214156], [39.71325441117266, 45.75508733452428, 26.681755521206924, 41.09039369819014, 17.708176066271864, 27.242874560076256, 54.201055083172406, 60.75661143639069, 14.969940853323182, 52.71060010867477, 76.85915328133464, 22.162225477271452, 21.11093767002039, 68.93733680536228, 36.17358414125152, 40.00288551337928, 59.53269509505981, 40.685780878836766, 68.7962368622166, 68.10582486158413, 10.654170451122564, 58.776080268393486, 80.02947191110216, 50.78784265130535, 71.77046979659843, 69.38203873952955, 67.9562848272315, 24.198002368198892, 13.561284421711177, 22.775306098931768, 61.21407133832339, 36.32233594176495, 71.16137731952782, 54.16466891593852, 41.049972087513204, 0.0, 8.272023344125174, 17.167918261669133, 74.40722023074484, 19.629775364987637, 27.1674769342125, 10.828643930536508, 63.54407485722281, 47.591037414380445, 43.55190425631728, 35.20182861917339, 20.428751362886707, 32.251477282526764, 32.48862267098595, 34.44417926146428, 64.19306722790124, 43.02012633908259, 24.59128950898289, 51.330688560181656], [46.274510622534066, 50.361088753949396, 18.46819883328839, 49.31371456091462, 13.840087075622485, 23.302064407402046, 60.105266859384464, 67.93002942887117, 21.181115001028996, 60.98255204907309, 80.83222826358954, 29.907558213007654, 21.966823805396317, 77.08371508217061, 36.891753229647065, 35.26121514066548, 66.65937066692649, 33.63336046580388, 76.9774830233821, 76.26460375322625, 17.39040924509034, 66.12534550373093, 88.1925621930078, 59.007025834976254, 80.01694841254482, 77.6414616200761, 75.3021880385293, 25.747727784724972, 21.830853555434505, 20.98871197683043, 69.24265298910784, 37.2558513139193, 79.09154810370578, 61.725952025963196, 35.45007046199779, 8.272023344125174, 0.0, 12.66539035558815, 82.65973251419526, 27.879182352933764, 26.586010324855607, 10.367830600755898, 71.77945573433503, 53.