instance_id,num_cities,city_coordinates,distance_matrix,best_route,total_distance
2683,38,"[[3.7523111097264916, 83.4706966829976], [37.82388908317269, 85.39700621215376], [69.18753766092982, 9.696824581514129], [87.29638012506805, 65.53613289589993], [7.887911704344552, 79.38975295106438], [29.68507129285962, 10.626407520050874], [62.31763315859374, 71.944815027124], [81.14626259853041, 61.186580066270544], [85.56573935266903, 41.10178958328861], [39.515706060349906, 94.58103510323208], [67.56577308397705, 86.75997148554795], [4.543380326376489, 12.671789911391574], [6.467658108575403, 69.03513864853534], [88.58630184052755, 17.211420129652144], [8.688757448783068, 80.9859839573117], [84.42974158219212, 20.18774448915711], [93.69840906171525, 83.20487701083373], [5.701970853007843, 86.26262603779612], [69.44162017301294, 15.090188688183614], [39.836203668199566, 24.123870083370413], [38.62303943560177, 40.168214185050445], [89.06065942332651, 64.24901012859556], [99.53948412480771, 99.7867942507566], [92.13636854120546, 87.46530160805032], [76.44586250170062, 49.43880889231471], [69.72563708858692, 44.305596679384664], [55.94153223103698, 26.72853819562533], [62.97901664825768, 99.64752602765617], [70.1903518165154, 20.07871617633591], [40.90699547327329, 91.73864579698467], [86.80542084235402, 93.2777373365412], [0.31133949636967806, 43.14940316920519], [86.06191985997795, 63.97616876781888], [58.4536006584306, 75.28357745072903], [32.360751639304155, 82.07266475147256], [78.28948518579915, 66.1763164458544], [9.568306905872515, 32.31043765712671], [99.00971598132611, 20.20244791987763]]","[[0.0, 34.12598854249854, 98.61213454059975, 85.44741099573251, 5.8101027548065165, 77.32269081175907, 59.68871664420956, 80.53822434371908, 92.13338878868441, 37.44943308257703, 63.89817883058808, 70.80332612639107, 14.688718292978653, 107.64338211281897, 5.526508824526611, 102.53574901470914, 89.94649074247903, 3.4052962626998577, 94.82077408901904, 69.45569184464038, 55.59741616713874, 87.44705555929362, 97.16685419453351, 88.47428144132185, 80.26532128245184, 76.72277887958688, 77.09336775011916, 61.396192525221686, 91.82895210941871, 38.06349370073993, 83.6301206661818, 40.46785139180637, 84.58669110004926, 55.31057764672637, 28.64257954193277, 76.51722621105425, 51.48978452756422, 114.35403134312267], [34.12598854249854, 0.0, 81.94019740652861, 53.31023971785065, 30.53276655281304, 75.21225155384869, 27.944676532585174, 49.62834654881657, 65.12565150041188, 9.338556170866376, 29.773097558933653, 79.97843052413465, 35.36840300468319, 85.00645092204651, 29.467151417908088, 80.15206361422413, 55.91750542779812, 32.13357945308835, 77.08910110786275, 61.30617114977518, 45.23585159491033, 55.42963443177178, 63.37097656766071, 54.351846985396165, 52.76977151015492, 52.02139428341668, 61.40226488200392, 28.9112047107644, 72.89764689667345, 7.05137842103043, 49.611454086033184, 56.4982419140358, 52.78029831329708, 22.9753441974379, 6.395085369078539, 44.79843058672059, 60.13785567448967, 89.40937223879712], [98.61213454059975, 81.94019740652861, 0.0, 58.70228725032791, 92.815668974266, 39.513402455371214, 62.62593633941096, 52.86024992386239, 35.41916596163677, 89.92078061509757, 77.08020972399957, 64.71257602822234, 86.34129259733314, 20.803393904546915, 93.49998209446623, 18.50362615505198, 77.48688010739264, 99.46224985171972, 5.399345729813678, 32.70535810942045, 43.15894039636032, 58.05929655573038, 95.06546843702574, 81.08381378424662, 40.39936381249178, 34.61295504744412, 21.57628161852388, 90.16470719642896, 10.430211374525157, 86.77931490153085, 85.41755548338853, 76.57026634255234, 56.84181541695241, 66.45930751596116, 81.20636926368505, 57.20820264612019, 63.763846905266675, 31.618514220327974], [85.44741099573251, 53.31023971785065, 58.70228725032791, 0.0, 80.60786342260845, 79.58731586258742, 25.787768547786765, 7.532765455525775, 24.495555731635143, 55.91600091487515, 28.97840883639719, 98.19723893708002, 80.90442104159956, 48.34192550956536, 80.11152376928678, 45.4389034597481, 18.792830896506143, 84.1857181617971, 53.512482094867714, 62.98764847627754, 54.887388292695455, 2.183887923034653, 36.37308618736543, 22.456934970612092, 19.41281980474264, 27.558423011754797, 49.891441078391445, 41.891780910490525, 48.56946509185687, 53.278013201542, 27.745948496281226, 89.81961345403566, 1.9893165225740173, 30.445337947057684, 57.37055135639052, 9.029617457271382, 84.53165200366345, 46.8224863755304], [5.8101027548065165, 30.53276655281304, 92.815668974266, 80.60786342260845, 0.0, 72.13538549832586, 54.936524082603555, 75.4860349919729, 86.60146099815489, 35.08692675702067, 60.13125027880825, 66.80174011432157, 10.451562449243378, 101.87431100636661, 1.7858631895222599, 96.76533225785514, 85.89526545922514, 7.212123256840816, 89.01288103775852, 63.83581415282014, 49.82948103111882, 82.57273802815087, 93.89382312444603, 84.63460855645144, 74.8147824132574, 71.09713286759612, 71.29063041691964, 58.69759121091713, 86.01972522174101, 35.25273106384177, 80.13020253836288, 37.02387606307798, 79.67906957596225, 50.732135541892326, 24.619462021151538, 71.63083451239325, 47.109294800276, 108.65689251744355], [77.32269081175907, 75.21225155384869, 39.513402455371214, 79.58731586258742, 72.13538549832586, 0.0, 69.46100483814243, 72.14281155113343, 63.65059288577692, 84.52822530115274, 85.03685748118872, 25.224753988511885, 62.85402252051466, 59.268181607825106, 73.4255758674708, 55.57335773304077, 96.77469527688577, 79.34750568462835, 40.00635600972671, 16.888664368442143, 30.864309737184897, 80.0052746783157, 113.26611829697899, 99.0170701074721, 60.76984527509124, 52.32145536653346, 30.80065507893151, 95.04339186746934, 41.593555861860736, 81.88483852707432, 100.46878447105193, 43.82420981200956, 77.61794946759186, 70.76848101593188, 71.49634212807551, 73.8117973737345, 29.578393674896645, 69.98290441901679], [59.68871664420956, 27.944676532585174, 62.62593633941096, 25.787768547786765, 54.936524082603555, 69.46100483814243, 0.0, 21.68540767565552, 38.623395243557745, 32.129835647379615, 15.71724637345815, 82.77170891488957, 55.9257179633466, 60.71068663195804, 54.385651099554856, 56.282676638634115, 33.33979742228372, 58.39805587892001, 57.29921227313815, 52.84181532881962, 39.638190331725795, 27.828310527813237, 46.48270642335958, 33.61610452635662, 26.57305357898296, 28.61476739553905, 45.66362177424293, 27.710604917601607, 52.46019356680367, 29.158380315750524, 32.47684282538177, 68.36633819207475, 25.045767589823797, 5.106670312796193, 31.622588293808928, 16.98162633734045, 65.98011283427286, 63.43170733735064], [80.53822434371908, 49.62834654881657, 52.86024992386239, 7.532765455525775, 75.4860349919729, 72.14281155113343, 21.68540767565552, 0.0, 20.565276159722565, 53.3694000799549, 28.95562197809719, 90.67351562707499, 75.0899050497893, 44.60009949959333, 75.11395640602511, 41.130107621003496, 25.34485709512295, 79.50251089462263, 47.55918368087272, 55.49923819390652, 47.43412497855387, 8.486233262583262, 42.75847440219201, 28.484269948545673, 12.653216532799286, 20.38132201665753, 42.69233048753821, 42.53578716401433, 42.542783814142496, 50.52353252882933, 32.586323004811106, 82.82285036961882, 5.652034274120074, 26.714831857698144, 53.06839561386999, 5.749664887942087, 77.18312860705538, 44.70796410654719], [92.13338878868441, 65.12565150041188, 35.41916596163677, 24.495555731635143, 86.60146099815489, 63.65059288577692, 38.623395243557745, 20.565276159722565, 0.0, 70.57361594538071, 49.07818619604693, 85.86552010865312, 83.88550796471436, 24.080563747020214, 86.60727052341083, 20.944874626836377, 42.88135127917433, 91.74814803710343, 30.603767749183763, 48.77950578329867, 46.95198226409639, 23.409576785439004, 60.325743391835736, 46.82679163901229, 12.356295753012049, 16.16085454564747, 32.9269494948791, 62.75159996636994, 26.04557846086414, 67.51662470897072, 52.19067286542693, 85.27898578345666, 22.87976001127427, 43.62869109187574, 67.15194211358461, 26.108921312119055, 76.5042326096735, 24.850009850216633], [37.44943308257703, 9.338556170866376, 89.92078061509757, 55.91600091487515, 35.08692675702067, 84.52822530115274, 32.129835647379615, 53.3694000799549, 70.57361594538071, 0.0, 29.120015387046713, 89.0628318387653, 41.770399795751, 91.61866999352038, 33.6916336255809, 86.90012816588661, 55.36408833781521, 34.821898541753455, 84.93735926704638, 70.4578939605255, 54.42014272286544, 58.0924620135995, 60.24909842838581, 53.09960247589967, 58.323726236072, 58.65372657760896, 69.81238501860835, 24.004088694051614, 80.57002803618226, 3.1646268656481986, 47.307670722959514, 64.66989346736351, 55.706443635267114, 27.037672304733682, 14.410159666846818, 48.064893526085164, 69.09756886036222, 95.2455324299732], [63.89817883058808, 29.773097558933653, 77.08020972399957, 28.97840883639719, 60.13125027880825, 85.03685748118872, 15.71724637345815, 28.95562197809719, 49.07818619604693, 29.120015387046713, 0.0, 97.267058338671, 63.61720956350914, 72.65578865382058, 59.15946164463555, 68.6749942902639, 26.373345632837726, 61.8658013685014, 71.69432731062358, 68.4997096260144, 54.849554960721946, 31.125126826340097, 34.525589192346814, 24.58071707059179, 38.36307033303406, 42.50928078314901, 61.146512232911455, 13.67945162191918, 66.73288711823888, 27.119690661884768, 20.31367316747008, 80.15635037889567, 29.3463645421331, 14.653986022762421, 35.51569201549066, 23.209585434381797, 79.5516047431651, 73.6113135878345], [70.80332612639107, 79.97843052413465, 64.71257602822234, 98.19723893708002, 66.80174011432157, 25.224753988511885, 82.77170891488957, 90.67351562707499, 85.86552010865312, 89.0628318387653, 97.267058338671, 0.0, 56.39618715700513, 84.16543767576034, 68.43985139982847, 80.23914436177466, 113.68172907101903, 73.59995580020228, 64.94328439365489, 37.10435984763196, 43.788999906803745, 99.01202003436603, 128.89252778159758, 115.18073179278466, 80.7575422342481, 72.45291110265654, 53.2856659106449, 104.78312013539802, 66.06351052223484, 87.02804264249984, 115.17101228242423, 30.770035415639374, 96.3193208942794, 82.62292536046974, 74.76822570671233, 91.11104401560767, 20.27131896079763, 94.76602440808826], [14.688718292978653, 35.36840300468319, 86.34129259733314, 80.90442104159956, 10.451562449243378, 62.85402252051466, 55.9257179633466, 75.0899050497893, 83.88550796471436, 41.770399795751, 63.61720956350914, 56.39618715700513, 0.0, 97.10391057779147, 12.155492004578548, 92.00083899459199, 88.37412176143364, 17.244494736595733, 82.92030827437912, 55.95070935115197, 43.21189507840426, 82.73155922855473, 98.02055458052378, 87.62875586189784, 72.67024996517176, 67.919968717893, 65.09618009197881, 64.27014785302643, 80.35740783942951, 41.249450844334476, 83.91578940948249, 26.607734968629742, 79.7548724530657, 52.36011086945486, 28.990160045709242, 71.87870135928425, 36.85536169775776, 104.63586459299829], [107.64338211281897, 85.00645092204651, 20.803393904546915, 48.34192550956536, 101.87431100636661, 59.268181607825106, 60.71068663195804, 44.60009949959333, 24.080563747020214, 91.61866999352038, 72.65578865382058, 84.16543767576034, 97.10391057779147, 0.0, 102.22921593771032, 5.11228910314706, 66.19116248691583, 107.87901260494378, 19.261839449511175, 49.23772980321368, 54.984925056286485, 47.039981802983945, 83.29864712822794, 70.34352021586695, 34.43827599923559, 33.01240793691323, 34.00377213102089, 86.32175050672443, 18.618065525324617, 88.47385840649204, 76.08716153562783, 92.00678203818799, 46.83283270927183, 65.42442308842662, 85.8387648403792, 50.03584219814362, 80.44764666407683, 10.844067944848947], [5.526508824526611, 29.467151417908088, 93.49998209446623, 80.11152376928678, 1.7858631895222599, 73.4255758674708, 54.385651099554856, 75.11395640602511, 86.60727052341083, 33.6916336255809, 59.15946164463555, 68.43985139982847, 12.155492004578548, 102.22921593771032, 0.0, 97.12426370338359, 85.03860507872335, 6.063319702460157, 89.62793182563102, 64.83412219043696, 50.61770013787374, 82.0960956437561, 92.77567033038264, 83.69877749556052, 74.7412171411041, 71.21061358409021, 71.94925395863913, 57.40806037822018, 86.55715671344905, 33.965196864453276, 79.07781168494908, 38.752909275102546, 79.22083106285771, 50.09048871439686, 23.69692351560561, 71.15888948910145, 48.68349222137745, 108.86925095476411], [102.53574901470914, 80.15206361422413, 18.50362615505198, 45.4389034597481, 96.76533225785514, 55.57335773304077, 56.282676638634115, 41.130107621003496, 20.944874626836377, 86.90012816588661, 68.6749942902639, 80.23914436177466, 92.00083899459199, 5.11228910314706, 97.12426370338359, 0.0, 63.69511117896351, 102.78108705230588, 15.831262063409032, 44.766915332420574, 49.974724919852804, 44.30395614164152, 81.0204482995109, 67.7175146544181, 30.321066832972477, 28.246795981642318, 29.229438146256207, 82.30425555423797, 14.23980716413869, 83.74819942436905, 73.12859157933933, 87.19600529159077, 43.81883278612715, 60.91231982957596, 80.875973376187, 46.39667551915513, 75.83662763758423, 14.579981813098309], [89.94649074247903, 55.91750542779812, 77.48688010739264, 18.792830896506143, 85.89526545922514, 96.77469527688577, 33.33979742228372, 25.34485709512295, 42.88135127917433, 55.36408833781521, 26.373345632837726, 113.68172907101903, 88.37412176143364, 66.19116248691583, 85.03860507872335, 63.69511117896351, 0.0, 88.04954836074262, 72.30492771922837, 79.94812411442959, 69.89599907457637, 19.514958646266937, 17.58061822702296, 4.537751462594963, 37.91830321876151, 45.69297327139335, 67.93495855579235, 34.84310228642689, 67.36127178985325, 53.47671042950771, 12.205564375868255, 101.61488939461617, 20.689591296669864, 36.124001800813254, 61.34810610499163, 22.965339316651658, 98.32658870255133, 63.22591282500599], [3.4052962626998577, 32.13357945308835, 99.46224985171972, 84.1857181617971, 7.212123256840816, 79.34750568462835, 58.39805587892001, 79.50251089462263, 91.74814803710343, 34.821898541753455, 61.8658013685014, 73.59995580020228, 17.244494736595733, 107.87901260494378, 6.063319702460157, 102.78108705230588, 88.04954836074262, 0.0, 95.54192134200433, 70.89690290446677, 56.64354827048174, 86.21641517461268, 94.80707791556318, 86.44276448754277, 79.75394482259692, 76.54686244926978, 77.89942966836192, 58.82019655500738, 92.40704087808665, 35.628367222152065, 81.40627363236914, 43.44892280068589, 83.39309073328172, 53.882037405851186, 26.98604025404045, 75.31538401971082, 54.09054617525063, 114.32533592298041], [94.82077408901904, 77.08910110786275, 5.399345729813678, 53.512482094867714, 89.01288103775852, 40.00635600972671, 57.29921227313815, 47.55918368087272, 30.603767749183763, 84.93735926704638, 71.69432731062358, 64.94328439365489, 82.92030827437912, 19.261839449511175, 89.62793182563102, 15.831262063409032, 72.30492771922837, 95.54192134200433, 0.0, 30.952998012684002, 39.732760808806546, 52.92916423405578, 89.88546271941208, 75.84990819809234, 35.05548631136963, 29.216788490535134, 17.82424062052724, 84.80394178491669, 5.044403391287512, 81.78759553816646, 80.09241123429793, 74.60774238457726, 51.63403344724316, 61.18807582831617, 76.56136695999668, 51.846669753780205, 62.300486483955474, 30.006790634481852], [69.45569184464038, 61.30617114977518, 32.70535810942045, 62.98764847627754, 63.83581415282014, 16.888664368442143, 52.84181532881962, 55.49923819390652, 48.77950578329867, 70.4578939605255, 68.4997096260144, 37.10435984763196, 55.95070935115197, 49.23772980321368, 64.83412219043696, 44.766915332420574, 79.94812411442959, 70.89690290446677, 30.952998012684002, 0.0, 16.090144347033355, 63.50648713349984, 96.38132490705885, 82.14282800914097, 44.50969834548349, 36.0649458420228, 16.314591753762773, 78.98995125850374, 30.62250120322477, 67.62325406169221, 83.59643962527382, 43.8655422513138, 61.032962797797516, 54.441924365378846, 58.42897557310226, 56.983007156005364, 31.35546942806895, 59.3033060735746], [55.59741616713874, 45.23585159491033, 43.15894039636032, 54.887388292695455, 49.82948103111882, 30.864309737184897, 39.638190331725795, 47.43412497855387, 46.95198226409639, 54.42014272286544, 54.849554960721946, 43.788999906803745, 43.21189507840426, 54.984925056286485, 50.61770013787374, 49.974724919852804, 69.89599907457637, 56.64354827048174, 39.732760808806546, 16.090144347033355, 0.0, 55.89130740375277, 85.23607406857792, 71.41912118378063, 38.94239169485839, 31.37657589138593, 21.92156662755359, 64.27287268555337, 37.41768487221422, 51.62098286378516, 71.70887899977573, 38.42751410113595, 53.07792457635685, 40.327904677690995, 42.36979142876883, 47.43256583468564, 30.098540402100838, 63.60174940041703], [87.44705555929362, 55.42963443177178, 58.05929655573038, 2.183887923034653, 82.57273802815087, 80.0052746783157, 27.828310527813237, 8.486233262583262, 23.409576785439004, 58.0924620135995, 31.125126826340097, 99.01202003436603, 82.73155922855473, 47.039981802983945, 82.0960956437561, 44.30395614164152, 19.514958646266937, 86.21641517461268, 52.92916423405578, 63.50648713349984, 55.89130740375277, 0.0, 37.05050428047767, 23.41914124464874, 19.45443810632928, 27.777379802476776, 50.04660228279097, 43.9693872791326, 48.0323159654487, 55.44777201110452, 29.116200033150445, 91.22299710784607, 3.0111262638657994, 32.53542257639337, 59.43536158577858, 10.94224401554448, 85.66858537570491, 45.15621074448933], [97.16685419453351, 63.37097656766071, 95.06546843702574, 36.37308618736543, 93.89382312444603, 113.26611829697899, 46.48270642335958, 42.75847440219201, 60.325743391835736, 60.24909842838581, 34.525589192346814, 128.89252778159758, 98.02055458052378, 83.29864712822794, 92.77567033038264, 81.0204482995109, 17.58061822702296, 94.80707791556318, 89.88546271941208, 96.38132490705885, 85.23607406857792, 37.05050428047767, 0.0, 14.374466991455352, 55.391650899076105, 62.98435328756483, 85.07814165312188, 36.56073272982694, 84.93968022995843, 59.18227284420787, 14.30119539038715, 114.25418484645022, 38.26284929264736, 47.83782450908354, 69.47497738233713, 39.76464099148499, 112.46275574300918, 79.58610956190243], [88.47428144132185, 54.351846985396165, 81.08381378424662, 22.456934970612092, 84.63460855645144, 99.0170701074721, 33.61610452635662, 28.484269948545673, 46.82679163901229, 53.09960247589967, 24.58071707059179, 115.18073179278466, 87.62875586189784, 70.34352021586695, 83.69877749556052, 67.7175146544181, 4.537751462594963, 86.44276448754277, 75.84990819809234, 82.14282800914097, 71.41912118378063, 23.41914124464874, 14.374466991455352, 0.0, 41.136433098114274, 48.63127608618627, 70.70375241340997, 31.5999645762274, 70.87015977282768, 51.40729651995398, 7.88691400141567, 101.95947633019195, 24.261869020479562, 35.81791808145687, 60.01837142300505, 25.396004959332217, 99.295235634249, 67.61312292232286], [80.26532128245184, 52.76977151015492, 40.39936381249178, 19.41281980474264, 74.8147824132574, 60.76984527509124, 26.57305357898296, 12.653216532799286, 12.356295753012049, 58.323726236072, 38.36307033303406, 80.7575422342481, 72.67024996517176, 34.43827599923559, 74.7412171411041, 30.321066832972477, 37.91830321876151, 79.75394482259692, 35.05548631136963, 44.50969834548349, 38.94239169485839, 19.45443810632928, 55.391650899076105, 41.136433098114274, 0.0, 8.456435255238068, 30.59712331192855, 51.98337439621561, 30.019101555898338, 55.247509191147415, 45.046332771396735, 76.39386243409314, 17.42995672018718, 31.49084864011752, 54.84948083606697, 16.838738186281084, 69.03613940280478, 36.93091234671369], [76.72277887958688, 52.02139428341668, 34.61295504744412, 27.558423011754797, 71.09713286759612, 52.32145536653346, 28.61476739553905, 20.38132201665753, 16.16085454564747, 58.65372657760896, 42.50928078314901, 72.45291110265654, 67.919968717893, 33.01240793691323, 71.21061358409021, 28.246795981642318, 45.69297327139335, 76.54686244926978, 29.216788490535134, 36.0649458420228, 31.37657589138593, 27.777379802476776, 62.98435328756483, 48.63127608618627, 8.456435255238068, 0.0, 22.33729015940447, 55.751645996821864, 24.231337121326128, 55.50142568569335, 51.86510940526174, 69.42392594526672, 25.569621449547014, 32.965043575772086, 53.12707497500445, 23.487611145784395, 61.341570037629275, 37.92781376139545], [77.09336775011916, 61.40226488200392, 21.57628161852388, 49.891441078391445, 71.29063041691964, 30.80065507893151, 45.66362177424293, 42.69233048753821, 32.9269494948791, 69.81238501860835, 61.146512232911455, 53.2856659106449, 65.09618009197881, 34.00377213102089, 71.94925395863913, 29.229438146256207, 67.93495855579235, 77.89942966836192, 17.82424062052724, 16.314591753762773, 21.92156662755359, 50.04660228279097, 85.07814165312188, 70.70375241340997, 30.59712331192855, 22.33729015940447, 0.0, 73.25779803795966, 15.724153155821776, 66.72594237521766, 73.35785933701352, 58.00313052048806, 47.90223099355883, 48.619978659482854, 60.15833739013303, 45.33826430453098, 46.707961084346046, 43.55982444679819], [61.396192525221686, 28.9112047107644, 90.16470719642896, 41.891780910490525, 58.69759121091713, 95.04339186746934, 27.710604917601607, 42.53578716401433, 62.75159996636994, 24.004088694051614, 13.67945162191918, 104.78312013539802, 64.27014785302643, 86.32175050672443, 57.40806037822018, 82.30425555423797, 34.84310228642689, 58.82019655500738, 84.80394178491669, 78.98995125850374, 64.27287268555337, 43.9693872791326, 36.56073272982694, 31.5999645762274, 51.98337439621561, 55.751645996821864, 73.25779803795966, 0.0, 79.8949238441624, 23.446204495654847, 24.663165749552675, 84.37580012149151, 42.488423710942634, 24.78066544990535, 35.30373777711937, 36.806688491467774, 85.94758510514308, 87.2337763138855], [91.82895210941871, 72.89764689667345, 10.430211374525157, 48.56946509185687, 86.01972522174101, 41.593555861860736, 52.46019356680367, 42.542783814142496, 26.04557846086414, 80.57002803618226, 66.73288711823888, 66.06351052223484, 80.35740783942951, 18.618065525324617, 86.55715671344905, 14.23980716413869, 67.36127178985325, 92.40704087808665, 5.044403391287512, 30.62250120322477, 37.41768487221422, 48.0323159654487, 84.93968022995843, 70.87015977282768, 30.019101555898338, 24.231337121326128, 15.724153155821776, 79.8949238441624, 0.0, 77.41227597714482, 75.0610232913565, 73.58894591691082, 46.678614120170245, 56.438710439482875, 72.62457097638752, 46.80368267499639, 61.84373322764112, 28.819629775698637], [38.06349370073993, 7.05137842103043, 86.77931490153085, 53.278013201542, 35.25273106384177, 81.88483852707432, 29.158380315750524, 50.52353252882933, 67.51662470897072, 3.1646268656481986, 27.119690661884768, 87.02804264249984, 41.249450844334476, 88.47385840649204, 33.965196864453276, 83.74819942436905, 53.47671042950771, 35.628367222152065, 81.78759553816646, 67.62325406169221, 51.62098286378516, 55.44777201110452, 59.18227284420787, 51.40729651995398, 55.247509191147415, 55.50142568569335, 66.72594237521766, 23.446204495654847, 77.41227597714482, 0.0, 45.924222956172144, 63.31604680755371, 53.006813969186766, 24.055199600164073, 12.902304958489195, 45.286678162156676, 67.18500817770894, 92.15939310319656], [83.6301206661818, 49.611454086033184, 85.41755548338853, 27.745948496281226, 80.13020253836288, 100.46878447105193, 32.47684282538177, 32.586323004811106, 52.19067286542693, 47.307670722959514, 20.31367316747008, 115.17101228242423, 83.91578940948249, 76.08716153562783, 79.07781168494908, 73.12859157933933, 12.205564375868255, 81.40627363236914, 80.09241123429793, 83.59643962527382, 71.70887899977573, 29.116200033150445, 14.30119539038715, 7.88691400141567, 45.046332771396735, 51.86510940526174, 73.35785933701352, 24.663165749552675, 75.0610232913565, 45.924222956172144, 0.0, 99.970375583359, 29.310999885679937, 33.579986565478244, 55.58575047857305, 28.40788929858636, 98.40011889950418, 74.08739935487195], [40.46785139180637, 56.4982419140358, 76.57026634255234, 89.81961345403566, 37.02387606307798, 43.82420981200956, 68.36633819207475, 82.82285036961882, 85.27898578345666, 64.66989346736351, 80.15635037889567, 30.770035415639374, 26.607734968629742, 92.00678203818799, 38.752909275102546, 87.19600529159077, 101.61488939461617, 43.44892280068589, 74.60774238457726, 43.8655422513138, 38.42751410113595, 91.22299710784607, 114.25418484645022, 101.95947633019195, 76.39386243409314, 69.42392594526672, 58.00313052048806, 84.37580012149151, 73.58894591691082, 63.31604680755371, 99.970375583359, 0.0, 88.24350513207891, 66.43137579331506, 50.42008638339771, 81.30701040016298, 14.253933456861105, 101.330806154796], [84.58669110004926, 52.78029831329708, 56.84181541695241, 1.9893165225740173, 79.67906957596225, 77.61794946759186, 25.045767589823797, 5.652034274120074, 22.87976001127427, 55.706443635267114, 29.3463645421331, 96.3193208942794, 79.7548724530657, 46.83283270927183, 79.22083106285771, 43.81883278612715, 20.689591296669864, 83.39309073328172, 51.63403344724316, 61.032962797797516, 53.07792457635685, 3.0111262638657994, 38.26284929264736, 24.261869020479562, 17.42995672018718, 25.569621449547014, 47.90223099355883, 42.488423710942634, 46.678614120170245, 53.006813969186766, 29.310999885679937, 88.24350513207891, 0.0, 29.83415459262889, 56.668321266396255, 8.077833284336952, 82.78883589921496, 45.64848366894003], [55.31057764672637, 22.9753441974379, 66.45930751596116, 30.445337947057684, 50.732135541892326, 70.76848101593188, 5.106670312796193, 26.714831857698144, 43.62869109187574, 27.037672304733682, 14.653986022762421, 82.62292536046974, 52.36011086945486, 65.42442308842662, 50.09048871439686, 60.91231982957596, 36.124001800813254, 53.882037405851186, 61.18807582831617, 54.441924365378846, 40.327904677690995, 32.53542257639337, 47.83782450908354, 35.81791808145687, 31.49084864011752, 32.965043575772086, 48.619978659482854, 24.78066544990535, 56.438710439482875, 24.055199600164073, 33.579986565478244, 66.43137579331506, 29.83415459262889, 0.0, 26.961611159425267, 21.82669278644864, 65.08811480596424, 68.40123771159722], [28.64257954193277, 6.395085369078539, 81.20636926368505, 57.37055135639052, 24.619462021151538, 71.49634212807551, 31.622588293808928, 53.06839561386999, 67.15194211358461, 14.410159666846818, 35.51569201549066, 74.76822570671233, 28.990160045709242, 85.8387648403792, 23.69692351560561, 80.875973376187, 61.34810610499163, 26.98604025404045, 76.56136695999668, 58.42897557310226, 42.36979142876883, 59.43536158577858, 69.47497738233713, 60.01837142300505, 54.84948083606697, 53.12707497500445, 60.15833739013303, 35.30373777711937, 72.62457097638752, 12.902304958489195, 55.58575047857305, 50.42008638339771, 56.668321266396255, 26.961611159425267, 0.0, 48.60187706908514, 54.73367137618108, 90.93958532263431], [76.51722621105425, 44.79843058672059, 57.20820264612019, 9.029617457271382, 71.63083451239325, 73.8117973737345, 16.98162633734045, 5.749664887942087, 26.108921312119055, 48.064893526085164, 23.209585434381797, 91.11104401560767, 71.87870135928425, 50.03584219814362, 71.15888948910145, 46.39667551915513, 22.965339316651658, 75.31538401971082, 51.846669753780205, 56.983007156005364, 47.43256583468564, 10.94224401554448, 39.76464099148499, 25.396004959332217, 16.838738186281084, 23.487611145784395, 45.33826430453098, 36.806688491467774, 46.80368267499639, 45.286678162156676, 28.40788929858636, 81.30701040016298, 8.077833284336952, 21.82669278644864, 48.60187706908514, 0.0, 76.61264967558724, 50.42741864763356], [51.48978452756422, 60.13785567448967, 63.763846905266675, 84.53165200366345, 47.109294800276, 29.578393674896645, 65.98011283427286, 77.18312860705538, 76.5042326096735, 69.09756886036222, 79.5516047431651, 20.27131896079763, 36.85536169775776, 80.44764666407683, 48.68349222137745, 75.83662763758423, 98.32658870255133, 54.09054617525063, 62.300486483955474, 31.35546942806895, 30.098540402100838, 85.66858537570491, 112.46275574300918, 99.295235634249, 69.03613940280478, 61.341570037629275, 46.707961084346046, 85.94758510514308, 61.84373322764112, 67.18500817770894, 98.40011889950418, 14.253933456861105, 82.78883589921496, 65.08811480596424, 54.73367137618108, 76.61264967558724, 0.0, 90.25723834064479], [114.35403134312267, 89.40937223879712, 31.618514220327974, 46.8224863755304, 108.65689251744355, 69.98290441901679, 63.43170733735064, 44.70796410654719, 24.850009850216633, 95.2455324299732, 73.6113135878345, 94.76602440808826, 104.63586459299829, 10.844067944848947, 108.86925095476411, 14.579981813098309, 63.22591282500599, 114.32533592298041, 30.006790634481852, 59.3033060735746, 63.60174940041703, 45.15621074448933, 79.58610956190243, 67.61312292232286, 36.93091234671369, 37.92781376139545, 43.55982444679819, 87.2337763138855, 28.819629775698637, 92.15939310319656, 74.08739935487195, 101.330806154796, 45.64848366894003, 68.40123771159722, 90.93958532263431, 50.42741864763356, 90.25723834064479, 0.0]]",Route_3,2333.779060586719
