instance_id,num_cities,city_coordinates,distance_matrix,best_route,total_distance
253,40,"[[24.912098931205172, 39.15248142338967], [87.63913207512675, 54.54684444146823], [35.495649848272514, 59.50202150979287], [85.57698537716706, 84.49459571527834], [59.64433142805873, 46.564633182788626], [85.6722286070798, 93.4707508674175], [66.76079801186184, 77.96212382112022], [99.20437036095043, 67.52938420124563], [41.555757710802744, 27.751817646951682], [84.72339319511292, 62.59246444353198], [80.91617490332574, 42.11402133828101], [7.85277414540867, 96.4385508757455], [71.56974274047295, 51.02054606360613], [92.26403721527022, 32.18524933705946], [25.901071391255336, 37.008069103772016], [57.63426134833095, 20.76836179969129], [41.38413065469155, 36.35908679570715], [28.657378153038003, 89.88060546851784], [26.905813047521, 2.894639141485955], [52.72536571638401, 94.52363575914465], [98.99832729599778, 14.52406996010015], [85.2485479183896, 18.061936396067257], [1.14536720937074, 59.71760586418677], [16.48451776882912, 97.95046760934237], [81.38977845930465, 90.79198763553053], [41.63758846680642, 37.080992403461586], [97.5891057291272, 62.30663897701294], [28.551058239082927, 10.203217583529756], [69.4762491475119, 70.62037346285322], [41.35863161799307, 64.40160953025988], [89.5687139307578, 74.25245730658871], [71.575185317047, 96.39072266859954], [71.30910213531905, 68.7646660156636], [38.08356058712461, 77.71845788764433], [15.25547094632077, 80.95563976492215], [65.34143776490431, 87.56352004751349], [55.94324421298946, 14.134125388091334], [9.728704260079834, 89.44052790799726], [94.04595781926682, 20.806898740289913], [7.4114702744953025, 51.70737401879298]]","[[0.0, 64.5884440110692, 22.937204096015876, 75.73728128181091, 35.51433468220757, 81.5001089178604, 57.07452985161663, 79.52729220497095, 20.17390671424503, 64.24035900824592, 56.08232559513333, 59.77218680496328, 48.14339709801189, 67.71134257689252, 2.3614763863451302, 37.53286250196234, 16.707210498629248, 50.86619393651744, 36.312615203493706, 61.96404232889854, 78.0725808752682, 63.9163372380851, 31.428997438720845, 59.39888301788107, 76.52690302574933, 16.853280599491292, 76.27622387823884, 29.177078361518845, 54.5544839028735, 30.133152964380038, 73.5696008566142, 73.84889905677254, 55.04146966287745, 40.75318322284531, 42.90401509609199, 63.072657302482995, 39.86038279053717, 52.53021124055386, 71.52657442333492, 21.538275963088772], [64.5884440110692, 0.0, 52.37839744131844, 30.0186651162556, 29.110557532401742, 38.973570540927724, 31.37164550488934, 17.386807505177106, 53.307136986723414, 8.557659401614007, 14.134116295298286, 90.11535928832973, 16.45174926378342, 22.834856758229154, 64.18096896550854, 45.180506381763294, 49.70231065640111, 68.75552315299826, 79.7275758596764, 53.076500689193196, 41.60353101904101, 36.56314274911016, 86.64818598414719, 83.34778726023143, 36.77995141070294, 49.20567042284597, 12.618097596277043, 73.87663847638068, 24.25383787039793, 47.318084465857424, 19.799860214849556, 44.82142936736193, 21.652166823453744, 54.70537757114469, 77.05075514779787, 39.84078362214968, 51.35968427333208, 85.36746399059747, 34.3428500860694, 80.27789428153773], [22.937204096015876, 52.37839744131844, 0.0, 55.97114375974832, 27.3958909102371, 60.59342893507793, 36.308192836271346, 64.21245690006445, 32.32337161617699, 49.324654611553925, 48.635035172612085, 46.134973487863434, 37.05773338642522, 62.9988559117269, 24.454730229797864, 44.6140618380401, 23.880318954905086, 31.138727063178866, 57.2554017962956, 39.03045699868569, 77.81777540277247, 64.75053297547662, 34.350959142159276, 42.89179584037027, 55.54577410672903, 23.24706338832483, 62.15676264385946, 49.78553425623312, 35.75330584558005, 7.64071449554159, 56.04883241838277, 51.59950729247617, 36.991890299884595, 18.39934336601652, 29.49444995621768, 40.96606835598288, 49.76293915971509, 39.4999955734201, 70.18155804515304, 29.145800243622], [75.73728128181091, 30.0186651162556, 55.97114375974832, 0.0, 45.9476288676606, 8.976660436271306, 19.91788382369567, 21.760607142543435, 71.8165116680367, 21.91875849262621, 42.63609080107217, 78.63657594576615, 36.286565645784634, 52.7350394026776, 76.26391623618102, 69.58325024900613, 65.34550961977375, 57.173864550256845, 100.50303167258105, 34.34837053687149, 71.24610089933495, 66.43347119778322, 87.99203016474644, 70.39055027941386, 7.562396893198113, 64.64302266955445, 25.230863234719337, 93.65449925482775, 21.253887885434484, 48.569444129028284, 10.992510906444753, 18.373030273014663, 21.236835464772742, 47.974383186722804, 70.41050774611901, 20.46694124008611, 76.34627954293802, 76.0093678020786, 64.24831702233915, 84.76349248255694], [35.51433468220757, 29.110557532401742, 27.3958909102371, 45.9476288676606, 0.0, 53.643595217005604, 32.19388940501763, 44.77183786307864, 26.09824759461891, 29.76324434665316, 21.73244741456266, 71.90113400917859, 12.730694975989818, 35.648448569707156, 35.07043648014212, 25.874466158663513, 20.918606773457714, 53.258470953702556, 54.57910740677441, 48.455526151701775, 50.74775544199824, 38.314222244481336, 59.959398804665675, 67.10643407910018, 49.28410847806006, 20.35146762530713, 41.08061152398316, 47.84291151243105, 25.987405535451582, 25.544559944616076, 40.768667783953006, 51.23460225246629, 25.078044848705513, 37.88703779653607, 56.15258024881447, 41.39282238214538, 32.64101533953058, 65.80206823542743, 42.975955858718834, 52.48542242941122], [81.5001089178604, 38.973570540927724, 60.59342893507793, 8.976660436271306, 53.643595217005604, 0.0, 24.457304021884536, 29.25873143107236, 79.15327654606665, 30.89286100565169, 51.57648412563493, 77.87602538394945, 44.731420673877274, 61.63898635242577, 82.22302394622511, 77.92153094079778, 72.27155590742616, 57.12777184769235, 107.97001256417074, 32.96368215071755, 80.06349563033434, 75.41000467643859, 91.01683962518494, 69.33258392073147, 5.051252490292768, 71.5461696522369, 33.36485921234542, 100.97678051608239, 28.008025603133238, 52.99726272356755, 19.609319347387636, 14.39627954857633, 28.577789115777623, 50.12799674866448, 71.52026122269037, 21.171594938216405, 84.72374316300557, 76.05038847597042, 73.14475201182992, 88.70696669704934], [57.07452985161663, 31.37164550488934, 36.308192836271346, 19.91788382369567, 32.19388940501763, 24.457304021884536, 0.0, 34.07972187014805, 56.181570845623035, 23.64066951464025, 38.54168064004906, 61.737619265367734, 27.36739961097901, 52.40169317298553, 57.85111802983802, 57.91735565126069, 48.73179594365841, 39.92393780324236, 84.99145299755122, 21.70891608059389, 71.15929294209721, 62.68835099253123, 68.1046782157978, 54.103957733904465, 19.457966862649844, 47.983773964045795, 34.5756961233534, 77.78980388211592, 7.827833237442957, 28.79509689746543, 23.107631947312644, 19.047088507319017, 10.260618913233882, 28.678272601429228, 51.592246063087366, 9.70574020911555, 64.73818698541253, 58.175712097865095, 63.33403271351037, 64.89726180710667], [79.52729220497095, 17.386807505177106, 64.21245690006445, 21.760607142543435, 44.77183786307864, 29.25873143107236, 34.07972187014805, 0.0, 70.04011237475318, 15.299407713098274, 31.311320038485214, 95.81677331731328, 32.190283943718754, 36.019107338616934, 79.40355354214176, 62.567301199266495, 65.68689032096859, 74.00307562339432, 96.97799574410357, 53.74930222729185, 53.00571470650307, 51.39837908345293, 98.36967002012794, 88.13635077869209, 29.300314045466937, 65.12325959839012, 5.46682243246152, 90.9845035864468, 29.888382450314502, 57.93023791691985, 11.749280268190905, 39.954332985515094, 27.92260572620241, 61.96426881675491, 85.01577530899053, 39.34545466900945, 68.72102079650392, 92.11944986121229, 47.00638113702668, 93.14651100548839], [20.17390671424503, 53.307136986723414, 32.32337161617699, 71.8165116680367, 26.09824759461891, 79.15327654606665, 56.181570845623035, 70.04011237475318, 0.0, 55.47355606512292, 41.898870348026016, 76.50985833768556, 37.977269774027846, 50.901718309444604, 18.186461854778496, 17.529601672389568, 8.608980081607058, 63.453561534348495, 28.853079591090523, 67.69959997670685, 58.94592529952329, 44.75437090140403, 51.524860764754635, 74.5413813178309, 74.57085383164791, 9.329533638404962, 65.83138892120628, 21.842059713673564, 51.15923103222345, 36.65032201476912, 66.83975952780447, 74.91638883700504, 50.668681014595705, 50.08713696957019, 59.34940414068729, 64.3676807077081, 19.810131506570823, 69.4151158252034, 52.94764400846094, 41.70972363391597], [64.24035900824592, 8.557659401614007, 49.324654611553925, 21.91875849262621, 29.76324434665316, 30.89286100565169, 23.64066951464025, 15.299407713098274, 55.47355606512292, 0.0, 20.82934331985336, 83.99196175743023, 17.51935544689119, 31.328262683558194, 64.1453570205803, 49.830478887673344, 50.66045578516804, 62.35415530097162, 83.1065756719456, 45.20479470273586, 50.14323774747125, 44.53362455122447, 83.62745505827992, 76.85526987342726, 28.39588166377058, 50.07216566853337, 12.868887100491749, 76.81122574839358, 17.231445813709154, 43.40248325367204, 12.626660944121532, 36.26565357818857, 14.766153083450329, 49.031313090437415, 71.85400774799095, 31.61034346975258, 56.36051454205565, 79.65564562700078, 42.81289189381495, 78.07444280453281], [56.08232559513333, 14.134116295298286, 48.635035172612085, 42.63609080107217, 21.73244741456266, 51.57648412563493, 38.54168064004906, 31.311320038485214, 41.898870348026016, 20.82934331985336, 0.0, 91.04622474204434, 12.910537434887706, 15.078278830924006, 55.25153719730256, 31.58614696223071, 39.94873958043334, 70.79991805969041, 66.7478773272473, 59.51041426807711, 32.98741657363, 24.439153954446116, 81.69007251990084, 85.2592937648351, 48.68027016322317, 39.599731472698764, 26.1864168878827, 61.322139880584785, 30.716184866428897, 45.404138778157694, 33.28281085050133, 55.07462567963189, 28.32936125100381, 55.69837296688367, 76.28892033664022, 48.04403573651415, 37.50362442015145, 85.48364873282138, 25.027678134928163, 74.1280919640071], [59.77218680496328, 90.11535928832973, 46.134973487863434, 78.63657594576615, 71.90113400917859, 77.87602538394945, 61.737619265367734, 95.81677331731328, 76.50985833768556, 83.99196175743023, 91.04622474204434, 0.0, 78.24734658798292, 106.08368438016606, 62.110572345803654, 90.57689541456203, 68.80329842018656, 21.81371577421978, 95.46455737053594, 44.91343200201198, 122.54588545849465, 110.1498955751414, 37.32850265343535, 8.763155264503181, 73.7534723242757, 68.2988537716551, 96.00831534802556, 88.68456276287313, 66.81340401639795, 46.35739526491136, 84.67418474873072, 63.722429120873414, 69.22824181800485, 35.557591740271036, 17.161598305282975, 58.169688128419516, 95.32424542672081, 7.2450976012930335, 114.67088434547809, 44.73335368731533], [48.14339709801189, 16.45174926378342, 37.05773338642522, 36.286565645784634, 12.730694975989818, 44.731420673877274, 27.36739961097901, 32.190283943718754, 37.977269774027846, 17.51935544689119, 12.910537434887706, 78.24734658798292, 0.0, 27.98253431315121, 47.7700434723764, 33.30754110360884, 33.55785399660611, 57.892791014410484, 65.65797386984714, 47.40916956121548, 45.654353775881646, 35.684445663518254, 70.95936526013027, 72.36573461566994, 40.965847559010996, 33.01885848582023, 28.361649168999357, 59.30144619215106, 19.711315265705785, 33.04185368216261, 29.388512448072703, 45.370176931437356, 17.746034103372466, 42.82642748317146, 63.776226312100135, 37.06994376118236, 40.059898732778755, 72.80390817296009, 37.65693467139797, 64.16194868034053], [67.71134257689252, 22.834856758229154, 62.9988559117269, 52.7350394026776, 35.648448569707156, 61.63898635242577, 52.40169317298553, 36.019107338616934, 50.901718309444604, 31.328262683558194, 15.078278830924006, 106.08368438016606, 27.98253431315121, 0.0, 66.53798030795315, 36.46322390622313, 51.05081596551055, 85.87526533405797, 71.62148638495849, 73.81992255215425, 18.90153220975798, 15.769751377363066, 95.18740819867328, 100.33742822065233, 59.60704050258803, 50.862615082721184, 30.588469535417552, 67.39846741605682, 44.68268178596986, 60.24329160264506, 42.153466689700146, 67.4564407495216, 42.15641147858663, 70.77285587401492, 91.15300467502617, 61.575800669136036, 40.55913066296586, 100.45022702940908, 11.517035353855327, 87.06934861665061], [2.3614763863451302, 64.18096896550854, 24.454730229797864, 76.26391623618102, 35.07043648014212, 82.22302394622511, 57.85111802983802, 79.40355354214176, 18.186461854778496, 64.1453570205803, 55.25153719730256, 62.110572345803654, 47.7700434723764, 66.53798030795315, 0.0, 35.64720799970255, 15.496654548361697, 52.944332355847294, 34.128223065193886, 63.46324269787783, 76.47704909511116, 62.29830587356861, 33.594165407308566, 61.66560968429463, 77.276817382153, 15.736686038577135, 76.02099647373184, 26.935524782634047, 55.03256418536997, 31.45381098151461, 73.76119006049167, 74.91611460364531, 55.410925849314204, 42.494103096094506, 45.21855565860076, 64.12016936824725, 37.75909756547511, 54.869920675013766, 70.04429646611604, 23.620645936164692], [37.53286250196234, 45.180506381763294, 44.6140618380401, 69.58325024900613, 25.874466158663513, 77.92153094079778, 57.91735565126069, 62.567301199266495, 17.529601672389568, 49.830478887673344, 31.58614696223071, 90.57689541456203, 33.30754110360884, 36.46322390622313, 35.64720799970255, 0.0, 22.519712552822583, 74.94105673562994, 35.54866378132929, 73.91845299490086, 41.83272800452912, 27.746595489153318, 68.61514974288325, 87.46644415929418, 73.94344303863174, 22.847219972976266, 57.63521545334628, 30.942769355732615, 51.239201222306185, 46.569909068369746, 62.292517479470945, 76.89662427238862, 49.906377237199194, 60.212484956870185, 73.61025950777157, 67.23833529816004, 6.846359011694991, 83.73057265982632, 36.41171686404466, 58.98772092851079], [16.707210498629248, 49.70231065640111, 23.880318954905086, 65.34550961977375, 20.918606773457714, 72.27155590742616, 48.73179594365841, 65.68689032096859, 8.608980081607058, 50.66045578516804, 39.94873958043334, 68.80329842018656, 33.55785399660611, 51.05081596551055, 15.496654548361697, 22.519712552822583, 0.0, 55.013845441691934, 36.46218503513216, 59.2599221130494, 61.61301497925859, 47.527600556212114, 46.52718019266816, 66.4340945027178, 67.55288705973113, 0.7651069003932441, 61.905368808525154, 29.134468278463302, 44.30578839726272, 28.04253432767408, 61.299768304318334, 67.1959603488251, 44.109244866549716, 41.490858509935514, 51.68712987670953, 56.53181890415116, 26.5690928933117, 61.803765344695655, 54.910277668417045, 37.278835469881514], [50.86619393651744, 68.75552315299826, 31.138727063178866, 57.173864550256845, 53.258470953702556, 57.12777184769235, 39.92393780324236, 74.00307562339432, 63.453561534348495, 62.35415530097162, 70.79991805969041, 21.81371577421978, 57.892791014410484, 85.87526533405797, 52.944332355847294, 74.94105673562994, 55.013845441691934, 0.0, 87.00359945523168, 24.511747298572093, 103.084705801413, 91.4356698600115, 40.825449064221495, 14.604834983845418, 52.74027549714449, 54.37172978312644, 74.24221639134174, 79.67745882054065, 45.134651501651476, 28.46930054642718, 62.88425749897454, 43.40875254745132, 47.5925672520121, 15.387356792497867, 16.101743060545296, 36.75716412422471, 80.51116525809363, 18.93378893949201, 95.11489532110096, 43.68734600428122], [36.312615203493706, 79.7275758596764, 57.2554017962956, 100.50303167258105, 54.57910740677441, 107.97001256417074, 84.99145299755122, 96.97799574410357, 28.853079591090523, 83.1065756719456, 66.7478773272473, 95.46455737053594, 65.65797386984714, 71.62148638495849, 34.128223065193886, 35.54866378132929, 36.46218503513216, 87.00359945523168, 0.0, 95.19728105980286, 73.02447721025986, 60.28201737020168, 62.389503259357966, 95.62538324627111, 103.41395630801463, 37.22542083518807, 92.33587379112336, 7.491471856976107, 79.9938567585776, 63.182207709421604, 94.96619061743094, 103.6188711281034, 79.43873439462294, 75.65412012453173, 78.92559970888473, 92.98449677927285, 31.1367702207045, 88.2340293122837, 69.48847446811543, 52.56151145424269], [61.96404232889854, 53.076500689193196, 39.03045699868569, 34.34837053687149, 48.455526151701775, 32.96368215071755, 21.70891608059389, 53.74930222729185, 67.69959997670685, 45.20479470273586, 59.51041426807711, 44.91343200201198, 47.40916956121548, 73.81992255215425, 63.46324269787783, 73.91845299490086, 59.2599221130494, 24.511747298572093, 95.19728105980286, 0.0, 92.41816651169869, 83.09120801886614, 62.225042892971906, 36.402503162383255, 28.906292664660125, 58.50295787414898, 55.23305214806529, 87.7173304616463, 29.188320337568964, 32.195327428015794, 42.051789302013866, 18.942061991900363, 31.762867967707596, 22.28893135024582, 39.85076573139907, 14.408625356110491, 80.45388815785478, 43.29608390852953, 84.50768396092636, 62.34245254669345], [78.0725808752682, 41.60353101904101, 77.81777540277247, 71.24610089933495, 50.74775544199824, 80.06349563033434, 71.15929294209721, 53.00571470650307, 58.94592529952329, 50.14323774747125, 32.98741657363, 122.54588545849465, 45.654353775881646, 18.90153220975798, 76.47704909511116, 41.83272800452912, 61.61301497925859, 103.084705801413, 73.02447721025986, 92.41816651169869, 0.0, 14.19763824907656, 107.7852377889894, 117.33922015854442, 78.27423751580358, 61.63658904535945, 47.80334514739075, 70.57965346215201, 63.39044379777046, 76.22403473594036, 60.46815577831101, 86.33757896589262, 60.89938793174829, 87.7732275168994, 106.89256034138006, 80.42106367103071, 43.05684888672171, 116.5398698662133, 7.999993807199936, 98.847106582835], [63.9163372380851, 36.56314274911016, 64.75053297547662, 66.43347119778322, 38.314222244481336, 75.41000467643859, 62.68835099253123, 51.39837908345293, 44.75437090140403, 44.53362455122447, 24.439153954446116, 110.1498955751414, 35.684445663518254, 15.769751377363066, 62.29830587356861, 27.746595489153318, 47.527600556212114, 91.4356698600115, 60.28201737020168, 83.09120801886614, 14.19763824907656, 0.0, 93.85382146834036, 105.40715944291496, 72.83234484096555, 47.57772877828486, 45.93346354844688, 57.23953875870785, 54.87398942505577, 63.8254655998656, 56.35635256623844, 79.51326684117461, 52.58397987616623, 76.04890917319844, 94.0991431813673, 72.29635651069822, 29.567355725193217, 103.91414779712393, 9.21570611701853, 84.79755968756623], [31.428997438720845, 86.64818598414719, 34.350959142159276, 87.99203016474644, 59.959398804665675, 91.01683962518494, 68.1046782157978, 98.36967002012794, 51.524860764754635, 83.62745505827992, 81.69007251990084, 37.32850265343535, 70.95936526013027, 95.18740819867328, 33.594165407308566, 68.61514974288325, 46.52718019266816, 40.825449064221495, 62.389503259357966, 62.225042892971906, 107.7852377889894, 93.85382146834036, 0.0, 41.19516060303582, 86.0510472877567, 46.390044743796174, 96.47848357082768, 56.592813568718356, 69.19522937135706, 40.485139554428585, 89.6099891299141, 79.40577293138368, 70.744604007254, 41.09088467753835, 25.498021716130776, 69.97521283623395, 71.27875571597963, 30.937449309025318, 100.72022073322312, 10.169948959543712], [59.39888301788107, 83.34778726023143, 42.89179584037027, 70.39055027941386, 67.10643407910018, 69.33258392073147, 54.103957733904465, 88.13635077869209, 74.5413813178309, 76.85526987342726, 85.2592937648351, 8.763155264503181, 72.36573461566994, 100.33742822065233, 61.66560968429463, 87.46644415929418, 66.4340945027178, 14.604834983845418, 95.62538324627111, 36.402503162383255, 117.33922015854442, 105.40715944291496, 41.19516060303582, 0.0, 65.2988261826662, 65.86174896992017, 88.59140312570173, 88.57302798263557, 59.62430410970372, 41.76418822617756, 76.83030275187446, 55.11274312886666, 62.109146392652626, 29.594811505489364, 17.039211529686416, 49.94884694520059, 92.64000386412421, 10.865546000341123, 109.393359947265, 47.12476944939621], [76.52690302574933, 36.77995141070294, 55.54577410672903, 7.562396893198113, 49.28410847806006, 5.051252490292768, 19.457966862649844, 29.300314045466937, 74.57085383164791, 28.39588166377058, 48.68027016322317, 73.7534723242757, 40.965847559010996, 59.60704050258803, 77.276817382153, 73.94344303863174, 67.55288705973113, 52.74027549714449, 103.41395630801463, 28.906292664660125, 78.27423751580358, 72.83234484096555, 86.0510472877567, 65.2988261826662, 0.0, 66.82146075939234, 32.76939566412732, 96.36638528556067, 23.427039911057932, 47.947312479113975, 18.45131564274431, 11.299206720764298, 24.224428432762274, 45.23655254837167, 66.8618005265603, 16.369857727250487, 80.77099695742436, 71.67381668909469, 71.1202611332823, 83.66837576681107], [16.853280599491292, 49.20567042284597, 23.24706338832483, 64.64302266955445, 20.35146762530713, 71.5461696522369, 47.983773964045795, 65.12325959839012, 9.329533638404962, 50.07216566853337, 39.599731472698764, 68.2988537716551, 33.01885848582023, 50.862615082721184, 15.736686038577135, 22.847219972976266, 0.7651069003932441, 54.37172978312644, 37.22542083518807, 58.50295787414898, 61.63658904535945, 47.57772877828486, 46.390044743796174, 65.86174896992017, 66.82146075939234, 0.0, 61.37512141747259, 29.89434817272459, 43.58762565617145, 27.32204123253978, 60.655672375182355, 66.4372170495646, 43.407993468315, 40.79258161906034, 51.19571081601695, 55.7705842615926, 27.04090405569657, 61.31637505241987, 54.87698336043623, 37.22040039644058], [76.27622387823884, 12.618097596277043, 62.15676264385946, 25.230863234719337, 41.08061152398316, 33.36485921234542, 34.5756961233534, 5.46682243246152, 65.83138892120628, 12.868887100491749, 26.1864168878827, 96.00831534802556, 28.361649168999357, 30.588469535417552, 76.02099647373184, 57.63521545334628, 61.905368808525154, 74.24221639134174, 92.33587379112336, 55.23305214806529, 47.80334514739075, 45.93346354844688, 96.47848357082768, 88.59140312570173, 32.76939566412732, 61.37512141747259, 0.0, 86.49288133797191, 29.316392791056696, 56.26948658359962, 14.388511394949086, 42.87713628848273, 27.061868045693224, 61.46896830743952, 84.41926703623996, 40.961227161062645, 63.67863728831011, 91.95486977219409, 41.650718323057, 90.79840501816666], [29.177078361518845, 73.87663847638068, 49.78553425623312, 93.65449925482775, 47.84291151243105, 100.97678051608239, 77.78980388211592, 90.9845035864468, 21.842059713673564, 76.81122574839358, 61.322139880584785, 88.68456276287313, 59.30144619215106, 67.39846741605682, 26.935524782634047, 30.942769355732615, 29.134468278463302, 79.67745882054065, 7.491471856976107, 87.7173304616463, 70.57965346215201, 57.23953875870785, 56.592813568718356, 88.57302798263557, 96.36638528556067, 29.89434817272459, 86.49288133797191, 0.0, 72.97331002111544, 55.69110903427537, 88.4616267949536, 96.32944276600861, 72.50995490483997, 68.18486836782598, 71.99081806726082, 85.66299331084005, 27.672800519590442, 81.44220255350943, 66.34771981833741, 46.577646792376065], [54.5544839028735, 24.25383787039793, 35.75330584558005, 21.253887885434484, 25.987405535451582, 28.008025603133238, 7.827833237442957, 29.888382450314502, 51.15923103222345, 17.231445813709154, 30.716184866428897, 66.81340401639795, 19.711315265705785, 44.68268178596986, 55.03256418536997, 51.239201222306185, 44.30578839726272, 45.134651501651476, 79.9938567585776, 29.188320337568964, 63.39044379777046, 54.87398942505577, 69.19522937135706, 59.62430410970372, 23.427039911057932, 43.58762565617145, 29.316392791056696, 72.97331002111544, 0.0, 28.79710819484533, 20.418108974973688, 25.855684698531817, 2.608256161589325, 32.18514715751558, 55.19701548342486, 17.440380768751183, 58.08475225152768, 62.6415783119709, 55.54325204874453, 64.88249628773133], [30.133152964380038, 47.318084465857424, 7.64071449554159, 48.569444129028284, 25.544559944616076, 52.99726272356755, 28.79509689746543, 57.93023791691985, 36.65032201476912, 43.40248325367204, 45.404138778157694, 46.35739526491136, 33.04185368216261, 60.24329160264506, 31.45381098151461, 46.569909068369746, 28.04253432767408, 28.46930054642718, 63.182207709421604, 32.195327428015794, 76.22403473594036, 63.8254655998656, 40.485139554428585, 41.76418822617756, 47.947312479113975, 27.32204123253978, 56.26948658359962, 55.69110903427537, 28.79710819484533, 0.0, 49.20621138145014, 44.00390297263761, 30.266597861405504, 13.713662546191188, 30.909721999093623, 33.341402032451896, 52.34052814530336, 40.34104284960744, 68.38459732352418, 36.242976954191505], [73.5696008566142, 19.799860214849556, 56.04883241838277, 10.992510906444753, 40.768667783953006, 19.609319347387636, 23.107631947312644, 11.749280268190905, 66.83975952780447, 12.626660944121532, 33.28281085050133, 84.67418474873072, 29.388512448072703, 42.153466689700146, 73.76119006049167, 62.292517479470945, 61.299768304318334, 62.88425749897454, 94.96619061743094, 42.051789302013866, 60.46815577831101, 56.35635256623844, 89.6099891299141, 76.83030275187446, 18.45131564274431, 60.655672375182355, 14.388511394949086, 88.4616267949536, 20.418108974973688, 49.20621138145014, 0.0, 28.52840453322333, 19.06644372117882, 51.60168771314851, 74.61494982866161, 27.64317821288587, 68.8831332504785, 81.27179481718932, 53.63276464346087, 85.19444503985063], [73.84889905677254, 44.82142936736193, 51.59950729247617, 18.373030273014663, 51.23460225246629, 14.39627954857633, 19.047088507319017, 39.954332985515094, 74.91638883700504, 36.26565357818857, 55.07462567963189, 63.722429120873414, 45.370176931437356, 67.4564407495216, 74.91611460364531, 76.89662427238862, 67.1959603488251, 43.40875254745132, 103.6188711281034, 18.942061991900363, 86.33757896589262, 79.51326684117461, 79.40577293138368, 55.11274312886666, 11.299206720764298, 66.4372170495646, 42.87713628848273, 96.32944276600861, 25.855684698531817, 44.00390297263761, 28.52840453322333, 0.0, 27.627338026867967, 38.345043996585126, 58.39650683939563, 10.806438574181287, 83.72876076264615, 62.23578091692995, 78.85334524591984, 78.18941088550255], [55.04146966287745, 21.652166823453744, 36.991890299884595, 21.236835464772742, 25.078044848705513, 28.577789115777623, 10.260618913233882, 27.92260572620241, 50.668681014595705, 14.766153083450329, 28.32936125100381, 69.22824181800485, 17.746034103372466, 42.15641147858663, 55.410925849314204, 49.906377237199194, 44.109244866549716, 47.5925672520121, 79.43873439462294, 31.762867967707596, 60.89938793174829, 52.58397987616623, 70.744604007254, 62.109146392652626, 24.224428432762274, 43.407993468315, 27.061868045693224, 72.50995490483997, 2.608256161589325, 30.266597861405504, 19.06644372117882, 27.627338026867967, 0.0, 34.4108558460487, 57.36400797039335, 19.723334681252982, 56.75037937274113, 64.95873049455032, 53.07458947963301, 66.13515379650875], [40.75318322284531, 54.70537757114469, 18.39934336601652, 47.974383186722804, 37.88703779653607, 50.12799674866448, 28.678272601429228, 61.96426881675491, 50.08713696957019, 49.031313090437415, 55.69837296688367, 35.557591740271036, 42.82642748317146, 70.77285587401492, 42.494103096094506, 60.212484956870185, 41.490858509935514, 15.387356792497867, 75.65412012453173, 22.28893135024582, 87.7732275168994, 76.04890917319844, 41.09088467753835, 29.594811505489364, 45.23655254837167, 40.79258161906034, 61.46896830743952, 68.18486836782598, 32.18514715751558, 13.713662546191188, 51.60168771314851, 38.345043996585126, 34.4108558460487, 0.0, 23.056474647160424, 28.981323592455386, 66.04495165135407, 30.682320689436256, 79.81676182701788, 40.216335091334564], [42.90401509609199, 77.05075514779787, 29.49444995621768, 70.41050774611901, 56.15258024881447, 71.52026122269037, 51.592246063087366, 85.01577530899053, 59.34940414068729, 71.85400774799095, 76.28892033664022, 17.161598305282975, 63.776226312100135, 91.15300467502617, 45.21855565860076, 73.61025950777157, 51.68712987670953, 16.101743060545296, 78.92559970888473, 39.85076573139907, 106.89256034138006, 94.0991431813673, 25.498021716130776, 17.039211529686416, 66.8618005265603, 51.19571081601695, 84.41926703623996, 71.99081806726082, 55.19701548342486, 30.909721999093623, 74.61494982866161, 58.39650683939563, 57.36400797039335, 23.056474647160424, 0.0, 50.519977770989875, 78.23432543975085, 10.126128421298993, 99.1252332583594, 30.281832766459022], [63.072657302482995, 39.84078362214968, 40.96606835598288, 20.46694124008611, 41.39282238214538, 21.171594938216405, 9.70574020911555, 39.34545466900945, 64.3676807077081, 31.61034346975258, 48.04403573651415, 58.169688128419516, 37.06994376118236, 61.575800669136036, 64.12016936824725, 67.23833529816004, 56.53181890415116, 36.75716412422471, 92.98449677927285, 14.408625356110491, 80.42106367103071, 72.29635651069822, 69.97521283623395, 49.94884694520059, 16.369857727250487, 55.7705842615926, 40.961227161062645, 85.66299331084005, 17.440380768751183, 33.341402032451896, 27.64317821288587, 10.806438574181287, 19.723334681252982, 28.981323592455386, 50.519977770989875, 0.0, 74.02838673163444, 55.64440031473917, 72.66633305670072, 68.12888037736107], [39.86038279053717, 51.35968427333208, 49.76293915971509, 76.34627954293802, 32.64101533953058, 84.72374316300557, 64.73818698541253, 68.72102079650392, 19.810131506570823, 56.36051454205565, 37.50362442015145, 95.32424542672081, 40.059898732778755, 40.55913066296586, 37.75909756547511, 6.846359011694991, 26.5690928933117, 80.51116525809363, 31.1367702207045, 80.45388815785478, 43.05684888672171, 29.567355725193217, 71.27875571597963, 92.64000386412421, 80.77099695742436, 27.04090405569657, 63.67863728831011, 27.672800519590442, 58.08475225152768, 52.34052814530336, 68.8831332504785, 83.72876076264615, 56.75037937274113, 66.04495165135407, 78.23432543975085, 74.02838673163444, 0.0, 88.35631252802017, 38.682588956425924, 61.376559811393996], [52.53021124055386, 85.36746399059747, 39.4999955734201, 76.0093678020786, 65.80206823542743, 76.05038847597042, 58.175712097865095, 92.11944986121229, 69.4151158252034, 79.65564562700078, 85.48364873282138, 7.2450976012930335, 72.80390817296009, 100.45022702940908, 54.869920675013766, 83.73057265982632, 61.803765344695655, 18.93378893949201, 88.2340293122837, 43.29608390852953, 116.5398698662133, 103.91414779712393, 30.937449309025318, 10.865546000341123, 71.67381668909469, 61.31637505241987, 91.95486977219409, 81.44220255350943, 62.6415783119709, 40.34104284960744, 81.27179481718932, 62.23578091692995, 64.95873049455032, 30.682320689436256, 10.126128421298993, 55.64440031473917, 88.35631252802017, 0.0, 108.71970520790883, 37.80423885981994], [71.52657442333492, 34.3428500860694, 70.18155804515304, 64.24831702233915, 42.975955858718834, 73.14475201182992, 63.33403271351037, 47.00638113702668, 52.94764400846094, 42.81289189381495, 25.027678134928163, 114.67088434547809, 37.65693467139797, 11.517035353855327, 70.04429646611604, 36.41171686404466, 54.910277668417045, 95.11489532110096, 69.48847446811543, 84.50768396092636, 7.999993807199936, 9.21570611701853, 100.72022073322312, 109.393359947265, 71.1202611332823, 54.87698336043623, 41.650718323057, 66.34771981833741, 55.54325204874453, 68.38459732352418, 53.63276464346087, 78.85334524591984, 53.07458947963301, 79.81676182701788, 99.1252332583594, 72.66633305670072, 38.682588956425924, 108.71970520790883, 0.0, 91.98029030494821], [21.538275963088772, 80.27789428153773, 29.145800243622, 84.76349248255694, 52.48542242941122, 88.70696669704934, 64.89726180710667, 93.14651100548839, 41.70972363391597, 78.07444280453281, 74.1280919640071, 44.73335368731533, 64.16194868034053, 87.06934861665061, 23.620645936164692, 58.98772092851079, 37.278835469881514, 43.68734600428122, 52.56151145424269, 62.34245254669345, 98.847106582835, 84.79755968756623, 10.169948959543712, 47.12476944939621, 83.66837576681107, 37.22040039644058, 90.79840501816666, 46.577646792376065, 64.88249628773133, 36.242976954191505, 85.19444503985063, 78.18941088550255, 66.13515379650875, 40.216335091334564, 30.281832766459022, 68.12888037736107, 61.376559811393996, 37.80423885981994, 91.98029030494821, 0.0]]",Route_3,2335.448509607752
