instance_id,num_cities,city_coordinates,distance_matrix,best_route,total_distance
1667,55,"[[83.41202806734132, 81.53068681861156], [56.82738500134785, 41.63787171884833], [14.659316576612568, 57.689659595122436], [82.70552093369643, 6.909262771887292], [52.14197612121115, 32.4419194470657], [33.21818858043263, 59.81854096300343], [96.2297022039892, 15.589215546102553], [59.47753011601957, 15.042884875125495], [17.977803889031783, 27.872386630361788], [83.95427007989048, 68.97533951030474], [93.63792000576821, 96.36357972478945], [13.20706795423845, 72.9047271196318], [40.18749481350204, 72.26027349864597], [27.338743738945816, 67.10528566382], [37.04936652283768, 61.49221539606571], [78.46216415871015, 18.229584482786223], [96.59537744187367, 70.96287675471102], [44.83415471044193, 44.65467558160243], [90.27173051751674, 47.535041607599716], [3.711418510241027, 5.2213988354856244], [49.30771345616572, 78.44805926845851], [1.2611766024701487, 70.31018306250148], [11.10439530596058, 4.264569068544866], [56.09393884919825, 49.036997810634006], [7.214712299460457, 10.76349030035102], [32.026117175087485, 31.202769397084896], [40.838851347701485, 57.2431437756604], [47.45557767468952, 45.42626183809689], [0.7396084263335823, 85.19438391892113], [62.9784282371591, 28.424390748199325], [21.15599976721576, 54.73568097287187], [3.9717888388271394, 29.840894808182274], [41.63896265973056, 98.14309287537742], [98.1510154502659, 99.57417611737019], [49.85480973169015, 50.36640672723907], [11.317471284594195, 61.9595896282348], [34.51632717691104, 33.92587404628926], [28.042788213224913, 52.93312698004927], [74.55364015882948, 30.664808340195936], [76.74613799802972, 63.12952121058119], [49.80952114172719, 90.02925462553539], [87.69245917086343, 20.533503342243044], [3.0128849484229114, 70.1821097251099], [28.03863054730811, 46.46619095967246], [44.83272561693343, 99.17032906612266], [41.05014451324879, 23.550718726201193], [21.92428215495015, 14.06288303961809], [87.59958493198113, 21.50745913403259], [18.379468233136798, 24.782827431063538], [72.24917075287419, 34.68473258288406], [48.43215883205384, 83.74027428828254], [38.83370929508243, 55.838539010260824], [25.360734860557056, 42.04140279062428], [49.148899702202584, 99.25615899898352], [75.7787047039256, 36.69330279652632]]","[[0.0, 47.93933607727762, 72.76901755828875, 74.62476853626367, 58.20243320318683, 54.688561876253026, 67.17566824272329, 70.66461631862197, 84.62181085813275, 12.567051063490618, 18.016203204408143, 70.73290327146756, 44.20747491245404, 57.89909683103655, 50.50778873047585, 63.49433604381261, 16.896132997750097, 53.36752305937564, 34.68082194841891, 110.34171738859693, 34.2433477877238, 82.91358212587494, 105.82271357190702, 42.45135832782723, 103.99051415049476, 71.92642845446073, 49.013876841817854, 50.9548410655243, 82.75355971643576, 56.90176345543523, 67.77746969295372, 94.77650661828069, 44.95510013939907, 23.298181369978796, 45.79627993669441, 74.70376806383948, 68.24227256367043, 62.31832114830135, 51.631469374003046, 19.571330719966557, 34.66055577244583, 61.14718703654129, 81.1961354764097, 65.54183414242523, 42.42074440860541, 71.80672585661749, 91.28333607043261, 60.1691240934202, 86.3107952903825, 48.1575831170858, 35.049586709459774, 51.45204528070066, 70.20937398968238, 38.57660339354821, 45.482509072328156], [47.93933607727762, 0.0, 45.11990568139584, 43.30997805037603, 10.320784590280331, 29.798169235822577, 47.234257582219854, 26.726701898038396, 41.216241123175834, 38.51240111072504, 65.95391272747345, 53.66887651091501, 34.85136204263645, 38.96368997601712, 28.02436400329812, 31.874936557016493, 49.41102248590986, 12.366837847931516, 33.96028356332854, 64.40081826769807, 37.57040547538578, 62.52763352002766, 59.05383592685297, 7.4353890402753375, 58.434961458012914, 26.907141175821153, 22.341837980813082, 10.108544517566653, 71.01414250812165, 14.575027006853974, 38.00000436548187, 54.15609577809558, 58.510923691013474, 71.16359884686082, 11.17157684858072, 49.84099181692757, 23.60631714916411, 30.921445691793014, 20.84773948945224, 29.302691323807178, 48.89761091069556, 37.390468946847335, 60.91612216239939, 29.19083845500683, 58.76951167198908, 24.001383726750767, 44.48153087480119, 36.77175273774388, 41.98017176904438, 16.916785144053197, 42.93124881193533, 22.92228864977577, 31.46923749328569, 58.12767125548192, 19.58574176019137], [72.76901755828875, 45.11990568139584, 0.0, 84.90544522544623, 45.192899321907674, 18.680574561096535, 91.79420025537335, 61.86614307423775, 30.001368720405633, 70.2079564733898, 87.93913746345082, 15.284217540867672, 29.39371826802371, 15.79309619518767, 22.710653165722526, 75.01933675696948, 83.0041948571358, 32.86992036247616, 76.29124070588419, 53.598272912593984, 40.390872277297845, 18.40618828974044, 53.543232653749456, 42.32843581835502, 47.51302450407613, 31.672718787468906, 26.18334236127396, 35.0140781195258, 30.826419433938593, 56.49064092703368, 7.13672769410319, 29.82912920794456, 48.62490685780638, 93.4086532667678, 35.94930835212376, 5.422198119163514, 30.968021790086926, 14.203588122944915, 65.70899925217402, 62.32467800647097, 47.76385963990467, 81.94156371879028, 17.079247053670723, 17.463455858946656, 51.29405962562222, 43.150238502618265, 44.22754071252813, 81.42133859105775, 33.11644804958831, 62.014659322465796, 42.6525427132124, 24.2451626252848, 18.957539247156106, 54.012083989308984, 64.62527836590792], [74.62476853626367, 43.30997805037603, 84.90544522544623, 0.0, 39.82520343196415, 72.44575751655377, 16.070004953152473, 24.61087901608485, 68.03770951259244, 62.07863767939212, 90.11987666980751, 95.84068176412534, 77.96497385471544, 81.78655873026597, 71.16026386096024, 12.089489664914382, 65.54230372880056, 53.46921140050291, 41.32434431995883, 79.01213262756023, 78.95069948065081, 103.21268292821462, 71.64995182094201, 49.82893095918105, 75.58913452403067, 56.2012137722721, 65.4699747909289, 52.21223723256453, 113.3444793810904, 29.190048271540444, 77.94683979327527, 82.00524567022943, 100.05035713989999, 93.9433311427013, 54.476532445024326, 90.14872222995389, 55.24577522020257, 71.45775272929482, 25.11531615201437, 56.53522533684153, 89.39284002683753, 14.50825572218266, 101.75642187030381, 67.47754791166459, 99.73190552102533, 44.856531754122, 61.2007620084412, 15.396726906945469, 66.76305392701063, 29.67847675211068, 84.1288754256395, 65.71765310527373, 67.25096097506905, 98.25475088387341, 30.578911414082683], [58.20243320318683, 10.320784590280331, 45.192899321907674, 39.82520343196415, 0.0, 33.28046184348151, 47.19895358928635, 18.882180923990752, 34.46841009493983, 48.4428821234916, 76.20952703915064, 56.153057607913674, 41.57416196044564, 42.62334212711949, 32.73692959355537, 29.912251059828087, 58.82150151835052, 14.232205246319408, 41.0082980246119, 55.5560586513744, 46.093361193560355, 63.42602895432168, 49.77997703416656, 17.059151071972256, 49.88399868473173, 20.15398903410218, 27.255483078507442, 13.804183341548674, 73.65477521854073, 11.557215551656366, 38.1725363786568, 48.24035936839638, 66.53538518434485, 81.38532782774884, 18.06981943325531, 50.377902378714026, 17.688007857310115, 31.633217414361013, 22.482010782428574, 39.33311179727344, 57.63455143565127, 37.491962061076684, 61.951509761160146, 27.8864027675551, 67.1275337936896, 14.215561145382003, 35.368036528833365, 37.10531558840174, 34.620349931822915, 20.231892811049054, 51.43232401646192, 26.916756359196086, 28.449691807199248, 66.8812463501622, 24.016019621847853], [54.688561876253026, 29.798169235822577, 18.680574561096535, 72.44575751655377, 33.28046184348151, 0.0, 76.98496006341608, 51.90772963617771, 35.395283615007855, 51.55576520191983, 70.61220718551522, 23.91010700189412, 14.260713090822856, 9.362933299931399, 4.1808026184283476, 61.45452487198297, 64.34954769240497, 19.1016617716568, 58.360868773355485, 62.06043351820494, 24.615681242251245, 33.635177545296195, 59.793508395446885, 25.28916018979939, 55.52097598395112, 28.640590366615577, 8.04407680750328, 20.24452880732188, 41.21639933994277, 43.25811521709515, 13.089379841878468, 41.880916499396776, 39.23876546705853, 76.13660441492557, 19.13426259204618, 22.005124572679108, 25.925187827199466, 8.613576183998978, 50.58220717833634, 43.65369366618066, 34.46678888668, 67.16219425557829, 31.93374273380445, 14.321769165503166, 41.029997532111125, 37.1038335422886, 47.128892988796274, 66.52123916502391, 38.04850646526625, 46.42333349764975, 28.349853899147064, 6.882912787511978, 19.4362090068986, 42.53367222797894, 48.437322107589665], [67.17566824272329, 47.234257582219854, 91.79420025537335, 16.070004953152473, 47.19895358928635, 76.98496006341608, 0.0, 36.75623253797625, 79.21007437049671, 54.77923389163559, 80.8159343411567, 100.88521033681425, 79.70155468156759, 86.02249495687691, 74.89591128065332, 17.96265448958596, 55.37486861406853, 59.044925855120816, 32.49666489608186, 93.09739223513094, 78.44046954323031, 109.60568023992721, 85.8752903478365, 52.24589590089623, 89.14570125278524, 66.07483177746985, 69.30509429714866, 57.176608460368186, 118.16614351781939, 35.64251594494577, 84.66703344852971, 93.35219836877407, 98.9711650233847, 84.00693451583444, 57.96622877388711, 96.74863591919808, 64.37991691657628, 77.7433145728322, 26.403127918467053, 51.37791292802584, 87.72771869825795, 9.865622150564981, 108.02665927491202, 74.8559273830524, 98.11957877782011, 55.750956223480785, 74.32109484920474, 10.464441279623445, 78.39120759886121, 30.654602583950247, 83.2416479898861, 70.10212579745152, 75.6447535678694, 96.00395507977689, 29.38751090890664], [70.66461631862197, 26.726701898038396, 61.86614307423775, 24.61087901608485, 18.882180923990752, 51.90772963617771, 36.75623253797625, 0.0, 43.43758041376786, 59.22685592055872, 88.20423826694385, 74.08743791354209, 60.38157850592632, 61.18329155638686, 51.580643927796, 19.25023075509359, 67.11765849549822, 33.03462716775944, 44.76631576861377, 56.62438336666448, 64.21558464067748, 80.27214999828328, 49.55938118034291, 34.16209016048369, 52.43772825031093, 31.854700441483306, 46.133092216983755, 32.6753261066454, 91.4952253536508, 13.831882991325068, 55.17298025602352, 57.44448113360822, 84.99328831488818, 92.9579349328467, 36.61076267481646, 67.23517272631032, 31.29902446092607, 49.23223989689127, 21.710218487418135, 51.09334019459866, 75.60705023919519, 28.74420137560486, 78.92141832835833, 44.45029326533912, 85.39260603193813, 20.296595206849684, 37.56603300886537, 28.855513986426764, 42.23644364198097, 23.428977483700322, 69.57967762920144, 45.721469075266405, 43.5071912232525, 84.8443053179486, 27.101086493288552], [84.62181085813275, 41.216241123175834, 30.001368720405633, 68.03770951259244, 34.46841009493983, 35.395283615007855, 79.21007437049671, 43.43758041376786, 0.0, 77.73253389980499, 102.05634082356771, 45.28434178942072, 49.63421069778477, 40.33419841081802, 38.65252110186908, 61.24819565088865, 89.65217906159974, 31.66873540079539, 74.92016970161418, 26.769329462274612, 59.49337691105385, 45.6115357541658, 24.588062054213797, 43.59794158803519, 20.212829445591158, 14.43767832984429, 37.21920023584142, 34.30856572588175, 59.85788800116317, 45.00400982431875, 27.050647163652844, 14.143672862191954, 74.14730332618642, 107.55877680450664, 39.014413254739516, 34.731792908226566, 17.611571833272485, 27.006381029688296, 56.64470733115769, 68.53307692461001, 69.83361985623388, 70.09987424369068, 44.878296171459716, 21.14118711152654, 76.18781672016067, 23.47359613169116, 14.362349394375878, 69.91212124965104, 3.1155593865779156, 54.69725147250654, 63.62930619104396, 34.88659440590131, 15.977130176602017, 77.89274787660966, 58.470100880909165], [12.567051063490618, 38.51240111072504, 70.2079564733898, 62.07863767939212, 48.4428821234916, 51.55576520191983, 54.77923389163559, 59.22685592055872, 77.73253389980499, 0.0, 29.049763818889637, 70.85623963767901, 43.889878201315504, 56.64640257113378, 47.49807495262866, 51.042089306398736, 12.796401823758416, 46.063848302674906, 22.35165945825299, 102.48648779032847, 35.918189062054374, 82.70386639193006, 97.44017685607622, 34.259823788465596, 96.32019059770566, 64.21292795896095, 44.68314838065913, 43.43631667742043, 84.7805243888278, 45.65485063515353, 64.3924733918992, 89.0432595294025, 51.39399846702288, 33.73183038047542, 38.846693235887436, 72.97482638304884, 60.60177578084217, 58.16739969598399, 39.44703590193597, 9.280665908378177, 40.11397788464192, 48.58585750002977, 80.95038061276736, 60.2762018777902, 49.418950165327054, 62.4832790754276, 82.84381254875525, 47.60764631639496, 79.076120043379, 36.23334201679701, 38.46847652951207, 46.994047845589044, 64.48751287434659, 46.13395534781277, 33.30119763021164], [18.016203204408143, 65.95391272747345, 87.93913746345082, 90.11987666980751, 76.20952703915064, 70.61220718551522, 80.8159343411567, 88.20423826694385, 102.05634082356771, 29.049763818889637, 0.0, 83.7820966990298, 58.63375584307463, 72.46812088785902, 66.47011686041387, 79.59412527320656, 25.5722948884242, 71.10287107206429, 48.944431412906056, 128.03777883298207, 47.81352409048753, 95.98042612658735, 123.66895513115978, 60.40989883092128, 121.64023240572777, 89.67689474223427, 65.71263318426034, 68.75622951176797, 93.56734061230736, 74.53682200299549, 83.58534988840914, 111.64803037654214, 52.02939776826326, 5.538588239542483, 63.503548475960436, 89.22046184715293, 85.98738180114678, 78.66972442111535, 68.41445971957504, 37.28049013522725, 44.283769277789716, 76.06279635092446, 94.33115259811674, 82.41975602385666, 48.88583477038133, 89.81751977232148, 109.16157991098729, 75.09926950617603, 103.86355791204745, 65.28214747814064, 46.93515402593505, 68.15996212246195, 87.25063276687561, 44.582955739032954, 62.28558035286482], [70.73290327146756, 53.66887651091501, 15.284217540867672, 95.84068176412534, 56.153057607913674, 23.91010700189412, 100.88521033681425, 74.08743791354209, 45.28434178942072, 70.85623963767901, 83.7820966990298, 0.0, 26.98812246114342, 15.275397922262878, 26.432945822869655, 85.13283034772347, 83.41091620432769, 42.406815827007534, 81.13311998790233, 68.34617974680654, 36.523761265346664, 12.224400969071775, 68.67235637098824, 49.08107779509882, 62.429493348282804, 45.75161080737845, 31.76162222468213, 43.90929824422557, 17.506376304771482, 66.75094477329942, 19.831786476524364, 44.04297939159199, 38.01772931889783, 89.0322061169487, 43.023631454084914, 11.107052276797605, 44.42336677394322, 24.878975214792792, 74.48229762666051, 64.28660881236583, 40.410258866317015, 91.05393228540436, 10.551493384019704, 30.314541778387824, 41.11038881121756, 56.66617206737834, 59.484051964856384, 90.42082580173239, 48.39908009747472, 70.33304973676101, 36.85398363534678, 30.789276103810707, 33.17011317296418, 44.56695223471173, 72.29437721595501], [44.20747491245404, 34.85136204263645, 29.39371826802371, 77.96497385471544, 41.57416196044564, 14.260713090822856, 79.70155468156759, 60.38157850592632, 49.63421069778477, 43.889878201315504, 58.63375584307463, 26.98812246114342, 0.0, 13.84428776619128, 11.216011968128978, 66.21378760510201, 56.42280089580207, 27.993936567680294, 55.85488123809156, 76.31981956598327, 11.021210497177007, 38.97513440869262, 73.95432710741969, 28.148454585325698, 69.77864093299881, 41.86080180797446, 15.03124913144683, 27.800885062809982, 41.51417773217749, 49.40659128934594, 25.871009777185677, 55.776169174021526, 25.92348544847201, 64.07666502615207, 23.9332066370459, 30.65260750340567, 38.751623498057, 22.8261361372905, 53.955673173856354, 37.6816272053054, 20.206931507500343, 70.23090765046051, 37.23265211196318, 28.511920261283386, 27.308043867363164, 48.71719296751683, 60.9957473341547, 69.45325374186359, 52.24651096896439, 49.39506391486312, 14.133821242284718, 16.477442120575052, 33.66025783576805, 28.444412659194796, 50.316434953100774], [57.89909683103655, 38.96368997601712, 15.79309619518767, 81.78655873026597, 42.62334212711949, 9.362933299931399, 86.02249495687691, 61.18329155638686, 40.33419841081802, 56.64640257113378, 72.46812088785902, 15.275397922262878, 13.84428776619128, 0.0, 11.216182625197709, 70.72791727001216, 69.3639843210152, 28.462594718776355, 65.90565436509836, 66.24096879156498, 24.724363358481234, 26.273767813038752, 64.90384989545117, 33.96062825941644, 59.82787432423459, 36.207211215627, 16.718694568361936, 29.574771032664984, 32.1672111794193, 52.59656588224628, 13.828718061710937, 43.984649676289536, 34.17369950245621, 77.90126232740047, 28.05643056133711, 16.82733962179415, 33.946885855619904, 14.18963566761814, 59.64188822894446, 49.5670990724714, 32.10053255076994, 76.23320716751485, 24.519670719660834, 20.650958131556283, 36.52679030983851, 45.66183102238754, 53.31803513251878, 75.5680538688989, 43.26036394267164, 55.38987918967844, 26.86363725980075, 16.095770043469617, 25.141812659477406, 38.85050269115335, 57.19544142857304], [50.50778873047585, 28.02436400329812, 22.710653165722526, 71.16026386096024, 32.73692959355537, 4.1808026184283476, 74.89591128065332, 51.580643927796, 38.65252110186908, 47.49807495262866, 66.47011686041387, 26.432945822869655, 11.216011968128978, 11.216182625197709, 0.0, 59.888855737677694, 60.29445117869546, 18.55008555585388, 55.02202040404871, 65.40507299961564, 20.922899200703363, 36.85852807075457, 62.83426641278142, 22.755838375995424, 58.85159422195013, 30.703152491802005, 5.693400115327121, 19.14168472898184, 43.361173020485545, 42.02139060439491, 17.26991210865045, 45.781352540076035, 36.93712512775325, 71.99755019463973, 16.963578464182728, 25.7361394001671, 27.68247575164489, 12.424831884591997, 48.54791001424921, 39.73052272351657, 31.25994487970602, 65.1332397940136, 35.12828406591233, 17.520695567921667, 38.47363939792252, 38.151846535625225, 49.782624929929966, 64.45234917787172, 41.18427208186181, 44.24553483247689, 24.99088004105295, 5.928569456814171, 22.69269091907058, 39.65493840119928, 45.988560556563066], [63.49433604381261, 31.874936557016493, 75.01933675696948, 12.089489664914382, 29.912251059828087, 61.45452487198297, 17.96265448958596, 19.25023075509359, 61.24819565088865, 51.042089306398736, 79.59412527320656, 85.13283034772347, 66.21378760510201, 70.72791727001216, 59.888855737677694, 0.0, 55.76390891794568, 42.7683113886152, 31.595500864479714, 75.87415151971561, 66.90475843525438, 93.12562068561027, 68.79019319888874, 38.07143574190422, 71.63757365221896, 48.21420938152775, 54.19936785215874, 41.244001558528716, 102.59181270010856, 18.538612485232996, 67.94624020656642, 75.38991008596366, 87.98930044185597, 83.69344928594008, 43.02506329204758, 80.1294148935353, 46.6648700211647, 61.20824562582658, 13.035004880763756, 44.9327170772493, 77.30566980801763, 9.513484541551666, 91.60599659632639, 57.79133747535806, 87.64897757726581, 37.78853905073376, 56.691211862047794, 9.707570273610562, 60.4390216898326, 17.589007534739263, 72.06560690586714, 54.63376149898735, 58.195914673044214, 86.1659634132064, 18.657702125787463], [16.896132997750097, 49.41102248590986, 83.0041948571358, 65.54230372880056, 58.82150151835052, 64.34954769240497, 55.37486861406853, 67.11765849549822, 89.65217906159974, 12.796401823758416, 25.5722948884242, 83.41091620432769, 56.42280089580207, 69.3639843210152, 60.29445117869546, 55.76390891794568, 0.0, 58.063289844941075, 24.26627227458211, 113.79530634352726, 47.87641509646823, 95.33643510612077, 108.4314173787353, 46.055517536410086, 107.7630244136716, 75.82912045177584, 57.419694139785804, 55.37904497694403, 96.90647166069736, 54.21828165442492, 77.16489867084523, 101.34173160607158, 61.31045322025512, 28.653559304785425, 51.07734573627334, 85.75185396043364, 72.28795232556665, 70.8839147260418, 45.932259909519786, 21.33901978957327, 50.52170934213348, 51.20921456646665, 93.58574944104086, 72.80188980861944, 58.949406187429496, 73.02866307153364, 93.87961310170822, 50.26691371982916, 90.83130192221117, 43.69029096601835, 49.82928370534955, 59.70892646253354, 76.88189617812033, 55.241995529263505, 40.096602887954504], [53.36752305937564, 12.366837847931516, 32.86992036247616, 53.46921140050291, 14.232205246319408, 19.1016617716568, 59.044925855120816, 33.03462716775944, 31.66873540079539, 46.063848302674906, 71.10287107206429, 42.406815827007534, 27.993936567680294, 28.462594718776355, 18.55008555585388, 42.7683113886152, 58.063289844941075, 0.0, 45.52877994925176, 56.97422880151297, 34.08820190122255, 50.56490369119924, 52.62183362084918, 12.082528169652772, 50.63432518639173, 18.57416500153128, 13.207269984108532, 2.7326184711180903, 59.898221710466835, 24.344132919159893, 25.734834198304625, 43.46471034562018, 53.583766542059514, 76.54305440892712, 7.604659724301974, 37.72039392728859, 14.885051138502227, 18.721184428350373, 32.84759048620002, 36.87403691436399, 45.6465408825212, 49.17992691559258, 48.99661721444325, 16.89293402222942, 54.51565350325162, 21.440516041529847, 38.2193672297264, 48.627930773414434, 33.08686726679616, 29.171610651530912, 39.250855531042504, 12.691892938943012, 19.64798400167195, 54.771699039946405, 31.952286787054238], [34.68082194841891, 33.96028356332854, 76.29124070588419, 41.32434431995883, 41.0082980246119, 58.360868773355485, 32.49666489608186, 44.76631576861377, 74.92016970161418, 22.35165945825299, 48.944431412906056, 81.13311998790233, 55.85488123809156, 65.90565436509836, 55.02202040404871, 31.595500864479714, 24.26627227458211, 45.52877994925176, 0.0, 96.3490113049584, 51.319249358337515, 91.87810281320682, 90.22084436676482, 34.21077777190712, 90.8328974591043, 60.492103527602076, 50.37714551979955, 42.86805216448032, 97.1299487772531, 33.31878337570081, 69.48980820535346, 88.09519149592991, 70.18775507616223, 52.63225865928073, 40.515973569056584, 80.26109042754867, 57.39228557380731, 62.462633517961244, 23.057821558431637, 20.64290306839153, 58.67664379958968, 27.1244485543059, 90.14985204852037, 62.242278023940905, 68.78158239877541, 54.754107360587334, 76.1036076469034, 26.1643920519594, 75.40663516097938, 22.134658400363925, 55.329636111991306, 52.10391632493284, 65.14305354087432, 66.07693393672452, 18.09947782895834], [110.34171738859693, 64.40081826769807, 53.598272912593984, 79.01213262756023, 55.5560586513744, 62.06043351820494, 93.09739223513094, 56.62438336666448, 26.769329462274612, 102.48648779032847, 128.03777883298207, 68.34617974680654, 76.31981956598327, 66.24096879156498, 65.40507299961564, 75.87415151971561, 113.79530634352726, 56.97422880151297, 96.3490113049584, 0.0, 86.26219282490837, 65.134887100214, 7.454638093492646, 68.29154523520677, 6.556511662348912, 38.428554184879175, 63.911722052536945, 59.41365558576028, 80.02818252547169, 63.64713093040454, 52.497405181702845, 24.620872743622115, 100.36403652930036, 133.4963821644589, 64.55450635673849, 57.24573637608877, 42.10569195595201, 53.55767502575172, 75.27275373820275, 93.20633501897295, 96.526718943145, 85.36554184720538, 64.96446650610113, 47.884717007243616, 102.5541973282616, 41.59500483452153, 20.245499378199863, 85.4544336219571, 24.449972829703434, 74.60235598145111, 90.36126613379678, 61.60901061896544, 42.71306111358079, 104.43706629389985, 78.6395223679252], [34.2433477877238, 37.57040547538578, 40.390872277297845, 78.95069948065081, 46.093361193560355, 24.615681242251245, 78.44046954323031, 64.21558464067748, 59.49337691105385, 35.918189062054374, 47.81352409048753, 36.523761265346664, 11.021210497177007, 24.724363358481234, 20.922899200703363, 66.90475843525438, 47.87641509646823, 34.08820190122255, 51.319249358337515, 86.26219282490837, 0.0, 48.73083964777344, 83.44269731933693, 30.183826648736396, 79.70584434517264, 50.30676877968108, 22.833529435216327, 33.07369819788621, 49.03441365488371, 51.858035586088675, 36.807551780274935, 66.46805622084452, 21.135375264127447, 53.216359916859595, 28.086981393173403, 41.41410546337117, 46.91492390507811, 33.21458738671865, 54.04253773047281, 31.42490651649103, 11.592061803323325, 69.48010140833664, 47.02698234433612, 38.40851192515004, 21.19995239920271, 55.51491190175478, 69.96644358438716, 68.61850599356525, 61.93959525809934, 49.41193403910649, 5.364152842327923, 24.91776814789482, 43.576397507751466, 20.808705779166637, 49.438578718136135], [82.91358212587494, 62.52763352002766, 18.40618828974044, 103.21268292821462, 63.42602895432168, 33.635177545296195, 109.60568023992721, 80.27214999828328, 45.6115357541658, 82.70386639193006, 95.98042612658735, 12.224400969071775, 38.97513440869262, 26.273767813038752, 36.85852807075457, 93.12562068561027, 95.33643510612077, 50.56490369119924, 91.87810281320682, 65.134887100214, 48.73083964777344, 0.0, 66.77508579016174, 58.81479598167865, 59.84357280615254, 49.75812870310426, 41.67900975267011, 52.4702985118575, 14.89333637895156, 74.58846256048162, 25.26596730973061, 40.55996438000245, 49.041171229259795, 101.21275691071376, 52.527092011724775, 13.071399062003046, 49.292220302152735, 31.925174996576036, 83.32791219652803, 75.82572981198891, 52.40022462557256, 99.7400844715435, 1.7563840437191356, 35.85481835357266, 52.262681818579765, 61.39714547454719, 59.922639218722566, 99.17674432905993, 48.63924361196395, 79.42586502754297, 49.045579972475615, 40.2631803824806, 37.14717548205514, 55.956264587551274, 81.74935249387676], [105.82271357190702, 59.05383592685297, 53.543232653749456, 71.64995182094201, 49.77997703416656, 59.793508395446885, 85.8752903478365, 49.55938118034291, 24.588062054213797, 97.44017685607622, 123.66895513115978, 68.67235637098824, 73.95432710741969, 64.90384989545117, 62.83426641278142, 68.79019319888874, 108.4314173787353, 52.62183362084918, 90.22084436676482, 7.454638093492646, 83.44269731933693, 66.77508579016174, 0.0, 63.47148496525293, 7.574008916569656, 34.10843125840966, 60.752508212382835, 54.915329474196746, 81.59083121758394, 57.224228051934176, 51.46229580095144, 26.55226004232093, 98.71948660539086, 129.07763274227054, 60.22436428617894, 57.69541401840978, 37.78771714344213, 51.53190937144015, 68.72248035395505, 88.16984163724034, 94.09393208199977, 78.29693320288061, 66.41230839291796, 45.472466542414395, 100.72091910960667, 35.61886388142272, 14.597154109642952, 78.41448395373993, 21.769832620550847, 68.2939961687162, 87.80518008656765, 58.55586417991225, 40.37737464919665, 102.32686095189422, 72.34907786077186], [42.45135832782723, 7.4353890402753375, 42.32843581835502, 49.82893095918105, 17.059151071972256, 25.28916018979939, 52.24589590089623, 34.16209016048369, 43.59794158803519, 34.259823788465596, 60.40989883092128, 49.08107779509882, 28.148454585325698, 33.96062825941644, 22.755838375995424, 38.07143574190422, 46.055517536410086, 12.082528169652772, 34.21077777190712, 68.29154523520677, 30.183826648736396, 58.81479598167865, 63.47148496525293, 0.0, 62.08091627255738, 29.955295746218873, 17.322197501403853, 9.362622391436782, 66.1170058815993, 21.73190659015627, 35.399640917386336, 55.54465673837913, 51.189402312839086, 65.74803482565025, 6.37918962035825, 46.603920723994484, 26.34272929863893, 28.320432103109514, 26.044153247484864, 25.00225080789836, 41.47118306367452, 42.55485499244806, 57.13767619612061, 28.172848130408415, 51.382543983682744, 29.595036232313394, 48.89533865941587, 41.838752787817, 44.84022830730232, 21.609697707955775, 35.53899648717205, 18.551994150252266, 31.519330213242412, 50.69711746455347, 23.234818986958917], [103.99051415049476, 58.434961458012914, 47.51302450407613, 75.58913452403067, 49.88399868473173, 55.52097598395112, 89.14570125278524, 52.43772825031093, 20.212829445591158, 96.32019059770566, 121.64023240572777, 62.429493348282804, 69.77864093299881, 59.82787432423459, 58.85159422195013, 71.63757365221896, 107.7630244136716, 50.63432518639173, 90.8328974591043, 6.556511662348912, 79.70584434517264, 59.84357280615254, 7.574008916569656, 62.08091627255738, 0.0, 32.14607195127378, 57.36672305370323, 53.111533369177685, 74.71201305698223, 58.49358443290301, 46.1293079158914, 19.3510701338956, 93.91604739891962, 127.10920165756875, 58.19423423798203, 51.36022992238877, 35.80327074040492, 47.03282900238181, 70.21818614128652, 87.04493295400277, 89.98543845736884, 81.06861844349113, 59.567001665622385, 41.33180864131346, 96.07748990534003, 36.17111670806883, 15.075060125301633, 81.09969552622064, 17.921874585074402, 69.29434766752945, 83.81222404809702, 55.059249787932025, 36.160557857104735, 97.92562732264842, 73.30331664069752], [71.92642845446073, 26.907141175821153, 31.672718787468906, 56.2012137722721, 20.15398903410218, 28.640590366615577, 66.07483177746985, 31.854700441483306, 14.43767832984429, 64.21292795896095, 89.67689474223427, 45.75161080737845, 41.86080180797446, 36.207211215627, 30.703152491802005, 48.21420938152775, 75.82912045177584, 18.57416500153128, 60.492103527602076, 38.428554184879175, 50.30676877968108, 49.75812870310426, 34.10843125840966, 29.955295746218873, 32.14607195127378, 0.0, 27.49118734019195, 20.985137324504333, 62.40144283877107, 31.076758968718472, 25.922140723611626, 28.087364433043536, 67.62701905074675, 95.11651501612833, 26.17455394079406, 37.07870015722122, 3.6900467183628565, 22.092427442495097, 42.530925374736825, 54.94722689786061, 61.455714306920235, 56.67958070892629, 48.59173403621612, 15.775680251703326, 69.16356256835654, 11.831608042428313, 19.895295301174844, 56.412847469555594, 15.08133555730148, 40.373482717605135, 55.039509654817344, 25.559038614660366, 12.724122572437052, 70.17445060546383, 44.095746648390275], [49.013876841817854, 22.341837980813082, 26.18334236127396, 65.4699747909289, 27.255483078507442, 8.04407680750328, 69.30509429714866, 46.133092216983755, 37.21920023584142, 44.68314838065913, 65.71263318426034, 31.76162222468213, 15.03124913144683, 16.718694568361936, 5.693400115327121, 54.19936785215874, 57.419694139785804, 13.207269984108532, 50.37714551979955, 63.911722052536945, 22.833529435216327, 41.67900975267011, 60.752508212382835, 17.322197501403853, 57.36672305370323, 27.49118734019195, 0.0, 13.543255369835247, 48.879659454757906, 36.341180372987374, 19.841925714173954, 45.935428010511714, 40.90777449912278, 71.25026633798748, 11.339180658890047, 29.89576462160978, 24.159250392395812, 13.502424838522908, 42.931281125759895, 36.38657271432946, 33.99120446841705, 59.52191417282758, 39.977750985771635, 16.732852851108614, 42.116978738499135, 33.693087577650594, 47.141232959904386, 58.85240319771022, 39.47272510326714, 38.6715668247014, 27.563676169097118, 2.4481644548854478, 21.69481548586526, 42.826981586487356, 40.535038137667314], [50.9548410655243, 10.108544517566653, 35.0140781195258, 52.21223723256453, 13.804183341548674, 20.24452880732188, 57.176608460368186, 32.6753261066454, 34.30856572588175, 43.43631667742043, 68.75622951176797, 43.90929824422557, 27.800885062809982, 29.574771032664984, 19.14168472898184, 41.244001558528716, 55.37904497694403, 2.7326184711180903, 42.86805216448032, 59.41365558576028, 33.07369819788621, 52.4702985118575, 54.915329474196746, 9.362622391436782, 53.111533369177685, 20.985137324504333, 13.543255369835247, 0.0, 61.350511950990914, 23.022217750300616, 27.898621520394094, 46.19246212293754, 53.03675409416973, 74.17562963705036, 5.491934630806983, 39.74057952871341, 17.311358202238747, 20.813683454271402, 30.857827204212644, 34.224878618699066, 44.6650648207556, 47.314438156550544, 50.872437934172936, 19.444775347774687, 53.80803021043819, 22.794055374726366, 40.44142159436453, 46.729545701509174, 35.659101564322114, 27.020412810821377, 38.326456407942274, 13.518584625072062, 22.352613935566424, 53.85652391159767, 29.638895025557083], [82.75355971643576, 71.01414250812165, 30.826419433938593, 113.3444793810904, 73.65477521854073, 41.21639933994277, 118.16614351781939, 91.4952253536508, 59.85788800116317, 84.7805243888278, 93.56734061230736, 17.506376304771482, 41.51417773217749, 32.1672111794193, 43.361173020485545, 102.59181270010856, 96.90647166069736, 59.898221710466835, 97.1299487772531, 80.02818252547169, 49.03441365488371, 14.89333637895156, 81.59083121758394, 66.1170058815993, 74.71201305698223, 62.40144283877107, 48.879659454757906, 61.350511950990914, 0.0, 84.2407432068842, 36.66826448769724, 55.44777495041251, 42.90018928102647, 98.46705358673422, 60.210389423504196, 25.529333097021542, 61.39484370951491, 42.26407843253203, 91.77137839981381, 79.1444925681567, 49.30752791051305, 108.35971451398306, 15.183417356315191, 47.382586871658404, 46.25505406268117, 73.65378997720785, 74.21914051193416, 107.70645248599406, 62.934257851263176, 87.5490855590247, 47.71471260544365, 48.09289086028962, 49.68279025124456, 50.41024697652443, 89.34887151049446], [56.90176345543523, 14.575027006853974, 56.49064092703368, 29.190048271540444, 11.557215551656366, 43.25811521709515, 35.64251594494577, 13.831882991325068, 45.00400982431875, 45.65485063515353, 74.53682200299549, 66.75094477329942, 49.40659128934594, 52.59656588224628, 42.02139060439491, 18.538612485232996, 54.21828165442492, 24.344132919159893, 33.31878337570081, 63.64713093040454, 51.858035586088675, 74.58846256048162, 57.224228051934176, 21.73190659015627, 58.49358443290301, 31.076758968718472, 36.341180372987374, 23.022217750300616, 84.2407432068842, 0.0, 49.410520300948825, 59.0236391358304, 72.91138606163268, 79.36877754723632, 25.56719436898625, 61.59110355545107, 28.98892056015429, 42.675251558301404, 11.790038253462454, 37.336254665813996, 62.99666155784148, 25.943196199496583, 73.07238518118818, 39.32297060851874, 73.03597957216073, 22.463354737311995, 43.493629581847856, 25.57430937378444, 44.747382234417806, 11.186534167461842, 57.19651147951201, 36.53084967156069, 40.00642288357703, 72.16921263968436, 15.23883145417074], [67.77746969295372, 38.00000436548187, 7.13672769410319, 77.94683979327527, 38.1725363786568, 13.089379841878468, 84.66703344852971, 55.17298025602352, 27.050647163652844, 64.3924733918992, 83.58534988840914, 19.831786476524364, 25.871009777185677, 13.828718061710937, 17.26991210865045, 67.94624020656642, 77.16489867084523, 25.734834198304625, 69.48980820535346, 52.497405181702845, 36.807551780274935, 25.26596730973061, 51.46229580095144, 35.399640917386336, 46.1293079158914, 25.922140723611626, 19.841925714173954, 27.898621520394094, 36.66826448769724, 49.410520300948825, 0.0, 30.24975179099775, 47.99744969193591, 89.09951227058617, 29.029506554720573, 12.205797760260626, 24.729464466823792, 7.118781918076001, 58.572304963101836, 56.2202812377988, 45.460539243783366, 74.81236117547915, 23.827815185741773, 10.758953087242242, 50.349034728917346, 36.9902536555562, 40.68005346046875, 74.28906202206717, 30.08126597496779, 54.88672565117802, 39.81526449394394, 17.712078082547553, 13.372527650876737, 52.58968920276745, 57.52536227492301], [94.77650661828069, 54.15609577809558, 29.82912920794456, 82.00524567022943, 48.24035936839638, 41.880916499396776, 93.35219836877407, 57.44448113360822, 14.143672862191954, 89.0432595294025, 111.64803037654214, 44.04297939159199, 55.776169174021526, 43.984649676289536, 45.781352540076035, 75.38991008596366, 101.34173160607158, 43.46471034562018, 88.09519149592991, 24.620872743622115, 66.46805622084452, 40.55996438000245, 26.55226004232093, 55.54465673837913, 19.3510701338956, 28.087364433043536, 45.935428010511714, 46.19246212293754, 55.44777495041251, 59.0236391358304, 30.24975179099775, 0.0, 78.00004002860837, 117.18556757244073, 50.264781366223474, 32.94798336071146, 30.8164871077552, 33.35662149501456, 70.58665999512338, 80.0264865110547, 75.65537892427407, 84.23644209453377, 40.352609799674376, 29.250869080180056, 80.47475758839214, 37.608121126443464, 23.900578897474247, 84.04198016190082, 15.269750198372202, 68.44898571508762, 69.87036287493049, 43.48828580153671, 24.623960017635408, 82.82179814904076, 72.13313150900944], [44.95510013939907, 58.510923691013474, 48.62490685780638, 100.05035713989999, 66.53538518434485, 39.23876546705853, 98.9711650233847, 84.99328831488818, 74.14730332618642, 51.39399846702288, 52.02939776826326, 38.01772931889783, 25.92348544847201, 34.17369950245621, 36.93712512775325, 87.98930044185597, 61.31045322025512, 53.583766542059514, 70.18775507616223, 100.36403652930036, 21.135375264127447, 49.041171229259795, 98.71948660539086, 51.189402312839086, 93.91604739891962, 67.62701905074675, 40.90777449912278, 53.03675409416973, 42.90018928102647, 72.91138606163268, 47.99744969193591, 78.00004002860837, 0.0, 56.5301699081629, 48.47795253935074, 47.208460538853096, 64.61101400198045, 47.21013636748519, 75.07792537544309, 49.58289988453582, 11.51487720526479, 90.245071490927, 47.68427894064795, 53.436609409407524, 3.3548973186042557, 74.59469812272397, 86.36058310034092, 89.36106063935256, 76.95929201234208, 70.45529313342934, 15.9244685151007, 42.39746129388435, 58.41558294365874, 7.5919740896168095, 70.29650551470567], [23.298181369978796, 71.16359884686082, 93.4086532667678, 93.9433311427013, 81.38532782774884, 76.13660441492557, 84.00693451583444, 92.9579349328467, 107.55877680450664, 33.73183038047542, 5.538588239542483, 89.0322061169487, 64.07666502615207, 77.90126232740047, 71.99755019463973, 83.69344928594008, 28.653559304785425, 76.54305440892712, 52.63225865928073, 133.4963821644589, 53.216359916859595, 101.21275691071376, 129.07763274227054, 65.74803482565025, 127.10920165756875, 95.11651501612833, 71.25026633798748, 74.17562963705036, 98.46705358673422, 79.36877754723632, 89.09951227058617, 117.18556757244073, 56.5301699081629, 0.0, 68.9487349787022, 94.63044705125463, 91.42796681794327, 84.20540951120991, 72.83774494103147, 42.26560835975496, 49.27479678565677, 79.72960148021659, 99.5748835911584, 87.95569682681585, 53.3198192344277, 95.07931181636083, 114.55433694410881, 78.77655099418051, 109.34919105202087, 69.8680573720428, 52.179278938631526, 73.69768492071192, 92.78170592846021, 49.00314768128862, 66.74222439897271], [45.79627993669441, 11.17157684858072, 35.94930835212376, 54.476532445024326, 18.06981943325531, 19.13426259204618, 57.96622877388711, 36.61076267481646, 39.014413254739516, 38.846693235887436, 63.503548475960436, 43.023631454084914, 23.9332066370459, 28.05643056133711, 16.963578464182728, 43.02506329204758, 51.07734573627334, 7.604659724301974, 40.515973569056584, 64.55450635673849, 28.086981393173403, 52.527092011724775, 60.22436428617894, 6.37918962035825, 58.19423423798203, 26.17455394079406, 11.339180658890047, 5.491934630806983, 60.210389423504196, 25.56719436898625, 29.029506554720573, 50.264781366223474, 48.47795253935074, 68.9487349787022, 0.0, 40.24336397919489, 22.48466503901363, 21.962521157148075, 31.594069118632436, 29.766434573911116, 39.662873754428965, 48.183916813188574, 50.86086907142949, 22.16207023810365, 49.061636382365734, 28.224160794926, 45.80458713767314, 47.51322880112378, 40.56127034566664, 27.339025394422155, 33.40417595996503, 12.304831837805988, 25.87016417298749, 48.89484825789189, 29.30873763285561], [74.70376806383948, 49.84099181692757, 5.422198119163514, 90.14872222995389, 50.377902378714026, 22.005124572679108, 96.74863591919808, 67.23517272631032, 34.731792908226566, 72.97482638304884, 89.22046184715293, 11.107052276797605, 30.65260750340567, 16.82733962179415, 25.7361394001671, 80.1294148935353, 85.75185396043364, 37.72039392728859, 80.26109042754867, 57.24573637608877, 41.41410546337117, 13.071399062003046, 57.69541401840978, 46.603920723994484, 51.36022992238877, 37.07870015722122, 29.89576462160978, 39.74057952871341, 25.529333097021542, 61.59110355545107, 12.205797760260626, 32.94798336071146, 47.208460538853096, 94.63044705125463, 40.24336397919489, 0.0, 36.387856821224034, 19.00561112677595, 70.55619313537963, 65.4391256650423, 47.63973126776319, 86.88647420399914, 11.686573105852613, 22.795669970238926, 50.07905153330849, 48.57235037849247, 49.057098761295904, 86.34428599526908, 37.84155716096058, 66.75769488933177, 43.03368745536448, 28.1888384811726, 24.37103647286931, 53.12486294517567, 69.23608787477592], [68.24227256367043, 23.60631714916411, 30.968021790086926, 55.245