instance_id,num_cities,city_coordinates,distance_matrix,best_route,total_distance
1648,62,"[[57.62481126780038, 57.148266193183936], [21.991050897653686, 2.90475484049183], [69.10970562347649, 31.919391362504925], [9.801476469362381, 36.22334684243571], [4.255508755273196, 87.15907933653571], [82.7127870488155, 94.19178524323591], [97.93711698437596, 95.74271543521155], [35.85088523386256, 40.43123448025864], [44.99730006135565, 9.880933063118691], [3.0507779372864974, 37.41277364429055], [99.90167107486964, 74.11532259539926], [12.318908307370691, 41.028461575006546], [51.74833509623289, 46.38204923638123], [18.868134350660583, 8.363073447406888], [32.57310115538608, 99.27644115607353], [90.82574140998662, 78.2350360713626], [77.22181495568486, 97.5475159106536], [43.8900369966871, 77.41840017831858], [37.41445132252188, 92.74351983959693], [33.40568249946322, 17.0723519651929], [66.28700135545918, 54.21374594945083], [88.96511175672369, 3.3359294659269234], [53.13592181000293, 25.113864577564016], [52.62728049440707, 73.38056316385727], [71.20741583002128, 72.38492011374251], [76.2657848188415, 83.77316854545236], [73.65879369637976, 24.421323268589667], [88.91757779766611, 7.540943035383229], [74.69516103905598, 69.71985171376018], [27.875629411347337, 14.067374462999371], [18.388144583064523, 1.071553275017345], [59.36170154321796, 33.61010298469863], [55.39269135308791, 17.58855906943335], [55.70021578218677, 64.55538835126914], [53.379865272132, 93.5511262196033], [12.15536509389895, 13.054929424669892], [55.02168974443459, 66.88707549583003], [20.793037911750034, 94.26007060316876], [15.975078736941484, 25.875126354666644], [10.618369144581674, 77.9800169040791], [40.43324602810352, 46.53829747156466], [74.92699198941362, 58.800578215366116], [42.003113799806556, 57.03167489796833], [37.26462570841924, 75.12178369563067], [74.81802330080974, 53.24483258869007], [23.917553525783852, 4.81466258822163], [90.41159780140092, 94.1421262882385], [91.64342928473746, 30.521855953242692], [23.763435074917172, 1.3175391147006832], [19.95669174207081, 4.941371880352008], [89.27764745053693, 73.58333404284082], [89.00203201536613, 51.52549582287893], [16.505282385350228, 21.171745776423588], [13.840007006851007, 28.188069549213846], [98.68294200530593, 75.74940014703583], [1.6938162755026576, 94.77998936286993], [46.44142936527898, 34.78788380561644], [84.15781209131504, 27.090499651276147], [41.23231268058728, 35.17915632360861], [77.03897793970566, 18.69926043269352], [66.81808301295065, 78.37075196918155], [16.242043022463736, 8.84634739343635]]","[[0.0, 64.90087366119715, 27.720009444138178, 52.20080077047486, 61.22851750776607, 44.73956674354776, 55.808722476706976, 27.4511020584301, 48.924991778205246, 58.03287671749064, 45.55451545239554, 48.088178838339104, 12.265577840279139, 62.30630013812547, 49.013990913414496, 39.33133135556936, 44.90146914386467, 24.4851456204317, 40.932636505241085, 46.82568845736911, 9.14576110422822, 62.273445534864216, 32.34738034888076, 16.984192025973567, 20.411829153423188, 32.501866410999284, 36.44367415217136, 58.65256812770567, 21.200037825772107, 52.354341304195586, 68.44058550476853, 23.602159118566494, 39.62262973391063, 7.653073006841185, 36.64952638997157, 63.33792610074087, 10.080706736073438, 52.286380206669776, 52.08367781994224, 51.41563418615383, 20.202013554705207, 17.38089735146067, 15.622132546859433, 27.158506722999174, 17.630749669730715, 62.24937984243744, 49.43196390932046, 43.19990849582814, 65.29672950300069, 64.37737989694712, 35.66529817110718, 31.87703763649706, 54.63630365253699, 52.495733863115646, 45.075184791936685, 67.41233410547594, 25.00109460195457, 40.093259560535365, 27.410870077275103, 43.07244956506122, 23.12812460820374, 63.605100954126726], [64.90087366119715, 0.0, 55.335492730035746, 35.4783637973181, 86.10075871540745, 109.63781811474924, 119.94453668856919, 40.00414580991559, 24.040685580411193, 39.36416265560011, 105.55098150360645, 39.331505914038544, 52.685587126479355, 6.288549099281843, 96.95092423987535, 102.04345098168103, 109.57960358304659, 77.66497881089705, 91.15308539610854, 18.193807267662997, 67.78453950260038, 66.97544878171426, 38.25241873999882, 76.84671836023145, 85.1454282011325, 97.39325991757532, 55.96890532104703, 67.0869155937023, 85.09982606316711, 12.61872977445097, 4.042469776184426, 48.367178275456155, 36.48676049950148, 70.26456012452377, 95.92717191721674, 14.133886914768942, 72.00528077210025, 91.36317066090034, 23.745102411606442, 75.93176452692879, 47.3708835020758, 76.98413427470248, 57.70793824516844, 73.81450632608747, 72.97131245207568, 2.7127771712823656, 114.0422254575119, 74.92768572997167, 2.3792014273727817, 2.8786153165980184, 97.58559132235249, 82.79159404211752, 19.07292882658542, 26.564742030933985, 105.77328827026317, 94.09057578657186, 40.17903582487865, 66.7057452500315, 37.57476741235787, 57.26902023371071, 87.77573429424143, 8.26762442387182], [27.720009444138178, 55.335492730035746, 0.0, 59.464191562402796, 85.19090314633335, 63.74084141193388, 70.03168098411068, 34.33075307897935, 32.666523325967546, 66.286945743058, 52.236402527078155, 57.51669166368397, 22.5961425770205, 55.48977921814619, 76.62829518494435, 51.15393587084111, 66.12758160952976, 52.02106774054675, 68.58690655074025, 38.66796925241109, 22.47233645692319, 34.803037894834944, 17.363092009781496, 44.617251207090675, 40.519864328843425, 52.345235481265114, 8.770132692041827, 31.41115316105377, 38.210890004895816, 44.93265570214949, 59.36552761534328, 9.893537756442724, 19.83757129051303, 35.28346237622208, 63.607378651965064, 59.99720684634498, 37.69895389869768, 78.87243287076114, 53.47730092157107, 74.45010186942933, 32.18775777761729, 27.5034366449314, 36.95123955512935, 53.670809739575425, 22.076216482831303, 52.697219406230964, 65.76807243638834, 22.577019450366222, 54.70610216108967, 56.06988771885567, 46.28855147020707, 27.93034159104694, 53.69112803676164, 55.39550837068791, 52.87386859449209, 92.17568506684256, 22.84904806363164, 15.803914180549652, 28.067331631166656, 15.415745887444904, 46.507853491647865, 57.68323072516912], [52.20080077047486, 35.4783637973181, 59.464191562402796, 0.0, 51.23677002501459, 93.14719030137645, 106.35058235230503, 26.387080462843212, 43.96212872506815, 6.854682106993885, 97.74378187083543, 5.424628157965041, 43.15945067990805, 29.298449084930375, 67.03909003980908, 91.26836002162196, 91.13811361619061, 53.47020084281819, 62.90474017011954, 30.3960383454757, 59.28127007485207, 85.72317874184932, 44.735832943787486, 56.69839693631956, 71.26253412713449, 81.7220278037893, 64.93877673524155, 84.1548440527415, 73.02880346565698, 28.593043151238895, 36.18534869669303, 49.62907366485117, 49.252555161320046, 53.93884357830516, 72.01076488249906, 23.287686817298045, 54.636361002285035, 59.068398724033635, 12.04985610792682, 41.76465980083846, 32.321873596392706, 68.92796347070808, 38.339691746649734, 47.61630976617891, 67.20775505025985, 34.43499786617888, 99.2601464519246, 82.04030862322273, 37.59457010299269, 32.88906132384264, 87.81930538010036, 80.66525746698701, 16.477005444242923, 8.993075674161485, 97.27396262955062, 59.11526483984507, 36.66806106607031, 74.91510892297718, 31.448176398266, 69.48363266604967, 70.90343560550782, 28.12438437291453], [61.22851750776607, 86.10075871540745, 85.19090314633335, 51.23677002501459, 0.0, 78.77184439633542, 94.07402685686196, 56.407085545488854, 87.36020518682413, 49.760891334160306, 96.53148686510808, 46.83003638047995, 62.59660324363823, 80.13949944235111, 30.801241806208456, 87.02898212716205, 73.70211296147963, 40.813927272228554, 33.6259044177302, 75.90706148271977, 70.23746198570318, 119.1723008710241, 78.98672961256158, 50.29588262575409, 68.5626256913061, 72.08983458599758, 93.55662454929384, 116.2183873688144, 72.56632327698021, 76.81345859371024, 87.23986209774505, 76.8386969691167, 86.3427399048556, 56.19150048933016, 49.53847662727208, 74.52404151903738, 54.6640583193553, 17.997609495989188, 62.39448063442117, 11.168759083835914, 54.3955567441266, 76.14895356045785, 48.29639929438933, 35.13542782396459, 78.2894922161513, 84.65931120779092, 86.43861766857435, 104.13656287314747, 88.0302744341376, 83.70351585528238, 86.09915753708593, 91.93326644201338, 67.11471630247445, 59.744812344427935, 95.11425197832708, 8.03993395435524, 67.24874734187611, 99.96305489434195, 63.790253369624985, 99.92086964627609, 63.176818499060175, 79.2247498458043], [44.73956674354776, 109.63781811474924, 63.74084141193388, 93.14719030137645, 78.77184439633542, 0.0, 15.303124074749704, 71.31784250839999, 92.36220955585044, 97.82582406419331, 26.42956841325865, 88.21358822606726, 56.96111078419147, 106.97059150383109, 50.396843425394415, 17.900778547329306, 6.435192525463944, 42.29128004856353, 45.32148157608472, 91.53467948361038, 43.22094470762402, 91.07073126576009, 75.14352986683377, 36.582026585094624, 24.65589044545286, 12.251996231170818, 70.35547000611615, 86.87271081051406, 25.75185153544209, 97.09291972454335, 113.17701723477929, 64.92621519512822, 81.32921915928164, 40.09981330596034, 29.33991724496841, 107.52459795343069, 38.888867871291566, 61.919786789745174, 95.5043851999368, 73.89469890075199, 63.7056864473407, 36.23749632075245, 55.11942758151192, 49.286918429217664, 41.70108183645173, 106.98200567907341, 7.698970906292364, 64.29320544613381, 110.00296219687128, 109.10528760603158, 21.62881533910621, 43.12733304009127, 98.56652493365891, 95.393659727081, 24.396053315461888, 81.02110594933443, 69.60197478676487, 67.11684308329168, 72.13265644504486, 75.70543845772889, 22.42647342420278, 108.17672380503478], [55.808722476706976, 119.94453668856919, 70.03168098411068, 106.35058235230503, 94.07402685686196, 15.303124074749704, 0.0, 83.15082740663846, 100.8705600656383, 111.38132449873024, 21.71643602946946, 101.60771246582702, 67.60087972728464, 117.84356515587815, 65.45946671614979, 18.89683834050987, 20.793774137853124, 57.06897042026988, 60.59693253818485, 101.75132493085991, 52.21479795874966, 92.84132146290357, 83.63959386871797, 50.52768683558502, 35.49737350960985, 24.757154331123612, 75.34041387105283, 88.66174339370792, 34.89094370219047, 107.60796143349602, 123.65544045801782, 73.13360517835535, 88.98370811301756, 52.50338268915917, 44.61111681451427, 119.14604027295445, 51.71442595154598, 77.15832535547635, 107.69984084297334, 89.10711073431499, 75.68203169905581, 43.522262747399516, 68.02321200684004, 64.08099580561696, 48.37936067359898, 117.246776369952, 7.693849789977272, 65.52382022155994, 120.07434784817755, 119.6905623361273, 23.791271430926777, 45.11095491838626, 110.41726858610006, 107.87007966695154, 20.007221475613406, 96.24811568456279, 79.79534662093967, 70.02139655405313, 82.96613479845614, 79.82747756415327, 35.63957617564782, 119.26887225296448], [27.4511020584301, 40.00414580991559, 34.33075307897935, 26.387080462843212, 56.407085545488854, 71.31784250839999, 83.15082740663846, 0.0, 31.890089696874302, 32.93870283549696, 72.36795533244745, 23.539554334601302, 16.974719685116003, 36.28747414177251, 58.936425215519165, 66.71852985734233, 70.52533892498526, 37.8507382681166, 52.33564691900201, 23.486515466645066, 33.41129729546172, 64.78566749851473, 23.095330917189415, 36.97439247151785, 47.65629319786235, 59.26117917300947, 41.05794928288069, 62.432724840343845, 48.64874985321306, 27.54374376231751, 43.05963092753187, 24.48032512880441, 30.061104542676333, 31.240530136488204, 55.93735817485258, 36.206902010529355, 32.671566681500884, 55.895280340321804, 24.635908095034278, 45.23926314284116, 7.635067048060303, 43.178407895958316, 17.70380011154517, 34.71934427654919, 41.019826250398985, 37.56254249908647, 76.5619439061343, 56.66571939418488, 40.93882773718195, 38.886446663519756, 62.87670972915509, 54.29665771414752, 27.297989938922584, 25.186779227465674, 72.07801456890861, 64.19106259532022, 12.00029298960918, 50.11521114580372, 7.519580196255802, 46.56970771595168, 48.97320007495371, 37.17676404905152], [48.924991778205246, 24.040685580411193, 32.666523325967546, 43.96212872506815, 87.36020518682413, 92.36220955585044, 100.8705600656383, 31.890089696874302, 0.0, 50.174824006588054, 84.50175592834951, 45.144720843369704, 37.12018259567358, 26.17321528872545, 90.25473719230835, 82.29537918076889, 93.4015476763557, 67.54654318195037, 83.20882094036317, 13.641191426201868, 49.17976900725227, 44.45228382621747, 17.270766239265008, 63.95638845603599, 67.7769766648779, 80.23578131735103, 32.138826436537535, 43.98256870357335, 66.80313714137162, 17.62605734252533, 28.02949031857125, 27.738232371572312, 12.941084141656795, 55.7121931535923, 84.08905173895329, 32.99495333092313, 57.88081429607562, 87.78203209204898, 33.13764550553763, 76.28496648068001, 36.94039732585515, 57.34909014736209, 47.24571522313415, 65.69751018038886, 52.62797085759594, 21.680009467912257, 95.72046344926699, 51.008911665320596, 22.895605215370484, 25.52315281618109, 77.58057137897269, 60.58618688938857, 30.647634867583715, 36.137627990846326, 84.975308807436, 95.30499183453071, 24.948781628281154, 42.77516668115764, 25.576849495489828, 33.23299593562002, 71.8818604545396, 28.77386270351367], [58.03287671749064, 39.36416265560011, 66.286945743058, 6.854682106993885, 49.760891334160306, 97.82582406419331, 111.38132449873024, 32.93870283549696, 50.174824006588054, 0.0, 103.57206477161726, 9.94843906194345, 49.51666363857449, 33.076787108734266, 68.54692499450559, 96.8034158606946, 95.48575788999389, 57.16900589393663, 65.13335184877671, 36.53974527911166, 65.4300590141245, 92.42566778116436, 51.57310152572087, 61.249583579972494, 76.60534131196187, 86.65866054848652, 71.79324252532867, 90.91442999980663, 78.59176116756716, 34.07757200334278, 39.44514055691908, 56.439174528853364, 55.97030805290635, 59.23415263608915, 75.395833186116, 26.003808996369358, 59.74705133897428, 59.55168310410995, 17.324977810656165, 41.26705298878986, 38.48017808798577, 74.99085498137568, 43.61405456441909, 50.917156424512896, 73.49279963021608, 38.70476931703007, 104.16396833229642, 88.86024206244208, 41.615863819547705, 36.608767448384654, 93.50605576966815, 87.102164180258, 21.090155906199417, 14.1951621884803, 103.03013023355633, 57.38326223084194, 43.469974442259804, 81.7612397756395, 38.24681217682246, 76.31807987835252, 75.78802797985355, 31.46506289987211], [45.55451545239554, 105.55098150360645, 52.236402527078155, 97.74378187083543, 96.53148686510808, 26.42956841325865, 21.71643602946946, 72.36795533244745, 84.50175592834951, 103.57206477161726, 0.0, 93.62414595696339, 55.56868018117302, 104.35416782310807, 71.87640930532837, 9.96717303983118, 32.61048232011255, 56.108942902419784, 65.20477256265015, 87.61059864502221, 39.064290257722725, 71.6193466983309, 67.73609224171447, 47.28010021326486, 28.746383717000505, 25.53290244964049, 56.197706200479466, 67.47442714779719, 25.586877739515465, 93.7736996850761, 109.45248849459469, 57.307608092977794, 71.94667657782705, 45.22345622288432, 50.41853704408981, 106.90082238912004, 45.45833565312999, 81.63324514702059, 96.80283794807451, 89.366905875019, 65.55139885786912, 29.296347739048823, 60.366331288092184, 62.645130825827515, 32.63076368663854, 102.84049590090335, 22.161551319511112, 44.368782847235096, 105.34015502593078, 105.71771458960612, 10.637334712719756, 25.081913907035304, 98.78248818915314, 97.54959043750434, 2.0385068039528766, 100.3584136826811, 66.3674987129391, 49.59035257608259, 70.41390955160264, 59.94699894918462, 33.35614603346732, 106.10830547031344], [48.088178838339104, 39.331505914038544, 57.51669166368397, 5.424628157965041, 46.83003638047995, 88.21358822606726, 101.60771246582702, 23.539554334601302, 45.144720843369704, 9.94843906194345, 93.62414595696339, 0.0, 39.79121256943884, 33.31546102476799, 61.668950479159236, 86.87722388264305, 86.0627143099473, 48.17638216253061, 57.482462808540845, 31.91468679880323, 55.555438899194215, 85.4129233781025, 43.809850363417915, 51.685813774999865, 66.71644332798881, 76.9175726967679, 63.5482382310102, 83.59886402114044, 68.65852294465157, 31.12734793984466, 40.415221759430494, 47.62411615563141, 49.03855437653411, 49.35032038153507, 66.66807698014661, 27.974010212134242, 49.92189355751498, 53.90190230668059, 15.588173418013465, 36.990664696402646, 28.649158400944714, 65.08164312781474, 33.72320999515588, 42.245040299112205, 63.681858450480895, 38.02588339483887, 94.44326091193929, 80.01730056668984, 41.327164862612, 36.88649859264798, 83.5611587515567, 77.39825055914854, 20.29322276590076, 12.9301743464503, 93.08216742158899, 54.79159899304924, 34.68848878580906, 73.17851378284593, 29.499141078566534, 68.46371766759499, 66.06517006314463, 32.420355630196134], [12.265577840279139, 52.685587126479355, 22.5961425770205, 43.15945067990805, 62.59660324363823, 56.96111078419147, 67.60087972728464, 16.974719685116003, 37.12018259567358, 49.51666363857449, 55.56868018117302, 39.79121256943884, 0.0, 50.26480002060836, 56.26283225398642, 50.414843593129355, 57.15595468668144, 32.01574501417108, 48.52675736674654, 34.5761660456229, 16.513881736365626, 56.90392686176543, 21.31340131395688, 27.01281731521334, 32.477763421590744, 44.712427177305344, 31.021632469958515, 53.76043279136852, 32.729342268419835, 40.176414504365724, 56.26671623028717, 14.86895960422071, 29.023204656291878, 18.59805407941192, 47.19728502958619, 51.75229645677453, 20.764656331217925, 57.01346642485629, 41.23420614761696, 51.86622851059124, 11.316167820013046, 26.29581710792958, 14.435507086633844, 32.18307279329945, 24.06882442490949, 50.02399459838891, 61.44813132234519, 42.93208906270651, 53.04681613169715, 52.23062633058071, 46.3503956931227, 37.607086791332186, 43.331653152461264, 42.04833213564218, 55.36513907883491, 69.62625555680862, 12.750996842332476, 37.716549212372634, 15.36527048448585, 37.49604527661121, 35.360633546373094, 51.66842062295168], [62.30630013812547, 6.288549099281843, 55.48977921814619, 29.298449084930375, 80.13949944235111, 106.97059150383109, 117.84356515587815, 36.28747414177251, 26.17321528872545, 33.076787108734266, 104.35416782310807, 33.31546102476799, 50.26480002060836, 0.0, 91.94055983759212, 100.29949339168085, 106.57868838390416, 73.44885133165933, 86.39459246136883, 16.946735333955147, 65.960845331973, 70.27701201727811, 38.14276157863784, 73.25949711391394, 82.69339294250501, 94.7690493883089, 57.09539157285955, 70.05426771903052, 82.95366868374933, 10.661801786976987, 7.307301595073283, 47.719403647101885, 37.6716451616568, 67.18763633908695, 91.91334998962103, 8.189919633665687, 68.79053992646462, 85.91856245361917, 17.74941598506093, 70.10404725980466, 43.84520237101453, 75.40913344535852, 53.887475736631025, 69.24706700129896, 71.72699894147377, 6.171535759572849, 111.6983127392603, 76.07401129743857, 8.579249571742798, 3.5906822204672553, 95.9749025896769, 82.35143172381424, 13.024790065182975, 20.452690165898147, 104.45726660705398, 88.10698359203376, 38.19106178715798, 67.92244483011399, 34.917886150167824, 59.082009150467755, 84.85442020734337, 2.670189014085251], [49.013990913414496, 96.95092423987535, 76.62829518494435, 67.03909003980908, 30.801241806208456, 50.396843425394415, 65.45946671614979, 58.936425215519165, 90.25473719230835, 68.54692499450559, 71.87640930532837, 61.668950479159236, 56.26283225398642, 91.94055983759212, 0.0, 61.936344940356356, 44.68217571387098, 24.61395929592268, 8.131281102513935, 82.20830536750385, 56.27853557072595, 111.2863003384897, 76.96049218941641, 32.75311597313097, 47.07190429915561, 46.361644355587956, 85.38924291456254, 107.6573344623747, 51.45736009848292, 85.33845140082401, 99.22405452655855, 70.9203573001174, 84.8153510668433, 41.71828063133946, 21.58009879800542, 88.60605527346947, 39.40824961240121, 12.803666019859902, 75.25455044566024, 30.58672822626141, 53.320668382044964, 58.584533364836616, 43.284470825873264, 24.606053719827585, 62.478335720261605, 94.85750426281622, 58.06593565450523, 90.64489313647276, 98.35424091314337, 95.17499189251119, 62.25384585446072, 73.92142462246076, 79.74031753369576, 73.5152051897623, 70.1714522854036, 31.204940529050855, 65.96290288094139, 88.72312299100713, 64.679547517993, 92.03203926636927, 40.12189704891656, 91.89290134531743], [39.33133135556936, 102.04345098168103, 51.15393587084111, 91.26836002162196, 87.02898212716205, 17.900778547329306, 18.89683834050987, 66.71852985734233, 82.29537918076889, 96.8034158606946, 9.96717303983118, 86.87722388264305, 50.414843593129355, 100.29949339168085, 61.936344940356356, 0.0, 23.62284260026876, 46.942808213340115, 55.34674344584719, 83.89241379504514, 34.3390760298632, 74.92221374865414, 65.13356555841906, 38.505692092582386, 20.471994413811366, 15.577652173437366, 56.48557142687891, 70.71984077011975, 18.24017510187361, 89.88996271512545, 105.83670682386892, 54.60192723454772, 70.23885113724613, 37.695295626577625, 40.45709155587665, 102.16395847944167, 37.559370666896974, 71.84275392144637, 91.34649335434034, 80.20777768082677, 59.53223352669569, 25.109129520847066, 53.228108099121094, 53.65151866957438, 29.67755564678883, 99.33406690733892, 15.912480450777037, 47.7201861945725, 102.04731387477473, 101.95284896155746, 4.902542877878609, 26.771728674880077, 93.7003187236689, 91.82321144274587, 8.240994305506463, 90.65448448696519, 62.10975926281563, 51.577367973020394, 65.67584756964362, 61.11123814719692, 24.008041996666293, 101.8701044546591], [44.90146914386467, 109.57960358304659, 66.12758160952976, 91.13811361619061, 73.70211296147963, 6.435192525463944, 20.793774137853124, 70.52533892498526, 93.4015476763557, 95.48575788999389, 32.61048232011255, 86.0627143099473, 57.15595468668144, 106.57868838390416, 44.68217571387098, 23.62284260026876, 0.0, 38.9382680928886, 40.096191560715525, 91.63026506275062, 44.69212198499999, 94.94065536001685, 76.3332437019992, 34.48090385173897, 25.871397799143182, 13.807484888993324, 73.21294401141442, 90.76328568979433, 27.94213439716945, 96.97412048529517, 113.00005369904399, 66.38506174411721, 82.88513386846628, 39.391112092443, 24.174567116616576, 106.64258093607701, 37.8537734687856, 56.52445643545642, 94.27668917666487, 69.41834059731515, 62.8914872578642, 38.814834705419216, 53.68324025310184, 45.82019683416601, 44.36784831210809, 106.96133119920916, 13.62229973233587, 68.55962406972789, 110.08181872419307, 108.88155146227189, 26.82582915284331, 47.50578750986811, 97.56923485895156, 93.95736468435189, 30.58983205387141, 75.57868606840353, 69.90138452887524, 70.79759315428491, 72.007336789998, 78.84846746317949, 21.8171014024139, 107.64028001332697], [24.4851456204317, 77.66497881089705, 52.02106774054675, 53.47020084281819, 40.813927272228554, 42.29128004856353, 57.06897042026988, 37.8507382681166, 67.54654318195037, 57.16900589393663, 56.108942902419784, 48.17638216253061, 32.01574501417108, 73.44885133165933, 24.61395929592268, 46.942808213340115, 38.9382680928886, 0.0, 16.63708214970264, 61.250038564594774, 32.25027116737806, 86.71778843740917, 53.11544813320985, 9.625152034840987, 27.77724082561799, 32.993516454656046, 60.78543441007243, 83.12844547654309, 31.75253243013677, 65.34381156232337, 80.49340065342062, 46.46008294057286, 60.92553606130421, 17.46245676324726, 18.716882492033225, 71.76172913352492, 15.323918965604935, 28.58519248542603, 58.61701093627431, 33.27640748349316, 31.072980979947058, 36.1927599094726, 20.473862527803536, 7.012169564925038, 39.254320868387666, 75.30074905369243, 49.43620772982391, 66.93035436385293, 78.71734980003752, 76.32643477839713, 45.5493459335467, 52.014753585163376, 62.55885961659906, 57.67694302094222, 54.81831810980658, 45.62834450387222, 42.70679722505229, 64.45456758470586, 42.32277424694702, 67.42988697981019, 22.94781619364812, 73.93603988537232], [40.932636505241085, 91.15308539610854, 68.58690655074025, 62.90474017011954, 33.6259044177302, 45.32148157608472, 60.59693253818485, 52.33564691900201, 83.20882094036317, 65.13335184877671, 65.20477256265015, 57.482462808540845, 48.52675736674654, 86.39459246136883, 8.131281102513935, 55.34674344584719, 40.096191560715525, 16.63708214970264, 0.0, 75.7772780914765, 48.147353213133655, 103.20459198906, 69.4329525884515, 24.62426166689129, 39.451705070917704, 39.8734663251467, 77.34064195751665, 99.55928450321765, 43.8171269133104, 79.25228687408722, 93.62558305271757, 63.07489818608521, 77.27538575097165, 33.59970146709045, 15.985827180581946, 83.59600994917766, 31.28211244382953, 16.690455655561845, 70.22128412467833, 30.59397063171056, 46.303733062829366, 50.58966291043209, 36.00543976214378, 17.62237306500484, 54.39828573843033, 88.95869933664905, 53.015598033993186, 82.53676458168749, 92.43949478497527, 89.52089452092159, 55.28927411694939, 66.03184069510299, 74.5634775757751, 68.7252543610192, 63.58166445345301, 35.77863854706545, 58.65442933562338, 80.59318107513567, 57.69083126763087, 83.98008966863938, 32.72842820612123, 86.52748937583465], [46.82568845736911, 18.193807267662997, 38.66796925241109, 30.3960383454757, 75.90706148271977, 91.53467948361038, 101.75132493085991, 23.486515466645066, 13.641191426201868, 36.53974527911166, 87.61059864502221, 31.91468679880323, 34.5761660456229, 16.946735333955147, 82.20830536750385, 83.89241379504514, 91.63026506275062, 61.250038564594774, 75.7772780914765, 0.0, 49.60508317504918, 57.23232899743702, 21.306061774670844, 59.49860904149459, 66.99590463589972, 79.28421850091601, 40.91845965147609, 56.32422459107534, 66.90725123517542, 6.293756981808978, 21.944293194222418, 30.776811618212204, 21.993067728351107, 52.456505399577544, 79.04410723699172, 21.626735160590698, 54.30247185578634, 78.21139758392823, 19.527283079783825, 65.03080268796617, 30.292385078325303, 58.86649308176843, 40.87374847270502, 58.177555525449016, 54.985728376590124, 15.500823858217608, 95.86148597646958, 59.77059735480555, 18.471249642354998, 18.111764966762152, 79.46802855786882, 65.40621683886667, 17.390473071100363, 22.502773937670852, 87.7730971991273, 83.9292521671391, 21.99478949066541, 51.73144054797137, 19.725934808419705, 43.66361531226093, 69.81319611021036, 19.03306783760765], [9.14576110422822, 67.78453950260038, 22.47233645692319, 59.28127007485207, 70.23746198570318, 43.22094470762402, 52.21479795874966, 33.41129729546172, 49.17976900725227, 65.4300590141245, 39.064290257722725, 55.555438899194215, 16.513881736365626, 65.960845331973, 56.27853557072595, 34.3390760298632, 44.69212198499999, 32.25027116737806, 48.147353213133655, 49.60508317504918, 0.0, 55.70322164384281, 31.933587162559785, 23.536245582767222, 18.825569024879474, 31.198326615670883, 30.690906984198854, 51.86996743744851, 17.639060781084975, 55.56225911675177, 71.54294599993062, 21.736372303317115, 38.21112801820919, 14.799648520878304, 41.40076869325143, 68.00207513064909, 16.95643026950583, 60.60865307931303, 57.74397733192267, 60.52959810967487, 26.969041026025685, 9.782048271730313, 24.446838617180614, 35.76932108097074, 8.585867954535146, 65.08025465777813, 46.65052743708725, 34.70236431318637, 67.86945105657122, 67.63330862287923, 30.06244751806993, 22.873550372067875, 59.7494210771388, 58.5493215015579, 38.900917371012646, 76.27515757735468, 27.770683240580944, 32.481323342933976, 31.465108085289884, 37.10638330514238, 24.162843118396275, 67.5477513044773], [62.273445534864216, 66.97544878171426, 34.803037894834944, 85.72317874184932, 119.1723008710241, 91.07073126576009, 92.84132146290357, 64.78566749851473, 44.45228382621747, 92.42566778116436, 71.6193466983309, 85.4129233781025, 56.90392686176543, 70.27701201727811, 111.2863003384897, 74.92221374865414, 94.94065536001685, 86.71778843740917, 103.20459198906, 57.23232899743702, 55.70322164384281, 0.0, 41.928621608214975, 78.90937010726822, 71.2958545366233, 81.43354551664784, 26.055272103314888, 4.205282225555776, 67.90034334589949, 62.02490439292301, 70.61328270917393, 42.34250203417121, 36.47252201827024, 69.67334820726552, 96.97985096231942, 77.4221941216171, 72.04792890582229, 113.64255846235429, 76.39083921923014, 108.21253100915685, 64.9752767781359, 57.21360037176483, 71.33486054944022, 88.46552506552594, 51.87522262792528, 65.06436415930368, 90.81771690154865, 27.31753985545922, 65.23290995907476, 69.02709234977799, 70.24809982022667, 48.18958050010997, 74.62267226513893, 79.12907323101074, 73.06262355557786, 126.40528116105865, 52.89129414104347, 24.2361245821959, 57.37953645989648, 19.449025842335406, 78.23500156753649, 72.9315393493358], [32.34738034888076, 38.25241873999882, 17.363092009781496, 44.735832943787486, 78.98672961256158, 75.14352986683377, 83.63959386871797, 23.095330917189415, 17.270766239265008, 51.57310152572087, 67.73609224171447, 43.809850363417915, 21.31340131395688, 38.14276157863784, 76.96049218941641, 65.13356555841906, 76.3332437019992, 53.11544813320985, 69.4329525884515, 21.306061774670844, 31.933587162559785, 41.928621608214975, 0.0, 48.26937857905377, 50.60762380926445, 63.054773846274, 20.534553414410368, 39.86394958790604, 49.5428590669739, 27.570043814197174, 42.254476153201836, 10.533109719232035, 7.856413415884995, 39.524794764394734, 68.43769640683165, 42.71795811814418, 41.81575386292192, 76.33649157900331, 37.16863970330332, 67.84226077060791, 24.907113378502746, 40.12038652953488, 33.80363929876783, 52.46608442092131, 35.51710695285646, 35.577670617908375, 78.4498370642862, 38.88540217917453, 37.80222324860413, 38.8302816049516, 60.460845201841444, 44.54157750127125, 36.8421503892108, 39.415982246092646, 68.10644984932473, 86.60057254097387, 11.764475216395928, 31.084799546408462, 15.588649981281286, 24.74880277256072, 54.98634002938256, 40.321091345913786], [16.984192025973567, 76.84671836023145, 44.617251207090675, 56.69839693631956, 50.29588262575409, 36.582026585094624, 50.52768683558502, 36.97439247151785, 63.95638845603599, 61.249583579972494, 47.28010021326486, 51.685813774999865, 27.01281731521334, 73.25949711391394, 32.75311597313097, 38.505692092582386, 34.48090385173897, 9.625152034840987, 24.62426166689129, 59.49860904149459, 23.536245582767222, 78.90937010726822, 48.26937857905377, 0.0, 18.60679268904186, 25.822182969568324, 53.28537997131216, 75.17872875368867, 22.36944702163569, 64.27051100777953, 80.0056956663695, 40.33660781132581, 55.860497832453355, 9.344872484717042, 20.18459803497434, 72.64405015017037, 6.920879839401868, 38.07062951567413, 60.00125348775613, 42.259952762703485, 29.482226918281256, 26.643068401720477, 19.49766820635688, 15.461015846758064, 29.964590971605727, 74.33391651433983, 43.11260996185758, 57.95799039126863, 77.62860946525791, 75.83726177127247, 36.65092787431636, 42.43543939551247, 63.48668648138052, 59.555134654436436, 46.11654091385612, 55.24629597525435, 39.085286927944175, 56.00843153296124, 39.86468080961124, 59.883017964511225, 15.042634757019353, 74.08475221658607], [20.411829153423188, 85.1454282011325, 40.519864328843425, 71.26253412713449, 68.5626256913061, 24.65589044545286, 35.49737350960985, 47.65629319786235, 67.7769766648779, 76.60534131196187, 28.746383717000505, 66.71644332798881, 32.477763421590744, 82.69339294250501, 47.07190429915561, 20.471994413811366, 25.871397799143182, 27.77724082561799, 39.451705070917704, 66.99590463589972, 18.825569024879474, 71.2958545366233, 50.60762380926445, 18.60679268904186, 0.0, 12.461111474078068, 48.02619988889427, 67.21897946457531, 4.389414108936281, 72.65383572090386, 88.74385446291015, 40.54389461257232, 57.03285626706414, 17.37166718951114, 27.67363076666806, 83.70897497465256, 17.093976259500028, 54.95572499586663, 72.20645384088164, 60.84683793216878, 40.188274770191455, 14.08437402292002, 32.994141839540184, 34.05295029076028, 19.477665075023275, 82.4746674974743, 29.020279559463056, 46.58483430074068, 85.44883821301293, 84.70695908748525, 18.109927298709422, 27.418314078914598, 74.93405520257942, 72.41809991230114, 27.6807562126323, 73.03204536160263, 45.02100870400783, 47.10941825532579, 47.778401689743106, 54.001455276950786, 7.422696651527798, 84.01394188590022], [32.501866410999284, 97.39325991757532, 52.345235481265114, 81.7220278037893, 72.08983458599758, 12.251996231170818, 24.757154331123612, 59.26117917300947, 80.23578131735103, 86.65866054848652, 25.53290244964049, 76.9175726967679, 44.712427177305344, 94.7690493883089, 46.361644355587956, 15.577652173437366, 13.807484888993324, 32.993516454656046, 39.8734663251467, 79.28421850091601, 31.198326615670883, 81.43354551664784, 63.054773846274, 25.822182969568324, 12.461111474078068, 0.0, 59.4090728801691, 77.27496406855892, 14.140812318588726, 84.85578865950617, 100.94245096886185, 52.93468785061165, 69.39804436958747, 28.147214878089674, 24.887221013523124, 95.45268598448381, 27.137643855186532, 56.45529881407379, 83.58918906999911, 65.90253250557979, 51.67597565676705, 25.008451252215615, 43.46306601997892, 39.94917861203403, 30.56264565939996, 94.7353312260505, 17.5390794972037, 55.42719767508303, 97.75186726326405, 96.8770670931782, 16.526986910405803, 34.6716655018646, 86.54626383507257, 83.58636830161745, 23.809867610595443, 75.37989517726497, 57.35024236446823, 57.22944213808377, 59.90594456210948, 65.07850140153761, 10.883252008319882, 96.00457336598305], [36.44367415217136, 55.96890532104703, 8.770132692041827, 64.93877673524155, 93.55662454929384, 70.35547000611615, 75.34041387105283, 41.05794928288069, 32.138826436537535, 71.79324252532867, 56.197706200479466, 63.5482382310102, 31.021632469958515, 57.09539157285955, 85.38924291456254, 56.48557142687891, 73.21294401141442, 60.78543441007243, 77.34064195751665, 40.91845965147609, 30.690906984198854, 26.055272103314888, 20.534553414410368, 53.28537997131216, 48.02619988889427, 59.4090728801691, 0.0, 22.75472981749719, 45.3103822160759, 46.93934796968375, 60.00047009949126, 16.99530866760519, 19.50223478006775, 43.968780978790996, 72.04279696181803, 62.54491697073034, 46.37544345815984, 87.59131671543298, 57.70203215602385, 82.7201837015076, 39.91362631673497, 34.402637945452774, 45.447960384444414, 62.4105131452213, 28.846810964155154, 53.4659902811497, 71.70527748419838, 18.99114573380296, 54.98483112817437, 57.12603837479977, 51.58344594888302, 31.14564386821854, 57.245817393566604, 59.93726402289262, 57.10323523782879, 100.64442294411437, 29.124740316434032, 10.833000037804883, 34.16442071962012, 6.645874556201956, 54.38139552985588, 59.491706409063816], [58.65256812770567, 67.0869155937023, 31.41115316105377, 84.1548440527415, 116.2183873688144, 86.87271081051406, 88.66174339370792, 62.432724840343845, 43.98256870357335, 90.91442999980663, 67.47442714779719, 83.59886402114044, 53.76043279136852, 70.05426771903052, 107.6573344623747, 70.71984077011975, 90.76328568979433, 83.12844547654309, 99.55928450321765, 56.32422459107534, 51.86996743744851, 4.205282225555776, 39.86394958790604, 75.17872875368867, 67.21897946457531, 77.27496406855892, 22.75472981749719, 0.0, 63.78474600474266, 61.38985070821871, 70.82551767156012, 39.41003579840092, 34.99817993967064, 65.9851507079097, 93.06277785952123, 76.95999834381256, 68.34394387895756, 110.27764968834633, 75.21137179448931, 105.32060198830447, 62.22157246616463, 53.134609154890896, 68.19310428848914, 85.05996404819241, 47.829310650590536, 65.05717301283433, 86.61406950701588, 23.142009957387216, 65.45069190082184, 69.0098657857184, 66.0433725678575, 43.98463386719143, 73.6840505825084, 77.86491808977891, 68.90396185750137, 123.36383496878092, 50.464036372319455, 20.120649429314113, 55.11583568314585, 16.2975207232467, 74.1973685742159, 72.68725772375565], [21.200037825772107, 85.09982606316711, 38.210890004895816, 73.02880346565698, 72.56632327698021, 25.75185153544209, 34.89094370219047, 48.64874985321306, 66.80313714137162, 78.59176116756716, 25.586877739515465, 68.65852294465157, 32.729342268419835, 82.95366868374933, 51.45736009848292, 18.24017510187361, 27.94213439716945, 31.75253243013677, 43.8171269133104, 66.90725123517542, 17.639060781084975, 67.90034334589949, 49.5428590669739, 22.36944702163569, 4.389414108936281, 14.140812318588726, 45.3103822160759, 63.78474600474266, 0.0, 72.72734537974323, 88.78664866245371, 39.23045925536008, 55.59008012897769, 19.68450220691319, 31.972980439807227, 84.39276920975233, 19.876370239084455, 59.225511570364134, 73.28306767174419, 64.6070088183869, 41.367418064239665, 10.92173426348923, 35.06793098547608, 37.81832683071529, 16.475477240638252, 82.40782123193064, 29.0422774571141, 42.70511290430131, 85.28139937046991, 84.80891150406458, 15.085602594796972, 23.1456506371463, 75.78245554108058, 73.67658177498954, 24.73396632151828, 77.18294394670043, 44.9278948475151, 43.666960304147935, 48.09180656096326, 51.074398795614094, 11.699847582708117, 84.39401953988295], [52.354341304195586, 12.61872977445097, 44.93265570214949, 28.593043151238895, 76.81345859371024, 97.09291972454335, 107.60796143349602, 27.54374376231751, 17.62605734252533, 34.07757200334278, 93.7736996850761, 31.12734793984466, 40.176414504365724, 10.661801786976987, 85.33845140082401, 89.88996271512545, 96.97412048529517, 65.34381156232337, 79.25228687408722, 6.293756981808978, 55.56225911675177, 62.02490439292301, 27.570043814197174, 64.27051100777953, 72.65383572090386, 84.85578865950617, 46.93934796968375, 61.38985070821871, 72.72734537974323, 0.0, 16.09048590679906, 37.05794080040333, 27.74143902068123, 57.64761185938603, 83.47534270758027, 15.75283324250209, 59.387114838197235, 80.50485461498397, 16.764429936304833, 66.20150221646178, 34.81457419130106, 64.92218602606827, 45.227391335477584, 61.77211456808035, 61.14296009569447, 10.063748891617488, 101.60075404422655, 65.85652786023185, 13.396583283408313, 12.082776872406983, 85.51232229330628, 71.69064061033393, 13.407344377266002, 19.909613908849185, 93.90605842683794, 84.85289354556564, 27.821366525512172, 57.76924680910065, 24.982160060425986, 49.38106120930455, 75.17605370871502, 12.751449169750378], [68.44058550476853, 4.042469776184426, 59.36552761534328, 36.18534869669303, 87.23986209774505, 113.17701723477929, 123.65544045801782, 43.05963092753187, 28.02949031857125, 39.44514055691908, 109.45248849459469, 40.415221759430494, 56.26671623028717, 7.307301595073283, 99.22405452655855, 105.83670682386892, 113.00005369904399, 80.49340065342062, 93.62558305271757, 21.944293194222418, 71.54294599993062, 70.61328270917393, 42.254476153201836, 80.0056956663695, 88.74385446291015, 100.94245096886185, 60.00047009949126, 70.82551767156012, 88.78664866245371, 16.09048590679906, 0.0, 52.3219799623097, 40.523424856095524, 73.63686558482175, 98.87816709868112, 13.507362588774484, 75.32396428951698, 93.21954341092608, 24.9206766420021, 77.29994300222455, 50.52931154841049, 80.80397011658424, 60.7388012983722, 76.41831040412892, 76.8529913955335, 6.677217278658913, 117.6839384729421, 78.95351204704097, 5.3809159912719515, 4.175624052548434, 101.40650850373595, 86.78664307901694, 20.188187354222006, 27.49529069242457, 109.65416228543003, 95.1838830457752, 43.86089068316595, 70.72930605255826, 41.051000009599626, 61.24260210886925, 91.21746025341002, 8.065554878135531], [23.602159118566494, 48.367178275456155, 9.893537756442724, 49.62907366485117, 76.8386969691167, 64.92621519512822, 73.13360517835535, 24.48032512880441, 27.738232371572312, 56.439174528853364, 57.307608092977794, 47.62411615563141, 14.86895960422071, 47.719403647101885, 70.9203573001174, 54.60192723454772, 66.38506174411721, 46.46008294057286, 63.07489818608521, 30.776811618212204, 21.736372303317115, 42.34250203417121, 10.533109719232035, 40.33660781132581, 40.54389461257232, 52.93468785061165, 16.99530866760519, 39.41003579840092, 39.23045925536008, 37.05794080040333, 52.3219799623097, 0.0, 16.505844762329797, 31.161148316400624, 60.23876352998509, 51.48740973334363, 33.55879321310845, 71.87461573072089, 44.070726134263445, 65.91359279038868, 22.922143025421942, 29.61145570588015, 29.152883207912332, 47.02659243337978, 24.98840709001002, 45.66689190550237, 68.03103632066924, 32.429110621552454, 48.06294057635