instance_id,num_cities,city_coordinates,distance_matrix,best_route,total_distance
1804,71,"[[7.538321526025804, 40.916318001239524], [16.76390916595062, 21.17542388131185], [74.85022473921413, 13.061788450316358], [90.99354976956741, 43.315698457672426], [15.715176153169718, 39.815955657567415], [68.13248235208297, 59.94480807124577], [33.6058773168157, 35.76616084775374], [53.16568426246421, 29.808360364293485], [58.12297360247835, 5.599867188079477], [8.424959005527398, 72.27583464844015], [17.311676464133306, 18.445368664902528], [31.32730087825555, 92.21624335364957], [83.26779692511059, 39.493997861204946], [62.67262186179806, 31.83466575732561], [91.08560653923517, 59.59959636742641], [71.31200415013068, 71.24649295380382], [89.37496205320312, 26.5620984661617], [62.65582134867987, 75.63855778260418], [50.87775658614344, 34.995829547329194], [17.127149189564296, 55.633023100346], [42.97944271636075, 63.271482534558466], [29.284676556726797, 49.24084787427633], [17.367635701091398, 61.15940888087007], [32.67220809392224, 66.07213969262234], [98.69992014216552, 68.58142067608458], [89.85784207967646, 68.91541676554327], [64.5327453879472, 80.37018501755492], [93.50366469296189, 0.2983524814787919], [81.16248529520364, 38.512253395038535], [37.22036659818924, 97.41019895321695], [62.826966905228744, 68.67612421045955], [38.61119190898257, 75.7477439093241], [89.07520722482644, 79.47069721587006], [60.1651179761179, 20.879014833291897], [82.97284329652625, 7.449793176979624], [18.72608076474419, 28.26733950147926], [78.8029504398545, 35.66184022266368], [43.66207525916634, 24.31320972281038], [92.70998072025459, 14.617665964441894], [68.64075984222232, 80.01587200811781], [28.563097055362384, 14.488057697230406], [79.43614064776484, 18.38541297299654], [55.376943404660004, 80.65334738694584], [95.30266438554288, 74.74679498575684], [76.8390321632428, 26.358339453242763], [29.647688838023512, 93.01300951025152], [16.859920549381037, 84.21231719140292], [97.78512745665445, 88.00636799114315], [54.79096989295387, 90.46214524082119], [88.83800676483237, 55.68007092688701], [27.791957484483564, 5.993578445036896], [51.80218860814778, 4.656277751868143], [17.376173206490908, 17.031621119529873], [51.17515458344651, 29.142528138933542], [73.51156277209613, 75.33333742020125], [53.238521496299384, 13.656347722154006], [62.5102973946273, 53.70280003708155], [71.52914462429979, 44.07620232209102], [20.174992582812568, 12.668926091929823], [18.736764800507043, 93.61677250464405], [42.79838036476673, 41.80927098791296], [69.25363164843394, 71.766063189018], [40.99884664250995, 51.53409953937188], [41.75090794742674, 13.576390935811167], [83.19058676493746, 93.19037987908793], [65.06785662408888, 3.991838850230367], [90.02065637400011, 23.025966829399348], [97.74553408001948, 19.570632016582902], [41.38665639230762, 53.5801988481317], [44.13358432642044, 84.08313221495459], [16.08631184859889, 21.61375437822346]]","[[0.0, 21.79023561038587, 72.84756091102078, 83.48971282593044, 8.250560519189978, 63.51169782456148, 26.571443009583515, 46.96001440743727, 61.69326319570158, 31.372048233516892, 24.504326777580616, 56.54730656524373, 75.74283093997302, 55.87725369946633, 85.61082713995273, 70.61870933466014, 83.08597565916675, 65.14271042975456, 43.74195714486309, 17.564937373503717, 41.90258288625857, 23.28522610430005, 22.503291881703145, 35.56019711667148, 95.26696682617687, 86.95086541142732, 69.31790514645877, 95.07817493396452, 73.6634035145099, 63.816787639947364, 61.866316753470215, 46.67709828841567, 90.19259329947673, 56.312283054797824, 82.52499838568257, 16.88675853652577, 71.45807771659727, 39.75661942718253, 89.1393887619296, 72.54159559674292, 33.771202654857504, 75.34545822976996, 62.18975195036097, 94.05892329047161, 70.81329842781804, 56.59407556557484, 44.288099465057726, 101.79370701930533, 68.46606294028467, 82.6293363181539, 40.37087449694511, 57.219580983696424, 25.831416353308637, 45.19729335925929, 74.4110192525098, 53.21291438118776, 56.43945653309408, 64.06879357156461, 30.94512247633813, 53.8771105074983, 35.2713639422674, 68.9962773028797, 35.104757880697186, 43.79466498998216, 91.95565660136285, 68.35981691880531, 84.40023831142373, 92.69832526489873, 36.139779348029116, 56.59140490208156, 21.110592151225557], [21.79023561038587, 0.0, 58.65024413234663, 77.46115996071033, 18.670009797364596, 64.35678256132553, 22.283211088589717, 37.411453092553785, 44.194684944786616, 51.776346629974434, 2.784465926816508, 72.5182074341838, 68.9807019371343, 47.129919783097755, 83.66678989711971, 74.04462589861193, 72.8105848381844, 71.22008535615099, 36.80704006819186, 34.45951374082835, 49.5916560871913, 30.73170414992944, 39.98854263628683, 47.63180728697244, 94.66170517585456, 87.303092438829, 76.0649818246268, 79.5288764448435, 66.6913957348564, 78.93166399450193, 66.16737730975562, 58.78300669831179, 92.88305938173242, 43.40222096284347, 67.61668356950531, 7.358354744553066, 63.70791866479499, 27.08056570984677, 76.22866897321329, 78.44364838437548, 13.562510878507611, 62.73430289545445, 70.91255035367006, 95.06959489475693, 60.29828369834044, 72.98376865874877, 63.036966427434876, 105.02767684720669, 79.03611265924887, 79.9077356232352, 18.76449521215106, 38.73710385554671, 4.188790825989126, 35.321502819599075, 78.44345599658966, 37.24156080156209, 56.131650924836904, 59.36056492320538, 9.164932881235515, 72.46820785504465, 33.21971307854083, 72.90119170391206, 38.8456095614939, 26.116956365784546, 97.97273796419779, 51.269356681735225, 73.28011681695645, 80.99752422544802, 40.6982692706128, 68.60378186499854, 0.8070140946755764], [72.84756091102078, 58.65024413234663, 0.0, 34.291486024505126, 64.9056194348947, 47.361857982519126, 47.080619369980894, 27.39830225685185, 18.31614586956686, 88.98662368549802, 57.7898561473438, 90.33090629707314, 27.740173320400235, 22.37666047970686, 49.28848940596867, 58.29218509453191, 19.82993607060593, 63.75386681698163, 32.49278978781964, 71.72352104113732, 59.470666103394294, 58.181986232621874, 74.95084478247944, 67.74276660251759, 60.425470898439194, 57.83473328557211, 68.09457121251643, 22.60212644506463, 26.22157125782575, 92.36157522519572, 56.8991482448062, 72.4071578801385, 67.91533913739674, 16.636147058926337, 9.872761679264071, 58.1474704491653, 22.94311183290711, 33.15562016673698, 17.927399101411005, 67.24140658383071, 46.30909665698401, 7.026492921705703, 70.34079559841892, 64.98724735487767, 13.44446442009851, 91.84479844211673, 91.78928652171535, 78.37537728910634, 79.95741951992112, 44.85505598312166, 47.586133586333524, 24.532928475839714, 57.61099001933294, 28.61990803293376, 62.285936028697364, 21.6198801520161, 42.47311655230005, 31.191720711422896, 54.67664357098966, 98.17242913509817, 43.05506334977591, 58.970447910972595, 51.24484871261782, 33.103316870083816, 80.56148461317687, 13.340116629472142, 18.150119744946597, 23.802525798353802, 52.55047086062953, 77.37921728981101, 59.382940138123004], [83.48971282593044, 77.46115996071033, 34.291486024505126, 0.0, 75.35968241703813, 28.269341874316876, 57.88212563190725, 40.16709587700278, 50.02957831036364, 87.50006667967361, 77.76600644111268, 77.14482839363538, 8.619318561387121, 30.559598646309173, 16.284158117143537, 34.16858965709725, 16.83160535632634, 42.985975468695656, 40.9694652322988, 74.8863246594363, 51.99603633201369, 61.992680445416454, 75.75733115735761, 62.60378992143428, 26.414860657168408, 25.624898231977724, 45.53250644033209, 43.09051788693413, 10.941796615219976, 76.27430899224886, 37.901287374128664, 61.60965011434795, 36.20585551156381, 38.128689708720835, 36.75180123382134, 73.81761431824741, 14.394174443128305, 51.00355926253877, 28.749316586503273, 42.971501674584644, 68.76477512443189, 27.47895267211191, 51.60080112283563, 31.725105165016764, 22.08851269490241, 78.95022089449228, 84.66598139281318, 45.20377717436483, 59.44252883246861, 12.550859420881654, 73.39878684016202, 55.050100808201975, 78.16886115037921, 42.26562849505584, 36.47943357721716, 48.01165739659239, 30.318105895248387, 19.47925649984917, 77.16535944613561, 88.04113257077029, 48.21870671927111, 35.80568800149188, 50.66569309801542, 57.52620433770571, 50.48138348479875, 47.10103501515997, 20.31304337381485, 24.686382327517066, 50.657712530359674, 62.11151275317095, 77.98761869538085], [8.250560519189978, 18.670009797364596, 64.9056194348947, 75.35968241703813, 0.0, 56.14930710741028, 18.343337377055395, 38.76457817645241, 54.4900173853286, 33.268468707800174, 21.43013769563706, 54.676581724389244, 67.55338799779248, 47.63090064181529, 77.92364350001563, 63.8661565937216, 74.84269362662555, 59.04814132874513, 35.49141696838754, 15.879965061199337, 35.96528843629627, 16.52149916014633, 21.40732627052771, 31.255849569678546, 87.82892298469058, 79.64868829719785, 63.46495556584567, 87.2507301407168, 65.46029264769811, 61.47820814626131, 55.24880231070297, 42.60658334646783, 83.3918022763042, 48.315681262356115, 74.64021880518806, 11.934658843078036, 63.22439354785612, 31.958790671087364, 81.01329356212023, 66.46164821472726, 28.400202228122296, 67.22818959243709, 56.92757104224712, 86.9156592295653, 62.587803983228625, 54.9912852033755, 44.411117495236326, 95.1724369123561, 63.968384188574255, 74.82391669740477, 35.91381137711611, 50.383285108836034, 22.844798347815463, 37.03150179605502, 67.83735485318608, 45.7419559384414, 48.81216875763213, 55.97632337103685, 27.510928316283948, 53.88560003717508, 27.15645883345722, 62.347217965917636, 27.867165077348748, 36.9644976545025, 86.03348300635919, 60.98405049429214, 76.17879045835674, 84.49173184954425, 29.128667808148094, 52.60407630083787, 18.205984541303234], [63.51169782456148, 64.35678256132553, 47.361857982519126, 28.269341874316876, 56.14930710741028, 0.0, 42.150841472257966, 33.648336146818394, 55.25905233537081, 60.9675533429623, 65.61217708734723, 48.94963655133454, 25.4423541652814, 28.63547061743911, 22.955720007686214, 11.740419074671134, 39.568273205055, 16.62190108708864, 30.33442088856532, 51.18725916333873, 25.372074528919978, 40.29549328413806, 50.779374854614254, 35.985764452937474, 31.764120172556762, 23.504533087035504, 20.74015741526044, 64.8181807658636, 25.08257117295485, 48.571745020340934, 10.216867214547907, 33.48491258056846, 28.633163848649083, 39.86997738160833, 54.552386764564034, 58.68947548579675, 26.52397814709215, 43.225127231244656, 51.561645024260734, 20.077498687958812, 60.2665114912575, 43.06920026884548, 24.321746944434725, 30.940549580586065, 34.69661199371357, 50.74037128589478, 56.725546208994764, 40.82561091809476, 33.306212973237386, 21.1401684978487, 67.3653703676698, 57.649805538613464, 66.46611567133913, 35.16150471867627, 16.301574822348698, 48.62562731176899, 8.400692114011289, 16.228060975162997, 67.34188772147604, 59.78075025657594, 31.156290356919584, 11.874302013346487, 28.407291402524674, 53.348079400425256, 36.49677456075835, 56.036833382165526, 42.91961090986717, 50.07002021903283, 27.49268005912741, 34.03829900146165, 64.63801931754327], [26.571443009583515, 22.283211088589717, 47.080619369980894, 57.88212563190725, 18.343337377055395, 42.150841472257966, 0.0, 20.447039745443814, 38.872783325125525, 44.35126749070766, 23.780471468603714, 56.496050530181385, 49.801636800205685, 29.3314215831644, 62.22501040701446, 51.77456872949928, 56.5234957929762, 49.33261888025723, 17.289049245306902, 25.81163877895671, 29.058672533241406, 14.150617176354148, 30.14129287940394, 30.320357714964413, 72.89770702120431, 65.29285341892505, 54.27697615775386, 69.61113677325504, 47.63582671360207, 61.74991471016753, 44.0106551333731, 40.29367392377876, 70.61822045050228, 30.44700939098351, 56.911457617147356, 16.662552836056697, 45.197193515550666, 15.241299371316037, 62.773831131721316, 56.44005608913488, 21.867494288317857, 49.01533875910702, 49.88826348957751, 72.97933524227741, 44.24491814170484, 57.38352496858805, 51.25872737915067, 82.75273645563769, 58.655424780545424, 58.71245130295853, 30.334935746484607, 36.04067938941673, 24.7868165430152, 18.776368496945917, 56.19630943016649, 29.568303196618448, 34.017473825120064, 38.823072940972835, 26.718362938318634, 59.73092813692902, 11.000967796184304, 50.663155818286434, 17.415047689664377, 23.637415525360293, 75.86952182802591, 44.71536291179557, 57.83545486720275, 66.15278319030031, 19.43914794687573, 49.450605021364375, 22.52167362950492], [46.96001440743727, 37.411453092553785, 27.39830225685185, 40.16709587700278, 38.76457817645241, 33.648336146818394, 20.447039745443814, 0.0, 24.710844976718583, 61.686456119567794, 37.611533544422265, 66.11852121795255, 31.621966423298737, 9.720482295825592, 48.22279801163257, 45.23723862009438, 36.35450473377626, 46.802453966822064, 5.669607532891472, 44.336093824687545, 34.97913752821307, 30.78837605115166, 47.58559155764636, 41.65386244568839, 59.80565895540378, 53.625332685716195, 51.823818760272985, 49.979928275808874, 29.318571280972265, 69.45690560352874, 40.05051121652153, 48.18983511244861, 61.28492099157737, 11.345716545192282, 37.26086762746534, 34.47406321250511, 26.297008261448784, 10.977944464249966, 42.361640415490236, 52.53829260324303, 28.98273574204945, 28.64647632425881, 50.89304836937586, 61.603473928994156, 23.923420430991584, 67.43829611168766, 65.40564958194524, 73.33418577099238, 60.67555663715642, 44.06654059655211, 34.79899206105491, 25.18901308391436, 38.00176531892062, 2.098938054202189, 49.86459975042044, 16.15217687045515, 25.656695848575342, 23.254848754472565, 37.177223466505815, 72.50423405009373, 15.858841253487475, 44.936297994178666, 24.9005959843107, 19.84373830329167, 70.13398012416526, 28.428058147047363, 37.473855304789005, 45.74028958672321, 26.53009239463024, 55.02117491199181, 37.974088874824254], [61.69326319570158, 44.194684944786616, 18.31614586956686, 50.02957831036364, 54.4900173853286, 55.25905233537081, 38.872783325125525, 24.710844976718583, 0.0, 83.15995004600367, 42.78514791730132, 90.66644746982865, 42.20277519326537, 26.626377058331645, 63.26536115099777, 66.9584199426179, 37.63112969710108, 70.18521845008256, 30.275663042123703, 64.6836479323457, 59.62668651175435, 52.30853249472794, 68.90471856534329, 65.60973408599673, 74.92105625421387, 70.823447357223, 75.04455744864225, 35.77568112872939, 40.17516975540058, 94.15973660965905, 63.25141700346065, 72.81094858160805, 80.09332241333945, 15.415015614879795, 24.918632586391418, 45.45249681091959, 36.488130463569675, 23.649667433555447, 35.74327567719651, 75.15560924349504, 30.867235574435515, 24.85399908502647, 75.10369878913393, 78.50877040548718, 27.95004505959727, 91.93421176609445, 88.78376452250576, 91.45445764399716, 84.92766619318543, 58.74895802212137, 30.333571291622004, 6.390828112904005, 42.3200512813923, 24.546467643391978, 71.41124244294795, 9.42150470856317, 48.30259577634269, 40.744984805630935, 38.60078829836278, 96.4274290090614, 39.31874974411969, 67.09587946938775, 49.02233598925733, 18.21179466476185, 91.10698734529865, 7.1286152455564515, 36.347367372367486, 42.0134450942761, 50.81551475649997, 79.72029792716408, 44.98361384269532], [31.372048233516892, 51.776346629974434, 88.98662368549802, 87.50006667967361, 33.268468707800174, 60.9675533429623, 44.35126749070766, 61.686456119567794, 83.15995004600367, 0.0, 54.55907637775673, 30.36671142198491, 81.70739997700286, 67.66311452074358, 83.62696734695638, 62.89546876638799, 92.96584678881628, 54.335019438286714, 56.498130966958705, 18.780609421009856, 35.708412195349894, 31.076332344755848, 14.266968435069856, 25.0282823913169, 90.35052464053909, 81.5021892596495, 56.68864260707996, 111.44121365340715, 80.19181473065936, 38.22187550909511, 54.5209719168365, 30.385240015794697, 80.97054146539193, 72.92926118789902, 98.79171374727576, 45.1980171533917, 79.33250447414987, 59.515273263500255, 102.1196812639191, 60.71120859226667, 61.19617446439754, 89.14463229260618, 47.693516946228826, 86.91283758505048, 82.39479213536625, 29.67211962082355, 14.616025169133522, 90.73416878364894, 49.805108759799936, 82.1077196336732, 69.05373355219454, 80.33671964231043, 55.964697480638314, 60.729410934022575, 65.15837868659445, 73.78685269487619, 57.18550028930558, 69.11843101481512, 60.753986179768596, 23.701665918996753, 45.93194528017256, 60.830808661719495, 38.617065283647854, 67.49995233368821, 77.63579906501562, 88.71934362244104, 95.30691113051758, 103.71115425113689, 37.894594503641926, 37.61008107053402, 51.23809817598541], [24.504326777580616, 2.784465926816508, 57.7898561473438, 77.76600644111268, 21.43013769563706, 65.61217708734723, 23.780471468603714, 37.611533544422265, 42.78514791730132, 54.55907637775673, 0.0, 75.0904766269369, 69.2333345817344, 47.29575714584864, 84.47640627132054, 75.52479140234084, 72.51895223014797, 72.98734381222499, 37.42458403480176, 37.1881122500863, 51.654764630519296, 33.04109972371104, 42.714076871770196, 50.042534413003075, 95.59116026214298, 88.37517694917959, 77.87497820620759, 78.32326133801756, 66.92985620150738, 81.4358665780389, 67.78473623622637, 61.132900854105316, 94.20241542547878, 42.9224892462448, 66.57545726543641, 9.92328829774437, 63.855960317392494, 26.99583440714785, 75.49540113584239, 80.15985081305789, 11.927060636032323, 62.12449311494066, 72.93008408013628, 96.18962939277831, 60.0509881952448, 75.58115017998688, 65.76850007331674, 106.37062067089272, 81.18567327003834, 80.6377019688888, 16.27523793820094, 37.14477697017896, 1.4152179873863773, 35.5128761317646, 79.96666937000559, 36.244626023113554, 57.32365830076098, 59.970605196722275, 6.447159684259418, 75.18491093300553, 34.5751935276975, 74.43831790752618, 40.69331814859089, 24.919530084260987, 99.63356625068734, 49.89546339672326, 72.85312374276072, 80.44172840375377, 42.591794403926535, 70.90649296944224, 3.397084995901635], [56.54730656524373, 72.5182074341838, 90.33090629707314, 77.14482839363538, 54.676581724389244, 48.94963655133454, 56.496050530181385, 66.11852121795255, 90.66644746982865, 30.36671142198491, 75.0904766269369, 0.0, 74.00979867125002, 68.03281605653409, 68.08010543539845, 45.14982754753037, 87.6355961284498, 35.44426404593898, 60.46814098806599, 39.242531927534465, 31.202108715433216, 43.02391115098017, 34.049951825636334, 26.178673221866877, 71.3980018591537, 62.998037850557154, 35.255221502472075, 110.97206350972763, 73.26434428387263, 7.855278375063155, 39.32386259113454, 18.00740243608872, 59.13771752242886, 76.94556431618066, 99.26033007819018, 65.17862419722655, 73.83994728328169, 69.01426399882021, 98.9412583173178, 39.257397784678815, 77.77732104034739, 88.1218019485818, 26.684937114122175, 66.31763537829151, 80.05361447625026, 1.8590139628304745, 16.53384188841183, 66.59103366139006, 23.52914413702169, 68.13496303052102, 86.29511340078761, 89.92201401067949, 76.46804158471147, 66.12284663934065, 45.437258547207655, 81.55831527566068, 49.55466262460628, 62.71883123194737, 80.32527412871558, 12.668191687366908, 51.69573026533228, 43.08847217591813, 41.81597329724181, 79.32766208978985, 51.872433574432314, 94.45618376803407, 90.73149588126529, 98.43153228605175, 39.92411011394553, 15.170642456702566, 72.22879755421157], [75.74283093997302, 68.9807019371343, 27.740173320400235, 8.619318561387121, 67.55338799779248, 25.4423541652814, 49.801636800205685, 31.621966423298737, 42.20277519326537, 81.70739997700286, 69.2333345817344, 74.00979867125002, 0.0, 21.973315729903096, 21.572047618528785, 33.92877724710659, 14.301450551091289, 41.608685981114526, 32.70089037533802, 68.08122662340374, 46.781623125338996, 54.855978433391584, 69.37017575300462, 57.15165117812092, 32.92762659223932, 30.150432591984043, 44.96515131233429, 40.51014201029398, 2.322963464170246, 73.99089260607043, 35.62897739432837, 57.51996587349461, 40.39631797184649, 29.669030448427545, 32.04556211845165, 65.51084629930604, 5.883900602791812, 42.41543960850891, 26.60801990865143, 43.08099927116865, 60.1489919393792, 21.453529914921305, 49.71912874821257, 37.25047301572137, 14.624450012704768, 75.75883182284217, 80.06081518727959, 50.63795949074386, 58.38391666486288, 17.117715938352635, 64.80622549339994, 46.94412901708805, 69.61511649894086, 33.72077427760329, 37.14353732311292, 39.614915719806895, 25.154797674225282, 12.601291821106871, 68.55863501560005, 84.22308972111571, 40.535591353598015, 35.18356191355053, 43.95029244969324, 48.94256244951367, 53.69643752819418, 39.89537719337013, 17.798796498667226, 24.628142027064925, 44.18654761997692, 59.32686995060683, 69.520177244425], [55.87725369946633, 47.129919783097755, 22.37666047970686, 30.559598646309173, 47.63090064181529, 28.63547061743911, 29.3314215831644, 9.720482295825592, 26.626377058331645, 67.66311452074358, 47.29575714584864, 68.03281605653409, 21.973315729903096, 0.0, 39.72642785431366, 40.347627554653265, 27.217915745651382, 43.80389524710679, 12.211134401769272, 51.38824664418203, 37.095751157505845, 37.652756440702795, 53.9674191552986, 45.52174697563657, 51.46154115882952, 45.97845466768081, 48.57115079337346, 44.10320007765208, 19.65871884038543, 70.34179306734617, 36.841781761288715, 50.07305507114354, 54.46363931074967, 11.238944029844701, 31.728866999291153, 44.091090834891986, 16.578141163115962, 20.444392458813198, 34.621785180141345, 48.5494315799347, 38.267015740862405, 21.491811523095123, 49.36082049767982, 53.9089093751578, 15.18806540075692, 69.52291669353325, 69.58607598715736, 66.24309911978366, 59.15489657116882, 35.40099878286602, 43.40993596959325, 29.271677329754443, 47.65394413195461, 11.80844438413148, 44.82875278759819, 20.48056386660649, 21.868736728720275, 15.109375000614676, 46.61946022055394, 75.81153111398851, 22.236866339221063, 40.47006536515065, 29.288568138259222, 27.7683761241587, 64.695521785962, 27.945664417668677, 28.731657948740857, 37.155291615880785, 30.42959965841947, 55.44004112473331, 47.69435302072313], [85.61082713995273, 83.66678989711971, 49.28848940596867, 16.284158117143537, 77.92364350001563, 22.955720007686214, 62.22501040701446, 48.22279801163257, 63.26536115099777, 83.62696734695638, 84.47640627132054, 68.08010543539845, 21.572047618528785, 39.72642785431366, 0.0, 22.948759259188044, 33.0817558804496, 32.64201233469957, 47.13827043483941, 74.06474949006581, 48.24609565319879, 62.66305623768475, 73.73447117577037, 58.770902111737456, 11.775013356908474, 9.396377773276559, 33.711597235853795, 59.35052258957324, 23.305457919956567, 65.81113691319305, 29.68053354725947, 54.90288571489266, 19.97254000702948, 49.551589755762876, 52.77706793896931, 78.85183124457488, 26.905014590253973, 59.11108526752832, 45.01125030766092, 30.34131596172285, 77.0980876115196, 42.82895012052279, 41.45321525346958, 15.723269471145517, 36.16553667077877, 69.93621314679524, 78.19999032623619, 29.18609694023744, 47.642392595757265, 4.518228018253512, 82.94390374320228, 67.5422474073763, 85.11823000356506, 50.20435419752339, 23.588082199388126, 59.52464987153253, 29.177397068132702, 24.96859958662224, 85.03412834964662, 79.94700227829695, 51.460197130726485, 24.99315991533413, 50.73199933016202, 67.46886632621926, 34.50611647467537, 61.393371032533864, 36.58913085110495, 40.579214160079516, 50.06214929667004, 52.95220408509777, 84.07031816117741], [70.61870933466014, 74.04462589861193, 58.29218509453191, 34.16858965709725, 63.8661565937216, 11.740419074671134, 51.77456872949928, 45.23723862009438, 66.9584199426179, 62.89546876638799, 75.52479140234084, 45.14982754753037, 33.92877724710659, 40.347627554653265, 22.948759259188044, 0.0, 48.19715301690951, 9.706685023864626, 41.61332804421964, 56.389528708461924, 29.433566358588266, 47.439905986515406, 54.87935998588301, 38.98471201556939, 27.51727734773602, 18.691763445551477, 11.366622463986216, 74.33779949748995, 34.18424225107341, 42.97416971387196, 8.865813697802036, 33.00915602367613, 19.574700999429584, 51.586198964419204, 64.85363576556331, 67.91529260610014, 36.36456773167209, 54.47248518762508, 60.53674460595529, 9.167199962408022, 71.05623850564965, 53.481729315435345, 18.50446084835124, 24.244667307387058, 45.22714188789359, 47.00740806967343, 55.974476385432496, 31.332406049801573, 25.341386421077384, 23.440867355339297, 78.43428659501244, 69.38940598623324, 76.47434986704783, 46.67158197022148, 4.641158888034948, 60.359552707428655, 19.62781707083406, 27.17115829325763, 77.75812042155691, 57.13654872192539, 40.98263996428732, 2.1229344278761415, 36.158898935215966, 64.80508525934673, 24.952653132010727, 67.54389592641428, 51.72265275242627, 58.0441737658253, 34.75089043254505, 30.05737532844082, 74.25150388170849], [83.08597565916675, 72.8105848381844, 19.82993607060593, 16.83160535632634, 74.84269362662555, 39.568273205055, 56.5234957929762, 36.35450473377626, 37.63112969710108, 92.96584678881628, 72.51895223014797, 87.6355961284498, 14.301450551091289, 27.217915745651382, 33.0817558804496, 48.19715301690951, 0.0, 55.87854095291452, 39.41018458117724, 77.87724393342255, 59.16183814940486, 64.22747142589449, 79.88760189360556, 69.11038752809424, 43.04158782319982, 42.356070923643244, 59.26589160019228, 26.586284784367646, 14.500033700817422, 87.9747416574782, 49.7834029649265, 70.68371861267444, 52.90944787667677, 29.757560897792402, 20.156074470032376, 70.66945786051633, 13.94893291932411, 45.76817146909405, 12.401282889190224, 57.33422230396579, 61.998914385700516, 12.870056588194771, 63.8884064743903, 48.547941600301755, 12.53758573016935, 89.34803156371296, 92.63897108328219, 62.01716810345321, 72.65857479708677, 29.122922950920756, 64.92711658136642, 43.49227845859801, 72.62682420323853, 38.28686338710177, 51.28626702991601, 38.37187431425643, 38.188059507907234, 25.00434029487737, 70.58084735481081, 97.3965308495016, 49.00871587470574, 49.47995921505115, 54.4412470451322, 49.36273016693585, 66.9146798673221, 33.1700466305463, 3.5945998537279613, 10.906286222711493, 55.07136486826654, 73.18095095137257, 73.45551278172027], [65.14271042975456, 71.22008535615099, 63.75386681698163, 42.985975468695656, 59.04814132874513, 16.62190108708864, 49.33261888025723, 46.802453966822064, 70.18521845008256, 54.335019438286714, 72.98734381222499, 35.44426404593898, 41.608685981114526, 43.80389524710679, 32.64201233469957, 9.706685023864626, 55.87854095291452, 0.0, 42.31494024522451, 49.73008552672377, 23.24014686427798, 42.54964621626985, 47.54645635764065, 31.472740886093945, 36.72846637112377, 28.02053812803842, 5.090298629717822, 81.41090819914176, 41.483238638126345, 33.480841053148254, 6.964536743248117, 24.044877344304055, 26.695865648237074, 54.816157721128796, 71.15117004849989, 64.60537461550602, 43.11458830551804, 54.727084190297305, 68.02059786429311, 7.414874820276481, 70.01212402456777, 59.66155970446252, 8.839127722787588, 32.65902021125881, 51.28063365052994, 37.301586892214075, 46.591564477050824, 37.242863436935416, 16.78078167285553, 32.92184731657116, 77.88396593953975, 71.80727972864713, 74.06091790485748, 47.89244702455109, 10.860031368357134, 62.69353954346027, 21.936240450256264, 32.78594436903477, 75.95916882045327, 47.45629286694626, 39.22675881929404, 7.650314707833597, 32.40446667704027, 65.48838032836869, 27.013756673357076, 71.68730883457957, 59.30361643923787, 66.14302865209613, 30.642267814628134, 20.356426544270096, 71.3260022569618], [43.74195714486309, 36.80704006819186, 32.49278978781964, 40.9694652322988, 35.49141696838754, 30.33442088856532, 17.289049245306902, 5.669607532891472, 30.275663042123703, 56.498130966958705, 37.42458403480176, 60.46814098806599, 32.70089037533802, 12.211134401769272, 47.13827043483941, 41.61332804421964, 39.41018458117724, 42.31494024522451, 0.0, 39.560046225740194, 29.358063863950722, 25.868545616092366, 42.514245674518186, 36.016371945950745, 58.43758429852195, 51.671902056506255, 47.38450013998026, 54.96255958983483, 30.488194922922442, 63.89114030613078, 35.737177782318255, 42.55804428244251, 58.62643677922824, 16.897915234088735, 42.29513814451506, 32.84817858605635, 27.933134839953095, 12.891253753133878, 46.53175826269007, 48.39760849305138, 30.306975042560452, 33.03766394562328, 45.87866189529535, 59.61301608098864, 27.36044708544685, 61.779518834641934, 59.82872073380236, 70.78431060684805, 55.60418522912384, 43.22983269776168, 37.06864833201522, 30.35363203494387, 38.0140615217741, 5.860851725331941, 46.253688759463124, 21.46966919931478, 22.02877097265092, 22.55954338259405, 37.962485895301356, 66.85400740545856, 10.568789163892506, 41.10623877672698, 19.264143791098533, 23.28286315096651, 66.56368891880304, 34.097014212870455, 40.93219047752363, 49.34090884933125, 20.86767273075848, 49.54843229257491, 37.27632710926886], [17.564937373503717, 34.45951374082835, 71.72352104113732, 74.8863246594363, 15.879965061199337, 51.18725916333873, 25.81163877895671, 44.336093824687545, 64.6836479323457, 18.780609421009856, 37.1881122500863, 39.242531927534465, 68.08122662340374, 51.38824664418203, 74.06474949006581, 56.389528708461924, 77.87724393342255, 49.73008552672377, 39.560046225740194, 0.0, 26.95713529149103, 13.73555152893702, 5.531615817950942, 18.72495691762994, 82.59405523804323, 73.93358959061223, 53.471653524482925, 94.31488691049393, 66.28457607516528, 46.358060874803336, 47.524686488325244, 29.4306996993433, 75.79418026658364, 55.31824154742112, 81.59215083741569, 27.412355262096533, 64.82864031737154, 41.04915360300265, 85.99432506382308, 56.99276623689073, 42.70467283111804, 72.59335284127009, 45.70627292728851, 80.47824210209987, 66.50200050299428, 39.42115291430935, 28.580543414869755, 86.9122713864555, 51.299426303353684, 71.71087300875904, 50.77216364953215, 61.65214452883108, 38.60220521998143, 43.13945983206619, 59.72691587004216, 55.37212733570695, 45.42417750578068, 55.61597984196347, 43.07206729538719, 38.01783898676387, 29.156615587490297, 54.56597067804753, 24.22104691469138, 48.73489308891929, 75.9929788367382, 70.46363132905564, 79.85413895537336, 88.31658979503143, 24.34620662712026, 39.226983664747316, 34.03518747940626], [41.90258288625857, 49.5916560871913, 59.470666103394294, 51.99603633201369, 35.96528843629627, 25.372074528919978, 29.058672533241406, 34.97913752821307, 59.62668651175435, 35.708412195349894, 51.654764630519296, 31.202108715433216, 46.781623125338996, 37.095751157505845, 48.24609565319879, 29.433566358588266, 59.16183814940486, 23.24014686427798, 29.358063863950722, 26.95713529149103, 0.0, 19.60625739750873, 25.69874537221623, 10.680953425561299, 55.97291351740102, 47.216928325233106, 27.512006154678083, 80.73606452523526, 45.507847325060126, 34.621076188479115, 20.570230141458968, 13.218877146249186, 48.85932932318194, 45.74351048986903, 68.66973927939156, 42.58539180794735, 45.228487197848956, 38.96425294629794, 69.57241031468782, 30.641112503893872, 50.86898427408023, 57.82603275988264, 21.350111218985255, 53.56680242178918, 50.090437507104006, 32.592853331956654, 33.47757449930688, 60.1288419845487, 29.645308442469343, 46.48265726897358, 59.257219007956486, 59.27548461875084, 52.85501105170711, 35.099219665783686, 32.828321589446865, 50.664684937992625, 21.74888432083557, 34.40267811475325, 55.50370856458965, 38.83998012229663, 21.462975284152208, 27.613237849506085, 11.90331552062065, 49.710274860297886, 50.12061974884068, 63.26115857538508, 61.90781305100258, 70.06489205905524, 9.821300716549322, 20.843627450029018, 49.584340300317315], [23.28522610430005, 30.73170414992944, 58.181986232621874, 61.992680445416454, 16.52149916014633, 40.29549328413806, 14.150617176354148, 30.78837605115166, 52.30853249472794, 31.076332344755848, 33.04109972371104, 43.02391115098017, 54.855978433391584, 37.652756440702795, 62.66305623768475, 47.439905986515406, 64.22747142589449, 42.54964621626985, 25.868545616092366, 13.73555152893702, 19.60625739750873, 0.0, 16.854315744721887, 17.168801769192143, 72.05923811925739, 63.688280260404795, 47.02618406069491, 80.74308820274285, 52.97555831707596, 48.81865995498447, 38.766160605443126, 28.09981185041448, 66.99814436824664, 41.92845377188529, 68.0361043901909, 23.481311687430527, 51.346362063606826, 28.776670016861416, 72.26018221536327, 49.96001803455825, 34.76028052341593, 58.883165789738186, 40.83566474170853, 70.77378084445786, 52.77334487020557, 43.77366688092638, 37.11304660144194, 78.70881350537947, 48.47438866385815, 59.90044016864094, 43.273023043391206, 49.94819558288189, 34.3401622037703, 29.71759553568168, 51.350126338806874, 42.89572634267288, 33.52388547240744, 42.55900193839022, 37.68941237215912, 45.61229142695064, 15.422338526610131, 45.879218564600414, 11.936531489428596, 37.78042368478824, 69.5514810684692, 57.688029896950475, 66.15194050488074, 74.61374351864879, 12.856433518480328, 37.87446158072141, 30.617856326144107], [22.503291881703145, 39.98854263628683, 74.95084478247944, 75.75733115735761, 21.40732627052771, 50.779374854614254, 30.14129287940394, 47.58559155764636, 68.90471856534329, 14.266968435069856, 42.714076871770196, 34.049951825636334, 69.37017575300462, 53.9674191552986, 73.73447117577037, 54.87935998588301, 79.88760189360556, 47.54645635764065, 42.514245674518186, 5.531615817950942, 25.69874537221623, 16.854315744721887, 0.0, 16.073731992170956, 81.67023173404182, 72.90394830951865, 50.92741394913901, 97.47185797295971, 67.69546872823048, 41.33098964387311, 46.076586276259015, 25.77029684074769, 74.00864202455739, 58.77188642292655, 84.78659140866377, 32.920109371774885, 66.51634313859137, 45.26632240494754, 88.55847100467305, 54.63057258404927, 47.99534744370123, 75.37979856859533, 42.71675444814627, 79.1105919407101, 68.90545283549721, 34.138710844172294, 23.058498568838147, 84.78049418188553, 47.53058278852284, 71.68010243019175, 56.14209946482944, 66.16904307370669, 44.127788587225666, 46.56209816389489, 57.905447042505116, 59.525299387584546, 45.754354112218635, 56.79176872724333, 48.57168077970802, 32.486227357093235, 31.955447276254887, 52.95901897750938, 25.516283241831133, 53.46669582271477, 73.20275944144556, 74.45429564041864, 82.05254911086539, 90.49990557387757, 25.18646024524754, 35.24078741049077, 39.56640722706144], [35.56019711667148, 47.63180728697244, 67.74276660251759, 62.60378992143428, 31.255849569678546, 35.985764452937474, 30.320357714964413, 41.65386244568839, 65.60973408599673, 25.0282823913169, 50.042534413003075, 26.178673221866877, 57.15165117812092, 45.52174697563657, 58.770902111737456, 38.98471201556939, 69.11038752809424, 31.472740886093945, 36.016371945950745, 18.72495691762994, 10.680953425561299, 17.168801769192143, 16.073731992170956, 0.0, 66.07537551448117, 57.256274406094974, 34.92174017396301, 89.5916134247935, 55.775033086434455, 31.666381289949687, 30.266982246950278, 11.352922342454624, 57.97257674680813, 52.89875828733188, 77.24463355331251, 40.295128551400595, 55.252436174700534, 43.18084543560223, 79.07020303866175, 38.57673373623451, 51.74748601463199, 66.78988915346854, 26.983636214484903, 63.22834569835993, 59.39607965029056, 27.110112195631817, 24.064381917649946, 68.70809733204158, 32.92585601261524, 57.11910392830916, 60.27644952708149, 64.32623300334343, 51.37062531442793, 41.305632040928074, 41.87627817606283, 56.30620298738151, 32.30034267048856, 44.650674993040425, 54.84599911034816, 30.86913307064345, 26.291180320418974, 37.021903166333715, 16.75373155498051, 53.27500754170069, 57.336772967781535, 70.02457994427373, 71.70646775781974, 79.98079751438863, 15.231224350244648, 21.348512753407032, 47.451448650427835], [95.26696682617687, 94.66170517585456, 60.425470898439194, 26.414860657168408, 87.82892298469058, 31.764120172556762, 72.89770702120431, 59.80565895540378, 74.92105625421387, 90.35052464053909, 95.59116026214298, 71.3980018591537, 32.92762659223932, 51.46154115882952, 11.775013356908474, 27.51727734773602, 43.04158782319982, 36.72846637112377, 58.43758429852195, 82.59405523804323, 55.97291351740102, 72.05923811925739, 81.67023173404182, 66.07537551448117, 0.0, 8.848383911818253, 36.1437518166559, 68.48049702479213, 34.80971763727713, 67.90312187903224, 35.8730782439823, 60.51455568179103, 14.533115368052243, 61.32251218897453, 63.12223718150338, 89.56025974570561, 38.46541538270365, 70.63171292251565, 54.29517655240196, 32.16053163743283, 88.57350546902607, 53.76553161401239, 44.97345581463415, 7.039402464291437, 47.54668244134079, 73.24693291218766, 83.31932824512903, 19.4464758722568, 49.05876088391973, 16.238908855373953, 94.57894672389693, 79.28317047720972, 96.28568766944865, 61.757830159164044, 26.077609681905518, 71.29868446074552, 39.1287892315684, 36.58902525101146, 96.3969465223083, 83.79066208936388, 61.981692042166515, 29.617998818138474, 60.16664392294842, 79.17539571536645, 29.088490762861586, 72.82121790331894, 46.3748746061362, 49.020080148669244, 59.24396051912993, 56.72555037186506, 95.0314156095241], [86.95086541142732, 87.303092438829, 57.83473328557211, 25.624898231977724, 79.64868829719785, 23.504533087035504, 65.29285341892505, 53.625332685716195, 70.823447357223, 81.5021892596495, 88.37517694917959, 62.998037850557154, 30.150432591984043, 45.97845466768081, 9.396377773276559, 18.691763445551477, 42.356070923643244, 28.02053812803842, 51.671902056506255, 73.93358959061223, 47.216928325233106, 63.688280260404795, 72.90394830951865, 57.256274406094974, 8.848383911818253, 0.0, 27.795183722233787, 68.71385255893445, 31.62216900440067, 59.855295814047516, 27.031934330038098, 51.70009524089026, 10.584255415525318, 56.47259313407567, 61.85002903293556, 81.92675785742907, 35.042987630357054, 64.21375043725257, 54.37260741295734, 23.945452287716186, 81.97184384132599, 51.593537812508025, 36.42404959239996, 7.978161560763338, 44.50386770838411, 64.85334632440447, 74.58345466912775, 20.67138776536986, 41.157587793106764, 13.274578845983728, 88.38173888431788, 74.68245917164148, 89.137649583548, 55.48182568765817, 17.56105215329977, 66.29132184177809, 31.29395960928936, 30.869527443395338, 89.55091974457588, 75.28854234675549, 54.30779019454944, 20.800472891898213, 51.858573289725776, 73.32588145660691, 25.17391760524907, 69.49542681510741, 45.889738765178166, 49.97122639092928, 50.839204857215165, 48.17434316148487, 87.63381731522814], [69.31790514645877, 76.0649818246268, 68.09457121251643, 45.53250644033209, 63.46495556584567, 20.74015741526044, 54.27697615775386, 51.823818760272985, 75.04455744864225, 56.68864260707996, 77.87497820620759, 35.255221502472075, 44.96515131233429, 48.57115079337346, 33.711597235853795, 11.366622463986216, 59.26589160019228, 5.090298629717822, 47.38450013998026, 53.471653524482925, 27.512006154678083, 47.02618406069491, 50.92741394913901, 34.92174017396301, 36.1437518166559, 27.795183722233787, 0.0, 85.15170304264673, 45.0403673286337, 32.192050417498685, 11.817814450741272, 26.33047467407083, 24.558939539810222, 59.65128245982233, 75.2158278360414, 69.37547862735539, 46.93053213551237, 59.816129520556444, 71.53565791129779, 4.123265752433343, 75.06177656718013, 63.75126003214541, 9.160179631677803, 31.27955291509656, 55.39606624534744, 37.10536594139051, 47.82740017740802, 34.117916168039955, 14.026754825790647, 34.64603100513685, 82.95640482211384, 76.77670759651467, 78.9652833628114, 52.940514366355046, 10.295095693429099, 67.66310353502782, 26.743966003240057, 36.96218043044901, 80.9386847807398, 47.67330403924509, 44.26428259626816, 9.814157097008277, 37.22048113425687, 70.57211237451156, 22.637854163692445, 76.38022065489668, 62.75342991457717, 69.27968661752338, 35.40402229623005, 20.73431332127466, 76.15362804329851], [95.07817493396452, 79.5288764448435, 22.60212644506463, 43.09051788693413, 87.2507301407168, 64.8181807658636, 69.61113677325504, 49.979928275808874, 35.77568112872939, 111.44121365340715, 78.32326133801756, 110.97206350972763, 40.51014201029398, 44.10320007765208, 59.35052258957324, 74.33779949748995, 26.586284784367646, 81.41090819914176, 54.96255958983483, 94.31488691049393, 80.73606452523526, 80.74308820274285, 97.47185797295971, 89.5916134247935, 68.48049702479213, 68.71385255893445, 85.15170304264673, 0.0, 40.1572774470458