instance_id,num_cities,city_coordinates,distance_matrix,best_route,total_distance
81,61,"[[84.37421025800272, 20.597652586569914], [63.58136342919665, 4.478170148921934], [33.13995808029837, 48.72656607057097], [51.512495318845495, 2.9043354619172845], [85.07165306696685, 55.54119633818072], [81.15172341662728, 58.61273183868132], [2.670615168513013, 10.629082685356861], [23.33179682422314, 34.69651422636202], [40.6284561023992, 78.83221783117628], [10.17879802514331, 24.038445770012718], [70.30264999616416, 43.556455112242475], [75.01390050159407, 71.9928717155302], [48.72911512499552, 67.3680622949589], [24.797572481373408, 28.938228651406316], [73.90280489493952, 68.30915167576073], [45.86183531706596, 25.821499966921913], [4.829097477089006, 4.835443532434991], [79.20800098019703, 80.87961716946948], [99.48194620809019, 95.82729357960612], [95.75924935601535, 27.640749914924832], [3.48759952974117, 76.43858082023795], [1.9533491761136168, 53.08403337683472], [14.722270874649556, 82.00748916988626], [32.0482051731369, 49.458074437160434], [40.00079952906278, 68.25402268436413], [26.052297487358434, 0.6851353949516192], [9.37571146955719, 45.08272913421767], [35.93862883403247, 66.34121964519957], [60.9942601087068, 51.528101881220245], [40.617057077249555, 55.884407483385765], [77.59230024060855, 79.29981949256963], [95.81946743527324, 98.8266134103768], [9.672114784993246, 26.42882296616157], [52.19889556422521, 7.912133801047661], [97.14463344562708, 5.179937897212028], [13.541299885344005, 14.921854287127601], [79.7763203163408, 72.8081173084311], [32.263501960941355, 25.094743742280933], [43.504229437497145, 15.777898269692859], [9.61091120265155, 14.448237526706198], [25.44046030077405, 5.818793390707999], [77.6755575067325, 33.182542015537905], [22.974900518318485, 3.617239362143243], [22.822738774970432, 78.08525823377511], [39.617452256153854, 97.76105286383454], [59.7668499190684, 55.80561603196617], [53.44907093014842, 85.65052452975291], [77.99007570380626, 24.18362486769735], [45.147697405799526, 12.706408305302809], [4.161384267573642, 75.00018090157847], [86.99359481925279, 16.20112081017645], [21.45396135004882, 20.037007877661328], [79.94411193933189, 69.7685100141921], [42.94491571178565, 34.55993143690117], [67.75222146053903, 77.86795103949638], [49.18021635146099, 28.112425329954792], [90.01565711791456, 86.16069120773872], [49.428311120289095, 33.59845394479595], [41.10267533756375, 34.084423505138325], [43.14541767883983, 55.86801004028927], [89.311765413625, 92.29470823920613]]","[[0.0, 26.30931761380048, 58.44813401639969, 37.32218883741889, 34.950503235182666, 38.15141769301829, 82.30947598194669, 62.64945440591222, 72.83512611282292, 74.27515233330168, 26.9279672759639, 52.240635027244494, 58.80513609653242, 60.157634410447166, 48.84708257015402, 38.86504348440259, 81.09175174821749, 60.502933584050645, 76.73162691797093, 13.387469336657931, 98.28963862535551, 88.5921174728889, 92.85774436767201, 59.75729878044561, 65.116274391408, 61.62754132799016, 78.89419366508942, 66.62191437601744, 38.77260324704156, 56.212485495945245, 59.09262816074336, 79.0617747298059, 74.92933748575688, 34.585737848157194, 20.01973113289626, 71.05994566700045, 52.41252921190072, 52.30439511249695, 41.15319384863766, 75.01577294954943, 60.75855135824309, 14.256626200523401, 63.7040789100821, 84.22237496517843, 89.20402305493528, 42.954893467712346, 72.02944113696402, 7.3223200699709645, 40.01238616791922, 96.92126980408462, 5.117681813140857, 62.92274664323309, 49.370021179665684, 43.71877945793568, 59.63369514351999, 35.987345226876855, 65.80530340264438, 37.285878057239124, 45.32459292901274, 54.25690234844571, 71.86687164592617], [26.30931761380048, 0.0, 53.70846954861905, 12.17105308044748, 55.40094938103662, 56.91457036146603, 61.22052742918217, 50.330665907285166, 77.81619601013342, 56.87212299630842, 39.65208757164977, 68.4758193199608, 64.61987166367486, 45.852774204287954, 64.66008317818955, 27.740212764802596, 58.75335223438535, 77.98315784824227, 98.15046711767887, 39.64746453603059, 93.75265950141335, 78.48912078058189, 91.64063636350556, 54.93206585757362, 67.99560544969627, 37.72025852392408, 67.72726862025314, 67.75808194509038, 47.121005715124774, 56.30240317351739, 76.12217522402491, 99.70418294016845, 58.206857400872764, 11.88918336393329, 33.57060577601123, 51.118279488373034, 70.22291867615424, 37.49468700596416, 23.03855822146857, 54.8836219382007, 38.16445679068594, 31.97791848998651, 40.615588533864035, 84.13839135635665, 96.31181260008363, 51.468992745106114, 81.80228888615208, 24.411389454232093, 20.18672698136743, 92.21761178953571, 26.18320360207547, 44.90874566726879, 67.30949426736484, 36.479793538072606, 73.50820359581738, 27.676182090684996, 85.85339905528167, 32.37745848597317, 37.17286182302074, 55.304100415537874, 91.50845834371054], [58.44813401639969, 53.70846954861905, 0.0, 49.368278707429525, 52.37690454649445, 49.019035938146224, 48.78318457996187, 17.118480714606836, 31.023021621980114, 33.71525107504443, 37.52060390978516, 47.90352839057525, 24.30076539634298, 21.474955070869473, 45.222641888975105, 26.200920091476146, 52.22964163913074, 56.17902875268744, 81.36177186264106, 66.07410447991552, 40.58593511423092, 31.489555352016854, 38.037232343424485, 1.3141647159644456, 20.697649798676615, 48.561445551394506, 24.04198337481449, 17.83559863144444, 27.994834244698577, 10.35092764447781, 53.95122378911383, 80.24173251140061, 32.37173174983437, 45.04509939493682, 77.41387016478309, 39.07513201262827, 52.48686876384461, 23.64806972852173, 34.540307332423566, 41.576674406831, 43.59310980423047, 47.1702904389537, 46.24045578631373, 31.118769572848084, 49.46047741254608, 27.5518478028151, 42.1407020948078, 51.12620672150638, 37.968902659202506, 39.11598875789379, 62.91358183570684, 30.978270915009954, 51.31658818926465, 17.22877624786953, 45.24631580814354, 26.119584297601914, 68.08934473030732, 22.229939749027576, 16.667249473911596, 12.292658123883186, 71.08765681268987], [37.32218883741889, 12.17105308044748, 49.368278707429525, 0.0, 62.42480429821471, 63.10237134294553, 49.448973460381154, 42.48404875050424, 76.70401313324598, 46.42332550003445, 44.784648540118255, 72.97631045230025, 64.5237885008973, 37.302154050588165, 69.13115033673292, 23.603524893649997, 46.72332193275359, 82.74772257415958, 104.57410943420658, 50.691867620129834, 87.82753472557472, 70.52737801186873, 87.24006843876774, 50.45898535891702, 66.35586454887114, 25.5567314529006, 59.61984104253544, 65.3206214925268, 49.53962579924467, 54.08880296213273, 80.72438420350367, 105.66073625026199, 48.00019745329083, 5.054620609131242, 45.68884323842302, 39.82753370927516, 75.40147558194093, 29.37580577519312, 15.16116558158081, 43.46267854525207, 26.234425379684513, 40.015942012539924, 28.54649801586919, 80.46908275465101, 95.5996280627204, 53.5413845153191, 82.76884758378779, 33.96866822024382, 11.687227408626491, 86.25507896610723, 37.89080260901691, 34.598322624926496, 72.65792910764381, 32.79451443236694, 76.7024925645853, 25.315752407873628, 91.72848107649044, 30.764796979900677, 32.87190658336854, 53.62050739295153, 97.05371484369238], [34.950503235182666, 55.40094938103662, 52.37690454649445, 62.42480429821471, 0.0, 4.979977790557582, 93.84577241147623, 65.16372166487602, 50.176383275586296, 81.24877248103999, 19.019923079709937, 19.28253119763974, 38.218514131546556, 65.88385750836221, 16.963603773733812, 49.2003065069747, 94.92070951690167, 26.008036950492215, 42.785817502517, 29.87740994555344, 84.21792249726795, 83.15461557550992, 75.16315740503666, 53.37125067498767, 46.82945432463862, 80.57587576464509, 76.41501888094267, 50.30600932002326, 24.409542781194354, 44.45592084862467, 24.90808890488025, 44.599807676822294, 80.8246290216457, 57.871804741170706, 51.788157014722536, 82.2588741410199, 18.060650839123294, 60.95643771506988, 57.52365235688018, 85.92412249534102, 77.64146125357048, 23.550194323095347, 80.94506770111109, 66.20545338025188, 62.037090973034076, 25.306184622110713, 43.66416545804616, 32.14725534904809, 58.55545492485251, 83.21732798779719, 39.386995349331485, 72.85436224159058, 15.123099300447926, 47.06246356758308, 28.256798945783853, 45.17225596010074, 31.016070707339388, 41.85608401260494, 48.9250866425143, 41.927509120105384, 36.99728624873856], [38.15141769301829, 56.91457036146603, 49.019035938146224, 63.10237134294553, 4.979977790557582, 0.0, 91.98758034605305, 62.570994686282674, 45.287556874058524, 78.94642104480279, 18.55785178693114, 14.720768093423262, 33.58394467347768, 63.689610354004905, 12.106501451326675, 48.173032806198215, 93.3656251940714, 22.351560107615562, 41.48398092220382, 34.24388234933933, 79.68360578582558, 79.3911140432132, 70.42859387786213, 49.94960716590285, 42.265269737352604, 79.94718986607715, 73.04010449204424, 45.868872293857024, 21.366218866339345, 40.62638217996257, 20.99107164833747, 42.80536164616383, 78.39093340716276, 58.38507413735578, 55.774874626369176, 80.49883322945969, 14.261861811245426, 59.274899604559664, 57.02768424012657, 84.07490927778525, 76.75249034925332, 25.666676525686402, 80.05652325250043, 61.493493424379984, 57.076148432775206, 21.568326630939783, 38.71019488961503, 34.57397031119572, 58.34106983369077, 78.71506087830556, 42.81205684755182, 71.0767843594139, 11.220949700506559, 45.14750671036687, 23.458689629701176, 44.18649070863451, 28.93889054646107, 40.39912110771697, 46.963434305260265, 38.105285375978276, 34.65633880891455], [82.30947598194669, 61.22052742918217, 48.78318457996187, 49.448973460381154, 93.84577241147623, 91.98758034605305, 0.0, 31.719484365153583, 78.05424608617467, 15.368273427575666, 75.22169892968016, 94.86340462435028, 73.08007406523433, 28.71980267918377, 91.657052167083, 45.7852710025611, 6.182661280606014, 103.88988893145505, 128.96188955360253, 94.63028393080191, 65.81456911817784, 42.46100927580112, 72.38866843318753, 48.69017760227833, 68.65985999317084, 25.408367829787224, 35.10002948758555, 64.88915886248998, 71.23466382522903, 59.05909647216258, 101.63133861013416, 128.2790439027574, 17.281573707867455, 49.602745591310146, 94.6310377642909, 11.687586330706278, 99.05312772952311, 32.93925163878635, 41.1569478483243, 7.921720314659006, 23.272402764763353, 78.32240996622717, 21.480920612385784, 70.40201492478009, 94.64168742136731, 72.807274278796, 90.59066345903679, 76.52938487339647, 42.52784731354839, 64.38835824952491, 84.50687845402597, 21.00769264339644, 97.30706638252096, 46.84767663629798, 93.57713874176527, 49.68712380713229, 115.47372098932755, 52.094857200809024, 45.02417419353345, 60.702307917202035, 119.06285446308428], [62.64945440591222, 50.330665907285166, 17.118480714606836, 42.48404875050424, 65.16372166487602, 62.570994686282674, 31.719484365153583, 0.0, 47.403952945691444, 16.92914057561173, 47.799158990523445, 63.73427745317545, 41.381805543854476, 5.941914762081095, 60.722617315076114, 24.215047235019888, 35.12881190871882, 72.49158012027145, 97.65151015483725, 72.77032149347399, 46.21896028460504, 28.198207112367268, 48.0879640573726, 17.14291207356674, 37.46948124918244, 34.12000899577593, 17.396717464478304, 34.06346421561612, 41.252436093378236, 27.344232347716165, 70.23999623910922, 96.7839450113895, 15.96689175095938, 39.37908612998773, 79.49567993477763, 22.065606858243537, 68.10637651305052, 13.1137085936149, 27.655760109840006, 24.459260241186257, 28.954606236647496, 54.364845598723065, 31.08132399140727, 43.39173016414918, 65.13339087138668, 42.108280338474444, 59.18919973753238, 55.66011402023721, 30.97576918503604, 44.63059785684142, 66.29407289931312, 14.779289308206378, 66.59578899025028, 19.613594452726865, 61.943095510162166, 26.673788981917887, 84.233596243061, 26.119605563383377, 17.781416652981257, 28.99675510069429, 87.58372113926016], [72.83512611282292, 77.81619601013342, 31.023021621980114, 76.70401313324598, 50.176383275586296, 45.287556874058524, 78.05424608617467, 47.403952945691444, 0.0, 62.6860361939766, 46.09704132205535, 35.05902796455892, 14.03736224363234, 52.345267527193556, 34.89867058899066, 53.26841903499749, 82.20168297913632, 38.63383396750134, 61.25819045087388, 75.23277711339367, 37.21790866089723, 46.46216631254315, 26.10005327827717, 30.601650382639683, 10.596799768708122, 79.49484821839036, 45.99741334457593, 13.342395417959606, 34.06289360333291, 22.947813178948792, 36.966801657535534, 58.70113786395443, 60.8638715589009, 71.85773019084506, 92.83715118939301, 69.41360529650954, 39.60864879822775, 54.38463550713006, 63.11986444564446, 71.46597100336813, 74.57637269936205, 58.79099101508524, 77.2589218851605, 17.821378122481065, 18.955815056881974, 29.941651729677645, 14.520932160070107, 66.19939072324037, 66.28005904803088, 36.667858339915746, 77.925479801455, 61.84284891954619, 40.34689075108266, 44.33284705157831, 27.140900089145223, 51.435687559557294, 49.92796957796207, 46.081784293413456, 44.750307048425874, 23.101730130886608, 50.510427175770154], [74.27515233330168, 56.87212299630842, 33.71525107504443, 46.42332550003445, 81.24877248103999, 78.94642104480279, 15.368273427575666, 16.92914057561173, 62.6860361939766, 0.0, 63.2125799545992, 80.6425289837564, 57.99640175647148, 15.418055613044185, 77.59281186382582, 35.727558447868475, 19.93425671777776, 89.42007395810194, 114.58049984711332, 85.65623296146177, 52.82562153526179, 30.18781489597377, 58.146823973718654, 33.53249902080653, 53.332626182935165, 28.237299634541547, 21.059601381049845, 49.528714508230344, 57.77449592924657, 44.05284203740719, 87.16880007582209, 113.69957904943344, 2.443487476071324, 45.008294068030864, 88.98707686833609, 9.716926418660716, 84.98409245875929, 22.109950550330765, 34.33396312435458, 9.607007317221326, 23.767079505865137, 68.11333963815699, 24.099085255848472, 55.506100342018634, 79.38297777006744, 58.89081419955532, 75.28854339386604, 67.81143308751952, 36.75920288847472, 51.31576478967894, 77.2135782686336, 11.96414699047282, 83.4172512213274, 34.41395253227149, 78.81823852147892, 39.21361932950406, 101.1587734604571, 40.39700526657815, 32.514732917375646, 45.82487504649801, 104.50332001410256], [26.9279672759639, 39.65208757164977, 37.52060390978516, 44.784648540118255, 19.019923079709937, 18.55785178693114, 75.22169892968016, 47.799158990523445, 46.09704132205535, 63.2125799545992, 0.0, 28.824046741577618, 32.13113822231516, 47.79544564587096, 25.0131385967612, 30.197384922945805, 76.06643686430749, 38.37087048919851, 59.86377770826481, 30.022460307175017, 74.46801434110532, 69.01015628280878, 67.58446983881267, 38.706997550498315, 39.091840398094426, 61.61204226006261, 60.94605278945554, 41.23143758412669, 12.255336572541461, 32.143628242821165, 36.47913236236805, 60.87609030252885, 63.00331406302767, 39.97828868608117, 46.832137993655266, 63.57508341179564, 30.74752299902101, 42.28252085618078, 38.59797358274068, 67.31103541609569, 58.623776545648575, 12.727051429823549, 61.927835626402256, 58.707582257984356, 62.287396620467554, 16.156887896554128, 45.34262682576553, 20.84233829718918, 39.805741141371314, 73.2350662162258, 32.045310949734585, 54.21585359159592, 27.929010197004352, 28.799011500668495, 34.4061540786135, 26.166300063078797, 46.943834345555615, 23.127901131657744, 30.697848504885258, 29.817606407682, 52.31408784278217], [52.240635027244494, 68.4758193199608, 47.90352839057525, 72.97631045230025, 19.28253119763974, 14.720768093423262, 94.86340462435028, 63.73427745317545, 35.05902796455892, 80.6425289837564, 28.824046741577618, 0.0, 26.68855193655987, 66.14666952472746, 3.847639117501303, 54.60438145122751, 97.13921317241645, 9.826735143867882, 34.15794089651664, 48.96407057534506, 71.6643290637662, 75.46779662413685, 61.11769928449325, 48.51667819868779, 35.212160282926725, 86.49873888611769, 70.94031035421241, 39.481869598814775, 24.806392746974698, 37.98190960809038, 7.748524442145832, 33.95469494455153, 79.65947212396665, 68.02106601602746, 70.38279240021009, 83.88075856141276, 4.831694099240623, 63.4588920702206, 64.44363901956332, 87.11449898359723, 82.6833394069445, 38.901492380564356, 85.9260415647369, 52.545547250573726, 43.78250458897885, 22.237351416730643, 25.525934945449933, 47.90179227326759, 66.3842965696819, 70.91630958554329, 57.06340810913405, 74.61956090098896, 5.408767863310514, 49.29142728053603, 9.340692670149938, 50.920259345040606, 20.634432648830433, 46.13841891463577, 50.86277261264397, 35.715701889642816, 24.831300958200867], [58.80513609653242, 64.61987166367486, 24.30076539634298, 64.5237885008973, 38.218514131546556, 33.58394467347768, 73.08007406523433, 41.381805543854476, 14.03736224363234, 57.99640175647148, 32.13113822231516, 26.68855193655987, 0.0, 45.27218624248921, 25.191274399205, 41.645385515977914, 76.40379544751465, 33.33953506126492, 58.187436000069496, 61.56373018854974, 46.14183611076908, 48.908135951377126, 37.02402294583388, 24.47489370535661, 8.773164705726082, 70.43330744841083, 45.225285553029956, 12.831638452928704, 20.033425253317656, 14.059865347910236, 31.23219948772229, 56.63163178813973, 56.581539324937815, 59.5570886576027, 78.81259563270994, 63.15684504264411, 31.520202231951195, 45.366836767890945, 51.85406883361498, 65.80837128825375, 65.80785626480719, 44.79448987692486, 68.75643238721736, 28.035667004373515, 31.729422874600022, 15.985047793762822, 18.881906899708667, 52.16415867148424, 54.778855133748976, 45.21649995527189, 63.89230240944036, 54.62749056748053, 31.307158532383635, 33.31411732661122, 21.728466082562303, 39.25822876601434, 45.36233516020218, 33.77684596233387, 34.146203228508014, 12.783930500058961, 47.62655963303517], [60.157634410447166, 45.852774204287954, 21.474955070869473, 37.302154050588165, 65.88385750836221, 63.689610354004905, 28.71980267918377, 5.941914762081095, 52.345267527193556, 15.418055613044185, 47.79544564587096, 66.14666952472746, 45.27218624248921, 0.0, 62.93960144598935, 21.29359449467906, 31.299908058779288, 75.22235419481353, 100.25917756455432, 70.97353757516046, 52.06148675712522, 33.2397115549924, 54.017202023473466, 21.763174067722762, 42.152933149492156, 28.28094081530121, 22.326636399316246, 39.027001831230955, 42.66734779348037, 31.24664216398588, 72.96282006079876, 99.64183803533875, 15.332207519405825, 34.5388067446909, 76.14823444917334, 17.976718918527155, 70.33654700282551, 8.397170906951715, 22.872107691027143, 20.990343579572915, 23.12837200327672, 53.04804893938181, 25.386504912490057, 49.18669011976897, 70.4003548933792, 44.09883070072891, 63.53890829368479, 53.404575236664776, 26.03074290503306, 50.473316802965385, 63.48684202898354, 9.508494447622452, 68.61670853627726, 18.998147502607445, 65.10928967435366, 24.396624217732256, 86.76294591972952, 25.067727972110333, 17.097944339116452, 32.58614044410934, 90.42192541335909], [48.84708257015402, 64.66008317818955, 45.222641888975105, 69.13115033673292, 16.963603773733812, 12.106501451326675, 91.657052167083, 60.722617315076114, 34.89867058899066, 77.59281186382582, 25.0131385967612, 3.847639117501303, 25.191274399205, 62.93960144598935, 0.0, 50.90674339023097, 93.80878787145112, 13.644108920393226, 37.57047516545809, 46.16950363888324, 70.88292294225835, 73.54269783908924, 60.74520604154424, 45.903928273384125, 33.902050189238224, 82.84128582482354, 68.57997149318685, 38.01514725027981, 21.171541292617864, 35.52907648713667, 11.593409980034012, 37.5720051052725, 76.67818128270928, 64.17834096012672, 67.27168963744897, 80.58358895883069, 7.3985725088957315, 60.01097067928888, 60.69271763773917, 83.87160227104452, 79.079983068776, 35.32863383279136, 82.33283040796685, 52.007166950854625, 45.198450074731, 18.87229786421083, 26.8156380786217, 44.314420889301196, 62.598093237997254, 70.06165586984027, 53.727233890562296, 71.28170211253943, 6.215071806871907, 45.797388237840416, 11.366631948808523, 47.190922784045505, 24.047899501228887, 42.471559689936115, 47.40443562931248, 33.17828918969383, 28.50864759901189], [38.86504348440259, 27.740212764802596, 26.200920091476146, 23.603524893649997, 49.2003065069747, 48.173032806198215, 45.7852710025611, 24.215047235019888, 53.26841903499749, 35.727558447868475, 30.197384922945805, 54.60438145122751, 41.645385515977914, 21.29359449467906, 50.90674339023097, 0.0, 46.087960893445334, 64.36896017742127, 88.18121926639184, 49.930567773135245, 66.01261040642864, 51.683661665141486, 64.23813397335752, 27.377071253886836, 42.835391029784056, 32.0039780796328, 41.25811656451168, 41.71711530908051, 29.829845156401213, 30.51698063584126, 62.18322172058505, 88.46192172765552, 36.194816112461886, 18.997466384744243, 55.28109503774719, 34.1089326502348, 57.94768763258332, 13.617740072212625, 10.316600241162773, 37.993165144313174, 28.58567522256808, 32.654216566973005, 31.88794401473767, 57.116550995767106, 72.2100518682759, 33.05142428525503, 60.308194504464005, 32.169962157093536, 13.134520251953589, 64.47844815288174, 42.24184341225273, 25.083952246815315, 55.614218252633215, 9.212415781932144, 56.46257233566538, 4.032368002603429, 74.76883026513761, 8.55574443452742, 9.53548683124812, 30.16905189717158, 79.41400281692354], [81.09175174821749, 58.75335223438535, 52.22964163913074, 46.72332193275359, 94.92070951690167, 93.3656251940714, 6.182661280606014, 35.12881190871882, 82.20168297913632, 19.93425671777776, 76.06643686430749, 97.13921317241645, 76.40379544751465, 31.299908058779288, 93.80878787145112, 46.087960893445334, 0.0, 106.37169562653453, 131.29614825995722, 93.74633070112047, 71.61570279064986, 48.33421510962679, 77.80359572502456, 52.26910189230738, 72.51872038916791, 21.625200029409232, 40.50328007838342, 68.92578208828806, 73.03923491598512, 62.34400350320947, 104.1125687106861, 130.81891086594229, 22.12981816494537, 47.469609160230384, 92.31617874200496, 13.32809636500213, 101.17989222950602, 34.1040436660564, 40.19332217958501, 10.736458954528487, 20.634806865908665, 78.16754269683283, 18.186648658057074, 75.42749154610331, 99.22398146539965, 74.94074411165249, 94.31319703614791, 75.67615777820905, 41.07969798656195, 70.16791439832768, 82.94687000407073, 22.527175973399352, 99.29032440468329, 48.33591605507429, 96.40055334180194, 50.088318268941144, 117.7732815747673, 53.069771297541784, 46.596944966848675, 63.8158541287482, 121.59952370270236], [60.502933584050645, 77.98315784824227, 56.17902875268744, 82.74772257415958, 26.008036950492215, 22.351560107615562, 103.88988893145505, 72.49158012027145, 38.63383396750134, 89.42007395810194, 38.37087048919851, 9.826735143867882, 33.33953506126492, 75.22235419481353, 13.644108920393226, 64.36896017742127, 106.37169562653453, 0.0, 25.188606256912415, 55.752316627607996, 75.85052405668264, 82.10283614920709, 64.49559273698348, 56.66885995184595, 41.18992937275016, 96.21166104429365, 78.47270768430367, 45.64650664067272, 34.543477043432134, 45.9784890853509, 2.2597012147283846, 24.454764195535876, 88.31833591233092, 77.80581857735315, 77.79565685899544, 93.07277860429444, 8.091482983642594, 72.90910842587738, 74.24953269939711, 96.21269722206456, 92.33133648474764, 47.72168648779254, 95.55959717368918, 56.4544616112283, 43.03945189444005, 31.727966963313936, 26.19702338747102, 56.709072334693296, 76.20820616191807, 75.27657305456722, 65.14540170054849, 83.88892774995011, 11.13546413761971, 58.82622408031955, 11.845041886014702, 60.71280247474912, 12.028930716768834, 55.87788761245833, 60.34737767636125, 43.887246502278835, 15.244355016089902], [76.73162691797093, 98.15046711767887, 81.36177186264106, 104.57410943420658, 42.785817502517, 41.48398092220382, 128.96188955360253, 97.65151015483725, 61.25819045087388, 114.58049984711332, 59.86377770826481, 34.15794089651664, 58.187436000069496, 100.25917756455432, 37.57047516545809, 88.18121926639184, 131.29614825995722, 25.188606256912415, 0.0, 68.28808980186761, 97.93281766940204, 106.48386512419377, 85.87892382041812, 81.83772915867898, 65.56136116733981, 120.18295875573992, 103.41249614774704, 70.05127935281065, 58.68322048435149, 71.13725691985736, 27.428343010093556, 4.733885318487236, 113.49869401772965, 99.82365549848275, 90.67748410250495, 118.0317109826011, 30.301718894957286, 97.57772724088602, 97.68014365433487, 121.24089119191514, 116.54901004134771, 66.33161754938988, 119.81661879290476, 78.68553807712571, 59.89571822000937, 56.38283024976257, 47.144376490188016, 74.79783261749398, 99.30403899989726, 97.56935047010978, 80.5995428666822, 108.77745091602925, 32.569727797796496, 83.3674125858865, 36.459750644078134, 84.35382272687433, 13.529738746722742, 79.86109733654851, 84.97247361591228, 69.06915945414826, 10.766231308090944], [13.387469336657931, 39.64746453603059, 66.07410447991552, 50.691867620129834, 29.87740994555344, 34.24388234933933, 94.63028393080191, 72.77032149347399, 75.23277711339367, 85.65623296146177, 30.022460307175017, 48.96407057534506, 61.56373018854974, 70.97353757516046, 46.16950363888324, 49.930567773135245, 93.74633070112047, 55.752316627607996, 68.28808980186761, 0.0, 104.38048506653959, 97.1952034921723, 97.58449783959698, 67.3430976431975, 68.98146600464263, 74.73730188445822, 88.12683051640627, 71.24768766057598, 42.180683509482826, 61.954544322050005, 54.7603644051948, 71.18588896551191, 86.09566484776343, 47.81968962921716, 22.50349674096853, 83.19592250316518, 47.91184715649402, 63.54677084392397, 53.58464664287259, 87.15261642486483, 73.6269643591282, 18.913787843428832, 76.64652956923197, 88.68135652587544, 89.82626713411223, 45.7024342964311, 71.80031440942196, 18.102354705245652, 52.76896578598336, 103.1168492155379, 14.411863637714319, 74.69332445820632, 44.99851933664036, 53.265644755490115, 57.50795896522627, 46.581421117614134, 58.801125675551106, 46.712418853129655, 55.035098008195575, 59.70756650491751, 64.97464410202863], [98.28963862535551, 93.75265950141335, 40.58593511423092, 87.82753472557472, 84.21792249726795, 79.68360578582558, 65.81456911817784, 46.21896028460504, 37.21790866089723, 52.82562153526179, 74.46801434110532, 71.6643290637662, 46.14183611076908, 52.06148675712522, 70.88292294225835, 66.01261040642864, 71.61570279064986, 75.85052405668264, 97.93281766940204, 104.38048506653959, 0.0, 23.40488860118284, 12.539161871308954, 39.289386854529226, 37.41925662102279, 79.04271052867766, 31.903907239889982, 33.985673534699075, 62.67015216126097, 42.43902283669586, 74.15991743649177, 95.00735673715874, 50.39071451731757, 84.07534895814013, 117.68361905189998, 62.332852767940366, 76.37505603642015, 58.85781313145899, 72.67082686107484, 62.29203486396569, 73.953245179805, 85.8774592187586, 75.38370295744187, 19.40513221126458, 41.95252164152029, 59.94224937670134, 50.80362714807856, 91.00109547510455, 76.14035440235497, 1.588389183712715, 102.96505639174727, 59.19398269634338, 76.74690960811103, 57.53869197733194, 64.28051595259707, 66.50738708209441, 87.0725225336271, 62.81580575101996, 56.645993414366444, 44.67539504648904, 87.27659609764214], [88.5921174728889, 78.48912078058189, 31.489555352016854, 70.52737801186873, 83.15461557550992, 79.3911140432132, 42.46100927580112, 28.198207112367268, 46.46216631254315, 30.18781489597377, 69.01015628280878, 75.46779662413685, 48.908135951377126, 33.2397115549924, 73.54269783908924, 51.683661665141486, 48.33421510962679, 82.10283614920709, 106.48386512419377, 97.1952034921723, 23.40488860118284, 0.0, 31.616635753285777, 30.312504609711354, 40.96018864642457, 57.674984346975265, 10.913859610516093, 36.47947671199622, 59.061409452953676, 38.7649894079826, 80.05322204510583, 104.41854138594132, 27.75030782824005, 67.56563803535688, 106.56539290313778, 39.88273454158368, 80.28358689067954, 41.25658366959801, 55.84105449513067, 39.38734539370588, 52.77923171028828, 78.29381963392397, 53.74820304833336, 32.566741724897305, 58.43475619069235, 57.87752482876532, 60.92935011127291, 81.34382209511756, 59.12786420465881, 22.027095616341498, 92.69408081665846, 38.37160108076344, 79.75544393363451, 44.98278425941948, 70.31169297216302, 53.422450258715216, 94.06931153835069, 51.318221105209815, 43.516145442493716, 41.286039209349546, 95.75473831977662], [92.85774436767201, 91.64063636350556, 38.037232343424485, 87.24006843876774, 75.16315740503666, 70.42859387786213, 72.38866843318753, 48.0879640573726, 26.10005327827717, 58.146823973718654, 67.58446983881267, 61.11769928449325, 37.02402294583388, 54.017202023473466, 60.74520604154424, 64.23813397335752, 77.80359572502456, 64.49559273698348, 85.87892382041812, 97.58449783959698, 12.539161871308954, 31.616635753285777, 0.0, 36.87346469696723, 28.777801363209992, 82.10782378397516, 37.30983249981015, 26.37358234826656, 55.40839320147449, 36.782541365136, 62.92830895199717, 82.82293299690305, 55.80763579936836, 83.03384301209833, 112.676166452081, 67.09602894434504, 65.70127693894041, 59.554641969624, 72.21329413287042, 67.75233191767687, 76.93891699982827, 79.66800965510625, 78.82345565221, 9.000081984088602, 29.460903330978898, 52.110961008453444, 38.89777306185826, 85.71122686520256, 75.6858400799115, 12.674174335814149, 97.74263338686755, 62.335031950313315, 66.36023781331859, 55.2067787180893, 53.19127217011106, 63.968960541759614, 75.40784507691961, 59.564619707977535, 54.70416768706645, 38.615380917701536, 75.2955481536593], [59.75729878044561, 54.93206585757362, 1.3141647159644456, 50.45898535891702, 53.37125067498767, 49.94960716590285, 48.69017760227833, 17.14291207356674, 30.601650382639683, 33.53249902080653, 38.706997550498315, 48.51667819868779, 24.47489370535661, 21.763174067722762, 45.903928273384125, 27.377071253886836, 52.26910189230738, 56.66885995184595, 81.83772915867898, 67.3430976431975, 39.289386854529226, 30.312504609711354, 36.87346469696723, 0.0, 20.409101584868058, 49.14011082396329, 23.090812399282207, 17.325587677680403, 29.019977773116764, 10.710881353820648, 54.44992510065496, 80.64754510123763, 32.10974687494247, 46.17483629182572, 78.72800231992282, 39.182343543780924, 53.133769649942096, 24.364281956480816, 35.57519864480396, 41.582698820718484, 44.13670969328707, 48.44324758499742, 46.73015105618722, 30.076982601132983, 48.892445493056535, 28.43614866413778, 42.046289953507504, 52.43522927284783, 39.01642808127263, 37.81631900196826, 64.22632488248773, 31.270387904238035, 52.024337365167824, 18.457870013066863, 45.62781901001879, 27.37046844360123, 68.6098211831079, 23.528613322847196, 17.84187694549428, 12.815435998552218, 71.51288364278547], [65.116274391408, 67.99560544969627, 20.697649798676615, 66.35586454887114, 46.82945432463862, 42.265269737352604, 68.65985999317084, 37.46948124918244, 10.596799768708122, 53.332626182935165, 39.091840398094426, 35.212160282926725, 8.773164705726082, 42.152933149492156, 33.902050189238224, 42.835391029784056, 72.51872038916791, 41.18992937275016, 65.56136116733981, 68.98146600464263, 37.41925662102279, 40.96018864642457, 28.777801363209992, 20.409101584868058, 0.0, 68.99358838860871, 38.40318819368427, 4.489994011376876, 26.841792298989812, 12.384956745421931, 39.180742117452404, 63.642807846009475, 51.66407310474744, 61.56246503259561, 85.11026921835423, 59.535076277327036, 40.03538224800834, 43.84733894386527, 52.59294301241727, 61.79488513561449, 64.11053997116434, 51.47228521233383, 66.84156637428387, 19.79239661332831, 29.509520245910878, 23.359357358534226, 21.988503362754667, 58.18406197576962, 55.78555387336812, 36.46881321042884, 70.12722297873712, 51.66106583596904, 39.9720136867855, 33.82247189502463, 29.36952566243515, 41.17777958271731, 53.12376828914849, 35.91498878554248, 34.1873607984926, 12.778964454410596, 54.85914616921455], [61.62754132799016, 37.72025852392408, 48.561445551394506, 25.5567314529006, 80.57587576464509, 79.94718986607715, 25.408367829787224, 34.12000899577593, 79.49484821839036, 28.237299634541547, 61.61204226006261, 86.49873888611769, 70.43330744841083, 28.28094081530121, 82.84128582482354, 32.0039780796328, 21.625200029409232, 96.21166104429365, 120.18295875573992, 74.73730188445822, 79.04271052867766, 57.674984346975265, 82.10782378397516, 49.14011082396329, 68.99358838860871, 0.0, 47.426309692469644, 66.3962419612126, 61.69236575910784, 57.088456460166356, 94.00340653174918, 120.41265593613244, 30.513076461198295, 27.126999409350976, 71.23428585686575, 18.952815775299758, 89.9332816537966, 25.1874580035911, 23.07295863094804, 21.441598896818657, 5.169989280480271, 61.00034763910473, 4.250600637495497, 77.46747101165577, 98.01911638209529, 64.61376348214067, 89.27317932001623, 57.006243636654965, 22.564248279753162, 77.47217610373526, 62.88551123987007, 19.89069289438517, 87.61757993524049, 37.853168392618485, 87.72725169631627, 35.87696843607661, 106.75852198645661, 40.369847056070036, 36.63367739800647, 57.76958033432022, 111.32867608581861], [78.89419366508942, 67.72726862025314, 24.04198337481449, 59.61984104253544, 76.41501888094267, 73.04010449204424, 35.10002948758555, 17.396717464478304, 45.99741334457593, 21.059601381049845, 60.94605278945554, 70.94031035421241, 45.225285553029956, 22.326636399316246, 68.57997149318685, 41.25811656451168, 40.50328007838342, 78.47270768430367, 103.41249614774704, 88.12683051640627, 31.903907239889982, 10.913859610516093, 37.30983249981015, 23.090812399282207, 38.40318819368427, 47.426309692469644, 0.0, 34.02222799461332, 52.0193943972828, 33.055981766363644, 76.31718191960677, 101.78864397637614, 18.65626088614873, 56.705187182727016, 96.4137770930353, 30.447175540459707, 75.66335226124097, 30.38701225204235, 44.98365092660229, 30.635394480325182, 42.42325783200225, 69.32880658255588, 43.63856992182441, 35.63691162712707, 60.74181983416384, 51.5193860372939, 59.90164469692378, 71.72658878277348, 48.24791320087891, 30.368456141557566, 82.81716678968365, 27.80597549874333, 74.76153370896432, 35.17983434917082, 66.95287666788911, 43.27111993122529, 90.49972266412568, 41.66652511799103, 33.57920432339684, 35.450181123432, 92.83718916015708], [66.62191437601744, 67.75808194509038, 17.83559863144444, 65.3206214925268, 50.30600932002326, 45.868872293857024, 64.88915886248998, 34.06346421561612, 13.342395417959606, 49.528714508230344, 41.23143758412669, 39.481869598814775, 12.831638452928704, 39.027001831230955, 38.01514725027981, 41.71711530908051, 68.92578208828806, 45.64650664067272, 70.05127935281065, 71.24768766057598, 33.985673534699075, 36.47947671199622, 26.37358234826656, 17.325587677680403, 4.489994011376876, 66.3962419612126, 34.02222799461332, 0.0, 29.106925575573214, 11.45568031215905, 43.62285698634688, 68.12500010764376, 47.780008046810316, 60.64943814018631, 86.52674375920577, 56.085572813894395, 44.3121197855029, 41.40988205662224, 51.126194665884526, 58.189606536116045, 61.426180267725165, 53.30543234209694, 64.04963664528383, 17.6053689086981, 31.63446951124653, 26.05346548105506, 26.06654632907983, 59.54483169230971, 54.419664933053625, 32.93586012655519, 71.55864072869112, 48.51685912684992, 44.138745593913086, 32.54440560207397, 33.83740847703294, 40.45714219737982, 57.594586907400256, 35.412712885285615, 32.66754158965905, 12.713218509961399, 59.3487597051789], [38.77260324704156, 47.121005715124774, 27.994834244698577, 49.53962579924467, 24.409542781194354, 21.366218866339345, 71.23466382522903, 41.252436093378236, 34.06289360333291, 57.77449592924657, 12.255336572541461, 24.806392746974698, 20.033425253317656, 42.66734779348037, 21.171541292617864, 29.829845156401213, 73.03923491598512, 34.543477043432134, 58.68322048435149, 42.180683509482826, 62.67015216126097, 59.061409452953676, 55.40839320147449, 29.019977773116764, 26.841792298989812, 61.69236575910784, 52.0193943972828, 29.106925575573214, 0.0, 20.837653463974508, 32.35372057901154, 58.736226114827055, 57.130870837790326, 44.49394463341003, 58.77926332548949, 59.931634358492715, 28.38317886047157, 39.04073367966872, 39.79922400180084, 63.365328732285214, 57.90866570266814, 24.79566997817792, 61.163080783959444, 46.501049391018434, 50.935779865687586, 4.450130681615965, 34.94666804067778, 32.19593407381913, 41.93134199616799, 61.48913944682912, 43.86297980056631, 50.548236640509174, 26.30226935570448, 24.772921535138572, 27.192971432221196, 26.227190818911605, 45.184706791406036, 21.33643482699967, 26.456701608397026, 18.368886164255397, 49.63665279449296], [56.212485495945245, 56.30240317351739, 10.35092764447781, 54.08880296213273, 44.45592084862467, 40.62638217996257, 59.05909647216258, 27.344232347716165, 22.947813178948792, 44.05284203740719, 32.143628242821165, 37.98190960809038, 14.059865347910236, 31.24664216398588, 35.52907648713667, 30.51698063584126, 62.34400350320947, 45.9784890853509, 71.13725691985736, 61.954544322050005, 42.43902283669586, 38.7649894079826, 36.782541365136, 10.710881353820648, 12.384956745421931, 57.088456460166356, 33.055981766363644, 11.45568031215905, 20.837653463974508, 0.0, 43.76585571595005, 69.93810949126194, 42.722604236193405, 49.350562560031065, 75.93622407058419, 49.102213716606556, 42.659815420027066, 31.90274716026042, 40.210295268075456, 51.75265464375412, 52.31534004661215, 43.459258504975104, 55.16432317598091, 28.45198653668824, 41.88857407597231, 19.14995493408256, 32.414229954435406, 49.00696011494782, 43.41504710131288, 41.16344098082456, 61.037254968777575, 40.64800482609634, 41.70594138982091, 21.45115858128599, 34.92267649238177, 29.062186591617667, 57.9385453919505, 23.96459728297483, 21.805392143839, 2.5284137730628715, 60.80201165334881], [59.09262816074336, 76.12217522402491, 53.95122378911383, 80.72438420350367, 24.90808890488025, 20.99107164833747, 101.63133861013416, 70.23999623910922, 36.966801657535534, 87.16880007582209, 36.47913236236805, 7.748524442145832, 31.23219948772229, 72.96282006079876, 11.593409980034012, 62.18322172058505, 104.1125687106861, 2.2597012147283846, 27.428343010093556, 54.7603644051948, 74.15991743649177, 80.05322204510583, 62.92830895199717, 54.44992510065496, 39.180742117452404, 94.00340653174918, 76.31718191960677, 43.62285698634688, 32.35372057901154, 43.76585571595005, 0.0, 26.711894441442592, 86.07260810513777, 75.76956294878634, 76.65540151528724, 90.81328675091109, 6.849243822404812, 70.66038628944293, 72.09043658435769, 93.95316353910157, 90.10702306753113, 46.117352630716994, 93.33227355862934, 54.783026770977855, 42.224474147474574, 29.491088067650665, 24.964514335487607, 55.11762998574886, 74.07654599577987, 73.55668774932742, 63.795220159239925, 81.63083935557346, 9.81717263976045, 56.58709073562505, 9.943711463275712, 58.54396495013687, 14.191946899312786, 53.682633095822595, 58.102708713666054, 41.660981894720884, 17.49894275317813], [79.0617747298059, 99.70418294016845, 80.24173251140061, 105.66073625026199, 44.599807676822294, 42.80536164616383, 128.2790439027574, 96.7839450113895, 58.70113786395443, 113.69957904943344, 60.87609030252885, 33.95469494455153, 56.63163178813973, 99.64183803533875, 37.5720051052725, 88.46192172765552, 130.81891086594229, 24.454764195535876, 4.733885318487236, 71.18588896551191, 95.00735673715874, 104.41854138594132, 82.82293299690305, 80.64754510123763, 63.642807846009475, 120.41265593613244, 101.78864397637614, 68.12500010764376, 58.736226114827055, 69.93810949126194, 26.711894441442592, 0.0, 112.52913591535396, 100.83747762113246, 93.6560510571686, 117.51470316051815, 30.567052669282226, 97.34346075688671, 98.15280542746815, 120.6301184799182, 116.6347256611383, 68.10540049647828, 119.87975573871992, 75.88627154939037, 56.212115504331564, 56.130183014158916, 44.37183586681527, 76.74283646111003, 99.92155926155216, 94.70429291258796, 83.09553570956734, 108.34219139057718, 33.1119356895044, 83.22214027432616, 35.0290711407367, 84.70959885120564, 13.932329289934227, 80.04281461510794, 84.76720174212385, 67.9705606954343, 9.220410553100695], [74.92933748575688, 58.206857400872764, 32.37173174983437, 48.00019745329083, 80.8246290216457, 78.39093340716276, 17.281573707867455, 15.96689175095938, 60.8638715589009, 2.443487476071324, 63.00331406302767, 79.65947212396665, 56.581539324937815, 15.332207519405825, 76.67818128270928, 36.19481611