instance_id,num_cities,city_coordinates,distance_matrix,best_route,total_distance
1456,96,"[[56.49802196026828, 2.031946947205032], [81.99930448202052, 62.65180302553557], [95.16968937432438, 74.55480749149038], [4.418227670055952, 88.43755298679838], [86.39360524173725, 60.75271299169268], [66.93321899487682, 90.67678152913491], [6.407699495606711, 59.73836406758889], [73.7001756918784, 16.95425762335291], [28.058387412757547, 39.51336360682133], [45.97535790763321, 62.670030859081734], [29.54034967481025, 0.4635083720962885], [0.3549267226855557, 25.7224341499803], [36.278311574555644, 7.185333869949673], [88.00074419735665, 79.49640502789798], [33.000609840418825, 32.186616766172214], [63.5357174592599, 3.8196225285675567], [58.27204399174292, 43.57747955058983], [13.792156226503439, 89.62220173883256], [96.03400094199542, 74.7810613854696], [98.22598727557636, 86.05802811497281], [74.6780449117391, 4.362722884606285], [58.41896936898349, 2.1160696174323035], [97.31101695423874, 30.271510255624978], [53.7957162204302, 85.30066334374777], [36.8644124293988, 15.220859812611598], [87.9921963817361, 74.79500199501439], [68.96360382014859, 48.15539269253899], [28.921712954049262, 33.50163681174343], [54.86102129433507, 18.25497035507465], [92.60441985296906, 67.9605941276462], [24.06469273765697, 15.841809201930879], [69.57419657394932, 60.90301434129308], [68.81888904982088, 33.27875500651768], [88.18109999118721, 96.87682522160618], [94.20568627469542, 54.50974656473386], [71.93879189537702, 94.78762121794537], [29.137266634808213, 38.95657906939296], [81.43764326586738, 99.60890697926249], [99.6420375831581, 61.13178066670601], [56.6651060081096, 55.46887736811266], [64.25781697169461, 48.45975291184019], [64.39618755050219, 59.379141417346084], [31.293011145543616, 36.943040752305656], [66.80484841726143, 30.719616213446788], [98.67105489501174, 64.4600141807661], [19.48132073729957, 47.92735054000371], [78.26655591940738, 98.68622446050895], [22.46909913173285, 0.8292563318165524], [6.799911251370916, 95.09521277679866], [92.6485754957604, 41.348488559166356], [80.88668580499065, 69.6007105715831], [6.313378452626328, 91.5550664592517], [93.3421519378313, 35.15229436486078], [64.13465042508086, 17.84078740178131], [77.70828036615465, 47.653175800035555], [52.33896375318344, 25.50391608746877], [58.02833830953832, 35.278959642706454], [71.4565159712173, 17.39975150624349], [92.01039541038568, 77.60656850013478], [52.769514208669044, 6.923851113450974], [17.237552817252933, 32.562522622265355], [92.95121189643564, 96.82044735831414], [85.34712427873166, 65.40157530973649], [91.68445935563778, 21.277599602976515], [54.3828300509204, 78.59282800173763], [54.00830812026117, 23.91954516948379], [52.27980474711404, 52.204509185750425], [31.523466055437442, 41.8426413221026], [10.768077271545518, 11.82544678803218], [24.951595679774265, 68.72848393933371], [96.41978808503376, 78.25514591299456], [53.37149075065027, 40.543566201970705], [54.74542063249718, 61.12227356849138], [74.81624053064347, 92.86735719008595], [54.307722982922776, 54.49829150808948], [55.21991186391776, 64.25721208323945], [59.586971475472, 84.52466848579722], [55.39304002662183, 52.41993404056302], [12.010133788667321, 35.67057499949763], [86.97938232524902, 45.4477998459363], [17.525393913304544, 50.42400323730889], [32.19322676100761, 48.006322189471675], [0.4623330696289729, 52.50839635429738], [85.42752214368872, 89.82020701741472], [72.05482768962858, 0.46873619716051307], [58.620229451492314, 60.881757732194295], [16.565932851626652, 49.24330817305713], [98.04888812235441, 83.67830289291915], [16.046638394349934, 45.828267997453786], [36.98137244131555, 50.16900846637502], [4.0471535901696605, 36.22652398282386], [90.45431470700281, 49.23144225997308], [2.4345733454481877, 9.724139837555967], [82.89897992124409, 29.059830203863935], [81.29292436184375, 19.45249593813976], [48.839717004937164, 18.81854792875899]]","[[0.0, 65.76535836754586, 82.18919127299665, 100.88723273229495, 65.89289995584274, 89.25693270110068, 76.41381407497934, 22.772559121043574, 47.049648330330044, 61.54432288414927, 27.003260814465374, 60.936740368690074, 20.866098937214186, 83.6251384099457, 38.22868671849686, 7.261194248932245, 41.58339131753285, 97.44661975939741, 82.79811160645684, 93.81687164773645, 18.328822956927, 1.922788488288776, 49.63036868922208, 83.31255359571826, 23.652189027274748, 79.28647553259239, 47.7782688942174, 41.84249273856312, 16.305405842006856, 75.16820130766148, 35.25100197096239, 60.305795066865116, 33.58819405288034, 99.99684179212497, 64.62033271925355, 94.03208221457525, 45.95692972053948, 100.71369241550244, 73.17237477177316, 53.437191635488915, 47.071813065880185, 57.88852851201981, 43.05899488886059, 30.482995908273935, 75.33809318952117, 58.96290563037418, 99.0753169681983, 34.05016965577063, 105.50200782403826, 53.41023277657165, 71.83553954595138, 102.62985613922152, 49.54237909981487, 17.556694758064037, 50.310750180123634, 23.83759846317185, 33.28221328733527, 21.445884454608088, 83.50240769540217, 6.150812663825001, 49.7342989131268, 101.55636300453618, 69.62744073557867, 40.10586643777767, 76.59009429854268, 22.028745559950146, 50.349571577502644, 46.995955456347744, 46.76687375018695, 73.78079057460035, 86.04489218482878, 38.638323139452545, 59.11631172209924, 92.6640646938419, 52.51204358232128, 62.23838997490355, 82.55053431656994, 50.40010147206151, 55.773914074676156, 53.047616465059875, 62.134184221502125, 52.00352150186317, 75.41797116201994, 92.43210798752399, 15.635147340211162, 58.888063256188396, 61.83433002287958, 91.61114516276851, 59.619058781009876, 51.94301011826321, 62.61279974112548, 58.144837903995814, 54.60793264343248, 37.78249666965901, 30.30284990309013, 18.451005590556775], [65.76535836754586, 0.0, 17.752198554769656, 81.75407256136364, 4.7871099970116, 31.818019297767847, 75.64772878932786, 46.445034120559235, 58.69420680958739, 36.023951185957195, 81.3592399876493, 89.60793885173243, 71.88141896924417, 17.881775506778, 57.69748391739997, 61.66141019936925, 30.443598775446286, 73.34587568435118, 18.549706549853056, 28.48081121422075, 58.74706550433915, 64.96620062232421, 35.818038733255726, 36.17199558419749, 65.47406245735355, 13.541493068861644, 19.49552267287385, 60.55545320367006, 52.034269145861145, 11.859668418508925, 74.48217746371313, 12.547572210963681, 32.194709206527975, 34.77882603019658, 14.672724350965922, 33.67379878186643, 57.92977372381029, 36.961371673252444, 17.708091349699927, 26.33279387599376, 22.719477668042707, 17.904749082475984, 56.85128531129522, 35.36291913439884, 16.769522635274175, 64.228559010022, 36.22724030318842, 85.8246621242664, 81.89947239479766, 23.816762592281435, 7.037416884339871, 81.01702312505516, 29.746985813428577, 48.24078135567954, 15.600375207425389, 47.536315760838114, 36.385158706582246, 46.46394899584181, 17.996303842074347, 62.92841380282619, 71.41042832721037, 35.88092155385424, 4.332337129796169, 42.492669176897444, 31.887081040689576, 47.78790302944575, 31.502295361892582, 54.59699145251634, 87.50546393392766, 57.37043777516434, 21.246521047183016, 36.17078730805926, 27.296769868306306, 31.057625813967984, 28.866995617595858, 26.827471130113146, 31.316687472322666, 28.50586696096533, 75.00980389346707, 17.91030152533109, 65.62319888335026, 51.9146943251243, 82.16548184002377, 27.383842896893206, 62.9732198546063, 23.445984936094007, 66.79306743315637, 26.451896561516246, 68.06456857214971, 46.71653203340055, 82.30937492868637, 15.86169224838271, 95.56089143250628, 33.604018419645406, 43.205081943045855, 54.962828293578866], [82.18919127299665, 17.752198554769656, 0.0, 91.80718067748727, 16.35596115438018, 32.51486285316153, 89.99009858291774, 61.47164682089237, 75.70884783497246, 50.60958569339337, 98.97843621008441, 106.65101923025034, 89.480949677563, 8.70707535066732, 75.23335719898462, 77.48660897769363, 48.177080454681274, 82.76067466272575, 0.8934345586279542, 11.902312446483199, 73.1220639358667, 81.22798880741452, 44.33503916638065, 42.746684930373846, 83.1866736129315, 7.181510917500375, 37.197957226168676, 77.93687960549718, 69.24204202628404, 7.075610051797348, 92.21245422853845, 29.008631610433216, 48.97016629014113, 23.39044371339932, 20.068227862307005, 30.806514716319146, 75.0167629243091, 28.570561623250804, 14.148482167354173, 42.975291376327405, 40.453624422928854, 34.31194041867527, 74.12742420174895, 52.21195454014478, 10.684774798548728, 80.23559441194062, 29.462539020379282, 103.54145409167711, 90.72555282159897, 33.301886316302095, 15.117779838767163, 90.4679655766859, 39.44487208467029, 64.65024143278187, 32.07177251436654, 65.1188222003637, 54.056194678857196, 61.8790353635424, 4.3925372627288874, 79.82306129613498, 88.52553245752424, 22.3758879376661, 13.426259510014381, 53.391082670040305, 40.98625993071731, 65.25480133416059, 48.36401593841206, 71.56065649678786, 105.15990119723635, 70.4593977282735, 3.905797129931013, 53.88741914619812, 42.597587618361516, 27.379049587154565, 45.51883270432634, 41.25560803482384, 36.95305050080589, 45.520703597579136, 91.80139008585508, 30.23737792263868, 81.30764005671158, 68.34366770314561, 97.2395371351318, 18.10917571386843, 77.60826496276763, 39.02326626989204, 82.57858401078691, 9.56702429026652, 84.17642940682431, 63.091579640944154, 98.85531773483547, 25.758640975448166, 113.1495347464762, 47.120730776204645, 56.82278896476416, 72.47756183669777], [100.88723273229495, 81.75407256136364, 91.80718067748727, 0.0, 86.52405962259463, 62.555082006238656, 28.76806289559895, 99.54822870205223, 54.33629964534122, 48.89744645873979, 91.49072925652825, 62.8466112475853, 87.27535767795028, 84.05939088441839, 63.09612029459204, 103.2234070064083, 70.09036824779865, 9.448488199023048, 92.6280177649969, 93.83793423143298, 109.56741749054406, 101.82081611891567, 109.6009070582916, 49.477029540737576, 80.08395010737433, 84.68014787294787, 76.08388804687465, 60.152935730981085, 86.4295686294936, 90.5323717564115, 75.20721777416443, 70.7350768871141, 84.79350317554149, 84.18693541957288, 95.98376826991597, 67.81850750234725, 55.31182212832891, 77.82537843624831, 99.06149189449619, 61.779202553298646, 71.96527597822518, 66.64643242034863, 58.08561592272794, 84.99088582682415, 97.25491148056302, 43.220056397843024, 74.55609198583308, 89.44857518883843, 7.07084510938345, 100.0098708434046, 78.75437588927942, 3.648353976741442, 103.66669230561868, 92.46596377977524, 83.87369818190363, 79.10145131491217, 75.49754968937783, 97.67548995290657, 88.2592662240085, 94.7751576260152, 57.32673124701115, 88.92897286077459, 84.14358308175268, 110.11745788529069, 50.92524031469429, 81.37413232577593, 60.02969284772188, 53.905284907596595, 76.87480345452967, 28.461669039960626, 92.56332174575122, 68.4854432444087, 57.262123966711016, 70.53724817427249, 60.33933387345882, 56.26277635475513, 55.30733186645154, 62.4155458947794, 53.31032737121477, 93.08309799910491, 40.20979695901321, 49.05236995588557, 36.146277794711835, 81.02109307633494, 110.96496018823476, 60.80443116441837, 41.033590723915964, 93.75153885771527, 44.16753449397036, 50.247784997008935, 52.21234763565638, 94.54801632479224, 78.73840418806356, 98.41210513346101, 103.28919153261415, 82.5837428311425], [65.89289995584274, 4.7871099970116, 16.35596115438018, 86.52405962259463, 0.0, 35.69532897607941, 79.9923372690704, 45.600743923643186, 62.081459401717886, 40.463697623492315, 82.86785180165997, 92.89658033013298, 73.3553458537304, 18.812466259658123, 60.55438721918425, 61.35030418472851, 32.95164413035502, 78.13077357631134, 17.02150956627348, 27.935000234172698, 57.594143262341596, 64.9679628618087, 32.37736244256975, 40.80715911616995, 67.27771246529711, 14.132988858896498, 21.505753376156164, 63.60534219775103, 52.91844649654965, 9.514608168764765, 76.82371126907718, 16.820080214724047, 32.61424560828548, 36.16830963535201, 10.000161992369918, 36.977244446382926, 61.26466979124377, 39.17097612143363, 13.253854224618813, 30.19441315178708, 25.320149878328213, 22.040260523698763, 60.024794559419576, 35.85674686889389, 12.824969867223665, 68.13034375093086, 38.794332357219375, 87.6194221589942, 86.68658151364652, 20.38746131097656, 10.421766781911982, 85.79992833176426, 26.52666083503239, 48.341435925756706, 15.717275299173902, 49.01220552177952, 38.124801347939965, 45.8540718522829, 17.765156270015467, 63.46751821921889, 74.68096424124809, 36.659018909115815, 4.765190789261299, 39.82810206759263, 36.64641090050493, 49.045792087245275, 35.168496875682365, 58.03725514592284, 90.07273649076123, 61.957513355698715, 20.17075855221824, 38.7152380779324, 31.650342242706692, 34.13774663979851, 32.68977865359542, 31.37006013218589, 35.828780078204716, 32.100938439631534, 78.49849980521401, 15.316118998973403, 69.63844323911879, 55.679004175158205, 86.32584951180372, 29.083543894919703, 61.965784105847874, 27.77367558194656, 70.76983983802594, 25.718248216906698, 71.91268874832502, 50.532994684683985, 85.92131311207201, 12.21593388304292, 98.24985656533636, 31.884968645643724, 41.61399853545794, 56.29181753352294], [89.25693270110068, 31.818019297767847, 32.51486285316153, 62.555082006238656, 35.69532897607941, 0.0, 67.9744377371481, 74.03244041619655, 64.25688962307044, 34.98013757043737, 97.65583100713467, 93.01470983308614, 88.94124566912097, 23.850396995994295, 67.62042101338714, 86.92358187703931, 47.889040492591754, 53.15152576066199, 33.15915301722091, 31.63179144105482, 86.66082764533022, 88.96905159098645, 67.61366286843317, 14.19495071819001, 81.22640734614717, 26.376342615128802, 42.56983640010469, 68.65764170830899, 73.42109159534613, 34.27879407966491, 86.24374543512904, 29.89066702382151, 57.428992680066955, 22.133978147226966, 45.297261392329055, 6.477249648525308, 64.05867121070553, 17.03411836549566, 44.07690880043676, 36.67465964014862, 42.301717237709504, 31.400299443107208, 64.47898350172059, 59.95730273868191, 41.165630297887944, 63.868587726220746, 13.877885354616001, 100.24787149504368, 60.29541636696374, 55.62876996032345, 25.276471332618947, 60.62620268321567, 61.48496087695844, 72.88973882899937, 44.352368566828474, 66.78693491946771, 56.108961581734576, 73.41650594050293, 28.278883386689767, 84.94212080284575, 76.46519682268855, 26.7335105148237, 31.271519906072584, 73.68086828625322, 17.422232793097475, 67.99692586797644, 41.168413721931095, 60.32100673059284, 96.80938040941759, 47.37282410054984, 31.996168334486, 51.93514948481486, 31.968912551379756, 8.181726606267885, 38.31822399003836, 28.899744179675185, 9.58205862611826, 39.959505882620775, 77.73176985859553, 49.47230991541707, 63.72926595765986, 55.02395079115228, 76.64988129502922, 18.51412889806815, 90.35331935373324, 30.932979782243383, 65.21960002778957, 31.893001873016445, 67.82944236255598, 50.37849531766641, 83.18345850555092, 47.65457051149364, 103.50558191448289, 63.65182018276248, 72.65741528690474, 74.10115080365586], [76.41381407497934, 75.64772878932786, 89.99009858291774, 28.76806289559895, 79.9923372690704, 67.9744377371481, 0.0, 79.74181535968131, 29.627739213850074, 39.676117027591715, 63.62883011681794, 34.55024669087436, 60.44894084204478, 83.95120681855036, 38.29205740056724, 79.94070359812548, 54.32388441915465, 30.78268921279829, 90.87990236326354, 95.51608600865342, 87.90507209293709, 77.62410071325642, 95.55997383089054, 53.842875790545065, 53.93903547360983, 82.96223525098901, 63.619229732341644, 34.5723395086962, 63.785549674190236, 86.58798800945681, 47.31465882180207, 63.17723295150164, 67.78840235052581, 89.8117716421353, 87.95353843622324, 74.31537188159022, 30.797983863342584, 84.96559688626971, 93.24475003153009, 50.43843203391609, 58.93931762075083, 57.98960068671971, 33.747674008185825, 67.00674089139699, 92.38409348663971, 17.618729038158314, 81.7351275506608, 61.0594098603662, 35.359024034994356, 88.17979481995387, 75.12912404812296, 31.816842199357108, 90.34419652006882, 71.32887069119445, 72.31752628471024, 57.28593601227875, 57.12226200334105, 77.61383020117859, 87.44766593524021, 70.27652980953971, 29.254266034712543, 94.15338782992738, 79.14230693291564, 93.54868345106625, 51.547104303185726, 59.571853493850426, 46.48665410185989, 30.839238357508556, 48.110919099374364, 20.608210523903455, 91.89693848078514, 50.73497762046659, 48.35752775126615, 76.00828028480034, 48.1857926210024, 49.020934953116175, 58.67193413396714, 49.52901175068999, 24.7112472496674, 81.82918977830377, 14.503808011758979, 28.32903498152786, 9.360545661145025, 84.55205288218804, 88.44452627506918, 52.225047950830174, 14.606022838017953, 94.71656731471907, 16.923354152593195, 32.036261392579064, 23.63004022728779, 84.70082015165987, 50.17178845463938, 82.41412755821186, 85.03380547882266, 58.94834571680337], [22.772559121043574, 46.445034120559235, 61.47164682089237, 99.54822870205223, 45.600743923643186, 74.03244041619655, 79.74181535968131, 0.0, 50.91253382114717, 53.46585306258733, 47.13846672013791, 73.86749261992708, 38.675932895215006, 64.1562659570499, 43.45663845206075, 16.608276558264947, 30.770492253840107, 94.17855859076533, 61.98982967911041, 73.3269836417504, 12.629448732554163, 21.299931689607117, 27.107582754427494, 71.18580393412263, 36.87652536641332, 59.580311889643625, 31.558611228976083, 47.738103053719385, 18.884003601591992, 54.39684559688487, 49.647947687584534, 44.14200857158947, 17.038667028112336, 81.22385105410648, 42.788908771879285, 77.8532912684275, 49.6986419597516, 83.0160193252296, 51.23117937967292, 42.11376892673341, 32.890034532872185, 43.43310903295657, 46.88196941081102, 15.395799275709855, 53.668815100295284, 62.44210692640937, 81.85942970392809, 53.70883420968607, 102.86716801051078, 30.888838729831736, 53.1346867463814, 100.52990162700044, 26.77640327026482, 9.606519071848158, 30.95946511648112, 23.008651315165604, 24.112262254641557, 2.2874601071515914, 63.355875503648484, 23.20994711063743, 58.5802502398074, 82.15357970125223, 49.827642954390065, 18.496641445714907, 64.59468399878837, 20.887433520143066, 41.24818210083462, 48.97250737804673, 63.1407452614472, 71.11254856785065, 65.37568120023182, 31.14018160924831, 48.06346192162134, 75.92130324588122, 42.256617261765385, 50.78473837468429, 69.02856624161856, 39.9119708858929, 64.46674961671727, 31.435955166049858, 65.38983085567142, 51.83683558405475, 81.41178276429414, 73.8036397198591, 16.56742547114536, 46.44383752905432, 65.6270103717228, 71.0278678699927, 64.47975525698892, 49.51252554372058, 72.27007498634218, 36.3664381291952, 71.63142244152364, 15.204041790004938, 7.993186288504076, 24.93026242276529], [47.049648330330044, 58.69420680958739, 75.70884783497246, 54.33629964534122, 62.081459401717886, 64.25688962307044, 29.627739213850074, 50.91253382114717, 0.0, 29.27881606120976, 39.07796573517014, 30.94626745651129, 33.35668838319791, 72.05365874243796, 8.837804127238842, 50.32577966996517, 30.4857685203647, 52.10010567359487, 76.57998786420889, 84.20153124905168, 58.3862998357028, 48.169726327326224, 69.86657678586128, 52.52510743780921, 25.839346299498477, 69.54750509461307, 41.808149875997664, 6.073400204902046, 34.20965458223447, 70.53676508089798, 24.006084335051714, 46.70202960098397, 41.23455878391356, 83.09817865765386, 67.82592902829197, 70.57431155894612, 1.214079650143258, 80.37922174704553, 74.7768341660263, 32.75549981576251, 37.28855832543546, 41.41358287890354, 4.131507021553816, 39.73182897365815, 74.88981361852822, 12.015042607790269, 77.60339970904639, 39.085806876057674, 59.50852683320562, 64.61625244617954, 60.795374481919076, 56.401988000928185, 65.4292658945403, 42.085595068830784, 50.312706276094815, 28.032320760521117, 30.267608654909665, 48.70738550272867, 74.43756837761866, 40.89885220980117, 12.860973980840354, 86.57471061210694, 62.866516341163475, 66.18776412362405, 47.1187947384423, 30.274833743265603, 27.344875823280617, 4.175201153820291, 32.64315491099913, 29.37984701994399, 78.57612104281047, 25.334058458563014, 34.33864778646721, 70.94325520778446, 30.225414506361137, 36.74243388692308, 54.95515608118833, 30.228509620584553, 16.501923180759928, 59.21909468198553, 15.165289618265946, 9.446017251860763, 30.502673512610013, 76.30200596127008, 58.8232070410609, 37.291211515554835, 15.058164997823603, 82.75996647972245, 13.570561224357869, 13.898288714543357, 24.235153484079035, 63.14818125344217, 39.293481649395815, 55.82801220971974, 56.88896497392071, 29.32812737915217], [61.54432288414927, 36.023951185957195, 50.60958569339337, 48.89744645873979, 40.463697623492315, 34.98013757043737, 39.676117027591715, 53.46585306258733, 29.27881606120976, 0.0, 64.3409740020835, 58.70560998813442, 56.32569846492499, 45.26875258353694, 33.12978451737165, 61.41446725528651, 22.709777720588406, 41.97830374824074, 51.50286208409003, 57.24619362881459, 64.98912527866487, 61.81929867166264, 60.70431637900178, 23.943757658240585, 48.315972105552625, 43.73133476588672, 27.187022110557447, 33.787897500491205, 45.295172076021345, 46.92823752923874, 51.7006730300686, 23.66490088238179, 37.22464252730458, 54.327059973677166, 48.91579309547405, 41.29938879566744, 29.083485236365313, 51.205998201879524, 53.68872061289727, 12.889038988696356, 23.155567554412052, 18.712480275188742, 29.621771155628032, 38.14048598167957, 52.726089569372796, 30.319640970393287, 48.372385413281975, 66.15758154415595, 50.853790843109124, 51.31274116704102, 35.59262756293901, 49.065445029190094, 54.779914188182055, 48.36756117159664, 35.106755811708595, 37.70696973470858, 29.925659874917564, 51.948894203297236, 48.39757054421659, 56.158678012174384, 41.62119043999886, 58.07737773908469, 39.46640751659899, 61.66567376162666, 18.00613941649683, 39.574340554181, 12.217740946951169, 25.35029256305793, 61.8443557581956, 21.87929230891994, 52.79712442137677, 23.329878252017068, 8.905591099338888, 41.75733502051365, 11.670716848954077, 9.379814608454428, 25.746867959330924, 13.91967030081264, 43.38902011068252, 44.47398407508127, 30.97362819870835, 20.123903470499574, 46.63361712020218, 47.891599767988644, 67.4473113009641, 12.770696814858832, 32.32941639145801, 56.15158094721107, 34.342003843574616, 15.40023816151192, 49.570488934462475, 46.46475289395479, 68.5497432260245, 49.92994543045299, 55.81295391654536, 43.94493267973789], [27.003260814465374, 81.3592399876493, 98.97843621008441, 91.49072925652825, 82.86785180165997, 97.65583100713467, 63.62883011681794, 47.13846672013791, 39.07796573517014, 64.3409740020835, 0.0, 38.597956478900024, 9.517513781761098, 98.30471240758708, 31.911267705874486, 34.160628405099104, 51.8104696861709, 90.53882150629639, 99.72213568078848, 109.74579091080193, 45.30579880232151, 28.92586444879871, 74.03634458688144, 88.23641918134706, 16.47486924901167, 94.56103493333748, 61.876560969743835, 33.043919897416764, 30.94628460341522, 92.37387906182028, 16.32406062553941, 72.49581215038756, 51.18245858799834, 112.84620181287298, 84.27693409439955, 103.41501905858361, 38.49518109639461, 111.9068324413226, 92.70860753356354, 61.329789046830925, 59.23632353066091, 68.45422741612859, 36.521611477449035, 48.00078049608752, 94.20513340557139, 48.51804176289171, 109.6446311078474, 7.080703059231617, 97.32567502067069, 75.19461264721795, 86.11851695173456, 94.00619206680894, 72.62218562988484, 38.71350501925271, 67.43155239979035, 33.86441823576306, 44.98534365355707, 45.20842099086185, 99.26509124623344, 24.110788317200612, 34.37594400668699, 115.34989006706364, 85.62329489858661, 65.53714032356102, 81.98377532797619, 33.894935502648615, 56.517377700879585, 41.4266266340069, 21.942922680215013, 68.41902916895621, 102.58848938044352, 46.629757887240494, 65.68699564703371, 102.89984241565782, 59.44056333125738, 68.7682815505038, 89.26969318471565, 58.03302307022753, 39.32996325349231, 72.95772029896197, 51.384922001768906, 47.616771231448396, 59.61712350299248, 105.39447632279607, 42.51447833624007, 67.05225024982582, 50.475779939724845, 107.78739196845524, 47.32907837669024, 50.25938279997073, 43.919202317244775, 78.03090741261119, 28.644064054468018, 60.538360104000795, 55.12631527247521, 26.63405820504683], [60.936740368690074, 89.60793885173243, 106.65101923025034, 62.8466112475853, 92.89658033013298, 93.01470983308614, 34.55024669087436, 73.86749261992708, 30.94626745651129, 58.70560998813442, 38.597956478900024, 0.0, 40.42417180360633, 102.82718154643011, 33.27951747124548, 66.8696154843281, 60.60689002923323, 65.29731567719769, 107.52317959256457, 114.97446843911068, 77.33151467987787, 62.67929079747669, 97.06275045764997, 80.034263762512, 37.98980929317729, 100.44106704032276, 72.18301879276112, 29.607047634663164, 55.01524662293015, 101.45950493222958, 25.686178264753792, 77.64651016845163, 68.879693106302, 113.03266819713116, 98.16656469773093, 99.46984376078551, 31.679104825815152, 109.69784769617965, 105.4122962645313, 63.68427730049366, 67.8274652825485, 72.34678315238068, 32.90998450744151, 66.63755639120252, 105.67242386469046, 29.306607785449906, 106.74238455536896, 33.29725098598664, 69.67151670503908, 93.60711073549136, 91.70969066909457, 66.10172935548478, 93.46414455225288, 64.26486996032344, 80.40210662173635, 51.98449630545457, 58.45981169623836, 71.58703122811619, 105.32183219839493, 55.68371131225994, 18.215649155538056, 116.74330606142205, 93.7982296665658, 91.43762948099499, 75.5929420255954, 53.68366366102177, 58.28801983299772, 35.090439202287634, 17.36548191359423, 49.54307663305698, 109.49038037080298, 55.04926899272886, 64.89587397215347, 100.26429047307369, 61.1469884049322, 67.04547490258554, 83.46339250522004, 61.17148368696473, 15.323490402409847, 88.84191781068037, 30.083092575734135, 38.861922436837894, 26.786177542427865, 106.51699854122297, 76.01726816297524, 68.0516240573164, 28.566207912882245, 113.59134128844832, 25.504399030144945, 44.035571096407494, 11.134111660003189, 93.115912589977, 16.132896546575783, 82.61149393920279, 81.18048772344666, 48.97385561367911], [20.866098937214186, 71.88141896924417, 89.480949677563, 87.27535767795028, 73.3553458537304, 88.94124566912097, 60.44894084204478, 38.675932895215006, 33.35668838319791, 56.32569846492499, 9.517513781761098, 40.42417180360633, 0.0, 88.90501137973074, 25.215223082790946, 27.464416767829213, 42.52190650570327, 85.44860657944278, 90.22153174342792, 100.291656792715, 38.503333013407804, 22.713567919457503, 65.253066334646, 80.05538185735757, 8.056872307989044, 85.11987491668278, 52.41062916151882, 27.32521443259868, 21.62993186402571, 82.8629153070437, 14.970205418304896, 63.19972431201103, 41.71038011135877, 103.62655579679321, 74.80094101384451, 94.5824011394958, 32.56388404896812, 102.86633125128165, 83.21767177522155, 52.41108623196989, 49.864119259384324, 59.28582035945329, 30.172410232921802, 38.54519291730829, 84.69500235408545, 44.068705716526615, 100.67485109017282, 15.201778513113927, 92.72067134695904, 65.91454917440933, 76.71757491142002, 89.53294920972965, 63.54866447321554, 29.824726388087853, 57.9144933894037, 24.362163345295684, 35.529079245487985, 36.63113965224035, 89.80654461409576, 16.49327552523558, 31.72620688050271, 106.04843799399274, 76.13723890169025, 57.170212221307665, 73.6668433383864, 24.380045228181697, 47.77838349992847, 34.9819598613876, 25.92880062955151, 62.57678334193775, 93.10164005372901, 37.482641831428694, 57.010767237444114, 93.94988604813126, 50.63176509070734, 60.1330483537509, 80.77540656164238, 49.10745255448995, 37.42129627973855, 63.51861835580454, 47.13018618114585, 41.02488275810709, 57.76646353400436, 96.14659203355376, 36.40153553945479, 58.15898236741781, 46.44837001873188, 98.31977642873501, 43.61876841055095, 42.98942400630358, 43.38477000269277, 68.57779922214274, 33.938829577071495, 51.49738155435038, 46.65617461383566, 17.120764460867306], [83.6251384099457, 17.881775506778, 8.70707535066732, 84.05939088441839, 18.812466259658123, 23.850396995994295, 83.95120681855036, 64.1562659570499, 72.05365874243796, 45.26875258353694, 98.30471240758708, 102.82718154643011, 88.90501137973074, 0.0, 72.54812778184242, 79.53309338097414, 46.62579568607569, 74.89623680572365, 9.314917046945395, 12.149505897175963, 76.30573050999632, 82.84200450395161, 50.09761914651125, 34.693995928682426, 82.135681280458, 4.701410803446015, 36.66976640158279, 74.87222873606389, 69.6329990369131, 12.420497681995114, 90.22043142229256, 26.177315266131174, 50.04013129878697, 17.381355940266232, 25.745570635313953, 22.176735655227446, 71.47297726765355, 21.156252706482697, 21.743484992567087, 39.487267646282476, 39.07685207147933, 31.01418046105679, 70.8982073048885, 53.18309059250158, 18.437694543846963, 75.44214069443058, 21.517518241813548, 102.38611619247155, 82.68553727411492, 38.43001257719995, 12.187476998244318, 82.5726167553709, 44.664648069202244, 66.11358118272652, 33.4652963437468, 64.70665689425459, 53.418419960688865, 64.26278756937789, 4.4326949987353315, 80.67227000761238, 84.91300590582657, 18.01747965464858, 14.342451793765656, 58.33523002845035, 33.63005505495588, 65.14808563708709, 44.953677200719966, 67.87848604330816, 102.68516655084579, 63.96204541258596, 8.51005429906085, 52.120138592245645, 37.99375280610028, 18.7780057157594, 41.95384795350152, 36.14990968284102, 28.85525799040725, 42.3839315355967, 87.72272366931753, 34.063920721357114, 76.23634004550121, 64.0788913728956, 91.60418131795852, 10.639659734043791, 80.62037393917339, 34.78102558400773, 77.57694336146801, 10.883632945434075, 79.44140477742731, 58.84787577693823, 94.44833498529248, 30.36425496516728, 110.40714915280351, 50.693945187856535, 60.41743014830116, 72.21764599396016], [38.22868671849686, 57.69748391739997, 75.23335719898462, 63.09612029459204, 60.55438721918425, 67.62042101338714, 38.29205740056724, 43.45663845206075, 8.837804127238842, 33.12978451737165, 31.911267705874486, 33.27951747124548, 25.215223082790946, 72.54812778184242, 0.0, 41.678281626891746, 27.71997725536837, 60.56245628596668, 76.07558810939753, 84.59597403109937, 50.111651986905784, 39.374240398361515, 64.33891587594555, 57.03979657397855, 17.400168949004453, 69.56686770396236, 39.34893569809215, 4.2856361872993185, 25.922352529397482, 69.5154056614175, 18.628025895931984, 46.50009393805012, 35.83492558187764, 85.02769880037062, 65.14893326317072, 73.72291217875207, 7.794729649665061, 83.01753684997037, 72.65605552752987, 33.197470349520906, 35.23957941949539, 41.5345121152829, 5.053658322305244, 33.8360552721766, 73.17225932242779, 20.74950306856428, 80.44379216525405, 33.07864524458735, 68.14666579211593, 60.34749126162636, 60.76915900820767, 65.09086831580362, 60.4143769835721, 34.28018820367828, 47.30740166385941, 20.46045992680717, 25.218044666270746, 41.200826454769945, 74.4656082264085, 32.078293413854404, 15.767538550078914, 88.15671695278012, 61.99508887719403, 59.689202117231915, 51.09535969508679, 22.57582467600383, 27.792145890019892, 9.768355234441453, 30.147350585162926, 37.41783913401781, 78.38559527728204, 22.018433026246996, 36.19542831580926, 73.69327804091535, 30.851319262822027, 39.015643867589304, 58.70354574296147, 30.17959670986571, 21.277642018106924, 55.58387226205172, 23.91828951426942, 15.840295045133784, 38.362927167264786, 77.91156434639768, 50.31158792568193, 38.46785702474184, 23.686057702277868, 82.961872252376, 21.760785742018722, 18.41773281770101, 29.233943954831794, 59.92874334583247, 37.93211642896418, 49.99624116800412, 49.9430222863931, 20.726374024679636], [7.261194248932245, 61.66141019936925, 77.48660897769363, 103.2234070064083, 61.35030418472851, 86.92358187703931, 79.94070359812548, 16.608276558264947, 50.32577966996517, 61.41446725528651, 34.160628405099104, 66.8696154843281, 27.464416767829213, 79.53309338097414, 41.678281626891746, 0.0, 40.104780928914295, 99.17915347113421, 78.04911424203408, 89.25564505017556, 11.15555552426686, 5.392884528745696, 42.900736827009965, 82.06112134535738, 29.00597737713677, 75.07079226764326, 44.666793777695986, 45.59771134380978, 16.841306969056905, 70.42054882296678, 41.26129863422362, 57.40188891372548, 29.929122747062372, 96.26545513941282, 59.246397881573465, 91.35528690518996, 49.17173104614148, 97.44776017519041, 67.7373591405836, 52.104230415513776, 44.64597034830175, 55.56618169291876, 46.22502509742126, 27.09791278801942, 70.08387144312287, 62.3400476488966, 96.00348829002199, 41.175349796321726, 107.47178737334796, 47.497097686027764, 68.03093154336129, 104.74685772425022, 43.245344960194416, 14.033951157795524, 46.067797122854834, 24.404423383951144, 31.93776943933037, 15.721289772704406, 79.09058528188618, 11.204792168542903, 54.494718597444624, 97.54191269396314, 65.33050111384895, 33.12299252603074, 75.3313188829364, 22.24361523861751, 49.676884240176335, 49.70446859302544, 53.371500569625375, 75.51089155304832, 81.37572882889874, 38.104586909075664, 57.97295174912071, 89.75939643910381, 51.51197308967369, 61.00700659660749, 80.801590564809, 49.27771783306317, 60.57531630871343, 47.77562735449014, 65.4898326005556, 54.17394346079096, 79.67966186559285, 88.74317801816947, 9.154434899172252, 57.273460663307965, 65.34119591511062, 86.99751593439643, 63.40298829364311, 53.41721460488042, 67.74287042244895, 52.790569698610604, 61.38577308032319, 31.812010572483096, 23.65808800433545, 20.99857596395436], [41.58339131753285, 30.443598775446286, 48.177080454681274, 70.09036824779865, 32.95164413035502, 47.889040492591754, 54.32388441915465, 30.770492253840107, 30.4857685203647, 22.709777720588406, 51.8104696861709, 60.60689002923323, 42.52190650570327, 46.62579568607569, 27.71997725536837, 40.104780928914295, 0.0, 64.02012853002368, 48.98600730860561, 58.31736096788572, 42.508281623222736, 41.4616702595519, 41.244275103885954, 41.96262117830419, 35.53005167563606, 43.10244964793264, 11.630423049038619, 31.031669934442252, 25.55121421379388, 42.10995498399829, 44.03873623879203, 20.686053484783983, 14.74108774527096, 61.11768876304457, 37.55983372950064, 53.00243964056854, 29.498948674406698, 60.63139326639234, 44.94029213778, 11.999482977938266, 7.72438161547542, 16.94690685876309, 27.782800281549722, 15.431571564840548, 45.47703084572413, 39.033851824120006, 58.62383706967716, 55.76075186913272, 72.82483975683913, 34.448720137133584, 34.476522114527135, 70.72164993963295, 36.06793890374276, 26.395974635439348, 19.85896735280442, 19.022490304180717, 8.30209763379566, 29.310471626046926, 47.91925762346362, 37.06435365174266, 42.487159731878286, 63.54099706123785, 34.77572613549988, 40.17056317911667, 35.230677146952296, 20.115014981690447, 10.503931239817291, 26.804777284910035, 57.13858975078188, 41.74715915452438, 51.55376730898978, 5.763683915319524, 17.895722099109935, 51.992330942498334, 11.618088262362278, 20.90375201124501, 40.96829647401801, 9.299336817130026, 46.93275482237872, 28.768200711924507, 41.317845771621585, 26.45220889215256, 58.49550368919928, 53.626577713218346, 45.258467494763224, 17.307780808085514, 42.089206697333935, 56.48250491721898, 42.28535120460611, 22.287686028742634, 54.72088528909142, 32.675156353250564, 65.29832875274758, 28.58755176349046, 33.34630065412771, 26.494782268222533], [97.44661975939741, 73.34587568435118, 82.76067466272575, 9.448488199023048, 78.13077357631134, 53.15152576066199, 30.78268921279829, 94.17855859076533, 52.10010567359487, 41.97830374824074, 90.53882150629639, 65.29731567719769, 85.44860657944278, 74.89623680572365, 60.56245628596668, 99.17915347113421, 64.02012853002368, 0.0, 83.57021281051829, 84.50902412905032, 104.7676962402303, 98.22869036132869, 102.45928301912782, 40.236308308390946, 77.89665388650843, 75.66697966273809, 69.01727959040481, 58.124188549240436, 82.34035094255186, 81.73492608566134, 74.49208903818095, 62.74095751659414, 78.75611287313491, 74.74185250782921, 87.7452011403733, 58.375618180914536, 52.93843342907963, 68.37869696295759, 90.45389003143399, 54.81367884522744, 65.1239595531744, 58.952613884791546, 55.510124528248994, 79.24556842428123, 88.53001254877475, 42.08119781236487, 65.10840747291704, 89.21589820336919, 8.879489828473526, 92.45910579343453, 70.01811199910166, 7.724511830431698, 96.41147559809127, 87.67518557928022, 76.46352112796481, 74.81317347478851, 70.07159029736366, 92.41894125322244, 79.13575919364084, 91.42347418157132, 57.16360501711875, 79.4856643336005, 75.5430486383309, 103.62526491097337, 42.06245221753871, 77.03361573632372, 53.67851343548029, 50.96357269526539, 77.85550805434836, 23.68713854386621, 83.40584814445887, 63.04947412575652, 49.894045448548674, 61.11030926988988, 53.62089349769519, 48.576142677055564, 46.07765129596955, 55.808980055584804, 53.98104882076182, 85.4853662718013, 39.37557401982865, 45.5025364950429, 39.43499379377026, 71.63563956704357, 106.50295443841058, 53.25006357520781, 40.47405196372486, 84.46612814175728, 43.85192495648751, 45.763459310362386, 54.27765174918379, 86.65160122102925, 80.70127003015669, 91.88881285072489, 97.36601722889128, 79.00309430253192], [82.79811160645684, 18.549706549853056, 0.8934345586279542, 92.6280177649969, 17.02150956627348, 33.15915301722091, 90.87990236326354, 61.98982967911041, 76.57998786420889, 51.50286208409003, 99.72213568078848, 107.52317959256457, 90.22153174342792, 9.314917046945395, 76.07558810939753, 78.04911424203408, 48.98600730860561, 83.57021281051829, 0.0, 11.488027798753278, 73.58545545954316, 81.82353957687, 44.52786668678142, 43.528550648747995, 83.95509404526614, 8.041816643396075, 37.9701545121981, 78.79118029395784, 69.93148947536547, 7.634186273680267, 93.02374305179207, 29.878444353005523, 49.62966602825343, 23.449751232060557, 20.353597693873304, 31.318389730806306, 75.88521986646204, 28.800617601688383, 14.118101591346623, 43.85054549074158, 41.26181221757422, 35.18764520253423, 74.98740937824174, 52.87489298297762, 10.652608551563182, 81.12604164320064, 29.78487744267069, 104.31042253316338, 91.5171432555904, 33.60354194483203, 16.008659856923323, 91.27517376644731, 39.72008593438479, 65.26686268496798, 32.73765738351163, 65.85964867543667, 54.8164795862317, 62.42329285566884, 4.916593528961289, 80.47618777128501, 89.39398890515744, 22.25394621992783, 14.219145257739049, 53.67996772281213, 41.82522685335287, 65.977668107745, 49.23545870494979, 72.43306308324004, 105.98908976265464, 71.33962455468993, 3.4954391747135367, 54.70188161541373, 43.48918657095253, 27.880234088070655, 46.394752140910825, 42.149036423260114, 37.72696431279863, 46.3865036434096, 92.68031288654257, 30.69896335125005, 82.20016824324809, 69.22810922624991, 98.13264139671735, 18.403078379384883, 78.0853534586354, 39.91216530319465, 83.47065762981366, 9.122536751992737, 85.06610613104148, 63.97629312277807, 99.73982374187405, 26.151786477005803, 113.98796378430784, 47.57057659916904, 57.25861937910621, 73.2058969532113], [93.81687164773645, 28.48081121422075, 11.902312446483199, 93.83793423143298, 27.935000234172698, 31.63179144105482, 95.51608600865342, 73.3269836417504, 84.20153124905168, 57.24619362881459, 109.74579091080193, 114.97446843911068, 100.291656792715, 12.149505897175963, 84.59597403109937, 89.25564505017556, 58.31736096788572, 84.50902412905032, 11.488027798753278, 0.0, 85.02134135764594, 92.90237387181567, 55.794020697206115, 44.43672566054402, 93.7184468538617, 15.217957597447619, 47.884202587684676, 86.97848415586262, 80.48462534016234, 18.95043897150048, 102.12842408450382, 38.127415705288215, 60.418780986677696, 14.762998726227044, 31.803410020166577, 27.69878041900472, 83.61697089689065, 21.57486529698352, 24.96643767792734, 51.604292410056395, 50.67017754107451, 43.083852484004176, 83.01990892104428, 63.63668595186637, 21.602599174359955, 87.49097713793498, 23.61885354971815, 114.03091528574235, 91.87163917007105, 45.05608115952665, 23.90595482744454, 92.0768434037522, 51.13947180254703, 76.26146588399324, 43.54203690863661, 75.97643984278383, 64.76391570394686, 73.69235741103476, 10.490984313011943, 91.2606646556481, 97.06129828067644, 11.985529745064788, 24.342435264090803, 65.10987256726277, 44.47416832450663, 76.26