instance_id,num_cities,city_coordinates,distance_matrix,best_route,total_distance
1715,61,"[[40.06030525953535, 55.296365071872856], [11.81314026134428, 27.871739012888387], [80.83046789383893, 54.131149405531154], [43.431059366888114, 50.175557880499944], [93.25505268568406, 51.74484330251009], [53.48644763788681, 63.4133075725094], [50.129620877989765, 96.34229393963467], [1.1919742418696644, 81.1140894064144], [97.79926830300911, 25.330190064827253], [58.47514361224342, 54.365447520642995], [3.9519884011446016, 74.97824728068939], [9.286863782533494, 92.56342049894259], [31.533682551417485, 83.55716199351144], [31.862392611030444, 0.903168420035072], [33.43590713407709, 70.50534120365735], [94.33354984721883, 13.897330116842], [57.688956204291586, 38.739558005293205], [37.53341964533211, 39.11246431679376], [54.02473443989082, 72.67446245932736], [58.57598953663644, 29.943900933271628], [69.9363900580163, 55.970451917075394], [27.671024939599263, 42.2449582546833], [28.33000664468168, 0.9590045126734781], [84.13786052297282, 42.44016322376534], [65.51640690006671, 29.73937550997412], [14.69626306734555, 61.68688155679251], [64.53920367571332, 27.646441224802732], [7.345262217268733, 82.24261550778992], [34.69546576108792, 78.37645828276615], [67.76680819649764, 42.49674138527367], [92.66543512799984, 47.940351577707055], [79.20076391864299, 95.16851546284431], [52.98413649273835, 58.85741731375441], [74.19890420431233, 55.73620736047097], [72.4841921983875, 97.62310670915426], [84.45852440953367, 41.71588687971715], [81.18943046852505, 58.355832381699635], [90.66948591869024, 44.47099017651258], [51.597489186770275, 23.89251624967741], [67.48643045998784, 67.56106034238286], [44.04811284957514, 95.73072078747552], [47.01300832534352, 98.56089300384612], [77.5039580940637, 68.4278292609165], [86.9426073371388, 72.47018230195282], [51.90242050391575, 53.34812113226886], [21.762008044424608, 48.98653281976178], [26.75436295474415, 19.553042566932344], [74.23693458297475, 78.16435540952858], [32.94180484278294, 96.21694432028107], [47.890722690027644, 90.44130289918876], [91.52537500978522, 56.97569672961509], [13.24941332144116, 90.94885797131226], [90.91659443344325, 36.82036309093616], [85.29796755941248, 92.61029771873413], [65.19850237963985, 0.4444101889461982], [69.092589763175, 82.16331590036206], [77.58922862310705, 77.4427501128486], [86.40997603864604, 62.43382374356952], [88.16306440406458, 65.29547335739895], [46.145730322824676, 32.65028501857121], [78.13721253750495, 90.48101683251691]]","[[0.0, 39.3701974202589, 40.78681023047343, 6.130632067205801, 53.313173424680066, 15.689042504958836, 42.26297899629666, 46.6615692611512, 65.05197535731342, 18.438353479732296, 41.124044470694685, 48.330509210464, 29.51907751696669, 55.00750506792699, 16.589020631181498, 68.26027522126161, 24.184647906719604, 16.379981518839298, 22.29357645468794, 31.39391664237436, 29.883688459775172, 17.995374037616937, 55.58910557055288, 45.914189570988476, 36.071773261097995, 26.156707309430484, 36.928779514334586, 42.383657862583284, 23.69540473314656, 30.520168274674546, 53.11695231283855, 55.87274721047426, 13.40546555751508, 34.141432294957504, 53.31849118132131, 46.42877611588415, 41.242760342594075, 51.75401345418609, 33.45606572533827, 30.043553278355176, 40.63052708876749, 43.81962410949908, 39.679497090321334, 49.9288518428759, 12.00130609181311, 19.355662324557912, 38.13965396160037, 41.121612006278326, 41.53512795464294, 36.006695099962414, 51.49246118816598, 44.608566178041876, 54.10845403206156, 58.6410748531456, 60.337930930119335, 39.55637230991654, 43.576168477873225, 46.89600513500191, 49.131024860288306, 23.44946353291385, 51.844098867401364], [39.3701974202589, 0.0, 73.84407997734377, 38.693063262604824, 84.8687822921773, 54.77104749206495, 78.46253614829405, 54.29140855642117, 86.02368096433081, 53.65872852773528, 47.757939965554684, 64.7409895378537, 59.07424244749541, 33.604706807277886, 47.803431707287416, 83.6952931903246, 47.145519172906056, 28.069319139377928, 61.55568788757378, 46.808737724574236, 64.55888655946802, 21.40238159274658, 31.576924381644247, 73.77739589407372, 53.73573218776278, 33.93782937046856, 52.726544759441445, 54.554139577492826, 55.446618371235054, 57.833412918395915, 83.30571886420174, 95.23627430098821, 51.528275640178606, 68.32577946164363, 92.44582109888515, 73.95277052414347, 75.77829234965228, 80.58447983094453, 39.982854240527914, 68.3721980715718, 75.12612638255578, 78.96826706772974, 77.20155441270423, 87.3696627377077, 47.499436167812775, 23.341261484161315, 17.100901909949922, 80.16281782428078, 71.5366168860717, 72.22563449925703, 84.85918172695028, 63.093468888612534, 79.60800421344311, 97.93416577649063, 60.018790848518414, 78.92091393389487, 82.36369917413133, 82.21450972253321, 85.02850586060916, 34.66354341751705, 91.20747903757024], [40.78681023047343, 73.84407997734377, 0.0, 37.60801061580711, 12.65167040619795, 28.8765286001403, 52.19504507488763, 84.08548461087689, 33.428063752947665, 22.356552045027843, 79.65489375377415, 81.21284843319232, 57.411351333379635, 72.32627708305697, 50.143379888601245, 42.439291191001175, 27.792636598734834, 45.827887675826716, 32.59450574890194, 32.86768619191218, 11.048256225392983, 54.47208381620401, 74.72332583525248, 12.149814974125672, 28.800678774864895, 66.56442094973998, 31.094132199550494, 78.67865008848504, 52.11788008295685, 17.493388884654994, 13.356362797507936, 41.06971326864466, 28.24457082060588, 6.823038033527532, 44.2855582338606, 12.934509564183585, 4.239905704040251, 13.788580493413447, 42.058791937265944, 18.93213782983285, 55.52896525025261, 55.83567576271314, 14.678580392373837, 19.330762430653838, 28.938643006719744, 59.29207391208749, 64.18621813072916, 24.921269477136462, 63.7537307333772, 49.025035041547746, 11.06672886166783, 76.9593568135298, 20.034801506440733, 38.7376226448058, 55.916225852132676, 30.39046135556746, 23.53585264118421, 10.003265082036448, 13.356986968774896, 40.79777635093721, 36.449505982576255], [6.130632067205801, 38.693063262604824, 37.60801061580711, 0.0, 49.84870075505636, 16.623743567224402, 46.65016875287616, 52.35774102440399, 59.77620299766264, 15.616646438269832, 46.623711197206106, 54.429376162717766, 35.438384108860326, 50.612275325772664, 22.653987687018727, 62.507386337712134, 18.277574110690086, 12.536913235904297, 24.868185675668823, 25.272294171224047, 27.131408956064178, 17.642933304140016, 51.48117052599881, 41.435250582764155, 30.08986748961631, 30.954791085655526, 30.872558258884272, 48.27505505740428, 29.522895846177345, 25.518481417694122, 49.28508804701875, 57.47902222312479, 12.908755392803467, 31.26629332970114, 55.63590942163418, 41.89055885598792, 38.63433031856394, 47.58162498044156, 27.52251538959713, 29.680238784060936, 45.5593417696259, 48.51773916146028, 38.653691133147134, 48.890746413417226, 9.045944787606029, 21.701648919163283, 34.86904999211332, 41.621806002984314, 47.22111525333473, 40.51195896109961, 48.57267838534192, 50.72862858690426, 49.327854893804464, 59.61161922595195, 54.28635764197599, 41.00891129275208, 43.70675347326034, 44.692866995166106, 47.21826043676907, 17.734278313031552, 53.18878725102728], [53.313173424680066, 84.8687822921773, 12.65167040619795, 49.84870075505636, 0.0, 41.44508421837185, 62.03817753553738, 96.63417112628237, 26.802682724752934, 34.87849827078131, 92.27582755533469, 93.36387412707496, 69.43739015652136, 79.71157140526876, 62.69199674618197, 37.86287641564965, 37.86931032624867, 57.13560525208786, 44.46421963461892, 40.96240360479948, 23.69843443998944, 66.26848807179128, 82.42853283307639, 13.026905399963294, 35.407246190409744, 79.18539985974678, 37.487770900152064, 91.16252633517878, 64.33092675561211, 27.114165969325597, 3.8499098883511915, 45.64141032697787, 40.89419763346244, 19.46966311951155, 50.361132816807874, 13.340122812155565, 13.75806730948663, 7.719721161102042, 50.11092414757474, 30.23532061783051, 66.00060868019955, 65.80326113698065, 22.943822726881354, 21.665332744275876, 41.38370075476596, 71.54623476323793, 73.88270277466764, 32.55271779961692, 74.93634388128396, 59.626658645879175, 5.509411260593904, 89.09465245587387, 15.10657130467185, 41.632926492755914, 58.4713985869573, 38.84724043825889, 30.09651903447406, 12.692886873094567, 14.475770084683138, 50.83198215244554, 41.58172952743425], [15.689042504958836, 54.77104749206495, 28.8765286001403, 16.623743567224402, 41.44508421837185, 0.0, 33.099643941623945, 55.20896326954751, 58.429016031448086, 10.332030731793331, 50.86659495514039, 52.94650410187831, 29.794274045128706, 66.1446691175201, 21.267842286425008, 64.18970152828084, 25.02908300270721, 29.069401181828535, 9.276785139197942, 33.85416691519349, 18.055378864294198, 33.38465308989699, 67.330427699031, 37.14003090635859, 35.75826646248319, 38.82858439094067, 37.435706810028606, 49.83524685743491, 24.020759335875326, 25.32649677213453, 42.12369200304649, 40.86097514677239, 4.583497849498676, 22.08944826567074, 39.130865762919434, 37.81597022778599, 28.160847164463878, 41.729961947291265, 39.56590844164806, 14.601485268941543, 33.66745253925698, 35.738748973436294, 24.53540780741318, 34.660375094431444, 10.18906865409978, 34.85070870564541, 51.36464930150072, 25.459303225899433, 38.7060839075483, 27.601171516279784, 38.57982411791314, 48.75679918070748, 45.91514548966322, 43.17912728757227, 64.0488427996598, 24.394968422386587, 27.888515722680065, 32.93809513203145, 34.72765898228918, 31.6267242589833, 36.610395992402786], [42.26297899629666, 78.46253614829405, 52.19504507488763, 46.65016875287616, 62.03817753553738, 33.099643941623945, 0.0, 51.25223382046238, 85.52844078055026, 42.79840400051804, 50.88021453190008, 41.01719994879235, 22.56697855552357, 97.17159208587191, 30.76082257100458, 93.54763169668296, 58.09663275695889, 58.59963894217272, 23.986207633561655, 66.93345753317402, 44.96880845258558, 58.57397254527137, 97.84270582229672, 63.733821942993984, 68.35716441922675, 49.56329744036399, 70.19085593310808, 45.04777772421902, 23.68510914102352, 56.660514526366484, 64.43635245976236, 29.09482967131268, 37.593406802952934, 47.20365099351244, 22.391233558455717, 64.51757873598369, 49.068146831654275, 65.83397915669607, 72.46464603305635, 33.609793903642384, 6.112181412565683, 3.8256314003092418, 39.09695226381125, 43.87566165977939, 43.03070663960002, 55.202260543545826, 80.26824907370487, 30.192714738407883, 17.188273112421296, 6.311446771975745, 57.12562853952665, 37.272494697276414, 72.1556474835512, 35.36580840441163, 97.07458626010894, 23.677787210351354, 33.3350088402015, 49.65932461905616, 49.09631243501551, 63.81648207443247, 28.614327877700838], [46.6615692611512, 54.29140855642117, 84.08548461087689, 52.35774102440399, 96.63417112628237, 55.20896326954751, 51.25223382046238, 0.0, 111.55632071544757, 63.22065592706367, 6.728018783506753, 14.021926370576962, 30.43990582783574, 85.87471344011892, 33.944318328502, 114.86272605000846, 70.62230442520857, 55.54131042910215, 53.50259669537177, 76.8850661684503, 73.19834159390885, 47.0313670048342, 84.62452621444264, 91.51881018314587, 82.32249914051457, 23.659717274605864, 82.89548165621954, 6.255919122693053, 33.61515384685153, 76.9643299475295, 97.3030879675162, 79.26473464669338, 56.37186819026399, 77.29197060289526, 73.178740037403, 92.11697313285299, 83.17169750304862, 96.68992614046199, 76.25630709254416, 67.66564506502893, 45.28017810579686, 49.03017560896788, 77.35929211114055, 86.18519714121462, 57.81434384559527, 38.148475498593896, 66.65731921312914, 73.10449481315085, 35.15889602555797, 47.62110895563153, 93.50286249798029, 15.559707898372684, 100.0621889598295, 84.88804932080139, 102.97782668759517, 67.90872156363815, 76.4854182782573, 87.24139015094752, 88.39795890011719, 66.10280267529606, 77.5132828989843], [65.05197535731342, 86.02368096433081, 33.428063752947665, 59.77620299766264, 26.802682724752934, 58.429016031448086, 85.52844078055026, 111.55632071544757, 0.0, 48.88182646158378, 106.17081298684882, 111.15193668399651, 88.2128568576334, 70.3160789752571, 78.63483033222955, 11.946610021468464, 42.29241403868218, 61.82170814516894, 64.48015154679706, 39.49369475197507, 41.41455819478975, 72.13930898029315, 73.620194244315, 21.894867983891064, 32.58257289796623, 90.70787449522044, 33.34061964703086, 106.86885134013534, 82.43783395443681, 34.5924723644715, 23.185677620189082, 72.2723741116521, 55.96848225718781, 38.490298431865156, 76.59712054069917, 21.12975408614107, 36.96727963117992, 20.42557283806838, 46.224141955308276, 51.983791151637185, 88.5743836479248, 89.11778753684287, 47.63723460438916, 48.374021493401926, 53.77290301995096, 79.6322014022635, 71.27940803034464, 57.85008727742343, 96.08029191966307, 82.0385271670086, 32.2614294340144, 107.02563970949083, 13.393852163015893, 68.43168422743334, 41.01355847547395, 63.67163878075628, 55.894227059883804, 38.81231261403239, 41.11058615779571, 52.16964420045611, 68.05311650056376], [18.438353479732296, 53.65872852773528, 22.356552045027843, 15.616646438269832, 34.87849827078131, 10.332030731793331, 42.79840400051804, 63.22065592706367, 48.88182646158378, 0.0, 58.28946704269426, 62.27818247393508, 39.724029477854806, 59.71979405928876, 29.790259003717004, 54.06934273616006, 15.645654789312607, 25.907707334367018, 18.8421381437014, 24.42175480221716, 11.573081232036213, 33.10286977354968, 61.32680847359133, 28.298188012690726, 25.612942262908746, 44.386864927702725, 27.39850583317496, 58.23573873874863, 33.79351589467319, 15.0731952841472, 34.78876099846526, 45.76507063887195, 7.094290084897909, 15.783397279900939, 45.46953398439815, 28.898918008559626, 23.06213343836164, 33.6804982546204, 31.23942494094958, 15.97897019189901, 43.80896083071027, 45.657616525547795, 23.661072688969767, 33.73689245365974, 6.650988049848454, 37.10508114235028, 47.09683072333337, 28.545088392027942, 49.02549513351344, 37.59650658708051, 33.15314760869618, 58.16968798728876, 36.88194299423321, 46.71330058104713, 54.33858500220047, 29.756539604330964, 29.965148768773716, 29.07668408821544, 31.636025441474157, 24.971237745708162, 41.12093507135391], [41.124044470694685, 47.757939965554684, 79.65489375377415, 46.623711197206106, 92.27582755533469, 50.86659495514039, 50.88021453190008, 6.728018783506753, 106.17081298684882, 58.28946704269426, 0.0, 18.37659414720037, 28.885076247935924, 79.15875170422642, 29.82127349098488, 109.08576942483047, 64.81438350455221, 49.13315491622087, 50.125715160623024, 70.7945891363838, 68.66758730726163, 40.42351920321384, 77.93032832878804, 86.53612541611533, 76.39851532718185, 17.09092861459401, 76.88374678200199, 8.017814722859425, 30.93071674235796, 71.60572219276408, 92.74224190844177, 77.91036610201624, 51.61426842743011, 72.83464340647666, 72.17653784881739, 87.10733011356858, 79.00586771997449, 91.9272381382465, 69.85589209283607, 63.96592835100804, 45.14824860871005, 49.09574947198768, 73.8430783617656, 83.0285084854411, 52.60329168444738, 31.5081897339789, 59.93247536056324, 70.35712433571611, 35.937330302339454, 46.58023679598324, 89.40464120195563, 18.47978668653914, 94.96771466236056, 83.23495376262971, 96.46983127453124, 65.53566324434628, 73.67846986546833, 83.40672806857361, 84.76592140960375, 59.76594554273063, 75.78775193881326], [48.330509210464, 64.7409895378537, 81.21284843319232, 54.429376162717766, 93.36387412707496, 52.94650410187831, 41.01719994879235, 14.021926370576962, 111.15193668399651, 62.27818247393508, 18.37659414720037, 0.0, 24.000700773148683, 94.39945080907603, 32.70680597355577, 115.85030248812457, 72.38626060613774, 60.45554263172399, 48.95965403121236, 79.69079086217694, 70.83368116280559, 53.571681176493925, 93.56286826649568, 90.08336490668444, 84.31264524365524, 31.346806179715276, 85.24690763746551, 10.501848994517129, 29.100978530417454, 76.9842597946582, 94.56851716908942, 69.9624181401189, 55.18646838700525, 74.63120405879211, 63.399548448290346, 90.75378910315067, 79.62498465200734, 94.53048735764699, 80.65904854701296, 63.342778395344965, 34.90524642254577, 38.199890818064766, 72.36089220509439, 80.21317054112491, 57.91308469673489, 45.327412943592265, 75.07082531254167, 66.52702287365273, 23.935422972593635, 38.66214305566752, 89.60836351567173, 4.2788562728754265, 98.84685819656777, 76.01111823182977, 107.75909887850148, 60.70327038745931, 69.9560413098091, 82.79955944756182, 83.45655136537839, 70.34315777475683, 68.88183308181587], [29.51907751696669, 59.07424244749541, 57.411351333379635, 35.438384108860326, 69.43739015652136, 29.794274045128706, 22.56697855552357, 30.43990582783574, 88.2128568576334, 39.724029477854806, 28.885076247935924, 24.000700773148683, 0.0, 82.654647201156, 13.18971130439715, 93.78867473984324, 51.89138625149155, 44.84783157267393, 24.98560714093877, 60.0472158271826, 47.284188865610446, 41.492388477702555, 82.66026347976825, 66.76681157502108, 63.64887820019995, 27.600867038253277, 64.9259048574824, 24.22411424024795, 6.0693133057607005, 54.76127769270511, 70.75060676262667, 49.06092310036048, 32.71390165562515, 50.934533033928396, 43.298903462906594, 67.46651902132515, 55.68483020904809, 70.88562666155039, 62.94780606532716, 39.35067153442809, 17.458708411493287, 21.557399440698063, 48.39589799146603, 56.50725674274725, 36.434484153529155, 35.92511689806348, 64.18231220031689, 43.04242206153075, 12.737852917530056, 17.74666611240893, 65.61689919216775, 19.721857688932243, 75.56889965619587, 54.521166613345855, 89.67189976014748, 37.584761777518274, 46.459652997067366, 58.801386086706344, 59.50106016580912, 52.96245900083932, 47.11505887713368], [55.00750506792699, 33.604706807277886, 72.32627708305697, 50.612275325772664, 79.71157140526876, 66.1446691175201, 97.17159208587191, 85.87471344011892, 70.3160789752571, 59.71979405928876, 79.15875170422642, 94.39945080907603, 82.654647201156, 0.0, 69.61995693876469, 63.808257495651276, 45.81052023153843, 38.627850581540784, 75.11516520259944, 39.45859102412428, 66.94800216090466, 41.55371403002795, 3.5328272367183207, 66.76860401968602, 44.31838802461692, 63.161188923279376, 42.22530783389515, 84.95407780257746, 77.5250730127249, 54.94681401636101, 76.87331512773967, 105.48401324920596, 61.6832475591196, 69.27512088283535, 104.90413273254026, 66.57350124662811, 75.72295068264744, 73.18763089416134, 30.298253258002497, 75.58006766466505, 95.60730341209158, 98.82596990371651, 81.50295897338991, 90.30873451803436, 56.14335030024534, 49.13275588027029, 19.336746692880048, 88.11862925827631, 95.31988778386372, 90.96144727920887, 81.87673601055904, 91.9492751727803, 69.11905400039608, 106.13933405798466, 33.33926624296592, 89.38287950447807, 89.15857276440792, 82.22809983415816, 85.53440582299854, 34.81225572280849, 100.82435164898021], [16.589020631181498, 47.803431707287416, 50.143379888601245, 22.653987687018727, 62.69199674618197, 21.267842286425008, 30.76082257100458, 33.944318328502, 78.63483033222955, 29.790259003717004, 29.82127349098488, 32.70680597355577, 13.18971130439715, 69.61995693876469, 0.0, 83.14439131548487, 39.96592763101722, 31.659158675076405, 20.70277510022317, 47.72058444754782, 39.2880167513451, 28.842383936472224, 69.73351537778157, 57.951206134926736, 51.87506553416794, 20.710854407560554, 52.955645243490565, 28.609183145721385, 7.971259123119486, 44.3067989313612, 63.38229834269284, 51.98744349408663, 22.7553818250496, 43.35607506020304, 47.54094837584506, 58.584470245176405, 49.274836940049774, 62.87662501994772, 50.0259783797087, 34.1775793256114, 27.36674414861512, 31.16811934607161, 44.11699413246791, 53.54276391037237, 25.20679108130359, 24.48140180255623, 51.388517871080765, 41.51366449124237, 25.71635028344879, 24.624870791178694, 59.64425837980475, 28.730330841759834, 66.62362315922198, 56.37643491827569, 76.92461577012628, 37.51409588596292, 44.6950046524996, 53.585458572401166, 54.97458017874645, 39.93175283236705, 48.96155963202094], [68.26027522126161, 83.6952931903246, 42.439291191001175, 62.507386337712134, 37.86287641564965, 64.18970152828084, 93.54763169668296, 114.86272605000846, 11.946610021468464, 54.06934273616006, 109.08576942483047, 115.85030248812457, 93.78867473984324, 63.808257495651276, 83.14439131548487, 0.0, 44.27146405662463, 62.14545666155219, 71.27097505961373, 39.19305492471374, 48.63505920421148, 72.43949370405849, 67.25970550581285, 30.309163673157055, 32.884618438939775, 92.87593161035562, 32.813733710849704, 110.62567613335092, 87.83085472942919, 39.0348317126776, 34.08386593245247, 82.66805173405481, 61.08341366945414, 46.43162288971675, 86.52976421817135, 29.519285691971543, 46.36082719145232, 30.792435011162084, 43.889345251479476, 60.00469782535249, 96.04857626584854, 96.99047649457769, 57.06847199180802, 59.037319081121474, 57.937601340502525, 80.60943385213237, 67.81543765519861, 67.33590784306591, 102.69111566875065, 89.53164783280478, 43.16979865533401, 111.85515250018284, 23.176303092407526, 79.22987451697901, 32.090996331127776, 72.78290239445016, 65.7144785852031, 49.17900197723884, 51.76720988406647, 51.70821277187863, 78.2775984124109], [24.184647906719604, 47.145519172906056, 27.792636598734834, 18.277574110690086, 37.86931032624867, 25.02908300270721, 58.09663275695889, 70.62230442520857, 42.29241403868218, 15.645654789312607, 64.81438350455221, 72.38626060613774, 51.89138625149155, 45.81052023153843, 39.96592763101722, 44.27146405662463, 0.0, 20.158985914393337, 34.13215875744069, 8.840272137287064, 21.140088481377145, 30.221913048650922, 47.84681955420254, 26.70653512984674, 11.927793984800314, 48.73347228902124, 13.037757871862755, 66.53573127519181, 45.823405224492355, 10.755441772777765, 36.1664026447583, 60.390273313550594, 20.660677425323186, 23.69524155323709, 60.71384781152458, 26.93451903160399, 30.611607456230693, 33.47483614561274, 16.048072137130646, 30.441246668917742, 58.60089796831713, 60.76650380039243, 35.693525323777436, 44.64897669650153, 15.7128645398144, 37.3596854500961, 36.40153065712217, 42.756873585265446, 62.57852217903339, 52.62200875179035, 38.437741780097795, 68.56153421984123, 33.283017462463874, 60.53357832873005, 39.02450038162634, 44.896164736810725, 43.519626855677494, 37.23325407752372, 40.421379377251306, 13.050873888647828, 55.635507984003226], [16.379981518839298, 28.069319139377928, 45.827887675826716, 12.536913235904297, 57.13560525208786, 29.069401181828535, 58.59963894217272, 55.54131042910215, 61.82170814516894, 25.907707334367018, 49.13315491622087, 60.45554263172399, 44.84783157267393, 38.627850581540784, 31.659158675076405, 62.14545666155219, 20.158985914393337, 0.0, 37.39480155011736, 22.953263431331294, 36.525939241811926, 10.347915133135851, 39.24779364353063, 46.72309374958991, 29.511055038394794, 32.11136923728148, 29.339087522308265, 52.64536817859407, 39.36642229627952, 30.422214162713168, 55.83431493868721, 69.84589070861112, 25.071653713923787, 40.25800033194673, 68.15461668311328, 46.99726870970727, 47.709060936851166, 53.40557403863367, 20.72305168724258, 41.309871371017934, 56.99182567110223, 60.19948733088804, 49.56848359278939, 59.615477667645884, 20.226767182176193, 18.607381671974828, 22.332913879023064, 53.592893248047154, 57.28878217385731, 52.36337839155549, 56.87025862708528, 57.242682241881205, 53.43235984389612, 71.71799088191364, 47.54550675647743, 53.37936905394604, 55.44076696864175, 54.15536511170116, 56.99921833513035, 10.767156378915864, 65.47821152712613], [22.29357645468794, 61.55568788757378, 32.59450574890194, 24.868185675668823, 44.46421963461892, 9.276785139197942, 23.986207633561655, 53.50259669537177, 64.48015154679706, 18.8421381437014, 50.125715160623024, 48.95965403121236, 24.98560714093877, 75.11516520259944, 20.70277510022317, 71.27097505961373, 34.13215875744069, 37.39480155011736, 0.0, 42.97225629737967, 23.069563340156417, 40.25509570931621, 76.17956382763145, 42.67215969178381, 44.446374737209865, 40.834490257512236, 46.23934211910739, 47.650001886058206, 20.152751276881883, 33.15930397875392, 45.87897111719395, 33.761144542802874, 13.856174820000609, 26.342012289831494, 31.03524497474032, 43.41254396870531, 30.7073912540294, 46.24147121092141, 48.84229515000269, 14.4001437821665, 25.12218196038422, 26.81923916597222, 23.860172608858402, 32.918506747148626, 19.442522612377317, 40.02501124394248, 59.7122969941874, 20.944497110906035, 31.602822224762487, 18.795922945228142, 40.654019341127864, 44.68311027268739, 51.44439498431626, 37.087095292542834, 73.08921631098092, 17.806701088883912, 24.04208712357466, 33.965785059621744, 34.92670973494615, 40.792321405944506, 29.974739008926786], [31.39391664237436, 46.808737724574236, 32.86768619191218, 25.272294171224047, 40.96240360479948, 33.85416691519349, 66.93345753317402, 76.8850661684503, 39.49369475197507, 24.42175480221716, 70.7945891363838, 79.69079086217694, 60.0472158271826, 39.45859102412428, 47.72058444754782, 39.19305492471374, 8.840272137287064, 22.953263431331294, 42.97225629737967, 0.0, 28.39788823343568, 33.26308536454153, 41.89204819071543, 28.452870146171904, 6.9434302637370395, 54.157614551279956, 6.390480731566634, 73.21026545381693, 53.999926177788566, 15.55779390054617, 38.54818460737322, 68.4078333149064, 29.4492826729107, 30.154908946107444, 69.0935090709294, 28.43387529989628, 36.31260882131973, 35.22823912582046, 9.236813504771053, 38.65807340593968, 67.37184031599503, 69.58443888762771, 42.88683636313434, 51.11897507274591, 24.33709199468249, 41.447449408537636, 33.475152813791865, 50.69987603181292, 71.05791795919036, 61.433790150120075, 42.61900969090389, 76.0006795667321, 33.063582033668965, 68.12592308015174, 30.233716783258505, 53.267871928865524, 51.16291561222341, 42.782308128631485, 46.099117909881066, 12.721472357385176, 63.61905254472408], [29.883688459775172, 64.55888655946802, 11.048256225392983, 27.131408956064178, 23.69843443998944, 18.055378864294198, 44.96880845258558, 73.19834159390885, 41.41455819478975, 11.573081232036213, 68.66758730726163, 70.83368116280559, 47.284188865610446, 66.94800216090466, 39.2880167513451, 48.63505920421148, 21.140088481377145, 36.525939241811926, 23.069563340156417, 28.39788823343568, 0.0, 44.43816225801275, 68.97354917839652, 19.615057366506633, 26.600857516097918, 55.535116798033904, 28.8336470558494, 67.88133664059711, 41.76064973825493, 13.647269358689137, 24.105849938420896, 40.27799410059544, 17.19632141311336, 4.268945696500783, 41.73050379488091, 20.349078861899297, 11.503084735911223, 23.70862468154918, 36.950091229212305, 11.846708644209166, 47.44556752182024, 48.36762452330612, 14.575813399843316, 23.6949895319321, 18.223629622640207, 48.677984842732435, 56.488186096949654, 22.60672544716452, 54.66607253140155, 40.917612554144284, 21.612375815278682, 66.61007597674758, 28.40589512202893, 39.7297918909819, 55.72781073796867, 26.2064519266636, 22.795296179509172, 17.69616372066891, 20.47358499577904, 33.314046208915514, 35.47157425492967], [17.995374037616937, 21.40238159274658, 54.47208381620401, 17.642933304140016, 66.26848807179128, 33.38465308989699, 58.57397254527137, 47.0313670048342, 72.13930898029315, 33.10286977354968, 40.42351920321384, 53.571681176493925, 41.492388477702555, 41.55371403002795, 28.842383936472224, 72.43949370405849, 30.221913048650922, 10.347915133135851, 40.25509570931621, 33.26308536454153, 44.43816225801275, 0.0, 41.2912125430461, 56.46717299263082, 39.85802974958048, 23.373763653438136, 39.65323823838056, 44.86590259853773, 36.80798912103115, 40.09657379040036, 65.243473703061, 73.86620950620026, 30.277506708627403, 48.44437378381656, 71.23874848710885, 56.789964012733876, 55.89078632024351, 63.037776799717896, 30.154399661048753, 47.182322342884056, 55.936891244735065, 59.544914375338315, 56.29266347319488, 66.53333486768837, 26.65409456125964, 8.964670004187138, 22.710422866483054, 58.80975287214288, 54.228741462926145, 52.2658953258301, 65.53146327454235, 50.79421944741787, 63.4777779485955, 76.53451466519091, 56.174704107887855, 57.52583167205849, 61.07955149376015, 62.11163068173745, 64.73494485261382, 20.81760057030453, 69.81084040312942], [55.58910557055288, 31.576924381644247, 74.72332583525248, 51.48117052599881, 82.42853283307639, 67.330427699031, 97.84270582229672, 84.62452621444264, 73.620194244315, 61.32680847359133, 77.93032832878804, 93.56286826649568, 82.66026347976825, 3.5328272367183207, 69.73351537778157, 67.25970550581285, 47.84681955420254, 39.24779364353063, 76.17956382763145, 41.89204819071543, 68.97354917839652, 41.2912125430461, 0.0, 69.53562455688082, 47.022740442215444, 62.23948918667467, 44.98138757192773, 83.94870407033842, 77.67870504846921, 57.27691420751194, 79.66363241892304, 107.06664232662126, 62.928946625930514, 71.44576765046789, 106.27107205332393, 69.36522159382423, 78.02893396949185, 76.02304632520774, 32.6698898748939, 77.25968785044114, 96.0663159923388, 99.37395629058406, 83.48724342110782, 92.46234643758152, 57.44804814206114, 48.47455085816832, 18.660678020931257, 89.82267107940044, 95.36951178972136, 91.59532377114026, 84.44835338672209, 91.24471502771134, 72.13264177970396, 107.9134288081219, 36.87208680121917, 90.86103879243714, 90.97381101697395, 84.57207721390779, 87.85884146883558, 36.35570478314839, 102.44485564753502], [45.914189570988476, 73.77739589407372, 12.149814974125672, 41.435250582764155, 13.026905399963294, 37.14003090635859, 63.733821942993984, 91.51881018314587, 21.894867983891064, 28.298188012690726, 86.53612541611533, 90.08336490668444, 66.76681157502108, 66.76860401968602, 57.951206134926736, 30.309163673157055, 26.70653512984674, 46.72309374958991, 42.67215969178381, 28.452870146171904, 19.615057366506633, 56.46717299263082, 69.53562455688082, 0.0, 22.540375852696705, 72.0595005795923, 24.555275620510177, 86.49473025776355, 61.12256295638812, 16.37115009290881, 10.147492329296828, 52.95898462705709, 35.2147803174643, 16.600230190857758, 56.40004642844782, 0.7920868327981003, 16.186468562685064, 6.840057632943268, 37.45518622264939, 30.13850685064948, 66.68636587765, 67.28886209280601, 26.821026220016, 30.160713693940966, 34.03097322963171, 62.718433712210924, 61.77933380284492, 37.07082736862875, 74.24943301003499, 60.14951713206045, 16.30512510202065, 85.8968300506778, 8.80530447865993, 50.18354554611755, 46.06888928379925, 42.47692350916955, 35.60990969783219, 20.122350009323945, 23.207056418015004, 39.23319605152687, 48.414165196799566], [36.071773261097995, 53.73573218776278, 28.800678774864895, 30.08986748961631, 35.407246190409744, 35.75826646248319, 68.35716441922675, 82.32249914051457, 32.58257289796623, 25.612942262908746, 76.39851532718185, 84.31264524365524, 63.64887820019995, 44.31838802461692, 51.87506553416794, 32.884618438939775, 11.927793984800314, 29.511055038394794, 44.446374737209865, 6.9434302637370395, 26.600857516097918, 39.85802974958048, 47.022740442215444, 22.540375852696705, 0.0, 60.02774493340529, 2.3098268471321677, 78.36116566243294, 57.580345894582976, 12.954330938772388, 32.68555129624246, 66.84485007825309, 31.700444161700553, 27.40841158661406, 68.24039121726983, 22.410726010819875, 32.62736997780815, 29.149577266239906, 15.097086921629442, 37.87295653086383, 69.39557119134317, 71.26553885977708, 40.50305960378186, 47.80171455359107, 27.25277041793741, 47.80063267077464, 40.07814154430836, 49.2039254667818, 74.02953366136714, 63.209087421331326, 37.66010642193964, 80.48875300893253, 26.36872981113113, 65.90950615426677, 29.29669019606714, 52.54577632812496, 49.20736705878993, 38.80036309943302, 42.15574919556087, 19.588172585194215, 62.03895329141547], [26.156707309430484, 33.93782937046856, 66.56442094973998, 30.954791085655526, 79.18539985974678, 38.82858439094067, 49.56329744036399, 23.659717274605864, 90.70787449522044, 44.386864927702725, 17.09092861459401, 31.346806179715276, 27.600867038253277, 63.161188923279376, 20.710854407560554, 92.87593161035562, 48.73347228902124, 32.11136923728148, 40.834490257512236, 54.157614551279956, 55.535116798033904, 23.373763653438136, 62.23948918667467, 72.0595005795923, 60.02774493340529, 0.0, 60.357852069842856, 21.830607223850137, 26.04822603705583, 56.433538256146136, 79.17170503588898, 72.6763402978845, 38.39227942362281, 59.7994550616092, 68.05040067079375, 72.56454875466068, 66.57655142501875, 77.89940632917352, 52.82153479485975, 53.11598393843678, 44.95012875624677, 49.031262927521816, 63.16840136111544, 73.04665519590928, 38.12916307254134, 14.533533986037806, 43.825314156523085, 61.778626636561455, 39.05412947601945, 43.916840692129995, 76.97342206463054, 29.297724107362576, 80.17407719562796, 77.07696377199724, 79.37957215050808, 58.12266959995835, 64.83650600050808, 71.71760279569067, 73.55537256674283, 42.80412280583377, 69.66962247602635], [36.928779514334586, 52.726544759441445, 31.094132199550494, 30.872558258884272, 37.487770900152064, 37.435706810028606, 70.19085593310808, 82.89548165621954, 33.34061964703086, 27.39850583317496, 76.88374678200199, 85.24690763746551, 64.9259048574824, 42.22530783389515, 52.955645243490565, 32.813733710849704, 13.037757871862755, 29.339087522308265, 46.23934211910739, 6.390480731566634, 28.8336470558494, 39.65323823838056, 44.98138757192773, 24.555275620510177, 2.3098268471321677, 60.357852069842856, 0.0, 79.06888886212009, 58.857313253478615, 15.197001210721494, 34.68324801859406, 69.09552704889553, 33.28129513748193, 29.704288846204516, 70.42624904773972, 24.387058853691133, 34.93274620580757, 31.07824154494774, 13.475159614349215, 40.02328028809531, 71.10101213634886, 73.04811424384339, 42.79259827680739, 50.110680096843275, 28.64026255111629, 47.804685705051845, 38.64191105709225, 51.44031141356921, 75.50039409019185, 64.96434846772507, 39.85547229350632, 81.47293145906781, 27.92718363157834, 68.1999188309142, 27.210019611472195, 54.706699308696486, 51.4779130307482, 41.09127238548622, 44.447006830986936, 19.06195988601015, 64.28911056164111], [42.383657862583284, 54.554139577492826, 78.67865008848504, 48.27505505740428, 91.16252633517878, 49.83524685743491, 45.04777772421902, 6.255919122693053, 106.86885134013534, 58.23573873874863, 8.017814722859425, 10.501848994517129, 24.22411424024795, 84.95407780257746, 28.609183145721385, 110.62567613335092, 66.53573127519181, 52.64536817859407, 47.650001886058206, 73.21026545381693, 67.88133664059711, 44.86590259853773, 83.94870407033842, 86.49473025776355, 78.36116566243294, 21.830607223850137, 79.06888886212009, 0.0, 27.62210718929573, 72.32218005759353, 91.95747504279421, 73.00884887740852, 51.28132544802683, 71.91661226590179, 66.93011062803004, 87.1141259453738, 77.61146560162824, 91.48563786524596, 73.23246326044114, 61.90725466109716, 39.10279054713713, 42.89307941536696, 71.50588036084453, 80.19499860274485, 53.10585805538157, 36.246511501078025, 65.6254199753767, 67.01587899378795, 29.16273067014449, 41.36608320701801, 87.89032127773616, 10.519394378695957, 95.11755139303463, 78.63913214542883, 100.18953932756007, 61.74737846653227, 70.40776607899228, 81.50838731575135, 82.57555799005917, 62.96725790887003, 71.26970946012098], [23.69540473314656, 55.446618371235054, 52.11788008295685, 29.522895846177345, 64.33092675561211, 24.020759335875326, 23.68510914102352, 33.61515384685153, 82.43783395443681, 33.79351589467319, 30.93071674235796, 29.100978530417454, 6.0693133057607005, 77.5250730127249, 7.971259123119486, 87.83085472942919, 45.823405224492355, 39.36642229627952, 20.152751276881883, 53.999926177788566, 41.76064973825493, 36.80798912103115, 77.67870504846921, 61.12256295638812, 57.580345894582976, 26.04822603705583, 58.857313253478615, 27.62210718929573, 0.0, 48.79618607149885, 65.47422347582635, 47.56779108211658, 26.748241764285854, 45.53133657891132, 42.40779788437561, 61.80905679305182, 50.62128224064326, 65.44212481351633, 57.04540590921664, 34.528541795062075, 19.714016197724654, 23.645998812310445, 43.94931438870049, 52.57991915959397, 30.372634920939742, 32.10984346317606, 59.357016015452835, 39.54203768423024, 17.926468382566465, 17.879465345450164, 60.725869119099485, 24.859573591930996, 69.91226184859113, 52.566295031496736, 83.6889440909024, 34.604948059936454, 42.90392410269371, 54.11615442082012, 55.044493559884124, 47.13800462388009, 45.09662626705776], [30.520168274674546, 57.833412918395915, 17.493388884654994, 25.518481417694122, 27.114165969325597, 25.32649677213453, 56.660514526366484, 76.9643299475295, 34.5924723644715, 15.0731952841472, 71.60572219276408, 76.9842597946582, 54.76127769270511, 54.94681401636101, 44.3067989313612, 39.0348317126776, 10.755441772777765, 30.422214162713168, 33.15930397875392, 15.55779390054617, 13.647269358689137, 40.09657379040036, 57.27691420751194, 16.37115009290881, 12.954330938772388, 56.433538256146136, 15.197001210721494, 72.32218005759353, 48.79618607149885, 0.0, 25.486751754613447, 53.898526213010896, 22.049922891880925, 14.719215956094695, 55.32783987870148, 16.70997079277453, 20.776851443143286, 22.98761199290448, 24.64881478153224, 25.065887106959398, 58.27892476662703, 59.78218217665023, 27.69897843859916, 35.58255798938392, 19.22059414466787, 46.460295198107964, 46.99397812671944, 36.24970655936697, 64.02062997163193, 51.901250021768206, 27.82282596870568, 72.93664336689693, 23.83555901078686, 53.09152547247849, 42.13068660506878, 39.68872422393546, 36.300185523283716, 27.29569490143066, 30.590675815050584, 23.757603233508338, 49.0921172531079], [53.11695231283855, 83.30571886420174, 13.356362797507936, 49.28508804701875, 3.8499098883511915, 42.12369200304649, 64.43635245976236, 97.3030879675162, 23.185677620189082, 34.78876099846526, 92.74224190844177, 94.56851716908942, 70.75060676262667, 76.87331512773967, 63.38229834269284, 34.08386593245247, 36.1664026447583, 55.83431493868721, 45.87897111719395, 38.54818460737322, 24.105849938420896, 65.243473703061, 79.66363241892304, 10.147492329296828, 32.68555129624246, 79.17170503588898, 34.68324801859406, 91.95747504279421, 65.47422347582635, 25.486751754613447, 0.0, 49.11004820540768, 41.15565314347453, 20.044653445274648, 53.62516875157943, 10.300356514092005, 15.497771559892898, 4.002534419370022, 47.59069833271818, 31.921066531367586, 68.17304023387982, 68.16585132782656, 25.48739154308612, 25.188555998389486, 41.12015725649088, 70.9111448743221, 71.76425815056777, 35.39915309670491, 76.7954518267692, 61.734153733035484, 9.106986279074517, 90.31409713764837, 11.256668588923384, 45.273432238084695, 54.866172119144025, 41.555869929814506, 33.131307277324474, 15.785800703201886, 17.929628945510423, 48.968041318225524, 44.9530583159895], [55.87274721047426, 95.23627430098821, 41.06971326864466, 57.47902222312479, 45.64141032697787, 40.86097514677239, 29.09482967131268, 79.26473464669338, 72.2723741116521, 45.76507063887195, 77.91036610201624, 69.9624181401189, 49.06092310036048, 105.48401324920596, 51.98744349408663, 82.66805173405481, 60.390273313550594, 69.84589070861112, 33.761144542802874, 68.4078333149064, 40.27799410059544, 73.86620950620026, 107.06664232662126, 52.95898462705709, 66.84485007825309, 72.6763402978845, 69.09552704889553, 73.00884887740852, 47.56779108211658, 53.898526213010896, 49.11004820540768, 0.0, 44.7862412173821, 39.74827698004459, 7.1510386560133465, 53.710590648635716, 36.866359059166875, 51.97855956519585, 76.4343433265349, 29.989951427250773, 35.157146528276165, 32.36602903531224, 26.79446675260209, 23.982294881835916, 49.941415029544466, 73.70200945173771, 92.0235008861239, 17.713866342287304, 46.27083852548169, 31.664889394399843, 40.13212480466504, 66.08620245513339, 59.5127513216028, 6.6121381007426745, 95.75343047717497, 16.47150267635772, 17.79887084204688, 33.51914052220248, 31.188483044622412, 70.71891107691006, 4.8066396733728505], [13.40546555751508, 51.528275640178606, 28.24457082060588, 12.908755392803467, 40.89419763346244, 4.583497849498676, 37.593406802952934, 56.37186819026399, 55.96848225718781, 7.094290084897909, 51.61426842743011, 55.18646838700525, 32.71390165562515, 61.6832475591196, 22.7553818250496, 61.0834