instance_id,num_cities,city_coordinates,distance_matrix,best_route,total_distance
2320,68,"[[90.75523847983477, 50.6258861932202], [56.31709509730193, 1.1159980118156332], [74.29383630569211, 50.681759342083], [74.34043726253084, 12.405682771516569], [77.50426703005606, 90.52261489460237], [20.12651466493952, 94.82578145592365], [38.264109860465865, 8.187838232330403], [31.775859244138726, 12.511507473786033], [22.851605551234123, 45.254876438342336], [60.039009955006264, 94.15943994125593], [7.970049284837211, 27.332702578427803], [75.87404501728592, 92.14191385922234], [3.0985391315587307, 31.445094238544456], [55.867272108649146, 88.99284630616428], [83.60040727053828, 93.61059819021136], [0.6249102212712132, 92.83008181909167], [84.70990685770731, 18.731111848684368], [90.9589117678363, 92.35088734172048], [6.126487172801276, 3.0895727073452117], [32.778156129674095, 69.42506955100562], [31.13662360238144, 56.0221245597979], [15.523206273728752, 94.6681437558568], [66.40873364377458, 43.14666257125814], [38.65951596827386, 10.754872681830863], [75.07715585826661, 18.507528509793236], [17.87601712727236, 52.500945094632655], [96.48173986374935, 67.43475988642648], [76.83120305715995, 9.831955855894437], [31.05351110770175, 83.80177815397656], [5.446249017856042, 86.24922148405919], [11.287065591107726, 81.60964504919214], [59.61997079384814, 39.67146034337342], [97.57951297034018, 89.65872230491757], [86.2979268434578, 55.1850034302314], [15.768546130863593, 39.194466740905995], [94.98707333269496, 6.193298141637293], [26.70356846016754, 39.82149051348078], [34.176839865283036, 10.992604078845558], [45.81219427541684, 16.394795219304427], [79.73824641700297, 87.80699874503289], [72.78012773167981, 46.007796150062106], [13.867549170855165, 16.745534367707293], [20.63019380485248, 0.5335454278333263], [91.73668712191485, 22.01284978629401], [71.49359983529708, 20.396654158845617], [40.88507091863083, 63.15678194799654], [54.85162756176001, 42.57857285369527], [93.5201434377485, 65.76434917128167], [49.53822492633926, 98.52137717201241], [66.16002070720295, 20.70185986368078], [67.53078756914357, 54.136723588977084], [15.615636064723015, 30.836468994555112], [65.1575583029702, 50.08654178527211], [2.6393234856233794, 84.73366442791765], [41.70587960937024, 31.119037822835182], [42.17226044366367, 93.9585902370286], [44.17670246419061, 56.87630718765219], [10.487523053798641, 16.37934251950658], [43.06869566363448, 78.23486222222597], [81.4636985950451, 63.27930243692603], [37.83230512533491, 61.10514647769659], [56.06411059080566, 12.110128175073886], [26.826891100130712, 29.613535865468933], [18.671824924117576, 69.96432573798674], [33.87194228576882, 93.55949571725982], [84.22304413072025, 50.65614317555941], [66.87717915961913, 72.87320558964865], [36.43605641774392, 72.27094202601971]]","[[0.0, 60.309325542332786, 16.46149699594884, 41.59602924078221, 42.0397098638245, 83.31894963905094, 67.50041850585752, 70.22302357629233, 68.11571852875906, 53.27904838416884, 85.99976716808001, 44.102499612086184, 89.73070667638036, 51.85743751695818, 43.576106699632994, 99.52220958370675, 32.46263490399932, 41.72549824328758, 97.0655791082251, 60.94876022329699, 59.862330629662466, 87.17556493120188, 25.46941467171198, 65.60230195981651, 35.74060960545119, 72.90333840668447, 17.7575632600348, 43.10479688872795, 68.30033717785203, 92.4480702895822, 85.29468808265631, 33.00612578867497, 39.6249040029675, 6.375984394945944, 75.85302485816896, 44.63365666381761, 64.95653468522401, 69.0790289519527, 56.49464409680587, 38.778979418017975, 18.558862089448045, 84.02139612678852, 86.17867772264728, 28.62986367171741, 35.84434673223668, 51.42039440727414, 36.79440893588309, 15.38888432487663, 63.18876690020623, 38.734636813247036, 23.488318358761884, 77.7018718189201, 25.603361553269337, 94.4867980798079, 52.7859520985348, 65.10014588778871, 46.996040045606996, 87.26816082232222, 55.10228600640376, 15.69846030880468, 53.950456633420984, 51.83568240049875, 67.29303429773593, 74.63239078222769, 71.26713276584476, 6.532264423581147, 32.635945477746446, 58.47291665292215], [60.309325542332786, 0.0, 52.725021770715855, 21.267295191874823, 91.88274809197584, 100.45537131071147, 19.38868742504018, 27.057898903988093, 55.391150731047986, 93.11785401460413, 54.99774938236642, 93.10312371790718, 61.2541327341194, 87.87799956114777, 96.43459019098671, 107.29908026108163, 33.41323083970867, 97.59026843530505, 50.229394988490384, 72.25102699801494, 60.40479183979981, 102.05951860882143, 43.225200194574334, 20.117107287136214, 25.581345015795623, 64.1726519804332, 77.53306949809384, 22.288933274799607, 86.45916327213303, 99.17413331919587, 92.23302429556603, 38.696675095762515, 97.6852146129264, 61.82481394333493, 55.6251256541139, 39.00187422847853, 48.73475258667807, 24.243313493461084, 18.541698557176723, 89.7991087776878, 47.815321640721606, 45.23545463529302, 35.69165413467997, 41.124517179834996, 24.537114694323662, 63.93126184948153, 41.488464753666136, 74.58871304332337, 97.64097997324926, 21.920063162372315, 54.19358116586964, 50.39757100115599, 49.76211357206194, 99.3640644401689, 33.371694831644355, 93.91391418994282, 57.066638350887516, 48.30444450825532, 78.24857381868189, 67.05690184106076, 62.77248914906306, 10.997040474927427, 41.009532983382975, 78.46820118431609, 95.12930753847385, 56.85919428114108, 72.53007800058829, 73.88018514217868], [16.46149699594884, 52.725021770715855, 0.0, 38.27610493878711, 39.96999670493674, 69.87698778653811, 55.71242697100632, 57.13796024619717, 51.727692419494375, 45.754877167050786, 70.3137481332073, 41.490257557133425, 73.74835336479629, 42.512088309998894, 43.926045439719395, 84.87397574084642, 33.605630495379465, 44.87806778827641, 83.13725829302496, 45.55066825048034, 43.486371531519836, 73.40837124027611, 10.90653599153618, 53.515988865855405, 32.18376483836083, 56.44714127084867, 27.802267740967142, 40.92853130631097, 54.467066832427676, 77.49215856186429, 70.18822743304047, 18.345272227488724, 45.402933600558384, 12.820974883226286, 59.64199427712772, 49.06560137855527, 48.813717668686934, 56.432281975028815, 44.573532970782644, 37.52232671605649, 4.912967083891818, 69.30370511316983, 73.4481441919894, 33.5582988203367, 30.41428809375426, 35.661909563366876, 21.063264516883873, 24.436354103916763, 53.86528871990982, 31.06369792740921, 7.594445744111102, 61.943254132285865, 9.155646327974676, 79.33411276025015, 38.00888047392334, 53.89508074184291, 30.74758809789738, 72.44240064125795, 41.64352154225219, 14.494999733518918, 37.92216047900008, 42.662555367954475, 51.93246506385308, 58.86956358717503, 58.92732636745937, 9.92924086829338, 23.398014654687927, 43.58100855882901], [41.59602924078221, 21.267295191874823, 38.27610493878711, 0.0, 78.18097532725383, 98.65202517214244, 36.32205406330604, 42.56470956968224, 61.07511207975684, 82.99522657599725, 68.02826119066619, 79.75097805555403, 73.74216730144701, 78.783573472428, 81.73117723798289, 109.09657597346619, 12.146479024621462, 81.65420643576937, 68.84717055603572, 70.55943368307027, 61.39188471656043, 101.12655016557324, 31.747752067570243, 35.719088991170665, 6.146159427075416, 69.25215377134833, 59.31641095849805, 3.5816175786775735, 83.49347526480707, 100.99147183541523, 93.62113048913994, 30.985718640263677, 80.67271383127328, 44.419048088619846, 64.40733946762975, 21.56101351521682, 54.96269447032159, 40.18844793320453, 28.805792230954438, 75.59427752287966, 33.63832025141407, 60.628413355664264, 55.00670774905874, 19.872774522445173, 8.482930333924152, 60.785981976319704, 35.91959074744724, 56.701044160836254, 89.61619585124735, 11.650998642315301, 42.28298826543844, 61.549136115151114, 38.78366153421391, 101.84491468570103, 37.619197366426825, 87.66794349092645, 53.735345285441305, 63.97643804355249, 72.87937081082579, 51.36989419759427, 60.86445167268415, 18.278716287833003, 50.53362521163086, 80.0749135486647, 90.68428993666377, 39.5065012324862, 60.92636159555239, 70.85613137079616], [42.0397098638245, 91.88274809197584, 39.96999670493674, 78.18097532725383, 0.0, 57.538888666076176, 91.20748534369503, 90.42577154582254, 70.9653545870312, 17.839890726053884, 93.95729059506418, 2.297771300138379, 95.00718810159668, 21.691005997029283, 6.833634952613938, 76.91397731843065, 72.15220824699608, 13.578293160805183, 112.86861531652373, 49.452314564622625, 57.7948284051256, 62.119540420217454, 48.657905006996266, 88.72320656274208, 72.05597501700846, 70.7189901005858, 29.88634343696331, 80.69346609988091, 46.934447607831494, 72.18462337013206, 66.81436071587795, 53.904433686454894, 20.09382517017122, 36.41531596623431, 80.28622564195426, 86.12248359306358, 71.7726618476606, 90.56648698648472, 80.61836717088008, 3.5164236054699525, 44.76479174496108, 97.43043400787815, 106.45512119536947, 69.9724924300023, 70.38308382870879, 45.71492466042744, 53.02615620711038, 29.48694658205621, 29.087449336739347, 70.73633972521853, 37.72801848311174, 85.9804550765167, 42.27904001860259, 75.08842600172693, 69.3563948806662, 35.49868470767102, 47.3582155724084, 99.9423274277064, 36.56224064618314, 27.529532723684476, 49.38878424732982, 81.29082593798492, 79.23454006505118, 62.320939476195505, 43.737882981712374, 40.42867216535391, 20.60186024172998, 44.9413115674096], [83.31894963905094, 100.45537131071147, 69.87698778653811, 98.65202517214244, 57.538888666076176, 0.0, 88.51613166813915, 83.13451106689288, 49.64575253332992, 39.91805720840845, 68.57911742579881, 55.81209802240377, 65.6282215431187, 36.21360069243851, 63.485523648122744, 19.603453596694504, 99.8068799720729, 70.87562049265584, 92.7983446260944, 28.377106917880752, 40.3354222405888, 4.60600670744994, 69.37416754311529, 86.08942931284435, 94.04280249071334, 42.38462589403268, 81.11959367367186, 102.17324540106867, 15.52185233989419, 17.001987543223496, 15.899752244931358, 67.83606868320373, 77.6251598823886, 77.13654822573773, 55.801747881812226, 116.01646582492376, 55.39611591714915, 85.00243094977958, 82.52983544816288, 60.023511003794745, 71.80249757707121, 78.33070684229179, 94.29358126539196, 102.12609763250481, 90.43380136377887, 37.86612189769047, 62.734394652548424, 78.93789705126255, 29.642977721499243, 87.25502524643535, 62.472109934561836, 64.14811092327307, 63.47751143072816, 20.190410631012956, 67.26230873035048, 22.062795098315675, 44.92854471733359, 79.03640895868597, 28.312581478840098, 68.97412899755719, 38.08643116862301, 90.18530977165064, 65.55556436583431, 24.903977647295427, 13.803632132572945, 77.84164717794656, 51.64823537991067, 27.83382715142169], [67.50041850585752, 19.38868742504018, 55.71242697100632, 36.32205406330604, 91.20748534369503, 88.51613166813915, 0.0, 7.796891160570283, 40.143624779633875, 88.6863155989995, 35.83651680884081, 91.99344561905538, 42.16061339245849, 82.7001853138687, 96.70795097444825, 92.63378837594725, 47.62743618187177, 99.2983433066565, 32.53950066270142, 61.48247057424844, 48.36238216648686, 89.42031055293727, 44.880276815812906, 2.5973085790898995, 38.232137830089414, 48.77833294698699, 83.06316974860647, 38.60212170856158, 75.95696574276566, 84.67934544774296, 78.22098589102207, 38.04328137052481, 100.776098345073, 67.20104992181567, 38.30745879044197, 56.75801947958736, 33.67987639693386, 4.957064400156581, 11.150234137508845, 89.77368614386829, 51.20258495998964, 25.85394238075313, 19.223506282502033, 55.230856081078976, 35.40133034668245, 55.03139295061038, 38.182042523781924, 79.80152792144371, 91.03435575586614, 30.57421428849822, 54.47787155921083, 32.02988980124724, 49.78713617539102, 84.42978687772587, 23.188050665462153, 85.85974342165477, 49.046159487884, 28.95927342174084, 70.21160598206691, 70.00909865898166, 52.91906997731897, 18.22702346503795, 24.287249577472547, 64.80888856911199, 85.48456607907842, 62.57619806291088, 70.73121294640266, 64.10917228620413], [70.22302357629233, 27.057898903988093, 57.13796024619717, 42.56470956968224, 90.42577154582254, 83.13451106689288, 7.796891160570283, 0.0, 33.937744697083076, 86.40133427394358, 28.042546463333824, 91.02555470631717, 34.363780301620196, 80.18597984312062, 96.24368183507725, 86.14786712326476, 53.29818829318498, 99.38289734013131, 27.325137554950604, 56.92238704907131, 43.51531249354922, 83.748800670583, 46.23795753520179, 7.104258982331529, 43.71446621804873, 42.33628151013496, 84.8729323302896, 45.134953228983136, 71.29393017982, 78.2975021448884, 72.07179255260849, 38.89675549285402, 101.39927810353775, 69.23642908505231, 31.11614353285466, 63.52619424862583, 27.777028412441346, 2.8410870219463917, 14.563606175146958, 89.27374523956158, 52.9466844031123, 18.402025796615924, 16.361461819128003, 60.7089481503983, 40.49289389400878, 51.45795918901975, 37.90144461637671, 81.5366284527376, 87.82482177684219, 35.34617987546497, 54.87324954987261, 24.432704065375003, 50.2615263950842, 77.87796653171206, 21.091360556983936, 82.1079317029967, 46.06534886679754, 21.63685295263263, 66.68648674046918, 71.03696491813895, 48.969605760657664, 24.291567648472235, 17.803697952962864, 58.928278796852425, 81.07508842074533, 64.8515260834182, 69.82576357791896, 59.94086632423307], [68.11571852875906, 55.391150731047986, 51.727692419494375, 61.07511207975684, 70.9653545870312, 49.64575253332992, 40.143624779633875, 33.937744697083076, 0.0, 61.43744279916116, 23.295171876913486, 70.77975250760721, 24.101736812644063, 54.80003874441069, 77.64465684434127, 52.51120025586423, 67.30497402517898, 82.8048271726542, 45.36124362823215, 26.12919136693217, 13.585843964098268, 49.953742832371276, 43.60811820497811, 37.94918037260435, 58.67647506525286, 8.789880041066278, 76.89826986772609, 64.56454328415997, 39.40983235985633, 44.53630835376117, 38.14980714548621, 37.18988058469433, 86.92503479999911, 64.21871306395916, 9.321925576471857, 82.03250947691284, 6.660277836568263, 36.08551287572961, 36.879437665595326, 71.04064345003157, 49.93419885424771, 29.89140101009501, 44.776468345532535, 72.70038697210535, 54.625770684061564, 25.410314717328554, 32.1117425492815, 73.58451412356338, 59.57764475104577, 49.78422889065728, 45.553446791617446, 16.132257362960047, 42.580965562758756, 44.35212562466026, 23.56492273747079, 52.39598690030282, 24.286156777225806, 31.411255866348686, 38.683461516752644, 61.320937562587666, 21.809457124144902, 46.92168825222513, 16.138600624337965, 25.060475869035614, 49.54577747319848, 61.608661369016986, 51.971369393707754, 30.239132017673793], [53.27904838416884, 93.11785401460413, 45.754877167050786, 82.99522657599725, 17.839890726053884, 39.91805720840845, 88.6863155989995, 86.40133427394358, 61.43744279916116, 0.0, 84.71711451549811, 15.963043159601867, 84.70718018276305, 6.640563714693039, 23.567788838328664, 59.42896970491058, 79.36048029607889, 30.972749161486075, 105.83137923481814, 36.80955351383957, 47.85188357192628, 44.51871018977335, 51.40891785354186, 86.101130090497, 77.13207851109435, 59.271815874643806, 45.191604167528695, 85.983151380645, 30.78051820757342, 55.162859813296585, 50.34132925433663, 54.48959088190922, 37.80933516853135, 46.995078651987455, 70.5763575577538, 94.65415594130856, 63.74844631574376, 87.09520324974781, 79.05531135295307, 20.698150311975514, 49.808803257989254, 90.13720966999537, 101.58180404873285, 78.80274873864239, 74.64687666411376, 36.44225820741899, 51.84105309113965, 43.90065465484861, 11.370707217378197, 73.7121621137372, 40.71786531775281, 77.35137230400386, 44.36913216480762, 58.16845580562806, 65.65208273560152, 17.867878405248597, 40.51721593170027, 92.22306332505644, 23.271951845029303, 37.584573638780725, 39.82115085940197, 82.14553783535452, 72.58938332697886, 47.92335076650024, 26.17394436225381, 49.77353050062215, 22.357645916832602, 32.19014999448535], [85.99976716808001, 54.99774938236642, 70.3137481332073, 68.02826119066619, 93.95729059506418, 68.57911742579881, 35.83651680884081, 28.042546463333824, 23.295171876913486, 84.71711451549811, 0.0, 93.86792052278072, 6.375215787696313, 78.07763622676478, 100.5619734083007, 65.9079491052367, 77.22041895370936, 105.4254032296571, 24.313125410097143, 48.85907820025878, 36.875101345425776, 67.75774360955242, 60.54057449560872, 34.880765607914505, 67.6849130161169, 27.047525399745183, 97.17249800983349, 71.05022614110204, 61.004940013778246, 58.97055000375387, 54.378204100087075, 53.10328930555051, 109.15305179861105, 83.13246697637234, 14.195703649475618, 89.54795862602147, 22.51476326278369, 30.88356669012493, 39.39118879755746, 93.84995799917904, 67.44705618627982, 12.118937066742804, 29.63906346782792, 83.93539449039422, 63.90109734750741, 48.64939169023866, 49.29826510320139, 93.78598013248036, 82.43628216115792, 58.56655060052158, 65.31414155682982, 8.410194784162028, 61.54793567902962, 57.647957975916135, 33.94764472343736, 74.89192315897255, 46.73057144692504, 11.238939930339498, 61.82996711972742, 81.81365735816243, 45.0813962828637, 50.445668836560166, 18.994280289873483, 43.954331925899375, 71.11185689099503, 79.7402163544481, 74.45795702676403, 53.195478442625195], [44.102499612086184, 93.10312371790718, 41.490257557133425, 79.75097805555403, 2.297771300138379, 55.81209802240377, 91.99344561905538, 91.02555470631717, 70.77975250760721, 15.963043159601867, 93.86792052278072, 0.0, 94.76485724670628, 20.25308837366503, 7.864712794029771, 75.25228144508166, 73.94064042387936, 15.086314155493636, 113.11516825740057, 48.71663632002053, 57.49848740523154, 60.40368841835315, 49.90117000800964, 89.49174064655452, 73.63869728695629, 70.25081952351849, 32.17328929905051, 82.31552306839154, 45.5898905846691, 70.67388678122646, 65.4400993098597, 54.9303506362365, 21.847049671670444, 38.398835148770544, 80.10058147562115, 88.04812544940826, 71.79946005320477, 91.23523110794301, 81.49442221573335, 5.807197388138565, 46.2377458465789, 97.61874598447773, 106.97652201975251, 71.90068874694062, 71.87886051870125, 45.43529663584818, 53.83741085253415, 31.735795378895844, 27.097471690582946, 72.09745892320184, 38.91020987251968, 85.9618137288242, 43.39927888544346, 73.60846824555298, 69.93750729826564, 33.75071253334546, 47.41713338912592, 100.07679286671375, 35.631405128751275, 29.398887142778474, 49.096383812881754, 82.44707527726449, 79.46962540431923, 61.35095271030796, 42.02601780079994, 42.31754902417665, 21.265622813329216, 44.161187329753005], [89.73070667638036, 61.2541327341194, 73.74835336479629, 73.74216730144701, 95.00718810159668, 65.6282215431187, 42.16061339245849, 34.363780301620196, 24.101736812644063, 84.70718018276305, 6.375215787696313, 94.76485724670628, 0.0, 78.0786971461724, 101.71086793175233, 61.43480723701953, 82.59576678221663, 106.90631746212398, 28.51673316925991, 48.20122602061049, 37.284911159942446, 64.43233927044903, 64.3825087319512, 41.1420507710455, 73.1320851123231, 25.723971528277485, 100.0783603604443, 76.83510578058207, 59.35236144255263, 54.85439002352308, 50.8284774866687, 57.11694438995779, 110.97513645035328, 86.52006359258208, 14.851998234001757, 95.29509915915486, 25.04718395666964, 37.20436977329933, 45.2876123936444, 95.13311207143965, 71.18704992342528, 18.222201777578736, 35.53706185745523, 89.1385916119796, 69.28168846717544, 49.330042792169, 52.93709954406507, 96.71544749647475, 81.5835286616642, 63.97005192547969, 68.31123393190953, 12.53188494688057, 64.79834432418019, 53.29054880405366, 38.60871730005917, 73.72036949940319, 48.313166889009125, 16.78016562083976, 61.537759149691055, 84.58436634127818, 45.67442609316111, 56.384330027767035, 23.798934707638008, 41.54826621754922, 69.31955865951964, 83.368157665978, 76.05263528602015, 52.70806301101184], [51.85743751695818, 87.87799956114777, 42.512088309998894, 78.783573472428, 21.691005997029283, 36.21360069243851, 82.7001853138687, 80.18597984312062, 54.80003874441069, 6.640563714693039, 78.07763622676478, 20.25308837366503, 78.0786971461724, 0.0, 28.114950086568392, 55.375472217198265, 75.95135883077404, 35.251944819636776, 99.26488856100043, 30.26557720960049, 41.21496655363047, 40.74128924365155, 47.04248052931841, 80.10797331245196, 73.0561404573855, 52.6782147485293, 45.98136667293566, 81.88976112856572, 25.350935358932926, 50.495614133177575, 45.18745925528008, 49.463945058117616, 41.71755539996852, 45.48620656323077, 63.93579930185489, 91.57578295629625, 57.16943100107896, 80.95994465428228, 73.29107457148294, 23.90041106065604, 46.19263168783632, 83.56824043369687, 95.2192186445099, 75.97983197662208, 70.35353363785268, 29.865842931643027, 46.425384370688796, 44.241403667503164, 11.438957063357005, 69.06228712546736, 36.755773475371264, 70.72735274434456, 40.00012436286651, 53.39808184651819, 59.581228133395236, 14.567496603432046, 34.178085135988134, 85.62734701283321, 16.719383378855643, 36.28172249478671, 33.21120045725465, 76.8829701079033, 66.10027411087181, 41.780209265522274, 22.464390062077094, 47.68388211850835, 19.520780468530127, 25.63579969458333], [43.576106699632994, 96.43459019098671, 43.926045439719395, 81.73117723798289, 6.833634952613938, 63.485523648122744, 96.70795097444825, 96.24368183507725, 77.64465684434127, 23.567788838328664, 100.5619734083007, 7.864712794029771, 101.71086793175233, 28.114950086568392, 0.0, 82.9791679662945, 74.88770569395791, 7.465551544163413, 119.14807740698228, 56.283576703892166, 64.539460383888, 68.08541472432566, 53.31193525133953, 94.2589781429973, 75.58516316089113, 77.52224866025917, 29.173673753622698, 84.0516688535321, 53.454553097478666, 78.50007846617211, 73.30240283332468, 59.029585169411085, 14.526965243264, 38.52016283071093, 86.96135203399375, 88.15577412622214, 78.29762685594135, 96.27264391325028, 85.96644269601124, 6.971230377677714, 48.81705861041484, 103.78299251413098, 112.37697955918081, 72.05856386530726, 74.20819622455438, 52.45984067237694, 58.57268940974694, 29.560357745658315, 34.414357705143395, 74.96566686053741, 42.619472701822836, 92.53388791237505, 47.27030953971912, 81.4462831604252, 75.23527473932555, 41.42960834926791, 53.88540281113931, 106.34923925898175, 43.3501199807154, 30.406463556901723, 56.136650817522046, 86.02659035160337, 85.55031340999575, 69.10041249081493, 49.72849124198506, 42.95896742550286, 26.64030424600496, 51.76733445495728], [99.52220958370675, 107.29908026108163, 84.87397574084642, 109.09657597346619, 76.91397731843065, 19.603453596694504, 92.63378837594725, 86.14786712326476, 52.51120025586423, 59.42896970491058, 65.9079491052367, 75.25228144508166, 61.43480723701953, 55.375472217198265, 82.9791679662945, 0.0, 112.07561737516683, 90.33527252829853, 89.90898912004882, 39.7696595624791, 47.809940086273045, 15.011252344493336, 82.43757378913513, 90.4597766372161, 105.1997091764279, 43.86387988336633, 99.1637744600859, 112.67691858225439, 31.739723045030058, 8.158004078244746, 15.478364204199588, 79.4119399659819, 97.00645605008934, 93.57893835713726, 55.732476289660724, 128.1021081522118, 59.07628261617722, 88.44831680547685, 88.79326369596772, 79.27263921169634, 86.01570699149423, 77.22840052228842, 94.43972681600886, 115.3968640942195, 101.33593938095821, 50.01385072774495, 73.93071774860964, 96.75783295478683, 49.24330612612442, 97.45425136366447, 77.28888920674508, 63.78032527631133, 77.40460505072772, 8.343250887496025, 74.1343307582515, 41.56267365980549, 56.475061025365484, 77.08428290733112, 44.88312999065574, 86.07065857673697, 48.89643911332035, 97.9245416323496, 68.43153866663101, 29.129605755183153, 33.255032487317955, 93.63380315810417, 69.19277453836122, 41.293055359663285], [32.46263490399932, 33.41323083970867, 33.605630495379465, 12.146479024621462, 72.15220824699608, 99.8068799720729, 47.62743618187177, 53.29818829318498, 67.30497402517898, 79.36048029607889, 77.22041895370936, 73.94064042387936, 82.59576678221663, 75.95135883077404, 74.88770569395791, 112.07561737516683, 0.0, 73.88451397966868, 80.12497485855532, 72.57261247332437, 65.27416263557741, 102.72892656193788, 30.513145660402525, 46.736055592192024, 9.635345418128795, 74.88104201972014, 50.106101270268496, 11.885661570176406, 84.33979142905146, 104.12215221982069, 96.66759310703685, 32.68031650347908, 72.08573150440716, 36.48846418958091, 71.91425527886526, 16.211629261342846, 61.721466010735654, 51.12216116484802, 38.96781260896223, 69.2545706654427, 29.77141475430464, 70.87017821739171, 66.61352001341393, 7.75534942943276, 13.320840908048835, 62.403977508327856, 38.21280202890532, 47.851287147160996, 87.19824338969454, 18.65427897119816, 39.35326520423757, 70.14668864631692, 36.95209494080401, 105.31817318017168, 44.752732536871505, 86.42120611930268, 55.65964953046878, 74.25963288700251, 72.62703889204164, 44.666308922619514, 63.190729976157506, 29.401004550372985, 58.897119332552684, 83.5815199125651, 90.46427844293325, 31.928743485093207, 57.00326737836635, 72.08937544269517], [41.72549824328758, 97.59026843530505, 44.87806778827641, 81.65420643576937, 13.578293160805183, 70.87562049265584, 99.2983433066565, 99.38289734013131, 82.8048271726542, 30.972749161486075, 105.4254032296571, 15.086314155493636, 106.90631746212398, 35.251944819636776, 7.465551544163413, 90.33527252829853, 73.88451397966868, 0.0, 123.1426918372716, 62.53473793021444, 69.98917892514473, 75.47128818751264, 54.98878959556519, 96.91819441867565, 75.53192579533452, 83.2413802512909, 25.520874545075102, 83.71956884131794, 60.51234829483331, 85.730075334333, 80.39264493220196, 61.29642118627556, 7.147035250226472, 37.45701145830466, 92.08255065815857, 86.25170295340779, 82.99449785814149, 99.21377900790253, 88.36036459210253, 12.105794252939342, 49.78102339477948, 107.97799583889463, 115.6570484079919, 70.34233761860631, 74.54066032419207, 57.96279260984083, 61.48999318778016, 26.70962222786315, 41.877777438244046, 75.81931242359066, 44.8240930169352, 97.26578462267919, 49.517519585837846, 88.64745771457952, 78.58244442816923, 48.81313405248609, 58.7113357405325, 110.66761054725724, 49.92729677923041, 30.582938414636025, 61.63385965107819, 87.49986617603639, 89.71561372011975, 75.67417700106886, 57.099761985948135, 42.235335962986845, 30.972728840847424, 58.10289114500784], [97.0655791082251, 50.229394988490384, 83.13725829302496, 68.84717055603572, 112.86861531652373, 92.7983446260944, 32.53950066270142, 27.325137554950604, 45.36124362823215, 105.83137923481814, 24.313125410097143, 113.11516825740057, 28.51673316925991, 99.26488856100043, 119.14807740698228, 89.90898912004882, 80.12497485855532, 123.1426918372716, 0.0, 71.48922715823706, 58.54367574588058, 92.05939933080717, 72.37761869495824, 33.42386552010252, 70.65343638705092, 50.78912457747432, 110.92508644105753, 71.02546429844526, 84.47376296999161, 83.16243087244305, 78.68947407487462, 64.80576589262874, 125.92804925659803, 95.6106356064468, 37.37021105272758, 88.91477314963673, 42.10285097263104, 29.142412237691257, 41.85671146097526, 112.23071492901306, 79.27598440404982, 15.697430672788244, 14.727212279389981, 87.67666023939253, 67.61948303706771, 69.39905453229197, 62.71778406865291, 107.54431068243522, 104.84182504212919, 62.56370998832592, 79.85173586276213, 29.324634699621445, 75.45450590446326, 81.71852925413194, 45.293974001138935, 97.75723051265479, 65.88498834921444, 13.987015965372388, 83.73494673346032, 96.42872492053316, 66.11403551396849, 50.74580429537785, 33.64561404355849, 68.0412969615064, 94.62883941402629, 91.44206272164398, 92.52244049488381, 75.52967528475685], [60.94876022329699, 72.25102699801494, 45.55066825048034, 70.55943368307027, 49.452314564622625, 28.377106917880752, 61.48247057424844, 56.92238704907131, 26.12919136693217, 36.80955351383957, 48.85907820025878, 48.71663632002053, 48.20122602061049, 30.26557720960049, 56.283576703892166, 39.7696595624791, 72.57261247332437, 62.53473793021444, 71.48922715823706, 0.0, 13.503094588852582, 30.576888164802043, 42.679859621666544, 58.96424674511511, 66.19517628742307, 22.549938701950047, 63.73466806319191, 74.10809769164041, 14.479784207872456, 32.09494095080283, 24.70487507776277, 40.07193875202901, 67.88679217754532, 55.38181416656556, 34.6874066279628, 88.70291029689452, 30.22039885880895, 58.449203051431205, 54.608572093400895, 50.42960837333869, 46.352199792266696, 55.97092533342018, 69.95437859533108, 75.65729944810563, 62.471362216534494, 10.247609324590918, 34.755899153694884, 60.85219713233696, 33.57819267389487, 59.061832386978146, 37.96681332719769, 42.23306983733412, 37.71477616592863, 33.80388010645397, 39.33263674468721, 26.27056971429503, 16.95282558725936, 57.53886929045114, 13.546499577746623, 49.071911503098654, 9.734759473973622, 61.86467635163369, 40.25389136277993, 14.116634773063128, 24.159198962913486, 54.76174849954212, 34.272919539159645, 4.634568443933495], [59.862330629662466, 60.40479183979981, 43.486371531519836, 61.39188471656043, 57.7948284051256, 40.3354222405888, 48.36238216648686, 43.51531249354922, 13.585843964098268, 47.85188357192628, 36.875101345425776, 57.49848740523154, 37.284911159942446, 41.21496655363047, 64.539460383888, 47.809940086273045, 65.27416263557741, 69.98917892514473, 58.54367574588058, 13.503094588852582, 0.0, 41.6808541224964, 37.548625383500784, 45.88810305658879, 57.776425051447326, 13.72014536780155, 66.33424804963344, 64.9732735549328, 27.779777923866398, 39.66954417134025, 32.384041718693645, 32.84273568915808, 74.4719964512151, 55.167654898858515, 22.789205182285063, 80.99254208243173, 16.79620556544241, 45.13203551436294, 42.257515369921975, 58.07233392232447, 42.83069237900471, 42.9053780875897, 56.47448522275081, 69.49099559792745, 53.831771956282886, 12.080379179672606, 27.26041993931855, 63.13964275659338, 46.31204383184473, 49.7409232218884, 36.44296787667463, 29.584088635535036, 34.534839521488614, 40.45304235212981, 27.053149568395128, 39.508995286799795, 13.06802527866894, 44.69827201760183, 25.214679417648476, 50.84762637584443, 8.406501226708945, 50.49399007852394, 26.757939963068836, 18.701769429194094, 37.63689946997151, 53.35692832920226, 39.513874062341564, 17.091168983283023], [87.17556493120188, 102.05951860882143, 73.40837124027611, 101.12655016557324, 62.119540420217454, 4.60600670744994, 89.42031055293727, 83.748800670583, 49.953742832371276, 44.51871018977335, 67.75774360955242, 60.40368841835315, 64.43233927044903, 40.74128924365155, 68.08541472432566, 15.011252344493336, 102.72892656193788, 75.47128818751264, 92.05939933080717, 30.576888164802043, 41.6808541224964, 0.0, 72.41408646929571, 87.04439033404083, 96.68046455089367, 42.23278775841936, 85.41628274530707, 104.67019273410617, 18.954373364209413, 13.131006045054413, 13.728411282989727, 70.49226785623928, 82.20907353790996, 81.04307152185346, 55.474219536687315, 118.92142142786989, 55.97460022643651, 85.72953975385057, 83.92937438877411, 64.5805442177586, 75.14109717031518, 77.94019665294938, 94.27302861381601, 105.29618418917383, 92.99967270047668, 40.449846739539176, 65.26904410040171, 83.18023532279385, 34.23257077253794, 89.63870887506178, 65.93621564014214, 63.83174168154009, 66.71647574344965, 16.269244457407613, 68.73151568158028, 26.658498726451324, 47.42621379716812, 78.45058638733198, 32.07501718928582, 73.03018476577063, 40.301000953630485, 91.97494691209765, 66.0293517946886, 24.903662864438594, 18.3821982829318, 81.58874871363712, 55.78754216519671, 30.642812313380325], [25.46941467171198, 43.225200194574334, 10.90653599153618, 31.747752067570243, 48.657905006996266, 69.37416754311529, 44.880276815812906, 46.23795753520179, 43.60811820497811, 51.40891785354186, 60.54057449560872, 49.90117000800964, 64.3825087319512, 47.04248052931841, 53.31193525133953, 82.43757378913513, 30.513145660402525, 54.98878959556519, 72.37761869495824, 42.679859621666544, 37.548625383500784, 72.41408646929571, 0.0, 42.65263337524572, 26.11950365124764, 49.42597671263844, 38.656142775731375, 34.90698428973281, 53.87791925844414, 74.66093434050259, 67.21457661851521, 7.626554369912819, 55.99097413416695, 23.248691506645063, 50.79417725708567, 46.71480110247382, 39.844157808533794, 45.52777673115009, 33.76210658073393, 46.6070975059189, 6.984321583314539, 58.80132342250195, 62.542405314018936, 32.987016691734205, 23.311343739701687, 32.432425693712986, 11.571059887414757, 35.30705720041913, 57.887590047436326, 22.44618067081547, 11.047191778213207, 52.263559270020586, 7.051763129781099, 76.13157292046657, 27.475348123981306, 56.29616884203742, 26.12979815579278, 61.99734846427981, 42.14189278687612, 25.139116087179037, 33.75084311668822, 32.71509886021352, 41.83142093671647, 54.75399083019408, 60.00080447528187, 19.332406913565613, 29.730233786930373, 41.792164742387584], [65.60230195981651, 20.117107287136214, 53.515988865855405, 35.719088991170665, 88.72320656274208, 86.08942931284435, 2.5973085790898995, 7.104258982331529, 37.94918037260435, 86.101130090497, 34.880765607914505, 89.49174064655452, 41.1420507710455, 80.10797331245196, 94.2589781429973, 90.4597766372161, 46.736055592192024, 96.91819441867565, 33.42386552010252, 58.96424674511511, 45.88810305658879, 87.04439033404083, 42.65263337524572, 0.0, 37.233696667723315, 46.63355429268502, 80.96924842027484, 38.18284262177752, 73.44182533812484, 82.47737752009475, 75.95821092469862, 35.7142787758988, 98.47529401868361, 65.14180461909856, 36.507629481277036, 56.51196051215965, 31.429491771070413, 4.488975524710682, 9.1087613424755, 87.31833842978759, 49.061030973330006, 25.50548264822563, 20.725153521886153, 54.25797771901858, 34.2204765226497, 52.449148606784064, 35.70619512752138, 77.68996685536632, 88.43814572354708, 29.244150096929605, 52.11079842010722, 30.566172666470607, 47.42495589912503, 82.28192933261876, 20.590763786802313, 83.27783611954925, 46.45025368827917, 28.72796278416146, 67.62388523264406, 67.75702008975831, 50.35706851175234, 17.457280184113113, 22.26342714732181, 62.49213650120927, 82.9429108351335, 60.56522505220085, 68.22700198034998, 61.55623900086728], [35.74060960545119, 25.581345015795623, 32.18376483836083, 6.146159427075416, 72.05597501700846, 94.04280249071334, 38.232137830089414, 43.71446621804873, 58.67647506525286, 77.13207851109435, 67.6849130161169, 73.63869728695629, 73.1320851123231, 73.0561404573855, 75.58516316089113, 105.1997091764279, 9.635345418128795, 75.53192579533452, 70.65343638705092, 66.19517628742307, 57.776425051447326, 96.68046455089367, 26.11950365124764, 37.233696667723315, 0.0, 66.53963212426775, 53.404402315074854, 8.851115322320812, 78.74909735178474, 97.14628224712281, 89.72765865687212, 26.20756724253722, 74.62471744717449, 38.35548028693525, 62.812901550360486, 23.4103627353051, 52.86103417505342, 41.58497249642907, 29.341125036412837, 69.45604610170095, 27.596033383454767, 61.23496202484614, 57.33703641344309, 17.024313765199533, 4.051008453171727, 56.237483097202855, 31.440215817943855, 50.72820605825721, 83.99079098857368, 9.183157920508014, 36.41959934356253, 60.72623082025409, 33.10033980357171, 98.14856411325154, 35.67481248210141, 82.314001591546, 49.264603897625996, 64.62468445899954, 67.7635293976609, 45.224989427428135, 56.5838843016084, 20.060474106690158, 49.511932386188825, 76.35026744402597, 85.61931678812788, 33.42425312883029, 54.98060078072518, 66.20905677389707], [72.90333840668447, 64.1726519804332, 56.44714127084867, 69.25215377134833, 70.7189901005858, 42.38462589403268, 48.77833294698699, 42.33628151013496, 8.789880041066278, 59.271815874643806, 27.047525399745183, 70.25081952351849, 25.723971528277485, 52.6782147485293, 77.52224866025917, 43.86387988336633, 74.88104201972014, 83.2413802512909, 50.78912457747432, 22.549938701950047, 13.72014536780155, 42.23278775841936, 49.42597671263844, 46.63355429268502, 66.53963212426775, 0.0, 80.01173958338548, 72.77607155297113, 33.96157384181671, 35.96450047631675, 29.845111750343598, 43.6709668624364, 87.93945449464135, 68.47453467062576, 13.472334622436467, 89.94727986681478, 15.449732392840748, 44.59438524992714, 45.651769434187045, 71.2281744610947, 55.28672846603771, 35.979399822797944, 52.04033164095115, 79.90571023142103, 62.494245110582206, 25.35672327843516, 38.28379863454927, 76.79812323862959, 55.860321976336806, 57.81459005503793, 49.68170688409856, 21.7820762839258, 47.34314606455153, 35.65255991857794, 32.01637556775348, 48.05251065284847, 26.662142498993195, 36.86949982396169, 36.0125747839046, 64.49469917322739, 21.732135470356678, 55.58550686832738, 24.575427689080037, 17.481503755232094, 44.06443237926772, 66.3726697241934, 53.067342859776694, 27.11692897676471], [17.7575632600348, 77.53306949809384, 27.802267740967142, 59.31641095849805, 29.88634343696331, 81.11959367367186, 83.06316974860647, 84.8729323302896, 76.89826986772609, 45.191604167528695, 97.17249800983349, 32.17328929905051, 100.0783603604443, 45.98136667293566, 29.173673753622698, 99.1637744600859, 50.106101270268496, 25.520874545075102, 110.92508644105753, 63.73466806319191, 66.33424804963344, 85.41628274530707, 38.656142775731375, 80.96924842027484, 53.404402315074854, 80.01173958338548, 0.0, 60.86235806282076, 67.44429112329681, 92.95937047313477, 86.36584911757136, 46.14748986109663, 22.251058657332663, 15.9300527578647, 85.51101566176887, 61.259698535640304, 75.04322654237691, 84.06912344033408, 71.91996136921358, 26.3699201537159, 31.95123147264499, 96.9252396826, 101.1396536258634, 45.669086291136885, 53.26340706827356, 55.76101409618372, 48.48604215732976, 3.40019489849797, 56.30338683364735, 55.70790426092529, 31.85899257874959, 88.7623886555614, 35.80733195503229, 95.42353593333875, 65.72082269423657, 60.440327028799516, 53.360077405879885, 100.00830449151309, 54.493995092919796, 15.582342255357915, 58.990000856412166, 68.51568893357138, 79.26060145321912, 77.8510216137856, 67.84164336885217, 20.779740128432152, 30.099945284857696, 60.24012581481891], [43.10479688872795, 22.288933274799607, 40.92853130631097, 3.5816175786775735, 80.69346609988091, 102.17324540106867, 38.60212170856158, 45.134953228983136, 64.56454328415997, 85.983151380645, 71.05022614110204, 82.31552306839154, 76.83510578058207, 81.88976112856572, 84.0516688535321, 112.67691858225439, 11.885661570176406, 83.71956884131794, 71.02546429844526, 74.10809769164041, 64.9732735549328, 104.67019273410617, 34.90698428973281, 38.18284262177752, 8.851115322320812, 72.77607155297113, 60.86235806282076, 0.0, 86.98926192944356, 104.5725114419608, 97.20118632042718, 34.447388058892706, 82.47911860562199, 46.33052755501635, 67.75548034196932, 18.51689648465905, 58.413628026926766, 42.67015120200518, 31.705674039701158, 78.02921385390852, 36.40195918191546, 63.34208141949067, 56.96502328154203, 19.249613818160288, 11.836505328280833, 64.30910894635012, 39.43910069662649, 58.36911300520176, 92.79396590639575, 15.232496377302166, 45.270411662940916, 64.71889379769793, 41.913072783949794, 105.42628202381833, 41.07223156804485, 90.98644358025349, 57.26680889662085, 66.66597444357392, 76.28148205730525, 53.64772941571186, 64.41936134763033, 20.891677735930752, 53.774920938771224, 83.65653096118061, 94.10525499280534, 41.48799326031409, 63.822266958690676, 74.36662467782855], [68.30033717785203, 86.45916327213303, 54.467066832427676, 83.49347526480707, 46.934447607831494, 15.52185233989419, 75.95696574276566, 71.29393017982, 39.40983235985633, 30.78051820757342, 61.004940013778246, 45.5898905846691, 59.35236144255263, 25.350935358932926, 53.454553097478666, 31.739723045030058, 84.33979142905146, 60.51234829483331, 84.47376296999161, 14.479784207872456, 27.779777923866398, 18.954373364209413, 53.87791925844414, 73.44182533812484, 78.74909735178474, 33.96157384181671, 67.44429112329681, 86.98926192944356, 0.0, 25.723954800769167, 19.88762972074781, 52.56926449043265, 66.78332665130581, 62.216278139845606, 47.15339209267796, 100.55136273866576, 44.19488321036251, 72.87613472207937, 69.00376857244956, 48.84920924764026, 56.29827360227533, 69.22353009214652, 83.9180798453529, 86.60438510836835, 75.2037932895257, 22.86646970261927, 47.59940127764274, 65.01868192268283, 23.62945704430575, 72.20849468381039, 47.01709434225869, 55.169302698110286, 47.9562633917