instance_id,num_cities,city_coordinates,distance_matrix,best_route,total_distance
1332,97,"[[71.02297414702011, 44.16489260572655], [9.867790959367639, 63.35614524882561], [51.3637849167623, 48.31295211051862], [63.256194677445265, 67.90372065308571], [80.49279307710955, 99.25832593452519], [55.8777563396768, 70.54668943316913], [87.62453202432084, 17.3921072196482], [7.566518683984924, 98.81007119677247], [14.669162388009404, 24.705846011564738], [80.32133729307756, 21.57511411976747], [98.32682879862385, 15.317060344528477], [7.644500296214785, 73.9440695751107], [77.52527733571655, 23.091211796501177], [36.843083054886996, 22.34062604274608], [84.231398000248, 71.22520131663835], [7.855523298119782, 49.755777077261584], [58.190899993701265, 22.87870041992085], [59.171419921696355, 24.845507816696976], [42.6245556275788, 23.363395671436706], [63.46410345066816, 36.443195387859284], [39.85994906630007, 73.16901889226057], [28.95115403634958, 49.475354603251986], [29.354954676017375, 83.60877851961763], [47.21605516562738, 38.66246162840107], [4.770744140845473, 32.009486519372174], [19.31221445768778, 37.12759130959432], [69.92996861610882, 82.22718243219626], [89.15808635981918, 21.425705563257335], [22.072315070724922, 10.365433529553147], [38.646910430855044, 13.66046090058749], [57.974838995875764, 87.99393433553459], [46.43713605801714, 28.111494795927406], [89.68025724263772, 17.717081653250432], [17.168835425415697, 25.692637705345078], [32.64545144513967, 1.971461006862163], [87.06358320607434, 30.167120753845634], [72.16685102302196, 79.20899587787345], [27.43548563319047, 38.265949088371556], [74.08009481354738, 75.93943123496139], [91.16214696736732, 0.8339255613686314], [85.037250200969, 19.7867614075397], [67.82761142674079, 95.83434110326652], [72.06017509424116, 87.43794417673936], [59.94320138626509, 63.35684429849175], [38.928487786276555, 17.166531372456173], [19.77521409124242, 89.53215605541492], [42.93947086736598, 22.382085571383048], [87.8733826320062, 42.908384977374226], [68.11591032252271, 21.670642543429842], [22.902448834430533, 24.83291125734982], [92.41256724373615, 4.387592896457015], [14.49721109764357, 42.26212554807462], [37.73552664521135, 4.229938461868898], [28.459945015405218, 12.962328419954583], [32.18684451306417, 14.620592811267862], [82.17292077749757, 82.02906018663592], [7.163076765745613, 30.347372454362407], [56.04380375255281, 32.80120613423716], [87.89216014945757, 20.320837500136268], [15.221154648354984, 9.042665408841422], [65.34067804940648, 83.96280718259165], [25.5706237526228, 91.46032739878831], [76.54607221171969, 66.63132065754469], [47.3145254147085, 40.1325907673379], [72.71397710808856, 25.774311808336403], [42.798811477816834, 90.32442967503535], [2.7654784184823367, 24.521174582062443], [54.351181837949525, 82.51596128045455], [92.29848627146386, 67.06528992639865], [25.870301333604406, 81.37936107367322], [84.84260591278448, 20.18178940773948], [85.59686554990006, 2.9399829132072286], [17.47178466474768, 49.65096879517914], [26.30111221572581, 60.774752019501136], [96.37162303713613, 43.501269232536984], [96.05085869403251, 29.591859494812557], [27.38630492655193, 42.62306218083496], [33.30805164586737, 88.05081151773291], [76.90236738048952, 36.21621518014757], [68.88930624990802, 58.85997823911312], [2.1067073415933057, 71.93846292485581], [91.78811823428235, 21.196534518189736], [90.71264336944742, 9.893670429536039], [10.229315150739648, 54.16550864904575], [36.04910810332459, 58.84654155766569], [14.408595836703386, 60.04804370626323], [52.74180498891437, 13.332216435395406], [92.28035777715414, 72.4166561690346], [76.49993189409587, 68.95526842528916], [10.6241988689866, 8.010790556091674], [64.5226084984442, 36.54404014043357], [27.62676801914774, 56.548141680011085], [10.859312801639497, 97.68158321638131], [84.72177503746649, 27.596207591420065], [51.01073103271978, 25.476477072828697], [66.90413242287589, 68.3708747578201], [19.210023346226677, 74.47085946530454]]","[[0.0, 64.09571443338929, 20.092041181681378, 24.97708590670848, 55.90137624892129, 30.42000700651347, 31.50228184246939, 83.74256553975087, 59.61884428705218, 24.428623564185095, 39.72024553053674, 70.02592611762527, 22.05402388696552, 40.55321893613512, 30.11183767584384, 63.41438981747195, 24.854860789135977, 22.664906048390684, 35.20188132916502, 10.805606606229343, 42.57197991433802, 42.40564884601795, 57.376336434316876, 24.434527579775885, 67.3580869526091, 52.187414931000575, 38.07798009249942, 29.085269851304695, 59.48588452604198, 44.48291644448094, 45.73006374231052, 29.362816891067062, 32.36635470188038, 56.93410628569205, 57.03612818925734, 21.289404778028025, 35.06276698231827, 43.98484613550644, 31.921267078085187, 47.78241294542422, 28.11926766529129, 51.76815865910325, 43.28547999124476, 22.16060410294363, 41.94004725846301, 68.44356436983679, 35.541156969825686, 16.897191409550842, 22.68132063934631, 51.858562062725575, 45.16357232332421, 56.55777940115707, 51.988986561171664, 52.775102658601405, 48.796625039958265, 39.471717678075315, 65.33766415078108, 18.801832781109304, 29.208019451227052, 65.93492172309921, 40.20152352347367, 65.5955357371203, 23.13536257852488, 24.0489084868424, 18.46816052236057, 54.10458595008875, 71.02789157031609, 41.818095691823274, 31.258208739497515, 58.51222543663134, 27.67980240439988, 43.72518141505317, 53.83146781319197, 47.70673290372237, 25.357334176443388, 28.961496835460316, 43.66389975386619, 57.86526814954852, 9.886796124613616, 14.849177770763305, 74.30224114162634, 30.96347335494001, 39.524672592425276, 61.610723866888016, 37.93049066371715, 58.800189798555415, 35.844875025752046, 35.35588357311623, 25.38818227913152, 70.392692448164, 10.01659352589231, 45.12843409568469, 80.52144012868987, 21.498336422602534, 27.38150378624444, 24.553908631743806, 60.02527382677467], [64.09571443338929, 0.0, 44.13859053377827, 53.58173283519185, 79.22662117066251, 46.5684532700437, 90.32609574751832, 35.52853387360565, 38.94738500497287, 81.91066324480309, 100.66158678408179, 10.818833713113547, 78.73246045111225, 49.091131575701816, 74.7787944241471, 13.748426656988638, 63.03607226518103, 62.561306126741364, 51.695508995349954, 59.97392419113513, 31.556648064286755, 23.597692583686268, 28.105492419110927, 44.77355078577313, 31.758351653872502, 27.8771264114289, 62.95697919409807, 89.69455232574578, 54.37799129518984, 57.427334609869064, 54.04913248025407, 50.78880178239193, 91.93994724872904, 38.364632811653834, 65.4744322364895, 84.02798157474142, 64.28441302432272, 30.629101186987622, 65.43362325647561, 102.55632732017088, 86.88347835454145, 66.43925040643934, 66.69202114184377, 50.075410431776795, 54.571096105114236, 27.988222073949025, 52.6555749981683, 80.6410765820817, 71.62768002068697, 40.66868405889149, 101.44422240014697, 21.596045886975368, 65.36450888111997, 53.71410398605975, 53.603117660512204, 74.67736973334908, 33.11939854927433, 55.36992380139789, 89.10577927685642, 54.576667130880544, 59.17664841942909, 32.19353991177751, 66.75866958474863, 44.063492872483906, 73.2259333719165, 42.56454483815689, 39.47908041123517, 48.434188487292396, 82.51410354524134, 24.102212490694555, 86.51732704835388, 96.87623759055786, 15.673307943667954, 16.63483208568922, 88.75319186238296, 92.56105096981388, 27.14330608313276, 34.04808897990859, 72.32019247825579, 59.19252304954333, 11.571110388134128, 92.13236563655512, 96.92330150696866, 9.197744334898658, 26.56685703736476, 5.61804634636808, 65.88303676164982, 82.90913114748791, 66.86697530089644, 55.350523384971346, 60.877237622720806, 19.019205525015686, 34.33975549167781, 82.95717011582427, 55.925046079579396, 57.25636872514961, 14.519441383334167], [20.092041181681378, 44.13859053377827, 0.0, 22.917845055860372, 58.68500856669743, 22.687331560576073, 47.654385208116814, 66.84429343987476, 43.63245100719103, 39.41385314894621, 57.39561275988427, 50.67869404607975, 36.33950839038324, 29.755881837582397, 40.06558565014437, 43.53217859194389, 26.33459054806896, 24.73216743542494, 26.435856238749988, 16.950186821303838, 27.389090805150786, 22.442753898235008, 41.59548016872962, 10.504076762566582, 49.36308781901659, 33.94724532476637, 38.66365470916684, 46.38246703725304, 47.937504859911485, 36.912247882575144, 40.22793042624733, 20.793526555412047, 49.03324729749717, 40.99967310241202, 49.9790936859117, 40.04680753221639, 37.24692040821247, 25.951989833752947, 35.766647650290736, 61.952946531750435, 44.132140445138106, 50.29254413082253, 44.261784538812705, 17.31834516114443, 33.53708603197173, 51.93130636379023, 27.264975823816844, 36.907452787013185, 31.471357846125958, 36.896611904860805, 60.12021051702686, 37.35982825508314, 46.141537857587004, 42.12187647219512, 38.76764267268257, 45.67251685954766, 47.71231134029294, 16.202371417049974, 46.02043760658265, 53.370826678539636, 38.29184911049826, 50.26910738322354, 31.140170513830626, 9.127694901779883, 31.045466871633952, 42.87566929114615, 54.10955620280315, 34.33322554965437, 45.02554773192092, 41.752905371043724, 43.728637873754174, 56.83845655377246, 33.91840163880057, 27.989891387620574, 45.264310271869135, 48.45011735280974, 24.643343809086748, 43.647531135417395, 28.25863122338374, 20.454428815193072, 54.62988607424126, 48.676758593886724, 54.99430758189554, 41.548730678186644, 18.5875181920851, 38.77368146956672, 35.007867796998035, 47.48846685228186, 32.52585291280088, 57.30600402491218, 17.653949331904148, 25.124973998854536, 63.858233600621254, 39.26753122316959, 22.83920399646346, 25.373660783101453, 41.44997587835748], [24.97708590670848, 53.58173283519185, 22.917845055860372, 0.0, 35.78004467222172, 7.837514674738869, 56.0824300177886, 63.690992425819836, 65.01350690617484, 49.3716404002428, 63.20843472250491, 55.93877337814255, 47.02943408047822, 52.66543511693873, 21.23655782445143, 58.29736053468724, 45.30904608607503, 43.25153266034575, 49.08670980372265, 31.46121224654151, 23.98140267466623, 38.941500852610844, 37.36231947063151, 33.351721168588625, 68.62174559507291, 53.6492640669166, 15.801924437296412, 53.20821251851771, 70.75850778931753, 59.56465478542176, 20.77280442409504, 43.20071725690278, 56.71798494788926, 62.49656155699029, 72.69168083963379, 44.618860591776944, 14.394757532420114, 46.492157400526565, 13.480706906983032, 72.64364794565539, 52.81719555936645, 28.302250967507835, 21.426524679737245, 5.625834083171183, 56.26810551885541, 48.563205111385265, 49.849659245442645, 35.08237090522354, 46.487787080528484, 59.02134720223218, 69.88842927424209, 55.09019766950106, 68.59777718954169, 65.03334199514727, 61.67978787450904, 23.608637048387106, 67.50494179746833, 35.8358076286756, 53.58228778136879, 75.97360656874389, 16.193805330747363, 44.44227691400954, 13.350649670509105, 32.02143772558568, 43.1779658867046, 30.351156821830912, 74.43904927608102, 17.111891474168257, 29.054391528914454, 39.74038129990723, 52.37705482180849, 68.69783691039378, 49.28869191403962, 37.63642269837979, 41.13527963656087, 50.43102907309786, 43.88348987411811, 36.094272971597555, 34.50095698004325, 10.654633866919156, 61.2824521917745, 54.73236609624157, 64.1796112617964, 54.77762701512086, 28.675042336816364, 49.47524201859841, 55.5751874769998, 29.372923426339693, 13.285417877542363, 79.73261602622244, 31.38524121018718, 37.39525662183289, 60.26735707782169, 45.66691088095269, 44.15905770838813, 3.6777279333995954, 44.53304976214871], [55.90137624892129, 79.22662117066251, 58.68500856669743, 35.78004467222172, 0.0, 37.81875333972771, 82.17627070561943, 72.92765202014407, 99.45261494681007, 77.68340102584588, 85.81485243806351, 77.12123790578781, 76.22490030029682, 88.43997818671097, 28.28132321185288, 87.9015091128219, 79.56897403419862, 77.40716022093406, 84.81770951383389, 65.08238545096786, 48.287472022796294, 71.6581104242804, 53.47884488868153, 69.13175867165309, 101.27307192828215, 87.19685421642706, 20.040786152016, 78.31349884619682, 106.371512025619, 95.27891893179896, 25.178259949805177, 78.87749587852167, 82.05719966420611, 97.06613259683547, 108.41633727764368, 69.4029532241796, 21.70937462960606, 80.8402616679447, 24.184572541784522, 99.00099848613132, 79.60139231770644, 13.119851308666844, 14.52000244300225, 41.36667864746782, 92.01442391674532, 61.49164803794354, 85.55821609500998, 56.83123215321175, 78.56866958729567, 94.10520761286159, 95.61661468261559, 87.20082395998814, 104.20450210226825, 100.76912455929735, 97.45260660914067, 17.31099151698139, 100.62786295977011, 70.81173526430577, 79.28352737738548, 111.35192942764614, 21.52996710874162, 55.472997615695405, 32.86484563988422, 67.79859883609907, 73.89458917930195, 38.7382337127436, 107.82938948321173, 31.043366640705255, 34.289443845296695, 57.47411581542484, 79.19608261004754, 96.45348494574868, 80.20310083570094, 66.46595922617219, 57.974016705487685, 71.3825605588374, 77.63924384056929, 48.49750718682135, 63.14427040555749, 42.0317428031297, 83.01056168827436, 78.87475926767526, 89.9471344375305, 83.48843333690664, 60.06957175285025, 76.8411826908518, 90.29625481451372, 29.3158987131111, 30.56498380230036, 114.92490230258117, 64.71575108224923, 67.96305205391818, 69.65132944081897, 71.78679191774924, 79.4540949469533, 33.74442677790302, 66.10594799147164], [30.42000700651347, 46.5684532700437, 22.687331560576073, 7.837514674738869, 37.81875333972771, 0.0, 61.913386086250064, 55.97137154420933, 61.64033696434057, 54.73302329034664, 69.6579907971351, 48.35275773296725, 52.1597308562676, 51.828016889132236, 28.36175900384333, 52.32969427474844, 47.72407998203122, 45.819714326185995, 49.00929033684423, 34.937100174269354, 16.23104314697793, 34.19127173879361, 29.564796285314262, 33.039810077161064, 64.00814560906022, 49.53660235135848, 18.272892123641196, 59.33339213796667, 69.02601988761245, 59.438582144888564, 17.57282306147899, 43.47264720721609, 62.718231204927335, 59.247502181516786, 72.40374261343756, 51.02024464924807, 18.44912351698447, 43.02335365995185, 18.984382793710903, 78.13358860703167, 58.539272077929176, 27.968989320138263, 23.39198930318369, 8.259643847495683, 56.006419088190064, 40.790213282899096, 49.87211942684799, 42.2799713224786, 50.384922074722326, 56.36595089390016, 75.5765735023054, 50.12350824411587, 68.75355960003958, 63.77848391984227, 60.737036366113315, 28.692865157249514, 63.15936265949306, 37.74584852951746, 59.5613822345876, 73.7272285676864, 16.417646078255036, 36.822581911189474, 21.035907245366786, 31.596618830647856, 47.833295181738436, 23.711132570467978, 70.27988391629317, 12.066229662307236, 36.58674228856556, 31.902885932348514, 58.099790579349595, 73.85047202777675, 43.72241760557596, 31.149135436661627, 48.69505102102643, 57.368774155051014, 39.89350526782217, 28.561965267065858, 40.25687185878755, 17.48941535900249, 53.78905784456963, 61.032711569567375, 69.94467862984258, 48.49869345520544, 23.02322199844412, 42.777480464847976, 57.30035001016422, 36.45059899383096, 20.683489681908153, 77.1921181994452, 35.08437868584416, 31.528997451300537, 52.56389178146591, 51.73703997212111, 45.33223993522429, 11.239000802100207, 36.87711693340547], [31.50228184246939, 90.32609574751832, 47.654385208116814, 56.0824300177886, 82.17627070561943, 61.913386086250064, 0.0, 114.18480791323209, 73.32105246030787, 8.416305603345512, 10.901604275481692, 97.95371315821826, 11.59632434192845, 51.02198935731307, 53.939923790831564, 86.08427196540222, 29.94063124683902, 29.413139390153564, 45.39442874937192, 30.768007235690863, 73.43377466049292, 66.87226665215462, 88.20425841419515, 45.66478926605835, 84.13333432256165, 71.10599175589242, 67.2062835754515, 4.315287301848175, 65.92774295149488, 49.119574521806335, 76.57494556826362, 42.55945084814393, 2.081253121491731, 70.94296293206929, 57.100749828281664, 12.787323190395234, 63.72022932571205, 63.70587555189955, 60.09360139574474, 16.93186638601462, 3.5253930154002897, 80.90180542978734, 71.754222744493, 53.656435966439105, 48.696566705430094, 99.03391636207651, 44.96281324107265, 25.517491201808404, 19.972285428080493, 65.14839688869219, 13.857946241938091, 77.24068149343012, 51.5960807050795, 59.330188741902404, 55.50692288995674, 64.86644551725547, 81.49775873991565, 35.139475345184586, 2.940932822968236, 72.88320954786893, 70.2013407388459, 96.62706024865858, 50.470114045860306, 46.282029178178185, 17.105145473704816, 85.60647686507045, 85.15798600446357, 73.13160876363996, 49.89259392457561, 88.926675772693, 3.9397258281004266, 14.593674256345176, 77.21426106779347, 75.11734611160989, 27.535430670351765, 14.826899093204622, 65.30884390445, 89.12313130600324, 21.663606697823017, 45.50376920327811, 101.43275239874326, 5.639957198212562, 8.109438080114247, 85.68723736704483, 66.17019328153332, 84.73548388591055, 35.11819127755213, 55.22117076379462, 52.74956228800689, 77.56971321575445, 30.00825561737495, 71.64444654180512, 111.08239661681911, 10.608942573222201, 37.4956992063834, 55.02880790417443, 89.09842285689484], [83.74256553975087, 35.52853387360565, 66.84429343987476, 63.690992425819836, 72.92765202014407, 55.97137154420933, 114.18480791323209, 0.0, 74.44382941444034, 106.10608948372744, 123.32281521794077, 24.866123899400396, 103.0901235859638, 81.88219136984685, 81.47655347939745, 49.05514545111931, 91.26007369624065, 90.18770685497638, 83.19415124973445, 83.75062495834248, 41.235048310146915, 53.770037107264386, 26.567183554818463, 72.04041004879372, 66.85906422123027, 62.79084084673909, 64.5305515799674, 112.45231860794067, 89.62629112542407, 90.64461861981152, 51.55567450113727, 80.67969757097843, 115.40684127548313, 73.74526132014225, 100.03334090168099, 105.03160435382941, 67.50855569460205, 63.721005716369405, 70.3357802388364, 128.7926790685841, 110.66344352053068, 60.33451970588993, 65.48860198633005, 63.24751527448576, 87.45993769159578, 15.33401294239124, 84.21687914499383, 97.84779465750906, 98.06487791641393, 75.55005589860451, 126.94272867942142, 56.97108612639249, 99.27522626273144, 88.35366547994019, 87.71561271947756, 76.47037049642961, 68.46388744787568, 81.89760334993441, 112.30658254583669, 90.09317728686287, 59.65144373012204, 19.446504395869162, 76.11603504618115, 70.87277861501073, 97.86936951143518, 36.239765004008085, 74.44387246685957, 49.54091969670106, 90.48335465238597, 25.275642715468695, 110.24518290831857, 123.61152397537062, 50.14710004656296, 42.3989445589917, 104.62031415501053, 112.34161854909804, 59.5802308560322, 27.899609102435235, 93.41012110844599, 73.18807418002577, 27.420665035951405, 114.53007861067924, 121.73497597490328, 44.72390244713944, 49.07485711896109, 39.36126007813706, 96.68128126653792, 88.73019154002647, 75.12073419050205, 90.85074998578087, 84.38634244036005, 46.78123865256891, 3.480801376572336, 104.99689496634267, 85.2362341597591, 66.68955753395693, 26.98089006183583], [59.61884428705218, 38.94738500497287, 43.63245100719103, 65.01350690617484, 99.45261494681007, 61.64033696434057, 73.32105246030787, 74.44382941444034, 0.0, 65.72677956467956, 84.18286313479241, 49.73679259057252, 62.87684971408657, 22.299709039399588, 83.68366053998997, 25.960060170258387, 43.560074669722006, 44.50247668404995, 27.987607687951325, 50.18676761547354, 54.619180322807466, 28.59202408569437, 60.70607838738019, 35.41309572677713, 12.301294584842424, 13.261134520502562, 79.76503525101096, 74.56110994237332, 16.138590390670178, 26.399487371083282, 76.68613792705767, 31.950001482640584, 75.33596205363074, 2.6874008150720416, 28.982740205293677, 72.60012181390434, 79.22485433068438, 18.62405446335669, 78.45087090985598, 80.13142502063955, 70.53981270030386, 88.79799276004861, 85.02378772821146, 59.528466096411485, 25.403860612247232, 65.02708849316167, 28.365651836355426, 75.43334996096489, 53.53286210234215, 8.234266894235837, 80.35464148517508, 17.557121586704756, 30.84347499925413, 18.113417427435923, 20.213399495101307, 88.55906661696179, 9.38978924010228, 42.15917223523656, 73.35417984558443, 15.672904071964753, 77.96787765899364, 67.63876584593584, 74.74287520307392, 36.10684396211814, 58.05464783328884, 71.39380701374313, 11.905116361600593, 70.11898526809806, 88.43435087892165, 57.76982623457995, 70.31912445614928, 74.19226288662259, 25.102068486793435, 37.898129734907265, 83.83650762154613, 81.5282381841056, 21.97162601178998, 66.03024191796005, 63.28870674957037, 64.0806425422049, 48.8746905593369, 77.19876046917418, 77.47265030478287, 29.792347443672284, 40.28261624027642, 35.343158217946666, 39.73519302019505, 91.1033427246999, 76.03325221022055, 17.17808506590727, 51.239720230684426, 34.37777388268276, 73.07512007829486, 70.11221526294243, 36.349738428093005, 68.08176576701509, 49.97175184334411], [24.428623564185095, 81.91066324480309, 39.41385314894621, 49.3716404002428, 77.68340102584588, 54.73302329034664, 8.416305603345512, 106.10608948372744, 65.72677956467956, 0.0, 19.06202930986317, 89.57918358275144, 3.180645131188797, 43.48499281482013, 49.80381243831279, 77.75245309747919, 22.168797718946628, 21.401272853481608, 37.73917459145502, 22.47723678329379, 65.56717888479795, 58.457840764657774, 80.28541384300023, 37.25502851453585, 76.26774057901369, 62.96024631371579, 61.535793921556056, 8.838012049398738, 59.31783482895139, 42.41933037984699, 70.07728351613837, 34.50888821277422, 10.122934215679498, 63.28659014848899, 51.54894088879738, 10.921559318676293, 58.207903010122834, 55.4571661531741, 54.72140424997936, 23.4034197759479, 5.043613781620227, 75.30289488598699, 66.3789061674644, 46.48635713587632, 41.62695751712545, 91.01644128076612, 37.390575555793, 22.630550905473942, 12.205800801802202, 57.51123363323194, 21.014488514390507, 68.99831904638931, 45.9826748584646, 52.5717042380168, 48.63429614808398, 60.48229457002781, 73.6823153794304, 26.747406915973077, 7.674019061824082, 66.29552059580067, 64.16108163891992, 88.77828376491159, 45.2140948600031, 37.86594208387224, 8.689372256488879, 78.32246378194895, 77.61179367869055, 66.24376066487876, 47.040495241532824, 80.87931299648622, 4.731091172731125, 19.367480824161103, 68.83545511824587, 66.74426064372861, 27.17292679295255, 17.65463253402366, 56.96607559966292, 81.42031301764963, 15.034999019735439, 38.998107981927284, 93.02685225949877, 11.473028705111313, 15.634428952182706, 77.29828836123087, 57.87218313394205, 76.31943263194694, 28.78499547249239, 52.22911610285934, 47.534010573887116, 71.00480250128851, 21.763928361822735, 63.24421149555545, 103.03964035652967, 7.457708692126569, 29.56911010228822, 48.68125512168806, 80.82420780911174], [39.72024553053674, 100.66158678408179, 57.39561275988427, 63.20843472250491, 85.81485243806351, 69.6579907971351, 10.901604275481692, 123.32281521794077, 84.18286313479241, 19.06202930986317, 0.0, 107.98338258242147, 22.206800176121504, 61.883612255569396, 57.65762218778288, 96.8043507760006, 40.8420271492931, 40.298106103751905, 56.28042953473948, 40.76423923681199, 82.25098864720427, 77.32899401509374, 97.06120847841571, 56.190025293360094, 95.03356285068975, 81.96955862041077, 72.6866294858409, 11.01732201206068, 76.41511285075164, 59.702905943523504, 83.12767947047281, 53.443781356166376, 8.97347769569345, 81.81853392683097, 67.02349105151345, 18.638266964459298, 69.04001639206855, 74.51331445034857, 65.29146928443463, 16.15839902002398, 14.021095780855703, 86.10014379243988, 76.75518862959832, 61.49084237245613, 59.427127291349386, 108.06589010651297, 55.83613525362733, 29.505181439087167, 30.871792982070634, 76.02228957074398, 12.427057110920364, 88.05362765222031, 61.59732273635827, 69.90655342680246, 66.1436511565469, 68.6399276462931, 92.39448017512265, 45.75532276186519, 11.572385045481164, 83.34219284239911, 76.15986279009144, 105.3150629795761, 55.74544527555556, 56.727997027023626, 27.665362457388294, 93.32452068702473, 96.00358016956321, 80.30908922784688, 52.098178264529636, 98.05190436660104, 14.33491735914247, 17.755112223097328, 87.84278815809937, 85.17103722332395, 28.25194613141991, 14.455100508054056, 76.01431222821384, 97.55839247427885, 29.92962111187356, 52.55999840735055, 111.64360708687805, 8.793347053482018, 9.34820720351899, 96.28278063396328, 75.98243369152222, 95.095376837988, 45.62821496700702, 57.41884407697032, 57.90915985054414, 88.00643655322223, 39.91628716900961, 81.8443685436866, 120.14358485824653, 18.32689130635164, 48.39449200117569, 61.661114742781244, 98.7858332728615], [70.02592611762527, 10.818833713113547, 50.67869404607975, 55.93877337814255, 77.12123790578781, 48.35275773296725, 97.95371315821826, 24.866123899400396, 49.73679259057252, 89.57918358275144, 107.98338258242147, 0.0, 86.42532119637187, 59.291421129139536, 76.63514301242594, 24.189212981592373, 71.85130791665436, 71.17367640381944, 61.49803934708078, 67.24688588424539, 32.224770643388226, 32.44520775054558, 23.764478289235, 53.01603355672938, 42.03293625835764, 38.62109042516896, 62.83382466818123, 96.96722782172426, 65.19512865683328, 67.78836853752637, 52.25458538165615, 60.045761717520875, 99.45521398367006, 49.18245253274753, 76.19123271393667, 90.68523572413983, 64.73679936702646, 40.79964928862333, 66.46555263461693, 110.99680384226197, 94.4597891474308, 64.04054069826107, 65.81385729046406, 53.359567790268954, 64.8257411653136, 19.75202919434651, 62.484983332150264, 86.02259749217319, 79.93311331486044, 51.42675242426858, 109.65276385922773, 32.41458348737904, 75.93108680646073, 64.43644537970833, 64.19970058348031, 74.96567569643685, 43.59935513805166, 63.52344281580669, 96.5149622083971, 65.34216061567939, 58.55957676226362, 25.063223861265904, 69.28854818192438, 52.12414979709877, 80.95901664348877, 38.78326690282955, 49.663139288382354, 47.48675002618275, 84.93300271951534, 19.68408959345361, 94.07406805056304, 105.44264588550051, 26.20553879552799, 22.836376533848952, 93.80440502759093, 98.90805196833217, 37.0235648507093, 29.28511628988336, 78.86725017591652, 63.07500350961746, 5.88978852284205, 99.30987309572292, 104.89408955867093, 19.94674760802462, 32.16764052449698, 15.454854364520422, 75.54841912030058, 84.64963888432683, 69.03592251460786, 66.00057488980224, 68.07261853623109, 26.493571497298607, 23.95421827809339, 89.93903819809078, 65.03643203050927, 59.52112650360945, 11.577514025418704], [22.05402388696552, 78.73246045111225, 36.33950839038324, 47.02943408047822, 76.22490030029682, 52.1597308562676, 11.59632434192845, 103.0901235859638, 62.87684971408657, 3.180645131188797, 22.206800176121504, 86.42532119637187, 0.0, 40.689117838519195, 48.598899179836685, 74.59808086855296, 19.33554520277642, 18.43750624408461, 34.90178304629511, 19.390515125943995, 62.661501076522214, 55.27719643713062, 77.34827643345636, 34.07510484038556, 73.29909770547108, 59.881388089095864, 59.62173880030622, 11.751432117159917, 56.894432561210344, 40.00583052068545, 67.78335365160589, 31.490883911007103, 13.290026761984102, 60.41247798949093, 49.600833111803205, 11.876353247067442, 56.37302921390775, 52.33793924754521, 52.9603963394035, 26.102701084432997, 8.206651491406022, 73.38669896802072, 64.5783966239777, 43.93689287464055, 39.0488668420842, 88.03106769065592, 34.59307544971031, 22.356288513610927, 9.51599729885166, 54.65058929684862, 23.905161801659307, 65.87913985307628, 44.03375854746299, 50.099911318866326, 46.122932222563186, 59.12081327604043, 70.73535987426311, 23.5740895337026, 10.730667873706565, 63.868343954168964, 62.07910747277105, 85.86979676916779, 43.55111849661707, 34.68570496415444, 5.5088688089192495, 75.67187732098577, 74.77347342282145, 63.78353669537495, 46.38930102549047, 77.88289216468964, 7.874518152941342, 21.707661361976477, 65.66462269602205, 63.59217165641171, 27.780482192353983, 19.63302282281424, 53.80901164008656, 78.58061239039633, 13.139776658415858, 36.79653039922437, 89.85552093641776, 14.388135128874447, 18.65694833139532, 74.12393979870406, 54.76053524686947, 73.1404327868948, 26.635662034625543, 51.48506444961667, 45.875516604429905, 68.57968653179856, 18.70956940560323, 60.07684569986845, 100.04036353299848, 8.490263027935526, 26.621620087669598, 46.50867227894383, 77.72089193022096], [40.55321893613512, 49.091131575701816, 29.755881837582397, 52.66543511693873, 88.43997818671097, 51.828016889132236, 51.02198935731307, 81.88219136984685, 22.299709039399588, 43.48499281482013, 61.883612255569396, 59.291421129139536, 40.689117838519195, 0.0, 68.08343479194895, 39.89823463384623, 21.354596977899103, 22.468401365900274, 5.871242016997727, 30.125756240239408, 50.91784559656266, 28.25908770087895, 61.72405183190434, 19.339102029188204, 33.4980863085282, 22.934378028959973, 68.4188689787268, 52.3230030701493, 19.015278661381206, 8.865611095544223, 68.97034144425737, 11.195926901927999, 53.03908124080156, 19.95775543421546, 20.79718719899943, 50.82669234662312, 66.94609825203753, 18.496453804884897, 65.26428550706471, 58.42173285622229, 48.2617858297789, 79.75817921582201, 74.01286644865657, 47.07383165758482, 5.57854537947164, 69.32541998721334, 6.096528787158897, 55.01930736135732, 31.280003248093433, 14.161665440882798, 58.39759389021529, 29.936668753726146, 18.13266279987719, 12.578929592404238, 9.01551276708565, 74.95000572720247, 30.74102733194522, 21.865301533714828, 51.089018565287276, 25.383922963917023, 67.8926073214426, 70.0328598178717, 59.48103040002691, 20.644735741979936, 36.03486142769011, 68.24418112455714, 34.14729754588821, 62.67060310837988, 71.24322638271529, 60.04976413571445, 48.048046476443446, 52.47205219362747, 33.48286162464593, 39.85367221186528, 63.17768508440206, 59.65015576435456, 22.37873696758175, 65.80520437032261, 42.39431842345668, 48.58624811515499, 60.55213638740969, 54.956945296127536, 55.28884365332019, 41.48633262847632, 36.51454865948855, 43.87659471282803, 18.27350001475719, 74.70542297478192, 61.201229924800074, 29.879325176921885, 31.110980389742114, 35.427314164521746, 79.69577243752072, 48.16627744986614, 14.51054137193577, 54.97681771325291, 55.03168206932813], [30.11183767584384, 74.7787944241471, 40.06558565014437, 21.23655782445143, 28.28132321185288, 28.36175900384333, 53.939923790831564, 81.47655347939745, 83.68366053998997, 49.80381243831279, 57.65762218778288, 76.63514301242594, 48.598899179836685, 68.08343479194895, 0.0, 79.33605998337407, 54.91349274436357, 52.71696567942803, 63.41830786013765, 40.51010317610449, 44.4140057556763, 59.40506043060584, 56.256350897117784, 49.29977303363986, 88.61076570498814, 73.32903517724131, 18.043682298705342, 50.04260220535446, 86.99231532576462, 73.42782065492248, 31.15441056751198, 57.33409043241162, 53.78483928538614, 81.0592477643345, 86.35502549869587, 41.155646666537486, 14.467006233554379, 65.66649045786586, 11.192538591004743, 70.73165475018698, 51.44475189998839, 29.575225696298272, 20.272930179810274, 25.530913358603296, 70.53150693122318, 67.00555376921503, 63.958370852075696, 28.55006374160272, 52.1091473572375, 76.89918453877509, 67.33644948703557, 75.50971183194207, 81.54895031846682, 80.65368761696924, 76.89419517575172, 10.998213262135241, 87.2383117122172, 47.65442136098065, 51.03582501611874, 92.89284934488741, 22.78389570414792, 62.05277401447379, 8.953656905746007, 48.26599125955488, 46.887464647846144, 45.62279857510871, 93.90400506116175, 31.942269463302043, 9.076495796849926, 59.23786428041364, 51.047071163915625, 68.29886934666958, 70.15905844290886, 58.86535400036638, 30.265516254479294, 43.27857209225953, 63.63526514206588, 53.63103917105643, 35.76791579237405, 19.704784216854872, 82.12778797643027, 50.596161142182105, 61.6730348085073, 75.94301403011478, 49.74700269503256, 70.71175683163767, 65.90289953013642, 8.136665051208103, 8.057801404962039, 97.02618972088047, 39.890090550866205, 58.47649284006684, 77.99617317289942, 43.63174948490797, 56.53811531793006, 17.56078906237302, 65.10233067038853], [63.41438981747195, 13.748426656988638, 43.53217859194389, 58.29736053468724, 87.9015091128219, 52.32969427474844, 86.08427196540222, 49.05514545111931, 25.960060170258387, 77.75245309747919, 96.8043507760006, 24.189212981592373, 74.59808086855296, 39.89823463384623, 79.33605998337407, 0.0, 57.06161053397159, 57.042464541036686, 43.651384919581844, 57.17988298186178, 39.654295618994155, 21.09749447227503, 40.10300806958361, 40.89392517894325, 18.01240380999129, 17.05071400582502, 70.05447114396405, 86.09703660632114, 41.877396446198865, 47.44450833818436, 63.04048283856768, 44.23817128486157, 87.87357446675138, 25.80256691131166, 53.8319737688508, 81.59431481996171, 70.73499113915608, 22.702226152011338, 71.21290344770402, 96.60921851931478, 82.79589885929154, 75.62992408568, 74.44583957196103, 53.83414565283519, 45.028747014439894, 41.52396119371719, 44.499464757462235, 80.31030189799584, 66.48375009063686, 29.11287015690151, 95.95918828691865, 10.013332615429752, 54.45563865805802, 42.169895167069484, 42.73750537256633, 81.0224683082764, 19.42075313180133, 51.08392945944096, 85.2776577210112, 41.37402551012915, 66.89292881468366, 45.31108365106586, 70.73312859743797, 40.61549658433903, 69.150052111799, 53.542963705870925, 25.742838226726946, 56.87772790890628, 86.19880063430118, 36.394825077830525, 82.472005166567, 90.74929684752132, 9.616832505939435, 21.48621789182576, 88.73679496909506, 90.47099401393429, 20.79247587016056, 45.98196235579534, 70.36182497704888, 61.709068541029325, 22.915506459929503, 88.65839400906066, 91.94721253474219, 5.008055540302492, 29.62296782914319, 12.201373367715597, 57.80531164051504, 87.41320333922276, 71.27885590772554, 41.83669996629003, 58.186841622387206, 20.905461839324676, 48.01984637070325, 79.99666978227569, 49.51622323362045, 61.91332733123754, 27.198528798267947], [24.854860789135977, 63.03607226518103, 26.33459054806896, 45.30904608607503, 79.56897403419862, 47.72407998203122, 29.94063124683902, 91.26007369624065, 43.560074669722006, 22.168797718946628, 40.8420271492931, 71.85130791665436, 19.33554520277642, 21.354596977899103, 54.91349274436357, 57.06161053397159, 0.0, 2.197669371222336, 15.573888609193101, 14.553425659747422, 53.527001540831186, 39.52650702248012, 67.22837294148748, 19.224316291785907, 54.1948734304024, 41.40752444416405, 60.49833096278749, 31.001255224383574, 38.22478286541111, 21.608874747853978, 65.11559237417622, 12.865966875340332, 31.909589910301122, 41.118463304103315, 33.010340825598306, 29.77839664666347, 58.03817186605903, 34.389866735296486, 55.388696199217556, 39.662012374093415, 27.02381553940059, 73.5893451170828, 66.03220991506166, 40.51605474407236, 20.091525558691604, 76.93145047059201, 15.259512335045848, 35.80835152648555, 9.998261541896387, 35.34252007451309, 38.89786069716959, 47.80016337884442, 27.680293014962782, 31.341093113725016, 27.28382749388627, 63.82712888268015, 51.57150187207601, 10.15214962061699, 29.811197855106826, 45.14238451690079, 61.50111726821886, 75.94420307773852, 47.446855794782095, 20.39588821560001, 14.80892751630454, 69.17978594672745, 55.44975273311908, 59.760742285073356, 55.81919144800463, 66.83523318334834, 26.78780986577515, 33.89158308312084, 48.73192697944006, 49.528469503532655, 43.394215703830454, 38.450526362529665, 36.58910901616611, 69.76073542363827, 22.978431446600226, 37.53809065369124, 74.51373673678823, 33.63930373277933, 35.01820663667804, 57.264107343209695, 42.23676768204215, 57.43213593132193, 10.992178712065881, 60.13401858990439, 49.58095166778264, 49.83618965778665, 15.060944268738822, 45.473040783794, 88.51977417944957, 26.947025893427103, 7.635657787423098, 46.31909266549421, 64.66266016156307], [22.664906048390684, 62.561306126741364, 24.73216743542494, 43.25153266034575, 77.40716022093406, 45.819714326185995, 29.413139390153564, 90.18770685497638, 44.50247668404995, 21.401272853481608, 40.298106103751905, 71.17367640381944, 18.43750624408461, 22.468401365900274, 52.71696567942803, 57.042464541036686, 2.197669371222336, 0.0, 16.61310851042244, 12.36662803185244, 52.039356541649674, 38.98581566301041, 65.8949435347775, 18.27126046788837, 54.870357355002156, 41.708582272100216, 58.38152919964566, 30.181040597101234, 39.82481804232852, 23.374361260903054, 63.15976233106859, 13.146431320676482, 31.330554004731134, 42.01112630500922, 35.02640462676398, 28.395287231074654, 55.89517030734388, 34.45689726442051, 53.22459579275711, 39.99953373872029, 26.35587394241176, 71.51464257591145, 63.905657804170644, 38.519069098864115, 21.650472989531124, 75.73918070718169, 16.417814082912624, 33.9126848648958, 9.491242175493806, 36.26897327471832, 39.03204014869489, 47.94917629382192, 29.74053160897736, 32.930299778394264, 28.856822362353174, 61.63625315725294, 52.29854942843369, 8.54839859980803, 29.074964500478874, 46.70498523460418, 59.43832795564767, 74.60930029929384, 45.254090389373275, 19.346339511380837, 13.57437040903144, 67.49482583862986, 56.40687395088554, 57.871546531084086, 53.66481646602906, 65.61281173139501, 26.091379028082976, 34.32428000623698, 48.51979467101605, 48.6966910340931, 41.616013093936814, 37.18361007775929, 36.418882113876535, 68.2921974643615, 21.063700618165683, 35.375436574061744, 73.98734920693425, 32.820176948753165, 34.90567601168992, 57.05253778948168, 41.11826357326519, 56.94672030170154, 13.186956685096305, 57.95874327033566, 47.3914370759624, 51.38326942872736, 12.864325777646748, 44.72272417378345, 87.40225153855219, 25.697995948957235, 8.185045225583613, 44.20692717194119, 63.71490204426212], [35.20188132916502, 51.695508995349954, 26.435856238749988, 49.08670980372265, 84.81770951383389, 49.00929033684423, 45.39442874937192, 83.19415124973445, 27.987607687951325, 37.73917459145502, 56.28042953473948, 61.49803934708078, 34.90178304629511, 5.871242016997727, 63.41830786013765, 43.651384919581844, 15.573888609193101, 16.61310851042244, 0.0, 24.604225533281, 49.88229298912927, 29.475350894125718, 61.68945180448252, 15.973205287713741, 38.82867408274325, 27.072464468290896, 64.88860431763312, 46.573856672640886, 24.317516562112743, 10.486591652122929, 66.42844065231749, 6.089352579260848, 47.39324758314655, 25.562062895301317, 23.605028891687468, 44.9568442744738, 63.1781471685328, 21.278955464003033, 61.26736864805781, 53.511445472055456, 42.56323499962573, 76.7282995601944, 70.51243478667104, 43.58223748271483, 7.2154032893171065, 70.00283750960722, 1.0306023096798977, 49.28958259354415, 25.547496498401088, 19.776778615780344, 53.28158398213726, 33.8867157047685, 19.7482097715411, 17.573229463145196, 13.61552111238636, 70.7512076154267, 36.1426675104742, 16.405745535371572, 45.36973858614314, 30.919729954870842, 64.71716073331524, 70.19991953752671, 54.97983830434219, 17.412688499154463, 30.185854330313816, 66.96126074031488, 39.87588855394451, 60.30372940711805, 66.16158210839112, 60.38673098041211, 42.337765509074195, 47.578726430549196, 36.38266603541783, 40.81745201040638, 57.3958291750399, 53.78813643311751, 24.55888919476169, 65.35486986685001, 36.608241529626675, 44.15704359710931, 63.25530166239291, 49.21129113771259, 49.93893952380198, 44.701473906769884, 36.08725747584082, 46.280706437557754, 14.247220483484877, 69.7991479357948, 56.79929558015294, 35.492609322292665, 25.558836204986214, 36.41649352698858, 80.822173020505, 42.30948568340411, 8.648297574361111, 51.1387428772938, 56.21577338608794], [10.805606606229343, 59.97392419113513, 16.950186821303838, 31.46121224654151, 65.08238545096786, 34.937100174269354, 30.768007235690863, 83.75062495834248, 50.18676761547354, 22.47723678329379, 40.76423923681199, 67.24688588424539, 19.390515125943995, 30.125756240239408, 40.51010317610449, 57.17988298186178, 14.553425659747422, 12.36662803185244, 24.604225533281, 0.0, 43.65709812020855, 36.891473962023504, 58.20675443872531, 16.398908979545716, 58.86058274773068, 44.15719306552614, 46.238305354042495, 29.76080910136295, 48.92167013531458, 33.68896050786051, 51.84217115733112, 18.956129703713234, 32.21729435017327, 47.52711154714779, 46.2394829412255, 24.41975752413475, 43.64231326201449, 36.074696573784266, 40.898067420192845, 45.113209952615634, 27.25504455418777, 59.55122493489102, 51.71418424129328, 27.142