instance_id,num_cities,city_coordinates,distance_matrix,best_route,total_distance
1470,43,"[[42.342477283052695, 22.62461493917889], [32.972517972706996, 19.586094659388763], [23.649573119880095, 33.36805920799456], [39.10114596069606, 55.88285068643574], [47.17119013847652, 13.349711523100272], [34.243865072398684, 94.36670426100737], [53.73261918485254, 92.08976357470769], [76.0241809164704, 39.5444349443889], [45.665658234808404, 53.34735246068442], [21.987968320859487, 78.23462174283517], [35.6870399972639, 32.99439433204303], [91.45246918316388, 4.509358353640291], [45.055615654200686, 12.093046706278576], [4.530181034488823, 22.099833775624113], [69.16495059621045, 11.681875587965996], [91.88819592740441, 70.89555662990598], [2.7443653156931536, 37.8814810478661], [18.823751048288184, 74.4017711049149], [25.906690196206604, 40.33518415066111], [5.655480565479298, 52.10864665063015], [61.384437960050995, 93.18331251329607], [98.91175623999317, 94.08361297754841], [0.9296599930501026, 13.225123668617622], [59.664904934064744, 85.70987380150765], [3.501510315710965, 76.8777947066992], [70.71053870445269, 4.200253976390589], [33.958813332378334, 54.972978483256355], [60.67864165949862, 4.190841810332902], [78.42564256718148, 84.72377377455138], [71.06466812916987, 50.31546769520051], [0.6966741912080354, 28.70016688521885], [49.88717699283599, 26.960492350250366], [27.599347827487385, 5.855206058443407], [95.14818898623439, 44.28058840525917], [27.944433936140467, 76.17215196062251], [13.432415780134699, 1.28253063921413], [42.05347983695222, 78.14617272297293], [67.94800892804804, 11.171135079720539], [41.659913741607646, 31.920476199042735], [35.461227805419405, 78.69172765017318], [11.712124915466227, 29.54925716180029], [25.64683135962571, 36.73450638363065], [88.53813067654441, 95.84945487704461]]","[[0.0, 9.85031689684296, 21.56029361605968, 33.41581173279206, 10.456591280992201, 72.19774857985371, 70.39277098892504, 37.69267128578297, 30.901943829691938, 59.21806220904819, 12.32181683526165, 52.34456825296094, 10.875433290919062, 37.815937683188274, 28.968752460947346, 69.17269727063443, 42.435626952337486, 56.86830738044535, 24.161940297890784, 47.0663771084742, 73.08300807834938, 91.13984706129283, 42.466126171814814, 65.42030560499987, 66.72352081421518, 33.82608439792345, 33.41709809689699, 26.000363762951647, 71.82130843268297, 39.89671131003717, 42.086639763869584, 8.701857654239353, 22.32874694990401, 57.07385018765698, 55.44945782676724, 35.93433202898453, 55.52230991469135, 28.0504091184759, 9.320886736290031, 56.48781038525715, 31.403330334119357, 21.85940597030617, 86.57895573623925], [9.85031689684296, 0.0, 16.639105972013, 36.81052266814659, 15.507893663988726, 74.79141592347071, 75.41726465817167, 47.45293488452816, 36.06852281476088, 59.668333813771355, 13.680319072795964, 60.39215736509578, 14.217841510163453, 28.5532032327657, 37.045497139812824, 78.12629516728393, 35.33358708310571, 56.61224240093424, 21.919184220312417, 42.4727785850052, 78.89098600729193, 99.4880062059466, 32.668129720721595, 71.3080478608872, 64.42731708390247, 40.753923765353804, 35.40062605802913, 31.696105439535607, 79.42860804465047, 48.941866236552414, 33.53798450034487, 18.452301511470488, 14.744770570648106, 66.90016507712984, 56.809009056462905, 26.773794081840553, 59.2599916570442, 35.97355295622874, 15.086676678820607, 59.15800476581967, 23.479116678398075, 18.647619392758823, 94.35908767490703], [21.56029361605968, 16.639105972013, 0.0, 27.306902764186365, 30.88690193597988, 61.911822136637554, 65.97899835765097, 52.73753083984667, 29.73012214345488, 44.89732023407289, 12.043265099782207, 73.68892270599137, 30.180205664132142, 22.19288305087112, 50.41765709366546, 77.87697159892097, 21.386881260269533, 41.316510872847495, 7.323619833318153, 25.98070408113323, 70.72329568454336, 96.69940370834257, 30.36333816684517, 63.53557806951567, 47.94832132544353, 55.36691560653447, 23.93852482191769, 47.14299451649393, 75.08546598868013, 50.35281411373347, 23.422740829520002, 27.008679531413826, 27.794924152974787, 72.32658822511706, 43.01902120930491, 33.67300770117125, 48.412635049240826, 49.548510127013195, 18.068421787152733, 46.83748613522037, 12.533392146625008, 3.9143335400269557, 90.08024037788157], [33.41581173279206, 36.81052266814659, 27.306902764186365, 0.0, 43.29195699109697, 38.78917585586073, 39.051511489417685, 40.376408202133305, 7.037156574196692, 28.1507107954719, 23.14168433404282, 73.34777950020772, 44.19278947918374, 48.33677531161171, 53.4561366806274, 54.88036063960286, 40.569259393453, 27.461302917008677, 20.39175317692707, 33.657943339317264, 43.44962088241485, 70.9690590440937, 57.242851215718474, 36.228710866132616, 41.32942937507956, 60.58254296678395, 5.222207606595087, 56.014748970953505, 48.76694452114142, 32.44476079100619, 47.05105472282573, 30.86812720514474, 51.332802254715965, 57.23533455783898, 23.15443735860538, 60.33306438712931, 22.458223069055407, 53.209764287703464, 24.098603354358406, 23.097486281498796, 37.99495521430134, 23.402514200900352, 63.57157311506314], [10.456591280992201, 15.507893663988726, 30.88690193597988, 43.29195699109697, 0.0, 82.0418725143334, 79.01296190006089, 38.969970643468635, 40.025965408530375, 69.60061950398402, 22.75520307819477, 45.155105115526524, 2.460662890433482, 43.52953361616082, 22.056907665824458, 72.87753354624103, 50.749881574743696, 67.31219267081842, 34.356872539968364, 56.79620756326538, 81.08896509821348, 95.8908182495173, 46.24169798270674, 73.43082455175723, 77.08993636529429, 25.25496989326194, 43.669935348048575, 16.31980824054651, 77.9172481475841, 44.01551340001517, 48.94402018998141, 13.879118823533794, 20.957686504144394, 57.08337378902049, 65.69876084516433, 35.831853841066206, 64.99824876684703, 20.890725079191036, 19.37130527795988, 66.382996990135, 38.98423508791756, 31.782804336775886, 92.28993131943878], [72.19774857985371, 74.79141592347071, 61.911822136637554, 38.78917585586073, 82.0418725143334, 0.0, 19.6213148322077, 68.92804947954234, 42.57986121587913, 20.259592581231885, 61.38927577256971, 106.52308199549279, 82.98101396148326, 78.13708203443419, 89.75668836834157, 62.23956660230148, 64.67456166346305, 25.226543014131163, 54.670958015668255, 51.01998786473228, 27.16635994568501, 64.66851079728538, 87.71426543670177, 26.85460819399413, 35.368832796472255, 97.26153938075942, 39.394757076889476, 93.97065276953677, 45.221848380678985, 57.41326484987776, 73.73946126020228, 69.19761998795894, 88.76054823783146, 78.85401494481337, 19.254209047683556, 95.38228242444518, 18.002658863265236, 89.7634226421909, 62.885047324709674, 15.722177450148141, 68.62201369063743, 58.26988262246339, 54.31450843819615], [70.39277098892504, 75.41726465817167, 65.97899835765097, 39.051511489417685, 79.01296190006089, 19.6213148322077, 0.0, 57.07823828135141, 39.57335312931583, 34.63650983656001, 61.789202892919796, 95.35782328986687, 80.46592508632804, 85.55390226764068, 81.87542551509814, 43.646791916197536, 74.42002369749505, 39.1343091441191, 58.76069107354944, 62.52920092503334, 7.729565307930803, 45.223112016848084, 94.9093458355309, 8.711774086171461, 52.48398131873012, 89.51433208512866, 42.05542929772953, 88.17294185609308, 25.768259729680057, 45.22711262989074, 82.65018106347343, 65.24269611137377, 90.10741801796108, 63.25319479960001, 30.30512923448356, 99.34817536252298, 18.18862341542797, 82.1577856509089, 61.36850462586414, 22.65725291326247, 75.34611390792786, 62.07266690302541, 35.00798350215509], [37.69267128578297, 47.45293488452816, 52.73753083984667, 40.376408202133305, 38.969970643468635, 68.92804947954234, 57.07823828135141, 0.0, 33.34906942291859, 66.45933212255993, 40.86548628805613, 38.2817015107716, 41.383943149522615, 73.59148136205746, 28.694446404776006, 35.13630320917725, 73.29868204917382, 66.98449866433835, 50.12372851657135, 71.48155989405117, 55.60082068353169, 59.14696141580392, 79.57319409668654, 48.978297801566, 81.56787052638035, 35.74137548914353, 44.80552539269584, 38.54039598363817, 45.24311743448348, 11.857989441994533, 76.10408280232791, 29.008595024865553, 58.9909196624827, 19.701746984907494, 60.44213533218226, 73.36008713149515, 51.420839076784226, 29.50031693383933, 35.19982394012916, 56.37254377160634, 65.08413113794983, 50.45565426083667, 57.67888875675756], [30.901943829691938, 36.06852281476088, 29.73012214345488, 7.037156574196692, 40.025965408530375, 42.57986121587913, 39.57335312931583, 33.34906942291859, 0.0, 34.351261577755814, 22.66750375574879, 66.94461685020029, 41.25881596977981, 51.657863955754166, 47.83543356673672, 49.441505441361144, 45.622697908018594, 34.11416898967767, 23.658684284610217, 40.029348098803005, 42.82503647825614, 67.0417024968456, 60.092451954713546, 35.26062528773247, 48.285578406358205, 55.16052326767438, 11.819174147748901, 51.397978662863245, 45.361838453953936, 25.579328154684696, 51.280535124986976, 26.722417688375327, 50.81235619045401, 50.30633220582246, 28.896596042718826, 61.235019314467664, 25.060513146765977, 47.700487051840845, 21.798096597558974, 27.32156207345791, 41.4631374201525, 26.014228495929252, 60.36950888551425], [59.21806220904819, 59.668333813771355, 44.89732023407289, 28.1507107954719, 69.60061950398402, 20.259592581231885, 34.63650983656001, 66.45933212255993, 34.351261577755814, 0.0, 47.26883477488582, 101.29526811186813, 70.0487280527766, 58.786807678763346, 81.57778911789185, 70.28444846606251, 44.70673574047221, 4.9702127681462915, 38.101492765237175, 30.81098393102955, 42.137218415346325, 78.53954208540989, 68.33510949351572, 38.41133876729857, 18.53618378151526, 88.62830515902559, 26.161138687482897, 83.54309995499393, 56.8095077291177, 56.46239126011728, 53.916429998253406, 58.37295769009841, 72.59660732280388, 80.6554044543549, 6.303432733722551, 77.4262346010517, 20.06570645732576, 81.3009014465902, 50.31883856060753, 13.48101134740295, 49.757991137911205, 41.661095203603715, 68.84189462757446], [12.32181683526165, 13.680319072795964, 12.043265099782207, 23.14168433404282, 22.75520307819477, 61.38927577256971, 61.789202892919796, 40.86548628805613, 22.66750375574879, 47.26883477488582, 0.0, 62.61932902050711, 22.904945806807703, 33.00668584004969, 39.68619348448138, 67.7869311254973, 33.303204526648436, 44.70952208855755, 12.228754531519895, 35.59844383682275, 65.4451077918543, 87.91619520140755, 39.98624172538717, 57.91251835849491, 54.42114615959957, 45.34035708409746, 22.046426665044542, 38.1342994103042, 67.10079617363992, 39.390305338894095, 35.25288766337677, 15.428929445003515, 28.318656479129647, 60.52277600826688, 43.866464439821215, 38.741587447059956, 45.59840620126997, 38.94900205072138, 6.06865066734424, 45.69789123728001, 24.22117923019434, 10.714206813653334, 82.12183888653094], [52.34456825296094, 60.39215736509578, 73.68892270599137, 73.34777950020772, 45.155105115526524, 106.52308199549279, 95.35782328986687, 38.2817015107716, 66.94461685020029, 101.29526811186813, 62.61932902050711, 0.0, 47.01255519984004, 88.6843221915391, 23.413211830940543, 66.3876282101666, 94.77777305297079, 100.79623037648658, 74.69765014406767, 98.11633657165892, 93.63309590066338, 89.884303717751, 90.94142922065558, 87.20076232401843, 113.8971542484321, 20.74423354813871, 76.49900273647205, 30.77547584107609, 81.26531026828954, 50.138429221787646, 93.92448851089588, 47.24115718947911, 63.86730315981155, 39.942572334310164, 95.75398962181211, 78.08675399906257, 88.67153195299316, 24.430286961729795, 56.83896514658753, 92.94107286591881, 83.57941753957031, 73.27238316663019, 91.3865777991275], [10.875433290919062, 14.217841510163453, 30.180205664132142, 44.19278947918374, 2.460662890433482, 82.98101396148326, 80.46592508632804, 41.383943149522615, 41.25881596977981, 70.0487280527766, 22.904945806807703, 47.01255519984004, 0.0, 41.7426237623818, 24.112840832936858, 75.1733047588329, 49.55083501817325, 67.60538334251306, 34.12183573055834, 56.15709112762059, 82.71796447295344, 98.09656893225234, 44.14047531754145, 75.05243876671568, 76.96627341868843, 26.841595589519713, 44.292522743323964, 17.50782064620618, 79.92985181169173, 46.23228608775561, 47.36572736013851, 15.63281564355734, 18.537312167240714, 59.54245328879881, 66.3243866913654, 33.41996451092349, 66.12131483903289, 22.91094914776938, 20.116106774664974, 67.28622876681017, 37.63652027102846, 31.36721923958049, 94.37089075735331], [37.815937683188274, 28.5532032327657, 22.19288305087112, 48.33677531161171, 43.52953361616082, 78.13708203443419, 85.55390226764068, 73.59148136205746, 51.657863955754166, 58.786807678763346, 33.00668584004969, 88.6843221915391, 41.7426237623818, 0.0, 65.46897959413029, 100.06220732575684, 15.882365327839576, 54.21991139919398, 28.097742742814166, 30.029904248957827, 91.02344467227603, 118.69939429695361, 9.577276818242549, 84.1788273354825, 54.787618740131975, 68.55825769601701, 44.12128785397493, 58.93540212615115, 96.86225836784368, 72.27004891679422, 7.6328351138415895, 45.61669742697962, 28.214790202887972, 93.29313608772459, 58.924042909853114, 22.64088985309035, 67.44768389218461, 64.35260173390772, 38.40653679402425, 64.49319426616826, 10.347667693544151, 25.69214983798827, 111.78703956928655], [28.968752460947346, 37.045497139812824, 50.41765709366546, 53.4561366806274, 22.056907665824458, 89.75668836834157, 81.87542551509814, 28.694446404776006, 47.83543356673672, 81.57778911789185, 39.68619348448138, 23.413211830940543, 24.112840832936858, 65.46897959413029, 0.0, 63.424016751686665, 71.40107474864014, 80.42401174761625, 51.887273819536496, 75.28463722524934, 81.87197687716473, 87.60661373909329, 68.25273985955565, 74.6350814770573, 92.53213095572329, 7.639601071988774, 55.799567121353235, 11.319585965350273, 73.62662090902117, 38.68027101525022, 70.55159184986518, 24.598143939568242, 41.97200747323799, 41.68698543403166, 76.53840042974981, 56.69446015607016, 71.78115797603579, 1.319773802768007, 34.14861647369823, 75.00840755113643, 60.16702172292539, 50.21415150805091, 86.36840573848973], [69.17269727063443, 78.12629516728393, 77.87697159892097, 54.88036063960286, 72.87753354624103, 62.23956660230148, 43.646791916197536, 35.13630320917725, 49.441505441361144, 70.28444846606251, 67.7869311254973, 66.3876282101666, 75.1733047588329, 100.06220732575684, 63.424016751686665, 0.0, 95.06077909772311, 73.14852456091083, 72.71516667536613, 88.25547680036752, 37.77860919155795, 24.228420432335497, 107.70020472247802, 35.46553926986389, 88.5889009178225, 69.97682874707068, 60.07779841736109, 73.64479110406879, 19.29922103029846, 29.27728420677425, 100.48056803317358, 60.781374324701204, 91.45109727320366, 26.813878651597186, 64.16110313795697, 104.88700027218559, 50.35941184669471, 64.34391255642143, 63.57623161157232, 56.96299688408929, 90.20930574290898, 74.53117289919645, 25.177767472783756], [42.435626952337486, 35.33358708310571, 21.386881260269533, 40.569259393453, 50.749881574743696, 64.67456166346305, 74.42002369749505, 73.29868204917382, 45.622697908018594, 44.70673574047221, 33.303204526648436, 94.77777305297079, 49.55083501817325, 15.882365327839576, 71.40107474864014, 95.06077909772311, 0.0, 39.90336115402508, 23.291928919415806, 14.521943158062902, 80.60366420434238, 111.3860256523616, 24.723048246954708, 74.34717872147672, 39.003663257816505, 75.85397670624276, 35.587372052039655, 67.01820310717105, 89.00480950099896, 69.44255035978478, 9.406889427144458, 48.39124597445292, 40.53951708345474, 92.62513267956984, 45.83905471783055, 38.12764867842515, 56.27123492635361, 70.46245611717646, 39.36944866387376, 52.3055381285077, 12.241187325045221, 22.931168783424056, 103.54156732758649], [56.86830738044535, 56.61224240093424, 41.316510872847495, 27.461302917008677, 67.31219267081842, 25.226543014131163, 39.1343091441191, 66.98449866433835, 34.11416898967767, 4.9702127681462915, 44.70952208855755, 100.79623037648658, 67.60538334251306, 54.21991139919398, 80.42401174761625, 73.14852456091083, 39.90336115402508, 0.0, 34.795119969398726, 25.89182777330802, 46.520515561156834, 82.4709856560834, 63.73994576588664, 42.37774223951024, 15.521010081294369, 87.29542794684265, 24.62819711385106, 81.73987069041145, 60.489083409669114, 57.526197765856, 49.165308334599416, 56.706360853877676, 69.10602490739313, 82.05306498705238, 9.290915171016119, 73.31773197702319, 23.529573797079333, 80.07063159728263, 48.230184982388735, 17.18165766171256, 45.41280913211961, 38.28024629646819, 72.93900099495401], [24.161940297890784, 21.919184220312417, 7.323619833318153, 20.39175317692707, 34.356872539968364, 54.670958015668255, 58.76069107354944, 50.12372851657135, 23.658684284610217, 38.101492765237175, 12.228754531519895, 74.69765014406767, 34.12183573055834, 28.097742742814166, 51.887273819536496, 72.71516667536613, 23.291928919415806, 34.795119969398726, 0.0, 23.4248993753621, 63.65214260202486, 90.65667801886747, 36.862005060894994, 56.55510165491689, 42.864372988854434, 57.55969092906311, 16.706337417980926, 50.154781345155705, 68.76472385564321, 46.24769216537623, 27.765419747221966, 27.458079462323845, 34.52150024400078, 69.35381294075776, 35.89485563923958, 40.996551909796, 41.11434874247658, 51.1665343649979, 17.85976937091874, 39.52864300928915, 17.827560251426338, 3.6100425201009188, 83.69307970749014], [47.0663771084742, 42.4727785850052, 25.98070408113323, 33.657943339317264, 56.79620756326538, 51.01998786473228, 62.52920092503334, 71.48155989405117, 40.029348098803005, 30.81098393102955, 35.59844383682275, 98.11633657165892, 56.15709112762059, 30.029904248957827, 75.28463722524934, 88.25547680036752, 14.521943158062902, 25.89182777330802, 23.4248993753621, 0.0, 69.2303753277103, 102.26744717077302, 39.16965329914846, 63.60865025034582, 24.862628245226944, 80.79216965829262, 28.44790049478549, 72.96344480279983, 79.74486187249636, 65.43376275676228, 23.927947793013583, 50.88096533633722, 51.19486377584746, 89.8344218903601, 32.80014832532833, 51.41765057000239, 44.752286141984676, 74.5401834141813, 41.278098727008235, 39.93798647853273, 23.358274655696547, 25.219403155586253, 93.71655133290601], [73.08300807834938, 78.89098600729193, 70.72329568454336, 43.44962088241485, 81.08896509821348, 27.16635994568501, 7.729565307930803, 55.60082068353169, 42.82503647825614, 42.137218415346325, 65.4451077918543, 93.63309590066338, 82.71796447295344, 91.02344467227603, 81.87197687716473, 37.77860919155795, 80.60366420434238, 46.520515561156834, 63.65214260202486, 69.2303753277103, 0.0, 37.53811607166794, 100.24017229813923, 7.66870784463166, 60.13570672754375, 89.47044686195034, 47.033971902287995, 88.99526948234738, 19.025415899117885, 43.947229440266675, 88.54987713912823, 67.21345787932161, 93.63562619139965, 59.42615003973313, 37.51817496185002, 103.65881602744058, 24.490845535234545, 82.27440495833567, 64.35986302744091, 29.698802274945148, 80.72565691077685, 66.81050994410471, 27.284269153589623], [91.13984706129283, 99.4880062059466, 96.69940370834257, 70.9690590440937, 95.8908182495173, 64.66851079728538, 45.223112016848084, 59.14696141580392, 67.0417024968456, 78.53954208540989, 87.91619520140755, 89.884303717751, 98.09656893225234, 118.69939429695361, 87.60661373909329, 24.228420432335497, 111.3860256523616, 82.4709856560834, 90.65667801886747, 102.26744717077302, 37.53811607166794, 0.0, 127.03773643397338, 40.13022358793949, 96.94924037712465, 94.20364587327762, 75.81903799776136, 97.685625138229, 22.52304249699232, 51.8759178975049, 117.98812382929971, 83.11992957833638, 113.44475034603938, 49.94502672961155, 73.19276788549375, 126.16956260770145, 59.04968753001802, 88.50555145727179, 84.51052622959548, 65.29073205714363, 108.48252755023272, 93.04122336279993, 10.522846808000857], [42.466126171814814, 32.668129720721595, 30.36333816684517, 57.242851215718474, 46.24169798270674, 87.71426543670177, 94.9093458355309, 79.57319409668654, 60.092451954713546, 68.33510949351572, 39.98624172538717, 90.94142922065558, 44.14047531754145, 9.577276818242549, 68.25273985955565, 107.70020472247802, 24.723048246954708, 63.73994576588664, 36.862005060894994, 39.16965329914846, 100.24017229813923, 127.03773643397338, 0.0, 93.29452288376037, 63.704606932029655, 70.36205871559726, 53.23352657805992, 60.428131353472565, 105.44043001667251, 79.33859707773928, 15.476796985795724, 50.84780057784901, 27.669259743749706, 99.20470299158349, 68.49909767282149, 17.290009558627613, 76.8499262775946, 67.04981702507813, 44.81595448786914, 74.01557547204564, 19.563713453901908, 34.11201600617616, 120.42435070674253], [65.42030560499987, 71.3080478608872, 63.53557806951567, 36.228710866132616, 73.43082455175723, 26.85460819399413, 8.711774086171461, 48.978297801566, 35.26062528773247, 38.41133876729857, 57.91251835849491, 87.20076232401843, 75.05243876671568, 84.1788273354825, 74.6350814770573, 35.46553926986389, 74.34717872147672, 42.37774223951024, 56.55510165491689, 63.60865025034582, 7.66870784463166, 40.13022358793949, 93.29452288376037, 0.0, 56.853606008712255, 82.25462995737476, 40.06943821966352, 81.52533495133072, 18.78663540397284, 37.18492415647322, 82.02047866005135, 59.55748302772725, 86.0521232330171, 54.547677636823046, 33.123351555122746, 96.25704819290861, 19.166947277973925, 74.99755584024047, 56.72282611327221, 25.200642093986424, 73.8477079729918, 59.630662778741566, 30.601867086234748], [66.72352081421518, 64.42731708390247, 47.94832132544353, 41.32942937507956, 77.08993636529429, 35.368832796472255, 52.48398131873012, 81.56787052638035, 48.285578406358205, 18.53618378151526, 54.42114615959957, 113.8971542484321, 76.96627341868843, 54.787618740131975, 92.53213095572329, 88.5889009178225, 39.003663257816505, 15.521010081294369, 42.864372988854434, 24.862628245226944, 60.13570672754375, 96.94924037712465, 63.704606932029655, 56.853606008712255, 0.0, 98.9902945927749, 37.51624022782534, 92.48036261857605, 75.33382361973285, 72.59709023089113, 48.259205631572456, 68.14225669602145, 74.99942580475755, 97.27122683505547, 24.45310709908336, 76.2447823314889, 38.57282899605474, 92.03649440697747, 58.96799334734356, 32.01115266193012, 48.035452097847696, 45.84647032790055, 87.12720982570018], [33.82608439792345, 40.753923765353804, 55.36691560653447, 60.58254296678395, 25.25496989326194, 97.26153938075942, 89.51433208512866, 35.74137548914353, 55.16052326767438, 88.62830515902559, 45.34035708409746, 20.74423354813871, 26.841595589519713, 68.55825769601701, 7.639601071988774, 69.97682874707068, 75.85397670624276, 87.29542794684265, 57.55969092906311, 80.79216965829262, 89.47044686195034, 94.20364587327762, 70.36205871559726, 82.25462995737476, 98.9902945927749, 0.0, 62.678216883335644, 10.031901460312895, 80.89227446609154, 46.116573419769225, 74.17672786406224, 30.84867653251503, 43.14294432724808, 46.94285844752759, 83.71913650120231, 57.35238857454488, 79.30463997908033, 7.498316752597539, 40.15407240623413, 82.41051855769719, 64.21358728579473, 55.58070977738786, 93.36701270390861], [33.41709809689699, 35.40062605802913, 23.93852482191769, 5.222207606595087, 43.669935348048575, 39.394757076889476, 42.05542929772953, 44.80552539269584, 11.819174147748901, 26.161138687482897, 22.046426665044542, 76.49900273647205, 44.292522743323964, 44.12128785397493, 55.799567121353235, 60.07779841736109, 35.587372052039655, 24.62819711385106, 16.706337417980926, 28.44790049478549, 47.033971902287995, 75.81903799776136, 53.23352657805992, 40.06943821966352, 37.51624022782534, 62.678216883335644, 0.0, 57.38270323798154, 53.501483368797224, 37.39701681874417, 42.38667867989361, 32.22440299294373, 49.52775352752852, 62.11655897173285, 22.03582799999481, 57.480406976347794, 24.54629416209103, 55.44246479719825, 24.304830982269884, 23.766285180732826, 33.78284699888734, 20.04322600890859, 68.1893555045589], [26.000363762951647, 31.696105439535607, 47.14299451649393, 56.014748970953505, 16.31980824054651, 93.97065276953677, 88.17294185609308, 38.54039598363817, 51.397978662863245, 83.54309995499393, 38.1342994103042, 30.77547584107609, 17.50782064620618, 58.93540212615115, 11.319585965350273, 73.64479110406879, 67.01820310717105, 81.73987069041145, 50.154781345155705, 72.96344480279983, 88.99526948234738, 97.685625138229, 60.428131353472565, 81.52533495133072, 92.48036261857605, 10.031901460312895, 57.38270323798154, 0.0, 82.46519976311667, 47.279495120482316, 64.79616838203864, 25.19747398771932, 33.1211380960094, 52.8709511447967, 79.07488454767511, 47.33565393772364, 76.26458957677626, 10.078104713274017, 33.62505962740118, 78.6530352396449, 55.14316812789362, 47.81545604452181, 95.79902127685892], [71.82130843268297, 79.42860804465047, 75.08546598868013, 48.76694452114142, 77.9172481475841, 45.221848380678985, 25.768259729680057, 45.24311743448348, 45.361838453953936, 56.8095077291177, 67.10079617363992, 81.26531026828954, 79.92985181169173, 96.86225836784368, 73.62662090902117, 19.29922103029846, 89.00480950099896, 60.489083409669114, 68.76472385564321, 79.74486187249636, 19.025415899117885, 22.52304249699232, 105.44043001667251, 18.78663540397284, 75.33382361973285, 80.89227446609154, 53.501483368797224, 82.46519976311667, 0.0, 35.18686504830111, 95.81459728915813, 64.42857051216565, 93.82730525042572, 43.76408118025912, 51.20041660474213, 105.76653811183837, 36.962130042355575, 74.29516448362051, 64.34210946901995, 43.38578703063188, 86.57321018026573, 71.33423229558234, 15.034732979217877], [39.89671131003717, 48.941866236552414, 50.35281411373347, 32.44476079100619, 44.01551340001517, 57.41326484987776, 45.22711262989074, 11.857989441994533, 25.579328154684696, 56.46239126011728, 39.390305338894095, 50.138429221787646, 46.23228608775561, 72.27004891679422, 38.68027101525022, 29.27728420677425, 69.44255035978478, 57.526197765856, 46.24769216537623, 65.43376275676228, 43.947229440266675, 51.8759178975049, 79.33859707773928, 37.18492415647322, 72.59709023089113, 46.116573419769225, 37.39701681874417, 47.279495120482316, 35.18686504830111, 0.0, 73.61301379483812, 31.52682991029592, 62.17675557422361, 24.828124071641508, 50.27845182643778, 75.66839120239833, 40.201955032925746, 39.268210304103064, 34.684510847589834, 45.52820106174904, 62.880520718677744, 47.40487745972259, 48.771568378214404], [42.086639763869584, 33.53798450034487, 23.422740829520002, 47.05105472282573, 48.94402018998141, 73.73946126020228, 82.65018106347343, 76.10408280232791, 51.280535124986976, 53.916429998253406, 35.25288766337677, 93.92448851089588, 47.36572736013851, 7.6328351138415895, 70.55159184986518, 100.48056803317358, 9.406889427144458, 49.165308334599416, 27.765419747221966, 23.927947793013583, 88.54987713912823, 117.98812382929971, 15.476796985795724, 82.02047866005135, 48.259205631572456, 74.17672786406224, 42.38667867989361, 64.79616838203864, 95.81459728915813, 73.61301379483812, 0.0, 49.22125591006984, 35.29371167725299, 95.72793835561914, 54.73600075011791, 30.231207239178325, 64.46156115490122, 69.49826602099274, 41.089626264303305, 60.89113511597151, 11.048126943348608, 26.21184758662548, 110.56739282118575], [8.701857654239353, 18.452301511470488, 27.008679531413826, 30.86812720514474, 13.879118823533794, 69.19761998795894, 65.24269611137377, 29.008595024865553, 26.722417688375327, 58.37295769009841, 15.428929445003515, 47.24115718947911, 15.63281564355734, 45.61669742697962, 24.598143939568242, 60.781374324701204, 48.39124597445292, 56.706360853877676, 27.458079462323845, 50.88096533633722, 67.21345787932161, 83.11992957833638, 50.84780057784901, 59.55748302772725, 68.14225669602145, 30.84867653251503, 32.22440299294373, 25.19747398771932, 64.42857051216565, 31.52682991029592, 49.22125591006984, 0.0, 30.694957865468695, 48.46178839066182, 53.882013830770035, 44.590439925039014, 51.78166361124967, 23.989527990529712, 9.606732034635582, 53.705015739816204, 38.26272735129336, 26.136673597499193, 78.99104619308594], [22.32874694990401, 14.744770570648106, 27.794924152974787, 51.332802254715965, 20.957686504144394, 88.76054823783146, 90.10741801796108, 58.9909196624827, 50.81235619045401, 72.59660732280388, 28.318656479129647, 63.86730315981155, 18.537312167240714, 28.214790202887972, 41.97200747323799, 91.45109727320366, 40.53951708345474, 69.10602490739313, 34.52150024400078, 51.19486377584746, 93.63562619139965, 113.44475034603938, 27.669259743749706, 86.0521232330171, 74.99942580475755, 43.14294432724808, 49.52775352752852, 33.1211380960094, 93.82730525042572, 62.17675557422361, 35.29371167725299, 30.694957865468695, 0.0, 77.71329326690905, 70.31779266609816, 14.886615603418134, 73.7218135522937, 40.69734087096052, 29.61583733963535, 73.2595934630402, 28.527388761412034, 30.9409681349886, 108.68532594397843], [57.07385018765698, 66.90016507712984, 72.32658822511706, 57.23533455783898, 57.08337378902049, 78.85401494481337, 63.25319479960001, 19.701746984907494, 50.30633220582246, 80.6554044543549, 60.52277600826688, 39.942572334310164, 59.54245328879881, 93.29313608772459, 41.68698543403166, 26.813878651597186, 92.62513267956984, 82.05306498705238, 69.35381294075776, 89.8344218903601, 59.42615003973313, 49.94502672961155, 99.20470299158349, 54.547677636823046, 97.27122683505547, 46.94285844752759, 62.11655897173285, 52.8709511447967, 43.76408118025912, 24.828124071641508, 95.72793835561914, 48.46178839066182, 77.71329326690905, 0.0, 74.38693782404813, 92.33796923434512, 62.97559797911448, 42.84957053126413, 54.8977956059732, 68.89600742519828, 84.7265537350944, 69.90981380191842, 51.9907766824303], [55.44945782676724, 56.809009056462905, 43.01902120930491, 23.15443735860538, 65.69876084516433, 19.254209047683556, 30.30512923448356, 60.44213533218226, 28.896596042718826, 6.303432733722551, 43.866464439821215, 95.75398962181211, 66.3243866913654, 58.924042909853114, 76.53840042974981, 64.16110313795697, 45.83905471783055, 9.290915171016119, 35.89485563923958, 32.80014832532833, 37.51817496185002, 73.19276788549375, 68.49909767282149, 33.123351555122746, 24.45310709908336, 83.71913650120231, 22.03582799999481, 79.07488454767511, 51.20041660474213, 50.27845182643778, 54.73600075011791, 53.882013830770035, 70.31779266609816, 74.38693782404813, 0.0, 76.28272447038181, 14.246470938495733, 76.32442733283018, 46.3284490783165, 7.92782768030462, 49.36782530722522, 39.504517036106556, 63.70865196135194], [35.93433202898453, 26.773794081840553, 33.67300770117125, 60.33306438712931, 35.831853841066206, 95.38228242444518, 99.34817536252298, 73.36008713149515, 61.235019314467664, 77.4262346010517, 38.741587447059956, 78.08675399906257, 33.41996451092349, 22.64088985309035, 56.69446015607016, 104.88700027218559, 38.12764867842515, 73.31773197702319, 40.996551909796, 51.41765057000239, 103.65881602744058, 126.16956260770145, 17.290009558627613, 96.25704819290861, 76.2447823314889, 57.35238857454488, 57.480406976347794, 47.33565393772364, 105.76653811183837, 75.66839120239833, 30.231207239178325, 44.590439925039014, 14.886615603418134, 92.33796923434512, 76.28272447038181, 0.0, 82.0194171042725, 55.40518381929275, 41.65903682626353, 80.48262136092984, 28.319025918306895, 37.497126985026604, 120.76328734306774], [55.52230991469135, 59.2599916570442, 48.412635049240826, 22.458223069055407, 64.99824876684703, 18.002658863265236, 18.18862341542797, 51.420839076784226, 25.060513146765977, 20.06570645732576, 45.59840620126997, 88.67153195299316, 66.12131483903289, 67.44768389218461, 71.78115797603579, 50.35941184669471, 56.27123492635361, 23.529573797079333, 41.11434874247658, 44.752286141984676, 24.490845535234545, 59.04968753001802, 76.8499262775946, 19.166947277973925, 38.57282899605474, 79.30463997908033, 24.54629416209103, 76.26458957677626, 36.962130042355575, 40.201955032925746, 64.46156115490122, 51.78166361124967, 73.7218135522937, 62.97559797911448, 14.246470938495733, 82.0194171042725, 0.0, 71.80656170688499, 46.22737190663013, 6.6147877536502255, 57.29099423584239, 44.543284827901665, 49.74162203532844], [28.0504091184759, 35.97355295622874, 49.548510127013195, 53.209764287703464, 20.890725079191036, 89.7634226421909, 82.1577856509089, 29.50031693383933, 47.700487051840845, 81.3009014465902, 38.94900205072138, 24.430286961729795, 22.91094914776938, 64.35260173390772, 1.319773802768007, 64.34391255642143, 70.46245611717646, 80.07063159728263, 51.1665343649979, 74.5401834141813, 82.27440495833567, 88.50555145727179, 67.04981702507813, 74.99755584024047, 92.03649440697747, 7.498316752597539, 55.44246479719825, 10.078104713274017, 74.29516448362051, 39.268210304103064, 69.49826602099274, 23.989527990529712, 40.69734087096052, 42.84957053126413, 76.32442733283018, 55.40518381929275, 71.80656170688499, 0.0, 33.49028374644421, 74.92944260285569, 59.16274183927231, 49.425454738391345, 87.1456881166004], [9.320886736290031, 15.086676678820607, 18.068421787152733, 24.098603354358406, 19.37130527795988, 62.885047324709674, 61.36850462586414, 35.19982394012916, 21.798096597558974, 50.31883856060753, 6.06865066734424, 56.83896514658753, 20.116106774664974, 38.40653679402425, 34.14861647369823, 63.57623161157232, 39.36944866387376, 48.230184982388735, 17.85976937091874, 41.278098727008235, 64.35986302744091, 84.51052622959548, 44.81595448786914, 56.72282611327221, 58.96799334734356, 40.15407240623413, 24.304830982269884, 33.62505962740118, 64.34210946901995, 34.684510847589834, 41.089626264303305, 9.606732034635582, 29.61583733963535, 54.8977956059732, 46.3284490783165, 41.65903682626353, 46.22737190663013, 33.49028374644421, 0.0, 47.180225408961, 30.041516860800186, 16.721055408982526, 79.27472193462056], [56.48781038525715, 59.15800476581967, 46.83748613522037, 23.097486281498796, 66.382996990135, 15.722177450148141, 22.65725291326247, 56.37254377160634, 27.32156207345791, 13.48101134740295, 45.69789123728001, 92.94107286591881, 67.28622876681017, 64.49319426616826, 75.00840755113643, 56.96299688408929, 52.3055381285077, 17.18165766171256, 39.52864300928915, 39.93798647853273, 29.698802274945148, 65.29073205714363, 74.01557547204564, 25.200642093986424, 32.01115266193012, 82.41051855769719, 23.766285180732826, 78.6530352396449, 43.38578703063188, 45.52820106174904, 60.89113511597151, 53.705015739816204, 73.2595934630402, 68.89600742519828, 7.92782768030462, 80.48262136092984, 6.6147877536502255, 74.92944260285569, 47.180225408961, 0.0, 54.58023720888525, 43.08979918733454, 55.781226429530605], [31.403330334119357, 23.479116678398075, 12.533392146625008, 37.99495521430134, 38.98423508791756, 68.62201369063743, 75.34611390792786, 65.08413113794983, 41.4631374201525, 49.757991137911205, 24.22117923019434, 83.57941753957031, 37.63652027102846, 10.347667693544151, 60.16702172292539, 90.20930574290898, 12.241187325045221, 45.41280913211961, 17.827560251426338, 23.358274655696547, 80.72565691077685, 108.48252755023272, 19.563713453901908, 73.8477079729918, 48.035452097847696, 64.21358728579473, 33.78284699888734, 55.14316812789362, 86.57321018026573, 62.880520718677744, 11.048126943348608, 38.26272735129336, 28.527388761412034, 84.7265537350944, 49.36782530722522, 28.319025918306895, 57.29099423584239, 59.16274183927231, 30.041516860800186, 54.58023720888525, 0.0, 15.67813286283522, 101.47882231422331], [21.85940597030617, 18.647619392758823, 3.9143335400269557, 23.402514200900352, 31.782804336775886, 58.26988262246339, 62.07266690302541, 50.45565426083667, 26.014228495929252, 41.661095203603715, 10.714206813653334, 73.27238316663019, 31.36721923958049, 25.69214983798827, 50.21415150805091, 74.53117289919645, 22.931168783424056, 38.28024629646819, 3.6100425201009188, 25.219403155586253, 66.81050994410471, 93.04122336279993, 34.11201600617616, 59.630662778741566, 45.84647032790055, 55.58070977738786, 20.04322600890859, 47.81545604452181, 71.33423229558234, 47.40487745972259, 26.21184758662548, 26.136673597499193, 30.9409681349886, 69.90981380191842, 39.504517036106556, 37.497126985026604, 44.543284827901665, 49.425454738391345, 16.721055408982526, 43.08979918733454, 15.67813286283522, 0.0, 86.31276073182484], [86.57895573623925, 94.35908767490703, 90.08024037788157, 63.57157311506314, 92.28993131943878, 54.31450843819615, 35.00798350215509, 57.67888875675756, 60.36950888551425, 68.84189462757446, 82.12183888653094, 91.3865777991275, 94.37089075735331, 111.78703956928655, 86.36840573848973, 25.177767472783756, 103.54156732758649, 72.93900099495401, 83.69307970749014, 93.71655133290601, 27.284269153589623, 10.522846808000857, 120.42435070674253, 30.601867086234748, 87.12720982570018, 93.36701270390861, 68.1893555045589, 95.79902127685892, 15.034732979217877, 48.771568378214404, 110.56739282118575, 78.99104619308594, 108.68532594397843, 51.9907766824303, 63.70865196135194, 120.76328734306774, 49.74162203532844, 87.1456881166004, 79.27472193462056, 55.781226429530605, 101.47882231422331, 86.31276073182484, 0.0]]",Route_0,2404.5392000872102
