instance_id,num_cities,city_coordinates,distance_matrix,best_route,total_distance
1493,99,"[[23.43794171124761, 36.88303505926762], [96.86782709480987, 63.5364277419941], [11.482066727925256, 92.09388450957971], [76.82446851970131, 65.21401959728786], [70.8442155424412, 66.36911338438118], [0.11059912406051753, 86.63390891484255], [15.0338542049138, 1.2634839472114412], [4.217504120517013, 15.15043832976236], [6.026770730772213, 11.542559011017284], [64.26010826342565, 43.62539566190519], [38.95093862465691, 11.015278254842197], [59.47407834413468, 52.446491366269875], [68.97568564886178, 69.35753185495408], [36.21379825632211, 84.04201763847249], [55.571887323840606, 59.64224630193635], [67.62412262064443, 29.21640333812571], [69.3480275816638, 18.875257420590998], [38.568472143607124, 96.4265178751982], [16.209750695536187, 17.228807367371644], [51.824877152734516, 85.19733038486305], [74.41205742649433, 98.21644707301688], [24.192276458290905, 90.91506492695484], [53.3576667195854, 42.01432153247696], [26.647531953908242, 17.247991601248934], [43.104267422363804, 71.98455603389498], [37.43960201410249, 15.283379418545683], [25.651591433556998, 23.46776603779427], [59.68118449329663, 14.620122880836483], [71.88355016947519, 13.169234890959036], [24.412336241887367, 27.007519517860445], [75.73507812683859, 5.168038189472856], [88.15528256677139, 26.751165624721306], [40.31082155643283, 87.74115899096752], [15.244740103554111, 48.44716349863602], [53.2104540056197, 68.99857183485189], [54.710920910416675, 68.77351170579382], [81.68220623556478, 52.51790482614731], [64.99502000460792, 18.03616394858998], [36.46421048745847, 73.93524864289597], [86.35664572178273, 88.82597943516137], [32.597046501462025, 26.281881077271972], [19.85417709788938, 23.44008184012818], [86.9741054507974, 97.62358739684774], [74.5018437820022, 82.05815161899487], [49.06736382804674, 68.13666242221737], [3.3930802511080715, 99.86735018555532], [3.045253339937759, 35.54770951066366], [45.872329609186394, 82.51794071775907], [24.07279769864402, 64.97737857551282], [26.35212222436911, 29.299643110294006], [40.62948485431932, 86.32434310164268], [37.17909353866825, 90.6454223212318], [1.4778378357970579, 17.940212224631434], [65.28287663528617, 41.33991516109423], [74.80790846046867, 94.91864698571591], [58.82971571719896, 39.49135949926349], [41.94192392214918, 83.64263196169532], [68.12589213642518, 14.457141149936747], [57.00116448215186, 48.247530620443825], [67.16445713056207, 20.926792264408444], [16.7133083223844, 78.79624629259416], [16.0518537631425, 96.14819005891889], [59.30843156957848, 18.918634691697633], [56.01294190371493, 16.858290256153253], [14.473719830406628, 75.11844068910798], [28.6386620965701, 34.733458953793395], [63.99276070335939, 82.83934191213879], [67.67165276195556, 3.8279590075640524], [69.78314973720985, 15.673661557969643], [73.84125897263512, 45.792877149558045], [95.92843388005093, 27.716671545616155], [34.097620151733295, 2.1055936034281575], [16.03379654555236, 25.578560469102406], [79.4035875085007, 83.39172294187314], [33.32834730091515, 70.07825865288935], [44.4329639293609, 64.77971426947181], [50.63194210082853, 15.943257986308602], [14.95465237826087, 26.323063245150834], [8.077898504634963, 14.194742609769795], [4.267788608065359, 80.20003971314847], [21.283311416191232, 24.759428178881993], [67.12599837719183, 29.42932474160581], [52.78989341135378, 38.11813704126046], [20.39132657314937, 91.75146809408668], [33.18833065393921, 62.96925007709741], [31.470582729005304, 26.09651541028858], [38.37471688486792, 92.03936469354171], [28.304858545509294, 49.30988849701485], [79.58461500734131, 99.64732370604624], [81.44026970848272, 19.911122301434723], [2.569307110488517, 70.60145397799292], [32.95910909604507, 37.76337144183898], [98.1240646149954, 29.740671114604666], [22.30019426102279, 36.16215540732841], [86.24557766000692, 78.63130589119243], [28.57430896122013, 90.56058764877713], [30.439742442553953, 27.726057541340843], [43.285985580974184, 26.944016860926922], [91.59295872629228, 13.579401583429041]]","[[0.0, 78.11754866188973, 56.490537646953406, 60.43811652891979, 55.828161473873045, 54.94828806772165, 36.597556041879336, 29.012600396835726, 30.745546039439564, 41.375218531262924, 30.162790244411145, 39.25333508944271, 55.93102059734622, 48.858900400705615, 39.37730510105413, 44.84635799377206, 49.315474651604134, 61.435814449029465, 20.941237105875622, 56.036499146252865, 79.75053543519118, 54.03729520001201, 30.356548641844896, 19.895637741074417, 40.23532206541802, 25.740854978697058, 13.596679300902222, 42.53480816958136, 53.93812471073094, 9.92346975154937, 61.16233729773596, 65.50564086892626, 53.58397936064663, 14.172424603663286, 43.79280980597663, 44.66544222029257, 60.306247624984266, 45.63107830133948, 39.27531297999927, 81.58941588712668, 14.009770387415733, 13.912453416127944, 87.89913993329623, 68.17853951850654, 40.41851681325273, 66.09705305748284, 20.43636056958554, 50.851218026853566, 28.101515612748035, 8.124055730656636, 52.344933819626874, 55.49066171573046, 29.001322369247106, 42.08161545187019, 77.50487555949873, 35.487758786271826, 50.28774463165839, 49.99933630395199, 35.435034670920516, 46.54685633685739, 42.44923992374969, 59.723637634606895, 40.11747403866508, 38.23769137865284, 39.27217230568455, 5.627447908202674, 61.29172442539208, 55.22009820800239, 50.9677920974342, 51.18476020287674, 73.06773347339943, 36.37443028651991, 13.513419678023004, 72.76820430699944, 34.63730636407322, 34.914404891049045, 34.32182863796373, 13.545449517166553, 27.398714232294683, 47.369374728655465, 12.313580937262257, 44.31934219667945, 29.377926160831844, 54.952950853399244, 27.848890435531022, 13.448878312259886, 57.1430481450892, 13.345919445091447, 84.21285443181715, 60.43439315289213, 39.65389872986831, 9.561779150127329, 75.02686396959253, 1.3468989320186855, 75.41695599086206, 53.92274029132931, 11.527161434834616, 22.197498241953713, 72.0289225068462], [78.11754866188973, 0.0, 90.03475112679305, 20.11344170954652, 26.177327330672274, 99.47590060468741, 102.83345101576823, 104.52409444066656, 104.66833287555657, 38.20618439311807, 78.18463476614758, 39.003578482573026, 28.493101051564995, 64.026482265877, 41.47914283896922, 45.08944806109791, 52.4591221783317, 66.93708102910237, 93.00602664984254, 49.980616670747004, 41.31543697211193, 77.6616084975514, 48.54209628324151, 84.10415667510837, 54.42325991971709, 76.55109802444551, 81.7144410280381, 61.446328362583166, 56.22337778162363, 81.14283265196697, 62.076259374241964, 37.80296206899028, 61.51880923996369, 83.00610956663364, 43.99774134134486, 42.4809579398066, 18.761954272617245, 55.55312625837172, 61.29218853473036, 27.386974252334856, 74.2875123104295, 86.82637410677847, 35.49394569929754, 29.03948114076165, 48.0213124313601, 100.28690953007874, 97.90834333304402, 54.41358836407836, 72.80928954531329, 78.38763968440763, 60.67981727392602, 65.55640701436592, 105.72731397486821, 38.604329631332966, 38.359923029312476, 45.00070248310691, 58.49029224971293, 56.87596326689612, 42.69778873741417, 51.94103601937205, 81.59417222961665, 87.14785474674845, 58.32199969908316, 62.03200918174913, 83.20415816415127, 74.0596379100728, 38.12312271708929, 66.46441028313448, 54.99476460856875, 29.069854267118238, 35.83207213628444, 87.82850484117704, 89.30252058449838, 26.443003078363613, 63.875355530482175, 52.449600919061, 66.35410212315563, 89.97000994397409, 101.57880345197971, 94.08742260085438, 84.95101356363527, 45.25340706010129, 50.88176235106401, 81.51529693321218, 63.682022246992254, 75.3561318410556, 65.06812857994544, 70.0233894865231, 40.033813550385325, 46.2728516701804, 94.56281228341723, 68.90990253437172, 33.81909665743393, 79.43351088984375, 18.45772275754289, 73.44596542854026, 75.465707738516, 64.88465361009989, 50.2347359793275], [56.490537646953406, 90.03475112679305, 0.0, 70.6551952061627, 64.69643391502028, 12.614341400202813, 90.89981771489953, 77.28562466528561, 80.73584268459645, 71.6569332270099, 85.60536966504972, 62.25069447026717, 61.826029701585824, 26.00944260269206, 54.74505550768745, 84.29417582684913, 93.32436326234856, 27.430732221790045, 75.01420379639026, 40.92804431886827, 63.22712631193349, 12.764758007822222, 65.2803837507036, 76.36687122545887, 37.47464033853207, 81.07803235447257, 70.07367242329347, 91.24329396874856, 99.38530836779584, 66.35832108740394, 108.0951073467052, 100.73953016733758, 29.15550247213339, 43.80860607162501, 47.69330951339711, 49.117956203802514, 80.58732998924525, 91.36838700054885, 30.884357907536263, 74.9458590122417, 69.11629450868261, 69.16239478953031, 75.6942899072122, 63.81385613326254, 44.57132540375709, 11.218666179083067, 57.172106198318104, 35.698583733060836, 29.89701323626328, 64.53088642951596, 29.71295326103996, 25.737817110685935, 74.82547500062795, 73.96277814762631, 63.38881221620834, 70.77305632988033, 31.610545232890832, 96.10404193580875, 63.201985805274965, 90.36195891847618, 14.289614087491447, 6.109038143164769, 87.41840973088206, 87.42650334188127, 17.237043864525557, 59.87125507774419, 53.31997318519152, 104.63337509324198, 96.12006427395522, 77.66886210036466, 106.1866963145531, 92.78661410394967, 66.67088252410024, 68.47671575869137, 31.015282631882766, 42.79983086748329, 85.62494181954567, 65.86243072417207, 77.97348696845089, 13.91076391979548, 68.0440548967351, 83.80390313286263, 67.96850638400068, 8.915837593368439, 36.32363176296539, 68.95791107591283, 26.89270542124851, 45.972563984847945, 68.52015415806441, 100.52114864179818, 23.267184061533857, 58.42146864882772, 106.74623655446764, 56.96832631989452, 75.96593703725212, 17.16087829410185, 67.1014948947798, 72.49823797202451, 112.1707584263155], [60.43811652891979, 20.11344170954652, 70.6551952061627, 0.0, 6.090785444342131, 79.64816015469364, 88.92553641857056, 88.19372680975981, 88.84221796913971, 24.978627505786964, 66.1204040354878, 21.541722688175156, 8.87536401411312, 44.762931645277256, 21.97081849047605, 37.15474049168138, 46.9380234902199, 49.37348790065664, 77.30927893631696, 32.004878980370165, 33.09048120794531, 58.57210404473096, 32.998739021731026, 69.4151626436502, 34.39319882890084, 63.59431215386217, 66.0409951130899, 53.41942130129202, 52.27879387736217, 64.85960420960302, 60.05586278337634, 40.09711314651292, 42.90359453263188, 63.82155133839466, 23.915361529989628, 22.398191264890443, 13.5937097952728, 48.638317361732604, 41.29176993657672, 25.463445359912168, 58.92178093134271, 70.64471657827802, 33.96167273246914, 17.003510497449266, 27.91054822008311, 81.19742670745573, 79.52020212938089, 35.46069076145164, 52.75220159752931, 61.945945622013646, 41.90134366575593, 47.101082810208794, 88.94901696434698, 26.517564101113766, 29.77299787992204, 31.392138680594247, 39.45130759908732, 51.496853698210195, 26.09262599215523, 45.328515582053214, 61.626524015801735, 68.19262134936855, 49.49822435193832, 52.64405189763584, 63.13250683506615, 57.016984467693625, 21.801484173935332, 62.0646636260963, 50.03825781200329, 19.648926514614473, 42.08340056836717, 76.211921658503, 72.57048586974348, 18.359759084534105, 43.76726382433998, 32.39441604264249, 55.80014686297246, 73.07790798428395, 85.60991480643763, 74.08814074271655, 68.7124013495886, 37.07566194984825, 36.21943749050817, 62.361331630104964, 43.69383844478044, 59.892855084186834, 46.88264647301263, 51.059709537975095, 34.54375255352939, 45.537436511215404, 74.45034214236122, 51.746573234570775, 41.376699317327734, 61.7811241104226, 16.394537777142396, 54.50253580713167, 59.63966894911572, 50.88637290348335, 53.70514016757881], [55.828161473873045, 26.177327330672274, 64.69643391502028, 6.090785444342131, 0.0, 73.57925271103275, 85.75278081225959, 84.03851110800926, 84.89553708157563, 23.67756669299559, 63.884490888655094, 17.97552290665035, 3.5244927178902166, 38.87926627632027, 16.68816197073674, 37.29199461286749, 47.51741715122176, 44.104094783500194, 73.48261307651657, 26.762604286567576, 32.0465623551874, 52.71534081689735, 29.982249346633413, 66.07746548906222, 28.30261326899981, 61.03786054413923, 62.31291100566079, 52.93931696140521, 53.21002995847523, 60.8708015972693, 61.39618996185579, 43.234879740875776, 37.26999438844631, 58.41658973944448, 17.828729558783408, 16.311478380935416, 17.587439290241328, 48.68559427184347, 35.20271509884967, 27.293704821654927, 55.40606585648701, 66.65497558250503, 35.171231059654964, 16.109753724560914, 21.848466769818906, 75.31127087546236, 74.47589014226887, 29.738522345717556, 46.79211955978576, 57.9110697036885, 36.20968300916773, 41.50517576310612, 84.59936656785102, 25.639603236805886, 28.823371253241035, 29.440819621058534, 33.67071286660291, 51.98309478483774, 22.80398703139452, 45.591064593191014, 55.539074072087196, 62.36181778092705, 48.832594033425785, 51.68450720072163, 57.04545130951062, 52.74583749381415, 17.838465773954283, 62.62157092712538, 50.7065547688565, 20.79335872132535, 46.07851201707786, 74.02778024124008, 68.32313837748286, 19.05340086704161, 37.69878152591195, 26.459032509067896, 54.32589520942887, 68.7555772460435, 81.6197005643676, 67.99790545641883, 64.71204772460905, 37.12644776787663, 33.52724581519693, 56.47794203011472, 37.80905628608478, 56.32197713601826, 41.391184391722966, 45.83245626704027, 34.40688688357319, 47.65103670805934, 68.4059633971473, 47.471778590422375, 45.67092016296242, 57.17501475643217, 19.686627952762404, 48.702899600230054, 55.90891888927783, 48.101915497127386, 56.72093101965969], [54.94828806772165, 99.47590060468741, 12.614341400202813, 79.64816015469364, 73.57925271103275, 0.0, 86.66494678566501, 71.60134939746557, 75.32404607334088, 77.23271156090262, 85.01028923262838, 68.50403041976897, 70.99910806752298, 36.1961170289336, 61.68066422622266, 88.6275679547628, 96.87650051349488, 39.68504992359224, 71.24781261299252, 51.73422764379296, 75.19881578890637, 24.459261641145893, 69.4705533711583, 74.28737662257767, 45.42090987172159, 80.52547743519868, 68.13445453012326, 93.45929606082562, 102.70547615002307, 64.38851403367299, 111.15642094581973, 106.4791492569213, 40.215468247221594, 41.07638918733434, 55.95176228116089, 57.447270845869035, 88.4184868776518, 94.42265981987082, 38.50767497348147, 86.27389945344143, 68.54003594477881, 66.20625840173695, 87.55593506161023, 74.53183773789722, 52.33462465796812, 13.634465527288832, 51.170420800793636, 45.946459833078556, 32.29848706775723, 63.054227217298084, 40.52006826023955, 37.28492346747469, 68.70730169830271, 79.36606092130818, 75.1553385129894, 75.30175707696932, 41.93813863506125, 99.17442154379812, 68.62980741138611, 93.88101539752235, 18.359708824060853, 18.564620792156767, 89.94299155222342, 89.407543795011, 18.409379263923345, 59.22421027859164, 63.994759994718756, 106.87058205469476, 99.44657366591595, 84.28641692087278, 112.48243559128711, 91.10517925848872, 63.09757356629927, 79.35924506204861, 37.11479960254454, 49.41738404177098, 86.88828588984862, 62.110739992427305, 72.87599518630049, 7.660084680369275, 65.39675154126616, 88.11031828049153, 71.61625630467364, 20.916436546823455, 40.67127242993019, 68.17788926057787, 38.64403783494174, 46.77604904728885, 80.53240444159039, 105.19717472835944, 16.219890759947766, 58.88424271636526, 113.32907802032585, 55.134163950000776, 86.50593148762738, 28.733283550154006, 66.25701387684387, 73.66815600455833, 117.07255510933207], [36.597556041879336, 102.83345101576823, 90.89981771489953, 88.92553641857056, 85.75278081225959, 86.66494678566501, 0.0, 17.602299030844822, 13.66700175157337, 64.94425034409637, 25.828751796388808, 67.78372791462256, 86.87071163510313, 85.44516177113849, 71.07328628409307, 59.55755228779592, 57.09819607025509, 98.03000187646344, 16.008569094924567, 91.64316639753535, 113.69102021134785, 90.11815949262747, 55.940552102749116, 19.75808684563037, 76.0882259964594, 26.430569496628372, 24.612323884889317, 46.60240235742332, 58.0829995506225, 27.399111167712668, 60.826672845474754, 77.43620085575185, 90.09613398733173, 47.1841508228533, 77.75278068011222, 78.30627989067983, 84.07745528996864, 52.70143150326345, 75.76572809906695, 112.93418971169007, 30.567726749023254, 22.69442678052617, 120.25252299284813, 100.32058666362862, 75.0353368528314, 99.28861996922313, 36.31989362849752, 86.90971355571666, 64.351867635595, 30.23457311717702, 88.82840800346912, 92.08443154326598, 21.49136677455998, 64.27351393886244, 111.10457743007203, 58.13301948829459, 86.66238078601258, 54.7068284778424, 62.99806166620089, 55.71575589874696, 77.55094972363837, 94.89016691420478, 47.664898495960415, 43.846135661417705, 73.85708081060959, 36.129351291022296, 95.13987139069266, 52.700231206958456, 56.61394333603948, 73.7643390432247, 85.10995332470523, 19.082356268244443, 24.335628838187333, 104.34802444674827, 71.20506790554201, 69.9901362117585, 38.50609857781261, 25.05970445793521, 14.683418209062634, 79.66735846395642, 24.312858959270095, 59.21913602983896, 52.76157646660048, 90.64644386373661, 64.32096539087703, 29.77995124611292, 93.72863167632636, 49.84552684415598, 117.66979495972744, 68.97496963553183, 70.44940753660528, 40.66394656243406, 87.83469277545393, 35.64711723957769, 105.15174477772685, 90.31786448148425, 30.62040485714345, 38.17948006485421, 77.54339631675576], [29.012600396835726, 104.52409444066656, 77.28562466528561, 88.19372680975981, 84.03851110800926, 71.60134939746557, 17.602299030844822, 0.0, 4.0361168027712955, 66.4525206995896, 34.97872240803814, 66.6654675752908, 84.45135323549846, 75.95928210609452, 67.94699147737603, 64.94806110452569, 65.23694784079336, 88.2371243321051, 12.171014574494274, 84.69373680271545, 108.75310166776912, 78.3534949658144, 56.003783809596044, 22.52789112041847, 68.86433979427277, 33.222363880134466, 22.991260059984032, 55.46621561788066, 67.6950437991265, 23.41840341935123, 72.21088355857817, 84.73563314370462, 81.06873805384478, 35.07523115243994, 72.80062239037609, 73.65472922636927, 86.0064394457272, 60.845984661176125, 67.04851970824444, 110.3400377930247, 30.48454433631801, 17.69812790467504, 116.8352488796966, 97.03880924272082, 69.41937668519473, 84.72092320730839, 20.430928601505006, 79.20545981489056, 53.63726929409437, 26.270540811425953, 79.94721421935525, 82.37693235877994, 3.9100651831042668, 66.44447619679453, 106.51747413949322, 59.79108711890619, 78.19406907102338, 63.91214845216384, 62.30194474709685, 63.21143217826283, 64.86088184640316, 81.85772789811594, 55.21964859558467, 51.82358665082535, 60.838731640775265, 31.303157247353923, 90.30431311808364, 64.45640013071926, 65.56773328154856, 76.06856312914529, 92.56783920235682, 32.60351680376087, 15.7597746819852, 101.53728409178544, 62.16515612562599, 63.87760357070827, 46.4212086877969, 15.495609062206338, 3.9769333801487687, 65.04962081878045, 19.58505717565235, 64.50864474475043, 53.72887664489875, 78.28991182575297, 55.91017391277467, 29.36914872946207, 84.13454808343491, 41.797950654597905, 113.22510782383792, 77.36937143942711, 55.475505313644305, 36.57081624055649, 95.03324153483882, 27.721398544540023, 103.72282967096389, 79.2461012439363, 29.08181530049877, 40.80973827650493, 87.38957731917591], [30.745546039439564, 104.66833287555657, 80.73584268459645, 88.84221796913971, 84.89553708157563, 75.32404607334088, 13.66700175157337, 4.0361168027712955, 0.0, 66.48631443958598, 32.928389825506805, 67.3033905033058, 85.47009403475597, 78.532974807417, 69.05286739669066, 64.0827475467743, 63.74441179540642, 90.9079138650649, 11.663039969618863, 86.73230019993055, 110.40339808284953, 81.42469093408987, 56.29158042077063, 21.395507810362155, 70.90822071543286, 31.63478633650549, 22.963975053285996, 53.7426042872225, 65.8768659884208, 24.0248625936076, 69.99916167875716, 83.52481171200722, 83.55610558134548, 38.03841205604033, 74.34711411341915, 75.13673153036353, 86.03908348006341, 59.32471093487514, 69.42107359038643, 111.47024665141092, 30.384653519553062, 18.241387455744896, 118.16266096461243, 98.29183297825688, 71.10123202225658, 88.36404846750983, 24.189598931411016, 81.39516798158763, 56.399814106212716, 26.98951553931726, 82.39941174846359, 85.01605848427602, 7.850016377349445, 66.32622799844344, 108.08523004257407, 59.74350548780512, 80.55010085811915, 62.167480795014804, 62.814359498203125, 61.853702654514564, 68.09743415625199, 85.19750638850628, 53.78979340161761, 50.2680246996164, 64.13457476461822, 32.39005204217026, 91.8873617291939, 62.125731656470585, 63.890076477227346, 75.97294984464547, 91.34501055497364, 29.614673783756338, 17.23803650619884, 102.69595706742956, 64.58950546163702, 65.64472847091464, 44.82172982408446, 17.26761060850066, 3.3527903283985685, 68.68000927833016, 20.185332900061336, 63.663584624885544, 53.787089440502974, 81.48502660516755, 58.158876291292266, 29.312202508056608, 86.75324400550318, 43.84842497952507, 114.77458785193876, 75.87640397124039, 59.16001292601148, 37.588320717396805, 93.87802098964224, 29.51184237068518, 104.5751258335463, 82.17201670916532, 29.28990973835939, 40.31691946510862, 85.59042736047923], [41.375218531262924, 38.20618439311807, 71.6569332270099, 24.978627505786964, 23.67756669299559, 77.23271156090262, 64.94425034409637, 66.4525206995896, 66.48631443958598, 0.0, 41.279217835448456, 10.035826414098116, 26.16064798768664, 49.194500068720075, 18.22154459753922, 14.796474322699648, 25.267692137452208, 58.71983202884924, 54.82350532384023, 43.39194313909174, 55.526975120027664, 61.98180349717447, 11.020834427000826, 45.939888350086306, 35.38094937528636, 39.02062839331059, 43.55396197666849, 29.36447499951017, 31.3957735276682, 43.17405172808432, 40.13282044821523, 29.252674994520987, 50.19729980665876, 49.251962000706946, 27.674770610078042, 26.900087725874712, 19.56032251745723, 25.599782712848647, 41.125407242984146, 50.312520718919735, 36.10189715637266, 48.77841343014313, 58.580972839920896, 39.77398492594984, 28.837851544002405, 82.87311112594111, 61.74550572196837, 43.02023320205181, 45.50744010349518, 40.52459243110657, 48.80170565835245, 54.261075049857915, 67.83319341041147, 2.5038922225338127, 52.36653244548803, 6.824911589181483, 45.82008897159017, 29.423313141584014, 8.60560261658871, 22.88365876644046, 59.141245495167205, 71.29291502831852, 25.198078095746915, 28.008814412027128, 58.910918837587936, 36.714492580440954, 39.21485758273366, 39.94339244633266, 28.492164300702985, 9.823259383315852, 35.43967198449784, 51.31929122720906, 51.49238198399514, 42.55215328257246, 40.70046432980425, 28.99346216294762, 30.854945458484302, 52.25321700243727, 63.42400202175768, 70.26224452083831, 46.93537894082615, 14.482463730952421, 12.723825142910279, 65.11980385978369, 36.60109380127231, 37.18083683361523, 54.89959821544572, 36.40183293558358, 58.08009063979871, 29.283522812212066, 67.33099337722707, 31.845186085702224, 36.599905949816744, 42.618474141932616, 41.33732714592138, 58.96090669826763, 37.371193410561794, 26.7989220119066, 40.618302212047865], [30.162790244411145, 78.18463476614758, 85.60536966504972, 66.1204040354878, 63.884490888655094, 85.01028923262838, 25.828751796388808, 34.97872240803814, 32.928389825506805, 41.279217835448456, 0.0, 46.23575114378205, 65.61481531641515, 73.07801723090623, 51.38908402680488, 33.96222069837435, 31.396851586523695, 85.4120959472076, 23.574765586529953, 75.29087030607265, 94.13572536467666, 81.25142472098587, 34.183248800104934, 13.792045945554973, 61.11057987780152, 4.527783772885932, 18.21914069581734, 21.04134022708188, 33.00297611355936, 21.613022460055316, 37.24598146509262, 51.65932262517017, 76.73793101408366, 44.30722154713028, 59.71093797023714, 59.86978013173331, 59.56869348871289, 26.97382084262783, 62.969091548647086, 91.11424852102665, 16.536054754717604, 22.782933194458604, 99.03142816524722, 79.44153015483522, 58.01029725913012, 95.70293610174129, 43.48630151078501, 71.83687348741277, 55.975596007835584, 22.204688082822553, 75.32776888734136, 79.64985423114537, 38.10758445792634, 40.16160558159553, 91.24416458160637, 34.72827352077636, 72.68891593296853, 29.377275785927946, 41.376941280409156, 29.903858220050488, 71.33562805215429, 88.15883823948418, 21.837824112546468, 18.034764903986186, 68.61741523822843, 25.86300722769553, 76.06437387679455, 29.606367195566587, 31.18213875102043, 49.26272260915228, 59.3748389760474, 10.145796212583047, 27.152984917427624, 82.9142119739095, 59.33000241609567, 54.04319736481749, 12.677966179323768, 28.463134664483004, 31.03632709965436, 77.39155065713656, 22.384072648019163, 33.65874477866941, 30.431589245137527, 82.84196731887158, 52.272582093597286, 16.834471731076864, 81.0261353806243, 39.74690169876815, 97.50248785152624, 43.4105896902157, 69.8150087656152, 27.410992507390322, 62.06528157690833, 30.159786444624018, 82.514908197269, 80.21926632517246, 18.75341581718691, 16.50809939679458, 52.704430637520275], [39.25333508944271, 39.003578482573026, 62.25069447026717, 21.541722688175156, 17.97552290665035, 68.50403041976897, 67.78372791462256, 66.6654675752908, 67.3033905033058, 10.035826414098116, 46.23575114378205, 0.0, 19.397521279358344, 39.234142149165635, 8.185718285711536, 24.618290182390737, 34.993179652338014, 48.69586329800073, 55.78608530029273, 33.632242495681474, 48.14594546233979, 52.19805260836615, 12.09300039700737, 48.1302039640169, 25.489344451570922, 43.2043404853937, 44.539051881236, 37.8269354528332, 41.19099254947939, 43.318206887504815, 49.9967223798089, 38.50793737172743, 40.161473745982995, 44.4097847843526, 17.697580560417048, 17.007623640756275, 22.208242711308046, 34.85041505936883, 31.483657793773773, 45.234274405238395, 37.50948776306036, 49.103038280339376, 52.88876531573826, 33.20668843739735, 18.827670455588713, 73.4426047895134, 58.90484801404419, 33.00453960817887, 37.55361241733689, 40.408421911587304, 38.76631968604053, 44.22922872465592, 67.4851629123144, 12.53388098669595, 45.15540221279213, 12.971146629597396, 35.785131363820604, 38.96209198382035, 4.873045691738881, 32.44431163317565, 50.227413207633624, 61.60623390684746, 33.528265866945446, 35.756111697349134, 50.388982451141004, 35.56085505729597, 30.726923935973367, 49.304785924393144, 38.19054811203598, 15.833081233821417, 44.050925369406094, 56.37526601231765, 51.07782095425772, 36.80750864701743, 31.53535269239712, 19.451054213547923, 37.558879383404225, 51.61795022209031, 64.06842892583369, 61.78991723789053, 47.17105199682225, 24.25575889597872, 15.810757916008681, 55.428717119979204, 28.313759597038917, 38.45148891197014, 44.86400196480677, 31.326642661071098, 51.306454354689684, 39.25638550911419, 59.73069275160523, 30.30903503812613, 44.826060634843344, 40.584199578756184, 37.448066536529524, 49.06607874437835, 38.13256495095124, 30.206465420574393, 50.42095938387883], [55.93102059734622, 28.493101051564995, 61.826029701585824, 8.87536401411312, 3.5244927178902166, 70.99910806752298, 86.87071163510313, 84.45135323549846, 85.47009403475597, 26.16064798768664, 65.61481531641515, 19.397521279358344, 0.0, 35.9023033835965, 16.55441279280287, 40.16387582422512, 50.48364755622627, 40.71030136609545, 74.1730935595979, 23.346294128596465, 29.366496652954307, 49.70192119908963, 31.489262709921523, 67.13476581232801, 26.004452255087244, 62.598231067135316, 63.109807053502976, 55.52091221270244, 56.26349075363469, 61.47695222862036, 64.54440706755453, 46.7242911265458, 34.053372521872085, 57.65637877971289, 15.769317710703694, 14.27671504856114, 21.0957034461908, 51.475513623000616, 32.83217184654633, 26.098241784452668, 56.38188606403258, 67.2408716346486, 33.50989422937837, 13.85078214770623, 19.945721343008163, 72.33206166924711, 74.09403478954357, 26.588746148177083, 45.11601809802381, 58.49275689930603, 33.036037646262585, 38.264834382579785, 84.85104723786506, 28.259930707890973, 26.218036342416823, 31.54249446435749, 30.57594410899343, 54.90696721343597, 24.269761212113487, 48.46459621241826, 53.10786583972673, 59.31838963145867, 51.35696786687254, 54.075901230137646, 54.80558683812707, 53.1592126853194, 14.373195310386519, 65.54254663446889, 53.689942524810164, 24.061728016781295, 49.60253909343416, 75.75818537563475, 68.69819471740384, 17.484268833966706, 35.6546235208037, 24.966008957116294, 56.47634531616466, 69.06690614289532, 82.16735237533321, 65.60999859851636, 65.29589122946996, 39.97102783628929, 35.183514018380855, 53.49699362655901, 36.35305931563264, 57.255115831291846, 38.09048214728399, 45.34340284405127, 32.0939382518833, 50.99326694293793, 66.41802807092293, 47.91017385477281, 49.18458753790235, 57.27595057086187, 19.602348199943368, 45.62719379112295, 56.72916862007429, 49.58696344531081, 60.189208817247966], [48.858900400705615, 64.026482265877, 26.00944260269206, 44.762931645277256, 38.87926627632027, 36.1961170289336, 85.44516177113849, 75.95928210609452, 78.532974807417, 49.194500068720075, 73.07801723090623, 39.234142149165635, 35.9023033835965, 0.0, 31.14617879646281, 63.18588814033027, 73.10666036880083, 12.60636090348524, 69.74358024610237, 15.653770531472134, 40.743360850898455, 13.847590598015742, 45.38986082666023, 67.47559088463024, 13.887438412969912, 68.76956394155316, 61.488211634012686, 73.2810868405732, 79.34281653635777, 58.242668908183155, 88.22151776479993, 77.331491107014, 5.519895530477812, 41.312165775354835, 22.697831797477953, 23.984803937011076, 55.32762251146404, 72.00785683975171, 10.109870712103564, 50.370541414765725, 57.87326039566819, 62.77126593397719, 52.54586400069098, 38.33940733187968, 20.449803726732405, 36.43680392959212, 58.75244924822344, 9.778038573993953, 22.60230866841853, 55.62355816686451, 4.970643585248018, 6.67358587165906, 74.6728573532953, 51.657340947738206, 40.097461371103364, 49.96239449059526, 5.742032093459736, 76.55348961175635, 41.39275172648697, 70.29562545968608, 20.193742215766843, 23.517300364192156, 69.09715691912409, 70.04041200729681, 23.500239052745506, 49.887038871827464, 27.804984868483917, 86.16200909995321, 76.16517230334223, 53.654660078118035, 82.08765022921993, 81.96374682395218, 61.848268312390445, 43.19468461327189, 14.258765452293295, 20.942564681534925, 69.60836112195189, 61.50958445415668, 75.30119974988595, 32.17620746491404, 61.13382738155424, 62.75436512116245, 48.82386444860394, 17.600745339114845, 21.288846537772077, 58.13930961075343, 8.284149276686216, 35.62123133818036, 46.09287714075942, 78.47423434951877, 36.229829367159304, 46.392953078276946, 82.34996851794813, 49.86050123505926, 50.32350099020471, 10.042586901253122, 56.61119219908934, 57.53431607612593, 89.62048691944925], [39.37730510105413, 41.47914283896922, 54.74505550768745, 21.97081849047605, 16.68816197073674, 61.68066422622266, 71.07328628409307, 67.94699147737603, 69.05286739669066, 18.22154459753922, 51.38908402680488, 8.185718285711536, 16.55441279280287, 31.14617879646281, 0.0, 32.72595752163701, 43.0317257712836, 40.524051660302604, 57.86430335017742, 25.828325685336747, 42.92925546319848, 44.30202210764908, 17.76644321641302, 51.32144936761717, 17.54349325326347, 47.92169489627968, 46.94483069032124, 45.209268082680225, 49.2525241423674, 45.121425242340635, 58.08608794572145, 46.29795712201688, 31.975756795781116, 41.85222433634097, 9.64972511496006, 9.171764881457024, 27.06482948654192, 42.65983495412032, 23.861961989792277, 42.4192365467716, 40.50626221631206, 50.85618483041003, 49.281655559254276, 29.339667051471906, 10.698781759238969, 65.88388945699381, 57.78922028254829, 24.84710878283449, 31.947711711368694, 42.12443757385678, 30.581198164722952, 36.04846441261114, 68.30245849308504, 20.719040484444477, 40.18020600210213, 20.4125374408648, 27.600623437680014, 46.896660482721565, 11.484005340355864, 40.413785470500606, 43.32279858982488, 53.800715443446265, 40.89467331428296, 42.78622937429668, 43.91550937912341, 36.685778011347765, 24.678256689295566, 57.11076071841567, 46.20818567926059, 22.92542183604534, 51.45768332780792, 61.41343952530095, 52.18807636721413, 33.64502302514343, 24.570010715112236, 12.266588421624823, 43.97731959335096, 52.53501436371753, 65.73548939354086, 55.26964279761619, 48.913366659643486, 32.346840826328915, 21.70315114435292, 47.630599186138504, 22.629462285141095, 41.306040045347864, 36.67854892422505, 29.159020494647454, 46.65851807452509, 47.410288140247566, 54.1237262405293, 31.464629416588792, 52.007614739589044, 40.7224781623787, 36.075748958591845, 41.0464745025148, 40.62348841909008, 34.9301816515784, 58.47480866614134], [44.84635799377206, 45.08944806109791, 84.29417582684913, 37.15474049168138, 37.29199461286749, 88.6275679547628, 59.55755228779592, 64.94806110452569, 64.0827475467743, 14.796474322699648, 33.96222069837435, 24.618290182390737, 40.16387582422512, 63.18588814033027, 32.72595752163701, 0.0, 10.483851735043377, 73.22178856549573, 52.79337172042905, 58.16769163691645, 69.33312407749533, 75.45230349646856, 19.165554364175556, 42.68868541162472, 49.298460259457244, 33.245066397743045, 42.3643742437179, 16.617510923201426, 16.602841269357484, 43.2682059920996, 25.3793511648033, 20.678634522546197, 64.58454489465032, 55.79804520969115, 42.312820435958436, 41.61148400166074, 27.213777512876906, 11.485204977403592, 54.50426817727069, 62.48366974020465, 35.14978637713812, 48.11791335142468, 71.09124184012464, 53.28746015482561, 43.117744190292136, 95.48394155205105, 64.88848738740191, 57.56904017130881, 56.3521539285826, 41.27208433759822, 63.16666250617163, 68.55963950480768, 67.10054751539795, 12.347508723852506, 66.09380908466213, 13.524655888290562, 60.18130683338522, 14.767789035149143, 21.7952069329006, 8.30234569963625, 71.06385747974615, 84.4959347468753, 13.236115621742483, 16.957077477797114, 70.22793140720785, 39.37390042833613, 53.74575639700951, 25.388488821518333, 13.713761446592597, 17.704018426344515, 28.344015793793755, 43.116381715873096, 51.7184265545079, 55.44114940378148, 53.34689704702635, 42.45678892525784, 21.56178532377305, 52.7488816232813, 61.41175048402267, 81.32254446052477, 46.554649721127646, 0.5417225175079541, 17.300150841981033, 78.36817814965777, 48.21906709340935, 36.287906351546454, 69.2982843175801, 44.15600381874147, 71.43926036854383, 16.657556109003004, 77.10286270641832, 35.70313468627858, 30.50444751770188, 45.853047376973194, 52.80711298785494, 72.71861450533098, 37.21423463975529, 24.443990158391173, 28.618541684296122], [49.315474651604134, 52.4591221783317, 93.32436326234856, 46.9380234902199, 47.51741715122176, 96.87650051349488, 57.09819607025509, 65.23694784079336, 63.74441179540642, 25.267692137452208, 31.396851586523695, 34.993179652338014, 50.48364755622627, 73.10666036880083, 43.0317257712836, 10.483851735043377, 0.0, 83.43607751484203, 53.16377778341669, 68.59794576540256, 79.50263375342698, 85.02220724651853, 28.12664090277148, 42.731490974488246, 59.23961973625382, 32.10995499501949, 43.93711036748617, 10.561913900734282, 6.2440025546094455, 45.665633062537786, 15.122244334640033, 20.389771212908236, 74.7373516580063, 61.65763006334007, 52.657078620002174, 52.000775690524364, 35.832383224130254, 4.433142544590755, 64.1322700368968, 71.98886442635474, 37.48990109814982, 49.7039118952565, 80.69682828400492, 63.392743596673334, 53.27280117491041, 104.44986437437325, 68.36686720075053, 67.83435363116993, 64.61619004509146, 44.24156071502368, 73.30848419925324, 78.649837172926, 67.87663048250437, 22.82950502342937, 76.2391460849614, 23.14429842091538, 70.32714499212767, 4.5840338597711545, 31.86181823632924, 2.9961266879625907, 79.75549246855596, 93.87006052102872, 10.039689719982789, 13.486758935365348, 78.57789329929679, 43.6890717922297, 64.18787259428161, 15.140390419894564, 3.2310288388996504, 27.29006009898267, 28.012293778224098, 39.0360455030573, 53.73398833822081, 65.29539500455598, 62.603232366405, 52.23006371228227, 18.944352097883026, 54.900902338836985, 61.44864470442039, 89.42128621357585, 48.42355217846133, 10.785441613677166, 25.38622113071507, 87.79351146733342, 57.02459004935447, 38.55966021012059, 79.45018922927805, 51.09607121186889, 81.4181454845633, 12.136528980931057, 84.46891095582056, 40.9989541309613, 30.759023425423177, 50.123202832327905, 62.0992151920697, 82.46988965715434, 39.902272056159184, 27.282501940835992, 22.866636190687615], [61.435814449029465, 66.93708102910237, 27.430732221790045, 49.37348790065664, 44.104094783500194, 39.68504992359224, 98.03000187646344, 88.2371243321051, 90.9079138650649, 58.71983202884924, 85.4120959472076, 48.69586329800073, 40.71030136609545, 12.60636090348524, 40.524051660302604, 73.22178856549573, 83.43607751484203, 0.0, 82.29331549083393, 17.373166822980696, 35.88824950404815, 15.396464398789908, 56.38623402076957, 80.07089257602199, 24.859262608985695, 81.15099054456925, 74.09335514706804, 84.4868799562054, 89.67535666941815, 70.84767827250249, 98.53662626081086, 85.51904161747176, 8.858399427902249, 53.34805453498686, 31.09147562981941, 32.0197970386164, 61.536658726675384, 82.72490568497896, 22.58949111417613, 48.388818114480934, 70.3983522229935, 75.34749288569292, 48.420432787304065, 38.6995755296543, 30.175199223072983, 35.343281140534835, 70.48495145815941, 15.70970567585324, 34.62907651534144, 68.22944028095495, 10.310271992007715, 5.945707587154948, 86.80907399592445, 61.22248938034591, 36.27079292189808, 60.43285737445471, 13.221494467404433, 87.13564022465017, 51.58467756748345, 80.73375331717642, 28.079790984422555, 22.518338519189026, 80.23476723078412, 81.45804055860577, 32.16506244985168, 62.48707583692937, 28.82717120046102, 97.06435095578047, 86.5758621133138, 61.70846833149609, 89.50535287367498, 94.4268249652302, 74.34544150736835, 42.86505016698341, 26.864282465999, 32.18559370843717, 81.38232258759471, 73.97369015384704, 87.70256520842197, 37.94516417870481, 73.72210338095647, 72.82963814520677, 60.01763156231871, 18.76871629988271, 33.88708737797744, 70.68726392254909, 4.3914296236655925, 48.221556673879256, 41.14240592889868, 87.70745000427942, 44.30433171120455, 58.93071952098584, 89.40844900117351, 62.42155275963403, 50.88984142220943, 11.588461292916334, 69.17968991428549, 69.64246463351185, 98.36280219279683], [20.941237105875622, 93.00602664984254, 75.01420379639026, 77.30927893631696, 73.48261307651657, 71.24781261299252, 16.008569094924567, 12.171014574494274, 11.663039969618863, 54.82350532384023, 23.574765586529953, 55.78608530029273, 74.1730935595979, 69.74358024610237, 57.86430335017742, 52.79337172042905, 53.16377778341669, 82.29331549083393, 0.0, 76.73432969500345, 99.7321728124678, 74.11737495817208, 44.65746720715864, 10.437798888293086, 61.00415594040362, 21.318801019581393, 11.316932526678377, 43.54963594777065, 55.82160940492147, 12.763448631436825, 60.734889140973294, 72.57296234146871, 74.51747008676277, 31.23326760012615, 63.63301468938278, 64.3365887598228, 74.37716607868296, 48.79194939954637, 60.21514447044934, 100.2334371850429, 18.721688156461827, 7.201511950839631, 107.10235552926139, 87.18263584279092, 60.59069604362465, 83.62652569845201, 22.558505410622104, 71.71150201643526, 48.39166829725972, 15.7661909084437, 73.28380772579688, 76.35255523265857, 14.749079746814035, 54.676477653000596, 97.31112615404248, 48.084120516787664, 71.22458028103789, 51.99007478097393, 51.24549376249174, 51.088718913067105, 61.56949817965518, 78.91954064651001, 43.13179580620981, 39.80491569246873, 57.915658066621056, 21.468364301380028, 81.16623860114386, 53.17809794507788, 53.595965924376266, 64.32182233748463, 80.40562010017918, 23.424078812877127, 8.351606834780899, 91.4931276570115, 55.55277536647472, 55.295917683443285, 34.44618844449606, 9.180455422066418, 8.679433680142191, 64.09357660206209, 9.080268068340633, 52.35758686359307, 42.124469555520754, 74.63988570871014, 48.78996081865193, 17.650190941974845, 78.0250294048416, 34.285381729670604, 103.96723167425438, 65.28564485477551, 55.08812129142843, 26.49923260317366, 82.86435638635609, 19.888820247227134, 93.14120400534394, 74.36687636539418, 17.68289926270831, 28.76643514714808, 75.47149273456915], [56.03649914