instance_id,num_cities,city_coordinates,distance_matrix,best_route,total_distance
2018,58,"[[84.46783999862488, 72.46829204255273], [9.619916428433651, 3.3843142939618986], [25.60754258182415, 1.479779354742916], [95.34824178262016, 48.535403305791405], [56.11575643944221, 3.607005614257397], [57.396810230456985, 68.4321952558505], [25.702625836297276, 77.0156585390756], [69.85530119277767, 38.16783976461904], [37.618596520416524, 28.781783937385274], [0.3250080545332601, 23.079023274442612], [94.41808575538231, 75.73393241970197], [61.726574249536405, 48.0527771541072], [47.206229851583814, 1.7530674294836124], [13.515130844496447, 89.78609573463854], [74.58204148126826, 45.67069970742368], [97.58978959707683, 39.87871761992937], [23.36400070562551, 25.480262169768896], [0.38140489019664603, 15.777751970398878], [97.91043435593461, 89.53408231012706], [85.23198707638375, 71.88598028676768], [1.6282636295942732, 69.19848810255893], [21.174533015867837, 36.169550480463876], [7.421023099261303, 28.094181068690084], [62.39627160036933, 63.14337519568558], [18.602306706596938, 23.488198760052082], [29.632161916157518, 92.96701609122891], [54.795201234838196, 19.338562057677667], [91.42609325754822, 82.18343033714737], [6.0764726914908636, 93.02534316366965], [90.71501533342393, 88.32824083090118], [85.65769721620467, 21.94666544620074], [50.91367231899403, 59.45949713523853], [50.70997926251072, 29.584039118815586], [36.340970403477435, 77.1145648597321], [34.08175978992315, 20.150897405001842], [34.36738435417812, 38.38402649257038], [65.48411740249806, 17.83180826238857], [19.72038520236805, 66.49147661118735], [55.40637656524109, 72.67466645804346], [34.94885342405, 0.9723317660282782], [40.97314795708914, 52.31624793000559], [90.22515036950722, 54.70694456222125], [24.209186507055325, 18.34305898953108], [66.40603655277826, 91.73830267090243], [36.69447775297222, 21.291622617625915], [7.1994723832467855, 71.51985505350572], [88.40572420938034, 47.23829381069575], [91.30757718842882, 53.01069311720883], [13.323252508937921, 81.08961196044184], [83.15108132908348, 67.52472379239119], [1.1683826012290899, 79.51839406335644], [9.229195149037327, 7.19384047932069], [42.91233013111142, 81.31526159971479], [40.617615508214946, 15.631130810543514], [12.45924034749677, 27.409894075149253], [33.50227040648929, 0.8247881883191477], [74.48651694623724, 11.524977754397693], [56.09502011853564, 24.939748044020682]]","[[0.0, 101.85679969612723, 92.21661209143163, 26.290041960167446, 74.46957372448567, 27.37025264736627, 58.94089359347997, 37.2833383272367, 64.05749452564712, 97.56698230969462, 10.47243036227678, 33.365888795873104, 79.93166195461528, 73.03556161917263, 28.562912444033742, 35.13212094810133, 77.08147720218082, 101.41176412486075, 21.724284579981227, 0.9607329167739004, 82.90408331805168, 72.96328767129972, 88.91160621113947, 23.96055520558445, 82.08116722979582, 58.541859198250336, 60.85420034370601, 11.949945627425107, 81.04195715231842, 17.045972405021576, 50.535636081278795, 35.987649459409646, 54.57703097738037, 48.35063006952431, 72.63516270002404, 60.59532006568569, 57.84053149364067, 65.02272852852246, 29.062196188334983, 86.97012341738564, 47.93634443407297, 18.671156552922657, 80.99781585734863, 26.41140006385703, 70.00961100936492, 77.27418823040074, 25.5354604978415, 20.624746320018854, 71.66505066072523, 5.1159281110877375, 83.59726993870254, 99.6072673336795, 42.486812903468774, 71.78652439540976, 84.94408543921912, 87.92201617548587, 61.755278044074636, 55.35322395821569], [101.85679969612723, 0.0, 16.10066592893852, 96.89151978882057, 46.49637329677917, 80.70847786324462, 75.36728996879366, 69.5571363835259, 37.801554877832864, 21.777898969024335, 111.46836665234794, 68.6321744051117, 37.62169484587514, 86.48954001189715, 77.51268336676235, 95.23938292232658, 26.02173639765287, 15.457923304307922, 123.35719713557633, 102.02775833791763, 66.29760168034298, 34.76177320401432, 24.80751192477582, 79.72759262068698, 22.01929848417393, 91.79079709185989, 47.90975244191724, 113.58499573704165, 89.71103639094054, 117.43885950537451, 78.27071602731216, 69.63907241076517, 48.732113073480164, 78.4229849854522, 29.656366767718826, 42.86510262114363, 57.702157953046985, 63.91035444422026, 83.0515071198705, 25.4435199813815, 58.11505189408042, 95.55739697348211, 20.895234966235357, 105.02899933298917, 32.46080039547648, 68.17851908021572, 90.16859224336594, 95.58060156511083, 77.79349576642907, 97.57471159205522, 76.60173970847474, 3.8295107879607024, 84.74442375827616, 33.32929436744034, 24.19277255999325, 24.019117498747047, 65.37542553828916, 51.230576681888955], [92.21661209143163, 16.10066592893852, 0.0, 84.13083186584095, 30.58228579327135, 74.11601400933066, 75.53593902888468, 57.479369505344536, 29.827250475804835, 33.25257719375057, 101.23522163374997, 58.93749716973729, 21.60041615683998, 89.13042092468363, 65.96467982237637, 81.58383629897808, 24.105116790934954, 28.99637983878328, 113.93536952087048, 92.261083404464, 71.83891239112955, 34.9718714764704, 32.234699773396244, 71.80396670682666, 23.096403494647376, 91.57571755910037, 34.21776639810827, 104.14010224184825, 93.60583819482287, 108.54325528965884, 63.44221384767182, 63.26174101445828, 37.68264513266489, 76.39258636273786, 20.50421923743369, 37.92964915058567, 43.099072714216064, 65.2777098416762, 77.1795468788393, 9.355083714557479, 53.10789362940354, 83.71718074700695, 16.921158345482855, 99.05108854279032, 22.703067302950114, 72.41870788908193, 77.70105057811755, 83.4980815378638, 80.55202809428336, 87.59676670590864, 81.77590064436191, 17.34649126378259, 81.6894111706847, 20.629179268239437, 29.073161181038632, 7.9218521100583, 49.900502460450035, 38.46890195279014], [26.290041960167446, 96.89151978882057, 84.13083186584095, 0.0, 59.646867690862955, 42.85082830894245, 75.24384864356499, 27.52047226516081, 61.015714535287884, 98.3739916463853, 27.214429558512663, 33.62513131137941, 67.12853538408031, 91.64211734606862, 20.962862439618515, 8.94218897520647, 75.58617926732903, 100.45777137864107, 41.07866247680541, 25.44775146503025, 95.97081524256244, 75.19742939963209, 90.27202973201487, 36.04476635557354, 80.72980246630904, 79.32699015927903, 49.97003738779474, 33.87584644190586, 99.74368904957112, 40.061661293926846, 28.299604855186846, 45.757696504657886, 48.49462532447897, 65.56391195419961, 67.52230735833474, 61.820024457387404, 42.83195855410624, 77.73025961279131, 46.66965419388653, 76.87868292567197, 54.50638141179206, 8.020847031762125, 77.28093452340939, 52.00136303134946, 64.67215491253158, 91.09605133465946, 7.062651293743102, 6.029526453953751, 88.24893974704854, 22.56911641318989, 99.14530544463523, 95.52808492800555, 61.83885461822953, 63.8602583836782, 85.53872631250616, 78.11035123685447, 42.485093416917564, 45.79923971248958], [74.46957372448567, 46.49637329677917, 30.58228579327135, 59.646867690862955, 0.0, 64.83784628505161, 79.4593533658585, 37.19175106388124, 31.23962849792935, 59.091175966524695, 81.66616191192459, 44.79852546982538, 9.100370916216436, 96.13349507355655, 45.938633458228175, 55.097481958642945, 39.38422090115306, 57.0477432461655, 95.55238150690543, 74.22784699041777, 85.2709179481281, 47.76199768120941, 54.50503478402244, 59.86672008405875, 42.45610382217265, 93.20188974113246, 15.786884878940638, 86.14565809395205, 102.46740461292369, 91.51391376532125, 34.77167507626195, 56.094228654091395, 26.533539088926155, 76.12097890197656, 27.55353632358066, 41.01747029656645, 17.032650924397775, 72.65727589201353, 69.0713036958054, 21.33024354173112, 51.00871375190817, 61.43821705389887, 35.145134427530785, 88.73001400708516, 26.266551817346798, 83.69562691577386, 54.2801190885236, 60.65631530614174, 88.5141382991441, 69.40016922881235, 93.7110067600725, 47.02355807452396, 78.82197355167463, 19.615604988379648, 49.72392679955948, 22.783996233491422, 20.00447760902689, 21.332752508047985], [27.37025264736627, 80.70847786324462, 74.11601400933066, 42.85082830894245, 64.83784628505161, 0.0, 32.83591275334783, 32.72835483732506, 44.30951201811535, 72.8978793407801, 37.73446974720069, 20.83428757185082, 67.45334696027507, 48.80154558403061, 28.520481285295915, 49.30290737340525, 54.80055364669861, 77.60957958792864, 45.67979177964724, 28.04863100195453, 55.7738110110786, 48.507026444767014, 64.22409740857508, 7.2777902977516975, 59.37151105266843, 37.05176283850542, 49.16251814098646, 36.70270520818553, 56.908698536597065, 38.806641452306415, 54.402042378067385, 11.06979623763156, 39.41944879930882, 22.77568731691374, 53.61599853781519, 37.858247479480426, 51.24259654997059, 37.726375279835054, 4.686191212174484, 71.0967224761294, 23.010007402846572, 35.58205197691874, 60.086104386222345, 24.986812557201947, 51.48611617385845, 50.292209833860134, 37.5597418071424, 37.25268908266897, 45.855083555323944, 25.7702538652327, 57.31090539901516, 77.9118427350293, 19.384879730572138, 55.40301239178586, 60.8458246812885, 71.7057216949531, 59.417922206932154, 43.511925054739876], [58.94089359347997, 75.36728996879366, 75.53593902888468, 75.24384864356499, 79.4593533658585, 32.83591275334783, 0.0, 58.809963141186984, 49.683971423753725, 59.608590890469436, 68.72741268035969, 46.22308251728202, 78.27427806231037, 17.65273634145674, 58.0663733838423, 80.91301931334225, 51.58843132373149, 66.26647290383897, 73.2849134878403, 59.74996609726997, 25.311718023340102, 41.09632791535285, 52.22574036354333, 39.22835561960888, 53.996328413500194, 16.428239758402658, 64.59895821020858, 65.92632277951789, 25.32776912881112, 65.98928175268641, 81.40764450856497, 30.72158309707159, 53.62020371289107, 10.638804330859621, 57.47878691002509, 39.59142627829614, 71.31125580723574, 12.105602349884272, 30.019277466568276, 76.60339595159589, 29.03876254727522, 68.27030753878128, 58.69160330857676, 43.28422223151242, 56.79779034375479, 19.302086510508037, 69.41447972686602, 69.85877186739376, 13.032497092176845, 58.22716617587069, 24.66156475615419, 71.73883324795209, 17.738672678472934, 63.17054029663144, 51.343150733622785, 76.58905391912805, 81.66331674299703, 60.295920957358355], [37.2833383272367, 69.5571363835259, 57.479369505344536, 27.52047226516081, 37.19175106388124, 32.72835483732506, 58.809963141186984, 0.0, 33.575335770844944, 71.14867565151455, 44.88364627388471, 12.797975969342868, 42.88375073192915, 76.41111924490964, 8.867636724414378, 27.787208389544922, 48.19144785345236, 72.992727712387, 58.528466322349736, 37.05881095008922, 74.95218336326788, 48.721764647405855, 63.241740018603245, 26.06558060985566, 53.313800313084386, 67.97683913908665, 24.111165664651057, 49.017050949134145, 84.12541021696954, 54.32488848732003, 22.646019878771956, 28.49771882063562, 20.981539155659114, 51.3814924256677, 40.05441893838326, 35.488575320019535, 20.800515017376693, 57.58244702669133, 37.40979165061283, 51.009468837698584, 32.16140900433577, 26.238764128456545, 49.76534656447612, 53.681392703153996, 37.20815658425469, 70.9796436144855, 20.64924528153248, 26.08659504496661, 70.97993418440268, 32.227386013343484, 80.17331929273512, 68.08019804431031, 50.86869076991743, 36.915383171111635, 58.39555801610914, 52.115701553169416, 27.042378879284787, 19.08737136985358], [64.05749452564712, 37.801554877832864, 29.827250475804835, 61.015714535287884, 31.23962849792935, 44.30951201811535, 49.683971423753725, 33.575335770844944, 0.0, 37.727088674339385, 73.69318981058228, 30.86366423072093, 28.678811498341872, 65.59346854258243, 40.63904205639409, 60.9892280340787, 14.631935887814102, 39.44253145912571, 85.59174882636208, 64.22621507734345, 54.11851843100814, 18.02737693167427, 30.20540081229014, 42.36333480936333, 19.739334393865978, 64.68019143703047, 19.60128028943215, 75.80885530940077, 71.56913075970944, 79.78101415335378, 48.522922834971574, 33.4347293624408, 13.11594127297517, 48.3496643233669, 9.327454979416666, 10.137723740490484, 29.93975987399935, 41.74166850927405, 47.36021806216015, 27.937307641782322, 23.772337090854666, 58.64779161486666, 16.993506272790945, 69.22600634631843, 7.5469538286889, 52.458229440185185, 54.03679390562251, 58.90285803943928, 57.674713810523166, 59.78480209434579, 62.47256759433956, 35.66507273193005, 52.79952547930213, 13.488283528740357, 25.196731629914648, 28.258410287726747, 40.706767449182784, 18.87165781755898], [97.56698230969462, 21.777898969024335, 33.25257719375057, 98.3739916463853, 59.091175966524695, 72.8978793407801, 59.608590890469436, 71.14867565151455, 37.727088674339385, 0.0, 107.82414724129997, 66.28605218325659, 51.50383820537446, 67.99862392301873, 77.61759373616108, 98.70495154054079, 23.163789210954036, 7.301489112388331, 118.06434812365053, 97.93525483409897, 46.137875017449446, 24.618379183953124, 8.689374961193002, 73.87823802071787, 18.28187820205442, 75.78417253904729, 54.59847063072244, 108.59437673931785, 70.18238391160742, 111.48010498563396, 85.340201978983, 62.31173108170231, 50.803154968606634, 64.93834998162575, 33.883509393686424, 37.32460994616719, 65.37004510020442, 47.54809943017482, 74.11939678523733, 41.079392371606524, 50.07081568236746, 95.3014217797326, 24.349195840106855, 95.2932262788232, 36.41336467910729, 48.92619383575883, 91.33390887942227, 95.77960506172725, 59.448992914873195, 93.99775906165176, 56.44567171780768, 18.210534869914458, 72.14665242360245, 40.97517928661557, 12.88394486296848, 39.94973987949068, 75.05614810908936, 55.80104427595502], [10.47243036227678, 111.46836665234794, 101.23522163374997, 27.214429558512663, 81.66616191192459, 37.73446974720069, 68.72741268035969, 44.88364627388471, 73.69318981058228, 107.82414724129997, 0.0, 42.836681493491305, 87.76176686109932, 82.11425824509699, 36.017587558819265, 35.99522376089989, 87.02938800110616, 111.5241719189619, 14.235190049520915, 9.959475114565663, 93.0196921224633, 83.24637130914445, 99.18686818112205, 34.40811987001645, 92.07414967519014, 67.03875819652154, 68.92322377833369, 7.109714656315541, 90.01796200896194, 13.127426819692657, 54.49600440248855, 46.44880226951379, 63.562655898533706, 58.09352350764178, 82.03624816174568, 70.71847150173826, 64.72890008778647, 75.26731998204886, 39.13147789389395, 95.52950605115345, 58.35022984635444, 21.440963726212612, 90.68076911197669, 32.2616609564142, 79.34721178088823, 87.32035825972282, 29.12301342744135, 22.935144820634118, 81.2714912045529, 13.940462511299657, 93.3264661726243, 109.33842547766879, 51.80727842536003, 80.66496984494695, 95.14444294082278, 96.55110796411684, 67.23137135597328, 63.629447005272354], [33.365888795873104, 68.6321744051117, 58.93749716973729, 33.62513131137941, 44.79852546982538, 20.83428757185082, 46.22308251728202, 12.797975969342868, 30.86366423072093, 66.28605218325659, 42.836681493491305, 0.0, 48.52322662415966, 63.765297419062456, 13.074300390771578, 36.782950729004085, 44.5107344539511, 69.3174368707837, 55.04516699626077, 33.4742588226114, 63.709873888483884, 42.257296700029734, 57.85705180387238, 15.105450797450631, 49.62983943952168, 55.202718794691656, 29.538958689718704, 45.24337427743675, 71.55044022859143, 49.62300566123307, 35.415077508760135, 15.717255132098218, 21.504875022291724, 38.58777510139519, 39.27786475917419, 29.017408758971634, 30.45367122861534, 45.8748902552908, 25.42011667290028, 54.162853234920796, 21.18683284337187, 29.265112074977228, 47.856261204133084, 43.93543566559946, 36.64376136723322, 59.3625183349996, 26.691579677803546, 29.993610412351828, 58.603020481413225, 28.95110031563122, 68.24499705614141, 66.52388682733242, 38.21477009275309, 38.687870072800955, 53.417214562597636, 55.01903551660318, 38.692328265542606, 23.789210087224383], [79.93166195461528, 37.62169484587514, 21.60041615683998, 67.12853538408031, 9.100370916216436, 67.45334696027507, 78.27427806231037, 42.88375073192915, 28.678811498341872, 51.50383820537446, 87.76176686109932, 48.52322662415966, 0.0, 94.25976991740204, 51.75126556215152, 63.182816454095345, 33.63676055882619, 48.8800164600702, 101.37269320628103, 79.77834091009179, 81.40169393016902, 43.15256128835271, 47.71495514069606, 63.24165759970911, 35.92492662819752, 92.89150819244183, 19.153122669008724, 91.78474599355083, 100.11136419880363, 96.89311153838699, 43.43151785688896, 57.825402368114915, 28.050654985346927, 76.14071944632526, 22.599377473893043, 38.81575859863868, 24.34352234364598, 70.33159517214526, 71.39408669416065, 12.282215804261568, 50.94591771900711, 68.22565958579283, 28.356512877160483, 92.0107338239225, 22.18675440488644, 80.42353696838846, 61.37022204854912, 67.61858493097881, 86.26901791324029, 74.95293942508133, 90.37106509231772, 38.36479083975636, 79.67797886487233, 15.362632657665214, 43.19289331733721, 13.735363366958019, 28.97765165372924, 24.832091138895386], [73.03556161917263, 86.48954001189715, 89.13042092468363, 91.64211734606862, 96.13349507355655, 48.80154558403061, 17.65273634145674, 76.41111924490964, 65.59346854258243, 67.99862392301873, 82.11425824509699, 63.765297419062456, 94.25976991740204, 0.0, 75.3348242272953, 97.77164535102901, 65.05567206642455, 75.1646838892343, 84.39567978015165, 73.91699128639029, 23.772824825779093, 54.160874869371966, 61.99218083243403, 55.67046325756777, 66.4927853342362, 16.427931850353517, 81.65108212753893, 78.28102314912712, 8.113344502963072, 77.21364844393833, 99.02897648949089, 48.1492833490681, 70.76541789330301, 26.107214448999507, 72.60886359520234, 55.47061563385069, 88.75919698546704, 24.10693804182817, 45.25127047855918, 91.36350000897119, 46.453548823074755, 84.350304934273, 72.23898065363798, 52.92692149147119, 72.31026877754383, 19.327262879679207, 86.13313197082445, 86.04705076786567, 8.69860030870042, 73.10768961363047, 16.058265466515202, 82.70338489412141, 30.59330575204885, 78.95253952749627, 62.38513795934836, 91.17894487337196, 99.20842963521159, 77.57638673850398], [28.562912444033742, 77.51268336676235, 65.96467982237637, 20.962862439618515, 45.938633458228175, 28.520481285295915, 58.0663733838423, 8.867636724414378, 40.63904205639409, 77.61759373616108, 36.017587558819265, 13.074300390771578, 51.75126556215152, 75.3348242272953, 0.0, 23.725588082539655, 55.05398685706007, 79.99576735633437, 49.68108540949891, 28.295976339978978, 76.6538357135353, 54.2460486774362, 69.4228809368066, 21.30228570619434, 60.214566790127186, 65.24900931351344, 32.93782810300212, 40.21071471984504, 83.27950055133077, 45.606344514941256, 26.182053998617253, 27.39201769324427, 28.786385731267274, 49.50854646314317, 47.86996058733493, 40.86947827400642, 29.2878148626953, 58.67969052867005, 33.11978781997756, 59.73887923457547, 34.25961230221777, 18.06545257570804, 57.308153568748935, 46.78751007898805, 45.0533781754043, 72.17055805767004, 13.912280741852411, 18.265241524469157, 70.76113743816941, 23.473960309666218, 80.84078007644037, 75.8384020123278, 47.68128993112104, 45.342672298723514, 64.75105746662231, 60.816966148728596, 34.145855570334646, 27.776650549274002], [35.13212094810133, 95.23938292232658, 81.58383629897808, 8.94218897520647, 55.097481958642945, 49.30290737340525, 80.91301931334225, 27.787208389544922, 60.9892280340787, 98.70495154054079, 35.99522376089989, 36.782950729004085, 63.182816454095345, 97.77164535102901, 23.725588082539655, 0.0, 75.60941248223368, 100.1515182239424, 49.65639994580673, 34.31005897057639, 100.3407365288989, 76.5052243918054, 90.93559123613302, 42.18800778777976, 80.67014046020898, 86.23576169198157, 47.468671601541054, 42.75137273412709, 105.82651358590981, 48.93484260265563, 21.53911148926513, 50.616863302505124, 47.99684388005305, 71.67932876552455, 66.50155442107217, 63.24007136510451, 38.94663527553271, 82.29145205860371, 53.43233660627847, 73.74004166560971, 57.96668242020456, 16.556395296210102, 76.47546993971545, 60.51316398592052, 63.66882365188948, 95.7683195222057, 11.769044938021953, 14.557299653731086, 93.80398224580645, 31.189388479673923, 104.25157876789447, 94.21197293819716, 68.60475020463949, 61.917478037225386, 86.03883992782585, 75.04944716687204, 36.574523531295284, 44.10202609934377], [77.08147720218082, 26.02173639765287, 24.105116790934954, 75.58617926732903, 39.38422090115306, 54.80055364669861, 51.58843132373149, 48.19144785345236, 14.631935887814102, 23.163789210954036, 87.02938800110616, 44.5107344539511, 33.63676055882619, 65.05567206642455, 55.05398685706007, 75.60941248223368, 0.0, 24.94671149839689, 98.28561768922903, 77.33782005931299, 48.82341185280719, 10.911216859436584, 16.155838169750524, 54.240466941239, 5.161593394361599, 67.77722183607793, 32.025627971586154, 88.58723227849765, 69.72228188543532, 92.11963739173129, 62.393837281873864, 43.74440324022077, 27.652188493519873, 53.24005030818161, 11.969648640832574, 16.9582306098142, 42.80891353131357, 41.17275365937513, 57.04406758685766, 27.10807011172468, 32.09754194089254, 72.96994105825544, 7.187072302052856, 79.01104214549656, 13.973056917067717, 48.794836702106245, 68.58452986808663, 73.30930509441691, 56.508551640355314, 73.09057232374106, 58.418876757303146, 23.112463009455546, 59.158129996386606, 19.86687223212074, 11.074171651120363, 26.658524148523263, 52.993033786390384, 32.73548208486371], [101.41176412486075, 15.457923304307922, 28.99637983878328, 100.45777137864107, 57.0477432461655, 77.60957958792864, 66.26647290383897, 72.992727712387, 39.44253145912571, 7.301489112388331, 111.5241719189619, 69.3174368707837, 48.8800164600702, 75.1646838892343, 79.99576735633437, 100.1515182239424, 24.94671149839689, 0.0, 122.27799415149028, 101.72391352153466, 53.4352852113459, 29.123523545849796, 14.186283877838799, 78.03426142791577, 19.785152329435647, 82.54567997240714, 54.53018064442655, 112.68917161491699, 77.45724073593134, 115.8608415712859, 85.49913172858952, 66.79524617921166, 52.18791970536941, 71.1005975173557, 33.98291219656886, 40.81777122648848, 65.13510822674688, 54.27594334929858, 79.15179332178003, 37.60464021325806, 54.61457032879422, 97.91517062029936, 23.965474685119787, 100.64421120413903, 36.72930751119056, 56.157529330157466, 93.47751860469279, 98.2540620801482, 66.58175782559134, 97.61438639126962, 63.74550014189374, 12.327486724839748, 78.12838645627437, 40.23647776162876, 16.768447730148505, 36.33982468885247, 74.22704171237473, 56.46192605521413], [21.724284579981227, 123.35719713557633, 113.93536952087048, 41.07866247680541, 95.55238150690543, 45.67979177964724, 73.2849134878403, 58.528466322349736, 85.59174882636208, 118.06434812365053, 14.235190049520915, 55.04516699626077, 101.37269320628103, 84.39567978015165, 49.68108540949891, 49.65639994580673, 98.28561768922903, 122.27799415149028, 0.0, 21.730129554313578, 98.4062639853329, 93.46749066852922, 109.37639148434585, 44.24618829039415, 103.20774120749714, 68.36451946518643, 82.37921091269644, 9.80197755088702, 91.90030150839551, 7.295759630259907, 68.68907107941897, 55.7958449653596, 76.30131479644658, 62.80957972390509, 94.27685847774413, 81.57234466205375, 78.69359652971593, 81.51469477360486, 45.725647415297495, 108.66160468572805, 68.02221533006923, 35.665012458481534, 102.4696820328607, 31.581413336619047, 91.67566006142754, 92.48238213661894, 43.35058522971331, 37.11543723185622, 85.00764913996622, 26.50000687044161, 97.25913113310556, 121.01354309343485, 55.6088165868904, 93.50996381064117, 105.64715481887166, 109.62550089704519, 81.44998649725511, 76.94775426954808], [0.9607329167739004, 102.02775833791763, 92.261083404464, 25.44775146503025, 74.22784699041777, 28.04863100195453, 59.74996609726997, 37.05881095008922, 64.22621507734345, 97.93525483409897, 9.959475114565663, 33.4742588226114, 79.77834091009179, 73.91699128639029, 28.295976339978978, 34.31005897057639, 77.33782005931299, 101.72391352153466, 21.730129554313578, 0.0, 83.64690782334658, 73.34180785080044, 89.28755676915719, 24.45205605015862, 82.35204650090759, 59.462178133976074, 60.725851948795324, 12.016839389939632, 81.9296534862581, 17.332383871489537, 49.94112930109225, 36.49882479344384, 54.60057921009621, 49.16980382253975, 72.75207593079223, 60.906393080828046, 57.548517529975896, 65.73332982593675, 29.836036402966545, 86.9318070467963, 48.39234717083791, 17.88996780592514, 81.18267432381187, 27.359296722702126, 70.11190226540215, 78.03337361040509, 24.851178161449415, 19.829000502871867, 72.49533049152915, 4.832258989219057, 84.40937943980103, 99.80730100357279, 43.357406634209916, 71.79867853947778, 85.28771840757638, 87.89571439609648, 61.30999718667948, 55.253158871621714], [82.90408331805168, 66.29760168034298, 71.83891239112955, 95.97081524256244, 85.2709179481281, 55.7738110110786, 25.311718023340102, 74.95218336326788, 54.11851843100814, 46.137875017449446, 93.0196921224633, 63.709873888483884, 81.40169393016902, 23.772824825779093, 76.6538357135353, 100.3407365288989, 48.82341185280719, 53.4352852113459, 98.4062639853329, 83.64690782334658, 0.0, 38.379256993394506, 41.51048203776941, 61.0689379721898, 48.76011372172584, 36.7309303175453, 72.88851404385282, 90.73179669072272, 24.238514516395522, 91.11748881848817, 96.40373671821281, 50.238426077482856, 63.07391994918406, 35.60388016487882, 58.81237596172738, 44.95977168683504, 81.95185085688446, 18.293517273024456, 53.890344653549235, 75.92805879717397, 42.813899098163496, 89.77423446728167, 55.643263278388375, 68.58719345229763, 59.36924400342367, 6.035487676876029, 89.51300351352704, 91.1286123392181, 16.67847689363402, 81.53999811522037, 10.330147607849282, 62.46879610529729, 43.02546161150475, 66.25429289612363, 43.169394800615464, 75.4381544576487, 92.92232709220953, 70.1816474157945], [72.96328767129972, 34.76177320401432, 34.9718714764704, 75.19742939963209, 47.76199768120941, 48.507026444767014, 41.09632791535285, 48.721764647405855, 18.02737693167427, 24.618379183953124, 83.24637130914445, 42.257296700029734, 43.15256128835271, 54.160874869371966, 54.2460486774362, 76.5052243918054, 10.911216859436584, 29.123523545849796, 93.46749066852922, 73.34180785080044, 38.379256993394506, 0.0, 15.949000788852135, 49.262754203317584, 12.939591556262375, 57.423719719477006, 37.59829122151759, 83.979514501191, 58.82629163217924, 86.92760010509397, 66.03308961411292, 37.773509522852045, 30.260726112945967, 43.66365794972707, 20.571673469820084, 13.377414938729776, 47.954270489420296, 30.356774369826535, 50.04440633402802, 37.79650920308751, 25.548013467152163, 71.49561340572649, 18.08294557553818, 71.65036728595263, 21.499335388206404, 38.01244997487347, 68.13626162484397, 72.12674933907377, 45.60103649001301, 69.45674505936304, 47.74273027788876, 31.34139222853835, 50.106557014889255, 28.281798728899588, 12.356694810285312, 37.43294445619183, 58.73263654427861, 36.68172409046682], [88.91160621113947, 24.80751192477582, 32.234699773396244, 90.27202973201487, 54.50503478402244, 64.22409740857508, 52.22574036354333, 63.241740018603245, 30.20540081229014, 8.689374961193002, 99.18686818112205, 57.85705180387238, 47.71495514069606, 61.99218083243403, 69.4228809368066, 90.93559123613302, 16.155838169750524, 14.186283877838799, 109.37639148434585, 89.28755676915719, 41.51048203776941, 15.949000788852135, 0.0, 65.19757631009297, 12.09281506247238, 68.56981414153734, 48.17648407976005, 99.91245517313652, 64.94508162134794, 102.79120146073963, 78.47782569114378, 53.622696576218544, 43.31458648900222, 56.91538789378223, 27.818889917655216, 28.84419012085159, 58.96303261944794, 40.31906017160146, 65.49819711110656, 38.64422533816214, 41.38180283058372, 86.97564414104508, 19.414603071128095, 86.77445491980211, 30.05345152961659, 43.42623913897288, 83.21669824364542, 87.5087797287724, 53.32309075257067, 85.38038076149506, 51.802945816994274, 20.97841087673785, 63.96965130215163, 35.45900970562046, 5.084474577569104, 37.733953532128226, 69.08197278168252, 48.7761051493398], [23.96055520558445, 79.72759262068698, 71.80396670682666, 36.04476635557354, 59.86672008405875, 7.2777902977516975, 39.22835561960888, 26.06558060985566, 42.36333480936333, 73.87823802071787, 34.40811987001645, 15.105450797450631, 63.24165759970911, 55.67046325756777, 21.30228570619434, 42.18800778777976, 54.240466941239, 78.03426142791577, 44.24618829039415, 24.45205605015862, 61.0689379721898, 49.262754203317584, 65.19757631009297, 0.0, 59.07998289825574, 44.30503853587521, 44.45939636069688, 34.71677181475141, 63.75618996439589, 37.89760815252439, 47.31028234817818, 12.059064798767924, 35.5358757669795, 29.5647232540661, 51.478779372148395, 37.39844740710706, 45.41665872395699, 42.80702118745938, 11.819650829445436, 67.96027814597348, 24.003685372511068, 29.07954358962033, 58.8669839561654, 28.874696401633013, 49.11365798664587, 55.828774468223884, 30.487099548555605, 30.635515939994285, 52.25158960993131, 21.212221533846513, 63.37977306844523, 77.18217704470057, 26.6428495221215, 52.26588971493547, 61.405120009182426, 68.69111726844048, 53.01540329875871, 38.719799815866025], [82.08116722979582, 22.01929848417393, 23.096403494647376, 80.72980246630904, 42.45610382217265, 59.37151105266843, 53.996328413500194, 53.313800313084386, 19.739334393865978, 18.28187820205442, 92.07414967519014, 49.62983943952168, 35.92492662819752, 66.4927853342362, 60.214566790127186, 80.67014046020898, 5.161593394361599, 19.785152329435647, 103.20774120749714, 82.35204650090759, 48.76011372172584, 12.939591556262375, 12.09281506247238, 59.07998289825574, 0.0, 70.34887180106664, 36.4300027325567, 93.53306419393816, 70.65628754458834, 96.97666627208388, 67.07310728864218, 48.352442074156805, 32.68121641918044, 56.484044922508296, 15.835120716095519, 21.68924519366972, 47.22180563667983, 43.01781032856794, 61.431654403617586, 27.823979874892917, 36.48987472162628, 78.13092744760006, 7.609833398635295, 83.32630599665724, 18.225026746778067, 49.36663485491225, 73.73319544128341, 78.47059340227196, 57.842814730127515, 78.1393616699573, 58.6798474387771, 18.797907650887566, 62.72915140158315, 23.37535750301574, 7.288138200992301, 27.1226675863759, 57.150359674620155, 37.52080162141473], [58.541859198250336, 91.79079709185989, 91.57571755910037, 79.32699015927903, 93.20188974113246, 37.05176283850542, 16.428239758402658, 67.97683913908665, 64.68019143703047, 75.78417253904729, 67.03875819652154, 55.202718794691656, 92.89150819244183, 16.427931850353517, 65.24900931351344, 86.23576169198157, 67.77722183607793, 82.54567997240714, 68.36451946518643, 59.462178133976074, 36.7309303175453, 57.423719719477006, 68.56981414153734, 44.30503853587521, 70.34887180106664, 0.0, 77.80956105212417, 62.727790271458936, 23.555761437416034, 61.25873992754899, 90.45855853040985, 39.694540073064125, 66.79577946226622, 17.21360860965883, 72.9519435091686, 54.78800128736948, 83.25059860251802, 28.270081506484175, 32.80380457222113, 92.14819126105195, 42.203115009180706, 71.66130980600727, 74.82074335238701, 36.79439621000987, 72.02248492363155, 31.03556470016285, 74.4677625959413, 73.48717299373628, 20.175560833318453, 59.258627832128894, 31.480981041535603, 88.16642619189835, 17.667095136099523, 78.11222274887959, 67.76905991847998, 92.2234672013512, 92.97697980480073, 72.99309599000365], [60.85420034370601, 47.90975244191724, 34.21776639810827, 49.97003738779474, 15.786884878940638, 49.16251814098646, 64.59895821020858, 24.111165664651057, 19.60128028943215, 54.59847063072244, 68.92322377833369, 29.538958689718704, 19.153122669008724, 81.65108212753893, 32.93782810300212, 47.468671601541054, 32.025627971586154, 54.53018064442655, 82.37921091269644, 60.725851948795324, 72.88851404385282, 37.59829122151759, 48.17648407976005, 44.45939636069688, 36.4300027325567, 77.80956105212417, 0.0, 72.7413205780823, 88.33604145898062, 77.78051698278642, 30.97250169884711, 40.30825843698023, 11.029906562319123, 60.65167050758081, 20.729364322343237, 27.928935139932275, 10.79459289824672, 58.76767879202147, 53.33960599677517, 27.040634914008155, 35.757193993752786, 50.06199932756321, 30.602211084933714, 73.3248521146995, 18.20578578688104, 70.62747867247326, 43.6813723057391, 49.66856156429927, 74.38490905565035, 55.910304225993855, 80.60674821002101, 47.156708672542564, 63.10557750145172, 14.654316206769185, 43.09849167651654, 28.216107565477447, 21.184900616015508, 5.7500272681111575], [11.949945627425107, 113.58499573704165, 104.14010224184825, 33.87584644190586, 86.14565809395205, 36.70270520818553, 65.92632277951789, 49.017050949134145, 75.80885530940077, 108.59437673931785, 7.109714656315541, 45.24337427743675, 91.78474599355083, 78.28102314912712, 40.21071471984504, 42.75137273412709, 88.58723227849765, 112.68917161491699, 9.80197755088702, 12.016839389939632, 90.73179669072272, 83.979514501191, 99.91245517313652, 34.71677181475141, 93.53306419393816, 62.727790271458936, 72.7413205780823, 0.0, 86.0354857283195, 6.185816665430995, 60.512331283937236, 46.45033251191447, 66.51689932187163, 55.31784664171413, 84.47726157270904, 71.93110619794382, 69.38384087751695, 73.40262924059601, 37.25367875932013, 98.91876035585211, 58.63060868209194, 27.502718672161368, 92.70224143409912, 26.782434968170126, 81.87406172342934, 84.89897232436446, 35.07542153758774, 29.17297795841602, 78.11049975287573, 16.8331072586588, 90.29704730089709, 111.26440871053954, 48.52153057813278, 83.72998258379903, 96.10361144703212, 99.871907491456, 72.66062322190344, 67.26904110830391], [81.04195715231842, 89.71103639094054, 93.60583819482287, 99.74368904957112, 102.46740461292369, 56.908698536597065, 25.32776912881112, 84.12541021696954, 71.56913075970944, 70.18238391160742, 90.01796200896194, 71.55044022859143, 100.11136419880363, 8.113344502963072, 83.27950055133077, 105.82651358590981, 69.72228188543532, 77.45724073593134, 91.90030150839551, 81.9296534862581, 24.238514516395522, 58.82629163217924, 64.94508162134794, 63.75618996439589, 70.65628754458834, 23.555761437416034, 88.33604145898062, 86.0354857283195, 0.0, 84.76877768892756, 106.70215425621322, 56.009289319191645, 77.56899488672578, 34.19199742623835, 78.0703589725232, 61.53087981052542, 95.82972368247462, 29.83626020179824, 53.36280969523956, 96.47471832837941, 53.61910461147359, 92.46242277994975, 76.85205839653192, 60.34329083604222, 77.99480045056077, 21.534789229618337, 94.20488068007715, 94.15685525817376, 13.963434286674028, 81.18359985216773, 14.371048059643304, 85.88938532756956, 38.652379015353304, 84.75231355453438, 65.92516122118145, 96.19312198939508, 106.40603233266998, 84.48374606697014], [17.045972405021576, 117.43885950537451, 108.54325528965884, 40.061661293926846, 91.51391376532125, 38.806641452306415, 65.98928175268641, 54.32488848732003, 79.78101415335378, 111.48010498563396, 13.127426819692657, 49.62300566123307, 96.89311153838699, 77.21364844393833, 45.606344514941256, 48.93484260265563, 92.11963739173129, 115.8608415712859, 7.295759630259907, 17.332383871489537, 91.11748881848817, 86.92760010509397, 102.79120146073963, 37.89760815252439, 96.97666627208388, 61.25873992754899, 77.78051698278642, 6.185816665430995, 84.76877768892756, 0.0, 66.57394398030976, 49.168600430744114, 71.07238666194677, 55.518314913460905, 88.63112201742953, 75.29594984357652, 74.87553148584419, 74.27706092080382, 38.62297712901755, 103.6384082406366, 61.40942112395324, 33.624864765069674, 96.54507209201245, 24.546995154407686, 86.093708608431, 85.19018574169583, 41.15478795497403, 35.322518399187544, 77.72954844205479, 22.135930493060226, 89.97895772758322, 114.9901291917386, 48.31437250185952, 88.28714104873279, 99.17162542835574, 104.54736919907207, 78.49907884237575, 72.22634620740058], [50.535636081278795, 78.27071602731216, 63.44221384767182, 28.299604855186846, 34.77167507626195, 54.402042378067385, 81.40764450856497, 22.646019878771956, 48.522922834971574, 85.340201978983, 54.49600440248855, 35.415077508760135, 43.43151785688896, 99.02897648949089, 26.182053998617253, 21.53911148926513, 62.393837281873864, 85.49913172858952, 68.68907107941897, 49.94112930109225, 96.40373671821281, 66.03308961411292, 78.47782569114378, 47.31028234817818, 67.07310728864218, 90.45855853040985, 30.97250169884711, 60.512331283937236, 106.70215425621322, 66.57394398030976, 0.0, 51.13081074448234, 35.77250993131587, 73.997545021593, 51.607190431736335, 53.8598461903975, 20.588962386268072, 79.57367226246605, 59.06329221932123, 54.87539988067841, 54.02796019406015, 33.07714492012851, 61.55408554975854, 72.39819793892723, 48.967600934821505, 92.80729589736347, 25.440481868135883, 31.573643420512873, 93.43532529774279, 45.64693336703254, 102.23966070012044, 77.83933306969172, 73.1559745781465, 45.48070951509635, 73.40205007363386, 56.27008303353207, 15.27765829469911, 29.713808584872073], [35.987649459409646, 69.63907241076517, 63.26174101445828, 45.757696504657886, 56.094228654091395, 11.06979623763156, 30.72158309707159, 28.49771882063562, 33.4347293624408, 62.31173108170231, 46.44880226951379, 15.717255132098218, 57.825402368114915, 48.1492833490681, 27.39201769324427, 50.616863302505124, 43.74440324022077, 66.79524617921166, 55.7958449653596, 36.49882479344384, 50.238426077482856, 37.773509522852045, 53.622696576218544, 12.059064798767924, 48.352442074156805, 39.694540073064125, 40.30825843698023, 46.45033251191447, 56.009289319191645, 49.168600430744114, 51.13081074448234, 0.0, 29.87615240542713, 22.892467264909556, 42.76072137064876, 26.79468432776507, 44.10399472639868, 31.976083194951034, 13.957975916108, 60.62692434285042, 12.240916379000621, 39.59771536939061, 49.027451986308876, 35.80411479650688, 40.730481697355444, 45.34736496356977, 39.43363748947382, 40.90543513842511, 43.36936163754015, 33.23098585228916, 53.63723701941804, 66.85278231013972, 23.274361798645593, 45.021489097346056, 50.05916893596811, 61.16523530444988, 53.41719902889289, 34.90643840812824], [54.57703097738037, 48.732113073480164, 37.68264513266489, 48.49462532447897, 26.533539088926155, 39.41944879930882, 53.62020371289107, 20.981539155659114, 13.11594127297517, 50.803154968606634, 63.562655898533706, 21.504875022291724, 28.050654985346927, 70.76541789330301, 28.786385731267274, 47.99684388005305, 27.652188493519873, 52.18791970536941, 76.30131479644658, 54.60057921009621, 63.07391994918406, 30.260726112945967, 43.31458648900222, 35.5358757669795, 32.68121641918044, 66.79577946226622, 11.029906562319123, 66.51689932187163, 77.56899488672578, 71.07238666194677, 35.77250993131587, 29.87615240542713, 0.0, 49.65500269659548, 19.117579486468298, 18.561254971474916, 18.878296742084114, 48.19246706971702, 43.34579924414021, 32.665622377927185, 24.72972303334152, 46.825304329320836, 28.786310130591005, 64.10552778163232, 16.28491492127235, 60.42993353462079, 41.625015265165, 46.87187936188332, 63.64425638728435, 49.91914118645759, 70.34066820464889, 47.13784515423489, 52.31560676647747, 17.220321030923635, 38.31247752645947, 33.51417249697296, 29.857217579497902, 7.111125410824733], [48.35063006952431, 78.4229849854522, 76.39258636273786, 65.56391195419961, 76.12097890197656, 22.77568731691374, 10.638804330859621, 51.3814924256677, 48.3496643233669, 64.93834998162575, 58.09352350764178, 38.58777510139519, 76.14071944632526, 26.107214448999507, 49.50854646314317, 71.67932876552455, 53.24005030818161, 71.1005975173557, 62.80957972390509, 49.16980382253975, 35.60388016487882, 43.66365794972707, 56.91538789378223, 29.5647232540661, 56.484044922508296, 17.21360860965883, 60.65167050758081, 55.31784664171413, 34.19199742623835, 55.518314913460905, 73.997545021593, 22.892467264909556, 49.65500269659548, 0.0, 57.008450623477664, 38.780789627135945, 66.05882414020402, 19.72546213308337, 19.575556439864815, 76.15495814574606, 25.227239076746876, 58.35757275631763, 60.01058308965644, 33.43294647696621, 55.82406155065814, 29.673686738910494, 60.02774492403299, 60.01936766104318, 23.358431807924642, 47.78233498443123, 35.254635546932924, 74.99304004591846, 7.799270592258673, 61.631991334312715, 55.14427738460713, 76.3425716245331, 75.87540219131694, 55.78919241123709], [72.63516270002404, 29.656366767718826, 20.50421923743369, 67.52230735833474, 27.55353632358066, 53.61599853781519, 57.47878