instance_id,num_cities,city_coordinates,distance_matrix,best_route,total_distance
898,31,"[[85.8404437577308, 62.97141559923117], [65.79555396051957, 89.48659907659312], [71.53571662539422, 98.77776978856865], [19.38315692078646, 31.35048018969805], [36.450076706090705, 57.23862462451961], [57.12873863915593, 69.74335819233195], [16.78619000586512, 72.9625987885972], [7.000342078460631, 4.512634266583737], [32.46568686758431, 43.43862934928674], [62.19048240932739, 93.5096170541822], [48.68772122004873, 51.47761008772472], [70.02797680127185, 1.0854853664111874], [52.15630091310729, 31.65622674070969], [91.74160982501986, 73.23056142948882], [50.60633891122192, 58.37907702381649], [23.674048367306654, 88.28791784906606], [82.66181841673573, 59.86071139586983], [93.5668300184984, 4.713217414630943], [43.17885100372958, 58.21675708124864], [25.458689699048765, 12.227068089048398], [98.23152317658229, 70.22726337853653], [56.244133766539505, 70.56943913294175], [86.78533761844633, 22.818807826009056], [85.54164875121576, 11.317002770482265], [49.649595609990946, 48.8665057093709], [78.8585761338562, 69.69450778005876], [90.05382189075799, 88.3103350578538], [29.57421686368352, 76.01924915459207], [35.9543749511619, 38.587270207331905], [52.20648334054818, 96.0026194960228], [39.95033304027332, 12.6718642624569]]","[[0.0, 33.239322523488816, 38.558011082820286, 73.5965660197659, 49.721959432985635, 29.499512153597575, 69.77330222048062, 98.14881939022979, 56.836558760785806, 38.62515268428267, 38.89000330545531, 63.87411425632898, 45.991983349512864, 11.835279215980362, 35.53212233917392, 67.12366201276896, 4.447486897026899, 58.76831374445532, 42.92572974255503, 78.87296765963201, 14.359184383548238, 30.55603912017245, 40.163724122623826, 51.65527701153811, 38.842321926654215, 9.692597380950746, 25.686833098348973, 57.759278470050255, 55.52662791370469, 47.14131653036463, 68.08778984767604], [33.239322523488816, 0.0, 10.92132412385479, 74.39031468010486, 43.60147808907157, 21.561754298493092, 51.72001876215313, 103.33175521488502, 56.844485717083, 5.401963951862333, 41.68166485436787, 88.50237459132629, 59.41701093288232, 30.61791264779235, 34.61777263311137, 42.13855799768536, 34.090527974466056, 89.20633392474535, 38.59168655357631, 87.15559504050043, 37.72285925689893, 21.191709889852167, 69.89395830998572, 80.625021216391, 43.7113710173778, 23.714329553909717, 24.286769237941353, 38.64394875015043, 59.00201389791485, 15.07054618854254, 81.04615307947938], [38.558011082820286, 10.92132412385479, 0.0, 85.24276430520446, 54.37373179676895, 32.412313577337216, 60.530436301255016, 114.23979316722867, 67.74132925943155, 10.727853270154732, 52.529382270954116, 97.70391862661883, 69.86317552527379, 32.572042842550054, 45.49827720478359, 48.99771711171769, 40.476259399949775, 96.61009248856499, 49.49047968779976, 98.05160057362909, 39.08705033240217, 32.08648352042335, 77.47460772963817, 88.57512010776563, 54.49895939450855, 29.991005325535635, 21.27175151370636, 47.7359164958544, 69.92087038343647, 19.527435021687232, 91.71621134069431], [73.5965660197659, 74.39031468010486, 85.24276430520446, 0.0, 31.007672812324888, 53.83996675874938, 41.693076780756364, 29.556794095641504, 17.812241293933994, 75.47334238802173, 35.550792490486565, 58.998878738331875, 32.77457014355566, 83.60434744285513, 41.296878095434415, 57.098892779284604, 69.40477133560994, 78.8210702947896, 35.88916118973079, 20.06531806154623, 87.91171214531131, 53.82247072194826, 67.93999849956819, 69.12514924962701, 34.96953618413039, 70.76432676441378, 90.76765918486235, 45.81655403452775, 18.082488677435006, 72.50703327362561, 27.783078059987837], [49.721959432985635, 43.60147808907157, 54.37373179676895, 31.007672812324888, 0.0, 24.165583397550606, 25.17760520128728, 60.39302053104299, 14.363677522892335, 44.47643620615146, 13.525872679541566, 65.42667975178387, 30.019069944397607, 57.55775948919284, 14.20212629487178, 33.57507274537584, 46.286071457489875, 77.59666172919464, 6.799496058640836, 46.334121445048375, 63.13201932988178, 23.864519906552935, 60.978375507699006, 67.22185507382926, 15.63072853144762, 44.19988516839416, 61.958152708709044, 19.999732656012863, 18.657940449722386, 41.843896190822164, 44.70400344012278], [29.499512153597575, 21.561754298493092, 32.412313577337216, 53.83996675874938, 24.165583397550606, 0.0, 40.47078872774876, 82.26726861652519, 36.058353847525495, 24.29930678606583, 20.121837115199842, 69.85909995228464, 38.410346511748436, 34.78809333876244, 13.10299907227459, 38.25071233385774, 27.3789128825795, 74.54296554965414, 18.095908327990838, 65.65908640176055, 41.105632958991535, 1.2103451991458822, 55.51060520387094, 64.96870376509213, 22.17612567708851, 21.72989240444741, 37.79938805126017, 28.26019245591157, 37.67035301295309, 26.716612836214615, 59.600780517603006], [69.77330222048062, 51.72001876215313, 60.530436301255016, 41.693076780756364, 25.17760520128728, 40.47078872774876, 0.0, 69.14593598125049, 33.42919971058237, 49.83703169597267, 38.461830862377695, 89.44834987339532, 54.38070537745087, 74.95589879550941, 36.83044364441378, 16.8020236017109, 67.16589813126012, 102.7289868473289, 30.232638029228877, 61.35158465992631, 81.49125324287665, 39.530450781113025, 86.1062160275765, 92.34442384742158, 40.750768453908044, 62.1583585566938, 74.85785790824384, 13.148260051285165, 39.35838575408114, 42.25446407320289, 64.58753898562824], [98.14881939022979, 103.33175521488502, 114.23979316722867, 29.556794095641504, 60.39302053104299, 82.26726861652519, 69.14593598125049, 0.0, 46.5157702119138, 104.72064999338413, 62.797663440408925, 63.1207421402511, 52.68619582658943, 109.10195219545967, 69.30423230291943, 85.41844426546317, 93.74469928266218, 86.56672032526116, 64.7535119923883, 20.00557637469259, 112.4346071451303, 82.39206569185535, 81.8581792107749, 78.83550142290348, 61.53230646384093, 97.0169182992671, 117.98277487343188, 74.98517050431276, 44.71483908153973, 102.04906959443967, 33.94517548207837], [56.836558760785806, 56.844485717083, 67.74132925943155, 17.812241293933994, 14.363677522892335, 36.058353847525495, 33.42919971058237, 46.5157702119138, 0.0, 58.229436539796794, 18.104684748581306, 56.61019722891444, 22.946574749194053, 66.34149726624511, 23.501068768966547, 45.70286190662464, 52.81416856530472, 72.3395273958662, 18.25280649845854, 31.988428620697768, 71.01250691656362, 36.07624393480151, 58.10164797445466, 62.03915395893836, 18.020781377279945, 53.30732901434891, 73.00591255948748, 32.70867447148099, 5.975502495081487, 56.14866076348704, 31.664076841722704], [38.62515268428267, 5.401963951862333, 10.727853270154732, 75.47334238802173, 44.47643620615146, 24.29930678606583, 49.83703169597267, 104.72064999338413, 58.229436539796794, 0.0, 44.1476405865933, 92.75584313983782, 62.662003571301966, 35.84005062172625, 36.99117764291679, 38.8687771083944, 39.386856309309835, 94.17683249206478, 40.08775491058846, 89.1968461436852, 42.907162715154925, 23.69832958754167, 74.84716034754756, 85.44532059929095, 46.371124983754605, 29.068621882506182, 28.344280204916014, 37.00991417724402, 60.86704788078795, 10.290544134320946, 83.84131750142008], [38.89000330545531, 41.68166485436787, 52.529382270954116, 35.550792490486565, 13.525872679541566, 20.121837115199842, 38.461830862377695, 62.797663440408925, 18.104684748581306, 44.1476405865933, 0.0, 54.724516829300036, 20.122581416816853, 48.23720779736758, 7.1631934020275265, 44.50486026344395, 34.99308028557303, 64.81545208224956, 8.704237661080416, 45.60913233765211, 52.97299133363972, 20.532834847252726, 47.67342364793589, 54.507672437577625, 2.7826369538057265, 35.24394767563625, 55.38775959925102, 31.106560350980335, 18.119022309038076, 44.663834918977734, 39.77722792326496], [63.87411425632898, 88.50237459132629, 97.70391862661883, 58.998878738331875, 65.42667975178387, 69.85909995228464, 89.44834987339532, 63.1207421402511, 56.61019722891444, 92.75584313983782, 54.724516829300036, 0.0, 35.41139685505005, 75.34184666728879, 60.495914435089965, 98.75702968474269, 60.11772740863197, 23.816759867702768, 63.12572980842943, 45.94079035416954, 74.67278952083086, 70.8379429390457, 27.443513745324886, 18.58380923708285, 51.94520502405859, 69.17497698683414, 89.49418347156899, 85.15618385385125, 50.66946032172167, 96.57571113147084, 32.232108682744716], [45.991983349512864, 59.41701093288232, 69.86317552527379, 32.77457014355566, 30.019069944397607, 38.410346511748436, 54.38070537745087, 52.68619582658943, 22.946574749194053, 62.662003571301966, 20.122581416816853, 35.41139685505005, 0.0, 57.405766143011874, 26.76776250381473, 63.39074970273705, 41.54611357067403, 49.404024859657035, 28.0366970031435, 33.01900438305868, 60.08869256312042, 39.12733668575671, 35.73891655064025, 39.09303623386866, 17.391873782195344, 46.47496451201576, 68.16091317949146, 49.77979788739474, 17.622195334650172, 64.34641232343132, 22.56970691919475], [11.835279215980362, 30.61791264779235, 32.572042842550054, 83.60434744285513, 57.55775948919284, 34.78809333876244, 74.95589879550941, 109.10195219545967, 66.34149726624511, 35.84005062172625, 48.23720779736758, 75.34184666728879, 57.405766143011874, 0.0, 43.73416401628685, 69.71310425698852, 16.161543921897195, 68.5416505462559, 50.83065871442198, 90.08247165882507, 7.151137985918182, 35.59708384684855, 50.6548076253736, 62.223213217728734, 48.63481131670202, 13.359499709918243, 15.173931619516814, 62.22990861986986, 65.66866224900708, 45.62447648717484, 79.68495562879173], [35.53212233917392, 34.61777263311137, 45.49827720478359, 41.296878095434415, 14.20212629487178, 13.10299907227459, 36.83044364441378, 69.30423230291943, 23.501068768966547, 36.99117764291679, 7.1631934020275265, 60.495914435089965, 26.76776250381473, 43.73416401628685, 0.0, 40.247820232305536, 32.08970250315303, 68.7432053643936, 7.429261361649636, 52.558654754601804, 49.07685499505549, 13.43092175475095, 50.72920946434981, 58.61155779061597, 9.56056330750775, 30.433992200881494, 49.51751327480926, 27.450424962574665, 24.62510233375576, 37.657554492460285, 46.93292830768057], [67.12366201276896, 42.13855799768536, 48.99771711171769, 57.098892779284604, 33.57507274537584, 38.25071233385774, 16.8020236017109, 85.41844426546317, 45.70286190662464, 38.8687771083944, 44.50486026344395, 98.75702968474269, 63.39074970273705, 69.71310425698852, 40.247820232305536, 0.0, 65.48024955768696, 108.94829727740921, 35.842879848161374, 76.08178369950944, 76.7137816160801, 37.077688047221486, 90.93535724981874, 98.75283158116343, 47.20992257613465, 58.232697025050626, 66.37977730872514, 13.613677674324602, 51.19532006945515, 29.55700368785397, 77.34794763126166], [4.447486897026899, 34.090527974466056, 40.476259399949775, 69.40477133560994, 46.286071457489875, 27.3789128825795, 67.16589813126012, 93.74469928266218, 52.81416856530472, 39.386856309309835, 34.99308028557303, 60.11772740863197, 41.54611357067403, 16.161543921897195, 32.08970250315303, 65.48024955768696, 0.0, 56.215348175078994, 39.51717729703208, 74.43898111724634, 18.70510909666446, 28.505629479524682, 37.27071277405009, 48.629055819149094, 34.794818771179216, 10.543633301095497, 29.39426477849847, 55.49226776007342, 51.323918158028, 47.26272268630705, 63.64792437184716], [58.76831374445532, 89.20633392474535, 96.61009248856499, 78.8210702947896, 77.59666172919464, 74.54296554965414, 102.7289868473289, 86.56672032526116, 72.3395273958662, 94.17683249206478, 64.81545208224956, 23.816759867702768, 49.404024859657035, 68.5416505462559, 68.7432053643936, 108.94829727740921, 56.215348175078994, 0.0, 73.49542289183807, 68.5213596605561, 65.67990241177135, 75.69693253050151, 19.333935018938874, 10.392955085003518, 62.27548751579718, 66.62507658450482, 83.67089879020311, 95.81025363123787, 66.83297413319684, 100.22191980648873, 54.20395564776088], [42.92572974255503, 38.59168655357631, 49.49047968779976, 35.88916118973079, 6.799496058640836, 18.095908327990838, 30.232638029228877, 64.7535119923883, 18.25280649845854, 40.08775491058846, 8.704237661080416, 63.12572980842943, 28.0366970031435, 50.83065871442198, 7.429261361649636, 35.842879848161374, 39.51717729703208, 73.49542289183807, 0.0, 49.2854502897479, 56.347572928110964, 17.980277182023627, 56.1652961031631, 63.19963281067912, 11.370916254935755, 37.480415505506684, 55.70355761613236, 22.405686646607432, 20.916735145987605, 38.8493184500966, 45.659178596593115], [78.87296765963201, 87.15559504050043, 98.05160057362909, 20.06531806154623, 46.334121445048375, 65.65908640176055, 61.35158465992631, 20.00557637469259, 31.988428620697768, 89.1968461436852, 45.60913233765211, 45.94079035416954, 33.01900438305868, 90.08247165882507, 52.558654754601804, 76.08178369950944, 74.43898111724634, 68.5213596605561, 49.2854502897479, 0.0, 93.05862639200939, 65.96647501159909, 62.234577974669854, 60.08985095129154, 43.904991947676756, 78.44778196921979, 99.80578447921194, 63.92479901370012, 28.37286845964263, 87.94195516493164, 14.498467862679039], [14.359184383548238, 37.72285925689893, 39.08705033240217, 87.91171214531131, 63.13201932988178, 41.105632958991535, 81.49125324287665, 112.4346071451303, 71.01250691656362, 42.907162715154925, 52.97299133363972, 74.67278952083086, 60.08869256312042, 7.151137985918182, 49.07685499505549, 76.7137816160801, 18.70510909666446, 65.67990241177135, 56.347572928110964, 93.05862639200939, 0.0, 41.98878366561093, 48.77065533399416, 60.261527675959584, 53.070572394561054, 19.380271041654158, 19.84621575211503, 68.90118148024197, 69.85364957512854, 52.751049988524045, 81.91044555559333], [30.55603912017245, 21.191709889852167, 32.08648352042335, 53.82247072194826, 23.864519906552935, 1.2103451991458822, 39.530450781113025, 82.39206569185535, 36.07624393480151, 23.69832958754167, 20.532834847252726, 70.8379429390457, 39.12733668575671, 35.59708384684855, 13.43092175475095, 37.077688047221486, 28.505629479524682, 75.69693253050151, 17.980277182023627, 65.96647501159909, 41.98878366561093, 0.0, 56.68234224989604, 66.09989106772144, 22.68270823085559, 22.63136117110383, 38.18159765221305, 27.22103776268134, 37.8752352068266, 25.751685077748203, 60.14663014658986], [40.163724122623826, 69.89395830998572, 77.47460772963817, 67.93999849956819, 60.978375507699006, 55.51060520387094, 86.1062160275765, 81.8581792107749, 58.10164797445466, 74.84716034754756, 47.67342364793589, 27.443513745324886, 35.73891655064025, 50.6548076253736, 50.72920946434981, 90.93535724981874, 37.27071277405009, 19.333935018938874, 56.1652961031631, 62.234577974669854, 48.77065533399416, 56.68234224989604, 0.0, 11.568849620157353, 45.36017966831096, 47.54119049640718, 65.57303659735311, 78.12425548811366, 53.22058973324194, 80.94175346336498, 47.92158300306241], [51.65527701153811, 80.625021216391, 88.57512010776563, 69.12514924962701, 67.22185507382926, 64.96870376509213, 92.34442384742158, 78.83550142290348, 62.03915395893836, 85.44532059929095, 54.507672437577625, 18.58380923708285, 39.09303623386866, 62.223213217728734, 58.61155779061597, 98.75283158116343, 48.629055819149094, 10.392955085003518, 63.19963281067912, 60.08985095129154, 60.261527675959584, 66.09989106772144, 11.568849620157353, 0.0, 51.94424558745764, 58.75879977290236, 77.12543629150383, 85.54960034527112, 56.59121141130317, 91.01036717397486, 45.61144283967854], [38.842321926654215, 43.7113710173778, 54.49895939450855, 34.96953618413039, 15.63072853144762, 22.17612567708851, 40.750768453908044, 61.53230646384093, 18.020781377279945, 46.371124983754605, 2.7826369538057265, 51.94520502405859, 17.391873782195344, 48.63481131670202, 9.56056330750775, 47.20992257613465, 34.794818771179216, 62.27548751579718, 11.370916254935755, 43.904991947676756, 53.070572394561054, 22.68270823085559, 45.36017966831096, 51.94424558745764, 0.0, 35.87436708152657, 56.46518551301915, 33.768214468782524, 17.12371897107625, 47.20541174245671, 37.47169283428479], [9.692597380950746, 23.714329553909717, 29.991005325535635, 70.76432676441378, 44.19988516839416, 21.72989240444741, 62.1583585566938, 97.0169182992671, 53.30732901434891, 29.068621882506182, 35.24394767563625, 69.17497698683414, 46.47496451201576, 13.359499709918243, 30.433992200881494, 58.232697025050626, 10.543633301095497, 66.62507658450482, 37.480415505506684, 78.44778196921979, 19.380271041654158, 22.63136117110383, 47.54119049640718, 58.75879977290236, 35.87436708152657, 0.0, 21.722857841318337, 49.688534111263436, 52.9946290536237, 37.44930963746523, 69.03211755672024], [25.686833098348973, 24.286769237941353, 21.27175151370636, 90.76765918486235, 61.958152708709044, 37.79938805126017, 74.85785790824384, 117.98277487343188, 73.00591255948748, 28.344280204916014, 55.38775959925102, 89.49418347156899, 68.16091317949146, 15.173931619516814, 49.51751327480926, 66.37977730872514, 29.39426477849847, 83.67089879020311, 55.70355761613236, 99.80578447921194, 19.84621575211503, 38.18159765221305, 65.57303659735311, 77.12543629150383, 56.46518551301915, 21.722857841318337, 0.0, 61.715908945038564, 73.47879515410808, 38.62113767371301, 90.7278229610782], [57.759278470050255, 38.64394875015043, 47.7359164958544, 45.81655403452775, 19.999732656012863, 28.26019245591157, 13.148260051285165, 74.98517050431276, 32.70867447148099, 37.00991417724402, 31.106560350980335, 85.15618385385125, 49.77979788739474, 62.22990861986986, 27.450424962574665, 13.613677674324602, 55.49226776007342, 95.81025363123787, 22.405686646607432, 63.92479901370012, 68.90118148024197, 27.22103776268134, 78.12425548811366, 85.54960034527112, 33.768214468782524, 49.688534111263436, 61.715908945038564, 0.0, 37.97182462207135, 30.191962110511884, 64.19154897322859], [55.52662791370469, 59.00201389791485, 69.92087038343647, 18.082488677435006, 18.657940449722386, 37.67035301295309, 39.35838575408114, 44.71483908153973, 5.975502495081487, 60.86704788078795, 18.119022309038076, 50.66946032172167, 17.622195334650172, 65.66866224900708, 24.62510233375576, 51.19532006945515, 51.323918158028, 66.83297413319684, 20.916735145987605, 28.37286845964263, 69.85364957512854, 37.8752352068266, 53.22058973324194, 56.59121141130317, 17.12371897107625, 52.9946290536237, 73.47879515410808, 37.97182462207135, 0.0, 59.67121048749337, 26.22166940409397], [47.14131653036463, 15.07054618854254, 19.527435021687232, 72.50703327362561, 41.843896190822164, 26.716612836214615, 42.25446407320289, 102.04906959443967, 56.14866076348704, 10.290544134320946, 44.663834918977734, 96.57571113147084, 64.34641232343132, 45.62447648717484, 37.657554492460285, 29.55700368785397, 47.26272268630705, 100.22191980648873, 38.8493184500966, 87.94195516493164, 52.751049988524045, 25.751685077748203, 80.94175346336498, 91.01036717397486, 47.20541174245671, 37.44930963746523, 38.62113767371301, 30.191962110511884, 59.67121048749337, 0.0, 84.22724017786287], [68.08778984767604, 81.04615307947938, 91.71621134069431, 27.783078059987837, 44.70400344012278, 59.600780517603006, 64.58753898562824, 33.94517548207837, 31.664076841722704, 83.84131750142008, 39.77722792326496, 32.232108682744716, 22.56970691919475, 79.68495562879173, 46.93292830768057, 77.34794763126166, 63.64792437184716, 54.20395564776088, 45.659178596593115, 14.498467862679039, 81.91044555559333, 60.14663014658986, 47.92158300306241, 45.61144283967854, 37.47169283428479, 69.03211755672024, 90.7278229610782, 64.19154897322859, 26.22166940409397, 84.22724017786287, 0.0]]",Route_3,1387.1218662398387
