instance_id,num_cities,city_coordinates,distance_matrix,best_route,total_distance
2094,60,"[[8.014932343278058, 69.98711172880047], [33.08277005990013, 79.1759538652964], [49.58023795620281, 59.47906789158669], [2.124683888723866, 63.29566202698905], [75.40962181253249, 64.48643052535378], [33.93302153367947, 64.61157893629353], [51.25023734095733, 90.53819944513137], [57.43980117965928, 61.086710363098675], [94.37467390120146, 60.64169697828875], [91.64119788884604, 63.124898654496405], [6.648111055110439, 78.6064939462414], [54.71798809119499, 46.35754139680189], [36.10398059344345, 1.6772587885287904], [79.66164886288271, 5.204422196683145], [31.9319343549078, 66.71632685653367], [59.40528177041004, 55.81638333189988], [80.76450706666745, 50.95151788564196], [9.337977458959024, 8.75789261750084], [5.914231152243632, 11.971961807555754], [46.97017934971416, 68.07160929937122], [1.7325958475919667, 49.329780020759614], [95.49651253012577, 69.79842978483985], [92.62963843352905, 43.64430562477669], [17.428637497153044, 19.27850179588858], [87.25703902715564, 30.537275413934584], [46.63153389602691, 7.066963277867178], [64.44200534536728, 78.46328766102114], [83.18760363459499, 74.97176525475552], [2.6646445616778425, 60.85393615565189], [37.09200138223022, 88.63150667857118], [61.400345936863, 37.649378447992675], [80.58619640571911, 63.71867428259426], [49.88934198942356, 92.32999614083332], [32.40060996383325, 10.237603978539568], [26.227658367425533, 44.959371812111826], [84.03050987527641, 66.44267854658709], [20.15857150406456, 87.57588746508272], [61.278143126009155, 4.652555257570167], [60.84133961659069, 29.63825554675458], [7.222870501697454, 24.634403102085134], [65.46335259220048, 66.53839382052844], [15.114773937104664, 65.75846664805923], [50.060184991047905, 69.61083413188767], [19.424224460729967, 98.10650571830604], [81.08629498492452, 62.52228880525455], [52.809290781519536, 16.877072773301137], [36.58069389929997, 20.742177500565674], [75.51220204872003, 93.5152369188652], [28.65089032810415, 99.13030397811437], [55.26169515689621, 33.86113935326915], [7.890781405601421, 78.51379527407381], [16.97798455387026, 37.208336562462385], [21.143419100723847, 87.592336213121], [71.47621103594567, 39.5712454598632], [64.44306236727881, 60.969038386068796], [35.368432119644844, 71.96297682408175], [37.58644454135802, 54.62407718573685], [79.32376050664047, 78.32886065090511], [82.32558311631247, 16.305799998268334], [78.6572773954503, 28.694696829407064]]","[[0.0, 26.698900868693887, 42.87299401698743, 8.914624275214868, 67.61879666453098, 26.46967510350137, 47.87106437678899, 50.219864635063225, 86.86392656799717, 83.90734328635962, 8.72708142760941, 52.34053888018258, 73.85953317156604, 96.59217800140596, 24.13961513580841, 53.308325405526, 75.19876631564982, 61.2435116674221, 58.05317016217559, 39.002312994098155, 21.591505393118368, 87.48178366302234, 88.62049379333062, 51.575003306372196, 88.51893050059263, 73.8253817908939, 57.060144812443845, 75.33775467749355, 10.584917354230903, 34.54112631254265, 62.41579430159315, 72.84148320591467, 47.46230785647348, 64.53421533893578, 30.953047581265224, 76.0981670876929, 21.373652097117574, 84.29456620789992, 66.47299828204923, 45.35962457671611, 57.55184310087415, 8.263727359751618, 42.04693633363477, 30.3458772316503, 73.45166859634233, 69.47813170882124, 56.9303634312892, 71.48044552637128, 35.70950036659681, 59.475562010324396, 8.527587333857166, 33.98211892061977, 21.961354550294672, 70.37370825953613, 57.14419922284695, 27.424769696215293, 33.32412285496136, 71.79508164986918, 91.67200252761171, 81.82545106929634], [26.698900868693887, 0.0, 25.693068404744114, 34.79348744020619, 44.8033980323372, 14.589172171210798, 21.427960519488618, 30.33950717217929, 64.03293023784653, 60.71841436646725, 26.440791994547336, 39.30815254134824, 77.55756218248352, 87.41498411567433, 12.512662706929133, 35.19295608860755, 55.40908617142261, 74.31364965845773, 72.48797179445506, 17.781074349476334, 43.28541921132778, 63.114286869291256, 69.3421052448966, 61.909261267592804, 72.80503045553593, 73.37080839833438, 31.367332223318005, 50.280906410096385, 35.50998017146909, 10.27041453888699, 50.26272544775665, 49.9550098257469, 21.342204389632702, 68.9417248660459, 34.896519077389584, 52.51484068944063, 15.414077747029859, 79.67883032765428, 56.78487244445029, 60.361537130993305, 34.75931600328508, 22.4249380800375, 19.486511572336507, 23.343557169893728, 50.81026436813232, 65.34742692023188, 58.53837793644103, 44.786959456791195, 20.44058821027473, 50.45133430066641, 25.200689402439856, 44.95158526984741, 14.607655292727749, 55.1596703929645, 36.26237312796796, 7.566458144234078, 24.96152504001379, 46.24874878750126, 79.85931933702264, 68.01024210221313], [42.87299401698743, 25.693068404744114, 0.0, 47.608780730510254, 26.310278427710934, 16.467484671233844, 31.103995736970443, 8.022296951604236, 44.8095212875995, 42.21867397736691, 47.00027603884665, 14.09151993231928, 59.35198941984736, 62.05343219713018, 19.074604513047912, 10.485549300578391, 32.329208914815204, 64.7462520236698, 64.52631462188724, 8.98021011857725, 48.912216261774795, 47.06159262744738, 45.86927705451228, 51.476314227933614, 47.509669444857565, 52.49498610033129, 24.109598299926493, 37.00646834578938, 46.93573442808719, 31.714677043230072, 24.8243890937567, 31.29446790926159, 32.85238244238161, 52.15229032608376, 27.498446277753487, 35.14702133399851, 40.68249902558183, 56.060569681102564, 31.894928938705522, 54.84794656109487, 17.381237387230886, 35.03282830138808, 10.143127540574422, 49.0047355160316, 31.65269061274966, 42.72419420196374, 40.859941542461044, 42.789339370327696, 44.83590208000006, 26.240373825798574, 45.829375230414016, 39.48281146073495, 39.987604608652276, 29.593158518175397, 14.937321096799922, 18.91622074757146, 12.939165940348028, 35.21351758597324, 54.18660987959065, 42.34562225597253], [8.914624275214868, 34.79348744020619, 47.608780730510254, 0.0, 73.29461137159527, 31.835545873248247, 56.17362234151481, 55.359205814059024, 92.28815843748286, 89.5166768756719, 15.96505456893902, 55.25355714717776, 70.3663287532102, 96.88432836339454, 30.00288533174611, 57.766828746974205, 79.60276178651458, 55.01272485791722, 51.4634129520838, 45.09909240206809, 13.971384800509998, 93.59799342054222, 92.61383592964944, 46.60173162940756, 91.21748617949531, 71.7114095565836, 64.13661529036887, 81.89950149000299, 2.5007164491589475, 43.18122644044259, 64.58588059831267, 78.46265280898291, 55.89682567830734, 61.08837224528186, 30.28486284540754, 81.96626161729013, 30.24484170643631, 83.29553236102542, 67.6791450214951, 38.995954256809334, 63.4216229894316, 13.221491824548636, 48.34970180513422, 38.87247023928103, 78.96539832767093, 68.72855886878337, 54.75413839327101, 79.36592800647819, 44.58431553618347, 60.74481946259784, 16.27388890524229, 30.01947851881141, 30.855156223412948, 73.29721863142119, 62.361794985094114, 34.35504536793342, 36.50661381508489, 78.64918621018954, 92.95284487519481, 83.9908605829831], [67.61879666453098, 44.8033980323372, 26.310278427710934, 73.29461137159527, 0.0, 41.47678908518005, 35.5298539526252, 18.28859072644144, 19.350844342659947, 16.288579771008724, 70.1963072579531, 27.510004127468214, 74.0940313784432, 59.434301926728175, 43.53483368879115, 18.20188502657354, 14.55570871684312, 86.43571093553925, 87.10556094612302, 28.664531994044832, 75.21986579060705, 20.777403948359755, 27.0355902986906, 73.52245481612186, 35.957008043447516, 64.227514066133, 17.766292420245964, 13.055238244165942, 72.8356144380843, 45.29044863859692, 30.273539184634615, 5.233199228686157, 37.76968133878409, 69.22940330457779, 52.916647194491034, 8.84005754002426, 59.88156295522396, 61.48000747745848, 37.77075780917908, 78.97858661732698, 10.155728667509193, 60.30826441059675, 25.86220136587557, 65.30447283776955, 6.006868652034083, 52.70128943654323, 58.49141232341454, 29.028987638855504, 58.19430331092348, 36.65852435513279, 68.96057403828844, 64.48527462123594, 58.9805360641212, 25.223761955446182, 11.516834353579394, 40.73322497150004, 39.08783381414404, 14.385178257410798, 48.67446639402326, 35.93877387650871], [26.46967510350137, 14.589172171210798, 16.467484671233844, 31.835545873248247, 41.47678908518005, 0.0, 31.178127177961237, 23.76958955857141, 60.57188542283349, 57.72732313644285, 30.664702606729946, 27.66269548128324, 62.97175331607433, 74.96877769643699, 2.9041889926104294, 26.947940687319143, 48.783043213128785, 61.02909526148598, 59.63205434914132, 13.488487462781505, 35.642682172643205, 61.781606044150315, 62.32912148913663, 48.243990044803034, 63.28118995545513, 58.929067593953135, 33.50623714797774, 50.332368496714665, 31.49335291343413, 24.226763762991325, 38.48914346982863, 46.66171883205448, 31.983039486754926, 54.395564505994905, 21.108810160110895, 50.13094118325785, 26.778628415655984, 65.90022909979147, 44.12698642509364, 48.079171746511044, 31.589149913507388, 18.85316403231544, 16.88425164735929, 36.50226448641792, 47.19953739624519, 51.33124408527141, 43.94922697027459, 50.638421155045975, 34.92052818308655, 37.42327956065493, 29.52066886083247, 32.224384735563724, 26.29998356291356, 45.12770079024532, 30.72670977062026, 7.490223925549797, 10.63473981300942, 47.41817164494533, 68.37607984769444, 57.360975259048054], [47.87106437678899, 21.427960519488618, 31.103995736970443, 56.17362234151481, 35.5298539526252, 31.178127177961237, 0.0, 30.09486517102972, 52.473973438157394, 48.8151488189776, 46.170502112613796, 44.31654139087564, 90.14253084886099, 89.93921193870878, 30.670481637695104, 35.666640770437155, 49.378107237260394, 91.89481004516826, 90.70836319583266, 22.870648639379944, 64.4215076703456, 48.86584608576395, 62.54032389118739, 78.87867344888554, 69.97571473208875, 83.59892157679671, 17.8836863559004, 35.52899153054144, 56.936063375975635, 14.286046435912427, 53.85398862643376, 39.7477725689546, 2.2500159014003924, 82.48329579100032, 51.99575931638215, 40.68341670504603, 31.23246670982208, 86.4690856430565, 61.650566985933715, 79.25729873787319, 27.892710789090454, 43.81560079361537, 20.961174670077067, 32.71351946362502, 40.92776056316417, 73.67762367363613, 71.3209659502237, 24.443929381356394, 24.1775669932494, 56.81884312853983, 44.99587441842881, 63.39291432160437, 30.25059693183204, 54.833570104880124, 32.37878808590459, 24.439120943873206, 38.42555674721081, 30.61356981350503, 80.47438252448114, 67.64439858798126], [50.219864635063225, 30.33950717217929, 8.022296951604236, 55.359205814059024, 18.28859072644144, 23.76958955857141, 30.09486517102972, 0.0, 36.93755351764896, 34.26207449017589, 53.72837799997641, 14.978540814320189, 63.12448159373949, 60.13851216292841, 26.121712268004416, 5.624896529573028, 25.431555816947746, 71.07805998976981, 71.1838667980626, 12.585777465536433, 56.93433179535632, 39.04109801345074, 39.27546472047503, 57.868985845853956, 42.688823461971616, 55.09039586739975, 18.734361525521305, 29.253103777252722, 54.775651218000576, 34.2454195573236, 23.769611735841632, 23.295554211790968, 32.14268719588657, 56.67973815086754, 35.13244807395893, 27.124752240669565, 45.73364833101247, 56.56453598653451, 31.6318790790803, 62.05248448987812, 9.70042420668835, 42.5820764861116, 11.274724879873947, 53.06269236869001, 23.69003070377981, 44.45147559270131, 45.41787851088538, 37.12439908941399, 47.70866172052253, 27.312558698475442, 52.52436243367752, 46.98228751372042, 44.94413814638609, 25.68922014495596, 7.004249706870559, 24.605660005650485, 20.878730741899002, 27.860355747410527, 51.23116313047776, 38.72239452480332], [86.86392656799717, 64.03293023784653, 44.8095212875995, 92.28815843748286, 19.350844342659947, 60.57188542283349, 52.473973438157394, 36.93755351764896, 0.0, 3.692990884749518, 89.54710357621245, 42.150798688870545, 82.89920789489376, 57.356469042205156, 62.737523462469674, 35.3007370713854, 16.707369993850573, 99.61510375820828, 100.96530618450544, 47.98322311788739, 93.33013495835688, 9.225197970770928, 17.086733497303722, 87.35906612361694, 30.934397099742956, 71.76112811700207, 34.836385308126886, 18.17969741107343, 91.71027492557576, 63.755266590092205, 40.19891809611734, 14.127628993381533, 54.61769913787991, 79.88339747432109, 69.92818493839522, 11.859726664260819, 78.95239370786177, 65.03971356007006, 45.66944152102171, 94.29720063752205, 29.506533742233664, 79.42488951312501, 45.21304400997782, 83.79249229647456, 13.420791326974877, 60.35746354585924, 70.2290237652026, 37.90069224447397, 76.16422123248134, 47.40277811436235, 88.3112425384487, 80.86637065124977, 78.03302912753391, 31.11757588215734, 29.933401434098645, 60.08250948928712, 57.10617078559809, 23.22424924066428, 45.94401320918189, 35.604035886843576], [83.90734328635962, 60.71841436646725, 42.21867397736691, 89.5166768756719, 16.288579771008724, 57.72732313644285, 48.8151488189776, 34.26207449017589, 3.692990884749518, 0.0, 86.3915771490734, 40.5520368313173, 82.82629383242025, 59.14635397017773, 59.81717569641412, 33.054026747364226, 16.32463177486032, 98.63869138708847, 99.82853186301817, 44.94407462088392, 90.96077186969923, 7.707105081087774, 19.505653526604473, 86.19750946154542, 32.881211008619246, 71.89132055705207, 31.22598681119156, 14.55374536192802, 89.00552967458574, 60.217953239969745, 39.54126017938397, 11.070936152307159, 50.952479726040636, 79.41355801022054, 67.88900881719984, 8.302423468617684, 75.54877053057629, 65.88573469924347, 45.49710470146742, 92.77915847168475, 26.39946085857876, 76.57172613450983, 42.08382103164751, 80.24340523609399, 10.572091275694424, 60.38856189982826, 69.48348114476322, 34.405190983826266, 72.55458675449039, 46.68871199191631, 85.15251258938267, 79.03330700517574, 74.62300124455062, 31.00647147920414, 27.28344386888359, 56.962582394472626, 54.7191038404458, 19.567312642588288, 47.73686916390583, 36.79702418804009], [8.72708142760941, 26.440791994547336, 47.00027603884665, 15.96505456893902, 70.1963072579531, 30.664702606729946, 46.170502112613796, 53.72837799997641, 89.54710357621245, 86.3915771490734, 0.0, 57.885300541677154, 82.375697096959, 103.53183491242822, 27.940075054955468, 57.469193518764364, 79.10776105196172, 69.90037545572906, 66.6385733119592, 41.67556821541306, 29.686499760494577, 89.28393158310668, 92.81798135356809, 60.29950582683001, 93.85333792204219, 81.95473476454413, 57.7940717139181, 76.62574748076317, 18.19399113478185, 32.05200989849266, 68.3761108464315, 75.422063347877, 45.366712082754766, 73.05817076453181, 38.929262783466854, 78.33258614548667, 16.216737083599345, 91.9435992967165, 73.03967684666885, 53.97515112078241, 60.040583589023136, 15.386883564002591, 44.3342988995527, 23.31264748723127, 76.1560561070896, 77.08032143212746, 65.14782140217406, 70.4594468144613, 30.089019159163218, 66.0713804674325, 1.2461230452130378, 42.66747849677219, 17.054598106741324, 75.67319982344121, 60.426287622300414, 29.478689960755837, 39.14507366937502, 72.67617975271098, 98.0227333018878, 87.61568083661034], [52.34053888018258, 39.30815254134824, 14.09151993231928, 55.25355714717776, 27.510004127468214, 27.66269548128324, 44.31654139087564, 14.978540814320189, 42.150798688870545, 40.5520368313173, 57.885300541677154, 0.0, 48.402571513107674, 48.122400528155445, 30.556249610650084, 10.556534127656558, 26.448549501242262, 58.93283425484171, 59.70071000452694, 23.054918893198437, 53.06869127504666, 47.03576621930303, 38.008615865800685, 46.084379711928506, 36.181081404260304, 40.114090671117836, 33.54601995381671, 40.36449945412535, 54.0342116959833, 45.80134875862105, 10.976611878014747, 31.15402279773442, 46.22534389669989, 42.4583942887485, 28.52461684153976, 35.533599137547675, 53.7894536823659, 42.217786570997625, 17.805334965654485, 52.227204905217626, 22.86328197804722, 44.100005350788955, 23.715200879253224, 62.638686604617156, 30.928735299410178, 29.542192804210977, 31.38643509766521, 51.53879685307913, 58.85964709590187, 12.508224550546839, 56.80503454267821, 38.83317931998337, 53.174805937021, 18.080150685480437, 17.552005980591026, 32.09429294620386, 19.02170860752796, 40.34364003171366, 40.807921585829725, 29.750052951293743], [73.85953317156604, 77.55756218248352, 59.35198941984736, 70.3663287532102, 74.0940313784432, 62.97175331607433, 90.14253084886099, 63.12448159373949, 82.89920789489376, 82.82629383242025, 82.375697096959, 48.402571513107674, 0.0, 43.700244241632554, 65.17274234655966, 58.94060945445297, 66.50199421397062, 27.68671701764609, 31.896737788877218, 67.27766386526349, 58.75504122316282, 90.37680447857448, 70.40158389134619, 25.662661498143443, 58.73275020583893, 11.827015389401089, 81.84826129398154, 87.11459255950756, 67.97108457614839, 86.95986091986357, 43.97612411732696, 76.3400599952419, 91.69490159372923, 9.327082276489262, 44.39462859962173, 80.56991873795009, 87.36607167281896, 25.349375698322923, 37.33301851114636, 36.89375279318987, 71.196485600068, 67.43106106831512, 69.35233449653683, 97.86119725453366, 75.66720746631465, 22.58543188986032, 19.070877826480743, 99.93609030443541, 97.73763129535473, 37.45424135528849, 81.85253781958959, 40.35171882687387, 87.2079063448442, 51.83771708249458, 65.71619803083095, 70.28956673170323, 52.96756816905791, 87.99668995941519, 48.4812412970949, 50.40560511503043], [96.59217800140596, 87.41498411567433, 62.05343219713018, 96.88432836339454, 59.434301926728175, 74.96877769643699, 89.93921193870878, 60.13851216292841, 57.356469042205156, 59.14635397017773, 103.53183491242822, 48.122400528155445, 43.700244241632554, 0.0, 77.85781952954585, 54.51505312973379, 45.76038745675576, 70.41339298570026, 74.05728331077378, 70.8591235701855, 89.554366208258, 66.50660661662886, 40.56837920683809, 63.804603440596736, 26.446992340800126, 33.08258686987477, 74.8231175367762, 69.85638492246018, 95.00214247704741, 93.66030809139541, 37.23104041932277, 58.52155573233266, 92.07201470406197, 47.52829385394218, 66.60065584657467, 61.393900245237425, 101.61532613554245, 18.39178730564675, 30.841793921643532, 74.99933845338376, 62.95591864268783, 88.50475333055996, 70.88323187978098, 110.72192385098656, 57.33556879573999, 29.279684185687024, 45.797276343223444, 88.40824568873161, 106.88390315998419, 37.637284427105726, 102.59298999722492, 70.3810507589727, 101.05519081411293, 35.32817478474236, 57.803960017231255, 80.11612612578577, 64.90473879413699, 73.12521909564839, 11.416529017180519, 23.51173673647664], [24.13961513580841, 12.512662706929133, 19.074604513047912, 30.00288533174611, 43.53483368879115, 2.9041889926104294, 30.670481637695104, 26.121712268004416, 62.737523462469674, 59.81717569641412, 27.940075054955468, 30.556249610650084, 65.17274234655966, 77.85781952954585, 0.0, 29.55661663744837, 51.3142218058308, 62.20664745552748, 60.61242764118325, 15.099192131491082, 34.84669363299786, 63.63925641499962, 64.93480918686464, 49.60537134452806, 66.10439448540022, 61.43390596412712, 34.56726491851619, 51.91623923644225, 29.84864949324655, 22.514470865616637, 41.39172345950691, 48.74651922612591, 31.28144087406525, 56.4806674425476, 22.492306625741165, 52.099294185709354, 23.95273140164492, 68.65210640850997, 47.016349120675905, 48.799858026199686, 33.53189033099009, 16.844416899884166, 18.357876878707717, 33.790326067840404, 49.332961842173184, 54.0353149240087, 46.2085855042808, 51.16073995548997, 32.57961268560725, 40.295670796658335, 26.77979268393988, 33.080841976088756, 23.498932487372308, 47.96462511328886, 33.01522026883228, 6.271909818310127, 13.349006987396294, 48.79381238560348, 71.2793171517216, 60.240368791833184], [53.308325405526, 35.19295608860755, 10.485549300578391, 57.766828746974205, 18.20188502657354, 26.947940687319143, 35.666640770437155, 5.624896529573028, 35.3007370713854, 33.054026747364226, 57.469193518764364, 10.556534127656558, 58.94060945445297, 54.51505312973379, 29.55661663744837, 0.0, 21.906241600659765, 68.71125460455967, 69.16376070630929, 17.45916194228636, 58.03632245471894, 38.704968166415306, 35.38385721464501, 55.65119452072125, 37.61321150097153, 50.395184198123864, 23.200234051899162, 30.537313075353477, 56.963820529394425, 39.68267634546317, 18.276223556308697, 22.607019862371864, 37.73323508892484, 52.978084400280345, 34.90887270897007, 26.82014185656714, 50.487328801553026, 51.198094816866636, 26.21748722652446, 60.7891432483599, 12.315101745421739, 45.39266575998307, 16.66186384198744, 58.19741742600898, 22.69439362982672, 39.49401225381544, 41.846884306777525, 40.99556613370867, 53.121825220272164, 22.342829905472847, 56.29312797054901, 46.3285544095019, 49.73611682131518, 20.238869479668196, 7.206183972772272, 28.956564411809303, 21.85139016113265, 30.059232029517798, 45.67741683973404, 33.259964135369565], [75.19876631564982, 55.40908617142261, 32.329208914815204, 79.60276178651458, 14.55570871684312, 48.783043213128785, 49.378107237260394, 25.431555816947746, 16.707369993850573, 16.32463177486032, 79.10776105196172, 26.448549501242262, 66.50199421397062, 45.76038745675576, 51.3142218058308, 21.906241600659765, 0.0, 82.95812886673112, 84.3917626105181, 37.883427984480015, 79.04854852963602, 23.921498136853653, 13.93472975619631, 70.81392746026954, 21.421817545475037, 55.59598897933586, 31.98939728433961, 24.142155675310132, 78.72513201571978, 57.68075336013282, 23.492927656630922, 12.76840151138927, 51.62803774367571, 63.219374630001525, 54.86504971847312, 15.831703413374553, 70.8125968490765, 50.23258225557767, 29.175122155186145, 78.10866046210904, 21.8420701780084, 67.29883499463912, 35.92945138602573, 77.37068661757483, 11.57524458223188, 44.0745042770004, 53.52395344619301, 42.88655833639167, 70.9719978506881, 30.699746801642505, 77.91186704579204, 65.25025277466268, 69.98016646129179, 14.68955559706496, 19.150464068833248, 50.02284505420933, 43.3339679149307, 27.41522656366232, 34.68086974636386, 22.356352574078784], [61.2435116674221, 74.31364965845773, 64.7462520236698, 55.01272485791722, 86.43571093553925, 61.02909526148598, 91.89481004516826, 71.07805998976981, 99.61510375820828, 98.63869138708847, 69.90037545572906, 58.93283425484171, 27.68671701764609, 70.41339298570026, 62.20664745552748, 68.71125460455967, 82.95812886673112, 0.0, 4.6959854696546435, 70.2445699379229, 41.278564375680844, 105.58996326965345, 90.30261679717225, 13.27184980844818, 80.9056343567122, 37.33187101869395, 88.85547809493393, 99.18691554788747, 52.52172050006421, 84.55814607186184, 59.54165067431839, 89.98331080996927, 92.89084805618484, 23.110053305149865, 39.94757085315289, 94.37430225674323, 79.5572848159263, 52.10215546749919, 55.57504718484294, 16.01678065679153, 80.55212010319872, 57.292554641620605, 73.2214359135349, 89.91611113486898, 89.65729956473434, 44.22302758055545, 29.762202257347816, 107.53062546584648, 92.4129933430529, 52.3369930725552, 69.77091322213103, 29.45840235103888, 79.71347407677156, 69.35865328461958, 75.91162048869585, 68.35544776682399, 53.86727001949208, 98.68196097515542, 73.37684570368214, 72.12933873167783], [58.05317016217559, 72.48797179445506, 64.52631462188724, 51.4634129520838, 87.10556094612302, 59.63205434914132, 90.70836319583266, 71.1838667980626, 100.96530618450544, 99.82853186301817, 66.6385733119592, 59.70071000452694, 31.896737788877218, 74.05728331077378, 60.61242764118325, 69.16376070630929, 84.3917626105181, 4.6959854696546435, 0.0, 69.51806478246745, 37.59112469016982, 106.62497613408367, 92.31846631544235, 13.636974740637925, 83.43454477779598, 41.01167825516469, 88.58101808939082, 99.7002975380817, 48.989868638092034, 82.75710952144877, 61.13950162716853, 90.84946145569909, 91.60362468292658, 26.543101921781734, 38.74021868853064, 95.2324103632704, 76.93409391737435, 55.84564854384654, 57.69822509171146, 12.72988438613414, 80.76876479739614, 54.56773855029692, 72.60237491403758, 87.18761135567549, 90.58793926588089, 47.150893217622276, 31.895902882948963, 107.20626506312713, 90.07514796212892, 53.984333813785696, 66.57118259419666, 27.555058521115384, 77.13863617415078, 71.13433534089903, 76.33044999630717, 66.83166792278273, 53.12562514643257, 98.95553053842191, 76.53415487506271, 74.640475905184], [39.002312994098155, 17.781074349476334, 8.98021011857725, 45.09909240206809, 28.664531994044832, 13.488487462781505, 22.870648639379944, 12.585777465536433, 47.98322311788739, 44.94407462088392, 41.67556821541306, 23.054918893198437, 67.27766386526349, 70.8591235701855, 15.099192131491082, 17.45916194228636, 37.883427984480015, 70.2445699379229, 69.51806478246745, 0.0, 48.96626518145019, 48.557048107616176, 51.783002700089014, 57.03919735474048, 55.06230364680811, 61.005585948766296, 20.32859274013731, 36.86887541056415, 44.88958919909452, 22.80981762751554, 33.67108310861763, 33.89667603128511, 24.43339605267955, 59.64096346924638, 31.055236247179995, 37.096111845600305, 33.15537938305562, 65.01303133203875, 40.85990415827166, 58.87817458859586, 18.55662162898126, 31.93927805895163, 3.452151205916346, 40.75382968068272, 34.564494846322695, 51.52645720823588, 48.456336245347245, 38.2364387226379, 36.05882506966456, 35.20093021944026, 40.45044612367827, 43.03572182158289, 32.37406870011895, 37.58744907533523, 18.86128719159933, 12.236963675797718, 16.397883976317864, 33.94061606639398, 62.68734791086112, 50.54318369698641], [21.591505393118368, 43.28541921132778, 48.912216261774795, 13.971384800509998, 75.21986579060705, 35.642682172643205, 64.4215076703456, 56.93433179535632, 93.33013495835688, 90.96077186969923, 29.686499760494577, 53.06869127504666, 58.75504122316282, 89.554366208258, 34.84669363299786, 58.03632245471894, 79.04854852963602, 41.278564375680844, 37.59112469016982, 48.96626518145019, 0.0, 95.9720672634164, 91.07467798448171, 33.90346658401415, 87.56476808952306, 61.66084914206509, 69.14644826008671, 85.39572413371286, 11.561785736935466, 52.86693936713514, 60.800264650877956, 80.15566479706176, 64.5607526701932, 49.6862689034898, 24.88189212581654, 84.05830089445901, 42.45328389577923, 74.44277408336396, 62.30248571332836, 25.2983152983141, 66.01322400966383, 21.18925281168373, 52.410657582949526, 51.886054896849586, 80.44284837577092, 60.51451869644794, 45.07372799840339, 85.99874936583602, 56.60995287196976, 55.719326242923074, 29.826665849077937, 19.47694196526278, 42.90458327192956, 70.4230136838617, 63.78146240414361, 40.54172023062489, 36.2426275072125, 82.83317880258645, 87.09657199581422, 79.64429225973106], [87.48178366302234, 63.114286869291256, 47.06159262744738, 93.59799342054222, 20.777403948359755, 61.781606044150315, 48.86584608576395, 39.04109801345074, 9.225197970770928, 7.707105081087774, 89.28393158310668, 47.03576621930303, 90.37680447857448, 66.50660661662886, 63.63925641499962, 38.704968166415306, 23.921498136853653, 105.58996326965345, 106.62497613408367, 48.557048107616176, 95.9720672634164, 0.0, 26.310780635810428, 92.98847367374448, 40.11642015611813, 79.51743850896086, 32.240691346536565, 13.351877698764481, 93.26178036470209, 61.365883907182926, 46.86267254665235, 16.102203386394887, 50.86929808030804, 86.76741837454612, 73.5877228753953, 11.946977996717312, 77.40699813078338, 73.5858802529354, 53.04545790640688, 99.1565690368706, 30.209576798518786, 80.48319825518445, 45.436714806061545, 81.16859106309549, 16.143004591922363, 67.99168278956934, 76.66543923515155, 31.013861514648234, 72.99791812966647, 53.94746863959604, 88.0381833153853, 85.01337195877642, 76.45263637376932, 38.60903464329852, 32.28428285542537, 60.16702849347266, 59.86515640391836, 18.28458801214473, 55.09024253991673, 44.41932803175236], [88.62049379333062, 69.3421052448966, 45.86927705451228, 92.61383592964944, 27.0355902986906, 62.32912148913663, 62.54032389118739, 39.27546472047503, 17.086733497303722, 19.505653526604473, 92.81798135356809, 38.008615865800685, 70.40158389134619, 40.56837920683809, 64.93480918686464, 35.38385721464501, 13.93472975619631, 90.30261679717225, 92.31846631544235, 51.783002700089014, 91.07467798448171, 26.310780635810428, 0.0, 79.04987626847169, 14.165417936979185, 58.768423444958906, 44.79848400507707, 32.719439909818675, 91.59624176444936, 71.4722140967826, 31.799494676759668, 23.409928938106308, 64.78448426247802, 68.87338807757413, 66.41500098453874, 24.366181888906883, 84.7469139549425, 50.03271784258768, 34.73708940690092, 87.49681367046443, 35.52669926587086, 80.6076319938919, 49.86400474392502, 91.24233597380392, 22.12751741463208, 47.98067154232017, 60.54743310842223, 52.72680927694829, 84.68752105478116, 38.62736759114724, 91.6327190407553, 75.92492629234987, 83.91489109265399, 21.541989457147096, 33.08518453309123, 63.88108395304171, 56.12760976009939, 37.14922266704637, 29.215876606237376, 20.462592116176637], [51.575003306372196, 61.909261267592804, 51.476314227933614, 46.60173162940756, 73.52245481612186, 48.243990044803034, 78.87867344888554, 57.868985845853956, 87.35906612361694, 86.19750946154542, 60.29950582683001, 46.084379711928506, 25.662661498143443, 63.804603440596736, 49.60537134452806, 55.65119452072125, 70.81392746026954, 13.27184980844818, 13.636974740637925, 57.03919735474048, 33.90346658401415, 92.98847367374448, 79.04987626847169, 0.0, 70.7302314687127, 31.6532909988911, 75.58502255297076, 86.17413313845402, 44.119068775323775, 72.08666426971325, 47.65501287455165, 77.22568340867657, 79.9388401352184, 17.48993404466627, 27.14645194248495, 81.6104709755002, 68.35192337402611, 46.22442488594998, 44.63168384779592, 11.525769335157136, 67.38569023496751, 46.53752353997297, 59.984677795481865, 78.85325972793933, 76.95662721131843, 35.46205702125976, 19.20790490916381, 94.25918158320196, 80.63652565897857, 40.546190573411174, 59.9982557435621, 17.935497284210665, 68.41476138339793, 57.731582784841244, 62.83674869887728, 55.65509985700767, 40.68964099707501, 85.54502401230482, 64.964994471436, 61.94845496624283], [88.51893050059263, 72.80503045553593, 47.509669444857565, 91.21748617949531, 35.957008043447516, 63.28118995545513, 69.97571473208875, 42.688823461971616, 30.934397099742956, 32.881211008619246, 93.85333792204219, 36.181081404260304, 58.73275020583893, 26.446992340800126, 66.10439448540022, 37.61321150097153, 21.421817545475037, 80.9056343567122, 83.43454477779598, 55.06230364680811, 87.56476808952306, 40.11642015611813, 14.165417936979185, 70.7302314687127, 0.0, 46.917877391499715, 53.079453763288, 44.620445894547544, 89.86085421323003, 76.75591643740478, 26.81698318477762, 33.8453153650703, 72.21277668623628, 58.49191798842225, 62.7103035252466, 36.050082725095365, 88.06592762623174, 36.6731750713775, 26.430993399244493, 80.25155470825123, 42.08378898044638, 80.28099852564097, 53.947650005063544, 95.74388552763189, 32.57482407746277, 37.057367626126585, 51.6142993621925, 64.06375598547552, 90.2201985862463, 32.16753178071573, 92.74022485815553, 70.5949612543729, 87.32863621158604, 18.183705532121106, 38.033797189204805, 66.39665853132104, 55.202735223597806, 48.44556251656788, 15.06167819027159, 8.794941498515547], [73.8253817908939, 73.37080839833438, 52.49498610033129, 71.7114095565836, 64.227514066133, 58.929067593953135, 83.59892157679671, 55.09039586739975, 71.76112811700207, 71.89132055705207, 81.95473476454413, 40.114090671117836, 11.827015389401089, 33.08258686987477, 61.43390596412712, 50.395184198123864, 55.59598897933586, 37.33187101869395, 41.01167825516469, 61.005585948766296, 61.66084914206509, 79.51743850896086, 58.768423444958906, 31.6532909988911, 46.917877391499715, 0.0, 73.58429199681352, 77.1194422065634, 69.4703232257807, 82.12050548277885, 33.96177154883807, 66.04797851494179, 85.32524882216661, 14.579854540311526, 43.03664439884637, 70.17235187713591, 84.74965847476362, 14.844275934658304, 26.67174184982494, 43.14693143787958, 62.38179579169019, 66.61830623906306, 62.637779572202135, 95.01808235526788, 65.28723987917941, 11.593227697611011, 16.97147220121169, 91.14492310850262, 93.80278377535751, 28.149734544898514, 81.27420073934032, 42.282802320435536, 84.46288937859192, 40.91193398451882, 56.768690732237474, 65.86615242911647, 48.40963462659098, 78.40305923855969, 36.870330262779056, 38.644625826462125], [57.060144812443845, 31.367332223318005, 24.109598299926493, 64.13661529036887, 17.766292420245964, 33.50623714797774, 17.8836863559004, 18.734361525521305, 34.836385308126886, 31.22598681119156, 57.7940717139181, 33.54601995381671, 81.84826129398154, 74.8231175367762, 34.56726491851619, 23.200234051899162, 31.98939728433961, 88.85547809493393, 88.58101808939082, 20.32859274013731, 69.14644826008671, 32.240691346536565, 44.79848400507707, 75.58502255297076, 53.079453763288, 73.58429199681352, 0.0, 19.06798846062562, 64.23808501066777, 29.179023197709668, 40.92709221538555, 21.864092221549676, 20.1013834055152, 75.37502857006307, 50.82173444660584, 22.982701172844884, 45.21130376317429, 73.87851001527392, 48.95761998555023, 78.55939285099733, 11.968552264398335, 50.937100775129394, 16.887945114470934, 49.1167650749035, 23.04664448732232, 62.67520971102036, 64.09351943566679, 18.68449709014493, 41.32952307527823, 45.53712473162145, 56.5512464947018, 62.88723447441568, 44.25050393217485, 39.5230438639791, 17.49424930688556, 29.791386357272398, 35.91001395408727, 14.88236228900271, 64.6790199866596, 51.758927662988654], [75.33775467749355, 50.280906410096385, 37.00646834578938, 81.89950149000299, 13.055238244165942, 50.332368496714665, 35.52899153054144, 29.253103777252722, 18.17969741107343, 14.55374536192802, 76.62574748076317, 40.36449945412535, 87.11459255950756, 69.85638492246018, 51.91623923644225, 30.537313075353477, 24.142155675310132, 99.18691554788747, 99.7002975380817, 36.86887541056415, 85.39572413371286, 13.351877698764481, 32.719439909818675, 86.17413313845402, 44.620445894547544, 77.1194422065634, 19.06798846062562, 0.0, 81.75120816434573, 48.07694959930093, 43.21626030721547, 11.549864761034438, 37.551064007357766, 82.2789788600292, 64.38306551411623, 8.570636557808012, 64.27692267061562, 73.65334856206835, 50.54188973522626, 91.12897842311979, 19.628317012965233, 68.69348596657237, 33.55838864559746, 67.83055904226299, 12.625567785563524, 65.55787661535479, 71.50560973142818, 20.06918361224717, 59.648035101941154, 49.698490181460954, 75.38008632551713, 76.22197980512298, 63.31476641185841, 37.28744451351234, 23.39731153532731, 47.91373469264085, 49.934898822374656, 5.118532330296466, 58.67229805324913, 46.49828940807894], [10.584917354230903, 35.50998017146909, 46.93573442808719, 2.5007164491589475, 72.8356144380843, 31.49335291343413, 56.936063375975635, 54.775651218000576, 91.71027492557576, 89.00552967458574, 18.19399113478185, 54.0342116959833, 67.97108457614839, 95.00214247704741, 29.84864949324655, 56.963820529394425, 78.72513201571978, 52.52172050006421, 48.989868638092034, 44.88958919909452, 11.561785736935466, 93.26178036470209, 91.59624176444936, 44.119068775323775, 89.86085421323003, 69.4703232257807, 64.23808501066777, 81.75120816434573, 0.0, 44.236142709388545, 63.15325893762739, 77.97419423321774, 56.75310034996214, 58.704690796068064, 28.422751367184553, 81.55757524438118, 31.939006898292188, 81.20429439877016, 66.0223186762553, 36.50523247890201, 63.05545804485606, 13.38133553931816, 48.19772312836214, 40.84895907380136, 78.4393947941297, 66.69670199839739, 52.52857874601123, 79.83437354531564, 46.2640822097829, 59.11903932347585, 18.41692510692069, 27.64029815059053, 32.502417542363816, 72.02766554522775, 61.77852503165516, 34.539086629635506, 35.47313429351601, 78.62565130781445, 91.27103355666603, 82.51725225097623], [34.54112631254265, 10.27041453888699, 31.714677043230072, 43.18122644044259, 45.29044863859692, 24.226763762991325, 14.286046435912427, 34.2454195573236, 63.755266590092205, 60.217953239969745, 32.05200989849266, 45.80134875862105, 86.95986091986357, 93.66030809139541, 22.514470865616637, 39.68267634546317, 57.68075336013282, 84.55814607186184, 82.75710952144877, 22.80981762751554, 52.86693936713514, 61.365883907182926, 71.4722140967826, 72.08666426971325, 76.75591643740478, 82.12050548277885, 29.179023197709668, 48.07694959930093, 44.236142709388545, 0.0, 56.48073135066414, 50.123788950271134, 13.321064181175004, 78.53415265973545, 45.00321447338568, 51.918856626687166, 16.966301287040718, 87.39241233780547, 63.594298059430116, 70.6243176656446, 35.958854337112776, 31.720253567904884, 23.020855115311583, 20.048090885440274, 51.158470731213086, 73.45564628486213, 67.89125460309074, 38.729351147589675, 13.471343680753774, 57.70555353528505, 30.904357818731018, 55.2169910241568, 15.98240132290023, 59.90979138970958, 38.90106282663171, 16.75740369248574, 34.011023723900266, 43.470288633888686, 85.30583076964379, 72.93897000198196], [62.41579430159315, 50.26272544775665, 24.8243890937567, 64.58588059831267, 30.273539184634615, 38.48914346982863, 53.85398862643376, 23.769611735841632, 40.19891809611734, 39.54126017938397, 68.3761108464315, 10.976611878014747, 43.97612411732696, 37.23104041932277, 41.39172345950691, 18.276223556308697, 23.492927656630922, 59.54165067431839, 61.13950162716853, 33.67108310861763, 60.800264650877956, 46.86267254665235, 31.799494676759668, 47.65501287455165, 26.81698318477762, 33.96177154883807, 40.92709221538555, 43.21626030721547, 63.15325893762739, 56.48073135066414, 0.0, 32.368272173924915, 55.879094151109534, 39.904762448479715, 35.92428083957599, 36.6221033045234, 64.75754983783281, 32.997049476990895, 8.030602605337029, 55.71883369007779, 29.17333083958574, 54.15233157292429, 33.91362410168771, 73.60067263251025, 31.720628297107538, 22.478765796301534, 30.031126704510818, 57.62064409228099, 69.65939309748856, 7.213445004793379, 67.32885012281845, 44.42455074377226, 64.14763587708944, 10.257515796050638, 23.51732686559922, 43.070681100983485, 29.24452593071065, 44.452998348111244, 29.89002997749838, 19.441913646979685], [72.84148320591467, 49.9550098257469, 31.29446790926159, 78.46265280898291, 5.233199228686157, 46.66171883205448, 39.7477725689546, 23.295554211790968, 14.127628993381533, 11.070936152307159, 75.422063347877, 31.15402279773442, 76.3400599952419, 58.52155573233266, 48.74651922612591, 22.607019862371864, 12.76840151138927, 89.98331080996927, 90.84946145569909, 33.89667603128511, 80.15566479706176, 16.102203386394887, 23.409928938106308, 77.22568340867657, 33.8453153650703, 66.04797851494179, 21.864092221549676, 11.549864761034438, 77.97419423321774, 50.123788950271134, 32.368272173924915, 0.0, 41.963133933620725, 71.9866350207849, 57.504452756631444, 4.391297588051279, 64.96664122524545, 62.14183243299502, 39.38698148923528, 83.12495318140799, 15.383472406472032, 65.50319009756703, 31.08946639262665, 70.16630076504366, 1.2967022785946818, 54.45816851502721, 61.50986527784119, 30.225495259334892, 62.85904497419755, 39.151024961774645, 74.18570594927203, 68.91155651286024, 64.05775134754842, 25.80872240515498, 16.375630496152233, 45.96318887356001, 43.95099949660749, 14.66462717276027, 47.4447690902831, 35.07705411219051], [47.46230785647348, 21.342204389632702, 32.85238244238161, 55.89682567830734, 37.76968133878409, 31.983039486754926, 2.2500159014003924, 32.14268719588657, 54.61769913787991, 50.952479726040636, 45.366712082754766, 46.22534389669989, 91.69490159372923, 92.07201470406197, 31.28144087406525, 37.73323508892484, 51.62803774367571, 92.89084805618484, 91.60362468292658, 24.43339605267955, 64.5607526701932, 50.86929808030804, 64.78448426247802, 79.9388401352184, 72.21277668623628, 85.32524882216661, 20.1013834055152, 37.551064007357766, 56.75310034996214, 13.321064181175004, 55.879094151109534, 41.963133933620725, 0.0, 83.9345971503452, 52.95140527993936, 42.8459164546093, 30.108474935704418, 88.41401716451298, 63.64118627697581, 80.01950453533661, 30.128998597765637, 43.76433208459512, 22.7198043503883, 31.007925582594975, 43.147992917481254, 75.50940170372922, 72.81439343741457, 25.650258348020582, 22.300583302953928, 58.715154709842516, 44.212741347982764, 64.19933646794615, 29.133717653497662, 57.00419886857861, 34.57340666079818, 25.013442