instance_id,num_cities,city_coordinates,distance_matrix,best_route,total_distance
1049,43,"[[70.54502487623826, 16.199602653978886], [57.34544396222135, 33.487642681147314], [52.03550352623226, 69.78591809757665], [8.072240138888798, 44.08723939284055], [44.25993966390469, 0.27526794107586294], [51.108709880267334, 29.131559734186396], [5.0928269859981, 48.04475745285899], [62.3606132074341, 14.56622157334574], [95.01369853076773, 13.4155473813799], [67.89428317254925, 78.45329860079696], [65.80018526023467, 7.035400261811486], [22.888460950512236, 51.89486997994883], [26.310573217678936, 55.63376547171357], [92.58618521329117, 7.782186513678813], [27.211789173375557, 57.208571542188395], [32.22187966886874, 53.5244021211038], [74.09312062518346, 41.20941893400656], [31.661926120537633, 27.18155029573479], [59.74030742955587, 44.707175198945414], [1.2006624928990184, 3.925299244648417], [42.66547868010042, 64.93482406348627], [1.1997354908950264, 33.41688306524756], [4.569432259294903, 78.19811204007266], [50.136157003099434, 69.6543688700685], [27.657505503506098, 94.2121727797066], [94.22337812066554, 55.87811054334665], [78.19075528893704, 79.31963730775982], [55.0028616862964, 9.21176842247019], [84.1074164877728, 8.129881316290177], [83.74240060215139, 12.39910881369768], [69.10202727632219, 68.93659892791617], [92.69681500820222, 86.89063938598032], [67.45028392655121, 18.69869269342508], [62.761664996213554, 71.01667820926247], [98.63948391887438, 94.79388396547321], [54.87713890789865, 69.4899845990193], [34.342770524430286, 29.050109214232865], [81.93935488981114, 88.75791819351095], [15.804201927420436, 2.008917363233631], [4.769743467197552, 85.56848124176867], [83.27682533554153, 13.338292955969244], [25.955897128700343, 44.29443234520709], [45.29731936116729, 6.010206690705644]]","[[0.0, 21.750983064833118, 56.69299413002538, 68.414684942035, 30.732558316355718, 23.34536045013941, 72.78807658420295, 8.345809015249989, 24.626549782150782, 62.3101042417564, 10.319695173124243, 59.54242348678183, 59.259935122045405, 23.59376280890055, 59.66158601440285, 53.49583267737981, 25.260243344125175, 40.40418966953595, 30.48644963765332, 70.42229134681841, 56.146156608767896, 71.45070961647095, 90.53504286879435, 57.21830056092223, 89.02415635976598, 46.206583953961584, 63.581412128374225, 17.04079410913202, 15.781599053726172, 13.73369868174399, 52.756734338571775, 74.08052699796184, 3.977797452225175, 55.36688959527749, 83.46472119266119, 55.54590406650325, 38.41534509812622, 73.4475316834576, 56.55027184846058, 95.59513042496472, 13.049361521677566, 52.70208505045482, 27.226281859117563], [21.750983064833118, 0.0, 36.68460529487418, 50.4003974732959, 35.69723040539981, 7.6073852702364535, 54.24247018103693, 19.574782228594184, 42.682389951404545, 46.186450621039, 27.770555979807853, 39.06545398557342, 38.12628957537427, 43.61972398700499, 38.349962411505714, 32.13510870771884, 18.44208508022741, 26.446358726627068, 11.472283161825397, 63.452097173343844, 34.7048497702843, 56.14575305996356, 69.16887653824394, 36.87825784501435, 67.5932115350299, 43.14296094246112, 50.3497640089955, 24.38864003470838, 36.86759057621492, 33.78647037689668, 37.34763379662394, 64.04373108967825, 17.91147209036899, 37.91785803496275, 73.91652695002412, 36.08685568752918, 23.426794244105285, 60.49515525996114, 52.12086854067736, 74.0041757451561, 32.83950112708946, 33.19774620749183, 30.002779788068693], [56.69299413002538, 36.68460529487418, 0.0, 50.923379844961104, 69.94419117093697, 40.664921005716465, 51.73290004378713, 56.17671024683634, 70.88542826652971, 18.072752326583835, 64.24246221849737, 34.199995521317106, 29.360781040797413, 74.08657446267324, 27.82815913147258, 25.632334895872575, 36.09923512388409, 47.22515020728309, 26.235612220116337, 83.19736882002307, 10.55132593301502, 62.505855893071306, 48.205735431005955, 1.9038966395775674, 34.50983490821589, 44.421209728699715, 27.838624189228298, 60.646787411307294, 69.49873720139081, 65.5635051073936, 17.087643955921376, 44.11251230419496, 53.362159385510694, 10.796541591298027, 52.8897848860028, 2.8570033738003646, 44.41214841069236, 35.41436310333915, 76.85329559678752, 49.83112855794708, 64.51631245290025, 36.46864016814238, 64.13068291617382], [68.414684942035, 50.4003974732959, 50.923379844961104, 0.0, 56.82462881007741, 45.56105883156001, 4.953670551317496, 61.79577609779235, 92.19311188018719, 68.99059978146217, 68.59558608922863, 16.74752204129113, 21.58608482293594, 91.98186656400179, 23.205423818948713, 25.928076091135082, 66.08357217023672, 29.021984917658546, 51.671786285714866, 40.74555209850315, 40.38952759526796, 12.692037830644052, 34.290250739780724, 49.224498084435176, 53.81534694155783, 86.95425934388132, 78.47246669808942, 58.47034901752463, 84.10873701495672, 82.0372525389333, 65.89480698312943, 94.83380052905584, 64.57809526114838, 60.96005139591322, 103.79590285612738, 53.25408916493922, 30.269721682665875, 86.3239259194031, 42.78280516663928, 41.612497036296645, 81.24793746045606, 17.884857177197297, 53.25004171363963], [30.732558316355718, 35.69723040539981, 69.94419117093697, 56.82462881007741, 0.0, 29.657903323156113, 61.773674358420585, 23.062214517455022, 52.427196977188814, 81.67243519644127, 22.576128307220163, 55.86880540201844, 58.19573012404361, 48.90582619029443, 59.43097251504624, 54.59290411185967, 50.65198321665653, 29.70956033648916, 47.05142047517517, 43.213702445017944, 64.67921230021292, 54.33735212963552, 87.44887655374393, 69.62750588619987, 95.39278227786596, 74.75306875222869, 86.01925701583747, 13.973954860137118, 40.614238396193045, 41.30196410880277, 73.01717393755706, 99.23887072945655, 29.617809618969734, 73.1208654694684, 109.04541993383155, 70.02429522548626, 30.435862630067234, 96.1712936767569, 28.508499617596886, 93.99153063341346, 41.14559502611805, 47.67310361166456, 5.828008158736383], [23.34536045013941, 7.6073852702364535, 40.664921005716465, 45.56105883156001, 29.657903323156113, 0.0, 49.751085681467316, 18.40528196533668, 46.63304700182194, 52.09980226043752, 26.534500414909076, 36.25673376080886, 36.29482732967095, 46.649509074695814, 36.86978995516732, 30.8500099699691, 25.964549295947663, 19.544306982027713, 17.80742186165432, 55.91215218435295, 36.78534884615326, 50.092611437723605, 67.62714629990103, 40.53447815578754, 69.17691219692709, 50.73709291698326, 57.02876742529398, 20.296859466201266, 39.1150244041462, 36.67332387360253, 43.682955670713646, 71.17360304462912, 19.387928125521366, 43.47590726604122, 81.05994882902257, 40.53397975657777, 16.766137201836514, 67.12548915892064, 44.52017532507293, 73.02346141812652, 35.835944629265576, 29.369656026815033, 23.840495513448595], [72.78807658420295, 54.24247018103693, 51.73290004378713, 4.953670551317496, 61.773674358420585, 49.751085681467316, 0.0, 66.33559906520745, 96.35842116569567, 69.77608669090823, 73.26084033001149, 18.20735990390214, 22.534102996619268, 96.3128358658489, 23.942096334916577, 27.676921887381088, 69.33802978857354, 33.78151035258885, 54.749306608674665, 44.290806461695645, 41.19439895711256, 15.137069415477432, 30.15789672543794, 49.95875183220948, 51.386719632217535, 89.47411115071118, 79.50739105341141, 63.23774664564889, 88.5240232430248, 86.35026170724242, 67.33236043705689, 95.83037754572652, 68.91766067531474, 62.07579254980923, 104.57752078247819, 54.206784454415846, 34.8762936492772, 86.96522470715338, 47.265549038314234, 37.52511465600747, 85.5410794635845, 21.19746763630972, 58.16618145384037], [8.345809015249989, 19.574782228594184, 56.17671024683634, 61.79577609779235, 23.062214517455022, 18.40528196533668, 66.33559906520745, 0.0, 32.67335355039275, 64.12628255555052, 8.279125891823679, 54.32751416784513, 54.64566355263074, 30.9775456544259, 55.26128700856022, 49.25528490325032, 29.112054134098255, 33.189695805070556, 30.254637459902444, 62.078730652371824, 54.082293228556445, 64.00000313859145, 85.95835084359227, 56.42819598460613, 86.87797895828633, 52.171907749147294, 66.66031988817961, 9.09981736034989, 22.679284133727503, 21.491328714295932, 54.786719169216425, 78.42899050500051, 6.556070895538567, 56.451881252450725, 88.04904470238495, 55.43123787623864, 31.540172951386825, 76.73157741923387, 48.22017544865513, 91.42225744018276, 20.952225143820897, 47.00074327571245, 19.08825260614511], [24.626549782150782, 42.682389951404545, 70.88542826652971, 92.19311188018719, 52.427196977188814, 46.63304700182194, 96.35842116569567, 32.67335355039275, 0.0, 70.46539415238065, 29.902100843836177, 81.74783277649038, 80.6380640052138, 6.134132014578099, 80.71510315707451, 74.50860852624886, 34.78749596891863, 64.83016199081734, 47.152710327743534, 94.29183708221613, 73.44775007705293, 95.92243267549755, 111.25172351538103, 71.94997412094166, 105.19007279626372, 42.46991731372501, 68.0173543174257, 40.23106787708072, 12.11962267370543, 11.317036023513523, 61.26991000508811, 73.51161196941361, 28.065164332890006, 66.01578553471019, 81.45906938379906, 68.95858124726107, 62.65302090765842, 76.46836797810242, 80.02659283342358, 115.54227490480403, 11.737127444441622, 75.6471114524319, 50.26487270928313], [62.3101042417564, 46.186450621039, 18.072752326583835, 68.99059978146217, 81.67243519644127, 52.09980226043752, 69.77608669090823, 64.12628255555052, 70.46539415238065, 0.0, 71.44859305279581, 52.257766549004806, 47.433490550876755, 74.86051101895853, 45.895574359491114, 43.51976851299482, 37.75622012858999, 62.78197091364766, 34.717260333590794, 100.01230787953624, 28.62239909466227, 80.47634071421939, 63.32536508672227, 19.81848151237616, 43.21273414833543, 34.682277269755076, 10.332854436153319, 70.4313726216688, 72.16819736191336, 67.9287775136031, 9.593029682222799, 26.198364547885387, 59.756255425484696, 9.035878053174367, 34.81784167624557, 15.80465256502621, 59.71916880317078, 17.41979404280013, 92.50470251245632, 63.52427360487413, 66.90729828293905, 54.08933691431405, 75.88560034016231], [10.319695173124243, 27.770555979807853, 64.24246221849737, 68.59558608922863, 22.576128307220163, 26.534500414909076, 73.26084033001149, 8.279125891823679, 29.902100843836177, 71.44859305279581, 0.0, 62.078886158065885, 62.619729800970745, 26.796408027777176, 63.29621970454761, 57.34744894291672, 35.165840373503876, 39.63947651367834, 38.156057792136025, 64.67434630596955, 62.35028408207016, 69.77965853534229, 93.87937292450331, 64.54840827473755, 95.15594403746508, 56.5109568139421, 73.33851069493453, 11.014480229727234, 18.339918320351373, 18.726784582658308, 61.98919709917011, 84.26320613041874, 11.779440392222144, 64.05338814757455, 93.70149944561824, 63.402587063531435, 38.395525157500124, 83.30091676223728, 50.24802364018643, 99.45933658364007, 18.57846615401522, 54.55091904358927, 20.528480994300985], [59.54242348678183, 39.06545398557342, 34.199995521317106, 16.74752204129113, 55.86880540201844, 36.25673376080886, 18.20735990390214, 54.32751416784513, 81.74783277649038, 52.257766549004806, 62.078886158065885, 0.0, 5.068549286278229, 82.48455376617913, 6.850298622334191, 9.474601837081314, 52.307705325832536, 26.224451584424216, 37.54625873745431, 52.644470920192944, 23.689044572907754, 28.492750174079703, 32.05381966416968, 32.524402238970325, 42.585184069049504, 71.44603986967039, 61.728936667322735, 53.41518410699872, 75.25380222821472, 72.54734399843244, 49.25560108338973, 78.08911686377257, 55.56745678350009, 44.22121607134723, 87.0548268718257, 36.50840418204562, 25.55551412626923, 69.61244427992551, 50.38645645789562, 38.23872407197098, 71.64749950211204, 8.196085464833553, 51.06426598352322], [59.259935122045405, 38.12628957537427, 29.360781040797413, 21.58608482293594, 58.19573012404361, 36.29482732967095, 22.534102996619268, 54.64566355263074, 80.6380640052138, 47.433490550876755, 62.619729800970745, 5.068549286278229, 0.0, 81.7449102646151, 1.8144432640362502, 6.276380940062025, 49.912259113270736, 28.951088516861184, 35.170122326567004, 57.4828069614033, 18.814691695915002, 33.52825726463595, 31.334117926460642, 27.64481438480016, 38.60191364432615, 67.9132444689926, 57.03134065038713, 54.5733380654539, 74.81372936727375, 71.88637098265816, 44.811537782321636, 73.37659889884642, 55.28720827051378, 39.564075828182794, 82.24953619119563, 31.749700531462512, 27.770613489631028, 64.74388653658897, 54.64437914686481, 36.87945979231812, 70.95111609894496, 11.344878619094187, 53.131855936052325], [23.59376280890055, 43.61972398700499, 74.08657446267324, 91.98186656400179, 48.90582619029443, 46.649509074695814, 96.3128358658489, 30.9775456544259, 6.134132014578099, 74.86051101895853, 26.796408027777176, 82.48455376617913, 81.7449102646151, 0.0, 81.9559588716416, 75.73770311104333, 38.201744791861714, 63.93825663207833, 49.41969725515468, 91.46687565608285, 75.88478714256644, 94.91375485226074, 112.71801705274741, 75.03447104223774, 108.1012302187242, 48.12378111582191, 72.97146886847318, 37.61050267902176, 8.485894812958238, 9.976397033631146, 65.50853251095717, 79.10853022778689, 27.40408073023385, 69.9149693998196, 87.22200363819682, 72.3175256615116, 62.00499891634028, 81.67266444178948, 76.99872462577036, 117.31340540820692, 10.841332949942828, 75.97854556318856, 47.32205348538029], [59.66158601440285, 38.349962411505714, 27.82815913147258, 23.205423818948713, 59.43097251504624, 36.86978995516732, 23.942096334916577, 55.26128700856022, 80.71510315707451, 45.895574359491114, 63.29621970454761, 6.850298622334191, 1.8144432640362502, 81.9559588716416, 0.0, 6.218851268223571, 49.53616984461116, 30.354995038435984, 34.84809048532652, 59.29321898768518, 17.277485273995172, 35.25154432594476, 30.874538651402382, 26.0849479876642, 37.00628551465554, 67.02479526048548, 55.5675644193714, 55.462030445444526, 75.13873995342524, 72.13596868779985, 43.501019237276985, 71.89793988753352, 55.696922975580726, 38.137350206175796, 80.71289417814286, 30.268873163796062, 29.04737330128115, 63.17014898963033, 56.36607905691398, 36.16531340451137, 71.18911168920046, 12.975062852521654, 54.29879340868516], [53.49583267737981, 32.13510870771884, 25.632334895872575, 25.928076091135082, 54.59290411185967, 30.8500099699691, 27.676921887381088, 49.25528490325032, 74.50860852624886, 43.51976851299482, 57.34744894291672, 9.474601837081314, 6.276380940062025, 75.73770311104333, 6.218851268223571, 0.0, 43.64469761746844, 26.34880244469634, 28.89649385335513, 58.50117025519988, 15.468241309554326, 36.96871315018431, 37.060083768182025, 24.105956934551227, 40.942987100216435, 62.046158250169675, 52.71177936769168, 49.82552204430618, 68.94034704064453, 65.92157330386615, 39.97100321432365, 69.06897707011883, 49.536557244966176, 35.194576437068726, 78.19506561166826, 27.715710256942224, 24.566017001388673, 60.93626175906752, 54.06833927781027, 42.19529344283004, 64.9733087264226, 11.155934710173856, 49.280481841648076], [25.260243344125175, 18.44208508022741, 36.09923512388409, 66.08357217023672, 50.65198321665653, 25.964549295947663, 69.33802978857354, 29.112054134098255, 34.78749596891863, 37.75622012858999, 35.165840373503876, 52.307705325832536, 49.912259113270736, 38.201744791861714, 49.53616984461116, 43.64469761746844, 0.0, 44.689902278072786, 14.772865176312296, 81.87439180584626, 39.37755105115458, 73.30872534426989, 78.75091530701043, 37.18939745216272, 70.46671744133128, 24.907785537143543, 38.32987548026677, 37.25973194498561, 34.56214592043421, 30.383261400025614, 28.17281532313923, 49.32414567611476, 23.47040850268906, 31.888471148263648, 58.93911132392759, 34.19129052393491, 41.568487415274454, 48.19152595598636, 70.24441163789899, 82.30101475323546, 29.345188625917526, 48.235978208155515, 45.47727688621715], [40.40418966953595, 26.446358726627068, 47.22515020728309, 29.021984917658546, 29.70956033648916, 19.544306982027713, 33.78151035258885, 33.189695805070556, 64.83016199081734, 62.78197091364766, 39.63947651367834, 26.224451584424216, 28.951088516861184, 63.93825663207833, 30.354995038435984, 26.34880244469634, 44.689902278072786, 0.0, 33.098988280348706, 38.324167241359014, 39.324138250111126, 31.09380055096587, 57.76411339088754, 46.3167089110449, 67.1501283324675, 68.82897534039807, 69.88069877337797, 29.456957304813603, 55.798705636977715, 54.13775390981671, 56.08248622191434, 85.38403235685487, 36.779959591499235, 53.74674127173257, 95.17048341212511, 48.25919309269262, 3.267788112742509, 79.49508744024155, 29.751115362947594, 64.28237078046774, 53.43906431394531, 18.039110257849167, 25.182329893574533], [30.48644963765332, 11.472283161825397, 26.235612220116337, 51.671786285714866, 47.05142047517517, 17.80742186165432, 54.749306608674665, 30.254637459902444, 47.152710327743534, 34.717260333590794, 38.156057792136025, 37.54625873745431, 35.170122326567004, 49.41969725515468, 34.84809048532652, 28.89649385335513, 14.772865176312296, 33.098988280348706, 0.0, 71.34459640127992, 26.47088127377688, 59.61936983371902, 64.54043939693076, 26.732044019837446, 58.99195678138939, 36.24737177723179, 39.22297234333288, 35.810156302336495, 43.95059079959183, 40.2481257976012, 25.97511833904418, 53.531075485181795, 27.127198525173544, 26.482419643897376, 63.4178549511896, 25.25545584285558, 29.835860907586678, 49.32814274342721, 61.26599863627213, 68.49386274597887, 39.21701733064983, 33.78693143864748, 41.30442199173492], [70.42229134681841, 63.452097173343844, 83.19736882002307, 40.74555209850315, 43.213702445017944, 55.91215218435295, 44.290806461695645, 62.078730652371824, 94.29183708221613, 100.01230787953624, 64.67434630596955, 52.644470920192944, 57.4828069614033, 91.46687565608285, 59.29321898768518, 58.50117025519988, 81.87439180584626, 38.324167241359014, 71.34459640127992, 0.0, 73.76647680388966, 29.491583835168264, 74.34917168525227, 81.94506218669417, 94.083388942063, 106.54726756047039, 107.75797233020523, 54.06129294064348, 83.01330235789739, 82.97556253927368, 94.00566166970556, 123.51029750539234, 67.87684063135663, 91.05498427096978, 133.23446855093027, 84.73424388019087, 41.5891259920357, 117.11238059097812, 14.728743447118529, 81.72115702568094, 82.6141692301105, 47.35492106596948, 44.1459169801287], [56.146156608767896, 34.7048497702843, 10.55132593301502, 40.38952759526796, 64.67921230021292, 36.78534884615326, 41.19439895711256, 54.082293228556445, 73.44775007705293, 28.62239909466227, 62.35028408207016, 23.689044572907754, 18.814691695915002, 75.88478714256644, 17.277485273995172, 15.468241309554326, 39.37755105115458, 39.324138250111126, 26.47088127377688, 73.76647680388966, 0.0, 52.084435899811666, 40.338859191182266, 8.836579529833054, 32.89988460041376, 52.34731181741146, 38.32712003538724, 57.07249731186947, 70.31525957974706, 66.68819154390934, 26.737713136055184, 54.63691463883281, 52.46014120429005, 20.996324780837902, 63.44015069891258, 13.033577138440027, 36.83721258261388, 45.934487767511875, 68.41928034430768, 43.1489809367189, 65.66188772413858, 26.55627771181228, 58.983363060265724], [71.45070961647095, 56.14575305996356, 62.505855893071306, 12.692037830644052, 54.33735212963552, 50.092611437723605, 15.137069415477432, 64.00000313859145, 95.92243267549755, 80.47634071421939, 69.77965853534229, 28.492750174079703, 33.52825726463595, 94.91375485226074, 35.25154432594476, 36.96871315018431, 73.30872534426989, 31.09380055096587, 59.61936983371902, 29.491583835168264, 52.084435899811666, 0.0, 44.90783144181736, 60.892764166810004, 66.30294748731184, 95.6969426258445, 89.63637641376951, 58.9971521623568, 86.67823271001677, 85.17651318384742, 76.63139986114048, 105.97715874303077, 67.86575200973193, 72.13609193246953, 115.15919769264723, 64.67250027529133, 33.42947030839781, 97.88522007815844, 34.63741834251624, 52.27364679564822, 84.49732811244733, 27.04049957702505, 51.92035066421037], [90.53504286879435, 69.16887653824394, 48.205735431005955, 34.290250739780724, 87.44887655374393, 67.62714629990103, 30.15789672543794, 85.95835084359227, 111.25172351538103, 63.32536508672227, 93.87937292450331, 32.05381966416968, 31.334117926460642, 112.71801705274741, 30.874538651402382, 37.060083768182025, 78.75091530701043, 57.76411339088754, 64.54043939693076, 74.34917168525227, 40.338859191182266, 44.90783144181736, 0.0, 46.3607803130258, 28.098207549641778, 92.39054321372632, 73.62986502473693, 85.45552298999908, 105.99928250649064, 102.94594572785982, 65.19379912812492, 88.55504289328621, 86.56894598519558, 58.63368436977172, 95.52274213524161, 51.05582074329621, 57.46283888931116, 78.08722324330827, 77.01307314346772, 7.373090718912962, 101.98847903798459, 40.08541351242809, 82.88458521650472], [57.21830056092223, 36.87825784501435, 1.9038966395775674, 49.224498084435176, 69.62750588619987, 40.53447815578754, 49.95875183220948, 56.42819598460613, 71.94997412094166, 19.81848151237616, 64.54840827473755, 32.524402238970325, 27.64481438480016, 75.03447104223774, 26.0849479876642, 24.105956934551227, 37.18939745216272, 46.3167089110449, 26.732044019837446, 81.94506218669417, 8.836579529833054, 60.892764166810004, 46.3607803130258, 0.0, 33.29227397016321, 46.189483211589845, 29.672847840279072, 60.63821207243385, 70.28021798294334, 66.38933960329378, 18.979447539656466, 45.91839099015787, 53.81691115012402, 12.698792809548616, 54.631199338204354, 4.743830900253713, 43.56761364434746, 37.09971687997824, 75.85901560712469, 48.0767142147793, 65.34373959212559, 35.040139099873365, 63.827844466486724], [89.02415635976598, 67.5932115350299, 34.50983490821589, 53.81534694155783, 95.39278227786596, 69.17691219692709, 51.386719632217535, 86.87797895828633, 105.19007279626372, 43.21273414833543, 95.15594403746508, 42.585184069049504, 38.60191364432615, 108.1012302187242, 37.00628551465554, 40.942987100216435, 70.46671744133128, 67.1501283324675, 58.99195678138939, 94.083388942063, 32.89988460041376, 66.30294748731184, 28.098207549641778, 33.29227397016321, 0.0, 76.81481448799454, 52.68203628050029, 89.2907455767806, 102.94053309422975, 99.19119362994033, 48.54382575070427, 65.45010796082084, 85.35661010939224, 42.07532509745999, 70.98436199377616, 36.770844851741415, 65.50410137167621, 54.55518367569246, 92.96204125911929, 24.465548316637143, 98.15341652903663, 49.94673443927317, 89.94859562493575], [46.206583953961584, 43.14296094246112, 44.421209728699715, 86.95425934388132, 74.75306875222869, 50.73709291698326, 89.47411115071118, 52.171907749147294, 42.46991731372501, 34.682277269755076, 56.5109568139421, 71.44603986967039, 67.9132444689926, 48.12378111582191, 67.02479526048548, 62.046158250169675, 24.907785537143543, 68.82897534039807, 36.24737177723179, 106.54726756047039, 52.34731181741146, 95.6969426258445, 92.39054321372632, 46.189483211589845, 76.81481448799454, 0.0, 28.399826969739816, 60.95897305828986, 48.80805337316464, 44.72442823726668, 28.31265418738638, 31.050077941150473, 45.81601995357067, 34.91440424381929, 39.16553856980989, 41.63423657875534, 65.61576656116453, 35.09955808622059, 95.1391463526111, 94.25216636728223, 43.92565421533128, 69.24327087585034, 69.86105539135609], [63.581412128374225, 50.3497640089955, 27.838624189228298, 78.47246669808942, 86.01925701583747, 57.02876742529398, 79.50739105341141, 66.66031988817961, 68.0173543174257, 10.332854436153319, 73.33851069493453, 61.728936667322735, 57.03134065038713, 72.97146886847318, 55.5675644193714, 52.71177936769168, 38.32987548026677, 69.88069877337797, 39.22297234333288, 107.75797233020523, 38.32712003538724, 89.63637641376951, 73.62986502473693, 29.672847840279072, 52.68203628050029, 28.399826969739816, 0.0, 73.8430205866766, 71.43520307150247, 67.15041250512402, 13.799002242357824, 16.36294108793731, 61.56506031037792, 17.521300095949904, 25.643767511903803, 25.30112213196624, 66.70585598472081, 10.155449032219527, 99.3429889759228, 73.68645077244261, 66.17707995211433, 62.89074168499585, 80.3507980329441], [17.04079410913202, 24.38864003470838, 60.646787411307294, 58.47034901752463, 13.973954860137118, 20.296859466201266, 63.23774664564889, 9.09981736034989, 40.23106787708072, 70.4313726216688, 11.014480229727234, 53.41518410699872, 54.5733380654539, 37.61050267902176, 55.462030445444526, 49.82552204430618, 37.25973194498561, 29.456957304813603, 35.810156302336495, 54.06129294064348, 57.07249731186947, 58.9971521623568, 85.45552298999908, 60.63821207243385, 89.2907455767806, 60.95897305828986, 73.8430205866766, 0.0, 29.12465604780014, 28.915743737028343, 61.36645540716213, 86.3414217580396, 15.650560774298889, 62.29001446905847, 96.06483904470272, 60.27834728693044, 28.642610428987318, 83.9831209797531, 39.85493683690475, 91.3986529363687, 28.573505650591855, 45.5468929557873, 10.219958382849303], [15.781599053726172, 36.86759057621492, 69.49873720139081, 84.10873701495672, 40.614238396193045, 39.1150244041462, 88.5240232430248, 22.679284133727503, 12.11962267370543, 72.16819736191336, 18.339918320351373, 75.25380222821472, 74.81372936727375, 8.485894812958238, 75.13873995342524, 68.94034704064453, 34.56214592043421, 55.798705636977715, 43.95059079959183, 83.01330235789739, 70.31525957974706, 86.67823271001677, 105.99928250649064, 70.28021798294334, 102.94053309422975, 48.80805337316464, 71.43520307150247, 29.12465604780014, 0.0, 4.284803381880702, 62.630812002457255, 79.22773995675388, 19.727134588874396, 66.41076968532553, 87.87394573478356, 67.9666933303635, 53.98310775750764, 80.65718084440485, 68.57692993268326, 110.86569856695094, 5.274223494554364, 68.47973389910123, 38.867938709107015], [13.73369868174399, 33.78647037689668, 65.5635051073936, 82.0372525389333, 41.30196410880277, 36.67332387360253, 86.35026170724242, 21.491328714295932, 11.317036023513523, 67.9287775136031, 18.726784582658308, 72.54734399843244, 71.88637098265816, 9.976397033631146, 72.13596868779985, 65.92157330386615, 30.383261400025614, 54.13775390981671, 40.2481257976012, 82.97556253927368, 66.68819154390934, 85.17651318384742, 102.94594572785982, 66.38933960329378, 99.19119362994033, 44.72442823726668, 67.15041250512402, 28.915743737028343, 4.284803381880702, 0.0, 58.40229721111152, 75.02779261284854, 17.467622128643924, 62.259221874434964, 83.73065187646058, 63.97320869405189, 52.13040634940716, 76.38009389718925, 68.72812319236218, 107.65889483211653, 1.0482495800014502, 66.00448202104785, 38.97232790022993], [52.756734338571775, 37.34763379662394, 17.087643955921376, 65.89480698312943, 73.01717393755706, 43.682955670713646, 67.33236043705689, 54.786719169216425, 61.26991000508811, 9.593029682222799, 61.98919709917011, 49.25560108338973, 44.811537782321636, 65.50853251095717, 43.501019237276985, 39.97100321432365, 28.17281532313923, 56.08248622191434, 25.97511833904418, 94.00566166970556, 26.737713136055184, 76.63139986114048, 65.19379912812492, 18.979447539656466, 48.54382575070427, 28.31265418738638, 13.799002242357824, 61.36645540716213, 62.630812002457255, 58.40229721111152, 0.0, 29.648972610906455, 50.26505226217348, 6.672849740531441, 39.25634387489647, 14.235648379862916, 52.90688038075678, 23.615284831750067, 85.55683927393285, 66.44743975052461, 57.376794324621144, 49.68727121311359, 67.27848808435805], [74.08052699796184, 64.04373108967825, 44.11251230419496, 94.83380052905584, 99.23887072945655, 71.17360304462912, 95.83037754572652, 78.42899050500051, 73.51161196941361, 26.198364547885387, 84.26320613041874, 78.08911686377257, 73.37659889884642, 79.10853022778689, 71.89793988753352, 69.06897707011883, 49.32414567611476, 85.38403235685487, 53.531075485181795, 123.51029750539234, 54.63691463883281, 105.97715874303077, 88.55504289328621, 45.91839099015787, 65.45010796082084, 31.050077941150473, 16.36294108793731, 86.3414217580396, 79.22773995675388, 75.02779261284854, 29.648972610906455, 0.0, 72.71539675596266, 33.88356311960433, 9.888204521810476, 41.630646011644636, 82.16277404130695, 10.918318476021279, 114.53113410744545, 87.93701161590185, 74.1531109987531, 79.17567160219629, 93.74623502076305], [3.977797452225175, 17.91147209036899, 53.362159385510694, 64.57809526114838, 29.617809618969734, 19.387928125521366, 68.91766067531474, 6.556070895538567, 28.065164332890006, 59.756255425484696, 11.779440392222144, 55.56745678350009, 55.28720827051378, 27.40408073023385, 55.696922975580726, 49.536557244966176, 23.47040850268906, 36.779959591499235, 27.127198525173544, 67.87684063135663, 52.46014120429005, 67.86575200973193, 86.56894598519558, 53.81691115012402, 85.35661010939224, 45.81601995357067, 61.56506031037792, 15.650560774298889, 19.727134588874396, 17.467622128643924, 50.26505226217348, 72.71539675596266, 0.0, 52.527657057109366, 82.23894655752056, 52.324366303848805, 34.68802772800536, 71.54179376455599, 54.27583611915349, 91.65379846343988, 16.70967678669465, 48.75372830924283, 25.52942451518174], [55.36688959527749, 37.91785803496275, 10.796541591298027, 60.96005139591322, 73.1208654694684, 43.47590726604122, 62.07579254980923, 56.451881252450725, 66.01578553471019, 9.035878053174367, 64.05338814757455, 44.22121607134723, 39.564075828182794, 69.9149693998196, 38.137350206175796, 35.194576437068726, 31.888471148263648, 53.74674127173257, 26.482419643897376, 91.05498427096978, 20.996324780837902, 72.13609193246953, 58.63368436977172, 12.698792809548616, 42.07532509745999, 34.91440424381929, 17.521300095949904, 62.29001446905847, 66.41076968532553, 62.259221874434964, 6.672849740531441, 33.88356311960433, 52.527657057109366, 0.0, 43.04153115562248, 8.030974101370001, 50.68359178484624, 26.125378195036568, 83.46900259880778, 59.78978118478447, 61.21819932973893, 45.48343624151865, 67.31154958662962], [83.46472119266119, 73.91652695002412, 52.8897848860028, 103.79590285612738, 109.04541993383155, 81.05994882902257, 104.57752078247819, 88.04904470238495, 81.45906938379906, 34.81784167624557, 93.70149944561824, 87.0548268718257, 82.24953619119563, 87.22200363819682, 80.71289417814286, 78.19506561166826, 58.93911132392759, 95.17048341212511, 63.4178549511896, 133.23446855093027, 63.44015069891258, 115.15919769264723, 95.52274213524161, 54.631199338204354, 70.98436199377616, 39.16553856980989, 25.643767511903803, 96.06483904470272, 87.87394573478356, 83.73065187646058, 39.25634387489647, 9.888204521810476, 82.23894655752056, 43.04153115562248, 0.0, 50.55126273405343, 91.95820393999173, 17.757454558231608, 124.38140524203129, 94.32198167913833, 82.89164364069296, 88.50479310541526, 103.57571081161636], [55.54590406650325, 36.08685568752918, 2.8570033738003646, 53.25408916493922, 70.02429522548626, 40.53397975657777, 54.206784454415846, 55.43123787623864, 68.95858124726107, 15.80465256502621, 63.402587063531435, 36.50840418204562, 31.749700531462512, 72.3175256615116, 30.268873163796062, 27.715710256942224, 34.19129052393491, 48.25919309269262, 25.25545584285558, 84.73424388019087, 13.033577138440027, 64.67250027529133, 51.05582074329621, 4.743830900253713, 36.770844851741415, 41.63423657875534, 25.30112213196624, 60.27834728693044, 67.9666933303635, 63.97320869405189, 14.235648379862916, 41.630646011644636, 52.324366303848805, 8.030974101370001, 50.55126273405343, 0.0, 45.354644812246526, 33.22072845157704, 77.97684809968307, 52.623845660894986, 62.92499236046533, 38.356930005221045, 64.1985603096889], [38.41534509812622, 23.426794244105285, 44.41214841069236, 30.269721682665875, 30.435862630067234, 16.766137201836514, 34.8762936492772, 31.540172951386825, 62.65302090765842, 59.71916880317078, 38.395525157500124, 25.55551412626923, 27.770613489631028, 62.00499891634028, 29.04737330128115, 24.566017001388673, 41.568487415274454, 3.267788112742509, 29.835860907586678, 41.5891259920357, 36.83721258261388, 33.42947030839781, 57.46283888931116, 43.56761364434746, 65.50410137167621, 65.61576656116453, 66.70585598472081, 28.642610428987318, 53.98310775750764, 52.13040634940716, 52.90688038075678, 82.16277404130695, 34.68802772800536, 50.68359178484624, 91.95820393999173, 45.354644812246526, 0.0, 76.35743117966173, 32.78573748367706, 63.78785390629443, 51.394580360095134, 17.399110123151658, 25.51155127604145], [73.4475316834576, 60.49515525996114, 35.41436310333915, 86.3239259194031, 96.1712936767569, 67.12548915892064, 86.96522470715338, 76.73157741923387, 76.46836797810242, 17.41979404280013, 83.30091676223728, 69.61244427992551, 64.74388653658897, 81.67266444178948, 63.17014898963033, 60.93626175906752, 48.19152595598636, 79.49508744024155, 49.32814274342721, 117.11238059097812, 45.934487767511875, 97.88522007815844, 78.08722324330827, 37.09971687997824, 54.55518367569246, 35.09955808622059, 10.155449032219527, 83.9831209797531, 80.65718084440485, 76.38009389718925, 23.615284831750067, 10.918318476021279, 71.54179376455599, 26.125378195036568, 17.757454558231608, 33.22072845157704, 76.35743117966173, 0.0, 109.08367248314602, 77.23549336403771, 75.43148346787594, 71.49230110069472, 90.49763823787832], [56.55027184846058, 52.12086854067736, 76.85329559678752, 42.78280516663928, 28.508499617596886, 44.52017532507293, 47.265549038314234, 48.22017544865513, 80.02659283342358, 92.50470251245632, 50.24802364018643, 50.38645645789562, 54.64437914686481, 76.99872462577036, 56.36607905691398, 54.06833927781027, 70.24441163789899, 29.751115362947594, 61.26599863627213, 14.728743447118529, 68.41928034430768, 34.63741834251624, 77.01307314346772, 75.85901560712469, 92.96204125911929, 95.1391463526111, 99.3429889759228, 39.85493683690475, 68.57692993268326, 68.72812319236218, 85.55683927393285, 114.53113410744545, 54.27583611915349, 83.46900259880778, 124.38140524203129, 77.97684809968307, 32.78573748367706, 109.08367248314602, 0.0, 84.2849926682168, 68.41717372776665, 43.48702901728735, 29.763304457719812], [95.59513042496472, 74.0041757451561, 49.83112855794708, 41.612497036296645, 93.99153063341346, 73.02346141812652, 37.52511465600747, 91.42225744018276, 115.54227490480403, 63.52427360487413, 99.45933658364007, 38.23872407197098, 36.87945979231812, 117.31340540820692, 36.16531340451137, 42.19529344283004, 82.30101475323546, 64.28237078046774, 68.49386274597887, 81.72115702568094, 43.1489809367189, 52.27364679564822, 7.373090718912962, 48.0767142147793, 24.465548316637143, 94.25216636728223, 73.68645077244261, 91.3986529363687, 110.86569856695094, 107.65889483211653, 66.44743975052461, 87.93701161590185, 91.65379846343988, 59.78978118478447, 94.32198167913833, 52.623845660894986, 63.78785390629443, 77.23549336403771, 84.2849926682168, 0.0, 106.67971692540667, 46.39396748807504, 89.28607650347169], [13.049361521677566, 32.83950112708946, 64.51631245290025, 81.24793746045606, 41.14559502611805, 35.835944629265576, 85.5410794635845, 20.952225143820897, 11.737127444441622, 66.90729828293905, 18.57846615401522, 71.64749950211204, 70.95111609894496, 10.841332949942828, 71.18911168920046, 64.9733087264226, 29.345188625917526, 53.43906431394531, 39.21701733064983, 82.6141692301105, 65.66188772413858, 84.49732811244733, 101.98847903798459, 65.34373959212559, 98.15341652903663, 43.92565421533128, 66.17707995211433, 28.573505650591855, 5.274223494554364, 1.0482495800014502, 57.376794324621144, 74.1531109987531, 16.70967678669465, 61.21819932973893, 82.89164364069296, 62.92499236046533, 51.394580360095134, 75.43148346787594, 68.41717372776665, 106.67971692540667, 0.0, 65.1457702109643, 38.68001709369676], [52.70208505045482, 33.19774620749183, 36.46864016814238, 17.884857177197297, 47.67310361166456, 29.369656026815033, 21.19746763630972, 47.00074327571245, 75.6471114524319, 54.08933691431405, 54.55091904358927, 8.196085464833553, 11.344878619094187, 75.97854556318856, 12.975062852521654, 11.155934710173856, 48.235978208155515, 18.039110257849167, 33.78693143864748, 47.35492106596948, 26.55627771181228, 27.04049957702505, 40.08541351242809, 35.040139099873365, 49.94673443927317, 69.24327087585034, 62.89074168499585, 45.5468929557873, 68.47973389910123, 66.00448202104785, 49.68727121311359, 79.17567160219629, 48.75372830924283, 45.48343624151865, 88.50479310541526, 38.356930005221045, 17.399110123151658, 71.49230110069472, 43.48702901728735, 46.39396748807504, 65.1457702109643, 0.0, 42.89256984536312], [27.226281859117563, 30.002779788068693, 64.13068291617382, 53.25004171363963, 5.828008158736383, 23.840495513448595, 58.16618145384037, 19.08825260614511, 50.26487270928313, 75.88560034016231, 20.528480994300985, 51.06426598352322, 53.131855936052325, 47.32205348538029, 54.29879340868516, 49.280481841648076, 45.47727688621715, 25.182329893574533, 41.30442199173492, 44.1459169801287, 58.983363060265724, 51.92035066421037, 82.88458521650472, 63.827844466486724, 89.94859562493575, 69.86105539135609, 80.3507980329441, 10.219958382849303, 38.867938709107015, 38.97232790022993, 67.27848808435805, 93.74623502076305, 25.52942451518174, 67.31154958662962, 103.57571081161636, 64.1985603096889, 25.51155127604145, 90.49763823787832, 29.763304457719812, 89.28607650347169, 38.68001709369676, 42.89256984536312, 0.0]]",Route_4,2297.007087970517
