instance_id,num_cities,city_coordinates,distance_matrix,best_route,total_distance
367,97,"[[3.906480740758167, 74.99476737243607], [92.41247881470706, 0.4744965389515743], [61.15711539458009, 48.62577561192425], [3.739492671179623, 3.413531378481671], [33.40504552771767, 95.29882465044449], [58.373262623547596, 90.82422128953547], [79.4672377863582, 47.20588831081031], [60.734395458761234, 33.761885181294105], [76.19083860760611, 82.52657364620917], [87.99436396240182, 81.38436746598727], [84.33204881532085, 24.745260414515634], [47.60940546304441, 90.87599030836357], [12.475628478259104, 9.81700677803552], [35.92398507184619, 30.434988572277366], [91.44792849280202, 2.4765620938391297], [62.177367785209995, 17.817626128463036], [69.5713587404638, 49.81088792745578], [86.35859338628501, 57.31745692441156], [27.122459417316335, 45.91243745809324], [12.72435456113955, 82.14933161589036], [86.93612300551025, 31.389178670026162], [8.872121510726739, 23.575538496465153], [71.56440187216774, 29.104778241352136], [85.96717395312542, 66.58391841073175], [72.76674580744479, 32.430488584002745], [46.263265331455564, 8.537192934085159], [13.17829487149471, 19.352979119800462], [86.10207590584406, 46.091104310274375], [27.569362758794735, 45.41787971305613], [92.83624140339484, 59.7834047640064], [13.636282677916789, 87.1380625723761], [73.84507616842477, 77.86546873602168], [78.1673116118822, 8.690137056616255], [68.2447251065207, 86.68746889857547], [73.8417746221512, 67.60624060167196], [16.660212792063124, 54.03896425283838], [76.23202164072312, 2.331545495685461], [99.82093757221597, 68.25789695466841], [34.341754439843484, 31.57743439348336], [67.21150765693339, 71.87253406372311], [12.434015945124566, 80.68123919851188], [51.72470998744453, 65.9603346757697], [34.526612785593045, 71.94335848414038], [70.27780629044229, 63.862989930847625], [69.86068891093642, 92.31719203927102], [84.01176363894545, 54.35760612818363], [64.68712392098568, 47.84987191734382], [80.76274885555934, 23.647067826446268], [63.23538709805759, 32.61258492674987], [19.920003697792087, 64.06472229519558], [89.02960152556001, 15.427821974548749], [41.11696140651969, 41.60924737516789], [9.853705913196166, 9.793099101535551], [86.58478771178454, 61.85366876972325], [70.25549555384215, 8.474353782616983], [85.94432274103613, 46.77234743902686], [93.38290729333384, 98.44061121823441], [39.921291206199484, 5.239400663905358], [94.07578883709895, 52.840850169229604], [8.495507810106117, 6.919656639169136], [43.87129861720849, 6.115899093211297], [79.83384147668309, 17.4918109460259], [30.375572482875246, 50.28513843085837], [32.37144223602621, 17.206518518174164], [21.97230125973405, 2.871388819957499], [90.39602374925579, 87.70138285789575], [51.72489482146396, 84.65563498157171], [88.15828629745413, 29.54558626155739], [86.26519337473371, 30.697537790272943], [77.63896562385027, 94.96232321776151], [68.56363089588986, 76.71485416311491], [14.987528397056128, 81.50093311490932], [71.62926892450142, 85.20028949451147], [28.935073307323588, 86.97143688067513], [76.61936682107098, 39.48957512525024], [24.085577297783534, 67.90899279363498], [8.021061402916052, 7.206780777178889], [15.635882367615805, 89.05601550808959], [39.954098402841964, 3.426473386976403], [91.53973130242679, 6.009511658974931], [96.67517772269045, 65.56339305562794], [74.76367228338617, 7.664598305011017], [26.507888731056394, 55.469554970010016], [13.194600645327503, 86.97080570239149], [6.998419465989015, 5.995015025301564], [70.68638960632308, 16.31176593475716], [45.266301201387, 9.708159906688197], [57.80221589108212, 82.97598852419476], [66.28620720649546, 30.310275429280864], [17.611157169572667, 12.399285276553119], [19.765002893638417, 49.386468267187546], [50.30190187146009, 66.36021500353388], [7.687629259618667, 94.51825815920371], [65.5715396627902, 98.82320214396472], [22.847279692799184, 69.04256890551194], [56.66566068885803, 8.579073185927498], [58.19472761529414, 82.95311407277714]]","[[0.0, 115.70039956785682, 63.03141196840934, 71.58143077249557, 35.81089312540381, 56.720383813766034, 80.50869397031514, 70.21084293031399, 72.67569399715553, 84.33029760443331, 94.83293177810232, 46.49902011034692, 65.73865505962311, 54.869795610247294, 113.67671340847495, 81.63774713807642, 70.32854318564777, 84.3257859992214, 37.21241162780348, 11.355293401135965, 93.78362789259351, 51.65844254771775, 81.75258646841112, 82.49060401494742, 80.9534059433809, 78.80803513025619, 56.40899872561172, 87.1294301769136, 37.87775427629125, 90.22132721213411, 15.560484055749107, 69.99748607424212, 99.55387989921448, 65.39211693352615, 70.32450254441271, 24.531680856064952, 102.52281541189937, 96.15075897932046, 53.022360265679325, 63.38197514823679, 10.249625285368346, 48.66419651488397, 30.771798495484365, 67.29836048694804, 68.19108425368655, 82.72090891920791, 66.56674796525684, 92.43090498961612, 72.91206017122707, 19.388109832728965, 103.89497907107375, 49.9921275488952, 65.47233791885117, 83.71613294987705, 93.95295200698818, 86.75662802898844, 92.49723510602914, 78.5039983536078, 92.85095675338707, 68.22961139263336, 79.633442493243, 95.24470644660994, 36.2101999453616, 64.41844253448849, 74.35156760181978, 87.41795654734834, 48.78455788623167, 95.72875640690604, 93.5157852738276, 76.38836700356669, 64.6800260107455, 12.849895323685674, 68.48743476846191, 27.746550386898857, 80.91836922873676, 21.387008655708186, 67.91274475872824, 18.311132178446805, 80.13395936243859, 111.52825700178326, 93.24688713962155, 97.74504212468639, 29.867332698179943, 15.155680962669356, 69.06899383259088, 88.9002299537396, 77.28503000531279, 54.48348519016699, 76.73287492436413, 64.07817518340006, 30.121050910239937, 47.192060735959565, 19.886271058765185, 66.10880270825268, 19.854030611724465, 84.82084356496233, 54.86847028042056], [115.70039956785682, 0.0, 57.40595281752152, 88.72167941037964, 111.68496042401846, 96.5491636494836, 48.491259441439475, 45.95161811876276, 83.64021143340075, 81.03040757812919, 25.580526344826566, 100.89472462668948, 80.48094519374798, 63.94201285708959, 2.2223014668478993, 34.856076700119345, 54.367235367320916, 57.16442664947698, 79.54491252043128, 114.10949054262386, 31.39598770885073, 86.67554117511756, 35.41659699294742, 66.42286966835847, 37.51186816163663, 46.84823345957477, 81.4521516579042, 46.051016160719996, 78.89573747025183, 59.31042209915174, 117.116449550914, 79.58712847337092, 16.444498707833286, 89.53634414236953, 69.65301224721014, 92.77692605943267, 16.28667630877567, 68.18705619895255, 65.87565386851382, 75.71504942667359, 113.26816009381506, 77.09662462535114, 91.97049371228248, 67.14197511431199, 94.57094662013387, 54.53403996101392, 54.89190738375169, 25.936157544923407, 43.40690505281055, 96.43067852248379, 15.331203486233699, 65.75178957664386, 83.08301473058525, 61.65520876070257, 23.55694426578442, 46.747492349418785, 97.97092097549418, 52.70701175243708, 52.392762789930465, 84.16411415386294, 48.86789946115175, 21.16154783825489, 79.55927219946305, 62.32885874902315, 70.48094569869838, 87.25019076156221, 93.49836127282012, 29.380714961240276, 30.841876414375008, 95.63579916791225, 79.88341303246371, 112.07098808957387, 87.2376169166074, 107.28980239719189, 42.09036402240532, 95.99987893756052, 84.65952388145959, 117.22342455703665, 52.54137267665573, 5.603399021940038, 65.22833013145997, 19.057227904033837, 85.83630610603859, 117.29059519226612, 85.59227569579197, 26.88572212543266, 48.04188383832801, 89.46712513227187, 39.65798494803615, 75.74587979748654, 87.57874591501069, 78.1935329045013, 126.58012968795367, 101.94559288531529, 97.67751776604764, 36.6540470991845, 89.29488701732033], [63.03141196840934, 57.40595281752152, 0.0, 73.0816695747382, 54.30056066420796, 42.290172071736606, 18.36509357312831, 14.869900163683582, 37.08472651924582, 42.348119804214846, 33.27696718677095, 44.36914565646095, 62.25759155947284, 31.1065202008495, 55.20220345682972, 30.825038354167173, 8.497292644376367, 26.658203559209095, 34.142642127224576, 58.90298064699531, 31.01060314701805, 57.976158591056254, 22.121956291622627, 30.627339069217403, 19.926636450742897, 42.76588863593009, 56.20377063201128, 25.07340450588883, 33.740594589021114, 33.58660019974866, 61.16719536654666, 31.87387649141554, 43.40739570823526, 38.71597483308287, 22.82889903054117, 44.82495903489487, 48.68684155277761, 43.362556818066885, 31.77592675962737, 24.02222812693954, 58.32232133336755, 19.734670245598398, 35.396233418401074, 17.75836993134976, 44.54988284364446, 23.56244527719471, 3.614275410059361, 31.754002992356213, 16.147491730706378, 44.03249318153885, 43.34719839656309, 21.23298001605927, 64.34296068238582, 28.662583220381087, 41.16937206756287, 24.85640448713961, 59.32975231690665, 48.304634975226676, 33.18743609769878, 67.17622550538792, 45.88996691322717, 36.30625088002496, 30.8262366984682, 42.61202524539586, 60.240464552419674, 48.80386094782405, 37.244027053159655, 33.06231776164618, 30.851860417925586, 49.180555415815675, 29.04914466427714, 56.67809757188406, 38.04419883900579, 50.08642265535352, 17.959715435070848, 41.786856806168885, 67.37190339396459, 60.88338816423297, 49.925392849472004, 52.33783815473454, 39.349912785326325, 43.161979064179846, 35.31863848285211, 61.40638528452159, 68.92420542073394, 33.68979501894658, 42.03687414524328, 34.513656395648475, 19.020124335962347, 56.64458561727528, 41.399101809174354, 20.792931519321723, 70.46350759002267, 50.39115767730846, 43.410700983634605, 40.29778580232277, 34.454925731465636], [71.58143077249557, 88.72167941037964, 73.0816695747382, 0.0, 96.5554356106308, 103.07995697483905, 87.47835106995288, 64.5712127987895, 107.27567750825432, 114.79692773103767, 83.36787612452011, 97.84810151672387, 10.831646506068576, 42.02381110709376, 87.71344039379609, 60.18690217488727, 80.5391164894227, 98.64861373701042, 48.506908289588814, 79.24679162090275, 87.77423392071368, 20.805057313791938, 72.52763937624907, 103.69131770215638, 74.87820431210321, 42.83133372893261, 18.52449678870942, 92.76297940684913, 48.29314638129185, 105.43146238268528, 84.30743488017444, 102.26379522480218, 74.61462859086366, 105.33505438190018, 95.05279507803323, 52.24824841234585, 72.50060309990997, 115.91564088270847, 41.58970856349257, 93.35594108041354, 77.75534326798852, 78.83326508269722, 75.1277842616884, 89.89707569531706, 110.79654088041383, 95.07332032923665, 75.42679971633464, 79.63653678077482, 66.27477787038477, 62.772413500661315, 86.13214177598745, 53.44144355798068, 8.836429590161476, 101.38339394926602, 66.70824958648345, 92.93880253686389, 130.63723698850262, 36.22783934871384, 102.97429896735844, 5.908688039262925, 40.222688121945936, 77.38570847201414, 53.9113002570651, 31.78104828541125, 18.240866963514293, 120.88753569124216, 94.35506460905917, 88.37090590079751, 86.91897538795115, 117.65336115009333, 97.8532207878378, 78.89334964137876, 106.29249984291489, 87.2739414459203, 81.32008969819674, 67.62860121861503, 5.72018983997034, 86.46478575524037, 36.214608044204134, 87.83860778336971, 111.8018195848441, 71.15128712539787, 56.8175100765703, 84.09052954550776, 4.157482612438103, 68.1780863908149, 42.00116873388901, 96.19232105015045, 68.08469974742115, 16.527759953263, 48.68601343366558, 78.2965064988648, 91.19023535615523, 113.69347963164208, 68.35406419217456, 53.177646461647726, 96.3945943920165], [35.81089312540381, 111.68496042401846, 54.30056066420796, 96.5554356106308, 0.0, 25.36599968820374, 66.59321347885285, 67.33266879370896, 44.651477973189415, 56.334765517408876, 87.01359141104845, 14.877005908105499, 88.00671386207908, 64.91272823724411, 109.47579042430276, 82.65096885392022, 58.11329106768158, 65.16642176113184, 49.78439643249121, 24.50714479332289, 83.36677458841642, 75.80299557107921, 76.40542033541726, 59.894266711969614, 74.17392485688033, 87.70926150986797, 78.59321151011363, 72.09976942923997, 50.22114954106759, 69.23447185415014, 21.386959164558817, 44.03768813936842, 97.49218036188792, 35.888141788603555, 49.010287401268506, 44.528255112624755, 102.35753453665652, 71.70970984960573, 63.7282747284594, 41.12989147016568, 25.562822344149463, 34.58839545152495, 23.382380395488273, 48.45422779059569, 36.57737097595225, 65.09395741600586, 56.83283860648338, 85.8878706247468, 69.4219988829165, 34.02080985357356, 97.33174352907712, 54.24061535896893, 88.6898793509376, 62.82247552150078, 94.3209648413656, 71.52058892828106, 60.06009261408867, 90.29485758629642, 74.05145974766688, 91.82245045559581, 89.79497015245494, 90.60664696847715, 45.11551455990261, 78.09914604412023, 93.13183416907401, 57.495153886558114, 21.187127329422857, 85.56521333704805, 83.47168079294059, 44.235200014075225, 39.76795297931474, 23.01275185814605, 39.535701164679566, 9.451245352819864, 70.5843459799024, 28.931909325743586, 91.67635924172343, 18.833900960719504, 92.1054776885677, 106.54681179938132, 69.90926633930115, 96.90352746044576, 40.42204219425965, 21.859048056657464, 93.12615268294796, 87.34331148326586, 86.40862964677915, 27.332658340041387, 72.83325012120174, 84.39064247813802, 47.89567028158907, 33.510399618586106, 25.72925928887054, 32.358995374678855, 28.299423760357296, 89.78514081819034, 27.693770196032126], [56.720383813766034, 96.5491636494836, 42.290172071736606, 103.07995697483905, 25.36599968820374, 0.0, 48.451158500207335, 57.11116484887548, 19.65494773232677, 31.088912569220383, 70.99498327961349, 10.763981651927233, 93.10618466593355, 64.42693140894173, 94.33579600407117, 73.10563694472344, 42.51459596553603, 43.6564084198386, 54.714541284349544, 46.46586400940046, 65.94210555011404, 83.50298383216253, 63.11335678645554, 36.7289562351116, 60.14150295303846, 83.17335552919073, 84.56195106189313, 52.63020844272535, 54.86908147798392, 46.38134535512915, 44.88858586259833, 20.181830494547437, 84.48557372790256, 10.703200077400163, 27.898915582383253, 55.615947906151696, 90.27673533524013, 47.19267689628217, 63.93508538423681, 20.911265480003554, 47.04566367987412, 25.737445671574203, 30.416273420163915, 29.47246437428834, 11.584037481282493, 44.57742428228321, 43.43569440502219, 70.81002076780435, 58.41433781563232, 46.847880511708034, 81.39059002452292, 52.152599063562306, 94.44675826313777, 40.437396814179586, 83.20269309233208, 51.96855727979459, 35.828544701825095, 87.55133791500798, 52.12875271567705, 97.61027811863508, 85.94071683060028, 76.40810723673579, 49.267513558487906, 78.0747130945572, 95.18787069596365, 32.17466938422669, 9.069302700350253, 68.13382967474612, 66.28105211634356, 19.7051059287754, 17.404535220283165, 44.37618321531131, 14.39966360322384, 29.689239429783356, 54.48087935412978, 41.240187463419055, 97.60748191404417, 42.7739432695379, 89.31759036734361, 91.06892782032395, 45.88187161968142, 84.75947394684313, 47.59574018621044, 45.3426985283134, 99.1734276148792, 75.52297067178823, 82.16816811872985, 7.868980360226286, 61.02911055840999, 88.38563135307317, 56.63642904450484, 25.761103779765804, 50.82006825946905, 10.760989129406875, 41.671763146935184, 82.26287310173262, 7.873131750890313], [80.50869397031514, 48.491259441439475, 18.36509357312831, 87.47835106995288, 66.59321347885285, 48.451158500207335, 0.0, 23.057766626823376, 35.47232166268213, 35.22613118386739, 22.981431457664407, 54.05552042869518, 76.71899490974096, 46.66131090100001, 46.30604251744792, 34.09706085214659, 10.233007626973361, 12.236609082266561, 52.360756656225924, 75.33695435329541, 17.491499371916127, 74.4450392861623, 19.751075951280697, 20.439110076652316, 16.223718126447707, 50.96834104543622, 71.90277117867343, 6.727839195435159, 51.92866652555443, 18.355494486468, 76.99541019921696, 31.170796799378873, 38.537681595213265, 41.04558437344154, 21.161762908678327, 63.177633031505145, 44.99081313555385, 29.282420714720683, 47.755186305809644, 27.54353524341024, 74.92697743450475, 33.48696921385446, 51.29914430120441, 19.023792618675728, 46.12283063058143, 8.473475258957743, 14.794136702047224, 23.594413990284085, 21.827447867914255, 61.88774814865664, 33.18560381178323, 38.75649736718358, 79.03012473907258, 16.28548400611564, 39.81190728748061, 6.491578174652294, 53.09089083098813, 57.663402399950286, 15.657667736541708, 81.60862036649795, 54.36412511239567, 29.716338803866012, 49.18814271316826, 55.83884084106689, 72.60313747562819, 41.94428973335768, 46.60602020003447, 19.683002634076683, 17.85323043850754, 47.79141820580415, 31.458984549637762, 73.0327530704136, 38.79443616277299, 64.30239886659349, 8.225074966988089, 59.124841257279556, 81.8809179436878, 76.32742024346341, 58.97393793036372, 42.92885450294947, 25.161700604458762, 39.82005956504173, 53.60019439345033, 77.2871987381222, 83.3670540783644, 32.117753535192556, 50.75217925132405, 41.81953183619298, 21.428982752099557, 70.97657588285472, 59.742043655466304, 34.89276501053518, 85.96960242389832, 53.45500457105663, 60.68492624953414, 44.85468498189592, 41.59788262225673], [70.21084293031399, 45.95161811876276, 14.869900163683582, 64.5712127987895, 67.33266879370896, 57.11116484887548, 23.057766626823376, 0.0, 51.15561040485877, 54.872640739947904, 25.261606562553222, 58.60278463395412, 53.87268131646356, 25.032473002366928, 43.84167597297756, 16.009421160013325, 18.321091921292908, 34.806098310124725, 35.74070739486575, 68.16383938315262, 26.308938834979255, 52.85316563692759, 11.788879673848639, 41.4002291764183, 12.105786707717279, 29.080899334921142, 49.691038195585726, 28.205121088123718, 35.15368547555595, 41.323697734429196, 71.18460887299582, 46.011042490249885, 30.536848554312755, 53.45579915437589, 36.29385323100496, 48.51487929915039, 35.04343975737222, 52.13187702985237, 26.48288740295942, 38.657140875490235, 67.3376005108167, 33.43522965586376, 46.310611918004035, 31.577732620405804, 59.26224087399205, 31.080855694751985, 14.632000292892013, 22.437568270848004, 2.752426248771388, 50.8338126837788, 33.71582061928109, 21.128767408343666, 56.243642083078164, 38.17579186885722, 27.020558677785164, 28.36921856057154, 72.45179726393133, 35.30888601574234, 38.41426059967745, 58.731649184034325, 32.38309098696501, 25.089921359236047, 34.56408584687897, 32.84109134705176, 49.5653378092393, 61.557140954137736, 51.685054614140796, 27.746116220349055, 25.714040272953664, 63.492189348942006, 43.66067420326043, 66.11953223949283, 52.57953695235921, 61.98752520741585, 16.88605185576241, 50.09152454143512, 59.02430988327256, 71.35346334712044, 36.770340690059925, 41.46278997563174, 47.99037125116335, 29.62919152668489, 40.52994806852773, 71.35279471698246, 60.48598345199937, 20.08852531251272, 28.59796565389274, 49.30137568935395, 6.537294819913867, 48.124571221322874, 43.84767637815176, 34.22700731364936, 80.65541681509903, 65.24088387635213, 51.77026352175252, 25.50938303099076, 49.25674484382231], [72.67569399715553, 83.64021143340075, 37.08472651924582, 107.27567750825432, 44.651477973189415, 19.65494773232677, 35.47232166268213, 51.15561040485877, 0.0, 11.85866121277787, 58.35203049102303, 29.776015166494517, 96.67631103835241, 65.84035790596081, 81.49100036997659, 66.20895145933495, 33.3786399627029, 27.18239877443791, 61.22336812985679, 63.46760519170259, 52.25413191071104, 89.48203292726441, 53.62175063484423, 18.70147022951259, 50.21296794717415, 79.81283167738749, 89.22714672947043, 37.759449817387804, 61.16455737713612, 28.18370389140589, 62.724303883556885, 5.218093560377001, 73.86288522516304, 8.969602503639512, 15.104119960052968, 65.99575212799276, 80.19503872500783, 27.603925655692063, 65.93300111684684, 13.93330340396307, 63.783522129457374, 29.54711023575736, 42.987348796062584, 19.577878033232622, 11.658773679114299, 29.234527521022265, 36.535039268951934, 59.05674024948239, 51.567916321125224, 59.2220129407509, 68.31600331663572, 53.89252685751276, 98.44172638397012, 23.13878073737869, 74.28970025442061, 37.06069541192439, 23.42698908393076, 85.37439414894511, 34.65708618829823, 101.48430278172282, 82.96471449257852, 65.13671644605103, 56.02275211756002, 78.65652611385251, 96.35662022843532, 15.118397245935203, 24.55840604592251, 54.31578802210164, 52.799068000579986, 12.519781917491228, 9.589076119618685, 61.21190341125047, 5.287407153916058, 47.46434623260382, 43.03913193969828, 54.116835884467946, 101.5883345762234, 60.905963059907506, 87.00532858215206, 78.041330601902, 26.59619605752759, 74.87557783218203, 56.57276525042718, 63.1528082983586, 103.17301164362043, 66.44320671876314, 79.11288386431569, 18.394113709097727, 53.14737550125178, 91.37513694360396, 65.43807393675588, 30.52192977339036, 69.54487895189256, 19.451211028448242, 55.02139276267571, 76.48179781544185, 18.001165172930016], [84.33029760443331, 81.03040757812919, 42.348119804214846, 114.79692773103767, 56.334765517408876, 31.088912569220383, 35.22613118386739, 54.872640739947904, 11.85866121277787, 0.0, 56.75738718285579, 41.48536822997646, 104.04309936253965, 72.8502818626039, 78.98334543822797, 68.60938635409043, 36.55532425759102, 24.122436203540833, 70.45315167848017, 75.27389644104221, 50.00638735868287, 97.99076465366066, 54.80053926544076, 14.93863419362439, 51.267559062873154, 83.95353137436908, 97.18712535295415, 35.34395532856209, 70.31905155601619, 22.136968329153966, 74.58035438161558, 14.580294693473839, 73.3554503272291, 20.44923274213603, 19.751773715870243, 76.3958912513129, 79.92309652635205, 17.668391874555986, 73.20746608556398, 22.85611714369212, 75.56361943324696, 39.41305097270246, 54.294871456708044, 24.917365159116734, 21.174437985985268, 27.31861881111474, 40.83858261558766, 58.188418321171554, 54.69637746161801, 70.24306822938478, 65.96466940701191, 61.478053390013315, 105.97769645729159, 19.581498838713888, 75.03690790354729, 34.67267799515934, 17.887197940577547, 90.0504097353992, 29.184175646690605, 108.92686210501545, 87.24784940982659, 64.41158984139716, 65.47585187029314, 84.9276498965256, 102.58265242908726, 6.75815457010271, 36.41669373960192, 51.8390403778145, 50.7163162453281, 17.076157563902232, 19.98393709927409, 73.0069286219872, 16.80409463575139, 59.322973267744686, 43.41156741283091, 65.31400106794841, 109.07815312539324, 72.76402986630742, 91.5712856973588, 75.45819052630151, 18.046045517898403, 74.89763392426225, 66.72453928710571, 75.0080854605655, 110.65214632483143, 67.33505362255926, 83.44558752500303, 30.234071223595134, 55.49600838900902, 98.55322096778539, 75.35987835040763, 40.57643226914022, 81.37364882665982, 28.405914956168587, 66.30582614324368, 79.2596904107495, 29.84089965695029], [94.83293177810232, 25.580526344826566, 33.27696718677095, 83.36787612452011, 87.01359141104845, 70.99498327961349, 22.981431457664407, 25.261606562553222, 58.35203049102303, 56.75738718285579, 0.0, 75.64275227060135, 73.39072080509621, 48.74129298553263, 23.37799539057381, 23.212539894359796, 29.088892280446938, 32.63517838739939, 60.999889369427784, 91.77630013730564, 7.1360249560884155, 75.46899282606198, 13.491412236956968, 41.87059752547866, 13.885926893119708, 41.37552087154435, 71.35778442370453, 21.41910473206774, 60.409930615869214, 36.0554136161382, 94.29079016990177, 54.145481135704635, 17.197993220862333, 63.99718100037265, 44.12606344612771, 73.74007374098596, 23.83243706992241, 46.18717585649626, 50.455010980335416, 50.14073046100668, 91.09424160246081, 52.55398074167758, 68.61663005060232, 41.56583327037985, 69.10416920116212, 29.614077754676025, 30.327316841433397, 3.7344248771723874, 22.515859534857704, 75.464770845798, 10.434637537933355, 46.388983993609656, 75.96440409412716, 37.17672394378616, 21.514919343265266, 22.086013447359214, 74.24905904637576, 48.5056074699267, 29.73722638843759, 77.90335744748914, 44.54352264733627, 8.53501016128912, 59.695784669467486, 52.50464041842293, 66.08482710677036, 63.24749121589931, 68.20908643534274, 6.138666101642829, 6.258326760847493, 70.53533349551076, 54.309130706321206, 89.6095357409765, 61.77516619174527, 83.3121955840276, 16.639719944566703, 74.11305636127598, 78.30047935897635, 94.10120352745997, 49.233049500696275, 20.074336060395094, 42.64355500578465, 19.5781216554588, 65.47988825115253, 94.5121950782648, 79.57425419377539, 16.04144146852839, 41.85984983630593, 63.98945015525134, 18.884432516900684, 67.85352226753493, 69.10927972053555, 53.75737481003706, 103.64669923982504, 76.41660915359854, 75.78013178661203, 32.04332444478644, 63.80684749315666], [46.49902011034692, 100.89472462668948, 44.36914565646095, 97.84810151672387, 14.877005908105499, 10.763981651927233, 54.05552042869518, 58.60278463395412, 29.776015166494517, 41.48536822997646, 75.64275227060135, 0.0, 88.34557768324696, 61.56024480604839, 98.67256462708085, 74.49664491010994, 46.56898136435873, 51.26084985242087, 49.410889925193885, 35.95999650115961, 71.3110894010176, 77.65261091610603, 66.25348664929876, 45.4028981521925, 63.629933561306345, 82.34980052371925, 79.37910623109111, 59.05397270023269, 49.679403483570056, 54.88365480731528, 34.178138854139235, 29.28453668654375, 87.68295217953673, 21.056118549929657, 35.06591568905241, 48.11256608829925, 93.05575137539921, 56.90010748797863, 60.76470437074157, 27.301534016637817, 36.6229569795942, 25.253230029652734, 23.01312695034649, 35.26412604144968, 22.297907469258263, 51.56281667924868, 46.29141747156547, 74.95913684256014, 60.32243122355084, 38.54279520988953, 86.07008043905205, 49.69269351798803, 89.44231713767661, 48.593986962664765, 85.45686103831441, 58.43541047221678, 46.39436344339219, 85.98100131284603, 60.04828614763432, 92.6205320259911, 84.84248054831859, 80.1476890314427, 44.097871324248, 75.22889469581133, 91.66281140715986, 42.90422865912547, 7.458557035433359, 73.52299094478991, 71.52423426046302, 30.30631287533815, 25.29065717641151, 33.94228278547262, 24.681317234608827, 19.07816078483097, 59.009673133864204, 32.87633596358131, 92.56226881940817, 32.02527888102676, 87.78394919328913, 95.56250690883661, 55.210303269540645, 87.52993753959795, 41.21758934920117, 34.635664530195925, 94.09586679900883, 78.05364023276977, 81.20164302337813, 12.895868044136641, 63.38003425510684, 84.01480901202218, 49.9669009810732, 24.663186649462567, 40.08758324386335, 19.64170158030094, 33.01304534295408, 82.7937094625684, 13.22198974857147], [65.73865505962311, 80.48094519374798, 62.25759155947284, 10.831646506068576, 88.00671386207908, 93.10618466593355, 76.71899490974096, 53.87268131646356, 96.67631103835241, 104.04309936253965, 73.39072080509621, 88.34557768324696, 0.0, 31.223814632547818, 79.3127120816627, 50.341561359641425, 69.70963307584103, 87.83498885813638, 38.95394424876865, 72.33275247848141, 77.5224086660134, 14.222603752902932, 62.15706934225435, 92.86274555815527, 64.3924559881858, 33.81186666835546, 9.561825587359806, 82.07718265501875, 38.668371678503604, 94.62805629091156, 77.32976650244531, 91.6340672710945, 65.7013475379112, 94.96978511799291, 84.2935314153847, 44.41950324781455, 64.19431282984694, 105.09300959319859, 30.848722413983687, 82.74602670924536, 70.86424463822503, 68.50228950003918, 65.92366407620958, 79.13317922834449, 100.49540153161341, 84.26911429579879, 64.59519399359887, 69.67353441606548, 55.64343158248195, 54.75612624391836, 76.7593123763905, 42.79103310383398, 2.622031562392384, 90.55375019035485, 57.795464842305336, 82.23956614700327, 120.0005459538959, 27.82478895359276, 92.24769520556258, 4.92300704450518, 31.61307168828083, 67.79403718143696, 44.25017146677057, 21.223767074706643, 11.765560026534349, 110.17061330743996, 84.50636177156697, 78.21177368539216, 76.68700322065042, 107.21933323599364, 87.29940435053109, 71.72792298869668, 95.8216702586396, 78.89055335427759, 70.674468380818, 59.240777770287416, 5.16298824367036, 79.30200318508214, 28.211792329067755, 79.15572862700608, 100.98130359614083, 62.32522172687536, 47.76043848440661, 77.15714879022534, 6.678880109873141, 58.571960933644206, 32.790853378292645, 86.062396763204, 57.58083399083274, 5.748201212832681, 40.23527385154812, 68.0291213764315, 84.83647165019033, 103.64013989779043, 60.12685222287659, 44.20736846219463, 86.25036936807864], [54.869795610247294, 63.94201285708959, 31.1065202008495, 42.02381110709376, 64.91272823724411, 64.42693140894173, 46.66131090100001, 25.032473002366928, 65.84035790596081, 72.8502818626039, 48.74129298553263, 61.56024480604839, 31.223814632547818, 0.0, 62.1657615103663, 29.127958028892547, 38.82745459874475, 57.15170006687778, 17.805007100823918, 56.67976827992326, 51.02106129144914, 27.90798053374666, 35.66523193847395, 61.73383093469, 36.896761902873834, 24.215989967349625, 25.301726348120056, 52.563816069103076, 17.15478769702977, 64.03385396578003, 60.92602300381209, 60.72610310664068, 47.51144288070254, 64.87658883795886, 53.09859453708725, 30.46704105054927, 49.13798250637852, 74.25222513391272, 1.95157275735206, 51.92282008778007, 55.46588457393164, 38.88075518339797, 41.53188440278677, 47.933457074864094, 70.57695780771883, 53.709646044677356, 33.62434115900489, 45.349648352587145, 27.398076693818425, 37.24360898322628, 55.1853381635099, 12.321974801404822, 33.25277516737909, 59.612501956151476, 40.7544119371172, 52.620751375106195, 89.02972792454929, 25.51070572093685, 62.3189771663034, 36.12882783625912, 25.58472016026599, 45.777738438656975, 20.61100025873501, 13.697188783565808, 30.893389462783777, 79.03570656449598, 56.47607675783871, 52.24187267889486, 50.34189294699378, 76.83694761574263, 56.63190301080302, 55.19117601688266, 65.37664323060291, 56.96678747288121, 41.690522104675246, 39.29947698134564, 36.30596075917032, 62.032506884266915, 27.307539361416335, 60.74302553566631, 70.17629378961159, 45.02234973448055, 26.746820091770157, 60.933763505778764, 37.86820107419448, 37.52186278275084, 22.735001587793374, 56.914090168666924, 30.362478263834497, 25.70303988149429, 24.905246187545092, 38.695560283237555, 70.02826022760664, 74.53807918607595, 40.76205935373676, 30.1313482070854, 57.04506533892996], [113.67671340847495, 2.2223014668478993, 55.20220345682972, 87.71344039379609, 109.47579042430276, 94.33579600407117, 46.30604251744792, 43.84167597297756, 81.49100036997659, 78.98334543822797, 23.37799539057381, 98.67256462708085, 79.3127120816627, 62.1657615103663, 0.0, 33.047147681021755, 52.14520789345756, 55.07653835930806, 77.61727411111706, 112.00513959585882, 29.262532119363172, 85.22869648175737, 33.23276284139109, 64.34121388554321, 35.301902196649635, 45.58930829905276, 80.06840200008888, 43.94094255510113, 76.97030543728124, 57.32365680555475, 114.98792061646502, 77.41671431065484, 14.662308773035143, 87.34910115313795, 67.4674119605213, 90.8398796572349, 15.216597883393046, 66.31207504758467, 64.09349330132503, 73.5064964515263, 111.17180351662081, 74.88740528058544, 89.80908630295336, 64.93433295762031, 92.3977689219653, 52.41125144305681, 52.677109883427484, 23.714202007541758, 41.28107755541133, 94.38932938880615, 13.175106747885136, 63.75400618916399, 81.92160198723688, 59.575925804433105, 22.024820521726934, 44.63637838823641, 95.98355519206326, 51.60065529651096, 50.43279848798843, 83.07132589683215, 47.71562096540522, 18.98274783352185, 77.55960701277331, 60.88516112083329, 69.47674911487924, 85.2313121913248, 91.27606161936173, 27.268183202515136, 28.692929661551926, 93.5109804578442, 77.68535953361568, 109.95928336469503, 85.0646480163466, 105.10585582489536, 39.8729153049503, 93.91000663297066, 83.5608587870285, 115.08026803582675, 51.502590894036636, 3.5341421003757403, 63.30302027006835, 17.47226731108078, 83.8180532954029, 115.1644933223158, 84.52277258763279, 24.949035297071717, 46.74439759168976, 87.24787465659993, 37.52103165065321, 74.50053177528086, 85.66785347869747, 75.98760830431847, 124.44863013396879, 99.7610271991544, 95.58808648902331, 35.313549739644415, 87.07612064750359], [81.63774713807642, 34.856076700119345, 30.825038354167173, 60.18690217488727, 82.65096885392022, 73.10563694472344, 34.09706085214659, 16.009421160013325, 66.20895145933495, 68.60938635409043, 23.212539894359796, 74.49664491010994, 50.341561359641425, 29.127958028892547, 33.047147681021755, 0.0, 32.836563504503076, 46.31380252666206, 44.923991633969244, 81.14289154239682, 28.234429309747945, 53.61532276524037, 14.68047042056907, 54.2596179535633, 18.046347997373633, 18.42240747524339, 49.023121638789945, 37.03756508134539, 44.26610452527111, 51.97204159952982, 84.62599985919265, 61.17089847907971, 18.411663703663905, 69.13658993647627, 51.13672377088221, 58.17041115713798, 20.912962209194053, 62.9385356306463, 31.050824365914472, 54.28881686072665, 80.1638004370261, 49.264372941387386, 60.779594890779414, 46.75246123650603, 74.89471773376182, 42.566547671588324, 30.136931877429248, 19.478161618599565, 14.832741173140029, 62.6456600529646, 26.958368287796237, 31.773919468366458, 52.93541938723754, 50.34774273962077, 12.351230156344654, 37.45989901274011, 86.45143966862886, 25.564520346136508, 47.372307182713, 54.77689138109464, 21.726541003832082, 17.659479571912307, 45.447701147118465, 29.812189626977077, 42.89332563464984, 75.36598701692766, 67.65037781495441, 28.50531837435464, 27.315114241887045, 78.67887452628858, 59.242449533122894, 79.26187311822574, 68.04235267426564, 76.72874092351107, 26.04313171396934, 62.92955996129873, 55.18600873447689, 85.09417128264087, 26.476007615765912, 31.64774808168376, 58.90464455325811, 16.170931788385005, 51.86501211301911, 84.7435762867248, 56.43128982144442, 8.641242229862929, 18.75493576114303, 65.30508513270767, 13.151001784774179, 44.894382123210264, 52.87154707094849, 49.974089540108565, 94.08569794874455, 81.07665353440396, 64.5821228504354, 10.757777446480691, 65.25713150657877], [70.32854318564777, 54.367235367320916, 8.497292644376367, 80.5391164894227, 58.11329106768158, 42.51459596553603, 10.233007626973361, 18.321091921292908, 33.3786399627029, 36.55532425759102, 29.088892280446938, 46.56898136435873, 69.70963307584103, 38.82745459874475, 52.14520789345756, 32.836563504503076, 0.0, 18.38912246845721, 42.62753769347676, 65.40150475603878, 25.315892438266967, 66.12632577149645, 20.8018075959227, 23.455432378889366, 17.671694311687606, 47.400264944078536, 64.09260379688965, 16.944066812912684, 42.23110450385978, 25.312168168199953, 67.24619469602203, 28.378234000698697, 42.009600783026926, 36.90043605322647, 18.30057454295632, 53.079807789650275, 47.94426334843613, 35.43062462825703, 39.668423802236155, 22.18749934937055, 64.94347179902302, 24.068807656181708, 41.44852798331854, 14.069848572553996, 42.50728880078882, 15.139284660409917, 5.263205635705088, 28.456856730606205, 18.328288593250203, 51.65683741535482, 39.507194744827224, 29.612828898754312, 71.88617030913534, 20.844311832657382, 41.34219513144945, 16.652527689929226, 54.14646647587804, 53.53264407509938, 24.691046262713417, 74.63187849902059, 50.69265370409886, 33.90930976653447, 39.19865525615063, 49.465934667344825, 66.8504812960733, 43.23605299749392, 39.14910818495721, 27.49829681305136, 25.377239177319844, 45.86652798718833, 26.922832589053773, 63.11619046600293, 35.449185288238844, 55.06554360313039, 12.498156498671163, 48.954036740584485, 74.85685705673737, 66.70244111264795, 55.03358994441033, 49.00173421455863, 31.348977993459375, 42.46492492477774, 43.43366162263573, 67.52183604107266, 76.38850337337969, 33.51767396633488, 46.89311907610211, 35.1914282319, 19.7753914855082, 64.0272641942217, 49.80816413790633, 25.40063374597976, 76.34359781603825, 49.17525289728489, 50.52719184849023, 43.2043931687384, 35.04047501997942], [84.3257859992214, 57.16442664947698, 26.658203559209095, 98.64861373701042, 65.16642176113184, 43.6564084198386, 12.236609082266561, 34.806098310124725, 27.18239877443791, 24.122436203540833, 32.63517838739939, 51.26084985242087, 87.83498885813638, 57.15170006687778, 55.07653835930806, 46.31380252666206, 18.38912246845721, 0.0, 60.324075099554605, 77.70857821406761, 25.934709439242173, 84.51432057894017, 31.85629201633384, 9.274724667078289, 28.35664849348271, 63.14387925040975, 82.44184414295101, 11.2292828904929, 59.98144359367528, 6.931148720173977, 78.59900124032022, 24.0584476342875, 49.31240548414307, 34.50666352198055, 16.202772032329282, 69.77544533469181, 55.9106243120726, 17.34727468613199, 58.037059659089614, 24.051219562809074, 77.52876544873968, 35.696011193260794, 53.856022963317535, 17.361904157095378, 38.69318170153566, 3.777343855003, 23.649265414626623, 34.132221990670814, 33.83804618279206, 66.78032487027671, 41.9747042957165, 47.89105460767672, 90.0642126138165, 4.541847837437344, 51.4291598640422, 10.553243777448964, 41.71875842997153, 69.7749738633919, 8.92160936527733, 92.75019336386603, 66.53397433744765, 40.356591346117916, 56.42297522168062, 67.25696892627455, 84.3206317922275, 30.65099996847234, 44.12333912753975, 27.83012207463008, 26.62008298766623, 38.64153033407991, 26.323368129299613, 75.35694684866887, 31.534193365816744, 64.62831566353378, 20.314672124684613, 63.16731088805198, 92.99381044552474, 77.51798471838491, 71.11691262491995, 51.56888051399916, 13.207095632661478, 50.98871016666952, 59.87922502304522, 78.94486004514421, 94.50941882768696, 43.89857246949696, 62.890552863930466, 38.390453754880305, 33.64949537900288, 82.12096036066191, 67.06419965811362, 37.17333018001991, 87.02310158302643, 46.42013021022151, 64.58455866568806, 57.07101104425657, 38.0839894521955], [37.21241162780348, 79.54491252043128, 34.142642127224576, 48.506908289588814, 49.78439643249121, 54.714541284349544, 52.360756656225924, 35.74070739486575, 61.22336812985679, 70.45315167848017, 60.999889369427784, 49.410889925193885, 38.95394424876865, 17.805007100823918, 77.61727411111706, 44.923991633969244, 42.62753769347676, 60.324075099554605, 0.0, 38.99253674298266, 61.551599472855315, 28.84461629016207, 47.51403642615964, 62.36994912276391, 47.59373725089947, 41.99142000780807, 29.997409089860717, 58.979887105503, 0.6665657955526572, 67.16178137092231, 43.37544384913786, 56.603879053641116, 63.17496800745426, 57.91065467067204, 51.51034369950428, 13.247605149359375, 65.6585352106923, 76.05516607142148, 16.05025026236849, 47.76042718121331, 37.74413790378992, 31.73623978933063, 27.063450196995696, 46.73977211986522, 63.08690440962116, 57.512727362622485, 37.61459386404601, 58.07776972174767, 38.484147684857575, 19.528973685245298, 69.00584051505957, 14.641158793469996, 40.03519015693021, 61.56209338489074, 57.11452455940436, 58.82814844995278, 84.5556384359199, 42.639254416810424, 67.31085516534287, 43.21342710512563, 43.17740242732724, 59.88507167856574, 5.450069578870641, 29.181871132885156, 43.34807950669184, 75.82783064875163, 45.8946095109058, 63.19213543655332, 61.06845463788722, 70.41170848908077, 51.634867758001796, 37.600499650692015, 59.36658496279159, 41.09899028805729, 49.91189240133573, 22.205204336765018, 43.16238252466312, 44.6464979508453, 44.38139364764351, 75.7748533779524, 72.27545004746082, 61.09486364032763, 9.576857118334615, 43.35637038379557, 44.70321686009362, 52.66892602042586, 40.49628017120288, 48.11397172255777, 42.15716547477721, 34.83670821979311, 8.136403170956267, 30.9095156712749, 52.34728674236187, 65.40551040521397, 23.521907712849107, 47.60862137521989, 48.34767393619526], [11.355293401135965, 114.10949054262386, 58.90298064699531, 79.24679162090275, 24.50714479332289, 46.46586400940046, 75.33695435329541, 68.16383938315262, 63.46760519170259, 75.27389644104221, 91.77630013730564, 35.95999650115961, 72.33275247848141, 56.67976827992326, 112.00513959585882, 81.14289154239682, 65.40150475603878, 77.70857821406761, 38.99253674298266, 0.0, 89.9109542977296, 58.70033168451364, 79.22042546129293, 74.87851948813083, 77.95544945033588, 80.89255526294457, 62.7979931894208, 81.7587044061033, 39.617847332719556, 83.1754116152733, 5.071395216936656, 61.27066256348775, 98.38208115730544, 55.705531462260765, 62.82388503715756, 28.384568576951573, 102.00050371945227, 88.19743039994036, 54.99844330696539, 55.44783512827807, 1.4965265977969464, 42.226903098680495, 24.072813530033265, 60.388658688360614, 58.03400803426494, 76.51323217986868