instance_id,num_cities,city_coordinates,distance_matrix,best_route,total_distance
2670,36,"[[60.889321616528, 8.460224171393548], [56.01891910838581, 31.768957586526724], [2.9746867021042345, 92.67795471633251], [99.1485476964456, 37.99786104730673], [51.794415494171986, 47.456727519448116], [5.187663281011123, 91.60261988329714], [78.29807081042915, 46.72583535107698], [37.95057125739888, 41.30306405305034], [73.1605287646465, 59.32568978563808], [66.96187161285204, 10.878486725063253], [65.29498084525974, 92.98434501480074], [97.94526898360073, 76.95668645570723], [39.93361936144662, 82.67605790500058], [6.4261390317407745, 70.80531836737207], [52.61851116476402, 91.65242037380821], [80.02909978207768, 37.23889106688778], [0.16704124226799566, 42.11837691086554], [65.75030714728804, 41.47594581216959], [25.344044360269812, 81.18443131698089], [43.232352815659624, 37.73021724602024], [23.318647633030377, 90.13257637797015], [3.318163523200701, 37.08058129130952], [46.63711824618589, 98.87172236607586], [61.153676437252024, 12.01730476715488], [7.017780116284911, 49.23805291761744], [42.077236801207555, 70.6304255501265], [31.76811569063469, 93.85708472864334], [48.05842181528054, 34.48224195471342], [74.65302421383247, 50.924841576596066], [33.50966867598984, 7.597618056713628], [19.12016225616159, 14.107560743978064], [76.30344902770379, 17.025611707392674], [66.21035269316133, 37.33025584551676], [5.883509436990475, 55.97563884047927], [22.869957800780828, 64.03653162012226], [79.18302157721702, 63.50952598674235]]","[[0.0, 23.812137115535506, 102.20925141791685, 48.33467050107566, 40.04303423504892, 100.07663416622994, 42.03952363491846, 40.06043434026387, 52.32473714244466, 6.536348922474699, 84.63886127300279, 77.87752294942149, 77.11764670798783, 82.78374857162065, 83.60231943259747, 34.56215815756111, 69.42669932874432, 33.371650480482174, 80.94613665999485, 34.18334450903735, 89.89954759913624, 64.29279186563927, 91.52794276458219, 3.566890219222035, 67.56459354476112, 64.95404894670554, 90.22565282453017, 29.0134003388963, 44.63948073798881, 27.39323793299001, 42.14920027753475, 17.634091626443652, 29.356295757185972, 72.68668381970474, 67.3364535343952, 58.009353457947434], [23.812137115535506, 0.0, 80.76878433485489, 43.57710523276761, 16.246616763338086, 78.51040512462012, 26.834097581740263, 20.429497795571763, 32.45317043219584, 23.583044382111865, 61.914206603492744, 61.64210942378192, 53.38791746063937, 63.11324186525995, 59.97992905613321, 24.625372043136757, 56.80266491567749, 13.745018500404381, 58.162161108557605, 14.107901838550841, 66.90007289229865, 52.96775420603209, 67.75543689238137, 20.40817291977273, 52.021927244287355, 41.286610394172335, 66.65610998567234, 8.410197929667447, 26.724104559775768, 33.02907824468953, 40.90774004598093, 25.07645113965462, 11.610054127278474, 55.67335736462369, 46.260674117296006, 39.29426581010617], [102.20925141791685, 80.76878433485489, 0.0, 110.63147916489379, 66.54566333370857, 2.460408572154155, 88.23383403031372, 62.15055825243644, 77.70730983656142, 103.85332347333384, 62.32104730429695, 96.26302392200776, 38.28838783681466, 22.143277626350148, 49.65441599663695, 94.92561484355193, 50.637474076964054, 81.00879111614836, 25.149338801852704, 68.11705758484335, 20.50257781949513, 55.598434403210334, 44.099554261246496, 99.45318143139615, 43.6276480300944, 44.88989826884874, 28.81756236227274, 73.61578740723976, 82.95243531871056, 90.39385383011174, 80.21211373500672, 105.35836173245366, 84.0364041569309, 36.81740404148424, 34.873384250255405, 81.59967854710283], [48.33467050107566, 43.57710523276761, 110.63147916489379, 0.0, 48.28958471107624, 108.17632814065807, 22.603537816491915, 61.28716576203614, 33.61924161386068, 42.0885088942354, 64.57226500329058, 38.97740315699621, 74.1791683168119, 98.35534720792987, 71.02011008271313, 19.13450610759016, 99.06723611224976, 33.578855629859746, 85.51131249347708, 55.91683541788111, 92.02283567809053, 95.83477413205746, 80.39326597897575, 46.028247268702636, 92.81390115812927, 65.74206258805401, 87.52357103987077, 51.21094160584727, 27.697247088688748, 72.33696989056932, 83.51819517184197, 31.011832831357683, 32.94495996020998, 94.98193436605888, 80.60046923976698, 32.39548241961566], [40.04303423504892, 16.246616763338086, 66.54566333370857, 48.28958471107624, 0.0, 64.19539831218059, 26.51373131953994, 15.149904201337865, 24.441421021761162, 39.59822501986782, 47.48714794133387, 54.773614588081465, 37.16288091239391, 51.0238885597261, 44.203375442959384, 30.02668111212059, 51.90263730646365, 15.183433790273916, 42.862339373572134, 12.958160340490942, 51.30397090944367, 49.57430196887105, 51.67300465410195, 36.654446529942625, 44.81205413656477, 25.12854636002786, 50.53756853037227, 13.501663765559625, 23.120203453082446, 43.85294258504521, 46.688047177835024, 39.07359126461909, 17.617169860341892, 46.6945729725301, 33.339378471613806, 31.74630816022196], [100.07663416622994, 78.51040512462012, 2.460408572154155, 108.17632814065807, 64.19539831218059, 0.0, 85.78494902410853, 60.02877189972627, 75.24699767157198, 101.64860298682888, 60.1231967638819, 93.90674513389588, 35.874294037596364, 20.834144391585767, 47.43087402800587, 92.50219255978355, 49.73828453224497, 78.6162660364033, 22.689608881944622, 65.95175636554853, 18.190481617613127, 54.554080705027374, 42.08202903633796, 97.2934582114347, 42.404078363057394, 42.4343442231673, 26.67588915180083, 71.41876162471502, 80.49918022872197, 88.65086757318002, 78.73753056007745, 103.04943052165993, 81.66552590500538, 35.63377583274182, 32.749851322059854, 79.14881536741109], [42.03952363491846, 26.834097581740263, 88.23383403031372, 22.603537816491915, 26.51373131953994, 85.78494902410853, 0.0, 40.71028332906171, 13.607008122446082, 37.59709850190725, 48.05132740051115, 36.05435832969712, 52.576131815282636, 75.79839101150155, 51.747829185386806, 9.643576782086441, 78.26676468756804, 13.601754045591829, 63.17850705125584, 36.20118400799521, 70.04914089048677, 75.59773424302368, 61.004995286093504, 38.71191488053883, 71.32454751727023, 43.39790604289657, 66.22983762127487, 32.624254023736235, 5.560397285564145, 59.472837114023434, 67.5720112117537, 29.767126172020486, 15.309795672308239, 73.00292845838497, 58.068372778385005, 16.807004766268133], [40.06043434026387, 20.429497795571763, 62.15055825243644, 61.28716576203614, 15.149904201337865, 60.02877189972627, 40.71028332906171, 0.0, 39.55447061912366, 42.03939169280381, 58.46940685141317, 69.78928675441215, 41.420491306314545, 43.176067870720075, 52.442407868448555, 42.27434286731919, 37.79232561592915, 27.800273445601714, 41.82640284854233, 6.376711592638366, 50.974645293899286, 34.88886679359116, 58.22032736553692, 37.363615817245794, 31.934332873266392, 29.616270880896586, 52.91642321629146, 12.193943455569649, 37.94270227239792, 33.996745514086136, 33.07838725493792, 45.39094541491318, 28.53766724613121, 35.26444249788432, 27.280679057733156, 46.83206071687198], [52.32473714244466, 32.45317043219584, 77.70730983656142, 33.61924161386068, 24.441421021761162, 75.24699767157198, 13.607008122446082, 39.55447061912366, 0.0, 48.84214199723497, 34.565472887084994, 30.416038389327372, 40.61117087450438, 67.71455268550415, 38.30133153813345, 23.13015230092715, 74.99427202826853, 19.32678825715078, 52.575857217244206, 36.9060990873176, 58.59417527579819, 73.29939177403838, 47.61701374911947, 48.80827589527113, 66.90757517905867, 33.075188434675496, 53.9050006659812, 35.31731407433586, 8.532396691270588, 65.17656105198385, 70.4630428409077, 42.416677771904695, 23.06738090115317, 67.36037537713817, 50.510727164248344, 7.333137461900882], [6.536348922474699, 23.583044382111865, 103.85332347333384, 42.0885088942354, 39.59822501986782, 101.64860298682888, 37.59709850190725, 42.03939169280381, 48.84214199723497, 0.0, 82.12277692775335, 72.98150034273476, 76.71647572134535, 85.18098420315089, 82.03755448595253, 29.421478023564443, 73.73927110472466, 30.621436789304376, 81.70048586261632, 35.83441773374308, 90.47619425055346, 68.82638548594036, 90.31004992795972, 5.918786846208999, 71.16705996336898, 64.72665017643821, 90.13350199871496, 30.240331929238863, 40.77823396404574, 33.61270564158693, 47.95055863271743, 11.182674731299613, 26.462442636469348, 75.92311541952614, 69.06427876026959, 54.031313145396574], [84.63886127300279, 61.914206603492744, 62.32104730429695, 64.57226500329058, 47.48714794133387, 60.1231967638819, 48.05132740051115, 58.46940685141317, 34.565472887084994, 82.12277692775335, 0.0, 36.37206557790708, 27.37625685609178, 62.90826463583676, 12.746250696177695, 57.65977711284688, 82.63773489200616, 51.510411670447084, 41.65711571032848, 59.49603508689648, 42.07309275893704, 83.4647032213247, 19.56468882559153, 81.07288084596284, 72.86954231403753, 32.22982087955598, 33.53822239929436, 60.9884827622973, 43.087989105508726, 91.11091707535851, 91.39836414642234, 76.75229988338998, 55.66161645948259, 69.99548033689645, 51.36008645492815, 32.58285794876345], [77.87752294942149, 61.64210942378192, 96.26302392200776, 38.97740315699621, 54.773614588081465, 93.90674513389588, 36.05435832969712, 69.78928675441215, 30.416038389327372, 72.98150034273476, 36.37206557790708, 0.0, 58.29290438516994, 91.72562606220585, 47.64954952314972, 43.57169252399694, 103.79927568233863, 47.91031751361719, 72.72421634792208, 67.32175786667095, 75.78084645505744, 102.68589411840253, 55.792428976036064, 74.63742074983587, 95.05856551060909, 56.22507089349376, 68.30109135105081, 65.51927927002356, 34.93115535199062, 94.6711516576114, 100.81373940748803, 63.71893040134561, 50.76769558356412, 94.42230631503526, 76.17895214672313, 23.083501736444667], [77.11764670798783, 53.38791746063937, 38.28838783681466, 74.1791683168119, 37.16288091239391, 35.874294037596364, 52.576131815282636, 41.420491306314545, 40.61117087450438, 76.71647572134535, 27.37625685609178, 58.29290438516994, 0.0, 35.54807583000577, 15.539677063352617, 60.598545200654, 56.80058294534272, 48.620475159067006, 14.665628134964093, 45.066730910333334, 18.211451157823955, 58.47768030515733, 17.52816147328172, 73.77635269715803, 46.920705991593806, 12.234882694853937, 13.845245069303111, 48.873881683000974, 47.04866429174175, 75.35276552630316, 71.65778952489876, 75.05161954213627, 52.40904959073322, 43.27034046652047, 25.270545818830524, 43.67918863794214], [82.78374857162065, 63.11324186525995, 22.143277626350148, 98.35534720792987, 51.0238885597261, 20.834144391585767, 75.79839101150155, 43.176067870720075, 67.71455268550415, 85.18098420315089, 62.90826463583676, 91.72562606220585, 35.54807583000577, 0.0, 50.67876187657367, 80.89561714292272, 29.36182751919941, 66.17831228645514, 21.578070526345144, 49.48393362794824, 25.669042620496604, 33.8676453656175, 49.03718877345023, 80.31895102359688, 21.575378980520835, 35.651526750836396, 34.25784163304165, 55.250455652858285, 71.06434562478505, 68.76576878471532, 58.10141087050527, 88.17650084180788, 68.518114495048, 14.839603827172821, 17.782453422932914, 73.12176518792117], [83.60231943259747, 59.97992905613321, 49.65441599663695, 71.02011008271313, 44.203375442959384, 47.43087402800587, 51.747829185386806, 52.442407868448555, 38.30133153813345, 82.03755448595253, 12.746250696177695, 47.64954952314972, 15.539677063352617, 50.67876187657367, 0.0, 60.927600806060745, 72.14414847247973, 51.86639244406152, 29.214300168980827, 54.73302438847034, 29.33925576339489, 73.54325188911032, 9.375253730005188, 80.09120228785261, 62.276843520400924, 23.516860580755104, 20.96662911259398, 57.351754248204166, 46.30610586081162, 86.19952235265941, 84.47096918239146, 78.29519048642203, 55.996747362430185, 58.79619993734185, 40.59080855200736, 38.70007387505697], [34.56215815756111, 24.625372043136757, 94.92561484355193, 19.13450610759016, 30.02668111212059, 92.50219255978355, 9.643576782086441, 42.27434286731919, 23.13015230092715, 29.421478023564443, 57.65977711284688, 43.57169252399694, 60.598545200654, 80.89561714292272, 60.927600806060745, 0.0, 80.01098534774815, 14.894178460789234, 70.15458498458067, 36.8000270207088, 77.54880610774865, 76.71109961210654, 70.09729185102314, 31.502539928095697, 73.99076080471524, 50.55035587277364, 74.39584960866145, 32.089302952608676, 14.70399367075719, 55.16033480770155, 65.15333539461746, 20.55376208893539, 13.81904912178143, 76.47636422289357, 63.129082452213815, 26.284255884864276], [69.42669932874432, 56.80266491567749, 50.637474076964054, 99.06723611224976, 51.90263730646365, 49.73828453224497, 78.26676468756804, 37.79232561592915, 74.99427202826853, 73.73927110472466, 82.63773489200616, 103.79927568233863, 56.80058294534272, 29.36182751919941, 72.14414847247973, 80.01098534774815, 0.0, 65.58641234650007, 46.476209966663994, 43.288301031080834, 53.30441097076018, 5.942133988207299, 73.35127999638793, 68.01061841070803, 9.88040533384563, 50.68926325560611, 60.626081787829534, 48.49633893664233, 75.0047697093255, 47.99389123680729, 33.8205058877371, 80.16482680095297, 66.21665266937113, 14.990053929429195, 31.556741373622668, 81.86028589663877], [33.371650480482174, 13.745018500404381, 81.00879111614836, 33.578855629859746, 15.183433790273916, 78.6162660364033, 13.601754045591829, 27.800273445601714, 19.32678825715078, 30.621436789304376, 51.510411670447084, 47.91031751361719, 48.620475159067006, 66.17831228645514, 51.86639244406152, 14.894178460789234, 65.58641234650007, 0.0, 56.65183045144599, 22.82736843730723, 64.55937907965573, 62.58667419483084, 60.49453823441543, 29.8151060052362, 59.243227783131104, 37.55526525537285, 62.438554198376224, 19.024055830624015, 12.982295726640105, 46.76750859884511, 54.06846505874062, 26.630577188326246, 4.17113739930535, 61.59768312202093, 48.453115401143165, 25.80535743339642], [80.94613665999485, 58.162161108557605, 25.149338801852704, 85.51131249347708, 42.862339373572134, 22.689608881944622, 63.17850705125584, 41.82640284854233, 52.575857217244206, 81.70048586261632, 41.65711571032848, 72.72421634792208, 14.665628134964093, 21.578070526345144, 29.214300168980827, 70.15458498458067, 46.476209966663994, 56.65183045144599, 0.0, 46.9921301913421, 9.17450445175208, 49.29796155761089, 27.680954827579125, 77.88723351518193, 36.82964911556551, 19.783497339759005, 14.20791458834603, 51.933009102090246, 57.85342051646947, 74.03847990245967, 67.36500036601507, 81.93421176623947, 59.94367241870425, 31.846438382078134, 17.325460118489445, 56.666019325516906], [34.18334450903735, 14.107901838550841, 68.11705758484335, 55.91683541788111, 12.958160340490942, 65.95175636554853, 36.20118400799521, 6.376711592638366, 36.9060990873176, 35.83441773374308, 59.49603508689648, 67.32175786667095, 45.066730910333334, 49.48393362794824, 54.73302438847034, 36.8000270207088, 43.288301031080834, 22.82736843730723, 46.9921301913421, 0.0, 56.05856666642958, 39.91947561965081, 61.23623172585569, 31.342107594985308, 37.999020482675355, 32.92047993970359, 57.28572235968343, 5.817240366534772, 34.078683987750765, 31.6623454719196, 33.75540895606246, 39.01766388671225, 22.981480533080564, 41.567192723155, 33.26633894330796, 44.23825656095288], [89.89954759913624, 66.90007289229865, 20.50257781949513, 92.02283567809053, 51.30397090944367, 18.190481617613127, 70.04914089048677, 50.974645293899286, 58.59417527579819, 90.47619425055346, 42.07309275893704, 75.78084645505744, 18.211451157823955, 25.669042620496604, 29.33925576339489, 77.54880610774865, 53.30441097076018, 64.55937907965573, 9.17450445175208, 56.05856666642958, 0.0, 56.69685659101934, 24.90228391810722, 86.79565117819972, 44.02363377605064, 27.05953721874077, 9.233930523385474, 60.90169248887131, 64.5946180977524, 83.1617475465108, 76.14085816175519, 90.28852342450867, 68.02781355134981, 38.34945144138392, 26.09990181148513, 61.88388391422903], [64.29279186563927, 52.96775420603209, 55.598434403210334, 95.83477413205746, 49.57430196887105, 54.554080705027374, 75.59773424302368, 34.88886679359116, 73.29939177403838, 68.82638548594036, 83.4647032213247, 102.68589411840253, 58.47768030515733, 33.8676453656175, 73.54325188911032, 76.71109961210654, 5.942133988207299, 62.58667419483084, 49.29796155761089, 39.91947561965081, 56.69685659101934, 0.0, 75.46308338262966, 63.03264538441678, 12.707921910379607, 51.262635624407565, 63.5056778634703, 44.81564547510301, 72.66585093837823, 42.19919554308383, 27.88302058645388, 75.6905126497744, 62.892684757236516, 19.068408414019107, 33.300088852767864, 80.33657825219028], [91.52794276458219, 67.75543689238137, 44.099554261246496, 80.39326597897575, 51.67300465410195, 42.08202903633796, 61.004995286093504, 58.22032736553692, 47.61701374911947, 90.31004992795972, 19.56468882559153, 55.792428976036064, 17.52816147328172, 49.03718877345023, 9.375253730005188, 70.09729185102314, 73.35127999638793, 60.49453823441543, 27.680954827579125, 61.23623172585569, 24.90228391810722, 75.46308338262966, 0.0, 88.05918644958265, 63.50742552466019, 28.607050960188275, 15.691839523514854, 64.40516509939826, 55.5319220325445, 92.2132964907685, 89.11871836182368, 87.05674593040938, 64.5791267223192, 59.16866242199404, 42.170705826967115, 48.05955426763102], [3.566890219222035, 20.40817291977273, 99.45318143139615, 46.028247268702636, 36.654446529942625, 97.2934582114347, 38.71191488053883, 37.363615817245794, 48.80827589527113, 5.918786846208999, 81.07288084596284, 74.63742074983587, 73.77635269715803, 80.31895102359688, 80.09120228785261, 31.502539928095697, 68.01061841070803, 29.8151060052362, 77.88723351518193, 31.342107594985308, 86.79565117819972, 63.03264538441678, 88.05918644958265, 0.0, 65.69687483704733, 61.6393419587431, 86.95551025977586, 26.00305936722093, 41.182870358573695, 27.995085206571076, 42.08545454739174, 15.956150787393485, 25.813087127513803, 70.61959002103308, 64.58825802742302, 54.557365518350615], [67.56459354476112, 52.021927244287355, 43.6276480300944, 92.81390115812927, 44.81205413656477, 42.404078363057394, 71.32454751727023, 31.934332873266392, 66.90757517905867, 71.16705996336898, 72.86954231403753, 95.05856551060909, 46.920705991593806, 21.575378980520835, 62.276843520400924, 73.99076080471524, 9.88040533384563, 59.243227783131104, 36.82964911556551, 37.999020482675355, 44.02363377605064, 12.707921910379607, 63.50742552466019, 65.69687483704733, 0.0, 41.070659964140944, 51.02388764878923, 43.612707187679796, 67.65627465442434, 49.35327724543729, 37.1566835686629, 76.40775670849749, 60.37844217416603, 6.832395922504271, 21.686090225057146, 73.56287799343764], [64.95404894670554, 41.286610394172335, 44.88989826884874, 65.74206258805401, 25.12854636002786, 42.4343442231673, 43.39790604289657, 29.616270880896586, 33.075188434675496, 64.72665017643821, 32.22982087955598, 56.22507089349376, 12.234882694853937, 35.651526750836396, 23.516860580755104, 50.55035587277364, 50.68926325560611, 37.55526525537285, 19.783497339759005, 32.92047993970359, 27.05953721874077, 51.262635624407565, 28.607050960188275, 61.6393419587431, 41.070659964140944, 0.0, 25.4117231739101, 36.639674553962166, 38.07219412235643, 63.6124047971926, 61.00706121065767, 63.59960432649962, 41.12552230683861, 39.04803034751599, 20.30760950383822, 37.782885999289945], [90.22565282453017, 66.65610998567234, 28.81756236227274, 87.52357103987077, 50.53756853037227, 26.67588915180083, 66.22983762127487, 52.91642321629146, 53.9050006659812, 90.13350199871496, 33.53822239929436, 68.30109135105081, 13.845245069303111, 34.25784163304165, 20.96662911259398, 74.39584960866145, 60.626081787829534, 62.438554198376224, 14.20791458834603, 57.28572235968343, 9.233930523385474, 63.5056778634703, 15.691839523514854, 86.95551025977586, 51.02388764878923, 25.4117231739101, 0.0, 61.56903465268537, 60.681899122469396, 86.27704559920068, 80.7462525561484, 88.80580590287455, 66.19327815813693, 45.88046189266298, 31.119810435330336, 56.29518293625656], [29.0134003388963, 8.410197929667447, 73.61578740723976, 51.21094160584727, 13.501663765559625, 71.41876162471502, 32.624254023736235, 12.193943455569649, 35.31731407433586, 30.240331929238863, 60.9884827622973, 65.51927927002356, 48.873881683000974, 55.250455652858285, 57.351754248204166, 32.089302952608676, 48.49633893664233, 19.024055830624015, 51.933009102090246, 5.817240366534772, 60.90169248887131, 44.81564547510301, 64.40516509939826, 26.00305936722093, 43.612707187679796, 36.639674553962166, 61.56903465268537, 0.0, 31.267106662794994, 30.568762160822324, 35.391390206518196, 33.204148864595275, 18.373997325502437, 47.33592022772446, 38.831878103391276, 42.55965141559336], [44.63948073798881, 26.724104559775768, 82.95243531871056, 27.697247088688748, 23.120203453082446, 80.49918022872197, 5.560397285564145, 37.94270227239792, 8.532396691270588, 40.77823396404574, 43.087989105508726, 34.93115535199062, 47.04866429174175, 71.06434562478505, 46.30610586081162, 14.70399367075719, 75.0047697093255, 12.982295726640105, 57.85342051646947, 34.078683987750765, 64.5946180977524, 72.66585093837823, 55.5319220325445, 41.182870358573695, 67.65627465442434, 38.07219412235643, 60.681899122469396, 31.267106662794994, 0.0, 59.74967784729202, 66.62890457689959, 33.93938254876381, 16.00285798242353, 68.95474396764257, 53.4172479910377, 13.375169449963982], [27.39323793299001, 33.02907824468953, 90.39385383011174, 72.33696989056932, 43.85294258504521, 88.65086757318002, 59.472837114023434, 33.996745514086136, 65.17656105198385, 33.61270564158693, 91.11091707535851, 94.6711516576114, 75.35276552630316, 68.76576878471532, 86.19952235265941, 55.16033480770155, 47.99389123680729, 46.76750859884511, 74.03847990245967, 31.6623454719196, 83.1617475465108, 42.19919554308383, 92.2132964907685, 27.995085206571076, 49.35327724543729, 63.6124047971926, 86.27704559920068, 30.568762160822324, 59.74967784729202, 0.0, 15.793582519420546, 43.820026255902484, 44.19688320539196, 55.71030038738807, 57.433042856233484, 72.19554427813426], [42.14920027753475, 40.90774004598093, 80.21211373500672, 83.51819517184197, 46.688047177835024, 78.73753056007745, 67.5720112117537, 33.07838725493792, 70.4630428409077, 47.95055863271743, 91.39836414642234, 100.81373940748803, 71.65778952489876, 58.10141087050527, 84.47096918239146, 65.15333539461746, 33.8205058877371, 54.06846505874062, 67.36500036601507, 33.75540895606246, 76.14085816175519, 27.88302058645388, 89.11871836182368, 42.08545454739174, 37.1566835686629, 61.00706121065767, 80.7462525561484, 35.391390206518196, 66.62890457689959, 15.793582519420546, 0.0, 57.25769212447807, 52.50504359746719, 43.91064724357857, 50.069582576423606, 77.76953927900168], [17.634091626443652, 25.07645113965462, 105.35836173245366, 31.011832831357683, 39.07359126461909, 103.04943052165993, 29.767126172020486, 45.39094541491318, 42.416677771904695, 11.182674731299613, 76.75229988338998, 63.71893040134561, 75.05161954213627, 88.17650084180788, 78.29519048642203, 20.55376208893539, 80.16482680095297, 26.630577188326246, 81.93421176623947, 39.01766388671225, 90.28852342450867, 75.6905126497744, 87.05674593040938, 15.956150787393485, 76.40775670849749, 63.59960432649962, 88.80580590287455, 33.204148864595275, 33.93938254876381, 43.820026255902484, 57.25769212447807, 0.0, 22.67485760030725, 80.4740486469265, 71.16996962018973, 46.57302035296657], [29.356295757185972, 11.610054127278474, 84.0364041569309, 32.94495996020998, 17.617169860341892, 81.66552590500538, 15.309795672308239, 28.53766724613121, 23.06738090115317, 26.462442636469348, 55.66161645948259, 50.76769558356412, 52.40904959073322, 68.518114495048, 55.996747362430185, 13.81904912178143, 66.21665266937113, 4.17113739930535, 59.94367241870425, 22.981480533080564, 68.02781355134981, 62.892684757236516, 64.5791267223192, 25.813087127513803, 60.37844217416603, 41.12552230683861, 66.19327815813693, 18.373997325502437, 16.00285798242353, 44.19688320539196, 52.50504359746719, 22.67485760030725, 0.0, 63.14252389858552, 50.90790700055113, 29.21719225221021], [72.68668381970474, 55.67335736462369, 36.81740404148424, 94.98193436605888, 46.6945729725301, 35.63377583274182, 73.00292845838497, 35.26444249788432, 67.36037537713817, 75.92311541952614, 69.99548033689645, 94.42230631503526, 43.27034046652047, 14.839603827172821, 58.79619993734185, 76.47636422289357, 14.990053929429195, 61.59768312202093, 31.846438382078134, 41.567192723155, 38.34945144138392, 19.068408414019107, 59.16866242199404, 70.61959002103308, 6.832395922504271, 39.04803034751599, 45.88046189266298, 47.33592022772446, 68.95474396764257, 55.71030038738807, 43.91064724357857, 80.4740486469265, 63.14252389858552, 0.0, 18.802058940994108, 73.685669811218], [67.3364535343952, 46.260674117296006, 34.873384250255405, 80.60046923976698, 33.339378471613806, 32.749851322059854, 58.068372778385005, 27.280679057733156, 50.510727164248344, 69.06427876026959, 51.36008645492815, 76.17895214672313, 25.270545818830524, 17.782453422932914, 40.59080855200736, 63.129082452213815, 31.556741373622668, 48.453115401143165, 17.325460118489445, 33.26633894330796, 26.09990181148513, 33.300088852767864, 42.170705826967115, 64.58825802742302, 21.686090225057146, 20.30760950383822, 31.119810435330336, 38.831878103391276, 53.4172479910377, 57.433042856233484, 50.069582576423606, 71.16996962018973, 50.90790700055113, 18.802058940994108, 0.0, 56.315529712740734], [58.009353457947434, 39.29426581010617, 81.59967854710283, 32.39548241961566, 31.74630816022196, 79.14881536741109, 16.807004766268133, 46.83206071687198, 7.333137461900882, 54.031313145396574, 32.58285794876345, 23.083501736444667, 43.67918863794214, 73.12176518792117, 38.70007387505697, 26.284255884864276, 81.86028589663877, 25.80535743339642, 56.666019325516906, 44.23825656095288, 61.88388391422903, 80.33657825219028, 48.05955426763102, 54.557365518350615, 73.56287799343764, 37.782885999289945, 56.29518293625656, 42.55965141559336, 13.375169449963982, 72.19554427813426, 77.76953927900168, 46.57302035296657, 29.21719225221021, 73.685669811218, 56.315529712740734, 0.0]]",Route_0,1825.814314054906
