instance_id,num_cities,city_coordinates,distance_matrix,best_route,total_distance
277,77,"[[23.357823475687177, 58.47966163360524], [29.2110252661804, 78.13561552008527], [66.10366860052747, 74.16168175225799], [94.56990614221623, 13.500734777415857], [23.211630446877518, 40.48907694898878], [15.01591060969012, 14.44952216066292], [98.33510914617005, 8.532951811478052], [5.189108129920661, 26.57259842842897], [39.76228419122212, 49.38606045864427], [60.65497635428025, 49.58741573455113], [89.06690914529999, 95.95398871638535], [17.315721370444027, 37.606018018351875], [38.41232959197263, 65.59757338200272], [43.546532878984834, 3.8819477055124008], [41.28801338680166, 94.53872161979882], [38.87993224475531, 62.33916861313092], [50.61898103879554, 16.20241550838325], [60.560231322921666, 90.52192630439662], [60.173887570388274, 95.96540549524252], [65.58211185778646, 21.64409361609996], [81.77946484397495, 13.334511934658], [61.032360549807684, 45.92493632468278], [70.19743852008281, 36.22464424692511], [22.199366752822336, 76.08776267158443], [60.61129453479799, 10.310926787398799], [17.90020001375794, 3.6057696857056176], [25.854982797876712, 87.23825305175818], [38.302391236333975, 83.91396421308485], [64.03944751379427, 56.49114756942153], [10.595409245090458, 46.13421964723179], [42.79109353287408, 99.36803256926542], [45.24933444510676, 17.104958223211487], [93.551334422542, 69.14392596596052], [0.7313673446906144, 66.33190347957193], [14.36035651569897, 65.26232492951459], [4.603755904752749, 9.414887029343378], [22.51679463417754, 9.731736122811796], [18.61499350321982, 32.678864346237916], [8.667171869771606, 11.732642948078498], [90.80052038729467, 13.957571932036783], [41.36066239452922, 79.79586113247092], [23.712958505240834, 73.39184217400376], [7.040184988325082, 31.282512808132047], [98.5562879755418, 72.04102229584011], [56.91121896374403, 69.86902860472458], [12.501211443394167, 3.1656513977927347], [46.61364190231404, 62.31203459800982], [1.9423967710191392, 56.75995630799153], [85.75063960344862, 23.088329475686344], [32.66799360860527, 71.10298139710589], [50.19080932578497, 26.317949633269897], [68.0916020110013, 56.662558829350914], [96.2046025019151, 35.82909431095735], [2.695591243805995, 87.33912516986493], [49.87494535567117, 22.129177288354917], [96.93929208085768, 96.56884708483491], [20.430501492551333, 0.7623888110347643], [12.04580421451481, 94.99702192932324], [42.91607450399282, 13.68054150583401], [64.89501516966534, 82.30797386675567], [72.51188241103084, 56.016169290624184], [84.73832652529613, 33.63584077784355], [72.37640696454744, 54.50756288629459], [92.69963710098205, 12.580584045657272], [18.888555771619753, 15.832365268524162], [53.73683405749746, 6.236843078181231], [50.365425203088655, 39.31781723766263], [3.782127411884606, 47.31865402860337], [90.93450784288954, 41.29594633343571], [78.2179733022185, 97.8602680569119], [30.392999362470253, 27.63407271551287], [47.43702945040329, 16.318367720530937], [14.814154790101986, 96.64320073751536], [62.43559019172361, 8.754988135834186], [28.99467958522215, 13.276393993600855], [83.35607356882252, 34.643430463965196], [63.535074499809284, 68.58416470890397]]","[[0.0, 20.508936939482318, 45.531670630876945, 84.22745739269946, 17.991178663334672, 44.813398579784604, 90.09032794128886, 36.7173378623043, 18.756329963422502, 38.34253056304954, 75.64396294380474, 21.730531416115696, 16.652411899279063, 58.21077523572987, 40.27092645242394, 15.994738346212147, 50.3044357051465, 49.09914332109084, 52.54144619522207, 56.033468575012755, 73.83205754619866, 39.711356956565695, 51.85783775273135, 17.64616797331462, 60.893744527957466, 55.14462504507546, 28.866804205465105, 29.499895817732764, 40.73019423672504, 17.756383495302476, 45.27152375266043, 46.809233435533486, 70.99898247719169, 23.950244655440628, 11.2676054724043, 52.52682321844901, 48.7551799413982, 26.23310078529711, 49.00101019970278, 80.81295588026377, 27.90130051114491, 14.916408728600068, 31.71671846265276, 76.41151461754379, 35.433713166711414, 56.369368926636916, 23.56947545514191, 21.484363787414164, 71.73151257477282, 15.685262820732916, 41.885377501272, 44.77066902166818, 76.28696752744786, 35.49361176894924, 44.99461595493637, 82.85540761128303, 57.7914595426347, 38.22930005548645, 48.88237256423522, 47.886603113008505, 49.215752603644745, 66.21768335827095, 49.179254729130975, 83.15655380226862, 42.880837690764366, 60.43340445932776, 33.114752478619806, 22.53388486571468, 69.72724246362948, 67.53123870666705, 31.63769990789338, 48.552887296199394, 39.10818317877635, 63.2425094850995, 45.553370370736225, 64.55970825995836, 41.42840187907376], [20.508936939482318, 0.0, 37.10605451656672, 91.9208959812019, 38.12157662771745, 65.24890625517001, 98.09520766878121, 56.88406837152005, 30.624597648525935, 42.470245714212524, 62.45175144312026, 42.23915870876733, 15.552057804424992, 75.62482371836451, 20.369475491138378, 18.520677553603758, 65.52878630076809, 33.70746824123062, 35.72954313488426, 67.18740943720451, 83.4423385670219, 45.27830864180063, 58.62094834169201, 7.304591459969519, 74.74065367540946, 75.38323877353132, 9.701599408452106, 10.772290787996603, 41.00612136163812, 37.022027195383885, 25.20384470429813, 63.102840596975405, 64.96557444811786, 30.828858773240945, 19.653599491334944, 72.99353553379997, 68.73065866373739, 46.67539090787288, 69.50830654513042, 88.94991392948737, 12.262548586814978, 7.261688761351719, 51.83395983680014, 69.6125673050446, 28.907389887566055, 76.80959183910566, 23.520985927075966, 34.64818764031805, 78.9109098303961, 7.8363622190543, 55.90368357402996, 44.41611657555621, 79.23371206537493, 28.067291128081408, 59.69689034505472, 70.19189519908832, 77.8698517342199, 24.061418076456654, 65.89601612232313, 35.927088799470596, 48.62339078033088, 71.1583525471947, 49.20909517996549, 91.25933368331899, 63.15258006110901, 75.96676099137666, 44.207805873912335, 39.953897953162056, 71.88149641722197, 52.82748218025803, 50.515372792906895, 64.44811365769222, 23.447826980029834, 76.92556903087508, 64.85958234891163, 69.44966822563836, 35.62822712949657], [45.531670630876945, 37.10605451656672, 0.0, 67.00803808249022, 54.53046168162627, 78.58435607436434, 73.11631796861161, 77.30009397749498, 36.16213410576539, 25.171070646743196, 31.657780388647566, 60.963762563934864, 28.985413715594735, 73.81101130347278, 32.10981933069486, 29.680020857361658, 59.99210025005637, 17.273890663557275, 22.59567817361953, 52.520177885028396, 62.81460957361138, 28.688533557625156, 38.157276721947675, 43.94653010696291, 64.0865436925755, 85.45005038815803, 42.31965767573519, 29.462145819280863, 17.790693831374476, 62.1828391818767, 34.334185264762375, 60.748439921828414, 27.902548847872414, 65.83952611678882, 52.50303702993255, 89.29942154616208, 77.78838908199518, 63.055518413845824, 84.83122091963476, 65.07280021193802, 25.37637352732822, 42.39769988288142, 72.98710999723029, 32.52183421687114, 10.145343827087803, 88.9587530228165, 22.809543581081453, 66.47923624123318, 54.721940593846, 33.5752886812319, 50.42064848225627, 17.611677441842104, 48.738624125847736, 64.76286967931708, 54.50461429039043, 38.11714487815331, 86.449374768963, 57.934135898195336, 64.7737048924427, 8.235467098511288, 19.243825678290527, 44.60486814975101, 20.630841838879633, 67.0788874030203, 75.04382746706133, 69.04145352984709, 38.23332577148506, 67.85663293665992, 41.19134790341362, 26.615397258815122, 58.65211249482948, 60.78069097446935, 56.00029395274916, 65.50946778173265, 71.30284237807449, 43.120037825525, 6.1405514429201595], [84.22745739269946, 91.9208959812019, 67.00803808249022, 0.0, 76.29137646799845, 79.55965310814139, 6.233427729399352, 90.33161502278955, 65.51054894573028, 49.52242931261245, 82.63668713756776, 80.92758333767833, 76.60126628580524, 51.92211170487631, 96.98512982445162, 74.07135621969802, 44.033883501442105, 84.19573579196283, 89.35047851127106, 30.10990718438025, 12.79152135741525, 46.648642106074945, 33.32256352038951, 95.67983607917212, 34.108095480642966, 77.30558952618057, 100.79167768956633, 90.13354599284244, 52.72840312477545, 90.09251058702877, 100.27082459672675, 49.45209013961835, 55.652513096831974, 107.68845690272656, 95.46116522629808, 90.05888262892384, 72.15161972435729, 78.33868398024123, 85.92092820843592, 3.7969684164142987, 85.00745495915923, 92.77743138079809, 89.31765623442881, 58.67585962609194, 67.7905691745381, 82.7168942721632, 68.42767181501382, 102.23118770582012, 13.026950310035359, 84.55687784535574, 46.19291321083034, 50.63638657285207, 22.38811898412875, 117.86856083706105, 45.520210235404015, 83.10189692205718, 75.22577204499778, 115.98220647375096, 51.654144590434505, 74.93353925533182, 47.89695796992167, 22.407196420174877, 46.62736704233161, 2.0843664878698474, 75.71725889560484, 41.47413529531446, 51.191384840194296, 96.88174456143682, 28.03194438919011, 85.92971874001566, 65.71473658996632, 47.217021513938924, 115.21132548350695, 32.48286275549259, 65.57561030435312, 23.93248047900881, 63.22456032341944], [17.991178663334672, 38.12157662771745, 54.53046168162627, 76.29137646799845, 0.0, 27.298868790187832, 81.63780365545918, 22.770148991133336, 18.79043519816052, 38.53289401794629, 86.10037264618535, 6.56306122439034, 29.351283577151595, 41.87589006065313, 56.99227762804014, 26.887212331530286, 36.61973225460427, 62.435598836072515, 66.66206927958665, 46.37230953714768, 64.55665439815904, 38.209373099686005, 47.17893117232006, 35.613074887777344, 48.056795784412856, 37.26378466988592, 46.82384838882082, 45.97229486445124, 43.851760632737836, 13.821601697920094, 62.04906759710744, 32.132186450579695, 75.95244780498885, 34.25221032624549, 26.307011721390687, 36.219584124305555, 30.765188306009506, 9.062477149872832, 32.225359140742846, 72.60977070506677, 43.29446435150484, 32.906584284525145, 18.608505353699023, 81.68440899757066, 44.70843125742049, 38.82977169783324, 31.998369032051432, 26.779130237434703, 64.91466459064026, 32.04112903449138, 30.474529403723363, 47.70527605759096, 73.14157099498378, 51.14523323712962, 32.3731104077758, 92.63211488735433, 39.823917796606196, 55.639839516577396, 33.271048799322095, 59.04510734486605, 51.687575299240685, 61.907198097988456, 51.124291662641824, 74.8830224075937, 25.03282655916857, 45.8803180090363, 27.179043746493644, 20.594870994332442, 67.72768385969532, 79.48050907902615, 14.72491743082199, 34.22123816413843, 56.77854538347477, 50.45365607036313, 27.820384090931764, 60.42785468040998, 49.14584516037194], [44.813398579784604, 65.24890625517001, 78.58435607436434, 79.55965310814139, 27.298868790187832, 0.0, 83.52900483938626, 15.605608772825098, 42.81290358855684, 57.598575389057274, 110.1205178550018, 23.27041963399984, 56.245138144868214, 30.42482599684549, 84.28821539418405, 53.50616568154777, 35.64619557636302, 88.6639488260998, 93.18842266612165, 51.07545953870967, 66.7728644121127, 55.7513709417798, 59.322482790229465, 62.05541664868998, 45.78282436614836, 11.220788435068211, 73.5913366547789, 73.26369421227231, 64.58177326148949, 31.99157525239748, 89.34547664225795, 30.34981478517163, 95.70418277735418, 53.812913576671555, 50.81703136150683, 11.56548816544578, 8.861194402999722, 18.5812355400087, 6.905643796454859, 75.78620649017365, 70.45700790995326, 59.580497905376575, 18.626909924222048, 101.4681010872334, 69.47329383716199, 11.5606855891044, 57.35186762134299, 44.28419133082767, 71.26030365951692, 59.339788318259906, 37.123214709397985, 67.81570233005934, 83.95647560790225, 73.92350435495094, 35.694949310817066, 115.99579284470698, 14.719219196658054, 80.60224097989456, 27.9107591544274, 84.21813664320212, 70.94767738980103, 72.31410722112749, 69.96337019363752, 77.70620497265048, 4.112132732679763, 39.58229415234529, 43.220600204365795, 34.7358275371029, 80.52554809947706, 104.65110252433513, 20.25554817437117, 32.47493696083619, 82.19392619534406, 47.76037823785168, 14.027908317623522, 71.26129247945867, 72.69572744269138], [90.09032794128886, 98.09520766878121, 73.11631796861161, 6.233427729399352, 81.63780365545918, 83.52900483938626, 0.0, 94.87679566355307, 71.41255008288206, 55.724872500754614, 87.9109619147993, 86.07778095549823, 82.74726910592355, 54.985633838111575, 103.20544353327689, 80.18744931025674, 48.32855837863906, 90.27255027394425, 95.39765609971522, 35.279751569331765, 17.23787509750889, 52.81718999226632, 39.47858075211885, 101.78557726972399, 37.76569056495815, 80.58567944020777, 106.99482771979123, 96.3650572060908, 58.95914642495802, 95.45737416034235, 106.47135561607084, 53.77340206398374, 60.79946289698425, 113.43372173908656, 101.3409140165719, 93.73550229339929, 75.82779107467469, 83.2965901478664, 89.72500765546786, 9.284208701754931, 91.23864218382258, 98.86931285963134, 94.0866924837256, 63.50845563168153, 74.01387028275664, 86.00154596622866, 74.61434124361018, 107.78403852957683, 19.24130693636524, 90.70379631178744, 51.32426085893758, 56.843018881212494, 27.379160942459407, 123.92469626345162, 50.33135028806653, 88.04695998080383, 78.29118432498085, 122.15514547873876, 55.657587805547955, 80.99996150872026, 54.050855508366354, 28.548687046814848, 52.796960920443354, 6.938434396552452, 79.78117747885258, 44.65734269076068, 56.99823257704941, 102.19881139876156, 33.58843118837117, 91.5645596405932, 70.57608023722254, 51.49006911622433, 121.40496605310948, 35.90020558840845, 69.50248495868274, 30.101970073226603, 69.40598376105538], [36.7173378623043, 56.88406837152005, 77.30009397749498, 90.33161502278955, 22.770148991133336, 15.605608772825098, 94.87679566355307, 0.0, 41.42171595636549, 60.05118111674577, 108.85431925957415, 16.394849695332102, 51.251644992562035, 44.56632881009513, 76.9579421658982, 49.135721957797, 46.59843394698723, 84.59005745028493, 88.53636339227447, 60.59377079336755, 77.72599099144793, 59.10145364440708, 65.72096323547632, 52.35551917844633, 57.75864186818847, 26.249706272203078, 64.08900082439054, 66.21572130646302, 66.01880056695283, 20.29495297988647, 81.93341527116259, 41.163794085086224, 98.08262314852827, 40.008421501705676, 39.761875379343564, 17.16769342928224, 24.163264737749394, 14.749267151827016, 15.24208666939176, 86.53584692026031, 64.35135609123543, 50.35051755081364, 5.060610536274669, 103.84992942371761, 67.45189111594388, 24.522479975767553, 54.711052777109884, 30.361451058814826, 80.63684321385159, 52.32632372418012, 45.002421674069176, 69.72897140635618, 91.48498746680691, 60.81766518602132, 44.90621382386102, 115.40178109977417, 29.974438979374924, 68.76711432528066, 39.8688992008282, 81.67758205707283, 73.47979179354294, 79.86217840631262, 72.7632830757083, 88.6220579048053, 17.407684338152897, 52.63482343852064, 46.939751030343714, 20.79371101334374, 87.00029049071429, 102.05462747672632, 25.226233585779912, 43.4745454641275, 70.72857153349564, 59.95520782209921, 27.267091606664028, 78.58252232953787, 71.89731214012744], [18.756329963422502, 30.624597648525935, 36.16213410576539, 65.51054894573028, 18.79043519816052, 42.81290358855684, 71.41255008288206, 41.42171595636549, 0.0, 20.893662430685676, 67.8197462696551, 25.349903004986576, 16.267622096798686, 45.66119594995922, 45.178431352939626, 12.983125810807747, 34.9144978286255, 46.094620768292515, 50.855372740221426, 37.89828789040356, 55.36386566148902, 21.549838249294382, 33.15903339543648, 31.959927565884445, 44.28935880922454, 50.73249203259527, 40.326188961412335, 34.55875323439264, 25.295511891293593, 29.347590408516517, 50.07365796599034, 32.74411828135122, 57.30301191205092, 42.550840950218365, 29.9551949281177, 53.23360608286571, 43.24202063495102, 26.95066428460113, 48.83324544312619, 62.12953688291945, 30.451778107405726, 28.876606634786338, 37.39617913341685, 63.00779457206384, 26.714002843182286, 53.66090104643058, 14.629487685386852, 38.53204153005455, 52.976405015566016, 22.846304163212018, 25.315842342967052, 29.248891887949437, 58.04762378784439, 53.05068187150973, 29.072385453996706, 74.13113775616884, 52.32570369142848, 53.3719314675699, 35.84453203804479, 41.418673915107235, 33.41398699171945, 47.654105846504976, 33.01379698535092, 64.47485112103331, 39.51661674595644, 45.35573838569349, 14.62176873276174, 36.03950403671895, 51.80778339221984, 61.87559153076076, 23.684012940792336, 33.94663485259765, 53.43824911008907, 46.529161212016284, 37.680888009279094, 46.01916569711577, 30.556713924437215], [38.34253056304954, 42.470245714212524, 25.171070646743196, 49.52242931261245, 38.53289401794629, 57.598575389057274, 55.724872500754614, 60.05118111674577, 20.893662430685676, 0.0, 54.37919652772724, 44.964929820780526, 27.405482715855353, 48.802547534948005, 48.94587986105461, 25.23409890303446, 34.86085830948028, 40.93462021582415, 46.380484911876266, 28.374388368481775, 41.95851579686238, 3.68187102690242, 16.420178014147236, 46.70227293829362, 39.27651323777523, 62.787599677718184, 51.270118999398846, 40.96278789223408, 7.688703289722214, 50.17852949596026, 52.88882794978133, 35.95057508037483, 38.270451612001, 62.21910306792701, 48.87631946320338, 68.96065092828135, 55.16335832986595, 45.312903991784545, 64.3095299145855, 46.671614440021045, 35.84439599904767, 43.94727978919808, 56.65346701094759, 44.05308014453854, 20.624246410833532, 66.88621142829378, 18.949274350546034, 59.14906879739036, 36.496491426853844, 35.301427293898676, 25.51405189770774, 10.26455313056028, 38.11912023685126, 69.16994931090109, 29.498541097809234, 59.361658159685724, 63.260506099650826, 66.51980119391244, 40.04962241683485, 32.99413362461498, 13.487590352740208, 28.887029945275287, 12.71219035202502, 48.952690161229434, 53.70137167942467, 43.899121203889045, 14.537520977810583, 56.918083475315015, 31.394242975413743, 51.36854225233319, 37.38631462399569, 35.798654669035976, 65.69343821055512, 40.87123351750662, 48.17535356773829, 27.178346353514378, 19.213834518972405], [75.64396294380474, 62.45175144312026, 31.657780388647566, 82.63668713756776, 86.10037264618535, 110.1205178550018, 87.9109619147993, 108.85431925957415, 67.8197462696551, 54.37919652772724, 0.0, 92.4809095526272, 59.05419867950044, 102.71010364776572, 47.79985210077673, 60.40437716746993, 88.53562336615839, 29.019613755469198, 28.89302383052271, 77.93263894833166, 82.94024830039575, 57.348426291963236, 62.63905740372675, 69.7562553673355, 90.24664015592847, 116.58856739299915, 63.809965371622944, 52.1727751664583, 46.729965408793014, 92.95044747978557, 46.40158193450553, 90.20614980321727, 27.18252259722935, 93.16993012224624, 80.7653838708494, 120.92576390553155, 108.91829315479339, 94.69537360239097, 116.43604612403621, 82.0147411957812, 50.36835381530235, 69.13891321725552, 104.45469483022886, 25.726995036614092, 41.405477356011104, 120.29954948763755, 54.166973115610475, 95.53456355103341, 72.9410854063461, 61.6312440122549, 79.75292519000214, 44.53964494633859, 60.547085757424654, 86.7998872693168, 83.58296960548739, 7.896357634841045, 117.35585689693819, 77.02704973053662, 94.33355529182951, 27.75777692189409, 43.233069873154655, 62.46829747950701, 44.6808580617575, 83.45250936184588, 106.51044937545798, 96.42292480098546, 68.59636126717311, 98.177847682198, 54.68993986129038, 11.015140028679467, 90.05686321191692, 89.86033059591392, 74.25595290980681, 91.17506704935336, 102.19714983043164, 61.57595469178668, 37.42969204475484], [21.730531416115696, 42.23915870876733, 60.963762563934864, 80.92758333767833, 6.56306122439034, 23.27041963399984, 86.07778095549823, 16.394849695332102, 25.349903004986576, 44.964929820780526, 92.4809095526272, 0.0, 35.05130596895069, 42.724330197932154, 61.77380936843489, 32.81377651194364, 39.58814601547266, 68.33872248416, 72.40608066108747, 50.837264691364204, 68.88163928211922, 44.5011117043842, 52.8997561638122, 38.79039396264773, 51.18133117588853, 34.00527167905154, 50.36147079005262, 50.84157936998159, 50.395979034834475, 10.85784592288011, 66.80973752531567, 34.64938949143102, 82.50156565266533, 33.169523571837104, 27.81376445915024, 30.924649269480213, 28.3553655290627, 5.095581554997804, 27.280559854823817, 77.19627380155265, 48.560704801780965, 36.353127148266914, 12.06537882057283, 88.23717573623921, 51.075486113765216, 34.775254978162074, 38.324344778823075, 24.560383979950444, 69.9578538420088, 36.847507629040585, 34.75905487693373, 54.23413871820397, 78.90889065268422, 51.837536128405134, 36.050459990156625, 99.0783943359981, 36.97505738163695, 57.63245055296093, 35.04007001867213, 65.28440897415908, 58.185478115130614, 67.5393958604024, 57.59636548442782, 79.42925844039182, 21.83038621104999, 48.067895583123615, 33.094005197206904, 16.65813506076806, 73.71120194818414, 85.6718094712061, 16.44551284708222, 36.88437685050589, 59.09015805336604, 53.55543378343047, 26.987565102622273, 66.10677002776102, 55.64058029961882], [16.652411899279063, 15.552057804424992, 28.985413715594735, 76.60126628580524, 29.351283577151595, 56.245138144868214, 82.74726910592355, 51.251644992562035, 16.267622096798686, 27.405482715855353, 59.05419867950044, 35.05130596895069, 0.0, 61.92881797703746, 29.08366583857562, 3.2917858190799536, 50.88107664843596, 33.34295907210127, 37.360013823684056, 51.673063117095694, 67.91270876510812, 29.977966063801826, 43.27888764219941, 19.31072850399288, 59.57690270742026, 65.29725250999238, 25.020111412145194, 18.31672076325318, 27.196988143156535, 33.950010253159114, 34.053156790064484, 48.9722202917165, 55.25293178063311, 37.68811691466275, 24.05430939326026, 65.57067866482298, 58.08321447944226, 38.41322585767014, 61.53214719616171, 73.5609426568172, 14.50117379248061, 16.63797272348431, 46.49446030679984, 60.48812911596567, 18.98563240212858, 67.59534692826182, 8.834947012454528, 37.52545103675257, 63.62351304533021, 7.956564164422434, 41.007577673910994, 30.995059225286465, 65.0085313962755, 41.81363978865858, 44.95434371782605, 66.21650196855089, 67.2825928465054, 39.49077405377962, 52.11201317415848, 31.31405626500287, 35.4200904406246, 56.28188290139261, 35.72879629325853, 75.88091271767833, 53.45796182764667, 61.30690613068744, 28.87043604960725, 39.158265995340635, 57.87182635297364, 51.238371742995994, 38.80125049768868, 50.09875565481034, 38.99621560968445, 61.710586995356685, 53.16199718072089, 54.57196245735464, 25.29964504609016], [58.21077523572987, 75.62482371836451, 73.81101130347278, 51.92211170487631, 41.87589006065313, 30.42482599684549, 54.985633838111575, 44.56632881009513, 45.66119594995922, 48.802547534948005, 102.71010364776572, 42.724330197932154, 61.92881797703746, 0.0, 90.68490264009006, 58.64319088966342, 14.206106076430201, 88.2946874186456, 93.57260348278626, 28.303013413416004, 39.38410919578715, 45.53424053792271, 41.90848113521435, 75.29529345538545, 18.23562070248896, 25.647819863150975, 85.21305407769938, 80.20364510317803, 56.45960910731071, 53.58200288318084, 95.48907315087678, 13.332199380626136, 82.21682299795913, 75.71747074428073, 67.96604739772377, 39.333869578595696, 21.828190835987318, 38.089947015691884, 35.75196834025609, 48.31622438673812, 75.94537695982928, 72.28413450723221, 45.64542040836928, 87.58842734512952, 67.32688675219825, 31.053583745513144, 58.51053077887591, 67.28289481773203, 46.36886590279731, 68.0955944773488, 23.399157933648834, 58.20870492719567, 61.59133439570184, 92.91878121670139, 19.31347177293721, 106.96563958459666, 23.32557726519739, 96.40670442040387, 9.818855240113209, 81.27975932272138, 59.64032640587351, 50.81395494113804, 58.259029791286764, 49.91687018270085, 27.401246594957687, 10.458860852168026, 36.08598262521467, 58.88934876826539, 60.37737543575331, 100.17002284661869, 27.15103840483384, 13.03075233293045, 97.10921488051375, 19.507511609620565, 17.320856079968184, 50.30972422339871, 67.71941140678501], [40.27092645242394, 20.369475491138378, 32.10981933069486, 96.98512982445162, 56.99227762804014, 84.28821539418405, 103.20544353327689, 76.9579421658982, 45.178431352939626, 48.94587986105461, 47.79985210077673, 61.77380936843489, 29.08366583857562, 90.68490264009006, 0.0, 32.289473030941444, 78.89007423309957, 19.686366571390028, 18.939685070209443, 76.83638469055884, 90.73963473420498, 52.470366547346934, 65.08676118371761, 26.54833924044257, 86.41591645439735, 93.89244677725907, 17.072646967346408, 11.03627697989166, 44.33109118839539, 57.31519659053812, 5.057815157966442, 77.5350229140718, 58.10637118238466, 49.40107415614476, 39.77695448038637, 92.69197355970192, 86.85956160691254, 65.8840479368612, 88.99980879904365, 94.57700584431387, 14.743039484012044, 27.496782800627145, 71.93234114942102, 61.528869234226896, 29.200655916561296, 95.80040672108144, 32.66376701309239, 54.546426604872615, 84.15511670497945, 24.97075611114017, 68.79922605646917, 46.400819721895374, 80.39062195792032, 39.258237809472334, 72.91692197923149, 55.688295266485596, 96.0678739094338, 29.24580032157587, 80.87456877377265, 26.587247389955568, 49.58746852579003, 74.81370600820834, 50.685124886813064, 96.74859878856329, 81.83169454159045, 89.17507998353422, 55.962020032013626, 60.30278821149604, 72.79812862960506, 37.079031946481464, 67.78593788977291, 78.46167320849807, 26.557372259976212, 88.35196056210609, 82.18693294669532, 73.1926744293458, 34.184364153904866], [15.994738346212147, 18.520677553603758, 29.680020857361658, 74.07135621969802, 26.887212331530286, 53.50616568154777, 80.18744931025674, 49.135721957797, 12.983125810807747, 25.23409890303446, 60.40437716746993, 32.81377651194364, 3.2917858190799536, 58.64319088966342, 32.289473030941444, 0.0, 47.60677739185148, 35.55704148552487, 39.801461534244375, 48.673355391841966, 65.12930426011405, 27.57094669084867, 40.776887843217445, 21.616315683178023, 56.38430681012183, 62.36795101694807, 28.10006608489797, 21.58252438423735, 25.83022568040536, 32.59777005112413, 37.23484857634842, 45.68044520349312, 55.093256744507194, 38.356941166471316, 24.6932062880247, 63.054229403355535, 55.09350438741566, 35.92215738792504, 58.93921724424065, 70.96848857400909, 17.63207689952543, 18.766957272246852, 44.47792008562818, 60.4598494720924, 19.540370831572815, 64.78689721502403, 7.733757257775409, 37.35651398108952, 61.13502744988194, 10.742094587735517, 37.75531958727488, 29.75811736601489, 63.157753756754715, 43.980727159877304, 41.68613337367443, 67.39851743810284, 64.28126714585056, 42.26826008206716, 48.82573538927778, 32.795391792859206, 34.221168776347504, 54.1005855311153, 34.39982364655798, 73.29718527317254, 50.621516083821156, 58.036182351210265, 25.727401105605296, 38.17684851412289, 56.147092931108496, 53.00216957760915, 35.72774427544057, 46.80959332640308, 41.9037977334716, 58.5331822023891, 50.048717001633634, 52.394475459780615, 25.433757407295694], [50.3044357051465, 65.52878630076809, 59.99210025005637, 44.033883501442105, 36.61973225460427, 35.64619557636302, 48.32855837863906, 46.59843394698723, 34.9144978286255, 34.86085830948028, 88.53562336615839, 39.58814601547266, 50.88107664843596, 14.206106076430201, 78.89007423309957, 47.60677739185148, 0.0, 74.98145198761081, 80.33324847453441, 15.921907691424389, 31.292181481658233, 31.4939155475423, 28.003671920036936, 66.28672024637076, 11.599826220762091, 35.059864770793716, 75.22862370378037, 68.82261410576669, 42.46517221786223, 49.97798713566059, 83.53320108748771, 5.4449690442832654, 68.16150303944778, 70.72297762641075, 61.00461101192689, 46.51313241430232, 28.837520219858643, 35.99623014266533, 42.18925407369812, 40.244197433881666, 64.26385290707805, 63.2025677557371, 46.11421472581302, 73.59303910229583, 54.03422636937216, 40.2855008334672, 46.2832552246348, 63.358692944929246, 35.800129115248474, 57.76080058846852, 10.1245919249898, 44.07171066786049, 49.63119387036986, 85.77343849295333, 5.9732817022383315, 92.75955228096927, 33.907797358850054, 87.72958435640776, 8.105221623659665, 67.62950536842585, 45.43604429004936, 38.31519350144333, 44.053035066361645, 42.236231813082306, 31.732583015188776, 10.441917511062385, 23.116792330853198, 56.23087370222794, 47.48712447347681, 86.1957612460945, 23.233017911420045, 3.1840635713461998, 88.04944923722404, 13.967692233953919, 21.821366026442654, 37.57377090353782, 53.95065448722466], [49.09914332109084, 33.70746824123062, 17.273890663557275, 84.19573579196283, 62.435598836072515, 88.6639488260998, 90.27255027394425, 84.59005745028493, 46.094620768292515, 40.93462021582415, 29.019613755469198, 68.33872248416, 33.34295907210127, 88.2946874186456, 19.686366571390028, 35.55704148552487, 74.98145198761081, 0.0, 5.45717208783945, 69.06066260863301, 80.05093883463655, 44.59948902462422, 55.145902852248526, 40.98659549589719, 80.21101577069967, 96.82095100061582, 34.860246488159376, 23.2180233508437, 34.20816929640729, 66.83376352975975, 19.84932880102117, 74.99649835450211, 39.31198013583076, 64.53410082422481, 52.654305558244644, 98.5366884017784, 89.29926038141149, 71.45084178962998, 94.34320744606023, 82.31995774508836, 21.99254239756036, 40.634484079595964, 79.83547752120468, 42.25214946156703, 20.972779372094433, 99.7035012290891, 31.46911734626625, 67.64555525378127, 71.9850446314836, 33.98635529185685, 65.03595569330312, 34.68686077250935, 65.28267050457136, 57.952107766219996, 69.222420169864, 36.87819562498275, 98.32176659967388, 48.72038709317856, 78.84107233930625, 9.287592026236805, 36.51697181894203, 61.811058995534076, 37.90325024592054, 84.30773533229777, 85.52811859841353, 84.56083020342133, 52.209145340054874, 71.34616891654973, 57.842836879020005, 19.121901356406237, 69.74915062688979, 75.35506972922298, 46.153802864251055, 81.78844141043591, 83.4461282414204, 60.3494550189901, 22.138542764774442], [52.54144619522207, 35.72954313488426, 22.59567817361953, 89.35047851127106, 66.66206927958665, 93.18842266612165, 95.39765609971522, 88.53636339227447, 50.855372740221426, 46.380484911876266, 28.89302383052271, 72.40608066108747, 37.360013823684056, 93.57260348278626, 18.939685070209443, 39.801461534244375, 80.33324847453441, 5.45717208783945, 0.0, 74.51782531300536, 85.40881418182536, 50.04783242725036, 60.575821316508666, 42.86239512146603, 85.65559554147626, 101.57444061625884, 35.41116228756876, 24.97197607054445, 39.66307593304264, 70.29347477590655, 17.71269035340235, 80.26027927894431, 42.81875433157812, 66.41955775594435, 55.150328955723936, 102.85442032334836, 94.0973027341385, 75.71213883315397, 98.7324670439824, 87.54013595735421, 24.807087826208377, 42.88315647561044, 83.70822514216508, 45.228141376065615, 26.299541692750864, 104.32870367092856, 36.28263545175894, 70.19952825120075, 77.23495616442612, 37.077140324901755, 70.35929191857531, 40.09244265451631, 70.1041249951109, 58.122003241959916, 74.5510349127473, 36.77035641070799, 103.16564894724185, 48.137824776786985, 84.07515063079046, 14.4504146824736, 41.81109410216517, 66.9954199854723, 43.21636487897992, 89.50392634240205, 90.14312374058973, 89.95916057500916, 57.490479119685865, 74.47507665005226, 62.72930355578228, 18.143305487844692, 74.53906587760989, 80.6590241761885, 45.364796530894154, 87.23973976777755, 88.37202970228122, 65.55759581774335, 27.586770825414863], [56.033468575012755, 67.18740943720451, 52.520177885028396, 30.10990718438025, 46.37230953714768, 51.07545953870967, 35.279751569331765, 60.59377079336755, 37.89828789040356, 28.374388368481775, 77.93263894833166, 50.837264691364204, 51.673063117095694, 28.303013413416004, 76.83638469055884, 48.673355391841966, 15.921907691424389, 69.06066260863301, 74.51782531300536, 0.0, 18.20448822350535, 24.70343214218207, 15.293583520475485, 69.61447890392778, 12.37536646833921, 50.97985727049012, 76.68662553153108, 67.9832327956662, 34.88118378874102, 60.19388455015833, 80.99655056039043, 20.833280764885554, 55.122694819300065, 78.75671028107163, 67.2771753511933, 62.19255090825952, 44.682500026497685, 48.24599850348814, 57.771508965786545, 26.36381505701984, 62.994497215067774, 66.56467143516159, 59.330062583067416, 60.22579771987717, 48.99825239982572, 56.205291704767006, 44.87409359708297, 72.68519208835251, 20.220171330769173, 59.40976990912538, 16.08530769680304, 35.108267498137096, 33.748350744337884, 90.942573340448, 15.714655124890934, 81.22186549133725, 49.74649248077588, 90.81182923055731, 24.02430876292781, 60.66777125397573, 35.063675022676, 22.600056645479857, 33.55845733151009, 28.592085986315446, 47.05384539395279, 19.434350395735287, 23.321836535715633, 66.92100664133048, 32.0770836799315, 77.25652231905835, 35.69528663310358, 18.910509561761174, 90.56628254397877, 13.267616164044696, 37.532100890728884, 22.020364969492285, 46.98468512337237], [73.83205754619866, 83.4423385670219, 62.81460957361138, 12.79152135741525, 64.55665439815904, 66.7728644121127, 17.23787509750889, 77.72599099144793, 55.36386566148902, 41.95851579686238, 82.94024830039575, 68.88163928211922, 67.91270876510812, 39.38410919578715, 90.73963473420498, 65.12930426011405, 31.292181481658233, 80.05093883463655, 85.40881418182536, 18.20448822350535, 0.0, 38.63389830854474, 25.653488866827164, 86.53183556704968, 21.3830189959474, 64.61585642081633, 92.67853388583426, 82.89580817753672, 46.66051236524147, 78.37723264785095, 94.45559681817534, 36.724197638249095, 57.037422872112124, 96.83758371014022, 85.09896550610125, 77.27518042469978, 59.372081603609224, 66.06023319653416, 73.1298391095995, 9.042546481826514, 77.78682747509984, 83.53802771112139, 76.86410533334383, 61.056663462520284, 61.762296170703195, 70.02058353693789, 60.2945505780032, 90.88303833778482, 10.531248054905598, 75.82303522635003, 34.15278629805496, 45.43871957530285, 26.72247804255138, 108.30947254834207, 33.09447842863024, 84.60363414029038, 62.62390585175809, 107.38504999958569, 38.86493078833339, 71.01002106535965, 43.676217313356204, 20.515818658984784, 42.233134173891564, 10.946166880900389, 62.94049344599036, 28.926908659981198, 40.767315842821, 85.07941325818386, 29.422043198070465, 84.60075454770333, 53.33897517957424, 34.471818404495735, 106.8863432841758, 19.878569485403254, 52.7848172537115, 21.367164153436857, 58.184034843804284], [39.711356956565695, 45.27830864180063, 28.688533557625156, 46.648642106074945, 38.209373099686005, 55.7513709417798, 52.81718999226632, 59.10145364440708, 21.549838249294382, 3.68187102690242, 57.348426291963236, 44.5011117043842, 29.977966063801826, 45.53424053792271, 52.470366547346934, 27.57094669084867, 31.4939155475423, 44.59948902462422, 50.04783242725036, 24.70343214218207, 38.63389830854474, 0.0, 13.3451984097289, 49.17110432428833, 35.61649859139372, 60.42594755173546, 54.26083342977415, 44.26982883293368, 10.9857813594401, 50.437385503448866, 56.4704202090864, 32.85871346828655, 39.95754173741598, 63.660459391872905, 50.519407742115696, 67.20990344983416, 52.85259273350708, 44.437500492524336, 62.53979462588245, 43.68129721428136, 39.16905992805066, 46.337551574284575, 55.94243101886079, 45.71755763275901, 24.29615943081417, 64.68097773725988, 21.827423972041657, 60.07513193840894, 33.6526957575362, 37.92718372940635, 22.40475753183574, 12.850269532589207, 36.59252150240113, 71.54239086559849, 26.281667792005276, 62.08150633689364, 60.73027792483601, 69.33795704504124, 36.98514319733788, 36.58750499146113, 15.284384349237062, 26.70196045593581, 14.224938233815095, 45.98545675619968, 51.784776855287994, 40.353060012135415, 12.547411379290544, 57.267195176512416, 30.258320526364784, 54.704880658059295, 35.68369579426122, 32.578857134877865, 68.61825477740229, 37.19642592762966, 45.74210661888032, 25.012407669809356, 22.79702191260577], [51.85783775273135, 58.62094834169201, 38.157276721947675, 33.32256352038951, 47.17893117232006, 59.322482790229465, 39.47858075211885, 65.72096323547632, 33.15903339543648, 16.420178014147236, 62.63905740372675, 52.8997561638122, 43.27888764219941, 41.90848113521435, 65.08676118371761, 40.776887843217445, 28.003671920036936, 55.145902852248526, 60.575821316508666, 15.293583520475485, 25.653488866827164, 13.3451984097289, 0.0, 62.39297319340937, 27.629963971724088, 61.635964606940334, 67.5917277687762, 57.37216467998516, 21.181407180692432, 60.420208360377316, 68.8345497143968, 31.431994696188575, 40.361907322624376, 75.70985472873696, 62.93621077081394, 70.86109144732622, 54.54647543377322, 51.704169938427704, 66.22561318463653, 30.336603170155684, 52.24950332972142, 59.51644717219672, 63.35032231041158, 45.684103132054446, 36.172755340374344, 66.49625272963736, 35.16741955614812, 71.27727383683951, 20.35840931184647, 51.234340414660444, 22.325048933571367, 20.54611641847466, 26.010171820458222, 84.67106675678168, 24.732284916636836, 66.00416311119118, 61.10907937207546, 82.67892688497453, 35.3908094140171, 46.3873793421983, 19.926392400023502, 14.769540527101217, 18.41230614170253, 32.64032052194649, 55.212738483328856, 34.20847436249973, 20.071782964053334, 67.33550774023115, 21.348165001974735, 62.155282161998585, 40.72089507720073, 30.237329018357784, 81.96163788701519, 28.545197430286716, 47.16237412952657, 13.25329820736497, 33.03824539632612], [17.64616797331462, 7.304591459969519, 43.94653010696291, 95.67983607917212, 35.613074887777344, 62.05541664868998, 101.78557726972399, 52.35551917844633, 31.959927565884445, 46.70227293829362, 69.7562553673355, 38.79039396264773, 19.31072850399288, 75.29529345538545, 26.54833924044257, 21.616315683178023, 66.28672024637076, 40.98659549589719, 42.86239512146603, 69.61447890392778, 86.53183556704968, 49.17110432428833, 62.39297319340937, 0.0, 76.17130913186935, 72.60938053623141, 11.734434983722323, 17.904100873396544, 46.20194456456322, 32.12267998708999, 31.08038253131985, 63.32671025097039, 71.68905187359567, 23.580750351969687, 13.365634433320217, 68.95562245040243, 66.35678578563974, 43.556631933756506, 65.76246446856784, 92.55419429346811, 19.51679391868767, 3.0917547319062884, 47.3002241759536, 76.46407997407192, 35.26450534612945, 73.56417965989323, 28.032615201442766, 27.998373732633436, 82.75085618905229, 11.594834737934455, 57.10127097696029, 49.83408272763098, 84.24687113744793, 22.516447703263907, 60.64211892374585, 77.49536280825448, 75.34614012370223, 21.462873011218765, 65.75593687020431, 43.146372049654445, 54.168423391382575, 75.58628951003861, 54.62087867457006, 94.88651040157936, 60.346287255753964, 76.64047763445588, 46.317985014866586, 34.15927863777325, 77.03888696482392, 60.10096730078614, 49.14158814793225, 64.87927397290977, 21.84187239722433, 78.4388692123195, 63.177878341170604, 73.87675859641995, 42.011245129487165], [60.893744527957466, 74.74065367540946, 64.0865436925755, 34.108095480642966, 48.056795784412856, 45.78282436614836, 37.76569056495815, 57.75864186818847, 44.28935880922454, 39.27651323777523, 90.24664015592847, 51.18133117588853, 59.57690270742026, 18.23562070248896, 86.41591645439735, 56.38430681012183, 11.599826220762091, 80.21101577069967, 85.65559554147626, 12.37536646833921, 21.3830189959474, 35.61649859139372, 27.629963971724088, 76.17130913186935, 0.0, 43.23420783296028, 84.4145409970181, 76.90965014006474, 46.30728910575272, 61.52151731414419, 90.82250631859678, 16.797281951199043, 67.42676041565997, 81.99972871807302, 71.82482457632506, 56.01470584269836, 38.09890266798135, 47.58165540385348, 51.9635752838548, 30.408672749463523, 72.10230883084766, 73.08001838917482, 57.5297418581486, 72.45983176008193, 59.67292561383642, 48.637794516765354, 53.85210759803626, 74.83015373645594, 28.20015407651785, 66.90666611273777, 19.10003383189408, 46.95134495295172, 43.79566697519791, 96.37205006504105, 15.966848110991934, 93.5956848350679, 41.29976642778896, 97.62346828727506, 18.013192812194728, 72.12437209865136, 47.22915608052488, 33.55838621465826, 45.73576841972663, 32.16851057656765, 42.08649679886968, 7.991017765196059, 30.763249697586716, 67.8168571333368, 43.3539929141055, 89.30219646763906, 34.83154817071244, 14.479316526651834, 97.72737351527047, 2.3977071821451403, 31.75538279757941, 33.307592354847856, 58.34654014712569], [55.14462504507546, 75.38323877353132, 85.45005038815803, 77.30558952618057, 37.26378466988592, 11.220788435068