instance_id,num_cities,city_coordinates,distance_matrix,best_route,total_distance
2599,74,"[[34.285149513973714, 31.441206559859726], [13.909540938249442, 44.449619454183676], [73.42255155889758, 93.70172079543913], [88.2657809512181, 91.22802359445605], [34.02910198795013, 97.13869148662977], [33.83248007338987, 26.227851394075586], [70.73497539166634, 12.811661285824405], [57.68519126368463, 87.81831828436324], [59.13988438609445, 47.156351495897994], [23.947396255211594, 2.343977414867293], [15.38654048841741, 34.137879729185386], [10.71712262379705, 63.46605143305732], [35.03932874047811, 51.15958275672459], [12.360399319015936, 44.206369756873606], [0.5567958906624315, 23.3309013362761], [69.72763008036593, 45.19685971908645], [78.41535989525072, 63.65812177448068], [84.62718501731644, 88.39754729029373], [61.127004414807686, 76.29469733689015], [17.567178310280053, 88.39447825564352], [4.141286811113176, 46.156299365988865], [22.906497743992738, 14.701852885568167], [41.899816531456636, 31.244216411786883], [55.308235506223824, 44.55767731307565], [84.88373151172006, 17.190741800473084], [58.17788276347, 49.581912798635926], [59.351826476921744, 4.6516244388333465], [26.897379795884124, 46.73879062889404], [96.46766283850565, 85.04194111115993], [57.262995064728116, 66.72355188906947], [5.307404075055522, 54.03849756860727], [55.96930732531771, 53.3408570517961], [10.672539223848322, 88.08333308957525], [68.7573713458373, 22.79746466830439], [12.919701883310186, 49.82657901601143], [95.18273814094805, 95.7985183393117], [50.12410764766583, 48.222563564783485], [51.951851493119314, 15.301337376959035], [47.95000961618564, 12.92995972859754], [4.568975002092468, 20.909741966365726], [56.35883703643141, 39.210942378617375], [21.87110354245888, 88.70033774620055], [93.93817008217205, 5.366193933189289], [5.400746965629832, 65.97684120907743], [13.376957670616585, 63.333423713836865], [95.4057323318733, 85.89329973061098], [14.221901937096836, 10.71358628352802], [25.78648532614717, 10.195043268844872], [46.893829396755194, 10.683007445602154], [51.243962508817944, 5.319318374481852], [65.87216573918707, 72.13188350884629], [31.740296596404093, 40.997702102023716], [88.40974352915346, 49.091124066623], [46.26450916708848, 51.417131808212204], [76.38711338574977, 86.09881945511472], [24.292222987450106, 0.07742256969387462], [20.20473928243406, 91.66806513131644], [36.410092165031735, 89.85989295866628], [41.4079603595371, 41.67826553283408], [14.980367382717663, 34.37639596790181], [14.12502503469134, 59.76636673912257], [45.44181898398936, 25.07463210232814], [50.86393394007139, 57.993094177041826], [40.42953937783611, 82.5667696817026], [1.0269510967241602, 91.73924122832734], [22.05607056559965, 44.3028749082929], [35.86804197602702, 16.54786297359494], [26.063241391261073, 48.10842241802493], [37.621588746704596, 64.0522760507556], [3.9784145320997943, 76.76105082468754], [47.49512042299136, 37.59051176418926], [93.42140596048212, 2.942269681746057], [13.607181547682456, 30.82910342745081], [91.42700806989453, 9.818457078392983]]","[[0.0, 24.174040433083213, 73.53983867064706, 80.55043178960567, 65.69798388108086, 5.232970638848136, 40.93470121585649, 61.040483945373225, 29.406183464096525, 30.879084933903787, 19.090035863847902, 39.76232614735285, 19.73279367314161, 25.37014116156429, 34.68975192991186, 38.01825117671819, 54.63886066017339, 76.01542796052073, 52.271606149061256, 59.35626098417334, 33.54379845726927, 20.24054538631579, 7.617214642215356, 24.77926451001949, 52.56702622406161, 29.999132070330955, 36.68814528133039, 16.988090527092616, 82.09569847315107, 42.10493175488986, 36.74707187867853, 30.818783098237994, 61.366814016385426, 35.53939155237524, 28.186952173125203, 88.6023694946009, 23.075669820994477, 23.92922347384249, 23.008577984328745, 31.52717516848914, 23.40120671103074, 58.58939017942986, 65.10291196552514, 45.02242520343636, 38.13483972898089, 81.85814617175188, 28.847324757260473, 22.882892028017626, 24.28747905513502, 31.144090620268265, 51.511850913927354, 9.889534034496409, 56.929704595260105, 23.292544885143826, 68.99297072360257, 32.917252721730634, 61.85088880262511, 58.45732034426819, 12.471239343298251, 19.52664717754549, 34.76701480140419, 12.845409451880961, 31.302696834018743, 51.4934629960413, 68.86189618969887, 17.747475443866755, 14.977223765603545, 18.58482869549789, 32.78130076878807, 54.51959711378825, 14.571111347906406, 65.6451538934133, 20.68702563104885, 61.096115214988345], [24.174040433083213, 0.0, 77.25003507871486, 87.84685266289769, 56.39977879808507, 26.999191377129897, 65.0391451195542, 61.62103212083998, 45.311260926569446, 43.28560535452071, 10.416981512285801, 19.282536656300678, 22.169608478470188, 1.568123136645477, 24.985917138450155, 55.823090594222336, 67.30503131789095, 83.26106860460978, 56.952592939353984, 44.096813107360916, 9.916226349457443, 31.078527114154706, 30.94896116666653, 41.39883559272289, 76.02882439245847, 44.564857488026156, 60.40597422623093, 13.188034836889466, 91.99771773908843, 48.74064064833933, 12.881899786382112, 42.98927836742499, 43.75361865851089, 58.96694249570003, 5.467309711751653, 96.13553973564531, 36.41057468940142, 47.92535592363002, 46.39226721157624, 25.32532337699115, 42.771327741060254, 44.96123384050067, 89.06231320323212, 23.14780446074441, 18.89131303678647, 91.42870362485132, 33.737479210592774, 36.255176149487895, 47.20325594333507, 54.08363427689604, 58.87632902444822, 18.161816559665972, 74.64464984949048, 33.09667955388763, 75.08730198675543, 45.57073559742832, 47.6362376175634, 50.67906614432599, 27.6377183071691, 10.129980290146328, 15.31826298202581, 37.0091163585192, 39.35800896516241, 46.43519633535455, 49.012951845063704, 8.147851184885706, 35.50610908742543, 12.692488874517426, 30.765652226364182, 33.80319317617353, 34.27883468889889, 89.69390594931869, 13.623871624305291, 84.90156134020184], [73.53983867064706, 77.25003507871486, 0.0, 15.047944598356263, 39.54309847028788, 78.23104762317755, 80.93469461932676, 16.801158715061266, 48.687431486983726, 103.89431297195368, 83.16267037282313, 69.61441316082623, 57.298388309214076, 78.60264760551843, 101.29891697573603, 48.64539025199395, 30.455639497730015, 12.396695830349541, 21.311615266305168, 56.10694737836478, 84.02654785219147, 93.77020221161635, 69.96158000963237, 52.37619168909273, 77.36464665904651, 46.67930359760162, 90.15489429561391, 66.10679554634073, 24.6184674191911, 31.447620953402268, 78.82159979020376, 43.97289001657621, 63.001034344383875, 71.05756429376575, 74.7370248607182, 21.860976191049637, 51.099620655103784, 81.28721351774398, 84.69313891255989, 100.197241411708, 57.100046285229844, 51.793490179720386, 90.68658064688394, 73.45498518278359, 67.28823681025399, 23.328773573057397, 101.93992046990358, 96.1382337972858, 87.15434507710184, 91.12265837843158, 22.853144348132414, 67.19467214887051, 47.060825148464644, 50.25480805230494, 8.160437219655321, 105.73220135702118, 53.25665497243635, 37.21131268189784, 61.08497316953195, 83.27654566068018, 68.32133566329411, 74.11206850385875, 42.237391536937125, 34.82134387247243, 72.42219474946873, 71.2654288180241, 85.80826863888622, 65.73928138096977, 46.48438998145579, 71.48058803937326, 61.81180683539171, 92.93671042077303, 86.78043848863659, 85.79371996877097], [80.55043178960567, 87.84685266289769, 15.047944598356263, 0.0, 54.55779815843166, 84.7821126803012, 80.35206917861791, 30.770091906573075, 52.82641509969328, 109.71430296528685, 92.57790350289872, 82.36820689242523, 66.62233233765518, 89.28976923674786, 110.91837210892979, 49.62389631449358, 29.276787414996996, 4.609878141407877, 30.97607827030607, 70.75536300923315, 95.43788995601037, 100.63841565092397, 75.81464093895202, 57.134236879324995, 74.11448815078501, 51.37781779887134, 91.27699411185378, 75.79823553504426, 10.273192443596027, 39.51761463301693, 90.91288764501274, 49.78453170714506, 77.65693942033467, 71.157005560077, 85.97157230206653, 8.290580135147954, 57.48266551542888, 84.16390647218097, 88.0678614676244, 109.31521420741495, 61.02319074086917, 66.44277525781621, 86.04899645686376, 86.62699388350235, 79.9152335593972, 8.912810130458185, 109.38496530580969, 102.32304863644308, 90.54909166769129, 93.54635574598544, 29.43019823979682, 75.61888374460068, 42.137145454367726, 57.87066559406709, 12.93875875939982, 111.35999364995922, 68.06246417515399, 51.87373363202615, 68.19702247581954, 92.75160055597173, 80.53997479486041, 78.80458695076953, 50.03457497796629, 48.61402397671013, 87.24032770370894, 81.1522971243944, 91.22855605603912, 75.68656375686837, 57.474824563513444, 85.5199008359571, 67.373803776022, 88.43616236117292, 96.03091180571954, 81.47092043931474], [65.69798388108086, 56.39977879808507, 39.54309847028788, 54.55779815843166, 0.0, 70.91111268911999, 91.96939254348254, 25.42596933159184, 55.9355495512117, 95.32931661576482, 65.70119771633392, 40.95479300463073, 45.99020545385686, 57.19583340643872, 81.04310681575063, 63.026492805270166, 55.597557853411864, 51.34757645797692, 34.187255052868345, 18.64017693581232, 59.09725714775224, 83.18380060868328, 66.36286606841551, 56.72358041245297, 94.75161213942553, 53.33676791972816, 95.8910733418286, 50.90197901746451, 63.599569579793176, 38.27394027588788, 51.79346142874328, 48.98594606034423, 25.050519752143526, 82.0528530731727, 51.807748061561334, 61.16831924123832, 51.49598798015929, 83.77695075315575, 85.35163837613248, 81.72363077461635, 62.08253525796288, 14.799416882066112, 109.59602067189464, 42.315997258774374, 39.6144821257858, 62.39831398460158, 88.6657993998911, 87.33349125536756, 87.4075884251754, 93.41920948852417, 40.48853114528947, 56.18762603280921, 72.56599003261063, 47.33039412752031, 43.77304997425188, 97.54843277283405, 14.86743948812681, 7.658330251043144, 55.9491411716426, 65.58932862014004, 42.34221222839433, 72.96217351597905, 42.61207992553968, 15.915605670874182, 33.44093339814439, 54.17542796268663, 80.61180645970624, 49.673153916231975, 33.28087810600975, 36.308291828677945, 61.05177606547532, 111.35713561334636, 69.38311252060282, 104.49566000414146], [5.232970638848136, 26.999191377129897, 78.23104762317755, 84.7821126803012, 70.91111268911999, 0.0, 39.26561240750173, 66.04799348118937, 32.840018720437406, 25.848681172297997, 20.07040695737617, 43.829251558356155, 24.960923709761797, 28.004952677050195, 33.401549027941826, 40.599077216824085, 58.21218355259248, 80.28183566765773, 57.023504992991946, 64.2592369764102, 35.759054740123084, 15.881616148251839, 9.499780814238346, 28.234563740772476, 51.84495754869892, 33.73589803503289, 33.418117997391434, 21.65165684545816, 85.92009816840704, 46.78558315698944, 39.838574288693415, 35.00220273893173, 66.04909897899105, 35.092956322895084, 31.531638666612146, 92.75738172329444, 27.371234763729515, 21.158930247353073, 19.394292024678343, 29.742814543061407, 25.99995018339959, 63.60728008279513, 63.62313041219499, 48.870703277362594, 42.37041295464789, 85.7393207279286, 25.00534336416934, 17.93847730029283, 20.303719352112974, 27.208941060443017, 55.97965364270299, 14.917296056472438, 59.17268731111577, 28.090126293211558, 73.45358829162384, 27.836332965476576, 66.84412384825795, 63.68422722914031, 17.2076494218401, 20.537792762939176, 38.900074494173865, 11.666476103606342, 36.04304468096015, 56.72384776517099, 73.266260512286, 21.572906524960437, 9.891697937164642, 23.21896763497417, 38.01374021517814, 58.69301043597648, 17.770137647444116, 63.977014654162694, 20.742088147740137, 59.88654170135153], [40.93470121585649, 65.0391451195542, 80.93469461932676, 80.35206917861791, 91.96939254348254, 39.26561240750173, 0.0, 76.13340567637428, 36.249191453788576, 47.94423810086371, 59.3148955940507, 78.53667864159856, 52.390287945236686, 66.28136126878971, 70.9621821064865, 32.40086144129438, 51.42325203978627, 76.85193329620041, 64.20598860350233, 92.40983101153603, 74.47539357036558, 47.8658134619872, 34.2231716087971, 35.29580480872473, 14.810929947121258, 38.855269547237995, 14.005794535102348, 55.432705987356606, 76.67714474915581, 55.5696518105492, 77.33316958639143, 43.13514417365549, 96.29808313016824, 10.179743953343232, 68.64918051527303, 86.51307153870506, 40.972428160540716, 18.947406957864597, 22.78527287331423, 66.65972185856798, 30.059863543022832, 90.2594548344018, 24.368488421415634, 84.23240326796679, 76.43553280850988, 77.13346955620028, 56.55200606518595, 45.02458716098191, 23.93598566013442, 20.881445962875922, 59.519204315119545, 48.11484044697777, 40.355877494824476, 45.7076150275111, 73.50479043188096, 48.15693186404975, 93.65701889713388, 84.34825198208921, 41.15039065972778, 59.77971308177981, 73.54883305413595, 28.10914823166354, 49.35808106556198, 76.05389272949199, 105.30323606938413, 57.976998115469925, 35.06654030357607, 56.93351530536812, 61.00899094876767, 92.44437700688057, 33.97178667650863, 24.740230851557374, 59.901694890942586, 20.907402702972178], [61.040483945373225, 61.62103212083998, 16.801158715061266, 30.770091906573075, 25.42596933159184, 66.04799348118937, 76.13340567637428, 0.0, 40.687979492555755, 91.89179375280762, 68.34299774581328, 52.905882211323195, 43.08941842152579, 62.89943417227145, 86.15265812807392, 44.290056027116506, 31.83480778784926, 26.94821948964433, 12.02663367315577, 40.122150037629375, 67.84300645152075, 80.96650563875073, 58.73505816908255, 43.32589267308376, 75.68365181207733, 38.23957961828188, 83.18339160030746, 51.33631197674106, 38.88172284839864, 21.0989909451241, 62.32582834079252, 34.520133121601894, 47.01339899077397, 65.95683874119933, 58.71389351847519, 38.33731360867069, 40.31121155784766, 72.74327257451077, 75.51847461970301, 85.42885937930768, 48.625468717315584, 35.824947140710655, 90.0701464594965, 56.663155898578665, 50.623409864090306, 37.76962953100279, 88.51100053669772, 83.92198916031654, 77.88651789068062, 82.75007198790301, 17.694371620068235, 53.5285686245227, 49.434741669114636, 38.15073205618777, 18.780803158639852, 93.88053638060495, 37.677643656476924, 21.37283015438659, 48.9270141519062, 68.40863281474866, 51.811196351696594, 63.9270703261843, 30.595318996978833, 18.037080826222812, 56.79374803223922, 56.2408041721906, 74.53499717075303, 50.762422553001755, 31.102619012054113, 54.83321101824246, 51.25104966306914, 92.09245716805172, 72.04610711573048, 84.98522547792912], [29.406183464096525, 45.311260926569446, 48.687431486983726, 52.82641509969328, 55.9355495512117, 32.840018720437406, 36.249191453788576, 40.687979492555755, 0.0, 56.97947079098368, 45.64904938078214, 51.09569618596449, 24.430772459238963, 46.87240782594381, 63.242630661384155, 10.767542287353983, 25.374246361836995, 48.48132345571821, 29.206024110751162, 58.55657938369432, 55.007688912344534, 48.643116549044585, 23.460945900954545, 4.629756002974801, 39.50548606517992, 2.6093667345300102, 42.50525545912444, 32.24520831576976, 53.18534520606533, 19.657010066416227, 54.27061701330197, 6.949868190783063, 63.435805105992785, 26.188765203810906, 46.29725030279721, 60.54046334490891, 9.078603327220971, 32.65592965126384, 36.009154263533794, 60.554674987094835, 8.41806096449971, 55.81097400275563, 54.381411865653675, 56.93949177626609, 48.53805854286518, 53.063762453911856, 57.842028695511544, 49.785414879333054, 38.47428607541888, 42.575614178711795, 25.866983039137047, 28.08320447174106, 29.333734831332762, 13.562062376349607, 42.59087600556219, 58.572903750737396, 59.13745154303309, 48.37598482589324, 18.55884035984791, 45.97162391376972, 46.747727718691955, 25.98536755823761, 13.635481206116404, 40.049653262189665, 73.24443372972964, 37.19343458339296, 38.45072455466829, 33.090342259463256, 27.35889825609987, 62.60372176477365, 15.070030442209525, 55.947365908715746, 48.37154181189332, 49.36169279214152], [30.879084933903787, 43.28560535452071, 103.89431297195368, 109.71430296528685, 95.32931661576482, 25.848681172297997, 47.94423810086371, 91.89179375280762, 56.97947079098368, 0.0, 32.92628852197367, 62.53757328716237, 50.05990702298274, 43.43637174759739, 31.425644959126114, 62.707251023028135, 82.01331210019588, 105.29602866451594, 82.77096254053454, 86.2867074118213, 48.08119721949875, 12.401635209116899, 34.022245779107614, 52.58800906693299, 62.7189235176696, 58.336512973549944, 35.47955628402309, 44.492716743289144, 109.99155542506601, 72.4890249176798, 54.95245874755476, 60.21697867948199, 86.76092980551333, 49.25727366033376, 48.74635881758803, 117.50840460569793, 52.82106479842228, 30.856809464998083, 26.2333465212317, 26.836743909144694, 49.08843651159502, 86.38131719940428, 70.05599341655467, 66.28061220691345, 61.89868117921082, 109.93990655928881, 12.83104018955777, 8.063589997905856, 24.414713100358732, 27.45824435508361, 81.41276394562779, 39.431456071495056, 79.6284492888505, 53.9094426871075, 98.81698992540532, 2.292635239510505, 89.40246152982468, 88.39883632045166, 43.035537879623206, 33.26384591650415, 58.256413999662314, 31.284067366056863, 61.81686013823908, 81.89845811126415, 92.2868354563171, 42.001502255609665, 18.543251046314047, 45.813330233533385, 63.20520279874416, 77.04973099200639, 42.38883693992762, 69.4765858269146, 30.303835469302626, 67.8923107347272], [19.090035863847902, 10.416981512285801, 83.16267037282313, 92.57790350289872, 65.70119771633392, 20.07040695737617, 59.3148955940507, 68.34299774581328, 45.64904938078214, 32.92628852197367, 0.0, 29.697560820482046, 25.999431917602976, 10.513421032889516, 18.349716804884242, 55.45498225098632, 69.59940205369602, 87.96805317056497, 62.20439945060716, 54.300402070071236, 16.45898359052672, 20.84007909273593, 26.670716037048116, 41.25910705267378, 71.53366371229855, 45.49304486568233, 52.937563441272864, 17.066996720709742, 95.73594866469863, 53.06094117138574, 22.307478145901523, 44.89671816726604, 54.15102719413877, 54.56235515595326, 15.881453901205122, 100.84377776348096, 37.48435528179793, 41.13194982805692, 38.86071785732282, 17.08810556273176, 41.2851674220108, 54.94644103907351, 83.65505612560399, 33.36818155665358, 29.26462389406909, 95.29792528068889, 23.453228058915233, 26.103989549385606, 39.27900569251551, 46.002871568021895, 63.18498777534137, 17.73421838780624, 74.53849809691414, 35.38391586768689, 80.13119961041654, 35.205481429560564, 57.73159682550134, 59.556128848723176, 27.09191226504636, 0.4710271626193191, 25.659516122844337, 31.392072613832347, 42.751803499696706, 54.5207224402653, 59.36425400906562, 12.1577036664708, 26.99815906036757, 17.583173922516682, 37.27289200387238, 44.123463736108235, 32.29367698767144, 84.03931410640578, 3.7568762096845494, 79.83474824960336], [39.76232614735285, 19.282536656300678, 69.61441316082623, 82.36820689242523, 40.95479300463073, 43.829251558356155, 78.53667864159856, 52.905882211323195, 51.09569618596449, 62.53757328716237, 29.697560820482046, 0.0, 27.258372689210123, 19.32965846995172, 41.401238056551016, 61.77380801086811, 67.69850973749786, 78.00177439451826, 52.01663520364992, 25.852460748581613, 18.516725770469154, 50.26457923627522, 44.83979316942441, 48.434429489305636, 87.41904915706692, 49.44990453636288, 76.31822352190886, 23.272343589878794, 88.42326708800128, 46.65972085759135, 10.86939863302958, 46.371109341041915, 24.61732202811437, 70.87033526912745, 13.81617035251785, 90.44240499309609, 42.2525075121185, 63.4045940372796, 62.770888463917316, 42.99813012914744, 51.686327106569, 27.58949974297395, 101.49549833157171, 5.87944856581976, 2.66313961109723, 87.60788823209352, 52.868762586117306, 55.36141258210967, 63.99065436075977, 70.87642285309941, 55.83167046243829, 30.770124561721563, 79.0112769162332, 37.533893405616126, 69.46070741804476, 64.8259332293835, 29.755141513661822, 36.83427146457186, 37.63821376414524, 29.40039644215561, 5.03005622997539, 51.76587307807567, 40.51814062849758, 35.32230381755742, 29.887667781602747, 22.266546093774664, 53.23424792912928, 21.710829790417417, 26.91085202406411, 14.905274085656862, 44.96848535666624, 102.48476296364764, 32.764658028189345, 96.91310535095235], [19.73279367314161, 22.169608478470188, 57.298388309214076, 66.62233233765518, 45.99020545385686, 24.960923709761797, 52.390287945236686, 43.08941842152579, 24.430772459238963, 50.05990702298274, 25.999431917602976, 27.258372689210123, 0.0, 23.720898185459998, 44.311178965803116, 35.19704981771119, 45.14081918084978, 62.013075175608954, 36.226244727366634, 41.130444727365685, 31.30050861818072, 38.42358202129895, 21.063905368740215, 21.31698236067605, 60.31870890140887, 23.19227726575313, 52.47940294137583, 9.264703754241888, 70.15307860470035, 27.13168774780124, 29.870980814235775, 21.04333531339991, 44.23916556616353, 44.060369263072566, 22.159756119440935, 74.89902712491596, 15.368039445959457, 39.64652806456177, 40.350833418246296, 42.935944438016165, 24.439546658368187, 39.783293479117745, 74.60635342474207, 33.136032919892365, 24.848756991395728, 69.64577357874096, 45.48894249621513, 41.99653088892206, 42.17679853576656, 48.62016036789607, 37.289425260070715, 10.683980135137721, 53.41048301661307, 11.228134623519555, 54.13307266484967, 52.200453747455434, 43.13933458783678, 38.72457878521865, 11.421683107113447, 26.154106552139044, 22.616030377092013, 28.082671772974955, 17.237024338748284, 31.866373519049777, 52.94856480258228, 14.682623585527661, 34.621639359982105, 9.480491733724996, 13.148749260431916, 40.251901305344134, 18.41918657375048, 75.71906114508424, 29.540909313216595, 69.91894630576682], [25.37014116156429, 1.568123136645477, 78.60264760551843, 89.28976923674786, 57.19583340643872, 28.004952677050195, 66.28136126878971, 62.89943417227145, 46.87240782594381, 43.43637174759739, 10.513421032889516, 19.32965846995172, 23.720898185459998, 0.0, 23.98145607908749, 57.37578091487055, 68.85948353917863, 84.70742875896036, 58.3767294343504, 44.493813953884995, 8.447250197435139, 31.33267795446865, 32.25824838071932, 42.9492729875872, 77.39171703878887, 46.13174885235397, 61.42289559693352, 14.755912606744849, 93.49639385862908, 50.232127128734355, 12.100226411831922, 44.555310745669715, 43.90941565313872, 60.3237902562947, 5.647970562505141, 97.57709568995837, 37.976670199400516, 49.02024053529547, 47.37968114457141, 24.564998662646218, 44.281111280824014, 45.49908441123915, 90.35204447438231, 22.85585675775937, 19.154048761418377, 92.9210819235961, 33.544474012712335, 36.565422395292664, 48.128719218226465, 54.99212899635821, 60.36011484182721, 19.643725883889665, 76.20605999170009, 34.66242567898551, 76.51403437215262, 45.713590932057656, 48.1055734533753, 51.60069676588026, 29.157368080305353, 10.173132130602136, 15.659738503692191, 38.215228806490785, 40.8973831504227, 47.533113784334425, 48.8653345320495, 9.696151513156169, 36.298791450548315, 14.24759263269727, 32.12456517880225, 33.61643836570401, 35.75217761246861, 90.95940167315287, 13.435241731134854, 86.2209786406262], [34.68975192991186, 24.985917138450155, 101.29891697573603, 110.91837210892979, 81.04310681575063, 33.401549027941826, 70.9621821064865, 86.15265812807392, 63.242630661384155, 31.425644959126114, 18.349716804884242, 41.401238056551016, 44.311178965803116, 23.98145607908749, 0.0, 72.5446375585284, 87.68261342551394, 106.30850739057765, 80.46063539056289, 67.2504435048876, 23.10513731561899, 23.957663702820046, 42.09353764165519, 58.722194767785204, 84.5501840942, 63.319074971137915, 61.690931319364175, 35.2385533415247, 114.04887912112149, 71.40388747656283, 31.07289404753767, 63.01701250887155, 65.53781870911298, 68.20266158366357, 29.238029692362492, 119.18735025518876, 55.46632530927273, 52.01851245236063, 48.521091223914794, 4.686106477311449, 58.017613700845516, 68.75654824979642, 95.093699885814, 42.92015901241822, 42.00664643400431, 113.6238286491013, 18.5992409092576, 28.44447215503758, 48.03217561192196, 53.792248331578925, 81.5330203013299, 35.84029248711025, 91.55178580392918, 53.647286931238995, 98.4380444562923, 33.22792160540308, 71.10562309041694, 75.57490046324749, 44.782177385922026, 18.167068179640342, 38.879814572949, 44.91888127583954, 61.09235427819689, 71.405348341918, 68.40995550871376, 30.034022159107625, 35.95683119423597, 35.559869418088645, 55.063864994189835, 53.539596080671224, 49.056526573516, 95.07645399447627, 15.051099640792057, 91.86937254232805], [38.01825117671819, 55.823090594222336, 48.64539025199395, 49.62389631449358, 63.026492805270166, 40.599077216824085, 32.40086144129438, 44.290056027116506, 10.767542287353983, 62.707251023028135, 55.45498225098632, 61.77380801086811, 35.19704981771119, 57.37578091487055, 72.5446375585284, 0.0, 20.403304781686153, 45.69787898736953, 32.265248586402464, 67.7255267686369, 65.59336054714916, 55.87632660650213, 31.129784165226567, 14.433554449024415, 31.844152547505033, 12.354163411361005, 41.851802880501175, 42.85799680762009, 47.98603820953909, 24.874999534759244, 65.02414996320483, 15.98799979945145, 72.98461039307666, 22.42039920815258, 56.996271867642015, 56.64353786173432, 19.83564910788759, 34.78103736939792, 38.92836482666716, 69.53786321381995, 14.647724528351844, 64.67456789750513, 46.611502701874926, 67.59996687855171, 59.19740901903193, 48.120319666960675, 65.34509930779801, 56.17785468605586, 41.38343210047662, 43.952977949009814, 27.20955919968257, 38.218718318576094, 19.08367516286793, 24.273644717137856, 41.44054811585344, 64.03233422558459, 67.91236739688551, 55.72113486729739, 28.5374175100754, 55.806318716396355, 57.47973749654881, 31.538938867208547, 22.794355625380764, 47.485664041136694, 82.98178456363256, 47.67994122701739, 44.353542373960074, 43.761353234824426, 37.2333803885619, 72.93324005803711, 23.49768105316399, 48.44425037794353, 57.93045109754808, 41.50294421531399], [54.63886066017339, 67.30503131789095, 30.455639497730015, 29.276787414996996, 55.597557853411864, 58.21218355259248, 51.42325203978627, 31.83480778784926, 25.374246361836995, 82.01331210019588, 69.59940205369602, 67.69850973749786, 45.14081918084978, 68.85948353917863, 87.68261342551394, 20.403304781686153, 0.0, 25.50737042894834, 21.41425406505323, 65.68400516229754, 76.30826770492298, 74.01317477889233, 48.82669523953874, 29.979429216600835, 46.9154263863982, 24.65147337971911, 62.009555991101095, 54.22514213842829, 27.984877540893184, 21.373333846430164, 73.73812022332709, 24.70366829703937, 72.01167058404359, 41.986545963786014, 66.94021805683361, 36.251207767174954, 32.2281152253964, 55.124367336215954, 59.173338524875454, 85.32709146576673, 32.92650575197955, 61.841454601783916, 60.323349439114466, 73.05142134879196, 65.03921273173499, 27.983493246482414, 83.21011887371641, 75.02065849957738, 61.643893640208475, 64.356047253348, 15.137250660787382, 51.88502822282372, 17.66593123620586, 34.40231151970542, 22.532170252705722, 83.4974206793845, 64.59901917972456, 49.50732602631448, 43.04255685713138, 69.86714350305724, 64.40801901734046, 50.75371981941549, 28.12780847921631, 42.431822092157724, 82.32566480842452, 59.5902263378349, 63.479530136934116, 54.612612663485855, 40.79567528689113, 75.581383850069, 40.44232313641875, 62.542754287436644, 72.6487744312307, 55.389642378407395], [76.01542796052073, 83.26106860460978, 12.396695830349541, 4.609878141407877, 51.34757645797692, 80.28183566765773, 76.85193329620041, 26.94821948964433, 48.48132345571821, 105.29602866451594, 87.96805317056497, 78.00177439451826, 62.013075175608954, 84.70742875896036, 106.30850739057765, 45.69787898736953, 25.50737042894834, 0.0, 26.433642680212078, 67.06000677726432, 90.89721027766421, 96.12751224954341, 71.35917073673522, 52.74025976475073, 71.20726763588772, 46.97040632893547, 87.47698750864856, 71.19116811429791, 12.306787065010695, 34.90789263782084, 86.44172572609585, 45.27963652998479, 73.95531329797247, 67.49238346642748, 81.42286368723151, 12.891628066858397, 52.95745146172641, 80.06705517634458, 83.90811622118325, 104.7087429887405, 56.73113431181992, 62.75681193415698, 83.55178084990351, 82.33781966713731, 75.53016078105696, 11.065637715573283, 104.84131668052702, 97.86653961069172, 86.39071610803961, 89.53452778029245, 24.82584472629472, 71.01949232934572, 39.488006477078486, 53.2845758884974, 8.554702224716912, 106.96145134490148, 64.50540908646586, 48.23926303313156, 63.64426657565081, 88.14172676334306, 76.0940146264437, 74.46666703343253, 45.43553556877064, 44.58059945305718, 83.6669948662747, 76.54726968485438, 86.83220120744488, 71.08409861571756, 52.93598315401765, 81.48393848342884, 62.92968361582609, 85.90659342070994, 91.42191543397085, 78.87275202550249], [52.271606149061256, 56.952592939353984, 21.311615266305168, 30.97607827030607, 34.187255052868345, 57.023504992991946, 64.20598860350233, 12.02663367315577, 29.206024110751162, 82.77096254053454, 62.20439945060716, 52.01663520364992, 36.226244727366634, 58.3767294343504, 80.46063539056289, 32.265248586402464, 21.41425406505323, 26.433642680212078, 0.0, 45.20910470843804, 64.46468058604219, 72.48783082544652, 48.981941422168795, 32.26602720515039, 63.699761713902326, 26.87508467524489, 71.66506227575218, 45.224095600511326, 36.40709287305147, 10.321695279402553, 60.09297970824358, 23.52616889977074, 51.813366910626605, 54.03865655897591, 54.99550258713308, 39.24528039548544, 30.151425037424556, 61.67960270898391, 64.72034582795958, 79.159989719836, 37.38903986402208, 41.16947494521627, 78.15001719475201, 56.67339697217992, 49.47788978931996, 35.59725207828487, 80.62859768988899, 74.95409633483172, 67.13774736677614, 71.66016282547103, 6.3123351432999115, 45.92881959091053, 38.52768163609441, 28.979079205905446, 18.138129349910574, 84.65148608110492, 43.71466825799992, 28.194685375442276, 39.83890120596409, 62.34305173018716, 49.82340592530766, 53.567901999536474, 20.98283331178071, 21.626926514306696, 62.052802876671194, 50.49766899721301, 64.86678194514327, 44.98814923036161, 26.502479972212164, 57.15049265892223, 41.03464684888132, 80.14678417813411, 65.76666172812031, 73.05601098064221], [59.35626098417334, 44.096813107360916, 56.10694737836478, 70.75536300923315, 18.64017693581232, 64.2592369764102, 92.40983101153603, 40.122150037629375, 58.55657938369432, 86.2867074118213, 54.300402070071236, 25.852460748581613, 41.130444727365685, 44.493813953884995, 67.2504435048876, 67.7255267686369, 65.68400516229754, 67.06000677726432, 45.20910470843804, 0.0, 44.32063084458376, 73.8857994877872, 62.11464973437458, 57.845073386986186, 97.98719518436921, 56.17512397439672, 93.58858043476069, 42.687808229274296, 78.97167824032809, 45.225954024079954, 36.47787649064407, 51.99499853245905, 6.901656282843983, 83.206995226334, 38.846903208591215, 77.96790966409557, 51.70818482415784, 80.77693354790019, 81.35115238693292, 68.7251258367298, 62.64034632800902, 4.314779534593787, 112.81056857295194, 25.50632279290097, 25.408943381346454, 77.87872871449927, 77.75288966717865, 78.63020183158396, 83.06097254070508, 89.64155277122025, 50.96904745436608, 49.47051315388599, 81.01495354129341, 46.8066335960886, 58.864716185597274, 88.57273028954828, 4.203938500312293, 18.899810654856523, 52.447949625156554, 54.079985251663956, 28.834305751569705, 69.1838023641946, 45.087892935517594, 23.593425796312147, 16.875027573888335, 44.31951759010886, 74.14079672082676, 41.17219186329204, 31.539216637960813, 17.888296028702754, 58.96375777006251, 114.26260894345776, 57.70142072315123, 107.83999979676815], [33.54379845726927, 9.916226349457443, 84.02654785219147, 95.43788995601037, 59.09725714775224, 35.759054740123084, 74.47539357036558, 67.84300645152075, 55.007688912344534, 48.08119721949875, 16.45898359052672, 18.516725770469154, 31.30050861818072, 8.447250197435139, 23.10513731561899, 65.59336054714916, 76.30826770492298, 90.89721027766421, 64.46468058604219, 44.32063084458376, 0.0, 36.626702619060765, 40.596511976708804, 51.19191568242143, 85.78080147277576, 54.145069300059056, 69.07128007354919, 22.763546823878357, 100.18110023495082, 56.96426743257871, 7.967990837006854, 52.323623532411226, 42.4326927608608, 68.70861328124998, 9.5148055097908, 103.69617044441914, 46.02922180339053, 56.902361766070555, 54.9835779075076, 25.250179756214987, 52.677419595265505, 46.090580415352015, 98.62714102322484, 19.86051658025138, 19.502595137225022, 99.54008345480614, 36.84840175589508, 41.972926498394244, 55.552986753244035, 62.34036472770955, 66.97337071400231, 28.076973961956305, 84.31954692515657, 42.45046783765859, 82.55219178509248, 50.2923763168031, 48.263395325820454, 54.32568353811112, 37.53475382063506, 16.007866556977444, 16.879246512157295, 46.369932632887064, 48.19870813762665, 51.40583257722555, 45.689207432032006, 18.010404192865803, 43.39638808583987, 22.00870003031433, 37.96309522681312, 30.605184842245112, 44.191940510522535, 99.18866889355928, 18.014607919745227, 94.5475325843243], [20.24054538631579, 31.078527114154706, 93.77020221161635, 100.63841565092397, 83.18380060868328, 15.881616148251839, 47.8658134619872, 80.96650563875073, 48.643116549044585, 12.401635209116899, 20.84007909273593, 50.26457923627522, 38.42358202129895, 31.33267795446865, 23.957663702820046, 55.87632660650213, 74.01317477889233, 96.12751224954341, 72.48783082544652, 73.8857994877872, 36.626702619060765, 0.0, 25.187217980471768, 44.05953769910148, 62.027188180105796, 49.605334196348295, 37.80567521262937, 32.28455543323846, 101.77904018827363, 62.34281093566912, 43.09407978931323, 50.8539282688047, 74.39429667658467, 46.56008526827571, 36.516879347797364, 108.63021712964985, 43.179119181708465, 29.051539650547255, 25.106116630263354, 19.359819915205698, 41.46992249709096, 74.00572817574196, 71.6425362702466, 54.18095364507869, 49.55645079336289, 101.6088633915324, 9.556593264239236, 5.348426067054989, 24.321661096437374, 29.850357839554214, 71.72347623800682, 27.74000158939127, 73.98173545379497, 43.515611037982914, 89.20595879622782, 14.689935211368974, 77.01361779738811, 76.36149585961067, 32.71132767452208, 21.21111001344647, 45.91214078869991, 24.807967511859783, 51.53396754776798, 70.09068354530191, 80.08416675075722, 29.61323574308597, 13.092340589981529, 33.5553858327011, 51.497554988573576, 64.881556569823, 33.59302115785429, 71.48874091706705, 18.616269544664764, 68.69430755114685], [7.617214642215356, 30.94896116666653, 69.96158000963237, 75.81464093895202, 66.36286606841551, 9.499780814238346, 34.2231716087971, 58.73505816908255, 23.460945900954545, 34.022245779107614, 26.670716037048116, 44.83979316942441, 21.063905368740215, 32.25824838071932, 42.09353764165519, 31.129784165226567, 48.82669523953874, 71.35917073673522, 48.981941422168795, 62.11464973437458, 40.596511976708804, 25.187217980471768, 0.0, 18.895341769151504, 45.22297088517467, 24.520329301012055, 31.80783864044531, 21.5674508965315, 76.62796508729208, 38.66277926578399, 43.11129669629013, 26.195650378874895, 64.8523556454005, 28.15449991783705, 34.42602569241177, 83.7038089491347, 18.8653978598869, 18.847249104037495, 19.287737923879206, 38.73490791719483, 16.50854313965506, 60.84698203518818, 58.117659000273385, 50.38389925839829, 42.93332857896461, 76.48140514680058, 34.46119164735958, 26.508623738956178, 21.15900467058606, 27.557456382817694, 47.39699196338654, 14.083548147408901, 49.81651756366894, 20.639696155585057, 64.79507017788629, 35.79659744733383, 64.2006064684879, 58.87218877082546, 10.44563562232003, 27.101057013395025, 39.81145691862985, 7.114039072514805, 28.21095288387084, 51.343609038046736, 73.00848687926353, 23.75505873884201, 15.886003546134072, 23.134358784973823, 33.085827936631, 59.243691179468584, 8.460667251378442, 58.78328304886635, 28.295680114018236, 53.96300459293968], [24.77926451001949, 41.39883559272289, 52.37619168909273, 57.134236879324995, 56.72358041245297, 28.234563740772476, 35.29580480872473, 43.32589267308376, 4.629756002974801, 52.58800906693299, 41.25910705267378, 48.434429489305636, 21.31698236067605, 42.9492729875872, 58.722194767785204, 14.433554449024415, 29.979429216600835, 52.74025976475073, 32.26602720515039, 57.845073386986186, 51.19191568242143, 44.05953769910148, 18.895341769151504, 0.0, 40.294653780893455, 5.786001866175262, 40.11039371459887, 28.494455206060394, 57.732781620100944, 22.251900607594244, 50.89173898115299, 8.808022608546683, 62.34443113371718, 25.580971623025555, 42.71474110721122, 64.92765011489809, 6.3487457731298536, 29.448238319142888, 32.47238839156021, 55.9794373200399, 5.448975870255902, 55.377037335671915, 55.02948495904672, 54.30964918348586, 45.94301594184458, 57.58856598603597, 53.23071767100156, 45.30258659450456, 34.90408985785734, 39.448284210994096, 29.528519591977357, 23.83529248740823, 33.41050692311214, 11.350819444781045, 46.58310405206015, 54.226249129004536, 58.75069435775778, 49.08595078170371, 14.195374646475187, 41.59321383611141, 43.90172045376461, 21.838846711176227, 14.151404266695643, 40.817480338302545, 71.92049645708775, 33.25314116747406, 34.09502637957162, 29.459760209216352, 26.322174179561316, 60.595443613889074, 10.46834099031093, 56.43098363839738, 43.90275210264431, 50.113662348903986], [52.56702622406161, 76.02882439245847, 77.36464665904651, 74.11448815078501, 94.75161213942553, 51.84495754869892, 14.810929947121258, 75.68365181207733, 39.50548606517992, 62.7189235176696, 71.53366371229855, 87.41904915706692, 60.31870890140887, 77.39171703878887, 84.5501840942, 31.844152547505033, 46.9154263863982, 71.20726763588772, 63.699761713902326, 97.98719518436921, 85.78080147277576, 62.027188180105796, 45.22297088517467, 40.294653780893455, 0.0, 41.98083272157229, 28.444817435078303, 65.08075118558004, 68.83293334503648, 56.71335254723657, 87.69349459027914, 46.29119526124969, 102.6306998927278, 17.07321977590732, 79.01847525179015, 79.27958167100068, 46.59619526509065, 32.986035994570635, 37.17867771883092, 80.40081514160585, 36.03552189615212, 95.31114098526844, 14.893045024163944, 93.26107616717836, 85.10209045211867, 69.50362557020502, 70.95807003029176, 59.50986728823745, 38.54326489982626, 35.67302556172923, 58.137498100132355, 58.23225938771423, 32.09465920482062, 51.603198616616346, 69.42993364275014, 62.96186623934551, 98.64199778148767, 87.3527288730303, 49.89771032642607, 71.98490831913561, 82.58013309034357, 40.22213557404485, 53.12418080570878, 79.05820779529199, 112.20266658379215, 68.42793831189715, 49.019905281890296, 66.45113266739668, 66.55609311724287, 100.4703539996413, 42.5917697885019, 16.61056419003238, 72.56963195885844, 9.857233391787535], [29.999132070330955, 44.564857488026156, 46.67930359760162, 51.37781779887134, 53.33676791972816, 33.73589803503289, 38.855269547237995, 38.23957961828188, 2.6093667345300102, 58.336512973549944, 45.49304486568233, 49.44990453636288, 23.19227726575313, 46.13174885235397, 63.319074971137915, 12.354163411361005, 24.65147337971911, 46.97040632893547, 26.87508467524489, 56.17512397439672, 54.145069300059056, 49.605334196348295, 24.520329301012055, 5.786001866175262, 41.98083272157229, 0.0, 44.94562221103813, 31.409444591988997, 52.18736308839143, 17.166036531709597, 53.05797456136099, 4.359755424834688, 61.14831992162196, 28.798129111295765, 45.25884220944221, 59.20586076741464, 8.167687797383156, 34.841373632804185, 38.05226738270976, 60.79480546562157, 10.52929032793555, 53.370716575491954, 56.866756052234386, 55.264995617544066, 46.863919401031254, 52.00413064758677, 58.676017728655765, 50.995373508774186, 40.502527057544775, 44.80241639973261, 23.826522397147148, 27.796306150725606, 30.235844273562822, 12.05389975319484, 40.8051534933194, 59.991103434455944, 56.685128949319086, 45.783756871943744, 18.539092144335104, 45.79555739545129, 45.21479156357914, 27.619089914814698, 11.146381456407102, 37.456701356776804, 71.01738752380237, 36.50552776643413, 39.86197992830191, 32.14842709009799, 25.138668149923944, 60.63239975790562, 16.059735676283008, 58.458209324347116, 48.35509555547392, 51.832776738836216], [36.68814528133039, 60.40597422623093, 90.15489429561391, 91.27699411185378, 95.8910733418286, 33.418117997391434, 14.005794535102348, 83.18339160030746, 42.50525545912444, 35.47955628402309, 