instance_id,num_cities,city_coordinates,distance_matrix,best_route,total_distance
514,76,"[[23.99818056063169, 98.56480268772404], [94.20041156033804, 93.19169778515729], [81.45264732727028, 73.94059622500764], [77.86778437012978, 11.768909852946175], [81.19742182247084, 30.97591663937894], [37.95480960606209, 80.57093061764567], [82.31399383134342, 70.08103588620112], [18.11751413650987, 42.65119583187601], [27.062423946647442, 78.12860558504762], [66.81588391320844, 0.9977752919319904], [31.760456818764926, 59.270577503331566], [55.47634338356492, 99.41096698237799], [30.725168861748298, 60.90533497559779], [52.68612847600931, 10.145417810073775], [96.05401877884553, 51.84793186963861], [47.59109362403, 93.16253383379703], [58.381667658420554, 69.74278269270702], [83.86478778946366, 76.99146406010475], [16.050097620422033, 86.99637728667116], [96.95364346456915, 24.35594357627602], [1.0834198862856637, 51.7027582998366], [73.89217435886441, 27.298565117660335], [74.71780968343265, 78.78316620888334], [78.70040132985551, 39.61069180546587], [35.35160584542876, 43.88336411005849], [75.51546906410836, 75.67564360114957], [35.35990188771838, 31.098069215750268], [99.67811877633231, 25.011529841931413], [72.05020902489714, 23.937985492846547], [94.85118231372942, 82.33053947931664], [96.34191293633116, 93.63524578629944], [36.55657375192586, 79.52275201112953], [53.98110784382047, 65.72631144800121], [0.7643591662294669, 0.9211527858662749], [42.255374063753315, 28.081014141776595], [61.67724338171101, 88.79279294482592], [37.215571862640026, 52.70441756610127], [85.90677678584233, 22.01881606462466], [34.78466856020484, 67.42203591362039], [95.51586975379527, 71.94791690830783], [41.22669653195575, 64.05466439704216], [51.91848116970304, 76.0572089538643], [86.42438226768373, 20.293214221153434], [92.36815940969855, 65.48759677107373], [75.22586472726263, 55.37988995502943], [26.239562604638365, 37.21294719453848], [11.027343654603683, 41.96850579099538], [64.45235944513043, 28.5879294599242], [55.44738634669735, 18.027057452191386], [48.91970674988965, 67.18849902891883], [50.95209468973626, 39.51954674357653], [92.4141771403341, 57.06581434571388], [92.37405937352071, 53.36278698425584], [17.826775072288747, 42.18599136778204], [70.10319996696231, 50.272669011289615], [26.99992931938848, 35.40335257129594], [62.166175163219286, 83.73390275939772], [14.147736490538843, 97.40094077468893], [61.9503168768072, 48.08463794161998], [87.45147926689181, 43.461049365714864], [61.31329143583864, 87.88131232916913], [20.58342272603876, 35.392933967892674], [32.08592120341749, 81.88068213993293], [60.30929488365908, 79.7110324975277], [0.5914805685770075, 11.678350323012998], [66.96318019028152, 69.92739763399227], [21.764955219376226, 77.50249288183537], [42.60946695815776, 84.79960052771062], [61.96222492840469, 50.13108652592685], [24.72240616748601, 74.47820736617491], [19.51472302535674, 94.50584724125663], [47.55714031067622, 93.87780934518668], [21.50236366059738, 44.44976682289118], [9.799745546348248, 68.26560246432012], [51.776896659253694, 22.513651934104406], [65.82233437073192, 75.49734875473163]]","[[0.0, 70.4075528166554, 62.50893772379485, 102.15410528989295, 88.54383500948138, 22.77206460525918, 64.90037787739034, 56.22200342590194, 20.664649514283596, 106.54895848970321, 40.053577437593795, 31.48953363771275, 38.2555601182892, 92.95690387344807, 85.87496631942913, 24.20351329016473, 44.865722122762875, 63.635050095314355, 14.035686256260403, 104.06466421485509, 52.164523011093344, 86.99590355028704, 54.44073768911917, 80.423380599192, 55.84764982181864, 56.37326155582063, 68.41672921802622, 105.534529868948, 88.75899551126207, 72.68905804413978, 72.51148974673744, 22.81036899125346, 44.46731873376603, 100.36978042590086, 72.80995510505592, 38.92562073352379, 47.72708200103967, 98.4477645997098, 32.95785559940376, 76.31014661317613, 38.571639936826074, 35.86272384788128, 100.11729231581194, 75.95100762382508, 67.00158440519553, 61.39278431480298, 58.06361539264874, 80.82885237313836, 86.46028540432809, 40.06937607314873, 64.90651536162629, 80.01821431026904, 81.96635301812246, 56.715576445551264, 66.76678058346631, 63.2327389602944, 40.948155082582, 9.918962795103177, 63.15545648441927, 84.04013771334927, 38.81435901661038, 63.26409383390015, 18.541074056218935, 40.91407671895703, 89.98404974795952, 51.63421502634965, 21.18037274894046, 23.148666740803392, 61.53936566133723, 24.0974807171558, 6.04785174975554, 24.0206679985634, 54.172559554175066, 33.4609786323226, 80.96563838467293, 47.763660589214155], [70.4075528166554, 0.0, 23.089183706252538, 83.04471750561954, 63.560059516196716, 57.64418013204273, 25.988259269062674, 91.33974829226534, 68.80702091680091, 96.17500558431614, 71.05906240096182, 39.220310624813656, 71.2145747660925, 92.84460306181367, 41.3852973868463, 46.60932706040611, 42.81161096856895, 19.216469277143325, 78.39549454519941, 68.8907928784681, 101.9416805729734, 68.95164560014265, 24.231746905216735, 55.777903500766236, 76.77560617726195, 25.611310592480503, 85.54428261110807, 68.39985801966728, 72.70975270640936, 10.880637036405583, 2.1869528967715794, 59.24231693524352, 48.70256500525125, 131.31698047648214, 83.2927850718776, 32.81930578439387, 69.90344637361383, 71.65447278556763, 64.76346183791614, 21.28446983606424, 60.458094566140524, 45.621840658485134, 73.31204224062755, 27.764624271581077, 42.305628926929934, 88.04713231256389, 97.68098393711374, 71.12378987701301, 84.56666080432167, 52.215980060584954, 68.92834474706495, 36.17001641807007, 39.87076244438344, 91.83961257292069, 49.22111983151138, 88.6306812338289, 33.40123034104837, 80.16326161263507, 55.450116815252606, 50.18650694479257, 33.31310348458131, 93.59571648229037, 63.13595637373751, 36.473773127952754, 124.12516979204719, 35.82030756748869, 74.11508946106593, 52.26904304962621, 53.791420499313176, 71.95406838414712, 74.69724935188178, 46.648317246631045, 87.52589332513723, 88.00444677144736, 82.4326439093522, 33.44256647731702], [62.50893772379485, 23.089183706252538, 0.0, 62.274953462587604, 42.96543764415812, 44.00026386942198, 3.954506771895491, 70.64252029233575, 54.55122200092161, 74.39684112187801, 51.81238507179453, 36.380051581789566, 52.37552011493883, 69.98097881434066, 26.4818025554506, 38.93697092267987, 23.449770602981257, 3.8892436483949675, 66.69293011471942, 51.95111798165582, 83.38905296888129, 47.25081816566513, 8.295090242883825, 34.440052199222336, 55.03401882583539, 6.185505244199496, 62.928716041996914, 52.21322961338491, 50.87894383791752, 15.80860169635173, 24.689460336735873, 45.24177146955316, 28.673331790855798, 108.8229707668428, 60.32849658447845, 24.731646702438198, 49.07029783582308, 52.11247954431701, 47.12103427065734, 14.203696556781216, 41.422925602789654, 29.609914219172406, 53.8772655596513, 13.8058539681486, 19.577350147253497, 66.31293183002734, 77.34298910766228, 48.43422520057831, 61.66520426275206, 33.22624021999495, 45.99013327441129, 20.122460071184832, 23.296426211604945, 71.10982034744403, 26.248442505761286, 66.70995163295682, 21.630461423909605, 71.2764953482572, 32.386285241616434, 31.064268241625253, 24.49361592779984, 72.04848901291251, 50.00118611117025, 21.91664407088766, 102.0544734655843, 15.034973257202859, 59.79387675139219, 40.33250098411367, 30.769616789892332, 56.732788471803396, 65.26282261893752, 39.32426557370673, 66.8112679908059, 71.87728353110114, 59.37491706781537, 15.70764659515018], [102.15410528989295, 83.04471750561954, 62.274953462587604, 0.0, 19.493475710044798, 79.54095558781806, 58.481388672732415, 67.25927728035005, 83.57507921274755, 15.432493105171714, 66.19889790243127, 90.45720981399661, 68.09415885966312, 25.233935879746593, 44.01212478151076, 86.84238612147355, 61.16108792805369, 65.49767650319544, 97.36836371007344, 22.862708398722948, 86.54796867036819, 16.03046061729162, 67.08824707403002, 27.854229001953623, 53.2819257213589, 63.950011772185796, 46.696214780334984, 25.515831773294266, 13.488164620402411, 72.57671376715638, 83.92490920717867, 79.35489430361324, 59.0082579166898, 77.86277680355249, 39.17050566637337, 78.7071291818551, 57.691578011767774, 13.026356989123588, 70.3805747931679, 62.71337822090607, 63.84645210354479, 69.32785686776123, 12.078043407036668, 55.64133535866979, 43.69092954909141, 57.557556575197886, 73.34616629290993, 21.514019765218336, 23.27742809897759, 62.52457166859308, 38.65943867682065, 47.57527823620133, 44.05090951715401, 67.3061783596692, 39.27885232892667, 56.09033392724796, 73.65799845035268, 106.73841492902014, 39.65095053099576, 33.10949886016122, 77.89190617139913, 61.96444629264898, 83.73553372516264, 70.17430143932933, 77.27635686455683, 59.17195360385909, 86.42008664965867, 81.09642857214179, 41.52882637690635, 82.20028721911305, 101.24465702793431, 87.52489085469196, 65.15442474654033, 88.45978852190359, 28.216730922134786, 64.85681761038384], [88.54383500948138, 63.560059516196716, 42.96543764415812, 19.493475710044798, 0.0, 65.79961187425938, 39.12105678990767, 64.15128134255865, 71.79118378897502, 33.24932467409015, 56.961402213988165, 73.10902811219123, 58.67894341989773, 35.31010520751341, 25.61951390827611, 70.68635407959881, 44.98253596309416, 46.0927916884076, 85.92127711935892, 17.0904231600957, 82.75176899286664, 8.178603469958327, 48.24436220817154, 8.988573496913315, 47.62815388831651, 45.059407204324245, 45.83768269688973, 19.419322072874504, 11.541402721828351, 53.13870964358191, 64.4635334141708, 65.95150143150143, 44.13975176572249, 85.86481467139646, 39.04950120184458, 61.02318044873162, 49.05640507020101, 10.1196677256368, 59.01239933722588, 43.40187504243519, 51.88316136729654, 53.75480706404197, 11.892907401143807, 36.27452885641823, 25.1239608289042, 55.310639482409606, 71.02588884583439, 16.9144789098057, 28.82251344441017, 48.509813580614285, 31.428862988079633, 28.398914806517432, 25.02177433328553, 64.3545231118431, 22.258625534432344, 54.378032168817015, 56.085590385101305, 94.38190575787084, 25.75188135626495, 13.963945492314899, 60.27937209231847, 60.77472277635382, 70.73354680575314, 53.02287586239638, 82.8837368315445, 41.47085128758844, 75.47807882672338, 66.22702777508077, 27.146147662900606, 71.28728281895349, 88.5483337684843, 71.33243754538141, 61.19676958563408, 80.54904621752401, 30.613350434436747, 47.10149925162232], [22.77206460525918, 57.64418013204273, 44.00026386942198, 79.54095558781806, 65.79961187425938, 0.0, 45.58261857999424, 42.795146661384706, 11.16284089818882, 84.64542904760292, 22.182764689009502, 25.72841068042502, 20.952406955965102, 71.9497366906755, 64.81148635528164, 15.855801500647544, 23.119371041954295, 46.04930702667481, 22.827675573091845, 81.49225217605093, 46.82809789900026, 64.26071203573757, 36.8064434069632, 57.77494620051899, 36.77980704228896, 37.878317991922444, 49.54086758785994, 83.04585425826627, 66.10436245088826, 56.92357552575086, 59.830846276192965, 1.7474958926847888, 21.845021251931822, 87.90458868892718, 52.66579712012787, 25.106829436771864, 27.876316508699535, 75.68184243952321, 13.525650675223465, 58.203367692620546, 16.83722940170628, 14.675074336960757, 77.34793189204329, 56.46520695773678, 44.98577641336375, 44.91282376808216, 47.0662896887373, 58.34682987821689, 64.94402444846982, 17.30082207878203, 43.05979026333597, 59.315370716113314, 60.84190846142333, 43.342142718242414, 44.17582663815145, 46.477085845268356, 24.417096774837855, 29.155204890620286, 40.3874185980335, 61.863265303778675, 24.47570947204959, 48.40264934299093, 6.013260357978031, 22.37101778648622, 78.37222707321637, 30.899358542298653, 16.478067095404008, 6.2886790563445825, 38.76777139309918, 14.56769636491139, 23.113171448567993, 16.40968544580482, 39.691579100306924, 30.726677873919538, 59.679960611954016, 28.325609780359127], [64.90037787739034, 25.988259269062674, 3.954506771895491, 58.481388672732415, 39.12105678990767, 45.58261857999424, 0.0, 69.81106023127737, 55.8345713047144, 70.80034113879886, 51.69648068224663, 39.75555734313919, 52.39847658991975, 66.85872209129644, 22.83055776008918, 41.69454816054397, 23.934716444321584, 7.082300434690922, 68.38883473013864, 48.01149245893922, 83.28365524209997, 43.603518760394486, 11.551150841449365, 30.68387066791293, 53.775309314127455, 8.804520117239175, 61.02752199360446, 48.29879098051678, 47.27077721126126, 17.52801852237218, 27.415019942250073, 46.721381568913586, 28.665590056976505, 106.92722920035635, 58.04045868371902, 27.856872066716296, 48.33026513800291, 48.19631794583145, 47.60364525520999, 13.33322063953477, 41.52689673806144, 30.977440735131808, 49.95720647962806, 11.053774395262616, 16.32070053293434, 64.99733141938582, 76.62963422707116, 45.1742832134511, 58.57841981943855, 33.519325457850236, 43.7901054621144, 16.474516521682116, 19.511657158229724, 70.26190213737995, 23.269612911466723, 65.2854306328875, 24.337940975785948, 73.43715573855522, 29.975337556816324, 27.11120504424954, 27.529608470710986, 70.80909421594114, 51.59545456364746, 24.01965050770685, 100.44621871915166, 15.351582464200687, 61.00216472201247, 42.34484147248418, 28.49903466709236, 57.75920780852234, 67.38189536881328, 42.12274081437954, 65.99254744150569, 72.53696990395456, 56.52583762974096, 17.35832010462378], [56.22200342590194, 91.33974829226534, 70.64252029233575, 67.25927728035005, 64.15128134255865, 42.795146661384706, 69.81106023127737, 0.0, 36.58767571609232, 64.08228040250674, 21.501947171658887, 67.951112895728, 22.184827102079982, 47.45118230514101, 78.47724963078848, 58.48151121979901, 48.52995093211969, 74.1751846292484, 44.39334780470719, 80.93115310266205, 19.289664331888055, 57.8490794461431, 67.14992732180686, 60.65913686672651, 17.278083102508386, 66.22038493044347, 20.755111899752748, 83.4463303294413, 57.08694963927074, 86.38579827855574, 93.37253299203479, 41.225120673937546, 42.64573031735526, 45.19434123919047, 28.194440522020173, 63.4546845871053, 21.58247150231175, 70.85957398545564, 29.856130943889045, 82.75749705066012, 31.498298011258345, 47.52333200739891, 71.87285701567028, 77.68307107305095, 58.50968604664643, 9.774570044770865, 7.122961684188076, 48.42203373281907, 44.71987869136928, 39.380887724572126, 32.98358540423644, 75.682067627697, 75.02514708783968, 0.5485839925454762, 52.54139686653777, 11.464228339097595, 60.23349024204549, 54.89347598632756, 44.16827921970422, 69.33869470539008, 62.54309406202985, 7.665707433633715, 41.64215402666942, 56.15672583315637, 35.58762441552126, 55.94542230590766, 35.041642834169274, 48.747756578346035, 44.478168006560765, 32.50512670249491, 51.87347169283595, 59.083479258729874, 3.8330228163209132, 26.93108058455279, 39.22339488171659, 57.919078337030356], [20.664649514283596, 68.80702091680091, 54.55122200092161, 83.57507921274755, 71.79118378897502, 11.16284089818882, 55.8345713047144, 36.58767571609232, 0.0, 86.77270631378494, 19.434421421752894, 35.50055949438282, 17.608428402314487, 72.65182760161916, 73.82759625252586, 25.44494600724536, 32.422477577432964, 56.81374507088425, 14.138907527365488, 88.18322825351719, 37.05717281053141, 69.11380858834771, 47.659880815336365, 64.4213504217352, 35.23417517455744, 48.51509665711439, 47.75687899524382, 89.96923291380152, 70.43098829509674, 67.91886342837631, 70.9936862333742, 9.595963984010423, 29.638360997493404, 81.56334335308281, 52.30284067365216, 36.22030668791348, 27.37655473259482, 81.30784919729355, 13.200897545270992, 68.73190784047031, 19.967534610821467, 24.9422185196003, 82.87807062138486, 66.51792381159365, 53.265571344380234, 40.923931901969226, 39.555993440793614, 62.06678554198769, 66.46730157316665, 24.442314599897447, 45.40237651089832, 68.66216440136657, 69.84952034982152, 37.110224021172726, 51.26852448464009, 42.72529871946519, 35.54845574547151, 23.199397745434162, 46.04134082393364, 69.63244543093494, 35.6123182704941, 43.22401051945495, 6.2700560733135555, 33.28450843914703, 71.52864648317185, 40.73487646563271, 5.334340824651185, 16.91782255276332, 44.74211865828545, 4.336022412665858, 18.03279882500551, 25.847065944133135, 34.13471035107582, 19.881622069429763, 60.85908503303941, 38.84912056392187], [106.54895848970321, 96.17500558431614, 74.39684112187801, 15.432493105171714, 33.24932467409015, 84.64542904760292, 70.80034113879886, 64.08228040250674, 86.77270631378494, 0.0, 68.00442960824493, 99.06432999886435, 69.93894065667331, 16.8323899775039, 58.65668720954553, 94.14847464905193, 69.26046524796915, 77.88264155751072, 99.86453125596904, 38.129890851868026, 83.01657743416426, 27.23610530028876, 78.18572421472523, 40.400483609824825, 53.18998517206014, 75.18288899082425, 43.537414938053054, 40.70119025024615, 23.52979820221583, 86.02904443713747, 97.2290457089294, 84.15341835117107, 65.98874805342875, 66.05156918960526, 36.561188036809114, 87.94527134066905, 59.579823168249966, 28.396238233991326, 73.74402454523674, 76.53503630778306, 68.05128782357482, 76.52353357074031, 27.510128520033753, 69.36754181503119, 55.02855779068753, 54.38728276786455, 69.21677529192506, 27.691205371467337, 20.47533120155807, 68.5673761047264, 41.66037306961483, 61.63519789437135, 58.269329688930874, 64.00313998967854, 49.3844266737122, 52.62180145285238, 82.86667955078485, 109.8521919127328, 47.33757890699836, 47.211835811225974, 87.0576104201865, 57.62349701092137, 88.02394520814134, 78.98172295356513, 67.0801481911525, 68.92977972119377, 88.78377098145599, 87.22784265731757, 49.37246477903824, 84.68314334356666, 104.79102700622084, 94.85567948669086, 62.78049606119994, 88.18050015033498, 26.250792089112164, 74.50619831149913], [40.053577437593795, 71.05906240096182, 51.81238507179453, 66.19889790243127, 56.961402213988165, 22.182764689009502, 51.69648068224663, 21.501947171658887, 19.434421421752894, 68.00442960824493, 0.0, 46.622892907712206, 1.9350072731320456, 53.396301830696856, 64.72061323657329, 37.406867893027226, 28.606921332044465, 55.035362506865894, 31.86746553723391, 73.95392651708876, 31.59671632390752, 52.88942426296813, 47.18130226193002, 50.89076042227516, 15.8007179375442, 46.72929798599516, 28.401518058340653, 76.06898942702266, 53.58783622251346, 67.17292229622619, 73.15527937519992, 20.81233552321446, 23.139443224538958, 66.07127541182071, 32.907934463645795, 42.03064742336096, 8.536552961424219, 65.72303778937379, 8.694373518070837, 65.00359692282574, 10.606468861697781, 26.23236438426832, 67.1370210384393, 60.925733002784135, 43.639192639766016, 22.738059014853565, 27.004141664136267, 44.83509103690293, 47.56152412055399, 18.897971835203954, 27.53946586706596, 60.69377867152714, 60.900827609180965, 22.04610102569374, 39.38436630643939, 24.33735910136312, 39.02514561954091, 42.00157759615688, 32.19554152677728, 57.89154654396328, 41.1332490958167, 26.364141402963416, 22.612446987085228, 35.1119403511869, 56.890466411058995, 36.78042343514789, 20.792132901467934, 27.738637990786867, 31.554351399997365, 16.757271944299656, 37.302576715869876, 38.04202551257665, 18.02456391891631, 23.73148359541089, 41.853666998121106, 37.72955880487416], [31.48953363771275, 39.220310624813656, 36.380051581789566, 90.45720981399661, 73.10902811219123, 25.72841068042502, 39.75555734313919, 67.951112895728, 35.50055949438282, 99.06432999886435, 46.622892907712206, 0.0, 45.77449438771552, 89.30914605046566, 62.520317094688835, 10.060819081095275, 29.81010010362166, 36.1737181814176, 41.334620988809036, 85.75326792898443, 72.35097305688288, 74.42675146215461, 28.208867225039924, 64.1516155581999, 59.06199913417164, 31.063356773731066, 71.2132236296711, 86.53943144421459, 77.27136570047205, 42.919913146041345, 41.271706170290635, 27.44993219767369, 33.71782537158846, 112.6660761607564, 72.54485648202647, 12.296210012794713, 50.14935228808564, 83.15982383775683, 38.097731138709534, 48.55288653955866, 38.119818571202565, 23.62321734199627, 84.95528184144399, 50.11787242291213, 48.257427796075845, 68.72687258884609, 72.63160417221069, 71.38957562728875, 81.38391468175749, 32.882775505692265, 60.06205994189949, 56.1917744377689, 59.00742602770346, 68.49954618912852, 51.26906729214745, 70.05626924517307, 17.04477022114177, 41.37745706388781, 51.733010598566196, 64.44224232650978, 12.922960148015724, 72.90970074726783, 29.230510368838782, 20.284103108337227, 103.48603863381345, 31.642191475073417, 40.2049615019185, 19.469168924719852, 49.70486170603242, 39.59099842602975, 36.294604812046536, 9.660725166759393, 64.61396769420512, 55.284584840129924, 76.98625180965404, 26.055722332036023], [38.2555601182892, 71.2145747660925, 52.37552011493883, 68.09415885966312, 58.67894341989773, 20.952406955965102, 52.39847658991975, 22.184827102079982, 17.608428402314487, 69.93894065667331, 1.9350072731320456, 45.77449438771552, 0.0, 55.3068977418736, 65.95373516727051, 36.40036121063028, 29.03415932729882, 55.52101087611991, 29.934932851373198, 75.64435775308891, 31.037408071512736, 54.706538401478355, 47.48651699242184, 52.48890128505429, 17.639484440063296, 47.16283504107429, 30.165441191870478, 77.73592830150513, 55.446766111881885, 67.61053903992955, 73.32669476136087, 19.509318288143596, 23.750379198769256, 67.05037084596921, 34.79053995272237, 41.66222784579325, 10.458507420820977, 67.50682340402271, 7.677690337425275, 65.72498412189469, 10.96359244102534, 26.05255787126815, 68.93291467951654, 61.81306825305602, 44.842418257608806, 24.113272325877137, 27.324125191084004, 46.711220107296164, 49.49479488539557, 19.24887943450103, 29.436040269638607, 61.80837856684749, 62.108580176447425, 22.732848203765432, 40.78826938265166, 25.772631146184555, 38.854605702653664, 40.08416778061731, 33.75470546456278, 59.34793503248332, 40.784023793490135, 27.454282359208232, 21.019439469208983, 35.05531017929551, 57.7177198799106, 37.34422418070695, 18.861364719487693, 26.686559679344352, 33.04297355515498, 14.841025062121478, 35.421300376544046, 37.02025565701459, 18.86387709371402, 22.182129709165235, 43.78466135553354, 38.00970787700718], [92.95690387344807, 92.84460306181367, 69.98097881434066, 25.233935879746593, 35.31010520751341, 71.9497366906755, 66.85872209129644, 47.45118230514101, 72.65182760161916, 16.8323899775039, 53.396301830696856, 89.30914605046566, 55.3068977418736, 0.0, 60.16538529924859, 83.17331863668306, 59.86889900050033, 73.7597633933687, 85.13676485118023, 46.49249322002713, 66.25595884430335, 27.275022356388998, 72.08699939714384, 39.305785372358216, 37.93065640574602, 69.39300601585725, 27.188448442612472, 49.28740649830739, 23.773988701681592, 83.59774850760773, 94.21453652354201, 71.22764236195229, 55.595977454791274, 52.734781629346045, 20.74816265076475, 79.15964731372898, 45.2836237746165, 35.27873382417208, 60.008943070984664, 75.19265677384531, 55.113750081580896, 65.91626122717778, 35.231343160773115, 68.0986075567894, 50.539065884806696, 37.84272708682109, 52.422927059042145, 21.876252585248086, 8.351334532674192, 57.16729001412205, 29.425266757906886, 61.48041526971551, 58.675998988199446, 47.34736395653298, 43.74415010360181, 36.024215404582286, 74.19660640708952, 95.38728397776224, 39.05393208007869, 48.151437377967675, 78.21315258586225, 40.84141021816606, 74.63455425035046, 69.9820506481628, 52.11719699569967, 61.46315414392107, 74.11541349671907, 75.33117617947869, 41.04752937812571, 70.14754149232743, 90.64780302569481, 83.8893313347387, 46.359632755837374, 72.23017170845725, 12.401609486007711, 66.65909377949774], [85.87496631942913, 41.3852973868463, 26.4818025554506, 44.01212478151076, 25.61951390827611, 64.81148635528164, 22.83055776008918, 78.47724963078848, 73.82759625252586, 58.65668720954553, 64.72061323657329, 62.520317094688835, 65.95373516727051, 60.16538529924859, 0.0, 63.683211681086675, 41.70649499682822, 27.942343551060894, 87.38444149822872, 27.50670363561488, 94.97070984981033, 33.072930865264794, 34.36190721530469, 21.23436090288769, 61.222685954930036, 31.457779176933578, 64.14306373528657, 27.0800032234952, 36.81233474610319, 30.506330199606346, 41.78830562987054, 65.61891217168416, 44.302813164263775, 108.0446947190633, 58.814628719933964, 50.46469505079689, 58.8446803310153, 31.507819184664314, 63.21776643465993, 20.107187842358492, 56.16973903944958, 50.33919722233209, 32.99136410051458, 14.128907173329779, 21.125499499737913, 71.33190777864215, 85.59870642905034, 39.23891671216349, 52.846477118539546, 49.56789657844442, 46.756525067163444, 6.361976476502801, 3.9795586744161238, 78.82166423126603, 25.998585539988248, 70.98514956928791, 46.53064672341989, 93.72147938757355, 34.31071063985348, 12.014303316853091, 50.05319813620727, 77.24362643294523, 70.66741537807468, 45.32149228504051, 103.56974212180883, 34.25118935322278, 78.59402945053394, 62.78640447314646, 34.1349962044114, 74.83534142894115, 87.62397810127176, 64.175211894983, 74.91783583986613, 87.80284482077883, 53.1127435040738, 38.382934504239024], [24.20351329016473, 46.60932706040611, 38.93697092267987, 86.84238612147355, 70.68635407959881, 15.855801500647544, 41.69454816054397, 58.48151121979901, 25.44494600724536, 94.14847464905193, 37.406867893027226, 10.060819081095275, 36.40036121063028, 83.17331863668306, 63.683211681086675, 0.0, 25.78606661556295, 39.71503979644286, 32.138075789680954, 84.68180554065965, 62.304708520487104, 70.92114792401848, 30.70219759984404, 61.93213067998767, 50.77638850630831, 32.94786903165533, 63.25819962356813, 85.77655585482468, 73.41856998880819, 48.48554511041152, 48.75311108237784, 17.544351711529043, 28.170526806078154, 103.44667920049886, 65.29987832032127, 14.748364330750807, 41.76733919884609, 80.80544631505998, 28.750265322149414, 52.41034381096323, 29.795530092494936, 17.64421781260058, 82.57095159734402, 52.639222655732524, 46.810348774580135, 59.88525796868493, 62.910542193450254, 66.73965698991871, 75.54509346367277, 26.007992942232793, 53.74817570974146, 57.550690471191864, 59.91271877162329, 59.02984449106196, 48.438986740934745, 61.319809748034935, 17.35891948858409, 33.71086219239779, 47.30966064652176, 63.71097159774505, 14.703401421689811, 63.77100403789248, 19.175258784049486, 18.512037475115648, 94.06718763618606, 30.251434547039583, 30.20308440397187, 9.73423123416424, 45.367773500333755, 29.531016263138945, 28.108487631046696, 0.7160809204841476, 55.25898570335602, 45.255311082180654, 70.77277344237969, 25.385761817243914], [44.865722122762875, 42.81161096856895, 23.449770602981257, 61.16108792805369, 44.98253596309416, 23.119371041954295, 23.934716444321584, 48.52995093211969, 32.422477577432964, 69.26046524796915, 28.606921332044465, 29.81010010362166, 29.03415932729882, 59.86889900050033, 41.70649499682822, 25.78606661556295, 0.0, 26.494014289632165, 45.71267163812286, 59.56309665028258, 60.07105524170789, 45.18946142257524, 18.670781193643688, 36.34272746021776, 34.6279262524173, 18.13190528236002, 44.982391876345986, 60.87923994707963, 47.80071620391715, 38.58078692967038, 44.85342812135779, 23.91615612711619, 5.957933193769614, 89.75617516872292, 44.67393315897652, 19.33296950687546, 27.17185119611274, 55.09272749823516, 23.710846295605606, 37.19961803794423, 18.073398244251642, 9.035748922780739, 56.847635524087096, 34.25183540757128, 22.13638775157365, 45.73078957142853, 54.898474106949635, 41.60018321331196, 51.79890195717313, 9.800666776789335, 31.123022760230384, 36.31690003438071, 37.73310156774406, 49.031378328557615, 22.726188559182237, 46.51892047589615, 14.4939276172621, 52.16909406011185, 21.950182033480516, 39.18907314064904, 18.37391290240425, 51.07464564131557, 28.961955814771436, 10.15291834354971, 81.92181657100807, 8.583498122038156, 37.42989089034225, 21.80527638544975, 19.935872614504152, 33.9907359578047, 46.08523354552174, 26.451274143563825, 44.71934385872195, 48.604374469080426, 47.68871766114727, 9.40630382700367], [63.635050095314355, 19.216469277143325, 3.8892436483949675, 65.49767650319544, 46.0927916884076, 46.04930702667481, 7.082300434690922, 74.1751846292484, 56.81374507088425, 77.88264155751072, 55.035362506865894, 36.1737181814176, 55.52101087611991, 73.7597633933687, 27.942343551060894, 39.71503979644286, 26.494014289632165, 0.0, 68.54874536703231, 54.23851177426695, 86.5579199781899, 50.683697812414614, 9.320804957842888, 37.735832067908134, 58.73393486424426, 8.452366926357001, 66.77520233350963, 54.33208074633151, 54.3530666979396, 12.215014980541342, 20.801300970848082, 47.37588557602372, 31.936468033701228, 112.66043446891537, 64.2150716094798, 25.130827489188462, 52.592869991941896, 55.01056031978126, 50.00432039943137, 12.695868572570058, 44.55746415142797, 31.959964631508864, 56.75599579509708, 14.305463694527836, 23.27425889204189, 70.02140373932791, 80.8201761568151, 52.15117003495462, 65.45494596577613, 36.29403273631974, 49.87374012898542, 21.682333241913373, 25.114180919273245, 74.64877797372023, 30.054538896096968, 70.44986264022998, 22.72202168640668, 72.64305872951708, 36.274627932288695, 33.721700214135296, 25.04313844370963, 75.72957724775127, 52.00918648054098, 23.711965302800973, 105.83121714096676, 18.318443544942923, 62.10193520084162, 41.98771834704453, 34.65836322103525, 59.19575798255499, 66.69096230645476, 40.04240155798487, 70.34226327256663, 74.577283022803, 63.22550728321598, 18.10421238035101], [14.035686256260403, 78.39549454519941, 66.69293011471942, 97.36836371007344, 85.92127711935892, 22.827675573091845, 68.38883473013864, 44.39334780470719, 14.138907527365488, 99.86453125596904, 31.86746553723391, 41.334620988809036, 29.934932851373198, 85.13676485118023, 87.38444149822872, 32.138075789680954, 45.71267163812286, 68.54874536703231, 0.0, 102.31914613395882, 38.33589680163153, 83.12361047970879, 59.239828451107265, 78.55229941515374, 47.23642794419134, 60.533374365833005, 59.13957546375249, 104.09499140304992, 84.33488751956162, 78.9390967220068, 80.5658127351758, 21.825916660959535, 43.48766764668934, 87.42195418173826, 64.48051277685542, 45.66249598454703, 40.29783866878199, 95.40460725974016, 27.09499932619452, 80.8780878885769, 34.061463900754624, 37.49941789217289, 96.96314713621284, 79.29107260303628, 67.0922773788079, 50.815500670590986, 45.30714368432682, 75.857272079066, 79.42866886340389, 38.37659762665157, 58.92536667551711, 82.02018799592, 83.40602816535022, 44.84559364048767, 65.3480575287505, 52.742193863329284, 46.231335130778966, 10.5770468111228, 60.174359877288566, 83.62704154883173, 45.27184361610879, 51.80218527116013, 16.83205200857324, 44.85479674553022, 76.88806166664584, 53.69815679470661, 11.08122008033, 26.650064310372045, 58.88100794669387, 15.228706895002476, 8.270173407815635, 32.249772809455024, 42.89453656270787, 19.74610914827268, 73.71855966075042, 51.08329676427763], [104.06466421485509, 68.8907928784681, 51.95111798165582, 22.862708398722948, 17.0904231600957, 81.49225217605093, 48.01149245893922, 80.93115310266205, 88.18322825351719, 38.129890851868026, 73.95392651708876, 85.75326792898443, 75.64435775308891, 46.49249322002713, 27.50670363561488, 84.68180554065965, 59.56309665028258, 54.23851177426695, 102.31914613395882, 0.0, 99.69427287700539, 23.248448955773227, 58.79417375422275, 23.788404569547247, 64.6229927466469, 55.617505627882835, 61.96164345443342, 2.802241794728453, 24.906941519394667, 58.01270647893998, 69.28200292245407, 81.79965026063203, 59.65019828565859, 99.00286780299393, 54.82496535486534, 73.46109146583015, 66.12316671386066, 11.291387356002042, 75.62849826532424, 47.61368625595187, 68.42134936725117, 68.56520024450259, 11.285881054007788, 41.38646588626027, 37.87587118165226, 71.87338710471938, 87.71277755720332, 32.77564900092172, 41.98599980358351, 64.35749282650434, 48.43632263806467, 33.02336143190438, 29.366129383050236, 81.11086182390527, 37.3178639969125, 70.82067048686349, 68.81794814995496, 110.41915524721202, 42.28810481084993, 21.337670717893996, 72.84028533663829, 77.16362985601764, 86.70015535261162, 66.38519528026507, 97.19252959301402, 54.5544252315148, 92.07548285575844, 81.28176416529543, 43.45983623126034, 87.91810376078264, 104.48825476098608, 85.2836698543337, 78.08109474593354, 97.59026624619928, 45.214295199708644, 59.87154357057282], [52.164523011093344, 101.9416805729734, 83.38905296888129, 86.54796867036819, 82.75176899286664, 46.82809789900026, 83.28365524209997, 19.289664331888055, 37.05717281053141, 83.01657743416426, 31.59671632390752, 72.35097305688288, 31.037408071512736, 66.25595884430335, 94.97070984981033, 62.304708520487104, 60.07105524170789, 86.5579199781899, 38.33589680163153, 99.69427287700539, 0.0, 76.7898389939791, 78.45617791683804, 78.55325505996393, 35.14898994886692, 78.19737319424306, 39.99287974935548, 102.14370428866897, 76.20477524189621, 98.64306488865624, 104.07936397272961, 45.08100148922783, 54.72499825630075, 50.78260783299322, 47.46700546548453, 71.04422647732375, 36.14603336091061, 89.86733723847038, 37.18695807511746, 96.57822754152134, 42.00062194878768, 56.36792281385106, 90.93755725449161, 92.3196915155994, 74.23357343013289, 29.030779223667945, 13.915361720630969, 67.4530786036558, 63.949149149061085, 50.28039883319709, 51.33532283405743, 91.48808441949771, 91.3057312178234, 19.258992593687335, 69.03459421013629, 30.61594500092544, 68.97171309755207, 47.528941181569216, 60.97433840708156, 86.76040253091666, 70.26040989439917, 25.42165377172085, 43.26502253804353, 65.5146372403721, 40.02743107154803, 68.3540803213093, 33.06587679520167, 53.10191664028825, 60.89908911897814, 32.825641693288325, 46.60276127367825, 62.75780127412288, 21.668852074421157, 18.716360218515547, 58.49643166691005, 68.97325266754227], [86.99590355028704, 68.95164560014265, 47.25081816566513, 16.03046061729162, 8.178603469958327, 64.26071203573757, 43.603518760394486, 57.8490794461431, 69.11380858834771, 27.23610530028876, 52.88942426296813, 74.42675146215461, 54.706538401478355, 27.275022356388998, 33.072930865264794, 70.92114792401848, 45.18946142257524, 50.683697812414614, 83.12361047970879, 23.248448955773227, 76.7898389939791, 0.0, 51.49122083628953, 13.217696856152342, 41.95749014129752, 48.40430567932724, 38.7191458219579, 25.887167860798765, 3.8322750039957625, 58.888014201483244, 70.03246364600916, 64.197451424218, 43.27981351387193, 77.73959889380477, 31.6464746755161, 62.69565052566221, 44.61648248459312, 13.123506449930778, 56.02936657241854, 49.60996692054684, 49.17361361437691, 53.4812915056956, 14.357269108471272, 42.423627405303954, 28.112978046101777, 48.673055985476445, 64.5538077795147, 9.52746377650716, 20.643910947410888, 47.06199067109108, 25.992299766025468, 35.05928855013783, 31.951897208242464, 58.00831369309034, 23.28445354002885, 47.58750071721421, 57.64066612967941, 92.1072251724118, 23.97225028162186, 21.096934532236354, 61.87485398192683, 53.91977195550722, 68.75296576534262, 54.143894869907676, 74.94653307771078, 43.18828917535094, 72.37182696441155, 65.45973461255464, 25.761361130038818, 68.14385333022861, 86.45071419004393, 71.59839230197723, 55.12581958514329, 76.06666536696656, 22.626994981770476, 48.86967425231392], [54.44073768911917, 24.231746905216735, 8.295090242883825, 67.08824707403002, 48.24436220817154, 36.8064434069632, 11.551150841449365, 67.14992732180686, 47.659880815336365, 78.18572421472523, 47.18130226193002, 28.208867225039924, 47.48651699242184, 72.08699939714384, 34.36190721530469, 30.70219759984404, 18.670781193643688, 9.320804957842888, 59.239828451107265, 58.79417375422275, 78.45617791683804, 51.49122083628953, 0.0, 39.3744052286324, 52.60887939457, 3.208263898926716, 61.829712770644946, 59.28242494696718, 54.910016764231216, 20.44349653533289, 26.23330153194439, 38.16840204906421, 24.504943571282624, 107.38531546578662, 60.203969558475485, 16.439251712364964, 45.678430055560106, 57.85658503678563, 41.51784003959707, 21.89246298823936, 36.586656389268995, 22.96171212329679, 59.649965005834574, 22.09766983496477, 23.408790215253838, 63.860970465012706, 73.56490117341166, 51.23418059146763, 63.738951723667164, 28.28388979585068, 45.89598046319553, 28.014367619462536, 30.95058695796589, 67.6457169780653, 28.88153516157585, 64.48879234153053, 13.492713645579629, 63.36683120036594, 33.24768428542355, 37.54728058519231, 16.200536172489848, 69.37754755812549, 42.74426885929334, 14.43835983015026, 99.98884429335331, 11.77110511498719, 52.96833884559862, 32.66715712265877, 31.36314098749024, 50.1804049740508, 57.39846230888758, 31.07330385054892, 63.329819270288, 65.76453602381419, 60.76630420802712, 9.48293611603896], [80.423380599192, 55.777903500766236, 34.440052199222336, 27.854229001953623, 8.988573496913315, 57.77494620051899, 30.68387066791293, 60.65913686672651, 64.4213504217352, 40.400483609824825, 50.89076042227516, 64.1516155581999, 52.48890128505429, 39.305785372358216, 21.23436090288769, 61.93213067998767, 36.34272746021776, 37.735832067908134, 78.55229941515374, 23.788404569547247, 78.55325505996393, 13.217696856152342, 39.3744052286324, 0.0, 43.55885442218482, 36.20531095795735, 44.168581992733536, 25.55778079766959, 17.025239524146055, 45.67092194893898, 56.83199243902518, 58.04373138228438, 35.959269455347844, 87.01095964118322, 38.225298945273245, 52.04485545190529, 43.502146271404555, 19.010679611572193, 51.98136633253834, 36.447991791982005, 44.74132706277126, 45.228529267634634, 20.804442356101426, 29.264685570294706, 16.14744607927075, 52.515605099555636, 67.71411981195885, 18.014105231045242, 31.726266368780745, 40.588486309779306, 27.748456332134815, 22.197949226789895, 19.393015394764898, 60.928076792079914, 13.696336342673462, 51.87138430325982, 47.11940555455522, 86.64155708308766, 18.77160334927978, 9.560680854512931, 51.30657264142658, 58.26982652465085, 62.92584397792392, 44.11655154173723, 82.95311448754676, 32.509460351914015, 68.39176567840933, 57.83245641791089, 19.769806633358566, 64.26015564193003, 80.7243619156153, 62.56854443710998, 57.40237068482574, 74.62174128405388, 31.893320242816383, 38.127375409250966], [55.84764982181864, 76.77560617726195, 55.03401882583539, 53.2819257213589, 47.62815388831651, 36.77980704228896, 53.775309314127455, 17.278083102508386, 35.23417517455744, 53.18998517206014, 15.8007179375442, 59.06199913417164, 17.639484440063296, 37.93065640574602, 61.222685954930036, 50.77638850630831, 34.6279262524173, 58.73393486424426, 47.23642794419134, 64.6229927466469, 35.14898994886692, 41.95749014129752, 52.60887939457, 43.55885442218482, 0.0, 51.223870840541274, 12.785297585849985, 67.03764908238772, 41.76847619327311, 70.8405596659262, 78.70874976372868, 35.65975206894598, 28.70840805611171, 55.15459395836698, 17.244601477923663, 52.056661340857744, 9.015839028492177, 55.08070233798331, 23.54549825680436, 66.38793395942744, 21.009475144386254, 36.18863979266613, 56.25765426374131, 60.97237283572392, 41.498513562290306, 11.292643350823107, 24.39951666550154, 32.8755864009614, 32.74735085378403, 26.967066502308256, 16.19932573255358, 58.56546795682321, 57.8050141803569, 17.606838667217296, 35.334070118070194, 11.902146717847083, 48.03214088858702, 57.56505092218573, 26.928463200460154, 52.10158500732739, 51.08648124687037, 17.03486532517453, 38.1373946887368, 43.66357823416975, 47.38596018111502, 40.958311912918724, 36.26076246589045, 41.55496300704486, 27.334210860476414, 32.38864491854994, 53.04189528877275, 51.462798465984875, 13.860819641248394, 35.31842453886858, 26.952825024509803, 43.90796422035931], [56.37326155582063, 25.611310592480503, 6.185505244199496, 63.950011772185796, 45.059407204324245, 37.878317991922444, 8.804520117239175, 66.22038493044347, 48.51509665711439, 75.18288899082425, 46.72929798599516, 31.063356773731066, 47.16283504107429, 69.39300601585725, 31.457779176933578, 32.94786903165533, 18.13190528236002, 8.452366926357001, 60.533374365833005, 55.617505627882835, 78.19737319424306, 48.40430567932724, 3.208263898926716, 36.20531095795735, 51.223870840541274, 0.0, 59.99691419851005, 56.13097241383437, 51.85357551481872, 20.448898406046634, 27.50069226422648, 39.148381410522376, 23.721676236293057, 105.7164241166766, 58.06446996923038, 19.0671470