instance_id,num_cities,city_coordinates,distance_matrix,best_route,total_distance
1634,80,"[[64.61684612985754, 21.835117672085403], [24.654643275361686, 37.95146839533135], [43.60740664235817, 44.06491417671498], [1.8297350245767063, 86.5558484110178], [97.49706830144721, 83.09654312996587], [0.6181906434826967, 6.050146829288849], [16.228123468548716, 55.30498977238716], [88.32597105142422, 20.75243313070443], [13.493457292984534, 3.799600083888899], [63.10353385797344, 18.30507968359426], [35.54985625028151, 63.29231806834018], [25.176490258579186, 91.10473333927331], [18.45233095090085, 30.719067676448265], [39.49878732374147, 93.02785665139697], [66.06061960834666, 27.37201417131212], [6.653164206446361, 14.538077142386419], [36.393308070988006, 11.89897143522517], [75.99727898290821, 36.4514535200536], [37.68194416603844, 71.47312604913459], [99.33145064235465, 80.72545094105271], [31.496961797763323, 90.41824954993136], [87.55675868614048, 47.36815475183474], [14.505151096364255, 78.12442561654287], [39.22731646232207, 10.49108579083795], [11.877373643651524, 45.74832095619752], [84.7259245890914, 4.0492299935459], [98.29839138995028, 84.615623542291], [65.63478022881726, 65.85329392367434], [36.31270349060682, 13.864456106315004], [60.0584400098075, 96.63548296028827], [50.10729580253129, 30.28210073329969], [60.55306788498196, 15.242926332651896], [7.037209438116787, 22.623229928620614], [29.275447271901132, 26.026241215562052], [55.07428756741988, 0.7634833824135323], [31.698331382336555, 59.17730635001753], [53.56327813219494, 36.82084709654866], [19.239963018676708, 0.5285925606035136], [82.04669598709823, 14.517247246049347], [81.2638712373525, 57.18649594344652], [41.78964340409601, 74.25296026774294], [97.05644854951323, 99.12624130404134], [55.604059198094546, 82.61946689711749], [88.26537015730106, 42.28966793822848], [5.525424174862515, 98.7042199816064], [21.541120596126405, 27.455477950834528], [10.262560839045044, 75.53325821856708], [85.51432178788988, 52.53273320483902], [42.18910531874233, 5.021173073262341], [12.316325695194008, 98.97732580720727], [14.970533869643443, 81.2006948647947], [85.14892479622581, 62.57280097952521], [67.77034234081157, 70.9999330403553], [44.419642360584746, 53.34286818957869], [90.57130825281838, 86.4542200505825], [86.30276713174908, 32.76056559737059], [92.36581949174119, 10.140680868305353], [70.10066751904401, 77.31403802370971], [90.95697812065828, 40.29767170953714], [27.67990707647191, 91.65865088723055], [27.918890804225327, 43.40623777364352], [82.93834051192984, 62.85275436799549], [98.09438529724102, 42.550175707175654], [0.7666590297993436, 84.90071702062114], [29.185309918362712, 26.870786029872406], [8.073053417161201, 90.2037651125106], [2.239610370280365, 85.90060605670034], [18.86666168848197, 67.12542472671178], [97.55564110573978, 41.916172761511106], [59.01920832341143, 81.11449895686837], [6.549758437499841, 80.27073208174825], [19.742755898489694, 31.844241375408323], [89.18966219288464, 84.37400687113899], [78.69711698649581, 42.47400485285821], [69.0247760462197, 4.484035952237342], [89.45913663937255, 83.24396169486725], [74.98128605678272, 73.36110221028905], [82.42328754651489, 96.08600102666989], [38.6239642856131, 76.94550803919805], [4.15053046358933, 66.5082970540213]]","[[0.0, 43.0896091606613, 30.586931853589675, 90.17202619620049, 69.5274856383038, 65.91656247538727, 58.83622030011462, 23.733832610065313, 54.211445109314845, 3.840739802749672, 50.631900668991314, 79.71086077776984, 47.01156272012388, 75.49386042297674, 5.722036761533227, 58.42118813076684, 29.921482292839848, 18.524349530911884, 56.47495745408359, 68.36062550173985, 76.16149103283962, 34.32456220559503, 75.36357321674575, 27.80854681678678, 57.90762686754268, 26.846095377042207, 71.24491847441891, 44.02994470068948, 29.40503250022179, 74.93913339239982, 16.789239814168308, 7.744112620515417, 57.58503002067254, 35.58904311433291, 23.13167083362608, 49.78019353559243, 18.62131713553514, 50.130126004349684, 18.90372697692724, 39.074843449647126, 57.17264561541773, 83.82270335318248, 61.44890103970955, 31.267256279800883, 96.95697519278782, 43.44084000016893, 76.40601172437111, 37.13553673066825, 28.030559945581786, 93.20013258412843, 77.38881105471391, 45.6193500131161, 49.265846268470504, 37.42546436278547, 69.63664621659274, 24.282598338489212, 30.112545139794047, 55.749286097764276, 32.16626268124151, 78.99153914996215, 42.568217575063464, 44.923531434093384, 39.36825190557554, 89.74472805631798, 35.78759162218221, 88.72131901166443, 89.41647690982408, 64.3761701992455, 38.577363673114775, 59.54308183591804, 82.3802628334406, 45.9768042756493, 67.19327311211194, 24.984348930019472, 17.902231229553653, 66.24338096725958, 52.55805074039601, 76.35615911543064, 60.932626998877986, 75.17890852056455], [43.0896091606613, 0.0, 19.914353079306427, 53.696947709958465, 85.69770508290537, 39.94302658518268, 19.291214068548, 65.95335317328963, 35.92940552938942, 43.17751470900475, 27.583769284107873, 53.15582657126858, 9.527659645928756, 57.041714173593455, 42.736164167667525, 29.533711900675037, 28.574968924574847, 51.36454308201219, 35.96403898834241, 86.0595093022767, 52.91106167415933, 63.6030667899567, 41.43523480552295, 31.08754439641571, 14.96828410664723, 68.97768195093794, 87.18339871755684, 49.57704602472871, 26.759942619398604, 68.53643110546415, 26.58301564917438, 42.47793276590885, 23.35227760844865, 12.789170139752745, 48.04478107116681, 22.364027790783478, 28.930735797884154, 37.8125693126451, 61.99201912617625, 59.78788318070304, 40.14232855197229, 94.78593908058514, 54.342399984854175, 63.75848609967679, 63.69320096131571, 10.94805183058068, 40.24329712103121, 62.582056151050786, 37.307662874394, 62.26065654619846, 44.320171087089115, 65.31284800823687, 54.324621685712955, 25.05095559984141, 81.83839954374251, 61.86628037041145, 73.20002245545408, 60.12281602941014, 66.34383374458716, 53.79231982620263, 6.356871943044358, 63.38030771979844, 73.58358388377262, 52.6770133720156, 11.971151235958676, 54.820175432460246, 52.92970340560008, 29.74256980953985, 73.00872800820459, 55.17218989851519, 46.02941379110453, 7.837401321608603, 79.49730023857973, 54.23137745648992, 55.57677317402144, 79.06347013289152, 61.535462463185844, 81.95633072064174, 41.42073221509851, 35.15552737820417], [30.586931853589675, 19.914353079306427, 0.0, 59.58903706141786, 66.53994058064183, 57.38636796902995, 29.59669654721741, 50.43036560772081, 50.28066690499023, 32.30585162970365, 20.84747415713805, 50.52171083397753, 28.476120730387915, 49.13502303331432, 27.978557559073916, 47.30169277376806, 32.964997962175666, 33.27264061368829, 28.041419072538332, 66.70205420796951, 47.909232665070384, 44.07331327873399, 44.79945978897625, 33.8583393341961, 31.774657393656042, 57.37584420976262, 68.08424078090883, 30.982877192332293, 31.06896138808245, 55.08449147523595, 15.238586073206571, 33.43444957275477, 42.392512864326434, 23.03907076242141, 44.79400927560762, 19.240854210469845, 12.31242807020995, 49.89171883804755, 48.48343620633956, 39.87712670009066, 30.24272457938282, 76.7368869958592, 40.37788018226505, 44.69323443776732, 66.60098443337822, 27.618731897314053, 45.84905035421233, 42.753871124236866, 39.06949318839454, 63.202094094409595, 46.89495377451399, 45.47790237504091, 36.18484078660916, 9.313439618464107, 63.26500855089871, 44.16652696468637, 59.39895983225875, 42.51349325182449, 47.49920036153408, 50.18813621256705, 15.702336890008068, 43.58790311664137, 54.50802945960128, 59.185238445995466, 22.44181179509187, 58.23644756343431, 58.83468095847216, 33.821466669842465, 53.99100935697913, 40.12723966880715, 51.80859523908622, 26.81168399864914, 60.848705614180226, 35.12575642619265, 47.03922393527857, 60.31068651697427, 42.925364795297675, 64.90659509954462, 33.25609944765862, 45.39328708921686], [90.17202619620049, 53.696947709958465, 59.58903706141786, 0.0, 95.72985662443733, 80.51481743725037, 34.40828033243135, 108.68159140059319, 83.57415302793069, 91.72047675061349, 40.966308345772504, 23.785780080689644, 58.25853395108947, 38.22099412339698, 87.34032728199807, 72.17911642278133, 82.26961687958226, 89.50572587382729, 38.89562204373089, 97.67588281181706, 29.917594939593013, 94.25920602358313, 15.223503635238561, 84.7610005241627, 42.02629342204039, 116.95777155453275, 96.48816576908153, 67.07965083254837, 80.4556625069077, 59.09467926052131, 74.14484171110344, 92.37944943324267, 64.1443488998324, 66.46127043624055, 100.97183900815548, 40.518114637390845, 71.76301163007334, 87.7713209878898, 107.81614389259197, 84.68967387016114, 41.81094754206738, 96.05280707113825, 53.91820694108402, 97.11134719715821, 12.698072692839077, 62.30082270468988, 13.878402133094227, 90.33649556009689, 90.97682151501428, 16.256127601526863, 14.19007624328119, 86.702214206474, 67.75064720172864, 54.00927940714871, 88.74163142148687, 100.14801848453948, 118.47388075532243, 68.89362294798458, 100.41655428092237, 26.349003552768874, 50.423535650049146, 84.501139349215, 105.84603026205588, 1.9671274717588247, 65.65541980073506, 7.23092807405895, 0.7728779605521099, 25.84179240499634, 105.6226762449845, 57.4477513927247, 7.860108669159312, 57.56940386392928, 87.38716900871208, 88.61040199189723, 106.07052341800487, 87.69196440374567, 74.33203041569016, 81.1550646416108, 38.02859383379742, 20.18143718571981], [69.5274856383038, 85.69770508290537, 66.53994058064183, 95.72985662443733, 0.0, 123.78070980240756, 85.88953272826582, 63.01505436298051, 115.51888087630475, 73.35427013498891, 65.03587018871673, 72.76260797197288, 94.82336440825489, 58.842430138717624, 63.98025815904297, 113.81071201689146, 93.82304476795234, 51.36151599649595, 60.93400446359423, 2.9978386782744035, 66.40498056168514, 37.08540806498878, 83.14072572417584, 93.09627497820283, 93.4110368898415, 80.07234120349473, 1.7174760526068502, 36.228925521101644, 92.3937680309466, 39.81147799427517, 70.95883217168796, 77.2591255402785, 108.81179933776326, 88.94497701669391, 92.61978758667817, 70.0114538363943, 63.809231009416756, 113.76133345062061, 70.29817798908995, 30.575271578996514, 56.40501880626429, 16.035752845368783, 41.895725479642174, 41.83808448696789, 93.28656334141792, 94.15537226351863, 87.56176432015799, 32.828839320747434, 95.68037509744332, 86.64847470899029, 82.54830783225205, 23.95204876170963, 32.09370985097855, 60.84812500780911, 7.696762082487991, 51.565715478793095, 73.13608926302724, 28.00000252024884, 43.29568309237357, 70.3402138947644, 80.10270359427967, 24.935266958437477, 40.55076693204911, 96.74723314538882, 88.4750365632455, 89.70600337956303, 95.29872014043582, 80.23601103725814, 41.18041202387987, 38.528874984788196, 90.99119946219572, 93.12642767977808, 8.405052638894942, 44.76191221920283, 83.60979434872154, 8.039283403230666, 24.530374232564544, 19.89836381962132, 59.19356053784128, 94.80899764363465], [65.91656247538727, 39.94302658518268, 57.38636796902995, 80.51481743725037, 123.78070980240756, 0.0, 51.66923220014359, 88.93150154234709, 13.07048017285534, 63.67575280981166, 67.05883558656598, 88.52905040928248, 30.440305784733724, 95.27236117632329, 68.8282902284526, 10.414694758161229, 36.25007277541385, 81.27881893450996, 75.19234026934613, 123.77685059731208, 89.84138948546666, 96.25742772376272, 73.3999273386746, 38.86369173605583, 41.26395801230962, 84.13153141152763, 125.35531799254268, 88.33783630868794, 36.53986421527215, 108.345956854407, 55.10316796200992, 60.635770836619514, 17.772756840266002, 34.93254506039216, 54.712112942106046, 61.55055017697173, 61.23739285865244, 19.423129715253825, 81.86753490830618, 95.49163313701094, 79.66625561264937, 134.02797077708487, 94.26720806491852, 94.8437186477459, 92.78393294448405, 29.932544132202445, 70.14924550416703, 96.78834598983943, 41.58364743415743, 93.66059447004466, 76.50878790124958, 101.68704661159633, 93.42315669278312, 64.46059778025361, 120.64981706664179, 89.7512847748703, 91.83877105015151, 99.53068261060591, 96.61257414679272, 89.783920962153, 46.26884221492547, 100.01571525295378, 104.08583300461189, 78.8507099673805, 35.34938925053866, 84.48317257970709, 79.86691956472939, 63.74320564364186, 103.35976547135441, 95.10697044057602, 74.45722780034599, 32.110501547736234, 118.23507357921272, 86.15692759261327, 68.42451044575454, 117.69281515430671, 100.30271518633263, 121.64920435566583, 80.43998428157698, 60.56125290316431], [58.83622030011462, 19.291214068548, 29.59669654721741, 34.40828033243135, 85.88953272826582, 51.66923220014359, 0.0, 79.94985176071461, 51.57793681464816, 59.71848495864363, 20.907576880069566, 36.901150492413194, 24.686325450178437, 44.3231145321814, 57.12730343236262, 41.87625831247383, 47.86143643829025, 62.67222494947619, 26.864010370447573, 86.90433149955338, 38.28940370558148, 71.76884806200904, 22.884389571077687, 50.371111447260574, 10.500425843801503, 85.55174848508767, 87.1472439534611, 50.52013908032174, 46.051147490494905, 60.24372428114055, 42.118206204658975, 59.746712249037344, 33.949526170484646, 32.05429418164304, 66.96118565619908, 15.947481574631615, 41.66026049149403, 54.85913660438719, 77.43206331213437, 65.06295838124178, 31.81849913663834, 91.94302703954543, 47.92228057151225, 73.2035758207404, 44.699451393992284, 28.35177679046674, 21.08958941793911, 69.34163744838587, 56.59005920174732, 43.8471788893866, 25.926223670874563, 69.30294319429544, 53.87886014441088, 28.259717948800326, 80.60510945834703, 73.61186552389213, 88.52549663516936, 58.194924240878606, 76.22087189907802, 38.11472188348716, 16.68095740731116, 67.13584592723723, 82.85390822189451, 33.39107596263665, 31.247281852444118, 35.83894094115289, 33.64179297417655, 12.1113404067208, 82.4222393894897, 49.97206927274357, 26.776090803768426, 23.722549535493393, 78.53912329603824, 63.773108165985576, 73.28202965664292, 78.37963665462162, 61.46509017718607, 77.74889469459227, 31.14298824389629, 16.473686498175216], [23.733832610065313, 65.95335317328963, 50.43036560772081, 108.68159140059319, 63.01505436298051, 88.93150154234709, 79.94985176071461, 0.0, 76.72876685911396, 25.34089337163651, 67.78613504257847, 94.53731046016966, 70.58087124048471, 87.22287954357138, 23.22853262771734, 81.90888595437374, 52.68192544158659, 19.961359906216067, 71.67570124730814, 60.97444912671814, 89.90473997576605, 26.626834680006723, 93.49363069553178, 50.15947698779709, 80.43122810078398, 17.08675889606152, 64.63711207158633, 50.48740224268637, 52.467363473322116, 80.97709900106244, 39.3888525143383, 28.31410982973623, 81.31028622065118, 59.28555819381253, 38.797326796573316, 68.43362080448699, 38.29671978609097, 71.9852778928144, 8.849115116759872, 37.11218380568231, 70.90794169090283, 78.85857622944792, 69.98752304798028, 21.537320065941216, 113.72076167660039, 67.12039228280155, 95.36684335393088, 31.90443298952627, 48.7450810095787, 109.07153625685427, 95.05268281749477, 41.94087254598255, 54.28945679281501, 54.67999777281208, 65.74014255850854, 12.17738064764302, 11.354719789552862, 59.42538882430496, 19.721525024750246, 93.30400201593665, 64.51519362748573, 42.443652188674726, 23.88647103085726, 108.54324229412724, 59.456303630938656, 106.13207951820625, 107.95900115747393, 83.5167648244368, 23.08875666795652, 67.10041231168545, 101.14235937283442, 69.47435218014623, 63.627435965921094, 23.76008225331636, 25.242758870323343, 62.50180162631545, 54.274788621711394, 75.5644633706557, 75.0196717149596, 95.8076399955933], [54.211445109314845, 35.92940552938942, 50.28066690499023, 83.57415302793069, 115.51888087630475, 13.07048017285534, 51.57793681464816, 76.72876685911396, 0.0, 51.6872192635813, 63.4497299296136, 88.08336705653116, 27.372397838370507, 92.94062061383944, 57.6104613746373, 12.73202650977524, 24.28997698520262, 70.51858803650677, 71.86646654578672, 115.26381753327937, 88.46986272044694, 85.927827675947, 74.33171069477177, 26.589612421274612, 41.97983931823111, 71.23290470128767, 117.14566357667577, 81.05170249082138, 24.940315230162312, 103.85951456105772, 45.18734348298439, 48.430947386005826, 19.900054695778074, 27.259764923616068, 41.6915273279401, 58.29329113977682, 51.92295538928338, 6.612247596150837, 69.38598198587879, 86.27276311623638, 75.92331729864368, 126.76727509122517, 89.36371857339951, 84.09711217884124, 95.23852387401709, 24.987305622987535, 71.8063813409293, 86.95931914624082, 28.72163742175129, 95.1850046628235, 77.41518732455587, 92.67575285168658, 86.38208726324558, 58.40346169044877, 113.01673022355985, 78.35772535411101, 79.12685273866487, 92.78334352234273, 85.63122264344001, 88.99701211570857, 42.15185501344775, 91.15847100623972, 93.0533402426665, 82.09362071694322, 27.90186122413225, 86.57401753684722, 82.86871697032166, 63.55337435706579, 92.30018342375007, 89.72283764250581, 76.78573424035018, 28.732484024719568, 110.55383514543905, 75.81046643875305, 55.535536505298026, 109.91902033012363, 92.8415621592363, 115.18724450976434, 77.34252538101605, 63.40087505256789], [3.840739802749672, 43.17751470900475, 32.30585162970365, 91.72047675061349, 73.35427013498891, 63.67575280981166, 59.71848495864363, 25.34089337163651, 51.6872192635813, 0.0, 52.75468478907423, 82.08684552702204, 46.34476258365438, 78.36247479964709, 9.536962678946995, 56.57591839236475, 27.46769710917834, 22.2607175706291, 58.93299904801505, 72.17177219976655, 78.73553623090685, 37.98187116137206, 77.0724137087301, 25.12234578379252, 58.11412033103222, 25.898977418314956, 75.071740512208, 47.61554247943065, 27.15635707395419, 78.38956993142426, 17.67346137062035, 3.9851800240484674, 56.232367507435036, 34.69806590398871, 19.291873853723114, 51.54440469349928, 20.829069163164096, 47.328810899998935, 19.318153794429353, 42.913428948346414, 59.87025361678408, 87.663336587934, 64.75015461622594, 34.76173873238361, 98.89014346910308, 42.55777231714169, 77.89244410093859, 40.91180369050071, 24.77651097218139, 95.3276025482561, 79.20002586425225, 49.45331546372395, 52.9011027456521, 39.70811535286317, 73.47641773362095, 27.33432818809426, 30.379907315976155, 59.42236147997123, 35.48927248217491, 81.45906789720867, 43.2206807475462, 48.763868537956206, 42.56975881582578, 91.2187747981097, 34.98309935423464, 90.54156362661783, 90.95917967953007, 65.8811577726817, 41.766390915970305, 62.94207547037366, 83.89321540767293, 45.425388986432864, 71.03231117750953, 28.762767228200037, 15.036035344330225, 70.08335176662806, 56.32270069657742, 80.14439847901804, 63.544859463033916, 76.151209931812], [50.631900668991314, 27.583769284107873, 20.84747415713805, 40.966308345772504, 65.03587018871673, 67.05883558656598, 20.907576880069566, 67.78613504257847, 63.4497299296136, 52.75468478907423, 0.0, 29.683954675895876, 36.78779705902283, 29.99660499868938, 47.12934237549576, 56.67446355583959, 51.40026740324769, 48.543032614488304, 8.454077010481173, 66.121145671809, 27.427032507860417, 54.39022778315689, 25.746281854604998, 52.92913983463065, 29.46486496544773, 76.9936957282941, 66.27263400914188, 30.193728622445427, 49.433748330964015, 41.38160609388356, 36.07760378439807, 54.16552998189207, 49.6683577174797, 37.79058999308089, 65.50617211711884, 5.6362722831966785, 32.019090294794424, 64.8482679555658, 67.38667256387353, 46.11997647504813, 12.612320212722041, 71.18378291946864, 27.851566162817154, 56.74536737892401, 46.42703219640727, 38.47757508258101, 28.094268543184707, 51.10984722041085, 58.64815399678359, 42.58188252505035, 27.280367833480934, 49.604287168211364, 33.129549536129716, 13.329090686634078, 59.697854935520674, 59.228758824499664, 77.80199365118496, 37.28762783868738, 59.98918998557321, 29.437814755691416, 21.29994889961068, 47.39052285914507, 65.89426821383464, 40.948671702021, 36.973442442383906, 38.46037800050016, 40.25800748113055, 17.117876253826303, 65.58701810358548, 29.469316557327005, 33.604645743730075, 35.19724348888902, 57.63389961071674, 47.907079583050894, 67.66819268158146, 57.482854795752566, 40.6966592078784, 57.206155293413616, 13.994989696074239, 31.563589477357844], [79.71086077776984, 53.15582657126858, 50.52171083397753, 23.785780080689644, 72.76260797197288, 88.52905040928248, 36.901150492413194, 94.53731046016966, 88.08336705653116, 82.08684552702204, 29.683954675895876, 0.0, 60.75889182611484, 14.450833764748301, 75.71903013926371, 78.77541779772356, 79.99606065699446, 74.63064760244826, 23.27630516696788, 74.87781816146435, 6.357642681896016, 76.18520982205004, 16.803745656602807, 81.8290039538008, 47.26595653322882, 105.47414750478879, 73.40927033436104, 47.69180663253943, 78.0389368980219, 35.31769542053352, 65.73383985582767, 83.70493418471085, 70.84313529246734, 65.20745038485258, 95.15996914505774, 32.58673051715669, 61.25806095033313, 90.77047776687921, 95.39320377093881, 65.54571788528771, 23.663877811777848, 72.32615705217064, 31.588553277466435, 79.76915053442426, 21.069328310451635, 63.7529891384348, 21.56145004784277, 71.61321880791478, 87.74855223453679, 15.078512684065307, 14.221516231288804, 66.41358346417961, 47.100310299004036, 42.382276512767014, 65.55996868782016, 84.50126409628857, 105.21208939719756, 46.99324398055929, 83.11696634755714, 2.5639657591401437, 47.77726697894267, 64.30089937538999, 87.60459168170352, 25.18590238803482, 64.35892029867779, 17.127150829428984, 23.519851185402246, 24.79558787608155, 87.51146192967073, 35.28646127101879, 21.548334543125705, 59.5090865069808, 64.36605362984277, 72.31462672563836, 97.08664883665033, 64.761488220729, 52.87110865247874, 57.463108404432, 19.52737101624392, 32.358548534119876], [47.01156272012388, 9.527659645928756, 28.476120730387915, 58.25853395108947, 94.82336440825489, 30.440305784733724, 24.686325450178437, 70.58087124048471, 27.372397838370507, 46.34476258365438, 36.78779705902283, 60.75889182611484, 0.0, 65.76730577862054, 47.72579927101197, 20.026102729359, 26.00143616326588, 57.829761295256915, 45.062970366456305, 95.08980160496195, 61.1077303644484, 71.08174191069573, 47.56940392975878, 28.9960561829422, 16.40452735494092, 71.43857120458367, 96.33396131082871, 58.82684229035606, 24.55750065534262, 77.94897122408538, 31.657980666292712, 44.85513349981097, 13.994555655353144, 11.796714249734816, 47.312839027257944, 31.3899327146687, 35.63720421215985, 30.200747540328038, 65.62577427822102, 68.1602109168189, 49.39463489781495, 104.20244098471088, 63.8271286446302, 70.76538160465385, 69.20322140443994, 4.493510806661552, 45.5563827408452, 70.52054040352289, 34.98308511875801, 68.53349811255362, 50.601557233925625, 73.9127590873984, 63.67742427203356, 34.44034859732723, 91.14578485724098, 67.8811417382802, 76.72466221432641, 69.56034741085159, 73.13462597452535, 61.6342515413067, 15.829720165932818, 72.04872829894808, 80.51603528329088, 56.99503589748626, 11.402022151677802, 60.383430104477114, 57.513950365424456, 36.40871466601612, 79.89185715539841, 64.69444360759167, 50.961148709308375, 1.7120783855276973, 88.78413445669274, 61.38088295630784, 56.972353755917375, 88.32231284180982, 70.80865677689472, 91.46102592563813, 50.43588583539439, 38.54102277599027], [75.49386042297674, 57.041714173593455, 49.13502303331432, 38.22099412339698, 58.842430138717624, 95.27236117632329, 44.3231145321814, 87.22287954357138, 92.94062061383944, 78.36247479964709, 29.99660499868938, 14.450833764748301, 65.76730577862054, 0.0, 70.82528211087627, 85.08513645365143, 81.188299759313, 67.3277749868102, 21.631165719761817, 61.08434157834912, 8.416606262159064, 66.29009721689998, 29.099726948497562, 82.5372173053891, 54.75670725345252, 99.81327540530894, 59.39830893405012, 37.70340812946629, 79.22748964881347, 20.873770290876223, 63.63623447280642, 80.58398174974637, 77.52783695420601, 67.77708427504886, 93.56981769010312, 34.737686575245895, 57.939950162214345, 94.69178327374469, 89.29860200935067, 55.03567362818762, 18.914141688108472, 57.879829484478606, 19.17587962581687, 70.37430919842501, 34.44431018763698, 67.98687110575149, 34.0707779980211, 61.296691876260326, 88.04779477838237, 27.82593041433463, 27.230809268821535, 54.8766386291428, 35.84006475576054, 39.98891250719724, 51.49383547775954, 76.307004245083, 98.31178464227698, 34.40056928818913, 73.67779722612936, 11.89792648842331, 50.95487281361539, 52.89169669242222, 77.3397722738992, 39.57560057354176, 66.95614840634613, 31.552373042089847, 37.93473300669098, 33.11526215874008, 77.3498707246751, 22.86864507490857, 35.33246003085436, 64.29413313760229, 50.43879619182159, 63.9703132712244, 93.33698192059158, 50.90934201362542, 40.56832442419963, 43.033300668144065, 16.106124680764673, 44.190341753487864], [5.722036761533227, 42.736164167667525, 27.978557559073916, 87.34032728199807, 63.98025815904297, 68.8282902284526, 57.12730343236262, 23.22853262771734, 57.6104613746373, 9.536962678946995, 47.12934237549576, 75.71903013926371, 47.72579927101197, 70.82528211087627, 0.0, 60.77792113087781, 33.45989278774615, 13.460067548624604, 52.44289550282366, 62.877161297534876, 71.89905588158553, 29.35863813884899, 72.34482428616437, 31.70160722602485, 57.21462045948462, 29.87215880760674, 65.69706799591577, 38.483635880159774, 32.67097547101026, 69.52304847037847, 16.216570052001003, 13.320957089619078, 59.2141359804129, 36.80978142655055, 28.787382695501485, 46.82246749905661, 15.667290372638663, 53.969835716426466, 20.513402221233534, 33.467031291045274, 52.79112986860343, 78.16271824319671, 56.22829081790901, 26.750464310940195, 93.55636521334237, 44.51957724980744, 73.70840379903562, 31.804218443068958, 32.7018239899406, 89.53083146434527, 74.21403995194541, 40.04321149536939, 43.661406947849514, 33.805578750795874, 63.96468486115388, 20.947100582907975, 31.446500414269472, 50.105166735519205, 28.051760906742107, 74.87222952937142, 41.374965893601654, 39.29046179168415, 35.447690077348526, 87.02214051353246, 36.878716007773306, 85.50079975715964, 86.59513432203725, 61.70578023919737, 34.69104968458167, 54.20180941453301, 79.62296750224586, 46.53327105211864, 61.515687288922386, 19.69139884653895, 23.079119791383416, 60.57363386264776, 46.84628596314786, 70.63532325694446, 56.65952126137149, 73.24280016347842], [58.42118813076684, 29.533711900675037, 47.30169277376806, 72.17911642278133, 113.81071201689146, 10.414694758161229, 41.87625831247383, 81.90888595437374, 12.73202650977524, 56.57591839236475, 56.67446355583959, 78.77541779772356, 20.026102729359, 85.08513645365143, 60.77792113087781, 0.0, 29.857009830477082, 72.72415223569413, 64.84122901206138, 113.88605369868885, 79.84369006601005, 87.31097064846544, 64.06931723060814, 32.824587342242104, 31.64445738452972, 78.7741824983138, 115.36771721303506, 78.17980878667441, 29.667187865534128, 97.93930531539591, 46.21834951186704, 53.90451213893353, 8.09426873267248, 25.372142299493852, 50.34227468828657, 51.18516565490156, 51.93342493382105, 18.833299301683077, 75.39353465811737, 85.93977676188322, 69.28520359414306, 123.8059422493625, 83.85264307950565, 86.20152522934029, 84.17369778030913, 19.710669423109675, 61.10188097405417, 87.53671266611131, 36.78823961264628, 84.62894370797194, 67.17948525940203, 92.02673048999493, 83.20607330327957, 54.14904136162768, 110.51781083146611, 81.70751698375383, 85.82538301718834, 89.25473063751592, 88.15151588456123, 79.93564167789056, 35.85529006943809, 90.29804072832081, 95.63563447052074, 70.60844166124076, 25.686441927337974, 75.6790091198537, 71.49888104376898, 53.98702294717075, 94.93587533781162, 84.70314349585712, 65.73273627447942, 21.698864742763305, 108.11720760796867, 77.2706101258344, 63.17674974026891, 107.59799088598892, 90.1603045343876, 111.31565694369364, 70.12003628665893, 52.03044237092912], [29.921482292839848, 28.574968924574847, 32.964997962175666, 82.26961687958226, 93.82304476795234, 36.25007277541385, 47.86143643829025, 52.68192544158659, 24.28997698520262, 27.46769710917834, 51.40026740324769, 79.99606065699446, 26.00143616326588, 81.188299759313, 33.45989278774615, 29.857009830477082, 0.0, 46.597198290434186, 59.588090093133985, 93.26464534591751, 78.67179445317045, 62.25561536115759, 69.74885086700411, 3.1644502760864355, 41.79485020715367, 48.965909163286845, 95.49843367504884, 61.36882440738682, 1.9671367747738187, 87.9790591852339, 22.93497116393752, 24.390080537503383, 31.253643742386707, 15.819092698432403, 21.748059433439543, 47.51088042145983, 30.263967988041664, 20.579668661960884, 45.728406887189784, 63.75207694616275, 62.5870622281722, 106.2478857271267, 73.2832957586049, 60.119092300399664, 92.1302199683888, 21.507960567162854, 68.79054008600527, 63.74932614644483, 8.994185679920953, 90.3456743870828, 72.5373291815348, 70.3203182795916, 66.91369024512659, 42.21396238584896, 92.16149304237727, 54.093994257439014, 56.00012161115425, 73.58883758924527, 61.51162708431221, 80.234218530362, 32.62703756290533, 69.01252089359005, 68.89498714856454, 81.23123155793535, 16.616572138222182, 83.26870682615312, 81.50286493910282, 57.940870519644115, 68.13122160740016, 72.81978173773912, 74.60117364111582, 25.98181442154997, 89.66652535925364, 52.19621554527852, 33.46332276441542, 88.91619535718789, 72.57152033989112, 95.9490227253421, 65.08477357508306, 63.41746724980329], [18.524349530911884, 51.36454308201219, 33.27264061368829, 89.50572587382729, 51.36151599649595, 81.27881893450996, 62.67222494947619, 19.961359906216067, 70.51858803650677, 22.2607175706291, 48.543032614488304, 74.63064760244826, 57.829761295256915, 67.3277749868102, 13.460067548624604, 72.72415223569413, 46.597198290434186, 0.0, 51.90936744811113, 50.04668235424952, 69.94778983862844, 15.899557754648733, 74.28269243484549, 45.01078577853769, 64.79038512650216, 33.55731430821171, 53.07661338595859, 31.174502394561518, 45.66221615485173, 62.258846660321844, 26.614885738767097, 26.23595399249026, 70.33285831897587, 47.870811670843736, 41.369104200087385, 49.78816270327088, 22.437041823381257, 67.17026764108948, 22.753128377459458, 21.39343306424841, 50.98152846167346, 66.11820964456707, 50.4714659226029, 13.586420008810299, 94.03025711016058, 55.194209503246384, 76.47509809046265, 18.68640307956953, 46.16118646081737, 89.24543975409325, 75.67534750530896, 27.678103515068692, 35.51450300479761, 35.81154875440815, 52.083384969362164, 10.946494399747658, 30.986866184260865, 41.28584308300137, 15.446229075509468, 73.36486263248443, 48.57880642702223, 27.298480207022536, 22.923274630441036, 89.48171496052436, 47.782315109853975, 86.61992507638797, 88.79984440168116, 64.8444287663103, 22.240191856346357, 47.78119411452425, 82.11630339690352, 56.442871748354044, 49.705232063098684, 6.600018924357905, 32.71897894429558, 48.69045525411434, 36.923629399918646, 59.97977027613912, 55.10474664547962, 77.88047968537217], [56.47495745408359, 35.96403898834241, 28.041419072538332, 38.89562204373089, 60.93400446359423, 75.19234026934613, 26.864010370447573, 71.67570124730814, 71.86646654578672, 58.93299904801505, 8.454077010481173, 23.27630516696788, 45.062970366456305, 21.631165719761817, 52.44289550282366, 64.84122901206138, 59.588090093133985, 51.90936744811113, 0.0, 62.33993234419622, 19.92916735230843, 55.3944651085127, 24.112310609518595, 61.001618090003426, 36.43681458243079, 82.21385438817121, 62.02482498489546, 28.512165071613616, 57.62493967552575, 33.672715536031504, 43.0242946468649, 60.70357205570979, 57.66638637481712, 46.21783780216407, 72.81721757281692, 13.674458088658424, 38.11820044483247, 73.30234307677316, 72.19559082365046, 45.86384378817469, 4.95990638150405, 65.49829428377829, 21.10552348371543, 58.3982637783398, 42.13756346422987, 46.88368084547978, 27.718355926458987, 51.44584366161797, 66.60462863768538, 37.41517880139568, 24.706957577059136, 48.29420292841886, 30.092118841106025, 19.341737952282912, 54.97015563907552, 62.15019519353465, 82.17052423160283, 32.94070242926589, 61.726316884666154, 22.527675400059664, 29.71645046795644, 46.07007942404047, 66.97910196407861, 39.2815284324246, 45.404421907262, 35.036027901310604, 38.26631945012016, 19.31106836762898, 66.77179848464438, 23.414416782561492, 32.35136566114795, 43.50014915126218, 53.09875462114585, 50.23139886214907, 73.95884870845087, 53.098307244389034, 37.34709305244143, 51.06448298131967, 5.552870118313078, 33.8969796860356], [68.36062550173985, 86.0595093022767, 66.70205420796951, 97.67588281181706, 2.9978386782744035, 123.77685059731208, 86.90433149955338, 60.97444912671814, 115.26381753327937, 72.17177219976655, 66.121145671809, 74.87781816146435, 95.08980160496195, 61.08434157834912, 62.877161297534876, 113.88605369868885, 93.26464534591751, 50.04668235424952, 62.33993234419622, 0.0, 68.52348664275094, 35.37446225342445, 84.86616774312854, 92.44118667339285, 94.18925207088415, 78.05487973268188, 4.025003638060886, 36.83268455201335, 91.87902439004644, 42.37332277503456, 70.48084136754416, 76.10337704968893, 109.06005247588845, 88.88108433651227, 91.39262956765297, 70.98282437432306, 63.42191934704105, 113.3410008949435, 68.42725319645284, 29.67355435291477, 57.90468647493911, 18.540893195989458, 43.768391094046166, 39.9970942987347, 95.51338512393646, 94.28162849187373, 89.2200986104675, 31.39653457206227, 94.84927683734111, 88.9087335738157, 84.36225539611516, 23.03611816261275, 33.02558486474566, 61.360512766071125, 10.467038272369745, 49.702885429842986, 70.92763765662161, 29.42917634074452, 41.286040299462115, 72.4808840759872, 80.57591063133528, 24.252161605531334, 38.19531345401355, 98.65318541467198, 88.4353209479425, 91.74929701989032, 97.22966459825417, 81.60602290531031, 38.84988510056853, 40.31411960020716, 92.78280647640177, 93.40092601057317, 10.778118264742279, 43.46203922113365, 82.04418251511055, 10.188497445185726, 25.43942113281554, 22.84365290859305, 60.825051320120096, 96.23686939382446], [76.16149103283962, 52.91106167415933, 47.909232665070384, 29.917594939593013, 66.40498056168514, 89.84138948546666, 38.28940370558148, 89.90473997576605, 88.46986272044694, 78.73553623090685, 27.427032507860417, 6.357642681896016, 61.1077303644484, 8.416606262159064, 71.89905588158553, 79.84369006601005, 78.67179445317045, 69.94778983862844, 19.92916735230843, 68.52348664275094, 0.0, 70.68246946231582, 20.972833328316316, 80.30012384680862, 48.78863351136456, 101.45407837525254, 67.05297505811697, 42.057433256816594, 76.70511494457244, 29.23032721226248, 62.949987500118645, 80.59520160514607, 72.07249247076962, 64.43031789555367, 92.70311422493212, 31.24159217661343, 57.96208990643002, 90.72146632814942, 91.19340862883851, 59.84224864533743, 19.16392110780503, 66.1352812312953, 25.337189187731283, 74.42454269681191, 27.261292568261418, 63.7450341710807, 25.93188676148354, 65.97868996151095, 86.0638286612632, 21.003680336480308, 18.923163964750334, 60.447515579017164, 41.14400505647044, 39.2629542437182, 59.20719499320656, 79.54926031761782, 100.74475604418778, 40.767222803855546, 77.7660971386243, 4.013539861880866, 47.14797814634923, 58.36156242459273, 82.01566502921438, 31.221701962300695, 63.58949484187431, 23.424890339054695, 29.604082746864016, 26.496795449557794, 81.95242866873375, 29.052260306497143, 26.932045341292273, 59.741742441542584, 58.00845238791815, 67.27930773583553, 93.77113579839346, 58.40448714436758, 46.71009239586034, 51.24074610180875, 15.241683905554972, 36.32510337316838], [34.32456220559503, 63.6030667899567, 44.07331327873399, 94.25920602358313, 37.08540806498878, 96.25742772376272, 71.76884806200904, 26.626834680006723, 85.927827675947, 37.98187116137206, 54.39022778315689, 76.18520982205004, 71.08174191069573, 66.29009721689998, 29.35863813884899, 87.31097064846544, 62.25561536115759, 15.899557754648733, 55.3944651085127, 35.37446225342445, 70.68246946231582, 0.0, 79.26213199853979, 60.7918843335154, 75.69671843570757, 43.41132184003737, 38.76540473720828, 28.67531184984084, 61.22459486033943, 56.42186773605288, 41.16303575047788, 41.96700630101278, 84.23603216920554, 62.06600143035868, 56.80762557465561, 57.09308156268333, 35.59216794389926, 82.83193319328129, 33.309802084387165, 11.661914774084659, 53.079389680629866, 52.62265321176782, 47.57762092136943, 5.127685494746433, 96.77050911810144, 68.95345654724504, 82.26582567577907, 5.553775209762422, 62.060380512447225, 91.23940647378089, 80.0837112252304, 15.394120012220373, 30.82147330788214, 43.54891509036345, 39.202142921375255, 14.66131493843931, 37.53680697103614, 34.6622423361032, 7.845586189335401, 74.47741541303499, 59.769323834579616, 16.15866986186316, 11.586824270254045, 94.55799611253379, 61.865726826518284, 90.2914664752855, 93.61498598147794, 71.47502460585734, 11.38866793193063, 44.19510751101194, 87.43405334441611, 69.5681741933932, 37.04186098103269, 10.121558885850275, 46.71704213436792, 35.926210010112165, 28.875176699540603, 48.987560376077504, 57.17725242900174, 85.57420144915312], [75.36357321674575, 41.43523480552295, 44.79945978897625, 15.223503635238561, 83.14072572417584, 73.3999273386746, 22.884389571077687, 93.49363069553178, 74.33171069477177, 77.0724137087301, 25.746281854604998, 16.803745656602807, 47.56940392975878, 29.099726948497562, 72.34482428616437, 64.06931723060814, 69.74885086700411, 74.28269243484549, 24.112310609518595, 84.86616774312854, 20.972833328316316, 79.26213199853979, 0.0, 72.01009732225786, 32.48257020801496, 102.06905327523206, 84.04429052237805, 52.581552356752546, 67.85950945065142, 49.17073697652967, 59.63556621608155, 77.93903766894637, 56.00136494229429, 54.15147705272387, 87.35313513182817, 25.585128040443376, 56.84648525726471, 77.74015533548209, 92.77787142677293, 69.96516000023382, 27.557789541935907, 85.18094254802502, 41.3439916223451, 82.00426680228838, 22.453583938717756, 51.155128035729454, 4.971289629043199, 75.48004400365359, 78.16960313186561, 20.967460575821274, 3.1112720249770716, 72.3353011427197, 53.739547753732516, 38.845879782842445, 76.52088433796185, 84.92807229770146, 103.36379072464574, 55.60142241305587, 85.29797867765535, 18.887812176456634, 37.21936297204847, 70.11651272211408, 90.8443026881881, 15.318756132795253, 53.31456305663034, 13.685113196961698, 14.522825880010757, 11.832193170315463, 90.60033921355537, 44.614367970345114, 8.239836393964156, 46.575615481243034, 74.94553664884971, 73.42724961121431, 91.6258505804102, 75.12862036826418, 60.66343338143097, 70.25305295910604, 24.14760850088589, 15.561253523727371], [27.80854681678678, 31.08754439641571, 33.8583393341961, 84.7610005241627, 93.09627497820283, 38.86369173605583, 50.371111447260574, 50.15947698779709, 26.589612421274612, 25.12234578379252, 52.92913983463065, 81.8290039538008, 28.9960561829422, 82.5372173053891, 31.70160722602485, 32.824587342242104, 3.1644502760864355, 45.01078577853769, 61.001618090003426, 92.44118667339285, 80.30012384680862, 60.7918843335154, 72.01009732225786, 0.0, 44.62165397752549, 45.95237586443628, 94.78311553210338, 61.33782056710405, 4.45809332116686, 88.6272693471857, 22.584468621070616, 21.848745096135538, 34.400463828409706, 18.44941068038717, 18.594427708918317, 49.26493366149725, 29.979595184321035, 22.332612230629653, 43.00824617384728, 62.8293981084848, 63.813338387559135, 105.83193899200539, 73.96418771031274, 58.445534789032315, 94.43185155186806, 24.5069811599795, 71.20000886541101, 62.5298886876694, 6.220300504630832, 92.48792405661926, 74.75453375642353, 69.43557567247495, 66.90310098766383, 43.165211721741805, 91.68753055648587, 52.07713304880771, 53.13965833365246, 73.6102625357922, 59.70251635747639, 81.98485401097906, 34.80355902656925, 68.20848891193438, 67.03071713385522, 83.76165823271525, 19.21292469535932, 85.58445741211949, 83.99217909233437, 60.183092389166355, 66.25503412437655, 73.34429405659921, 77.05207223008462, 28.906839221618835, 89.19036953762583, 50.80130180562113, 30.396928223382115, 88.40937003851246, 72.3255508540631, 95.87690771054142, 66.45716116576509, 66.09318326200524], [57.90762686754268, 14.96828410664723, 31.774657393656042, 42.02629342204039, 93.4110368898415, 41.26395801230962, 10.500425843801503, 80.43122810078398, 41.97983931823111, 58.11412033103222, 29.4648649