instance_id,num_cities,city_coordinates,distance_matrix,best_route,total_distance
1408,35,"[[58.234961958927734, 34.990829389356435], [9.908933016504784, 53.740357140762306], [73.82733267006999, 31.87945807284247], [70.89780364058768, 85.0888614470674], [73.95006567887528, 31.683983496977763], [47.646289484187754, 91.5801817162571], [76.71481897647433, 49.13914732444623], [45.57192071439425, 76.69837093589462], [42.811214055454506, 40.478870586751256], [29.961097395253468, 27.550844366737913], [17.248905182481643, 90.34239075139911], [27.89204371531224, 34.941456294992044], [6.966697252471288, 71.78352412578158], [3.0431179007264553, 99.9182194624479], [84.2686085981168, 94.27308061601826], [76.99650252619324, 23.79699449862197], [42.27610556460729, 88.84244615592186], [23.141691630049234, 2.5665915178820886], [97.88753806029968, 21.97861694759221], [11.04440199200859, 69.26722363878584], [79.06392150702013, 44.34882738976243], [90.77796857636487, 18.00842226991297], [5.49526130164254, 93.87195776628896], [2.4883697293061946, 2.9318383117811875], [69.47737213091493, 47.67198954607449], [39.639173798687196, 17.792534100737544], [36.39574624494212, 94.09793707126688], [42.4638226777736, 13.867088864350807], [48.664080999589245, 70.8704728125467], [21.42831188226939, 72.21271868821505], [98.35331396356162, 50.100227405902785], [41.6671937093932, 8.683665550957231], [12.401973466450588, 83.84127894227615], [66.54521574625196, 2.9744486868029663], [47.63457530987739, 68.18565633121518]]","[[0.0, 51.8357971313709, 15.899769050615571, 51.67359456734378, 16.059256355281548, 57.57147541582909, 23.274020189502064, 43.58751696778522, 16.371029154399473, 29.236360828628847, 68.87417654896528, 30.34295841280446, 63.10417856195463, 85.21564194587859, 64.74670700379447, 21.847135831000216, 56.16655344408782, 47.77937655434293, 41.73301407884047, 58.325124541090425, 22.834572087772344, 36.70762088821722, 79.04722199015508, 64.30755363196263, 16.947082621959886, 25.329522264248745, 63.01270920634149, 26.361738334057716, 37.13422376343833, 52.34690566635299, 42.869290593502086, 31.089512926237095, 66.98529133827736, 33.07731777669669, 34.8463015657231], [51.8357971313709, 0.0, 67.55339164194987, 68.57383657229302, 67.73293357734899, 53.44118633669348, 66.96415108601184, 42.41366629940521, 35.47431638789177, 32.98453994848411, 37.33073875282274, 26.015206003694555, 18.281483149363112, 46.68548367324258, 84.689214336444, 73.46663834037872, 47.74715187303663, 52.85697861730097, 93.53631960661318, 15.568329166669658, 69.78977908108912, 88.41137982181102, 40.37357882047796, 51.34754468418377, 59.87674025689313, 46.649042844237194, 48.27303111308828, 51.47522087276626, 42.372188498111456, 21.76980088546597, 88.51925816224805, 55.12433744959002, 30.203985564589274, 76.05817498862064, 40.39666762431281], [15.899769050615571, 67.55339164194987, 0.0, 53.289987312585836, 0.23081096434070306, 65.18913579614626, 17.49955571526314, 52.982103157677734, 32.18616953755554, 44.079286448424206, 81.35743945298266, 46.037230634232735, 77.86320733184822, 98.18186243876316, 63.2612391363456, 8.681581365486444, 65.11729373379647, 58.55150171692227, 26.017688952085738, 73.07216568940737, 13.52431269266633, 21.902732520713602, 92.26235416323294, 76.988390834558, 16.380665646585616, 36.97663632634497, 72.61034906388481, 36.1678752975606, 46.405694317225596, 66.12434719063717, 30.553562697291007, 39.65248199909293, 80.45561249136561, 29.80820012176497, 44.76829871802356], [51.67359456734378, 68.57383657229302, 53.289987312585836, 0.0, 53.49203017660054, 24.140632746522186, 36.41729826491977, 26.679592894370344, 52.715346902787246, 70.61471042037256, 53.90550877154991, 66.06252818532471, 65.30098288113172, 69.45623252094556, 16.221230130776448, 61.594537762071276, 28.86678019660533, 95.34448735311558, 68.63926518276638, 61.909239309190156, 41.55040139395571, 69.96432146511263, 65.98966074583377, 106.9094340950037, 37.443823636602396, 74.20173592239831, 35.65887558708163, 76.68788798250917, 26.391305345494263, 51.11776273637832, 44.47481938312366, 81.8057609027177, 58.50913270479874, 82.22968931195713, 28.755801772083046], [16.059256355281548, 67.73293357734899, 0.23081096434070306, 53.49203017660054, 0.0, 65.41745335324062, 17.67276449909149, 53.21291373460032, 32.357041263800355, 44.18271347175731, 81.58327244762458, 46.17307133195558, 78.06884656755513, 98.40582401974277, 63.43396098426231, 8.454902301320928, 65.34775897346555, 58.56033972877655, 25.830151448827937, 73.27770782060526, 13.658323186235418, 21.684079201168228, 92.48461702383652, 77.02895456086159, 16.60184703579453, 37.01634325459849, 72.84111825692551, 36.177689708915295, 46.63648749724068, 66.34088481526848, 30.572480543080975, 39.63834567960683, 80.67559186741227, 29.649101024167834, 44.998635013281536], [57.57147541582909, 53.44118633669348, 65.18913579614626, 24.140632746522186, 65.41745335324062, 0.0, 51.441430842180196, 15.025687934188161, 51.32954269771062, 66.42681733036015, 30.42257548036151, 59.984793433357694, 45.2408761618656, 45.37582824324633, 36.72119227049671, 73.86471062010656, 6.027774989865222, 92.3249400541224, 85.84032197477664, 42.86684343589031, 56.726258764676075, 85.2827387537553, 42.21328480833043, 99.48751934261006, 49.03596138735243, 74.2208248555153, 11.528825404429375, 77.88570319903772, 20.734703818604338, 32.59572017423866, 65.51174658899656, 83.11186424709766, 36.08396358083816, 90.5988153319117, 23.394528317819326], [23.274020189502064, 66.96415108601184, 17.49955571526314, 36.41729826491977, 17.67276449909149, 51.441430842180196, 0.0, 41.58594616247279, 34.99221084490176, 51.49723590920308, 72.34571288096694, 50.84523394350531, 73.33190495785037, 89.47644218782241, 45.761683448231096, 25.343718264485474, 52.5583192231845, 70.98649820939058, 34.43803774541447, 68.68582912820872, 5.33530203227949, 34.15983341718525, 84.10261426034583, 87.43386743152989, 7.384659016429564, 48.55114443497659, 60.389737550592244, 49.16552507058173, 35.48372033084508, 59.90815939549893, 21.659827797772863, 53.525527016432484, 73.07790388631417, 47.271558364037155, 34.76248088174351], [43.58751696778522, 42.41366629940521, 52.982103157677734, 26.679592894370344, 53.21291373460032, 15.025687934188161, 41.58594616247279, 0.0, 36.32456065526891, 51.56721024611854, 31.438073820557808, 45.345539703815334, 38.91682152632567, 48.45472561432906, 42.50063615419034, 61.53096757734656, 12.583360459402133, 77.45086117311456, 75.70452625057194, 35.318146883380216, 46.564010616959905, 74.08169030006226, 43.60126964099548, 85.42653979220434, 37.60321028868315, 59.20384361860283, 19.670970479186295, 62.908109812321875, 6.597412505328085, 24.556769403277997, 59.10445594509179, 68.12669844916466, 33.930318819884306, 76.64917361774657, 8.759044121420454], [16.371029154399473, 35.47431638789177, 32.18616953755554, 52.715346902787246, 32.357041263800355, 51.32954269771062, 34.99221084490176, 36.32456065526891, 0.0, 18.22798288692769, 56.033938627652354, 15.913660819458226, 47.590027506170564, 71.51599587881354, 67.9156285028627, 38.038387684644604, 48.3665357755944, 42.71101750882711, 58.10043761108776, 42.870731509071334, 36.458680217829794, 52.969147499548974, 65.14063316000575, 55.097290379912835, 27.619285777666637, 22.9070229961728, 54.0015047743915, 26.61404905702952, 30.950049068082578, 38.26572383576171, 56.369276820299774, 31.81577982417505, 52.96244302891643, 44.38338087965018, 28.123491783210305], [29.236360828628847, 32.98453994848411, 44.079286448424206, 70.61471042037256, 44.18271347175731, 66.42681733036015, 51.49723590920308, 51.56721024611854, 18.22798288692769, 0.0, 64.06542069034991, 7.674772166294618, 49.8525064223705, 77.21149265692874, 86.03000978236551, 47.18496290836721, 62.51655681573601, 25.898208150489122, 68.15461143483046, 45.80499606536929, 51.8966238727811, 61.560942485750424, 70.68993717860799, 36.88964928731772, 44.34406896431828, 13.74371791467756, 66.8574622106162, 18.53546072098769, 47.18465645087371, 45.46967612066321, 72.01367899623891, 22.203673736176167, 58.965548058591025, 44.07263255282794, 44.31184677924319], [68.87417654896528, 37.33073875282274, 81.35743945298266, 53.90550877154991, 81.58327244762458, 30.42257548036151, 72.34571288096694, 31.438073820557808, 56.033938627652354, 64.06542069034991, 0.0, 56.41400479023037, 21.216864291016897, 17.13186760974482, 67.13487148071052, 89.4319023100002, 25.0721078642497, 87.97338156055685, 105.71752305602693, 21.969490860399254, 77.0487126038057, 103.14420080577642, 12.272163125960514, 88.64805742182759, 67.44313084967925, 75.92631841948733, 19.511679856736965, 80.5249269668067, 36.960368773013954, 18.605172653883844, 90.53925576485665, 85.23145086143249, 8.109081440865282, 100.31591865602547, 37.60598129629744], [30.34295841280446, 26.015206003694555, 46.037230634232735, 66.06252818532471, 46.17307133195558, 59.984793433357694, 50.84523394350531, 45.345539703815334, 15.913660819458226, 7.674772166294618, 56.41400479023037, 0.0, 42.369895995133476, 69.56614741279293, 81.84472318088969, 50.353221384934855, 55.787256100944816, 32.72151760340766, 71.18570384947856, 38.23743369235261, 52.02941194789931, 65.12577974139306, 63.04300013596904, 40.86517215696487, 43.49029795587113, 20.78654847780957, 59.76455617292082, 25.621586694279955, 41.501466972362664, 37.82759349461674, 72.07342746525806, 29.65175091148833, 51.29458968790479, 50.15931900928718, 38.66451072767922], [63.10417856195463, 18.281483149363112, 77.86320733184822, 65.30098288113172, 78.06884656755513, 45.2408761618656, 73.33190495785037, 38.91682152632567, 47.590027506170564, 49.8525064223705, 21.216864291016897, 42.369895995133476, 0.0, 28.406963171315436, 80.50692919753916, 84.89334869313191, 39.21429759900774, 71.08174310440887, 103.66835617598328, 4.791601411188122, 77.14060104904578, 99.57957009616153, 22.13738973882172, 68.99717426702749, 66.99963114485702, 63.10719235988425, 36.9323970208121, 67.9290761519038, 41.70737913193559, 14.467982087119577, 93.92379395308753, 72.0119198919157, 13.22617400221799, 91.01806814408233, 40.826718682245705], [85.21564194587859, 46.68548367324258, 98.18186243876316, 69.45623252094556, 98.40582401974277, 45.37582824324633, 89.47644218782241, 48.45472561432906, 71.51599587881354, 77.21149265692874, 17.13186760974482, 69.56614741279293, 28.406963171315436, 0.0, 81.42142182268321, 106.1298449426721, 40.766408664141366, 99.40468866914775, 122.76011435144298, 31.678132711565457, 94.1653859774095, 120.02757557827607, 6.524591003051075, 96.9879676776253, 84.51732766478047, 89.91050830363108, 33.85666115523605, 94.65087977578375, 54.08367461170373, 33.25071624627024, 107.54471537961348, 99.07352350402368, 18.602585680201173, 115.89051351591932, 54.7298240153373], [64.74670700379447, 84.689214336444, 63.2612391363456, 16.221230130776448, 63.43396098426231, 36.72119227049671, 45.761683448231096, 42.50063615419034, 67.9156285028627, 86.03000978236551, 67.13487148071052, 81.84472318088969, 80.50692919753916, 81.42142182268321, 0.0, 70.85028045920471, 42.3422023713752, 110.21152444607412, 73.5660568251506, 77.37620639615143, 50.19481873575742, 76.54194849868001, 78.77436857145554, 122.60191684929347, 48.89215034274802, 88.5497625394476, 47.8731827346718, 90.62429936509821, 42.60709374643404, 66.60001846637441, 46.36399342112152, 95.60558833928306, 72.61980261132861, 93.00300450161738, 44.973393254002595], [21.847135831000216, 73.46663834037872, 8.681581365486444, 61.594537762071276, 8.454902301320928, 73.86471062010656, 25.343718264485474, 61.53096757734656, 38.038387684644604, 47.18496290836721, 89.4319023100002, 50.353221384934855, 84.89334869313191, 106.1298449426721, 70.85028045920471, 0.0, 73.73206050608002, 57.88843293253014, 20.970022951951837, 80.10756083498116, 20.655557519167715, 14.947788295898972, 100.11457423180835, 77.37452161777684, 25.031034944985407, 37.83680158687717, 81.18278103891163, 35.93200527968037, 54.94213747327924, 73.70146647280644, 33.881756981389984, 38.4261990489971, 88.19166218413388, 23.298236187357116, 53.22101153815613], [56.16655344408782, 47.74715187303663, 65.11729373379647, 28.86678019660533, 65.34775897346555, 6.027774989865222, 52.5583192231845, 12.583360459402133, 48.3665357755944, 62.51655681573601, 25.0721078642497, 55.787256100944816, 39.21429759900774, 40.766408664141366, 42.3422023713752, 73.73206050608002, 0.0, 88.37221786366561, 86.96782784813949, 36.859308792244924, 57.73236105271617, 85.84806145449632, 37.123126104024216, 94.67680002539919, 49.34486194402261, 71.09882848674474, 7.886622248443698, 74.97559228651224, 19.07349092360705, 26.667927123635437, 68.15873249624059, 80.16109331666001, 30.2898570831386, 89.23173593719567, 21.34048180976897], [47.77937655434293, 52.85697861730097, 58.55150171692227, 95.34448735311558, 58.56033972877655, 92.3249400541224, 70.98649820939058, 77.45086117311456, 42.71101750882711, 25.898208150489122, 87.97338156055685, 32.72151760340766, 71.08174310440887, 99.40468866914775, 110.21152444607412, 57.88843293253014, 88.37221786366561, 0.0, 77.22543810078577, 67.78878035423548, 69.80724195143524, 69.37662499814382, 92.99498055858191, 20.656551279343937, 64.66445869842234, 22.44986069981145, 92.48598370860147, 22.384056569419684, 72.91647659511561, 69.66719959913914, 88.97322448227797, 19.509300910537515, 81.98119517405493, 43.405440363807294, 70.04115231726276], [41.73301407884047, 93.53631960661318, 26.017688952085738, 68.63926518276638, 25.830151448827937, 85.84032197477664, 34.43803774541447, 75.70452625057194, 58.10043761108776, 68.15461143483046, 105.71752305602693, 71.18570384947856, 103.66835617598328, 122.76011435144298, 73.5660568251506, 20.970022951951837, 86.96782784813949, 77.22543810078577, 0.0, 98.88347993962451, 29.236190849217706, 8.142998466509102, 117.06829314003679, 97.28196695506735, 38.305181420006534, 58.3985892702403, 94.77571838695997, 56.01415102140236, 69.37839933961497, 91.4848525463666, 28.12546749764388, 57.770951624266914, 105.52142295760447, 36.65377987768851, 68.26749412271563], [58.325124541090425, 15.568329166669658, 73.07216568940737, 61.909239309190156, 73.27770782060526, 42.86684343589031, 68.68582912820872, 35.318146883380216, 42.870731509071334, 45.80499606536929, 21.969490860399254, 38.23743369235261, 4.791601411188122, 31.678132711565457, 77.37620639615143, 80.10756083498116, 36.859308792244924, 67.78878035423548, 98.88347993962451, 0.0, 72.44019261899004, 94.7887459461066, 25.22272594083742, 66.88489391905011, 62.295795482306204, 58.88382322603111, 35.48598293688285, 63.68951977566359, 37.65382658570799, 10.793587248698556, 89.38802970335429, 67.8831561077387, 14.637147546479563, 86.45850067065388, 36.606154827740156], [22.834572087772344, 69.78977908108912, 13.52431269266633, 41.55040139395571, 13.658323186235418, 56.726258764676075, 5.33530203227949, 46.564010616959905, 36.458680217829794, 51.8966238727811, 77.0487126038057, 52.02941194789931, 77.14060104904578, 94.1653859774095, 50.19481873575742, 20.655557519167715, 57.73236105271617, 69.80724195143524, 29.236190849217706, 72.44019261899004, 0.0, 28.82769225277347, 88.6842049448759, 87.05849823163138, 10.146198088823596, 47.534697275973166, 65.54042336068456, 47.63091031926826, 40.34288015014705, 64.01765330835428, 20.128568341741026, 51.677064728542476, 77.48205628525379, 43.22681120532251, 39.44614323814091], [36.70762088821722, 88.41137982181102, 21.902732520713602, 69.96432146511263, 21.684079201168228, 85.2827387537553, 34.15983341718525, 74.08169030006226, 52.969147499548974, 61.560942485750424, 103.14420080577642, 65.12577974139306, 99.57957009616153, 120.02757557827607, 76.54194849868001, 14.947788295898972, 85.84806145449632, 69.37662499814382, 8.142998466509102, 94.7887459461066, 28.82769225277347, 0.0, 114.14208767197084, 89.56760937091678, 36.51907217440327, 51.139250473731266, 93.52561343508927, 48.49131196705642, 67.58680281239273, 88.01977410668614, 32.973774649282504, 49.9881915646294, 102.35605320211023, 28.51748010296483, 66.17482301139539], [79.04722199015508, 40.37357882047796, 92.26235416323294, 65.98966074583377, 92.48461702383652, 42.21328480833043, 84.10261426034583, 43.60126964099548, 65.14063316000575, 70.68993717860799, 12.272163125960514, 63.04300013596904, 22.13738973882172, 6.524591003051075, 78.77436857145554, 100.11457423180835, 37.123126104024216, 92.99498055858191, 117.06829314003679, 25.22272594083742, 88.6842049448759, 114.14208767197084, 0.0, 90.9898165913523, 78.91861358208291, 83.38996022236914, 30.901311240420885, 88.13315822230064, 48.9143670529535, 26.888375522630177, 102.6575974923731, 92.54973703190966, 12.178554536479545, 109.49636566819979, 49.35086490121618], [64.30755363196263, 51.34754468418377, 76.988390834558, 106.9094340950037, 77.02895456086159, 99.48751934261006, 87.43386743152989, 85.42653979220434, 55.097290379912835, 36.88964928731772, 88.64805742182759, 40.86517215696487, 68.99717426702749, 96.9879676776253, 122.60191684929347, 77.37452161777684, 94.67680002539919, 20.656551279343937, 97.28196695506735, 66.88489391905011, 87.05849823163138, 89.56760937091678, 90.9898165913523, 0.0, 80.55561789987199, 40.01277948772668, 97.2675061117401, 41.444137620206384, 82.14532469438021, 71.82312854847893, 106.84074345852967, 39.59878489362986, 81.51452092846226, 64.05686018907545, 79.3488540839539], [16.947082621959886, 59.87674025689313, 16.380665646585616, 37.443823636602396, 16.60184703579453, 49.03596138735243, 7.384659016429564, 37.60321028868315, 27.619285777666637, 44.34406896431828, 67.44313084967925, 43.49029795587113, 66.99963114485702, 84.51732766478047, 48.89215034274802, 25.031034944985407, 49.34486194402261, 64.66445869842234, 38.305181420006534, 62.295795482306204, 10.146198088823596, 36.51907217440327, 78.91861358208291, 80.55561789987199, 0.0, 42.22676802009874, 57.00668886079408, 43.272429607759655, 31.166692374746972, 53.95330923683807, 28.97785975234021, 47.8904524073965, 67.57084155265291, 44.793612267045035, 29.965284879955874], [25.329522264248745, 46.649042844237194, 36.97663632634497, 74.20173592239831, 37.01634325459849, 74.2208248555153, 48.55114443497659, 59.20384361860283, 22.9070229961728, 13.74371791467756, 75.92631841948733, 20.78654847780957, 63.10719235988425, 89.91050830363108, 88.5497625394476, 37.83680158687717, 71.09882848674474, 22.44986069981145, 58.3985892702403, 58.88382322603111, 47.534697275973166, 51.139250473731266, 83.38996022236914, 40.01277948772668, 42.22676802009874, 0.0, 76.37430421805007, 4.836089494001885, 53.83973001306249, 57.386339683534096, 67.01594811685602, 9.331899646663421, 71.44439640084492, 30.7166200715309, 51.02345748242668], [63.01270920634149, 48.27303111308828, 72.61034906388481, 35.65887558708163, 72.84111825692551, 11.528825404429375, 60.389737550592244, 19.670970479186295, 54.0015047743915, 66.8574622106162, 19.511679856736965, 59.76455617292082, 36.9323970208121, 33.85666115523605, 47.8731827346718, 81.18278103891163, 7.886622248443698, 92.48598370860147, 94.77571838695997, 35.48598293688285, 65.54042336068456, 93.52561343508927, 30.901311240420885, 97.2675061117401, 57.00668886079408, 76.37430421805007, 0.0, 80.45999350979277, 26.268367546199105, 26.513899658005542, 75.99038526948652, 85.57678387106895, 26.094063848332876, 95.98166828391733, 28.244602526891544], [26.361738334057716, 51.47522087276626, 36.1678752975606, 76.68788798250917, 36.177689708915295, 77.88570319903772, 49.16552507058173, 62.908109812321875, 26.61404905702952, 18.53546072098769, 80.5249269668067, 25.621586694279955, 67.9290761519038, 94.65087977578375, 90.62429936509821, 35.93200527968037, 74.97559228651224, 22.384056569419684, 56.01415102140236, 63.68951977566359, 47.63091031926826, 48.49131196705642, 88.13315822230064, 41.444137620206384, 43.272429607759655, 4.836089494001885, 80.45999350979277, 0.0, 57.33959351794082, 62.02181256599303, 66.60687325460846, 5.24428212047129, 76.15840108002496, 26.430344344258682, 54.56412241056119], [37.13422376343833, 42.372188498111456, 46.405694317225596, 26.391305345494263, 46.63648749724068, 20.734703818604338, 35.48372033084508, 6.597412505328085, 30.950049068082578, 47.18465645087371, 36.960368773013954, 41.501466972362664, 41.70737913193559, 54.08367461170373, 42.60709374643404, 54.94213747327924, 19.07349092360705, 72.91647659511561, 69.37839933961497, 37.65382658570799, 40.34288015014705, 67.58680281239273, 48.9143670529535, 82.14532469438021, 31.166692374746972, 53.83973001306249, 26.268367546199105, 57.33959351794082, 0.0, 27.268823652711948, 53.85557507631063, 62.57919326055413, 38.512105296905524, 70.21114635093122, 2.875434141756404], [52.34690566635299, 21.76980088546597, 66.12434719063717, 51.11776273637832, 66.34088481526848, 32.59572017423866, 59.90815939549893, 24.556769403277997, 38.26572383576171, 45.46967612066321, 18.605172653883844, 37.82759349461674, 14.467982087119577, 33.25071624627024, 66.60001846637441, 73.70146647280644, 26.667927123635437, 69.66719959913914, 91.4848525463666, 10.793587248698556, 64.01765330835428, 88.01977410668614, 26.888375522630177, 71.82312854847893, 53.95330923683807, 57.386339683534096, 26.513899658005542, 62.02181256599303, 27.268823652711948, 0.0, 80.0401037975161, 66.67497979098914, 14.720672497519121, 82.64062588739442, 26.513873237691055], [42.869290593502086, 88.51925816224805, 30.553562697291007, 44.47481938312366, 30.572480543080975, 65.51174658899656, 21.659827797772863, 59.10445594509179, 56.369276820299774, 72.01367899623891, 90.53925576485665, 72.07342746525806, 93.92379395308753, 107.54471537961348, 46.36399342112152, 33.881756981389984, 68.15873249624059, 88.97322448227797, 28.12546749764388, 89.38802970335429, 20.128568341741026, 32.973774649282504, 102.6575974923731, 106.84074345852967, 28.97785975234021, 67.01594811685602, 75.99038526948652, 66.60687325460846, 53.85557507631063, 80.0401037975161, 0.0, 70.2043291069331, 92.33683713464806, 56.85590674752782, 53.84675654144127], [31.089512926237095, 55.12433744959002, 39.65248199909293, 81.8057609027177, 39.63834567960683, 83.11186424709766, 53.525527016432484, 68.12669844916466, 31.81577982417505, 22.203673736176167, 85.23145086143249, 29.65175091148833, 72.0119198919157, 99.07352350402368, 95.60558833928306, 38.4261990489971, 80.16109331666001, 19.509300910537515, 57.770951624266914, 67.8831561077387, 51.677064728542476, 49.9881915646294, 92.54973703190966, 39.59878489362986, 47.8904524073965, 9.331899646663421, 85.57678387106895, 5.24428212047129, 62.57919326055413, 66.67497979098914, 70.2043291069331, 0.0, 80.65432391723893, 25.524716211319042, 59.80047282404797], [66.98529133827736, 30.203985564589274, 80.45561249136561, 58.50913270479874, 80.67559186741227, 36.08396358083816, 73.07790388631417, 33.930318819884306, 52.96244302891643, 58.965548058591025, 8.109081440865282, 51.29458968790479, 13.22617400221799, 18.602585680201173, 72.61980261132861, 88.19166218413388, 30.2898570831386, 81.98119517405493, 105.52142295760447, 14.637147546479563, 77.48205628525379, 102.35605320211023, 12.178554536479545, 81.51452092846226, 67.57084155265291, 71.44439640084492, 26.094063848332876, 76.15840108002496, 38.512105296905524, 14.720672497519121, 92.33683713464806, 80.65432391723893, 0.0, 97.3187285168522, 38.55430912359091], [33.07731777669669, 76.05817498862064, 29.80820012176497, 82.22968931195713, 29.649101024167834, 90.5988153319117, 47.271558364037155, 76.64917361774657, 44.38338087965018, 44.07263255282794, 100.31591865602547, 50.15931900928718, 91.01806814408233, 115.89051351591932, 93.00300450161738, 23.298236187357116, 89.23173593719567, 43.405440363807294, 36.65377987768851, 86.45850067065388, 43.22681120532251, 28.51748010296483, 109.49636566819979, 64.05686018907545, 44.793612267045035, 30.7166200715309, 95.98166828391733, 26.430344344258682, 70.21114635093122, 82.64062588739442, 56.85590674752782, 25.524716211319042, 97.3187285168522, 0.0, 67.89781973050748], [34.8463015657231, 40.39666762431281, 44.76829871802356, 28.755801772083046, 44.998635013281536, 23.394528317819326, 34.76248088174351, 8.759044121420454, 28.123491783210305, 44.31184677924319, 37.60598129629744, 38.66451072767922, 40.826718682245705, 54.7298240153373, 44.973393254002595, 53.22101153815613, 21.34048180976897, 70.04115231726276, 68.26749412271563, 36.606154827740156, 39.44614323814091, 66.17482301139539, 49.35086490121618, 79.3488540839539, 29.965284879955874, 51.02345748242668, 28.244602526891544, 54.56412241056119, 2.875434141756404, 26.513873237691055, 53.84675654144127, 59.80047282404797, 38.55430912359091, 67.89781973050748, 0.0]]",Route_3,1834.1376234108386
