instance_id,num_cities,city_coordinates,distance_matrix,best_route,total_distance
1928,99,"[[7.3633173303842, 40.05531720968645], [87.11788135657193, 92.85352494404725], [69.10790675545225, 11.745207324075258], [11.809733081054985, 33.6664212163603], [60.50099789169092, 3.8616567474067165], [23.374933625877027, 73.79933033390074], [21.229087676194215, 10.158221262932788], [44.67349208403482, 58.61673195380326], [65.50953012426116, 67.60006187317336], [49.138146981336625, 49.787644158049325], [37.284087756425045, 80.99799510229631], [88.03892263055853, 61.64098898188469], [35.08431278965436, 13.781521409125542], [90.24905749203688, 64.55198550755298], [41.05253816077632, 2.174883329300159], [78.5992826788783, 93.51588489661702], [65.67506642512548, 87.62603053946384], [8.54572376285766, 84.55461159323312], [54.07493481295374, 48.74969966837362], [67.32962360214223, 44.99096001120051], [73.07841417379436, 69.96930794779978], [16.823318413150556, 86.9550972568947], [97.06033131579964, 49.16536044292585], [88.5703701837498, 13.85007773083321], [33.32680004469943, 88.56665256757155], [72.83836278366694, 70.39999570756504], [7.487293114279526, 55.001372660354484], [62.00276465025163, 75.40635864360961], [19.959526254080686, 17.797845103126477], [59.46624275788316, 66.4824437160685], [66.07651754097188, 4.542871919130331], [57.15536085242549, 80.72964931909164], [95.80299952076753, 92.21003081653191], [76.18561825023052, 60.80038276849161], [45.11327981730623, 25.064636663411257], [71.24816605988883, 68.29431063330286], [17.285871058346913, 73.11980156902467], [56.9351533760993, 4.678548635294377], [50.8250724410148, 78.63148788249407], [40.63864372972527, 15.04874611669531], [55.626991766885624, 43.9933159985236], [28.243267948832397, 39.68755088049271], [88.4812632583895, 57.35019853900081], [60.07588267618825, 15.992712998592307], [84.03047195294755, 75.41223119008448], [66.76172942302644, 20.324012163533478], [82.31762832286978, 69.16092178190212], [24.397894641065708, 41.998429141253936], [57.74389686623892, 85.96676931463979], [62.118031321303434, 46.99498927537742], [84.52864801052547, 11.480045637971658], [22.577088291740854, 96.01483879594863], [11.974673622122257, 18.909242843205686], [92.32190572280476, 8.176050467202911], [56.22729000113791, 2.419866137696225], [29.01410618909621, 15.086816494599598], [67.53114720364188, 64.57261687313766], [38.20637177660553, 78.31459417742785], [67.71770225448789, 30.58593429314773], [48.90844592251449, 33.62218705945851], [46.705588023494315, 44.6615418157853], [64.55031655606605, 52.621008004982826], [45.73833619710014, 29.190327501247204], [21.232270406316054, 6.574536957537913], [7.43487206742185, 52.228999008452014], [37.576342370689794, 87.83332035833834], [49.15455699905541, 71.99446965363745], [44.64616462866263, 3.6351482465533547], [79.0614526612327, 55.4886144767193], [99.38590722500207, 60.27131296999033], [5.713409029347183, 5.535920382227777], [91.91615692795068, 82.38739293756959], [72.30138885930393, 31.408645957734883], [98.35582116559797, 24.475301905055037], [33.791444893617886, 44.10475280466709], [62.616133323619614, 63.22996575661307], [8.023377704113877, 16.186710679857764], [54.82224778670787, 55.45830343445412], [65.16582473305877, 92.96984310687678], [12.457782128789209, 52.86107691359106], [80.93921393361467, 74.14188531357709], [88.21064292979358, 69.43031689171441], [10.094328018252053, 3.443374301121782], [99.56400594702856, 7.22202383304269], [35.77305692016791, 28.41961824544903], [96.53086052178175, 33.79779886179437], [54.38203535695833, 51.768654981177484], [8.443174812501598, 33.605703290067204], [15.056216463237426, 39.50502084190723], [30.503071943046578, 71.69481269727265], [48.7705033351412, 19.45243102930393], [77.4814559922582, 10.214936911511863], [72.09689672565811, 42.360497393287666], [49.54686811397888, 15.250393104496062], [39.87296185985828, 81.03202468043234], [93.68249904034977, 71.21020342765809], [93.12416851927335, 6.6956072085100455], [2.4772010903613695, 62.20883903903485], [87.55851634209306, 58.12750846285552]]","[[0.0, 95.64748414343157, 67.92537556028384, 7.783868256937048, 64.29303347248647, 37.35010412463716, 32.9559696160216, 41.672236050529676, 64.34046177054927, 42.89352608723051, 50.710505577304644, 83.5134391365042, 38.1937944569854, 86.42992930600315, 50.69409108688353, 89.06511694564117, 75.25445401563898, 44.51500068072675, 47.51386633579532, 60.169082241151266, 72.2033295286215, 47.84434124285184, 90.15845609598306, 85.33053386258264, 55.02228723764343, 72.16495749495773, 14.946569624145738, 65.07814789838076, 25.574587852470003, 58.42180974163534, 68.61758994225383, 64.29345915913254, 102.6727399914314, 71.88092131394117, 40.61748602516525, 69.84779629144172, 34.52125719659162, 60.90059674345855, 58.112348955054365, 41.62422305354785, 48.424065345378466, 20.88318916980172, 82.94114824243668, 57.94500381185101, 84.42727026344807, 62.58990140551181, 80.40699567744355, 17.14504325256093, 68.16204390094246, 55.1927327879921, 82.28629536182075, 57.990748253734075, 21.643037401485195, 90.74276494394003, 61.67750807677249, 33.048187335522975, 64.9712685303646, 49.14332387686979, 61.092724545455575, 42.040253011446225, 39.611003123018506, 58.55125503011129, 39.88345614895098, 36.23962618067492, 12.173892089959912, 56.52932395632132, 52.598642300750114, 52.11947246442456, 73.34036592800223, 94.2170023694962, 34.5588043012688, 94.55785170700018, 65.51120558831458, 92.3166974663519, 26.73656401141419, 59.916091415043915, 23.877731411772533, 49.89591230450195, 78.36502353065859, 13.781910360190816, 81.08826478640688, 86.0184902384136, 36.71365935067284, 97.87232568678527, 30.700208369743677, 89.38684072425846, 48.45577495625807, 6.5393892600021335, 7.712556201457783, 39.19828973620172, 46.24969158593753, 76.20368538164985, 64.77461043497752, 48.936042101669464, 52.30647706141034, 91.76942882209093, 92.02061642917515, 22.68595736032383, 82.20628954781203], [95.64748414343157, 0.0, 83.08380330891958, 95.78324720095482, 92.88708785676994, 66.52988589828963, 105.73479268229133, 54.531497090905944, 33.23639932439881, 57.42064359694356, 51.22460905083305, 31.226122369222825, 94.65661097268791, 28.47422340410262, 101.70856349807609, 8.54431062979173, 22.070818062188216, 79.00921409390041, 55.10883522840559, 51.79189383394584, 26.847607459653275, 70.54159785961185, 44.80522322976185, 79.01679818471622, 53.961631771775295, 26.6095025479151, 88.16924643162935, 30.580593504495887, 100.71543941449649, 38.210561921086004, 90.78276504330384, 32.32245342066083, 8.708924285937218, 33.8661822464927, 79.74785216416197, 29.240432130166095, 72.56672447157386, 93.19776561373313, 38.97992197479794, 90.63058611057323, 58.129133361422504, 79.32742843454172, 35.52949473372048, 81.47916362815994, 17.712448295975598, 75.3319530194213, 24.17399168086347, 80.74674917731711, 30.17048836093807, 52.23023832475376, 81.41466246135639, 64.61816984956764, 105.42418377218529, 84.83723565381518, 95.56398526323567, 97.0757932327826, 34.40130689512821, 51.026623219920175, 65.21978070080371, 70.48625641774233, 62.89372536488353, 46.12971277037326, 75.92937156493335, 108.5586362214665, 89.44123253213043, 49.79524615033098, 43.31644241950602, 98.81176783334914, 38.223586665232226, 34.81529830162093, 119.37777088423195, 11.513616618417789, 63.20602505745928, 69.29554586783668, 72.25061668203726, 38.443346831431036, 110.15326103864756, 49.41063184609631, 21.952364790995343, 84.6966724031771, 19.705364467172252, 23.448684468830653, 118.01187570262424, 86.53126602474475, 82.3894369980085, 59.80119530466559, 52.53191556736092, 98.48864818108434, 89.66017196690673, 60.43945523308105, 82.814503494252, 83.19853920480269, 52.679937457479156, 86.21964455610953, 48.70144029424182, 22.616975297239968, 86.36702075447798, 90.01745125331949, 34.72881195552858], [67.92537556028384, 83.08380330891958, 0.0, 61.34835225931257, 11.671728658771338, 77.08578996020603, 47.905112891867645, 52.85811613602946, 55.970644904992895, 42.96531514725329, 76.21485465929965, 53.36639756726434, 34.08447625242982, 56.88149151161573, 29.64278678444549, 82.3196812894242, 75.9584341898816, 94.70473778464401, 39.94149094717401, 33.29327804087248, 58.3593250697839, 91.59806614678482, 46.707664234471586, 19.575953670947047, 84.74563143163063, 58.773297529493874, 75.28742169256566, 64.05642225150999, 49.51967013210002, 55.57991303047324, 7.814278972175943, 70.01226029009307, 84.77744863712869, 49.56313385860286, 27.443566091642815, 56.58959087118339, 80.32660955451958, 14.075282940611565, 69.3400069044465, 28.660291446221738, 34.952476049744895, 49.504477254288474, 49.549391175909896, 9.980919968793417, 65.39245277574841, 8.893842844839371, 58.9157110675192, 53.983725451176554, 75.08649003037333, 35.93613065146643, 15.423020831720828, 96.26259842383342, 57.58063679038986, 23.4867756136342, 15.901958250916783, 40.232812425969726, 52.850935378180345, 73.39201680074066, 18.89194699541676, 29.776172693678348, 39.81644083715135, 41.12909809041312, 29.16280243868496, 48.15404850969561, 73.77330544834638, 82.36285872688742, 63.4673914522844, 25.771105644082272, 44.8615508583962, 57.197379674182365, 63.69786170878374, 74.23297558486162, 19.92107293413984, 31.898210065517794, 47.89981902000145, 51.892422116789085, 61.245788765295764, 45.98820309303774, 81.3202402155825, 69.99822392260053, 63.50846599997216, 60.76583246510347, 59.5946550196637, 30.790147236749046, 37.27261988532313, 35.18998702471664, 42.6465432456815, 64.48326128220569, 60.76341390993693, 71.30419661769724, 21.748822384738865, 8.51222969361028, 30.760852508732704, 19.872608285992012, 75.20202831321508, 64.34280338598921, 24.541379146973217, 83.58366505060093, 49.91736023716738], [7.783868256937048, 95.78324720095482, 61.34835225931257, 0.0, 57.089081739937555, 41.766065865469216, 25.325080573204495, 41.26190327288478, 63.5229105969433, 40.66084496719639, 53.751470981233325, 81.20015875010378, 30.612339031111468, 84.30092345660667, 42.975092872764336, 89.68167169658732, 76.24377728424659, 50.9927610221503, 44.87596869482671, 56.66306929905363, 71.21622615583841, 53.52400426010024, 86.6480329640011, 79.27725321646808, 58.966257920394426, 71.23095632012402, 21.768409229522664, 65.28064640103572, 17.839025663544277, 57.86220050498402, 61.58786422086141, 65.35421484058551, 102.38272819294204, 69.8606216750711, 34.396466718385824, 68.7896652154328, 39.831611923174066, 53.63394739883044, 59.53195717984319, 34.31798238978656, 45.01773999861468, 17.501859063618106, 80.24615160867428, 51.40020582552742, 83.41791038838352, 56.54857895032375, 78.93809512414128, 15.095832786614391, 69.6080010763512, 52.04397754143736, 76.02812538675991, 63.271329312033615, 14.758100112114358, 84.45098545561454, 54.30715023855325, 25.321772561524295, 63.71867011948562, 51.86754171140984, 55.99277111182842, 37.0987392124545, 36.58706559919321, 56.04324674402826, 34.22258792599683, 28.683695758032407, 19.071148449321655, 59.983090258354615, 53.51331769267086, 44.49841112857604, 70.70362017028066, 91.52817349271926, 28.783506459821073, 93.75911810057396, 60.53377543085033, 87.03276415771317, 24.334223237202597, 58.78174437179608, 17.885099034682714, 48.2178654848105, 79.77323087541095, 19.20559228202824, 80.10710528304902, 84.35730709068832, 30.27168940396618, 91.65216069031085, 24.53099734690298, 84.72122930478278, 46.261126103316734, 3.3671057664021355, 6.680486504606049, 42.374514468425154, 39.59969766062714, 69.73340165391623, 60.91082876534659, 41.99096869459081, 55.05492894380272, 90.07044681000988, 85.67066136596725, 30.029415054600207, 79.60039544379396], [64.29303347248647, 92.88708785676994, 11.671728658771338, 57.089081739937555, 0.0, 79.1809499473221, 39.77347931313297, 56.99673851151072, 63.93488627581228, 47.31078841504803, 80.55457535751165, 64.00616011280259, 27.283907280353105, 67.58892701471427, 19.521469987402014, 91.46271665147931, 83.92402100688541, 95.97240994969746, 45.34567988206237, 41.69232202766542, 67.29348369319388, 93.87363602382688, 58.21520788373556, 29.79359351626382, 88.9571433080086, 67.67245469210265, 73.65951016592179, 71.56046165875159, 42.86989932842454, 62.629335608494706, 5.616980814432649, 76.94076662731607, 95.14024658196657, 59.059510975758045, 26.198248507395245, 65.32280237723435, 81.63478309736736, 3.658218072487138, 75.39330992400136, 22.796141809784487, 40.42655080454421, 48.208462239543344, 60.36488509872258, 12.138502737812471, 75.32012249509769, 17.612663204476966, 68.84736289369343, 52.51521182424586, 82.15139144130526, 43.163632517212676, 25.206503516374767, 99.65155232617751, 50.805846065446154, 32.11205643314764, 4.510359109430693, 33.427960758037976, 61.116639949660325, 77.71930420153085, 27.681543168721827, 31.93863531230804, 43.06906029883213, 48.92720426005706, 29.31685082790088, 39.36232560907901, 71.80120825859586, 87.04470185108354, 69.0711366306181, 15.856451176079316, 54.861947154985614, 68.51339642004251, 54.813164952117994, 84.57661297001997, 29.96808037800318, 43.10348027461556, 48.30017599999774, 59.405975393961945, 53.9055430822232, 51.90820890863838, 89.23020500779987, 68.62283699660777, 73.19174271930885, 71.18338023202728, 50.40840533020977, 39.20727821822881, 34.85060311716936, 46.84360795066953, 48.29619221296826, 59.95602762421915, 57.75532497573743, 74.17015981740354, 19.51093911759017, 18.13008897244393, 40.20728293287842, 15.801780754024096, 79.87979442543111, 75.07888357201675, 32.74603085890479, 82.28702617432754, 60.63738093863331], [37.35010412463716, 66.52988589828963, 77.08578996020603, 41.766065865469216, 79.1809499473221, 0.0, 63.67727552763709, 26.15606786133771, 42.58820437080922, 35.21795331086839, 15.66158814025834, 65.7970876135845, 61.149382241621446, 67.51045718408277, 73.77370202726125, 58.63847927898788, 44.50257153703113, 18.318884794899965, 39.622898295882244, 52.55413372475494, 49.85082797762973, 14.696865830093536, 77.69408153335432, 88.56837943441222, 17.807679556055398, 49.580099838034876, 24.612605179504886, 38.66124506060097, 56.10553765510093, 36.825526807368846, 81.3626591319059, 34.48400476807521, 74.73137641938462, 54.38695660083567, 53.36315266450131, 48.18870848637563, 6.126862353080115, 76.83730091765071, 27.872206004275313, 61.234523207196276, 43.915757364432494, 34.45742556486215, 67.15212651155107, 68.47309448932714, 60.6769789864212, 68.86235330690894, 59.12491938293152, 31.817350076696847, 36.45918547591752, 47.111573085803386, 87.31248494946996, 22.229830710208397, 56.06146299276686, 95.18455663497878, 78.57674737697143, 58.98270550362956, 45.10990399914648, 15.503521057990282, 61.91670797955495, 47.60423397028456, 37.327337895267576, 46.30262947301422, 49.90075057838589, 67.25893137842093, 26.82097604445027, 19.965792905448524, 25.842726313956998, 73.31764941922448, 58.61971270381208, 77.20541018144483, 70.51115223355801, 69.07716055998003, 64.73614248306922, 89.74961435401191, 31.468581817912295, 40.63967545743613, 59.62284975259435, 36.405038602592036, 45.9781158760465, 23.61344221208498, 57.56529954114625, 64.98274755194625, 71.5984289952762, 101.1796050697316, 47.042871196932786, 83.37812758819229, 38.036706143654364, 42.87755912128863, 35.288818608231004, 7.43231796625921, 59.98766894022538, 83.48946550000687, 57.98473855217601, 64.1322711709344, 18.013794800640778, 70.3552224973171, 96.78773385870376, 23.89675110935191, 66.06919320717573], [32.9559696160216, 105.73479268229133, 47.905112891867645, 25.325080573204495, 39.77347931313297, 63.67727552763709, 0.0, 53.831843331020934, 72.52808170694199, 48.47067928446993, 72.63633102785676, 84.34470593127323, 14.321158015120746, 87.8774022265062, 21.370607704912285, 101.19209139607918, 89.31240955799726, 75.46979935269825, 50.67693636802624, 57.7804387432693, 79.15629317167027, 76.92314973550644, 85.27563789815089, 67.44240605095574, 79.33622592615141, 79.32583857329686, 46.90144075648371, 76.94031560653008, 7.74439401271492, 68.07714788158687, 45.197611814443185, 79.18979455850861, 110.87726448114732, 74.73184578671993, 28.15414453193665, 76.69232744958157, 63.084939184687535, 36.12409085184052, 74.59564702952188, 20.016195930806454, 48.24965742467826, 30.35094780331527, 82.1580053297507, 39.28249960968676, 90.56544417518889, 46.653668334656224, 84.93013874280271, 31.99750264185195, 84.14432391964026, 55.0350178524145, 63.31336002928679, 85.86719909179568, 12.736740485014465, 71.12044557560026, 35.84349740220629, 9.213987421514945, 71.44793325287438, 70.23901582657459, 50.778762736541275, 36.286423960328015, 42.889756342498345, 60.661496268745815, 31.03102207349954, 3.58368571871259, 44.27449293186964, 79.37665749782981, 67.84949116934472, 24.308639916187104, 73.48079333185787, 92.84293404683457, 16.18956297445954, 101.0629259432299, 55.316909691772594, 78.4443230377989, 36.19640621072924, 67.3015424119281, 14.516661479716282, 56.39678936745594, 93.74540829090478, 43.59437672139488, 87.51690375591909, 89.44109829613241, 13.00277056479421, 78.3899271325442, 23.3453563074695, 78.92519637442192, 53.202877122801524, 26.707002474458488, 29.988981052050523, 62.231494193363986, 29.067368502845227, 56.25239690742888, 60.203991441335056, 28.77198121413591, 73.2849920204585, 94.74619435389204, 71.97841583087788, 55.32540159277481, 81.85747138541011], [41.672236050529676, 54.531497090905944, 52.85811613602946, 41.26190327288478, 56.99673851151072, 26.15606786133771, 53.831843331020934, 0.0, 22.690101314317864, 9.893732089415606, 23.56956165139673, 43.47075680336462, 45.84919262239364, 45.96041119274688, 56.557878173298576, 48.671451011974945, 35.81348250640206, 44.47459099371462, 13.628846301387851, 26.437888652417023, 30.589550186702244, 39.732796548316, 53.23259666906546, 62.69760152685427, 32.02725659507133, 30.53039872352983, 37.36153391710458, 24.128722553365566, 47.71751911795598, 16.753951594345683, 58.155583031723566, 25.39248239844617, 61.17790662652255, 31.587694224091837, 33.554977449342466, 28.28195230214558, 30.990656877689137, 55.31433771945916, 20.93877732279146, 43.75442138966888, 18.27083603733941, 25.065238104577556, 43.826075824278774, 45.32152499472453, 42.79089458048202, 44.20659020643577, 39.09297804336414, 26.215793713693284, 30.31270401679497, 20.961317994919806, 61.72763279732983, 43.43811063949057, 51.43828749359118, 69.38756135737863, 57.37227530665657, 46.26088959901247, 23.620858636790786, 20.73232792649347, 36.287204905760156, 25.35078122049632, 14.102366670009737, 20.76142713693831, 29.445664740170848, 57.07784976480156, 37.78250855783419, 30.06623641318692, 14.10828865377348, 54.981590498521825, 34.52994282661577, 54.73742786153428, 65.84421484629655, 52.885855435642846, 38.7760315632528, 63.61941292871861, 18.13881169976203, 18.526205784559235, 56.0672595136302, 10.628871672213224, 40.00089928106213, 32.72582363917571, 39.449118724194456, 44.85997239160733, 65.1138847110125, 75.19564172850498, 31.481477449787416, 57.4905740196934, 11.880739484781065, 44.02485030541484, 35.24826969970086, 19.283075556166608, 39.3780137652527, 58.47303873683386, 31.87959040239864, 43.639307271336975, 22.92357822098686, 50.6011688264898, 71.0159928596966, 42.34891033939997, 42.887814647500264], [64.34046177054927, 33.23639932439881, 55.970644904992895, 63.5229105969433, 63.93488627581228, 42.58820437080922, 72.52808170694199, 22.690101314317864, 0.0, 24.193065346716573, 31.243882788028685, 23.304164358039092, 61.82337056112688, 24.926591903258203, 69.84696445372303, 29.033971566486706, 20.02665282292955, 59.433424866731784, 22.047360957391614, 22.682244758252864, 7.931036043128963, 52.39240980795012, 36.54163752009967, 58.48814529074361, 38.40997319343444, 7.845471153891527, 59.37429542759798, 8.557784372010591, 67.49121163369492, 6.145762160848273, 63.05973897528416, 15.562076041534374, 39.03005072338672, 12.657586405002712, 47.17276146632953, 5.780477812656892, 48.53852923210066, 63.503045318819154, 18.36642744929374, 58.13950273081951, 25.591854469250414, 46.56052583943088, 25.154725630680705, 51.89261009481669, 20.101126228589102, 47.29263028456093, 16.880416129608506, 48.43149977693468, 19.940937845009184, 20.882319815837146, 59.255236624377105, 51.48392088092963, 72.36557688924802, 65.19291845602774, 65.8378151051387, 63.949643536127, 3.640378942347207, 29.33025158869372, 37.07993614702059, 37.81655687037043, 29.66081490708214, 15.009735022829796, 43.19962735750546, 75.39622284543972, 60.0744162019909, 34.49127030139322, 16.93505139251741, 67.28142533466342, 18.17530639315748, 34.66005605819918, 86.18314079334617, 30.265080524548278, 36.82319827284195, 54.20907449385226, 39.47235081576703, 5.241133953061882, 77.12321570707235, 16.17529912387367, 25.37210935736152, 55.061108261765455, 16.75919438344342, 22.77477455524868, 84.77573464540237, 69.31965667210791, 49.187040991332665, 45.879362727947466, 19.350829025555633, 66.4242826385411, 57.7483176371933, 35.24512872305316, 50.974399199249056, 58.620641209853055, 26.085034289329727, 54.72928282596745, 28.942205465910465, 28.40333254374057, 66.87242220592366, 63.2624674438576, 23.997646996017444], [42.89352608723051, 57.42064359694356, 42.96531514725329, 40.66084496719639, 47.31078841504803, 35.21795331086839, 48.47067928446993, 9.893732089415606, 24.193065346716573, 0.0, 33.38569643081855, 40.66659722209175, 38.651664012017186, 43.68172087387891, 48.29443098054675, 52.7268200698572, 41.29422706189786, 53.446111620839545, 5.044720295323716, 18.81324003062598, 31.31191381197886, 49.25106816350408, 47.926224433063375, 53.351746994784556, 41.87851698874379, 31.409700181279195, 41.975904906871214, 28.667349365785743, 43.29825806102819, 19.631247913771443, 48.311466673732575, 31.963782655385902, 63.06557977477597, 29.203529131657476, 25.04848608734708, 28.833134544829072, 39.483630163965444, 45.77798387435821, 28.893131334396777, 35.763565155780284, 8.699387649209525, 23.20792653380153, 40.0633626541077, 35.52085914224022, 43.2908050570424, 34.33214628285414, 38.421372541646946, 25.937462413238336, 37.18854700277671, 13.276909232672596, 52.15323256973122, 53.314569892313465, 48.317692617524415, 59.96967357367734, 47.895326946797674, 40.11389358235117, 23.5986837633718, 30.549805016315474, 26.71901075795925, 16.167088970584782, 5.673999322060553, 15.670447399143562, 20.876018941100547, 51.44035945970025, 41.774673572047675, 39.763661845861385, 22.206831558783534, 46.37058102199482, 30.461537804038343, 51.32976447699083, 61.99937841084024, 53.783842885019325, 29.568959216455006, 55.345226735833556, 16.36510064446709, 19.035549001853877, 53.09846498087411, 8.029033478239946, 46.06070733465959, 36.80890048098194, 40.05542312302884, 43.73207669164655, 60.598771834038395, 65.98938767772036, 25.203534747029202, 50.01744145120637, 5.60560158924369, 43.794245855787125, 35.59930238224073, 28.760911930754858, 30.33744085147913, 48.675890587730876, 24.130203042819417, 34.539669415042674, 32.58918485575745, 49.42798140747009, 61.576730501028486, 48.285918793287365, 39.315113104753145], [50.710505577304644, 51.22460905083305, 76.21485465929965, 53.751470981233325, 80.55457535751165, 15.66158814025834, 72.63633102785676, 23.56956165139673, 31.243882788028685, 33.38569643081855, 0.0, 54.32077824411401, 67.25245977396774, 55.459528042390225, 78.9131431893845, 43.169930465348976, 29.154391153357185, 28.95760842836255, 36.35773787337845, 46.89606380398766, 37.45484940598399, 21.310329612631566, 67.7238209452673, 84.49334632111665, 8.540767053376477, 37.10018953972447, 39.543309792366465, 25.34323155533861, 65.53166708673051, 26.509417808675718, 81.69693919512007, 19.87308491189012, 59.58332635008049, 43.832323903109874, 56.47864051638424, 36.26213195734036, 21.494059748008844, 78.80877038133711, 13.74622212281143, 66.03450982284035, 41.30143342682145, 42.288168848935825, 56.39476094175735, 68.88506817189545, 47.07892515693043, 67.4556414533124, 46.56324817645363, 41.073350461777885, 21.054512722532248, 42.106165323489684, 84.05232757828735, 21.019072952292795, 67.04908352030158, 91.28086889889337, 80.8292475707984, 66.42797649017811, 34.419146636347456, 2.837472173866241, 58.886167870239234, 48.781071026427306, 37.538014128682725, 39.353533890560186, 52.49293989630845, 76.13482752634215, 41.45637241120191, 6.841570296024519, 14.898708351561261, 77.71235583546463, 48.949736651896494, 65.46931596955466, 81.79995401187934, 54.649733835646664, 60.70679471946199, 83.21401004560803, 37.05819587350005, 30.942129846658634, 71.1104193578666, 30.98165437377833, 30.34330900674746, 37.523747364498064, 44.19022836534473, 52.223799182075226, 82.1827368869737, 96.54885885679853, 52.60008485818986, 75.74984229852699, 33.862872531234395, 55.478172127913965, 47.07170248886081, 11.51222733976491, 62.60825983773854, 81.40067407538557, 52.00757538611047, 66.8814096035569, 2.5890977454733815, 57.24143308143888, 92.94600296042913, 39.55441498687342, 55.23203172743397], [83.5134391365042, 31.226122369222825, 53.36639756726434, 81.20015875010378, 64.00616011280259, 65.7970876135845, 84.34470593127323, 43.47075680336462, 23.304164358039092, 40.66659722209175, 54.32077824411401, 0.0, 71.37730269315568, 3.6549414329609746, 75.78877256577347, 33.24328190766336, 34.28358862672346, 82.72969701017367, 36.32819578012444, 26.572514577528917, 17.122432948706013, 75.58085975833714, 15.395685178264332, 47.793866078270675, 60.978748079799544, 17.54358054900557, 80.82480759411062, 29.451093770850612, 80.97546218552309, 28.979953744779152, 61.17632065947659, 36.30662944384975, 31.539613324286165, 11.88307382534916, 56.395393072980845, 18.060902391982452, 71.6781517980948, 64.90118698508914, 40.909017328963216, 66.46520544680179, 36.90492682609146, 63.69830267195418, 4.313530787623239, 53.532202492859724, 14.342760849701968, 46.473772433479304, 9.448946918676688, 66.60338280186802, 38.852698424411194, 29.77243546754661, 50.28361825743352, 73.93790168812362, 87.24547039977438, 53.636215326467344, 67.22441045837203, 75.17459632032761, 20.716256781900025, 52.54799934182705, 37.11291445431458, 48.127408704052726, 44.68496588122109, 25.16097518273798, 53.3140229503028, 86.57622606674748, 81.15170067499936, 56.85516888918414, 40.23914080326243, 72.44038242875119, 10.883321143013106, 11.429351327354404, 99.62564384873728, 21.105596956478912, 34.083200171510285, 38.571060281966865, 57.01147621385563, 25.47239806801931, 92.02488166704696, 33.787173428100026, 38.79014962865755, 76.08939252928205, 14.376309424785658, 7.791220517224605, 97.27446830390463, 55.62599494231502, 61.93044640614412, 29.109384143466308, 35.07490612345742, 84.38874518878416, 76.26582776709125, 58.40764920484103, 57.63578034588383, 52.49856125041449, 25.01770464791837, 60.28039189294083, 51.9227507209218, 11.109447322092599, 55.18020210157427, 85.56360585324606, 3.546171958548348], [38.1937944569854, 94.65661097268791, 34.08447625242982, 30.612339031111468, 27.283907280353105, 61.149382241621446, 14.321158015120746, 45.84919262239364, 61.82337056112688, 38.651664012017186, 67.25245977396774, 71.37730269315568, 0.0, 74.97192196315065, 13.051197707358376, 90.83568310534952, 79.93000523387137, 75.5852300501959, 39.79217530623795, 44.87526186275278, 67.82786371472959, 75.41774405249689, 71.36555847972461, 53.486101330473865, 74.80577981302415, 68.05159750390474, 49.605157313896974, 67.24748035984653, 15.648962386102923, 58.06776834852577, 32.339904139415395, 70.49243216997363, 99.1856340717681, 62.450705633282276, 15.09598852288989, 65.41764649045875, 61.95010912336979, 23.671150112644312, 66.73297285449614, 5.697056314563182, 36.53428789334152, 26.794071312241464, 68.91635470777507, 25.089199541612246, 78.70241981631325, 32.345987538421994, 72.78642786885874, 30.172726340354664, 75.65822338453603, 42.824716990903426, 49.497869410299714, 83.17901870714266, 23.67169088931036, 57.51141929444766, 24.00234771584043, 6.208961542288893, 60.270493957849034, 64.6085500010409, 36.70594502720505, 24.1817838532095, 32.99438889230083, 48.7519342897486, 18.73337983256113, 15.61472712138213, 47.357154749868165, 74.09371862072648, 59.88922370034867, 13.941947458849175, 60.60916138203278, 79.34731102123496, 30.5063915268916, 89.08773269276178, 41.180411253729226, 64.16884534929879, 30.350780379821515, 56.59637612339717, 27.167612024833566, 46.114425486334106, 84.70943072709036, 45.15718711538255, 75.80267468632086, 76.93630737708997, 27.043975752497, 64.8124821166399, 14.654291093973143, 64.62452778364286, 42.60779756459549, 33.207656044447745, 32.600967248358685, 58.09420862289461, 14.814554585528553, 42.54689503031585, 46.76204912023251, 14.536956028227097, 67.4207783265783, 82.04755298152962, 58.47080496430223, 58.38175079764476, 68.70304655713862], [86.42992930600315, 28.47422340410262, 56.88149151161573, 84.30092345660667, 67.58892701471427, 67.51045718408277, 87.8774022265062, 45.96041119274688, 24.926591903258203, 43.68172087387891, 55.459528042390225, 3.6549414329609746, 74.97192196315065, 0.0, 79.44306382855137, 31.218980140567187, 33.70893933500862, 84.11622788014907, 39.47504768007869, 30.131945976026888, 18.004954162227357, 76.76743173595288, 16.82681437413772, 50.729689958425745, 61.7806411985543, 18.366586877466, 83.31100676787251, 30.26004751286152, 84.41900169161235, 30.843286981968323, 64.69470922226984, 36.836253388120156, 28.210170902921377, 14.555234330635558, 59.97073573870555, 19.36592039029119, 73.4645087550486, 68.51747697005648, 41.8626681475176, 70.08397722629846, 40.26594500391352, 66.8053743811044, 7.415580354424384, 57.170127033856296, 12.51462114456187, 50.07762180795555, 9.173323402482113, 69.60631116208468, 38.925292970165216, 33.16025859541987, 53.379339506560235, 74.62845672056287, 90.6098180559843, 56.41402973960971, 70.83700248171799, 78.71799163185986, 22.7179196566237, 53.831687079965064, 40.759717908006024, 51.63040380417217, 47.87132214189702, 28.333258017054415, 56.84761355721509, 90.13712575850955, 83.72601330410727, 57.58850120196721, 41.763004454090385, 76.09523572071713, 14.398166421207536, 10.089904876490616, 103.09787487569314, 17.913150999305387, 37.690844589434754, 40.888386931177635, 60.04624339223167, 27.664530256618754, 95.39529456815227, 36.575318174203126, 37.90439547303871, 78.6648578870705, 13.365603816209608, 5.287083413495564, 100.79207816388349, 58.08177657682288, 65.36958468790995, 31.3891867614736, 38.07698538730158, 87.4635628365445, 79.25473980112743, 60.171444801353715, 61.2734874891505, 55.816901545908884, 28.66989859092703, 63.93211425914567, 53.00323294179368, 7.491354132417576, 57.92777203812437, 87.80312700336631, 6.965121461782678], [50.69409108688353, 101.70856349807609, 29.64278678444549, 42.975092872764336, 19.521469987402014, 73.77370202726125, 21.370607704912285, 56.557878173298576, 69.84696445372303, 48.29443098054675, 78.9131431893845, 75.78877256577347, 13.051197707358376, 79.44306382855137, 0.0, 98.75695717886514, 88.92787784301241, 88.5613494202757, 48.36110349842181, 50.23645729670052, 74.97826847663683, 88.1744847628124, 73.10935530738907, 48.93112020460101, 86.73652530253295, 75.26622486868882, 62.588047182152714, 76.16929149382071, 26.24865874444716, 66.89190414308274, 25.135769611890108, 80.18822954991332, 105.37523808836431, 68.34678120487197, 23.24715962214583, 72.68806374660808, 74.82002331728383, 16.078737700530105, 77.07862742720519, 12.880514417861296, 44.28539272522043, 39.63934447198753, 72.75850034789603, 23.512125665741568, 84.91649966128952, 31.469880724282337, 78.67615276345921, 43.165865586194606, 85.43817421044633, 49.52370037783732, 44.46074868081031, 95.64141095700026, 33.54938143198703, 51.61939613388961, 15.176729225790615, 17.653381047321485, 67.78343373017233, 76.19288832379881, 38.964327185451424, 32.41370387132223, 42.86109100451826, 55.65031072966857, 27.418806083504144, 20.30270833920842, 60.2956214827096, 85.72894360383029, 70.28810243389286, 3.878985024365719, 65.47542676731702, 82.32847067314462, 35.49860022365637, 94.97975790529878, 42.79139571683233, 61.489632555289795, 42.553935536630235, 64.75115231834081, 35.87836041646536, 55.03387830495682, 93.94240421837613, 58.195792739622306, 82.28120246333575, 82.1412210103668, 30.984187008444895, 58.72874500418131, 26.770488097695562, 63.85806948825574, 51.35384778340933, 45.29091543991968, 45.49008582660716, 70.31580061982446, 18.923018811981738, 37.305609711914556, 50.78026955821227, 15.592389080417338, 78.86596314204328, 86.80891776348886, 52.2675007302244, 71.35917928518037, 72.75645858573161], [89.06511694564117, 8.54431062979173, 82.3196812894242, 89.68167169658732, 91.46271665147931, 58.63847927898788, 101.19209139607918, 48.671451011974945, 29.033971566486706, 52.7268200698572, 43.169930465348976, 33.24328190766336, 90.83568310534952, 31.218980140567187, 98.75695717886514, 0.0, 14.203019049562837, 70.62439759756055, 51.043657570145534, 49.8163984129842, 24.18514575223808, 62.12337479092715, 48.039351953291735, 80.28738018770856, 45.542206627576746, 23.82294127599639, 80.87201439702625, 24.564188400655432, 95.76973730635483, 33.11918112937834, 89.84996764045705, 24.9665697191864, 17.253206312288107, 32.80441823092582, 76.20292495914556, 26.27102441599594, 64.61682953886552, 91.44072841165932, 31.51114134415118, 87.16709228679964, 54.59130864901144, 73.71036400971064, 37.49147116200302, 79.70544855146571, 18.900796132883247, 74.14295584383609, 24.637173592912685, 74.77859795911746, 22.179636233808957, 49.3540816520157, 82.24984070565998, 56.077901481253726, 100.02494474105659, 86.43609040004942, 93.80293540235571, 92.78905376137406, 30.987358499509924, 43.158620120298714, 63.86381976900193, 66.84908995567471, 58.343419480096294, 43.24077248502671, 72.23308894061853, 104.16223921625496, 82.27381286909178, 41.41464923503396, 36.47140228207266, 96.07997213826604, 38.03007884136737, 39.20823029168967, 114.24895944212624, 17.354609561963375, 62.42573664102035, 71.81171849212352, 66.70234105035846, 34.24467785608975, 104.69364616848954, 44.87456846603269, 13.444551090246357, 77.63704983546288, 19.51479280239797, 25.932466754855053, 113.16353643303155, 88.80399810239173, 77.92053352394345, 62.35215540459357, 48.26288712316752, 92.2556737067616, 83.39601129563489, 52.81481495825328, 79.84454443412505, 83.30844778123354, 51.566992288676495, 83.48371097114295, 40.688753852568425, 26.92669384832863, 88.02688752032822, 82.30858051076801, 36.50486343557098], [75.25445401563898, 22.070818062188216, 75.9584341898816, 76.24377728424659, 83.92402100688541, 44.50257153703113, 89.31240955799726, 35.81348250640206, 20.02665282292955, 41.29422706189786, 29.154391153357185, 34.28358862672346, 79.93000523387137, 33.70893933500862, 88.92787784301241, 14.203019049562837, 0.0, 57.21184673969263, 40.570089418414994, 42.667162999219975, 19.146002469620143, 48.85635511676198, 49.641293260072466, 77.24691674766683, 32.361939181989136, 18.656073829991243, 66.70970892308952, 12.75955256143692, 83.46188408166886, 22.036350766162833, 83.08412850436545, 10.961088311942282, 30.474668351856494, 28.811231802900867, 65.85374000176516, 20.119016727197685, 50.51677847197971, 83.40665941246574, 17.36157017484802, 76.77424487135116, 44.77474268545538, 60.82135619322712, 37.904466983692615, 71.85181306387261, 22.04762587304358, 67.31079047184838, 24.85830058448954, 61.527903587272554, 8.102875932902677, 40.78644398490405, 78.44532207350295, 43.906808391749074, 87.21083131406016, 83.79948316093008, 85.72835546899698, 81.27707905476395, 23.12801153422258, 29.004000289923365, 57.07665845965757, 56.546747684473324, 46.96582163783629, 35.02308759814692, 61.74305306474324, 92.43650106873628, 68.15328370688047, 28.099488652933378, 22.743634877129196, 86.58338766245417, 34.81391744191096, 43.41314732589987, 101.65720113831506, 26.758889265091767, 56.60655861480817, 71.10588061098503, 53.95059719441231, 24.587091096926045, 91.80029212582889, 33.9491728838975, 5.368021968712445, 63.566353902722504, 20.367041307802197, 28.96439544593748, 100.87585485732532, 87.25402292367626, 66.32894865112398, 62.04481086182878, 37.59366878391334, 78.6999693372941, 69.84196121083994, 38.61182329005896, 70.23819419258253, 78.30624656619959, 45.718796959417176, 74.15087103252114, 26.63136333847601, 32.46375920100792, 85.45868373841446, 68.11757340540295, 36.72939129597136], [44.51500068072675, 79.00921409390041, 94.70473778464401, 50.9927610221503, 95.97240994969746, 18.318884794899965, 75.46979935269825, 44.47459099371462, 59.433424866731784, 53.446111620839545, 28.95760842836255, 82.72969701017367, 75.5852300501959, 84.11622788014907, 88.5613494202757, 70.62439759756055, 57.21184673969263, 0.0, 57.92150530494815, 70.857811191283, 66.16040518394134, 8.618637050949665, 95.32698908090435, 106.78518222809782, 25.10374901217408, 65.83233691075303, 29.572186372699313, 54.23417513401311, 67.7254808733262, 54.032420883236135, 98.54780930297892, 48.75989288727052, 87.59245182192572, 71.68973924712736, 69.83010291375827, 64.77649000463079, 14.392534698119926, 93.39016185849269, 42.69223253874066, 76.5573043389221, 62.14390152853704, 49.000473303419845, 84.43796873484709, 85.76765833654848, 76.03637503693318, 86.68721484811549, 75.36086244476647, 45.412773384126716, 49.21843583597914, 65.42719133354778, 105.41962325286826, 18.11673254426035, 65.73486240545749, 113.3672495188487, 94.97182829650772, 72.4205028635709, 62.278088373701216, 30.309930022106588, 80.08708490221568, 64.98662330838783, 55.2053643829885, 64.4691356547038, 66.69703421218887, 79.00531947866068, 32.34469385340679, 29.215180093913283, 42.50687594199448, 88.60700524800582, 76.27122793325354, 94.02987569630005, 79.06943510263541, 83.39859688769768, 83.00167766509166, 108.0526586813009, 47.681626560207086, 58.12357275775307, 68.36989630463246, 54.66362432368178, 57.242047092185565, 31.934062396571605, 73.13851439343385, 81.08787601172459, 81.12601919357944, 119.43473875487365, 62.3896237287494, 101.57577629110652, 56.35500342932366, 50.94901150730628, 45.51760255180017, 25.446012786890435, 76.52664115076028, 101.3830479409046, 76.28299193179183, 80.52433506981653, 31.524664397014636, 86.17623648048026, 114.95885299181785, 23.15514021703523, 83.31514370768912], [47.51386633579532, 55.10883522840559, 39.94149094717401, 44.87596869482671, 45.34567988206237, 39.622898295882244, 50.67693636802624, 13.628846301387851, 22.047360957391614, 5.044720295323716, 36.35773787337845, 36.32819578012444, 39.79217530623795, 39.47504768007869, 48.36110349842181, 51.043657570145534, 40.570089418414994, 57.92150530494815, 0.0, 13.777332786451991, 28.485154086825407, 53.36042849617175, 42.987406136988284, 49.07054791628091, 44.8984947914581, 28.6496343396695, 47.0052313497414, 27.810572695490826, 46.06385136055213, 18.53419576939116, 45.807003914562344, 32.12796607703505, 60.249744960182795, 25.181367819142288, 25.323772819429, 26.0175265778886, 44.12864238324857, 44.16386762512364, 30.05799182097986, 36.28068616172555, 5.0032056127111435, 27.375126550075276, 35.46496888365844, 33.30212532168915, 40.10267812119003, 31.128354720431254, 34.846344497850104, 30.435281616804716, 37.39748060502837, 8.232278542779992, 48.12957260422964, 56.79883548298244, 51.60314773219695, 55.75887187953726, 46.3798028007492, 41.96706845713095, 20.77099806875266, 33.55434815594041, 22.716678367887308, 15.985438535990118, 8.427354669823476, 11.167840028449126, 21.26188881670704, 53.45451295271984, 46.76965872021114, 42.423259643890724, 23.759828482110834, 46.089309575868484, 25.879316972758456, 46.75288006099085, 64.85574682562965, 50.63054907493148, 25.157817292026202, 50.49795325503401, 20.808543790339016, 16.811608429440003, 56.40118938475451, 6.75009934526972, 45.589789700564324, 41.819741993340365, 36.96555943730942, 39.91158349873411, 63.142354187292135, 61.59385888970789, 27.35454158024196, 45.011831394904476, 3.0345348778411783, 48.07908221924606, 40.09893350525678, 32.89545456543594, 29.773594727755416, 45.08650767629767, 19.121009829371737, 33.80394841273746, 35.26818033220096, 45.532772517694696, 57.38805926038554, 53.32423987181092, 34.77202222771034], [60.16908224115126