instance_id,num_cities,city_coordinates,distance_matrix,best_route,total_distance
891,75,"[[4.561895408856098, 8.397085664824255], [17.139282712751267, 9.202627508960726], [46.19180560248124, 80.72281840945604], [44.2955054727073, 18.802372519453534], [12.45736600244709, 81.84125001985902], [88.52476743332473, 76.4344182504694], [4.553680787354097, 94.03529037807499], [17.461265063459187, 14.2045696414417], [21.468154385525086, 49.566882354935736], [3.330579981492654, 59.22735988764756], [42.612460909897955, 60.99000746424983], [17.43766812642423, 67.96645848981308], [5.233009271030797, 61.00483945808863], [36.57823374253214, 21.723956597729998], [33.071282627077125, 74.82242773598531], [59.82446053064704, 41.06464460414445], [51.894861873316565, 8.010923273011006], [64.73859563538511, 86.55739886854496], [29.02957933151732, 9.75567040993881], [50.24909065328129, 32.70148552085652], [56.9578927646695, 29.238119246833083], [18.68468255514647, 73.38671091785415], [22.539448093829662, 62.47236202683053], [74.54929686984761, 33.00124353972171], [17.51865226979261, 93.00264254090955], [54.56836768490814, 86.98760330277031], [16.94432850490489, 76.35859821653754], [13.993302581194689, 64.53922383519875], [42.11581955836803, 99.13341029408494], [27.14889848406151, 66.58956983163678], [52.51369393476537, 62.991245023482115], [77.86022382605655, 64.9272712040493], [34.10579897277912, 50.30810186829547], [85.86574279095099, 6.594010059814204], [89.5357542606058, 81.4045064815063], [39.87023712200347, 68.83600513262812], [99.35979092354576, 55.667666045528165], [77.44585096064061, 59.814987329377146], [23.287433109836087, 81.6154468890791], [1.9188231274579803, 98.9054368068231], [89.04945809738042, 58.47712579109915], [48.171004559156685, 0.22291547612317553], [7.722534404850734, 39.35366112755566], [35.26921664883949, 60.12474015327437], [79.80657056642093, 18.48466854520089], [30.607691464683352, 12.572305835496367], [9.690400762009055, 54.406261831148775], [43.78206043292248, 7.870593749210631], [47.01306548446665, 69.03998712302985], [2.519140768299011, 4.586282790763752], [38.6223372022664, 90.64625459301004], [79.64501158126328, 73.37040689244847], [23.916290913685124, 78.77604200649824], [71.54586718297338, 33.6236246341169], [50.80900689908505, 95.78885674596656], [68.17406840816093, 14.091583467930812], [39.25317240655215, 28.33126047168988], [93.7835470311806, 3.5240839034824445], [23.828357544724955, 68.92611455245083], [30.83692255898425, 25.457930770681003], [6.000252375282422, 64.70328780891592], [26.47015942022487, 95.35708116161817], [76.20370291110423, 47.68134135578725], [51.615892705827434, 97.75791564778238], [51.3522163188575, 75.46617895826392], [67.5990235435098, 94.02835684867895], [92.9690914858759, 5.660049991430327], [38.44977733482452, 21.12343505573896], [21.939804632729675, 70.41651258507072], [76.94788891310922, 39.57993945545262], [29.82305641445382, 40.20752226757924], [84.01443468592237, 66.10328720760666], [31.3444232785822, 99.03108280430268], [38.0748551833709, 91.25642786621412], [78.44966324820808, 99.50347094323489]]","[[0.0, 12.603157106647451, 83.45094990338454, 41.073467874447836, 73.86733874794473, 108.06869344989319, 85.6382051072338, 14.146399104534106, 44.50588446589187, 50.84518576275515, 64.91425851343887, 60.94502196108382, 52.61203429814063, 34.679264830136496, 72.28493085580993, 64.19595400719693, 47.33454167643952, 98.64212999655498, 24.505373064879308, 51.74962474901755, 56.38873309160993, 66.50642455664479, 56.9853306928051, 74.18625848494366, 85.59192603666497, 93.1510425711697, 69.08032887656809, 56.92882503259541, 98.20070176049596, 62.42225501713364, 72.6629012491789, 92.5651490889254, 51.277436724177335, 81.32383833027288, 112.02963974976078, 69.99672835903164, 105.92992383430948, 89.19569265642895, 75.5749573771384, 90.546935108418, 98.2148597112302, 44.3685864002526, 31.117506378930596, 60.15554684825006, 75.91785342023259, 26.378323594484428, 46.2941233706958, 39.22369868143756, 74.0247481458603, 4.3237790260911, 89.02269084081615, 99.29253146892385, 72.99171268781545, 71.5767472228585, 98.87424828482109, 63.86654726007249, 40.01069888119366, 89.35462642964538, 63.521334221755765, 31.328094220140613, 56.32457075428253, 89.6772705248897, 81.70557708860598, 100.99226008396155, 81.77773172487133, 106.33152932233982, 88.44955445042137, 36.198736307335544, 64.40808213655319, 78.81689175630743, 40.620562923335086, 98.19731001442952, 94.50833421752623, 89.38002608466432, 117.30207020671106], [12.603157106647451, 0.0, 77.1957692668554, 28.803047388337845, 72.78935241065828, 98.06121106279097, 85.7611687495533, 5.012294657225942, 40.59571651332393, 51.895607913189615, 57.713217984245766, 58.764588532561646, 53.15287866232072, 23.12264040475219, 67.52619345931396, 53.26549106803729, 34.77600382120265, 90.82651178373179, 11.903151268994343, 40.60117867404867, 44.57513472380173, 64.20268548676653, 53.54275302734561, 62.14727548732604, 83.800873746135, 86.32171720428458, 67.15625368363004, 55.42595135819654, 93.3347367551098, 58.25335661603897, 64.37829093279531, 82.4152207097091, 44.46934557993536, 68.7759492837167, 102.24656678708303, 63.81877478581375, 94.4415786433392, 78.73050959081009, 72.67335250201975, 90.98492394851034, 87.17252723653587, 32.30484466678895, 31.58733887119948, 54.05327058270472, 63.350968838157, 13.883543003622844, 45.813255704546805, 26.676055154080885, 66.88013533684774, 15.331640128608463, 84.22936556097977, 89.57940640790096, 69.90270270169593, 59.63607577886309, 92.90223581952758, 51.26842343338773, 29.2391640853907, 76.85433696540865, 60.096910292806854, 21.25700405719497, 56.60743140781141, 86.6582664511469, 70.49267446106414, 95.0298673784427, 74.57468120354444, 98.69949241370217, 75.91251381713268, 24.418084150988133, 61.40183007708643, 67.080924685964, 33.49897930249534, 87.80644068390336, 90.9446941786175, 84.6824913883653, 109.14762977886335], [83.45094990338454, 77.1957692668554, 0.0, 61.94947597356178, 33.752974748835115, 42.54961848589536, 43.71447526890117, 72.45772131959319, 39.77375115488927, 47.949342005871955, 20.0548132932614, 31.456718525482906, 45.457911201987784, 59.776972648215896, 14.386199402472062, 41.93590382909072, 72.9352078571227, 19.442884293699965, 73.01286260489411, 48.19242652514122, 52.598316329038745, 28.46858428987211, 29.874958977230122, 55.511224261642965, 31.192047107224315, 10.46013011774953, 29.571292404383183, 36.03681909042097, 18.856392968279195, 23.71457414509463, 18.82484971594857, 35.38909470870242, 32.7280695815129, 84.07794906735398, 43.349308920739595, 13.463229847683005, 58.77580559278258, 37.60256310044564, 22.921759637612336, 47.86130575964249, 48.2871537517377, 80.52422989874611, 56.491521493861846, 23.31488317144225, 70.73570330537748, 69.90963436861438, 44.99904116164358, 72.89206753638616, 11.711661481653975, 87.77285292010974, 12.480842822138248, 34.25164149897409, 22.360422469485783, 53.489835416781126, 15.757666672783902, 70.16367541606341, 52.84903001734239, 90.68968222206965, 25.284106290748046, 57.35834933996882, 43.26645711722185, 24.558195667382144, 44.636903857138805, 17.877786742880684, 7.3662810889566455, 25.205283833599925, 88.44508848542688, 60.1001289336431, 26.351081396834353, 51.368016792884525, 43.69696981993746, 40.54974677288891, 23.571960186281476, 13.298188308705772, 37.326696739552396], [41.073467874447836, 28.803047388337845, 61.94947597356178, 0.0, 70.62271023855477, 72.64764489453752, 85.08469050800755, 27.225286952507552, 38.308524156836945, 57.55262569352865, 42.221193507950474, 56.0218776570395, 57.50588513545878, 8.251783836468281, 57.13343823849249, 27.143271791814644, 13.198696698614832, 70.77191201999172, 17.745177373206662, 15.120533017328452, 16.408560622116095, 60.293981863082905, 48.789281776302396, 33.42005134873213, 78.88396502906929, 68.95474889378565, 63.724453689441056, 54.864223938346015, 80.36060390909482, 50.770290113181446, 44.94658023448722, 57.04468947065875, 33.11255200610727, 43.32584384222691, 77.23799121542295, 50.22894974460315, 66.26556721989981, 52.73499767248033, 66.23308400012598, 90.62165367513785, 59.8080456351605, 18.97934975688124, 41.95161112739035, 42.296713309624, 35.512486253502765, 15.03894887300338, 49.650279013897155, 10.943829900469629, 50.311062933265255, 44.12892311273741, 72.06752548564319, 65.01736658348439, 63.341561535724225, 31.020182584677823, 77.2615328244953, 24.33880238118479, 10.78076195620312, 51.792782898064985, 54.14142277126056, 15.014323483961574, 59.77809326338731, 78.6025850540392, 43.03635561728775, 79.29417292545668, 57.10152474410069, 78.75279469820157, 50.416650194275185, 6.289663644375763, 56.247638303841036, 38.7025248804126, 25.838580020647964, 61.76544234586464, 81.26731497945063, 72.72060661335043, 87.63089512357298], [73.86733874794473, 72.78935241065828, 33.752974748835115, 70.62271023855477, 0.0, 76.25931674378394, 14.531443845574309, 67.82152710183529, 33.50864239946553, 24.38618973894897, 36.66202483483716, 14.741548400637084, 22.053284002193784, 64.77580743562395, 21.77607459713069, 62.50098553840821, 83.70324502736551, 52.493514188849645, 73.96599923155475, 61.99137768352867, 68.90127901018487, 10.500414414433987, 21.835800910061906, 78.99844373037926, 12.25533768155668, 42.42430217237249, 7.0846526587354015, 17.37006653034479, 34.33136575026162, 21.17675317942159, 44.26999091692765, 67.55454456124275, 38.24910564208547, 105.12343651311787, 77.07962559194065, 30.341422141921, 90.75840432284241, 68.61967229061547, 10.83242080997683, 20.05610522081452, 80.07640646567297, 89.08993496828066, 42.75060046524465, 31.49583037004711, 92.46605740245978, 71.60740843517137, 27.574166779006447, 80.3299101846446, 36.85062683924633, 77.89158030476236, 27.60677133278328, 67.71953116873904, 11.861806788451863, 76.26526319105454, 40.80911776614184, 87.71754810107461, 59.844249701132085, 112.9049433338437, 17.207561500574673, 59.303345510769255, 18.31404010964892, 19.468848728722065, 72.3221600148236, 42.269734542465116, 39.4138416317968, 56.472364650622765, 110.84093638223409, 66.04739586757849, 14.847264658209895, 77.10412385801324, 45.110248170860395, 73.26730206614296, 25.53842758881491, 27.2928804968117, 68.3149862308338], [108.06869344989319, 98.06121106279097, 42.54961848589536, 72.64764489453752, 76.25931674378394, 0.0, 85.79588621931374, 94.4593850656164, 72.23886653692819, 86.91451221217007, 48.440372777617974, 71.58967823909553, 84.70884770480794, 75.44320364847, 55.47690952617602, 45.549187743582785, 77.61136931059387, 25.85066160459015, 89.36292755304353, 58.11709591938676, 56.77991032035212, 69.90655173713277, 67.44628516328527, 45.62624730267599, 72.91347232682803, 35.55849826163042, 71.58047908377526, 75.47473022927198, 51.662701077823726, 62.16042414323541, 38.438474487542194, 15.689070192310929, 60.36562379377279, 69.89100820768068, 5.071870600599676, 49.244280903721815, 23.423401357938463, 19.9736795395758, 65.4427448032914, 89.47366240448015, 17.964956241647325, 86.23583555128788, 88.90434978782721, 55.697031240390274, 58.60188092129262, 86.21343915457746, 81.85412050533256, 81.8712883736616, 42.165139752991145, 112.06749032203761, 51.88669227453994, 9.393520617654536, 64.65089666821041, 46.05482714953243, 42.391896420803036, 65.58033241403787, 68.8593048525211, 73.09973746497488, 65.1306385420517, 76.98369776792353, 83.35415410764958, 64.87558514039347, 31.2817528580517, 42.625773598883825, 37.185158917028296, 27.339228824889965, 70.91377312447959, 74.61105477965478, 66.85635691356704, 38.629997715818845, 68.98027884184127, 11.272771181794319, 61.48333926043106, 52.58217963414288, 25.173178513698765], [85.6382051072338, 85.7611687495533, 43.71447526890117, 85.08469050800755, 14.531443845574309, 85.79588621931374, 0.0, 80.86748237193419, 47.57666160225641, 34.829412866250365, 50.40299065800446, 29.07887765667342, 33.037435965376645, 79.08540311000169, 34.38586490976749, 76.55552499420813, 98.19052480988533, 60.64769440541862, 87.76174537643169, 76.4846788649755, 83.33591554410894, 25.020972097150928, 36.32776172169814, 92.86840767577598, 13.006031181572894, 50.508799219262585, 21.586884829317224, 30.969733629989992, 37.90653104322427, 35.55012572516137, 57.13051385273794, 78.8741150981777, 52.776838709940954, 119.40531366305875, 85.91559528778795, 43.38505650820176, 102.27547661135168, 80.52513653087512, 22.47678776807872, 5.537219620473913, 91.67289376920542, 103.4564285956103, 54.77337136547624, 45.75335572181477, 106.63439351088529, 85.52794469036884, 39.96055299506142, 94.67428750595947, 49.27032102258992, 89.4721426559351, 34.2368064145854, 77.8828952330023, 24.652694209148102, 90.2082168986014, 46.28855353874411, 102.16922234977001, 74.30393168985033, 127.09936084566866, 31.65412887354889, 73.44156213444671, 29.36765132039258, 21.956301294629313, 85.33706264159046, 47.20921233782616, 50.34793766198119, 63.04534313741963, 125.00987145975918, 80.4057461112121, 29.32787013749974, 90.58866714032776, 59.46402243660249, 84.22712277671538, 27.252556305734863, 33.63615925976089, 74.0980244173084], [14.146399104534106, 5.012294657225942, 72.45772131959319, 27.225286952507552, 67.82152710183529, 94.4593850656164, 80.86748237193419, 0.0, 35.58859820906448, 47.18821783495919, 53.11741564475595, 53.76189402690419, 48.371432629559486, 20.542630592868452, 62.595505975322915, 50.16078106641857, 34.986195057493674, 86.42961230488963, 12.394297050523857, 37.64541677228108, 42.26098926321741, 59.19478521305917, 48.53419129488965, 60.10289781005153, 78.7980937964955, 81.6964323205416, 62.15617822485067, 50.45398078034575, 88.43503283170361, 53.27324362396859, 60.0733923181517, 78.87221737351685, 39.755572544160025, 68.82654422761922, 98.54219149348302, 59.048757586830575, 91.79627934437124, 75.35556214987896, 67.66218002252558, 86.11506488357047, 84.17201797442272, 33.742773346187356, 26.968864963469446, 49.25226085676712, 62.49205041350134, 13.247370012761134, 40.945847004397244, 27.072190888151713, 62.291507595362624, 17.77015814206335, 79.31659455812908, 85.8336450851479, 64.89331554265311, 57.46515364318365, 88.13664270829184, 50.71292920896797, 25.970187128000582, 77.06596849686069, 55.09071921941644, 17.479884157015164, 51.782963881922974, 81.65102757200142, 67.61189428420748, 90.26461221455567, 70.01129446798383, 94.26362940981097, 75.9897405383598, 22.099510084760066, 56.39006868386778, 64.67277487650865, 28.791794502647434, 84.39668993395958, 85.95510117145558, 79.76157567100935, 104.85936904461394], [44.50588446589187, 40.59571651332393, 39.77375115488927, 38.308524156836945, 33.50864239946553, 72.23886653692819, 47.57666160225641, 35.58859820906448, 0.0, 20.549852345499765, 24.03267537457449, 18.835849368370642, 19.859677731077447, 31.678747022196465, 27.79343730962684, 39.28732960980296, 51.504196564612364, 56.926526311563975, 40.52292861755354, 33.35841577202991, 40.89963495834005, 23.981908768847717, 12.949867789716725, 55.606007560308406, 43.614949614731906, 49.95932822527101, 27.170959486315073, 16.734527746497836, 53.6951279822694, 17.945549377004063, 33.82364615117809, 58.44661702255911, 12.659362822857098, 77.4191006517608, 75.14540879374385, 26.644619375438246, 78.13019009454999, 56.9080501284561, 32.10015987150036, 53.07041838952746, 68.16615765528908, 56.10587558119709, 17.124600914839473, 17.37635407344765, 66.10200313008284, 38.10682130372414, 12.733227168751721, 47.29155195787086, 32.120776646307874, 48.80900996965835, 44.51719680735135, 62.85820943664627, 29.311574164670496, 52.55439834853184, 54.748119080271486, 58.65099518177151, 27.69943145222385, 85.72896419960105, 19.502574964091334, 25.865331306209093, 21.641782797767608, 46.06259177600261, 54.768015641024455, 56.84418893485667, 39.545299621856635, 64.06933590594556, 83.9058635282737, 33.127106910419414, 20.85496426966603, 56.371446422180334, 12.545995741980756, 64.69536200429907, 50.44053740141079, 44.87539098800282, 75.76645189069546], [50.84518576275515, 51.895607913189615, 47.949342005871955, 57.55262569352865, 24.38618973894897, 86.91451221217007, 34.829412866250365, 47.18821783495919, 20.549852345499765, 0.0, 39.321407601365365, 16.594631068729438, 2.603588067461515, 50.11897583690395, 33.581476070109446, 59.3417455588536, 70.5805416185624, 67.21514276743056, 55.74842264469379, 53.89776112772706, 61.44300798754372, 20.88625594592997, 19.481033161525584, 75.89410262937825, 36.63428876838972, 58.27471152401478, 21.88180695326458, 11.912579562609043, 55.64878855893218, 24.930191165516316, 49.32692499493928, 74.74728624246092, 32.041648952221784, 97.88933861296071, 89.01212222803011, 37.78190846675126, 96.09516519785456, 74.11760046252716, 29.991705959647224, 39.70318432341322, 85.72216117577793, 74.10929858403632, 20.353210215190447, 31.951241032390715, 86.65185533946702, 54.04382369406853, 7.980620704598396, 65.37461050675951, 44.77105306979164, 54.647101843595586, 47.2509795902338, 77.61390499759742, 28.388773611546892, 72.86203858603868, 59.924486439935656, 79.0057991817697, 47.381447905880655, 106.22897064106382, 22.67652369918707, 43.55425610518627, 6.092038845008261, 42.90450903968257, 73.78212920113069, 61.77438912746661, 50.692965994567075, 73.0858551798219, 104.42470701054813, 51.81956300798003, 21.714059505455438, 76.19402406995252, 32.6129656830649, 80.97631003247113, 48.67352231244155, 47.25490297185563, 85.23521451016434], [64.91425851343887, 57.713217984245766, 20.0548132932614, 42.221193507950474, 36.66202483483716, 48.440372777617974, 50.40299065800446, 53.11741564475595, 24.03267537457449, 39.321407601365365, 0.0, 26.12357289122074, 37.37945458150038, 39.727001499729354, 16.803866626419367, 26.330078162655223, 53.78611651149436, 33.81208868305585, 53.00426365272004, 29.30117041313148, 34.84212709452772, 26.948410593404557, 20.127672954498383, 42.46566138841711, 40.67564426800896, 28.615008233369284, 29.91732947426221, 28.838397325288334, 38.14663592076138, 16.44618076040747, 10.101453716233479, 35.46698234062866, 13.655270208725542, 69.49655334694806, 51.17174248549827, 8.311406061256537, 56.9963751641742, 34.853202646880725, 28.264207948224296, 55.61970818154382, 46.50493825491559, 61.02079052416611, 41.054091809818125, 7.3940465103359205, 56.48102008431392, 49.88374805930037, 33.573914739609855, 53.13228845507931, 9.174284338763814, 69.20154967209308, 29.923470403084963, 39.04720347513995, 25.804840578181114, 39.82538019615424, 35.75112973717748, 53.4121517188155, 32.83106112163837, 76.94681556454228, 20.391771255800652, 37.43249627812038, 36.80003077037107, 37.969325144171954, 36.13159466132301, 37.854205265685266, 16.909845230886766, 41.42295067098692, 74.81439993015736, 40.08330737538042, 22.720425091683637, 40.4637199019693, 24.40247033187252, 41.71653224183952, 39.674829364325255, 30.60467398417849, 52.60790758606635], [60.94502196108382, 58.764588532561646, 31.456718525482906, 56.0218776570395, 14.741548400637084, 71.58967823909553, 29.07887765667342, 53.76189402690419, 18.835849368370642, 16.594631068729438, 26.12357289122074, 0.0, 14.050545801476943, 50.047279979473814, 17.070858697191653, 50.203065251614206, 69.15174910328784, 50.823230981250454, 59.35375518252232, 48.1685350279327, 55.33292343602236, 5.561850534590671, 7.497549918498489, 66.96494899746222, 25.036315029809284, 41.71921379529925, 8.40662793128302, 4.8589701981956805, 39.754119822576314, 9.808354471373393, 35.42711300039809, 60.49894128522514, 24.282589328238906, 91.91832694619133, 73.33972428390302, 22.449415651759267, 82.84017442747366, 60.55929729731151, 14.849735172199194, 34.61293008981407, 72.23777334546811, 74.38901523971919, 30.217147385576613, 19.47964756295291, 79.61361395950162, 56.938226728798234, 15.617268808513957, 65.61661348255844, 29.594874431435567, 65.11228094743336, 31.034873209593297, 62.44162264104491, 12.602366802462454, 64.08687418171601, 43.44803903749521, 74.00462466746282, 45.24229380714595, 99.90752157903167, 6.462340984483737, 44.57033708865908, 11.893811918688375, 28.841499775874823, 62.16858387847811, 45.33962896843381, 34.73387951556491, 56.527728800536785, 97.91365816203611, 51.339824481886936, 5.125621737028292, 65.933761010336, 30.396650855568055, 66.60283216759441, 34.03540395914894, 31.117778892091668, 68.6807593378805], [52.61203429814063, 53.15287866232072, 45.457911201987784, 57.50588513545878, 22.053284002193784, 84.70884770480794, 33.037435965376645, 48.371432629559486, 19.859677731077447, 2.603588067461515, 37.37945458150038, 14.050545801476943, 0.0, 50.25446105031894, 31.07885469677779, 58.11916999961646, 70.6093736051275, 64.75992665986065, 56.50446066258381, 53.17449978241105, 60.70080794693502, 18.28273105935618, 17.368547642708837, 74.75927441355395, 34.2753034416912, 55.75913922250088, 19.310435163671375, 9.446407349106979, 53.04837046212916, 22.61626435428865, 47.32239374061431, 72.73305826667448, 30.79055342513801, 97.27371726577836, 86.7358013016749, 35.5114729210474, 94.27797433279933, 72.22264363049064, 27.399988299735096, 38.04522452536124, 83.85455521462369, 74.41850389730062, 21.79383533232418, 30.049098629227863, 85.84393384939028, 54.677095840327866, 7.96301234474722, 65.64508673566944, 42.545701254007675, 56.48379076048516, 44.648188215204634, 75.43244226320492, 25.785279772679306, 71.74347391704681, 57.33323136258584, 78.5011497552857, 47.16920885013786, 105.5709950542293, 20.21221354875668, 43.80802543927237, 3.7771923679842847, 40.3867930952326, 72.21049063283803, 59.17905444607379, 48.33333837900749, 70.56962829065827, 103.73362927960629, 51.902602032148856, 19.175416613644668, 74.84684563961763, 32.2055712701766, 78.94622954807082, 46.128094741699876, 44.651376732912986, 82.72135785782778], [34.679264830136496, 23.12264040475219, 59.776972648215896, 8.251783836468281, 64.77580743562395, 75.44320364847, 79.08540311000169, 20.542630592868452, 31.678747022196465, 50.11897583690395, 39.727001499729354, 50.047279979473814, 50.25446105031894, 0.0, 53.21415547902949, 30.23986230864708, 20.558365213741833, 70.68508483845474, 14.149984370655922, 17.53278272072797, 21.720799759119384, 54.67375383158813, 43.098956454937095, 39.610337486451606, 73.78291615070808, 67.69777323150997, 58.05544160279607, 48.40688199190501, 77.60727013776395, 45.84578076847584, 44.2371787702659, 59.7555779674903, 28.690874760792397, 51.55748083875084, 79.78889029089265, 47.22692456009651, 71.3701571607449, 55.8667052839625, 61.34847993860025, 84.60647511538906, 64.06266331532933, 24.42717962679706, 33.815053838129884, 38.42308815583862, 43.34953392652379, 10.927034673939275, 42.321255153396116, 15.614441430865108, 48.452992251806194, 38.12770223527027, 68.95260343093857, 67.24658490552103, 58.44027075305502, 36.93693933992464, 75.41965485602225, 32.50461333119086, 7.1282369025667505, 60.03068577435408, 48.89379366179133, 6.848738367801565, 52.74690375611341, 74.32368531999984, 47.370493245345045, 77.50673593902286, 55.73595810080453, 78.67792381301038, 58.634272678067305, 1.9655283107210506, 50.84534015406941, 44.14232869261187, 19.679294210042517, 64.9593576424708, 77.4840921369768, 69.54857609210809, 88.33385229158407], [72.28493085580993, 67.52619345931396, 14.386199402472062, 57.13343823849249, 21.77607459713069, 55.47690952617602, 34.38586490976749, 62.595505975322915, 27.79343730962684, 33.581476070109446, 16.803866626419367, 17.070858697191653, 31.07885469677779, 53.21415547902949, 0.0, 43.073430904868275, 69.4125656077161, 33.77170799127815, 65.19216421055496, 45.48901913292199, 51.463572789882434, 14.458061571716307, 16.230947651204616, 58.901927923466815, 23.92497693590349, 24.700529600685165, 16.199952746967135, 21.672877176236668, 25.938919045359413, 10.141724863682555, 22.759267163816112, 45.868980548047425, 24.536144701578767, 86.26918338890731, 56.84681448828776, 9.05886515023075, 69.00051614002025, 46.843629047587584, 11.910869850280315, 39.37597057573903, 58.315735652168236, 76.11234349194253, 43.59578467188175, 14.861121567465764, 73.19925033367616, 62.29885198012206, 31.0400622912081, 67.80316242918782, 15.093373668102082, 76.59340329901183, 16.769248739816188, 46.59635815413113, 9.972208334781202, 56.370515642269346, 27.463029836133554, 70.14585529525853, 46.900366681320016, 93.64525018564247, 10.963492748038714, 49.41503744359025, 28.900478746159102, 21.56958086989403, 50.96120337526701, 29.49473120279412, 18.292264820941558, 39.509905161542875, 91.49416375575935, 53.96767569753601, 11.971712102105542, 56.277789219042326, 34.76697648797004, 51.68392548214816, 24.27016735472281, 17.178827043964812, 51.65608697524769], [64.19595400719693, 53.26549106803729, 41.93590382909072, 27.143271791814644, 62.50098553840821, 45.549187743582785, 76.55552499420813, 50.16078106641857, 39.28732960980296, 59.3417455588536, 26.330078162655223, 50.203065251614206, 58.11916999961646, 30.23986230864708, 43.073430904868275, 0.0, 33.99157290715691, 45.75739737341658, 43.91556185638466, 12.71338421273992, 12.168973366067908, 52.31823107351135, 42.9937497511348, 16.78806843987644, 66.98758871823641, 46.222771959703195, 55.537094667787876, 51.493212262032124, 60.70895744318369, 41.46340751710278, 23.113267059607953, 29.911765342328557, 27.329307611469766, 43.20153964443391, 50.10055320445593, 34.19677612648712, 42.146062502838554, 25.731085344383665, 54.58316534153138, 81.84509811652167, 34.01903854993, 42.47175384000671, 52.13001218564116, 31.084517761049618, 30.151949195769085, 40.80971652880303, 51.87892345757826, 36.867378711476164, 30.76932940572889, 67.93063045234356, 53.92463335730562, 37.901405263901374, 52.07250847883903, 13.883808991179222, 55.461858954834845, 28.235827927761576, 24.193324834531797, 50.621272738551426, 45.51901732082414, 32.92182975380031, 58.78631504112592, 63.71952659830438, 17.665227336803945, 57.28444437508371, 35.42942968637604, 53.531286597305204, 48.49795749151649, 29.232326626103436, 47.924725418862124, 17.18767433214464, 30.01364535745324, 34.815061008948426, 64.58498648673518, 54.70155792835192, 61.33510088163721], [47.33454167643952, 34.77600382120265, 72.9352078571227, 13.198696698614832, 83.70324502736551, 77.61136931059387, 98.19052480988533, 34.986195057493674, 51.504196564612364, 70.5805416185624, 53.78611651149436, 69.15174910328784, 70.6093736051275, 20.558365213741833, 69.4125656077161, 33.99157290715691, 0.0, 79.58963704798956, 22.93175283941738, 24.745351624566393, 21.822651780153627, 73.32741384045013, 61.86912500836685, 33.73039478044724, 91.6805111832318, 79.02191861659394, 76.76551604022748, 68.05862885206597, 91.6457162637913, 63.5910413242522, 54.98380427821999, 62.559337297831135, 45.88575024994871, 34.00041754705125, 82.48305787186732, 62.00227563274605, 67.26131593590151, 57.76256656431256, 78.96841696023756, 103.7276098214738, 62.668186643383144, 8.632507094732542, 54.162364518178926, 54.70157208855884, 29.81212542230825, 21.770388946629662, 62.71956614661881, 8.114015010246801, 61.22400322089258, 49.494343081539355, 83.69443167564764, 71.00656946940171, 76.09535112152173, 32.282696304574, 87.78464948843661, 17.377772981892754, 23.931744951885864, 42.12830012927902, 67.07003201011308, 27.34656978105034, 72.94065654797038, 90.97124156968366, 46.525926357921016, 89.74742594700798, 67.45743831306241, 87.43923360087287, 41.141450429600745, 18.780528839715277, 69.22256157982235, 40.302071244339814, 39.03569626676224, 66.38064254866622, 93.31125316668798, 84.38487198477667, 95.26827255308102], [98.64212999655498, 90.82651178373179, 19.442884293699965, 70.77191201999172, 52.493514188849645, 25.85066160459015, 60.64769440541862, 86.42961230488963, 56.926526311563975, 67.21514276743056, 33.81208868305585, 50.823230981250454, 64.75992665986065, 70.68508483845474, 33.77170799127815, 45.75739737341658, 79.58963704798956, 0.0, 84.69733962539419, 55.771006420362696, 57.844957891888534, 47.90020804857374, 48.58865148263231, 54.447328973209764, 47.657782338731614, 10.179322787881823, 48.87031312851483, 55.316225458311386, 25.8833162636894, 42.56406381415453, 26.548292386497966, 25.299002928111694, 47.45924319228933, 82.70731465057479, 25.326890370449306, 30.536585452428596, 46.39830554080955, 29.607953540078558, 41.744721391893684, 64.02185454103054, 37.14188699770087, 87.90977247556427, 74.02043025384373, 39.5869895876237, 69.72044522374375, 81.47829533451521, 63.749504873485996, 81.42966085880596, 24.920957714201727, 102.91027370964693, 26.434403637701664, 19.902210774915538, 41.55731075762543, 53.369686158192884, 16.710872416037013, 72.54720445922345, 63.55934226974395, 87.96670163005656, 44.54783684164079, 69.87466235496998, 62.67212409954087, 39.267131532782145, 40.531426480929504, 17.252736255429184, 17.38419714292762, 7.999828808074978, 85.68163135299291, 70.51741336645507, 45.741280276190636, 48.53811425313326, 58.02935412369451, 28.105669444799737, 35.64777045377509, 27.074636256343585, 18.857204385763794], [24.505373064879308, 11.903151268994343, 73.01286260489411, 17.745177373206662, 73.96599923155475, 89.36292755304353, 87.76174537643169, 12.394297050523857, 40.52292861755354, 55.74842264469379, 53.00426365272004, 59.35375518252232, 56.50446066258381, 14.149984370655922, 65.19216421055496, 43.91556185638466, 22.93175283941738, 84.69733962539419, 0.0, 31.25344927906181, 34.052261362537905, 64.4664734992828, 53.114700211079715, 51.11165576364612, 84.03903742187296, 81.34495171135157, 67.69049623066105, 56.80957088740068, 90.33067070531986, 56.86500755232226, 58.185307794430585, 73.67725141410182, 40.868908757526754, 56.92403335109884, 93.77927764149075, 60.06667805260614, 83.98958272203683, 69.64244803929435, 72.0888321369071, 93.18086686962609, 77.30566642573689, 21.383815758032874, 36.46959306089282, 50.75407629600524, 51.521823020103696, 3.2286023331081903, 48.658803335133065, 14.872431296332772, 61.95188441323965, 27.009737525038126, 81.45739753420405, 81.29425981929948, 69.20951823102862, 48.75770679098158, 88.74712736928784, 39.3838947682671, 21.20316960989855, 65.05312446944025, 59.398604092163126, 15.805931480884198, 59.57844037805571, 85.63966460093154, 60.52895548574178, 90.85448100530925, 69.39863871682265, 92.67948913553751, 64.07054956179064, 14.763678520741934, 61.07374786826032, 56.44157525491715, 30.46218783083094, 78.72984337036156, 89.3054184284638, 82.00116146240089, 102.45492860227397], [51.74962474901755, 40.60117867404867, 48.19242652514122, 15.120533017328452, 61.99137768352867, 58.11709591938676, 76.4846788649755, 37.64541677228108, 33.35841577202991, 53.89776112772706, 29.30117041313148, 48.1685350279327, 53.17449978241105, 17.53278272072797, 45.48901913292199, 12.71338421273992, 24.745351624566393, 55.771006420362696, 31.25344927906181, 0.0, 7.550028590529303, 51.49368334262077, 40.6709893991593, 24.302054996183394, 68.61130471527589, 54.45767841092527, 54.91038763916458, 48.25063470774858, 66.92795176739858, 41.01245099368525, 30.374297666767635, 42.43672864375626, 23.88721008170848, 44.16045951351388, 62.57336644362814, 37.59553308835006, 54.21536985880997, 38.40319975648652, 55.85254331023777, 81.96815189445402, 46.581671772683954, 32.54498354532145, 43.043692065775346, 31.247904246899154, 32.79881863322128, 28.124161087779523, 46.00113738133235, 25.659221851923448, 36.48230471864895, 55.39506061533949, 59.099726383764974, 50.18048756970081, 53.06864514451321, 21.31673124800912, 63.0898558747534, 25.838600618694866, 11.83254347421189, 52.40772516777237, 44.83613371456319, 20.719588691381748, 54.6083788317923, 67.01612668369499, 29.96728179680701, 65.07078644607294, 42.77891876882221, 63.73386319810468, 50.5592494666307, 16.531032858231224, 47.15759685827734, 27.570617639968667, 21.76151332901515, 47.495039883798334, 68.97102235237753, 59.80713404222758, 72.5105340695639], [56.38873309160993, 44.57513472380173, 52.598316329038745, 16.408560622116095, 68.90127901018487, 56.77991032035212, 83.33591554410894, 42.26098926321741, 40.89963495834005, 61.44300798754372, 34.84212709452772, 55.33292343602236, 60.70080794693502, 21.720799759119384, 51.463572789882434, 12.168973366067908, 21.822651780153627, 57.844957891888534, 34.052261362537905, 7.550028590529303, 0.0, 58.42890351766742, 47.845002108051744, 17.98940251468641, 74.9757835686534, 57.7988991143755, 61.81767435858997, 55.60687003233209, 71.45375320892009, 47.78814707446139, 34.04444746113543, 41.359678567719754, 31.08315232311681, 36.72083160844285, 61.50324395319556, 43.12749171916658, 49.964406445590114, 36.80626703127012, 62.26623727439256, 88.7853271804205, 43.414145957271664, 30.316521142637697, 50.263751355827274, 37.74098597911283, 25.252698455426152, 31.178236723895765, 53.550454726043306, 25.10326081460048, 41.025458876986264, 59.760277438940335, 64.08706331605748, 49.62221451158322, 59.546227791704204, 15.232913547019947, 66.83419378631386, 18.847284742562177, 17.72793038674253, 44.91481298854191, 51.69819218568752, 26.393084499571657, 62.08429185543669, 72.80947060081375, 26.656212220659288, 68.72771976034281, 46.56669532078423, 65.65827101558511, 43.043370954779846, 20.208870237736175, 54.05484783379673, 22.506736574680176, 29.268193425364355, 45.728514840442394, 74.34451951051271, 64.82931213814881, 73.47867614169526], [66.50642455664479, 64.20268548676653, 28.46858428987211, 60.293981863082905, 10.500414414433987, 69.90655173713277, 25.020972097150928, 59.19478521305917, 23.981908768847717, 20.88625594592997, 26.948410593404557, 5.561850534590671, 18.28273105935618, 54.67375383158813, 14.458061571716307, 52.31823107351135, 73.32741384045013, 47.90020804857374, 64.4664734992828, 51.49368334262077, 58.42890351766742, 0.0, 11.575069290211957, 68.93359926683439, 19.65055724570546, 38.374772079557026, 3.4439724645049026, 10.014343400230981, 34.81250795380508, 10.855601237943631, 35.390220712556136, 59.77714283048899, 27.756675363388723, 94.73415298781325, 71.30329170180477, 21.66879427769264, 82.59804877501932, 60.308097246894356, 9.428542217799473, 30.53357845627246, 71.92702806150773, 78.8820901647746, 35.754960076861614, 21.235033309732174, 82.15911057668157, 61.972171230141676, 21.003679499253884, 70.15867719103109, 28.659924758077974, 70.6740663308207, 26.370474411781768, 60.96033120639736, 7.510966355946303, 66.14686592020168, 39.16412072622823, 77.23413397851496, 49.528339258187756, 102.57010333883339, 6.8084001302409165, 49.44537292312531, 15.37194216345769, 23.309028694150744, 63.00161686045461, 40.96852721268352, 32.733651637638694, 53.09133922834701, 100.52399718689372, 55.87583534488955, 4.406574392432182, 67.36096059158893, 34.998884721091216, 65.73450216143432, 28.599000762877875, 26.36864764008287, 65.22222068793238], [56.9853306928051, 53.54275302734561, 29.874958977230122, 48.789281776302396, 21.835800910061906, 67.44628516328527, 36.32776172169814, 48.53419129488965, 12.949867789716725, 19.481033161525584, 20.127672954498383, 7.497549918498489, 17.368547642708837, 43.098956454937095, 16.230947651204616, 42.9937497511348, 61.86912500836685, 48.58865148263231, 53.114700211079715, 40.6709893991593, 47.845002108051744, 11.575069290211957, 0.0, 59.77935425032177, 30.940368759519025, 40.33421308255948, 14.971069391686703, 8.79252642066102, 41.56039917724022, 6.180488088166341, 29.978736686142494, 55.37521834434368, 16.785401331499294, 84.45477972629148, 69.61990472303964, 18.462183021436953, 77.12113173361155, 54.97067141717673, 19.15769244004664, 41.86381626092253, 66.6298982683579, 67.31991000220232, 27.459338348488732, 12.944432622765524, 72.21108290369679, 50.54811726453946, 15.171024675418055, 58.58840907578799, 25.339527374983067, 61.25039489450576, 32.44113969028983, 58.13615710648867, 16.36171375589994, 56.867202859772725, 43.69389860625864, 66.50728009171978, 38.012674146922606, 92.46956865424781, 6.581201199975393, 37.933048964143545, 16.688979143781822, 33.118804992108636, 55.66530820524221, 45.722094501582525, 31.60719682662129, 55.010418548688946, 90.48742159625546, 44.30431511960793, 7.966749674266656, 59.0283105261499, 23.425926655596836, 61.58212073456363, 37.60409090630011, 32.70888747242464, 67.06157757007726], [74.18625848494366, 62.14727548732604, 55.511224261642965, 33.42005134873213, 78.99844373037926, 45.62624730267599, 92.86840767577598, 60.10289781005153, 55.606007560308406, 75.89410262937825, 42.46566138841711, 66.96494899746222, 74.75927441355395, 39.610337486451606, 58.901927923466815, 16.78806843987644, 33.73039478044724, 54.447328973209764, 51.11165576364612, 24.302054996183394, 17.98940251468641, 68.93359926683439, 59.77935425032177, 0.0, 82.78080880009283, 57.56530701350318, 72.0984922512063, 68.27644282917252, 73.657273436784, 58.09452151643377, 37.215158009990446, 32.09725034536076, 43.99095210785402, 28.729843862221138, 50.6702059255392, 49.867497665463254, 33.60546569235904, 26.96974011031947, 70.64785519350642, 98.07419847356083, 29.313397143806, 42.07413808829775, 67.12800749883269, 47.734775276670526, 15.439231726100523, 48.45829321495218, 68.29971604907097, 39.72621800346678, 45.354548591874135, 77.43225027324391, 67.92417633133095, 40.689503047091584, 68.25711293946436, 3.0672378633972897, 67.12589470564174, 19.955419864522593, 35.603723737611325, 35.19743342189984, 62.15472663686969, 44.358462951556376, 75.524771512159, 78.73915127449644, 14.7730271521648, 68.69765359210736, 48.387759673186814, 61.42161556109631, 32.967100241631734, 38.00338991513371, 64.55742429173598, 7.002319882842572, 45.303057715537, 34.42868177650504, 78.90881303975888, 68.7317350083191, 66.61650777032689], [85.59192603666497, 83.800873746135, 31.192047107224315, 78.88396502906929, 12.25533768155668, 72.91347232682803, 13.006031181572894, 78.7980937964955, 43.614949614731906, 36.63428876838972, 40.67564426800896, 25.036315029809284, 34.2753034416912, 73.78291615070808, 23.92497693590349, 66.98758871823641, 91.6805111832318, 47.657782338731614, 84.03903742187296, 68.61130471527589, 74.9757835686534, 19.65055724570546, 30.940368759519025, 82.78080880009283, 0.0, 37.53481196672502, 16.653950259880528, 28.68090470754897, 25.349693328826287, 28.11391207378956, 46.10137657469925, 66.5532248173018, 45.80346317683733, 110.1715777773942, 72.94504602238331, 32.91837950186688, 89.95483559016452, 68.50320869398695, 12.765071766093564, 16.679258059510165, 79.42712061497325, 97.7120486689719, 54.536016832128695, 37.36360530229323, 97.12215614447899, 81.48841641357083, 39.38225648133825, 89.09114624818429, 38.001700824489134, 89.67964103825707, 21.234831807436745, 65.1545025140601, 15.598908390766928, 80.27955978236443, 33.406746338733946, 93.77060535247922, 68.22592633536165, 117.57017746349227, 24.889587795613355, 68.84522068828899, 30.55367431876341, 9.255963563180453, 74.1481996402197, 34.42723380804383, 38.10823547801226, 50.09087418636773, 115.41879071955407, 74.86476117095552, 23.014774702315556, 79.91132193227826, 54.209990647763156, 71.7304983705018, 15.082905422921216, 20.63023858112955, 61.27682162749849], [93.1510425711697, 86.32171720428458, 10.46013011774953, 68.95474889378565, 42.42430217237249, 35.55849826163042, 50.508799219262585, 81.6964323205416, 49.95932822527101, 58.27471152401478, 28.615008233369284, 41.71921379529925, 55.75913922250088, 67.69777323150997, 24.700529600685165, 46.222771959703195, 79.02191861659394, 10.179322787881823, 81.34495171135157, 54.45767841092527, 57.7988991143755, 38.374772079557026, 40.33421308255948, 57.56530701350318, 37.53481196672502, 0.0, 39.096599255454194, 46.370956954657224, 17.395016019367873, 34.17465523960206, 24.08416274001421, 32.08066107183288, 42.00122074154802, 86.27082660460735, 35.410296441146734, 23.356274492617644, 54.65537544963305, 35.520843175084124, 31.738886754628016, 53.98156442284026, 44.74140055895205, 87.00021441708206, 66.80961414987088, 33.07673876459916, 73.0042392953191, 78.17768544842777, 55.457873446637215, 79.84889244587112, 19.473045932141115, 97.46332461361608, 16.360367276345368, 28.535348380243885, 31.732941075661156, 55.9995509674435, 9.570520136824236, 74.15487037229607, 60.62278252217905, 92.21707738632588, 35.653409364273735, 65.94757076398555, 53.43643459063057, 29.3