instance_id,num_cities,city_coordinates,distance_matrix,best_route,total_distance
1930,74,"[[39.11152171609896, 15.45367503557321], [82.73012349905905, 67.21283919377721], [94.85765970463402, 68.16205664904282], [26.759372558030936, 11.285851011928527], [23.392017292684674, 99.6184730694901], [69.08332559806057, 63.058007247693304], [22.336753873910364, 62.795912589261185], [29.077675241185574, 5.847698036349447], [60.98232767749954, 41.959041355832426], [44.503826875946174, 95.27766705239331], [62.50095245338162, 68.6041015849297], [68.48413456371645, 96.44737633775607], [91.33525650432772, 6.456663656970607], [12.001387145239006, 64.68305271974086], [77.66953502424236, 88.85966110922901], [55.74153255137493, 30.969071079100587], [74.10643929325241, 13.978036512817049], [83.7225178207789, 17.027363497522472], [59.35871009600656, 5.357423160166408], [12.633037374778189, 87.01507924966614], [33.0696546709146, 44.710904139352095], [31.286282677164778, 20.269595850089328], [90.2491097826131, 61.05421543608465], [50.188233444234854, 65.84183223129855], [26.15970043144068, 74.80340640748538], [55.02717906721741, 81.18801392998408], [13.50529013486601, 55.12823279296912], [80.02092548218994, 73.69300740398728], [20.369340060642095, 2.981046760939754], [67.30912185271515, 1.9839857798819804], [9.960093119633239, 83.86616743532862], [26.78128926321176, 45.55155959152478], [43.3634507491197, 6.100523523910695], [0.740548032027788, 22.44272177236836], [53.32039152065809, 59.20637301840057], [99.48676347409504, 19.929807509672635], [15.495750150796683, 43.059529935501374], [55.27673554997258, 71.48156732520758], [93.54613407907242, 8.256170463569557], [92.19176557791026, 80.58721256900708], [84.8113303647419, 50.27695295337947], [82.04129540810806, 80.0187838369589], [39.784996578152786, 87.28980869685736], [44.71519934983274, 7.927019455597318], [21.174731366409073, 4.128639900765652], [6.401650143107728, 6.092825734579311], [79.75663187249812, 80.8608657807206], [3.2431000589588033, 14.533412561348536], [57.7867876037785, 14.29424652840754], [45.239066434844055, 19.58931685109927], [23.375569554519494, 82.9822099985784], [8.951712987480121, 74.34018586247787], [62.45563113853962, 67.09121566735236], [49.41214727342036, 69.07132905661325], [94.43861184611025, 49.076522023294864], [38.90420546239807, 95.60511891794086], [51.400697461649855, 53.29474249438649], [4.437478752236035, 83.56353270489869], [66.65606164794691, 42.614090705620946], [90.13247965962886, 85.8404522818838], [65.94291106413893, 50.591438179460766], [58.79496649293989, 25.322063796526507], [17.74567527200417, 21.52716755514652], [43.20885325481797, 30.606693267970364], [38.28303059771525, 26.89774010747944], [86.44755203775172, 98.60570963406232], [60.63703719868663, 2.0271784774485435], [10.803989547506232, 27.056817189667946], [23.26769034248063, 68.00429842307263], [59.41114723135311, 89.7019632150096], [59.332410236370045, 6.4941750387564445], [34.960606984513035, 62.25296030495257], [12.675553536956375, 21.8353146342111], [51.755648372264396, 88.90240295338866]]","[[0.0, 67.68746926763002, 76.71900281513005, 13.036347107807096, 85.62018481297363, 56.25372408383878, 50.22629085199452, 13.890747610972845, 34.36373956909181, 80.00591638396672, 58.069211399782944, 86.1552670248502, 52.99306264953894, 56.2004539449688, 82.9165796551975, 22.743895329712124, 35.026015549611195, 44.63874403281348, 22.62483014793969, 76.30297966728669, 29.874564636538068, 9.188441614776098, 68.51614552847501, 51.59127763769134, 60.7465249089021, 67.63365625783858, 47.22022478807864, 71.17161759589044, 22.513014664485294, 31.249594911124543, 74.36447341009975, 32.52564045619425, 10.274256357613405, 39.002287057976346, 46.00207127836112, 60.54094134767117, 36.32888508309094, 58.31328195800447, 54.908388204091324, 84.02315157174596, 57.45548881928822, 77.53462931994895, 71.83929055740808, 9.383589251581208, 21.212846788051667, 34.02295104716077, 77.00730861936363, 35.880225127441264, 18.71122204557349, 7.392586658710775, 69.33774747337362, 66.16067729334421, 56.66906605217281, 54.598129176667705, 64.74243385766506, 80.15171199954108, 39.78655836997583, 76.42801820795556, 38.68319867108899, 86.93351805027329, 44.21069840097592, 22.018698758561, 22.212309777642464, 15.697199982466362, 11.474015116918087, 95.6815584346365, 25.36963985980989, 30.59328823980911, 54.887111520013995, 76.97326219952087, 22.11689337909351, 46.98300964001396, 27.19532565599358, 74.52911895120212], [67.68746926763002, 0.0, 12.164626923786551, 79.12365618445119, 67.61017641631854, 14.265262754358782, 60.554672283065926, 81.51236564678285, 33.32748007779805, 47.422403104987886, 20.276956680831304, 32.52086042478862, 61.362538897096016, 70.77396389783748, 22.23048480692069, 45.188436225342734, 53.92876918456644, 50.195286804132884, 66.12348642613651, 72.84044339751028, 54.52063137404658, 69.64292393440336, 9.719249010139073, 32.570757873151045, 57.07739900061275, 31.02835218153262, 70.27172451393764, 7.023698023635744, 89.52424515285372, 67.02693943085849, 74.65126029038899, 59.99569223167006, 72.69422294745456, 93.41656116123495, 30.4800891675013, 50.164430311656204, 71.44118775370022, 27.783278239673432, 59.94059453017133, 16.38281215201912, 17.063284114303993, 12.8244571948725, 47.40641972012185, 70.42686192142449, 88.14012991279685, 97.7839040440844, 13.968188220780156, 95.35884272414637, 58.50254229747719, 60.61005890209784, 61.41364774652758, 74.12187887628657, 20.27485715754714, 33.36976961776166, 21.587373621665204, 52.21908309891395, 34.28186622059955, 79.98176917114839, 29.384926264616503, 20.04452159788618, 23.623748072942544, 48.24654188945028, 79.43650989593867, 53.86966420221868, 60.0070935949967, 31.61220633585725, 68.82786372756325, 82.37642167763313, 59.46770017927541, 32.396533046241295, 65.07080115299962, 48.02631681302755, 83.46713429685461, 37.813427317061205], [76.71900281513005, 12.164626923786551, 0.0, 88.72586702859837, 78.08229107402778, 26.27484764805862, 72.71916724343738, 90.60952292845863, 42.82681555293156, 57.19060069701778, 32.35972663463943, 38.67327421167388, 61.80584801304488, 82.92927933351919, 26.90394878858878, 53.97582402405603, 58.02173029723141, 52.33305101438026, 72.14289577628533, 84.35831303710998, 66.08868375205932, 79.59276209899956, 8.471135643606809, 44.72964435116755, 69.0182376978382, 41.9063569269929, 82.38985737897154, 15.834143445133494, 98.98016878859373, 71.68304542736924, 86.3378011513067, 71.7330244006607, 80.64296280393003, 104.63406850141752, 42.4917511698411, 48.45387970793169, 83.23730855473114, 39.71987799661818, 59.92024114715645, 12.707930245729356, 20.513548386620194, 17.4597014118207, 58.29982094522726, 78.37426896710797, 97.61891409432158, 108.06042316158965, 19.73070690446052, 106.15676617981337, 65.39105845228998, 69.43569578791282, 73.00223392152358, 86.12781758496139, 32.41971862317847, 45.45460786814428, 19.090134443171365, 62.32102942292118, 45.92977898446057, 91.72248681846506, 38.05297224655627, 18.29898900510533, 33.83473544076606, 55.998060942182796, 90.11698521332232, 63.85925560461035, 70.02451340943229, 31.583950323555776, 74.46390478256006, 93.5663410521956, 71.59014318278685, 41.47797995791306, 71.16860945727889, 60.187825547702694, 94.34015899851036, 47.83247166643086], [13.036347107807096, 79.12365618445119, 88.72586702859837, 0.0, 88.39678275280762, 66.8705702251377, 51.699574463681365, 5.911686317500412, 45.957102421524816, 85.84573851284557, 67.54881480947749, 94.8337553841071, 64.75620308476151, 55.39909100038533, 92.7876104625401, 35.0341940123148, 47.4235446924912, 57.2517675172318, 33.134016730671455, 77.03550710674241, 34.01549407130914, 10.05985022472488, 80.67116480070251, 59.37395564751729, 63.52038609837823, 75.40146726333106, 45.802021146610656, 82.04539102738111, 10.47865873883326, 41.60296701747244, 74.4991149059521, 34.265715588672336, 17.394914019154644, 28.30998048180359, 54.78927046152203, 73.23927480111267, 33.711064386504425, 66.60904033600043, 66.85544464509658, 95.3104231969037, 69.93093618564512, 88.20604882167672, 77.11205135960284, 18.26727853844118, 9.078209522197259, 21.009625733321734, 87.4608036489633, 23.73945509627143, 31.17291978632501, 20.259482489022265, 71.77616606304034, 65.52069812529344, 66.24546475775807, 62.06697733222496, 77.51525169992304, 85.1894119388136, 48.70258572797382, 75.646085252229, 50.72676219356865, 97.84957472688687, 55.500260111499685, 34.97562791569134, 13.64299466035653, 25.37479774652048, 19.404272100425782, 105.77067873183378, 35.12006803247208, 22.434295647332927, 56.82582266386567, 84.94248078766951, 32.923592486640544, 51.622732161376085, 17.596736655875855, 81.54227700930734], [85.62018481297363, 67.61017641631854, 78.08229107402778, 88.39678275280762, 0.0, 58.51805974025185, 36.83767828193193, 93.94298779910731, 68.83052738697178, 21.553447537643617, 49.91392639320124, 45.20348321165634, 115.3057088247809, 36.74547659467177, 55.333542864123714, 75.88960094183082, 99.53008074179992, 102.27932672001288, 100.88978402800026, 16.57109485373527, 55.753903818857104, 79.74060284409781, 77.18207552937739, 43.114947133828046, 24.968932764463357, 36.612365187103904, 45.57552911108897, 62.28132153951602, 96.68468721152077, 107.05701836517444, 20.701490762325278, 54.173040320107454, 95.6266962804548, 80.43124795713213, 50.28762685262542, 110.1848166269641, 57.107487102916984, 42.52435447139988, 115.18971499024522, 71.38343113319537, 78.78399346067658, 61.837574673268676, 20.511600012354233, 94.13820031672016, 95.51557252861801, 95.0564005487875, 59.403851793723085, 87.43824327698746, 91.99578174887627, 82.95757591231515, 16.636271201584535, 29.11209701390656, 50.83294601735172, 40.12698806984917, 87.19006487665229, 16.022952080011777, 54.13293063563224, 24.840202120593528, 71.56309902918049, 68.14780388080898, 64.91709105357184, 82.3002141123069, 78.2951669973891, 71.80064581132642, 74.22969270974157, 63.06366744618091, 104.45693987452016, 73.64545027722427, 31.61441911161317, 37.35926778234137, 99.81906996492911, 39.115390981232615, 78.51791089678552, 30.320450635696414], [56.25372408383878, 14.265262754358782, 26.27484764805862, 66.8705702251377, 58.51805974025185, 0.0, 46.747306463272274, 69.81025383519321, 22.600719657011872, 40.524785444972125, 8.6073688554236, 33.39474506757129, 60.818258157664566, 57.105065189682875, 27.1927993097576, 34.75202535295759, 49.33634764077225, 48.30244417199649, 58.51431919372003, 61.323538216571976, 40.41782634082222, 57.091720971561585, 21.260423367640733, 19.099062517330815, 44.50159546429014, 22.940627663523994, 56.14088838672673, 15.255632387734037, 77.34528795128222, 61.09978639226717, 62.678035619285765, 45.78141530810332, 62.49533514103386, 79.50054502758063, 16.226681021231535, 52.76751507627106, 57.19761653357992, 16.173382241678905, 60.01391766659134, 29.004707161064232, 20.26636333472162, 21.34424803334805, 38.020682329890924, 60.27629212038351, 75.94671643436715, 84.69961241152205, 20.75719727648535, 81.78980124999588, 50.05513090727079, 49.57898486090232, 49.861536456413404, 61.180866203779914, 7.758421489270439, 20.569766548442573, 28.954662315430465, 44.3857383653614, 20.198927606527704, 67.82007142940724, 20.58750431360589, 31.017844677597246, 12.85603157190735, 39.11331948614919, 66.03305980013693, 41.50392870622958, 47.49971675452315, 39.56204626657644, 61.612513729828734, 68.50231161126977, 46.0818644399722, 28.345218714021126, 57.398148616062656, 34.13221390650421, 69.8652069001669, 31.11561002831119], [50.22629085199452, 60.554672283065926, 72.71916724343738, 51.699574463681365, 36.83767828193193, 46.747306463272274, 0.0, 57.34578591007586, 43.90507462022071, 39.32484581636384, 40.581989933227845, 57.11393662623994, 89.07807999443138, 10.506241158863322, 61.16400621887566, 46.13921411341195, 71.15676603832338, 76.57004702430031, 68.33597376497272, 26.090805806260587, 21.030042561811836, 43.457814961185626, 67.93468623644107, 28.017539876333743, 12.60138199470301, 37.50910944086283, 11.695643002097865, 58.704431941162476, 59.8472128939413, 75.63467672893378, 24.436394388384958, 17.807908499801236, 60.46891038172758, 45.768724210638936, 31.190873603599776, 88.25886327164494, 20.888373134241125, 34.06586254612354, 89.69592688823873, 72.0850401618482, 63.716536770869745, 62.139034220234784, 30.073112908308378, 59.25698486788082, 58.67877964830415, 58.89963997989322, 60.19455891675195, 51.90218227540614, 60.07592281544538, 48.901184402012724, 20.2130092048583, 17.675677212998494, 40.348159084486696, 27.79312468177954, 73.39550122824156, 36.754924459924524, 30.577525243927848, 27.416748442308418, 48.69812086839446, 71.60524592833401, 45.2818522204911, 52.28279459549868, 41.523334637522126, 38.363920199591774, 39.280561718029354, 73.43388867270104, 71.83140502809559, 37.55379598641936, 5.290928623820376, 45.80880049835109, 67.36886700023327, 12.635523912410939, 42.084550333655855, 39.33217757304528], [13.890747610972845, 81.51236564678285, 90.60952292845863, 5.911686317500412, 93.94298779910731, 69.81025383519321, 57.34578591007586, 0.0, 48.18647075081928, 90.75067775212037, 71.10191028344849, 98.79863736234752, 62.26055945672064, 61.26335426546798, 96.1881221897453, 36.63392785671777, 45.75687921830592, 55.776731173243576, 30.28500357162105, 82.8164831877396, 39.06769366589026, 14.590033699625844, 82.39965999482898, 63.599935577372186, 69.01742022095185, 79.68400057583641, 51.68239820091482, 84.84221088767123, 9.168030930985084, 38.4261861548998, 80.32660526583797, 39.77021512328496, 14.288012548645494, 32.83881226943236, 58.60765725096994, 71.80352019927915, 39.61299183918927, 70.66962260328248, 64.51343212358951, 97.82322542019143, 71.27551477130105, 91.13997492882807, 82.14294929603813, 15.775162053464435, 8.087748930412234, 22.677349973863695, 90.5280728850649, 27.255584962644033, 29.92586363125841, 21.21373736436718, 77.34498655319005, 71.38820102264748, 69.7485225055318, 66.4132386818788, 78.36314986757034, 90.29371683292003, 52.43605008825785, 81.52846276757168, 52.572832859252756, 100.63066070716627, 57.974545226989356, 35.529822981584786, 19.345800259808687, 28.507859213423846, 22.974830542059117, 109.06581260511754, 31.789773463560717, 27.995612586457945, 62.427549176288956, 89.17206575846124, 30.26164110129325, 56.711220208055416, 22.90487897546215, 86.0951477970181], [34.36373956909181, 33.32748007779805, 42.82681555293156, 45.957102421524816, 68.83052738697178, 22.600719657011872, 43.90507462022071, 48.18647075081928, 0.0, 55.80696045151319, 26.688301853474, 55.00232500231618, 46.7088761440386, 53.995492662738826, 49.780829867388526, 12.175605949498397, 30.90596928956588, 33.74470045181973, 36.63761166604945, 66.08858012900114, 28.04799570650024, 36.77345693579143, 34.94524585610082, 26.208780405006376, 47.86823251347602, 39.67840828705315, 49.2696326039944, 37.00692918244105, 56.29119669900879, 40.47262522787308, 66.02632532195561, 34.389202024608984, 39.95319918754497, 63.32423505213053, 18.872618131836926, 44.36077907186637, 45.49988802411201, 30.06880977255548, 46.86453876589055, 49.660493607433345, 25.239037668128542, 43.497403596174266, 50.04203546481164, 37.71999441472469, 54.916154256450454, 65.31030380501598, 43.19521317913789, 63.92169835633657, 27.848740531777583, 27.35424736621641, 55.652211294893775, 61.2839569918712, 25.1753214222368, 29.47787677145098, 34.20499205412177, 58.011594688861216, 14.842700492022994, 70.20152163874657, 5.711422486392236, 52.68120713729155, 9.956187144504232, 16.78015408929748, 47.82122518548415, 21.08962304456155, 27.241528650388595, 62.107348025348806, 39.93335571239677, 52.34445436325186, 45.83393159015084, 47.76876799380376, 35.50322478945559, 32.99959233289496, 52.330763466931636, 47.84151762936217], [80.00591638396672, 47.422403104987886, 57.19060069701778, 85.84573851284557, 21.553447537643617, 40.524785444972125, 39.32484581636384, 90.75067775212037, 55.80696045151319, 0.0, 32.17725320466383, 24.008818725884833, 100.41092293773494, 44.636745116686036, 33.780985735535495, 65.2830877402698, 86.52135336320656, 87.52837097681949, 91.1390027217722, 32.92442225196268, 51.84339693266672, 76.16373297138635, 57.13033825162262, 29.979673941662178, 27.49004045045462, 17.585768861535435, 50.723627151850266, 41.56154262708701, 95.39989293003869, 96.04057707216454, 36.37982772550333, 52.78990531005555, 89.18443465992384, 84.97148833058525, 37.13313971940892, 93.27605938624134, 59.73443194047037, 26.121062832991353, 99.88938264082161, 49.89938827852228, 60.41323618976609, 40.52030430272346, 9.277566517545337, 87.35090333764362, 94.08715028090319, 96.98304899653402, 38.0868011131392, 90.67569801650642, 82.06553140912362, 75.69192118979869, 24.44548059667936, 41.25931313675161, 33.417709645691545, 26.66202843508586, 68.02961525700636, 5.609187525775642, 42.54565522258691, 41.743660542428294, 57.13294827878359, 46.59436637060961, 49.563024339849626, 71.40044186449164, 78.4546675052093, 64.68393778137614, 68.66230927755788, 42.07555047619082, 94.63579711073227, 76.09049475431101, 34.56602567925337, 15.915925152530264, 90.01330645306038, 34.37592619335082, 80.04260185962175, 9.655718893304664], [58.069211399782944, 20.276956680831304, 32.35972663463943, 67.54881480947749, 49.91392639320124, 8.6073688554236, 40.581989933227845, 71.10191028344849, 26.688301853474, 32.17725320466383, 0.0, 28.47887668302262, 68.51073734176224, 50.651561876358365, 25.30560390212913, 38.237223730107964, 55.84527115211367, 55.77198892257402, 63.32468727753734, 53.15800083579355, 37.9089194429702, 57.537640322397486, 28.75692987834941, 12.618763068550498, 36.866217310773685, 14.635987788179815, 50.81509584491746, 18.244078967309065, 77.98370398515598, 66.7934002941208, 54.71263614148607, 42.51251616614656, 65.36773854058686, 77.10525624423232, 13.13773196748994, 61.13212838258235, 53.497796069181334, 7.776189230849125, 67.86513164210731, 32.01779712679181, 28.87277852079093, 22.63006791203061, 29.41377741124196, 63.230066496803126, 76.58290741879314, 83.9928052165071, 21.165697266249996, 80.2192774954002, 54.51406888583605, 51.965583143275886, 41.68363693989775, 53.855581978246214, 1.5135646075350813, 13.097141770221342, 37.434482112377694, 35.85890970977869, 18.910106732767634, 59.95958270098886, 26.320060750791367, 32.56674808908576, 18.338569247269152, 43.44040891906697, 64.9559277758888, 42.61441223685891, 48.227879143654135, 38.38666587746237, 66.60300947056479, 66.3230941249895, 39.237846777003874, 21.322914005174635, 62.190695729763476, 28.263184960348326, 68.33659202815586, 22.966989315982573], [86.1552670248502, 32.52086042478862, 38.67327421167388, 94.8337553841071, 45.20348321165634, 33.39474506757129, 57.11393662623994, 98.79863736234752, 55.00232500231618, 24.008818725884833, 28.47887668302262, 0.0, 92.84665929768485, 64.80179789827994, 11.914067483838217, 66.70668906182198, 82.6607665197525, 80.86870076755277, 91.54590619799093, 56.64197459098877, 62.69647471440395, 84.77460955381024, 41.54984939672812, 35.65724790033808, 47.53755524803323, 20.345461221768375, 68.77459529511205, 25.511935447367268, 105.12368056073343, 94.47069815853206, 59.86109123959643, 65.79902330904147, 93.77421057348116, 100.32887128598004, 40.209842468084204, 82.55968349451884, 75.21988451308668, 28.24406147067539, 91.68310974902002, 28.523614130693577, 48.972291331094695, 21.300123514147838, 30.12476665821759, 91.65596469268408, 103.73489638596985, 109.62745863394423, 19.235605187284023, 104.72005559974453, 82.84666540937519, 80.29629194657991, 47.07540060085173, 63.504622583249486, 29.96876745636908, 33.36448207211649, 54.01511574998431, 29.591917869584865, 46.41113692682168, 65.32968350903101, 53.86431557660801, 24.107212267675344, 45.926298362182514, 71.78224057516833, 90.48441266498087, 70.52542373031105, 75.823865507695, 18.092616448828505, 94.74571600360557, 90.23330221140839, 53.4184940753002, 11.305737363380857, 90.4175452116573, 47.88616699192013, 93.17487573307542, 18.35126354310282], [52.99306264953894, 61.362538897096016, 61.80584801304488, 64.75620308476151, 115.3057088247809, 60.818258157664566, 89.07807999443138, 62.26055945672064, 46.7088761440386, 100.41092293773494, 68.51073734176224, 92.84665929768485, 0.0, 98.40820702956663, 83.52847378402272, 43.21771977404058, 18.799021041780566, 13.026645208304544, 31.995434828633456, 112.62192334852519, 69.70127166625949, 61.61717579917953, 54.608354443016594, 72.24732350273719, 94.44114756828766, 83.08460266985111, 91.79556256830622, 68.18166914167985, 71.05097613333784, 24.438903283282087, 112.31272630960993, 75.46936845303989, 47.973127719691, 91.99432187504775, 65.02047214102619, 15.74714803238249, 84.2104538863868, 74.35358115436786, 2.8506498202173054, 74.1354968270461, 44.30326586489687, 74.14690309266521, 95.87192829757606, 46.643238258754444, 70.19913804483619, 84.93438566067596, 75.2997333463848, 88.4616408397432, 34.451813752511775, 47.93042164261881, 102.34587579965054, 106.748399657409, 67.16086404125517, 75.35345652785807, 42.73269405903295, 103.42370225813156, 61.551398319722274, 116.1752685928733, 43.77695957393208, 79.3928999884942, 50.91806682411385, 37.61347891980722, 75.11688594246758, 53.845841250245016, 56.85399088983806, 92.27858001421971, 31.016141079973842, 83.12431222717906, 91.76766809993005, 89.15676447348496, 32.00286825199104, 79.31789097115194, 80.14893496981023, 91.45406118932404], [56.2004539449688, 70.77396389783748, 82.92927933351919, 55.39909100038533, 36.74547659467177, 57.105065189682875, 10.506241158863322, 61.26335426546798, 53.995492662738826, 44.636745116686036, 50.651561876358365, 64.80179789827994, 98.40820702956663, 0.0, 69.97723943595747, 55.225292015663825, 80.17503458591004, 86.11030891027237, 75.90946159539764, 22.34095769983381, 29.03030512155464, 48.41964835466783, 78.33182340509303, 38.20442383048773, 17.403430520310618, 46.08288744279177, 9.672450983863566, 68.6136785122625, 62.26684651830643, 83.60692862198363, 19.29141704205198, 24.175597943625604, 66.44916674025455, 43.715581387843656, 41.68038079392959, 98.2677161036831, 21.90404780891272, 43.806113504758905, 99.16420116985137, 81.75230329284942, 74.22144933983434, 71.69918687384622, 35.818910772517754, 65.50908960471054, 61.2453031346155, 58.8572149584551, 69.65985087183851, 50.908682959804985, 68.0832922568862, 56.019535335001244, 21.546024751568876, 10.127227310821652, 50.51168167580406, 37.66725292050215, 83.90148876367479, 40.98702003527375, 41.01218432609691, 20.339253542047366, 58.94211168067884, 80.9450626889887, 55.751785648937606, 61.14676211528278, 43.53650503224792, 46.20718790909903, 46.026673046934526, 81.81062351143618, 79.31699082282036, 37.64528338545982, 11.745648588054921, 53.606261143575075, 75.0078078110922, 23.087466833165685, 42.85304142496631, 46.550813220035906], [82.9165796551975, 22.23048480692069, 26.90394878858878, 92.7876104625401, 55.333542864123714, 27.1927993097576, 61.16400621887566, 96.1881221897453, 49.780829867388526, 33.780985735535495, 25.30560390212913, 11.914067483838217, 83.52847378402272, 69.97723943595747, 0.0, 61.90442396538784, 74.96634813958973, 72.08687523337343, 85.48631499868486, 65.06265064340208, 62.7555740115283, 82.80098520274815, 30.518658394228616, 35.84748781693094, 53.39327069976215, 23.906703112881125, 72.4904102518315, 15.347847461466692, 103.23976339206128, 87.4912631353261, 67.89332442961474, 66.82219102740365, 89.58784667664172, 101.63305992896478, 38.36923616591563, 72.30018101283935, 77.2219628151225, 28.34493979286429, 82.15223126496772, 16.71312613201089, 39.238126985433944, 9.862727807117036, 37.917050120887154, 87.38467099427008, 101.83814999972358, 109.22206944278717, 8.266601475900906, 105.18405508841578, 77.1707502658601, 76.48605027433275, 54.61116294298765, 70.23499289468994, 26.55801363805963, 34.497217973698774, 43.17290924860737, 39.347833194313395, 44.21442369827117, 73.42331402151129, 47.538924869683775, 12.823439902297206, 40.02462486650077, 66.28178942601032, 90.13619503737925, 67.68269239863507, 73.42054470764906, 13.116365523187637, 88.48720824037798, 91.05269182427884, 58.26239659977652, 18.277806149342148, 84.38200898954238, 50.318675081832815, 93.36209428870434, 25.913921900723633], [22.743895329712124, 45.188436225342734, 53.97582402405603, 35.0341940123148, 75.88960094183082, 34.75202535295759, 46.13921411341195, 36.63392785671777, 12.175605949498397, 65.2830877402698, 38.237223730107964, 66.70668906182198, 43.21771977404058, 55.225292015663825, 61.90442396538784, 0.0, 25.019293660503266, 31.26190568306473, 25.865816873101704, 70.70712402753888, 26.511356481370917, 26.693407736485824, 45.780878075354096, 35.3121593980262, 52.88226304965831, 50.22402335497058, 48.65763319545001, 49.14085526506313, 45.105670451013346, 31.208080556924024, 69.95743705541467, 32.42444544667778, 27.77879706913284, 55.65794579930054, 28.340909383818563, 45.11663294880733, 42.022639093624456, 40.51516244991924, 44.10287690206816, 61.56768188425732, 34.89767108821364, 55.655654231612516, 58.53747966963504, 25.544395997784356, 43.763826272389515, 55.256235652661424, 55.37071585190145, 55.01105602579293, 16.799786963702186, 15.485496466648817, 61.26109843098402, 63.79922266277796, 36.74082810025835, 38.624385833068146, 42.724041541495524, 66.79307047685442, 22.743756361241267, 73.47301089469853, 15.960370531474537, 64.7580552371971, 22.115727756101098, 6.419669001198241, 39.15143308424314, 12.537917212533632, 17.926935776825342, 74.28037767615541, 29.353008587151873, 45.10752156481144, 49.25605031087916, 58.847418724595165, 24.73691449502644, 37.5570045731929, 44.02390322614409, 58.07028684917689], [35.026015549611195, 53.92876918456644, 58.02173029723141, 47.4235446924912, 99.53008074179992, 49.33634764077225, 71.15676603832338, 45.75687921830592, 30.90596928956588, 86.52135336320656, 55.84527115211367, 82.6607665197525, 18.799021041780566, 80.17503458591004, 74.96634813958973, 25.019293660503266, 0.0, 10.087981032258577, 17.082461504455267, 95.4640704934301, 51.269160756640694, 43.27989754517322, 49.76698134851642, 57.11334237605393, 77.45072879131604, 69.86557975991371, 73.25188006605727, 60.00715703491077, 54.85079413771784, 13.786253202797786, 94.86361036386874, 56.89074779757729, 31.736202600737588, 73.8525889667864, 49.776120831849404, 26.068840279607315, 65.42893963260607, 60.50796475631314, 20.264290869689194, 69.02073139069924, 37.8444979833448, 66.5157293329526, 80.94799176514815, 30.007662235476324, 53.84028526739191, 68.1624164982638, 67.12106619431862, 70.86551552052562, 16.322714848936997, 29.407680676672953, 85.64576523624117, 88.81850839825476, 54.376016133583065, 60.37448916286622, 40.56230917795986, 88.8941946847769, 45.40213740964806, 98.46778835316606, 29.5893853736584, 73.62771740310127, 37.512456261227705, 19.055921765379246, 56.86409324479809, 35.088075588198976, 38.08195572106847, 85.5227813023453, 18.006882033451127, 64.639420231047, 74.1850077230914, 77.13666238555795, 16.561404443359656, 62.15194650435685, 61.931337336440855, 78.18707400404989], [44.63874403281348, 50.195286804132884, 52.33305101438026, 57.2517675172318, 102.27932672001288, 48.30244417199649, 76.57004702430031, 55.776731173243576, 33.74470045181973, 87.52837097681949, 55.77198892257402, 80.86870076755277, 13.026645208304544, 86.11030891027237, 72.08687523337343, 31.26190568306473, 10.087981032258577, 0.0, 27.014489340484054, 99.75968417294222, 57.72426671467307, 52.536376223188675, 44.50797787202149, 59.22331117396028, 81.55702961812779, 70.28521558690835, 79.88826763025995, 56.78641549856244, 64.89163386887324, 22.264383673482946, 99.54054957467673, 63.686209437006035, 41.81208110945456, 83.15848372394812, 51.993827784947925, 16.02921152963436, 73.02441725990263, 61.43633162474136, 13.169558216928644, 64.121623276096, 33.26741215873168, 63.01385201033525, 82.86927644390146, 40.05480190907478, 63.863938656858465, 78.09020869812787, 63.9565810929089, 80.51805061322342, 26.079341062532464, 38.56863538627617, 89.39684525769597, 94.2095157765721, 54.39365554214744, 62.335991836280876, 33.793242421671096, 90.4607360657898, 48.58006639178237, 103.50448895044586, 30.75621133236085, 69.11098898742448, 37.982384412718076, 26.271369744502213, 66.13011408778016, 42.7288569186887, 46.499154116148716, 81.62384682099209, 27.530800318723905, 73.60503859725199, 79.07865742306569, 76.63315329564207, 26.567374862543726, 66.50622944500894, 71.20946234932224, 78.66321909965731], [22.62483014793969, 66.12348642613651, 72.14289577628533, 33.134016730671455, 100.88978402800026, 58.51431919372003, 68.33597376497272, 30.28500357162105, 36.63761166604945, 91.1390027217722, 63.32468727753734, 91.54590619799093, 31.995434828633456, 75.90946159539764, 85.48631499868486, 25.865816873101704, 17.082461504455267, 27.014489340484054, 0.0, 94.08114204920324, 47.326640492672695, 31.78732570569948, 63.68947685940816, 61.175660051238864, 76.97349434639723, 75.95420105269307, 67.67325626595347, 71.39103037923863, 39.06172219123701, 8.636499687947104, 92.75692042560088, 51.73835087804464, 16.01251134971552, 61.05732021983105, 54.18644380333531, 42.692095914167204, 57.83950302737607, 66.25001854908132, 34.310096101976946, 82.08246308911717, 51.629449303549556, 78.03088141595518, 84.23803215063833, 14.867253683676772, 38.2037451033395, 52.96216589039174, 78.21026186092966, 56.86088700786, 9.074015221318138, 20.047721445296997, 85.55930069219424, 85.43703475391925, 61.81142335575175, 64.48562565847476, 56.05318110688213, 92.53665948905943, 48.593379693529975, 95.56430935468863, 37.96459688005566, 86.16578711856658, 45.71069696640495, 19.972598293386856, 44.644207922894395, 29.972379234350555, 30.135851083143436, 97.10328670061901, 3.567162714009136, 53.18293512763776, 72.29932701661565, 84.34455635496704, 1.1370560742966362, 61.906135256796745, 49.505939176498664, 83.8902270602777], [76.30297966728669, 72.84044339751028, 84.35831303710998, 77.03550710674241, 16.57109485373527, 61.323538216571976, 26.090805806260587, 82.8164831877396, 66.08858012900114, 32.92442225196268, 53.15800083579355, 56.64197459098877, 112.62192334852519, 22.34095769983381, 65.06265064340208, 70.70712402753888, 95.4640704934301, 99.75968417294222, 94.08114204920324, 0.0, 46.98189606936758, 69.30298056039285, 81.84266091694232, 43.11263319627027, 18.223489431306316, 42.79273232779668, 31.898774299813656, 68.69210334411427, 84.3893891171374, 101.09283392261625, 4.130408769793473, 43.810917519947466, 86.55358822402623, 65.65836316070762, 49.28270416331757, 109.74517493613979, 44.04867126200234, 45.384743986987225, 112.91543265406705, 79.81797230802202, 80.99009755955944, 69.75997729875755, 27.153349054046213, 85.34744471267926, 83.32540047419889, 81.16182169463059, 67.40512800756103, 73.08736504151308, 85.59895251354553, 74.89583810929585, 11.474581998013981, 13.19867688903341, 53.65865437555669, 40.92286764056356, 90.17475333486254, 27.639881587852546, 51.380858103973765, 8.892713572707782, 69.92806972387991, 77.50834344105377, 64.5648841212214, 77.05161812455019, 65.68718021332133, 64.16218922223638, 65.36066567801625, 74.71897541881863, 97.60802875154332, 59.986153445690015, 21.78315017118135, 46.85521216681248, 93.08301370609182, 33.341909053167576, 65.17977848190473, 39.16810797094061], [29.874564636538068, 54.52063137404658, 66.08868375205932, 34.01549407130914, 55.753903818857104, 40.41782634082222, 21.030042561811836, 39.06769366589026, 28.04799570650024, 51.84339693266672, 37.9089194429702, 62.69647471440395, 69.70127166625949, 29.03030512155464, 62.7555740115283, 26.511356481370917, 51.269160756640694, 57.72426671467307, 47.326640492672695, 46.98189606936758, 0.0, 24.506284225864924, 59.46926862685172, 27.194886674619234, 30.875656435924252, 42.57596054456144, 22.164951973258734, 55.17593805669001, 43.61970871088591, 54.7533621377758, 45.466322469160716, 6.344307770754929, 39.95902562586985, 39.25612158629225, 24.904035034126935, 70.8895979107162, 17.651321674123007, 34.782507796010634, 70.6141074359619, 69.15586384854743, 52.040195070784804, 60.37274190587521, 43.1052076929024, 38.583323901608686, 42.28958939444223, 46.93120971349776, 59.046537298080345, 42.429993612543214, 39.193235649054245, 27.913952256199238, 39.47997135782095, 38.20431188326654, 36.937974457814455, 29.3344058506811, 61.52404021420894, 51.227561730649676, 20.241279868158696, 48.263114738799075, 33.65179579461875, 70.34064064324028, 33.395084466003986, 32.21364304421366, 27.790465750398344, 17.370437882455082, 18.560390658080077, 75.85413625252906, 50.81201645096516, 28.415253463848813, 25.271737612454675, 52.135109351193854, 46.370795906897854, 17.64367975138364, 30.64656516267089, 47.97973455572549], [9.188441614776098, 69.64292393440336, 79.59276209899956, 10.05985022472488, 79.74060284409781, 57.091720971561585, 43.457814961185626, 14.590033699625844, 36.77345693579143, 76.16373297138635, 57.537640322397486, 84.77460955381024, 61.61717579917953, 48.41964835466783, 82.80098520274815, 26.693407736485824, 43.27989754517322, 52.536376223188675, 31.78732570569948, 69.30298056039285, 24.506284225864924, 0.0, 71.69379453649628, 49.33672538368908, 54.77424887145541, 65.38106624061787, 39.13167853932142, 72.31269813380322, 20.446847329121027, 40.398124683049765, 67.07704732947205, 25.680199693207545, 18.61774957460564, 30.62293880876235, 44.738960300633195, 68.20132723817578, 27.72583656237832, 56.55269977119339, 63.408291934928336, 85.71868369278232, 61.36262877584192, 78.39666308210123, 67.55691724758418, 18.239380336385633, 19.046625130664296, 28.639583573492622, 77.5930199368743, 28.62383430080741, 27.16581603562833, 13.969357684053536, 63.20958278177498, 58.50180943792415, 56.24759875602627, 52.05915991756428, 69.41221560367711, 75.71970538419023, 38.66846251145298, 68.75304149475762, 41.83655954773123, 88.1045521667182, 46.048843779188246, 27.968824030088623, 13.598879935275946, 15.779837521529943, 9.637778673558598, 95.8087279961841, 34.5579597572001, 21.57755095838471, 48.403508682336586, 74.91235975517448, 31.246559644167487, 42.143843560660734, 18.676474893329146, 71.62022858689028], [68.51614552847501, 9.719249010139073, 8.471135643606809, 80.67116480070251, 77.18207552937739, 21.260423367640733, 67.93468623644107, 82.39965999482898, 34.94524585610082, 57.13033825162262, 28.75692987834941, 41.54984939672812, 54.608354443016594, 78.33182340509303, 30.518658394228616, 45.780878075354096, 49.76698134851642, 44.50797787202149, 63.68947685940816, 81.84266091694232, 59.46926862685172, 71.69379453649628, 0.0, 40.34594264082386, 65.54763644365977, 40.570361658642895, 76.97227503726545, 16.25899186577517, 90.86074584972063, 63.36824976169366, 83.46682784630113, 65.33373232655401, 72.23692461465352, 97.48143448678599, 36.97492060940012, 42.14915388263078, 76.88870842008326, 36.493788880951435, 52.90088772536023, 19.629362917164624, 12.071405536164717, 20.664536564795497, 56.87647207112348, 69.97025047868254, 89.5086079861164, 100.25542801224888, 22.414180568758667, 98.6622056723986, 56.92360717215123, 61.19838083504474, 70.37689484604454, 82.37586864996504, 28.441568643991758, 41.61648252533699, 12.689250057857423, 61.8875119152853, 39.61576151221273, 88.7147416385896, 29.944450577022362, 24.78651124223897, 26.46244516411289, 47.60409426593129, 82.57805719448803, 56.03425149298047, 62.18631837249002, 37.74343065737754, 66.03836714238112, 86.41383116547978, 67.34102912594206, 42.091250719333736, 62.710767169528005, 55.301496642642114, 86.92398293167005, 47.51071583705019], [51.59127763769134, 32.570757873151045, 44.72964435116755, 59.37395564751729, 43.114947133828046, 19.099062517330815, 28.017539876333743, 63.599935577372186, 26.208780405006376, 29.979673941662178, 12.618763068550498, 35.65724790033808, 72.24732350273719, 38.20442383048773, 35.84748781693094, 35.3121593980262, 57.11334237605393, 59.22331117396028, 61.175660051238864, 43.11263319627027, 27.194886674619234, 49.33672538368908, 40.34594264082386, 0.0, 25.645276572153364, 16.091012630386338, 38.21543592271769, 30.84850832412667, 69.57474220270274, 66.11315582626752, 44.081514646426065, 30.97709153051466, 60.12987298262786, 65.7917652997016, 7.337556349476034, 67.36660208993932, 41.50423707240711, 7.596016430311765, 72.08339606794156, 44.51654695737736, 37.960825956543935, 34.86550606693643, 23.837848723384703, 58.1728428138338, 68.19311849772927, 74.07569543738043, 33.16416069149326, 69.5442267739679, 52.10462184022078, 46.51655009867363, 31.823128301094272, 42.10311905097923, 12.330855816224581, 3.321439370099538, 47.319886042548255, 31.83052814337416, 12.605535683169128, 49.06312487564823, 28.47309856918741, 44.670881003666004, 21.92679606425516, 41.42375511441739, 54.92093486202114, 35.919726691519706, 40.72316498217309, 48.869313964178914, 64.66442247188796, 55.275637120674766, 27.00725644940583, 25.580617453151202, 60.0479840082023, 15.644826918203165, 57.82538149332612, 23.113777527378108], [60.7465249089021, 57.07739900061275, 69.0182376978382, 63.52038609837823, 24.968932764463357, 44.50159546429014, 12.60138199470301, 69.01742022095185, 47.86823251347602, 27.49004045045462, 36.866217310773685, 47.53755524803323, 94.44114756828766, 17.403430520310618, 53.39327069976215, 52.88226304965831, 77.45072879131604, 81.55702961812779, 76.97349434639723, 18.223489431306316, 30.875656435924252, 54.77424887145541, 65.54763644365977, 25.645276572153364, 0.0, 29.565089818963393, 23.39330153517053, 53.87266978639938, 72.0553927088144, 83.64175335229095, 18.562352073607464, 29.258450314741673, 70.82411412440837, 58.204592638062145, 31.32045004440582, 91.58586152053952, 33.48721441172179, 29.30590979618903, 94.70726504087148, 66.28488546585608, 63.573269641173404, 56.124440477105495, 18.481313189750384, 69.40286501182148, 70.85035312091729, 71.49492602698619, 53.93814859592241, 64.47978544354355, 68.27613838141741, 58.41761628680556, 8.639688242147509, 17.21422101475467, 37.10623225156014, 23.948548910016907, 72.96493900559227, 24.395361277335862, 33.16218560960166, 23.422099125124127, 51.73110589511929, 64.91789324841095, 46.57170013775005, 59.27447897272431, 53.93656872322425, 47.371120572891805, 49.415867876300915, 64.81646928207749, 80.52990812292512, 50.15510580874078, 7.38861230126145, 36.436598486061136, 75.93799948634806, 15.328719892035764, 54.65748771736621, 29.22215348995947], [67.63365625783858, 31.02835218153262, 41.9063569269929, 75.40146726333106, 36.612365187103904, 22.940627663523994, 37.50910944086283, 79.68400057583641, 39.67840828705315, 17.585768861535435, 14.635987788179815, 20.345461221768375, 83.08460266985111, 46.08288744279177, 23.906703112881125, 50.22402335497058, 69.86557975991371, 70.28521558690835, 75.95420105269307, 42.79273232779668, 42.57596054456144, 65.38106624061787, 40.570361658642895, 16.091012630386338, 29.565089818963393, 0.0, 49.02223427608789, 26.093341730807243, 85.54236095868335, 80.15063439417311, 45.146591698655705, 45.47292786523786, 75.98798440385531, 79.98779694324904, 22.047803992572412, 75.69162767087099, 54.92281096130777, 9.70965417146576, 82.47886812156736, 37.16944245998485, 42.925392941861325, 27.039407920470644, 16.41816148071977, 73.98317536486171, 84.16730565433913, 89.4635643893797, 24.73161664671706, 84.40631920860713, 66.95066509341999, 62.37152099091571, 31.702421426081454, 46.58155561708032, 15.934290741456552, 13.354498656479965, 50.83708239227106, 21.628758496397094, 28.128028018605292, 50.64544271116207, 40.28868902056079, 35.41224805490031, 32.485437548017224, 55.992862102230504, 70.35145425216501, 51.943650477430666, 56.81373372426129, 35.92514385840854, 79.35936225675341, 69.89904828990953, 34.387141181317475, 9.576351564773606, 74.81780926843898, 27.589917921827702, 72.91366880599212, 8.379421882949014], [47.22022478807864, 70.27172451393764, 82.38985737897154, 45.802021146610656, 45.57552911108897, 56.14088838672673, 11.695643002097865, 51.68239820091482, 49.2696326039944, 50.723627151850266, 50.81509584491746, 68.77459529511205, 91.79556256830622, 9.672450983863566, 72.49041025183