instance_id,num_cities,city_coordinates,distance_matrix,best_route,total_distance
2769,86,"[[39.07281984438155, 68.0896625139857], [86.63693709703432, 59.40484629108796], [15.566289188859027, 48.695790061571444], [78.96700983600998, 8.458304446381138], [81.33758941346373, 77.52622469238575], [22.07772638381026, 72.34441350405991], [13.786849363017172, 80.26123421215907], [93.83100763723513, 97.40341315100743], [80.25559118409006, 73.18799265012716], [70.10742531520732, 8.952959149809592], [58.72995089375578, 47.166551324413], [11.668983028597967, 46.31138038530614], [22.70751653531188, 48.08591972355462], [46.262674469286516, 29.977833388802523], [16.96916758448378, 55.469286094697054], [29.04425458815394, 94.50985311583558], [9.170055082939822, 82.5136025143626], [48.934729996325366, 73.67733232412789], [59.51278358427131, 37.65993879795466], [83.7801137025292, 70.36265491981634], [52.113721737639985, 4.013345427828019], [89.26567577265175, 87.32462243761017], [61.35805669647682, 18.793196287485625], [64.92832379375504, 93.90625798916638], [32.84388598111497, 27.166005455136244], [17.732333629096708, 17.30824988461155], [67.70965337776713, 57.66089092492053], [89.94342923739822, 69.61821606957295], [8.032268627581763, 43.31661611324529], [36.85097272328891, 85.96899447126607], [92.06749563765287, 1.2443489732374302], [62.35058588940602, 76.46307250037326], [65.96761382319175, 51.12006044174991], [45.412225787368776, 55.335013536628516], [19.824817244544825, 67.68249073700937], [49.720876817390945, 51.42936325363255], [56.39017448281818, 97.96260683612223], [10.337702283027618, 1.6481512038202473], [79.36319310996296, 23.514766811378596], [28.437005189097874, 6.573212502030068], [27.601729291985766, 0.19470713839462306], [22.630159483706613, 36.28357933029231], [66.15347825121137, 78.5750988497502], [36.13850081647434, 44.2997362925721], [29.437033105794175, 31.518360808040224], [83.40814031262606, 6.97820961705149], [69.85341120655582, 53.10249241224007], [90.38889027913199, 50.31036954716615], [13.765319146870524, 97.2252434320938], [39.0365212340834, 3.3611497541156554], [87.23025511952365, 25.73995259861507], [84.2570112922941, 61.709272479341024], [55.405510741764196, 80.2065722638208], [6.235233140157293, 28.005311575486036], [12.43275635383496, 93.34231782269028], [91.45612581761894, 65.62120637157098], [66.21025080747428, 26.34058542343315], [61.627394200229745, 7.564288249329065], [47.81320875950259, 82.35782404192314], [74.01240604806236, 13.279388881431398], [59.88002993513074, 51.47477748279875], [19.193550326156462, 25.205946191880578], [2.250346510389134, 17.987477822387067], [18.06455213642142, 91.19048289980775], [58.84410776273603, 16.904122712389757], [57.373882100197534, 74.57852281969787], [51.40064258286257, 66.41774091715725], [77.86482164325909, 44.70134221514817], [34.537126890418435, 72.27899135719481], [51.689807298821044, 22.11924516220921], [58.75379780688114, 7.82199409942873], [7.035205082131524, 3.5040881141711333], [74.4138398801933, 90.79761181185484], [25.28262265777801, 22.422923682594366], [1.532839720925827, 34.06851872411365], [96.15048384131867, 73.39457150738417], [15.252695495527036, 7.694428553823096], [33.420876495066395, 99.1023490683958], [87.41453560970837, 93.97043151363627], [33.00029527470536, 81.44543149780807], [93.09870495755908, 83.03640961423389], [64.59290936583864, 50.066235471452856], [63.22296600952261, 76.01247834201466], [43.06797225134965, 82.80906963921733], [74.86492408276278, 10.631301449581965], [78.24743380778489, 56.81360796388568]]","[[0.0, 48.350504473579264, 30.47423948451434, 71.7456985475437, 43.305420589972634, 17.519592110579815, 28.06291967682988, 62.110829222985835, 41.497152015479394, 66.78545067237599, 28.708524569254596, 35.00376900710064, 25.845171270927384, 38.78408860337481, 25.45280621446328, 28.25948677057834, 33.19977990156853, 11.334872110094006, 36.65733491570262, 44.765037904549246, 65.38990391119576, 53.75226943580641, 54.09966140351016, 36.537702259518014, 41.39499153452345, 55.08328440225331, 30.476671597727492, 50.89356910248263, 39.714224754060204, 18.01685643690749, 85.30376078928103, 24.737994802469924, 31.80090152264044, 14.243213761141845, 19.25230876906163, 19.77237185430665, 34.52945951136293, 72.38909728987974, 60.085235330971116, 62.429113204137245, 68.85717743209322, 35.80486010619975, 29.039738891711355, 23.970206878077644, 37.81941954259513, 75.49986964357058, 34.23536289078612, 54.30876856700276, 38.59211923424452, 64.72852293768003, 64.12984096499494, 45.63245044697695, 20.336575273017207, 51.817586693305635, 36.70680567579531, 52.44143419485048, 49.793830914979054, 64.59125137547844, 16.732448469213484, 64.9995444580954, 26.62694868662452, 47.26730881035029, 62.17815897325718, 31.224913363968394, 54.87133414389733, 19.417368198556144, 12.440680660532648, 45.2971624935286, 6.174381485555815, 47.67040637462614, 63.399785091807544, 72.09511204102759, 42.00760238916573, 47.70346500978638, 50.66249433694121, 57.32365817684259, 64.92289741761122, 31.52350219988186, 54.8337094053368, 14.67147299348476, 56.05534328804914, 31.242901458422327, 25.41654127615604, 15.251956886682528, 67.69444572502633, 40.765178589066764], [48.350504473579264, 0.0, 71.87294956668167, 51.520655179489594, 18.880345363217987, 65.84317798810658, 75.776805158097, 38.67357928024189, 15.188703012941748, 53.09065525930008, 30.472540797270593, 76.10277909927504, 64.92371609819321, 49.96028593878969, 69.77884165643108, 67.44834010362503, 80.84016590267719, 40.31327669426126, 34.764359704571845, 11.32408980232962, 65.26921760397965, 28.043255287084584, 47.83647050442563, 40.76286668907888, 62.71391557545853, 80.74631761314868, 19.007457728713256, 10.735260243997756, 80.23418881903025, 56.42956864235546, 58.41347801939878, 29.678442283708492, 22.26788272755185, 41.425117516001535, 67.32294376181507, 37.76776186446587, 49.005790952589926, 95.69435229211045, 36.61973725532875, 78.6028854617282, 83.6121781743938, 68.05483499586468, 28.054779796879867, 52.70916822383977, 63.63556465690646, 52.52596845015265, 17.927810957576256, 9.8380211387447, 82.1014929375711, 73.5302353583484, 33.67012167488131, 3.3127672561130725, 37.52484237980659, 86.31549559334978, 81.5966446229728, 7.865603128484986, 38.865085353005846, 57.55797680589617, 45.10123135410827, 47.821925990663516, 27.907312163211426, 75.61861667024719, 94.00263337646564, 75.58107351584839, 50.7814224605647, 32.96311343218024, 35.92738707623756, 17.12142054987086, 53.66687837715699, 51.103012951048306, 58.636678767650615, 97.26937084471419, 33.68842282764505, 71.63807995843932, 88.79547783971422, 16.918037217217528, 88.1457727380321, 66.39157200086986, 34.574330669214156, 57.98859148342454, 24.499086288659143, 23.940526532520753, 28.705878917493575, 49.457177115699096, 50.174086606679495, 8.780562710253207], [30.47423948451434, 71.87294956668167, 0.0, 75.09132191678822, 71.81265831478977, 24.52868127454898, 31.615560575730086, 92.18350557895994, 69.17061356001591, 67.48502158874774, 43.190742791598254, 4.56885158558214, 7.167221905516724, 35.95316357830142, 6.9172477405163875, 47.755459633896116, 34.417382960211846, 41.68369340326357, 45.31097419785494, 71.572193536088, 57.725520217276866, 83.20929199051885, 54.690502702843354, 66.93726070408798, 27.60519835312304, 31.462190433556213, 52.908444150505176, 77.26387818288899, 9.257266237075575, 42.92236619907749, 90.02262965210808, 54.40397404419096, 50.45959385262237, 30.57546761366067, 19.458413700498255, 34.26380420314447, 63.982879316200616, 47.33728385872189, 68.58665235922598, 44.04505500755315, 49.972060825993815, 14.281499878518046, 58.75233434417322, 21.036662757940576, 22.07853284458149, 79.64215769329937, 54.46568316446318, 74.84001938020472, 48.56285965152633, 51.04979337923976, 75.2508769818474, 69.9125598710914, 50.79461555065713, 22.697235667965742, 44.7563567457465, 77.75433763338653, 55.35852258542323, 61.752941923434044, 46.615408970531476, 68.33937407141126, 44.40079267327468, 23.768251689609016, 33.471103507287246, 42.56806593176645, 53.69990403487177, 49.17103497048635, 39.977098760341924, 62.426458810104975, 30.266484210241526, 44.84664200838866, 59.46282954070222, 45.98988281066526, 72.35742959131281, 28.011973223013392, 20.270539478480806, 84.28429410449807, 41.002560730929545, 53.47529783725796, 84.9232810974948, 37.100991663342285, 84.79713229933705, 49.04577052712383, 54.93050431408833, 43.81847116014336, 70.46441224882797, 63.2046268736224], [71.7456985475437, 51.520655179489594, 75.09132191678822, 0.0, 69.10859031004391, 85.5442897114375, 96.97481138024622, 90.17854951767973, 64.74251290183906, 8.87338273472242, 43.679136106417374, 77.21320981677403, 68.81481293302313, 39.149248749916396, 77.80594347081347, 99.48442350412866, 101.76346134413718, 71.8015280456303, 35.08849338254404, 62.09117953757844, 27.21868370018426, 79.53589525219542, 20.417767263773058, 86.59351863992471, 49.77268961154261, 61.87089060636808, 50.47397934189545, 62.13707888718141, 79.03694960315032, 88.21376111590467, 14.955396410912918, 70.00538567032211, 44.598315229461946, 57.648498572665595, 83.6976892531269, 51.97930541628098, 92.30782004163757, 68.96636892275107, 15.061673882246453, 50.565155406224314, 52.02575406310681, 62.833801651523856, 71.27798712841826, 55.84701801906344, 54.63501436165834, 4.681273396645034, 45.56491192913394, 43.382654437658836, 110.14004687494666, 40.25450168546957, 19.15558888348571, 53.51307982030939, 75.5179327999065, 75.31266048308649, 107.85222581523178, 58.51132689070513, 21.96613015199453, 17.362647705842154, 80.19786978446803, 6.9131001602341025, 47.06091535690111, 62.0753571541211, 77.30621952370093, 102.73131316935358, 21.823451469302874, 69.55678574481576, 64.18100092352354, 36.25979323604195, 77.76306691693088, 30.50683660257477, 20.223225049238746, 72.10221074708062, 82.46510106749705, 55.47092947765283, 81.55938803573238, 67.17135221736292, 63.71889325982602, 101.44354630901267, 85.92836881533181, 86.25577988043231, 75.90519466700366, 44.02084379602129, 69.36455382060674, 82.56377646562152, 4.64209257802054, 48.36065723220046], [43.305420589972634, 18.880345363217987, 71.81265831478977, 69.10859031004391, 0.0, 59.48598602599397, 67.60608521750284, 23.47739593595563, 4.471127086188329, 69.48675652846686, 37.852543989113556, 76.341870691807, 65.6065317049696, 59.08552423309736, 68.04265036766067, 54.98214711683939, 72.33966373219116, 32.63064925601797, 45.449344335187796, 7.568530688921401, 79.1086459225507, 12.604092656449415, 62.0382974718033, 23.185544828228547, 69.91273813982991, 87.58900075548576, 24.09049867241922, 11.687475324196342, 80.89479201196491, 45.28067386951872, 77.03282060791675, 19.01674513175062, 30.553586697425803, 42.226550939267476, 62.29542710415873, 40.995886285530545, 32.24932909141875, 103.91566777378095, 54.04753299823303, 88.50311717766775, 94.16849935195042, 71.74620634863386, 15.22029463530926, 56.097746312855094, 69.35698439411884, 70.57839337995455, 26.98898011374733, 28.68150656165787, 70.385105301398, 85.38055229216899, 52.12045171037399, 16.08412264987848, 26.07023144007187, 89.959350563097, 70.69671011356735, 15.62415566298383, 53.37420763507034, 72.68537917770048, 33.87076099685589, 64.663082381344, 33.75062607537964, 81.23603348548721, 98.99320364984509, 64.73167075412998, 64.66062144183783, 24.144320543890554, 31.931476591644746, 33.008075157909936, 47.09370180868039, 62.84046757444385, 73.27146378970244, 104.88146176005014, 14.968901886052713, 78.60364546353247, 90.87007362995489, 15.378309379509496, 96.14412595724566, 52.55036174940341, 17.531149792643784, 48.4959192782291, 12.98791656558217, 32.162638540876664, 18.17776138802227, 38.6325257842021, 67.20733704100965, 20.941861268976297], [17.519592110579815, 65.84317798810658, 24.52868127454898, 85.5442897114375, 59.48598602599397, 0.0, 11.463624727724753, 76.00320278737475, 58.18398042842476, 79.53193361529472, 44.466957456798696, 28.036774985664938, 24.26666759433076, 48.78359175542228, 17.631429269585766, 23.23444056578918, 16.432296964775656, 26.890059792115395, 51.03328613013516, 61.73420419763611, 74.64111388058139, 68.83768737232785, 66.41292957586583, 47.96964494332934, 46.443500581994115, 55.207442832822906, 47.93619297059275, 67.92043710300531, 32.24729298629861, 20.096716496454732, 99.76866730839524, 40.48291694882383, 48.75238847846499, 28.87591642990276, 5.177752743780828, 34.663858597557685, 42.8209752825182, 71.66442401297346, 75.27256534863969, 66.07791846125899, 72.36086467684902, 36.06506541846038, 44.513967948877706, 31.3721101863232, 41.48404481443937, 89.6334774695138, 51.50502487705585, 71.77683613693092, 26.232647826334173, 71.03725360941274, 80.10510456235043, 63.08224549226244, 34.24258679734877, 47.08439818037026, 23.1070861999837, 69.70339892819757, 63.74976007858512, 75.8988857125567, 27.614913429329462, 78.65041694422347, 43.1805032560541, 47.22661931657763, 57.860188811880526, 19.268624735804266, 66.52362469653593, 35.36679025285838, 29.915863055726604, 62.26025528192665, 12.459572265586349, 58.304741411693, 74.21776620767646, 70.46465672163048, 55.49404746180524, 50.02425917613954, 43.44118425177062, 74.08020133065794, 65.00924242514957, 29.062934643831845, 68.82283992085712, 14.217279616680441, 71.8212933494856, 47.99852081520733, 41.308418554971695, 23.45419897602223, 81.20958342681516, 58.27728505019444], [28.06291967682988, 75.776805158097, 31.615560575730086, 96.97481138024622, 67.60608521750284, 11.463624727724753, 0.0, 81.85915692578047, 66.84403029045527, 90.86736140085786, 55.81344292052543, 34.01584825746885, 33.38905756740456, 59.858997775566934, 24.995356383168588, 20.87610008756996, 5.136920516547455, 35.75921247852784, 62.49585131330538, 70.68973705501813, 85.33867640225235, 75.80860564209839, 77.72605389103514, 52.93049292066824, 56.411647391510414, 63.076501819919635, 58.46746368292507, 76.89667413709385, 37.390105722172436, 23.759888752965026, 111.22736953661877, 48.71203688815928, 59.76654740208273, 40.26761615923124, 13.952843565093838, 46.070935654280056, 46.134389602940026, 78.68871225058503, 86.72034606530025, 75.13023099445981, 81.24961332280712, 44.85797880867201, 52.39376750696805, 42.341771990757444, 51.1937101495158, 101.08177801808412, 62.29812688283663, 82.24917608520374, 16.964022882684347, 80.93929156627652, 91.46859569217307, 72.87124951909674, 41.618697275232016, 52.7987533772088, 13.150981571853272, 79.03699716053585, 75.20405165151567, 87.02622410885107, 34.09089061161444, 90.07599725749982, 54.343733643215955, 55.320133353966455, 63.33333745320362, 11.73657607200928, 77.74496840370595, 43.9559169123116, 40.08041600325585, 73.28364381215314, 22.232638585192756, 69.40551210795729, 85.26118671742096, 77.05351502432241, 61.53573946978401, 58.96967838269844, 47.790456332493605, 82.64937592732569, 72.58160916057797, 27.21181049559087, 74.89311231810325, 19.249904597496215, 79.36039337328003, 59.10155397247643, 49.61835905721771, 29.39176114092181, 92.62212882455161, 68.5926973054694], [62.110829222985835, 38.67357928024189, 92.18350557895994, 90.17854951767973, 23.47739593595563, 76.00320278737475, 81.85915692578047, 0.0, 27.7610972749777, 91.57669556829426, 61.28479803910018, 96.75223046484145, 86.54921226962269, 82.51639307826304, 87.55691559362694, 64.85133815365552, 85.96035916744289, 50.7799434561843, 68.8986446160104, 28.84827680476664, 102.28409794375955, 11.064550477911117, 85.05327000257441, 29.11348875662545, 93.02001100695712, 110.48186893996468, 47.55831390240447, 28.05584507137565, 101.42388884996814, 58.11600734167953, 96.17523380848709, 37.80892513661019, 54.02330471977817, 64.14147396139273, 79.75117206397671, 63.71276877447787, 37.44500881124692, 127.04409561071844, 75.29176392606493, 111.92185178114445, 117.62588930494469, 93.83599982977564, 33.47463296798243, 78.4118985814567, 92.12721681561531, 91.0239177217931, 50.37357153205512, 47.21867138940116, 80.0658867301477, 108.8410907929333, 71.96680840598928, 36.9558261212174, 42.09810147931923, 111.75471449576209, 81.499495748509, 31.87081315919002, 76.24192870388103, 95.43658146381522, 48.41495187636603, 86.42701214469106, 57.114870754225116, 103.84230481445076, 121.21843208254185, 76.02076217365266, 87.7736801321965, 43.01276114201026, 52.53996347953541, 55.06748020495016, 64.39721162046635, 86.27622335109449, 96.20416461243884, 127.86944351000344, 20.510071063686137, 101.59210050104616, 111.93864682393212, 24.120622855347, 119.25708807654816, 60.43401631420352, 7.277120048656679, 62.88905107390856, 14.385654585048401, 55.638788459073744, 37.341991166599044, 52.81932055724298, 88.82067154958852, 43.478501106022755], [41.497152015479394, 15.188703012941748, 69.17061356001591, 64.74251290183906, 4.471127086188329, 58.18398042842476, 66.84403029045527, 27.7610972749777, 0.0, 65.03172148489749, 33.7708246653298, 73.66461229863728, 62.784512110808926, 54.97850716569712, 65.72004240736797, 55.47272059004684, 71.69463328679393, 31.324683539658885, 41.14008601894225, 4.517166398673232, 74.67996139708818, 16.763827905385718, 57.58394464643571, 25.77152778384823, 66.07490518820079, 83.85525258937706, 19.96225045993156, 10.32460706187886, 78.15694119724503, 45.247264130328105, 72.9068512029382, 18.20207028412295, 26.289540296838144, 39.15084897414682, 60.68104308800042, 37.49408932978505, 34.39970381253675, 100.03229529778892, 49.68124132456861, 84.39605908275404, 90.00249386517073, 68.42971650633051, 15.096042606513857, 52.733755962231555, 65.71821713202662, 66.28479414839265, 22.619298576462903, 25.021378646883406, 70.70180832721759, 81.08513868994622, 47.95792365962202, 12.15616632172956, 25.822218297114265, 86.72074765616782, 70.75403697015088, 13.516960851545953, 48.907577635359274, 68.21642252531885, 33.713409574487564, 60.23303218465184, 29.776286019461747, 77.6585450292322, 95.56105395950539, 64.7442274880046, 60.21898070767271, 22.923921670437988, 29.638562166664947, 28.586798211797934, 45.72750004890143, 58.51513461459882, 68.81163335487753, 101.07953053064757, 18.553294729445394, 74.82726438854529, 87.90679631393229, 15.896235007355848, 92.27558391001865, 53.52610922321284, 21.98090649642515, 47.971327767810436, 16.184464405632173, 27.927320973723212, 17.265226316529603, 38.412030984012205, 62.78852527140369, 16.497065493627293], [66.78545067237599, 53.09065525930008, 67.48502158874774, 8.87338273472242, 69.48675652846686, 79.53193361529472, 90.86736140085786, 91.57669556829426, 65.03172148489749, 0.0, 39.871362543781906, 69.35923279632043, 61.466575922274146, 31.790210437641168, 70.62183166061655, 94.90082241620959, 95.52241277852752, 68.09939434293538, 30.599626042255906, 62.913378086871084, 18.65939849404981, 80.67934163766186, 13.167449189274462, 85.11102206094442, 41.4763356556895, 53.03735582013455, 48.76691427671877, 63.825860344707216, 70.95199784145579, 83.88957823016128, 23.27374828902954, 67.9542784707749, 42.36982972061817, 52.54662547549163, 77.31428428718557, 47.11535063272996, 90.060426112917, 60.21445017992992, 17.2544336285769, 41.73831701918616, 43.398631000458614, 54.78187264309969, 69.73432464563581, 49.0232851406425, 46.511054110445315, 13.44651089166584, 44.15026399080586, 46.06270960178395, 104.72071953484915, 31.57007147182556, 23.979041881564438, 54.62086944975031, 72.75454400878347, 66.65319996968414, 102.21512264349141, 60.55623218404805, 17.819021201371545, 8.592981704904838, 76.71574989310932, 5.828110220871788, 43.73447896801955, 53.44513311977459, 68.45586659716213, 97.32148252690516, 13.787070910338803, 66.84951555395956, 60.432978279777366, 36.5803784777667, 72.63217252126863, 22.63978225950564, 11.409817682285901, 63.30714936476476, 81.95786951706562, 46.80494501430337, 73.02920732253538, 69.50512427611629, 54.86916513718025, 97.32838931691964, 86.76120488951302, 81.43769180771302, 77.56904390481829, 41.48145821997624, 67.41197886296878, 78.65021982560613, 5.044861484569913, 48.547929339607855], [28.708524569254596, 30.472540797270593, 43.190742791598254, 43.679136106417374, 37.852543989113556, 44.466957456798696, 55.81344292052543, 61.28479803910018, 33.7708246653298, 39.871362543781906, 0.0, 47.0687371164822, 36.03416455756592, 21.234052974269993, 42.5781449486665, 55.880486662717416, 60.87361744305863, 28.2624815195747, 9.538789689974006, 34.140443446955096, 43.657458325002075, 50.44899572253374, 28.494810337354906, 47.14891309155108, 32.71253875397776, 50.7180715943491, 13.81181452062473, 38.44942756580512, 50.843652389380175, 44.54569878168408, 56.747163438657054, 29.519402954416524, 8.24706002288075, 15.623238362186102, 43.9831012349549, 9.96669359704237, 50.84991454468558, 66.43594264508407, 31.38690164708343, 50.65058455945137, 56.349980712725085, 37.70456231378206, 32.27391541288812, 22.772620512823913, 33.210554029840814, 47.16053267491043, 12.608202327397478, 31.814651279318458, 67.28811755179801, 48.028578768223745, 35.65622629945137, 29.378930395448613, 33.20684998612003, 55.88245252980426, 65.38831420040357, 37.57095710860828, 22.12861817890924, 39.70811527109272, 36.845636570752205, 37.17382431201308, 4.4590912115821535, 45.226045014224674, 63.57172360207202, 59.93147092678478, 30.262643924292842, 27.44549332460928, 20.59920049545401, 19.29301776686581, 34.870150238513716, 26.017900911112573, 39.34456445184427, 67.6665163734189, 46.36435929674543, 41.604938108380914, 58.677661716496274, 45.69688532928676, 58.722399584650255, 57.774357064551424, 54.89452250538142, 42.86090064635729, 49.67754009238006, 6.540829473236742, 29.193744027365018, 38.93182100565484, 39.93947725279234, 21.771491476346128], [35.00376900710064, 76.10277909927504, 4.56885158558214, 77.21320981677403, 76.341870691807, 28.036774985664938, 34.01584825746885, 96.75223046484145, 73.66461229863728, 69.35923279632043, 47.0687371164822, 0.0, 11.180259918348817, 38.25582628803827, 10.581077133663909, 51.23468390967105, 36.288366289475434, 46.23452414138795, 48.61971506652834, 76.01630728868093, 58.522650747438995, 87.76863191628298, 56.800127623214316, 71.42709396906443, 28.546836887215566, 29.630150174187257, 57.17838859808018, 81.67066498387152, 4.711083174788023, 46.97721745670393, 92.16809724652423, 58.97244615871439, 54.511142989785576, 34.92896201044317, 22.87448336952524, 38.39453567311453, 68.32154974060896, 44.68306557680951, 71.42962738933304, 43.13106251756905, 48.79139222092256, 14.856116022667718, 63.32067394473856, 24.55206738193405, 23.12005691513593, 81.81445477730206, 58.579406662736886, 78.8214165810876, 50.95700222214632, 50.92842485980847, 78.31149009680476, 74.20321373195833, 55.33324397580431, 19.095491434367364, 47.037138794058095, 82.09054472992277, 58.08254937876146, 63.22325518183732, 51.04655868887002, 70.55363106528208, 48.48675812436112, 22.406661186096056, 29.848855426228162, 45.332517542268604, 55.590279703584734, 53.73982825197056, 44.52943413937309, 66.21541567344893, 34.601572554903775, 46.76457828229271, 60.81457587921436, 43.05735906489776, 76.91516006525396, 27.495264093849258, 15.894309132792262, 88.71653296271634, 38.78288235550195, 57.09668330013176, 89.49175319698763, 41.102632880593305, 89.32820039211317, 53.05695916340889, 59.497633406980675, 48.1453823859105, 72.57268769021154, 67.4016831560525], [25.845171270927384, 64.92371609819321, 7.167221905516724, 68.81481293302313, 65.6065317049696, 24.26666759433076, 33.38905756740456, 86.54921226962269, 62.784512110808926, 61.466575922274146, 36.03416455756592, 11.180259918348817, 0.0, 29.711079684207437, 9.35108269945181, 46.854411113162826, 36.99362384139942, 36.644059884548106, 38.25348037507428, 65.00857678609468, 52.982230129108096, 77.26360302073105, 48.49667927860473, 62.3065001771861, 23.246264184590718, 31.177193678477245, 46.00948156515192, 70.5996299056541, 15.430786048696506, 40.43716984757859, 83.69551631619312, 48.75280245824258, 43.36636977260885, 23.833866311011825, 19.807461995075595, 27.219482882086993, 60.184760228264416, 48.05703538222522, 61.754410721542826, 41.906227473895555, 48.14064354975509, 11.802593904386615, 53.07675228580442, 13.954444587079763, 17.882125200642015, 73.31036459570596, 47.41203840685287, 67.71791881672402, 49.94633148356793, 47.612408501059164, 68.28269210536011, 63.03916278908195, 45.83552273878524, 25.97242660681831, 46.40810560337831, 70.94968326976108, 48.63483785290553, 56.185046896706595, 42.483634586310956, 61.99746992562849, 37.32666753638881, 23.148242856190848, 36.39247189057863, 43.35389815258787, 47.73005018207542, 43.63043571049994, 34.04924596308779, 55.26105022239073, 26.930361977219878, 38.91325437014246, 54.04181806873475, 47.25633350073736, 67.06588189900432, 25.791869597613587, 25.393984897467877, 77.68138323836878, 41.07367667557554, 52.1291870713945, 79.32456580220564, 34.91129215590087, 78.59043294889514, 41.93218075689501, 49.20766528060041, 40.25227070651198, 64.21248782067157, 56.221481238522685], [38.78408860337481, 49.96028593878969, 35.95316357830142, 39.149248749916396, 59.08552423309736, 48.78359175542228, 59.858997775566934, 82.51639307826304, 54.97850716569712, 31.790210437641168, 21.234052974269993, 38.25582628803827, 29.711079684207437, 0.0, 38.83199333882878, 66.78963657075224, 64.31072578158744, 43.78111565433299, 15.316009110611278, 55.12251859913419, 26.615585456872754, 71.67923224550941, 18.78740726319434, 66.59767215592778, 13.710224681559056, 31.216961649511482, 35.01891744255999, 58.9861702112439, 40.49057983520791, 56.7766699368499, 54.07120091994947, 49.19042944640265, 28.901183361576454, 25.371437641763155, 46.04998892922251, 21.728490445084528, 68.73496691791938, 45.75122423810731, 33.72559212031693, 29.419904217046774, 35.14634382347558, 24.45931716999217, 52.510363599701485, 17.538979301467336, 16.896018229816384, 43.68945326232408, 33.03441712452936, 48.585336762527646, 74.68796596829982, 27.580158416652434, 41.186190621681966, 49.50205912259312, 51.05406608763014, 40.07601404407494, 71.82980751241479, 57.55778038078638, 20.276473424375652, 27.17428229281595, 52.402934816727, 32.38650415929237, 25.44702291553094, 27.486512861698806, 45.61637468026816, 67.39527107487878, 18.144265611152992, 45.96390358453463, 36.800347512097865, 34.86369771216044, 43.896200649841866, 9.550454421888126, 25.434413239773402, 47.324978007245285, 67.01890450776865, 22.298861735132125, 44.916498340010705, 66.13476145566506, 38.18597814633782, 70.30725740027853, 76.08237831513311, 53.14888857738204, 70.77306170407147, 27.19451065191296, 49.059555899927425, 52.927739853581826, 34.53081205281573, 41.75145059739049], [25.45280621446328, 69.77884165643108, 6.9172477405163875, 77.80594347081347, 68.04265036766067, 17.631429269585766, 24.995356383168588, 87.55691559362694, 65.72004240736797, 70.62183166061655, 42.5781449486665, 10.581077133663909, 9.35108269945181, 38.83199333882878, 0.0, 40.865310465946706, 28.146424398468998, 36.787635528781, 46.120842506109575, 68.4508214424736, 62.312547023344145, 79.0034654285618, 57.58045710259212, 61.46121925833807, 32.45123077995777, 38.16866656092544, 50.78779410714987, 74.33327036544242, 15.084944502514926, 36.40766933811024, 92.62884368385289, 50.002121905110045, 49.19109164866957, 28.443375134687404, 12.542611475127737, 32.99993082172523, 57.96290272676277, 54.22813746558491, 70.10068276345187, 50.22287638223549, 56.28792452436268, 20.003454035060855, 54.341282638825795, 22.18608075666469, 27.00174980893827, 82.25279080451742, 52.937179144850404, 73.60074796157596, 41.878689305823485, 56.588214055447246, 76.29189794288642, 67.57655910837167, 45.70870597946674, 29.48706911591877, 38.143748624422564, 75.17558401590789, 57.21158518840014, 65.49233560522966, 40.91880190017387, 70.95011262343853, 43.09638275687069, 30.344976860344698, 40.26822128146981, 35.73798775121613, 56.92787051731568, 44.69568081267416, 36.13025233185392, 61.84035331916492, 24.314592021809062, 48.142995880724214, 63.37365191706127, 52.90619445918782, 67.43872013271788, 34.0760268213258, 26.38698660251077, 81.18495366317086, 47.80568260659991, 46.63156560255406, 80.28006025645246, 30.52469795139265, 80.96698561623663, 47.929257633459166, 50.61063738439158, 37.79697566341044, 73.22816048176816, 61.29301030804201], [28.25948677057834, 67.44834010362503, 47.755459633896116, 99.48442350412866, 54.98214711683939, 23.23444056578918, 20.87610008756996, 64.85133815365552, 55.47272059004684, 94.90082241620959, 55.880486662717416, 51.23468390967105, 46.854411113162826, 66.78963657075224, 40.865310465946706, 0.0, 23.214086983260703, 28.80321048945769, 64.49995362120539, 59.82559196285962, 93.39067522128121, 60.64855405844391, 82.32371425025698, 35.88914529254365, 67.45095267281148, 78.02593861822682, 53.41216226766436, 65.78984015638001, 55.33760989427229, 11.57113280659949, 112.5627965864221, 37.88136738993711, 56.9737533036028, 42.45678434873436, 28.36732974986532, 47.785471783565725, 27.56303399733685, 94.72713856725758, 87.018951116058, 87.93873727928008, 94.32617685444525, 58.57849071935823, 40.385775644344726, 50.708817388633754, 62.99271686573743, 103.03989850859567, 58.137395747856814, 75.60924993541397, 15.518350839845558, 91.69477366374906, 90.08279455581383, 64.22092021266711, 29.99165999286914, 70.30722228126531, 16.652477660982537, 68.7735092973903, 77.64251626971499, 92.85037553470592, 22.35945999570202, 92.8467714326033, 52.94207000099659, 70.00048492247431, 81.07766295738358, 11.470487546727638, 83.13050367151017, 34.6385005787617, 35.90229591478913, 69.7447885201892, 22.899407430341533, 75.84999128191932, 91.63755703375035, 93.62930910615925, 45.52120390620853, 72.18500723760248, 66.40807820625957, 70.3498480594131, 87.90406727841379, 6.34396078095916, 58.37277346674694, 13.650251650692551, 65.07390043566647, 56.911703592697805, 38.86305685285685, 18.263980701471684, 95.57795343363738, 61.983544137738924], [33.19977990156853, 80.84016590267719, 34.417382960211846, 101.76346134413718, 72.33966373219116, 16.432296964775656, 5.136920516547455, 85.96035916744289, 71.69463328679393, 95.52241277852752, 60.87361744305863, 36.288366289475434, 36.99362384139942, 64.31072578158744, 28.146424398468998, 23.214086983260703, 0.0, 40.73461724187506, 67.42582192115557, 75.59303125727908, 89.4787621081228, 80.23997985027223, 82.36429858945417, 56.910255037164006, 60.19806283947911, 65.76511708704061, 63.59671250833439, 81.79626497497665, 39.213496413191365, 27.89575119955766, 116.08909174273812, 53.52361880803358, 64.89620299152541, 45.30089001542439, 18.261594488782062, 51.09402189843294, 49.68310991345566, 80.87388092358107, 91.69481577705702, 78.34639877887406, 84.35714048062543, 48.149656842798144, 57.11936910620137, 46.771750415175795, 54.874994987381115, 105.90981483659253, 67.43502878967857, 87.37017456870366, 15.412619190439887, 84.59974337029946, 96.52275459448586, 77.91579519578548, 46.292977313584295, 54.58724174120773, 11.309566517418379, 84.00208619074657, 80.05617888327578, 91.4831795253374, 38.64346766276186, 94.85729711548018, 59.455110872404155, 58.17764115247799, 64.89609490942739, 12.425792975006283, 82.29286329640408, 48.852578528368234, 45.19401820091926, 78.41388895924182, 27.353895474396325, 73.86073197903973, 89.65145793640961, 79.03835113588855, 65.7675928152404, 62.21337891737151, 49.04338081668131, 87.4571421525861, 75.0660196528783, 29.381777539774628, 79.07880666539208, 23.854168124624355, 83.93027818993633, 64.22246028361683, 54.44246316196006, 33.89920484581083, 97.38008533202085, 73.70328331485797], [11.334872110094006, 40.31327669426126, 41.68369340326357, 71.8015280456303, 32.63064925601797, 26.890059792115395, 35.75921247852784, 50.7799434561843, 31.324683539658885, 68.09939434293538, 28.2624815195747, 46.23452414138795, 36.644059884548106, 43.78111565433299, 36.787635528781, 28.80321048945769, 40.73461724187506, 0.0, 37.53861817020815, 35.00268349608684, 69.73648298257653, 42.577385014283465, 56.27261709559411, 25.78768070453087, 49.21604198059833, 64.42874353990332, 24.67841451700761, 41.20909897356118, 50.9390266383184, 17.236651303923598, 84.3028620450104, 13.7020267724689, 28.265697342097308, 18.677491651835087, 29.72078643089582, 22.261854248601768, 25.403901484104725, 81.71862383302326, 58.6700464144939, 70.16494580181252, 76.51661991514206, 45.718958789733165, 17.901771096867655, 32.04351150883051, 46.44931714599603, 75.08121595132609, 29.34135751759043, 47.58636731431112, 42.324834046295045, 71.00943647093825, 61.35584421560442, 37.294745104370165, 9.192495724536565, 62.523439692920604, 41.462099976433095, 43.27782651606459, 50.390586684785404, 67.32041533910323, 8.752642249478521, 65.39725841549496, 24.753848836749427, 56.868383498695344, 72.66905500890334, 35.49194731468731, 57.63152867429242, 8.487133352410323, 7.666967606596795, 40.94579594409755, 14.465349378947757, 51.6316453615293, 66.58332873443482, 81.73037618282065, 30.696726376148, 56.44853042150408, 61.772140293838696, 47.21660052174962, 74.08254206001756, 29.78441080338553, 43.50293455341797, 17.727085904617827, 45.14475619713386, 28.33129851867457, 14.477796631175583, 10.853915092261841, 68.17020591427395, 33.81744821887926], [36.65733491570262, 34.764359704571845, 45.31097419785494, 35.08849338254404, 45.449344335187796, 51.03328613013516, 62.49585131330538, 68.8986446160104, 41.14008601894225, 30.599626042255906, 9.538789689974006, 48.61971506652834, 38.25348037507428, 15.316009110611278, 46.120842506109575, 64.49995362120539, 67.42582192115557, 37.53861817020815, 0.0, 40.72310097248954, 34.45053499765896, 57.89486501064197, 18.956766755303182, 56.50642882292427, 28.65925219490477, 46.473618753894584, 21.615428758104816, 44.128853157948775, 51.790360285049765, 53.360308578062416, 48.84572099130727, 38.90676428400082, 14.927816587801681, 22.61048423191099, 49.76432755615714, 16.896108663591683, 60.38346180968689, 60.95110718197808, 24.374672282258196, 43.95552928430799, 49.21340233462522, 36.90829616668561, 41.450562694896824, 24.29905359635347, 30.69641260880201, 38.88902902754983, 18.584968166581096, 33.367159944667385, 75.10563240269698, 39.94601669387691, 30.171912423642784, 34.505756844114394, 42.74442313894945, 54.145260255445685, 72.91814793227365, 42.452439239225555, 13.152331657283037, 30.169848524679605, 46.20369028944914, 28.36635799366137, 13.819719163951357, 42.19884479881437, 60.5474394212963, 67.7013666183702, 20.766584426238722, 36.98049142087062, 29.880060481095914, 19.656517061834744, 42.68796349544717, 17.39862398705186, 29.84759627243997, 62.6140430045941, 55.18744215912177, 37.46826052379996, 58.09106806165197, 51.17895128862136, 53.449856892367414, 66.75295795238524, 62.844087677138035, 51.18673077403741, 56.453859196987665, 13.40611334829739, 38.53158111351427, 48.05076311045273, 31.08432812198567, 26.792725906770553], [44.765037904549246, 11.32408980232962, 71.572193536088, 62.09117953757844, 7.568530688921401, 61.73420419763611, 70.68973705501813, 28.84827680476664, 4.517166398673232, 62.913378086871084, 34.140443446955096, 76.01630728868093, 65.00857678609468, 55.12251859913419, 68.4508214424736, 59.82559196285962, 75.59303125727908, 35.00268349608684, 40.72310097248954, 0.0, 73.5186455950982, 17.826938416336674, 56.23306593112571, 30.161087981895946, 66.78659910088412, 84.71764365389345, 20.48400604451638, 6.208111434575688, 80.43148791751143, 49.456062391223135, 69.61336736765072, 22.28092809895019, 26.221414801621773, 41.205883422298, 64.0114304251629, 38.96795029912078, 38.88400848989031, 100.57569694537034, 47.05564586467535, 84.4508888283688, 89.88632694039242, 70.00500192129553, 19.445886779367058, 54.30468677522285, 66.79857478857916, 63.3855367614883, 22.17805789962892, 21.1132677836865, 74.99113359758627, 80.56792638172944, 44.75588272220537, 8.666513657304765, 30.03366114639783, 88.35922722965614, 74.95672289909689, 9.022333197497328, 47.39876248274229, 66.59112431719805, 37.91440799285487, 57.912929251007164, 30.4625330227882, 78.80705876956608, 96.9033648249205, 68.93717030973217, 58.98829594082088, 26.7406546214791, 32.61889784277976, 26.33426759705361, 49.28026070871521, 57.94147348941219, 67.36208683792043, 101.78334320731518, 22.47920257692534, 75.6318338375305, 89.89926807041951, 12.736505626137145, 92.86179861480578, 57.982952597046996, 23.885898314760873, 51.97516614923362, 15.730867777481006, 27.93015310881458, 21.319400225477903, 42.572193987486415, 60.3930061624893, 14.635136495151722], [65.38990391119576, 65.26921760397965, 57.725520217276866, 27.21868370018426, 79.1086459225507, 74.64111388058139, 85.33867640225235, 102.28409794375955, 74.67996139708818, 18.65939849404981, 43.657458325002075, 58.522650747438995, 52.982230129108096, 26.615585456872754, 62.312547023344145, 93.39067522128121, 89.4787621081228, 69.73648298257653, 34.45053499765896, 73.5186455950982, 0.0, 91.21971588215064, 17.432777181645342, 90.80170568120961, 30.12262001260126, 36.862370146062005, 55.868526216342325, 75.73034940786522, 59.05862845398158, 83.36474025393628, 40.04961161133633, 73.1693675013527, 49.10165908929115, 51.75735373298534, 71.38860845937447, 47.476356781764274, 94.04654043209534, 41.842919893208105, 33.508791772456576, 23.814697687722, 24.807655512791534, 43.7109647491487, 75.87206229114835, 43.33821607296479, 35.64769387171343, 31.434551907208306, 52.196177389831654, 60.06998392863274, 100.79215202991442, 13.093453792144746, 41.294265654139494, 66.0455226470943, 76.26430154750469, 51.773063996828675, 97.74581486136783, 73.09824408873249, 26.404881700890705, 10.154760393382432, 78.46242247846759, 23.77839220409162, 48.09265095341506, 39.1518072750924, 51.784481895972256, 93.59059380269473, 14.542016196077524, 70.76096061661319, 62.408469443414425, 48.152177821092906, 70.49209246842548, 18.110861620665762, 7.654829515344866, 45.081393133669536, 89.60359457625327, 32.53952134484673, 58.836545339257626, 82.1765839450538, 37.044373777973696, 96.90893187224137, 96.63552554355947, 79.7561974037304, 89.01917502957367, 47.713717160057705, 72.8511526929195, 79.31325070734427, 23.694188107098974, 58.913823763543405], [53.75226943580641, 28.043255287084584, 83.20929199051885, 79.53589525219542, 12.604092656449415, 68.83768737232785, 75.80860564209839, 11.064550477911117, 16.763827905385718, 80.67934163766186, 50.44899572253374, 87.76863191628298, 77.26360302073105, 71.67923224550941, 79.0034654285618, 60.64855405844391, 80.23997985027223, 42.577385014283465, 57.89486501064197, 17.826938416336674, 91.21971588215064, 0.0, 73.99588889033537, 25.211597090986043, 82.4771335615173, 100.09651074691469, 36.66877511924422, 17.71937290733069, 92.38815431126464, 52.432230764445066, 86.12585949792958, 29.024047451420138, 43.05310673938601, 54.28130574377776, 72.16540840918388, 53.40656098549059, 34.553802932829754, 116.49069800740847, 64.57365436403123, 101.09855276682558, 106.74298307438721, 83.93735826541928, 24.712908312956465, 68.36400768399825, 81.81567894008178, 80.55964731053069, 39.34450659313752, 37.03129119900239, 76.14674088033287, 97.84085399633075, 61.618296766571, 26.100438183321668, 34.600251649309186, 102.04329985307841, 77.06821760081135, 21.813673242604168, 65.19666702272012, 84.41318331932972, 41.748965349809794, 75.59999239206402, 46.35436942265781, 93.6420455944398, 111.26233482186296, 71.30599472817795, 76.71061583465288, 34.34457102827366, 43.2534210597739, 44.12168958462731, 56.75900877713565, 75.25747216848305, 85.15657701949443, 117.42117476950793, 15.25249765022547, 91.13759700138891, 102.63168664901556, 15.538561743645117, 108.71471394191114, 57.07325512832884, 6.898804112152547, 56.5717060789697, 5.751598208404354, 44.687054070335485, 28.393438253337656, 46.41786323945989, 78.0336282214698, 32.43953853266379], [54.09966140351016, 47.83647050442563, 54.690502702843354, 20.417767263773058, 62.0382974718033, 66.41292957586583, 77.72605389103514, 85.05327000257441, 57.58394464643571, 13.167449189274462, 28.494810337354906, 56.800127623214316, 48.49667927860473, 18.78740726319434, 57.58045710259212, 82.32371425025698, 82.36429858945417, 56.27261709559411, 18.956766755303182, 56.23306593112571, 1