instance_id,num_cities,city_coordinates,distance_matrix,best_route,total_distance
2092,97,"[[40.560284806332845, 65.13169246279156], [44.668410257601934, 7.837099429148775], [80.0564701324175, 45.31888471018956], [37.138607386880864, 2.922416985820009], [35.35593694052531, 71.93652955499658], [71.68978294142167, 17.864734723589503], [36.058835408612865, 10.42715290933195], [87.55925316289235, 0.06993641648986859], [2.6677731197747523, 17.723911218761657], [57.43403882763714, 87.54516625629188], [24.901331205960975, 30.742915088284796], [4.2534823736915195, 88.25625796441051], [57.370495499804875, 42.33412200534221], [39.48226227533617, 81.64607550725826], [86.75050316563811, 37.99874197448345], [3.3866636211965395, 91.01442827360262], [93.82711444234572, 59.208642181211225], [7.574229994442405, 62.7730340644467], [16.366687761563014, 34.61470163180137], [63.728649196506346, 1.7242625482816076], [21.733460402959594, 25.814962250900187], [29.704157116599127, 79.51250710260483], [22.82857758766682, 92.35269105624756], [11.32049753059421, 17.842003096309234], [86.77769043389422, 6.562291456225333], [38.988048648121506, 88.99585866619488], [21.30173818197517, 35.78229358989492], [47.683986145990396, 19.0919095695966], [37.781060936851574, 40.784762096364446], [26.09678016896758, 23.19029148536457], [81.58279630817252, 41.99605096751476], [33.87297127053116, 53.484713117976504], [67.61110060139693, 76.09287890364084], [54.522782920047305, 38.940959718023194], [99.8061625485297, 47.95498871829298], [60.17202109709293, 31.478015727246], [34.30698070875948, 46.839532204083575], [12.0186431814855, 50.654021033089066], [22.68793467298631, 38.2431641668759], [62.116090097522545, 78.40228426074556], [26.614694866892506, 17.24340278089329], [24.630055799708515, 73.49212967476711], [99.62431405009526, 4.196806324091417], [31.092193572390247, 68.40123008905498], [94.67252830324635, 66.91494500006685], [55.59130223196107, 83.9468778102759], [9.098686718974314, 4.902601850426381], [2.4486869392781996, 74.23776909956261], [6.610186316903732, 97.79729950896122], [26.714606173340037, 82.71886907812348], [18.474254929728872, 81.82222708498944], [57.8305344850327, 4.883990624393952], [79.03557076815675, 61.42886627548755], [3.456627992846595, 58.9642221765889], [76.0140394844538, 80.87740651553756], [77.63875535198386, 61.14425242048698], [91.63987213878382, 12.960354346701964], [93.82040296471772, 46.64841561792494], [92.97959167915131, 0.6892790092528744], [20.815197411088903, 84.57612700973517], [29.973560399976883, 18.31115846848509], [32.46438421713904, 97.52223169138674], [97.53419709816154, 55.36656644376501], [50.056979107291056, 81.13036171983772], [76.84002537349663, 66.01219630843693], [17.84031931187595, 78.03403396519747], [70.4282417382038, 46.30360527984286], [28.264258805459907, 26.38676306180434], [45.24273948871836, 26.49908718333469], [77.46840626502801, 94.54030442601842], [39.94891953509905, 75.55604603880113], [59.49763541012655, 55.95623271947376], [43.638682025658035, 82.46310092907913], [97.27886460724314, 47.71889535615741], [65.36761270739864, 80.11603798210395], [84.304517223183, 79.26788033549447], [55.67788281736134, 75.09523201485455], [36.37745598609028, 22.02595194091561], [82.61287239294319, 36.87220360598674], [62.72150176801983, 9.752437250669377], [56.53227451427385, 66.57717315930533], [44.61922143388013, 87.74707642082278], [50.44147661562081, 68.5237605477425], [73.32449842410138, 42.38756146288569], [61.62701709217583, 4.349466544630576], [65.75279425187996, 96.9148664901129], [13.92963317816347, 57.96962822594725], [28.76920392523766, 36.420470026289934], [31.136789248550812, 0.7372440817225101], [10.754813446582867, 51.13638515423888], [76.09992421711584, 5.916073814321987], [63.0162665838941, 73.11296117542618], [75.32269738120777, 55.95440148861597], [27.16259591651331, 30.17360012118646], [43.926734212505814, 32.59623666103908], [56.926940469481465, 28.435300222223503], [1.214652417310358, 43.4885461588152]]","[[0.0, 57.441684216378206, 44.187057000370494, 62.30330514292578, 8.566857332755385, 56.596916418317456, 54.88943153682921, 80.26166660622839, 60.6905277979829, 28.055077655629617, 37.78611963634249, 43.04566682630802, 28.32511963472156, 16.54953110866606, 53.56989149028846, 45.29673415455308, 53.59512724222369, 33.0702748929174, 38.94376544895775, 67.50759421634984, 43.5919097043259, 18.018416637442666, 32.48686204165349, 55.59927949451179, 74.60846679305575, 23.915901720839297, 35.10382931081658, 46.587645675964, 24.505042411396584, 44.365235064681, 47.09675527376108, 13.430275134362104, 29.18722740120319, 29.68005787196787, 61.68559946186475, 38.95112524894392, 19.33150121089885, 32.00356662416929, 32.28643450753256, 25.31326427823179, 49.87752767947128, 17.990806168120447, 84.86235855339146, 10.016717421581427, 54.141618796273136, 24.081999180087365, 67.95127305800075, 39.18436580697501, 47.113173010705886, 22.383288366703212, 27.683328226299473, 62.67413422435998, 38.653053587233025, 37.61275101164707, 38.79299204504889, 37.29226000252176, 73.01351082420861, 56.376162597050715, 83.06990059427987, 27.71199218923453, 48.002511779782324, 33.38698306030767, 57.80470887397028, 18.60496225855366, 36.29042384215023, 26.12790172046002, 35.30710577564827, 40.64925349501054, 38.915338525199964, 47.191904890706034, 10.442265796872544, 21.04310598253621, 17.602677320943354, 59.33129694949399, 28.981617074158137, 45.97161817156055, 18.105631445176837, 43.30820849306457, 50.6657560209794, 59.64881763348143, 16.037265031000995, 22.97673950140926, 10.447204289420315, 39.88469868172064, 64.32951264209719, 40.556536876500864, 27.57692459781555, 31.038103713706526, 65.0803138501168, 32.92772007955766, 69.0619682703111, 23.832158271072373, 35.953414269725585, 37.43749841739674, 32.70915568815728, 40.18074938412297, 44.905507123597], [57.441684216378206, 0.0, 51.54802624308304, 8.991775953096434, 64.77236371894814, 28.822006372148916, 8.990726116980438, 43.58845290201887, 43.148610259736714, 80.72383285070407, 30.255806141039173, 90.00337468884841, 36.761223267494636, 73.99095269418348, 51.77477401740283, 92.85822870941907, 71.10283821233949, 66.28676431724135, 38.961872079846216, 20.01648028850771, 29.14130190078457, 73.22085042680217, 87.29182962413661, 34.81639528494132, 42.12857239847218, 81.357302738668, 36.42712232076089, 11.651800257306036, 33.65982851855721, 24.096181242348685, 50.294193180634636, 46.90678136909439, 72.00846111313416, 32.627577069714654, 68.18809843888991, 28.271096060747656, 40.35528447005341, 53.84511180936135, 37.51892961907011, 72.69021146009817, 20.357189937557163, 68.64487341333827, 55.0763387993475, 62.067121586827355, 77.39899003749329, 76.8895827424483, 35.69056610161749, 78.68642811664046, 97.67940421562889, 77.0040161735618, 78.48523993460032, 13.489342674535346, 63.66458352389163, 65.66881815496158, 79.4822931910073, 62.679312501690475, 47.25003674290165, 62.62776262477785, 48.837092328484694, 80.36077474187923, 18.045623433332686, 90.51166333954653, 71.09037665510697, 73.49108089734132, 66.47822738370681, 75.14889275332305, 46.295150828898805, 24.762596910451013, 18.67082325456218, 92.69997570019298, 67.88320353814142, 50.35232772411153, 74.63310552361646, 66.01831225682193, 75.18445278380058, 81.69074265960215, 68.15324559373876, 16.433607587287987, 47.77886019255984, 18.154410815393316, 59.926184067775964, 79.90999213083585, 60.96063592923817, 44.88770227747112, 17.313518674920736, 91.53906178777206, 58.805976396121835, 32.707703017677744, 15.281122769187187, 54.99963811665813, 31.490163689633917, 67.8054714495031, 57.052257418427125, 28.379090875326927, 24.770243434884648, 23.969927802715375, 56.20724796999888], [44.187057000370494, 51.54802624308304, 0.0, 60.32746818944278, 52.02534656034246, 28.700728318959182, 56.153582337659614, 45.866753481015955, 82.16138379620459, 47.904417868816736, 57.048648015666515, 87.11894727969255, 22.88148276305081, 54.460362966438936, 9.919403607120719, 89.25436645914776, 19.55903901817164, 74.55415793300736, 64.58303116006913, 46.55200122395056, 61.4977760183278, 60.865090473587856, 74.07570873445637, 74.02440781756918, 39.335077513514676, 59.95242528176281, 59.5236515745129, 41.66331653237366, 42.517860841412755, 58.32086058231144, 3.6566235349367213, 46.8998541651387, 33.195269864579025, 26.31818971481241, 19.92484365992814, 24.227277346854915, 45.77475451956114, 68.24668179324831, 57.80324110261539, 37.634672333078534, 60.36767370947071, 62.17571179821927, 45.54037600173058, 54.132199726558916, 26.077173475993668, 45.723804427648425, 81.66077973635508, 82.82070928505284, 90.26815953646631, 65.14685933604497, 71.58815009344853, 46.14079404530441, 16.142296662686793, 77.80572633411441, 35.78756374112389, 16.008985224730875, 34.369313192524515, 13.827996942677396, 46.46298285229582, 71.06799185715089, 56.90092375361447, 70.64131990419287, 20.160030955043748, 46.71649973381141, 20.94179222963853, 70.29317473056554, 9.678453213785836, 55.1439786762389, 39.574999940415026, 49.28941299532257, 50.22849330936518, 23.147761399519798, 52.01872825343244, 17.388816019133206, 37.77041710494649, 34.21374297051308, 38.483066123762114, 49.50168677720961, 8.825056044791884, 39.566062643198116, 31.70650733314059, 55.28064803487957, 37.62331861540338, 7.342485891151088, 44.92369045600447, 53.54195065114506, 67.32607130284659, 52.05348652004755, 66.18653835112647, 69.54540193871772, 39.60095658030738, 32.60182853047555, 11.641426957391669, 55.01946541770275, 38.304354726650985, 28.636175854868018, 78.86306080691283], [62.30330514292578, 8.991775953096434, 60.32746818944278, 0.0, 69.03713238273507, 37.64381212865082, 7.5820161439226315, 50.50126895305137, 37.51429922840225, 87.02249267551227, 30.39294396726576, 91.45105720161173, 44.301374574156355, 78.75853686576585, 60.75926906631289, 94.33661092433168, 79.88570572338823, 66.75439143078849, 37.89292217555372, 26.61702270153114, 27.593245229765266, 76.95006793316372, 90.56793512698731, 29.81893435821591, 49.772354293408675, 86.09330865801171, 36.47708755709973, 19.304338983500177, 37.8677953389663, 23.080482773103757, 59.17799254289482, 50.66764420614299, 79.26215578683181, 39.99431183955401, 77.16965068457044, 36.687332509016166, 44.00830738324852, 53.938099953609935, 38.16250939485196, 79.50525143913943, 17.771982693865603, 71.669716141544, 62.49870082959146, 65.75738806723119, 86.05344675063728, 83.09912874958098, 28.10975423514957, 79.3049180553646, 99.66557995017973, 80.47442803660789, 81.07735865412609, 20.78469673040188, 71.9608237102412, 65.3847051300244, 87.11073190687458, 70.92280385444923, 55.4179397489478, 71.58763095886417, 55.88561918733639, 83.26933453503402, 16.975018784815493, 94.71522213756408, 79.98759946979673, 79.2676916998714, 74.54208774326406, 77.55113750218355, 54.682056042601815, 25.086442544093998, 24.93063045184397, 100.10159827173922, 72.68797647325509, 57.55442420366506, 79.80583545375059, 74.99049948437097, 82.19325923641031, 89.73991767748993, 74.51590409236441, 19.118692403914164, 56.74942104899782, 26.478928636460438, 66.54353693751176, 85.15387504268004, 66.93655658043926, 53.54359288237262, 24.529954756127985, 98.25147456278779, 59.73986900836074, 34.52776378229412, 6.387237398624659, 54.96081612594025, 39.076158848494664, 74.80886136782073, 65.34842086079547, 29.0197826858539, 30.440339024363503, 32.28754151715959, 54.186173298507256], [8.566857332755385, 64.77236371894814, 52.02534656034246, 69.03713238273507, 0.0, 65.14527888885452, 61.5133927010588, 88.8256350044744, 63.30500802339812, 27.038345411853765, 42.49956063181444, 35.12401194964767, 36.89096530718305, 10.54996887994382, 61.588755981327765, 37.22902974942184, 59.840435455042886, 29.253938033081276, 41.8749378973786, 75.72828559384489, 48.091276107032364, 9.451880817065106, 23.95317062104334, 59.19391979264504, 83.17444162317912, 17.44170132701036, 38.7898089833539, 54.263566585819845, 31.24602122181718, 49.61781645801763, 55.075900220002666, 18.51131321662149, 32.52185146478577, 38.15855885210166, 68.7673315014124, 47.46292631113395, 25.118908917544466, 31.584401988652317, 35.99612691148566, 27.530197618267547, 55.38724969989016, 10.83810029385037, 93.37609115666349, 5.538758870288788, 59.52876886291486, 23.531223378543963, 71.99299030251962, 32.98761595032373, 38.66649197337819, 13.817794433985734, 19.56318489326712, 70.71881299786895, 44.92573203534369, 34.43612449244755, 41.62956381342636, 43.638400275038, 81.52343591631322, 63.69915614816467, 91.63327068136525, 19.26635746270552, 53.894808668278145, 25.74857726097118, 64.34826892573155, 17.339180795651565, 41.904979626899674, 18.54660133138876, 43.44091816153321, 46.09851544633192, 46.50064552138015, 47.795300093492656, 5.8477678382943825, 28.951536953131995, 13.394497789724872, 66.490170529232, 31.106350484186535, 49.49456753982695, 20.565964248023135, 49.92103022706615, 58.844922487946185, 67.93920424939411, 21.84399171427674, 18.324350787990127, 15.466754655898384, 48.111881863430405, 72.51331421678111, 39.34318556562306, 25.57656790213263, 36.121676819623346, 71.32418565361591, 32.21585454797962, 77.58075196465515, 27.685335962154635, 43.04381904121765, 42.55905440713129, 40.26309986649999, 48.55579416206428, 44.44001651894977], [56.596916418317456, 28.822006372148916, 28.700728318959182, 37.64381212865082, 65.14527888885452, 0.0, 36.398929178336395, 23.843131755298014, 69.02215348045173, 71.12375678225473, 48.52841173278967, 97.48138888231068, 28.35124171495925, 71.45196861961756, 25.14365808014363, 100.08093612338835, 46.89754929467203, 78.27872941856515, 57.80316818052357, 17.99706899876527, 50.584980768038875, 74.5871343811846, 89.08351714676388, 60.369289690544015, 18.85179504220739, 78.28818697049952, 53.47891145496049, 24.037142881095725, 40.92834082578927, 45.902978733758594, 26.080493422077776, 51.95088166497464, 58.37081825950083, 27.18295697215185, 41.18196434941841, 17.832000941767294, 47.29706959000714, 68.08657883119234, 53.070345017700454, 61.28988904079488, 45.07937020755254, 72.86305639833395, 31.099040097650267, 64.82361935591229, 54.16760759469738, 68.01478307016916, 63.91918503038974, 89.28744805588686, 103.07554904038886, 78.92290711951843, 83.20128154494851, 18.988904263930557, 44.17911448486137, 79.65507707067711, 63.16087397281423, 43.68646157355493, 20.544074714230995, 36.30791412960049, 27.35419958770953, 83.89656318133157, 41.7186111620144, 88.79160280259377, 45.54471567013519, 66.86193058052083, 48.422133928333885, 80.74719378663218, 28.466837631228916, 44.25382597561859, 27.820822234223865, 76.89301318525736, 65.8465626365378, 39.99513321637171, 70.42594109420831, 39.320122171418134, 62.571515834695084, 62.685547074554975, 59.42819840604608, 35.55666131303662, 21.92253991856874, 12.09294990870053, 51.01619076403551, 74.94235772527081, 54.93475602173244, 24.577252205949566, 16.849977165739073, 79.27276434567207, 70.31811561403983, 46.75993387194188, 44.02154283008792, 69.42674722119902, 12.736555405455553, 55.92491763138971, 38.26252450633084, 46.19717038658674, 31.429349723741293, 18.157047469570404, 74.98882406638023], [54.88943153682921, 8.990726116980438, 56.153582337659614, 7.5820161439226315, 61.5133927010588, 36.398929178336395, 0.0, 52.53156158296558, 34.17902459993992, 80.02554157134182, 23.178008821811364, 84.07704844575858, 38.369799748451385, 71.30115558335096, 57.7047459362418, 86.95849446686177, 75.60957451342847, 59.5941609514421, 31.190033538857293, 29.006187196754475, 21.02382090356199, 69.37699979247414, 82.98694790550155, 25.825672581025447, 50.865896326784785, 78.6232905347456, 29.336923449598068, 14.499039197420977, 30.40642195857179, 16.190745841645345, 55.39879367452485, 43.11300839829207, 72.85281744143754, 33.96990633528996, 73.97337479112275, 32.00913228167481, 36.4544971271619, 46.86290389384103, 30.86278452702851, 72.79834479000631, 11.647019055677985, 64.09218593380776, 63.87008136438354, 58.18643446689098, 81.40292163081433, 76.0701466392413, 27.520361221645945, 72.12098736642231, 92.1995957158562, 72.89311933667292, 73.52872967191792, 22.466275365341254, 66.69463657932145, 58.470086552314456, 80.99170677248864, 65.58287829396895, 55.63873429116541, 68.17901846421209, 57.74771582066154, 75.69966221550678, 9.95932304865583, 87.16921949530246, 76.14966174369795, 72.07559755639092, 68.94057226794915, 70.01860249154512, 49.68275280358429, 17.761322603942517, 18.510839134421822, 93.75379894479755, 65.24496512973975, 51.20814831517754, 72.43363777860152, 71.6837919602577, 75.6012243911158, 84.0636161862904, 67.57860220827928, 11.603174481470928, 53.54081682125365, 26.671202046647544, 59.76609810658237, 77.79235682716126, 59.85044851278013, 49.093760855062015, 26.28060475239034, 91.44318341033869, 52.44033324252527, 26.996134202995727, 10.868342628439947, 47.932610167032074, 40.2943994566473, 68.23645399303479, 60.1197240529504, 21.657914363838188, 23.52386248001176, 27.563947077192207, 48.03303875384474], [80.26166660622839, 43.58845290201887, 45.866753481015955, 50.50126895305137, 88.8256350044744, 23.843131755298014, 52.53156158296558, 0.0, 86.70770559892748, 92.51726527665663, 69.76278954113927, 121.31231905678878, 51.93864142167734, 94.6892999327725, 37.93742700308158, 123.91902771287083, 59.4699302550857, 101.63307722344474, 79.13104430123205, 23.887956805743375, 70.68126588911711, 98.27682420461187, 112.72163574188771, 78.28278364003938, 6.539228873601036, 101.32611487655231, 75.2690557023756, 44.179999799759415, 64.30836222012843, 65.66723996818939, 42.34993645664642, 75.73212814582558, 78.59654302207802, 51.01337881982268, 49.4263596013952, 41.671668147755966, 70.87453429592395, 90.91277893047979, 75.26940467083332, 82.3608600341477, 63.317984276695185, 96.70006382433445, 12.751343044800452, 88.64363775118693, 67.2224207817664, 89.76241520981398, 78.60925608283569, 112.89231987964673, 126.89912891838173, 102.63000115653553, 107.03351816334471, 30.11597303996602, 61.94813504059443, 102.67321196731608, 81.62805389502614, 61.874779613121355, 13.520884795084196, 46.99741186022287, 5.455607654336118, 107.68502786730265, 60.40574635690789, 111.9481774683957, 56.18911637394835, 89.31524567340708, 66.80781005285267, 104.59029708298372, 49.30541237023564, 64.87273480074259, 49.89175623079597, 95.0077661192594, 89.24626946859671, 62.535849761294934, 93.36835720638689, 48.630177201643825, 83.0653193695089, 79.26479437325901, 81.51819891736386, 55.69239606944675, 37.13318667995572, 26.658295458588096, 73.38859545751458, 97.62749205130679, 77.86947652325426, 44.64761619662218, 26.282983958162646, 99.26964355331698, 93.66800548066416, 69.12041075603548, 56.426409895413784, 92.23179574756942, 12.86442934458589, 77.05609421811795, 57.208449846119414, 67.48323328784755, 54.4220260331642, 41.748442423383, 96.64660237106271], [60.6905277979829, 43.148610259736714, 82.16138379620459, 37.51429922840225, 63.30500802339812, 69.02215348045173, 34.17902459993992, 86.70770559892748, 0.0, 88.73754286997146, 25.76481257309036, 70.55016946320114, 59.983750389139345, 73.7655048048239, 86.4926254321066, 73.29404268915017, 100.15492206273147, 45.31552480363209, 21.747622011158715, 63.122257127234974, 20.711483249271797, 67.44476733535836, 77.30402846439841, 8.653530228821856, 84.84727424208427, 79.99283035000516, 25.94859972717916, 45.03699429035551, 42.00887792507566, 24.05825605754151, 82.56341594682452, 47.46155648630647, 87.31879621813216, 56.0277180367573, 101.7338918335238, 59.12625412003716, 42.99719574832511, 34.23201576440775, 28.667867206427918, 84.94685012705848, 23.951742097840064, 59.93693394118577, 97.89562500951882, 58.10454651701925, 104.32944349915824, 84.77252643320973, 14.343731161693313, 56.514282542786056, 80.17038190061193, 69.30075560227506, 66.01847441508413, 56.63738873138541, 87.9895653709839, 41.24785497342928, 96.78862927967492, 86.63702561224306, 89.09952793321467, 95.63173574910373, 91.90431581821926, 69.27155090346879, 27.31210131652188, 85.17986841466326, 102.06178467396852, 79.15879489527781, 88.50582738606258, 62.18936455409075, 73.5410091038606, 27.022677171442375, 43.46989158631408, 107.2189021782197, 68.80726484815445, 68.49338402556967, 76.61447683644823, 99.25199094150572, 88.45364529722187, 102.23609011717302, 78.11235612909371, 33.98308804865499, 82.20630145641768, 60.580481359766566, 72.71881264644912, 81.62822845417018, 69.73486529388416, 74.83761403262099, 60.45716020570686, 101.24686310215894, 41.79171244872838, 32.10679057980931, 33.151647617653595, 34.377225538666806, 74.37543841183336, 81.91390308421846, 82.09938127481836, 27.477101332032504, 43.85758696636773, 55.3063386590268, 25.80558027578838], [28.055077655629617, 80.72383285070407, 47.904417868816736, 87.02249267551227, 27.038345411853765, 71.12375678225473, 80.02554157134182, 92.51726527665663, 88.73754286997146, 0.0, 65.45893982452533, 53.185310341941715, 45.211088905442665, 18.896178265699042, 57.569985586191166, 54.15860546257191, 46.123904316043344, 55.674581904249415, 66.993741565527, 86.05143597265213, 71.31023339187601, 28.869879680862418, 34.93780534511687, 83.57625048697294, 86.13521869985962, 18.502947391454622, 63.12636641393301, 69.14413842336513, 50.72252889176036, 71.57914282123038, 51.554673807949, 41.41543640260102, 15.320818253429342, 48.69131651715896, 57.9894734077565, 56.133964008918376, 46.81676474112927, 58.510808895245404, 60.31566267521747, 10.271995681381519, 76.76047101159277, 35.68738067802543, 93.4182446138569, 32.563524124802804, 42.57124766207654, 4.0426919127947345, 95.73974992157669, 56.57274733803887, 51.84756715857814, 31.09624876177015, 39.37787188422122, 82.66212654930798, 33.89228978491493, 61.07725636368151, 19.740198691191836, 33.245132293236615, 82.05445265248473, 54.7404028839119, 93.84791674294183, 36.739008434331794, 74.48104262050904, 26.889133233775564, 51.41483228812344, 9.77602819955351, 28.987257693567773, 40.720071986079134, 43.24020884610921, 67.75858873856298, 62.25151845339086, 21.220457974086063, 21.20066980695971, 31.656265617548357, 14.701675322355921, 56.335974254627494, 10.868925495189137, 28.116473310501227, 12.573183628204179, 68.81967106479901, 56.583768021126005, 77.97221268175055, 20.987375095331263, 12.816407942550756, 20.265976448672628, 47.87187041326382, 83.30129361084266, 12.529683726257224, 52.6055677727968, 58.61234788499599, 90.70369721070276, 59.19923499093947, 83.73603770344535, 15.474165897355869, 36.30400147990397, 64.8679956273986, 56.58473417477542, 59.11204117022482, 71.42552192855871], [37.78611963634249, 30.255806141039173, 57.048648015666515, 30.39294396726576, 42.49956063181444, 48.52841173278967, 23.178008821811364, 69.76278954113927, 25.76481257309036, 65.45893982452533, 0.0, 61.10743220089559, 34.47611793306589, 52.950309644888925, 62.273325717358276, 63.99637663907898, 74.57252318165224, 36.41643801940677, 9.371812512079032, 48.47311437876012, 5.858338040092568, 49.005512363112025, 61.64463320017983, 18.731592925927973, 66.43332289250293, 59.9319701310281, 6.192931908298165, 25.58896824244678, 16.33175218016932, 7.646647730250249, 57.78772839669023, 24.447488686396614, 62.29561477235312, 30.73496929234078, 76.85694007117047, 35.27834942774107, 18.643157595807637, 23.715307096497483, 7.820029440679298, 60.46779100706396, 13.607808330955262, 42.75007529943252, 79.2982979366214, 38.16379783954033, 78.59030278811184, 61.420973379618005, 30.28936052498849, 48.948172182713556, 69.50436282269149, 52.00757405668092, 51.48206895140482, 41.869038716259546, 62.22654974559165, 35.444568972847186, 71.59592291626382, 60.87263110088037, 69.06701320000853, 70.73063974818157, 74.4168703361438, 53.988065303077704, 13.426692878388225, 67.20622662244335, 76.69326837337574, 56.31786039422384, 62.781766060019194, 47.815351233664444, 48.11272868845098, 5.503212018201863, 20.77938801342965, 82.66440749546298, 47.27204903652196, 42.80906037929808, 55.0096895023659, 74.34171942663767, 63.83749057444038, 76.70339471783234, 53.984480601781065, 14.411345755400168, 58.03611086134199, 43.25465826006081, 47.79760063093339, 60.3180702962743, 45.603632653309475, 49.80362348891387, 45.22598953963797, 77.76611849203987, 29.354251240556906, 6.869866770658027, 30.64671645633429, 24.819701570473516, 56.90050943501666, 56.990956337742766, 56.373160400073424, 2.3318313881907327, 19.115458676513146, 32.10863957052302, 26.898138660933046], [43.04566682630802, 90.00337468884841, 87.11894727969255, 91.45105720161173, 35.12401194964767, 97.48138888231068, 84.07704844575858, 121.31231905678878, 70.55016946320114, 53.185310341941715, 61.10743220089559, 0.0, 70.21580772506182, 35.8435690951022, 96.60008464294759, 2.891172461854507, 94.16580878779199, 25.698678275281193, 54.99223863922289, 105.00038904355834, 64.8418463824538, 26.91077895570106, 19.021433339371296, 70.76800118597258, 116.12126885202429, 34.74243951525064, 55.17390654360636, 81.66955214028582, 58.117479679170394, 68.6346097273485, 90.11009679815663, 45.676848112775666, 64.51461522526223, 70.42017621782821, 103.70393913175607, 79.69097668182185, 51.171847092733145, 38.395650074066126, 53.302331869965776, 58.69567420478677, 74.45031514695742, 25.163152201958134, 127.12823032167198, 33.384705341492854, 92.90347413231116, 51.51837055956821, 83.49435904727858, 14.134189634143997, 9.827793609493158, 23.133628293484623, 15.60855936490902, 99.10315572350135, 79.44853484784035, 29.302872512763894, 72.13892850293459, 78.23336330947446, 115.3510044073474, 98.75953528084864, 124.66073269405013, 16.965664408549234, 74.52408575201116, 29.693656762508127, 98.90916816873539, 46.354489645699694, 75.91840688276665, 17.00282333834296, 78.35256118483342, 66.36529050912061, 74.12197610509816, 73.48410930497722, 37.887459892415386, 63.993812791055085, 39.808976626651344, 101.47413220585518, 61.65387342094318, 80.5540757061646, 53.08183837279748, 73.60980312849559, 93.70440249261848, 97.8844173428578, 56.595537153252245, 40.3689503916013, 50.226509597933465, 82.91406742516598, 101.64680089631734, 62.10585208409958, 31.794776855729783, 57.340818919498794, 91.5548468379801, 37.68490763107509, 109.27862156630198, 60.68265193425628, 78.06563426737404, 62.43734960302957, 68.35206568171691, 79.70596071161468, 44.870731081771304], [28.32511963472156, 36.761223267494636, 22.88148276305081, 44.301374574156355, 36.89096530718305, 28.35124171495925, 38.369799748451385, 51.93864142167734, 59.983750389139345, 45.211088905442665, 34.47611793306589, 70.21580772506182, 0.0, 43.19049173174341, 29.698154327439077, 72.69130843965793, 40.17255899102568, 53.82766188903582, 41.72411413005842, 41.10458372922773, 39.279522775697764, 46.34283761245531, 60.786522708155225, 52.1580885541113, 46.30774206033222, 50.15208889429957, 36.658992212524836, 25.179930547359803, 19.65060972651426, 36.66785400827099, 24.214660899163924, 26.00902395451364, 35.277806906966006, 4.42978749433802, 42.80630771831399, 11.211761199453909, 23.499456069783665, 46.108689295343815, 34.92300046591184, 36.37901863118341, 39.692108331147935, 45.1968785834109, 56.91959266765919, 37.01409563985492, 44.67279385002697, 41.650773994793695, 61.08425512422117, 63.51572839440401, 75.18492566426907, 50.702182857634206, 55.42768237321932, 37.45295684346184, 28.878794038629803, 56.42043372098048, 42.81549384441809, 27.651823876015936, 45.1354450702325, 36.7043442057787, 54.79325395410348, 55.86301822445724, 36.43754698051659, 60.54784744269127, 42.22520022596004, 39.479561015899954, 30.654751608934138, 53.26460873216023, 13.647766641211359, 33.18872205706737, 19.94569611917909, 55.94114317805629, 37.51276510174811, 13.787190595119112, 42.413413571068325, 40.270010042898946, 38.618998673024606, 45.711530608649454, 32.804805543519656, 29.208380293848112, 25.826539524614226, 33.01816847639124, 24.257537873293266, 47.16917869803164, 27.09074509272416, 15.954092424330629, 38.22240215548063, 55.22065375274786, 46.16901097080576, 29.206252061207003, 49.178324459761804, 47.439452461316506, 40.951993042101186, 31.29235804141058, 22.534275350965558, 32.56371431101276, 16.600033991792746, 13.905897598638509, 56.16770787055378], [16.54953110866606, 73.99095269418348, 54.460362966438936, 78.75853686576585, 10.54996887994382, 71.45196861961756, 71.30115558335096, 94.6892999327725, 73.7655048048239, 18.896178265699042, 52.950309644888925, 35.8435690951022, 43.19049173174341, 0.0, 64.33798505847771, 37.29153088511383, 58.794569233177725, 37.07174419069922, 52.404960773907725, 83.51876115808197, 58.584410685344956, 10.008169394682293, 19.798404738518002, 69.74270320083541, 88.73799722848985, 7.366380358949231, 49.335767431679265, 63.08955500403352, 40.89671159955715, 59.968740330560514, 57.832338806694246, 28.714569075593655, 28.67175505775837, 45.27630921172745, 69.09458931922086, 54.26693599415159, 35.189188623910084, 41.40963431693149, 46.53882414109903, 22.865090061824173, 65.67555515798945, 16.94328391528265, 98.05842997256504, 15.67862184607605, 57.12242703397153, 16.27251853775896, 82.53921742121135, 37.76729677911547, 36.625611456604204, 12.812647204404279, 21.008745845752603, 78.92450043329504, 44.42071320734762, 42.57126725820697, 36.53986313706497, 43.315617435164555, 86.24467843301001, 64.63334844574024, 97.03590651176378, 18.89562151539827, 64.04472755553529, 17.35808018251343, 63.72314911624965, 10.5872846748619, 40.49716832695365, 21.941297576379526, 46.97599223743942, 56.38648077149747, 55.44703255292259, 40.1149382975344, 6.107882441956923, 32.5665961406158, 4.235959829928426, 67.01866004418356, 25.930529917821907, 44.885302169917274, 17.47030838889903, 59.70091252367678, 62.16871507557878, 75.55631988105011, 22.75466403443624, 7.9756229564757986, 17.09676954436222, 51.83172650530744, 80.40619331257585, 30.38547067940059, 34.8354849204425, 46.47714503207794, 81.33809637978112, 41.90593659191694, 84.11828768166046, 25.033245874143876, 44.09760653888568, 52.92626853994601, 49.2507870154413, 55.99735175641571, 54.04079024425316], [53.56989149028846, 51.77477401740283, 9.919403607120719, 60.75926906631289, 61.588755981327765, 25.14365808014363, 57.7047459362418, 37.93742700308158, 86.4926254321066, 57.569985586191166, 62.273325717358276, 96.60008464294759, 29.698154327439077, 64.33798505847771, 0.0, 98.79368774045238, 22.359299942998575, 82.9617248002874, 70.46512044888463, 42.96328220490106, 66.14877427403145, 70.55266325702759, 83.90687904086712, 78.07675628703882, 31.43646227447431, 69.87100952759931, 65.48628468105584, 43.40116431195025, 49.048630769043776, 62.435281045619746, 6.533274320772538, 55.09853611099983, 42.63191291618843, 32.24149076119627, 16.418802975421293, 27.36668741114622, 53.183480701895824, 75.79582432259821, 64.06303477110521, 47.321248255813295, 63.61681809698172, 71.54530418822661, 36.17051092260118, 63.42049124955191, 29.98174911004452, 55.516907241035085, 84.41065743481438, 91.76090292730984, 99.9916889937348, 74.86119619559618, 81.13041304222628, 43.965342549165385, 24.66760845031821, 85.89191464512507, 44.20239275425755, 24.87445681870644, 25.51130698248526, 11.171407131918173, 37.825884926371444, 80.72742620490251, 60.09344535072714, 80.56071336928987, 20.443321198526377, 56.62818494070182, 29.714831209162643, 79.69590982943248, 18.313573453212655, 59.627836063595176, 43.071295612909175, 57.29839096635389, 60.00782714701437, 32.63725286778613, 61.933095669833634, 14.329262940163504, 47.23446440198718, 41.341560544940236, 48.390673777325055, 52.84480961844214, 4.288248722596112, 37.08431796214274, 41.591682723974166, 65.19157676069506, 47.43545264786319, 14.125131497495733, 41.99361010246147, 62.54609106545406, 75.50970403465763, 58.00277582967315, 66.94254552124424, 77.1229053147863, 33.80432558436485, 42.38304349866878, 21.283807310585132, 60.09951360331063, 43.16320482787454, 31.319391916837322, 85.71184114941474], [45.29673415455308, 92.85822870941907, 89.25436645914776, 94.33661092433168, 37.22902974942184, 100.08093612338835, 86.95849446686177, 123.91902771287083, 73.29404268915017, 54.15860546257191, 63.99637663907898, 2.891172461854507, 72.69130843965793, 37.29153088511383, 98.79368774045238, 0.0, 95.87013702758364, 28.550167407692815, 57.87408912418754, 107.76775453922286, 67.7316419540885, 28.721153432694948, 19.48791846131969, 73.60128753512744, 118.68541092272915, 35.65856473689466, 58.064951547706336, 84.4695298885563, 60.876875174272236, 71.52526074529872, 92.28995872206869, 48.3517783928607, 65.93505092910704, 72.98320919468544, 105.5975146876827, 82.27491259524565, 53.92112249896367, 41.27315766632528, 56.190260540742834, 60.068391944842574, 77.34148717083863, 27.537477361530712, 129.61089784830273, 35.762454082600655, 94.41342163485518, 52.680874727287865, 86.30106521825081, 16.802859676189744, 7.509889530824967, 24.759022720652887, 17.66725712116179, 101.89498203681224, 81.228459490955, 32.05028246169378, 73.33140483385225, 80.03499566997745, 117.81794120690962, 100.73035436558179, 127.22234610171644, 18.579707027553933, 77.41206960598092, 29.797069325358517, 100.67039342743944, 47.70548311474109, 77.59193228650912, 19.42675472708672, 80.5830682538094, 69.2504863006778, 76.90357808984804, 74.16560116245977, 39.6958453598223, 66.16281607224438, 41.150336389710134, 103.39365829977075, 62.93181199180752, 81.76601017546831, 54.66070265323977, 76.47092419716952, 95.95922388339216, 100.61875671524172, 58.494746727544914, 41.361811032716616, 52.15348081092272, 85.18141177948164, 104.41625526664322, 62.64462802978659, 34.68591958228376, 60.20609295906514, 94.44596051684049, 40.55302645770318, 111.93278428667554, 62.2587509813363, 80.0249862935662, 65.32152269186108, 71.10683817208108, 82.3572007335236, 47.575488473146315], [53.59512724222369, 71.10283821233949, 19.55903901817164, 79.88570572338823, 59.840435455042886, 46.89754929467203, 75.60957451342847, 59.4699302550857, 100.15492206273147, 46.123904316043344, 74.57252318165224, 94.16580878779199, 40.17255899102568, 58.794569233177725, 22.359299942998575, 95.87013702758364, 0.0, 86.32650210150204, 81.27102566915727, 64.8873755975519, 79.4520787143971, 67.26069124641612, 78.3538142743287, 92.29594066589853, 53.1162180836433, 62.40674164789037, 76.2149854689364, 61.14360575240629, 58.99660558813131, 76.71192715368672, 21.123366750133922, 60.2267602265586, 31.18263669749335, 44.222272994989304, 12.743379948801419, 43.607945968676795, 60.791785639922345, 82.25452882988809, 74.16423778767508, 37.06730312924369, 79.23755841211138, 70.65586274168011, 55.31644970226112, 63.404841841952496, 7.7525368578359615, 45.54072504283308, 100.63822574391602, 92.60611032141064, 95.37230743773071, 71.1113179100321, 78.6729156630702, 65.16840902916718, 14.957244375025933, 90.37081698345857, 28.05068603852763, 16.303666981292597, 46.29998009198393, 12.56022835640397, 58.525500090863716, 77.29326823924916, 75.82796672649489, 72.34166020935464, 5.338914476681883, 48.95290118858329, 18.298894605825293, 78.28402397693007, 26.72166202260475, 73.31960030027501, 58.56924515301323, 38.93499313229393, 56.30361888321572, 34.48320312747026, 55.314090430022596, 11.997035521523788, 35.31377122563721, 22.2047943725822, 41.324903026130954, 68.43256323013318, 24.99351341783232, 58.42495482220705, 38.01579058806532, 56.8846109521831, 44.37437323291712, 26.51991742302363, 63.61112654941447, 47.009858602106014, 79.90708772031235, 68.93353691066757, 85.72619942941976, 83.46357604512357, 56.16361025095386, 33.802935263813104, 18.788388255991407, 72.71307790011683, 56.55323222109136, 48.048115619162864, 93.93715740478827], [33.0702748929174, 66.28676431724135, 74.55415793300736, 66.75439143078849, 29.253938033081276, 78.27872941856515, 59.5941609514421, 101.63307722344474, 45.31552480363209, 55.674581904249415, 36.41643801940677, 25.698678275281193, 53.82766188903582, 37.07174419069922, 82.9617248002874, 28.550167407692815, 86.32650210150204, 0.0, 29.49913556316465, 82.94740080047148, 39.57755522940672, 27.74785815206627, 33.28139462593936, 45.08693895478105, 97.12278687389238, 40.92022155976537, 30.281092325135607, 59.30289348481434, 37.36223681373533, 43.7021552677861, 76.86970088678622, 27.890799535174523, 61.496699901835434, 52.65106256726242, 93.41468755255983, 61.203805450345904, 31.120996807429147, 12.908264229995398, 28.81212568176791, 56.73700701660666, 49.3506497158379, 20.144483229975688, 109.10725196311529, 24.182042952263103, 87.19672582435656, 52.47828965616044, 57.890507796550644, 12.558317603714135, 35.03753059420735, 27.643992740965015, 21.947261750017038, 76.6605341192927, 71.47398136540178, 5.609072493793668, 70.79389680528168, 70.08345484649904, 97.7155834542428, 87.74055887709262, 105.58630804346389, 25.508784371458834, 49.785423410141526, 42.74373068586502, 90.26434204002395, 46.27931990460347, 69.34149249573376, 18.392680822659816, 64.97590997266627, 41.8573531136223, 52.29451051357201, 76.77470509724466, 34.80698088013943, 52.368968011011276, 41.0894564754214, 90.95904882563637, 60.33949676865148, 78.48322707248046, 49.65680192317013, 49.899404095717685, 79.3829381633608, 76.5010148335167, 49.105616760802725, 44.676998358955146, 43.251262270211384, 68.83796402975035, 79.59282024639792, 67.45672731788181, 7.966420606331457, 33.81840551108588, 66.3598782200814, 12.063486600293903, 89.04203893433484, 56.39799210828759, 68.09073786837526, 38.0319230767777, 47.24556766989499, 60.12295731791967, 20.306050840624042], [38.94376544895775, 38.961872079846216, 64.58303116006913, 37.89292217555372, 41.8749378973786, 57.80316818052357, 31.190033538857293, 79.13104430123205, 21.747622011158715, 66.993741565527, 9.371812512079032, 54.99223863922289, 41.72411413005842, 52.404960773907725, 70.46512044888463, 57.87408912418754, 81.27102566915727, 29.49913556316465, 0.0, 57.662261263947876, 10.307165553935082, 46.83696216548034, 58.098463343725065, 17.515349040473755, 75.79344967727617, 58.89852467387689, 5.071291120870004, 34.953258095715555, 22.285533976705214, 15.006393485799313, 65.63250057691684, 25.739994090612214, 65.92745283334914, 38.40057430263131, 84.49916693243114, 43.91749112939769, 21.709458619510368, 16.61822067872687, 7.288614606605157, 63.327404862224654, 20.1688788334514, 39.74591378456186, 88.64017537297464, 36.856071773556046, 84.70602330760615, 63.02566133612094, 30.5881139100379, 41.99640725638183, 63.9314476212335, 49.20457642496874, 47.25454791638293, 51.02122854374799, 68.16442123889004, 27.560275651612418, 75.48539216771621, 66.76887996555394, 78.32600489384589, 78.3829590604439, 83.78825303587695, 50.1590795758532, 21.23564227133554, 64.93452986950396, 83.77830545601185, 57.43467910927836, 68.13829491480003, 43.44433231416929, 55.310777312043285, 14.465516577579194, 29.994825574180492, 85.58328034334131, 47.24738444901837, 48.12213206238077, 55.07477631777149, 81.96645810983945, 66.86899322713617, 81.29855497055351, 56.427328457125405, 23.641223820173238, 66.28463844193736, 52.6013400183922, 51.33102322510279, 60.17686357418813, 48.07198260955531, 57.48573340771824, 54.44705562284562, 79.50030223619103, 23.481733991773503, 12.533283954524636, 36.95724594708478, 17.448758114625726, 66.26968217866437, 60.483875472634686, 62.69923333064431, 11.67368902779701, 27.633862582279722, 41.028271978123804, 17.559307838382896], [67.50759421634984, 20.01648028850771, 46.55200122395056, 26.61702270153114, 75.72828559384489, 17.99706899876527, 29.006187196754475, 23.887956805743375, 63.122257127234974, 86.05143597265213, 48.47311437876012, 105.00038904355834, 41.10458372922773, 83.51876115808197, 42.96328220490106, 107.76775453922286, 64.8873755975519, 82.94740080047148, 57.662261263947876, 0.0, 48.414436834144645, 84.90392836694228, 99.43001514347516, 54.83061117123156, 23.551323225604673, 90.71068737730364, 54.405810872244544, 23.644584484857905, 46.893495939611434, 43.32375751055666, 44.052099967748404, 59.7537090697924, 74.46989007325003, 38.338368798428256, 58.64185375541941, 29.965570771675125, 53.861137499300945, 71.19020991298649, 54.936057594531086, 76.69497611046509, 40.22796688300477, 81.72714822807048, 35.980720226316684, 74.2358