instance_id,num_cities,city_coordinates,distance_matrix,best_route,total_distance
2004,100,"[[96.71703086125581, 6.1272457701478045], [30.97937845705544, 22.337457522934134], [98.03594206630628, 76.44129291912577], [58.71870916972923, 14.49582576163163], [27.81145378555372, 49.65732492566528], [97.74171881037365, 59.21348076278178], [79.72635351379478, 56.0311800423824], [44.79527482420842, 4.324482956516029], [55.70341365819753, 67.94549446161896], [84.11046560963894, 90.33292159032645], [82.40805869499495, 82.2487180788449], [29.36972231874838, 66.95399358363395], [71.80613803401295, 12.447959704919853], [2.8650096069857245, 84.34181424625315], [47.85238011057594, 80.56692802561551], [10.906144630898694, 82.00843600514779], [59.39042146817081, 5.2092191626151525], [33.3270514370412, 77.52570245102726], [1.2847663039505353, 4.634997756970938], [30.376738874499274, 13.040735109540725], [62.53815042708427, 55.903094794646826], [29.864159657768408, 83.55028216985622], [85.08222482528627, 47.67245468382979], [38.84412776250768, 29.933778796466225], [33.24762849010955, 88.0794742356605], [50.73690534580222, 56.01229208037146], [14.56431091007342, 63.13887479103965], [64.89326933599362, 11.95563046701288], [72.65951086041851, 8.353021886908296], [57.595170285405, 22.037444476567092], [69.52069579395709, 80.58301786606138], [9.735868794590974, 26.77486461799231], [76.09973721034163, 15.957049787959242], [85.93038571435372, 64.14555987960868], [66.49377917274808, 26.683581480256425], [97.51296744969943, 74.15769356803284], [17.09341669495882, 3.6074974592529285], [8.073815270854034, 49.86604521750283], [95.92802216803814, 23.372472310189107], [88.30083606361744, 51.5322530316107], [60.53076929985093, 20.76409007112099], [51.669399882579235, 86.44051293987113], [32.824877294680974, 79.59305882289925], [1.5307406124983824, 90.32659632353096], [30.128641338176397, 6.106108728746706], [40.341383661270136, 3.7151005417356053], [82.15109534747572, 4.349009469168353], [72.70884311992641, 31.82929340864915], [96.49356596383927, 48.55116283065689], [75.14121388327688, 70.92507263675283], [94.70532491001926, 46.837339300322654], [92.59457575263558, 34.469611239108445], [13.892776228075121, 99.24869701414113], [34.957170196889955, 36.62235856789906], [5.5514808009123335, 8.077597937795733], [13.934626480807166, 14.010885532500694], [58.53608835137074, 40.231567709867946], [14.204968908963211, 77.93382354571192], [87.08785427518909, 7.428817041004388], [43.19650353997415, 23.011833630918588], [91.73334858424592, 99.35376006390749], [67.90709072881826, 88.7874196769784], [98.7551481488365, 59.65895845242707], [92.33819344401249, 92.40541549662434], [91.46919266536311, 96.40460511209153], [65.89121202879372, 82.58780565762763], [95.6005037214075, 62.892717982864866], [45.72010453967673, 66.53452314347219], [54.69567672648744, 13.42322607624996], [43.08977663521518, 43.17182166717455], [10.617763781440404, 50.60183047556153], [62.1417549876483, 55.888771077139886], [91.46786526694648, 32.23400463765916], [36.48619079701822, 42.29646694846958], [93.488196758625, 58.79726146530692], [72.25476274415543, 65.14275471932109], [66.87952939778663, 14.117507380359417], [42.33351653767061, 6.801094980348532], [8.387577195242857, 29.192050072049902], [42.07903097657203, 93.42571164609149], [30.24254790116856, 1.240337692510718], [70.3726761076288, 4.472464644919716], [53.945316751789164, 34.727836833282474], [57.05555075090372, 4.609717617291132], [7.29160337158441, 98.75490221960182], [88.26377655818175, 83.63836895030218], [55.16588246411436, 62.75910452461996], [93.01559867642787, 0.18419180553934655], [56.349651763679844, 18.65522467473322], [30.717231658264733, 54.03662190444675], [82.26773226980441, 79.32770579773639], [82.45580541290246, 76.61149039476732], [77.17319989506224, 16.869280559105636], [37.773199255333864, 39.25648587954055], [50.26365946263181, 8.638636872501703], [50.73402720062718, 26.166018794418168], [75.37822210245719, 87.46470788102144], [40.33151235212774, 66.14662545415356], [86.3751043100011, 60.08146926167648], [49.91501682859708, 99.39705657485501]]","[[0.0, 67.70679366714718, 70.3264157570646, 38.90893962120534, 81.5036584664832, 53.09612350338039, 52.71703493722913, 51.95304325766567, 74.18633747098973, 85.14412092315177, 77.45466564964674, 90.74994885665299, 25.700272490687748, 122.17086647566732, 89.04504695535238, 114.54895559157032, 37.33789685609085, 95.47789853056973, 95.44393077963802, 66.6995552888774, 60.38071723524916, 102.29190072288543, 43.14363330986525, 62.57814257238928, 103.65583817525211, 67.84312631202975, 99.99697614924763, 32.353081241072054, 24.160263821254688, 42.233332781039856, 79.26728606109461, 89.39824784945887, 22.840705867302084, 59.012511263538464, 36.551441564643824, 68.03510375264804, 79.66347384123786, 98.84686260727952, 17.26326658356749, 46.17842590740067, 39.03437890989607, 92.0842545730071, 97.36237966933946, 127.08249480133838, 66.58839287782723, 56.42722784100069, 14.674079246539495, 35.17084490646637, 42.424505598973475, 68.295492127239, 40.75976786084318, 28.64060607771284, 124.62528570610932, 68.8783877121805, 91.18641012444147, 83.15694950460048, 51.19462028290888, 109.38201396690914, 9.716744799508461, 56.12072836284419, 93.35962755068574, 87.53694648970864, 53.57049733553007, 86.38921685301553, 90.42975956777008, 82.4405745067237, 56.77645170655499, 79.05520636812172, 42.65003554449451, 65.17808680235227, 96.9075460240347, 60.59421674231361, 26.629243286335864, 70.25643497566702, 52.76889162177484, 63.884527531812104, 30.888845465347956, 54.38768889134456, 91.2911692466548, 102.98705343727437, 66.65387277098161, 26.396274887895842, 51.453020679281856, 39.69050133518808, 128.75088279708436, 77.9707106865232, 70.24005523280684, 7.0014634645285705, 42.266719184733866, 81.55539109349469, 74.61293170781799, 71.9125252761434, 22.30140444551255, 67.61598801032993, 46.52120806221052, 50.159635664263064, 84.08999644358647, 82.35079013097608, 54.93645126293991, 104.35365889636579], [67.70679366714718, 0.0, 86.16152115451365, 28.82640555232226, 27.50292532853771, 76.26959538006011, 59.258202085449255, 22.701238846334718, 51.878424706497725, 86.29192057055783, 78.9573827606669, 44.64556285835488, 42.00745725043591, 68.0805257655254, 60.62482511168462, 62.95681368417853, 33.174748142334856, 55.23815661899075, 34.57089921724443, 9.316234330358744, 46.07177111542886, 61.22298272891574, 59.74094129060053, 10.93427540024156, 65.78113498313056, 39.0429808189683, 43.979655451788624, 35.467369899212784, 43.96359718244204, 26.617482647275825, 69.84252602640194, 21.702011070555045, 45.56924814927033, 69.0473071253168, 35.77934392421415, 84.33300260284716, 23.315903114516114, 35.81184113299153, 64.95689013111704, 64.32795338680009, 29.593245612505605, 67.35932526662904, 57.28533622298332, 74.09281521002357, 16.253628435645016, 20.843208029929958, 54.24139445936428, 42.795363878943064, 70.56392216022408, 65.65838903492265, 68.27327777712175, 62.79826185147284, 78.78636135655202, 14.828392528859487, 29.15341445867279, 18.96985427049164, 32.85683246421638, 58.07182389615301, 58.05539268365621, 12.235723453343565, 98.09462647514538, 76.02140095986142, 77.37214866438367, 93.13658202450014, 95.62928408677755, 69.63433473289248, 76.29298120668703, 46.59044553241596, 25.336265034328093, 24.098391509152336, 34.83489817127985, 45.7906579145471, 61.2927294329787, 20.7047588586822, 72.36483724140405, 59.46386142960104, 36.82917889274341, 19.243051021299415, 23.608789110575536, 71.94958068211801, 21.10998305085377, 43.25494041514998, 26.09513022025039, 31.531563926652733, 80.00460325798839, 83.90056023432946, 47.105164498305, 65.87305823363579, 25.636099672165198, 31.700248318116913, 76.67061780920592, 74.80302919209545, 46.51634227187475, 18.232101403041078, 23.654622827573206, 20.12222722243758, 78.82141876580131, 44.79626773758218, 67.03205848628724, 79.352001906572], [70.3264157570646, 86.16152115451365, 0.0, 73.36951481374172, 75.15889631818891, 17.230324402593396, 27.4192221006298, 89.64040901048456, 43.17663202305049, 19.669678230304662, 16.672040236667133, 69.31852986829088, 69.16031604494663, 95.49829643725039, 50.352862436971, 87.30747209303108, 81.04001847207267, 64.71797640921007, 120.48624002894586, 92.72215758445637, 41.01110573322756, 68.5414447245171, 31.550671051008198, 75.27695364747933, 65.82532066313186, 51.52225684068406, 84.52495214986293, 72.50405104265866, 72.66344275427541, 67.78816082175291, 28.814460874859225, 101.3097085179003, 64.33926290091387, 17.25484122121589, 58.9129687559331, 2.3427181746695727, 108.88734625557655, 93.80526663233594, 53.11066792200052, 26.743832130070757, 67.13113213122162, 47.432485019220884, 65.28718554939628, 97.49900285783662, 97.76727278223126, 92.83189714352115, 73.82158009897746, 51.30002379495045, 27.93274566513608, 23.54988884853734, 29.79072138277285, 42.322931495919, 87.17941293007996, 74.59543547309829, 115.00856649419853, 104.74057021838141, 53.58528383083613, 83.84425864767648, 69.8754781959329, 76.56416353434254, 23.76349795928224, 32.56032138719485, 16.797738167422768, 16.950443918442087, 21.015613990759412, 32.727103263642626, 13.765727105216072, 53.245572055340936, 76.48303961231578, 64.23347112654928, 91.15709360229167, 41.361803878735806, 44.692549379544054, 70.38636957449663, 18.22069793742507, 28.14828898340615, 69.67765993669157, 89.1768881421934, 101.33765476700785, 58.477742588076424, 101.24785409787751, 77.10232504057635, 60.695927863825546, 82.69926047254995, 93.44748346080105, 12.13643778531051, 45.0004921035119, 76.42217818146798, 71.25290508000667, 70.94912299865135, 16.0302158280014, 15.581066244626896, 63.11955851815027, 70.81177900372644, 82.94209517574382, 69.02951787658992, 25.196982981745073, 58.61553878326914, 20.090270463129897, 53.31595005953562], [38.90893962120534, 28.82640555232226, 73.36951481374172, 0.0, 46.8144150753268, 59.35034920045304, 46.5457492808337, 17.24291850103124, 53.53465318053596, 79.975036097737, 71.77492388207808, 60.1100856796961, 13.246680703629826, 89.4320851945156, 66.95870116422222, 82.72843446888595, 9.31086781867158, 67.9522011261916, 58.27429726772372, 28.379298247516612, 41.58305015617403, 74.84051695020277, 42.37597980415364, 25.16603623970281, 77.86738260489525, 42.276780481473686, 65.6944221722795, 6.676659747330413, 15.234171825945808, 7.624850979924352, 66.964168592448, 50.49844994108522, 17.442342486136187, 56.61776610177305, 14.456593755401542, 71.1655320056102, 43.025813958954444, 61.77343848600963, 38.25346817942313, 47.40041325231831, 6.5249290700202085, 72.2892161708829, 70.05812073847156, 94.97773166229146, 29.79562602974926, 21.306105442120657, 25.534968236832466, 22.274939923929377, 50.859667603125835, 58.770388495907284, 48.38398506130541, 39.32590040982068, 95.87707468229368, 32.46835672442615, 53.55322418697673, 44.786708176802165, 25.736389878720527, 77.49743631150592, 29.236125021487688, 17.70483712554729, 91.0540247859474, 74.85764678480213, 60.3541630757496, 84.8538384255165, 88.21361745150298, 68.46869739830026, 60.8483849089347, 53.6375777559651, 4.163563392630987, 32.65847934829645, 60.14436402232109, 41.53424086900145, 37.244465560910534, 35.59719825480993, 56.31637836900782, 52.424575908775644, 8.169584542207712, 18.102028046218845, 52.4328318405109, 80.66477407211704, 31.410185044722066, 15.371490281220906, 20.787485350062187, 10.02503018288253, 98.71341943385228, 75.1904401209713, 48.39387001009581, 37.163147018624095, 4.786755927710136, 48.45159752198801, 68.97629417404035, 66.49665804289606, 18.60649122234105, 32.431538277556925, 10.285646660878221, 14.140316530056984, 74.84649042479637, 54.826035017008465, 53.3191061953221, 85.35645255302929], [81.5036584664832, 27.50292532853771, 75.15889631818891, 46.8144150753268, 0.0, 70.58018192683276, 52.304711478433994, 48.40988264882398, 33.35293945835895, 69.45561817732732, 63.584496343863144, 17.366719537238467, 57.620040803981084, 42.723984792905064, 36.83805493998593, 36.50183373053303, 54.523988352128676, 28.40894724112801, 52.25586179972153, 36.706339198425695, 35.28389293840983, 33.95506077382839, 57.30515618478317, 22.599516963696374, 38.80481352896853, 23.789954535027903, 18.900766681168363, 52.881743632093176, 60.97043277612353, 40.619300394836806, 51.9235914855591, 29.16048289205353, 58.88520069142784, 59.89757257706822, 44.99016765090176, 73.88212957600098, 47.28068240583794, 19.73874206471074, 73.01205630046985, 60.5184329257144, 43.650574201079905, 43.842952825476885, 30.352637105330288, 48.421746363774, 43.61281681323476, 47.620238596984294, 70.75054836949039, 48.307497107736424, 68.69101926635703, 51.88856601998649, 66.95328455679932, 66.53960879676578, 51.50760886089277, 14.865113890560577, 47.16333420850069, 38.25225454082825, 32.137953704213245, 31.379878981703953, 72.78006961505677, 30.768197254379626, 80.96755090840149, 56.02521233456258, 71.64524019859606, 77.40219233596316, 78.97857889401553, 50.34366443855421, 69.06903011179645, 24.608120438511662, 45.1184148942206, 16.597858344207584, 17.219612849635467, 34.89126684093405, 65.99780914959857, 11.376875334577486, 66.30967506706351, 47.06385287122134, 52.81470593685795, 45.249825985326005, 28.215500290259754, 46.03515433894457, 48.477983367034035, 62.07357927604626, 30.097647885483884, 53.70757983309504, 53.21312203907744, 69.34835745430682, 30.33020601628096, 81.8484661534461, 42.13738202365642, 5.255643354899706, 62.01465768226112, 60.93055227805721, 59.25907383990289, 14.401868825540594, 46.761461796746275, 32.822032778629065, 60.76179436164576, 20.703837770549875, 59.484148711128086, 54.42984846323935], [53.09612350338039, 76.26959538006011, 17.230324402593396, 59.35034920045304, 70.58018192683276, 0.0, 18.294273001249135, 76.26354313140965, 42.93561648915918, 33.973970348512324, 27.67206697630849, 68.80875992910057, 53.475866613084996, 98.14796530199077, 54.26707865649076, 89.777652718149, 66.23656300570921, 66.96705784172178, 110.82758904732137, 81.66984120787579, 35.35887275034312, 72.10854969587729, 17.130617937293255, 65.77406159329014, 70.65927586251264, 47.113693315421024, 83.26998200606273, 57.55280225539154, 56.70893609219989, 54.715656191090446, 35.39891603003625, 93.79388815050496, 48.368318021776524, 12.799726322065482, 45.10685179579633, 14.945963453509451, 97.96006335875633, 90.15379901282995, 35.886869219942255, 12.17092956581833, 53.507106145208816, 53.51607097458354, 68.04060195414192, 101.1166568162168, 85.9762828320855, 79.8427747663445, 57.03663515925177, 37.10173287569762, 10.735125020884656, 25.454748224686696, 12.7431772104491, 25.273546657748515, 92.91643402790866, 66.72524519717422, 105.42257109619283, 95.22028849089416, 43.559091850453875, 85.60864336035937, 52.869237050591444, 65.46556166377985, 40.587467710447264, 42.008605019273936, 1.1070182455718347, 33.62889557747285, 37.716366667610785, 39.50713665318305, 4.25694592153354, 52.53423657834044, 62.84671163509792, 56.95761239778704, 87.54852403412043, 35.75487545319037, 27.69933880565446, 63.54860398615065, 4.273837660499355, 26.16756043602524, 54.64541655662023, 76.27009284443926, 94.2626592267334, 65.33614282230118, 88.97765669467924, 61.20166128530095, 50.176404732896216, 68.0950454953389, 98.71548710165071, 26.199361677505777, 42.723217206151105, 59.218182734005865, 57.95062856692517, 67.2241158040947, 25.37767342004607, 23.159228992987888, 47.07542098864894, 63.202096344922815, 69.36844350245937, 57.46179437702471, 36.03134494702287, 57.827331780827635, 11.399707418802159, 62.46689673337638], [52.71703493722913, 59.258202085449255, 27.4192221006298, 46.5457492808337, 52.304711478433994, 18.294273001249135, 0.0, 62.40002229124294, 26.815154808169034, 34.58077373470521, 26.35433253513042, 51.5276446285959, 44.29703046740249, 81.9094512018372, 40.22378785750826, 73.55976466819669, 54.739582020954714, 51.13618803533917, 93.77979610510381, 65.44893292155848, 17.188680321091905, 56.95207948827055, 9.92741895584991, 48.5018632030724, 56.45675371934031, 28.989454321180933, 65.54854018915515, 46.504563825463315, 48.199035573193584, 40.56307839411523, 26.588497325247932, 75.8590795056235, 40.237895837890754, 10.214361247202715, 32.19289618929968, 25.39555330959548, 81.6769690312331, 71.91727973209936, 36.45662159222538, 9.68308294116417, 40.15268469673799, 41.37535709011427, 52.487242289911435, 85.38576845649784, 70.37361578551364, 65.48395242043864, 51.739019396571436, 25.19874538067574, 18.360012822235092, 15.58369474944848, 17.575445703573745, 25.109607580496228, 78.7515947231488, 48.79530844139624, 88.32586132404059, 78.06571908770422, 26.432084433725322, 69.08529245047893, 49.15670231797214, 49.24131574755178, 44.95568785307686, 34.82335721580286, 19.371520370249176, 38.49861700510897, 42.04649477898275, 29.94437349450304, 17.293621590705968, 35.59136391863783, 49.41631837369825, 38.82784906741682, 69.32153353405863, 17.585175166575233, 26.536176354037224, 45.36908656282837, 14.037077186278031, 11.783270417095174, 43.83830341022405, 61.820915007286075, 76.22046906305933, 53.06290500983222, 73.82874388283109, 52.400309297323574, 33.44389762585379, 56.19726057246013, 84.09583500293385, 28.897136045573763, 25.46530396482401, 57.4063596835634, 44.08437619336731, 49.04969201958151, 23.43473315938051, 20.760517379632525, 39.245037451111195, 45.18249126034439, 55.80415297145401, 41.62310465854385, 31.732836607412768, 40.672788766342265, 7.78528932731367, 52.62428187051936], [51.95304325766567, 22.701238846334718, 89.64040901048456, 17.24291850103124, 48.40988264882398, 76.26354313140965, 62.40002229124294, 0.0, 64.54936558754099, 94.56815395639661, 86.5269202613296, 64.50118814014964, 28.20598528363491, 90.3378129462861, 76.30371106864062, 84.75417220716112, 14.621937755070263, 74.09412043571056, 43.51161650792505, 16.848359876503192, 54.5450532478216, 80.6205027341432, 59.17841661671373, 26.291675198968967, 84.5473045107116, 52.0281902941016, 66.12899414056297, 21.49799515589094, 28.15394778348704, 21.853748640184605, 80.16676735831147, 41.6314975456748, 33.395897597950885, 72.59930159569801, 31.156931456064868, 87.49761379642428, 27.711135162897204, 58.502132310711374, 54.56540799211134, 64.19740971580529, 22.756679645228257, 82.40325221461465, 76.21449291288636, 96.27140501804841, 14.774448490751606, 4.4953857919808575, 37.3558285748875, 39.18777734201679, 68.03464205423418, 73.18821328009012, 65.56184907457451, 56.5110779265472, 99.82770574315455, 33.76301336768441, 39.422851766527444, 32.34510799238606, 38.446439261297584, 79.7126203180182, 42.40635762153628, 18.755616354771867, 105.98936869260103, 87.56793770469537, 77.28888734881289, 100.09285582909713, 103.23373238834564, 81.05668539212628, 77.53327954754931, 62.21691417987004, 13.446378106596425, 38.88475856904974, 57.52995006496213, 54.403825081030135, 54.38080634843292, 38.87045723497582, 73.06356304601478, 66.729945729336, 24.158179307153986, 3.491970930281249, 44.08986664629149, 89.1426213134427, 14.875947462466232, 25.577829364377614, 31.750388883167634, 12.263593462375201, 101.6052629278057, 90.44447553295751, 59.3477421695922, 48.39774419565214, 18.408524782112217, 51.66708873316305, 83.84311840325216, 81.50906089877222, 34.72321959127296, 35.63080652341704, 6.96528208793868, 22.634519379628607, 88.58675784066993, 61.98308219510673, 69.55374714493422, 95.21032513654173], [74.18633747098973, 51.878424706497725, 43.17663202305049, 53.53465318053596, 33.35293945835895, 42.93561648915918, 26.815154808169034, 64.54936558754099, 0.0, 36.1684599342449, 30.293898269878024, 26.35235043696149, 57.78645253339666, 55.323921093493574, 14.864027481684035, 46.95275963307052, 62.844524542582064, 24.340952556806705, 83.48417917698623, 60.4646430164674, 13.846769169703919, 30.18569937433693, 35.69468710359121, 41.58276143693471, 30.160229260680925, 12.925460296983735, 41.41894937801192, 56.739036980840694, 61.95782452522691, 45.947010746800544, 18.724964176654918, 61.70928570732774, 55.84629257193288, 30.464887042482275, 42.6494718703425, 42.268548661885944, 75.03405709261472, 50.945511357824316, 60.03976543493319, 36.496389433985264, 47.427716398227574, 18.929843518972024, 25.672810163418344, 58.613925183948396, 66.91919460842222, 66.04192205508473, 68.8766489467394, 39.91947657067129, 45.166100390992206, 19.664840800063157, 44.34752863022175, 49.81558589643671, 52.230449857888296, 37.57053978814107, 78.09853650042905, 68.21710652473509, 27.858316207530645, 42.68357569952863, 68.17075149117979, 46.64179109290011, 47.797859354987665, 24.151927060311973, 43.84197214638167, 44.04991290563302, 45.70680394651596, 17.837839353483453, 40.215772349367334, 10.082524535877582, 54.53158060802695, 27.79997666678421, 48.306505827588026, 13.668094887158139, 50.54113675335498, 32.04955954247308, 38.87647104485129, 16.786974314279963, 54.97597435466639, 62.58907042718128, 61.160590515825575, 28.894035218765584, 71.39911501334423, 65.14608794794884, 33.26415011759212, 63.35020839106976, 57.38399586665845, 36.14475815241033, 5.21417110989053, 77.3549823119589, 49.2945059753413, 28.596608658115812, 28.900134224584555, 28.120987715771083, 55.40515632747516, 33.83122525057626, 59.55580813660419, 42.073975195967726, 27.714577027811423, 15.476798101337687, 31.663788462299724, 31.97977950548868], [85.14412092315177, 86.29192057055783, 19.669678230304662, 79.975036097737, 69.45561817732732, 33.973970348512324, 34.58077373470521, 94.56815395639661, 36.1684599342449, 0.0, 8.261509288143314, 59.52414006754982, 78.85089577791459, 81.46605113964509, 37.550278219519726, 73.67611329471904, 88.64042699218949, 52.373466727987676, 119.1815028216372, 94.13498541895684, 40.629764403894555, 54.668692200674236, 42.67153328219519, 75.47912156566042, 50.91273146107983, 47.87170494815841, 74.67384960491658, 80.69882524825535, 82.77577133467977, 73.26208487565292, 17.547706571145387, 97.83254702551405, 74.80602967575189, 26.25052423391792, 66.04230566434748, 21.0063099364457, 109.60193445349044, 86.1344314320123, 67.99526756185911, 39.02628710426972, 73.45627540931697, 32.67374466769224, 52.398055508525516, 82.57972523938525, 100.04095839452278, 97.04833567768553, 86.0062339338451, 59.604291001721215, 43.578165856692735, 21.380179548721696, 44.76736224462356, 56.503889851186344, 70.78145910825573, 72.8070809064552, 113.74292225611366, 103.68076767389279, 56.251172723803364, 70.99659218080927, 82.9575517622758, 78.77868478386966, 11.810329022131128, 16.276914132985187, 33.99056841623993, 8.484735488403112, 9.540241331807104, 19.79717206709298, 29.748710053191246, 45.16839151129144, 82.34276573633126, 62.504929964747014, 83.54481924798358, 40.853687115948475, 58.56291899137439, 67.6429783938229, 32.90045138023809, 27.84065727355821, 78.13894372164093, 93.39635715894518, 97.32503275023072, 42.14506907863381, 104.1116759246333, 86.95254411042603, 63.2602691778519, 89.89124605553106, 77.27915212571297, 7.878262935783591, 39.97629648981046, 90.5874984572804, 76.86582478913265, 64.56205389137934, 11.158424655981303, 13.82083841238032, 73.7904615052563, 68.96335648812243, 88.4282898280301, 72.32826594969698, 9.19123095950499, 50.01573421544466, 30.33609988834688, 35.376365844368635], [77.45466564964674, 78.9573827606669, 16.672040236667133, 71.77492388207808, 63.584496343863144, 27.67206697630849, 26.35433253513042, 86.5269202613296, 30.293898269878024, 8.261509288143314, 0.0, 55.19958082217913, 70.601321455599, 79.570583193687, 34.596579891845025, 71.50231779672842, 80.40457708843101, 49.30772911092052, 112.27144851013973, 86.58523632203243, 32.998562405172514, 52.560017076835756, 34.67952068373869, 68.07840296606177, 49.50500596191916, 41.12677964102532, 70.48375858301344, 72.44229436106285, 74.53595173185903, 65.12355103981294, 12.9945634686939, 91.4253553600779, 66.59114208918898, 18.442644181837874, 57.79921018432694, 17.13542955757193, 102.22741334951316, 81.08154689622131, 60.40862296165657, 31.276605476203933, 65.26082494519257, 31.023157314223, 49.65424859828343, 81.27971885503356, 92.36251641120484, 89.0905956420652, 77.9001324237288, 51.34387175549966, 36.52296188325024, 13.454812507642254, 37.48584403957251, 48.85292396744083, 70.59279860808982, 65.82819685728656, 106.80959052710173, 96.66960592561595, 48.32506485475311, 68.33944520694887, 74.96611286431124, 71.0391056867428, 19.48187600898127, 15.907001305887796, 27.88412762829841, 14.20443869253457, 16.80753659900819, 16.520326999817147, 23.424246956743275, 39.911676268601205, 74.19517817060432, 55.434025086591134, 78.45617846129129, 33.250110855320614, 50.82864994985704, 60.86871381607962, 25.937237262394735, 19.8922950189943, 69.87844512706104, 85.43016305926102, 91.07162950907603, 41.84920144895952, 96.35143075843673, 78.70194427231412, 55.392795860837104, 81.67352111746104, 76.90862094227478, 6.018352036711288, 33.49598785358306, 82.74724392340663, 68.725344489037, 58.88857249326605, 2.9243810032199185, 5.637429885258148, 65.58867735404277, 61.97259641710362, 80.32251525701861, 64.4089545803504, 8.75357938983777, 45.0523377754983, 22.519422084809243, 36.74048561063431], [90.74994885665299, 44.64556285835488, 69.31852986829088, 60.1100856796961, 17.366719537238467, 68.80875992910057, 51.5276446285959, 64.50118814014964, 26.35235043696149, 59.52414006754982, 55.19958082217913, 0.0, 69.07790607673543, 31.699149883371955, 22.954751646913806, 23.823096726872773, 68.65609620217734, 11.28811242535308, 68.35511681795863, 53.922662412365554, 34.96093515943593, 16.60365210185364, 58.9547341431174, 38.21335710717873, 21.47845639362916, 24.005777269193228, 15.28905943417478, 65.47321848049123, 72.85656920129409, 53.0487728096135, 42.401072791828156, 44.7196892726876, 69.16923136964681, 56.630344724545644, 54.771358284005125, 68.52295345679514, 64.5250823401637, 27.304095596743707, 79.55725155720056, 60.91556655621462, 55.71820201203317, 29.61418673662722, 13.102826642755995, 36.34951803364061, 60.852617440761456, 64.18360340289134, 81.88563594898775, 55.78551742344674, 69.60082302252844, 45.94343161854394, 68.36242202788567, 71.0817641033327, 35.811781999197116, 30.84197880355123, 63.51172012508594, 55.14721093256123, 39.55711000727715, 18.722350599637217, 82.91338492048385, 46.06618391238483, 70.27778275499954, 44.292519221048906, 69.76786405780388, 67.91762093335034, 68.72905307604785, 39.72700958549357, 66.35518340500776, 16.355762110663616, 59.219481900743396, 27.455993726522255, 24.88029717061117, 34.58967005291704, 71.14532303689018, 25.663938578597953, 64.63521519533496, 42.92327199215356, 64.79722140196667, 61.53398387011601, 43.199708236930384, 29.364577022972288, 65.71945218178772, 74.7340864527857, 40.52758345418005, 68.21520242396304, 38.71357806142822, 61.21174728867985, 26.13501430003059, 92.24426273120226, 55.32348209367226, 12.987465977562803, 54.325944177155826, 53.95738561991753, 69.2361967986291, 28.944262948674947, 61.94543920030875, 46.044461235761815, 50.37332084880437, 10.991482340084785, 57.41816059858185, 38.40132110681555], [25.700272490687748, 42.00745725043591, 69.16031604494663, 13.246680703629826, 57.620040803981084, 53.475866613084996, 44.29703046740249, 28.20598528363491, 57.78645253339666, 78.85089577791459, 70.601321455599, 69.07790607673543, 0.0, 99.60725630998101, 72.20786912609013, 92.45252327337492, 14.371825996794307, 75.6025972190492, 70.95284522194824, 41.43363968321677, 44.432469658444646, 82.55101337973483, 37.643319819174735, 37.312839485103595, 84.8933722292908, 48.391772248893595, 76.46041881101088, 6.930378179764322, 4.182912969956304, 17.14379836960379, 68.17337747871063, 63.702264699479514, 5.545151674918887, 53.59231508675099, 15.19454125669137, 66.85007353820515, 55.42233889905812, 73.90481776051163, 26.48037518310538, 42.42236494980742, 14.010423418261526, 76.68367595262048, 77.64021525209125, 104.89858685571267, 42.15723905375511, 32.65415129659702, 13.138155758649924, 19.402344513162504, 43.73683086059846, 58.572139006209184, 41.31588300567914, 30.283861693553597, 104.34713926644035, 44.070942706592234, 66.39864205728301, 57.89261253903946, 30.789983636767463, 87.21406450537287, 16.084857610702155, 30.49764938822155, 89.16115665663794, 76.43896727922007, 54.361084876094864, 82.55155986437609, 86.22849891689535, 70.38880834278129, 55.774953842972934, 60.048626029745066, 17.138233008433943, 42.05454916964446, 72.10918803076143, 44.5028582491469, 27.89392571623182, 46.24318390306113, 51.1700053176951, 52.69670469526834, 5.201813346815263, 30.008707054524496, 65.59175574021022, 86.26179457587513, 43.04814532478858, 8.10329158715639, 28.555242281067652, 16.70382783139535, 107.75441294416814, 73.06796996165436, 52.99159743299288, 24.499820893876418, 16.656323310696987, 58.462937410819166, 67.69302321062307, 65.04132598485351, 6.953663143695415, 43.32364247808166, 21.876684470915556, 25.143965481949365, 75.1017462613798, 62.24306198334649, 49.811705562493096, 89.66251521191883], [122.17086647566732, 68.0805257655254, 95.49829643725039, 89.4320851945156, 42.723984792905064, 98.14796530199077, 81.9094512018372, 90.3378129462861, 55.323921093493574, 81.46605113964509, 79.570583193687, 31.699149883371955, 99.60725630998101, 0.0, 45.14546788777429, 8.372843393308143, 97.24756958786996, 31.215306701377564, 79.72247966384951, 76.42472854612367, 66.10328660045946, 27.01075020232951, 90.02395463969933, 65.22830110277502, 30.61165843912363, 55.62625484225321, 24.216488030304454, 95.32714517455776, 103.1773665560769, 82.92903580943988, 66.76158364871034, 57.97553273130503, 100.1988090605576, 85.48535195166893, 85.86671137379575, 95.19428679172225, 81.97851837722361, 34.867037536442446, 111.2563929087012, 91.51911138896105, 85.83394929889026, 48.849493819066744, 30.333881221087402, 6.131711854136332, 82.8500527036403, 88.91088558240143, 112.62829221893197, 87.3826408647803, 100.23610773678925, 73.51094245079616, 99.20296949149528, 102.65783785699173, 18.542566988008133, 57.5069841112069, 76.31151824344069, 71.19674115766902, 71.02804275822473, 13.025245555793896, 114.05742721584998, 73.40296945726375, 90.12735539118749, 65.19383194984583, 99.01596860968512, 89.83580739916225, 89.42154202939805, 63.05060457952555, 95.18369397728823, 46.40752932562927, 87.8399920427997, 57.5586672138673, 34.61923890174448, 65.75186847920996, 102.78954155606162, 53.83488696007665, 94.15458685746322, 71.9968174793583, 95.02269212583934, 87.00762141106577, 55.42558291292118, 40.2524119022098, 87.49505705159378, 104.57723481763166, 71.20916045525479, 96.4044707589892, 15.077527558730308, 85.40166410597094, 56.57910091673263, 123.32734540417692, 84.70734912725656, 41.1600650639383, 79.56088014723058, 79.965321758047, 100.37056314503891, 57.019895987798336, 89.31742871701923, 75.33834363611999, 72.58042746545019, 41.65097505619623, 86.96263712697122, 49.4000354364914], [89.04504695535238, 60.62482511168462, 50.352862436971, 66.95870116422222, 36.83805493998593, 54.26707865649076, 40.22378785750826, 76.30371106864062, 14.864027481684035, 37.550278219519726, 34.596579891845025, 22.954751646913806, 72.20786912609013, 45.14546788777429, 0.0, 36.97434598981864, 76.23588842172886, 14.84029063292698, 89.07413030709483, 69.75087645579096, 28.704991193767544, 18.23393750698849, 49.68005348140132, 51.428245266854844, 16.423675607292573, 24.723483416301363, 37.574360814851595, 70.69584187396079, 76.35602121542085, 59.334832981218334, 21.66832165714795, 65.92764610200614, 70.51488884630288, 41.46800986963348, 57.016811502594685, 50.07246969342512, 82.87863285251547, 50.248168383588165, 74.71594959458857, 49.790460341240326, 61.13199636725644, 7.004901118847804, 15.059025934824948, 47.33862493857627, 76.54112963912414, 77.2179930798096, 83.57974022440578, 54.71015245264928, 58.23207176659979, 28.942111602539356, 57.73113191300761, 64.24038204889449, 38.75904008611413, 45.797506739363996, 83.92895244781262, 74.70020618201129, 41.72628564317234, 33.7502817732312, 82.99762473299654, 57.74310415472269, 47.73347307940427, 21.67412976272792, 55.02940110186857, 46.03408925501398, 46.40321489869993, 18.151677701448953, 50.91425153128069, 14.193483923500015, 67.491535914058, 37.69716662327064, 47.79459932212193, 28.516620850849463, 65.102857300211, 39.922655855653886, 50.56229962414061, 28.868345993115486, 69.11988074416787, 73.97199456550122, 64.78309003042263, 14.095384933421471, 81.25770193846067, 79.35698513042774, 46.24225511642855, 76.5127189612907, 44.45198550066609, 40.52794976555571, 19.251127097336962, 92.20141318577095, 62.492100599630135, 31.582755664534215, 34.43765578511089, 34.828760091413265, 70.12204193833844, 42.52225907706322, 71.96869691970781, 54.47717701141069, 28.376950933735934, 16.263719688084205, 43.63088700122911, 18.942761451578637], [114.54895559157032, 62.95681368417853, 87.30747209303108, 82.72843446888595, 36.50183373053303, 89.777652718149, 73.55976466819669, 84.75417220716112, 46.95275963307052, 73.67611329471904, 71.50231779672842, 23.823096726872773, 92.45252327337492, 8.372843393308143, 36.97434598981864, 0.0, 90.8231512779621, 22.864644369133874, 77.96935210231456, 71.66343423967939, 57.856312207519935, 19.020610488484433, 81.73769317947574, 59.09569210072557, 23.151660982048913, 47.563525921504045, 19.22088762099881, 88.44210082131256, 96.11762725747317, 76.00253246759772, 58.631880618977476, 55.24596775976548, 92.8061966391609, 77.12145676544716, 78.42719325692205, 86.96192221645668, 78.64470421123015, 32.26693935205901, 103.28066565614714, 83.17893958570438, 78.82558773914171, 41.00349112781701, 22.05141466026348, 12.53355462710245, 78.29858022745496, 83.64376650271971, 105.38894407149488, 79.608541578435, 91.8944819817534, 65.18423939430221, 90.88073865716932, 94.51422982422777, 17.497044549165118, 51.364850393200825, 74.12449825849208, 68.06495847787916, 63.355491185661975, 5.242586032878994, 106.61037683623384, 67.25523303193451, 82.6673887673935, 57.402634745113204, 90.64737484325852, 82.09309201417335, 81.83919839269653, 54.988119680029726, 86.82479563615156, 38.09794986322406, 81.37231803347856, 50.438762695230075, 31.40792948294065, 57.50934415014723, 94.6978608512222, 47.237477157648605, 85.78201418214346, 63.62471335606391, 87.98976072133729, 81.50965494336857, 52.87640121038766, 33.19793707719733, 83.05047980879044, 97.71435524346994, 63.936104001590735, 90.11286974296124, 17.13210550945609, 77.37480144596626, 48.26449166325304, 115.9188051288143, 77.96628583178308, 34.27683697907449, 71.41192130723098, 71.75291617726218, 92.9216454094919, 50.4932457239064, 83.25948233381544, 68.59034764400363, 64.70254767999549, 33.428270961645325, 78.58979415684509, 42.70897136965033], [37.33789685609085, 33.174748142334856, 81.04001847207267, 9.31086781867158, 54.523988352128676, 66.23656300570921, 54.739582020954714, 14.621937755070263, 62.844524542582064, 88.64042699218949, 80.40457708843101, 68.65609620217734, 14.371825996794307, 97.24756958786996, 76.23588842172886, 90.8231512779621, 0.0, 76.86984462442194, 58.10849242826713, 30.05206182066828, 50.791507402268316, 83.72050101140664, 49.63058664443565, 32.14737989521432, 86.89605745121793, 51.534799496718314, 73.24769749961172, 8.706055372239918, 13.636430209872868, 16.923713954872756, 76.05150878781642, 54.13549357972404, 19.867488410029136, 64.63638262850277, 22.61870747033324, 78.78591647590514, 42.32732126180606, 68.02665789899564, 40.80318651534217, 54.60435457826347, 15.59661508653396, 81.59740965895936, 78.98533876511826, 102.9208946884638, 29.27552198117006, 19.10754384587381, 22.776923325084375, 29.765898410065084, 57.054074459149334, 67.57707347568474, 54.58976819245973, 44.257049226271874, 104.46750268375925, 39.79659652509682, 53.91529587204808, 46.3000931837076, 35.032767273507254, 85.61888346421213, 27.786226783085223, 24.066076950184797, 99.54526365403254, 84.01100675812881, 67.18895605210726, 93.21336992776914, 96.67288130595762, 77.65118109777346, 68.1069459962192, 62.8304899970547, 9.461000886101006, 41.31428579667501, 66.62778174031617, 50.75418030460553, 41.944027353554894, 43.58976635595482, 63.516427462455646, 61.29861304133998, 11.63805553139509, 17.131026660045983, 56.36014817545353, 89.89901994371158, 29.416841326044622, 11.006939819279534, 30.016627967834673, 2.4106064318335356, 107.07512160002155, 83.57512889953152, 57.70473147824785, 33.99858000308323, 13.785548397784526, 56.623909017198066, 77.56881725664756, 75.03530018349836, 21.264624152564817, 40.330145884841855, 9.749804640844541, 22.674227936639895, 83.79483989736809, 63.848332023895615, 61.14848272040859, 94.66325585716025], [95.47789853056973, 55.23815661899075, 64.71797640921007, 67.9522011261916, 28.40894724112801, 66.96705784172178, 51.13618803533917, 74.09412043571056, 24.340952556806705, 52.373466727987676, 49.30772911092052, 11.28811242535308, 75.6025972190492, 31.215306701377564, 14.84029063292698, 22.864644369133874, 76.86984462442194, 0.0, 79.62262786009018, 64.55242332592385, 36.34316257658182, 6.9488977732788895, 59.74792360155281, 47.910638988877906, 10.554070631117646, 27.675437465388725, 23.64363005548225, 72.77266280982833, 79.57324990671968, 60.56309408772435, 36.32254216573937, 55.96598466233267, 74.96800410179672, 54.27834736174426, 60.70381448888532, 64.27421954578635, 75.67979866612566, 37.45373913431453, 82.77350947706468, 60.80934474970896, 62.94380752326698, 20.39400874152829, 2.1274729698811603, 34.27635141006174, 71.49117564158625, 74.14314405771975, 87.96940183682776, 60.32484824284685, 69.49483796424454, 42.33193233275885, 68.6226499589837, 73.25616990362411, 29.147547850323676, 40.93581351326307, 74.79653430903944, 66.40932249223083, 45.014975599679886, 19.12643728033405, 88.3391038328332, 55.400072008510094, 62.35190169993849, 36.36764210528544, 67.82371547209392, 60.85820192288171, 61.1303652230221, 32.95526428235285, 63.969579441002494, 16.564835881335227, 67.57030134711287, 35.714141851740266, 35.22224620855535, 36.03392762366713, 73.70001440719776, 35.3705978969882, 63.008871662332865, 40.849774811327855, 71.73819052238615, 71.2957678652137, 54.388595566985785, 18.149585071386433, 76.34769831764889, 81.90942473970715, 47.50547511628402, 76.67973998365939, 33.59350352051932, 55.27574928272898, 26.362605238277, 97.69560860383959, 63.212129211166996, 23.63362147876283, 48.973844615630775, 49.13725929378352, 74.84441362809659, 38.52662932852369, 70.93854026854923, 54.22932703382026, 43.209776477892085, 13.36210559798698, 55.84261083775361, 27.450259143427648], [95.44393077963802, 34.57089921724443, 120.48624002894586, 58.27429726772372, 52.25586179972153, 110.82758904732137, 93.77979610510381, 43.51161650792505, 83.48417917698623, 119.1815028216372, 112.27144851013973, 68.35511681795863, 70.95284522194824, 79.72247966384951, 89.07413030709483, 77.96935210231456, 58.10849242826713, 79.62262786009018, 0.0, 30.281996111319135, 79.87737377005283, 83.93094684583764, 94.20316742746081, 45.28503014527952, 89.35661818765284, 71.31017057761085, 59.99208225227259, 64.02837903033912, 71.47151785104225, 58.93816037494711, 102.09918624482741, 23.697992276373572, 75.6668271696161, 103.47167675032212, 68.83571314024235, 118.71508719865456, 15.842006945047618, 45.737717916965444, 96.48025100085329, 98.8491221443769, 61.40225150488061, 96.07681101697949, 81.32336392495722, 85.69195159554332, 28.881365869385693, 39.06744898611473, 80.86683474871788, 76.42596721668171, 104.84915396633424, 99.24287821604567, 102.51067457592713, 96.06032200229038, 95.45006024813746, 46.44375130819799, 5.482367062099991, 15.74567350332629, 67.41535187617812, 74.4288216846322, 85.84856045148304, 45.76354242057206, 130.96789671317666, 107.33202796358262, 111.92904711290531, 126.46886108502692, 128.66581361126993, 101.24541021100065, 110.85765778924441, 76.19744436132687, 54.129089306546064, 56.857239520426816, 46.90473912190241, 79.56457975256941, 94.3116987407702, 51.55120316736891, 106.93466882924974, 93.262688398617, 66.27662434142324, 41.10586178310167, 25.563621436779762, 97.71367817823439, 29.15607710213121, 69.08810098746163, 60.65239102576369, 55.770790176525