instance_id,num_cities,city_coordinates,distance_matrix,best_route,total_distance
530,92,"[[32.120858320481226, 82.54943364814565], [21.824751246254447, 28.52870992552995], [40.25210352479019, 87.39253335736481], [20.22044606401232, 93.9753829759382], [55.63885449006478, 38.724377413897], [12.105787739895979, 31.42892244026384], [71.87568304969162, 15.0902566871013], [6.3135982478841886, 32.05479544874754], [80.02832572216636, 65.37553039061741], [69.24819083588764, 9.45022173302158], [9.639042640932505, 20.45010388681203], [69.70613684635978, 75.95578203529723], [76.22592082170388, 44.907361275533034], [30.352714536447532, 63.25164827357705], [49.2540136671827, 89.60461598447414], [37.74059328008351, 8.343629188297296], [62.700010779474404, 78.26329622763917], [3.1133410444580956, 42.2188040518168], [76.34066249322395, 89.47103826344585], [57.816056407581186, 70.31378417407788], [41.36876407471426, 24.579909286800895], [24.91460144895822, 33.95978377488322], [65.68371780473169, 73.92864304244814], [82.08342520429316, 65.09888327532606], [85.06480141890097, 58.46308101952087], [78.94239298511825, 23.980898563150312], [10.28379044627049, 67.78119769886256], [79.21172722057813, 20.740370615032553], [18.069306787863404, 46.43968138425895], [63.74343619109101, 65.63045345148639], [36.477910043174774, 75.29001037395312], [91.53794498434435, 47.18074535902721], [63.5514098791154, 39.88199164184617], [53.07825585127516, 49.465589710066695], [28.530351113366603, 18.701270544441773], [36.875503075906124, 68.84024591570002], [70.77344407369743, 9.773372969065663], [91.93220551768218, 59.28227560471241], [51.44006900401761, 93.21889686526396], [49.4669037650768, 97.73015709809921], [67.99318100138797, 65.51031882362187], [62.0639226476021, 8.315552013965489], [23.468773652158525, 53.089718746483605], [40.40756171413912, 44.55367568054236], [80.96490847610994, 2.289589756388033], [9.736416971573647, 54.14498204798106], [67.72860232116955, 60.9106486611193], [78.31248565128772, 25.72869163956224], [73.68283528431331, 96.80842510661056], [67.38019080956688, 77.64014147024295], [4.7818202243384516, 9.5261363768543], [59.12518996100795, 83.08321426192752], [97.48282906951134, 10.167777628552411], [80.43683344913805, 77.68231662287052], [1.9220164926118777, 19.635903270043308], [11.456373559967648, 78.42688862347825], [3.860481254328907, 27.47324819935597], [54.64880124333612, 34.04653932446311], [35.73470176473349, 92.26249583410163], [79.56970732305946, 12.729438753080323], [14.634201227420773, 7.472722265409537], [74.60469632495682, 40.405605248994036], [29.03420282267325, 32.305845694281345], [84.94088383320242, 78.31807078658683], [27.7300746345554, 39.17668107153948], [89.6717297087096, 48.7997475183985], [88.93855058444143, 27.82982597508531], [0.948436954944265, 82.54800874294997], [0.12458944298541219, 88.22624705780436], [32.30776939968651, 60.19927293768499], [83.66428217486188, 0.4851361366477902], [74.6038731610782, 77.83373700216384], [95.23841468268235, 53.06086372550324], [8.951681149467483, 44.49339941291394], [11.30884895173262, 75.68139901555159], [1.497879291099402, 24.514619385010516], [77.28368054135123, 40.405719262981556], [96.11683960139756, 87.8066252142623], [94.2710046393882, 70.89146083200595], [32.753527687539616, 65.8046908880802], [7.166801381756105, 26.220921183418653], [10.082459760027607, 91.8814126561002], [1.9623569757995618, 17.74047137875927], [36.25062209661289, 68.26972790426983], [4.889474165864682, 12.24596369453903], [68.39244258373014, 67.05391174010181], [88.66137100876699, 58.99736264067563], [48.64373500023685, 78.5758430149308], [96.49953749711474, 59.543099975034906], [42.7240939565059, 25.373434019976393], [93.7193868867785, 55.15557090597463], [96.01129696148168, 85.0974842760262]]","[[0.0, 54.993166960988134, 9.464288846291426, 16.497640131703637, 49.7366233048405, 54.89908666363202, 78.3018942651564, 56.70734660820215, 50.89271446820716, 81.98739904596175, 66.04361281044564, 38.15926366505893, 57.98432676803071, 19.378618444149495, 18.528912810336355, 74.41829638300936, 30.878075378783155, 49.67892653988265, 44.758236018930184, 28.459696463377124, 58.70255118408159, 49.12111778964933, 34.652324127348564, 52.922394106216466, 58.165397735760116, 74.98352759342639, 26.362062256139676, 77.70399093223888, 38.74739099646691, 35.864178815047865, 8.466588804714386, 69.14719299374231, 52.994246656037014, 39.16316178480603, 63.9490396622304, 14.510288592365322, 82.40374623386285, 64.17754978933223, 22.069647635979756, 23.050805995234633, 39.71341043685876, 80.0453389259835, 30.703963444399708, 38.88890685873222, 93.95415784910679, 36.164569473571454, 41.667114713324125, 73.22747543015603, 43.93992224110876, 35.599461755255625, 77.97323225565125, 27.009606607560983, 97.5258496417016, 48.56050124093354, 69.78597532728963, 21.071694471444573, 61.90343379418124, 53.47933217711048, 10.363563164655917, 84.41697079862803, 77.08628781006995, 59.84127976345144, 50.338311181840886, 52.98923972686056, 43.594433675047206, 66.71689524701259, 78.8827333330668, 31.172421398103484, 32.495960249992436, 22.350942251613223, 96.90858304963483, 42.74393927568336, 69.66635972417538, 44.554152584186276, 21.915967550610016, 65.61864453941847, 61.77194487088938, 64.21155412595338, 63.23408114018419, 16.756690622816258, 61.608491899981125, 23.93275670110546, 71.48242297090883, 14.864889672591904, 75.39314405497339, 39.44285770793786, 61.249731622229284, 16.993965878946128, 68.36596903142977, 58.15086877625712, 67.41514991060872, 63.941228575479265], [54.993166960988134, 0.0, 61.680767026776564, 65.46633339728751, 35.317774756012156, 10.142459478279752, 51.82362202542149, 15.90688990519188, 68.88645919307663, 51.117231284795444, 14.620375157383165, 67.39402240474328, 56.81326844339941, 35.75484030730889, 66.9524513208973, 25.705087278871485, 64.37636147337032, 23.184812893928694, 81.76767064270452, 55.14858545033053, 19.938943400376775, 6.24849881429752, 63.124978214635995, 70.48748375431876, 69.96692446171697, 57.29840823266372, 40.91395327492067, 57.91306623459892, 18.30044430267923, 55.97959914263693, 49.00341092572501, 72.16528117437701, 43.24362434386541, 37.61827328849896, 11.897211201234402, 43.02958359692248, 52.418862958537005, 76.5561032603157, 71.14694183301917, 74.51797693611744, 59.15372602589062, 45.030685846707634, 24.61596969396245, 24.53814117521221, 64.6996879777847, 28.325275338253793, 56.17609366788907, 56.55708833219168, 85.74019119005897, 66.9867955807534, 25.525659624985483, 66.08718992136906, 77.85414937383999, 76.49479218557579, 21.799102295409305, 50.964021556563516, 17.99524925635137, 33.284601537147005, 65.23405697690575, 59.86732766620486, 22.249912941773324, 54.09975272619425, 8.138977002566648, 80.39046366134318, 12.175883288150626, 70.81050382235918, 67.11743812439965, 57.91290998659347, 63.51923300817901, 33.36042912062237, 67.9011753677554, 72.22618226881045, 77.40408612743033, 20.508223817419676, 48.31107833083603, 20.71942678620131, 56.71645430878465, 95.04307251528918, 83.92295451821435, 38.845037150503515, 14.838510137758528, 64.43171852911823, 22.603114765381957, 42.27829537455061, 23.493221035277895, 60.43791071302763, 73.45388035737007, 56.78004420625765, 80.85923627981225, 21.13618441821293, 76.66699654711691, 93.29346063189456], [9.464288846291426, 61.680767026776564, 0.0, 21.085568755115183, 51.04254605919535, 62.64296320532458, 78.91558777371613, 64.91600247453161, 45.4631309077235, 83.16115091013963, 73.61011044753779, 31.5965086633151, 55.669609103482884, 26.091765654534893, 9.2697192924526, 79.08879145643638, 24.23327280178361, 58.48036848329062, 36.14836470800198, 24.498492086953558, 62.82254908401713, 55.59044610245844, 28.775742341351176, 47.401121373174725, 53.33939543261083, 74.2830662116125, 35.81486109260536, 77.20338772843938, 46.57480602002472, 32.022348949892, 12.677365617535706, 65.17074058377557, 52.91605853325374, 40.03702333999773, 69.68420959176318, 18.857062335092312, 83.4043541326643, 58.83043033087785, 12.61416201301391, 13.848429805338279, 35.332685893706845, 82.03002152767357, 38.18852251452072, 42.83913974747492, 94.34004185156608, 45.12878010631648, 38.160820263362766, 72.46393629256708, 34.73143883300405, 28.827803718813943, 85.56469351397668, 19.358812533191365, 96.11981504221666, 41.34127269598302, 77.8470069603481, 30.159191794563178, 70.10471385950243, 55.254501939277034, 6.642548696591394, 84.38276876428037, 83.92528297891751, 58.20542968791884, 56.217296749778605, 45.60079995353133, 49.81535525494527, 62.70328995332424, 76.92909877282636, 39.60110635542012, 40.1361740194521, 28.329946292639036, 97.14686277397347, 35.65690206544593, 64.82405382621347, 53.10416305768823, 31.222790600021888, 73.8615052748722, 59.82556639993996, 55.86627076309054, 56.482980375648296, 22.853086926401133, 69.54569256147741, 30.501761297526627, 79.48279328670733, 19.536978835453734, 83.05132441609025, 34.720861332091104, 56.12257031146325, 12.171832541325742, 62.76435905980273, 62.06834474444559, 62.433741984631126, 55.80640557316097], [16.497640131703637, 65.46633339728751, 21.085568755115183, 0.0, 65.62878386082872, 63.07065407348985, 94.29277097239448, 63.46305678025151, 66.29429867723404, 97.71500724329503, 74.28278914752636, 52.66440553415615, 74.45994867326904, 32.351363780505075, 29.360716133322367, 87.4056795364006, 45.292196771642736, 54.51051737122723, 56.30069105571007, 44.42185469974954, 72.54642047145764, 60.19889735069645, 49.686827825204105, 68.27064100380393, 73.931820021117, 91.36462607824316, 28.015575439304595, 94.03902534583713, 47.584349591000695, 51.939250084574084, 24.767888168125662, 85.29902556272013, 69.30849450946829, 55.324111927680924, 75.73141042050418, 30.15238032239564, 98.21193459536723, 79.66296594410987, 31.2287868440602, 29.486498889637673, 55.610197631299926, 95.33353645509625, 41.01449952886924, 53.3856234417411, 109.98260949819681, 41.187081762282084, 57.881789591062486, 89.62307706038743, 53.53739990751438, 49.90873309867973, 85.84885799456117, 40.40072322354256, 113.9876771486795, 62.38170662061912, 76.55841408834603, 17.84837929574086, 68.48490620871718, 69.11423834317078, 15.608526910250955, 100.61430447336187, 86.68284975342691, 76.33719776202979, 62.29618075560095, 66.58743492604607, 55.31086920013705, 82.85118489731282, 95.38035751575738, 22.40524976340959, 20.90205772497167, 35.873792589261086, 112.98471841152585, 56.72838687610062, 85.44994734443067, 50.74890895409161, 20.34911330339665, 71.93978165939154, 78.26826687320363, 76.14667507057605, 77.56515123992409, 30.83287251767021, 69.00046907293158, 10.351979424252356, 78.3908130037111, 30.29434347035353, 83.15489567918738, 55.18429905505435, 76.86105719977824, 32.32691115715772, 83.690393131553, 72.1986258112003, 83.12082838383995, 76.30904379618664], [49.7366233048405, 35.317774756012156, 51.04254605919535, 65.62878386082872, 0.0, 44.140135522525995, 28.6741392931587, 49.774132106412694, 36.126586636022836, 32.282971155113124, 49.49678538145976, 39.800325664172036, 21.495501612583034, 35.227487698926645, 51.27928304230069, 35.26099285454112, 40.16448716345279, 52.64162402749759, 54.80682842473918, 31.664346316477125, 20.092323386326346, 31.091495259618448, 36.609282941023686, 37.348760082422835, 35.433074558798204, 27.575805972135317, 53.864465461837334, 29.64970201048541, 38.35357649428626, 28.100198794477432, 41.28180356847733, 36.88163305955824, 7.99678707266514, 11.042205711738857, 33.701569162727154, 35.48279712634139, 32.66827911337918, 41.711323484610126, 54.656037633487955, 59.327691779575325, 29.497729416916084, 31.0801892373988, 35.23176312248855, 16.30867860703251, 44.37231977428994, 48.4234325241377, 25.266432959066965, 26.13391281037776, 60.82221501452107, 40.648439953543686, 58.64277631526757, 44.49562834173877, 50.6596249483325, 46.18074044301062, 57.007618171479244, 59.400176914596145, 52.98667609448122, 4.781461557130463, 57.11834573662972, 35.33302355154554, 51.556256057918375, 19.040212276643505, 27.36795644141066, 49.2571769239436, 27.912444744629642, 35.49295251723265, 35.036566770029815, 70.08246879948345, 74.37922238071445, 31.70978822464888, 47.409536702814044, 43.46508875633693, 42.11484307475946, 47.04225514747481, 57.714563471395365, 55.97465871923194, 21.71003005994998, 63.6202352071237, 50.270908891599014, 35.455346010417166, 50.05872901145398, 70.00753885503896, 57.63237543161318, 35.33880715221541, 57.24164564706183, 31.06793402211514, 38.74894227244332, 40.46073414098353, 45.858637407583906, 18.575218145336613, 41.47422171893352, 61.48495060707392], [54.89908666363202, 10.142459478279752, 62.64296320532458, 63.07065407348985, 44.140135522525995, 0.0, 61.962830664338576, 5.825905606351705, 75.93315058186359, 61.223504606999825, 11.252523637516964, 72.80413066977947, 65.52144519060037, 36.68291451044929, 69.02464783607816, 34.4974494653231, 68.94370147471194, 14.045840763785566, 86.57370469032388, 60.0121748791843, 30.0537978489981, 13.056453106741209, 68.38728566989741, 77.65652585413044, 77.80657688847168, 67.25031494632368, 36.39790640428247, 67.95183775076013, 16.15197955391844, 61.936995899711036, 50.17763824945135, 80.97893262923914, 52.13546217516521, 44.76677908158639, 20.77882106353428, 44.8680947000282, 62.53684292159739, 84.54623739550541, 73.24743423497644, 76.10326345039597, 65.45947070519459, 55.04582759773758, 24.460325947579296, 31.196947890897082, 74.77084470451089, 22.839292500844728, 62.9529163971314, 66.45163263240077, 89.81209357979732, 72.04676536073738, 23.09485954727651, 69.84976770776193, 87.98451832512022, 82.51368541720896, 15.581543503972876, 47.002452745954194, 9.145077240850208, 42.623466730268845, 65.26139157156099, 70.00750770946493, 24.0892590500743, 63.140275645362394, 16.95111299025045, 86.62299611283754, 17.439785112642078, 79.48723744982283, 76.91701334354985, 52.32253301360644, 58.047266915335186, 35.154702825183634, 77.96240142916906, 77.8422603464064, 85.90095777217235, 13.439826894446563, 44.25965199228831, 12.662357931994153, 65.79316523191711, 101.1746124526762, 91.15050633134366, 40.10015737280099, 7.177524875414422, 60.48634084989692, 17.0371030439222, 44.04790543658155, 20.495391868391497, 66.6132672680337, 81.36815239834763, 59.64774689519635, 88.95342588422713, 31.211369972853305, 84.9925491624027, 99.60145082905495], [78.3018942651564, 51.82362202542149, 78.91558777371613, 94.29277097239448, 28.6741392931587, 61.962830664338576, 0.0, 67.72135954744844, 50.94187210912635, 6.222034202480853, 62.46701026440624, 60.90417971404157, 30.132777746343248, 63.58990921284379, 77.87252190053637, 34.79542119570939, 63.83592943163587, 73.92034740289249, 74.51467445637162, 56.98518306911367, 31.94879671926345, 50.6102977429226, 59.16330063895909, 51.03979558281293, 45.33381446478933, 11.35701995593975, 81.05489805789819, 9.2596615205849, 62.27288780257576, 51.19028157718983, 69.83561181645452, 37.63514325188492, 26.15193388422152, 39.17916269804067, 43.49548507314411, 64.14104723398157, 5.429933998798988, 48.5303887221554, 80.75703521992719, 85.62421695388656, 50.569323586594244, 11.923391530777646, 61.54013319959108, 43.10841819380662, 15.699397845882675, 73.39318743412693, 46.007679785243816, 12.434175725381111, 81.73814806464836, 62.71122337241809, 67.32418483468041, 69.17815662314722, 26.075979892656413, 63.17483093103509, 70.10120090009949, 87.53297609620692, 69.13324926586688, 25.61456828052518, 85.21575572158885, 8.048072492017493, 57.74611737489389, 25.46201850338457, 46.17108329794899, 64.56358065746161, 50.289070203870374, 38.11861813858492, 21.29408542651608, 97.88371954014217, 102.45531963378907, 60.00369270061371, 18.769139981023226, 62.80276541148891, 44.582330897115334, 69.45484012863264, 85.67162845024139, 71.00601294358569, 25.886658384206147, 76.65053113150753, 60.12757115606162, 64.0507367366354, 65.65920391570751, 98.5661406345069, 69.96353908019687, 64.00938311566696, 67.04656727421049, 52.08026891838152, 47.006310996267835, 67.60283338411827, 50.817216415595446, 30.912115468167183, 45.633066966613335, 74.05092689214985], [56.70734660820215, 15.90688990519188, 64.91600247453161, 63.46305678025151, 49.774132106412694, 5.825905606351705, 67.72135954744844, 0.0, 80.89581215164378, 66.87099294228902, 12.071762367563144, 77.10973072986077, 71.08390321301773, 39.3842955771605, 71.80432521844536, 39.368457198429745, 72.90166707569522, 10.655924035546915, 90.5561409611592, 64.15803468604922, 35.843250051866335, 18.698296730159125, 72.65142950069759, 82.66183168364222, 83.06111934997192, 73.076190622545, 35.946324482889075, 73.77095239345434, 18.577449411978336, 66.52451500386815, 52.71782920144025, 86.5562455132192, 57.77051220629401, 49.90059075374135, 25.921048112602147, 47.82467347273461, 68.20215181067006, 89.84365078548048, 76.0095103588628, 78.5841008400128, 70.16867515446678, 60.594144515205635, 27.14347143040217, 36.31281250312453, 80.36657009415839, 22.35379234054471, 67.85619345303421, 72.27627118724767, 93.44328040441566, 76.20467504683704, 22.58067367221393, 73.43680103222758, 93.75964055855094, 87.04093683546519, 13.17250444143109, 46.65639466693158, 5.196956626957469, 48.37622238536197, 67.01170433470357, 75.7623054575872, 25.952085772323937, 68.79978270962958, 22.721991516363797, 91.22795998760425, 22.56959715291738, 85.02335855784081, 82.73290225582403, 50.77745114194963, 56.51137766729569, 38.31198959848599, 83.54502793735395, 82.2147987741302, 91.37219425191819, 12.715280176740194, 43.91165071332867, 8.946809718714775, 71.45971249097371, 105.70188588573201, 96.14984096300614, 42.87336365320367, 5.895934576580334, 59.94521201541304, 14.96105524983242, 46.98666544539411, 19.859958329954456, 71.265146146275, 86.64327790180582, 62.89712508635004, 94.28207954853252, 37.01843849069583, 90.40695611684032, 104.2075044924444], [50.89271446820716, 68.88645919307663, 45.4631309077235, 66.29429867723404, 36.126586636022836, 75.93315058186359, 50.94187210912635, 80.89581215164378, 0.0, 56.95481943271989, 83.50416228691174, 14.781383834153521, 20.818362806684753, 49.72099377447917, 39.16767635655641, 70.99922583975398, 21.59548580196858, 80.32526901730363, 24.376061202327808, 22.754587637079332, 56.20359782095189, 63.43872428325798, 16.701003333328103, 2.0736363007617546, 8.552662962596584, 41.40887337323904, 69.7860117505553, 44.642628969459054, 64.78801127440879, 16.286884686958718, 44.6647021612472, 21.52955034147433, 30.35472407441854, 31.295885967720423, 69.50199940287264, 43.29168922563935, 56.36712467616376, 13.372737493574157, 39.90665957987775, 44.506430787244334, 12.035899483285483, 59.82107413085625, 57.878528817818626, 44.75884911553537, 63.09289257087916, 71.18340854354999, 13.085043545951025, 39.6839505354621, 32.0669942327558, 17.61805896521496, 93.70801140425084, 27.395312605182582, 57.90125777683739, 12.313564306461801, 90.51358478478215, 69.8029410201127, 85.07716218928962, 40.31905187370754, 51.81538414449501, 52.64808919176414, 87.3448722434175, 25.55216071913588, 60.77832357184337, 13.843503136692187, 58.49347632400173, 19.176856318871042, 38.58849604681182, 80.92294371930342, 83.10693306564112, 48.000470174218194, 64.99217988159431, 13.58792101697221, 19.570330126487, 74.08071812478418, 69.48796597768988, 88.52482739249369, 25.12020192829626, 27.60424412711863, 15.273486549354477, 47.27674595345296, 82.71568866531095, 74.79963876827959, 91.4515955211932, 43.87326878607097, 92.02498503402747, 11.756306408291731, 10.733615176952023, 34.0476252940294, 17.473352909153135, 54.69710615445906, 17.084868383481645, 25.385248367801548], [81.98739904596175, 51.117231284795444, 83.16115091013963, 97.71500724329503, 32.282971155113124, 61.223504606999825, 6.222034202480853, 66.87099294228902, 56.95481943271989, 0.0, 60.61557519256417, 66.50713695287244, 36.13720327158825, 66.38864040149559, 82.61049593405703, 31.527024134836353, 69.12393133678812, 73.80784744265753, 80.33451457752103, 61.92791721512382, 31.720180989499656, 50.65753428082268, 64.57687111145717, 57.10969070781119, 51.50170429969157, 17.467630762406998, 82.94156539657665, 15.057872328686573, 63.14664122256723, 56.44927598862371, 73.5443340544721, 43.822660269445215, 30.960392973169522, 43.15896745457336, 41.75553108008795, 67.6399725400919, 1.5591100541033254, 54.75215169429387, 85.64064535365138, 90.46903506858087, 56.07414319891319, 7.273320065317796, 63.24682393029609, 45.43164499755607, 13.731573928923197, 74.42629124233535, 51.48285820422316, 18.631962403317544, 87.47069090869972, 68.21550100869322, 64.46641530951416, 74.32558600828341, 28.24375475475625, 69.14336191265501, 68.09230397096863, 89.9870808470324, 67.82611626304765, 28.602814818373343, 89.33659211943773, 10.829910750306423, 54.64977918617909, 31.415408952858908, 46.255209204861046, 70.63314552511888, 51.06286672046414, 44.33402891260519, 26.93548067368307, 100.04070594486174, 104.80331309407948, 62.76990468415335, 16.9763497031593, 68.59291868504629, 50.76790157769869, 69.7401848453893, 87.99736463212362, 69.40490466122056, 31.981430895661465, 82.8350786382154, 66.3412923650363, 67.13930765252086, 64.3067280819908, 101.46666926009758, 67.79462867687992, 67.44311565261997, 64.41941155061633, 57.61004606405783, 53.214572595743, 72.13109674677922, 57.025716527015646, 30.93665148011751, 51.84417401389182, 80.24196021870402], [66.04361281044564, 14.620375157383165, 73.61011044753779, 74.28278914752636, 49.49678538145976, 11.252523637516964, 62.46701026440624, 12.071762367563144, 83.50416228691174, 60.61557519256417, 0.0, 81.78591634876327, 70.93637843052771, 47.550272399716754, 79.69750606434518, 30.59842933796677, 78.47185194983506, 22.725780255034305, 95.98435014700675, 69.33549788717552, 31.997351685837476, 20.392502239195835, 77.46586192921805, 85.09819073206404, 84.46319623199285, 69.39323367573678, 47.33548501048252, 69.57329009319864, 27.32265528975593, 70.48793789164642, 61.05522211042658, 86.15078292489176, 57.30743060850784, 52.23852660530444, 18.972083540297998, 55.52864686449541, 62.059710131714375, 90.99506699040202, 83.9203374430068, 86.93943378043994, 73.72671452019736, 53.81092261677465, 35.4486377457662, 39.08559759264008, 73.60151771953525, 33.695018861195095, 70.79161410278441, 68.87601370259453, 99.66042642721479, 81.26955512752872, 11.955152686723657, 79.82346329147596, 88.44352462103184, 91.03764802535207, 7.759859226700628, 58.00526062411076, 9.094851715864554, 47.01852215943054, 76.40682601899363, 70.35557215310881, 13.905540012947453, 67.96144637372448, 22.731714679732313, 94.9687784488106, 26.03785958272764, 84.90543736019907, 79.64215126541211, 62.70308138131085, 68.44070720551312, 45.75879820425714, 76.67030732507024, 86.6793548316354, 91.60084143280946, 24.053118832605076, 55.25653096886845, 9.099386074003094, 70.52675819659073, 109.61437101252136, 98.52359860551437, 50.904989745853285, 6.278081642857815, 71.43268503447767, 8.140860589025825, 54.72561194081814, 9.47978464912718, 74.99251236800036, 87.9228044258779, 69.99976839414607, 95.25233808056718, 33.449361730147395, 90.96138592566712, 107.88628322266634], [38.15926366505893, 67.39402240474328, 31.5965086633151, 52.66440553415615, 39.800325664172036, 72.80413066977947, 60.90417971404157, 77.10973072986077, 14.781383834153521, 66.50713695287244, 81.78591634876327, 0.0, 31.725573513500272, 41.35319651656904, 24.588208773890724, 74.78769409530948, 7.376342197386878, 74.65108261888516, 15.055865351131706, 13.160780854745251, 58.672710831091536, 61.39988202875779, 4.504347615668835, 16.46418894995125, 23.278384099399492, 52.78917445276072, 59.981989636604155, 56.02765305339434, 59.47741097368191, 11.923347242616225, 33.23489594370579, 36.119670296037505, 36.59506821133098, 31.276456254096296, 70.52321899052725, 33.59287674550878, 66.19101460566637, 27.784958975551724, 25.132933932465267, 29.72793240529977, 10.584985566040533, 68.07058215704022, 51.582464127652024, 42.94762843619791, 74.52159300151928, 63.81283803394918, 15.174540554663325, 50.95909977004518, 21.228444444330197, 2.8717750037499905, 92.88737648971879, 12.757614476689783, 71.41152676341238, 10.868706052836458, 88.12840470736027, 58.302155111889896, 81.76922677571028, 44.53210055743707, 37.68245369427617, 63.99109709474871, 87.87973354683417, 35.88608301978308, 59.66173949694938, 15.416806540187894, 55.80942632308236, 33.705713299500275, 51.82657025987925, 69.0729957894042, 70.65519125242395, 40.58208307393213, 76.75055839126459, 5.245429998207058, 34.29394255438282, 68.417727288349, 58.397932493278326, 85.43160781313897, 36.34867441276352, 28.947671824645635, 25.081468835358713, 38.3215340914691, 79.90447336857906, 61.713925332662726, 89.32100596157738, 34.32705777190372, 90.88531627303442, 8.998282467679523, 25.43401050789213, 21.22473771485907, 31.420732818365856, 57.32891564693115, 31.769245513988295, 27.848378203054274], [57.98432676803071, 56.81326844339941, 55.669609103482884, 74.45994867326904, 21.495501612583034, 65.52144519060037, 30.132777746343248, 71.08390321301773, 20.818362806684753, 36.13720327158825, 70.93637843052771, 31.725573513500272, 0.0, 49.40510014519036, 52.20467751138847, 53.08509150536481, 35.994008376389814, 73.161996019992, 44.56382470495787, 31.37529971563754, 40.351290943889445, 52.46618862567242, 30.876736223988072, 21.02398435739949, 16.18281026240649, 21.102039301151667, 69.79668295250063, 24.35073874518545, 58.17679744362607, 24.19212623740513, 50.030088217869384, 15.479869480986274, 13.634425825423573, 23.592198711536067, 54.42082837672583, 46.05690332586784, 35.55455859670511, 21.291442903719997, 54.29864566788144, 59.21395741165569, 22.186930041746788, 39.236751870130675, 53.38789704840872, 35.82010528541996, 42.88044371559907, 67.12814431944358, 18.11931645634536, 19.291840808843627, 51.96333044415137, 33.906958559015806, 79.72509382557888, 41.830978320005414, 40.72707723641936, 33.04435629840367, 78.48386323487198, 72.92909547032605, 74.435912989177, 24.156356156341616, 62.306079878128266, 32.35119172499859, 72.07560003495675, 4.784785908620464, 48.84522947683388, 34.528627113220246, 48.833265229841096, 13.997872955900496, 21.28974324463493, 84.16363774859434, 87.56676597334739, 46.50426417663552, 45.04068500711288, 32.96630487489618, 20.687061778208474, 67.27551328604791, 71.84196280026806, 77.46059716277186, 4.624244417596994, 47.28631404947025, 31.635399155818284, 48.234296405636236, 71.54260982894846, 81.12656127509442, 79.07665155883963, 46.30145443348164, 78.45798565745332, 23.491127660980847, 18.792779459799135, 43.52405814404371, 25.00448720493172, 38.78075189228646, 20.27429790644778, 44.79628439711555], [19.378618444149495, 35.75484030730889, 26.091765654534893, 32.351363780505075, 35.227487698926645, 36.68291451044929, 63.58990921284379, 39.3842955771605, 49.72099377447917, 66.38864040149559, 47.550272399716754, 41.35319651656904, 49.40510014519036, 0.0, 32.43051057262458, 55.40280960565189, 35.660862980736155, 34.41458999164352, 52.93720590204972, 28.356814175924377, 40.21015722041993, 29.792388285637024, 36.90905050577712, 51.76368131568739, 54.92124204148839, 62.47518414990224, 20.573734034768524, 64.76427910993759, 20.8212472394308, 33.47534923928837, 13.50704194320143, 63.260622392220625, 40.599189936996034, 26.580173791163865, 44.587634656420335, 8.589481587152676, 67.03552271645697, 61.70728991693192, 36.643041721408835, 39.42232616970364, 37.70817296491498, 63.43165922561274, 12.274096863394849, 21.23002898859558, 79.23362136138407, 22.538036627617668, 37.44912905371311, 60.89426836694906, 54.80471362434661, 39.72483776715668, 59.50043079244007, 34.94490451564051, 85.58241408069752, 52.12161889530892, 52.06378591183164, 24.235503336565188, 44.518898640299, 37.989975230292835, 29.50584794079689, 70.532304894923, 57.95136104761196, 49.80140132658573, 30.973878840340685, 56.62919136374544, 24.21739634713405, 61.0540989323779, 68.46170959294216, 35.170457310846466, 39.210586977232595, 3.6248082307118707, 82.35143162022453, 46.59187001302483, 65.68109448823425, 28.45832269036957, 22.741317462194356, 48.30278381366671, 52.19628379981275, 70.19876806693955, 64.37324401963606, 3.504558513982298, 43.69051747968527, 35.07914818378242, 53.64027987224561, 7.74379989205748, 57.00838946634431, 38.22928350597338, 58.463649953225406, 23.861944054868907, 66.2507020209784, 39.847335466712444, 63.881778571799344, 69.19747102828907], [18.528912810336355, 66.9524513208973, 9.2697192924526, 29.360716133322367, 51.27928304230069, 69.02464783607816, 77.87252190053637, 71.80432521844536, 39.16767635655641, 82.61049593405703, 79.69750606434518, 24.588208773890724, 52.20467751138847, 32.43051057262458, 0.0, 82.07257047332256, 17.590348835953538, 66.13907198165558, 27.08697819308822, 21.105562485406697, 65.50106596273037, 60.73511619122978, 22.708397251380937, 40.96707455366043, 47.45743060229896, 72.02688494388316, 44.664749899182134, 75.0982615754183, 53.25126779889769, 28.01256564890933, 19.186890253403444, 59.897542908529246, 51.73736473728717, 40.32079188880302, 73.86984895228227, 24.17408920334639, 82.68079127830136, 52.35334168641166, 4.223963094174384, 8.128329507530609, 30.523622787192206, 82.2921970133747, 44.70141298587118, 45.91129419245261, 92.89507336126181, 53.09450148091517, 34.12703014749122, 70.17498489467543, 25.46884747038554, 21.71881553397373, 91.59879303727612, 11.830841130309018, 92.93131831141065, 33.38426982310082, 84.47448558853812, 39.415773322761375, 76.94725237307975, 55.819383865745785, 13.77810290318521, 82.63676032006082, 89.13012610360214, 55.346181156110994, 60.761746414631816, 37.42911707147661, 54.82934042156108, 57.43369272950535, 73.42334200403408, 48.8182798474412, 49.14875609310119, 33.93890679549061, 95.53192276468481, 27.949400143409843, 58.73679397038389, 60.4921471509707, 40.41894971478515, 80.73014324194347, 56.62326080056636, 46.8973050968847, 48.751529739608976, 28.960360359608092, 76.08433613163692, 39.23766606954451, 86.02880954963135, 24.985308517855245, 89.17720251992148, 29.577250097175895, 49.897332292406, 11.04564499090293, 55.99852021929194, 64.56225358508101, 56.24860995952201, 46.974011722447415], [74.41829638300936, 25.705087278871485, 79.08879145643638, 87.4056795364006, 35.26099285454112, 34.4974494653231, 34.79542119570939, 39.368457198429745, 70.99922583975398, 31.527024134836353, 30.59842933796677, 74.78769409530948, 53.08509150536481, 55.40280960565189, 82.07257047332256, 0.0, 74.24104229333888, 48.441449910419166, 89.842205262926, 65.14080386935046, 16.636718869779447, 28.64774759481031, 71.28963634673102, 72.02392386937761, 68.93141611651727, 44.069405401429194, 65.47289952570469, 43.28434068241976, 42.87503592040986, 62.91206620049959, 66.95828793220375, 66.35116157875993, 40.75373062383714, 43.88917326974494, 13.860349751434288, 60.502801724578234, 33.06377774592319, 74.37389687011711, 85.9737558697269, 90.15241388537669, 64.67804471145327, 24.323345572690258, 46.966981659898636, 36.30812839570223, 43.64622340602396, 53.68424177070369, 60.51918887844009, 44.139764917984785, 95.48751162931954, 75.36917377914926, 32.97997945104113, 77.73870691093475, 59.77007825535848, 81.42986245673652, 37.55643615969537, 74.85000640851146, 38.907638252481206, 30.765680327215495, 83.94283638219311, 42.05841303661885, 23.122798977625727, 48.85624220322033, 25.49488291160677, 84.40550873782634, 32.41739613212588, 65.82963193811528, 54.78086068466143, 82.82483149481465, 88.2960722929297, 52.13946071814344, 46.59121284906859, 78.66242106347441, 72.83975927129796, 46.21263191982156, 72.33956285151017, 39.6867136612431, 50.90808747251659, 98.60098311877657, 84.30847319090724, 57.67707026965389, 35.416864910958175, 87.99735005400312, 36.991659008452544, 59.94461878637696, 33.08208339351073, 66.23015282366623, 71.82427387143277, 71.07349969123314, 77.93586680304638, 17.743999875929415, 72.97248262900321, 96.36715819382346], [30.878075378783155, 64.37636147337032, 24.23327280178361, 45.292196771642736, 40.16448716345279, 68.94370147471194, 63.83592943163587, 72.90166707569522, 21.59548580196858, 69.12393133678812, 78.47185194983506, 7.376342197386878, 35.994008376389814, 35.660862980736155, 17.590348835953538, 74.24104229333888, 0.0, 69.6403376379152, 17.654485569310882, 9.329938488353026, 57.766150290798386, 58.22832965083372, 5.262292831880073, 23.43114429863171, 29.87025916581879, 56.66033600253286, 53.454041414901084, 59.84583319551069, 54.814616668244724, 12.675861043597902, 26.390130651294154, 42.399898793561505, 38.39074656911851, 30.36257677751615, 68.66731788255241, 27.489981362543592, 68.96412047667654, 34.85398618666842, 18.72047753714632, 23.538772130345865, 13.807826898738568, 69.95063637089393, 46.613291771118575, 40.414005032411964, 78.13840645193878, 58.19652350370254, 18.066574397518085, 54.80541990395289, 21.55328836260835, 4.721483555593728, 89.88500398583399, 6.000912742358386, 76.46465916667843, 17.746335275663295, 84.44605256930755, 51.24389834854872, 77.72849679143282, 44.9437822844203, 30.382650968637453, 67.67032685726026, 85.56650869233941, 39.68534117494024, 56.96906076907226, 22.240940502693515, 52.446734105573775, 39.94464074865942, 56.850645491604354, 61.90004548580927, 63.36358374242583, 35.355300500876794, 80.55397483848543, 11.911610333130987, 41.15714193907317, 63.47667972486486, 51.45597834284108, 81.45318386075321, 40.56944117631466, 34.75283551971889, 32.420234582788346, 32.43468354373792, 76.10746445818658, 54.3512628219732, 85.74424130670964, 28.27439777485869, 87.75161729757141, 12.571956110150303, 32.32906466219499, 14.059750149850693, 38.637465678697176, 56.536490669864826, 38.680339497319366, 34.005115988337764], [49.67892653988265, 23.184812893928694, 58.48036848329062, 54.51051737122723, 52.64162402749759, 14.045840763785566, 73.92034740289249, 10.655924035546915, 80.32526901730363, 73.80784744265753, 22.725780255034305, 74.65108261888516, 73.161996019992, 34.41458999164352, 66.13907198165558, 48.441449910419166, 69.6403376379152, 0.0, 87.14937891087652, 61.495650058919686, 42.126096421994276, 23.313223096766883, 70.14674573160433, 82.21783393817606, 83.54590589434865, 77.99145026753168, 26.5490360199853, 79.0714074840474, 15.540164631477912, 64.99318245095257, 46.97764523761739, 88.56371403380703, 60.483227895856935, 50.48770755371156, 34.6280057628721, 42.995171263176346, 75.03729432803954, 90.4430912107134, 70.26010320414777, 72.31986652313, 68.93394151796376, 68.00442316563688, 23.07640402977372, 37.36723860390932, 87.49404954518512, 13.641805464546477, 67.26453036152112, 76.9859412942887, 89.21928179589287, 73.38187189790855, 32.73521563208698, 69.33417080250263, 99.66377759695575, 85.0681091921872, 22.614302153886094, 37.156851049348056, 14.764472083052867, 52.17939793332317, 59.73712633231238, 81.94631541594762, 36.6062893347998, 71.51434520249101, 27.751717401335135, 89.43659104433631, 24.803993325127234, 86.80819929627597, 87.02303880395527, 40.387269785615764, 46.104418964829165, 34.28719744079762, 90.72019154878028, 79.87064311356961, 92.76087241297388, 6.265780018360495, 34.45158358573911, 17.777735271764605, 74.19249650426849, 103.57557715103378, 95.56066596105833, 37.87921226860099, 16.503417736245876, 50.14921045294676, 24.505377670608983, 42.15127553343793, 30.02541936339635, 69.84370889108985, 87.1778954729584, 58.26535038883576, 94.97953946576817, 43.043910577094756, 91.52494457698133, 102.31623249187425], [44.758236018930184, 81.76767064270452, 36.14836470800198, 56.30069105571007, 54.80682842473918, 86.57370469032388, 74.51467445637162, 90.5561409611592, 24.376061202327808, 80.33451457752103, 95.98435014700675, 15.055865351131706, 44.56382470495787, 52.93720590204972, 27.08697819308822, 89.842205262926, 17.654485569310882, 87.14937891087652, 0.0, 26.648853912932886, 73.71493945502587, 75.67125695680302, 18.8450661792225, 25.03959389288451, 32.21186136247939, 65.54179887306023, 69.52668213243477, 68.79060755702993, 72.43789457600629, 26.96411679776258, 42.310053000397815, 44.93802698223895, 51.21170303032959, 46.27715934164984, 85.40600621291637, 44.5323298372106, 79.8918755212679, 33.97731014587339, 25.181064318529646, 28.114265989059554, 25.37314571215999, 82.40168838688417, 64.17972451964309, 57.52179754670298, 87.30400113797197, 75.3926771593001, 29.830578851972817, 63.77283778918735, 7.803927931411992, 14.841164769823108, 107.29331407184691, 18.362374301322177, 82.07312809236238, 12.480087115843519, 102.0543039372234, 65.81750672613087, 95.37873266747694, 59.5181646820673, 40.70179703713929, 76.80950348701924, 102.6226641072131, 49.09613320245318, 74.20081110089768, 14.083766919276112, 69.94649110078645, 42.80036499811621, 62.915386327492016, 75.7094182341701, 76.22623758486928, 52.874681270654605, 89.28676375903294, 11.766189605394391, 41.02226039234825, 81.02013825659664, 66.47774757828638, 99.09984132656804, 49.07438040012748, 19.846094119804594, 25.820493159685874, 49.59772493431906, 93.73153349703497, 66.30203114645968, 103.33153708932146, 45.35093053012265, 105.2092413030575, 23.784485726903753, 32.870119626901186, 29.762813577601317, 36.084092500954306, 72.37801150858107, 38.46519675640306, 20.150976027594382], [28.459696463377124, 55.14858545033053, 24.498492086953558, 44.42185469974954, 31.664346316477125, 60.0121748791843, 56.98518306911367, 64.15803468604922, 22.754587637079332, 61.92791721512382, 69.33549788717552, 13.160780854745251, 31.37529971563754, 28.356814175924377, 21.105562485406697, 65.14080386935046, 9.329938488353026, 61.495650058919686, 26.648853912932886, 0.0, 48.6014478929166, 49.031817051981065, 8.65836592541845, 24.82136941627985, 29.71419307249235, 50.92208151895088, 47.59968804174266, 53.993500177653495, 46.365686551062474, 7.5542979657364775, 21.910712390544386, 40.89380459192163, 30.967535842689085, 21.379755997685294, 59.342262324156145, 20.992334049257856, 61.91151172441189, 35.85534564634161, 23.775983739192263, 28.659481051771472, 11.253761343253121, 62.14358501544873, 38.424006331133704, 31.09081660378706, 71.85513466876459, 50.72555460997311, 13.66299835190139, 49.070704988349114, 30.882368271668362, 12.047745767998157, 80.67074024861353, 12.836361456004092, 72.04855971348519, 23.79064573341245, 75.44793775140374, 47.06423968936706, 68.89496072079363, 36.405281955471054, 31.13409973643166, 61.55630077999531, 76.24743719371448, 34.29806987120599, 47.67597385756348, 28.281175135501776, 43.297638375146356, 38.440053260761, 52.66399479760767, 58.168740686141064, 60.40829154253515, 27.44040895519319, 74.45918923847883, 18.395121143543278, 41.207962372275546, 55.26680231911651, 46.81593355288075, 72.58994812713094, 35.68586185228118, 42.10640664930798, 36.459524968173184, 25.46492230706267, 67.15301632379676, 52.37994699548558, 76.7045563085415, 21.662089535749555, 78.56904532341686, 11.0673715412844, 32.855666621874775, 12.344759871676036, 40.15494175465598, 47.406775914397684, 38.97204856021505, 40.9564914229072], [58.70255118408159, 19.938943400376775, 62.82254908401713, 72.54642047145764, 20.092323386326346, 30.0537978489981, 31.94879671926345, 35.843250051866335, 56.20359782095189, 31.720180989499656, 31.997351685837476, 58.672710831091536, 40.351290943889445, 40.21015722041993, 65.50106596273037, 16.636718869779447, 57.766150290798386, 42.126096421994276, 73.71493945502587, 48.6014478929166, 0.0, 18.939944908235727, 55.01376644239737, 57.44102091693028, 55.29387856041167, 37.57840341664072, 53.222428598694904, 38.03724381275825, 31.948620408627864, 46.75225265730156, 50.94541005259477, 55.02494438258742, 26.94853426967974, 27.502895989227426, 14.120313057055963, 44.48782746894795, 32.92216158715909, 61.32630625285503, 69.37392737026941, 73.59713731728279, 48.827840434912076, 26.321453338586892, 33.66331671946484, 19.99688110505564, 45.43911306599287, 43.297793369032625, 44.88611918916512, 36.96157822416942, 79.12747750100172, 59.09299924816294, 39.5628681864042, 61.13859135822575, 57.93529001545603, 65.92556188255547, 39.75536555359333, 61.59746983433053, 37.619711458182664, 16.30878510097999, 67.91667821563124, 39.99682133537452, 31.73