instance_id,num_cities,city_coordinates,distance_matrix,best_route,total_distance
2505,99,"[[59.1520533033975, 80.96376882330769], [56.11092840941696, 50.244978960756605], [41.52293499415629, 10.671533481576024], [52.53698949115395, 99.65776218977757], [91.32224594251235, 89.39820929137208], [92.4995622856668, 39.115399718330956], [35.490201329642545, 11.314740247241517], [66.72893474249105, 93.2049748174389], [7.6546760109927225, 5.136484146191922], [80.84158583387358, 14.51271467399331], [30.86079915233758, 0.2930446945436871], [67.23101680770579, 26.100778288879532], [14.911229776155599, 12.028314387016204], [53.31347367967876, 25.133502185709688], [13.47380405852917, 26.843339383877662], [90.95280057849354, 5.780545059037556], [85.43972765931551, 10.049663731855073], [21.917308591373686, 27.030148230434637], [11.983232130155141, 88.07438569256398], [22.911208668309957, 74.31316796428254], [88.77052244916392, 68.3650519504743], [94.4219147594773, 98.05977671321867], [35.78385973618262, 14.619965710012284], [17.63238555706722, 3.6944037587491985], [63.98002678248067, 78.50199936198223], [14.589224436427095, 20.62077722936667], [20.817075907988624, 79.87681716848802], [32.53184135539565, 69.61436328985569], [21.23147411662941, 86.84114658398339], [42.85524260357027, 53.798042481573596], [36.37764592905764, 31.318166063259945], [95.78824992422803, 59.70001898524233], [11.682271220194629, 53.36655115916942], [3.0286761616501012, 33.45154819664926], [92.19339894246316, 1.089901770772106], [23.052382183053076, 41.24028736395279], [19.83446815440001, 97.16112963871623], [86.28930156119179, 93.56578293455614], [27.867580055994324, 45.314283079865106], [26.46929502192119, 62.84265310357606], [57.56745254788267, 40.72151648191229], [67.93821529461695, 29.10967205299688], [13.233903826066218, 18.632929007392296], [91.47306834765374, 25.616659600220004], [32.35607352048508, 4.481052303564859], [59.56658583923943, 84.07835891998778], [11.462042720858111, 45.161570453876585], [67.70868766073082, 87.26255947431568], [91.95150988383524, 44.58107522984628], [88.63022449864253, 25.974364186700193], [8.432033887766133, 67.43888469490278], [39.30300170046902, 22.90781436500118], [67.33675378317756, 7.1561515039164085], [62.249862176719205, 27.218825595378206], [24.659068359156677, 79.56267598497398], [78.42127457071896, 38.90243960185936], [21.056688771631983, 4.129559444369524], [14.375445880206982, 98.26829141064692], [83.15265247498824, 93.47300290319176], [58.75167313891859, 14.786041321729703], [11.14147329587606, 53.566287748563525], [16.15001941676765, 27.31622982818601], [14.226800041321397, 60.57791553043099], [24.917819494129358, 54.711940301811154], [14.061563146909684, 31.732509150822462], [31.68399123264424, 7.293177662112282], [63.023744805063565, 61.25933308316832], [94.27017665507542, 94.13690380523282], [48.63393686184937, 18.06745818994556], [55.979521542560086, 46.137775796287485], [13.423322165236407, 0.5497005648626985], [39.47416468038529, 17.110802734060147], [35.97826265540871, 37.48670400792021], [37.560041997708474, 5.211909038167473], [29.74196625358523, 97.06523877306236], [93.50281366249838, 96.2465911090735], [54.77036376484361, 72.17809000420786], [6.588657696549238, 92.70730873977632], [85.40681737589829, 12.964416622567597], [90.63365726111836, 33.227613971441805], [19.376018558132756, 6.06409648035603], [23.082457332190188, 21.855746101690965], [80.16451170883336, 36.66632690083996], [14.101783642865284, 20.41626899920742], [50.724973788205375, 46.03905613896109], [59.127686277851375, 3.5751729719779357], [11.423140181498981, 75.45110046081533], [48.95986566439679, 48.661345497201836], [32.51327425176904, 0.1397752562468102], [20.97209721481097, 35.60375430394813], [93.56530495979452, 28.902513889993685], [40.46562023276822, 96.15027673915675], [66.66625991755365, 34.18311530180434], [90.47156258861358, 60.41986197355865], [17.233700305931478, 62.28215599935636], [43.17861327263613, 95.22496277596998], [6.044883521560163, 90.83309214305162], [18.168366790529777, 44.4626019459232], [35.14768226764493, 40.034420034165954]]","[[0.0, 30.8689567565922, 72.46919457051123, 19.82988797814234, 33.25749660523296, 53.51020792399243, 73.55861894039049, 14.39639734561512, 91.66109845240042, 69.90120470310717, 85.48778154156892, 55.45464256204974, 81.91060581332907, 56.13472797518299, 70.8203596205543, 81.63213008884946, 75.62970397908731, 65.53824565874163, 47.701766876444616, 36.84602165296302, 32.18666465138216, 39.194854418698405, 70.33898408514676, 87.71794335964377, 5.419376052226408, 75.01414767317782, 38.35038403727432, 28.938636632006208, 38.37334876188987, 31.679058171921543, 54.6201382702465, 42.35986260619808, 54.90889394104195, 73.53396882170226, 86.43821585136017, 53.676263229184855, 42.523252454782906, 29.920578247508256, 47.42999156798788, 37.37027593975342, 40.27343830694024, 52.59319342273016, 77.41840894502963, 64.09329538136915, 81.04091842252033, 3.1420548521006486, 59.63333394542698, 10.62500612660165, 48.98473992058872, 62.39228477387828, 52.49231239151884, 61.355347750629505, 74.26004104704911, 53.83414662079259, 34.521429163712995, 46.26508731348139, 85.75985383438226, 48.004073517840695, 27.06491636530021, 66.17893865535484, 55.27782341861501, 68.75487879867117, 49.334180799323825, 43.14094650363732, 66.75978753330476, 78.62474442542091, 20.081204717878727, 37.50752021922651, 63.76971589058828, 34.97019799903315, 92.50696852335003, 66.81631970599899, 49.267430803302666, 78.76902445208107, 33.529249243315725, 37.59706629867119, 9.817706225216355, 53.859272994459616, 72.8918687935971, 57.18244370252206, 84.80621355265207, 69.24430737313568, 49.02842817299545, 75.46871226830422, 35.92702639016387, 77.38859968750168, 48.0462137974738, 33.87221931919352, 85.10077840707322, 59.289459131644186, 62.40710019539462, 24.079302389837917, 47.380300177807776, 37.456157978600814, 45.892820524829276, 21.41337057475496, 54.01643291653512, 54.88167037905904, 47.44914563114171], [30.8689567565922, 0.0, 42.176618391916705, 49.54186296284881, 52.65750020404215, 38.05259793356019, 44.05426053845202, 44.25272084850107, 66.20260343019301, 43.45572606348824, 55.9711065143014, 26.581926041384342, 56.19545015936203, 25.266816554300135, 48.63703432364288, 56.489308178155405, 49.75783186385449, 41.32955361600683, 58.12329647047981, 41.00608628968994, 37.349513089112314, 61.26978504306475, 41.01623203028397, 60.39498581569385, 29.33226740571269, 51.00632538266885, 46.083639829789384, 30.51469147131369, 50.55547266587435, 13.723609822721055, 27.342762916473927, 40.7883270612355, 44.53818353533674, 55.675352001800725, 60.976768472275424, 34.26298220170256, 59.305200135155395, 52.79608189083854, 28.67051600656363, 32.20757401120683, 9.63419950758177, 24.219535774866117, 53.27063862368522, 43.093329594451426, 51.56190564631059, 34.00939822663719, 44.93733453686161, 38.79187140019497, 36.28535635621394, 40.57791714281756, 50.684389876977015, 32.0909172257321, 44.52714011619781, 23.830447889312754, 42.99705640418845, 25.02807913015412, 57.92608767865848, 63.62459462036502, 50.989380212023015, 35.55713418169115, 45.09193924941278, 46.07170264167753, 43.13988626906684, 31.51132792224838, 45.94410361998018, 49.41186592951358, 13.003961982942297, 58.160375628317055, 33.03480354956531, 4.109304758579277, 65.51223108476464, 37.07634746839823, 23.8348024983382, 48.70434039500907, 53.735080664938984, 59.28154352767635, 21.974040903089342, 65.23422987068047, 47.414021539920014, 38.489083108690096, 57.45784523047261, 43.55259399881317, 27.621633936214604, 51.52203588744644, 6.833614999738481, 46.767206663077516, 51.30640289261143, 7.324315212366674, 55.38393918830964, 38.067084432277596, 43.10836505916465, 48.4981652443255, 19.219742127443713, 35.83547719119675, 40.698065016276075, 46.802176432446686, 64.4515615203517, 38.38064442065459, 23.317658595877496], [72.46919457051123, 42.176618391916705, 0.0, 89.66525690684875, 93.15503665927992, 58.37525208949407, 6.066925944030904, 86.29664745546823, 34.31757185023112, 39.50583471853976, 14.879320220089056, 29.98277948849734, 26.646270077351016, 18.659189191766707, 32.37716869007654, 49.67125304877111, 43.92119533869952, 25.533994265430955, 82.84802698730682, 66.30726955966911, 74.57128531572793, 102.15188258336005, 6.966139668370111, 24.888525299325195, 71.451333599466, 28.712579395806365, 72.23644433858992, 59.62463375676855, 78.82609558207632, 43.147083587340795, 21.278097577708298, 73.13355450983552, 52.08963187584109, 44.72959907581258, 51.568435917508204, 35.71568332076368, 89.16748194989253, 94.2097880689002, 37.23692815226496, 54.29951932592692, 34.06505572947639, 32.213847757304976, 29.387975485692422, 52.1380150824171, 11.061347408556875, 75.59190007378254, 45.751720127417045, 80.94367736479198, 60.76922072053946, 49.5305294949405, 65.70798961930036, 12.436023226357255, 26.052085346883107, 26.52203587077669, 70.92516840520393, 46.45935345955196, 21.486383100570333, 91.70702353078657, 92.6774876435084, 17.713232139490344, 52.56418132672962, 30.34519338162377, 56.88344181367411, 47.06683857729397, 34.6076818043818, 10.402793008855909, 54.96735659512533, 98.73570552794249, 10.25992445655452, 38.299441752554564, 29.867034381221384, 6.7573403277159825, 27.382417017147894, 6.746259701816945, 87.19325397333505, 100.12491335489425, 62.91701569771201, 89.16429864312315, 43.94374182967137, 54.04294411528657, 22.621104821480763, 21.567054234025772, 46.571458382860214, 29.101192617124735, 36.54502944160574, 18.9811906961325, 71.43101529295117, 38.71089968957776, 13.859722869152307, 32.31025485149401, 55.143240005393885, 85.48528214494033, 34.42355687451292, 69.79157779508267, 57.0405406567336, 84.56963802691784, 87.66166564313829, 41.07641858706818, 30.04701239769367], [19.82988797814234, 49.54186296284881, 89.66525690684875, 0.0, 40.11925402687367, 72.54229716503859, 89.97267647771102, 15.590053716699087, 104.63600750374744, 89.72641356138925, 101.70154527101462, 75.01029475596364, 95.36570618596431, 74.52830507162324, 82.63094229584937, 101.43326100303722, 95.45785189395018, 78.81836821345462, 42.175607253138224, 38.98763067715435, 47.87590860485251, 41.91539719859905, 86.67233807115674, 102.11413975134631, 24.052222418658555, 87.67484168380898, 37.38233143690688, 36.094483919201025, 33.82751732615445, 46.87056767855781, 70.22410400349303, 58.88372246257179, 61.741268400315164, 82.6700420952852, 106.24619484080561, 65.43656037062759, 32.797684001707594, 34.29767894944599, 59.680763095398135, 45.10961041696309, 59.1505419814813, 72.20963078562711, 90.05418443931735, 83.65466579574003, 97.29273083935664, 17.09189957435257, 68.2421143129279, 19.59136227285218, 67.72699509255786, 82.04855120345334, 54.61962262599916, 77.88255853494991, 93.67807108698429, 73.08720428866746, 34.36554926405728, 66.039423353344, 100.58154330273184, 38.186830711860146, 31.234117041669844, 85.09895002845585, 61.951697129607375, 80.97721219959034, 54.725725491765786, 52.75362979463446, 78.06534719565042, 94.6893025179594, 39.804665491234914, 42.09677883355325, 81.68360622923136, 53.63058801173378, 106.54711094502035, 83.57414616626777, 64.33841706067008, 95.62598043291855, 22.941975984372288, 41.10760073489256, 27.570280086947836, 46.471044725374064, 92.71548819268764, 76.57885274333316, 99.29463356167656, 83.19088394814854, 68.7837255726148, 88.07087652380609, 53.649315368153545, 96.30836534242812, 47.7107019139042, 51.121720729595665, 101.51245684786855, 71.40909151260108, 81.79014507969993, 12.570616928322051, 66.98183087888174, 54.576960793584504, 51.41262651719807, 10.3551395978216, 47.322201120843076, 65.02082697630523, 62.10741449713324], [33.25749660523296, 52.65750020404215, 93.15503665927992, 40.11925402687367, 0.0, 50.296590464270786, 95.99086072965062, 24.886189333675496, 118.7446865450729, 75.61535254432314, 107.68155322890276, 67.72704107475137, 108.7416388927733, 74.6633735395376, 99.86737031136576, 83.61848038291794, 79.56629753710355, 93.31034438483391, 79.35005747722033, 70.0544680428901, 21.187378330351983, 9.199494387087748, 93.14664811745303, 113.02803991222724, 29.433388174325728, 103.04509571297953, 71.14517488596694, 62.02993014770039, 70.13739990074842, 60.13669669629768, 79.95123821441355, 30.032111131650392, 87.41170380176406, 104.5264720168808, 88.31260433653952, 83.54615336508643, 71.90803366385245, 6.534462427532095, 77.26504496207342, 70.07926089473116, 59.23517958089307, 64.66467823846851, 105.38270288887715, 63.781728013615265, 103.38246002584843, 32.198179398352906, 91.29365955115904, 23.709937470777657, 44.82155149698218, 63.480950743633855, 85.74963085176458, 84.42140954152642, 85.66831329751223, 68.6402160153884, 67.38484221938404, 52.11773036954069, 110.4897785827494, 77.45636446820285, 9.129414023010405, 81.41141088253127, 87.82302035150903, 97.49377321093554, 82.30623980701829, 74.91785573783383, 96.40822619850712, 101.47885318469488, 39.90741185402539, 5.5808172503466205, 83.12862193528697, 55.862091566585825, 118.16217596414879, 88.95893815320773, 75.8799108254422, 99.88847642909268, 62.055734526630154, 7.18715584236689, 40.405106100520804, 84.79817873159688, 76.66235684391984, 56.17481582495413, 110.09465923851167, 96.01381714790264, 53.899410513273, 103.54471441963122, 59.39827159493028, 91.66287817367214, 81.10726814620867, 58.77127984494172, 106.89042612753238, 88.56063918809352, 60.53726518311978, 51.302892641647816, 60.47002770910361, 28.99083088565116, 78.89482201437028, 48.49495254995356, 85.28943328614906, 85.85277422708734, 74.7821188111944], [53.51020792399243, 38.05259793356019, 58.37525208949407, 72.54229716503859, 50.296590464270786, 0.0, 63.42668132293962, 59.9150012799059, 91.3959595957115, 27.22499818808884, 72.84581230379442, 28.423225740997804, 82.18065181873651, 41.605804869622055, 79.97295748080393, 33.37072080334784, 29.91083872757412, 71.60941167256755, 94.23301825441284, 77.9834716377132, 29.48640184565681, 58.975715496711125, 61.77942378282158, 82.82355405366319, 48.62785350811575, 80.07541323522456, 82.4613364300627, 67.27788888266392, 85.77229917143424, 51.77005384593683, 56.66097729663693, 20.845671415133754, 82.06418130068052, 89.64997868307844, 38.026730468875755, 69.47968027928296, 93.00280999569945, 54.80339013838226, 64.92857061314844, 70.16394193693296, 34.96901345178113, 26.521205706520675, 81.86926295905265, 13.537713048409456, 69.40300614306454, 55.7337298033318, 81.26275750785301, 54.15474547292794, 5.493083854478431, 13.698853592679791, 88.71059199526246, 55.6107892506489, 40.67628889369708, 32.50496627508131, 78.98300306764108, 14.079898330458878, 79.54931298017299, 97.99205151284822, 55.15536009321078, 41.60333762874653, 82.63151220286986, 77.25589366764436, 81.16196704334159, 69.35808559146992, 78.78468621517423, 68.63809073029732, 36.86702593125994, 55.04998626003566, 48.65397143507391, 37.18907287979132, 87.97934361416768, 57.409886601859554, 56.5447606910713, 64.55848178025036, 85.42072176114654, 57.13999950166932, 50.16606332934154, 101.25599359980296, 27.09577360456697, 6.176376167455003, 80.2461294580689, 71.53062353347957, 12.575827225213146, 80.59695518924133, 42.34445964188431, 48.752331487460104, 88.84632445779944, 44.57387421669081, 71.53638273141267, 71.61361541619621, 10.268341852027968, 77.2043283912575, 26.29994184038953, 21.400768555256832, 78.75054651325918, 74.7050137411482, 100.74289647386003, 74.52327955343247, 57.359242846663285], [73.55861894039049, 44.05426053845202, 6.066925944030904, 89.97267647771102, 95.99086072965062, 63.42668132293962, 0.0, 87.6462719298486, 28.512932473096342, 45.46399803014211, 11.954460982227307, 35.015800550340494, 20.591339399178967, 22.55276521350812, 26.941773140345187, 55.738023214137996, 49.965544119407674, 20.76529473334683, 80.27839541145092, 64.24198744740936, 78.06107022091956, 104.86967244756642, 3.318245111422586, 19.41574393025123, 72.97806479816036, 22.879098745435915, 70.11461332271973, 58.37463439412821, 76.86058388977906, 43.11698971055684, 20.023101715118553, 77.31099445013643, 48.32362090188291, 39.291078916481396, 57.61770510345301, 32.40737131206068, 87.26227451085087, 96.67358795185704, 34.84355418020499, 52.31159100947603, 36.7717759955823, 37.007204815314786, 23.428586498056067, 57.780847144494395, 7.518114659652769, 76.64343737990086, 41.50855720409571, 82.49910367279669, 65.53265145579437, 55.125009174132614, 62.30621169108717, 12.20396714874485, 32.11692331951906, 31.12907610918422, 69.10205622039047, 51.03095340390428, 16.123061369734, 89.48046131763309, 94.98257404296102, 23.51905614355064, 48.765293222934645, 25.101599654846073, 53.65624542707426, 44.666455313268685, 29.598510458577366, 5.537165423626351, 57.03120522888685, 101.56080088146784, 14.776907097031957, 40.40366378978013, 24.552662491462964, 7.033228585163968, 26.176514109941902, 6.444283447958179, 85.9429473774109, 102.85369453985933, 63.844122730025454, 86.37157767568893, 49.94386838894866, 59.337802174662336, 16.948042552470664, 16.28081433865802, 51.36630173285972, 23.244402267361238, 37.91934079084331, 24.872305809577245, 68.50325637335627, 39.70139520202425, 11.564684923374859, 28.297200408096575, 60.679876757963, 84.98130997538613, 38.66405574578302, 73.71745428082758, 54.13850106973491, 84.2617180161068, 84.79501771357124, 37.40089152674476, 28.72172220413163], [14.39639734561512, 44.25272084850107, 86.29664745546823, 15.590053716699087, 24.886189333675496, 59.9150012799059, 87.6462719298486, 0.0, 106.04634408496844, 79.947724966448, 99.59492913735818, 67.1060748229527, 96.3053723663137, 69.3808329568051, 85.08804617325954, 90.71839171095516, 85.23437999608203, 79.91989434507275, 54.98558810530817, 47.71680505324026, 33.20923601451415, 28.115302660090055, 84.45828155699344, 102.0912017422142, 14.957739876611358, 89.37010199336567, 47.80730663773652, 41.544652464198876, 45.94036605412233, 46.07449937294419, 68.9287881107217, 44.3511653076779, 67.95024035654829, 87.33953821833552, 95.57000376365181, 67.88202991673013, 47.061047136156056, 19.563694246729238, 61.674332125877285, 50.425283046168346, 53.277069690994495, 64.10670944541793, 91.77531448622193, 71.97536037959298, 95.149503492321, 11.601480920620313, 73.22976209555506, 6.022641936142771, 54.77647221084107, 70.7080016601014, 63.73711673325269, 75.45775355058781, 86.05096999818208, 66.13799195776592, 44.22653021599005, 55.54706240205705, 100.10186649562283, 52.597765836358086, 16.42590463906007, 78.82363752895634, 68.27291836902195, 83.06355032013437, 61.81423093348077, 56.83206018202307, 80.94884845333124, 92.78461594502797, 32.15979568167036, 27.557004512932544, 77.28567366108201, 48.27909597164725, 106.89475281348695, 80.82787586094982, 63.64062802809324, 92.70169323799763, 37.18786731995259, 26.94609474652589, 24.189611505278823, 60.142336125956156, 82.38574196480762, 64.56562222067957, 99.1757598837596, 83.64046525850996, 58.1131089914801, 89.82100382180042, 49.80713453925132, 89.95154449523245, 58.08554869064625, 47.95700917405889, 99.15564932055491, 73.56350171911545, 69.67781029686417, 26.42794907757113, 59.021892792564536, 40.47932807280074, 58.36093689777394, 23.636793198023295, 60.730386957483006, 68.80368938482091, 61.84240781082997], [91.66109845240042, 66.20260343019301, 34.31757185023112, 104.63600750374744, 118.7446865450729, 91.3959595957115, 28.512932473096342, 106.04634408496844, 0.0, 73.78507618978901, 23.706181830337922, 63.15727995747777, 10.007741833952332, 49.84582765912116, 22.473313408206415, 83.30061446905623, 77.94006411065635, 26.12958505519374, 83.05077911129096, 70.8390808296654, 102.84761703589298, 127.13493627454955, 29.68480081821013, 10.081383021672824, 92.49348064814902, 16.96618089466064, 75.89048788439933, 69.11056543277354, 82.82500414050502, 60.058531018217884, 38.865016003091895, 103.6566745793631, 48.3979430063457, 28.69046403925213, 84.63551561729263, 39.25014601435141, 92.82716582273414, 118.33488589432035, 44.97573809385581, 60.69589627202613, 61.29910103709332, 64.87541018733712, 14.604170873552244, 86.28418441713526, 24.710091659528192, 94.48103500077508, 40.20576544727133, 101.74073207927854, 93.06896349880725, 83.61373510051048, 62.307249974626465, 36.296510806042065, 59.71624120321855, 58.89197021962148, 76.34400690790002, 78.40950975199097, 13.439785838750469, 93.3739914107699, 116.20363589950104, 52.00016412642596, 48.55516071716945, 23.751041621368504, 55.82960798898119, 52.495161452814756, 27.356840987572216, 24.125905515505654, 78.83849283139057, 124.19065847039577, 42.97103570549333, 63.375047239635585, 7.369929584115562, 33.998002365218, 42.99723578912835, 29.90546110184133, 94.54493279656967, 125.18368235924196, 81.9418388159549, 87.57731278731414, 78.14519827656052, 87.60492511364727, 11.757990293833744, 22.74972871994932, 79.06837077530228, 16.584240168647803, 59.39756683772016, 51.496684150679656, 70.41552804372836, 60.00443523547501, 25.35580813595149, 33.25068808890441, 89.13731169472172, 96.74744700962235, 65.7728957599654, 99.5735334635359, 57.94295054614131, 96.83947594032692, 85.71172646742376, 40.707262681320934, 44.426696053943324], [69.90120470310717, 43.45572606348824, 39.50583471853976, 89.72641356138925, 75.61535254432314, 27.22499818808884, 45.46399803014211, 79.947724966448, 73.78507618978901, 0.0, 51.96419971124031, 17.87542468191254, 65.97714827637978, 29.50589917529983, 68.48695004938122, 13.359919528057665, 6.407942880441385, 60.23916160929628, 100.76106548578579, 83.25877018229683, 54.43291528100581, 84.64358752506747, 45.057853742486095, 64.12829992048992, 66.17356517918695, 66.53332863248473, 88.74349377139414, 73.28044139988376, 93.72709043547869, 54.64704249050859, 47.533831617660354, 47.59511779948985, 79.32610798123548, 80.08450740846502, 17.57940747258644, 63.67067771347399, 102.72598942691266, 79.24055280003337, 61.2779071478162, 72.74702026026071, 35.05119930074929, 19.482508462664725, 67.73311474177123, 15.372898665036754, 49.51241414237462, 72.74616473830044, 75.84769846993946, 73.92572578539306, 32.055213599548686, 13.857572002427691, 89.69014821103958, 42.37843402757929, 15.378540580719566, 22.518824198668327, 85.95331719228147, 24.50952036796159, 60.67984697793237, 106.92401224622029, 78.9941019713356, 22.091603616014307, 79.8954770791208, 65.9464082858382, 80.9909403336667, 68.87267515276662, 68.96443106337968, 49.684915433607536, 50.02721051208997, 80.74861327757068, 32.40322289170225, 40.227686135474514, 68.84902351599231, 41.44892754291638, 50.403590671010434, 44.26959478374849, 97.08805465337929, 82.70872533918836, 63.285101976272365, 107.83270319378644, 4.820639572540756, 21.121839847652993, 62.04349369523351, 58.22402455878613, 22.163956417307098, 67.00039664185331, 43.59954732878581, 24.313026393527128, 92.37103149307816, 46.718016525368576, 50.42030432160432, 63.47588219300612, 19.208314602591535, 91.0763972616674, 24.245917711905243, 46.90631754338452, 79.54798945211054, 89.06720213312845, 106.86134330905809, 69.46170263430245, 52.33822950397987], [85.48778154156892, 55.9711065143014, 14.879320220089056, 101.70154527101462, 107.68155322890276, 72.84581230379442, 11.954460982227307, 99.59492913735818, 23.706181830337922, 51.96419971124031, 0.0, 44.59632098699475, 19.8016493767743, 33.48389048185919, 31.73682004364321, 60.34203589249745, 55.44412549593541, 28.193239063701114, 89.7882306546226, 74.44578320987078, 89.37188721385748, 116.61196039358738, 15.149164706203587, 13.658703076470573, 84.93246628345777, 26.038065476197694, 80.215043587806, 69.3414565309754, 87.08213273288702, 54.832941393790776, 31.51180341239423, 88.00433204173524, 56.43237565524472, 43.29103168865235, 61.337776110775714, 41.68510594677297, 97.49361956573111, 108.49941280061492, 45.12063016300473, 62.70357900989988, 48.45313887305794, 46.95884155410685, 25.437350401564974, 65.68966927071915, 4.446937504537043, 88.56636533792225, 48.88247492613059, 94.45349855117045, 75.45531516318395, 63.22053998267113, 70.79274920955585, 24.13915058802859, 37.1160006103561, 41.355422312779574, 79.51186018294285, 61.25915602692803, 10.528030479756907, 99.35248281541959, 106.85009375607966, 31.43163697568051, 56.805723635263945, 30.76783344981512, 62.53763329488015, 54.74244428533084, 35.64623760880917, 7.048369085449506, 68.92998906822162, 113.25819638362421, 25.135914527758764, 52.2751335178425, 17.43936569693555, 18.895159464674574, 37.54406378942995, 8.3111419872498, 96.778661562484, 114.59103390499855, 75.75702620306629, 95.54858999415835, 55.99849793149214, 68.24573554404145, 12.853218430087912, 22.922754927033637, 61.268847959729335, 26.187950612114385, 49.872667835569224, 28.456796618665127, 77.63089547875009, 51.64367077526891, 1.6595678578945943, 36.66923286801797, 68.9228320384675, 96.33722812725037, 49.300790119170905, 84.66804163059231, 63.46926613196482, 95.72772647107452, 93.87933670713663, 45.95701934462197, 39.97191865208679], [55.45464256204974, 26.581926041384342, 29.98277948849734, 75.01029475596364, 67.72704107475137, 28.423225740997804, 35.015800550340494, 67.1060748229527, 63.15727995747777, 17.87542468191254, 44.59632098699475, 0.0, 54.17927975984927, 13.95111571811573, 53.76234109058163, 31.235154934515425, 24.27334812917765, 45.323237757282406, 83.02436826861744, 65.48801349656105, 47.436474694274864, 76.92491394637823, 33.477346748990215, 54.42490093258134, 52.50197049727082, 52.926257336723495, 71.0360209149105, 55.654872713064215, 76.19284919474408, 36.896027046429964, 31.291398654640982, 44.095629473265454, 61.87960493216062, 64.62177932144199, 35.33644670939159, 46.70071190391843, 85.41666323503524, 70.10524281097757, 43.80227070893944, 54.876983589119924, 17.525708530982065, 3.090885210361866, 54.51107211606609, 24.24688503231296, 41.032599490733595, 58.48199174025321, 58.936340814956445, 61.16364645129491, 30.8646100405184, 21.399581078261235, 71.87600040107307, 28.109945685632937, 18.94492186126731, 5.105088759009778, 68.34138789908785, 17.00307034552646, 51.135144735263076, 89.45312363608286, 69.22799384499754, 14.139396793682126, 62.45311122150305, 51.0954559319851, 63.23068865187725, 51.07842263253509, 53.466879421646674, 40.21587831404476, 35.40939300421887, 73.21222944651107, 20.257976560468997, 22.97993504806897, 59.56614454197936, 29.17640314525055, 33.26219996607912, 36.28652097885438, 80.25823050167848, 74.9042212841518, 47.73244734105013, 90.07733131744475, 22.425960940901874, 24.4637561923337, 51.88033804210083, 44.35217697062237, 16.700482263371676, 53.43247198612803, 25.88405647862504, 23.938814936602355, 74.498143547338, 29.031261716688604, 43.350839976183465, 47.22493192207773, 26.482908731024835, 74.98879040862754, 8.102044305943325, 41.447828328520174, 61.715668597259665, 73.18928198048637, 89.07309000716779, 52.386068708391065, 34.978375140870256], [81.91060581332907, 56.19545015936203, 26.646270077351016, 95.36570618596431, 108.7416388927733, 82.18065181873651, 20.591339399178967, 96.3053723663137, 10.007741833952332, 65.97714827637978, 19.8016493767743, 54.17927975984927, 0.0, 40.57681954102251, 14.884594665335154, 76.29780541839067, 70.55624757645535, 16.557178474322924, 76.1024186949629, 62.79651779690035, 92.89253529455988, 117.14675213808452, 21.03291083108101, 8.766912520604418, 82.62262180419452, 8.598494352849638, 68.10505376416845, 60.22158234940916, 75.07932704716299, 50.25512946945786, 28.860100487369362, 93.88122180357608, 41.4641531058662, 24.497959655118276, 78.05243456557258, 30.325199549510074, 85.27505208916091, 108.36599055465162, 35.71866073070482, 52.11224320087026, 51.408687861194785, 55.71026811000165, 6.814275942939857, 77.75833235789808, 19.007465328664257, 84.76620636977913, 33.31230326672973, 91.91171412246285, 83.63544103763805, 75.02654522173684, 55.788092647135414, 26.708089736607885, 52.651434344852284, 49.71617189936351, 68.23423153728602, 68.96190539617155, 10.00784671690504, 86.24164134233249, 106.25501898478777, 43.9270933717458, 41.70868368703602, 15.33802328561428, 48.55442529004527, 43.840891403095505, 19.722505537351587, 17.428340330616816, 68.83681648847347, 114.191343393361, 34.25919192070882, 53.3859527051929, 11.57464661822402, 25.083250565013756, 33.044658818412465, 23.652316523481932, 86.32050308878588, 115.19268723229384, 72.15778592173326, 81.10712259594062, 70.50180251900231, 78.63393877382508, 7.450250606912155, 12.780742305480317, 69.7497130002473, 8.426920292661997, 49.38982501161669, 45.01722587353634, 63.518631616111186, 50.01288408170293, 21.240746982752484, 24.34205170863418, 80.44378255564447, 87.91775373372528, 56.297587412880475, 89.72795424253256, 50.307479226849054, 87.86766909900538, 79.30198669065304, 32.597422459211025, 34.55222081081935], [56.13472797518299, 25.266816554300135, 18.659189191766707, 74.52830507162324, 74.6633735395376, 41.605804869622055, 22.55276521350812, 69.3808329568051, 49.84582765912116, 29.50589917529983, 33.48389048185919, 13.95111571811573, 40.57681954102251, 0.0, 39.87634409981171, 42.32323096058064, 35.49110279022208, 31.453401222619423, 75.29770038431035, 57.81813940203913, 55.91215612462971, 83.71466684203476, 20.44069016040882, 41.62661397440909, 54.42400064262736, 38.986307416644095, 63.661969836312714, 49.09606141665559, 69.54917737218247, 30.51279186856698, 18.029762307833767, 54.76267616430829, 50.30171043374502, 50.96813466146518, 45.71371029956863, 34.28063866594703, 79.4280991052332, 75.96303227860321, 32.4770291099074, 46.28811932619459, 16.158048332324732, 15.155625824004355, 40.60331724498956, 38.16265329233989, 29.423397281195708, 59.275606678503216, 46.396829545296356, 63.7749319492476, 43.2562820757949, 35.326759507680414, 61.67729750114072, 14.186155622841287, 22.799945666543998, 9.17647062290009, 61.51105514249681, 28.635385507339794, 38.4924120221829, 82.85449537525669, 74.5698595244297, 11.689480727991034, 50.86158581124545, 37.22749834077917, 52.76432974522578, 41.00240453940907, 39.80275585180145, 28.03768339278132, 37.4080876731257, 80.24288724665927, 8.475083632595908, 21.172796723984977, 46.85709647404891, 15.996567759035777, 21.286407318198133, 25.397647199981066, 75.69538090802288, 81.68386905917787, 47.06714110430586, 82.15490101548254, 34.32301491778872, 38.18783508072016, 38.92805022194566, 30.408190251122196, 29.22300958411071, 39.49441637091217, 21.06519683697408, 22.32860556829264, 65.47259531104321, 23.92725044046752, 32.5166831344369, 33.99398198301842, 40.42790336673342, 72.16958920603898, 16.13048039784846, 51.243055709450324, 51.78583326419619, 70.82039426003115, 80.93673909973796, 40.10975736388831, 23.49538955522901], [70.8203596205543, 48.63703432364288, 32.37716869007654, 82.63094229584937, 99.86737031136576, 79.97295748080393, 26.941773140345187, 85.08804617325954, 22.473313408206415, 68.48695004938122, 31.73682004364321, 53.76234109058163, 14.884594665335154, 39.87634409981171, 0.0, 80.2909472263914, 73.89940257958486, 8.445570812048043, 61.24918641688349, 48.39885568091188, 85.98632690644264, 107.81640678457481, 25.43913222401547, 23.519502984891595, 72.24607729541319, 6.321743619143569, 53.53945654735229, 46.824878767323014, 60.4972587275771, 39.87260901998972, 23.336881673451675, 88.62973198991295, 26.583648221939107, 12.359980602547628, 82.82520249044254, 17.29223149360999, 70.60488420827535, 98.76224556951783, 23.41701408133715, 38.27314167492485, 46.226114228508095, 54.51154331938147, 8.213914454864645, 78.00890957407582, 29.267934390664433, 73.48735941359631, 18.42836870733875, 81.19054597476944, 80.45730286645606, 75.16144391417983, 40.90742897756213, 26.127300051872826, 57.34808383600008, 48.77750337444588, 53.8928435799651, 66.05751905725107, 23.946104896467205, 71.43064279425805, 96.40878578916393, 46.855777285414455, 26.824536083371225, 2.7176743763721314, 33.74297898434141, 30.126805446533805, 4.92437221947945, 26.717405193309574, 60.32957193859976, 105.14978667258914, 36.2388055746478, 46.67988105495533, 26.293687279770428, 27.762222931649543, 24.89441437871126, 32.373841861355785, 72.08167766519747, 105.93136328879703, 61.32410176582061, 66.22286387450065, 73.2596949347403, 77.42352296462963, 21.601228475317903, 10.826001315441934, 67.41024826134925, 6.457676988503547, 41.90614737685314, 51.24143372181933, 48.6509985431873, 41.65676366517787, 32.79606321432136, 11.531230195834949, 80.11796749958168, 74.37748117510093, 53.69645864337465, 84.00022433227511, 35.637712369016604, 74.55482618975408, 64.41954143367376, 18.23396096505058, 25.372457613443622], [81.63213008884946, 56.489308178155405, 49.67125304877111, 101.43326100303722, 83.61848038291794, 33.37072080334784, 55.738023214137996, 90.71839171095516, 83.30061446905623, 13.359919528057665, 60.34203589249745, 31.235154934515425, 76.29780541839067, 42.32323096058064, 80.2909472263914, 0.0, 6.972757507240113, 72.23188208018354, 114.05467525328828, 96.57317760094917, 62.62254259192965, 92.34441698276473, 55.87259964515057, 73.35008687410647, 77.56249378524487, 77.79221202713322, 102.02586640443, 86.53187173794402, 106.91999103623178, 67.96363102332276, 60.254606392915264, 54.13585908484173, 92.45671852984356, 92.17557197604081, 4.85192938514503, 76.60195913034381, 115.79390504213805, 87.90902235803648, 74.44905298438512, 86.10578762981663, 48.326524260484135, 32.770707988829145, 78.77442913516026, 19.842936240449312, 58.61113463611045, 84.35426563643703, 88.71102381288463, 84.73256433335001, 38.813381221073925, 20.326944940335952, 103.01178467475056, 54.41548564535087, 23.65607658361264, 35.825389673399144, 99.1900286094382, 35.41326082400969, 69.9156076939701, 120.07528670707732, 88.03868168700268, 33.436680028332795, 93.02325067961593, 77.84113172356365, 94.28483955021233, 82.18819968351212, 81.15273768630048, 59.28810857723931, 62.11222163972077, 88.41861294388097, 44.06647774163918, 53.40258719673507, 77.70573825113524, 52.71076448802851, 63.462432471096655, 53.39578649847034, 109.9075135976367, 90.50197818089846, 75.61615375380899, 121.13451551152595, 9.075568319657137, 27.448924283827463, 71.57734366263374, 69.74808657542341, 32.7157255263374, 78.23223900217276, 56.912439436750134, 31.901435176043726, 105.73056877201347, 60.01807751767159, 58.71112774645026, 76.070511060078, 23.269091554292004, 103.51639378957583, 37.37033654746486, 54.64143613493678, 92.88131019665481, 101.40353462013168, 120.18024024117071, 82.42496786068368, 65.47930345154519], [75.62970397908731, 49.75783186385449, 43.92119533869952, 95.45785189395018, 79.56629753710355, 29.91083872757412, 49.965544119407674, 85.23437999608203, 77.94006411065635, 6.407942880441385, 55.44412549593541, 24.27334812917765, 70.55624757645535, 35.49110279022208, 73.89940257958486, 6.972757507240113, 0.0, 65.75282942999274, 107.16209204971452, 89.66389275198665, 58.410433117897306, 88.46728023452906, 49.86574855921813, 68.10451506542789, 71.7373056013592, 71.63478378213892, 95.14157070616584, 79.6693031636614, 100.09811018011568, 61.05210078852171, 53.47370433332141, 50.71735097434556, 85.53663026306003, 85.66930375259528, 11.22004501773868, 69.74980916198764, 109.05254498245118, 83.52044026760468, 67.51403970596519, 79.14929975839398, 41.44425498194642, 25.87637633544719, 72.71419007476102, 16.695285568903827, 53.37493578422604, 78.41981368824611, 81.8873852465055, 79.22260440283127, 35.140029706634714, 16.241162355518156, 96.04013527040784, 47.894984287567894, 18.332759644236972, 28.85394219507568, 92.33822294946033, 29.694130045541527, 64.65464663261004, 113.28132420796392, 83.45468369956622, 27.105083042808502, 86.10416463369188, 71.40866875314488, 87.31772609124656, 75.21715440221382, 74.59884821244162, 53.826363561236775, 55.900863342107236, 84.54963496446676, 37.668969513367756, 46.58600194067684, 72.64029157748361, 46.50475958413785, 56.56171584599531, 48.123467970737465, 103.31481464611758, 86.57322706915916, 69.2860103684049, 114.23562278260049, 2.914938678715492, 23.752774196233215, 66.18382284608467, 63.46505135563615, 27.134381540315562, 72.08723022327383, 50.003504898801005, 27.096910382174855, 98.7714693019875, 53.11913308702174, 53.84621955068137, 69.34758049201099, 20.529368367080533, 97.13900297536382, 30.57558790489661, 50.62090708061465, 85.90864575702001, 95.08329693725602, 113.26739858196346, 75.56246627568258, 58.55233078355486], [65.53824565874163, 41.32955361600683, 25.533994265430955, 78.81836821345462, 93.31034438483391, 71.60941167256755, 20.76529473334683, 79.91989434507275, 26.12958505519374, 60.23916160929628, 28.193239063701114, 45.323237757282406, 16.557178474322924, 31.453401222619423, 8.445570812048043, 72.23188208018354, 65.75282942999274, 0.0, 61.847269967801914, 47.293464585652686, 78.59978669602344, 101.49938934788787, 18.608972858322904, 23.725883238727437, 66.4727291491231, 9.735545902069914, 52.85812075552634, 43.88716985663941, 59.81493035166855, 33.984073377675855, 15.082720339986569, 80.77274558003985, 28.255302320345148, 19.950308583861723, 74.91078201048582, 14.255400599508663, 70.161904033276, 92.5783136829928, 19.227982673562934, 36.10063830118059, 38.188824657449, 46.06786594924086, 12.079520230456021, 69.57012049278838, 24.8481295144005, 68.35178432320774, 20.92990817628908, 75.66236687631155, 72.19989189196686, 66.72126968813865, 42.59951427524257, 17.867735205720518, 49.57723013054414, 40.332994903215535, 52.60402759205496, 57.73776471082869, 22.916754421658045, 71.63625295141081, 90.35718166039517, 38.816086428351184, 28.640623715996377, 5.774380235497138, 34.417969326692294, 27.8439343118116, 9.15559581424429, 22.021264655557783, 53.49183296422705, 98.68259299805179, 28.179922620629437, 39.055547395054006, 27.80938535776184, 20.165232723842013, 17.52284189047456, 26.846427506702735, 70.47083918079073, 99.57610406648725, 55.836008817241556, 67.44224900479841, 65.02893610820323, 68.99525459126069, 21.11950475319021, 5.3039616305336645, 59.03890759807958, 10.238448549756745, 34.51405733853363, 43.98577124417773, 49.545092446292, 34.629591222558616, 28.902710028078832, 8.625551904091182, 71.67245730943192, 71.56557852633172, 45.317034134163315, 76.25325386477516, 35.56178058409872, 71.4323162696649, 65.74761995322258, 17.831012511037212, 18.55138465880896], [47.701766876444616, 58.12329647047981, 82.84802698730682, 42.175607253138224, 79.35005747722033, 94.23301825441284, 80.27839541145092, 54.98558810530817, 83.05077911129096, 100.76106548578579, 89.7882306546226, 83.02436826861744, 76.1024186949629, 75.29770038431035, 61.24918641688349, 114.05467525328828, 107.16209204971452, 61.847269967801914, 0.0, 17.572472352621002, 79.27638861030952, 83.04122125482907, 77.2141288198856, 84.56887303016224, 52.870570586839875, 67.50392944567504, 12.051428363396942, 27.622776258010912, 9.33010495864426, 46.129694715966416, 61.776661379536215, 88.4781650663396, 34.70913936511276, 55.35195072170624, 118.3214743958118, 48.12441011739875, 12.0087810643435, 74.50870686006702, 45.61511684165293, 29.094438429816723, 65.72834528248107, 81.28836076297365, 69.45271835032469, 101.09204523854, 86.04009561477659, 47.750851093681796, 42.91598012524104, 55.731368688547406, 91.03072833882015, 98.64671363083369, 20.9388373693771, 70.66153004262911, 98.0396500585372, 78.9311933964027, 15.268465091512956, 82.65527064671267, 84.43376972079547, 10.470835707578514, 71.3738850000925, 86.93945304065458, 34.51836296303484, 60.90086715582893, 27.58785001316856, 35.78206691524744, 56.38019609809855, 83.14880323897285, 57.65571073677043, 82.50997130719259, 79.02052933059045, 60.781187316903996, 87.53653160830851, 76.10244068878316, 55.98995470738205, 86.72002790763722, 19.904976181392115, 81.92818266370848, 45.64461468931256, 7.1109358934746245, 105.03585256489673, 95.88564929910073, 82.342824993072, 67.14239368202048, 85.3901363959517, 67.69127724458934, 57.16547452246947, 96.76113118025793, 12.63570469079715, 54.04312319774677, 90.29938173709775, 53.235015298486985, 100.78167005859943, 29.605176037718678, 76.77566380258372, 83.21773068451941, 26.32121822051595, 32.00441465251926, 6.5478580831569655, 44.04819601675793, 53.33319839117388], [36.84602165296302, 41.006086289689