instance_id,num_cities,city_coordinates,distance_matrix,best_route,total_distance
2745,87,"[[41.32910069199872, 70.63042290005728], [12.445724165204265, 2.3808450773598833], [49.79477514644842, 3.626011169415766], [23.12396695323772, 56.02355396982254], [8.112081691183093, 61.25426574242806], [63.11576674586165, 64.93030185526987], [67.13469520894132, 52.90243706072244], [27.890798444367128, 36.45802446071126], [46.858085689313874, 31.982303232273768], [15.119673067481498, 50.91679226684097], [18.600673145438652, 46.81137041198959], [92.00742174960325, 17.197645342878566], [78.48564979375993, 42.714931779701324], [79.71208225091902, 49.84710174903837], [66.44632024913356, 55.23694696591222], [55.67833060299048, 55.933450823509936], [48.70798556876038, 28.06328988052108], [9.974330129851927, 24.01495307222097], [17.987745798168643, 18.56249578088477], [99.26157810136401, 51.847059256533655], [24.398158772679857, 42.044226164544305], [27.4971923195399, 75.7004922445937], [52.15852485204253, 69.58836174906668], [81.55344841638995, 74.34915807503246], [96.84324694402375, 49.62090132026713], [18.61383812013192, 97.31078597311358], [33.66221838332343, 27.110055796401966], [84.69332405404847, 88.9048030288992], [24.28297333748548, 37.64156754855501], [68.24005536606288, 84.15974013283864], [57.39061114131573, 18.219702812477333], [20.246643284784195, 89.39988334854917], [2.3795010840248265, 5.964293113336138], [99.80168623358031, 98.37045680360141], [52.73593590574327, 72.68277261445728], [95.48179513114405, 88.01951516781808], [18.03408449702092, 53.64778706187635], [71.65670081898197, 2.739392685346098], [15.62381197204179, 28.171354654839643], [49.07744928851275, 5.751166889687676], [80.43445684292483, 25.372774422004106], [18.517278707903362, 22.775170584572237], [43.31632951125125, 30.04769835529212], [11.009255754182467, 60.4353065960748], [72.68338745602672, 15.26443231503598], [54.68029048089404, 53.49284331172973], [36.290732525254185, 25.497687633190015], [68.52564469005465, 28.7381174937688], [5.164395239327513, 37.9360311404623], [9.004272687127656, 38.37659771139003], [74.73425621398971, 92.49171431603264], [59.05784061582795, 6.730158911495209], [56.698431920413704, 87.94944774984923], [58.18870630183304, 69.18073982174784], [32.148507672670156, 11.512554529900187], [23.903968226866922, 74.74709526763579], [45.695738200490595, 12.425156399710291], [33.096478766117166, 74.0286268295354], [33.1021133779534, 90.27290402070756], [46.932753410902514, 21.489504586479], [69.80507195334111, 23.639213855400975], [67.06854763614518, 5.182064146091358], [50.11435840017896, 13.665572761040789], [18.75456330602536, 21.404877424976675], [49.94207312082207, 2.933494690415528], [16.071937138778626, 13.16005215054501], [35.32876937287157, 96.12064506016407], [58.15317380917996, 7.42123062885105], [80.7061197185596, 16.686869551401163], [98.63082999731823, 0.1922637074877831], [31.563794079549766, 49.99376605152279], [8.859330074715267, 51.73584467339636], [55.586409177907605, 85.84118176963385], [75.86982778178304, 62.09597470102858], [72.33787473150937, 42.34850829874245], [53.71228707992095, 94.6184346269508], [64.9737782535888, 68.10018427967461], [21.075908426273283, 19.754076024127464], [83.54629552948552, 15.007318284826422], [98.52132843917741, 14.647963339519654], [78.14035676816508, 87.06082948656453], [77.70060677601053, 56.563757661790014], [11.62543788130982, 54.603645876756445], [51.7189477549711, 19.463422748316905], [98.62488262810993, 1.521205154449079], [28.267446755062586, 49.9155380849224], [37.68631896559801, 17.532621529493486]]","[[0.0, 74.10974505802196, 67.53709229259174, 23.340683674460593, 34.514963050032485, 22.519995507720946, 31.30830864630849, 36.71976010809601, 39.04160382151137, 32.79575169359121, 32.92307215568672, 73.64342430042608, 46.474549870249035, 43.64859346438103, 29.45901932543615, 20.540238247335715, 43.20195314482195, 56.17938825116187, 57.060388035546914, 60.90145062764486, 33.22389859840054, 14.731846197354368, 10.879444796520847, 40.39588024977716, 59.35672186958182, 35.04033286684016, 44.190535606303776, 47.057505638178, 37.132668032187304, 30.120456607673958, 54.81656408433655, 28.226984533501195, 75.49026196281574, 64.71902920229378, 11.589996934586324, 56.876135987918, 28.82824482233605, 74.35694529145896, 49.6340039129264, 65.34029971183314, 59.812069228992605, 53.014190519263735, 40.631350086556964, 31.98801953083296, 63.627700036553016, 21.724431014997005, 45.41309223619098, 49.946143571770776, 48.752529913926914, 45.66403119355104, 39.9226812454099, 66.31404042203053, 23.155236214654405, 16.92181675668111, 59.82646278042657, 17.904810325981522, 58.36883219242085, 8.906393979654515, 21.295783264312327, 49.45938512047891, 54.94592493311389, 70.32785218232075, 57.63831108177744, 54.15500037401844, 68.24263610882174, 62.77553524137014, 26.186931888079158, 65.40987252571723, 66.78664967864047, 90.80210598779016, 22.83052384680003, 37.56715440783894, 20.84797425772518, 35.57946927587405, 41.969164406138646, 26.995703579043894, 23.779673767056558, 54.75942355788978, 69.82994563210858, 80.03116076337008, 40.31162158116484, 38.996891231799296, 33.75152094536936, 52.21121360895718, 89.7713239574882, 24.48904360061015, 53.222611445644475], [74.10974505802196, 0.0, 37.369801281200054, 54.69520167584795, 59.03270379966275, 80.4977500203407, 74.45344055418845, 37.41396095328542, 45.39225650442086, 48.60954815992519, 44.85482112839667, 80.92960702128508, 77.38288135716554, 82.32744653235193, 75.56342954281989, 68.82543019558322, 44.43579157804277, 21.774811531016464, 17.10438023639362, 99.91946176738801, 41.42516737821585, 74.84862960888888, 78.0637997766589, 99.77632798870124, 96.71899898693324, 95.13011777682325, 32.583331470159244, 112.72138656571903, 37.19461005518564, 98.99896499785295, 47.654089852275256, 87.36799963804215, 10.685033783129173, 129.78855753973906, 81.0287737629588, 119.28525012055316, 51.57062256403348, 59.21206222283937, 25.98558497271217, 36.786442538363, 71.77114034284017, 21.278916501060444, 41.45418006346301, 58.07223040080185, 61.60002352961652, 66.30380800063163, 33.211034814378934, 61.965016705447, 36.29309861266521, 36.15989209008019, 109.5437354655288, 46.81459100359956, 96.3342509546336, 80.9607704546668, 21.716072284547312, 73.26776592457446, 34.734012484696244, 74.56445732112921, 90.28676780464279, 39.42709797118088, 61.17199540462638, 54.69460368453728, 39.32265357301235, 20.042835579526326, 37.50042141891569, 11.37280641074679, 96.49240311440212, 45.984523912554046, 69.74341501068328, 86.21288973062691, 51.307804873544185, 49.48513117793116, 93.95076638406427, 87.11207508456033, 72.00335966352415, 101.04801898460491, 84.13220555471699, 19.39869155148682, 72.21301180525654, 86.94533823953667, 107.17501813566976, 84.81737864778717, 52.229242699095295, 42.82756765234394, 86.18344582442539, 50.09864214760362, 29.439156841409268], [67.53709229259174, 37.369801281200054, 0.0, 58.79485097522992, 71.12287015311973, 62.73487764941712, 52.2382903280255, 39.468028733712096, 28.50795405710043, 58.64111766492318, 53.27332590105069, 44.34068997412131, 48.48824602421652, 55.0584641881054, 54.230643072868276, 52.63729160943702, 24.461432958647627, 44.73674991811263, 35.13951747692307, 69.08135836244523, 46.05374432821168, 75.444768023893, 66.00468927783442, 77.52662017720326, 65.79581003738858, 98.73746940173568, 28.49139764486343, 92.14326376284515, 42.51952618882535, 82.61906476797081, 16.45212935256974, 90.72072114526324, 47.472895180976735, 107.13169995386741, 69.11936579490141, 95.9664905694187, 59.2530128682431, 21.879896856422235, 42.07289639523401, 2.2429541283467134, 37.57275351136137, 36.673861124379506, 27.204334426640695, 68.78671791415303, 25.677644366666485, 50.105580607281865, 25.704657135450123, 31.328315593169176, 56.294300609098556, 53.58608360288235, 92.29892150865514, 9.769345684060333, 84.60556975511187, 66.08994272143246, 19.328432992173106, 75.68713554001852, 9.707062411880441, 72.35579723693124, 88.24017791063557, 18.091311878252466, 28.300887972822785, 17.343716928387227, 10.044646853329258, 35.77125712679752, 0.7080083099381445, 35.04465352548646, 93.61902916407927, 9.179679675807245, 33.55737243781262, 48.956622381752, 49.82306055903006, 63.16855818365348, 82.41891349427824, 64.02066076918922, 44.80650759468638, 91.07671506166805, 66.23685630808728, 32.93763473063859, 35.61880514309633, 49.95758626504303, 88.118334670425, 59.84263064595632, 63.68373063518627, 15.953872437339495, 48.87544992152252, 51.05042771350677, 18.439320019745725], [23.340683674460593, 54.69520167584795, 58.79485097522992, 0.0, 15.897076610784982, 40.971626872120126, 44.12125986820478, 20.13784068456018, 33.782985794684436, 9.494616142877687, 10.262773152266448, 79.07200215873337, 56.93887381687452, 56.924189541699256, 43.32949394665276, 32.55448834212142, 37.898791226936126, 34.60438527136241, 37.81152798272982, 76.25207498444496, 14.037277894241404, 20.157058316471264, 32.04698991273426, 61.23587241048941, 73.996798601769, 41.532839881048254, 30.774098196829396, 69.79944321763737, 18.418488553363733, 53.1705407671744, 51.02287787100068, 33.500124690667846, 54.18729059195237, 87.59413686799209, 33.97643699821831, 79.11634996387947, 5.6170429782044335, 72.07376846171745, 28.844363945552548, 56.57646284509437, 64.99201903530074, 33.566003252134294, 32.90101184737634, 12.893013172713294, 64.16729820276021, 31.65763811494945, 33.24443158230251, 52.96987242769744, 25.489305566250945, 22.60046086599677, 63.19453043274697, 61.0006727239571, 46.33041540376769, 37.45193566595767, 45.41664239392276, 18.739781234523026, 49.094858467255825, 20.582362365423187, 35.67325868183511, 41.94590420288842, 56.814356008646364, 67.20106590592984, 50.22628597201496, 34.893329648357344, 59.479115769375525, 43.43973886564269, 41.9134097397175, 59.910192514268665, 69.73578032920648, 93.90643928461246, 10.372512919331855, 14.895110482529569, 44.07835163431263, 53.09425701599989, 51.078523793413936, 49.24642262246495, 43.55745292732153, 36.32725662891616, 73.02868874862263, 86.00407908377294, 63.167361982040966, 54.57931324571139, 11.585866813092824, 46.41461108298992, 93.11763685863599, 7.985188947167922, 41.15354147892826], [34.514963050032485, 59.03270379966275, 71.12287015311973, 15.897076610784982, 0.0, 55.126387611534874, 59.610585878644216, 31.718310454748362, 48.560278160437306, 12.488782757164062, 17.849587564430838, 94.75976933566248, 72.77462463846538, 72.5029893902746, 58.643767899019636, 47.86291995837068, 52.43727958526439, 37.28584687782713, 43.81912783252688, 91.633652277413, 25.184557317695983, 24.175937918217468, 44.82796349791825, 74.59966857613259, 89.49052941460184, 37.55475388334747, 42.64547523272971, 81.42013813590872, 28.619176309450065, 64.34309578577015, 65.42436145152261, 30.650014282197215, 55.58636122056651, 98.91711287755376, 46.0640763967578, 91.37748849352468, 12.502186112706106, 86.38234188179572, 33.924992230531906, 68.98373231886934, 80.73417719260493, 39.86112001843511, 47.044541794608115, 3.0106995258099003, 79.27495384329276, 47.210568181603776, 45.52547902999525, 68.60829753861708, 23.503806508111964, 22.89505840376093, 73.58187502052319, 74.62136810672268, 55.437046918164754, 50.700072226044014, 55.244797115330485, 20.77113692006842, 61.61828588830348, 28.06072697529015, 38.29599262627112, 55.5723022967368, 72.25591447037719, 81.36311614349403, 63.47341922738836, 41.24604422483793, 71.77088907840653, 48.74846335802067, 44.23135194735542, 73.49902427856756, 85.18302154988486, 109.18888170241736, 26.015027719292334, 9.547707567478074, 53.463335193809556, 67.76297388138453, 66.9505799540101, 56.50262380500602, 57.27232435106608, 43.477885761296875, 88.48220593175164, 101.71518726921299, 74.63201754299314, 69.74642420609237, 7.521596660042848, 60.39895136559571, 108.44632617407981, 23.125861837979958, 52.78463491439368], [22.519995507720946, 80.4977500203407, 62.73487764941712, 40.971626872120126, 55.126387611534874, 0.0, 12.68153450916984, 45.29314486623762, 36.740751306926015, 50.00003459367635, 48.061307045280316, 55.795467796095764, 27.013995863265723, 22.426337502767364, 10.249571486125205, 11.67299382621983, 39.58232851151514, 67.06771243789309, 64.70325891952585, 38.4407455110453, 44.975833818692124, 37.21128652956929, 11.906245079531288, 20.704177304889367, 37.03944742107472, 55.03560123334233, 47.93623392693352, 32.254731217488704, 47.46220458385915, 19.90049321835895, 47.06014736093369, 49.36114022971246, 84.65154548795329, 49.63970841602314, 12.95537306068522, 39.757660454675396, 46.47206918621749, 62.77465044285868, 60.05585706259272, 60.82141376446211, 43.18257754363081, 61.368397630390014, 40.11002046551381, 52.30003317500066, 50.57902691077709, 14.211710585008104, 47.69186015793614, 36.59427534776374, 63.93005639691439, 60.275641788612305, 29.910211539761665, 58.341438130651305, 23.896930011569193, 6.507084410547378, 61.74485293385354, 40.421956607706505, 55.31950554579291, 31.367772763589308, 39.28188988585703, 46.35723015827902, 41.829424480522434, 59.878847568395074, 52.88770242765217, 62.148040536027416, 63.380993226380916, 69.95198823900452, 41.77265531715271, 57.722791009968645, 51.35026074093556, 73.83991671838919, 34.908839581863944, 55.83775264616594, 22.225123715719956, 13.065201235544667, 24.392307720438648, 31.141783142535612, 3.6742837869980276, 61.7109477149512, 53.94173518671094, 61.49688907116917, 26.748804806529133, 16.814179148756708, 52.51565281207372, 46.87349548345419, 72.67469198526389, 37.945336172716466, 53.78844592171859], [31.30830864630849, 74.45344055418845, 52.2382903280255, 44.12125986820478, 59.610585878644216, 12.68153450916984, 0.0, 42.54999575826023, 29.134050405181377, 52.05290879119076, 48.91474614653408, 43.51418937750261, 15.252194394166624, 12.943173438941942, 2.4338850800149774, 11.850541524111483, 30.927768442020557, 64.04525015300284, 59.95543514551244, 32.144212958058496, 44.094356673318025, 45.726173636924244, 22.421100804018295, 25.843031678248536, 29.88923757829822, 65.77518548630127, 42.256995114721505, 40.055908455891505, 45.48806662868854, 31.276841535217017, 36.02553579409124, 59.41845671822226, 79.9776501491584, 55.986365500384785, 24.466016105810503, 45.13055781595439, 49.10626761328713, 50.36645268175252, 57.140156884734424, 50.490656650243196, 30.573942901144168, 57.195326492296225, 33.00990193566764, 56.628694823617835, 38.04480762060944, 12.46839110195197, 41.25979065892753, 24.20431946146943, 63.751952005361495, 59.91782732515587, 40.31208504986158, 46.873391701560315, 36.567862251863126, 18.574548670309905, 54.19553205051503, 48.43640002699955, 45.804357077908506, 40.06140377915435, 50.544717101693514, 37.348236625612266, 29.384811456286325, 47.72041875982274, 42.769421145899834, 57.72983133485588, 52.843934901480786, 64.70596896794503, 53.66032445832367, 46.359549880826826, 38.6749388266158, 61.403329563922306, 35.689625582187155, 58.287040749428485, 34.90449560233478, 12.681627474770192, 11.766838549798324, 43.822203195726736, 15.350605285105154, 56.74703233917809, 41.29625469846574, 49.482577794770904, 35.887607324451174, 11.182296534564298, 55.535319936964115, 36.82136537052709, 60.26327983026321, 38.98184921046171, 46.02424050522367], [36.71976010809601, 37.41396095328542, 39.468028733712096, 20.13784068456018, 31.718310454748362, 45.29314486623762, 42.54999575826023, 0.0, 19.488203250864498, 19.291386934684226, 13.910363059842917, 66.9470207539379, 50.98026944088846, 53.523012303045824, 42.88561754357938, 33.93286276575144, 22.44608759770497, 21.81352475974694, 20.45288239940452, 73.01103054192998, 6.5881849816281735, 39.244441689882066, 41.06752724279829, 65.69184126357081, 70.19758885686622, 61.55583300177773, 10.986073286697607, 77.31229849007882, 3.796995686411601, 62.47812586975937, 34.68249307214648, 53.49087333932323, 39.75794190465216, 94.89112214135609, 43.9262249035471, 85.01252941214578, 19.81521506631264, 55.24853246437395, 14.803643253731737, 37.30663849610234, 53.70026821464656, 16.585637233632248, 16.70446914670518, 29.32399260331633, 49.55344971245369, 31.746841368270843, 13.808978091660741, 41.36166936898113, 22.774413414694653, 18.98372404184938, 73.03481316890434, 43.07122598475557, 59.0020882582254, 44.595283619895426, 25.306215796554334, 38.49607458483076, 29.90977477275057, 37.92953031568608, 54.066616922033575, 24.220913198573825, 43.83067680426454, 50.130646568097895, 31.833668836490936, 17.608748626251543, 40.12670944864415, 26.124337241851904, 60.12446846607068, 41.939799221679465, 56.39465158810812, 79.49438638748376, 14.02523430639559, 24.40509329537973, 56.61928187200538, 54.3993726865081, 44.835704414240546, 63.6347592598672, 48.748063238860695, 18.04063799677731, 59.646183039954586, 73.92124548097054, 71.31382746860031, 53.71459311572613, 24.368535672475225, 29.26768161182832, 78.89164726731993, 13.462783400759976, 21.310164203750322], [39.04160382151137, 45.39225650442086, 28.50795405710043, 33.782985794684436, 48.560278160437306, 36.740751306926015, 29.134050405181377, 19.488203250864498, 0.0, 36.95729577165832, 31.912107374714097, 47.50840615713605, 33.398983917447275, 37.39700678014964, 30.405219754985566, 25.523600672209554, 4.333681485203087, 37.73446823188361, 31.83689302464371, 56.04225681468552, 24.61078239706111, 47.81343161280824, 37.97776049856337, 54.76055682725264, 53.00600426526331, 71.17266454172871, 14.066616829702404, 68.34966163203083, 23.273653995434607, 56.38859413719979, 17.330414383737278, 63.28465353668695, 51.529422071657244, 84.9141435404081, 41.122710648701606, 74.1918744970946, 36.05851126022921, 38.34213256464769, 31.465905099096084, 26.324856858277307, 34.220733056713186, 29.7988696421515, 4.035682452186491, 45.76802386097139, 30.764158030851533, 22.88864832862135, 12.398354421528797, 21.909081545251993, 42.116632098780485, 38.39007893571122, 66.621841109535, 28.04469313550129, 56.82564279794024, 38.885815513705865, 25.20679069945345, 48.53574915778652, 19.59165750811353, 44.2411025309521, 59.891743291604676, 10.493064313623535, 24.416619728208538, 33.5665843835928, 18.60392235855975, 30.02815190878175, 29.212056692044754, 36.08412501861813, 65.1663412135121, 27.033780776394227, 37.14350143875708, 60.753795487767285, 23.62896842296952, 42.82648511988973, 54.56154715753251, 41.815241103789475, 27.507778120285668, 63.01003914293536, 40.406430780725024, 28.535069740179306, 40.42492863620827, 54.493761027743844, 63.34212293723133, 39.439941795769826, 41.86961445489967, 13.429458238996144, 60.06396391688946, 25.830462021883225, 17.114748205741297], [32.79575169359121, 48.60954815992519, 58.64111766492318, 9.494616142877687, 12.488782757164062, 50.00003459367635, 52.05290879119076, 19.291386934684226, 36.95729577165832, 0.0, 5.3825505245217204, 83.95657667321173, 63.89458131896446, 64.60126594676377, 51.508139624079796, 40.867732554631644, 40.625820705618935, 27.389478016183652, 32.481169041302515, 84.14704735998177, 12.83794088712026, 27.702613007121496, 41.478959105168755, 70.44517211617939, 81.73384770399636, 46.52538921312562, 30.17592895277595, 79.26904738458059, 16.13064360647912, 62.664731694701096, 53.440919382328985, 38.82311325502062, 46.72300463705119, 97.07159024055765, 43.45964945107142, 88.5137430529389, 3.9940113358803013, 74.27985822151895, 22.751023893366558, 56.507205572271836, 70.13214546333414, 28.34598022640537, 35.07948852673065, 10.368107133189655, 67.71020590973768, 39.64440047618669, 33.080880262487604, 57.82811962739923, 16.358719878274034, 13.951867305152858, 72.67993304295419, 62.31389198875576, 55.67953627566836, 46.781549825011844, 42.92639234364121, 25.397779087095245, 49.15792703873705, 29.28006898864578, 43.2697549323141, 43.33632819194243, 61.111039389768465, 69.21236107249656, 51.11048186237162, 29.73492129936973, 59.28740500125376, 37.76874675007096, 49.515612495867956, 61.186159123530075, 73.98154900662527, 97.7092172178677, 16.470005866838953, 6.313694736979404, 53.453435002566984, 61.77018227031893, 57.856184559849225, 58.30285928909562, 52.7323502697743, 31.72682813130241, 77.27672989472713, 90.94649014941936, 72.6498313875701, 62.83519302113313, 5.07962292667743, 48.257863211285425, 97.02084337884497, 13.185843275143954, 40.29586036941447], [32.92307215568672, 44.85482112839667, 53.27332590105069, 10.262773152266448, 17.849587564430838, 48.061307045280316, 48.91474614653408, 13.910363059842917, 31.912107374714097, 5.3825505245217204, 0.0, 79.15505955467356, 60.02492180451458, 61.18676317315805, 48.581851416319246, 38.18330831101191, 35.467460932098476, 24.373970488032217, 28.25552331592726, 80.817942008244, 7.505764709476247, 30.22795748432558, 40.557622533029495, 68.7123108597705, 78.2929998055484, 50.49941727714935, 24.79903108057281, 78.35876194530942, 10.787669814505286, 62.120600351658375, 48.188616351219174, 42.620307974569116, 43.95008699522861, 96.18702571593658, 42.8315959968443, 87.22853954984132, 6.859855341577162, 68.97304758551384, 18.8762255197504, 51.134862837089, 65.4448638501856, 24.036344496943578, 29.864433201007387, 15.596193611144134, 62.61109558611565, 36.69306292997158, 27.698578924859977, 53.09562368761378, 16.102956596692575, 12.776395902876956, 72.37176913206949, 56.94985439028346, 56.06942688071556, 45.4708814185739, 37.80939331773116, 28.434656001630646, 43.77846804578446, 30.836786919050645, 45.816991088884464, 37.998732361143944, 56.203552350023, 63.89158002293288, 45.735721927750085, 25.4069590482738, 53.92171483043601, 33.74619573410331, 52.06950902133951, 55.82099444555293, 69.02587953910023, 92.61839512571018, 13.348039045451946, 10.915320039870027, 53.7705388151985, 59.27373112124827, 53.922202964491895, 59.3156035283934, 51.02625278486046, 27.17027731339752, 72.31480898514856, 86.14984560108059, 71.8678849117618, 59.89917538838136, 10.458176892209936, 42.95032426568375, 91.95147183368947, 10.15294878158079, 34.95006455640438], [73.64342430042608, 80.92960702128508, 44.34068997412131, 79.07200215873337, 94.75976933566248, 55.795467796095764, 43.51418937750261, 66.9470207539379, 47.50840615713605, 83.95657667321173, 79.15505955467356, 0.0, 28.87854262120389, 34.887854290650125, 45.82966700605018, 53.10617186139677, 44.64194669587434, 82.31587820931675, 74.03225813571753, 35.400630911547125, 72.03030625237096, 87.08704149714201, 65.82341338388683, 58.09975013737222, 32.78189642906974, 108.6495900572847, 59.1812355130549, 72.07920982161184, 70.74287856651968, 71.05497761219156, 34.63189538793986, 101.7977037997633, 90.32913353480252, 81.5461579676458, 67.97682655675965, 70.9070413703395, 82.46615945719375, 24.963832083738097, 77.167856901136, 44.42976934994545, 14.169200831083392, 73.70149192595251, 50.35818032639326, 91.81611103323799, 19.420494689640172, 52.06396185798337, 56.331520129885135, 26.16441001321865, 89.2848917732103, 85.66254010776952, 77.24997780035145, 34.57228903446279, 79.07301882812385, 62.01570467338335, 60.1282783058144, 89.16288223451306, 46.55694023307175, 81.85511382888842, 93.86068817769655, 45.278535550641976, 23.117918188649725, 27.682514942531782, 42.041697081852526, 73.37357884107533, 44.418009287867285, 76.04275101459417, 97.1664011869177, 35.23759907076968, 11.312838702378402, 18.24972715908884, 68.76785338697158, 90.03606145412046, 77.70730499714227, 47.71039633269821, 31.928936520367415, 86.37416252987822, 57.63580788781954, 70.97756631616618, 8.740033726136254, 6.99513106944618, 71.22611873388865, 41.885268935435626, 88.65930411718253, 40.35213605333857, 17.01592094069473, 71.64666717848468, 54.322135605258204], [46.474549870249035, 77.38288135716554, 48.48824602421652, 56.93887381687452, 72.77462463846538, 27.013995863265723, 15.252194394166624, 50.98026944088846, 33.398983917447275, 63.89458131896446, 60.02492180451458, 28.87854262120389, 0.0, 7.236849110178167, 17.370846847744918, 26.36101391034062, 33.18704411421169, 71.01753393177214, 65.14089769520152, 22.694381447746498, 54.091649364551834, 60.72783541987493, 37.620456483344036, 31.78263144695906, 19.61361232477579, 81.02679265644612, 47.46211286763643, 46.60514376910906, 54.439591839445704, 42.69243896294913, 32.326721112801465, 74.64091761318444, 84.5148230419614, 59.59790999011391, 39.511001627546534, 48.38774878314044, 61.43223153562698, 40.55463315065794, 64.52229296848333, 47.235179387835785, 17.451311433070195, 63.19651578378174, 37.381009774511796, 69.76442815803115, 28.05701639689205, 26.131561549338798, 45.57240984736952, 17.16254757456721, 73.4768280531733, 69.61668555111135, 49.917943001084886, 40.89429847583305, 50.208010294316814, 33.35273467697855, 55.86339665638834, 63.286803208784924, 44.63909491538477, 55.14276329900967, 65.73755472544713, 38.02767452372178, 20.957944698157878, 39.23093644662969, 40.60536214263476, 63.41861800454616, 48.962215086459125, 69.05767471666341, 68.66357505007915, 40.73149789277398, 26.122605345700215, 47.05322077619646, 47.4830703727318, 70.20827064566012, 48.82876876367922, 19.556772471874602, 6.1586852804334695, 57.5125473959019, 28.757289806334086, 61.83105450265244, 28.16597203797326, 34.48453473956973, 44.34724197400668, 13.87105875022259, 67.90897922851774, 35.455451065666246, 45.85315487981363, 50.73181100255165, 47.94511597194783], [43.64859346438103, 82.32744653235193, 55.0584641881054, 56.924189541699256, 72.5029893902746, 22.426337502767364, 12.943173438941942, 53.523012303045824, 37.39700678014964, 64.60126594676377, 61.18676317315805, 34.887854290650125, 7.236849110178167, 0.0, 14.318899152863423, 24.79243560706832, 37.89179951651275, 74.36836677082938, 69.19985752236028, 19.651529661539136, 55.86156995595086, 58.26484815617138, 33.895661547193605, 24.57114961815031, 17.132658006749978, 77.3679310566593, 51.35721196556902, 39.374062517958265, 56.75703639247249, 36.17961516799626, 38.71098598575392, 71.4182117088751, 88.91585350032885, 52.51769391292185, 35.34374535204328, 41.301537387111495, 61.7949885975965, 47.79147856306051, 67.65459629197476, 53.69294374367501, 24.484985667996455, 66.91556947110199, 41.43268265796128, 69.51394428834759, 35.28970920397658, 25.295889602064324, 49.78260318407997, 23.88986399275509, 75.49325295561647, 71.63216314049922, 42.934155785842314, 47.80866508465484, 44.5131089938714, 28.931734710732677, 61.08871530124837, 61.11100774940464, 50.571866252741906, 52.514385109900864, 61.69874137814253, 43.343254562110744, 28.017891442465483, 46.4200878028861, 46.745355887552904, 67.26647932229928, 55.562037137391954, 73.45752295127164, 64.11801051652553, 47.58929578703631, 33.17512788051147, 53.1368229876844, 48.14851154761526, 70.87792209691857, 43.33153468035558, 12.837359853162672, 10.517026208588563, 51.773174488326454, 23.460448132717705, 65.9074432676175, 35.05013128789551, 39.90948617738605, 37.24690394000368, 7.011383617836064, 68.25258862162347, 41.31323672295736, 51.894954473228026, 51.444681015957336, 53.013115467525516], [29.45901932543615, 75.56342954281989, 54.230643072868276, 43.32949394665276, 58.643767899019636, 10.249571486125205, 2.4338850800149774, 42.88561754357938, 30.405219754985566, 51.508139624079796, 48.581851416319246, 45.82966700605018, 17.370846847744918, 14.318899152863423, 0.0, 10.790492048238264, 32.450826747979136, 64.5282772955387, 60.77210550526179, 32.98988461014327, 44.06921562375227, 43.99762779796771, 20.251029692025046, 24.361895142650354, 30.911375271710195, 63.70364412987032, 43.196288521229334, 38.294616850604314, 45.687473114987895, 28.97836175919044, 38.108820923251145, 57.458823290199156, 80.82296539728374, 54.52595813806868, 22.188543697208125, 43.79218628404469, 48.43831128062506, 52.75548569697411, 57.58014965875178, 52.445401211156344, 32.97782235228514, 57.88747661535345, 34.19787591506449, 55.68025738681415, 40.45618537205179, 11.894593480385591, 42.353075645476906, 26.58028505348181, 63.677280259970246, 59.8653506220436, 38.16552859412738, 49.06626252984737, 34.13398650038217, 16.20547892871743, 55.57123753731419, 46.80275208085206, 47.57558267474819, 38.279748680460564, 48.3668731531564, 38.98293418796584, 31.775744692038543, 50.05875009453537, 44.66443922313543, 58.47317855002589, 54.8456132540018, 65.63568809003445, 51.37877715943311, 48.529568375381345, 41.10292385674087, 63.76331094564699, 35.2743756581561, 57.693319843905755, 32.47394118976418, 11.65541743949984, 14.171177279823976, 41.389094833677404, 12.9472489015548, 57.59781592428043, 43.71306644936602, 51.73269509908549, 33.90442432480933, 11.332228017990998, 54.82454025211971, 38.68643865140201, 62.61661756381801, 38.54794123886453, 47.421027302709696], [20.540238247335715, 68.82543019558322, 52.63729160943702, 32.55448834212142, 47.86291995837068, 11.67299382621983, 11.850541524111483, 33.93286276575144, 25.523600672209554, 40.867732554631644, 38.18330831101191, 53.10617186139677, 26.36101391034062, 24.79243560706832, 10.790492048238264, 0.0, 28.72858473514346, 55.746265865506075, 53.077005037279356, 43.77439957947039, 34.22513274424187, 34.422557741890785, 14.10126323806825, 31.7594079830069, 41.646111686388664, 55.55052175357584, 36.26978492020162, 43.92015381595066, 36.33540217987512, 30.8953125440917, 37.752598502375875, 48.73814288796962, 73.05944121300125, 61.219032895479685, 17.005806861513275, 51.125642426780935, 37.71357214210885, 55.542021352896754, 48.73498175269499, 50.6145557615848, 39.329641856049506, 49.80376819431722, 28.686081151631825, 44.8953555865792, 44.081073319709354, 2.636787650128894, 36.08621121981466, 30.07722783381817, 53.62429282677834, 49.86693066084849, 41.22662890027094, 49.31921555444493, 32.032244159365035, 13.483050543262609, 50.26796787875814, 36.92645828778064, 44.63881533757906, 28.937439884542968, 41.096029371151985, 35.53689002715694, 35.24886611697009, 52.013847134616256, 42.63251461710205, 50.55281369358514, 53.30947382981439, 58.29433966757288, 45.04570149162876, 48.57530604237396, 46.54765697177076, 70.37042805982581, 24.835271831226894, 47.00679427336122, 29.907872206061853, 21.11097484395677, 21.496303728113453, 38.734910597638994, 15.311262195468101, 50.06270849015225, 49.513349651566166, 59.49801627266439, 38.385626501050815, 22.031294436577017, 44.07295926465926, 36.684324449859474, 69.31882002455411, 28.06371014413184, 42.406793951302866], [43.20195314482195, 44.43579157804277, 24.461432958647627, 37.898791226936126, 52.43727958526439, 39.58232851151514, 30.927768442020557, 22.44608759770497, 4.333681485203087, 40.625820705618935, 35.467460932098476, 44.64194669587434, 33.18704411421169, 37.89179951651275, 32.450826747979136, 28.72858473514346, 0.0, 38.9446414102572, 32.15584270527411, 55.868894777719305, 28.043435207430488, 52.14595669212315, 41.66818708599343, 56.75566953348974, 52.742146322006946, 75.50412853449409, 15.075933318289046, 70.68687507653047, 26.235941484610112, 59.39960842865409, 13.125707340915012, 67.61823498781816, 51.32927169528546, 86.91181719637498, 44.80092212623788, 76.0430023846984, 39.943143378828296, 34.175185453594025, 33.08435008539929, 22.315181733481126, 31.840349447562616, 30.650334197955907, 5.745244297435752, 49.690458801108235, 27.17776022113503, 26.121458873389734, 12.679530276708755, 19.8291453511093, 44.64879929811355, 41.021325368659056, 69.48660762291644, 23.711220475482083, 60.41687791709154, 42.19631210529898, 23.412457129429896, 52.86413681995527, 15.925603692523044, 48.54411751680522, 64.13719153741214, 6.809265915387399, 21.55596211247608, 29.337019796499757, 14.46624148815193, 30.684555751678378, 25.16007906153726, 35.87782256436832, 69.35998140184591, 22.700356628176937, 33.96032285731925, 57.17590835112195, 27.836470446261597, 46.349813323300175, 58.185887485685704, 43.54295934473381, 27.61230028628715, 66.743017056714, 43.21491553612929, 28.854370936127534, 37.20438462368577, 51.58817804620962, 65.93158692149167, 40.65524256745051, 45.60159908817838, 9.111729143162481, 56.534758101894134, 29.922172023117685, 15.243756447496754], [56.17938825116187, 21.774811531016464, 44.73674991811263, 34.60438527136241, 37.28584687782713, 67.06771243789309, 64.04525015300284, 21.81352475974694, 37.73446823188361, 27.389478016183652, 24.373970488032217, 82.31587820931675, 71.01753393177214, 74.36836677082938, 64.5282772955387, 55.746265865506075, 38.9446414102572, 0.0, 9.692477556696694, 93.52453573785408, 23.08899133689555, 54.57513773558132, 62.100256543644726, 87.50487053840635, 90.56419432727883, 73.80325344420585, 23.889238388491705, 98.96272369152102, 19.759096450242716, 83.73941812473187, 47.76911795847984, 66.18692865508486, 19.583353982059023, 116.60915418496681, 64.78511856536517, 106.80875685072057, 30.709355100971674, 65.24848138927686, 7.013723633080218, 43.158079355524166, 70.47320863448903, 8.632440618035638, 33.8833725948237, 36.43505484901029, 63.316644606765145, 53.549686309832616, 26.358139858780355, 58.74150763200398, 14.728607817209129, 14.394368627486177, 94.24921674403973, 52.03801601527077, 79.18813861822018, 66.0649253564782, 25.455925027612906, 52.60974310191602, 37.554525445799854, 55.0999212364285, 70.17841849075268, 37.04460745473541, 59.83192163977415, 60.12010793370101, 41.45276278329464, 9.159966676375758, 45.18681629962481, 12.450288561102251, 76.43349008378523, 50.95637941224558, 71.11038508199296, 91.80139158704853, 33.77874594251307, 27.743306513230735, 76.83062091400069, 76.10769224650932, 65.00254566189567, 83.05335926869644, 70.48721092886473, 11.891177985823933, 74.12133010967871, 89.04106584180258, 92.85143897919892, 75.14168768774068, 30.633221905264303, 41.99201744328115, 91.45976795091198, 31.709279712155755, 28.460058809889258], [57.060388035546914, 17.10438023639362, 35.13951747692307, 37.81152798272982, 43.81912783252688, 64.70325891952585, 59.95543514551244, 20.45288239940452, 31.83689302464371, 32.481169041302515, 28.25552331592726, 74.03225813571753, 65.14089769520152, 69.19985752236028, 60.77210550526179, 53.077005037279356, 32.15584270527411, 9.692477556696694, 0.0, 87.82538347774191, 24.341015926100148, 57.9239174523757, 61.4107575181379, 84.57393356862046, 84.75148739469233, 78.75077904246471, 17.853567515811434, 96.94160283090729, 20.09081554560901, 82.63348645360074, 39.404356412322876, 70.87339483379169, 20.058215611295733, 114.29274470486982, 64.31516990799817, 104.06538917497237, 35.08532188176468, 55.9529027361238, 9.895370230258596, 33.62588007883119, 62.816969168187036, 4.245825491481646, 27.810915682260564, 42.45034285914202, 54.794985527779694, 50.6603593939029, 19.572843665654478, 51.55213382247344, 23.232997909949802, 21.755491822738662, 93.19708041344717, 42.740576553460784, 79.45480679983028, 64.63995556308461, 15.818623470728092, 56.49522906681992, 28.379566199060307, 57.487089902019385, 73.28592468720642, 29.09262528974049, 52.065423807740586, 50.872006642082646, 32.49767826079158, 2.944001104114295, 35.571684100266665, 5.732078157038024, 79.47312513199272, 41.682003268744815, 62.74641345105474, 82.70896236552356, 34.23790060392554, 34.4063809541848, 77.07192145208023, 72.42581861220806, 59.32715151235936, 84.028261219355, 68.27642219467077, 3.3100773244304245, 65.65487590348509, 80.62866424064514, 91.16116677051912, 70.77938732922328, 36.59840791977262, 33.743231244965855, 82.4181619689818, 32.99523470869604, 19.725476567278346], [60.90145062764486, 99.91946176738801, 69.08135836244523, 76.25207498444496, 91.633652277413, 38.4407455110453, 32.144212958058496, 73.01103054192998, 56.04225681468552, 84.14704735998177, 80.817942008244, 35.400630911547125, 22.694381447746498, 19.651529661539136, 32.98988461014327, 43.77439957947039, 55.868894777719305, 93.52453573785408, 87.82538347774191, 0.0, 75.50249724487132, 75.62481954992255, 50.33340282098929, 28.63428553635213, 3.286959802578231, 92.57974082400688, 70.10845409509078, 39.81846807055016, 76.31243127435634, 44.79335015636507, 53.7026719594572, 87.4847102147239, 107.1977848471926, 46.526532603633775, 50.978057366365796, 36.36940095679032, 81.24745127000928, 56.33464445474298, 86.92419060014234, 68.14160313494757, 32.48612399748197, 85.8185096322217, 60.04234318805431, 88.66921896597475, 45.218235391495384, 44.611655551609005, 68.26138569876338, 38.454138815728285, 95.11990604399094, 91.25696967836447, 47.47186012652682, 60.430747178485454, 55.8122196991235, 44.58068280990759, 78.30093545999075, 78.76027561725947, 66.5085380168503, 69.78425545951411, 76.50895580472005, 60.49700008290006, 40.784412422182974, 56.69226560292075, 62.23564184100663, 86.07035416403521, 69.46186270241756, 91.74530441555405, 77.76602363388155, 60.52730914806868, 39.75605583929185, 51.658646385522786, 67.72314712982518, 90.40231643578177, 55.34546725729324, 25.538485679499924, 28.550101110953673, 62.483025403970636, 37.94492444871835, 84.51602519817118, 40.05167438667792, 37.20646054928599, 41.062338029140356, 22.070856991491354, 87.67948358917148, 57.52392209985398, 50.32988150423131, 71.02040171424181, 70.49108577798793], [33.22389859840054, 41.42516737821585, 46.05374432821168, 14.037277894241404, 25.184557317695983, 44.975833818692124, 44.094356673318025, 6.5881849816281735, 24.61078239706111, 12.83794088712026, 7.505764709476247, 72.03030625237096, 54.091649364551834, 55.86156995595086, 44.06921562375227, 34.22513274424187, 28.043435207430488, 23.08899133689555, 24.341015926100148, 75.50249724487132, 0.0, 33.79864280375246, 39.10648705724898, 65.65314737312805, 72.84021421281747, 55.56843527116503, 17.574192586126347, 76.36373891034718, 4.404165139209212, 60.79332540434422, 40.69532929280572, 47.537283769429116, 42.2679885420377, 94.1187346469927, 41.734280171181176, 84.65583592923123, 13.234200651501286, 61.46738754144026, 16.41480203056506, 43.8891049338345, 58.463698177768286, 20.146494813747086, 22.40120227960767, 22.748506840620387, 55.21431578517719, 32.37403798379898, 20.37697837830752, 46.089993939537436, 19.66761109064359, 15.824766263213634, 71.26480033239129, 49.481076094009154, 56.130179174969335, 43.33810650902453, 31.500013982176473, 32.70660287876908, 36.481175737879006, 33.14608056176347, 49.007797272722165, 30.50089399773057, 48.99522673379343, 56.38777415747159, 38.29713947904682, 21.397029844927896, 46.713390763962245, 30.06029732334391, 55.17007638808891, 48.35445026033264, 61.754206336806185, 85.21781643912337, 10.702406914602085, 18.313455889749797, 53.76690695598337, 55.239526880242856, 47.940681616247865, 60.1943976949846, 48.22130078665384, 22.53637372441546, 65.03457902914523, 79.02404379798726, 70.1050527425667, 55.244617457697004, 17.913163385520253, 35.44457918408954, 84.56785302994803, 8.770914481312525, 27.881785507705555], [14.731846197354368, 74.84862960888888, 75.444768023893, 20.157058316471264, 24.175937918217468, 37.21128652956929, 45.726173636924244, 39.244441689882066, 47.81343161280824, 27.702613007121496, 30.22795748432558, 87.08704149714201, 60.72783541987493, 58.26484815617138, 43.99762779796771, 34.422557741890785, 52.14595669212315, 54.57513773558132, 57.9239174523757, 75.62481954992255, 33.79864280375246, 0.0, 25.407468615999985, 54.07314423302998, 74.08792313705463, 23.364904811812202, 48.97997611874561, 58.700522218118174, 38.19440996642497, 41.611774344078434, 64.78933278398074, 15.499799286588551, 74.12176389075667, 75.77510892946425, 25.418513126778922, 69.09171111815442, 23.99733767601041, 85.28413826619072, 48.98975485652206, 73.20256558655167, 73.04268037557927, 53.681733590572435, 48.31586376532285, 22.46948920351769, 75.46064915385871, 35.10128910417891, 50.9671260735809, 62.36023208869988, 43.873777452043, 41.65406558376468, 50.132677407263145, 75.84841066865349, 31.666217096416336, 31.376363750130444, 64.35624353999881, 3.71755634467563, 65.84037665797376, 5.843555653614668, 15.613145904771045, 57.58968846767929, 67.08452419616046, 80.86248118303487, 66.02929226373779, 54.99497568604029, 76.14990878020497, 63.57549137130444, 21.870442157247698, 74.84548595529448, 79.45940862055694, 103.73758714219866, 26.02639086465954, 30.359088297719918, 29.86365161462455, 50.24932595723284, 55.88418051913643, 32.32831169853973, 38.23949757036257, 56.31371