instance_id,num_cities,city_coordinates,distance_matrix,best_route,total_distance
590,44,"[[58.95102092126538, 81.2000683996934], [78.74358772785305, 42.7973499154033], [20.338773475583082, 13.05410018298847], [46.56884964668745, 47.59428163207126], [82.21122836946623, 86.9202453731825], [85.49881629688647, 93.90682508171095], [45.53995370130054, 81.16007379109675], [50.35910390189541, 64.79858853674101], [28.04586332659721, 11.27830618636283], [6.995693470499498, 95.49818302290599], [24.79169975270019, 72.20329451267463], [16.4375749226934, 73.31487529353141], [39.807085259689, 64.41412170467588], [23.55412744234826, 9.42473110877139], [49.49584895956293, 91.81072478453537], [96.73100834746212, 63.47896664989955], [84.43367737603923, 71.93092106807053], [22.145924138753735, 70.43059951364766], [7.953124752156205, 92.1093696488839], [4.126369150888709, 37.54996286250732], [83.37812119894136, 79.01042243203105], [66.72003438094607, 42.6608826993775], [99.71644514692399, 68.02322589976549], [39.99077656640351, 61.77182636893783], [67.64104279415695, 19.28788711964764], [58.462431320910554, 25.5056822786056], [21.698869359475413, 75.19214320972051], [9.760009450149255, 23.1051420371994], [77.82312834538875, 73.2754216414477], [86.02607242038253, 24.068064932980825], [34.23548516226001, 52.7698403396596], [51.512289515630904, 49.623202148067236], [35.191723406460206, 88.9431859160698], [26.92281479635423, 43.4624820008208], [90.44282547982085, 83.95227507143821], [64.55763503445931, 21.695798273300802], [18.350659997848485, 42.58867957489637], [6.403737349901883, 32.004167095241534], [91.20285114866037, 23.10135253163366], [78.11756239161241, 68.79221576751914], [4.851429587644629, 7.387176315345956], [81.76753543659807, 93.1021510776501], [92.26871571956427, 39.872059774119926], [70.14326810734889, 46.10877431048852]]","[[0.0, 43.20317682505387, 78.32482771764491, 35.8143416768181, 23.953239345470017, 29.432076119122932, 13.411126855977924, 18.515657691871816, 76.44724715101792, 53.88684563318615, 35.32422912211006, 43.238517099860864, 25.460916697215463, 80.02898919256337, 14.212188633090681, 41.72966447444947, 27.11609987161425, 38.34835862533827, 52.15168518294332, 70.07905646589819, 24.525043882516044, 39.31445541502683, 42.84214035929834, 27.146776132750798, 62.51907445735727, 55.69652920247716, 37.733512440149035, 76.12342660846973, 20.468426047711297, 63.22281418760401, 37.67141589322341, 32.44122696813824, 24.989199412334973, 49.49678186298752, 31.61183948963192, 59.7678198120775, 56.02881985274523, 71.98231529956963, 66.45029223814026, 22.832238586618832, 91.51562063560677, 25.734274940267973, 53.08552612179771, 36.83293794865486], [43.20317682505387, 0.0, 65.54222480574605, 32.53036004236632, 44.25894751569991, 51.55396749810148, 50.73637645449206, 35.91285874083395, 59.69681211805918, 89.02324494529077, 61.44522596379018, 69.37837261626575, 44.53466118702191, 64.49502471212855, 57.07662515531386, 27.409424862614912, 29.684037601241506, 62.98326767565915, 86.27261986579917, 74.80149984489196, 36.50843082890824, 12.024327772768334, 32.805572201976595, 43.14870947781294, 25.999256623022145, 26.651961932742246, 65.60123875590355, 71.73923001478677, 30.491967821258665, 20.095290474380366, 45.611640611265386, 28.073757515251437, 63.45236848274002, 51.8250413208616, 42.78551190036065, 25.42669336590041, 60.393288229012356, 73.14059575976802, 23.305912510144886, 26.00240293494263, 81.93858327432669, 50.395607742326234, 13.837861453377107, 9.215803225937195], [78.32482771764491, 65.54222480574605, 0.0, 43.370969904735816, 96.3556333581718, 103.84119752787228, 72.61902729916888, 59.822339588957945, 7.909025116286877, 83.51685206793442, 59.31657223980848, 60.38692215266896, 54.92601364045411, 4.848795830768287, 83.98059876785518, 91.53382274834885, 87.0323890488061, 57.40495160663872, 80.01962212248608, 29.374978168523175, 91.2370308921001, 55.02529358526052, 96.55267754977089, 52.532067065848, 47.71126473128287, 40.105550540935006, 62.15292633501164, 14.592247621970811, 83.25297960434109, 66.60426909874116, 42.0768179868065, 48.05296370497294, 77.32893025932862, 31.113008290628176, 99.70521204995293, 45.055373302716845, 29.601418463601718, 23.522122944218033, 71.57279360352848, 80.2815419478075, 16.491568961894465, 100.90184957718753, 76.76665648479181, 59.775406039614744], [35.8143416768181, 32.53036004236632, 43.370969904735816, 0.0, 53.074575694820105, 60.50118994003649, 33.581557887169716, 17.61687269038376, 40.76703441247042, 62.1354846943981, 32.86103730047017, 39.61619182595353, 18.128112910429387, 44.57120174836712, 44.31321665183722, 52.61715864275952, 45.01130078115187, 33.43615864232142, 58.930189803484396, 43.614819616511895, 48.39314388392706, 20.7462929513521, 56.938639528437285, 15.629261665715667, 35.28865673750173, 25.087118336695013, 37.15047621693972, 44.21095650075224, 40.45183418780031, 45.93860360508974, 13.375286443341299, 5.3436051686187565, 42.885555691553535, 20.07581763050533, 56.98095683948651, 31.532964339113832, 28.65872081954524, 43.08465988127172, 50.912647407075426, 38.00886327519645, 57.93923070194208, 57.5318491169257, 46.34771266742621, 23.621175621904406], [23.953239345470017, 44.25894751569991, 96.3556333581718, 53.074575694820105, 0.0, 7.721433183298349, 37.12091004330468, 38.780478778464065, 93.03542193256169, 75.70308913419733, 59.27555068662135, 67.1660597529767, 48.00663449416737, 97.19161599788147, 33.07888811321794, 27.573856436705555, 15.153188532801853, 62.28763274439736, 74.43918970265479, 92.3832778936153, 7.995432310753822, 46.89209182241037, 25.75907528240271, 49.14274645222625, 69.18400241843078, 65.84644197943616, 61.638413131022595, 96.5481565679894, 14.333060960291126, 62.967845931240824, 58.8890660499677, 48.30625508241801, 47.06300176790899, 70.32343757780656, 8.750316491375312, 67.57127982451618, 77.73969332891555, 93.60850040519968, 64.44920762681583, 18.584497801179484, 110.95065363179489, 6.197807802570706, 48.11117146735486, 42.55833449735963], [29.432076119122932, 51.55396749810148, 103.84119752787228, 60.50118994003649, 7.721433183298349, 0.0, 41.94270339877595, 45.62991148315557, 100.63952473976202, 78.51925059239807, 64.47012671207115, 72.06582724303846, 54.38339670948635, 104.75862102632958, 36.0639334175878, 32.434807028983094, 22.0017017100369, 67.5627272371578, 77.56652063347596, 98.98268067557325, 15.046599602562658, 54.578285617083004, 29.531367674542718, 55.71032060921159, 76.72604497210216, 73.55054350132286, 66.48813839164302, 103.67856665918393, 22.012973298572668, 69.84075041214564, 65.72808100565639, 55.82224702376408, 50.55137296703883, 77.30316746843499, 11.114688151628929, 75.18620528654681, 84.51288039475774, 100.4388897759206, 71.0348573351844, 26.176831554231573, 118.27785340326886, 3.817061318758962, 54.4572070532415, 50.20404881809403], [13.411126855977924, 50.73637645449206, 72.61902729916888, 33.581557887169716, 37.12091004330468, 41.94270339877595, 0.0, 17.05644770708115, 72.0382165353941, 41.12470514280928, 22.598980883172185, 30.141260591417282, 17.700076040783806, 75.02890073857863, 11.361578846198174, 54.15852311063141, 39.973728888757314, 25.737176174626374, 39.14916078581493, 60.14089091889132, 37.89918100098016, 43.940681973690495, 55.74647072127244, 20.166742547504192, 65.70103212733436, 57.13494309487818, 24.576686066639354, 68.19515753750535, 33.23207945076061, 69.9901656262563, 30.558081817700174, 32.097399709447686, 12.94846340632562, 42.044099321930375, 44.98960193142607, 62.43134041605964, 47.19120833242262, 62.832687300441854, 73.86416802193153, 34.84629822621704, 84.24960769353882, 38.145129286786755, 62.35605264307228, 42.824253350667455], [18.515657691871816, 35.91285874083395, 59.822339588957945, 17.61687269038376, 38.780478778464065, 45.62991148315557, 17.05644770708115, 0.0, 57.98535442536621, 53.13050409940289, 26.618073287116633, 34.97423720984813, 10.559020417180266, 61.52049129720911, 27.025926695765076, 46.39067712194985, 34.81302521732759, 28.769828987871026, 50.439526490674915, 53.66519695008535, 35.94762476061436, 27.527405723786746, 49.4625658544036, 10.801087952440398, 48.681509378322346, 40.11977564082804, 30.486636790022253, 58.1947587958911, 28.74246576266294, 54.13970997646013, 20.116208997967558, 15.219138908140359, 28.51334799183005, 31.693675854192822, 44.42486289687439, 45.38115043513663, 38.959216332620784, 54.841118938281994, 58.36840908936307, 28.044269934939553, 73.25993908506113, 42.2797968771996, 48.76215129443599, 27.216214084993094], [76.44724715101792, 59.69681211805918, 7.909025116286877, 40.76703441247042, 93.03542193256169, 100.63952473976202, 72.0382165353941, 57.98535442536621, 0.0, 86.81069810416838, 61.01183314019427, 63.113297063746494, 54.42188192405365, 4.859159579816021, 83.34010036546465, 86.270261964171, 82.81500628064458, 59.445799584978225, 83.29092966165607, 35.52945462754756, 87.46026716382876, 49.80519666998872, 91.4147592664591, 51.88715190424898, 40.397173462942966, 33.57954494960895, 64.22820949915238, 21.77720134070124, 79.50734832392621, 59.37409010128709, 41.95067132791448, 44.955580347708796, 77.99292826731683, 32.20376392375932, 95.7856285643088, 37.968850583451356, 32.77707200643721, 29.96569584049963, 64.25410131375783, 76.25631018195719, 23.518559652831243, 97.88339821996314, 70.30062242772965, 54.63838393492426], [53.88684563318615, 89.02324494529077, 83.51685206793442, 62.1354846943981, 75.70308913419733, 78.51925059239807, 41.12470514280928, 53.13050409940289, 86.81069810416838, 0.0, 29.314666470902164, 24.109090965306283, 45.197414739995715, 87.65170198013794, 42.659823778987835, 95.27673878344615, 80.94477862964642, 29.29015589400219, 3.5214671293433653, 58.019214419096926, 78.14167591620141, 79.74194130234093, 96.70579641551784, 47.18201608299791, 97.39541876418335, 86.87793313266508, 25.070273913877298, 72.44579922944837, 74.23191129409179, 106.52728555305805, 50.67265061023984, 63.923713860446426, 28.94795487111695, 55.720771218596504, 84.24210248447548, 93.59577507206978, 54.114238606416315, 63.49677527773533, 111.05019797108274, 75.97057934409716, 88.13709418070808, 74.81022202938516, 101.81234655570331, 80.1681350380479], [35.32422912211006, 61.44522596379018, 59.31657223980848, 32.86103730047017, 59.27555068662135, 64.47012671207115, 22.598980883172185, 26.618073287116633, 61.01183314019427, 29.314666470902164, 0.0, 8.427752577508796, 16.91546673776272, 62.79076053275075, 31.53959907641214, 72.46639233292619, 59.64259955867283, 3.1847411447288714, 26.072771915877176, 40.34735782351372, 58.98055415462853, 51.290733475400806, 75.04125829167505, 18.434409771474908, 68.08896047564872, 57.57069699683991, 4.301025037719239, 51.34764152185394, 53.042264988984755, 77.88869444723305, 21.606578256551643, 34.983574552538784, 19.70747209045927, 28.819714696207914, 66.69414407133816, 64.28325431403901, 30.30696967755865, 44.205056344831696, 82.59201980849396, 53.434848969467346, 67.81403654425452, 60.68779166852217, 74.82283357045466, 52.32292744876449], [43.238517099860864, 69.37837261626575, 60.38692215266896, 39.61619182595353, 67.1660597529767, 72.06582724303846, 30.141260591417282, 34.97423720984813, 63.113297063746494, 24.109090965306283, 8.427752577508796, 0.0, 25.00714753506423, 64.28526925909567, 37.88068017724382, 80.89363726513749, 68.0101851059389, 6.395646765333483, 20.62083685910213, 37.82452575716633, 67.18240835940139, 58.8896679489133, 83.4468200660204, 26.22966424003231, 74.43594946801564, 63.65380972125081, 5.586175255008235, 50.65182320817412, 61.38556610149692, 85.25143585109825, 27.18205419300544, 42.32648083892082, 24.412336599877502, 31.64025348366983, 74.76584369923357, 70.56960604665768, 30.78569469485215, 42.51179257901762, 90.0624472091713, 61.84557626341787, 66.9380329579762, 68.26082349126118, 82.87812633270762, 60.203599652710786], [25.460916697215463, 44.53466118702191, 54.92601364045411, 18.128112910429387, 48.00663449416737, 54.38339670948635, 17.700076040783806, 10.559020417180266, 54.42188192405365, 45.197414739995715, 16.91546673776272, 25.00714753506423, 0.0, 57.34101251217322, 29.059353095816864, 56.93160400585235, 45.25522065561743, 18.6578299211212, 42.21020680720029, 44.66314512362585, 45.95092129373479, 34.60506086723453, 60.01797260145708, 2.648672712402483, 53.019866463935614, 43.149607127251045, 21.073045120531415, 51.08090216384411, 39.03514017476064, 61.35143903108707, 12.908602408988203, 18.862213762000163, 24.95949831472831, 24.59625239040528, 54.274465677920816, 49.37048582848817, 30.60601426480263, 46.54233351872115, 65.94141072239067, 38.55982839301453, 66.88774449703133, 50.82993614351192, 57.918351792085346, 35.431197171257644], [80.02898919256337, 64.49502471212855, 4.848795830768287, 44.57120174836712, 97.19161599788147, 104.75862102632958, 75.02890073857863, 61.52049129720911, 4.859159579816021, 87.65170198013794, 62.79076053275075, 64.28526925909567, 57.34101251217322, 0.0, 86.37375104289347, 90.97646002641001, 87.25447486150358, 61.02211907478579, 84.14357215764278, 34.18283858067863, 91.7664353994687, 54.47877838558273, 96.09621340043994, 54.866946485149384, 45.176741269512, 38.434186217541274, 65.7935747395605, 19.427592088402537, 83.79758433578984, 64.16518631489959, 44.64179540496046, 48.965047742374836, 80.3655292694839, 34.204042747579564, 100.14216262022418, 42.80031219760786, 33.56968202574702, 28.354308487250854, 69.01738761092925, 80.63291305769145, 18.813360587107947, 101.93483939729876, 75.15806320657197, 59.298120151727105], [14.212188633090681, 57.07662515531386, 83.98059876785518, 44.31321665183722, 33.07888811321794, 36.0639334175878, 11.361578846198174, 27.025926695765076, 83.34010036546465, 42.659823778987835, 31.53959907641214, 37.88068017724382, 29.059353095816864, 86.37375104289347, 0.0, 55.0803849060602, 40.19774185528719, 34.71495562870225, 41.543797651727246, 70.7292017660931, 36.219554282443646, 52.08051017824368, 55.56935652503916, 31.5068535277928, 74.75834429856407, 66.90858137007525, 32.38594337743548, 79.36872206460748, 33.852506849697086, 76.9644410741794, 41.91741119706912, 42.23568513376652, 14.588721225696482, 53.358171366777505, 41.69424562267353, 71.71443592082257, 58.24802597582724, 73.71400427071043, 80.37693616323776, 36.72947368466936, 95.50109798942255, 32.29751584785741, 67.28404754422093, 50.14961809023663], [41.72966447444947, 27.409424862614912, 91.53382274834885, 52.61715864275952, 27.573856436705555, 32.434807028983094, 54.15852311063141, 46.39067712194985, 86.270261964171, 95.27673878344615, 72.46639233292619, 80.89363726513749, 56.93160400585235, 90.97646002641001, 55.0803849060602, 0.0, 14.921792201594176, 74.90834390034574, 93.2802904773883, 96.16617096533554, 20.482326867654393, 36.524665334399536, 5.437198268738534, 56.765907290442705, 52.90630969876401, 53.911541561898105, 75.94090061511054, 95.8853500961094, 21.295033612892816, 40.83888866440303, 63.40643346318107, 47.29391866532571, 66.59962502811425, 72.62123342780502, 21.417226746251323, 52.73479979980054, 81.11647860627843, 95.65395387997606, 40.75429111024075, 19.356936393376493, 107.6482509658983, 33.18792818472834, 24.024947611570827, 31.758959570235767], [27.11609987161425, 29.684037601241506, 87.0323890488061, 45.01130078115187, 15.153188532801853, 22.0017017100369, 39.973728888757314, 34.81302521732759, 82.81500628064458, 80.94477862964642, 59.64259955867283, 68.0101851059389, 45.25522065561743, 87.25447486150358, 40.19774185528719, 14.921792201594176, 0.0, 62.30581969700451, 79.09769096998389, 87.35739259789072, 7.157760711656146, 34.21269200548789, 15.774443643665805, 45.58923817614268, 55.25650730452871, 53.195943626510434, 62.819516925333865, 89.21946749156007, 6.745890621589227, 47.889338264226865, 53.73086185994233, 39.76747542992029, 52.097861625988166, 64.17126566918502, 13.439598692203067, 54.02429658375823, 72.30444192198713, 87.65168123481378, 49.29653615639265, 7.052997905870269, 102.46574622652342, 21.338446357684287, 33.00240011437459, 29.512693205412038], [38.34835862533827, 62.98326767565915, 57.40495160663872, 33.43615864232142, 62.28763274439736, 67.5627272371578, 25.737176174626374, 28.769828987871026, 59.445799584978225, 29.29015589400219, 3.1847411447288714, 6.395646765333483, 18.6578299211212, 61.02211907478579, 34.71495562870225, 74.90834390034574, 62.30581969700451, 0.0, 25.9114767816235, 37.494541316637076, 61.830375367843814, 52.51674471849788, 77.60786801089048, 19.83464419988789, 68.44985648257139, 57.76795722965308, 4.7824843277617415, 48.91942158313507, 55.74983480877909, 78.93134964781997, 21.402333992877637, 35.99070992044216, 22.647488466504083, 27.38791789348562, 69.62257135930565, 64.60521707290383, 28.09940454484896, 41.52598166571665, 83.7192736945087, 55.99561223889289, 65.37256879103428, 63.78664267752662, 76.49202736297482, 53.80795674668074], [52.15168518294332, 86.27261986579917, 80.01962212248608, 58.930189803484396, 74.43918970265479, 77.56652063347596, 39.14916078581493, 50.439526490674915, 83.29092966165607, 3.5214671293433653, 26.072771915877176, 20.62083685910213, 42.21020680720029, 84.14357215764278, 41.543797651727246, 93.2802904773883, 79.09769096998389, 25.9114767816235, 0.0, 54.69344501229692, 76.553984267231, 76.80301119691767, 94.87175180513955, 44.122303498724364, 94.15739948588458, 83.58971959143169, 21.797661461807635, 69.02788031366023, 72.36390674683851, 103.56159667100532, 47.31132036836331, 60.84796844430376, 27.421998032240253, 52.21464179917564, 82.89203169234708, 90.34457160318871, 50.60046921313418, 60.125169233330574, 108.13243441052968, 73.93739226121234, 84.77895113846913, 73.82108668704863, 99.18596384133886, 77.35417701731573], [70.07905646589819, 74.80149984489196, 29.374978168523175, 43.614819616511895, 92.3832778936153, 98.98268067557325, 60.14089091889132, 53.66519695008535, 35.52945462754756, 58.019214419096926, 40.34735782351372, 37.82452575716633, 44.66314512362585, 34.18283858067863, 70.7292017660931, 96.16617096533554, 87.35739259789072, 37.494541316637076, 54.69344501229692, 0.0, 89.44165646052252, 62.80197790286071, 100.32986788123328, 43.27764308497152, 66.08795032718761, 55.654940004713254, 41.54186448479296, 15.504539712506848, 81.89945494774611, 83.00194556402464, 33.73727222828993, 48.899780732229026, 60.05264033210679, 23.550707348773777, 97.99849596559912, 62.476334968629956, 15.090365012371713, 5.995186119387756, 88.26707232938952, 80.31671708783195, 30.171499878636585, 95.46830006706844, 88.17292891074581, 66.56939387758888], [24.525043882516044, 36.50843082890824, 91.2370308921001, 48.39314388392706, 7.995432310753822, 15.046599602562658, 37.89918100098016, 35.94762476061436, 87.46026716382876, 78.14167591620141, 58.98055415462853, 67.18240835940139, 45.95092129373479, 91.7664353994687, 36.219554282443646, 20.482326867654393, 7.157760711656146, 61.830375367843814, 76.553984267231, 89.44165646052252, 0.0, 39.984758286272374, 19.689065926748558, 46.68651698819589, 61.761127425405824, 59.021596225312166, 61.79732489109696, 92.4393138955628, 7.984245717098896, 55.00612959684195, 55.70966545564797, 43.3478943535587, 49.19947888590982, 66.71474866857304, 8.621598116700442, 60.32559027414456, 74.53263756912726, 90.19226025400805, 56.45396793772384, 11.492833697745818, 106.28419769517454, 14.183469347082314, 40.13544695742533, 35.46378131939455], [39.31445541502683, 12.024327772768334, 55.02529358526052, 20.7462929513521, 46.89209182241037, 54.578285617083004, 43.940681973690495, 27.527405723786746, 49.80519666998872, 79.74194130234093, 51.290733475400806, 58.8896679489133, 34.60506086723453, 54.47877838558273, 52.08051017824368, 36.524665334399536, 34.21269200548789, 52.51674471849788, 76.80301119691767, 62.80197790286071, 39.984758286272374, 0.0, 41.61744317051938, 32.858505615097485, 23.391134621203754, 19.039141518828007, 55.54447056442519, 60.22351229348352, 32.565759475540816, 26.80328295702979, 34.02112523880207, 16.72571062747778, 56.00076770853889, 39.805291709825404, 47.62089773979829, 21.076307454727694, 48.3694282734812, 61.2504797940766, 31.33661655738146, 28.508774310237825, 71.21768474990317, 52.63790310820494, 25.700440685924043, 4.858650605626157], [42.84214035929834, 32.805572201976595, 96.55267754977089, 56.938639528437285, 25.75907528240271, 29.531367674542718, 55.74647072127244, 49.4625658544036, 91.4147592664591, 96.70579641551784, 75.04125829167505, 83.4468200660204, 60.01797260145708, 96.09621340043994, 55.56935652503916, 5.437198268738534, 15.774443643665805, 77.60786801089048, 94.87175180513955, 100.32986788123328, 19.689065926748558, 41.61744317051938, 0.0, 60.05193988110795, 58.343505912010066, 59.24217393322211, 78.34625394457132, 100.54747426540602, 22.514503784923395, 46.03783749273613, 67.23408281190733, 51.59652598953717, 67.83129397828151, 76.825404395193, 18.431891634980097, 58.15816777555558, 85.2485022723416, 100.02316748421929, 45.72150467416555, 21.612567679348135, 112.58819514614531, 30.840166145262042, 29.119698278946064, 36.807825101095226], [27.146776132750798, 43.14870947781294, 52.532067065848, 15.629261665715667, 49.14274645222625, 55.71032060921159, 20.166742547504192, 10.801087952440398, 51.88715190424898, 47.18201608299791, 18.434409771474908, 26.22966424003231, 2.648672712402483, 54.866946485149384, 31.5068535277928, 56.765907290442705, 45.58923817614268, 19.83464419988789, 44.122303498724364, 43.27764308497152, 46.68651698819589, 32.858505615097485, 60.05193988110795, 0.0, 50.689469484331966, 40.69932722478889, 22.686973649516663, 49.08168454370231, 39.54262946899965, 59.50480729136879, 10.684527674068164, 16.743187602697944, 27.59191350507393, 22.49452635673328, 55.11244454935842, 47.006579995908794, 28.918640459440567, 44.87987011975074, 64.17228474832625, 38.76773999950298, 64.7492383549433, 52.219601952252816, 56.67964977846176, 33.97799208182372], [62.51907445735727, 25.999256623022145, 47.71126473128287, 35.28865673750173, 69.18400241843078, 76.72604497210216, 65.70103212733436, 48.681509378322346, 40.397173462942966, 97.39541876418335, 68.08896047564872, 74.43594946801564, 53.019866463935614, 45.176741269512, 74.75834429856407, 52.90630969876401, 55.25650730452871, 68.44985648257139, 94.15739948588458, 66.08795032718761, 61.761127425405824, 23.391134621203754, 58.343505912010066, 50.689469484331966, 0.0, 11.08638287339795, 72.35999688285516, 58.006770777864396, 54.93931879733456, 18.99630001564187, 47.29664334944983, 34.35648439804376, 76.8428199582993, 47.35382908435059, 68.56678760758682, 3.912216703666976, 54.520351844510294, 62.543675575478304, 23.868417027167116, 50.60075115798519, 63.90745218103322, 75.15386455824215, 32.09720295586464, 26.937355497928728], [55.69652920247716, 26.651961932742246, 40.105550540935006, 25.087118336695013, 65.84644197943616, 73.55054350132286, 57.13494309487818, 40.11977564082804, 33.57954494960895, 86.87793313266508, 57.57069699683991, 63.65380972125081, 43.149607127251045, 38.434186217541274, 66.90858137007525, 53.911541561898105, 53.195943626510434, 57.76795722965308, 83.58971959143169, 55.654940004713254, 59.021596225312166, 19.039141518828007, 59.24217393322211, 40.69932722478889, 11.08638287339795, 0.0, 61.80860690835451, 48.76154724296819, 51.54400632534791, 27.60110603387013, 36.47299322721249, 25.098988739934775, 67.57101978357989, 36.29316832104651, 66.62394329106058, 7.187956903288715, 43.597970082318085, 52.46272889279762, 32.828583460598594, 47.53996380828767, 56.589926357832596, 71.50112217261511, 36.73224288259945, 23.683947080367506], [37.733512440149035, 65.60123875590355, 62.15292633501164, 37.15047621693972, 61.638413131022595, 66.48813839164302, 24.576686066639354, 30.486636790022253, 64.22820949915238, 25.070273913877298, 4.301025037719239, 5.586175255008235, 21.073045120531415, 65.7935747395605, 32.38594337743548, 75.94090061511054, 62.819516925333865, 4.7824843277617415, 21.797661461807635, 41.54186448479296, 61.79732489109696, 55.54447056442519, 78.34625394457132, 22.686973649516663, 72.35999688285516, 61.80860690835451, 0.0, 53.437740100800774, 56.15697880306736, 82.16848807958795, 25.68903271404687, 39.276083924212166, 19.265209208442965, 32.15681897139458, 69.29986589677257, 68.5473027677937, 32.77493473550461, 45.816398200372404, 86.85766493533899, 56.780524783766715, 69.86665701472123, 62.68183968354922, 78.9152172219296, 56.50400088995274], [76.12342660846973, 71.73923001478677, 14.592247621970811, 44.21095650075224, 96.5481565679894, 103.67856665918393, 68.19515753750535, 58.1947587958911, 21.77720134070124, 72.44579922944837, 51.34764152185394, 50.65182320817412, 51.08090216384411, 19.427592088402537, 79.36872206460748, 95.8853500961094, 89.21946749156007, 48.91942158313507, 69.02788031366023, 15.504539712506848, 92.4393138955628, 60.22351229348352, 100.54747426540602, 49.08168454370231, 58.006770777864396, 48.76154724296819, 53.437740100800774, 0.0, 84.55557408779129, 76.27214158185679, 38.45833117427365, 49.461706427397104, 70.57917608297566, 26.626738023013242, 101.05488806071772, 54.81574609109203, 21.293367789420536, 9.510899505018477, 81.44284178667327, 82.21960684766505, 16.466590500159583, 100.42243311779514, 84.19510758143412, 64.6166002187285], [20.468426047711297, 30.491967821258665, 83.25297960434109, 40.45183418780031, 14.333060960291126, 22.012973298572668, 33.23207945076061, 28.74246576266294, 79.50734832392621, 74.23191129409179, 53.042264988984755, 61.38556610149692, 39.03514017476064, 83.79758433578984, 33.852506849697086, 21.295033612892816, 6.745890621589227, 55.74983480877909, 72.36390674683851, 81.89945494774611, 7.984245717098896, 32.565759475540816, 22.514503784923395, 39.54262946899965, 54.93931879733456, 51.54400632534791, 56.15697880306736, 84.55557408779129, 0.0, 49.88639339270556, 48.1701308155167, 35.37919907076106, 45.419329854501655, 58.98858609430888, 16.530334386523876, 53.25815298695778, 66.92272132847133, 82.48664050610846, 51.92739347713096, 4.492863932460369, 98.31647721386037, 20.21528004845733, 36.39312543083634, 28.23131205736881], [63.22281418760401, 20.095290474380366, 66.60426909874116, 45.93860360508974, 62.967845931240824, 69.84075041214564, 69.9901656262563, 54.13970997646013, 59.37409010128709, 106.52728555305805, 77.88869444723305, 85.25143585109825, 61.35143903108707, 64.16518631489959, 76.9644410741794, 40.83888866440303, 47.889338264226865, 78.93134964781997, 103.56159667100532, 83.00194556402464, 55.00612959684195, 26.80328295702979, 46.03783749273613, 59.50480729136879, 18.99630001564187, 27.60110603387013, 82.16848807958795, 76.27214158185679, 49.88639339270556, 0.0, 59.21196534516173, 42.94492110224701, 82.41912619192038, 62.20400690609554, 60.04686779087632, 21.599107687539675, 70.16391247125843, 80.0168604708141, 5.266267261397614, 45.41799421755316, 82.87083132258604, 69.1653105759808, 16.992258481425296, 27.167192396526293], [37.67141589322341, 45.611640611265386, 42.0768179868065, 13.375286443341299, 58.8890660499677, 65.72808100565639, 30.558081817700174, 20.116208997967558, 41.95067132791448, 50.67265061023984, 21.606578256551643, 27.18205419300544, 12.908602408988203, 44.64179540496046, 41.91741119706912, 63.40643346318107, 53.73086185994233, 21.402333992877637, 47.31132036836331, 33.73727222828993, 55.70966545564797, 34.02112523880207, 67.23408281190733, 10.684527674068164, 47.29664334944983, 36.47299322721249, 25.68903271404687, 38.45833117427365, 48.1701308155167, 59.21196534516173, 0.0, 17.561016501713194, 36.18598239332554, 11.83647190373672, 64.27759595205575, 43.416919089382105, 18.867530443115122, 34.72490995790547, 64.23005492947573, 46.715663500737364, 54.06485841982588, 62.33771805855604, 59.449210191843974, 36.52038713755089], [32.44122696813824, 28.073757515251437, 48.05296370497294, 5.3436051686187565, 48.30625508241801, 55.82224702376408, 32.097399709447686, 15.219138908140359, 44.955580347708796, 63.923713860446426, 34.983574552538784, 42.32648083892082, 18.862213762000163, 48.965047742374836, 42.23568513376652, 47.29391866532571, 39.76747542992029, 35.99070992044216, 60.84796844430376, 48.899780732229026, 43.3478943535587, 16.72571062747778, 51.59652598953717, 16.743187602697944, 34.35648439804376, 25.098988739934775, 39.276083924212166, 49.461706427397104, 35.37919907076106, 42.94492110224701, 17.561016501713194, 0.0, 42.57254986067661, 25.34949190225782, 51.904449503267145, 30.824031645615985, 33.89953067679711, 48.42738765080146, 47.73624608012269, 32.791639604450545, 62.93741119049508, 52.96979238924271, 41.906694626439545, 18.959550794008862], [24.989199412334973, 63.45236848274002, 77.32893025932862, 42.885555691553535, 47.06300176790899, 50.55137296703883, 12.94846340632562, 28.51334799183005, 77.99292826731683, 28.94795487111695, 19.70747209045927, 24.412336599877502, 24.95949831472831, 80.3655292694839, 14.588721225696482, 66.59962502811425, 52.097861625988166, 22.647488466504083, 27.421998032240253, 60.05264033210679, 49.19947888590982, 56.00076770853889, 67.83129397828151, 27.59191350507393, 76.8428199582993, 67.57101978357989, 19.265209208442965, 70.57917608297566, 45.419329854501655, 82.41912619192038, 36.18598239332554, 42.57254986067661, 0.0, 46.22628341353899, 55.47606214738009, 73.37961508839012, 49.318978850608495, 63.802821297112175, 86.44300697209066, 47.420346376919184, 87.01675775967189, 46.76112977123172, 75.27123270114086, 55.284693130871005], [49.49678186298752, 51.8250413208616, 31.113008290628176, 20.07581763050533, 70.32343757780656, 77.30316746843499, 42.044099321930375, 31.693675854192822, 32.20376392375932, 55.720771218596504, 28.819714696207914, 31.64025348366983, 24.59625239040528, 34.204042747579564, 53.358171366777505, 72.62123342780502, 64.17126566918502, 27.38791789348562, 52.21464179917564, 23.550707348773777, 66.71474866857304, 39.805291709825404, 76.825404395193, 22.49452635673328, 47.35382908435059, 36.29316832104651, 32.15681897139458, 26.626738023013242, 58.98858609430888, 62.20400690609554, 11.83647190373672, 25.34949190225782, 46.22628341353899, 0.0, 75.32738612303716, 43.476064850080064, 8.616575222737657, 23.501606747814698, 67.42772921220764, 57.118277232721326, 42.29153254886489, 73.9732392704518, 65.44446423672494, 43.30139082519262], [31.61183948963192, 42.78551190036065, 99.70521204995293, 56.98095683948651, 8.750316491375312, 11.114688151628929, 44.98960193142607, 44.42486289687439, 95.7856285643088, 84.24210248447548, 66.69414407133816, 74.76584369923357, 54.274465677920816, 100.14216262022418, 41.69424562267353, 21.417226746251323, 13.439598692203067, 69.62257135930565, 82.89203169234708, 97.99849596559912, 8.621598116700442, 47.62089773979829, 18.431891634980097, 55.11244454935842, 68.56678760758682, 66.62394329106058, 69.29986589677257, 101.05488806071772, 16.530334386523876, 60.04686779087632, 64.27759595205575, 51.904449503267145, 55.47606214738009, 75.32738612303716, 0.0, 67.42337864353624, 83.11574674080494, 98.7986551326225, 60.85566870031574, 19.538155191621772, 114.83945923898023, 12.608762360481405, 44.11801509389926, 42.94417980777233], [59.7678198120775, 25.42669336590041, 45.055373302716845, 31.532964339113832, 67.57127982451618, 75.18620528654681, 62.43134041605964, 45.38115043513663, 37.968850583451356, 93.59577507206978, 64.28325431403901, 70.56960604665768, 49.37048582848817, 42.80031219760786, 71.71443592082257, 52.73479979980054, 54.02429658375823, 64.60521707290383, 90.34457160318871, 62.476334968629956, 60.32559027414456, 21.076307454727694, 58.15816777555558, 47.006579995908794, 3.912216703666976, 7.187956903288715, 68.5473027677937, 54.81574609109203, 53.25815298695778, 21.599107687539675, 43.416919089382105, 30.824031645615985, 73.37961508839012, 43.476064850080064, 67.42337864353624, 0.0, 50.710916291431154, 59.06046294836448, 26.68226235808346, 49.0096334481394, 61.39680473113328, 73.45098973241095, 33.140314948451476, 25.043815520348723], [56.02881985274523, 60.393288229012356, 29.601418463601718, 28.65872081954524, 77.73969332891555, 84.51288039475774, 47.19120833242262, 38.959216332620784, 32.77707200643721, 54.114238606416315, 30.30696967755865, 30.78569469485215, 30.60601426480263, 33.56968202574702, 58.24802597582724, 81.11647860627843, 72.30444192198713, 28.09940454484896, 50.60046921313418, 15.090365012371713, 74.53263756912726, 48.3694282734812, 85.2485022723416, 28.918640459440567, 54.520351844510294, 43.597970082318085, 32.77493473550461, 21.293367789420536, 66.92272132847133, 70.16391247125843, 18.867530443115122, 33.89953067679711, 49.318978850608495, 8.616575222737657, 83.11574674080494, 50.710916291431154, 0.0, 15.961230065004024, 75.41351119504722, 65.25877665681296, 37.70112801230105, 81.07595755631502, 73.9679591770697, 51.91209224960819], [71.98231529956963, 73.14059575976802, 23.522122944218033, 43.08465988127172, 93.60850040519968, 100.4388897759206, 62.832687300441854, 54.841118938281994, 29.96569584049963, 63.49677527773533, 44.205056344831696, 42.51179257901762, 46.54233351872115, 28.354308487250854, 73.71400427071043, 95.65395387997606, 87.65168123481378, 41.52598166571665, 60.125169233330574, 5.995186119387756, 90.19226025400805, 61.2504797940766, 100.02316748421929, 44.87987011975074, 62.543675575478304, 52.46272889279762, 45.816398200372404, 9.510899505018477, 82.48664050610846, 80.0168604708141, 34.72490995790547, 48.42738765080146, 63.802821297112175, 23.501606747814698, 98.7986551326225, 59.06046294836448, 15.961230065004024, 0.0, 85.26517347785543, 80.59921356456856, 24.66588523540617, 97.01889356598005, 86.22469626289754, 65.28145009017439], [66.45029223814026, 23.305912510144886, 71.57279360352848, 50.912647407075426, 64.44920762681583, 71.0348573351844, 73.86416802193153, 58.36840908936307, 64.25410131375783, 111.05019797108274, 82.59201980849396, 90.0624472091713, 65.94141072239067, 69.01738761092925, 80.37693616323776, 40.75429111024075, 49.29653615639265, 83.7192736945087, 108.13243441052968, 88.26707232938952, 56.45396793772384, 31.33661655738146, 45.72150467416555, 64.17228474832625, 23.868417027167116, 32.828583460598594, 86.85766493533899, 81.44284178667327, 51.92739347713096, 5.266267261397614, 64.23005492947573, 47.73624608012269, 86.44300697209066, 67.42772921220764, 60.85566870031574, 26.68226235808346, 75.41351119504722, 85.26517347785543, 0.0, 47.5276736764563, 87.76960373480557, 70.6338231987075, 16.804543692010487, 31.19050327878695], [22.832238586618832, 26.00240293494263, 80.2815419478075, 38.00886327519645, 18.584497801179484, 26.176831554231573, 34.84629822621704, 28.044269934939553, 76.25631018195719, 75.97057934409716, 53.434848969467346, 61.84557626341787, 38.55982839301453, 80.63291305769145, 36.72947368466936, 19.356936393376493, 7.052997905870269, 55.99561223889289, 73.93739226121234, 80.31671708783195, 11.492833697745818, 28.508774310237825, 21.612567679348135, 38.76773999950298, 50.60075115798519, 47.53996380828767, 56.780524783766715, 82.21960684766505, 4.492863932460369, 45.41799421755316, 46.715663500737364, 32.791639604450545, 47.420346376919184, 57.118277232721326, 19.538155191621772, 49.0096334481394, 65.25877665681296, 80.59921356456856, 47.5276736764563, 0.0, 95.59552858879744, 24.582417660024294, 32.19674771143426, 24.04429008447896], [91.51562063560677, 81.93858327432669, 16.491568961894465, 57.93923070194208, 110.95065363179489, 118.27785340326886, 84.24960769353882, 73.25993908506113, 23.518559652831243, 88.13709418070808, 67.81403654425452, 66.9380329579762, 66.88774449703133, 18.813360587107947, 95.50109798942255, 107.6482509658983, 102.46574622652342, 65.37256879103428, 84.77895113846913, 30.171499878636585, 106.28419769517454, 71.21768474990317, 112.58819514614531, 64.7492383549433, 63.90745218103322, 56.589926357832596, 69.86665701472123, 16.466590500159583, 98.31647721386037, 82.87083132258604, 54.06485841982588, 62.93741119049508, 87.01675775967189, 42.29153254886489, 114.83945923898023, 61.39680473113328, 37.70112801230105, 24.66588523540617, 87.76960373480557, 95.59552858879744, 0.0, 115.16572509852854, 93.25797321409058, 75.91038353598647], [25.734274940267973, 50.395607742326234, 100.90184957718753, 57.5318491169257, 6.197807802570706, 3.817061318758962, 38.145129286786755, 42.2797968771996, 97.88339821996314, 74.81022202938516, 60.68779166852217, 68.26082349126118, 50.82993614351192, 101.93483939729876, 32.29751584785741, 33.18792818472834, 21.338446357684287, 63.78664267752662, 73.82108668704863, 95.46830006706844, 14.183469347082314, 52.63790310820494, 30.840166145262042, 52.219601952252816, 75.15386455824215, 71.50112217261511, 62.68183968354922, 100.42243311779514, 20.21528004845733, 69.1653105759808, 62.33771805855604, 52.96979238924271, 46.76112977123172, 73.9732392704518, 12.608762360481405, 73.45098973241095, 81.07595755631502, 97.01889356598005, 70.6338231987075, 24.582417660024294, 115.16572509852854, 0.0, 54.25603567823139, 48.40972062429458], [53.08552612179771, 13.837861453377107, 76.76665648479181, 46.34771266742621, 48.11117146735486, 54.4572070532415, 62.35605264307228, 48.76215129443599, 70.30062242772965, 101.81234655570331, 74.82283357045466, 82.87812633270762, 57.918351792085346, 75.15806320657197, 67.28404754422093, 24.024947611570827, 33.00240011437459, 76.49202736297482, 99.18596384133886, 88.17292891074581, 40.13544695742533, 25.700440685924043, 29.119698278946064, 56.67964977846176, 32.09720295586464, 36.73224288259945, 78.9152172219296, 84.19510758143412, 36.39312543083634, 16.992258481425296, 59.449210191843974, 41.906694626439545, 75.27123270114086, 65.44446423672494, 44.11801509389926, 33.140314948451476, 73.9679591770697, 86.22469626289754, 16.804543692010487, 32.19674771143426, 93.25797321409058, 54.25603567823139, 0.0, 22.98764973304228], [36.83293794865486, 9.215803225937195, 59.775406039614744, 23.621175621904406, 42.55833449735963, 50.20404881809403, 42.824253350667455, 27.216214084993094, 54.63838393492426, 80.1681350380479, 52.32292744876449, 60.203599652710786, 35.431197171257644, 59.298120151727105, 50.14961809023663, 31.758959570235767, 29.512693205412038, 53.80795674668074, 77.35417701731573, 66.56939387758888, 35.46378131939455, 4.858650605626157, 36.807825101095226, 33.97799208182372, 26.937355497928728, 23.683947080367506, 56.50400088995274, 64.6166002187285, 28.23131205736881, 27.167192396526293, 36.52038713755089, 18.959550794008862, 55.284693130871005, 43.30139082519262, 42.94417980777233, 25.043815520348723, 51.91209224960819, 65.28145009017439, 31.19050327878695, 24.04429008447896, 75.91038353598647, 48.40972062429458, 22.98764973304228, 0.0]]",Route_0,2125.1489552633984
