instance_id,num_cities,city_coordinates,distance_matrix,best_route,total_distance
168,31,"[[1.236919332273989, 95.93781510988828], [48.56698883889957, 33.60747234828993], [25.367836777939388, 43.15490889526535], [70.95659945575653, 94.6831345127513], [95.37783919919116, 25.23795705048215], [11.724177246595291, 82.26010355830103], [45.714664626414326, 99.60994448156876], [61.40552516800207, 50.486458550174504], [18.843249741103207, 65.57811092453483], [12.792183924427448, 2.157526402847887], [42.062696358082505, 4.568641404382534], [95.67050852245077, 4.879669475980963], [55.4814137933552, 75.10553457702565], [80.01431968795768, 83.32575379609227], [33.269484362023015, 55.55253772792429], [42.39088369916666, 48.36918460303995], [17.46094367430763, 65.01742569454294], [76.93579901002833, 41.66471168513682], [44.86781066192329, 30.895701931195894], [38.361788977936364, 94.71459358466251], [79.80499563311241, 51.10739607192468], [67.77576988900663, 67.04772509798421], [46.13372359875525, 57.55404033915333], [69.5712070553856, 92.53406305104457], [73.91377087671597, 17.61973450235088], [7.481240434532088, 8.414919826868895], [67.18932727206926, 47.78101597533272], [38.94658655952241, 24.382909790646025], [75.31078424882728, 58.188428773671156], [36.979978072859424, 49.93708758414898], [77.97736575164494, 15.081129195207865]]","[[0.0, 78.26370236757487, 58.03737041968044, 69.73096887267207, 117.73267483162647, 17.235497435522948, 44.629075282519366, 75.40614657528555, 35.09550553400011, 94.48950571238333, 100.07532150029755, 131.184178366238, 58.10722064888457, 79.78059223509577, 51.54663763625395, 62.90010644989826, 34.918325381488444, 93.14445844934039, 78.32069435959754, 37.14501604666768, 90.4583278904368, 72.54002987528416, 59.06807258573144, 68.41900618032305, 106.84402884795007, 87.7453630954393, 81.66270517159654, 80.88339432563112, 83.13815990528514, 58.254898343660756, 111.47600537223076], [78.26370236757487, 0.0, 25.086932872833916, 65.05022038703552, 47.553175475186194, 61.02844656128301, 66.06407557150389, 21.206795851261795, 43.653435110272206, 47.63334721221851, 29.75835215976932, 55.17271267981065, 42.07016093611743, 58.82892254370301, 26.750692285181792, 16.00163814704832, 44.20600881096849, 29.49082054227674, 4.586678316608206, 61.9534209709112, 35.80587101032905, 38.56459222388314, 24.069875327262043, 62.55813516031095, 29.96776803672646, 48.19443354259434, 23.402581645348327, 13.328341772213495, 36.32428955553791, 20.02286573504228, 34.759109033108096], [58.03737041968044, 25.086932872833916, 0.0, 68.80038748278145, 72.26629644884231, 41.41697351377996, 60.009702936660666, 36.77589706372446, 23.353163067273893, 42.88277528240938, 42.04305382912446, 80.04660896640195, 43.90523889149609, 67.82281971785908, 14.701606552191187, 17.8037298799716, 23.24841068440925, 51.589489399442854, 23.033391779413286, 53.17183351216941, 55.01496447802428, 48.67545024804247, 25.269686222691757, 66.27396780807094, 54.85209976654781, 39.074251998269865, 42.07657226850644, 23.16830585119831, 52.1565405487585, 13.447667947310958, 59.6313646119433], [69.73096887267207, 65.05022038703552, 68.80038748278145, 0.0, 73.6140585986968, 60.521166040151336, 25.718256752696096, 45.216912612331434, 59.69006296321352, 109.28900855167704, 94.63339529149326, 93.1420400998779, 24.955235733791746, 14.52695400102734, 54.32791408498057, 54.41490671613376, 61.1705768092307, 53.35451233436133, 68.91633664143586, 32.59482565927023, 44.46503227902551, 27.81786350988349, 44.662565980516646, 2.5569161602461303, 77.12011724560539, 107.10427660911975, 47.05317271985011, 77.24482197270945, 36.75353686646031, 56.183801191566076, 79.91101557329686], [117.73267483162647, 47.553175475186194, 72.26629644884231, 73.6140585986968, 0.0, 101.23961848228363, 89.42943264438063, 42.32735461393369, 86.51515126323432, 85.7501996268368, 57.18150982132177, 20.360391162717548, 63.86313528577546, 60.08518837892884, 69.11165995856803, 57.81583815227265, 87.48399130034838, 24.697107404832767, 50.82590933737297, 89.87676566797035, 30.195054760965306, 50.09921091584332, 58.900867229519015, 72.07460125068076, 22.775942214203532, 89.49204800328656, 36.09406752299854, 56.43773011291891, 38.58005030014349, 63.4062870167418, 20.147893891929165], [17.235497435522948, 61.02844656128301, 41.41697351377996, 60.521166040151336, 101.23961848228363, 0.0, 38.16241884865702, 58.972882313740726, 18.137532120304815, 80.1096966990215, 83.40497007667963, 114.16968999451629, 44.33828602367179, 68.29845653520195, 34.3146372745219, 45.7060310274285, 18.171968219195758, 76.81498196545267, 61.12938892611481, 29.40538523070931, 74.86981378305717, 58.07923463830022, 42.360434841370164, 58.75230294514088, 89.6990683762601, 73.96697690942986, 65.30842478503317, 63.959589798709814, 67.99045607284366, 41.01990781366057, 94.35305815691811], [44.629075282519366, 66.06407557150389, 60.009702936660666, 25.718256752696096, 89.42943264438063, 38.16241884865702, 0.0, 51.56859484790568, 43.361718522127106, 102.86332448916134, 95.11144075684308, 107.0953376296067, 26.37907303261073, 37.96895052041623, 45.781411093032865, 51.34844683708928, 44.664472499630484, 65.8210394633234, 68.71946078738283, 8.833416140192934, 59.28446567504938, 39.33180006803486, 42.05799191186301, 24.883784171306093, 86.70400293961082, 98.88542484718222, 56.101684162324524, 75.530878646477, 50.9084694352893, 50.43498251749867, 90.47653009268026], [75.40614657528555, 21.206795851261795, 36.77589706372446, 45.216912612331434, 42.32735461393369, 58.972882313740726, 51.56859484790568, 0.0, 45.15866761656874, 68.54883390230015, 49.8256054434288, 57.044441393869626, 25.321808782057758, 37.74528507952334, 28.588493322855413, 19.132157200785546, 46.2847193877922, 17.860924482207725, 25.637740656864104, 49.87125129998494, 18.40994505158516, 17.74416995728702, 16.82791239323389, 42.83315777464384, 35.1664294511875, 68.39475750788905, 6.385278874472015, 34.43543496546165, 15.895803705019159, 24.43172444497816, 39.09172862720879], [35.09550553400011, 43.653435110272206, 23.353163067273893, 59.69006296321352, 86.51515126323432, 18.137532120304815, 43.361718522127106, 45.15866761656874, 0.0, 63.70860176295018, 65.27861879918373, 97.91184037765642, 37.856662116116, 63.69363096840458, 17.567821813145216, 29.165702634457176, 1.491689642462842, 62.82193043631606, 43.36066494765404, 35.07004413660919, 62.65569447821525, 48.954583992142936, 28.445661745411623, 57.44518263811459, 73.0258048035067, 58.28143505397651, 51.51776199779155, 45.838725415268286, 56.94901101574813, 23.949582996670806, 77.7611010732242], [94.48950571238333, 47.63334721221851, 42.88277528240938, 109.28900855167704, 85.7501996268368, 80.1096966990215, 102.86332448916134, 68.54883390230015, 63.70860176295018, 0.0, 29.369650554260613, 82.92301701630208, 84.5208982641693, 105.39021147512665, 57.18694840273075, 54.87805009260556, 63.03304099092908, 75.33406298069175, 43.06655968731771, 96.02403546972691, 82.98678613925996, 85.05252854688413, 64.6562605178343, 106.7322624337586, 63.04703221309075, 8.207380411303186, 70.99684503662486, 34.322302427623875, 83.95259023407661, 53.55311244404582, 66.45394976208789], [100.07532150029755, 29.75835215976932, 42.04305382912446, 94.63339529149326, 57.18150982132177, 83.40497007667963, 95.11144075684308, 49.8256054434288, 65.27861879918373, 29.369650554260613, 0.0, 53.608714436288366, 71.80191693859265, 87.42430134495285, 51.73662398666247, 43.80177269732702, 65.26332628108965, 50.914160297974206, 26.47607943484281, 90.22188986008742, 59.919419561370916, 67.56328921536306, 53.141563423285824, 92.16633640466934, 34.42124313622881, 34.79469717493952, 49.986567167068166, 20.057800775747154, 63.09133812115901, 45.6522719471146, 37.421596401024125], [131.184178366238, 55.17271267981065, 80.04660896640195, 93.1420400998779, 20.360391162717548, 114.16968999451629, 107.0953376296067, 57.044441393869626, 97.91184037765642, 82.92301701630208, 53.608714436288366, 0.0, 80.9125173525972, 79.99315216929084, 80.38424841440701, 68.77540510456195, 98.65741612640733, 41.28109338237336, 57.07668573611156, 106.55797917305105, 48.87450465704061, 68.13944219942405, 72.30824577050318, 91.4574559567502, 25.212395559753297, 88.26009857759195, 51.49469115233652, 59.98316185087248, 57.064368833423934, 73.99154878111877, 20.423444408598854], [58.10722064888457, 42.07016093611743, 43.90523889149609, 24.955235733791746, 63.86313528577546, 44.33828602367179, 26.37907303261073, 25.321808782057758, 37.856662116116, 84.5208982641693, 71.80191693859265, 80.9125173525972, 0.0, 25.87345117379847, 29.59205121047625, 29.76901725079787, 39.33606600688757, 39.73133877321627, 45.46600789605148, 26.030688599913923, 34.169391057280734, 14.69964235643886, 19.885528958423137, 22.411512196557496, 60.36860937502203, 82.16845342484486, 29.727168631393695, 53.34965020384437, 26.065156846300372, 31.237058884486544, 64.10145939017673], [79.78059223509577, 58.82892254370301, 67.82281971785908, 14.52695400102734, 60.08518837892884, 68.29845653520195, 37.96895052041623, 37.74528507952334, 63.69363096840458, 105.39021147512665, 87.42430134495285, 79.99315216929084, 25.87345117379847, 0.0, 54.373073854784906, 51.35644716441462, 65.17760143315395, 41.77463009214135, 63.120420113247356, 43.18146577270148, 32.21903771068227, 20.36556700604809, 42.56848606500173, 13.923058600445044, 65.98861770963126, 104.27214696144061, 37.78768075992664, 71.838830473211, 25.573587055984042, 54.46795011433367, 68.27501716041013], [51.54663763625395, 26.750692285181792, 14.701606552191187, 54.32791408498057, 69.11165995856803, 34.3146372745219, 45.781411093032865, 28.588493322855413, 17.567821813145216, 57.18694840273075, 51.73662398666247, 80.38424841440701, 29.59205121047625, 54.373073854784906, 0.0, 11.610361234019816, 18.425364661134804, 45.82159695092839, 27.248499490169824, 39.49174831819347, 46.74733247580648, 36.37063476958443, 13.019011630789716, 51.82131111550906, 55.595463725366336, 53.73070394336622, 34.79873982478703, 31.68241144719275, 42.12385093717402, 6.730605017038412, 60.30530297553056], [62.90010644989826, 16.00163814704832, 17.8037298799716, 54.41490671613376, 57.81583815227265, 45.7060310274285, 51.34844683708928, 19.132157200785546, 29.165702634457176, 54.87805009260556, 43.80177269732702, 68.77540510456195, 29.76901725079787, 51.35644716441462, 11.610361234019816, 0.0, 29.977755771302775, 35.18950313575771, 17.648166019789855, 46.520216443461514, 37.514178304397845, 31.516350072500476, 9.918186598726972, 51.858523562435174, 44.03658816828649, 53.05682299825752, 24.8054176738279, 24.232304103445152, 34.3531280712837, 5.633490876443653, 48.728762940446764], [34.918325381488444, 44.20600881096849, 23.24841068440925, 61.1705768092307, 87.48399130034838, 18.171968219195758, 44.664472499630484, 46.2847193877922, 1.491689642462842, 63.03304099092908, 65.26332628108965, 98.65741612640733, 39.33606600688757, 65.17760143315395, 18.425364661134804, 29.977755771302775, 0.0, 63.8952867495719, 43.76560739506559, 36.31483326548765, 63.87698911771177, 50.35577278409075, 29.62820327928865, 58.92915136886443, 73.71202635591682, 57.475543905682706, 52.63084604350012, 45.965168692554926, 58.25151717717416, 24.665954296877477, 78.459359219356], [93.14445844934039, 29.49082054227674, 51.589489399442854, 53.35451233436133, 24.697107404832767, 76.81498196545267, 65.8210394633234, 17.860924482207725, 62.82193043631606, 75.33406298069175, 50.914160297974206, 41.28109338237336, 39.73133877321627, 41.77463009214135, 45.82159695092839, 35.18950313575771, 63.8952867495719, 0.0, 33.827909302448404, 65.59149502419925, 9.868970447336658, 26.98524603213312, 34.65888940397692, 51.39968991196901, 24.23414082981338, 77.00314516651369, 11.506645449873897, 41.73536796687074, 16.603430350263253, 40.8031840642083, 26.60397938798065], [78.32069435959754, 4.586678316608206, 23.033391779413286, 68.91633664143586, 50.82590933737297, 61.12938892611481, 68.71946078738283, 25.637740656864104, 43.36066494765404, 43.06655968731771, 26.47607943484281, 57.07668573611156, 45.46600789605148, 63.120420113247356, 27.248499490169824, 17.648166019789855, 43.76560739506559, 33.827909302448404, 0.0, 64.14966289879798, 40.362352183061056, 42.79887118840533, 26.68837841152619, 66.40440764673231, 31.936172531646193, 43.62500656034201, 27.988639376471067, 8.802122263230686, 40.88603159161944, 20.610489332802988, 36.692551683702355], [37.14501604666768, 61.9534209709112, 53.17183351216941, 32.59482565927023, 89.87676566797035, 29.40538523070931, 8.833416140192934, 49.87125129998494, 35.07004413660919, 96.02403546972691, 90.22188986008742, 106.55797917305105, 26.030688599913923, 43.18146577270148, 39.49174831819347, 46.520216443461514, 36.31483326548765, 65.59149502419925, 64.14966289879798, 0.0, 60.15918095169312, 40.38115754774692, 37.96458461859692, 31.285499678621967, 84.89735398616756, 91.65828914529858, 55.079829986218016, 70.33411500483211, 51.9556442297468, 44.79882191535191, 88.94314236510951], [90.4583278904368, 35.80587101032905, 55.01496447802428, 44.46503227902551, 30.195054760965306, 74.86981378305717, 59.28446567504938, 18.40994505158516, 62.65569447821525, 82.98678613925996, 59.919419561370916, 48.87450465704061, 34.169391057280734, 32.21903771068227, 46.74733247580648, 37.514178304397845, 63.87698911771177, 9.868970447336658, 40.362352183061056, 60.15918095169312, 0.0, 19.96988636576817, 34.2828496878523, 42.671995098102855, 34.00191180696592, 83.9843621989167, 13.046834587087716, 48.8222055935931, 8.386832542136577, 42.841005485312046, 36.07259536068975], [72.54002987528416, 38.56459222388314, 48.67545024804247, 27.81786350988349, 50.09921091584332, 58.07923463830022, 39.33180006803486, 17.74416995728702, 48.954583992142936, 85.05252854688413, 67.56328921536306, 68.13944219942405, 14.69964235643886, 20.36556700604809, 36.37063476958443, 31.516350072500476, 50.35577278409075, 26.98524603213312, 42.79887118840533, 40.38115754774692, 19.96988636576817, 0.0, 23.63277846401986, 25.549501303861486, 49.80764309267342, 84.10253347014599, 19.275632164985474, 51.49182728020331, 11.630286873705664, 35.2300256842561, 52.95847097365114], [59.06807258573144, 24.069875327262043, 25.269686222691757, 44.662565980516646, 58.900867229519015, 42.360434841370164, 42.05799191186301, 16.82791239323389, 28.445661745411623, 64.6562605178343, 53.141563423285824, 72.30824577050318, 19.885528958423137, 42.56848606500173, 13.019011630789716, 9.918186598726972, 29.62820327928865, 34.65888940397692, 26.68837841152619, 37.96458461859692, 34.2828496878523, 23.63277846401986, 0.0, 42.106028305983074, 48.646477872843036, 62.51933796419607, 23.213152549007763, 33.9408137894015, 29.183956497771703, 11.908359518624984, 53.08451494176791], [68.41900618032305, 62.55813516031095, 66.27396780807094, 2.5569161602461303, 72.07460125068076, 58.75230294514088, 24.883784171306093, 42.83315777464384, 57.44518263811459, 106.7322624337586, 92.16633640466934, 91.4574559567502, 22.411512196557496, 13.923058600445044, 51.82131111550906, 51.858523562435174, 58.92915136886443, 51.39968991196901, 66.40440764673231, 31.285499678621967, 42.671995098102855, 25.549501303861486, 42.106028305983074, 0.0, 75.04008583713075, 104.55235153619493, 44.81638733614136, 74.71577525019717, 34.82190891198476, 53.63478838886901, 77.90776897654888], [106.84402884795007, 29.96776803672646, 54.85209976654781, 77.12011724560539, 22.775942214203532, 89.6990683762601, 86.70400293961082, 35.1664294511875, 73.0258048035067, 63.04703221309075, 34.42124313622881, 25.212395559753297, 60.36860937502203, 65.98861770963126, 55.595463725366336, 44.03658816828649, 73.71202635591682, 24.23414082981338, 31.936172531646193, 84.89735398616756, 34.00191180696592, 49.80764309267342, 48.646477872843036, 75.04008583713075, 0.0, 67.06720296957118, 30.90179674201019, 35.61522875193691, 40.59274074562732, 49.07663763025958, 4.791379781754276], [87.7453630954393, 48.19443354259434, 39.074251998269865, 107.10427660911975, 89.49204800328656, 73.96697690942986, 98.88542484718222, 68.39475750788905, 58.28143505397651, 8.207380411303186, 34.79469717493952, 88.26009857759195, 82.16845342484486, 104.27214696144061, 53.73070394336622, 53.05682299825752, 57.475543905682706, 77.00314516651369, 43.62500656034201, 91.65828914529858, 83.9843621989167, 84.10253347014599, 62.51933796419607, 104.55235153619493, 67.06720296957118, 0.0, 71.5174465411691, 35.28519108987126, 84.132331519653, 50.933936992133056, 70.81060677658829], [81.66270517159654, 23.402581645348327, 42.07657226850644, 47.05317271985011, 36.09406752299854, 65.30842478503317, 56.101684162324524, 6.385278874472015, 51.51776199779155, 70.99684503662486, 49.986567167068166, 51.49469115233652, 29.727168631393695, 37.78768075992664, 34.79873982478703, 24.8054176738279, 52.63084604350012, 11.506645449873897, 27.988639376471067, 55.079829986218016, 13.046834587087716, 19.275632164985474, 23.213152549007763, 44.81638733614136, 30.90179674201019, 71.5174465411691, 0.0, 36.67592910869506, 13.201223601634434, 30.286191966342415, 34.433477455374586], [80.88339432563112, 13.328341772213495, 23.16830585119831, 77.24482197270945, 56.43773011291891, 63.959589798709814, 75.530878646477, 34.43543496546165, 45.838725415268286, 34.322302427623875, 20.057800775747154, 59.98316185087248, 53.34965020384437, 71.838830473211, 31.68241144719275, 24.232304103445152, 45.965168692554926, 41.73536796687074, 8.802122263230686, 70.33411500483211, 48.8222055935931, 51.49182728020331, 33.9408137894015, 74.71577525019717, 35.61522875193691, 35.28519108987126, 36.67592910869506, 0.0, 49.65045807742883, 25.629739593717584, 40.12386878891285], [83.13815990528514, 36.32428955553791, 52.1565405487585, 36.75353686646031, 38.58005030014349, 67.99045607284366, 50.9084694352893, 15.895803705019159, 56.94901101574813, 83.95259023407661, 63.09133812115901, 57.064368833423934, 26.065156846300372, 25.573587055984042, 42.12385093717402, 34.3531280712837, 58.25151717717416, 16.603430350263253, 40.88603159161944, 51.9556442297468, 8.386832542136577, 11.630286873705664, 29.183956497771703, 34.82190891198476, 40.59274074562732, 84.132331519653, 13.201223601634434, 49.65045807742883, 0.0, 39.2088680469804, 43.18969707995821], [58.254898343660756, 20.02286573504228, 13.447667947310958, 56.183801191566076, 63.4062870167418, 41.01990781366057, 50.43498251749867, 24.43172444497816, 23.949582996670806, 53.55311244404582, 45.6522719471146, 73.99154878111877, 31.237058884486544, 54.46795011433367, 6.730605017038412, 5.633490876443653, 24.665954296877477, 40.8031840642083, 20.610489332802988, 44.79882191535191, 42.841005485312046, 35.2300256842561, 11.908359518624984, 53.63478838886901, 49.07663763025958, 50.933936992133056, 30.286191966342415, 25.629739593717584, 39.2088680469804, 0.0, 53.81192834025026], [111.47600537223076, 34.759109033108096, 59.6313646119433, 79.91101557329686, 20.147893891929165, 94.35305815691811, 90.47653009268026, 39.09172862720879, 77.7611010732242, 66.45394976208789, 37.421596401024125, 20.423444408598854, 64.10145939017673, 68.27501716041013, 60.30530297553056, 48.728762940446764, 78.459359219356, 26.60397938798065, 36.692551683702355, 88.94314236510951, 36.07259536068975, 52.95847097365114, 53.08451494176791, 77.90776897654888, 4.791379781754276, 70.81060677658829, 34.433477455374586, 40.12386878891285, 43.18969707995821, 53.81192834025026, 0.0]]",Route_3,1552.277059276716
