instance_id,num_cities,city_coordinates,distance_matrix,best_route,total_distance
2520,67,"[[90.899560487399, 0.3511180707759354], [80.83593654200048, 31.370332837150116], [49.30944035452538, 48.66811436733239], [71.60421044240935, 76.64585727498994], [64.18287116393107, 87.65874438391612], [39.92550729156834, 31.39491219165108], [57.199759905042114, 29.66167135189358], [55.23491916618056, 56.71642037200567], [15.482911466042049, 85.83611877093102], [42.15113451818372, 38.664900683561285], [66.55218387659247, 95.20028530525131], [37.623220712023155, 91.04224658341387], [69.81202443297072, 68.09708344578613], [8.35105297856521, 46.1959790041076], [11.620472707033446, 21.911276488167854], [75.30412902878825, 58.73867713312959], [76.0544694652755, 68.25182126828881], [55.70029125575333, 37.78063916606619], [89.04754554185166, 81.77832540195118], [28.44551692267787, 65.95877630430425], [98.50243124402486, 81.66887934565096], [61.71573320556133, 46.27705156433007], [82.2795269112359, 85.80313410372622], [94.22664543287436, 87.92668901121903], [40.87760729147567, 43.63362201806855], [52.88087072979026, 73.42322985593425], [93.85744736451448, 92.1749427399437], [10.854630273984366, 59.66527558845244], [27.58059337390809, 85.44936835938692], [33.3255022565744, 9.418060081077728], [66.85970130773448, 80.32780115526272], [10.251364462401236, 39.93099062067833], [50.261466255439025, 36.421526117466485], [67.72194646281983, 33.8186518815623], [5.759229707757207, 40.87075522717836], [51.37767620057989, 68.2173064735067], [88.12895052112046, 4.895267820500726], [39.233813101778544, 32.51328687958447], [18.65907719880877, 68.28717420286831], [0.5777489591846985, 57.31669028588166], [22.624118369297108, 2.3603250152774313], [81.72401756180885, 57.51362286557554], [17.178053040336984, 95.34087410725945], [40.92967290718018, 41.60955651993665], [80.31938645262375, 24.136564932547756], [66.78451470587787, 84.27037423714808], [44.4107616989195, 53.633025669431014], [99.5198437100187, 38.727013438047976], [29.531764633845224, 20.22626500484863], [9.779182744303416, 6.316687803044873], [7.239827425244705, 0.0007029403798708422], [20.11939278635072, 31.605517895289303], [27.717741521434203, 12.35311240813174], [17.361093625564738, 60.568362211998036], [87.73551025312233, 91.53948917560051], [59.27257429362874, 85.43101654068252], [86.92275244117835, 28.318507523242232], [44.97029068654851, 2.304885500448761], [18.96282474681046, 57.026746368236424], [67.28449055652686, 61.19996921396189], [26.867427609010818, 43.364849736644906], [68.90291043425333, 11.970368060840197], [28.92885249087519, 64.41230039061726], [49.37510363970823, 34.83668008071697], [28.138291537183868, 93.76754352463102], [74.92179820079866, 70.05871589681864], [88.77498102212695, 12.717811495085119]]","[[0.0, 32.610860332669, 63.75162918536522, 78.69687264178742, 91.30390517848419, 59.68309017326982, 44.6630170603807, 66.7009291095722, 113.99717669449562, 62.00286261597795, 97.92425273088341, 105.18198120760562, 70.95209652602868, 94.42461207721486, 82.15846998496225, 60.43446479981487, 69.50454821212685, 51.38051774617161, 81.44826611483347, 90.58075058461118, 81.67240624898669, 54.41403442192548, 85.88569160779792, 87.63874782183386, 66.14809860821809, 82.37083398647835, 91.87145297453326, 99.62610167472256, 106.07074902395298, 58.28363079445683, 83.51158402625671, 89.8370626921483, 54.33717916362992, 40.709674663997234, 94.29059826172134, 78.53533514218721, 5.322177799845271, 60.85847973291022, 99.16650214942489, 106.78532696739141, 68.30499915063402, 57.89423583047656, 120.24106791000267, 64.80160806679793, 26.03243294470003, 87.31538803992139, 70.71188082739243, 39.33215768398666, 64.50602943581656, 81.33943513089503, 83.66046692909693, 77.37357202675253, 64.31166391815617, 95.04747550752016, 91.2432476331056, 90.7681407727984, 28.24871457292187, 45.97080629713348, 91.58067914098025, 65.27062289641171, 77.13815627028521, 24.876888549257156, 89.13026270468617, 53.97716650248716, 112.54157198483102, 71.51529963836005, 12.547866119588129], [32.610860332669, 0.0, 35.96016139736858, 46.20711936378747, 58.70016917304714, 40.9104366341803, 23.69785581196526, 36.02549436165441, 85.07373110404467, 39.36654198285383, 65.40862651276672, 73.67547827835197, 38.34554535349, 73.98552648641889, 69.85881605712233, 27.92180445219298, 37.190141385883734, 25.940175234307503, 51.0724606493507, 62.7783122532712, 53.31086958514632, 24.2444310891808, 54.45194034082458, 58.11998372580872, 41.79780302872602, 50.49684992390583, 62.18328014451918, 75.48501183862494, 75.89910183241061, 52.336828764712024, 50.913346535486525, 71.10180502172095, 30.988913934808085, 13.340577271620594, 75.67542490573715, 47.17508419177723, 27.461192991846726, 41.61782092660043, 72.31054566385632, 84.34802984620205, 65.03995947720904, 26.15836962442637, 90.24719542624094, 41.19892691464084, 7.252187400535808, 54.7344209409231, 42.68982143899774, 20.0800681404907, 52.500555264039676, 75.34419280715325, 80.0027559336912, 60.71699924768437, 56.41983086724725, 69.8683090008673, 60.56345013187482, 58.2025438786646, 6.809035580542474, 46.164323687359044, 66.98159089255937, 32.76352994825224, 55.2853361399065, 22.776210075652198, 61.53143094789005, 31.651217514006287, 81.67284549121302, 39.137808013358644, 20.271777911017494], [63.75162918536522, 35.96016139736858, 0.0, 35.77444439091386, 41.731141526829795, 19.6576120912999, 20.57916467469925, 9.994324824230723, 50.25628923815729, 12.300635205134272, 49.62413864606108, 43.95605544858136, 28.246075715844697, 41.03292519055058, 46.22106290021453, 27.87723217415444, 33.14842617859013, 12.624582824787229, 51.72429872541531, 27.097422224053766, 59.23681998393057, 12.634606588001345, 49.6592015479442, 59.655603216463064, 9.820484815829328, 25.011414549748686, 62.26852369862237, 39.99637450136931, 42.720058945829045, 42.379865957705285, 36.19872134531255, 40.0233759665433, 12.283536830968684, 23.654321324110605, 44.242735640310755, 19.658293708229422, 58.50655061090896, 19.03934651439462, 36.39165110856677, 49.493187527877325, 53.44640085290685, 33.59981898938494, 56.66367930584232, 10.95644747884177, 39.540026235174004, 39.65979237745939, 6.974768584590834, 51.18505731956891, 34.64239096931098, 57.933449739858844, 64.33015830090712, 33.81110875733117, 42.249033430312444, 34.092708274326924, 57.57184751076575, 38.089040603509886, 42.76526329671075, 46.565837378964154, 31.476718503823484, 21.912321092514706, 23.060107367766935, 41.600825156970814, 25.753596937200133, 13.83159015052072, 49.82144169491905, 33.36990722550508, 53.38495271883665], [78.69687264178742, 46.20711936378747, 35.77444439091386, 0.0, 13.28005870319243, 55.2375620773985, 49.14266905795355, 25.790233658422935, 56.86880608170514, 48.062841624254666, 19.22991866732329, 36.90479221153149, 8.73461302378689, 70.20083344133042, 81.2029748630893, 18.285417637529353, 9.500770803066276, 41.993330710362805, 18.182743700160025, 44.46219209625302, 27.36320582488114, 31.93816435481959, 14.064782281560916, 25.279076912714377, 45.09913322729486, 18.99865199102791, 27.13593648446984, 63.07813920093923, 44.89521875664642, 77.36172319643674, 6.005587204136786, 71.49932267714486, 45.53580510434144, 43.00280799457234, 74.93610221033681, 21.912397314056797, 73.62889461166465, 54.73140226319564, 53.600883545728905, 73.60961165038727, 88.97971523105332, 21.64377253693609, 57.54746096843889, 46.56682964942675, 53.2276251132161, 9.020128929177064, 35.62406592558774, 47.08631753133865, 70.37940812655044, 93.64040863048994, 100.08623024250872, 68.40554524683083, 77.8432989849906, 56.57562699172127, 21.95538896886123, 15.140946913238187, 50.69704590008967, 78.96800469775567, 56.17851013265036, 16.038560966816732, 55.75845407693833, 64.7318772076298, 44.39421235177793, 47.35124588548868, 46.71657357198607, 7.375419992829631, 66.19388491045757], [91.30390517848419, 58.70016917304714, 41.731141526829795, 13.28005870319243, 0.0, 61.27020903339214, 58.41595948998679, 32.21014219484442, 48.73405419930835, 53.719588049075405, 7.904965667133049, 26.774299603566448, 20.355489313320387, 69.54389142710377, 84.17562156731675, 30.98471665654961, 22.75002222074417, 50.594263924100424, 25.55056475547017, 41.809653225313795, 34.83835081153812, 41.45517181631512, 18.191543055728054, 30.04496907381533, 49.813117986054905, 18.17649822407225, 30.01627092553667, 60.229025989291756, 36.66889801774487, 84.10577801828553, 7.804367254333544, 72.01767765195859, 53.09480247924448, 53.95628429231594, 74.84943426860731, 23.279659062661096, 86.1580394939661, 60.52666339350539, 49.473968390034834, 70.47163839140374, 94.88387787518832, 34.87721560427811, 47.628437344914374, 51.58719736620546, 65.53971626360658, 4.271955216392414, 39.35334606782073, 60.35740155177144, 75.81450032129553, 97.85852789852088, 104.52962479576145, 71.29904856670098, 83.66985052643743, 54.0940630575375, 23.87021131460477, 5.392011377771658, 63.548138534375504, 87.48945350668708, 54.6184208889194, 26.639947941967012, 57.9171082731519, 75.83540783260115, 42.228461858487734, 54.85836724058358, 36.55857146293491, 20.61760307722041, 78.87277914163953], [59.68309017326982, 40.9104366341803, 19.6576120912999, 55.2375620773985, 61.27020903339214, 0.0, 17.360988657409717, 29.589810213556326, 59.67650680542443, 7.603035526969375, 69.13830735655316, 59.69175004585745, 47.33131396455411, 34.87144596873957, 29.851538134375893, 44.71384972466718, 51.61137136748745, 17.018264250753678, 70.36663249425924, 36.42047338061069, 77.19279625155015, 26.387345787151347, 68.95010942396537, 78.38657661754748, 12.275687867694872, 43.97977862047869, 81.25802282533854, 40.55033091306035, 55.44620033170999, 22.946505074890116, 55.85587193505824, 30.877489982061586, 11.493428351106564, 27.901909337633782, 35.455974463663885, 38.56216919947533, 55.00730034260993, 1.3149915569307145, 42.58286093247531, 47.11883556870011, 33.79859924822523, 49.28795499997516, 67.87144259719473, 10.263883638124204, 41.040822099608086, 59.306161280314946, 22.68592511116266, 60.04368944229572, 15.256754780039017, 39.21375042245145, 45.32052562400834, 19.807234197539966, 22.619011563154032, 36.88147163794053, 76.83206702778483, 57.395205155148886, 47.09782709782214, 29.524218743213698, 33.112308628790366, 40.45806952136347, 17.71419910205015, 34.88556732494843, 34.80049339142821, 10.056870156514094, 63.47663818004416, 52.150072812559, 52.29823299292435], [44.6630170603807, 23.69785581196526, 20.57916467469925, 49.14266905795355, 58.41595948998679, 17.360988657409717, 0.0, 27.12600309058351, 69.97045080972899, 17.536227200643836, 66.20255095591774, 64.42682595416392, 40.45182467268674, 51.571111079042076, 46.23353806515594, 34.252597661650206, 42.949967906514374, 8.256273045252962, 61.077222262817074, 46.30643926512984, 66.41280255373935, 17.21815537317597, 61.48868638213357, 69.03479220460288, 21.485531675026827, 43.974160667495205, 72.46858042981361, 55.2094856678053, 63.16298095719463, 31.30150117085955, 51.57878611556597, 48.05840980393355, 9.686875410562543, 11.313571367199788, 52.64761825857794, 38.992738532869566, 39.62309397366007, 18.190848129085797, 54.56476604873525, 63.01469825201131, 44.05494863690343, 37.11024678893921, 76.91225321718801, 20.185828962585102, 23.77065276017337, 55.44346630038698, 27.16954734501714, 43.28013309128386, 29.23259918756506, 52.8554575720766, 58.10135885239458, 37.13128283592154, 34.18736053984093, 50.42165081440345, 69.00214770530076, 55.80785269364722, 29.75332543387054, 29.965874749252592, 47.02032051086938, 33.11141833793199, 33.2840424281844, 21.211929295691448, 44.79788415324304, 9.38114923738169, 70.38559363053903, 44.113397617060976, 35.834187244026694], [66.7009291095722, 36.02549436165441, 9.994324824230723, 25.790233658422935, 32.21014219484442, 29.589810213556326, 27.12600309058351, 0.0, 49.27655579518771, 22.29445634630845, 40.11344339153432, 38.58023156405322, 18.49355265918345, 48.04973043913569, 55.799802694207294, 20.170838032102218, 23.80166272541719, 18.94149891273033, 42.08791734156891, 28.338899338956015, 49.947000012391676, 12.287447729927688, 39.71709611483408, 49.94432486067505, 19.424006204625293, 16.871841250235775, 52.43096883473221, 44.47814957079889, 39.879117782000925, 52.12636027509849, 26.317919034956986, 48.01323615134323, 20.895405395882875, 26.08128931914516, 51.951217033562735, 12.130486569605328, 61.37954993763083, 29.014256256816303, 38.36241076674637, 54.66046632627663, 63.388085876162464, 26.50109178183101, 54.22336660211297, 20.805225448804777, 41.11784867305942, 29.87663854473913, 11.254763781080829, 47.799302334751324, 44.63388389589652, 67.8701481999114, 74.29805808367317, 43.17010095109445, 52.204388311999686, 38.069201686135834, 47.633334356315, 28.99708075062729, 42.55067839447476, 55.37127165691182, 36.273421892504665, 12.856686233600751, 31.352496163417747, 46.786998009464874, 27.408679522853284, 22.650838245383515, 45.90221079355021, 23.782137330255452, 55.32461777911296], [113.99717669449562, 85.07373110404467, 50.25628923815729, 56.86880608170514, 48.73405419930835, 59.67650680542443, 69.97045080972899, 49.27655579518771, 0.0, 54.187802470712704, 51.920691438245406, 22.744165412421356, 57.15177941271851, 40.27659476940288, 64.04142326684531, 65.67228802168742, 63.072348593626444, 62.663919101852045, 73.6764621418069, 23.73052641135398, 83.12404314393332, 60.847297427696304, 66.79662358923076, 78.7714803908676, 49.253845618810956, 39.404151663359286, 78.63045571921272, 26.576945266050437, 12.103862335004429, 78.47342059604802, 51.67123084843744, 46.20227131367489, 60.42640019351574, 73.72064594793744, 46.004716123004634, 39.985705972505876, 108.76060106018058, 58.37319358595378, 17.834054059998227, 32.179522533276824, 83.78069574294256, 72.04198714013593, 9.654733500225, 51.02476336430454, 89.501974461691, 51.325491238979914, 43.28810141828428, 96.34040578201542, 67.09711757249494, 79.7237255952555, 86.23031395806976, 54.4284395363924, 74.49458564620336, 25.337464153814807, 72.4773513965546, 43.79153660663988, 91.71655511516457, 88.5831387171491, 29.018782446526068, 57.36151550701135, 43.97062543553625, 91.15835352686541, 25.29374080747964, 61.2341688688074, 14.935399002660043, 61.49721699165968, 103.5278432050963], [62.00286261597795, 39.36654198285383, 12.300635205134272, 48.062841624254666, 53.719588049075405, 7.603035526969375, 17.536227200643836, 22.29445634630845, 54.187802470712704, 0.0, 61.576464043609434, 52.57269602130771, 40.39032325974837, 34.6289279758277, 34.82535332638137, 38.75664518463147, 44.99802207010513, 13.577980951914416, 63.70275314183114, 30.54176812293006, 70.88590003275164, 20.993293282134815, 61.90558073408829, 71.68390772178245, 5.129333611411364, 36.376760246422364, 74.4101296131007, 37.68934762042413, 49.000888613854784, 30.54945940674303, 48.43872983995958, 31.924885486727526, 8.414880292204503, 26.025997597764075, 36.45869621912912, 30.959227370698272, 57.04689008268378, 6.808312319502858, 37.80682273809102, 45.56572881241355, 41.22288895908469, 43.83249251730033, 61.93400327786758, 3.1879407870684906, 40.83978446839629, 51.833026513202825, 15.137723758496112, 57.36874281637695, 22.343495294381416, 45.76407038511369, 52.093373379551146, 23.13509302098313, 30.010548739562388, 33.08032276724987, 69.8115851370426, 49.801739852598295, 45.951557349784245, 36.46914237568252, 29.577949337318632, 33.756701548284774, 15.990034958907408, 37.79226887352918, 28.944037964399374, 8.175634706417682, 56.85649493664423, 45.381582518056895, 53.357609580808585], [97.92425273088341, 65.40862651276672, 49.62413864606108, 19.22991866732329, 7.904965667133049, 69.13830735655316, 66.20255095591774, 40.11344339153432, 51.920691438245406, 61.576464043609434, 0.0, 29.226258669034383, 27.298536801226646, 76.08412235062988, 91.59023804645554, 37.49727209337203, 28.574694142901247, 58.43611328796141, 26.195234377584974, 48.033154331035085, 34.69751077647543, 49.16171330173646, 18.32091072064028, 28.614349992244886, 57.6047276306269, 25.71273900619218, 27.47235177013991, 66.06780148369091, 40.172941734382164, 91.99240477283377, 14.875663069662412, 78.89535602074142, 60.99450805005119, 61.39277861661152, 81.53208641435799, 30.95717735588538, 92.8469333998357, 68.38094144869434, 54.93692034013902, 76.07754487536307, 102.70799952222397, 40.62596538193198, 49.37433099341119, 59.40100403291855, 72.38499996531937, 10.932380050605728, 47.096492965842415, 65.39187281520209, 83.61587864104499, 105.46785084802445, 112.16468299004673, 78.7419743869634, 91.49736591881394, 60.159234180811886, 21.497319476563867, 12.183239629702632, 69.91517905953283, 95.36945747229862, 61.007918972533055, 34.00820147230769, 65.28240391257438, 83.26310731566781, 48.61496765054188, 62.75999459184003, 38.44060189010585, 26.49809344566124, 85.42371566969169], [105.18198120760562, 73.67547827835197, 43.95605544858136, 36.90479221153149, 26.774299603566448, 59.69175004585745, 64.42682595416392, 38.58023156405322, 22.744165412421356, 52.57269602130771, 29.226258669034383, 0.0, 39.52973053788804, 53.5541550172387, 73.85955544220934, 49.632362937964146, 44.68069344558848, 56.24570476154302, 52.252094884894994, 26.70974968224035, 61.596576920911396, 50.8367174721962, 44.96258425549699, 56.689102913300104, 47.5201927099037, 23.307201344388716, 56.245633144154255, 41.244050999606145, 11.4949837181725, 81.73725103091282, 31.13793728647153, 57.97912555944799, 56.06378826510776, 64.65657802902537, 59.434774901809426, 26.648882468267555, 99.86055624483247, 58.551115547514755, 29.621479676641044, 50.0977057854785, 89.94140472610306, 55.39899720390667, 20.89217747656103, 49.5431475890527, 79.36833629424191, 29.937256428573182, 38.02000160494434, 81.04366451247118, 71.27674872215184, 89.18357898735384, 95.97767061418774, 61.960541550225976, 79.31014030532758, 36.59523770588482, 50.11475644205449, 22.364713570574285, 79.77914057197208, 89.04099443053802, 38.79774004329715, 42.075556412052, 48.87556910521966, 85.03399886050073, 28.013319564024364, 57.42101059921447, 9.868694182591993, 42.795939559279155, 93.54795409162156], [70.95209652602868, 38.34554535349, 28.246075715844697, 8.73461302378689, 20.355489313320387, 47.33131396455411, 40.45182467268674, 18.49355265918345, 57.15177941271851, 40.39032325974837, 27.298536801226646, 39.52973053788804, 0.0, 65.24652778412472, 74.2925666308468, 10.850943811676926, 6.244362559545976, 33.43991338251853, 23.604695587813357, 41.421737059549145, 31.73851110136344, 23.273670164947873, 21.65508826920568, 31.452932700299723, 37.89012325584951, 17.749135226907676, 34.028306924471885, 59.557280913093, 45.65737137658209, 69.09771402560763, 12.581997755710697, 65.88475545346121, 37.22318171667644, 34.34209219637741, 69.59909094505257, 18.43474025663082, 65.8025780623473, 46.91730582929794, 51.153300433470406, 70.06855055631023, 80.91983618140327, 15.934403602091868, 59.266846332218215, 39.18902030297435, 45.198803574484366, 16.45421375118225, 29.23068791256952, 41.7750588085425, 62.5628850652705, 86.14382953520371, 92.4791699590278, 61.6521856570622, 69.85212209291373, 52.98850616859642, 29.509282104897267, 20.28657797111233, 43.30256476695635, 70.32584905997642, 52.04030622251922, 7.3456526070461345, 49.55725759781354, 56.134077601448034, 41.048890048460585, 39.03744565820347, 48.945607914591854, 5.473370975123688, 58.53595035866355], [94.42461207721486, 73.98552648641889, 41.03292519055058, 70.20083344133042, 69.54389142710377, 34.87144596873957, 51.571111079042076, 48.04973043913569, 40.27659476940288, 34.6289279758277, 76.08412235062988, 53.5541550172387, 65.24652778412472, 0.0, 24.503793209390818, 68.11779260180649, 71.20542663277426, 48.09124982800575, 88.19312494289267, 28.18431546676101, 96.87929428832075, 53.36474181038985, 83.86981574499146, 95.47811025086446, 32.62732610549963, 52.1941362406316, 97.08454350259278, 13.699994516465393, 43.710454123622185, 44.45602812947658, 67.73657219452787, 6.546851394380567, 43.03513297611066, 60.64735130092001, 5.92246200000257, 48.33455461058604, 89.8346351947964, 33.77811327771909, 24.377782274745098, 13.56814190632948, 46.10081296763161, 74.2406963484917, 49.93131927748673, 32.89987458420559, 75.27322745979362, 69.74330807897694, 36.81864006313913, 91.47422505855158, 33.511917155355675, 39.90485460851783, 46.20863937441102, 18.745009394488132, 38.99241265361137, 16.96308437563861, 91.42169311191007, 64.28366435990493, 80.57987306388833, 57.161146413107474, 15.162955574597088, 60.8134013764475, 18.731562198174863, 69.55515714721575, 27.482361572933176, 42.5676685370361, 51.52269947029181, 70.71841578722102, 87.113695259231], [82.15846998496225, 69.85881605712233, 46.22106290021453, 81.2029748630893, 84.17562156731675, 29.851538134375893, 46.23353806515594, 55.799802694207294, 64.04142326684531, 34.82535332638137, 91.59023804645554, 73.85955544220934, 74.2925666308468, 24.503793209390818, 0.0, 73.56538262506292, 79.36741162945623, 46.84940848175932, 97.87244327906384, 47.151504248654945, 105.44878291614451, 55.70660750285818, 95.26211949457773, 105.74409895119484, 36.4395419758888, 65.99925594095174, 108.16608893713466, 37.76176588424524, 65.51194219634061, 25.043737020277785, 80.3981512883338, 18.071650583245507, 41.2755826937971, 57.35120701720587, 19.844797896465362, 61.03182483451041, 78.37787779984075, 29.578694901833774, 46.90699139825532, 37.08753259464218, 22.4347926523953, 78.62591219682238, 73.63961234052516, 35.31361568265508, 68.73494495876713, 83.2570033193433, 45.623156656355704, 89.4933988173877, 17.990376377007525, 15.70291517473797, 22.34420028280011, 12.892244140341525, 18.721126137707948, 39.08100568293802, 103.15806775375776, 79.4070536033055, 75.57437358454405, 38.686185219404855, 35.87487084818593, 68.13284273572168, 26.319677788884537, 58.13862169275548, 45.89027177407296, 39.90586692320773, 73.73032925005269, 79.53133804279486, 77.70030857031954], [60.43446479981487, 27.92180445219298, 27.87723217415444, 18.285417637529353, 30.98471665654961, 44.71384972466718, 34.252597661650206, 20.170838032102218, 65.67228802168742, 38.75664518463147, 37.49727209337203, 49.632362937964146, 10.850943811676926, 68.11779260180649, 73.56538262506292, 0.0, 9.54268945879211, 28.697557576566375, 26.827353387961278, 47.41159521206297, 32.61832919045014, 18.437370009457663, 27.948899919884713, 34.78507818675125, 37.594522060516844, 26.80370499413117, 38.23884777286334, 64.45615932122293, 54.69000714195491, 64.76672272144067, 23.181860054343073, 67.71699380274067, 33.54385470150388, 26.04797786781974, 71.80359082113871, 25.735569920107416, 55.34969532632926, 44.596398789869006, 57.44419633968144, 74.73990851546841, 77.16023658989535, 6.535726947697688, 68.69033071072094, 38.40585901444817, 34.963680809791626, 26.91563458702926, 31.312422803848467, 31.414447653393616, 59.81902063927502, 83.91414392644509, 89.904942940009, 61.49441799361465, 66.45362962891512, 57.971916470193115, 35.07752143168372, 31.136662156923926, 32.56346310043288, 64.06960735492274, 56.36730679337268, 8.38883543365483, 50.81799497466987, 47.20434654749715, 46.72104745011412, 35.26499426798618, 58.75064005573124, 11.326493476511338, 47.95189180315391], [69.50454821212685, 37.190141385883734, 33.14842617859013, 9.500770803066276, 22.75002222074417, 51.61137136748745, 42.949967906514374, 23.80166272541719, 63.072348593626444, 44.99802207010513, 28.574694142901247, 44.68069344558848, 6.244362559545976, 71.20542663277426, 79.36741162945623, 9.54268945879211, 0.0, 36.64403784098853, 18.755968117100245, 47.6641418406979, 26.15202545638676, 26.239090324698086, 18.622564873102124, 26.782987139211592, 42.935618857983805, 23.743612722870466, 29.82049233376852, 65.76281470011864, 51.43415489022619, 72.71297060467299, 15.178045055326747, 71.63880286960362, 40.96885041066076, 35.42702490474542, 75.43966801434529, 24.67681740216079, 64.49686781193631, 51.312801280882454, 57.39540315436047, 76.26475219888246, 84.8321383480349, 12.143009534499207, 64.80932953483868, 44.08584358009805, 44.320935893515525, 18.50746067015756, 34.85732958738697, 37.71389751614792, 66.86416169552449, 90.71038742781688, 96.92094774664454, 66.87065390724926, 73.89928903954036, 59.19415436114651, 26.053064895489292, 24.01576057007513, 41.385856539458324, 72.90558625726483, 58.18469045351384, 11.253494899630546, 55.12464456653474, 56.73400013850973, 47.28176916939512, 42.759329057409296, 54.28639046298191, 2.13256005589093, 56.972253384944096], [51.38051774617161, 25.940175234307503, 12.624582824787229, 41.993330710362805, 50.594263924100424, 17.018264250753678, 8.256273045252962, 18.94149891273033, 62.663919101852045, 13.577980951914416, 58.43611328796141, 56.24570476154302, 33.43991338251853, 48.09124982800575, 46.84940848175932, 28.697557576566375, 36.64403784098853, 0.0, 55.20720752341208, 39.20242513580276, 61.30416636442023, 10.4103105377737, 54.88730079050399, 63.23690600633087, 15.936416415577492, 35.75392850006404, 66.44327523230258, 49.9006074134553, 55.34460363822655, 36.125712105230576, 43.98628679535462, 45.49976876914684, 5.606068645933427, 12.657706631146086, 50.03657108367719, 30.742083821677248, 46.18512304070456, 17.2884326329842, 47.986458702054925, 58.482065307178075, 48.46268530896021, 32.659224983725316, 69.2614141034577, 15.258826118085757, 28.14712436470784, 47.79283917567225, 19.461542473984117, 43.82977072213342, 31.51107484287922, 55.6662235318234, 61.447051482434524, 36.112774174781116, 37.809816273807996, 44.60016139594959, 62.58010235335989, 47.784094320663236, 32.624745481022565, 37.062946595740385, 41.47353478946698, 26.12773800642361, 29.36864712185784, 28.991020121716303, 37.76182348776178, 6.97673945868559, 62.403503813019256, 37.567812907790746, 41.49795698594275], [81.44826611483347, 51.0724606493507, 51.72429872541531, 18.182743700160025, 25.55056475547017, 70.36663249425924, 61.077222262817074, 42.08791734156891, 73.6764621418069, 63.70275314183114, 26.195234377584974, 52.252094884894994, 23.604695587813357, 88.19312494289267, 97.87244327906384, 26.827353387961278, 18.755968117100245, 55.20720752341208, 0.0, 62.63277102613312, 9.455519133310391, 44.80366513668221, 7.874335608179657, 8.038995630858404, 61.44396916939386, 37.11921319942637, 11.455339698861048, 81.25957771328959, 61.5764789932942, 91.32882406553537, 22.23520749504439, 89.21904270390637, 59.67913527980209, 52.487250454390285, 92.79209477150427, 40.036486990820215, 76.88854504986253, 70.06034513347382, 71.66971212692336, 91.78930493216622, 103.53400631080288, 25.34580539760503, 73.13799751024862, 62.680616305068064, 58.29882769918235, 22.402072435391467, 52.769312757264984, 44.30670931965395, 85.61999951073571, 109.44373938107378, 115.6723055831149, 85.25491689859429, 92.63479400538444, 74.75834352676151, 9.848946888620889, 29.998184368182486, 53.50202681530297, 90.87811642720739, 74.32703918212476, 29.951616078168932, 73.0887281243221, 72.6564328312136, 62.57664163928744, 61.46072495458784, 62.078003951466854, 18.354454088750742, 69.06105177665522], [90.58075058461118, 62.7783122532712, 27.097422224053766, 44.46219209625302, 41.809653225313795, 36.42047338061069, 46.30643926512984, 28.338899338956015, 23.73052641135398, 30.54176812293006, 48.033154331035085, 26.70974968224035, 41.421737059549145, 28.18431546676101, 47.151504248654945, 47.41159521206297, 47.6641418406979, 39.20242513580276, 62.63277102613312, 0.0, 71.79678670942235, 38.655886747686374, 57.37507444805319, 69.35233274211916, 25.55326563948693, 25.550040753454848, 70.46990866113579, 18.68281146796731, 19.50977374043247, 56.75091935726219, 41.013637209306246, 31.756460938532694, 36.720359392160766, 50.75062083690277, 33.82419886951036, 23.04310933169101, 85.38655816023532, 35.14239743254636, 10.059614269094054, 29.17701393249336, 63.86432249292261, 53.94366734805441, 31.46845108425709, 27.363089276483812, 66.6332927599539, 42.48756723883288, 20.169610047752254, 76.11260629539451, 45.74540986639919, 62.49488581036697, 69.28310550879182, 35.347852925603355, 53.61060397704981, 12.325623875330523, 64.57302981994766, 36.461974795327876, 69.54406450443321, 65.76386517242022, 13.026995420321176, 39.12942777314677, 22.64897091760888, 67.46516815671184, 1.6202472104893857, 37.50509929990747, 27.810464249124152, 46.656770420864625, 80.46269056117391], [81.67240624898669, 53.31086958514632, 59.23681998393057, 27.36320582488114, 34.83835081153812, 77.19279625155015, 66.41280255373935, 49.947000012391676, 83.12404314393332, 70.88590003275164, 34.69751077647543, 61.596576920911396, 31.73851110136344, 96.87929428832075, 105.44878291614451, 32.61832919045014, 26.15202545638676, 61.30416636442023, 9.455519133310391, 71.79678670942235, 0.0, 51.047454650313114, 16.74140637448033, 7.579084780718117, 69.04564530466565, 46.360732514286646, 11.487090288049847, 90.36755830046329, 71.02252589184721, 97.30474272427416, 31.671135889540533, 97.62326640362322, 66.14010641952476, 56.895364589138715, 101.32022681963882, 49.00701328013471, 77.47126260054854, 77.00026861759264, 80.95697139665059, 100.90724707665765, 109.76048995284636, 29.410739217330107, 82.46561665917447, 70.13823385121351, 60.337304543824814, 31.824424663948665, 60.925510301771745, 42.95391688487228, 92.36962547117487, 116.40346899734956, 122.4685832903529, 93.00667114549785, 99.07142799647089, 83.8400172579927, 14.60669456240645, 39.40983827196938, 54.592592306707296, 95.73052591376847, 83.26934441562689, 37.3300964738548, 81.23282852440931, 75.72327322222007, 71.68174368520923, 67.87303739727828, 71.39670742828113, 26.28387623673292, 69.63384985445539], [54.41403442192548, 24.2444310891808, 12.634606588001345, 31.93816435481959, 41.45517181631512, 26.387345787151347, 17.21815537317597, 12.287447729927688, 60.847297427696304, 20.993293282134815, 49.16171330173646, 50.8367174721962, 23.273670164947873, 53.36474181038985, 55.70660750285818, 18.437370009457663, 26.239090324698086, 10.4103105377737, 44.80366513668221, 38.655886747686374, 51.047454650313114, 0.0, 44.55536794237815, 52.836083440290565, 21.00512345541765, 28.54767575136984, 56.03308133098091, 52.593691008870586, 51.958427366682415, 46.52515949998757, 34.43710143929908, 51.8541583639393, 15.110645690983553, 13.83062978852575, 56.21706434691218, 24.25386996167611, 49.09287193452845, 26.36053773825418, 48.35619014197991, 62.12669909799312, 58.79484009070097, 22.947591975813772, 66.26359209267095, 21.30365726154488, 28.918801192806516, 38.329950608092595, 18.80352078416702, 38.55066597014295, 41.40593331145754, 65.53042000284314, 71.4781417816056, 44.10792940586365, 48.02808643312186, 46.60016751364256, 52.20840024477795, 39.23011596768979, 30.950010061718203, 47.052749478719285, 44.08363778160172, 15.92810502262041, 34.96977727174919, 35.051448608085416, 37.4682104855624, 16.827752011622813, 58.16176936463247, 27.202347528873158, 43.10945936129943], [85.88569160779792, 54.45194034082458, 49.6592015479442, 14.064782281560916, 18.191543055728054, 68.95010942396537, 61.48868638213357, 39.71709611483408, 66.79662358923076, 61.90558073408829, 18.32091072064028, 44.96258425549699, 21.65508826920568, 83.86981574499146, 95.26211949457773, 27.948899919884713, 18.622564873102124, 54.88730079050399, 7.874335608179657, 57.37507444805319, 16.74140637448033, 44.55536794237815, 0.0, 12.134377875079275, 59.09641865412418, 31.898950052616936, 13.215452596071849, 76.05723836300221, 54.70007751660754, 90.72582908595929, 16.363077110950986, 85.39502171371028, 58.85320225329221, 53.984345327313015, 88.73710923629613, 35.55538933528171, 81.1190395842565, 68.50358599765472, 65.98765394268788, 86.52547602823977, 102.57421779802631, 28.294964865338752, 65.79643139668241, 60.521754153454204, 61.69771392816128, 15.570637625119506, 49.68862299742122, 50.133717798023824, 84.15849443807467, 107.58436247817227, 113.98690140752427, 82.46977553686405, 91.49805523619658, 69.65053260883002, 7.916661148335199, 23.009961760714567, 57.67184613327022, 91.454560452086, 69.54915717736489, 28.81261594982271, 69.79619423078104, 75.0347333567317, 57.47923301549187, 60.66531551480935, 54.72389958009481, 17.37880538041656, 73.37339643846289], [87.63874782183386, 58.11998372580872, 59.655603216463064, 25.279076912714377, 30.04496907381533, 78.38657661754748, 69.03479220460288, 49.94432486067505, 78.7714803908676, 71.68390772178245, 28.614349992244886, 56.689102913300104, 31.452932700299723, 95.47811025086446, 105.74409895119484, 34.78507818675125, 26.782987139211592, 63.23690600633087, 8.038995630858404, 69.35233274211916, 7.579084780718117, 52.836083440290565, 12.134377875079275, 0.0, 69.3397119569452, 43.81578954289427, 4.264266285928189, 88.03181470529114, 66.69207878495344, 99.36072693308361, 28.40233665380242, 96.72349703182601, 67.71793547366885, 60.250964718562976, 100.20351565373704, 47.16454096339747, 83.25502260036505, 78.06956349050671, 78.07796046719962, 98.52455446590459, 111.5729560842424, 32.88267470966481, 77.40449425136578, 70.61050943464157, 65.28852718752383, 27.68463791644483, 60.47873690475689, 49.48359348821029, 93.64173755459113, 117.43749934214271, 123.68381273886202, 93.08039111803046, 100.67174270908338, 81.58916043136597, 7.428806159105873, 35.043051669163134, 60.053993648530366, 98.77895382789214, 81.35999729353237, 37.94993096834554, 80.76522609004245, 80.06656135114922, 69.40265294134572, 69.49971114662935, 66.34595769215238, 26.3047826425294, 75.4062059918429], [66.14809860821809, 41.79780302872602, 9.820484815829328, 45.09913322729486, 49.813117986054905, 12.275687867694872, 21.485531675026827, 19.424006204625293, 49.253845618810956, 5.129333611411364, 57.6047276306269, 47.5201927099037, 37.89012325584951, 32.62732610549963, 36.4395419758888, 37.594522060516844, 42.935618857983805, 15.936416415577492, 61.44396916939386, 25.55326563948693, 69.04564530466565, 21.00512345541765, 59.09641865412418, 69.3397119569452, 0.0, 32.11695920076198, 71.85487646352692, 34.03517394099248, 43.87900661142486, 35.03910628315506, 44.961450065830924, 30.849250057179237, 11.835165243250156, 28.58237541434707, 35.22689139019825, 26.73217141386925, 61.10114174826784, 11.241170443076014, 33.188261702104704, 42.559428318815044, 45.12953471190127, 43.14027880646084, 56.87977487928203, 2.0247350367558257, 43.99760423469477, 48.19246292412614, 10.605246505844205, 58.84714691406735, 26.01216077060963, 48.576389208385706, 55.093845950061805, 23.99122252469013, 33.93600372086935, 28.97950724969054, 67.01220171042131, 45.66614719778033, 48.5253348658907, 41.53088633192343, 25.683330660936925, 31.715927190935325, 14.01275751856902, 42.28450386849206, 23.969276505449567, 12.230847543705249, 51.72717130786985, 43.09631679356353, 57.00829545414155], [82.37083398647835, 50.49684992390583, 25.011414549748686, 18.99865199102791, 18.17649822407225, 43.97977862047869, 43.974160667495205, 16.871841250235775, 39.404151663359286, 36.376760246422364, 25.71273900619218, 23.307201344388716, 17.749135226907676, 52.1941362406316, 65.99925594095174, 26.80370499413117, 23.743612722870466, 35.75392850006404, 37.11921319942637, 25.550040753454848, 46.360732514286646, 28.54767575136984, 31.898950052616936, 43.81578954289427, 32.11695920076198, 0.0, 45.063361711991185, 44.2208795986165, 28.01306912119397, 66.9258858292623, 15.591049007503594, 54.21258980710086, 37.09430359704292, 42.29397268455195, 57.27226778350185, 5.418600562539552, 77.06172013202016, 43.12615930303165, 34.60506061472103, 54.72693271025212, 77.23605057093776, 32.93998654767568, 41.89360715543585, 33.98442202722778, 56.40963999479484, 17.634394150089076, 21.52660978273933, 58.12934916517886, 58.09559212924279, 79.75615019228594, 86.45213873926261, 53.122833797360094, 66.05105840669637, 37.7743588652009, 39.28160826695893, 13.60297083413779, 56.50916462983137, 71.5569436217475, 37.67331302216305, 18.89106574110498, 39.751797926555675, 63.50716478554464, 25.590936433554713, 38.74548007761968, 32.03258222111856, 22.296242687128622, 70.52329382582857], [91.87145297453326, 62.18328014451918, 62.26852369862237, 27.13593648446984, 30.01627092553667, 81.25802282533854, 72.46858042981361, 52.43096883473221, 78.63045571921272, 74.4101296131007, 27.47235177013991, 56.245633144154255, 34.028306924471885, 97.08454350259278, 108.16608893713466, 38.23884777286334, 29.82049233376852, 66.44327523230258, 11.455339698861048, 70.46990866113579, 11.487090288049847, 56.03308133098091, 13.215452596071849, 4.264266285928189, 71.85487646352692, 45.063361711991185, 0.0, 89.14228011030876, 66.6172254423776, 102.5320340477257, 29.482758620486273, 98.58705610411099, 70.7746637854422, 63.94154432081298, 101.9481025357626, 48.76986050436424, 87.46746440893563, 80.89038632661533, 78.90133307656714, 99.580117989187, 114.63355842321573, 36.72366014180033, 76.74472382740888, 73.19977863754048, 69.37218425216273, 28.203295657679117, 62.693333734795395, 53.74703600231387, 96.51116871427517, 120.16985696236702, 126.48597774682887, 95.42513253322993, 103.66284429114303, 82.76876263436614, 6.154828610796325, 35.23625953347431, 64.23187925216368, 102.30631102862664, 82.7320990017321, 40.8114079450152, 82.8859935443465, 83.99703990534225, 70.61506030926967, 72.5696580399156, 65.73845008757317, 29.115052791088964, 79.61951500595934], [99.62610167472256, 75.48501183862494, 39.99637450136931, 63.07813920093923, 60.229025989291756, 40.55033091306035, 55.2094856678053, 44.47814957079889, 26.576945266050437, 37.68934762042413, 66.06780148369091, 41.244050999606145, 59.557280913093, 13.699994516465393, 37.76176588424524, 64.45615932122293, 65.76281470011864, 49.9006074134553, 81.25957771328959, 18.68281146796731, 90.36755830046329, 52.593691008870586, 76.05723836300221, 88.03181470529114, 34.03517394099248, 44.2208795986165, 89.14228011030876, 0.0, 30.733976014179586, 55.04291738182586, 59.6951249625502, 19.743503560126815, 45.75118153161981, 62.46550734258518, 19.472983914661206, 41.415630907036686, 94.71575539770792, 39.27605515858055, 11.629554055064515, 10.541828232423919, 58.5010958035808, 70.90204273497007, 36.23167129952925, 35.07872831887882, 78.0233403016611, 61.10288742831231, 34.094017001419076, 91.10395653063912, 43.63795256092921, 53.359426590682496, 59.773974511591454, 29.549717870219617, 50.22753533416867, 6.568837857268626, 83.22640925911529, 54.84679306857279, 82.27380554087206, 66.73898887781674, 8.526702413893739, 56.450725558060334, 22.849804407103914, 75.12926882136254, 18.687208277801098, 45.828877612332846, 38.232049710314215, 64.90474256636563, 90.97057461350664], [106.07074902395298, 75.89910183241061, 42.720058945829045, 44.89521875664642, 36.66889801774487, 55.44620033170999, 63.16298095719463, 39.879117782000925, 12.103862335004429, 49.000888613854784, 40.172941734382164, 11.4949837181725, 45.65737137658209, 43.710454123622185, 65.51194219634061, 54.69000714195491, 51.43415489022619, 55.34460363822655, 61.5764789932942, 19.50977374043247, 71.02252589184721, 51.958427366682415, 54.70007751660754, 66.69207878495344, 43.87900661142486, 28.01306912119397, 66.6172254423776, 30.733976014179586, 0.0, 76.2480413950511, 39.61159894151641, 48.70549133959298, 54.01991586041951, 65.39922867910748, 49.63289897881775, 29.381033131908143, 100.77235070620993, 54.20356309747832, 19.34255306645429, 38.99488661444269, 83.23674530104262, 60.92549761049113, 14.354606624765758, 45.82714290138573, 80.87422432059431, 39.22164549000397, 35.9935303632879, 85.78015031647566, 65.25228180287942, 81.11024197002422, 87.8363317839931, 54.35834569785832, 73.0963846144649, 26.898004424358202, 60.46241474090538, 31.691986233197625, 82.37370395122547, 84.94354950498311, 29.700359879335135, 46.523465159015224, 42.090560855328846, 84.30122995608978, 21.080228446796287, 55.10576097396608, 8.336849843976132, 49.78013517142322, 95.0506835511752], [58.28363079445683, 52.336828764712024, 42.379865957705285, 77.36172319643674, 84.10577801828553, 22.946505074890116, 31.30150117085955, 52.12636027509849, 78.47342059604802, 30.54945940674303, 91.99240477283377, 81.73725103091282, 69.09771402560763, 44.45602812947