instance_id,num_cities,city_coordinates,distance_matrix,best_route,total_distance
1992,71,"[[61.90098472518304, 7.921624193633625], [74.71513459354172, 10.883968268668276], [99.19797149308329, 69.06285578056037], [12.636402481609988, 93.97936585415475], [82.80832175176573, 21.177287402963685], [21.19390198347827, 16.082759610298137], [69.71054063836408, 40.43812966833765], [33.80970828981271, 41.07569762550726], [46.04861876262862, 19.012311091111556], [49.564581988289916, 35.71092540431291], [15.805382273272295, 37.20058659613493], [17.609759048928396, 69.10338683866885], [26.949638644562455, 32.749316805663355], [72.47490512985155, 14.482844877204236], [41.11762930916473, 16.379717933172742], [75.06031865229997, 89.84915762221115], [51.43981553537661, 98.4663819238745], [81.41691614163453, 46.90498718211712], [75.80103215011408, 76.56124351101246], [48.60643208366726, 59.5426225342577], [89.66880776696611, 97.88494790646524], [43.66500183989997, 97.84356722662004], [7.869728569626366, 88.2816442287412], [52.30727485051219, 79.41537855250715], [51.76102043554136, 79.17056838226178], [83.89452809025222, 14.080382256127887], [75.27951144160156, 36.67377060635694], [45.30423313696432, 49.34236671615027], [93.90626770683701, 22.51522126419251], [90.94939346827951, 97.6604499141425], [26.579666948779636, 60.15547777598515], [83.89347616485959, 96.65051417962972], [81.71468080985011, 44.780496483427], [59.369247596955965, 57.60343906565636], [85.53144597620637, 54.71825396023245], [9.654625082548874, 54.087682051818156], [2.3614160696990627, 43.6392442088258], [44.865878711632966, 9.288825299287451], [66.39799483872181, 24.447254341486925], [41.69870335771101, 25.086832394608084], [92.26113798787156, 95.53293212269259], [18.123471276394532, 8.010470291217741], [89.22822294891726, 25.24859724077002], [23.88844521171335, 13.12230802882054], [47.18247482896311, 27.220274458555373], [80.31215976494607, 2.098876099410485], [65.63175576464043, 28.122554459193093], [43.41694004239045, 63.96013495008922], [40.92597815347195, 2.8552664185630294], [88.04173214759489, 93.37825566488586], [74.16174532588157, 57.68110916076914], [0.5928881874253, 77.76646587591019], [88.90135482929404, 85.69545338890404], [18.789961109914532, 64.07095438760429], [41.92741256306402, 15.914772263230748], [40.91943450993529, 59.08872503573651], [28.13575591580504, 42.12319811363522], [61.2842991938569, 85.66185609165571], [68.75270396187582, 87.69796772548236], [97.44078665957194, 71.04857486357884], [44.94398935701946, 98.55767383931797], [74.93887578579871, 30.074932154199807], [39.612029122309224, 32.643455761289985], [53.63353250254601, 28.877173645523346], [56.8700183785289, 26.77331753383464], [4.796542402248161, 79.32464486869345], [32.85138092689682, 84.11965367287554], [91.10751388184747, 56.67023779210886], [69.5674163126455, 15.090758292133144], [60.4609212531553, 12.849533655437618], [85.68796455275896, 41.87541831051442]]","[[0.0, 13.152107027683806, 71.61923918844109, 99.16115148253759, 24.755390295091335, 41.51711353922782, 33.44117659185391, 43.45471662425681, 19.346856139141636, 30.404474905261644, 54.608261323463545, 75.53092580035245, 42.8720294980859, 12.444171711398871, 22.438520718963815, 82.97764038038235, 91.14707462801958, 43.595575107383354, 70.0329112521393, 53.305465007077345, 94.15121672044133, 91.75242182427661, 96.83547625633011, 72.13456994733042, 71.96687379474989, 22.839576410772526, 31.712314649684625, 44.62208057002339, 35.17543481172016, 94.32320442076737, 63.0553007250319, 91.41381513683392, 41.8468519605818, 49.74628048270928, 52.424452848343954, 69.72077878274678, 69.43132301224531, 17.089882262794873, 17.126574431126265, 26.50993295037368, 92.72259801782049, 43.777603604901834, 32.35740941288273, 38.36665573928315, 24.270814481860477, 19.30999124063946, 20.542546973120217, 59.008258707039154, 21.578203859180253, 89.36539899880574, 51.24775697240052, 92.93537868166945, 82.3273253145884, 70.79059004124619, 21.5135771311486, 55.301877527086624, 48.06077751300933, 77.74267783272452, 80.07003836523378, 72.44369829337325, 92.20863943953886, 25.705167902664382, 33.2861307142547, 22.527445906808463, 19.511457253986585, 91.42925513497535, 81.54764973533466, 56.82823834285674, 10.496221082251974, 5.13401153750222, 41.456972203105146], [13.152107027683806, 0.0, 63.12045829024809, 103.72373923319122, 13.093971787753862, 53.773132431673766, 29.97489644175452, 50.84087354330586, 29.796628784531254, 35.340176810036965, 64.52072007215234, 81.55074870729422, 52.532238386501554, 4.23916747645724, 34.044024816531916, 78.96594380918462, 90.62240152926337, 36.63915500501337, 65.68625165711624, 55.22072963740418, 88.27673985435776, 92.33678895730877, 102.2678275437713, 72.10177788206849, 72.04131531178716, 9.719996262688506, 25.79597693136815, 48.415385319480755, 22.440713812579816, 88.28198529699776, 68.88181831593555, 86.2562597815187, 34.611678263964194, 49.17524986477041, 45.149055294838995, 78.09885263232952, 79.42272147278331, 29.891847681206148, 15.910296753810785, 35.94170392357944, 86.44830430189911, 56.66456871474233, 20.41989958636139, 50.875952260363086, 32.01440697001569, 10.416551021892442, 19.48529252532497, 61.617014304132695, 34.72991716559934, 83.56378195951544, 46.80041276908463, 99.83674623339724, 76.14464623643954, 77.17823865306651, 33.171429043373735, 58.871452497057405, 56.08500690300986, 75.97446838774667, 77.04505883954442, 64.31356893025468, 92.59049485332214, 19.192268104027935, 41.300161133657014, 27.716229658031786, 23.893923763119286, 97.84035847993225, 84.35662088825951, 48.63221746542943, 6.648013673346093, 14.389094663769363, 32.87663262881618], [71.61923918844109, 63.12045829024809, 0.0, 90.07628824488488, 50.61272841379486, 94.2948855997478, 41.09602807342349, 71.1259867160811, 73.00623753746525, 59.798199082887024, 89.27221367460831, 81.58822251158081, 80.86095913524659, 60.770880083014774, 78.4145341224949, 31.854303145954862, 56.08394431690046, 28.41015787068354, 24.5691389587583, 51.47949786933145, 30.356514224022742, 62.547902201774356, 93.32850467516283, 48.019914195772, 48.50185748684499, 57.07247826096719, 40.26345203352703, 57.38843718849056, 46.84745892821439, 29.76342436045233, 73.16255557186082, 31.548478143887746, 29.92153783062474, 41.44448670981178, 19.812660626155257, 90.78693030719222, 100.11832245706377, 80.77692136983353, 55.37499760990433, 72.38823432675548, 27.3639288231302, 101.49122306547085, 44.93423124329036, 93.81295023337148, 66.75637426421314, 69.57620612945276, 52.94146872360751, 56.01393781530546, 88.19903682523166, 26.752576471593894, 27.501941328066373, 98.98846034971766, 19.561789742303798, 80.56281532628296, 78.13216816217155, 59.125892441560566, 75.9972607267044, 41.38808232499869, 35.69568198321149, 2.6515615806135817, 61.75304745467665, 45.919080056444045, 69.83449882383948, 60.753659553813115, 59.833608114413366, 94.95753856161869, 68.03364787020618, 14.799746111568794, 61.57074879844536, 68.26783023967819, 30.35913443620009], [99.16115148253759, 103.72373923319122, 90.07628824488488, 0.0, 101.11498840859664, 78.36524779540301, 78.25676468294421, 56.983392237514934, 82.0757911728829, 68.98479248453488, 56.86714523299816, 25.368259844234167, 62.88074137553654, 99.50046857488834, 82.66127049025432, 62.56040225353849, 39.06197867275989, 83.34720263269315, 65.52222086529073, 49.79691074809109, 77.13134923761343, 31.26829113309898, 7.42867497632589, 42.25976621601544, 41.833434147875465, 107.05871307490483, 84.90047318406302, 55.314092704961915, 108.22160115107148, 78.39945750536081, 36.58510665183278, 71.30712154670634, 84.80764873613548, 59.221337896885714, 82.79566578768592, 40.002967802941264, 51.3780419345801, 90.6158197973027, 87.89211195654784, 74.77164234312217, 79.63988995844262, 86.14382698876263, 102.90882137447139, 81.63621908056199, 75.16786147413364, 114.1141206049658, 84.5318110340998, 42.995298773263805, 95.41436783651406, 75.40772556903904, 71.43480419994216, 20.196642351113553, 76.71353311069993, 30.534887591809937, 83.37891846329008, 44.91421509316564, 54.122934968560166, 49.353812650845036, 56.46676238527382, 87.84989898262172, 32.630370419582114, 89.2489486007039, 67.00580795407508, 76.93542812205, 80.45660759781858, 16.61999558440648, 22.49131560938748, 86.88893117732903, 97.28593289322053, 94.17661210896202, 89.72932670351068], [24.755390295091335, 13.093971787753862, 50.61272841379486, 101.11498840859664, 0.0, 61.82467902717308, 23.292314502131326, 52.884883006191004, 36.823401340458176, 36.28185313646431, 68.8922348003934, 80.91825248753776, 57.04475736619363, 12.31239456047234, 41.96582549123774, 69.10757781487135, 83.41215327582623, 25.765297310494134, 55.82548433949936, 51.39716136719307, 77.0138393295985, 86.08088031451493, 100.59218385699486, 65.74183692911996, 65.78111855057077, 7.179547818139571, 17.228580218911933, 46.90232782650524, 11.178303602904409, 76.91522083700215, 68.41754852162474, 75.48102755118214, 23.628532104341566, 43.31575605005827, 33.65132750929088, 80.21569305513191, 83.52391356592281, 39.761344482352015, 16.732946936269432, 41.29509978855232, 74.95410353329652, 66.01132443660933, 7.602019151291736, 59.46792870289739, 36.1347292991246, 19.24101355261697, 18.527578190157914, 58.155421047519646, 45.71462739909796, 72.39038888091612, 37.51389458339785, 99.80837959017002, 64.80523739847888, 77.05982848838538, 41.21823384972717, 56.49739797320235, 58.54759286757126, 67.98193249709814, 67.98942051544631, 51.97359273955852, 86.14773283574766, 11.878394753941892, 44.69219969693953, 30.17377298059933, 26.535092521181923, 97.29826770053603, 80.35818196198314, 36.45032396753602, 14.572831346883529, 23.848643389608732, 20.8974870672868], [41.51711353922782, 53.773132431673766, 94.2948855997478, 78.36524779540301, 61.82467902717308, 0.0, 54.28672284300101, 27.996526916584372, 25.026770028321955, 34.49870108239948, 21.794466299292925, 53.14163144150855, 17.63243129174558, 51.30595492583212, 19.92594024867659, 91.34041997052059, 87.76033564256066, 67.65220725728383, 81.4836528388662, 51.38293969658725, 106.67900792611036, 84.79257037518367, 73.41806683173871, 70.56247298133856, 70.10292680131343, 62.73259144376197, 57.87264366085629, 41.07930784672997, 72.9963334148798, 107.33474809024392, 44.40057376626506, 102.09015466180169, 66.98003263204609, 56.40322539663026, 75.04679200792017, 39.71811980925425, 33.376973636349724, 24.627627284020395, 45.971456176344525, 22.39464681797612, 106.59681958460756, 8.636515476622627, 68.64897237902798, 4.003103393006573, 28.274549608087877, 60.74962881501544, 46.03997728799859, 52.783581632881784, 23.755450029747514, 102.19210394142672, 67.34994516455487, 65.03292541541916, 97.10935230956039, 48.048369063978264, 20.734191103165053, 47.313948214309015, 26.94983809717307, 80.30249445470545, 85.96846909769639, 93.99376718308142, 85.82644188905316, 55.53650242417528, 24.76861046380312, 34.87157379182074, 37.243433109068896, 65.3330655355479, 69.02836930566032, 80.84093340526663, 48.383684803551176, 39.39990548720099, 69.46038690877077], [33.44117659185391, 29.97489644175452, 41.09602807342349, 78.25676468294421, 23.292314502131326, 54.28672284300101, 0.0, 35.90649323198802, 31.921031445703868, 20.693141619491026, 54.00229424302261, 59.46585920401138, 43.44666365281382, 26.102078837338574, 37.36792412615634, 49.69979686333597, 60.83664566378683, 13.373835408255047, 36.63295566215677, 28.466911415754566, 60.815042156205934, 63.03772166377968, 78.1875176918444, 42.68605850463484, 42.68942590665081, 29.93186176436693, 6.7218922153533365, 25.979863033829123, 30.110859403799992, 61.03673323371963, 47.42410865398566, 57.97402722421548, 12.765403668254045, 20.03971527926367, 21.31250795896463, 61.58752530761879, 67.42515639186077, 39.8439002725548, 16.33037211436442, 31.942532082228578, 59.53122456580252, 60.93257600032326, 24.731797713547014, 53.34621393436461, 26.119445734155033, 39.778042841844346, 12.973429723022855, 35.279429768284714, 47.33944071805158, 56.024008448864976, 17.80824429713919, 78.5535140165883, 49.15803799643492, 56.13747254485845, 37.0580256363873, 34.304117823621255, 41.60891948119377, 46.002032308282274, 47.269543516797036, 41.303340051956795, 63.176447169922476, 11.607383474794531, 31.09143510356665, 19.802168940815722, 18.751162699325704, 75.67025988739542, 57.154817767135526, 26.857248521100278, 25.34777544984656, 29.097870862560267, 16.041941078971945], [43.45471662425681, 50.84087354330586, 71.1259867160811, 56.983392237514934, 52.884883006191004, 27.996526916584372, 35.90649323198802, 0.0, 25.230615429032973, 16.64322163044966, 18.41662946360808, 32.37266930663585, 10.78838139364513, 46.927361570536625, 25.75455537549204, 63.878503859497336, 60.03758261060267, 47.96276530999193, 54.977224796573815, 23.66369266655246, 79.67138703375913, 57.61699254566604, 53.86356785983503, 42.568663383428735, 42.11257277497084, 56.89671542659337, 41.702776105794705, 14.15845751895235, 62.89743823497787, 80.41627828904114, 20.403713102855015, 74.81272645470115, 48.04801688647703, 30.437744441824577, 53.49072342608823, 27.436832606195573, 31.552604562008902, 33.654779106090295, 36.58553739175757, 17.82919107960819, 79.8884223328296, 36.597367259263024, 57.634268223080056, 29.661818066480873, 19.256262255326902, 60.67677158084743, 34.35733725679597, 24.819274236174955, 38.87727689045597, 75.34367915872984, 43.63515309032021, 49.49312692201962, 70.89437299825934, 27.465881360386533, 26.438027304509916, 19.36536504708261, 5.769834730313826, 52.37154448852056, 58.26361656997318, 70.33695688915572, 58.55040396383836, 42.57493699193907, 10.235703683669307, 23.276339783299125, 27.135511376689013, 48.00776770514726, 43.05462278945532, 59.382052917277626, 44.20215781164189, 38.820142772569724, 51.88441987782026], [19.346856139141636, 29.796628784531254, 73.00623753746525, 82.0757911728829, 36.823401340458176, 25.026770028321955, 31.921031445703868, 25.230615429032973, 0.0, 17.064750727310837, 35.2911705557887, 57.60108168570313, 23.526078456723624, 26.811651857828533, 5.589740935445794, 76.54761627221917, 79.63676521896276, 45.04351050936805, 64.78491896305918, 40.610941317134056, 90.13109189941511, 78.86728455789805, 79.09404636065372, 60.72644674910849, 60.428862749359475, 38.16591116255513, 34.15219230178767, 30.339188917596964, 47.98567434295119, 90.5627368706046, 45.51703252178536, 86.37085046825224, 44.0007654520804, 40.82541256239314, 53.23352328138878, 50.545073192318796, 50.15034909068413, 9.795154412873462, 21.062661627179857, 7.47138361326553, 89.39240670326697, 30.014236007503744, 43.627622931177186, 22.92957539686425, 8.285909257315286, 38.21065983774668, 21.598513584625163, 45.024799861234655, 16.949676674241008, 85.40325101606088, 47.80819834833177, 74.28508697310349, 79.2653673120041, 52.662280170425944, 5.155490988214307, 40.40331033169196, 29.24010523813082, 68.36876338637457, 72.34082465682404, 73.13636351737351, 79.55303225438664, 30.935877806364452, 15.074408486478028, 12.443730536275025, 13.316753007058285, 73.07059196243799, 66.431416848898, 58.723278797955835, 23.843498370705916, 15.674638394556135, 45.76023826856057], [30.404474905261644, 35.340176810036965, 59.798199082887024, 68.98479248453488, 36.28185313646431, 34.49870108239948, 20.693141619491026, 16.64322163044966, 17.064750727310837, 0.0, 33.792050187357184, 46.21868874958369, 22.80804217664458, 31.233224446351755, 21.09612741371377, 59.84129657451968, 62.78346775891488, 33.76208243135516, 48.5499722606762, 23.850950491188968, 73.98620141219024, 62.41209999468361, 67.09799758056077, 43.790428053619095, 43.515111278995306, 40.57617030042548, 25.732949066748912, 14.281693337033172, 46.26350289500347, 74.50131682210896, 33.55357596478999, 69.94359481389871, 33.40487949080476, 23.98778068329516, 40.68038647749006, 43.93756758287531, 47.864361604475725, 26.83663888123945, 20.254235952131822, 13.219054387884816, 73.4960433087338, 41.90296715353536, 41.020296498870145, 34.19809402153669, 8.81847991443023, 45.55418090150136, 17.769002413196535, 28.91040195943602, 33.972338800895336, 69.32540705804543, 32.98043993867602, 64.55149322892382, 63.60687647878281, 41.84935524163861, 21.21824771310728, 24.925089579166826, 22.36765137745864, 51.30738005307021, 55.41512965045082, 59.50529760477166, 63.01637616617574, 25.992675999935326, 10.414541687515955, 7.953396845890716, 11.543406572509827, 62.500671147557185, 51.21265529435167, 46.53072067013338, 28.72811641479194, 25.32535176597929, 36.64559647064835], [54.608261323463545, 64.52072007215234, 89.27221367460831, 56.86714523299816, 68.8922348003934, 21.794466299292925, 54.00229424302261, 18.41662946360808, 35.2911705557887, 33.792050187357184, 0.0, 31.953785986382734, 12.000343862431869, 61.05350612045473, 32.77527149981166, 79.26550016476531, 70.87531665574299, 66.32532523322034, 71.75471633917371, 39.68722009065867, 95.59496499975911, 66.73626826656263, 51.69380087176636, 55.80749789804367, 55.265606725918055, 71.90741009666274, 59.47646236468843, 31.899922049452464, 79.46954297364127, 96.44696724577464, 25.35768600144022, 90.38961455539227, 66.34373118451514, 48.10495557458821, 71.89292475191691, 17.972362308516733, 14.90625838821672, 40.29365796172105, 52.17528083101351, 28.586834690760153, 96.16727674484802, 29.282015410845418, 74.38927061365705, 25.398807161596995, 32.92610768997614, 73.43878009714054, 50.64660070311395, 38.45089791597807, 42.551678644634364, 91.50967569150072, 61.84591266404298, 43.3244796628099, 87.71985698323444, 27.035613107177106, 33.69638494372453, 33.31375427803059, 13.276679491374816, 66.45920948511899, 73.1669623185153, 88.37434898808415, 67.9245947926712, 59.561271025909726, 24.238891798938635, 38.73303696994221, 42.367821262778534, 43.53884289523272, 49.91958458812587, 77.77839251673991, 58.1308937801851, 50.86345388296487, 70.03877038902803], [75.53092580035245, 81.55074870729422, 81.58822251158081, 25.368259844234167, 80.91825248753776, 53.14163144150855, 59.46585920401138, 32.37266930663585, 57.60108168570313, 46.21868874958369, 31.953785986382734, 0.0, 37.534674087110574, 77.41826566544329, 57.726988723026956, 61.08153406835675, 44.795738661730844, 67.55828774891556, 58.66723013132627, 32.43766257465247, 77.59436035980853, 38.79270093237193, 21.509852399716674, 36.19744156577128, 35.604168274633516, 86.14639655929878, 66.16252980356224, 34.021784363779005, 89.39582990822977, 78.70328981853713, 12.669819427516355, 71.78004861689566, 68.5641596550779, 43.31401254299653, 69.4282910849564, 16.992808675110073, 29.680541158900773, 65.73186313513496, 66.13971666923247, 50.177029635467626, 79.19185085225593, 61.095076336203014, 83.97884818256311, 56.332078646586396, 51.27124555978653, 91.76707206269275, 63.13113963076024, 26.314703699997974, 70.2314710975637, 74.497866352677, 57.69398217509124, 19.095099693967647, 73.1969145614655, 5.168970233932831, 58.48398920121694, 25.36995114549059, 28.960787173002203, 46.70811878970382, 54.41837238217462, 79.85472262692787, 40.18351862707361, 69.35306698976879, 42.584345275572886, 53.99870814841739, 57.73389584966141, 16.39062648439973, 21.396151689195456, 74.54195570746622, 74.94639544928054, 70.71575567165708, 73.32124067957358], [42.8720294980859, 52.532238386501554, 80.86095913524659, 62.88074137553654, 57.04475736619363, 17.63243129174558, 43.44666365281382, 10.78838139364513, 23.526078456723624, 22.80804217664458, 12.000343862431869, 37.534674087110574, 0.0, 49.053174059073605, 21.649381670581334, 74.66611917116097, 70.13202843134206, 56.276703188351966, 65.61968888275176, 34.45138507999322, 90.4231420284897, 67.2061366589262, 58.71867128513358, 53.1105548164725, 52.63589330785183, 59.927035227822415, 48.488946598289374, 24.743088819151478, 67.73423718427028, 91.1560410445879, 27.40865808803616, 85.59184340440744, 56.07101860858573, 40.850439874508005, 62.56566430513829, 27.46713173027975, 26.891842782471606, 29.51925337574849, 40.31249245060839, 16.62072733854656, 90.59455998429362, 26.26617134788034, 62.728644628636786, 19.864299100637385, 20.974698313465815, 61.53867219733385, 38.95783765434299, 35.28862684451367, 32.999883554564214, 86.07039047069902, 53.390797777579316, 52.16533336491414, 81.49422382797881, 32.36704061671213, 22.532989182638268, 29.81475511270608, 9.44862555915326, 63.07618987166996, 69.04238196811936, 80.22365683675096, 68.22416370342593, 48.06369955238354, 12.662832983643426, 26.963376718741138, 30.511337085117184, 51.575390035365885, 51.708239883194175, 68.47220907640411, 46.131330591496365, 38.97444587802353, 59.44305391864009], [12.444171711398871, 4.23916747645724, 60.770880083014774, 99.50046857488834, 12.31239456047234, 51.30595492583212, 26.102078837338574, 46.927361570536625, 26.811651857828533, 31.233224446351755, 61.05350612045473, 77.41826566544329, 49.053174059073605, 0.0, 31.414596516350322, 75.41064553403751, 86.57776555858335, 33.63264593478886, 62.16744081826856, 50.991053804167656, 85.15598086804029, 88.1987559900521, 98.08206576182151, 67.99240575666133, 67.92324043651003, 11.42671276960587, 22.367454063452982, 44.1976433691325, 22.887166105231547, 85.20458144400223, 64.74845390898632, 82.95727601045179, 31.675245026183234, 45.06821388223317, 42.3008439980949, 74.26257949229353, 75.93416207592671, 28.093347595786348, 11.671259343289606, 32.55179176003624, 83.43028019378255, 54.73545464055302, 19.914192976373585, 48.60550532493886, 28.31870658884651, 14.655553312812213, 15.26009078333376, 57.37915621530619, 33.62343489551282, 80.41649051505152, 43.231186277497194, 95.76972928028518, 73.082582471947, 73.08251377203167, 30.581035269539065, 54.63910935183462, 52.248916544366374, 72.05332260681477, 73.3096787281416, 61.830227635416904, 88.46766747405209, 15.785573700275066, 37.54698932231817, 23.710631015884783, 19.86374105361286, 93.72736957594267, 80.12058917348912, 46.118870648157674, 2.9703619210844874, 12.124500572669632, 30.412793666688582], [22.438520718963815, 34.044024816531916, 78.4145341224949, 82.66127049025432, 41.96582549123774, 19.92594024867659, 37.36792412615634, 25.75455537549204, 5.589740935445794, 21.09612741371377, 32.77527149981166, 57.726988723026956, 21.649381670581334, 31.414596516350322, 0.0, 80.93123456407815, 82.73311267933154, 50.55516375135406, 69.46045244240604, 43.80774475589628, 94.87001340065561, 81.503667699778, 79.21685369035781, 64.0211111826162, 63.68651878371825, 42.838650934443955, 39.735157791714904, 33.22745651416726, 53.144000084724105, 95.34024391919645, 46.12666798509904, 90.95698875986426, 49.54517951132969, 45.08344212825826, 58.67222899832374, 49.11019438911943, 47.38275886264911, 8.020606705754384, 26.536428263944888, 8.726482068647735, 94.23847301660277, 24.4698919026705, 48.921224847116456, 17.53440914170886, 12.421755792118699, 41.7151490603846, 27.181548991032347, 47.6359414030163, 13.525809363454274, 90.17009615173767, 52.89346387467188, 73.5566955889753, 84.18999706825024, 52.659080905085204, 0.933768383644216, 42.709466970044055, 28.831507220453886, 72.15753073691803, 76.48522801495191, 78.49192297297819, 82.26698893315695, 36.48884220954467, 16.333278913445124, 17.68712051262886, 18.872325613222735, 72.67245132110122, 68.24243369294805, 64.20525329047048, 28.478971145384673, 19.662785770719744, 51.34730296186508], [82.97764038038235, 78.96594380918462, 31.854303145954862, 62.56040225353849, 69.10757781487135, 91.34041997052059, 49.69979686333597, 63.878503859497336, 76.54761627221917, 59.84129657451968, 79.26550016476531, 61.08153406835675, 74.66611917116097, 75.41064553403751, 80.93123456407815, 0.0, 25.14328383807023, 43.412073279552786, 13.308543042438464, 40.22802733944879, 16.67278860016619, 32.397168127384695, 67.20887213676916, 25.03127539542216, 25.629856916280538, 76.28204622891018, 53.17583877819661, 50.26156319398855, 69.92159023672096, 17.705337776438533, 56.85145743433688, 11.148234060281885, 45.55726893226138, 35.86078744384172, 36.65821735355782, 74.54386551763997, 86.14224593303258, 86.03296663088197, 65.9730612188982, 72.85023091212535, 18.115559013933204, 99.69641584915303, 66.13593511665445, 92.22564762551792, 68.55327258829594, 87.90730198568974, 62.44254428009209, 40.88453136294609, 93.45100485303567, 13.452569618130038, 32.1805962629755, 75.4412992987069, 14.450866455360105, 61.894013441952445, 81.0190274215159, 45.95437066187958, 66.93042506233976, 14.398340398365152, 6.664354511476901, 29.229219289757076, 31.35014425685125, 59.77434883518582, 67.29839192731615, 64.62731616554073, 65.64639081399983, 71.0476151719134, 42.5960284464692, 36.85584344208618, 74.95992426962816, 78.37145204373003, 49.13681431403728], [91.14707462801958, 90.62240152926337, 56.08394431690046, 39.06197867275989, 83.41215327582623, 87.76033564256066, 60.83664566378683, 60.03758261060267, 79.63676521896276, 62.78346775891488, 70.87531665574299, 44.795738661730844, 70.13202843134206, 86.57776555858335, 82.73311267933154, 25.14328383807023, 0.0, 59.64230032848359, 32.76131810286034, 39.026748606631344, 38.233413561432506, 7.799719619735523, 44.74462381249515, 19.0707423851109, 19.298486801316173, 90.41186485713327, 66.2318496974007, 49.505699080978815, 87.01711536004717, 39.51779693809409, 45.67003792834471, 32.50442222095699, 61.63393353431512, 41.62518458641598, 55.462942280745516, 60.954664657539865, 73.58467451947813, 89.41953506306103, 75.51541813516491, 74.02329062920622, 40.926586646171984, 96.39632121651746, 82.39422145243671, 89.68104011281349, 71.37319369938749, 100.5997437379383, 71.76116797998665, 35.42665114559692, 96.18745336405962, 36.95388110219534, 46.68752047138015, 54.89896670357839, 39.57857427845326, 47.42423883845349, 83.09785838317949, 40.758781617221906, 60.972399957906816, 16.151462481461046, 20.388596077624957, 53.55208201708549, 6.4964676519825275, 72.31594730245124, 66.87715708699191, 69.62377685058304, 71.89841851217716, 50.41826083931607, 23.481024524107553, 57.62329352258454, 85.32352855995717, 86.09079541851082, 66.1473572700034], [43.595575107383354, 36.63915500501337, 28.41015787068354, 83.34720263269315, 25.765297310494134, 67.65220725728383, 13.373835408255047, 47.96276530999193, 45.04351050936805, 33.76208243135516, 66.32532523322034, 67.55828774891556, 56.276703188351966, 33.63264593478886, 50.55516375135406, 43.412073279552786, 59.64230032848359, 0.0, 30.18330154988617, 35.16017194798396, 51.643490498341556, 63.40304385749742, 84.3873008698945, 43.63824885526166, 43.82396468045542, 32.91797760366226, 11.930864556774445, 36.194843455784145, 27.401543461096903, 51.64286127941614, 56.41541810549179, 49.80713609322355, 2.1452562845633047, 24.50625554752119, 8.830429972859903, 72.12085359755633, 79.12292442011601, 52.44953738599248, 27.01699023659381, 45.31631389555784, 49.82242644225634, 74.28891981369517, 23.02207070029065, 66.71427417209428, 39.49031383769819, 44.81972865834509, 24.53469109482717, 41.651845684561025, 59.83221505600738, 46.94308117906551, 12.990854801149178, 86.51563073751609, 39.50591210197801, 64.93693807568185, 50.19775207716677, 42.29053660803484, 53.49530392198897, 43.67398714151368, 42.71357549708668, 28.977185034230875, 63.23190988055688, 18.033739465084942, 44.17057682627422, 33.119759469944306, 31.746406294570388, 83.1968501595946, 61.18449650616001, 13.757463575767305, 33.949312306164636, 39.986593211647765, 6.598364764421813], [70.0329112521393, 65.68625165711624, 24.5691389587583, 65.52222086529073, 55.82548433949936, 81.4836528388662, 36.63295566215677, 54.977224796573815, 64.78491896305918, 48.5499722606762, 71.75471633917371, 58.66723013132627, 65.61968888275176, 62.16744081826856, 69.46045244240604, 13.308543042438464, 32.76131810286034, 30.18330154988617, 0.0, 32.08083123493571, 25.436500736225646, 38.54428293320441, 68.93496789821926, 23.66648936550762, 24.181206328893392, 63.00287850316975, 39.890882148293436, 40.87691284848135, 56.998000625181426, 25.97401319526065, 51.88344573788189, 21.657941871949795, 32.326260564782004, 25.08788338999066, 23.912280228838334, 69.85991792586235, 80.48127265452462, 74.04432436261135, 52.95549997725317, 61.74612399856188, 25.11692761801752, 89.58744073458817, 53.04033484059551, 81.9720392435782, 57.03992505411917, 74.59889029266925, 49.49465404731098, 34.74935047746506, 81.5404221869214, 20.800159475635084, 18.95116709797421, 75.21780028199024, 15.970355174259861, 58.36325508003309, 69.46521848188628, 39.013007520571726, 58.804400594554174, 17.133495996621512, 13.179740379775092, 22.330886476940396, 37.89459113281038, 46.49430564229407, 56.90708234460929, 52.584870063182414, 53.26556913737885, 71.05824337413942, 43.609656090950345, 25.098615330598296, 61.78574689565224, 65.53244215693435, 36.067407755118396], [53.305465007077345, 55.22072963740418, 51.47949786933145, 49.79691074809109, 51.39716136719307, 51.38293969658725, 28.466911415754566, 23.66369266655246, 40.610941317134056, 23.850950491188968, 39.68722009065867, 32.43766257465247, 34.45138507999322, 50.991053804167656, 43.80774475589628, 40.22802733944879, 39.026748606631344, 35.16017194798396, 32.08083123493571, 0.0, 56.18053587947166, 38.61839066016885, 49.85389033111523, 20.214417353606265, 19.879831133134914, 57.550543098013996, 35.13456348006776, 10.721461497316513, 58.50729486397936, 56.97275790218918, 22.03528928457291, 51.207139173680474, 36.2501930926637, 10.936115868899012, 37.238839712083525, 39.33191635706723, 48.90315887848138, 50.39281571873654, 39.34748497494079, 35.14140279355645, 56.57769641699773, 59.8729790003602, 53.162111168862374, 52.591106413402116, 32.3536990062973, 65.61278207994562, 35.73628861932364, 6.815074731101702, 57.205294474912364, 51.96145648923317, 25.623022205574635, 51.35570916283257, 48.03801995074081, 30.158377454741697, 44.136137359625685, 7.7003866550794005, 26.87907978177938, 29.033475094957794, 34.620741376055406, 50.171517077419466, 39.18657569962525, 39.51888621483251, 28.363082655297124, 31.074772632620665, 33.79518025789147, 48.069063247979216, 29.19335706185646, 42.59803455703719, 49.146018093511366, 48.17440671679208, 41.07517687533134], [94.15121672044133, 88.27673985435776, 30.356514224022742, 77.13134923761343, 77.0138393295985, 106.67900792611036, 60.815042156205934, 79.67138703375913, 90.13109189941511, 73.98620141219024, 95.59496499975911, 77.59436035980853, 90.4231420284897, 85.15598086804029, 94.87001340065561, 16.67278860016619, 38.233413561432506, 51.643490498341556, 25.436500736225646, 56.18053587947166, 0.0, 46.00382453813846, 82.36086934375601, 41.67744154801177, 42.27562348848864, 84.00325904169799, 62.87972706051168, 65.76167326581128, 75.48875254548142, 1.3001150283591332, 73.51022109546231, 5.905783753257418, 53.69684251975853, 50.404992818055526, 43.3645157800173, 91.21660992932115, 102.78704692047587, 99.28028703102794, 77.03652101753427, 87.18197370507583, 3.5003077323766005, 114.8745267679599, 72.63768686440763, 107.29287589084275, 82.45352970018068, 96.24197844007548, 73.78733907964502, 57.359639138829515, 106.80123502292597, 4.791414199530666, 43.090806855309985, 91.31961874731293, 12.213630115784417, 78.53150362196946, 94.8596358363128, 62.30287555152304, 83.04028666903707, 30.904438199879547, 23.264951398897235, 27.939122641988433, 44.72987750914857, 69.39141973250226, 82.23219190565908, 77.84994522690201, 78.31107558705027, 86.87799650655523, 58.46112655486485, 41.239813349425184, 85.19943528154286, 89.91174734954005, 56.150819390778175], [91.75242182427661, 92.33678895730877, 62.547902201774356, 31.26829113309898, 86.08088031451493, 84.79257037518367, 63.03772166377968, 57.61699254566604, 78.86728455789805, 62.41209999468361, 66.73626826656263, 38.79270093237193, 67.2061366589262, 88.1987559900521, 81.503667699778, 32.397168127384695, 7.799719619735523, 63.40304385749742, 38.54428293320441, 38.61839066016885, 46.00382453813846, 0.0, 37.05039756751509, 20.354041873757133, 20.352552737737252, 92.92301081394567, 68.85652645842973, 48.528893766518806, 90.54581437784645, 47.284746204416685, 41.37995595431188, 40.24616158203001, 65.29523371895819, 43.195963343914364, 60.104839979343836, 55.41915927373326, 68.14759593187217, 88.56288400383956, 76.83623959966313, 72.78330023526524, 48.65103784191754, 93.3935495017288, 85.70902394191444, 86.99887328079944, 70.71083437234044, 102.51858398860193, 73.09964363323402, 33.88434029892915, 95.02778299611508, 44.60082062188145, 50.42890442138311, 47.52154220075744, 46.83913216099513, 41.94469012035356, 81.9472187487047, 38.851974637123085, 57.84390212510124, 21.420404417817785, 27.061522259445734, 60.08166649409035, 1.4648403746642127, 74.63674089322785, 65.325960558885, 69.68310445979606, 72.28660216928394, 43.05470501995452, 17.472269471387822, 62.81747372804097, 86.71195109133222, 86.63768609350005, 69.9883067966479], [96.83547625633011, 102.2678275437713, 93.32850467516283, 7.42867497632589, 100.59218385699486, 73.41806683173871, 78.1875176918444, 53.86356785983503, 79.09404636065372, 67.09799758056077, 51.69380087176636, 21.509852399716674, 58.71867128513358, 98.08206576182151, 79.21685369035781, 67.20887213676916, 44.74462381249515, 84.3873008698945, 68.93496789821926, 49.85389033111523, 82.36086934375601, 37.05039756751509, 0.0, 45.31342170381128, 44.8269696136069, 106.23369249197613, 84.89671045847905, 54.01490040169116, 108.29362149388439, 83.60737237682461, 33.78080865639324, 76.48299276753372, 85.70546555804117, 59.944580506286044, 84.60403960128453, 34.24051554691732, 44.98094470033948, 87.22717791922058, 86.60477633909187, 71.67973059355313, 84.7023680880225, 80.92342432698177, 102.91923833886885, 76.84741440590034, 72.62219286597147, 112.5849695115765, 83.40004716772103, 43.0713368387953, 91.59902653585786, 80.33383848563965, 73.01386328676088, 12.787547917403012, 81.07288595669036, 26.55953654184686, 79.98056011975311, 44.09659390191257, 50.41144723331402, 53.478777518321465, 60.88577314014916, 91.21377706847197, 38.472036565394916, 88.8047962602987, 64.05608214928908, 74.98811156232104, 78.64033732229149, 9.469546491530652, 25.325977175355572, 89.03824976146697, 95.7262265892721, 91.95562437077552, 90.60472203754071], [72.13456994733042, 72.10177788206849, 48.019914195772, 42.25976621601544, 65.74183692911996, 70.56247298133856, 42.68605850463484, 42.568663383428735, 60.72644674910849, 43.790428053619095, 55.80749789804367, 36.19744156577128, 53.1105548164725, 67.99240575666133, 64.0211111826162, 25.03127539542216, 19.0707423851109, 43.63824885526166, 23.66648936550762, 20.214417353606265, 41.67744154801177, 20.354041873757133, 45.31342170381128, 0.0, 0.5986032954559194, 72.57007860185462, 48.52389827517361, 30.87763971147005, 70.48477925123629, 42.732844046011806, 32.138039552324344, 35.98246814152403, 45.4353450652286, 22.926669257647422, 41.39798920377354, 49.605853911202395, 61.437127194637476, 70.52026551050686, 56.7454233314395, 55.35460881217429, 43.08232482917608, 79.16560711948728, 65.55300608026054, 72.1276720648709, 52.44609105204439, 82.2320809091585, 52.99524124955585, 17.829823549619924, 77.40145143644372, 38.365523267282775, 30.822010735048288, 51.74066776679927, 37.129045630668024, 36.86274099057355, 64.34336438368823, 23.299265027320384, 44.44062386484114, 10.936427556935174, 18.413403326522033, 45.90247588298043, 20.50964266159067, 54.28322956197707, 48.46423450016554, 50.55560418568707, 52.839428619129656, 47.51081908757106, 20.0165434772113, 44.975548658121845, 66.60006948145154, 67.06335554175656, 50.234640040196155], [71.96687379474989, 72.04131531178716, 48.50185748684499, 41.833434147875465, 65.78111855057077, 70.10292680131343, 42.68942590665081, 42.11257277497084, 60.428862749359475, 43.515111278995306, 55.265606725918055, 35.604168274633516, 52.63589330785183, 67.92324043651003, 63.68651878371825, 25.629856916280538, 19.298486801316173, 43.82396468045542, 24.181206328893392, 19.879831133134914, 42.27562348848864, 20.352552737737252, 44.8269696136069, 0.5986032954559194, 0.0, 72.58990731589422, 48.570538811179404, 30.519038596477493, 70.61196941473573, 43.33133162061861, 31.554306111688728, 36.57927304192249, 45.605907676818134, 22.86976579457839, 41.69361248190642, 49.01122031013371, 60.85060319355546, 70.22108654604835, 56.64699567748166, 55.01182348692892, 43.68050444908724, 78.70987405504489, 65.66102524300234, 71.68858448403002, 52.15166458159321, 82.19010468632827, 52.89893216369997, 17.348802921294546, 77.08062957101968, 38.96342413410269, 31.041735345255784, 51.187393580930035, 37.70913103254533, 36.264157178151265, 64.01558862060139, 22.821490257576976, 43.93928501293833, 11.525174811460028, 19.01141364070186, 46.39620481245866, 20.550712170836114, 54.2917532897552, 48.087110526351886, 50.328241133447804, 52.645738255384444, 46.96473077218, 19.546557537342988, 45.325615530143445, 66.5078175504136, 66.88922126526019, 50.41791106349967], [22.839576410772526, 9.719996262688506, 57.07247826096719, 107.05871307490483, 7.179547818139571, 62.73259144376197, 29.93186176436693, 56.89671542659337, 38.16591116255513, 40.57617030042548, 71.90741009666274, 86.14639655929878, 59.927035227822415, 11.42671276960587, 42.838650934443955, 76.28204622891018, 90.41186485713327, 32.91797760366226, 63.00287850316975, 57.550543098013996, 84.00325904169799, 92.92301081394567, 106.23369249197613, 72.57007860185462, 72.58990731589422, 0.0, 24.180151136847634, 52.27445277227317, 13.091273400332831, 83.87728438153198, 73.53847792027148, 82.57013193020248, 30.777406449132293, 49.9574404600586, 40.67082635999199, 84.3335475094902, 86.72585932520198, 39.321679648634586, 20.337175631245007, 43.60767787339962, 81.88112139525295, 66.05055446908416, 12.376482811709268, 60.01373083429414, 38.99271241849101, 12.505592852864424, 23.037175460495785, 64.23725447887033, 44.41057879870886, 79.40624678603469, 44.67382283789398, 104.85742919472206, 71.78987900357106, 82.08326226295847, 42.007187151373515, 62.230294776770464, 62.41346165387697, 75.06750193801405, 75.1586570414373, 58.55660586292973, 93.02449817569769, 18.331102930270614, 48.01590791398121, 33.68490595772033, 29.8569042454686, 102.53440955970399, 86.66546263032812, 43.196330383557864, 14.362694441579226, 23.465909692007614, 27.8528354680398], [31.712314649684625, 25.79597693136815, 40.26345203352703, 84.90047318406302, 17.228580218911933, 57.87264366085629, 6.7218922153533365, 41.702776105794705, 34.15219230178767, 25.732949066748912, 59.47646236468843, 66.16252980356224, 48.488946598289374, 22.367454063452982, 39.735157791714904, 53.17583877819661, 66.2318496974007, 11.930864556774445, 39.890882148293436, 35.13456348006776, 62.87972706051168, 68.85652645842973, 84.89671045847905, 48.52389827517361, 48.570538811179404, 24.180151136847634, 0.0, 32.542443621116206, 23.397020503452854, 62.96761275227674, 54.06538102358298, 60.59216251222308, 10.350382082029718, 26.290445363713975, 20.753446489923387, 67.89602360572336, 73.25002699775993, 40.925838846682225, 15.111883970649044, 35.52362324833961, 61.259909684581395, 63.94057954321823, 18.03056125438247, 56.53063839888821, 29.64476439151515, 34.939245545846276, 12.89195435912846, 41.94960232551353, 48.20639454344686, 58.122912032187564, 21.037054789802326, 85.24494881004755, 50.87907231968264, 62.782760180002, 39.284838192535055, 41.02493228295675, 47.457664768013515, 50.947997854423704, 51.43994466879577, 40.899257780660875, 68.9192380942408, 6.607624502623599, 35.89446660346687, 23.007288592959316, 20.9028324846308, 82.382922987377, 63.649493940915, 25.502634396455665, 22.326093507780964, 28.056815240983166, 11.635851279787351], [44.62208057002339, 48.415385319480755, 57.38843718849056, 55.314092704961915, 46.90232782650524, 41.07930784672997, 25.979863033829123, 14.15845751895235, 30.339188917596964, 14.281693337033172, 31.899922049452464, 34.021784363779005, 24.743088819151478, 44.1976433691325, 33.22745651416726, 50.26156319398855, 49.505699080978815, 36.194843455784145, 40.87691284848135, 10.721461497316513, 65.76167326581128, 48.528893766518806, 54.01490040169116, 30.87763971147005, 30.519038596477493, 52.27445277227317, 32.542443621116206, 0.