instance_id,num_cities,city_coordinates,distance_matrix,best_route,total_distance
288,47,"[[69.78859280771826, 35.232555500254236], [25.06098218892553, 18.30208207980354], [2.939005840111153, 58.2481126744138], [10.933173393653172, 26.090791278189375], [67.11166391619881, 38.43659211272284], [34.94371559455178, 77.05884123746112], [94.07731358581583, 41.89178346475756], [99.69615309073944, 43.109663074335636], [39.383111236530446, 22.31736684578599], [94.72945462890173, 45.3953590050829], [25.93739848465496, 13.859896469462852], [4.253867806977696, 80.91285234943666], [54.997338159234786, 93.18417531407103], [34.59080342077979, 70.19328244012293], [40.335968386777466, 27.6443788302537], [35.546108582146296, 62.77384062601313], [88.86299823160124, 92.1268172069482], [38.47790335333339, 64.5438339034162], [2.8624861496590492, 48.43475947678576], [3.4531544929583102, 52.05146290850603], [68.41544411178782, 51.25072927739743], [68.58582810676292, 95.33805749171238], [99.66723476464139, 44.57160710420034], [65.06020901190335, 18.26957680829546], [84.84582825831333, 54.63383371773235], [95.07613147666065, 55.90120125830735], [38.7529772952099, 83.66669224659329], [3.9769544821110503, 73.51234331598536], [20.52875196769166, 38.681759633414906], [90.01021970530962, 28.681692074273478], [98.73041109371115, 0.671168398146782], [38.45792629533512, 72.04497039765431], [17.681279454838496, 30.934498173608006], [9.976008378294154, 11.914182277538544], [28.25667864484167, 10.671421526041058], [70.96965276308745, 86.80623879849023], [79.95781424868211, 29.7137179141129], [1.1644143465203372, 83.7750388422964], [61.406639329546564, 96.21727859333753], [82.764196797575, 12.622959378454102], [19.97510671643997, 43.60653096471263], [17.37137866368521, 51.00020961990005], [99.82845306256706, 10.072461294789036], [93.05471971301793, 21.66318138051896], [93.1699717909751, 4.346478592268643], [47.99972830840813, 78.18757474024717], [60.00543675929031, 15.717734148657447]]","[[0.0, 47.824680677521805, 70.70065876479988, 59.561163919934735, 4.175140584973261, 54.43899013180833, 25.18506053436465, 30.92751179477904, 33.03476059480902, 26.931935754065755, 48.782351292301676, 79.88422686082727, 59.809459562191726, 49.609845856355356, 30.41442931333972, 43.94394283990563, 60.00658261744656, 42.889512887611545, 68.21584817506752, 68.43439210527606, 16.076922233309876, 60.11753498415452, 31.30417112863996, 17.60966380781792, 24.55870387228625, 32.659646804660085, 57.524560255627506, 76.13484021338672, 49.38045087620166, 21.256246282240024, 45.07902310522214, 48.340092621844335, 52.28427489827452, 64.19728799474984, 48.25089839714695, 51.58720492103563, 11.570247750915502, 84.05742417232867, 61.558050609569186, 26.068374243372094, 50.512442641841496, 54.73740270654246, 39.1844809147541, 26.934004068739032, 38.73807726158702, 48.16521871721814, 21.829759381464335], [47.824680677521805, 0.0, 45.66253604261421, 16.13254388907078, 46.62250881274154, 59.582087629401336, 72.93646557735498, 78.6500146874954, 14.874336698091088, 74.75119869720885, 4.527816087269664, 65.97760652418542, 80.6443630759559, 52.75901977430884, 17.905410129847315, 45.69108429085679, 97.57452929788037, 48.148866915520664, 37.42661450780624, 40.073918251892955, 54.45385863988362, 88.48137498838787, 79.09602308838872, 39.99924003063939, 69.958730667591, 79.47210134873224, 66.7832538309336, 59.09914694908178, 20.877556561231884, 65.77339703555668, 75.74981103875636, 55.387509026270926, 14.630035844470843, 16.381748952758727, 8.2728142929176, 82.46469257582488, 56.070380796031806, 69.6975897852281, 85.9754886041725, 57.98200937212197, 25.810487455501633, 33.590140621971294, 75.21902258807927, 68.07676057954316, 69.52404859696674, 64.12845160081542, 35.03988811982006], [70.70065876479988, 45.66253604261421, 0.0, 33.136083568433016, 67.16119706733019, 37.123374786495795, 92.5943877563075, 97.93425447908342, 51.17803546392507, 92.6859199972255, 49.99239744291202, 22.7028475422901, 62.69448489787891, 33.83080505721424, 48.32309316383786, 32.91968047720882, 92.36178370568433, 36.09223382181581, 9.813651524505206, 6.217943161411923, 65.84927746869761, 75.40006154015805, 97.69031208614501, 73.87372478432096, 81.98652676521685, 92.16701098419303, 43.91747646272322, 15.299479548746804, 26.3104796641517, 91.95417071054217, 111.76358008158017, 38.10442222813343, 31.03817276242457, 46.86525910250443, 53.893655441759, 73.78167447596537, 82.13469749754272, 25.58853521696102, 69.71457327154566, 91.94409021071114, 22.463406866063465, 16.15009238383077, 108.20563002415453, 97.25892804572035, 105.10477331287785, 49.27525603017901, 71.17169827535075], [59.561163919934735, 16.13254388907078, 33.136083568433016, 0.0, 57.51905419630713, 56.340467280915895, 84.63225982079166, 90.37980173644448, 28.699088752269457, 85.9911802685548, 19.3577260648967, 55.227452441876785, 80.26937646372136, 50.04710965868889, 29.443810685602916, 44.17513653683298, 102.14604407287135, 47.30061982352046, 23.75687074196128, 27.01679392992219, 62.74738183412049, 90.10556294433536, 90.63814981002889, 54.689188882295575, 79.23247958285745, 89.26756375157478, 63.9447094093368, 47.92903691102805, 15.83059102790661, 79.11947939863487, 91.40302060175073, 53.56676769082223, 8.306529473957948, 14.208884812819106, 23.19182609760219, 85.38585610431575, 69.11965453165267, 58.50556443927472, 86.40193855894337, 73.08268207540205, 19.711866856788784, 25.72799271652222, 90.32694859714634, 82.24081772021434, 85.062954009515, 63.93750339465159, 50.15662813665793], [4.175140584973261, 46.62250881274154, 67.16119706733019, 57.51905419630713, 0.0, 50.263854077035326, 27.186110596841395, 32.91787549308164, 32.07338549195265, 28.48099016033092, 47.95137226992217, 75.86392565248286, 56.07187133433647, 45.454303953672984, 28.868836807508842, 39.858323456271734, 57.92892900070733, 38.74893957115772, 65.02245915309756, 65.09816071729422, 12.880293244856837, 56.92055799390134, 33.128591914139946, 20.271087132005675, 24.017727213959635, 32.97004729369002, 53.38517645365052, 72.22395625967788, 46.58355710672568, 24.889795740165482, 49.25416125990685, 44.165142030659794, 49.996443088175724, 62.991438761244176, 47.7557805730879, 48.52326038559945, 15.527785181716544, 80.0288352886373, 58.06164857894921, 30.188498149829737, 47.4192291415566, 51.30244109073243, 43.30025645541585, 30.893194261326922, 42.908871450250025, 44.106764815956275, 23.804305736504087], [54.43899013180833, 59.582087629401336, 37.123374786495795, 56.340467280915895, 50.263854077035326, 0.0, 68.80046775844694, 73.11241248686386, 54.92119128569994, 67.65286911109925, 63.83745270350718, 30.930893276394347, 25.73274522955217, 6.8746232334655515, 49.707801049418606, 14.297696310265248, 55.98511355629336, 13.004456608621522, 42.994689664395544, 40.212242033747444, 42.266005877948, 38.287354063110136, 72.41929518705814, 66.05437750732152, 54.709247943712796, 63.746005124292964, 7.627199332847524, 31.16918255748783, 40.995018829210494, 73.2984886347421, 99.51793348190365, 6.1227916547735965, 49.248824600691684, 69.76541402902576, 66.72335392579598, 37.321306355539534, 65.32862910047041, 34.44050671915926, 32.67004827855616, 80.24201700752921, 36.64855132648659, 31.429911024240127, 93.25880255566918, 80.2842944207796, 93.1524803325038, 13.104713171400977, 66.26327253176667], [25.18506053436465, 72.93646557735498, 92.5943877563075, 84.63225982079166, 27.186110596841395, 68.80046775844694, 0.0, 5.749311969750493, 58.091424122650366, 3.563752166866152, 73.68062648017037, 97.93311609709325, 64.48374943321532, 65.87579021057388, 55.59784818337384, 62.144688191892435, 50.5049274793285, 60.03673714714524, 91.4491950719187, 91.19187078729813, 27.315223074798052, 59.21418782093622, 6.19908650722015, 37.416587299939245, 15.734680359042216, 14.044978607790803, 69.32478048812526, 95.48787627715696, 73.61857896681242, 13.822003008891029, 41.48241100620456, 63.267139375656164, 77.1778215026383, 89.28429935071826, 72.8496189668652, 50.51012063561245, 18.64579153822968, 101.91670091830689, 63.39268394163968, 31.379143947204074, 74.12204410228024, 77.24483076104072, 32.3348862474773, 20.25443261390321, 37.5562669484176, 58.656016991530265, 42.964795450270294], [30.92751179477904, 78.6500146874954, 97.93425447908342, 90.37980173644448, 32.91787549308164, 73.11241248686386, 5.749311969750493, 0.0, 63.796415261073456, 5.46740335979116, 79.34672474324394, 102.65627569494268, 67.1225806441343, 70.51403401875803, 61.34171944801295, 67.09625987518513, 50.19998648866718, 64.86214442987239, 96.97997579372493, 96.6574909842319, 32.32274297067778, 60.79191972643818, 1.462230014751907, 42.622511750676765, 18.797304504813937, 13.600295909522032, 73.20480374486483, 100.431508741799, 79.29113272907422, 17.377676850650047, 42.449481598551166, 67.73014418219022, 82.91365471303693, 94.98874875144666, 78.45914875813773, 52.293427417710596, 23.854839487608466, 106.5935097757293, 65.47141124324959, 34.87305903063435, 79.7225947439852, 82.70205081648872, 33.037466681103474, 22.451285360841307, 39.30872057887604, 62.47383630062053, 48.225208482420975], [33.03476059480902, 14.874336698091088, 51.17803546392507, 28.699088752269457, 32.07338549195265, 54.92119128569994, 58.091424122650366, 63.796415261073456, 0.0, 59.965085249758886, 15.884457704697713, 68.31906516735509, 72.56658063374834, 48.11516921093575, 5.411561090058901, 40.63802234484298, 85.566457077365, 42.23616840435377, 44.898488332878436, 46.637734295975704, 40.9879959717322, 78.6436261562947, 64.26061592477751, 25.994190780896947, 55.77824549130525, 65.03527071762834, 61.35256144545347, 62.245654883716874, 24.96558060102445, 51.025569546292125, 63.17167013442576, 49.736209366890854, 23.35004186295576, 31.193011199239983, 16.106692540924815, 71.80894241904133, 41.243333202473465, 72.37205426959447, 77.11181975520856, 44.45109808089479, 28.80797022239585, 36.15552295933504, 61.6731469962353, 53.675595153443155, 56.70960406248382, 56.5307546379286, 21.652608658165907], [26.931935754065755, 74.75119869720885, 92.6859199972255, 85.9911802685548, 28.48099016033092, 67.65286911109925, 3.563752166866152, 5.46740335979116, 59.965085249758886, 0.0, 75.67583753014364, 97.19734638475337, 62.14830684237012, 65.05070619003497, 57.21668150757558, 61.68208875142777, 47.0982430281015, 59.42138598046999, 91.91723370942773, 91.51866850910798, 26.957605800973617, 56.3716448212704, 5.006020361835615, 40.20040043667884, 13.52906076746105, 10.511560601852052, 67.8090035524196, 95.00832115995303, 74.50380320453829, 17.36714831335542, 44.90279365561628, 62.26304432302088, 78.39348055572235, 91.12703137058557, 74.99587842725384, 47.742948693673945, 21.543333698119557, 101.1306906307411, 60.77234181854405, 34.88835869251497, 74.77574765641191, 77.56085525221229, 35.6890303549761, 23.79119567912327, 41.07849278962549, 57.08762330671849, 45.67842854267007], [48.782351292301676, 4.527816087269664, 49.99239744291202, 19.3577260648967, 47.95137226992217, 63.83745270350718, 73.68062648017037, 79.34672474324394, 15.884457704697713, 75.67583753014364, 0.0, 70.47179857851995, 84.47970944615855, 56.99413822410082, 19.93315753164215, 49.84878376337532, 100.42580338359609, 52.21231441116401, 41.567688548232894, 44.3185849835709, 56.59027070417403, 91.96509812314407, 79.87050724757826, 39.37054208722131, 71.64298330697751, 80.91746231863907, 70.97343021807202, 63.56630802214377, 25.404297826852428, 65.76482375955065, 73.9781402364329, 59.51694250116618, 18.96590427028709, 16.07954532454473, 3.942769702412798, 85.72673319671672, 56.29874753240252, 74.17430738552166, 89.6705382854973, 56.84025879484016, 30.33827923471119, 38.11534541999829, 73.98805722438144, 67.56941663411324, 67.90231242819223, 68.00585701953624, 34.11865754575134], [79.88422686082727, 65.97760652418542, 22.7028475422901, 55.227452441876785, 75.86392565248286, 30.930893276394347, 97.93311609709325, 102.65627569494268, 68.31906516735509, 97.19734638475337, 70.47179857851995, 0.0, 52.206179238599304, 32.175127683921296, 64.3385440720777, 36.16943570244939, 85.34903607561401, 37.93717667360575, 32.50788303720899, 28.87249456268561, 70.68627461578927, 65.92941422013303, 102.09993486859922, 87.30172450331769, 84.76821874756547, 94.20332408354709, 34.608845540702525, 7.405688012850865, 45.258557714910495, 100.41038788193342, 123.95380217947618, 35.33492532022281, 51.750664437142035, 69.23553541649372, 74.2293306735023, 66.97557738569911, 91.3916783617349, 4.2115121042495725, 59.16641577251372, 104.0547031142758, 40.48356417249732, 32.66244458304888, 118.9658032862945, 106.75258689682184, 117.33917989322828, 43.830667905677196, 85.78252081781021], [59.809459562191726, 80.6443630759559, 62.69448489787891, 80.26937646372136, 56.07187133433647, 25.73274522955217, 64.48374943321532, 67.1225806441343, 72.56658063374834, 62.14830684237012, 84.47970944615855, 52.206179238599304, 0.0, 30.740979411416415, 67.15966562412977, 36.09901366935528, 33.882162538772135, 33.06298356811279, 68.7062807306482, 65.94469576593528, 44.02793958232154, 13.758134593368176, 66.01955354815001, 75.58742249262794, 48.755114586976305, 54.7387415659484, 18.82715442706063, 54.681445890921914, 64.48718282783695, 73.39258966857507, 102.3290678004939, 26.840605978665266, 72.57761735770771, 92.90711438529479, 86.73763548165674, 17.19863099206516, 68.20208449286407, 54.64902135784316, 7.090758562696738, 85.21213500239662, 60.70007837280076, 56.52609830554141, 94.43191129432198, 81.01615187092895, 96.69170759283347, 16.548854111242875, 77.62815570669164], [49.609845856355356, 52.75901977430884, 33.83080505721424, 50.04710965868889, 45.454303953672984, 6.8746232334655515, 65.87579021057388, 70.51403401875803, 48.11516921093575, 65.05070619003497, 56.99413822410082, 32.175127683921296, 30.740979411416415, 0.0, 42.93502205529269, 7.480690127541331, 58.53674979832146, 6.857537069134659, 38.47232041875002, 36.0371863034563, 38.767597787307864, 42.28381978719091, 69.93863140977064, 60.20345408377382, 52.608592130618874, 62.15093317509508, 14.101647534032331, 30.793244582818975, 34.50677267822909, 69.24250021496982, 94.58971198446, 4.287585289994334, 42.745574540991996, 63.26406286940571, 59.85794068753502, 39.99263680273326, 60.80099354183627, 36.08029370046413, 37.36759868212612, 75.06675646956097, 30.33931350852358, 25.785318172316977, 88.71563597232347, 75.98157814287093, 88.13240348431154, 15.611149093576822, 60.112302812209066], [30.41442931333972, 17.905410129847315, 48.32309316383786, 29.443810685602916, 28.868836807508842, 49.707801049418606, 55.59784818337384, 61.34171944801295, 5.411561090058901, 57.21668150757558, 19.93315753164215, 64.3385440720777, 67.15966562412977, 42.93502205529269, 0.0, 35.454503846588274, 80.70227682392003, 36.94620671144529, 42.85442565713983, 44.22722819631564, 36.68401202737793, 73.3518145986838, 61.69870522984534, 26.441917242137293, 52.0534177639375, 61.60303132831667, 56.04467379969808, 58.53074455518285, 22.67486708376686, 49.68508088775656, 64.32312974403595, 44.440292231626415, 22.89235278201942, 34.19307320648084, 20.832439135162755, 66.62243085754682, 39.67584698211895, 68.44751010311707, 71.73712954876572, 45.00886144333924, 25.871895731125512, 32.75465177687815, 62.033281541219715, 53.056964333918444, 57.74274042002052, 51.12091420282283, 23.002887632171994], [43.94394283990563, 45.69108429085679, 32.91968047720882, 44.17513653683298, 39.858323456271734, 14.297696310265248, 62.144688191892435, 67.09625987518513, 40.63802234484298, 61.68208875142777, 49.84878376337532, 36.16943570244939, 36.09901366935528, 7.480690127541331, 35.454503846588274, 0.0, 60.8628618785962, 3.4246600973544847, 35.69073302012038, 33.836771212508154, 34.830666277186694, 46.390206793477695, 66.65463320800785, 53.4014196640389, 49.96720997429725, 59.92542697136118, 21.137531922682104, 33.3455683804357, 28.389247370080405, 64.25429163340117, 88.5945708365628, 9.717640126977928, 36.50884615472574, 56.925696058621895, 52.60986471071759, 42.806350513207384, 55.365795523381685, 40.28835098426957, 42.2756501264204, 68.88148332191152, 24.6949763869904, 21.655003917734856, 83.12433575862761, 70.69177220724453, 82.06257518096822, 19.816050152102463, 53.033346977967234], [60.00658261744656, 97.57452929788037, 92.36178370568433, 102.14604407287135, 57.92892900070733, 55.98511355629336, 50.5049274793285, 50.19998648866718, 85.566457077365, 47.0982430281015, 100.42580338359609, 85.34903607561401, 33.882162538772135, 58.53674979832146, 80.70227682392003, 60.8628618785962, 0.0, 57.44108942050959, 96.46286325344138, 94.34445097410378, 45.705109494530966, 20.52987317150615, 48.76709479739768, 77.59809748918944, 37.70757835657043, 36.75456809131737, 50.81916875147013, 86.90304402998608, 86.75219531225092, 63.45549637510128, 91.9864203870884, 54.25819613820671, 93.8687221426404, 112.50432867420936, 101.52885037951323, 18.667628843967623, 63.04520017500902, 88.0953677403122, 27.759386133558124, 79.73743655614396, 84.26007224322267, 82.47696357203435, 82.78380592730224, 70.58820370895842, 87.88593669381325, 43.17533218588156, 81.67684389064614], [42.889512887611545, 48.148866915520664, 36.09223382181581, 47.30061982352046, 38.74893957115772, 13.004456608621522, 60.03673714714524, 64.86214442987239, 42.23616840435377, 59.42138598046999, 52.21231441116401, 37.93717667360575, 33.06298356811279, 6.857537069134659, 36.94620671144529, 3.4246600973544847, 57.44108942050959, 0.0, 39.08913175646782, 37.185916229223366, 32.75611358605294, 43.067056311804635, 64.36632754695735, 53.36596147199985, 47.41510902311744, 57.2542970067618, 19.12483664993552, 35.64757543084859, 31.480452998833215, 62.78274321159999, 87.8070731077646, 7.501163095683034, 39.5232464984142, 59.85180237410911, 54.83347745583389, 39.386907106530586, 54.163825453104685, 41.97780014796831, 39.1015860546909, 68.2426039836284, 27.941441225056366, 25.078180619968755, 82.04279604872721, 69.40734287341782, 81.33230561372417, 16.637812791881426, 53.361247284956185], [68.21584817506752, 37.42661450780624, 9.813651524505206, 23.75687074196128, 65.02245915309756, 42.994689664395544, 91.4491950719187, 96.97997579372493, 44.898488332878436, 91.91723370942773, 41.567688548232894, 32.50788303720899, 68.7062807306482, 38.47232041875002, 42.85442565713983, 35.69073302012038, 96.46286325344138, 39.08913175646782, 0.0, 3.664619053161339, 65.61341313712143, 80.74327862235612, 96.8818006679466, 69.12665892889613, 82.21737592960149, 92.51542648321357, 50.29330414046289, 25.10233556616044, 20.179642065660616, 89.35832997373473, 107.10751451604995, 42.713901939442486, 22.931545536686617, 37.20691813982262, 45.50752361604116, 78.17260753899214, 79.33578645155879, 35.38105133374292, 75.56842597721464, 87.56008446059285, 17.780707894440233, 14.733957255957055, 104.27878337015446, 94.08164746066042, 100.49486789985139, 54.061082543722875, 65.8461885813913], [68.43439210527606, 40.073918251892955, 6.217943161411923, 27.01679392992219, 65.09816071729422, 40.212242033747444, 91.19187078729813, 96.6574909842319, 46.637734295975704, 91.51866850910798, 44.3185849835709, 28.87249456268561, 65.94469576593528, 36.0371863034563, 44.22722819631564, 33.836771212508154, 94.34445097410378, 37.185916229223366, 3.664619053161339, 0.0, 64.96722440483873, 78.20482365361659, 96.50439101605212, 70.26126240673354, 81.43362930429822, 91.70381887750358, 47.38776441203166, 21.467271701191248, 21.686977539138603, 89.65640929135957, 108.24828076850439, 40.31221143344908, 25.463026912482437, 40.66385273505794, 48.24440522140961, 75.93663138316961, 79.69904526262283, 31.806030898005496, 72.8644335722935, 88.57114836143887, 18.555101207223657, 13.957868660487224, 105.12104808679224, 94.61441826756004, 101.61138142303834, 51.64778388640309, 67.21830461358823], [16.076922233309876, 54.45385863988362, 65.84927746869761, 62.74738183412049, 12.880293244856837, 42.266005877948, 27.315223074798052, 32.32274297067778, 40.9879959717322, 26.957605800973617, 56.59027070417403, 70.68627461578927, 44.02793958232154, 38.767597787307864, 36.68401202737793, 34.830666277186694, 45.705109494530966, 32.75611358605294, 65.61341313712143, 64.96722440483873, 0.0, 44.08765745401398, 31.957551408302216, 33.1513803749655, 16.775068371145636, 27.06324334614604, 43.93923750891523, 68.17549710384968, 49.508729355688324, 31.23612929302474, 58.968544172744544, 36.467154228023645, 54.65075214213457, 70.44523815504668, 57.09121352194642, 35.64713507617259, 24.434998809889805, 74.70295654900328, 45.509492436836084, 41.206690124342636, 49.03978033004215, 51.044680208313345, 51.792150808681896, 38.503465982992374, 53.03579331878664, 33.79933572207915, 36.51468151974109], [60.11753498415452, 88.48137498838787, 75.40006154015805, 90.10556294433536, 56.92055799390134, 38.287354063110136, 59.21418782093622, 60.79191972643818, 78.6436261562947, 56.3716448212704, 91.96509812314407, 65.92941422013303, 13.758134593368176, 42.28381978719091, 73.3518145986838, 46.390206793477695, 20.52987317150615, 43.067056311804635, 80.74327862235612, 78.20482365361659, 44.08765745401398, 0.0, 59.525509865772115, 77.14908103699125, 43.83174007463838, 47.50791304828567, 32.034664883987055, 68.19580889121242, 74.2927900542483, 70.01482418767488, 99.35046942068496, 38.082257994115956, 82.0919699257895, 101.95417561019094, 93.78101909270067, 8.858586241952814, 66.60237243378114, 68.40577778021803, 7.232826642776127, 83.92147278628124, 70.98699226549383, 67.74042061916604, 90.80926995051675, 77.63191371103997, 94.25416463636864, 26.794151666289576, 80.08132744234702], [31.30417112863996, 79.09602308838872, 97.69031208614501, 90.63814981002889, 33.128591914139946, 72.41929518705814, 6.19908650722015, 1.462230014751907, 64.26061592477751, 5.006020361835615, 79.87050724757826, 102.09993486859922, 66.01955354815001, 69.93863140977064, 61.69870522984534, 66.65463320800785, 48.76709479739768, 64.36632754695735, 96.8818006679466, 96.50439101605212, 31.957551408302216, 59.525509865772115, 0.0, 43.46772399306607, 17.91430978988294, 12.22448089276937, 72.38074637182974, 99.9709755530541, 79.35735481120969, 18.594282441504866, 43.910433352158805, 67.09221366108584, 83.11237939107411, 95.45168142571433, 79.04865658297238, 51.06187743403319, 24.682344464410868, 106.0175206763871, 64.27401144017601, 36.1445540022272, 79.69797139705591, 82.54656177996846, 34.499522502762375, 23.84368521108626, 40.746477025018926, 61.64060758552477, 49.04695918761815], [17.60966380781792, 39.99924003063939, 73.87372478432096, 54.689188882295575, 20.271087132005675, 66.05437750732152, 37.416587299939245, 42.622511750676765, 25.994190780896947, 40.20040043667884, 39.37054208722131, 87.30172450331769, 75.58742249262794, 60.20345408377382, 26.441917242137293, 53.4014196640389, 77.59809748918944, 53.36596147199985, 69.12665892889613, 70.26126240673354, 33.1513803749655, 77.14908103699125, 43.46772399306607, 0.0, 41.39842882935822, 48.13621048812479, 70.49009255381817, 82.3585286134626, 48.98681326812934, 27.035442994578425, 37.991926600268194, 59.99561985197487, 49.042463224871405, 55.44961856573305, 37.57967284546903, 68.79095552619268, 18.785819317792832, 91.50758510751295, 78.03327998356653, 18.58266589900919, 51.71680282961025, 57.84046044274906, 35.72147109384327, 28.199453565405037, 31.368956428750007, 62.29949019059227, 5.662386730464031], [24.55870387228625, 69.958730667591, 81.98652676521685, 79.23247958285745, 24.017727213959635, 54.709247943712796, 15.734680359042216, 18.797304504813937, 55.77824549130525, 13.52906076746105, 71.64298330697751, 84.76821874756547, 48.755114586976305, 52.608592130618874, 52.0534177639375, 49.96720997429725, 37.70757835657043, 47.41510902311744, 82.21737592960149, 81.43362930429822, 16.775068371145636, 43.83174007463838, 17.91430978988294, 41.39842882935822, 0.0, 10.3085073809078, 54.47437731873324, 83.04319882135242, 66.26579034588812, 26.461001396393915, 55.720291536446815, 49.547806500528374, 71.22313613712436, 86.20010758716121, 71.6590925123117, 35.03729291847021, 25.394976917180983, 88.61032033791967, 47.7344578408608, 42.062414960258316, 65.80130636522371, 67.57221745793429, 47.012710602998546, 33.977195506052546, 50.971653407230725, 43.73115362843863, 46.1682559286669], [32.659646804660085, 79.47210134873224, 92.16701098419303, 89.26756375157478, 32.97004729369002, 63.746005124292964, 14.044978607790803, 13.600295909522032, 65.03527071762834, 10.511560601852052, 80.91746231863907, 94.20332408354709, 54.7387415659484, 62.15093317509508, 61.60303132831667, 59.92542697136118, 36.75456809131737, 57.2542970067618, 92.51542648321357, 91.70381887750358, 27.06324334614604, 47.50791304828567, 12.22448089276937, 48.13621048812479, 10.3085073809078, 0.0, 62.7950649873703, 92.78584145040658, 76.51026703343368, 27.686912834312484, 55.350793031843786, 58.874803099281856, 81.32219489413258, 95.7960792004122, 80.68811716339036, 39.19494433377946, 30.238184464485535, 97.96101998238937, 52.52638187738339, 44.99544372214987, 76.10074137394116, 77.85915700009443, 46.07448281966552, 34.2976400160423, 51.58994934984428, 52.08522034355203, 53.335397785254244], [57.524560255627506, 66.7832538309336, 43.91747646272322, 63.9447094093368, 53.38517645365052, 7.627199332847524, 69.32478048812526, 73.20480374486483, 61.35256144545347, 67.8090035524196, 70.97343021807202, 34.608845540702525, 18.82715442706063, 14.101647534032331, 56.04467379969808, 21.137531922682104, 50.81916875147013, 19.12483664993552, 50.29330414046289, 47.38776441203166, 43.93923750891523, 32.034664883987055, 72.38074637182974, 70.49009255381817, 54.47437731873324, 62.7950649873703, 0.0, 36.228201237457405, 48.53623956385947, 75.17083971486373, 102.3989723773225, 11.625466606834868, 56.786448573818184, 77.30806314288591, 73.74606316898843, 32.36928993280623, 67.88786362586112, 37.588719099384036, 25.89798488711099, 83.57152279290406, 44.24279540674756, 39.04192422562789, 95.63641863639883, 82.42035300415407, 96.19202453488465, 10.748168818381618, 71.19499940211688], [76.13484021338672, 59.09914694908178, 15.299479548746804, 47.92903691102805, 72.22395625967788, 31.16918255748783, 95.48787627715696, 100.431508741799, 62.245654883716874, 95.00832115995303, 63.56630802214377, 7.405688012850865, 54.681445890921914, 30.793244582818975, 58.53074455518285, 33.3455683804357, 86.90304402998608, 35.64757543084859, 25.10233556616044, 21.467271701191248, 68.17549710384968, 68.19580889121242, 99.9709755530541, 82.3585286134626, 83.04319882135242, 92.78584145040658, 36.228201237457405, 0.0, 38.563344767696385, 97.01293736260763, 119.51591652686909, 34.512180465247404, 44.728977407564194, 61.88959598323241, 67.3682896979594, 68.29896983165779, 87.70068778499336, 10.641113733067284, 61.75502236761408, 99.5738250142462, 33.91605058526567, 26.195548528449606, 114.94402294587775, 103.06883065186477, 112.86855709026675, 44.27033322928248, 80.4947679982269], [49.38045087620166, 20.877556561231884, 26.3104796641517, 15.83059102790661, 46.58355710672568, 40.995018829210494, 73.61857896681242, 79.29113272907422, 24.96558060102445, 74.50380320453829, 25.404297826852428, 45.258557714910495, 64.48718282783695, 34.50677267822909, 22.67486708376686, 28.389247370080405, 86.75219531225092, 31.480452998833215, 20.179642065660616, 21.686977539138603, 49.508729355688324, 74.2927900542483, 79.35735481120969, 48.98681326812934, 66.26579034588812, 76.51026703343368, 48.53623956385947, 38.563344767696385, 0.0, 70.19740529507511, 86.9500117085489, 37.87557424739708, 8.253978424860563, 28.77261883747107, 29.056838981843953, 69.71549302673495, 60.10190692379887, 49.07526262096673, 70.57859177651615, 67.47082083316756, 4.955794157327919, 12.716651141333886, 84.30263664420636, 74.49595964309775, 80.34711159456252, 48.118229065162204, 45.67006797235829], [21.256246282240024, 65.77339703555668, 91.95417071054217, 79.11947939863487, 24.889795740165482, 73.2984886347421, 13.822003008891029, 17.377676850650047, 51.025569546292125, 17.36714831335542, 65.76482375955065, 100.41038788193342, 73.39258966857507, 69.24250021496982, 49.68508088775656, 64.25429163340117, 63.45549637510128, 62.78274321159999, 89.35832997373473, 89.65640929135957, 31.23612929302474, 70.01482418767488, 18.594282441504866, 27.035442994578425, 26.461001396393915, 27.686912834312484, 75.17083971486373, 97.01293736260763, 70.19740529507511, 0.0, 29.336516058680285, 67.36477464357088, 72.36401545711392, 81.77178222052503, 64.32627518151062, 61.163764774389904, 10.105242837187577, 104.54115930079163, 73.34316775805858, 17.61782460393999, 71.60773608535118, 75.99024577736816, 21.040465214953635, 7.650390359666781, 24.539491609599764, 64.92852844433091, 32.6856421802429], [45.07902310522214, 75.74981103875636, 111.76358008158017, 91.40302060175073, 49.25416125990685, 99.51793348190365, 41.48241100620456, 42.449481598551166, 63.17167013442576, 44.90279365561628, 73.9781402364329, 123.95380217947618, 102.3290678004939, 94.58971198446, 64.32312974403595, 88.5945708365628, 91.9864203870884, 87.8070731077646, 107.10751451604995, 108.24828076850439, 58.968544172744544, 99.35046942068496, 43.910433352158805, 37.991926600268194, 55.720291536446815, 55.350793031843786, 102.3989723773225, 119.51591652686909, 86.9500117085489, 29.336516058680285, 0.0, 93.41837097506773, 86.5149170288779, 89.46367621813121, 71.17971640781381, 90.49812183666253, 34.58149902322538, 128.16152700428805, 102.57740059162633, 19.94405441697094, 89.69862499659119, 95.66767765682907, 9.465199643632724, 21.74576008561111, 6.665312465475862, 92.64121883943811, 41.5454302912606], [48.340092621844335, 55.387509026270926, 38.10442222813343, 53.56676769082223, 44.165142030659794, 6.1227916547735965, 63.267139375656164, 67.73014418219022, 49.736209366890854, 62.26304432302088, 59.51694250116618, 35.33492532022281, 26.840605978665266, 4.287585289994334, 44.440292231626415, 9.717640126977928, 54.25819613820671, 7.501163095683034, 42.713901939442486, 40.31221143344908, 36.467154228023645, 38.082257994115956, 67.09221366108584, 59.99561985197487, 49.547806500528374, 58.874803099281856, 11.625466606834868, 34.512180465247404, 37.87557424739708, 67.36477464357088, 93.41837097506773, 0.0, 46.06234883740517, 66.53518864615411, 62.21557646380043, 35.70584549783781, 59.28048276596341, 39.09476357765038, 33.33082527381643, 74.12166349579321, 33.91694940537964, 29.791348529644385, 87.21773581211708, 74.29087774458094, 87.04305667335477, 11.348020698180138, 60.3079824786451], [52.28427489827452, 14.630035844470843, 31.03817276242457, 8.306529473957948, 49.996443088175724, 49.248824600691684, 77.1778215026383, 82.91365471303693, 23.35004186295576, 78.39348055572235, 18.96590427028709, 51.750664437142035, 72.57761735770771, 42.745574540991996, 22.89235278201942, 36.50884615472574, 93.8687221426404, 39.5232464984142, 22.931545536686617, 25.463026912482437, 54.65075214213457, 82.0919699257895, 83.11237939107411, 49.042463224871405, 71.22313613712436, 81.32219489413258, 56.786448573818184, 44.728977407564194, 8.253978424860563, 72.36401545711392, 86.5149170288779, 46.06234883740517, 0.0, 20.521784014780575, 22.856757058976953, 77.2094691750527, 62.288498861112295, 55.36180606849536, 78.5732048188398, 67.60990003607384, 12.877967951695524, 20.068104403411223, 84.7548388852902, 75.9415091463895, 80.03415180957174, 56.14322386449839, 44.97648495517421], [64.19728799474984, 16.381748952758727, 46.86525910250443, 14.208884812819106, 62.991438761244176, 69.76541402902576, 89.28429935071826, 94.98874875144666, 31.193011199239983, 91.12703137058557, 16.07954532454473, 69.23553541649372, 92.90711438529479, 63.26406286940571, 34.19307320648084, 56.925696058621895, 112.50432867420936, 59.85180237410911, 37.20691813982262, 40.66385273505794, 70.44523815504668, 101.95417561019094, 95.45168142571433, 55.44961856573305, 86.20010758716121, 95.7960792004122, 77.30806314288591, 61.88959598323241, 28.77261883747107, 81.77178222052503, 89.46367621813121, 66.53518864615411, 20.521784014780575, 0.0, 18.322864396149885, 96.58698041286956, 72.20994821877625, 72.39908076489296, 98.75283210356451, 72.79163920629561, 33.23231759726269, 39.779505213939956, 89.87131773774446, 83.6487612612899, 83.5374508072789, 76.40658234628711, 50.17380502777835], [48.25089839714695, 8.2728142929176, 53.893655441759, 23.19182609760219, 47.7557805730879, 66.72335392579598, 72.8496189668652, 78.45914875813773, 16.106692540924815, 74.99587842725384, 3.942769702412798, 74.2293306735023, 86.73763548165674, 59.85794068753502, 20.832439135162755, 52.60986471071759, 101.52885037951323, 54.83347745583389, 45.50752361604116, 48.24440522140961, 57.09121352194642, 93.78101909270067, 79.04865658297238, 37.57967284546903, 71.6590925123117, 80.68811716339036, 73.74606316898843, 67.3682896979594, 29.056838981843953, 64.32627518151062, 71.17971640781381, 62.21557646380043, 22.856757058976953, 18.322864396149885, 0.0, 87.29781531708086, 55.09642887209544, 77.96236046664829, 91.74428349916847, 54.542442511863676, 33.96035729114999, 41.77201102172539, 71.57428062272363, 65.72370128782744, 65.2207062993903, 70.34357792195537, 32.14730024271005], [51.58720492103563, 82.46469257582488, 73.78167447596537, 85.38585610431575, 48.52326038559945, 37.321306355539534, 50.51012063561245, 52.293427417710596, 71.80894241904133, 47.742948693673945, 85.72673319671672, 66.97557738569911, 17.19863099206516, 39.99263680273326, 66.62243085754682, 42.806350513207384, 18.667628843967623, 39.386907106530586, 78.17260753899214, 75.93663138316961, 35.64713507617259, 8.858586241952814, 51.06187743403319, 68.79095552619268, 35.03729291847021, 39.19494433377946, 32.36928993280623, 68.29896983165779, 69.71549302673495, 61.163764774389904, 90.49812183666253, 35.70584549783781, 77.2094691750527, 96.58698041286956, 87.29781531708086, 0.0, 57.795700426798085, 69.87102034154223, 13.417112057007014, 75.1150465252643, 66.83306429775158, 64.45810043720421, 81.98111346348477, 68.78494102595431, 85.39593794910596, 24.533625895951985, 71.92905898124359], [11.570247750915502, 56.070380796031806, 82.13469749754272, 69.11965453165267, 15.527785181716544, 65.32862910047041, 18.64579153822968, 23.854839487608466, 41.243333202473465, 21.543333698119557, 56.29874753240252, 91.3916783617349, 68.20208449286407, 60.80099354183627, 39.67584698211895, 55.365795523381685, 63.04520017500902, 54.163825453104685, 79.33578645155879, 79.69904526262283, 24.434998809889805, 66.60237243378114, 24.682344464410868, 18.785819317792832, 25.394976917180983, 30.238184464485535, 67.88786362586112, 87.70068778499336, 60.10190692379887, 10.105242837187577, 34.58149902322538, 59.28048276596341, 62.288498861112295, 72.20994821877625, 55.09642887209544, 57.795700426798085, 0.0, 95.55640370295461, 69.04252076724657, 17.319636553199512, 61.570572982208084, 66.10731161055872, 27.939600005333016, 15.373355886743798, 28.60171214689937, 58.06060671889764, 24.371806027499918], [84.05742417232867, 69.6975897852281, 25.58853521696102, 58.50556443927472, 80.0288352886373, 34.44050671915926, 101.91670091830689, 106.5935097757293, 72.37205426959447, 101.1306906307411, 74.17430738552166, 4.2115121042495725, 54.64902135784316, 36.08029370046413, 68.44751010311707, 40.28835098426957, 88.0953677403122, 41.97780014796831, 35.38105133374292, 31.806030898005496, 74.70295654900328, 68.40577778021803, 106.0175206763871, 91.50758510751295, 88.61032033791967, 97.96101998238937, 37.588719099384036, 10.641113733067284, 49.07526262096673, 104.54115930079163, 128.16152700428805, 39.09476357765038, 55.36180606849536, 72.39908076489296, 77.96236046664829, 69.87102034154223, 95.55640370295461, 0.0, 61.51369766912031, 108.26422727793506, 44.35483257264378, 36.56302945510808, 123.15300431945582, 110.91307883969472, 121.5480102019657, 47.16742932363699, 89.96700862395565], [61.558050609569186, 85.9754886041725, 69.71457327154566, 86.40193855894337, 58.06164857894921, 32.67004827855616, 63.39268394163968, 65.47141124324959, 77.11181975520856, 60.77234181854405, 89.6705382854973, 59.16641577251372, 7.090758562696738, 37.36759868212612, 71.73712954876572, 42.2756501264204, 27.759386133558124, 39.1015860546909, 75.56842597721464, 72.8644335722935, 45.509492436836084, 7.232826642776127, 64.27401144017601, 78.03327998356653, 47.7344578408608, 52.52638187738339, 25.89798488711099, 61.75502236761408, 70.57859177651615, 73.34316775805858, 102.57740059162633, 33.33082527381643, 78.5732048188398, 98.75283210356451, 91.74428349916847, 13.417112057007014, 69.04252076724657, 61.51369766912031, 0.0, 86.27951938901819, 66.96613069838943, 63.116459885349705, 94.3247863391973, 80.99329850782141, 97.20675481617334, 22.468099255586004, 80.51173842641778], [26.068374243372094, 57.98200937212197, 91.94409021071114, 73.08268207540205, 30.188498149829737, 80.24201700752921, 31.379143947204074, 34.87305903063435, 44.45109808089479, 34.88835869251497, 56.84025879484016, 104.0547031142758, 85.21213500239662, 75.06675646956097, 45.00886144333924, 68.88148332191152, 79.73743655614396, 68.2426039836284, 87.56008446059285, 88.57114836143887, 41.206690124342636, 83.92147278628124, 36.1445540022272, 18.58266589900919, 42.062414960258316, 44.99544372214987, 83.57152279290406, 99.5738250142462, 67.47082083316756, 17.61782460393999, 19.94405441697094, 74.12166349579321, 67.60990003607384, 72.79163920629561, 54.542442511863676, 75.1150465252643, 17.319636553199512, 108.26422727793506, 86.27951938901819, 0.0, 70.01750882070638, 75.82238455486974, 17.253807763856074, 13.697462382495296, 13.295874827079562, 74.21109793605096, 22.96821258519067], [50.512442641841496, 25.810487455501633, 22.463406866063465, 19.711866856788784, 47.4192291415566, 36.64855132648659, 74.12204410228024, 79.7225947439852, 28.80797022239585, 74.77574765641191, 30.33827923471119, 40.48356417249732, 60.70007837280076, 30.33931350852358, 25.871895731125512, 24.6949763869904, 84.26007224322267, 27.941441225056366, 17.780707894440233, 18.555101207223657, 49.03978033004215, 70.98699226549383, 79.69797139705591, 51.71680282961025, 65.80130636522371, 76.10074137394116, 44.24279540674756, 33.91605058526567, 4.955794157327919, 71.60773608535118, 89.69862499659119, 33.91694940537964, 12.877967951695524, 33.23231759726269, 33.96035729114999, 66.83306429775158, 61.570572982208084, 44.35483257264378, 66.96613069838943, 70.01750882070638, 0.0, 7.838742490277128, 86.6088376050725, 76.3029516251091, 83.05925586932769, 44.510987452295915, 48.787419599592845], [54.73740270654246, 33.590140621971294, 16.15009238383077, 25.72799271652222, 51.30244109073243, 31.429911024240127, 77.24483076104072, 82.70205081648872, 36.15552295933504, 77.56085525221229, 38.11534541999829, 32.66244458304888, 56.52609830554141, 25.785318172316977, 32.75465177687815, 21.655003917734856, 82.47696357203435, 25.078180619968755, 14.733957255957055, 13.957868660487224, 51.044680208313345, 67.74042061916604, 82.54656177996846, 57.84046044274906, 67.57221745793429, 77.85915700009443, 39.04192422562789, 26.195548528449606, 12.716651141333886, 75.99024577736816, 95.66767765682907, 29.791348529644385, 20.068104403411223, 39.779505213939956, 41.77201102172539, 64.45810043720421, 66.10731161055872, 36.56302945510808, 63.116459885349705, 75.82238455486974, 7.838742490277128, 0.0, 92.05568804471761, 81.17037229376157, 89.00560285102851, 40.954225961998915, 55.3400034792036], [39.1844809147541, 75.21902258807927, 108.20563002415453, 90.32694859714634, 43.30025645541585, 93.25880255566918, 32.3348862474773, 33.037466681103474, 61.6731469962353, 35.6890303549761, 73.98805722438144, 118.9658032862945, 94.43191129432198, 88.71563597232347, 62.033281541219715, 83.12433575862761, 82.78380592730224, 82.04279604872721, 104.27878337015446, 105.12104808679224, 51.792150808681896, 90.80926995051675, 34.499522502762375, 35.72147109384327, 47.012710602998546, 46.07448281966552, 95.63641863639883, 114.94402294587775, 84.30263664420636, 21.040465214953635, 9.465199643632724, 87.21773581211708, 84.7548388852902, 89.87131773774446, 71.57428062272363, 81.98111346348477