instance_id,num_cities,city_coordinates,distance_matrix,best_route,total_distance
2239,29,"[[32.43617350984498, 37.83612352208765], [5.5350755268356755, 49.18262153277008], [74.95871395224741, 2.1187712233437184], [36.60615781336291, 95.6137525215661], [55.64145463597987, 31.259379487410154], [49.47722953516932, 47.86934317828505], [24.14229605573062, 66.51699033554152], [27.26059349418556, 50.016843268265156], [35.05388392666482, 66.75413776825937], [13.693659244245826, 99.01126118020218], [59.31906164025177, 9.202306927933602], [3.4643060826420435, 61.50255844951307], [93.58047930754928, 82.05564346717398], [8.895385371909349, 21.97830504525511], [45.64200674758322, 68.03168626691449], [25.78896162399902, 72.91458939267473], [45.81833627439165, 48.64750561724708], [74.47688097751542, 93.43491763689772], [35.799810962246326, 67.38739900808525], [33.52447236484812, 15.495247542499602], [13.151828882231097, 55.16821904430653], [80.83281420094855, 55.32832169829399], [85.87610582283499, 67.98480030306953], [47.12495437887273, 76.2945331523668], [80.26763126282772, 23.470757860053293], [42.71640384034986, 9.900533009580458], [43.23062773776141, 11.13913973116717], [70.38652163579292, 95.66812536949858], [70.9017098207486, 28.68521450391294]]","[[0.0, 29.196097167222323, 55.532834439710875, 57.927913667703926, 24.119258575682178, 19.77531509553638, 29.85599645623884, 13.234672721054036, 29.036252440150015, 63.98186702875629, 39.275757497209625, 37.40948067527113, 75.45854541174953, 28.38378257032248, 32.95703325512973, 35.702719695973784, 17.203728173403384, 69.70399551964924, 29.742090373081044, 22.367367612956496, 25.928507147691715, 51.460779504584444, 61.35771408112488, 41.16806474330149, 49.94208727495607, 29.767101856423885, 28.79668705964722, 69.1720272983204, 39.53905182910126], [29.196097167222323, 0.0, 83.87280595145484, 55.86825645529741, 53.21552248024856, 43.96177429231527, 25.430473798209604, 21.741528392769794, 34.352848967151, 50.492136193546344, 67.01598852624527, 12.492755169438515, 93.98206583177824, 27.411065608760595, 44.315383032280565, 31.19977885403058, 40.28681478472367, 81.92214748947178, 35.31809923964119, 43.79777964367706, 9.68722402172257, 75.54812426499757, 82.51183597238023, 49.64648803889297, 79.03198605854172, 54.088202539010645, 53.55614963825835, 79.79105294064922, 68.50504049937344], [55.532834439710875, 83.87280595145484, 0.0, 101.0555792143177, 34.96185861037285, 52.3681284972268, 82.03315764162728, 67.59686383888133, 75.96134587911301, 114.63665006626086, 17.1690186824498, 92.94022025984468, 82.07724221167743, 68.98379858153184, 72.13862828516348, 86.19577956191513, 54.90068064702367, 91.31741760933218, 76.11447599690516, 43.539941371571764, 81.45142697440764, 53.532805974262835, 66.76468551552729, 79.22601737901216, 22.00208936316739, 33.168092767741484, 32.985428644339144, 93.66101965994898, 26.874433781992504], [57.927913667703926, 55.86825645529741, 101.0555792143177, 0.0, 67.11056439745109, 49.44889392905232, 31.65390054358923, 46.5447924680908, 28.901330729373072, 23.163023459067247, 89.34659439413912, 47.56002415014475, 58.56531081496705, 78.67697270700351, 29.024419801919233, 25.14485514277643, 47.861180305914914, 37.93334937005333, 28.23786868572588, 80.17775018846744, 46.75410916561079, 59.82401751673162, 56.48793479627351, 21.997211601060407, 84.32636564271809, 85.9307343481955, 84.73395900031517, 33.780407581649015, 75.20381698206374], [24.119258575682178, 53.21552248024856, 34.96185861037285, 67.11056439745109, 0.0, 17.716900544554772, 47.27891828269721, 34.01934341870662, 41.03322962096647, 79.6864794751335, 22.361557261780387, 60.30841321814783, 63.400552263618366, 47.65850747182608, 38.10763052144203, 51.24771069308381, 19.970993582015122, 64.96592052488593, 41.21801327286034, 27.16005818767893, 48.75449626086853, 34.84133430112005, 47.56985039369019, 45.83334858217936, 25.828495932028996, 24.965120887612656, 23.640064977623126, 66.0749842749313, 15.4758429064954], [19.77531509553638, 43.96177429231527, 52.3681284972268, 49.44889392905232, 17.716900544554772, 0.0, 31.45780664491915, 22.320185340045974, 23.762751634604303, 62.417623149878736, 39.899891623544846, 47.99014152177278, 55.801431593884935, 48.137635289834584, 20.523864466859624, 34.4731546942078, 3.7407267576201835, 51.973109854829474, 23.8333019574321, 36.09116968969303, 37.05142806295158, 32.23056081260151, 41.587375612604276, 28.522353049381593, 39.28536373869566, 38.566038294111266, 37.25758821075312, 52.172043041386374, 28.758288344441524], [29.85599645623884, 25.430473798209604, 82.03315764162728, 31.65390054358923, 47.27891828269721, 31.45780664491915, 0.0, 16.792219393410257, 10.914164593314643, 34.13285292712109, 67.248626536924, 21.27730707741867, 71.15554113671219, 47.07613804028107, 21.553001266595768, 6.606116952457955, 28.09215555379062, 57.080165114069736, 11.689964287921297, 51.877196049272854, 15.79825871773627, 57.784090833441425, 61.75125694641207, 24.97604706780368, 70.73210998155498, 59.58540693942623, 58.5753424570751, 54.66550167397796, 60.14720307896909], [13.234672721054036, 21.741528392769794, 67.59686383888133, 46.5447924680908, 34.01934341870662, 22.320185340045974, 16.792219393410257, 0.0, 18.46273010539095, 50.83812242276187, 51.899631564670926, 26.423189584104588, 73.65332288826623, 33.51776387317202, 25.737344879730077, 22.94498807886512, 18.608194504002444, 64.14442287205148, 19.355992397111315, 35.08527825113443, 15.019783995168654, 53.83488306448512, 61.307632196608516, 32.941005130416215, 59.2827184220354, 42.990701578686185, 42.029963431574224, 62.80036015471151, 48.57556402110783], [29.036252440150015, 34.352848967151, 75.96134587911301, 28.901330729373072, 41.03322962096647, 23.762751634604303, 10.914164593314643, 18.46273010539095, 0.0, 38.68825673633707, 62.45808260381861, 32.02312467116003, 60.49378847064948, 51.85694015922654, 10.664917957362306, 11.126093181849411, 21.064746905637243, 47.60290653804779, 0.9784819570524714, 51.28170167712757, 24.777682051544804, 47.18325688125408, 50.83711998862784, 15.386028920656079, 62.591803971897754, 57.367644064260624, 56.21287349013637, 45.65538266720712, 52.290625735778306], [63.98186702875629, 50.492136193546344, 114.63665006626086, 23.163023459067247, 79.6864794751335, 62.417623149878736, 34.13285292712109, 50.83812242276187, 38.68825673633707, 0.0, 100.7339347374237, 38.87856024397018, 81.66637614010419, 77.18225031082358, 44.50203332435506, 28.763390239045094, 59.73694626189281, 61.03847681248911, 38.58433104850082, 85.83813653008305, 43.84639008939188, 80.09909693673328, 78.56810337936841, 40.41907008664562, 100.68992696487743, 93.71788291990555, 92.70351792537805, 56.791347960721126, 90.65601961193373], [39.275757497209625, 67.01598852624527, 17.1690186824498, 89.34659439413912, 22.361557261780387, 39.899891623544846, 67.248626536924, 51.899631564670926, 62.45808260381861, 100.7339347374237, 0.0, 76.5184293332058, 80.50747409696086, 52.01704774694928, 60.39832534058191, 71.99668425675499, 41.69164526669338, 85.58558403089285, 62.75874515022257, 26.551119326032623, 65.14812704309601, 50.896471270986865, 64.50316366747896, 68.1913709471553, 25.346227751565305, 16.61733329032476, 16.20459893803246, 87.17124772264408, 22.66586478578127], [37.40948067527113, 12.492755169438515, 92.94022025984468, 47.56002415014475, 60.30841321814783, 47.99014152177278, 21.27730707741867, 26.423189584104588, 32.02312467116003, 38.87856024397018, 76.5184293332058, 0.0, 92.43026550023907, 39.895654267229474, 42.68006494181263, 25.072389102116293, 44.261905255015705, 77.8618093578113, 32.866643032392716, 54.957131055109485, 11.57462542343855, 77.61447833949903, 82.66634258188556, 46.098315861395804, 85.70395915481255, 64.83437520238861, 64.1703536142497, 75.13899718193208, 74.99854322972017], [75.45854541174953, 93.98206583177824, 82.07724221167743, 58.56531081496705, 63.400552263618366, 55.801431593884935, 71.15554113671219, 73.65332288826623, 60.49378847064948, 81.66637614010419, 80.50747409696086, 92.43026550023907, 0.0, 103.83088041016472, 49.94765787239007, 68.40503445969476, 58.28658492071333, 22.235902270540194, 59.6134467208656, 89.64937409458685, 84.80389968234624, 29.611698610638534, 16.04200729774156, 46.811389516422885, 60.07845491239986, 88.2808820656006, 86.97274317416196, 26.89348129231953, 57.98904442356275], [28.38378257032248, 27.411065608760595, 68.98379858153184, 78.67697270700351, 47.65850747182608, 48.137635289834584, 47.07613804028107, 33.51776387317202, 51.85694015922654, 77.18225031082358, 52.01704774694928, 39.895654267229474, 103.83088041016472, 0.0, 58.917129126211, 53.66468095224598, 45.54723441106227, 96.98958732224932, 52.780999714585896, 25.46805765443805, 33.461734901540744, 79.29197486058125, 89.68070543350372, 66.4210251519951, 71.38784839815607, 35.91286493150218, 36.005504760077024, 95.97577537296993, 62.367995848362426], [32.95703325512973, 44.315383032280565, 72.13862828516348, 29.024419801919233, 38.10763052144203, 20.523864466859624, 21.553001266595768, 25.737344879730077, 10.664917957362306, 44.50203332435506, 60.39832534058191, 42.68006494181263, 49.94765787239007, 58.917129126211, 0.0, 20.44470942847145, 19.384982629885567, 38.42881908012408, 9.86326132416621, 53.915786494875206, 34.94396151997261, 37.413478862344725, 40.23412639402999, 8.394865831541088, 56.43235077109681, 58.20472602287953, 56.94362650948027, 37.09533371360434, 46.7567903040955], [35.702719695973784, 31.19977885403058, 86.19577956191513, 25.14485514277643, 51.24771069308381, 34.4731546942078, 6.606116952457955, 22.94498807886512, 11.126093181849411, 28.763390239045094, 71.99668425675499, 25.072389102116293, 68.40503445969476, 53.66468095224598, 20.44470942847145, 0.0, 31.46533336625269, 52.835569100987016, 11.435337249971465, 57.93806128037997, 21.786022685990776, 57.78496792359907, 60.28903481098116, 21.602050982596648, 73.5704962756327, 65.24806205428389, 64.19048136371484, 50.066613211342506, 63.17750907493872], [17.203728173403384, 40.28681478472367, 54.90068064702367, 47.861180305914914, 19.970993582015122, 3.7407267576201835, 28.09215555379062, 18.608194504002444, 21.064746905637243, 59.73694626189281, 41.69164526669338, 44.261905255015705, 58.28658492071333, 45.54723441106227, 19.384982629885567, 31.46533336625269, 0.0, 53.17165090458346, 21.24981067515842, 35.35832724099143, 33.310965293727435, 35.646135386295605, 44.48096072436534, 27.67788616203603, 42.668753823256296, 38.870938644244596, 37.59752314866755, 53.05218575928796, 32.05727210727043], [69.70399551964924, 81.92214748947178, 91.31741760933218, 37.93334937005333, 64.96592052488593, 51.973109854829474, 57.080165114069736, 64.14442287205148, 47.60290653804779, 61.03847681248911, 85.58558403089285, 77.8618093578113, 22.235902270540194, 96.98958732224932, 38.42881908012408, 52.835569100987016, 53.17165090458346, 0.0, 46.630343894125, 88.04369338914903, 72.28486864943144, 38.633023971322146, 27.8863909350022, 32.278795964767426, 70.20339338056715, 89.36845821118878, 88.0279694337667, 4.660285004306585, 64.84833000632968], [29.742090373081044, 35.31809923964119, 76.11447599690516, 28.23786868572588, 41.21801327286034, 23.8333019574321, 11.689964287921297, 19.355992397111315, 0.9784819570524714, 38.58433104850082, 62.75874515022257, 32.866643032392716, 59.6134467208656, 52.780999714585896, 9.86326132416621, 11.435337249971465, 21.24981067515842, 46.630343894125, 0.0, 51.94201141138157, 25.734013509048726, 46.619660297566384, 50.07985817943045, 14.408189062869159, 62.49846727728459, 57.90145956166804, 56.73696951401862, 44.677063900224695, 52.24942477068545], [22.367367612956496, 43.79777964367706, 43.539941371571764, 80.17775018846744, 27.16005818767893, 36.09116968969303, 51.877196049272854, 35.08527825113443, 51.28170167712757, 85.83813653008305, 26.551119326032623, 54.957131055109485, 89.64937409458685, 25.46805765443805, 53.915786494875206, 57.93806128037997, 35.35832724099143, 88.04369338914903, 51.94201141138157, 0.0, 44.598085948311756, 61.84458750757697, 74.13397786928788, 62.30189597182426, 47.41868480448583, 10.760689334572216, 10.63884990904021, 88.2411526189253, 39.636260018800265], [25.928507147691715, 9.68722402172257, 81.45142697440764, 46.75410916561079, 48.75449626086853, 37.05142806295158, 15.79825871773627, 15.019783995168654, 24.777682051544804, 43.84639008939188, 65.14812704309601, 11.57462542343855, 84.80389968234624, 33.461734901540744, 34.94396151997261, 21.786022685990776, 33.310965293727435, 72.28486864943144, 25.734013509048726, 44.598085948311756, 0.0, 67.68117468374983, 73.84500803504679, 40.006179570198746, 74.22438935227787, 54.06687980078707, 53.322546504777584, 70.11456672435445, 63.532655208951034], [51.460779504584444, 75.54812426499757, 53.532805974262835, 59.82401751673162, 34.84133430112005, 32.23056081260151, 57.784090833441425, 53.83488306448512, 47.18325688125408, 80.09909693673328, 50.896471270986865, 77.61447833949903, 29.611698610638534, 79.29197486058125, 37.413478862344725, 57.78496792359907, 35.646135386295605, 38.633023971322146, 46.619660297566384, 61.84458750757697, 67.68117468374983, 0.0, 13.624288644055184, 39.69637057114424, 31.86257688042705, 59.30046141408989, 58.022480382487444, 41.670430626382505, 28.4338178087591], [61.35771408112488, 82.51183597238023, 66.76468551552729, 56.48793479627351, 47.56985039369019, 41.587375612604276, 61.75125694641207, 61.307632196608516, 50.83711998862784, 78.56810337936841, 64.50316366747896, 82.66634258188556, 16.04200729774156, 89.68070543350372, 40.23412639402999, 60.28903481098116, 44.48096072436534, 27.8863909350022, 50.07985817943045, 74.13397786928788, 73.84500803504679, 13.624288644055184, 0.0, 39.63210060367212, 44.86596662849135, 72.36395499306555, 71.06381587672045, 31.722132731281523, 42.055796028758884], [41.16806474330149, 49.64648803889297, 79.22601737901216, 21.997211601060407, 45.83334858217936, 28.522353049381593, 24.97604706780368, 32.941005130416215, 15.386028920656079, 40.41907008664562, 68.1913709471553, 46.098315861395804, 46.811389516422885, 66.4210251519951, 8.394865831541088, 21.602050982596648, 27.67788616203603, 32.278795964767426, 14.408189062869159, 62.30189597182426, 40.006179570198746, 39.69637057114424, 39.63210060367212, 0.0, 62.36014967242362, 66.54020268086822, 65.27167128133745, 30.272703655998924, 53.216363287176904], [49.94208727495607, 79.03198605854172, 22.00208936316739, 84.32636564271809, 25.828495932028996, 39.28536373869566, 70.73210998155498, 59.2827184220354, 62.591803971897754, 100.68992696487743, 25.346227751565305, 85.70395915481255, 60.07845491239986, 71.38784839815607, 56.43235077109681, 73.5704962756327, 42.668753823256296, 70.20339338056715, 62.49846727728459, 47.41868480448583, 74.22438935227787, 31.86257688042705, 44.86596662849135, 62.36014967242362, 0.0, 39.928006254094925, 39.03598898186707, 72.87040690675046, 10.719656829856522], [29.767101856423885, 54.088202539010645, 33.168092767741484, 85.9307343481955, 24.965120887612656, 38.566038294111266, 59.58540693942623, 42.990701578686185, 57.367644064260624, 93.71788291990555, 16.61733329032476, 64.83437520238861, 88.2808820656006, 35.91286493150218, 58.20472602287953, 65.24806205428389, 38.870938644244596, 89.36845821118878, 57.90145956166804, 10.760689334572216, 54.06687980078707, 59.30046141408989, 72.36395499306555, 66.54020268086822, 39.928006254094925, 0.0, 1.3411088052163784, 90.12055990744166, 33.87145895960518], [28.79668705964722, 53.55614963825835, 32.985428644339144, 84.73395900031517, 23.640064977623126, 37.25758821075312, 58.5753424570751, 42.029963431574224, 56.21287349013637, 92.70351792537805, 16.20459893803246, 64.1703536142497, 86.97274317416196, 36.005504760077024, 56.94362650948027, 64.19048136371484, 37.59752314866755, 88.0279694337667, 56.73696951401862, 10.63884990904021, 53.322546504777584, 58.022480382487444, 71.06381587672045, 65.27167128133745, 39.03598898186707, 1.3411088052163784, 0.0, 88.7839624394315, 32.765126637542544], [69.1720272983204, 79.79105294064922, 93.66101965994898, 33.780407581649015, 66.0749842749313, 52.172043041386374, 54.66550167397796, 62.80036015471151, 45.65538266720712, 56.791347960721126, 87.17124772264408, 75.13899718193208, 26.89348129231953, 95.97577537296993, 37.09533371360434, 50.066613211342506, 53.05218575928796, 4.660285004306585, 44.677063900224695, 88.2411526189253, 70.11456672435445, 41.670430626382505, 31.722132731281523, 30.272703655998924, 72.87040690675046, 90.12055990744166, 88.7839624394315, 0.0, 66.98489207943018], [39.53905182910126, 68.50504049937344, 26.874433781992504, 75.20381698206374, 15.4758429064954, 28.758288344441524, 60.14720307896909, 48.57556402110783, 52.290625735778306, 90.65601961193373, 22.66586478578127, 74.99854322972017, 57.98904442356275, 62.367995848362426, 46.7567903040955, 63.17750907493872, 32.05727210727043, 64.84833000632968, 52.24942477068545, 39.636260018800265, 63.532655208951034, 28.4338178087591, 42.055796028758884, 53.216363287176904, 10.719656829856522, 33.87145895960518, 32.765126637542544, 66.98489207943018, 0.0]]",Route_4,1462.1209757571798
