instance_id,num_cities,city_coordinates,distance_matrix,best_route,total_distance
2114,96,"[[50.08996080217963, 44.02824250119394], [35.16897851317407, 58.77810363269145], [87.55586095419022, 40.90687156886644], [19.68399677162055, 57.33698655590411], [31.309406172511522, 59.38014480860403], [84.56743232753541, 37.36432180091327], [2.995682387906695, 68.73581210114486], [56.48780312273154, 45.22013570557498], [4.885362182184982, 63.129485997951264], [49.19860356421003, 73.84710035122646], [15.60645154101593, 31.167797073801605], [62.46786590575763, 12.561533483612807], [13.504596961878445, 50.464916717018696], [78.05220626579603, 20.10708260499924], [25.235747242162077, 13.890738783347235], [23.67960740457713, 83.07227271682426], [85.45794761505418, 64.40478913478952], [76.49426978225713, 21.40900256925413], [60.19078723314, 46.783307823612084], [46.45557404178581, 96.78419307819286], [64.5603315799963, 6.07919106180902], [38.13246014993007, 3.860527805313385], [72.40343395454637, 9.452364655365598], [66.54661153454386, 22.874439896239917], [79.47024637159582, 63.09823931730993], [88.17272054526354, 85.27313184416332], [21.002352486526522, 52.753220861073515], [5.302600744396968, 27.868856003971064], [1.6491630893620046, 96.66432374497668], [96.7349016616927, 21.456094012303375], [91.07869545839205, 64.75715440309254], [89.01068345640454, 46.455206136394125], [34.04614780734032, 80.62235120794269], [66.25609244856258, 60.64903190410932], [26.90272267709265, 81.50435430545366], [83.2646784506143, 67.25906113122116], [37.29151463906029, 8.047634597764642], [69.58908754525443, 66.24402682926684], [17.52220677550116, 81.88117219497484], [80.35350057699185, 48.00130416750811], [72.84815066975467, 76.3455181398617], [35.05790035807763, 90.7156465096917], [59.5793162049432, 33.19770649809408], [69.03554769001171, 30.155960530063986], [36.20553471229749, 40.25041576983385], [79.8506142207264, 97.71148678046511], [30.15471715205782, 63.025913654763436], [96.5429868988769, 50.24087022385504], [48.49334696840722, 98.12326948977834], [71.9883855674582, 37.214928775831204], [29.123718573004687, 85.28277768855834], [79.08469864947631, 92.782411583169], [87.82397320140785, 71.9270584609503], [79.15337596800698, 85.19775184161877], [70.73016652840566, 26.49445120932864], [1.9052877661914325, 20.61681840989259], [33.66354881477933, 5.664010635930783], [12.275161812615298, 11.239856607369259], [78.36589197118053, 61.09578598920273], [77.13916576101501, 2.3204104180709617], [40.95934616086041, 99.3704383614806], [14.817617723338184, 5.56983009106794], [51.8883468067756, 2.9517760491227896], [92.2320370876303, 12.620101502072034], [39.15353883813929, 85.22325918498693], [65.87672492691911, 81.39670222546404], [27.874713387491422, 20.143487618080602], [48.567010076206174, 19.694250239665035], [97.20639385557219, 40.12822633873503], [62.5545116754048, 27.150357316379857], [62.586677807908686, 72.30037673700024], [61.87178483137619, 74.8504136727199], [36.8628678690218, 6.868793856570054], [4.255244801815882, 63.45006762778054], [49.395447354892006, 15.519663849237075], [32.383607959411385, 68.52688044136215], [54.22968049910444, 28.496766963159782], [71.01205952277128, 62.4505507695594], [74.94102294129493, 60.99842787356564], [24.345706121499667, 55.120857577273654], [14.007150377246024, 36.59255994796631], [43.25432944983131, 89.22233734742979], [39.78491889668862, 86.27190111839208], [71.63805367459214, 39.54598469041988], [32.31009951915256, 25.267904954213183], [73.92429123679803, 92.54713735776114], [44.605253970241655, 54.824429935247096], [87.70003806278949, 71.04360132628081], [71.28763213025739, 2.705718554200709], [77.80588858511518, 88.49217421246871], [43.6676061434321, 74.68459742945049], [79.94521600008028, 88.51552517331119], [39.15141265646046, 61.411696646472066], [37.34447501297209, 35.55443551568555], [1.9273699674904665, 25.740031376262706], [86.20917940261921, 22.046054873871967]]","[[0.0, 20.980803508618987, 37.59569963037802, 33.19104272151504, 24.256754454258953, 35.11557890568441, 53.18209336701097, 6.5079179288997455, 49.0745681541594, 29.83217727900743, 36.80357954813226, 33.81370005116719, 37.14726937862164, 36.79822091007729, 39.06406356269383, 47.13749104550758, 40.817865499150784, 34.76805355227786, 10.469817549469454, 52.880989858425295, 40.614309493041645, 41.90974976945349, 41.15072797571185, 26.801207397734593, 35.026646409656735, 56.137665489074635, 30.36797992796391, 47.61337409711787, 71.53368389616332, 51.819421023319016, 45.932169090454046, 38.99631783147839, 39.95663558728036, 23.186083170390134, 44.06934272070395, 40.49978796579783, 38.189060858976134, 29.559381202148746, 49.93498662004979, 30.523221630522166, 39.52646595326002, 49.04769652336212, 14.39959638581583, 23.481385598191004, 14.389206463790096, 61.38067455027486, 27.537709575215015, 46.86662327030629, 54.1185838749488, 22.933866902918524, 46.27655979800061, 56.72445527025597, 46.92759980759154, 50.394549312723996, 27.082317653547026, 53.571050891016256, 41.73297613867816, 50.05034737285564, 33.027705403027134, 49.711193367078465, 56.09034468040469, 52.18417069743302, 41.115815550827314, 52.558785323383056, 42.62199813422087, 40.566287773156645, 32.618993447410624, 24.381602865642193, 47.277567510842424, 20.98161187285154, 30.910863950538946, 32.997236447645115, 39.443384883080626, 49.779799940153545, 28.517037112632753, 30.227441041478464, 16.073705595091027, 27.876794234790868, 30.09256521160714, 28.032351993541024, 36.84099052949135, 45.70811815154688, 43.48241692960851, 22.009337598400364, 25.847122317974605, 54.056992751809645, 12.109486865409057, 46.307100146707974, 46.44235410789422, 52.39478863488053, 31.321857174343542, 53.576623470321806, 20.538654132079923, 15.305319755906513, 51.517898074938415, 42.282555802471634], [20.980803508618987, 0.0, 55.35129978029363, 15.551896281973267, 3.906245285475755, 53.84010857705048, 33.67902821500129, 25.264813022181507, 30.594639180275404, 20.58895434877339, 33.838166170942095, 53.676816310374306, 23.20462248550988, 57.744429080279765, 45.973303194370885, 26.874007887910885, 50.60276675310722, 55.71561193026552, 27.748261893676712, 39.64656446107193, 60.34092327145907, 54.99747592542051, 61.80156306821715, 47.68258511997793, 44.51141321276091, 59.2569252436454, 15.394560902819743, 42.98118320847926, 50.586003009162084, 71.9951060505757, 56.22851142444932, 55.2338935247022, 21.873086223092358, 31.143362461825113, 24.182916598061016, 48.83772100092464, 50.77485251686468, 35.220504183748744, 29.07164133232072, 46.451915362538195, 41.57323738743442, 31.937736040251334, 35.3584686290275, 44.34153339248446, 18.556660968434542, 59.26429694878495, 6.571659378056548, 61.96493572662909, 41.54011159171925, 42.66894943324241, 27.185343745333814, 55.54172696523698, 54.271940067529556, 51.30911255272487, 48.029494134824596, 50.62367837254326, 53.1354231510896, 52.76373539998223, 43.25904510971299, 70.34890006769852, 41.003243728142216, 56.9675193358312, 58.276205501087716, 73.39450806812516, 26.743652951090873, 38.1387819956517, 39.31717001921902, 41.31652025293983, 64.7800804680331, 41.83636891065715, 30.57093561741289, 31.166633043853395, 51.93693967286853, 31.26477537978119, 45.537731917642965, 10.138882501885698, 35.780856762939216, 36.03072750075466, 39.83397240706773, 11.424476967207308, 30.659767100247244, 31.499591525074017, 27.878590455919376, 41.22945357555496, 33.63192835050562, 51.40352033694564, 10.231071801503466, 53.94399550530798, 66.6983471122141, 51.969530408719095, 18.03450072788596, 53.75151796338723, 4.7744731508143685, 23.325341280021387, 46.86703273224658, 62.88358699100433], [37.59569963037802, 55.35129978029363, 0.0, 69.83221767998253, 59.202411265905646, 4.634691415297792, 89.02175986976917, 31.366039994425133, 85.60523324701528, 50.56023997881546, 72.60555823712808, 37.85321236985718, 74.66556050759391, 22.86811477532962, 67.92398695427796, 76.53820497962218, 23.591383391260493, 22.417084885886275, 27.988922144566455, 69.36503905670777, 41.734418657758766, 61.76652923150118, 34.91392342821139, 27.686768558371984, 23.618508964897025, 44.37054841412809, 67.59959675107804, 83.28018170615631, 102.4151073387618, 21.507848238837962, 24.109051292337803, 5.735897923269879, 66.63789255386189, 29.04191855053251, 72.98601775277382, 26.699291039450337, 60.05192723643713, 31.060849689241888, 81.13942339836363, 10.109647318265196, 38.36944634204154, 72.36677364548437, 29.019274322336834, 21.414576614249253, 51.35452209265413, 57.324821295502886, 61.515391022009815, 12.957313133400358, 69.27911799332915, 15.999272842962343, 73.37258552892114, 52.562650642526684, 31.021345538143887, 45.080858790381484, 22.154499622647705, 88.02105966543871, 64.39286105206024, 80.91548331419654, 22.182150377732604, 39.96776855028772, 74.76111176941833, 80.86753692746085, 52.08417073707603, 28.67068161105785, 65.6256580734105, 45.928328137314935, 63.189852729420316, 44.38587383888897, 9.681894116084012, 28.53610257443527, 40.112495231962235, 42.565664764438694, 61.06038226445411, 86.29709346157523, 45.83369374018543, 61.699614185476264, 35.56184753425394, 27.162979941541572, 23.723506756727303, 64.78858751523997, 73.67513903816767, 65.55158218556765, 65.87904682894637, 15.975875615638527, 57.41664770178885, 53.40914475731485, 45.14923112491755, 30.13707463424525, 41.52087861206388, 48.57389204995774, 55.38152828016578, 48.213129069222724, 52.56841700556332, 50.495859729698125, 86.96132192007721, 18.908832793261567], [33.19104272151504, 15.551896281973267, 69.83221767998253, 0.0, 11.803585869721962, 67.88790427575307, 20.20972688535161, 38.747106168837945, 15.891904715853142, 33.81857288023346, 26.484955224765077, 61.92980426188935, 9.2417707112414, 69.23087192683305, 43.7995248695869, 26.04361453628593, 66.15259966810467, 67.21775920757878, 41.85905168870738, 47.67388647828629, 68.12669832560442, 56.56922698362121, 71.21991344730766, 58.170196704908, 60.063197339230534, 73.96711091903683, 4.769588004862795, 32.790170324620334, 43.26539814135238, 84.9957669187376, 71.77925808654852, 70.17551304970016, 27.358355019102188, 46.68971771311978, 25.22244372855853, 64.3502186992685, 52.339897801825686, 50.693722013242855, 24.639204221575167, 61.38357807791079, 56.46017652011728, 36.74903878737865, 46.62983330869023, 56.34166978239067, 23.767879946529042, 72.45772645929573, 11.916370119354317, 77.18587455214629, 49.93495303215106, 56.04146943657651, 29.497043745390194, 69.17240446121092, 69.68447880300454, 65.67213491511664, 59.64036748246342, 40.79771124182195, 53.53059233516409, 46.68871624859574, 58.80215470024808, 79.5482249552425, 47.111055627378484, 51.995385694274745, 63.204994130635825, 85.22216825809471, 34.01039943051943, 52.08299196983003, 38.08469773963529, 47.44685505833632, 79.40946718026694, 52.431990549282865, 45.43724337823765, 45.67854628543775, 53.31183814612138, 16.59566652885883, 51.29774628690535, 16.92612919390826, 45.001805856621566, 51.58215354900611, 55.378200527272085, 5.161662688773459, 21.507157419739155, 39.65143348808687, 35.231752028767026, 54.91578804000607, 34.46511954668294, 64.66656217210465, 25.04759471749397, 69.38337813471973, 75.14992099597376, 65.94543218370268, 29.59988380922519, 67.84921379955429, 19.889282127706206, 28.042325537176445, 36.244521959675765, 75.30637279190644], [24.256754454258953, 3.906245285475755, 59.202411265905646, 11.803585869721962, 0.0, 57.629105603290206, 29.819380695105245, 28.886978567872312, 26.68871784400382, 23.00687258171711, 32.28806821208448, 56.23906097499242, 19.912120001447278, 61.05131264280048, 45.89308655269204, 24.890374727163934, 54.38116945192911, 59.02100933051091, 31.508958630771826, 40.35429627781865, 62.82209572094915, 55.937303633361225, 64.66453703832389, 50.73782743550068, 48.304148429067695, 62.48106352390353, 12.253631163542112, 40.85725456641446, 47.642838063144104, 75.62227905058971, 60.01066716775022, 59.13113765075973, 21.417775035888052, 34.96971484210123, 22.558801060545935, 52.549287720297386, 51.679901569676815, 38.89019005343505, 26.389071614119583, 50.34680933575666, 44.869713467730065, 31.558911190313438, 38.53190741613293, 47.721218556785814, 19.746356822838834, 61.85095517567889, 3.824256426232793, 65.87067932182472, 42.382986342845946, 46.32576136874585, 25.994684464257844, 58.29399623407829, 57.89059792974201, 54.365377573447, 51.33678204311463, 48.65385547668274, 53.767695301517044, 51.766686261051944, 47.0877508528588, 73.1859286520176, 41.13812003755125, 56.28080539804462, 60.063746124301666, 76.79888415627231, 27.00735044292159, 40.98326885887352, 39.386703111762515, 43.275802941525626, 68.65165220496833, 44.88892758443736, 33.840805457878346, 34.25475453153707, 52.80419411014893, 27.358580358375576, 47.44308880793655, 9.209597288402245, 38.459355199362754, 39.821201335669954, 43.661617262033744, 8.16300472371764, 28.611921979929345, 32.1440141803323, 28.195759847230814, 44.94211518098408, 34.12691452589148, 54.00072058591619, 14.054682730952372, 57.58419560022152, 69.35595967178585, 54.8583004909653, 19.671079699523247, 56.6949061784178, 8.100880727688944, 24.57817078669119, 44.66498945811987, 66.39141037793904], [35.11557890568441, 53.84010857705048, 4.634691415297792, 67.88790427575307, 57.629105603290206, 0.0, 87.39634312641944, 29.157835797328147, 83.7441101734855, 50.81286430462885, 69.2388170734626, 33.2200112032399, 72.26030831211803, 18.446150690606416, 63.806409981697584, 76.13503793116642, 27.055126891436558, 17.881503439773624, 26.133084849552446, 70.59203102759926, 37.13547476046355, 57.260028407559986, 30.447334991965544, 23.123725038680448, 26.233867717325538, 48.04427315396816, 65.40135770362598, 79.8315563959779, 101.94081422090045, 20.027955995856342, 28.156061967723197, 10.118629284408435, 66.51058034440781, 29.62233773275062, 72.61928950748381, 29.92311159105768, 55.628055348490605, 32.532878368530426, 80.47864461042076, 11.441268053213717, 40.70473228741398, 72.78432251533481, 25.333113319089705, 17.123081282421825, 48.44793782344296, 60.53122082134119, 60.16029312795308, 17.58463552592269, 70.66108800999253, 12.579933849911626, 73.28153798570638, 55.68864375883722, 34.715815184066614, 48.13885162447498, 17.596136265486304, 84.34162088383634, 59.96761696646744, 76.8678089830267, 24.528381424618374, 35.82254693892925, 75.80516915120508, 76.65459112412843, 47.456779658887584, 25.904104005467083, 65.9765080115559, 47.835061084813255, 59.250497979067156, 40.10313991763781, 12.937639537465303, 24.267133043033915, 41.27567690237651, 43.82122201732222, 56.61892523512521, 84.44236851551634, 41.40359414279856, 60.78039640132854, 31.607162397216744, 28.514330006918968, 25.519379450231202, 62.78495735454392, 70.56450244465697, 66.3025357419044, 66.3130818457373, 13.112150293320905, 53.63909146112764, 56.19981837211251, 43.609988249514444, 33.82465207567386, 37.11565535313447, 51.57301393169162, 55.36784946952385, 51.35961925698248, 51.389600890902834, 47.25762780650892, 83.45360408483711, 15.40599348002697], [53.18209336701097, 33.67902821500129, 89.02175986976917, 20.20972688535161, 29.819380695105245, 87.39634312641944, 0.0, 58.432816268345654, 5.916230396143605, 46.48478452998488, 39.628111886988755, 81.80764139480527, 21.07754501028805, 89.43285251540104, 59.18278932220146, 25.16662188455518, 82.5759223159361, 87.41778565848504, 61.26330436984545, 51.72498291928707, 87.84109624891985, 73.77937153407298, 91.27958763377956, 78.3708240094343, 76.68207850200983, 86.7675675211807, 24.076615019303162, 40.932016477958214, 27.96095271733428, 104.98768009923478, 88.17282409367165, 88.85384522332261, 33.24787534115342, 63.77519498204218, 27.103177773316098, 80.28257919587622, 69.7083854244312, 66.64000753520227, 19.591334890196595, 80.08840024763636, 70.26574521815208, 38.87285610543547, 66.81814548305023, 76.48312726586698, 43.75285242769563, 82.13568207636169, 27.752767602319565, 95.35806759950894, 54.16327292592722, 75.852219332263, 30.926951757986693, 79.79835425810666, 84.88829704776093, 77.91655633727304, 79.82664286923361, 48.13134648324147, 70.13251864323627, 58.23996597299671, 75.75644191498027, 99.54025169459058, 48.7823748209979, 64.26273755740945, 81.96360188077308, 105.41394583324247, 39.73948281518167, 64.14299376808953, 54.59102657164183, 66.94640167393408, 98.45837759376981, 72.64023813116995, 59.69751130650162, 59.192768065981014, 70.53023606147086, 5.433745679752979, 70.60380034927657, 29.38866825554977, 65.14678285283944, 68.30616420615678, 72.36020413202414, 25.321739673886235, 33.97706706387504, 45.171411090680806, 40.75490572826677, 74.59102600264384, 52.42894242190047, 74.81875943715853, 43.8734885897066, 84.7357879611956, 94.99349268992033, 77.37493647908606, 41.10466431997148, 79.45104009607589, 36.890100276982054, 47.75817528869601, 43.009050809913994, 95.41708188453077], [6.5079179288997455, 25.264813022181507, 31.366039994425133, 38.747106168837945, 28.886978567872312, 29.157835797328147, 58.432816268345654, 0.0, 54.62194374898823, 29.54040512632367, 43.22907734580825, 33.20158806414667, 43.302006185907835, 33.10119210767109, 44.25180344655718, 50.091536037529465, 34.74651348128507, 31.100301757930037, 4.019402740774569, 52.53092073302353, 39.96472523738529, 45.24970476492143, 39.14895593339382, 24.505300403563325, 29.117336527216867, 51.07030929757959, 36.27622608285674, 54.04620106718287, 75.19162801630777, 46.73926206525303, 39.72687921501521, 32.54632305142161, 41.915924846899316, 18.261169575311765, 46.81689336530892, 34.68018578730757, 41.836495194488876, 24.771912552338186, 53.500927984217256, 24.027201522273426, 35.163196719581535, 50.28998146579517, 12.4135513527103, 19.60549074734399, 20.88225390403521, 57.45574714567691, 31.78800316337437, 40.36862051697862, 53.50376522631592, 17.445669781174523, 48.51606338009403, 52.65728604953904, 41.17299209750626, 45.955826445896456, 23.526499425801664, 59.87131370363407, 45.668737832782384, 55.762146831062324, 27.031223494112837, 47.61160791825038, 56.33283459353756, 57.52000596786847, 42.51786949565538, 48.37780991122877, 43.59732338569846, 37.3750694690071, 38.04664483894656, 26.72657462722519, 41.03573043420439, 19.061003218553374, 27.7585252984661, 30.115455026436067, 43.08089489938128, 55.32242372344242, 30.53554549744816, 33.52933901302812, 16.87513495881222, 22.535332863112462, 24.279123242215647, 33.63240540338041, 43.34790561417936, 45.94908676765832, 44.31967717591769, 16.17795047362113, 31.347294356899507, 50.4368536205225, 15.278659692900133, 40.50993688735086, 45.016781363987704, 48.238263695157876, 32.1327240561046, 49.24165886788715, 23.72165846018779, 21.44511066137769, 57.93371497468828, 37.68817096072685], [49.0745681541594, 30.594639180275404, 85.60523324701528, 15.891904715853142, 26.68871784400382, 83.7441101734855, 5.916230396143605, 54.62194374898823, 0.0, 45.590905005353285, 33.711886863896375, 76.63460417179465, 15.319351267564116, 84.87823199655692, 53.2784421633461, 27.403255200684956, 80.58267755186493, 82.87601815483092, 57.67050876292011, 53.48571606241203, 82.55808939728762, 67.95718452465123, 86.2549904149575, 73.63815864308859, 74.58489073467145, 86.18076998067689, 19.168313818931072, 35.263098496731295, 33.690626697758375, 100.86133799522545, 86.20870029005425, 85.76188715503051, 34.005172423194594, 61.42083674080102, 28.677516428044758, 78.48802844694082, 63.90750402519634, 64.778641854005, 22.612288174956305, 76.9694861505043, 69.2358586614057, 40.88249395224325, 62.348536716362965, 72.1283556063078, 38.78666087483096, 82.55727582305406, 25.26956722668021, 92.5593678958441, 55.912621295985204, 71.93316358581109, 32.83696473880482, 79.90517835502759, 83.4038996632632, 77.47739172841217, 75.35027560238696, 42.616988971273344, 64.2686928795305, 52.41319277500522, 73.5086674739588, 94.43704677978737, 51.13451816835017, 58.41030464099273, 76.3586101124479, 100.89915529473038, 40.77306396340442, 63.66818293435465, 48.74737249898878, 61.601185606408194, 95.1432122389677, 67.97226275442365, 58.42556856280442, 58.17931343621553, 64.71341708006891, 0.7069798401844376, 65.1754773447332, 28.02294394960159, 60.28504771420755, 66.13018262652731, 70.08806612487612, 21.043837944084885, 28.06092414832279, 46.400587719679784, 41.87541565734797, 70.7962100355861, 46.750567238625145, 75.04513266385247, 40.578858533226274, 83.1919693398328, 89.77913525064234, 77.20536978958953, 40.46706125806583, 79.23656125916067, 34.309080654567964, 42.59081373795611, 37.506279938824925, 91.11208240529663], [29.83217727900743, 20.58895434877339, 50.56023997881546, 33.81857288023346, 23.00687258171711, 50.81286430462885, 46.48478452998488, 29.54040512632367, 45.590905005353285, 0.0, 54.31349377268775, 62.7056140179933, 42.67069976964409, 60.996064596216264, 64.5676681905842, 27.135271698848864, 37.468617162974375, 59.116896850889674, 29.210904946427906, 23.100528862481607, 69.48720901784517, 70.85605031886668, 68.44812735775942, 53.84389932386133, 32.12336177588518, 40.61448005490688, 35.213354381269376, 63.56774352462858, 52.740638722634166, 70.74261220804483, 42.85521221981203, 48.32512363169951, 16.598220978024365, 21.567265421805327, 23.574135035077198, 34.69725808951525, 66.8681423408219, 21.761860305625333, 32.67935776459256, 40.48002949909191, 23.781151564714943, 22.01152735873173, 41.953932063116014, 47.98353937677531, 36.021619245282736, 38.846553218158526, 21.903599959793457, 52.903163744395286, 24.286411322167424, 43.14267212499441, 23.103586811871608, 35.3797214643658, 38.67306220705284, 32.03319651579624, 52.018089011773554, 71.20477957781353, 69.93047725557054, 72.68430036800352, 31.83279332660815, 76.79024930723493, 26.820256257991556, 76.44499866942871, 70.94632990233801, 74.83730212192974, 15.176307691988097, 18.307272343217722, 57.782231809272155, 54.15653317504109, 58.666092364582084, 48.56918870577491, 13.477124540998808, 12.712834501067707, 68.10480097638987, 46.13029141787071, 58.327768655860076, 17.636576115525212, 45.628548887002985, 24.611139819672857, 28.77082793080371, 31.11814068556955, 51.24782100800406, 16.484304881804768, 15.588237011390579, 40.9889675014187, 51.43111698477021, 31.00082281050193, 19.569385535764425, 38.60336857362678, 74.4917538186734, 32.13806068617933, 5.5940444961303175, 34.066359697548585, 15.987035698871289, 40.085515387934656, 67.44523416163331, 63.66420529966259], [36.80357954813226, 33.838166170942095, 72.60555823712808, 26.484955224765077, 32.28806821208448, 69.2388170734626, 39.628111886988755, 43.22907734580825, 33.711886863896375, 54.31349377268775, 0.0, 50.420087277310465, 19.41124981026405, 63.41775530328845, 19.779284083906315, 52.52856782146725, 77.35586044407725, 61.66490477054522, 47.23988955411999, 72.50641201764572, 55.00836774978759, 35.39926579394825, 60.80672015824031, 51.610848408458054, 71.4012425103963, 90.51657664654437, 22.24963521251272, 10.819073593482942, 66.96716290026492, 81.70766546253695, 82.60934891232775, 74.97923805251152, 52.7804445131053, 58.60485757326923, 51.588513600559786, 76.68256001082048, 31.69832605177303, 64.37753399924769, 50.74954713393302, 66.89953153752974, 72.92214066981151, 62.64427534517585, 44.01969285470873, 53.4386763354958, 22.51257848125998, 92.49527057203422, 35.02273011025239, 83.15350188128922, 74.59613379591995, 56.70529328364134, 55.7776625088358, 88.46382637609965, 82.92579709351661, 83.4113158770564, 55.321461618254105, 17.292918768988258, 31.24903013891275, 20.204462439971508, 69.53007898476567, 67.95915417473428, 72.76241848798563, 25.61011855577859, 45.962155808237185, 78.8384257287211, 58.96149849038896, 71.06365666800538, 16.493806343873015, 34.90043976666809, 82.09043719186045, 47.11963680448637, 62.44221944996687, 63.62901898816458, 32.284311862893155, 34.21980254993234, 37.23654537579789, 40.95331595306596, 38.71547774470673, 63.62697599774329, 66.41127838828761, 25.497522979801364, 5.6556004502927415, 64.3019035429207, 60.17524878408383, 56.65451849053735, 17.714981874116877, 84.66636782381205, 37.42414756103992, 82.38667964152026, 62.5338611111424, 84.58637114180397, 51.77972876342735, 86.18722950817158, 38.32830097055662, 22.17620935342943, 14.716586328443965, 71.18954531573854], [33.81370005116719, 53.676816310374306, 37.85321236985718, 61.92980426188935, 56.23906097499242, 33.2200112032399, 81.80764139480527, 33.20158806414667, 76.63460417179465, 62.7056140179933, 50.420087277310465, 0.0, 61.919852763141144, 17.314935056210217, 37.25583775610075, 80.47542074924708, 56.712141676305954, 16.583658068353294, 34.2974478097004, 85.73126547486352, 6.811694052978606, 25.844138080318405, 10.41068889433624, 11.090185056163316, 53.32016108402856, 77.12143728033172, 57.747385545736776, 59.179233382251084, 103.78918027432344, 35.40258389577056, 59.52278900437991, 43.04999662509657, 73.75682320280856, 48.23648167809161, 77.5757175651499, 58.51774895522544, 25.57780182611074, 54.152764374914675, 82.61552266812193, 39.69727035603255, 64.62311514009723, 82.82132330636911, 20.837354823913717, 18.780263765775913, 38.16260266249139, 86.9061245565448, 59.92322795408432, 50.8020303519484, 86.69543152853632, 26.427829915889866, 80.00132198947502, 81.92379638112833, 64.55383592803304, 74.5280246846067, 16.19851252216007, 61.09593674013528, 29.618651294613667, 50.210102309664165, 51.07172308678481, 17.89211114112721, 89.43378772986937, 48.16046166904436, 14.292433743609294, 29.7642288050036, 76.31044639181201, 68.91952390683852, 35.414294143032144, 15.624002083846598, 44.347354815013425, 14.589081133262287, 59.73896140309844, 62.291732259266745, 26.230196509415414, 77.31980446905702, 13.40293482894862, 63.538827784934476, 17.938767093701514, 50.615385905102954, 50.01712091450904, 57.13663565459341, 54.09187723185232, 79.03188490849644, 77.12155588336213, 28.500051765711476, 32.72526163956422, 80.80189668861665, 45.88273446123716, 63.693129699493625, 13.225935285553504, 77.4642959124207, 64.90550701712108, 77.9388646306725, 54.129432226512705, 34.0566926434173, 61.9582476766243, 25.5657214363011], [37.14726937862164, 23.20462248550988, 74.66556050759391, 9.2417707112414, 19.912120001447278, 72.26030831211803, 21.07754501028805, 43.302006185907835, 15.319351267564116, 42.67069976964409, 19.41124981026405, 61.919852763141144, 0.0, 71.33016163464148, 38.40950895836159, 34.15802252483424, 73.29123217167653, 69.36818455877751, 46.831128601480955, 56.84401686319685, 67.65190817216626, 52.71148557044157, 71.7711810248283, 59.788708976902825, 67.16448274176446, 82.38288972718334, 7.839175579299728, 24.0386085641269, 47.69629463638181, 88.14077044783265, 78.87971105184161, 75.61247831316751, 36.48871286043216, 53.72556633694601, 33.807639055205165, 71.753134119146, 48.6317105905747, 58.26191208612399, 31.672105974669996, 66.89428451920857, 64.74150829790463, 45.65814424756426, 49.2040272952507, 59.12816748533655, 24.893143721684506, 81.44956960519498, 20.85677699016441, 83.03869218719733, 59.12301764991511, 59.965954591782776, 38.16071805583085, 78.04819094061267, 77.35627455397099, 74.27066729731298, 62.04312233333203, 32.022694239695284, 49.127431497016374, 39.24432253704801, 65.72672950760582, 79.79506145759562, 56.08487586592246, 44.91428310316938, 61.08036336076355, 87.35124422357876, 43.197344715762, 60.824461710129945, 33.554274074812014, 46.64983096282683, 84.33764267045683, 54.308957027824846, 53.719996039281874, 54.16675478722906, 49.45938483477966, 15.942542443290316, 50.09315162701266, 26.1276020680136, 46.272367917819025, 58.74320108603134, 62.33289095180344, 11.798619966123786, 13.881456777412494, 48.85881943955844, 44.41616206874995, 59.14999464049377, 31.44099757015675, 73.6305150758222, 31.404716554233694, 76.99640082761168, 74.96545979599829, 74.70427308422052, 38.68333047578286, 76.56503550625145, 27.88532133750195, 28.11871681187329, 27.301138071390287, 78.06143744732306], [36.79822091007729, 57.744429080279765, 22.86811477532962, 69.23087192683305, 61.05131264280048, 18.446150690606416, 89.43285251540104, 33.10119210767109, 84.87823199655692, 60.996064596216264, 63.41775530328845, 17.314935056210217, 71.33016163464148, 0.0, 53.18102362971397, 83.1925157255224, 44.912490564780946, 2.0303107348548894, 32.1037580631035, 82.93205917145492, 19.46310416364335, 43.09914932819893, 12.059504268857244, 11.833722005235746, 43.01453699860215, 65.94724241939205, 65.73017693016465, 73.16249196013052, 108.15930925068216, 18.731335751432557, 46.51148602506383, 28.536149634502756, 74.82399959328166, 42.22319213608486, 79.91179289473149, 47.439213159735246, 42.50722606956421, 46.90673726482329, 86.48652486350362, 27.988989836810422, 56.47870241122374, 82.66849240895536, 22.640938609316112, 13.50111400681879, 46.442413708763134, 77.6252395719422, 64.31326085714262, 35.35469027836372, 83.4281222310775, 18.150711337753137, 81.4976572517806, 72.68266287504579, 52.73326584571895, 65.09998307514431, 9.716519109408296, 76.14862459411998, 46.6792806093602, 66.37203683697496, 40.98990368176018, 17.81009125323671, 87.51319807059305, 64.88408817874951, 31.286611910168066, 16.03503938789769, 75.85000184603545, 62.48727725749142, 50.17750608467192, 29.48808615187618, 27.707924834444803, 17.023109477325683, 54.4364080632741, 57.084484180778084, 43.26446447779941, 85.58391129179138, 29.021616807448815, 66.55897906206324, 25.256673128784172, 42.924736019764204, 41.00953035029493, 64.11203159749638, 66.13274640443247, 77.38094512869512, 76.43407938544206, 20.469789147663892, 46.032319265288734, 72.5575717280407, 48.20780873997654, 51.84216042784624, 18.669947350317347, 68.38553521441364, 64.50585903612219, 68.43462939532974, 56.73925347192328, 43.54009756189607, 76.33296020267719, 8.384260504917085], [39.06406356269383, 45.973303194370885, 67.92398695427796, 43.7995248695869, 45.89308655269204, 63.806409981697584, 59.18278932220146, 44.25180344655718, 53.2784421633461, 64.5676681905842, 19.779284083906315, 37.25583775610075, 38.40950895836159, 53.18102362971397, 0.0, 69.19903329225743, 78.60268888950819, 51.80695342661941, 47.9976657644875, 85.56638250117678, 40.09293218447992, 16.33800281825353, 47.3760470564775, 42.27640469894966, 73.23086101242077, 95.1656904963346, 39.0923796205685, 24.345802314462052, 86.06853849925191, 71.89828706198902, 83.20268065276389, 71.6078698406701, 67.31070683706506, 62.20133998893732, 67.6341615684847, 78.83866238985705, 13.397141264153584, 68.61549070917548, 68.42658651453968, 64.81895867341785, 78.5336897428278, 77.45024944436157, 39.39847371967066, 46.72237106292142, 28.551161236836798, 100.04349798903783, 49.380782442354125, 80.0378315748394, 87.38441036155189, 52.24774664214177, 71.49782891887439, 95.51756699592713, 85.35514296424408, 89.39687242130209, 47.20800518036502, 24.28066075094615, 11.77738915714786, 13.22890588777084, 71.07129350612308, 53.17741393132541, 86.91381134735737, 13.333227071352189, 28.810101861194248, 67.00833807936559, 72.67759895428162, 78.79558469496453, 6.78682623222769, 24.042224744288106, 76.60404510971657, 39.6043894343216, 69.33092975003325, 71.1215945606981, 13.58299100442309, 53.81736298036213, 24.21455154256066, 55.10172309563349, 32.46512320779804, 66.73474437014147, 68.48174065944505, 41.23972440448353, 25.326943592647517, 77.45656232363154, 73.82893102845925, 53.02231308422435, 13.397252338388531, 92.50623413054205, 45.285150570669906, 84.66544350899828, 47.390724612236085, 91.26332192564244, 63.526582401690014, 92.53099326993835, 49.5165344117658, 24.818078981627714, 26.147393486367804, 61.51640927396722], [47.13749104550758, 26.874007887910885, 76.53820497962218, 26.04361453628593, 24.890374727163934, 76.13503793116642, 25.16662188455518, 50.091536037529465, 27.403255200684956, 27.135271698848864, 52.52856782146725, 80.47542074924708, 34.15802252483424, 83.1925157255224, 69.19903329225743, 0.0, 64.537107639303, 81.18957720890374, 51.47771581465559, 26.584984789458833, 87.17320822272485, 80.51947270322331, 88.28307956029352, 73.90100891986256, 59.25839524146042, 64.53065491280691, 30.437026781995787, 58.18188369725774, 25.88598709490704, 95.57002405116992, 69.84325757961099, 74.89298407090821, 10.652101920363048, 48.12025360745434, 3.5842489038343452, 61.647695433100736, 76.24946126666096, 48.896525709290806, 6.271547094624667, 66.64760312498416, 49.62655412134035, 13.707177443703424, 61.45129329361248, 69.69431407670629, 44.61625586383068, 58.04729619147638, 21.06617093557791, 79.91854015799895, 29.0216156511153, 66.60806288215404, 5.875770472394132, 56.2495416217706, 65.10541808702992, 55.51447252869215, 73.58535860073604, 66.14230694797256, 78.04945947581342, 72.73209321463193, 58.93687885007867, 96.84414099150347, 23.753306609102967, 78.00745781057755, 84.94131482935914, 98.30027489444123, 15.62271733075914, 42.230371341794495, 63.068462072669455, 68.0893276869078, 85.14915997902568, 68.10667224377121, 40.37070559663216, 39.06713942357721, 77.33542879481952, 27.610447208983107, 72.28180538121215, 16.950754027642184, 62.54432663598854, 51.62960816809912, 55.81207171385335, 27.959350775799223, 47.47546865509706, 20.518114877093, 16.420069432437185, 64.76534812684504, 58.44510524051556, 51.130238737599456, 35.15427863011569, 65.14065149416803, 93.40935202780761, 54.39696357938701, 21.676558543986832, 56.52829121711897, 26.618739892258585, 49.443639217081135, 61.32002715795052, 87.37360378554726], [40.817865499150784, 50.60276675310722, 23.591383391260493, 66.15259966810467, 54.38116945192911, 27.055126891436558, 82.5759223159361, 34.74651348128507, 80.58267755186493, 37.468617162974375, 77.35586044407725, 56.712141676305954, 73.29123217167653, 44.912490564780946, 78.60268888950819, 64.537107639303, 0.0, 43.92021382779518, 30.804967089181403, 50.69133006815728, 61.95632127974978, 76.84601059094427, 56.48176062304693, 45.63341473334983, 6.128591894266476, 21.04418493309902, 65.50025027898553, 88.0894661222045, 89.8030619574843, 44.40450546165628, 5.6317819205553, 18.297799369724782, 53.90902038680561, 19.565708630426005, 61.000897506192985, 3.599624738399359, 74.1359166203603, 15.975090460203072, 70.14762182914859, 17.179339295683366, 17.366288842877648, 56.85442796570829, 40.54115896658507, 37.982594436055855, 54.856484843610914, 33.77540963268388, 55.32041754391145, 17.985958268588874, 50.033165184863726, 30.343328889455936, 60.07857994171795, 29.084493432068054, 7.8855952781371945, 21.727745437121246, 40.67064368016419, 94.33150771626727, 78.31435887328644, 90.45568079701131, 7.826030607741282, 62.639222633873956, 56.592598078045306, 91.93263083849422, 70.02421663777685, 52.22587635837804, 50.7691536999643, 25.925844102813155, 72.62844949507992, 57.96527892443566, 26.96993678630187, 43.73168265633233, 24.19577000583839, 25.79570016195664, 75.31183524638435, 81.2083150750651, 60.74750529197356, 53.2341729213694, 47.58771609715433, 14.577473387487222, 11.054818028149214, 61.813408298937574, 76.67291906702624, 48.95973943479125, 50.63789232197623, 28.44203978144028, 66.00295039306107, 30.414092012662202, 41.96100404457885, 7.0071960790118615, 63.3053959109897, 25.27362513131175, 43.036113891588265, 24.7329295106342, 46.40316565187212, 56.10034892742335, 92.04521114463931, 42.36539528182971], [34.76805355227786, 55.71561193026552, 22.417084885886275, 67.21775920757878, 59.02100933051091, 17.881503439773624, 87.41778565848504, 31.100301757930037, 82.87601815483092, 59.116896850889674, 61.66490477054522, 16.583658068353294, 69.36818455877751, 2.0303107348548894, 51.80695342661941, 81.18957720890374, 43.92021382779518, 0.0, 30.16055222257551, 81.14026488770799, 19.427351900585347, 42.18503768882478, 12.637093335617916, 10.055019202996146, 41.795321476162115, 64.92313316735628, 63.732353679127776, 71.48414822038688, 106.13742676893958, 20.24068666035893, 45.73584742532068, 27.999516502771975, 72.85645967382916, 40.55367033101287, 77.91516440707346, 46.34723620316936, 41.41717234296653, 45.36365221322183, 84.46648752324637, 26.870879528209155, 55.057378502995974, 80.74889228555195, 20.61769130733439, 11.495295073095114, 44.47674701383157, 76.37626689483942, 62.28419884903553, 35.11734116465346, 81.66474409180877, 16.43564102202692, 79.5225016574545, 71.42040209900604, 51.772928743141954, 63.84414914022814, 7.686785686611591, 74.59318865644045, 45.63305194236257, 65.01926912854861, 39.73089160640593, 19.099482745289983, 85.6779800623471, 63.67800871565223, 30.759074373114185, 18.025595738471093, 73.93638843532729, 60.92008181871362, 48.63602360509591, 27.979853649385817, 27.917761768456575, 15.07580878128595, 52.75749310957162, 55.405789290184956, 42.21451986007667, 83.58186335192622, 27.731398946121697, 64.54335675823151, 23.365537444086208, 41.406078152937795, 39.61988353938738, 62.096391682301515, 64.30536918647432, 75.52179822435478, 74.53034315388298, 18.77586097487492, 44.35236216320003, 71.18454193792296, 46.189826969917576, 50.88381507442243, 19.414476778604524, 67.09599288777981, 62.576983415344806, 67.19519630008628, 54.72389342648374, 41.62691081162673, 74.69257231152632, 9.735774472050108], [10.469817549469454, 27.748261893676712, 27.988922144566455, 41.85905168870738, 31.508958630771826, 26.133084849552446, 61.26330436984545, 4.019402740774569, 57.67050876292011, 29.210904946427906, 47.23988955411999, 34.2974478097004, 46.831128601480955, 32.1037580631035, 47.9976657644875, 51.47771581465559, 30.804967089181403, 30.16055222257551, 0.0, 51.85310605598958, 40.93797795638716, 48.25903892753289, 39.27783163277635, 24.73924954639573, 25.256178141505128, 47.58629156613417, 39.64055094930487, 58.05574479464159, 76.9105812404171, 44.46279409586065, 35.73684422825125, 28.821763808568218, 42.76240203580346, 15.134273409474053, 48.1003774484336, 30.84900208158931, 44.998100688780234, 21.61128485245018, 55.249143357165046, 20.19946842073042, 32.15794035613483, 50.61336172497426, 13.599355138911575, 18.833440088303114, 24.859022850363623, 54.59110009006118, 34.14656278605259, 36.516258821094695, 52.6556907905538, 15.190036341626032, 49.470920094692666, 49.728235795077694, 37.36042241288931, 42.839809532026095, 22.862987964052895, 63.88962839420774, 48.93353634587843, 59.65940063226807, 23.13398935504321, 47.583576793047094, 55.99334446095701, 61.29661702064903, 44.61091452471462, 46.83765961708579, 43.820037433779355, 35.0772997745792, 41.88088644454001, 29.47760567244999, 37.60911117265335, 19.774729804940197, 25.629301542899398, 28.117400016187446, 46.231593603119435, 58.36579297376423, 33.0749874927167, 35.2990392127697, 19.233626026715704, 19.041072330456544, 20.48509437324418, 36.80196429261428, 47.294604930182764, 45.69370666918223, 44.44939215518175, 13.543218048744377, 35.21711669114081, 47.78009235915252, 17.537630738019782, 36.678613960238486, 45.45298496769612, 45.27605692950582, 32.42680180024153, 46.171586726369334, 25.625086187769284, 25.456660334166244, 61.947116761886164, 35.901092108517304], [52.880989858425295, 39.64656446107193, 69.36503905670777, 47.67388647828629, 40.35429627781865, 70.59203102759926, 51.72498291928707, 52.53092073302353, 53.48571606241203, 23.100528862481607, 72.50641201764572, 85.73126547486352, 56.84401686319685, 82.93205917145492, 85.56638250117678, 26.584984789458833, 50.69133006815728, 81.14026488770799, 51.85310605598958, 0.0, 92.49421406936537, 93.29566867011003, 91.10510243518958, 76.59178417397399, 47.16685350778728, 43.27614635253701, 50.85855878734524, 80.26762046597126, 44.80657129366774, 90.56673393023728, 54.92680740091812, 65.9086053856241, 20.376432271305877, 41.20449492778792, 24.815065371880188, 47.187324398254724, 89.20850181281568, 38.31267677319355, 32.545964001875014, 59.40403752152234, 33.38124524786298, 12.91256066217546, 64.92668083281416, 70.3503843802016, 57.45547217634875, 33.40791196952198, 37.48785623331548, 68.37418978708135, 2.4383691550985107, 64.81066049601814, 20.800859836930776, 32.87360685714467, 48.26200980491318, 34.689939050609155, 74.363321956345, 88.23942979812733, 92.01371396547091, 92.12021538397263, 47.8741139960264, 99.32214775794519, 6.074305358177982, 96.54543124951581, 93.98956061942908, 95.807509516849