instance_id,num_cities,city_coordinates,distance_matrix,best_route,total_distance
669,82,"[[34.55303774460765, 8.04839747142222], [72.07542407827007, 97.25334098274487], [6.763580705946026, 37.685469962939436], [71.71253695511727, 57.11328684142154], [80.06010973371372, 76.256175094557], [89.189795863897, 34.195250404096655], [17.41152866937813, 97.74438699580486], [54.99382208961682, 74.04564550302698], [73.06788307459429, 46.15424479585263], [9.546009956783763, 44.54888379132694], [67.88942766714563, 15.78540285196599], [25.063520624523417, 19.37637119774337], [55.59467826155826, 44.14024017623992], [20.49362994856121, 22.773540789249815], [11.856819417111364, 93.3034960118047], [78.98263110234812, 19.48900167294174], [50.75519270648886, 12.994952446608076], [38.099383157980746, 44.831904765716466], [18.48722672554668, 70.0888267302432], [61.98291067149465, 4.420804082017904], [67.80929851637056, 97.1048023823071], [70.17693826710774, 40.41614582812487], [24.339324550901587, 2.996461302021358], [73.29379351318126, 25.670356078049426], [48.90178527139016, 62.485336581004546], [32.25034328652164, 99.25342057317772], [74.53673517380388, 96.40985818248659], [82.50189698872488, 5.810696780040059], [86.88501389650379, 20.96983288491566], [4.486726422607101, 89.81724218176628], [76.19997322685714, 5.046153686307953], [90.4606648918508, 21.54035116503139], [12.791755567925245, 82.1460384708393], [90.46234488467508, 46.40001272184111], [21.993599014099196, 95.40693371847195], [76.70668671172159, 43.86801476562743], [80.80197409518756, 23.789375614830977], [52.7292896650575, 95.44978616579041], [10.97760373570782, 98.4354115904908], [69.15947800637969, 64.5265534682563], [98.92575900612631, 90.7932665146453], [68.26022752334624, 27.635701968906567], [23.304740793433755, 51.08346397980333], [57.993925845939756, 86.13727568449048], [14.07813423923604, 27.323368058634166], [68.9446526274864, 43.3857054027741], [7.3671106772585375, 27.33913386532505], [8.92112869389704, 19.679665307338823], [9.440580918227804, 63.777295155426536], [24.751571687914264, 24.15553613119935], [81.237969564331, 68.14313151560327], [97.63229181616431, 96.94856275063019], [98.46359751825368, 81.20709900252315], [57.42163935026203, 21.970101049105317], [9.520075855195254, 65.95396732045123], [28.73954649075541, 91.71673368246485], [34.83707481131415, 95.90648846446526], [72.63214287902613, 72.01813485434745], [14.664365603089058, 29.638296704897304], [99.47350313695108, 20.790130005500107], [2.9414170323775024, 89.94265001343203], [52.95577753901479, 65.94042581180209], [59.076737594786835, 93.12649334829318], [79.5515776933388, 43.18773390390358], [16.520439182450463, 96.87855963517778], [98.64146127650713, 10.52998559696322], [93.17555660943137, 27.219205884181896], [95.15016828224651, 73.1520901202806], [58.37268396068722, 59.38468314527672], [62.528426819497675, 24.17958182254212], [39.734973268071926, 63.81957847040236], [37.4772637417892, 55.74828966687048], [37.36398401977007, 78.71717579089304], [30.889902832646566, 12.227195663910717], [18.00594787196721, 27.6204823912928], [99.80658852072634, 3.535790098987779], [22.051379765190624, 11.35806573787309], [59.6978688701497, 97.59650382179078], [81.95551664063643, 26.365083407237744], [91.5287954819415, 39.08566064122202], [34.188057650986536, 77.23576735475815], [90.33950722364652, 72.28602894073984]]","[[0.0, 96.77526245394988, 40.62769976716706, 61.54828795723028, 81.995088446252, 60.57089446317131, 91.31923056034987, 69.09024831612874, 54.1797832323607, 44.24519115531707, 34.222450895955056, 14.777480296606525, 41.77764648079018, 20.35919431868791, 88.22443059323027, 45.8789297001358, 16.94043185787623, 36.954065739243774, 64.08685626802855, 27.668707280681154, 95.06325334308193, 48.13245705467164, 11.394823222103359, 42.560305246249726, 56.296242283190814, 91.23408705499855, 96.98682281167109, 48.00104589690081, 53.90361046449216, 87.12133516984126, 41.75500811648716, 57.512568954148215, 77.22702767588359, 67.79894554636199, 88.2567468041537, 55.31704171723205, 48.85429875119756, 89.27137771749514, 93.41099191245479, 66.2373596423825, 104.8358745639741, 38.98508869115306, 44.4807951107281, 81.53127090604303, 28.120209186493692, 49.31032859439726, 33.33477375249864, 28.147489285098388, 61.12565357467365, 18.854937089945427, 76.09769982629614, 109.0056497659387, 97.1429629993727, 26.772873769974947, 63.08489677012677, 83.87006119517669, 87.85855012460138, 74.44558783889424, 29.354437968805087, 66.15904000760924, 87.78361557527907, 60.74658654857902, 88.5420479341636, 57.09327072810477, 90.64200086573014, 64.13645071586791, 61.67754545420359, 88.9410086850417, 56.5931954624122, 32.292994634460456, 56.01140139105917, 47.789442486180754, 70.72466082017189, 5.557059628686133, 25.629527724167396, 65.40939928014359, 12.932337618090292, 93.01142877769885, 50.81826432651705, 64.88103478532668, 69.18833255572994, 85.07998280279328], [96.77526245394988, 0.0, 88.39665232644937, 40.14169445268247, 22.464108714843956, 65.33930294272864, 54.666100898648516, 28.81628456234567, 51.10873316740154, 81.77828219165733, 81.57540995443641, 90.96670538850154, 55.611297952457655, 90.59758342529129, 60.34800429700544, 78.07049363981034, 86.91391318110622, 62.46901897479384, 60.07999442483994, 93.37954130477819, 4.2687106982919865, 56.86889309121064, 105.65554677930174, 71.59335270781627, 41.78315049910867, 39.875272769441416, 2.601829268674131, 92.03514826486081, 77.70777025687912, 67.99652650074513, 92.29938946059887, 77.91324602986671, 61.178296325009576, 54.07531647574744, 50.11585000320532, 53.585834405074365, 73.98044932802054, 19.430021274096624, 61.109254139890396, 32.85643563310936, 27.616535768836915, 69.72210113453124, 67.15829874659248, 17.940331663104153, 90.85090391316851, 53.9585386463864, 95.26364563704774, 100.03069620516358, 71.01949888527665, 87.07948139015767, 30.51813452694964, 25.558684988531596, 30.88393723582675, 76.6961512838861, 69.94871251825892, 43.6881254653661, 37.26269807506956, 25.24134632237001, 88.70075449473889, 81.22362568278012, 69.51947304655233, 36.68868409044832, 13.63806150792221, 54.58005809523987, 55.556249043948505, 90.70112844825415, 73.14366460491533, 33.36636200148855, 40.27158220310264, 73.69477209722766, 46.515817033978514, 54.03426675177711, 39.35064791022453, 94.47588342033754, 88.16032697784821, 97.73431753987005, 99.4002179013166, 12.38231132156553, 71.57346778752843, 61.334433194436265, 42.850388431694775, 30.934501834425483], [40.62769976716706, 88.39665232644937, 0.0, 67.79238147845666, 82.82560269547443, 82.50007622926027, 60.995510580636754, 60.40048467713758, 66.84295519921093, 7.405967993153785, 64.93059453130809, 25.886500316134786, 49.25586408735745, 20.270172270747317, 55.85074665697109, 74.47618880143477, 50.44683916392157, 32.14038029805011, 34.45898149658618, 64.46481519413115, 85.18941676143405, 63.4721238644214, 38.88745419258945, 67.60645071176924, 48.89439301467027, 66.63473275389772, 89.67582861777308, 82.17234156826447, 81.84654286793801, 52.181469317212645, 76.725077864568, 85.24005374365385, 44.86737171054546, 84.15121140270782, 59.69690809202713, 70.21582398556896, 75.33116973598389, 73.82115297458238, 60.89592267012843, 67.924161854716, 106.36872267547261, 62.31240170718786, 21.28652674148175, 70.51330187164551, 12.683684372711753, 62.44180001714656, 10.36392392248568, 18.134608201335926, 26.228794711382776, 22.50837464275543, 80.46181543494127, 108.48611351502436, 101.50381902981111, 53.03971837886079, 28.40257397419265, 58.329413946173126, 64.63596573610663, 74.27919871198557, 11.277384423520902, 94.23684114740063, 52.39677282025247, 54.148514091211645, 76.2258057201878, 72.99566708999058, 59.99181737767398, 95.80691660464326, 87.04350787572169, 95.23691515776933, 55.98531406977242, 57.37706054277285, 42.07260813124921, 35.6313875857082, 51.18579457349876, 35.074251947060915, 15.08955911592623, 99.11206757015846, 30.444195067465344, 79.94604956773902, 76.03932128430064, 84.77677848300318, 48.12824492426834, 90.45515007377035], [61.54828795723028, 40.14169445268247, 67.79238147845666, 0.0, 20.88377700431595, 28.821710100323187, 67.81950899706838, 23.79538183343882, 11.042534385734495, 63.42350749556315, 41.50433904634154, 60.00171269980628, 20.690222537288378, 61.66518137388296, 69.94596601510078, 38.32024404082899, 48.8429903643102, 35.78654012166311, 54.78410612979311, 53.583237742497516, 40.18154533572099, 16.767605116668584, 71.92254208491806, 31.48266614015771, 23.434788473148483, 57.73262162822718, 39.397926528458925, 52.424860867158884, 39.19889437781334, 74.75866703370397, 52.260151542884515, 40.211019059067866, 64.01794383934393, 21.59466461319973, 62.75648318004315, 14.15552062459033, 34.54129307019321, 42.77909370385138, 73.45917306193807, 7.840576004112901, 43.30012107588488, 29.679057436667676, 48.78189718505826, 32.1028381786944, 64.878067461211, 14.003845036483456, 70.90016973409406, 73.10292041077551, 62.6275140451018, 57.3719930863884, 14.573652250868594, 47.525602561351604, 36.001819755493464, 37.93775509944828, 62.81767147067464, 55.17314965389456, 53.523006272865295, 14.933190193113786, 63.319577838236384, 45.71698771655747, 76.20520993808503, 20.730036328862525, 38.16561893093192, 15.980349943324518, 68.0253230562668, 53.80679250744365, 36.80105010674928, 28.400101634402123, 13.531848324680979, 34.190302795584515, 32.67321420937921, 34.26247436011811, 40.57771687137468, 60.67329427262809, 61.27171635656918, 60.496478331855, 67.52607490204957, 42.22846322412875, 32.40942219892096, 26.789539160203077, 42.579346742942725, 24.02449009234324], [81.995088446252, 22.464108714843956, 82.82560269547443, 20.88377700431595, 0.0, 43.04035960179977, 66.23132159399779, 25.16356924865061, 30.903356474023276, 77.31487948085233, 61.68338348032472, 79.11976304934869, 40.37314222099034, 80.05346767148943, 70.30149330182378, 56.77739813060115, 69.71915413203102, 52.42315652899461, 61.88098340996392, 74.0750001987461, 24.18155568334054, 37.17774570972594, 92.04233572847514, 51.036341177313055, 34.06577720624865, 53.05324747212931, 20.896856427170057, 70.48778433146988, 55.706004629239374, 76.7804584880244, 71.31456935868613, 55.695537845363326, 67.52571334510449, 31.61640282767589, 61.14303903980044, 32.56130180838711, 52.47204408422264, 33.39713208613931, 72.55557295278622, 16.012738540023136, 23.816795532264347, 50.03186611691235, 62.08733597452977, 24.177523037677762, 82.14645880723472, 34.69900811894768, 87.61934166863028, 90.89365260064417, 71.71359909150061, 75.98362297991446, 8.19809916350028, 27.146942554328437, 19.057807066349017, 58.81732887993709, 71.28837117372915, 53.59877874937651, 49.30778542104853, 8.551939936176627, 80.31083324154488, 58.76531290863814, 78.32376625053294, 29.001025964356003, 26.924144263152307, 33.072351105051354, 66.80248856071387, 68.30225919419121, 50.760607719855436, 15.406012155183966, 27.477111879802127, 54.94844376889559, 42.1993550491541, 47.263856565954065, 42.76699282634034, 80.73053606674414, 78.84256216720878, 75.35368483617604, 87.04468594137802, 29.49627914114246, 49.92708280177509, 38.89958736949773, 45.8825104291023, 11.019440695366802], [60.57089446317131, 65.33930294272864, 82.50007622926027, 28.821710100323187, 43.04035960179977, 0.0, 95.86768174415887, 52.51112845780509, 20.07320649143861, 80.31394871337892, 28.153652910588157, 65.81624690764725, 35.03619197748244, 69.63920348477019, 97.33536841734478, 17.90139559397537, 43.893864643634906, 52.185905055574295, 79.29187918219694, 40.33276900559781, 66.44349025244495, 20.004706792964555, 71.96490860796958, 18.0376471304944, 49.228576796397626, 86.45615516295116, 63.916896112111466, 29.161805084758946, 13.424741653897122, 101.33319269662397, 31.912463577805354, 12.718552702139771, 90.19943812068118, 12.270925158394464, 90.89663935072709, 15.792098799679081, 13.365544663556028, 71.28454715894766, 101.21237724088235, 36.34833667505402, 57.42929919437265, 21.93341073785355, 68.01508832175885, 60.590067638238814, 75.4253570027179, 22.233539703463705, 82.10942787003795, 81.57058992032267, 85.05900690767692, 65.21564687738383, 34.866748822616906, 63.31866982467057, 47.917818249224624, 34.03924272111019, 85.76642925083262, 83.44431489213989, 82.2343917638075, 41.28833322507009, 74.66462068861796, 16.89532148787748, 102.69642357097071, 48.173231629545946, 66.17920876881755, 13.18180598391503, 95.96891505406654, 25.482910694496393, 8.034393932617157, 39.41016873901796, 39.80203396658754, 28.480558569964764, 57.648766607488135, 56.02427580917669, 68.3236168059794, 62.3014683336039, 71.48683647609786, 32.4456282497142, 70.91617530382074, 69.92490752756983, 10.66050238397788, 5.420980677017109, 69.8403701724276, 38.10812571799267], [91.31923056034987, 54.666100898648516, 60.995510580636754, 67.81950899706838, 66.23132159399779, 95.86768174415887, 0.0, 44.4303851780111, 75.889212394716, 53.77385931654703, 96.25639391291806, 78.74070663263585, 65.81304938256758, 75.03417307615292, 7.111702159749939, 99.57362093868568, 91.07286416835862, 56.813009945707115, 27.67647267825432, 103.42098056702548, 50.40182808220593, 77.91479760222607, 95.00086199109339, 91.20029307412626, 47.274061566719574, 14.915347853120647, 57.14079265574518, 112.64350600294908, 103.54176601028931, 15.162128413282753, 109.76813596025809, 105.56150519837796, 16.26809085956932, 89.2897895579666, 5.143836745823745, 80.11603617223659, 97.40478571221489, 35.39222279988973, 6.470927680214434, 61.49207042252529, 81.8100716497427, 86.60726234757898, 47.03160305416282, 42.209667063238484, 70.4998682734674, 74.90346540323922, 71.11814115376858, 78.52507665734117, 34.88981708384646, 73.95400734975159, 70.35658379512948, 80.224710507935, 82.72194242675641, 85.68868867842923, 32.75524096466986, 12.831858486877888, 17.52220104199931, 60.91926036104362, 68.1614732794563, 112.49944587617516, 16.43931965530766, 47.69576055269716, 41.920336073768375, 82.69107623734436, 1.2424562334840874, 119.18327803310744, 103.50840111086823, 81.53574157676711, 56.11847398405415, 86.29782766019297, 40.61069824856713, 46.543591555202504, 27.57055024379648, 86.57283975578514, 70.12642391546224, 125.15672421877392, 86.51083584540093, 42.28659878742373, 96.23373298393223, 94.52097871534414, 26.496328127721274, 77.24388681877501], [69.09024831612874, 28.81628456234567, 60.40048467713758, 23.79538183343882, 25.16356924865061, 52.51112845780509, 44.4303851780111, 0.0, 33.23555195715652, 54.18083221156815, 59.670365483811956, 62.326178278936005, 29.91144088636961, 61.7988024119423, 47.24051021936759, 59.597737741059234, 61.197656014888274, 33.747069719926444, 36.72040195690403, 69.97475189027821, 26.381075641981177, 36.89810652653368, 77.38013178445436, 51.72095881800355, 13.06727419805755, 33.95140279950378, 29.699889908688075, 73.57107048210997, 61.92002906924802, 52.9122856670669, 72.18469863496664, 63.361682994361246, 42.97244215697154, 44.96995798458951, 39.310550202931964, 37.17711509814459, 56.495604900008296, 21.523599713180968, 50.3218458324036, 17.066895462226086, 47.01593230794184, 48.268834375529835, 39.13386837129154, 12.4582560173558, 62.105271288841614, 33.684679004666926, 66.7068352518604, 71.26256295821781, 46.69621826315058, 58.34052384485591, 26.899720222453595, 48.40023470059074, 44.055735064138545, 52.132107446596265, 46.188059630200335, 31.647343406144515, 29.73534791836187, 17.75446872482017, 59.987312723420814, 69.38726076867361, 54.42579925592965, 8.357524264592854, 19.5127894857849, 39.43721679519807, 44.73860927753133, 77.06721391027261, 60.41986675191316, 40.166286619058525, 15.0452824765487, 50.43207883303755, 18.368584984001732, 25.330279251279084, 18.23826706678756, 66.35148577129132, 59.35822275887135, 83.5453394529443, 70.81622104511563, 24.016056788405706, 54.775623910941384, 50.56683520169622, 21.0489123544345, 35.389457583300754], [54.1797832323607, 51.10873316740154, 66.84295519921093, 11.042534385734495, 30.903356474023276, 20.07320649143861, 75.889212394716, 33.23555195715652, 0.0, 63.54215567912432, 30.80719009289394, 54.96793000172092, 17.58889141037965, 57.538764425425164, 77.26477984376442, 27.31335634878592, 39.967421990486365, 34.99349324622368, 59.597921606939344, 43.18051281530406, 51.22120683785772, 6.425211408457453, 65.0927545268854, 20.485134427911568, 29.166844908715856, 66.97457743489063, 50.277074331708825, 41.43190177913854, 28.725732496309043, 81.30087569298813, 41.22723788216387, 30.13888881515161, 70.2041363392716, 17.39619796207791, 70.95357537432805, 4.297410808926038, 23.664393873476527, 53.3264360409891, 81.16971842867099, 18.783433023047856, 51.587517944763995, 19.13243268204233, 50.00667486904579, 42.73016435228251, 61.92247077072237, 4.966471553425542, 68.34178731153125, 69.39531293013339, 66.02276488964725, 53.08869115854069, 23.457652321232075, 56.42227320229095, 43.28562001563556, 28.804127333501075, 66.56089553517893, 63.568402668564595, 62.744565107463245, 25.867560350290887, 60.69388267681964, 36.614137842856806, 82.67493980081944, 28.213290277282557, 49.011674995957755, 7.130110993609344, 75.96426480032659, 43.853115573685386, 27.619815958294726, 34.87851734454654, 19.773552435394276, 24.371416679045947, 37.724619149872616, 36.86106186044758, 48.32300572920565, 54.12972085731953, 58.09747892229902, 50.311937447128116, 61.75319981145405, 53.151324475677605, 21.69333858282042, 19.767907548924875, 49.77651925908409, 31.323779199533107], [44.24519115531707, 81.77828219165733, 7.405967993153785, 63.42350749556315, 77.31487948085233, 80.31394871337892, 53.77385931654703, 54.18083221156815, 63.54215567912432, 0.0, 65.04838372991865, 29.57107586134697, 46.050481455108525, 24.372442354890794, 48.809343912114805, 73.82033627598832, 51.902286329272854, 28.554775818394695, 27.059823403509224, 66.02947325036833, 78.46486712356946, 60.771613363840665, 44.10720997082323, 66.48442461941211, 43.25035710014561, 59.228988649686656, 83.14658759705495, 82.60271536419847, 80.85352912542015, 45.5501989155311, 77.48042659509733, 84.12237488846992, 37.73699649637504, 80.9375063643554, 52.35917986114539, 67.1641279613709, 74.21839128560718, 66.75101129494344, 53.90554089328771, 62.87187653172678, 100.6344000507987, 61.10167807688988, 15.231658231296139, 63.84978382314293, 17.811752939248844, 59.410030593203814, 17.347135054118816, 24.8770678456494, 19.2287003947018, 25.438115817529646, 75.4746685851929, 102.4935090961778, 96.17776312756523, 52.93276225497896, 21.405099239816966, 50.92345145445095, 57.24719660593364, 68.80712115069258, 15.764617717663427, 93.01307655982883, 45.8717196050491, 48.394276433862196, 69.37634417162019, 70.01879921230747, 52.79240131824219, 95.36920299668903, 85.40619889500266, 90.25638667101397, 51.030824378547116, 56.7630598127861, 35.81526461195629, 30.09288337742895, 44.0603206880816, 38.73310323873193, 18.924622149185343, 99.1415447575548, 35.46850260586838, 73.00177356313085, 74.65780102981407, 82.16461482689404, 40.93486132445881, 85.42211904214363], [34.222450895955056, 81.57540995443641, 64.93059453130809, 41.50433904634154, 61.68338348032472, 28.153652910588157, 96.25639391291806, 59.670365483811956, 30.80719009289394, 65.04838372991865, 0.0, 42.97619536073073, 30.905625096933875, 47.90820089725221, 95.64887847977748, 11.695118925497143, 17.35997180734331, 41.6070429769232, 73.41280067384685, 12.80785103839904, 81.3194390084932, 24.736737947889146, 45.38907916452359, 11.265854183312232, 50.41244265105276, 90.75821900961782, 80.8980191007863, 17.69234356707474, 19.690368482167422, 97.47110217729956, 13.579272445242697, 23.2933505520346, 86.25246333000632, 38.036705025463135, 91.9022048988802, 29.434285263149775, 15.192018800838259, 81.09404264811506, 100.34928822707815, 48.75769468775247, 81.17532552581531, 11.856098923942943, 56.866048069225606, 71.0444013792585, 55.03435237644639, 27.62046706000952, 61.61525423264462, 59.09674748977102, 75.62730600216722, 43.94239125943235, 54.03253947017462, 86.44128928077781, 72.21342111616254, 12.15833393342949, 76.96665571385958, 85.4299724793128, 86.67090855086167, 56.43237985441212, 54.99827178942312, 31.978134985700596, 98.57759071909152, 52.331063759980154, 77.84155564653446, 29.780757047352242, 95.99413031538602, 31.197868222612268, 27.751039055599527, 63.514445498834526, 44.62584064047521, 9.960048728723397, 55.6772424770867, 50.218841456206626, 69.94434040796847, 37.1702256701764, 51.26822275228746, 34.18710531108581, 46.05136207957095, 82.22017925922754, 17.600695999356244, 33.19219371673095, 70.08515990202267, 60.79742445627653], [14.777480296606525, 90.96670538850154, 25.886500316134786, 60.00171269980628, 79.11976304934869, 65.81624690764725, 78.74070663263585, 62.326178278936005, 54.96793000172092, 29.57107586134697, 42.97619536073073, 0.0, 39.31158599499154, 5.694265714181449, 75.09751487270175, 53.91922811339021, 26.47233498663433, 28.599263997896898, 51.13707840287213, 39.83353297403291, 88.70687990225215, 49.77843476739183, 16.395911324016765, 48.63921739283974, 49.26099631340466, 80.19970970583739, 91.55193648890088, 59.01859538961248, 61.84202576344019, 73.38474476766801, 53.10642069162422, 65.432937329914, 63.95801237671098, 70.76216090420883, 76.09251511096585, 57.156427531522745, 55.912876900465655, 80.94787978387612, 80.3040778691885, 63.110953221156656, 102.74241186309605, 43.979222727218485, 31.755834726620026, 74.4407815376441, 13.558520315324436, 50.02001474240407, 19.40537333631816, 16.145240926008714, 47.06929246719681, 4.789334985175592, 74.38928434654177, 106.22462734499234, 95.9719239615122, 32.46190508905543, 49.10265915271031, 72.43370217371266, 77.1516766525546, 70.95018748438466, 14.60991239789616, 74.42341171611457, 73.95260085510952, 54.27880965795985, 81.2156354767186, 59.46368099149933, 77.97161953632542, 74.10783959058938, 68.56208501736363, 88.34005957397557, 52.05924881369667, 37.77155051761048, 46.80224562296574, 38.43198500346155, 60.602248221498975, 9.222659076897802, 10.85240537987919, 76.40320810072474, 8.56540804657009, 85.54488427792091, 57.319641564166766, 69.32596088219009, 58.574456033339935, 84.0261049256118], [41.77764648079018, 55.611297952457655, 49.25586408735745, 20.690222537288378, 40.37314222099034, 35.03619197748244, 65.81304938256758, 29.91144088636961, 17.58889141037965, 46.050481455108525, 30.905625096933875, 39.31158599499154, 0.0, 41.092814887342, 65.80293322223528, 33.980581187341414, 31.519035013770353, 17.508962009942195, 45.280151320949095, 40.22987841103113, 54.354777137337535, 15.050288554812182, 51.66921400242947, 25.58115125030193, 19.527861600235425, 59.85332596349284, 55.595993440046534, 46.831104157309326, 38.935239542006094, 68.54495789907095, 44.19191983936942, 41.549873730526336, 57.240989641400304, 34.94081778806368, 61.29687099148829, 21.113763460689594, 32.39699757139411, 51.38949271458859, 70.27552189879616, 24.48684466723614, 63.671716052139054, 20.80422840530513, 33.02799446653945, 42.065512958389306, 44.79319831600915, 13.371280353627613, 51.070299082430104, 52.69478107139306, 50.15789698375742, 36.751675048642646, 35.124310405873366, 67.49725836274578, 56.671829523006245, 22.24528839408791, 50.977521309166576, 54.63259866393916, 55.772955478760295, 32.67188718570028, 43.423459774251754, 49.70491844305832, 69.78700928512743, 21.95932354988221, 49.1098537672087, 23.975827380578274, 65.63631996817203, 54.61386949136529, 41.21460686347307, 49.05429877138498, 15.49549473558713, 21.130659028477385, 25.274623601084617, 21.51714483517892, 39.08865166563611, 40.35800216857698, 41.05867812746395, 60.02844638036864, 46.9022796346183, 53.613508522694865, 31.793867305039893, 36.287870627581135, 39.41519155337182, 44.71452297386854], [20.35919431868791, 90.59758342529129, 20.270172270747317, 61.66518137388296, 80.05346767148943, 69.63920348477019, 75.03417307615292, 61.7988024119423, 57.538764425425164, 24.372442354890794, 47.90820089725221, 5.694265714181449, 41.092814887342, 0.0, 71.05680178457064, 58.58115271291821, 31.802247884809066, 28.22293335904806, 47.35780756719307, 45.36720577191585, 88.11304637812891, 52.72279049930395, 20.14751200567014, 52.87956893988503, 48.82673462204905, 77.37824190478253, 91.33982954672159, 64.28657136762725, 66.41588081722085, 68.9280701666463, 58.45901927792576, 69.97790176480562, 59.86996200036748, 73.8500592131969, 72.64887938301834, 60.04069106029979, 60.31689890984768, 79.50455584046037, 76.25794022937805, 64.12237390302975, 103.81850488357351, 48.01341953254757, 28.449149288462028, 73.62903701845683, 7.865081905333418, 52.65323284176145, 13.89784689497573, 11.97893362477536, 42.467372946636466, 4.476603509458385, 75.81737635946523, 107.01545233140709, 97.43611531810419, 36.93674855463252, 44.552981099546095, 69.43456621836049, 74.52625340238588, 71.71788183735286, 9.005842358758567, 79.00477382532804, 69.42455914318195, 54.010841399987825, 80.23835821734664, 62.48664235136385, 74.2114550660425, 79.10112631946308, 72.81776157828807, 90.06440444852853, 52.680152595325936, 42.058305949814375, 45.332179542372266, 37.09147988911498, 58.43200444692133, 14.809047416465793, 5.448064335873987, 81.61272234823845, 11.52126968436263, 84.4715818863953, 61.566733664588035, 72.88401742782739, 56.15755935374788, 85.61502820929115], [88.22443059323027, 60.34800429700544, 55.85074665697109, 69.94596601510078, 70.30149330182378, 97.33536841734478, 7.111702159749939, 47.24051021936759, 77.26477984376442, 48.809343912114805, 95.64887847977748, 75.09751487270175, 65.80293322223528, 71.05680178457064, 0.0, 99.77201094948373, 89.23309707794995, 55.11957283598495, 24.142973531195935, 102.0429220922654, 56.08145725171074, 78.72933425432278, 91.16563745452072, 91.37145836299257, 48.18805293687325, 21.243761863150244, 62.75684285559235, 112.45317648919111, 104.21798687458801, 8.153050748958844, 109.22179231519927, 106.43548976594076, 11.19656038185586, 91.53559623864204, 10.35271707252441, 81.54368212295604, 97.90631893881421, 40.92878431610617, 5.20668586734278, 64.12259432955697, 87.10511749193581, 86.56560298674623, 43.74455404529438, 46.690334153919366, 66.01750922486961, 75.83407228906161, 66.11697632197519, 73.68233660533723, 29.624900767676394, 70.33999567653656, 73.80235726135545, 85.85288682863953, 87.44745184204432, 84.64399596217625, 27.4491728493469, 16.957130893313458, 23.127207088003388, 64.39492636461165, 63.72707366868998, 113.7315765987033, 9.527837399247312, 49.37470981662821, 47.22024992150355, 84.22689540599606, 5.876259799126226, 119.92926285548269, 104.78487686792133, 85.69633086996235, 57.56918898604393, 85.70721853838279, 40.57699909709982, 45.46207970390822, 29.38326366580305, 83.28039830839327, 65.97022100180254, 125.67180634585138, 82.57713123783374, 48.03327938861411, 96.92563352619723, 96.3701065805495, 27.511017888376344, 81.24817664059519], [45.8789297001358, 78.07049363981034, 74.47618880143477, 38.32024404082899, 56.77739813060115, 17.90139559397537, 99.57362093868568, 59.597737741059234, 27.31335634878592, 73.82033627598832, 11.695118925497143, 53.91922811339021, 33.980581187341414, 58.58115271291821, 99.77201094948373, 0.0, 28.964822694884123, 48.10096360417731, 78.86720640762066, 22.716537442275392, 78.41591599179843, 22.704307714625855, 57.07797157189276, 8.400715171785203, 52.474204152442, 92.44603424157017, 77.04923203231446, 14.123783385559028, 8.0399325186051, 102.44852964840504, 14.708468404869475, 11.659901132156378, 91.14349271509487, 29.257244302875336, 94.92777351452634, 24.485019955935602, 4.6693923550794, 80.36963803198296, 104.1979816791438, 46.09637088169171, 74.04070863519783, 13.46620452181184, 64.01747822049224, 69.87501826159952, 65.3756147941952, 25.919364595089345, 72.04448168454206, 70.06176184161285, 82.44725394700185, 54.43146469701105, 48.70637435002391, 79.67304090524351, 64.71963836797393, 21.703276698414083, 83.57056667324926, 87.98416233917985, 88.25226585067105, 52.91161057333645, 65.11411111639978, 20.532139968260974, 103.66283230609015, 53.24595675669182, 76.28056617888873, 23.705560731149756, 99.45184312534595, 21.604017516796876, 16.16153432063581, 56.04566281319466, 44.904736067858906, 17.10971597431118, 59.20792754920557, 55.11289763350875, 72.38845484143545, 48.637889951519796, 61.51647646323001, 26.232463896587518, 57.50895145970571, 80.45299215246679, 7.491231436852217, 23.26876196446338, 73.08380639649278, 54.00467316400622], [16.94043185787623, 86.91391318110622, 50.44683916392157, 48.8429903643102, 69.71915413203102, 43.893864643634906, 91.07286416835862, 61.197656014888274, 39.967421990486365, 51.902286329272854, 17.35997180734331, 26.47233498663433, 31.519035013770353, 31.802247884809066, 89.23309707794995, 28.964822694884123, 0.0, 34.26019626764112, 65.58149212440027, 14.127196143598985, 85.82138067626533, 33.602470847959374, 28.24478563525928, 25.858352297534186, 49.5250768892952, 88.2210449699962, 86.7387356435993, 32.54945102864804, 36.9994959050492, 89.67962517994427, 26.657461571977585, 40.61463234746045, 78.8865974529533, 51.889844729904425, 87.28667669742129, 40.331451970610765, 31.926926619311757, 82.47846180949205, 94.24610677925054, 54.71949946092447, 91.50399515571287, 22.820556314736777, 46.94956891224134, 73.49965106107004, 39.37651726297331, 35.418276602063656, 45.69771550907425, 42.364776617374595, 65.46559003179156, 28.297472223829807, 63.01207296693988, 96.15441281614662, 83.24054797662531, 11.180107481199935, 67.11923806292633, 81.7423239163313, 84.42576195785922, 62.947096917879804, 39.74353669601419, 49.33800324672187, 90.59307537030438, 52.99118533746544, 80.5624723838984, 41.72332489673952, 90.6006506809853, 47.94966922857516, 44.74166581067806, 74.76493208357317, 47.01099113295516, 16.238995527948184, 52.00565206714949, 44.767747777402036, 67.07261073946151, 19.88012052904004, 35.8666859828771, 49.95513170479717, 28.750448265484028, 85.07287436107812, 33.94437531462509, 48.406732356015254, 66.34268809756242, 71.2906004156666], [36.954065739243774, 62.46901897479384, 32.14038029805011, 35.78654012166311, 52.42315652899461, 52.185905055574295, 56.813009945707115, 33.747069719926444, 34.99349324622368, 28.554775818394695, 41.6070429769232, 28.599263997896898, 17.508962009942195, 28.22293335904806, 55.11957283598495, 48.10096360417731, 34.26019626764112, 0.0, 31.977316758171842, 46.94123927802501, 60.12599184909347, 32.38006282844429, 44.04024912139216, 40.07257751081254, 20.696268897480472, 54.73493080473998, 63.150343630003455, 59.11207919834017, 54.30871238576762, 56.15595494020123, 55.08684917972, 57.30794267767165, 45.08681169034602, 52.38643644449694, 53.07758318218117, 38.61933416856072, 47.605664640001436, 52.68969616383984, 60.074344465371034, 36.77782864047295, 76.23840746392703, 34.71866822706212, 16.061240154548557, 45.84677192017476, 29.724892888613443, 30.879153829789328, 35.361979661819504, 38.522794334554575, 34.35483609094631, 24.61049148129475, 49.03418123842576, 79.12214135638708, 70.47689785382437, 29.93345375223193, 35.53756227533307, 47.809975161987914, 51.178665044618214, 43.950001142018635, 27.929299556270124, 65.91501753632492, 57.193198187313826, 25.81244108483077, 52.653743319233605, 41.484789135537405, 56.342746704433004, 69.5842286841597, 57.823801707825154, 63.693209856404735, 24.95576254097669, 31.989007755250334, 19.057988029271304, 10.934097670962418, 33.89325012951918, 33.392269497216795, 26.45712005763336, 74.25057764251846, 37.1219114830712, 57.01401142357065, 47.5855433418016, 53.737523415413335, 32.639068275781995, 59.01490910451151], [64.08685626802855, 60.07999442483994, 34.45898149658618, 54.78410612979311, 61.88098340996392, 79.29187918219694, 27.67647267825432, 36.72040195690403, 59.597921606939344, 27.059823403509224, 73.41280067384685, 51.13707840287213, 45.280151320949095, 47.35780756719307, 24.142973531195935, 78.86720640762066, 65.58149212440027, 31.977316758171842, 0.0, 78.7665139539235, 56.23637351547568, 59.60112642533469, 67.3471049690451, 70.54615721729462, 31.35057310461979, 32.24898310791082, 61.92208082744992, 90.71690029315725, 84.20767688436055, 24.19141138835239, 86.95579581272766, 86.8166474887436, 13.334719594534642, 75.77319805277564, 25.559757199420467, 63.85167578979865, 77.63225433626549, 42.61099785084705, 29.32444902617498, 50.976621442666215, 83.06040754920352, 65.4188001297744, 19.606434022282002, 42.6419041463482, 42.99214523544901, 57.087726502982, 44.17231283249983, 51.30880808313093, 11.030740282636877, 46.35848577190318, 62.78090041316319, 83.57862613900146, 80.74550057738888, 61.89749791072489, 9.874556044217359, 23.934836947471506, 30.559273385510792, 54.17927809693532, 40.63077216215572, 94.8110672112839, 25.215996866598864, 34.7172900060007, 46.67164530856588, 66.72723397810698, 26.861832446008094, 99.85968592775397, 86.11707735594048, 76.72411739943783, 41.29683267205614, 63.61828411479444, 22.153333990144933, 23.796481024391564, 20.755249298850472, 59.175964075577156, 42.47107133363324, 105.08161250959442, 58.83880924723839, 49.54784884274373, 77.07132770960902, 79.34902062368876, 17.250937714790776, 71.88586725032556], [27.668707280681154, 93.37954130477819, 64.46481519413115, 53.583237742497516, 74.0750001987461, 40.33276900559781, 103.42098056702548, 69.97475189027821, 43.18051281530406, 66.02947325036833, 12.80785103839904, 39.83353297403291, 40.22987841103113, 45.36720577191585, 102.0429220922654, 22.716537442275392, 14.127196143598985, 46.94123927802501, 78.7665139539235, 0.0, 92.86694964435371, 36.91621209789406, 37.67052333553962, 24.072381076462037, 59.51979314529861, 99.38435849700573, 92.841717907058, 20.566005961262793, 29.89958359824013, 102.94835036709514, 14.230809176946893, 33.22741906562302, 91.98359528318431, 50.72802116314689, 99.38622053913673, 42.10548671610196, 27.005531125431936, 91.49811517697263, 106.95928085297709, 60.53267074888928, 93.94134504972358, 24.04862138995098, 60.60861864332934, 81.81377470265147, 53.097975872227764, 39.58193257027863, 59.22951501630605, 55.21218663059547, 79.27098743202755, 42.138251643409006, 66.56795254865258, 99.15777579310098, 85.01162038468686, 18.132374916290548, 80.86209999183795, 93.41145854154857, 95.42812400688085, 68.43102566930921, 53.618715404005236, 40.90842644981746, 103.92249084127288, 62.17839649240924, 88.75328247539223, 42.56210648851209, 103.03044635359016, 37.16411483195598, 38.63610080407176, 76.31550732250597, 55.08231783961136, 19.76630682922754, 63.4285828120794, 56.877390129177265, 78.26903856945181, 32.0579925447074, 49.72120604656388, 37.83403039318728, 40.5296528458228, 93.20371472226954, 29.67248530713039, 45.547904337108534, 77.9395453594782, 73.55124277091721], [95.06325334308193, 4.2687106982919865, 85.18941676143405, 40.18154533572099, 24.18155568334054, 66.44349025244495, 50.40182808220593, 26.381075641981177, 51.22120683785772, 78.46486712356946, 81.3194390084932, 88.70687990225215, 54.354777137337535, 88.11304637812891, 56.08145725171074, 78.41591599179843, 85.82138067626533, 60.12599184909347, 56.23637351547568, 92.86694964435371, 0.0, 56.73807804206359, 103.66300447817412, 71.64467743081767, 39.446184472983774, 35.623810256183155, 6.763235277634641, 92.46883890039776, 78.48832077215422, 63.740541810109974, 92.44024135532418, 78.8864417149378, 57.01486341159695, 55.534999813420846, 45.84714908129034, 53.97517088849492, 74.45778280874029, 15.170555218337048, 56.84726952552173, 32.60621546517004, 31.750111785934113, 69.4705639045521, 64.02045959278942, 14.718294144592992, 88.07091796300011, 53.73109350510279, 92.3065900919318, 97.27521984615665, 67.21331662706072, 84.70869663859179, 31.92346449722542, 29.823402558763302, 34.531478683202174, 75.84936919566748, 66.09090711659981, 39.43953356287672, 32.99399176065208, 25.54605087689257, 85.8843017243382, 82.62294520430376, 65.26207531772455, 34.5231147559572, 9.596070186242281, 55.18089699864181, 51.28935832660876, 91.90114886051977, 74.34677967163435, 36.34907955178541, 38.88260651664603, 73.11617741354647, 43.54393033492605, 51.28736177216064, 35.56714757275581, 92.5594398205507, 85.48944063463664, 98.88875885204955, 97.19202628615943, 8.126319044387873, 72.14030307595814, 62.680422339609756, 39.05337873032416, 33.51987200955961], [48.13245705467164, 56.86889309121064, 63.4721238644214, 16.767605116668584, 37.17774570972594, 20.004706792964555, 77.91479760222607, 36.89810652653368, 6.425211408457453, 60.771613363840665, 24.736737947889146, 49.77843476739183, 15.050288554812182, 52.72279049930395, 78.72933425432278, 22.704307714625855, 33.602470847959374, 32.38006282844429, 59.60112642533469, 36.91621209789406, 56.73807804206359, 0.0, 59.17194961490826, 15.071599184506134, 30.65422182144216, 70.00179645013586, 56.16318769701945, 36.73474800933253, 25.63823079549063, 82.19289660984782, 35.87914846033213, 27.707854300731743, 70.95380985818187, 21.149571736603978, 73.11375338725031, 7.3860012125392975, 19.731722531843406, 57.733196781021526, 82.89026727285083, 24.13186652448311, 58.00300839222452, 12.92337128283025, 48.07072469352027, 47.31646126874853, 57.60639411626825, 3.2150912840863315, 64.15670412156311, 64.67051747789245, 65.0741761523212, 48.24801919840706, 29.851836604667803, 62.84672307768845, 49.639066796892884, 22.426640819518198, 65.81364056357624, 65.94549075886665, 65.78817579909472, 31.69721975347172, 56.54916228823387, 35.262858792827, 83.50742441557583, 30.790538246480143, 53.866457008631144, 9.7757641559954, 77.89110390115617, 41.27240777462947, 26.515951228268282, 41.17407274108491, 22.341571737074137, 17.9478616573565, 38.3983579394242, 36.11569393980616, 50.43469899431086, 48.35378025128084, 53.71723412089017, 47.30831652954325, 56.217803226850954, 58.132643460538205, 18.334864702446648, 21.393269907969103, 51.486736713118084, 37.712314123359256], [11.394823222103359, 105.65554677930174, 38.88745419258945, 71.92254208491806, 92.04233572847514, 71.96490860796958, 95.00086199109339, 77.38013178445436, 65.0927545268854, 44.10720997082323, 45.38907916452359, 16.395911324016765, 51.66921400242947, 20.14751200567014, 91.16563745452072, 57.07797157189276, 28.24478563525928, 44.04024912139216, 67.3471049690451, 37.67052333553962, 103.66300447817412, 59.17194961490826, 0.0, 53.950398846470044, 64.36024206452272, 96.58150146671144, 106.04641790268813, 58.230616980337594, 65.07691865610548, 89.06162835369811, 51.90113794476083, 68.67246536811595, 79.98751099652534, 79.09565154870121, 92.4402392928836, 66.42909379338914, 60.169561068539466, 96.71404963886378, 96.36975052010939, 76.12357320671417, 115.20162850535995, 50.36008239226369, 48.09813083773866, 89.69407563773746, 26.402469940464904, 60.17413341170736, 29.67527171395234, 22.716735226876086, 62.580207140495965, 21.163090401185006, 86.4959215470964, 119.1589544144986, 107.75579656082394, 38.137102115080886, 64.67810832086717, 88.82932333627255, 93.50120805559709, 84.23887298650851, 28.344174432778804, 77.21243059073804, 89.5405504652029, 69.14364793550763, 96.59249733619829, 68.29151697263266, 94.20713006902095, 74.68307378712436, 72.97375006883195, 99.67942538372861, 65.862744517366, 43.67072391280225, 62.741354635528175, 54.36323060689054, 76.83272972493693, 11.31885739308672, 25.42546115141581, 75.4691911089714, 8.668974569354633, 100.99205266315967, 62.17489919587833, 76.26831132874005, 74.88973298702987, 95.69257179319742], [42.560305246249726, 71.59335270781627, 67.60645071176924, 31.48266614015771, 51.036341177313055, 18.0376471304944, 91.20029307412626, 51.72095881800355, 20.485134427911568, 66.48442461941211, 11.265854183312232, 48.63921739283974, 25.58115125030193, 52.87956893988503, 91.37145836299257, 8.400715171785203, 25.858352297534186, 40.07257751081254, 70.54615721729462, 24.072381076462037, 71.64467743081767, 15.071599184506134, 53.950398846470044, 0.0, 44.16234658054948, 84.25575462247369, 70.75042093129468, 21.89052847807308, 14.38110530512973, 94.07037513696858, 20.827952487551336, 17.656681837574595, 82.76472254082941, 26.91612566409064, 86.57309175859626, 18.514929697253134, 7.74021079525784, 72.74659910875167, 95.80219628020414, 39.