instance_id,num_cities,city_coordinates,distance_matrix,best_route,total_distance
653,31,"[[61.352497342718785, 88.14603858206878], [77.82903000069892, 64.153822506171], [41.725660623663984, 5.252035202939343], [61.40010229958007, 4.469922952712713], [72.88689700577162, 7.316674078295227], [68.5806830283972, 81.68333355779963], [6.031391924228613, 32.617391653237725], [23.930499859266195, 78.09508492017197], [90.64341106419944, 45.378858995854664], [78.35600212140574, 87.16736298790005], [71.82155728663997, 11.675784032453562], [41.5418901034886, 85.51273102489675], [1.9352655880254477, 6.069097995829697], [88.13186176523182, 95.43265069310114], [39.57527344485047, 46.62126939670985], [35.53730196620093, 52.49659046366364], [78.38914818183024, 60.48321350744351], [66.24690129961903, 8.930922727704992], [53.731856689846424, 25.67437767607843], [96.07503426947919, 30.899990094301767], [59.299295778488656, 21.21909751090678], [39.80290845237712, 42.40210614354504], [76.94689269065506, 23.418881721823492], [24.568033950635847, 66.404959111516], [66.67446223502, 48.51564664565999], [93.21280791500219, 47.998413080759306], [90.06279789934968, 94.99834712749113], [61.17681729482415, 21.64673376935371], [70.12671126176872, 67.19024262100591], [79.5944279735898, 28.122856502719173], [69.63409977956267, 92.95568567992868]]","[[0.0, 29.105026381401103, 85.18584692198324, 83.67612917104427, 81.64819986791456, 9.696041694287425, 78.38274895964342, 38.748258866239766, 51.83617729345706, 17.031646446466986, 77.18355425213562, 19.984855963396356, 101.32636184817828, 27.753001187806703, 46.88873997662149, 44.01485503184861, 32.48814188166374, 79.36617522542961, 62.93474859180145, 66.9534512784368, 66.95842798189149, 50.56572096077501, 66.57920096755844, 42.7290449646184, 39.98613854010239, 51.253402064211784, 29.5166985019285, 66.49953687097091, 22.718543400908185, 62.733965441953906, 9.576932918627485], [29.105026381401103, 0.0, 69.08598865102653, 61.903776389780035, 57.051609266978, 19.81957818494765, 78.41841176854872, 55.67234815510272, 22.73120359449342, 23.01957308727041, 52.82077479987519, 42.106525563515795, 95.57038609406487, 32.93195158376988, 42.08016527023384, 43.86891062058418, 3.713098813440475, 56.424412847551004, 45.401998149920665, 37.93064779110728, 46.7626096445089, 43.807797076866045, 40.74449124652397, 53.308548247544294, 19.208772118055656, 22.30824682980009, 33.18207009987896, 45.6524783651595, 8.279224665984696, 36.07418940384646, 29.945019679558587], [85.18584692198324, 69.08598865102653, 0.0, 19.689981077466232, 31.229559499730687, 81.01194724587474, 44.97714476975366, 74.98518279458942, 63.27012166789457, 89.73239573508967, 30.773812649283716, 80.26090620861976, 39.79878300525902, 101.42030819602186, 41.42508542897452, 47.64812467093568, 66.29249110443614, 24.79567417329056, 23.690099536933047, 60.09718800244978, 23.744046228505454, 37.19979498336281, 39.630411311990365, 63.51428387078906, 49.94179388958219, 66.91919872408315, 101.93566276856903, 25.438821453235757, 68.1392780671444, 44.239326481415496, 92.03701039858048], [83.67612917104427, 61.903776389780035, 19.689981077466232, 0.0, 11.834291047341848, 77.54657643553846, 62.1125919832411, 82.61135262038617, 50.2863018692441, 84.41782470036286, 12.67008910575769, 83.44030999373058, 59.48633596003693, 94.80930757104754, 47.46640034361261, 54.54764186737741, 58.53303681475868, 6.587258879022427, 22.54841215798722, 43.59930453832994, 16.88040984158607, 43.64961974286287, 24.51052284014933, 72.05935028054007, 44.36039504292124, 53.914540630528975, 94.95759949900618, 17.178262019890834, 63.324499234276125, 29.84115869487897, 88.86804217443705], [81.64819986791456, 57.051609266978, 31.229559499730687, 11.834291047341848, 0.0, 74.49123116823549, 71.4827592466549, 86.05993413236999, 42.000282287213665, 80.03776377501025, 4.4874032925069, 84.24448219141904, 70.96259893014944, 89.42502046574106, 51.52199023144251, 58.619255319466525, 53.4504974988598, 6.833398984388814, 26.531506758734636, 33.07359224625252, 19.439657517849646, 48.223830642187664, 16.6061631919168, 76.32914224009141, 41.664729524950936, 45.47687920861089, 89.34812454781635, 18.50612270536545, 59.93715738488163, 21.86065412476598, 85.70076427838634], [9.696041694287425, 19.81957818494765, 81.01194724587474, 77.54657643553846, 74.49123116823549, 0.0, 79.4976758944302, 44.794133380637994, 42.48268872847719, 11.208543266649093, 70.08252461563812, 27.30861783022161, 100.7924812941049, 23.901721939783958, 45.50452865754881, 44.087764793246286, 23.359175473796622, 72.78983321006066, 57.943858885933984, 57.74848330042597, 61.17244469544389, 48.694713642433655, 58.86204050030579, 46.589076021778105, 33.22241912947976, 41.73027011623379, 25.27391631088989, 60.491408827690584, 14.575317773570296, 54.681141905464585, 11.321466743178787], [78.38274895964342, 78.41841176854872, 44.97714476975366, 62.1125919832411, 71.4827592466549, 79.4976758944302, 0.0, 48.87329178346269, 85.56897119680397, 90.59000283025769, 69.04271712611198, 63.70959431814182, 26.862430029357142, 103.37429040316852, 36.34969847637845, 35.57781995498602, 77.53804819728711, 64.7066950129425, 48.20310967088094, 90.06001884806619, 54.47376148552427, 35.16043182709561, 71.50958560858366, 38.538381029343626, 62.6923957791028, 88.52782113160917, 104.65496068527473, 56.226090684922674, 72.82507799529466, 73.70021111922856, 87.669916006475], [38.748258866239766, 55.67234815510272, 74.98518279458942, 82.61135262038617, 86.05993413236999, 44.794133380637994, 48.87329178346269, 0.0, 74.30318943469572, 55.176458076106485, 81.88453402154332, 19.109749869352836, 75.30958188087547, 66.50117335439593, 35.14768846096597, 28.10695240664545, 57.2356741183258, 81.08242203244161, 60.299680073069474, 86.21027097097705, 66.97633663133944, 39.06305272883063, 76.15920893128573, 11.707497219297673, 51.98066456111851, 75.5370628588324, 68.25834100907971, 67.6291690778205, 47.46583543470383, 74.80438828118751, 48.05888576127631], [51.83617729345706, 22.73120359449342, 63.27012166789457, 50.2863018692441, 42.000282287213665, 42.48268872847719, 85.56897119680397, 74.30318943469572, 0.0, 43.55754222199228, 38.60258335412882, 63.4167725818545, 97.02779181090916, 50.11676309532056, 51.083248364928, 55.563885403815604, 19.450153829776408, 43.8593404749817, 41.84171877937413, 15.464157762790997, 39.57458323284656, 50.92757370390274, 25.881174962369933, 69.34012075828436, 24.17333127096457, 3.669313802423509, 49.622884983571936, 37.835088425107585, 29.94447238517614, 20.490233024045285, 52.00909149351854], [17.031646446466986, 23.01957308727041, 89.73239573508967, 84.41782470036286, 80.03776377501025, 11.208543266649093, 90.59000283025769, 55.176458076106485, 43.55754222199228, 0.0, 75.77385738158648, 36.85127746226368, 111.43185162702983, 12.80165663598019, 56.10642229005652, 55.09540407700703, 26.68417006685182, 79.16799168413498, 66.23998626807295, 58.99136676338071, 68.64642580691407, 59.07850075783887, 63.76405298535487, 57.65607456865097, 40.37837973864489, 41.891900353370715, 14.084508510452649, 67.73534708333662, 21.60570679718398, 59.05749270558245, 10.467867980047373], [77.18355425213562, 52.82077479987519, 30.773812649283716, 12.67008910575769, 4.4874032925069, 70.08252461563812, 69.04271712611198, 81.88453402154332, 38.60258335412882, 75.77385738158648, 0.0, 79.8044672050837, 70.11083151480312, 85.330174879663, 47.55007643473042, 54.61579828083748, 49.247318933346044, 6.213779281237346, 22.873519442380687, 30.948364164613178, 15.744264524789811, 44.37680411708792, 12.81286097426082, 72.30614131939939, 37.19768897163284, 42.1535168690138, 85.29591068637046, 14.58527778786377, 55.54032422869095, 18.191308681846195, 81.30933145813275], [19.984855963396356, 42.106525563515795, 80.26090620861976, 83.44030999373058, 84.24448219141904, 27.30861783022161, 63.70959431814182, 19.109749869352836, 63.4167725818545, 36.85127746226368, 79.8044672050837, 0.0, 88.76922628009079, 47.63433914379063, 38.94115263649456, 33.557720665408105, 44.544328202908304, 80.46807404349104, 61.067371131190484, 77.17781601328842, 66.70080034555642, 43.145683849529185, 71.47839064689435, 25.558144302580327, 44.72617169522777, 63.853017143264466, 49.43941146676657, 66.816135560612, 33.95299076608088, 68.85922840133175, 29.06148341845907], [101.32636184817828, 95.57038609406487, 39.79878300525902, 59.48633596003693, 70.96259893014944, 100.7924812941049, 26.862430029357142, 75.30958188087547, 97.02779181090916, 111.43185162702983, 70.11083151480312, 88.76922628009079, 0.0, 124.15996836023437, 55.328553178157584, 57.31150761942148, 93.84078074365397, 64.37527886305963, 55.382793727926135, 97.35948464224522, 59.33088946745372, 52.47900396505286, 76.99194240907757, 64.44112305296181, 77.41364915039622, 100.4472856614072, 125.19933427300882, 61.25540127141344, 91.57438278998548, 80.72988149816432, 110.14722543160073], [27.753001187806703, 32.93195158376988, 101.42030819602186, 94.80930757104754, 89.42502046574106, 23.901721939783958, 103.37429040316852, 66.50117335439593, 50.11676309532056, 12.80165663598019, 85.330174879663, 47.63433914379063, 124.15996836023437, 0.0, 68.84978731540637, 67.89471988659885, 36.28200142718737, 89.22724043463874, 77.77902675852931, 65.01967604803998, 79.61763835549438, 71.74905144696021, 72.87720119933111, 69.87823040832697, 51.5909416795889, 47.70558574885095, 1.9791750658149427, 78.55530509570829, 33.49356741768645, 67.84906904076318, 18.662865646918934], [46.88873997662149, 42.08016527023384, 41.42508542897452, 47.46640034361261, 51.52199023144251, 45.50452865754881, 36.34969847637845, 35.14768846096597, 51.083248364928, 56.10642229005652, 47.55007643473042, 38.94115263649456, 55.328553178157584, 68.84978731540637, 0.0, 7.129138187900283, 41.21492892905506, 46.17291375311971, 25.28203160207576, 58.646241108399906, 32.160649768525225, 4.225299546009478, 43.988506667868485, 24.831665589896343, 27.16532161132259, 53.65521063944518, 69.92375687356702, 33.020510694179414, 36.83032734286828, 44.08768545514358, 55.23052754525347], [44.01485503184861, 43.86891062058418, 47.64812467093568, 54.54764186737741, 58.619255319466525, 44.087764793246286, 35.57781995498602, 28.10695240664545, 55.563885403815604, 55.09540407700703, 54.61579828083748, 33.557720665408105, 57.31150761942148, 67.89471988659885, 7.129138187900283, 0.0, 43.58975650002394, 53.301471804247775, 32.41099999096341, 64.27464647850894, 39.27994291422729, 10.958741368607463, 50.59908447434682, 17.713485237012556, 31.390614254713565, 57.85064896972446, 69.13341468687211, 40.113568830835334, 37.580987868033496, 50.34986851253773, 52.91058501702727], [32.48814188166374, 3.713098813440475, 66.29249110443614, 58.53303681475868, 53.4504974988598, 23.359175473796622, 77.53804819728711, 57.2356741183258, 19.450153829776408, 26.68417006685182, 49.247318933346044, 44.544328202908304, 93.84078074365397, 36.28200142718737, 41.21492892905506, 43.58975650002394, 0.0, 52.96293840023682, 42.65720426440981, 34.46676187600385, 43.65882808517492, 42.612490421983665, 37.09238185418061, 54.145908507352864, 16.74683622131811, 19.38068960535196, 36.435814064421336, 42.47983631101753, 10.641997152234596, 32.38279488941057, 33.632013343225104], [79.36617522542961, 56.424412847551004, 24.79567417329056, 6.587258879022427, 6.833398984388814, 72.78983321006066, 64.7066950129425, 81.08242203244161, 43.8593404749817, 79.16799168413498, 6.213779281237346, 80.46807404349104, 64.37527886305963, 89.22724043463874, 46.17291375311971, 53.301471804247775, 52.96293840023682, 0.0, 20.903818435702345, 37.04534299241575, 14.116248155220195, 42.656826850596694, 18.010851495237652, 70.99572410886283, 39.58703292764185, 47.47029515471288, 89.30172715945623, 13.689324390290132, 58.38836596251314, 23.377056922052688, 84.09300745436515], [62.93474859180145, 45.401998149920665, 23.690099536933047, 22.54841215798722, 26.531506758734636, 57.943858885933984, 48.20310967088094, 60.299680073069474, 41.84171877937413, 66.23998626807295, 22.873519442380687, 61.067371131190484, 55.382793727926135, 77.77902675852931, 25.28203160207576, 32.41099999096341, 42.65720426440981, 20.903818435702345, 0.0, 42.6644080315877, 7.130631062950413, 21.767693922034834, 23.32434690443661, 50.094997962200864, 26.253278013206796, 45.3553532275141, 78.26717082959357, 8.46459413374599, 44.63584096396011, 25.978214757200224, 69.13505436457972], [66.9534512784368, 37.93064779110728, 60.09718800244978, 43.59930453832994, 33.07359224625252, 57.74848330042597, 90.06001884806619, 86.21027097097705, 15.464157762790997, 58.99136676338071, 30.948364164613178, 77.17781601328842, 97.35948464224522, 65.01967604803998, 58.646241108399906, 64.27464647850894, 34.46676187600385, 37.04534299241575, 42.6644080315877, 0.0, 38.02860269282787, 57.43562324538688, 20.539055059576253, 79.83641975635183, 34.27396959339308, 17.33633203212497, 64.37970457003142, 36.10413135120817, 44.61275485065266, 16.7129547018355, 67.45392776789245], [66.95842798189149, 46.7626096445089, 23.744046228505454, 16.88040984158607, 19.439657517849646, 61.17244469544389, 54.47376148552427, 66.97633663133944, 39.57458323284656, 68.64642580691407, 15.744264524789811, 66.70080034555642, 59.33088946745372, 79.61763835549438, 32.160649768525225, 39.27994291422729, 43.65882808517492, 14.116248155220195, 7.130631062950413, 38.02860269282787, 0.0, 28.78938994664857, 17.78417069612479, 56.991425993251625, 28.2753368667385, 43.21178135443153, 79.93604153775995, 1.9256063496574813, 47.22900706961098, 21.43721714760714, 72.4772119764031], [50.56572096077501, 43.807797076866045, 37.19979498336281, 43.64961974286287, 48.223830642187664, 48.694713642433655, 35.16043182709561, 39.06305272883063, 50.92757370390274, 59.07850075783887, 44.37680411708792, 43.145683849529185, 52.47900396505286, 71.74905144696021, 4.225299546009478, 10.958741368607463, 42.612490421983665, 42.656826850596694, 21.767693922034834, 57.43562324538688, 28.78938994664857, 0.0, 41.71376720626999, 28.42953308948001, 27.558225272402233, 53.70229056514471, 72.74902784823475, 29.793110975468476, 39.16611707647431, 42.276021526535295, 58.698929972705784], [66.57920096755844, 40.74449124652397, 39.630411311990365, 24.51052284014933, 16.6061631919168, 58.86204050030579, 71.50958560858366, 76.15920893128573, 25.881174962369933, 63.76405298535487, 12.81286097426082, 71.47839064689435, 76.99194240907757, 72.87720119933111, 43.988506667868485, 50.59908447434682, 37.09238185418061, 18.010851495237652, 23.32434690443661, 20.539055059576253, 17.78417069612479, 41.71376720626999, 0.0, 67.75948414989242, 27.117714452146753, 29.474283026234186, 72.77119510633746, 15.869334779871348, 44.29951365070954, 5.397853444998939, 69.92026919905611], [42.7290449646184, 53.308548247544294, 63.51428387078906, 72.05935028054007, 76.32914224009141, 46.589076021778105, 38.538381029343626, 11.707497219297673, 69.34012075828436, 57.65607456865097, 72.30614131939939, 25.558144302580327, 64.44112305296181, 69.87823040832697, 24.831665589896343, 17.713485237012556, 54.145908507352864, 70.99572410886283, 50.094997962200864, 79.83641975635183, 56.991425993251625, 28.42953308948001, 67.75948414989242, 0.0, 45.749085273576966, 71.06972582894429, 71.46429837988934, 57.82302096675249, 45.56544467609429, 67.03300246385979, 52.30574892502525], [39.98613854010239, 19.208772118055656, 49.94179388958219, 44.36039504292124, 41.664729524950936, 33.22241912947976, 62.6923957791028, 51.98066456111851, 24.17333127096457, 40.37837973864489, 37.19768897163284, 44.72617169522777, 77.41364915039622, 51.5909416795889, 27.16532161132259, 31.390614254713565, 16.74683622131811, 39.58703292764185, 26.253278013206796, 34.27396959339308, 28.2753368667385, 27.558225272402233, 27.117714452146753, 45.749085273576966, 0.0, 26.54338565426214, 52.03513898541043, 27.425582565243687, 18.991012563449413, 24.141072977393563, 44.53848362666146], [51.253402064211784, 22.30824682980009, 66.91919872408315, 53.914540630528975, 45.47687920861089, 41.73027011623379, 88.52782113160917, 75.5370628588324, 3.669313802423509, 41.891900353370715, 42.1535168690138, 63.853017143264466, 100.4472856614072, 47.70558574885095, 53.65521063944518, 57.85064896972446, 19.38068960535196, 47.47029515471288, 45.3553532275141, 17.33633203212497, 43.21178135443153, 53.70229056514471, 29.474283026234186, 71.06972582894429, 26.54338565426214, 0.0, 47.105375101954685, 41.48151030938118, 30.021561914469398, 24.093526547924395, 50.76526210798351], [29.5166985019285, 33.18207009987896, 101.93566276856903, 94.95759949900618, 89.34812454781635, 25.27391631088989, 104.65496068527473, 68.25834100907971, 49.622884983571936, 14.084508510452649, 85.29591068637046, 49.43941146676657, 125.19933427300882, 1.9791750658149427, 69.92375687356702, 69.13341468687211, 36.435814064421336, 89.30172715945623, 78.26717082959357, 64.37970457003142, 79.93604153775995, 72.74902784823475, 72.77119510633746, 71.46429837988934, 52.03513898541043, 47.105375101954685, 0.0, 78.83437738529246, 34.21605217825016, 67.68986641445318, 20.5305667885411], [66.49953687097091, 45.6524783651595, 25.438821453235757, 17.178262019890834, 18.50612270536545, 60.491408827690584, 56.226090684922674, 67.6291690778205, 37.835088425107585, 67.73534708333662, 14.58527778786377, 66.816135560612, 61.25540127141344, 78.55530509570829, 33.020510694179414, 40.113568830835334, 42.47983631101753, 13.689324390290132, 8.46459413374599, 36.10413135120817, 1.9256063496574813, 29.793110975468476, 15.869334779871348, 57.82302096675249, 27.425582565243687, 41.48151030938118, 78.83437738529246, 0.0, 46.41456453032898, 19.523026117182646, 71.80871987169355], [22.718543400908185, 8.279224665984696, 68.1392780671444, 63.324499234276125, 59.93715738488163, 14.575317773570296, 72.82507799529466, 47.46583543470383, 29.94447238517614, 21.60570679718398, 55.54032422869095, 33.95299076608088, 91.57438278998548, 33.49356741768645, 36.83032734286828, 37.580987868033496, 10.641997152234596, 58.38836596251314, 44.63584096396011, 44.61275485065266, 47.22900706961098, 39.16611707647431, 44.29951365070954, 45.56544467609429, 18.991012563449413, 30.021561914469398, 34.21605217825016, 46.41456453032898, 0.0, 40.1982377455853, 25.770151767015125], [62.733965441953906, 36.07418940384646, 44.239326481415496, 29.84115869487897, 21.86065412476598, 54.681141905464585, 73.70021111922856, 74.80438828118751, 20.490233024045285, 59.05749270558245, 18.191308681846195, 68.85922840133175, 80.72988149816432, 67.84906904076318, 44.08768545514358, 50.34986851253773, 32.38279488941057, 23.377056922052688, 25.978214757200224, 16.7129547018355, 21.43721714760714, 42.276021526535295, 5.397853444998939, 67.03300246385979, 24.141072977393563, 24.093526547924395, 67.68986641445318, 19.523026117182646, 40.1982377455853, 0.0, 65.59347434656864], [9.576932918627485, 29.945019679558587, 92.03701039858048, 88.86804217443705, 85.70076427838634, 11.321466743178787, 87.669916006475, 48.05888576127631, 52.00909149351854, 10.467867980047373, 81.30933145813275, 29.06148341845907, 110.14722543160073, 18.662865646918934, 55.23052754525347, 52.91058501702727, 33.632013343225104, 84.09300745436515, 69.13505436457972, 67.45392776789245, 72.4772119764031, 58.698929972705784, 69.92026919905611, 52.30574892502525, 44.53848362666146, 50.76526210798351, 20.5305667885411, 71.80871987169355, 25.770151767015125, 65.59347434656864, 0.0]]",Route_3,1423.8077000978826
