instance_id,num_cities,city_coordinates,distance_matrix,best_route,total_distance
2437,68,"[[87.97566975079468, 1.6560339732186846], [78.28180473370492, 16.74015171180535], [41.97477460432325, 47.720399426519364], [89.74239101408615, 73.74161236802168], [7.229320873141621, 93.09105674866788], [65.94846366178345, 3.735273471845346], [79.03836261557173, 68.72992457773958], [89.39051621098835, 11.335686615441265], [2.01301693143211, 94.64480903971909], [66.0373796067579, 48.67299258168123], [94.59562592236142, 89.07313447361635], [87.02985689704322, 24.74628169335722], [94.8182131902438, 89.64279892834057], [96.3172528181188, 80.21469281270902], [51.68196309411416, 91.45319250941975], [30.2461015389206, 27.911409291299027], [80.88800290672198, 66.80941683461411], [94.86750340454496, 57.72361470326024], [99.02234881492687, 99.90160214148656], [47.88052572198356, 37.49441615227184], [9.121722357046735, 90.89618390398635], [59.32134411953558, 82.29988154386905], [86.77045179190098, 80.85794770773329], [12.99757259081995, 74.29293010740581], [58.42364272836137, 20.853220550009844], [99.70144449595098, 48.04835324206545], [51.96152545779902, 51.67136696864421], [34.07191785471868, 38.79820749433765], [16.59211891772219, 11.297989473292358], [2.4699196094700726, 65.47978959350958], [73.9819534345915, 23.881689898320367], [97.86540394992335, 69.07751855213778], [99.34478569516081, 61.48564916836335], [90.02364141249527, 34.042824671589734], [55.93700476872091, 75.51803846580101], [33.85932550976774, 44.29979263564263], [55.836300108872535, 11.523517844716114], [64.86711435695051, 17.708045680603345], [47.72939587258147, 12.097393688089863], [69.4463525574025, 9.495411545931919], [47.45322864255539, 4.249098244693816], [58.816885499969786, 47.81041976916188], [30.939467249224574, 48.66348907235592], [66.78733968369515, 54.83060614582522], [54.192497062379495, 75.83279099702546], [17.034464821583228, 39.24641007278902], [53.19628804530302, 24.73808891261895], [75.0447835394056, 25.763846165753268], [75.21414903478244, 73.28824003923496], [32.12530827653529, 22.95626527131015], [33.71573944507759, 81.52949045156522], [48.52925838324727, 24.979235154834424], [2.9345032734503285, 82.55256249577005], [64.65937013947153, 69.40175736928298], [55.08093510227615, 68.06910385054806], [15.037533582126471, 6.452559216878417], [28.359900564503192, 55.32004275060108], [56.926249378352246, 1.6472367367547758], [11.31568818588261, 0.7931693469284795], [30.11864874058675, 40.493005910293], [62.682106816753134, 65.66191176278231], [78.56951872945719, 64.7715892391611], [67.99588212390643, 24.503161071685597], [90.36348330069166, 10.26403443652204], [68.49537369514218, 34.71343549851726], [95.12513858820853, 30.802100128044074], [72.25335630664861, 78.76900928019988], [57.79390626110832, 93.37773838278017]]","[[0.0, 17.930466444604882, 65.09998555216353, 72.10722513406999, 121.98498369479162, 22.125122485094238, 67.66669978398934, 9.782508153843223, 126.63526352525379, 51.88335929017917, 87.6674014649122, 23.109610592385245, 88.25242890701996, 79.00028409270755, 96.85433817881781, 63.419616673571, 65.53776254630718, 56.48956523138315, 98.8646589184007, 53.77741358510079, 119.08715035318404, 85.58329584901789, 79.21108312312067, 104.39269003976906, 35.23995280358302, 47.85123906981674, 61.632395084079064, 65.4610993059743, 72.03178906151953, 106.69913349558772, 26.264117682484187, 68.1429631389393, 60.9002434457821, 32.45147761916586, 80.51131449365246, 68.89897580423374, 33.620028538571596, 28.13667379496693, 41.57865502605251, 20.119429325428147, 40.605322504404796, 54.593607933410276, 73.91095474080629, 57.24054906071478, 81.50763178662565, 80.28506045408152, 41.741905227741825, 27.356798550313073, 72.76008079207601, 59.774264781405996, 96.56039087834927, 45.8256596584915, 117.37226385661718, 71.64588519950773, 74.11315280115588, 73.09567950414204, 80.2113818216103, 31.049421618703505, 76.66483749996449, 69.68317780796697, 68.82235623335542, 63.81260842156854, 30.350998834783972, 8.933046822070418, 38.37021931160523, 30.0101329047142, 78.69944155285391, 96.55987731528212], [17.930466444604882, 0.0, 47.728148772824525, 58.14216675384776, 104.29724906584836, 17.92311803321426, 51.995277309386914, 12.35361136119096, 109.0232251688042, 34.1998870277407, 74.1498560820984, 11.858605901790972, 74.75459033276873, 65.98708021708414, 79.30693563918165, 49.31760109053163, 50.137047967098646, 44.2123245167211, 85.70879188480862, 36.81001572959921, 101.40135159273731, 68.24644490634401, 64.67726719840637, 87.03076046743008, 20.279643327688948, 37.934212138962025, 43.737248432900905, 49.40720517048163, 61.92926986413579, 90.12765517270401, 8.336083544683289, 55.88127885115908, 49.455118133692615, 20.910600664367344, 62.88187383293128, 52.277054892677114, 23.043739860678738, 13.44956269322623, 30.903153387381504, 11.425912446310221, 33.26300528403944, 36.66394193116476, 57.09988079435855, 39.787000964838256, 63.81406398104509, 65.25157708226156, 26.32964388274646, 9.586728733543751, 56.631235241462925, 46.57319221381944, 78.63709423449943, 30.87226117920951, 100.04243724809885, 54.394994573929736, 56.32887074419203, 64.07552101103865, 63.092032051950206, 26.150637219380297, 68.83870286432055, 53.70184054380303, 51.34870184907808, 48.03229924007, 12.886602277417897, 13.707919315461762, 20.464925178222018, 21.941656468808965, 62.32111489437471, 79.3288955839838], [65.09998555216353, 47.728148772824525, 0.0, 54.395300352303025, 57.14668057577371, 50.09420198258801, 42.60410430166695, 59.767046760356685, 61.63474907756358, 24.08145330378659, 66.9253516188782, 50.574405839524836, 67.45306947481527, 63.316538448375496, 44.797172893030975, 23.020813670510396, 43.3431646574307, 53.830336017961336, 77.3130237417657, 11.808836953270891, 54.25376859912093, 38.68648417018792, 55.72028177229056, 39.316378563113254, 31.502548521418973, 57.72760146136413, 10.739894651639887, 11.918919987962793, 44.39449466437782, 43.31315628383326, 39.90919153080676, 59.83217350216446, 58.998307374179475, 49.957678616266215, 31.107115059449196, 8.806875996862557, 38.76023897708008, 37.74653092298308, 36.08481957529053, 47.07268096999753, 43.815151318807615, 16.842351471316146, 11.075532786352948, 25.811207360550338, 30.652557835775365, 26.340606439984878, 25.57555396200495, 39.695285892147005, 41.93531311586326, 26.65097235373277, 34.803251251880084, 23.666892699294888, 52.32038197176173, 31.379486242376693, 24.20415697219356, 49.28133104387887, 15.592285713564449, 48.438444629817965, 56.05483478662899, 13.88534974479046, 27.398749465408304, 40.372247542225864, 34.87317297538141, 61.19188187632324, 29.538505154463955, 55.77804265813098, 43.36829122470078, 48.32015652852947], [72.10722513406999, 58.14216675384776, 54.395300352303025, 0.0, 84.75144684265959, 73.939424291057, 11.819189416515242, 62.40691776488913, 90.18529097380522, 34.50164146549643, 16.081338848156882, 49.07036039459908, 16.69166572844184, 9.226569144894604, 41.979712297210305, 75.10137132813445, 11.24524449130511, 16.817937632276358, 27.757209545146498, 55.37395596521178, 82.425551495217, 31.60196299989455, 7.7119810300331375, 76.74679866984589, 61.4658114994029, 27.5558761567869, 43.75488011834778, 65.72855639639485, 96.17779550390645, 87.66266012748517, 52.29152188817775, 9.366808969929133, 15.569669796193816, 39.69978395851773, 33.85202843079276, 63.16437096428529, 70.85699885391418, 61.306932597238905, 74.59960762242218, 67.37583763566482, 81.34852655866986, 40.358563414755025, 63.92727204666828, 29.741562465964, 35.61134633843533, 80.47584428015327, 61.13070385043105, 50.17853839281605, 14.535314288921041, 76.80416461963014, 56.565331529826885, 63.845843503929686, 87.25389513451248, 25.45569244012879, 35.12255512924934, 100.541694823127, 64.08716221648933, 79.21172987328808, 107.10846397789967, 68.26756531529153, 28.240760306881548, 14.328097920551903, 53.82690530740483, 63.48061637758482, 44.43685784018515, 43.27557836533102, 18.197281519791186, 37.500441635782536], [121.98498369479162, 104.29724906584836, 57.14668057577371, 84.75144684265959, 0.0, 106.92237247109412, 75.82877578212316, 115.90687022331632, 5.44279091957803, 73.6977082164636, 87.4586471274378, 105.06728238163882, 87.65674269177683, 90.01366766466161, 44.48280566344706, 69.12422610694074, 78.20694365269671, 94.50559239665576, 92.04533397880097, 68.8731217621747, 2.8980424739134962, 53.198010754195636, 80.47633481118913, 19.66322183924664, 88.53905109543462, 102.85882940465459, 60.963602489329986, 60.565984618998776, 82.32719988884419, 28.018457743105024, 96.1553452165293, 93.76326344692515, 97.38665538816818, 101.69362430851659, 51.78078255532305, 55.5854711295471, 94.95210283753836, 94.89316938204848, 90.55511874505324, 104.20744180941223, 97.52361943172616, 68.6411895977698, 50.35851279385203, 70.78855617238433, 50.03386507692277, 54.730127201568735, 82.3716594649064, 95.56092434418775, 70.81022814392865, 74.42243723745136, 28.899830172686045, 79.65491246099533, 11.3800403924142, 62.124016803642114, 53.99884360955924, 86.98963984449323, 43.27991331478311, 104.07572685897118, 92.38830237989441, 57.362673248547864, 61.86573739611232, 76.75556051648807, 91.63446076471207, 117.35248010854725, 84.62550378706291, 107.72923878263609, 66.58262707153439, 50.565398068405564], [22.125122485094238, 17.92311803321426, 50.09420198258801, 73.939424291057, 106.92237247109412, 0.0, 66.29969929794031, 24.64337857666902, 111.14083410599407, 44.937807076444884, 90.01783393273509, 29.76386411782072, 90.62872264295912, 82.28830377117774, 88.87050331088356, 43.11779452050746, 64.81926714949935, 61.24583127497833, 101.69486048429772, 38.29007829600057, 104.04952106893707, 78.84361962098097, 79.88405392182878, 88.21666381761833, 18.698851361805826, 55.70379478916649, 49.934992741122144, 47.38695511272641, 49.932388685232816, 88.5545641178361, 21.6890537543424, 72.72069904428648, 66.71146991669441, 38.706095688579815, 72.477545897643, 51.722267954230574, 12.76372211121713, 14.014552419428263, 20.046433239318716, 6.739021988288573, 18.50237104572473, 44.64838102560845, 56.957654330744006, 51.10221848457084, 73.0496734009123, 60.44518264700662, 24.571044735475862, 23.83277260930439, 70.16742893790412, 38.90311511909727, 84.2074147917982, 27.472433829642593, 100.91047642788779, 65.67913572483808, 65.24526732405499, 50.983393800294245, 63.82702011891736, 9.260682911278073, 54.711937754771995, 51.33134063419459, 62.01272141307472, 62.32754506210501, 20.86856673848591, 25.27286892503816, 31.082684460463856, 39.79813393865336, 75.29816186748, 90.01260090514597], [67.66669978398934, 51.995277309386914, 42.60410430166695, 11.819189416515242, 75.82877578212316, 66.29969929794031, 0.0, 58.32037067214185, 81.26798332946963, 23.90200996338959, 25.610049403788416, 44.70374505823501, 26.19832051416661, 20.74752872133547, 35.562894992850744, 63.61474617697902, 2.666368166261229, 19.279537213589897, 37.027465300155555, 44.118791761390185, 73.34629941284304, 23.935424592758682, 14.383120248137063, 66.2746782535868, 52.126245448785, 29.23508757824808, 32.002335823676475, 54.0174864464431, 84.84079515075663, 76.63739192975159, 45.13237671191006, 18.83024978529022, 21.559924501123866, 36.38504157130178, 24.078023683964354, 51.361237723753106, 61.732557665051345, 52.95334175858508, 64.710856534903, 60.0061179470178, 71.80109785153567, 29.09525422079894, 52.11684535113895, 18.5277795687751, 25.841202496353056, 68.65683483245496, 51.02052942965516, 43.15127539184153, 5.9500293577427925, 65.5443556205907, 47.0953188503169, 53.33786896791381, 77.3489671927064, 14.39467901439761, 23.966539530943923, 89.30048349957842, 52.42262342232991, 70.63308403139868, 95.92582208769862, 56.48417461061453, 16.641508537062645, 3.98600467162122, 45.58445991376049, 59.552654588502186, 35.61286487567592, 41.198352256864894, 12.116911003853206, 32.539847128784274], [9.782508153843223, 12.35361136119096, 59.767046760356685, 62.40691776488913, 115.90687022331632, 24.64337857666902, 58.32037067214185, 0.0, 120.72794730074791, 44.03911223074856, 77.91151369733437, 13.616782760268283, 78.49499177198278, 69.2264196297036, 88.5480080455783, 61.42325593070143, 56.121542004107454, 46.7101408796746, 89.08812262180007, 49.06483915573678, 113.01748535322828, 77.07186303772149, 69.5716143620729, 98.99240548173755, 32.39646131114771, 38.13312382870419, 55.02632513950113, 61.76032202900258, 72.79840705360762, 102.40495105639931, 19.870229118160058, 58.36045645463421, 51.128330943059495, 22.715962806400462, 72.37756362894027, 64.57821170028176, 33.5547418228509, 25.33780177027952, 41.668083055448356, 20.028886044223036, 42.531821302806385, 47.59362408441769, 69.35337022086922, 49.01746233821732, 73.47637052546078, 77.55260573687242, 38.59593942172004, 20.34629779330324, 63.553821773695255, 58.432370207560304, 89.59269426085058, 43.078867301867504, 112.01109580398675, 63.113375435012614, 66.3010406179874, 74.51315963639195, 75.22871546699153, 33.87911867260447, 78.78339572211094, 66.05530668985486, 60.536582915867186, 54.5205436116238, 25.121957552626643, 1.44744718391658, 31.354842107682245, 20.293524801102436, 69.57682987314354, 87.916119218944], [126.63526352525379, 109.0232251688042, 61.63474907756358, 90.18529097380522, 5.44279091957803, 111.14083410599407, 81.26798332946963, 120.72794730074791, 0.0, 78.81958465021985, 92.75011075485497, 110.06210611708477, 92.93989755638259, 95.40187189199627, 49.77138363545751, 72.46001454896373, 83.64252788990893, 99.92562358782686, 97.15165642538899, 73.280254979366, 8.036534280173893, 58.62287608072904, 85.87141730234823, 23.127028324229784, 92.88356816270449, 108.23242847192768, 65.8905928600174, 64.39422359635765, 84.61230729961889, 29.168598172606398, 100.93040598360625, 99.20366142446052, 102.82510925863431, 106.85724369878585, 57.21564311325504, 59.571872950187675, 99.02572828272167, 99.34738607207103, 94.361343169357, 108.61710108081388, 101.17409436456327, 73.6215967138569, 54.32330359918059, 76.03212242263456, 55.46701875506348, 57.39883713818325, 86.64108009971206, 100.39036796588691, 76.2529263745634, 77.75601197134188, 34.30851492626835, 83.7678512528159, 12.127306525283087, 67.5409300195277, 59.350417397766726, 89.14881358043166, 47.33492918414837, 108.00005348153564, 94.31155796345307, 61.0110180341214, 67.2364990319888, 82.17850831454334, 96.29947704260796, 122.17168260403557, 89.50795101772967, 112.89711546628284, 72.01212601742807, 55.7952783168904], [51.88335929017917, 34.1998870277407, 24.08145330378659, 34.50164146549643, 73.6977082164636, 44.937807076444884, 23.90200996338959, 44.03911223074856, 78.81958465021985, 0.0, 49.4746894635143, 31.830356528266968, 50.06856712392594, 43.72355858298945, 45.12453311790343, 41.37703380442741, 23.440795572672194, 30.217375779232444, 60.92929206132987, 21.322099192649677, 70.86741088544566, 34.29100164680143, 38.28487454204779, 58.90333035669521, 28.842827620530215, 33.6698595062171, 14.391661439429376, 33.45597294269448, 61.981647783507476, 65.75173302889887, 26.033150828201993, 37.80698101763969, 35.68679684625714, 28.095952884549874, 28.68229524269889, 32.473867081652855, 38.52460896822428, 30.987053059971345, 40.90179339388128, 39.32561445662268, 48.154470769847435, 7.271833812942878, 35.09791364417235, 6.203115743102802, 29.630320491892334, 49.901363861522285, 27.16198163126097, 24.616301816322903, 26.27020183652443, 42.560294236084545, 46.08945513905363, 29.46062541392157, 71.62260997129566, 20.77451803801111, 22.276732447422606, 66.20837777840406, 38.25932177819779, 47.900254767856936, 72.71135389299711, 36.83839585243262, 17.31707915433, 20.401454000411647, 24.24905126662185, 45.464352923192564, 14.174306646063691, 34.13892967936206, 30.731231466556917, 45.458433210366024], [87.6674014649122, 74.1498560820984, 66.9253516188782, 16.081338848156882, 87.4586471274378, 90.01783393273509, 25.610049403788416, 77.91151369733437, 92.75011075485497, 49.4746894635143, 0.0, 64.7702466380791, 0.611606640578388, 9.024189039902359, 42.97961299954064, 88.7784766463829, 26.145210877866475, 31.35069867159689, 11.698358329341499, 69.58925757905413, 85.49334301522128, 35.91868471917507, 11.345600194364664, 82.92585090672291, 77.21637795138608, 41.34128757553425, 56.71471356639642, 78.68092221770821, 110.15225955396568, 95.09885218172073, 68.3728596684893, 20.26119701372094, 27.993282480179527, 55.21990618667766, 40.966200913457826, 75.45561826099416, 86.69618432667949, 77.30950975351868, 90.12052035224532, 83.4571742700455, 97.04392172337548, 54.61437439899943, 75.39924388530154, 44.111807147419995, 42.51728492101074, 92.18696315540973, 76.5042695801643, 66.25934970954145, 24.996090467277533, 90.96142577975172, 61.345473692998695, 78.93122416467962, 91.89275958516534, 35.820978315499694, 44.75019656964337, 114.6980798120511, 74.3400465061995, 95.19595329797652, 121.36268072253931, 80.72985493439288, 39.579768196899494, 29.11015651865739, 69.83428839237563, 78.92265378094488, 60.30091242251523, 58.27344015386561, 24.60390228363793, 37.05261373830801], [23.109610592385245, 11.858605901790972, 50.574405839524836, 49.07036039459908, 105.06728238163882, 29.76386411782072, 44.70374505823501, 13.616782760268283, 110.06210611708477, 31.830356528266968, 64.7702466380791, 0.0, 65.36219429441095, 56.24055791953207, 75.49361262335556, 56.87189908278404, 42.509172049689056, 33.895917087793826, 76.1061236305037, 41.17262517300863, 102.20316526398774, 63.87627522088416, 56.11226562809116, 89.08226248060168, 28.869904989977627, 26.524623856671575, 44.212533144054966, 54.790509454893936, 71.7100515637783, 93.85947826367925, 13.076517263304646, 45.636253585986694, 38.74840117690334, 9.76670144271262, 59.53601212068129, 56.6519655279084, 33.880369963944595, 23.253471204739746, 41.28584024220693, 23.27592458133064, 44.56954154265091, 36.440722004810304, 60.976754748462554, 36.26053062069082, 60.72992370936232, 71.48152652830919, 33.83356984367894, 12.02819275051068, 49.959310166766926, 54.933720227315, 77.88920282401288, 38.5013032667171, 102.0470215208878, 49.94547212324544, 53.829364881184766, 74.28024568030138, 66.15828475140204, 37.94460519687256, 79.4127630466459, 59.04951259233008, 47.61199132519358, 40.90968792408589, 19.035527397503063, 14.860974080026251, 21.0445057565453, 10.109724159105898, 56.00714298748101, 74.59904595166724], [88.25242890701996, 74.75459033276873, 67.45306947481527, 16.69166572844184, 87.65674269177683, 90.62872264295912, 26.19832051416661, 78.49499177198278, 92.93989755638259, 50.06856712392594, 0.611606640578388, 65.36219429441095, 0.0, 9.546533650155363, 43.174223759950294, 89.33264839705129, 26.747225956746334, 31.919222282503103, 11.086830012081178, 70.16124522147149, 85.7056562603741, 36.248395130518205, 11.91386060405534, 83.24803721962454, 77.82397350799708, 41.88011294079243, 57.25840836476449, 79.21669568393725, 110.71237958639155, 95.45710213177385, 68.98313693550925, 20.789808283813205, 28.518677059920847, 55.80631734744139, 41.367344928603075, 75.9735099024689, 87.30527833130085, 77.92096666581173, 90.7229110547654, 84.06744325955322, 97.65001729467852, 55.19097337046863, 75.89333316747974, 44.6947271595559, 42.90880014594675, 92.68283293015521, 77.10386524031054, 66.869343695011, 25.530196393068895, 91.52865178570886, 61.63877085258952, 79.52385690479595, 92.15686409998553, 36.32155802765915, 45.21587762224728, 115.26305922533724, 74.79812102384142, 95.80720164442202, 121.93001418378537, 81.25106641572309, 40.09753461368347, 29.708536535533554, 70.44579379869577, 79.50366576854465, 60.91081058310168, 58.841499288402986, 25.048194894825144, 37.212216761584614], [79.00028409270755, 65.98708021708414, 63.316538448375496, 9.226569144894604, 90.01366766466161, 82.28830377117774, 20.74752872133547, 69.2264196297036, 95.40187189199627, 43.72355858298945, 9.024189039902359, 56.24055791953207, 9.546533650155363, 0.0, 46.028393021903355, 84.26761239337266, 20.439255780904237, 22.537754277821996, 19.871888266379102, 64.58435235976107, 87.8473379466947, 37.05462552068854, 9.568447454742401, 83.52985326646548, 70.42520908616297, 32.34387352631497, 52.74610886030816, 74.76501174234345, 105.383153182135, 94.99704902392662, 60.59928065500708, 11.244261755990843, 18.972164640688078, 46.59882994417242, 40.65246603325845, 72.047711541616, 79.7319575247695, 69.97279574894968, 83.67046242607269, 75.65224400975092, 90.32421832876334, 49.5612193199164, 72.59292874211361, 38.94056529685302, 42.35204966708203, 89.24214622677803, 70.26429522329181, 58.45864050578058, 22.210734731508367, 86.01821474864121, 62.61531896769512, 73.03867602018927, 93.41200965174262, 33.453566455591755, 42.98778000780786, 109.75994311082209, 72.37365077869711, 87.88911369583096, 116.33161384401815, 77.2014740285923, 36.64841719392927, 23.525975288288688, 62.496998383362794, 70.20357525602711, 53.33311705784513, 49.42697089806089, 24.107283467676638, 40.710121574754616], [96.85433817881781, 79.30693563918165, 44.797172893030975, 41.979712297210305, 44.48280566344706, 88.87050331088356, 35.562894992850744, 88.5480080455783, 49.77138363545751, 45.12453311790343, 42.97961299954064, 75.49361262335556, 43.174223759950294, 46.028393021903355, 0.0, 67.06008033958858, 38.2139822714903, 54.796672443549085, 48.088332737853655, 54.09251770859752, 42.563885515583046, 11.922384161049314, 36.653257038118426, 42.319696056532976, 70.92112721157419, 64.72905580901218, 39.78280782538973, 55.52171773524371, 87.49944993019255, 55.64569060553307, 71.15614895641272, 51.318427434252236, 56.30096191182649, 69.03647319747122, 16.49346883000962, 50.40922068549842, 80.03756248185947, 74.91458399155377, 79.45417291880972, 83.86090503603236, 87.30656476802308, 44.222152030349854, 47.55218032968766, 39.6154797253801, 15.820863573592437, 62.657778997748785, 66.73228774730907, 69.7202381107315, 29.727584385386212, 71.23406340169576, 20.52474250119273, 66.54867807382165, 49.55336571421882, 25.586693521448804, 23.629824652718867, 92.56306971137097, 43.00608226900355, 89.9589474753507, 99.24049551362779, 55.33459265348268, 28.039139153522257, 37.87939546924084, 68.90900277630064, 89.9329716737851, 59.17846569230246, 74.60472172768188, 24.16755517004422, 6.407786364668784], [63.419616673571, 49.31760109053163, 23.020813670510396, 75.10137132813445, 69.12422610694074, 43.11779452050746, 63.61474617697902, 61.42325593070143, 72.46001454896373, 41.37703380442741, 88.7784766463829, 56.87189908278404, 89.33264839705129, 84.26761239337266, 67.06008033958858, 0.0, 63.856535804770374, 71.16665771696384, 99.56284475635252, 20.07005074148164, 66.43283246129589, 61.672324790704835, 77.44893867448768, 49.4849191581477, 29.048095562192934, 72.31556662956474, 32.188433090255124, 11.539464701445725, 21.504347455092073, 46.721509833367506, 43.92110403241485, 79.16450347362735, 76.82354935465099, 60.09116846844031, 54.09633675325445, 16.78196937503651, 30.387847059549244, 36.09325639947524, 23.574322265040013, 43.3106067017002, 29.257309979335727, 34.81752883458333, 20.763659871216724, 45.38617900248775, 53.57134199506172, 17.40774504257446, 23.16853519114845, 44.850127495457386, 63.884129987947006, 5.299516036538428, 53.730224404042225, 18.516788851223666, 61.08665176066628, 53.904749692452256, 47.21662197185977, 26.301763929685144, 27.47345886892048, 37.43844346001587, 33.072034823961665, 12.582242157059436, 49.77142629293484, 60.776850154967896, 37.903325581551165, 62.6540455928868, 38.849380702971196, 64.94340260531872, 65.96290571034494, 71.02620495089047], [65.53776254630718, 50.137047967098646, 43.3431646574307, 11.24524449130511, 78.20694365269671, 64.81926714949935, 2.666368166261229, 56.121542004107454, 83.64252788990893, 23.440795572672194, 26.145210877866475, 42.509172049689056, 26.747225956746334, 20.439255780904237, 38.2139822714903, 63.856535804770374, 0.0, 16.6726792849484, 37.735225319359266, 44.1459263704677, 75.70053746037006, 26.553253438168305, 15.230378346571904, 68.30163613986416, 51.152902705244294, 26.569213228001058, 32.64814927905776, 54.55615151659067, 84.94397721803601, 78.42935481447635, 43.479687892491974, 17.12823492315331, 19.209251236418062, 34.016311570864616, 26.427114840589564, 52.138082811757826, 60.69693929839446, 51.64894499530575, 63.9757664841177, 58.444901958572686, 70.93431886025341, 29.122089778649162, 53.14255271137605, 18.50190824880137, 28.17927099057384, 69.54849867353487, 50.366930669698164, 41.45940284310703, 8.612071056189501, 65.58124190369489, 49.415615015734154, 52.88527627325852, 79.52732071673769, 16.43437710842617, 25.837793250225086, 89.32656140117066, 53.76994748478932, 69.42820282320575, 95.90856013918092, 57.18462036583088, 18.242023471331866, 3.0867637079985566, 44.226983335482274, 57.33380328604552, 34.40536697526678, 38.719799700157225, 14.750897375165716, 35.202457439271036], [56.48956523138315, 44.2123245167211, 53.830336017961336, 16.817937632276358, 94.50559239665576, 61.24583127497833, 19.279537213589897, 46.7101408796746, 99.92562358782686, 30.217375779232444, 31.35069867159689, 33.895917087793826, 31.919222282503103, 22.537754277821996, 54.796672443549085, 71.16665771696384, 16.6726792849484, 0.0, 42.38213497127474, 51.156588488256666, 91.93888358481665, 43.214839253849675, 24.510397964530718, 83.52980177401462, 51.841884090001216, 10.815621610322019, 43.33073558350716, 63.67318321216386, 91.0075518545212, 92.72255248911141, 39.7678522433715, 11.743020918381102, 5.84798769035007, 24.17111531398766, 42.804500243254495, 62.46756573569873, 60.480441304995196, 50.012689461916, 65.6029970795552, 54.517836440725574, 71.46773650874171, 37.38874810826259, 64.56686211303536, 28.228799002138263, 44.52413286043726, 79.99618107143063, 53.14635548371481, 37.60807131219057, 25.07013960536977, 71.73110647414106, 65.62208435807376, 56.73999774114542, 95.22685105361315, 32.38688517731238, 41.109611564301495, 94.87647344065803, 66.55102098135191, 67.70597405637456, 101.10381513476024, 67.00229891332583, 33.149906692457805, 17.756639589970366, 42.72800685425973, 47.672821986860406, 34.99939388680826, 26.922747313590374, 30.891880516802058, 51.436058757532514], [98.8646589184007, 85.70879188480862, 77.3130237417657, 27.757209545146498, 92.04533397880097, 101.69486048429772, 37.027465300155555, 89.08812262180007, 97.15165642538899, 60.92929206132987, 11.698358329341499, 76.1061236305037, 11.086830012081178, 19.871888266379102, 48.088332737853655, 99.56284475635252, 37.735225319359266, 42.38213497127474, 0.0, 80.68545675871427, 90.35054064670338, 43.42799030372087, 22.644419949626474, 89.75559151248896, 88.86451242276101, 51.85769559447568, 67.38602733414747, 89.17501510693451, 121.01794486257565, 102.50479386137418, 80.03779393675347, 30.84578821401423, 38.417306105125974, 66.47071012667135, 49.50661621547313, 85.66084768780233, 98.36524074493369, 89.00764441646422, 101.68847547128041, 95.12107470284832, 108.6681906404926, 65.80251181616968, 85.20928935963768, 55.412006765064135, 50.88244567690423, 101.9856139197905, 88.03170773401715, 77.91874291631804, 35.70856226672856, 101.9597905983537, 67.8416370331158, 90.34884203034568, 97.64150366228132, 45.946216760232964, 54.2600754377372, 125.643037265154, 83.55056571003486, 106.89247826138438, 132.34402052866528, 90.97857544551687, 49.92964636080816, 40.65016685110465, 81.53261035368149, 90.05481384165819, 71.98189550321308, 69.20931603517681, 34.10521134590962, 41.74140958036371], [53.77741358510079, 36.81001572959921, 11.808836953270891, 55.37395596521178, 68.8731217621747, 38.29007829600057, 44.118791761390185, 49.06483915573678, 73.280254979366, 21.322099192649677, 69.58925757905413, 41.17262517300863, 70.16124522147149, 64.58435235976107, 54.09251770859752, 20.07005074148164, 44.1459263704677, 51.156588488256666, 80.68545675871427, 0.0, 65.98479853185803, 46.24307574722274, 58.247937462927766, 50.70454662510204, 19.699916428323167, 52.8847162294878, 14.752643603556855, 13.870022461969388, 40.80707256219315, 53.341393627757625, 29.43791508754514, 59.12681632442581, 56.78159311096488, 42.28422500003247, 38.86775924172156, 15.58548056594525, 27.16214102379412, 26.07766572942646, 25.397472123767443, 35.34160644397931, 33.24806378678337, 15.034091120425051, 20.29156603299988, 25.651726992063377, 38.85449739655394, 30.895775694562765, 13.819595280728485, 29.58890290260835, 45.036926980611305, 21.437926853848637, 46.25720418285905, 12.531983460905495, 63.642607472165636, 36.05007688653445, 31.4111035000512, 45.19135995625875, 26.434972482715363, 36.970872163307945, 51.8070348611864, 18.013212218790496, 31.81972048703707, 41.05920680462399, 23.945777743586387, 50.46083008651119, 20.801581919483894, 47.716250257617745, 47.93356765967654, 56.755799855453745], [119.08715035318404, 101.40135159273731, 54.25376859912093, 82.425551495217, 2.8980424739134962, 104.04952106893707, 73.34629941284304, 113.01748535322828, 8.036534280173893, 70.86741088544566, 85.49334301522128, 102.20316526398774, 85.7056562603741, 87.8473379466947, 42.563885515583046, 66.43283246129589, 75.70053746037006, 91.93888358481665, 90.35054064670338, 65.98479853185803, 0.0, 50.930329268163014, 78.29490001768292, 17.049640807603726, 85.65451574614117, 100.20290741886559, 58.08472254665877, 57.764274438032736, 79.94797922024243, 26.272410995915557, 93.26195356236083, 91.38651530939248, 94.89563062411584, 98.88086247025905, 49.2763434560925, 52.75578346469789, 92.09925022435203, 92.0002842703649, 87.74851448184742, 101.31706050462319, 94.74714680329308, 65.77227615708206, 47.53540264815031, 68.0150668653161, 47.52136928170676, 52.25237439699669, 79.49503678529378, 92.6718480170774, 68.3977232902975, 71.72863799745508, 26.317306525516294, 76.79842464565674, 10.387381681254666, 59.55199990983036, 51.31593144363004, 84.65059109508879, 40.44464513514052, 101.24548075934068, 90.12972161461214, 54.60175152336904, 59.207121817969714, 74.19899505643727, 88.73669009527079, 114.4629514252007, 81.74186009389535, 104.9184755336277, 64.28585823882524, 48.73540395464075], [85.58329584901789, 68.24644490634401, 38.68648417018792, 31.60196299989455, 53.198010754195636, 78.84361962098097, 23.935424592758682, 77.07186303772149, 58.62287608072904, 34.29100164680143, 35.91868471917507, 63.87627522088416, 36.248395130518205, 37.05462552068854, 11.922384161049314, 61.672324790704835, 26.553253438168305, 43.214839253849675, 43.42799030372087, 46.24307574722274, 50.930329268163014, 0.0, 27.486954818548057, 47.010669852178516, 61.45321810191859, 52.95016239275037, 31.50036247122255, 50.29840128487285, 82.86769795251408, 59.287435111010026, 60.229715096659376, 40.74893165830997, 45.11217291307342, 57.19593164762403, 7.579389710063205, 45.74189708262302, 70.8621139271969, 64.82947499180642, 71.15309245072126, 73.50514708200647, 78.9479381528723, 34.493150798496806, 44.01065590489603, 28.465807219498032, 8.253988870647477, 60.34717529819182, 57.88675394972093, 58.68176755573985, 18.269946105069337, 65.27855051912897, 25.617191360095003, 58.32774311591479, 56.387407000723144, 13.959087685538584, 14.849111164994937, 87.82865238569676, 41.067294631156116, 80.68819983864915, 94.59327214329342, 50.99619856064738, 16.974002602314062, 26.033310525811245, 58.4440630597239, 78.4396435064269, 48.46269354752459, 62.72107452130474, 13.405371988497304, 11.18266419753212], [79.21108312312067, 64.67726719840637, 55.72028177229056, 7.7119810300331375, 80.47633481118913, 79.88405392182878, 14.383120248137063, 69.5716143620729, 85.87141730234823, 38.28487454204779, 11.345600194364664, 56.11226562809116, 11.91386060405534, 9.568447454742401, 36.653257038118426, 77.44893867448768, 15.230378346571904, 24.510397964530718, 22.644419949626474, 58.247937462927766, 78.29490001768292, 27.486954818548057, 0.0, 74.06441224846048, 66.3634603178406, 35.26584837082153, 45.42596006439823, 67.42519726294232, 98.8108607116455, 85.69170014200404, 58.39383224450673, 16.182597890289742, 23.095450283749482, 46.92801921663433, 31.292428573751284, 64.31240927471835, 75.92222931907531, 66.84060380356698, 79.07096708896215, 73.43525026668841, 86.10899983292154, 43.28441949810635, 64.44828936309789, 32.81382754738236, 32.96324216951244, 81.20731459092039, 65.39620036719981, 56.3280686752669, 13.814796690531063, 79.61593143826997, 53.058962219977204, 67.71129440416537, 83.85307378545012, 24.902695213795724, 34.17279612828712, 103.35266513914985, 63.74933006932684, 84.64640069269788, 110.01722630935991, 69.56116240601244, 28.48100897233054, 18.056196495222572, 59.39988588383685, 70.68529172583543, 49.63158758763536, 50.748287344357486, 14.66661941559678, 31.56557221792583], [104.39269003976906, 87.03076046743008, 39.316378563113254, 76.74679866984589, 19.66322183924664, 88.21666381761833, 66.2746782535868, 98.99240548173755, 23.127028324229784, 58.90333035669521, 82.92585090672291, 89.08226248060168, 83.24803721962454, 83.52985326646548, 42.319696056532976, 49.4849191581477, 68.30163613986416, 83.52980177401462, 89.75559151248896, 50.70454662510204, 17.049640807603726, 47.010669852178516, 74.06441224846048, 0.0, 70.13793841937236, 90.58884709599812, 45.05468612543144, 41.27957559957058, 63.09741126854353, 13.729636667202962, 79.1226127369179, 85.02793257093835, 87.29185331941356, 86.9084936339123, 42.9569054547737, 36.53492890716104, 75.9944451336376, 76.76130866929611, 71.23611653481657, 85.93708845103029, 78.05978872612557, 52.921949976184564, 31.285457191838947, 57.20245709662544, 41.22369432470695, 35.27825201763252, 63.80923922153469, 78.77136773418528, 62.22468791838581, 54.78433561663597, 21.945620141967293, 60.78109249698499, 13.018713119087517, 51.89282124448447, 42.54110263669936, 67.87103478959466, 24.41252906654719, 84.89479023830691, 73.51900140099139, 37.88886543902688, 50.42863689326882, 66.2596110186111, 74.18783695544408, 100.42501491561134, 68.16555083698763, 92.9321762843697, 59.42460086982651, 48.69231373849069], [35.23995280358302, 20.279643327688948, 31.502548521418973, 61.4658114994029, 88.53905109543462, 18.698851361805826, 52.126245448785, 32.39646131114771, 92.88356816270449, 28.842827620530215, 77.21637795138608, 28.869904989977627, 77.82397350799708, 70.42520908616297, 70.92112721157419, 29.048095562192934, 51.152902705244294, 51.841884090001216, 88.86451242276101, 19.699916428323167, 85.65451574614117, 61.45321810191859, 66.3634603178406, 70.13793841937236, 0.0, 49.43108496586875, 31.4883646494842, 30.249447280135282, 42.90895973161713, 71.57059309143526, 15.85032045812486, 62.299562165851135, 57.66744486393369, 34.242160763031016, 54.72134579950431, 33.958024426966745, 9.681822886202191, 7.170108199154273, 13.821411644556349, 15.827190443927615, 19.900926178043665, 26.960067314798632, 39.09975622753903, 34.99162983753946, 55.142141418203096, 45.29209057462247, 6.512867200956367, 17.33137518486503, 55.05771854028628, 26.382289363129416, 65.51404592774362, 10.720206998377634, 82.98104237707797, 48.947366871344464, 47.334060993364304, 45.71360315792832, 45.73609543349884, 19.264267468026578, 51.20122103472232, 34.45132586194543, 45.01059124910175, 48.31852055027916, 10.244502567591821, 33.64943206551871, 17.133164421263224, 38.02604374910181, 59.54409762434451, 72.52725180850305], [47.85123906981674, 37.934212138962025, 57.72760146136413, 27.5558761567869, 102.85882940465459, 55.70379478916649, 29.23508757824808, 38.13312382870419, 108.23242847192768, 33.6698595062171, 41.34128757553425, 26.524623856671575, 41.88011294079243, 32.34387352631497, 64.72905580901218, 72.31556662956474, 26.569213228001058, 10.815621610322019, 51.85769559447568, 52.8847162294878, 100.20290741886559, 52.95016239275037, 35.26584837082153, 90.58884709599812, 49.43108496586875, 0.0, 47.877198103400765, 66.27820126939496, 90.87215874625839, 98.78170075993226, 35.291923121661455, 21.109164799323697, 13.442028392734603, 17.023944991116384, 51.67116982350477, 65.94874023975542, 57.08077165651059, 46.19485706393073, 63.194662203080675, 49.00714133302913, 68.17808150855964, 40.88525133386604, 68.76472865480548, 33.6056133710236, 53.32015826937144, 83.13425125685262, 52.020169161661805, 33.23477373415136, 35.16645453463425, 72.08430526180541, 73.99391745205958, 56.13178102355025, 102.73451888134937, 41.03553146999933, 48.90624002597297, 94.33020667744664, 71.71118015226943, 63.10927768789671, 100.22521800158883, 69.99177622004214, 40.99596084944461, 26.948560421943878, 39.49200880770342, 38.921103104654044, 33.93580536914202, 17.843088920759506, 41.19655632041452, 61.73325617639205], [61.632395084079064, 43.737248432900905, 10.739894651639887, 43.75488011834778, 60.963602489329986, 49.934992741122144, 32.002335823676475, 55.02632513950113, 65.8905928600174, 14.391661439429376, 56.71471356639642, 44.212533144054966, 57.25840836476449, 52.74610886030816, 39.78280782538973, 32.188433090255124, 32.64814927905776, 43.33073558350716, 67.38602733414747, 14.752643603556855, 58.08472254665877, 31.50036247122255, 45.42596006439823, 45.05468612543144, 31.4883646494842, 47.877198103400765, 0.0, 22.039879651284817, 53.6749897939386, 51.3818215406309, 35.45652831220208, 49.09317848303642, 48.38898103718733, 41.94627724206024, 24.175776662702663, 19.545581370362743, 40.3343980725422, 36.332649473284924, 39.79962665699394, 45.65665772394693, 47.636082029286364, 7.867837986701428, 21.23615456629735, 15.15867935010895, 24.264205022618874, 37.071270797610296, 26.961567192777785, 34.699228201997265, 31.748601615865176, 34.900323459109934, 34.991659651170885, 26.91189993361391, 57.9421879242508, 21.808301247895084, 16.691809110405224, 58.379120844064495, 23.881991804823983, 50.269892471183454, 65.12046591333227, 24.537054004794392, 17.625725752738216, 29.65807022517738, 31.546980922989757, 56.47368903828619, 23.684163005709472, 47.94396517744264, 33.853221678938276, 42.11220823429552], [65.4610993059743, 49.40720517048163, 11.918919987962793, 65.72855639639485, 60.565984618998776, 47.38695511272641, 54.0174864464431, 61.76032202900258, 64.39422359635765, 33.45597294269448, 78.68092221770821, 54.790509454893936, 79.21669568393725, 74.76501174234345, 55.52171773524371, 11.539464701445725, 54.55615151659067, 63.67318321216386, 89.17501510693451, 13.870022461969388, 57.764274438032736, 50.29840128487285, 67.42519726294232, 41.27957559957058, 30.249447280135282, 66.27820126939496, 22.039879651284817, 0.0, 32.5853550246556, 41.35931716563449, 42.60649524637069, 70.61476861332966, 69.1033087907384, 56.15344187916479, 42.73672907850707, 5.505691107586718, 34.89408302833161, 37.32477800256243, 29.991001379152348, 45.93478508634111, 37.04997204242535, 26.33502219195983, 10.350653477411319, 36.43263141701531, 42.14733779100773, 17.04334742377878, 23.736648241032317, 42.996166080936696, 53.68654888723884, 15.961090885262726, 42.732767359839244, 19.999467284850134, 53.70272030723541, 43.268574071955484, 36.0300455065516, 37.53063744630255, 17.481366701686397, 43.61783004257466, 44.29705309980385, 4.3012414904855305, 39.24540125244957, 51.523325231101474, 36.81281983172308, 63.11053297549966, 34.664963208626446, 61.57461729434889, 55.27646187721498, 59.511830134481116], [72.03178906151953, 61.92926986413579, 44.39449466437782, 96.17779550390645, 82.32719988884419, 49.932388685232816, 84.84079515075663, 72.79840705360762, 84.61230729961889, 61.981647783507476, 110.15225955396568, 71.7100515637783, 110.71237958639155, 105.383153182135, 87.49944993019255, 21.504347455092073, 84.94397721803601, 91.0075518545212, 121.01794486257565, 40.80707256219315, 79.94797922024243, 82.86769795251408, 98.8108607116455, 63.09741126854353, 42.90895973161713, 90.87215874625839, 53.6749897939386, 32.5853550246556, 0.0, 55.99199922818587, 58.753234994002625, 99.71870857817281, 96.78225583466241, 76.87337656235788, 75.31423992332613, 37.246146585370326, 39.24482921876659, 48.69870640210478, 31.14753703364436, 52.88496289893869, 31.65588351319242, 55.82193546479756, 40.0253290359128, 66.4428243085922, 74.68955110541799, 27.951920934079503, 38.99360807183055, 60.21606937705097, 85.31901066159796, 19.421518123962198