instance_id,num_cities,city_coordinates,distance_matrix,best_route,total_distance
150,99,"[[86.83086124342722, 66.74376492285768], [69.48514643014228, 20.58329412446318], [44.281480042430545, 52.354533768405986], [23.68068094872037, 69.85367729529392], [8.306674511692469, 47.786305138104964], [40.48151837482597, 90.03175057691934], [94.17675754935915, 71.83020738708419], [76.02613893564816, 95.27422573781519], [79.04794629473659, 3.7848563185596817], [3.06192830655162, 32.60842674012429], [88.45611965942356, 89.66499100002986], [96.06242838148968, 13.884032124236922], [55.258057856282015, 97.05528034128776], [96.70831604340249, 56.94330951805171], [12.875213838952204, 7.893143724059626], [61.37396705569539, 81.34740563841066], [67.42500227842069, 51.72098717230851], [60.01676475100414, 58.44760470648846], [63.38640986104416, 70.63680370284193], [13.0821706652007, 60.06371363667399], [54.01225967660031, 2.206845057267981], [66.89725732414206, 47.44824311653052], [70.37444712845281, 5.857443847699006], [84.47222819779122, 42.13633947946841], [67.30383299511816, 88.74764114984299], [64.53148753207249, 80.67950830721135], [66.33137506536697, 73.78488883627762], [42.725441496166674, 9.61381803586031], [50.354241610779106, 22.571965090187607], [80.36922009238052, 21.124172156720256], [51.37565747886696, 81.98318438736845], [76.92760625266365, 91.38561965066474], [82.69518770308774, 7.477176897442717], [75.48762776744935, 17.64937881498637], [87.9316717695491, 14.278822722033556], [46.36937184052067, 14.999988289118049], [27.30854444145837, 32.761272760593144], [97.21301180166063, 99.54847588569591], [59.53948658356711, 54.30788913262755], [77.1318826882062, 22.335202703188806], [30.404027480140485, 96.36605168824033], [59.93401089081043, 81.5241602474078], [40.58033097597566, 24.923667530453887], [85.67479539070303, 76.13402836199515], [88.60550701343956, 72.83227629872006], [89.88434788132827, 94.26818624772898], [58.320738591348196, 58.591352171196945], [62.97332977167316, 68.3661690262848], [52.376352270111795, 52.590195420903015], [59.12226267476824, 67.49298886023337], [42.35433985062923, 7.007332696585622], [61.066635952100626, 53.47503076114442], [39.27253886242647, 94.30294610260144], [21.27594122959364, 55.29714775336895], [26.410977864487638, 68.19833793426243], [98.54112437420814, 34.326690030029425], [49.86501483915154, 87.33764397471045], [19.12162021017728, 2.8460593214218677], [27.844507042038536, 82.83169791900588], [37.55300119777414, 50.569115538683306], [14.634908194347119, 72.62060546502539], [55.644272368454914, 74.09045689830452], [28.004438310736525, 33.608355093238615], [2.2270419853477885, 62.26156513735358], [90.30165627591127, 2.975255954425493], [45.10245872660508, 75.73274899938694], [37.2720145148958, 8.568577047352566], [96.27485256417233, 91.3578661613171], [10.184997513942696, 1.573973102629811], [57.53038845174683, 45.69057037083301], [99.81060330221975, 0.3569612069963757], [2.430419003786266, 74.57886938482802], [21.884418291987362, 69.25901621608031], [92.45981489737905, 46.26125696992197], [88.09779589922351, 83.14471166938607], [0.3118712486922415, 55.63102321102947], [50.19056443782799, 59.05257195796997], [50.31233773555333, 16.368740479656875], [82.49436853922259, 65.28602104298966], [0.410657291737726, 97.72066132888338], [52.68534503043857, 82.18572083504382], [78.53357601918252, 67.873204945111], [62.12674013835117, 14.996787455256], [20.636735327237254, 44.731596040325186], [2.889287269336127, 47.55155370037818], [0.9613645156226869, 64.15248868748512], [54.235788458468015, 41.65571498903161], [25.59630452659557, 52.68900762845896], [35.25382540939521, 5.579459388779151], [73.6113808968171, 37.00143138565583], [46.20022159098346, 53.147223108205374], [12.038450286091562, 4.141583113262925], [44.31822262854646, 68.20203038014107], [92.4746512896059, 49.58645767256991], [72.53688523658195, 59.482775592507274], [38.768693336644155, 70.32070161223942], [38.02234539706657, 59.68442173925632], [36.42239073077806, 26.150637603932548], [1.7950797675479913, 46.0847886044406]]","[[0.0, 49.311893968019966, 44.91658729026475, 63.22670975322229, 80.78015340026822, 51.87091535894599, 8.934992416302938, 30.507855028861737, 63.43814260949717, 90.45692587210964, 22.978774331970033, 53.659791123020014, 43.7679092564981, 13.91449026975638, 94.51366778672518, 29.34825009833349, 24.54121458917874, 28.068167824791185, 23.765480251057088, 74.05060733842122, 72.40217285786166, 27.742850015623624, 63.071052469344764, 24.72020503142981, 29.41896329279381, 26.295760334951634, 21.6750169441368, 72.17422588703796, 57.28605135879381, 46.07493950634247, 38.59159726678591, 26.557399417835146, 59.41070822508787, 50.387773249066015, 52.47648944003626, 65.68523841034497, 68.53988598642628, 34.408401758425, 29.991167658077043, 45.45536913757096, 63.729643351898346, 30.6903998807615, 62.354086441311864, 9.461159321786987, 6.341871835903682, 27.693276258270167, 29.6528063985524, 23.912632707432127, 37.24831161595025, 27.71872600152156, 74.47551470334403, 28.98024518730733, 54.966376040204246, 66.54676988889057, 60.437389835847206, 34.46733246422419, 42.31526503269052, 93.0991842199839, 61.140915678948076, 51.86450398278137, 72.43474919831672, 32.04024357957726, 67.51668993391644, 84.72246660698062, 63.86289340622246, 42.68561129155849, 76.42271765262203, 26.36366726848598, 100.60661107864905, 36.079837952260874, 67.64378324370307, 84.76333825526787, 64.9951301338238, 21.2418984857854, 16.44980782880207, 87.22974640604464, 37.43882742856063, 62.21933499201206, 4.574952042689918, 91.80424697148415, 37.474928683659584, 8.373803010361366, 57.34146210733329, 69.75813848377508, 86.10765827065602, 85.90858618796167, 41.1320923287272, 62.826802711194254, 80.00789271622601, 32.54782734488699, 42.845242768413904, 97.5342909141833, 42.53764192034341, 18.061715260908166, 16.032458206392764, 48.19508750878717, 49.316382119010896, 64.72106214328598, 87.50929912722648], [49.311893968019966, 0.0, 40.55411776744642, 67.27272638922294, 66.95378431787756, 75.2615342920926, 56.88516307974545, 74.9767953984932, 19.32963150112006, 67.50294601214335, 71.63922576685057, 27.40861228280432, 77.78415471826298, 45.421929540854265, 58.01486348483419, 61.30308702605357, 31.205770656526145, 39.03019686696329, 50.42368896512936, 68.84765210231024, 24.022991171108437, 26.989306296593373, 14.752678472253475, 26.25159774156819, 68.19923997888996, 60.30003064325232, 53.29498994935114, 28.920774778900174, 19.233988962704757, 10.89750469285544, 64.01484292235023, 71.19241187182843, 18.60847922860235, 6.681140714571287, 19.494118517168985, 23.780503336329847, 43.8995321042707, 83.69190192990938, 35.160552587359646, 7.8448555798435144, 85.26640723259314, 61.68479029635546, 29.228876094418354, 57.861807851078176, 55.63761611608752, 76.45646308235418, 39.613842011029554, 48.22454655128081, 36.29259660330651, 48.04069961949493, 30.337887110775657, 33.95199048135022, 79.6705010892904, 59.406894379673645, 64.20729237891544, 32.142351894395915, 69.57796193894299, 53.3956390706893, 74.8919663489919, 43.80423934993683, 75.60707907384129, 55.26831156185109, 43.47759606196796, 79.12478049341323, 27.264814144910314, 60.29906991529369, 34.38079833616556, 75.67515049041867, 62.2724814600684, 27.808120375773985, 36.451856986831714, 86.09215189505153, 68.08197441630844, 34.455669592567865, 65.27144617280265, 77.54537583540333, 43.03680089516036, 19.63056432363206, 46.55720839822482, 103.54447580127648, 63.85211275832575, 48.147790639370385, 9.238787794952719, 54.49135484366341, 71.84911608307969, 81.20211452135408, 26.011340596781324, 54.3783714654565, 37.375103954385985, 16.928704675826133, 40.03245178131712, 59.753265675130386, 53.86017170621666, 37.00946945690425, 39.01900521829633, 58.457764191338775, 50.187707953195556, 33.528213907904956, 72.33444093582791], [44.91658729026475, 40.55411776744642, 0.0, 27.02985289405094, 36.26369183898855, 37.86835585434078, 53.56155879354795, 53.38373654022083, 59.73040049467979, 45.7051440002015, 57.82273777783307, 64.50772130254119, 46.02870848369024, 52.62727425920276, 54.43499574280545, 33.65619900655949, 23.152192180810808, 16.873787313948675, 26.443141593421384, 32.137647080292155, 51.08305741983315, 23.141846728743566, 53.31812358332345, 41.46935895108706, 43.06375506565735, 34.81906067019223, 30.74830058487083, 42.769031287693856, 30.39539159377299, 47.72484120779677, 30.466117097526368, 50.884135265156345, 59.07275256801758, 46.67195556409184, 57.92321649823201, 37.41285020049559, 25.9225079773356, 70.91554996577615, 15.382534277169656, 44.5006650691054, 46.14756114061187, 33.10390960119315, 27.67943147856437, 47.73752107774414, 48.82578525804341, 61.938484153952544, 15.362248676308731, 24.612145577578865, 8.098301846494909, 21.199567252837273, 45.38813186689844, 16.822513855624205, 42.246405635325026, 23.1929686140745, 23.882650157339576, 57.176150210260985, 35.42589251568177, 55.53474217862464, 34.62703591239405, 6.96133218701815, 35.911458956106074, 24.526789511740354, 24.82662487042104, 43.205613418192804, 67.49940516768196, 23.392626047238455, 44.343461896424614, 64.99669779255346, 61.16563955642132, 14.83044106568123, 76.07385281606237, 47.38599374975367, 28.060468668161874, 48.56212486638625, 53.55282056471208, 44.091517104109855, 8.932020710947052, 36.4876494602664, 40.34164362542733, 63.108910770636925, 30.992332415315367, 37.603659847032496, 41.401141499827375, 24.843170736700635, 41.66992008750295, 44.89793034794146, 14.613451998603487, 18.688168899617146, 47.63828430362482, 33.1052992269116, 2.0760360111459604, 58.00087567221223, 15.84753920571233, 48.27260092570017, 29.14068897930427, 18.792924313589133, 9.638673361724218, 27.35707329023037, 42.9465238725861], [63.22670975322229, 67.27272638922294, 27.02985289405094, 0.0, 26.89477621862011, 26.256861571350754, 70.52377958736247, 58.19150500700075, 86.20106250593393, 42.571606141139476, 67.73732804644368, 91.49709581180832, 41.6780270722359, 74.16005045619711, 62.89567425421508, 39.40672035031133, 47.35356480448212, 38.0842418591691, 39.71345106420675, 14.428160266193716, 74.13567683622512, 48.679317521423364, 79.22010916128929, 66.8121473426248, 47.53904989164326, 42.26093959685514, 42.83148529775399, 63.17866370782098, 54.286638756134344, 74.75396405069476, 30.23469310745616, 57.43569966422214, 85.86931820705463, 73.54759356022231, 84.95148193114265, 59.360794232977725, 37.269395858905895, 79.30185838926356, 39.08357034811705, 71.51948262505647, 27.35158833657233, 38.08548416687944, 48.00316602592303, 62.31141977973747, 64.99311572433847, 70.56198525206199, 36.42490302918382, 39.32079516457244, 33.488346615095075, 35.52011493691369, 65.56194449682248, 40.816292014407445, 28.99780644140484, 14.753824094846738, 3.1929092765733915, 82.8628554540991, 31.48505093107727, 67.16253346435128, 13.629617274336434, 23.755748593484395, 9.459487101329277, 32.24316172232826, 36.50230484854884, 22.757389828130194, 94.39850419679809, 22.21387060525343, 62.774101829554425, 75.712243998704, 69.60065715213791, 41.58916246191281, 103.08035033219124, 21.769269004982924, 1.8921367104691487, 72.7129394505308, 65.7739788463465, 27.3566291051506, 28.625823990132208, 59.74850298864694, 58.99079022722454, 36.30513462480014, 31.517452885022312, 54.888636058304186, 66.98789316088879, 25.30582090207306, 30.490437320150665, 23.423724954179068, 41.57811531512254, 17.27123326412088, 65.30783077244101, 59.76909618368174, 28.03988805690614, 66.73545426975055, 20.70352781819787, 71.71729600660059, 49.94481253890266, 15.095238637754623, 17.581157462265075, 45.52259709677043, 32.310054296758906], [80.78015340026822, 66.95378431787756, 36.26369183898855, 26.89477621862011, 0.0, 53.102714035544935, 89.17275590814855, 82.71051000176328, 83.3093934181589, 16.05849791917749, 90.43095646409445, 94.07675830279906, 68.0578012834858, 88.87463617205599, 40.153902415478804, 62.7892108944077, 59.249121517914446, 52.797696361153584, 59.63155650166838, 13.1734628307407, 64.54833612516481, 58.591558096989914, 74.90285579813342, 76.37482360211227, 71.82266882388146, 65.13979132527832, 63.58295548851502, 51.39834912040041, 49.02816377353125, 76.8367087444913, 54.99421646151052, 81.30026137082298, 84.60778164181202, 73.6309364911059, 86.38802906755664, 50.2365554200141, 24.22442277481592, 102.87691252569908, 51.64622048697888, 73.38029637234405, 53.36932436416605, 61.67353345624773, 39.55109480094514, 82.39793407803059, 84.11422693291546, 93.89079861143054, 51.167916189261014, 58.41210486679608, 44.33073267587713, 54.5030034372724, 53.124082188951085, 53.065762318161234, 55.88096850993127, 14.987149028128215, 27.28400415557508, 91.23276374662991, 57.37075957786238, 46.22324896115674, 40.123639604994345, 29.378421645054036, 25.627895236830604, 54.15493117595266, 24.269655254198735, 15.700161900478452, 93.44092873819649, 46.2053401727787, 48.75470354849223, 98.16761828562564, 46.25048896452648, 49.26830744268626, 103.06556966241091, 27.429398055899455, 25.405362567803316, 84.16695793889876, 87.2745092493281, 11.200735728413, 43.37267576944069, 52.45511521238117, 76.22371023424472, 50.55479221721075, 56.14967673372864, 73.04314642181981, 63.02183696094326, 12.702820450084756, 5.422471094543524, 17.93893929167397, 46.336461275239905, 17.971304843031337, 50.07561052659212, 66.18926029125574, 38.27088125105807, 43.803971407352144, 41.39605578954111, 84.18722506434523, 65.28650236346266, 37.891075668885335, 32.009159233295456, 35.476691054287954, 6.730232137623723], [51.87091535894599, 75.2615342920926, 37.86835585434078, 26.256861571350754, 53.102714035544935, 0.0, 56.696339251328716, 35.92914689531932, 94.47696085138607, 68.53950569812369, 47.976003178707515, 94.27466564627976, 16.36080955814835, 65.24030738561245, 86.653671508229, 22.625478092048432, 46.83658738109915, 37.137368260858736, 30.01329735706684, 40.605510623126726, 88.86109941763735, 50.11133975326748, 89.32469480952219, 65.03193796068327, 26.853035184325933, 25.804368853661618, 30.53155101433655, 80.44923284378048, 68.17839336629744, 79.61961512117784, 13.544802860351153, 36.47122541220559, 92.72136492500508, 80.40295664147548, 89.38692933404909, 75.26242203415069, 58.76593291660988, 57.52417237163602, 40.48951010738887, 76.98098335513639, 11.902906926518042, 21.231546300239874, 65.10815802889518, 47.281909544740245, 51.10518758341318, 49.58414010993276, 36.14880952181035, 31.22945730938245, 39.28558419951844, 29.248472229799955, 83.04553825852722, 41.95403233730094, 4.439002441991729, 39.690639032286505, 25.974564825567388, 80.46099439688876, 9.762592702764778, 89.7640797273781, 14.544236442719317, 39.57114829035545, 31.16400538969696, 22.00077164144829, 57.786478391000266, 47.27143072915197, 100.30393509947382, 15.027126666431423, 81.52637338024557, 55.809091754903775, 93.50217950382151, 47.50583367301693, 107.52445380871252, 41.069181882302296, 27.881151775296118, 67.95292061410349, 48.11175729688455, 52.886771441830206, 32.46498241734107, 74.31610906050345, 48.75890389562137, 40.80187810005593, 14.50839645690163, 44.03362619051906, 78.0945664938449, 49.456237374523106, 56.72515285266541, 47.23958887413207, 50.293347122003624, 40.20012490306886, 84.61393656288091, 62.52841389523105, 37.32521845970637, 90.47722912001298, 22.16431779685867, 65.87190287529722, 44.28076802902133, 19.785328425361854, 30.44680441878581, 64.00994541396028, 58.54891970587656], [8.934992416302938, 56.88516307974545, 53.56155879354795, 70.52377958736247, 89.17275590814855, 56.696339251328716, 0.0, 29.649063264963427, 69.70689156759713, 99.1980855917301, 18.729794563431874, 57.97684867323991, 46.37854559324618, 15.100613119067933, 103.43060049881208, 34.15552849431918, 33.466956057020276, 36.68786124170165, 30.813466587206438, 81.94377582886186, 80.37785435976579, 36.58758415402929, 70.13526581112257, 31.239457121569473, 31.754584538539632, 30.93787583485329, 27.91390523104282, 80.73485633546755, 65.93017016030578, 52.55235579314, 43.988829368517955, 26.07580045281235, 65.36925102321071, 57.31357393117375, 57.88923020097789, 74.26452673407735, 77.44507458252374, 27.884068003893365, 38.81716343279303, 52.34771482778584, 68.32985259790924, 35.588459095326485, 71.22359456498762, 9.529230584433577, 5.660651432269206, 22.844861043765345, 38.22200129433918, 31.395118519323283, 46.015779271551246, 35.32179320847653, 82.99137340279239, 37.85753110220859, 59.32535052571064, 74.75206405805912, 67.86303391406021, 37.756608851070695, 46.94689693190474, 101.94158290584208, 67.23838376470614, 60.48374831266497, 79.54577630482363, 38.598719435618285, 76.4178370944293, 92.44624982553876, 68.9639090153195, 49.22922542535802, 85.08926873031145, 19.64004734958803, 109.50138907648216, 45.01374225033733, 71.6949449925618, 91.7875033939627, 72.33804904295378, 25.626531515316078, 12.844134143571043, 95.25245638935968, 45.80451016662296, 70.71111395760539, 13.390466305935458, 97.27485370245869, 42.764166910932715, 16.135891568544984, 65.24753816960025, 78.37390895797452, 94.46086626198752, 93.53104758776166, 50.057776652580706, 71.20157347283188, 88.66269532506732, 40.447229257621515, 51.48593889723823, 106.43519801342741, 49.99037080122141, 22.30877780339939, 24.914717450435397, 55.42862245703603, 57.45292084108976, 73.63552119859708, 95.9020384458854], [30.507855028861737, 74.9767953984932, 53.38373654022083, 58.19150500700075, 82.71051000176328, 35.92914689531932, 29.649063264963427, 0.0, 91.53925953626917, 96.1809669152175, 13.637006091404583, 83.82014382720477, 20.844312107135533, 43.55469651097392, 107.81230372486796, 20.21490684818648, 44.39441565490236, 40.15594698632947, 27.690527542984363, 72.12297348318154, 95.63549668804899, 48.68943512886874, 89.59521473755241, 53.80493824760965, 10.893802242750748, 18.577749803700545, 23.574987740575686, 91.90561407020259, 77.10165377950202, 74.27713510908464, 28.005321212769523, 3.9917290269594496, 88.04997442669269, 77.62671482209512, 81.86572556172688, 85.57731610949509, 79.25448443610422, 21.613717777541964, 44.159375455591714, 72.94740400104777, 45.63517434572576, 21.16650386818629, 78.77567100318036, 21.434638484775526, 25.72705960391625, 13.894677780997334, 40.73222820392271, 29.906844418328152, 48.797939028410404, 32.51981173210343, 94.47134200790069, 44.39548884979764, 36.76643173428858, 67.79196790938107, 56.52227798370993, 64.97327664625195, 27.338502959649105, 108.54073059673942, 49.76229647487286, 58.980752837802534, 65.43752534590087, 29.39681185109523, 78.15857811694305, 80.84641284931018, 93.39641437660889, 36.58064120254995, 94.97237321691544, 20.623973330626878, 114.51983779071024, 52.92099456278573, 97.85186687650955, 76.45016525074475, 60.06760392021619, 51.694649752732126, 17.11286105192399, 85.464810524284, 44.49140492476487, 82.98960884341747, 30.677848930837904, 75.65504683325364, 26.760075125368, 27.51550801293864, 81.4718379818229, 74.98362120378717, 87.3295625664809, 81.26058623809699, 57.8771463432309, 66.0050679868289, 98.52681188738036, 58.32280529942944, 51.61656416312425, 111.35341418406063, 41.692873707892076, 48.5584772150234, 35.96112894335367, 44.84189579900068, 52.066519683756205, 79.66509466747273, 89.04971011023113], [63.43814260949717, 19.32963150112006, 59.73040049467979, 86.20106250593393, 83.3093934181589, 94.47696085138607, 69.70689156759713, 91.53925953626917, 0.0, 81.26914015509001, 86.39393068362767, 19.786003958212945, 96.25658829032746, 56.01526404670586, 66.30013986464138, 79.55072972095465, 49.325099785344015, 57.88092891680742, 68.66197340984833, 86.71097586487504, 25.085368723267585, 45.32251746239766, 8.917690668186983, 38.73317821719865, 85.7706185326958, 78.2528918281234, 71.14573589691233, 36.787241668055124, 34.29699905949707, 17.389584186628113, 82.95019036184274, 87.62642054917855, 5.189951940821266, 14.3143582486141, 13.749323953892102, 34.54950670381234, 59.30091410726446, 97.47122876762167, 54.158626690802464, 18.649038868906704, 104.58254430697312, 80.05461824259288, 43.89312893568052, 72.65203248575594, 69.70576140326096, 91.12991053664429, 58.59495820311291, 66.55177869461133, 55.617758429382285, 66.75147204122571, 36.834835521310154, 52.84355171421286, 98.87167245757561, 77.40233031447843, 83.18501703662446, 36.232410878894875, 88.50260907710685, 59.93367916117588, 94.18171456450966, 62.53476936373597, 94.27300694195227, 74.09864658768294, 59.117516748219, 96.54520606011612, 11.282794028519568, 79.55372642089124, 42.04892935717858, 89.25132129294005, 68.89843045658388, 47.107262346238166, 21.043725689769598, 104.31700616010072, 86.91682545978767, 44.54349370794345, 79.87419119570426, 94.27297881735868, 62.34796612267439, 31.370198275537234, 61.597654896503634, 122.50615774188138, 82.71446247393784, 64.09041274994846, 20.29863585566568, 71.33375821118445, 87.83885896491877, 98.70038141656788, 45.27521521683539, 72.44787107328413, 43.83087523994399, 33.65853684451968, 59.29263253802338, 67.01044552410224, 73.1828259908703, 47.7290592156489, 56.07719792883914, 77.77812628114978, 69.33874345009178, 48.13695212247293, 88.07547705268321], [90.45692587210964, 67.50294601214335, 45.7051440002015, 42.571606141139476, 16.05849791917749, 68.53950569812369, 99.1980855917301, 96.1809669152175, 81.26914015509001, 0.0, 102.70160389183629, 94.86672740176097, 82.93270090297334, 96.7565628573901, 26.59221291101207, 75.99856529651892, 67.14086130950498, 62.54211790778896, 71.31059198489986, 29.226666513612514, 59.331209624759474, 65.53754176706262, 72.43335057733856, 81.96595665000271, 85.31490908718847, 78.03419503275059, 75.48856816712397, 45.84698799272402, 48.345562982717055, 78.15564897431102, 69.08026577293931, 94.39754649820952, 83.50470478225338, 73.95441202001983, 86.826538218076, 46.75031304847907, 24.247097886128422, 115.52227795068158, 60.502737599693326, 74.77898952388605, 69.37308646905512, 75.01455033542715, 38.29733754421656, 93.37753372417518, 94.52863022013003, 106.48971069241482, 61.06266066957631, 69.77099797851854, 53.2088666527479, 66.0279771293048, 46.89679755777866, 61.643825906701025, 71.53615894214829, 29.095159872006057, 42.565477726270046, 95.4946559261796, 72.01261089620732, 33.818814562388475, 56.004938859783486, 38.88727878505139, 41.65223055007676, 66.97508292707484, 24.962545183138396, 29.66488921224159, 92.13519928334807, 60.22552090534524, 41.81201228873584, 110.18233016668935, 31.841410576654376, 56.01745828367449, 101.98266098926796, 41.97519338599699, 41.20135723719411, 90.43440661711736, 98.91923408361974, 23.186262356913375, 54.040736115422774, 49.96327252139022, 85.89142990275285, 65.16619009222181, 70.14550290023364, 83.30410668332246, 61.63458310904848, 21.350528698270555, 14.944124205787288, 31.613924343217803, 51.96746470154873, 30.183237739504253, 42.03431116552466, 70.68609304949437, 47.778180205436435, 29.84860353392334, 54.48840648491823, 91.01037614243491, 74.49161205578214, 51.9344658675162, 44.21922962169053, 33.97975123048638, 13.535776088528305], [22.978774331970033, 71.63922576685057, 57.82273777783307, 67.73732804644368, 90.43095646409445, 47.976003178707515, 18.729794563431874, 13.637006091404583, 86.39393068362767, 102.70160389183629, 0.0, 76.16173357080312, 34.01069955223968, 33.74621733124746, 111.35128347516952, 28.330640936968628, 43.38266156855355, 42.22939870051699, 31.473199093702316, 80.97819341357298, 93.99631259928108, 47.40293605938946, 85.7359425282502, 47.695325835358695, 21.172169512749285, 25.556347971727497, 27.23383865861449, 92.19265273442765, 77.1571593345202, 69.01624296003678, 37.86780728214953, 11.656207973574796, 82.3894721670612, 73.17397201422638, 75.38799250031512, 85.70972507126828, 83.528792069022, 13.204788278346703, 45.67599282889841, 68.27546217403234, 58.437570284356106, 29.6611499094596, 80.52037075581822, 13.813859511362674, 16.833377581377746, 4.819672431014874, 43.28639765772693, 33.21163046182045, 51.73287235502092, 36.77054316274581, 94.64492895949313, 45.38608861585032, 49.401773728766166, 75.46075154204894, 65.65376466128752, 56.24975443807357, 38.6612197870875, 111.10715418771348, 60.99558572889614, 64.18422662313408, 75.76333110705603, 36.3205649065602, 82.44241752320073, 90.47873554340262, 86.7093776224918, 45.53731748184416, 95.89807597355677, 7.999900658602235, 117.84055327480792, 53.76012016730435, 90.0269319943087, 87.33849230827136, 69.62898268564817, 43.58799953329784, 6.530117798841343, 94.48661011675372, 49.00380511780337, 82.62740731622314, 25.097343536428035, 88.41321885321648, 36.54432650574487, 23.944494393405847, 79.17434462354865, 81.35403415812648, 95.36888594539107, 91.1384658194402, 58.956947432879396, 72.928593191066, 99.50306899695728, 54.715781820118025, 55.84897754992088, 114.69051176543853, 49.079655997971365, 40.27949143352103, 34.12313220552121, 53.32018254376305, 58.671970476083565, 82.10713753105814, 97.00190655848871], [53.659791123020014, 27.40861228280432, 64.50772130254119, 91.49709581180832, 94.07675830279906, 94.27466564627976, 57.97684867323991, 83.82014382720477, 19.786003958212945, 94.86672740176097, 76.16173357080312, 0.0, 92.64153055698463, 43.06412126758539, 83.4026582739995, 75.85905427214371, 47.45247455210873, 57.316680537655955, 65.4873977815718, 94.96465740080284, 43.64141823894641, 44.46530627736134, 26.91279435914133, 30.53728231510903, 80.19736133399799, 73.86363022056085, 66.87337411946972, 53.50765270842749, 46.52653562309377, 17.282835823305515, 81.45183873099894, 79.82880111224495, 14.82332342126501, 20.91650678313786, 8.140335539689021, 49.70558546628215, 71.29829430555961, 85.67217031899531, 54.47947772335241, 20.73132519642764, 105.42442392671128, 76.68408885094607, 56.56975059532386, 63.11073562201753, 59.41802056231567, 80.62121875049893, 58.50794487927758, 63.74316973781307, 58.366431475269096, 65.10373326286272, 54.14653976623995, 52.84082380913923, 98.44944528562361, 85.48722013630207, 88.32535522004628, 20.592381991347654, 86.77346433029992, 77.7285327640396, 96.99208942188378, 69.0590212390199, 100.40132514885116, 72.51510821593993, 70.85858401814295, 105.57208646488164, 12.33644571079758, 80.13851936696376, 59.03021959369429, 77.47412525765252, 86.75523434079216, 49.96372660620379, 14.036753999285049, 111.58322656293811, 92.56762956892769, 32.57703965408676, 69.71712201198075, 104.45563869912357, 64.37720786409844, 45.817513788101664, 53.16254990768332, 127.19214484001631, 80.91163106001511, 56.76346930043802, 33.95392703299871, 81.48992190615631, 99.06935062765486, 107.56918738035945, 50.20691363141973, 80.44439529896752, 61.37305698542582, 32.22520258696405, 63.465249012847856, 84.58690328713644, 75.01938258564468, 35.8822426068286, 51.3098098432263, 80.42182376871959, 73.93461247430933, 60.888452936273545, 99.61536895780587], [43.7679092564981, 77.78415471826298, 46.02870848369024, 41.6780270722359, 68.0578012834858, 16.36080955814835, 46.37854559324618, 20.844312107135533, 96.25658829032746, 82.93270090297334, 34.01069955223968, 92.64153055698463, 0.0, 57.68096832667676, 98.72280422043613, 16.85650239571529, 46.938605365971085, 38.899844591357315, 27.640658715186735, 56.09974570010729, 94.856616474189, 50.95418634882794, 92.44214734491595, 62.20576994239945, 14.632756665462317, 18.81920316229862, 25.770709629528348, 88.3350202521136, 74.64456888859648, 79.97564416110791, 15.564096797909706, 22.398981674395866, 93.68581915544465, 81.94225220236187, 88.99161186395843, 82.53532390954588, 70.10631006487094, 42.0289683977789, 42.96126263383167, 77.8559838099888, 24.863585060774067, 16.219748091497504, 73.60981750462992, 36.91716005625177, 41.216577855705815, 34.73827650279973, 38.58566811082647, 29.708425215299687, 44.558366263389765, 29.81377460990193, 90.96778997751031, 43.965642642440784, 16.220732451537486, 53.837959542130285, 40.802906135903605, 76.21220302309145, 11.113836850415145, 100.90202897326078, 30.88386415538955, 49.743668434644775, 47.40562861902169, 22.968070824882204, 69.05267628242134, 63.42626634128607, 100.39474477694955, 23.61750487475418, 90.29614839464165, 41.410602222708015, 105.58532474083297, 51.41494837772395, 106.46827804144111, 57.41035164683615, 43.43307630234989, 62.960333045463365, 35.664440490560224, 68.81171776310944, 38.33908363554829, 80.83797289860212, 41.846176121363385, 54.851436449251054, 15.090482139215718, 37.32751358153468, 82.345461629764, 62.740767547798924, 72.06321588803867, 63.48798789017607, 55.40899634482298, 53.36839668774266, 93.63757330646972, 62.79577406972614, 44.832598494762664, 102.47384842535355, 30.857576510970773, 60.31885237913191, 41.355180917695606, 31.410775891104244, 41.15398955909112, 73.36382431263223, 73.86664371698811], [13.91449026975638, 45.421929540854265, 52.62727425920276, 74.16005045619711, 88.87463617205599, 65.24030738561245, 15.100613119067933, 43.55469651097392, 56.01526404670586, 96.7565628573901, 33.74621733124746, 43.06412126758539, 57.68096832667676, 0.0, 97.12830581061279, 42.942707481443186, 29.745337714358214, 36.72237519900712, 36.025840928627524, 83.68434209981969, 69.41926080666511, 31.28666661586833, 57.47380554060322, 19.208545168466543, 43.31442177706866, 39.984439798577185, 34.73323102038087, 71.79297673411675, 57.706927957430324, 39.36974292279077, 51.78846653454605, 39.71837367134421, 51.41270312210602, 44.657928758535995, 43.55786861495143, 65.52290820144026, 73.49217101257172, 42.60815554589337, 37.26214330956065, 39.7612600431551, 77.13890900250978, 44.23310685487563, 64.61894598910777, 22.13644659245994, 17.8357724680831, 37.94354970693446, 38.42293777451242, 35.616443086004494, 44.54517498382012, 39.0385340663898, 73.81027373664564, 35.8100309587456, 68.51723101609078, 75.4503347812748, 71.19263599341178, 22.690761632070885, 55.84004329131032, 94.58439537869961, 73.56923843682898, 59.49774469147578, 83.55729701328532, 44.500340967436564, 72.55854817671877, 94.63083530470117, 54.34699710952593, 54.920010428116385, 76.63412217151887, 34.41728634771121, 102.72316225873563, 40.76192032635806, 56.671324330884445, 95.91316302795528, 75.83068182593436, 11.495912692290577, 27.57996613212679, 96.405376740155, 46.56554737655705, 61.6350748826825, 16.48141799845858, 104.57548231663297, 50.746441312711504, 21.208106681041446, 54.36355493564999, 77.04551472161201, 94.28793792128397, 96.01797222999457, 45.14007250699477, 71.23915543108488, 80.09306785975714, 30.514700008568017, 50.65054666284957, 99.78481086160971, 53.58619862863746, 8.488061399631166, 24.304463688635956, 59.4638923939826, 58.74995188859169, 67.69476666929219, 95.53235000138703], [94.51366778672518, 58.01486348483419, 54.43499574280545, 62.89567425421508, 40.153902415478804, 86.653671508229, 103.43060049881208, 107.81230372486796, 66.30013986464138, 26.59221291101207, 111.35128347516952, 83.4026582739995, 98.72280422043613, 97.12830581061279, 0.0, 88.02077968843857, 69.97541911353574, 69.12365259169617, 80.54903966600251, 52.17098040227837, 41.52818961593098, 66.95511235345658, 57.53525791084133, 79.36453188070251, 97.46755530546031, 89.25371410249566, 84.84859012970075, 29.899779451942823, 40.25102879952347, 68.77863762480101, 83.49621719551736, 105.23166115896305, 69.82121295701913, 63.36796115627276, 75.32760963519702, 34.23982856128128, 28.753171547829684, 124.55345871897137, 65.81704142641165, 65.8596428714834, 90.19265353290088, 87.38453509763356, 32.520951042310436, 99.78275106589335, 99.76055454859465, 115.71972475305293, 68.08527050522765, 78.52902653931166, 59.65036770840498, 75.43825996321924, 29.49243176797613, 66.33341232854833, 90.35193808377102, 48.14261956627046, 61.80560942572492, 89.65143946498752, 87.63374919578646, 8.030607294708823, 76.41902017056266, 49.29738085588104, 64.75137703286777, 78.81165293907421, 29.835641921688055, 55.401343041458965, 77.5824697245354, 75.10530844727931, 24.406148680116175, 117.99093029138159, 6.867982325114803, 58.50410311095617, 87.261423252549, 67.49873884786273, 62.02367347701625, 88.35055653291762, 106.40129383632669, 49.363374225762726, 63.32236956666768, 38.38455400304859, 90.22621053843464, 90.6881915629793, 84.28661554051679, 88.93046872850367, 49.76117559986051, 37.647214835507846, 40.89631048522014, 57.50698828327483, 53.39108868789666, 46.56710825491222, 22.49789748007773, 67.35112767779843, 56.2004256441133, 3.8437456029083505, 68.0134149373385, 89.85768119904704, 78.87334879590634, 67.58455640439931, 57.573559070536085, 29.796067229561267, 39.76645709274869], [29.34825009833349, 61.30308702605357, 33.65619900655949, 39.40672035031133, 62.7892108944077, 22.625478092048432, 34.15552849431918, 20.21490684818648, 79.55072972095465, 75.99856529651892, 28.330640936968628, 75.85905427214371, 16.85650239571529, 42.942707481443186, 88.02077968843857, 0.0, 30.238050505865303, 22.939984324700923, 10.898023667941297, 52.77398169406763, 79.482218543728, 34.34617817275105, 76.0246208323541, 45.50865167316431, 9.482973989429178, 3.2273863115164634, 9.042541377118525, 74.11798092148196, 59.79955485218129, 63.14790169845624, 10.018503331921657, 18.511656674249377, 76.8856627996255, 65.24288497517709, 72.13533457383559, 68.02292015558034, 59.338565249823084, 40.195971022602635, 27.101674698607415, 61.079882124551744, 34.41942600456298, 1.450763918972325, 60.13329795954248, 24.8537635056294, 28.53181024999776, 31.301571627903144, 22.959968934173006, 13.07939085268335, 30.13194668991167, 14.03620450415735, 76.73455977599377, 27.87406919891854, 25.618726683844116, 47.81702218904791, 37.35382971895632, 59.93617671709919, 12.974549566299599, 89.14999824752536, 33.56229748365937, 38.91968082946243, 47.54678395549772, 9.246226593887899, 58.24553541358451, 62.15004467342807, 83.54043960687764, 17.212970472227866, 76.66591163852141, 36.308141361910614, 94.78455117416162, 35.86339356201391, 89.6483524396608, 59.330893638675136, 41.29834888209434, 46.87608947452421, 26.78419939119268, 66.2564100257096, 24.94249592466312, 65.91347790118247, 26.533741423843814, 63.123756536520006, 8.728970447119409, 21.81756778614667, 66.35488829468969, 54.77444259343353, 67.54714929536549, 62.81200295018481, 40.328450258991104, 45.840428799728265, 80.14389233441207, 46.00347519421627, 32.02331722612074, 91.62277144197544, 21.53367847454188, 44.452338245656485, 24.549394887805054, 25.15127435328098, 31.852521179692552, 60.574453052009964, 69.2321888327836], [24.54121458917874, 31.205770656526145, 23.152192180810808, 47.35356480448212, 59.249121517914446, 46.83658738109915, 33.466956057020276, 44.39441565490236, 49.325099785344015, 67.14086130950498, 43.38266156855355, 47.45247455210873, 46.938605365971085, 29.745337714358214, 69.97541911353574, 30.238050505865303, 0.0, 10.006466245071737, 19.342139068119963, 54.97949101803332, 51.298654304875456, 4.305212712857834, 45.95828359732024, 19.55692672538105, 37.02685223952052, 29.10272107394683, 22.090988595317103, 48.81682082563055, 33.77982175968179, 33.222249531200646, 34.254664628020286, 40.7870390189625, 46.80484281078224, 35.012575252772805, 42.69003598428807, 42.32932000536622, 44.37117262320868, 56.34531203202119, 8.299001116163598, 30.947501614111513, 57.99770996036492, 30.730181862683057, 37.93063033122497, 30.48034659859438, 29.904854278345837, 48.111187410770725, 11.405679835139077, 17.23019056944157, 15.073731789175502, 17.823903112673257, 51.262549791661826, 6.595869256680069, 51.046884554593994, 46.2874147062665, 44.20015030244988, 35.64792598951375, 39.710192654372435, 68.71663038639245, 50.34373770710654, 29.894201056768505, 56.77665081868255, 25.281985148200178, 43.38258065585807, 66.04451385402353, 53.84689044027517, 32.78506758667802, 52.643453255458866, 49.02444326557513, 76.09954773546303, 11.587463466113867, 60.721415637631125, 68.89686955359296, 48.80089397301622, 25.623241339635552, 37.614024742860714, 67.22693462026658, 18.7290678665703, 39.276260437760726, 20.27550106446007, 81.2827931145653, 33.843130660879915, 19.603432085580824, 37.1044259699952, 47.307436124683946, 64.67026122732639, 67.61625081728701, 16.591114046738348, 41.83989745705725, 56.24966850867952, 15.966734261161006, 21.2726459138174, 73.01691469935513, 28.38217840487734, 25.140428233600687, 9.293906974887962, 34.16333443054873, 30.461984862853242, 40.18712106910582, 65.87149203623365], [28.068167824791185, 39.03019686696329, 16.873787313948675, 38.0842418591691, 52.797696361153584, 37.137368260858736, 36.68786124170165, 40.15594698632947, 57.88092891680742, 62.54211790778896, 42.22939870051699, 57.316680537655955, 38.899844591357315, 36.72237519900712, 69.12365259169617, 22.939984324700923, 10.006466245071737, 0.0, 12.646386058488053, 46.962409755818115, 56.5603847857308, 12.974094705822377, 53.60043473131036, 29.396038265442044, 31.163978758544093, 22.685684021023764, 16.586337386540155, 51.80471581328965, 37.154082835054346, 42.511893109103205, 25.071741977844958, 37.025523477150585, 55.787950120350686, 43.633047548476874, 52.25058215794652, 45.54060502018028, 41.58864417906052, 55.43322475143654, 4.167138044459126, 39.962893294308124, 48.11156649061767, 23.076703920502, 38.750862205553325, 31.163185299801967, 32.00367105449492, 46.63889561299113, 1.7021069495914185, 10.349840331492096, 9.627312523079228, 9.089505402012245, 54.3880762466754, 5.0821964917549405, 41.42376629844453, 38.8687121748397, 34.991794905965875, 45.452665589676556, 30.621763423947474, 69.02133507997901, 40.36877714136055, 23.80527808160719, 47.54352590027881, 16.242460230225454, 40.518851976180045, 57.91544139087282, 63.20091874922305, 22.830084043116155, 54.82007901785435, 48.96666458819302, 75.61623501457937, 12.997076292097415, 70.41358142308411, 59.803051064646894, 39.635368867972254, 34.656291982217546, 37.39640895439122, 59.77129277038407, 9.844805633938549, 43.18340790533256, 23.494820919757167, 71.38109709798142, 24.844473680315268, 20.777734221990112, 43.502017377763195, 41.700307086962944, 58.157309179038215, 59.330312642002184, 17.759145451797448, 34.898847006272035, 58.38016747295808, 25.391966017998524, 14.798341460451985, 72.46421627381281, 18.482235930573747, 33.64571778561826, 12.562841865463648, 24.34031571206698, 22.029167008523224, 39.99735703055763, 59.51977674929449], [23.765480251057088, 50.42368896512936, 26.443141593421384, 39.71345106420675, 59.63155650166838, 30.01329735706684, 30.813466587206438, 27.690527542984363, 68.66197340984833, 71.31059198489986, 31.473199093702316, 65.4873977815718, 27.640658715186735, 36.025840928627524, 80.54903966600251, 10.898023667941297, 19.342139068119963, 12.646386058488053, 0.0, 51.403372599664436, 69.06905191122482, 23.4528333464035, 65.15518496706763, 35.45261902706333, 18.52966910236322, 10.107775157932155, 4.310830553620831, 64.42577429482017, 49.80026224994928, 52.344211962504374, 16.52266707962645, 24.77654864893484, 66.04519180039298, 54.35169427961227, 61.471065570642764, 58.18105200469243, 52.30839528594802, 44.49858185670337, 16.775943184934615, 50.2193456983655, 41.83099029922998, 11.421628219223926, 51.08628047555683, 22.956297795417907, 25.31448125285624, 35.504689272117425, 13.067284645779766, 2.3079031597141344, 21.14004348712163, 5.297784724847807, 67.01535308762469, 17.317846329465915, 33.787054778770965, 44.817369545842155, 37.055751060213446, 50.53986849443346, 21.488280273780116, 80.96268663169798, 37.57582069548273, 32.71203312876512, 48.79184751769097, 8.47752401050478, 51.21513367375714, 61.73016199544275, 72.81837359680766, 18.980819991558196, 67.33814969578638, 38.871738999496465, 87.1783507887131, 25.62435451286884, 79.15793156141106, 61.083325901846564, 41.524855238239404, 37.93982286378717, 27.696576713151103, 64.834950985788, 17.559178840490077, 55.820731345425294, 19.84300783449803, 68.55275892025199, 15.744531604188492, 15.397211459091675, 55.65427365298999, 49.986142647583186, 64.75207031093602, 62.76091640182056, 30.391402979971634, 41.835576309121834, 70.87947768661728, 35.15520308002963, 24.520409797355743, 84.0132567739624, 19.223004069773385, 35.90602814849458, 14.427180690781524, 24.619745884297835, 27.62771139289474, 52.01997022141699, 66.30455028184818], [74.05060733842122, 68.