instance_id,num_cities,city_coordinates,distance_matrix,best_route,total_distance
2282,86,"[[31.135976605437488, 19.256354319384037], [73.45344387145502, 58.5176126689691], [25.453211954220933, 67.17024481526754], [14.737479636829253, 63.32493838987537], [87.34591600166456, 30.92115669922242], [29.57412734673659, 93.05148374141939], [51.53926332036258, 77.9891800767574], [36.60646571989906, 79.2738751901502], [75.03063221158234, 20.92621319403747], [15.423415115429396, 76.70937927972271], [53.449195787705605, 99.19439101619133], [55.607589364801925, 91.0280446578393], [45.7937144299408, 13.747186977242743], [69.17706632338022, 67.6802872847832], [91.58439685722284, 38.910907683910104], [72.31685187850972, 37.449418605699044], [25.08857464980635, 1.4650730094240227], [62.781982376067425, 21.794170792541102], [83.72355581082465, 96.03597595472539], [71.84465158615949, 20.48193225339353], [45.35517568820692, 7.081672477956447], [58.91657906587934, 67.0929147149873], [76.09564955688384, 62.44280370108876], [93.05098709097278, 9.140850514530374], [78.32326305249991, 91.38242377186447], [23.004716329525866, 56.803916837214864], [18.311035437194157, 59.03104675625127], [55.32542701020391, 98.50617300382699], [26.297295693579915, 23.173786063263734], [67.39017280776606, 26.847438847406345], [55.8174241910526, 52.38502482826001], [49.83102712123798, 85.5662424929047], [28.6073772878201, 87.4475687502376], [79.37349722450588, 3.264299941415172], [85.9804318016066, 31.461043570847657], [52.90009601092517, 76.01936797610432], [44.83170916282278, 68.81091134435783], [38.89265917685144, 72.21628673432309], [65.8747735729795, 7.7077217931172175], [99.0703443874991, 29.704005276322164], [12.753213872888958, 18.813589747075977], [75.75858491206154, 67.57284095085096], [15.32405092953507, 47.438519643312816], [22.61603326092828, 31.21888922887083], [68.88446823142712, 31.959778592029974], [38.04070769524371, 19.42855621267493], [13.625858966314642, 93.21796737911858], [52.214953850550316, 58.32385070055579], [76.88147627897723, 42.56859154841802], [73.25753129164642, 56.886433443812834], [41.833433871203994, 28.054551069554556], [24.56564016223738, 24.013247071189213], [77.34372675823195, 54.932149552578736], [94.93401123460707, 7.456928341736524], [67.36932241070697, 82.49804540018579], [3.243250184818758, 39.43990054979889], [95.03525440416797, 50.22620076644583], [96.77642769319222, 33.706771741760534], [59.644242810418454, 15.32311761412336], [56.32939517838885, 8.879804900612942], [72.84969430540555, 31.62742804884431], [40.88120647206773, 52.41031829351134], [73.13451775381267, 58.47283091260302], [13.039075950972489, 19.087506048656465], [54.7302865139709, 9.99663931331527], [12.684377937743442, 58.44511221898424], [82.00506417617453, 7.051913603890592], [83.22832362541814, 91.2094200660123], [88.17621582384028, 18.246162794918096], [62.36520735314481, 65.61879019004189], [97.31048734034448, 59.973995368895174], [70.772713831963, 17.8215102208247], [86.2656081916122, 63.32165018918272], [90.16492640389761, 24.300613017546514], [58.67603785122601, 47.37148381421948], [66.63575348125799, 51.64735325831559], [68.63857236534204, 59.121529518208106], [19.930517050440965, 35.317908868560075], [4.375338940963025, 56.61739908927724], [43.55179762011884, 76.5366781504419], [44.08526062014223, 42.866011492002556], [21.570827841464613, 94.58691978640705], [66.44928744243211, 37.77362939639573], [1.4441876139287269, 85.34298705667791], [39.47969061416718, 63.956302423238355], [99.37730699174601, 8.329794036910943]]","[[0.0, 57.72533623118472, 48.24971208756205, 47.02074866277031, 57.40753349072057, 73.8116555804153, 62.17587096468709, 60.26631781206062, 43.92640685787221, 59.562863141982895, 82.99379170284998, 75.82898763061131, 15.658869784744722, 61.57923181370518, 63.563456316467374, 45.02057392328892, 18.790975521858993, 31.74760138476875, 93.06215012102959, 40.72711946551575, 18.719201385086325, 55.31815600277459, 62.341331411027475, 62.735890371062354, 86.19054412695834, 38.41792348247147, 41.791210492354566, 82.85929804434585, 6.2256810418404145, 37.04040100469371, 41.31201598333268, 68.89489228798568, 68.2380798386334, 50.81932898713797, 56.18601877237248, 60.79240588173278, 51.412325489368826, 53.52495274083471, 36.608126529212804, 68.73304690224653, 18.388094141255262, 65.76975028457319, 32.31487948183492, 14.686445317173822, 39.828703321703294, 6.9068780874277484, 76.00608150755974, 44.39135676224429, 51.34307299923314, 56.48228239097691, 13.850771025744802, 8.111556547853196, 58.37738037719673, 64.88000983312736, 72.88598520294418, 34.42934396137655, 71.00879587877769, 67.21222643749307, 28.77831810571406, 27.24667167255717, 43.50951286296332, 34.55654543427617, 57.461373939179836, 18.097688334041543, 25.346277479218386, 43.31535800506705, 52.31264133512384, 88.83049188419872, 57.049183841740614, 55.89937667769123, 77.69808339747613, 39.66269929734742, 70.5763882535813, 59.24408375629682, 39.3562635413113, 48.05633122175376, 54.73277703866074, 19.58407154742906, 45.9562769870151, 58.6104778146319, 26.9276784796251, 75.9354078441564, 39.87379338046381, 72.4502957900811, 45.47200153882322, 69.110555579447], [57.72533623118472, 0.0, 48.77386910188093, 58.9124336332216, 30.89603799808021, 55.838899254238946, 29.315068591799715, 42.2909237632548, 37.62447125932967, 60.8146742969597, 45.32957354868055, 37.08642219432316, 52.62557980104504, 10.111479172156884, 26.704949663746987, 21.09883035729789, 74.79406966084372, 38.24253226054631, 38.8986218636235, 38.069688694459074, 58.61031153501202, 16.877684780680934, 4.731635607561619, 53.123707900492775, 33.22365042684304, 50.47782546825461, 55.14479868938526, 43.905693855995196, 58.931217449734405, 32.24535882696558, 18.671845752135873, 35.91165477213816, 53.367706029844875, 55.56955640521023, 29.81582395245155, 26.995398628410417, 30.416372159613033, 37.176625853559486, 51.37198900479688, 38.55450120318635, 72.5322504687469, 9.344026672376401, 59.17577735921412, 57.70322884416667, 26.947988593908036, 52.74482171862275, 69.1625226014203, 21.239373862439358, 16.313267020765856, 1.6429021284022556, 43.90698298022423, 59.83785254181713, 5.290543138293567, 55.39502015712431, 24.74020387801086, 72.7559646848072, 23.119733069549575, 34.052010247036264, 45.34819111042056, 52.5085231528252, 26.89696158384625, 33.13985053965304, 0.3220547689720677, 72.14311581378124, 52.00809049381818, 60.76910918197694, 52.171336863198306, 34.12187780720467, 42.87831257081072, 13.167221091474756, 23.90145547127047, 40.78429928311261, 13.683213477189081, 38.079872814619364, 18.50967090829501, 9.678913504431065, 4.852597570494944, 58.334637668492796, 69.10423570546533, 34.911247032520215, 33.278563774380494, 63.18861259789993, 21.894543824775774, 76.84356640476047, 34.406325822881314, 56.48773157176651], [48.24971208756205, 48.77386910188093, 0.0, 11.384783731066426, 71.72658644846588, 26.207259910658923, 28.240599074192627, 16.458825529587333, 67.7969841509219, 13.841672982641557, 42.536114663928544, 38.4510219675365, 57.164317101927395, 43.72682911229854, 71.91608826805546, 55.493497434679384, 65.70618359332083, 58.75734162573108, 65.02817395085226, 65.81765873228127, 63.29869418878371, 33.46345646214734, 50.862610882922965, 89.08911160377173, 58.15042487343412, 10.651567329398455, 10.828537779601772, 43.293066740408335, 44.004554992362124, 58.177636311159624, 33.77259413825898, 30.539983675059137, 20.521175037394624, 83.61439441776018, 70.2758236946977, 28.838141846135354, 19.447826118192925, 14.355531362465712, 71.90058614405625, 82.6026712212653, 49.99656028818275, 50.306983929428995, 22.17974033494456, 36.06313285666141, 55.91109866094669, 49.37321014130221, 28.607169196966876, 28.185980879837377, 57.0097159694669, 48.89795214155919, 42.40694715796012, 43.1661237310962, 53.314130418529125, 91.61474571764842, 44.630726933037494, 35.52821969758288, 71.6153702792539, 78.78327952991783, 62.10596742681878, 65.96297503854981, 59.24287605238027, 21.35131016519485, 48.46805062459644, 49.659445627245105, 64.23370035168475, 15.465156351071203, 82.53681443679844, 62.57671671920258, 79.54709935605548, 36.944585743844954, 72.21671573819742, 67.00115563570098, 60.93405629637181, 77.62352296494065, 38.67488975755888, 44.01092919849594, 43.92900148844206, 32.32756508402929, 23.57200211436393, 20.378637749567822, 30.624320317697883, 27.690196331411062, 50.44639931174634, 30.11115757232665, 14.389980170146512, 94.48264642206655], [47.02074866277031, 58.9124336332216, 11.384783731066426, 0.0, 79.51094326696065, 33.22338955924428, 39.61579566966778, 27.066975031588996, 73.7083180220159, 13.402006022033413, 52.77513239261031, 49.37436547511906, 58.50165087121618, 54.61353003239099, 80.63183975074512, 63.12627528887875, 62.7199179914582, 63.50652644165365, 76.34848187392677, 71.3915419560398, 64.0370851298946, 44.33949111061715, 61.3645107333828, 95.23088169629274, 69.50089451615072, 10.529526324737125, 5.58639476045407, 53.71313378444548, 41.78210598355092, 64.0539934041871, 42.51168725554985, 41.547956426807325, 27.825803786263403, 88.23318570940924, 78.0440005778203, 40.21857569626427, 30.590170807311516, 25.739634301850902, 75.55327665351743, 90.78766006721834, 44.55555485708583, 61.168782603371504, 15.897243989841785, 33.058584360747275, 62.57531160935508, 49.698418548172285, 29.913690555778135, 37.80968065874653, 65.51871681330593, 58.87317548445082, 44.476858675009616, 40.521621557495145, 63.1662970506709, 97.73800809844816, 56.01534527433531, 26.506835784705626, 81.35913937544883, 87.22169909942207, 65.73273291531582, 68.51394018066566, 66.19487635388758, 28.330608618304023, 58.59826795910794, 44.27002366414606, 66.65832344359846, 5.294141105496057, 87.7016604650221, 73.9495776094498, 86.1704356603001, 47.68293409072706, 82.64097301178539, 72.18385862808555, 71.52812863036345, 84.92465894287902, 46.74515601490115, 53.19583463520563, 54.064743072266104, 28.484405210342686, 12.34362358750442, 31.698816828756563, 35.77513016687725, 32.00009575802682, 57.67998316403952, 25.719760494604067, 24.750265141806583, 100.93743744059243], [57.40753349072057, 30.89603799808021, 71.72658644846588, 79.51094326696065, 0.0, 84.83959631422121, 59.139793717154355, 70.08906619693732, 15.860804219903248, 85.26082019786072, 76.22481331799479, 67.97175411726482, 44.96143560284344, 41.00415564352476, 9.04438172349287, 16.385694124371227, 68.87406927532453, 26.204745885115944, 65.21549800491445, 18.688675862933557, 48.28605678669802, 46.00677424640259, 33.46913092371579, 22.515096571700397, 61.130786697624124, 69.35205294445775, 74.53845083960991, 74.78667089893705, 61.538246589349626, 20.367298877294242, 38.141098973581514, 66.28312220399437, 81.51963683431715, 28.78300170031369, 1.4683408782572334, 56.748243807264195, 56.94814562568637, 63.663222205188234, 31.62077667187925, 11.78743731948683, 75.56893798627154, 38.43972164650983, 73.89162555455682, 64.73056746459652, 18.490640584074534, 50.62690423167255, 96.51704217485153, 44.554372851536506, 15.657817129983753, 29.54112692773654, 45.602669412124726, 63.159181833709965, 26.010989359602746, 24.66068128978699, 55.31039449841097, 84.5329958909051, 20.780054174752564, 9.833321002044753, 31.791217669269624, 38.05056836751274, 14.513416644139562, 51.1932934835733, 31.00094501977818, 75.24321740887198, 38.750673732357775, 79.57332086525086, 24.45946573753986, 60.428712271240244, 12.702159984382844, 42.75466728259578, 30.71416801298179, 21.125145396346937, 32.4184984747508, 7.195722221492216, 33.05412493700902, 29.299932686404222, 33.841183978360505, 67.55862228754532, 86.85858351800508, 63.235279726458906, 44.879436940089164, 91.54065551412441, 21.991486243727028, 101.68993342241897, 58.15923302325837, 25.595390915090437], [73.8116555804153, 55.838899254238946, 26.207259910658923, 33.22338955924428, 84.83959631422121, 0.0, 26.633441197606597, 15.468557799182802, 85.25460976428654, 21.61728555786488, 24.65267131260628, 26.111979058872766, 80.94594795547361, 47.032864948129486, 82.31935070566391, 70.13223330078637, 91.6961875639696, 78.6153056620874, 54.23161252220585, 83.98295673914366, 87.40623510614826, 39.17686535176421, 55.68791002148095, 105.21552210357045, 48.77769975348263, 36.83806818479808, 35.83639730810834, 26.322672153622946, 69.95448705038763, 76.2432216963524, 48.39908583635198, 21.595620505617802, 5.686692263944577, 102.67285724551847, 83.51678575388462, 28.882413014943918, 28.642610792519363, 22.82412035092214, 92.74316481515667, 94.03524451429223, 76.11969544611985, 52.746235496504255, 47.787102566605164, 62.22286410524841, 72.6463993500745, 74.10815367218702, 15.949137316343728, 41.45618797473636, 69.18459125532917, 56.71111569386178, 66.14296525868629, 69.21967253904057, 61.11479581030484, 107.69560035537798, 39.240945844179016, 59.72869448119598, 78.22508560248264, 89.65458166863355, 83.34213067121658, 88.32166141792912, 75.13780215922479, 42.1847646350046, 55.61646198629229, 75.78969534703312, 86.78098597632896, 38.50798079680879, 100.72203929951102, 53.68580796537889, 95.02652690584537, 42.75286661114613, 75.38126227530365, 85.77221254165045, 64.01395944189514, 91.64020490852225, 54.16256630146226, 55.56857162818678, 51.74236811550919, 58.5334510100581, 44.299226421670255, 21.635943935478647, 52.24131137113163, 8.149255599092104, 66.44861633678181, 29.16700928292225, 30.735155109140102, 109.77362431358668], [62.17587096468709, 29.315068591799715, 28.240599074192627, 39.61579566966778, 59.139793717154355, 26.633441197606597, 0.0, 14.987958023386117, 61.70921002445064, 36.138516594374295, 21.291050068413707, 13.658816433631994, 64.4984109063961, 20.429521907515987, 55.95287386001314, 45.554148509460205, 80.9665232895633, 57.30861889994092, 36.89871982295125, 60.986821075069585, 71.17666453070274, 13.158776023747821, 29.063824996224415, 80.39474916881369, 29.945978333119417, 35.539214263978614, 38.25605765436183, 20.86341377281523, 60.34802689836762, 53.54184370702753, 25.95911066320763, 7.767235400719589, 24.80589674468825, 79.74053102577022, 57.888354382086284, 2.394164848873849, 11.368020922767212, 13.90190252827992, 71.72858727646837, 67.75442253402571, 70.7538558850905, 26.364287571410397, 47.380211707340266, 54.991029659998794, 49.1890428291611, 60.09623674836032, 40.85758427041543, 19.67693414043671, 43.552793817775964, 30.282157768672082, 50.86914879750927, 60.34051449977978, 34.60486945372348, 82.81245486853521, 16.459666986564766, 61.794432086039954, 51.60120406102233, 63.30349696850726, 63.18802162676862, 69.27518387167494, 51.02495977329119, 27.710509665249592, 29.10743717235572, 70.36811515729838, 68.0673800618952, 43.493363936647995, 77.20272531736497, 34.336151333411586, 70.08205478351952, 16.438601222436375, 49.18894010187413, 63.1670334468439, 37.69688927643581, 66.13927790287815, 31.438461716970345, 30.361091141637065, 25.46320104415865, 53.103203550066674, 51.78019684630929, 8.118458607304742, 35.9054191966617, 34.257730346918066, 42.890550659153746, 50.631957172632255, 18.502836244604428, 84.5038962755774], [60.26631781206062, 42.2909237632548, 16.458825529587333, 27.066975031588996, 70.08906619693732, 15.468557799182802, 14.987958023386117, 0.0, 69.86319654147823, 21.337719470133685, 26.08648130569835, 22.342855673437118, 66.1676084425888, 34.57246453741704, 68.20368067817242, 54.99560753534533, 78.65666857617288, 63.1591172345994, 50.00988103043407, 68.54357954924713, 72.72038268977994, 25.418830728575383, 42.92645580036951, 90.02569157168801, 43.43855578221987, 26.266073457240736, 27.285433334172705, 26.838047450995536, 57.03945114283765, 60.79611706080716, 33.04650055852372, 14.64523507938869, 11.436550273506146, 87.21510484548617, 68.73030913718767, 16.615480891834583, 13.308953457493116, 7.418641070602892, 77.31977856040683, 79.74276231404637, 64.99556707603146, 40.86321866307829, 38.29400791380623, 50.050113647501156, 57.275589765889485, 59.862502900894505, 26.88021565645147, 26.125245029267894, 54.4917821579903, 42.947621069043784, 51.48534120917708, 56.55721439579695, 47.455706126029554, 92.51905976823484, 30.93135343502553, 51.960077814495, 65.25098264805274, 75.47705108537157, 67.97380795438943, 73.1048498962475, 59.86447647386998, 27.201545868520146, 42.03548534784366, 64.63606494022245, 71.60871658471653, 31.719136980160314, 85.30559464162533, 48.12540769745363, 79.89881604866315, 29.154315579146957, 63.69822291092894, 70.31163253956132, 52.15845006810878, 76.75003755528228, 38.79212019937686, 40.80420122370539, 37.84406019742696, 47.012915664646535, 39.3974801573562, 7.465244995202661, 37.16806306794585, 21.460655656767894, 51.11618539469595, 35.68220733713132, 15.584718693729497, 94.72719337472637], [43.92640685787221, 37.62447125932967, 67.7969841509219, 73.7083180220159, 15.860804219903248, 85.25460976428654, 61.70921002445064, 69.86319654147823, 0.0, 81.63811578234184, 81.18907597526979, 72.74284410172002, 30.105411121456115, 47.119079762771946, 24.443329557106424, 16.744578847260808, 53.59986092135803, 12.279363712581358, 75.6111326635773, 3.2168086824971867, 32.74605361734403, 48.898129188211406, 41.530248605997706, 21.532021815581775, 70.53310589249323, 63.1973539167146, 68.3307470986027, 80.04339620553958, 48.785137818595445, 9.666309178765093, 36.86196131349556, 69.37833584389095, 81.11848952458996, 18.18800858432914, 15.194761009303768, 59.371848012078694, 56.61200641429516, 62.74252735447342, 16.079746960890922, 25.592135419709322, 62.31324107090944, 46.65230751224271, 65.32823464360571, 53.415628453814335, 12.62992070690608, 37.02023084960781, 94.85063995808851, 43.807972677847246, 21.721375752837815, 36.003907111376556, 33.95389783983498, 50.55932357833848, 34.08451428439166, 24.032605580057364, 62.04664526859669, 74.13625859026997, 35.47779842114465, 25.223447383729717, 16.374848362104046, 22.245274090097766, 10.921194509729116, 46.44816629591893, 37.59446438162225, 62.018818850239576, 23.05557677996142, 72.76484869785911, 15.52864740876922, 70.75967292692418, 13.415999353334971, 46.45255025710118, 44.95688197966762, 5.269634662799349, 43.858839055328154, 15.505916124771392, 31.09381119879744, 31.847487118230326, 38.72648471242095, 56.948604857003424, 79.15826689465723, 63.90180623350332, 37.933768232113465, 91.015660075497, 18.907006921839997, 97.79818803737675, 55.81628819203059, 27.41222990624954], [59.562863141982895, 60.8146742969597, 13.841672982641557, 13.402006022033413, 85.26082019786072, 21.61728555786488, 36.138516594374295, 21.337719470133685, 81.63811578234184, 0.0, 44.176189837119125, 42.65902059722433, 69.90416825903503, 54.50669243715962, 85.02481752319876, 69.12458071366875, 75.86251337072525, 72.51561222365153, 70.98187485583212, 79.65476585857684, 75.78870526311165, 44.54359326710779, 62.32700226113627, 102.91523701722109, 64.5886143617818, 21.300318381398693, 17.91261544088682, 45.46724942089502, 54.6287563455919, 72.01914334904227, 47.152414452304804, 35.5292525944366, 17.00369288324468, 97.38476616374818, 83.81947558936733, 37.48303251528535, 30.45050992190345, 23.895466043501212, 85.47846691483788, 95.94953862237274, 57.957332756815084, 61.02302063175318, 29.271028289007006, 46.05560162296888, 69.71808203027017, 61.58436989106372, 16.60616419118922, 41.129612004409516, 70.30424360517928, 61.13701150283341, 55.360467834379264, 53.48329298524657, 65.63819565261217, 105.44115352245144, 52.26744627570558, 39.20931601720593, 83.90115433712477, 92.01922033217646, 75.65550028456188, 79.20953456095056, 73.00794387180335, 35.19294681565824, 60.523904897852596, 57.67118299383351, 77.4313877763209, 18.46850768001362, 96.36015004153923, 69.3379895933824, 93.33229715734464, 48.23414791250061, 83.5796965309832, 80.81661952043025, 72.09609982547498, 91.28511538475284, 52.26376836652659, 57.015864013393745, 56.04627927317335, 41.63613563541575, 22.929187842792526, 28.1289126702433, 44.34946370533607, 18.904950087010523, 64.1843615354128, 16.43039819313622, 27.227658000249832, 108.27753062920867], [82.99379170284998, 45.32957354868055, 42.536114663928544, 52.77513239261031, 76.22481331799479, 24.65267131260628, 21.291050068413707, 26.08648130569835, 81.18907597526979, 44.176189837119125, 0.0, 8.446767173198282, 85.78945781908635, 35.2207984801721, 71.33296519342188, 64.56338021148918, 101.76121279444007, 77.96085553772136, 30.438667193389456, 80.83343342032438, 92.46764881770905, 32.563738431378205, 43.16875071737813, 98.37653191341835, 26.07193998382068, 52.19021585123019, 53.36463749488715, 1.9984713239924694, 80.72396209385701, 73.67789579233595, 46.86923584491503, 14.100268673744042, 27.47915172870444, 99.37128246430622, 75.14045297137736, 23.181527203215584, 31.581907996489917, 30.654703860035823, 92.32662470181648, 83.12763024314029, 90.09570553958774, 38.6992412281786, 64.28216620511814, 74.64149485802571, 68.98362663153556, 81.24044502092174, 40.269290968177174, 40.88917239137304, 61.28256631690701, 46.715451719777484, 72.08191695934528, 80.53858820744654, 50.300046020700506, 100.68143806387779, 21.737936473582284, 78.04637150296111, 64.24394078500411, 78.52310044072775, 84.09975689440522, 90.36050029608245, 70.29703996162371, 48.44278910177446, 45.2300492834073, 89.72229825645906, 89.20695097522868, 57.63917154880963, 96.4659202158768, 30.83109170707435, 88.08281088131461, 34.73926068689391, 58.83920743344558, 83.19645428963099, 48.618622538128385, 83.40936912356473, 52.08582905955488, 49.341727810791625, 42.85500425217336, 72.13672293533033, 64.96955954413644, 24.72509742740152, 57.101397720575804, 32.20961244798228, 62.781464947761826, 53.818047779571344, 37.90606762087462, 101.81240780463722], [75.82898763061131, 37.08642219432316, 38.4510219675365, 49.37436547511906, 67.97175411726482, 26.111979058872766, 13.658816433631994, 22.342855673437118, 72.74284410172002, 42.65902059722433, 8.446767173198282, 0.0, 77.90149616718357, 27.004601076121872, 63.328718948878254, 56.12369039351461, 94.61995640280625, 69.60460620875688, 28.558482891571934, 72.39058063699265, 84.57012113246287, 24.162778363074203, 35.169256616963914, 90.04177140607678, 22.71843779053551, 47.267729533337764, 49.14102979780932, 7.483449682694259, 73.91409692685698, 65.25319482435012, 38.64358953569875, 7.949839887862695, 27.236579446158643, 90.924657068617, 66.86357136878516, 15.250930987914876, 24.692521272571867, 25.164878846539942, 83.95052872880659, 75.16414624160149, 83.97276342279406, 30.922632528327796, 59.3532657893199, 68.30503529961427, 60.54201490254747, 73.72300914369602, 42.03880884107502, 32.879694009041216, 52.92350007417612, 38.43397021270013, 64.46230103149867, 73.85516708988126, 42.13517903410452, 92.36178289423319, 14.529255024904213, 73.50755491966976, 56.73915081664592, 70.57337726103749, 75.81246961901691, 82.15141081468579, 61.85243274368115, 41.33031747583758, 36.97343858436123, 83.59138370455835, 81.03615435347751, 53.889234226577734, 88.02736655840057, 27.62132976766811, 79.73655220121192, 26.29250108844075, 51.995054349415604, 74.76080312825894, 41.322613819044136, 75.14492448957283, 43.76426259868339, 40.89571198651529, 34.46494198915588, 66.15491454596605, 61.71576793604808, 18.850512402661312, 49.521162126581494, 34.22231329377477, 54.34680452468907, 54.46093984825286, 31.511717594053838, 93.56702857793603], [15.658869784744722, 52.62557980104504, 57.164317101927395, 58.50165087121618, 44.96143560284344, 80.94594795547361, 64.4984109063961, 66.1676084425888, 30.105411121456115, 69.90416825903503, 85.78945781908635, 77.90149616718357, 0.0, 58.784015298001194, 52.24939652244183, 35.57067056276384, 24.073909878401423, 18.79774444802001, 90.60969958321061, 26.907398994549634, 6.67992513193055, 54.93611056602693, 57.35390449266011, 47.481240031899276, 84.17482715007155, 48.71571020374568, 52.970988296455864, 85.29325446345361, 21.655740898710796, 25.259129310545603, 39.91687952704358, 71.93244489748032, 75.67771440687032, 35.17801491181802, 43.91757015738628, 62.67635268208841, 55.07212720888478, 58.87495384295096, 20.969598852063978, 55.61492020909888, 33.42668266649739, 61.60433822951819, 45.42583285580747, 29.02525252158788, 29.40886608572104, 9.61181927720105, 85.73433304582193, 45.03677679850239, 42.39247926505087, 51.139571980187576, 14.845352450308551, 23.5801426409522, 51.88067482451583, 49.54125678414158, 72.05683446857252, 49.705709311877044, 61.2817077606873, 54.75054406720433, 13.939895759677542, 11.60568727448383, 32.43037261272434, 38.97397154018558, 52.42044211781577, 33.18712626414671, 9.691693783465197, 55.624928619009154, 36.8251074131221, 86.03340932868453, 42.62061951464243, 54.454362521012726, 69.21629652892915, 25.30909956951092, 63.99688732593177, 45.60898215511907, 36.007604676119705, 43.252898121971, 50.800772583825186, 33.677901086669934, 59.60987262758397, 62.82950256663996, 29.16890048564725, 84.39082080022243, 31.684738152543304, 84.21899499411414, 50.60456669724059, 53.85675016281157], [61.57923181370518, 10.111479172156884, 43.72682911229854, 54.61353003239099, 41.00415564352476, 47.032864948129486, 20.429521907515987, 34.57246453741704, 47.119079762771946, 54.50669243715962, 35.2207984801721, 27.004601076121872, 58.784015298001194, 0.0, 36.46595212348101, 30.393480788225485, 79.55029666558461, 46.32961024477532, 31.869192590258994, 47.273679027586844, 65.11278361382134, 10.277285891571106, 8.677443647087905, 63.220485210062385, 25.40559364903699, 47.43607633508193, 51.59614772281777, 33.79501652649217, 61.80213087139795, 40.87192801845704, 20.308251808508558, 26.347231856833705, 45.129204346814525, 65.21799313488863, 39.927267707724624, 18.28879518527417, 24.37159670680594, 30.622224073749926, 60.063414397297755, 48.330177618180684, 74.64318625029729, 6.5823955857904215, 57.531525481782595, 59.13850985639081, 35.72170705484935, 57.425624768695286, 61.140082952416, 19.371529756206684, 26.26699822057488, 11.539387986261596, 48.1442956774589, 62.42587400386745, 15.13966176297965, 65.50017689703606, 14.92762183404933, 71.72717444271107, 31.197612521008725, 43.77127490002403, 53.217928746349564, 60.187701255829346, 36.23943784581626, 32.15319016395608, 10.021909731674564, 74.24777674324406, 59.465222526765956, 57.242574186811474, 61.97061581186077, 27.405435979104286, 52.95942169076541, 7.1169651468869395, 29.16978425032739, 49.88430355618049, 17.63564516861978, 48.19010697530078, 22.86305092018505, 16.233091032166314, 8.57568132860318, 58.928313670483206, 65.73926807450312, 27.112544242097048, 35.28947430281763, 54.68382589920408, 30.030800250349564, 69.99795583801969, 29.929954681943165, 66.59230875403665], [63.563456316467374, 26.704949663746987, 71.91608826805546, 80.63183975074512, 9.04438172349287, 82.31935070566391, 55.95287386001314, 68.20368067817242, 24.443329557106424, 85.02481752319876, 71.33296519342188, 63.328718948878254, 52.24939652244183, 36.46595212348101, 0.0, 19.322894188823355, 76.31438203582132, 33.50465283736908, 57.663387403984906, 27.005271314783187, 56.127008682894456, 43.14408232362932, 28.171819662511464, 29.80616028242934, 54.12132361976394, 70.87547077685782, 75.98556106314211, 69.75893163544232, 67.15699945094897, 27.034935874246308, 38.22078186696647, 62.610415670631355, 79.51045504405371, 37.68005723705295, 9.322279745194502, 53.6051579348874, 55.4961622596094, 62.3351224709534, 40.43047784967528, 11.866189884242452, 81.3526741967572, 32.7408421138214, 76.73565355648411, 69.39598205273381, 23.740365525159934, 56.97796651270893, 95.00942249496681, 43.89550545583418, 15.151056886662388, 25.670869245189916, 50.92169279368351, 68.65459955948671, 21.435411726455687, 31.63183100825909, 49.86189331290869, 88.3427304810496, 11.829804535705101, 7.351205010474803, 39.70588471385476, 46.31179415392526, 20.10070036838238, 52.46949210769912, 26.889902925368226, 81.00823839992094, 46.842932920552386, 81.2822128901048, 33.267989395286854, 52.96185756972823, 20.943910315015913, 39.586260536157795, 21.827546244281926, 29.62918891397268, 24.98347178692648, 14.679087390087835, 33.97854383172318, 28.01163779879477, 30.577444244756624, 71.74390658342944, 88.98842408161806, 61.01499154037785, 47.66351633483971, 89.45232344641322, 25.160825248722535, 101.39622930515638, 57.81152316211617, 31.558421384084347], [45.02057392328892, 21.09883035729789, 55.493497434679384, 63.12627528887875, 16.385694124371227, 70.13223330078637, 45.554148509460205, 54.99560753534533, 16.744578847260808, 69.12458071366875, 64.56338021148918, 56.12369039351461, 35.57067056276384, 30.393480788225485, 19.322894188823355, 0.0, 59.37493829877568, 18.33031697816464, 59.686661798179344, 16.97405568011869, 40.60950612688816, 32.53158731193898, 25.277432828919448, 35.089590912135655, 54.266435496028855, 52.9743646889239, 58.158360388870825, 63.37693410609728, 48.18291435710951, 11.690771636694977, 22.255413886266606, 53.111590599483094, 66.41033945757214, 34.90585311420333, 14.918245603048884, 43.181609544538816, 41.701034722158, 48.22770756764955, 30.431380221510217, 27.852123600749728, 62.410905214653944, 30.319401380281892, 57.86157187243622, 50.08982798506349, 6.474365218338908, 38.72474068938811, 80.9614950535908, 28.979789847569005, 6.858697218481758, 19.459764221987758, 31.898312015368976, 49.605533218352136, 18.191078923949707, 37.56441626823167, 45.31949717178827, 69.10227542786456, 26.064765022938772, 24.744257002026746, 25.498396344916912, 32.738686580192606, 5.846323211729399, 34.81419712686678, 21.03930708245204, 62.05654318174507, 32.60279699960621, 63.220654050706514, 31.904071336736845, 54.85615710835443, 24.905510604778673, 29.87555395663832, 33.64577792175712, 19.688553778066424, 29.39285916326832, 22.16855549328443, 16.867696503348398, 15.292358464253507, 21.98204111498938, 52.42968062536761, 70.59363042131818, 48.53083767262073, 28.746516718995466, 76.41893087935586, 5.876514702468376, 85.53787721780694, 42.20064039344623, 39.751990716977225], [18.790975521858993, 74.79406966084372, 65.70618359332083, 62.7199179914582, 68.87406927532453, 91.6961875639696, 80.9665232895633, 78.65666857617288, 53.59986092135803, 75.86251337072525, 101.76121279444007, 94.61995640280625, 24.073909878401423, 79.55029666558461, 76.31438203582132, 59.37493829877568, 0.0, 42.82598746898539, 111.27316253096514, 50.475456075038316, 21.030485187927017, 73.83324108898596, 79.49846118561922, 68.39449586868164, 104.49431571845248, 55.37806516749774, 57.963577970988815, 101.64271901512767, 21.742337248226367, 49.33244066788783, 59.47355452098965, 87.66524774841052, 86.05446848260883, 54.314731302786775, 67.87913167768899, 79.57275676007927, 70.18014891288064, 72.08527584171509, 41.26117650330875, 79.18800129499073, 21.28690110122425, 83.29277833146521, 46.9989757216342, 29.856373532971663, 53.36672524319316, 22.145981107645426, 92.46614232278155, 62.99810353552, 66.12113047622822, 73.42871084502237, 31.422772854326347, 22.554237162847016, 74.76181643022234, 70.10197816071086, 91.40024204400589, 43.80988162163645, 85.26538329706743, 78.60455082955973, 37.23089580297763, 32.108676651604874, 56.4879829015031, 53.33690314340835, 74.55398788730808, 21.34808106400737, 30.84507587664271, 58.31456905777983, 57.19003031851931, 106.93118459813545, 65.28135601603627, 74.1973501803825, 92.94782766878598, 48.523948840393786, 86.99922742973459, 68.96661108887967, 56.881598406561686, 65.14928487582128, 72.25558302423748, 34.24354032374542, 58.9136419307834, 77.30870908830633, 45.55119960104024, 93.18826583730112, 55.03653177317753, 87.1467813704034, 64.12688962010908, 74.60522868913125], [31.74760138476875, 38.24253226054631, 58.75734162573108, 63.50652644165365, 26.204745885115944, 78.6153056620874, 57.30861889994092, 63.1591172345994, 12.279363712581358, 72.51561222365153, 77.96085553772136, 69.60460620875688, 18.79774444802001, 46.32961024477532, 33.50465283736908, 18.33031697816464, 42.82598746898539, 0.0, 77.13880431833942, 9.157179871290877, 22.806823496329248, 45.46336485239263, 42.773415705732596, 32.807303462626734, 71.30256908259308, 52.98974629350378, 58.00215559077798, 77.07354605302989, 36.51076143569855, 6.838928065795138, 31.373642143479557, 65.0738378380199, 74.01535176116727, 24.87236375428279, 25.13198131984948, 55.11826999942847, 50.32679406188095, 55.79506733541152, 14.421976383320944, 37.14041867068181, 50.117477403728216, 47.58233763530853, 53.94337665704513, 41.25686350080481, 11.856640145837865, 24.854110428105127, 86.70457420180115, 38.027353392539744, 25.107215816581505, 36.62245244475756, 21.863989701640342, 38.2807146189178, 36.19627101998499, 35.20382764435593, 60.87695853912263, 62.09857010920142, 42.99597521810233, 36.0212766819047, 7.191657584990359, 14.436645314415772, 14.073086788646506, 37.642960470695975, 38.11166615290504, 49.81649098091453, 14.283261366334605, 62.073033419540124, 24.22521456891407, 72.36387014376058, 25.64089415662376, 43.82660113168183, 51.477341226497664, 8.923778416024748, 47.70756990754209, 27.497415810555196, 25.904781833669116, 30.100897911292066, 37.78400925970007, 44.934836954217744, 67.99995019382021, 58.02191066810658, 28.17072726931214, 83.64893044240844, 16.39488407162697, 88.32200810021968, 48.173043758942256, 38.99368186186635], [93.06215012102959, 38.8986218636235, 65.02817395085226, 76.34848187392677, 65.21549800491445, 54.23161252220585, 36.89871982295125, 50.00988103043407, 75.6111326635773, 70.98187485583212, 30.438667193389456, 28.558482891571934, 90.60969958321061, 31.869192590258994, 57.663387403984906, 59.686661798179344, 111.27316253096514, 77.13880431833942, 0.0, 76.48216710581319, 96.8762132841225, 38.11937682008307, 34.44831165502035, 87.39430072695309, 7.128724275368227, 72.29060748503618, 75.1542587390409, 28.505360773686682, 92.77216213300665, 71.0903162700481, 51.80885750742927, 35.47278984991205, 55.78130397624105, 92.87360701524952, 64.61435894304104, 36.75255459156296, 47.473991603091285, 50.766001295774124, 90.11359226338537, 68.08417036064765, 104.88129655182031, 29.556569754741922, 83.90592963518853, 89.08077258203951, 65.77201219859496, 89.19427880467411, 70.15431758086613, 49.14261275794339, 53.90338808991477, 40.524367336823275, 79.85146489285223, 93.20371483860889, 41.5959945624349, 89.2856202690711, 21.23055613508656, 98.38798374240342, 47.185697280715885, 63.68129365990438, 84.22813553725157, 91.35993755235062, 65.31999622920391, 61.14462284810929, 39.02713917812027, 104.48618432090933, 90.79304551678933, 80.3718721275194, 89.00065486250995, 4.851896192658443, 77.91714325249121, 37.16697779861767, 38.53662092296956, 79.27942329508313, 32.81294166332419, 72.02397899898395, 54.73217473506582, 47.564091637900226, 39.87772663110308, 88.06949224881386, 88.60002100746837, 44.654146179192296, 66.31922471343348, 62.169617642480404, 60.76924694404362, 82.97128685547871, 54.65002343482377, 89.09216729115393], [40.72711946551575, 38.069688694459074, 65.81765873228127, 71.3915419560398, 18.688675862933557, 83.98295673914366, 60.986821075069585, 68.54357954924713, 3.2168086824971867, 79.65476585857684, 80.83343342032438, 72.39058063699265, 26.907398994549634, 47.273679027586844, 27.005271314783187, 16.97405568011869, 50.475456075038316, 9.157179871290877, 76.48216710581319, 0.0, 29.686011779917607, 48.37063928794641, 42.17565312353927, 24.048467738096754, 71.19587139780346, 60.865637596097834, 65.96879782851283, 79.75378941011175, 45.62683098505764, 7.769302117022994, 35.70265163562736, 68.70638326557098, 79.71109308105926, 18.791763596760386, 17.89863591507675, 58.67966387597473, 55.365957756922874, 61.33740487909129, 14.10035093094078, 28.745173148776544, 59.114984375703905, 47.25328090230221, 62.61977245484024, 50.38590187050879, 11.853423221457358, 33.82035221081149, 93.16629551465061, 42.63022196696915, 22.653699958299754, 36.43190821224462, 30.95186172864783, 47.410706655414245, 34.88634832866838, 26.509795470241556, 62.1773822307147, 71.17272536692258, 37.7163832894828, 28.222151571846528, 13.24625768953356, 19.373500987405638, 11.190718805953463, 44.47647432587437, 38.01278910662544, 58.82210596558199, 20.07094566440265, 70.29325011162379, 16.840409286158483, 71.6377381090549, 16.48389078831044, 46.121533011815764, 46.99076334534152, 2.8682566029296392, 45.20182985493318, 18.714026615775712, 29.940948061846605, 31.597722795816846, 38.77237961174453, 53.99243990336472, 76.53678927328033, 62.79028685335307, 35.659932559730514, 89.54890580671957, 18.113882640911896, 95.72450970206127, 54.198815119735585, 30.095208537494294], [18.719201385086325, 58.61031153501202, 63.29869418878371, 64.0370851298946, 48.28605678669802, 87.40623510614826, 71.17666453070274, 72.72038268977994, 32.74605361734403, 75.78870526311165, 92.46764881770905, 84.57012113246287, 6.67992513193055, 65.11278361382134, 56.127008682894456, 40.60950612688816, 21.030485187927017, 22.806823496329248, 96.8762132841225, 29.686011779917607, 0.0, 61.52447363776094, 63.323230997602174, 47.74024130180448, 90.51801728483115, 54.514627556884754, 58.56725202553735, 91.96654395935886, 24.943113469092737, 29.601125286560585, 46.495724297090504, 78.61209179561298, 82.09242373634154, 34.23183508416926, 47.37895280780505, 69.34934522597545, 61.73145833550701, 65.454427611776, 20.529145990463824, 58.28455446885935, 34.64860454645924, 67.70191101918228, 50.30450842020868, 33.16133035342047, 34.242484889498606, 14.350852935583275, 91.79439437644395, 51.69929772669255, 47.468189917597385, 57.088139425688794, 21.266506573566364, 26.81199368923831, 57.558105908973005, 49.58025565787547, 78.56368092614123, 53.10808971853805, 65.79939621653338, 57.905449385767014, 16.49541927795459, 11.120556354252132, 36.85705726909373, 45.548902643411544, 58.41868717159672, 34.474198206111055, 9.817827389325954, 60.87350792982021, 36.64990056972933, 92.2597054456252, 44.25254029245161, 60.95847215343194, 74.14143396016874, 27.593393412779676, 69.54565824388254, 48.004225569300466, 42.43482374510142, 49.385857232845225, 57.01108034053256, 37.99603021833959, 64.28946438369414, 69.47841380904899, 35.8068653047468, 90.68000611495313, 37.241881936645925, 89.7385548872334, 57.177310677121056, 54.036547613654456], [55.31815600277459, 16.877684780680934, 33.46345646214734, 44.33949111061715, 46.00677424640259, 39.17686535176421, 13.158776023747821, 25.418830728575383, 48.898129188211406, 44.54359326710779, 32.563738431378205, 24.162778363074203, 54.93611056602693, 10.277285891571106, 43.14408232362932, 32.53158731193898, 73.83324108898596, 45.46336485239263, 38.11937682008307, 48.37063928794641, 61.52447363776094, 0.0, 17.797303036597487, 67.25771001392663, 31.090185486430812, 37.35673115415077, 41.39811455084821, 31.617861556536948, 54.70747215188265, 41.12785088854732, 15.030861114994622, 20.586672711469213, 36.509719984106155, 67.02669292499678, 44.74463505420179, 10.764740413658721, 14.189259057630775, 20.66896970269007, 59.79145097057244, 54.86579461300472, 66.7978256030732, 16.8488423968742, 47.81844576051619, 51.0360199302011, 36.519803781659256, 52.035498238416835, 52.2854444739714, 11.036678133203466, 30.40032826558784, 17.602135401154282, 42.61252968148458, 55.098500595405014, 22.078133558139058, 69.66854592094954, 17.57176489375987, 62.16276008285705, 39.86282412994121, 50.477744409905874, 51.774910781089105, 58.27057297408443, 38.10423132336203, 23.25625297148166, 16.62695478113654, 66.40229328328743, 57.24953895075264, 47.03403989837878, 64.32728782648184, 34.244222196952904, 56.93971826720434, 3.7504773267909655, 39.048318852982746, 50.67779821991998, 27.607821903289953, 52.98717105037999, 19.72289778023774, 17.267050192979088, 12.572196930935666, 50.29477137846529, 55.53812476117894, 18.03499866095962, 28.406176205443955, 46.37483638120062, 30.271474808459, 60.30042221811707, 19.688346028883483, 71.34546135611691], [62.341331411027475, 4.731635607561619, 50.862610882922965, 61.3645107333828, 33.46913092371579, 55.68791002148095, 29.063824996224415, 42.92645580036951, 41.530248605997706, 62.32700226113627, 43.16875071737813, 35.169256616963914, 57.35390449266011, 8.677443647087905, 28.171819662511464, 25.277432828919448, 79.49846118561