instance_id,num_cities,city_coordinates,distance_matrix,best_route,total_distance
2378,29,"[[90.48438508098161, 97.30412063519806], [42.02152782527781, 70.79642337163696], [29.975948935225382, 1.003238526246375], [95.72303623901236, 25.957528860306322], [96.53192890933568, 2.44023112900118], [29.354187968564972, 29.82891792099621], [41.32877739106336, 39.48885662271774], [13.995396679987394, 96.47369244799859], [29.201389019533586, 52.95164902964815], [20.417712896868178, 15.207003590664481], [83.15476798966444, 30.189170744654724], [62.08614484838208, 73.67731834144713], [81.20986922450979, 13.479533035810675], [38.04401996518577, 90.00675755640727], [17.481262027375532, 27.592300559058447], [78.14074478551142, 14.696420909164909], [36.05559831915504, 97.82241375899544], [67.1979562296388, 75.78244236250596], [5.5546686461969585, 22.118915101196247], [56.982336934318866, 73.93175747028636], [7.67580081603676, 79.4357778847564], [71.02660567496429, 37.64253215409674], [76.94679328715776, 52.202980191692795], [44.83426610201546, 37.77067134859685], [15.18621518296438, 3.0398742451141048], [94.3161952766744, 30.532984656689532], [63.94215315440851, 47.15634684283042], [45.263817700371575, 22.31685468979109], [95.7508057317161, 51.190595979799916]]","[[0.0, 55.23863274560049, 113.73271622434447, 71.53865824747194, 95.05645858435814, 91.04836066797438, 75.88727508744765, 76.4934961783126, 75.64884231624808, 107.93180799921709, 67.5139969600043, 36.94165446939848, 84.33610217800748, 52.94566461365535, 100.94153671263388, 83.52483169555275, 54.43125440522718, 31.708680267742423, 113.42782667794982, 40.849168778982886, 84.7144574474259, 62.75436494381497, 47.08905669984262, 75.0210966778951, 120.64643607451123, 66.88099408080214, 56.73878119923331, 87.5670586932751, 46.41327765429302], [55.23863274560049, 0.0, 70.82502821502675, 69.95983466896301, 87.42970229994518, 42.88120802745353, 31.315230142889526, 38.01034298967709, 21.97252671667624, 59.63982235927727, 57.800453392102945, 20.27038263355981, 69.43307583127725, 19.617785508758335, 49.68723048667594, 66.72187130251817, 27.676641257378378, 25.665403417387022, 60.82213108569723, 15.285814636692397, 35.415637932933905, 44.05082341944205, 39.56627726825708, 33.14531329314543, 72.87718404374316, 65.9990662131252, 32.239215764468526, 48.58786909519646, 57.19461313852718], [113.73271622434447, 70.82502821502675, 0.0, 70.32351025800932, 66.57149103072985, 28.83238421061581, 40.12517307395856, 96.79868605723843, 51.95418459463049, 17.120362676360998, 60.661399880667915, 79.45178763607194, 52.731134189377464, 89.36845175953702, 29.378485677616588, 50.07345407570364, 97.00986975241892, 83.53087544980134, 32.28421794272203, 77.76833461074487, 81.54115424963014, 55.023579093982136, 69.48146346862526, 39.656193783253876, 14.929303718329805, 70.79317202814666, 57.30455860000662, 26.229547562763013, 82.73513543090154], [71.53865824747194, 69.95983466896301, 70.32351025800932, 0.0, 23.53120481265149, 66.48166419400839, 56.05204926344338, 107.94413552859682, 71.79005552658151, 76.06882092709267, 13.261529316973169, 58.38337751920023, 19.139811822141205, 86.1926482646971, 78.2588506834326, 20.879404326826776, 93.4064496136207, 57.4125613001444, 90.25003861464388, 61.66334724404203, 103.01572105436134, 27.321291780967105, 32.27028067704472, 52.24191096719914, 83.73409364694369, 4.78685671792761, 38.20228283091792, 50.59038687286515, 25.233082399928744], [95.05645858435814, 87.42970229994518, 66.57149103072985, 23.53120481265149, 0.0, 72.54646126514582, 66.48299473190866, 125.11822808878661, 84.1712833464361, 77.17748608422309, 30.805065883129778, 79.12796366700887, 18.884694849932167, 105.3030485941446, 82.9556178392823, 22.100901370844475, 112.93868834422683, 78.99089758822366, 93.0812144735145, 81.70194957280387, 117.57434124820958, 43.47095019379274, 53.47811451066237, 62.61699725992778, 81.34792384271067, 28.179997805151665, 55.331948170013, 54.986356408767975, 48.756622386139576], [91.04836066797438, 42.88120802745353, 28.83238421061581, 66.48166419400839, 72.54646126514582, 0.0, 15.385226925802158, 68.39165476577585, 23.123235963892363, 17.136538897648457, 53.801786147893644, 54.7180337787681, 54.371997063213335, 60.802019401618104, 12.081755982831742, 51.07955160204744, 68.32294180550933, 59.5304729092109, 25.017219339029104, 52.042050993252744, 54.136799175782585, 42.39861984640932, 52.58949271008758, 17.39839838957996, 30.304856276211538, 64.96582257977785, 38.685489899164274, 17.593959537091376, 69.74834865338369], [75.88727508744765, 31.315230142889526, 40.12517307395856, 56.05204926344338, 66.48299473190866, 15.385226925802158, 0.0, 63.20114884344138, 18.119611698544173, 32.044984084106275, 42.847376197206174, 39.996490076645216, 47.61288060258723, 50.62457847817527, 26.650178896155946, 44.382269117977245, 58.571412017261345, 44.569482604508195, 39.76809933791912, 37.83315140415464, 52.23293358289199, 29.75516625434135, 37.819201399574794, 3.9039226092250474, 44.854898006429416, 53.73894394995368, 23.877922223044646, 17.617099438338798, 55.66585913009783], [76.4934961783126, 38.01034298967709, 96.79868605723843, 107.94413552859682, 125.11822808878661, 68.39165476577585, 63.20114884344138, 0.0, 46.1019572940143, 81.52006417701327, 95.79486655030551, 53.22024738576293, 106.79801410126508, 24.902962249609317, 68.96953969527324, 103.93338166303928, 22.101392389066167, 57.084500284530854, 74.83233795648086, 48.538807823934754, 18.172171706981032, 81.93695271948735, 76.95956274871814, 66.31048599901605, 93.44140641426958, 103.9211606518536, 70.19173070850104, 80.4795050892158, 93.4585776425239], [75.64884231624808, 21.97252671667624, 51.95418459463049, 71.79005552658151, 84.1712833464361, 23.123235963892363, 18.119611698544173, 46.1019572940143, 0.0, 38.7532092289461, 58.55849656513865, 38.87107580637602, 65.29111696289444, 38.09557966445584, 27.936677174730573, 62.11701072443167, 45.39125149761189, 44.32814279844925, 38.85646491791916, 34.813015055076036, 34.12858081902175, 44.53894708884586, 47.75127363440467, 21.791028640900937, 51.84216777692945, 68.86606207830059, 35.22082083245003, 34.59034893394898, 66.57271342356488], [107.93180799921709, 59.63982235927727, 17.120362676360998, 76.06882092709267, 77.17748608422309, 17.136538897648457, 32.044984084106275, 81.52006417701327, 38.7532092289461, 0.0, 64.50118924753758, 71.79857887419175, 60.816695285770855, 76.84848660970674, 12.72864190337103, 57.72528999573732, 84.08239683644926, 76.53610225687186, 16.391601664475388, 69.17780315406294, 65.48046862078066, 55.35894661340128, 67.55915344670666, 33.245859488215146, 13.244153609873822, 75.47099703644236, 53.99201268684951, 25.84335323750435, 83.48588980954362], [67.5139969600043, 57.800453392102945, 60.661399880667915, 13.261529316973169, 30.805065883129778, 53.801786147893644, 42.847376197206174, 95.79486655030551, 58.55849656513865, 64.50118924753758, 0.0, 48.32293309050869, 16.822444042633133, 74.92078002336572, 65.72482879505762, 16.28391003895731, 82.41715442969563, 48.30492995920863, 78.0186160109675, 50.97460191895786, 90.12381927331464, 14.235340439605663, 22.872401628982153, 39.06328220117817, 73.19022114365514, 11.166721411825382, 25.632199155640173, 38.70009656180881, 24.489181870911555], [36.94165446939848, 20.27038263355981, 79.45178763607194, 58.38337751920023, 79.12796366700887, 54.7180337787681, 39.996490076645216, 53.22024738576293, 38.87107580637602, 71.79857887419175, 48.32293309050869, 0.0, 63.16241120886379, 29.063281885814014, 64.13598393631149, 61.126888036760626, 35.50457696315738, 5.528305594084386, 76.51193858661885, 5.1101462301913365, 54.714215648495816, 37.127316834908896, 26.114863028376785, 39.83609692914832, 84.78945636742637, 53.85359486340699, 26.5858363807212, 54.04523954232947, 40.48409656840183], [84.33610217800748, 69.43307583127725, 52.731134189377464, 19.139811822141205, 18.884694849932167, 54.371997063213335, 47.61288060258723, 106.79801410126508, 65.29111696289444, 60.816695285770855, 16.822444042633133, 63.16241120886379, 0.0, 87.86186109515597, 65.27254845991436, 3.3015664340391004, 95.66937707375092, 63.85911224207747, 76.14688632515745, 65.12637530178125, 98.77998507428553, 26.221162882484737, 38.95740207049265, 43.74064360587447, 66.84391796314638, 21.508044884910035, 37.84576338865831, 37.01644059322709, 40.41736140413082], [52.94566461365535, 19.617785508758335, 89.36845175953702, 86.1926482646971, 105.3030485941446, 60.802019401618104, 50.62457847817527, 24.902962249609317, 38.09557966445584, 76.84848660970674, 74.92078002336572, 29.063281885814014, 87.86186109515597, 0.0, 65.71446915469137, 85.31936560498967, 8.06463281987832, 32.4389140146097, 75.26165758440503, 24.840802672058363, 32.15547147079633, 61.885887422633516, 54.24528878328176, 52.675574462064795, 89.92062072929781, 81.87604886176489, 50.06866286420021, 68.07384541385133, 69.54687284878823], [100.94153671263388, 49.68723048667594, 29.378485677616588, 78.2588506834326, 82.9556178392823, 12.081755982831742, 26.650178896155946, 68.96953969527324, 27.936677174730573, 12.72864190337103, 65.72482879505762, 64.13598393631149, 65.27254845991436, 65.71446915469137, 0.0, 62.015131705327555, 72.6448536976714, 69.23900237176831, 13.12255988937791, 60.890723313420224, 52.76261186472129, 54.48037244230512, 64.35708943067812, 29.185374142480974, 24.659458183822856, 76.8911866886334, 50.4119659536462, 28.278980335979135, 81.74962396519183], [83.52483169555275, 66.72187130251817, 50.07345407570364, 20.879404326826776, 22.100901370844475, 51.07955160204744, 44.382269117977245, 103.93338166303928, 62.11701072443167, 57.72528999573732, 16.28391003895731, 61.126888036760626, 3.3015664340391004, 85.31936560498967, 62.015131705327555, 0.0, 93.17236843809833, 62.05841311519801, 72.96459325818992, 62.900741810464666, 95.6895640612615, 24.023634124524197, 37.525558082381664, 40.51842242284114, 64.02458807059335, 22.637180697283753, 35.42946225849154, 33.74853101346058, 40.52084723466677], [54.43125440522718, 27.676641257378378, 97.00986975241892, 93.4064496136207, 112.93868834422683, 68.32294180550933, 58.571412017261345, 22.101392389066167, 45.39125149761189, 84.08239683644926, 82.41715442969563, 35.50457696315738, 95.66937707375092, 8.06463281987832, 72.6448536976714, 93.17236843809833, 0.0, 38.15241532829534, 81.61694934231576, 31.759909429540627, 33.81540011725208, 69.60308545933643, 61.263549888271655, 60.69000555747788, 97.05287707835144, 89.00654148297622, 57.833470216933286, 76.06497718743968, 75.74987932281331], [31.708680267742423, 25.665403417387022, 83.53087544980134, 57.4125613001444, 78.99089758822366, 59.5304729092109, 44.569482604508195, 57.084500284530854, 44.32814279844925, 76.53610225687186, 48.30492995920863, 5.528305594084386, 63.85911224207747, 32.4389140146097, 69.23900237176831, 62.05841311519801, 38.15241532829534, 0.0, 81.72924239352918, 10.381903108640676, 59.634166763015415, 38.33159672229568, 25.51530639124022, 44.10248713778191, 89.4242831842655, 52.75331564634242, 28.810650779985288, 57.78992557712673, 37.68320744308913], [113.42782667794982, 60.82213108569723, 32.28421794272203, 90.25003861464388, 93.0812144735145, 25.017219339029104, 39.76809933791912, 74.83233795648086, 38.85646491791916, 16.391601664475388, 78.0186160109675, 76.51193858661885, 76.14688632515745, 75.26165758440503, 13.12255988937791, 72.96459325818992, 81.61694934231576, 81.72924239352918, 0.0, 73.0025732417514, 57.356097853945684, 67.28712525219053, 77.47184284060704, 42.283143803638666, 21.3723299777532, 89.15943683232659, 63.52929509614942, 39.70964238931635, 94.76553051746785], [40.849168778982886, 15.285814636692397, 77.76833461074487, 61.66334724404203, 81.70194957280387, 52.042050993252744, 37.83315140415464, 48.538807823934754, 34.813015055076036, 69.17780315406294, 50.97460191895786, 5.1101462301913365, 65.12637530178125, 24.840802672058363, 60.890723313420224, 62.900741810464666, 31.759909429540627, 10.381903108640676, 73.0025732417514, 0.0, 49.61278811663743, 38.91207214359893, 29.50795281762415, 38.147080811602166, 82.29565541792292, 57.247449379454984, 27.6651704510618, 52.9284600387766, 44.94612996500529], [84.7144574474259, 35.415637932933905, 81.54115424963014, 103.01572105436134, 117.57434124820958, 54.136799175782585, 52.23293358289199, 18.172171706981032, 34.12858081902175, 65.48046862078066, 90.12381927331464, 54.714215648495816, 98.77998507428553, 32.15547147079633, 52.76261186472129, 95.6895640612615, 33.81540011725208, 59.634166763015415, 57.356097853945684, 49.61278811663743, 0.0, 75.89466295450042, 74.43181892259139, 55.82770499562748, 76.76418707236118, 99.48889957076595, 64.8680512568109, 68.3771189817865, 92.49322565323918], [62.75436494381497, 44.05082341944205, 55.023579093982136, 27.321291780967105, 43.47095019379274, 42.39861984640932, 29.75516625434135, 81.93695271948735, 44.53894708884586, 55.35894661340128, 14.235340439605663, 37.127316834908896, 26.221162882484737, 61.885887422633516, 54.48037244230512, 24.023634124524197, 69.60308545933643, 38.33159672229568, 67.28712525219053, 38.91207214359893, 75.89466295450042, 0.0, 15.717991869800157, 26.192653014878584, 65.69241314387158, 24.35057801026442, 11.861793180104511, 29.97661812085788, 28.192837776137633], [47.08905669984262, 39.56627726825708, 69.48146346862526, 32.27028067704472, 53.47811451066237, 52.58949271008758, 37.819201399574794, 76.95956274871814, 47.75127363440467, 67.55915344670666, 22.872401628982153, 26.114863028376785, 38.95740207049265, 54.24528878328176, 64.35708943067812, 37.525558082381664, 61.263549888271655, 25.51530639124022, 77.47184284060704, 29.50795281762415, 74.43181892259139, 15.717991869800157, 0.0, 35.2066178545882, 78.93909040569629, 27.77201526645998, 13.94952232659464, 43.55446520792454, 18.83124546618186], [75.0210966778951, 33.14531329314543, 39.656193783253876, 52.24191096719914, 62.61699725992778, 17.39839838957996, 3.9039226092250474, 66.31048599901605, 21.791028640900937, 33.245859488215146, 39.06328220117817, 39.83609692914832, 43.74064360587447, 52.675574462064795, 29.185374142480974, 40.51842242284114, 60.69000555747788, 44.10248713778191, 42.283143803638666, 38.147080811602166, 55.82770499562748, 26.192653014878584, 35.2066178545882, 0.0, 45.66437551025888, 50.0084535203417, 21.28854743964619, 15.459785376894231, 52.655373752068705], [120.64643607451123, 72.87718404374316, 14.929303718329805, 83.73409364694369, 81.34792384271067, 30.304856276211538, 44.854898006429416, 93.44140641426958, 51.84216777692945, 13.244153609873822, 73.19022114365514, 84.78945636742637, 66.84391796314638, 89.92062072929781, 24.659458183822856, 64.02458807059335, 97.05287707835144, 89.4242831842655, 21.3723299777532, 82.29565541792292, 76.76418707236118, 65.69241314387158, 78.93909040569629, 45.66437551025888, 0.0, 83.77007144400692, 65.75260178837307, 35.72483937346113, 93.85704690570208], [66.88099408080214, 65.9990662131252, 70.79317202814666, 4.78685671792761, 28.179997805151665, 64.96582257977785, 53.73894394995368, 103.9211606518536, 68.86606207830059, 75.47099703644236, 11.166721411825382, 53.85359486340699, 21.508044884910035, 81.87604886176489, 76.8911866886334, 22.637180697283753, 89.00654148297622, 52.75331564634242, 89.15943683232659, 57.247449379454984, 99.48889957076595, 24.35057801026442, 27.77201526645998, 50.0084535203417, 83.77007144400692, 0.0, 34.62540404409459, 49.73570686660785, 20.70736614672212], [56.73878119923331, 32.239215764468526, 57.30455860000662, 38.20228283091792, 55.331948170013, 38.685489899164274, 23.877922223044646, 70.19173070850104, 35.22082083245003, 53.99201268684951, 25.632199155640173, 26.5858363807212, 37.84576338865831, 50.06866286420021, 50.4119659536462, 35.42946225849154, 57.833470216933286, 28.810650779985288, 63.52929509614942, 27.6651704510618, 64.8680512568109, 11.861793180104511, 13.94952232659464, 21.28854743964619, 65.75260178837307, 34.62540404409459, 0.0, 31.078619431281624, 32.063461211837314], [87.5670586932751, 48.58786909519646, 26.229547562763013, 50.59038687286515, 54.986356408767975, 17.593959537091376, 17.617099438338798, 80.4795050892158, 34.59034893394898, 25.84335323750435, 38.70009656180881, 54.04523954232947, 37.01644059322709, 68.07384541385133, 28.278980335979135, 33.74853101346058, 76.06497718743968, 57.78992557712673, 39.70964238931635, 52.9284600387766, 68.3771189817865, 29.97661812085788, 43.55446520792454, 15.459785376894231, 35.72483937346113, 49.73570686660785, 31.078619431281624, 0.0, 58.16037221819927], [46.41327765429302, 57.19461313852718, 82.73513543090154, 25.233082399928744, 48.756622386139576, 69.74834865338369, 55.66585913009783, 93.4585776425239, 66.57271342356488, 83.48588980954362, 24.489181870911555, 40.48409656840183, 40.41736140413082, 69.54687284878823, 81.74962396519183, 40.52084723466677, 75.74987932281331, 37.68320744308913, 94.76553051746785, 44.94612996500529, 92.49322565323918, 28.192837776137633, 18.83124546618186, 52.655373752068705, 93.85704690570208, 20.70736614672212, 32.063461211837314, 58.16037221819927, 0.0]]",Route_3,1539.3112726366094
