instance_id,num_cities,city_coordinates,distance_matrix,best_route,total_distance
258,69,"[[62.30869400978273, 64.027094404542], [84.19684626585234, 11.467697896551698], [26.675094992851278, 73.67919875554247], [75.97435833780528, 87.36852619729196], [96.14385617287626, 63.175941043487974], [64.68756822470222, 2.6398126248259213], [7.875414064972929, 40.86833677919562], [97.92341527055959, 37.43808981034498], [44.18358737867082, 65.32151591941695], [9.203618480131237, 22.849974316464106], [38.536708506856655, 71.00732424484463], [93.1101905668525, 12.27411584135194], [5.2645059541285395, 88.84669192165781], [71.00131531135403, 95.24332774608565], [58.09829288354431, 89.61828298742039], [11.027958268464255, 38.685807902871026], [27.70388741050881, 24.357197481248726], [36.46914266593835, 24.0216651268506], [63.02408812407019, 32.60107090174647], [98.90782178322806, 56.99501929242794], [44.4909373258927, 81.6311241336528], [90.0315149057929, 1.3594116636411635], [30.407394733949634, 65.91639728228385], [94.83038938806317, 9.154552576628605], [39.06709274926905, 45.91717487629408], [98.30309110099356, 51.755549975091284], [70.37265389677516, 3.4117491015808965], [81.3847367494821, 54.15492933670026], [6.164174241324827, 63.70749216293896], [1.4041764085002018, 45.293915987549205], [29.910146014272733, 28.472917936568752], [12.383600077269785, 86.24656084710918], [47.81144989928548, 36.33053846011326], [19.105816136650876, 46.348661277258486], [74.42582026574087, 32.746116775459036], [70.08254613740289, 20.30872094996622], [97.12684029038815, 85.76647952323059], [19.461906819303554, 44.754784072630805], [42.22379037256261, 15.143164892842398], [61.42229383680024, 52.87029174364215], [52.68828625602697, 94.7153242783519], [71.10624146363556, 85.1239953369349], [10.401969273346701, 12.995143419732692], [35.84930283135726, 91.2463702944737], [2.0997939850712632, 74.51242251273125], [72.09445713905836, 92.43071755514939], [28.67433162686861, 29.230404584864576], [2.9546861266265823, 91.46448174577985], [55.86753471337491, 2.996843776943836], [16.12883596704976, 94.25153097307988], [58.87225370050226, 6.7768617019841155], [66.34660631700365, 62.78003015651266], [72.74835686217172, 5.617806872569265], [0.6958780266581477, 95.61964329117365], [47.20796678156505, 80.34213109535438], [21.084452557681367, 71.66996707184077], [51.324161114140246, 14.361955115971437], [22.912052976950836, 86.82722334937858], [67.22610609717941, 49.22556267582365], [5.088579763302614, 47.796273365278395], [27.78414516279729, 74.43232100682545], [15.558747062888646, 67.93708374811841], [82.97481704641349, 76.61291616641785], [47.57826076971777, 41.79212810969726], [40.33545273148502, 95.07790706393635], [44.869272069135405, 97.62388968873798], [82.22484944086979, 86.43160964696183], [66.56879021373663, 50.323069684623135], [84.81145509825251, 46.34160558021199]]","[[0.0, 56.934887112112804, 36.917698970846764, 27.047602845017277, 33.845866226865425, 61.433357443921864, 59.154966150776986, 44.44528699190794, 18.17126901037316, 67.19899006501494, 24.77561105956377, 60.225434662750175, 62.2097404900588, 32.403933235430436, 25.935234927184965, 57.20047779285335, 52.642125352970545, 47.62474971423512, 31.434165201847083, 37.26856898459332, 25.047441305445247, 68.52585832039216, 31.95719576011188, 63.78602132860908, 29.464236193601323, 38.028771011482206, 61.149387039088396, 21.47917711956284, 56.145429427724544, 63.72042245503256, 48.10161511356087, 54.64631454327556, 31.261306722244, 46.67992774583719, 33.54585384416409, 44.4041546976841, 41.047584286487506, 46.981582754050564, 52.84923763519425, 11.191959206543121, 32.16084106699205, 22.857735455508113, 72.79126385892827, 37.96035249447978, 61.1150860894598, 30.042086613682653, 48.395040606574874, 65.38890177933011, 61.36921072287917, 55.19144729695479, 57.353275987481965, 4.226098086831299, 59.33490903729622, 69.2403656729554, 22.2308880849054, 41.92674070220215, 50.86537155559336, 45.51858087167249, 15.596995965682972, 59.47756741821944, 36.05846937590045, 46.91317039173853, 24.196932673106907, 26.67169641348094, 38.03914167121928, 37.853376216555695, 29.976916959604793, 14.350913322541174, 28.620810113626263], [56.934887112112804, 0.0, 84.72911370149701, 76.34490843838464, 53.0704574604479, 21.4136285588794, 81.78849906864086, 29.374818344919326, 67.09168802774676, 75.85209575364642, 75.0320950384887, 8.949749523303304, 110.5342619436308, 84.80847949266186, 82.39325481308703, 78.06735350382017, 57.94474609294135, 49.35114774896996, 29.91496518311692, 47.84506029002616, 80.61926312040748, 11.671367045224587, 76.5373501037287, 10.88222774081664, 56.77553272885568, 42.68603013224859, 16.00020642505725, 42.77975792307465, 93.90470706137124, 89.4362298649056, 56.88781357034432, 103.67748392163182, 44.06878611490518, 73.84797769503794, 23.414612084787883, 16.654643699189588, 75.41547385439839, 72.79177488729104, 42.133673927893426, 47.2530953019035, 89.01099174875294, 74.8105212300651, 73.81068323871094, 93.28516240927789, 103.51117473550002, 81.8625578321055, 58.29462565907082, 114.01655147524737, 29.568653377403052, 107.17470338135011, 25.75536706795789, 54.3285054845806, 12.85648220232338, 118.54940577911958, 78.17841616430626, 87.2209117897144, 32.99985081687122, 97.13333086504679, 41.39640533382572, 87.05103804450238, 84.5395564760157, 88.88183279303487, 65.15667900408725, 47.54463031184124, 94.4165712139053, 94.70769491614851, 74.9898448884982, 42.667180325934254, 34.87932311764844], [36.917698970846764, 84.72911370149701, 0.0, 51.16458787249792, 70.25828920812958, 80.57010924053179, 37.815085172731216, 79.93585628472728, 19.40098368675073, 53.748139954911274, 12.158815261223104, 90.46660229955191, 26.238638911521875, 49.293259852085576, 35.23452528172551, 38.33236610280522, 49.33272973939374, 50.614168134104176, 54.85127062909492, 74.13453084717422, 19.50992965786463, 96.14669806708352, 8.613428357548987, 93.85400427585402, 30.402164039209794, 74.90805165211964, 82.7465475716898, 58.08908673303807, 22.806420202310814, 38.004520835235326, 45.32188633094514, 19.031169613627, 42.91465862143279, 28.359341692902674, 62.89395014208606, 68.79400203551282, 71.48112178628655, 29.81026414468756, 60.56590780617613, 40.50158562983482, 33.45451683563752, 45.8814793298749, 62.82809238455697, 19.81846627119112, 24.589422145559606, 49.13794781083476, 44.49373270861961, 29.647497159519183, 76.47348456920892, 23.118054250045084, 74.24674896635942, 41.141471617972385, 82.18940639964877, 34.00445295248322, 21.58688238854025, 5.940731840161894, 64.23481807904422, 13.675929070214986, 47.353614636083165, 33.70316701014184, 1.3405914384460371, 12.511797475121995, 56.376106651268785, 38.127780080517226, 25.387203288569932, 30.072849937600488, 56.99472960527792, 46.22786695873317, 64.24313478438583], [27.047602845017277, 76.34490843838464, 51.16458787249792, 0.0, 31.497457347268355, 85.47716966946338, 82.46049858564501, 54.54181494989187, 38.687514528189496, 92.84920698606024, 40.85665862737057, 77.02471819415092, 70.72530097518175, 9.313627455283953, 18.017078612798237, 81.16675392364071, 79.37547423546035, 74.65578927825035, 56.27773678958961, 38.059081272442256, 32.00193089570049, 87.15028074332048, 50.364094423122836, 80.45480455822457, 55.500998005076845, 42.03399079569899, 84.14344604865889, 33.65137754944729, 73.7109648231476, 85.62117061376496, 74.77034391647571, 63.60065520414766, 58.29258618363791, 70.11890194621043, 54.644355437748324, 67.31813225880578, 21.213063105082554, 70.77844441988061, 79.72203994840288, 37.44183170813631, 24.417546867808845, 5.360641816393934, 99.15209666667708, 40.31200508828087, 74.98486954215774, 6.378041600335031, 74.94887398404808, 73.1344609721243, 86.73445192484952, 60.24003903196046, 82.38627536883509, 26.40620659090338, 81.81434590357841, 75.72932411723158, 29.612083872896584, 57.090686763833624, 77.05576970102557, 53.06506627699359, 39.13333085064032, 81.18347614086395, 49.89631299587743, 63.46358831154585, 12.833143389955877, 53.69866310938524, 36.46321634418978, 32.75208195097037, 6.320320533942169, 38.220813177750856, 41.967874552730066], [33.845866226865425, 53.0704574604479, 70.25828920812958, 31.497457347268355, 0.0, 68.22111766454125, 91.04365480454173, 25.799298763368512, 52.00454811566289, 95.83730235425054, 58.13702800333948, 50.99214582578363, 94.43539456597225, 40.74879937994803, 46.33208751483587, 88.56908432020414, 78.68242609340871, 71.37316550841281, 45.07484575449007, 6.770768020537585, 54.85086880172979, 62.117984677022115, 65.79355943333847, 54.03735381087913, 59.629035985233756, 11.62272031969782, 65.08389589771673, 17.29769517502293, 89.9812519755963, 96.41251859565617, 74.77435505661863, 86.8794221857214, 55.28740485914399, 78.85440353559224, 37.3851212201692, 50.16762341701568, 22.61191470397879, 78.86355546644374, 72.21164089430582, 36.21868714558032, 53.69468550642412, 33.295633911918245, 99.34678464473826, 66.50851194386982, 94.72487236669274, 37.871038309439804, 75.52771801086048, 97.38820744306808, 72.4134367236169, 85.83761266490917, 67.60198592813617, 29.799879939417973, 62.13121757405577, 100.81126101650257, 51.85941911953355, 75.5384838955553, 66.26922579365076, 76.95635226568166, 32.1068423555083, 92.34499195904465, 69.28027265578952, 80.72563589171945, 18.81424704761111, 53.06490848433307, 64.28307188247098, 61.77170987496927, 27.102857240524312, 32.24718326699229, 20.293303442422697], [61.433357443921864, 21.4136285588794, 80.57010924053179, 85.47716966946338, 68.22111766454125, 0.0, 68.47657204686924, 48.12007506161895, 65.95005048099331, 59.05014237798447, 73.19825209044154, 30.011085606363253, 104.70303896120217, 92.81850254710848, 87.22770692926827, 64.64261377946008, 42.88866343881702, 35.404281625727656, 30.00740181324499, 64.23016616425282, 81.53239352274207, 25.37626962331876, 71.96566167602808, 30.838798684870568, 50.292532716418975, 59.517720333583995, 5.737254136166007, 54.153510380980244, 84.58279451226049, 76.31618578939087, 43.32226247150614, 98.61943739583941, 37.681140867043354, 63.151877042078716, 31.642109639295892, 18.474201148648895, 89.23199606525631, 61.79831121968615, 25.709047693922674, 50.336498183069125, 92.85409314630333, 82.73354678625095, 55.26444724575969, 93.1813694520617, 95.30425770326339, 90.09588565298638, 44.76620143631593, 108.17010019678199, 8.827256787049949, 103.68537706538076, 7.136740017836324, 60.16309643087121, 8.593297574130075, 112.8724294287367, 79.64412572378674, 81.6479878432428, 17.776087144963526, 93.98251858042342, 46.654863437202735, 74.77396185990193, 80.72191086356547, 81.71520473509338, 76.20002307770163, 42.727417537408954, 95.59198100535886, 97.02958187167941, 85.60736814465078, 47.72035205237622, 48.11255065380426], [59.154966150776986, 81.78849906864086, 37.815085172731216, 82.46049858564501, 91.04365480454173, 68.47657204686924, 0.0, 90.11331264240954, 43.77489485357194, 18.067249730017522, 42.99387796310584, 89.90326243450556, 48.049343422564064, 83.31577912266819, 69.99210535574504, 3.8343144434119463, 25.802830777471552, 33.18752267144376, 55.76489877660483, 92.44981959887878, 54.793260320733346, 91.16238297210901, 33.69117819004715, 92.55772167618552, 31.597651578481045, 91.080712476922, 72.8622052030039, 74.700428802815, 22.903173587448784, 7.839813016645368, 25.28192675334779, 45.60161138248558, 40.193016454903734, 12.496234924793, 67.04421692641588, 65.51660158862214, 99.90825944402431, 12.220936417100194, 42.91381390123938, 54.875452219249475, 70.05491829090971, 77.1796660260892, 27.98746843276414, 57.62364717353913, 34.136231370097946, 82.35754127361795, 23.83351500526894, 50.83486450186357, 61.13504417721784, 54.01744528794045, 61.342532762774226, 62.44199412282968, 73.83155535315902, 55.22002628117835, 55.724591886508286, 33.51446145452211, 50.89579441387111, 48.35617607441837, 59.93619832279228, 7.467446067147087, 39.02433357737275, 28.138064404369164, 83.17208235783349, 39.71359247012008, 63.18490025858793, 67.74760745664749, 87.20005949044521, 59.45001579523119, 77.1304808829989], [44.44528699190794, 29.374818344919326, 79.93585628472728, 54.54181494989187, 25.799298763368512, 48.12007506161895, 90.11331264240954, 0.0, 60.54299755900679, 89.91115312461356, 68.21784547137528, 25.620162332829498, 105.96470094682414, 63.76711534185194, 65.64154883256224, 86.90441443356842, 71.42752856576976, 62.901733463005435, 35.232936113810204, 19.58168907294133, 69.34013254968855, 36.93173578618866, 73.27637426596806, 28.45215787178212, 59.463951973323915, 14.322493473739588, 43.78168925822881, 23.515539776357766, 95.44548084756906, 96.83840909183567, 68.60159693224732, 98.48516044688571, 50.12420316937892, 79.31968366742583, 23.961460347202934, 32.68836599838651, 48.33495405955801, 78.80191827217335, 59.99593228590287, 39.62934168557569, 72.98560464409712, 54.709289859050735, 90.87057355215381, 82.1494156021417, 102.74566921088169, 60.756268684288656, 69.73379153790133, 109.26074565357374, 54.3589598665524, 99.58976001672913, 49.64981499546257, 40.48837863138127, 40.57479478821601, 113.30616560433403, 66.4290107861441, 84.11924638058285, 51.999985388146364, 89.81086228780751, 32.8826596710255, 93.41091290752463, 79.29748011802322, 87.8301041794672, 41.93003230258004, 50.533080563387976, 81.47835272285066, 80.23136928807331, 51.447156919406865, 33.89889701471868, 15.849166937868931], [18.17126901037316, 67.09168802774676, 19.40098368675073, 38.687514528189496, 52.00454811566289, 65.95005048099331, 43.77489485357194, 60.54299755900679, 0.0, 55.022087113032626, 8.013467246232674, 72.1653597966232, 45.476684189445486, 40.180907835214335, 27.999141401910396, 42.529480166541724, 44.154907950807555, 42.01416823779866, 37.757012467775986, 55.3540637825642, 16.312503918526023, 78.6967803620896, 13.78903069908674, 75.62953341736758, 20.067560106064718, 55.793871663051924, 67.2211754771406, 38.84093421145687, 38.05365748511794, 47.235397341249325, 39.51645608710977, 38.067002739842884, 29.217086790341284, 31.446205235919273, 44.44940133887019, 51.93176076110181, 56.753718518131734, 32.15823298219299, 50.21660797038452, 21.26513540575164, 30.599442361525103, 33.42106362849468, 62.28360121885757, 27.231569423804586, 43.07572901765218, 38.909195110000844, 39.28237940015683, 48.8188176899973, 63.4104043748887, 40.29906757944925, 60.35920357122749, 22.308262109450496, 66.18518663263093, 53.00148476146987, 15.322067453064303, 23.95564362552087, 51.45740598350966, 30.2485310034498, 28.10760359249362, 42.84336292854574, 18.76028982538712, 28.74408944758151, 40.40117843174294, 23.773007763681647, 30.004182278617495, 32.30965048755026, 43.50601885337968, 26.945327896038663, 44.84262070758228], [67.19899006501494, 75.85209575364642, 53.748139954911274, 92.84920698606024, 95.83730235425054, 59.05014237798447, 18.067249730017522, 89.91115312461356, 55.022087113032626, 0.0, 56.38759192092237, 84.57045359834457, 66.11416899691167, 95.18273453956775, 82.75685003548573, 15.94057216788872, 18.56156437816482, 27.29068831088686, 54.696680313430896, 95.98295779279736, 68.5595977610226, 83.63607549217262, 48.00330107912246, 86.7150994507382, 37.73490210787457, 93.6709577482392, 64.1832960614143, 78.67727780899023, 40.970415983436446, 23.760509556063784, 21.456415764918322, 63.47629058708226, 40.893645674124876, 25.499839358517356, 65.96869895133223, 60.93194401438421, 108.11558426484459, 24.187872376533132, 33.907619546316425, 60.23296036584721, 83.99729077014705, 87.80653976951783, 9.927423463657236, 73.40340235524413, 52.14856542694727, 93.7909239578705, 20.48947439180548, 68.89847447749698, 50.7116147489154, 71.73660802009694, 52.20458096539074, 69.71176671347774, 65.83981599956365, 73.26531491990235, 68.91791190180672, 50.24485954814986, 42.96727338022862, 65.42942434542084, 63.73602380579519, 25.283421047672153, 54.82676774979441, 45.532791438757094, 91.28331531154721, 42.79507402938123, 78.65154399518892, 82.84429531374397, 96.82316108412242, 63.60451160990076, 79.17323851848184], [24.77561105956377, 75.0320950384887, 12.158815261223104, 40.85665862737057, 58.13702800333948, 73.19825209044154, 42.99387796310584, 68.21784547137528, 8.013467246232674, 56.38759192092237, 0.0, 80.17390294553952, 37.75291381891329, 40.513387425427474, 27.000432749201032, 42.44304134157589, 47.891380643755156, 47.03112789694573, 45.54856810451634, 61.975930878914504, 12.178586326289274, 86.61724316198757, 9.591834014228146, 83.63458537109861, 25.09575467645428, 62.79053512212081, 74.71739555028994, 46.042987939759925, 33.18536610009073, 45.16640681127757, 43.40038364387986, 30.269116484455367, 35.89568637394443, 31.394414115436607, 52.4590158109838, 59.71170947028935, 60.42049492467846, 32.45063828206125, 55.98570239615036, 29.20106100544643, 27.610440387280917, 35.49725172101305, 64.47462040076769, 20.41668764182165, 36.605115130749645, 39.81311686103019, 42.9252547342395, 41.04358183303772, 70.18392259253721, 32.28631131277107, 67.37274461377248, 29.00135831692579, 73.7985492090924, 45.14083185176599, 12.740853150516356, 17.464831325600993, 58.070791177060975, 22.235086420022093, 36.021197525142, 40.71277685664758, 11.284866914925857, 23.18217178842867, 44.7902684895351, 30.582304565502884, 24.137697446864884, 27.35951237320136, 46.331007310829754, 34.837278761884356, 52.43805726131269], [60.225434662750175, 8.949749523303304, 90.46660229955191, 77.02471819415092, 50.99214582578363, 30.011085606363253, 89.90326243450556, 25.620162332829498, 72.1653597966232, 84.57045359834457, 80.17390294553952, 0.0, 116.53421691783232, 85.86438428799102, 84.89966531680449, 86.22685391824915, 66.51304649838214, 57.84646248068131, 36.30920905534697, 45.095140904553716, 84.70080510223542, 11.340591303496383, 82.51748277456632, 3.5624091493125682, 63.659342149832916, 39.821474824700815, 24.403629198406357, 43.49124976653851, 101.01980971431747, 97.4694836064433, 65.24298292359161, 109.49294512525711, 51.290226898308234, 81.47221662302518, 27.71657474860745, 24.389081311532262, 73.60204477153536, 80.49263014531138, 50.96721659256354, 51.49924559703904, 91.81766277065871, 76.10045150101226, 82.71136409408511, 97.54704627852962, 110.25651501518517, 82.86580627624677, 66.62954033525126, 119.99637091574382, 38.38076591181598, 112.45632729064303, 34.6764491252634, 57.15887352554382, 21.422201588654953, 124.44630210723702, 82.09914036732489, 93.35723902922643, 41.83815639173862, 102.4009001923037, 45.11535494700181, 94.91905837926465, 90.17280453399339, 95.45989935956464, 65.13222722790552, 54.26296784479623, 98.19185706780941, 98.0396354200857, 74.95214832783701, 46.39147358374985, 35.06369728772387], [62.2097404900588, 110.5342619436308, 26.238638911521875, 70.72530097518175, 94.43539456597225, 104.70303896120217, 48.049343422564064, 105.96470094682414, 45.476684189445486, 66.11416899691167, 37.75291381891329, 116.53421691783232, 0.0, 66.04729407279729, 52.83942083402949, 50.49090678652742, 68.28192098443407, 71.94451647807149, 80.62096015529544, 98.91208039844331, 39.88455009984467, 121.81736335004257, 34.02885934678027, 119.88696571641438, 54.640262698775366, 100.15952843854048, 107.41601548740938, 83.65290148936229, 25.15529303219814, 43.7235226825049, 65.21042983432022, 7.579062127927018, 67.58837779876674, 44.69523997274319, 89.0537025004796, 94.33361965978517, 91.91396073571286, 46.32129671213406, 82.45118920434095, 66.69331682892877, 47.785518558039804, 65.94689230559531, 76.02533090685111, 30.678791637127755, 14.67946461335638, 66.92598609749152, 64.04780756474942, 3.491144683165979, 99.6537151644612, 12.134494295249302, 98.02677007187833, 66.4115489980382, 107.14997638774072, 8.169775479992634, 42.79697957836506, 23.351886157344648, 87.57549800298918, 17.762718520461544, 73.54640558859703, 41.05079553039816, 26.73776802500493, 23.306289150704192, 78.66738663060572, 63.281796925558844, 35.620209853530234, 40.56570842062089, 76.99822784967682, 72.40362379635832, 90.19090576677678], [32.403933235430436, 84.80847949266186, 49.293259852085576, 9.313627455283953, 40.74879937994803, 92.81850254710848, 83.31577912266819, 63.76711534185194, 40.180907835214335, 95.18273453956775, 40.513387425427474, 85.86438428799102, 66.04729407279729, 0.0, 14.075834480042325, 82.43516607498012, 83.06329349810494, 79.1517288115739, 63.14814721074325, 47.34665989307895, 29.80087629782659, 95.79320537271764, 50.07928951446179, 89.32581923235082, 58.761074935528754, 51.34757809991761, 91.83373046716572, 42.38008877539264, 72.09967952815137, 85.6662446853307, 78.40135088333764, 59.30411751218217, 63.31261011270375, 71.30099048182619, 62.590962712596394, 74.94023907410512, 27.79125235877589, 72.14848349048512, 85.11276068086885, 43.442281621415056, 18.320639204001374, 10.11987637791695, 102.16185474635769, 35.37851961662395, 71.95269329823951, 3.017571066542645, 78.41734229184239, 68.15147408895737, 93.47965083298561, 54.88144176522737, 89.29406335189371, 32.79530463665892, 89.64254651687114, 70.30644440719342, 28.074349429395095, 55.20322925922929, 83.24053601360528, 48.82015941271927, 46.1723608522741, 81.21398695324989, 47.96688229550507, 61.80217904946608, 22.146263328771564, 58.35812048575172, 30.666308740529782, 26.24025074529565, 14.269341057485148, 45.138418925006626, 50.81435222180812], [25.935234927184965, 82.39325481308703, 35.23452528172551, 18.017078612798237, 46.33208751483587, 87.22770692926827, 69.99210535574504, 65.64154883256224, 27.999141401910396, 82.75685003548573, 27.000432749201032, 84.89966531680449, 52.83942083402949, 14.075834480042325, 0.0, 69.35224162933628, 71.99186874573503, 69.07051768939759, 57.22958966106875, 52.24648297375752, 15.77830256484106, 93.85818577018011, 36.44948869751922, 88.4514489719522, 47.665222423599246, 55.22691690533454, 87.07598074609045, 42.42532168502103, 58.038967601897944, 71.96438252931193, 67.32998805231985, 45.83886613522975, 54.27156580927388, 58.24666003984726, 59.16951444838242, 70.33802467994342, 39.21815781771246, 59.2072956905007, 76.14816508079825, 36.8980194968517, 7.432899947614144, 13.762461543910094, 90.2554419585769, 22.30847880564039, 58.00016292703894, 14.275937869894442, 67.1748863340774, 55.174503314637555, 86.65015875870085, 42.22442777305703, 82.84503664032819, 28.077152446648014, 85.26842535252747, 57.71528009892641, 14.305460374700656, 41.13595045545838, 75.56059651646666, 35.29676320383297, 41.41121621292824, 67.52118314962247, 33.905176497274674, 47.74607166125786, 28.070999636184098, 48.96950240776295, 18.58294877904157, 15.462753000816031, 24.336097022583843, 40.197799859359584, 50.857288985128726], [57.20047779285335, 78.06735350382017, 38.33236610280522, 81.16675392364071, 88.56908432020414, 64.64261377946008, 3.8343144434119463, 86.90441443356842, 42.529480166541724, 15.94057216788872, 42.44304134157589, 86.22685391824915, 50.49090678652742, 82.43516607498012, 69.35224162933628, 0.0, 21.986261377622025, 29.364790939180743, 52.350945973629635, 89.76690722688954, 54.44328382417563, 87.37746744759536, 33.42256057919523, 88.85348897313398, 28.956618081830108, 88.24832558621154, 69.03659988392924, 72.03728198760396, 25.490019189345233, 11.674085392310708, 21.467187415489658, 47.58006920273067, 36.858819171301235, 11.134231431759705, 63.675496358605535, 61.84789142116987, 98.13056162913416, 10.390570720962174, 39.08242546931733, 52.35254186000094, 69.82040986202803, 75.93355887774818, 25.69828990044267, 58.126688060059095, 36.922329718947914, 81.34883279951738, 20.019968646588094, 53.39256629618322, 57.30872338606667, 55.799359616496204, 57.50875979395859, 60.33808389339233, 70.02071332617345, 57.863749395847655, 55.17465249482476, 34.4831528934491, 47.06839468452933, 49.586566610660945, 57.17795248215959, 10.875513687605457, 39.47889307375529, 29.600087595722325, 81.33151928526217, 36.68206425707905, 63.553112272267335, 67.96272510982058, 85.72431916790812, 56.7468930863181, 74.17961743301021], [52.642125352970545, 57.94474609294135, 49.33272973939374, 79.37547423546035, 78.68242609340871, 42.88866343881702, 25.802830777471552, 71.42752856576976, 44.154907950807555, 18.56156437816482, 47.891380643755156, 66.51304649838214, 68.28192098443407, 83.06329349810494, 71.99186874573503, 21.986261377622025, 0.0, 8.771674962838233, 36.2695192609366, 78.32769422581515, 59.68339567288839, 66.43516615244855, 41.64704119082479, 68.82650419597512, 24.37119325855211, 75.72923663359748, 47.53246723330124, 61.39656675648029, 44.85983654614199, 33.6157846941171, 4.669767862862353, 63.75738782136949, 23.402456354755056, 23.612524420771894, 47.469073897155255, 42.571597077334324, 92.68573950437911, 21.99981324508765, 17.19668510404469, 44.15798315531071, 74.66248182366549, 74.67508325396626, 20.699097654774036, 67.38330083941919, 56.312664633252666, 81.26823989774219, 4.968894188025962, 71.5255937797842, 35.3476412193692, 70.84631020869071, 35.784567390131905, 54.49379593382813, 48.78697560380697, 76.20871835748618, 59.285090063929886, 47.7735814452222, 25.648044755401855, 62.65353788257648, 46.695196298631835, 32.57057595860233, 50.07518784196989, 45.24058930978561, 76.06270964224625, 26.437993918602217, 71.83992766099458, 75.25063865181198, 82.61820590181618, 46.740851395608075, 61.19304279631787], [47.62474971423512, 49.35114774896996, 50.614168134104176, 74.65578927825035, 71.37316550841281, 35.404281625727656, 33.18752267144376, 62.901733463005435, 42.01416823779866, 27.29068831088686, 47.03112789694573, 57.84646248068131, 71.94451647807149, 79.1517288115739, 69.07051768939759, 29.364790939180743, 8.771674962838233, 0.0, 27.906474727823888, 70.61041520087859, 58.16527277184296, 58.15931096558392, 42.330997748298614, 60.22512892922433, 22.049097301782048, 67.76876528198326, 39.676399941881655, 54.08719075546702, 49.9335155857781, 41.01293107442784, 7.926795610622524, 66.72369151349183, 16.737870118684253, 28.283915309995304, 38.94644311081895, 33.81784805980599, 86.55505985176485, 26.8161945913832, 10.580346716088258, 38.143190886853446, 72.53036648897175, 70.23690888858661, 28.303386893391053, 67.22756269785769, 61.07838169227211, 77.1295111189383, 9.374969113350465, 75.31103711023992, 28.60665528896283, 73.11608669358758, 28.271586959158945, 48.937446745751444, 40.68025788192425, 80.03747210007857, 57.33513085618413, 50.07044405603025, 17.71952512317127, 64.25210365800177, 39.76464825909856, 39.36968027527017, 51.153332324285664, 48.6395789142673, 70.20411266791686, 20.95714340430115, 71.1613509690802, 74.08002183078074, 77.38595400637553, 39.97189843143927, 53.246210317214825], [31.434165201847083, 29.91496518311692, 54.85127062909492, 56.27773678958961, 45.07484575449007, 30.00740181324499, 55.76489877660483, 35.232936113810204, 37.757012467775986, 54.696680313430896, 45.54856810451634, 36.30920905534697, 80.62096015529544, 63.14814721074325, 57.22958966106875, 52.350945973629635, 36.2695192609366, 27.906474727823888, 0.0, 43.39017238279436, 52.41587353494699, 41.29700198949076, 46.623595523585095, 39.51430148270331, 27.409054205667253, 40.14351902383462, 30.100131661994308, 28.313993561132794, 64.81249301201109, 62.913606129412315, 33.37026833807188, 73.77192976394305, 15.663118783533863, 46.0196790025073, 11.4026546968628, 14.174755619163683, 63.16295100141128, 45.22583756957396, 27.155678389005494, 20.33241398546343, 62.96831959635405, 53.141121495775394, 56.155852631490255, 64.63543994255521, 73.94816434635045, 60.51328955476726, 34.51473834229088, 84.10252191536202, 30.456961771933756, 77.45930481147894, 26.155831278585165, 30.36130281860796, 28.682014227719556, 88.63490418536374, 50.29272832856198, 57.31763846662837, 21.669186341083417, 67.4496180338894, 17.147322875384745, 59.89505244115157, 54.69649957051582, 59.17425458705205, 48.32260452556549, 17.973567126763836, 66.4690095669763, 67.50973492019098, 57.15239397212369, 18.07302281758001, 25.758331718451878], [37.26856898459332, 47.84506029002616, 74.13453084717422, 38.059081272442256, 6.770768020537585, 64.23016616425282, 92.44981959887878, 19.58168907294133, 55.3540637825642, 95.98295779279736, 61.975930878914504, 45.095140904553716, 98.91208039844331, 47.34665989307895, 52.24648297375752, 89.76690722688954, 78.32769422581515, 70.61041520087859, 43.39017238279436, 0.0, 59.73386791252354, 56.33923730409137, 69.07893666792651, 48.013911635302584, 60.85746863141592, 5.274252357002655, 60.70768197397567, 17.75174977450158, 92.98624334499227, 98.20324169757399, 74.6604950912582, 91.33506240840406, 55.11678499124617, 80.50903703438205, 34.45834690724014, 46.655985705265216, 28.826529775373526, 80.38331146880606, 70.46032311627171, 37.71177777265523, 59.65791542269411, 39.54955324120867, 98.83964288337681, 71.76023869712803, 98.38014871787597, 44.43698048819079, 75.52229451892258, 101.95659902211922, 69.05265577844487, 90.7766938997318, 64.22390570095548, 33.07112189411587, 57.65358237777821, 105.53410574543251, 56.72708909093897, 79.19489181723945, 63.88883254329158, 81.64139437413279, 32.62047769314418, 94.2691206059842, 73.23002708647964, 84.06424347657693, 25.27296020852837, 53.53365048409855, 69.86435970758546, 67.60820930096152, 33.83540184298878, 33.020113180024836, 17.669260806296325], [25.047441305445247, 80.61926312040748, 19.50992965786463, 32.00193089570049, 54.85086880172979, 81.53239352274207, 54.793260320733346, 69.34013254968855, 16.312503918526023, 68.5595977610226, 12.178586326289274, 84.70080510223542, 39.88455009984467, 29.80087629782659, 15.77830256484106, 54.44328382417563, 59.68339567288839, 58.16527277184296, 52.41587353494699, 59.73386791252354, 0.0, 92.29025966579101, 21.102104443685487, 88.24349187662514, 36.12345860446593, 61.54914967096467, 82.39013219471981, 46.00101864554879, 42.310723836424614, 56.363655507834125, 55.12163242652306, 32.437375992097905, 45.42211868809903, 43.46557905981857, 57.32225711739788, 66.44823228486956, 52.79810077157975, 44.568114436174056, 66.52660129087958, 33.37448595957303, 15.439974835112825, 26.843519955238158, 76.63521117247029, 12.927908008271329, 42.984705960489954, 29.64094337475549, 54.73573261653815, 42.6843658218851, 79.4529861951983, 31.043251477284695, 76.22324359967726, 28.862328582149743, 81.09566054902953, 45.97483971960966, 3.0072831785139527, 25.437927966219988, 67.61533884903376, 22.195668424372226, 39.58545581973299, 51.935950053969044, 18.19174732783208, 32.00934825164851, 38.809681904724904, 39.95844304078348, 14.074232603894414, 15.997239989381393, 38.03804391217172, 38.30960534279471, 53.58259300523657], [68.52585832039216, 11.671367045224587, 96.14669806708352, 87.15028074332048, 62.117984677022115, 25.37626962331876, 91.16238297210901, 36.93173578618866, 78.6967803620896, 83.63607549217262, 86.61724316198757, 11.340591303496383, 121.81736335004257, 95.79320537271764, 93.85818577018011, 87.37746744759536, 66.43516615244855, 58.15931096558392, 41.29700198949076, 56.33923730409137, 92.29025966579101, 0.0, 87.87855311981443, 9.153874488429224, 67.69613421949015, 51.070438900207435, 19.76570021858692, 53.49891081929378, 104.50365530485935, 98.91939041108773, 65.9524163302781, 115.04358640843014, 54.82256468433999, 83.99099550956306, 35.05228898338542, 27.514317679183055, 84.70476224490932, 82.84460110348533, 49.75510404098001, 58.92247700827534, 100.54771576775975, 85.87590728965053, 80.47518121215725, 104.95416826967912, 114.38247479560306, 92.82090711747989, 67.39062387556886, 125.30481939950822, 34.2031976065631, 118.70363003767807, 31.626702701632876, 65.82907618147297, 17.80004162119318, 129.8685769656259, 89.84501234223737, 98.47472573327578, 40.83289573103902, 108.67276109479299, 53.02127010595884, 96.80746022553372, 95.99158879713595, 99.89384150372481, 75.58364191164647, 58.62664365243294, 106.0794748088801, 106.33192327556935, 85.42963710208848, 54.29492846271095, 45.284067771593584], [31.95719576011188, 76.5373501037287, 8.613428357548987, 50.364094423122836, 65.79355943333847, 71.96566167602808, 33.69117819004715, 73.27637426596806, 13.78903069908674, 48.00330107912246, 9.591834014228146, 82.51748277456632, 34.02885934678027, 50.07928951446179, 36.44948869751922, 33.42256057919523, 41.64704119082479, 42.330997748298614, 46.623595523585095, 69.07893666792651, 21.102104443685487, 87.87855311981443, 0.0, 85.86168676768972, 21.79356020848293, 69.35672412696151, 74.18930505231373, 52.31655117841353, 24.343643968812298, 35.58754568645281, 37.446780927099915, 27.169334264915516, 34.325270260312045, 22.596946058113417, 55.11705085723739, 60.44979552753165, 69.60969889556276, 23.82472621720186, 52.13010965996963, 33.64706281513115, 36.41176078059718, 45.00364372087555, 56.57628618285515, 25.90795045037135, 29.583980630070517, 49.40465920841392, 36.72690523210779, 37.501411035219924, 67.87554007949605, 31.72943494194464, 65.63332129824964, 36.075805298830716, 73.679556726015, 42.01258202624886, 22.14409666644098, 10.955401231600044, 55.636064049168, 22.21357231204604, 40.425257776655364, 31.13488850607133, 8.910802163372349, 14.985510049795163, 53.64465867927168, 29.611129723968787, 30.80519417805771, 34.84983458731627, 55.73080432464221, 39.38017761023339, 57.81845945977991], [63.78602132860908, 10.88222774081664, 93.85400427585402, 80.45480455822457, 54.03735381087913, 30.838798684870568, 92.55772167618552, 28.45215787178212, 75.62953341736758, 86.7150994507382, 83.63458537109861, 3.5624091493125682, 119.88696571641438, 89.32581923235082, 88.4514489719522, 88.85348897313398, 68.82650419597512, 60.22512892922433, 39.51430148270331, 48.013911635302584, 88.24349187662514, 9.153874488429224, 85.86168676768972, 0.0, 66.79098479865384, 42.742304997868494, 25.122910203931966, 46.96615252951618, 104.10437515280191, 100.17240567865606, 67.73357542528164, 112.87449139125367, 54.30759504331503, 84.36594523943164, 31.191478682729464, 27.14537193814107, 76.6463374025026, 83.353372141062, 52.94636661237078, 55.019693740338795, 95.37611079607719, 79.58763363771773, 84.5157278918616, 101.08330775963726, 113.44873065124128, 86.32405382488214, 69.13511273122438, 123.35343241926526, 39.44643738111963, 115.91130334478483, 36.036660999881896, 60.72081804216594, 22.36346866319512, 127.81830127773172, 85.64792157590078, 96.67802360670623, 43.81676551081155, 105.85504663035172, 48.65883585098554, 97.70759939858686, 93.57556260018104, 98.68829336784364, 68.49222885671259, 57.42799836004575, 101.74733887211013, 101.60185457368244, 78.298423910139, 49.935606422286824, 38.5130621399398], [29.464236193601323, 56.77553272885568, 30.402164039209794, 55.500998005076845, 59.629035985233756, 50.292532716418975, 31.597651578481045, 59.463951973323915, 20.067560106064718, 37.73490210787457, 25.09575467645428, 63.659342149832916, 54.640262698775366, 58.761074935528754, 47.665222423599246, 28.956618081830108, 24.37119325855211, 22.049097301782048, 27.409054205667253, 60.85746863141592, 36.12345860446593, 67.69613421949015, 21.79356020848293, 66.79098479865384, 0.0, 59.52302180265854, 52.789671139815745, 43.11198896222152, 37.404510897750214, 37.66807293895127, 19.701567797683385, 48.35771038789592, 12.975645638776035, 19.965939610238095, 37.732166424413975, 40.22127871374006, 70.41946723302328, 19.639614755105512, 30.935488202814753, 23.411553768064095, 50.663559859272624, 50.63281367822863, 43.65259968337158, 45.44326274834733, 46.73616763611052, 57.046616473491376, 19.65852961200843, 58.12626837448089, 46.0913188341052, 53.50115516040681, 43.86580120876985, 32.070668042524645, 52.521106364420234, 62.79080733531631, 35.37444615388246, 31.409897391222334, 33.85214349230168, 43.98428555876869, 28.35269762403341, 34.03043278991311, 30.666243087222586, 32.210537152208566, 53.57347091895631, 9.458117777809699, 49.17709147834562, 52.03123717110031, 59.19469053418643, 27.852383605163197, 45.74633130795871], [38.028771011482206, 42.68603013224859, 74.90805165211964, 42.03399079569899, 11.62272031969782, 59.517720333583995, 91.080712476922, 14.322493473739588, 55.793871663051924, 93.6709577482392, 62.79053512212081, 39.821474824700815, 100.15952843854048, 51.34757809991761, 55.22691690533454, 88.24832558621154, 75.72923663359748, 67.76876528198326, 40.14351902383462, 5.274252357002655, 61.54914967096467, 51.070438900207435, 69.35672412696151, 42.742304997868494, 59.52302180265854, 0.0, 55.83218073223014, 17.087648617765453, 92.91086546865549, 97.11412040672595, 72.24732446448412, 92.58395524468267, 52.7952347421548, 79.38162764247437, 30.520200083080866, 42.25283675420493, 34.03126348959064, 79.15139330523787, 66.97279083031165, 36.89764025046969, 62.65981670282382, 43.04790094840168, 96.06756130398803, 73.89181658834967, 98.85822992380966, 48.38761981970711, 73.18159823860364, 103.28657992946172, 64.63890373485633, 92.51225112275615, 59.815326939450316, 33.80467546094669, 52.74216321512734, 107.01040475851259, 58.548307826642066, 79.74523275272325, 60.04415707791774, 83.14944920258677, 31.179798470512036, 93.29855837684484, 74.07535137047914, 84.31173409166654, 29.203503890150188, 51.694082711704326, 72.36762896400242, 70.42071857355522, 38.222231348371935, 31.766615378184927, 14.537366884732025], [61.149387039088396, 16.00020642505725, 82.7465475716898, 84.14344604865889, 65.08389589771673, 5.737254136166007, 72.8622052030039, 43.78168925822881, 67.2211754771406, 64.1832960614143, 74.71739555028994, 24.403629198406357, 107.41601548740938, 91.83373046716572, 87.07598074609045, 69.03659988392924, 47.53246723330124, 39.676399941881655, 30.100131661994308, 60.70768197397567, 82.39013219471981, 19.76570021858692, 74.18930505231373, 25.122910203931966, 52.789671139815745, 55.83218073223014, 0.0, 51.924332534262696, 88.08124369572496, 80.68932265247237, 47.59492333765586, 101.11546073572825, 39.908077110376645, 66.87202016617081, 29.613059356317468, 16.899462126268226, 86.59150138672258, 65.5831587269456, 30.49564943024174, 50.26187805364803, 93.00042848779471, 81.71553913146126, 60.731577131340025, 94.37575138183043, 98.57225349986784, 89.03561843971524, 49.04439877386081, 110.89844951291056, 14.51105195887115, 105.80291940232422, 11.982620226303855, 59.50463725233483, 3.2420141068064705, 115.5731320270142, 80.3423076769238, 84.19329612100097, 21.97162008245385, 95.97213128640954, 45.92174079094357, 78.94299417668101, 82.81124748445782, 84.66453326890573, 74.27802754317237, 44.6389723317809, 96.46200272347454, 97.60302207749838, 83.86162283303344, 47.065288459374194, 45.29295262412959], [21.47917711956284, 42.77975792307465, 58.08908673303807, 33.65137754944729, 17.29769517502293, 54.153510380980244, 74.700428802815, 23.515539776357766, 38.84093421145687, 78.67727780899023, 46.042987939759925, 43.49124976653851, 83.65290148936229, 42.38008877539264, 42.42532168502103, 72.03728198760396, 61.39656675648029, 54.08719075546702, 28.313993561132794, 17.75174977450158, 46.00101864554879, 53.49891081929378, 52.31655117841353, 46.96615252951618, 43.11198896222152, 17.087648617765453, 51.924332534262696, 0.0, 75.82469571711339, 80.46991729852392, 57.52563950895102, 76.0988152014024, 38.011504837969035, 62.76624708961971, 22.511414302749742, 35.68340419284569, 35.31435868153536, 62.63225684539417, 55.27655457930619, 20.003735170901965, 49.68532890850257, 32.63020861514769, 82.05291740883871, 58.730322103968646, 81.85676317548875, 39.3871204708268, 58.306249598948725, 86.85203245560541, 57.16884919159098, 76.59027385845526, 52.45467744472691, 17.33602408443652, 49.299485947177885, 90.71942694549026, 43.056023288134426, 62.79252201078827, 49.871023699736675, 66.98159108003733, 14.99218054939598, 76.56066925401478, 57.30790548769209, 67.25331737869651, 22.514207243304345, 35.9960646786391, 57.96321095707217, 56.77085233558391, 32.28761188420503, 15.303444714941952, 8.531730584442046], [56.145429427724544, 93.90470706137124, 22.806420202310814, 73.7109648231476, 89.9812519755963, 84.58279451226049, 22.903173587448784, 95.44548084756906, 38.05365748511794, 40.970415983436446, 33.18536610009073, 101.01980971431747, 25.15529303219814, 72.09967952815137, 58.038967601897944, 25.490019189345233, 44.85983654614199, 49.9335155857781, 64.81249301201109,