instance_id,num_cities,city_coordinates,distance_matrix,best_route,total_distance
2522,57,"[[27.010048474724492, 53.57946713204241], [26.63340263977716, 64.6790365436879], [22.727678932289553, 72.55217087067601], [20.104133643011004, 77.59344019108234], [99.86842512996276, 22.72559684426537], [12.009384202806295, 88.23660079514512], [24.093683916809972, 71.57984971635808], [58.69590392532567, 76.43465129208795], [16.92807474586192, 6.306247552262667], [57.45019981510311, 17.187522436938995], [75.35349657592108, 90.59709495726699], [81.91957031679479, 93.05803690230545], [57.578879789708246, 53.680991093919836], [57.281507300529185, 17.677139807286423], [57.18506499000622, 31.182931198165985], [61.62350759793972, 25.985680502822905], [89.80697389746368, 21.702992316876824], [79.63697210900499, 87.13168869084782], [44.46988283467326, 82.71239102681524], [24.067498614986004, 12.28318391916422], [79.38684600652064, 98.29985574896253], [29.93536675590107, 77.94747099836678], [0.7896436845873822, 32.75677432099907], [99.24130245342153, 86.50022542140488], [9.679455847760277, 92.68573391854167], [60.39843955183875, 39.097228235025085], [95.72415155661952, 74.27470094141093], [58.51310525898922, 66.8694818470044], [2.8635761704386864, 12.005519068142512], [85.2063339013561, 82.4205798658395], [31.11129228028321, 57.869484823411554], [14.654538064955613, 85.70657501799153], [51.753817219220046, 12.835984801562894], [45.531041871497116, 31.896916637873073], [70.07322277735042, 86.30462087147788], [32.42604170744671, 54.17759873229338], [53.915386912649666, 2.3939298707604584], [46.56015932751705, 16.90915938721409], [40.551746001936785, 24.547606098871334], [22.01445230914061, 40.17862589847281], [56.05977812442093, 75.36835537271746], [81.19146031176484, 46.799094762129826], [17.72861632522983, 88.92955594000131], [81.99652375341552, 13.583513171098005], [23.654649425546115, 83.98199862807596], [9.493491119462117, 22.799709681752667], [41.52618420775678, 43.54794520631297], [71.61421089749479, 69.1779209864], [10.565171756869008, 16.9229188766303], [71.36414926067319, 58.63571791232509], [18.418144512924574, 5.136599676871767], [23.52968767172695, 9.045835731687335], [49.610204733215646, 31.42765689022854], [4.7103174563576715, 49.271803268694825], [60.267976329146734, 14.46478005547026], [97.76693947282608, 45.55855818751733], [89.66970223570429, 85.53712772557266]]","[[0.0, 11.105958005004313, 19.449991672284483, 24.987247982584552, 79.12208516319282, 37.76422701897883, 18.235102286973742, 39.06856637536101, 48.33635778280719, 47.4444564972202, 60.8883711731553, 67.62849295992275, 30.568999903149706, 46.96102987346327, 37.578403951404624, 44.26633724415636, 70.42416835995263, 62.41269632646516, 33.96429110897905, 41.40098557854985, 68.87119918903058, 24.542964357945547, 33.48274426121194, 79.37965972263716, 42.77440289213447, 36.393954198308876, 71.7629477151944, 34.19162291960582, 48.07749247164922, 64.95088468359432, 5.935019169715797, 34.42106475112763, 47.66849529925579, 28.515963815650665, 54.08671434176816, 5.448921371070757, 57.826088067457725, 41.556206569619576, 32.03477059333912, 14.301696641200849, 36.31311668646854, 54.60401851631114, 36.548238828652934, 67.99403500911005, 30.587131675698835, 35.41501447520336, 17.64510211832755, 47.252968881154935, 40.17631765439464, 44.64137014567546, 49.19890467244189, 44.6694217224908, 31.64600701348508, 22.711978589526318, 51.34246303273846, 71.21005971078519, 70.33864002137905], [11.105958005004313, 0.0, 8.788681460266336, 14.471115202359714, 84.40059017418702, 27.727617075875795, 7.353325345439871, 34.14964812115347, 59.17411498422147, 56.613769529123466, 55.185082269363214, 62.144412442034756, 32.841735029563694, 56.1113590649501, 45.33644390201668, 52.167837282068504, 76.40576210492777, 57.56300865070054, 25.364185373416777, 52.458643098304066, 62.55625684999043, 13.67312399937482, 41.07226195801807, 75.81603655813997, 32.73853096388384, 42.36161746220335, 69.75391287321366, 31.95486644810486, 57.788442561026415, 61.20090388242182, 8.149938052750459, 24.200218403771355, 57.608482383931424, 37.838976651747096, 48.525084967499765, 11.993117337659879, 67.99809687868634, 51.75941262840011, 42.476487513613016, 24.932004009727265, 31.307716479997225, 57.413186421342616, 25.833755249648128, 75.33808922558542, 19.5314442871646, 45.25101750605215, 25.85184643192891, 45.205232802701445, 50.38685164143811, 45.137139844511395, 60.10650758553189, 55.71970997045192, 40.417665485521674, 26.795606004520984, 60.438035225593985, 73.65848732459494, 66.3975529255356], [19.449991672284483, 8.788681460266336, 0.0, 5.683078940659346, 91.83344817191181, 18.996925645052432, 1.6767164473663316, 36.1771594154698, 66.4993065003563, 65.35210595419801, 55.633586689621154, 62.6432003283852, 39.63240627782765, 64.84779170572992, 53.83981282482419, 60.673911302692275, 84.17405047056359, 58.74717005730623, 23.999031316993758, 60.2838776535123, 62.23507443666455, 9.003334228523222, 45.441731668978704, 77.77456403017395, 23.99200880847672, 50.38173669505719, 73.016793448077, 36.23381972582255, 63.72189280797146, 63.253204051964744, 16.9075794344191, 15.434181284886124, 66.39683413004683, 46.61376468459789, 49.30243810410533, 20.77698586867645, 76.77793894909168, 60.53207289311657, 51.20679257514254, 32.38140062262952, 33.450855470430405, 63.88454165320163, 17.123357400295713, 83.60680927604348, 11.467355268726903, 51.48253219705218, 34.563404157881564, 49.00284246721378, 56.94330740490224, 50.58827837499252, 67.55317406531375, 63.5113991406557, 49.13141401960131, 29.438084690376332, 69.1622650031282, 79.7467601107337, 68.18976161036531], [24.987247982584552, 14.471115202359714, 5.683078940659346, 0.0, 96.81333807872886, 13.371680378455377, 7.216632302179716, 38.609163746905715, 71.35790905318306, 71.01833255048032, 56.759026962858826, 63.720498763045995, 44.45404166758954, 70.5132623252675, 59.404804641898636, 66.23608739690434, 89.34331593978942, 60.292097660152876, 24.897658350327657, 65.43040452423244, 62.79486945945697, 9.837605518239315, 48.819833353868965, 79.63681504471724, 18.342607150857862, 55.727815529050446, 75.6928077128982, 39.87796864388329, 67.81601742357071, 65.28091417801443, 22.587429172261842, 9.773487027871253, 72.07794738336932, 52.294358461586114, 50.722722105207, 26.459989598855575, 82.45099878157843, 66.20047757910797, 56.85037700595546, 37.4635508989287, 36.02442744197973, 68.41018337888514, 11.582340126242494, 89.0389729875756, 7.308887824075101, 55.81163532715726, 40.224370463146855, 52.19299782774759, 61.41582817509383, 54.65331129146211, 72.47645339452336, 68.6331443074359, 54.789486025711184, 32.234836663957424, 74.82220251926748, 84.01038670510863, 70.01764424250743], [79.12208516319282, 84.40059017418702, 91.83344817191181, 96.81333807872886, 0.0, 109.59426404375338, 90.15846842981892, 67.67450799248903, 84.54996601424631, 42.778220007420636, 72.16316219590817, 72.58659320853944, 52.40841610120442, 42.88510800575357, 43.513167400350184, 38.3836145053073, 10.113284378647366, 67.5089353959136, 81.65423421196589, 76.51682460888733, 78.30047057575081, 89.1071716453919, 99.58528733839245, 63.77771188278497, 114.14232764245519, 42.73066903211587, 51.71542455272953, 60.48921444989666, 97.59539327850572, 61.469243668211895, 77.21810785042106, 105.96230537529448, 49.120463360596176, 55.105937303833265, 70.21428899793817, 74.41574769142743, 50.2499592370317, 53.624641234753184, 59.344655534437656, 79.7862726736393, 68.48691537761854, 30.469038659295226, 105.49839994250131, 20.074425339227634, 97.7797850612424, 90.37496439896961, 61.946648554503675, 54.370203605468866, 89.49157577456695, 45.84790658203786, 83.32779268616711, 77.55474647508467, 51.00602480581638, 98.79153066710647, 40.452894077483386, 22.929465010540245, 63.634128895800025], [37.76422701897883, 27.727617075875795, 18.996925645052432, 13.371680378455377, 109.59426404375338, 0.0, 20.578572741532454, 48.15513613181778, 82.0778672917483, 84.33765030555021, 63.38807857181984, 70.07624682178646, 57.18976385567694, 83.83437638983503, 72.77336977953024, 79.60363256478048, 102.36789545281155, 67.63661343361933, 32.92720554486743, 76.90461402486692, 68.12482263739491, 20.668987456302986, 56.60294800536029, 87.24919805431193, 5.022285504563811, 68.96505356464246, 84.87106056029212, 51.17763031066665, 76.77775475900472, 73.4276483664168, 35.87540417390574, 3.6603100124859798, 85.2342234551817, 65.55807763958663, 58.095971430351106, 39.70964020460433, 95.52527003128333, 79.25503113064914, 69.79222351017664, 49.088393118756436, 45.89149098581625, 80.64258528210706, 5.761059182385116, 102.32928805713497, 12.39813863884346, 65.485238310575, 53.55667484888792, 62.57770083149523, 71.32830418819802, 66.32646834045218, 83.34675995243954, 80.02433794385175, 68.12545641793538, 39.64255064506293, 88.15425825938988, 95.79025841237194, 77.70722071869648], [18.235102286973742, 7.353325345439871, 1.6767164473663316, 7.216632302179716, 90.15846842981892, 20.578572741532454, 0.0, 34.94113232076822, 65.66573759783238, 63.80581807127404, 54.67379637815578, 61.68586274616367, 37.96876983301402, 63.30034562694323, 52.22021186376921, 59.05350058895041, 82.49810533660559, 57.67942925072757, 23.219021477430267, 59.29667157888487, 61.41084998810418, 8.641288051188987, 45.28034313362455, 76.61450373724179, 25.55833169012725, 48.715048804437316, 71.68114199301635, 34.740237923697414, 63.24411709483698, 62.066717476498795, 15.401978205439399, 16.99005127009303, 64.93015200532646, 45.10316500855464, 48.27977712664587, 19.294209640811037, 75.33940187215143, 59.1069107503096, 49.82870404989991, 31.469986675231635, 32.18981133834316, 62.243408368676064, 18.48043266517611, 81.95312022012746, 12.409917361245567, 50.91824517317386, 33.01029743662041, 47.58119109633335, 56.30631163626735, 49.01068701809384, 66.68520992944953, 62.53655728291624, 47.57406250595752, 29.552729681897215, 67.60703080228649, 78.13357919007024, 67.0449087402352], [39.06856637536101, 34.14964812115347, 36.1771594154698, 38.609163746905715, 67.67450799248903, 48.15513613181778, 34.94113232076822, 0.0, 81.62441157803715, 59.260223221895224, 21.864359205852345, 28.560035535836406, 22.781062208186245, 58.774532526416735, 45.27693458867481, 50.533845261963016, 62.955962140134716, 23.51499406302229, 15.5495881697446, 72.90087256292931, 30.103193354664096, 28.800297250854193, 72.53200611984812, 41.77613103621363, 51.640196249360734, 37.376219553368905, 37.09119178675455, 9.566916005985128, 85.25468844386077, 27.17782622661474, 33.25020609887221, 45.006782560253555, 63.97642493300265, 46.442689424984714, 15.061861895486906, 34.43082992894308, 74.19489046759965, 60.749983402964354, 54.96795362419615, 51.575461898203024, 2.843614992551177, 37.20640090059515, 42.83037818499171, 67.03121994620813, 35.84483182731321, 72.78450650696672, 37.09898532779601, 14.816976403999671, 76.53896833744719, 21.846886948345535, 81.88840007845614, 76.01259914138289, 45.914915603739416, 60.433962795272436, 61.9898084585348, 49.79838294720175, 32.2836066602565], [48.33635778280719, 59.17411498422147, 66.4993065003563, 71.35790905318306, 84.54996601424631, 82.0778672917483, 65.66573759783238, 81.62441157803715, 0.0, 41.95765440587824, 102.55962593669148, 108.39634427406112, 62.42478895719704, 41.92489367451561, 47.32308794590102, 48.836070676193756, 74.48754050776554, 102.29935358421433, 81.21853208138415, 9.311022581704387, 111.19317450472944, 72.81246144918497, 30.985146820099978, 114.91971781253655, 86.68309028196963, 54.45108842348339, 104.06023436875218, 73.4657750998212, 15.175368726650483, 102.2512212975788, 53.47832362284286, 79.43287084516336, 35.43260937844628, 38.37983940351215, 96.04242027879843, 50.31752422113196, 37.19364852988208, 31.47192679252601, 29.846691696753105, 34.2521422913229, 79.37798779202991, 75.95691804933601, 82.62718654145051, 65.47412963251733, 77.96646145691798, 18.091636927454985, 44.63195081166693, 83.32719128594061, 12.37740863254441, 75.50933503048968, 1.8943030547197552, 7.147491631040334, 41.22143650621512, 44.66892176006793, 44.10111928120089, 89.8647090940094, 107.558713003217], [47.4444564972202, 56.613769529123466, 65.35210595419801, 71.01833255048032, 42.778220007420636, 84.33765030555021, 63.80581807127404, 59.260223221895224, 41.95765440587824, 0.0, 75.56118959176868, 79.71878735899361, 36.49369552613036, 0.5178632385284798, 13.99791994795328, 9.737765821920485, 32.670327473925724, 73.37873845860183, 66.79818135722698, 33.74103252292718, 84.02634742417546, 66.69960560200569, 58.76070306972707, 80.93668546919407, 89.34217322247218, 22.107178148826552, 68.73020683450159, 49.69332811158887, 54.832040266968505, 70.89255786707295, 48.46400843659304, 80.78569942284389, 7.168309038453498, 18.932316388733284, 70.26033023488547, 44.65953686877109, 15.210038897696618, 10.89359756043502, 18.43172734136329, 42.240774610384214, 58.19744490593109, 37.95382280535596, 82.00441186971277, 24.809492168781617, 74.85747307905503, 48.28397823905377, 30.796853112666223, 53.88525541624453, 46.88577471969006, 43.721286547169406, 40.8500438247186, 34.883924757334874, 16.255674459455182, 61.73245716562142, 3.9183147600648245, 49.298632498165766, 75.56298617274959], [60.8883711731553, 55.185082269363214, 55.633586689621154, 56.759026962858826, 72.16316219590817, 63.38807857181984, 54.67379637815578, 21.864359205852345, 102.55962593669148, 75.56118959176868, 0.0, 7.012100942473722, 40.9723776018204, 75.12600518758505, 62.12998278999713, 66.05412534535172, 70.39389451727303, 5.509737129288986, 31.87422397156475, 93.61261800063554, 8.694850858030852, 47.14678676908717, 94.36774263119116, 24.23657586448671, 65.70724494509474, 53.62732515240933, 26.103335625002174, 29.0963640961839, 106.91783930256533, 12.803663632016697, 55.03152829070437, 60.89565460352945, 81.26336885944767, 65.84139837006852, 6.80489714580925, 56.29516930222141, 90.77109053664594, 79.11364053358055, 74.65719537639455, 73.39670064468943, 24.57970872528361, 44.18536682742672, 57.64900268244552, 77.29955749948293, 52.120344359206904, 94.51997550211982, 57.947472372322316, 21.74312008381387, 98.10918027391556, 32.20938550501413, 102.68948616147524, 96.62460892865813, 64.52704453225643, 81.84276687199848, 77.61251376822027, 50.307377360114025, 15.184103953774457], [67.62849295992275, 62.144412442034756, 62.6432003283852, 63.720498763045995, 72.58659320853944, 70.07624682178646, 61.68586274616367, 28.560035535836406, 108.39634427406112, 79.71878735899361, 7.012100942473722, 0.0, 46.2927742950355, 79.30519400419699, 66.63575961643541, 70.07589567652279, 71.78964774278292, 6.350736784157581, 38.85243211292721, 99.35511599630541, 5.821628402176065, 54.135816441591686, 101.08564321528065, 18.52153599548587, 72.24107382930384, 58.09413000836812, 23.310516361221044, 35.124108848294036, 113.22261637025524, 11.133656500155608, 61.803845466479615, 67.66556403132604, 85.70618590975855, 71.16746190791545, 13.636149680563731, 62.93884211277236, 94.89054005516273, 83.95796264987045, 80.03109406610089, 79.9052893845159, 31.331353064478503, 46.2646719658482, 64.32357988640959, 79.47456098736038, 58.967579882667266, 100.90475455462231, 63.89737726307245, 26.008851741628966, 104.34561030839882, 36.004346380957635, 108.45556787417743, 102.31045078992274, 69.5859098154675, 88.76093162582315, 81.52111103265561, 50.07334208283027, 10.799473117016557], [30.568999903149706, 32.841735029563694, 39.63240627782765, 44.45404166758954, 52.40841610120442, 57.18976385567694, 37.96876983301402, 22.781062208186245, 62.42478895719704, 36.49369552613036, 40.9723776018204, 46.2927742950355, 0.0, 36.00507933427359, 22.501506375560552, 27.989091497303825, 45.400908092271735, 40.068798415821526, 31.853853506771138, 53.26153496770231, 49.66317019299763, 36.78349983080994, 60.52140270155131, 53.0363988601438, 61.77155313560885, 14.853822954940032, 43.34930960758395, 13.221537942752732, 68.7794258388379, 39.865275409436954, 26.79695259336523, 53.554991720483905, 41.25828271962832, 24.89369997429219, 34.93436455062572, 25.157740016522894, 51.41773846610094, 38.38723495760278, 33.74429442581939, 38.04132447604544, 21.740502276413622, 24.595008762594723, 53.202488869382364, 46.94708800883772, 45.48631072515912, 57.147687138029454, 18.98335203295642, 20.90802131713199, 59.67784024349847, 14.648650867303182, 62.370835536089295, 56.13950995598227, 23.63706126694146, 53.05210476949513, 39.30829999390248, 41.000659231442256, 45.21763291410748], [46.96102987346327, 56.1113590649501, 64.84779170572992, 70.5132623252675, 42.88510800575357, 83.83437638983503, 63.30034562694323, 58.774532526416735, 41.92489367451561, 0.5178632385284798, 75.12600518758505, 79.30519400419699, 36.00507933427359, 0.0, 13.506135724670306, 9.374690132057648, 32.77367031287885, 72.96369759971064, 66.28515386299819, 33.649147583354114, 83.59825551480604, 66.18401789381683, 58.46987285662013, 80.60546831773243, 88.83830532523172, 21.645679820957287, 68.41871691088102, 49.207756999114345, 54.712690578036465, 70.50892830912767, 47.96149238817686, 80.28114698544147, 7.347934364462261, 18.446557698133457, 69.80944880212066, 44.15968378040118, 15.649513488592037, 10.74881836687298, 18.08558044884611, 41.833981929496986, 57.70415041915778, 37.67989003953469, 81.49440464997267, 25.051742799712628, 74.34446767439486, 48.061785366762194, 30.290737491054067, 53.45799149292283, 46.72242347995326, 43.311960530137185, 40.83657813680661, 34.83797838997914, 15.745653467784507, 61.334759809357514, 4.386143229989218, 49.15733626907718, 75.19290612437356], [37.578403951404624, 45.33644390201668, 53.83981282482419, 59.404804641898636, 43.513167400350184, 72.77336977953024, 52.22021186376921, 45.27693458867481, 47.32308794590102, 13.99791994795328, 62.12998278999713, 66.63575961643541, 22.501506375560552, 13.506135724670306, 0.0, 6.834558330584623, 33.97143185029784, 60.285583668527835, 53.07505145994372, 38.13100640966619, 70.69371005586407, 54.124562229863415, 56.41737787589013, 69.48906496535665, 77.71343283137924, 8.54177227876447, 57.81143323767154, 35.711252962730796, 57.60726762813154, 58.39938486314842, 37.30970071859869, 69.1496453780759, 19.133972259504738, 11.675873845449784, 56.60834994585498, 33.78999806024523, 28.974081385937037, 17.79407716201993, 17.907954649601965, 36.30281696354421, 44.19975090444398, 28.638637900588538, 69.93914504989664, 30.41953321239242, 62.546225220980105, 48.42276965687548, 19.952296077754358, 40.64258235677946, 48.75205017719217, 30.89825123089956, 46.704234379695556, 40.2831902675016, 7.578812477839838, 55.50501257998337, 17.00002705747904, 43.05284180952882, 63.32164193326435], [44.26633724415636, 52.167837282068504, 60.673911302692275, 66.23608739690434, 38.3836145053073, 79.60363256478048, 59.05350058895041, 50.533845261963016, 48.836070676193756, 9.737765821920485, 66.05412534535172, 70.07589567652279, 27.989091497303825, 9.374690132057648, 6.834558330584623, 0.0, 28.5070024863093, 63.744170094381325, 59.263534567149904, 39.977646545949625, 74.46392504392419, 60.8618594977813, 61.20953120325964, 71.25383243371678, 84.54041422825568, 13.168655043374542, 59.11584739572813, 41.001948917833715, 60.40011966134131, 61.16410354587827, 44.131307045504784, 75.97808460788076, 16.441571859391296, 17.143808380901042, 60.90789976522355, 40.586651350951, 24.819061674132953, 17.586577173462107, 21.120776376593852, 42.075134698240056, 49.69510703238516, 28.56751628230947, 76.73781945621111, 23.851070034599747, 69.31960117456603, 52.227282411772656, 26.689615002188535, 44.3326492600081, 51.85641047308188, 34.07205662773634, 47.9727794753966, 41.69049600857364, 13.188424952232474, 61.49272091523622, 11.600371206926349, 41.10286131833841, 65.82525275290118], [70.42416835995263, 76.40576210492777, 84.17405047056359, 89.34331593978942, 10.113284378647366, 102.36789545281155, 82.49810533660559, 62.955962140134716, 74.48754050776554, 32.670327473925724, 70.39389451727303, 71.78964774278292, 45.400908092271735, 32.77367031287885, 33.97143185029784, 28.5070024863093, 0.0, 66.21437340619134, 76.0105160947088, 66.41092832256683, 77.30238387590126, 82.14651985243312, 89.70100988741942, 65.48043962363349, 107.04657282741128, 34.16754798831781, 52.903662814146685, 54.94832109206994, 87.48254337711937, 60.8916359292451, 68.943442188004, 98.71346012645728, 39.07258060911247, 45.434284960041026, 67.5484370298619, 65.93308305267956, 40.755930965155144, 43.511697330773785, 49.33730133082882, 70.26503411757976, 63.39435632971802, 26.53377908040984, 98.56318017842568, 11.266280355618667, 90.8559555568497, 80.3209705177345, 52.992797810677935, 50.841375647688274, 79.38584451010964, 41.28152129575757, 73.28581258332098, 67.47504933136571, 41.35637015391998, 89.45099370466886, 30.41289354997664, 25.148540215476178, 63.83428300595878], [62.41269632646516, 57.56300865070054, 58.74717005730623, 60.292097660152876, 67.5089353959136, 67.63661343361933, 57.67942925072757, 23.51499406302229, 102.29935358421433, 73.37873845860183, 5.509737129288986, 6.350736784157581, 40.068798415821526, 72.96369759971064, 60.285583668527835, 63.744170094381325, 66.21437340619134, 0.0, 35.443678701175216, 93.22159112007917, 11.170967661984456, 50.54304531088891, 95.77855977407657, 19.61449754935534, 70.177642449954, 51.743893613016255, 20.593675644938227, 29.270715346227714, 107.41552814244018, 7.29467868621859, 56.66584666286226, 64.99805907309685, 79.35566736542543, 64.91605749820174, 9.59944490356398, 57.574681886896066, 88.55556286797943, 77.62267172406077, 73.78632863694995, 74.32997305038172, 26.34881566484806, 40.36253914945614, 61.93445602002221, 73.58601501811718, 56.0708569626543, 95.17726329621493, 57.89624211103568, 19.66475202595208, 98.48951701938189, 29.67254536588161, 102.32760856508118, 96.15314763066914, 63.28148163471026, 83.94864204747822, 75.2039733534238, 45.354392251028635, 10.158656331777307], [33.96429110897905, 25.364185373416777, 23.999031316993758, 24.897658350327657, 81.65423421196589, 32.92720554486743, 23.219021477430267, 15.5495881697446, 81.21853208138415, 66.79818135722698, 31.87422397156475, 38.85243211292721, 31.853853506771138, 66.28515386299819, 53.07505145994372, 59.263534567149904, 76.0105160947088, 35.443678701175216, 0.0, 73.32482864391942, 38.23824490753116, 15.295640572450585, 66.35907573698654, 54.902241269859275, 36.1917308009395, 46.43276154232391, 51.944149585865866, 21.17096755792105, 82.03990794984152, 40.73749623211908, 28.206770999725443, 29.965311970846315, 70.25502008450974, 50.82655305915078, 25.854112467403965, 30.972382542991067, 80.87195280048422, 65.83642267036949, 58.296603691415996, 48.09747951899374, 13.720806554863119, 51.3637917311515, 27.454480036723197, 78.65780655621471, 20.85391678648454, 69.37490442062533, 39.274917925225104, 30.33144284825531, 74.012053606621, 36.096921681144494, 81.83334572871155, 76.58494070319841, 51.541700250195625, 51.95282426087252, 70.05223880331144, 64.96909681487779, 45.287998534966505], [41.40098557854985, 52.458643098304066, 60.2838776535123, 65.43040452423244, 76.51682460888733, 76.90461402486692, 59.29667157888487, 72.90087256292931, 9.311022581704387, 33.74103252292718, 93.61261800063554, 99.35511599630541, 53.26153496770231, 33.649147583354114, 38.13100640966619, 39.977646545949625, 66.41092832256683, 93.22159112007917, 73.32482864391942, 0.0, 102.26973173183016, 65.92594689603703, 31.00042635356468, 105.63744616794224, 81.67977608364208, 45.15451518873869, 94.75032503119563, 64.54582665471354, 21.20574037386741, 93.04413732393135, 46.127278906649835, 74.02430808030415, 27.69183682370559, 29.075457009049295, 87.1533119519213, 42.72010340768218, 31.44350141863462, 22.96343691523629, 20.546203136255745, 27.970889909956696, 70.73361863734966, 66.74200402486133, 76.90804751545798, 57.94361750574633, 71.70000331322224, 17.97217317395904, 35.80909103802576, 74.1464830914155, 14.277253624523182, 66.22333855890471, 9.109822616421305, 3.281716608369629, 31.920850257818294, 41.74755590202169, 36.266154309981545, 80.8632061908087, 98.335087344684], [68.87119918903058, 62.55625684999043, 62.23507443666455, 62.79486945945697, 78.30047057575081, 68.12482263739491, 61.41084998810418, 30.103193354664096, 111.19317450472944, 84.02634742417546, 8.694850858030852, 5.821628402176065, 49.66317019299763, 83.59825551480604, 70.69371005586407, 74.46392504392419, 77.30238387590126, 11.170967661984456, 38.23824490753116, 102.26973173183016, 0.0, 53.47586712817979, 102.33970752307023, 23.096119082410844, 69.9331009370559, 62.17323125141742, 29.053667860772954, 37.730378429218604, 115.33656562247954, 16.9120620247937, 62.96938923598096, 65.94590518759028, 89.82013981993995, 74.5356679464277, 15.186482062049896, 64.43671860562836, 99.23075051074608, 87.76124892326797, 83.35202049629873, 81.66804098238569, 32.71094320685076, 51.53236861443069, 62.36617517485443, 84.75652846661866, 57.54197396922103, 102.88514525206413, 66.56726988476152, 30.141349353554318, 106.5768675710105, 40.46736331168124, 111.339906788937, 105.29151070472099, 73.20204468265318, 89.33271431178608, 85.98750545442046, 55.85223634103678, 16.389763842993045], [24.542964357945547, 13.67312399937482, 9.003334228523222, 9.837605518239315, 89.1071716453919, 20.668987456302986, 8.641288051188987, 28.800297250854193, 72.81246144918497, 66.69960560200569, 47.14678676908717, 54.135816441591686, 36.78349983080994, 66.18401789381683, 54.124562229863415, 60.8618594977813, 82.14651985243312, 50.54304531088891, 15.295640572450585, 65.92594689603703, 53.47586712817979, 0.0, 53.77427116693968, 69.83167140438239, 25.050315778902654, 49.36942542648417, 65.89122434320457, 30.64977947047237, 71.28269684763012, 55.45167727070329, 20.11239244049764, 17.137894289246237, 68.66986540963137, 48.61973507969791, 40.99865168514983, 23.90000605145744, 79.26776736883012, 63.26183061206367, 54.444954583322264, 38.59049812910794, 26.251413424082866, 59.978400018353526, 16.419833913349073, 82.78335059122867, 8.7099330593033, 58.81450380450282, 36.29978545281526, 42.59144346452286, 64.02499836750533, 45.7087281280496, 73.71614063954662, 69.19875769803929, 50.50932937675294, 38.19158326001875, 70.35708388552122, 75.1675723322251, 60.21456405596987], [33.48274426121194, 41.07226195801807, 45.441731668978704, 48.819833353868965, 99.58528733839245, 56.60294800536029, 45.28034313362455, 72.53200611984812, 30.985146820099978, 58.76070306972707, 94.36774263119116, 101.08564321528065, 60.52140270155131, 58.46987285662013, 56.41737787589013, 61.20953120325964, 89.70100988741942, 95.77855977407657, 66.35907573698654, 31.00042635356468, 102.33970752307023, 53.77427116693968, 0.0, 112.16544766779414, 60.58472545733281, 59.945057349038635, 103.61611368779874, 67.0497936677379, 20.854634749260807, 97.94218278326056, 39.37068201515997, 54.73496770831229, 54.719145087855956, 44.74965996468398, 87.56475433698638, 38.20619581063102, 61.19025181058982, 48.436422259588845, 40.60068008783295, 22.48502572795856, 69.78921550443478, 81.6188635079028, 58.67120408630241, 83.43962675872501, 56.09663174241762, 13.224980015096682, 42.141607739523515, 79.64056281392216, 18.60838325392974, 75.16967845289749, 32.76641708864089, 32.85297869787692, 48.83865000435226, 16.974034993715435, 62.22755907463343, 97.81861565450917, 103.3703560676931], [79.37965972263716, 75.81603655813997, 77.77456403017395, 79.63681504471724, 63.77771188278497, 87.24919805431193, 76.61450373724179, 41.77613103621363, 114.91971781253655, 80.93668546919407, 24.23657586448671, 18.52153599548587, 53.0363988601438, 80.60546831773243, 69.48906496535665, 71.25383243371678, 65.48043962363349, 19.61449754935534, 54.902241269859275, 105.63744616794224, 23.096119082410844, 69.83167140438239, 112.16544766779414, 0.0, 89.77519079781533, 61.2846811254092, 12.721391403529982, 45.212300759775864, 121.8118524534306, 14.61587664550128, 73.90140454268453, 84.59048758975611, 87.6440619777888, 76.59186263492973, 29.168735542179135, 74.22284866963992, 95.54217692130284, 87.2824112454917, 85.33809862772179, 90.05374487254888, 44.593301897896445, 43.611656434530836, 81.5488788801028, 74.92816104647326, 75.62858971406956, 110.05646434777763, 71.94395909169053, 32.608563580423905, 112.71405298957887, 39.4153072911467, 114.68401132577709, 108.31173110544553, 74.1365879005349, 101.5975518430218, 81.90253682431107, 40.96820550242507, 9.619931803267729], [42.77440289213447, 32.73853096388384, 23.99200880847672, 18.342607150857862, 114.14232764245519, 5.022285504563811, 25.55833169012725, 51.640196249360734, 86.68309028196963, 89.34217322247218, 65.70724494509474, 72.24107382930384, 61.77155313560885, 88.83830532523172, 77.71343283137924, 84.54041422825568, 107.04657282741128, 70.177642449954, 36.1917308009395, 81.67977608364208, 69.9331009370559, 25.050315778902654, 60.58472545733281, 89.77519079781533, 0.0, 73.78443771803691, 87.99236213964923, 55.23770619640152, 80.96760638726016, 76.22127456457575, 40.88391876917581, 8.570886886838583, 90.25649183776555, 70.57348317038004, 60.72994061964052, 44.724530671595204, 100.54564871430571, 84.2749994770904, 74.80576690425275, 53.93652315762896, 49.50783669467165, 84.96793769140544, 8.882446588554837, 107.17704809169012, 16.463931594339332, 69.88627165978474, 58.5554129586927, 66.2459897044582, 75.76799215860561, 70.45853384416019, 87.98417804385404, 84.77889767085308, 73.12329798197042, 43.69738791761611, 93.15425931080341, 99.90182913129811, 80.30904113302651], [36.393954198308876, 42.36161746220335, 50.38173669505719, 55.727815529050446, 42.73066903211587, 68.96505356464246, 48.715048804437316, 37.376219553368905, 54.45108842348339, 22.107178148826552, 53.62732515240933, 58.09413000836812, 14.853822954940032, 21.645679820957287, 8.54177227876447, 13.168655043374542, 34.16754798831781, 51.743893613016255, 46.43276154232391, 45.15451518873869, 62.17323125141742, 49.36942542648417, 59.945057349038635, 61.2846811254092, 73.78443771803691, 0.0, 49.85339020220423, 27.836173517275903, 63.594191636495545, 49.92338548800557, 34.78698912993193, 65.30647541229348, 27.647466465214695, 16.51920097587984, 48.188581116202826, 31.778492970873064, 37.27146471952406, 26.14973037646954, 24.608590962681617, 38.39921740809471, 36.52969541099963, 22.173598271910087, 65.60468503610238, 33.42793588514941, 58.00645417608231, 53.45019070028827, 19.38996914207809, 32.103607325044614, 54.544060855852706, 22.40534240506904, 53.99693939122051, 47.56459877458141, 13.236628540329901, 56.60997190987629, 24.63279366963741, 37.92299528122487, 54.89509161846823], [71.7629477151944, 69.75391287321366, 73.016793448077, 75.6928077128982, 51.71542455272953, 84.87106056029212, 71.68114199301635, 37.09119178675455, 104.06023436875218, 68.73020683450159, 26.103335625002174, 23.310516361221044, 43.34930960758395, 68.41871691088102, 57.81143323767154, 59.11584739572813, 52.903662814146685, 20.593675644938227, 51.944149585865866, 94.75032503119563, 29.053667860772954, 65.89122434320457, 103.61611368779874, 12.721391403529982, 87.99236213964923, 49.85339020220423, 0.0, 37.94073320852601, 111.80580249798645, 13.303376702206863, 66.66297847937719, 81.87166772816204, 75.55200952096187, 65.69037115392108, 28.33176875457933, 66.41192835388584, 83.15538497755948, 75.55066836044226, 74.27501798161555, 81.21368170750209, 39.67944807811744, 31.082278708891753, 79.36036977648641, 62.22433638115139, 72.72031879604438, 100.42609981777763, 62.30211218532456, 24.642775908901115, 102.67072974582585, 28.94801378406721, 103.71256322888507, 97.29771565753919, 62.94732143273202, 94.3857133768787, 69.52961238309716, 28.788710237393328, 12.786657641781703], [34.19162291960582, 31.95486644810486, 36.23381972582255, 39.87796864388329, 60.48921444989666, 51.17763031066665, 34.740237923697414, 9.566916005985128, 73.4657750998212, 49.69332811158887, 29.0963640961839, 35.124108848294036, 13.221537942752732, 49.207756999114345, 35.711252962730796, 41.001948917833715, 54.94832109206994, 29.270715346227714, 21.17096755792105, 64.54582665471354, 37.730378429218604, 30.64977947047237, 67.0497936677379, 45.212300759775864, 55.23770619640152, 27.836173517275903, 37.94073320852601, 0.0, 78.1468137519232, 30.892800212105943, 28.841971169541466, 47.73269315098417, 54.45463045292202, 37.30434675884039, 22.61329135572559, 29.010666688990522, 64.63927456766203, 51.370290409213425, 45.97555430009862, 45.216738697287276, 8.84588408443585, 30.284124977229464, 46.36832330995435, 58.23113773501287, 38.83233412601616, 65.91712515792328, 28.852201962483154, 13.302926753597339, 69.2362873042546, 15.262509638497958, 73.61083220735888, 67.58264241766663, 36.54291441632097, 56.60758135338847, 52.434076155993225, 44.66563519875067, 36.32099307311238], [48.07749247164922, 57.788442561026415, 63.72189280797146, 67.81601742357071, 97.59539327850572, 76.77775475900472, 63.24411709483698, 85.25468844386077, 15.175368726650483, 54.832040266968505, 106.91783930256533, 113.22261637025524, 68.7794258388379, 54.712690578036465, 57.60726762813154, 60.40011966134131, 87.48254337711937, 107.41552814244018, 82.03990794984152, 21.20574037386741, 115.33656562247954, 71.28269684763012, 20.854634749260807, 121.8118524534306, 80.96760638726016, 63.594191636495545, 111.80580249798645, 78.1468137519232, 0.0, 108.34486853504379, 53.864986960203204, 74.63827724780847, 48.89729382227949, 47.076324480869154, 100.18729024087014, 51.50168610663416, 51.94872497913457, 43.97086612726987, 39.72029824075116, 34.06581872424478, 82.73261102424621, 85.70793629314754, 78.34715609048386, 79.14867944924363, 74.919172025195, 12.667688156654076, 49.89711321238166, 89.41662774045923, 9.137581488196902, 82.86557764197728, 17.00372458977266, 20.876970327031877, 50.62081310653099, 37.312014036948646, 57.45705459023177, 100.66009537175705, 113.76379474247614], [64.95088468359432, 61.20090388242182, 63.253204051964744, 65.28091417801443, 61.469243668211895, 73.4276483664168, 62.066717476498795, 27.17782622661474, 102.2512212975788, 70.89255786707295, 12.803663632016697, 11.133656500155608, 39.865275409436954, 70.50892830912767, 58.39938486314842, 61.16410354587827, 60.8916359292451, 7.29467868621859, 40.73749623211908, 93.04413732393135, 16.9120620247937, 55.45167727070329, 97.94218278326056, 14.61587664550128, 76.22127456457575, 49.92338548800557, 13.303376702206863, 30.892800212105943, 108.34486853504379, 0.0, 59.405637743971226, 70.62827804697707, 77.20807433570624, 64.23993573804039, 15.623598395535673, 59.86171754455677, 85.92664355649487, 76.06098225975592, 73.09797064966408, 76.0105030515238, 29.98759049939464, 35.84702792330499, 67.79092224492504, 68.91186133258998, 61.57148601715516, 96.36951138001857, 58.47253374558237, 18.976665195689517, 99.30381000413324, 27.51955184545154, 102.14438719593825, 95.85333466753843, 62.18812270322631, 87.05429371030968, 72.38723925020454, 38.94325942361702, 5.44376041446255], [5.935019169715797, 8.149938052750459, 16.9075794344191, 22.587429172261842, 77.21810785042106, 35.87540417390574, 15.401978205439399, 33.25020609887221, 53.47832362284286, 48.46400843659304, 55.03152829070437, 61.803845466479615, 26.79695259336523, 47.96149238817686, 37.30970071859869, 44.131307045504784, 68.943442188004, 56.66584666286226, 28.206770999725443, 46.127278906649835, 62.96938923598096, 20.11239244049764, 39.37068201515997, 73.90140454268453, 40.88391876917581, 34.78698912993193, 66.66297847937719, 28.841971169541466, 53.864986960203204, 59.405637743971226, 0.0, 32.33772332439133, 49.53917601325715, 29.706960067057675, 48.23472805075548, 3.9190035680027844, 59.97969597544269, 43.77688605739692, 34.63336206901734, 19.89268677083773, 30.473552737029298, 51.28914862005764, 33.82046767100622, 67.45779471094333, 27.156304974386533, 41.19731126560705, 17.708090548251622, 42.05195768290519, 45.81227271590844, 40.26014913323442, 54.23903738196464, 49.40879920694597, 32.27042030078499, 27.765655039452362, 52.28843677829161, 67.78299356985585, 64.76562236455901], [34.42106475112763, 24.200218403771355, 15.434181284886124, 9.773487027871253, 105.96230537529448, 3.6603100124859798, 16.99005127009303, 45.006782560253555, 79.43287084516336, 80.78569942284389, 60.89565460352945, 67.66556403132604, 53.554991720483905, 80.28114698544147, 69.1496453780759, 75.97808460788076, 98.71346012645728, 64.99805907309685, 29.965311970846315, 74.02430808030415, 65.94590518759028, 17.137894289246237, 54.73496770831229, 84.59048758975611, 8.570886886838583, 65.30647541229348, 81.87166772816204, 47.73269315098417, 74.63827724780847, 70.62827804697707, 32.33772332439133, 0.0, 81.77089599763907, 62.03900242831459, 55.421911498023, 36.19257779350885, 92.10000593740439, 75.83569783172007, 66.41599851075907, 46.11900355288742, 42.676371563382496, 77.0775845621683, 4.453937940062656, 98.67461216866052, 9.16385116791431, 63.1182232956955, 49.994354021449986, 59.30936463397621, 68.90511061579348, 62.83956799982688, 80.65783074174409, 77.17277517664682, 64.56082082302628, 37.76744783455473, 84.59302039626611, 92.30132460156261, 75.01535554770959], [47.66849529925579, 57.608482383931424, 66.39683413004683, 72.07794738336932, 49.120463360596176, 85.2342234551817, 64.93015200532646, 63.97642493300265, 35.43260937844628, 7.168309038453498, 81.26336885944767, 85.70618590975855, 41.25828271962832, 7.347934364462261, 19.133972259504738, 16.441571859391296, 39.07258060911247, 79.35566736542543, 70.25502008450974, 27.69183682370559, 89.82013981993995, 68.66986540963137, 54.719145087855956, 87.6440619777888, 90.25649183776555, 27.647466465214695, 75.55200952096187, 54.45463045292202, 48.89729382227949, 77.20807433570624, 49.53917601325715, 81.77089599763907, 0.0, 20.050986397100047, 75.71816892910758, 45.636519900525656, 10.663437284358588, 6.6003661641793485, 16.206433073587004, 40.39863670236028, 62.68044885421064, 44.945162910346774, 83.35433920604842, 30.251943692541957, 76.49391161458166, 43.41901628947844, 32.370186729768946, 59.73984440984351, 41.39091138350541, 49.82148809292122, 34.213266521622394, 28.477477393293658, 18.714842920597096, 59.5034430710377, 8.66855693459406, 56.46214863538642, 81.99433223729886], [28.515963815650665, 37.838976651747096, 46.61376468459789, 52.294358461586114, 55.105937303833265, 65.55807763958663, 45.10316500855464, 46.442689424984714, 38.37983940351215, 18.932316388733284, 65.84139837006852, 71.16746190791545, 24.89369997429219, 18.446557698133457, 11.675873845449784, 17.143808380901042, 45.434284960041026, 64.91605749820174, 50.82655305915078, 29.075457009049295, 74.5356679464277, 48.61973507969791, 44.74965996468398, 76.59186263492973, 70.57348317038004, 16.51920097587984, 65.69037115392108, 37.30434675884039, 47.076324480869154, 64.23993573804039, 29.706960067057675, 62.03900242831459, 20.050986397100047, 0.0, 59.686823701609796, 25.84898109969488, 30.671215658162645, 15.023047298832745, 8.877260430746786, 24.932242035593962, 44.72829387268154, 38.6489373228044, 63.448379112648716, 40.80578531798412, 56.4927633628894, 37.168054006202475, 12.320119788761078, 45.49950540031888, 38.03725386810603, 37.179469213200726, 38.09493098864656, 31.72115201572589, 4.106065557584671, 44.36460556807273, 22.826664737464537, 53.99286478829857, 69.46577275378], [54.08671434176816, 48.525084967499765, 49.30243810410533, 50.722722105207, 70.21428899793817, 58.095971430351106, 48.27977712664587, 15.061861895486906, 96.04242027879843, 70.26033023488547, 6.80489714580925, 13.636149680563731, 34.93436455062572, 69.80944880212066, 56.60834994585498, 60.90789976522355, 67.5484370298619, 9.59944490356398, 25.854112467403965, 87.1533119519213, 15.186482062049896, 40.99865168514983, 87.56475433698638, 29.168735542179135, 60.72994061964052, 48.188581116202826, 28.33176875457933, 22.61329135572559, 100.18729024087014, 15.623598395535673, 48.23472805075548, 55.421911498023, 75.71816892910758, 59.686823701609796, 0.0, 49.49197706741738, 85.45220725088667, 73.27069146261573, 68.4503211433316, 66.61270773032548, 17.77578504877058, 41.040246089028784, 52.41