instance_id,num_cities,city_coordinates,distance_matrix,best_route,total_distance
2561,98,"[[46.508845145014966, 12.499834745306204], [97.3456832172279, 71.91827050771704], [84.38840418417651, 54.34464600469089], [83.58139147372327, 25.45155122088034], [9.269220081829188, 3.0102949333928986], [54.004995499323506, 99.89059083537887], [75.44671200588672, 47.30270402769713], [49.85419186085868, 48.99624518321778], [99.18005787907748, 8.539078092640873], [50.81317801383729, 47.10989530159828], [97.70895865832779, 86.90741606869408], [78.01986109079422, 37.790294571588234], [85.41767751541803, 56.593604431172615], [29.785218910247902, 69.10421240271148], [94.57534390765595, 32.33593205765938], [89.33826311709065, 97.55686933663127], [43.96387180431896, 94.17638604357128], [28.110115401741265, 34.51728621835733], [93.85823221836938, 97.323626955224], [50.65873108241582, 38.32789819575054], [49.34394066947729, 50.27331984656546], [4.4291246134349205, 64.41631348637029], [94.7569614568711, 47.267270612556125], [67.18364712525212, 58.54750637303356], [35.53729641559605, 91.32297718270246], [7.245377405590658, 31.41948954903685], [32.872156009461065, 45.22754550980472], [51.66627492877958, 74.73938406135892], [23.7231221906957, 82.92673324353179], [22.10072446968533, 40.534678249548946], [7.013338988109751, 63.358756654451774], [57.95522754422908, 28.311368290660244], [6.896341011640949, 51.391002932968334], [32.97220896173939, 60.48580110829543], [99.8708772275419, 12.23787977779136], [41.70874914124497, 63.325083553560944], [36.904098258494344, 25.072842457920984], [74.111012018786, 37.30990151315111], [65.26914266109375, 86.59135260429703], [90.94316772318327, 71.65279433990631], [71.30501719878293, 91.12116959300944], [67.49423125058169, 47.85687700399123], [39.4019396511871, 43.20354903126849], [6.341410108297585, 80.81051406064934], [38.40198336311232, 67.25787607008978], [98.41282968632466, 95.71163407684963], [31.280440081758076, 17.21248829264609], [31.35119209776883, 16.974518664303694], [85.53753270333452, 4.348745547158472], [64.56980833540933, 58.95606500047167], [63.748434129749945, 46.09487949252685], [26.013534534688443, 79.79981998450519], [68.24069669502443, 98.42620798738416], [3.6766750876977894, 90.16992422161739], [39.86464368227106, 46.92987127624071], [49.96891047498168, 74.09698321996156], [47.89989488499866, 80.52950832955163], [4.369531154527529, 21.510359752980747], [31.51561667543423, 29.866846826641503], [23.474051618755343, 12.771358704710323], [22.546327289876977, 66.01949440604764], [26.601030631629808, 55.280037438503726], [51.75334281400762, 90.27359640630868], [14.987925478062225, 4.358879939030446], [53.74325348250657, 26.754814902658254], [39.88575519887827, 81.06732421189943], [85.35324843209942, 75.4903769650582], [5.520364032100988, 3.394619177639502], [74.33619183382373, 75.48233381078036], [97.84959365705068, 94.7868498077937], [9.704113065226272, 99.49766655323018], [48.93453049559429, 35.1114990437133], [31.577891058972586, 67.92353648656356], [34.19206345829765, 62.782333239212164], [81.67137812013307, 40.75328512141915], [6.736486524465901, 67.86173272603958], [20.798022248775805, 99.30451499255312], [99.90523313118184, 96.02533056102375], [96.49122996527143, 46.7108265875844], [17.531066721630793, 3.521753194509969], [52.14369968319629, 22.14519577707662], [37.28585708480914, 90.75210471095842], [78.88537027651822, 17.090942095145135], [53.50626470616984, 83.11296781273101], [23.020113344629145, 90.79209356177017], [33.86608884855079, 25.82704527227119], [76.31882070106913, 1.5660355993708075], [23.863355750412786, 68.90891309778536], [8.791270070520763, 73.5637619560406], [53.87298468634184, 70.4993990111264], [98.26314990894703, 62.427997956872126], [56.10086408045875, 63.18400847475994], [0.6785876819325076, 51.49792377430175], [94.18223221872097, 14.555634034544374], [8.595514304882258, 18.8853405199236], [80.22527699274076, 86.45681173772127], [53.82953714912643, 12.906653673302337], [50.444857998396486, 20.06665473349485]]","[[0.0, 78.19804737736193, 56.44332752712983, 39.26984404040691, 38.42968957314828, 87.71166695559361, 45.261902840520634, 36.64941090251939, 52.81992279565071, 34.876690971992005, 90.321314107871, 40.40484481049197, 58.80610309770881, 59.02317548575603, 51.99864478891841, 95.23160282856017, 81.71619130431239, 28.69288109504142, 97.14442949080329, 26.15932749314508, 37.87972997960626, 66.8283146943512, 59.46978497040101, 50.47608839100972, 79.58305513881754, 43.58409385105008, 35.45507498884195, 62.452866876067596, 74.02119427995174, 37.171343871439944, 64.39351632230301, 19.5198428037957, 55.51282236310451, 49.858735312363265, 53.36267504896694, 51.05141367353512, 15.82187364680929, 37.11359628427869, 76.42971792137499, 73.9829821768568, 82.43885274404745, 41.115773947259605, 31.51549105840182, 79.24501085842918, 55.35489407159569, 98.07256068471735, 15.940935487852753, 15.804342506906917, 39.87077510710179, 49.84355245049987, 37.76017028471076, 70.35158683505415, 88.63190729262537, 88.69744974393078, 35.06526527204682, 61.694252182001314, 68.04389397556616, 43.091894185598505, 22.943626752854318, 23.03639377285305, 58.63920388408596, 47.18545137190502, 77.9503865205458, 32.55523800877998, 15.985653670715772, 68.88661649541217, 74.00470306587289, 41.98762358692602, 68.85605574146409, 96.98982062912654, 94.46274949812151, 22.741400831168544, 57.39965247824554, 51.769032885576586, 45.10721875023714, 68.16729610502894, 90.53230874570998, 99.13466952197255, 60.569222837614724, 30.336736651912595, 11.170701638646424, 78.79391641196682, 32.70042272339314, 70.9589912703998, 81.73982084745865, 18.369916363495804, 31.751891383289344, 60.78488554317737, 71.77338417476199, 58.46520337952431, 71.91195688672869, 51.58383752587007, 60.17693451020822, 47.717692167549664, 38.447306009537655, 81.27996199801615, 7.331986978932618, 8.52930020081576], [78.19804737736193, 0.0, 21.833995468390903, 48.46247753140559, 111.82921110422312, 51.583581849016966, 32.946791243570736, 52.73386953589768, 63.40573287635184, 52.73262292804278, 14.993547068464617, 39.21997121823957, 19.419647534906503, 67.61904510116263, 39.6791670409684, 26.859942787915315, 57.83633370927666, 78.69178785963489, 25.643604479369174, 57.51508160208729, 52.65615991262767, 93.21891558005933, 24.78655434270299, 32.99281368357339, 64.78286285864775, 98.78368471812392, 69.77987182221555, 45.7664399234341, 74.44103534953877, 81.52750259848717, 90.73696981568283, 58.76367857013751, 92.74940549409847, 65.38077350636617, 59.73378978824568, 56.29663662603965, 76.47012044905138, 41.68439936191642, 35.27327305853959, 6.40801702924993, 32.35533371739686, 38.34135941588566, 64.66848264740027, 91.43768216380731, 59.1276502899137, 23.817282622487223, 85.77493199246221, 85.87251437303411, 68.59353556971901, 35.245946517020755, 42.37478813834287, 71.76624734388008, 39.36713083123517, 95.43063421806495, 62.677667491467155, 47.42684244763655, 50.1900328812386, 105.76162971060839, 78.11478665721556, 94.63284382735787, 75.03158805892457, 72.67486958448865, 49.148545169583834, 106.52263381007552, 62.77666446189561, 58.183747830093715, 12.513130568252615, 114.57477922761393, 23.28388371709482, 22.87413047386189, 91.87854975424618, 60.814292180709735, 65.88900048772352, 63.81101032290275, 34.884669332028565, 90.69995603131133, 81.29914382528452, 24.242558449465637, 25.221921404730665, 105.11163868437727, 67.235245842882, 62.94359400170566, 57.851699151614795, 45.246169596315966, 76.68449343617173, 78.44781669948746, 73.42728310289421, 73.54392348767479, 88.56969984065772, 43.495847087752416, 9.534517199089551, 42.15948812408845, 98.80039433090755, 57.449799698287144, 103.38802708756988, 22.460576359211952, 73.32138767121172, 69.91621746494114], [56.44332752712983, 21.833995468390903, 0.0, 28.904362918097558, 90.98410531578372, 54.75020195242091, 11.38168730103913, 34.945918390266, 48.13463483579473, 34.34585026062582, 35.18197216956397, 17.737104963971294, 2.473300951046637, 56.562820317913356, 24.25195312819284, 43.49479680082713, 56.75130247540667, 59.66883595626693, 44.00989032641951, 37.33934999336268, 35.28016609539872, 80.59109674978701, 12.55373340318897, 17.710666298374942, 61.26848869466395, 80.47738427084859, 52.316778832729426, 38.557529529354014, 67.06125670070058, 63.80023709684076, 77.89836265867027, 37.10046328301719, 77.54833242650272, 51.78164652807299, 44.86297731565865, 43.61423177304384, 55.78169764469763, 19.8949066248946, 37.48861490785056, 18.507753073944787, 39.03444251237254, 18.0970778225836, 46.34550714955135, 82.41222880274312, 47.76507521876133, 43.679654449496596, 64.80164340088864, 64.88044607842446, 50.009104760163744, 20.34802021257644, 22.227618211424463, 63.68352447012757, 46.94606015406668, 88.30534396662276, 45.13694865079716, 39.68446009035613, 44.911672489989726, 86.49341243467231, 58.264005282382776, 73.74887501102073, 62.93444652807489, 57.79494354384321, 48.53799241415534, 85.52779228887387, 41.234985652559025, 51.90941434147263, 21.16773162790446, 93.89394544435042, 23.40617053095804, 42.623649192394616, 87.27278272518255, 40.33473814900134, 54.52830974150976, 50.90056176641008, 13.86027854308926, 78.81961652826621, 77.878922014213, 44.475290281853674, 14.309213492730057, 83.98136701778472, 45.56891005187794, 59.532789223223006, 37.657958483817744, 42.20572092015507, 71.37565098822789, 58.015152317356765, 53.39194596479324, 62.25270567508242, 78.00193013092354, 34.52776957505025, 16.057681890916573, 29.63645144069556, 83.7582067996704, 40.976634087375835, 83.67750296057402, 32.38090202693066, 51.487392271526886, 48.2404914284087], [39.26984404040691, 48.46247753140559, 28.904362918097558, 0.0, 77.62672736074177, 80.09952445279168, 23.316215152363363, 41.132427687970754, 23.007610500418078, 39.27899797183506, 63.05879382566925, 13.534223571187274, 31.196144386439784, 69.27902287658918, 12.971572365190916, 72.33476668720128, 79.32623012700019, 56.20720612251175, 72.6030903340488, 35.351122735474945, 42.288570977040706, 88.22320583343394, 24.51160902561424, 36.93546083577617, 81.53085200216037, 76.56894495615582, 54.4290043220116, 58.71852459137829, 82.98438979769844, 63.30381612686831, 85.43783052736448, 25.78524445131195, 80.95339473731697, 61.552319369014356, 20.97494837013348, 56.45992053889428, 46.67882948647705, 15.175920356759134, 63.823301150749735, 46.784085064158916, 66.80724618242763, 27.582518875047693, 47.6125759605571, 95.02962426541649, 61.554428879023526, 71.8084312764308, 52.945931613676514, 52.91364481697714, 21.19327477793493, 38.52262629977152, 28.626791631945512, 79.16939099270867, 74.56968181829824, 102.82621992757343, 48.70803085592701, 59.12847819171401, 65.62583757999437, 79.30984683766842, 52.25265295305497, 61.43028232629043, 73.28735957995211, 64.3156288294698, 72.21441839069912, 71.76325214970461, 29.866586263031987, 70.72780807328981, 50.07018632816482, 81.11739798835914, 50.87782348862264, 70.78817149553122, 104.59770294255142, 35.968313382443334, 67.14338081892652, 61.910362686027874, 15.420480257559797, 87.77108243585099, 96.93302692630667, 72.43704947614192, 24.872087145939492, 69.59569987674726, 31.611081149447234, 80.04647893858717, 9.5891814060391, 65.03346994789192, 89.09015030872443, 49.716720636975964, 24.965231637883637, 73.85652369256805, 88.92888777742719, 53.96200537765167, 39.78456539878124, 46.678878695056646, 86.89814957599374, 15.20193526602106, 75.27281645952854, 61.09750661964112, 32.28850089786239, 33.57122221399318], [38.42968957314828, 111.82921110422312, 90.98410531578372, 77.62672736074177, 0.0, 106.71026818568515, 79.63214137982165, 61.3339021641701, 90.08066494328888, 60.58609735980589, 121.90288878558545, 77.04738161661597, 93.11153863109524, 69.20485629180061, 90.20602948213298, 123.89554626365566, 97.54473346344336, 36.710622935149296, 126.68980058116713, 54.40978515915108, 61.965932205698614, 61.596474238967396, 96.26439539971201, 80.24003186850882, 92.13653824810285, 28.481191651468826, 48.367290916852475, 83.32210083059003, 81.21300633735295, 39.65762030320757, 60.390610458970436, 54.867764996021855, 48.43886313304555, 62.17125937201535, 91.0703497281626, 68.48501129365631, 35.36159633148912, 73.35476121644585, 100.60707992119951, 106.68845508346178, 107.75883424210983, 73.49399872789795, 50.23423597131699, 77.85528991334006, 70.54409669362651, 128.6084033502822, 26.195345046379614, 26.126864192238486, 76.28005611021244, 78.66437725928078, 69.45693766581081, 78.59391340346677, 112.16876355682741, 87.33886613170625, 53.52578006368251, 81.9132593030594, 86.61153203417793, 19.137903487928725, 34.87372278657266, 17.23530112705251, 64.39286291196245, 55.06829976025018, 97.05557412264267, 5.875565753724087, 50.4156907668179, 83.84671754075485, 105.08159525493348, 3.768504584885023, 97.3956222425855, 127.5516311433911, 96.48835170118508, 51.02768028778884, 68.63968043126893, 64.75990028713991, 81.64928534247545, 64.9008761346572, 96.98190602481768, 129.87179722438532, 97.55724204264023, 8.277662680519542, 46.95067019101699, 92.10622743332416, 71.02586143386972, 91.50603433386323, 88.85230011630479, 33.55011250583263, 67.06515360620216, 67.49530851762528, 70.55508589130301, 80.8966932952758, 107.00646232195673, 76.25010610466634, 49.24275698662587, 85.69430835895992, 15.889334531323819, 109.5357621013319, 45.64602691852867, 44.568515428122446], [87.71166695559361, 51.583581849016966, 54.75020195242091, 80.09952445279168, 106.71026818568515, 0.0, 56.79113527343306, 51.06332921193781, 101.91116298718843, 52.87711716697784, 45.59165738187069, 66.58198379011377, 53.49192110151112, 39.171401238966965, 78.80092063261442, 35.41025355151342, 11.553194426698553, 70.31510344028551, 39.93582076965899, 61.653569325621454, 49.83572024666824, 60.960571909461926, 66.55776859750381, 43.39271242430242, 20.358288561385386, 82.91413387135064, 58.60584807994902, 25.259707363637304, 34.7097150013689, 67.38699332088717, 59.52134650938814, 71.68814011616534, 67.61239053859508, 44.66671650089405, 98.92763447314326, 38.57763597312878, 76.74722248208074, 65.73122984035892, 17.42844654032842, 46.4951795152922, 19.39570828116074, 53.75376132178811, 58.53776514870336, 51.34069245790509, 36.17109426980984, 44.60402915398838, 85.74423630188002, 85.95504541814422, 100.61085976971165, 42.27588763811127, 54.67095348746302, 34.45520222429414, 14.310821278276858, 51.2584743712799, 54.81594079947637, 26.107473568727986, 20.300831739327315, 92.77467297303528, 73.5465626993239, 92.3141329443965, 46.22660466481501, 52.35531267068548, 9.877070500105653, 103.19224554116217, 73.13624429901007, 23.53015752264128, 39.72509784575342, 107.99181466520332, 31.766657919442174, 44.1406497470215, 44.302624910169904, 64.97722946315174, 39.0495528440278, 42.06631737965392, 65.28897038878289, 57.09780812338056, 33.21214472683351, 46.06269696456746, 68.06737430330702, 103.04028507691713, 77.76767242811515, 19.05364841624604, 86.45701174895972, 16.785034009322803, 32.29311961979149, 76.75274811019516, 100.8247239395817, 43.2247938362835, 52.320004644429495, 29.391488286657918, 57.98474020746168, 36.76636851398695, 72.01080471700729, 94.32001485690506, 92.86480259505147, 29.461323501137922, 86.98411412349229, 79.90328750322585], [45.261902840520634, 32.946791243570736, 11.38168730103913, 23.316215152363363, 79.63214137982165, 56.79113527343306, 0.0, 25.648492529174277, 45.4520670813712, 24.634288545487056, 45.43281679429982, 9.85428992235515, 13.628682383105268, 50.59918694157933, 24.288038653553134, 52.13881781525997, 56.465133426591095, 49.03284905675967, 53.30175238260222, 26.362684574669174, 26.27126243225073, 73.05048492480057, 19.310281960296457, 13.954347745676278, 59.41839699453208, 70.02641318414548, 42.62509942706486, 36.30813405902027, 62.8044680014151, 53.77360466944942, 70.29170198923427, 25.819040682203227, 68.67217450603684, 44.47333422944316, 42.732677735563094, 37.34925412811835, 44.49381777159711, 10.081676276803286, 40.5854755392078, 28.86290072066347, 44.01376557821031, 7.971766294313422, 36.27710966693549, 76.80049533408851, 42.077557099459554, 53.580472840536444, 53.44231150182399, 53.518349221585424, 44.12331822852719, 15.940760816806367, 11.760465355379035, 59.15827567136498, 51.62886124810925, 83.59746866019478, 35.584021560905846, 36.9736631709816, 43.160718919005376, 75.61223883051156, 47.264682938415106, 62.39848746188852, 56.11389262178263, 49.492811975706125, 49.07008595342892, 74.15818832587135, 29.88738629206264, 49.03703931941, 29.8778240437204, 82.56884434307429, 28.20150332454265, 52.503649461170994, 83.94285811499587, 29.180836989301802, 48.47362357580721, 44.06319265907865, 9.035560649110725, 71.72007213275067, 75.43651394247732, 54.51709449285178, 21.05283959581177, 72.6016089666731, 34.291844579892484, 57.82820477969309, 30.40682373697359, 41.99712156880949, 68.11662975540493, 46.79906132746558, 45.74498237510727, 55.92558370691812, 71.64210426219175, 31.678263345902185, 27.37452017895738, 25.0295358105995, 74.8857281706239, 37.727845297365796, 72.64041012268393, 39.44462997547016, 40.62499881562844, 36.97154425998558], [36.64941090251939, 52.73386953589768, 34.945918390266, 41.132427687970754, 61.3339021641701, 51.06332921193781, 25.648492529174277, 0.0, 63.79516774366325, 2.1161215271081724, 61.05190892304628, 30.313004672589265, 36.365937076397934, 28.40940022233099, 47.72365738116069, 62.58694832899499, 45.56249552570467, 26.123650467843444, 65.35970774661305, 10.6986406054239, 1.3752366974709131, 47.9709833222841, 44.93604422352475, 19.78728405003311, 44.6824992244926, 46.09179328152864, 17.395190107800993, 25.8068371627425, 42.82652007947905, 29.01470432739028, 45.184293848923296, 22.214655324886348, 43.024548972227784, 20.420853115422062, 62.07129966698484, 16.48222819105252, 27.203568189977133, 26.925154642990197, 40.63265694212176, 46.92145732076249, 47.27205479148113, 17.67679692474894, 11.950100625659706, 53.90278174687762, 21.555515352786422, 67.38151725026707, 36.812925138198494, 36.983130877266575, 57.155052597580735, 17.76928189371281, 14.193938533675677, 38.95172861738466, 52.73883562269907, 61.86788262816744, 10.201028082294396, 25.10100018624083, 31.593764595657042, 53.144409465664225, 26.49975889165878, 44.81243353773361, 32.17934868094218, 24.087248748250687, 41.32101763433774, 56.640541199913564, 22.578884410483276, 33.584577406122875, 44.29584671638728, 63.60028761179122, 36.067730916476584, 66.3350440224633, 64.51683801680795, 13.91516986548294, 26.310939304455307, 20.865245984314196, 32.86760916217921, 47.064244748050065, 58.09632521713409, 68.67926618504711, 46.693002273463996, 55.791700461603035, 26.948482337222234, 43.60636242503226, 43.13650061541425, 34.31163649618886, 49.6685082471591, 28.15015563803469, 54.31391498334242, 32.74198993946317, 47.85108594736736, 21.875473030790808, 50.23782640475351, 15.502049575328888, 49.23919619708987, 56.13493438370081, 51.07783328715132, 48.225479351401106, 36.30787773353757, 28.93561974582079], [52.81992279565071, 63.40573287635184, 48.13463483579473, 23.007610500418078, 90.08066494328888, 101.91116298718843, 45.4520670813712, 63.79516774366325, 0.0, 61.86326056768574, 78.38214420418845, 36.10245966159528, 49.986404300516355, 92.10743275928756, 24.238268283667082, 89.5601925081435, 101.8949248869876, 75.66904268691998, 88.94390336102515, 56.935867054466364, 65.00296541931014, 110.00002177252738, 38.97995225522672, 59.36845290390083, 104.42018499912311, 94.73910862033743, 75.78114205903057, 81.48644108439088, 105.95882399464638, 83.45622845682024, 107.23759242330526, 45.721221503933265, 101.74758897089535, 84.1542707788868, 3.7627603269787038, 79.40061537798827, 64.43338040760479, 38.160415886617095, 85.10057418939199, 63.64893980248692, 87.15973685999357, 50.49634561395979, 69.10172909792199, 117.65277292433392, 84.50959459010954, 87.17593220562522, 68.45134141504906, 68.35138397148107, 14.2715584297059, 61.153429522303675, 51.63175554154235, 102.13438927845964, 95.0628223397125, 125.6363449178996, 70.65529960735175, 81.97301966812266, 88.3870870794756, 95.69373085891506, 70.94610857948665, 75.824215017811, 95.79523434691689, 86.32747231766581, 94.49775016279818, 84.29584340187559, 48.95218341712725, 93.68116574566535, 68.36415054827194, 93.80087264539442, 71.40460185603395, 86.25803302229427, 127.59078930343756, 56.839304862439626, 89.98092496475476, 84.65087210260354, 36.66481966946323, 109.84075399208011, 119.92542701688343, 87.48925791265972, 38.266332182628716, 81.80300303877732, 48.9647366047644, 102.90711266819896, 22.02291358569072, 87.44918759362896, 112.09770606598097, 67.56321750571516, 23.90103526883514, 96.52524332052405, 111.34784449209317, 76.75814125950171, 53.896719792202816, 69.58365723936613, 107.46163060971945, 7.821585947451599, 91.17348672042479, 80.19012990907751, 45.56034950404255, 50.07998333287154], [34.876690971992005, 52.73262292804278, 34.34585026062582, 39.27899797183506, 60.58609735980589, 52.87711716697784, 24.634288545487056, 2.1161215271081724, 61.86326056768574, 0.0, 61.506559824652776, 28.758625868020513, 35.88052570140624, 30.429016559963753, 46.18871240521177, 63.47502951164502, 47.56224917217411, 25.961564966158623, 66.13845733046273, 8.783355111900208, 3.4879669186738016, 49.50749963629334, 43.94406524522682, 19.97025803411679, 46.77765671801772, 46.30704139242701, 18.039498643259936, 27.642655868639388, 44.907872412970704, 29.455703485176596, 46.716714288827085, 20.109537271541992, 44.12500940315884, 22.298319059237393, 60.18899665914813, 18.596315633551733, 26.059435866409626, 25.27506572841597, 42.04474265146064, 47.04008893780703, 48.54799417005303, 16.69776987357326, 12.06133915255428, 55.79847529625783, 23.66387292278437, 68.02834593990876, 35.71250197034968, 35.87352534765502, 55.08445095418158, 18.15424507763684, 12.97501860796048, 41.032346904204935, 54.19485542972207, 63.84368409403424, 10.95001427666605, 27.00029077603859, 33.546352313283265, 53.03158072221878, 25.87892181523677, 43.89262953688329, 34.00864284474827, 25.553459714781763, 43.17393893204855, 55.77721787416945, 20.56488853116909, 35.67233588616035, 44.70423026905275, 62.948108509931636, 36.85549411054737, 66.97399784652964, 66.59154449074168, 12.144580242191527, 28.340852556203586, 22.844840992590218, 31.50611062608252, 48.7174864821623, 60.20953330066855, 69.30187358407737, 45.67979516062239, 54.84181857318869, 25.00013020490665, 45.69059918240694, 41.0997023108945, 36.1036555791003, 51.77440379712499, 27.205946712933905, 52.19943453204185, 34.66251717502138, 49.65528983066742, 23.588796083122453, 49.861248498249736, 16.921487471341045, 50.32625499304689, 54.227804577262255, 50.78342861274899, 49.124855209721076, 34.335989286995044, 27.045748650353335], [90.321314107871, 14.993547068464617, 35.18197216956397, 63.05879382566925, 121.90288878558545, 45.59165738187069, 45.43281679429982, 61.05190892304628, 78.38214420418845, 61.506559824652776, 0.0, 52.916464235484526, 32.71089677965403, 70.21814923605821, 54.66137949752315, 13.54545675678991, 54.23441974835371, 87.11328652042721, 11.105203435689923, 67.62908746769209, 60.67315692358533, 95.95299440252694, 39.74991093400314, 41.666282797213164, 62.328266187788806, 106.12525393383731, 77.0780292141273, 47.623415752660335, 74.09284603502378, 88.69631271911913, 93.70290703907122, 70.80858671586154, 97.51075389858747, 69.92101614246104, 74.70082691509077, 60.763063392257294, 86.72223210843543, 54.92519035642897, 32.44135567524773, 16.68770239027793, 26.73805982794473, 49.374835225733015, 72.86793848822704, 91.57074392041285, 62.47736982959548, 8.832309389915189, 96.2815197116571, 96.40520381327259, 83.45104965224438, 43.352985025993355, 53.09407093110421, 72.04687198181823, 31.63954851770094, 94.0888639157433, 70.31478409752728, 49.428932724873725, 50.21573997368336, 113.96939809219738, 87.37954601805673, 104.91413834488587, 78.01106604587889, 77.8243439244269, 46.07873476665862, 116.86329683677839, 74.50717186048205, 58.117377187969296, 16.822971113583797, 124.39101343636247, 26.015740113107142, 7.88068869146138, 88.90088444514487, 71.14606006702229, 68.80193155587509, 67.94420944702333, 48.861107161189906, 92.94476176813271, 77.90365974151726, 9.378698537086363, 40.215030387689, 115.67913869138094, 79.18546585435227, 60.54529572575981, 72.3095257740433, 44.365256566319125, 74.7898009993262, 88.35566604455339, 87.98118675171612, 76.00736265670106, 89.91333854816182, 46.80614957282923, 24.48569049538239, 47.89607084374278, 103.28952045761235, 72.43768468757771, 112.10802257865969, 17.48948738090043, 86.03206650477128, 81.86319433702293], [40.40484481049197, 39.21997121823957, 17.737104963971294, 13.534223571187274, 77.04738161661597, 66.58198379011377, 9.85428992235515, 30.313004672589265, 36.10245966159528, 28.758625868020513, 52.916464235484526, 0.0, 20.206240361036414, 57.50775735689644, 17.430837092140933, 60.82885568194054, 65.87261735931978, 50.0169501111999, 61.60415298237012, 27.366411036014526, 31.275139200736128, 78.25944913255186, 19.233918049768487, 23.415494333391106, 68.34117652575705, 71.0606409874166, 45.75617964416433, 45.384432548196656, 70.60760547682942, 55.98644016386556, 75.46967890750463, 22.190979311360156, 72.41225294369065, 50.44181776361809, 33.62131478694218, 44.39056543193129, 43.037652602637976, 3.938258315338663, 50.43931091505231, 36.24473402956755, 53.75194283972003, 14.56451047586348, 38.995476406384824, 83.59748572856223, 49.375242733746475, 61.4064714685842, 51.06877311541369, 51.1005008997256, 34.27612270411187, 25.07775422502647, 16.51180663081731, 66.85400681543948, 61.41942731780713, 90.94248131299919, 39.23458267691776, 45.88062195590503, 52.28625782064686, 75.42816037408741, 47.17441862715896, 60.00993653446833, 62.243077331180785, 54.311943726395164, 58.68924052890049, 71.34903216877991, 26.66712373860625, 57.68111759201822, 38.406702310560846, 80.24487248148233, 37.87161524418451, 60.347540152379636, 92.05890062983384, 29.208430312364204, 55.3612576513851, 50.45272878724283, 4.702434434836801, 77.3667298148271, 84.01391643329681, 62.21164622510025, 20.51261464429676, 69.52141520673656, 30.238135615181196, 66.81476195870418, 20.717439491756785, 51.52728517428091, 76.38169249458565, 45.74576414289652, 36.26417621418899, 62.46035134116475, 77.92521275786652, 40.65657576983722, 31.88741397912944, 33.54524013530432, 78.54662100220088, 28.303209901855713, 71.95232598287645, 48.716462847605015, 34.70399626495013, 32.77969195487041], [58.80610309770881, 19.419647534906503, 2.473300951046637, 31.196144386439784, 93.11153863109524, 53.49192110151112, 13.628682383105268, 36.365937076397934, 49.986404300516355, 35.88052570140624, 32.71089677965403, 20.206240361036414, 0.0, 57.02180076315987, 25.928700752876743, 41.150456415145904, 55.95429815178456, 61.4127063501227, 41.595404776288056, 39.266020697430676, 36.62322333247861, 81.36547473049973, 13.198588069765366, 18.338418608699662, 60.77978076941526, 82.12578501639962, 53.760758232534194, 38.32005343097305, 67.07944416707345, 65.32170889606577, 78.69566433107288, 39.42170771957704, 78.69350258241474, 52.58969829527739, 46.6511017173776, 44.22423804650275, 57.854349946155324, 22.354012679678796, 36.1362470690318, 16.040892828749158, 37.30040130102645, 19.939416544757254, 47.92433322230074, 82.7013589915224, 48.209980151538815, 41.22007063682794, 66.94559571222433, 67.02877592809963, 52.244996364021524, 20.981298083966337, 24.07860739836635, 63.77601934569685, 45.221846384190606, 88.36832423758403, 46.56679750523503, 39.53458427391078, 44.50293820564923, 88.3155483801477, 60.164372637373, 75.87754614993915, 63.57400475824291, 58.83131316651418, 47.61963135445103, 87.68589632782128, 43.515772983409796, 51.692542109524375, 18.89688236996225, 95.98808641626871, 21.899393199069156, 40.16561379278766, 87.02472285693713, 42.337936514997786, 55.018996410834525, 51.598099769163085, 16.277299376556943, 79.48396398660718, 77.45916167737634, 42.008931113507685, 14.842266058974023, 86.1696774901334, 47.894158929652164, 59.020973215701105, 40.0391229861193, 41.49234750704509, 71.15470942434743, 60.03455218918566, 55.77474811119015, 62.774209318029214, 78.48307183291338, 34.47374027547117, 14.10837725699309, 30.048443810585955, 84.89216281356211, 42.941918613575965, 85.57778875120928, 30.311254903447995, 53.91066942935437, 50.56991357701578], [59.02317548575603, 67.61904510116263, 56.562820317913356, 69.27902287658918, 69.20485629180061, 39.171401238966965, 50.59918694157933, 28.40940022233099, 92.10743275928756, 30.429016559963753, 70.21814923605821, 57.50775735689644, 57.02180076315987, 0.0, 74.49608537844189, 66.000899697667, 28.80361242913768, 34.627466477439185, 70.0120446214026, 37.18716212037735, 27.15043482738479, 25.78580838831129, 68.5432663088893, 38.859831126110954, 22.951250597213647, 43.91107823332668, 24.075389977512895, 22.59503866136424, 15.093412438283039, 29.584957943788897, 23.485501419886464, 49.57424247720471, 28.94233095616758, 9.188793110524571, 90.2539710371601, 13.25024163646026, 44.60313870558763, 54.54955673186483, 39.55892967694843, 61.211028196691956, 46.99617062953161, 43.28300905931976, 27.628349224845465, 26.20400102368037, 8.812354253507221, 73.6050531483952, 51.91326147976906, 52.153209309535555, 85.4493474577976, 36.23468720955983, 41.02352238677124, 11.341147409877117, 48.35910665761936, 33.547284166847426, 24.357672469428746, 20.79204572941031, 21.41678950464057, 53.95490704412858, 39.275502972920954, 56.6852823785999, 7.8687379553787515, 14.186150585508296, 30.508052821225675, 66.41474210407502, 48.65654004533261, 15.656847622592203, 55.93379124249253, 70.04665462434274, 45.00521771009727, 72.74858743476833, 36.42818781052173, 39.01539049784962, 2.1465481713171273, 7.706259470622738, 59.12654729698561, 23.082197043139953, 31.509172955664372, 75.11033881722135, 70.36444868780012, 66.71748797472223, 52.01010387339131, 22.910495726089, 71.52765306004817, 27.548743016514877, 22.718513210230523, 43.46914646377826, 82.01695813394949, 5.92508270847901, 21.462373356730108, 24.12813722101776, 68.80260804060724, 26.973357137608478, 34.0173100160494, 84.3950396945207, 54.5063177479686, 53.34146757492368, 61.12523903198953, 53.211866622157736], [51.99864478891841, 39.6791670409684, 24.25195312819284, 12.971572365190916, 90.20602948213298, 78.80092063261442, 24.288038653553134, 47.72365738116069, 24.238268283667082, 46.18871240521177, 54.66137949752315, 17.430837092140933, 25.928700752876743, 74.49608537844189, 0.0, 65.43086179131751, 79.91096831881431, 66.50101432548114, 64.99165128902217, 44.32349873647247, 48.658295485809155, 95.68433375246633, 14.932443067868332, 37.912421192922196, 83.45635113194554, 87.33477495318492, 63.03552247899178, 60.32612155993472, 87.06013144291572, 72.93688985552984, 92.8952116715064, 36.84060308933021, 89.72571133684286, 67.73006247400606, 20.78399332626746, 61.27972219773724, 58.12680143668469, 21.06013418290549, 61.66444753824131, 39.484279954891186, 63.22351032033273, 31.213561071627375, 56.23352768529476, 100.67279758740268, 66.14369666472092, 63.49177823566356, 65.07659642024298, 65.06355656987421, 29.410281197882515, 40.111889046395675, 33.758065717256414, 83.3879029693595, 71.1437855071047, 107.73735955025626, 56.62370334998919, 61.10416759734168, 67.09111964590676, 90.8530773841827, 63.10804687581636, 73.74392378789321, 79.51579470395828, 71.74217195676916, 72.04510203921684, 84.36155888516828, 41.21175168790358, 73.25093647473452, 44.128824596016614, 93.63967658986603, 47.6574785412471, 62.5366919436538, 108.2304227339177, 45.72513117541272, 72.3543824133013, 67.62487636021167, 15.406627328703285, 94.75097561246471, 99.63876901821703, 63.91202704386249, 14.50200717598201, 82.25617028937491, 43.63823481227794, 81.82013522284831, 21.876585462611786, 65.3067885179616, 92.39736921970567, 61.05718022490464, 35.778305824150515, 79.61010118892898, 95.17689468681418, 55.79545013788547, 30.31719550330672, 49.31419082382555, 95.8320549516789, 17.78464322360065, 87.02556814659131, 55.99101747429028, 45.14108579709036, 45.80431150715624], [95.23160282856017, 26.859942787915315, 43.49479680082713, 72.33476668720128, 123.89554626365566, 35.41025355151342, 52.13881781525997, 62.58694832899499, 89.5601925081435, 63.47502951164502, 13.54545675678991, 60.82885568194054, 41.150456415145904, 66.000899697667, 65.43086179131751, 0.0, 45.500143453611095, 87.87989026152918, 4.525983062827236, 70.74020936376085, 61.929636527458904, 91.14745330231261, 50.580688325941544, 44.8615359586755, 54.16092160776204, 105.42008769494504, 76.98557906558327, 44.043346016708576, 67.22639065793493, 88.16131169471704, 89.14540955015859, 76.02522171539566, 94.48787086839182, 67.46403605354426, 85.96665597393626, 58.65480167448607, 89.46102948754866, 62.141502298659255, 26.449293312532763, 25.95374385769052, 19.147224068783856, 54.28858964874237, 73.81002526424653, 84.66946335245434, 59.266631321017975, 9.26027275966539, 99.12583104793158, 99.27746796367163, 93.2855824446186, 45.86391225866661, 57.47326114216983, 65.76727188905396, 21.115469651968173, 85.97950117237043, 70.78652380635842, 45.82916303038758, 44.800327951967795, 114.02963225049068, 89.02470212766636, 107.36236384046798, 73.86317559554853, 75.65243456279049, 38.284099816590604, 119.22180142403839, 79.24604484109861, 52.12922057561791, 22.423434786497094, 126.06335534970523, 26.68983442193442, 8.950740514091432, 79.65779653190772, 74.37664876000404, 64.918371791775, 65.19487478014022, 57.31865582209049, 87.77730136304939, 68.56251806654477, 10.677381059974017, 51.34671360436882, 118.31684800584566, 84.08540930560322, 52.49531212746816, 81.14202619831865, 38.63364338698021, 66.66227704276822, 90.6770631327642, 96.86973749524915, 71.46795709503579, 84.04455538951188, 44.60821308443226, 36.24487837837386, 47.81441475695237, 99.90978187635692, 83.14246266697869, 112.73243070256865, 14.361677993943228, 91.79612536330755, 86.70311598187808], [81.71619130431239, 57.83633370927666, 56.75130247540667, 79.32623012700019, 97.54473346344336, 11.553194426698553, 56.465133426591095, 45.56249552570467, 101.8949248869876, 47.56224917217411, 54.23441974835371, 65.87261735931978, 55.95429815178456, 28.80361242913768, 79.91096831881431, 45.500143453611095, 0.0, 61.72965076871177, 49.99352284529609, 56.24833095872002, 44.23148609862122, 49.48391813566284, 69.14045897282216, 42.52734452716596, 8.896578831726012, 72.70953093326314, 50.189791281435, 20.907512045870693, 23.156913288321196, 57.9260738047658, 48.11515516515432, 67.33467605203134, 56.60910568969626, 35.43828671544352, 99.19431467810811, 30.933613490111824, 69.46322867972808, 64.36339896213727, 22.615200608339645, 52.09958184348149, 27.51131729018082, 51.9535824880062, 51.1765702060285, 39.926133771409084, 27.48710210671273, 54.47059758218295, 78.00199354680451, 78.22536683343864, 98.98168657736197, 40.805338311332875, 51.99288584630586, 22.997831631355545, 24.645997917067383, 40.48592293148948, 47.424011100456006, 20.958122701924925, 14.203152784964667, 82.75302525199017, 65.5032509883871, 83.94409572612854, 35.37685344565501, 42.59570622016931, 8.712498238938377, 94.3757906898869, 68.12712059904534, 13.728748564751518, 45.41197455427954, 98.58616781847732, 35.66434371829898, 53.889179670852265, 34.670550833860624, 59.273673111518434, 29.027997328216973, 32.8797017905312, 65.39024196847427, 45.58880557764705, 23.726657837703243, 55.97190815874735, 70.79620533502347, 94.42963328075298, 72.49415118018842, 7.504770698620367, 84.6266903776212, 14.61015007601848, 21.215429621391227, 69.09122668250367, 98.09953989448135, 32.28739591077861, 40.76753836691927, 25.666909300561198, 62.89969593557191, 33.28414110171445, 60.78706246583383, 94.13473255495944, 83.18450726097949, 37.0739980808982, 81.86635909963796, 74.39257662495328], [28.69288109504142, 78.69178785963489, 59.66883595626693, 56.20720612251175, 36.710622935149296, 70.31510344028551, 49.03284905675967, 26.123650467843444, 75.66904268691998, 25.961564966158623, 87.11328652042721, 50.0169501111999, 61.4127063501227, 34.627466477439185, 66.50101432548114, 87.87989026152918, 61.72965076871177, 0.0, 90.92552612819117, 22.868336904047375, 26.441027423191603, 38.14106915503592, 67.85546544788038, 45.87147656257009, 57.28917475186082, 21.093450069926064, 11.72120662899548, 46.612335347580164, 48.60782108588012, 8.504221671106917, 35.73379901385898, 30.483505968359115, 27.106208507259346, 26.419760017364133, 75.13972909961292, 31.856114434866868, 12.904714348985491, 46.085585487837236, 63.97266366838696, 72.98656333514202, 71.20252210664515, 41.58188624296705, 14.246278690778736, 51.156030672943764, 34.32009280252112, 93.20525653419944, 17.59281074264211, 17.83965446989066, 64.8694774463392, 43.89263169574692, 37.4717283799564, 45.33104361929486, 75.46399033059676, 60.78000594193646, 17.095063700289757, 45.21459207814131, 50.08752295338464, 27.07019535346516, 5.764028579140345, 22.234622794837414, 31.98976178176863, 20.81752086760268, 60.562103069850465, 32.889532342404124, 26.782713245573742, 48.01636939453181, 70.3958126913005, 38.45669344430886, 61.76556699775542, 92.17383100741712, 67.53688437051656, 20.83289113116351, 33.58575628136004, 28.91198670540966, 53.92306135882472, 39.60661717803204, 65.19855610761351, 94.53982467004924, 69.45976717270658, 32.75117308446461, 27.031126415690327, 56.97849635020372, 53.682436393099486, 54.8316028318941, 56.50453134465977, 10.423603888358786, 58.39404236728865, 34.652834904953274, 43.56426347896987, 44.25424131997939, 75.50136475799408, 40.06573319584771, 32.26190888414674, 69.02167904784797, 25.003547394086134, 73.5778796842682, 33.59327453549682, 26.601907397217666], [97.14442949080329, 25.643604479369174, 44.00989032641951, 72.6030903340488, 126.68980058116713, 39.93582076965899, 53.30175238260222, 65.35970774661305, 88.94390336102515, 66.13845733046273, 11.105203435689923, 61.60415298237012, 41.595404776288056, 70.0120446214026, 64.99165128902217, 4.525983062827236, 49.99352284529609, 90.92552612819117, 0.0, 73.12108389689404, 64.7707769840601, 95.2914296605542, 50.06442374129841, 47.06507215860321, 58.62882695913053, 108.83538921726279, 80.20787488349589, 47.85613113296629, 71.59751536987618, 91.51024321570915, 93.25045787943067, 77.79278623764543, 98.34722401685148, 71.16272367704546, 85.29792654425026, 62.25326930086525, 91.99972410608149, 63.17911005266963, 30.53715367314857, 25.835813286497356, 23.39055332927781, 56.05372331761109, 76.77545593910575, 89.06108605735122, 63.08204905821583, 4.8314468987079096, 101.65517501095415, 101.79935789475493, 93.34646545672392, 48.26884692946065, 59.422087707638056, 70.07129807943531, 25.641252138347692, 90.46484792068902, 73.85687655485134, 49.65631422386694, 48.93067740039017, 117.28545989154999, 91.85324652972338, 110.01372162137734, 77.88027028193174, 79.31705103399769, 42.69103702762647, 121.91377884839355, 81.17369496018445, 56.367505306711216, 23.431294337654283, 128.9427681484156, 29.294234023052248, 4.7292921700733, 84.1821965656344, 76.73648308174563, 68.8709388239791, 68.94311181025381, 57.868151759022254, 91.96848255965105, 73.08705903385041, 6.184803438004166, 50.6812414823249, 120.93232700063062, 85.97615215299795, 56.95277458437949, 81.61783086180655, 42.78111867833434, 71.13859721726283, 93.33176553806327, 97.35064077163425, 75.54256214455941, 88.32281264680677, 48.149342934191964, 35.17254928280548, 50.903166882752515, 103.83853440781373, 82.7686270764346, 115.85463238429921, 17.43402251792006, 93.4265583601746, 88.61918989717992], [26.15932749314508, 57.51508160208729, 37.33934999336268, 35.351122735474945, 54.40978515915108, 61.653569325621454, 26.362684574669174, 10.6986406054239, 56.935867054466364, 8.783355111900208, 67.62908746769209, 27.366411036014526, 39.266020697430676, 37.18716212037735, 44.32349873647247, 70.74020936376085, 56.24833095872002, 22.868336904047375, 73.12108389689404, 0.0, 12.017560994050031, 53.082783712355194, 44.99518086823159, 26.113318537972898, 55.11021850089302, 43