instance_id,num_cities,city_coordinates,distance_matrix,best_route,total_distance
2390,50,"[[96.0329106345428, 51.78697282686295], [48.025313050813054, 70.34008510720786], [71.26847289779987, 44.566614001011615], [14.49616121654681, 21.049624952006273], [48.00727600050595, 13.19690773262262], [20.918938963118027, 42.057408529799865], [27.48957888040836, 72.69090163898579], [46.03896153055268, 89.54034632907806], [15.244639685143113, 40.962232072261365], [8.960491277753668, 59.73941396086069], [11.535639862530312, 65.43383958977891], [31.6849792534457, 82.23442845320817], [6.012383883214579, 54.80190824014867], [74.4392608086577, 35.19654795507893], [5.488479533859536, 93.26484303845187], [53.98780180103526, 64.53231399071015], [63.565490864590025, 26.14872059230847], [7.500392544050271, 13.485869732667178], [8.393088900670765, 53.960873925313855], [62.44153838276305, 80.89241737300003], [13.767735075026867, 94.86915161730552], [34.50841892550769, 17.597134163574534], [1.9665956631149673, 55.45197058215571], [47.471000749253825, 68.09861981007886], [76.41290061750922, 33.78575863514255], [8.170152323756664, 18.155961660750975], [42.11443329863408, 77.08031208854452], [11.773601228064335, 92.24285508206836], [16.346354319517676, 8.122583252072857], [26.592557293087804, 21.36142970109295], [35.29764438768913, 24.726505533177733], [15.358200883352346, 64.10290072464964], [5.838981638188844, 83.03118464827203], [61.4198590603756, 61.29913271995851], [66.64216459347197, 63.84675271203004], [91.20101569121356, 50.73633700905912], [43.62987690176199, 70.90820657318429], [63.290154743590065, 9.069469447525424], [53.70698837716328, 15.155938733133523], [69.05914635756513, 85.72320884792275], [91.28355060006534, 3.5486282356055], [48.478644405638484, 92.8389407607433], [48.49163549742779, 29.693120877388722], [69.6650712048554, 50.19422814192792], [63.46340329357684, 5.363625060037879], [48.26310192786604, 54.40232029137323], [41.1301676414951, 26.5890512041409], [46.798986245091434, 13.267259548664311], [37.9538877713929, 73.65120848174821], [56.2458100670197, 91.35001904998691]]","[[0.0, 51.46792594469316, 25.795560819471763, 87.13797140186949, 61.60888495971751, 75.74148903782054, 71.66004861664297, 62.647523157824146, 81.51024313175584, 87.43481876594844, 85.59220607253663, 71.18780673082043, 90.07100017282413, 27.23101008463067, 99.59270917409464, 43.93443863536157, 41.36971506018573, 96.46233077049092, 87.66677933818896, 44.446678075936106, 92.86351942054338, 70.38613604877612, 94.1376854445135, 51.22820433132499, 26.62683806697096, 94.07927088383904, 59.55631964140686, 93.46822792106263, 90.86542892809514, 75.81343117604037, 66.49091258381712, 81.60937981275377, 95.45232108304344, 35.89630238768019, 31.768762074235774, 4.9447997295161565, 55.78260951569424, 53.822608245032434, 55.9760337440382, 43.35034111223386, 48.471582495746816, 62.822546174234695, 52.424337245483194, 26.41590035984325, 56.708906058156494, 47.8413489173603, 60.40899305786757, 62.51197982643684, 62.05817994036439, 56.109250556599314], [51.46792594469316, 0.0, 34.706142000149086, 59.613366664170165, 57.14318022125207, 39.17480453766588, 20.669850417543117, 19.302736162267088, 44.01852786327204, 40.47758057139646, 36.81803219164452, 20.210935461821844, 44.79420897385799, 43.963221443807015, 48.32107958081189, 8.32354956963382, 46.84414396883045, 69.81884407474891, 42.88346709430341, 17.86558896508132, 42.133795848746715, 54.447454495478716, 48.405179490535005, 2.308988697653904, 46.28254435187393, 65.6629010663902, 8.964884784795512, 42.35466848708971, 69.81814924067268, 53.46280674226947, 47.356015363991986, 33.25722006397239, 44.05395062439876, 16.160219146744193, 19.71675751627705, 47.41780507349488, 4.4319996548384415, 63.14351696906077, 55.47586363049536, 26.05883035745041, 79.57621395177492, 22.503422296084025, 40.649639084798935, 29.565768818533364, 66.78529022625563, 15.939538602949154, 44.291037443290406, 57.085999112482675, 10.601751985420657, 22.56089305575916], [25.795560819471763, 34.706142000149086, 0.0, 61.450338872657, 39.05306329162515, 50.41201919717596, 52.03428789297981, 51.567090700820266, 56.1396602851129, 64.12876446794847, 63.27284130013362, 54.641716798593855, 66.05390527168845, 9.892018685828635, 81.84451746050571, 26.405506426372582, 19.96383554876929, 70.93927499119575, 63.573312264752964, 37.38286724628159, 76.3981684387914, 45.59226261930591, 70.1515586152581, 33.467521241627665, 11.945374794584799, 68.40263603329069, 43.670339914831985, 76.24082711131446, 65.91362898791482, 50.34300362029014, 41.07956192219203, 59.22520591503004, 75.89823134678174, 19.415776502592237, 19.827417311460522, 20.86556359668482, 38.18077379873991, 36.382699625246175, 34.254832626669405, 41.21585160049684, 45.64075472293138, 53.38158683947526, 27.203035118557008, 5.851575677369164, 39.9724086518798, 25.019756427562065, 35.09287973133065, 39.72915008127847, 44.22414745649157, 49.136212577932696], [87.13797140186949, 59.613366664170165, 61.450338872657, 0.0, 34.4188898977188, 21.967681826566604, 53.250824974348745, 75.4050871387397, 19.92666912315217, 39.08379990764627, 44.48284158750944, 63.55340781568136, 34.80217098119854, 61.5898580869009, 72.77483117513582, 58.73954308718305, 49.33355742754907, 10.302969102989845, 33.4723438180814, 76.68062986408547, 73.8231205093125, 20.307883967909365, 36.61299493095325, 57.45387680011435, 63.21306604841605, 6.956412563586094, 62.46764645632837, 71.24526896042197, 13.058775655860636, 12.10041405250702, 21.12394738034331, 43.06190505705045, 62.58322858908523, 61.82116381063519, 67.45961616177554, 82.24922840208393, 57.746441889545224, 50.24318789874586, 39.65128628261974, 84.61555295240429, 78.7565111873524, 79.42616085386149, 35.07709072021428, 62.39404237902915, 51.41829819472143, 47.4616536943497, 27.203961870415586, 33.227063007372514, 57.59506510942018, 81.76294141889211], [61.60888495971751, 57.14318022125207, 39.05306329162515, 34.4188898977188, 0.0, 39.58164359542174, 62.9325925577712, 76.36880828311641, 42.94535567460196, 60.7524179205284, 63.70931872520754, 70.94079671348759, 59.11469386856523, 34.389445921908695, 90.65716914348562, 51.68259498645254, 20.243702875445752, 40.50791412048209, 56.8417519024495, 69.2172663140511, 88.55902881099522, 14.19792713655336, 62.491876130804485, 54.90433116049234, 35.08247840971755, 40.144596631411105, 64.15461750498731, 86.9548214872897, 32.064976697692764, 22.918324465184604, 17.160022178775815, 60.4762947650552, 81.57812992315176, 49.93717486072058, 53.969119589912324, 57.22681101432429, 57.877073498357696, 15.830417855290444, 6.026982963107122, 75.51983579826965, 44.338755513309465, 79.6434279336696, 16.50332246063841, 42.870290535315256, 17.327786596337898, 41.206206705324774, 15.054704452207176, 1.2103361149118972, 61.28452572999971, 78.58614542112015], [75.74148903782054, 39.17480453766588, 50.41201919717596, 21.967681826566604, 39.58164359542174, 0.0, 31.330244317483878, 53.71819911201928, 5.779021004389342, 21.34614220667661, 25.189359481992458, 41.59447743942586, 19.611926402505084, 53.95828257344662, 53.48177658937553, 39.98338486008705, 45.51719170794073, 31.56564932385733, 17.27973981890668, 56.85318086453685, 53.29371374739943, 27.98176169792049, 23.20787816961262, 37.19081432341732, 56.10704030760155, 27.08894097616084, 40.93718057966403, 51.01192260578692, 34.2415083919028, 21.459577922980078, 22.519044570427862, 22.735996439675535, 43.6606853167511, 44.83936304782416, 50.649668132535126, 70.81591705797507, 36.71723368927855, 53.6984548344845, 42.41161705946643, 64.99370496750097, 80.21287135220228, 57.77803544428314, 30.21802778681468, 49.42057508699448, 56.18242777320556, 30.00166819768076, 25.451205139323346, 38.71239498756386, 35.89369967423638, 60.64444965441221], [71.66004861664297, 20.669850417543117, 52.03428789297981, 53.250824974348745, 62.9325925577712, 31.330244317483878, 0.0, 25.05959662616208, 34.00951349799241, 22.60681579664589, 17.52692556531836, 10.424983853410197, 27.95149351593084, 60.08410098634816, 30.122009182081054, 27.725770870542675, 58.886722120288816, 62.48842591566738, 26.74864235248468, 35.90131381146831, 26.07994956897205, 55.539061301154284, 30.799406102916677, 20.50234797033951, 62.50681212429073, 57.8558546813331, 15.269357905589606, 25.08527131624143, 65.5228142934062, 51.33730940700972, 48.59577328081984, 14.8635154594091, 23.99312013175729, 35.79156761299502, 40.13905751585313, 67.38805597868847, 16.238448876532047, 73.00251958821708, 63.226770574641336, 43.564549480351566, 94.07616488333367, 29.09440413677989, 47.85285291982973, 47.800339656143834, 76.33530123375178, 27.676912174436975, 48.07750279773164, 62.482177075178036, 10.50828005899131, 34.279490874506344], [62.647523157824146, 19.302736162267088, 51.567090700820266, 75.4050871387397, 76.36880828311641, 53.71819911201928, 25.05959662616208, 0.0, 57.516288498711454, 47.57003811542269, 42.09041308063984, 16.106310664471135, 52.998924508114, 61.31741531408352, 40.72116729542845, 26.240917344530864, 65.76988249987635, 85.26139049934275, 51.7987507821908, 18.542685960292815, 32.70822867022411, 72.86136966498374, 55.717060172057295, 21.489494466819174, 63.49133976046569, 80.80703611206397, 13.063474848538366, 34.37176850584406, 86.66315865148327, 70.89800639180652, 65.69786794622706, 39.85439389539191, 40.72355054674544, 32.158018516986274, 32.93406639651256, 59.54294479884735, 18.787238238544614, 82.29924479215804, 74.77859806869846, 23.33451195161053, 97.16814509259873, 4.10277683473033, 59.897462415807894, 45.894553867963104, 85.96122134054811, 35.20834665719741, 63.14239317092904, 76.2768733272362, 17.827874781434378, 10.36603455537268], [81.51024313175584, 44.01852786327204, 56.1396602851129, 19.92666912315217, 42.94535567460196, 5.779021004389342, 34.00951349799241, 57.516288498711454, 0.0, 19.800835358227634, 24.751085919118037, 44.426106730486005, 16.6364414351216, 59.47475332689972, 53.20475331000196, 45.34954655099306, 50.54052612580277, 28.54687112800621, 14.693823130013902, 61.82205872360387, 53.92714735699679, 30.282354447830222, 19.65347234297371, 42.1298218236394, 61.587806556847745, 23.878323674608126, 45.01668038509984, 51.39796109034352, 32.858123953885496, 22.64876790534758, 25.801585491055338, 23.140947297493337, 43.10757676022708, 50.455330861120615, 56.26194852308516, 76.58266241970887, 41.261157044533434, 57.667320252194884, 46.31756732398258, 69.99675828427664, 84.74487432980067, 61.60918741641969, 35.10492269845468, 55.1979448731747, 59.935882283793404, 35.64905076171915, 29.608257055199726, 41.98438149964958, 39.803003998980124, 64.96171987560307], [87.43481876594844, 40.47758057139646, 64.12876446794847, 39.08379990764627, 60.7524179205284, 21.34614220667661, 22.60681579664589, 47.57003811542269, 19.800835358227634, 0.0, 6.2496298671967665, 31.975428547062428, 5.750678216680182, 69.92725885560654, 33.7047364681336, 45.28168044205246, 64.10959881997778, 46.2765841650139, 5.80633020073238, 57.51236347779676, 35.457129899881345, 49.28152142139715, 8.203459428440151, 39.40730468052981, 72.27322983307249, 41.590962249720846, 37.41511217942035, 32.62494861777334, 52.142575552914124, 42.23457621205736, 43.81266244479438, 7.744075473246048, 23.500008599676093, 52.48254939272552, 57.82772404407861, 82.73185148660069, 36.42400620419573, 74.2910197082764, 63.16593437960713, 65.47523149355838, 99.67191428183965, 51.548647906759875, 49.65371175828218, 61.45044016476885, 76.9889202209734, 39.66333032854414, 46.19344789307222, 59.92839758498693, 32.15828146883425, 56.87821838896861], [85.59220607253663, 36.81803219164452, 63.27284130013362, 44.48284158750944, 63.70931872520754, 25.189359481992458, 17.52692556531836, 42.09041308063984, 24.751085919118037, 6.2496298671967665, 0.0, 26.23462719476451, 11.980998323858381, 69.79369121586832, 28.480395028873733, 42.46173338028989, 65.19529101048593, 52.10446039636808, 11.895569245978878, 53.201298210026145, 29.51982119179421, 53.06692909816643, 13.827664870675493, 36.034028579685064, 72.1849014072939, 47.39751309769013, 32.72159729708204, 26.81007156419584, 57.512807935214916, 46.57346965716609, 47.13512389979887, 4.0476377086665725, 18.496444740344817, 50.055280699223104, 55.12937431786623, 81.0098061226887, 32.55777549218296, 76.52105613559442, 65.62232813679579, 60.99682208424981, 100.94309610544234, 45.998099470118376, 51.411521932780396, 60.09389773732069, 79.4035470781995, 38.34841441039997, 48.83393962384068, 62.96709991164039, 27.66674852744405, 51.67830954596055], [71.18780673082043, 20.210935461821844, 54.641716798593855, 63.55340781568136, 70.94079671348759, 41.59447743942586, 10.424983853410197, 16.106310664471135, 44.426106730486005, 31.975428547062428, 26.23462719476451, 0.0, 37.5716025514421, 63.56485501484786, 28.424050441142885, 28.474212017765318, 64.51336021977536, 72.87838198297173, 36.63203573168577, 30.785823412970387, 21.92404771894236, 64.69893063000714, 40.00602920606766, 21.190081657730474, 65.93830871875463, 68.25684575194833, 11.633504509871045, 22.285232295287337, 75.68248815928796, 61.08563446913977, 57.621285545780225, 24.399098133284248, 25.85827552568492, 36.365501296849864, 39.49824586053991, 67.33712466303923, 16.46098058756779, 79.69942499206665, 70.60093957569728, 37.536648163750414, 98.7088894803431, 19.86159284963415, 55.16387129163655, 49.68965506646729, 83.18045833479054, 32.39537615370762, 56.44129333100683, 70.60384971126855, 10.62877599184685, 26.19787018406433], [90.07100017282413, 44.79420897385799, 66.05390527168845, 34.80217098119854, 59.11469386856523, 19.611926402505084, 27.95149351593084, 52.998924508114, 16.6364414351216, 5.750678216680182, 11.980998323858381, 37.5716025514421, 0.0, 71.1801070361455, 38.46650268825847, 48.952237134375274, 64.29125356992186, 41.342825347651505, 2.5248950669029253, 62.16883579692732, 40.810898837843105, 46.86383709450732, 4.097680242575359, 43.53871209646594, 73.47047911015484, 36.70941793794978, 42.42269734500165, 37.88160669393596, 47.80952129357483, 39.265877584761796, 41.97804581923046, 13.185323530228892, 28.229808976767984, 55.7871152816558, 61.300730179129374, 85.28558998303217, 40.92051596684979, 73.29528629219419, 62.02078841796004, 70.22122962305278, 99.48904756040767, 57.01051767640032, 49.34509114929194, 63.81923941221889, 75.7942179528666, 42.252607562343925, 45.04690930827069, 58.21231806199511, 37.08848595233398, 62.122149913955916], [27.23101008463067, 43.963221443807015, 9.892018685828635, 61.5898580869009, 34.389445921908695, 53.95828257344662, 60.08410098634816, 61.31741531408352, 59.47475332689972, 69.92725885560654, 69.79369121586832, 63.56485501484786, 71.1801070361455, 0.0, 90.14508934098814, 35.7610031240422, 14.14574327432134, 70.3716252009542, 68.66000839511015, 47.24465922481093, 85.0990814443717, 43.63727190489482, 75.2500454425076, 42.54213655874864, 2.426021558092589, 68.42496854685446, 52.906938784440726, 84.74235096749216, 64.09200690488314, 49.80680208976104, 40.51774826372571, 65.77346632447154, 83.63103951187047, 29.169328982527087, 29.69223706634594, 22.85697859703, 47.16503681731399, 28.406456966506617, 28.83492913395882, 50.812292730079484, 35.851372653598, 63.218660634240095, 26.52483683062788, 15.739227978527314, 31.787933821700673, 32.46618217139206, 34.40326565801752, 35.28283531635516, 53.00889889339097, 59.02723071511212], [99.59270917409464, 48.32107958081189, 81.84451746050571, 72.77483117513582, 90.65716914348562, 53.48177658937553, 30.122009182081054, 40.72116729542845, 53.20475331000196, 33.7047364681336, 28.480395028873733, 28.424050441142885, 38.46650268825847, 90.14508934098814, 0.0, 56.371468721816086, 88.75535554159823, 79.8043380756064, 39.41114999109104, 58.28145356023473, 8.433260243353892, 81.04171178268707, 37.97653208752916, 48.94763405090518, 92.56368071499128, 75.15673909079358, 40.04247159264663, 6.367669439752408, 85.8317997387465, 74.93652612465192, 74.74014996820422, 30.786852372890657, 10.239658967565155, 64.42147042644257, 67.86160353855323, 95.68339814000032, 44.21069313205086, 102.12685538665554, 91.79338498415417, 64.01645043794869, 124.13618899340261, 42.992274520579784, 76.75047414414053, 77.2897974254714, 105.29822366513922, 57.79242160713675, 75.60417414332584, 90.03427863288664, 37.930164678704195, 50.79343612868963], [43.93443863536157, 8.32354956963382, 26.405506426372582, 58.73954308718305, 51.68259498645254, 39.98338486008705, 27.725770870542675, 26.240917344530864, 45.34954655099306, 45.28168044205246, 42.46173338028989, 28.474212017765318, 48.952237134375274, 35.7610031240422, 56.371468721816086, 0.0, 39.56049001177768, 69.04215155117852, 46.804200554255075, 18.41517431012955, 50.37834340891908, 50.81690134804517, 52.80775060974737, 7.4288110183099105, 38.05569238841418, 65.19220090666732, 17.275101616403514, 50.49666144995004, 67.8154576074615, 51.12948926009082, 43.97526999454826, 38.63198755969614, 51.58020064597781, 8.104871142445921, 12.672919630039173, 39.688188027603424, 12.163001868051897, 56.23753990964873, 49.37717377246345, 26.003835324641667, 71.48414374361427, 28.837751894092097, 35.270061253479746, 21.245175493909294, 59.922623218782036, 11.63567621526439, 40.06257539239365, 51.76663863960363, 18.44561291604718, 26.91259753304412], [41.36971506018573, 46.84414396883045, 19.96383554876929, 49.33355742754907, 20.243702875445752, 45.51719170794073, 58.886722120288816, 65.76988249987635, 50.54052612580277, 64.10959881997778, 65.19529101048593, 64.51336021977536, 64.29125356992186, 14.14574327432134, 88.75535554159823, 39.56049001177768, 0.0, 57.47732632599839, 61.78600012532681, 54.755233598238846, 84.86644874117421, 30.28932254311926, 68.21366688582127, 44.93135493676712, 14.945912064076193, 55.96898897953697, 55.26458977534728, 83.96924702575654, 50.5429370285426, 37.28157683038408, 28.303601186351827, 61.35521654149173, 81.04297985972484, 35.21583746814639, 37.823373024276286, 36.99017590523451, 48.99837027235827, 17.081470359606058, 14.765883796712108, 59.82725049334809, 35.76387856526305, 68.37542250100023, 15.484956861774036, 24.807081925251868, 20.78534623617731, 32.13143325663773, 22.43964391812979, 21.143502921100602, 53.967032239042325, 65.61087598520218], [96.46233077049092, 69.81884407474891, 70.93927499119575, 10.302969102989845, 40.50791412048209, 31.56564932385733, 62.48842591566738, 85.26139049934275, 28.54687112800621, 46.2765841650139, 52.10446039636808, 72.87838198297173, 41.342825347651505, 70.3716252009542, 79.8043380756064, 69.04215155117852, 57.47732632599839, 0.0, 40.4848474269064, 86.9607507491694, 81.62424978347482, 27.319150503673132, 42.32938138490677, 67.67718959377461, 71.84023425927415, 4.717874180101224, 72.40431558902408, 78.8728283617554, 10.344848070704385, 20.652728624098607, 29.983980777381838, 51.2233245537667, 69.56515731965798, 72.06536607065152, 77.67861826530412, 91.61545517833218, 67.84293926548247, 55.964293596540635, 46.236767068545944, 94.90897393568935, 84.37041153396211, 89.30916530356025, 44.07898579290249, 72.19384218964872, 56.549353936837164, 57.75599018831258, 36.092314109503874, 39.2992017386112, 67.43354772183837, 91.86371143383266], [87.66677933818896, 42.88346709430341, 63.573312264752964, 33.4723438180814, 56.8417519024495, 17.27973981890668, 26.74864235248468, 51.7987507821908, 14.693823130013902, 5.80633020073238, 11.895569245978878, 36.63203573168577, 2.5248950669029253, 68.66000839511015, 39.41114999109104, 46.804200554255075, 61.78600012532681, 40.4848474269064, 0.0, 60.386612124649695, 41.25983525445325, 44.769766938924874, 6.597210362903047, 41.55669685078228, 70.94878478850683, 35.80560630669967, 40.88566361194959, 38.43095035100962, 46.52314824543969, 37.335564994984026, 39.730383854692086, 12.303393537140064, 29.182296507259327, 53.53212489437855, 59.0820228026371, 82.8706846699856, 39.10042598887411, 70.91492109669318, 59.658800532989126, 68.47785369810585, 97.0166127847098, 55.84224065169633, 46.87021737913505, 61.38764888755566, 73.4467979193585, 39.872456830283575, 42.672391584750116, 55.9551892308983, 35.518306615316, 60.72751514905086], [44.446678075936106, 17.86558896508132, 37.38286724628159, 76.68062986408547, 69.2172663140511, 56.85318086453685, 35.90131381146831, 18.542685960292815, 61.82205872360387, 57.51236347779676, 53.201298210026145, 30.785823412970387, 62.16883579692732, 47.24465922481093, 58.28145356023473, 18.41517431012955, 54.755233598238846, 86.9607507491694, 60.386612124649695, 0.0, 50.6407763425496, 69.18491193298347, 65.60819331350694, 19.692593864631537, 49.134878244882785, 82.95327733188545, 20.681473540369296, 51.92371608138172, 86.1406683965926, 69.49163934143911, 62.38109195913855, 49.98728377666313, 56.642949742051016, 19.619903978687216, 17.555624292412276, 41.67129369208187, 21.297020283855115, 71.82796111844816, 66.31422915008474, 8.193246095556393, 82.54649227479483, 18.376121170429805, 53.065692798227, 31.53661758176607, 75.53570464456212, 30.045853352826665, 58.33549605635462, 69.41074418377957, 25.535859857684077, 12.155183346911015], [92.86351942054338, 42.133795848746715, 76.3981684387914, 73.8231205093125, 88.55902881099522, 53.29371374739943, 26.07994956897205, 32.70822867022411, 53.92714735699679, 35.457129899881345, 29.51982119179421, 21.92404771894236, 40.810898837843105, 85.0990814443717, 8.433260243353892, 50.37834340891908, 84.86644874117421, 81.62424978347482, 41.25983525445325, 50.6407763425496, 0.0, 80.007128732103, 41.14585097160045, 43.0415089227743, 87.49627228664302, 76.91714013123303, 33.46607404462415, 3.2975753654162774, 86.78488578290602, 74.61810267110863, 73.3725275201466, 30.807333144517735, 14.247897845720914, 58.28954528115041, 61.30329950939882, 89.12697836362995, 38.286739243339085, 99.06591497717353, 89.15907280052625, 56.04273753802204, 119.78372029294889, 34.770231271592706, 73.8489285200225, 71.5566976176366, 102.37626054892775, 53.17419272422864, 73.55864890267061, 88.03370004175707, 32.17407486091367, 42.623598499560416], [70.38613604877612, 54.447454495478716, 45.59226261930591, 20.307883967909365, 14.19792713655336, 27.98176169792049, 55.539061301154284, 72.86136966498374, 30.282354447830222, 49.28152142139715, 53.06692909816643, 64.69893063000714, 46.86383709450732, 43.63727190489482, 81.04171178268707, 50.81690134804517, 30.28932254311926, 27.319150503673132, 44.769766938924874, 69.18491193298347, 80.007128732103, 0.0, 49.91952425172283, 52.138551763943305, 44.92279096579756, 26.344194346316876, 59.96749044855755, 78.03111935104897, 20.484816467979215, 8.765317237693013, 7.172922204783299, 50.29430558716666, 71.43914611195635, 51.32338928748535, 56.317002996706535, 65.66777971938062, 54.08577851039242, 30.01848400921064, 19.353152304460615, 76.38661412827327, 58.48740116872642, 76.52775091410595, 18.489003225647135, 47.94330751340135, 31.433260485375087, 39.291386211194826, 11.167010706635358, 13.030957724513723, 56.159865591321555, 76.88954547080819], [94.1376854445135, 48.405179490535005, 70.1515586152581, 36.61299493095325, 62.491876130804485, 23.20787816961262, 30.799406102916677, 55.717060172057295, 19.65347234297371, 8.203459428440151, 13.827664870675493, 40.00602920606766, 4.097680242575359, 75.2500454425076, 37.97653208752916, 52.80775060974737, 68.21366688582127, 42.32938138490677, 6.597210362903047, 65.60819331350694, 41.14585097160045, 49.91952425172283, 0.0, 47.22910775080924, 77.53500539430922, 37.80841700874679, 45.6030045405452, 38.07553729675867, 49.46562810737771, 42.0547614874262, 45.33225134003279, 15.942825430424781, 27.849747245614587, 59.740102390687326, 65.21810778820111, 89.35893306070098, 44.43786937490325, 76.88898041852616, 65.58077783147554, 73.60542252327747, 103.30283338782347, 59.67542389762708, 53.179861505058184, 67.90233756096619, 79.3139313480368, 46.30840375196575, 48.650318448367265, 61.55885874733273, 40.32737845945962, 65.07613233823763], [51.22820433132499, 2.308988697653904, 33.467521241627665, 57.45387680011435, 54.90433116049234, 37.19081432341732, 20.50234797033951, 21.489494466819174, 42.1298218236394, 39.40730468052981, 36.034028579685064, 21.190081657730474, 43.53871209646594, 42.54213655874864, 48.94763405090518, 7.4288110183099105, 44.93135493676712, 67.67718959377461, 41.55669685078228, 19.692593864631537, 43.0415089227743, 52.138551763943305, 47.22910775080924, 0.0, 44.888818318090905, 63.55175678126082, 10.457705820976631, 43.095805241863175, 67.5712111522604, 51.188615340091125, 45.048095430930466, 32.360433962434826, 44.22902336600846, 15.517850136937923, 19.63700325816868, 47.05064368195835, 4.7589925605308245, 61.11207921206304, 53.30867679196873, 27.86887456569672, 78.01436365628079, 24.760832507816414, 38.419058337731855, 28.51567997426607, 64.74130447733765, 13.719185281322464, 41.991075841796665, 54.835478219952044, 11.018469965930828, 24.85205917377366], [26.62683806697096, 46.28254435187393, 11.945374794584799, 63.21306604841605, 35.08247840971755, 56.10704030760155, 62.50681212429073, 63.49133976046569, 61.587806556847745, 72.27322983307249, 72.1849014072939, 65.93830871875463, 73.47047911015484, 2.426021558092589, 92.56368071499128, 38.05569238841418, 14.945912064076193, 71.84023425927415, 70.94878478850683, 49.134878244882785, 87.49627228664302, 44.92279096579756, 77.53500539430922, 44.888818318090905, 0.0, 70.00973680956933, 55.23407661175686, 87.15200026713946, 65.31912855290521, 51.346183484507236, 42.10147695282458, 68.16748098692966, 86.05689991694035, 31.333321698552137, 31.609027940480612, 22.494676139998315, 49.5257789929635, 27.983949157997365, 29.37054034653744, 52.45547098559566, 33.69599806657022, 65.32687800032855, 28.2196160449087, 17.74178889901978, 31.233109962083894, 34.89203033348157, 36.00921887661754, 36.02766616391771, 55.39268688707899, 60.99471795475131], [94.07927088383904, 65.6629010663902, 68.40263603329069, 6.956412563586094, 40.144596631411105, 27.08894097616084, 57.8558546813331, 80.80703611206397, 23.878323674608126, 41.590962249720846, 47.39751309769013, 68.25684575194833, 36.70941793794978, 68.42496854685446, 75.15673909079358, 65.19220090666732, 55.96898897953697, 4.717874180101224, 35.80560630669967, 82.95327733188545, 76.91714013123303, 26.344194346316876, 37.80841700874679, 63.55175678126082, 70.00973680956933, 0.0, 68.0021564675624, 74.17447418639108, 12.942911626338743, 18.699198651591743, 27.911876906761464, 46.505798041069276, 64.91709262163418, 68.53367403386427, 74.20663451310388, 89.19419896709617, 63.56250003303316, 55.86393297561002, 45.635551660093505, 90.95494756692203, 84.38726896179116, 84.86649457332982, 41.93957615563959, 69.34028819749612, 56.753744180604194, 54.04852562223449, 34.0217519976909, 38.93695183836024, 62.9824842074222, 87.57076512481852], [59.55631964140686, 8.964884784795512, 43.670339914831985, 62.46764645632837, 64.15461750498731, 40.93718057966403, 15.269357905589606, 13.063474848538366, 45.01668038509984, 37.41511217942035, 32.72159729708204, 11.633504509871045, 42.42269734500165, 52.906938784440726, 40.04247159264663, 17.275101616403514, 55.26458977534728, 72.40431558902408, 40.88566361194959, 20.681473540369296, 33.46607404462415, 59.96749044855755, 45.6030045405452, 10.457705820976631, 55.23407661175686, 68.0021564675624, 0.0, 33.918561301520036, 73.6149594889404, 57.84049177901424, 52.7957353570641, 29.73733644374225, 36.76032205233542, 24.934816744977248, 27.869996344519034, 55.709044094940644, 6.355427271789163, 71.2312143337163, 63.000121815033566, 28.296947295095276, 88.4562639186761, 16.99522170031223, 47.81437648622995, 38.4954433540417, 74.82687831381007, 23.496753772908065, 50.50085350348774, 63.98476936557382, 5.391557347408078, 20.08283710374374], [93.46822792106263, 42.35466848708971, 76.24082711131446, 71.24526896042197, 86.9548214872897, 51.01192260578692, 25.08527131624143, 34.37176850584406, 51.39796109034352, 32.62494861777334, 26.81007156419584, 22.285232295287337, 37.88160669393596, 84.74235096749216, 6.367669439752408, 50.49666144995004, 83.96924702575654, 78.8728283617554, 38.43095035100962, 51.92371608138172, 3.2975753654162774, 78.03111935104897, 38.07553729675867, 43.095805241863175, 87.15200026713946, 74.17447418639108, 33.918561301520036, 0.0, 84.24446690191428, 72.41393459062891, 71.49711926353308, 28.36734717816066, 10.957854801803652, 58.50012709708984, 61.781047867395785, 89.61866552703141, 38.340442443929234, 97.83540956131588, 87.75421146579743, 57.655350730027486, 119.11548146664217, 36.70988303991044, 72.5305679674592, 71.55074649243574, 101.09320574001373, 52.567953494183485, 71.91821713048463, 86.3939944987313, 32.110072046041665, 44.48117034426863], [90.86542892809514, 69.81814924067268, 65.91362898791482, 13.058775655860636, 32.064976697692764, 34.2415083919028, 65.5228142934062, 86.66315865148327, 32.858123953885496, 52.142575552914124, 57.512807935214916, 75.68248815928796, 47.80952129357483, 64.09200690488314, 85.8317997387465, 67.8154576074615, 50.5429370285426, 10.344848070704385, 46.52314824543969, 86.1406683965926, 86.78488578290602, 20.484816467979215, 49.46562810737771, 67.5712111522604, 65.31912855290521, 12.942911626338743, 73.6149594889404, 84.24446690191428, 0.0, 16.740720733478867, 25.19606378712645, 55.98903813733445, 75.64194235871385, 69.70915465657744, 75.06564855588495, 86.13450144008684, 68.4574692806879, 46.95334910016833, 38.01690500964372, 93.81095638204374, 75.0766571637416, 90.60543745115676, 38.71184825672974, 67.91839864158213, 47.19775581878111, 56.21826071946553, 30.90708400032882, 30.88414618200063, 68.99917554844517, 92.29719734879698], [75.81343117604037, 53.46280674226947, 50.34300362029014, 12.10041405250702, 22.918324465184604, 21.459577922980078, 51.33730940700972, 70.89800639180652, 22.64876790534758, 42.23457621205736, 46.57346965716609, 61.08563446913977, 39.265877584761796, 49.80680208976104, 74.93652612465192, 51.12948926009082, 37.28157683038408, 20.652728624098607, 37.335564994984026, 69.49163934143911, 74.61810267110863, 8.765317237693013, 42.0547614874262, 51.188615340091125, 51.346183484507236, 18.699198651591743, 57.84049177901424, 72.41393459062891, 16.740720733478867, 0.0, 9.33286004825293, 44.19325863973487, 65.06819175072206, 52.990197874822385, 58.386417224031185, 70.97279814079441, 52.39421111020682, 38.701497975070595, 27.815472154297584, 77.10933667018853, 67.09858799626326, 74.75316311956702, 23.43046529749171, 51.83214948860628, 40.19190264375577, 39.513452845414406, 15.448952754839022, 21.767300279291348, 53.50981961441405, 76.01130204859547], [66.49091258381712, 47.356015363991986, 41.07956192219203, 21.12394738034331, 17.160022178775815, 22.519044570427862, 48.59577328081984, 65.69786794622706, 25.801585491055338, 43.81266244479438, 47.13512389979887, 57.621285545780225, 41.97804581923046, 40.51774826372571, 74.74014996820422, 43.97526999454826, 28.303601186351827, 29.983980777381838, 39.730383854692086, 62.38109195913855, 73.3725275201466, 7.172922204783299, 45.33225134003279, 45.048095430930466, 42.10147695282458, 27.911876906761464, 52.7957353570641, 71.49711926353308, 25.19606378712645, 9.33286004825293, 0.0, 44.13708084522141, 65.3241794261735, 44.94359975290333, 50.128561581849034, 61.657913170196316, 46.927343943772435, 32.073718446925355, 20.74848657123927, 69.71683319349042, 59.85753236855, 69.37609526416499, 14.097824987607652, 42.775283995661844, 34.17939605905425, 32.38451899888068, 6.122695801900579, 16.23561464972673, 48.99675690818048, 69.83923108578114], [81.60937981275377, 33.25722006397239, 59.22520591503004, 43.06190505705045, 60.4762947650552, 22.735996439675535, 14.8635154594091, 39.85439389539191, 23.140947297493337, 7.744075473246048, 4.0476377086665725, 24.399098133284248, 13.185323530228892, 65.77346632447154, 30.786852372890657, 38.63198755969614, 61.35521654149173, 51.2233245537667, 12.303393537140064, 49.98728377666313, 30.807333144517735, 50.29430558716666, 15.942825430424781, 32.360433962434826, 68.16748098692966, 46.505798041069276, 29.73733644374225, 28.36734717816066, 55.98903813733445, 44.19325863973487, 44.13708084522141, 0.0, 21.187153356002145, 46.14691180394483, 51.284603397367086, 77.01167173579906, 29.07919965511463, 72.98048204139181, 62.1806609038887, 57.88980279954012, 97.11580018865403, 43.848874285081976, 47.768791469558614, 56.05967656997232, 75.92373149768075, 34.305010909365755, 45.513549371919886, 59.77278141375456, 24.530292435408033, 49.13453003531476], [95.45232108304344, 44.05395062439876, 75.89823134678174, 62.58322858908523, 81.57812992315176, 43.6606853167511, 23.99312013175729, 40.72355054674544, 43.10757676022708, 23.500008599676093, 18.496444740344817, 25.85827552568492, 28.229808976767984, 83.63103951187047, 10.239658967565155, 51.58020064597781, 81.04297985972484, 69.56515731965798, 29.182296507259327, 56.642949742051016, 14.247897845720914, 71.43914611195635, 27.849747245614587, 44.22902336600846, 86.05689991694035, 64.91709262163418, 36.76032205233542, 10.957854801803652, 75.64194235871385, 65.06819175072206, 65.3241794261735, 21.187153356002145, 0.0, 59.67843845171441, 63.75789744188508, 91.26682881370277, 39.68776086190066, 93.65347087333778, 83.05657756736083, 63.27745429010695, 116.69726277412673, 43.75309041523294, 68.29493339965173, 71.77768052794458, 96.70999836371548, 51.180248697312045, 66.56712579978998, 80.89948839579368, 33.45670558840279, 51.088661736795814], [35.89630238768019, 16.160219146744193, 19.415776502592237, 61.82116381063519, 49.93717486072058, 44.83936304782416, 35.79156761299502, 32.158018516986274, 50.455330861120615, 52.48254939272552, 50.055280699223104, 36.365501296849864, 55.7871152816558, 29.169328982527087, 64.42147042644257, 8.104871142445921, 35.21583746814639, 72.06536607065152, 53.53212489437855, 19.619903978687216, 58.28954528115041, 51.32338928748535, 59.740102390687326, 15.517850136937923, 31.333321698552137, 68.53367403386427, 24.934816744977248, 58.50012709708984, 69.70915465657744, 52.990197874822385, 44.94359975290333, 46.14691180394483, 59.67843845171441, 0.0, 5.810580238238825, 31.598891491644103, 20.21924245664357, 52.26313931916448, 46.78335949332538, 25.59090082653586, 65.01508163937821, 34.09156094973558, 34.147898164985506, 13.831212130346412, 55.972824568768104, 14.854840285877515, 40.205240164785685, 50.207875500005045, 26.518400859787025, 30.493057442734983], [31.768762074235774, 19.71675751627705, 19.827417311460522, 67.45961616177554, 53.969119589912324, 50.649668132535126, 40.13905751585313, 32.93406639651256, 56.26194852308516, 57.82772404407861, 55.12937431786623, 39.49824586053991, 61.300730179129374, 29.69223706634594, 67.86160353855323, 12.672919630039173, 37.823373024276286, 77.67861826530412, 59.0820228026371, 17.555624292412276, 61.30329950939882, 56.317002996706535, 65.21810778820111, 19.63700325816868, 31.609027940480612, 74.20663451310388, 27.869996344519034, 61.781047867395785, 75.06564855588495, 58.386417224031185, 50.128561581849034, 51.284603397367086, 63.75789744188508, 5.810580238238825, 0.0, 27.83918402442409, 24.07134220269483, 54.87974792100892, 50.37969977753403, 22.009569144206267, 65.13878813502998, 34.21199253866671, 38.67702514365048, 13.983182453160925, 58.569452305454604, 20.663669766394918, 45.15526890772152, 54.332649996375096, 30.31739731508296, 29.40261632399873], [4.9447997295161565, 47.41780507349488, 20.86556359668482, 82.24922840208393, 57.22681101432429, 70.81591705797507, 67.38805597868847, 59.54294479884735, 76.58266241970887, 82.73185148660069, 81.0098061226887, 67.33712466303923, 85.28558998303217, 22.85697859703, 95.68339814000032, 39.688188027603424, 36.99017590523451, 91.61545517833218, 82.8706846699856, 41.67129369208187, 89.12697836362995, 65.66777971938062, 89.35893306070098, 47.05064368195835, 22.494676139998315, 89.19419896709617, 55.709044094940644, 89.61866552703141, 86.13450144008684, 70.97279814079441, 61.657913170196316, 77.01167173579906, 91.26682881370277, 31.598891491644103, 27.83918402442409, 0.0, 51.67124507341915, 50.15121146321355, 51.68913643794252, 41.40463233332026, 47.18778095332998, 59.98191603253317, 47.612058364468275, 21.54276646448461, 53.17948975996653, 43.09412804286536, 55.58939859507746, 58.0988122483357, 57.96850840171416, 53.58486324654804], [55.78260951569424, 4.4319996548384415, 38.18077379873991, 57.746441889545224, 57.877073498357696, 36.71723368927855, 16.238448876532047, 18.787238238544614, 41.261157044533434, 36.42400620419573, 32.55777549218296, 16.46098058756779, 40.92051596684979, 47.16503681731399, 44.21069313205086, 12.163001868051897, 48.99837027235827, 67.84293926548247, 39.10042598887411, 21.297020283855115, 38.286739243339085, 54.08577851039242, 44.43786937490325, 4.7589925605308245, 49.5257789929635, 63.56250003303316, 6.355427271789163, 38.340442443929234, 68.4574692806879, 52.39421111020682, 46.927343943772435, 29.07919965511463, 39.68776086190066, 20.21924245664357, 24.07134220269483, 51.67124507341915, 0.0, 64.8887966764234, 56.65565766096465, 29.430121261325922, 82.51172892844254, 22.46035726145108, 41.500843190883515, 33.27011038229932, 68.47963883424262, 17.143834346218917, 44.38959426499944, 57.72800038034832, 6.304039346201242, 24.02143765404171], [53.822608245032434, 63.14351696906077, 36.382699625246175, 50.24318789874586, 15.830417855290444, 53.6984548344845, 73.00251958821708, 82.29924479215804, 57.667320252194884, 74.2910197082764, 76.52105613559442, 79.69942499206665, 73.29528629219419, 28.406456966506617, 102.12685538665554, 56.23753990964873, 17.081470359606058, 55.964293596540635, 70.91492109669318, 71.82796111844816, 99.06591497717353, 30.01848400921064, 76.88898041852616, 61.11207921206304, 27.983949157997365, 55.86393297561002, 71.2312143337163, 97.83540956131588, 46.95334910016833, 38.701497975070595, 32.073718446925355, 72.98048204139181, 93.65347087333778, 52.26313931916448, 54.87974792100892, 50.15121146321355, 64.8887966764234, 0.0, 11.352629033455834, 76.87052119184662, 28.532611153985897, 85.06882603273233, 25.383679208884157, 41.61592648927747, 3.709891869629822, 47.75855611256597, 28.248907470763342, 17.017052629027543, 69.37382388747866, 82.58154536459978], [55.9760337440382, 55.47586363049536, 34.254832626669405, 39.65128628261974, 6.026982963107122, 42.41161705946643, 63.226770574641336, 74.77859806869846, 46.31756732398258, 63.16593437960713, 65.62232813679579, 70.60093957569728, 62.02078841796004, 28.83492913395882, 91.79338498415417, 49.37717377246345, 14.765883796712108, 46.236767068545944, 59.658800532989126, 66.31422915008474, 89.15907280052625, 19.353152304460615, 65.58077783147554, 53.30867679196873, 29.37054034653744, 45.635551660093505, 63.000121815033566, 87.75421146579743, 38.01690500964372, 27.815472154297584, 20.74848657123927, 62.1806609038887, 83.05657756736083, 46.78335949332538, 50.37969977753403, 51.68913643794252, 56.65565766096465, 11.352629033455834, 0.0, 72.21792274850364, 39.328458976645074, 77.85874635971352, 15.44440255741275, 38.501196503873956, 13.823061856676796, 39.62214488247424, 16.99683737028267, 7.161536323901207, 60.57934269747997, 76.23636593453278], [43.35034111223386, 26.05883035745041, 41.21585160049684, 84.61555295240429, 75.51983579826965, 64.99370496750097, 43.564549480351566, 23.33451195161053, 69.99675828427664, 65.47523149355838, 60.99682208424981, 37.536648163750414, 70.22122962305278, 50.812292730079484, 64.01645043794869, 26.003835324641667, 59.82725049334809, 94.90897393568935, 68.47785369810585, 8.193246095556393, 56.04273753802204, 76.38661412827327, 73.60542252327747, 27.86887456569672, 52.45547098559566, 90.95494756692203, 28.296947295095276, 57.655350730027486, 93.81095638204374, 77.10933667018853, 69.71683319349042, 57.88980279954012, 63.27745429010695, 25.59090082653586, 22.009569144206267, 41.40463233332026, 29.430121261325922, 76.87052119184662, 72.21792274850364, 0.0, 85.12688084702908, 21.77592021588041, 59.68578776365148, 35.534147167583974, 80.55417460939105, 37.59619028430691, 65.39783216867617, 75.79828043623202, 33.365705515597284, 13.994376725837483], [48.4