instance_id,num_cities,city_coordinates,distance_matrix,best_route,total_distance
141,21,"[[95.25238770148786, 63.632302880130176], [5.851153318817193, 3.651801047353853], [56.824479570382536, 31.70964995411978], [80.73733559313617, 55.65073577502228], [72.97050916265911, 96.04048265822397], [49.9346684089204, 84.27847363989527], [46.27653703919437, 98.90601056526364], [98.01828139754763, 34.76857639393865], [61.4928260757154, 10.030412842991366], [13.493905132772898, 78.22439809718054], [69.11864989926539, 80.28087450949555], [32.34207448440941, 77.00967662385564], [22.731132979769207, 74.31832935838226], [68.02272402733138, 34.52836379528744], [82.312051550742, 16.61393611759019], [78.0590094059408, 73.28437038904634], [95.86934691488477, 5.661832477558393], [40.271767953357696, 76.69336766536036], [51.203002345543524, 60.04192429824844], [85.79191978447189, 26.13217914996354], [36.59830741604909, 57.894124760385864]]","[[0.0, 107.65798302614117, 49.95758093790362, 16.564786481011627, 39.32902525805038, 49.799197271856904, 60.35617948438683, 28.995945830539434, 63.34722264407374, 83.0504588473919, 30.986241927885047, 64.31688454325374, 73.30432148452304, 39.85591366487429, 48.76657782447959, 19.71736961185401, 57.97375334896341, 56.51070660691176, 44.19546547551817, 38.675053109035225, 58.93409728047601], [107.65798302614117, 0.0, 58.18524619199807, 91.16923553718571, 114.19578108970141, 91.89133058153107, 103.47741821200214, 97.27812295809848, 56.00609284377186, 74.9632168869876, 99.37198308991992, 77.99453066272748, 72.65460712774883, 69.41661423240734, 77.55182721259256, 100.31285657294565, 90.04063196496075, 80.74558294936155, 72.36460606120964, 83.04151698248674, 62.35075915230125], [49.95758093790362, 58.18524619199807, 0.0, 33.837852671952504, 66.3260907034186, 53.01839983955342, 68.01918825613942, 41.30721898094778, 22.17617597365202, 63.57012250975771, 50.10299870151807, 51.49252931321652, 54.569733757119494, 11.54754634699405, 29.6225741907822, 46.68364420843251, 46.936025196452604, 47.93252675377095, 28.884576778972455, 29.49950462512983, 33.08662510587499], [16.564786481011627, 91.16923553718571, 33.837852671952504, 0.0, 41.129736761742805, 42.05177381420962, 55.304298514262406, 27.105270120623867, 49.513281157573104, 70.9312989498468, 27.233023910912976, 52.89901371449002, 60.93602047899487, 24.653923527900872, 39.0685481921408, 17.835876789940105, 52.22899787976717, 45.60980729274965, 29.858991560773937, 29.948188702726245, 44.196002110568074], [39.32902525805038, 114.19578108970141, 66.3260907034186, 41.129736761742805, 0.0, 25.864934088043892, 26.847335024436518, 66.19393772234899, 86.77251476513459, 62.08767426803912, 16.223503591593868, 44.8646997395787, 54.734329841770695, 61.71078791227188, 79.97400020981702, 23.31809341119668, 93.23442056923975, 37.993664408950536, 42.068046746072454, 71.07432356158016, 52.70751066751357], [49.799197271856904, 91.89133058153107, 53.01839983955342, 42.05177381420962, 25.864934088043892, 0.0, 15.078022470509483, 69.0164021327196, 75.14230193939515, 36.94023631252401, 19.5960696219745, 19.03509314537567, 28.969584290314568, 52.93629365194803, 75.01189623799512, 30.196835311121745, 91.05257249025941, 12.284359074002973, 24.269713532814336, 68.31349822047875, 29.56336229740874], [60.35617948438683, 103.47741821200214, 68.01918825613942, 55.304298514262406, 26.847335024436518, 15.078022470509483, 0.0, 82.40642311935538, 90.16877132651925, 38.76119256410841, 29.473001425170366, 25.95416511399202, 34.0432095938797, 67.95129176228254, 89.83620552435076, 40.82393899493963, 105.61213726943541, 23.009970803389642, 39.175084706796255, 82.80999947088694, 42.1383780645466], [28.995945830539434, 97.27812295809848, 41.30721898094778, 27.105270120623867, 66.19393772234899, 69.0164021327196, 82.40642311935538, 0.0, 44.1144604675222, 95.04093130253491, 53.912503007148814, 78.08760915235679, 85.04315184910017, 29.99651919877513, 24.00576221585771, 43.38016742139793, 29.185963421215288, 71.36068902492664, 53.20162090584547, 14.96901051003148, 65.62929369676964], [63.34722264407374, 56.00609284377186, 22.17617597365202, 49.513281157573104, 86.77251476513459, 75.14230193939515, 90.16877132651925, 44.1144604675222, 0.0, 83.39254185198708, 70.66314848168595, 73.04784798311738, 75.06933502805384, 25.3532871265172, 21.83535958227345, 65.38731968332058, 34.65298947298909, 69.9591513204791, 51.05910056431975, 29.149834189430194, 53.95064390540493], [83.0504588473919, 74.9632168869876, 63.57012250975771, 70.9312989498468, 62.08767426803912, 36.94023631252401, 38.76119256410841, 95.04093130253491, 83.39254185198708, 0.0, 55.6627462992246, 18.887271803141036, 10.029145092655767, 69.87657335436374, 92.36766913668214, 64.7538150502515, 109.77722595374722, 26.82159561661493, 41.86380735254544, 89.11005665704673, 30.775532795001983], [30.986241927885047, 99.37198308991992, 50.10299870151807, 27.233023910912976, 16.223503591593868, 19.5960696219745, 29.473001425170366, 53.912503007148814, 70.66314848168595, 55.6627462992246, 0.0, 36.921771827088754, 46.769152981806386, 45.7656343796358, 65.0195731402157, 11.352581116911871, 79.26916944553835, 29.06910393111305, 27.029345773113334, 56.65756028814104, 39.480871818577484], [64.31688454325374, 77.99453066272748, 51.49252931321652, 52.89901371449002, 44.8646997395787, 19.03509314537567, 25.95416511399202, 78.08760915235679, 73.04784798311738, 18.887271803141036, 36.921771827088754, 0.0, 9.980658631021639, 55.47765939045637, 78.38778016572455, 45.86846460437329, 95.53129961839814, 7.935999613703713, 25.370045698935066, 73.7929922947058, 19.583662625090763], [73.30432148452304, 72.65460712774883, 54.569733757119494, 60.93602047899487, 54.734329841770695, 28.969584290314568, 34.0432095938797, 85.04315184910017, 75.06933502805384, 10.029145092655767, 46.769152981806386, 9.980658631021639, 0.0, 60.28739154360458, 82.94385364238184, 55.33753681706464, 100.31407130390687, 17.700697224580985, 31.85063714626024, 79.36351746449029, 21.49541866359109], [39.85591366487429, 69.41661423240734, 11.54754634699405, 24.653923527900872, 61.71078791227188, 52.93629365194803, 67.95129176228254, 29.99651919877513, 25.3532871265172, 69.87657335436374, 45.7656343796358, 55.47765939045637, 60.28739154360458, 0.0, 22.91531365900859, 40.03442357891984, 40.10874015173058, 50.477748705572054, 30.558874439204335, 19.652995559302227, 39.15932513256008], [48.76657782447959, 77.55182721259256, 29.6225741907822, 39.0685481921408, 79.97400020981702, 75.01189623799512, 89.83620552435076, 24.00576221585771, 21.83535958227345, 92.36766913668214, 65.0195731402157, 78.38778016572455, 82.94385364238184, 22.91531365900859, 0.0, 56.829802815080114, 17.42839154175178, 73.32750875388922, 53.42062429315902, 10.1344182540216, 61.593833921886755], [19.71736961185401, 100.31285657294565, 46.68364420843251, 17.835876789940105, 23.31809341119668, 30.196835311121745, 40.82393899493963, 43.38016742139793, 65.38731968332058, 64.7538150502515, 11.352581116911871, 45.86846460437329, 55.33753681706464, 40.03442357891984, 56.829802815080114, 0.0, 69.92864760434826, 37.94070214197058, 29.943404844736627, 47.78207866522166, 44.2249869418309], [57.97375334896341, 90.04063196496075, 46.936025196452604, 52.22899787976717, 93.23442056923975, 91.05257249025941, 105.61213726943541, 29.185963421215288, 34.65298947298909, 109.77722595374722, 79.26916944553835, 95.53129961839814, 100.31407130390687, 40.10874015173058, 17.42839154175178, 69.92864760434826, 0.0, 90.20293663467497, 70.37241450748866, 22.816433342159993, 79.00169922470819], [56.51070660691176, 80.74558294936155, 47.93252675377095, 45.60980729274965, 37.993664408950536, 12.284359074002973, 23.009970803389642, 71.36068902492664, 69.9591513204791, 26.82159561661493, 29.06910393111305, 7.935999613703713, 17.700697224580985, 50.477748705572054, 73.32750875388922, 37.94070214197058, 90.20293663467497, 0.0, 19.91889684558464, 68.03321252753821, 19.154786506755887], [44.19546547551817, 72.36460606120964, 28.884576778972455, 29.858991560773937, 42.068046746072454, 24.269713532814336, 39.175084706796255, 53.20162090584547, 51.05910056431975, 41.86380735254544, 27.029345773113334, 25.370045698935066, 31.85063714626024, 30.558874439204335, 53.42062429315902, 29.943404844736627, 70.37241450748866, 19.91889684558464, 0.0, 48.43824961348866, 14.76178027334248], [38.675053109035225, 83.04151698248674, 29.49950462512983, 29.948188702726245, 71.07432356158016, 68.31349822047875, 82.80999947088694, 14.96901051003148, 29.149834189430194, 89.11005665704673, 56.65756028814104, 73.7929922947058, 79.36351746449029, 19.652995559302227, 10.1344182540216, 47.78207866522166, 22.816433342159993, 68.03321252753821, 48.43824961348866, 0.0, 58.556235251372385], [58.93409728047601, 62.35075915230125, 33.08662510587499, 44.196002110568074, 52.70751066751357, 29.56336229740874, 42.1383780645466, 65.62929369676964, 53.95064390540493, 30.775532795001983, 39.480871818577484, 19.583662625090763, 21.49541866359109, 39.15932513256008, 61.593833921886755, 44.2249869418309, 79.00169922470819, 19.154786506755887, 14.76178027334248, 58.556235251372385, 0.0]]",Route_1,1023.5087152768737
