instance_id,num_cities,city_coordinates,distance_matrix,best_route,total_distance
1420,92,"[[47.56300290986525, 53.35255734016068], [18.82281263088279, 85.35445902572715], [96.50116861113183, 10.450873372842672], [16.32374717607722, 84.61415495061588], [65.95693199845034, 76.62231803489544], [72.78798762910132, 97.42689901848897], [67.3793892333262, 3.85331078576322], [11.31327749726756, 55.727140960634514], [75.25285341758368, 52.40850696036331], [10.63389296212225, 54.02974535723224], [83.12968010731183, 55.326032464409735], [33.374910091718256, 45.65451649769523], [65.68937646049334, 24.986893935830167], [63.83762438978478, 97.58860755267843], [78.44067134054538, 30.986637486751], [63.119825603592275, 86.69000392728249], [72.67277183202542, 48.71296739791593], [1.063615565583631, 34.209163704434154], [81.51284534369032, 80.37527932120396], [63.27794377202588, 64.97890222548041], [16.402433043460462, 29.88941460179553], [28.034240852008953, 65.95791188331118], [62.411892514869194, 81.41370244737041], [18.94879734819489, 28.776058757695754], [19.074249622298368, 9.2896858942491], [90.28749765284107, 86.44906016891065], [38.013879483876366, 53.339179760379], [23.13589158483611, 81.66427085160282], [39.044723462982155, 2.5013761927724087], [48.25374898541377, 72.27573732607253], [19.818021892088765, 94.3188511733086], [82.40704904299483, 40.46291401891868], [88.55738956769018, 79.33879370676074], [73.81233182620723, 51.49929229550689], [76.41270266320149, 99.76198095158877], [14.99017329573007, 6.788555817535691], [73.29084337465088, 97.9988645401879], [58.224409023972946, 13.210921272875941], [84.60669916387621, 8.500776181554414], [54.742977814156724, 86.86905950149061], [35.09182762560439, 38.9017146337411], [84.76527946352077, 15.469017741601244], [67.56666518670255, 76.43077757690551], [33.71492573424434, 60.74339892965901], [89.61728140491454, 90.90719549708591], [11.580243207662965, 19.569197192230302], [44.118674079169814, 70.6353491826295], [18.534162019102197, 58.4037146839296], [51.43160150256206, 17.200101021977954], [61.70780752703361, 49.47668452005988], [28.492543642723934, 53.462132678815436], [61.3970184843907, 45.10565985797387], [55.876446147507444, 59.04448082667707], [13.79428629084769, 98.33613739443562], [99.3814939120923, 14.359110900923632], [92.50669676831501, 36.6828023332465], [17.14909907342029, 35.67874868479378], [17.919837830973627, 10.661732101404553], [85.34199383921849, 19.84702102707232], [24.31888438693176, 89.58476982279116], [91.35914701912856, 76.2759254644094], [41.20624555378566, 95.05689119843966], [19.99496454652393, 37.899175455475884], [39.501651455676644, 77.23980216613961], [20.766423914792497, 30.40988394627393], [65.7078157255003, 44.7984212552454], [65.09634138324913, 9.565783634271053], [67.60896683120428, 69.36106722177074], [84.64461467285848, 60.8485527748164], [9.506130192823491, 4.379125707164833], [16.219567616938523, 40.261962655103254], [55.903628271831266, 32.296332666777204], [92.18304426172608, 16.338899697413478], [96.90100908477575, 34.66845632152273], [25.360704638146746, 68.66874980865785], [51.476844008845376, 63.09110859965686], [6.4612283661536924, 71.99453275854401], [52.67566442767113, 32.268526930335995], [43.44156006154287, 40.52804563513291], [86.95290625865508, 78.48394732242689], [66.26839481659005, 2.4845599024487686], [99.43666016868934, 98.50678398669723], [82.79220424837122, 70.9479952817851], [44.50253490042779, 15.156931733573941], [85.54848401226016, 56.77698390379313], [97.59444279189653, 42.88647358888256], [57.553467775640144, 4.089237839402838], [29.300939197339403, 63.04321198875127], [23.083145987774746, 93.5214812109211], [63.01452212861891, 92.86108680576265], [18.004432098209257, 42.426950079732975], [50.45850525202844, 84.97029666625039]]","[[0.0, 43.01302417599558, 65.0807079666183, 44.194780053293925, 29.661732756299315, 50.78235371134071, 53.318520012971845, 36.32741719224411, 27.705938934809453, 36.93531839774711, 35.621385864862084, 16.141927103930943, 33.66268376800467, 47.13482197610435, 38.126956062662096, 36.788586236403, 25.534805465412486, 50.28580856748663, 43.3914658031543, 19.548177963524022, 39.0064120569938, 23.24365527775037, 31.747714677272047, 37.719716893150554, 52.47042694641223, 54.044064896490006, 9.549132796459082, 37.39300589200261, 51.559710131261276, 18.935782817726352, 49.477481767977956, 37.151722111855065, 48.536833620994095, 26.314670050829875, 54.6455833146891, 56.82601047821767, 51.528773724790526, 41.53331826965271, 58.17145094682557, 34.27693038702108, 19.088139456124026, 53.095875106172684, 30.540968448650453, 15.696935397172625, 56.38185157332765, 49.35660461043894, 17.62266424137016, 29.465026624334612, 36.35885246964659, 14.666215864205176, 19.0707740643776, 16.105629605759344, 10.075283194126888, 56.24809949318177, 64.85094351632468, 47.93554369810146, 35.176257034526046, 51.97329887028951, 50.49626836973042, 43.047209750396874, 49.432611148908386, 42.186014585960436, 31.603856582331257, 25.21082808327021, 35.27637890001939, 20.060096616758447, 47.166720360790734, 25.653714315187056, 37.8316782405663, 62.02195229846313, 33.96725784001909, 22.647971850138674, 57.973778058155474, 52.757316878231926, 26.9727232640385, 10.495595875504195, 45.1317971960092, 21.69506040826034, 13.470500793377425, 46.724204094534926, 54.19819969064684, 68.7733996647886, 39.37887839066201, 38.31804118056316, 38.139526371864044, 51.114419548284786, 50.26613210172463, 20.673939115674195, 47.04047023426709, 42.42255705048734, 31.513140155128813, 31.75004525833046], [43.01302417599558, 0.0, 107.90956459671818, 2.6064109942656635, 47.936160618471206, 55.29904085937825, 94.86926950167546, 30.564212629367145, 65.3435938763853, 32.37740094193179, 70.97238622435799, 42.2829632031471, 76.42458845213305, 46.64769734798154, 80.68549495429305, 44.317141587521895, 65.13383924409558, 54.14083776509563, 62.88745846401183, 48.90216763801284, 55.51782948113083, 21.472690816963873, 43.76685329724322, 56.57854053471662, 76.06518870090231, 71.47306735372679, 37.32660114977387, 5.676278606929202, 85.28516291023801, 32.20610153373845, 9.019466062312674, 77.83447779236181, 69.9935672028889, 64.57568842578426, 59.3647380351227, 78.6593304776507, 55.91643196698257, 82.20204278374744, 101.16327542195559, 35.952083130117344, 49.219287992063315, 96.08529458481442, 49.55396303610378, 28.76594013300435, 71.0118982376736, 66.18274311595052, 29.266581641594357, 26.952290065087492, 75.5536208700878, 55.913661038447394, 33.32602853115387, 58.58778745184874, 45.444325384131524, 13.92156781476211, 107.37802654700606, 88.3076720719623, 49.70389838784025, 74.69818484327914, 93.35965885635513, 6.935584631982766, 73.10225426146158, 24.395804136780953, 47.46975751830107, 22.21400529149691, 54.97894101821727, 61.99190039693117, 88.79843906729204, 51.34079686810876, 70.23566804146922, 81.5095404091074, 45.16757812344331, 64.73138080807722, 100.72175045307227, 93.08746226868215, 17.92085165317869, 39.52141871728505, 18.2015492581969, 62.96135132930199, 51.141862133863285, 68.47564230289632, 95.49085531946521, 81.67971637271812, 65.57155832765541, 74.74718037339977, 72.58779033446548, 89.49022016560006, 90.02277390974093, 24.649196349732158, 9.211443517999571, 44.824732558714736, 42.9353091406673, 31.638025038520468], [65.0807079666183, 107.90956459671818, 0.0, 109.21818183049207, 72.88079636580946, 90.15067381555535, 29.85977002959025, 96.47236495032618, 47.031201503140544, 96.2928196223104, 46.82495710944372, 72.27877284460365, 34.06849614147568, 93.05853985043828, 27.347745234350597, 83.22691324736205, 45.0752740673429, 98.35030701935821, 71.5127427917609, 63.852083750366994, 82.42368788551894, 88.14052144715043, 78.72611926818102, 79.68803365558496, 77.43562578338101, 76.25178098292491, 72.52702816361887, 102.24388418684512, 58.003772243521176, 78.42274735926755, 113.64040958687949, 33.156700531606894, 69.34442438598265, 46.90155659147664, 91.54245136046725, 81.59322843951793, 90.57245693377641, 38.37614088080819, 12.053268539577457, 87.08321118234706, 67.6798162580959, 12.763732486648193, 72.04549428795406, 80.44532566581186, 80.75027970742833, 85.40905924231186, 79.7878240202717, 91.53321313451133, 45.57211815588262, 52.28376336136012, 80.46826391304327, 49.32804052920419, 63.33803565491954, 120.68242629018704, 4.854955655333359, 26.534315560924675, 83.2658191136865, 78.58161368019906, 14.588172343723956, 107.10955010256728, 66.02558495697029, 101.0727795611809, 81.28104666891853, 87.80493132684018, 78.32058259033853, 46.13008375748932, 31.41729709982206, 65.61379628561612, 51.77358361554, 87.20666734326343, 85.6378216816949, 46.10189121244471, 7.30171568165795, 24.220883474402065, 91.92544126077087, 69.26892644343773, 109.06334329142152, 48.95594778665134, 60.99146129361958, 68.6998432675164, 31.264720718735227, 88.10482679580976, 62.030939563776414, 52.211156787362754, 47.603254267415366, 32.45401993296198, 39.463829097431535, 85.33360952377863, 110.86447552084296, 88.95391374585056, 84.75970224549002, 87.59606895963883], [44.194780053293925, 2.6064109942656635, 109.21818183049207, 0.0, 50.27248246207185, 57.89971382041314, 95.54576147636035, 29.318328459508912, 67.15536705948985, 31.109171495748946, 72.94399765285442, 42.527586166605154, 77.41043605853017, 49.25347650879526, 82.06352964009909, 46.84209757438353, 66.81397943073587, 52.66435947865732, 65.32676776412804, 50.89439780124072, 54.724796917956056, 22.02705308297939, 46.199134591409205, 55.89976632201549, 75.3746701639896, 73.98650729524343, 38.06029312393383, 7.423417517787552, 85.19830514021184, 34.23100298007462, 10.314605400387542, 79.47537267256399, 72.42602107953049, 66.34403887118944, 61.96885672730579, 77.83702396493096, 58.518377456101135, 82.78941504159599, 102.25364521527182, 38.48534626783943, 49.415261240671015, 97.2897391378281, 51.89223748774208, 29.534151158516487, 73.5632008484763, 65.21769207575906, 31.112135449810417, 26.30348100065455, 76.00800025328245, 57.39646994543697, 33.444403105294384, 59.93764235368416, 47.098027885772495, 13.953170770774769, 108.78584699899258, 90.00697957549762, 48.942366025310925, 73.96964479194963, 94.64829638786131, 9.4143099177731, 75.49726684172899, 26.984985934001813, 46.85901350020528, 24.322753252544956, 54.386031034787486, 63.43562781430305, 89.50432382255858, 53.5054244010687, 72.33633099826882, 80.52415674210935, 44.35231464984294, 65.60275540003907, 102.05950927874716, 94.80120225108539, 18.32818990823796, 41.21870620433767, 16.01637104798488, 63.730107960870754, 51.758678598548485, 70.89469344229367, 96.12355700196962, 84.26601597115936, 67.85882187059666, 74.95565311993487, 74.61214567299919, 91.35713085307297, 90.46630387324197, 25.173658713439483, 11.18167846984972, 47.413503885415686, 42.220669779449594, 34.13661591056343], [29.661732756299315, 47.936160618471206, 72.88079636580946, 50.27248246207185, 0.0, 21.89734940425324, 72.78290871220598, 58.502456377568905, 25.936900388902234, 59.75837170146603, 27.35754113055637, 44.95100536782453, 51.63611728099066, 21.073128882148573, 47.312356600085565, 10.459802671346802, 28.705998635269637, 77.52430701345027, 16.002223546155875, 11.94764033724889, 68.11470201041428, 39.39365510274887, 5.96025750519702, 67.07480339231391, 82.04675044004334, 26.240070236778088, 36.37194951803507, 43.11685042196713, 78.85544361564337, 18.228972890741215, 49.41625553319342, 39.72541817992416, 22.76312637611201, 26.32249472895574, 25.3922653595945, 86.4544090147637, 22.59962381472078, 63.88111732633578, 70.6283107528496, 15.190407470857298, 48.73908686971732, 63.98031002682495, 1.6210887342794063, 35.94004785600239, 27.63819563838724, 78.8154989944103, 22.644056725485857, 50.80193520500954, 61.171767186709936, 27.476180187488882, 44.04514253123347, 31.844819891100364, 20.263182274995362, 56.50160668862098, 70.66759017913914, 47.95888785008895, 63.70698883140085, 81.59878254449917, 59.99345775079925, 43.60908351768711, 25.404576669758892, 30.861464113100222, 60.09978555101506, 26.462485810089706, 64.63567966111545, 31.824871801144287, 67.06205650014839, 7.44681022047269, 24.454879967389957, 91.68299658169795, 61.610720324989416, 45.45175348294371, 65.74115522941317, 52.13120389353434, 41.36801812292775, 19.81833940992513, 59.67541493166254, 46.29957725113188, 42.541021068205914, 21.07834430735428, 74.13841237841721, 39.99777554250569, 17.76581916027014, 65.10211108720146, 27.88666701283805, 46.24974907705989, 73.01825753597393, 39.09033038038341, 46.08408882617887, 16.503193237545684, 58.89622599345032, 17.603692193507722], [50.78235371134071, 55.29904085937825, 90.15067381555535, 57.89971382041314, 21.89734940425324, 0.0, 93.72976769071015, 74.28330773381448, 45.08582024156089, 75.80530607926153, 43.352434394371244, 65.06742866325024, 72.78698109482711, 8.951823935139624, 66.6802908328043, 14.448331154533694, 48.71406787175304, 95.60788464422696, 19.15413470874268, 33.812918094163244, 87.9809216095478, 54.7100996334506, 19.081032840097386, 87.24446273899906, 103.21498916325646, 20.657826528419655, 56.15127413227345, 52.09406000991332, 100.74454208700408, 35.13559164584379, 53.06107077310271, 57.77042434944998, 23.996949624253098, 45.93902850882954, 4.311747524232008, 107.4983562661711, 0.7615828640696453, 85.4659507022378, 89.70806689006176, 20.90670596933288, 69.6146370117519, 82.82843607773404, 21.635603149374358, 53.59462048197106, 18.048037649551286, 99.03640598702438, 39.23922376948387, 66.83028137700153, 83.02068624842137, 49.213752768302655, 62.40983125479821, 53.54686027534731, 41.942940544682884, 59.00070772466515, 87.22082319703368, 63.86448756721528, 83.11750711699742, 102.65820986369917, 78.58906120502239, 49.09941913528212, 28.146965082849874, 31.670544194548643, 79.56540176981483, 38.92941118455779, 84.83821898455548, 53.10259415377712, 88.19714858503185, 28.539677133190033, 38.45198328794952, 112.52769258622943, 80.42273367712887, 67.28352149077931, 83.37524726006791, 67.23139098271142, 55.46510901349604, 40.41177237005497, 71.03551399057373, 68.19178101308822, 64.02103035189768, 23.65333673588613, 95.16592272061531, 26.670543670250797, 28.305771377281104, 86.99663414826469, 42.60570228005386, 59.916760791837085, 94.57277403961133, 55.43790503856869, 49.85803416542836, 10.787366177663609, 77.62881127437223, 25.568979748707303], [53.318520012971845, 94.86926950167546, 29.85977002959025, 95.54576147636035, 72.78290871220598, 93.72976769071015, 0.0, 76.38261020815929, 49.18941465208429, 75.74777840550924, 53.82854948466067, 53.88548413685551, 21.2010490290724, 93.80218525273605, 29.301354571384984, 82.94613681744303, 45.170883218025175, 72.93325471670136, 77.81623384720294, 61.263037663237434, 57.2409710286496, 73.5188559393672, 77.71930505575682, 54.46710564016243, 48.61008832702379, 85.71370513239961, 57.54289175057049, 89.5099580523845, 28.36689992686602, 71.04518680780981, 102.20615275500165, 39.573900594257786, 78.40003718097671, 48.07829348500359, 96.33313949259352, 52.47137895989222, 94.3309630068105, 13.091162540514558, 17.843181948528798, 83.97198001945239, 47.653722277104244, 20.909180452143, 72.57770841037954, 66.10429813333809, 89.84933328393402, 57.97011111542107, 70.71705255398675, 73.22296625419006, 20.795882840481383, 45.974548066843056, 63.03349878916701, 41.68387054669033, 56.377149184050204, 108.62029175674532, 33.68243666854297, 41.341953258453835, 59.463775082090024, 49.92596344321495, 24.05106923840557, 95.93794945819907, 76.28934329483644, 94.88480663500037, 58.34727589191825, 78.50315522780882, 53.64718178820191, 40.979217041692785, 6.151800836395853, 65.5081587220457, 59.5528808612027, 57.875647670680074, 62.79265306358225, 30.67080995619795, 27.768889665209716, 42.67433928069115, 77.24384111914519, 61.33520713632913, 91.40157796987147, 31.994124956048186, 43.79561441205103, 77.15474372071, 1.7628918215798108, 99.93472173785851, 68.84222217729986, 25.51709839892533, 55.955617960933715, 49.361293135027296, 9.828753434045144, 70.3804856587579, 100.01268896027254, 89.1147364742114, 62.65630088407648, 82.86302983263221], [36.32741719224411, 30.564212629367145, 96.47236495032618, 29.318328459508912, 58.502456377568905, 74.28330773381448, 76.38261020815929, 0.0, 64.02564096124009, 1.8283093778253152, 71.81752273556722, 24.252286413943168, 62.46377290561718, 67.16538842083988, 71.54145313265433, 60.35409936188558, 61.75909791913352, 23.834406116204505, 74.40100839683751, 52.781830467962244, 26.334152873551655, 19.602532723678614, 57.19150197126254, 28.0118188503258, 47.08152420395997, 84.7393873533485, 26.807172643552395, 28.504541933603072, 60.016790404628765, 40.47782696035858, 39.51772734305777, 72.71396686142397, 80.77229100967521, 62.641890906540915, 78.59390746084568, 49.076518606366974, 75.02077903135608, 63.31100376438208, 87.19091231227046, 53.44116353542576, 29.129270799104212, 83.7610474980425, 59.942340592243085, 22.95640842433865, 85.84377243083209, 36.15892930175903, 36.03399391250217, 7.700988259561545, 55.622052528009306, 50.78067410577091, 17.32793836014927, 51.197626625454184, 44.68647159864558, 42.68116659288377, 97.30017807542568, 83.39699135267844, 20.880489609074786, 45.54709337699235, 82.2656298200156, 36.269613214590855, 82.64135630598867, 49.40059506722712, 19.82947412500775, 35.45954058588406, 27.024534777167855, 55.481552821290364, 70.87657491143166, 57.92312649432191, 73.50995763113079, 51.37980587595203, 16.224778049645415, 50.371640428937056, 89.95194676241103, 88.1403880013295, 19.10014263961254, 40.83307598404146, 16.975582955452104, 47.55158908809398, 35.54207421132877, 78.98876929632867, 76.51690896343094, 97.95829944875113, 73.08153922677964, 52.416301698047114, 74.24262964448997, 87.23142910184987, 69.3154256694555, 19.41857020289292, 39.58461770989163, 63.65491835247097, 14.888472969452566, 48.862163394542776], [27.705938934809453, 65.3435938763853, 47.031201503140544, 67.15536705948985, 25.936900388902234, 45.08582024156089, 49.18941465208429, 64.02564096124009, 0.0, 64.63929504785746, 8.399782959504074, 42.41908207840203, 29.041435094981853, 46.59988136560881, 21.657762461862003, 36.36524987165601, 4.507087046613433, 76.38886769685601, 28.658818105392985, 17.361258541377456, 63.01175683048937, 49.124166622792245, 31.72052398912318, 61.06258541788615, 70.81855868710701, 37.212898167499674, 37.25060176018667, 59.766858973314136, 61.658335821385336, 33.52101553568112, 69.49458610789449, 13.924069296342351, 30.037493677280725, 1.7034593514409788, 47.36767620762313, 75.58287211890554, 45.63255622540598, 42.736619452106964, 44.89302008541859, 40.10217797960409, 42.37146954754492, 38.144621023447876, 25.221954228309162, 42.36590445589659, 41.091188963703516, 71.64231680363146, 36.07706890078381, 57.03466024800083, 42.50980935644208, 13.858710293478762, 46.772178668471575, 15.662558459484478, 20.481242829727456, 76.72354730172634, 45.05494237707274, 23.345082916770693, 60.46429591788755, 70.92156151255458, 34.08872424470257, 63.058256569871496, 28.793512457261045, 54.57156938507296, 57.13103345122603, 43.52863038641894, 58.759768672780325, 12.207421881074335, 44.03014511331608, 18.596190512093628, 12.626937587006122, 81.42145342818633, 60.26995413122777, 27.90863788429316, 39.84529997531109, 27.988426902196704, 52.474965529431124, 26.06562105893987, 71.5255205069039, 30.2547229089299, 33.957381322539895, 28.580059946742534, 50.72593997349308, 52.05677337072909, 20.013856154420406, 48.30385021697223, 11.184077974840676, 24.286122277918345, 51.45891585027847, 47.16646448002551, 66.42254907061975, 42.263317059677924, 58.11207466027919, 40.92712853114895], [36.93531839774711, 32.37740094193179, 96.2928196223104, 31.109171495748946, 59.75837170146603, 75.80530607926153, 75.74777840550924, 1.8283093778253152, 64.63929504785746, 0.0, 72.50737558390091, 24.23423855907589, 62.24623267254853, 68.76053747309366, 71.61524987313264, 61.81800397220432, 62.26628798397404, 22.010126453565277, 75.61688336975666, 53.77062508285748, 24.819984360427966, 21.096285534732292, 58.57339279569515, 26.58733386064008, 45.52924929429703, 85.99830645474373, 27.38869370333303, 30.330957269122862, 58.8417209002035, 41.81112041239947, 41.322636310637854, 73.04412944495638, 81.93057580413266, 63.22909401533853, 80.11422581632132, 47.441618516556886, 76.5452603152085, 62.697955458395086, 86.8611713688117, 54.991198568036914, 28.758440179781186, 83.5607095402296, 61.18126181832786, 24.03762089139299, 87.16835422745119, 34.47353997807092, 37.376150749677706, 9.030274571881202, 54.962493793604416, 51.2764576776795, 17.86766879826393, 51.541577534915014, 45.51962423571745, 44.41896510891054, 97.2105751065242, 83.69033657098494, 19.47323777764095, 43.97578386327624, 82.15691680737596, 38.09775262457883, 83.73445630043332, 51.165373436189164, 18.650065591405852, 37.04125021533276, 25.701479268316405, 55.842226972269415, 70.30790979772378, 59.00176668966304, 74.32417549318758, 49.663425984314415, 14.857711865644013, 50.21643318859622, 89.83798708919271, 88.41309200137539, 20.764860545400982, 41.836048499065804, 18.443012666177392, 47.33984764851412, 35.47730141783819, 80.14112417673516, 75.84262614231395, 99.31836904012606, 74.11510688242201, 51.55754596336819, 74.96494695416727, 87.67160163017415, 68.52372429910446, 20.72923529378838, 41.4075005480197, 65.20432033669546, 13.745897766539272, 50.431314273448514], [35.621385864862084, 70.97238622435799, 46.82495710944372, 72.94399765285442, 27.35754113055637, 43.352434394371244, 53.82854948466067, 71.81752273556722, 8.399782959504074, 72.50737558390091, 0.0, 50.68604699913993, 34.994678423291326, 46.45760074411632, 24.786951226266048, 37.203400156221235, 12.372532491427696, 84.73937157893685, 25.101372925508887, 22.0741779042823, 71.41111278371822, 56.11189077827292, 33.31355951959258, 69.45564639082065, 78.88246560642189, 31.935516365172766, 45.159528889937434, 65.52066439391584, 68.80354433129924, 38.77657883976941, 74.35594109972838, 14.880674903370894, 24.618544483141875, 10.072582554225972, 44.940753264046606, 83.65930329480064, 43.79238867222842, 48.928060644274986, 46.8485454549929, 42.43545005938116, 50.768036078393905, 39.89056038548724, 26.222465553081033, 49.710821851679334, 36.16777755619687, 79.98670632885573, 41.90744289152579, 64.66879529516973, 49.581799438764854, 22.2061139378268, 54.668919903915594, 24.0159238304666, 27.50573793757738, 81.5920704589362, 44.072782012644446, 20.86860012516997, 68.84368404934972, 79.0393778860996, 35.547919554020346, 68.06152201247657, 22.508268311092287, 57.75911616798888, 65.49570714292213, 48.8223123844862, 67.15646044805817, 20.355636966441406, 49.18538073994129, 20.925456774930204, 5.726539733271928, 89.53219761707271, 68.58490615794462, 35.65985097160882, 40.02449155084704, 24.827101198180827, 59.28981896485683, 32.59138598560309, 78.4594825017464, 38.19811032590019, 42.35713974015264, 23.471388514007568, 55.46642375502124, 46.157284373668446, 15.62560757931755, 55.72802706320884, 2.8206156083454643, 19.078049809638845, 57.26562459870572, 54.3791155478264, 71.16514993110117, 42.585207348515866, 66.3903927885187, 44.115621569836605], [16.141927103930943, 42.2829632031471, 72.27877284460365, 42.527586166605154, 44.95100536782453, 65.06742866325024, 53.88548413685551, 24.252286413943168, 42.41908207840203, 24.23423855907589, 50.68604699913993, 0.0, 38.35851090772958, 60.20902570306974, 47.3927158075583, 50.68206021258743, 39.41669772151592, 34.27850426312131, 59.35311433589143, 35.60369794054881, 23.164701917826136, 20.994061353454896, 46.06371378890139, 22.203492170597745, 39.07569314393489, 70.02312058345566, 8.976306951203338, 37.43714610668182, 43.52401982631334, 30.49703666289195, 50.51738994719897, 49.306220565309324, 64.65088222300786, 40.85763674834371, 69.13659883922097, 42.99490024002229, 65.82714107297335, 40.86666695848884, 63.285832782806224, 46.42448570746278, 6.967649448127249, 59.59978522884499, 46.00276472660201, 15.092712933160415, 72.1873208226579, 33.99193121690789, 27.193206251759673, 19.565016170367432, 33.70011668779767, 28.589544338294132, 9.20849458782246, 28.027482983344218, 26.184160662533888, 56.202793602623466, 73.04978794700574, 59.808526571176415, 19.047122792129002, 38.25381312222511, 58.02244923894479, 44.85397149386948, 65.57318368937729, 50.01924070987271, 15.465065711903627, 32.17401483337255, 19.783142958124266, 32.34423728869178, 48.04836982532191, 41.640979672379395, 53.473744456769296, 47.679938535749855, 17.982920017956904, 26.191300427805302, 65.70998427133128, 64.46905281970741, 24.36970299251669, 25.1339363345702, 37.65823576120855, 23.488376585755216, 11.296820133102516, 62.836082003416934, 54.273626097588476, 84.60210991435856, 55.51422367975952, 32.46423740561559, 53.34595670565822, 64.27916024478147, 48.08612109139428, 17.859562417061586, 48.96086926544943, 55.740172963029984, 15.705692558155533, 42.8670012231265], [33.66268376800467, 76.42458845213305, 34.06849614147568, 77.41043605853017, 51.63611728099066, 72.78698109482711, 21.2010490290724, 62.46377290561718, 29.041435094981853, 62.24623267254853, 34.994678423291326, 38.35851090772958, 0.0, 72.62532482429405, 14.092283129246928, 61.75658972306894, 24.73245585952649, 65.28046592152164, 57.60430021357948, 40.064644446824474, 49.53016757768963, 55.64650527522964, 56.52191274020948, 46.893917577872436, 49.1871161021022, 66.20170272928216, 39.62051544818224, 70.87400178567137, 34.864538452862774, 50.40075212371953, 83.13303473541568, 22.781303171414077, 58.96672817937426, 27.72885988740917, 75.54007785979545, 53.86639687049534, 73.40660835904782, 13.9427139032168, 25.092970666538697, 62.84286799964123, 33.612977103470385, 21.31853753496193, 51.47812522847012, 47.96762604735648, 70.12867311561051, 54.37968131000922, 50.48838151141981, 57.79531259474415, 16.245562182769522, 24.811342850223117, 46.84488865546695, 20.57155996090288, 35.443092784844616, 89.8510539708101, 35.328579798930306, 29.25684435705701, 49.703865913899804, 49.87122499457638, 20.313632450961418, 76.70986366508441, 57.35417923458211, 74.22417541055668, 47.48374768492998, 58.447954279453114, 45.249093759728076, 19.81153590044018, 15.432508983820313, 44.415673832578605, 40.56303280539249, 59.843439678381, 51.77441174360525, 12.214285168333493, 27.869378139990225, 32.67871878304331, 59.45171404971452, 40.66850444553047, 75.61541928979659, 14.912373383868088, 27.138399559704137, 57.567980861983436, 22.509782300292727, 80.89532366443102, 49.04008110999561, 23.356164329553486, 37.48324923114086, 36.58316838885343, 22.425544373611444, 52.65360111331017, 80.69870214607835, 67.92687909393115, 50.774102425711185, 61.88689716643281], [47.13482197610435, 46.64769734798154, 93.05853985043828, 49.25347650879526, 21.073128882148573, 8.951823935139624, 93.80218525273605, 67.16538842083988, 46.59988136560881, 68.76053747309366, 46.45760074411632, 60.20902570306974, 72.62532482429405, 0.0, 68.18409929674814, 10.92221571298392, 49.66777658466265, 89.2049891338687, 24.672091613275455, 32.61450787487957, 82.66364439258211, 47.77429414738856, 16.23761886930684, 82.15944050948524, 98.99726908665652, 28.699918319517, 51.23355990863168, 43.706012775070874, 98.26631927602938, 29.725385981143305, 44.140873471597665, 60.06803137829876, 30.726576377159777, 47.15633328957168, 12.761510314756949, 103.10539691738092, 9.462117097755298, 84.56418939879785, 91.47675204871251, 14.057784560780108, 65.34885027363818, 84.74428463102889, 21.48393619774533, 47.5914527280511, 26.631409704977052, 93.90347321055584, 33.39633420175206, 59.89874399273474, 81.34015850805041, 48.15904128785654, 56.536895190750556, 52.53966459647929, 39.357719243820036, 50.04892095688823, 90.50146835009521, 67.31591803186514, 77.5412730180399, 98.30933220290848, 80.66097061736883, 40.32111394566701, 34.808973349311884, 22.772546974741957, 74.06083395573148, 31.722444094187868, 79.8004336814197, 52.82330342708482, 88.03182321774656, 28.478361205369104, 42.22277193316689, 107.88845520992302, 74.52397967120845, 65.77255851930795, 86.05218099666357, 71.0783570325065, 48.133476141957374, 36.64514054604703, 62.82600962362878, 66.26690186439339, 60.596263634219454, 29.988402731567394, 95.13510668688497, 35.610874692314354, 32.69553975366676, 84.66892501920275, 46.227157066004885, 64.27943877186716, 93.71031299238571, 48.84840814960375, 40.956916711340945, 4.798640405870754, 71.7181286063649, 18.390829196336586], [38.126956062662096, 80.68549495429305, 27.347745234350597, 82.06352964009909, 47.312356600085565, 66.6802908328043, 29.301354571384984, 71.54145313265433, 21.657762461862003, 71.61524987313264, 24.786951226266048, 47.3927158075583, 14.092283129246928, 68.18409929674814, 0.0, 57.77190793892516, 18.641122199584586, 77.44413105991438, 49.48410042991058, 37.22072499811104, 62.047940409534654, 61.34980250591815, 52.913236823926916, 59.53292979048705, 63.20703865896678, 56.71355766876417, 46.194822717667904, 75.01227357766096, 48.615335236506525, 51.14723889728756, 86.29938770812007, 10.272875400422226, 49.3991801431124, 21.028326941608075, 68.80523617910697, 67.90812071177588, 67.20981552377368, 26.91975759490949, 23.315957148584467, 60.69947090958946, 44.06552731631818, 16.757004221049417, 46.72701443883827, 53.72017471685748, 60.953998103494975, 67.82827428876014, 52.44063152892768, 65.88236472012984, 30.32422202147282, 24.937332870527797, 54.771921133427384, 22.13216879115559, 36.00537225817783, 93.35475476808337, 26.73934723091431, 15.175617460028205, 61.470909692886565, 63.84256470111918, 13.104171362563749, 79.76784399947398, 47.095717633150244, 74.10398015187761, 58.853069790978516, 60.46157881210881, 57.67713117669269, 18.785392808808403, 25.237355681182198, 39.87383452924546, 30.499555694176042, 73.89134351429658, 62.908643329533916, 22.575066151523426, 20.08504507961053, 18.82391722153326, 65.09550256483585, 41.925470179988906, 82.84134043776723, 25.79687620170381, 36.27638708270173, 48.25404216153585, 30.99246267074009, 70.70927612587862, 40.19758643837492, 37.44832024617666, 26.75187786468881, 22.54934722044494, 34.05503458449213, 58.6714346501628, 83.51683837879054, 63.768437004834624, 61.509509557319916, 60.80490997784386], [36.788586236403, 44.317141587521895, 83.22691324736205, 46.84209757438353, 10.459802671346802, 14.448331154533694, 82.94613681744303, 60.35409936188558, 36.36524987165601, 61.81800397220432, 37.203400156221235, 50.68206021258743, 61.75658972306894, 10.92221571298392, 57.77190793892516, 0.0, 39.16010833994432, 81.27245409594558, 19.446822928443858, 21.711677467694244, 73.54469195897201, 40.753133595838186, 5.323582117806711, 72.83615024316575, 89.05516265292343, 27.16874046528901, 41.74429306118134, 40.298548020545695, 87.56332327464924, 20.706793949530443, 43.96868789232605, 50.08932849816805, 26.478480925722984, 36.77928594292508, 18.64342146296854, 93.27756880038343, 15.209862946828716, 73.6419764212037, 81.08786019416817, 8.37876123218858, 55.40116663263776, 74.43758826065829, 11.181507393289408, 39.21574233938557, 26.830949828126617, 84.62583086925063, 24.87560447957136, 52.80147305168622, 70.46602861254887, 37.24009850084314, 47.99104170261552, 41.62001605050885, 28.578689498487147, 50.681764503890896, 80.91147430683885, 58.002658629743586, 68.6691769218635, 88.44962979840255, 70.44011019362664, 38.90877418897369, 30.098377103107126, 23.45655117888251, 65.11757507890404, 25.438641147034136, 70.43623030578473, 41.97144733791309, 77.14954290488174, 17.900961882119027, 33.6317876738911, 98.23191441158892, 65.99391801966192, 54.870255850750624, 76.11799094256489, 62.02749207156221, 41.83917800448754, 26.314765457815614, 58.533353857313756, 55.41459790702984, 50.18127666878919, 25.206251179277395, 84.26428835223403, 38.19095133406879, 25.195501934640422, 73.91606003160919, 37.38761138316252, 55.74269907698448, 82.78810843214993, 41.26606168200717, 40.61532711349854, 6.171981263331289, 63.20297989063984, 12.77757512631294], [25.534805465412486, 65.13383924409558, 45.0752740673429, 66.81397943073587, 28.705998635269637, 48.71406787175304, 45.170883218025175, 61.75909791913352, 4.507087046613433, 62.26628798397404, 12.372532491427696, 39.41669772151592, 24.73245585952649, 49.66777658466265, 18.641122199584586, 39.16010833994432, 0.0, 73.06320265886744, 32.87322460634531, 18.784127078241614, 59.33529444814621, 47.853804011366265, 34.27278391283476, 57.30397682942921, 66.53567995883084, 41.644822767825886, 34.96627889300191, 59.49530152811507, 57.15204982169941, 33.93365296384376, 69.8106096961476, 12.760075766871541, 34.50017851704142, 3.010349384253414, 51.185826821738985, 71.30875444333986, 49.28977246397487, 38.329498651790125, 41.945666569779505, 42.15880546386097, 38.84054644631894, 35.37497603630791, 28.184203486916367, 40.77309229649322, 45.469432474471425, 67.68793389903665, 35.998990563547395, 54.999087769137844, 38.00326386237104, 10.991528831441073, 44.434751419627084, 11.83871957791122, 19.719450454540308, 77.00087700881183, 43.514862878862345, 23.197186248801017, 57.03305264551577, 66.67668475047336, 31.52383298636073, 63.313526710418074, 33.300109234182116, 56.0169755453461, 53.77629102664868, 43.750468899381595, 55.03882100792677, 7.989636103660687, 39.873603987722575, 21.259965837748048, 17.046919177541913, 77.17197765404188, 57.082254224175024, 23.46721269426839, 37.79855803807671, 28.00456698023539, 51.34846593407604, 25.612463776502604, 70.18546696983799, 25.890228404420494, 30.355505033414886, 33.0186838760761, 46.66992291104413, 56.53078709318142, 24.429477633085597, 43.81289511421197, 15.192508889426565, 25.59370456848299, 47.115502701984866, 45.67791343882052, 66.83512475864056, 45.192236441482336, 55.02855061671568, 42.521377745312925], [50.28580856748663, 54.14083776509563, 98.35030701935821, 52.66435947865732, 77.52430701345027, 95.60788464422696, 72.93325471670136, 23.834406116204505, 76.38886769685601, 22.010126453565277, 84.73937157893685, 34.27850426312131, 65.28046592152164, 89.2049891338687, 77.44413105991438, 81.27245409594558, 73.06320265886744, 0.0, 92.75445435682086, 69.4074883772095, 15.935480975777509, 41.65810412472599, 77.4072319785407, 18.69220042582796, 30.74676102384116, 103.39201089707097, 41.60864715335255, 52.33710503093696, 49.47674550734437, 60.62980058909137, 62.96747004815596, 81.58347604073963, 98.4471634597899, 74.77515806913785, 99.87320349064234, 30.754491494709185, 96.36336632609851, 60.895668926510155, 87.40919863571489, 75.19666586206051, 34.35024381610532, 85.77389818582058, 78.77385535128435, 42.07343217183083, 105.14950567047109, 18.02576146631807, 56.396853210974626, 29.842859958186885, 53.16241360852027, 62.53651101966561, 33.51153398144322, 61.30948651054927, 60.17673448239822, 65.37842711287293, 100.30169389826392, 91.47653244365615, 16.152475342664474, 28.958828777414094, 85.49336925585975, 60.06051349204887, 99.61373120935002, 72.8963420450879, 19.28761677763677, 57.69851340814669, 20.06577144109891, 65.50576302733053, 68.61112269102465, 75.25915290485923, 87.72365964671948, 31.001729309019048, 16.319903728888523, 54.8733625377562, 92.85524552545218, 95.83849407341812, 42.16410335669991, 58.10043324281821, 38.16894468674973, 51.64852039343905, 42.84645199496352, 96.62932639824727, 72.51285212681557, 117.52208251408206, 89.60638344308532, 47.43339810777387, 87.44712405221132, 96.92005113405078, 64.01807039288992, 40.35775992726608, 63.26777005714772, 85.31097764922214, 18.828788535169455, 70.82759170480978], [43.3914658031543, 62.88745846401183, 71.5127427917609, 65.32676776412804, 16.002223546155875, 19.15413470874268, 77.81623384720294, 74.40100839683751, 28.658818105392985, 75.61688336975666, 25.101372925508887, 59.35311433589143, 57.60430021357948, 24.672091613275455, 49.48410042991058, 19.446822928443858, 32.87322460634531, 92.75445435682086, 0.0, 23.865457527606942, 82.39046259350856, 55.387919460988, 19.12915893492986, 81.09710022155062, 94.6136344747508, 10.671707311037592, 51.21631293187844, 58.391182804673875, 88.70110576836697, 34.23112722508597, 63.25088486906005, 39.92238099461148, 7.120386629449105, 29.885122304269817, 20.046337707095244, 99.19814399677946, 19.4471610357316, 71.08728619283153, 71.94106013280714, 27.546233655050933, 62.249236572571824, 64.98769975882858, 14.493275509074296, 51.67254441866577, 13.289211496784727, 92.67118465516336, 38.64182039791348, 66.7013058785859, 69.97131115084534, 36.70099022648422, 59.45981714280837, 40.60286378218141, 33.35008138161219, 70.05994335510202, 68.39168878274519, 45.0543817457294, 78.36116183974848, 94.36126997068047, 60.649257458949336, 57.93068172585273, 10.665568842164697, 42.89722268326157, 74.75740135522697, 42.128038512209514, 78.65537776522554, 38.9295747610634, 72.68759372630898, 17.737832614535293, 19.77627438999862, 104.6918449113717, 76.63087034777574, 54.47400398752428, 64.91926570959241, 48.227681387836235, 57.359443329265986, 34.654060854658766, 75.51809136816424, 56.08781176672434, 55.11102244984221, 5.759461735971975, 79.36849150289083, 25.495383882492515, 9.513697681073747, 74.98797197662832, 23.940883986825742, 40.79250337650151, 79.96006439724438, 55.013486541502076, 59.89033637364114, 22.317781034652878, 73.98239145349301, 31.392454872626253], [19.548177963524022, 48.90216763801284, 63.852083750366994, 50.89439780124072, 11.94764033724889, 33.812918094163244, 61.263037663237434, 52.781830467962244, 17.361258541377456, 53.77062508285748, 22.0741779042823, 35.60369794054881, 40.064644446824474, 32.61450787487957, 37.22072499811104, 21.711677467694244, 18.784127078241614, 69.4074883772095, 23.865457527606942, 0.0, 58.55412579619463, 35.25729790305173, 16.457603200753695, 57.233898153265486, 71.10031921214794, 34.503386543301794, 27.81647144086284, 43.47166755472646, 67.0126124376177, 16.702401967121244, 52.43660376179412, 31.09592169742016, 29.073301551252772, 17.107694629619722, 37.1804311001899, 75.61630242644789, 34.50472532446752, 52.01405642092335, 60.37130550186054, 23.495204393034072, 38.39891738206072, 53.971606023223444, 12.22859683026978, 29.864887806102846, 36.95993910868479, 68.80910953390772, 19.97681174118218, 45.224319749000436, 49.22549816516937, 15.581530143541498, 36.64232583975299, 19.962055057917322, 9.48680791543325, 59.67694274869939, 62.17579598572071, 40.681559346088996, 54.64768348920093, 70.7651944450626, 50.2365305915407, 46.078813226771345, 30.268411089219594, 37.30744272788644, 51.05612492711656, 26.751481149038167, 54.79275814704038, 20.32624141105037, 55.44294618683187, 6.161260487420353, 21.762224426034376, 81.01691705851492, 53.154659890543655, 33.50419200720835, 56.58051502284178, 45.26846200084766, 38.09635151458543, 11.951138874360005, 57.24821587864838, 34.385708939106166, 31.485337964062815, 27.256010196172472, 62.565850268642556, 49.31096862614316, 20.40677421479149, 53.24232077954607, 23.732855427603393, 40.81295759981077, 61.158162615323555, 34.03209862116696, 49.29807890838101, 27.88342891272779, 50.57945635199426, 23.748554811913145], [39.0064120569938, 55.51782948113083, 82.42368788551894, 54.724796917956056, 68.11470201041428, 87.9809216095478, 57.2409710286496, 26.334152873551655, 63.01175683048937, 24.819984360427966, 71.41111278371822, 23.164701917826136, 49.53016757768963, 82.66364439258211, 62.047940409534654, 73.54469195897201, 59.33529444814621, 15.935480975777509, 82.39046259350856, 58.55412579619463, 0.0, 37.89769714694696, 69.07693246551166, 2.7791243959234304, 20.772275432784575, 93.04835452070085, 31.889592396888368, 52.210872465575925, 35.5355872800224, 53.019870627159115, 64.51990812226487, 66.846153390976, 87.47330361247396, 61.342345016981476, 92.10541780015045, 23.14398743011615, 88.74225825907446, 45.02499100096943, 71.47933806699882, 68.67807005303158, 20.748855913348017, 69.8672070162981, 69.16557755407314, 35.37924182444404, 95.30783601559936, 11.391242346344928, 49.279013809279306, 28.593873077979165, 37.25669499651118, 49.3582627322695, 26.492334963930304, 47.497861411829284, 49.07357330698164, 68.49639618648328, 84.41987251637745, 76.40686535889324, 5.