instance_id,num_cities,city_coordinates,distance_matrix,best_route,total_distance
790,27,"[[5.087771384406414, 64.16023419677104], [37.362825810107445, 60.25770398492932], [99.28428361746381, 99.70643399411343], [2.5923377022208594, 97.89648341083], [67.84204469606101, 66.74488962028389], [92.61175677586417, 72.75043932465655], [75.14634387462992, 55.49711647193041], [28.964705217307984, 45.84581855837055], [90.3765767986639, 69.82197698779], [23.82453707086808, 87.85210499697959], [1.646272480540456, 42.06927348522076], [22.44178760363762, 43.04486142027757], [46.955675276746945, 0.9999470378453168], [86.13278568630388, 41.271095384088675], [93.22806655953053, 95.39691080312126], [0.6633044784262299, 33.565665620333796], [89.42745363615508, 31.16033357769269], [23.79367821662659, 42.265998842039195], [21.409257080422538, 64.46352564128885], [0.0538508589482678, 98.54969622873828], [82.97579930845572, 16.861891306834977], [75.74473886212432, 49.619665614670794], [43.97805923618249, 24.453289341996587], [59.26113518865633, 76.5856165660916], [41.446996527257674, 32.80628605536917], [95.55987245062828, 43.67409829976305], [82.77966801491505, 81.6719284892989]]","[[0.0, 32.51013503872755, 100.68026239986226, 33.828415574709965, 62.80747775967554, 87.94452594075007, 70.59216095348229, 30.091955560196617, 85.47652110622386, 30.205481793925117, 22.357425161779446, 27.33168210022247, 75.77693085851539, 84.21524219985957, 93.51171904615867, 30.91283768566767, 90.56586246039386, 28.79702227981378, 16.324303385614247, 34.755941286415265, 91.12451993855139, 72.1376128509812, 55.579636188932554, 55.58006362799018, 48.01107494154099, 92.76250770288253, 79.64100852601374], [32.51013503872755, 0.0, 73.41981501151932, 51.24123886024114, 31.16193770235444, 56.64373583307709, 38.082245611321525, 16.68025392610854, 53.869593575132164, 30.736561766093104, 40.081057692961785, 22.779800927892662, 60.0291972234286, 52.33545922686956, 65.9976437443237, 45.379728712626346, 59.643796284951414, 22.5349333338789, 16.498645126733376, 53.462475456212736, 62.95823940798596, 39.82887281733788, 36.41040265095288, 27.31550261109467, 27.7535726851554, 60.51373575643827, 50.21213565444051], [100.68026239986226, 73.41981501151932, 0.0, 96.70888442118539, 45.55302180864088, 27.769556407541966, 50.369672331730314, 88.57657140289776, 31.183778015700533, 76.38519794337616, 113.38087797464713, 95.47409596416696, 111.71953194551108, 59.897000728763985, 7.433017905702997, 118.74636317553667, 69.25117312781394, 94.85902747890977, 85.47854904776095, 99.23717462574255, 84.43450072998279, 55.3425201267937, 93.39065389719175, 46.22147345871042, 88.43518288656836, 56.15597814929431, 24.446793756872932], [33.828415574709965, 51.24123886024114, 96.70888442118539, 0.0, 72.30453691486575, 93.46560513654205, 84.03445798293355, 58.35043684441343, 92.16425849882803, 23.488206141606632, 55.83522550757466, 58.332676060534965, 106.56943502633625, 100.92294594669886, 90.67018919533015, 64.3597334268293, 109.51735503476492, 59.53358424424195, 38.36455551815587, 2.621183404294275, 114.14072900267409, 87.6465911030372, 84.3011310832716, 60.54341957828948, 75.80513375875576, 107.62448403745866, 81.81224923615596], [62.80747775967554, 31.16193770235444, 45.55302180864088, 72.30453691486575, 0.0, 25.487354977871615, 13.411382750740652, 44.1386304295581, 22.743649745599456, 48.81654963731191, 70.64535576281055, 51.214008637669, 68.98288122924558, 31.36025189248586, 38.280392159881465, 74.9255900374987, 41.61959283630015, 50.393200763989924, 46.488798514950304, 74.87846784689945, 52.12815025883543, 18.86069649627919, 48.55995527312318, 13.056489374874626, 42.99450406470448, 36.062991938923744, 21.117506477163847], [87.94452594075007, 56.64373583307709, 27.769556407541966, 93.46560513654205, 25.487354977871615, 0.0, 24.55031155140402, 69.09996954178183, 3.68400884756306, 70.42543504176614, 96.00027744933733, 76.19872657902069, 85.04475834085127, 32.13916864680737, 22.654856172007765, 99.9498092552117, 41.71182904799546, 75.26771584234262, 71.68311447806207, 96.0862508610231, 56.713150819312204, 28.627416679207872, 68.5408727171517, 33.570411744963074, 64.91046195874517, 29.225416907679772, 13.276405323656434], [70.59216095348229, 38.082245611321525, 50.369672331730314, 84.03445798293355, 13.411382750740652, 24.55031155140402, 0.0, 47.17935248063222, 20.90841035849358, 60.66937560300682, 74.71658090552575, 54.155599041960635, 61.35678668511776, 17.974470219536805, 43.80573344808849, 77.64477892397163, 28.21753174290747, 53.02979109819963, 54.48000541960815, 86.55869182829937, 39.42056564723403, 5.907834217423526, 43.990694131560296, 26.40198271377298, 40.62658977359514, 23.590165485271637, 27.26515031272041], [30.091955560196617, 16.68025392610854, 88.57657140289776, 58.35043684441343, 44.1386304295581, 69.09996954178183, 47.17935248063222, 0.0, 65.92627810029603, 42.31961045350187, 27.57823525686195, 7.098860125693778, 48.32004962864883, 57.35082838661445, 81.14856963402903, 30.85079318209419, 62.22063496524696, 6.289247128489287, 20.09238197861349, 60.11269600694493, 61.296544142758336, 46.93200900680147, 26.13505510171098, 43.16026935231412, 18.05095577090795, 66.63056856815454, 64.64951951631811], [85.47652110622386, 53.869593575132164, 31.183778015700533, 92.16425849882803, 22.743649745599456, 3.68400884756306, 20.90841035849358, 65.92627810029603, 0.0, 68.95113855447114, 92.96923930036382, 73.02156873889095, 81.37472884997585, 28.864556178017295, 25.73340695506333, 96.76255135319168, 38.67329189436983, 72.05979680206546, 69.17517032831176, 94.78120422303006, 53.47468730898451, 24.94441954060307, 64.89329896605244, 31.842071649485348, 61.35360788690822, 26.65667109185703, 14.076021229620034], [30.205481793925117, 30.736561766093104, 76.38519794337616, 23.488206141606632, 48.81654963731191, 70.42543504176614, 60.66937560300682, 42.31961045350187, 68.95113855447114, 0.0, 50.8718299402791, 44.82857429175091, 89.87962448106846, 77.7952974290811, 69.81242009940658, 59.02084543104605, 86.70466889694397, 45.5861165996664, 23.512958591161798, 26.06691353320057, 92.40390827271462, 64.4781108219424, 66.52498990696907, 37.184489343340005, 57.79786553363932, 84.24757929926524, 59.27817512622848], [22.357425161779446, 40.081057692961785, 113.38087797464713, 55.83522550757466, 70.64535576281055, 96.00027744933733, 74.71658090552575, 27.57823525686195, 92.96923930036382, 50.8718299402791, 0.0, 20.818386610253718, 61.15252698449981, 84.49028347655583, 105.97670455640747, 8.56023205368569, 88.45643410731007, 22.14827942989785, 29.867676339560408, 56.502866829103155, 85.1463683919625, 74.48215317383874, 45.8508785876506, 67.16286432658617, 40.86441692681449, 93.9273108420924, 90.28287852250453], [27.33168210022247, 22.779800927892662, 95.47409596416696, 58.332676060534965, 51.214008637669, 76.19872657902069, 54.155599041960635, 7.098860125693778, 73.02156873889095, 44.82857429175091, 20.818386610253718, 0.0, 48.66934881705198, 63.71569259387623, 88.04223056582103, 23.751999500016606, 68.03176799011723, 1.5602035589203782, 21.44353740159957, 59.849865486889136, 65.95388159191604, 53.70691448090478, 28.450967438255482, 49.80609011293573, 21.587644422987804, 73.12079232846311, 71.64293491252496], [75.77693085851539, 60.0291972234286, 111.71953194551108, 106.56943502633625, 68.98288122924558, 85.04475834085127, 61.35678668511776, 48.32004962864883, 81.37472884997585, 89.87962448106846, 61.15252698449981, 48.66934881705198, 0.0, 56.183728686940604, 105.12811690090261, 56.59955495340093, 52.09127444441819, 47.3219308494427, 68.41231827541698, 108.23924750719648, 39.3579802740463, 56.50386904108966, 23.641604482790893, 76.58079251141808, 32.27985042193868, 64.67960396324771, 88.26849407918996], [84.21524219985957, 52.33545922686956, 59.897000728763985, 100.92294594669886, 31.36025189248586, 32.13916864680737, 17.974470219536805, 57.35082838661445, 28.864556178017295, 77.7952974290811, 84.49028347655583, 63.71569259387623, 56.183728686940604, 0.0, 54.588889945163395, 85.81611658533559, 10.634018111958081, 62.34704606480259, 68.75335611031242, 103.39449277274312, 24.612513213301426, 13.327045498395693, 45.38567573754954, 44.37568035288986, 45.480465584009885, 9.728534723936583, 40.539742398210066], [93.51171904615867, 65.9976437443237, 7.433017905702997, 90.67018919533015, 38.280392159881465, 22.654856172007765, 43.80573344808849, 81.14856963402903, 25.73340695506333, 69.81242009940658, 105.97670455640747, 88.04223056582103, 105.12811690090261, 54.588889945163395, 0.0, 111.31638720325692, 64.3489122847603, 87.43013262239425, 78.19728711769153, 93.22754167818978, 79.20137796193654, 49.00227468616536, 86.36295876919216, 38.828046791279405, 81.23340150456006, 51.7753479174337, 17.249468735641088], [30.91283768566767, 45.379728712626346, 118.74636317553667, 64.3597334268293, 74.9255900374987, 99.9498092552117, 77.64477892397163, 30.85079318209419, 96.76255135319168, 59.02084543104605, 8.56023205368569, 23.751999500016606, 56.59955495340093, 85.81611658533559, 111.31638720325692, 0.0, 88.79673303636172, 24.712547166116636, 37.216559529849214, 64.98688843011601, 83.99025468148037, 76.77859535659489, 44.26288943531106, 72.69402962637437, 40.79076114094469, 95.43342718428023, 95.16989906306911], [90.56586246039386, 59.643796284951414, 69.25117312781394, 109.51735503476492, 41.61959283630015, 41.71182904799546, 28.21753174290747, 62.22063496524696, 38.67329189436983, 86.70466889694397, 88.45643410731007, 68.03176799011723, 52.09127444441819, 10.634018111958081, 64.3489122847603, 88.79673303636172, 0.0, 66.5667204899326, 75.73359666831519, 111.93286859493992, 15.686596027729296, 22.977459016150714, 45.94161396494298, 54.52947004374815, 48.00868071440323, 13.935597153887507, 50.94717140509538], [28.79702227981378, 22.5349333338789, 94.85902747890977, 59.53358424424195, 50.393200763989924, 75.26771584234262, 53.02979109819963, 6.289247128489287, 72.05979680206546, 45.5861165996664, 22.14827942989785, 1.5602035589203782, 47.3219308494427, 62.34704606480259, 87.43013262239425, 24.712547166116636, 66.5667204899326, 0.0, 22.32522475045175, 61.08546467442062, 64.40413136273283, 52.46893478235564, 26.920287087538956, 49.35358816527805, 20.028125558392908, 71.78000681885798, 70.93781984138342], [16.324303385614247, 16.498645126733376, 85.47854904776095, 38.36455551815587, 46.488798514950304, 71.68311447806207, 54.48000541960815, 20.09238197861349, 69.17517032831176, 23.512958591161798, 29.867676339560408, 21.44353740159957, 68.41231827541698, 68.75335611031242, 78.19728711769153, 37.216559529849214, 75.73359666831519, 22.32522475045175, 0.0, 40.22338126265474, 77.82258485315977, 56.32659017674935, 45.9365849783268, 39.745562830456606, 37.46587541136031, 77.00983085924013, 63.73740241685316], [34.755941286415265, 53.462475456212736, 99.23717462574255, 2.621183404294275, 74.87846784689945, 96.0862508610231, 86.55869182829937, 60.11269600694493, 94.78120422303006, 26.06691353320057, 56.502866829103155, 59.849865486889136, 108.23924750719648, 103.39449277274312, 93.22754167818978, 64.98688843011601, 111.93286859493992, 61.08546467442062, 40.22338126265474, 0.0, 116.39994419080149, 90.12912083562628, 86.137178936231, 63.150006438051804, 77.68904999767815, 110.14867864996383, 84.42997020009487], [91.12451993855139, 62.95823940798596, 84.43450072998279, 114.14072900267409, 52.12815025883543, 56.713150819312204, 39.42056564723403, 61.296544142758336, 53.47468730898451, 92.40390827271462, 85.1463683919625, 65.95388159191604, 39.3579802740463, 24.612513213301426, 79.20137796193654, 83.99025468148037, 15.686596027729296, 64.40413136273283, 77.82258485315977, 116.39994419080149, 0.0, 33.546385986892936, 39.72975024931369, 64.25969695818732, 44.484437552212874, 29.618462834508644, 64.8103339528247], [72.1376128509812, 39.82887281733788, 55.3425201267937, 87.6465911030372, 18.86069649627919, 28.627416679207872, 5.907834217423526, 46.93200900680147, 24.94441954060307, 64.4781108219424, 74.48215317383874, 53.70691448090478, 56.50386904108966, 13.327045498395693, 49.00227468616536, 76.77859535659489, 22.977459016150714, 52.46893478235564, 56.32659017674935, 90.12912083562628, 33.546385986892936, 0.0, 40.527378759982085, 31.604931589522547, 38.19718394690956, 20.68790201606622, 32.81520659037588], [55.579636188932554, 36.41040265095288, 93.39065389719175, 84.3011310832716, 48.55995527312318, 68.5408727171517, 43.990694131560296, 26.13505510171098, 64.89329896605244, 66.52498990696907, 45.8508785876506, 28.450967438255482, 23.641604482790893, 45.38567573754954, 86.36295876919216, 44.26288943531106, 45.94161396494298, 26.920287087538956, 45.9365849783268, 86.137178936231, 39.72975024931369, 40.527378759982085, 0.0, 54.326346760749544, 8.728048609518797, 55.046552584888815, 69.13419927710896], [55.58006362799018, 27.31550261109467, 46.22147345871042, 60.54341957828948, 13.056489374874626, 33.570411744963074, 26.40198271377298, 43.16026935231412, 31.842071649485348, 37.184489343340005, 67.16286432658617, 49.80609011293573, 76.58079251141808, 44.37568035288986, 38.828046791279405, 72.69402962637437, 54.52947004374815, 49.35358816527805, 39.745562830456606, 63.150006438051804, 64.25969695818732, 31.604931589522547, 54.326346760749544, 0.0, 47.26492691430518, 48.99761587473974, 24.06225166687377], [48.01107494154099, 27.7535726851554, 88.43518288656836, 75.80513375875576, 42.99450406470448, 64.91046195874517, 40.62658977359514, 18.05095577090795, 61.35360788690822, 57.79786553363932, 40.86441692681449, 21.587644422987804, 32.27985042193868, 45.480465584009885, 81.23340150456006, 40.79076114094469, 48.00868071440323, 20.028125558392908, 37.46587541136031, 77.68904999767815, 44.484437552212874, 38.19718394690956, 8.728048609518797, 47.26492691430518, 0.0, 55.193411596652545, 64.00188077539033], [92.76250770288253, 60.51373575643827, 56.15597814929431, 107.62448403745866, 36.062991938923744, 29.225416907679772, 23.590165485271637, 66.63056856815454, 26.65667109185703, 84.24757929926524, 93.9273108420924, 73.12079232846311, 64.67960396324771, 9.728534723936583, 51.7753479174337, 95.43342718428023, 13.935597153887507, 71.78000681885798, 77.00983085924013, 110.14867864996383, 29.618462834508644, 20.68790201606622, 55.046552584888815, 48.99761587473974, 55.193411596652545, 0.0, 40.08950890858388], [79.64100852601374, 50.21213565444051, 24.446793756872932, 81.81224923615596, 21.117506477163847, 13.276405323656434, 27.26515031272041, 64.64951951631811, 14.076021229620034, 59.27817512622848, 90.28287852250453, 71.64293491252496, 88.26849407918996, 40.539742398210066, 17.249468735641088, 95.16989906306911, 50.94717140509538, 70.93781984138342, 63.73740241685316, 84.42997020009487, 64.8103339528247, 32.81520659037588, 69.13419927710896, 24.06225166687377, 64.00188077539033, 40.08950890858388, 0.0]]",Route_0,1453.6054365583677
