instance_id,num_cities,city_coordinates,distance_matrix,best_route,total_distance
611,41,"[[34.2543624436347, 44.405505009226864], [18.135508447017134, 11.391338547319252], [5.942726788140529, 99.40885055954939], [81.93017825004951, 43.418371254132246], [58.38905882660551, 50.44943987263034], [82.38211011857992, 66.20933010018979], [20.98598522116628, 87.28630821792775], [67.2612550906123, 90.1549835890888], [58.47601416333896, 62.1899980785616], [24.303964072486927, 10.395178505046609], [45.46252355686931, 34.37763701567309], [99.45612505245326, 8.150583854882566], [1.2898634687099064, 26.109900931418682], [63.49054066229346, 60.30656264467309], [1.5407518485794358, 87.20644531061139], [74.09148420553574, 47.06841440200841], [69.4652367232316, 94.97538384666726], [17.0320013612414, 55.31378494966711], [82.99716157242383, 87.54943328382477], [47.47987908761072, 57.76713176948296], [35.195610234300645, 75.48095580968575], [97.94365219285255, 10.672890688575343], [65.23937943878882, 86.69786802850368], [20.67335058599883, 11.280531845111563], [79.52541073165989, 24.93525811122734], [12.3437929596511, 90.89633785857507], [67.09952853757916, 99.80091478801994], [83.95076546207777, 60.98086352010519], [13.421234929766712, 93.9717873997904], [31.082403840448137, 1.3865204330711922], [85.95301113538832, 21.44344563457975], [13.087310049811208, 5.842467289181307], [15.281254832657265, 41.864737521821795], [47.72883630981038, 94.06577803965365], [72.01637480196173, 37.16730507361912], [37.7022126741534, 10.60955118557797], [13.029938396750296, 5.445018513401045], [19.891539905687118, 51.14217804140521], [7.7659145031105385, 8.459350846979973], [82.46068663327966, 21.33499977285399], [27.592906263514305, 57.3177273817065]]","[[0.0, 36.73897986252231, 61.862078329277246, 47.686034075582754, 24.87996620036387, 52.83641627571366, 44.88666971319048, 56.413382743267135, 30.049569144396525, 35.436037259624364, 15.03931554414511, 74.60354653234961, 37.70129071052779, 33.280591202064905, 53.871150060562044, 39.926023552398675, 61.62076203007376, 20.386277063538262, 65.0942318018512, 18.800195748461732, 31.08970231210287, 72.07090187909161, 52.42819134725403, 35.80094594002517, 49.2804051055363, 51.39523902209724, 64.40074813462343, 52.38773694993576, 53.76649097746822, 43.13576654406235, 56.568599481321606, 43.99036241315278, 19.142474026174998, 51.45584673705007, 38.44946183834405, 33.971372743271594, 44.36660550586883, 15.864218694882327, 44.6515831001979, 53.4424728445331, 14.52929747221206], [36.73897986252231, 0.0, 88.85801227466274, 71.38270602380663, 56.08817698321392, 84.45494671264106, 75.94848016348021, 92.8280709890956, 64.86802148685956, 6.248374159188178, 35.70904188143859, 81.38516557742501, 22.369886754067267, 66.70665705717158, 77.61002744549687, 66.36207474626728, 98.08686779336708, 43.9363064657861, 100.0354409199816, 54.87992606843978, 66.32138504154675, 79.81137748141967, 88.82481660498922, 2.540259996072317, 62.86619011576571, 79.71567527010846, 101.06299240814725, 82.4061226061817, 82.71490136288051, 16.362105177135096, 68.55843148571142, 7.501618445171806, 30.606777170331068, 87.81132045110378, 59.72895620655305, 19.58231614981258, 7.837446490022037, 39.78960777600632, 10.776132443341867, 65.08920760973072, 46.89003694631532], [61.862078329277246, 88.85801227466274, 0.0, 94.38763982919754, 71.74706711148075, 83.33779144343394, 19.3198254937049, 62.01286936667269, 64.38159102139923, 90.88767159102846, 76.09778624658452, 130.66302804114127, 73.44647815693102, 69.57542527266384, 12.972126935388571, 85.92889150161662, 63.67703585711239, 45.468085749209244, 77.96173226683156, 58.81639027465349, 37.79253017562043, 127.82112833779283, 60.64373085881329, 89.3509475993823, 104.69349238845093, 10.650658224556182, 61.15805845985781, 86.95955545917987, 9.246066181224183, 101.194765505527, 111.7150391238437, 93.83876143833294, 58.296938610333534, 42.12632636380549, 90.7729967905184, 94.3079027073132, 94.23072907062743, 50.24182583626927, 90.96777182832766, 109.31845386541791, 47.33278907573733], [47.686034075582754, 71.38270602380663, 94.38763982919754, 0.0, 24.568683921343464, 22.795439182794482, 75.09054905513287, 48.98457144045956, 30.041168197025538, 66.41770712529586, 37.571594514892176, 39.38242805312239, 82.47692715508862, 25.00462442851969, 91.54154961946557, 8.646845627444346, 53.04243880831464, 65.97934699948875, 44.14395869514643, 37.31903054352321, 56.67564888027904, 36.45130786660606, 46.386394621707865, 69.17542668710621, 18.638894234125743, 84.24026549504913, 58.30042355116073, 17.67834571654745, 85.14178292036061, 65.97099852096862, 22.340110572873808, 78.43015402776281, 66.667029110885, 61.11375953589534, 11.72003955626738, 55.06842664606844, 78.67158680371305, 62.51759623425804, 81.99067706119529, 22.089742758230827, 56.08681866267545], [24.87996620036387, 56.08817698321392, 71.74706711148075, 24.568683921343464, 0.0, 28.70610823995545, 52.49709310640618, 40.68471541459581, 11.740880214764402, 52.594082728953005, 20.62518269380016, 58.95504345523224, 62.07037349968088, 11.09900834592793, 67.69643605859659, 16.062300458336168, 45.88290971131607, 41.642142778943565, 44.51930178989132, 13.13616448111689, 34.12495930709585, 56.09580841168706, 36.89004521901829, 54.37534371531635, 33.13184031725683, 61.28717700664582, 50.1142730059024, 27.646188347772984, 62.58034771629191, 56.15000864172422, 40.01398716222463, 63.57696473799577, 43.95429307397218, 44.90017036947321, 19.029420524842678, 44.89055952348942, 63.8971654148223, 38.503751106053905, 65.7713487590109, 37.77689621430688, 31.5527556006844], [52.83641627571366, 84.45494671264106, 83.33779144343394, 22.795439182794482, 28.70610823995545, 0.0, 64.91319710963572, 28.320215002489565, 24.24162646608667, 80.54992592446581, 48.747436409666825, 60.5172702750141, 90.46500255007261, 19.792272738510913, 83.52367361472011, 20.859269685080687, 31.53302184150272, 66.25216689832152, 21.34896466293069, 35.90872378119471, 48.08875975346083, 57.67545140048129, 26.71429208494599, 82.6144290108998, 41.37281414089793, 74.26179517435111, 36.904631980546945, 5.458712519060325, 74.33946692113967, 82.66593323347942, 44.90808107746522, 91.9017270904837, 71.38055735218845, 44.461568544863695, 30.836466825791547, 71.32761492576479, 92.2064275696141, 64.28133816820416, 94.35378504263703, 44.874399122389505, 55.506012809201806], [44.88666971319048, 75.94848016348021, 19.3198254937049, 75.09054905513287, 52.49709310640618, 64.91319710963572, 0.0, 46.364101413433694, 45.11459910822879, 76.96268454375097, 58.29604118023309, 111.44516909945266, 64.26888843423718, 50.344253936724584, 19.44539737311455, 66.61586151486318, 49.085229043216025, 32.21608654855544, 62.01173459327732, 39.66494914153856, 18.473759457584126, 108.5914280744657, 44.25730630796272, 76.00641935027363, 85.5249541859386, 9.365884960394562, 47.781526292060626, 68.23884503372312, 10.09559700376103, 86.49110480517157, 92.4986324726417, 81.82596345103147, 45.77841230653298, 27.58878930676526, 71.52632478288659, 78.47775053642913, 82.22709639512128, 36.160696298135385, 79.92783919356017, 90.15938109440278, 30.68822645571016], [56.413382743267135, 92.8280709890956, 62.01286936667269, 48.98457144045956, 40.68471541459581, 28.320215002489565, 46.364101413433694, 0.0, 29.312469577881604, 90.59224778456664, 59.88570019003811, 88.09785030082932, 91.94562047840131, 30.085653062131893, 65.78661280508139, 43.62458566078781, 5.300357882274148, 61.130083042976146, 15.950161290644678, 37.95096549576667, 35.26375861024741, 85.19866538734873, 4.004950580303882, 91.60574209100636, 66.36280663892578, 54.922465831920206, 9.647286881422625, 33.61054950813399, 53.9751402244556, 95.85796434758439, 71.20854718438903, 100.21684851413909, 70.94975892879553, 19.920082747398215, 53.20061313488813, 84.85995996251428, 100.58237367190235, 61.36683887412079, 101.06370248885779, 70.47845693321509, 51.49624543495956], [30.049569144396525, 64.86802148685956, 64.38159102139923, 30.041168197025538, 11.740880214764402, 24.24162646608667, 45.11459910822879, 29.312469577881604, 0.0, 62.05185204379215, 30.706324522110275, 67.82055571965235, 67.61678224683642, 5.356566534856418, 62.18879904745233, 21.73718467340573, 34.57809324463045, 42.01057609857793, 35.275878786899284, 11.852288090982427, 26.80721478463795, 64.89766409864136, 25.423980792402176, 63.40989769520487, 42.790101027271874, 54.33448055104209, 38.58686377368002, 25.503430359719225, 55.13633343127657, 66.68937531802231, 49.1453649764876, 72.35453466898623, 47.73786181151054, 33.63877494712512, 28.451301050102476, 55.60659430312193, 72.70033361981915, 40.13497204823733, 73.88163952887733, 47.37505039627613, 31.26508236508653], [35.436037259624364, 6.248374159188178, 90.88767159102846, 66.41770712529586, 52.594082728953005, 80.54992592446581, 76.96268454375097, 90.59224778456664, 62.05185204379215, 0.0, 31.981916072494283, 75.18567353626834, 27.86756766455751, 63.45655247145193, 80.11326069400938, 61.83626276023599, 95.88196745512481, 45.50343554722487, 96.9415827353526, 52.73732068351769, 65.990805143317, 73.6402117767297, 86.58988774519084, 3.7370047932847816, 57.10360834558494, 81.38477959858646, 99.12036126945078, 78.20903045334354, 84.28216506437634, 11.27400398907353, 62.63121594164809, 12.105391645026323, 32.73747740337981, 86.88782346114738, 54.71033630514227, 13.399963478988136, 12.312909440098112, 40.98521023788663, 16.65096130200555, 59.17671897279022, 47.0376735587386], [15.03931554414511, 35.70904188143859, 76.09778624658452, 37.571594514892176, 20.62518269380016, 48.747436409666825, 58.29604118023309, 59.88570019003811, 30.706324522110275, 31.981916072494283, 0.0, 60.02638853006949, 44.93973029762142, 31.58035124927649, 68.70229265358235, 31.315702426936088, 65.17834886171885, 35.3074621380548, 65.0852438678733, 23.47633251118906, 42.36616958205418, 57.586316615483184, 55.933269185791154, 33.881844162319666, 35.34740163092098, 65.50735730695115, 68.9083830822703, 46.78756699594416, 67.66170953271934, 35.98890963096041, 42.50615121401786, 43.155652711403754, 31.096071388396833, 59.73115060328852, 26.699986213854512, 25.002886413835647, 43.46227092049363, 30.57654396252922, 45.74704244073267, 39.22976494036673, 29.078703000869055], [74.60354653234961, 81.38516557742501, 130.66302804114127, 39.38242805312239, 58.95504345523224, 60.5172702750141, 111.44516909945266, 88.09785030082932, 67.82055571965235, 75.18567353626834, 60.02638853006949, 0.0, 99.79555091878338, 63.35431622270723, 125.8461343870414, 46.45387540117529, 91.85858303059796, 94.96369676761367, 81.08683474816844, 71.85632868133222, 93.07412504163635, 2.9410212366322726, 85.67649345906854, 78.84492454846895, 26.056835249674528, 120.14748523496546, 97.1943028072117, 55.058647145861514, 121.52070315925286, 68.70748362697681, 18.948199380188264, 86.39965050300535, 90.6755365795951, 100.28525810143618, 39.93632436886532, 61.8028495650497, 86.46852504618911, 90.43672030915124, 91.69073043464213, 21.509852397401062, 87.07313143153985], [37.70129071052779, 22.369886754067267, 73.44647815693102, 82.47692715508862, 62.07037349968088, 90.46500255007261, 64.26888843423718, 91.94562047840131, 67.61678224683642, 27.86756766455751, 44.93973029762142, 99.79555091878338, 0.0, 70.98123636335977, 61.09705950418414, 75.75840064841337, 96.90374737616573, 33.176524037017224, 102.22963708774246, 55.99730178507522, 59.892409565196374, 97.87878299186629, 88.09337290491739, 24.405527249457794, 78.2443649171511, 65.72268837248757, 98.79917782902118, 89.715153403529, 68.93769512082861, 38.71486801046493, 84.79165276055888, 23.45098318357749, 21.070688367717025, 82.30783335798606, 71.58565213600103, 39.57423425541606, 23.76692501495507, 31.187132981041213, 18.80109452354944, 81.31114446549081, 40.81394972330656], [33.280591202064905, 66.70665705717158, 69.57542527266384, 25.00462442851969, 11.09900834592793, 19.792272738510913, 50.344253936724584, 30.085653062131893, 5.356566534856418, 63.45655247145193, 31.58035124927649, 63.35431622270723, 70.98123636335977, 0.0, 67.53798946892789, 16.95961594204822, 35.17988283886729, 46.72604951308369, 33.50645102055853, 16.21079866104355, 32.10709105246591, 60.41951908102768, 26.44918594075778, 65.09119342882799, 38.83614608247352, 59.59634341295448, 39.65890372547689, 20.47133313998669, 60.33475560860257, 67.24476713083627, 44.887686992034524, 74.20797355451212, 51.61623924759911, 37.25742809400263, 24.65998963334558, 55.98955981599891, 74.5389925171306, 44.55175431036554, 76.11417300198133, 43.343386471671465, 36.021844645403235], [53.871150060562044, 77.61002744549687, 12.972126935388571, 91.54154961946557, 67.69643605859659, 83.52367361472011, 19.44539737311455, 65.78661280508139, 62.18879904745233, 80.11326069400938, 68.70229265358235, 125.8461343870414, 61.09705950418414, 67.53798946892789, 0.0, 82.9136315134651, 68.36733175621134, 35.455896496381186, 81.45713182925472, 54.56259335164315, 35.63897581299534, 123.0890091676427, 63.700657828063754, 78.2994295638076, 99.79633147732011, 11.415822539923369, 66.75757531827762, 86.48231890986453, 13.6717128343889, 90.76215460419239, 107.00561501291972, 82.17919399559837, 47.37796837623406, 46.69464200189905, 86.43337888989811, 84.70381005976708, 82.56471594727529, 40.46458693699495, 78.99276888766121, 104.34118641645722, 39.64908837657243], [39.926023552398675, 66.36207474626728, 85.92889150161662, 8.646845627444346, 16.062300458336168, 20.859269685080687, 66.61586151486318, 43.62458566078781, 21.73718467340573, 61.83626276023599, 31.315702426936088, 46.45387540117529, 75.75840064841337, 16.95961594204822, 82.9136315134651, 0.0, 48.12982326104057, 57.652152760556284, 41.44905281273718, 28.681702882874205, 48.168054986984714, 43.515055602288385, 40.60607532791125, 64.29828564822658, 22.7904402081982, 75.72096307306032, 53.194022606147925, 17.05173502489506, 76.68641043726728, 62.74246114426646, 28.237118221222797, 73.62803800028618, 59.03999773004709, 53.886374835973626, 10.116226814851409, 51.511433581478364, 73.89871082676706, 54.35282432676672, 76.74464792379653, 27.060158494593736, 47.61476837270186], [61.62076203007376, 98.08686779336708, 63.67703585711239, 53.04243880831464, 45.88290971131607, 31.53302184150272, 49.085229043216025, 5.300357882274148, 34.57809324463045, 95.88196745512481, 65.17834886171885, 91.85858303059796, 96.90374737616573, 35.17988283886729, 68.36733175621134, 48.12982326104057, 0.0, 65.74409933668863, 15.435599498755044, 43.21816716388425, 39.426387409701746, 88.98275394890001, 9.293822567083277, 96.8786684693333, 70.75893098483108, 57.26690103199981, 5.374227766443756, 36.952103527092746, 56.05298692178749, 101.15392832291003, 75.35776431325723, 105.46633315915234, 75.87255529215362, 21.75542428123917, 57.86434374403364, 90.1470100299574, 105.83302515711748, 66.17326761861075, 106.2630242766754, 74.77825810289578, 56.31510586477459], [20.386277063538262, 43.9363064657861, 45.468085749209244, 65.97934699948875, 41.642142778943565, 66.25216689832152, 32.21608654855544, 61.130083042976146, 42.01057609857793, 45.50343554722487, 35.3074621380548, 94.96369676761367, 33.176524037017224, 46.72604951308369, 35.455896496381186, 57.652152760556284, 65.74409933668863, 0.0, 73.42029273443717, 30.546557394545093, 27.14095554306557, 92.40944043076193, 57.52314292361741, 44.18355806345266, 69.48583386282786, 35.890073412184265, 66.9765779866946, 67.15829634756159, 38.82626414756386, 55.727584444964094, 76.79391560278202, 49.62833727425459, 13.56252152528364, 49.436956260535, 57.90143395944876, 49.25166141517221, 50.0290952731169, 5.057594772639377, 47.761892348874504, 73.72564478198514, 10.749348707051038], [65.0942318018512, 100.0354409199816, 77.96173226683156, 44.14395869514643, 44.51930178989132, 21.34896466293069, 62.01173459327732, 15.950161290644678, 35.275878786899284, 96.9415827353526, 65.0852438678733, 81.08683474816844, 102.22963708774246, 33.50645102055853, 81.45713182925472, 41.44905281273718, 15.435599498755044, 73.42029273443717, 0.0, 46.35151387600171, 49.30148536175181, 78.31602890383144, 17.778188594165524, 98.49468382882286, 62.71034991486702, 70.7325969165902, 20.070713369440085, 26.585677716921143, 69.87171244913972, 100.59418284024323, 66.1720382769113, 107.53332335589543, 81.68558901333536, 35.86526893536861, 51.56487681637527, 89.28257306433909, 107.8728290335814, 72.85470280106836, 109.15576794412179, 66.21660675796593, 63.11566800792812], [18.800195748461732, 54.87992606843978, 58.81639027465349, 37.31903054352321, 13.13616448111689, 35.90872378119471, 39.66494914153856, 37.95096549576667, 11.852288090982427, 52.73732068351769, 23.47633251118906, 71.85632868133222, 55.99730178507522, 16.21079866104355, 54.56259335164315, 28.681702882874205, 43.21816716388425, 30.546557394545093, 46.35151387600171, 0.0, 21.556503041719694, 69.02506746830441, 33.94683126909655, 53.66184811238146, 45.87862275898674, 48.29170575248853, 46.38717020242876, 36.612205952444924, 49.70682378889033, 58.71669719210059, 52.911171447934244, 62.28177571659069, 35.911523870753854, 36.299500006824644, 32.037360719010394, 48.160566514736345, 62.64504728377227, 28.37263594937968, 63.31237037515247, 50.50700088469841, 19.892049980082547], [31.08970231210287, 66.32138504154675, 37.79253017562043, 56.67564888027904, 34.12495930709585, 48.08875975346083, 18.473759457584126, 35.26375861024741, 26.80721478463795, 65.990805143317, 42.36616958205418, 93.07412504163635, 59.892409565196374, 32.10709105246591, 35.63897581299534, 48.168054986984714, 39.426387409701746, 27.14095554306557, 49.30148536175181, 21.556503041719694, 0.0, 90.20754998543237, 32.06941202668391, 65.82241610974005, 67.23093609313807, 27.565187401271015, 40.116335922042126, 50.865684284112376, 28.566313601798697, 74.20851582276619, 74.13748210020638, 73.0636436298377, 39.07213435480947, 22.416007074841545, 53.138540966726076, 64.91981356794078, 73.45984972064058, 28.750489941510494, 72.41742704406624, 71.87330521232373, 19.690199963290475], [72.07090187909161, 79.81137748141967, 127.82112833779283, 36.45130786660606, 56.09580841168706, 57.67545140048129, 108.5914280744657, 85.19866538734873, 64.89766409864136, 73.6402117767297, 57.586316615483184, 2.9410212366322726, 97.87878299186629, 60.41951908102768, 123.0890091676427, 43.515055602288385, 88.98275394890001, 92.40944043076193, 78.31602890383144, 69.02506746830441, 90.20754998543237, 0.0, 82.7609004053775, 77.27269076581491, 23.294779308281104, 117.3163985834105, 94.31418050289665, 52.2177461164137, 118.67074286992926, 67.50306069923211, 16.117702280841613, 84.99371619192979, 88.35158881538875, 97.34424171422499, 37.06990297411922, 60.241472817135936, 85.07449346382457, 87.9198239951275, 90.2049008284486, 18.79901041661442, 84.40952696789134], [52.42819134725403, 88.82481660498922, 60.64373085881329, 46.386394621707865, 36.89004521901829, 26.71429208494599, 44.25730630796272, 4.004950580303882, 25.423980792402176, 86.58988774519084, 55.933269185791154, 85.67649345906854, 88.09337290491739, 26.44918594075778, 63.700657828063754, 40.60607532791125, 9.293822567083277, 57.52314292361741, 17.778188594165524, 33.94683126909655, 32.06941202668391, 82.7609004053775, 0.0, 87.60083061653293, 63.39330149072954, 53.06194698544294, 13.234424394426835, 31.803777885614807, 52.3261885042077, 91.89518491506693, 68.46308625841382, 96.21556095699461, 67.12543337060056, 18.997505589003463, 49.99204269461541, 80.91802959423069, 96.58080186168478, 57.62493939934858, 97.07968243909856, 67.59347578052515, 47.75405330401019], [35.80094594002517, 2.540259996072317, 89.3509475993823, 69.17542668710621, 54.37534371531635, 82.6144290108998, 76.00641935027363, 91.60574209100636, 63.40989769520487, 3.7370047932847816, 33.881844162319666, 78.84492454846895, 24.405527249457794, 65.09119342882799, 78.2994295638076, 64.29828564822658, 96.8786684693333, 44.18355806345266, 98.49468382882286, 53.66184811238146, 65.82241610974005, 77.27269076581491, 87.60083061653293, 0.0, 60.415366694170274, 80.05034726610558, 99.9562313993027, 80.46212899248808, 83.00865573360751, 14.361053285728968, 66.06601923936147, 9.33383935640349, 31.0558904797225, 87.09418060491939, 57.499836206941744, 17.042076137104193, 9.616390473526137, 39.86931232688045, 13.21215230225815, 62.60005767672751, 46.55430832531951], [49.2804051055363, 62.86619011576571, 104.69349238845093, 18.638894234125743, 33.13184031725683, 41.37281414089793, 85.5249541859386, 66.36280663892578, 42.790101027271874, 57.10360834558494, 35.34740163092098, 26.056835249674528, 78.2443649171511, 38.83614608247352, 99.79633147732011, 22.7904402081982, 70.75893098483108, 69.48583386282786, 62.71034991486702, 45.87862275898674, 67.23093609313807, 23.294779308281104, 63.39330149072954, 60.415366694170274, 0.0, 94.15006005255788, 75.88984845121614, 36.31624201073888, 95.58140213795896, 53.86341952472569, 7.314834333194547, 69.12709948772527, 66.43733017129071, 76.09238418224757, 14.35299945947382, 44.20866176075694, 69.29298146726985, 65.13832360381683, 73.62663118162658, 4.645180806131945, 61.201383451581286], [51.39523902209724, 79.71567527010846, 10.650658224556182, 84.24026549504913, 61.28717700664582, 74.26179517435111, 9.365884960394562, 54.922465831920206, 54.33448055104209, 81.38477959858646, 65.50735730695115, 120.14748523496546, 65.72268837248757, 59.59634341295448, 11.415822539923369, 75.72096307306032, 57.26690103199981, 35.890073412184265, 70.7325969165902, 48.29170575248853, 27.565187401271015, 117.3163985834105, 53.06194698544294, 80.05034726610558, 94.15006005255788, 0.0, 55.47505807993696, 77.60472998380278, 3.25872230782683, 91.45022117681816, 101.20287169206807, 85.05712031628242, 49.11951255701209, 35.52670325197776, 80.29711070601564, 84.19630374720855, 85.45407405964777, 40.4643263471725, 82.56399819965574, 98.76820609242087, 36.87897148933692], [64.40074813462343, 101.06299240814725, 61.15805845985781, 58.30042355116073, 50.1142730059024, 36.904631980546945, 47.781526292060626, 9.647286881422625, 38.58686377368002, 99.12036126945078, 68.9083830822703, 97.1943028072117, 98.79917782902118, 39.65890372547689, 66.75757531827762, 53.194022606147925, 5.374227766443756, 66.9765779866946, 20.070713369440085, 46.38717020242876, 40.116335922042126, 94.31418050289665, 13.234424394426835, 99.9562313993027, 75.88984845121614, 55.47505807993696, 0.0, 42.31974203996422, 53.993869381205926, 104.79802616318712, 80.59371425984922, 108.37670230433476, 77.72859271837189, 20.20186899535296, 62.82630375124306, 93.91113630042517, 108.74996891854202, 67.79577311636179, 108.9208843959063, 79.95539379684368, 58.0137433347098], [52.38773694993576, 82.4061226061817, 86.95955545917987, 17.67834571654745, 27.646188347772984, 5.458712519060325, 68.23884503372312, 33.61054950813399, 25.503430359719225, 78.20903045334354, 46.78756699594416, 55.058647145861514, 89.715153403529, 20.47133313998669, 86.48231890986453, 17.05173502489506, 36.952103527092746, 67.15829634756159, 26.585677716921143, 36.612205952444924, 50.865684284112376, 52.2177461164137, 31.803777885614807, 80.46212899248808, 36.31624201073888, 77.60472998380278, 42.31974203996422, 0.0, 77.86408501705637, 79.6652332484536, 39.58808407577914, 89.78792820799826, 71.28062824685499, 49.05751441194006, 26.636727394942362, 68.38272984665002, 90.07770974130476, 64.81037039574235, 92.53453846598741, 39.673855965631056, 56.47678159928686], [53.76649097746822, 82.71490136288051, 9.246066181224183, 85.14178292036061, 62.58034771629191, 74.33946692113967, 10.09559700376103, 53.9751402244556, 55.13633343127657, 84.28216506437634, 67.66170953271934, 121.52070315925286, 68.93769512082861, 60.33475560860257, 13.6717128343889, 76.68641043726728, 56.05298692178749, 38.82626414756386, 69.87171244913972, 49.70682378889033, 28.566313601798697, 118.67074286992926, 52.3261885042077, 83.00865573360751, 95.58140213795896, 3.25872230782683, 53.993869381205926, 77.86408501705637, 0.0, 94.25470039520727, 102.57299312564481, 88.12995273449124, 52.14023706336841, 34.30773013028341, 81.60967852519947, 86.82642631628663, 88.52763366565802, 43.315589390810516, 85.69923835324666, 100.21251822143958, 39.29830001668088], [43.13576654406235, 16.362105177135096, 101.194765505527, 65.97099852096862, 56.15000864172422, 82.66593323347942, 86.49110480517157, 95.85796434758439, 66.68937531802231, 11.27400398907353, 35.98890963096041, 68.70748362697681, 38.71486801046493, 67.24476713083627, 90.76215460419239, 62.74246114426646, 101.15392832291003, 55.727584444964094, 100.59418284024323, 58.71669719210059, 74.20851582276619, 67.50306069923211, 91.89518491506693, 14.361053285728968, 53.86341952472569, 91.45022117681816, 104.79802616318712, 79.6652332484536, 94.25470039520727, 0.0, 58.421432654929404, 18.53857769404917, 43.45299033036083, 94.16235184225333, 54.367771042882644, 11.352804290416003, 18.503051512222132, 50.99863625278721, 24.365623428964238, 55.11505938225876, 56.03995453308735], [56.568599481321606, 68.55843148571142, 111.7150391238437, 22.340110572873808, 40.01398716222463, 44.90808107746522, 92.4986324726417, 71.20854718438903, 49.1453649764876, 62.63121594164809, 42.50615121401786, 18.948199380188264, 84.79165276055888, 44.887686992034524, 107.00561501291972, 28.237118221222797, 75.35776431325723, 76.79391560278202, 66.1720382769113, 52.911171447934244, 74.13748210020638, 16.117702280841613, 68.46308625841382, 66.06601923936147, 7.314834333194547, 101.20287169206807, 80.59371425984922, 39.58808407577914, 102.57299312564481, 58.421432654929404, 0.0, 74.51711830194634, 73.56307702411955, 82.06759838724047, 21.01117769066869, 49.452126557700446, 74.65737879135833, 72.43019182360948, 79.25786268401716, 3.4940078610320744, 68.50449570304393], [43.99036241315278, 7.501618445171806, 93.83876143833294, 78.43015402776281, 63.57696473799577, 91.9017270904837, 81.82596345103147, 100.21684851413909, 72.35453466898623, 12.105391645026323, 43.155652711403754, 86.39965050300535, 23.45098318357749, 74.20797355451212, 82.17919399559837, 73.62803800028618, 105.46633315915234, 49.62833727425459, 107.53332335589543, 62.28177571659069, 73.0636436298377, 84.99371619192979, 96.21556095699461, 9.33383935640349, 69.12709948772527, 85.05712031628242, 108.37670230433476, 89.78792820799826, 88.12995273449124, 18.53857769404917, 74.51711830194634, 0.0, 36.08901974872072, 94.78073591926062, 66.73739682355382, 25.072265954259752, 0.40156822078467647, 45.80787419392809, 5.930036266290681, 71.0822336547564, 53.480040417973825], [19.142474026174998, 30.606777170331068, 58.296938610333534, 66.667029110885, 43.95429307397218, 71.38055735218845, 45.77841230653298, 70.94975892879553, 47.73786181151054, 32.73747740337981, 31.096071388396833, 90.6755365795951, 21.070688367717025, 51.61623924759911, 47.37796837623406, 59.03999773004709, 75.87255529215362, 13.56252152528364, 81.68558901333536, 35.911523870753854, 39.07213435480947, 88.35158881538875, 67.12543337060056, 31.0558904797225, 66.43733017129071, 49.11951255701209, 77.72859271837189, 71.28062824685499, 52.14023706336841, 43.45299033036083, 73.56307702411955, 36.08901974872072, 0.0, 61.463763103643544, 56.92925179147182, 38.46538734295379, 36.4892361984587, 10.359808446540413, 34.240330009575125, 70.24632509317387, 19.757825198250533], [51.45584673705007, 87.81132045110378, 42.12632636380549, 61.11375953589534, 44.90017036947321, 44.461568544863695, 27.58878930676526, 19.920082747398215, 33.63877494712512, 86.88782346114738, 59.73115060328852, 100.28525810143618, 82.30783335798606, 37.25742809400263, 46.69464200189905, 53.886374835973626, 21.75542428123917, 49.436956260535, 35.86526893536861, 36.299500006824644, 22.416007074841545, 97.34424171422499, 18.997505589003463, 87.09418060491939, 76.09238418224757, 35.52670325197776, 20.20186899535296, 49.05751441194006, 34.30773013028341, 94.16235184225333, 82.06759838724047, 94.78073591926062, 61.463763103643544, 0.0, 61.8653437061033, 84.0563797831554, 95.17170028632911, 51.160047966168364, 94.47484054510463, 80.59818567552405, 41.903161050073294], [38.44946183834405, 59.72895620655305, 90.7729967905184, 11.72003955626738, 19.029420524842678, 30.836466825791547, 71.52632478288659, 53.20061313488813, 28.451301050102476, 54.71033630514227, 26.699986213854512, 39.93632436886532, 71.58565213600103, 24.65998963334558, 86.43337888989811, 10.116226814851409, 57.86434374403364, 57.90143395944876, 51.56487681637527, 32.037360719010394, 53.138540966726076, 37.06990297411922, 49.99204269461541, 57.499836206941744, 14.35299945947382, 80.29711070601564, 62.82630375124306, 26.636727394942362, 81.60967852519947, 54.367771042882644, 21.01117769066869, 66.73739682355382, 56.92925179147182, 61.8653437061033, 0.0, 43.39096696446485, 66.97539208093256, 53.965688056668434, 70.3723545470312, 18.966959186080498, 48.77995568038878], [33.971372743271594, 19.58231614981258, 94.3079027073132, 55.06842664606844, 44.89055952348942, 71.32761492576479, 78.47775053642913, 84.85995996251428, 55.60659430312193, 13.399963478988136, 25.002886413835647, 61.8028495650497, 39.57423425541606, 55.98955981599891, 84.70381005976708, 51.511433581478364, 90.1470100299574, 49.25166141517221, 89.28257306433909, 48.160566514736345, 64.91981356794078, 60.241472817135936, 80.91802959423069, 17.042076137104193, 44.20866176075694, 84.19630374720855, 93.91113630042517, 68.38272984665002, 86.82642631628663, 11.352804290416003, 49.452126557700446, 25.072265954259752, 38.46538734295379, 84.0563797831554, 43.39096696446485, 0.0, 25.20701322531866, 44.2731736415983, 30.013418826946243, 46.02560416277102, 47.78966205857472], [44.36660550586883, 7.837446490022037, 94.23072907062743, 78.67158680371305, 63.8971654148223, 92.2064275696141, 82.22709639512128, 100.58237367190235, 72.70033361981915, 12.312909440098112, 43.46227092049363, 86.46852504618911, 23.76692501495507, 74.5389925171306, 82.56471594727529, 73.89871082676706, 105.83302515711748, 50.0290952731169, 107.8728290335814, 62.64504728377227, 73.45984972064058, 85.07449346382457, 96.58080186168478, 9.616390473526137, 69.29298146726985, 85.45407405964777, 108.74996891854202, 90.07770974130476, 88.52763366565802, 18.503051512222132, 74.65737879135833, 0.40156822078467647, 36.4892361984587, 95.17170028632911, 66.97539208093256, 25.20701322531866, 0.0, 46.20943587834963, 6.065982770340653, 71.22584015025791, 53.878177014672424], [15.864218694882327, 39.78960777600632, 50.24182583626927, 62.51759623425804, 38.503751106053905, 64.28133816820416, 36.160696298135385, 61.36683887412079, 40.13497204823733, 40.98521023788663, 30.57654396252922, 90.43672030915124, 31.187132981041213, 44.55175431036554, 40.46458693699495, 54.35282432676672, 66.17326761861075, 5.057594772639377, 72.85470280106836, 28.37263594937968, 28.750489941510494, 87.9198239951275, 57.62493939934858, 39.86931232688045, 65.13832360381683, 40.4643263471725, 67.79577311636179, 64.81037039574235, 43.315589390810516, 50.99863625278721, 72.43019182360948, 45.80787419392809, 10.359808446540413, 51.160047966168364, 53.965688056668434, 44.2731736415983, 46.20943587834963, 0.0, 44.37177626276389, 69.30632004768539, 9.871598322053428], [44.6515831001979, 10.776132443341867, 90.96777182832766, 81.99067706119529, 65.7713487590109, 94.35378504263703, 79.92783919356017, 101.06370248885779, 73.88163952887733, 16.65096130200555, 45.74704244073267, 91.69073043464213, 18.80109452354944, 76.11417300198133, 78.99276888766121, 76.74464792379653, 106.2630242766754, 47.761892348874504, 109.15576794412179, 63.31237037515247, 72.41742704406624, 90.2049008284486, 97.07968243909856, 13.21215230225815, 73.62663118162658, 82.56399819965574, 108.9208843959063, 92.53453846598741, 85.69923835324666, 24.365623428964238, 79.25786268401716, 5.930036266290681, 34.240330009575125, 94.47484054510463, 70.3723545470312, 30.013418826946243, 6.065982770340653, 44.37177626276389, 0.0, 75.79638064472638, 52.7280813217799], [53.4424728445331, 65.08920760973072, 109.31845386541791, 22.089742758230827, 37.77689621430688, 44.874399122389505, 90.15938109440278, 70.47845693321509, 47.37505039627613, 59.17671897279022, 39.22976494036673, 21.509852397401062, 81.31114446549081, 43.343386471671465, 104.34118641645722, 27.060158494593736, 74.77825810289578, 73.72564478198514, 66.21660675796593, 50.50700088469841, 71.87330521232373, 18.79901041661442, 67.59347578052515, 62.60005767672751, 4.645180806131945, 98.76820609242087, 79.95539379684368, 39.673855965631056, 100.21251822143958, 55.11505938225876, 3.4940078610320744, 71.0822336547564, 70.24632509317387, 80.59818567552405, 18.966959186080498, 46.02560416277102, 71.22584015025791, 69.30632004768539, 75.79638064472638, 0.0, 65.6142515683726], [14.52929747221206, 46.89003694631532, 47.33278907573733, 56.08681866267545, 31.5527556006844, 55.506012809201806, 30.68822645571016, 51.49624543495956, 31.26508236508653, 47.0376735587386, 29.078703000869055, 87.07313143153985, 40.81394972330656, 36.021844645403235, 39.64908837657243, 47.61476837270186, 56.31510586477459, 10.749348707051038, 63.11566800792812, 19.892049980082547, 19.690199963290475, 84.40952696789134, 47.75405330401019, 46.55430832531951, 61.201383451581286, 36.87897148933692, 58.0137433347098, 56.47678159928686, 39.29830001668088, 56.03995453308735, 68.50449570304393, 53.480040417973825, 19.757825198250533, 41.903161050073294, 48.77995568038878, 47.78966205857472, 53.878177014672424, 9.871598322053428, 52.7280813217799, 65.6142515683726, 0.0]]",Route_1,2213.325765061422
