instance_id,num_cities,city_coordinates,distance_matrix,best_route,total_distance
928,77,"[[15.197865070604221, 53.47694822376686], [55.879550893403895, 60.90778796969801], [42.325626869880125, 83.3551864005589], [21.30295316675762, 50.11639968068341], [66.78091492377135, 8.2307432508117], [14.349637543891836, 69.56388352233948], [53.899828129603414, 15.852102396397783], [97.70957453774352, 1.2501142445467628], [97.10509850796034, 97.63135265555579], [98.2195187261956, 72.2232594973277], [33.20510645700494, 72.593794562839], [50.551955990159136, 8.776693704248672], [14.274315287197636, 22.75332758855687], [62.69015742981354, 89.2648553798698], [26.916060510235283, 83.30553904436256], [50.06175930760388, 84.15762027707667], [63.17500187794778, 94.41729065410233], [45.14731158882388, 31.729192103098136], [74.50069360860111, 47.40002287685212], [57.14525475512414, 36.898289488869786], [11.168476313379017, 20.53194545932645], [25.65147379987488, 77.57840297628051], [39.16930234125368, 63.90522888283255], [60.52600786280053, 98.80856371488699], [75.52786204422604, 45.809392682966056], [26.248515480389457, 19.839951249943468], [50.65227493614859, 99.26426038483956], [38.660026631555574, 87.81081095088587], [91.70076165035314, 28.27933040562195], [29.877889703987293, 47.901468156342816], [66.11092088994423, 95.10770071039819], [66.21294474541601, 26.448098189351754], [40.6216847982363, 35.79216775386564], [86.04090732312369, 16.193455211266915], [38.0401254604121, 42.052646519006665], [2.1836196254604756, 43.54824904785749], [69.06772384771392, 25.70379119929903], [77.33150492163637, 5.814694167652235], [74.89125645017593, 36.56598568364008], [38.254961276355125, 60.919862541814965], [27.755711358869593, 53.87153284346121], [38.917701505297664, 16.242003669109163], [29.13504627204391, 96.16348184056436], [65.25015630461904, 22.27750513929103], [42.718270760453535, 29.081152149201383], [52.50147291950963, 74.3564647765401], [60.38182111101713, 11.554538011476767], [60.69322147332017, 60.47972393370603], [73.017398522527, 20.73999753570739], [46.404741370113896, 66.9303837638271], [50.992582030865876, 8.37924895205865], [54.218257214571096, 82.66556402851357], [15.630496548870376, 65.8740846857842], [57.03301819753213, 37.53864558097734], [8.44412033608134, 65.92394561007502], [1.137029243024279, 83.71300560541404], [99.37575135648295, 2.7875432076455264], [92.27517705253251, 32.385195961121916], [76.96408919895691, 29.649766531059484], [80.28897791375229, 39.04878532955615], [4.792175334805416, 87.29110032258842], [80.64823611297898, 57.182017619881954], [52.14752264518615, 8.778775967159568], [28.012826483206155, 63.3754081438594], [67.46816333695054, 0.872901832796813], [46.896230389505, 90.6490768280801], [60.11714037596994, 80.35468077598225], [45.76566448223991, 36.212165157860845], [79.25136741460301, 31.0483300766937], [85.5613192721773, 89.13325989027514], [55.229282905149226, 58.309131125216695], [55.35076580553299, 38.94823649414303], [32.09116456274651, 50.66437783386657], [83.2890224856566, 65.69040164456081], [25.60166497670011, 76.49184287738632], [71.21834364598494, 52.87426542979807], [59.2615598073183, 12.486875346953852]]","[[0.0, 41.35476926201729, 40.35622104195791, 6.968887082756778, 68.6150865087919, 16.109282331548304, 53.97657795890205, 97.65154574650943, 93.05055787090978, 85.11180389390302, 26.262417183111655, 56.99144233003637, 30.737498420312793, 59.46673130538163, 32.04779141694348, 46.44130444993383, 63.07073247191352, 37.012622752674304, 59.613375129068416, 45.1047162366991, 33.19049835277921, 26.270859457812694, 26.14151568530267, 64.1061299098963, 60.815293658819755, 35.40571196708648, 57.90935273208919, 41.58469856662225, 80.54572073549937, 15.70315577261388, 65.76669982191893, 57.7329809416619, 30.969695991593678, 80.05495291863828, 25.539841995540467, 16.369167719592472, 60.60783724710435, 78.30887346174369, 62.04257915680406, 24.22863304000162, 12.564043951761699, 44.148292565817805, 44.90417766822756, 58.97997207998732, 36.7767262741761, 42.74942537651762, 61.63666410075655, 46.03114512863939, 66.44400942861934, 33.98329083834369, 57.57659456642668, 48.72952180830488, 12.404683085587736, 44.768398768401994, 14.161243302544369, 33.345558477200775, 98.26155057013254, 79.91103826048248, 66.20272676024143, 66.67101960868241, 35.37902289549482, 65.55515699633825, 57.99313578312693, 16.192675652780643, 74.15773579038222, 48.85236441428494, 52.3464784021586, 35.10645375401495, 67.86673761512246, 78.88211615338452, 40.32200894594653, 42.70057261854403, 17.125831948531985, 69.17784444880706, 25.25716588224582, 56.02372039024931, 60.18135316106448], [41.35476926201729, 0.0, 26.222024192446906, 36.221473900914106, 53.79322241730958, 42.42241969801392, 45.09915858086051, 72.86143638703956, 55.21019814632474, 43.82593720588796, 25.50868833543344, 52.40261688853186, 56.45138153157992, 29.16346401747935, 36.613426886574516, 23.96667271977973, 34.29446566465182, 31.089731700951226, 23.0044924704556, 24.04283726115673, 60.243579313673536, 34.52022667176488, 16.976956697310946, 38.18453043387544, 24.779379962257565, 50.641539001966905, 38.71102414128066, 31.94189508045358, 48.45384797004763, 29.073196241495182, 35.69754842391298, 35.97567578598771, 29.38701850484313, 53.93587837156547, 25.956915435098477, 56.43231898753232, 37.593208089800704, 59.12220662585602, 30.88637704087244, 17.624593753181237, 28.990674989826097, 47.777993070570986, 44.251920610954144, 39.75055971090132, 34.440587137685576, 13.866445782990018, 49.55818518217826, 4.83266626934462, 43.67101109097463, 11.226917457703523, 52.7553776973597, 21.82110711473864, 40.554290509160936, 23.397591816381325, 47.69991519522527, 59.302796123409344, 72.59395502330237, 46.24045694413861, 37.70439841473032, 32.766387104522884, 57.49781832535444, 25.047337826722536, 52.26243323082358, 27.975765917626614, 61.1431393685131, 31.06838119750517, 19.90323602939642, 26.686410107064976, 37.91871613286364, 40.95954881624602, 2.6787806651382224, 21.96591711440029, 25.90009218955526, 27.823596577895763, 34.05309300123519, 17.3151970103061, 48.538878886035484], [40.35622104195791, 26.222024192446906, 0.0, 39.32899378623016, 79.00470284963038, 31.19063984349462, 68.48816310044688, 99.03850025631745, 56.60918155111895, 56.99163924142183, 14.106432819342306, 75.03082075819742, 66.7791986548099, 21.20467619114924, 15.409646337676776, 7.777637508921652, 23.602258128054178, 51.70304818726429, 48.249442521729144, 48.763353466721426, 70.12508561963132, 17.646489943696537, 19.70439626000677, 23.875944770970808, 50.120605008884404, 65.51838373211038, 17.956383351243307, 5.769680687930774, 73.96792445489403, 37.57542145993057, 26.53039397038563, 61.71726374334015, 47.59353066719478, 80.13565923762314, 41.52427390090965, 56.53293736409718, 63.551735770344756, 85.07608026875644, 57.006574477766634, 22.801624394350362, 32.88720518792901, 67.19965216900701, 18.38596879651648, 65.23815753113544, 54.27545451806308, 13.583991817295246, 74.03620235780785, 29.33692749059987, 69.73268045729523, 16.923750079743254, 75.47520989069167, 11.912608258962011, 31.90954246017942, 48.11925573340757, 38.10255425159419, 41.19015184543993, 98.72113164666155, 71.36453943553204, 63.906926040000506, 58.34614981594608, 37.73925545817548, 46.40751171115565, 75.22041365049655, 24.577383792740367, 86.22919695506418, 8.60762766982242, 18.042754413905115, 47.26836479786381, 64.02747483121342, 43.620078298400834, 28.174620209188873, 46.27776403721327, 34.25541100994504, 44.60991370592817, 18.077510495685306, 41.99851933020945, 72.863868522416], [6.968887082756778, 36.221473900914106, 39.32899378623016, 0.0, 61.827608882550656, 20.653165034024774, 47.29268786746325, 90.6966683051543, 89.4630426183525, 80.03043988640874, 25.434121444093545, 50.640650236558216, 28.251362175316427, 56.969309811012046, 33.66045076571495, 44.56314206089025, 60.95766895404574, 30.110510308880045, 53.26704695267181, 38.20195047630878, 31.27215299059584, 27.8041589821385, 22.568523292210706, 62.524993866633544, 54.39568964585466, 30.677710412892132, 57.24416913641409, 41.49863419764028, 73.70691306666443, 8.8563795241077, 63.49780421265405, 50.765104541207634, 24.049885907054954, 73.08740568543168, 18.57840282263055, 20.21607078041778, 53.64185652146748, 71.42716376220228, 55.274948831155776, 20.10187525430671, 7.465863202340489, 38.18054562442837, 46.708408855886965, 52.02269421057721, 30.018285533147665, 39.508586289745004, 54.90150357868081, 40.730722149702586, 59.475682942175695, 30.212742870424155, 51.219759986087716, 46.29109353106777, 16.747578953442527, 37.879248214504585, 20.377146269217963, 39.1841347659923, 91.29831582356269, 73.15362020185431, 59.30468056465931, 60.01535805840323, 40.67633405840966, 59.764417213169544, 51.57699681631816, 14.860138133589496, 67.49924970214778, 47.936559698579686, 49.20258908136937, 28.13808775610518, 61.00499973168172, 75.17614645053956, 34.901528591743926, 35.83268639728743, 10.802119476330125, 63.912614770311244, 26.723452753105107, 49.991519582664, 53.449386522911205], [68.6150865087919, 53.79322241730958, 79.00470284963038, 61.827608882550656, 0.0, 80.68948471302049, 14.966880510811068, 31.70664231419121, 94.40352256132826, 71.29816228070973, 72.59433372097054, 16.238139362823553, 54.47796307905027, 81.1373010730523, 85.00253867300545, 77.74587332765121, 86.26194735915544, 31.94041157714427, 39.922768558376525, 30.243580379922822, 56.95667567519565, 80.62709740877118, 62.14539001243088, 90.79353183109268, 38.58320848598242, 42.162176355176086, 92.45125347793663, 84.4024379594077, 31.98350524536596, 54.18117463568269, 86.87954091407346, 18.22620671122356, 37.999176851587755, 20.841115348951135, 44.384165190530275, 73.62157819268437, 17.62205719162098, 10.823688949488758, 29.473099657180285, 59.91555159686099, 60.05038041446969, 28.99204986704444, 95.65238074630913, 14.129923619812828, 31.839447158524916, 67.6499335642782, 7.210826113244851, 52.60243334626386, 13.977666845426294, 62.1356278237052, 15.789031302790672, 75.48750170012998, 77.06568699308548, 30.886479721391915, 82.04685978898428, 100.03345269176711, 33.046206874392524, 35.119723621130596, 23.716483647425427, 33.64846925654355, 100.46464002894486, 50.87759683122466, 14.643650823382279, 67.40844715243047, 7.389867435487097, 84.78314920242806, 72.43112766869386, 34.99429557885938, 26.002970097332213, 83.0537222891803, 51.39343474017872, 32.77518421030264, 54.808686574652135, 59.78402761608752, 79.72018783490486, 44.86351352948601, 8.640333430322006], [16.109282331548304, 42.42241969801392, 31.19063984349462, 20.653165034024774, 80.68948471302049, 0.0, 66.70212145867008, 107.77592573742254, 87.38563464849081, 83.91203280882961, 19.0973576404359, 70.75090322296634, 46.81061653377515, 52.20090185976094, 18.621172966679392, 38.57891643544129, 54.786933190410124, 48.78483987231172, 64.10449488462086, 53.83777378430291, 49.135025562114684, 13.855108257774534, 25.456553831628824, 54.658105486683056, 65.62812650115168, 51.1278078620382, 46.90409222454058, 30.39646983082474, 87.67902101746033, 26.65308339829517, 57.721027798951084, 67.44459636442306, 42.787255729727434, 89.37584002774989, 36.30574856928777, 28.719770700711535, 70.1268612397429, 89.6140321700099, 68.95033634121721, 25.420141649204485, 20.63910572097356, 58.709561724595225, 30.43266241966725, 69.47563882898791, 49.43309508826518, 38.45167587513392, 74.0543455210845, 47.22551986855972, 76.32612934691446, 32.16310001053942, 71.31805443346212, 41.96618718124313, 3.9057925245562313, 53.36184825532579, 6.937166676452715, 19.358994649358795, 108.11345733023026, 86.34028327778033, 74.25433516811034, 72.65788206469769, 20.139496005638854, 67.44490177508901, 71.57869388739526, 14.999331968506306, 86.83333891945495, 38.779712255231686, 47.022394886410254, 45.818160880315936, 75.46974491433743, 73.85163577064861, 42.40064688637089, 51.17040513502568, 25.922058101728158, 69.04811842480795, 13.213808768627272, 59.267133267951536, 72.62827014082808], [53.97657795890205, 45.09915858086051, 68.48816310044688, 47.29268786746325, 14.966880510811068, 66.70212145867008, 0.0, 46.1791288173818, 92.49076257344255, 71.70733803088345, 60.397774255493, 7.827493597762083, 40.221986241066666, 73.93715026844362, 72.65046338845374, 68.41326293366038, 79.11079353685268, 18.129768982290692, 37.67846792433086, 21.2949474080819, 42.98685100278439, 67.8830295848375, 50.26023632179355, 83.22067490919926, 36.94876306895515, 27.93739482670683, 83.47535385988543, 73.5547910508191, 39.79128762723551, 40.052657481605756, 80.19077659252235, 16.244628885847117, 23.95652931433138, 32.142891803139946, 30.626764130020803, 58.66551594747249, 18.086482045568864, 25.49103844955683, 29.490761668278925, 47.706025441035436, 46.1410005661002, 14.987199244328245, 84.04291813518502, 13.042842868367833, 17.321517905822887, 58.52107154521871, 7.777229111556265, 45.141719032394796, 19.732537004178532, 51.62525692897374, 8.018454868563886, 66.81422043508674, 62.9820645247183, 21.91171000397735, 67.62699796549555, 85.95938070210295, 47.31534951929926, 41.785291524368695, 26.87630321023011, 35.135072583271054, 86.68963022018667, 49.23047046317451, 7.287147678294893, 54.11655424551061, 20.210793399159748, 75.12414901640383, 64.80152458996051, 21.924798149419868, 29.557162919168505, 79.82842892737989, 42.47783820393849, 23.141664382677032, 41.07934186067912, 57.85828218023169, 66.91759233138902, 40.87262574588056, 6.330317502157406], [97.65154574650943, 72.86143638703956, 99.03850025631745, 90.6966683051543, 31.70664231419121, 107.77592573742254, 46.1791288173818, 0.0, 96.38313394422462, 70.974977211322, 96.180804341291, 47.75448026565341, 86.1616542919402, 94.72567883999092, 108.37349476436215, 95.6241018401716, 99.3617605969417, 60.75990185491585, 51.6571991183537, 54.00237437073087, 88.66313042564174, 104.96845975179276, 85.74745978264228, 104.40435189074667, 49.77507070911751, 73.83945423339654, 108.72516861060708, 104.78360235366986, 27.689065686617106, 82.32548991162872, 99.03394089678729, 40.33579158957443, 66.72466272339473, 18.959462909407545, 72.28616598769497, 104.47171995206443, 37.66082749432533, 20.883034050475693, 42.04624139977295, 84.23378122772716, 87.53603069028658, 60.673232015292704, 117.09403603634131, 38.67512120049875, 61.63286592376271, 85.95528453813205, 38.72392445317178, 69.84523647408027, 31.457258416293943, 83.34316834920313, 47.2578242258942, 92.30368435783319, 104.4664185233391, 54.51091397374929, 110.23169134747882, 126.98970413499985, 2.267119980918431, 31.605790442972314, 35.169808244240365, 41.619907766939356, 126.63607053253003, 58.47620955595684, 46.1798800344222, 93.36588687231344, 30.243763664911572, 102.83078553886146, 87.58266696289617, 62.61401437313706, 35.05194826225737, 88.71881082716148, 71.13583193144532, 56.704647943158065, 82.14344267025557, 66.03410453457636, 104.21548996632643, 58.024462942436166, 40.05639320737158], [93.05055787090978, 55.21019814632474, 56.60918155111895, 89.4630426183525, 94.40352256132826, 87.38563464849081, 92.49076257344255, 96.38313394422462, 0.0, 25.432521116869406, 68.6300830493329, 100.31124311679031, 111.65866418195725, 35.41731844841414, 71.63609418909395, 48.93482632365901, 34.081984271329866, 83.92083404623844, 55.083079182186765, 72.70002802172606, 115.4531143981148, 74.21415818267742, 67.03736198720254, 36.59802861227677, 56.13459422506408, 105.22431986471639, 46.48151466385561, 59.264403025857604, 69.5622731588453, 83.62152244415341, 31.09675007709694, 77.59755718119635, 83.75237795793778, 82.1860539673315, 81.1027966035727, 109.24774253540389, 77.19888907803414, 93.92174284584706, 64.98025717387493, 69.36189269728773, 82.00158125268962, 100.04998399991415, 67.98590034472376, 81.81038857188427, 87.50461143218891, 50.31107056518919, 93.58320961606294, 52.01988375488672, 80.5760372738377, 59.27120468487265, 100.46045088167838, 45.42307767372949, 87.44503892900974, 72.22814592633884, 94.16012272688586, 96.97211301733996, 94.87098637070248, 65.42468268673696, 70.90244218634271, 60.948331448401674, 92.89023954690956, 43.66894806055605, 99.57893357344427, 77.11816769044147, 101.19558158314474, 50.69203698281804, 40.823919924577574, 80.05032216648667, 68.93514785427803, 14.334448705541863, 57.44406878418086, 72.02174964438768, 80.20416654347713, 34.800981424966416, 74.56285858536187, 51.704167474373776, 93.1757234344978], [85.11180389390302, 43.82593720588796, 56.99163924142183, 80.03043988640874, 71.29816228070973, 83.91203280882961, 71.70733803088345, 70.974977211322, 25.432521116869406, 0.0, 65.01546815137966, 79.35781781355557, 97.43752533533052, 39.40496801613634, 72.15954596249776, 49.614501503493614, 41.481238893203376, 66.75648780875531, 34.33330367551528, 54.17516651440686, 101.24167092720892, 72.76536749105767, 59.63319284100208, 46.125688737937104, 34.822458888757545, 89.01593279378874, 54.71616224462552, 61.56545182883669, 44.42480273260321, 72.54052516658226, 39.429173268591434, 55.85504606352353, 68.15229210241816, 57.3380985387666, 67.31883288742803, 100.22549645855491, 54.89888956407375, 69.61613799863672, 42.61043295535796, 61.02061072202665, 72.81438058431769, 81.55125093954868, 73.11496823573167, 59.846112963822506, 70.29672789107643, 45.76778645669349, 71.500944941626, 39.32090554711594, 57.32079138470597, 52.08440924106365, 79.41310491429678, 45.2233649625544, 82.83271458182605, 53.84561512624665, 89.99613053656176, 97.76003288603353, 69.44534232442501, 40.27910754036162, 47.584615031922866, 37.710078628064906, 94.63460424341686, 23.129827709893487, 78.4081074462222, 70.76202448541807, 77.69504100733928, 54.53063973581584, 38.96038049037382, 63.625511711672154, 45.333934055778386, 21.12292893296741, 45.18587549560995, 54.2674592443325, 69.55389710825466, 16.297176126961606, 72.74320234396909, 33.2181731456967, 71.31730613593005], [26.262417183111655, 25.50868833543344, 14.106432819342306, 25.434121444093545, 72.59433372097054, 19.0973576404359, 60.397774255493, 96.180804341291, 68.6300830493329, 65.01546815137966, 0.0, 66.13271165407768, 53.314604026752, 33.87170647656036, 12.421496236687045, 20.44183970377593, 37.073705145124585, 42.573841705947814, 48.37408035260938, 42.98022548826031, 56.53361124290463, 9.050065599442565, 10.538633977962963, 37.86351509461807, 50.08612407202414, 53.210545404999, 31.87032216815707, 16.165201572043777, 73.38605732726319, 24.915484235441017, 39.87064827057794, 56.735726683175294, 37.541515287459674, 77.28272855002368, 30.921499520537353, 42.496780578092604, 59.03219241689378, 80.04115998066158, 55.09753273867383, 12.719344422099926, 19.499204876724086, 56.640604508748225, 23.918518939912936, 59.65412140908889, 44.54043494266197, 19.376706761922804, 66.81590124909353, 30.03909410015217, 65.37457354079943, 14.363306851756999, 66.63259078926534, 23.30221115967105, 18.81545679102395, 42.38670602977861, 25.64358240833869, 33.94110237471889, 96.18454644420416, 71.45631281891485, 61.31099505149721, 57.81140541291605, 31.98914583965033, 49.88359870832322, 66.56704687315775, 10.580095438886138, 79.48486346942168, 22.659216496000163, 28.00872943331917, 38.48883703187803, 62.01841474549942, 54.90652906226254, 26.25101822301636, 40.27969470756996, 21.95769078516044, 50.55744731045234, 8.544419407248528, 42.82366204348365, 65.51168215533775], [56.99144233003637, 52.40261688853186, 75.03082075819742, 50.640650236558216, 16.238139362823553, 70.75090322296634, 7.827493597762083, 47.75448026565341, 100.31124311679031, 79.35781781355557, 66.13271165407768, 0.0, 38.87690200760808, 81.39828071962303, 78.18698320608425, 75.38252041266381, 86.56588897142166, 23.580232480916546, 45.44561133808477, 28.884177988610116, 41.100418675198576, 73.16904544998422, 56.29138650830428, 90.58266571685013, 44.66784835729018, 26.703050165370374, 90.48762228982098, 79.923774140272, 45.53654626304202, 44.25115809481449, 87.72185679435076, 23.612393044086055, 28.78274003757565, 36.25567566554945, 35.55045624088544, 59.56976602020762, 25.08705421052458, 26.942859577783885, 36.94111930625331, 53.57355817391886, 50.529330950261475, 13.823412396726239, 89.97296684368713, 19.95768027323215, 21.76321798404177, 65.6087417205358, 10.21482585703056, 52.6882206997744, 25.45224443421283, 58.30138125851074, 0.5933916403121006, 73.97977373893596, 66.9299662812399, 29.483114541972906, 70.98505634187241, 89.76238536699792, 49.18976435848849, 47.939425889683605, 33.664312704593065, 42.434537870174466, 90.87612212377945, 56.99878472922576, 1.5955680137345833, 59.06802838583116, 18.671582604237596, 81.95395931889267, 72.21427134282958, 27.849841656295787, 36.32742769335473, 87.65177263821636, 49.75278629314949, 30.550786732366724, 45.77530886699809, 65.65733526610542, 72.16549347989368, 48.700055552646376, 9.466923812608822], [30.737498420312793, 56.45138153157992, 66.7791986548099, 28.251362175316427, 54.47796307905027, 46.81061653377515, 40.221986241066666, 86.1616542919402, 111.65866418195725, 97.43752533533052, 53.314604026752, 38.87690200760808, 0.0, 82.26710824815282, 61.8577726278016, 71.07199385194647, 86.75828923685987, 32.15133036786548, 65.07439000364808, 45.14418454268415, 3.8184780077086957, 55.99311231832148, 48.09614704480419, 89.01470669692682, 65.44905750240487, 12.323523520366548, 84.71882190858175, 69.47761552622586, 77.62339404819149, 29.595616374683157, 89.00667946996637, 52.06988150351994, 29.39719770671482, 72.06577313855293, 30.614987250829973, 24.054390037646584, 54.87278794810751, 65.292621840154, 62.17075743150987, 45.07500163500348, 33.91298775288972, 25.48909224508425, 74.89921276427079, 50.97806169752482, 29.13931994118703, 64.21992952571223, 47.44802399768895, 59.8163508809032, 58.77757502563831, 54.62578669989775, 39.4315260839269, 72.00690641830587, 43.14207830242527, 45.24281492912703, 43.56252326860612, 62.35920644560297, 87.41216715652175, 78.59330330556986, 63.06796828180816, 67.99615889656212, 65.23062997968255, 74.77186678865355, 40.3691457501926, 42.882398703014964, 57.51815801634758, 75.32610510134164, 73.61712097835863, 34.246830259762696, 65.50438435284887, 97.40704466071848, 54.23582338017018, 44.15370722425792, 33.11294073174155, 81.28113027129845, 54.919367043293825, 64.41966518201014, 46.143820942161284], [59.46673130538163, 29.16346401747935, 21.20467619114924, 56.969309811012046, 81.1373010730523, 52.20090185976094, 73.93715026844362, 94.72567883999092, 35.41731844841414, 39.40496801613634, 33.87170647656036, 81.39828071962303, 82.26710824815282, 0.0, 36.26705752605278, 13.6220515902793, 5.1751969425368, 60.15067737689061, 43.49888464473745, 52.65931227131839, 85.89933952719946, 38.83860521208304, 34.5881667650407, 9.786005933591042, 45.31207232039714, 78.4079752411672, 15.64924008968804, 24.074082150371698, 67.53406113677305, 52.79748778033605, 6.770558633277072, 62.915459264027234, 57.84760847467155, 76.71171385896695, 53.25989806237219, 75.83567242126752, 63.88021785483646, 84.72483970313196, 54.0928616784589, 37.423487678827705, 49.73030064708979, 76.79496424020775, 34.25691947409269, 67.0362490485034, 63.410995826362225, 18.05739190558693, 77.74459365162984, 28.854315891860306, 69.29868722529811, 27.64133496424043, 81.72707383363748, 10.738889123047601, 52.552258142658964, 52.03464234961605, 59.05447154328173, 61.80299851542346, 93.93699123500184, 64.11371960563059, 61.3001137568415, 53.21063966655456, 57.93161520016532, 36.766847413457455, 81.17361718829052, 43.27563702323399, 88.52099633599107, 15.854469413142612, 9.27424542650952, 55.6868602214644, 60.52633719741873, 22.871540424564273, 31.84213423756177, 50.84907870852761, 49.257438334309654, 31.306039521265806, 39.22634472944492, 37.376530029578156, 76.85449563683194], [32.04779141694348, 36.613426886574516, 15.409646337676776, 33.66045076571495, 85.00253867300545, 18.621172966679392, 72.65046338845374, 108.37349476436215, 71.63609418909395, 72.15954596249776, 12.421496236687045, 78.18698320608425, 61.8577726278016, 36.26705752605278, 0.0, 23.161377662946858, 37.923368164546865, 54.70373003458004, 59.61126905511614, 55.38444723928376, 64.71870254892602, 5.865088839083892, 22.94589221915294, 37.013137329563094, 61.39273768399138, 63.46909839014565, 28.602249248895284, 12.578482230000043, 84.99965375793363, 35.52774503985426, 40.93321512141599, 69.11594382755868, 49.450627786838666, 89.4414853804876, 42.72640825911203, 46.822385030934534, 71.37733587717058, 92.44754228699352, 66.97914058746589, 25.093608410522084, 29.445979939243177, 68.12897447930818, 13.048010988710391, 72.06888248538027, 56.48003171872543, 27.105336345517866, 79.17173284582081, 40.766584823750215, 77.7160237711299, 25.454948283582265, 78.69960505319877, 27.309696316567788, 20.765826614446606, 54.78722184622324, 25.36399740010218, 25.782251299570753, 108.3215327213171, 82.85345771242456, 73.3740219670861, 69.33490146770009, 22.480013210807925, 59.74600460800188, 78.68205066108156, 19.96028590252799, 91.86736483279631, 21.286961633482687, 33.331955669761705, 50.72566839298674, 73.95809785185779, 58.934104774001796, 37.76849177878559, 52.68873460961217, 33.04885939217731, 59.061018510487884, 6.939314885090887, 53.74713671298795, 77.85572845118253], [46.44130444993383, 23.96667271977973, 7.777637508921652, 44.56314206089025, 77.74587332765121, 38.57891643544129, 68.41326293366038, 95.6241018401716, 48.93482632365901, 49.614501503493614, 20.44183970377593, 75.38252041266381, 71.07199385194647, 13.6220515902793, 23.161377662946858, 0.0, 16.649863871932926, 52.65825554625455, 44.14048568384192, 47.787239450549976, 74.5715358436646, 25.281379291089717, 22.99575995590153, 18.004183998250305, 46.03378051172749, 68.58449628493466, 15.118177272840327, 11.972690178705623, 69.68636735443883, 41.495748683179485, 19.428840649721742, 59.92703672500589, 49.27810877577783, 76.9001093953404, 43.78753813042829, 62.78086723720349, 61.4660623592724, 82.95331878376405, 53.67930338247866, 26.065184908483094, 37.61391852928691, 68.82384037193489, 24.126086096884976, 63.71684277178638, 55.56387464425956, 10.100240178026297, 73.33287959770662, 25.95516832980402, 67.44446786751568, 17.611117456838535, 75.78408798431538, 4.416186895897757, 38.98460630657962, 47.13732334600633, 45.43671164846824, 48.92675029161692, 95.14704017509989, 66.80087242887716, 60.785207687235776, 54.30001597593259, 45.37790134267859, 40.78254163345634, 75.40769574916823, 30.299435305709025, 85.08423606976692, 7.222159059788528, 10.750490094830045, 48.13754353243691, 60.60222707977558, 35.84655837369571, 26.359963800525428, 45.51771052862522, 38.0097298706995, 38.014328644929655, 25.6331886002954, 37.765716613984445, 72.25878498890825], [63.07073247191352, 34.29446566465182, 23.602258128054178, 60.95766895404574, 86.26194735915544, 54.786933190410124, 79.11079353685268, 99.3617605969417, 34.081984271329866, 41.481238893203376, 37.073705145124585, 86.56588897142166, 86.75828923685987, 5.1751969425368, 37.923368164546865, 16.649863871932926, 0.0, 65.2287920867847, 48.36212115297922, 57.83418837859854, 90.35332277149156, 41.128618961159205, 38.8234403908234, 5.128396278239325, 50.1529749811516, 83.21865746497095, 13.428023146745998, 25.389556620788667, 72.02741669963287, 57.20506465137836, 3.0160050548426875, 68.03705035623096, 62.8136700596762, 81.49735003799523, 58.084575989844325, 79.42045141528027, 68.96571017207188, 89.72639902819384, 59.02579188784076, 41.7502827981187, 53.837576257796265, 81.85225785862607, 34.08471448188446, 72.16962602104512, 68.46377759622278, 22.72357708012734, 82.90981627231905, 34.028189327058584, 74.33179866627142, 32.19893923555981, 86.89623681870914, 14.775870656157574, 55.454437098725485, 57.209301943696346, 61.70364742985468, 62.95468026330599, 98.52159600772372, 68.5186176684148, 66.21911438682453, 57.953080656927895, 58.816128942728035, 41.13124691235613, 86.34558758856586, 46.90391293133547, 93.64285298550368, 16.709214123098747, 14.391230439037475, 60.75295599878917, 65.37640777474184, 23.001482291110182, 36.97206559766637, 56.01816347861981, 53.670497691870246, 35.06861812466885, 41.63024530182873, 42.314516322234276, 82.02382569255109], [37.012622752674304, 31.089731700951226, 51.70304818726429, 30.110510308880045, 31.94041157714427, 48.78483987231172, 18.129768982290692, 60.75990185491585, 83.92083404623844, 66.75648780875531, 42.573841705947814, 23.580232480916546, 32.15133036786548, 60.15067737689061, 54.70373003458004, 52.65825554625455, 65.2287920867847, 0.0, 33.27455443937027, 13.064080832778187, 35.77624322196606, 49.82206166736336, 32.72665484608619, 68.81966575710527, 33.48477108093393, 22.32752880218718, 67.7590589462019, 56.45558288340791, 46.681101726105524, 22.241802027701755, 66.75558604503166, 21.717524104140477, 6.081863940143159, 43.745231658462494, 12.533387640268298, 44.559723228339756, 24.6676220719947, 41.32049737999388, 30.13464497975582, 29.99332814963296, 28.15583442238728, 16.693143723776338, 66.3940534577209, 22.21393148745117, 3.5933765379269142, 43.25700017862687, 25.280564631716036, 32.68437539069207, 29.95837350278115, 35.22364296875394, 24.07045973174143, 51.73776221938394, 45.13442211423555, 13.22950381911331, 50.16378589718189, 68.11183317457079, 61.468225290976804, 47.13243091786337, 31.8846569403265, 35.895865459596, 68.67068273340129, 43.682513307473485, 23.99426088977041, 35.98713060988847, 38.083212469629466, 58.945835586379964, 50.87763676305384, 4.525417959760675, 34.11085159984809, 70.20341170872653, 28.427791051060368, 12.499003155146237, 23.00009203949509, 51.07008775845899, 48.84390653732467, 33.568032985521164, 23.863754040742705], [59.613375129068416, 23.0044924704556, 48.249442521729144, 53.26704695267181, 39.922768558376525, 64.10449488462086, 37.67846792433086, 51.6571991183537, 55.083079182186765, 34.33330367551528, 48.37408035260938, 45.44561133808477, 65.07439000364808, 43.49888464473745, 59.61126905511614, 44.14048568384192, 48.36212115297922, 33.27455443937027, 0.0, 20.285405146287832, 68.79580896859474, 57.419342571530954, 38.99652592457752, 53.274101707957314, 1.893456999471121, 55.56824850755152, 57.084553124829775, 54.01467580319214, 25.71853847364305, 44.62562129178642, 48.43976476553269, 22.531531890439965, 35.8124215675095, 33.272006222102135, 36.850610084518, 72.4195785068704, 22.366126831187664, 41.681567347476424, 10.841074727033332, 38.6851286267362, 47.19082333225005, 47.296632945420484, 66.60267928822779, 26.771502346458547, 36.683830591076934, 34.7938999081535, 38.52585295404745, 19.019065868312904, 26.70125681504245, 34.217210999186314, 45.5549350525395, 40.68212898555581, 61.7008189700248, 20.059073917757484, 68.60471256360007, 81.85878061509251, 51.07878072346508, 23.26751574637756, 17.920377177278834, 10.161072963453492, 80.31547534385786, 11.553341507797466, 44.62359202237191, 49.15622772648132, 47.05559982265507, 51.307768001450405, 35.956864168676255, 30.836181009217388, 17.02782308581415, 43.17407221572111, 22.144884584834845, 20.93209086359192, 42.53497581022668, 20.29218272925651, 56.89858515013318, 6.382879664036489, 38.09408181670536], [45.1047162366991, 24.04283726115673, 48.763353466721426, 38.20195047630878, 30.243580379922822, 53.83777378430291, 21.2949474080819, 54.00237437073087, 72.70002802172606, 54.17516651440686, 42.98022548826031, 28.884177988610116, 45.14418454268415, 52.65931227131839, 55.38444723928376, 47.787239450549976, 57.83418837859854, 13.064080832778187, 20.285405146287832, 0.0, 48.802882832622586, 51.44637861118932, 32.44240497581696, 62.00251241938276, 20.42860765889773, 35.29299365716301, 62.70305505098275, 54.16445790738257, 35.61417572350818, 29.403726594095055, 58.895829427881026, 13.835804998501594, 16.560551603518977, 35.547839593898495, 19.788212697507216, 55.36247193056368, 16.354267370290884, 37.06311635410914, 17.749112709646955, 30.559436507435887, 33.93871316085086, 27.54860870067495, 65.55100917414603, 16.716960373342154, 16.40870206231193, 37.744928210537346, 25.54958122404278, 23.846847135618077, 22.64984208811925, 31.89491047664984, 29.17517874481849, 45.86077554282669, 50.62678990630596, 0.6501176582429994, 56.694701753939356, 72.99684219256928, 54.28589001812011, 35.418631450299564, 21.10277905352646, 23.24341958499287, 72.66553728221619, 31.045446680640406, 28.56018849623281, 39.366688828104984, 37.47520510096082, 54.719188956270784, 43.557893060179275, 11.400256197837129, 22.86705582355716, 59.463979478950286, 21.496397086642745, 2.724421647732509, 28.586930994600472, 38.890645578775384, 50.62259896566756, 21.290458853561358, 24.502977114670692], [33.19049835277921, 60.243579313673536, 70.12508561963132, 31.27215299059584, 56.95667567519565, 49.135025562114684, 42.98685100278439, 88.66313042564174, 115.4531143981148, 101.24167092720892, 56.53361124290463, 41.100418675198576, 3.8184780077086957, 85.89933952719946, 64.71870254892602, 74.5715358436646, 90.35332277149156, 35.77624322196606, 68.79580896859474, 48.802882832622586, 0.0, 58.85622763503868, 51.6264270812836, 92.53861294713086, 69.14535320465029, 15.095907964226218, 88.07807767664775, 72.67895899590319, 80.90408490986042, 33.15317363516148, 92.62945259104522, 55.361488131105205, 33.17176321106884, 74.99802279354759, 34.427112890589086, 24.70785058603563, 58.12977596206835, 67.78011389927997, 65.7090796943426, 48.629841804302615, 37.23794373214918, 28.07887282843215, 77.73626522715195, 54.109842813218464, 32.68758884773939, 67.86380101476419, 50.02546502188582, 63.62802360748933, 61.8492721388031, 58.26156067464232, 41.63709198053256, 75.59014613123774, 45.56115905256815, 48.916091946015015, 45.47368242375578, 63.97246510420609, 89.97436958267195, 81.96826490934718, 66.42437305752281, 71.55778853672696, 67.062970201344, 78.55357923853013, 42.63120021036234, 46.035795066933765, 59.63331917025836, 78.69488244293395, 77.29638655382952, 37.98466426053907, 68.89030705492264, 101.19503656378761, 58.03852543227235, 47.866841135044254, 36.684088708682054, 85.09206393795695, 57.791236827314954, 68.20566125869567, 48.761335431548694], [26.270859457812694, 34.52022667176488, 17.646489943696537, 27.8041589821385, 80.62709740877118, 13.855108257774534, 67.8830295848375, 104.96845975179276, 74.21415818267742, 72.76536749105767, 9.050065599442565, 73.16904544998422, 55.99311231832148, 38.83860521208304, 5.865088839083892, 25.281379291089717, 41.128618961159205, 49.82206166736336, 57.419342571530954, 51.44637861118932, 58.85622763503868, 0.0, 19.227256129355844, 40.82833392502356, 59.1347961805735, 57.74153848420412, 33.09556569995231, 16.55066825639965, 82.41909355169102, 29.976374892594418, 44.09357252350352, 65.26515910399826, 44.38689751940821, 86.11036809451191, 37.623902798987594, 41.337532049503686, 67.64573981581567, 88.43560096881701, 64.08256055772553, 20.889108788469606, 23.800073680538134, 62.75465462816999, 18.908739607930084, 68.01650503876746, 51.4126336251922, 27.04262077697599, 74.60125849637663, 38.99088233177578, 73.98739864232908, 23.32548880496852, 73.69324720788724, 29.01620792304742, 15.408148873579734, 50.87222720755273, 20.782670418611488, 25.270364883560227, 105.01876882812618, 80.50555133289357, 70.21494634757104, 66.8564753168812, 23.00971147571881, 58.6571086956285, 73.72536389199638, 14.39795293452707, 87.36343302270781, 24.94358028617283, 34.57730311860185, 45.997242287517565, 70.97884388711213, 61.013968095986385, 35.30087292317643, 48.727176278489665, 27.673712553394502, 58.85075695493498, 1.087701138812965, 51.8327506455895, 73.25670515759728], [26.14151568530267, 16.976956697310946, 19.70439626000677, 22.568523292210706, 62.14539001243088, 25.456553831628824, 50.26023632179355, 85.74745978264228, 67.03736198720254, 59.63319284100208, 10.538633977962963, 56.29138650830428, 48.09614704480419, 34.5881667650407, 22.94589221915294, 22.99575995590153, 38.8234403908234, 32.72665484608619, 38.99652592457752, 32.44240497581696, 51.6264270812836, 19.227256129355844, 0.0, 40.91884227507633, 40.61285697223238, 45.920533816229494, 37.17687141725392, 23.91100616370881, 63.47250475168039, 18.505423696492034, 41.224326048744246, 46.199515519891634, 28.1505527626436, 66.88318697896479, 21.8817365946129, 42.21785586638556, 48.51046742371031, 69.50441661708798, 44.98324381438647, 3.1222478718129625, 15.196878473017266, 47.663889274321406, 33.78285332454152, 49.123093627407066, 35.004449677009774, 16.940339548947488, 56.48509349612357, 21.794797061689472, 54.85372195528364, 7.842393766851976, 56.77080578864018, 24.05038913525971, 23.621002758230954, 31.848219090045273, 30.791427808333523, 42.881252496982235, 85.79153807523423, 61.755537437834406, 51.0086523499, 48.04862646637003, 41.577467987051165, 42.02027506484743, 56.63355907340908, 11.16904935912826, 69.09341348490781, 27.837722966891064, 26.63449616406796, 28.467837500772347, 51.828059385829405, 52.80788561788465, 17.007036362208904, 29.743759495647364, 15.013999164527553, 44.155821217701856, 18.506853744057278, 33.89429455313317, 55.204582150608104], [64.1061299098963, 38.18453043387544, 23.875944770970808, 62.524993866633544, 90.79353183109268, 54.658105486683056, 83.22067490919926, 104.40435189074667, 36.59802861227677, 46.125688737937104, 37.86351509461807, 90.58266571685013, 89.01470669692682, 9.786005933591042, 37.013137329563094, 18.004183998250305, 5.128396278239325, 68.81966575710527, 53.274101707957314, 62.00251241938276, 92.53861294713086, 40.82833392502356, 40.91884227507633, 0.0, 55.08146474951043, 86.08709681865618, 9.884243084923432, 24.475941270219845, 77.11185398437303, 59.4208677560613, 6.699823915503537, 72.5835947179459, 66.08515897366648, 86.46540491743109, 61.04792415930017, 80.35879940825168, 73.60209695737473, 94.50018256470543, 63.87878276042015, 43.949439048046685, 55.616805702009, 85.347265576776, 31.502205124629416, 76.67672727237147, 71.96545993986845, 25.735156955938734, 87.25414483719821, 38.32920452296111, 79.06159539173774, 34.865864744039136, 90.93045241594085, 17.33159418848973, 55.68021951337515, 61.369404795367394, 61.59481403693946, 61.2774563451904, 103.58252240980138, 73.62114864622897, 71.08551009824632, 62.94287964415571, 56.91144042502829, 46.23498036716203, 90.41881273519706, 48.08966081334995, 98.18140043261943, 15.88546695025135, 18.458411853260472, 64.31311568429976, 70.29998828624953, 26.83986440843208, 40.84433051675905, 60.08362426922872, 55.91424637464832, 40.186658154625775, 41.44569645891898, 47.16233458432574, 86.33094874710676], [60.815293658819755, 24.779379962257565, 50.120605008884404, 54.39568964585466, 38.58320848598242, 65.62812650115168, 36.94876306895515, 49.77507070911751, 56.13459422506408, 34.822458888757545, 50.08612407202414, 44.66784835729018, 65.44905750240487, 45.31207232039714, 61.39273768399138, 46.03378051172749, 50.1529749811516, 33.48477108093393, 1.893456999471121, 20.42860765889773, 69.14535320465029, 59.1347961805735, 40.61285697223238, 55.08146474951043, 0.0, 55.703374099796704, 58.95945823187615, 55.88699691817862, 23.850907008275996, 45.69788566718232, 50.18965984215062, 21.485516255192238, 36.31509335260812, 31.426547270798704, 37.67550312760064, 73.3790887550482, 21.117968570344747, 40.03534734406683, 9.265302997612347, 40.21934150389255, 48.44766748845471, 47.05883920989609, 68.46771246480337, 25.6784144105145, 36.82802345447944, 36.676285543094075, 37.453940039938274, 20.863489158681116, 25.19478120848002, 35.9757198960175, 44.75483912439388, 42.57319137965125, 63.16871265470096, 20.259923655795113, 70.03444610348926, 83.49059753907096, 49.18944355170929, 21.463494999981204, 16.223324745851855, 8.268859420139808, 82.00164292837314, 12.472162144540892, 43.79391333013372, 50.65810402627924, 45.65355356573464, 53.20119928577941, 37.82680625913248, 31.27131560851462, 15.223451038102963, 44.47052657369461, 23.83853552947502, 21.311749737478287, 43.70717983252905, 21.342214710021018, 58.600664702360795, 8.275528729556092, 37.080759836757174], [35.40571196708648, 50.641539001966905, 65.51838373211038, 30.677710412892132, 42.162176355176086, 51.1278078620382, 27.93739482670683, 73.83945423339654, 1