instance_id,num_cities,city_coordinates,distance_matrix,best_route,total_distance
1226,94,"[[55.44942912569654, 40.87597119069938], [82.56967704778882, 94.92931764144897], [73.07474959199098, 16.728087965177906], [25.08916103059631, 27.76114319112528], [10.189309835512772, 84.16147404044445], [60.86837514510697, 24.26831247585706], [17.510454421885534, 59.87704707675461], [67.60356306733539, 87.60296908536299], [56.37479876611622, 9.05871368413812], [68.75000699861616, 38.87259510544764], [99.2091863592107, 36.12790083856869], [20.074361941550954, 48.260563370345785], [12.029505891595328, 1.3386169074298682], [21.718936454689665, 78.15174175847433], [79.79331958605988, 51.15483571898217], [53.75103796677995, 37.600902807981704], [51.06447314643513, 55.27002033214278], [88.46815838016694, 59.09415683643201], [44.78822458111239, 10.86351071127175], [47.297007982948124, 92.14275937849024], [94.93594501210309, 3.5136942378827363], [6.438860337525398, 24.263716298871806], [77.16154340057236, 17.897064258780226], [72.89266915017025, 43.19978381898796], [73.80667226800003, 34.570142559805205], [90.33899439056587, 94.21889064048257], [61.971342473712895, 16.512354938514484], [91.09554561522131, 14.101285953113562], [88.93019684710389, 75.07388369153722], [25.20809359343784, 31.555427664459767], [57.85832754895053, 84.01508244749884], [7.617088805008299, 64.44372371109604], [74.15908444067854, 15.508614514626927], [23.735363644291773, 53.343213126322944], [59.46536343546841, 1.3557237974991865], [98.01627516157436, 87.40848568009851], [88.42776446812583, 50.82571098426539], [13.065003278685626, 84.55651304918135], [84.86726989910025, 54.15469086395813], [67.17926873116471, 90.94121904460216], [2.0910680052961705, 23.42329492963733], [96.51763707044944, 88.47594068076354], [23.295775968788355, 13.422092152923259], [56.473566631738336, 64.42954085406569], [21.185911007945744, 54.945533166626745], [15.365832433259573, 32.517860923223864], [42.14217258724623, 56.179189410977905], [36.82664121810346, 54.465767294787135], [80.52994746819195, 69.3365711000022], [71.66237963330273, 31.912227786864587], [27.31309328033027, 72.63387998190294], [32.83525561365281, 40.11172241278722], [28.46531220542825, 35.22283271315448], [21.15854843413737, 13.679664295179418], [68.76890799012281, 20.54269380738387], [48.010783871533135, 16.432790217499527], [97.31615418254552, 9.01698632487582], [58.71295591098963, 94.24541638326434], [66.03034193931201, 38.69559446080812], [29.421445820219283, 83.199450093276], [78.70106313587509, 39.76683844370042], [84.05272354732863, 25.756404604327898], [94.33946685116346, 18.95891868664028], [17.13713342640062, 23.167431046536645], [41.86725687161507, 17.4433943759866], [47.709040363938016, 38.74602006660677], [39.94895415453138, 74.1567057972361], [82.12080632069643, 70.37062039632073], [91.19662317996504, 65.43109684982703], [58.9797193237914, 47.751284011976416], [8.64283307100373, 93.56650343588916], [6.555295745946332, 42.852824510124535], [93.39855179860244, 21.567560829062604], [64.66708577565285, 94.39627834714706], [53.11909081906801, 34.77697518545861], [38.49545982354853, 64.44197991734363], [83.05182457509495, 90.56798349258378], [25.656624990340827, 71.14288571335223], [42.94655339729799, 13.855215346312411], [58.19256960796933, 49.035774841110744], [84.17058076372726, 47.25435713809757], [74.80252296463863, 0.6300097127055593], [59.60564278965321, 20.573493701105285], [89.9593546554338, 52.46590509559502], [43.21524160991038, 97.94059952948915], [7.4001053747335455, 21.1869580803841], [66.05247239853564, 51.497761722196245], [67.83222109748647, 4.747441283803866], [21.400789347863146, 14.473180486171167], [29.91748896501374, 26.815068110322425], [20.74293265506374, 15.302138724768799], [63.95766059575777, 2.0665685491896957], [70.39305692332123, 91.47872537001655], [84.76373774241856, 45.33160062792129]]","[[0.0, 60.475384330159606, 29.89602290962795, 33.07180963093453, 62.62677666235867, 17.46938189948237, 42.43119944573852, 48.28183202944141, 31.830711336855785, 13.450609186670972, 44.01659374832266, 36.13762000938231, 58.723863270190364, 50.271554653205676, 26.424989285465365, 3.6892554045719073, 15.047142241181474, 37.71125521382705, 31.849789110301298, 51.9109385542252, 54.361058451306945, 51.74942381834898, 31.614016987264815, 17.597350018761205, 19.410096612532694, 63.739695793105525, 25.221442278401963, 44.58171587497015, 47.85874033684749, 31.645077127401343, 43.206315645285905, 53.323275775376004, 31.520691406384344, 34.07659124443347, 39.723767223164394, 63.06513526623301, 34.44659524419492, 60.86402296456719, 32.27590048209845, 51.42098968167305, 56.14009805948412, 62.867756435620514, 42.27969826708316, 23.575824514072277, 37.039725268958165, 40.945729094073094, 20.279831470640804, 23.05408396796268, 37.93465628585102, 18.525886212861174, 42.42897789946922, 22.62708376763034, 27.569920939549462, 43.76646669949554, 24.30742039721098, 25.55000076919543, 52.61005211617416, 53.46913396755665, 10.803229084564641, 49.68634401288799, 23.278072505982045, 32.3535121050295, 44.64070143662534, 42.20692355275034, 27.084332358707968, 8.028095040181142, 36.71337658514194, 39.76552141291021, 43.36837648435872, 7.7287046309961305, 70.47800807704888, 48.93408043483934, 42.578757876864174, 54.308272594854174, 6.529029705498604, 29.03091184242152, 56.84354247542636, 42.46995753434706, 29.773195123831606, 8.60855477526573, 29.42088303754191, 44.65735836821364, 20.723530206891276, 36.40414163234536, 58.36134980974674, 51.92682110608182, 15.008229767054305, 38.19167723798038, 43.086160512486835, 29.147709409221875, 43.11104039873698, 39.731092813298744, 52.76315705382253, 29.650991945603792], [60.475384330159606, 0.0, 78.7755417009097, 88.40573160486734, 73.17693635018905, 73.91836142179527, 73.90104275602197, 16.663131483643365, 89.77712555091622, 57.73507964614096, 61.110390999820545, 77.99767326942884, 117.19699232757551, 63.121309264285834, 43.862437555791075, 64.16432892035544, 50.650150403861716, 36.317362678887314, 92.16560120410197, 35.382567599181286, 92.24825627418588, 103.87265504491432, 77.22186200006988, 52.62688620220381, 60.991968891872375, 7.801730480891946, 81.07719424584813, 81.27644887321104, 20.849327793883123, 85.47865925016609, 27.014280000077648, 80.91515260801386, 79.86479921192803, 72.04776556149328, 96.38374744929216, 17.180230111371436, 44.4909576025947, 70.27442458575403, 40.839308536679106, 15.89872946403529, 107.65648051778632, 15.36852832871269, 100.7810654635111, 40.140295999492864, 73.25755765901035, 91.71448446491252, 55.99960316631843, 61.07146824477626, 25.673900605334943, 63.95406750652234, 59.58503662901338, 74.01676446617785, 80.57385827604335, 101.84710543992603, 75.656004599858, 85.76725432929923, 87.16872868256448, 23.866521831426287, 58.61553743323896, 54.42723835835214, 55.29796818004703, 69.18880924658924, 76.87671604177966, 97.11429417148604, 87.52574085661269, 66.11979216835692, 47.41336755361479, 24.562799012073317, 30.733845015532108, 52.74706591426322, 73.93940439932418, 92.14199532004275, 74.156671250593, 17.910524982435014, 66.97493062451099, 53.59117824262848, 4.387904032239668, 61.68378910511063, 90.23858371441982, 51.96595652827897, 47.70183174369536, 94.61864593404076, 77.82117593082371, 43.10160948484774, 39.46947437252466, 105.30147244527956, 46.466311441650795, 91.37813431709301, 101.06840667782882, 86.09183410226834, 100.81187402499944, 94.7095418919476, 12.656091998688153, 49.64622276956921], [29.89602290962795, 78.7755417009097, 0.0, 49.23763821714295, 92.20542332716444, 14.347493258719087, 70.35071833437894, 71.08574157865937, 18.376823976120292, 22.562858750264947, 32.54783440818122, 61.67120962227377, 62.95520310409585, 80.06425412324872, 35.07620480709494, 28.444335647652004, 44.38392524089645, 45.07594508963444, 28.88807303296801, 79.69858610314519, 25.5447072164922, 67.06062504269529, 4.250692791635651, 26.472322048961214, 17.857060871300106, 79.39067103714468, 11.105502706902637, 18.211237687797592, 60.461782032964564, 50.110545387590065, 68.98607922078058, 81.00300766231358, 1.631838705472139, 61.44137365214367, 20.531073319753176, 74.9519734154981, 37.394691619782385, 90.56414799446597, 39.24046559021145, 74.44693089169073, 71.29872963733801, 75.4806156746554, 49.88863420950856, 50.50770122853112, 64.44396548418514, 59.830059750095224, 50.131963111783946, 52.3264541304827, 53.13409896780413, 15.249684948376352, 72.24670767172627, 46.540425821130334, 48.29138108646788, 52.00562305688229, 5.752520285211561, 25.065705224391152, 25.43829367371224, 78.83652277220959, 23.069352414245994, 79.52391409730366, 23.71580544079655, 14.213599596893964, 21.38141262452901, 56.307033677937234, 31.215689406989867, 33.5888156782174, 66.29754497313617, 54.39993040404709, 51.9652323843233, 34.075043231367395, 100.27768425037102, 71.46565328546947, 20.892042354297036, 78.12193423142035, 26.907074291935746, 58.9265879388316, 74.51088643088802, 72.17651110099695, 30.264857558398326, 35.57057649729812, 32.480310635971755, 16.190531932273053, 14.007283224333145, 39.525706336453666, 86.52781201160309, 65.82583395421302, 35.47171535394381, 13.077461524302434, 51.72313578129795, 44.3203825939418, 52.35124062671569, 17.265035862998833, 74.79872504260256, 30.899731076961775], [33.07180963093453, 88.40573160486734, 49.23763821714295, 0.0, 58.33526279659923, 35.949298032889594, 32.998001094792045, 73.4065290481558, 36.44958158857261, 45.052567455001416, 74.59075538057978, 21.10389626556487, 29.473793233349006, 50.50317651066876, 59.49630083752439, 30.30386211066923, 37.83457626397893, 70.70116724025043, 25.953479308013254, 68.10419200868809, 73.93586418849362, 18.97539751384985, 52.998425060265006, 50.23471919872215, 49.19103956585225, 93.1352401056998, 38.559441712180536, 67.40500356573155, 79.46177236749708, 3.7961479975221213, 65.10241129303425, 40.63108442387801, 50.57649496000836, 25.617866217398145, 43.34708139118503, 94.21342495350422, 67.40736586531908, 58.05423677007749, 65.34555576818373, 75.91639579890855, 23.4036153262707, 93.7460069740768, 14.450765192752888, 48.26543589469102, 27.46318297429244, 10.824485327009661, 33.14197571215264, 29.170282646385182, 69.29788601844439, 46.75784633980124, 44.927813008712285, 14.578710107557699, 8.18994549911533, 14.619773024243928, 44.272184336826, 25.5681906821193, 74.61958158820167, 74.50314197432041, 42.37620226930742, 55.607324730429625, 54.93971938264429, 58.99763284629303, 69.8074781987534, 9.183514266620994, 19.696711417460193, 25.146102302830695, 48.717160028307234, 71.19112383012273, 76.08693685830016, 39.34686355304465, 67.8293973163379, 23.901108916194342, 68.58960073926524, 77.50260230719125, 28.894616497184465, 39.05397073616716, 85.46560450746057, 43.38545377900757, 22.63319003948576, 39.350293661967214, 62.2141426659954, 56.63494291167702, 35.256911637502974, 69.41518048439006, 72.48248677519355, 18.871210874411357, 47.34363671620854, 48.54482113841629, 13.790360347657321, 4.920143158566813, 13.195320889806935, 46.59368438401235, 78.18166832309618, 62.20752430593439], [62.62677666235867, 73.17693635018905, 92.20542332716444, 58.33526279659923, 0.0, 78.45736716749984, 25.36400108439836, 57.51730489437116, 88.16759042242036, 74.0299791126372, 101.1521753143964, 37.23693921472996, 82.84329776874269, 13.00189109624389, 77.03347549369741, 63.76135939011707, 50.054920568047166, 82.1945772011967, 81.05353989665112, 37.95631933484175, 116.98742052390324, 60.01505855954053, 94.2138634830629, 74.89707160591531, 80.66268629849294, 80.77823693880202, 85.19261833874297, 107.02452495981457, 79.26355774075316, 54.70795171526315, 47.66924249725946, 19.884818306443954, 93.83681145535235, 33.663938859872076, 96.35829871724972, 87.88696674122548, 85.04427600866012, 2.9027002252267082, 80.48108321748302, 57.39181437495681, 61.27567153803503, 86.4360729416413, 71.94330826651817, 50.314824996721065, 31.216925513060477, 51.90240034917596, 42.47344689468462, 39.892134842723415, 71.88590299749607, 80.67789067911471, 20.642417112429623, 49.52998565157019, 52.23985908849956, 71.33028599691222, 86.48074073629371, 77.57343946639084, 115.05555631914226, 49.56036845738191, 72.00949293230393, 19.25618198421402, 81.63788342465402, 94.16451572115933, 106.4547892319766, 61.38848046166944, 73.85658049581666, 58.90919825099824, 31.396366311960474, 73.24157173922218, 83.14452384245806, 60.87861690234973, 9.531325632478701, 41.46818761920958, 104.12384894531131, 55.430851432939434, 65.4354248282543, 34.497776386546775, 73.1436218513698, 20.21686128282715, 77.56292295505847, 59.482162813939595, 82.67625854014787, 105.60479555212517, 80.53201354908897, 85.83629268153368, 35.78514312965657, 63.03625402835995, 64.71175344519726, 98.12896523162036, 70.58438588924905, 60.64496124879635, 69.66338360095641, 98.13566655958876, 60.64679159224278, 84.07796600105678], [17.46938189948237, 73.91836142179527, 14.347493258719087, 35.949298032889594, 78.45736716749984, 0.0, 56.106071590500015, 63.691769359876986, 15.859512100909088, 16.595336447303858, 40.133123983668504, 47.32630997908032, 53.953740267217384, 66.60407270602572, 32.87915227307817, 15.113386565368451, 32.51495631868586, 44.436330519624235, 20.93465912090676, 69.21793516848429, 39.8917722700649, 54.42951500163844, 17.4945744630874, 22.42731043919416, 16.538658818622565, 75.9052092038234, 7.833990952830695, 31.891225485131837, 58.04026105890818, 36.39722143400891, 59.822545152938815, 66.7065451421054, 15.917765608004535, 47.161535078431605, 22.955503954411373, 73.25740882596837, 38.27290628358572, 76.94042819070312, 38.329395541411834, 66.9709179284498, 58.78338106353761, 73.44037987048524, 39.10678590932679, 40.400972843680485, 50.15764975860885, 46.24431254574933, 36.99965849851127, 38.599109416645284, 49.17037076968949, 13.2264875977353, 58.86582252212648, 32.200456970273166, 34.204678064588464, 41.09732117437099, 8.734910056666303, 15.05699380419273, 39.510043610777615, 70.01029141021253, 15.32293596729324, 66.79661926211274, 23.626448487912878, 23.232056065239142, 33.88958014499763, 43.745096207247556, 20.1896508814087, 19.564562580495753, 54.0968942063179, 50.76503350207123, 51.12902743336528, 23.558798207412472, 86.77411201082384, 57.40465731429254, 32.642096326144326, 70.23077530327738, 13.05692917611041, 45.98337629714441, 69.91245815689095, 58.626725690242765, 20.727380118808306, 24.91158620575643, 32.731499139314934, 27.43956692404191, 3.9046355501849326, 40.51406321783778, 75.7577653004908, 53.55698476527529, 27.718545607444277, 20.725818742457548, 40.66491041866649, 31.055487753290354, 41.115002210342524, 22.415644491758737, 67.8819502104915, 31.853578471403917], [42.43119944573852, 73.90104275602197, 70.35071833437894, 32.998001094792045, 25.36400108439836, 56.106071590500015, 0.0, 57.25422504053545, 63.97609139444247, 55.37760152695748, 85.08057796706399, 11.896063023986487, 58.794460653029205, 18.753020736151026, 62.89063733202564, 42.53946989746882, 33.868818520772074, 70.9620227175036, 56.09281141028784, 43.91258320099632, 95.76812693362564, 37.29463131154044, 72.94224683775951, 57.838748412968705, 61.72279611300167, 80.51930484874563, 62.106900507121345, 86.66132904808345, 73.0186513925102, 29.349067701552165, 47.016971589384966, 10.89647735333987, 71.95571618034364, 9.024437983553973, 72.00666405752415, 85.08329615465428, 71.49259786337164, 25.076644044822796, 67.59945230442096, 58.583051260050134, 39.580721608727124, 84.02399434350262, 46.81380974003569, 39.228169886830514, 6.150513032406156, 27.44311335212618, 24.9077435970042, 20.059836021889954, 63.72549802520072, 60.9463872761883, 16.088148257613923, 25.010349670471008, 26.97849504594341, 46.34119944271628, 64.61130248901343, 53.08176288133216, 94.63453647571487, 53.65473825999215, 52.94179275039054, 26.18790175932823, 64.41048894437567, 74.78029033839108, 87.04590962134878, 36.71151423806576, 48.927177591851205, 36.85749442654949, 26.5968968758645, 65.4569526750313, 73.8951888496534, 43.205717924918005, 34.83696568584362, 20.244496921710912, 85.00952923067018, 58.440783774124306, 43.565910928327625, 21.475778531799804, 72.37129803755408, 13.902489529441228, 52.583306542210856, 42.10187263888784, 67.84471051745874, 82.41718603740692, 57.59144200026908, 72.82697419579874, 45.930056713482514, 39.98927536730714, 49.259922171056445, 74.64284048882229, 45.57022939608468, 35.31329720277024, 44.69196091150964, 74.15790172964874, 61.60548448211146, 68.80824172864588], [48.28183202944141, 16.663131483643365, 71.08574157865937, 73.4065290481558, 57.51730489437116, 63.691769359876986, 57.25422504053545, 0.0, 79.34283335163407, 48.74385788907133, 60.40362633716672, 61.699674610975755, 102.61585787611435, 46.84788850488827, 38.43249393259913, 51.88544192419632, 36.317503637915266, 35.32822828013074, 80.05925394225086, 20.80783206633566, 88.41982383577644, 88.0510181859191, 70.35814207142737, 44.7170829209096, 53.394374732225074, 23.678476629142043, 71.31337412148805, 77.1645687301094, 24.734657652414377, 70.27590434309644, 10.384726565247345, 64.30184865717575, 72.39178697509386, 55.66102585286139, 86.6303504148117, 30.413333929741945, 42.26362593786093, 54.623579141251014, 37.640707877903026, 3.365106012307322, 91.71105486248008, 28.927249348390042, 86.4059170429661, 25.70767583130551, 56.75479313232428, 75.9154111036279, 40.44423734234423, 45.22491637386489, 22.377504531075406, 55.83845143171904, 42.981339954041665, 58.857911224483985, 65.38716515418554, 87.30288870009029, 67.07039994772212, 73.81782546715353, 84.01544356373566, 11.097972865071506, 48.93267126761232, 38.435205957379644, 49.1065158867685, 63.996659433156374, 73.66691391853261, 81.84619162219128, 74.73100681778908, 52.75218953766126, 30.75027464159902, 22.532292227334374, 32.376293856880636, 40.77410310603343, 59.26155097236512, 75.69323868383835, 70.89468659372477, 7.400807362092901, 54.775775374006, 37.19829423094646, 15.730228671165362, 45.06084729173166, 77.7605253803237, 39.6988069060786, 43.617388292097125, 87.27038836650665, 67.50494277500698, 41.646064440130964, 26.488805686742865, 89.64118939392971, 36.13850966766764, 82.85584331699056, 86.50238308818572, 71.52208810008985, 86.15874159635189, 85.6140667268932, 4.7752238429851985, 45.62170740058029], [31.830711336855785, 89.77712555091622, 18.376823976120292, 36.44958158857261, 88.16759042242036, 15.859512100909088, 63.97609139444247, 79.34283335163407, 0.0, 32.280230857316354, 50.670757382113756, 53.42758400371735, 45.012274929943, 77.29731768327778, 48.17167848193186, 28.662530954425304, 46.51542131705313, 59.443496723890796, 11.72629496702806, 83.5784956459744, 38.957787930832744, 52.19952156158208, 22.587722182158327, 37.92693913272129, 30.898272072462227, 91.68327177654486, 9.32084059621133, 35.085008149457245, 73.60609088463657, 38.43781538059957, 74.97104825089761, 73.78898031778019, 18.917770420363567, 55.01317674809059, 8.299858021021185, 88.72823298258834, 52.64859612338247, 87.0382450083145, 53.342928950956335, 82.59225905211734, 56.152155966371836, 88.98619786776696, 33.36556339833024, 55.37091525858381, 57.826101579439175, 47.244755358393746, 49.223032014201976, 49.43613032107471, 64.93759545491834, 27.495331160294917, 69.90267874360046, 38.966645261405866, 38.255725906663415, 35.51812877945971, 16.896619275100825, 11.15050446736286, 40.94137668065029, 85.21878487506989, 31.1700852764313, 78.88809815374783, 37.966445803593565, 32.32460985473204, 39.23429726526746, 41.69712564342493, 16.756241885487412, 30.926227201705125, 67.13834186484573, 66.4981714762435, 66.26013159727472, 38.780157422147106, 97.05620576679037, 60.19987381793893, 39.07978435848409, 85.73950061938642, 25.923514593642132, 58.197739987746424, 85.76377306718092, 69.2679624117224, 14.259179565473922, 40.018367152868954, 47.238889442076356, 20.26386117636151, 11.959452827933687, 54.88266265874456, 89.85078506041815, 50.454087098222416, 43.52849831216592, 12.24171541040166, 35.3906454524126, 31.86341733743869, 36.17471822687696, 10.31454735388896, 83.60364757630124, 46.06141751440889], [13.450609186670972, 57.73507964614096, 22.562858750264947, 45.052567455001416, 74.0299791126372, 16.595336447303858, 55.37760152695748, 48.74385788907133, 32.280230857316354, 0.0, 30.582592335175036, 49.57269782717228, 68.01481283662277, 61.27620221829815, 16.51690610837121, 15.052782909396385, 24.11749700324848, 28.243885227527834, 36.860220091907486, 57.427707323583775, 43.99949113578999, 64.00076826261684, 22.59926633634221, 5.990510150605667, 6.639349482750407, 59.40788504955543, 23.365158528546573, 33.36076817440962, 41.446029455357326, 44.15245363899384, 46.43783850117834, 66.26549860246251, 23.98194545533108, 47.283368135350734, 38.64867706444642, 56.676689441609625, 23.023707743134878, 72.02666171619002, 22.21055186562471, 52.092310542170544, 68.42583593670923, 56.84657572862583, 52.09429161673487, 28.352574205516397, 50.206399645146924, 53.761070864996626, 31.74106265579485, 35.5281339459702, 32.66222329945631, 7.5451062002380205, 53.44943568463412, 35.9361211530616, 40.44968974047265, 53.84821901516765, 18.329911042998535, 30.555854092532172, 41.320480885300356, 56.275143098890965, 2.725418731681912, 59.258803544071576, 9.991155558537166, 20.15459220703565, 32.42491270702351, 53.94942906555003, 34.37866923390594, 21.04134734664338, 45.546340272717245, 34.21847266807541, 34.77361920909293, 13.201880091401746, 81.26681958845806, 62.32194103136414, 30.11668926133468, 55.67359918702488, 16.158578004919583, 39.61225901696608, 53.637255396671144, 53.836894680411895, 35.940054365125384, 14.65434087896214, 17.551297103553477, 38.7185780606691, 20.456698389343448, 25.191556214652493, 64.3510170090173, 63.848196421217516, 12.910132649175027, 34.13749338060955, 53.26612287281423, 40.661387261974106, 53.481264018540664, 37.11671018429509, 52.63178274073439, 17.267261643768165], [44.01659374832266, 61.110390999820545, 32.54783440818122, 74.59075538057978, 101.1521753143964, 40.133123983668504, 85.08057796706399, 60.40362633716672, 50.670757382113756, 30.582592335175036, 0.0, 80.05948997916379, 93.86474824382641, 88.15181243699223, 24.55167314976577, 45.48200732234836, 51.81056020780586, 25.353867488136675, 59.99942074184964, 76.37105892297373, 32.89296374306909, 93.52589088034267, 28.608774221041845, 27.250148750097974, 25.450232474561272, 58.764303805343204, 42.08831973597711, 23.473451587584606, 40.27961278083145, 74.14222306794197, 63.26986397008238, 95.86917210097766, 32.44476189830249, 77.41230452820737, 52.8079137702794, 51.29445797369131, 18.228128841779373, 98.82383699926311, 23.035965930871388, 63.48555328588774, 97.94557633658707, 52.417189097602815, 79.23635292701081, 51.25735089777764, 80.26041853225838, 83.92103661027245, 60.48717413025353, 65.02199077580126, 38.10157143846388, 27.867516216437245, 80.63333499998987, 66.49337949714484, 70.74966345218789, 81.2146871225818, 34.19808803708846, 54.855936776855614, 27.176925076076074, 70.83495107362867, 33.27805234050713, 84.1787353122861, 20.828465738924685, 18.365355948220426, 17.846235351476572, 83.08908261520375, 60.30926677643048, 51.566651877222206, 70.41281934091887, 38.26978671290901, 30.378914812343606, 41.87496930565736, 107.24484797069381, 92.89762130519279, 15.67695682169722, 67.73743817274779, 46.1098894709119, 66.99137007052693, 56.787172312052995, 81.4618220377048, 60.51079562230091, 42.999721638444534, 18.707156065041843, 43.078828819265475, 42.5485633678014, 18.774710907249858, 83.4034265965267, 93.01687546739912, 36.5458657614249, 44.37620072633168, 80.76554685641655, 69.91472077605158, 81.18291284490931, 49.01881706017474, 62.402588824319345, 17.12831210460947], [36.13762000938231, 77.99767326942884, 61.67120962227377, 21.10389626556487, 37.23693921472996, 47.32630997908032, 11.896063023986487, 61.699674610975755, 53.42758400371735, 49.57269782717228, 80.05948997916379, 0.0, 47.606604255431364, 29.936385399045566, 59.78905179524703, 35.323460637557204, 31.772936272720717, 69.2465027180093, 44.82537846078566, 51.64029031669367, 87.2154740684642, 27.60028212473729, 64.65978939985251, 53.06020228053722, 55.44897469735133, 83.96002869618471, 52.56715434892173, 78.80903986267471, 73.8923551335832, 17.476176916753083, 52.01935881438424, 20.42249574887602, 63.22853281276786, 6.263885536103437, 61.25124467346181, 87.22099321590011, 68.40151766767438, 36.96656694843664, 65.06044620586621, 63.565010913572834, 30.664128299913408, 86.37621712399618, 34.98709169253797, 39.82885806732601, 6.776751618894692, 16.4317658962471, 23.445530598935882, 17.864585545248815, 64.02402614011042, 54.11646372144629, 25.425534292168447, 15.140806328008862, 15.504530532084113, 34.59789070445696, 56.03069790736018, 42.34915364111815, 86.6392105684528, 60.06286415544024, 46.94082155006489, 36.16757916245723, 59.238783377598864, 67.8208516278422, 79.8366594266436, 25.264453312320203, 37.74424690280238, 29.226734093761998, 32.64367638955592, 65.86817047547517, 73.16558797436952, 38.90869052672824, 46.725882094838646, 14.560521638371569, 78.03174484055758, 64.16397131852987, 35.68979205498736, 24.518872091627525, 75.86882493593123, 23.553393312963138, 41.314224120067955, 38.12608960442446, 64.10411623509151, 72.55233456410866, 48.262780611573895, 70.01140696804757, 54.80516676919506, 29.893425412925758, 46.091930902967256, 64.60808699285622, 33.81340934933998, 23.59653399437527, 32.96520501858199, 63.715218420023525, 66.3308419311727, 64.75564967052979], [58.723863270190364, 117.19699232757551, 62.95520310409585, 29.473793233349006, 82.84329776874269, 53.953740267217384, 58.794460653029205, 102.61585787611435, 45.012274929943, 68.01481283662277, 93.86474824382641, 47.606604255431364, 0.0, 77.42183938669483, 84.1046378215765, 55.277840202327184, 66.57570836232651, 95.80485367015169, 34.115352147579834, 97.41246836862416, 82.93496614236912, 23.596938356887183, 67.20390233281272, 73.8693572263714, 70.1480761153324, 121.48712375267266, 52.196066585815835, 80.08947720361056, 106.53922206003816, 32.9656006488781, 94.52871970306104, 63.25918059260743, 63.72498225087765, 53.30577017187231, 47.43586062851931, 121.6624296980502, 91.02563591481241, 83.22433834581088, 89.97153735373449, 105.21465036302284, 24.217876681583785, 121.37197989846767, 16.520872115621092, 77.17343597063504, 54.38328075314393, 31.357237317548226, 62.564055879077024, 58.629276208068895, 96.51959526730255, 67.01362035363785, 72.91503672307532, 44.002646875233175, 37.66000278750319, 15.350598306588003, 59.901221357145396, 39.0190521794671, 85.6315930811462, 103.97604481108235, 65.66303424131407, 83.68796558861848, 76.95339340027809, 76.04980103521585, 84.17484605246437, 22.41840729744129, 33.90656633835697, 51.69470950954544, 77.98698391956498, 98.37788319298575, 101.85911076048657, 66.01862016951144, 92.29004608461358, 41.87357650832274, 83.84588125842076, 106.91325066931398, 52.97620025862372, 68.42865730590673, 114.04406872945371, 71.12196790346046, 33.35459582951219, 66.37806359508014, 85.51368244109652, 62.777016467884174, 51.317339052318545, 93.20440400448054, 101.51104944194614, 20.38106956132357, 73.71852357961804, 55.906735801500304, 16.13498416552419, 31.129238736728997, 16.459153912204236, 51.93325682616265, 107.38502336303588, 85.00382991113243], [50.271554653205676, 63.121309264285834, 80.06425412324872, 50.50317651066876, 13.00189109624389, 66.60407270602572, 18.753020736151026, 46.84788850488827, 77.29731768327778, 61.27620221829815, 88.15181243699223, 29.936385399045566, 77.42183938669483, 0.0, 64.04269600660442, 51.67616536537561, 37.212010146709616, 69.41649782809178, 71.13296065904768, 29.154524814311443, 104.55414138035107, 56.01249873091812, 81.88106512221114, 61.970882531977246, 67.91530027078325, 70.47599324819498, 73.61840936790836, 94.42232144724909, 67.28169687082155, 46.72676646941169, 36.611942760518886, 19.666516364676095, 81.69535183644948, 24.89034092782262, 85.57114656516927, 76.85682274062343, 72.0886932382549, 10.766227505538241, 67.55420392870057, 47.22512615059804, 58.141689966525185, 75.50784526917093, 64.74885296984527, 37.365533803284215, 23.212329338849585, 46.07399495152283, 29.99836046835951, 28.093916236667997, 59.467993493712854, 68.06203177151005, 7.857568909987936, 39.630993218239944, 43.455780025118614, 64.47451284939405, 74.38079205894563, 67.08569310894667, 102.44292917061831, 40.34307671040609, 59.3320167835019, 9.209126449305478, 68.70490203468167, 81.4295546396216, 93.68848242061894, 55.17487964152657, 63.96450779561973, 47.20483453281505, 18.662632656410747, 60.90099944140965, 70.63259700441009, 48.08901923739919, 20.21384073530658, 38.41808894843293, 91.32215934428893, 45.91762732411679, 53.54754961126037, 21.665855766306372, 62.577042307782435, 8.03924462030129, 67.71008070983189, 46.669748712983576, 69.67679852922379, 93.95470236308137, 68.92501118075853, 72.9144490569912, 29.21797438577531, 58.736832592402635, 51.729073653590525, 86.68694451140439, 63.67935602133591, 51.987213086694645, 62.857180853990364, 87.02334973644771, 50.46561696419823, 71.07607637762963], [26.424989285465365, 43.862437555791075, 35.07620480709494, 59.49630083752439, 77.03347549369741, 32.87915227307817, 62.89063733202564, 38.43249393259913, 48.17167848193186, 16.51690610837121, 24.55167314976577, 59.78905179524703, 84.1046378215765, 64.04269600660442, 0.0, 29.358295749136854, 29.0220840421899, 11.759491821916875, 53.37365967574596, 52.30697997135944, 49.98977361836702, 78.12815750618685, 33.361738689545575, 10.530993645898057, 17.632129573448708, 44.336487043567125, 38.957981760071874, 38.73894504843874, 25.604753113372777, 57.99727314928952, 39.508729297802546, 73.38939183442363, 36.08874744048726, 56.10065436379663, 53.788264049221354, 40.575894881201634, 8.640715335690516, 74.62131227529927, 5.894412835053311, 41.73811899335012, 82.502595445667, 40.897037434109585, 67.9391814184382, 26.833350038226705, 58.72987082721692, 67.0689043474096, 37.98490490113863, 43.09405664212962, 18.196651398050413, 20.889953196322313, 56.70558610533096, 48.239093311650606, 53.743772303810964, 69.58753380657865, 32.536762030854646, 47.07175395342943, 45.63603930947758, 47.97061469960782, 18.56481204952714, 59.70077869742554, 11.440258130601547, 25.75311292234611, 35.3294137201783, 68.62282772061424, 50.74295527895702, 34.400286032207894, 46.00716774305996, 19.356228332651703, 18.271479544110328, 21.090047892306085, 82.83200643385693, 73.70706564581877, 32.5654599072218, 45.810755394906735, 31.3009392186459, 43.38273184012395, 39.54761778144575, 57.70878481069926, 52.43039060043866, 21.704442370632425, 5.862947089770943, 50.770720832788214, 36.643700332397366, 10.25022789707782, 59.38740172597061, 78.35082101681493, 13.745125669653703, 47.924045481528076, 68.95818601324669, 55.49795282154871, 69.08229931363921, 51.579318233087, 41.405084406595236, 7.656051434964553], [3.6892554045719073, 64.16432892035544, 28.444335647652004, 30.30386211066923, 63.76135939011707, 15.113386565368451, 42.53946989746882, 51.88544192419632, 28.662530954425304, 15.052782909396385, 45.48200732234836, 35.323460637557204, 55.277840202327184, 51.67616536537561, 29.358295749136854, 0.0, 17.872194734182212, 40.83183094754762, 28.199648223329124, 54.9223872495554, 53.46152220460372, 49.15610537869042, 30.598905507201106, 19.943658464192232, 20.283342301164332, 67.41123868814512, 22.634050840039937, 44.123057961003774, 51.398419390350824, 29.176145105387782, 46.59555664783043, 53.374884536620804, 30.075863460880143, 33.89337751231985, 36.69286738678274, 66.63487476895408, 37.112948039042166, 62.13036899749001, 35.245535726785846, 55.00460633150868, 53.57011351092602, 66.46240649759058, 38.886216941989595, 26.966423228513367, 36.896120339718934, 38.72029595254672, 21.907041984330167, 23.892652834394976, 41.524241546667284, 18.79300890732501, 43.889342771477665, 21.0659480330523, 25.39730585424754, 40.42890087452034, 22.727052478183293, 21.932612879484466, 52.10527451617862, 56.86142407525025, 12.328002914690178, 51.68323295370759, 25.04386218450655, 32.53435548337772, 44.66479745037476, 39.35610642302464, 23.39977348830009, 6.149555152102356, 39.074598523203214, 43.343951680417625, 46.65502708567073, 11.417939714307844, 71.88114219015837, 47.48705892494096, 42.766732492178136, 57.834892430092935, 2.8937733869033666, 30.873549923436936, 60.53137807877133, 43.75340738405272, 26.088207294474106, 12.26717170882201, 31.91453845003781, 42.54423529548283, 18.005806244790843, 39.140905590399896, 61.25260815113853, 49.17139954966768, 18.559309705923027, 35.74394567589213, 39.7671991156091, 26.160510089538047, 39.83428041157683, 36.97112463404273, 56.38950752556711, 31.961715162943207], [15.047142241181474, 50.650150403861716, 44.38392524089645, 37.83457626397893, 50.054920568047166, 32.51495631868586, 33.868818520772074, 36.317503637915266, 46.51542131705313, 24.11749700324848, 51.81056020780586, 31.772936272720717, 66.57570836232651, 37.212010146709616, 29.0220840421899, 17.872194734182212, 0.0, 37.598666054363214, 44.847847136314435, 37.06470934107166, 67.84853229389327, 54.340005597849945, 45.582835821292, 24.943150367605405, 30.752114735000298, 55.31276992929888, 40.263090111003216, 57.42256919863716, 42.73179185726891, 35.08467284987535, 29.537011589838542, 44.40531544530091, 45.981849282269835, 27.39694895765843, 54.564881824062034, 56.89773868433247, 37.6266849984045, 47.9756017773113, 33.82119199739402, 39.14231794773253, 58.41753443941914, 56.29052546301431, 50.22299907250624, 10.637439002141289, 29.88032408432271, 42.33265532112594, 8.968502421386328, 14.260528775873508, 32.65091158774709, 31.14257895919983, 29.421619049273616, 23.708191994950543, 30.209465514445114, 51.226185180813495, 38.97992073736947, 38.9570976994617, 65.41071130589765, 39.718771203820864, 22.331341690323352, 35.3337470221515, 31.688006483692536, 44.263734341345085, 56.49089468980193, 46.708035918018915, 38.9286837490399, 16.86124295339138, 21.91487281087299, 34.53294010838021, 41.39851376936121, 10.91707460358964, 57.15081945873549, 46.20880462585599, 54.11127416615365, 41.423364621880246, 20.59578483973677, 15.559721673071744, 47.635457956195154, 29.95841456641426, 42.20292280242911, 9.469718898013273, 34.06266604375088, 59.57370031871215, 35.73234583864491, 38.99583144207706, 43.38650440806431, 55.39162522764311, 15.455421592479494, 53.23239958000804, 50.44121606305223, 35.45249280255713, 50.16799156784072, 54.743415715722236, 41.0446643467802, 35.13420869362736], [37.71125521382705, 36.317362678887314, 45.07594508963444, 70.70116724025043, 82.1945772011967, 44.436330519624235, 70.9620227175036, 35.32822828013074, 59.443496723890796, 28.243885227527834, 25.353867488136675, 69.2465027180093, 95.80485367015169, 69.41649782809178, 11.759491821916875, 40.83183094754762, 37.598666054363214, 0.0, 65.07020702549075, 52.79463755925737, 55.955518821515604, 89.11770489307405, 42.720486644564396, 22.253695386865445, 28.57247716347777, 35.17452134973861, 50.15267795496078, 45.069519567063196, 15.986405159031218, 68.99432876134385, 39.471689561355404, 81.02785519309793, 45.87427488791086, 64.98775321453874, 64.61337914391694, 29.88089275672128, 8.268544519946747, 79.58622608946213, 6.112668970777506, 38.30733864128979, 93.45272671678558, 30.464460097962238, 79.5825164318745, 32.43640275622802, 67.41002811014422, 77.78335016772093, 46.41760436275606, 51.84851284799694, 12.958481486253893, 31.957651136218853, 62.635980795556016, 58.78224805905597, 64.57694375292103, 81.19765836442656, 43.29290666621634, 58.79448404337621, 50.852827218969665, 46.0541325150144, 30.324197493515285, 63.77757777726847, 21.65505450847652, 33.628883250149784, 40.56241615710402, 79.86767022354644, 62.50144026297475, 45.556035510834256, 50.80347980095017, 12.940151026335151, 6.899371630598262, 31.594759089022148, 86.95070580959556, 83.50747236425165, 37.84909757392989, 42.57617691012946, 42.905499657801144, 50.25803232056924, 31.93647501321107, 63.9567087515514, 64.17770911588248, 31.902700886712097, 12.59563536571315, 60.04003739351662, 48.13404506789314, 6.793922833774196, 59.63952201452271, 89.49293232217995, 23.66787267074688, 58.13267066712999, 80.55472375575351, 66.85895944412097, 80.6501521995366, 62.07181588691235, 37.0873235996034, 14.252392278273609], [31.849789110301298, 92.16560120410197, 28.88807303296801, 25.953479308013254, 81.05353989665112, 20.93465912090676, 56.09281141028784, 80.05925394225086, 11.72629496702806, 36.860220091907486, 59.99942074184964, 44.82537846078566, 34.115352147579834, 71.13296065904768, 53.37365967574596, 28.199648223329124, 44.847847136314435, 65.07020702549075, 0.0, 81.31795778341255, 50.68346541641863, 40.62313685176535, 33.12857749575236, 42.84266988683194, 37.47098477166747, 94.98943095616954, 18.087813068877654, 46.4203745124133, 77.91973892279394, 28.487487721666906, 74.31002650430337, 65.21144500769866, 29.735910919866217, 47.410421543120805, 17.487607524980426, 93.23281912274525, 59.172518048576315, 80.23104987084423, 58.99539094381588, 83.14925273294719, 44.50612721043779, 93.27176101190139, 21.64420676178623, 54.825785941460396, 50.00293901122721, 36.5320139439903, 45.39286647887799, 44.32317214303204, 68.53152228107082, 34.13603228697678, 64.19469396928154, 31.596381990248794, 29.322585779833105, 23.796897188899987, 25.860389830225884, 6.434420144719008, 52.56037519389174, 84.53662127209921, 35.0121755351011, 73.95015899755205, 44.558758654719945, 41.99403728599842, 50.20817902287392, 30.264984679704106, 7.199091706674345, 28.03507611524442, 63.477925946359676, 70.2482580738567, 71.63351811476691, 39.52349101630151, 90.25671350668135, 49.85050696468738, 49.77489930794067, 85.86554833750812, 25.323055017768016, 53.94674457981714, 88.41326860741216, 63.24255808822929, 3.5131252998741873, 40.45736291946396, 53.621485266217356, 31.71092319915964, 17.71552008916627, 61.410017185309734, 87.09129504424315, 38.78717601699339, 45.86186422791389, 23.84181370383277, 23.664358065944878, 21.8080480836574, 24.451533335377988, 21.091549694666828, 84.5838062145948, 52.78343371752164], [51.9109385542252, 35.382567599181286, 79.69858610314519, 68.10419200868809, 37.95631933484175, 69.21793516848429, 43.91258320099632, 20.80783206633566, 83.5784956459744, 57.427707323583775, 76.37105892297373, 51.64029031669367, 97.41246836862416, 29.154524814311443, 52.30697997135944, 54.9223872495554, 37.06470934107166, 52.79463755925737, 81.31795778341255, 0.0, 100.62096952904918, 79.22722207940815, 80.02695620551529, 55.23180901622977, 63.38271458258388, 43.09202843833849, 77.04086038266416, 89.49180673742947, 44.99632131869359, 64.4883315269753, 13.326687633084035, 48.39145134082478, 81.20568521129874, 45.39334613481811, 91.59887938180803, 50.9397429379866, 58.29955074487029, 35.062533842288154, 53.428624630557884, 19.91853387260302, 82.25534513574318, 49.357024698936, 82.29825384925238, 29.1930078891709, 45.44692534258531, 67.63673918652388, 36.331125674343426, 39.10478631402798, 40.30571287824746, 64.97221153285241, 27.92764261716507, 54.003435902886515, 59.95423936173539, 82.7023358656664, 74.75033029829928, 75.71333374232896, 97.01447898276685, 11.607972845224989, 56.635123720696214, 19.987958965451732, 61.06923754080636, 75.88234792658032, 86.99923835745808, 75.28090031188178, 74.89644403380102, 53.39832899842678, 19.429153828539597, 41.06973297365186, 51.3876359593565, 45.90303725778145, 38.68038631224061, 63.94829782981245, 84.298345134871, 17.51564872526022, 57.660470381641176, 29.06545084386809, 35.7894793008908, 30.154616064849577, 78.40832867554305, 44.46262901618065, 58.09155726363949, 95.55698146028146, 72.61998540625675, 58.26086670647331, 7.090540680413359, 81.40324671403272, 44.76363792102373, 89.77547884879769, 81.87293585127077, 67.59996248315373, 81.299445871224, 91.60402556548095, 23.105592782279338, 59.95865594257559], [54.361058451306945, 92.24825627418588, 25.5447072164922, 73.93586418849362, 116.98742052390324, 39.8917722700649, 95.76812693362564, 88.41982383577644, 38.957787930832744, 43.9994911