instance_id,num_cities,city_coordinates,distance_matrix,best_route,total_distance
2486,82,"[[77.2144548739588, 83.69381401783859], [98.0329417216946, 84.50900837260633], [0.038823768442097784, 10.907570457585747], [55.70197014342323, 73.7404501190586], [95.04337577990631, 59.887181574523865], [97.99375809577695, 93.41835665733312], [87.98544648869952, 58.72811279099008], [40.01745034455732, 32.57110780048787], [12.057230181942503, 10.969694936663622], [89.01873499796494, 52.216098930361376], [85.12863555309022, 85.33673725179828], [37.50429587678285, 26.6803572214624], [49.88341000968436, 97.1419300274966], [26.57346927403036, 64.64643253169561], [78.99178693950829, 51.21108099972047], [0.6739936947608882, 35.29296662526311], [47.46546861263469, 38.122136217429414], [67.19900917443324, 22.62983910548528], [29.703433086818208, 37.395938863138326], [73.92434993606594, 76.05659134087145], [40.372308379768384, 8.221142222770705], [11.248471327323106, 54.211897445536025], [23.952802716500532, 49.18094615659656], [71.51153319386071, 1.1304339831992527], [58.42947378260222, 43.130165231231224], [11.803085023627414, 41.96420276164694], [28.484999911071906, 66.38441603125202], [14.463993032918964, 96.22420472700055], [30.766384617172072, 22.362644283198918], [96.53311233802313, 35.834057657279615], [6.565268001286373, 27.834024396800782], [91.8103370074962, 86.30842121098935], [41.40116366150699, 68.27231737791894], [28.558066746488553, 83.27110032064076], [76.10726995195162, 52.59060737462013], [14.604769338499901, 33.400595256902], [98.04921479942237, 44.42640886284841], [56.19592196870412, 97.56079154068702], [28.901086403052645, 41.87235703936365], [50.37707651657176, 21.006715142571952], [32.376174440558536, 5.917883602570495], [95.05070960167721, 89.1544002822028], [93.25387171790949, 40.69702408805824], [53.63891194799321, 78.99639241852239], [59.557732064446824, 61.700405836582576], [54.83830115292789, 29.267516434512142], [43.18539985828692, 1.8298382637552457], [52.266525012896224, 7.840361261422646], [10.89777136989295, 56.34288657848804], [30.694434468702582, 23.87049009883928], [23.912193923904802, 97.76014938674284], [82.48768390850057, 38.10423214458506], [18.328411552445278, 68.24840513154591], [81.88270346252054, 52.27471678138485], [96.02836342033963, 88.29121645171722], [12.964603901127369, 22.182130620095954], [1.9853689105054695, 59.977738612222375], [29.95638674369304, 83.94422656573265], [25.744741061756038, 97.36701387193226], [68.09588770916208, 73.65386713191756], [98.07492547982189, 33.18269684286157], [29.767441251589567, 22.517633706369022], [74.5832419789787, 22.09480482007059], [33.978975340511376, 86.36550247612944], [94.53277169534383, 67.0229216559778], [42.26307195141234, 37.92639215115627], [86.48402132831598, 72.2408149421653], [42.619667194776056, 43.3987075079041], [78.4647746838112, 70.08036989831585], [76.30854334616303, 86.5277001914402], [82.24317313742672, 4.999531641942223], [45.999523132484555, 54.022371321332685], [69.16531550608111, 48.76474409705713], [48.06608235347144, 94.84102359299328], [27.44892718302102, 19.632630610674152], [86.84000638019516, 32.978482238021776], [34.774806803828774, 1.5911648102766796], [86.81700351897068, 63.960244731719825], [89.56073509676395, 92.73178891689864], [33.19108998345188, 31.96038280900759], [38.11668455636511, 85.55072674126123], [68.94052639138121, 11.358528896966757]]","[[0.0, 20.834441112383928, 106.08447241772589, 23.703511389308186, 29.742665801195724, 22.942235547818996, 27.190080877280966, 63.22300401709701, 97.64354267281998, 33.61826254246934, 8.08291114479317, 69.47971634551517, 30.460430686091787, 54.10464087313419, 32.5313211166957, 90.5598378192214, 54.42223811201408, 61.879868977371466, 66.3384536682787, 8.315765792753435, 83.98492689873238, 72.2543728092025, 63.46606682747586, 82.7601053553801, 44.702182468933856, 77.58870898068686, 51.71242635612904, 63.98930498597441, 76.93461907099156, 51.611692523166816, 90.06455297327797, 14.828214526051072, 38.99249140646095, 48.65822430464173, 31.122906707797544, 80.3080355642228, 44.45240520779333, 25.180782178249693, 63.90004567140762, 68.19030167476166, 89.77508977542082, 18.65341751697582, 45.89103220630007, 24.038968237754478, 28.204075304807983, 58.846530262845675, 88.65487641142346, 79.85077018678231, 71.7354566638497, 75.78220360495575, 55.127060624507614, 45.89353897694991, 60.877966077456435, 31.764008185969598, 19.367479545119306, 88.94790916292061, 78.8788159618381, 47.25873157257802, 53.25493248667247, 13.56277260043182, 54.64917375553208, 77.41927498486878, 61.65517995631362, 43.3179478935154, 24.038359962081774, 57.58694359419801, 14.734179654093984, 53.10833214491582, 13.670741034131163, 2.975161599161237, 78.85479114188718, 43.06699984114206, 35.844505437993675, 31.207177089661975, 81.11992952341524, 51.6206946808749, 92.4227717351977, 21.94590388318215, 15.30083741551648, 67.92940866017874, 39.1418416617016, 72.80694586406321], [20.834441112383928, 0.0, 122.55618636606881, 43.67920559740607, 24.802658313073465, 8.909434449789966, 27.669599517290795, 77.86746917403924, 113.13643796494782, 33.52742046598823, 12.930825680927315, 83.71302086162852, 49.779193581500245, 74.16857907183078, 38.357757269803436, 109.09162903810453, 68.62077852207905, 69.13582996911283, 82.99736784312869, 25.54735899392428, 95.62733479025383, 91.92094011790103, 82.07276634162596, 87.4949814418527, 57.276900514267034, 96.15429616321634, 71.87083593248404, 84.38610673901971, 91.58034873393514, 48.69805247974101, 107.60292349411735, 6.477553241163036, 58.91339763343572, 69.48590266496963, 38.72362850796334, 97.83828411417255, 40.082602813099655, 43.82562339178657, 81.22251816282323, 79.39535713076747, 102.40789023521869, 5.520269414748498, 44.071867183619155, 44.73498423164477, 44.72777780994135, 70.12417133493608, 99.21742799703384, 89.28967660498381, 91.57438686204019, 90.61735185658009, 75.2959360940555, 48.93933282393006, 81.3462927690252, 36.05384515160597, 4.280587824114211, 105.45739324452563, 99.13081982399522, 68.0788977302236, 73.42283200798126, 31.844329076062994, 51.32632870062261, 92.21230442540582, 66.67399210427477, 64.08086437867522, 17.832958780718844, 72.66511204305093, 16.84892080518254, 68.99773786858506, 24.31252289344489, 21.817988024522915, 81.06215937124269, 60.3068129548896, 45.94553593032383, 51.02389218432967, 95.86995097476901, 52.73212422486021, 104.29266711669565, 23.410445466422487, 11.806456071790166, 83.46151080269009, 59.925312263362386, 78.72332105080056], [106.08447241772589, 122.55618636606881, 0.0, 83.94257936777797, 106.88717045588538, 128.07497412989358, 100.10700633302453, 45.4708635625032, 12.01856697659785, 98.101065881059, 113.04856009356135, 40.65024480368576, 99.60345148634816, 59.932901724573945, 88.64504134756608, 24.393666946358714, 54.68015390133823, 68.17552409788013, 39.76962040050373, 98.50617188337705, 40.4228509330169, 44.731654723178366, 45.13014155224658, 72.13834341214873, 66.69155585996403, 33.21012274819097, 62.3447297848177, 86.52753082903668, 32.79331810083651, 99.66181560992193, 18.14109471009935, 118.7741509610695, 70.72168939344778, 77.78063817096196, 86.74032552048865, 26.79744269464052, 103.58353767893703, 103.25889986994196, 42.33022811708306, 51.34133240482632, 32.720043144875916, 123.08462465795752, 97.85937212052598, 86.65481595897474, 78.24584698618894, 57.79334163974623, 44.091181091684035, 52.317688686838814, 46.714930097532836, 33.28368598925789, 90.0739044852903, 86.81862095951547, 60.18704463931744, 91.70420621952621, 123.29728460079025, 17.152011511673592, 49.108761343719564, 78.92663498362145, 90.19994201444524, 92.56814624142861, 100.5348620839757, 31.91526697522754, 75.37920468556659, 82.73955156544056, 109.90013118705043, 50.128872521990985, 105.99310855037147, 53.561200637406714, 98.24484704366307, 107.40332464793241, 82.41638173218497, 63.01802868665796, 78.81394201486792, 96.70285477909599, 28.765264536814573, 89.5632204066976, 35.96364736257827, 101.71056350474328, 121.28221359438193, 39.27204684117011, 83.79453599235244, 68.9031783581424], [23.703511389308186, 43.67920559740607, 83.94257936777797, 0.0, 41.70922256313702, 46.64563574372118, 35.6032739644507, 44.05586122486626, 76.4528026462957, 39.66490280420711, 31.62914024119903, 50.45599758448077, 24.11399809104585, 30.515090017522294, 32.40351893406937, 67.12888483387917, 36.5582308469881, 52.38775109375635, 44.68609881736578, 18.36898569509743, 67.28876753958743, 48.55386623653734, 40.13949261245037, 74.3112153520282, 30.73156060169557, 54.19263797676251, 28.193522414371543, 46.969032110919905, 57.1092143007088, 55.71424200670822, 67.24444527244053, 38.23307540544038, 15.310569607560033, 28.768468587796605, 29.388639104089272, 57.587184375519264, 51.503418767357964, 23.825462300837845, 41.6396773018351, 53.00189899152307, 71.72163741894933, 42.26006574279609, 50.02012910545209, 5.646338510311241, 12.642371862732048, 44.481319164737116, 72.99178466859712, 65.98957489398742, 48.06341066639156, 55.78879594453261, 39.8438931957841, 44.58042724592087, 37.77493136854288, 33.85570121633592, 42.87123506026109, 66.9682221869839, 55.45164989463076, 27.69390038196431, 38.152982701488625, 12.394219993206203, 58.65491194054685, 57.41408111334235, 54.988863458676995, 25.12529502764327, 39.40756701214806, 38.25246047960185, 30.818559032069174, 33.04191270374236, 23.05518288294802, 24.251693210444042, 73.68683280916923, 21.975898376935604, 28.373360034575416, 22.439718876796363, 61.040073463866676, 51.29439858519836, 75.1230027089578, 32.61591205807316, 38.821217310897374, 47.458547702273655, 21.183127792451714, 63.77118053548655], [29.742665801195724, 24.802658313073465, 106.88717045588538, 41.70922256313702, 0.0, 33.66072575337333, 7.152468547616079, 61.4330558937545, 96.33078874467749, 9.754066100093956, 27.312670282049243, 66.4337180933982, 58.54347778072202, 68.63511176210565, 18.24632087532427, 97.52156522586482, 52.31992402339567, 46.512560878919686, 69.10256225233975, 26.598177847079196, 75.22170719258723, 83.98687315385834, 71.89223223205353, 63.2937832887643, 40.26630621496793, 85.14798397329606, 66.87474451452307, 88.39353016747951, 74.42864026611163, 24.099213372865453, 94.10515629414208, 26.618310307595447, 54.29362230867199, 70.47768422127714, 20.29325254813039, 84.687122167401, 15.75025590437608, 54.11492913694035, 68.55170564649767, 59.21797834988881, 82.70346575139304, 29.267219626538726, 19.273413531164003, 45.601442568065664, 35.531939042571935, 50.5372329975371, 77.84539022313207, 67.37010068455663, 84.22021591367114, 73.74271701481707, 80.58540018599481, 25.142439902224197, 77.16926717153098, 15.203713890769757, 28.421108316823656, 90.32494484141488, 93.05805093103191, 69.39061575969181, 78.78476123490812, 30.260349379328964, 26.876007857690528, 75.21589417413989, 42.97535125979078, 66.55796330110454, 7.153985116090197, 57.16674509122965, 15.029131911393392, 54.95557295547243, 19.461528781360816, 32.56856119785928, 56.36044093874862, 49.393273649434846, 28.167048460495224, 58.55456574448725, 78.67298363744787, 28.131359183132002, 83.84942442856483, 9.179490402958018, 33.29906275460657, 67.8646546262185, 62.44410079571626, 55.10343797712621], [22.942235547818996, 8.909434449789966, 128.07497412989358, 46.64563574372118, 33.66072575337333, 0.0, 36.10511488322273, 84.04546361292194, 119.0918496347027, 42.16843702825683, 15.192891438243862, 90.07183582144529, 48.254228743271646, 76.99793031811403, 46.287460788656006, 113.35650625107294, 74.90514023103255, 77.19670186165254, 88.32938234436223, 29.677724037780507, 102.85327809449397, 95.19396630284719, 86.24970470260567, 96.01233726590861, 63.98620781169949, 100.3810842626793, 74.58083808964793, 83.5768773934891, 97.81837253720548, 57.602820914927484, 112.51876927436713, 9.422625876377067, 61.92774044193445, 70.17322882920656, 46.3241133186797, 102.74169129170669, 48.99197918173437, 42.002605534281585, 86.20201481551517, 86.66483826487939, 109.37092881363323, 5.181009400458299, 52.93397236893504, 46.640598509229086, 49.83328708151448, 77.31574073395407, 106.73524644755261, 97.02872328026675, 94.65886849800552, 96.77863764023421, 74.20868759287127, 57.44641596577731, 83.5469562562252, 44.18557664710843, 5.4909327912733055, 110.9259075378058, 101.6655582249443, 68.69383554216446, 72.35684042425187, 35.84016880338433, 60.23571450085884, 98.39584760086582, 75.06731187099712, 64.40213632563108, 26.621371410480656, 78.64647164925115, 24.103159825091737, 74.62074272040104, 30.43095166222869, 22.753674104808326, 89.81074291883195, 65.23376526011985, 53.1509568759644, 49.94794076074231, 102.08284153932009, 61.46043115009013, 111.4848373769717, 31.5071452386934, 8.460925018228657, 89.3110762672672, 60.39175056363579, 87.05116658914055], [27.190080877280966, 27.669599517290795, 100.10700633302453, 35.6032739644507, 7.152468547616079, 36.10511488322273, 0.0, 54.63622941014139, 89.69927818814448, 6.593482362484966, 26.76154450733622, 59.794692106801655, 54.10532818981812, 61.69649466516124, 11.721419668185108, 90.4018576401899, 45.45849620947568, 41.655267845658244, 62.06331227597502, 22.31570310602341, 69.41156241260622, 76.869757108789, 64.74046539222753, 59.90728188869283, 33.41932810037562, 78.00500546674435, 59.99101701291588, 82.53097011864247, 67.79725909835027, 24.437683031275032, 87.08438529742399, 27.844266914807854, 47.55194262825672, 64.29596954635286, 13.370117821998386, 77.62864756944673, 17.487657586427417, 50.185165219261286, 61.44166427342988, 53.26624946915754, 76.68970885756157, 31.235827399854973, 18.785006367014418, 39.880917667673764, 28.5826778545283, 44.347040279934, 72.41862897254907, 62.17237816852107, 77.12456780629293, 67.06201546347813, 75.02587270431552, 21.344082231508466, 70.3046120987819, 8.881992597405432, 30.63765021708031, 83.4490002060216, 86.00915595533121, 63.271037361420696, 73.2589249770046, 24.867100576673398, 27.46572158664684, 68.56044726608732, 39.0079266125824, 60.66732427335432, 10.567465233831557, 50.231933218876364, 13.595859551297526, 47.88574524091778, 14.816103841672545, 30.152398356274144, 54.034564267055565, 42.24880782759688, 21.29474221337644, 53.83026991901836, 72.06335335354709, 25.775094697333884, 78.07690439703595, 5.36101330148631, 34.040145773400866, 60.983053983975736, 56.62460627491485, 51.054739836827615], [63.22300401709701, 77.86746917403924, 45.4708635625032, 44.05586122486626, 61.4330558937545, 84.04546361292194, 54.63622941014139, 0.0, 35.33263292277104, 52.792533318425725, 69.42067906835508, 6.404442814420604, 65.32019781955562, 34.778830969960936, 43.20240171431033, 39.43749607437594, 9.289073829360316, 28.942459530735192, 11.386744344897574, 55.14222627578268, 24.352551157140905, 35.99969347307399, 23.10756658823447, 44.50160923611555, 21.22489813659541, 29.736856649825043, 35.72586215208053, 68.59078603510636, 13.776608598498452, 56.60977735628019, 33.78592107225932, 74.63378565675531, 35.72801460807974, 51.9789064331989, 41.270515413463684, 25.426214923892623, 59.23034567706107, 66.97314339901054, 14.494370792955193, 15.526011463680758, 27.726944613236434, 78.93243067670392, 53.85301362183652, 48.3823445905569, 35.07618299884237, 15.184575548803728, 30.90407023114569, 27.598000916914774, 37.59059948787315, 12.752230134830546, 67.14901657738145, 42.829151333911966, 41.75265199450762, 46.27020234992725, 79.0060307298604, 28.97908465680903, 46.87816795329214, 52.34904328112006, 66.34922511899296, 49.76134804365941, 58.06069634648395, 14.35740323899278, 36.11851153427748, 54.13224620217769, 64.48912885062758, 5.807054922909546, 61.09687294530821, 11.13590804378351, 53.71351312259643, 65.02582020778031, 50.43018418811034, 22.269753062860552, 33.34414341349824, 62.787919937043874, 18.038069920404574, 46.82432816007937, 31.420410229210542, 56.351362846096045, 77.93487419909454, 6.853625376024731, 53.01370514962252, 35.86806144397084], [97.64354267281998, 113.13643796494782, 12.01856697659785, 76.4528026462957, 96.33078874467749, 119.0918496347027, 89.69927818814448, 35.33263292277104, 0.0, 87.31746140353584, 104.25875150612357, 29.906154247989146, 94.10884114104503, 55.604976002373924, 78.09996184767174, 26.85515999878847, 44.62060528803012, 56.36111028443637, 31.776325228408414, 89.79891196558638, 28.448166819147463, 43.24976495546832, 40.020049546667956, 60.26296709209858, 56.43297640676674, 30.99554976241665, 57.7984682518864, 85.28847487797806, 21.90506230290134, 88.05913467409489, 17.73604399898149, 109.71090066609588, 64.37901032711021, 74.1604397763933, 76.38526000942717, 22.575102323813805, 92.27119336603089, 97.19178012431941, 35.19502830558719, 39.61252829249115, 20.937533129287637, 114.02090061108407, 86.46738515299093, 79.7287139541423, 69.49750144790065, 46.529886148491876, 32.442255276114764, 40.33088295653294, 45.38800353069701, 22.666625232769945, 87.59636493014145, 75.4766978717068, 57.620988861447465, 81.12768669479992, 114.14801315285142, 11.24909067531123, 50.03229691285967, 75.13762088397564, 87.4748230823449, 84.08113094658783, 88.83952587696298, 21.142527426027254, 63.50803272941928, 78.51809157974617, 99.72050528138945, 40.485261536960394, 96.40278723706325, 44.561232170005034, 88.90463351923663, 99.18287856988012, 70.43940259766634, 54.823463905735274, 68.48210825044494, 91.27451563984927, 17.66212872405401, 77.9541553375724, 24.57732928743116, 91.63526655707486, 112.65803693529608, 29.78672535650776, 79.00269278531596, 56.88462515917134], [33.61826254246934, 33.52742046598823, 98.101065881059, 39.66490280420711, 9.754066100093956, 42.16843702825683, 6.593482362484966, 52.792533318425725, 87.31746140353584, 0.0, 33.34830665131964, 57.496187200488166, 59.58107049815957, 63.67043587704782, 10.077189509376977, 89.95101846530648, 43.87839710203341, 36.762034838120336, 61.138712655964554, 28.217185167420016, 65.58986993753197, 77.79586829076675, 65.13668471772421, 54.002289563529985, 31.910140909853137, 77.8932473068976, 62.16972167415208, 86.57437799535596, 65.45658927302006, 18.02323897310731, 85.98290398871433, 34.20642454665237, 50.25171888421678, 67.96988683796185, 12.916895378117948, 76.75585621732067, 11.925973201061655, 55.97747942770141, 61.00102186757974, 49.67095133582765, 73.15671130551142, 37.427567705894006, 12.272956785518462, 44.372468923414104, 30.950004383524053, 41.16964289866688, 68.11365409364869, 57.61884268578338, 78.22988773142447, 64.8474947261448, 79.4551585650781, 15.549900723563814, 72.48556181034074, 7.1362722851160605, 36.749816255314784, 81.76961605240044, 87.37877238245441, 67.04502266801993, 77.73161151488092, 29.95569134795955, 21.0780687224451, 66.27755764419767, 33.401733751106974, 64.77311869658561, 15.800208857096539, 48.890569098328406, 20.184499615806725, 47.2294387485363, 20.748933840784044, 36.59009364465744, 47.70023548189038, 43.05711566602521, 20.151181496529805, 59.11010033078599, 69.66005772398692, 19.36059798640714, 74.19762597680277, 11.948748139832873, 40.51931513725638, 59.388719328298, 60.8458392205284, 45.52444936386644], [8.08291114479317, 12.930825680927315, 113.04856009356135, 31.62914024119903, 27.312670282049243, 15.192891438243862, 26.76154450733622, 69.42067906835508, 104.25875150612357, 33.34830665131964, 0.0, 75.55559971218209, 37.16972558517144, 62.10310948236853, 34.67306340000837, 98.16804729615403, 60.396462601871384, 65.21983269842315, 73.28214802098384, 14.5484406145796, 89.16245745114033, 80.16878643831281, 71.06140832385911, 85.30021680409145, 49.942366393413934, 85.19279962853768, 59.73015937022515, 71.49845208483316, 83.1924919210714, 50.79938363578488, 97.35894774885419, 6.7519851926940895, 46.93917578804776, 56.608268928079895, 33.96607217860827, 87.58412271163914, 42.90217170438423, 31.409065866622317, 71.06820407658385, 73.11650019005407, 95.34241694223316, 10.631185467263794, 45.37315785875028, 32.121685281601465, 34.821649415204725, 63.72803057627978, 93.44858050901065, 84.17604529079279, 79.69231188923115, 82.10470015026051, 62.46434098599098, 47.30628038952105, 68.95129455774119, 33.22097639628653, 11.293051621366434, 95.89656825492014, 86.92457420086657, 55.18981903120208, 60.590217696546134, 20.654393076361266, 53.73686215107836, 83.732321147451, 64.1151101015363, 51.16000486463097, 20.587219779750694, 63.91554869866535, 13.165874514806344, 59.714409732391296, 16.648236738751425, 8.900135912574491, 80.38900732408936, 50.116633490803245, 39.904113450040164, 38.26178653081947, 87.42984837665249, 52.38621629966721, 97.71810975079333, 21.443064586228843, 8.621501928001663, 74.47512237922594, 47.012438013998846, 75.72866161251149], [69.47971634551517, 83.71302086162852, 40.65024480368576, 50.45599758448077, 66.4337180933982, 90.07183582144529, 59.794692106801655, 6.404442814420604, 29.906154247989146, 57.496187200488166, 75.55559971218209, 0.0, 71.54072762430825, 39.508300959187565, 48.19718169939939, 37.82391042133914, 15.170341751787596, 29.96969627536312, 13.254325716055005, 61.35497399148497, 18.680688265832334, 38.044106375124606, 26.266318152741928, 42.53575869102598, 26.61689790243119, 29.90231050963409, 40.71559880056195, 73.26119218938842, 8.00263039004286, 59.73434024481623, 30.96052961162327, 80.65142353628887, 41.774115528493105, 57.29351813398204, 46.49226463023029, 23.865244916624974, 63.09207205511428, 73.30356645649725, 17.458867996407804, 14.067647132320337, 21.38639614895052, 84.93877670976876, 57.48462539248783, 54.74754217775789, 41.385478765972344, 17.526013000882212, 25.49163068373666, 23.934678958394844, 39.84686680520993, 7.3667880140573665, 72.36768677909288, 46.41131453720349, 45.777911121799484, 51.23001367488061, 84.97625819564587, 24.94855756987347, 48.68582730443712, 57.7591695279549, 71.65815067296278, 56.05672238141044, 60.918647318046766, 8.78562385687471, 37.36141773106925, 59.78916665211316, 69.85534739260281, 12.211439365134673, 66.8937128064179, 17.483428154143933, 59.67681228460564, 71.3265314047378, 49.71544364030692, 28.631357305645196, 38.60233552050641, 68.97410944543105, 12.279287029298496, 49.73609061436895, 25.2372281846655, 61.818550191518874, 84.09913491398389, 6.817801352591384, 58.87355456648205, 34.971345587098625], [30.460430686091787, 49.779193581500245, 99.60345148634816, 24.11399809104585, 58.54347778072202, 48.254228743271646, 54.10532818981812, 65.32019781955562, 94.10884114104503, 59.58107049815957, 37.16972558517144, 71.54072762430825, 0.0, 39.99138275427983, 54.37775740043964, 79.03708577614861, 59.06930253509357, 76.49759256345479, 63.06199274379924, 31.977465504219982, 89.42800209122241, 57.755053324172515, 54.52203562283833, 98.41739218824095, 54.68368991223864, 67.04246965370683, 37.468875376471885, 35.43130421959016, 77.1842097600622, 77.03797727021025, 81.73155577849458, 43.3039504059062, 30.089915879706655, 25.43953973737979, 51.69633623761314, 72.85286710860159, 71.4063787255986, 6.3263933010839315, 59.118386329668795, 76.13681535363608, 92.88880418764113, 45.86813255262079, 71.18303418158477, 18.530092550425618, 36.738183735650395, 68.05502896063527, 95.54715158688968, 89.33336118830618, 56.43086005464107, 75.74246293547124, 25.97857309688894, 67.4424825149769, 42.78497059189457, 55.109178962789755, 46.98608151433817, 83.5581819553236, 60.62507290461408, 23.90116384003121, 24.139718335446773, 29.721767150367253, 80.08249292370351, 77.2880184795813, 79.00729524044252, 19.21151823557568, 53.85833421319727, 59.703848101329655, 44.26816329361834, 54.23187186951568, 39.360163150839334, 28.477175893394104, 97.65948929789572, 43.29412108230402, 52.07824880043765, 2.932038579278099, 80.69075235605679, 74.04551335175896, 96.73788618958072, 49.64992012659401, 39.921666682156214, 67.2849734016019, 16.5170161202508, 87.87471532987703], [54.10464087313419, 74.16857907183078, 59.932901724573945, 30.515090017522294, 68.63511176210565, 76.99793031811403, 61.69649466516124, 34.778830969960936, 55.604976002373924, 63.67043587704782, 62.10310948236853, 39.508300959187565, 39.99138275427983, 0.0, 54.11274062239597, 39.14599335821318, 33.76409233684861, 58.44509060085961, 27.429656918186964, 48.706238034988374, 58.08804822949811, 18.54009397308646, 15.685954291152626, 77.8056017294086, 38.44157621371923, 27.067467525533925, 2.583512341963707, 33.82004008945903, 42.49116717293678, 75.66045600936562, 41.89846668865944, 68.73929491357593, 15.26458521436066, 18.73010617632101, 50.979803155936246, 33.45970898184335, 74.28076167877748, 44.28142649713262, 22.892713164449365, 49.7095227452422, 59.01452233620378, 72.73082514415881, 70.85090144012177, 30.63428693296299, 33.115565299652836, 45.283202463539276, 64.97600136326639, 62.34631381536361, 17.73912005085956, 40.983653270826316, 33.22048510250001, 61.89416611910313, 8.997509846748827, 56.67601553676597, 73.3693268846017, 44.591682560509916, 25.027412618976395, 19.59206434214283, 32.73107443535672, 42.488176129123765, 78.11801906759754, 42.24969996885507, 64.15278089131864, 22.94688474176606, 68.00084180471131, 30.985870814159227, 60.38997343637202, 26.626045263959114, 52.17504434531419, 54.33569238868599, 81.58963606972586, 22.14141470441989, 45.456500008135095, 37.06272718435004, 45.02231435561003, 68.08020689283586, 63.586387888427, 60.24744203713659, 68.96508463786272, 33.349224133820535, 23.879600822760946, 68.07766302223526], [32.5313211166957, 38.357757269803436, 88.64504134756608, 32.40351893406937, 18.24632087532427, 46.287460788656006, 11.721419668185108, 43.20240171431033, 78.09996184767174, 10.077189509376977, 34.67306340000837, 48.19718169939939, 54.37775740043964, 54.11274062239597, 0.0, 79.91910349825822, 34.13545404357807, 30.918554229349617, 51.187888975439854, 25.357016817758687, 57.789263365023956, 67.80974641947579, 55.07641266260688, 50.63620643070203, 22.09320986231042, 67.82202018733187, 52.73675788209711, 78.67666422859253, 56.195388869001874, 23.32704318190698, 76.1057647023189, 37.3649369831004, 41.2812396274794, 59.76123301410028, 3.1974257255715512, 66.80495069938831, 20.229120906274638, 51.652174465345816, 50.95380305179016, 41.606554404576585, 64.99606956662406, 41.20175330300785, 17.718703535190592, 37.613718255115316, 22.084121545130845, 32.632972611608764, 60.99675802826389, 50.943684158725674, 68.28711726887646, 55.49902851851183, 72.11502849243146, 13.565057409726428, 63.01043982487826, 3.080376506056044, 40.80663406023145, 72.12675550810918, 77.5038237982641, 58.95701222933113, 70.4671415200842, 24.94793116499637, 26.252405829867925, 56.976750749582585, 29.448137585230377, 57.11380356260467, 22.170622727383744, 39.057412388430826, 22.324499676965857, 37.20167031600564, 18.87664709254029, 35.41840464100797, 46.32578986109562, 33.111823030220464, 10.126406325705716, 53.47869757983174, 60.447207717564375, 19.84999259431278, 66.46260162652756, 14.959117299520743, 42.84474123033514, 49.68192047908807, 53.38525324925372, 41.10053220712641], [90.5598378192214, 109.09162903810453, 24.393666946358714, 67.12888483387917, 97.52156522586482, 113.35650625107294, 90.4018576401899, 39.43749607437594, 26.85515999878847, 89.95101846530648, 98.16804729615403, 37.82391042133914, 79.03708577614861, 39.14599335821318, 79.91910349825822, 0.0, 46.87692743313336, 67.71951331154708, 29.10551225541999, 83.82891976778093, 48.05038881538072, 21.673613463929613, 27.106805878475683, 78.64499754470468, 58.28479357573831, 12.975440855464043, 41.71486896693861, 62.47223269867199, 32.75278961091558, 95.86064576544409, 9.504889905846671, 104.44333238175163, 52.405533577733244, 55.492547633404044, 77.39113348690191, 14.058718982609511, 97.80262497647503, 83.42641391642567, 28.983739251236297, 51.71550467140862, 43.219483646028294, 108.66470697036692, 92.73746627896551, 68.66783811682512, 64.53408006696273, 54.498424311387815, 54.10176165097614, 58.44172164708649, 23.401383719509106, 32.12008459295281, 66.64955267701272, 81.86197603411422, 37.38635308551922, 82.9652600822125, 109.09294344928828, 17.97089647177423, 24.719580761101874, 56.78383252711362, 66.94572215699378, 77.57106728781416, 97.42378945182035, 31.774798534853367, 75.07841538667554, 60.97233569957611, 99.07704201283912, 41.67236926595732, 93.42646486793932, 42.721687239929935, 85.21484045263708, 91.35416260120593, 87.01277629198202, 49.04277947954324, 69.80365285363916, 76.10506655977063, 31.01843302603447, 86.19709148274787, 47.94451898054874, 90.78783495384631, 105.83038837364555, 32.687423666302756, 62.6721433400428, 72.34069944221183], [54.42223811201408, 68.62077852207905, 54.68015390133823, 36.5582308469881, 52.31992402339567, 74.90514023103255, 45.45849620947568, 9.289073829360316, 44.62060528803012, 43.87839710203341, 60.396462601871384, 15.170341751787596, 59.06930253509357, 33.76409233684861, 34.13545404357807, 46.87692743313336, 0.0, 25.08832184321824, 17.776874545817833, 46.25035444620783, 30.73080480491411, 39.63018179042015, 25.983508901105953, 44.120281685755835, 12.053620367763187, 35.86874793716239, 34.04430425791969, 66.82026455746394, 22.961293350170667, 49.12096257463883, 42.17430088196241, 65.48576497558967, 30.75401142209922, 48.94812360980769, 32.08877438587141, 33.19817021805661, 50.97508442246208, 60.07640603797404, 18.939388665865522, 17.3613104101028, 35.56403640045796, 69.77569158067882, 45.86074472222895, 41.337830405180554, 26.49825718083196, 11.522280640881657, 36.543807673807144, 30.660007127277886, 40.85574898783327, 22.008566589999944, 64.12058455243499, 35.02221987232972, 41.911337043983636, 37.213459814043716, 69.8232866861667, 38.00517654589639, 50.458961790299384, 49.05335780332846, 63.10107394994565, 41.086714323220775, 50.84992807985782, 23.594928927419804, 31.49998387410954, 50.09299241161485, 55.23211401390147, 5.206077867279603, 51.831763369078466, 7.16407676988336, 44.52286689889394, 56.34732987219494, 48.027030575269016, 15.967669601734952, 24.16916336323065, 56.72206732822403, 27.249288951928172, 39.70908461131939, 38.67253248877937, 47.07601460490073, 68.95089287548423, 15.547510743378465, 48.341193224909844, 34.31426501332098], [61.879868977371466, 69.13582996911283, 68.17552409788013, 52.38775109375635, 46.512560878919686, 77.19670186165254, 41.655267845658244, 28.942459530735192, 56.36111028443637, 36.762034838120336, 65.21983269842315, 29.96969627536312, 76.49759256345479, 58.44509060085961, 30.918554229349617, 67.71951331154708, 25.08832184321824, 0.0, 40.29833654377175, 53.848380317159204, 30.45131230972519, 64.24865052571356, 50.746385670722525, 21.927660249792215, 22.297267147579284, 58.67304347407365, 58.42291943404118, 90.53790686049153, 36.43360433999643, 32.168944589085974, 60.85666860088967, 68.26916783346581, 52.42866254214757, 71.90608453729389, 31.257075124794863, 53.68578258713343, 37.77334563275681, 75.7345070684648, 42.86030080433714, 16.90005768465333, 38.625370880214916, 72.11958441674338, 31.70613561053998, 57.974689039113976, 39.81078121012861, 14.030176874052014, 31.769379399108185, 21.016844152597542, 65.62315862742615, 36.52565111443711, 86.70819971312642, 21.753170229937712, 66.85348815285788, 33.08216514022406, 71.71156211685967, 54.23625317292003, 75.15107766385199, 71.73888091644595, 85.46403709647798, 51.03190989124554, 32.62951139877315, 37.43173609671412, 7.403590736817815, 71.87353778146019, 52.133294082422786, 29.253811722055396, 53.227442332344445, 32.179029613553126, 48.769563715842814, 64.54394056908755, 23.176596182452975, 37.880196506430565, 26.208769896894545, 74.70290525692556, 39.86291857209357, 22.200522199293925, 38.651710382204094, 45.750061544563884, 73.58213202665003, 35.264679404521154, 69.31680680805077, 11.405056599315065], [66.3384536682787, 82.99736784312869, 39.76962040050373, 44.68609881736578, 69.10256225233975, 88.32938234436223, 62.06331227597502, 11.386744344897574, 31.776325228408414, 61.138712655964554, 73.28214802098384, 13.254325716055005, 63.06199274379924, 27.429656918186964, 51.187888975439854, 29.10551225541999, 17.776874545817833, 40.29833654377175, 0.0, 58.73785437851926, 31.06434707221976, 24.96722004127294, 13.113205045406856, 55.34531668314287, 29.292776688056925, 18.47407631871741, 29.014072239691, 60.77010282783505, 15.07082651625707, 66.84792817821764, 25.036071812224847, 79.05503427385992, 33.01798980534724, 45.88945742548583, 48.82820933619962, 15.618335939423089, 68.70642900285068, 65.73934487708246, 4.547755478188119, 26.381929171752542, 31.591320158096526, 83.36189103168323, 63.636117212368355, 47.99484226797106, 38.49657494256962, 26.416525961581954, 38.035653535497765, 37.183669596150466, 26.695313078134596, 13.561705203055231, 60.64137501063204, 52.78900277689301, 32.88260618854101, 54.25914014505894, 83.6021869604197, 22.619645526926355, 35.75232526130187, 46.54897500048761, 60.10158966499704, 52.80736628797799, 68.50118524790636, 14.878442841342823, 47.41647339481053, 49.15585847088726, 71.2783364973263, 12.57083565638309, 66.6198212997698, 14.242974932722335, 58.70213340613708, 67.719762798661, 61.72480445839487, 23.280910786809105, 41.066895384464, 60.308578558197965, 17.90580679395146, 57.307084472552106, 36.16214424441753, 62.98906471593299, 81.51658055317397, 6.45825210457394, 48.884214178780105, 47.09029845666168], [8.315765792753435, 25.54735899392428, 98.50617188337705, 18.36898569509743, 26.598177847079196, 29.677724037780507, 22.31570310602341, 55.14222627578268, 89.79891196558638, 28.217185167420016, 14.5484406145796, 61.35497399148497, 31.977465504219982, 48.706238034988374, 25.357016817758687, 83.82891976778093, 46.25035444620783, 53.848380317159204, 58.73785437851926, 0.0, 75.6795061403677, 66.37361230759383, 56.74024881500163, 74.96499677194765, 36.39011848517089, 70.86143177609526, 46.457351473302225, 62.78747225953591, 68.88867774241996, 46.141178498991906, 82.84118469560732, 20.61573547572854, 33.44177875921016, 45.936355866090466, 23.567298175652603, 73.06399006478328, 39.78036636669207, 27.869836462162542, 56.53013474195463, 59.87456016490241, 81.52109671860579, 24.85710505638954, 40.29800750187265, 20.497351651959864, 20.31009038145029, 50.532116408727894, 80.33986509980814, 71.57175019974689, 66.03771468802047, 67.76588193301266, 54.51843890680706, 38.90645521359402, 56.14157226721431, 25.078136860923063, 25.264074566781407, 81.35445995517756, 73.7139504847321, 44.669862062987484, 52.68214896655057, 6.304288663658897, 49.20793765767008, 69.39922599826478, 53.965809020533534, 41.25417070277649, 22.50142740770116, 49.56156387634339, 13.126518769507278, 45.2384851424139, 7.505376714089636, 10.739110707000359, 71.54235495503828, 35.571095061572954, 27.70367005805325, 31.960990244477916, 73.10012492846433, 44.97263240304926, 84.12958145531395, 17.678860757908595, 22.85954407010866, 60.030609469277046, 37.044939019325696, 64.88973556056416], [83.98492689873238, 95.62733479025383, 40.4228509330169, 67.28876753958743, 75.22170719258723, 102.85327809449397, 69.41156241260622, 24.352551157140905, 28.448166819147463, 65.58986993753197, 89.16245745114033, 18.680688265832334, 89.42800209122241, 58.08804822949811, 57.789263365023956, 48.05038881538072, 30.73080480491411, 30.45131230972519, 31.06434707221976, 75.6795061403677, 0.0, 54.43663702523972, 44.128286897675295, 31.936334563648817, 39.30268578342357, 44.21305980932938, 59.36560050020812, 91.7375594521414, 17.09549215021047, 62.582018184386335, 39.08428234373378, 93.50665178954297, 60.05998818435659, 75.97415689470711, 56.97049162879493, 36.02736353580871, 68.09880224071968, 90.73014762062397, 35.55268192797233, 16.23472390768476, 8.321247397194137, 97.67251312574419, 62.05757523472812, 72.00790797202544, 56.81647752752895, 25.538496713271087, 6.982997204856973, 11.900310225212623, 56.43093665520297, 18.400090553709244, 91.03938253201183, 51.64013864428887, 63.94689734187957, 60.529582282695046, 97.51314398432706, 30.758599802636805, 64.43836118056896, 76.43609700880985, 90.33798845298564, 71.06362177562634, 62.87027301711967, 17.800361668992203, 36.917021705350166, 78.40545737866444, 79.94376180209015, 29.765363431204843, 78.89745601822436, 35.24927972360875, 72.64709242453938, 86.1587488561697, 41.994619777878945, 46.145618782416896, 49.727466377410956, 86.9608992970396, 17.240529248944146, 52.65142773078066, 8.676901773261433, 72.55313401278113, 97.78318223269767, 24.801641906672852, 77.36247462843387, 28.73997695723611], [72.2543728092025, 91.92094011790103, 44.731654723178366, 48.55386623653734, 83.98687315385834, 95.19396630284719, 76.869757108789, 35.99969347307399, 43.24976495546832, 77.79586829076675, 80.16878643831281, 38.044106375124606, 57.755053324172515, 18.54009397308646, 67.80974641947579, 21.673613463929613, 39.63018179042015, 64.24865052571356, 24.96722004127294, 66.37361230759383, 54.43663702523972, 0.0, 13.664205315996993, 80.30739934049373, 48.4649541581813, 12.260245569395963, 21.101377356418958, 42.13518177190358, 37.354034135401, 87.24227752418432, 26.790382228855837, 86.72024584661048, 33.26981009376072, 33.82394662530806, 64.879059337541, 21.080204816995316, 87.35058588304427, 62.44517546161592, 21.53785217814057, 51.318923174879416, 52.7132963483177, 90.79533933127892, 83.11159663421856, 49.10418156410454, 48.886219232930856, 50.22245920151972, 61.35020397778213, 61.909612308809486, 2.1596539410056192, 36.03812539900033, 45.35217874742069, 73.03754028329304, 15.720976484007522, 70.66079123711054, 91.37302713179962, 32.075708470787255, 10.911003196035997, 35.12830047323303, 45.52478346998753, 60.08010431562477, 89.33678088381905, 36.708018211608234, 71.01268064374518, 39.37677144151066, 84.26385363316362, 35.03031736317882, 77.36555984449517, 33.18248041936289, 69.06402721313076, 72.64381651736662, 86.38347430551899, 34.75156862239129, 58.17243607782281, 54.8293933322151, 38.18612921950842, 78.51711974483197, 57.640523627258425, 76.194706721741, 87.27309262115118, 31.25073466509115, 41.27981472521252, 71.86643453987277], [63.46606682747586, 82.07276634162596, 45.13014155224658, 40.13949261245037, 71.89223223205353, 86.24970470260567, 64.74046539222753, 23.10756658823447, 40.020049546667956, 65.13668471772421, 71.06140832385911, 26.266318152741928, 54.52203562283833, 15.685954291152626, 55.07641266260688, 27.106805878475683, 25.983508901105953, 50.746385670722525, 13.113205045406856, 56.74024881500163, 44.128286897675295, 13.664205315996993, 0.0, 67.6068381507669, 35.00361120808735, 14.13141978872127, 17.790452134183052, 47.990683326382424, 27.670312858546474, 73.79729519006293, 27.5321163750922, 77.35046453621473, 25.863599029863632, 34.39981203021611, 52.26580375575827, 18.341352255319258, 74.24879735349124, 58.139729776636564, 8.82615354087686, 38.62679819882509, 44.07545544580603, 81.56463325599644, 69.81844382685048, 42.0740527772391, 37.74185825513952, 36.74858768664385, 51.10792709059671, 50.10699382074818, 14.890508187017314, 26.19291477735842, 48.57922020318863, 59.57370149206319, 19.87968228437465, 58.01245398293829, 82.00304685394435, 29.14921188608973, 24.477313483113978, 35.27787813879664, 48.219375409684794, 50.47311971469218, 75.82897245806053, 27.289966143478473, 57.420383422733714, 38.512535182288076, 72.80019306825362, 21.492578842854808, 66.6476619956492, 19.541906591751417, 58.38099862541582, 64.31099139198216, 73.14208550707654, 22.572046400942625, 45.214428415079546, 51.636159097559734, 29.75442551767389, 64.94089791242284, 48.80474424742624, 64.57813413924197, 78.74691547194578, 19.54210207820643, 39.030455910100464, 58.77440368739578], [82.7601053553801, 87.4949814418527, 72.13834341214873, 74.3112153520282, 63.2937832887643, 96.01233726590861, 59.90728188869283, 44.50160923611555, 60.26296709209858, 54.002289563529985, 85.30021680409145, 42.53575869102598, 98.41739218824095, 77.8056017294086, 50.63620643070203, 78.64499754470468, 44.120281685755835, 21.927660249792215, 55.34531668314287, 74.96499677194765, 31.936334563648817, 80.30739934049373, 67.6068381507669, 0.0, 43.98997275910284, 72.33599004333296, 78.1624253683477, 110.89295321475076, 45.94533585425015, 42.78341873880317, 70.22178510577459, 87.56329678833498, 73.58441994855318, 92.69352375546212, 51.664980807