instance_id,num_cities,city_coordinates,distance_matrix,best_route,total_distance
1482,51,"[[46.85490176630752, 91.4984509883384], [99.69988904267561, 37.59148265787907], [55.10481500348048, 84.35847497198733], [88.35189316853278, 24.999637367153703], [51.67580059661122, 99.06680590884761], [94.08616540176126, 17.78795641158316], [20.553310713904306, 51.14253027429609], [33.976207393097205, 21.896365816389007], [20.672315495749306, 38.95730651522826], [31.947775674350464, 77.12395512159233], [73.5041383672957, 29.096569981654106], [38.45295550706974, 30.163057107633083], [80.8217459868513, 93.0417168080234], [28.209560912943022, 22.96892729294089], [74.17115922719942, 36.880468169578364], [39.48741847411971, 50.30513852045387], [97.2074283818127, 0.6304686854998409], [96.24069446555517, 73.09371851100032], [23.166687514616456, 4.010118734752566], [63.67205751285952, 69.38629935647953], [78.05578940816065, 1.7312763755013338], [70.35436303900954, 90.02365561141524], [91.6092309762281, 44.69202697844034], [78.41138381166067, 78.3438633960088], [72.5649116636477, 52.82449172664059], [66.98375898201539, 57.506400338357686], [43.92828762903574, 0.6018926306780803], [51.7985142826055, 20.826129108682125], [11.335399655139266, 5.865406039475141], [62.28450159910781, 31.149560220330862], [70.12759795389547, 81.85314527335588], [43.00617338431111, 69.22023994823599], [80.83057023088952, 53.82033050767989], [59.41948490487956, 50.76320019981384], [33.028545114302034, 55.65987258237729], [78.23920755959219, 58.970732367302915], [96.15657317836227, 86.86780178823955], [42.682066829163325, 2.8896599254966238], [97.71694809165115, 60.76387304270834], [57.09933458903941, 89.69655138657097], [65.48472286761783, 86.89948620810564], [64.7819954748014, 51.29541178770683], [95.80360380080803, 73.1189260086911], [66.75142120266723, 86.85117678020237], [7.236888378282003, 37.28138608315753], [77.84231098567476, 38.2882970809899], [52.30903988480716, 75.96608434239597], [4.150759716651886, 60.54196679525601], [85.9110828624604, 9.244270960932543], [60.21635317462879, 64.33673557805774], [35.85010099908242, 38.5329432627226]]","[[0.0, 75.48876681215988, 10.91056029427225, 78.38426186717214, 8.973352870294331, 87.54444171591707, 48.17026083140848, 70.783550554079, 58.70348955862382, 20.708658569415036, 67.85408288811982, 61.90818397792318, 34.001884884413336, 71.02073185666417, 61.068011011167705, 41.846968852444235, 103.88631836942795, 52.70380155259624, 90.63851154419874, 27.780640330887014, 95.03494634928313, 23.545693905914433, 64.75948819767117, 34.188517572468214, 46.44006604104685, 39.504814898961484, 90.94366053538876, 70.84501665306489, 92.70735363194939, 62.290137003616046, 25.192266872499694, 22.608215261398367, 50.73447359114127, 42.62897378837638, 38.41317274619058, 45.19985761941801, 49.51866028111617, 88.7069918610196, 59.42694706862713, 10.401694382854943, 19.189077917311412, 44.018916953971505, 52.28558471835037, 20.432049413777516, 67.14966203746944, 61.57548220657505, 16.46213947941323, 52.744171827735876, 91.05567205724411, 30.27023567410747, 54.09667872021891], [75.48876681215988, 0.0, 64.62098884007546, 16.950857741870326, 78.00979707630631, 20.583817549334515, 80.29826743245917, 67.57173242002274, 79.03937534877252, 78.4421139756485, 27.53871628858823, 61.695772737445076, 58.57570104183133, 72.97044704191909, 25.53862932097485, 61.54005733959949, 37.04495801067078, 35.67036273565251, 83.57654538847594, 48.051170783222474, 41.885814348099935, 60.0857109224928, 10.76459370326753, 45.97778801548023, 31.11834768507683, 38.30077169413529, 66.9230998581381, 50.750554514549414, 93.88730969793978, 37.96590025593595, 53.23171214347555, 64.91960938640797, 24.88828429106372, 42.37930037776331, 69.07629706114236, 30.292460577778414, 49.40354961287118, 66.74764828008092, 23.257079158015046, 67.30338347348467, 60.01630453881656, 37.51075798771244, 35.74045704423984, 59.263133548850746, 92.46352065408988, 21.868682375903227, 60.97952638672399, 98.26678399693965, 31.522937472054267, 47.68918282386127, 63.85672855136135], [10.91056029427225, 64.62098884007546, 0.0, 68.03557751875198, 15.102752687861843, 77.14388906630687, 47.928127762647726, 65.93885910234894, 56.98125235188257, 24.260806828228812, 58.24442671541075, 56.695923505840994, 27.143309083207683, 67.02261750209767, 51.163332690384166, 37.46375312000424, 93.71770958573097, 42.65038472562336, 86.46330052409817, 17.25003440217201, 85.7554731432777, 16.26785133215991, 53.90732308264027, 24.070141296227007, 36.045070047097866, 29.36227549382349, 84.49899318718674, 63.6183196520585, 89.8717062839007, 53.69112132057289, 15.2302555616813, 19.378939306975223, 39.92984785024199, 33.87120994850754, 36.20734002017793, 34.347308388023436, 41.12837913557664, 82.41051205569475, 48.708306545445666, 5.698523333734124, 10.686403762260714, 34.45016645826606, 42.22225562979562, 11.910373556845885, 67.13859320571268, 51.375626657476886, 8.84582268609572, 56.24537147095302, 81.18601963154481, 20.663926800914155, 49.70637150132758], [78.38426186717214, 16.950857741870326, 68.03557751875198, 0.0, 82.65035524501909, 9.213588890856483, 72.66428718711394, 54.464167099724314, 69.10384766431928, 76.80083965467571, 15.402619241071179, 50.16537534155353, 68.4574882041067, 60.176606023830075, 18.49992853150321, 55.02822253880832, 25.928302801158043, 48.73678104855515, 68.48117207352163, 50.78651445556884, 25.444574586386757, 67.46876343459358, 19.959971397678686, 54.26251170828387, 31.991425494376454, 38.900987101602595, 50.68240994028458, 36.79086407196336, 79.35779156201173, 26.7830254888009, 59.702983990005436, 63.33795067242998, 29.78594722067257, 38.740746221093055, 63.25126768201878, 35.444346597651325, 62.358502218144594, 50.74036007301041, 36.97005284239716, 71.84993459565942, 65.98862602072985, 35.312998027207776, 48.69285297366293, 65.51483280076395, 82.03953530856613, 16.942248807297688, 62.423280834255685, 91.39522993984535, 15.943309742475414, 48.36337360444245, 54.21797256876357], [8.973352870294331, 78.00979707630631, 15.102752687861843, 82.65035524501909, 0.0, 91.6781894373186, 57.14320232184807, 79.1741903882422, 67.63407429506884, 29.507349389687498, 73.29604522440629, 70.16103071593864, 29.762187946515755, 79.63385922289989, 66.13003675593446, 50.261882826454205, 108.45663471968312, 51.581305087467996, 99.23982721284702, 32.01316368629942, 100.84695889928658, 20.752524237222914, 67.46328961453311, 33.826494885507365, 50.7415666105899, 44.289963887012554, 98.76924169021547, 78.24077303296974, 101.55712129501, 68.74079428457834, 25.234479154287296, 31.08021775408588, 53.82605436641545, 48.92037378393508, 47.24279837002831, 48.09687830753579, 46.12325694271891, 96.59674247397031, 59.89074994360977, 10.826651873006256, 18.404619066602987, 49.536637355218836, 51.191361448405225, 19.403503077185494, 76.10686580187853, 66.17184749785174, 23.109399145950093, 61.1783682306902, 96.12565909418667, 35.764770704136964, 62.568372957998136], [87.54444171591707, 20.583817549334515, 77.14388906630687, 9.213588890856483, 91.6781894373186, 0.0, 80.74409152444939, 60.25019568134907, 76.40507013172066, 85.91821821261077, 23.484134596034494, 56.99295711247293, 76.41382909015539, 66.08002329183658, 27.588611348924783, 63.548330413710396, 17.439084484609257, 55.347712842393584, 72.24542307187573, 59.89496600998194, 22.688982530675887, 76.03416786072778, 27.01784997394911, 62.55171179595141, 41.118404265529726, 48.08425128569036, 53.0205006666762, 42.396649991630625, 83.60524169588747, 34.49461228886244, 68.39854806974007, 72.4875532370725, 38.39326485641852, 47.845014782797634, 71.8492521159073, 44.126489870263796, 69.11086474371568, 53.51953464155592, 43.12901567653296, 80.86329009411968, 74.79602974656827, 44.51386234524092, 55.35761728263423, 74.27594932489495, 89.0100596554213, 26.155817208658288, 71.62417738440952, 99.58053323633294, 11.824827085587376, 57.56694383229346, 61.82065736116776], [48.17026083140848, 80.29826743245917, 47.928127762647726, 72.66428718711394, 57.14320232184807, 80.74409152444939, 0.0, 32.179376792586204, 12.185804864540263, 28.37020036641507, 57.35690467941855, 27.577809522734537, 73.4018128007577, 29.19537758038603, 55.48225026685101, 18.95261622111449, 91.80044728320168, 78.80631144884833, 47.204808609244424, 46.81945574049791, 75.81561229611329, 63.181379536764126, 71.34810997563679, 63.933317966328815, 52.03878964467295, 46.86454276497316, 55.68433890427743, 43.53558229407318, 46.20592887566176, 46.27322275653645, 58.31596547236123, 28.825936743693298, 60.33671045862456, 38.86802525918493, 13.267925793930536, 58.21463254973185, 83.61906672532704, 53.08503879726061, 77.76115463412106, 53.122729645676934, 57.422919603406385, 44.22894898633647, 78.39367690789638, 58.38983514290582, 19.2213012594932, 58.713378910830954, 40.30676334993432, 18.904842927911922, 77.63441578135583, 41.80004773728189, 19.824063095923666], [70.783550554079, 67.57173242002274, 65.93885910234894, 54.464167099724314, 79.1741903882422, 60.25019568134907, 32.179376792586204, 0.0, 21.63490783769667, 55.26482747373619, 40.17835570456438, 9.40103497391044, 85.18312892739827, 5.865543431606127, 42.897056732095876, 28.938414160606765, 66.71151091457408, 80.61039184455507, 20.898888838132486, 56.01015356145349, 48.473089263855506, 77.23145617566529, 61.97747635350102, 71.83874223808516, 49.453382792286085, 48.55484548992918, 23.505286411348408, 17.854412045047525, 27.741626599682405, 29.782228384242753, 70.01241634403671, 48.177685173214535, 56.696303570394086, 38.47927361400742, 33.776803474153496, 57.738391377753665, 89.9315594295664, 20.90566567568287, 74.65631348243949, 71.63479723340349, 72.23705564367994, 42.5828660773148, 80.2893368960675, 72.75535793058651, 30.849473739189392, 46.828735355315175, 57.09314502329257, 48.81638868370113, 53.45378185170561, 49.897196676198114, 16.74177966568691], [58.70348955862382, 79.03937534877252, 56.98125235188257, 69.10384766431928, 67.63407429506884, 76.40507013172066, 12.185804864540263, 21.63490783769667, 0.0, 39.797350013297276, 53.74416836192571, 19.83658190957195, 80.88929116467342, 17.675925396840704, 53.53914024446117, 21.972286892936417, 85.595385404289, 82.92089316975117, 35.036093183063905, 52.677333065284856, 68.40058770376356, 71.24659892306725, 71.16834265792464, 69.89349664248056, 53.71350261090964, 49.88806149211328, 44.85507790785052, 36.02193560966064, 34.38388975249578, 42.33833882553763, 65.46661703325064, 37.61178469784611, 61.96712914907559, 40.50582998670163, 20.776239400186885, 60.94656902752301, 89.40519400571955, 42.25286125554695, 80.07122926216954, 62.46117746358132, 65.62472436640356, 45.80275875500463, 82.53318562126385, 66.4613180106104, 13.539549886292672, 57.173909766091704, 48.68810908558545, 27.181967639706194, 71.6865485944099, 46.98772537060965, 15.183716835981434], [20.708658569415036, 78.4421139756485, 24.260806828228812, 76.80083965467571, 29.507349389687498, 85.91821821261077, 28.37020036641507, 55.26482747373619, 39.797350013297276, 0.0, 63.51032202443607, 47.40931666807168, 51.40077928604998, 54.28389529800175, 58.329686787329095, 27.858484119449358, 100.54887238874065, 64.41911373055204, 73.63925977676986, 32.65427039314366, 88.37423232474785, 40.51503703227146, 67.90669489689893, 46.479619806271096, 47.330916505553375, 40.154309631821434, 77.45423625961166, 59.69503360475791, 74.17985482896187, 55.08141180444616, 38.47160080876774, 13.592530060779938, 54.15336114963641, 38.073405522658554, 21.49127501644724, 49.723597640887014, 64.94391599506703, 75.00637032850857, 67.77341902312769, 28.118874313905668, 34.932618497149505, 41.77558665841481, 63.981302299272365, 36.137412514684215, 46.8834539954283, 60.12085084967611, 20.39415958036373, 32.36721231442868, 86.71614638825486, 31.026205980490026, 38.78781173553709], [67.85408288811982, 27.53871628858823, 58.24442671541075, 15.402619241071179, 73.29604522440629, 23.484134596034494, 57.35690467941855, 40.17835570456438, 53.74416836192571, 63.51032202443607, 0.0, 35.067403877260105, 64.36248273582758, 45.70718490225464, 7.812425220603219, 40.0866637643464, 37.04274396579197, 49.524741916769756, 56.24223497078566, 41.47206417607931, 27.74124765306623, 61.00844898827477, 23.895871135336908, 49.49118069404673, 23.746503261260337, 29.14847866055216, 41.069180466964006, 23.22787784407367, 66.36745475885581, 11.405920310530645, 52.864517983921154, 50.39875752129747, 25.786448735724615, 25.84221987691505, 48.41366226840697, 30.247090083179067, 62.05358996319109, 40.4574125296376, 39.863244196985484, 62.78117021272669, 58.35656046442977, 23.850877429714046, 49.34809002171829, 58.14803346253753, 66.77079927424761, 10.164034077841231, 51.43912495459245, 76.14922265541823, 23.410383339754183, 37.66210969380776, 38.818444982076045], [61.90818397792318, 61.695772737445076, 56.695923505840994, 50.16537534155353, 70.16103071593864, 56.99295711247293, 27.577809522734537, 9.40103497391044, 19.83658190957195, 47.40931666807168, 35.067403877260105, 0.0, 75.82110690590793, 12.517293501457397, 36.3443762963107, 20.168628046322304, 65.75911998878958, 71.98933575512848, 30.292675264373532, 46.63116810128311, 48.7519292807722, 67.83060559769397, 55.10608484786297, 62.59445731988671, 40.95321930959579, 39.51790943305559, 30.063960269389312, 16.287484873020574, 36.410680889163906, 23.85195542357686, 60.62300049250656, 39.32169025464084, 48.533790439291565, 29.393217762054327, 26.067447659146108, 49.12054566322976, 80.90201209888089, 27.599340144815585, 66.698056590561, 62.385289884145344, 62.84694768807586, 33.760846552579906, 71.65405454513339, 63.35886735679896, 32.017392998068615, 40.21866295197476, 47.85298713927283, 45.82050621558987, 51.863951507110116, 40.515253648919455, 8.765263592095165], [34.001884884413336, 58.57570104183133, 27.143309083207683, 68.4574882041067, 29.762187946515755, 76.41382909015539, 73.4018128007577, 85.18312892739827, 80.88929116467342, 51.40077928604998, 64.36248273582758, 75.82110690590793, 0.0, 87.62555476957755, 56.55365729001883, 59.455376162793875, 93.85270037197205, 25.21242963791788, 106.06946413986101, 29.21798400919839, 91.35232371306358, 10.893796361381106, 49.538493507704864, 14.894184795975198, 41.056065401928606, 38.13461158770733, 99.53013796603713, 77.82955149118867, 111.48121584260342, 64.60857897033783, 15.477368482308131, 44.69317946890079, 39.22138729300706, 47.38702086026862, 60.676126502557125, 34.16872086408982, 16.531005766892005, 97.8878362535495, 36.432225464554335, 23.957106132083574, 16.521237087532754, 44.72166789530677, 24.927367626598198, 15.371949302820342, 92.32521731260555, 54.834423537873874, 33.234795521602564, 83.2746893511917, 83.95185096428523, 35.334942484156834, 70.66579969347833], [71.02073185666417, 72.97044704191909, 67.02261750209767, 60.176606023830075, 79.63385922289989, 66.08002329183658, 29.19537758038603, 5.865543431606127, 17.675925396840704, 54.28389529800175, 45.70718490225464, 12.517293501457397, 87.62555476957755, 0.0, 48.020823495265184, 29.571244739533658, 72.52387502200956, 84.50283916595582, 19.618027272322376, 58.41370639142893, 54.181955591215676, 79.19924833045896, 67.0179917938426, 74.74360555106414, 53.46729718129423, 51.92567265103599, 27.337933520258492, 23.686078297906846, 24.026397096154884, 35.04317819288578, 72.28051574616558, 48.560515472611144, 60.998194251615516, 41.792116026879846, 33.04422056350961, 61.63680322827372, 93.27305418802884, 24.75137179043505, 79.11848580855617, 72.71309950921412, 74.00374356715064, 46.25940654195241, 84.16636504635497, 74.60842307772856, 25.390932827837858, 51.94317058560482, 58.21927122559959, 44.61568348064604, 59.31131280558856, 52.30420932579797, 17.338294204319034], [61.068011011167705, 25.53862932097485, 51.163332690384166, 18.49992853150321, 66.13003675593446, 27.588611348924783, 55.48225026685101, 42.897056732095876, 53.53914024446117, 58.329686787329095, 7.812425220603219, 36.3443762963107, 56.55365729001883, 48.020823495265184, 0.0, 37.19117700015044, 42.95034527404268, 42.408299729269075, 60.678793714503165, 34.15933544376078, 35.36320171335801, 53.2800741799445, 19.1077679844764, 41.67964309144026, 16.024728341646576, 21.842339620918754, 47.23098903934481, 27.5368306908962, 70.07329562630768, 13.196057573768641, 45.15409254598743, 44.91232772060572, 18.201832076741596, 20.25690361173487, 45.225885576097184, 22.461718312719412, 54.60853366377201, 46.335062157484906, 33.53835418715694, 55.50662881909129, 50.76767024561575, 17.203110052637793, 42.204128764700265, 50.51855333835858, 66.93547153228745, 3.9318364001523145, 44.7843460792923, 73.91023518315735, 30.026408428530416, 30.79907842729696, 38.35667057574466], [41.846968852444235, 61.54005733959949, 37.46375312000424, 55.02822253880832, 50.261882826454205, 63.548330413710396, 18.95261622111449, 28.938414160606765, 21.972286892936417, 27.858484119449358, 40.0866637643464, 20.168628046322304, 59.455376162793875, 29.571244739533658, 37.19117700015044, 0.0, 76.15229718764806, 61.157613702184115, 49.08762691362217, 30.80564013755301, 62.023699665391035, 50.30237436420842, 52.42318532565557, 47.97129527379006, 33.17329794097648, 28.423703367016483, 49.90124217723041, 31.946440739228585, 52.60633028985376, 29.776554183111266, 43.97837341960276, 19.239612733661794, 41.49232184260549, 19.937329126598726, 8.389888077446878, 39.708861404521436, 67.44050296466405, 47.522977479333434, 59.16133236570969, 43.14931050234597, 44.88881952572312, 25.313953993543787, 60.76167895399497, 45.59538087641387, 34.780954831782815, 40.193311107125275, 28.685852193644983, 36.789565168258186, 61.97702364571764, 25.031469189900285, 12.321309167469273], [103.88631836942795, 37.04495801067078, 93.71770958573097, 25.928302801158043, 108.45663471968312, 17.439084484609257, 91.80044728320168, 66.71151091457408, 85.595385404289, 100.54887238874065, 37.04274396579197, 65.75911998878958, 93.85270037197205, 72.52387502200956, 42.95034527404268, 76.15229718764806, 0.0, 72.46969814852093, 74.11783417382566, 76.49827024563801, 19.183249280230783, 93.33932176246252, 44.41577122367783, 79.95413065573601, 57.71888487682496, 64.40762216825584, 53.279148416102984, 49.697426287461504, 86.03144708032448, 46.37915224733588, 85.61799114730624, 87.42043677069256, 55.65395658493712, 62.77913221208291, 84.54090341787479, 61.3463916430529, 86.24373552514702, 54.57214488643463, 60.13556293843316, 97.68022458719034, 91.91666567851554, 60.15268205788469, 72.50204940931225, 91.4416692632416, 97.14930681490654, 42.34524543830608, 87.70017261118484, 110.67488960379784, 14.205809084062773, 73.6670081269041, 72.12017195368131], [52.70380155259624, 35.67036273565251, 42.65038472562336, 48.73678104855515, 51.581305087467996, 55.347712842393584, 78.80631144884833, 80.61039184455507, 82.92089316975117, 64.41911373055204, 49.524741916769756, 71.98933575512848, 25.21242963791788, 84.50283916595582, 42.408299729269075, 61.157613702184115, 72.46969814852093, 0.0, 100.56020211749089, 32.77897298183395, 73.6429828258531, 30.930970320197993, 28.776840270670075, 18.58624060176389, 31.16703780789735, 33.15015477645925, 89.3960442552828, 68.60764010912406, 108.29845374986968, 53.96605830238211, 27.543082010412785, 53.37525710407035, 24.676616746514608, 43.06336635189385, 65.57221064954344, 22.880390478325, 13.774340148235062, 88.30139543727783, 12.417906991136702, 42.51705672406131, 33.71244593083635, 38.27291363606426, 0.43781693337389355, 32.54051160633638, 95.93852537924086, 39.36899637523624, 44.02545581446632, 92.94139310980309, 64.67961679168829, 37.07341251534569, 69.58067953817888], [90.63851154419874, 83.57654538847594, 86.46330052409817, 68.48117207352163, 99.23982721284702, 72.24542307187573, 47.204808609244424, 20.898888838132486, 35.036093183063905, 73.63925977676986, 56.24223497078566, 30.292675264373532, 106.06946413986101, 19.618027272322376, 60.678793714503165, 49.08762691362217, 74.11783417382566, 100.56020211749089, 0.0, 76.90728178384175, 54.93638711435431, 98.10711109511081, 79.62034547678395, 92.61469680519119, 69.44802055976183, 69.1504728645536, 21.03948774299292, 33.20481454500598, 11.975870047594752, 47.610425989461156, 90.91129682264842, 68.1613168025018, 76.19829766326781, 59.16177773781078, 52.58282331557237, 77.80521521704527, 110.42155156580074, 19.547517943050547, 93.69487702191397, 92.16067099404147, 93.06698316949162, 62.98994202033209, 100.26040519763315, 93.60699711425364, 36.888151641048644, 64.53229666365048, 77.63335422482221, 59.644407576513395, 62.962333955257456, 70.79532770796142, 36.7789938824724], [27.780640330887014, 48.051170783222474, 17.25003440217201, 50.78651445556884, 32.01316368629942, 59.89496600998194, 46.81945574049791, 56.01015356145349, 52.677333065284856, 32.65427039314366, 41.47206417607931, 46.63116810128311, 29.21798400919839, 58.41370639142893, 34.15933544376078, 30.80564013755301, 76.49827024563801, 32.77897298183395, 76.90728178384175, 0.0, 69.16714449644853, 21.69224931485781, 37.286629633196064, 17.24777357413992, 18.798306490611914, 12.33285722375725, 71.56193861156828, 49.990710770459934, 82.30449345877977, 38.26190705100401, 14.039097175423613, 20.66655129772878, 23.16708753591176, 19.102465704331042, 33.57736803421818, 17.907704939216785, 36.889655532329456, 69.73078778069127, 35.11980652079833, 21.347295476456594, 17.606744996969514, 18.124904835759388, 32.34762384750043, 17.73427258614714, 64.9280661311878, 34.17428607901254, 13.130565108795585, 60.1748046095569, 64.12205414700134, 6.118822339765711, 41.5450459923042], [95.03494634928313, 41.885814348099935, 85.7554731432777, 25.444574586386757, 100.84695889928658, 22.688982530675887, 75.81561229611329, 48.473089263855506, 68.40058770376356, 88.37423232474785, 27.74124765306623, 48.7519292807722, 91.35232371306358, 54.181955591215676, 35.36320171335801, 62.023699665391035, 19.183249280230783, 73.6429828258531, 54.93638711435431, 69.16714449644853, 0.0, 88.62762661415398, 45.0479951907623, 76.61341225500028, 51.38741473671428, 56.86347079478599, 34.14618405220772, 32.46625783672887, 66.84834655302724, 33.37916930558543, 80.51316721766989, 76.04758896599678, 52.162907980663924, 52.454183812658826, 70.25486614849608, 57.239749863671356, 87.03945273523618, 35.392684294141425, 62.22064472544892, 90.42711211997751, 86.09097327860378, 51.310789552926664, 73.560732975324, 85.8672591004953, 79.24094297335272, 36.557644014602296, 78.57290770297372, 94.44919650982223, 10.869715860770382, 65.0975345700066, 55.99716796197999], [23.545693905914433, 60.0857109224928, 16.26785133215991, 67.46876343459358, 20.752524237222914, 76.03416786072778, 63.181379536764126, 77.23145617566529, 71.24659892306725, 40.51503703227146, 61.00844898827477, 67.83060559769397, 10.893796361381106, 79.19924833045896, 53.2800741799445, 50.30237436420842, 93.33932176246252, 30.930970320197993, 98.10711109511081, 21.69224931485781, 88.62762661415398, 0.0, 50.06721447760551, 14.189190601510736, 37.26478658127821, 32.69147996347389, 93.24478085210323, 71.64228637590367, 102.79031573995468, 59.42458894916914, 8.173656561671871, 34.36139666317954, 37.68861453667343, 40.75481467182271, 50.73545375588172, 32.038333525926305, 25.994489058809545, 91.4225857308748, 40.06052841302832, 13.25906393315262, 5.785657253882889, 39.12707694090177, 30.552147850735526, 4.800605358760444, 82.25304008083205, 52.27443626404422, 22.874636559367413, 72.47128443954152, 82.26372539689646, 27.615160778282352, 61.98255849104459], [64.75948819767117, 10.76459370326753, 53.90732308264027, 19.959971397678686, 67.46328961453311, 27.01784997394911, 71.34810997563679, 61.97747635350102, 71.16834265792464, 67.90669489689893, 23.895871135336908, 55.10608484786297, 49.538493507704864, 67.0179917938426, 19.1077679844764, 52.42318532565557, 44.41577122367783, 28.776840270670075, 79.62034547678395, 37.286629633196064, 45.0479951907623, 50.06721447760551, 0.0, 36.147327204844174, 20.708043870927128, 27.7600798908273, 64.94160688866494, 46.4163144248831, 89.17059206097441, 32.300745485759954, 42.92329519311021, 54.44162413792273, 14.124639917004263, 32.75727242036219, 59.59857710755739, 19.561159314910913, 42.42021100737482, 64.352974155845, 17.193267411273474, 56.71278661692198, 49.638287022627026, 27.627979578468285, 28.734671598395664, 48.941849359683474, 84.6971652060683, 15.183406818820275, 50.225209644422485, 88.88309618402589, 35.90281741873742, 37.03278753523732, 56.098261007142156], [34.188517572468214, 45.97778801548023, 24.070141296227007, 54.26251170828387, 33.826494885507365, 62.55171179595141, 63.933317966328815, 71.83874223808516, 69.89349664248056, 46.479619806271096, 49.49118069404673, 62.59445731988671, 14.894184795975198, 74.74360555106414, 41.67964309144026, 47.97129527379006, 79.95413065573601, 18.58624060176389, 92.61469680519119, 17.24777357413992, 76.61341225500028, 14.189190601510736, 36.147327204844174, 0.0, 26.18051884468381, 23.7653208673079, 85.04644578592158, 63.37613574617837, 98.75380717394533, 49.873626117772496, 8.996453047284096, 36.561857587131044, 24.642567403903577, 33.48709014571641, 50.73623446279189, 19.373896110931923, 19.686271139417048, 83.48605220876853, 26.110550989800682, 24.147193764048154, 15.501523952989729, 30.288264407911665, 18.160101509966495, 14.433610395878228, 82.17016394814158, 40.05960854399544, 26.210421433154146, 76.36457171728321, 69.50538943525325, 22.962115965018274, 58.27840214445796], [46.44006604104685, 31.11834768507683, 36.045070047097866, 31.991425494376454, 50.7415666105899, 41.118404265529726, 52.03878964467295, 49.453382792286085, 53.71350261090964, 47.330916505553375, 23.746503261260337, 40.95321930959579, 41.056065401928606, 53.46729718129423, 16.024728341646576, 33.17329794097648, 57.71888487682496, 31.16703780789735, 69.44802055976183, 18.798306490611914, 51.38741473671428, 37.26478658127821, 20.708043870927128, 26.18051884468381, 0.0, 7.28488390464545, 59.558845627138716, 38.14627728124618, 77.16352032777293, 23.98936195271377, 29.13079512912362, 33.80147287341584, 8.325431305826735, 13.306057546422432, 39.63790691397942, 8.365040820442042, 41.41875726014759, 58.19340033380425, 26.375342882274303, 39.9841575854252, 34.802791875068024, 7.931700313441972, 30.85289087061672, 34.51973300989154, 67.15161025186036, 15.464536798118957, 30.754408632168705, 68.84806175965545, 45.5780202252782, 16.882495527948855, 39.39829538992002], [39.504814898961484, 38.30077169413529, 29.36227549382349, 38.900987101602595, 44.289963887012554, 48.08425128569036, 46.86454276497316, 48.55484548992918, 49.88806149211328, 40.154309631821434, 29.14847866055216, 39.51790943305559, 38.13461158770733, 51.92567265103599, 21.842339620918754, 28.423703367016483, 64.40762216825584, 33.15015477645925, 69.1504728645536, 12.33285722375725, 56.86347079478599, 32.69147996347389, 27.7600798908273, 23.7653208673079, 7.28488390464545, 0.0, 61.397701559272015, 39.69929412550707, 75.91793060898289, 26.772486641289778, 24.54888413779682, 26.68592605665371, 14.329036693322417, 10.133557638977875, 34.00538506701195, 11.35030356305374, 41.390155631933816, 59.77926542554569, 30.90534001217627, 33.67354555266264, 29.431286180162857, 6.589699637920927, 32.77704094615787, 29.345696196641082, 63.07725222742594, 22.07359609187015, 23.581927701333385, 62.90628315514609, 51.840878863292694, 9.615157869142775, 36.4595218399695], [90.94366053538876, 66.9230998581381, 84.49899318718674, 50.68240994028458, 98.76924169021547, 53.0205006666762, 55.68433890427743, 23.505286411348408, 44.85507790785052, 77.45423625961166, 41.069180466964006, 30.063960269389312, 99.53013796603713, 27.337933520258492, 47.23098903934481, 49.90124217723041, 53.279148416102984, 89.3960442552828, 21.03948774299292, 71.56193861156828, 34.14618405220772, 93.24478085210323, 64.94160688866494, 85.04644578592158, 59.558845627138716, 61.397701559272015, 0.0, 21.701617651612732, 33.01516196967011, 35.63861089440766, 85.37077906111996, 68.62454286385687, 64.76094958611542, 52.498894941556124, 56.12651372790943, 67.70643011325328, 100.84443908417875, 2.6051766691101754, 80.7012012392631, 90.062948524083, 88.94916839099763, 54.815235249340944, 89.16147462816659, 89.2179042705286, 51.88105645521007, 50.69936943027142, 75.82874389526168, 71.93791919200596, 42.8631053333157, 65.78321430839851, 38.78171864782531], [70.84501665306489, 50.750554514549414, 63.6183196520585, 36.79086407196336, 78.24077303296974, 42.396649991630625, 43.53558229407318, 17.854412045047525, 36.02193560966064, 59.69503360475791, 23.22787784407367, 16.287484873020574, 77.82955149118867, 23.686078297906846, 27.5368306908962, 31.946440739228585, 49.697426287461504, 68.60764010912406, 33.20481454500598, 49.990710770459934, 32.46625783672887, 71.64228637590367, 46.4163144248831, 63.37613574617837, 38.14627728124618, 39.69929412550707, 21.701617651612732, 0.0, 43.14031617998383, 14.714929830576985, 63.720106796775696, 49.1863316625955, 43.94857902756265, 30.89186654673101, 39.56894523449246, 46.41250929141057, 79.55589179509728, 20.120301710728285, 60.856601564789614, 69.07411787823158, 67.47592773590004, 33.12020487319515, 68.3446011849554, 67.69709259182812, 47.50277871170166, 31.356126307372413, 55.14231859077446, 62.02947910730539, 36.025085333277104, 44.31741065252945, 23.83029906962528], [92.70735363194939, 93.88730969793978, 89.8717062839007, 79.35779156201173, 101.55712129501, 83.60524169588747, 46.20592887566176, 27.741626599682405, 34.38388975249578, 74.17985482896187, 66.36745475885581, 36.410680889163906, 111.48121584260342, 24.026397096154884, 70.07329562630768, 52.60633028985376, 86.03144708032448, 108.29845374986968, 11.975870047594752, 82.30449345877977, 66.84834655302724, 102.79031573995468, 89.17059206097441, 98.75380717394533, 77.16352032777293, 75.91793060898289, 33.01516196967011, 43.14031617998383, 0.0, 56.8779345751776, 96.07631911494387, 70.82988697019836, 84.43490696450044, 65.78670971228486, 54.314652334380234, 85.4183539791128, 117.28605882583041, 31.487594507264216, 102.35044498972407, 95.50915490590498, 97.46112739521078, 70.14573420383232, 107.97181789635712, 98.13068076104288, 31.682196842889166, 73.98927704889167, 81.19694755469477, 55.146580556969305, 74.65218854123552, 76.21183631814692, 40.842852131247966], [62.290137003616046, 37.96590025593595, 53.69112132057289, 26.7830254888009, 68.74079428457834, 34.49461228886244, 46.27322275653645, 29.782228384242753, 42.33833882553763, 55.08141180444616, 11.405920310530645, 23.85195542357686, 64.60857897033783, 35.04317819288578, 13.196057573768641, 29.776554183111266, 46.37915224733588, 53.96605830238211, 47.610425989461156, 38.26190705100401, 33.37916930558543, 59.42458894916914, 32.300745485759954, 49.873626117772496, 23.98936195271377, 26.772486641289778, 35.63861089440766, 14.714929830576985, 56.8779345751776, 0.0, 51.30660481516805, 42.67353505045197, 29.290279737764624, 19.821785840407507, 38.1662992956605, 32.071330841063784, 65.20613220004668, 34.39298494728105, 46.17862913067664, 58.77615274532776, 55.84170183482761, 20.30006923716941, 53.71180388969642, 55.88043895790024, 55.38807642193098, 17.11744714828945, 45.913295142007854, 65.14173400763687, 32.21889259008936, 33.25155404082927, 27.44616330624921], [25.192266872499694, 53.23171214347555, 15.2302555616813, 59.702983990005436, 25.234479154287296, 68.39854806974007, 58.31596547236123, 70.01241634403671, 65.46661703325064, 38.47160080876774, 52.864517983921154, 60.62300049250656, 15.477368482308131, 72.28051574616558, 45.15409254598743, 43.97837341960276, 85.61799114730624, 27.543082010412785, 90.91129682264842, 14.039097175423613, 80.51316721766989, 8.173656561671871, 42.92329519311021, 8.996453047284096, 29.13079512912362, 24.54888413779682, 85.37077906111996, 63.720106796775696, 96.07631911494387, 51.30660481516805, 0.0, 29.919257471352743, 30.006537941735377, 32.8823413057277, 45.413954417765815, 24.27762407646865, 26.50762779273489, 83.59718414516259, 34.72649772496559, 15.20705973424418, 6.857247691057159, 31.02177528196047, 27.12091190232971, 6.031491390938419, 77.08361089254441, 44.24265809359332, 18.765886551567625, 69.33332180062365, 74.3045558816967, 20.126037406505922, 55.24116852248235], [22.608215261398367, 64.91960938640797, 19.378939306975223, 63.33795067242998, 31.08021775408588, 72.4875532370725, 28.825936743693298, 48.177685173214535, 37.61178469784611, 13.592530060779938, 50.39875752129747, 39.32169025464084, 44.69317946890079, 48.560515472611144, 44.91232772060572, 19.239612733661794, 87.42043677069256, 53.37525710407035, 68.1613168025018, 20.66655129772878, 76.04758896599678, 34.36139666317954, 54.44162413792273, 36.561857587131044, 33.80147287341584, 26.68592605665371, 68.62454286385687, 49.1863316625955, 70.82988697019836, 42.67353505045197, 29.919257471352743, 0.0, 40.83922388568102, 24.69937471568987, 16.83557628926108, 36.69358394662654, 56.003584145697516, 66.33137184780757, 55.36044626191358, 24.857524471719763, 28.597918371632996, 28.204359455608703, 52.941178789131826, 29.575103170199334, 47.95343716624884, 46.58692490950351, 11.491289819522933, 39.8127567018745, 73.74244444886655, 17.889631168601806, 31.51062598310852], [50.73447359114127, 24.88828429106372, 39.92984785024199, 29.78594722067257, 53.82605436641545, 38.39326485641852, 60.33671045862456, 56.696303570394086, 61.96712914907559, 54.15336114963641, 25.786448735724615, 48.533790439291565, 39.22138729300706, 60.998194251615516, 18.201832076741596, 41.49232184260549, 55.65395658493712, 24.676616746514608, 76.19829766326781, 23.16708753591176, 52.162907980663924, 37.68861453667343, 14.124639917004263, 24.642567403903577, 8.325431305826735, 14.329036693322417, 64.76094958611542, 43.94857902756265, 84.43490696450044, 29.290279737764624, 30.006537941735377, 40.83922388568102, 0.0, 21.628236649272917, 47.83740712341591, 5.7655702068227, 36.42830938137754, 63.6336508283344, 18.258218428756123, 43.01482034880534, 36.46540241310717, 16.245983080263844, 24.425960013836857, 35.90625631889107, 75.42921643037432, 15.816881983640984, 36.10972315305587, 76.97385098123809, 44.86464859234625, 23.141752752263596, 47.5073343926054], [42.62897378837638, 42.37930037776331, 33.87120994850754, 38.740746221093055, 48.92037378393508, 47.845014782797634, 38.86802525918493, 38.47927361400742, 40.50582998670163, 38.073405522658554, 25.84221987691505, 29.393217762054327, 47.38702086026862, 41.792116026879846, 20.25690361173487, 19.937329126598726, 62.77913221208291, 43.06336635189385, 59.16177773781078, 19.102465704331042, 52.454183812658826, 40.75481467182271, 32.75727242036219, 33.48709014571641, 13.306057546422432, 10.133557638977875, 52.498894941556124, 30.89186654673101, 65.78670971228486, 19.821785840407507, 32.8823413057277, 24.69937471568987, 21.628236649272917, 0.0, 26.841369254418595, 20.53157434491256, 51.5087944983438, 50.715057155030244, 39.581676870147035, 39.00242213144533, 36.64175593524016, 5.3888559812645855, 42.70342590793812, 36.82525415447241, 53.89603595937037, 22.249128716137875, 26.18671032199139, 56.12714370124288, 49.250647178380646, 13.596906328417948, 26.553625787189922], [38.41317274619058, 69.07629706114236, 36.20734002017793, 63.25126768201878, 47.24279837002831, 71.8492521159073, 13.267925793930536, 33.776803474153496, 20.776239400186885, 21.49127501644724, 48.41366226840697, 26.067447659146108, 60.676126502557125, 33.04422056350961, 45.225885576097184, 8.389888077446878, 84.54090341787479, 65.57221064954344, 52.58282331557237, 33.57736803421818, 70.25486614849608, 50.73545375588172, 59.59857710755739, 50.73623446279189, 39.63790691397942, 34.00538506701195, 56.12651372790943, 39.56894523449246, 54.314652334380234, 38.1662992956605, 45.413954417765815, 16.83557628926108, 47.83740712341591, 26.841369254418595, 0.0, 45.3317305124943, 70.4207552684213, 53.64593018442039, 64.88944675722678, 41.68810873566916, 45.04794039509047, 32.05199101186872, 65.15770514403613, 45.936149481998314, 31.669833014884848, 48.06293007063358, 28.0014234395003, 29.287562776307624, 70.3631357499512, 28.538830714851954, 17.357790341267126], [45.19985761941801, 30.292460577778414, 34.347308388023436, 35.444346597651325, 48.09687830753579, 44.126489870263796, 58.21463254973185, 57.738391377753665, 60.94656902752301, 49.723597640887014, 30.247090083179067, 49.12054566322976, 34.16872086408982, 61.63680322827372, 22.461718312719412, 39.708861404521436, 61.3463916430529, 22.880390478325, 77.80521521704527, 17.907704939216785, 57.239749863671356, 32.038333525926305, 19.561159314910913, 19.373896110931923, 8.365040820442042, 11.35030356305374, 67.70643011325328, 46.41250929141057, 85.4183539791128, 32.071330841063784, 24.27762407646865, 36.69358394662654, 5.7655702068227, 20.53157434491256, 45.3317305124943, 0.0, 33.15536869035303, 66.40329015302366, 19.560105565052705, 37.29571267070684, 30.70329250842589, 15.492162634526215, 22.553922023290195, 30.154409562170628, 74.24120871428629, 20.686243164550522, 31.00347697274881, 74.10510698598087, 50.31479538527412, 18.804714053646904, 47.05889478601845], [49.51866028111617, 49.40354961287118, 41.12837913557664, 62.358502218144594, 46.12325694271891, 69.11086474371568, 83.61906672532704, 89.9315594295664, 89.40519400571955, 64.94391599506703, 62.05358996319109, 80.90201209888089, 16.531005766892005, 93.27305418802884, 54.60853366377201, 67.44050296466405, 86.24373552514702, 13.774340148235062, 110.42155156580074, 36.889655532329456, 87.03945273523618, 25.994489058809545, 42.42021100737482, 19.686271139417048, 41.41875726014759, 41.390155631933816, 100.84443908417875, 79.55589179509728, 117.28605882583041, 65.20613220004668, 26.50762779273489, 56.003584145697516, 36.42830938137754, 51.5087944983438, 70.4207552684213, 33.15536869035303, 0.0, 99.5582801177757, 26.150523241835753, 39.15954175566092, 30.671866675948753, 47.43162506626542, 13.753405853931046, 29.405156675396473, 101.81121238558565, 51.917053819185405, 45.18244813197303, 95.69806319267303, 78.2967598940794, 42.4187265071025, 77.2860216041167], [88.7069918610196, 66.74764828008092, 82.41051205569475, 50.74036007301041, 96.59674247397031, 53.51953464155592, 53.08503879726061, 20.90566567568287, 42.25286125554695, 75.00637032850857, 40.4574125296376, 27.599340144815585, 97.8878362535495, 24.75137179043505, 46.335062157484906, 47.522977479333434, 54.57214488643463, 88.30139543727783, 19.547517943050547, 69.73078778069127, 35.392684294141425, 91.4225857308748, 64.352974155845, 83.48605220876853, 58.19340033380425, 59.77926542554569, 2.6051766691101754, 20.120301710728285, 31.487594507264216, 34.39298494728105, 83.59718414516259, 66.33137184780757, 63.6336508283344, 50.715057155030244, 53.64593018442039, 66.40329015302366, 99.5582801177757, 0.0, 79.86402631668763, 87.99598862899776, 87.04948038008159, 53.212063101219464, 88.05706959020351, 87.34340348589781, 49.38776673953135, 49.89294821527152, 73.70781787417732, 69.34298894050919, 43.69357971852089, 63.8998771821695, 36.2921397021609], [59.42694706862713, 23.257079158015046, 48.708306545445666, 36.97005284239716, 59.89074994360977, 43.12901567653296, 77.76115463412106, 74.65631348243949, 80.07122926216954, 67.77341902312769, 39.863244196985484, 66.698056590561, 36.432225464554335, 79.11848580855617, 33.53835418715694, 59.16133236570969, 60.13556293843316, 12.417906991136702, 93.69487702191397, 35.11980652079833, 62.22064472544892, 40.06052841302832, 17.193267411273474, 26.110550989800682, 26.375342882274303, 30.90534001217627, 80.7012012392631, 60.856601564789614, 102.35044498972407, 46.17862913067664, 34.72649772496559, 55.36044626191358, 18.258218428756123, 39.581676870147035, 64.88944675722678, 19.560105565052705, 26.150523241835753, 79.86402631668763, 0.0, 49.86873171434146, 41.49682660667076, 34.26897813491967, 12.502328589808439, 40.48964400688966, 93.47763582558301, 30.002545140458157, 47.88512666916022, 93.5664515166013, 52.85496998839686, 37.67041233948875, 65.73979774883655], [10.401694382854943, 67.30338347348467, 5.698523333734124, 71.84993459565942, 1