instance_id,num_cities,city_coordinates,distance_matrix,best_route,total_distance
1150,24,"[[83.0195633117998, 27.68241553348708], [36.40415966523732, 87.6119030385381], [4.722897804872717, 93.82701192449491], [26.940432013749792, 68.157756711147], [50.30927029012416, 73.287804345905], [87.02542521531737, 96.41948577407317], [23.010117485800052, 65.53438916702173], [42.86437732869317, 2.789903767328661], [63.66081912690276, 41.93861689523089], [34.88185047502341, 54.075075934564296], [16.780248358321614, 13.48048610263688], [3.7225156932563896, 90.2626225255354], [64.27194055295844, 62.65590435935221], [39.46921379968112, 87.81721230239275], [22.104957287155703, 16.28781506659932], [79.57742941037289, 38.37963976577626], [38.89871725103633, 91.7371655074308], [7.958322260594208, 15.394802042542254], [41.76239727783515, 0.14028437587447762], [35.44628617434022, 18.59527103592643], [40.871181517625935, 1.9839492232345934], [27.4166664389366, 35.366343234534135], [18.750368389386573, 73.15090473799309], [74.91869723379875, 82.97175262304164]]","[[0.0, 75.92456341494508, 102.49622169247485, 69.1601200880385, 56.1232105130818, 68.85369819297523, 70.95002111555289, 47.24485266530332, 24.041635836250226, 54.89819596491797, 67.74467982849227, 101.0163554489329, 39.68146015157129, 74.2484122730263, 61.97117190224505, 11.237388133869334, 77.77956062708269, 76.06034021387258, 49.60567243629766, 48.433386137220275, 49.36493956814521, 56.13131822404653, 78.72682469473429, 55.87964590990266], [75.92456341494508, 0.0, 32.28513483833221, 21.633907423049457, 19.963263882607826, 51.38176757892839, 25.822799705909944, 85.06765526699488, 53.188105363301055, 33.57135977991421, 76.68484121328099, 32.78896409632462, 37.408756751348506, 3.071922645656228, 72.7433344965585, 65.48089009355914, 4.820851375651615, 77.61749378791652, 87.6355794285603, 69.02327878772846, 85.74439199636015, 53.0129564703437, 22.82053501256423, 38.79304834630248], [102.49622169247485, 32.28513483833221, 0.0, 33.94892471832667, 49.99976404264819, 82.34334787223398, 33.688201289994474, 98.70424267419105, 78.52441727561406, 49.89768372487776, 81.24619322781379, 3.7021123911433116, 67.21403453930613, 35.26222010465163, 79.46359569773513, 93.15370084535704, 34.239656728181295, 78.49891412226893, 100.74287786229367, 81.26340769390512, 98.70079321730567, 62.710899519093026, 24.985422537694134, 71.0301831052673], [69.1601200880385, 21.633907423049457, 33.94892471832667, 0.0, 23.925300230555642, 66.39978718082361, 4.725402581810639, 67.27947854195934, 45.12017422867921, 16.167499034550445, 55.613247100922585, 32.057709383821404, 37.73475730826897, 23.312326507314715, 52.0948429505293, 60.47635689874418, 26.438402088601556, 56.07361122704765, 69.61369978078537, 50.287071313685374, 67.62424549809808, 32.794871504885045, 9.592114959127343, 50.21322941619062], [56.1232105130818, 19.963263882607826, 49.99976404264819, 23.925300230555642, 0.0, 43.39528451554442, 28.378851117865473, 70.88991759900698, 34.073969685940426, 24.640093651593567, 68.56464560657226, 49.58296235704651, 17.54974239676178, 18.127617611866313, 63.59624241895411, 45.55441902430052, 21.692847851913154, 71.73006702002384, 73.6451540568299, 56.67611045836827, 71.92577615175472, 44.29569419151957, 31.559198828281826, 26.446223713988253], [68.85369819297523, 51.38176757892839, 82.34334787223398, 66.39978718082361, 43.39528451554442, 0.0, 71.07635905230163, 103.52147978657574, 59.27959085098669, 67.17143314946405, 108.6888335486637, 83.53012450548529, 40.71486822069664, 48.327966573095836, 103.12978137464701, 58.515778779550466, 48.353946504485044, 113.21045068123085, 106.38809294251026, 93.36496122110066, 105.11082139794483, 85.32696137103454, 72.13120162604186, 18.09459558320766], [70.95002111555289, 25.822799705909944, 33.688201289994474, 4.725402581810639, 28.378851117865473, 71.07635905230163, 0.0, 65.81080520690668, 47.00255326060664, 16.500118300393734, 52.42537642766033, 31.36075745164396, 41.362104849892106, 27.702455818064927, 49.25489189525854, 62.74743973594748, 30.643646820268764, 52.350116872026156, 68.02967689791211, 48.55861512208463, 66.01269594099213, 30.488172609408227, 8.726784734783173, 54.75912979359405], [47.24485266530332, 85.06765526699488, 98.70424267419105, 67.27947854195934, 70.88991759900698, 103.52147978657574, 65.81080520690668, 0.0, 44.32960332596157, 51.90269375661113, 28.189897743890114, 95.8309024231746, 63.57846954815033, 85.09506643810624, 24.761807888439126, 51.13196164427221, 89.0356211351039, 37.11221013286112, 2.8696416069013027, 17.459602254047805, 2.1499749459939905, 36.05351827622384, 74.37846385022212, 86.35165493781372], [24.041635836250226, 53.188105363301055, 78.52441727561406, 45.12017422867921, 34.073969685940426, 59.27959085098669, 47.00255326060664, 44.32960332596157, 0.0, 31.23335836376344, 54.842074393628955, 76.99227064232855, 20.726298976624424, 51.8659742494259, 48.83495968766509, 16.309653617531186, 55.61525989503623, 61.70366491607227, 47.18730211485299, 36.61927997159889, 45.99720699283632, 36.835219357833246, 54.69145726552099, 42.549477636354915], [54.89819596491797, 33.57135977991421, 49.89768372487776, 16.167499034550445, 24.640093651593567, 67.17143314946405, 16.500118300393734, 51.90269375661113, 31.23335836376344, 0.0, 44.44759524219288, 47.753980696020946, 30.617119577856815, 34.05254276757532, 39.88892181342857, 47.37131508512884, 37.875694180976495, 47.12791062496838, 54.3719014269779, 35.48429431881196, 52.43431670570037, 20.143129149509598, 24.982232862915712, 49.375773634689004], [67.74467982849227, 76.68484121328099, 81.24619322781379, 55.613247100922585, 68.56464560657226, 108.6888335486637, 52.42537642766033, 28.189897743890114, 54.842074393628955, 44.44759524219288, 0.0, 77.88453540990606, 68.36433710812254, 77.72218483095207, 6.019436941168825, 67.55334041499898, 81.322411041623, 9.02723576691889, 28.320818257025444, 19.354120818648482, 26.693508962021557, 24.333600884033814, 59.7029332031138, 90.60416855893772], [101.0163554489329, 32.78896409632462, 3.7021123911433116, 32.057709383821404, 49.58296235704651, 83.53012450548529, 31.36075745164396, 95.8309024231746, 76.99227064232855, 47.753980696020946, 77.88453540990606, 0.0, 66.54595208386287, 35.830244998762154, 76.22457804107403, 91.90109811683783, 35.20709350456264, 74.987549640921, 97.82161532366251, 78.37478474019335, 95.77655001379534, 59.791422959774366, 22.773828011493354, 71.56851996435971], [39.68146015157129, 37.408756751348506, 67.21403453930613, 37.73475730826897, 17.54974239676178, 40.71486822069664, 41.362104849892106, 63.57846954815033, 20.726298976624424, 30.617119577856815, 68.36433710812254, 66.54595208386287, 0.0, 35.330817593175695, 62.67419071993825, 28.698345105279973, 38.59430282686744, 73.5175856334937, 66.444580519206, 52.65223413319638, 65.02831432129211, 45.85882005028989, 46.715720749989, 22.936589077155098], [74.2484122730263, 3.071922645656228, 35.26222010465163, 23.312326507314715, 18.127617611866313, 48.327966573095836, 27.702455818064927, 85.09506643810624, 51.8659742494259, 34.05254276757532, 77.72218483095207, 35.830244998762154, 35.330817593175695, 0.0, 73.60687517581978, 63.66115407206309, 3.9612497323071842, 78.98064189049236, 87.70691182054216, 69.33874169161741, 85.84471191807992, 53.81781827477435, 25.384466366446432, 35.779105009069156], [61.97117190224505, 72.7433344965585, 79.46359569773513, 52.0948429505293, 63.59624241895411, 103.12978137464701, 49.25489189525854, 24.761807888439126, 48.83495968766509, 39.88892181342857, 6.019436941168825, 76.22457804107403, 62.67419071993825, 73.60687517581978, 0.0, 61.57218341502225, 77.29576221027797, 14.1747929380246, 25.439294298291063, 13.539402111112864, 23.596011314060355, 19.804153381747856, 56.9619542646669, 85.06490848277647], [11.237388133869334, 65.48089009355914, 93.15370084535704, 60.47635689874418, 45.55441902430052, 58.515778779550466, 62.74743973594748, 51.13196164427221, 16.309653617531186, 47.37131508512884, 67.55334041499898, 91.90109811683783, 28.698345105279973, 63.66115407206309, 61.57218341502225, 0.0, 67.09532901933996, 75.21701452527134, 53.77941014756551, 48.36299255999251, 53.130216600379434, 52.247728656349786, 70.06405797710339, 44.834811414437105], [77.77956062708269, 4.820851375651615, 34.239656728181295, 26.438402088601556, 21.692847851913154, 48.353946504485044, 30.643646820268764, 89.0356211351039, 55.61525989503623, 37.875694180976495, 81.322411041623, 35.20709350456264, 38.59430282686744, 3.9612497323071842, 77.29576221027797, 67.09532901933996, 0.0, 82.37393095858499, 91.64163516832483, 73.22332966493684, 89.77488762811501, 57.52831558957852, 27.41176848071431, 37.07116697640393], [76.06034021387258, 77.61749378791652, 78.49891412226893, 56.07361122704765, 71.73006702002384, 113.21045068123085, 52.350116872026156, 37.11221013286112, 61.70366491607227, 47.12791062496838, 9.02723576691889, 74.987549640921, 73.5175856334937, 78.98064189049236, 14.1747929380246, 75.21701452527134, 82.37393095858499, 0.0, 37.08659861747815, 27.67365465385836, 35.540220565076844, 27.88350077996412, 58.75572872676711, 95.13325426112267], [49.60567243629766, 87.6355794285603, 100.74287786229367, 69.61369978078537, 73.6451540568299, 106.38809294251026, 68.02967689791211, 2.8696416069013027, 47.18730211485299, 54.3719014269779, 28.320818257025444, 97.82161532366251, 66.444580519206, 87.70691182054216, 25.439294298291063, 53.77941014756551, 91.64163516832483, 37.08659861747815, 0.0, 19.50589121507621, 2.047770885777187, 38.03518392246683, 76.55131716191565, 89.22103092181402], [48.433386137220275, 69.02327878772846, 81.26340769390512, 50.287071313685374, 56.67611045836827, 93.36496122110066, 48.55861512208463, 17.459602254047805, 36.61927997159889, 35.48429431881196, 19.354120818648482, 78.37478474019335, 52.65223413319638, 69.33874169161741, 13.539402111112864, 48.36299255999251, 73.22332966493684, 27.67365465385836, 19.50589121507621, 0.0, 17.474710350973336, 18.594183385835894, 57.05322812353393, 75.51425439202222], [49.36493956814521, 85.74439199636015, 98.70079321730567, 67.62424549809808, 71.92577615175472, 105.11082139794483, 66.01269594099213, 2.1499749459939905, 45.99720699283632, 52.43431670570037, 26.693508962021557, 95.77655001379534, 65.02831432129211, 85.84471191807992, 23.596011314060355, 53.130216600379434, 89.77488762811501, 35.540220565076844, 2.047770885777187, 17.474710350973336, 0.0, 35.991779699374774, 74.52560587270729, 87.85361475755471], [56.13131822404653, 53.0129564703437, 62.710899519093026, 32.794871504885045, 44.29569419151957, 85.32696137103454, 30.488172609408227, 36.05351827622384, 36.835219357833246, 20.143129149509598, 24.333600884033814, 59.791422959774366, 45.85882005028989, 53.81781827477435, 19.804153381747856, 52.247728656349786, 57.52831558957852, 27.88350077996412, 38.03518392246683, 18.594183385835894, 35.991779699374774, 0.0, 38.76567824625679, 67.25115562340494], [78.72682469473429, 22.82053501256423, 24.985422537694134, 9.592114959127343, 31.559198828281826, 72.13120162604186, 8.726784734783173, 74.37846385022212, 54.69145726552099, 24.982232862915712, 59.7029332031138, 22.773828011493354, 46.715720749989, 25.384466366446432, 56.9619542646669, 70.06405797710339, 27.41176848071431, 58.75572872676711, 76.55131716191565, 57.05322812353393, 74.52560587270729, 38.76567824625679, 0.0, 57.0204368481625], [55.87964590990266, 38.79304834630248, 71.0301831052673, 50.21322941619062, 26.446223713988253, 18.09459558320766, 54.75912979359405, 86.35165493781372, 42.549477636354915, 49.375773634689004, 90.60416855893772, 71.56851996435971, 22.936589077155098, 35.779105009069156, 85.06490848277647, 44.834811414437105, 37.07116697640393, 95.13325426112267, 89.22103092181402, 75.51425439202222, 87.85361475755471, 67.25115562340494, 57.0204368481625, 0.0]]",Route_0,1415.6586349947584
