instance_id,num_cities,city_coordinates,distance_matrix,best_route,total_distance
1043,31,"[[29.72728772789597, 57.00085458242031], [70.16810520884479, 62.03926775950087], [92.86277172881373, 82.28760883378844], [90.5419716706073, 2.671360059525607], [13.094322146877957, 54.8198976258398], [86.8933891340333, 17.07423283262084], [92.34269555699676, 45.6556469704183], [40.14260585283046, 42.23171403034311], [92.53498319808344, 94.78395473652913], [86.63133982420842, 11.770762346306418], [20.32580608758917, 64.53576375191791], [47.87518643130652, 33.26681169349368], [89.75888875383913, 43.3924736143325], [75.06720378223176, 40.04356236995245], [41.82578764075744, 29.160924571963555], [90.82282799018091, 51.59225538096502], [34.51449094791374, 75.11496172101528], [26.60476861626986, 42.86430955645133], [13.978684632151072, 40.235468032071545], [58.01722361165066, 27.001229885206158], [90.81389308971187, 54.28909032897964], [1.021180286921608, 39.239761746154024], [74.5397597560941, 28.24821024450609], [53.23680039426137, 18.78484013270729], [65.78089022844645, 69.71812684241473], [74.01987612091993, 4.874935991517093], [2.487357227687914, 96.48615052492848], [12.968831267368508, 36.1114342728682], [65.40362603730397, 36.741768642910365], [57.179587667378286, 35.47098917934927], [67.21353580891302, 89.81114470273361]]","[[0.0, 40.75347010832814, 68.0110967460401, 81.54826643261717, 16.775342537956917, 69.72874783278657, 63.63491992109399, 18.07225399031897, 73.29644785070573, 72.68997447149924, 12.048348983392076, 29.87726592582827, 61.554700505409286, 48.40720759342806, 30.355154473806248, 61.334476318482274, 18.73601323916712, 14.477293630845463, 23.002101765923936, 41.23466932425495, 61.14676622681263, 33.756436766211465, 53.24351796886293, 44.86826212625879, 38.23076335887794, 68.4028126285704, 47.96980726794321, 26.780846584985373, 41.02720656188747, 34.88787577714723, 49.81700445601565], [40.75347010832814, 0.0, 30.41452292430838, 62.76657469764073, 57.52856697442802, 47.97488393267576, 27.57055471456483, 35.970401670143865, 39.65465617312867, 52.895753425741724, 49.90478207479593, 36.39819302784457, 27.04628868808263, 22.53468931260362, 43.408206780375004, 23.146439052500636, 37.9757025273062, 47.59667338340648, 60.27152451447051, 37.08514556624447, 22.05252383348261, 72.80875428553026, 34.07267132853207, 46.45013016177522, 8.843784941951059, 57.29395226059403, 75.94255315397281, 62.801349418166154, 25.742255599110656, 29.573214479280498, 27.92859877059849], [68.0110967460401, 30.41452292430838, 0.0, 79.65006705455733, 84.3651628796454, 65.48601330079981, 36.635653524727736, 66.21095527551215, 12.50064423307144, 70.79164062317555, 74.67756951218298, 66.53511391115535, 39.01878564566174, 45.83930300713734, 73.6696567486244, 30.763063794923706, 58.78748792635314, 77.09941311302155, 89.39285062621776, 65.35132684828801, 28.073384942715556, 101.42975430049994, 57.061277304699004, 74.85198218423996, 29.856660615872688, 79.67293537629023, 91.48395560099785, 92.27827924022822, 53.18296946204268, 58.86497685917069, 26.729887677392682], [81.54826643261717, 62.76657469764073, 79.65006705455733, 0.0, 93.36813368090687, 14.857822809690546, 43.02198888653284, 64.07119228741158, 92.13415323905998, 9.904148798091681, 93.58159195801866, 52.502725865835714, 40.728642353975076, 40.4493503870034, 55.452354453970756, 48.92170151705149, 91.58140650710922, 75.52111707114771, 85.28188043134443, 40.61775230158809, 51.61844650343789, 96.70170676816404, 30.170284246952733, 40.6364373933829, 71.47293257048047, 16.66839489096209, 128.665574396412, 84.47384610288832, 42.340632520289525, 46.78530043482563, 90.2084141719488], [16.775342537956917, 57.52856697442802, 84.3651628796454, 93.36813368090687, 0.0, 82.89172153391851, 79.77648888128016, 29.8340747748548, 88.9266241853302, 85.21103811826012, 12.111664401090227, 40.91752721730548, 77.51155909006062, 63.71011020068912, 38.52116311335283, 77.79549019765402, 29.507850787411606, 18.04073861811672, 14.611217730940215, 52.83886212701262, 77.7213835692893, 19.710438564377565, 66.94472625442128, 53.94389611786505, 54.75245830100562, 78.78084995541664, 42.99516641958424, 18.70888422622582, 55.34511740907567, 48.144479372859436, 64.44592042475018], [69.72874783278657, 47.97488393267576, 65.48601330079981, 14.857822809690546, 82.89172153391851, 0.0, 29.096257054948484, 53.089872834842474, 77.9142378642459, 5.3099405872370955, 81.75475539593174, 42.24476005751082, 26.473777326162924, 25.83502969554515, 46.660227405774776, 34.74096098803543, 78.18104108470277, 65.57320963134221, 76.50488186097067, 30.53486868742156, 37.42079595279588, 88.68679114895657, 16.65742867338186, 33.7000317942469, 56.71963669270828, 17.73556259936975, 115.89059881519657, 76.33646110777227, 29.131115371756206, 34.947827424329, 75.352206174065], [63.63491992109399, 27.57055471456483, 36.635653524727736, 43.02198888653284, 79.77648888128016, 29.096257054948484, 0.0, 52.31226129600154, 49.12868407049612, 34.362843163740514, 74.4505955552535, 46.161050761027056, 3.43482331943585, 18.16419856813835, 53.141639534548496, 6.128076112519553, 64.8995568080762, 65.79716257577495, 78.55123517776809, 39.06693360195803, 8.767758049208659, 91.54661508998299, 24.899063767493324, 47.447985168902875, 35.84037443864164, 44.70785277813897, 103.23624323792313, 79.94562107010238, 28.37552983513184, 36.608351653388226, 50.80534075895185], [18.07225399031897, 35.970401670143865, 66.21095527551215, 64.07119228741158, 29.8340747748548, 53.089872834842474, 52.31226129600154, 0.0, 74.20713717108545, 55.57942032586135, 29.835820533683133, 11.83901500598228, 49.62985887270635, 34.993078575901436, 13.178719133379209, 51.53741020140505, 33.36140968348073, 13.552609126779199, 26.23996516246796, 23.483390030385277, 52.08607945938591, 39.23566893503679, 37.13088437908965, 26.8554245220677, 37.58755798133965, 50.43013291931019, 66.04136301111824, 27.854476292532496, 25.85069904504271, 18.32937941830217, 54.74155160201383], [73.29644785070573, 39.65465617312867, 12.50064423307144, 92.13415323905998, 88.9266241853302, 77.9142378642459, 49.12868407049612, 74.20713717108545, 0.0, 83.22285212549512, 78.2886857522608, 76.0187893578101, 51.46640683296685, 57.459845754819234, 82.93253042112373, 43.225621669067806, 61.26374790360393, 83.91926328578653, 95.63801255842937, 76.06558693086465, 40.53142231092998, 107.05107892130283, 68.92628933748644, 85.55824093708017, 36.66165870013715, 91.7956471831304, 90.06371307805544, 98.85968435424181, 64.0703200234871, 69.05093682434591, 25.80512618676263], [72.68997447149924, 52.895753425741724, 70.79164062317555, 9.904148798091681, 85.21103811826012, 5.3099405872370955, 34.362843163740514, 55.57942032586135, 83.22285212549512, 0.0, 84.73823916881999, 44.31838854641324, 31.77600015460791, 30.54636579978742, 48.061993806942944, 40.04147700266376, 82.02837028258823, 67.6017598076502, 78.0297877495076, 32.41503953536444, 42.7235528281643, 89.90909489049776, 20.438018440678253, 34.123196669303574, 61.584399813509954, 14.373636904234436, 119.40228976639504, 77.57985226025522, 32.77448684699377, 37.80352439978359, 80.41985072799984], [12.048348983392076, 49.90478207479593, 74.67756951218298, 93.58159195801866, 12.111664401090227, 81.75475539593174, 74.4505955552535, 29.835820533683133, 78.2886857522608, 84.73823916881999, 0.0, 41.67392134362727, 72.58093197514356, 59.97073077842033, 41.395995625111006, 71.67541074931783, 17.698536881193245, 22.562741353452203, 25.115539469461257, 53.192896025357186, 71.22895987907705, 31.8206897282163, 65.2375605914574, 56.35850031951396, 45.749552582010665, 80.26498318569837, 36.59286095227156, 29.360987463621438, 52.957681364826016, 46.93572560092191, 53.26635035957291], [29.87726592582827, 36.39819302784457, 66.53511391115535, 52.502725865835714, 40.91752721730548, 42.24476005751082, 46.161050761027056, 11.83901500598228, 76.0187893578101, 44.31838854641324, 41.67392134362727, 0.0, 43.09029530622468, 28.0237427433222, 7.31119243228104, 46.69391611133337, 43.92921402126275, 23.33543741299283, 34.60541872865216, 11.921343614032205, 47.80866792250745, 47.23318774029161, 27.132744628893587, 15.442616506770419, 40.61172988875102, 38.59589880858673, 77.82505921681404, 35.0220717326955, 17.869569687639355, 9.561918256864912, 59.75979712239822], [61.554700505409286, 27.04628868808263, 39.01878564566174, 40.728642353975076, 77.51155909006062, 26.473777326162924, 3.43482331943585, 49.62985887270635, 51.46640683296685, 31.77600015460791, 72.58093197514356, 43.09029530622468, 0.0, 15.068537215924081, 50.00119169042139, 8.268517867128706, 63.70447190439588, 63.156328642682915, 75.84593608738133, 35.72402800618159, 10.94757004885731, 88.83482380136607, 21.47022590623279, 44.038603108077886, 35.60876902069166, 41.60910024482854, 102.1531142100267, 77.13447000315368, 25.24699385289954, 33.52850689988969, 51.60412740299417], [48.40720759342806, 22.53468931260362, 45.83930300713734, 40.4493503870034, 63.71011020068912, 25.83502969554515, 18.16419856813835, 34.993078575901436, 57.459845754819234, 30.54636579978742, 59.97073077842033, 28.0237427433222, 15.068537215924081, 0.0, 34.97747207179052, 19.534891974227143, 53.61460221492267, 48.544456294258794, 61.088820578997336, 21.46635181999673, 21.234248067161076, 74.05038616314462, 11.807138898309793, 30.471294413625596, 31.093655237838114, 35.18421772011036, 91.94346025418757, 62.22274102260847, 10.212079937417165, 18.462806824959973, 50.383453155627244], [30.355154473806248, 43.408206780375004, 73.6696567486244, 55.452354453970756, 38.52116311335283, 46.660227405774776, 53.141639534548496, 13.178719133379209, 82.93253042112373, 48.061993806942944, 41.395995625111006, 7.31119243228104, 50.00119169042139, 34.97747207179052, 0.0, 53.887610495046914, 46.53201682312097, 20.480775868528468, 29.96842770019399, 16.33483639157561, 55.05687232117308, 42.03092837524002, 32.7267019268146, 15.423175430215574, 47.103435076361414, 40.32702040069545, 77.9756254029533, 29.682208749317187, 24.76658354076462, 16.599882246776453, 65.74942554091673], [61.334476318482274, 23.146439052500636, 30.763063794923706, 48.92170151705149, 77.79549019765402, 34.74096098803543, 6.128076112519553, 51.53741020140505, 43.225621669067806, 40.04147700266376, 71.67541074931783, 46.69391611133337, 8.268517867128706, 19.534891974227143, 53.887610495046914, 0.0, 61.024147138864606, 64.80845768930789, 77.67881942535834, 40.99910015565837, 2.6968497491108776, 90.64722846959162, 28.46195275185733, 49.89023918275837, 30.91352233407865, 49.64722673479747, 99.08893589108948, 79.37821255166043, 29.439306790043144, 37.30633784440937, 44.92306955551985], [18.73601323916712, 37.9757025273062, 58.78748792635314, 91.58140650710922, 29.507850787411606, 78.18104108470277, 64.8995568080762, 33.36140968348073, 61.26374790360393, 82.02837028258823, 17.698536881193245, 43.92921402126275, 63.70447190439588, 53.61460221492267, 46.53201682312097, 61.024147138864606, 0.0, 33.2064492591936, 40.475899261604845, 53.547265418798354, 60.02782355509411, 49.07985159176843, 61.63209015705999, 59.359982051533336, 31.728749592074625, 80.58744736091437, 38.502792174409, 44.55884429008718, 49.26094409956144, 45.66564538235555, 35.84976051598938], [14.477293630845463, 47.59667338340648, 77.09941311302155, 75.52111707114771, 18.04073861811672, 65.57320963134221, 65.79716257577495, 13.552609126779199, 83.91926328578653, 67.6017598076502, 22.562741353452203, 23.33543741299283, 63.156328642682915, 48.544456294258794, 20.480775868528468, 64.80845768930789, 33.2064492591936, 0.0, 12.896852504945707, 35.19061843010287, 65.21761480877926, 25.839066133177006, 50.11380782450755, 35.903843308940814, 47.49627361593704, 60.75676854090948, 58.79584475908783, 15.216442159019655, 39.27896185511675, 31.456012878406813, 62.073160892276924], [23.002101765923936, 60.27152451447051, 89.39285062621776, 85.28188043134443, 14.611217730940215, 76.50488186097067, 78.55123517776809, 26.23996516246796, 95.63801255842937, 78.0297877495076, 25.115539469461257, 34.60541872865216, 75.84593608738133, 61.088820578997336, 29.96842770019399, 77.67881942535834, 40.475899261604845, 12.896852504945707, 0.0, 45.98410567551414, 78.10988131075975, 12.9957050545346, 61.73603623033649, 44.736216765258966, 59.60449374978336, 69.6800681800907, 57.41245410560994, 4.2458754415799245, 51.54348197342932, 43.46283793998203, 72.74405197104448], [41.23466932425495, 37.08514556624447, 65.35132684828801, 40.61775230158809, 52.83886212701262, 30.53486868742156, 39.06693360195803, 23.483390030385277, 76.06558693086465, 32.41503953536444, 53.192896025357186, 11.921343614032205, 35.72402800618159, 21.46635181999673, 16.33483639157561, 40.99910015565837, 53.547265418798354, 35.19061843010287, 45.98410567551414, 0.0, 42.66437455831328, 58.295202347927635, 16.569525058399222, 9.505866962161994, 43.416676576973565, 27.30673486161105, 88.9478513339657, 45.960346787087616, 12.2244442034816, 8.511078455510832, 63.47958378419452], [61.14676622681263, 22.05252383348261, 28.073384942715556, 51.61844650343789, 77.7213835692893, 37.42079595279588, 8.767758049208659, 52.08607945938591, 40.53142231092998, 42.7235528281643, 71.22895987907705, 47.80866792250745, 10.94757004885731, 21.234248067161076, 55.05687232117308, 2.6968497491108776, 60.02782355509411, 65.21761480877926, 78.10988131075975, 42.66437455831328, 0.0, 91.04511828361929, 30.7078955862218, 51.697095444927896, 29.405890566092975, 52.1900148959036, 97.88855309261616, 79.93923210676185, 30.880255342679465, 38.5407243331069, 42.647311881445574], [33.756436766211465, 72.80875428553026, 101.42975430049994, 96.70170676816404, 19.710438564377565, 88.68679114895657, 91.54661508998299, 39.23566893503679, 107.05107892130283, 89.90909489049776, 31.8206897282163, 47.23318774029161, 88.83482380136607, 74.05038616314462, 42.03092837524002, 90.64722846959162, 49.07985159176843, 25.839066133177006, 12.9957050545346, 58.295202347927635, 91.04511828361929, 0.0, 74.33569621371963, 56.079183316149276, 71.57339429321063, 80.6830269797258, 57.26516133769492, 12.350416864652328, 64.43088770414994, 56.284725869187916, 83.30001622863429], [53.24351796886293, 34.07267132853207, 57.061277304699004, 30.170284246952733, 66.94472625442128, 16.65742867338186, 24.899063767493324, 37.13088437908965, 68.92628933748644, 20.438018440678253, 65.2375605914574, 27.132744628893587, 21.47022590623279, 11.807138898309793, 32.7267019268146, 28.46195275185733, 61.63209015705999, 50.11380782450755, 61.73603623033649, 16.569525058399222, 30.7078955862218, 74.33569621371963, 0.0, 23.310329286494078, 42.38480598091554, 23.379055333771728, 99.23691452191551, 62.07100391554797, 12.474352632289895, 18.80276869217515, 61.99732620389582], [44.86826212625879, 46.45013016177522, 74.85198218423996, 40.6364373933829, 53.94389611786505, 33.7000317942469, 47.447985168902875, 26.8554245220677, 85.55824093708017, 34.123196669303574, 56.35850031951396, 15.442616506770419, 44.038603108077886, 30.471294413625596, 15.423175430215574, 49.89023918275837, 59.359982051533336, 35.903843308940814, 44.736216765258966, 9.505866962161994, 51.697095444927896, 56.079183316149276, 23.310329286494078, 0.0, 52.45525602664967, 25.008431975578244, 92.80624773357432, 43.83742923692327, 21.690618427069865, 17.145644971473182, 72.38843190541787], [38.23076335887794, 8.843784941951059, 29.856660615872688, 71.47293257048047, 54.75245830100562, 56.71963669270828, 35.84037443864164, 37.58755798133965, 36.66165870013715, 61.584399813509954, 45.749552582010665, 40.61172988875102, 35.60876902069166, 31.093655237838114, 47.103435076361414, 30.91352233407865, 31.728749592074625, 47.49627361593704, 59.60449374978336, 43.416676576973565, 29.405890566092975, 71.57339429321063, 42.38480598091554, 52.45525602664967, 0.0, 65.36451857286423, 68.72116421878872, 62.598109853033, 32.97851616388974, 35.31074686069377, 20.144027405023156], [68.4028126285704, 57.29395226059403, 79.67293537629023, 16.66839489096209, 78.78084995541664, 17.73556259936975, 44.70785277813897, 50.43013291931019, 91.7956471831304, 14.373636904234436, 80.26498318569837, 38.59589880858673, 41.60910024482854, 35.18421772011036, 40.32702040069545, 49.64722673479747, 80.58744736091437, 60.75676854090948, 69.6800681800907, 27.30673486161105, 52.1900148959036, 80.6830269797258, 23.379055333771728, 25.008431975578244, 65.36451857286423, 0.0, 116.23044303235413, 68.57804971411187, 33.01113128530007, 34.924401009482516, 85.20848442894747], [47.96980726794321, 75.94255315397281, 91.48395560099785, 128.665574396412, 42.99516641958424, 115.89059881519657, 103.23624323792313, 66.04136301111824, 90.06371307805544, 119.40228976639504, 36.59286095227156, 77.82505921681404, 102.1531142100267, 91.94346025418757, 77.9756254029533, 99.08893589108948, 38.502792174409, 58.79584475908783, 57.41245410560994, 88.9478513339657, 97.88855309261616, 57.26516133769492, 99.23691452191551, 92.80624773357432, 68.72116421878872, 116.23044303235413, 0.0, 61.277790924292376, 86.76317218375708, 81.93955079505415, 65.0694544041594], [26.780846584985373, 62.801349418166154, 92.27827924022822, 84.47384610288832, 18.70888422622582, 76.33646110777227, 79.94562107010238, 27.854476292532496, 98.85968435424181, 77.57985226025522, 29.360987463621438, 35.0220717326955, 77.13447000315368, 62.22274102260847, 29.682208749317187, 79.37821255166043, 44.55884429008718, 15.216442159019655, 4.2458754415799245, 45.960346787087616, 79.93923210676185, 12.350416864652328, 62.07100391554797, 43.83742923692327, 62.598109853033, 68.57804971411187, 61.277790924292376, 0.0, 52.43858335217788, 44.215394958982536, 76.3292006446475], [41.02720656188747, 25.742255599110656, 53.18296946204268, 42.340632520289525, 55.34511740907567, 29.131115371756206, 28.37552983513184, 25.85069904504271, 64.0703200234871, 32.77448684699377, 52.957681364826016, 17.869569687639355, 25.24699385289954, 10.212079937417165, 24.76658354076462, 29.439306790043144, 49.26094409956144, 39.27896185511675, 51.54348197342932, 12.2244442034816, 30.880255342679465, 64.43088770414994, 12.474352632289895, 21.690618427069865, 32.97851616388974, 33.01113128530007, 86.76317218375708, 52.43858335217788, 0.0, 8.32163971552593, 53.10023021381647], [34.88787577714723, 29.573214479280498, 58.86497685917069, 46.78530043482563, 48.144479372859436, 34.947827424329, 36.608351653388226, 18.32937941830217, 69.05093682434591, 37.80352439978359, 46.93572560092191, 9.561918256864912, 33.52850689988969, 18.462806824959973, 16.599882246776453, 37.30633784440937, 45.66564538235555, 31.456012878406813, 43.46283793998203, 8.511078455510832, 38.5407243331069, 56.284725869187916, 18.80276869217515, 17.145644971473182, 35.31074686069377, 34.924401009482516, 81.93955079505415, 44.215394958982536, 8.32163971552593, 0.0, 55.258778647492804], [49.81700445601565, 27.92859877059849, 26.729887677392682, 90.2084141719488, 64.44592042475018, 75.352206174065, 50.80534075895185, 54.74155160201383, 25.80512618676263, 80.41985072799984, 53.26635035957291, 59.75979712239822, 51.60412740299417, 50.383453155627244, 65.74942554091673, 44.92306955551985, 35.84976051598938, 62.073160892276924, 72.74405197104448, 63.47958378419452, 42.647311881445574, 83.30001622863429, 61.99732620389582, 72.38843190541787, 20.144027405023156, 85.20848442894747, 65.0694544041594, 76.3292006446475, 53.10023021381647, 55.258778647492804, 0.0]]",Route_3,1451.4460450788206
