instance_id,num_cities,city_coordinates,distance_matrix,best_route,total_distance
497,20,"[[40.91938561984393, 70.26561074847841], [14.433753863443687, 70.7137528447231], [4.682291682291206, 21.89843335260887], [90.29116776582137, 74.76062716157429], [93.65772970536668, 86.8911304935716], [83.42401028402946, 50.614935077074186], [17.688039646190234, 65.74080875620926], [58.34815030059056, 47.65535624235526], [69.01376636619335, 95.11667104941296], [78.59076549861008, 57.923729614511856], [4.297839436727791, 83.54310161423214], [20.031574848184665, 43.99852398468788], [76.19484391060041, 55.81582273081928], [3.013107524014791, 30.911481626637727], [11.60313992014289, 73.21835056352494], [13.020753880881852, 89.53981628004627], [13.340996302961361, 5.548486678914921], [29.561093358659008, 63.80687519130068], [27.631920960839462, 44.44868638212608], [84.64828773217936, 60.50777960905972]]","[[0.0, 26.48942281126683, 60.43600604178384, 49.57598254017623, 55.29684298110947, 46.827258858340265, 23.667895318697827, 28.54794996367521, 37.508258125398655, 39.64158034053722, 38.954196289132724, 33.559804616373206, 38.12026142851313, 54.64094982718405, 29.46457083245233, 33.90912342982848, 70.34823171302044, 13.066218584121618, 29.035672900799966, 44.804376443553174], [26.48942281126683, 0.0, 49.77977934651414, 75.96528441132195, 80.85880221593108, 71.85831863212037, 5.943109359861306, 49.60003899505511, 59.78695661852252, 65.41946832697603, 16.35019728062663, 27.295403510870937, 63.53251581270621, 41.40835612443868, 3.779601173276915, 18.87901568995406, 65.17442775772271, 16.629532739161593, 29.39464799951548, 70.95239711307086], [60.43600604178384, 49.77977934651414, 0.0, 100.61456752668495, 110.18475054677506, 83.81465098445827, 45.73077039730129, 59.526829732378964, 97.46511666453412, 82.22094911040236, 61.64586708462054, 26.907517530476248, 79.14818019663997, 9.166308686936935, 51.784476852302504, 68.15340516932038, 18.501187041394143, 48.73676507729105, 32.174514692813155, 88.7988859310816], [49.57598254017623, 75.96528441132195, 100.61456752668495, 0.0, 12.588997195185673, 25.103232822073366, 73.16126937677706, 41.89334167130024, 29.44649950477147, 20.503183465619188, 86.44064075784536, 76.69887475587521, 23.613808696413766, 97.67398509181689, 78.70314061933718, 78.67109566384222, 103.49709792238104, 61.71002041585913, 69.60599804603343, 15.32924520089937], [55.29684298110947, 80.85880221593108, 110.18475054677506, 12.588997195185673, 0.0, 37.692059735315105, 78.85892414483774, 52.78458467047553, 25.980462784529262, 32.651550102496444, 89.42258823250462, 85.2090744708548, 35.6458571622401, 106.53717012228756, 83.18594001294231, 80.68046483823716, 114.31274367799573, 68.12680554541296, 78.49056301570312, 27.879226111273304], [46.827258858340265, 71.85831863212037, 83.81465098445827, 25.103232822073366, 37.692059735315105, 0.0, 67.45376112757548, 25.24990813424771, 46.77669969464801, 8.762347444963728, 85.7042301432968, 63.736785032124146, 8.90562063202759, 82.78972980119003, 75.29377007083204, 80.44728018294238, 83.32234766192404, 55.45485644816599, 56.131807863409854, 9.96831120120577], [23.667895318697827, 5.943109359861306, 45.73077039730129, 73.16126937677706, 78.85892414483774, 67.45376112757548, 0.0, 44.500878542551796, 59.13773337561822, 61.40235127877897, 22.275975683509365, 21.86822133436823, 59.34266165953623, 37.79465122327714, 9.640520533467308, 24.252346598519093, 60.34908800375236, 12.02952632037723, 23.499686184984764, 67.16442077314541], [28.54794996367521, 49.60003899505511, 59.526829732378964, 41.89334167130024, 52.78458467047553, 25.24990813424771, 44.500878542551796, 0.0, 48.64495625728816, 22.698082777298737, 64.87962987222471, 38.49067908676893, 19.623905985274966, 57.812838506964354, 53.27816320156236, 61.71613126920997, 61.63304613110477, 33.00857785085799, 30.883158459663555, 29.27254712725677], [37.508258125398655, 59.78695661852252, 97.46511666453412, 29.44649950477147, 25.980462784529262, 46.77669969464801, 59.13773337561822, 48.64495625728816, 0.0, 38.406168839944115, 65.7426703732886, 70.79774039641198, 39.95152754601374, 92.07819131811881, 61.445231458841555, 56.27005203746356, 105.46049960976399, 50.36682165985952, 65.41942983087691, 37.97648779275973], [39.64158034053722, 65.41946832697603, 82.22094911040236, 20.503183465619188, 32.651550102496444, 8.762347444963728, 61.40235127877897, 22.698082777298737, 38.406168839944115, 0.0, 78.5862016164184, 60.19211045864527, 3.1911928312481117, 80.25985251844983, 68.7114794675162, 72.79425361655683, 83.67017660222922, 49.381374545761524, 52.710346486618164, 6.58565790065874], [38.954196289132724, 16.35019728062663, 61.64586708462054, 86.44064075784536, 89.42258823250462, 85.7042301432968, 22.275975683509365, 64.87962987222471, 65.7426703732886, 78.5862016164184, 0.0, 42.559652840416646, 77.05829771409834, 52.64729773317992, 12.64784168987201, 10.585358906679629, 78.5171232599343, 32.05855006298929, 45.52859170800494, 83.58720357304709], [33.559804616373206, 27.295403510870937, 26.907517530476248, 76.69887475587521, 85.2090744708548, 63.736785032124146, 21.86822133436823, 38.49067908676893, 70.79774039641198, 60.19211045864527, 42.559652840416646, 0.0, 57.39304262219093, 21.46855625665677, 30.41112922325554, 46.077770286406455, 39.02780047716159, 21.98141261534372, 7.613665819840939, 66.69239165904503], [38.12026142851313, 63.53251581270621, 79.14818019663997, 23.613808696413766, 35.6458571622401, 8.90562063202759, 59.34266165953623, 19.623905985274966, 39.95152754601374, 3.1911928312481117, 77.05829771409834, 57.39304262219093, 0.0, 77.30325184873621, 66.89496393121817, 71.61196402830528, 80.48236597441328, 47.31346119199969, 49.87553783363344, 9.668255881587898], [54.64094982718405, 41.40835612443868, 9.166308686936935, 97.67398509181689, 106.53717012228756, 82.78972980119003, 37.79465122327714, 57.812838506964354, 92.07819131811881, 80.25985251844983, 52.64729773317992, 21.46855625665677, 77.30325184873621, 0.0, 43.170126427999755, 59.476336553592304, 27.385156551469684, 42.27176918051264, 28.095228912204924, 86.83457549780398], [29.46457083245233, 3.779601173276915, 51.784476852302504, 78.70314061933718, 83.18594001294231, 75.29377007083204, 9.640520533467308, 53.27816320156236, 61.445231458841555, 68.7114794675162, 12.64784168987201, 30.41112922325554, 66.89496393121817, 43.170126427999755, 0.0, 16.382914041075328, 67.69217549295449, 20.274712337833463, 32.933499643388316, 74.14278274296663], [33.90912342982848, 18.87901568995406, 68.15340516932038, 78.67109566384222, 80.68046483823716, 80.44728018294238, 24.252346598519093, 61.71613126920997, 56.27005203746356, 72.79425361655683, 10.585358906679629, 46.077770286406455, 71.61196402830528, 59.476336553592304, 16.382914041075328, 0.0, 83.99194010960089, 30.590310346855983, 47.399326987938856, 77.2875330107274], [70.34823171302044, 65.17442775772271, 18.501187041394143, 103.49709792238104, 114.31274367799573, 83.32234766192404, 60.34908800375236, 61.63304613110477, 105.46049960976399, 83.67017660222922, 78.5171232599343, 39.02780047716159, 80.48236597441328, 27.385156551469684, 67.69217549295449, 83.99194010960089, 0.0, 60.474220793296155, 41.442201492281484, 90.02918243743464], [13.066218584121618, 16.629532739161593, 48.73676507729105, 61.71002041585913, 68.12680554541296, 55.45485644816599, 12.02952632037723, 33.00857785085799, 50.36682165985952, 49.381374545761524, 32.05855006298929, 21.98141261534372, 47.31346119199969, 42.27176918051264, 20.274712337833463, 30.590310346855983, 60.474220793296155, 0.0, 19.454078752594835, 55.18589507842356], [29.035672900799966, 29.39464799951548, 32.174514692813155, 69.60599804603343, 78.49056301570312, 56.131807863409854, 23.499686184984764, 30.883158459663555, 65.41942983087691, 52.710346486618164, 45.52859170800494, 7.613665819840939, 49.87553783363344, 28.095228912204924, 32.933499643388316, 47.399326987938856, 41.442201492281484, 19.454078752594835, 0.0, 59.23479176189697], [44.804376443553174, 70.95239711307086, 88.7988859310816, 15.32924520089937, 27.879226111273304, 9.96831120120577, 67.16442077314541, 29.27254712725677, 37.97648779275973, 6.58565790065874, 83.58720357304709, 66.69239165904503, 9.668255881587898, 86.83457549780398, 74.14278274296663, 77.2875330107274, 90.02918243743464, 55.18589507842356, 59.23479176189697, 0.0]]",Route_2,998.8586412594653
