instance_id,num_cities,city_coordinates,distance_matrix,best_route,total_distance
1309,86,"[[28.19647186408274, 19.079309702445858], [5.202251063382413, 21.958834049175714], [38.590306152559826, 79.75864464231054], [57.9560032701822, 60.62612417198409], [15.832413086481246, 2.474619019599844], [15.881775763772987, 7.716209907093175], [23.558547961523622, 37.41815528471001], [95.52956594656413, 71.39672431763647], [84.03987428171817, 27.3786553530353], [80.55119011475139, 32.192143219338746], [77.58825718091731, 61.25569472882159], [15.759477826257296, 40.977696198920285], [59.78408891372455, 9.366425024513358], [79.14431096683026, 13.226575043377874], [73.08439703096377, 69.14236671854496], [5.5388540030392175, 51.542061419875154], [22.95377947946492, 48.14152447278911], [78.60679943169679, 25.99533790929447], [46.837702275028015, 52.73629741909003], [70.43889805641257, 5.5888755364348], [46.37395456359689, 85.6814140512555], [35.50544787414943, 42.02139810183429], [4.5808533851731, 44.1371374378208], [4.2447339038289345, 46.618194748090225], [1.5812193793880436, 64.41517038268479], [19.614570531666754, 49.5961798670726], [53.318896088174064, 94.54114722056045], [47.0439071176927, 31.027876602409222], [90.64898618729224, 47.95894188395463], [34.00990644081971, 14.307137320274354], [99.52172503231303, 44.37474537385873], [67.87361250387065, 77.32234744142616], [18.70919444500729, 49.069326643265484], [1.0852267033452323, 21.589599494331612], [50.93275175969117, 94.16043902775093], [59.420716711304756, 97.76665158078137], [8.14376809721219, 44.146350200538365], [55.60703221877377, 13.48340648163907], [49.678382000679214, 13.885693734820038], [58.4624279503845, 20.762629694974077], [21.008131613367198, 70.46287804443968], [90.79026093744854, 98.65472531876533], [59.36960757293275, 9.66792852005397], [39.81302125476993, 39.35657175633827], [41.744643976480646, 94.25836784187996], [48.133506484527345, 41.65097024815668], [5.732842593905419, 35.18991333600344], [19.558011635476767, 14.77073822453665], [55.098786833362404, 91.48503658449444], [0.6430804700319093, 32.38373288111185], [16.093793763771423, 40.49545175073192], [96.57037178449767, 69.62885074515158], [66.95127354534497, 58.67901605268963], [89.03728211849766, 78.69670645176836], [36.039796448291916, 80.66136324702305], [52.23521401168476, 7.500300582602337], [74.59601684228537, 76.90702995849992], [18.579857254159037, 89.2963073195054], [92.11696450794476, 50.172915790622255], [57.95597107806132, 91.23467469522411], [53.488325819345015, 70.49352561880569], [79.47811576509115, 24.171141847556033], [87.18998016846717, 56.452651393522615], [96.17059126947508, 0.6811622688681296], [76.40493535432411, 2.785556601179473], [58.65990920860984, 18.794413687037082], [80.87370276010772, 49.262214346975895], [21.444590662762142, 31.675120587856398], [34.73813780681753, 99.01719892133823], [94.00931406528255, 66.93693469055229], [18.18451602135146, 27.94365682219462], [77.42712766106146, 40.98576505698944], [63.388184028628544, 79.5957071965942], [71.596776556194, 35.807679707001775], [55.37937554393238, 17.109092800837054], [3.3760503407722187, 53.87573817433855], [44.636126919093165, 95.86797728318034], [51.5236965564487, 95.75972326076952], [12.458358543834114, 65.70247505528928], [57.75097851330676, 28.11860570189948], [15.539803069209112, 73.30351315261007], [89.41960216759254, 3.3209724810558283], [11.039905873561429, 17.134077025361872], [81.64537866833854, 98.42537869035952], [54.89267095572388, 29.406159510030495], [59.062813390494604, 67.6106809504937]]","[[0.0, 23.173818215709936, 61.563085367455436, 51.10545471940204, 20.70231151656688, 16.75624591017118, 18.916225718045833, 85.26932291708461, 56.456750985209275, 53.97187161798863, 64.9491794457587, 25.183688209749562, 33.04720380972705, 51.28290955307533, 67.2401331318187, 39.58785036099507, 29.531307976405092, 50.88253700074392, 38.47451485584045, 44.344271158763135, 69.03811397323123, 24.078217343505393, 34.43242900170048, 36.497615550524365, 52.57101795135873, 31.700605595540427, 79.53379860477895, 22.315780663062622, 68.80661087591747, 7.521279866030877, 75.67794133906347, 70.47359033293105, 31.45488116234342, 27.22721375765171, 78.44816380422574, 84.6560762034086, 32.10089481143593, 27.97593522681226, 22.100816951777695, 30.312731055040093, 51.88394097518429, 101.24341559366214, 32.56283902983061, 23.36903027830851, 76.39007625548996, 30.115863083225847, 27.64355601990392, 9.65333016639646, 77.24198234136757, 30.597337358515023, 24.59930806815755, 85.03085492899096, 55.40822498852949, 85.18120794858365, 62.0795220608248, 26.68210217048719, 74.1415066221121, 70.8724631356209, 71.08193666045332, 78.05142209279624, 57.298337452219194, 51.533811772309356, 69.8355259965689, 70.41997399833515, 50.88754604237625, 30.464769498283164, 60.711600107837064, 14.291338342428714, 80.20510910209055, 81.37372099211304, 13.372206611333791, 53.884601292031526, 70.00493533131794, 46.5126306542365, 27.254210814246086, 42.74160454398455, 78.52873185753272, 80.15014182971653, 49.20780180418109, 30.905949838902625, 55.68173403179833, 63.2186434222025, 17.266490284800433, 95.66913975992874, 28.62395627597541, 57.51543301098361], [23.173818215709936, 0.0, 66.75013353724626, 65.40732143527869, 22.195381951119536, 17.801814241219482, 23.998838490146774, 102.97149512463062, 79.02370086045099, 76.04066828177577, 82.36490236091643, 21.75252064459998, 56.01558522559092, 74.45589681220291, 82.66965281362597, 29.585142271171964, 31.633052949814395, 73.51544793149912, 51.776085687156176, 67.2591677959376, 75.8661740911655, 36.342677574982126, 22.18700692462302, 24.67794377961845, 42.61047248412688, 31.169501701405338, 87.08274061919948, 42.81321891892223, 89.31489321919238, 29.806534034943947, 96.94656389110361, 83.62307193555024, 30.28888126373466, 4.133548564808508, 85.4654927758409, 93.20121896263026, 22.381653098627215, 51.11237458556837, 45.202896120567814, 53.27360835246438, 51.014391536652575, 114.92418010079496, 55.54429646650069, 38.73740686427351, 81.00968501640797, 47.23211746380637, 13.241713879501571, 16.05479938172671, 85.57778403783924, 11.378249081267967, 21.49957902397263, 103.05612051645893, 71.84228242371692, 101.22992935285998, 66.30943477055487, 49.20517039601025, 88.51439974753664, 68.6534460448117, 91.37943872482154, 87.07523799912249, 68.46284613640832, 74.30880420906608, 88.94836231653694, 93.42364923423787, 73.73897760569615, 53.551235005369556, 80.44652371343423, 18.92669595474409, 82.52490655851939, 99.54759653718044, 14.295359633928653, 74.68906816346065, 81.90001185132837, 67.82347338104925, 50.4109493196909, 31.969106618954783, 83.77106910257396, 87.13350423912179, 44.341371474500065, 52.908520518155974, 52.37500409267592, 86.25504107495517, 7.573407028652771, 108.12346742215476, 50.245402631455754, 70.60489572043934], [61.563085367455436, 66.75013353724626, 0.0, 27.222850041811352, 80.56514328950747, 75.5366782099697, 44.929620445257136, 57.54998711907165, 69.34930800715748, 63.429392559838405, 43.16479282831379, 45.00231865397595, 73.5135430410454, 77.91754354183074, 36.09082518427949, 43.457727252361835, 35.27241491891883, 67.02098839339499, 28.25290767785144, 80.7185694588121, 9.780816942268883, 37.863123577625814, 49.249717289103536, 47.72743186349042, 40.063633211928696, 35.63499436889951, 20.867528458527186, 49.458579872822504, 61.002682420352926, 65.61158336944679, 70.46033021594413, 29.384478469351087, 36.56628012219309, 69.21176777051365, 18.9670146592841, 27.53532854247223, 46.8532517010635, 68.42496736766697, 66.79963388578041, 62.25295980444565, 19.88829148440673, 55.514837156164965, 73.10600422707746, 40.42057057618792, 14.838861815231958, 39.28444374439983, 55.3713348381823, 67.71747348469468, 20.249400049634737, 60.699046132390485, 45.25142412897323, 58.858310671329484, 35.33688176581213, 50.4581519363169, 2.705549968279808, 73.5353778581111, 36.11845661953374, 22.16720718673115, 61.15896096550137, 22.51062513086152, 17.54404230819197, 69.00567688145266, 53.89895765007899, 97.81992359773824, 85.76014496404865, 64.1827579868249, 52.13365409626873, 51.049004350255046, 19.64003854075126, 56.882885687326386, 55.688322237949336, 54.87836455490474, 24.79841317035497, 54.96466507903709, 64.8601510710991, 43.703188208731454, 17.206468169709865, 20.57442840745545, 29.672455059942155, 55.080168727801315, 23.937301747375027, 91.7950709941186, 68.41681828865481, 46.9274570945364, 52.925795763237474, 23.80538960960295], [51.10545471940204, 65.40732143527869, 27.222850041811352, 0.0, 71.8052532998259, 67.59955360636037, 41.49451471681342, 39.086806465782395, 42.25828332780946, 36.318504117823885, 19.64234590627124, 46.546831055964255, 51.29228649426088, 51.919761561884975, 17.360722476127208, 53.19847491590526, 37.16208955299196, 40.32054983846968, 13.633267517713037, 56.43510786394733, 27.60274267488713, 29.15755939264546, 55.864060976325376, 55.507860197360785, 56.501974566563334, 39.89643011362738, 34.23056457908483, 31.54568277325791, 35.06121274480699, 52.142728125118886, 44.629771884326665, 19.419650984896748, 40.9129755955201, 68.97923953063025, 34.26187873753158, 37.16939818813626, 52.46753017893268, 47.201202275280274, 47.4677453786537, 39.866711149470625, 38.23489174452758, 50.242043964606076, 50.977798905260165, 27.95642424154917, 37.335452112177975, 21.3667477529254, 58.08837519429065, 59.809047659766904, 30.990904489056437, 63.89369128265108, 46.45092632973417, 39.64995008206913, 9.203592632849922, 35.95263326624623, 29.693954372124946, 53.43295389355009, 23.279990225710623, 48.707907743893, 35.72451312687255, 30.608550523256955, 10.831701303002042, 42.33399417156238, 29.530378939695616, 71.08975449051518, 60.711566871215695, 41.83763240990794, 25.580449496079034, 46.59660780697933, 44.86584332301578, 36.60146921490134, 51.47732384316381, 27.656254106640084, 19.73204672404794, 28.320061467125814, 43.59324523130934, 54.99580868478814, 37.67502245147883, 35.717563670987495, 45.77996301806526, 32.508165008714705, 44.270195739968514, 65.3746010763922, 63.974044423759985, 44.60908146218324, 31.36989318379066, 7.07170856544941], [20.70231151656688, 22.195381951119536, 80.56514328950747, 71.8052532998259, 0.0, 5.241823318823569, 35.78748226431158, 105.36551984742005, 72.61176756144162, 71.21552741219443, 85.25842563259981, 38.50314625883047, 44.48872663981793, 64.21838499642449, 87.87706326925978, 50.13552894214489, 46.218828554752925, 67.03616783577668, 59.0556032328787, 54.69521729021638, 88.6349620366497, 44.169854352667485, 43.15510441026301, 45.639123424284115, 63.55885796047674, 47.273102411860485, 99.40564381771529, 42.30184249238571, 87.5576566439387, 21.689392660533773, 93.59231550971266, 91.1617731656639, 46.68343013875103, 24.14253476270313, 98.17496302795898, 104.7879367223684, 42.3750922286597, 41.270010037596094, 35.71781401341903, 46.38716958124535, 68.18497948594151, 121.93970560144686, 44.127440502712446, 43.99259035105799, 95.37138070494757, 50.7754579525635, 34.238747149149866, 12.8481372988575, 97.28670280314086, 33.5450580162566, 38.02173117346427, 105.01575507214004, 75.97415442415911, 105.68235170789784, 80.755837654102, 36.74808009097484, 94.83324799112623, 86.86514841235503, 89.96921862743078, 98.24836701650531, 77.74663606032443, 67.24220826443786, 89.47362940453672, 80.35819411161012, 60.57332033220532, 45.83154069064505, 80.121460539152, 29.73492608004035, 98.37629877813393, 101.3262946540079, 25.577417281778605, 72.6430811064423, 90.60471064743665, 64.96735463270961, 42.16787951112516, 52.888902647080265, 97.73419717939315, 99.87981972860916, 63.31781757867707, 49.14041290429917, 70.82949854917355, 73.59205603216249, 15.422964514275098, 116.3524590203173, 47.44482709420951, 78.17655706354992], [16.75624591017118, 17.801814241219482, 75.5366782099697, 67.59955360636037, 5.241823318823569, 0.0, 30.67797891959461, 101.97538132605013, 70.93756518584897, 69.14625415743085, 81.69557077259736, 33.26171112746491, 43.93331662702205, 63.50206677150943, 83.93636053858145, 45.02978227094902, 41.03924090782173, 65.33418029379767, 54.63586428124, 54.598581889813, 83.71586483577254, 39.52131632641013, 38.13390628831058, 40.60523571929185, 58.47459304617411, 42.04599434700046, 94.5521428507636, 38.9167346347616, 84.90944135652002, 19.289101741913896, 91.32080450922484, 86.88017880999928, 41.44966296840647, 20.28321480281026, 93.28009255211535, 100.0236043364714, 37.242876962552884, 40.14170595210218, 34.35510331570948, 44.53449236175029, 62.95572957749726, 117.81805776829673, 43.53160600076622, 39.671362576820144, 90.32404470680807, 46.81604526110111, 29.28831208154806, 7.954940601036158, 92.49427160716924, 28.9949051374414, 32.77992750870692, 101.70459489786154, 72.14777345071455, 101.93114832937383, 75.67919921420533, 36.354079403570886, 90.7454223903984, 81.62470176084831, 87.26039122843758, 93.51776233374679, 73.17953248723494, 65.69063286899073, 86.3718747288827, 80.59643782811226, 60.72367074581739, 44.189312056358524, 77.13637961179963, 24.596225535825734, 93.227855196168, 98.035740854711, 20.358099650928118, 69.96208716178398, 86.15985699163225, 62.396249797713416, 40.59909651025789, 47.823584330433796, 92.72295725380661, 94.98424480644331, 58.08723380656611, 46.57561478981782, 65.5881947635641, 73.66905744089264, 10.589614019930284, 112.04019264683761, 44.63523112357925, 73.83731896601537], [18.916225718045833, 23.998838490146774, 44.929620445257136, 41.49451471681342, 35.78748226431158, 30.67797891959461, 0.0, 79.58875915183232, 61.308909567272146, 57.23174347958728, 59.05453212990355, 8.572970692516103, 45.81691159245044, 60.62185747282021, 58.815264320987545, 22.895285428934816, 10.740409287393835, 56.22091022667204, 27.86690696867915, 56.6645415962515, 53.384313474881914, 12.803056742657391, 20.132004684259968, 21.393086256614737, 34.8115181485587, 12.800751567616953, 64.41051566570991, 24.339222590948186, 67.91343816548012, 25.364345948894915, 76.28104886770075, 59.63362723390645, 12.62006432450218, 27.488058257767396, 63.00026823720179, 70.19997259710802, 16.819157086208563, 39.99971929218149, 35.157111326587696, 38.67411758459592, 33.14299814163377, 90.93965438252398, 45.30460325377246, 16.369647536166966, 59.678671665926814, 24.936826360267485, 17.964432471834677, 22.998038837984684, 62.59404381870234, 23.461970490380057, 8.074175423698076, 79.80134911141735, 48.32134967266787, 77.40402711261949, 45.00840586668571, 41.44187743972142, 64.53056990881926, 52.1165042928336, 69.7347861179467, 63.87018458185606, 44.60685738040859, 57.467220468210606, 66.41740138565537, 81.37638164235268, 63.18352278912931, 39.73599517434211, 58.526136936039954, 6.1197437029871935, 62.605314519266074, 76.38500364742627, 10.892490092269862, 53.9865883190698, 58.01160051677347, 48.06521650944892, 37.7494779699434, 26.041990031113794, 62.134097131651025, 64.69766680369094, 30.38448535014157, 35.434501964634194, 36.770357340598096, 74.16398274284197, 23.836111901018135, 84.23752850855138, 32.34222225063009, 46.60623852801072], [85.26932291708461, 102.97149512463062, 57.54998711907165, 39.086806465782395, 105.36551984742005, 101.97538132605013, 79.58875915183232, 0.0, 45.49289405968383, 41.96845150410049, 20.609003890180972, 85.3732055765084, 71.5925775391534, 60.43378895403151, 22.558096901875707, 92.15495578039315, 76.2105576750477, 48.45271833773929, 52.14507761853898, 70.4287908201141, 51.18912473581727, 66.8266753673709, 94.9460551757299, 94.58803353859966, 94.20739842524506, 78.98322775871407, 48.13943249980614, 63.09122742445995, 23.940545194193458, 83.92788243028718, 27.315282905434, 28.283648460367004, 79.99926352502699, 106.7730438746245, 50.0705756210367, 44.71266103642507, 91.5361161252192, 70.34032330050675, 73.55168052422067, 62.75176696703091, 74.5272852312423, 27.666941112941455, 71.54010637539193, 64.27211470415428, 58.442044590838485, 55.95709372091174, 96.8214061369366, 94.75325517077728, 45.14629762706246, 102.59365782988004, 85.23456193663853, 2.0515003681615567, 31.28032768501439, 9.76931361267609, 60.206861813662606, 77.18260086048038, 21.646638222989314, 79.00413115455925, 21.496415909872702, 42.48904925420209, 42.05094100402592, 49.878900274230965, 17.11356206379811, 70.7184673853854, 71.22670728529737, 64.23686380617167, 26.546767362174265, 84.06181871496257, 66.77191290208563, 4.711781966558704, 88.71542043352478, 35.39102591100131, 33.17064593649088, 42.88774305441544, 67.52173520483146, 93.80434634887965, 56.47109311627095, 50.29982364067493, 83.26613942058998, 57.447517086207235, 80.01248658076227, 68.34939389267514, 100.41383146966031, 30.38616154727284, 58.434277332387154, 36.66276266681889], [56.456750985209275, 79.02370086045099, 69.34930800715748, 42.25828332780946, 72.61176756144162, 70.93756518584897, 61.308909567272146, 45.49289405968383, 0.0, 5.94479458483598, 34.485897988655026, 69.62145109119001, 30.212308174416247, 14.974909591081667, 43.17673064062862, 82.1357436049894, 64.51827425058654, 5.606413245212357, 45.0223457092754, 25.686203665338688, 69.41133322473246, 50.69517197839663, 81.20703617066481, 82.08181469765955, 90.39432069462674, 68.14864752009564, 73.85512043875897, 37.1755080950958, 21.61547024413627, 51.7094021029264, 22.990319237879852, 52.494955941403454, 68.83736593557047, 83.15639916799697, 74.53783061281716, 74.56924924145368, 77.72627949714811, 31.646555088577628, 36.91574413459019, 26.41926487130894, 76.3495306385818, 71.59501288331126, 30.36925920128924, 45.820137603806856, 79.13142516828322, 38.638921062222295, 78.69566038246705, 65.70289327455704, 70.33643904326229, 83.5468492471797, 69.20057951700932, 44.06917719153793, 35.66136361744514, 51.560803462119196, 71.7150920834032, 37.50580492765668, 50.42069351363151, 90.10443637407234, 24.183004267856113, 68.97797628640414, 52.84211531991265, 5.576538680207559, 29.244151771935577, 29.32422942919742, 25.75097665416925, 26.7923838449, 22.111417782348003, 62.74256246641168, 86.96402787376046, 40.79518591382003, 65.85778191118648, 15.128841739024496, 56.15258510115519, 15.029275849710947, 30.44483704853966, 84.90434553551972, 79.01545750464666, 75.71837466601795, 81.19500324468135, 26.299307352878774, 82.47031174931968, 24.651847340408157, 73.71530894396169, 71.08706286106344, 29.217635681784476, 47.35471945264208], [53.97187161798863, 76.04066828177577, 63.429392559838405, 36.318504117823885, 71.21552741219443, 69.14625415743085, 57.23174347958728, 41.96845150410049, 5.94479458483598, 0.0, 29.214191721058466, 65.38464592266315, 30.85912998454871, 19.0176782277405, 37.6971088493188, 77.46786368103827, 59.76491005814135, 6.494694078934164, 39.47988771643524, 28.46036370254927, 63.475865681763175, 46.105673680706744, 76.90367318720922, 77.6581368703861, 85.2911470055004, 63.37327589646315, 68.03672639019545, 33.52750409142135, 18.723178834085694, 49.85944767069675, 22.54544278371441, 46.87703389941839, 64.1036016830686, 80.17015201646826, 68.68276039874472, 68.89494214453391, 73.3875863329445, 31.18056836332552, 35.892288497357704, 24.87060902667245, 70.78152979240032, 67.24666081401534, 30.919244602599086, 41.363358644168834, 73.19948266263552, 33.769448036803816, 74.87837973288717, 63.43242997865969, 64.52497219224651, 79.9083393244473, 64.99000597718722, 40.720035016458255, 29.77435411868604, 47.27248839372739, 65.8067584388002, 37.56968985055366, 45.10970167049551, 84.26939927457117, 21.3793199043952, 63.21838693289252, 46.897702689809634, 8.092462639150021, 25.152450978919685, 35.16969736709581, 29.697453848262313, 25.66568402229533, 17.073117545105994, 59.10886068246758, 81.02113200483451, 37.2601883334743, 62.5112123873716, 9.332071111932354, 50.4149447650004, 9.656791717299237, 29.344823371674266, 80.16346106116997, 73.1061119748138, 69.88156133488299, 75.89187078403609, 23.16124687871177, 76.91960207499508, 30.20253684937843, 71.12358254729365, 66.24227297995205, 25.80932604045896, 41.42732370376861], [64.9491794457587, 82.36490236091643, 43.16479282831379, 19.64234590627124, 85.25842563259981, 81.69557077259736, 59.05453212990355, 20.609003890180972, 34.485897988655026, 29.214191721058466, 0.0, 65.06915690913715, 54.858770658236175, 48.054319692857284, 9.082089590167385, 72.70124600272752, 56.18636502937973, 35.2750647250575, 31.90888211049039, 56.12404203983371, 39.635192093693426, 46.27008759322511, 74.9875057107524, 74.78989779631148, 76.07267631528717, 59.13452993401434, 41.19372810792638, 42.97299511865881, 18.63830138170968, 64.05653515427306, 27.677490188111896, 18.775293621904158, 60.12696230291273, 86.1748964803785, 42.34664292053077, 40.78123952212192, 71.521092932675, 52.586745242582325, 54.98070685929909, 44.782649090813145, 57.32436509763657, 39.660816837970096, 54.71029899341606, 43.66394435045971, 48.72310581394265, 35.38258838114118, 76.43706931253674, 74.35294600262577, 37.677438680736856, 82.18363827432434, 64.90421187775117, 20.746817020865198, 10.944619402403484, 20.863102883830667, 45.85689217433765, 59.434158509701746, 15.934798295425841, 65.3319769820037, 18.27324069746294, 35.835260532754, 25.80976968483912, 37.132676012799784, 10.736028577197592, 63.360690675849895, 58.48211096746457, 46.48916803590019, 12.435341745345776, 63.45960649587229, 57.11448090682479, 17.376063901307596, 68.10650727533493, 20.270570086289883, 23.19478680325403, 26.143819702315913, 49.41818375207181, 74.57825019957585, 47.78967453765503, 43.24221670405064, 65.28152534790063, 38.621034348067354, 63.20728270085129, 59.130472398920425, 79.84610328937478, 37.390448520501934, 39.10859915361587, 19.585145327767002], [25.183688209749562, 21.75252064459998, 45.00231865397595, 46.546831055964255, 38.50314625883047, 33.26171112746491, 8.572970692516103, 85.3732055765084, 69.62145109119001, 65.38464592266315, 65.06915690913715, 0.0, 54.19814431015729, 69.19365431633071, 63.87014190766403, 14.699216436853147, 10.15275390299737, 64.60848932529116, 33.22831228851606, 65.13223184098234, 54.181810376936475, 19.773533998615413, 11.616527593772167, 12.822033827840617, 27.39230199710946, 9.441398228308634, 65.41982257329387, 32.828561133469385, 75.21420247448172, 32.317129444221344, 83.83110401339911, 63.5359481485545, 8.612509006020487, 24.31526145951896, 63.76177016044893, 71.6330177665313, 8.248600054496675, 48.41243185507576, 43.41046714685792, 47.2460671703229, 29.948694713464384, 94.63750896114117, 53.6856123055931, 24.108110583902672, 59.27949755674048, 32.38102885196617, 11.577212296183994, 26.480813910657908, 64.02009579796605, 17.388550098818904, 0.586793706411762, 85.73965966320371, 54.165825697668936, 82.41577722952286, 44.565510810445346, 49.50975002482205, 68.9395049865595, 48.40085454555181, 76.909153133315, 65.62246513449101, 47.90250679483582, 65.89783827976117, 73.08755641787049, 89.94308095653543, 71.66945685465934, 48.29642880994373, 65.63913108566818, 10.902220918847352, 61.063683240722376, 82.44342869204131, 13.257714460709309, 61.667650362686054, 61.31757030352932, 56.07613574403019, 46.25415141729471, 17.88040164783551, 62.022607332648114, 65.42285403730224, 24.944179241120317, 43.916310618733064, 32.32656336083905, 82.72752117127979, 24.306224196907998, 87.41388993409329, 40.8081764582841, 50.83792627327045], [33.04720380972705, 56.01558522559092, 73.5135430410454, 51.29228649426088, 44.48872663981793, 43.93331662702205, 45.81691159245044, 71.5925775391534, 30.212308174416247, 30.85912998454871, 54.858770658236175, 54.19814431015729, 0.0, 19.741300770559683, 61.23774490803662, 68.71193357684821, 53.47878112155314, 25.116034220653184, 45.2609628545448, 11.304637897871418, 77.48425164793326, 40.69151849475632, 65.24108869837825, 66.87536394258812, 80.11203647105594, 56.850887255511665, 85.41974022113007, 25.130274902146787, 49.41684167623569, 26.243458616121448, 52.95906171729005, 68.43572008424402, 57.126765640674684, 59.9580054614287, 85.25474168746052, 88.40097338014442, 62.26046843127843, 5.864924462527214, 11.07018978556056, 11.472587702565086, 72.36263839976539, 94.51869271737353, 0.5125418418897891, 36.03127036942955, 86.78746181880707, 34.322411500898205, 59.9031700104379, 40.58748445468761, 82.25216361970853, 63.462235547625916, 53.6456726606317, 70.60304923432113, 49.830715120856, 75.24916767285977, 75.14492425197776, 7.776112956956322, 69.14569056571588, 89.92538457157924, 52.063274319195976, 81.8886580606063, 61.45046020987382, 24.638066763300063, 54.48114893374001, 37.40870677823061, 17.876251441709584, 9.494774890963328, 45.12699655252798, 44.35758135734489, 93.08362330264757, 66.97558973150083, 45.55917038415693, 36.20855534717418, 70.32170060516901, 28.959964408175058, 8.907884382082381, 71.85364133234224, 87.81787571872648, 86.78730357624231, 73.57632287708905, 18.86207353547378, 77.75286533749862, 30.245845041515743, 49.35921188450249, 91.70285283343439, 20.628061660996565, 58.24872176066619], [51.28290955307533, 74.45589681220291, 77.91754354183074, 51.919761561884975, 64.21838499642449, 63.50206677150943, 60.62185747282021, 60.43378895403151, 14.974909591081667, 19.0176782277405, 48.054319692857284, 69.19365431633071, 19.741300770559683, 0.0, 56.243206839322326, 82.98096041331435, 66.15458806833385, 12.780071352555593, 51.0366057587207, 11.580961432421123, 79.52106610485302, 52.2828098612685, 80.71661584873549, 82.00577364259549, 92.93172477369212, 69.76057734358038, 85.31712431870258, 36.705888689327466, 36.5881792151059, 45.14733753779743, 37.22160016620434, 65.07915705619864, 70.26454405500377, 78.50580114883935, 85.7098734822244, 86.8103951799935, 77.44100711864375, 23.53867993859025, 29.473299904959195, 22.012096783763972, 81.5831461212877, 86.21831017940634, 20.092358233781, 47.219986008398436, 89.2462130016082, 42.06680683623456, 76.62657448708808, 59.60630426335543, 81.86924962179393, 80.80494963757675, 68.69468215556496, 59.032908618498, 47.05947890985094, 66.21335956466521, 80.03405420162947, 27.51162878023675, 63.84267630386637, 97.23506169112052, 39.1576535878911, 80.83445650546783, 62.75136016132619, 10.9496560756245, 43.968471312188136, 21.149033136932367, 10.7943987723597, 21.227612737988434, 36.07711318819278, 60.577277554165384, 96.60196354156936, 55.72944509454421, 62.71115607193989, 27.81225177358718, 68.21376135988851, 23.809064734030933, 24.07999376643383, 85.98362507795137, 89.55677601629775, 87.03228650955296, 84.85715251304529, 26.06620898023587, 87.4915534064807, 14.272440974939915, 68.21640979153968, 85.2355059967644, 29.1534045480428, 57.97324831527698], [67.2401331318187, 82.66965281362597, 36.09082518427949, 17.360722476127208, 87.87706326925978, 83.93636053858145, 58.815264320987545, 22.558096901875707, 43.17673064062862, 37.6971088493188, 9.082089590167385, 63.87014190766403, 61.23774490803662, 56.243206839322326, 0.0, 69.80093931705784, 54.35176345920865, 43.49900025680951, 30.95235201838114, 63.60852856542829, 31.416362352700155, 46.34354710678761, 72.9245979310982, 72.43091565355243, 71.6592687617629, 56.930446742473364, 32.18342863196808, 46.160821826914884, 27.518217237919867, 67.33289090808606, 36.226611474504246, 9.698678261211738, 57.961966789676694, 86.28526061005812, 33.415555214494816, 31.718225734619732, 69.58509989990438, 58.33847902912664, 60.00951131969184, 50.54108164912274, 52.093005000727125, 34.41623057255052, 61.035270531916574, 44.65622048014494, 40.162092001579666, 37.125783748660815, 75.4254663610487, 76.2977582802841, 28.682347723275182, 81.2338692090659, 63.78537918623379, 23.49101268212537, 12.128351530463819, 18.59515932585447, 38.79419690305217, 65.07251916192669, 7.910435492682292, 58.11132572939918, 26.871521975368314, 26.775723025697996, 19.642597519284134, 45.423459859946654, 18.97356979271764, 72.24893687189261, 66.43983913066769, 52.373487791058565, 21.35166836710607, 63.80018914049515, 48.61009355710473, 21.040819454651004, 68.63913338608835, 28.48953362996839, 14.257940725668538, 33.367864373293365, 54.96298191011351, 71.36051811321661, 39.03283659190682, 34.254159955363946, 60.723548951768805, 43.79569261227031, 57.69484755044373, 67.81810131685131, 80.95913215808969, 30.50877245542506, 43.702460581923305, 14.10499447283562], [39.58785036099507, 29.585142271171964, 43.457727252361835, 53.19847491590526, 50.13552894214489, 45.02978227094902, 22.895285428934816, 92.15495578039315, 82.1357436049894, 77.46786368103827, 72.70124600272752, 14.699216436853147, 68.71193357684821, 82.98096041331435, 69.80093931705784, 0.0, 17.743823738922742, 77.40516605040865, 41.3161114846808, 79.52176438540472, 53.225941380877366, 31.442642672834435, 7.466636750494536, 5.0910912221933735, 13.467732035598733, 14.209583062560831, 64.27949751944202, 46.297961216184845, 85.18552310122722, 46.87259753435774, 94.25577152731073, 67.45550581464758, 13.400458373980895, 30.281756414146702, 62.265014763258975, 70.99273106773767, 7.8410536203908885, 62.891046147685266, 58.019823845703876, 61.22318267346097, 24.439636894311498, 97.40331351625592, 68.19965568838667, 36.37588073352691, 55.99591111804112, 43.728001378818924, 16.35329870485632, 39.35310648804198, 63.65240142482873, 19.77397660779661, 15.27855813010817, 92.81093242551181, 61.82573408760328, 87.80297400749306, 42.16919763226657, 64.18899232504408, 73.56815458044046, 39.943095138527575, 86.58893565781796, 65.74996358237, 51.55879985750298, 78.84276547757312, 81.79865706704433, 103.92758470387527, 86.01859245664522, 62.40396572484265, 75.3693381948269, 25.44971113217963, 55.73586686718362, 89.79991328862853, 26.773073552306517, 72.65919957191772, 64.2927058520263, 67.90596365507966, 60.578105907892976, 3.181786742671224, 59.104852310053325, 63.7950418397664, 15.760610946790852, 57.225555686665444, 23.94952533434172, 96.75357012064589, 34.844956044960725, 89.38819013110576, 54.090640605943726, 55.88394010920981], [29.531307976405092, 31.633052949814395, 35.27241491891883, 37.16208955299196, 46.218828554752925, 41.03924090782173, 10.740409287393835, 76.2105576750477, 64.51827425058654, 59.76491005814135, 56.18636502937973, 10.15275390299737, 53.47878112155314, 66.15458806833385, 54.35176345920865, 17.743823738922742, 0.0, 59.89751421477045, 24.321877117781785, 63.76177865906341, 44.24644517398935, 13.964251726697661, 18.80424230837636, 18.77095948004192, 26.86294616068875, 3.6422985480563503, 55.4523696319283, 29.550147090284742, 67.69545293162025, 35.594995397834396, 76.66054337769887, 53.56595773499646, 4.344803675919356, 34.39823135836445, 53.85687873126835, 61.583201861833516, 15.339421586491117, 47.61743438222663, 43.44728207224567, 44.838242555724754, 22.405989620846658, 84.57760741653365, 52.97480647692183, 19.010771353852704, 49.79819104018202, 26.00280650607476, 21.547735339356066, 33.543115747897055, 53.96259389576885, 27.314378743369762, 10.272382006648014, 76.68838147294781, 45.24177508535253, 72.80555244493091, 35.05401195313594, 50.091032007306104, 59.1132386668701, 41.38655997776813, 69.1930105861127, 55.51732173653735, 37.84138574912144, 61.39690412171152, 64.77163198229852, 87.25358164122056, 70.1012830547985, 46.21883395008716, 57.93076435392211, 16.535419794676752, 52.222651711514985, 73.49936353826693, 20.753306521222772, 54.94133739662926, 51.227987292767445, 50.18231651999749, 44.88241410185487, 20.400212866611337, 52.42078298113501, 55.53136967154104, 20.458270845237404, 40.14675997769245, 26.231521506295962, 80.16599944149193, 33.21749812226089, 77.28628474911486, 37.02845782665017, 41.02329074978308], [50.88253700074392, 73.51544793149912, 67.02098839339499, 40.32054983846968, 67.03616783577668, 65.33418029379767, 56.22091022667204, 48.45271833773929, 5.606413245212357, 6.494694078934164, 35.2750647250575, 64.60848932529116, 25.116034220653184, 12.780071352555593, 43.49900025680951, 77.40516605040865, 59.89751421477045, 0.0, 41.525347074460264, 21.980407627050674, 67.83350185207132, 45.98435724659201, 76.21657023388073, 77.16876967896, 86.07568477612014, 63.53804224013798, 73.06165909454687, 31.9615803258086, 25.048236692676515, 46.103111580986706, 27.843073315059765, 52.437231135322115, 64.1882546829006, 77.64666618251024, 73.56856614779053, 74.29150177701813, 72.76330140971783, 26.18277525204308, 31.360752814554434, 20.812903152451458, 72.76653530378526, 73.6737627176847, 25.23200047508632, 41.03023025960243, 77.580021657522, 34.25960313508659, 73.4517106844607, 60.10616422868862, 69.58108427505235, 78.22501559379458, 64.1726513325787, 47.18658044477497, 34.69977090224752, 53.72363739853538, 69.28437103138327, 32.210664744471295, 51.069430820135985, 87.23672687267629, 27.696206104720208, 68.42972874386737, 51.09820374578061, 2.0216041710735113, 31.64362394285161, 30.810619469188897, 23.313990516120327, 21.20687952591269, 23.377048356597452, 57.44369454186387, 85.18598275784808, 43.74302006076998, 60.453687059653, 15.036772644313816, 55.71898996322, 12.059124025819875, 24.869229432965383, 80.23080660021259, 77.69293612698435, 74.83691552182238, 77.15097518648682, 20.963624025894678, 78.83850249109436, 25.120580219785897, 68.14548443990627, 72.49374987765565, 23.958163397201307, 45.97612605271779], [38.47451485584045, 51.776085687156176, 28.25290767785144, 13.633267517713037, 59.0556032328787, 54.63586428124, 27.86690696867915, 52.14507761853898, 45.0223457092754, 39.47988771643524, 31.90888211049039, 33.22831228851606, 45.2609628545448, 51.0366057587207, 30.95235201838114, 41.3161114846808, 24.321877117781785, 41.525347074460264, 0.0, 52.72471747190611, 32.948380413107465, 15.595802550210728, 43.12292697027296, 43.030130547824974, 46.73911977972133, 27.40363552809903, 42.30427094475289, 21.709400148121066, 44.070985057632996, 40.51361119259228, 53.34343264634585, 32.35712247491641, 28.366523005371814, 55.34804253587998, 41.62606080685789, 46.75537453845174, 39.635939945643365, 40.22052454418882, 38.954317705948064, 34.021312066989225, 31.32727854813997, 63.563585752781414, 44.85457668977726, 15.111690912894963, 41.83325919681048, 11.160805841693929, 44.69323308730274, 46.75002894485475, 39.61956972240482, 50.479401412647405, 33.09118029362321, 52.52329744420056, 20.973117412636867, 49.54540721509246, 29.940007878045954, 45.55687152052994, 36.80690613331281, 46.207576533961614, 45.35176417440017, 40.071697668954094, 18.961802310566387, 43.374701216587475, 40.523050453447105, 71.7179965702215, 58.04565255231004, 35.94184258021047, 34.212842357984464, 32.99065453836108, 47.836401455180365, 49.262755280293895, 37.890369624149955, 32.76870391456581, 31.549109969572058, 29.99316350274381, 36.636837897716845, 43.476585814540705, 43.18783094745825, 43.27786632402297, 36.74317675271226, 26.92824434930008, 37.45088594047881, 65.23107033608979, 50.4876254557931, 57.437500670851755, 24.68152862572997, 19.25358738585611], [44.344271158763135, 67.2591677959376, 80.7185694588121, 56.43510786394733, 54.69521729021638, 54.598581889813, 56.6645415962515, 70.4287908201141, 25.686203665338688, 28.46036370254927, 56.12404203983371, 65.13223184098234, 11.304637897871418, 11.580961432421123, 63.60852856542829, 79.52176438540472, 63.76177865906341, 21.980407627050674, 52.72471747190611, 0.0, 83.62975685161622, 50.474494966418476, 76.31022568133854, 77.87857473548874, 90.56441286800404, 67.22912391807591, 90.58477303144824, 34.56108181549635, 46.94326559317274, 37.457703061726725, 48.47839234087446, 71.77932628208671, 67.57597105611823, 71.17552175661298, 90.69405494653627, 92.83395239154366, 73.26228271837189, 16.802019612847282, 22.357017223176683, 19.33076955178898, 81.56002006225552, 95.26505322951812, 11.79694303838199, 45.58729689144857, 93.19677614010631, 42.402891035545295, 71.15542883244078, 51.70271951651409, 87.25519752501708, 74.76242727916824, 64.58993283463435, 69.16626593892909, 53.2045725926436, 75.43642907021662, 82.5783058829753, 18.303760774971746, 71.43921042935304, 98.46976311867118, 49.574945390429356, 86.55071564981151, 67.08155857968009, 20.66417378078106, 53.551119935673285, 26.195527960470987, 6.591828129800769, 17.695502708984378, 44.90262433382456, 55.50616486361067, 100.01697802329942, 65.72023183775521, 56.83534717233876, 36.08012112975291, 74.34193769788868, 30.24097895438129, 18.96060716651577, 82.63804600269148, 93.89408506697382, 92.13341753733765, 83.518787163625, 25.856760115315595, 87.17329165463424, 19.115713767075547, 60.51059369861061, 93.51043538319212, 28.44201457254893, 63.056479834712626], [69.03811397323123, 75.8661740911655, 9.780816942268883, 27.60274267488713, 88.6349620366497, 83.71586483577254, 53.384313474881914, 51.18912473581727, 69.41133322473246, 63.475865681763175, 39.635192093693426, 54.181810376936475, 77.48425164793326, 79.52106610485302, 31.416362352700155, 53.225941380877366, 44.24644517398935, 67.83350185207132, 32.948380413107465, 83.62975685161622, 0.0, 44.99245970562488, 58.92868762702548, 57.452644288375474, 49.5846976904537, 44.924478404269095, 11.257312495044214, 54.65764349198731, 58.16582614982798, 72.43726295804548, 67.31215627967632, 23.067494145145897, 45.88882104379461, 78.47821076196281, 9.626863270409023, 17.784008791156264, 56.45094052659967, 72.78600153881871, 71.87172390059088, 66.03468596972685, 29.580885925427406, 46.272184702470575, 77.11638593542389, 46.78714416943855, 9.746520037351475, 44.06558753109157, 64.81582851905311, 75.81173221425696, 10.47877534084305, 70.22788380320011, 54.393559610376904, 52.70071242887726, 33.949308596046016, 43.231304147655415, 11.488939639026682, 78.40051572225926, 29.55460396400827, 28.028187572287635, 57.907481446649896, 12.844524526862699, 16.77159006776513, 69.85269554875977, 50.20227597111018, 98.51267852559113, 88.16792494800109, 68.00599605374713, 50.165632984373396, 59.48237485301866, 17.698457268882926, 51.190653261690876, 64.25179417859866, 54.42426479466428, 18.069859772826764, 55.88899826183534, 69.16112237886004, 53.48290180555558, 10.333736758791774, 11.317780662104933, 39.362744528046925, 58.67634599237552, 33.22585332291021, 92.93099651507913, 77.1183013957857, 37.503093113759085, 56.91636673795297, 22.0807276403634], [24.078217343505393, 36.342677574982126, 37.863123577625814, 29.15755939264546, 44.169854352667485, 39.52131632641013, 12.803056742657391, 66.8266753673709, 50.69517197839663, 46.105673680706744, 46.27008759322511, 19.773533998615413, 40.69151849475632, 52.2828098612685, 46.34354710678761, 31.442642672834435, 13.964251726697661, 45.98435724659201, 15.595802550210728, 50.474494966418476, 44.99245970562488, 0.0, 30.996885282967803, 31.596879234209524, 40.64891531063736, 17.603900178790386, 55.458479827413896, 15.937175304087933, 55.462277665613804, 27.754583312439, 64.05951907853792, 47.89420743443999, 18.21503296678569, 40.02761571446176, 54.3735348662496, 60.658662769512766, 27.444069334510935, 34.906885551111245, 31.50380805526496, 31.288307215270883, 31.923188438668927, 79.14382039745054, 40.20255106468019, 5.065223379188719, 52.60825577441046, 12.633490454419949, 30.54631253161325, 31.574027084530883, 53.202917810153146, 36.170004864893215, 19.47153891112354, 67.01564275323804, 35.585336698419454, 64.89018045996725, 38.64365969755051, 38.36132491128202, 52.39351002072104, 50.213470895513204, 57.19537617857853, 54.092259937877216, 33.675598651463964, 47.457635526756455, 53.66145683869605, 73.41167973763224, 56.67644426395742, 32.79667490301806, 45.94244193872573, 17.457180869638332, 57.000965568979574, 63.58841343211634, 22.320337806264096, 41.93446997351896, 46.78969629532611, 36.62231972889829, 31.8684162837418, 34.24651171159431, 54.615230379032035, 56.07487745626764, 33.0448442616241, 26.23263749479592, 37.11061431082774, 66.3660980953875, 34.8990185498957, 72.87182061622511, 23.13025429049298, 34.781616793636594], [34.43242900170048, 22.18700692462302, 49.249717289103536, 55.864060976325376, 43.15510441026301, 38.13390628831058, 20.132004684259968, 94.9460551757299, 81.20703617066481, 76.90367318720922, 74.9875057107524, 11.616527593772167, 65.24108869837825, 80.71661584873549, 72.9245979310982, 7.466636750494536, 18.80424230837636, 76.21657023388073, 43.12292697027296, 76.31022568133854, 58.92868762702548, 30.996885282967803, 0.0,