instance_id,num_cities,city_coordinates,distance_matrix,best_route,total_distance
571,37,"[[17.349304340162085, 16.914049242753435], [99.38291375846157, 23.277290145031813], [52.998140301024286, 78.8829507134616], [7.609715768090608, 4.5380802172971695], [73.26152023726056, 24.482495917541648], [72.96773594661016, 19.927560863380943], [81.73561992657687, 30.903598538453526], [25.213600815180047, 46.84208946177581], [13.501373701478514, 56.86455371499386], [47.96640676630178, 90.89471595853706], [36.80404011277759, 82.61812418795562], [25.314439630257223, 56.179460612739575], [82.05981527381859, 45.63664687812358], [61.44134600650414, 29.839558967179734], [95.10826222201182, 64.9047538817222], [77.08548986444586, 54.78115376690321], [33.44120869059719, 64.98757866649228], [18.34649815780849, 66.63902932592663], [28.47491256041691, 78.1411156653069], [85.52828113029427, 62.70558193834762], [11.93205585568914, 67.30400981441962], [46.98846633015429, 48.113276204048404], [26.704300586182693, 40.920012895536395], [88.6103993259183, 99.61044497729497], [17.946356555531786, 33.414518474716736], [12.970046461354567, 63.54326958948754], [27.873374250783435, 13.878761355813186], [46.68498161175276, 27.20908137101755], [87.3623371515663, 81.30098488787671], [87.75054251297743, 89.0354591029818], [43.74419789345792, 30.024609733366425], [49.62975759944667, 81.03953549269029], [96.5870836454559, 22.46401349795465], [19.764830929221034, 45.49665464403297], [79.63093154710735, 58.79679897564043], [35.01629704588015, 45.94947216213193], [53.69972406289774, 91.9245965096257]]","[[0.0, 82.28003347698967, 71.49114808737372, 15.74878391725146, 56.422134589120816, 55.7000106521426, 65.88858113732775, 30.94405840219412, 40.135388098118874, 80.06588542372204, 68.52380760281079, 40.065145828310115, 70.79857230353059, 45.94754552685794, 91.37594466059444, 70.7271480128708, 50.6953017239136, 49.73497803138072, 62.22967797588523, 82.12939390231159, 50.68031873969023, 43.03337874779755, 25.764359989368963, 109.16426854082277, 16.51126755348739, 46.83441138429498, 10.953037023595414, 31.089703239254504, 95.11835913860166, 100.7860709448112, 29.47163385473972, 71.79210018808266, 79.43190651412354, 28.68449232996298, 75.05441900869361, 33.9879157256085, 83.35427532703243], [82.28003347698967, 0.0, 72.41226896009547, 93.66684503118238, 26.14918202245595, 26.626721636207414, 19.224660186865464, 77.82279068060234, 92.21574267269817, 84.94570892587632, 86.24065173496955, 81.04746560606678, 28.284811730437525, 38.50488197060875, 41.84636642418963, 38.59622436735094, 78.02599974239797, 91.90832975412901, 89.65480458191345, 41.79163838616922, 97.90814364892103, 57.982793351487665, 74.78934736108425, 77.08954270097608, 82.06507324845461, 95.33379639523832, 72.12452137797486, 52.84440400632657, 59.255745827498316, 66.77910485694656, 56.04634711320384, 76.23551361003882, 2.9117151174986775, 82.66038514393264, 40.64205099211083, 68.24286911055897, 82.4585137622264], [71.49114808737372, 72.41226896009547, 0.0, 87.10493011691861, 58.05182209408411, 62.24566444840311, 55.927282880205276, 42.40987413551492, 45.219513245955305, 13.023088983311675, 16.61927801655461, 35.802733772467874, 44.1576456679469, 49.76486709079323, 44.36949802361172, 34.074873808183014, 23.990726090275356, 36.7511892891322, 24.53444554206118, 36.330666424635965, 42.6672610324931, 31.35106139593019, 46.1795480133515, 41.20512117823937, 57.4108515351419, 42.866701685837825, 69.69073470070714, 52.05809010572616, 34.44916420541202, 36.20501189201081, 49.726983956497925, 3.9996074725262973, 71.29580954313784, 47.10729897836991, 33.358043425719906, 37.52280235194945, 13.060503238678415], [15.74878391725146, 93.66684503118238, 87.10493011691861, 0.0, 68.61442375829066, 67.14541619658006, 78.67521988311391, 45.820584532588335, 52.65711216834063, 95.3211993465792, 83.35947360919897, 54.59202703859196, 85.04063439313697, 59.48116711242338, 106.3020739254705, 85.73942865449308, 65.73741620542101, 63.02226889185077, 76.5033545953606, 97.23559576910306, 62.91458131485731, 58.7323054299166, 41.088297540531464, 124.89942064674842, 30.670748755176437, 59.248168899884114, 22.31287025988897, 45.17577552256144, 110.69337898447452, 116.45754226285608, 44.21836705761486, 87.28205184779908, 90.76514241913898, 42.72413420598244, 90.17241309616085, 49.659078526940164, 98.79621497974904], [56.422134589120816, 26.14918202245595, 58.05182209408411, 68.61442375829066, 0.0, 4.564399473868927, 10.632070560937427, 52.995792137245196, 67.96964602802989, 71.06634742465855, 68.62141889689272, 57.477126838622496, 22.910872929973905, 12.977466754464668, 45.9482216660346, 30.539014574512954, 56.80069489163552, 69.23028931760278, 69.8934024099183, 40.143215214538984, 74.79963404824217, 35.336767517061716, 49.373744703441076, 76.6798331975437, 56.03167282973381, 71.83874894457546, 46.61033128765933, 26.716037759147856, 58.542068006885934, 66.1590267652647, 30.03310413353082, 61.295668124875725, 23.412735414468845, 57.4760005037153, 34.9004411834156, 43.85804562499685, 70.22179719887622], [55.7000106521426, 26.626721636207414, 62.24566444840311, 67.14541619658006, 4.564399473868927, 0.0, 14.048102808947892, 54.81650546892517, 70.00421187035336, 75.2422990284194, 72.37347322268336, 59.87517753837298, 27.269451960127217, 15.20215022492174, 50.131335465563616, 35.09599458075393, 59.93956590881391, 71.87100182624572, 73.2695659571682, 44.58392515696283, 77.26501251777304, 38.3321927245187, 50.803429940022724, 81.20378647766249, 56.65024462177505, 74.17582349559538, 45.498235484871245, 27.272765102380028, 63.038890538621295, 70.67130230209189, 30.918692925589724, 65.41662385377299, 23.755150550699643, 59.028193764108245, 39.436225060697815, 46.01577536319374, 74.53072805090207], [65.88858113732775, 19.224660186865464, 55.927282880205276, 78.67521988311391, 10.632070560937427, 14.048102808947892, 0.0, 58.72626445928546, 73.00605147236553, 68.84252992717764, 68.50721880004198, 61.82409554233802, 14.736614808097132, 20.322148856658366, 36.536367179000486, 24.32614546701551, 59.11064081870929, 72.76813706686482, 71.19049075159892, 32.027338746347986, 78.72437677148042, 38.77547792622366, 55.935450877929085, 69.04993366658762, 63.83866258269262, 76.11867195583876, 56.48881827702667, 35.24481101349666, 50.710516636916836, 58.44221510529996, 38.00158903806556, 59.5348517260927, 17.081936958348507, 63.66581481026838, 27.972492627646854, 49.08231293990223, 67.15335918832996], [30.94405840219412, 77.82279068060234, 42.40987413551492, 45.820584532588335, 52.995792137245196, 54.81650546892517, 58.72626445928546, 0.0, 15.41512418600509, 49.5814892869562, 37.606687488266196, 9.337915638807015, 56.85899392444443, 40.01918995765875, 72.19088265926146, 52.475914623570795, 19.92366205872074, 20.95413865783281, 31.468479397469235, 62.365944673905794, 24.394458818119276, 21.81193902267618, 6.10681395358245, 82.48426156075695, 15.268022194832607, 20.70830849860394, 33.070461057416274, 29.09424685402959, 71.06251404359836, 75.43970783740585, 25.024201335765763, 42.01921021570013, 75.42191086827168, 5.612422660396176, 55.714997653673514, 9.843252462220276, 53.32815072176793], [40.135388098118874, 92.21574267269817, 45.219513245955305, 52.65711216834063, 67.96964602802989, 70.00421187035336, 73.00605147236553, 15.41512418600509, 0.0, 48.4343932188815, 34.73126335136823, 11.832915076025383, 69.4717626288941, 55.032638367844996, 82.00200651644938, 63.6182393938203, 21.530920875706812, 10.909427320718827, 26.017281840838923, 72.26335865751889, 10.55675149622035, 34.61170655710422, 20.7013444072164, 86.4209288891367, 23.86759362279881, 6.699817487686628, 45.324747594838485, 44.50391975868148, 77.79833603774726, 80.91913384781955, 40.43526935787462, 43.47056322422013, 89.92570469069939, 12.97921514311684, 66.15778104354516, 24.125317237729853, 53.33960978991906], [80.06588542372204, 84.94570892587632, 13.023088983311675, 95.3211993465792, 71.06634742465855, 75.2422990284194, 68.84252992717764, 49.5814892869562, 48.4343932188815, 0.0, 13.896057017894153, 41.451906697477305, 56.66262719419122, 62.524444681791735, 53.831521105773454, 46.390843650936404, 29.701197649376187, 38.28416539504148, 23.29318927964833, 46.96298204484632, 43.06966289544499, 42.792615659288636, 54.309742270146586, 41.567993258209874, 64.84733238488793, 44.41674068493407, 79.5938893322754, 63.69852512611083, 40.54724413294647, 39.82755695702217, 61.01636567044516, 9.994564423151795, 83.94481079516393, 53.444483820223105, 45.08789642725833, 46.77371357599536, 5.825082074353717], [68.52380760281079, 86.24065173496955, 16.61927801655461, 83.35947360919897, 68.62141889689272, 72.37347322268336, 68.50721880004198, 37.606687488266196, 34.73126335136823, 13.896057017894153, 0.0, 28.82731085084746, 58.44411732111553, 58.245804900136335, 60.93558733095685, 48.964192184888766, 17.948391865523625, 24.413363709844774, 9.456107608068082, 52.63611879285439, 29.20852101580287, 35.97647942433689, 42.903813628394886, 54.52190221121034, 52.6935199462808, 30.52719003329281, 69.31707434180638, 56.28316827254349, 50.575451114134445, 51.3490827009128, 53.0494444146762, 12.922498648352354, 84.8087809541854, 40.84529533130314, 49.006103342326156, 36.712205962924415, 19.28923438647472], [40.065145828310115, 81.04746560606678, 35.802733772467874, 54.59202703859196, 57.477126838622496, 59.87517753837298, 61.82409554233802, 9.337915638807015, 11.832915076025383, 41.451906697477305, 28.82731085084746, 0.0, 57.71644980741361, 44.70954912561607, 70.3371055318533, 51.789930530808746, 11.984461565249537, 12.568006446105622, 22.187899445198234, 60.566467354041215, 17.40240760442138, 23.126321893091074, 15.322612639849101, 76.76346081742932, 23.927625012599627, 14.373925189539717, 42.37802855274252, 35.99976302688757, 66.94051515129814, 70.55340941423329, 31.995815572700455, 34.77438728402765, 78.84491840992098, 12.03829307251032, 54.379515943589986, 14.098890063144806, 45.644705197960924], [70.79857230353059, 28.284811730437525, 44.1576456679469, 85.04063439313697, 22.910872929973905, 27.269451960127217, 14.736614808097132, 56.85899392444443, 69.4717626288941, 56.66262719419122, 58.44411732111553, 57.71644980741361, 0.0, 25.97439626619411, 23.270623439477067, 10.40989526927477, 52.328075324553616, 67.08566796573655, 62.67281938720881, 17.417772517968054, 73.39875515034447, 35.158686118031966, 55.55609455729199, 54.36985407993791, 65.26803207950145, 71.37256679906406, 62.80711491217408, 39.88676506233, 36.05636897883528, 43.770324182475605, 41.37417357540176, 48.01117748002549, 27.34981652796401, 62.29514164298256, 13.382416799205583, 47.04455831358916, 54.28507211545571], [45.94754552685794, 38.50488197060875, 49.76486709079323, 59.48116711242338, 12.977466754464668, 15.20215022492174, 20.322148856658366, 40.01918995765875, 55.032638367844996, 62.524444681791735, 58.245804900136335, 44.70954912561607, 25.97439626619411, 0.0, 48.610998157380685, 29.441847567732037, 44.937634322390714, 56.6689238453186, 58.47927935275615, 40.747465069609056, 62.086672390480395, 23.298379183798982, 36.4614698523237, 74.87412098255088, 43.6416594874751, 59.03733555393469, 37.16928554847224, 14.988986040910087, 57.62096961813271, 64.77907388736024, 17.69811558107703, 52.54475441859603, 35.91130107855517, 44.52051834852266, 34.196239136000294, 30.948546261824156, 62.56584209426621], [91.37594466059444, 41.84636642418963, 44.36949802361172, 106.3020739254705, 45.9482216660346, 50.131335465563616, 36.536367179000486, 72.19088265926146, 82.00200651644938, 53.831521105773454, 60.93558733095685, 70.3371055318533, 23.270623439477067, 48.610998157380685, 0.0, 20.67141994971334, 61.66710915221606, 76.7813527724329, 67.93529686687408, 9.829160439945598, 83.21080299170103, 50.96536548749402, 72.48703172051124, 35.30874136297906, 83.34023405337535, 82.14949864620164, 84.40486996469903, 61.36593379957796, 18.133828785012252, 25.227504311604793, 62.087773032682534, 48.25583446940187, 42.466496878419285, 77.80300093821239, 16.638956636612377, 63.01068944074849, 49.44430127033325], [70.7271480128708, 38.59622436735094, 34.074873808183014, 85.73942865449308, 30.539014574512954, 35.09599458075393, 24.32614546701551, 52.475914623570795, 63.6182393938203, 46.390843650936404, 48.964192184888766, 51.789930530808746, 10.40989526927477, 29.441847567732037, 20.67141994971334, 0.0, 44.821807063224405, 59.92393811729749, 53.93214297360941, 11.579174677111839, 66.34600128659025, 30.826797057380503, 52.25318611671498, 46.28702721628648, 62.88060267076659, 64.71139587787754, 63.990921450806376, 41.0415652506824, 28.441431624440938, 35.87618683825321, 41.52743939588752, 37.99104953886463, 37.74532706392179, 58.06771792253376, 4.754437906028929, 42.98622551903942, 43.892247389564844], [50.6953017239136, 78.02599974239797, 23.990726090275356, 65.73741620542101, 56.80069489163552, 59.93956590881391, 59.11064081870929, 19.92366205872074, 21.530920875706812, 29.701197649376187, 17.948391865523625, 11.984461565249537, 52.328075324553616, 44.937634322390714, 61.66710915221606, 44.821807063224405, 0.0, 15.18478104383558, 14.059858919342991, 52.13703697378203, 21.6335274270869, 21.63955344147789, 24.99267198493617, 65.13357403775811, 35.1702796770373, 20.5220494036509, 51.41120488031328, 40.03264142036252, 56.33484993366216, 59.395322153503216, 36.44942774767512, 22.79768483255123, 76.12920016956384, 23.810489871507176, 46.60274939037268, 19.103151640457547, 33.70475300860437], [49.73497803138072, 91.90832975412901, 36.7511892891322, 63.02226889185077, 69.23028931760278, 71.87100182624572, 72.76813706686482, 20.95413865783281, 10.909427320718827, 38.28416539504148, 24.413363709844774, 12.568006446105622, 67.08566796573655, 56.6689238453186, 76.7813527724329, 59.92393811729749, 15.18478104383558, 0.0, 15.32588556885128, 67.2968347822766, 6.448819201783731, 34.111081330242975, 27.042941178400337, 77.61526948621129, 33.22692032981745, 6.204027819897306, 53.61349871412121, 48.55708434612103, 70.55606970993281, 72.92819372240629, 44.560732421743964, 34.43859606824649, 89.84999299305169, 21.189895588228854, 61.78415939959335, 26.56953086907414, 43.46504905895808], [62.22967797588523, 89.65480458191345, 24.53444554206118, 76.5033545953606, 69.8934024099183, 73.2695659571682, 71.19049075159892, 31.468479397469235, 26.017281840838923, 23.29318927964833, 9.456107608068082, 22.187899445198234, 62.67281938720881, 58.47927935275615, 67.93529686687408, 53.93214297360941, 14.059858919342991, 15.32588556885128, 0.0, 59.104505467911395, 19.77647519596179, 35.27637759033756, 37.26319307521994, 63.853025532314305, 45.94909126193151, 21.295492077037512, 64.26516964683795, 54.08954364948078, 58.97214213916643, 60.268457962776026, 50.48117686504827, 21.352477751332074, 87.97276598852284, 33.78648187354772, 54.69132350525759, 32.849530018284376, 28.745007558207256], [82.12939390231159, 41.79163838616922, 36.330666424635965, 97.23559576910306, 40.143215214538984, 44.58392515696283, 32.027338746347986, 62.365944673905794, 72.26335865751889, 46.96298204484632, 52.63611879285439, 60.566467354041215, 17.417772517968054, 40.747465069609056, 9.829160439945598, 11.579174677111839, 52.13703697378203, 67.2968347822766, 59.104505467911395, 0.0, 73.73974446390402, 41.20986182301939, 62.72855574276449, 37.03334130881602, 73.65651992905542, 72.56307007613304, 75.55227789738754, 52.61942103457231, 18.685630102956637, 26.423491010040472, 53.04672992942753, 40.30927740145702, 41.73345113469741, 67.97777990615792, 7.075119529440121, 53.21867859104261, 43.206571924987045], [50.68031873969023, 97.90814364892103, 42.6672610324931, 62.91458131485731, 74.79963404824217, 77.26501251777304, 78.72437677148042, 24.394458818119276, 10.55675149622035, 43.06966289544499, 29.20852101580287, 17.40240760442138, 73.39875515034447, 62.086672390480395, 83.21080299170103, 66.34600128659025, 21.6335274270869, 6.448819201783731, 19.77647519596179, 73.73974446390402, 0.0, 39.965437215904714, 30.237964676764104, 83.2062143729151, 34.41902724034955, 3.9013576530320653, 55.752872616911866, 53.06005216250736, 76.71794214903143, 78.8714067782663, 49.00781622796923, 40.12208098316603, 95.7971763662519, 23.17138547605498, 68.23130078004915, 31.446756107266193, 48.484135515482], [43.03337874779755, 57.982793351487665, 31.35106139593019, 58.7323054299166, 35.336767517061716, 38.3321927245187, 38.77547792622366, 21.81193902267618, 34.61170655710422, 42.792615659288636, 35.97647942433689, 23.126321893091074, 35.158686118031966, 23.298379183798982, 50.96536548749402, 30.826797057380503, 21.63955344147789, 34.111081330242975, 35.27637759033756, 41.20986182301939, 39.965437215904714, 0.0, 21.521859049684714, 66.21437682228921, 32.54992502213809, 37.35421778386804, 39.2095492462852, 20.90639769524193, 52.26350019647284, 57.759604464954876, 18.377299376592816, 33.03202946099613, 55.83822630560492, 27.349095649240102, 34.3462981156793, 12.166136827404628, 44.32237321345957], [25.764359989368963, 74.78934736108425, 46.1795480133515, 41.088297540531464, 49.373744703441076, 50.803429940022724, 55.935450877929085, 6.10681395358245, 20.7013444072164, 54.309742270146586, 42.903813628394886, 15.322612639849101, 55.55609455729199, 36.4614698523237, 72.48703172051124, 52.25318611671498, 24.99267198493617, 27.042941178400337, 37.26319307521994, 62.72855574276449, 30.237964676764104, 21.521859049684714, 0.0, 85.30493467037772, 11.534037894205518, 26.465854979685872, 27.066511006552837, 24.232566053053905, 72.86988609167429, 77.72862932746418, 20.225427320793717, 46.20771226419413, 72.27881627332437, 8.312754586415586, 55.86419018859675, 9.71518119544699, 57.70806216061847], [109.16426854082277, 77.08954270097608, 41.20512117823937, 124.89942064674842, 76.6798331975437, 81.20378647766249, 69.04993366658762, 82.48426156075695, 86.4209288891367, 41.567993258209874, 54.52190221121034, 76.76346081742932, 54.36985407993791, 74.87412098255088, 35.30874136297906, 46.28702721628648, 65.13357403775811, 77.61526948621129, 63.853025532314305, 37.03334130881602, 83.2062143729151, 66.21437682228921, 85.30493467037772, 0.0, 96.82617221696701, 83.79918926774039, 105.06620670582626, 83.66419845164154, 18.351947797360598, 10.609885955121474, 82.79592077858231, 43.178340733438574, 77.55771646154952, 87.56720043541738, 41.78976599047997, 75.8408056568023, 35.74671333127075], [16.51126755348739, 82.06507324845461, 57.4108515351419, 30.670748755176437, 56.03167282973381, 56.65024462177505, 63.83866258269262, 15.268022194832607, 23.86759362279881, 64.84733238488793, 52.6935199462808, 23.927625012599627, 65.26803207950145, 43.6416594874751, 83.34023405337535, 62.88060267076659, 35.1702796770373, 33.22692032981745, 45.94909126193151, 73.65651992905542, 34.41902724034955, 32.54992502213809, 11.534037894205518, 96.82617221696701, 0.0, 30.53694984587054, 21.913271926634554, 29.400952701741122, 84.33084861216408, 89.25420669948637, 26.019609892761533, 57.201225053942835, 79.3994805806563, 12.218218506053333, 66.70267577330672, 21.17800586197101, 68.56918053883908], [46.83441138429498, 95.33379639523832, 42.866701685837825, 59.248168899884114, 71.83874894457546, 74.17582349559538, 76.11867195583876, 20.70830849860394, 6.699817487686628, 44.41674068493407, 30.52719003329281, 14.373925189539717, 71.37256679906406, 59.03733555393469, 82.14949864620164, 64.71139587787754, 20.5220494036509, 6.204027819897306, 21.295492077037512, 72.56307007613304, 3.9013576530320653, 37.35421778386804, 26.465854979685872, 83.79918926774039, 30.53694984587054, 0.0, 51.85241129679381, 49.566824446304395, 76.48234676548313, 79.00616631579265, 45.503285100269125, 40.62085352727008, 93.16283694951076, 19.28339718395759, 66.82965347586394, 28.206007742155204, 49.64278754535655], [10.953037023595414, 72.12452137797486, 69.69073470070714, 22.31287025988897, 46.61033128765933, 45.498235484871245, 56.48881827702667, 33.070461057416274, 45.324747594838485, 79.5938893322754, 69.31707434180638, 42.37802855274252, 62.80711491217408, 37.16928554847224, 84.40486996469903, 63.990921450806376, 51.41120488031328, 53.61349871412121, 64.26516964683795, 75.55227789738754, 55.752872616911866, 39.2095492462852, 27.066511006552837, 105.06620670582626, 21.913271926634554, 51.85241129679381, 0.0, 23.0558886883814, 89.91492052500664, 96.09268700248919, 22.640041142361337, 70.59681153620616, 69.24796324166974, 32.64107306420713, 68.53083131626573, 32.856534170226205, 82.20798458467264], [31.089703239254504, 52.84440400632657, 52.05809010572616, 45.17577552256144, 26.716037759147856, 27.272765102380028, 35.24481101349666, 29.09424685402959, 44.50391975868148, 63.69852512611083, 56.28316827254349, 35.99976302688757, 39.88676506233, 14.988986040910087, 61.36593379957796, 41.0415652506824, 40.03264142036252, 48.55708434612103, 54.08954364948078, 52.61942103457231, 53.06005216250736, 20.90639769524193, 24.232566053053905, 83.66419845164154, 29.400952701741122, 49.566824446304395, 23.0558886883814, 0.0, 67.67999172421344, 74.22183826602328, 4.071290807223055, 53.910940416238454, 50.127192784975435, 32.54427521064375, 45.642299685842886, 22.07624167519278, 65.09458127456783], [95.11835913860166, 59.255745827498316, 34.44916420541202, 110.69337898447452, 58.542068006885934, 63.038890538621295, 50.710516636916836, 71.06251404359836, 77.79833603774726, 40.54724413294647, 50.575451114134445, 66.94051515129814, 36.05636897883528, 57.62096961813271, 18.133828785012252, 28.441431624440938, 56.33484993366216, 70.55606970993281, 58.97214213916643, 18.685630102956637, 76.71794214903143, 52.26350019647284, 72.86988609167429, 18.351947797360598, 84.33084861216408, 76.48234676548313, 89.91492052500664, 67.67999172421344, 0.0, 7.744210404344263, 67.31871003908063, 37.73348533389513, 59.55573146402481, 76.49426718186291, 23.79523095481851, 63.165159437340115, 35.29918758055431], [100.7860709448112, 66.77910485694656, 36.20501189201081, 116.45754226285608, 66.1590267652647, 70.67130230209189, 58.44221510529996, 75.43970783740585, 80.91913384781955, 39.82755695702217, 51.3490827009128, 70.55340941423329, 43.770324182475605, 64.77907388736024, 25.227504311604793, 35.87618683825321, 59.395322153503216, 72.92819372240629, 60.268457962776026, 26.423491010040472, 78.8714067782663, 57.759604464954876, 77.72862932746418, 10.609885955121474, 89.25420669948637, 79.00616631579265, 96.09268700248919, 74.22183826602328, 7.744210404344263, 0.0, 73.61276186976923, 38.95034065069639, 67.15535592288282, 80.73217743418229, 31.309817127123928, 68.09774530519462, 34.17316713555764], [29.47163385473972, 56.04634711320384, 49.726983956497925, 44.21836705761486, 30.03310413353082, 30.918692925589724, 38.00158903806556, 25.024201335765763, 40.43526935787462, 61.01636567044516, 53.0494444146762, 31.995815572700455, 41.37417357540176, 17.69811558107703, 62.087773032682534, 41.52743939588752, 36.44942774767512, 44.560732421743964, 50.48117686504827, 53.04672992942753, 49.00781622796923, 18.377299376592816, 20.225427320793717, 82.79592077858231, 26.019609892761533, 45.503285100269125, 22.640041142361337, 4.071290807223055, 67.31871003908063, 73.61276186976923, 0.0, 51.353310149220995, 53.38101900520103, 28.537592991056865, 45.99670125260292, 18.159776886852327, 62.69546127281842], [71.79210018808266, 76.23551361003882, 3.9996074725262973, 87.28205184779908, 61.295668124875725, 65.41662385377299, 59.5348517260927, 42.01921021570013, 43.47056322422013, 9.994564423151795, 12.922498648352354, 34.77438728402765, 48.01117748002549, 52.54475441859603, 48.25583446940187, 37.99104953886463, 22.79768483255123, 34.43859606824649, 21.352477751332074, 40.30927740145702, 40.12208098316603, 33.03202946099613, 46.20771226419413, 43.178340733438574, 57.201225053942835, 40.62085352727008, 70.59681153620616, 53.910940416238454, 37.73348533389513, 38.95034065069639, 51.353310149220995, 0.0, 75.07384528813597, 46.424241771296664, 37.34715204677189, 38.01139005473545, 11.621066231461867], [79.43190651412354, 2.9117151174986775, 71.29580954313784, 90.76514241913898, 23.412735414468845, 23.755150550699643, 17.081936958348507, 75.42191086827168, 89.92570469069939, 83.94481079516393, 84.8087809541854, 78.84491840992098, 27.34981652796401, 35.91130107855517, 42.466496878419285, 37.74532706392179, 76.12920016956384, 89.84999299305169, 87.97276598852284, 41.73345113469741, 95.7971763662519, 55.83822630560492, 72.27881627332437, 77.55771646154952, 79.3994805806563, 93.16283694951076, 69.24796324166974, 50.127192784975435, 59.55573146402481, 67.15535592288282, 53.38101900520103, 75.07384528813597, 0.0, 80.20075480044484, 40.09466790671628, 65.89786438995786, 81.63392802190084], [28.68449232996298, 82.66038514393264, 47.10729897836991, 42.72413420598244, 57.4760005037153, 59.028193764108245, 63.66581481026838, 5.612422660396176, 12.97921514311684, 53.444483820223105, 40.84529533130314, 12.03829307251032, 62.29514164298256, 44.52051834852266, 77.80300093821239, 58.06771792253376, 23.810489871507176, 21.189895588228854, 33.78648187354772, 67.97777990615792, 23.17138547605498, 27.349095649240102, 8.312754586415586, 87.56720043541738, 12.218218506053333, 19.28339718395759, 32.64107306420713, 32.54427521064375, 76.49426718186291, 80.73217743418229, 28.537592991056865, 46.424241771296664, 80.20075480044484, 0.0, 61.32571925735954, 15.25818673408798, 57.50765825408748], [75.05441900869361, 40.64205099211083, 33.358043425719906, 90.17241309616085, 34.9004411834156, 39.436225060697815, 27.972492627646854, 55.714997653673514, 66.15778104354516, 45.08789642725833, 49.006103342326156, 54.379515943589986, 13.382416799205583, 34.196239136000294, 16.638956636612377, 4.754437906028929, 46.60274939037268, 61.78415939959335, 54.69132350525759, 7.075119529440121, 68.23130078004915, 34.3462981156793, 55.86419018859675, 41.78976599047997, 66.70267577330672, 66.82965347586394, 68.53083131626573, 45.642299685842886, 23.79523095481851, 31.309817127123928, 45.99670125260292, 37.34715204677189, 40.09466790671628, 61.32571925735954, 0.0, 46.427571742782185, 42.06992382976049], [33.9879157256085, 68.24286911055897, 37.52280235194945, 49.659078526940164, 43.85804562499685, 46.01577536319374, 49.08231293990223, 9.843252462220276, 24.125317237729853, 46.77371357599536, 36.712205962924415, 14.098890063144806, 47.04455831358916, 30.948546261824156, 63.01068944074849, 42.98622551903942, 19.103151640457547, 26.56953086907414, 32.849530018284376, 53.21867859104261, 31.446756107266193, 12.166136827404628, 9.71518119544699, 75.8408056568023, 21.17800586197101, 28.206007742155204, 32.856534170226205, 22.07624167519278, 63.165159437340115, 68.09774530519462, 18.159776886852327, 38.01139005473545, 65.89786438995786, 15.25818673408798, 46.427571742782185, 0.0, 49.626429489413574], [83.35427532703243, 82.4585137622264, 13.060503238678415, 98.79621497974904, 70.22179719887622, 74.53072805090207, 67.15335918832996, 53.32815072176793, 53.33960978991906, 5.825082074353717, 19.28923438647472, 45.644705197960924, 54.28507211545571, 62.56584209426621, 49.44430127033325, 43.892247389564844, 33.70475300860437, 43.46504905895808, 28.745007558207256, 43.206571924987045, 48.484135515482, 44.32237321345957, 57.70806216061847, 35.74671333127075, 68.56918053883908, 49.64278754535655, 82.20798458467264, 65.09458127456783, 35.29918758055431, 34.17316713555764, 62.69546127281842, 11.621066231461867, 81.63392802190084, 57.50765825408748, 42.06992382976049, 49.626429489413574, 0.0]]",Route_1,1913.2119127150952
