instance_id,num_cities,city_coordinates,distance_matrix,best_route,total_distance
286,100,"[[64.05631772857647, 77.84288923209049], [89.06819633340449, 76.06598594707108], [76.34266408667898, 81.9385203961576], [73.98548720702027, 69.79734611264055], [69.03606754355792, 12.176305139222388], [43.31950218795296, 63.24869768388821], [66.04125670223483, 48.236584332150066], [68.8594287812259, 82.90736495252884], [53.406241235823096, 31.02701167219576], [88.3043938326622, 53.07806425705744], [46.70853379212957, 64.96941049327573], [74.34558825983457, 56.61196219878825], [71.07984815661787, 13.391536691045236], [48.84671551332408, 12.62274214541722], [94.28840647064692, 24.86483391768388], [80.06937661352086, 54.578608124593764], [76.08442933533752, 43.132327781287685], [97.07177529580805, 71.07710012655926], [57.73761410043227, 8.93482548934903], [26.48951891935145, 14.0711679663577], [63.58898243375384, 20.983054923530275], [29.744423216738614, 93.42412972018323], [1.4569120671127034, 68.44694686089193], [13.44494511835046, 88.90168434685299], [1.4701429174117764, 71.92783095321992], [85.24700118236059, 0.7668264367917232], [19.23940938158809, 1.1677317243315999], [31.589071631460154, 58.400093297139044], [7.259308846020951, 14.599333330235186], [22.65338668771801, 0.4807631112311084], [2.0278890483295564, 27.722654439393523], [6.675239061917193, 20.66941033816064], [97.41984519786051, 50.56173744958776], [10.466585512288784, 52.74835630930635], [30.843401171114206, 60.108845370312515], [75.52230474435487, 43.07375880083855], [87.34691453986518, 23.027447799042744], [54.88160580235999, 49.50685521196324], [49.29304005031949, 98.2776030721723], [49.235205070462186, 18.64658243004148], [76.61892925405931, 87.51467541829258], [65.32223408023292, 43.22380676047348], [40.48018548724453, 5.5590121898816625], [89.01982426026301, 33.96470425842113], [18.33234334625182, 95.50694784596868], [68.75240683502703, 47.912377397548624], [79.6114705364745, 88.17183861114093], [33.378507825247226, 44.95715719118266], [85.57266972092235, 45.426831348391175], [37.634639023319274, 17.703536053528335], [51.780936208015035, 74.66187326965661], [26.947783781558023, 53.96445847665734], [69.464259910999, 95.03381757211935], [15.74277657337796, 84.95682997033241], [90.96735088173416, 86.98743540143153], [41.55291758594418, 77.76659239136538], [74.5415550750886, 54.4739251171159], [47.88491278956426, 61.651378400167204], [69.93423826229736, 52.20446477293626], [67.43315618349988, 65.80380353905683], [36.90522612492765, 10.323007669877992], [52.28474670536739, 97.636482933107], [10.169379895340247, 23.497610325716188], [59.82494197031888, 40.8570777535194], [94.60737882558657, 83.03920470689057], [38.09042178866777, 0.6609403168869599], [40.69756187822168, 97.3721651283583], [77.90789318150357, 45.03790068412332], [47.02826615134781, 78.99793926067593], [91.61810536230604, 92.91944597705502], [87.4771467956281, 86.73827696551923], [13.659503351081536, 95.49720579244978], [3.2276427380238615, 34.43186865311929], [30.43312677977612, 56.44054202828155], [57.78159566408975, 84.63290828864697], [27.508044866783045, 17.197265330821708], [26.900025732392574, 3.870267509419145], [71.07218822970377, 90.61576003836848], [78.25221354526818, 9.980851516997324], [53.54633064729107, 98.715987952362], [54.36235109684785, 60.833774759595535], [97.52696101885952, 49.449737431424126], [23.904480944663888, 72.57699881815637], [92.63224120489791, 92.03005043053238], [89.87130824907659, 5.662618617500248], [45.38278736761562, 51.5341599197161], [53.064301334925325, 1.9971851590617207], [35.61100708902485, 11.671752046981576], [30.3951866148537, 81.37647082635945], [5.468469727754988, 44.20376678171532], [86.84931798170479, 23.650335684978707], [37.16544882267837, 60.062144498262946], [41.787005709674396, 29.121029479455174], [21.645684856782342, 41.73936417194081], [79.82107825740411, 45.196335982101246], [88.4649760156615, 22.997295628956238], [99.82823563819339, 81.59162497529843], [2.9892331448050036, 85.96106451000966], [58.353843214813615, 15.92714479728443], [32.00257057805549, 17.36192049750772]]","[[0.0, 25.07491688175588, 12.951003878593214, 12.779638907989066, 65.85513020749048, 25.35756190392648, 29.672769883470334, 6.979884677198661, 48.01198309801995, 34.65928087530891, 21.602593880003408, 23.5928241369875, 64.83291466565208, 66.97013950674962, 60.99716005360207, 28.24260664848989, 36.73552157047259, 33.70157771669145, 69.19716225622292, 74.01416625192171, 56.86175480826025, 37.68396423068133, 63.300626554651, 51.80548220875307, 62.86507131894548, 79.93600266002372, 88.81235867052507, 37.84368352709444, 85.0038092153298, 87.7445226593309, 79.74687392127386, 81.00243748051031, 43.09740372428045, 59.17427635067555, 37.65095135510411, 36.610944937155175, 59.55824476364207, 29.784327471320676, 25.209757982403403, 61.023504647199914, 15.854420720158902, 34.64222012784416, 76.03152564373502, 50.48239074113962, 49.01735202997002, 30.296679546996135, 18.672171115112576, 44.97331867153232, 38.90699438118897, 65.68749429183363, 12.680845950826797, 44.12734692952927, 18.021483175378002, 48.83447974313107, 28.422287557717134, 22.50352948289063, 25.613447366952826, 22.884041616851636, 26.303588320769, 12.503704342108266, 72.77441982898202, 23.02946451733901, 76.53242063632038, 37.22707068164202, 30.989821371974546, 81.43267765652345, 30.447070333761697, 35.60945683607641, 17.067181404241737, 31.41583519263723, 25.053206523638547, 53.39956734481148, 74.73047844630825, 39.856987284689225, 9.245349954163812, 70.80725914448496, 82.78006281364557, 14.572874374071054, 69.33094273759079, 23.369768476281195, 19.577613853468076, 43.891400426974904, 40.4956738303429, 31.903901726828867, 76.65771456004275, 32.26220659182372, 76.63807963885674, 72.02607231934205, 33.84609204529515, 67.55831919607456, 58.79076220373133, 32.23776843709461, 53.56997177104615, 55.696735113963015, 36.253622076085925, 60.03183936092451, 35.967806863982915, 61.60433093058082, 62.177790443986765, 68.44991077761249], [25.07491688175588, 0.0, 14.015200027761237, 16.33352258286384, 66.956534390467, 47.510271462449, 36.1208463774328, 21.335387333589804, 57.44810044827238, 23.000607337336547, 43.78898260307566, 24.397012695957237, 65.20481009615365, 75.11865749223816, 51.466577144914055, 23.29562538411143, 35.400622108103754, 9.431132378327264, 74.0823736624135, 88.08773083326585, 60.69035863370973, 61.81112530965345, 87.94195180564115, 76.70483216685462, 87.69574270752399, 75.39605397722653, 102.40023424180376, 60.13263290111776, 102.32713939049678, 100.61835245826853, 99.564515734982, 99.28433913329363, 26.836853954525857, 81.98734704573685, 60.371823784585935, 35.664803812875356, 53.06646153544277, 43.29099672613061, 45.55676670546238, 69.88315314297938, 16.913212037378518, 40.52751481467416, 85.62726286868894, 42.101309477075795, 73.35878882161607, 34.71825135720588, 15.361683876531504, 63.789502527443915, 30.837906881310527, 77.79194286779388, 37.313687837968175, 65.93499201590197, 27.278067376738722, 73.86246875396226, 11.085343755725, 47.54570197953994, 26.023842858661183, 43.633058042997625, 30.585626431553926, 23.945507930786135, 83.9232664624413, 42.64162880053865, 94.80747518416054, 45.7693690356998, 8.905522025911502, 91.02007692824785, 52.85519415253373, 32.97414807886757, 42.142046461288025, 17.045267702149467, 10.790237912766681, 77.87196724098911, 95.40440432395116, 61.8322685219327, 32.43830359078226, 85.17733569199848, 95.27383269610411, 23.14200150756738, 66.96439708019615, 42.12867826863269, 37.90139774788888, 27.928039405776058, 65.25705199019123, 16.357070968792947, 70.4079478474666, 50.102150101015, 82.35573875107508, 83.69162706919285, 58.912845111115665, 89.46572136120349, 52.46259442247997, 54.314069450564794, 66.62837176866815, 75.65786156314553, 32.2249046805612, 53.07211854478502, 12.095913876630874, 86.64583361818958, 67.52815488618629, 81.86973154442471], [12.951003878593214, 14.015200027761237, 0.0, 12.36787757963076, 70.14380251026395, 37.945206479943295, 35.24116185035238, 7.545692175750983, 55.83960255717538, 31.241141257528728, 34.14868034361525, 25.40517392152439, 68.74871785409998, 74.57013009546375, 59.82854968954919, 27.612554857625717, 38.80705181341639, 23.402275568698062, 75.33715786407878, 84.20993770871284, 62.275397764195944, 47.992866904542446, 76.09138198241281, 63.28197771580071, 75.53878692013335, 81.65862550488153, 98.9176526237014, 50.566209942447045, 96.47318843080829, 97.5597495359258, 91.98937933502049, 92.77636529245876, 37.79881045310425, 72.05361481394623, 50.465013995774264, 38.87341872425842, 59.93002588501848, 38.88945781703084, 31.601388944191058, 68.85262337647393, 5.58299447192892, 40.25268847443612, 84.3797762803829, 49.6205343067167, 59.575997984658386, 34.86244989251389, 7.038419678838975, 56.688093527256676, 37.66027670011136, 74.9962960272273, 25.61694887743567, 56.76620773517693, 14.791864389953128, 60.67500769930147, 15.471684025468644, 35.038998913532886, 27.52358965529736, 34.94870153888284, 30.416804325099992, 18.431180622402426, 81.75630358593092, 28.726458475375647, 88.28501294403881, 44.277760484397405, 18.297849885862593, 89.82916600062592, 38.84289769277203, 36.93380128353238, 29.461516317482698, 18.81275718171949, 12.124948178075531, 64.13280431635881, 87.19339600364593, 52.51506942376236, 18.75561214952027, 81.09408203924076, 92.4079357859513, 10.152458006183258, 71.98300139378512, 28.304703423269544, 30.472027295782677, 38.78524790484585, 53.26726140408289, 19.162184142865605, 77.46636305532977, 43.39284621272266, 83.26163133095568, 81.21875778421702, 45.95091496088845, 80.29360532675811, 59.2275464036319, 44.87126049341414, 63.1171994990604, 67.8802747343787, 36.90646936052847, 60.17489861695908, 23.48813333439497, 73.46364197405516, 68.41856023635376, 78.33378036852162], [12.779638907989066, 16.33352258286384, 12.36787757963076, 0.0, 57.83321811783781, 31.357414329518004, 22.977755479337464, 14.076543217952453, 43.89355530561377, 22.012847901175416, 27.700923268780212, 13.19030028937602, 56.480599100899724, 62.45713074642968, 49.306583564218606, 16.389743630067816, 26.747500082613502, 23.121731510737806, 62.993966354789656, 73.22072066276385, 49.909140804023075, 50.15472706166233, 72.54114549663758, 63.48332832923296, 72.54663412658367, 69.94307931264207, 87.79041524196283, 43.90163351626057, 86.59794162559801, 86.25412003327746, 83.35571733340439, 83.33200812903031, 30.31794477006925, 65.76715689323323, 44.216587771600054, 26.76774041555552, 48.641043663095616, 27.86866171372055, 37.694057662546975, 56.824089004156704, 17.91197294381692, 27.9500438003228, 72.45114759964181, 38.858840858719205, 61.30461681532426, 22.501932935645627, 19.21649455547872, 47.602119282291, 26.984899267645506, 63.52282432440594, 22.731161640549104, 49.6308963694533, 25.638271938400518, 60.18324760916289, 24.16366825676874, 33.39731214449626, 15.333507181332779, 27.342215983599747, 18.05331248954147, 7.673423234047079, 70.08667986943323, 35.297870718057894, 78.8426349531449, 32.218941231806724, 24.507330188292805, 77.89928322996892, 43.22564766947119, 25.06821506522523, 28.484077680698498, 29.078182975386696, 21.656869963521746, 65.57215198351251, 79.10366331490971, 45.554498286475855, 21.969524487644414, 70.1920304930976, 81.01493921144409, 21.02126707204339, 59.96847487935735, 35.41252556267639, 21.573434640767843, 31.11633282180642, 50.15808666021323, 29.017142794289235, 66.0728581268901, 33.93609299876026, 70.95461819801402, 69.65045161240663, 45.10200034201691, 73.14104857890887, 47.9064162050393, 38.08529082332169, 51.87778855712798, 59.3860695840919, 25.28366710645862, 48.98877750500585, 28.406912193461633, 72.81300627838455, 56.09230681346674, 67.171713898893], [65.85513020749048, 66.956534390467, 70.14380251026395, 57.83321811783781, 0.0, 57.18156183531137, 36.184425205427814, 70.73128037555868, 24.48756025418303, 45.2130766141477, 57.32042163439962, 44.75174441909406, 2.3777777269680773, 20.19428734571259, 28.26091618915459, 43.81425803886859, 31.748302974550906, 65.23269547788031, 11.754243511473675, 42.588722744003775, 10.355171556128674, 90.2498881608385, 87.93933917580944, 94.74785858819774, 90.19644675754625, 19.823485407538275, 50.99897893812304, 59.48878965409049, 61.824258837354066, 47.83449369130197, 68.78797105462056, 62.93652170907481, 47.7397135263978, 71.24938990306562, 61.28791216579226, 31.57093466777188, 21.284605111346274, 39.92391208181443, 88.33584006697039, 20.8311939863883, 75.71901893201519, 31.268832979740417, 29.31257351362168, 29.564926326476044, 97.54416262081443, 35.73719804139488, 76.72783234357712, 48.435997216093334, 37.13565274448578, 31.884165265719542, 64.82426846474992, 59.309977148736124, 82.85861883516529, 90.20631716861124, 77.959517699692, 71.11546465721302, 42.654414176660964, 53.806637337815914, 40.03823515468785, 53.65144834440585, 32.184245863140006, 87.08644405638782, 59.945465765131516, 30.123604566502124, 75.3355327572576, 33.018731322972286, 89.78532988541471, 34.03812203848448, 70.35249895192331, 83.84153639101233, 76.80860008232553, 100.04467175931183, 69.46984153362328, 58.73252678867812, 73.3254558611056, 41.830451930242795, 42.946900710295516, 78.46587712071869, 9.47403629569684, 87.91500810734411, 50.821917557447456, 46.9152402302528, 75.39962802182704, 83.2670405893324, 21.829690042695677, 45.91860620711453, 18.93968847140111, 33.42886836571169, 79.25768486445664, 71.18003787111265, 21.188800535591643, 57.52208227082462, 32.087926916416485, 55.855374231769616, 34.73670814804489, 22.239071914005066, 75.93842402837326, 99.02714299373315, 11.321603894771611, 37.39479247352447], [25.35756190392648, 47.510271462449, 37.945206479943295, 31.357414329518004, 57.18156183531137, 0.0, 27.233098896246148, 32.22966101542014, 33.7635802908389, 46.12030204355993, 3.800840405291726, 31.72797306540383, 57.06464150913622, 50.926785303290075, 63.80556559894248, 37.7587569083146, 38.44748091919248, 54.31934046972459, 56.19500568454027, 51.977666030132625, 46.8746881310277, 33.08835849134505, 42.18409944673102, 39.377212761128554, 42.73986693546965, 75.24559393389619, 66.58751537664378, 12.69298883399428, 60.556570212256936, 66.0825388464034, 54.471066303883084, 56.17648734942565, 55.5680310410255, 34.49016241018428, 12.865137742497424, 38.000640144889594, 59.63356421265203, 17.958855044614758, 35.53459395145081, 44.992713029017885, 41.20302802389097, 29.750906998244794, 57.75951464238867, 54.27772755427098, 40.80383328193282, 29.699080098756475, 44.025786992282015, 20.81835302120785, 45.85792282964309, 45.898577506674584, 14.207619175197639, 18.821005850787405, 41.1563142507441, 35.09585164926644, 53.23387223909022, 14.624981637371315, 32.431670016909, 4.83677608076411, 28.8152608334258, 24.24864686839397, 53.312959033163786, 35.53723939198737, 51.75982567756775, 27.81751580417269, 54.973725162341225, 62.805817039927184, 34.22405004410793, 39.089511622548805, 16.18003524038793, 56.68428682509898, 50.01657637349612, 43.81417357695082, 49.37374635918806, 14.574280585724766, 25.815433579570097, 48.69021056011401, 61.60679489357485, 38.976501695842344, 63.700531850472416, 36.912283854089864, 11.303820803381276, 55.93621275125366, 21.539736579841332, 57.097394820430175, 74.04881599183577, 11.894853540957534, 62.02184209610199, 52.14980554060217, 22.263290236125428, 42.37227927987236, 58.84619899394222, 6.930115008242364, 34.16205910842913, 30.535320300156272, 40.72165048921855, 60.483792659820026, 59.41127786681821, 46.28587482091054, 49.65239951615213, 47.26171031200231], [29.672769883470334, 36.1208463774328, 35.24116185035238, 22.977755479337464, 36.184425205427814, 27.233098896246148, 0.0, 34.78512789531234, 21.349777679749046, 22.783485307377685, 25.568371994660907, 11.794442633186176, 35.207453031354696, 39.54741460574459, 36.6625174732342, 15.39511006876344, 11.265822272489668, 38.5302770031666, 40.16937550667374, 52.264860442690534, 27.3636348885589, 57.96011024203972, 67.67271477849401, 66.48324865283615, 68.78011269162708, 51.20779760622221, 66.37687698620407, 35.92004970253132, 67.72578570039975, 64.52228858992048, 67.22003092857796, 65.45435915571547, 31.464617477371984, 55.75751217768303, 37.14619248520511, 10.795602782788475, 33.00653905878388, 11.231713863662067, 52.76936912223559, 34.029569259933304, 40.67745808165659, 5.064082593526129, 49.746794124006925, 27.04997463691539, 67.16120666230803, 2.730466110205878, 42.17789987463396, 32.82696767254126, 19.732480997996632, 41.703752410793, 30.027531300933997, 39.51086138285277, 46.922254739977014, 62.276107320556406, 46.07535816072299, 38.36274401879736, 10.543220214684814, 22.57453264549407, 5.558721131641746, 17.62227496180501, 47.81576699298842, 51.27954318321041, 61.10387428646253, 9.64881786491426, 45.02494550929016, 55.17871941095154, 55.28660025280465, 12.290184636988377, 36.16289212337506, 51.48527276957853, 44.066741650937495, 70.55079322697088, 64.31267584406513, 36.5409884712307, 37.32176842020381, 49.47977100211788, 59.16422931340757, 42.67674783266192, 40.157297720922124, 52.00282075975089, 17.17806865758963, 31.509067214949365, 48.66172673256061, 51.2342476253046, 48.78948568490258, 20.919999044099256, 48.02586185060447, 47.570863472978566, 48.6712891705528, 60.70688708252804, 32.20961093758682, 31.20346381316361, 30.881598542441196, 44.868481914312234, 14.111222205120379, 33.761588856132235, 47.477559772222776, 73.47580608184171, 33.21138673984758, 45.95516314803562], [6.979884677198661, 21.335387333589804, 7.545692175750983, 14.076543217952453, 70.73128037555868, 32.22966101542014, 34.78512789531234, 0.0, 54.13291107824851, 35.60749704531939, 28.503199101157247, 26.861611117097127, 69.55128065738761, 73.07829291575719, 63.368512017089465, 30.466069549895217, 40.425910193594014, 30.592346456449345, 74.80395281284011, 80.83088071536967, 62.14819206758241, 40.50414795410525, 68.93622379258419, 55.73775080342101, 68.27785890079477, 83.75930155426157, 95.62172329288276, 44.605895194045445, 91.98131310295534, 94.49414276583946, 86.67068118740184, 87.9797502021183, 43.15016806978381, 65.72130512529877, 44.32821731576261, 40.387004037784486, 62.66890463367178, 36.207369224484246, 24.88147479197088, 67.19046306323925, 9.024253837068084, 39.84089026534142, 82.39022469343008, 52.9322735359982, 52.07433006426326, 34.99515120227641, 11.971678445766488, 51.95299819080461, 41.038065524086754, 72.29472178876964, 18.96478425043464, 50.93405365616632, 12.141526832763502, 53.156176015856126, 22.48126318671063, 27.786203342372218, 28.995638639172157, 29.862137991085778, 30.721707225651162, 17.162927097305772, 79.30674617922038, 22.173565396696503, 83.51072256330761, 43.00986637337566, 25.748287578161825, 87.81347366238515, 31.659456590238577, 38.93547266926568, 22.178441582137943, 24.86361048126122, 19.007769751211484, 56.61745190193602, 81.59292298168218, 46.659119164532946, 11.211417679131403, 77.63861245497836, 89.48438006963036, 8.019704431974086, 73.52891109955583, 22.009169353030394, 26.408495704838117, 44.05950798564081, 46.12660619922303, 25.463110588882714, 80.05154536381167, 39.1845720417379, 82.43751115394043, 78.61278579882153, 38.494695248291876, 74.27235152522523, 61.92763220938453, 39.06932893225607, 60.21533006292581, 62.64137533318875, 39.271866077982935, 63.03644889043925, 30.99674450376747, 65.9409414109908, 67.799094537746, 75.19729573205986], [48.01198309801995, 57.44810044827238, 55.83960255717538, 43.89355530561377, 24.48756025418303, 33.7635802908389, 21.349777679749046, 54.13291107824851, 0.0, 41.281109175658095, 34.5969033690959, 33.061245397597524, 24.9673058098296, 18.960654303806063, 41.34397016453111, 35.575279108195964, 25.706786916649037, 59.25106285920994, 22.512784839504786, 31.81211366820587, 14.302771950677917, 66.73291521178103, 64.023310993772, 70.33052626411273, 66.10775541794385, 43.92622001099105, 45.375643223655686, 35.003921025955734, 48.98375225210795, 43.345257687608026, 51.48450106803109, 47.86508612310652, 48.15394942188002, 48.12100213524015, 36.80808067572326, 25.18420897099756, 34.870651363178894, 18.538643905595645, 67.37626041595828, 13.064171267735945, 61.07114736538089, 17.051471956797794, 28.560495703795336, 35.73453978393787, 73.40191061642675, 22.8171070531983, 62.86688546907436, 24.39588202433451, 35.24250173006946, 20.64602719437037, 43.665120669282274, 35.01680220646454, 65.99038691569244, 65.77964633569634, 67.39737370096677, 48.21918381051832, 31.56674264440068, 31.11811217443551, 26.863715408357155, 37.49906126158804, 26.47525791032053, 66.61891181669063, 43.8875616002132, 11.740098733920693, 66.35361303628444, 34.009889957092874, 67.55138724064875, 28.22474019316777, 48.39306210478312, 72.73802296049924, 65.30368815195831, 75.73776536432526, 50.293983718372154, 34.258013850343524, 53.78416010710411, 29.359469665443687, 37.948230707594284, 62.15226958879019, 32.56168296141915, 67.68912124485081, 29.822093685969243, 47.81249563213531, 50.95836822452727, 72.52620086096456, 44.41906738456081, 22.020875123868947, 29.031840284048233, 26.2925166824863, 55.358618767866986, 49.71576020112734, 34.24696673942551, 33.268638030947756, 11.774523443908897, 33.51846412926792, 29.975212530955734, 35.96652921951338, 68.6424189753392, 74.56289201766192, 15.889768562900949, 25.39393302422291], [34.65928087530891, 23.000607337336547, 31.241141257528728, 22.012847901175416, 45.2130766141477, 46.12030204355993, 22.783485307377685, 35.60749704531939, 41.281109175658095, 0.0, 43.26222009815495, 14.399190521781872, 43.26321120760667, 56.5114277426162, 28.84085250879574, 8.370611715875683, 15.755799134329324, 20.020795937023248, 53.69314250536634, 73.09320569506895, 40.50853224613902, 71.11311522421632, 88.19686866044565, 82.98957053840364, 88.8566307965389, 52.400508128323686, 86.39823320465115, 56.96447810249501, 89.71576524909482, 84.12211853591336, 89.92514712149578, 87.82732921716945, 9.4563922398178, 77.83850661112405, 57.88952893842699, 16.231695201757468, 30.065866295565787, 33.61303755631548, 59.70664982252964, 52.07617930820718, 36.36523436866436, 25.00572049942096, 67.41821128766973, 19.126744917371795, 81.83091110255431, 20.222871118765426, 36.154389966485816, 55.52298699882886, 8.124264991081871, 61.79628870782781, 42.4243299104624, 61.3630124071154, 45.99169362418101, 79.25556133600173, 34.01377355795901, 52.869877555049754, 13.833443468913057, 41.318714442608204, 18.390916011391692, 24.444897244235516, 66.85708118681774, 57.296314489546006, 83.54689496186975, 30.990832346021126, 30.616948849871648, 72.58786310805856, 65.02597804520371, 13.142733964783682, 48.73970287729886, 39.97894922906619, 33.670376553272675, 85.8559447190864, 87.09612039189443, 57.968869292650815, 43.90158755554691, 70.5948141095783, 78.68865027785323, 41.30408593000078, 44.25399501166277, 57.36674154609701, 34.81685382798146, 9.91062566428245, 67.28712528411204, 39.191676281271135, 47.44132909169146, 42.94936486309419, 62.05739543900555, 67.01548848850402, 64.45367402217347, 83.30992424672351, 29.463680263062496, 51.61365200748487, 52.324056734163214, 67.61619334117583, 11.579649552109098, 30.08119724836188, 30.75422043869303, 91.4328625212541, 47.720292319084244, 66.67486953002455], [21.602593880003408, 43.78898260307566, 34.14868034361525, 27.700923268780212, 57.32042163439962, 3.800840405291726, 25.568371994660907, 28.503199101157247, 34.5969033690959, 43.26222009815495, 0.0, 28.87306221456125, 57.045929125674945, 52.3903188403501, 62.227175304776864, 34.94158851023493, 36.60329794343225, 50.73223794998957, 57.10967806781332, 54.76714028278809, 47.114212533487084, 33.12781450527986, 45.38504740475779, 40.97828770533224, 45.77042302875428, 74.88114093894266, 69.46371001909804, 16.484964799822034, 63.97957503969011, 68.82903270699487, 58.16941508438154, 59.7089164254322, 52.71829044101136, 38.24699962724095, 16.592996305579423, 36.18912764248165, 58.40039575587104, 17.489703311150155, 33.408312819887854, 46.391685327488524, 37.45558339190864, 28.62413527286723, 59.73598370475616, 52.45509612791108, 41.686321159198506, 27.87247238334108, 40.26109681773542, 24.045371165879153, 43.50095931270664, 48.12897726764416, 10.939520142136475, 22.618492652437663, 37.70532646986919, 36.85614002418718, 49.4331499201421, 13.796675070402825, 29.746130622634517, 3.520398346281796, 26.50239965321602, 20.741412319794794, 55.51877324612705, 33.139580145845905, 55.27223513330401, 27.448948133755447, 51.193913881061256, 64.88336605734706, 32.955580578881545, 37.02249464284731, 14.032171897440051, 52.89682506692934, 46.21648357150722, 44.990940187126476, 53.13312854047195, 18.374723690737124, 22.56691925737379, 51.48627611698999, 64.22991721086379, 35.37404277917083, 63.39357499507513, 34.43235333279684, 8.699678284609009, 53.13541942758343, 24.03955545327051, 53.303518986530364, 73.35066912726718, 13.500502270524821, 63.29215547444312, 54.44075215115927, 23.13691692727845, 46.173096525890365, 57.60684419726268, 10.73087742358351, 36.18463568945313, 34.17281739698092, 38.56702058221819, 59.20522690903895, 55.65968683437845, 48.49769878509099, 50.40592282803936, 49.827085583554364], [23.5928241369875, 24.397012695957237, 25.40517392152439, 13.19030028937602, 44.75174441909406, 31.72797306540383, 11.794442633186176, 26.861611117097127, 33.061245397597524, 14.399190521781872, 28.87306221456125, 0.0, 43.34362974523616, 50.845294691314706, 37.49128101687651, 6.074230972628395, 13.591324891831627, 26.93918693025995, 50.486970304128285, 64.03063756239762, 37.21724872322784, 57.83078419686813, 73.84325276611052, 68.93123016054203, 74.46748531781793, 56.89920906289682, 78.17130959288046, 42.793891234816996, 79.15573175730897, 76.30724221447991, 77.87452550136493, 76.62338543044142, 23.85427745201846, 63.99573769002277, 43.642507643549976, 13.589246223731418, 36.013248846869224, 20.720259612251667, 48.61744338382972, 45.518143689107994, 30.986218930404377, 16.14508057245339, 61.26393073874434, 26.98576466238805, 68.1931339230232, 10.342458806530077, 31.9961765733721, 42.5926772943338, 15.84785506857017, 53.49354558212745, 28.895723072557637, 47.47168782884836, 38.73068985673141, 65.09778081121213, 34.6258915400496, 39.024064735889915, 2.1469991977843934, 26.93627780510302, 6.235867410365896, 11.500941893367312, 59.535267095835664, 46.5799531083046, 72.21596790195797, 21.4258150964905, 33.300740284751136, 66.67048781493214, 52.85436426859611, 12.109868550079101, 35.31809813954004, 40.20663160927901, 32.86385052003379, 72.07539851357589, 74.4964343102263, 43.91279606347646, 32.55056482586221, 61.21498019512607, 70.94200280688467, 34.16099259787838, 46.79446767020889, 46.96124042112336, 20.424335210987007, 24.262594803753128, 52.907350164588, 39.860289134987546, 53.26240318037182, 29.40455596515052, 58.61456341455895, 59.329505871586306, 50.44718715964435, 69.98586122060948, 35.25353995549174, 37.33987850095372, 42.61235360144394, 54.75832348382502, 12.660865398249666, 36.45960667917822, 35.684014205774915, 77.15632975833383, 43.71487477482533, 57.73644360325388], [64.83291466565208, 65.20481009615365, 68.74871785409998, 56.480599100899724, 2.3777777269680773, 57.06464150913622, 35.207453031354696, 69.55128065738761, 24.9673058098296, 43.26321120760667, 57.045929125674945, 43.34362974523616, 0.0, 22.246420660135048, 25.88964519390872, 42.15668956582926, 30.158920528557378, 63.27088197015816, 14.066893201605085, 44.59550829577121, 10.665093452573775, 90.07681889325366, 88.76064115751633, 94.9924441586402, 90.95058443702857, 18.976077936672397, 53.26211130111033, 59.87730453455548, 63.83196699630277, 50.117963294891275, 70.52342867877132, 64.81451317000366, 45.55676973363043, 72.2698198341103, 61.656131862542175, 30.01282609000743, 18.906830289559498, 39.581552360091145, 87.63737372332525, 22.467842292496, 74.3298130912677, 30.382798708280486, 31.586196281615926, 27.296482673683176, 97.59733609510926, 34.5992113521281, 75.26541128362442, 49.170920881558956, 35.16108617033533, 33.72203066946198, 64.23785602630468, 59.94832014515356, 81.65826444912715, 90.4642619687963, 76.23561550634288, 70.82363606413263, 41.227976588476096, 53.54453612154375, 38.82983142276065, 52.53897675530023, 34.312106629623194, 86.31608659972181, 61.74316049666959, 29.68213029950589, 73.51423235962318, 35.36057601521974, 89.30749840986735, 32.374597338719994, 69.8761665740521, 82.13713145983857, 75.15727317797017, 100.1920001605718, 71.03954778319857, 59.20618902793866, 72.47190177208411, 43.73769098166564, 45.19415090766794, 77.2242237272201, 7.942014771125717, 87.10732586467506, 50.30149760093055, 44.71737491603917, 75.68642017417926, 81.53846631659844, 20.31883724512894, 45.99128873991269, 21.31645313177151, 35.510510358204236, 79.22873818350837, 72.48618145892256, 18.81273864598818, 57.69169884200886, 33.24887309371693, 56.98540009547555, 32.98415318936122, 19.862358254964395, 74.01163303677833, 99.51215112012386, 12.976151596187995, 39.2784619164579], [66.97013950674962, 75.11865749223816, 74.57013009546375, 62.45713074642968, 20.19428734571259, 50.926785303290075, 39.54741460574459, 73.07829291575719, 18.960654303806063, 56.5114277426162, 52.3903188403501, 50.845294691314706, 22.246420660135048, 0.0, 47.06183260372927, 52.29865444005577, 40.8989959524976, 75.77973580061926, 9.625425026893492, 22.40406607962734, 16.94783949950784, 83.0286806169515, 73.22660242552412, 84.09377129412385, 75.90542266160642, 38.28241808033418, 31.746020854990814, 48.92230729249472, 41.634352475132225, 28.87071405131748, 49.193595750311324, 42.932298972867436, 61.63372690370645, 55.525663354215496, 50.784341354297695, 40.48273059183919, 39.88136438014456, 37.374559495818154, 85.65602375766737, 6.036354521618777, 79.87551267697691, 34.75439350101518, 10.949662349224333, 45.490196891487244, 88.32280828507392, 40.51660034138348, 81.57288843985901, 35.84382576446468, 49.24331407303206, 12.309554254903688, 62.10848123836004, 46.783551812632574, 84.95097698070154, 79.54929939856305, 85.46493741236613, 65.55090169533881, 49.109533659315275, 49.03806926745808, 44.84859397852198, 56.33543350095063, 12.16091885801267, 85.08323090476743, 40.17709606784741, 30.293549864154368, 83.97926235952316, 16.08671991663032, 85.14031595495734, 43.534980768928165, 66.40010203434571, 90.97775791829206, 83.57884135788535, 90.03508551966833, 50.56419484088608, 47.52956802478841, 72.56236015513896, 21.82349942917852, 23.627589902362725, 81.09798072403994, 29.52393775564501, 86.22142051707584, 48.52551804582408, 61.04091975285742, 64.93556774571817, 90.6790652200098, 41.610822254050944, 39.06529446202414, 11.431994201925578, 13.269828923553918, 71.18661479676994, 53.6566242370102, 39.570261733321324, 48.856410910884286, 17.945277581253084, 39.845623938063284, 44.949417825363575, 40.954095341172916, 85.76608999508103, 86.49519186886585, 10.065016344651248, 17.498143617345747], [60.99716005360207, 51.466577144914055, 59.82854968954919, 49.306583564218606, 28.26091618915459, 63.80556559894248, 36.6625174732342, 63.368512017089465, 41.34397016453111, 28.84085250879574, 62.227175304776864, 37.49128101687651, 25.88964519390872, 47.06183260372927, 0.0, 32.94069197356159, 25.789263572263366, 46.29601160118271, 39.87136304940378, 68.65269388641661, 30.943866021498035, 94.16104722875272, 102.55284940842915, 103.13284373228554, 104.06803418439638, 25.73831723590698, 78.70136349794547, 71.10429108657083, 87.6324388321333, 75.67138804326717, 92.30476809552164, 87.71356042483808, 25.88699981902629, 88.33792214977188, 72.5769180988746, 26.14826035134863, 7.180549977131496, 46.47714656019468, 86.10469019879078, 45.48029911916999, 65.09387886091058, 34.29418357088368, 57.16676830103609, 10.515017771064548, 103.72864496181305, 34.398786865914836, 64.9860699817522, 64.13826632767403, 22.332930963734086, 57.104584343772615, 65.4723617746485, 73.35903225661748, 74.4306692131094, 98.89622826756477, 62.211309464864776, 74.696906478892, 35.589835932391516, 59.215995142967934, 36.613944398576514, 48.96124693719522, 59.19707845164927, 84.02392715233736, 84.13013688523029, 37.993186866465805, 58.175245251595804, 61.18857693846672, 90.16258483109229, 25.986031601208857, 71.86037821411264, 68.106980042876, 62.24721851580408, 107.19119355114711, 91.56195085950073, 71.23567987381745, 70.03549064066543, 67.2191066883297, 70.58304100274347, 69.72931288302522, 21.879040555835953, 84.34399619800944, 53.73876257414762, 24.7972925203875, 85.03145095749575, 67.18563233761583, 19.703700899414965, 55.70469037032207, 47.14187314891869, 60.14228635026636, 85.29893697836282, 90.90091026678907, 7.537575439327645, 67.09607263139439, 52.673639351427845, 74.57690510319706, 24.9534278572123, 6.1155573355104265, 56.99665368159658, 109.85576199077028, 37.0293818906067, 62.73610653068526], [28.24260664848989, 23.29562538411143, 27.612554857625717, 16.389743630067816, 43.81425803886859, 37.7587569083146, 15.39511006876344, 30.466069549895217, 35.575279108195964, 8.370611715875683, 34.94158851023493, 6.074230972628395, 42.15668956582926, 52.29865444005577, 32.94069197356159, 0.0, 12.120112974203497, 23.69138660548092, 50.813999155689935, 67.16884589376626, 37.42010939596497, 63.57338658921446, 79.82637660175355, 74.94590337979568, 80.49121113744589, 54.060296379057334, 80.95064318016315, 48.630687020415444, 83.06412210690463, 78.88708851421569, 82.533120804496, 80.84882881936609, 17.809379835240765, 69.62685078896727, 49.535645572157, 12.370829420280257, 32.3795966027683, 25.69331578528438, 53.44890131405827, 47.348248175204276, 33.11631192864737, 18.612085506888747, 63.00972019962697, 22.473173912041865, 74.071521308747, 13.134398999327813, 33.59635117833003, 47.67189472076626, 10.67900993479329, 56.21812781119216, 34.69255538963296, 53.12514286846583, 41.82215288238126, 71.13893332931991, 34.19207406125786, 44.957760513386795, 5.528812665736672, 32.95244742058784, 10.409494995083142, 16.902043629365128, 61.819916362037894, 51.24418252015204, 76.49861414022801, 24.45644147759834, 31.958708768319664, 68.33262434598338, 58.15005001360848, 9.782489922894545, 41.08550490996981, 40.042389825555404, 33.00180842058371, 78.0038646596252, 79.43892733618809, 49.67115959407055, 37.416655890135786, 64.49851458798196, 73.47323105094199, 37.143313218806554, 44.63476196919877, 51.49349731167442, 26.45710245938728, 18.195399634434473, 58.97828051962612, 39.50235559477845, 49.88839437430504, 34.819938805034276, 59.11074463989429, 61.78628423235663, 56.44156799209576, 75.31887307354386, 31.662685310236466, 43.25293274499637, 45.97421269030158, 59.81783967816067, 9.3855571294112, 32.6782096857881, 33.4681279627848, 83.22383724594987, 44.33395998704275, 60.790621648270296], [36.73552157047259, 35.400622108103754, 38.80705181341639, 26.747500082613502, 31.748302974550906, 38.44748091919248, 11.265822272489668, 40.425910193594014, 25.706786916649037, 15.755799134329324, 36.60329794343225, 13.591324891831627, 30.158920528557378, 40.8989959524976, 25.789263572263366, 12.120112974203497, 0.0, 34.94823302963304, 38.808179450611966, 57.482224634738905, 25.430817552679784, 68.38612073610318, 78.80416405726703, 77.57924325098838, 79.97795159030404, 43.344993102114444, 70.6568016242291, 47.04191238717893, 74.50522788846924, 68.36689467290256, 75.64277355957485, 72.95353558580014, 22.591947637293877, 66.3186959509736, 48.3213490996114, 0.5651675691848049, 23.044517180506904, 22.140332557010534, 61.30888945926869, 36.337756796913666, 44.38556603148221, 10.762584035101833, 51.76307781156238, 15.854644837422386, 77.96412163944666, 8.752566953698532, 45.17740093705021, 42.744891325177214, 9.761734079255264, 46.09782884010845, 39.809195129931176, 50.31644852013433, 52.32199619390252, 73.41937102295489, 46.31168122764057, 48.90764345968195, 11.446060069342824, 33.7367450895898, 10.960315681135347, 24.266032642004355, 51.10246031626602, 59.473757423765434, 68.77729183558633, 16.417907663952196, 43.996118962625935, 56.98564172322405, 64.76256900296777, 2.637466300504353, 46.15845215954566, 52.154119963336775, 45.06964405659084, 81.47976333583526, 73.37444611257676, 47.55155088389124, 45.35737980577329, 55.06625638579756, 62.933416676430504, 47.74723970884375, 33.222276666156276, 59.979239495725466, 28.021240303114894, 22.353787815188774, 59.91440283039444, 51.62186898934231, 39.92564507933365, 31.83051370613599, 47.138373452063796, 51.262712899946365, 59.58289500874555, 70.62408748317647, 22.258275845386866, 42.44179235394186, 37.04901817135144, 54.456562947163555, 4.268802527619082, 23.636781842693868, 45.198295082942906, 84.71840647645952, 32.47299902026936, 51.06196395624498], [33.70157771669145, 9.431132378327264, 23.402275568698062, 23.121731510737806, 65.23269547788031, 54.31934046972459, 38.5302770031666, 30.592346456449345, 59.25106285920994, 20.020795937023248, 50.73223794998957, 26.93918693025995, 63.27088197015816, 75.77973580061926, 46.29601160118271, 23.69138660548092, 34.94823302963304, 0.0, 73.54480630221462, 90.72778635371499, 60.25372007309042, 70.93914342334055, 95.65103123564857, 85.50533625543892, 95.60541750525154, 71.29768487941298, 104.61929542012514, 66.6985080893566, 106.09437907869625, 102.57650492684228, 104.46505766937113, 103.50105773801816, 20.518315194586275, 88.52345309214884, 67.13047111110085, 35.33506482876132, 49.02389219062161, 47.38444752829277, 54.978858683613964, 70.97391518613941, 26.239527295263517, 42.23552200147102, 86.57498416944082, 37.97583234837929, 82.4421955271227, 36.586760025033925, 24.43547270148551, 68.84100333394142, 28.109886471037765, 79.88435710533282, 45.432485115430694, 72.18183074796987, 36.55269096097948, 82.5048661215153, 17.041207879313784, 55.92041548637682, 27.98707279420841, 50.0818497389175, 33.05483748917827, 30.10407613238188, 85.50481500691609, 52.06994089708277, 99.07489175390391, 47.964323668783244, 12.21332043112042, 91.85442626175157, 62.205163627310014, 32.33101120122777, 50.666483004844835, 22.512898258470702, 18.36652814327307, 86.91345506717742, 100.74519445246492, 68.22710831485902, 41.562942032777414, 87.98948339897235, 97.16394798081738, 32.52288054212415, 63.929081791026704, 51.55940701849104, 43.92061736793109, 21.632152255136166, 73.18266638181495, 21.418113581385285, 65.80958225661433, 55.26009396453348, 81.90660789175965, 85.47760764682009, 67.46735888517553, 95.46382370331287, 48.51594190506697, 60.91056721947789, 69.40257640993364, 80.93082150737752, 31.103062566439693, 48.84408453821669, 10.869834700394325, 95.25259646520449, 67.38394346911961, 84.37607436460922], [69.19716225622292, 74.0823736624135, 75.33715786407878, 62.993966354789656, 11.754243511473675, 56.19500568454027, 40.16937550667374, 74.80395281284011, 22.512784839504786, 53.69314250536634, 57.10967806781332, 50.486970304128285, 14.066893201605085, 9.625425026893492, 39.87136304940378, 50.813999155689935, 38.808179450611966, 73.54480630221462, 0.0, 31.667419637334042, 13.393966696646286, 89.00596196469856, 81.90976749756133, 91.41410745116002, 84.46388015420148, 28.696386290715107, 39.27390370371411, 55.9513984860792, 50.79513707469437, 36.08842174216211, 58.79248235988178, 52.393383419549515, 57.51068826066306, 64.45289463392957, 57.81071699836238, 38.49366167236311, 32.79196054029522, 40.672427751627374, 89.74097579757903, 12.907717931067628, 80.8164393968571, 35.11781167512456, 17.584509028463987, 40.063343640767975, 95.11838798329055, 40.50401476079224, 82.20078980063153, 43.4853359164062, 45.89615248593441, 21.932165691271255, 65.99641521650132, 54.549807497705736, 86.8939046172712, 86.84993692703723, 84.83174712713587, 70.7089565480894, 48.54051943672843, 53.62938256143055, 44.955748516486146, 57.68955018634382, 20.878588039622972, 88.86910484582336, 49.74747840424489, 31.990422430060775, 82.76979261847546, 21.318286553626812, 90.06401291393331, 41.35543732966475, 70.87686537106771, 90.5610521505239, 83.2935583735825, 97.13869224449479, 60.17836976876117, 54.79350446650842, 75.69809557622509, 31.338391282673506, 31.25070565425249, 82.76222529638889, 20.541250225645456, 89.878940