instance_id,num_cities,city_coordinates,distance_matrix,best_route,total_distance
582,37,"[[20.600829820918122, 85.60133104850509], [66.63083134914125, 42.66639199015654], [73.8673312983824, 6.333333958901955], [3.7424739335502943, 35.41690077285765], [90.95780446811985, 48.779624474002915], [86.5364752967802, 19.661083986758886], [19.60693964614354, 27.48604534096636], [24.751699020657725, 59.04751458201164], [12.059276762237769, 80.9765172472479], [12.942386503413438, 92.43031201939559], [44.944258516795784, 27.56295454164913], [24.675726169003042, 64.30702585666072], [37.745593747076875, 73.62048144764812], [95.36425315164556, 45.99256067277383], [57.21669160632785, 19.040757397360753], [41.736483163519964, 16.984342122865883], [85.89024136589512, 43.28219690625256], [96.97384425738473, 78.52104965944426], [83.40850212270361, 31.498894918906405], [30.106287796518338, 33.29787195430642], [9.590798235762888, 46.75190746070572], [71.22908400541625, 51.01673809430006], [46.5698958529853, 47.39421858519077], [57.18226998311692, 1.718402732513069], [45.81365377265948, 20.871382502763], [48.20288748488344, 0.9178265704206323], [53.26082903003021, 29.93382166704145], [96.13027175845133, 14.047764944008057], [77.91793064427, 50.57450323134767], [96.92925271018039, 91.60430020468695], [81.22578393428218, 81.91866257969642], [17.971770811924447, 28.357529961550863], [76.75761528759459, 89.14108290427592], [63.75020505485261, 78.47526164064871], [96.88882896124407, 95.59905774654375], [32.60567830529515, 7.572545852417967], [5.8449369600839685, 68.00037489742687]]","[[0.0, 62.94577056985106, 95.50254207216703, 52.940355168023466, 79.40996131824849, 93.25033794513938, 58.123783862962405, 26.876288509568536, 9.713240002725696, 10.260932469723045, 62.93691816591315, 21.680687577912423, 20.916110710217353, 84.60747105786206, 75.96730414499147, 71.79837749865891, 77.80498939296464, 76.70050663888092, 82.89678700122084, 53.160187777550355, 40.37943175194987, 61.31324646092556, 46.19714096523954, 91.51255338589556, 69.46691824426877, 89.06834183914404, 64.54105010824154, 104.04138321680382, 67.17238058701714, 76.56411548141942, 60.73670313985321, 57.304142207658536, 56.268236129727384, 43.73384785591664, 76.94032331595083, 78.94686634889287, 22.96802193382344], [62.94577056985106, 0.0, 37.04670076292733, 63.304823049597154, 25.083325786925904, 30.421683998447016, 49.41345277639315, 44.96891039324857, 66.6762346510765, 73.20448651981144, 26.427660962968332, 47.20749818429851, 42.338075127125286, 28.92529907513238, 25.432196857714192, 35.76725117999634, 19.269252447568576, 46.9707878253244, 20.154484052498816, 37.7069151401911, 57.18615928907445, 9.532691516561574, 20.610518608071043, 42.02395907255303, 30.139298611718715, 45.634765581409596, 18.462808807061446, 41.100399006201606, 13.781757286396736, 57.55791168366758, 41.87783885776544, 50.71930307997344, 47.56520417804434, 35.924548062477925, 60.97059556516918, 48.88035470816899, 65.85389621444952], [95.50254207216703, 37.04670076292733, 0.0, 75.91672726784178, 45.75775182040597, 18.388478198512768, 58.23767939287475, 72.04949807463271, 96.91150817607078, 105.47292794560667, 35.87813999103575, 76.03132885502555, 76.36975933507762, 45.11066296018705, 20.94570153035974, 33.85019020292824, 38.85574397169095, 75.79562810074776, 26.913554189860886, 51.40151007195849, 75.9284780992661, 44.76122154171126, 49.30665500912654, 17.311523945582255, 31.5968934894067, 26.229590094603854, 31.33067116736645, 23.561641779649808, 44.42621313654924, 88.33453403790473, 75.94266737419927, 60.07810659182241, 82.85817417091918, 72.84788241991593, 92.18654347556753, 41.28025743426242, 91.81432388047456], [52.940355168023466, 63.304823049597154, 75.91672726784178, 0.0, 88.23307919917205, 84.27984589646344, 17.73639591990454, 31.619510555322062, 46.31250222763606, 57.75090867908473, 41.94367084849489, 35.676888548623104, 51.14416617199138, 92.23011986009824, 55.92557579113894, 42.22918369744325, 82.52344259290574, 102.71346583431493, 79.76231451823953, 26.448836733116952, 12.754813748440661, 69.26613504049108, 44.47071182523318, 63.177532177146524, 44.51467482527896, 56.27534534750386, 49.82099605529497, 94.82692208970305, 75.70833039060811, 108.81543821386985, 90.36634982010442, 15.88419358684723, 90.65041981502827, 73.85763491303682, 110.89695880839369, 40.10477113188062, 32.65123484348506], [79.40996131824849, 25.083325786925904, 45.75775182040597, 88.23307919917205, 0.0, 29.452292809705135, 74.46047557690473, 66.9975967165287, 85.21512529127489, 89.39680063287128, 50.669453263609, 68.07653117887554, 58.724846062001546, 5.213877120978879, 44.97624831124064, 58.59759765348051, 7.476757696869083, 30.34378201225455, 18.857772399169875, 62.790060856120576, 81.39226830296862, 19.85515269257878, 44.40952353608729, 57.92706898807585, 53.07413976636562, 64.17736847835684, 42.14529915208587, 35.114904019245785, 13.162822611259784, 43.23899912747572, 34.53850127381968, 75.7893333730995, 42.786594856115414, 40.275108101231645, 47.19360532423798, 71.43524309644151, 87.25616002483734], [93.25033794513938, 30.421683998447016, 18.388478198512768, 84.27984589646344, 29.452292809705135, 0.0, 67.38540467048249, 73.2710686050447, 96.46986813236106, 103.49613738585528, 42.33617903093592, 76.28900581407807, 72.74727965181516, 27.771862132759473, 29.326345164926874, 44.879886833035755, 23.629951202846314, 59.77820865340054, 12.244099960512168, 58.054526502130386, 81.57542482190892, 34.89259624417031, 48.64621493078273, 34.403621614419635, 40.74080283184453, 42.67052440628681, 34.825246214747274, 11.115317414436829, 32.09234801816508, 72.69000056502978, 62.48367414776043, 69.11401358399087, 70.16478000148948, 63.07393760216234, 76.64037503258915, 55.269011374930415, 94.06280564010784], [58.123783862962405, 49.41345277639315, 58.23767939287475, 17.73639591990454, 74.46047557690473, 67.38540467048249, 0.0, 31.978037614511287, 54.0203461648089, 65.28532793048686, 25.33743559593709, 37.168228407491604, 49.57213902460542, 77.98500919598165, 38.546288160560906, 24.494947780481564, 68.13952224036441, 92.68338359658624, 63.9276335881876, 12.00056832680463, 21.71397089363321, 56.73217155813254, 33.51621054555719, 45.56179161896127, 27.02860761807827, 39.033299648319655, 33.742790038841974, 77.6943224283334, 62.71561654755134, 100.44844799369453, 82.21795297174437, 1.8529065168854977, 84.06868253521914, 67.44277618692401, 103.0139450515016, 23.780552319265833, 42.78789101300274], [26.876288509568536, 44.96891039324857, 72.04949807463271, 31.619510555322062, 66.9975967165287, 73.2710686050447, 31.978037614511287, 0.0, 25.337299395909845, 35.41004132834853, 37.4034354029181, 5.260059954254259, 19.524668074725422, 71.80922379801922, 51.52199883563555, 45.36290742123417, 63.13847164382416, 74.8014493910839, 64.80391188419576, 26.30048890064795, 19.520114423100434, 47.166096785901615, 24.735258652452174, 65.86629637685284, 43.60072245396406, 62.681886288700184, 40.74773133609389, 84.37937018944557, 53.837162874765895, 79.1804492705413, 60.92956324776394, 31.42996313264933, 60.08525760226411, 43.56972376173065, 80.86891135519072, 52.07069613819427, 20.91935370518143], [9.713240002725696, 66.6762346510765, 96.91150817607078, 46.31250222763606, 85.21512529127489, 96.46986813236106, 54.0203461648089, 25.337299395909845, 0.0, 11.487789060451846, 62.725040501402184, 20.905662841783517, 26.718872411286885, 90.35262203635529, 76.65005194769368, 70.53889038632435, 82.8967618202067, 84.95006235408319, 86.82595850783646, 50.97987665973286, 34.313514848769806, 66.32235261273762, 48.15343823087061, 91.20270409172265, 68.93464433805669, 87.83936787658514, 65.59668193871744, 107.45878318928517, 72.53719561284619, 85.53281585447068, 69.17292354822025, 52.95012189655399, 65.21146479193358, 51.751409134068936, 86.08061115569221, 76.22530834900941, 14.387435124421998], [10.260932469723045, 73.20448651981144, 105.47292794560667, 57.75090867908473, 89.39680063287128, 103.49613738585528, 65.28532793048686, 35.41004132834853, 11.487789060451846, 0.0, 72.33183170988174, 30.472782680601604, 31.128906432927646, 94.60353509203357, 85.71021421024794, 80.75391245072665, 87.95980188820602, 85.1748406024656, 93.15637949354277, 61.573086455453975, 45.80119853173268, 71.50121125505031, 56.205507709387064, 100.92481249310966, 78.7477022233195, 98.07057623218648, 74.37330242858651, 114.29806620949758, 77.28990921007754, 83.99092802649231, 69.08774955551165, 64.26986935691379, 63.899940946366556, 52.689447302370986, 84.0062268573538, 87.10617385315119, 25.44003965805582], [62.93691816591315, 26.427660962968332, 35.87813999103575, 41.94367084849489, 50.669453263609, 42.33617903093592, 25.33743559593709, 37.4034354029181, 62.725040501402184, 72.33183170988174, 0.0, 41.96355776547286, 46.61669828681148, 53.682643760592384, 14.941233486668981, 11.054269013549426, 43.85964081015576, 72.82722877036824, 38.66509618283582, 15.907691624676744, 40.22540326674602, 35.22743268962176, 19.897782045079317, 28.595625239972033, 6.7478133096967765, 26.84364929279928, 8.647910500685489, 52.94023329600203, 40.20938232140027, 82.48474753321928, 65.35206257599793, 26.984188760964216, 69.31057323143614, 54.2745487253012, 85.59877182509877, 23.491636835225506, 56.24892808956466], [21.680687577912423, 47.20749818429851, 76.03132885502555, 35.676888548623104, 68.07653117887554, 76.28900581407807, 37.168228407491604, 5.260059954254259, 20.905662841783517, 30.472782680601604, 41.96355776547286, 0.0, 16.048734951817234, 73.02251352800438, 55.74898646453209, 50.30413327943071, 64.72449538763861, 73.68213047807237, 67.27490190893198, 31.481083611116947, 23.14599819940904, 48.41329233435265, 27.665822162966606, 70.52666967407077, 48.305973719038306, 67.6144800004712, 44.705986979785635, 87.35986145181687, 54.98467527448781, 77.23803004005237, 59.229036640153, 36.56923943073225, 57.69968425914886, 41.563852148608426, 78.70148330673462, 57.2859962140461, 19.189566158922695], [20.916110710217353, 42.338075127125286, 76.36975933507762, 51.14416617199138, 58.724846062001546, 72.74727965181516, 49.57213902460542, 19.524668074725422, 26.718872411286885, 31.128906432927646, 46.61669828681148, 16.048734951817234, 0.0, 63.900015007215934, 57.94885615135164, 56.77657506358077, 56.90622640146562, 59.43064215798319, 62.123500006190554, 41.03988099104052, 38.91802639363543, 40.39892738012155, 27.671016811585535, 74.4828390078018, 53.36254334337602, 73.45087486555907, 46.359969463664186, 83.41270393719977, 46.313429626057484, 61.8556644564341, 44.26496073437575, 49.39371266369388, 41.986032132761665, 26.453897633257153, 63.09500842162305, 66.24763035113283, 32.391935741436576], [84.60747105786206, 28.92529907513238, 45.11066296018705, 92.23011986009824, 5.213877120978879, 27.771862132759473, 77.98500919598165, 71.80922379801922, 90.35262203635529, 94.60353509203357, 53.682643760592384, 73.02251352800438, 63.900015007215934, 0.0, 46.707988092513354, 60.97060322268862, 9.854083978909937, 32.56828793909214, 18.788462673962332, 66.48125422966814, 85.77681607375794, 24.652560688092276, 48.814485033571344, 58.46421897195719, 55.554797195797626, 65.23745907032163, 45.0619731172399, 31.953978761001647, 18.037970136393646, 45.63858024462746, 38.608044628508694, 79.37625986962236, 46.98938117666975, 45.32740781508157, 49.62991923556955, 73.58489148963481, 92.18487868599503], [75.96730414499147, 25.432196857714192, 20.94570153035974, 55.92557579113894, 44.97624831124064, 29.326345164926874, 38.546288160560906, 51.52199883563555, 76.65005194769368, 85.71021421024794, 14.941233486668981, 55.74898646453209, 57.94885615135164, 46.707988092513354, 0.0, 15.616199832672365, 37.54756776780143, 71.54394701512008, 29.003726116336768, 30.630692290916414, 55.10112119710131, 34.91146634383989, 30.286515500188795, 17.322388864787523, 11.54904585290929, 20.24078275407907, 11.589119807213422, 39.232597338118914, 37.721590953040504, 82.71973920520956, 67.30577593736685, 40.33566733267025, 72.77295743950876, 59.79253375319922, 86.2267466315589, 27.151829620546152, 70.96549387686004], [71.79837749865891, 35.76725117999634, 33.85019020292824, 42.22918369744325, 58.59759765348051, 44.879886833035755, 24.494947780481564, 45.36290742123417, 70.53889038632435, 80.75391245072665, 11.054269013549426, 50.30413327943071, 56.77657506358077, 60.97060322268862, 15.616199832672365, 0.0, 51.39194031754303, 82.69179182395546, 44.12742239247166, 20.03478724209285, 43.81156246491549, 45.03351507461871, 30.791597306416985, 21.716842218572214, 5.6331521452009286, 17.31898688850804, 17.33492336631383, 54.47299994710659, 49.36999154441932, 92.8136840900279, 75.99915031468497, 26.34598555317467, 80.20645195648224, 65.31261083934237, 96.03153002833744, 13.113104376744628, 62.3765876665954], [77.80498939296464, 19.269252447568576, 38.85574397169095, 82.52344259290574, 7.476757696869083, 23.629951202846314, 68.13952224036441, 63.13847164382416, 82.8967618202067, 87.95980188820602, 43.85964081015576, 64.72449538763861, 56.90622640146562, 9.854083978909937, 37.54756776780143, 51.39194031754303, 0.0, 36.94080394925594, 12.041811964824587, 56.67041750840062, 76.37829477868674, 16.576268052198206, 39.53477321982087, 50.51432081134411, 45.917071720068826, 56.701644742495105, 35.254186572812564, 30.975962206129733, 10.804418993224996, 49.56697931732196, 38.917009685567244, 69.53894107477373, 46.75940850851043, 41.57803522599016, 53.46047939623211, 64.14377474818336, 83.77493109888151], [76.70050663888092, 46.9707878253244, 75.79562810074776, 102.71346583431493, 30.34378201225455, 59.77820865340054, 92.68338359658624, 74.8014493910839, 84.95006235408319, 85.1748406024656, 72.82722877036824, 73.68213047807237, 59.43064215798319, 32.56828793909214, 71.54394701512008, 82.69179182395546, 36.94080394925594, 0.0, 48.939774659003504, 80.72425849023098, 92.97889614348274, 37.67333055496767, 59.24050664434321, 86.4986471466891, 77.07690454156489, 91.65624069483736, 65.35706866324911, 64.47880315699615, 33.82509868260918, 13.08332653554421, 16.110405876201295, 93.5826176015762, 22.835958921847617, 33.2236707544891, 17.078219691279696, 95.7964037972792, 91.73419396630781], [82.89678700122084, 20.154484052498816, 26.913554189860886, 79.76231451823953, 18.857772399169875, 12.244099960512168, 63.9276335881876, 64.80391188419576, 86.82595850783646, 93.15637949354277, 38.66509618283582, 67.27490190893198, 62.123500006190554, 18.788462673962332, 29.003726116336768, 44.12742239247166, 12.041811964824587, 48.939774659003504, 0.0, 53.332563884070744, 75.37710394237995, 23.00618238419769, 40.12161794284061, 39.68240122653019, 39.068102623727434, 46.63300379947077, 30.188270026392818, 21.595957030560797, 19.850068202640184, 61.60738950009723, 50.46699148610022, 65.51209032258403, 58.0246165987687, 50.92374371531906, 65.50229069432226, 56.15511630719053, 85.72318636960641], [53.160187777550355, 37.7069151401911, 51.40151007195849, 26.448836733116952, 62.790060856120576, 58.054526502130386, 12.00056832680463, 26.30048890064795, 50.97987665973286, 61.573086455453975, 15.907691624676744, 31.481083611116947, 41.03988099104052, 66.48125422966814, 30.630692290916414, 20.03478724209285, 56.67041750840062, 80.72425849023098, 53.332563884070744, 0.0, 24.53357665170162, 44.77770187633084, 21.673887020444862, 41.59773656942403, 20.028454408609672, 37.09385743412836, 23.397641207387743, 68.77305488426062, 50.83734041119582, 88.68454327090647, 70.5491613445324, 13.101659492399486, 72.76544898427028, 56.3285869462147, 91.33096712253275, 25.84645731940583, 42.34237658570711], [40.37943175194987, 57.18615928907445, 75.9284780992661, 12.754813748440661, 81.39226830296862, 81.57542482190892, 21.71397089363321, 19.520114423100434, 34.313514848769806, 45.80119853173268, 40.22540326674602, 23.14599819940904, 38.91802639363543, 85.77681607375794, 55.10112119710131, 43.81156246491549, 76.37829477868674, 92.97889614348274, 75.37710394237995, 24.53357665170162, 0.0, 61.78565410315486, 36.98467553142384, 65.52071986160826, 44.51849992245444, 59.9304297268028, 46.79657679077935, 92.51292566629036, 68.43397739131778, 98.18219168892207, 79.80145262854631, 20.21370388879254, 79.42432566701466, 62.76633291360718, 100.03494519213925, 45.43904797250847, 21.576117470620837], [61.31324646092556, 9.532691516561574, 44.76122154171126, 69.26613504049108, 19.85515269257878, 34.89259624417031, 56.73217155813254, 47.166096785901615, 66.32235261273762, 71.50121125505031, 35.22743268962176, 48.41329233435265, 40.39892738012155, 24.652560688092276, 34.91146634383989, 45.03351507461871, 16.576268052198206, 37.67333055496767, 23.00618238419769, 44.77770187633084, 61.78565410315486, 0.0, 24.923848176613273, 51.26049993533308, 39.429513789246016, 55.13716225994675, 27.701038824189542, 44.57324452290763, 6.703449935079368, 48.0400756610338, 32.478653703146726, 57.87729366334369, 38.523114169650896, 28.45881490334001, 51.43934036098213, 58.13058839738125, 67.55390887214564], [46.19714096523954, 20.610518608071043, 49.30665500912654, 44.47071182523318, 44.40952353608729, 48.64621493078273, 33.51621054555719, 24.735258652452174, 48.15343823087061, 56.205507709387064, 19.897782045079317, 27.665822162966606, 27.671016811585535, 48.814485033571344, 30.286515500188795, 30.791597306416985, 39.53477321982087, 59.24050664434321, 40.12161794284061, 21.673887020444862, 36.98467553142384, 24.923848176613273, 0.0, 46.892458226090156, 26.533615206740826, 46.50507151247527, 18.69850387916099, 59.73455306884489, 31.508943106778077, 67.01191043294347, 48.91797023419034, 34.3547415885722, 51.51794915501579, 35.5132969701068, 69.6828640895689, 42.19911125788407, 45.641384233969184], [91.51255338589556, 42.02395907255303, 17.311523945582255, 63.177532177146524, 57.92706898807585, 34.403621614419635, 45.56179161896127, 65.86629637685284, 91.20270409172265, 100.92481249310966, 28.595625239972033, 70.52666967407077, 74.4828390078018, 58.46421897195719, 17.322388864787523, 21.716842218572214, 50.51432081134411, 86.4986471466891, 39.68240122653019, 41.59773656942403, 65.52071986160826, 51.26049993533308, 46.892458226090156, 0.0, 22.272899870027675, 9.01500040160245, 28.48662080344891, 40.85290705486812, 53.074345770878026, 98.28172363305212, 83.72677136182672, 47.40365328515249, 89.58749439628208, 77.03734912722516, 101.93227267037135, 25.264200960384795, 83.83806770189898], [69.46691824426877, 30.139298611718715, 31.5968934894067, 44.51467482527896, 53.07413976636562, 40.74080283184453, 27.02860761807827, 43.60072245396406, 68.93464433805669, 78.7477022233195, 6.7478133096967765, 48.305973719038306, 53.36254334337602, 55.554797195797626, 11.54904585290929, 5.6331521452009286, 45.917071720068826, 77.07690454156489, 39.068102623727434, 20.028454408609672, 44.51849992245444, 39.429513789246016, 26.533615206740826, 22.272899870027675, 0.0, 20.096089969860873, 11.729800634292241, 50.77719765914875, 43.73739789317493, 87.26941102911509, 70.57470770308056, 28.83076222672553, 74.9551915957135, 60.331805572441546, 90.51463399851193, 18.7432567127236, 61.79514744524962], [89.06834183914404, 45.634765581409596, 26.229590094603854, 56.27534534750386, 64.17736847835684, 42.67052440628681, 39.033299648319655, 62.681886288700184, 87.83936787658514, 98.07057623218648, 26.84364929279928, 67.6144800004712, 73.45087486555907, 65.23745907032163, 20.24078275407907, 17.31898688850804, 56.701644742495105, 91.65624069483736, 46.63300379947077, 37.09385743412836, 59.9304297268028, 55.13716225994675, 46.50507151247527, 9.01500040160245, 20.096089969860873, 0.0, 29.45353534164014, 49.69335413312776, 57.86855214166035, 102.94802168224268, 87.47369389770446, 40.827169109396536, 92.72925880236541, 79.10040972266906, 106.46528276610212, 16.957541770964927, 79.33639935557], [64.54105010824154, 18.462808807061446, 31.33067116736645, 49.82099605529497, 42.14529915208587, 34.825246214747274, 33.742790038841974, 40.74773133609389, 65.59668193871744, 74.37330242858651, 8.647910500685489, 44.705986979785635, 46.359969463664186, 45.0619731172399, 11.589119807213422, 17.33492336631383, 35.254186572812564, 65.35706866324911, 30.188270026392818, 23.397641207387743, 46.79657679077935, 27.701038824189542, 18.69850387916099, 28.48662080344891, 11.729800634292241, 29.45353534164014, 0.0, 45.71822304128642, 32.156032022841956, 75.56572734891986, 59.029334974323504, 35.32424557526539, 63.699283729472135, 49.66184052269344, 78.83733637924844, 30.441121981937336, 60.80566828537087], [104.04138321680382, 41.100399006201606, 23.561641779649808, 94.82692208970305, 35.114904019245785, 11.115317414436829, 77.6943224283334, 84.37937018944557, 107.45878318928517, 114.29806620949758, 52.94023329600203, 87.35986145181687, 83.41270393719977, 31.953978761001647, 39.232597338118914, 54.47299994710659, 30.975962206129733, 64.47880315699615, 21.595957030560797, 68.77305488426062, 92.51292566629036, 44.57324452290763, 59.73455306884489, 40.85290705486812, 50.77719765914875, 49.69335413312776, 45.71822304128642, 0.0, 40.81533999332973, 77.56065066902259, 69.48814649402368, 79.45766574135901, 77.55195820235434, 72.10666439605389, 81.5548206226635, 63.85375819537066, 105.1775917219967], [67.17238058701714, 13.781757286396736, 44.42621313654924, 75.70833039060811, 13.162822611259784, 32.09234801816508, 62.71561654755134, 53.837162874765895, 72.53719561284619, 77.28990921007754, 40.20938232140027, 54.98467527448781, 46.313429626057484, 18.037970136393646, 37.721590953040504, 49.36999154441932, 10.804418993224996, 33.82509868260918, 19.850068202640184, 50.83734041119582, 68.43397739131778, 6.703449935079368, 31.508943106778077, 53.074345770878026, 43.73739789317493, 57.86855214166035, 32.156032022841956, 40.81533999332973, 0.0, 45.22028976429952, 31.518220423160354, 63.930712336997985, 38.58403036743646, 31.29180033477165, 48.85801359290852, 62.468940686153935, 74.14969603392439], [76.56411548141942, 57.55791168366758, 88.33453403790473, 108.81543821386985, 43.23899912747572, 72.69000056502978, 100.44844799369453, 79.1804492705413, 85.53281585447068, 83.99092802649231, 82.48474753321928, 77.23803004005237, 61.8556644564341, 45.63858024462746, 82.71973920520956, 92.8136840900279, 49.56697931732196, 13.08332653554421, 61.60738950009723, 88.68454327090647, 98.18219168892207, 48.0400756610338, 67.01191043294347, 98.28172363305212, 87.26941102911509, 102.94802168224268, 75.56572734891986, 77.56065066902259, 45.22028976429952, 0.0, 18.45021701222624, 101.16539869887066, 20.321476220425232, 35.682220459642295, 3.9949620646133606, 105.82465669087185, 94.09302772030442], [60.73670313985321, 41.87783885776544, 75.94266737419927, 90.36634982010442, 34.53850127381968, 62.48367414776043, 82.21795297174437, 60.92956324776394, 69.17292354822025, 69.08774955551165, 65.35206257599793, 59.229036640153, 44.26496073437575, 38.608044628508694, 67.30577593736685, 75.99915031468497, 38.917009685567244, 16.110405876201295, 50.46699148610022, 70.5491613445324, 79.80145262854631, 32.478653703146726, 48.91797023419034, 83.72677136182672, 70.57470770308056, 87.47369389770446, 59.029334974323504, 69.48814649402368, 31.518220423160354, 18.45021701222624, 0.0, 82.8846493834774, 8.492813809341465, 17.81159361759075, 20.7962542645962, 88.83276278378361, 76.65501172496097], [57.304142207658536, 50.71930307997344, 60.07810659182241, 15.88419358684723, 75.7893333730995, 69.11401358399087, 1.8529065168854977, 31.42996313264933, 52.95012189655399, 64.26986935691379, 26.984188760964216, 36.56923943073225, 49.39371266369388, 79.37625986962236, 40.33566733267025, 26.34598555317467, 69.53894107477373, 93.5826176015762, 65.51209032258403, 13.101659492399486, 20.21370388879254, 57.87729366334369, 34.3547415885722, 47.40365328515249, 28.83076222672553, 40.827169109396536, 35.32424557526539, 79.45766574135901, 63.930712336997985, 101.16539869887066, 82.8846493834774, 0.0, 84.56013138033039, 67.87821499120425, 103.67895218318453, 25.419811426158105, 41.45618474823815], [56.268236129727384, 47.56520417804434, 82.85817417091918, 90.65041981502827, 42.786594856115414, 70.16478000148948, 84.06868253521914, 60.08525760226411, 65.21146479193358, 63.899940946366556, 69.31057323143614, 57.69968425914886, 41.986032132761665, 46.98938117666975, 72.77295743950876, 80.20645195648224, 46.75940850851043, 22.835958921847617, 58.0246165987687, 72.76544898427028, 79.42432566701466, 38.523114169650896, 51.51794915501579, 89.58749439628208, 74.9551915957135, 92.72925880236541, 63.699283729472135, 77.55195820235434, 38.58403036743646, 20.321476220425232, 8.492813809341465, 84.56013138033039, 0.0, 16.821190926640217, 21.141693476103, 92.7513869226184, 73.99687481652077], [43.73384785591664, 35.924548062477925, 72.84788241991593, 73.85763491303682, 40.275108101231645, 63.07393760216234, 67.44277618692401, 43.56972376173065, 51.751409134068936, 52.689447302370986, 54.2745487253012, 41.563852148608426, 26.453897633257153, 45.32740781508157, 59.79253375319922, 65.31261083934237, 41.57803522599016, 33.2236707544891, 50.92374371531906, 56.3285869462147, 62.76633291360718, 28.45881490334001, 35.5132969701068, 77.03734912722516, 60.331805572441546, 79.10040972266906, 49.66184052269344, 72.10666439605389, 31.29180033477165, 35.682220459642295, 17.81159361759075, 67.87821499120425, 16.821190926640217, 0.0, 37.30137782288378, 77.44144015061009, 58.845079024590966], [76.94032331595083, 60.97059556516918, 92.18654347556753, 110.89695880839369, 47.19360532423798, 76.64037503258915, 103.0139450515016, 80.86891135519072, 86.08061115569221, 84.0062268573538, 85.59877182509877, 78.70148330673462, 63.09500842162305, 49.62991923556955, 86.2267466315589, 96.03153002833744, 53.46047939623211, 17.078219691279696, 65.50229069432226, 91.33096712253275, 100.03494519213925, 51.43934036098213, 69.6828640895689, 101.93227267037135, 90.51463399851193, 106.46528276610212, 78.83733637924844, 81.5548206226635, 48.85801359290852, 3.9949620646133606, 20.7962542645962, 103.67895218318453, 21.141693476103, 37.30137782288378, 0.0, 108.99995529587198, 95.13504909193584], [78.94686634889287, 48.88035470816899, 41.28025743426242, 40.10477113188062, 71.43524309644151, 55.269011374930415, 23.780552319265833, 52.07069613819427, 76.22530834900941, 87.10617385315119, 23.491636835225506, 57.2859962140461, 66.24763035113283, 73.58489148963481, 27.151829620546152, 13.113104376744628, 64.14377474818336, 95.7964037972792, 56.15511630719053, 25.84645731940583, 45.43904797250847, 58.13058839738125, 42.19911125788407, 25.264200960384795, 18.7432567127236, 16.957541770964927, 30.441121981937336, 63.85375819537066, 62.468940686153935, 105.82465669087185, 88.83276278378361, 25.419811426158105, 92.7513869226184, 77.44144015061009, 108.99995529587198, 0.0, 66.08827279054974], [22.96802193382344, 65.85389621444952, 91.81432388047456, 32.65123484348506, 87.25616002483734, 94.06280564010784, 42.78789101300274, 20.91935370518143, 14.387435124421998, 25.44003965805582, 56.24892808956466, 19.189566158922695, 32.391935741436576, 92.18487868599503, 70.96549387686004, 62.3765876665954, 83.77493109888151, 91.73419396630781, 85.72318636960641, 42.34237658570711, 21.576117470620837, 67.55390887214564, 45.641384233969184, 83.83806770189898, 61.79514744524962, 79.33639935557, 60.80566828537087, 105.1775917219967, 74.14969603392439, 94.09302772030442, 76.65501172496097, 41.45618474823815, 73.99687481652077, 58.845079024590966, 95.13504909193584, 66.08827279054974, 0.0]]",Route_2,2145.5240172145236
