instance_id,num_cities,city_coordinates,distance_matrix,best_route,total_distance
2164,100,"[[32.67500199035468, 89.19239010668305], [46.34347199877949, 27.341584892995275], [86.99399064139843, 18.99895565767643], [83.6724815032564, 21.627361742227958], [65.26240836305213, 5.545291006846087], [4.826155058312209, 10.763175526082925], [99.92721642964467, 7.340872538540022], [29.478928340148293, 82.70653300561949], [55.45694382595187, 88.15230148783562], [31.334551844562743, 36.07292819227774], [44.12836014283855, 15.480348525781796], [11.11687442161906, 87.70942850684641], [36.878020992652225, 44.4410741274191], [18.617258189631837, 49.786350820368796], [68.26189878768535, 94.55951633136027], [38.58434959344743, 4.6081091967561605], [19.042125207852024, 61.498685384536515], [30.096882366058807, 28.632403690801446], [96.4869853463962, 27.086071779441557], [62.694467710614155, 16.788790409762854], [56.72560985402409, 68.12377110345831], [35.24616209158234, 97.56926462366968], [51.402273423102365, 88.75553440653158], [13.629103517204378, 40.736649080877285], [33.52833454455497, 87.83260944682084], [30.05351370263556, 56.8152933235926], [73.32498342305075, 74.38463537954365], [46.91183560615075, 78.00073145833001], [5.916676508324903, 68.04121635929404], [81.3282939215739, 90.6047420618268], [88.49889745483154, 43.324051775823335], [12.418254966120157, 81.4735201693026], [88.73271515922234, 29.088715017048205], [58.02134331656925, 2.9036679146487887], [80.2346485491052, 57.63373871354569], [69.69334957902893, 52.46553617794585], [0.009253445379098224, 62.068239047084205], [29.972382769168515, 0.7871907886413121], [98.6865310741788, 19.196385125841886], [36.987601414131156, 30.287658736136603], [75.68652418764712, 16.46217227484351], [49.8630050006602, 22.67611595091985], [91.64899877930858, 47.060115972771854], [38.29583328306566, 36.45205573021868], [42.38882338468113, 71.05564907611041], [3.648933118807629, 91.91681646912797], [91.42339407574094, 51.17166251746489], [31.620251448504767, 4.659319509459836], [68.95917453101778, 7.032939212916867], [64.44513585839998, 94.33793582140068], [91.45743943031549, 13.62316950297815], [97.85685567830215, 48.594713997463536], [95.82690184755221, 63.0720794558993], [42.81591660635691, 33.132454497651466], [13.972560924752297, 80.3137315121251], [53.45981985279958, 51.493641854027395], [6.652733588502269, 99.28380520694114], [31.1224022346945, 0.8930664602088134], [40.75517804247944, 92.31193574875617], [16.478310866431855, 15.695575929704674], [55.3961286306466, 15.425130982810774], [91.76376432187305, 33.03237650732315], [50.978281347923584, 61.40880727569861], [48.08140997697264, 82.37472402649463], [78.48755838649774, 0.9458973361071599], [75.62629573547576, 54.7563838581907], [35.457270167249646, 70.65094350112899], [34.58669129203036, 83.30394476236835], [67.49858870175933, 87.26937527586524], [6.0191279933089366, 40.56848648954665], [45.74118293979429, 35.73096893745065], [88.55400428235018, 42.0883730922073], [46.35402915331548, 63.5306223675823], [34.63311937110256, 35.11585960706082], [69.0792507587503, 81.95591378306555], [6.391462619504928, 29.585646777912967], [89.30555396824542, 90.32090959055293], [92.38387917923583, 8.647595802072583], [75.61653716645222, 7.097011586185664], [10.367657620976056, 27.1229425174199], [34.47279001495129, 27.896936272643934], [43.638719737307994, 60.04579081711229], [25.547011783375993, 68.91248870926957], [86.93075267865716, 30.325711004273547], [91.35786379857265, 16.69593333195524], [85.85374710263183, 57.893144176955005], [52.408625582186005, 67.05228964037889], [41.97724360981909, 98.79243129088626], [83.94129185861841, 89.6713931531819], [75.69198332763338, 73.14577553444113], [23.460981639375554, 21.936645289908885], [67.78359955295137, 89.91409955620564], [88.73041085772611, 46.85920282072325], [4.182745760194695, 83.52378815288625], [16.977843971956773, 68.3780249939252], [88.24465303250747, 82.51588460581004], [41.63628308297837, 11.644897812793065], [41.88253819643704, 11.817686177519349], [46.22095931231477, 22.37583062320937], [37.994517071575004, 10.072188443526231]]","[[0.0, 63.34310679113202, 88.75624354274582, 84.65090651941331, 89.77068698588236, 83.22679841958448, 105.93644922875352, 7.230575987634745, 22.805671622111667, 53.13637210677174, 74.5965447389729, 21.609073079992786, 44.948255256568075, 41.83845232559761, 35.989349363047424, 84.79045327242684, 30.867403690695163, 60.61483857512898, 89.0458533340906, 78.38016057142073, 31.9737149126441, 8.762584717963364, 18.732366060339583, 52.06443207228428, 1.605359738810371, 32.483050918044235, 43.26303954344464, 18.10913180428914, 34.10835870420156, 48.67378713218893, 72.25103297575097, 21.677563357398583, 82.18831404161683, 89.93431267407918, 57.07774048214278, 52.14613943235591, 42.459047312763765, 88.4465003101729, 96.21311077635156, 59.06238982318778, 84.4966012783651, 68.70110752416531, 72.47800232455768, 53.039010309039405, 20.574248498813542, 29.153647681553974, 69.97820588606005, 84.53965059840652, 89.81490159280801, 32.18412724769413, 95.73965768705423, 76.79091974749413, 68.34056689892871, 56.96976855963007, 20.702943758099913, 43.04885914158605, 27.910483899491307, 88.31297256024214, 8.661455423097664, 75.26031156943911, 77.18716288640684, 81.51950049743284, 33.27067041956596, 16.847491737082922, 99.42954193727884, 55.051359299529395, 18.749033533352446, 6.190988980697894, 34.876642290883794, 55.45105609016793, 55.0349764971109, 73.08386495013013, 29.079926196958805, 54.11197071400524, 37.11651812836855, 65.14436500665953, 56.64179528886826, 100.26272440308463, 92.6478635355601, 65.95630323820714, 61.321812615921615, 31.14044567731274, 21.49610767277642, 80.0560578051236, 93.2706519484687, 61.70592943539655, 29.6580503189627, 13.367591027754163, 51.268527585404634, 45.91246587368044, 67.88396999209242, 35.116014684783075, 70.2446269053821, 29.050674918075128, 26.06987849802421, 55.96929374799918, 78.06355180166953, 77.92062327209696, 68.175843089594, 79.29882440438783], [63.34310679113202, 0.0, 41.497760523574115, 37.76383583273941, 28.861818728673043, 44.7049355560674, 57.19480887211648, 57.876509158098415, 61.48982534958654, 17.36387168823758, 12.066302196333295, 69.8941322247411, 19.544495256403323, 35.67226443226106, 70.70125698849607, 24.021134397284833, 43.72723465516351, 16.29778782113686, 50.144164344356284, 19.460640590015945, 42.08295971708958, 71.0990667134988, 61.62194955291432, 35.3504971640535, 61.83358148726463, 33.6758404489327, 54.231453583856855, 50.66233480524018, 57.36537104490457, 72.29221825298983, 45.083468622561156, 63.88416679797401, 42.425233050456235, 27.084764439725372, 45.4557634525396, 34.29912114298565, 57.90337052099795, 31.19532671432106, 52.973013059647435, 9.808754532861423, 31.294988906766037, 5.844117812022429, 49.41063878159595, 12.155869684006747, 43.89258084308213, 77.41307501504248, 50.99090089470046, 27.041789628298677, 30.395905816172952, 69.3987123238518, 47.15363165469601, 55.725435797711874, 61.03505608507397, 6.780694494278636, 62.07998229059964, 25.178646949912864, 82.16469910644948, 30.515653229983258, 65.21024091093891, 32.055535781423664, 14.965041459616442, 45.77540894315393, 34.38105726378229, 55.06057420063057, 41.592963483045445, 40.11302741375304, 44.656577716667115, 57.18398040304476, 63.552175595253225, 42.438233296361226, 8.41097596928773, 44.712378575231064, 36.189039014466466, 14.05602027582128, 59.157759896188644, 40.014983033671065, 76.23736502864921, 49.69088771066333, 35.59150309674491, 35.97647876925375, 11.8836655084221, 32.815861559968006, 46.48260751714333, 40.6968347864448, 46.25608464044876, 49.94456540469042, 40.17121058076523, 71.58412813829317, 72.79149027162809, 54.39999078619206, 23.512161473612455, 66.14377265334082, 46.66465466929812, 70.24220099128868, 50.461168491890135, 69.28139952989372, 16.387300350662642, 16.15213180101118, 4.967265326740836, 19.181686633490447], [88.75624354274582, 41.497760523574115, 0.0, 4.235674857690146, 25.55900547473506, 82.57954515971277, 17.412042709069233, 85.82911978495895, 76.00506931346924, 58.21935816625788, 43.009799745961224, 102.3643778127256, 56.20419740608767, 74.98827402790548, 77.84786184949077, 50.503364326084686, 80.14788233481252, 57.70688218144037, 12.470701489332072, 24.399828792161543, 57.70114702561485, 94.08045073570173, 78.31188040963123, 76.51754032969697, 87.15875329437502, 68.35417550140134, 57.04748264900472, 71.32873684497869, 94.75586631844232, 71.82958141238076, 24.371603264336205, 97.28623521560648, 10.238476785094175, 33.14321318972841, 39.22161607194086, 37.67391926636545, 97.0634208996245, 59.85926949085975, 11.694207120070347, 51.26474208208394, 11.58853172468921, 37.31261988221833, 28.444644821011497, 51.73124038952781, 68.55304716539267, 110.74029546087634, 32.476186375097136, 57.200316057394716, 21.643478040543798, 78.6410375321612, 6.987234923224702, 31.526350066524724, 44.949533498238615, 46.38381199195669, 95.35004423671953, 46.69523788865668, 113.57981621744071, 58.73208335074712, 86.67652992819337, 70.59301248532184, 31.799325566074387, 14.82186363809382, 55.63925619717384, 74.36852123246462, 19.956760871173366, 37.52090296073741, 72.96548091673704, 82.95575114992823, 70.99944289662888, 83.7984071518305, 44.5169002925863, 23.14205781744514, 60.288272571993666, 54.78517530407453, 65.45621805042622, 81.29480642941111, 71.35940328938703, 11.670541945878862, 16.465197243138622, 77.05578547165655, 53.26960272301501, 59.703619586863994, 79.1649669517441, 11.326931875914063, 4.9342984065291375, 38.91089893462859, 59.20532394246431, 91.61608083154866, 70.73833749399623, 55.31377289687622, 63.60089034932172, 73.47106069684982, 27.914306854258978, 104.9816950106521, 85.67702891061774, 63.52924066458522, 45.95001416475349, 45.67946774033875, 40.912630913878914, 49.80597939018418], [84.65090651941331, 37.76383583273941, 4.235674857690146, 0.0, 24.445117961783225, 79.59129183523649, 21.64070658029073, 81.65541235377688, 72.26122178994845, 54.29487334013378, 40.01903679064027, 98.13845152063708, 52.05945646347758, 70.88801553357533, 74.54250621388142, 48.19330447606683, 75.93948514350508, 54.031615149012175, 13.928712216720573, 21.528790844439957, 53.74058033895158, 90.06820207495988, 74.48192998831998, 72.60330338413, 83.05161225311852, 64.13411133693843, 53.76244635582039, 67.30008840945696, 90.55501703839474, 69.01720228445004, 22.227025202476735, 93.05228357157092, 9.015417757632818, 31.757795906225077, 36.17012410845847, 33.85866405933229, 92.92470223923684, 57.60219899817631, 15.209580264673015, 47.481351844263095, 9.510767397045974, 33.82573852512098, 26.654264491942133, 47.73690140275664, 64.40105601938721, 106.50997954108873, 30.54410506143476, 54.748051206283066, 20.7238647704377, 75.20982916793285, 11.165691350245487, 30.470224127755678, 43.19021370949366, 42.44556578119155, 91.11623853857706, 42.48293318170782, 109.37351041472732, 56.49267060401819, 82.69343346861818, 67.45548643732656, 28.948571608447445, 13.983676892823299, 51.49246675514251, 70.40572701765811, 21.321500831516058, 34.09212829627367, 68.7605858951729, 78.82522244624981, 67.6052420238589, 79.93002888798651, 40.46844630854563, 21.035262064133995, 56.111942907291876, 50.860580147872135, 62.06848294349112, 77.68970446860999, 68.92412510424727, 15.632107130207281, 16.614129974659694, 73.51053402383089, 49.597552432925994, 55.485833991340805, 74.92965676183216, 9.288574214430138, 9.131488771870954, 36.331321132295415, 55.14392769476671, 87.70941124782222, 68.04456238129565, 52.132862100567834, 60.212294194549585, 70.11087740790055, 25.733799827566248, 100.74614479428888, 81.44813803829426, 61.05994570094091, 43.20522611596257, 42.9258558012769, 37.45900052169561, 47.11685966387171], [89.77068698588236, 28.861818728673043, 25.55900547473506, 24.445117961783225, 0.0, 60.66108334320101, 34.71128103845578, 85.05477475922696, 83.18692995534, 45.640290096191904, 23.352802017720993, 98.40063179127378, 48.15137994861176, 64.28873469064877, 89.06474753195481, 26.694514969552188, 72.57476777318846, 42.06695842020036, 37.93388253371646, 11.533022067863795, 63.15808024303649, 96.79559267063439, 84.35667102955475, 62.485437122572215, 88.19441148485338, 62.195493412043156, 69.30988710321898, 74.74312257007239, 86.18385333130524, 86.56340388729049, 44.35278109151666, 92.50729988484687, 33.24376806606789, 7.707865824508502, 54.197549397389196, 47.12900006339571, 86.32970451628624, 35.60934461771854, 36.10435361080621, 37.571923943952974, 15.09438595452378, 23.034903672083107, 49.190780088820816, 41.017365556681675, 69.38881685204025, 106.09552649548773, 52.59432432006818, 33.65382099193504, 3.9848685405720774, 88.79640593802493, 27.41225590157011, 53.996766714422, 65.14230308506271, 35.56538459867701, 90.66955467981255, 47.439983569959345, 110.55316830204337, 34.45552512553873, 90.16127205044542, 49.82887167671934, 13.962618440276382, 38.18195564617755, 57.66080761231736, 78.72705052053665, 14.002107529978359, 50.29057387912713, 71.60371673018943, 83.59071630087024, 81.7546723564896, 68.82143917986208, 35.947926145409774, 43.334689208131046, 60.990371841411005, 42.57430999431898, 76.50589231505838, 63.5903055373942, 88.11911459406902, 27.298323653213387, 10.469757400902147, 58.98329173373109, 38.04729483300713, 58.63350909976276, 74.78445339867756, 32.91787296634634, 28.37797770542773, 56.252119627685126, 62.83574311395622, 96.11049926379881, 86.17483246851522, 68.4003036711639, 44.900286985361056, 84.40647049281537, 47.514065816922496, 99.05236595273178, 79.24236000226696, 80.32842491312512, 24.400799145456176, 24.206636903644082, 25.41345796482251, 27.64110518568379], [83.22679841958448, 44.7049355560674, 82.57954515971277, 79.59129183523649, 60.66108334320101, 0.0, 95.16261887785816, 76.05002245833988, 92.4800172380897, 36.650766434022266, 39.58427775790859, 77.20297272701056, 46.492181752148255, 41.38843722136966, 105.09957333335322, 34.31472773883607, 52.68952237295237, 30.95026613561278, 93.10287187406651, 58.18117946510705, 77.35496967282295, 91.9819217690214, 90.84130583422741, 31.239414503314062, 82.2405785006616, 52.50921040927033, 93.48678859190439, 79.32271701673344, 57.28842115754228, 110.57690987514252, 89.78495688201444, 71.11675485125178, 85.8844352930295, 53.772668835809135, 88.78789660793248, 77.11575590582348, 51.53069070022887, 27.052782473673673, 94.23846990477578, 37.62398272801389, 71.089172713487, 46.58579185004034, 94.10459116106419, 42.1916807748989, 71.03616275234441, 81.16217893703649, 95.56111984679944, 27.48055057015044, 64.2414107071015, 102.66042777068998, 86.67848059057552, 100.42876361360698, 104.96360010278865, 44.08635417206955, 70.14938758279533, 63.43661591411051, 88.53947293847297, 28.08757142462915, 89.11282167259587, 12.653114585679859, 50.78440760496388, 89.74444393279425, 68.5200611235127, 83.66140661443075, 74.31272630806245, 83.35503763575653, 67.26670770782474, 78.40824394354503, 98.89910282174392, 29.829176087388092, 47.931515878127556, 89.39586533078563, 67.14884789049553, 38.490366892144216, 95.9002934699206, 18.88744587780718, 116.04396533063041, 87.58327883108976, 70.88525204194927, 17.272817565841677, 34.24162264806692, 62.73110350444054, 61.73083935195556, 84.40294867322005, 86.73485016239093, 93.73742378331545, 73.7058740462899, 95.54764911324122, 111.73948129473654, 94.41162216644587, 21.727935665162438, 101.13608946423543, 91.33918834601553, 72.76345734881373, 58.88237786176877, 110.0322546553999, 36.82068656860155, 37.07138416613945, 42.99283170055219, 33.175558801489906], [105.93644922875352, 57.19480887211648, 17.412042709069233, 21.64070658029073, 34.71128103845578, 95.16261887785816, 0.0, 103.1646454575393, 92.2393202179732, 74.36722838032244, 56.389391132220325, 119.77638179546614, 73.15480847618655, 91.72201445436002, 92.78892264933913, 61.40370760113452, 97.3420087845926, 73.00414271970953, 20.0426565846209, 38.41276778983572, 74.57170756170096, 111.01712268182445, 94.77878064665938, 92.53454589024588, 104.34429177536254, 85.61572662074931, 72.12866931267936, 88.3371171502937, 111.90403637159747, 85.31583608247736, 37.75441249195292, 114.6885686595287, 24.459875534505326, 42.14013509996686, 54.0108287089421, 54.31686637970084, 113.92402719306226, 70.26115211796518, 11.920254982966613, 66.99216472916264, 25.8999858928674, 52.360242135832394, 40.57273944971062, 68.1607539232064, 85.85009856388773, 128.15068524604837, 44.64810348495637, 68.35958010098105, 30.969572841228214, 93.95460106618707, 10.545348622390547, 41.30576023702622, 55.881839663146685, 62.66503225451202, 112.75300860617183, 64.09903262028561, 130.9718749081218, 69.10627076919562, 103.54425000919512, 83.86608914485252, 45.25895508245675, 26.957287075925873, 72.93380431854754, 91.20343478095744, 22.37307857329443, 53.280066256417214, 90.35783893146268, 100.19866549481469, 86.25648640041153, 99.61326920969807, 61.172900854076104, 36.561438008843076, 77.63616670595604, 70.95610627244717, 80.74033295667614, 96.1445121771999, 83.65707538874003, 7.65568171757831, 24.311902319684876, 91.71829079661632, 68.60636773301043, 77.11162863429989, 96.55816258140196, 26.404750885524294, 12.686645221024962, 52.47470539891069, 76.31166233570042, 108.26627798189222, 83.86813703110683, 70.12582820764956, 77.84678313976862, 88.60897204023182, 41.07391974607569, 122.35538523201897, 102.98607852999436, 76.07736014638206, 58.449615430615985, 58.217063920767764, 55.771067930966794, 61.99289746696692], [7.230575987634745, 57.876509158098415, 85.82911978495895, 81.65541235377688, 85.05477475922696, 76.05002245833988, 103.1646454575393, 0.0, 26.542676634856342, 46.67050928024105, 68.80382061963451, 19.03139478606787, 38.97424682068382, 34.665750728474315, 40.553816225539386, 78.6274284052891, 23.636828474678747, 54.077660159568694, 87.08453026092138, 73.81341913639132, 30.903698778846923, 15.942452016357738, 22.74254773710551, 44.86299258380278, 6.532560775785159, 25.8976145737585, 44.62880825690737, 18.056877469471665, 27.7534002191309, 52.44748247048544, 70.95305900462228, 17.105171634034974, 79.9117116463903, 84.7535647003351, 56.61084832028721, 50.31617597462571, 35.97778364383087, 81.92082840484404, 93.9320560825888, 52.95392857014303, 80.76792211413493, 63.39685759612064, 71.66438938336, 47.087307002981284, 17.389896100889917, 27.422946132986134, 69.50945901079001, 78.07658291171245, 85.3532813475535, 36.85003663054357, 92.81081267714475, 76.41437785591818, 69.19223478639269, 51.3367754726294, 15.68989896106803, 39.36150062920222, 28.21065615112105, 81.82997198226997, 14.81275022428924, 68.26041622293259, 72.10054319526736, 79.66757569480568, 30.26244043397476, 18.6054406087847, 95.32390762082026, 53.951740981017906, 13.456515496310738, 5.142581373174443, 38.292481032121685, 48.22838579617073, 49.71080912826046, 71.691697652716, 25.54377764255991, 47.868965726364394, 39.607435727076556, 57.921150083702784, 60.30923531949042, 97.16871420260188, 88.5747067592372, 58.7773442753359, 55.03662915239696, 26.720945509937852, 14.343487227975071, 77.74614224101134, 90.47873740688809, 61.594029383255624, 27.763759668850533, 20.37066538491157, 54.90590420795461, 47.191678659473574, 61.06713465910626, 38.9768758663656, 69.2514928497271, 25.309380851654232, 19.015342548106517, 58.76603394334607, 72.09408623889591, 71.96581231449323, 62.61061612081395, 73.131821127384], [22.805671622111667, 61.48982534958654, 76.00506931346924, 72.26122178994845, 83.18692995534, 92.4800172380897, 92.2393202179732, 26.542676634856342, 0.0, 57.39469416036514, 73.5496400778703, 44.34228107865382, 47.49576582180487, 53.189365557424935, 14.318494111571429, 85.23095976054476, 45.12709016069124, 64.69737978480231, 73.5700259478528, 71.72957873409875, 20.068670679661608, 22.29697048964237, 4.099297748388399, 63.22825569372901, 21.930939515151973, 40.34033146512368, 22.556938380748942, 13.269259532923042, 53.46675444563083, 25.9873280761836, 55.68969987219865, 43.55381566148008, 67.79221345122379, 85.28719523376856, 39.31052435615747, 38.42161458150083, 61.27662427021319, 91.0061834148614, 81.38621268356415, 60.74070702508189, 74.4896673921007, 65.71470934308181, 54.75794510526494, 54.474022492038785, 21.519091420292522, 51.944600744215435, 51.58636643753323, 86.82894645876125, 82.2354009530101, 10.910988411722496, 82.76851574225617, 57.98754394820939, 47.52631952757332, 56.453335880086094, 42.218446252289404, 36.713019901821475, 50.05757996497274, 90.58887355554901, 15.278889826708767, 82.27582212290125, 72.727195932161, 66.0029646635692, 27.115915995346793, 9.36903948541331, 90.19626451306632, 39.01397276330934, 26.576013204268378, 21.426012316038673, 12.073970764038005, 68.61717776252321, 53.31408928186845, 56.72125624571495, 26.250526437350103, 56.97802938237845, 14.96537559699702, 76.40336700651028, 33.91800804393072, 87.66183194963138, 83.52466237402498, 75.87902468280733, 63.80473139493545, 30.490102700595916, 35.563667282013824, 65.83703525106687, 79.96804739962853, 42.890351486153634, 21.31906996278426, 17.17308010062774, 28.524826420747928, 25.19231320908252, 73.54083710406657, 12.451922495971537, 53.03059122663489, 51.482681777256914, 43.262722249430205, 33.26864996181291, 77.74569750454545, 77.53217385555865, 66.42173988492901, 80.00900200080056], [53.13637210677174, 17.36387168823758, 58.21935816625788, 54.29487334013378, 45.640290096191904, 36.650766434022266, 74.36722838032244, 46.67050928024105, 57.39469416036514, 0.0, 24.243264386093166, 55.45342771294356, 10.03772467183887, 18.70260725359931, 69.16870639536651, 32.2892304309141, 28.241332854853255, 7.542760144343005, 65.76931791797574, 36.81470213299085, 40.88963631725043, 61.62061415798719, 56.37526449498859, 18.30937445680537, 51.806151045090054, 20.78188562094062, 56.84173864116478, 44.727982920156556, 40.841643391738316, 73.9803553030523, 57.62240191344082, 49.18373755071559, 57.82152181993643, 42.57211136924564, 53.442380261807415, 41.71468518646016, 40.706639584174916, 35.312020173141434, 69.43419051173491, 8.088653294347411, 48.49411509013133, 22.86434242631733, 61.307020840749644, 6.9715978768192315, 36.687704748577744, 62.33003563375535, 61.956765077802515, 31.414907842311194, 47.52823573644943, 67.0158331124752, 64.17751379460601, 67.69056084196153, 69.91578775830259, 11.851924837010987, 47.52564999118894, 26.96898022310041, 67.85872917604706, 35.1805014026869, 57.02257595811077, 25.21793768794917, 31.70632440122761, 60.50565820794611, 32.05905297620209, 49.23731872046413, 58.79893130588451, 48.07109414729777, 34.82292275308564, 47.342848849957775, 62.68104781982549, 25.711490216881117, 14.410688937245663, 57.53478351940074, 31.297119165391123, 3.434607401720337, 59.413051283763515, 25.772902829102467, 79.39446185353002, 66.92659579516427, 52.91973135996854, 22.797212482302157, 8.757590004333442, 26.94607002815164, 33.34564971490299, 55.89246865715498, 63.07349607993324, 58.72362792952619, 37.46781845305219, 63.61605895484738, 75.10169466178321, 57.80984118496311, 16.18108779012763, 65.01849592760695, 58.40058520442389, 54.669961447255524, 35.351581864227214, 73.45548187610895, 26.51140008995328, 26.449513819233562, 20.22907830605542, 26.840149111123047], [74.5965447389729, 12.066302196333295, 43.009799745961224, 40.01903679064027, 23.352802017720993, 39.58427775790859, 56.389391132220325, 68.80382061963451, 73.5496400778703, 24.243264386093166, 0.0, 79.41535232203725, 29.85449790510728, 42.75182003497765, 82.67975851649032, 12.20416490380935, 52.41189283415704, 19.231716607312617, 53.62945501724925, 18.612156521531038, 54.129665073578515, 82.56805428461917, 73.63533581282313, 39.59905772168837, 73.12462104565316, 43.665535193712685, 65.74311994967148, 62.58231393682505, 64.98290231742578, 83.83024261745194, 52.38335987726766, 73.21631972374561, 46.63406614255531, 18.74000738153572, 55.502904129409075, 44.96079170275268, 64.16328482089014, 20.402955170571474, 54.684576832835845, 16.439187050681326, 31.57343338557386, 9.201370576279288, 57.056926033777366, 21.767656572047485, 55.602518102981065, 86.49345434105423, 59.251077029597546, 16.539269998441593, 26.22838285673148, 81.43273573669607, 47.365502848835256, 63.11348851946341, 70.26885559989375, 17.700829169238634, 71.50342492451254, 37.20259986432245, 91.80109987005072, 19.54338095542841, 76.90559896836967, 27.650886926518613, 11.267903783396974, 50.76618379950169, 46.43645920673414, 67.01107428344599, 37.306899835447425, 50.34607132667409, 55.847850015005626, 68.49148597396614, 75.49723137056347, 45.625960170890004, 20.31474401590823, 51.78440719500443, 48.10179226199597, 21.810843466869155, 71.00385706989857, 40.2868821512432, 87.41903924448106, 48.73686107306723, 32.585052255800186, 35.71183318766793, 15.729007780851141, 44.568132049129424, 56.57084153027592, 45.30374812207166, 47.24514432180307, 59.4966650484938, 52.23244112688514, 83.33984903393002, 84.19845981198364, 65.73860190666315, 21.65235096038955, 78.10219999467927, 54.53416749925287, 78.90222927582144, 59.45851246098985, 80.2496753629809, 4.573962204046632, 4.296371922019562, 7.206014476812875, 8.177544026062492], [21.609073079992786, 69.8941322247411, 102.3643778127256, 98.13845152063708, 98.40063179127378, 77.20297272701056, 119.77638179546614, 19.03139478606787, 44.34228107865382, 55.45342771294356, 79.41535232203725, 0.0, 50.35659999799391, 38.65767165624549, 57.55412681121887, 87.52309102969677, 27.382707226430362, 62.0510722122236, 104.70552621617895, 87.69255976183209, 49.63622390619586, 26.066048640145954, 40.298979022576596, 47.03991179869977, 22.411798642365135, 36.23594756564947, 63.61917114690683, 37.08824671755193, 20.344056316736722, 70.27109127358342, 89.20784245943554, 6.370254635087542, 97.26565058363619, 96.91257004093167, 75.37780719071792, 68.36179772619933, 27.943690534058423, 88.94383399080941, 111.18669830323503, 62.980585569852366, 96.15306126949991, 75.70068940798981, 90.20969827604591, 58.01736006364288, 35.429975462536866, 8.57159616217357, 88.22780424816584, 85.54360919428414, 99.26946966081402, 53.738632073106906, 109.28577290345174, 95.15138064978491, 88.22010946921654, 63.11477931063476, 7.927879883165932, 55.7181140265034, 12.40543225258985, 89.09153642233694, 29.993534543866907, 72.21315644502786, 84.76834327654981, 97.43459788977557, 47.75619791491719, 37.347502737340875, 109.84862037873485, 72.43872299996022, 29.72283256596177, 23.879710864110212, 56.383431538116504, 47.41577198491834, 62.45480765777036, 89.87652517878797, 42.734900724181294, 57.61160704355158, 58.24723171382478, 58.315551263554525, 78.23227877734091, 113.38033097902013, 103.24034219232155, 60.59111824649996, 64.21084815254655, 42.69598661427648, 23.697126619759224, 95.082254762853, 107.15191492991002, 80.46496721790696, 46.1706194462962, 32.7901713497054, 72.8508413150583, 66.197014117891, 66.92111770663821, 56.709596291508305, 87.70747959396687, 8.099489210183968, 20.200349646710784, 77.30243936450006, 81.95881364896418, 81.89067481274117, 74.16721505108542, 82.15807153937061], [44.948255256568075, 19.544495256403323, 56.20419740608767, 52.05945646347758, 48.15137994861176, 46.492181752148255, 73.15480847618655, 38.97424682068382, 47.49576582180487, 10.03772467183887, 29.85449790510728, 50.35659999799391, 0.0, 19.02701871214627, 59.13379773364269, 39.86949526218404, 24.679572124435065, 17.20168311667978, 62.08401354474617, 37.830380859081025, 30.899788343432864, 53.15324626849137, 46.63395006315115, 23.542194645054455, 43.52063575679306, 14.131355223984688, 47.169883727465525, 35.02753254036343, 38.93034248040868, 64.08518550034702, 51.6329606516762, 44.381101990799024, 54.07961018130871, 46.6089711727017, 45.31935074502962, 33.78221102047964, 40.865914446637944, 44.196712206104884, 66.7651573897982, 14.153839588852339, 47.842646970166555, 25.344096237841754, 54.83356078073093, 8.113852761891488, 27.179119608690396, 57.949274299373364, 54.95906244514692, 40.127697928773436, 49.28051308716039, 57.00563681715745, 62.678992991549215, 61.12013582928171, 61.82301281557743, 12.772763297345612, 42.56180974491875, 18.01928869230917, 62.62022956620519, 43.92671304650919, 48.02761433965076, 35.248430317797435, 34.42158141433203, 56.05892615978201, 22.06176126871244, 39.55347923254825, 60.19288999738515, 40.09781054355821, 26.24834824317176, 38.93035969247847, 52.64867088626271, 31.100935872701978, 12.426647662245138, 51.72951238044129, 21.312099443144373, 9.591621820168747, 49.43968439257986, 33.9133301693563, 69.66782267324811, 66.04599445580467, 53.807542616545106, 31.665707769755645, 16.718063087986504, 17.006299729264427, 26.967422964338034, 52.004994234491164, 61.13792693506963, 50.78956523359261, 27.43112731715489, 54.5900366075184, 65.27429221198481, 48.27508213361867, 26.2005011843273, 54.981368005842576, 51.90874378269039, 50.9552701702444, 31.128679095659393, 63.93920612647042, 33.13955701243263, 33.00500922242929, 23.96175008936301, 34.38701596019559], [41.83845232559761, 35.67226443226106, 74.98827402790548, 70.88801553357533, 64.28873469064877, 41.38843722136966, 91.72201445436002, 34.665750728474315, 53.189365557424935, 18.70260725359931, 42.75182003497765, 38.65767165624549, 19.02701871214627, 0.0, 66.85227512945644, 49.393909091403685, 11.720038094057934, 24.068054561857245, 81.11101698292832, 55.06032502817399, 42.290748979128416, 50.59374760297943, 50.92597071466536, 10.333382244445211, 40.86389596616094, 13.423634860660288, 59.98342107173782, 39.95790767749411, 22.238365292615143, 74.82523014407406, 70.17980347174415, 32.28783582578923, 73.10656218084253, 61.24269655337869, 62.11508908033297, 51.146311165110426, 22.295798235893304, 50.29767925095191, 85.71367721345514, 26.78933562411743, 66.08632231624235, 41.367396926270025, 73.08260730161513, 23.770774982299493, 31.897811211965195, 44.71047853923218, 72.81931413550045, 46.9630364076478, 66.0466709607631, 63.91430276337016, 81.32322968359111, 79.24855713818512, 78.34436584183956, 29.375624791604977, 30.87870114790768, 34.884365350759325, 50.92295984800809, 50.4671366644793, 47.9428083127448, 34.15781064847921, 50.33268063238774, 75.04070238634627, 34.38484133899024, 43.93333937648262, 77.2647574396708, 57.2252705568133, 26.812631932362464, 37.12750863272065, 61.59838954848731, 15.610314130886222, 30.549321657397552, 70.35913100046521, 30.95534628873318, 21.719372040275182, 59.84390925780733, 23.612253622503424, 81.48549327811834, 84.46248597264513, 71.21304296355103, 24.11816712456688, 27.02858410471897, 27.043107199961632, 20.34282761602368, 71.03133133592446, 79.91352472462329, 67.72344896617685, 37.94692548277007, 54.28890164586307, 76.53787282566184, 61.669984372876556, 28.267786524433188, 63.46310220640747, 70.17422869167372, 36.695637708603975, 18.663815996542592, 76.93631453623213, 44.549365254396335, 44.529683903618896, 38.901168788987455, 44.18928439194352], [35.989349363047424, 70.70125698849607, 77.84786184949077, 74.54250621388142, 89.06474753195481, 105.09957333335322, 92.78892264933913, 40.553816225539386, 14.318494111571429, 69.16870639536651, 82.67975851649032, 57.55412681121887, 59.13379773364269, 66.85227512945644, 0.0, 94.72070825153135, 59.29253455659084, 76.17711375199217, 73.13905407473882, 77.96975118063519, 28.84327630688748, 33.15263872408141, 17.830680682964076, 76.69187282971646, 35.37897343430034, 53.70760710800244, 20.80049632688716, 27.01885553325335, 67.75062342496452, 13.651773559427006, 55.08728476949792, 57.35639328639157, 68.59650244476983, 92.22615423698528, 38.81829194503379, 42.11831212814784, 75.59171049649791, 101.28838074834604, 81.27274939897455, 71.47694282039635, 78.4494755305076, 74.20069098627677, 52.944777650337265, 65.37921733502459, 34.95493966182675, 64.66698690281937, 49.18293121149427, 97.08066598630913, 87.52935447912922, 3.8231893990176613, 84.19456837366687, 54.6683137379567, 41.84839393186564, 66.48896099876106, 56.12730699678765, 45.53867680655621, 61.79003270690321, 100.76083582262777, 27.59839315304498, 94.34543483218505, 80.17343067517115, 65.8629381254257, 37.38573180636117, 23.573741581514252, 94.17045064997404, 40.47868200771006, 40.5926534449669, 35.50644295364037, 7.329993103427216, 82.39656436733809, 62.99190924856082, 56.25824755740544, 37.98350974478165, 68.29672854394663, 12.630077649800292, 89.71931005301632, 21.46628077850306, 89.23411918678298, 87.77118229796226, 88.87876376296042, 74.73689484946789, 42.396912569428856, 49.82300269593554, 66.89176221628885, 81.21675416617785, 40.6681198741893, 31.748602985914864, 26.62331059192133, 16.423675449724044, 22.666152103707724, 85.32996880131269, 4.669975071971493, 51.906453311457, 65.02249725402532, 57.580593666571744, 23.33151371749455, 87.08477120446643, 86.84515601005138, 75.47375368543729, 89.74532282840767], [84.79045327242684, 24.021134397284833, 50.503364326084686, 48.19330447606683, 26.694514969552188, 34.31472773883607, 61.40370760113452, 78.6274284052891, 85.23095976054476, 32.2892304309141, 12.20416490380935, 87.52309102969677, 39.86949526218404, 49.393909091403685, 94.72070825153135, 0.0, 60.15343874554971, 25.479478524346028, 62.112591549598584, 27.01234514877643, 66.05561771180761, 93.02107241966405, 85.11808468673144, 43.90940333099933, 83.37793910890124, 52.89957689291443, 77.94661791905924, 73.86355004819248, 71.35079501372394, 96.03366930850723, 63.16950449379852, 81.19701910799871, 55.804647030933864, 19.51158233144685, 67.42747799486118, 57.07979675299145, 69.20769151799009, 9.421538625084096, 61.84731209459237, 25.729144356034155, 38.94984173366756, 21.299317732339563, 67.95608782536998, 31.845253531529245, 66.55636390944564, 94.03878821969816, 70.42818412860208, 6.964286429241765, 30.47145862270659, 93.38212919145892, 53.63613465959623, 73.81091639773045, 81.82142510996671, 28.83651217171473, 79.60578742547428, 49.18874655846516, 99.91554191265854, 8.335598413981625, 87.7306884050184, 24.730727178038098, 19.991094885363076, 60.29916353483239, 58.13715547384296, 78.34437145069978, 40.070910492451326, 62.345450720221805, 66.1168253071228, 78.7973083757609, 87.57235941216786, 48.51435244240583, 31.935132095958586, 62.46388213520545, 59.43257085831986, 30.762559311075137, 83.14217865442002, 40.74628026378773, 99.59580676201621, 53.950966957846575, 37.11573186057791, 36.09846846234063, 23.64898282671216, 55.66761357370299, 65.61269238236815, 54.761023858284446, 54.14018187891554, 71.22984552645262, 63.95612775871073, 94.24541505101016, 96.40028261938639, 77.93836146831886, 22.999878725896465, 90.1648944401538, 65.57272582973826, 86.08806381495093, 67.33084914026806, 92.3892158579512, 7.67011682122946, 7.9281806426468995, 19.339331236791608, 5.495822451539148], [30.867403690695163, 43.72723465516351, 80.14788233481252, 75.93948514350508, 72.57476777318846, 52.68952237295237, 97.3420087845926, 23.636828474678747, 45.12709016069124, 28.241332854853255, 52.41189283415704, 27.382707226430362, 24.679572124435065, 11.720038094057934, 59.29253455659084, 60.15343874554971, 0.0, 34.67564171286335, 84.74629394263937, 62.486012151790774, 38.261426735830796, 39.54310936150415, 42.309750780651065, 21.45607036010755, 30.055379176861784, 11.965986703133332, 55.79136495269848, 32.38886046631841, 14.665678133641821, 68.75121343173414, 71.79526807373693, 21.04446914650028, 76.8582104071615, 70.37581627706635, 61.31445772115593, 51.4504063627085, 19.041391727005166, 61.68756849174822, 90.18157235808734, 36.00233743407863, 72.3662590497931, 49.56933052433449, 74.02857810656519, 31.591754172348523, 25.22704641376032, 34.09124611054292, 73.11426320645408, 58.21445501597201, 73.8798302594332, 56.03436218418886, 86.81038391150834, 79.86409842155672, 76.80089512832807, 37.011298439634565, 19.486057651658705, 35.842413433252986, 39.764460321889054, 61.79784897750152, 37.69500048292087, 45.87480768034431, 58.68889145377805, 78.09460632158171, 31.936282612061763, 35.76435445080212, 84.8551687655787, 56.984445107163836, 18.794169645684537, 26.778776508270692, 54.883124107610755, 24.650997591047545, 37.10545640025205, 72.17105760450931, 27.38738514406389, 30.64527035291332, 54.05748909398161, 34.32901538104537, 75.94517778864407, 90.40050080421358, 78.48698108937289, 35.45332263105787, 36.97543724917429, 24.63946762960828, 9.862962490968666, 74.70354791830364, 85.06969283714686, 66.90883908431373, 33.82552094884778, 43.781767207818675, 70.75028830316835, 57.834774435034866, 39.808055825565525, 56.419562953655294, 71.20935055563025, 26.56889740892212, 7.182379165859542, 72.32366500965581, 54.734779668275415, 54.67985138693012, 47.63703168705839, 54.80764312557012], [60.61483857512898, 16.29778782113686, 57.70688218144037, 54.031615149012175, 42.06695842020036, 30.95026613561278, 73.00414271970953, 54.077660159568694, 64.69737978480231, 7.542760144343005, 19.231716607312617, 62.0510722122236, 17.20168311667978, 24.068054561857245, 76.17711375199217, 25.479478524346028, 34.67564171286335, 0.0, 66.40810881300486, 34.68247029619377, 47.63042334212215, 69.12890767956125, 63.786444760264885, 20.4377223945808, 59.299571883853744, 28.182923001261848, 62.943906976719, 52.15337418641876, 46.235666657492146, 80.40664309087543, 60.221589898336, 55.71999154199853, 58.63760830196175, 37.970295811537476, 57.92126579182539, 46.21578106986396, 44.980223432537215, 27.845491227777813, 69.23567257029838, 7.086739607504609, 47.186120566737465, 20.644054050655008, 64.25140943899468, 11.33003769442316, 44.16812836228663, 68.58870840074765, 65.33727287646084, 24.02143664577628, 44.46138344727961, 74.14188742228873, 63.169573958835784, 70.63927955504217, 74.20597501443244, 13.491637753442204, 54.138280239749946, 32.6873531868993, 74.43956372856434, 27.758287429045566, 64.56533179536903, 18.78368979223027, 28.539164562745956, 61.82365316720178, 38.86290590524443, 56.67168806778199, 55.75123460376112, 52.491807185020704, 42.359077482533024, 54.85559030155231, 69.54985315217826, 26.873933992122865, 17.17945776217388, 59.98581678420094, 38.49909724233578, 7.912815351315041, 66.05317383792625, 23.724577925506548, 85.50519605871477, 65.41454363025186, 50.356847461358484, 19.786884092143765, 4.437282960867725, 34.207926714971094, 40.536237756039746, 56.85908990097455, 62.413036864924464, 62.9683960336495, 44.42861152141642, 71.15878340814227, 81.39397194013225, 63.72090319970608, 9.427001592103325, 71.94258057968675, 61.401195997355615, 60.70096015873053, 41.85479161526489, 79.27542336055988, 20.536141917629344, 20.53378699615841, 17.29539140692981, 20.17062775341812], [89.0458533340906, 50.144164344356284, 12.470701489332072, 13.928712216720573, 37.93388253371646, 93.10287187406651, 20.0426565846209, 87.08453026092138, 73.5700259478528, 65.76931791797574, 53.62945501724925, 104.70552621617895, 62.08401354474617, 81.11101698292832, 73.13905407473882, 62.112591549598584, 84.74629394263937, 66.40810881300486, 0.0, 35.326594115071046, 57.14070131573303, 93.37193853853523, 76.39210607072204, 83.97479884990966, 87.48676213783725, 72.78209098578827, 52.66528697092575, 71.06333824121118, 99.39972188381734, 65.30243027755822, 18.096451103082526, 100.12764838001213, 8.008700648221591, 45.435605789366704, 34.6020000359739, 36.905502716929476, 102.62409453683799, 71.52498512670113, 8.190552905670991, 59.58545835487346, 23.356507125433534, 46.83207505213802, 20.551607125975135, 58.9400698491601, 69.7132329997949, 113.23395868038777, 24.612103480926034, 68.63419252791562, 34.0574293512866, 74.49492154321365, 14.371710748117904, 21.55222111034298, 35.992061051230756, 54.010576405673454, 98.19273903020286, 49.46783245058519, 115.25062039298946, 70.41734341069616, 85.79305144301864, 80.8154155328287, 42.71341763306692, 7.593902604282229, 57.00080974483276, 73.48424861247825, 31.737802236649472, 34.652771051945244, 74.98349273656724, 83.61875176502845, 66.80087693862588, 91.4669815861101, 51.47689490210571, 16.970599083165137, 61.979985190615366, 62.37289658694849, 61.33419500351742, 90.13018967363135, 63.641320457990574, 18.88949116802785, 28.89875662794741, 86.11933561825495, 62.019496320374444, 62.283