instance_id,num_cities,city_coordinates,distance_matrix,best_route,total_distance
2487,77,"[[21.218480435835318, 93.16744064385122], [11.492754837703046, 74.40967154061835], [62.007233390564586, 67.28697099959007], [13.22136810296708, 62.24799752422497], [61.18870727393105, 85.75760851999001], [59.2817376553819, 58.732671879489], [98.7323192006562, 42.27007313473372], [46.14421164281297, 35.27780360454349], [51.74718577066335, 30.884001100144587], [95.4721503922563, 35.5124981480868], [58.07484120453906, 28.384510393298612], [55.887926155170476, 78.89140087716038], [97.20038009775021, 28.175843662999434], [9.769706720934723, 62.58904134753084], [45.42017480497279, 78.77656041825882], [5.477680893059411, 11.85366316236941], [4.905510826953163, 11.9503404059912], [72.50713424274622, 91.95169551966983], [86.67753489412887, 37.36091931367363], [8.6606545062477, 3.25075241740832], [21.063403518261826, 55.33120234582425], [44.86952557623, 47.41949108386285], [14.864761336092357, 40.63382393239117], [86.18250093887937, 77.70219489263687], [12.239793638523766, 35.707115482870854], [7.465790608680933, 87.7587374562739], [42.30338977424735, 73.0301001147826], [29.578358042614493, 24.70400861495753], [92.94634044562001, 17.009996050829614], [86.00674467424099, 78.55342927839516], [94.63486329841851, 13.148085812004219], [75.38914592079624, 54.14865969070679], [98.41131624672038, 77.89518898296083], [58.55754866805823, 41.344934101344386], [33.66486558298975, 95.13561084122499], [89.80462242691767, 58.541039881174704], [37.93900049182205, 85.38304465343339], [62.599578086114406, 82.19891048719849], [94.08701412960184, 80.33051992154795], [55.26108349518542, 8.953723579313987], [26.45261366834045, 61.71948467975478], [89.00450573802571, 35.218453680222005], [31.36937122649495, 70.46741486041151], [10.598096154239744, 97.17441110626714], [66.9826213114505, 80.53445696562996], [9.659724089434718, 76.45993479002638], [63.709566801487426, 19.616622647656257], [82.77234879180135, 46.297560521693505], [8.837580652139643, 38.92402829742051], [93.71425138456658, 98.64034968681187], [32.32819497323809, 52.13590884260447], [14.185544566203834, 0.49786889346074004], [85.79231710570902, 88.89196251068125], [34.79271165976899, 58.56546748618503], [68.95917828232587, 62.146727977158434], [51.268169701071464, 54.68071345031981], [5.78538532192897, 82.89333976104513], [96.81342560174802, 13.873122500442891], [76.46316717316753, 88.4709834703482], [27.134642155002908, 39.94518783168625], [13.596320307345067, 68.35084003986779], [80.44126667571948, 44.09123125844727], [79.37573536163602, 64.98195327454775], [23.468628476615518, 46.609212034742654], [51.74447353733643, 97.5448916334655], [2.931393316783515, 68.6255022739155], [74.12440842689553, 46.682907002940034], [81.88884143165185, 37.654070563094855], [84.41003197355805, 46.48905261211649], [6.3589551140696425, 17.466131972315846], [76.781233860453, 71.6377699584687], [12.069305112664885, 51.5544086797733], [34.06203349879397, 93.85214521179773], [95.17485156843505, 74.79346818648428], [97.49850487863154, 21.782865269598705], [91.46970350398811, 18.505937542461126], [20.4791822707572, 88.45795122570402]]","[[0.0, 21.129212956008637, 48.30653244240844, 31.936902925805384, 40.65125638393768, 51.328012332609, 92.73045464903544, 63.02778873437723, 69.36302106176834, 94.00904156615468, 74.53334408813822, 37.493676505593115, 99.98578276112444, 32.651384704177644, 28.157049632454154, 82.82332508752467, 82.83918365427628, 51.30306078132305, 86.01892601950694, 90.78937059859572, 37.83655609850673, 51.499969176459, 52.916449533061396, 66.77947129219714, 58.15759438121396, 14.778042754479522, 29.156232359355432, 68.97194414234873, 104.61760018525767, 66.41602601191337, 108.59586741828824, 66.7602146952285, 78.68910706902085, 63.873141466494054, 12.601039526846057, 76.83128596475784, 18.443768917395595, 42.810091059694486, 73.99060573012149, 90.83418390056909, 31.8805596722417, 89.17976405205424, 24.866277453867642, 11.351139791907945, 47.475771364953694, 20.31614136914408, 84.94242313733876, 77.36707550534032, 55.638426131935354, 72.70206007289909, 42.50896798393607, 92.9360625126066, 64.71522305868025, 37.169292429701535, 56.93381108989123, 48.828393328129884, 18.540161103532974, 109.55448244807422, 55.44395478939537, 53.55006222115289, 25.960758666918373, 76.91432075793833, 64.627300723067, 46.612571452596804, 30.83826084589351, 30.605951941632423, 70.42619600978213, 82.23519295949704, 78.56235800296389, 77.14592424341853, 59.588138819280836, 42.60694589309918, 12.86179130706145, 76.20464352627673, 104.47200452923227, 102.51621524388348, 4.767163974159933], [21.129212956008637, 0.0, 51.014168683461584, 12.283908934124536, 50.97512493590993, 50.29468358706966, 92.97147614149938, 52.26879132793107, 59.2866190386094, 92.55014303412385, 65.4843968356136, 44.62081503237367, 97.38256449659748, 11.94555117918093, 34.20730249676454, 62.844532767609, 62.805730864644545, 63.48603861845668, 83.81742774451305, 71.21525512887654, 21.344444311890364, 42.92410355523357, 33.943752142027044, 74.76228248710557, 38.70976507772966, 13.943242152467288, 30.841505192061994, 52.89368554151729, 99.64642168547404, 74.62911904577908, 103.274353473056, 67.03176407216095, 86.98841962729286, 57.51844643435673, 30.350734007494594, 79.90345471914078, 28.63247852825634, 51.69699822921328, 82.80620818228164, 78.74101673830722, 19.61729387036434, 86.85633589447993, 20.263792014325116, 22.78231291268979, 55.826859823715296, 2.7501965595153983, 75.68932328041882, 76.62291628619654, 35.58483983860535, 85.71756096524395, 30.49977164453693, 73.96083887486874, 75.69783157369082, 28.17670651493284, 58.76027236456021, 44.399497912497004, 10.224807737256798, 104.61496369697849, 66.47461900774941, 37.84797585301428, 6.413612620010466, 75.32001796216372, 68.53452353753592, 30.270234524248945, 46.42670855250127, 10.332159754753667, 68.49450710125932, 79.4139988349766, 78.08002475830614, 57.17449254841892, 65.34729475261531, 22.862533775981206, 29.788959729008294, 83.68297684187009, 100.82940929307334, 97.57837769150662, 16.67663155795975], [48.30653244240844, 51.014168683461584, 0.0, 49.045406569270526, 18.488765113268585, 8.977993118657473, 44.43621390869441, 35.724253054385244, 37.82122148559688, 46.14669863512485, 39.10070523058086, 13.119021069599409, 52.61404619198658, 52.448353030157094, 20.17773965367379, 79.17349255492184, 79.51571797565606, 26.806651293234452, 38.78391864916319, 83.34563437256689, 42.65369396329515, 26.237716884884044, 54.15535910685505, 26.32338218722843, 58.94137200583198, 58.25686399546833, 20.52376635245241, 53.52514027804052, 59.03391021576045, 26.512442814711864, 63.21060925792826, 18.753421208299596, 37.91822170646412, 26.170395547538714, 39.73457630287443, 29.140798691292403, 30.112251934278095, 14.923699659281585, 34.63013861861102, 58.72204265015029, 35.987885288156654, 41.91947658625521, 30.802496995152303, 59.46560743415887, 14.150984749610936, 53.14513143019343, 47.70073428194437, 29.525334372980677, 60.26166684594156, 44.591135275705874, 33.32266504741155, 82.14437340534627, 32.13262929688063, 28.57787284894175, 8.64590285093135, 16.56035079113734, 58.34770729147176, 63.753511493342025, 25.64637217791704, 44.31332447789538, 48.42260136429987, 29.62863353745882, 17.52078672411349, 43.735497991011684, 31.95099373870766, 59.09100224564908, 23.902999477871642, 35.68455025047484, 30.568591619539582, 74.69167876356634, 15.401316225077727, 52.35752283899204, 38.557005562101935, 34.00644638314703, 57.7083528627001, 56.98794934308399, 46.61318948048764], [31.936902925805384, 12.283908934124536, 49.045406569270526, 0.0, 53.41879291330431, 46.19431953924163, 87.81366761810835, 42.55942888261537, 49.67835442780191, 86.48686671449913, 56.201154880837244, 45.797795265607974, 90.62773374835628, 3.468468997357279, 36.193321820125334, 50.98581790438773, 50.98046482544511, 66.3107211647195, 77.55755992492982, 59.173262870194186, 10.456556555323768, 34.94982796387284, 21.676559721888705, 74.57988415787108, 26.559026863993353, 26.151950676256817, 31.016410507376975, 40.95243854894264, 91.66541328300275, 74.58939701668093, 95.07343756322092, 62.693156501714206, 86.61502101415039, 49.9230140185017, 38.72378724897928, 76.6729181511586, 33.855453867601106, 53.25642260982177, 82.86271974509815, 67.87943212471608, 13.241796896115815, 80.45918338032719, 19.922571087035454, 35.0247900981696, 56.78615100047563, 14.651432316541813, 66.07943955337247, 71.35653687890355, 23.732364671624136, 88.33746405071261, 21.617705025174796, 61.757655575387474, 77.3074608906416, 21.88341587427899, 55.73790217716662, 38.792046866602654, 21.943655028169886, 96.5803324204573, 68.46291070036523, 26.286774526910918, 6.114350000311194, 69.62889432815376, 66.2108361330649, 18.697003951205343, 52.24844864746202, 12.106037664430868, 62.860578772660446, 72.93890002402722, 72.9120717605998, 45.30461559642078, 64.24970320146635, 10.755467981813027, 37.85704010086799, 82.9081557282656, 93.48830253827721, 89.64468642635161, 27.19627804549458], [40.65125638393768, 50.97512493590993, 18.488765113268585, 53.41879291330431, 0.0, 27.092134163796768, 57.45161904061936, 52.67397415324071, 55.679934622483, 60.82701363976518, 57.457536934270614, 8.67427736837258, 67.91539018231104, 56.39766061366189, 17.244757140165113, 92.55004916169601, 92.81869977941304, 12.902461114376782, 54.69844476385906, 97.80888319317754, 50.35678895799488, 41.66685661084669, 64.66887893538765, 26.259844067963495, 70.00748530939585, 53.76017384682681, 22.773771915703488, 68.75140900294028, 75.72834003777858, 25.842507210953993, 79.94240514705487, 34.652245293135444, 38.0439253983791, 44.490545564489075, 29.077633826793527, 39.491925864843246, 23.252723787637763, 3.8281703380681993, 33.34294355070073, 77.03228846167659, 42.24248568366731, 57.68816877066889, 33.51093589348613, 51.8628317271421, 7.800689202498637, 52.36108139464808, 66.18900773483408, 44.97720499541739, 70.24261309941915, 34.983939739032024, 44.309681328743004, 97.3576936133588, 24.802455356140115, 37.89671646020541, 24.856667107642714, 32.62193239073693, 55.477311748503666, 80.22779995880957, 15.51359174513158, 57.0828979681859, 50.675742580625695, 45.899325023583934, 27.61151646578728, 54.36360263854688, 15.104091964386875, 60.724160709955, 41.16023157084219, 52.36836753344612, 45.62071244396886, 87.57869313350912, 21.035606156106326, 59.854611752061345, 28.308619788992385, 35.71092798093679, 73.56064964400329, 73.75449804557368, 40.798986221624915], [51.328012332609, 50.29468358706966, 8.977993118657473, 46.19431953924163, 27.092134163796768, 0.0, 42.74769633197976, 26.88355325335493, 28.84992090595444, 42.99909815544765, 30.37215014836695, 20.442414517383323, 48.6984927418111, 49.66198538850114, 24.370071653782034, 71.361880457167, 71.73116883331092, 35.75492478666345, 34.74595680192117, 75.1048430288511, 38.369402643317336, 18.322115509104737, 47.96286149053761, 32.91646804535858, 52.374810207379824, 59.3919594828655, 22.196413019138856, 45.16902350052567, 53.610513514868565, 33.27293831365605, 57.6870694322069, 16.746992827837538, 43.569782906007056, 17.40281226500126, 44.51289812880286, 30.52348632773177, 34.143151562546116, 23.699629100847943, 40.96186409936391, 49.941058796819696, 32.96471496100599, 37.899358833855864, 30.27877792264354, 62.03115559613044, 23.121882320143897, 52.6934538689424, 39.36586057047736, 26.578954193934113, 54.19405259185899, 52.70882990243268, 27.74906747411441, 73.65432037537212, 40.15462157920091, 24.48959680196767, 10.261999616354476, 8.979734877493122, 58.699212818127236, 58.48937314243059, 34.3448496364399, 37.23446395420418, 46.686898772842355, 25.731254377157725, 21.04334245726123, 37.80948383220033, 39.53730836331856, 57.21214381834941, 19.118098995759436, 30.909360630827223, 27.952412920985175, 67.10997115053277, 21.743365053721174, 47.75501281713782, 43.23668448071109, 39.322573725408695, 53.15834370542728, 51.51946526210125, 48.87975589737929], [92.73045464903544, 92.97147614149938, 44.43621390869441, 87.81366761810835, 57.45161904061936, 42.74769633197976, 0.0, 53.050927321754855, 48.345065930362374, 7.502900796320037, 42.96323276536672, 56.36278613637099, 14.17724027506467, 91.25353082730419, 64.6135307334956, 98.08968121819767, 98.60403725171689, 56.17850059298461, 13.016052240050618, 98.16013534049073, 78.75946647576843, 54.10838236578822, 83.88351789009646, 37.58900358709314, 86.74116318828264, 101.97449594377804, 64.2682140410325, 71.35010137736933, 25.91426333968434, 38.45025591690024, 29.408830144975173, 26.191688707323028, 35.62656203026105, 40.18542110738674, 83.83637991518734, 18.5593137951706, 74.52889314088928, 53.850599186732225, 38.34288028845878, 54.769767951485015, 74.85075444700524, 12.014811346624764, 73.02641193543748, 103.83702422588897, 49.7212870510608, 95.40898196635183, 41.710574253826245, 16.46029495797821, 89.95698991606744, 56.59318937084785, 67.13302040445578, 94.3030972357934, 48.38433861488991, 65.98343193220548, 35.798342529615006, 49.05985610213081, 101.43659255342166, 28.46171038378195, 51.2878079845775, 71.63541337917997, 89.04125285462808, 18.38149121756889, 29.841361185480405, 75.38866803305135, 72.5476615760129, 99.3600827561939, 25.000447503949918, 17.464541880516663, 14.930763518523626, 95.64556387967906, 36.6648573479251, 87.15891748598227, 82.7221615561629, 32.71737767068953, 20.524326636712914, 24.849139365487225, 90.86734023793069], [63.02778873437723, 52.26879132793107, 35.724253054385244, 42.55942888261537, 52.67397415324071, 26.88355325335493, 53.050927321754855, 0.0, 7.120310353139309, 49.32849706607329, 13.77887560852943, 44.688766368700996, 51.54774652989426, 45.48635306732912, 43.5047821932405, 46.930342835689444, 47.37933077049325, 62.50546946321972, 40.586816392189355, 49.30262734736892, 32.1120808615286, 12.208415106548484, 31.73469655192754, 58.33432596611328, 33.907135958356065, 65.19408463690007, 37.947171230844916, 19.652802496972335, 50.240940012046615, 58.83707434216133, 53.30166702423771, 34.80481849325244, 67.43954151807631, 13.816693112591606, 61.14483760109716, 49.471301093655676, 50.77263702625368, 49.722925857966814, 65.78950948158626, 27.85811446503995, 32.96849297240377, 42.860335186995975, 38.16549029773858, 71.37728172569629, 49.82372919567046, 55.018958196342965, 23.53325924759974, 38.24990815045414, 37.48439235715598, 79.23207006673246, 21.796284748358147, 47.23346546486633, 66.68170890138853, 25.906984404391014, 35.248571598057524, 20.068080542645717, 62.41854007801203, 55.0048144836848, 61.22706467476184, 19.574171952745797, 46.402488828054416, 35.41136104332639, 44.57208404699866, 25.349218704708157, 62.51842276392434, 54.584033143600365, 30.21535694980452, 35.82352862853478, 39.87436657672031, 43.59039209954662, 47.54654859842869, 37.762774365945695, 59.80746210488392, 62.97214780256788, 53.09780404512415, 48.3290358238387, 59.04931696198451], [69.36302106176834, 59.2866190386094, 37.82122148559688, 49.67835442780191, 55.679934622483, 28.84992090595444, 48.345065930362374, 7.120310353139309, 0.0, 43.96925648771383, 6.803431272781862, 48.18564271940454, 45.5338005358688, 52.60530699899762, 48.30867733439883, 50.03019931645826, 50.52351946186583, 64.49991288583303, 35.5257619120538, 51.18638109069064, 39.232131500334674, 17.908786635384878, 38.14934176931544, 58.11827768203159, 39.800709358395935, 72.0803551119919, 43.191190594536685, 23.014109366926984, 43.47250121673954, 58.70342203917158, 46.41029600027139, 33.16906117266347, 66.2389074429819, 12.482474195839695, 66.74758166173248, 47.04551284639391, 56.22109683133262, 52.44992225323136, 65.09699907845038, 22.210010116140186, 39.88285879206782, 37.50860395055191, 44.52080379455216, 78.02349668555168, 51.93540472325205, 62.036442213213604, 16.43327043282067, 34.64301595603085, 43.65634259486899, 79.70042264655584, 28.787858313610503, 48.313496255752604, 67.26064640357554, 32.461019294816886, 35.68768384202441, 23.801533040371773, 69.40791315429044, 48.16986571754827, 62.66689935839394, 26.227512429063005, 53.47197916418814, 31.587674929318343, 43.886297348816306, 32.35674677050133, 66.66089058849727, 61.70415305107123, 27.39243548010975, 30.89260828286877, 36.19915958644964, 47.330018952750194, 47.828581830529, 44.73924410423516, 65.40452418407403, 61.75761861057547, 46.6477638641466, 41.60642825949317, 65.51677476746355], [94.00904156615468, 92.55014303412385, 46.14669863512485, 86.48686671449913, 60.82701363976518, 42.99909815544765, 7.502900796320037, 49.32849706607329, 43.96925648771383, 0.0, 38.07055218819567, 58.72512248118619, 7.537458255174893, 89.87796194211019, 66.15874352122587, 93.05237779510679, 93.58146974489621, 60.9325443970278, 8.98676374259903, 92.6123968783739, 77.00287428035138, 51.98463348956248, 80.76991487082773, 43.20032521131901, 83.23258428456732, 102.34641607894469, 65.07294032842343, 66.7743612189999, 18.67410773626235, 44.06944131675127, 22.38008017894105, 27.39769307155829, 42.48448161769851, 37.372518373866896, 85.87814636281135, 23.71570381815532, 76.13891742208956, 57.09839846370551, 44.83942102829337, 48.19023145405719, 73.82751920967543, 6.474325410610693, 73.01378293952399, 104.90851534770657, 53.27879543509435, 95.0813602948698, 35.51817245137717, 16.661408436669007, 86.70171400851859, 63.15232259241579, 65.29545841080805, 88.50726833745883, 54.250035834945216, 64.91096733367156, 37.5808447043139, 48.18103762705201, 101.43303200009517, 21.680903985015046, 56.266709612805464, 68.48111980617551, 88.21569163303518, 17.306707574777093, 33.57891246434991, 72.85358074479566, 75.89550424533161, 98.28663572601727, 24.09365312700025, 13.75109503741285, 15.583812492811672, 90.92212549670315, 40.67413950131964, 84.93160480197051, 84.70370048815495, 39.28209507839578, 13.878361988452179, 17.471195858504554, 91.799598415605], [74.53334408813822, 65.4843968356136, 39.10070523058086, 56.201154880837244, 57.457536934270614, 30.37215014836695, 42.96323276536672, 13.77887560852943, 6.803431272781862, 38.07055218819567, 0.0, 50.5542143028844, 39.126095326374084, 59.18898508403512, 51.95670589445028, 55.13374813128353, 55.65123211549403, 65.184953073781, 29.978158772784706, 55.43886395881705, 45.78177286638748, 23.167020756528387, 44.91276749897004, 56.76508204977532, 46.416291651495754, 78.01650364852219, 47.34941775562955, 28.73318022666865, 36.67970877539436, 57.42048113295589, 39.60787610471464, 31.04152922822173, 63.8618705742116, 12.969409747070685, 71.07430140953753, 43.77436792431332, 60.45068228739581, 54.00428595318912, 63.20810473897786, 19.633458907117355, 45.9476417787661, 31.67565199017863, 49.84127782407235, 83.58284369816086, 52.90524996567071, 68.22953902962233, 10.422379194458935, 30.50974018121535, 50.3526490301769, 78.77849016588355, 35.028826992313824, 51.999376280377284, 66.55381455686286, 38.11755143214352, 35.47331574300291, 27.162862002598487, 75.53409611256053, 41.36735790060324, 62.83720855327313, 33.029459275915535, 59.79670832596354, 27.33053363353091, 42.345022344286704, 39.1117592200856, 69.4494916330364, 68.26519810624947, 24.339678028040463, 25.554478131208256, 31.958046276228803, 52.85587821109579, 47.1250845008177, 51.510712844090214, 69.73253288560117, 59.415504142024055, 39.97257779812592, 34.82532167214636, 70.86784788682218], [37.493676505593115, 44.62081503237367, 13.119021069599409, 45.797795265607974, 8.67427736837258, 20.442414517383323, 56.36278613637099, 44.688766368700996, 48.18564271940454, 58.72512248118619, 50.5542143028844, 0.0, 65.41243455414731, 48.91479418353535, 10.468381281772565, 83.87640374565005, 84.1445913276877, 21.136919681148054, 51.698944913733555, 89.17355486248677, 42.04557446063183, 33.344958499831016, 56.094048217776056, 30.3179067911912, 61.400667563196734, 49.22735894693002, 14.795082808544004, 60.23675667270827, 72.12928900940884, 30.120714695808214, 76.31191659065578, 31.503980919354614, 42.535057811366244, 37.641254651097526, 27.52705539194902, 39.553501471511794, 19.086785255417734, 7.482372047862752, 38.22618717191483, 69.94048639763722, 34.078032911071205, 54.809070053542705, 25.925336568709373, 48.84093738403091, 11.215698548045967, 46.29210184862401, 59.78860590912798, 42.25080602334885, 61.734316898158966, 42.67144079412228, 35.64992689159547, 88.7954643383947, 31.532266507634702, 29.29422541767172, 21.242450487166582, 24.647505662345747, 50.262114089809046, 76.82625220602752, 22.696011667435663, 48.41031761285761, 43.58535703596434, 42.59012017134063, 27.297434200473013, 45.75096259564686, 19.10813745480695, 53.9424048814591, 37.012921571967695, 48.750025709184094, 43.167379969190755, 78.90616346282884, 22.116633296508265, 51.6467103741053, 26.461168932873193, 39.50007038936418, 70.65992570716085, 70.08899386813268, 36.67830460971711], [99.98578276112444, 97.38256449659748, 52.61404619198658, 90.62773374835628, 67.91539018231104, 48.6984927418111, 14.17724027506467, 51.54774652989426, 45.5338005358688, 7.537458255174893, 39.126095326374084, 65.41243455414731, 0.0, 93.95951693148508, 72.39904831079042, 93.16365775177213, 93.71024410200148, 68.38944122377109, 13.967672887349012, 91.98121102388035, 80.83472464144623, 55.75693948748457, 83.27277699979518, 50.73709813618522, 85.29373544827592, 107.7145198362431, 70.89135256447784, 67.71108849683391, 11.948765888580064, 51.60618767581042, 15.245175711542373, 33.91632510651851, 49.73408957045911, 40.82515601779004, 92.30586127228058, 31.25287783379259, 82.36853135729582, 64.15377813457519, 52.247519589791324, 46.13452611688481, 78.29701340032882, 10.806049804395368, 78.24511948583799, 110.72830664945425, 60.45276944062523, 99.97359606580763, 34.56725097016864, 23.16386645774227, 89.01408764235468, 70.5506888880951, 69.15551406966688, 87.50733229663052, 61.77856415583162, 69.41358884238537, 44.17676381385922, 53.03089735585823, 106.53969048717511, 14.307954655918472, 63.76155490785347, 71.04734404341053, 92.7559655618927, 23.112062759646225, 40.89508117984354, 76.00105437853531, 82.93554278810677, 102.58078158431886, 29.580599419596982, 18.00777613957697, 22.337560904271687, 91.47055492104127, 48.01958527906016, 88.2828252286918, 91.10338850107945, 46.66160822384592, 6.399925868591299, 11.240450996393204, 97.57087008021443], [32.651384704177644, 11.94555117918093, 52.448353030157094, 3.468468997357279, 56.39766061366189, 49.66198538850114, 91.25353082730419, 45.48635306732912, 52.60530699899762, 89.87796194211019, 59.18898508403512, 48.91479418353535, 93.95951693148508, 0.0, 39.15343724727369, 50.91659931003349, 50.87178426929524, 69.26868175508454, 80.93992942715448, 59.34865230120734, 13.424746341165992, 38.23758019117438, 22.53865908339472, 77.89301977887304, 26.995171189928023, 25.274921002028446, 34.16805878586909, 42.75112129911959, 94.84620059828015, 77.8906132849202, 98.21661206326942, 66.16003962678056, 89.95339401467535, 53.212457324812355, 40.376451092817824, 80.13722011609472, 36.23638638523505, 56.35195006507159, 86.16361407601227, 70.32931588544307, 16.705553358517403, 83.82900717849783, 22.99161316570062, 34.59528913597519, 59.96128365577216, 13.871329463043459, 68.96475385605994, 74.7983829826935, 23.68336339437495, 91.35854317883138, 24.8626903490925, 62.24799852683445, 80.444272334518, 25.34442587210508, 59.1911242065425, 42.245284705438856, 20.691528485726085, 99.74893355679605, 71.5394478252552, 28.535680904376267, 6.916740251788847, 73.05229883127934, 69.64714818727748, 21.04793106540662, 54.62410199265501, 9.121479634859844, 66.29127198546854, 76.30807532262389, 76.35697604736498, 45.25163176071773, 67.61970318660678, 11.271702217304613, 39.59165067928132, 86.2727465709182, 96.75477265901206, 92.83431216656633, 27.99809573591196], [28.157049632454154, 34.20730249676454, 20.17773965367379, 36.193321820125334, 17.244757140165113, 24.370071653782034, 64.6135307334956, 43.5047821932405, 48.30867733439883, 66.15874352122587, 51.95670589445028, 10.468381281772565, 72.39904831079042, 39.15343724727369, 0.0, 77.93636504883692, 78.14845921948711, 30.12121439324808, 58.458746904377755, 83.9964880621429, 33.80735308565018, 31.36190382957054, 48.872299300161636, 40.776482108313466, 54.36832516634351, 39.002753544614954, 6.537289571923693, 56.345399251871825, 77.93487598153995, 40.587183214144915, 82.03159295448738, 38.79011116234675, 52.99847060912473, 39.67010512650051, 20.144622747661195, 48.77966258710614, 9.980661453699172, 17.51697397070826, 48.69164240387793, 70.51292100095567, 25.50906129635014, 61.619011396516925, 16.323816376768622, 39.38347459907628, 21.633984829798976, 35.83540971831926, 61.92253302816142, 49.49818517706889, 54.0972320123068, 52.21961275977784, 29.68373716852315, 84.28022112564203, 41.620082093170836, 22.834869178771058, 28.820756612655316, 24.79533999377972, 39.8480163812754, 82.78721206208134, 32.521519237032564, 42.921279119457, 33.48810774729707, 49.290454803579905, 36.650665464170615, 38.943660437002016, 19.80522686211591, 43.68455715468493, 43.057352651603225, 54.963831902587714, 50.62303944211945, 72.69626895492019, 32.16330757727053, 43.05027357063405, 18.87539750040531, 49.913854625378654, 77.2038454350517, 75.8492391210226, 26.75411064786647], [82.82332508752467, 62.844532767609, 79.17349255492184, 50.98581790438773, 92.55004916169601, 71.361880457167, 98.08968121819767, 46.930342835689444, 50.03019931645826, 93.05237779510679, 55.13374813128353, 83.87640374565005, 93.16365775177213, 50.91659931003349, 77.93636504883692, 0.0, 0.5802801685240799, 104.44444649606308, 85.11190519641329, 9.17286183848966, 46.18669898573179, 53.07207875412756, 30.27234601401535, 104.1599592437527, 24.79341356870424, 75.93110616739696, 71.40510676971634, 27.312524916564172, 87.62051228324545, 104.56475942403418, 89.16657840501878, 81.70972814577551, 114.00940186124592, 60.72237993201014, 87.9226943964292, 96.38850664544188, 80.3760363077916, 90.6165821476694, 111.98523942128122, 49.867793456606215, 54.097578139241065, 86.7331764933397, 64.07769905702179, 85.47425742381772, 92.1949517778269, 64.7414845282601, 58.74705164025155, 84.62179241115412, 27.278079018436358, 123.76437827579693, 48.41083993707081, 14.310169573692944, 111.28944404771889, 55.1485601991527, 80.98946153202905, 62.69709005722124, 71.04034299790493, 91.35806739149461, 104.44689097143502, 35.47051915814255, 57.07752010263349, 81.60147051458993, 91.01394214341285, 39.135947316683016, 97.38379094322686, 56.828912505241306, 76.97694088238802, 80.64940469028866, 86.19701995678706, 5.681236695935029, 93.0501805005305, 40.24423815268659, 86.83787349019656, 109.576464095357, 92.55496259774434, 86.24894612194689, 78.05934917276353], [82.83918365427628, 62.805730864644545, 79.51571797565606, 50.98046482544511, 92.81869977941304, 71.73116883331092, 98.60403725171689, 47.37933077049325, 50.52351946186583, 93.58146974489621, 55.65123211549403, 84.1445913276877, 93.71024410200148, 50.87178426929524, 78.14845921948711, 0.5802801685240799, 0.0, 104.73870492074845, 85.62920903795806, 9.475438524060047, 46.29229610709218, 53.4339136194419, 30.363282067540847, 104.54307958964657, 24.86314675204147, 75.85161894049484, 71.61939957748994, 27.774186621965466, 88.18609751648766, 104.94465960161006, 89.73734612192456, 82.15011239491294, 114.4205344378308, 61.17665652042671, 88.0164172377321, 96.84292657726786, 80.52064016468891, 90.90361376402433, 112.37966667462626, 50.444656913805495, 54.233249603910096, 87.25850124999307, 64.22292355499403, 85.41397868284834, 92.50593867623097, 64.68454460949616, 59.30167689420787, 85.10567539430275, 27.258778614867953, 124.10539919172842, 48.65062709113456, 14.740357185188984, 111.63641270695645, 55.373412810876005, 81.37904914459436, 63.050621871519596, 70.9484554914206, 91.9280255919472, 104.76596296863616, 35.746968570602284, 57.066159222216655, 82.08950771221575, 91.42300752921298, 39.31700293071025, 97.57210476164485, 56.70953282032377, 77.44421842437815, 81.16104321028371, 86.68270602379977, 5.704073710856972, 93.42755914702225, 40.24676598687639, 86.93680719213239, 109.99005676486007, 93.11359241618597, 86.81206890543805, 78.0765890365364], [51.30306078132305, 63.48603861845668, 26.806651293234452, 66.3107211647195, 12.902461114376782, 35.75492478666345, 56.17850059298461, 62.50546946321972, 64.49991288583303, 60.9325443970278, 65.184953073781, 21.136919681148054, 68.38944122377109, 69.26868175508454, 30.12121439324808, 104.44444649606308, 104.73870492074845, 0.0, 56.39993884211105, 109.28966228319013, 63.14679683997384, 52.41139804199082, 77.17620811207406, 19.750036009929715, 82.43546037368414, 65.17635521449448, 35.641169349287985, 79.78177248015494, 77.67895126404295, 19.019805994652074, 81.8513609912464, 37.91273544863625, 29.47222457351262, 52.494144806414894, 38.972543558401895, 37.62279904094932, 35.18668846629775, 13.902391336975445, 24.510057899023806, 84.77080636987911, 55.09088343462502, 59.08319554548936, 46.410018976801034, 62.12894458416811, 12.683594889774271, 64.72859965643536, 72.8680997438729, 46.79395978277089, 82.85979450530117, 22.23690428172316, 56.565396043309, 108.46755379824737, 13.632976556447778, 50.368818658682365, 30.015397410449854, 42.89778221792274, 67.33383687346495, 81.77444199960914, 5.269302887182573, 69.01695357050052, 63.46246432269989, 48.513652684205496, 27.830642789895037, 66.78859076485838, 21.502835216206876, 73.38184391751788, 45.29766869894215, 55.10216425607289, 46.99500903851254, 99.61767302545462, 20.758696954483966, 72.6957493529146, 38.492044376012906, 28.42938926488941, 74.48646417251585, 75.85419169587209, 52.14512475381773], [86.01892601950694, 83.81742774451305, 38.78391864916319, 77.55755992492982, 54.69844476385906, 34.74595680192117, 13.016052240050618, 40.586816392189355, 35.5257619120538, 8.98676374259903, 29.978158772784706, 51.698944913733555, 13.967672887349012, 80.93992942715448, 58.458746904377755, 85.11190519641329, 85.62920903795806, 56.39993884211105, 0.0, 85.14773697020979, 68.0304733811631, 43.00098265367394, 71.88731703674196, 40.344312783274745, 74.4561104970384, 93.8852518038792, 56.93290098126483, 58.48515525802927, 21.294553310472885, 41.197971269381455, 25.48686684379387, 20.23007544671862, 42.19844360225767, 28.400809833220983, 78.41082889879374, 21.409721709812235, 68.42199396270502, 50.89394322044327, 43.60374936792865, 42.35519080339972, 64.964458308725, 3.163060590451478, 64.45954557450709, 96.77672653793987, 47.45359811873131, 86.37404814160175, 29.023914664914354, 9.752642440625566, 77.85564710469015, 61.682120309074136, 56.32185246790581, 81.32633735750758, 51.538645922305726, 56.050582024285234, 30.467629906605826, 39.41824973677939, 92.82640343246837, 25.581494865945817, 52.12074410480349, 59.598947302081186, 79.38034462066375, 9.175409536685862, 28.56987562941908, 63.88189703470412, 69.58756569924614, 89.39178025283208, 15.635870253400949, 4.797658046652274, 9.405550861535891, 82.74585682222154, 35.67687296099144, 75.94631716883522, 77.19876676835827, 38.384894239515624, 18.967581796465957, 19.45443953389755, 83.62492786404849], [90.78937059859572, 71.21525512887654, 83.34563437256689, 59.173262870194186, 97.80888319317754, 75.1048430288511, 98.16013534049073, 49.30262734736892, 51.18638109069064, 92.6123968783739, 55.43886395881705, 89.17355486248677, 91.98121102388035, 59.34865230120734, 83.9964880621429, 9.17286183848966, 9.475438524060047, 109.28966228319013, 85.14773697020979, 0.0, 53.536916681867815, 57.113569487015575, 37.89439242751422, 107.48327293568425, 32.65311226154883, 84.5164317459205, 77.46606354645729, 29.963186124192724, 85.40136790259479, 107.94864893413697, 86.54202323590295, 83.92430238770393, 116.7346272236372, 62.77632296625577, 95.2262452222868, 98.19042426701618, 87.1948104625202, 95.61495248948918, 115.060651297439, 46.94809753362275, 61.11584461652747, 86.47004310616815, 70.9490347013761, 93.94363917605395, 96.82057013219861, 73.21599909650418, 57.43017023553309, 85.70630617313127, 35.67371462116834, 127.80175902216126, 54.31308305070266, 6.172744759912249, 115.25497924860885, 61.176810265122974, 84.28907347164842, 66.7865348923264, 79.69447215253459, 88.79046006185926, 108.90210514340062, 41.082475704599084, 65.28692216173177, 82.58571907654175, 93.86886501736664, 45.81737785486096, 103.67063302980635, 65.6253179236336, 78.56115534616747, 80.90708040595246, 87.22109143098798, 14.400515129051314, 96.52563130958472, 48.42377625990501, 94.09485868529805, 112.26337992831756, 90.7502223994651, 84.2024896847463, 86.02292907868757], [37.83655609850673, 21.344444311890364, 42.65369396329515, 10.456556555323768, 50.35678895799488, 38.369402643317336, 78.75946647576843, 32.1120808615286, 39.232131500334674, 77.00287428035138, 45.78177286638748, 42.04557446063183, 80.83472464144623, 13.424746341165992, 33.80735308565018, 46.18669898573179, 46.29229610709218, 63.14679683997384, 68.0304733811631, 53.536916681867815, 0.0, 25.086383209453004, 15.951053166804364, 68.85461608639922, 21.516525660862428, 35.16305035371997, 27.647567675846147, 31.78882581002066, 81.45963094199539, 68.97035148677814, 84.80669203953809, 54.338611453714, 80.57191257758573, 40.017828775691314, 41.75150035432867, 68.81611899875703, 34.46591068426078, 49.46844993024535, 77.1842832833764, 57.62249432766853, 8.357854821646482, 70.85559984730982, 18.31168751617097, 43.13208524513346, 52.381090158272315, 24.009732177059664, 55.62577141753931, 62.3666626602657, 20.461331946097967, 84.58030467606707, 11.709202666954946, 55.26300210142851, 72.91198033968259, 14.105118682329753, 48.37826609006701, 30.211769825042943, 31.513318754187033, 86.35298622580845, 64.55523918320469, 16.54053751283564, 15.00894058096421, 60.432338885656556, 59.10554152107947, 9.047553375741355, 52.18547327359287, 22.483509613148932, 53.76116864663382, 63.34204674163637, 63.96076100678176, 40.61999947393271, 58.05498053868371, 9.75489500330393, 40.65498026877374, 76.62432070658798, 83.47344272611524, 79.4553157788571, 33.13190012384818], [51.499969176459, 42.92410355523357, 26.237716884884044, 34.94982796387284, 41.66685661084669, 18.322115509104737, 54.10838236578822, 12.208415106548484, 17.908786635384878, 51.98463348956248, 23.167020756528387, 33.344958499831016, 55.75693948748457, 38.23758019117438, 31.36190382957054, 53.07207875412756, 53.4339136194419, 52.41139804199082, 43.00098265367394, 57.113569487015575, 25.086383209453004, 0.0, 30.762495929244825, 51.22308154811472, 34.66812871421356, 55.01176408202823, 25.7388490008556, 27.38271258177761, 56.88688351588329, 51.59062805024492, 60.42448227259758, 31.25266286439918, 61.607560499014205, 14.975387096709282, 49.01400300182637, 46.290947026731594, 38.59097792976047, 39.0379658286184, 59.207237721888596, 39.84469532694424, 23.31678496417364, 45.79041152476296, 26.710689955077292, 60.41591628918911, 39.819467203186264, 45.64074376464941, 33.584916951667644, 37.91942425587688, 37.0199127898555, 70.77699905558923, 13.398864495490454, 56.06376119743022, 58.263545659472776, 15.02581008358967, 28.23478128145424, 9.678222816793534, 52.78223147413816, 61.83467954955114, 51.80138238033235, 19.245552708873113, 37.631565698331784, 35.727105652635565, 38.71845286105434, 21.416230966389268, 50.59467056643443, 46.99470021186925, 29.264154296928403, 38.28567858025929, 39.551452083417196, 48.78798785957783, 40.06098048307763, 33.059824651432216, 47.67382147854596, 57.27093892714579, 58.54097749058521, 54.84131801197177, 47.739334488158796], [52.916449533061396, 33.943752142027044, 54.15535910685505, 21.676559721888705, 64.66887893538765, 47.96286149053761, 83.88351789009646, 31.73469655192754, 38.14934176931544, 80.76991487082773, 44.91276749897004, 56.094048217776056, 83.27277699979518, 22.53865908339472, 48.872299300161636, 30.27234601401535, 30.363282067540847, 77.17620811207406, 71.88731703674196, 37.89439242751422, 15.951053166804364, 30.762495929244825, 0.0, 80.37589257791991, 5.582375082333091, 47.70222471183621, 42.45464687231435, 21.685224095907387, 81.57706932720168, 80.6168609093787, 84.37259606710228, 62.014932999491236, 91.4791569859845, 43.69857368963873, 57.65317593983994, 77.04966686072407, 50.34792217913629, 63.295095785272416, 88.61147222642369, 51.3370392831752, 24.059996068721585, 74.33725805376525, 34.09465200430755, 56.70134416167488, 65.63788421989412, 36.20224622758457, 53.17459704403363, 68.14336612031848, 6.265006632907695, 97.88768620721764, 20.91098925638741, 40.141701786390946, 85.78791352220621, 26.80796606688468, 58.21521266123073, 39.01952390427546, 43.22385622406705, 86.20741682741125, 77.99203442870926, 12.28919016817069, 27.746025382845882, 65.66758498663104, 68.95286195791118, 10.475294398989362, 67.81580051081649, 30.429251201099667, 59.56758497136624, 67.0902842652929, 69.79132016898824, 24.679762767164902, 69.24517484307361, 11.272699176410889, 56.57495009531141, 87.27308799792306, 84.75667651790297, 79.73682035692359, 48.15255833077402], [66.77947129219714, 74.76228248710557, 26.32338218722843, 74.57988415787108, 26.259844067963495, 32.91646804535858, 37.58900358709314, 58.33432596611328, 58.11827768203159, 43.20032521131901, 56.76508204977532, 30.3179067911912, 50.73709813618522, 77.89301977887304, 40.776482108313466, 104.1599592437527, 104.54307958964657, 19.750036009929715, 40.344312783274745, 107.48327293568425, 68.85461608639922, 51.22308154811472, 80.37589257791991, 0.0, 85.03593744728528, 79.35650278044399, 44.12714432422959, 77.54248346386883, 61.06793368967396, 0.8691894178238299, 65.10511061853113, 25.90879258195834, 12.230338120926438, 45.661673208624315, 55.335576395395705, 19.50050321010692, 48.851108364428626, 24.00780501040938, 8.330031286850364, 75.3822682376032, 61.83127411836387, 42.577364625935246, 55.28852711893641, 78.0523507071928, 19.407655349317015, 76.53285952394853, 62.28134930916653, 31.5892418022158, 86.52157475825597, 22.251597492336213, 59.61477378496866, 105.56547579543233, 11.196568347913669, 54.837257206941096, 23.20808898402222, 41.82103697401964, 80.56453428506921, 64.70832281581349, 14.5062833379454, 70.0873826673624, 73.18607419623035, 34.09778067973481, 14.426940231598367, 69.99859557315703, 39.7455701337635, 83.74445216968428, 33.28053209026943, 40.277633672777505, 31.263427471360785, 100.00090871680302, 11.187540947950277, 78.59053708563412, 54.56522721921321, 9.451087815482174, 57.052812118724525, 59.43190553257339, 66.5778670302761], [58.15759438121396, 38.70976507772966, 58.94137200583198, 26.559026863993353, 70.00748530939585, 52.374810207379824, 86.74116318828264, 33.907135958356065, 39.800709358395935, 83.23258428456732, 46.416291651495754, 61.400667563196734, 85.29373544827592, 26.995171189928023, 54.36832516634351, 24.79341356870424, 24.86314675204147, 82.43546037368414, 74.4561104970384, 32.65311226154883, 21.516525660862428, 34.66812871421356, 5.582375082333091, 85.03593744728528, 0.0, 52.27009140025493, 47.92520208038579, 20.535193603701995, 82.84400384205263, 85.30750067239363, 85.42749746978399, 65.78701426907988, 95.94459262649426, 46.65961240463504, 63.17261881846804, 80.85598783269126, 55.92984151459182, 68.53900270891178, 93.22132656110884, 50.66137936610294, 29.641990561279012, 76.76626742311227, 39.67643068007079, 61.48921532987632, 70.75498375407663, 40.83441000381669, 53.926259921554234, 71.32320003035807, 4.682262408402009, 102.94988699546886, 25.950898239586614, 35.26296913288011, 90.76674314837142, 32.11134328520725, 62.57908359204105, 43.39598550453751, 47.62561441438306, 87.34656531889289, 83.11839431299379, 15.486050805891557, 32.67189797909372, 68.7148770047768, 73.24104586076115, 15.650637081201456, 73.37935876769915, 34.20915821055228, 62.850406100495356, 69.67625486902874, 72.97118245989068, 19.165535243844445, 73.86886649303388, 15.848210246145783, 62.10519007858326, 91.68405969146986, 86.38826648524606, 81.07563838680053, 53.390431695204924], [14.778042754479522, 13.943242152467288, 58.25686399546833, 26.151950676256817, 53.76017384682681, 59.3919594828655, 101.97449594377804, 65.19408463690007, 72.0803551119919, 102.34641607894469, 78.01