instance_id,num_cities,city_coordinates,distance_matrix,best_route,total_distance
2529,20,"[[59.24756585450154, 96.83037608267763], [16.900383405105256, 56.0113390097603], [71.63745592660989, 73.8026342539471], [50.19754927546115, 16.98084214503637], [86.1410430133037, 32.70308385427164], [63.88283824306289, 8.753080494771615], [92.53317188877944, 54.02388921883055], [31.877984439969154, 22.801095151577357], [75.67607712602417, 27.80565786385314], [17.346669595861563, 81.28729360535608], [98.62760171849571, 24.091845275092282], [29.475516079516485, 16.874800336195996], [40.590327816386726, 21.367513692282756], [35.52708372545066, 28.38746746114692], [39.134960615832306, 20.147579010182582], [17.04850942984255, 55.128633538904815], [30.93350637087793, 3.7694672487748604], [5.618610483258535, 9.970672745007237], [54.35786849649211, 48.950477098347044], [80.776394581205, 42.9531836458819]]","[[0.0, 58.81732439479593, 26.149307251428183, 80.3607545393859, 69.53825366112089, 88.19918224221543, 54.224781112456974, 78.92672818495952, 70.95285552947583, 44.69085499488827, 82.71445513751215, 85.31863243603678, 77.73503799035896, 72.43682083726358, 79.27653029962903, 59.327866086002665, 97.27290844543582, 102.08169727291413, 48.12892962660426, 58.019327221325575], [58.81732439479593, 0.0, 57.55586238334268, 51.30381019481124, 73.0584950664313, 66.63853285052296, 75.65889670413958, 36.43142640467888, 65.19311789813284, 25.279894226097536, 87.73934290568909, 41.107208870542884, 41.969132691032634, 33.31714639878763, 42.19698691905731, 0.8950476341975745, 54.09382317107698, 47.402756780196704, 38.11717408601424, 65.19708755210162], [26.149307251428183, 57.55586238334268, 0.0, 60.7320809430917, 43.5835643498415, 65.51014073932251, 28.772029833430505, 64.6681727259055, 46.17393526897204, 54.804284558943046, 56.56527654637151, 70.84071884331057, 60.937394366750574, 58.02151631355487, 62.73178743379262, 57.69463911259283, 81.00281470547748, 91.83140673948044, 30.26902471243049, 32.17466087703035], [80.3607545393859, 51.30381019481124, 60.7320809430917, 0.0, 39.23166611865909, 15.968193257232622, 56.25382012422479, 19.221909395841617, 27.682702483288335, 72.21149489618661, 48.94932425632393, 20.722304520469116, 10.561325268503055, 18.583155290643692, 11.50691488737206, 50.53823137899182, 23.359019150623425, 45.126757681624454, 32.23919687381842, 40.12017327067713], [69.53825366112089, 73.0584950664313, 43.5835643498415, 39.23166611865909, 0.0, 32.69602943040688, 22.258392865480978, 55.15912350646465, 11.554232659659876, 84.22049187125327, 15.16797871061775, 58.834653919372634, 46.93999154077486, 50.797612341969895, 48.65400789501122, 72.64078383139638, 62.329978918644464, 83.66973560013372, 35.69520933674053, 11.569096703631955], [88.19918224221543, 66.63853285052296, 65.51014073932251, 15.968193257232622, 32.69602943040688, 0.0, 53.57506640724963, 34.95221570594964, 22.407168222589558, 86.17904074618404, 37.97994594453468, 35.35288038687454, 26.48895933915278, 34.48996906070597, 27.24503704292, 65.91013788131575, 33.32408846178779, 58.27694885058921, 41.31047981297513, 38.144977405899255], [54.224781112456974, 75.65889670413958, 28.772029833430505, 56.25382012422479, 22.258392865480978, 53.57506640724963, 0.0, 68.21960593419178, 31.169813910635263, 79.97689257395642, 30.546183552110303, 73.18690293330738, 61.355504340359, 62.505361435824426, 63.23743638465149, 75.49274618499695, 79.498589418063, 97.44140221694062, 38.51095038605842, 16.148756439516124], [78.92672818495952, 36.43142640467888, 64.6681727259055, 19.221909395841617, 55.15912350646465, 34.95221570594964, 68.21960593419178, 0.0, 44.08308712961658, 60.264371901425896, 66.76209585319447, 6.394749757558316, 8.829500716860515, 6.672591788535186, 7.7268914273262554, 35.56660044564422, 19.055049185287476, 29.22626318449535, 34.48384206251907, 52.888195138639375], [70.95285552947583, 65.19311789813284, 46.17393526897204, 27.682702483288335, 11.554232659659876, 22.407168222589558, 31.169813910635263, 44.08308712961658, 0.0, 79.136623281554, 23.250051291626534, 47.476051724022106, 35.671550358691306, 40.153208757044546, 37.33496173214126, 64.68181115050677, 50.790118104446705, 72.29201426569655, 30.026145267611003, 15.983140350408247], [44.69085499488827, 25.279894226097536, 54.804284558943046, 72.21149489618661, 84.22049187125327, 86.17904074618404, 79.97689257395642, 60.264371901425896, 79.136623281554, 0.0, 99.38767145086021, 65.5444750240145, 64.27011492368544, 55.93674162847634, 64.90604229461391, 26.160359247471217, 78.6995269147154, 72.27453065560132, 49.147721675272074, 74.11365594882875], [82.71445513751215, 87.73934290568909, 56.56527654637151, 48.94932425632393, 15.16797871061775, 37.97994594453468, 30.546183552110303, 66.76209585319447, 23.250051291626534, 99.38767145086021, 0.0, 69.52766849154922, 58.10118023380863, 63.246563076233066, 59.623246990908, 87.28362116899895, 70.67877753312459, 94.0748636152126, 50.771654056880045, 25.969514462074173], [85.31863243603678, 41.107208870542884, 70.84071884331057, 20.722304520469116, 58.834653919372634, 35.35288038687454, 73.18690293330738, 6.394749757558316, 47.476051724022106, 65.5444750240145, 69.52766849154922, 0.0, 11.988474183399187, 13.0062667704166, 10.198820961222085, 40.22171365036189, 13.186185613055786, 24.835839474923688, 40.59532610476937, 57.54878114340834], [77.73503799035896, 41.969132691032634, 60.937394366750574, 10.561325268503055, 46.93999154077486, 26.48895933915278, 61.355504340359, 8.829500716860515, 35.671550358691306, 64.27011492368544, 58.10118023380863, 11.988474183399187, 0.0, 8.655414007509355, 1.8990351015819749, 41.15860087810332, 20.07350091683809, 36.7819112717884, 30.827991284523197, 45.616456563088555], [72.43682083726358, 33.31714639878763, 58.02151631355487, 18.583155290643692, 50.797612341969895, 34.48996906070597, 62.505361435824426, 6.672591788535186, 40.153208757044546, 55.93674162847634, 63.246563076233066, 13.0062667704166, 8.655414007509355, 0.0, 8.995139650971819, 32.50457923426388, 25.042900937567, 35.12399606103145, 27.882536119099207, 47.535883508092475], [79.27653029962903, 42.19698691905731, 62.73178743379262, 11.50691488737206, 48.65400789501122, 27.24503704292, 63.23743638465149, 7.7268914273262554, 37.33496173214126, 64.90604229461391, 59.623246990908, 10.198820961222085, 1.8990351015819749, 8.995139650971819, 0.0, 41.37010396327941, 18.31683369475309, 35.027348562793655, 32.57827286122213, 47.477411739608606], [59.327866086002665, 0.8950476341975745, 57.69463911259283, 50.53823137899182, 72.64078383139638, 65.91013788131575, 75.49274618499695, 35.56660044564422, 64.68181115050677, 26.160359247471217, 87.28362116899895, 40.22171365036189, 41.15860087810332, 32.50457923426388, 41.37010396327941, 0.0, 53.20298019913718, 46.58201383573185, 37.81742840236749, 64.88054350853385], [97.27290844543582, 54.09382317107698, 81.00281470547748, 23.359019150623425, 62.329978918644464, 33.32408846178779, 79.498589418063, 19.055049185287476, 50.790118104446705, 78.6995269147154, 70.67877753312459, 13.186185613055786, 20.07350091683809, 25.042900937567, 18.31683369475309, 53.20298019913718, 0.0, 26.06336324052427, 50.892282244158075, 63.400923777466176], [102.08169727291413, 47.402756780196704, 91.83140673948044, 45.126757681624454, 83.66973560013372, 58.27694885058921, 97.44140221694062, 29.22626318449535, 72.29201426569655, 72.27453065560132, 94.0748636152126, 24.835839474923688, 36.7819112717884, 35.12399606103145, 35.027348562793655, 46.58201383573185, 26.06336324052427, 0.0, 62.40945776967785, 82.07641887801789], [48.12892962660426, 38.11717408601424, 30.26902471243049, 32.23919687381842, 35.69520933674053, 41.31047981297513, 38.51095038605842, 34.48384206251907, 30.026145267611003, 49.147721675272074, 50.771654056880045, 40.59532610476937, 30.827991284523197, 27.882536119099207, 32.57827286122213, 37.81742840236749, 50.892282244158075, 62.40945776967785, 0.0, 27.090700419952906], [58.019327221325575, 65.19708755210162, 32.17466087703035, 40.12017327067713, 11.569096703631955, 38.144977405899255, 16.148756439516124, 52.888195138639375, 15.983140350408247, 74.11365594882875, 25.969514462074173, 57.54878114340834, 45.616456563088555, 47.535883508092475, 47.477411739608606, 64.88054350853385, 63.400923777466176, 82.07641887801789, 27.090700419952906, 0.0]]",Route_4,1063.303006660783
