instance_id,num_cities,city_coordinates,distance_matrix,best_route,total_distance
1347,99,"[[18.352719913868455, 1.155947747224284], [90.0537913315486, 11.01114622119821], [60.022933710846104, 36.12579145120504], [39.77562678281854, 43.33489097266916], [83.69600804843408, 83.90984998748577], [62.54861199228009, 71.89412617917775], [96.05945471544673, 55.60066928973433], [13.83570790167502, 11.715852246212677], [19.70394079008011, 3.2092332870261586], [40.264332649305246, 93.29596507280574], [75.71512181233413, 74.44590917395146], [46.017397137908254, 47.17391376954703], [89.1575581370161, 0.007476828234387334], [3.185650517552452, 50.95780963509628], [65.01221291847828, 2.7549397736452375], [80.72798188788639, 92.58040373358266], [40.598264591201186, 32.20178772069975], [48.471971039423586, 77.26153027067957], [23.139229009065986, 52.78132213470058], [8.711395140016077, 51.32446790693119], [57.17112283767225, 99.63023436932083], [83.70515414354487, 60.36941650557487], [90.55817811390897, 38.988343443005334], [12.788118043912267, 85.35172311039607], [76.23791588189923, 34.674533227982366], [32.660482877070365, 40.101696654587634], [82.82687735558144, 38.33733710206958], [98.4799632989548, 2.7347194935034014], [5.94687209975765, 44.92175845208099], [85.0616672093227, 57.89484807277707], [7.637292388240457, 9.628295281303412], [19.848144847503768, 27.01085190817882], [14.608998498229509, 79.59295724797236], [7.403975748241076, 72.12337077668748], [98.805986821003, 2.588256850197068], [70.6546524660708, 96.47888710427753], [31.3870577312496, 94.62451394054209], [88.05395551560983, 51.03646632852904], [18.73470875294363, 23.642131443089166], [64.16278310698657, 53.56944443196113], [72.17548945066416, 64.58693560710412], [28.37577416655964, 79.61094958873537], [20.982151787198365, 9.659350348544937], [70.63873929807816, 34.787795514710865], [99.19090684684588, 17.32697592693979], [19.231822345233706, 45.607839025988206], [84.63180322268732, 60.353750397374526], [3.2330556129629096, 33.9601746461356], [57.06978334333633, 49.44602943380265], [8.571363418786893, 84.08885486951617], [7.517770566310444, 76.57157139552608], [9.088892049475705, 48.9442467762903], [75.06357780789381, 11.067389513362148], [86.67167338697223, 7.277710871837185], [87.06062010890906, 75.90238358655559], [61.676565129865004, 12.152007765542926], [74.06981076133643, 12.155988463473765], [30.360198155020747, 92.50325030042879], [32.624781369850375, 25.101457490355315], [31.815809704646046, 7.611083161514475], [25.77093530072413, 31.262483385902417], [49.02614508607377, 48.09130440002568], [70.87029443663192, 53.46758829048544], [23.914944735484767, 1.5478195678994333], [62.950221946344634, 60.291119015626585], [71.28259986444283, 33.18661918318784], [11.747283220075078, 75.86546894847109], [53.48882426906098, 49.769377541765], [3.03032836382342, 59.42090246513877], [4.3401093844437355, 69.67094397306704], [51.18659663544675, 56.92433430417889], [93.15477078839048, 71.25759188917223], [52.113690746449784, 79.87429368988359], [70.72300247792245, 7.935503690305234], [25.188323616328255, 86.48363505777115], [0.10897427089299194, 58.46813766760987], [35.58420293722039, 22.334030833570107], [42.64029150107439, 99.47007017438222], [28.30806207594646, 86.97048689780127], [17.83152085469153, 15.604409670271902], [42.23546636366993, 16.82003939990525], [0.4228023934405689, 99.65217729264737], [16.65285041032849, 62.3398003217023], [60.698660596039886, 42.7153835082536], [94.04959495599017, 73.37161036147843], [36.40967887945224, 4.817753862982377], [41.078789389513716, 47.918238986594076], [46.09864090138787, 14.281773646087824], [43.543805292195124, 82.93838151212515], [43.23119459853035, 73.06609630780375], [6.66678244754666, 27.586387833971614], [49.883115532115895, 45.467439651737095], [69.37983146969415, 72.92768705482413], [35.56770664577715, 28.668357917717856], [3.2365380223239093, 30.503230890393763], [67.00904786096771, 6.4194721846938645], [7.302670694397706, 7.251822070560254], [61.37134317524513, 24.39170120580193], [3.1869610414490657, 78.08415503298636]]","[[0.0, 72.37519312170909, 54.399418071948794, 47.30754897826573, 105.44170730895635, 83.40963232431548, 94.8818440870764, 11.485424700291022, 2.458003125357995, 94.70956427640351, 93.06913343043577, 53.69345921750579, 70.81415184310178, 52.0602097726406, 46.686883200185804, 110.6756723888721, 38.193041743881224, 81.84881782651914, 51.84679305381869, 51.08654968198399, 105.84920184529311, 88.18829594759355, 81.51636865047382, 84.37946067009912, 66.88939740263932, 41.49076329698655, 74.42696213184708, 80.1427953887292, 45.490122517313885, 87.57503331098829, 13.660199844629025, 25.89811508400336, 78.5263007498657, 71.80703398865003, 80.46601559290164, 108.7288136436868, 94.37301960079608, 85.71072499022131, 22.489428020235586, 69.61132468555957, 83.18882582108758, 79.09266040856065, 8.900661086494086, 62.16855320257457, 82.43976357923496, 44.46058320966877, 88.86673575001777, 36.120929542404276, 61.89461196176813, 83.50773628017086, 76.18997583426867, 48.67792138939924, 57.57046187898686, 68.5926773600068, 101.52736192719149, 44.6975267797458, 56.792562085753325, 92.13310597965547, 27.876139888114135, 14.9306249008996, 31.006989658604056, 56.069481145455114, 74.12559187002407, 5.576011880371478, 74.06689995186778, 61.867084174226825, 75.00096234072771, 59.98175877421167, 60.24600095519633, 69.93323931920065, 64.71612163699024, 102.51627834855734, 85.65267736332935, 52.80728050775028, 85.60104964159926, 60.145834174578816, 27.3026594015351, 101.26970327904516, 86.39006868379002, 14.45785946815931, 28.561326042204247, 100.1148798978155, 61.207461736168455, 59.332667166014915, 104.61892189254472, 18.424510607182484, 51.99217360110554, 30.694029337526658, 85.57427916756612, 76.09210188081265, 28.89860373177091, 54.38450296405128, 88.06218641942041, 32.454406196528545, 33.01154317604099, 48.940197576220626, 12.619955289882483, 48.89276210332222, 78.40885994820702], [72.37519312170909, 0.0, 39.14840755974641, 59.77222017917204, 73.1754222336981, 66.80772514499398, 44.99214998374949, 76.22134118673628, 70.7811508569856, 96.17578494253469, 65.03511816282989, 56.982012691143076, 11.040107519794848, 95.61281193639023, 26.367510203327207, 82.10063637330215, 53.80420441123179, 78.2186752988719, 78.88159637491081, 90.78408078246775, 94.52308009942806, 49.764887617782115, 27.98174351991155, 107.22175917606694, 27.401355788958057, 64.34478984244534, 28.265685798753356, 11.810995445058946, 90.68574024914999, 47.14873065692701, 82.42809942485803, 72.00571769181023, 101.95774403827595, 102.78957148502609, 12.14685108337754, 87.64166429489619, 102.14196440591235, 40.07524913191449, 72.42895365480231, 49.815188983688145, 56.48007512802178, 92.25026191545169, 69.08486622572248, 30.69647043373326, 11.107501285699412, 78.82057119894245, 49.63960658526058, 89.80255038897884, 50.647655725936545, 109.45198746412444, 105.40571176553226, 89.41048614943851, 14.990319035720232, 5.037584867660686, 64.96023214840899, 28.4001502102521, 16.024927414145083, 101.01627637952689, 59.132292842765445, 58.33714882290071, 67.39734591538628, 55.301047793063475, 46.58922650463323, 66.81243582151978, 56.241614415290094, 29.05355796081914, 101.6759184321712, 53.28411875389673, 99.58206468281715, 103.86436898773132, 60.15546245760103, 60.32619902841469, 78.6230520375629, 19.573936105988356, 99.5169607308268, 101.69678536325321, 55.63401635503788, 100.36444187624205, 97.88951178410466, 72.36818653210052, 48.16986031425955, 126.05929782222674, 89.56745424477374, 43.20743411095736, 62.4883503894628, 54.0004528654711, 61.32441855913398, 44.076663361585105, 85.65457359637733, 77.73784403412508, 85.01842085773195, 52.923712560198624, 65.27687680313478, 57.27574136823345, 88.9785189633384, 23.49773759497685, 82.83646832629859, 31.64999342709315, 109.74805107934795], [54.399418071948794, 39.14840755974641, 0.0, 21.492430149895267, 53.32664154802616, 35.857395610858376, 40.962198585289116, 52.24083613361086, 52.04921701159922, 60.48827215116243, 41.408648730641126, 17.83861153388755, 46.40429927989299, 58.740663293854126, 33.74176416101278, 60.13170767546138, 19.81705264878474, 42.72673339796316, 40.46991938312922, 53.5151731428725, 63.56844418102884, 33.89101533444821, 30.66912706062143, 68.22257807210575, 16.279797211207576, 27.649801768133518, 22.9109314502515, 50.93041145744924, 54.78676368290733, 33.17875828600196, 58.70581504463284, 41.19582239848063, 62.8635030355404, 63.75406225774791, 51.27271628906603, 61.28237592162297, 65.13151254195851, 31.750061554529314, 43.13420090105521, 17.928172866629925, 30.947073168108375, 53.78198290754574, 47.16625019916674, 10.699792586400092, 43.44566243824297, 41.8786818399558, 34.533902955618885, 56.83115475264279, 13.643673882285489, 70.34002799251394, 66.27709462656573, 52.52227524473233, 29.225750333097427, 39.27298154507294, 48.0958809843632, 24.030746993734617, 27.782480273406886, 63.70475450820561, 29.53294247075212, 40.10898195600701, 34.595536712487, 16.251241804438102, 20.454905336622712, 49.994229741116015, 24.341981692324886, 11.636959031960759, 62.52823680461328, 15.127525495194078, 61.56962937514709, 65.00657030393137, 22.597792762061232, 48.290392731330066, 44.45770543333872, 30.15267476796213, 61.23203796331179, 63.94421764496025, 28.0617929355896, 65.68602512827592, 59.92508771687602, 46.91740006647107, 26.250829641996546, 87.1078489639584, 50.67680323931597, 6.624147515091372, 50.44863429061949, 39.214525642393134, 22.314623522308707, 25.904575736996897, 49.62842191375972, 40.57768629819257, 54.035176429527006, 13.787033901467401, 37.97276729037817, 25.566999153409856, 57.064068576937295, 30.516736314396766, 60.10933571682447, 11.81131161094928, 70.64582127583627], [47.30754897826573, 59.77222017917204, 21.492430149895267, 0.0, 59.79403974955263, 36.527233277802935, 57.604848793075426, 40.897958403146, 44.86581085076356, 49.963464238013735, 47.53464795806418, 7.327877810159279, 65.695052787208, 37.375597012311594, 47.787212924565246, 64.04854343181327, 11.163454706442465, 35.023467239647935, 19.131251725527978, 32.07522138888805, 58.92171901040706, 47.11664710341792, 50.968225347979896, 49.93735886911185, 37.476663707044345, 7.815293871504773, 43.34034749016629, 71.37627792157163, 33.865953283554994, 47.569084585137354, 46.57260064414394, 25.76002305242181, 44.13622717495183, 43.32089980749282, 71.72776030623214, 61.463798710975865, 51.97108344954432, 48.88876443717359, 28.81883081302534, 26.44767434181149, 38.747909647350944, 38.02511102401539, 38.56470846172757, 32.02474909967331, 64.85820803963581, 20.669160447943145, 47.97622474645668, 37.72591700551411, 18.34213358447827, 51.328273158147034, 46.31680270934114, 31.195200931011296, 47.8166408060467, 59.15538372728883, 57.41526076753438, 38.10542357185399, 46.348840507938746, 50.061740433477155, 19.585522374298094, 36.59985153585029, 18.489846090480874, 10.401709358119817, 32.70397393950144, 44.695867500183276, 28.715423215375093, 33.10100864142028, 42.93980142374802, 15.147752397783663, 40.11205207461804, 44.15046524024736, 17.74494866258858, 60.24126692924102, 38.56625174036794, 47.01974779154708, 45.54781586193483, 42.45537041449271, 21.415045188732343, 56.20822580331511, 45.11729460027168, 35.36273997087136, 26.628709407127182, 68.70430500243508, 29.93074283303292, 20.932203263098472, 62.03118677652813, 38.66392965561812, 4.765009107676297, 29.733216003919377, 39.78235327613624, 29.93134677238762, 36.66348216313927, 10.330009326509197, 41.85860144704353, 15.258236586568502, 38.72668986518684, 45.873820071053366, 48.54359626680791, 28.726632330394487, 50.460299379485626], [105.44170730895635, 73.1754222336981, 53.32664154802616, 59.79403974955263, 0.0, 24.322622773734285, 30.891172287014445, 100.46111111500912, 102.99307844623443, 44.43432889523779, 12.379851406040787, 52.62325274966627, 84.07994262084362, 86.99284242474144, 83.27787012330874, 9.164479338928658, 67.31373704149311, 35.84596125463809, 68.08897659610162, 81.75878728528826, 30.8334237566433, 23.5404352586635, 45.44261357177091, 70.92254833969191, 49.79698339430979, 67.25904495274679, 45.58079989263772, 82.51040627438738, 86.97700513548895, 26.05082243550127, 106.31405174033085, 85.52219371457731, 69.22174839972276, 77.19711966569913, 82.71343886512157, 18.112361786054485, 53.3950400965539, 33.16098700756097, 88.61246133984145, 36.0844438212216, 22.49660794237928, 55.48701488982504, 97.19138060438945, 50.82783197073515, 68.36205824092447, 74.98450027886685, 23.574680072217202, 94.70616020797792, 43.551243027069034, 75.12485789323378, 76.53087088604207, 82.39426658211597, 73.35218401507932, 76.68989066133224, 8.685627926610689, 75.06026769732016, 72.39668720195156, 54.023653578083895, 77.88900578741412, 92.2662278374635, 78.27553425502124, 49.84944940347687, 33.03377403326209, 101.77072066986516, 31.436159016564158, 52.22010001875197, 72.3970377206677, 45.58558775202795, 84.30101084644522, 80.62322926586948, 42.250205764148326, 15.797082881251463, 31.839103014914432, 77.07399151994423, 58.56426817774557, 87.37318204972921, 78.14299261952497, 43.90549297618516, 55.47244412632269, 94.88816496393606, 78.86709834570749, 84.74814245186546, 70.42763682441887, 47.17904257564713, 14.773329220844849, 92.14964240649547, 55.78192707913324, 79.13046841383748, 40.16395320653512, 41.89257835704467, 95.42449363570525, 51.196978550908284, 18.04330386911413, 73.26633498407861, 96.57118245245003, 79.26672247745275, 108.22382009613106, 63.567292659817205, 80.71954764290867], [83.40963232431548, 66.80772514499398, 35.857395610858376, 36.527233277802935, 24.322622773734285, 0.0, 37.26195536233924, 77.42332774100755, 80.95233388872096, 30.897051863641348, 13.411509135589325, 29.738358497715783, 76.65328675170392, 62.946727837783406, 69.18306459201223, 27.5392732086225, 45.357463369664124, 15.065219785887868, 43.79952905637489, 57.632948560998514, 28.252594343586345, 24.0918701818493, 43.212571455562355, 51.54816847521052, 39.65722053340368, 43.63552265165935, 39.20798565738864, 77.9364198551497, 62.69980526019596, 26.51070430422321, 83.01979714537774, 61.95028816452621, 48.55387257248173, 55.14511274422121, 78.21701063653772, 25.886644469823555, 38.57088269336248, 32.94790619581799, 65.17601639466359, 18.39563832880845, 12.086016864763387, 35.033301423035866, 74.83941432607394, 37.978019105856156, 65.7284691656458, 50.66866050752084, 24.91681376307905, 70.40823749746293, 23.107025140727373, 55.3376433487697, 55.22926761964309, 58.177647090357254, 62.10085557203263, 68.97248160116324, 24.837565688961636, 59.74848264415601, 60.83899340732488, 38.22080562211896, 55.54268162541097, 71.25177019598567, 54.80445145158321, 27.375745394043996, 20.218498887604063, 80.25685702515865, 11.609955460406526, 39.68064568521653, 50.95632020086304, 23.907828338401814, 60.81124399235619, 58.25094261012485, 18.793351530519995, 30.612777269550023, 13.13661504747725, 64.47888065472189, 40.10791588767531, 63.86677952027031, 56.42058495225218, 34.011379154736055, 37.4127239196906, 71.8898492449413, 58.70075740482367, 68.04502641581713, 46.87969788488582, 29.237327922100892, 31.53561299846416, 71.98946830875853, 32.1837917167284, 59.91481213596703, 21.98086107428304, 19.352935920597073, 71.31587867041878, 29.30502621397983, 6.90896574258899, 50.955238151836596, 72.3265396063204, 65.62641087120383, 85.03376688328026, 47.517011061500504, 59.683515821533845], [94.8818440870764, 44.99214998374949, 40.962198585289116, 57.604848793075426, 30.891172287014445, 37.26195536233924, 0.0, 93.20204776204545, 92.60144206886156, 67.3352134514243, 27.731479361302714, 50.746603188693165, 56.01998950768133, 92.98978251378736, 61.29112783500622, 40.03192249442642, 60.19511000637359, 52.28538515734206, 72.97470819023607, 87.45266954106816, 58.74440362565164, 13.242722251466331, 17.499526115998886, 88.42647066633357, 28.823541978819808, 65.26597722326899, 21.751407812058535, 52.92133321884894, 90.74313573129342, 11.234526528448862, 99.659108778826, 81.39742876589108, 84.91058060962622, 90.18200272411124, 53.0835126123588, 48.12933272987622, 75.53396178549069, 9.2152029879794, 83.66877840306437, 31.961281797211836, 25.51855754340428, 71.81625284488459, 88.01821516615784, 32.854048260540125, 38.401583249658685, 77.47478139557829, 12.376711948485045, 95.31553587297947, 39.47244691504934, 92.00947144919797, 90.99125544301559, 87.22492035601454, 49.23453924591713, 49.22640296151112, 22.206724829780207, 55.40730353029332, 48.69275853065004, 75.35378423041237, 70.38579191034148, 80.18881655836809, 74.38295002622118, 47.62901191227104, 25.279316250665847, 90.1473287640854, 33.439820770896894, 33.41080930606878, 86.71334595939484, 42.96815728016133, 93.10753208661885, 92.79229999095945, 44.89237665058829, 15.924082830759463, 50.203974069174166, 53.980587469990994, 77.30766325467465, 95.99331785306104, 69.02119465651846, 69.12402861886521, 74.66134650108526, 87.85960630272669, 66.3397239724745, 105.2943712868404, 79.69206167703065, 37.635307231714044, 17.88423559529689, 78.33900852401078, 55.51480248586732, 64.83312466766974, 59.2051006577991, 55.64050869559055, 93.67950587337062, 47.275116533652245, 31.812385027957887, 66.21631959240578, 96.1559944965841, 57.120191588400694, 101.07115185443462, 46.661169842700886, 95.55525737704731], [11.485424700291022, 76.22134118673628, 52.24083613361086, 40.897958403146, 100.46111111500912, 77.42332774100755, 93.20204776204545, 0.0, 10.33434677903498, 85.75422447232968, 88.11425485177764, 47.88460346593729, 76.22642047088048, 40.66146753372362, 51.95510194462045, 104.94594802230279, 33.70323415972048, 74.13438225165461, 42.1061553951198, 39.938715750982986, 98.01477833348872, 85.14052403694393, 81.42558695856148, 73.64332232074256, 66.49162799352885, 34.060656418377235, 73.94920498929146, 85.11939095929736, 34.13013239444783, 84.88602320078692, 6.540508310439444, 16.434305969133923, 67.88150971926471, 60.74895450543303, 85.45912062115873, 102.04491432580753, 84.74606813761257, 83.99082670562181, 12.893267422285922, 65.45637996079547, 78.7329763627548, 69.43455746339762, 7.436454818261523, 61.309860071652096, 85.53943357265182, 34.31886972160449, 85.89372648374649, 24.64195841622668, 57.38250212305313, 72.56421178202936, 65.16272430268866, 37.52979642926143, 61.231303735660795, 72.97105567986769, 97.37452733267544, 47.84284535816301, 60.23571089642767, 82.46006586526158, 23.06954073111361, 18.442700184189302, 22.902411269953678, 50.61166257517582, 70.68346004493634, 14.317119252813155, 69.07815886055285, 61.32812755207697, 64.18360258428461, 54.95853368736008, 48.91347506922077, 58.72783878424735, 58.64209869358402, 99.18030296856682, 78.17145969402891, 57.01276453048827, 75.62475276072624, 48.725757134130106, 24.202122899121004, 92.360742745603, 76.63360275942682, 5.575607589823789, 28.854791754569494, 88.95337709634774, 50.70227224359803, 56.188141753403194, 101.17163725635059, 23.604404822199022, 45.30781714729989, 32.36480802313367, 77.17007014120426, 68.02901648974347, 17.414574126551944, 49.38203366881442, 82.65614546769112, 27.562061206594684, 21.57099901374935, 53.436464368281015, 7.912530604099119, 49.19668451946943, 67.2171661444459], [2.458003125357995, 70.7811508569856, 52.04921701159922, 44.86581085076356, 102.99307844623443, 80.95233388872096, 92.60144206886156, 10.33434677903498, 0.0, 92.4031869431346, 90.61962475604582, 51.23759474154899, 69.5273773919024, 50.52504781586024, 45.310549608863525, 108.21801928927643, 35.737109280069376, 79.4439566800543, 49.6909770267121, 49.35495782996121, 103.44466723954059, 85.81049968560825, 79.37548532321019, 82.43310766093222, 64.70050571716394, 39.10148125300134, 72.23910850981464, 78.77745163217057, 43.92256475429893, 85.21824257275023, 13.667785502413846, 23.802055453195187, 76.55345663717162, 70.00319625541685, 79.10448342548823, 106.27889415815281, 92.15882355163897, 83.42163228675373, 20.455872941477097, 67.17692704137325, 80.74952483409511, 76.8922814589103, 6.575548149048084, 59.92961948334159, 80.73096326785819, 42.40123423243608, 86.49348620469905, 34.88424362071172, 59.447855366138306, 81.64219170413429, 74.36756952777569, 46.95072649734592, 55.914577974098954, 67.09120448335204, 99.10205017722659, 42.91473417536585, 55.09711649368632, 89.9276225384486, 25.420810409124822, 12.88695661982151, 28.701798959338515, 53.611491045934685, 71.72097317478163, 4.5269028898703, 71.61412229567348, 59.657369511877846, 73.0906080161996, 57.526214760841036, 58.63242365049049, 68.21441418626871, 62.26130175607253, 100.12793584153702, 83.23414791303014, 51.23750859900171, 83.45480480631598, 58.63027567929864, 24.858411193360485, 98.95567139983386, 84.20201012773082, 12.5358028855839, 26.32344369028716, 98.35142981340817, 59.209231631121014, 56.93244204556256, 102.2254148932384, 16.782998050228485, 49.55582047845344, 28.623091097380087, 83.21704282284372, 73.71236655318371, 27.644405608620946, 51.9282061434133, 85.60582287780164, 29.997101428062546, 31.876914202728926, 47.41390923313789, 13.04354338586039, 46.74258624271041, 76.67505804680131], [94.70956427640351, 96.17578494253469, 60.48827215116243, 49.963464238013735, 44.43432889523779, 30.897051863641348, 67.3352134514243, 85.75422447232968, 92.4031869431346, 0.0, 40.15075416068118, 46.47947253821255, 105.32468626846065, 56.2791975288846, 93.8623185311366, 40.469975756517556, 61.09508995715122, 18.01300717166846, 43.98528693882865, 52.50899389447605, 18.05443219805698, 54.509288865702565, 74.01883989028067, 28.601631935938922, 68.7791462736318, 53.734986032455176, 69.51273984169767, 107.65871470908021, 59.310639557792044, 57.096762329679024, 89.80424669544874, 69.35803451371604, 29.08553925666151, 39.09068693299384, 107.95838829918019, 30.55654645446245, 8.976137925895712, 63.79430450926749, 72.90528955045046, 46.36089274923102, 42.924705022439454, 18.127809343572334, 85.8305646103615, 65.92276150392823, 96.14379053533806, 52.12028257356279, 55.25994890336147, 69.94320198918588, 46.95998326846192, 33.00326009566482, 36.770132881566596, 54.2123879980117, 89.28900325427915, 97.73833091538022, 49.92423456519587, 83.92154376132763, 87.90054695248466, 9.935807807683315, 68.62108719748113, 86.10038634116785, 63.70409262287023, 46.04596294701958, 50.22971724031275, 93.1934798617695, 40.04958721954099, 67.64071528530286, 33.42221272282256, 45.49121894056413, 50.33776854216559, 42.99641193340109, 37.976194850883715, 57.29824027948413, 17.90386969416155, 90.63188696679595, 16.54369634018181, 53.15477747357086, 71.11610032261008, 6.615493501668093, 13.526421558040514, 80.86537470312955, 76.5013240123784, 40.34537107169352, 38.933099409358285, 54.55233258113728, 57.3570776108903, 88.5621375903696, 45.38503458781238, 79.22929760889176, 10.864367355347666, 20.446267631892212, 73.80070406483937, 48.78615406137751, 35.53278797080044, 64.79803934078086, 72.89708527122986, 90.89997144274075, 92.14155253641253, 72.06457848621487, 40.076559857784815], [93.06913343043577, 65.03511816282989, 41.408648730641126, 47.53464795806418, 12.379851406040787, 13.411509135589325, 27.731479361302714, 88.11425485177764, 90.61962475604582, 40.15075416068118, 0.0, 40.320175894654284, 75.6424438026101, 76.23788445548401, 72.48549753120153, 18.81458633800805, 54.93413745974828, 27.388263657922472, 56.864565729828804, 70.88088906216522, 31.275072078548074, 16.186051479488537, 38.43898135924111, 63.86504976031358, 39.774811857188986, 55.07473892285971, 36.802255963149825, 75.23784109938406, 75.75806322632695, 19.007775630851086, 93.99954217884466, 73.28849686680725, 61.322511448527955, 68.35061712374382, 75.47655426905851, 22.60664651120786, 48.70475701102522, 26.462215165971866, 76.33997186366798, 23.859658624687757, 10.475130407187105, 47.62028431261038, 84.81153348578407, 39.98169129039302, 61.75504042799406, 63.41921955171789, 16.676214988959355, 83.02255489194978, 31.187219075214003, 67.83266685674872, 68.23047088254454, 71.33995568724085, 63.38186857420211, 68.05595407868331, 11.438603468612556, 63.85617610229587, 62.31164634779067, 48.8173808035488, 65.51070409790988, 79.96276365684801, 66.02446538290503, 37.50822138524698, 21.530496961055505, 89.42812652295105, 19.060449968847788, 41.496701813041305, 63.983587927833035, 33.21053320674646, 74.22149301417032, 71.53455592754571, 30.143890480000156, 17.728697738877642, 24.217656922388308, 66.69749090519106, 51.94096822734329, 77.27599063335926, 65.77338758132858, 41.47472765304319, 49.03360439545704, 82.53988928793838, 66.64554145759942, 79.39955488507655, 60.29021292636707, 35.10442089654777, 18.36592016191744, 79.9562246242184, 43.627890268420394, 67.05862469036767, 33.27334808902787, 32.51321901592164, 83.447515896202, 38.820667746847704, 6.5146682285865385, 60.88841551209052, 84.7590943966356, 68.58127917369357, 95.8921728277244, 52.06887478051139, 72.61935649493279], [53.69345921750579, 56.982012691143076, 17.83861153388755, 7.327877810159279, 52.62325274966627, 29.738358497715783, 50.746603188693165, 47.88460346593729, 51.23759474154899, 46.47947253821255, 40.320175894654284, 0.0, 63.9198424964249, 42.99856260936732, 48.30991903725768, 57.153950209407945, 15.922674272287024, 30.18757359837361, 23.55533072374846, 37.5361810086494, 53.62901423531696, 39.93104457151641, 45.28669486198818, 50.61353687673782, 32.7034289804411, 15.113682989016912, 37.855289208979514, 68.75436594214315, 40.133766088009295, 40.4894240233635, 53.690836352772656, 33.03602320292504, 45.13847455513983, 45.97251044229754, 69.09787264207283, 55.11782602428691, 49.65487174227384, 42.21364178216339, 36.02901421036771, 19.239486594519693, 31.423862317638484, 36.92408636376156, 45.10106404996039, 27.561320998655813, 60.97755188056456, 26.831317654494256, 40.80172117468142, 44.77837403641111, 11.283516757894795, 52.5824906000825, 48.44010239508959, 36.97091514990065, 46.33963428185326, 56.96031234983213, 50.09861405142921, 38.36330854284627, 44.86861935519774, 47.95723751760171, 25.81773582845061, 42.03454116966746, 25.750588998664128, 3.145499926002257, 25.63741100650406, 50.69772060259728, 21.419188347390186, 28.878623212654777, 44.69503380160381, 7.909402984361144, 44.69761530437447, 47.3615105593474, 11.035910657826246, 52.933501173027366, 33.2637887603907, 46.36830556277943, 44.48712725637885, 47.27729670355808, 26.941999285544945, 52.40508388697913, 43.55901492331199, 42.321120152081846, 30.588571225690274, 69.51859616183431, 33.049670488963415, 15.343336951847874, 54.712076673786086, 43.432160113956385, 4.9943834976135655, 32.892240459573124, 35.84990668787144, 26.041659724081377, 43.9561377828642, 4.225616241220975, 34.77154262232927, 21.25209704397437, 45.91419796016011, 45.842926487868674, 55.6111809730576, 27.47312993120947, 52.819402412152506], [70.81415184310178, 11.040107519794848, 46.40429927989299, 65.695052787208, 84.07994262084362, 76.65328675170392, 56.01998950768133, 76.22642047088048, 69.5273773919024, 105.32468626846065, 75.6424438026101, 63.9198424964249, 0.0, 99.93550576676729, 24.301157346076597, 92.95592800657118, 58.26215447019905, 87.31268963194275, 84.51921988090739, 95.42022172637697, 104.63185873934002, 60.60769316612299, 39.00602130900094, 114.52480846351345, 36.996242450058475, 69.27817821227626, 38.84914037360615, 9.713140097754435, 94.55850551154772, 58.03209518960235, 82.08601510280491, 74.38398373470321, 109.04740454434584, 109.01536769365481, 9.987622419362028, 98.22978427603586, 110.85943545339062, 51.04092189770044, 74.28307084481115, 59.106879061446485, 66.77497400253863, 100.15556968118676, 68.85524448736524, 39.403264066854504, 20.015822125586055, 83.48054598880204, 60.515743333665434, 92.38942484462027, 58.93891562408873, 116.46378369469754, 111.92459734794282, 93.83921750519337, 17.915410967106947, 7.683483977940068, 75.92386990234355, 30.04487657399064, 19.370762912799158, 109.60199656517143, 61.85194188121414, 57.84367677242441, 70.67347019575452, 62.630541969705966, 56.50139406425026, 65.26079419695499, 65.73387243718729, 37.68779140061807, 108.38258915171883, 61.225038492158475, 104.63199727767933, 109.758818632192, 68.4201913348, 71.36215106887677, 88.03951696177164, 20.067048917913628, 107.56481258898116, 106.5237023123889, 58.039464169792694, 109.80283953714707, 106.13777033292963, 73.01142313692141, 49.84320371537797, 133.42759537484963, 95.61512011510901, 51.321283520942956, 73.52705701523665, 52.96675873905784, 67.87495219055938, 45.36326601060446, 94.64750076085996, 86.29480139689565, 86.97887333204963, 60.075702757769285, 75.5547187912002, 60.772677147535276, 91.17243395549474, 23.05797458363329, 82.17483274235327, 36.968420853443334, 116.13316169146826], [52.0602097726406, 95.61281193639023, 58.740663293854126, 37.375597012311594, 86.99284242474144, 62.946727837783406, 92.98978251378736, 40.66146753372362, 50.52504781586024, 56.2791975288846, 76.23788445548401, 42.99856260936732, 99.93550576676729, 0.0, 78.39668667230498, 88.00712183587206, 41.85083093412964, 52.37114229883149, 20.036728586603267, 5.537895983222385, 72.68724888957605, 81.06768041618464, 88.18858599331146, 35.70922383280268, 74.84503033210297, 31.41052262645836, 80.63498830671008, 106.80108834316219, 6.6376395284781875, 82.16936540826455, 41.56856831868562, 29.173541123258104, 30.829605218017978, 21.581826757489726, 107.15811845770779, 81.38940175406361, 51.981731730791815, 84.86834144790808, 31.4311865365735, 61.03303478561117, 70.3231892818973, 38.15160230783367, 44.96974757415754, 69.36417333672296, 101.72532732195563, 16.91454450589172, 81.9863372353979, 16.997701093412935, 53.905336004552865, 33.565936033122924, 25.97752982169218, 6.237202575721469, 82.205121793256, 94.2224338601023, 87.50567006526389, 70.19314319022813, 80.80931567400518, 49.643526057057, 39.18179898334902, 51.94828881737914, 29.966664225421404, 45.93003151043247, 67.73115982582632, 53.58218693944932, 60.488963142542765, 70.37762229878867, 26.33805321211216, 50.31721037890431, 8.46451801471032, 18.748711209741437, 48.370344683904854, 92.23081785320683, 56.834110978631166, 80.07629311241934, 41.78758063652363, 8.116092895150839, 43.23178126990224, 62.53085732476541, 43.909548917485786, 38.26701460795099, 51.86786552622329, 48.77268468441803, 17.63278721422036, 58.10063611308104, 93.58757856635393, 56.857196617896165, 38.014851877877646, 56.45047705334468, 51.49308336462114, 45.742998812322725, 23.629253829101557, 47.019117402824016, 69.74485719938602, 39.31179488337869, 20.4546420443228, 77.8273059491422, 43.899467014166916, 63.9635282573788, 27.12634542954699], [46.686883200185804, 26.367510203327207, 33.74176416101278, 47.787212924565246, 83.27787012330874, 69.18306459201223, 61.29112783500622, 51.95510194462045, 45.310549608863525, 93.8623185311366, 72.48549753120153, 48.30991903725768, 24.301157346076597, 78.39668667230498, 0.0, 91.1899082679538, 38.25124477639786, 76.32045354235261, 65.23791622678034, 74.355774124231, 97.1921056292858, 60.571065540717164, 44.33346229692594, 97.72197656129266, 33.836028923517596, 49.410673808362034, 39.792829362140715, 33.46775648874025, 72.57241268892543, 58.67188512905758, 57.78515831756249, 51.26541054354128, 91.894314042157, 90.17032887644434, 33.79418496978334, 93.89363890745408, 97.8297997492184, 53.49792246790912, 50.77284872475805, 50.82160381840245, 62.24554794863197, 85.1414992181857, 44.56811829784867, 32.52324777798574, 37.15544854125644, 62.70737704106493, 60.848593319593206, 69.2129392586885, 47.36179938736437, 98.99886482717444, 93.5655171812095, 72.53185437035245, 13.043264806615516, 22.12662844160611, 76.39817272682585, 9.971531126864557, 13.054493293555103, 96.2056202598312, 39.34860323290137, 33.54971408132829, 48.503174245387264, 48.07224066213637, 51.04987599070058, 41.114992293517595, 57.57311636983502, 31.070964969522617, 90.45607891125339, 48.40605173547958, 83.9808629432938, 90.32638465731729, 55.905911757257265, 74.05819948069406, 78.19057886139697, 7.710470795409062, 92.71697025427389, 85.53590361080822, 35.346125363182935, 99.26892422272971, 91.86649588665215, 48.89914702980191, 26.769520188426874, 116.45113391799055, 76.7397129830836, 40.192583857040276, 76.35367522590491, 28.67682261724286, 51.11293728221006, 22.14929131075203, 83.00769154142559, 73.60755051096898, 63.40970012238666, 45.31277119711433, 70.30853826383483, 39.22351577246344, 67.72150078649454, 4.173265816979866, 57.884481634590514, 21.940952070483494, 97.45179547471794], [110.6756723888721, 82.10063637330215, 60.13170767546138, 64.04854343181327, 9.164479338928658, 27.5392732086225, 40.03192249442642, 104.94594802230279, 108.21801928927643, 40.469975756517556, 18.81458633800805, 57.153950209407945, 92.95592800657118, 88.00712183587206, 91.1899082679538, 0.0, 72.49807916036835, 35.70879611564336, 70.00308103399678, 82.99663250847178, 24.589138258675277, 32.34828052374258, 54.48616048163959, 68.3233409801495, 58.079691216030675, 71.16529461639122, 54.283659049248676, 91.58263929690466, 88.67672102199181, 34.95523708922706, 110.55903937811847, 89.47469298437332, 67.38244378692653, 76.1242410390162, 91.78998182286908, 10.80139519839914, 49.3832480014142, 42.184933622196354, 92.71273537320445, 42.38231655164092, 29.27079405545591, 53.93477907725442, 102.20305919542993, 58.6666718058559, 77.48521145799228, 77.38345736463666, 32.462239698859065, 97.16889860763371, 49.19638812562231, 72.65455244515667, 74.9400944393441, 83.88249750023739, 81.70958916092594, 85.50951337776158, 17.839805572455045, 82.65399783724685, 80.69955275148276, 50.367842824692936, 82.86933139693325, 98.04175654363726, 82.34175323217245, 54.62862268188592, 40.33591865536725, 107.30634916146558, 36.85982441814283, 60.14014370441352, 70.9769387447072, 50.74205032692029, 84.47767685913993, 79.74929725158019, 46.30387380973129, 24.679695851647388, 31.30851146205274, 85.23414055606021, 55.87328725972557, 87.5389689527159, 83.50157892851016, 38.70580915918347, 52.71924847714159, 99.40456967632349, 84.97827107769129, 80.61595273211034, 70.85278095163916, 53.73726782675587, 23.37612280829455, 98.31782490401707, 59.72241979072986, 85.61464086672055, 38.413950351644836, 42.27076118703119, 98.53569589392805, 56.31196289495344, 22.69382715122044, 78.25726841841764, 99.28997562983268, 87.24629090229135, 112.57105832532507, 70.882851344129, 78.88441633362807], [38.193041743881224, 53.80420441123179, 19.81705264878474, 11.163454706442465, 67.31373704149311, 45.357463369664124, 60.19511000637359, 33.70323415972048, 35.737109280069376, 61.09508995715122, 54.93413745974828, 15.922674272287024, 58.26215447019905, 41.85083093412964, 38.25124477639786, 72.49807916036835, 0.0, 45.7424928474962, 26.987685342676347, 37.181303647153236, 69.43525795950903, 51.49387573528024, 50.41874946652682, 59.985997390312505, 35.72533015195718, 11.198970475222769, 42.67201310244464, 64.95074406965182, 36.912283280816766, 51.3529699495235, 39.949821645106674, 21.389560163488486, 54.04965218402408, 51.91910636255205, 65.30773413463355, 70.95725443709716, 63.09867732792987, 51.05671081624063, 23.47941203444934, 31.809798588031104, 45.23183539775241, 48.95934947699016, 29.882325281291035, 30.151576358877186, 60.451284125299935, 25.223938349319884, 52.26361570882244, 37.40656047496164, 23.846903410335226, 60.97532399268885, 55.34434739231927, 35.68123446857423, 40.429204824124874, 52.38290374569015, 63.78473609951472, 29.091036933193763, 39.01510567562898, 61.164404628886125, 10.676662590018752, 26.111956352435786, 14.857051743923082, 17.986270039628298, 36.99500053840446, 34.89984133088627, 35.89736104788634, 30.70013557250534, 52.33446459492537, 21.789601669825455, 46.39213338331468, 52.14011401274097, 26.89455493313644, 65.47932637788259, 49.04358128153828, 38.6827141419451, 56.426813051723855, 48.2628611892804, 11.068578962695035, 67.29926967039873, 56.13073567500977, 28.174413543368136, 15.468633134444657, 78.50874356535833, 38.492631292647786, 22.683950624514367, 67.46850386690805, 27.702519029598708, 15.72379548566518, 18.745160548470967, 50.822024355365045, 40.94904195125395, 34.24393955986309, 16.192157921365503, 49.86960465608682, 6.147490497338694, 37.4003169440224, 36.908769517836134, 41.60645813913987, 22.192752087766266, 59.20132822387757], [81.84881782651914, 78.2186752988719, 42.72673339796316, 35.023467239647935, 35.84596125463809, 15.065219785887868, 52.28538515734206, 74.13438225165461, 79.4439566800543, 18.01300717166846, 27.388263657922472, 30.18757359837361, 87.31268963194275, 52.37114229883149, 76.32045354235261, 35.70879611564336, 45.7424928474962, 0.0, 35.22823312568342, 47.47246148993665, 24.000711761561224, 39.073273462838735, 56.886603483267656, 36.58946002319605, 50.838961536503675, 40.38386301833781, 51.91678343097969, 89.74990147318466, 53.42513342152175, 41.398964300572594, 79.00459135818352, 57.83125540533195, 33.94313569893201, 41.3881736758496, 90.05337810449103, 29.349244606053382, 24.359135137925833, 47.48144346840071, 61.3134952431119, 28.416835058267537, 26.879399825106887, 20.233064520357768, 72.97770133913973, 47.910163422318654, 78.51471998179781, 43.09225527948828, 39.917495960617764, 62.62241505951115, 29.113990850098414, 40.48049962233532, 40.96001195851075, 48.50665372121732, 71.33567004751903, 79.73049753445102, 38.61257718304837, 66.43501505938127, 69.9569937349981, 23.67163590632148, 54.51427898149394, 71.61433161677029, 51.29570486812358, 29.175489476938452, 32.67776868090561, 79.59656732093806, 22.307277007501146, 49.62784072235161, 36.751213349275574, 27.946149609520234, 48.81834582974685, 44.779886260192576, 20.517571296487205, 45.08436391361436, 4.4820369375177656, 72.80938374618916, 25.043471285488984, 51.88613554665654, 56.4191878802755, 22.961440087510915, 22.379612674814627, 68.85083665618205, 60.7623881134752, 53.01003378260075, 35.14419528569562, 36.6459846865239, 45.743319498916804, 73.44113038591476, 30.260335065746577, 63.02445906500837, 7.517543325426069, 6.713226038222869, 64.92529221582002, 31.82539123192018, 21.352302564156634, 50.27739490930068, 65.05830432143884, 73.22718355191603, 81.2174275212211, 54.42070035241911, 45.2924810759602], [51.84679305381869, 78.88159637491081, 40.46991938312922, 19.131251725527978, 68.08897659610162, 43.79952905637489, 72.97470819023607, 42.1061553951198, 49.6909770267121, 43.98528693882865, 56.864565729828804, 23.55533072374846, 84.51921988090739, 20.036728586603267, 65.23791622678034, 70.00308103399678, 26.987685342676347, 35.22823312568342, 0.0, 14.501200446648312, 57.90501165813439, 61.03941729388146, 68.81541222423192, 34.17567143349946, 56.10103699693658, 15.856455389995514, 61.410455695753946, 90.44826520871206, 18.9037000975522, 62.133215756018885, 45.85295809003066, 25.97976848731586, 28.135895400986158, 24.9341741561915, 90.80089228870366, 64.5537965620062, 42.64832211389938, 64.9381724350456, 29.470192277090515, 41.03112388882927, 50.437360632333274, 27.335879618347153, 43.17588948553467, 50.793409788281124, 83.90988241537002, 8.168640446704867, 61.957068629907525, 27.395096861702054, 34.09408592163068, 34.530918229870274, 28.46060301137252, 14.564858941443546, 66.60473085990134, 78.14697771886985, 67.97446375514524, 55.998816607096984, 65.14861390331507, 40.37293614056454, 29.260051440803334, 45.9960165825439, 21.679167398733984, 26.308338798365988, 47.73599866020566, 51.23937470491451, 40.51311155471542, 51.978231415433626, 25.742071847056497, 30.498684277791792, 21.17668321821381, 25.27184647990492, 28.351708601172472, 72.4123513959624, 39.66797878214963, 65.3862594853316, 33.764547754620985, 23.72198356399561, 32.892475182757806, 50.597733465344994, 34.57767809543785, 37.55388909606841, 40.71707426909821, 52.08563238955942, 11.551519924994608, 38.88488165814537, 73.83928472018464, 49.76553748447019, 18.587022471313887, 44.8257719204961, 36.411467473689484, 28.550992005568094, 30.101930339102157, 27.72595072008119, 50.43876817901718, 27.12751554594926, 29.8735745769301, 63.82775365689764, 48.205103001077006, 47.62000766592038, 32.22307169917488], [51.08654968198399, 90.78408078246775,