instance_id,num_cities,city_coordinates,distance_matrix,best_route,total_distance
1036,89,"[[1.6757589881938761, 82.88408008649576], [91.43104991293161, 84.44853634501993], [26.494748747428233, 19.927678461808394], [12.26372049005484, 50.09065456870901], [76.64936164549805, 88.49144992302679], [16.01377278321191, 30.40764782667431], [18.138991593255138, 94.04269740069184], [81.98529699490396, 87.7249162575078], [46.11723535047075, 95.8768859986314], [5.107314412552277, 37.30202083740159], [23.33001804450905, 94.65372245085909], [8.642948168270948, 13.039577159213112], [50.08149618909206, 62.21008876793851], [46.2630829458022, 16.53663768271565], [53.38602237473524, 80.64996581358442], [97.5919498892154, 6.52842095847781], [87.63751119887107, 73.96463013371772], [20.5866071345583, 76.25375504404221], [16.30982121320286, 71.70136707284152], [29.7639982496986, 12.260221375674629], [50.10558650066789, 1.5901317102334112], [67.05440285495749, 22.359489213417703], [4.603819662611796, 28.121551883045935], [89.57074864686663, 93.9132111397359], [84.24330557304141, 37.65531553828673], [51.01515434575501, 61.892860406662884], [14.428820593198067, 62.174433977855955], [50.12080716644077, 16.886028592452185], [94.33929448299477, 20.45761585082293], [48.28932087501061, 8.461890639757442], [33.5150480476178, 67.3905844219923], [20.914993758577594, 4.85295888883257], [32.821104780084944, 60.6991484849388], [88.18679644457023, 91.56146387411009], [47.994627499435936, 59.2675180533611], [32.84361809401176, 10.101019122726306], [89.20205001417914, 98.00788368306993], [17.78304267809636, 54.154710237559655], [15.242096679303508, 64.36051525015957], [80.28263808189277, 58.85028558187045], [13.213046410174446, 92.98119199543638], [67.6267859768355, 77.96256508649012], [47.50144836611479, 15.91610738628938], [18.236024621059265, 97.30974858188316], [72.75051166015444, 20.04142272128838], [82.63651514409472, 6.39651817692547], [16.95813351181488, 79.78580292987746], [13.78436395408541, 89.18749324456043], [96.74733511616985, 75.59822863245158], [6.066514477661345, 42.71532876050054], [9.12014076498716, 78.86445093130787], [63.26904391380285, 82.54652053473473], [23.98265264329702, 72.73714422441849], [35.94710077521955, 21.171415788744575], [67.31446241614434, 59.21406449538543], [10.93458019636243, 77.8818868619897], [51.59493250452751, 19.364359452472], [4.469997609482723, 19.263156561887573], [56.60177506759343, 81.68286922422652], [71.60327376437182, 70.91678212334112], [1.4887345994935353, 37.21347684081666], [79.23715596375614, 18.623492401727415], [75.51880767443748, 16.95105898137208], [23.155436096600646, 6.691743015270757], [5.862084032938586, 4.941787389519659], [18.53024987327784, 25.680064955617866], [40.44182594971845, 8.773136224900169], [2.875787770651561, 57.90997108056675], [12.786640902195344, 81.7720279321824], [79.75238271612565, 37.82168131823044], [95.65497120858164, 30.374227721201265], [94.4308947126697, 41.14655721954483], [98.01161089343734, 22.78728715330495], [6.2398014412121565, 48.89202718434622], [28.177404176348087, 58.9096103365043], [70.64910443959896, 25.471750952024898], [28.159781978511678, 47.03856104537005], [35.64208226676193, 59.5770455772199], [5.697483101432854, 96.45855709792667], [98.7063476224567, 53.64972591235018], [4.605569089654371, 75.45489983754283], [12.485127570212152, 85.59339481657852], [84.3209647334383, 84.25636338857525], [38.99866112261216, 41.153374869993264], [35.390004660910925, 0.8146011113287055], [5.579478523159764, 39.60348474123314], [73.52610258423903, 22.50437600283359], [13.098318346965044, 76.0160340914357], [95.95928462445852, 59.48550475038141]]","[[0.0, 89.76892431331203, 67.67193478982198, 34.46032045636716, 75.1830013493673, 54.39995020499335, 19.888508445155676, 80.4553018121602, 46.30181234821419, 45.71104568939957, 24.64612376547322, 70.19114128029389, 52.635817757513735, 79.93755419840934, 51.758502741964115, 122.59731790636887, 86.42325746342809, 20.039495696834322, 18.417623287253615, 76.00446436899321, 94.62639291175795, 89.09317131077214, 54.84075158626757, 88.58425897916479, 94.14372465331026, 53.61909396751056, 24.321390220259445, 81.86980819571455, 111.73000602955305, 87.81506951441935, 35.40887933436385, 80.36792911301337, 38.238772923071515, 86.94513552336385, 51.99211077102591, 79.17581325440173, 88.8233136963107, 32.93662520331974, 22.960138775607877, 82.19893380781744, 15.331688424927684, 66.13440308002951, 81.14618398013107, 21.96229289873612, 94.87265176066926, 111.37769599073947, 15.593277154576679, 13.651056063956222, 95.35034461850638, 40.40801055308132, 8.460274143542183, 61.59420990952181, 24.506281070966086, 70.59021038791474, 69.7761350734321, 10.523673656101568, 80.7878629125579, 63.682255610152076, 54.93914951917341, 70.94415792235122, 45.67098618320173, 100.72335096884217, 98.99474284691904, 79.16216746057792, 78.05463668637086, 59.635335247561784, 83.63755106243833, 25.00292362342355, 11.16639408675862, 90.14753993040075, 107.65396845908518, 101.71300810778915, 113.54391609929532, 34.29708652371927, 35.73670938225948, 89.74128325026155, 44.56797851686105, 41.19379776957655, 14.157707829195877, 101.33894905065335, 7.986019434114364, 11.143735255674699, 82.65659800726708, 55.98616598412498, 88.72457236039916, 43.4562879184134, 93.85190749313705, 13.328350164026727, 97.1435872004117], [89.76892431331203, 0.0, 91.54050639494265, 86.30139099751086, 15.32460303677767, 92.78029597664153, 73.91734396673779, 9.997845443863488, 46.73273976567489, 98.35944914063695, 68.86142871737937, 109.33027596454933, 46.95033699345823, 81.56084366816457, 38.23418965356021, 78.16329746351424, 11.149135635665091, 71.3168248953153, 76.19507415712988, 94.94197216694654, 92.59216567755806, 66.70285372830281, 103.49732891008111, 9.645765380220215, 47.34204454988517, 46.28394031986802, 80.15908530211489, 79.1910892057293, 64.05697301757198, 87.37951195742903, 60.37579809717926, 106.33893983930783, 63.23890489409084, 7.817858952492264, 50.20763362565982, 94.65749037585894, 13.741336935776017, 79.63507311412093, 78.79267216146134, 27.920557453022493, 78.6820327927915, 24.672065270378166, 81.40333967992677, 74.31636769702536, 67.0614553581544, 78.5459189386236, 74.61874000670613, 77.79116629082884, 10.324283750910602, 95.01981122572334, 82.50010772519512, 28.226162439083698, 68.45760001376719, 84.15736805419728, 34.905420238412724, 80.76386891589283, 76.30770820799577, 108.68007340443958, 34.93890812368275, 24.005188591496605, 101.59119514164375, 66.9449584343745, 69.34773899351492, 103.47791238192859, 116.80484172860453, 93.63898694383954, 91.2505733883954, 92.44636228312923, 78.68994069086573, 48.06719127620207, 54.23902989781284, 43.40576534293108, 62.011397619316135, 92.31367265938084, 68.21481100639103, 62.53119599806136, 73.5034665709691, 61.08191192192767, 86.57069409856301, 31.646432355476474, 87.29003160626023, 78.95422316420186, 7.112681751972255, 67.99725289603875, 100.67389868090085, 96.85851002074826, 64.47996696138846, 78.78530274640364, 25.37041300408013], [67.67193478982198, 91.54050639494265, 0.0, 33.351571070754936, 84.94984374288994, 14.821626599365146, 74.58454739375017, 87.6108805887262, 78.4431265692412, 27.55521947676999, 74.79302889090359, 19.134594938822595, 48.41628730265027, 20.057073429193796, 66.41036649899137, 72.3488224633705, 81.59920064673324, 56.63508665540641, 52.76596991688528, 8.335339853647117, 29.895439121645385, 40.63249001543048, 23.374181008962115, 97.22366383216914, 60.408318398680855, 48.60377337585218, 43.93603275053107, 23.82104679367277, 67.84661538869611, 24.626564206252617, 47.979287660922004, 16.074228937633805, 41.25936922080793, 94.53733633629695, 44.831548773605064, 11.699204064651456, 100.14351741152981, 35.31831715720215, 45.83556657909362, 66.39357185811974, 74.25105693916673, 71.13292171829445, 21.386307099723105, 77.82153493901052, 46.25590276272751, 57.7493743065071, 60.61305218339513, 70.41644570223605, 89.63613137457239, 30.603754042861517, 61.44444768785098, 72.6186488963939, 52.86918101284224, 9.53382616768866, 56.653942065625095, 60.006742259759626, 25.106504196053066, 22.03477370076458, 68.70325043217223, 68.07839393971302, 30.39900605556759, 52.7585293602112, 49.114342276062175, 13.650677496918924, 25.500662431612426, 9.824621758139319, 17.859025029424565, 44.727059708855045, 63.345369066020005, 56.18336866163681, 69.94474077659557, 71.17275282259436, 71.57401017883343, 35.34397243234507, 39.01823089244188, 44.501054665788594, 27.16196403282132, 40.69085920899928, 79.30637832587215, 79.6974999378563, 59.68591542231818, 67.14354615236095, 86.49884947019774, 24.634894209204752, 21.081634271843548, 28.715603446551867, 47.10188546057602, 57.666003717181574, 79.93837229571382], [34.46032045636716, 86.30139099751086, 33.351571070754936, 0.0, 74.9675387807396, 20.037056834984426, 44.34299132490447, 79.23027125526276, 56.942422296200334, 14.654804695377198, 45.91655432012332, 37.227574852663366, 39.71227573600061, 47.76849062491729, 51.23392641654509, 95.80487946606961, 79.06437272940995, 27.455022647589168, 21.9862190018686, 41.68214722440915, 61.51672569887563, 61.4087648953646, 23.266189062660676, 88.86390193356887, 73.04586453400663, 40.508834697065005, 12.276212089466132, 50.35579607003058, 87.26119887972142, 55.0526826716819, 27.402673152219243, 46.0575036187565, 23.133227012647, 86.51093275904529, 36.890548100143214, 44.97447196457062, 90.63976718836437, 6.854156833259981, 14.577367683937037, 68.58064075124976, 42.90104218379912, 61.9831623588597, 49.08764753979027, 47.595286069716934, 67.53967900927039, 82.83421866863625, 30.063921065135123, 39.126399668130084, 88.2503114720352, 9.633316829486718, 28.945007351945236, 60.45598608215536, 25.498958106919773, 37.3794712823005, 55.801620006081244, 27.82299779497896, 49.91041424489973, 31.797433067776605, 54.44199767239521, 62.88807654649099, 16.790533856239417, 73.99745505078637, 71.41035534427826, 44.744776151826144, 45.60045127949022, 25.20210855800662, 50.01142818783428, 12.217814512287116, 31.68568862993566, 68.59480471351775, 85.6903622587355, 82.65253412401141, 89.98985821108424, 6.142011748080114, 18.193936058525807, 63.3635816082335, 16.186415468534356, 25.229732732015915, 46.83052272186129, 86.51586429309128, 26.49513579751978, 35.50343062582597, 79.74673728193841, 28.189218134588998, 54.433027326116914, 12.436230203012556, 67.18692004376966, 25.93880986051934, 84.22120080901334], [75.1830013493673, 15.32460303677767, 84.94984374288994, 74.9675387807396, 0.0, 83.96667614383959, 58.773121001089315, 5.390712375318647, 31.412663085487342, 87.9694388546005, 53.67425830645081, 101.57685453685944, 37.370595647833525, 78.10775209768887, 24.549375288696293, 84.59627721944615, 18.21449762684531, 57.382868691840606, 62.631996788356275, 89.49546081559002, 90.86479574654025, 66.82439271321104, 93.99513130458146, 14.012770487314354, 51.400199839670115, 36.94045950101627, 67.55724281747534, 76.36164329476821, 70.29606178413775, 84.90596134299425, 48.01890809309416, 100.50729797498079, 51.89728431321025, 11.938902269584418, 40.928376255409404, 89.79979292378843, 15.752221963599622, 68.14877255680699, 65.97843737778737, 29.86300924492874, 63.59499881682611, 13.865939838243683, 78.20985355354665, 59.07520912842763, 68.56097472416026, 82.3129626815412, 60.32272379192388, 62.86885088059721, 23.878100696570687, 84.12723449041029, 68.21198415465852, 14.641553470615598, 54.972542102105166, 78.66804329454958, 30.72955647419688, 66.5657218788603, 73.52740343915444, 100.01208524143257, 21.172210530094794, 18.28474640713831, 90.9865395614563, 69.91586492085828, 71.54932346546873, 97.73838611735805, 109.50518152699665, 85.57512041893877, 87.55566903424402, 79.86092317560112, 64.21524532872321, 50.764694328128925, 61.145929638208436, 50.57392394627036, 69.0896714292461, 80.78131250108339, 56.78570149442403, 63.30470397160578, 63.79327027660815, 50.176087339673394, 71.39778613982453, 41.236590092100364, 73.21379435571393, 64.22964781055622, 8.762959083162903, 60.48527589083706, 96.89976448026572, 86.26100756795675, 66.06094664559976, 64.76396455208042, 34.84563072770955], [54.39995020499335, 92.78029597664153, 14.821626599365146, 20.037056834984426, 83.96667614383959, 0.0, 63.67052763467749, 87.39285592762198, 72.05858453615917, 12.902837416707083, 64.66131416341439, 18.867404013646013, 46.604774732661795, 33.27800606596484, 62.61769363549656, 85.00127325964753, 83.82822085867541, 46.07359722217538, 41.294780467441406, 22.768350558915373, 44.63967963221791, 51.67125676026195, 11.636720537925038, 97.1781110637347, 68.61339396922709, 47.07882031756746, 31.806300882365047, 36.68956229139347, 78.95499025307788, 39.029825302364905, 40.91493902102039, 26.020455295002343, 34.641902675556814, 94.59775135586789, 43.077455564151315, 26.374284113610678, 99.63089787750201, 23.81288073936936, 33.9616355655335, 70.28136800926185, 62.63619159923953, 70.18100374398396, 34.662349284915045, 66.93899826477039, 57.67595826101112, 70.81754123620514, 49.38718476064125, 58.82210886289249, 92.52079053128054, 15.824884131209757, 48.94470277286316, 70.36705690088928, 43.07306944612965, 21.969195413019456, 58.835111949463126, 47.745173256744714, 37.25551160874809, 16.04551123562332, 65.39521587092557, 68.7835923807398, 16.040450205908144, 64.31222667481843, 61.00761395725525, 24.767872252281922, 27.414719263327584, 5.35562290938533, 32.630995598555835, 30.479245964292705, 51.465657712697976, 64.16835893798475, 79.64120543746537, 79.14903149532364, 82.35117091786232, 20.90939492267913, 30.98896247988697, 54.857839395665074, 20.593999462467103, 35.158559389024376, 66.85168994391684, 85.89677600052727, 46.469366525103375, 55.2984448956112, 86.98020832230506, 25.372736187967863, 35.37211862010794, 13.908195902579168, 58.05281892090708, 45.701474508439084, 85.06942239626694], [19.888508445155676, 73.91734396673779, 74.58454739375017, 44.34299132490447, 58.773121001089315, 63.67052763467749, 0.0, 64.15812553382294, 28.038301866393155, 58.217943857559646, 5.22686399570045, 81.55783426247073, 45.09588198739553, 82.45091756562145, 37.705681777086475, 118.20118934758591, 72.34067329344757, 17.956538976268003, 22.41608585586219, 82.60456503453588, 97.82300390359703, 86.782485530904, 67.29634689602936, 71.43187441512333, 86.88680659360693, 45.98319362627494, 32.08350950935579, 83.5223806469957, 105.93040350715616, 90.7365242978299, 30.769436756578955, 89.23292914521917, 36.43290685531552, 70.09173620549969, 45.83308950967031, 85.21990021496285, 71.17359745291519, 39.88957532434258, 29.823211385762185, 71.41665526003219, 5.039020705663198, 52.03472348532048, 83.46207483052756, 3.268491827893782, 91.97068434122833, 108.81995808083957, 14.305714444250599, 6.521946739550746, 80.74323562725957, 52.728014140802124, 17.655561054464307, 46.57127553534196, 22.092418849342597, 75.01568127001507, 60.25994192417894, 17.69393514296646, 81.83003202350027, 76.01855776447486, 40.39988941996719, 58.251501486983045, 59.218167545114454, 97.06205320371384, 96.10184185376184, 87.49487955017173, 89.94272968986186, 68.36375207565752, 88.13804220337504, 39.224218312866356, 13.387194893834106, 83.40870826840685, 100.31152041042905, 92.83564039551669, 107.03723092174631, 46.692330711367106, 36.53906859579456, 86.36716186144889, 48.06043148427751, 38.65539210435971, 12.673890942753516, 90.1259729666987, 22.992601916911795, 10.166459194280165, 66.90161359881117, 56.85425446376239, 94.8107345694526, 55.869215526438744, 90.47355134154307, 18.71814565711962, 85.14809200054356], [80.4553018121602, 9.997845443863488, 87.6108805887262, 79.23027125526276, 5.390712375318647, 87.39285592762198, 64.15812553382294, 0.0, 36.78277391373651, 91.93852613828076, 59.063102729315396, 104.67568966878022, 40.85166982730822, 79.6482741998347, 29.461388843430285, 82.6827579572, 14.87592012670468, 62.461081131791424, 67.60193967354951, 91.7713692621188, 91.8450709085778, 67.04901678976772, 97.67524803594263, 9.789487745212913, 50.120490010784664, 40.32920585865541, 72.22675853544203, 77.67556705715512, 68.39233113397248, 86.12807925846583, 52.56282036010581, 102.94339830942234, 56.10267301860491, 7.292303685301907, 44.330453700582765, 91.8715081599814, 12.562680574478891, 72.44921111773269, 70.7145672602226, 28.92478770930763, 68.97282715042182, 17.362901227682645, 79.65953080301453, 64.46579510780138, 68.31058891157622, 81.33100527739408, 65.51001076999876, 68.2166138054453, 19.104301145276132, 88.25828292886247, 73.40189941825058, 19.419420991817997, 59.90776295518683, 80.92517491984697, 32.06403055511028, 71.72927983235009, 74.8113626433342, 103.41969918459606, 26.09271005063747, 19.75600616094883, 95.03211072802847, 69.15604860041739, 71.06865946304697, 100.136545272044, 112.46239361149426, 88.74743138976713, 89.21459273459375, 84.5413827992308, 69.45423589998492, 49.9531657012955, 58.957285119792665, 48.21240953553185, 66.88601057657226, 85.11975898957196, 61.03778489504854, 63.27689825048896, 67.47270238569165, 54.221731576674046, 76.78611222724012, 37.9567139139824, 78.34650977316522, 69.53284787576305, 4.181650725420564, 63.37790885494711, 98.61300191403991, 90.29685081724965, 65.76683694073331, 69.87498657474328, 31.50772433134082], [46.30181234821419, 46.73273976567489, 78.4431265692412, 56.942422296200334, 31.412663085487342, 72.05858453615917, 28.038301866393155, 36.78277391373651, 0.0, 71.50404494845432, 22.820021945951748, 90.9194255127646, 33.89938937162758, 79.34038236832637, 16.87288840495032, 103.11544230558678, 46.94763320569737, 32.20062492499332, 38.3788698749953, 85.20079205231663, 94.37107066860064, 76.44064765022262, 79.46161956056264, 43.49786013991392, 69.59416999638165, 34.335165733107175, 46.260251858821604, 79.09225082806131, 89.51778201345672, 87.44197715695746, 31.149390079605393, 94.44844248449054, 37.60665239990131, 42.290316134583065, 36.657474307884065, 86.79682167789299, 43.13748260778767, 50.43378257312252, 44.11978935941261, 50.380987308931736, 33.03135924510006, 27.992564403629242, 79.97275887428574, 27.91800506698738, 80.37629561927571, 96.64571393576011, 33.30429663515871, 33.01760966747003, 54.54017736366066, 66.5598333112002, 40.72109962522032, 21.722872286929306, 32.02167080272309, 75.39455495298719, 42.34955626512041, 39.51758112056759, 76.70835602845564, 87.20181161914564, 17.64640714910573, 35.672747854631574, 73.70955605141816, 84.05364931797126, 84.22433511450112, 92.09361516379683, 99.44681677482838, 75.42304324451328, 87.28844996052416, 57.5439781140808, 36.19220285296377, 67.09493221393528, 82.12542551096921, 73.00423665263204, 89.6388067321581, 61.62618512439009, 41.090351816889054, 74.55666061417331, 52.03510464913502, 37.781043484094965, 40.42393737801106, 67.44440509418084, 46.263116567229815, 35.16914648714538, 39.93196068937568, 55.18457002898286, 95.6656233255276, 69.35420259556265, 78.3247804090237, 38.531835131018056, 61.713552036696974], [45.71104568939957, 98.35944914063695, 27.55521947676999, 14.654804695377198, 87.9694388546005, 12.902837416707083, 58.217943857559646, 91.93852613828076, 71.50404494845432, 0.0, 60.177110312952, 24.51870468217776, 51.4109800966825, 46.097705161139636, 64.88357246758167, 97.47010951445245, 90.30714424674733, 41.91474801162862, 36.17749549159391, 35.14318964075887, 57.44722374447035, 63.72378690744086, 9.194265451089917, 101.6803746555915, 79.13677978095072, 52.07916241697547, 26.56176599748715, 49.42698927964565, 90.80793052726024, 51.92724517958621, 41.38020044495666, 36.09465815946766, 36.269543127680784, 99.22846110548227, 48.185108609991815, 38.84838524561749, 103.71656733494714, 21.0876083774361, 28.894219689752997, 78.20266620958536, 56.266090961279765, 74.57857724111733, 47.482837823902905, 61.42711470348235, 69.81067526678126, 83.46212950056149, 44.10570999546908, 52.6060209069291, 99.32015367507798, 5.497632893818128, 41.755698660729436, 73.6875262947442, 40.1488027564724, 34.803575134326614, 65.95352090684922, 40.99612851341801, 49.828288469761205, 18.050119031682055, 67.98043234407915, 74.50949460591943, 3.619662954310453, 76.44684972534107, 73.29351971241437, 35.53482523764894, 32.369034368996466, 17.755141646884464, 45.413929171604934, 20.728418279701987, 45.12819059462044, 74.6468771554475, 90.81229249783532, 89.40627750681239, 94.03130222712242, 11.645203905140503, 31.60881151943758, 66.60091234743206, 25.02431769501412, 37.79614762207906, 59.15948006384229, 95.01592750189987, 38.15617806290965, 48.851703427680654, 92.08426945777744, 34.10947536544423, 47.41701305380432, 2.3493988694951953, 70.00072047866477, 39.530127322250415, 93.52105351150901], [24.64612376547322, 68.86142871737937, 74.79302889090359, 45.91655432012332, 53.67425830645081, 64.66131416341439, 5.22686399570045, 59.063102729315396, 22.820021945951748, 60.177110312952, 0.0, 82.92513933202284, 42.050338280109486, 81.41378506395726, 33.15823572288777, 115.24280144300081, 67.55362474882835, 18.603362706585077, 24.001953690253917, 82.64432902932417, 96.83885061115254, 84.48833047493453, 69.11729325069635, 66.24486959558465, 83.42210131676637, 42.89220038535471, 33.676928241450106, 82.25302784597486, 102.70043609898262, 89.73292967878581, 29.103496892044916, 89.83323148270148, 35.25611749227893, 64.93045331383512, 43.13381992387847, 85.08623993335901, 65.95737254761521, 40.877119834554954, 31.35431189667957, 67.27174013472712, 10.254290476393162, 47.33707197760033, 82.36425237837466, 5.7448449767450045, 89.49514210363233, 106.33247248359277, 16.1757826203363, 10.999962443109252, 75.84994588438506, 54.73230576667898, 21.241979837510055, 41.733800757011394, 21.926293190487662, 74.5576298511335, 56.48540256280774, 20.855247504341243, 80.42010675282059, 77.71381985122703, 35.710682559004795, 53.79358283203874, 61.45261164724822, 94.37268647042745, 93.60220976712718, 87.962152685592, 91.39671772598052, 69.14045995485141, 87.56876760751605, 42.0532852564202, 16.64634660331114, 80.08348228216406, 96.76131609731961, 88.98511894733949, 103.64422238036539, 48.84883066372, 36.07130026980883, 83.816711446653, 47.859484068771216, 37.17472509529256, 17.724664076423526, 85.8074518487377, 26.81790033542042, 14.13156701289718, 61.87083847404904, 55.747587994302, 94.61090830851853, 57.841251068638776, 87.89297523691486, 21.261493505483294, 80.69581092082511], [70.19114128029389, 109.33027596454933, 19.134594938822595, 37.227574852663366, 101.57685453685944, 18.867404013646013, 81.55783426247073, 104.67568966878022, 90.9194255127646, 24.51870468217776, 82.92513933202284, 0.0, 64.30312958120854, 37.78232355195557, 81.07470224083657, 89.18699491642799, 99.75972668537965, 64.3325988528195, 59.16068405755447, 21.135424102191795, 43.0144182637905, 59.15030684039554, 15.61347240864634, 114.41089792287693, 79.50690923231785, 64.66874933383802, 49.47434157526571, 41.655827631921134, 86.01680690262398, 39.90977427488306, 59.771676761547205, 14.752078554410334, 53.4417252350384, 111.7716891340112, 60.70895473894834, 24.378423824941123, 117.08707018177327, 42.11882590598516, 51.743477343578505, 85.03449992271148, 80.07213985253374, 87.71594771780333, 38.96482341514091, 84.81443808359067, 64.4888016491315, 74.29117165887122, 67.26218076992438, 76.3212898241619, 108.05539261700557, 29.787383968106727, 65.82660343574298, 88.40376413823105, 61.636888685963285, 28.489358523495724, 74.66210461068418, 64.88279205569818, 43.41515667919616, 7.493093950264121, 83.73739083039256, 85.52060250972697, 25.210319268186808, 70.81470386655391, 66.99015058001889, 15.840053793750688, 8.561974333839698, 16.048073614514912, 32.08381439924837, 45.239500325592886, 68.85724347323108, 75.3040793600454, 88.72193789403946, 90.27499155589273, 89.89869702845232, 35.93289978552302, 49.8563427781992, 63.24019576787398, 39.2025216952649, 53.802316017298715, 83.47096488285888, 98.79574941765536, 62.5457667221729, 72.65548017331474, 103.91820260222175, 41.37456864656146, 29.408418359235537, 26.739970686083762, 65.56985697800901, 63.13386136745703, 98.90079272652065], [52.635817757513735, 46.95033699345823, 48.41628730265027, 39.71227573600061, 37.370595647833525, 46.604774732661795, 45.09588198739553, 40.85166982730822, 33.89938937162758, 51.4109800966825, 42.050338280109486, 64.30312958120854, 0.0, 45.83278754047997, 18.73363175601945, 73.19625223216484, 39.352553997606826, 32.66761458713855, 35.080056934649114, 53.923927666871634, 60.619961844438016, 43.31454542694582, 56.83526554173786, 50.640784233609736, 42.070965151098136, 0.9860787933531868, 35.65269342434188, 45.32407722330423, 60.8442413422852, 53.778068897856585, 17.357555681772304, 64.34691299509117, 17.32639755202788, 48.09903458681197, 3.607456630114304, 54.88624217880493, 53.02735004096796, 33.287823937134114, 34.905702861539574, 30.38745216496762, 48.022321715405425, 23.579179457784868, 46.365821020805036, 47.393250346911486, 47.87567919707427, 64.61411549559877, 37.49750502836982, 45.22457474405723, 48.54835539747699, 48.13900998987394, 44.21764825551577, 24.238025332049702, 28.141935452482514, 43.40453678601953, 17.491463244235792, 42.16736044907882, 42.87245047877605, 62.64860563962169, 20.535413688363416, 23.216231804167247, 54.64510121446104, 52.438953838601435, 51.91759425111871, 61.70331779748331, 72.35340181501616, 48.269284061501196, 54.299458002919295, 47.401159473287905, 42.113842079964, 38.40775865932663, 55.59193892948152, 49.097265816879116, 62.060077205224694, 45.81991884225283, 22.151352211075437, 42.103823752985996, 26.659647547689467, 14.677519915318483, 56.06155724483317, 49.372623883444966, 47.36544062734858, 44.27489057119241, 40.72320506600393, 23.795260731723804, 63.12880347286446, 49.9148086439205, 46.110662489367705, 39.47606324822409, 45.95862084298192], [79.93755419840934, 81.56084366816457, 20.057073429193796, 47.76849062491729, 78.10775209768887, 33.27800606596484, 82.45091756562145, 79.6482741998347, 79.34038236832637, 46.097705161139636, 81.41378506395726, 37.78232355195557, 45.83278754047997, 0.0, 64.50779108080432, 52.29547766006091, 70.78006520356345, 65.00319619858583, 62.772169447195445, 17.044281511413924, 15.432526505877211, 21.591308054711185, 43.24007925902993, 88.67179951046897, 43.456827601448786, 45.60448577031164, 55.64376613971372, 3.873513930568465, 48.235839223171624, 8.325093390078282, 52.42743835747188, 27.911180118406428, 46.16290867530009, 85.9437158760065, 42.765948882161275, 14.882849967600912, 92.09407591017678, 47.182963836449, 57.00372667231649, 54.29341516419053, 83.28310032099452, 65.03500876152745, 1.385137813724271, 85.49743529877229, 26.718297065204116, 37.760410398663424, 69.70822738953656, 79.580236247519, 77.69769136026629, 47.96965690058696, 72.55587128688316, 68.16529426755557, 60.45588896053696, 11.309317231199424, 47.58700806895857, 70.79083770788701, 6.035282108073596, 41.88192792992418, 65.96150421912265, 59.9943779041404, 49.318089454140186, 33.040043190220246, 29.258659819111024, 25.117430081927164, 42.03190771876568, 29.20123785943591, 9.70355542571676, 59.951731410071815, 73.32344995224372, 39.68105696264094, 51.29364019287465, 54.090537342658976, 52.12466559654222, 51.46585559570428, 46.071255551271925, 25.971413004134053, 35.46966076428621, 44.331505356230316, 89.62745725359491, 64.24700248172108, 72.15753651573817, 76.87513235891483, 77.68116641656809, 25.666234125261468, 19.11560266749136, 46.76788537061611, 27.908531678739315, 68.10066231720468, 65.68346552734339], [51.758502741964115, 38.23418965356021, 66.41036649899137, 51.23392641654509, 24.549375288696293, 62.61769363549656, 37.705681777086475, 29.461388843430285, 16.87288840495032, 64.88357246758167, 33.15823572288777, 81.07470224083657, 18.73363175601945, 64.50779108080432, 0.0, 86.30276611513129, 34.897825144590314, 33.092722904405896, 38.14081949818646, 72.35438596274884, 79.12786252625084, 59.871564930496874, 71.68638344556581, 38.538916590516074, 52.92175241501007, 18.906348628363055, 43.116224872551385, 63.84748483923991, 72.80308709397357, 72.3677729619987, 23.888633606731457, 82.45940794198202, 28.652241583438865, 36.47128549673778, 22.051671386089595, 73.47886943075693, 39.800567189843086, 44.37984600376788, 41.47656286527223, 34.62158278738125, 42.02293584457386, 14.492117534676936, 65.00077413499017, 38.89820952139481, 63.62687279016485, 79.80705365555355, 36.43813750041094, 40.51148879392725, 43.65459301388273, 60.64793909087466, 44.30187736522081, 10.063351059760945, 30.4494810639792, 61.98236765090077, 25.56363251399717, 42.54159381247947, 61.31177333899569, 78.49278838809977, 3.3775664075397227, 20.654372731730053, 67.67611877691884, 67.19795020496687, 67.43449352328216, 79.89810427165804, 89.38821508344886, 65.08928388765716, 73.03308053759045, 55.3930605781739, 40.61488396328135, 50.293607053650696, 65.68343684866247, 56.9666642501119, 73.07210639076499, 56.84481343351414, 33.28839869597009, 57.815650110386606, 42.024870434313115, 27.548418790259543, 50.24050493791525, 52.75362390664229, 49.05630778190896, 41.198551990553106, 31.144449942247828, 42.03542387040315, 81.83851239299537, 63.01015190789101, 61.534806778646306, 40.5533280882685, 47.54384366749863], [122.59731790636887, 78.16329746351424, 72.3488224633705, 95.80487946606961, 84.59627721944615, 85.00127325964753, 118.20118934758591, 82.6827579572, 103.11544230558678, 97.47010951445245, 115.24280144300081, 89.18699491642799, 73.19625223216484, 52.29547766006091, 86.30276611513129, 0.0, 68.16695062540597, 103.88188016254706, 104.18395916516909, 68.06970368405615, 47.74244870729309, 34.39715832684555, 95.46232589962038, 87.7521579472138, 33.86841996996999, 72.35066716008265, 100.06290441146957, 48.5879555785732, 14.303923851186765, 49.34052627121782, 88.37450023099022, 76.6952591403574, 84.43772910788782, 85.55159436742883, 72.3968697570499, 64.84681894977555, 91.86339053340657, 92.93936249365925, 100.62827363050607, 55.11070488491092, 120.80513636552914, 77.46449506449667, 50.96260392977052, 120.57616812717694, 28.278936859966514, 14.956016406762338, 108.94244515746787, 117.71250439723909, 69.07497163397588, 98.41949818784207, 114.27931677230156, 83.40751367702266, 99.00466492819358, 63.36011931717406, 60.765971419702254, 112.2533599431546, 47.754444037271355, 93.98867744190022, 85.60599001259334, 69.43538248054008, 100.88310385552622, 21.981565305123024, 24.410141142363194, 74.43669296585094, 91.74358667554198, 81.34825060936032, 57.19419037740784, 107.75534817083933, 113.37345731165328, 36.02108133949405, 23.924347150431867, 34.762157988522084, 16.26428127215455, 100.69702159709819, 86.9607276716359, 32.93579621272785, 80.3859278147599, 81.55944257031014, 128.57691243870605, 47.13448061518966, 115.74682071170321, 116.16557707178377, 78.852723994935, 68.05924567508167, 62.46382735176147, 97.77655511993937, 28.885916050658935, 109.39699333214412, 52.98224532434845], [86.42325746342809, 11.149135635665091, 81.59920064673324, 79.06437272940995, 18.21449762684531, 83.82822085867541, 72.34067329344757, 14.87592012670468, 46.94763320569737, 90.30714424674733, 67.55362474882835, 99.75972668537965, 39.352553997606826, 70.78006520356345, 34.897825144590314, 68.16695062540597, 0.0, 67.08996816735525, 71.36358818315065, 84.59773969355031, 81.52737818427946, 55.55857196240116, 94.84820374490953, 20.042038099554695, 36.46761519787648, 38.560661895512304, 74.15201349653866, 68.30424463650508, 53.925082073718414, 76.41262306043662, 54.520263155808614, 96.06413189027084, 56.39868275096172, 17.605404623812372, 42.279585280717974, 84.14827112276267, 24.094103489091342, 72.6090882645699, 73.02968619785106, 16.8088539109246, 76.81556212203694, 20.40619042835799, 70.57290225627443, 73.22268019247223, 55.94045989183163, 67.75293141219426, 70.91868923599961, 75.40572205908148, 9.255135647804114, 87.35185368614545, 78.67010679858166, 25.835460914768056, 63.66669254317886, 73.88519480003974, 25.111859717588416, 76.80289398616951, 65.42367337136649, 99.54439475716717, 31.981058954771186, 16.321340251347422, 93.66033833981047, 55.975061353671094, 58.287307972290996, 93.18572503740124, 107.01108965271321, 84.30428697499319, 80.48206995474506, 86.26877671460804, 75.25694814801649, 36.99308043767559, 44.32158444248613, 33.513817588653176, 52.21821884177595, 85.17172401947089, 61.33643247063179, 51.382538819610104, 65.28869327656102, 53.94930230507514, 84.97143611167303, 23.13470279245949, 83.0453148240071, 76.04675491510778, 10.812920689920693, 58.67125538730253, 89.89287338499389, 88.96184035467999, 53.360000077813794, 74.56741600197354, 16.700209124833957], [20.039495696834322, 71.3168248953153, 56.63508665540641, 27.455022647589168, 57.382868691840606, 46.07359722217538, 17.956538976268003, 62.461081131791424, 32.20062492499332, 41.91474801162862, 18.603362706585077, 64.3325988528195, 32.66761458713855, 65.00319619858583, 33.092722904405896, 103.88188016254706, 67.08996816735525, 0.0, 6.246209575209337, 64.64825488011839, 80.28715209888617, 71.16071899956302, 50.716451734174285, 71.20862426550532, 74.44470960630744, 33.647166005028375, 15.367030187180386, 66.30833971344832, 92.48063602714528, 73.2337164699046, 15.674832628071007, 71.40155130928622, 19.789611361694288, 69.3116984669658, 32.244872885857845, 67.27866517355648, 71.98139422385397, 22.276170115629398, 13.038901211418139, 62.18116161817709, 18.280496293017954, 47.07120624409996, 66.06845240650804, 21.18679074372443, 76.6870213303348, 93.43567106143341, 5.063712383101755, 14.613421780193516, 76.16354903472738, 36.54667055070039, 11.759914286264664, 43.14382119069958, 4.888729564428683, 57.18399131505686, 49.737747367676704, 9.788382768990582, 64.79135415334397, 59.22561454250959, 36.42207575120068, 51.29506364138586, 43.461155731881185, 82.2261153781954, 80.83536612433282, 69.60942752046716, 72.81626405776255, 50.61547919704022, 70.34105224129247, 25.498382941661088, 9.554622383641616, 70.55220259520338, 87.97835138326603, 81.76487110616154, 94.09194649795312, 30.894902250544394, 18.932499976644916, 71.30964574318726, 30.18079749769939, 22.467308919788387, 25.09820791432025, 81.32426444108164, 16.000992051545364, 12.363771358782904, 64.234804264183, 39.6363522592806, 76.87786758493544, 39.6037400055604, 75.44260020560188, 7.492061146153508, 77.21537884325483], [18.417623287253615, 76.19507415712988, 52.76596991688528, 21.9862190018686, 62.631996788356275, 41.294780467441406, 22.41608585586219, 67.60193967354951, 38.3788698749953, 36.17749549159391, 24.001953690253917, 59.16068405755447, 35.080056934649114, 62.772169447195445, 38.14081949818646, 104.18395916516909, 71.36358818315065, 6.246209575209337, 0.0, 60.94476746629846, 77.8314786923418, 70.77876430604732, 45.124613729972005, 76.55409528753233, 75.98744582075378, 36.06476051302563, 9.71085050491406, 64.40422427022705, 93.35159740500053, 70.86550485356157, 17.737042523671604, 67.00684510487378, 19.841151652108866, 74.57025555384905, 34.03714956977669, 63.780634262063515, 77.49393418673554, 17.60839423626603, 7.418095521281966, 65.25083596094778, 21.50397551423831, 51.69751902285091, 63.9133225763012, 25.680721623059256, 76.51340659344726, 93.0803610710693, 8.110389137585203, 17.667556222095403, 80.53185191528117, 30.742734912868265, 10.148954394954993, 48.195289710266906, 7.742427039525118, 54.211610614055814, 52.511009797010544, 8.190973132246008, 63.1205310932646, 53.758230482023215, 41.50990159711828, 55.29901869447012, 37.5377034602181, 82.32320595318605, 80.6430425633699, 65.36905738373838, 67.572159146217, 46.07483642943572, 67.39670533679676, 19.25294413723053, 10.669161618783892, 71.92212258327294, 89.46275915026906, 83.88383950368637, 95.22483736572134, 24.933336807519098, 17.449027645939573, 71.34378114619774, 27.361936541261866, 22.81962947052711, 26.935853024114564, 84.35075170321846, 12.291400489255711, 14.408911003108186, 69.16027454701253, 38.05211274108288, 73.40971998911647, 33.84396998609263, 75.45890791862827, 5.378671038574312, 80.58079370409709], [76.00446436899321, 94.94197216694654, 8.335339853647117, 41.68214722440915, 89.49546081559002, 22.768350558915373, 82.60456503453588, 91.7713692621188, 85.20079205231663, 35.14318964075887, 82.64432902932417, 21.135424102191795, 53.923927666871634, 17.044281511413924, 72.35438596274884, 68.06970368405615, 84.59773969355031, 64.64825488011839, 60.94476746629846, 0.0, 22.970220417761066, 38.63378685143853, 29.74250144150907, 101.21293460066778, 60.10745156766479, 53.990837117045466, 52.21682002431965, 20.875769726636307, 65.09351856981728, 18.91070846772564, 55.25782572817409, 11.540035443310272, 48.535302201951296, 98.49827618143559, 50.41866503374928, 3.761145138734283, 104.33380846465909, 43.57397725027307, 54.08628520270121, 68.72239120717792, 82.40029796421058, 75.8313171688608, 18.110290973779563, 85.82724657113386, 43.685093905911216, 53.196673372977216, 68.72913745943762, 78.56942070176542, 92.18714976083541, 38.58865510674409, 69.73013872457565, 77.86367532059222, 60.752630842405296, 10.846204069103283, 60.12238138019766, 68.26968555241145, 22.957753989727845, 26.245524753937396, 74.42963320365874, 72.04940731426889, 37.711476937362825, 49.88070320626017, 45.994636023532124, 8.641819541140908, 24.997219430069865, 17.501122943825056, 11.232798726945255, 52.97995385884017, 71.55502716968374, 56.144695350123776, 68.33547792584783, 70.82533372062206, 69.05473007301066, 43.534779570920406, 46.67636201732487, 42.96668967824036, 34.81531875518952, 47.680538212478226, 87.5702968464694, 80.4123039268676, 68.01848236839655, 75.3413146877071, 90.33220387353367, 30.33304002606111, 12.753594449197772, 36.504041500656335, 44.945127431261604, 65.89801621951588, 81.31447182425667], [94.62639291175795, 92.59216567755806, 29.895439121645385, 61.51672569887563, 90.86479574654025, 44.63967963221791, 97.82300390359703, 91.8450709085778, 94.37107066860064, 57.44722374447035, 96.83885061115254, 43.0144182637905, 60.619961844438016, 15.432526505877211, 79.12786252625084, 47.74244870729309, 81.52737818427946, 80.28715209888617, 77.8314786923418, 22.970220417761066, 0.0, 26.807248775406105, 52.671880940129185, 100.40443226557275, 49.659655133876775, 60.3095879765398, 70.3085294034163, 15.295904455119238, 48.08952983406228, 7.1077346326686595, 67.85974906551417, 29.372380663337115, 61.584325704042335, 97.69861392125375, 57.71600335504266, 19.246058241118476, 104.04285825927091, 61.70722611588941, 71.80239531014136, 64.72541744584933, 98.55650873677634, 78.35649948086264, 14.560738803191992, 100.88564827790728, 29.210319673933476, 32.884079267495515, 84.9312465299956, 94.82894576580489, 87.47943257680697, 60.255470266780414, 87.47072180583025, 82.01959218730157, 75.791193835499, 24.16380359548304, 60.13869835556789, 85.76012849236801, 17.836516570008186, 48.93815260972209, 80.35575317537914, 72.58329708127943, 60.27122868395309, 33.745869611394944, 29.694947332099154, 27.42876309113356, 44.37027277811644, 39.7155733547947, 12.040922798681573, 73.50223258362973, 88.44116791590413, 46.81514405443638, 53.88200655541832, 59.40912175047413, 52.386129576428516, 64.51105652774774, 61.37074066716269, 31.501870847889144, 50.469575638750925, 59.763493326122806, 104.74778175721657, 71.21962742184382, 86.7539944607954, 92.04263763415274, 89.46730110777249, 41.092748760237285, 14.736003413151833, 58.54561725939977, 31.39946158696632, 83.11890784566603, 73.85415256494123], [89.09317131077214, 66.70285372830281, 40.63249001543048, 61.4087648953646, 66.82439271321104, 51.67125676026195, 86.782485530904, 67.04901678976772, 76.44064765022262, 63.72378690744086, 84.48833047493453, 59.15030684039554, 43.31454542694582, 21.591308054711185, 59.871564930496874, 34.39715832684555, 55.55857196240116, 71.16071899956302, 70.77876430604732, 38.63378685143853, 26.807248775406105, 0.0, 62.7158409596237, 75.01280523570423, 23.009143391536966, 42.66315659492229, 65.99001238812187, 17.796219657877124, 27.35109565339361, 23.351050251085724, 56.14880102527862, 49.348998731167, 51.3989121493773, 72.35669530710629, 41.53886889953842, 36.3407193506696, 78.823840686213, 58.63960277536005, 66.697835492