instance_id,num_cities,city_coordinates,distance_matrix,best_route,total_distance
1084,55,"[[5.025242232196325, 80.54663887643882], [63.749059179634294, 96.3191500801435], [35.192093906107246, 24.54402562363891], [81.1574490076553, 55.193637827948564], [73.81165631710019, 55.3811982375498], [61.26417670004254, 73.56475206673026], [10.867846111284685, 83.43566532854587], [9.80970173926008, 64.92493189514231], [2.119463930158827, 39.02550148578047], [44.63595276377442, 38.75488682727655], [22.92496473610418, 41.415862904236434], [85.4579247507607, 51.32370747217582], [90.00845470874735, 32.19589031217191], [9.990395622320191, 27.80588461903869], [91.07563740762811, 88.93150530712074], [23.14333995247265, 92.91658131639477], [71.13945284597148, 65.448998607773], [74.36534185360316, 20.425513492398196], [34.901151298589426, 35.76246505342463], [67.74560100911617, 76.36282867357146], [70.70285781629435, 83.24853566503042], [66.0594859792759, 33.76051338435302], [65.30138189599793, 98.18050630979033], [66.23890032318371, 77.20625504171178], [49.36942928079736, 72.93603570830672], [18.59515062573983, 50.480248965843145], [60.439988217016904, 84.75124325586114], [43.96756953521446, 34.48285433499421], [22.436913667480496, 22.202443925681305], [75.62945275061634, 73.03591349877385], [72.50117099039153, 65.61614882885542], [79.72948594525887, 4.701246905308521], [22.964516972080883, 20.264725946046845], [58.16744143385749, 99.8346221391442], [42.63344074689061, 63.341883773420584], [21.003308510903484, 8.801783712755352], [25.358051389510948, 45.77958882200633], [24.515704355004296, 90.6692368173845], [4.288375455698013, 4.519689824788942], [80.83134930074363, 12.341193773177805], [15.484026541730255, 84.89449631920122], [14.187958126141298, 92.9661146879266], [21.387262758737503, 59.178476574364616], [82.14885815619493, 20.86571188083074], [66.315800858402, 67.23223525921516], [40.47705273036504, 1.358500427559406], [33.64824212403029, 90.00219563649696], [21.148747933972533, 75.83038074218392], [67.37754972209383, 91.39120004044433], [38.111400003407944, 77.72706674286721], [51.03097809408818, 7.450561025774272], [36.89151992184797, 54.12773458989943], [9.640303210368973, 30.985948930160568], [16.380570372891523, 53.60358786188337], [88.48289434923872, 20.10802253293914]]","[[0.0, 60.80508849222401, 63.61078234905166, 80.24267923409582, 73.24527401279423, 56.670666958332895, 6.517859612550164, 16.337955251016602, 41.622690899970884, 57.58089030359925, 43.0304275356822, 85.57684346241355, 97.7749522605845, 52.97395499513821, 86.45794639539128, 21.93811616728532, 67.81613072687544, 91.77471946538523, 53.83486015170225, 62.85974604561462, 65.73316845450825, 76.90331883826032, 62.80259782387296, 61.30473147354624, 44.99253499842055, 32.986818823056154, 55.57402964109806, 60.31896138077995, 60.88687368080487, 71.00257416902625, 69.10803495138624, 106.45772640816186, 62.89456737064354, 56.53423418010931, 41.35674302547874, 73.50253631314145, 40.276182759978525, 21.962356495482215, 76.03051989003148, 101.97327400168149, 11.326519040549819, 15.433688541151854, 26.913083730385488, 97.51853762361058, 62.72005995209741, 86.76169741652684, 30.144380511972848, 16.79912280162674, 63.2883461322429, 33.206081115932975, 86.36876940969215, 41.393455491119845, 49.77510196657942, 29.23818522336504, 103.04370937813728], [60.80508849222401, 0.0, 77.24745145556682, 44.658255613153784, 42.156515062531646, 22.88967605472402, 54.42799716069698, 62.41034542868604, 84.14730643263947, 60.65439176769768, 68.41767045036237, 49.95862988385641, 69.2917621137258, 87.08651704834858, 28.307581545286343, 40.748029500174894, 31.742466357712896, 76.6325618280269, 67.07692517206263, 20.352570124610896, 14.805278675789163, 62.60128670588493, 2.423706423926721, 19.274388853351983, 27.450752152790365, 64.34345586817723, 12.031891743650123, 64.92329939269767, 84.85269293313125, 26.13910589720814, 31.926066888744597, 93.00115172278743, 86.29979324105457, 6.596438467657009, 39.15826138711661, 97.39860684895315, 63.46744623274447, 39.63808333751795, 109.37419170943575, 85.6977349833494, 49.59875088240988, 49.67439565788399, 56.337832976325686, 77.66449599704714, 29.19994480552085, 97.77070761028402, 30.756513145316823, 47.27130405659831, 6.119692411427992, 31.669466854630976, 89.77402579261376, 50.0144274790179, 84.83032856853518, 63.78395556451927, 80.12426950814223], [63.61078234905166, 77.24745145556682, 0.0, 55.2468333742847, 49.420661829205756, 55.52283424161822, 63.71729951839221, 47.695738000575766, 36.10418253709382, 17.062679926453296, 20.860041977342725, 56.95441256313835, 55.34784950525934, 25.411912964058917, 85.25677670588516, 69.42606746600464, 54.45575662484342, 39.38915455974105, 11.222211495094903, 61.195744739592406, 68.60928401233235, 32.213964984802914, 79.55438712667032, 61.13276205097526, 50.42601985444649, 30.791982844702176, 65.28679209571133, 13.258555301039214, 12.968331726481411, 63.13986997147094, 55.487715194135994, 48.75771894699045, 12.954769137586863, 78.718107940178, 39.505030563403146, 21.19291889693174, 23.402084021943015, 66.98155603794494, 36.82409317617025, 47.24246752814118, 63.486905991824386, 71.57343076718178, 37.284293686023, 47.1006125313551, 52.8296164697722, 23.780230621088133, 65.47637359962182, 53.174296304122166, 74.19196919878613, 53.26310365327264, 23.303578786931507, 29.632480236783753, 26.35132603202207, 34.616926136200085, 53.47511136304776], [80.24267923409582, 44.658255613153784, 55.2468333742847, 0.0, 7.348186794023594, 27.078406922845378, 75.75117419996845, 72.00832677195741, 80.67472787614156, 40.05062074867131, 59.840198080261395, 5.78536537960821, 24.642173051907886, 76.25508844256422, 35.16552520835625, 69.20012510753959, 14.336410702120432, 35.42534670831629, 50.1718601722433, 25.060173738310798, 29.939535227314103, 26.21692794781578, 45.81796291984775, 26.591698167860844, 36.40427008882401, 62.73959844781637, 36.09522434123116, 42.56787154729148, 67.35369437331344, 18.679013457127784, 13.548427387567473, 50.512578825400226, 67.87080538899356, 50.21312506223543, 39.37630155897539, 75.9652864613063, 56.58795890676793, 66.83416312751577, 92.06901473874446, 42.853684818065595, 72.07731552649061, 76.8874028503159, 59.90287225221559, 34.342239180499185, 19.110268127327064, 67.47678608377959, 58.89618353868218, 63.458012596195125, 38.73175873166256, 48.58721800576523, 56.453570588974436, 44.2787604562572, 75.50307506825399, 64.79639082971751, 35.842189526895886], [73.24527401279423, 42.156515062531646, 49.420661829205756, 7.348186794023594, 0.0, 22.092552469082893, 68.91281714590912, 64.70960548412401, 73.53420473141769, 33.58058827571263, 52.76822880324202, 12.332834213593094, 28.282411172568988, 69.52374585586074, 37.73152723594166, 63.05698427693497, 10.41639456269677, 34.96006956051085, 43.576623234774004, 21.8409212890233, 28.04020548098167, 22.96846008046459, 43.63720364763329, 23.101509427920398, 30.093101885961573, 55.43358011645894, 32.270746073749514, 36.43364233389532, 61.15712485068265, 17.74805214181549, 10.318506936470305, 51.02429004450976, 61.79480727190356, 47.12587777312924, 32.17846547527525, 70.4156478028348, 49.39577647782807, 60.62455399144119, 86.14162536053492, 43.60869264123581, 65.36931358725614, 70.48128354782112, 52.56173858168451, 35.5081361514043, 14.022657649196827, 63.47950594447248, 53.025590996631, 56.49381368324793, 36.58029466147548, 42.11705284229013, 53.068873022019744, 36.94140823736973, 68.65195371086287, 57.45858970927462, 38.20264584664267], [56.670666958332895, 22.88967605472402, 55.52283424161822, 27.078406922845378, 22.092552469082893, 0.0, 51.353919669618776, 52.17479742257911, 68.49129053628414, 38.5775135184165, 50.03445061553197, 32.863376415070135, 50.374757975691274, 68.72317350138601, 33.53893699375354, 42.751508624176594, 12.782274178131596, 54.73042302632652, 46.08711329378309, 7.0596100297397815, 13.522735152068742, 40.09204918892471, 24.944626330113245, 6.165096839745351, 11.911351746421948, 48.51329786300238, 11.216812015009204, 42.73835923065201, 64.38666827982189, 14.375006999655593, 13.764095833526092, 71.2962130034873, 65.63350302812721, 26.45176445778889, 21.25114957592705, 76.25732474563468, 45.401157819504505, 40.53410438481902, 89.5179453932484, 64.27439874249812, 47.16126857225131, 50.91741575116396, 42.39260770493469, 56.68649535859496, 8.100597246794969, 75.13885345618473, 32.13766316358197, 40.179356619795136, 18.84557181584785, 23.523943806840958, 66.90145447379251, 31.17409255812109, 66.91770162386466, 49.12215582955955, 59.987336354563695], [6.517859612550164, 54.42799716069698, 63.71729951839221, 75.75117419996845, 68.91281714590912, 51.353919669618776, 0.0, 18.540952557907364, 45.26363709787701, 56.00586571398939, 43.715419537172124, 81.20872901857597, 94.28017009374453, 55.63670030787628, 80.3958583616587, 15.510496994412932, 62.898225397104014, 89.45507922952243, 53.38851733002096, 57.31582696398739, 59.83530432152586, 74.25454755095262, 56.39521392447983, 55.72036608870024, 39.90756981728035, 33.84923489088362, 49.589595866812104, 59.0928878538783, 62.316536549234286, 65.5913144602879, 64.15763324762122, 104.5993981104547, 64.31871444907618, 50.061736907093234, 37.587405599997574, 75.31894770304429, 40.347814648026414, 15.44631318874522, 79.18977600560119, 99.74625639230011, 4.841209520948783, 10.092205347837309, 26.439919305071353, 94.84714941734347, 57.7670046968861, 87.25460512084801, 23.707926159467345, 12.788170155550048, 57.06695308787493, 27.83521737808844, 85.94657204665681, 39.194213894143786, 52.464079252805305, 30.33715502088917, 100.17228186992592], [16.337955251016602, 62.41034542868604, 47.695738000575766, 72.00832677195741, 64.70960548412401, 52.17479742257911, 18.540952557907364, 0.0, 27.017036349124368, 43.56304648755194, 26.92000089702005, 76.86121876864581, 86.62003313784086, 37.119487078420015, 84.73764138232809, 31.005134176828616, 61.33199015791397, 78.4068167237713, 38.47116209945642, 59.0541607926225, 63.59033662544895, 64.30598112278483, 64.69358388793967, 57.750197844287534, 40.36272819651765, 16.906595667517898, 54.37378532888707, 45.7545628166631, 44.54949449074514, 66.31762696124902, 62.69527970840398, 92.28037958942393, 46.55731048101121, 59.64191027543135, 32.86189105630917, 57.22852955004475, 24.663644058300306, 29.648537044239795, 60.65705493598862, 88.36924768960594, 20.760093093494735, 28.380927775666677, 12.925233766296738, 84.70046292307545, 56.55318635122298, 70.57745834425138, 34.59978561248294, 15.732221176975113, 63.36024361469647, 31.062530181783366, 70.72833188440663, 29.15483400266742, 33.93940571900031, 13.090039928122806, 90.5429544482989], [41.622690899970884, 84.14730643263947, 36.10418253709382, 80.67472787614156, 73.53420473141769, 68.49129053628414, 45.26363709787701, 27.017036349124368, 0.0, 42.51735004715553, 20.94236594793042, 84.24099312348355, 88.15394653026884, 13.705158457279753, 101.99906870736241, 57.84679635305023, 73.90507472491215, 74.60178570438636, 32.94368579076123, 75.5040784953651, 81.60489365816196, 64.1564222767273, 86.55211928988598, 74.62621567155826, 58.159122731465494, 20.066377149922882, 74.10888619806738, 42.09393763795964, 26.378287084247948, 80.99646030338211, 75.23727277643833, 84.86147517978557, 28.04430307875044, 82.69900203080118, 47.25112448466531, 35.6380793839005, 24.20019923164527, 56.29091386865423, 34.573909463487574, 83.11205193407841, 47.77631443327324, 55.274210123546816, 27.88172298513259, 82.0638891272059, 70.11982248387355, 53.75972086316791, 59.93902902895607, 41.433232878647516, 83.6706886929077, 52.85102284392795, 58.21780726600065, 37.910068881766904, 11.008970377529696, 20.393620555459716, 88.4110463894781], [57.58089030359925, 60.65439176769768, 17.062679926453296, 40.05062074867131, 33.58058827571263, 38.5775135184165, 56.00586571398939, 43.56304648755194, 42.51735004715553, 0.0, 21.87344954093417, 42.713096929512595, 45.84413122779978, 36.33449158854115, 68.36912572128169, 58.270245884062575, 37.61663355959248, 34.92567111028473, 10.184348169578207, 44.140832932079185, 51.56712446815747, 21.997989488202673, 62.91632707095571, 44.104365552818784, 34.50734325856393, 28.55884264589162, 48.63571055626452, 4.324002515648703, 27.69080538390599, 46.21456297625543, 38.703976322006746, 48.899963835313876, 28.487491618028656, 62.560652581286256, 24.668410431307894, 38.15350915147771, 20.51789266739131, 55.676962299734335, 52.91479668703584, 44.80836876326326, 54.57745291347712, 62.176664461939865, 30.945510257671696, 41.56008483202647, 35.79071369950819, 37.62693403992467, 52.411987610568126, 43.88896261876558, 57.33900680068799, 39.51456182340851, 31.95085543239736, 17.21338689438799, 35.84762033544223, 31.91943853626108, 47.64724372312163], [43.0304275356822, 68.41767045036237, 20.860041977342725, 59.840198080261395, 52.76822880324202, 50.03445061553197, 43.715419537172124, 26.92000089702005, 20.94236594793042, 21.87344954093417, 0.0, 63.31300397372626, 67.71412350099601, 18.775904427824745, 83.07978369338701, 51.50118139133848, 53.872334972981626, 55.55814221535463, 13.24348714799149, 56.83467121749463, 63.50353988159841, 43.8085756347911, 70.83774045146437, 56.187624842094294, 41.1440274967581, 10.0454161140373, 57.31781727345707, 22.155311429829307, 19.21961661144902, 61.462107484798814, 55.16750914624433, 67.63665173373116, 21.151173939133123, 68.22597448433996, 29.481764157248847, 32.67064315491894, 4.996200010848534, 49.27905533148452, 41.33582039726677, 64.79572330353638, 44.11075974006099, 52.285406601310726, 17.829048537861517, 62.68794348931101, 50.490095473894826, 43.73406088560916, 49.75560678263645, 34.46032478295265, 66.88472646138483, 39.35900583524185, 44.086162438731726, 18.885347375920507, 16.88979980224669, 13.833645117050661, 68.93378124293916], [85.57684346241355, 49.95862988385641, 56.95441256313835, 5.78536537960821, 12.332834213593094, 32.863376415070135, 81.20872901857597, 76.86121876864581, 84.24099312348355, 42.713096929512595, 63.31300397372626, 0.0, 19.661655886650898, 79.047048929758, 38.025059546162666, 74.92045537237574, 20.113241592384327, 32.82900830884598, 52.897444243642916, 30.670572261811564, 35.16968375439088, 26.168018903569642, 51.00829165110865, 32.23782202068082, 42.065095234313034, 66.86809393085363, 41.752811845143974, 44.777939996166914, 69.42402918661028, 23.833143988971777, 19.29122463559444, 46.97306505283081, 69.78600396378043, 55.66039275369929, 44.478905020307394, 77.21730087764809, 60.35504974437031, 72.53981600624326, 93.6969145740697, 39.25610238787428, 77.61020741100566, 82.54391692545718, 64.55034566712084, 30.637222739172483, 24.889800390148018, 67.22946350170139, 64.6549971816569, 68.82039855751967, 43.957979046874904, 54.21098400166604, 55.76798037591797, 48.64728405659217, 78.49800098445428, 69.11496757169965, 31.361910453564587], [97.7749522605845, 69.2917621137258, 55.34784950525934, 24.642173051907886, 28.282411172568988, 50.374757975691274, 94.28017009374453, 86.62003313784086, 88.15394653026884, 45.84413122779978, 67.71412350099601, 19.661655886650898, 0.0, 80.13839235937223, 56.74565082689468, 90.32134790513312, 38.23360357874227, 19.57674003194209, 55.22259813268609, 49.4606217012165, 54.58093686351157, 24.000023928388124, 70.45856225702921, 50.9011262034002, 57.54380796082034, 73.71687575737445, 60.30223323980904, 46.097649744906995, 68.3065306495014, 43.297380881458864, 37.728221035677834, 29.353238576200553, 68.09730002261105, 74.75859930157056, 56.69625081585436, 72.86284667353226, 66.06202778106353, 87.7976799261596, 90.07721166070182, 21.873002499089047, 91.27449517091287, 97.16875975699466, 73.73552702759211, 13.789351009199908, 42.295239847061836, 58.346417172262576, 80.73439476359249, 81.5207211216558, 63.37383177890574, 69.03906368319385, 46.16898314603162, 57.466638622580064, 80.3772588075396, 76.67695133580942, 12.183754834151822], [52.97395499513821, 87.08651704834858, 25.411912964058917, 76.25508844256422, 69.52374585586074, 68.72317350138601, 55.63670030787628, 37.119487078420015, 13.705158457279753, 36.33449158854115, 18.775904427824745, 79.047048929758, 80.13839235937223, 0.0, 101.54387199572965, 66.42591940626177, 71.80676312235654, 64.79663247613661, 26.150581648820605, 75.45489092952168, 82.2185539927719, 56.38439941321689, 89.50917595801772, 74.8618118868384, 59.89523210753622, 24.25218767865102, 76.07848094729026, 34.62701650005166, 13.649701793536538, 79.71349530131897, 73.0562325659736, 73.46676121181416, 15.006561862383945, 86.65544859884587, 48.25324477074025, 21.964519151297694, 23.647809339443008, 64.5196531561745, 23.974150703962593, 72.50929168752505, 57.35232834445898, 65.2952916648964, 33.37855758597921, 72.49144579113297, 68.75309738339776, 40.35963815738701, 66.5437811164866, 49.303763083490374, 85.65265782747673, 57.296730378282604, 45.81122797097341, 37.636555029215224, 3.1992770620527518, 26.57735551082384, 78.8690651465574], [86.45794639539128, 28.307581545286343, 85.25677670588516, 35.16552520835625, 37.73152723594166, 33.53893699375354, 80.3958583616587, 84.73764138232809, 101.99906870736241, 68.36912572128169, 83.07978369338701, 38.025059546162666, 56.74565082689468, 101.54387199572965, 0.0, 68.04908425787531, 30.803888971383916, 70.51457219626096, 77.34674997124144, 26.50023076644088, 21.15056245658695, 60.57760462438532, 27.383503550973558, 27.465341847286158, 44.668365136918844, 82.04827894820293, 30.91953415152625, 71.99878923535026, 95.72900307390762, 22.164260858329804, 29.809673772009624, 84.9910088388359, 96.71737855632784, 34.667381194731824, 54.785720288735625, 106.44671699869967, 78.61863016096704, 66.58261333690297, 121.06768119583427, 77.27238355119692, 75.69933338458053, 76.99346269748142, 75.7740871273046, 68.6486680319014, 32.92275545206272, 101.13974468515251, 57.4373755218674, 71.14358253789891, 23.82539523559706, 54.13640076095497, 90.78942130291044, 64.39892113886488, 99.94699174890034, 82.62817189277092, 68.87230283455678], [21.93811616728532, 40.748029500174894, 69.42606746600464, 69.20012510753959, 63.05698427693497, 42.751508624176594, 15.510496994412932, 31.005134176828616, 57.84679635305023, 58.270245884062575, 51.50118139133848, 74.92045537237574, 90.32134790513312, 66.42591940626177, 68.04908425787531, 0.0, 55.30004478063704, 88.76175073207315, 58.35099942119227, 47.57508190139833, 48.532245426685556, 73.08375991267991, 42.4854022794669, 45.86983404507364, 32.97013746186318, 42.6793665547918, 38.18000415678252, 62.03345054606908, 70.7176658622782, 56.12515469496766, 56.404867686880024, 104.80428017775178, 72.65207544463043, 35.7007979379113, 35.41929931174493, 84.14201632045744, 47.18899244702497, 2.6332378074468985, 90.3853976677282, 99.09742428693998, 11.091389887032918, 8.955518813015871, 33.78377596857039, 93.12882993418577, 50.23491826467876, 93.18443955249712, 10.90167939013021, 17.20222797728328, 44.2605027307629, 21.32520046020227, 89.9008397370928, 41.1532147327749, 63.38560742800752, 39.890431267923944, 97.82813297253436], [67.81613072687544, 31.742466357712896, 54.45575662484342, 14.336410702120432, 10.41639456269677, 12.782274178131596, 62.898225397104014, 61.33199015791397, 73.90507472491215, 37.61663355959248, 53.872334972981626, 20.113241592384327, 38.23360357874227, 71.80676312235654, 30.803888971383916, 55.30004478063704, 0.0, 45.13890308618427, 46.84554166099955, 11.429344556694943, 17.804890751493495, 32.09308584604528, 33.24807767171125, 12.737680082416746, 23.02150409015459, 54.63485299379706, 22.069326944900176, 41.19724910447234, 65.13218723721472, 8.815972816825221, 1.371938592376018, 61.35208232449107, 66.04879213447195, 36.751111353497926, 28.5837831421611, 75.64747136652407, 49.82792791836743, 53.007870535407406, 90.45135276496725, 53.98492188787049, 58.95467630605722, 63.25080575132219, 50.14578611456522, 45.92250494759103, 5.142718294076547, 71.04769340265386, 44.81573792462127, 51.05725876522575, 26.21354097192393, 35.23639073033991, 61.38541780260302, 36.07065190064717, 70.49714319732261, 56.02543141680767, 48.54481511547767], [91.77471946538523, 76.6325618280269, 39.38915455974105, 35.42534670831629, 34.96006956051085, 54.73042302632652, 89.45507922952243, 78.4068167237713, 74.60178570438636, 34.92567111028473, 55.55814221535463, 32.82900830884598, 19.57674003194209, 64.79663247613661, 70.51457219626096, 88.76175073207315, 45.13890308618427, 0.0, 42.33963178096505, 56.32765039060378, 62.92969016471145, 15.71017071592577, 78.28150661647854, 57.35932062740346, 58.156260099277134, 63.352990094952844, 65.81576546319315, 33.490795653216665, 51.95882153827227, 52.62558470165247, 45.229068696137254, 16.614048318754513, 51.401076361648116, 81.04429970132821, 53.373480174558665, 54.61334723726012, 55.177383541187844, 86.13458669604759, 71.85942141485836, 10.352076005760955, 87.31127670340653, 94.25208928236493, 65.63892909100583, 7.795954120817451, 47.49383447132523, 38.88402148588687, 80.61511588138379, 76.82255647512159, 71.30889079286482, 67.80719950413578, 26.699099677189793, 50.399672985821574, 65.58089221719469, 66.80582566316681, 14.12112208630618], [53.83486015170225, 67.07692517206263, 11.222211495094903, 50.1718601722433, 43.576623234774004, 46.08711329378309, 53.38851733002096, 38.47116209945642, 32.94368579076123, 10.184348169578207, 13.24348714799149, 52.897444243642916, 55.22259813268609, 26.150581648820605, 77.34674997124144, 58.35099942119227, 46.84554166099955, 42.33963178096505, 0.0, 52.222096883172576, 59.47006887258738, 31.222582061049476, 69.42755861080659, 51.9580815900829, 39.88991630730696, 21.965855804762462, 55.24610919253548, 9.156273435854184, 18.418235331040737, 55.20964135162702, 48.0104563172162, 54.537866295250694, 19.561777947955772, 68.16569203254373, 28.642846175706303, 30.331969479483963, 13.835227662374704, 55.880328325427755, 43.740748150828054, 51.557143412916155, 52.82973812280998, 60.8382601896702, 27.03580549967645, 49.540478988271886, 44.46601672930794, 34.852883076650386, 54.254199423859966, 42.36232366082683, 64.41484775126204, 42.08721292388409, 32.584278757150265, 18.472809542779938, 25.708472385809944, 25.716095755223648, 55.82172300254613], [62.85974604561462, 20.352570124610896, 61.195744739592406, 25.060173738310798, 21.8409212890233, 7.0596100297397815, 57.31582696398739, 59.0541607926225, 75.5040784953651, 44.140832932079185, 56.83467121749463, 30.670572261811564, 49.4606217012165, 75.45489092952168, 26.50023076644088, 47.57508190139833, 11.429344556694943, 56.32765039060378, 52.222096883172576, 0.0, 7.493886081054909, 42.63566877505064, 21.95416280596684, 1.7267064010606212, 18.692955823396453, 55.54884972000454, 11.123734870647299, 48.159391933181105, 70.61320290612505, 8.557072096357128, 11.751875319779108, 72.65669824381055, 71.77982040350841, 25.350862496957042, 28.287198502652497, 82.15434683682834, 52.2689097128767, 45.53567039917776, 95.85539147373417, 65.34528708079209, 52.95339005791423, 56.072187559027434, 49.44084831802582, 57.335711286701404, 9.241864777698755, 79.80741181661077, 36.724136669058524, 46.59989503535563, 15.032877558555558, 29.665586371356866, 70.91036067848769, 38.03122044648933, 73.72439791228592, 56.18139740683481, 59.95530459429269], [65.73316845450825, 14.805278675789163, 68.60928401233235, 29.939535227314103, 28.04020548098167, 13.522735152068742, 59.83530432152586, 63.59033662544895, 81.60489365816196, 51.56712446815747, 63.50353988159841, 35.16968375439088, 54.58093686351157, 82.2185539927719, 21.15056245658695, 48.532245426685556, 17.804890751493495, 62.92969016471145, 59.47006887258738, 7.493886081054909, 0.0, 49.705384529944425, 15.878907061051585, 7.51239453378418, 23.695206866296473, 61.5546404575374, 10.372300733941028, 55.613553339587014, 77.82176225982964, 11.338826621727751, 17.72385386457045, 79.06425606354459, 79.031066507263, 20.790260421838077, 34.41172713116661, 89.51180970912469, 58.82238899779422, 46.77948215242776, 103.00055647695535, 71.62707221378407, 55.24335719164664, 57.3442693654239, 54.87618482100472, 63.424188028476266, 16.606268317750068, 87.29018939312043, 37.66505631366521, 50.106275342401744, 8.795490722636822, 33.0558578988289, 78.30910426775588, 44.62317363735771, 80.37420946560789, 61.88484340559482, 65.5961439239886], [76.90331883826032, 62.60128670588493, 32.213964984802914, 26.21692794781578, 22.96846008046459, 40.09204918892471, 74.25454755095262, 64.30598112278483, 64.1564222767273, 21.997989488202673, 43.8085756347911, 26.168018903569642, 24.000023928388124, 56.38439941321689, 60.57760462438532, 73.08375991267991, 32.09308584604528, 15.71017071592577, 31.222582061049476, 42.63566877505064, 49.705384529944425, 0.0, 64.4244535119583, 43.44611211218742, 42.5826201865623, 50.32308305805479, 51.299447247793466, 22.103722505957357, 45.12779392690606, 40.42451382703827, 32.50041254131198, 32.114013566823026, 45.15874923324429, 66.54376165236559, 37.73376563934436, 51.50725497326916, 42.43895559554826, 70.45912711936215, 68.34248940269613, 26.01913139583638, 71.92052077189216, 78.71441181598345, 51.39727989100585, 20.619015564828903, 33.47270324585969, 41.28379021586077, 64.91236824207941, 61.537371826227236, 57.645757315545026, 52.097536639860266, 30.299664063580526, 35.5751871894292, 56.48736489005124, 53.49525456100829, 26.252614143624974], [62.80259782387296, 2.423706423926721, 79.55438712667032, 45.81796291984775, 43.63720364763329, 24.944626330113245, 56.39521392447983, 64.69358388793967, 86.55211928988598, 62.91632707095571, 70.83774045146437, 51.00829165110865, 70.45856225702921, 89.50917595801772, 27.383503550973558, 42.4854022794669, 33.24807767171125, 78.28150661647854, 69.42755861080659, 21.95416280596684, 15.878907061051585, 64.4244535119583, 0.0, 20.995193665641846, 29.85147249437064, 66.7591685849189, 14.282095598113896, 67.1753110669937, 87.23547787544436, 27.183075528899224, 33.35077721957722, 94.58616244074341, 88.67513158308317, 7.323196412379205, 41.563988934786366, 99.75407439653252, 65.88873807800542, 41.47156449744161, 111.78074744570814, 87.23283478341574, 51.55857790866051, 51.3787112475888, 58.733365160567246, 79.1291026988818, 30.964891843039823, 99.9537300033493, 32.69259890086171, 49.48720237265765, 7.099658615813627, 34.024084196891295, 91.8453449877026, 52.41914682246432, 87.25402123622806, 66.18419341799557, 81.44136076163296], [61.30473147354624, 19.274388853351983, 61.13276205097526, 26.591698167860844, 23.101509427920398, 6.165096839745351, 55.72036608870024, 57.750197844287534, 74.62621567155826, 44.104365552818784, 56.187624842094294, 32.23782202068082, 50.9011262034002, 74.8618118868384, 27.465341847286158, 45.86983404507364, 12.737680082416746, 57.35932062740346, 51.9580815900829, 1.7267064010606212, 7.51239453378418, 43.44611211218742, 20.995193665641846, 0.0, 17.40154666704365, 54.62788926912746, 9.515998569078322, 48.17988317766974, 70.31381992378427, 10.274931799146634, 13.173708511070952, 73.74938715193804, 71.51929802627164, 24.02480897110829, 27.37587464306897, 82.00872188006137, 51.56432060274381, 43.84149815062435, 95.50499617502187, 66.4862071450414, 51.33387055845452, 54.384499259147745, 48.33911654840403, 58.543860155538894, 9.97431623290293, 80.10339987418944, 35.01267052881453, 45.11113911851915, 14.23057226785718, 28.13232160819733, 71.39424168776722, 37.3347939952188, 73.07337334613902, 55.16284042209894, 61.2780827527839], [44.99253499842055, 27.450752152790365, 50.42601985444649, 36.40427008882401, 30.093101885961573, 11.911351746421948, 39.90756981728035, 40.36272819651765, 58.159122731465494, 34.50734325856393, 41.1440274967581, 42.065095234313034, 57.54380796082034, 59.89523210753622, 44.668365136918844, 32.97013746186318, 23.02150409015459, 58.156260099277134, 39.88991630730696, 18.692955823396453, 23.695206866296473, 42.5826201865623, 29.85147249437064, 17.40154666704365, 0.0, 38.09617546371463, 16.19124468816704, 38.830751298935965, 57.4391654920894, 26.260213407519597, 24.262279745467897, 74.68413113680229, 58.919319973188244, 28.300865177987546, 11.722682836219816, 70.12730628336647, 36.24939828089029, 30.531525744089258, 81.93349619071948, 68.27581768448293, 35.93362351574208, 40.483823640260404, 31.18127766131788, 61.52893287629374, 17.88051591004307, 72.12778880279988, 23.203653598359555, 28.36871672906895, 25.785373612853547, 12.235080775568221, 65.50655035075154, 22.571008239129185, 57.77727268584063, 38.23621780171774, 65.73174366861868], [32.986818823056154, 64.34345586817723, 30.791982844702176, 62.73959844781637, 55.43358011645894, 48.51329786300238, 33.84923489088362, 16.906595667517898, 20.066377149922882, 28.55884264589162, 10.0454161140373, 66.86809393085363, 73.71687575737445, 24.25218767865102, 82.04827894820293, 42.6793665547918, 54.63485299379706, 63.352990094952844, 21.965855804762462, 55.54884972000454, 61.5546404575374, 50.32308305805479, 66.7591685849189, 54.62788926912746, 38.09617546371463, 0.0, 54.08781269996783, 29.994604119624253, 28.537578754307223, 61.33245161734366, 55.99066436663686, 76.37489106125014, 30.529808280242737, 63.259942705725656, 27.262814269112102, 41.74797827742946, 8.23608113901702, 40.622748565212156, 48.135816315135514, 72.99268426701211, 34.554587451801794, 42.71384005077773, 9.135373757700226, 70.11486680887442, 50.575582086629545, 53.775122679309455, 42.29160474957067, 25.47842303382326, 63.66654050146255, 33.51526620430883, 53.88540570299318, 18.65640053164774, 21.452669440276843, 3.828787217360536, 76.20215785168456], [55.57402964109806, 12.031891743650123, 65.28679209571133, 36.09522434123116, 32.270746073749514, 11.216812015009204, 49.589595866812104, 54.37378532888707, 74.10888619806738, 48.63571055626452, 57.31781727345707, 41.752811845143974, 60.30223323980904, 76.07848094729026, 30.91953415152625, 38.18000415678252, 22.069326944900176, 65.81576546319315, 55.24610919253548, 11.123734870647299, 10.372300733941028, 51.299447247793466, 14.282095598113896, 9.515998569078322, 16.19124468816704, 54.08781269996783, 0.0, 52.898501887370415, 73.18870112841685, 19.18251245626521, 22.61910627374951, 82.34128149556174, 74.58499755164577, 15.25361555233111, 27.84661211447864, 85.57787162072005, 52.43598135708832, 36.40847179974314, 97.92908547341848, 75.22647720670943, 44.95618991407076, 46.97589169108584, 46.68063582970998, 67.4732254535541, 18.47811720341677, 85.74886792064076, 27.301468085338715, 40.29123168839419, 9.603061269087977, 23.407368653879328, 77.87120741795546, 38.63068265074807, 73.9683369469928, 53.95747156145501, 70.46382454687664], [60.31896138077995, 64.92329939269767, 13.258555301039214, 42.56787154729148, 36.43364233389532, 42.73835923065201, 59.0928878538783, 45.7545628166631, 42.09393763795964, 4.324002515648703, 22.155311429829307, 44.777939996166914, 46.097649744906995, 34.62701650005166, 71.99878923535026, 62.03345054606908, 41.19724910447234, 33.490795653216665, 9.156273435854184, 48.159391933181105, 55.613553339587014, 22.103722505957357, 67.1753110669937, 48.17988317766974, 38.830751298935965, 29.994604119624253, 52.898501887370415, 0.0, 24.786642005643838, 49.88800677148407, 42.23089435525101, 46.538788192376835, 25.36303199253478, 66.87667692899676, 28.889850808749337, 34.45104748330749, 21.76994202301231, 59.45825960660577, 49.7215211982252, 43.00222541957722, 57.9020368295065, 65.62862940199402, 33.46257628918457, 40.536864325889766, 39.648018792802596, 33.30775479298969, 56.47022026494997, 47.226227451094964, 61.53524992458476, 43.63893477575382, 27.939875125441553, 20.880416623247466, 34.5049208193154, 33.56553252055313, 46.778733764772404], [60.88687368080487, 84.85269293313125, 12.968331726481411, 67.35369437331344, 61.15712485068265, 64.38666827982189, 62.316536549234286, 44.54949449074514, 26.378287084247948, 27.69080538390599, 19.21961661144902, 69.42402918661028, 68.3065306495014, 13.649701793536538, 95.72900307390762, 70.7176658622782, 65.13218723721472, 51.95882153827227, 18.418235331040737, 70.61320290612505, 77.82176225982964, 45.12779392690606, 87.23547787544436, 70.31381992378427, 57.4391654920894, 28.537578754307223, 73.18870112841685, 24.786642005643838, 0.0, 73.57640819549061, 66.26597644881221, 59.90601585275359, 2.0082619887912787, 85.46008254519006, 45.82961070154431, 13.477125727960724, 23.757415832816804, 68.49834377266296, 25.338690412433603, 59.22123240441355, 63.07643040546341, 71.24284081415087, 36.99092804278799, 59.72690488534497, 62.87319658372092, 27.566584807718037, 68.72044977886054, 53.643405728493605, 82.5029983800672, 57.694655392730596, 32.175123457813804, 35.04511129906157, 15.5210566442742, 31.979855137320314, 66.079181026898], [71.00257416902625, 26.13910589720814, 63.13986997147094, 18.679013457127784, 17.74805214181549, 14.375006999655593, 65.5913144602879, 66.31762696124902, 80.99646030338211, 46.21456297625543, 61.462107484798814, 23.833143988971777, 43.297380881458864, 79.71349530131897, 22.164260858329804, 56.12515469496766, 8.815972816825221, 52.62558470165247, 55.20964135162702, 8.557072096357128, 11.338826621727751, 40.42451382703827, 27.183075528899224, 10.274931799146634, 26.260213407519597, 61.33245161734366, 19.18251245626521, 49.88800677148407, 73.57640819549061, 0.0, 8.052270147500336, 68.45755568698927, 74.55463564582925, 31.985819108130944, 34.39056586428966, 84.32104757333713, 57.18497206167644, 54.06985635553872, 98.91421645114033, 60.91722851777552, 61.303330091908514, 64.59311248987387, 55.98431685060612, 52.57596964107387, 10.973914191284475, 79.83321847304708, 45.27998205885911, 54.55232574778794, 20.124871369004282, 37.810199691377974, 70.04658031935213, 43.10622541462165, 78.24811420901312, 62.354192663105025, 54.46625196413356], [69.10803495138624, 31.926066888744597, 55.487715194135994, 13.548427387567473, 10.318506936470305, 13.764095833526092, 64.15763324762122, 62.69527970840398, 75.23727277643833, 38.703976322006746, 55.16750914624433, 19.29122463559444, 37.728221035677834, 73.0562325659736, 29.809673772009624, 56.404867686880024, 1.371938592376018, 45.229068696137254, 48.0104563172162, 11.751875319779108, 17.72385386457045, 32.50041254131198, 33.35077721957722, 13.173708511070952, 24.262279745467897, 55.99066436663686, 22.61910627374951, 42.23089435525101, 66.26597644881221, 8.052270147500336, 0.0, 61.34226775594538, 67.16123620679674, 37.09932234808075, 29.95419155044769, 76.68051853959903, 51.14648412753564, 54.131896567336725, 91.57381054370009, 53.9222839544722, 60.188117124877955, 64.40847325502848, 51.51771771701644, 45.77859188188666, 6.393007040517088, 71.79547011056297, 45.871879843745354, 52.35839844136461, 26.279359959119702, 36.459987400671295, 62.00165148995966, 37.41698693039395, 71.76865223118686, 57.39184118543473, 48.2328211955696], [106.45772640816186, 93.00115172278743, 48.75771894699045, 50.512578825400226, 51.02429004450976, 71.2962130034873, 104.5993981104547, 92.28037958942393, 84.86147517978557, 48.899963835313876, 67.63665173373116, 46.97306505283081, 29.353238576200553, 73.46676121181416, 84.9910088388359, 104.80428017775178, 61.35208232449107, 16.614048318754513, 54.537866295250694, 72.65669824381055, 79.06425606354459, 32.114013566823026, 94.58616244074341, 73.74938715193804, 74.68413113680229, 76.37489106125014, 82.34128149556174, 46.538788192376835, 59.90601585275359, 68.45755568698927, 61.34226775594538, 0.0, 58.85986393441086, 97.54630104157428, 69.38905433609227, 58.8691627098655, 68.1445747677327, 102.17170335772587, 75.44132895748601, 7.718995465604692, 102.7542520070544, 109.9380678088678, 79.82219966125311, 16.34451864815646, 63.95351008448069, 39.3945106239969, 96.95221960611504, 92.14692912046011, 87.56550863800871, 84.05257545376507, 28.829899080931558, 65.40694930860117, 74.85572187201223, 80.02827035009581, 17.71978820209254], [62.89456737064354, 86.29979324105457, 12.954769137586863, 67.87080538899356, 61.79480727190356, 65.63350302812721, 64.31871444907618, 46.55731048101121, 28.04430307875044, 28.487491618028656, 21.151173939133123, 69.78600396378043, 68.09730002261105, 15.006561862383945, 96.71737855632784, 72.65207544463043, 66.04879213447195, 51.401076361648116, 19.561777947955772, 71.77982040350841, 79.031066507263, 45.15874923324429, 88.67513158308317, 71.51929802627164, 58.919319973188244, 30.529808280242737, 74.58499755164577, 25.36303199253478, 2.0082619887912787, 74.55463564582925, 67.16123620679674, 58.85986393441086, 0.0, 87.00927692402597, 47.355127377547426, 11.629504859278041, 25.626884995770318, 70.42159706602261, 24.427534144888142, 58.406785957181874, 65.06124004017468, 73.22922852368555, 38.94570218671646, 59.187392453895335, 63.916200964035376, 25.770802704632366, 70.55109256382106, 55.59531464182233, 83.85399689433247, 59.4251518754023, 30.85334767115379, 36.61508931542372, 17.10202603912418, 33.98276131605836, 65.5185647743855], [56.53423418010931, 6.596438467657009, 78.718107940178, 50.21312506223543, 47.12587777312924, 26.45176445778889, 50.061736907093234, 59.64191027543135, 82.69900203080118, 62.560652581286256, 68.22597448433996, 55.66039275369929, 74.75859930157056, 86.65544859884587, 34.667381194731824, 35.7007979379113, 36.751111353497926, 81.04429970132821, 68.16569203254373, 25.350862496957042, 20.790260421838077, 66.54376165236559, 7.323196412379205, 24.02480897110829, 28.300865177987546, 63.259942705725656, 15.25361555233111, 66.87667692899676, 85.46008254519006, 31.985819108130944, 37.09932234808075, 97.54630104157428, 87.00927692402597, 0.0, 39.66138084802197, 98.32675346964331, 63.232924193010014, 34.87755290327277, 109.48922354628782, 90.38115249889877, 45.22257474281175, 44.512597617091714, 54.824298587016116, 82.52997719250848, 33.605228634546336, 100.05246823459937, 26.41718655960529, 44.12014589144019, 12.494697732152348, 29.84943556349709, 92.65928910151827, 50.416112559622206, 84.23195917701892, 62.31734207595074, 85.29570546183923], [41.35674302547874, 39.15826138711661, 39.505030563403146, 39.37630155897539, 32.17846547527525, 21.25114957592705, 37.587405599997574, 32.86189105630917, 47.25112448466531, 24.668410431307894, 29.481764157248847, 44.478905020307394, 56.69625081585436, 48.25324477074025, 54.785720288735625, 35.41929931174493, 28.5837831421611, 53.373480174558665, 28.642846175706303, 28.287198502652497, 34.41172713116661, 37.73376563934436, 41.563988934786366, 27.37587464306897, 11.722682836219816, 27.262814269112102, 27.84661211447864, 28.889850808749337, 45.82961070154431, 34.39056586428966, 29.95419155044769, 69.38905433609227, 47.355127377547426, 39.66138084802197, 0.0, 58.67269497111637, 24.634798180816034, 32.78775070594696, 70.21676817624306, 63.71931103197351, 34.66418611812347, 41.069946905289825, 21.65026647894738, 58.01459636746937, 23.999771147540763, 62.02088213076138, 28.13371683458732, 24.850645500756404, 37.40367725270145, 15.07920228494115, 56.51865702561539, 10.856804315139966, 46.21096887195853, 28.000850168069206, 63.0185619749854], [73.50253631314145, 97.39860684895315, 21.19291889693174, 75.9652864613063, 70.4156478028348, 76.25732474563468, 75.31894770304429, 57.22852955004475, 35.6380793839005, 38.15350915147771, 32.67064315491894, 77.21730087764809, 72.86284667353226, 21.964519151297694, 106.44671699869967, 84.14201632045744, 75.64747136652407, 54.61334723726012, 30.331969479483963, 82.15434683682834, 89.51180970912469, 51.50725497326916, 99.75407439653252, 82.00872188006137, 70.12730628336647, 41.74797827742946, 85.57787162072005, 34.45104748330749, 13.477125727960724, 84.32104757333713, 76.68051853959903, 58.8691627098655, 11.629504859278041, 98.32675346964331, 58.67269497111637, 0.0, 37.2333433394925, 81.94276540613156, 17.254718633039477, 59.93264459646842, 76.29261684633977, 84.43982241433984, 50.378156025576644, 62.32428583039909, 73.9414608367004, 20.84776198992807, 82.17908032258394, 67.02875481731182, 94.7184350444094, 71.01676869090095, 30.05805621371295, 48.029960282683405, 24.924988984011744, 45.03966432944915, 68.4202129576654], [40.276182759978525, 63.46744623274447, 23.402084021943015, 56.58795890676793, 49.39577647782807, 45.401157