instance_id,num_cities,city_coordinates,distance_matrix,best_route,total_distance
2253,66,"[[94.58629096131645, 66.36738414198022], [99.7806894359782, 19.24652200870517], [41.1599740581938, 24.313430278303272], [15.409783191586612, 74.64814720739987], [34.85797893620939, 66.46555040070787], [22.62518822125028, 95.06179070824373], [77.42088665729625, 51.70109746477885], [41.90802763515884, 59.64070172941064], [92.40990082700607, 91.40973181029312], [68.1758519644628, 4.037556013512211], [69.43061409324191, 38.87858925465939], [35.89597092949527, 5.093185993139193], [8.800070008634641, 42.73700278299823], [78.08551720476538, 82.17913777713643], [48.67427369291531, 97.18939411084921], [12.71024216814024, 62.42407050167377], [59.06218101663262, 15.155763347579176], [54.201286582653715, 7.236702097250614], [11.243339752410442, 6.854594113886325], [22.291502143351117, 88.10122632767352], [55.66610791515372, 24.70261229342666], [78.23678571268636, 50.50930001413669], [9.435929247667508, 13.721065772725428], [35.27080308608751, 76.29385392613902], [10.915087722497885, 79.26455439660589], [86.97673279338649, 66.11205927608877], [40.69987928836177, 18.551073210919476], [19.59025058908933, 85.8905294674235], [61.93557456247865, 49.10627857005616], [78.04086048008453, 78.61179039685864], [87.74648577714481, 19.25589353962156], [32.53560103512251, 83.91598816792786], [97.23765972572677, 11.839996154581367], [43.60209387451401, 88.42980248054242], [18.56032171789399, 66.73366232131568], [66.07995825528336, 47.97356568954828], [64.35193743125396, 26.348178651212983], [73.64120299522436, 13.351549158433585], [65.48747475648067, 66.48832090942622], [3.796154466345625, 90.865987626832], [32.01375520952996, 18.33626755891695], [75.53846376887243, 54.13561806565333], [40.619030244126506, 19.946347425125165], [95.52136722773274, 71.34885014044559], [75.80363961185816, 84.8289182092547], [76.11125782432234, 41.12362387961986], [59.61624891960805, 87.74453007382553], [84.72446287873356, 16.165797234430247], [11.668135301263227, 60.92776898009939], [64.42088984729878, 83.94534388128984], [83.03918513011969, 90.74099802444184], [97.31439092337723, 3.2854600553574476], [20.601450847519608, 40.75102864201874], [78.8697388283602, 36.31633087766238], [26.41349232760245, 97.07248092865856], [95.2254649722073, 13.074605847200182], [9.310480073907678, 24.19779971497491], [80.67670178150155, 30.90788074431481], [38.331192060199406, 49.50806257157758], [33.74124446382988, 23.821338878323704], [36.16376641110182, 49.73180103343194], [82.78015019086148, 86.15228681172559], [24.2775646190167, 59.26076582966644], [25.680926250037096, 57.859020262702806], [28.868408160436367, 75.44742584145612], [68.81916976977682, 25.941617612936497]]","[[0.0, 47.40630151885594, 67.99195815242534, 79.60835646812279, 59.7283926954585, 77.47108670824481, 22.577667501722356, 53.10600421176098, 25.13674304195713, 67.6943037672365, 37.26180246644245, 84.84739845287552, 88.98129369993038, 22.853601195079957, 55.29836912762459, 81.97095271160632, 62.32649911355133, 71.60576888589017, 102.4100566015764, 75.49103513919269, 57.01520728313486, 22.776855667118454, 100.11103304732295, 60.14035171373916, 84.65936009685215, 7.613840443445875, 72.04266065355323, 77.49554358097696, 36.93257433381058, 20.583409687021824, 47.60541441615176, 64.48442931108387, 54.5918107141833, 55.55302561995737, 76.02685156644641, 33.925559120051034, 50.156285164404444, 57.00329349177978, 29.09906751469081, 94.03738861476016, 78.88162264193362, 22.63704534826025, 71.18551734155452, 5.068468320694289, 26.336594917195413, 31.282171945000155, 40.98641492726905, 51.16106899945225, 83.09638951948622, 34.913265286512065, 26.970515508016966, 63.14088751255746, 78.29402426599677, 33.91276770248633, 74.76853243331851, 53.296611166121785, 95.13273765245818, 38.090065008611745, 58.72710512351774, 74.24476850834955, 60.74482694173923, 23.039690395990487, 70.66697265139712, 69.42867953444467, 66.342198313701, 47.93941107231338], [47.40630151885594, 0.0, 58.839288156942644, 100.93458225581836, 80.27823478952155, 108.17082016735897, 39.41142281541651, 70.57573761017782, 72.5386612337597, 35.07389910237868, 36.146163526153614, 65.43373884336795, 93.964226162889, 66.56721885131593, 93.2038467104978, 97.18828880726322, 40.92348023225657, 47.13510092034613, 89.40034768355628, 103.6607179896242, 44.450705550671536, 37.96710518666601, 90.51357003289118, 86.11575648958605, 107.23459973168183, 48.58312350051085, 59.084903120247546, 104.26854853029425, 48.20640809779879, 63.22068691361243, 12.034207307831734, 93.29545416234248, 7.830940258680679, 89.1199242375321, 94.08388080500492, 44.282980034710015, 36.133502399855004, 26.79595970089135, 58.37646903016895, 119.75967104481654, 67.77304727998529, 42.484521051388086, 59.165798177209425, 52.276136261407096, 69.82800018383877, 32.23118953884937, 79.4050337880561, 15.368175665247652, 97.47383518274756, 73.73094993726863, 73.42845543239912, 16.150483801789406, 82.04752055358088, 26.993447911242647, 106.95618492331116, 7.670894277721688, 90.60559548362053, 22.381904116115226, 68.49672667342737, 66.19771326579153, 70.54406518176063, 69.03187451099558, 85.45093074793864, 83.55656722022226, 90.48255758608772, 31.67712116323661], [67.99195815242534, 58.839288156942644, 0.0, 56.53897821856161, 42.62060972500442, 73.13596098737014, 45.44158994178019, 35.33519056598161, 84.43025922665596, 33.77822873165569, 31.80209024573373, 19.928058593860325, 37.23696300629828, 68.64354187401635, 73.26234232894086, 47.558470779148436, 20.108502619460584, 21.486983914225682, 34.63835978221149, 66.51993804294514, 14.511353559090702, 45.39728575233841, 33.44567542985648, 52.31296949464044, 62.72462986199492, 62.018551797775565, 5.780695993498946, 65.24562908793499, 32.34672939775388, 65.63925422206387, 46.86023636307307, 60.223290486547896, 57.44818002918337, 64.16286413162469, 48.06475187167239, 34.36288142839077, 23.281051652329257, 34.28108911551596, 48.68828082785764, 76.32363922220547, 10.926106049351494, 45.51091560506345, 4.4004582552843186, 71.88526823307545, 69.7302505553743, 38.78369303991286, 66.0616265545254, 44.319844431276444, 47.01466103073207, 64.00808795224154, 78.5270022137274, 59.962438786009145, 26.321996819592748, 39.57393058339515, 74.23838747556167, 55.221268387881466, 31.84970388374519, 40.06318193686966, 25.35293876428289, 7.435032127719749, 25.90474208900835, 74.54048053692348, 38.81149327984673, 36.944654937468925, 52.590570394999986, 27.707076738774028], [79.60835646812279, 100.93458225581836, 56.53897821856161, 0.0, 21.099459903562693, 21.651302748833395, 66.1206778922091, 30.45292068695753, 78.80335547594646, 88.14824786967819, 64.78974801185521, 72.50914781977615, 32.58848641523427, 63.12656693542106, 40.182510377964824, 12.51860906989053, 73.78940014121497, 77.77585529698685, 67.92146267546728, 15.111035488920585, 64.14926451715715, 67.30465206511347, 61.21924683537629, 19.929085825844187, 6.443097290620383, 72.07421919436685, 61.53430483519513, 11.994476501376674, 53.07576015635663, 62.756372661675904, 91.10927673594496, 19.472712006282354, 103.15360011536268, 31.380573667644132, 8.518507147253105, 57.26255268618563, 68.76206384444863, 84.5468579234263, 50.738131200131555, 19.947298564916224, 58.7087700119656, 63.531268519967945, 60.23116333241506, 80.17949399888052, 61.24594673531125, 69.34380063815023, 46.10560547641405, 90.69018733298924, 14.221417216133654, 49.88513247061277, 69.5177376932192, 108.63239795410381, 34.29239070238713, 74.1383444147359, 24.978638025168987, 100.80597231187014, 50.81770420461513, 78.56832423110644, 34.02080010843997, 54.03153632182229, 32.42764447407374, 68.3455307803868, 17.759759376424324, 19.681746957328475, 13.482337793832524, 72.28339089856605], [59.7283926954585, 80.27823478952155, 42.62060972500442, 21.099459903562693, 0.0, 31.10283151744112, 45.050973176736356, 9.81232622998575, 62.725081901251116, 70.7625264270189, 44.23016535097817, 61.38114156932509, 35.24285161169132, 45.994965952766265, 33.68745423936589, 22.51345827992623, 56.73215706975522, 62.307463614393285, 64.11799508102513, 25.02036793898376, 46.6596317061867, 46.220372172342756, 58.55135582578911, 9.836969755301935, 27.149153632454862, 52.11995260550605, 48.26929587320733, 24.706949237487702, 32.16427371152991, 44.858582283398626, 70.8939056393791, 17.604295424216065, 82.91667957714293, 23.640810381219982, 16.299862416832852, 36.28726348401657, 49.792540644102324, 65.76652337151532, 30.629504284269483, 39.49959843115688, 48.21324999906681, 42.507988397565356, 46.87457687975345, 60.85961957945724, 44.87494184327534, 48.41535147885068, 32.64608565356363, 70.82888809926693, 23.841893189838967, 34.3439788268745, 53.95114445155683, 88.8398965237887, 29.402129555896074, 53.34801258391096, 31.750488979317186, 80.59048536038318, 49.388636812029816, 57.9974416208756, 17.309523473503198, 42.65883111675288, 16.78461941231893, 51.80832064714213, 12.800550294365188, 12.581361493144199, 10.79578827650445, 52.87297619220802], [77.47108670824481, 108.17082016735897, 73.13596098737014, 21.651302748833395, 31.10283151744112, 0.0, 69.87645015059044, 40.329659561035186, 69.88020927030793, 101.78543249998391, 73.12523515608375, 90.9420887602225, 54.12039657111461, 56.93690224716386, 26.135828859037325, 34.110510631159244, 87.82156712638425, 93.32896751415296, 88.93849563379881, 6.968558164688488, 77.7310514622505, 71.25709931366835, 82.40309511970945, 22.63066561917416, 19.664158481272732, 70.56350500657923, 78.61669256033913, 9.66037676172509, 60.47491686790267, 57.80570250540254, 99.93656708584238, 14.91459675650249, 111.77158848624413, 22.00031451225861, 28.61828082880569, 64.07509636451587, 80.39080843951419, 96.3285904472118, 51.513287444814935, 19.290859898960523, 77.29780781258481, 66.89369429437802, 77.24058628961609, 76.65609215265972, 54.15403375450264, 75.96107873389589, 37.70783572126084, 100.40367373361178, 35.84952507396475, 43.24876951394301, 60.56831078972962, 118.32739272200382, 54.34845342023946, 81.32944438333632, 4.288837041049306, 109.51118055136872, 72.10399900520773, 86.51995371182265, 48.185274760432506, 72.10248735875447, 47.30857283116103, 60.811172569252776, 35.83913684948908, 37.328054646929935, 20.58400117412849, 83.13532498301096], [22.577667501722356, 39.41142281541651, 45.44158994178019, 66.1206778922091, 45.050973176736356, 69.87645015059044, 0.0, 36.38956542479129, 42.443446930775046, 48.5518676278092, 15.108314679224165, 62.422880724532185, 69.20384000178865, 30.485286205747244, 53.8103418376506, 65.59306107319519, 40.89747569885326, 50.1620601951934, 79.94170736949503, 66.06223140434896, 34.67259147608238, 1.4443242128911387, 77.87449673236044, 48.79993048588956, 71.99142622554794, 17.291327759997603, 49.47076399471515, 67.18109651320718, 15.70120937285769, 26.91783352399728, 34.04863073500694, 55.24932622575549, 44.51529953294149, 49.92703193080618, 60.74984865126478, 11.937803405775128, 28.52311214156221, 38.53535861888458, 19.001797199119245, 83.39358375555572, 56.34731103577013, 3.0774025552313002, 48.60803210927643, 26.714445195154596, 33.16727295519037, 10.658239776102462, 40.20117111743389, 36.27808964214292, 66.3969560909228, 34.76623856600864, 39.44209823827968, 52.34334205746847, 57.864948742433974, 15.452838430322501, 68.26651238880815, 42.53244483514528, 73.45378732283905, 21.046572017960294, 39.15116378521972, 51.818839054809665, 41.304093010783596, 34.865543922924516, 53.67831278134001, 52.10511986484568, 54.048416068937954, 27.15769385736773], [53.10600421176098, 70.57573761017782, 35.33519056598161, 30.45292068695753, 9.81232622998575, 40.329659561035186, 36.38956542479129, 0.0, 59.66330922908513, 61.49559665942438, 34.47547069666895, 54.8778306680475, 37.173537580793486, 42.623841345383404, 38.15345836578918, 29.330152026548582, 47.67782210913656, 53.82660488083556, 61.04667263777847, 34.5660170222007, 37.549365726035894, 37.458792836145015, 56.24100052525217, 17.927080849993246, 36.68321030026677, 45.53094171150212, 41.10738612725785, 34.45484912974394, 22.62911194073557, 40.81033955540575, 61.090891116112026, 26.021758434916094, 73.11823056344511, 28.838900507511372, 24.40134138848522, 26.840348233150188, 40.1512288709521, 56.122010514341525, 24.55361918295813, 49.270004625648305, 42.47296680215789, 34.07803076307016, 39.71527763856416, 54.876870551111715, 42.22983259155132, 38.89399860477343, 33.21755964352827, 61.018967934691375, 30.267269954083968, 33.12921060203068, 51.5654976366369, 79.03023697906376, 28.4743738079717, 43.70577044235132, 40.51195772137359, 70.7894795142704, 48.153913758000236, 48.25541520727871, 10.745423632093205, 36.73857784979338, 11.453508196747933, 48.71749732678395, 17.634556344049887, 16.324619695779443, 20.491076184521926, 43.1258372820611], [25.13674304195713, 72.5386612337597, 84.43025922665596, 78.80335547594646, 62.725081901251116, 69.88020927030793, 42.443446930775046, 59.66330922908513, 0.0, 90.67075729106779, 57.337322548169816, 103.17155787456929, 96.7452239670836, 17.040887076735917, 44.1158653674694, 84.80686382503318, 83.22702759839346, 92.43915368255198, 117.20743128118787, 70.19641046726328, 76.15737726436356, 43.2865165283117, 113.6670963399066, 59.104705860488835, 82.39484144865294, 25.87453478865626, 89.34377684219054, 73.02850851054035, 52.136999504438116, 19.242053552393013, 72.304383111382, 60.34142830051205, 79.71605916190302, 48.89869117187126, 77.863141087538, 50.79336967655481, 70.8537579059091, 80.28289915798877, 36.686424557494746, 88.61541458351651, 94.80203364456129, 40.91460550775126, 88.25706534615145, 20.300743743382302, 17.86267111037255, 52.86150219719689, 32.997837947244285, 75.63541265117472, 86.30401356944732, 28.967254318917163, 9.394547224225963, 88.26064409148144, 87.87922220381643, 56.73287242219604, 66.23890595713144, 78.38570890863576, 106.8782370058851, 61.629067348543, 68.41240111906475, 89.4997323939393, 70.00483947965884, 10.971455018696927, 75.3363872957948, 74.6887293602146, 65.51577292636104, 69.58876754457323], [67.6943037672365, 35.07389910237868, 33.77822873165569, 88.14824786967819, 70.7625264270189, 101.78543249998391, 48.5518676278092, 61.49559665942438, 90.67075729106779, 0.0, 34.86362037010128, 32.29713724597806, 70.87404788164939, 78.76743150373782, 95.17130080015602, 80.53209884359288, 14.376144562038329, 14.336073844520872, 57.002163559240884, 95.77094666543792, 24.15653632521135, 47.54834779827498, 59.532754698836676, 79.39593711095388, 94.54044852497721, 64.85920964087536, 31.073642463304594, 95.18650074592195, 45.49869025513205, 75.22389797714271, 24.791278807045853, 87.46880249411173, 30.09097443599377, 87.89721753511482, 79.9531274423182, 43.985971817079516, 22.635949391160334, 10.799098582432187, 62.50860267272917, 108.09219206944609, 38.88637799502307, 50.6361913453472, 31.819303378682065, 72.65388855426986, 81.15064602230474, 37.92554674530396, 84.14347455756419, 20.51708454690132, 80.18490115895938, 79.99596428835073, 87.96820749188852, 29.14824353182276, 60.093283435671104, 34.004095679613805, 101.97838955585334, 28.51928879837821, 62.221920847204025, 29.635883609012563, 54.38998705137015, 39.71322522994895, 55.79191383539519, 83.40332451856247, 70.5454643068025, 68.57527780039582, 81.51346298158721, 21.91350661920651], [37.26180246644245, 36.146163526153614, 31.80209024573373, 64.78974801185521, 44.23016535097817, 73.12523515608375, 15.108314679224165, 34.47547069666895, 57.337322548169816, 34.86362037010128, 0.0, 47.602791574269666, 60.75319111743164, 44.15704757133619, 61.894875634343755, 61.413274448407066, 25.889705936564088, 35.11611367032162, 66.41758170839587, 68.15397182737043, 19.75904737410256, 14.588423196553144, 65.05584675848785, 50.66354427476802, 71.0991772588949, 32.39642219208251, 35.19464491846529, 68.51411793779857, 12.679954507015603, 40.6554254171396, 26.84252861908058, 58.220351162043656, 38.78552956501538, 55.87875436018739, 57.99734254172463, 9.692548214769428, 13.520508367956555, 25.871970063677363, 27.88988400616517, 83.7291578843455, 42.68498927462656, 16.434194711016392, 34.47516707119159, 41.65387426297775, 46.390173369976246, 7.047778453448688, 49.84176898850687, 27.381978234372855, 61.82774686787916, 45.34434594960333, 53.618118664027705, 45.214774759042996, 48.86505103380874, 9.780707732859272, 72.36713199488428, 36.485886196726696, 61.88663907509616, 13.784291147857566, 32.86578393686001, 38.7356669419859, 34.99250434909735, 49.122424560872545, 49.54019578843624, 47.689537087593536, 54.61293216306161, 12.95141302790703], [84.84739845287552, 65.43373884336795, 19.928058593860325, 72.50914781977615, 61.38114156932509, 90.9420887602225, 62.422880724532185, 54.8778306680475, 103.17155787456929, 32.29713724597806, 47.602791574269666, 0.0, 46.381513442551324, 87.87605918199738, 92.97847369780914, 61.841800885210766, 25.257251489730088, 18.43038910197917, 24.715476578880867, 84.11549400159788, 27.845788124204812, 62.09160981382862, 27.831171647903282, 71.20341248098816, 78.26516732649604, 79.57730285273698, 14.289585854281478, 82.4262532711575, 51.13915599173636, 84.7418250257921, 53.74995976755252, 78.89439922144587, 61.71160532451131, 83.69215004056397, 64.03181283980781, 52.4385359615574, 35.5178369617856, 38.63810432546652, 68.15438129813502, 91.58259505528716, 13.800391597856505, 63.06098145531223, 15.586009553896739, 89.13473461744604, 89.16506609486323, 53.99501601374697, 85.9877681200776, 50.068196949137224, 60.86451081341552, 83.85304885861399, 97.76517964446906, 61.445017597938794, 38.79953719969105, 53.11901264053616, 92.46679456578246, 59.863945127689355, 32.73796862196989, 51.688609197154854, 44.48158679086598, 18.851699038354173, 44.63941831089893, 93.64135886738123, 55.39958547265422, 53.74551519863197, 70.70435420189884, 38.96914321462663], [88.98129369993038, 93.964226162889, 37.23696300629828, 32.58848641523427, 35.24285161169132, 54.12039657111461, 69.20384000178865, 37.173537580793486, 96.7452239670836, 70.87404788164939, 60.75319111743164, 46.381513442551324, 0.0, 79.72549909573249, 67.49085153394438, 20.071623792725116, 57.332404203680724, 57.632818907107755, 35.965494837941655, 47.32791479514951, 50.216180155261036, 69.87035202440636, 29.022903327475397, 42.74063603060519, 36.58873223841907, 81.59646971662424, 40.031950006819784, 44.482073493287444, 53.515880991002845, 77.9826099297197, 82.36442832918748, 47.52982506218192, 93.67941232504158, 57.43703343106372, 25.90563997329581, 57.51875510320804, 57.91893930799199, 71.18902592187965, 61.46207749327144, 48.38841134871387, 33.678940899054226, 67.70481247340194, 39.13898570618765, 91.31933640017878, 79.12779337138845, 67.33052054339585, 67.8819677966588, 80.43968173107957, 18.415476463029098, 69.22285009733623, 88.4071816831735, 96.90825161248605, 11.967317284715087, 70.36322559563334, 57.118970851231595, 91.37399349150925, 18.546227886881404, 72.8435194318504, 30.297432569195216, 31.30278780171329, 28.243567114843437, 85.77843057006686, 22.640397183725455, 22.66359901029373, 38.37590354426009, 62.324772756494404], [22.853601195079957, 66.56721885131593, 68.64354187401635, 63.12656693542106, 45.994965952766265, 56.93690224716386, 30.485286205747244, 42.623841345383404, 17.040887076735917, 78.76743150373782, 44.15704757133619, 87.87605918199738, 79.72549909573249, 0.0, 33.02013083131421, 68.29487000626357, 69.67079761027105, 78.6563737916009, 100.70582686542512, 56.10742597440845, 61.69425333509325, 31.67019902204931, 96.94985069220292, 43.21731494518054, 67.23363290135626, 18.363134977507706, 73.79848591169814, 58.612888042799575, 36.80536188492793, 3.567626879962935, 63.66057633363408, 45.58301780643187, 72.89992734798216, 35.0453605175882, 61.496435748802675, 36.251270426409576, 57.49527989597004, 68.9709278164251, 20.12243542677682, 74.79552644638358, 78.73067592143506, 28.1589502470109, 72.64060737747937, 20.525691128847996, 3.496898867203469, 41.10295514303617, 19.289568745961244, 66.3463392303539, 69.73441972701383, 13.778299053975182, 9.891626600770605, 81.20321403093752, 70.85694116651845, 45.86951122753935, 53.775550440094385, 71.19841390597277, 89.95466244630967, 51.33669287397053, 51.4568316434966, 73.2942509153122, 53.011912353407766, 6.1502432574003345, 58.48544720007497, 57.77291120454508, 49.675343665306976, 56.9958232592943], [55.29836912762459, 93.2038467104978, 73.26234232894086, 40.182510377964824, 33.68745423936589, 26.135828859037325, 53.8103418376506, 38.15345836578918, 44.1158653674694, 95.17130080015602, 61.894875634343755, 92.97847369780914, 67.49085153394438, 33.02013083131421, 0.0, 50.02038873465205, 82.68872471365526, 90.12233170516983, 97.7826718092205, 27.904218826042168, 72.82320566988167, 55.25371753825296, 92.23128271017782, 24.82491941414785, 41.79779903212467, 49.324224409260424, 79.04161233223738, 31.201678514694343, 49.878332979985764, 34.74944286290671, 87.17951748226501, 20.895934065769072, 98.19838183223409, 10.122126932613428, 42.82991597458362, 52.203023114371355, 72.55526823112862, 87.47646429212706, 35.003423057224104, 45.32141938285157, 80.59397274703778, 50.74753531145168, 77.661928950498, 53.50125125028662, 29.81247825454631, 62.41921731204328, 14.45448990934723, 88.68167449437192, 51.81080713311783, 20.575732958915026, 34.96468146822011, 105.7535334411632, 63.034692664454596, 67.95068757663479, 22.26108837605273, 96.1369388641002, 82.92937417183163, 73.6029511481925, 48.7902522541026, 74.87233728527268, 49.07887461169042, 35.84729486621724, 45.097452887370295, 45.55844964069642, 29.410635724477853, 74.04095146501072], [81.97095271160632, 97.18828880726322, 47.558470779148436, 12.51860906989053, 22.51345827992623, 34.110510631159244, 65.59306107319519, 29.330152026548582, 84.80686382503318, 80.53209884359288, 61.413274448407066, 61.841800885210766, 20.071623792725116, 68.29487000626357, 50.02038873465205, 0.0, 66.20268194135497, 69.04456820063874, 55.588834388842336, 27.406511526008753, 57.16742788889473, 66.60097345133916, 48.812946999020035, 26.483009669861563, 16.935893165085144, 74.35800488844494, 52.040942318488206, 24.454226879285034, 50.9950677150934, 67.3062550170927, 86.56748441058534, 29.239483223505808, 98.50701952910137, 40.38074538199289, 7.266086456296231, 55.29144314039492, 62.994719321975275, 78.23486651292008, 52.93349044849299, 29.806100202972793, 48.12857762347086, 63.37257982199308, 50.82575537695689, 83.2906604922551, 66.95337184780797, 66.88346441785454, 53.30383796982836, 85.59133034496557, 1.823432193819675, 56.01032307778841, 75.81562241701283, 103.22420855651751, 23.064949986329285, 71.12448992160738, 37.259782742919874, 96.14640740083827, 38.377156754447135, 74.91802085744479, 28.692443852375387, 43.9599129474308, 26.66761151040059, 73.97851214757716, 11.992057585355985, 13.750575596559633, 20.753171144209084, 66.92668470337246], [62.32649911355133, 40.92348023225657, 20.108502619460584, 73.78940014121497, 56.73215706975522, 87.82156712638425, 40.89747569885326, 47.67782210913656, 83.22702759839346, 14.376144562038329, 25.889705936564088, 25.257251489730088, 57.332404203680724, 69.67079761027105, 82.68872471365526, 66.20268194135497, 0.0, 9.29192260970476, 48.53401889911123, 81.68918774343581, 10.132898761234012, 40.218627774745784, 49.646986029043134, 65.60408358803754, 80.1753059391848, 58.101345041667635, 18.67357099828939, 81.00271865626421, 34.07189273200054, 66.23335747986312, 28.975859041375113, 73.69957912268121, 38.31920519461046, 74.8872426071419, 65.57957204190791, 33.55975786455971, 12.37948638898415, 14.690237257872157, 51.7331215517068, 93.73564824052687, 27.23477456636413, 42.31899062092482, 19.055170065402987, 66.98458973888167, 71.65629731066677, 31.064462020225296, 72.59088128738014, 25.68215097733253, 65.88833029371732, 68.99798656725952, 79.29706443125481, 40.05166242491041, 46.198975861311716, 28.984633250399114, 88.1832494999562, 36.22311862599504, 50.56669030462292, 26.74540540682626, 40.122990480357736, 26.76269842878517, 41.470950959681375, 74.85351298198877, 56.17135196765531, 54.2021800387347, 67.4295816802028, 14.544190653402103], [71.60576888589017, 47.13510092034613, 21.486983914225682, 77.77585529698685, 62.307463614393285, 93.32896751415296, 50.1620601951934, 53.82660488083556, 92.43915368255198, 14.336073844520872, 35.11611367032162, 18.43038910197917, 57.632818907107755, 78.6563737916009, 90.12233170516983, 69.04456820063874, 9.29192260970476, 0.0, 42.95964620874989, 86.93276495071011, 17.527227975839008, 49.49972675587506, 45.23255674406235, 71.60484218355565, 84.03396050775362, 67.38351101900528, 17.615419172537, 85.93223127863472, 42.577936123853824, 75.2511030709046, 35.63343025764499, 79.68133308719966, 43.281863747857216, 81.88200312593472, 69.35536498638744, 42.43341720912424, 21.639876356459204, 20.378952492937206, 60.31693274163064, 97.64494222360277, 24.809008482226112, 51.524590724113395, 18.601418537461758, 76.2739574902757, 80.54324091797103, 40.353070610489574, 80.68972786307073, 31.80240605945367, 68.4967124827476, 77.38640717360377, 88.34360096198176, 43.29378800206488, 47.45691777999646, 38.13341508710246, 94.03525226108933, 41.43747498016247, 47.98815834561323, 35.514395792306686, 45.15227365816838, 26.33749230022038, 46.16476543355312, 83.9310488196354, 60.01610070132444, 58.10361477521483, 72.76302332134891, 23.73934231020992], [102.4100566015764, 89.40034768355628, 34.63835978221149, 67.92146267546728, 64.11799508102513, 88.93849563379881, 79.94170736949503, 61.04667263777847, 117.20743128118787, 57.002163559240884, 66.41758170839587, 24.715476578880867, 35.965494837941655, 100.70582686542512, 97.7826718092205, 55.588834388842336, 48.53401889911123, 42.95964620874989, 0.0, 81.99437260141087, 47.87414839115198, 79.96158545745428, 7.1003637776029285, 73.47877106705533, 72.41070430219669, 96.16129158319679, 31.693774541704514, 79.47546789874204, 65.99172303723275, 98.03572814926743, 77.50176500653758, 79.94885142441727, 86.1387096558828, 87.75878069115429, 60.324464643071536, 68.5406780844027, 56.57316488872762, 62.73518759133327, 80.61394143611196, 84.34082527858018, 23.732656474985493, 79.80825895995848, 32.16092655113392, 106.12396042153041, 101.23254188289134, 73.3635685887008, 94.2503054684759, 74.06871106923548, 54.07484342437231, 93.65273906189175, 110.41545260761646, 86.14502056185799, 35.16450649431004, 73.76532915345564, 91.48442834973426, 84.21214818775378, 17.450579562249853, 73.48164641860158, 50.52791420709796, 28.178469516736925, 49.59317027648813, 106.79718776685006, 54.002757816403125, 53.00844640853499, 70.82103925243048, 60.657156776772524], [75.49103513919269, 103.6607179896242, 66.51993804294514, 15.111035488920585, 25.02036793898376, 6.968558164688488, 66.06223140434896, 34.5660170222007, 70.19641046726328, 95.77094666543792, 68.15397182737043, 84.11549400159788, 47.32791479514951, 56.10742597440845, 27.904218826042168, 27.406511526008753, 81.68918774343581, 86.93276495071011, 81.99437260141087, 0.0, 71.64669267933198, 67.40198570973791, 75.48293872562257, 17.546404075782487, 14.40519267112786, 68.32058644267316, 71.94506340032568, 3.4905501811778867, 55.60807880688142, 56.55121881305962, 94.99491949150661, 11.066064366258813, 106.92381289439517, 21.313124647046536, 21.690885157897856, 59.394090926245866, 74.71625736035679, 90.68795958936589, 48.30123943143013, 18.7008500003245, 70.43913455380559, 63.15775064834682, 70.57609938573923, 75.12160307258583, 53.612096180528745, 71.43851365563823, 37.32645113226291, 95.25009472444023, 29.176235317155, 42.33387139416494, 60.80501116579119, 113.23492415884914, 47.38034924156985, 76.69923248086315, 9.872902926432516, 104.63439546650974, 65.20854903164106, 81.73071831205314, 41.79358732309876, 65.29165742808527, 40.80015334927919, 60.52003724265545, 28.908763479165856, 30.431549803635292, 14.26093824061263, 77.64432246033417], [57.01520728313486, 44.450705550671536, 14.511353559090702, 64.14926451715715, 46.6596317061867, 77.7310514622505, 34.67259147608238, 37.549365726035894, 76.15737726436356, 24.15653632521135, 19.75904737410256, 27.845788124204812, 50.216180155261036, 61.69425333509325, 72.82320566988167, 57.16742788889473, 10.132898761234012, 17.527227975839008, 47.87414839115198, 71.64669267933198, 0.0, 34.2844079335531, 47.51656325550094, 55.47634335710532, 70.56670131410544, 51.91432875108098, 16.181144347450214, 71.03118111014663, 25.196133429219326, 58.3680480753762, 32.539474318912724, 63.570781267671485, 43.51598342993576, 64.8590410345202, 56.06646534037668, 25.494814195657174, 8.840335006131628, 21.25913162460261, 42.92440670729342, 84.07189962342106, 24.494165300941507, 35.51355172275447, 15.780893572144915, 61.35399905591793, 63.408933486690295, 26.223153439704177, 63.165552410990934, 30.286386455648906, 56.99196058310898, 59.886120701469856, 71.48673825385265, 46.83240211137704, 38.56270014623639, 25.94777344802697, 78.05839740216149, 41.23291482154688, 46.358376463110396, 25.768879721380664, 30.262347417214084, 21.942567766589285, 31.73013730073465, 67.16571883731868, 46.685186366638725, 44.70412183361982, 57.38599841571333, 13.21128950304682], [22.776855667118454, 37.96710518666601, 45.39728575233841, 67.30465206511347, 46.220372172342756, 71.25709931366835, 1.4443242128911387, 37.458792836145015, 43.2865165283117, 47.54834779827498, 14.588423196553144, 62.09160981382862, 69.87035202440636, 31.67019902204931, 55.25371753825296, 66.60097345133916, 40.218627774745784, 49.49972675587506, 79.96158545745428, 67.40198570973791, 34.2844079335531, 0.0, 78.018792793282, 50.10906987273011, 73.20570793922192, 17.883869032171706, 49.29855580353619, 68.49268194215664, 16.361477749158414, 28.1031733512027, 32.668177353155556, 56.60923152929606, 43.08536032392041, 51.356853350160044, 61.842625164172645, 12.41847021150203, 27.866625151107275, 37.44085775149309, 20.441967582161112, 84.67626477013707, 56.31760440803878, 4.520080079293197, 48.468439189337744, 27.074778071430696, 34.405761043852095, 9.623345847793892, 41.63155951991636, 34.950910405747, 67.37900053572325, 36.178004478542256, 40.51731191672215, 50.931778694910854, 58.4555872880583, 14.207075791856449, 69.66910042590598, 41.10926355889811, 73.77757557010885, 19.75269165997908, 39.918152276549435, 51.88545519329432, 42.08020268269275, 35.931388348276215, 54.664300004261555, 53.067285134910776, 55.3095545265076, 26.310881942922126], [100.11103304732295, 90.51357003289118, 33.44567542985648, 61.21924683537629, 58.55135582578911, 82.40309511970945, 77.87449673236044, 56.24100052525217, 113.6670963399066, 59.532754698836676, 65.05584675848785, 27.831171647903282, 29.022903327475397, 96.94985069220292, 92.23128271017782, 48.812946999020035, 49.646986029043134, 45.23255674406235, 7.1003637776029285, 75.48293872562257, 47.51656325550094, 78.018792793282, 0.0, 67.6963405476179, 65.56017701915097, 93.58094044614666, 31.634846988724895, 72.88032472406526, 63.311342134670866, 94.43221236235946, 78.50590794561684, 73.89805117022125, 87.82187824141583, 82.1506064845945, 53.79209914824229, 66.19501320165723, 56.34901893081902, 64.20633706673316, 76.98154953356179, 77.3507984927127, 23.044702486502523, 77.47826215891071, 31.798426366835624, 103.59374577334343, 97.26767015365547, 72.08675073553123, 89.42895364206373, 75.32821522003567, 47.259449547945444, 89.18965818979241, 106.53407549022387, 88.4959089064435, 29.24530330347317, 73.01780548640362, 85.06289471108946, 85.7919713625197, 10.477484984092289, 73.28461148211903, 45.996144978534275, 26.320407758328628, 44.84585079415655, 103.08082521480198, 47.897165070307004, 47.03253080758371, 64.712941240758, 60.62764338308039], [60.14035171373916, 86.11575648958605, 52.31296949464044, 19.929085825844187, 9.836969755301935, 22.63066561917416, 48.79993048588956, 17.927080849993246, 59.104705860488835, 79.39593711095388, 50.66354427476802, 71.20341248098816, 42.74063603060519, 43.21731494518054, 24.82491941414785, 26.483009669861563, 65.60408358803754, 71.60484218355565, 73.47877106705533, 17.546404075782487, 55.47634335710532, 50.10906987273011, 67.6963405476179, 0.0, 24.536216744996114, 52.698881479514675, 57.997444712125294, 18.384121084669882, 38.081154021784144, 42.83282198230805, 77.5050075733592, 8.098040544443643, 89.4102404841514, 14.720450180495371, 19.251946682807887, 41.847852609699906, 57.79518019238263, 73.71581457637028, 31.767841043706213, 34.68429884439199, 58.04903253616027, 45.96163523323356, 56.60075107819493, 60.45315162857126, 41.42171120489548, 53.8970112784641, 26.90387921977199, 77.85273064195064, 28.16385082210329, 30.137565540698844, 49.90529326335776, 95.8103980125052, 38.45103801299358, 59.15293354475586, 22.58768013723874, 87.12769255262852, 58.20598968550629, 64.19954982707799, 26.960055622401153, 52.49480340969121, 26.57705847859746, 48.52140518659274, 20.272577095576214, 20.780010344780326, 6.458103536375325, 60.50488086827265], [84.65936009685215, 107.23459973168183, 62.72462986199492, 6.443097290620383, 27.149153632454862, 19.664158481272732, 71.99142622554794, 36.68321030026677, 82.39484144865294, 94.54044852497721, 71.0991772588949, 78.26516732649604, 36.58873223841907, 67.23363290135626, 41.79779903212467, 16.935893165085144, 80.1753059391848, 84.03396050775362, 72.41070430219669, 14.40519267112786, 70.56670131410544, 73.20570793922192, 65.56017701915097, 24.536216744996114, 0.0, 77.19042673016557, 67.62588710180927, 10.916134682248273, 59.26729012042733, 67.12894658150482, 97.4889896597568, 22.115208161588107, 109.5338189391057, 33.94763826280176, 14.678993802264898, 63.42151776143638, 75.20398745295219, 90.98950377232914, 56.04799344049475, 13.61148278847478, 64.4779800141416, 69.33717742132428, 66.33983629494152, 84.97576657841292, 65.12669430377774, 75.5332455058538, 49.43392650228328, 97.10446445125555, 18.352241826733046, 53.71015407926397, 73.03146024287761, 115.05504061323785, 39.71293613722143, 80.3889576394209, 23.607685034211045, 107.18838090465447, 55.0901283069194, 84.8825699589236, 40.46098840597833, 59.95818191528611, 38.85459170716409, 72.19437693757106, 24.05633691651363, 26.004362691268774, 18.35462299132944, 78.71606128975974], [7.613840443445875, 48.58312350051085, 62.018551797775565, 72.07421919436685, 52.11995260550605, 70.56350500657923, 17.291327759997603, 45.53094171150212, 25.87453478865626, 64.85920964087536, 32.39642219208251, 79.57730285273698, 81.59646971662424, 18.363134977507706, 49.324224409260424, 74.35800488844494, 58.101345041667635, 67.38351101900528, 96.16129158319679, 68.32058644267316, 51.91432875108098, 17.883869032171706, 93.58094044614666, 52.698881479514675, 77.19042673016557, 0.0, 66.35958533487641, 70.22909558708253, 30.269723866712667, 15.36532108649797, 46.862488060060244, 57.278414006555046, 55.233535619003334, 48.779513764309954, 68.41923483054022, 27.67092581908466, 45.74983680329085, 54.41973707096411, 21.492551821350652, 86.78574525585817, 72.82482529389343, 16.561073103641988, 65.424074593011, 10.021714233284978, 21.798137983945967, 27.24849445137951, 34.87921832011468, 49.997018028103135, 75.4868314482978, 28.753992606569895, 24.94171015529258, 63.671412307682964, 71.05533004789689, 30.878937513162036, 68.01804028800957, 53.67506915486407, 88.25447278207702, 35.76345308898075, 51.401180334575805, 67.98913331884957, 53.38792384672136, 20.47491209309363, 63.072386284703825, 61.8489171510398, 58.853432020215244, 44.08357379307033], [72.04266065355323, 59.084903120247546, 5.780695993498946, 61.53430483519513, 48.26929587320733, 78.61669256033913, 49.47076399471515, 41.10738612725785, 89.34377684219054, 31.073642463304594, 35.19464491846529, 14.289585854281478, 40.031950006819784, 73.79848591169814, 79.04161233223738, 52.040942318488206, 18.67357099828939, 17.615419172537, 31.693774541704514, 71.94506340032568, 16.181144347450214, 49.29855580353619, 31.634846988724895, 57.997444712125294, 67.62588710180927, 66.35958533487641, 0.0, 70.57066524231416, 37.209882132494926, 70.72226399974736, 47.051885762487295, 65.87281341140101, 56.934692166023, 69.93897092352255, 53.02567211075526, 38.856549924332505, 24.904110255975965, 33.349150782781365, 53.9666990467186, 81.18701714387494, 8.688779717600971, 49.799465871877025, 1.3976146467396002, 76.11176511280365, 75.00017817627386, 41.99387780984432, 71.7325833402421, 44.0891540153545, 51.36756275361002, 69.56361820985782, 83.68991614133645, 58.63652336800477, 29.946366172449817, 42.101574284924034, 79.81047752249056, 54.79991960716971, 31.89325795926113, 41.84300454156444, 31.04747766664401, 8.729163695693174, 31.508952816252823, 79.62834469916838, 43.89728342633342, 42.07949205721481, 58.113498016461776, 29.074295240579506], [77.49554358097696, 104.26854853029425, 65.24562908793499, 11.994476501376674, 24.706949237487702, 9.66037676172509, 67.18109651320718, 34.45484912974394, 73.02850851054035, 95.18650074592195, 68.51411793779857, 82.4262532711575, 44.482073493287444, 58.612888042799575, 31.201678514694343, 24.454226879285034, 81.00271865626421, 85.93223127863472, 79.47546789874204, 3.4905501811778867, 71.03118111014663, 68.49268194215664, 72.88032472406526, 18.384121084669882, 10.916134682248273, 70.22909558708253, 70.57066524231416, 0.0, 56.09106503260364, 58.902069904941996, 95.31761170025321, 13.095072031647074, 107.2967922612261, 24.1457351389215, 19.18453315390675, 59.99157491699049, 74.4909400509666, 90.46219718909276, 49.82971887538394, 16.559246849736017, 68.68712957357594, 64.33177252450557, 69.21592821748392, 77.31102710247696, 56.2234125955426, 72.1020117250038, 40.068913893481394, 95.41490394878072, 26.189679680765824, 44.872819871991695, 63.63406587367005, 113.4223940995619, 45.15082569266444, 77.27650931380718, 13.099338391827445, 104.98973467652165, 62.54331767785792, 82.18665451210266, 40.92562503677736, 63.66188065105319, 39.77606150268838, 63.190441750231024, 27.039142446053322, 28.68556846745769, 13.96934577070227, 77.57163473999832], [36.93257433381058, 48.20640809779879, 32.34672939775388, 53.07576015635663, 32.16427371152991, 60.47491686790267, 15.70120937285769, 22.62911194073557, 52.136999504438116, 45.49869025513205, 12.679954507015603, 51.13915599173636, 53.515880991002845, 36.80536188492793, 49.878332979985764, 50.9950677150934, 34.07189273200054, 42.577936123853824, 65.99172303723275, 55.60807880688142, 25.196133429219326, 16.361477749158414, 63.311342134670866, 38.081154021784144, 59.26729012042733, 30.269723866712667, 37.209882132494926, 56.09106503260364, 0.0, 33.61481016827873, 39.46198961274727, 45.56395862628052, 51.332377910468445, 43.38727978191945, 46.8202650275051, 4.296388560506842, 22.886020218239036, 37.62210005174955, 17.74123419821194, 71.58257797551862, 42.91979556121071, 14.502856633208442, 36.12058479666945, 40.28321559927077, 38.32010191799938, 16.268766758634776, 38.707799610753035, 40.055071355740445, 51.638775018339906, 34.92760031587293, 46.67774890711903, 57.88961959155667, 42.1701314278662, 21.221420342616764, 59.687309329602904, 49.05607243449834, 58.22227141571388, 26.123007730036534, 23.607801754881482, 37.871472442012596, 25.779398242464097, 42.50768236177092, 39.00306814094843, 37.29624661272252, 42.27639451790958, 24.16578987403976], [20.583409687021824, 63.22068691361243, 65.63925422206387, 62.756372661675904, 44.858582283398626, 57.80570250540254, 26.91783352399728, 40.81033955540575, 19.242053552393013, 75.22389797714271, 40.6554254171396, 84.7418250257921, 77.9826099297197, 3.567626879962935, 34.74944286290671, 67.3062550170927, 66.23335747986312, 75.2511030709046, 98.03572814926743, 56.55121881305962, 58.3680480753762, 28.1031733512027, 94.43221236235946, 42.83282198230805, 67.12894658150482, 15.36532108649797, 70.72226399974736, 58.902069904941996, 33.61481016827873, 0.0, 60.1441739001701, 45.81335123245102, 69.47653998012927, 35.810920214207286, 60.65496202306497, 32.89018083329577, 54.02658352085939, 65.4083792222489, 17.45181954806679, 75.24919747623628, 75.83952184035671, 24.60375990142859, 69.58467918499427, 18.929300497451024, 6.607407619399318, 37.53779422439932, 20.56388