instance_id,num_cities,city_coordinates,distance_matrix,best_route,total_distance
456,73,"[[60.53572002698409, 52.782111724626844], [98.73659608465624, 35.232875084403005], [3.9512489458793265, 21.1095134501354], [82.8065707810811, 7.697534135718609], [13.62484421062372, 65.9743501867522], [67.39267679273429, 20.272032612715872], [3.1045221474851004, 74.00052895563951], [38.1822658996158, 9.734223235513383], [35.73725365996883, 81.66416487718666], [94.65595787017281, 90.3881284382557], [23.83193834459615, 42.90680274827389], [27.724938896633034, 97.97434836703214], [97.40656014364892, 31.566817411434844], [64.43608714020647, 97.94202350953657], [16.419828939828562, 62.693132369236125], [19.208451483444712, 10.920072893791898], [60.290551285977244, 64.65702718863031], [32.33785047561556, 91.38338436878921], [59.34651594689514, 45.94892625165979], [99.26959709148247, 15.816135551053934], [94.88845371460657, 45.03245918008469], [92.28863468679134, 56.81721939076536], [26.62601842054172, 56.28122448023339], [50.04342035152936, 90.45047938824332], [88.96847630979686, 50.57941014179427], [5.3263891782199035, 23.921434163603728], [81.40132749791199, 78.67156301675476], [11.396504533142625, 55.02866679169887], [1.9933554171636114, 89.33505054980236], [8.740202163663646, 57.64725486698603], [55.20413481858019, 69.66193013853919], [34.0012530975224, 74.63471216663068], [67.01727039662816, 29.92390200618186], [88.0041541864009, 59.674446657347815], [86.43248006157216, 8.503535279794171], [43.66436177626948, 92.34923515640524], [32.631988065640826, 46.61905625402256], [88.61305493933614, 66.39389046326873], [47.76499662693566, 78.51639683742555], [22.604470227546216, 8.423541963954385], [13.168014657125159, 26.579765729947436], [14.558639544227958, 20.294120494417967], [29.36926755887668, 19.565304837994944], [40.06245710229983, 0.7444127989902016], [80.87155033753282, 68.38333180261739], [51.510373370693365, 11.59279567016036], [84.35399704885288, 18.487889268756774], [35.09830611374207, 27.60671978370588], [10.788117861049273, 61.427867738732274], [25.738371940085948, 67.72691001811026], [69.34184993455887, 24.51493997900165], [21.83626948659121, 80.69576546565801], [87.95254418883822, 76.62678377456433], [19.21179691998698, 83.37733598777479], [18.09545389136361, 9.334251050849907], [30.064759596209445, 85.22469452755239], [68.93212679523931, 98.01622207656514], [70.7325446117904, 65.52005995879301], [32.342906169856555, 2.681831732592943], [5.1766560276642615, 11.48596487721234], [27.532428646348684, 96.17283563538109], [7.182218116618733, 33.505104710648645], [19.26166247318789, 19.93426786493737], [86.08055709209879, 42.60112157929004], [49.294303796320804, 92.65787094687678], [30.824876840574046, 26.03203345640599], [40.243902928061246, 8.898111629787952], [84.82143486356529, 84.307781201025], [19.5453196692006, 95.12558475517078], [94.84324283603011, 91.4775047133958], [9.02910665884875, 39.95168224944998], [96.13553179684101, 75.57228791252557], [14.46272190151201, 29.83873943204982]]","[[0.0, 42.03906086282381, 64.84563091670633, 50.28528541911192, 48.73053894119748, 33.225338221755955, 61.22551526662315, 48.50564518481849, 38.06753115797343, 50.77797872642728, 38.00906888055578, 55.84698390358212, 42.5387771768773, 45.32803212184194, 45.21548602671036, 58.824938761924365, 11.877446063392394, 47.80353644851973, 6.935894322440918, 53.54247497933611, 35.2160109378368, 32.00827523110754, 34.0897587717251, 39.10235638578492, 28.517950909924124, 62.29774411685906, 33.2511242417201, 49.19054288193591, 69.01685149922578, 52.02350707637069, 17.701809809201023, 34.37461390777447, 23.759382288406535, 28.319942725842896, 51.29556035633034, 43.01395106113298, 28.576240307364348, 31.202840515089754, 28.728814915122367, 58.364907457819214, 54.13189861468609, 56.29708255222435, 45.54891896840797, 55.92027006603648, 25.63092004476874, 42.16653458965948, 41.75408978942285, 35.789137821028696, 50.49329676616058, 37.87086518570256, 29.607109322690626, 47.71603019219535, 36.33525329884324, 51.41725749848319, 60.736255949722704, 44.50843300430284, 46.006786303211115, 16.31657307248086, 57.488023174073696, 69.06517003037068, 54.51579737520514, 56.72917384835006, 52.749679365704395, 27.498931997855895, 41.430008597897626, 39.97875548592514, 48.34835369999642, 39.79527335072398, 58.93371386379597, 51.71401705387508, 53.08060984174979, 42.269832371618286, 51.46959770996413], [42.03906086282381, 0.0, 95.83178687716695, 31.811329857974183, 90.49336217941753, 34.73137031620196, 103.19120385093183, 65.70394318661386, 78.26098528490729, 55.30599950064353, 75.29672580495028, 94.75836599617045, 3.899868519052914, 71.47700476414572, 86.7762403156821, 83.16151834875909, 48.413625021420735, 86.9578812492004, 40.8217119420353, 19.42405375247913, 10.528060037277001, 22.52687562277452, 75.11969397795258, 73.62071167839022, 18.191544799816704, 94.09258977203243, 46.769981251426685, 89.55537371674255, 110.84358350819076, 92.74564863011278, 55.50166678400886, 75.78370139493234, 32.160547527187326, 26.694114146283457, 29.425310151292553, 79.34248281716715, 67.07804650535878, 32.76423301044747, 66.86977797647212, 80.71456454622069, 86.00499072158654, 85.49324392033579, 71.11468922964904, 68.05959606207796, 37.65783637137187, 52.81258814468878, 22.073823977527894, 64.09360494692514, 91.76661954114161, 79.90371101853725, 31.287780908083896, 89.33383811695923, 42.775594115583125, 92.96280330248908, 84.69788982654866, 84.94117457353896, 69.49859746183394, 41.249732926534186, 73.94384682848191, 96.52656695364395, 93.72146100300243, 91.57067934431139, 80.93400061409783, 14.644670682215759, 75.77711010938808, 68.5321610439254, 64.14760259683992, 51.00958853161057, 99.28945025538201, 56.37922100935026, 89.83151340227028, 40.42318348110459, 84.44632951924206], [64.84563091670633, 95.83178687716695, 0.0, 79.9877676327049, 45.89588239427766, 63.446955335939876, 52.89779265219481, 36.07159199638781, 68.39017403937353, 114.13531756521736, 29.50192589840525, 80.45738735924971, 94.03855803451565, 97.78369114234704, 43.412703779821214, 18.346850632289712, 71.20746408188796, 75.79060680783365, 60.70940647410717, 95.46521535506474, 94.03128491915618, 95.28134121159916, 41.84727503092404, 83.26258356619537, 89.9800186689528, 3.130161139212154, 96.49820836692241, 34.72665826376289, 68.25362451626889, 36.850245871184754, 70.59883481024663, 61.383626865427836, 63.67901151276828, 92.4778078927526, 83.43898472531563, 81.56119959555569, 38.383871228931156, 96.01195860694291, 72.21630526481674, 22.55829197282073, 10.717855670832002, 10.638684175130331, 25.46488269064848, 41.4578904317092, 90.28591622067239, 48.50194051126858, 80.44547728653616, 31.817492992992047, 40.893917262889296, 51.45736479009124, 65.47921523280654, 62.212501870597194, 100.68954715744066, 64.11057672528764, 18.40422066026945, 69.22912597364547, 100.68344609628738, 80.19998810483375, 33.84768313203825, 9.701252993891982, 78.68020318702682, 12.809755832176538, 15.35545390285551, 84.89471406721277, 84.70631666913427, 27.320744489026072, 38.29197131891188, 102.63531564268814, 75.64095354473017, 114.94785229726348, 19.51440401383109, 107.07070470902528, 13.663471372251163], [50.28528541911192, 31.811329857974183, 79.9877676327049, 0.0, 90.45605883695981, 19.892363857319737, 103.67499061240643, 44.67075876502649, 87.67316053098872, 83.53527614423689, 68.68551424608812, 105.75390942565167, 27.9803926613527, 92.09529049599, 86.2073971150944, 63.679710538315696, 61.248305958194415, 97.72621582003076, 44.872521342470826, 18.356005127424982, 39.241158536514284, 50.0265231199094, 74.27401585364161, 89.0026627356552, 43.322331072384195, 79.16055503422878, 70.98793900579903, 85.67166205947545, 114.8714928244371, 89.33533209935902, 67.83421587265774, 82.84047825148708, 27.263775148420788, 52.236139870173695, 3.7144119258103694, 93.26319215785011, 63.500973493909385, 58.98285771655015, 79.01406984558947, 60.20647804368385, 72.15308149349865, 69.4006779938237, 54.73928531780104, 43.30594821162382, 60.71663975044014, 31.53767643266799, 10.900747311596263, 51.69578503838483, 89.85324874530681, 82.82695990910705, 21.54353375777663, 95.11108987515716, 69.12107130309582, 98.8520494011641, 64.7318120507603, 93.76651452134591, 91.37814611422294, 59.06967581167873, 50.712313264047395, 77.7222997093232, 104.32214416981076, 79.90665438434381, 64.71238694576454, 35.05680251813859, 91.33088672252829, 55.120326289535285, 42.57959700473639, 76.63673813960358, 107.91501252076975, 84.64020879082734, 80.51983782180515, 69.1711168192463, 71.84089818235616], [48.73053894119748, 90.49336217941753, 45.89588239427766, 90.45605883695981, 0.0, 70.56685944702329, 13.232411796127666, 61.36789746685508, 27.113261269638144, 84.62903727102388, 25.224918542707364, 34.96873680435636, 90.5718181133992, 60.030946566927724, 4.310258693219382, 55.33669775499135, 46.68429668233292, 31.556229520295176, 49.91481613849271, 99.25155007083838, 83.91863338109691, 79.19498075315892, 16.216880612467143, 43.879307068583344, 76.90037111017998, 42.86387875560034, 68.95557193180584, 11.170205132538207, 26.096242124194816, 9.654027366410455, 41.74249217957306, 22.14045863907539, 64.42348941223163, 74.64563307355996, 92.75692105861505, 39.97508189784194, 27.127456953199196, 74.98938433096647, 36.37104536848888, 58.247139075675165, 39.39723312321912, 45.68977301836239, 49.00700313987809, 70.38389096250272, 67.28984081824277, 66.2771966167817, 85.19141407283885, 43.967995506384405, 5.358872925580832, 12.239649505395981, 69.44974745537634, 16.85667739730458, 75.08715819229154, 18.27779952202275, 56.816258069696616, 25.314947661897225, 63.918518921340066, 57.109507305882374, 66.00233886598087, 55.139423439274154, 33.24709653831248, 33.10225570523292, 46.38386465490628, 76.13237251458435, 44.545713904837996, 43.48827184723084, 62.978339886137675, 73.51917582071786, 29.746369635950085, 85.12836875028957, 26.425367551273375, 83.06704505721974, 36.14532339930369], [33.225338221755955, 34.73137031620196, 63.446955335939876, 19.892363857319737, 70.56685944702329, 0.0, 83.78375825279643, 31.05307603145093, 69.07285803912198, 75.23000324952606, 49.090434437236844, 87.24207301169118, 32.06875983650885, 77.72624336918416, 66.31576677373276, 49.0833853685823, 44.949615462400594, 79.28218713367684, 26.908057739323247, 32.18684616977673, 37.00130365724197, 44.21944590454729, 54.392851862967696, 72.29115499760832, 37.20285281387119, 62.17348462107657, 60.0562023940237, 65.90595517233258, 95.11451878111725, 69.5486881160951, 50.87162797736126, 63.7988095866591, 9.659167290753528, 44.467777467445316, 22.3832892576367, 75.88251485055441, 43.61732609339386, 50.76938270524255, 61.46260483116156, 46.328934565557894, 54.590305740114545, 52.83404186555362, 38.02997651738653, 33.58971336461243, 49.96375828314848, 18.09908052622545, 17.054898190913136, 33.11682372221765, 69.98484733690893, 63.14306377044413, 4.669211802402242, 75.67307142258021, 59.98804985877802, 79.39569572319603, 50.49605183855982, 74.91476284453998, 77.75942966419639, 45.37112182611436, 39.21608837861599, 62.833336900824236, 85.73080707526823, 61.64749411887969, 48.13219945580321, 29.117436084939893, 74.61407840653523, 37.01866560345634, 29.435047152689297, 66.36519196956104, 88.83931478827482, 76.31351671347647, 61.59216613009796, 62.32391154293216, 53.787563656982236], [61.22551526662315, 103.19120385093183, 52.89779265219481, 103.67499061240643, 13.232411796127666, 83.78375825279643, 0.0, 73.21616049515886, 33.520538204269286, 93.00655245566337, 37.36904590254984, 34.36435563300715, 103.40935279580225, 65.83886409963866, 17.468675179773502, 65.1036133945595, 57.94430907257914, 34.01104449226373, 62.849457283216054, 112.39726542422736, 96.24676181794092, 90.82440232132517, 29.448846123669497, 49.73792349751598, 89.00094061794982, 50.12835952125276, 78.43601396860205, 20.704794755119334, 15.37472744553282, 17.29712295913339, 52.27994912176059, 30.903238855241305, 77.63754524712895, 86.09984990904876, 105.98775755107565, 44.51713838461236, 40.26929712395341, 85.84620043641233, 44.88820606189784, 68.41483171091426, 48.47682607595851, 54.91425238626068, 60.44030506428147, 82.05088366666634, 77.9696324049793, 78.98007094498509, 98.40289800993496, 56.35590245893782, 14.73463447679056, 23.48721888618027, 82.68135889507982, 19.892323903988533, 84.88865683178095, 18.63783277945097, 66.38113837988247, 29.203361040765717, 70.07158518072434, 68.1576685108804, 77.07943742550445, 62.548896558877544, 32.98990450755708, 40.70020871197693, 56.428838122297215, 88.71834736240132, 49.815583294237406, 55.402117511613625, 74.95103966212855, 82.36439323334733, 26.768784165205492, 93.38863718466011, 34.560449413366776, 93.04428613621099, 45.59903897647639], [48.50564518481849, 65.70394318661386, 36.07159199638781, 44.67075876502649, 61.36789746685508, 31.05307603145093, 73.21616049515886, 0.0, 71.97148455761176, 98.45979031685118, 36.14349087272526, 88.85761290555469, 63.12035485605491, 92.03194640403328, 57.25600159863257, 19.010835671041423, 59.20549532600263, 81.85806438840301, 41.9455622755429, 61.3893450816893, 66.79488900587855, 71.72382916638874, 47.960089456480084, 81.58309256362658, 65.17337233284927, 35.78806489668994, 81.36488248348697, 52.62189305836611, 87.44100268767617, 56.2360535346353, 62.2982670396968, 65.03502388366861, 35.20057688739639, 70.54251532149698, 48.26590680303237, 82.7967002355162, 37.300087008445686, 75.85237223402278, 69.44649835373922, 15.632837343117384, 30.157670121450497, 25.876382133087994, 13.202996070154754, 9.184324179996674, 72.54028495627335, 13.457070270137674, 46.99420630608616, 18.136618781516002, 58.50360868172211, 59.3127491956022, 34.487523319048485, 72.81986043941043, 83.3768268552914, 76.04726654620366, 20.09079377235675, 75.92565550905707, 93.48403748486508, 64.58777146764442, 9.156109870681892, 33.05206320033179, 87.09220830324398, 39.06478937167113, 21.49488647242401, 58.090268598966226, 83.6648596244332, 17.881548919552213, 2.2247314117183064, 87.95696464341724, 87.40148961531612, 99.46069763560475, 41.98811168624352, 87.71106993173055, 31.093541756686022], [38.06753115797343, 78.26098528490729, 68.39017403937353, 87.67316053098872, 27.113261269638144, 69.07285803912198, 33.520538204269286, 71.97148455761176, 0.0, 59.56107156544759, 40.54466243477839, 18.171936422384835, 79.45343029273398, 32.993813431932615, 27.075135682688693, 72.64934859959645, 29.8681629275867, 10.296561053853756, 42.81326355011035, 91.50039140919033, 69.57547218799789, 61.76916217697997, 26.968653484804552, 16.788857259918583, 61.64272091459838, 65.26134865897771, 45.762029078398456, 36.08215384808832, 34.604814052717195, 36.133817345144, 22.86947967849496, 7.240642468922023, 60.46068349767778, 56.70429082554386, 89.00833501979847, 13.304501868140719, 35.182414823611644, 55.03663908353687, 12.432821261144298, 74.40872828775666, 59.52866182419902, 64.92161460874536, 62.424511733379425, 81.03526183837708, 47.04769137516672, 71.82470388352633, 79.71718470626577, 54.061221073903965, 32.12424472246386, 17.15297958533901, 66.2970798545571, 13.93467467897059, 52.45771414565539, 16.61402045620401, 74.45031587039011, 6.697354723659103, 37.00391029497352, 38.539622629428365, 79.05523729549624, 76.54364691390145, 16.667953703853776, 55.988258867428776, 63.89072929695543, 63.721029120321454, 17.454374281145185, 55.84859436400114, 72.9054757396786, 49.15532068550826, 21.056793476044287, 59.915103231335614, 49.53035759211389, 60.70471947757884, 56.0221422663488], [50.77797872642728, 55.30599950064353, 114.13531756521736, 83.53527614423689, 84.62903727102388, 75.23000324952606, 93.00655245566337, 98.45979031685118, 59.56107156544759, 0.0, 85.26733273087291, 67.35957269493406, 58.88558774251005, 31.149669623991166, 82.99340140799423, 109.57873001633739, 42.930999769578456, 62.32605429197996, 56.75913477066462, 74.71457548586675, 45.35626514798455, 33.654273923670445, 76.1009432209761, 44.61258108979275, 40.21295188004283, 111.34448028748614, 17.690764019158998, 90.4567747485805, 92.66858618973085, 91.94281853864622, 44.5648026816382, 62.66708334751571, 66.48172473160854, 31.42573373505088, 82.29648949982808, 51.02929366318673, 75.91247927832491, 24.743486654710196, 48.37044818395751, 109.13116102845599, 103.49778761214128, 106.43660250420685, 96.32353956596872, 104.95925914232267, 25.965765268940203, 89.8345475184052, 72.63452890599042, 86.53680809568759, 88.72717333252707, 72.54767033279873, 70.56968909074429, 73.4618875082482, 15.307199676492461, 75.76920635892436, 111.4954788725618, 64.79725259775023, 26.83101372901388, 34.50725332202772, 107.58861879412729, 119.29835234753409, 67.37233121109917, 104.34238608958498, 103.18937080965462, 48.550340091943994, 45.418403663837154, 90.64278165811145, 97.98619577505663, 11.562372822772662, 75.25989279365221, 1.1053580086443862, 99.37702326253552, 14.889535569934472, 100.48474314118616], [38.00906888055578, 75.29672580495028, 29.50192589840525, 68.68551424608812, 25.224918542707364, 49.090434437236844, 37.36904590254984, 36.14349087272526, 40.54466243477839, 85.26733273087291, 0.0, 55.20498196514677, 74.4434029334593, 68.39278049368208, 21.129084355400064, 32.31915094087172, 42.453536022519, 49.217166789557346, 35.6446312602553, 80.15450459208267, 71.08830277756408, 69.85570102185808, 13.663163621032524, 54.29035805228916, 65.58686974011746, 26.512253209505776, 67.77427715990653, 17.366047390420217, 51.307951607898765, 21.096005063018744, 41.231681426684275, 33.31779102226822, 45.094662834123476, 66.32667011322579, 71.43117411723405, 53.2717480622311, 9.551005244674602, 68.90744775851996, 42.90494691687667, 34.50510038092574, 19.50106166879145, 24.440283741289928, 23.989321364367125, 45.178500034636265, 62.47056001799226, 41.7930951806878, 65.26256909838625, 19.0006205538744, 22.653280141908375, 24.893216223304623, 49.085768498109154, 37.84162255303884, 72.44645756864884, 40.73339867323787, 34.05911744831895, 42.77443191203466, 71.2114814969115, 52.067516456034994, 41.115506400079646, 36.54160109852834, 53.394418135267195, 19.12080306003403, 23.422740670273615, 62.249369289567966, 55.88828894588935, 18.266335906861492, 37.76166909819397, 73.71404006349475, 52.39442998976196, 86.03324040718127, 15.094918452218828, 79.34005008268807, 16.07969202423353], [55.84698390358212, 94.75836599617045, 80.45738735924971, 105.75390942565167, 34.96873680435636, 87.24207301169118, 34.36435563300715, 88.85761290555469, 18.171936422384835, 67.35957269493406, 55.20498196514677, 0.0, 96.25740754472451, 36.71116247489361, 37.048207965009276, 87.46986587408142, 46.589301355545054, 8.044859207074133, 60.881595588719065, 108.94315053886316, 85.52064869601477, 76.56618104393849, 41.70760369108636, 23.552562893717784, 77.44062915712726, 77.36620148041749, 57.04167086923728, 45.94506866610097, 27.143173269455705, 44.572353527513194, 39.45502799976014, 24.168796782532965, 78.57958109214167, 71.41754873223852, 107.01215717910043, 16.902872547831834, 51.5891961515161, 68.5907282119169, 27.932343109062327, 89.69707981218014, 72.86350577098447, 78.78812880744412, 78.42628337418473, 98.00956446205007, 60.82919175005902, 89.59642593006852, 97.59583703821234, 70.75287765567766, 40.280282435778545, 30.312604225712356, 84.42897586171513, 18.254474917138, 63.89900588634573, 16.89811695765908, 89.16161636987613, 12.962578213176842, 41.20720917410683, 53.87889183563078, 95.40434658998213, 89.37933507820006, 1.8117693889580293, 67.66303831983733, 78.49765100047945, 80.44608393117525, 22.214914682143267, 72.00907088663196, 89.95165596969166, 58.70932557784066, 8.661502457544401, 67.43200798701668, 60.96034716482339, 71.98514800683091, 69.41431844055316], [42.5387771768773, 3.899868519052914, 94.03855803451565, 27.9803926613527, 90.5718181133992, 32.06875983650885, 103.40935279580225, 63.12035485605491, 79.45343029273398, 58.88558774251005, 74.4434029334593, 96.25740754472451, 0.0, 74.11288737214473, 86.76230814087471, 80.8778848462911, 49.724843857186364, 88.38528531620224, 40.68675483435522, 15.860481888515405, 13.69906450198669, 25.763849888937976, 74.97124117539205, 75.56819872649407, 20.80096010086149, 92.39702251711823, 49.74961839638641, 89.1526109682974, 111.5385511655364, 92.4224661827838, 56.853164529415515, 76.64904774527996, 30.433667251207147, 29.638556975848118, 25.541053547798096, 81.13400145612722, 66.50048933702196, 35.9200605669875, 68.32677247361597, 78.30047160940134, 84.38603693834045, 83.6113128914436, 69.0876941742619, 65.10274018587936, 40.35916601225188, 50.05418568730217, 18.477764061297243, 62.4339722705239, 91.62115951085445, 80.27379085171364, 28.937120355043348, 90.13613241595594, 46.04105761513495, 93.80165686571756, 82.36831054440233, 86.1050862468617, 72.29326894575497, 43.17783903895102, 71.18722825119887, 94.39065553191648, 95.16476156253889, 90.24515971432939, 79.0059569961566, 15.812470192619159, 77.76185461330799, 66.81133425474906, 61.493411043473984, 54.221717418118175, 100.50915219259898, 59.96549881901163, 88.77432197887968, 44.02382249510775, 82.96183794878587], [45.32803212184194, 71.47700476414572, 97.78369114234704, 92.09529049599, 60.030946566927724, 77.72624336918416, 65.83886409963866, 92.03194640403328, 32.993813431932615, 31.149669623991166, 68.39278049368208, 36.71116247489361, 74.11288737214473, 0.0, 59.565471358716785, 98.07323241369122, 33.542159256694305, 32.76144905761391, 52.24161078487931, 89.20781853904336, 61.04726552036583, 49.6690438667997, 56.26031880771526, 16.22566148454886, 53.339059453560644, 94.7259417492194, 25.674306767634153, 68.22575399307753, 63.033124058430566, 68.74372686490719, 29.748825602721038, 38.334186899435736, 68.06707985398195, 44.942866201791006, 92.10366159047575, 21.511481960984106, 60.378371010282734, 39.74682969326195, 25.598441954656128, 98.8101346611485, 87.86914755209025, 92.28735894657972, 85.86379833939048, 100.20703253296978, 33.820714154721244, 87.3113006712641, 81.91265215509024, 76.20866319363978, 64.89520921787644, 49.096499315220136, 73.59078138187286, 45.95843644683005, 31.738985445024568, 47.51175168870543, 99.99395796743997, 36.64858269527954, 4.496651866330877, 33.02770196633742, 100.52102467730673, 104.8156965822296, 36.946042223292885, 86.1981555630085, 90.14398806744482, 59.423046925848006, 16.037327431297186, 79.37732753908672, 92.271772605726, 24.524578796168093, 44.97903213046065, 31.086735447385237, 80.20482008908726, 38.79767856739907, 84.47126455439634], [45.21548602671036, 86.7762403156821, 43.412703779821214, 86.2073971150944, 4.310258693219382, 66.31576677373276, 17.468675179773502, 57.25600159863257, 27.075135682688693, 82.99340140799423, 21.129084355400064, 37.048207965009276, 86.76230814087471, 59.565471358716785, 0.0, 51.848106070893756, 43.91465771282423, 32.810272315414245, 46.076771760948475, 95.19210531065414, 80.4314891789212, 76.0960054063348, 12.053168317636462, 43.60064463920904, 73.5530318981864, 40.327521464789754, 66.91715326290982, 9.163941329147635, 30.297111126972794, 9.188990542431894, 39.40541238010346, 21.253418630194112, 60.28203331475457, 71.64794543065565, 88.53408241920758, 40.2709448858485, 22.83002467099712, 72.28801761486149, 35.112607931669345, 54.620858933330496, 36.25947526030793, 42.43984252948245, 45.02996189331032, 66.30699603225779, 64.70241696195701, 61.98863379050555, 81.05032211063478, 39.748482457302224, 5.772093576861816, 10.591230384896305, 65.25576357956768, 18.799803897939977, 72.87712941918818, 20.871783932749917, 53.385184597674964, 26.34113562304238, 63.28714002486911, 54.38623542092215, 62.08784577173705, 52.426929527572014, 35.275776434069726, 30.614937731760147, 42.8531972147739, 72.5003858216479, 44.481644024434246, 39.38961257132503, 58.83443513584918, 71.73543571393239, 32.58270492247857, 83.53904439471499, 23.912263159000503, 80.74940203800735, 32.912632882078356], [58.824938761924365, 83.16151834875909, 18.346850632289712, 63.679710538315696, 55.33669775499135, 49.0833853685823, 65.1036133945595, 19.010835671041423, 72.64934859959645, 109.57873001633739, 32.31915094087172, 87.46986587408142, 80.8778848462911, 98.07323241369122, 51.848106070893756, 0.0, 67.64169705936418, 81.5274531149971, 53.273678176366936, 80.21071291052871, 83.0127558623006, 86.29751580201686, 45.96362009801271, 85.2987740959296, 80.24539921219196, 19.019649016590883, 91.96857202780107, 44.795028416162545, 80.28242804850827, 47.88542344990901, 68.89335970415159, 65.40934365410976, 51.44733896720498, 84.31985336485141, 67.26744883160622, 85.02235009126545, 38.13933333617124, 88.85011770730037, 73.3807827787691, 4.214927044911231, 16.784303881171198, 10.463915112847868, 13.340997664636083, 23.204172226480747, 84.28738864570283, 32.30892622084118, 65.58364088475004, 23.041954444027926, 51.20487631477132, 57.180911196297814, 51.9439895591655, 69.82515808318112, 95.09533183420285, 72.45726317121425, 1.93741956156385, 75.09351651091849, 100.2904935124993, 75.07256995865221, 15.504274163580787, 14.043201823293733, 85.65817036851911, 25.587378747378366, 9.014352022594514, 73.99707666082415, 87.09894453986844, 19.060763104444717, 21.132405088677253, 98.44195913647548, 84.20618568734362, 110.49941847955246, 30.764482814400807, 100.48723596742173, 19.50481717039745], [11.877446063392394, 48.413625021420735, 71.20746408188796, 61.248305958194415, 46.68429668233292, 44.949615462400594, 57.94430907257914, 59.20549532600263, 29.8681629275867, 42.930999769578456, 42.453536022519, 46.589301355545054, 49.724843857186364, 33.542159256694305, 43.91465771282423, 67.64169705936418, 0.0, 38.673655771274404, 18.73190442505281, 62.48838858428942, 39.77610491215784, 32.94449768372434, 34.69084668983992, 27.75438467632529, 31.946872857749124, 68.41379725836319, 25.339141397217347, 49.833052603684386, 63.30535430104925, 52.02475759322391, 7.135873178372398, 28.119057536868286, 35.37850668037348, 28.1579454945329, 61.94041567235405, 32.29997770499562, 33.020667995228386, 28.37570981014071, 18.680782814930023, 67.69376312524278, 60.58391947150995, 63.71401134691283, 54.67530714937634, 67.03728867147414, 20.915613020811822, 53.78572478706426, 52.063794696959626, 44.80373305448335, 49.607644428477876, 34.68828733358528, 41.14988666778133, 41.66500827103705, 30.14068552777859, 45.143261089521324, 69.57755244137218, 36.559915522848215, 34.46030630817862, 10.477597538496182, 67.98526104495488, 76.58135097965423, 45.45702125002509, 61.57058815783527, 60.69180273098827, 33.935046364015925, 30.08263136807527, 48.581026248288076, 59.25305709146195, 31.431137146988885, 50.877371194769545, 43.740444762365485, 56.90421578252392, 37.4700619761272, 57.55434917008182], [47.80353644851973, 86.9578812492004, 75.79060680783365, 97.72621582003076, 31.556229520295176, 79.28218713367684, 34.01104449226373, 81.85806438840301, 10.296561053853756, 62.32605429197996, 49.217166789557346, 8.044859207074133, 88.38528531620224, 32.76144905761391, 32.810272315414245, 81.5274531149971, 38.673655771274404, 0.0, 52.85601190911661, 100.94685631029886, 77.85233606906446, 69.20199627772978, 35.563839138471906, 17.730130183774556, 69.79965684076326, 72.66865739029191, 50.68348034225204, 41.954802585548286, 30.413550463344787, 41.17007942203903, 31.538683129296246, 16.831070340828727, 70.56862006825392, 64.06398441877826, 98.97119952317665, 11.36761742793007, 44.7652944644437, 61.57412965757292, 20.08870843300929, 83.52888208810494, 67.57952052209544, 73.27880852977044, 71.87940617468291, 90.96753659832638, 53.707750281810675, 82.06170653256025, 89.55128536323396, 63.83637725410399, 36.90154403724754, 24.559761718006285, 76.42437327886691, 14.983604409073436, 57.53912945042744, 15.374982686961744, 83.27608383376399, 6.5647850464880335, 37.19053099129764, 46.293240190627444, 88.70155278027516, 84.38796196882839, 6.784609229148957, 63.10864517296292, 72.6358240942844, 72.58090435733868, 17.00428255631449, 65.36886227626869, 82.86329636339751, 52.95838734699836, 13.328649900305361, 62.50546322337463, 56.466959553424765, 65.72773321143755, 64.0879360092838], [6.935894322440918, 40.8217119420353, 60.70940647410717, 44.872521342470826, 49.91481613849271, 26.908057739323247, 62.849457283216054, 41.9455622755429, 42.81326355011035, 56.75913477066462, 35.6446312602553, 60.881595588719065, 40.68675483435522, 52.24161078487931, 46.076771760948475, 53.273678176366936, 18.73190442505281, 52.85601190911661, 0.0, 50.018371459732904, 35.55375159075556, 34.68865784130239, 34.31307833838703, 45.463565843702604, 29.981693027547916, 58.33853361024011, 39.46119194108576, 48.8021032625995, 71.91481630625938, 51.94083063562852, 24.072097431494775, 38.278671116737264, 17.766312951658108, 31.774992366220026, 46.21478937588537, 48.97875688384783, 26.72293161571875, 35.700516329740104, 34.565470199511424, 52.517924459966, 50.076125655696934, 51.61514245938298, 39.9340819328121, 49.145935355982395, 31.09066834185094, 35.23845681932741, 37.14138747059863, 30.4041480430824, 50.96582829920155, 40.04732101544627, 23.649999345907883, 51.130826561636844, 41.94562902108485, 54.87878940668582, 55.15690854979198, 48.98986863263192, 52.94230094975189, 22.642237595703804, 51.002317683733146, 64.20334438614357, 59.45231050641379, 53.62800259817918, 47.786587333544205, 26.942842316240178, 47.778368365411914, 34.78744767770204, 41.6854013809587, 46.04751075614574, 63.265148120481825, 57.73100619760832, 50.673549442315746, 47.233200646346425, 47.68745209456157], [53.54247497933611, 19.42405375247913, 95.46521535506474, 18.356005127424982, 99.25155007083838, 32.18684616977673, 112.39726542422736, 61.3893450816893, 91.50039140919033, 74.71457548586675, 80.15450459208267, 108.94315053886316, 15.860481888515405, 89.20781853904336, 95.19210531065414, 80.21071291052871, 62.48838858428942, 100.94685631029886, 50.018371459732904, 0.0, 29.54298535498748, 41.59113742285436, 83.15355040025386, 89.40638543437997, 36.257390276053904, 94.29221695682565, 65.34584776529029, 96.2252721589558, 121.93317045362875, 99.72669597064137, 69.57826212318206, 87.86115001976911, 35.20286425255826, 45.28202355178172, 14.773817934672184, 94.60051548307142, 73.41247074247198, 51.688211253636354, 81.1421384632662, 77.02072524332308, 86.77175941703852, 84.82923244805266, 70.0008024176082, 61.09535377108267, 55.693790013886684, 47.94559468983496, 15.15299945752493, 65.24547848163186, 99.5459807323534, 90.00871945558916, 31.16631592544155, 101.02121857225048, 61.85475425353153, 104.75575007010295, 81.43252636967239, 98.01457846637514, 87.61972568307301, 57.31355394458574, 68.20331292917145, 94.19252590361809, 107.71917463928139, 93.77091764715364, 80.11384783943379, 29.856092387285816, 91.66341821347864, 69.20292118283511, 59.42972006032795, 69.9989636752246, 112.45420909670456, 75.790734232589, 93.4123692449384, 59.838282982706716, 85.95835909956952], [35.2160109378368, 10.528060037277001, 94.03128491915618, 39.241158536514284, 83.91863338109691, 37.00130365724197, 96.24676181794092, 66.79488900587855, 69.57547218799789, 45.35626514798455, 71.08830277756408, 85.52064869601477, 13.69906450198669, 61.04726552036583, 80.4314891789212, 83.0127558623006, 39.77610491215784, 77.85233606906446, 35.55375159075556, 29.54298535498748, 0.0, 12.068124634782006, 69.18305278790623, 63.82690323808772, 8.112631967806031, 92.01651363351242, 36.24212853185256, 84.08822595782749, 102.9185060606875, 87.06695306203613, 46.706059627577986, 67.70188018707107, 31.70286042964339, 16.17965936842871, 37.49487660646489, 69.73367109008758, 62.27667946652166, 22.26412756554497, 57.808254505167774, 81.02584210296796, 83.77787330382809, 84.05274799537678, 70.29466341617271, 70.47922358246186, 27.23484592421937, 54.77105941991586, 28.558518326762297, 62.27774998860887, 85.68358018013784, 72.77892489081196, 32.76579861473788, 81.29263826265273, 32.34668742747834, 84.83681960686394, 84.68486810222211, 76.27271531407378, 59.00008506617196, 31.674117671235088, 75.53490029694106, 95.77877595916286, 84.57051623932077, 88.46052036831898, 79.68268796146914, 9.137310624129068, 65.93183110400936, 66.82183819363327, 65.51120517551915, 40.54498475022255, 90.47601382502081, 46.44506753805924, 86.00954465092778, 30.565280020801556, 81.8483198205903], [32.00827523110754, 22.52687562277452, 95.28134121159916, 50.0265231199094, 79.19498075315892, 44.21944590454729, 90.82440232132517, 71.72382916638874, 61.76916217697997, 33.654273923670445, 69.85570102185808, 76.56618104393849, 25.763849888937976, 49.6690438667997, 76.0960054063348, 86.29751580201686, 32.94449768372434, 69.20199627772978, 34.68865784130239, 41.59113742285436, 12.068124634782006, 0.0, 65.66480385619731, 53.99865102287441, 7.066379262032, 92.97615194018624, 24.41609700889656, 80.91190049179707, 95.97211470874079, 83.55255553221222, 39.24597717816859, 60.949831019872896, 36.9038259945236, 5.149807842155686, 48.66730544594786, 60.22328503532991, 60.5220457143052, 10.257802655092647, 49.52987631669067, 84.84003059448621, 84.70168899006043, 85.88299539405516, 73.12011964995828, 76.62723578575353, 16.251915928950698, 60.8942944521471, 39.14199818669589, 64.21827597800612, 81.6308294766853, 67.4385558952733, 39.623126904131915, 74.38898255086664, 20.27857297450479, 77.75386814585227, 88.0866639106763, 68.40171982439851, 47.35909926500577, 23.246600897207784, 80.77209025602009, 98.20091375176064, 75.7775082115117, 88.24146889232219, 81.81253439383838, 15.512500262922066, 55.97378665666511, 68.74242650351756, 70.74528247485011, 28.486664631783285, 82.21387192342432, 34.75430047407527, 84.95054649912998, 19.14552722259769, 82.36935766257207], [34.0897587717251, 75.11969397795258, 41.84727503092404, 74.27401585364161, 16.216880612467143, 54.392851862967696, 29.448846123669497, 47.960089456480084, 26.968653484804552, 76.1009432209761, 13.663163621032524, 41.70760369108636, 74.97124117539205, 56.26031880771526, 12.053168317636462, 45.96362009801271, 34.69084668983992, 35.563839138471906, 34.31307833838703, 83.15355040025386, 69.18305278790623, 65.66480385619731, 0.0, 41.42357654966535, 62.60265763067555, 38.740550269667175, 59.17484046705556, 15.28093563920707, 41.222851726624995, 17.93790573596415, 31.55553867031986, 19.779903862134294, 48.23029840460091, 61.471859471106804, 76.54750446196017, 39.889930288784896, 11.376693992959908, 62.80651805081056, 30.679949305115226, 48.02635344992937, 32.60819708587202, 37.95646567095514, 36.8182586634714, 57.13908763855541, 55.57912139103857, 51.14965093525177, 68.99895436104657, 29.89994779840815, 16.65313877209408, 11.480053732723956, 53.232876053686006, 24.879941848389812, 64.61334649906837, 28.0921686469451, 47.71570858077778, 29.14703071074796, 59.42740807218059, 45.063751881741915, 53.90341091669504, 49.66578731846537, 39.901907473840794, 29.94683626056857, 37.08550921469917, 61.00809277487761, 42.86153952014462, 30.539220186957564, 49.301178098075795, 64.59252570228762, 39.48443516091344, 76.76176033158963, 24.006358595500217, 72.13679767052768, 29.105855042126006], [39.10235638578492, 73.62071167839022, 83.26258356619537, 89.0026627356552, 43.879307068583344, 72.29115499760832, 49.73792349751598, 81.58309256362658, 16.788857259918583, 44.61258108979275, 54.29035805228916, 23.552562893717784, 75.56819872649407, 16.22566148454886, 43.60064463920904, 85.2987740959296, 27.75438467632529, 17.730130183774556, 45.463565843702604, 89.40638543437997, 63.82690323808772, 53.99865102287441, 41.42357654966535, 0.0, 55.72128986491062, 80.16063083245335, 33.497182142497834, 52.42412526593254, 48.063009910849225, 52.744737857595396, 21.41954139840071, 22.52753033543114, 62.861579322668746, 48.86902397158257, 89.66306550243722, 6.655648861961154, 47.163032432374244, 45.45697067493776, 12.149631311217835, 86.49459201079944, 73.75136343381675, 78.61987256528373, 73.8385303531505, 90.25961450337569, 37.91216956334367, 78.87132706213103, 79.7234598472002, 64.59639742906259, 48.818959027998815, 33.27305190693901, 68.70170843260603, 29.84623600437517, 40.35091362698082, 31.63255223639131, 87.1809328960411, 20.65080417287392, 20.34757217808908, 32.39700102763889, 89.53571194555447, 90.82081860925983, 23.22692636940734, 71.27312504860124, 76.94187875065481, 59.90188867796856, 2.33104120650275, 67.22416671819394, 82.13902378737653, 35.31632815594844, 30.854347431461516, 44.81159309443577, 65.05614836544362, 48.43390670878356, 70.28349111070317], [28.517950909924124, 18.191544799816704, 89.9800186689528, 43.322331072384195, 76.90037111017998, 37.20285281387119, 89.00094061794982, 65.17337233284927, 61.64272091459838, 40.21295188004283, 65.58686974011746, 77.44062915712726, 20.80096010086149, 53.339059453560644, 73.5530318981864, 80.24539921219196, 31.946872857749124, 69.79965684076326, 29.981693027547916, 36.257390276053904, 8.112631967806031, 7.066379262032, 62.60265763067555, 55.72128986491062, 0.0, 87.78750721475177, 29.09348370840731, 77.69946389811683, 95.21907013683234, 80.53899925828807, 38.783673443366155, 60.0004431914807, 30.14142427594759, 9.146015874517344, 42.15223033688374, 61.621271290181824, 56.47551956910462, 15.818473762941961, 49.78154239884331, 78.6212345687373, 79.50907444218706, 80.33693158506918, 67.18586467056083, 69.82353238616159, 19.558625634360165, 54.06538248968825, 32.42158433504266, 58.56397987876606, 78.92944621247015, 65.51398973206251, 32.6276120447129, 73.57804054843317, 26.067178428811978, 77.0824121268345, 82.00090520940029, 68.3369853947671, 51.494722335442596, 23.57482177766231, 74.16625385671632, 92.46278499400756, 76.5058716749553, 83.54952983229316, 76.14568037926027, 8.484878655262884, 57.83283520936808, 63.11300865409405, 64.12031422941655, 33.982362588053164, 82.48597669076965, 41.3178777446932, 80.64273941493205, 26.000204299525887, 77.33875394288239], [62.29774411685906, 94.09258977203243, 3.130161139212154, 79.16055503422878, 42.86387875560034, 62.17348462107657, 50.12835952125276, 35.78806489668994, 65.26134865897771, 111.34448028748614, 26.512253209505776, 77.36620148041749, 92.39702251711823, 94.7259417492194, 40.327521464789754, 19.019649016590883, 68.41379725836319, 72.66865739029191, 58.33853361024011, 94.29221695682565, 92.01651363351242, 92.97615194018624, 38.740550269667175, 80.16063083245335, 87.78750721475177, 0.0, 93.72818599429735, 31.6939461443427, 65.49847572862362, 33.898157784992904, 67.67556783801349, 58.25877089849058, 61.98221071972942, 90.0771376605952, 82.55852217893664, 78.43573223754113, 35.507432731192935, 93.49105966738662, 69.14944216363709, 23.210272453787375, 8.27996478664224, 9.919266670239173, 24.434317332974164, 41.75845703761151, 87.65803851472317, 47.80121047622802, 79.21417938651419, 29.99913945628046, 37.90201894002971, 48.32772242833787, 64.01821197908674, 59.126143478094086, 98.00477217693184, 61.05578440967401, 19.386462411008925, 66.1065556672539, 97.65104942432441, 77.51393962796996, 34.36586826761098, 12.43637070809482, 75.58685866932191, 9.761702833158504, 14.494458834281074, 82.88646667225414, 81.59580416617943, 25.585689407205816, 38.0122741548755, 99.82972101052385, 72.60997896827885, 112.14762483852387, 16.452324165148582, 104.4706230292592, 10.885176951739371], [33.2511242417201, 46.769981251426685, 96.49820836692241, 70.98793900579903, 68.95557193180584, 60.0562023940237, 78.43601396860205, 81.36488248348697, 45.762029078398456, 17.690764019158998, 67.77427715990653, 57.04167086923728, 49.74961839638641, 25.674306767634153, 66.91715326290982, 91.96857202780107, 25.339141397217347, 50.68348034225204, 39.46119194108576, 65.34584776529029, 36.24212853185256, 24.41609700889656, 59.17484046705556, 33.497182142497834, 29.09348370840731, 93.72818599429735, 0.0, 73.88952415760615, 80.12075883530045, 75.64165960643498, 27.70318373180705, 47.57166402333028, 50.82554035811841, 20.11188082331109, 70.34816708780475, 40.139223921697756, 58.359332230887226, 14.239039855973932, 33.63668876398215, 91.60706788619778, 85.84486196505014, 88.74610260919806, 78.74569840564992, 88.21305428703431, 10.301862227539733, 73.43725326681295, 60.256060635279795, 68.9