instance_id,num_cities,city_coordinates,distance_matrix,best_route,total_distance
1737,92,"[[25.24765211228924, 11.447565896583423], [10.207995041761642, 9.312628505951748], [30.54148282647946, 72.10550442516768], [81.50342449321742, 74.40886013602366], [48.00312451815577, 50.4687893052973], [25.3956767885405, 62.04318287633783], [86.70721091155266, 2.2642808650929047], [7.621491130175107, 59.67508531160013], [53.0155564532901, 80.03965655236601], [26.51528292622338, 79.12094094683785], [95.42406983899592, 54.309897916095636], [22.309211119221374, 65.08293838908973], [74.17363766306372, 83.229487793079], [23.240696065258803, 82.16992655010036], [75.84785638738597, 58.24312595338523], [62.28362029827157, 17.096532844817823], [75.65823378997563, 32.43210288455588], [42.61322657995799, 75.00113336383093], [96.72300597233648, 30.279917005314815], [6.269261757402889, 64.10595491405834], [2.646463499758034, 77.76714991792582], [3.99621323279038, 39.55084537333959], [76.83191830212263, 2.315639508216849], [62.18593957437848, 82.79828623796726], [53.07808480862507, 45.952809591227606], [35.16026110775555, 50.26444724008373], [98.79686615083143, 22.124897443199465], [71.73043002152941, 36.01954039619175], [32.222532974385864, 22.25332121908733], [30.440375857043833, 16.27605845809297], [74.3283151838327, 44.17108891544399], [74.83458315448071, 71.02854718937772], [93.87725886693931, 78.6803444891045], [3.3810981440212884, 89.87818453391628], [80.97098219170856, 62.21337233435501], [99.12473529500507, 24.03899802153702], [85.90083941987767, 59.23705202458187], [20.127414330564473, 24.43599452793147], [46.14447963527797, 7.91431275064075], [12.247758561673926, 23.972911902091877], [32.90063428655369, 61.312394218279934], [17.569881928135455, 42.51131568757241], [64.57031270644673, 53.44097108981135], [18.751853347912608, 36.10532342944721], [1.0931021773141536, 82.87986054721543], [91.12037684301832, 70.3728830991258], [70.40323107589948, 33.34522747649942], [75.73782342210916, 24.75513103222552], [54.037011320229354, 64.61749103128173], [18.669563942437538, 24.677644085884765], [69.65051152357397, 46.17589384454469], [46.64219346433106, 45.2303644752462], [7.746039745310307, 79.97111196497723], [83.93691439193294, 77.86821358644178], [22.420230600819856, 75.47817104550688], [20.05980002061486, 84.44977312765893], [86.01829026457152, 79.4494852691012], [15.774166722675941, 73.46269814266266], [56.72882392647256, 28.14853532590008], [73.79662041627826, 50.410106893244254], [75.54565329571426, 51.12576949527773], [67.50744881681389, 54.4903116745443], [26.59871335948979, 44.14487738301999], [74.83389796467699, 63.89742602562871], [51.314057178949525, 95.5959071576239], [72.04568250753469, 51.42065446107891], [11.191140833457291, 4.607018300225607], [92.03769702230178, 32.40518004464244], [65.79568227682611, 78.90742962494674], [45.13052725417492, 66.65076402091111], [55.721915241515575, 18.333487150282547], [7.724740606855751, 20.433132712228964], [29.176848230224085, 85.1351856650305], [43.95193383635399, 8.250998084352945], [59.090207697070355, 90.90303721268842], [3.566401760667448, 33.11698898190826], [74.22876926702644, 83.64408531563963], [27.918266177986318, 40.76379999218979], [91.86004742883117, 51.24345345397814], [83.16884093812764, 33.05695704441358], [45.25663939018397, 20.484695373066753], [77.5793102460321, 10.183376204676875], [82.97285301645336, 25.641166392440763], [80.14337861892326, 98.01348836616707], [35.622920688758455, 88.67868997652752], [46.15720933882195, 91.04385199023112], [16.416373892353075, 19.558131453015427], [36.0429534103195, 29.225795319804437], [18.62166350662414, 73.85821947471248], [52.485905151342, 64.38787942357597], [44.10664907435875, 38.668712092957236], [91.76920073985471, 2.7495741257273165]]","[[0.0, 15.190432596242545, 60.88850589534949, 84.43243747802246, 45.1715330792183, 50.595833512916776, 62.14185458907479, 51.34759176332631, 73.99953656626553, 67.68524638776779, 82.23082822825107, 53.715804172325704, 86.86999696828119, 70.75083157801632, 68.92173179564818, 37.46429990077674, 54.60382347127602, 65.88337509877684, 73.91470528725326, 55.97396925695163, 70.0649766392818, 35.233761817293086, 52.38633980252995, 80.34526976659114, 44.32995405470279, 40.062577230282905, 74.3202011208504, 52.57785249483995, 12.861310630346475, 7.090748924189261, 58.989324850419045, 77.51617290601591, 96.07429125717697, 81.42179144603685, 75.3807443477259, 74.94242845373525, 77.2181592305046, 13.961236093305759, 21.19342535596483, 18.052188922261927, 50.44867926627887, 31.99851099782378, 57.53014614900546, 25.499027591984326, 75.405669558833, 88.38217507433636, 50.18499670426779, 52.214449041757774, 60.4637754563278, 14.775189097448804, 56.37083187216118, 39.987546554780366, 70.72328330352939, 88.63482355411497, 64.09300046136757, 73.18631067306222, 91.19940515037383, 62.73454832009165, 35.63687077554789, 62.25015601826397, 64.0644110553376, 60.32054692734409, 32.72521267974806, 72.17883072819798, 88.09313713385248, 61.545945912458905, 15.632613369170445, 70.00094063554015, 78.70816961709592, 58.674711819161, 31.242545107296696, 19.692456388822695, 73.79230237140204, 18.975463119285664, 86.36255259412717, 30.653556297116797, 87.24383791393092, 29.437624921795106, 77.59461241792538, 61.820950338686536, 21.955165247879073, 52.34692558884482, 59.444571782982095, 102.50463268409446, 77.9249172260426, 82.29689145594419, 11.99052745474944, 20.799133913217037, 62.761400598231056, 59.53653689085163, 33.115744996295994, 67.08778944528905], [15.190432596242545, 0.0, 66.00299986892502, 96.5430351351328, 55.87755706792293, 54.87419285100859, 76.823233680699, 50.4288316143201, 82.67284808375753, 71.68771250354614, 96.3666625873123, 57.068089989192806, 97.75124307562082, 74.01376341101542, 81.87053791154716, 52.65415380207978, 69.41357106316562, 73.24669754676815, 89.01951641821589, 54.93470887108283, 68.87088108194298, 30.869661361301727, 66.99033516587966, 90.01026947044834, 56.39456947774968, 47.95484375390409, 89.51057099415546, 67.06913707923188, 25.536276319830797, 21.397163133298218, 72.98306459201217, 89.36134796448792, 108.68498392034904, 80.85428460723321, 88.35094254155922, 90.127979320366, 90.67444377396114, 18.086212396791222, 35.96367906501763, 14.801504804319961, 56.73562822452306, 34.00514974398535, 70.01837045429298, 28.121984567577808, 74.12974370752599, 101.36650442693369, 64.81537051105036, 67.32480443218361, 70.56635520475629, 17.540862351448684, 69.94507200020627, 51.16184683780588, 70.70136143392926, 100.67681855458272, 67.28311613550316, 75.78026499851195, 103.27816583568928, 64.39109955247132, 50.18943022041922, 75.71338063258432, 77.5715691829394, 72.96746164833391, 38.49598951585906, 84.59318795781496, 95.57464370484702, 74.81300315421302, 4.807217808250723, 85.0256788434594, 89.06978901364826, 67.13601895003075, 46.399276100285945, 11.394391883304218, 78.15930888529661, 33.76063483593367, 95.1129092553222, 24.713525425983963, 98.10109583410791, 36.09473495643576, 91.78917005748977, 76.72729743484832, 36.78617333653346, 67.37694200472441, 74.57443064206099, 112.95486008147805, 83.3360075777187, 89.28795495929552, 11.979745347492223, 32.61869535192114, 65.09165177304374, 69.4312965950732, 44.84304169867344, 81.82483704673314], [60.88850589534949, 66.00299986892502, 0.0, 51.01396814574157, 27.803891305839116, 11.30175361314051, 89.62357680708088, 26.073767251734182, 23.833479715745064, 8.08867326737863, 67.27877606245893, 10.82066223450291, 45.02785739576369, 12.43358677299713, 47.37966886899218, 63.51023732915731, 60.07911456824868, 12.414171909558526, 78.29031721050416, 25.556476830870373, 28.463772289066508, 42.005442073407664, 83.74622177537879, 33.402203905817196, 34.523352617885266, 22.324087703055078, 84.5982176351263, 54.76062610066797, 49.88051824121694, 55.829537519218114, 51.93860084523695, 44.30619114248149, 63.6761262053027, 32.45850665614512, 51.39055052759922, 83.74993466870164, 56.83533610018652, 48.793800799694935, 66.06029517048219, 51.49181304313519, 11.047932998963871, 32.31220260060167, 38.81141671758944, 37.88150465552452, 31.357517004744516, 60.60366636538175, 55.59962268430969, 65.45813214328079, 24.65989058750319, 48.89114842537242, 46.923989925121646, 31.328996638444924, 24.114311253633833, 53.705501849796164, 8.793726050129791, 16.194031130081928, 55.960791793533524, 14.829551567611967, 51.16631671599348, 48.39108597645453, 49.65404955642984, 40.94847564000614, 28.23724660196009, 45.04653804442033, 31.35759661966911, 46.37306987036516, 70.21738648230874, 73.19767835346546, 35.90438365030392, 15.575442535963502, 59.37578646568605, 56.48573026842149, 13.100947324286526, 65.2475147137222, 34.18152908567158, 47.41054033626287, 45.18537203016441, 31.451290948847834, 64.77029825172407, 65.53188441025223, 53.677218257728306, 77.76186193569777, 70.05700028417999, 55.96044762232998, 17.334690365507115, 24.546118287896775, 54.41272928897625, 43.23118818105083, 12.047991644373635, 23.261973408056313, 36.08369183994302, 92.51528797220858], [84.43243747802246, 96.5430351351328, 51.01396814574157, 0.0, 41.175199936361096, 57.45423680271447, 72.33201028083806, 75.33673870056921, 29.039016748895033, 55.18966767937112, 24.448980534186667, 59.92434992051318, 11.46862011054095, 58.77737384192804, 17.12648277561457, 60.449183061695344, 42.381769709462546, 38.89470762595942, 46.67975237972969, 75.936348994219, 78.92843852112624, 84.98499273732962, 72.24441452861991, 21.06057202237258, 40.22122261682816, 52.255540057119724, 55.069736509537904, 39.613776530781465, 71.75518454165459, 77.37478637738428, 31.077403398445885, 7.476627609992746, 13.090353535596961, 79.6391729712052, 12.20710520660345, 53.36322332660945, 15.79623434264082, 79.14734310493638, 75.31121970499308, 85.67457112747866, 50.33635500716745, 71.4489412571108, 26.951486894743727, 73.51816513921102, 80.85528914618921, 10.429519794348531, 42.537468437816266, 49.98734809553849, 29.159471214934392, 80.13293880509092, 30.62012298279891, 45.46086270491794, 73.96681992798864, 4.229538908920243, 59.092869505108524, 62.25864535978754, 6.766972341125519, 65.73606734193922, 52.47664704208806, 25.205852223008474, 24.033255031871757, 24.34411444162184, 62.693189077858996, 12.448808423784143, 36.88209403397923, 24.857724827934433, 99.07630573008028, 43.30450367959569, 16.33922559313236, 37.19107028432054, 61.718179451321895, 91.4148420494805, 53.41464820403746, 76.07218389004218, 27.828226040972538, 88.19976267440906, 11.75627461308048, 63.27210494167694, 25.375100105714655, 41.38542619368428, 64.97418699520611, 64.34525203028308, 48.78982653435851, 23.643777165746332, 48.04839927643696, 39.065046777526895, 85.11713454397098, 64.09495906282854, 62.88417185518892, 30.699128378430597, 51.72887968890161, 72.39087949079963], [45.1715330792183, 55.87755706792293, 27.803891305839116, 41.175199936361096, 0.0, 25.398095979514512, 61.81974553093265, 41.41777639174926, 29.99267683365584, 35.81442628285164, 47.57625637313281, 29.55927162829375, 41.93040810289284, 40.22611049428817, 28.909676635810495, 36.299312128329916, 33.01707324819167, 25.117462148681724, 52.73724882523188, 43.90543914794762, 52.93795605116379, 45.341038150657646, 56.12330341683885, 35.30366290965477, 6.793327220716607, 12.844488944983857, 58.166832429979415, 27.780673506733294, 32.32862058293295, 38.43947168371007, 27.068001289060895, 33.80282261594175, 53.85469383572096, 59.533399617521006, 34.99735518735756, 57.54956955288897, 38.89883322011843, 38.141337448797294, 42.59504707875625, 44.50255851125453, 18.592175200995108, 31.456376792628454, 16.831684081708655, 32.58751320738986, 57.01778437528902, 47.48968727839116, 28.19540997224436, 37.82070524299178, 15.381597786677188, 39.059454012801524, 22.06894459640739, 5.412321870820357, 49.91011838018349, 45.18811465010396, 35.77643968051029, 43.994734292986394, 47.802024698478, 39.59072573474612, 23.965215790163402, 25.79356265179252, 27.5503632359478, 19.91460038548551, 22.31906537133547, 30.003644577037328, 45.24841478706281, 24.06139318384202, 58.80836830353434, 47.5955623471822, 33.54595914303258, 16.434966405131316, 33.0493173125425, 50.244291989068785, 39.44854516252358, 42.41172056773415, 41.92674346109573, 47.704374054049225, 42.28929779350566, 22.30668850619037, 43.86376399416922, 39.240279229524226, 30.10961755809919, 49.976647255467974, 42.88697670327958, 57.38897404946852, 40.16548214776842, 40.617029861076794, 44.19492712922471, 24.378484087334215, 37.5544364199771, 14.623145760267604, 12.426759155198127, 64.75023494318506], [50.595833512916776, 54.87419285100859, 11.30175361314051, 57.45423680271447, 25.398095979514512, 0.0, 85.63072662419319, 17.931245408341233, 32.96560051731538, 17.114419026600512, 70.45409519329151, 4.332018456238516, 53.18034395433757, 20.241782353020586, 50.59508729997251, 58.14569395435098, 58.336443966034, 21.548839914395927, 78.08004192677465, 19.23732778799926, 27.654472419184966, 31.04580948892553, 78.82300665309795, 42.24094875121695, 32.01899164940444, 15.299860133864712, 83.5536002319493, 53.1426318984715, 40.37126522770061, 46.04431198537843, 52.094288006185884, 50.24880331409151, 70.47355695925806, 35.488434597388434, 55.575565989983595, 82.94752639306097, 60.57019956547722, 37.97440196762328, 57.969366053609406, 40.27670897370942, 7.540453508226841, 21.04131414804487, 40.107981087568646, 26.775230019495435, 32.01222062110457, 66.25043473859316, 53.378390637604284, 62.64766985295571, 28.75679234950802, 37.96609122782281, 47.01341573044431, 27.094009179941086, 25.157907885296147, 60.642461172948636, 13.760530045086698, 23.03316885652268, 63.072027299370816, 14.932474170925554, 46.158566292029654, 49.77931097236961, 51.32455609747667, 42.78372595686532, 17.93869104821121, 49.47298182561148, 42.3974969633579, 47.84413384643069, 59.166560174760036, 72.93538285831255, 43.77857080640566, 20.26558972506792, 53.1997954805377, 45.20683864413471, 23.399526710264755, 56.902845450114164, 44.36454220953089, 36.238680183757474, 53.397283706239165, 21.428382887141, 67.33607294909702, 64.63698464373515, 46.06045721682992, 73.57017839347603, 68.11929261577845, 65.50705101544517, 28.53150462696983, 35.66623112819632, 43.423582014198566, 34.501382950490466, 13.619190349081393, 27.19150739932168, 29.941048216182608, 89.00099280562075], [62.14185458907479, 76.823233680699, 89.62357680708088, 72.33201028083806, 61.81974553093265, 85.63072662419319, 0.0, 97.72692331457932, 84.75928647311419, 97.6217926157472, 52.77053992314815, 89.96269288082868, 81.92957458248424, 102.04367064680098, 57.02242259059649, 28.574594961874894, 32.12751750184144, 85.05838680376021, 29.75217671097242, 101.46258578069094, 112.99067435252687, 90.72704684846664, 9.875426159517724, 84.18443305854994, 55.13261888121136, 70.43510492717377, 23.250889330672532, 36.92860018792487, 58.03569474203275, 57.985227759895906, 43.696883417547454, 69.78168536926553, 76.75170595805368, 120.9108646277795, 60.22290168960907, 25.06657573456687, 56.97847741537223, 70.1744554628867, 40.954340782131766, 77.55949139689106, 79.88634037601616, 79.99871293316623, 55.75926725217983, 75.91539226958268, 117.59526904532623, 68.25143025470133, 35.09764950452505, 25.023305200032407, 70.39364146970814, 71.63435108913242, 47.10796905481101, 58.74768049753841, 110.78455736938507, 75.65467061418525, 97.43248715301415, 105.81272379494725, 77.1882788417152, 100.50229540031452, 39.606796326123586, 49.846804419839046, 50.120110131257306, 55.64341073841838, 73.25991975605592, 62.76639341808739, 99.81717185709252, 51.296291096432846, 75.55240074762537, 30.608624365179487, 79.44472469375215, 76.64358966750007, 34.90426819739382, 81.04528236039103, 100.88275121449418, 43.172381227358706, 92.84141313765711, 88.68079693149653, 82.33094241101016, 70.27341599711812, 49.24947788216242, 30.995305585738926, 45.27839864980304, 12.084313863725628, 23.673280420073098, 95.97392683145523, 100.3845347134959, 97.60181799901034, 72.3870087585961, 57.39155207731256, 98.79946260515159, 70.92558964005435, 56.03651025776753, 5.085199167254962], [51.34759176332631, 50.4288316143201, 26.073767251734182, 75.33673870056921, 41.41777639174926, 17.931245408341233, 97.72692331457932, 0.0, 49.75275799771768, 27.113035053621857, 87.96634619959815, 15.651645069587511, 70.59743681178925, 27.38571607881513, 68.24139084026592, 69.28839365547593, 73.28832405831206, 38.20090704010678, 93.82513451587877, 4.632615860458989, 18.763627091873154, 20.448170405343035, 89.88987291232932, 59.26180435239273, 47.4826574634742, 29.10230164078367, 98.60509935652165, 68.33403874366203, 44.783922200007105, 49.032407976863205, 68.4848470800487, 68.16524654160595, 88.32472668660078, 30.499313685886396, 73.3933971144262, 98.19762935037427, 78.28057384703497, 37.392400756753744, 64.52285036691771, 36.00066022325625, 25.332111226200137, 19.838484497955953, 57.28902564240667, 26.065660135116993, 24.10563121047159, 84.18139220035056, 68.07942629186279, 76.54565913086641, 46.67791650032459, 36.6998747302011, 63.48092265577836, 41.60847474602981, 20.29640880235037, 78.4540231221197, 21.650408971500426, 27.72177275062266, 80.85224182543189, 16.01762738035315, 58.35626348873919, 66.8205624125169, 68.46008038863, 60.10998091592942, 24.52187435425214, 67.3449017639193, 56.56275956864457, 64.95084343788533, 55.183642534480974, 88.71157506487397, 61.270870594061286, 38.15216749290998, 63.425377714466, 39.2420884289525, 33.359408413780024, 62.962987654513924, 60.20144321343202, 26.865893442278946, 70.78871705288576, 27.74158953220952, 84.65947544760901, 80.09948074396951, 54.33498916984475, 85.69437394468365, 82.68092509831261, 82.03205052724864, 40.31487493325141, 49.68904407205502, 41.06969624543465, 41.65259630738689, 17.948957824911094, 45.1112632698814, 42.10029056922225, 101.59404931553766], [73.99953656626553, 82.67284808375753, 23.833479715745064, 29.039016748895033, 29.99267683365584, 32.96560051731538, 84.75928647311419, 49.75275799771768, 0.0, 26.516193832697674, 49.60345237043808, 34.155278684132604, 21.397182614157497, 29.850969186778553, 31.565846518552608, 63.62180309845334, 52.717833825060325, 11.558338233285243, 66.2296974419358, 49.387234339385124, 50.42033132938665, 63.57861150151053, 81.2910937138486, 9.576323111185372, 34.08690431158704, 34.71850603736412, 73.8244379612536, 47.833221918226, 61.413438078684344, 67.64196346116155, 41.72274953824076, 23.606567267161147, 40.884305710467366, 50.60015893748054, 33.15542545704303, 72.54054128102274, 38.91259681558042, 64.60183528981312, 72.45189379965228, 69.32166472763552, 27.483093863383417, 51.62143169854294, 29.000042420758263, 55.715590075391425, 52.00007708430029, 39.31187919611217, 49.82670905752125, 59.77190124288629, 15.455955467227339, 65.15059190747515, 37.72898295636914, 35.38794386085845, 45.269568601153274, 30.997508630919558, 30.933495018315018, 33.24952646666549, 33.008010257540334, 37.817687541552054, 52.023810101406234, 36.19064564823578, 36.65539698978949, 29.37318450494998, 44.56775483080321, 27.14059013149563, 15.649026572735057, 34.36848815909036, 86.25175160898931, 61.57735628258635, 12.830181365849247, 15.538215106303163, 61.765489718525075, 74.86117608173448, 24.377211216266858, 72.35855678203691, 12.446462433343372, 68.16858243899908, 21.517255972599795, 46.60972953899642, 48.35406696476, 55.82646879642396, 60.05825667683005, 74.04915870153683, 62.10181437810651, 32.5419324183587, 19.42000714061262, 12.966466071264941, 70.69310463172609, 53.57347988899246, 34.9449572380867, 15.660736182918427, 42.31930618700953, 86.46156248302586], [67.68524638776779, 71.68771250354614, 8.08867326737863, 55.18966767937112, 35.81442628285164, 17.114419026600512, 97.6217926157472, 27.113035053621857, 26.516193832697674, 0.0, 73.23939356700896, 14.654574570999996, 47.835122383143016, 4.474285676943739, 53.56851652978491, 71.59889076491748, 67.78552366990431, 16.616756735290302, 85.52525939730405, 25.206173425034013, 23.907180740588633, 45.52912214784598, 91.81948662799543, 35.85970739006056, 42.493615773039814, 30.123626554701328, 92.049857406324, 62.467113397990445, 57.15329278888742, 62.9673376405556, 59.22481076950365, 48.99226072834615, 67.36341683641173, 25.512914281375444, 57.02007592838489, 91.13809856322698, 62.62597990238252, 55.05677278985817, 73.86263779824148, 56.96373722828548, 18.91869574199297, 37.68666688154364, 45.90910741270707, 43.710572968331526, 25.69857487473408, 65.19468288215543, 63.41583348428988, 73.33825591422853, 31.10941325783049, 55.00570769895067, 54.27728875614557, 39.416540961705294, 18.788487973872087, 57.43529477615007, 5.480805242100437, 8.370765314829834, 59.50391435594136, 12.140316673345456, 59.254064793557795, 55.31579220169823, 56.459780757382475, 47.82285607061603, 34.97616306940232, 50.66008256794054, 29.772532913479417, 53.294682262182526, 76.07334618027919, 80.4707963527705, 39.280979624080246, 22.406084752880133, 67.43991333230652, 61.62258770968784, 6.576858626865004, 72.98346111478705, 34.64020086899194, 51.410259123470254, 47.927399405507316, 38.382790729954316, 71.04289237366268, 73.01723254390708, 61.558490373764265, 85.78999194951476, 77.76595339145769, 56.85860529081749, 13.202258599500647, 22.97740370334748, 60.41288139521049, 50.79667372964875, 9.487120998208233, 29.85860546991512, 44.11166492215516, 100.45227453946862], [82.23082822825107, 96.3666625873123, 67.27877606245893, 24.448980534186667, 47.57625637313281, 70.45409519329151, 52.77053992314815, 87.96634619959815, 49.60345237043808, 73.23939356700896, 0.0, 73.90426893384009, 35.887651724748075, 77.37325535898437, 19.96743388360946, 49.830953590007645, 29.484338048510022, 56.719594410435356, 24.06506217841517, 89.69137381472657, 95.69705799822668, 92.61146038997936, 55.218393730308144, 43.77626723083444, 43.162754470284185, 60.39943968256301, 32.36124241127738, 29.932018742572957, 70.86648270924584, 75.29577297204085, 23.405689744644047, 26.52244701106677, 24.41948587401369, 98.67629731282655, 16.472906556532482, 30.49626707063814, 10.722348866941045, 81.00639749057333, 67.68329434573462, 88.53604620783457, 62.91434612028088, 78.74313378233556, 30.865990394344493, 78.80377728190113, 98.56253966255554, 16.629529951080194, 32.642913152011246, 35.51102002965125, 42.65131989357469, 82.27590560111061, 27.026622624265567, 49.619647218985634, 91.35608828957027, 26.209711510977478, 76.01089613203365, 81.16763667266868, 26.84152644098425, 81.92030775673358, 46.70908850327032, 21.976235768532398, 20.131818548468846, 27.917203986437702, 69.5719579785487, 22.71290102706127, 60.417114925830504, 23.5562459225188, 97.80369405580639, 22.16493144319661, 38.508179854442275, 51.78549412671648, 53.577637231150284, 94.01493268861722, 73.06772704612044, 69.07099998107002, 51.56750315584704, 94.27073020763721, 36.19026549678374, 68.85150903853032, 4.701631352988835, 24.533204664452025, 60.50549896425375, 47.598165545312625, 31.255862930614626, 46.29798421519862, 68.97384509639978, 61.454104219850905, 86.31281070097086, 64.46184291018437, 79.25116083819734, 44.10500762962416, 53.648153443420206, 51.689699723440825], [53.715804172325704, 57.068089989192806, 10.82066223450291, 59.92434992051318, 29.55927162829375, 4.332018456238516, 89.96269288082868, 15.651645069587511, 34.155278684132604, 14.654574570999996, 73.90426893384009, 0.0, 54.94739298631957, 17.11235894373454, 53.97378596416951, 62.45517197377222, 62.547544148981416, 22.596982882385273, 82.15024748520844, 16.069675548690636, 23.398992842747944, 31.420593014030516, 83.1412016232218, 43.63469974335868, 36.23100075815286, 19.61471808976549, 87.72545043568239, 57.3335676605201, 43.96191598569206, 49.47956516171441, 56.06507501192949, 52.860807517937765, 72.8483006738548, 31.194193244648492, 58.73191461806247, 87.0932247381829, 63.859764933137434, 40.70545764979366, 61.93845156783988, 42.3233635871423, 11.242564122722692, 23.063811319058505, 43.83532947250709, 29.195153074823722, 27.692123734687826, 69.01420175082146, 57.622192335631475, 66.93988839865692, 31.731214077591996, 40.56889004274185, 50.97720134907923, 31.4041194879277, 20.826513699888835, 62.93994814536639, 10.395825474984465, 19.497028955243017, 65.30883887196323, 10.626720039241668, 50.486234514323236, 53.53732623346197, 55.03563699223862, 46.4228869382525, 21.372932137710215, 52.538063989617065, 42.0989591084871, 51.57881918278173, 61.48941695506529, 77.0058285894917, 45.63101721057154, 22.875107591949973, 57.46233538495965, 46.97139477498502, 21.195684945382062, 60.813459738875686, 44.939061099672976, 37.0555640107337, 55.13761595764079, 24.957603871762807, 70.914386231817, 68.77178216960682, 50.1556352204537, 77.90215520463921, 72.35835008118443, 66.55232567068083, 27.092699302174676, 35.251894333326256, 45.904613898269574, 38.39727055937039, 9.518590522071005, 30.184697607790707, 34.246746593382575, 93.32812254881976], [86.86999696828119, 97.75124307562082, 45.02785739576369, 11.46862011054095, 41.93040810289284, 53.18034395433757, 81.92957458248424, 70.59743681178925, 21.397182614157497, 47.835122383143016, 35.887651724748075, 54.94739298631957, 0.0, 50.94396146584037, 25.042389788536084, 67.19330504688546, 50.81907456068729, 32.61541605357732, 57.551116911452596, 70.54582749470217, 71.73544297521413, 82.66011555338031, 80.95750305080861, 11.995450814646293, 42.831916697701, 51.07580101091799, 65.87924060724598, 47.273125523879976, 74.01343171789556, 79.97099404101992, 39.058705150323036, 12.218829754017818, 20.221953252490525, 71.1040703469696, 22.088028468279273, 64.23450281923014, 26.705134995923178, 79.86030995948697, 80.36174022144928, 85.70972108695875, 46.73135776418129, 69.72771832573528, 31.2982360142427, 72.74792810551868, 73.08137181317105, 21.271677251453116, 50.02654688427744, 58.49527396024718, 27.420615309144374, 80.67850148023578, 37.32864174567023, 46.92455426098147, 66.50746407855192, 11.138439459961749, 52.33066074369312, 54.127594817164244, 12.43319003038577, 59.210542863519464, 57.77744240615002, 32.821546347678556, 32.133022818291124, 29.502174796208173, 61.57093627188791, 19.34333362805904, 25.990166367483788, 31.879932106058547, 100.73870962071157, 53.87239436759953, 9.42710577338063, 33.44183523876567, 67.46819220752622, 91.42668172599684, 45.03712628090817, 80.84012185289492, 16.92315633190849, 86.5831640613591, 0.41824705554123326, 62.79246795297269, 36.550177607568116, 50.97250752793606, 69.08763829328772, 73.12546084591658, 58.25668161317237, 15.94379126886498, 38.933938712504904, 29.085813446646274, 85.96477846457115, 66.10860671902327, 56.33686628285736, 28.729148046012746, 53.755804652054806, 82.38094648578462], [70.75083157801632, 74.01376341101542, 12.43358677299713, 58.77737384192804, 40.22611049428817, 20.241782353020586, 102.04367064680098, 27.38571607881513, 29.850969186778553, 4.474285676943739, 77.37325535898437, 17.11235894373454, 50.94396146584037, 0.0, 57.79277726457657, 75.88739355774108, 72.25959703808836, 20.656392092774915, 89.9567838455652, 24.785815575316445, 21.059602489951097, 46.762551254615005, 96.17029822044046, 38.95031229505053, 46.924932901767995, 34.05929595285565, 96.50979410634216, 66.94111174237236, 60.586079165552015, 66.28602598761753, 63.6699025347884, 52.78313669189162, 70.72270630707071, 21.303071861548123, 61.08232143924902, 95.5907540581965, 66.72488515707286, 57.81781239289497, 77.70765395092543, 59.22615291320411, 22.985888310269154, 40.06199631225605, 50.33378679919511, 46.28279777200552, 22.15896931956861, 68.89717916340783, 67.88339965159078, 77.79721797777056, 35.44715822073495, 57.6737183804672, 58.731944981274715, 43.72826690826872, 15.649893292066565, 60.84846467727023, 6.741865862770785, 3.9135406046235195, 62.83651115567243, 11.47017379828836, 63.55914896729741, 59.70416762355896, 60.82391172988028, 52.208298945918685, 38.17303556579217, 54.73337882545664, 31.1186529190015, 57.68400502423013, 78.49328963333569, 84.90911220496807, 42.67986337435162, 26.832985579071078, 71.62486017035316, 63.65670889361923, 6.635560574985232, 76.76563915929525, 36.89789568639926, 52.85138163239091, 51.00937906792075, 41.66949698147541, 75.26660693642681, 77.48203870297989, 65.49633200302438, 90.19284019101032, 82.24008328670601, 59.06719675778289, 13.988691431581334, 24.574644114094426, 62.98260282331115, 54.46998095152922, 9.508939808663207, 34.22694047820602, 48.2466957855595, 104.89875276736005], [68.92173179564818, 81.87053791154716, 47.37966886899218, 17.12648277561457, 28.909676635810495, 50.59508729997251, 57.02242259059649, 68.24139084026592, 31.565846518552608, 53.56851652978491, 19.96743388360946, 53.97378596416951, 25.042389788536084, 57.79277726457657, 0.0, 43.32471148343911, 25.811719597676742, 37.220578055765515, 34.895743649727606, 69.82516447603699, 75.76035528201292, 74.24324869844055, 55.9361432164082, 28.099890882475886, 25.87497582667213, 41.462509857087696, 42.79232968461417, 22.601790966561687, 56.554707034001574, 61.83101197835773, 14.153841593944955, 12.825510470398047, 27.253243022555523, 79.07090477347464, 6.481456189200041, 41.37312484280347, 10.101997668113487, 65.17430320475628, 58.44039723405735, 72.2455535971703, 43.05675665746442, 60.36399722775646, 12.257392985836711, 61.23753639453851, 78.70985941071855, 19.50335585181055, 25.48625695051732, 33.488175690728006, 22.723236844468634, 66.30232801280474, 13.565587865243776, 31.97346881497289, 71.48400384751004, 21.226797309205047, 56.13873864379936, 61.63680385369523, 23.519085880991568, 61.97163518543395, 35.65419733043191, 8.097144966325974, 7.123769343569491, 9.14581945233605, 51.22732378071277, 5.744494842016581, 44.689345120415474, 7.810418905280034, 84.00787409762832, 30.491152627722837, 22.97954852862694, 31.84717706410612, 44.69712268593089, 77.91247969705373, 53.864328436736, 59.30061318616449, 36.70815431336198, 76.52405792993332, 25.45250831698545, 51.01737403766192, 17.475287609841892, 26.228608790849897, 48.59548988598253, 48.09092927333691, 33.37144504179703, 40.00166543639954, 50.44173876231381, 44.2427638231002, 70.91283319012888, 49.25886496979221, 59.31836391292289, 24.156546954494914, 37.291579742186954, 57.732343625032605], [37.46429990077674, 52.65415380207978, 63.51023732915731, 60.449183061695344, 36.299312128329916, 58.14569395435098, 28.574594961874894, 69.28839365547593, 63.62180309845334, 71.59889076491748, 49.830953590007645, 62.45517197377222, 67.19330504688546, 75.88739355774108, 43.32471148343911, 0.0, 20.348464180281116, 61.15445323359505, 36.87645459544925, 73.1265623835073, 85.07358136955439, 62.462932796544514, 20.739522237429476, 65.70182600550797, 30.28905068364691, 42.84608685877203, 36.85785632973977, 21.149998315290564, 30.500187498297173, 31.853812876374043, 29.63285779852734, 55.37317798248314, 69.21505511553529, 93.63052888201152, 48.83386837084425, 37.48953956682451, 48.307312032217425, 42.79034236121086, 18.568387845954824, 50.506158522137014, 53.0886265028775, 51.43179547689693, 36.41630340264857, 47.50104054976754, 89.84278330234572, 60.57993087187122, 18.164475120790296, 15.481269582745647, 48.23119350167874, 44.268037673464804, 29.99800530831797, 32.18954357568318, 83.2319673689618, 64.51404750338068, 70.69303726087213, 79.49408767599, 66.71750320893406, 73.07717743785985, 12.369418805020707, 35.246891885628905, 36.52219142163108, 37.75689446389409, 44.777511381125315, 48.45444326401394, 79.26211631372726, 35.68533568996381, 52.59685761927275, 33.46131737974724, 61.91059311705034, 52.43901628018143, 6.677277080192565, 54.660810933040445, 75.66582210189145, 20.35421857347132, 73.87555733154241, 60.863509327290686, 67.61111834411946, 41.7266952685889, 45.17496241168995, 26.285501361140366, 17.360810008816117, 16.78540633136854, 22.38426038381092, 82.86449576336116, 76.38585028195648, 75.68531653647665, 45.93325332010703, 28.90833109869165, 71.6118393839039, 48.295617641071665, 28.209239627980256, 32.79077123924287], [54.60382347127602, 69.41357106316562, 60.07911456824868, 42.381769709462546, 33.01707324819167, 58.336443966034, 32.12751750184144, 73.28832405831206, 52.717833825060325, 67.78552366990431, 29.484338048510022, 62.547544148981416, 50.81907456068729, 72.25959703808836, 25.811719597676742, 20.348464180281116, 0.0, 53.88965445663542, 21.17443107036334, 76.27622396346045, 85.94175405720647, 72.01473241608313, 30.139324837036813, 52.13688844782613, 26.31867469816488, 44.25017849211424, 25.33051107935193, 5.319525387035239, 44.612416450296706, 48.01741816833394, 11.814079588878316, 38.60523168360171, 49.70747153364103, 92.32570949658965, 30.25143476963786, 24.922297288315537, 28.695230762081025, 56.103561907285304, 38.369046344086264, 63.9722305438607, 51.597321081775206, 58.956315630757004, 23.755305454158208, 57.02480762079101, 90.02741307848379, 40.97048536548056, 5.333746342427586, 7.6773844068807575, 38.77339901584154, 57.513825487894515, 14.999483883857083, 31.71318489088049, 82.8976687507475, 46.18416079375325, 68.46348638278509, 76.13818920309443, 48.145249157641395, 72.59208796938837, 19.40802691697576, 18.074131583275143, 18.69400560929907, 23.515949283442534, 50.43833493803228, 31.47611935936519, 67.6927256440105, 19.329139084360193, 70.2156777820275, 16.379485358778325, 47.51027171018514, 45.85692571794011, 24.41777555160117, 68.985033023529, 70.27185879226363, 39.8749957505631, 60.77293517528982, 72.09508522991239, 51.23192865141816, 48.461548513095856, 24.826712940578915, 7.536555078745439, 32.66492749563406, 22.33151077795621, 9.98100560406107, 65.73457724686696, 69.03987872677097, 65.61743348298674, 60.624558592617056, 39.744821647084414, 70.49321588230275, 39.47313603893952, 32.16205516575496, 33.773003561702666], [65.88337509877684, 73.24669754676815, 12.414171909558526, 38.89470762595942, 25.117462148681724, 21.548839914395927, 85.05838680376021, 38.20090704010678, 11.558338233285243, 16.616756735290302, 56.719594410435356, 22.596982882385273, 32.61541605357732, 20.656392092774915, 37.220578055765515, 61.15445323359505, 53.88965445663542, 0.0, 70.19868530447759, 37.94191208249146, 40.06236386792922, 52.42133762566628, 80.33741270548269, 21.068618533368753, 30.87585418646896, 25.835060184072127, 77.1524314624244, 48.65568955993282, 53.76149365170241, 59.97343343020213, 44.23051532416436, 32.4653239690596, 51.39589089436042, 41.95815240368874, 40.43320724006155, 76.09658241929873, 46.0686844380132, 55.33936228408097, 67.1796937186161, 59.37963483819784, 16.78439836433933, 41.02142566984342, 30.772621410079797, 45.63166842194875, 42.26103491919267, 48.727449421818264, 50.074932303285934, 60.18222051621847, 15.437709865208788, 55.729279141282234, 39.52099708340498, 30.04215795133398, 35.21961676478154, 41.4230289016201, 20.198629942726996, 24.452685802469137, 43.632412128353366, 26.88311583415322, 48.93277052602735, 39.71300333679325, 40.6765009464245, 32.25548181546327, 34.76453892750315, 34.080257938203694, 22.357306651961657, 37.71350483861024, 77.08877290662078, 65.24717248798295, 23.50926206023619, 8.721552089369656, 58.16407693593643, 64.76784038864183, 16.829595336806122, 66.76355815073774, 22.898939991885783, 57.26199506718316, 32.775648854585945, 37.257708700568365, 54.677936303595374, 58.34442375311413, 54.580487745036706, 73.64759772107955, 63.75975051323667, 44.02363904564677, 15.36033630315623, 16.42950500535462, 61.320482317238536, 46.244459804051885, 24.01877080243067, 14.4952040818404, 36.363101437460166, 87.38762846047275], [73.91470528725326, 89.01951641821589, 78.29031721050416, 46.67975237972969, 52.73724882523188, 78.08004192677465, 29.75217671097242, 93.82513451587877, 66.2296974419358, 85.52525939730405, 24.06506217841517, 82.15024748520844, 57.551116911452596, 89.9567838455652, 34.895743649727606, 36.87645459544925, 21.17443107036334, 70.19868530447759, 0.0, 96.57163498204008, 105.38231888363163, 93.18909917242351, 34.31699556544589, 62.856885559453026, 46.37368548429318, 64.72521150190147, 8.414584962933771, 25.64316925276518, 64.99797886761435, 67.74581248469383, 26.353118080209367, 46.25531229308425, 48.48401445014078, 110.74594913332244, 35.607187791754534, 6.6871050164809125, 30.913345943349785, 76.81820154673474, 55.30287135497773, 84.71036381969286, 70.96696252180594, 80.09259740875561, 39.62612913918499, 78.18846463249885, 109.14134212321359, 40.48253182991599, 26.49767308432703, 21.700256835226845, 54.78287259197418, 78.25423486673789, 31.394299408516982, 52.26474587150664, 101.91229256318658, 49.276060205699956, 86.9700212498065, 93.87023201799146, 50.32134121455051, 91.74675559726059, 40.05093488772826, 30.509731227743252, 29.715817882456665, 37.94327331619483, 71.48184063611876, 40.11570717439578, 79.54967756123827, 32.49463145751932, 89.30172272726426, 5.144789883329282, 57.62928365457391, 63.12386531982863, 42.70604907268073, 89.54133346661244, 87.01484887909602, 57.18443252500963, 71.35397823320395, 93.19979552364869, 57.911355919259854, 69.59887944967734, 21.520181835437338, 13.835726983188382, 52.39020190830882, 27.75521641445136, 14.511537256907719, 69.73321111546285, 84.52003967227981, 79.05160076831515, 81.01920662077181, 60.689207866448605, 89.43650340359238, 55.859414509752476, 53.28088678163889, 27.97248586287993], [55.97396925695163, 54.93470887108283, 25.556476830870373, 75.936348994219, 43.90543914794762, 19.23732778799926, 101.46258578069094, 4.632615860458989, 49.387234339385124, 25.206173425034013, 89.69137381472657, 16.069675548690636, 70.54582749470217, 24.785815575316445, 69.82516447603699, 73.1265623835073, 76.27622396346045, 37.94191208249146, 96.57163498204008, 0.0, 14.133397190671756, 24.660092338674247, 93.79302520231157, 58.958274299798134, 50.20560327844334, 32.03556114930369, 101.60593861166961, 71.23209410773849, 49.24647433134376, 53.59050057432036, 70.91849995370981, 68.91389977424649, 88.812014891172, 25.933555649704964, 74.72569106181727, 101.13110303224968, 79.78028814413938, 42.020877546499435, 68.9023486524921, 40.57589882478304, 26.77749025109347, 24.37278112085801, 59.2684943434069, 30.656980548522064, 19.47439757017484, 85.08223151839135, 71.12937770734153, 79.83964178240107, 47.77048845779298, 41.332302005129655, 65.86858061229383, 44.56749408510717, 15.933740347949975, 78.87752550329921, 19.75300215970737, 24.577426331842403, 81.21164615739123, 13.337610814718843, 61.96049901133039, 68.90225265151805, 70.48193838193828, 61.98851626900765, 28.490897118934633, 68.56495331095292, 54.96044656724533, 66.98846448666166, 59.70216371134457, 91.43939859333362, 61.3390446084081, 38.94449909038407, 67.38459573081683, 43.697068754709456, 31.096399534148865, 67.37774096434234, 59.229519242357746, 31.106614436577818, 70.7123270762586, 31.836073702624724, 86.55187193621487, 82.93120972759147, 58.5049561885455, 89.40227911032295, 85.80781356058577, 81.28410648383509, 38.281282647119504, 48.132095956279656, 45.68886581865979, 45.85954914697243, 15.738122284286488, 46.217503264797884, 45.592995090397295, 105.23708960934668], [70.0649766392818, 68.87088108194298, 28.463772289066508, 78.92843852112624, 52.93795605116379, 27.654472419184966, 112.99067435252687, 18.763627091873154, 50.42033132938665, 23.907180740588633, 95.69705799822668, 23.398992842747944, 71.73544297521413, 21.059602489951097, 75.76035528201292, 85.07358136955439, 85.94175405720647, 40.06236386792922, 105.38231888363163, 14.133397190671756, 0.0, 38.24013281078379, 105.8130999798234, 59.75166561620806, 59.628019238139615, 42.585745144116096, 111.08987438297306, 80.7183828576887, 62.900946434628445, 67.48078165704672, 79.16427967044328, 72.5019543599878, 91.23536566295626, 12.1332949988975, 79.85393055726749, 110.42993812729856, 85.29159183521848, 56.12304141064342, 82.2891017574332, 54.644349301370255, 34.43942268870993, 38.28422997614806, 66.53064013633211, 44.666445666933676, 5.343476525345231, 88.78236606476727, 81.02028601380864, 90.29186586640306, 53.04622450394795, 55.45480481695447, 74.07799883819604, 54.71989274531335, 5.555459169955625, 81.29051371542805, 19.905810449349083, 18.651588183097697, 83.38879871023377, 13.81538624123