instance_id,num_cities,city_coordinates,distance_matrix,best_route,total_distance
1557,49,"[[85.53601660910988, 9.082094415720764], [32.52720751659075, 4.842452990795798], [74.52008802837268, 80.07736187826131], [83.10904164635264, 87.08268660379332], [43.34130847861508, 23.345859632386954], [79.7029628585175, 13.902406082491137], [81.3748384348376, 29.016418922968846], [51.00509244394279, 10.772971051963475], [82.47474253619265, 6.840391554117586], [73.67317523683158, 34.71598008301717], [91.97508132659175, 1.1359685952549214], [39.68796613292951, 49.57967299984997], [60.07808177929269, 28.108874884175517], [8.483270963601653, 73.45044112402532], [86.96754142246526, 20.892534662138306], [76.29880735204661, 5.624495551631281], [48.957029308407805, 69.86782903288497], [57.38870262964283, 16.568834723149816], [34.193565677409964, 5.969591996736423], [82.34053166425687, 53.41028701545596], [20.246463849674313, 64.6239127417111], [69.42508913977015, 25.24209161358869], [80.39226548426458, 86.91958886616524], [36.021033418283125, 32.1589853697], [80.69153746248429, 99.99789365557193], [35.178593626625656, 42.54987967871388], [86.37817828936495, 32.93653350968376], [12.73895372127648, 7.964663475458778], [29.347650966636095, 68.76143228007336], [76.79063918662871, 42.47521561875834], [45.71129331282915, 86.10388851824446], [97.69682987730883, 36.923165408337056], [5.696247155033928, 39.9627141530529], [22.63007290264222, 1.6284162066726116], [16.891075591947292, 70.61614929347118], [42.33962703326261, 72.31950504215976], [43.47987590596184, 8.744793114501558], [76.23790615105132, 30.496936476777492], [51.19386151101898, 24.781714445994318], [28.496823730548304, 23.436328369046834], [6.050635615033151, 36.10950499906811], [37.90194618786208, 92.53056647537285], [30.6686024496735, 24.041336609776863], [13.566048539143505, 73.86812938423158], [17.587149965831163, 65.35736050688423], [89.23441725515696, 62.13627655695439], [87.99750503100607, 68.6660078690351], [83.86398176747592, 21.920924119695584], [8.531840668436674, 98.14791793662798]]","[[0.0, 53.178081958820954, 71.84482364494725, 78.03834050747015, 44.540413024284135, 7.567028519974168, 20.3640049439768, 34.572297978287644, 3.79428921792147, 28.245762511000862, 10.227534893149661, 61.17268674534496, 31.782460898961087, 100.40124336616499, 11.896880351817085, 9.863114354184901, 70.94313106209253, 29.125977488997414, 51.43670808850617, 44.443219766259055, 85.71825524638516, 22.819016047091615, 78.00726708427442, 54.628531524192596, 91.04477760763115, 60.464557385683804, 23.86930038319683, 72.805638634665, 81.96801694258487, 34.51930141156396, 86.70850795854395, 30.38108973292275, 85.60374677455249, 63.34599492032087, 92.18767725107152, 76.58262319302746, 42.057493303937996, 23.34631274077905, 37.76058375973943, 58.81762964132921, 83.95478970621254, 96.08669082649756, 56.870133317617146, 96.83442895444308, 88.22671960204192, 53.1829334468669, 59.634735412032995, 12.947248691490563, 117.73854097855784], [53.178081958820954, 0.0, 86.16085845081881, 96.55039082598864, 21.431771671071324, 48.0378459353149, 54.502033679626386, 19.406268983560437, 49.9874785625077, 50.847008570463466, 59.56330856411681, 45.306680722604106, 36.06074126193125, 72.6991535071319, 56.75698263156591, 43.778585435372825, 67.06890914220963, 27.488215070993576, 2.0117633704890876, 69.57155858889028, 61.02982545414015, 42.16158113992766, 95.0143147517922, 27.53905881904932, 106.65064728938418, 37.8005274530555, 60.73882130377525, 20.033052353006745, 63.998011635030146, 58.098848579130156, 82.32400028098897, 72.6378123834659, 44.19652902693353, 10.405926485244601, 67.60671377075968, 68.18677386644455, 11.627089201025878, 50.68311057980893, 27.313332252335467, 19.025671999819714, 40.971177685616446, 87.85267817356808, 19.288637717836632, 71.58260648606857, 62.33184861128976, 80.6119709172518, 84.56003821920478, 54.103036574549215, 96.34151451443667], [71.84482364494725, 86.16085845081881, 0.0, 11.083532774434376, 64.73468653887211, 66.37760892105926, 51.51900133560978, 73.18506408509863, 73.66770222151828, 45.36928718472864, 80.84813148430308, 46.29671416702687, 53.93788265174051, 66.36849619155882, 60.47960704733821, 74.47411058000928, 27.526433333092587, 65.7785480767959, 84.36936625183185, 27.79014610253978, 56.43080162204447, 55.07146156290525, 9.01657020310306, 61.468268342998726, 20.854600797153573, 54.3697075769223, 48.60938185076545, 94.95867431259252, 46.56822234923403, 37.67063585716747, 29.432391617141064, 48.98414065487983, 79.66119528776996, 94.05748639386665, 58.4004933024736, 33.10236264297835, 77.79350959457206, 49.61017518709953, 60.01434385621883, 72.98183016079656, 81.3709920815261, 38.67777936476283, 71.15468301769808, 61.2694826012055, 58.80508376668239, 23.203319312128865, 17.65955178895418, 58.902288605567634, 68.41778851946819], [78.03834050747015, 96.55039082598864, 11.083532774434376, 0.0, 75.12559958950989, 73.25950334178782, 58.09215870631758, 82.78789912778372, 80.24480201359067, 53.21003220006005, 86.4028066445228, 57.37478390477783, 63.31141746272196, 75.86068656962703, 66.30252057487436, 81.74237689616001, 38.2454084553662, 75.05823836315248, 94.72094755650183, 33.68116835309077, 66.75402767347887, 63.336480364359744, 2.721667427682759, 72.34565277982283, 13.139516721300403, 65.42552055580569, 54.24475227412727, 105.88489438214796, 56.7974954360801, 45.05273218489399, 37.41055500937981, 52.23773666640478, 90.62578305710622, 104.69067766237318, 68.2346384131594, 43.360081846276486, 87.79120874904835, 57.001400162029896, 69.9999275348028, 83.86508965135006, 92.3918999858537, 45.534172605728095, 82.00128945454871, 70.7873746710415, 69.02976230156837, 25.6874210572794, 19.054425467129494, 65.16613556610864, 75.39362207872504], [44.540413024284135, 21.431771671071324, 64.73468653887211, 75.12559958950989, 0.0, 37.5679214782042, 38.453928844773195, 14.724507187779063, 42.471827575718244, 32.39292793342458, 53.46515801257741, 26.486975555802147, 17.401318766318983, 61.03729897243417, 43.69515996401345, 37.419827322890434, 46.85968370933634, 15.596709558581553, 19.637104554968285, 49.24235172039745, 47.29957205864656, 26.152615725884463, 73.58255543078295, 11.456771457116863, 85.26766048766068, 20.86682294204403, 44.09255252906206, 34.25033301899278, 47.52259135905625, 38.532972702185674, 62.802762819421645, 56.02558289440193, 41.149368114433564, 30.010042119806286, 54.16728813963063, 48.98388827400419, 14.60172402121186, 33.66487841143223, 7.982748159153906, 14.84476042339182, 39.41452683548398, 69.39820115161461, 12.69177553859395, 58.64354905137696, 49.277204531400585, 60.090547329486625, 63.62461572942927, 40.5477186989735, 82.50483001484774], [7.567028519974168, 48.0378459353149, 66.37760892105926, 73.25950334178782, 37.5679214782042, 0.0, 15.206201106286237, 28.8679949068517, 7.586488764938105, 21.669407039372583, 17.708382698879063, 53.61032864701805, 24.227251457541517, 92.83433088526314, 10.081468110933523, 8.95053503815032, 63.85484316701615, 22.473007169884106, 46.195614197745506, 39.59582585347015, 78.15207298702872, 15.304350888642764, 73.02043631596798, 47.34357028036392, 86.10116294333147, 52.94428391190229, 20.17068437021487, 67.22674547380578, 74.46589951834105, 28.720847375480513, 79.8028048656416, 29.218737314067294, 78.46103253175316, 58.37778340590832, 84.62731149569451, 69.3438989014498, 36.58842713071965, 16.95243513460087, 30.514393490779593, 52.08612443404694, 76.92737192100053, 89.04893374695254, 50.07161284541905, 89.27474114658139, 80.65969592141784, 49.16660333867407, 55.38818926888974, 9.033864614531403, 110.28433660933418], [20.3640049439768, 54.502033679626386, 51.51900133560978, 58.09215870631758, 38.453928844773195, 15.206201106286237, 0.0, 35.42802367862991, 22.203287569551897, 9.581263665751594, 29.827582199036982, 46.482714427472494, 21.316085011742793, 85.36722402291012, 9.862850611825646, 23.936335779813685, 52.151242137903026, 27.023638971774897, 52.50932041436544, 24.41297531901851, 70.74299820813226, 12.531642145118004, 57.91150610262075, 45.4625489095339, 70.98476354425638, 48.13779798045959, 6.356155132851689, 71.79178976620533, 65.4713244299197, 14.218090281253428, 67.31171989676872, 18.136263248861013, 76.46613994023588, 64.81550871682224, 76.73782142644275, 58.30012861573905, 42.97635394008448, 5.346027077685004, 30.476615463062497, 53.17162635896146, 75.65743453568848, 76.96713129398609, 50.94971846640751, 81.30011019930619, 73.41344042765309, 34.039652597056325, 40.198875810599795, 7.519433558034519, 100.4254274547609], [34.572297978287644, 19.406268983560437, 73.18506408509863, 82.78789912778372, 14.724507187779063, 28.8679949068517, 35.42802367862991, 0.0, 31.71441404843418, 32.97134602903527, 42.08814328756955, 40.42322926253575, 19.566622017074817, 75.74015154883313, 37.359112732949185, 25.81237714411352, 59.130337411454185, 8.622210545907057, 17.484275294390777, 52.913613217211775, 62.01626523640995, 23.423315907469984, 81.62054486367954, 26.112901663409307, 94.0338866125335, 35.49999981249838, 41.74300783418552, 38.36904956063671, 61.900778726498814, 40.86473701606454, 75.51669640253218, 53.51589492312081, 53.89742631816362, 29.81215552904087, 68.88375808434884, 62.15356898030942, 7.793740417123816, 32.02701515372456, 14.010015176311823, 25.8260097385272, 51.6027435436827, 82.80094716382253, 24.282140553558776, 73.36675686903075, 64.0016753814839, 64.02866879703454, 68.70256400538723, 34.698464882132136, 97.15121440045655], [3.79428921792147, 49.9874785625077, 73.66770222151828, 80.24480201359067, 42.471827575718244, 7.586488764938105, 22.203287569551897, 31.71441404843418, 0.0, 29.232106026725138, 11.0813752948793, 60.47606479823534, 30.886223404952165, 99.55720249777565, 14.752896927749026, 6.294487944831984, 71.38553757701874, 26.906356213469337, 48.2890290929336, 46.57008885366368, 84.91933813404377, 22.559167068965557, 80.10627037138646, 52.90537102799487, 93.1745674426094, 59.262916261323305, 26.386463113577857, 69.74485091382519, 81.58862140780123, 36.08531165178463, 87.37421329992607, 33.71476272769363, 83.61833296199197, 60.07120084176083, 91.47985923186819, 76.80066275504035, 39.04134179062857, 24.464877800080032, 36.060845592160625, 56.47159318944223, 81.83718666077301, 96.58954525384762, 54.58707412448349, 96.13077419329072, 87.37640027488136, 55.707522836266534, 62.071795030380045, 15.144386686267458, 117.49305132950381], [28.245762511000862, 50.847008570463466, 45.36928718472864, 53.21003220006005, 32.39292793342458, 21.669407039372583, 9.581263665751594, 32.97134602903527, 29.232106026725138, 0.0, 38.24365225807604, 37.093446927481054, 15.115568306477176, 75.82929573252187, 19.178837701532828, 29.209731533246124, 42.97138994900515, 24.38243082234493, 48.836404443523875, 20.605828765770603, 61.22824450826245, 10.38271632181177, 52.634237372048275, 37.73886598041888, 65.65809659154748, 39.28361994801728, 12.829011367686533, 66.54781958820716, 55.891367107360395, 8.362076152331623, 58.50285440967097, 24.124834700889277, 68.17910948259419, 60.829147447335714, 67.17908148687953, 48.947076852231326, 39.826346518819605, 4.937425808425513, 24.57659820500876, 46.56321808259968, 67.63689656240412, 67.98608112983861, 44.30960724139596, 71.73393530788974, 63.91037806944536, 31.528160616685348, 36.848213127961365, 16.357444630795932, 90.92306753083018], [10.227534893149661, 59.56330856411681, 80.84813148430308, 86.4028066445228, 53.46515801257741, 17.708382698879063, 29.827582199036982, 42.08814328756955, 11.0813752948793, 38.24365225807604, 0.0, 71.279274068379, 41.77267352936951, 110.4548112795626, 20.381299238432938, 16.30620863239271, 81.08403935829192, 37.873354067078445, 57.983337829966196, 53.15476378926508, 95.78994528181694, 33.00920045382433, 86.56206518805453, 63.97877028446856, 99.50376168148104, 70.29191309305106, 32.28933651354454, 79.52983711571856, 92.17048536314536, 44.03976189277278, 96.74650121540276, 36.24171439399506, 94.61264924212384, 69.34675693907843, 102.29908810452272, 86.78003332560432, 49.088482960403056, 33.312536940999344, 47.140525946194366, 67.28146277742633, 92.76938406299477, 106.19263847084589, 65.44570448980366, 106.94832226686255, 98.27487731460323, 61.06184414980135, 67.64707914984577, 22.311528683863536, 127.96129386086996], [61.17268674534496, 45.306680722604106, 46.29671416702687, 57.37478390477783, 26.486975555802147, 53.61032864701805, 46.482714427472494, 40.42322926253575, 60.47606479823534, 37.093446927481054, 71.279274068379, 0.0, 29.60999810530413, 39.287995258715085, 55.301990430416566, 57.204993831621, 22.305264117956153, 37.45706230147435, 43.95483592807211, 42.824233211357466, 24.582537713596835, 38.42674007064433, 55.23684732664058, 17.802436716388126, 64.98684355980798, 8.351792294980681, 49.56783234419356, 49.57880885699654, 21.791328707142068, 37.77673440637033, 37.01754704934198, 59.37352488549075, 35.3259516012409, 50.89493834853441, 31.01985740118113, 22.893913314302875, 41.01055955455437, 41.231649840108346, 27.33723425824718, 28.43793481874726, 36.23417489524895, 42.98801132397139, 27.084230593158257, 35.669085947253464, 27.15476934760266, 51.112807707046976, 51.94323562585839, 52.12031031142399, 57.702500554118814], [31.782460898961087, 36.06074126193125, 53.93788265174051, 63.31141746272196, 17.401318766318983, 24.227251457541517, 21.316085011742793, 19.566622017074817, 30.886223404952165, 15.115568306477176, 41.77267352936951, 29.60999810530413, 0.0, 68.68684104098568, 27.840951961130898, 27.72470472478175, 43.21444272062516, 11.849273696250647, 34.061063116096065, 33.701307552043836, 54.03615249653099, 9.77675779168822, 62.22030326726757, 24.395593265770525, 74.78599852323354, 28.784147194952396, 26.7395094241379, 51.44688813302833, 50.96066915532254, 22.038632471086675, 59.74802270582644, 38.637571428679585, 55.65875890201477, 45.86467115980045, 60.596913132048, 47.63646288026665, 25.50427613158417, 16.335322521950552, 9.486799584507068, 31.9250458242024, 54.616618544791734, 68.13174984719576, 29.689431487534353, 65.2478245501997, 56.50600824303, 44.81022163504412, 49.2379450288078, 24.57762748744237, 86.96253517671728], [100.40124336616499, 72.6991535071319, 66.36849619155882, 75.86068656962703, 61.03729897243417, 92.83433088526314, 85.36722402291012, 75.74015154883313, 99.55720249777565, 75.82929573252187, 110.4548112795626, 39.287995258715085, 68.68684104098568, 0.0, 94.45694384806505, 95.91301198712226, 40.63200984383311, 75.01505444366447, 72.21277070720113, 76.52779060511129, 14.706471710058432, 77.70424805078288, 73.1595614658284, 49.63177086626942, 76.9337441353817, 40.83484969628798, 87.80087298810106, 65.62391263839324, 21.384787977664942, 75.00240761907813, 39.3196563946438, 96.40176847578788, 33.603502189383725, 73.20201683240207, 8.87267653243238, 33.875239670546, 73.56346404176475, 80.22277825446793, 64.75213897138859, 53.8697853070073, 37.42009120014594, 35.06436418037049, 54.161319611387036, 5.099910917373483, 12.181074121881867, 81.5399162818489, 79.65804555032362, 91.31014556990276, 24.69752457080008], [11.896880351817085, 56.75698263156591, 60.47960704733821, 66.30252057487436, 43.69515996401345, 10.081468110933523, 9.862850611825646, 37.359112732949185, 14.752896927749026, 19.178837701532828, 20.381299238432938, 55.301990430416566, 27.840951961130898, 94.45694384806505, 0.0, 18.626188685431163, 61.99498761895351, 29.893177908917384, 54.84329251362063, 32.84529551418667, 79.77553272284007, 18.073634879695486, 66.35364451576862, 52.17738580425539, 79.35392899652611, 56.134977571628106, 12.05841022450033, 75.34595599985744, 74.90983336851112, 23.861715286060726, 77.16604615911162, 19.28986140095911, 83.47870996678803, 67.15963159075125, 85.92525190711432, 68.09099812161374, 45.15246036245933, 14.400333582060334, 35.98446739633323, 58.526025952828526, 82.33530124851575, 86.82995011975949, 56.38692652705575, 90.52178076938064, 82.40606443751196, 41.305991956701014, 47.784574574699356, 3.269505682590643, 110.09338489511447], [9.863114354184901, 43.778585435372825, 74.47411058000928, 81.74237689616001, 37.419827322890434, 8.95053503815032, 23.936335779813685, 25.81237714411352, 6.294487944831984, 29.209731533246124, 16.30620863239271, 57.204993831621, 27.72470472478175, 95.91301198712226, 18.626188685431163, 0.0, 69.81961560601133, 21.848812794143136, 42.10665586384156, 48.16621532245286, 81.38056549863131, 20.786968930363752, 81.39808717960764, 48.23254319403601, 94.47557540183608, 55.26622811226491, 29.112559762311474, 63.602919582961235, 78.68089898684796, 36.85400206245272, 86.0960435059235, 37.9141411981162, 78.51009338353774, 53.81729933331745, 88.05222114733463, 74.84283679060655, 32.966930675203386, 24.87251548459003, 31.579381587476828, 51.012655551985866, 76.577682345467, 95.01044211382273, 49.20666249598271, 92.69623825677016, 83.75603780503727, 57.97336798875019, 64.11779630218952, 17.96678735917717, 114.68629152313717], [70.94313106209253, 67.06890914220963, 27.526433333092587, 38.2454084553662, 46.85968370933634, 63.85484316701615, 52.151242137903026, 59.130337411454185, 71.38553757701874, 42.97138994900515, 81.08403935829192, 22.305264117956153, 43.21444272062516, 40.63200984383311, 61.99498761895351, 69.81961560601133, 0.0, 53.96180046500678, 65.58158700970587, 37.219738295673466, 29.185531124669623, 49.09580342021311, 35.76222290132095, 39.86598650584039, 43.759568118851895, 30.59600703938447, 52.57625871129489, 71.71994775001774, 19.640565998091233, 39.05208199966791, 16.557307443093723, 58.82957607216676, 52.590979915738636, 73.1418218016021, 32.074684269039835, 7.056963095096245, 61.3679454542346, 47.898991867971944, 45.141567837691156, 50.73957297991652, 54.59471642332284, 25.215362999356508, 49.34099679548903, 35.61634347755844, 31.69248580171426, 41.012740502202504, 39.05896976056412, 59.30768095899608, 49.33517310176239], [29.125977488997414, 27.488215070993576, 65.7785480767959, 75.05823836315248, 15.596709558581553, 22.473007169884106, 27.023638971774897, 8.622210545907057, 26.906356213469337, 24.38243082234493, 37.873354067078445, 37.45706230147435, 11.849273696250647, 75.01505444366447, 29.893177908917384, 21.848812794143136, 53.96180046500678, 0.0, 25.50212392343559, 44.49591418522467, 60.7357919595868, 14.835767095392148, 74.01616385964309, 26.450521444920863, 86.62234114589752, 34.18045697337801, 33.29100873497717, 45.471219913696565, 59.24835709204429, 32.36627431864309, 70.50876253799319, 45.155773715616796, 56.73961180493982, 37.833562427376904, 67.53643467009167, 57.746098719519594, 15.95841746299556, 23.436819149596317, 10.28724695080774, 29.69685396294327, 54.93118349015167, 78.42141523473019, 27.74530659540892, 72.13621961395697, 62.96414727922781, 55.59263706001765, 60.423623147226536, 27.010836090998694, 95.09016657177516], [51.43670808850617, 2.0117633704890876, 84.36936625183185, 94.72094755650183, 19.637104554968285, 46.195614197745506, 52.50932041436544, 17.484275294390777, 48.2890290929336, 48.836404443523875, 57.983337829966196, 43.95483592807211, 34.061063116096065, 72.21277070720113, 54.84329251362063, 42.10665586384156, 65.58158700970587, 25.50212392343559, 0.0, 67.59252826753675, 60.28972542189584, 40.158305329787105, 93.20526732435461, 26.25307531676547, 104.89701088672896, 36.59354761371146, 58.740528836762564, 21.547173466454417, 62.978552663205825, 56.09965443371741, 80.95778856219253, 70.64551132937963, 44.35797016208034, 12.351525103902837, 66.92199588683488, 66.84810600719031, 9.692125613349843, 48.67563243663176, 25.355591286264595, 18.3722548509682, 41.236377972415994, 86.64037389520804, 18.41231433350654, 70.96270740783889, 61.665874609873775, 78.63963248191463, 82.61782164398716, 52.16891057955142, 95.68368671574612], [44.443219766259055, 69.57155858889028, 27.79014610253978, 33.68116835309077, 49.24235172039745, 39.59582585347015, 24.41297531901851, 52.913613217211775, 46.57008885366368, 20.605828765770603, 53.15476378926508, 42.824233211357466, 33.701307552043836, 76.52779060511129, 32.84529551418667, 48.16621532245286, 37.219738295673466, 44.49591418522467, 67.59252826753675, 0.0, 63.09848381451419, 30.987995866159142, 33.56589119374087, 50.96188516330293, 46.616781037858644, 48.396248273862376, 20.86808982356473, 83.12451113294995, 55.17157842193437, 12.262833806429411, 49.09758325446211, 22.53089154241593, 77.81506000653313, 79.03607423183425, 67.67328126292686, 44.245122868846444, 59.20436564461192, 23.71209967638429, 42.30496695424228, 61.624533109689, 78.22701130415204, 59.20459563382594, 59.43503610403676, 71.75272011228685, 65.84628316307308, 11.120636313573064, 16.270782600552415, 31.52619348728749, 86.3086234796702], [85.71825524638516, 61.02982545414015, 56.43080162204447, 66.75402767347887, 47.29957205864656, 78.15207298702872, 70.74299820813226, 62.01626523640995, 84.91933813404377, 61.22824450826245, 95.78994528181694, 24.582537713596835, 54.03615249653099, 14.706471710058432, 79.77553272284007, 81.38056549863131, 29.185531124669623, 60.7357919595868, 60.28972542189584, 63.09848381451419, 0.0, 63.00369053310355, 64.14526193035645, 36.09443938260898, 70.03517294725705, 26.65016764191196, 73.33139612285522, 57.15446820453594, 9.997533439217927, 60.72732950476694, 33.314364753781796, 82.25503389241288, 28.633608254815332, 63.04057563040995, 6.867716451073238, 23.39508496055071, 60.5166708113495, 65.57203763782069, 50.449402246653214, 42.00577989538193, 31.852676311122327, 33.022679770190635, 41.899480408494696, 11.405414944447534, 2.758603986990234, 69.032789664512, 67.87151180114414, 76.62071406136721, 35.51184760875171], [22.819016047091615, 42.16158113992766, 55.07146156290525, 63.336480364359744, 26.152615725884463, 15.304350888642764, 12.531642145118004, 23.423315907469984, 22.559167068965557, 10.38271632181177, 33.00920045382433, 38.42674007064433, 9.77675779168822, 77.70424805078288, 18.073634879695486, 20.786968930363752, 49.09580342021311, 14.835767095392148, 40.158305329787105, 30.987995866159142, 63.00369053310355, 0.0, 62.644972857467394, 34.11267151481311, 75.6000184970121, 38.37162991897941, 18.61750971012214, 59.26067390565218, 59.161930855634935, 18.74118167219806, 65.31846932518712, 30.589848141645962, 65.40689588005885, 52.415448208102354, 69.41633589998926, 54.31302894009558, 30.74597449286271, 8.603945035004804, 18.237039452383225, 40.96808135979819, 64.29947148499704, 74.30644245818385, 38.77508314805809, 74.05892225852631, 65.54698113706232, 41.87589238474001, 47.22892265335994, 14.815929732450416, 94.99077440065813], [78.00726708427442, 95.0143147517922, 9.01657020310306, 2.721667427682759, 73.58255543078295, 73.02043631596798, 57.91150610262075, 81.62054486367954, 80.10627037138646, 52.634237372048275, 86.56206518805453, 55.23684732664058, 62.22030326726757, 73.1595614658284, 66.35364451576862, 81.39808717960764, 35.76222290132095, 74.01616385964309, 93.20526732435461, 33.56589119374087, 64.14526193035645, 62.644972857467394, 0.0, 70.48070608578112, 13.081728474539036, 63.34782724158151, 54.313915507273165, 103.97524145657026, 54.178144319073176, 44.590066442456, 34.69056352689413, 52.90642973597337, 88.2294918780772, 103.00997536873705, 65.56068379479142, 40.75740105490855, 86.4512764231664, 56.57538691094511, 68.65611576576246, 81.99549523088665, 90.04633559559906, 42.859191588750996, 80.16306676017061, 68.0887939811313, 66.40340523724329, 26.31342275256826, 19.774551519114443, 65.09131457249171, 72.732358881215], [54.628531524192596, 27.53905881904932, 61.468268342998726, 72.34565277982283, 11.456771457116863, 47.34357028036392, 45.4625489095339, 26.112901663409307, 52.90537102799487, 37.73886598041888, 63.97877028446856, 17.802436716388126, 24.395593265770525, 49.63177086626942, 52.17738580425539, 48.23254319403601, 39.86598650584039, 26.450521444920863, 26.25307531676547, 50.96188516330293, 36.09443938260898, 34.11267151481311, 70.48070608578112, 0.0, 81.22543572663636, 10.42498869753176, 50.3631474460951, 33.57708216834704, 37.20582149573708, 42.054552203749644, 54.80833615910712, 61.85952861359126, 31.312790435154092, 33.33816847023622, 42.95240090492259, 40.654544218737556, 24.57353719388798, 40.251201956291176, 16.871242948089733, 11.51948247865529, 30.229643561032496, 60.40087448080202, 9.723411883861187, 47.36960038196781, 37.97288731302631, 61.07619999882037, 63.51626794038794, 48.92612395134497, 71.48562750204253], [91.04477760763115, 106.65064728938418, 20.854600797153573, 13.139516721300403, 85.26766048766068, 86.10116294333147, 70.98476354425638, 94.0338866125335, 93.1745674426094, 65.65809659154748, 99.50376168148104, 64.98684355980798, 74.78599852323354, 76.9337441353817, 79.35392899652611, 94.47557540183608, 43.759568118851895, 86.62234114589752, 104.89701088672896, 46.616781037858644, 70.03517294725705, 75.6000184970121, 13.081728474539036, 81.22543572663636, 0.0, 73.29189836872354, 67.30203495073877, 114.40135092948661, 60.099178029000996, 57.65479594869355, 37.63855549201596, 65.32688048251055, 96.06516718456508, 114.2264757418494, 70.24091284040723, 47.29653507188563, 98.54864846437961, 69.6435056600886, 80.79348056263544, 92.66046309339055, 98.24963324982603, 43.43627627531353, 90.94884598249179, 72.03190851333429, 71.98701451062604, 38.813436390950784, 32.17241410048181, 78.14139475831256, 72.18340703769509], [60.464557385683804, 37.8005274530555, 54.3697075769223, 65.42552055580569, 20.86682294204403, 52.94428391190229, 48.13779798045959, 35.49999981249838, 59.262916261323305, 39.28361994801728, 70.29191309305106, 8.351792294980681, 28.784147194952396, 40.83484969628798, 56.134977571628106, 55.26622811226491, 30.59600703938447, 34.18045697337801, 36.59354761371146, 48.396248273862376, 26.65016764191196, 38.37162991897941, 63.34782724158151, 10.42498869753176, 73.29189836872354, 0.0, 52.094278900879466, 41.22711024201961, 26.85228820934859, 41.61211254442171, 44.80947945104539, 62.77093099020197, 29.595644593894992, 42.80223761737054, 33.49848960709923, 30.618801311137098, 34.80941201880763, 42.791828481703874, 23.920629196283787, 20.247812045043297, 29.83146600385771, 50.05482695843143, 19.05009677011859, 38.05173937910865, 28.803473259283596, 57.49486073407633, 58.9227422443752, 52.87552199157182, 61.65380200233586], [23.86930038319683, 60.73882130377525, 48.60938185076545, 54.24475227412727, 44.09255252906206, 20.17068437021487, 6.356155132851689, 41.74300783418552, 26.386463113577857, 12.829011367686533, 32.28933651354454, 49.56783234419356, 26.7395094241379, 87.80087298810106, 12.05841022450033, 29.112559762311474, 52.57625871129489, 33.29100873497717, 58.740528836762564, 20.86808982356473, 73.33139612285522, 18.61750971012214, 54.313915507273165, 50.3631474460951, 67.30203495073877, 52.094278900879466, 0.0, 77.75814869192547, 67.34912336932965, 13.524324841724113, 66.93700898831018, 12.000212817472214, 80.98729052140335, 71.02125843334385, 79.04562534951135, 59.07971262171278, 49.24941269422184, 10.429609423272995, 36.11699352272432, 58.655819006110804, 80.39018509848725, 76.82053009368273, 56.415258291764005, 83.52844892370733, 76.04811372408675, 29.339105219081546, 35.766150996322466, 11.29888642227519, 101.55085888297675], [72.805638634665, 20.033052353006745, 94.95867431259252, 105.88489438214796, 34.25033301899278, 67.22674547380578, 71.79178976620533, 38.36904956063671, 69.74485091382519, 66.54781958820716, 79.52983711571856, 49.57880885699654, 51.44688813302833, 65.62391263839324, 75.34595599985744, 63.602919582961235, 71.71994775001774, 45.471219913696565, 21.547173466454417, 83.12451113294995, 57.15446820453594, 59.26067390565218, 103.97524145657026, 33.57708216834704, 114.40135092948661, 41.22711024201961, 77.75814869192547, 0.0, 63.024566014132716, 72.75710700809792, 84.81104685374292, 89.75764900631168, 32.76392777040136, 11.746585380917358, 62.78892252008719, 70.83604656951229, 30.75081948531768, 67.37818850551537, 41.971337082146775, 22.083543234920285, 28.92863120646026, 88.23019970545414, 24.081771583324464, 65.90865576406881, 57.597106519049255, 93.73430324654099, 96.68765565689739, 72.48135502142969, 90.28133353826453], [81.96801694258487, 63.998011635030146, 46.56822234923403, 56.7974954360801, 47.52259135905625, 74.46589951834105, 65.4713244299197, 61.900778726498814, 81.58862140780123, 55.891367107360395, 92.17048536314536, 21.791328707142068, 50.96066915532254, 21.384787977664942, 74.90983336851112, 78.68089898684796, 19.640565998091233, 59.24835709204429, 62.978552663205825, 55.17157842193437, 9.997533439217927, 59.161930855634935, 54.178144319073176, 37.20582149573708, 60.099178029000996, 26.85228820934859, 67.34912336932965, 63.024566014132716, 0.0, 54.23838417217048, 23.843858312089555, 75.40083219142248, 37.26600418637671, 67.46827181836908, 12.593897143660131, 13.47038692451324, 61.658063207224956, 60.521629772669094, 49.10674593082621, 45.33308892554115, 40.111086739913674, 25.26158560197766, 44.7396006864278, 16.587264105121672, 12.243246645680092, 60.252115853731596, 58.649931692970604, 71.87533324242062, 36.01199102540035], [34.51930141156396, 58.098848579130156, 37.67063585716747, 45.05273218489399, 38.532972702185674, 28.720847375480513, 14.218090281253428, 40.86473701606454, 36.08531165178463, 8.362076152331623, 44.03976189277278, 37.77673440637033, 22.038632471086675, 75.00240761907813, 23.861715286060726, 36.85400206245272, 39.05208199966791, 32.36627431864309, 56.09965443371741, 12.262833806429411, 60.72732950476694, 18.74118167219806, 44.590066442456, 42.054552203749644, 57.65479594869355, 41.61211254442171, 13.524324841724113, 72.75710700809792, 54.23838417217048, 0.0, 53.56665790315479, 21.630859223205146, 71.1387745322989, 67.83677441044246, 66.18058527179909, 45.5801914166574, 47.40620584539852, 11.991025186022755, 31.11679628633376, 51.91119184735772, 71.02584302212111, 63.38665942082056, 49.669408775249316, 70.58940357609286, 63.47161326607571, 23.268109717685345, 28.487741938437818, 21.737319850765175, 88.08355895694305], [86.70850795854395, 82.32400028098897, 29.432391617141064, 37.41055500937981, 62.802762819421645, 79.8028048656416, 67.31171989676872, 75.51669640253218, 87.37421329992607, 58.50285440967097, 96.74650121540276, 37.01754704934198, 59.74802270582644, 39.3196563946438, 77.16604615911162, 86.0960435059235, 16.557307443093723, 70.50876253799319, 80.95778856219253, 49.09758325446211, 33.314364753781796, 65.31846932518712, 34.69056352689413, 54.80833615910712, 37.63855549201596, 44.80947945104539, 66.93700898831018, 84.81104685374292, 23.843858312089555, 53.56665790315479, 0.0, 71.56283628749097, 61.07546062707585, 87.57195988378227, 32.71811448989097, 14.190749145711898, 77.39127124766117, 63.43506291253062, 61.56677340087874, 64.98893027318249, 63.815406858252004, 10.113757564964239, 63.85955604132949, 34.39521134032678, 34.94833134111907, 49.68610208927847, 45.74060977960999, 74.66646205159803, 39.08158573506851], [30.38108973292275, 72.6378123834659, 48.98414065487983, 52.23773666640478, 56.02558289440193, 29.218737314067294, 18.136263248861013, 53.51589492312081, 33.71476272769363, 24.124834700889277, 36.24171439399506, 59.37352488549075, 38.637571428679585, 96.40176847578788, 19.28986140095911, 37.9141411981162, 58.82957607216676, 45.155773715616796, 70.64551132937963, 22.53089154241593, 82.25503389241288, 30.589848141645962, 52.90642973597337, 61.85952861359126, 65.32688048251055, 62.77093099020197, 12.000212817472214, 89.75764900631168, 75.40083219142248, 21.630859223205146, 71.56283628749097, 0.0, 92.05077988702567, 82.9502099087281, 87.5487697726823, 65.70632211735646, 61.10236299081365, 22.400487177071632, 48.06184451669669, 70.50202567328165, 91.64980614284126, 81.65544175904407, 68.25485173440947, 91.88535645983168, 85.00626016018852, 26.59536427989072, 33.19163976001789, 20.406247340271232, 108.16129447620693], [85.60374677455249, 44.19652902693353, 79.66119528776996, 90.62578305710622, 41.149368114433564, 78.46103253175316, 76.46613994023588, 53.89742631816362, 83.61833296199197, 68.17910948259419, 94.61264924212384, 35.3259516012409, 55.65875890201477, 33.603502189383725, 83.47870996678803, 78.51009338353774, 52.590979915738636, 56.73961180493982, 44.35797016208034, 77.81506000653313, 28.633608254815332, 65.40689588005885, 88.2294918780772, 31.312790435154092, 96.06516718456508, 29.595644593894992, 80.98729052140335, 32.76392777040136, 37.26600418637671, 71.1387745322989, 61.07546062707585, 92.05077988702567, 0.0, 41.90790919972288, 32.633683053553035, 48.88454976310576, 49.01184750197827, 71.17391798213075, 47.96348261116628, 28.160037628840143, 3.869471794047971, 61.64889413423688, 29.616022552619174, 34.80676594893551, 28.04071384776045, 86.43085521592855, 87.16292857696561, 80.22282045683082, 58.25425761186397], [63.34599492032087, 10.405926485244601, 94.05748639386665, 104.69067766237318, 30.010042119806286, 58.37778340590832, 64.81550871682224, 29.81215552904087, 60.07120084176083, 60.829147447335714, 69.34675693907843, 50.89493834853441, 45.86467115980045, 73.20201683240207, 67.15963159075125, 53.81729933331745, 73.1418218016021, 37.833562427376904, 12.351525103902837, 79.03607423183425, 63.04057563040995, 52.415448208102354, 103.00997536873705, 33.33816847023622, 114.2264757418494, 42.80223761737054, 71.02125843334385, 11.746585380917358, 67.46827181836908, 67.83677441044246, 87.57195988378227, 82.9502099087281, 41.90790919972288, 0.0, 69.22603127861315, 73.38730520174856, 22.03082171802761, 60.88670830464308, 36.769079931690044, 22.583263673759962, 38.25994282644479, 92.17608712194922, 23.81085799114307, 72.80613090693727, 63.928158219724196, 89.9852201797471, 93.63193834875953, 64.50873950300733, 97.54370490364025], [92.18767725107152, 67.60671377075968, 58.4004933024736, 68.2346384131594, 54.16728813963063, 84.62731149569451, 76.73782142644275, 68.88375808434884, 91.47985923186819, 67.17908148687953, 102.29908810452272, 31.01985740118113, 60.596913132048, 8.87267653243238, 85.92525190711432, 88.05222114733463, 32.074684269039835, 67.53643467009167, 66.92199588683488, 67.67328126292686, 6.867716451073238, 69.41633589998926, 65.56068379479142, 42.95240090492259, 70.24091284040723, 33.49848960709923, 79.04562534951135, 62.78892252008719, 12.593897143660131, 66.18058527179909, 32.71811448989097, 87.5487697726823, 32.633683053553035, 69.22603127861315, 0.0, 25.505493354723846, 67.34262407690588, 71.63516967553133, 57.24924924920207, 48.5863035465489, 36.16937432903061, 30.35948556251742, 48.56988184911077, 4.650933176533398, 5.304656354177002, 72.83863895369961, 71.13316637931386, 82.80455975561291, 28.772818651059396], [76.58262319302746, 68.18677386644455, 33.10236264297835, 43.360081846276486, 48.98388827400419, 69.3438989014498, 58.30012861573905, 62.15356898030942, 76.80066275504035, 48.947076852231326, 86.78003332560432, 22.893913314302875, 47.63646288026665, 33.875239670546, 68.09099812161374, 74.84283679060655, 7.056963095096245, 57.746098719519594, 66.84810600719031, 44.245122868846444, 23.39508496055071, 54.31302894009558, 40.75740105490855, 40.654544218737556, 47.29653507188563, 30.618801311137098, 59.07971262171278, 70.83604656951229, 13.47038692451324, 45.5801914166574, 14.190749145711898, 65.70632211735646, 48.88454976310576, 73.38730520174856, 25.505493354723846, 0.0, 63.58493661376425, 53.835123929954975, 48.355340997163545, 50.80539503765727, 51.26455892010609, 20.69251109804579, 49.66884699704911, 28.815222655917317, 25.712965163585988, 47.98770146962006, 45.803819326021895, 65.30152368123545, 42.544956593429994], [42.057493303937996, 11.627089201025878, 77.79350959457206, 87.79120874904835, 14.60172402121186, 36.58842713071965, 42.97635394008448, 7.793740417123816, 39.04134179062857, 39.826346518819605, 49.088482960403056, 41.01055955455437, 25.50427613158417, 73.56346404176475, 45.15246036245933, 32.966930675203386, 61.3679454542346, 15.95841746299556, 9.692125613349843, 59.20436564461192, 60.5166708113495, 30.74597449286271, 86.4512764231664, 24.57353719388798, 98.54864846437961, 34.80941201880763, 49.24941269422184, 30.75081948531768, 61.658063207224956, 47.40620584539852, 77.39127124766117, 61.10236299081365, 49.01184750197827, 22.03082171802761, 67.34262407690588, 63.58493661376425, 0.0, 39.322312831154804, 17.795741617238555, 20.984114482786996, 46.36567140979862, 83.97123982423595, 19.95276849148126, 71.66509606937078, 62.25283964099779, 70.31449749703769, 74.64831733250197, 42.47924710373303, 95.9910615366036], [23.34631274077905, 50.68311057980893, 49.61017518709953, 57.001400162029896, 33.66487841143223, 16.95243513460087, 5.346027077685004, 32.02701515372456, 24.464877800080032, 4.937425808425513, 33.312536940999344, 41.231649840108346, 16.335322521950552, 80.22277825446793, 14.400333582060334, 24.87251548459003, 47.898991867971944, 23.436819149596317, 48.67563243663176, 23.71209967638429, 65.57203763782069, 8.603945035004804, 56.57538691094511, 40.251201956291176, 69.6435056600886, 42.791828481703874, 10.429609423272995, 67.37818850551537, 60.521629772669094, 11.991025186022755, 63.43506291253062, 22.400487177071632, 71.17391798213075, 60.88670830464308, 71.63516967553133, 53.835123929954975, 39.322312831154804, 0.0, 25.687894713134472, 48.26036818686959, 70.41131919452732, 72.92336441156482, 46.02430020620872, 76.21562904511674, 68.22873562258782, 34.20463625867449, 39.93953150407114, 11.476280636872184, 95.71189369988004], [37.76058375973943, 27.313332252335467, 60.01434385621883, 69.9999275348028, 7.982748159153906, 30.514393490779593, 30.476615463062497, 14.010015176311823, 36.060845592160625, 24.57659820500876, 47.140525946194366, 27.33723425824718, 9.486799584507068, 64.75213897138859, 35.98446739633323, 31.579381587476828, 45.141567837691156, 10.28724695080774, 25.355591286264595, 42.30496695424228, 50.449402246653214, 18.237039452383225, 68.65611576576246, 16.871242948089733, 80.79348056263544, 23.920629196283787, 36.11699352272432, 41.971337082146775, 49.10674593082621, 31.11679628633376, 61.56677340087874, 48.06184451669669, 47.96348261116628, 36.769079931690044, 57.24924924920207, 48.355340997163545, 17.795741617238555, 25.687894713134472, 0.0, 22.73687726369119, 46.542772619498216, 69.04043716733405, 20.53860800725567, 61.849239611617236, 52.68580562295761, 53.31460580201679, 57.274247141152614, 32.7951349877143, 84.86841483733507], [58.81762964132921, 19.025671999819714, 72.98183016079656, 83.86508965135006, 14.84476042339182, 52.08612443404694, 53.17162635896146, 25.8260097385272, 56.47159318944223, 46.56321808259968, 67.28146277742633, 28.43793481874726, 31.9250458242024, 53.8697853070073, 58.526025952828526, 51.012655551985866, 50.73957297991652, 29.69685396294327, 18.3722548509682, 61.624533109689, 42.00577989538193, 40.96808135979819, 81.99549523088665, 11.51948247865529, 92.66046309339055, 20.247812045043297, 58.655819006110804, 22.083543234920285, 45.33308892554115, 51.91119184735772, 64.98893027318249, 70.50202567328165, 28.160037628840143, 22.583263673759962, 48.5863035465489, 50.80539503765727, 20.984114482786996, 48.26036818686959, 22.73687726369119, 0.0, 25.776748569453268, 69.73141378124168, 2.2544750555719895, 52.59557587337036, 43.317362767765005, 72.01903399037863, 74.7399155932779, 55.3878925318979, 77.33318928109136], [83.95478970621254, 40.971177685616446, 81.3709920815261, 92.3918999858537, 39.41452683548398, 76.92737192100053, 75.65743453568848, 51.6027435436827, 81.83718666077301, 67.63689656240412, 92.76938406299477, 36.23417489524895, 54.616618544791734, 37.42009120014594, 82.33530124851575, 76.577682345467, 54.59471642332284, 54.93118349015167, 41.236377972415994, 78.22701130415204, 31.852676311122327, 64.29947148499704, 90.04633559559906, 30.229643561032496, 98.24963324982603, 29.83146600385771, 80.39018509848725, 28.92863120646026, 40.111086739913674, 71.02584302212111, 63.815406858252004, 91.64980614284126, 3.869471794047971, 38.25994282644479, 36.16937432903061, 51.26455892010609, 46.36567140979862, 70.41131919452732, 46.542772619498216, 25.776748569453268, 0.0, 64.790756773784