instance_id,num_cities,city_coordinates,distance_matrix,best_route,total_distance
813,88,"[[64.38825357715243, 5.287290239595144], [50.749040605420994, 10.451493643419585], [87.64837746468379, 22.305112624375433], [93.19301644651848, 29.552009077010112], [46.179009581421774, 87.63093874904455], [71.6950679028322, 21.89919350944428], [21.479100380712325, 66.31628799302959], [51.72157709380352, 0.3385210922933757], [55.71454116426937, 11.989491450785096], [65.37303537952418, 33.98211954643882], [69.76090414762862, 4.527646149937137], [26.934615589753886, 70.81038161416343], [36.19345492564078, 84.62894301454051], [8.09055087609324, 57.54515600104788], [89.91371281848775, 89.72173424006542], [30.30033630416431, 3.551448849894412], [53.712881067076346, 32.7643898056712], [0.7475488304137912, 39.13598110857237], [76.21042057798152, 5.762330118081504], [15.33643787513097, 6.481779423445877], [72.57468077051314, 25.513199761041705], [41.448749287369765, 12.380895341041454], [94.20130800239947, 40.86207387935126], [36.1761274202326, 57.71150996622071], [10.672828157216308, 44.16187158170614], [88.09060651033809, 20.763689979907753], [55.943378451131466, 33.50034414716492], [10.870949050664613, 25.577798679047238], [15.203566457986717, 82.41331888886248], [1.794787162474476, 20.38666948747383], [28.56196298787791, 79.05912062195745], [12.295751498293516, 93.5454514130233], [41.997431703541, 22.713106219711698], [95.39779896928663, 69.02877299634275], [24.475227225959685, 75.70015450690335], [58.799686579912155, 94.05054922163269], [67.00147558182738, 22.686018220864668], [86.5939212707527, 1.4836176943248347], [90.43031877568872, 85.10077910480153], [88.33073221184958, 5.279311454394375], [96.15403131278148, 9.152735263356238], [56.031291142575554, 74.98300313887509], [74.8570768701182, 81.177637776989], [57.08104633548524, 34.365975214439274], [69.1909930173171, 27.48853761270601], [91.37170992618462, 20.906926288829297], [15.529125298107083, 95.49632164975105], [81.66624480799037, 18.988027064801305], [77.01197082146015, 17.03155887749187], [72.6976623362463, 86.18358128782371], [48.46547809268916, 13.416082399454188], [92.02304667922948, 22.860753668297342], [27.687558516825316, 14.508804626581728], [67.67561930283466, 56.84142525629509], [57.64813404619863, 56.26616156797658], [72.86490330373753, 13.532834698871953], [79.18046001630881, 8.328950831831595], [93.71759466198523, 63.29082262358898], [44.16952004401791, 69.48158155381978], [71.50135818357417, 72.53139549799435], [50.562212882208215, 82.04077518090297], [76.80929222458111, 8.462012544405685], [85.49239189384618, 95.08297114119256], [67.49310031056166, 39.82090073621981], [35.47430745136584, 51.31985249896059], [75.41683324529934, 88.78081481732357], [5.913513494985223, 95.62784356329834], [87.04467858922516, 95.64145997533832], [86.70941666347095, 75.63854757991417], [46.29476631279385, 60.868158416656215], [17.771195123352868, 23.970917950502933], [44.172713305255165, 89.55354896501974], [27.15317531417565, 98.66391922764838], [51.66137926076129, 95.30651281355651], [98.95764577895312, 14.257826392435547], [0.2410676842832915, 50.229595687215], [5.6584387540405405, 12.129487980689568], [94.9363744637941, 21.286769720376974], [33.93724320687566, 94.24773904521612], [77.78076490215999, 26.407073252720213], [70.17932449855597, 14.48164553846838], [33.90147239751787, 2.000784738608985], [29.227381764016926, 14.583668125997418], [57.333298578872636, 89.63790422442786], [53.06842083517081, 8.142059432451344], [91.57684422664252, 99.25805622580532], [60.96062319408734, 21.184306179996724], [32.76552518663279, 7.207051787509378]]","[[0.0, 14.584139579842168, 28.820819592496605, 37.66285894909215, 84.3329888996222, 18.147861191798434, 74.60384705110235, 13.599081189812425, 10.961422722287361, 28.71172276522565, 5.426088213012256, 75.4721836292758, 84.20240219886414, 76.8135135465034, 88.20841458245138, 34.13208533535974, 29.478035531441797, 72.08240544130824, 11.83170720909053, 49.06635739562715, 21.81983057133896, 24.011249246888887, 46.41533631439292, 59.53337615354497, 66.3067115952007, 28.30760469363742, 29.449827277685785, 57.23466271860357, 91.47435565347172, 64.3889221176802, 82.01101179324137, 102.48478807389291, 28.372662313372732, 70.88419096988824, 80.93837857801066, 88.93901408378053, 17.593881453844357, 22.529083482251252, 83.95464349660023, 23.94247996415457, 32.00009844330336, 70.19495151128596, 76.60901455106811, 29.98274833198083, 22.71479013885392, 31.178196658092027, 102.5908561429658, 22.050831515534124, 17.241986048692794, 81.3219292644082, 17.877696750611086, 32.74917413728992, 37.841476523789595, 51.65883865065607, 51.42250998548414, 11.82550607868965, 15.101690981376354, 64.9970769919039, 67.30307736663633, 67.61927202465706, 77.98882517344276, 12.820337858012113, 92.24233823289417, 34.67290479856782, 54.36003190513454, 84.21875216309256, 107.61371103400288, 93.15143360659117, 73.80740972890067, 58.45175094641174, 50.22178892995316, 86.6572006706015, 100.52684166143165, 90.91443099247563, 35.714330402113596, 78.32414874686778, 59.127039661099644, 34.48435925692736, 94.02779102089028, 25.008090573091383, 10.866124966088142, 30.663413787491635, 36.3690740666646, 84.64513258094648, 11.67425888229826, 97.82496778195542, 16.262341954721432, 31.680947512052516], [14.584139579842168, 0.0, 38.756539365622245, 46.54375119206119, 77.31462947186964, 23.87018834794727, 63.068253888008, 10.159627997179205, 5.1982336476330735, 27.704721231964, 19.913385560309976, 64.88699558379659, 75.59205692191892, 63.54179553838133, 88.41743376623798, 21.58147644979109, 22.508880146057205, 57.64502581198676, 25.889575598577654, 35.634408415485254, 26.518174141326153, 9.498316140843345, 53.036807334383894, 49.45582818570998, 52.368811185053204, 38.73930739589373, 23.626905324214206, 42.650525085635074, 80.26197745521587, 49.95224368542939, 72.10598375192643, 91.56015105368172, 15.064454896960264, 73.65330460899402, 70.33989631764237, 83.98580233691737, 20.34269486322855, 36.949672108832345, 84.54063908630603, 37.93593300021991, 45.42356166644441, 64.74733885264578, 74.72205080525019, 24.738567569206726, 25.107100110806098, 41.946600989195886, 92.04925423315969, 32.07406925473817, 27.07468858578413, 78.84853261071233, 3.7421176146616397, 43.09911033589683, 23.41567271159869, 49.381523077432554, 46.331212884426115, 22.329488251879066, 28.510538362241295, 68.10500220091365, 59.39563426319734, 65.45664900633213, 71.5895253207564, 26.13608137225761, 91.4854493469151, 33.80718279289091, 43.62957974210694, 82.12175442164299, 96.25609111606522, 92.59969600535855, 74.44797275383547, 50.6130481825673, 35.6414523586528, 79.3749534605243, 91.31372780855955, 84.85992363999826, 48.35863709590811, 64.29115592994872, 45.121813353583484, 45.49641393753151, 85.46605920017515, 31.389403293526293, 19.84384177685828, 18.84821040613122, 21.914759073287875, 79.45967577183399, 3.2730736357351975, 97.74208462188754, 14.814509236233953, 18.273840039087982], [28.820819592496605, 38.756539365622245, 0.0, 9.124720797596494, 77.37681843748697, 15.958472868797053, 79.46921911750374, 42.11016656849533, 33.558634374162054, 25.150414622204522, 25.2190407414346, 77.71050122587924, 80.81997827270793, 87.01326582016102, 67.4546708118742, 60.33653727149842, 35.51076449342089, 88.51571697306132, 20.111949452815466, 74.02293212775874, 15.411299591672817, 47.25352613730422, 19.679982460632445, 62.474038586977336, 80.01845476704241, 1.603605405858327, 33.623506231477606, 76.84714690788644, 94.13419730432814, 85.875021932161, 81.92815022636908, 103.69765720956305, 45.65276889368965, 47.361946457160634, 82.71564186247555, 77.32822665945578, 20.650415163713692, 20.84817807356418, 62.85725834125114, 17.03946928400964, 15.6630513511994, 61.4377758106302, 60.246091896036305, 32.86070812959563, 19.171409318241153, 3.9772012329996294, 102.75280829088081, 6.840246174796133, 11.871963418124297, 65.6047455725486, 40.1785323467075, 4.409814928813276, 60.4655457867894, 39.89571353919371, 45.314097701687004, 17.190228860304366, 16.34131954169722, 41.43264198102328, 64.1562955855263, 52.75799202931544, 70.31168455175705, 17.581728830415685, 72.8097861834212, 26.702771959826688, 59.699151683624834, 67.59163895065934, 109.80351023754575, 73.33883210900832, 53.34169974366112, 56.544050580757485, 69.89703512559144, 80.07799675544535, 97.41835981531861, 81.38960909913555, 13.88014284879322, 91.75954749983083, 82.61896505442454, 7.3587989868704, 89.78099709620592, 10.686246239001246, 19.140910343493335, 57.45429083359796, 58.929054326358134, 73.84245955078313, 37.36797393780227, 77.05315295317035, 26.711279173665567, 56.921691078253076], [37.66285894909215, 46.54375119206119, 9.124720797596494, 0.0, 74.7226800466932, 22.819451739648805, 80.58844806613641, 50.72778491338948, 41.389348084424114, 28.170502752689085, 34.282395288159925, 78.0540132761297, 79.26170995841188, 89.58820190670298, 60.259021386697164, 68.05525951469396, 39.61061069366328, 92.94093286954909, 29.229392525383403, 81.20272361879762, 21.010181977774206, 54.51895386717291, 11.354920417810815, 63.59153343461102, 83.80351757359597, 10.162142476334724, 37.45830856583883, 82.41794178827074, 94.21609408449459, 91.85662614123272, 81.41331073416383, 103.14808838808383, 51.65034839637535, 39.5382846809953, 82.7755149907249, 73.09557319086215, 27.076533073926896, 28.833706871479713, 55.61742847364365, 24.75491179256443, 20.613053659335755, 58.693858699313026, 54.785145968752204, 36.43142400829912, 24.090559212685985, 8.834852226014355, 101.88391604666388, 15.635350343406042, 20.459421074870026, 60.2261945599591, 47.549141074647544, 6.792770289138165, 67.21058710289763, 37.36107322327216, 44.46441957524216, 25.881385814961718, 25.43167196603578, 33.742891426713214, 63.22716155029248, 48.14307525824088, 67.61993773768192, 26.706073712280585, 65.9818657477836, 27.67554561889974, 61.68701950418473, 61.83885605852597, 109.4702130194605, 66.37482639110976, 46.540370618704706, 56.39279275819225, 75.62803521093151, 77.48015816319531, 95.5914051651872, 77.7723064398174, 16.34450902687218, 95.22409026459492, 89.25159120795658, 8.447098839177658, 87.73131788789566, 15.729848028683648, 27.509014418177955, 65.38009756997528, 65.69363478420881, 69.9730959813387, 45.47932625662701, 69.72478054289134, 33.3008352230399, 64.42653813633923], [84.3329888996222, 77.31462947186964, 77.37681843748697, 74.7226800466932, 0.0, 70.51050676676016, 32.62514140006416, 87.46820127903622, 76.2401135357421, 56.978999887433076, 86.38439090567552, 25.559300507532342, 10.4270456109854, 48.53745986459501, 43.78465134061824, 85.56572261570155, 55.38138146090202, 66.45132461073722, 87.20295135839203, 86.81273114416507, 67.49329562633815, 75.39857024742469, 67.03333399759458, 31.5472640687129, 56.12707652931133, 78.91648063038274, 55.00421957792689, 71.39503715938747, 31.411807233881444, 80.57140279439851, 19.591743074135962, 34.39559039150573, 65.05236793426731, 52.61682049970322, 24.766868618494996, 14.159551070566735, 68.20130345345056, 95.15632407654981, 44.32358371377443, 92.51247612505834, 93.03940680910954, 16.03239617646855, 29.395180503799146, 54.36920769819788, 64.39456340482614, 80.58829941897575, 31.643003251197683, 77.27349602882367, 77.03858732529761, 26.558120934123217, 74.2500696379697, 79.35271017942247, 75.4240032158053, 37.55127655133636, 33.39595879154519, 78.75700570481928, 85.89470890822145, 53.407474425052456, 18.260263273041616, 29.482495571427883, 7.103689174971165, 84.88776761816382, 40.01343293965749, 52.34587088202615, 37.85611750238342, 29.26042630537703, 41.05192640662643, 41.64338307309152, 42.26737919708363, 26.76303067181536, 69.71084686298697, 2.7787865679703065, 21.99338600138619, 9.432434177917699, 90.38361608038778, 59.238120906841196, 85.68772215611259, 82.33364679386678, 13.915562875010995, 68.89871294635205, 76.98593516564216, 86.50584486121765, 74.98840864517994, 11.333405201352061, 79.78687813438499, 46.86313317836528, 68.07092683929157, 81.53479721941446], [18.147861191798434, 23.87018834794727, 15.958472868797053, 22.819451739648805, 70.51050676676016, 0.0, 67.04119387769242, 29.39052449647752, 18.80370787194153, 13.636905691587256, 17.478891472159862, 66.30084775541394, 72.0790260544245, 72.91206503835656, 70.2268898194951, 45.27873163216694, 21.00979614255156, 73.01135055091524, 16.756693286340305, 58.42937476730732, 3.7195107183035696, 31.708639040657207, 29.429945214742975, 50.439242093897015, 64.95645140030814, 16.43481227443155, 19.56278141527698, 60.93525720087213, 82.784353025973, 69.91664305798629, 71.60811411503778, 93.06699232763816, 29.708787415937838, 52.75430525199384, 71.58391409946327, 73.29467232050538, 4.759086257076801, 25.27393059145502, 65.92002766258628, 23.51522499416249, 27.581027698555822, 55.34658749343818, 59.362717723244465, 19.209119512639827, 6.1246353799172555, 19.701645503669617, 92.58050755519767, 10.38745680820742, 7.20855904854062, 64.29220565231039, 24.730083235847367, 20.35070807300698, 44.62374625913228, 35.172653105767424, 37.1268749601797, 8.447749677426087, 15.497825054561641, 46.88559102304803, 54.970350525837155, 50.632572536507254, 63.74643054530542, 14.377521438007445, 74.47302503434508, 18.40771907566905, 46.663890354962014, 66.98509390927929, 98.80853576020752, 75.32285451143464, 55.79739101980865, 46.5161858583055, 53.963655340396954, 73.03829005873646, 88.75135666552102, 76.09193917901771, 28.313223833898885, 76.86537474563319, 66.75540079614248, 23.249374046585118, 81.60861086253239, 7.573419818514265, 7.5708319205577155, 42.711854710730734, 43.09316973281008, 69.24444632923897, 23.156224195571674, 79.87289071117196, 10.758223231505532, 41.60971430411191], [74.60384705110235, 63.068253888008, 79.46921911750374, 80.58844806613641, 32.62514140006416, 67.04119387769242, 0.0, 72.57873740255988, 64.21422138581819, 54.51766666698445, 78.41536096837767, 7.068205123763718, 23.49181907836696, 16.005811890010484, 72.32642043908582, 63.381694801266036, 46.52683622718697, 34.1842992032301, 81.62290870127696, 60.148987675779395, 65.38845727372673, 57.51359367992319, 77.04827381269975, 17.03070194357952, 24.649415528458672, 80.69778147261697, 47.58857671132976, 42.09699972951336, 17.277057899905248, 49.97001143625628, 14.578982341742956, 28.73606161687691, 48.189619017277714, 73.9684498683168, 9.850569873008013, 46.49747735252207, 63.05463570858992, 91.88696881278973, 71.46417021473047, 90.52432371171756, 94.04263432288276, 35.62254676273742, 55.40819516555974, 47.83639871913775, 61.51437960805277, 83.34858726732408, 29.780472925912722, 76.5666809833134, 74.24879947434043, 54.93678577833111, 59.38599442508331, 82.85428065474984, 52.17815908205884, 47.15815289429779, 37.53936650310751, 73.66541714875784, 81.80451194673127, 72.30182222272951, 22.91013373646921, 50.406882833540124, 33.06186519384925, 80.05340290808738, 70.17993694562755, 53.09702190737718, 20.512408402677696, 58.42887977713568, 33.188172366764526, 71.82486169571507, 65.8930852681371, 25.406680057292526, 42.50739847880681, 32.480307342285954, 32.84150381516415, 41.84976814198311, 93.34349694139269, 26.642742016476888, 56.449115403901395, 86.16048184396459, 30.58384018657201, 69.01175877394928, 71.12342783865525, 65.50419288406889, 52.309653245856225, 42.7717349668865, 66.19762862363626, 77.45226779502042, 59.96404277594183, 60.17711516598049], [13.599081189812425, 10.159627997179205, 42.11016656849533, 50.72778491338948, 87.46820127903622, 29.39052449647752, 72.57873740255988, 0.0, 12.316203650576904, 36.30776818079774, 18.519343652069452, 74.70392617538349, 85.70879654912807, 71.94626832848282, 97.20081287639908, 21.660850900721, 32.486955125575975, 64.05930425091753, 25.08228776528944, 36.90010811482072, 32.68969836242501, 15.82876396588026, 58.70848208353022, 59.44174339537255, 60.045697908983314, 41.71203453187494, 33.429479730072764, 48.01869369964267, 89.83227445715339, 53.80160412963758, 82.05669086579799, 101.20240898170842, 24.396332986640697, 81.40001882037981, 80.13575588985863, 93.97895429303001, 27.071865944478525, 34.89113977249218, 93.18265431921286, 36.94105639880089, 45.298271041784126, 74.76879252191146, 84.08456538664925, 34.44693810177149, 32.284731526952314, 44.66757577879453, 101.80815573379523, 35.27729011037658, 30.302830319921583, 88.37064281803349, 13.47682419739931, 46.16773127361392, 27.900376061993445, 58.71209110374037, 56.24077743494716, 24.922482917406672, 28.59785339451809, 75.67468374346991, 69.55426928427552, 74.85352934175224, 81.71047942910903, 26.370145313509155, 100.58319316529543, 42.51587053000182, 53.50766228149488, 91.56147925535889, 105.7281120027051, 101.63843593346593, 83.03157776887767, 60.77242195166967, 41.36566954859323, 89.5338290414824, 101.34836103500291, 94.96801080021108, 49.24422042094622, 71.68934490773182, 47.54828718125814, 48.02445035930501, 95.57836443636855, 36.85987901461546, 23.253309621592344, 17.897464955027687, 26.625420889564168, 89.4755343421079, 7.918913984251605, 106.64669122509174, 22.801463303171683, 20.16205886854007], [10.961422722287361, 5.1982336476330735, 33.558634374162054, 41.389348084424114, 76.2401135357421, 18.80370787194153, 64.21422138581819, 12.316203650576904, 0.0, 24.020037490808544, 15.905327672012035, 65.48420600180526, 75.21677160992184, 65.90419579650724, 84.92281737487467, 26.778393745813688, 20.87110550020157, 61.304992838842175, 21.420985299582938, 40.75200752115688, 21.61376862101872, 14.271160249969958, 48.11296330249196, 49.72175166623761, 55.351765589710105, 33.54394382181931, 21.512069873194662, 46.85712162501017, 81.24441237821327, 54.56970286334647, 72.35742987961653, 92.39353820165375, 17.41134703777811, 69.48554230379767, 70.95733452143267, 82.11903144037957, 15.550259595559313, 32.61762559027495, 80.93482314550307, 33.299285788680415, 40.53886467500693, 62.994308039268816, 71.78743807453989, 22.418170353711712, 20.538626694033585, 36.75533060940235, 92.67285653423737, 26.878809920682407, 21.886136112581568, 76.11300395785604, 7.388103758784962, 37.90108065651688, 28.139983923198546, 46.4194286514894, 44.318870677169166, 17.219664047138618, 23.749713791823023, 63.84401816342666, 58.63981528861181, 62.56633070000593, 70.24050710924291, 21.38765133743009, 88.26803929584658, 30.221214376263696, 44.23284255994405, 79.27854474970195, 97.34226369369861, 89.32653216765699, 70.7946654299604, 49.77806989642157, 39.790100398828784, 78.41808980330124, 91.25901626507701, 83.41555112915431, 43.3025569698141, 67.37664159000316, 50.05629818046578, 40.30870365811746, 85.0921265666326, 26.358772639600236, 14.67790137944154, 23.991336578125484, 26.613894223066964, 77.66528427703939, 4.669548793167108, 94.34991880669213, 10.586122735360012, 23.442036248472352], [28.71172276522565, 27.704721231964, 25.150414622204522, 28.170502752689085, 56.978999887433076, 13.636905691587256, 54.51766666698445, 36.30776818079774, 24.020037490808544, 0.0, 29.77951301467725, 53.2337581132838, 58.451250139528334, 61.93948432015754, 60.90278725442055, 46.43403858671218, 11.72356875322723, 64.83067021642523, 30.229214897522056, 57.09579491255853, 11.116937468072903, 32.233280195957384, 29.637865544633634, 37.62370800542898, 55.639374741840435, 26.283358200369527, 9.441956223290292, 55.146260285177405, 69.73203483059054, 65.01561280688351, 58.19786144340125, 79.78087845629194, 25.950135039621507, 46.149261604697294, 58.42110194722714, 60.427023409109545, 11.412875301610692, 38.81338197890513, 56.92964786681445, 36.75468726861508, 39.5470357235557, 42.0516425451976, 48.139006886780535, 8.300869079820373, 7.53282197148468, 29.10140472394772, 79.1733063135015, 22.142526568297438, 20.561768533207555, 52.71283304843718, 26.623812223999018, 28.87746320697006, 42.41939603927595, 22.974980963225097, 23.585008573822396, 21.778460362725017, 29.13297170218977, 40.7727128970038, 41.34973839574483, 39.03335774411185, 50.28911258353058, 27.96540419914098, 64.3280854071883, 6.211766342511228, 34.56198656985728, 55.711532728509965, 85.64829264089727, 65.35697653300295, 46.802768751453854, 32.96724793963549, 48.64318403608589, 59.47804152523064, 75.12984036596207, 62.83860853885386, 38.948347796876966, 67.12789060293042, 63.58750314717982, 32.17394792402091, 67.97171413973138, 14.537299551803562, 20.084045947748027, 44.86942224523175, 41.02204520502918, 56.23347522558454, 28.620137067798936, 70.33908946997383, 13.537112256920802, 42.19187095252803], [5.426088213012256, 19.913385560309976, 25.2190407414346, 34.282395288159925, 86.38439090567552, 17.478891472159862, 78.41536096837767, 18.519343652069452, 15.905327672012035, 29.77951301467725, 0.0, 78.91446009612531, 86.8503966983574, 81.3270485352112, 87.54523598022219, 39.47264085030618, 32.47849653345389, 77.20479299078029, 6.566635872848802, 54.45953695999323, 21.173351157717935, 29.381144220211365, 43.78954189082497, 62.90040221062214, 71.14964897893049, 24.48646785378087, 32.098929041510495, 62.539073648569804, 95.09301295982054, 69.79184536362534, 85.16039830612593, 105.95477064704598, 33.189175345328756, 69.40926264233659, 84.35827452050097, 90.19145450069543, 18.36684301332161, 17.106039129674816, 83.18205608921264, 18.585034707114566, 26.7953094936968, 71.7806352835304, 76.8192176010962, 32.4207445241112, 22.967963241469747, 27.116558488620502, 105.90743958463852, 18.730716816027904, 14.454265854987431, 81.70872837035925, 23.075950030781467, 28.839310348499446, 43.24106771467293, 52.35532348551331, 53.137493139898886, 9.525136826470872, 10.157654751357725, 63.45891528913974, 69.81355645424675, 68.02601785820357, 79.85533744513317, 8.072113317418772, 91.91162380777135, 35.3660395511793, 58.00932069953732, 84.44279699567598, 111.24628201384816, 92.73864312549463, 73.10275219636792, 61.032064911485556, 55.50649207740962, 88.7927905863173, 103.32984305275258, 92.56562771278286, 30.77541436663077, 83.19660962682417, 64.55163877668741, 30.243553503009547, 96.60760711422014, 23.30295038976977, 9.962789740677584, 35.948350087770514, 41.762303753573725, 86.01279794123074, 17.07931446263279, 97.21000892229807, 18.838504935855344, 37.09228058556587], [75.4721836292758, 64.88699558379659, 77.71050122587924, 78.0540132761297, 25.559300507532342, 66.30084775541394, 7.068205123763718, 74.70392617538349, 65.48420600180526, 53.2337581132838, 78.91446009612531, 0.0, 16.633663006799125, 23.04484726570101, 65.75717410205158, 67.34309253751177, 46.524971732025996, 41.097811533544245, 81.60486481010042, 65.36579217076442, 64.30280113291126, 60.20519033383433, 73.63225546128871, 16.030782244237358, 31.218405107420434, 79.02358236003259, 47.26041915320337, 48.000291058088614, 16.49986870046352, 56.34324908973843, 8.407731844729803, 27.040335438882373, 50.40075723287793, 68.48636074231585, 5.473433115197478, 39.43967722523968, 62.620345109514474, 91.46274077424037, 65.08394412999853, 89.7986875881744, 92.69839732464919, 29.394341268595515, 49.031034004125, 47.29695597536307, 60.517630497131044, 81.50149679563985, 27.193397070492633, 75.37312298108863, 73.48403419753735, 48.276202374750625, 61.29994798095573, 80.84349498776258, 56.3066114620656, 43.0692596323328, 33.983151012321905, 73.4187217957568, 81.44665402857937, 67.20498538929101, 17.28605337108442, 44.599960024782234, 26.160754833877785, 79.84236028003748, 63.389050852870135, 51.04251764884282, 21.27926366869519, 51.70553063559955, 32.52373211787735, 65.03692894332582, 59.96947581891374, 21.763805690362965, 47.72738868766475, 25.464845084770815, 27.854395091959187, 34.806224807923805, 91.5724215020051, 33.70629391007757, 62.41893124980288, 84.12388094334149, 24.461122559992976, 67.5054419535263, 71.0143038865575, 69.16138890997057, 56.27344032854358, 35.75689493108925, 67.89914860788939, 70.62498080674882, 60.170728402502846, 63.87004831503665], [84.20240219886414, 75.59205692191892, 80.81997827270793, 79.26170995841188, 10.4270456109854, 72.0790260544245, 23.49181907836696, 85.70879654912807, 75.21677160992184, 58.451250139528334, 86.8503966983574, 16.633663006799125, 0.0, 39.029536699918786, 53.96112147223009, 81.29138273584115, 54.74360393581018, 57.67167278560176, 88.43811491534933, 80.88259601161775, 69.413721225628, 72.43892953005735, 72.6667038778532, 26.917438625419447, 47.84230618399727, 82.29267821490998, 54.81051998844502, 64.25159103959577, 21.10650156115038, 72.87206633413896, 9.447888159851354, 25.506947114887335, 62.187273556912615, 61.2251554365937, 14.732281718582724, 24.490985548321632, 69.18135636677704, 97.22835044578952, 54.23891619109576, 94.94556183176739, 96.39465056307878, 22.05864687270915, 38.81735655229793, 54.4302986118818, 65.98381202687237, 84.2919642700113, 23.347685910093904, 79.85301789165543, 78.96554680434356, 36.53729681896656, 72.26253572631039, 83.26014971452867, 70.63415661890491, 41.99134216761189, 35.5633326271829, 79.9965733252412, 87.57608928095934, 61.354234036659804, 17.119000379529176, 37.322897641885675, 14.599993765392368, 86.3194505122475, 50.39515740890111, 54.65737328153973, 33.31685285354624, 39.44250811337695, 32.21568975399093, 52.03001516332417, 51.3097417686824, 25.818818262021285, 63.393814058568864, 9.376582962686452, 16.694526431018513, 18.79540316273827, 94.29442034454061, 49.758308300207524, 78.6673896402141, 86.38843391041303, 9.879864796627228, 71.54921711413381, 77.94666557219595, 82.65994026117859, 70.39081409889121, 21.725162417925517, 78.32629082592806, 57.282901146976805, 68.10752210369054, 77.49774153783977], [76.8135135465034, 63.54179553838133, 87.01326582016102, 89.58820190670298, 48.53745986459501, 72.91206503835656, 16.005811890010484, 71.94626832848282, 65.90419579650724, 61.93948432015754, 81.3270485352112, 23.04484726570101, 39.029536699918786, 0.0, 87.92247731622975, 58.38317378051213, 51.91804489081818, 19.81962157218455, 85.56738692181648, 51.57490965487789, 72.00173073476837, 56.14783915887677, 87.7119588308514, 28.086069206253125, 13.630130513153562, 88.05046930111479, 53.5541416140243, 32.08804369483481, 25.86543090851453, 37.6880585957566, 29.697295963778803, 36.245068382091, 48.610166214653354, 88.059235909137, 24.45529778672685, 62.48247896825031, 68.45185561007439, 96.46592787423585, 86.82827732021046, 95.76118841665453, 100.48384433070196, 51.0136559178084, 70.82558286524015, 54.19726069918104, 68.0930564653655, 90.98412679787566, 38.67329005304755, 83.06644887899414, 79.94694290074779, 70.66992467896709, 59.812288743035836, 90.81669239145188, 47.28816181770471, 59.589223995455484, 49.574084726011236, 78.31220312841822, 86.46392330227965, 85.81959748477296, 38.002240344444495, 65.15763852109986, 49.02935276511566, 84.4477375902143, 86.02402314721844, 61.99041945339013, 28.082459434082438, 74.21923389085106, 38.14486313676755, 87.66460322982752, 80.67401611745815, 38.348460493062454, 34.94201387608707, 48.23338745827902, 45.322580903481324, 57.657065087010686, 100.65099026204358, 10.729949165016274, 45.4807439595004, 94.11093268215124, 44.89021170095094, 76.33024386336447, 75.56111263938692, 61.24851711449665, 47.87958918393925, 58.77748454849735, 66.81073818348192, 93.32699085781422, 64.16662642385808, 56.06049494107994], [88.20841458245138, 88.41743376623798, 67.4546708118742, 60.259021386697164, 43.78465134061824, 70.2268898194951, 72.32642043908582, 97.20081287639908, 84.92281737487467, 60.90278725442055, 87.54523598022219, 65.75717410205158, 53.96112147223009, 87.92247731622975, 0.0, 104.78107054073273, 67.48806786767727, 102.51596568451401, 85.07033418734952, 111.7616213905735, 66.5084801533208, 91.27134299262488, 49.04742483582034, 62.5490410997371, 91.40469838771683, 68.98213960726846, 65.68735282387378, 101.79490642125444, 75.06676297905209, 112.12625144459287, 62.27141026544041, 77.71208871547556, 82.37794744381979, 21.407331593255435, 66.9238380164865, 31.413711463617478, 70.84319189164145, 88.30054488767388, 4.6497427968799725, 84.45725897467315, 80.81030361914989, 36.94927188859775, 17.31195744137817, 64.36026760111604, 65.59269683750935, 68.83025169888282, 74.60839577640893, 71.21290655028896, 73.82625915485329, 17.575861871343406, 86.83610231180043, 66.894244986803, 97.61700190139601, 39.694426839030434, 46.47948920037968, 78.07310880942495, 82.09742935473159, 26.703232125667462, 50.02194471779757, 25.189731028118842, 40.094110281979546, 82.30958758952737, 6.949168283232233, 54.706279800486264, 66.62096800545322, 14.527382652068479, 84.20757456266112, 6.578336430248362, 14.443118096647876, 52.29857868110577, 97.61000308440035, 45.74130871276297, 63.39438256014739, 38.657868207216126, 76.00390852468684, 97.98373483819903, 114.54042032073541, 68.61903160796024, 56.15914769363919, 64.46669466540669, 77.78506945542988, 104.078509109295, 96.58446953943933, 32.580522087536245, 89.51435015153683, 9.680260487016715, 74.40201908475102, 100.37224800636808], [34.13208533535974, 21.58147644979109, 60.33653727149842, 68.05525951469396, 85.56572261570155, 45.27873163216694, 63.381694801266036, 21.660850900721, 26.778393745813688, 46.43403858671218, 39.47264085030618, 67.34309253751177, 81.29138273584115, 58.38317378051213, 104.78107054073273, 0.0, 37.437189685673, 46.256093474671616, 45.963287893829126, 15.248117702349917, 47.63862616766773, 14.221330366183494, 73.99606019287366, 54.477859184845606, 45.10482801779606, 60.29905948868771, 39.427172610751654, 29.371094222767343, 80.29387900600858, 33.105754572057016, 75.5276799473172, 91.77736960364598, 22.449747302372742, 92.33070790812806, 72.38347617899194, 94.88045180243256, 41.38967708609111, 56.331550964609974, 101.32081749102572, 58.05611387599694, 66.09147869259397, 75.9246269996498, 89.50490677726391, 40.82574512305836, 45.66691798248506, 63.489568223557605, 93.12383319412535, 53.63529158500369, 48.61779679945974, 92.8741221541832, 20.6708338308911, 64.67257709890782, 11.264557398447351, 65.09019407426466, 59.38638714629095, 43.719222629494766, 49.11304327062176, 87.12371339937133, 67.37311523127774, 80.34772705859403, 81.06243266988375, 46.76747391729775, 106.88396780236474, 51.94973372953936, 48.04779250509011, 96.4341387655296, 95.25113957399594, 108.16880571795421, 91.53433317774446, 59.506528943146, 23.956921694562748, 87.11374212988692, 95.1645240814876, 94.20873589624956, 69.48706832497939, 55.51944724264306, 26.092256901238898, 67.02506274038161, 90.76918060119856, 52.69507250865504, 41.34976298673721, 3.92080863456537, 11.084272353259895, 90.23114123348624, 23.22626484675789, 113.64226818653479, 35.369066283917206, 4.409148337688966], [29.478035531441797, 22.508880146057205, 35.51076449342089, 39.61061069366328, 55.38138146090202, 21.00979614255156, 46.52683622718697, 32.486955125575975, 20.87110550020157, 11.72356875322723, 32.47849653345389, 46.524971732025996, 54.74360393581018, 51.91804489081818, 67.48806786767727, 37.437189685673, 0.0, 53.34719856441622, 35.14613081715961, 46.51372916213523, 20.20760364605121, 23.788563952025363, 41.29025554600178, 30.494204904784503, 44.52357516326154, 36.41215185841624, 2.3487757179092648, 43.440513704606616, 62.83298075668224, 53.373180858578905, 52.68558419130374, 73.55077206823921, 15.436322603357956, 55.251587024391185, 51.94535872060695, 61.496901761666514, 16.678138924319672, 45.38336158503208, 63.93174388952607, 44.20209440578018, 48.56708210716534, 42.282222470640754, 52.8291547849261, 3.729559370340518, 16.352570620737314, 39.481474543041614, 73.43905280921435, 31.16374038525984, 28.113511918604345, 56.692432814663206, 20.047250122175846, 39.569569090048205, 31.789680779705794, 27.832745016094023, 23.82896330051279, 27.141346090041683, 35.29430910755484, 50.32136932156691, 37.9371573722484, 43.56425897289461, 49.377007459540266, 33.52685116299152, 69.95386256712901, 15.481885831883497, 26.018277485216924, 60.07413262994868, 78.97210493984063, 71.16554418522189, 54.101430352762534, 29.066307585372623, 37.001755846782274, 57.58492336497039, 71.05044649908051, 62.57576056265533, 48.88334709490751, 56.251828796306334, 52.29750089003792, 42.79149647595398, 64.58543246344064, 24.893342605072245, 24.604928311662608, 36.59086375305225, 30.49718539330939, 56.98863101795166, 24.630762919538096, 76.51854272097096, 13.661189652342287, 33.04495793546321], [72.08240544130824, 57.64502581198676, 88.51571697306132, 92.94093286954909, 66.45132461073722, 73.01135055091524, 34.1842992032301, 64.05930425091753, 61.304992838842175, 64.83067021642523, 77.20479299078029, 41.097811533544245, 57.67167278560176, 19.81962157218455, 102.51596568451401, 46.256093474671616, 53.34719856441622, 0.0, 82.51330555022595, 35.76496290019028, 73.10757179925393, 48.70751823964396, 93.46969829644702, 40.00293055810154, 11.12523009932784, 89.25441617194632, 55.48279022796237, 16.92062477604354, 45.627890713882714, 18.778535469764357, 48.65694918023682, 55.62150163083833, 44.39891503924261, 99.25849514372433, 43.58831837024307, 79.9103277951647, 68.265541007075, 93.74060023193763, 100.77580007070775, 93.89935085663983, 100.00695941319786, 65.88855099695631, 85.20400836634833, 56.535085543262035, 69.4274296813237, 92.43936939385416, 58.266482550329854, 83.38930033800126, 79.4031960553118, 85.96682799853018, 54.20806178684878, 92.71515267625804, 36.50016360756565, 69.23040783954305, 59.42322509314473, 76.52734101161221, 84.26621310802165, 96.05668009326611, 52.974739739404704, 78.23909023131965, 65.74436940896334, 82.01390830606503, 101.54680753010351, 66.74906559110326, 36.8020989398076, 89.66666910842976, 56.72757455170526, 103.15068466361073, 93.39100642108272, 50.46619215808958, 22.798764740558497, 66.54078492343248, 65.121674784272, 75.81125748271695, 101.31212032487295, 11.10517030805282, 27.44936266852766, 95.86516166666493, 64.3339853861873, 78.07779116726542, 73.67908614277538, 49.78157748935967, 37.60208713250189, 75.84452065241753, 60.81197931496468, 108.92485858874262, 62.83213315706011, 45.21733448067052], [11.83170720909053, 25.889575598577654, 20.111949452815466, 29.229392525383403, 87.20295135839203, 16.756693286340305, 81.62290870127696, 25.08228776528944, 21.420985299582938, 30.229214897522056, 6.566635872848802, 81.60486481010042, 88.43811491534933, 85.56738692181648, 85.07033418734952, 45.963287893829126, 35.14613081715961, 82.51330555022595, 0.0, 60.87823402013184, 20.082715344315794, 35.38614413194968, 39.44190718544014, 65.58553129719158, 75.95854662200277, 19.135820219979454, 34.35331743586263, 68.27810288635499, 97.9653526975569, 75.8390255648257, 87.42308052731259, 108.58619298901905, 38.181899090671074, 66.1120131594812, 86.99327279400843, 89.98857311252462, 19.266963615019282, 11.230514976704729, 80.60269841867289, 12.129932445465121, 20.229741871569534, 72.10200301116807, 75.42744970154622, 34.41077551738513, 22.832005066986415, 21.42950041123137, 108.32547638043903, 14.306819274570607, 11.297698864137882, 80.49793233476026, 28.781274424472567, 23.289380243373667, 49.304857356388695, 51.78722615611811, 53.80702066094553, 8.46009617394213, 3.9253886627276176, 60.13342327162025, 71.3215417006544, 66.93491884167409, 80.47503798823207, 2.7653087444450972, 89.80162528756371, 35.15647742871124, 61.11398169117056, 83.02227762843467, 114.0941087532913, 90.52976930574732, 70.66055961833624, 62.70246153530369, 61.21025847509487, 89.70720730882441, 105.0586434899861, 92.84834992715375, 24.2818803079844, 88.02658851894182, 70.83871002871996, 24.324258958885036, 98.06471902805417, 20.704381188330444, 10.601914040373021, 42.47583218465519, 47.803995025985074, 85.97358702903142, 23.2640336937927, 94.7500806129506, 21.688560715365874, 43.468910226360045], [49.06635739562715, 35.634408415485254, 74.02293212775874, 81.20272361879762, 86.81273114416507, 58.42937476730732, 60.148987675779395, 36.90010811482072, 40.75200752115688, 57.09579491255853, 54.45953695999323, 65.36579217076442, 80.88259601161775, 51.57490965487789, 111.7616213905735, 15.248117702349917, 46.51372916213523, 35.76496290019028, 60.87823402013184, 0.0, 60.31924576631428, 26.7703637610505, 86.03297267365394, 55.3062198294327, 37.96759935334356, 74.1427138897878, 48.77423974469136, 19.61118410121459, 75.93165572013831, 19.409334654137258, 73.77252178116908, 87.11675357789117, 31.213211329270404, 101.5969878749207, 69.81905842957943, 97.76166647485864, 54.146592471162336, 71.43255952678552, 108.71999843452976, 73.00419806375594, 80.86171785308622, 79.67740415557053, 95.51009224968938, 50.201003081798426, 57.806548064945154, 77.39152058181583, 89.01475077874251, 67.49851493045837, 62.57131300158842, 98.1971857647, 33.84697716930813, 78.41624045557366, 14.730353516377885, 72.63252605363584, 65.33578145538178, 57.95896578673135, 63.87073825606813, 96.8032702369148, 69.28435390349, 86.70092304496549, 83.36676235001961, 61.50474083419959, 113.01340211709842, 61.90165140213405, 49.152686479933564, 101.89595249370058, 89.6426921477743, 114.41818221954928, 99.3818931343549, 62.58031894811113, 17.657803070494374, 87.93434866677723, 92.9364416285929, 95.96527824423642, 83.98198210186624, 46.27895449388669, 11.20536830877909, 80.96503963200051, 89.71540351199268, 65.54625322656868, 55.42328094806491, 19.09816274365034, 16.081011245338722, 93.15941928160551, 37.76849305711098, 120.08345888569175, 47.93464904477311, 17.444171075577884], [21.81983057133896, 26.518174141326153, 15.411299591672817, 21.010181977774206, 67.49329562633815, 3.7195107183035696, 65.38845727372673, 32.68969836242501, 21.61376862101872, 11.116937468072903, 21.173351157717935, 64.30280113291126, 69.413721225628, 72.00173073476837, 66.5084801533208, 47.63862616766773, 20.20760364605121, 73.10757179925393, 20.082715344315794, 60.31924576631428, 0.0, 33.78285112409689, 26.519783975867533, 48.5961507329763, 64.64992125001521, 16.22657680242045, 18.449788407552262, 61.703765534813584, 80.80265041581971, 70.9653059727856, 69.31294949327541, 90.89519557734506, 30.705189860084676, 49.1375603618254, 69.51465930253718, 69.90793042305188, 6.249285682084929, 27.82013512736123, 62.2053327345875, 25.644948684446994, 28.699313068002116, 52.162680017645265, 55.71121064549514, 17.844448471010832, 3.9180738174958676, 19.35319251131377, 90.28750051056517, 11.19081835092101, 9.572239814888537, 60.670506171209766, 26.973948584150914, 19.628408157419052, 46.216344040748645, 31.70896586055017, 34.184008790835804, 11.983879845093941, 18.410180083455014, 43.291703558153706, 52.34569469759214, 47.0304449450994, 60.662307286994604, 17.56914681092099, 70.75888884481114, 15.18330554148448, 45.19315242330008, 63.33142147149231, 96.74592755280834, 71.60554250585375, 52.080142595106366, 44.05232122652852, 54.8251828292585, 70.0559639293117, 86.10540584889131, 72.8592665821179, 28.68351917570955, 76.43985746773575, 68.2415356408886, 22.757593363990722, 78.84978422349488, 5.282264836688013, 11.288619057935293, 45.25981336735969, 44.70394829229317, 65.91113300215883, 26.119929038585074, 76.15370031076655, 12.394581599414558, 43.81648002670289], [24.011249246888887, 9.498316140843345, 47.25352613730422, 54.51895386717291, 75.39857024742469, 31.708639040657207, 57.51359367992319, 15.82876396588026, 14.271160249969958, 32.233280195957384, 29.381144220211365, 60.20519033383433, 72.43892953005735, 56.14783915887677, 91.27134299262488, 14.221330366183494, 23.788563952025363, 48.70751823964396, 35.38614413194968, 26.7703637610505, 33.78285112409689, 0.0, 59.950062401249724, 45.63622643964254, 44.24011496616074, 47.38917694120851, 25.614944709474607, 33.30405568438346, 74.78870215299327, 40.454037275484815, 67.91211223148163, 86.2414195294336, 10.346769255914003, 78.22711808849868, 65.55477886838426, 83.49243911819387, 27.552447779602478, 46.44176152471882, 87.6776804218371, 47.41679888636835, 54.80044615664178, 64.2781022408908, 76.47946209064455, 26.976145907823856, 31.58912696135156, 50.645781686802835, 87.0632011714668, 40.75660848949839, 35.86602009161401, 80.14568622013051, 7.092678998326666, 51.648688146356854, 13.924739471559468, 51.619641912292025, 46.77966073384404, 31.43726606217945, 37.94865279345302, 72.96473732365338, 57.165469992648575, 67.24018122075383, 70.25349868866597, 35.5770