instance_id,num_cities,city_coordinates,distance_matrix,best_route,total_distance
2376,77,"[[28.092804032784002, 84.5172710371705], [61.41832436968164, 60.50094026332331], [77.35190219019086, 29.417021289989563], [82.64521223061283, 27.301687620718663], [13.984734647700048, 78.70503614911676], [50.86938124228334, 99.33476930258593], [94.0661192423149, 42.17147299472467], [56.96077070132488, 75.42511507545417], [41.724189346777806, 16.74624657152306], [52.525749538024826, 20.601067915963288], [28.186316651693755, 16.630766471453395], [88.60394838583112, 52.72507748654984], [20.874695976130543, 57.92184724288133], [75.47277619719074, 80.11376540434435], [22.27156069749161, 34.78242531985038], [81.9240484771667, 38.49161139490486], [26.07149399300711, 27.5595085465531], [72.42562407966449, 67.63428451731716], [46.12502425581698, 46.477832442700205], [1.853369276098249, 72.68008712181818], [59.53742878458501, 94.9534450731816], [94.66072294093291, 90.9943608647064], [43.750062382975365, 38.87784599991946], [11.00745502056677, 94.3264427233408], [16.955967843843833, 55.48382040747216], [58.6616143144401, 83.82467373701249], [90.98627453150387, 36.61150875710298], [14.293282961504373, 59.14404337103094], [32.33729406034617, 32.48739684899664], [44.809020405328226, 31.568672209363736], [33.8867930730785, 62.464862551510734], [11.203278886539469, 58.12988373025571], [86.44344316046774, 89.36976727819619], [46.155068040948336, 95.9662456976278], [47.082082967960616, 4.529786937707492], [75.61894292320255, 93.686349338602], [11.576753296831777, 4.720200196742919], [59.1687916992653, 81.14844572767251], [89.4923939782631, 8.192035312540346], [30.157342556125666, 37.60174834788208], [60.78181078623782, 8.584576941212084], [87.85787255580388, 4.563885768911213], [53.862492095484086, 10.065212176986504], [9.967848837951864, 18.48017343283541], [8.691348337363314, 96.87916696196856], [3.0811009000016987, 60.297351987586204], [48.25037293138834, 71.09046505118847], [88.90534994654978, 65.22658759093952], [14.165239330890122, 95.34244275748068], [62.62557750982742, 92.83982434424495], [98.8049278543858, 51.81159088752536], [45.08424214691087, 0.5987005424695324], [42.34366974342345, 83.17376600634461], [62.66534980651192, 46.49425293760768], [16.41471506000114, 5.392473599240299], [27.76974297858904, 20.90372344613145], [77.5974863698069, 48.24374175161144], [24.010153157104497, 74.04291084657892], [99.44028520189498, 68.6608426687029], [21.46480659237645, 82.26807897019405], [24.215757495459744, 2.0505483164192984], [30.38904777928295, 84.18580007208418], [84.59298560359167, 8.34503054668878], [52.04508989640914, 43.86577287139044], [49.8605724885058, 92.23262904785955], [34.79557967441001, 76.10610799577778], [44.22607171659841, 51.046097891873146], [68.62455412450811, 22.956375085441614], [6.581019004436328, 25.069224339543993], [14.935087842214035, 35.80890613839634], [80.58830717760407, 62.17986937381268], [24.250574113846312, 76.49941080036403], [47.66649483660409, 27.801536921536695], [7.70866877236267, 35.59345609698772], [34.33493660017775, 86.5790884269941], [59.35710260879507, 73.00670754474187], [73.01984572964078, 44.05164546595767]]","[[0.0, 41.07766363321821, 73.9087022852029, 79.05433717303244, 15.25843033107443, 27.17224179610276, 78.39416388729285, 30.265934639593752, 69.12833299524841, 68.42696725336793, 67.88656897178575, 68.35453285390393, 27.557533465739787, 47.58416358578019, 50.07436222753437, 70.824884214071, 56.993617205916, 47.438741205249514, 42.097029049024776, 28.785879514029865, 33.13122627207584, 66.88228854035916, 48.250459653515165, 19.70098982381437, 31.09614728171994, 30.57665536084792, 79.06042430323585, 28.882996104878742, 52.20271548139307, 55.524643246415685, 22.800855883441123, 31.32970265659657, 58.552060650145734, 21.385144420284423, 82.21064606874094, 48.402539961546815, 81.48835773670227, 31.258054856519973, 97.95637423819512, 46.960926188944555, 82.67009855563104, 99.82187751898861, 78.78569598200659, 68.47928344265259, 23.0050636590493, 34.81651579883962, 24.219964964615116, 63.798873096133605, 17.639767609003346, 35.521505282939366, 77.90934455771294, 85.62146601793442, 14.314055304858003, 51.39076596701195, 79.98194378514265, 63.61436791764993, 61.37167506366319, 11.241897507758036, 73.08823017272336, 6.9992296021918605, 82.55780911672645, 2.3200449012962627, 94.8392362836923, 47.183220547300884, 23.094642079387604, 10.755225009773893, 37.15644974805969, 73.70594735757466, 63.22046465559254, 50.4542397273383, 57.05030555131142, 8.890939968695223, 59.99836554406145, 53.00049658839438, 6.573835253327896, 33.315903670217295, 60.46408792416124], [41.07766363321821, 0.0, 34.92977126897628, 39.405217221683216, 50.80683557290731, 40.24110434562849, 37.4412590653168, 15.57564696984758, 47.982623671112776, 40.8788172587251, 55.03597446668203, 28.275823508266818, 40.625577215868034, 24.128624622718153, 46.83920491323414, 30.08147733091731, 48.31703986408973, 13.116601966644238, 20.749279055464882, 60.79733130246254, 34.50380929513935, 45.109929757679545, 27.92356866797184, 60.70766315059557, 44.744526363329484, 23.486080845478646, 38.012742790574784, 47.1445722952148, 40.37901606625468, 33.36083201789871, 27.60148920420559, 50.27099264941006, 38.20557215521853, 38.610295042969106, 57.77800465685895, 36.096107031038564, 74.80423229594267, 20.769686543990034, 59.36644609152145, 38.750767403081014, 51.92026512004117, 61.8708636904085, 50.99856144005151, 66.42963403077994, 64.05864016079875, 58.33757871507348, 16.897721157424197, 27.890290742988128, 58.709320739841964, 32.361410410297, 38.38310712666671, 62.089295096939765, 29.629368475963886, 14.062089541759592, 71.14961664664617, 51.96312740107821, 20.297886549633905, 39.7838691022787, 38.88770387656855, 45.49826271700484, 69.28549127182151, 39.03573478089173, 57.072794233997556, 19.09414356939244, 33.77101866490685, 30.859225445037538, 19.620591111289606, 38.22988519045739, 65.28810422293297, 52.63447375337819, 19.24336363045946, 40.464709545537424, 35.47342377633811, 59.20396837948344, 37.59760237993481, 12.67449606274551, 20.128949232292985], [73.9087022852029, 34.92977126897628, 0.0, 5.70033049185599, 80.27892831317347, 74.76506806597104, 21.02477324381726, 50.32437716622362, 37.8137865654688, 26.34499742648793, 50.80101488777379, 25.881924720755112, 63.26294274178324, 50.7315580116946, 55.34104787005766, 10.161333930234438, 51.31403919456954, 38.533458508276894, 35.583552137423574, 87.01563846429825, 67.91449259921755, 63.96377119027072, 34.9083205356802, 92.81604743284127, 65.78105275684976, 57.52842345896918, 15.416120103839788, 69.71431202296405, 45.11919936298546, 32.613935005490944, 54.60197361459735, 72.11150278895884, 60.638171713374156, 73.49858318493995, 39.18719675419394, 64.29268757519164, 70.2588299365666, 54.83398381913271, 24.451821416801764, 47.899021034521496, 26.618765310965664, 26.98247132032619, 30.43427184184666, 68.26584275630037, 96.25701405115551, 80.43473595580265, 50.828878800527825, 37.62721347271208, 91.31656782293821, 65.11003444823498, 31.012079220966164, 43.26311934402825, 64.1511024187914, 22.523913107294554, 65.50205849501864, 50.307720602934005, 18.828322148543386, 69.54719411037142, 45.03303432454998, 76.91944976581377, 59.76933759071246, 72.14657873871879, 22.28142910330444, 29.1410564450525, 68.56802306292144, 63.17366067822701, 39.56181996844096, 10.858478421948272, 70.90431048401794, 62.74324589360274, 32.92231054780671, 70.96832001307483, 29.729332308228837, 69.91658106497484, 71.53992764846626, 47.15796390602911, 15.262337237435943], [79.05433717303244, 39.405217221683216, 5.70033049185599, 0.0, 85.77042276825756, 78.7303517811615, 18.749603570181115, 54.54864624042106, 42.26047147870446, 30.855799087334564, 55.49450302371801, 26.112358929012007, 68.9433887594161, 53.296898582161994, 60.83534528517086, 11.213138331055312, 56.57430571255647, 41.6071911380534, 41.248620097501835, 92.66348271713261, 71.48936943487047, 64.81611776861683, 40.58127800464782, 98.10344568185145, 71.47943366112288, 61.40082188788183, 12.499843594974056, 75.40505191655696, 50.5744818147106, 38.076036680824174, 60.11515873683854, 77.80955927973822, 62.18418665998199, 77.75829318394105, 42.229085044185304, 66.75546248643673, 74.56976216605293, 58.74194140129755, 20.299327802289906, 53.48894945639896, 28.780871336823672, 23.327654419548466, 33.54908440031601, 73.21077968629976, 101.53915311949046, 86.13455566055272, 55.681792349696316, 38.438097793384024, 96.5352321586661, 68.52760859350995, 29.35765261715306, 46.08552910111691, 68.89051799758991, 27.704683104649487, 69.7602495301253, 55.24718156801404, 21.54180047227, 74.98541258940641, 44.639155260756134, 82.24564555064802, 63.65234651458213, 77.24318075108009, 19.056460021075598, 34.795637759060455, 72.73829636192026, 68.34807081336758, 45.164448152949795, 14.67857604665779, 76.0969472676198, 68.24246267244432, 34.938781043404376, 76.35672679501876, 34.98228865945534, 75.39389212618131, 76.47020974102551, 51.2960514661037, 19.318611960886802], [15.25843033107443, 50.80683557290731, 80.27892831317347, 85.77042276825756, 0.0, 42.26183910326962, 88.02118719573471, 43.101015732020954, 67.88496853444599, 69.72432110257901, 63.67809582133746, 79.01256426041097, 21.895490590976387, 61.504176863904355, 44.697508074149866, 78.94852686454271, 52.554302823041695, 59.480241251125456, 45.514732503097264, 13.545111168271948, 48.363816388827544, 81.6066332417595, 49.72101980419015, 15.902595301879279, 23.410533680928122, 44.96925911984503, 87.75592397541743, 19.563426093766843, 49.728127045674206, 56.320275194007785, 25.687256919483588, 20.762307030064292, 73.23934003931076, 36.508625086551184, 81.2243932658615, 63.4288213246113, 74.02401181431468, 45.25007471825523, 103.31258347635777, 44.17050503028915, 84.30210634760869, 104.66207853893395, 79.3830017950274, 60.3586734513234, 18.92931508092962, 21.394673755273985, 35.101505095849795, 76.12336810923217, 16.638385756818025, 50.652974558847994, 88.98158558745574, 84.07008402869405, 28.70886180781697, 58.37239799202342, 73.35282293432009, 59.42237124914295, 70.5299414293667, 11.056420244603265, 86.04380827922805, 8.285333453903073, 77.33423778252777, 17.295671785112145, 99.67976470389497, 51.598109533127925, 38.34151158227733, 20.972498617760273, 40.982378325723616, 78.06038100631268, 54.144393188937066, 42.90665613970579, 68.62300642421461, 10.50010681487321, 61.03791610986638, 43.56601126408872, 21.82043580640342, 45.728795340359, 68.45437770001813], [27.17224179610276, 40.24110434562849, 74.76506806597104, 78.7303517811615, 42.26183910326962, 0.0, 71.64914946197, 24.673398444533774, 83.09331273757779, 78.75112246799408, 85.7582270310717, 59.96966673825007, 51.13424740561585, 31.221371433096607, 70.60340256373999, 68.3101911961045, 75.93828592103144, 38.33526236880613, 53.06943279727962, 55.79463693964625, 9.712417320047955, 44.57851523636175, 60.87466037888831, 40.1753219928596, 55.43487464886464, 17.35747564319289, 74.45517134917658, 54.342482611218344, 69.36864896527688, 68.03654818347354, 40.59308222785991, 57.1947748585933, 36.943404644197436, 5.794109097820094, 94.88060027963357, 25.385930187549892, 102.44914493515319, 19.990562250845098, 98.98856030867337, 65.11493240978444, 91.28994289126386, 101.73332224695959, 89.31972090182664, 90.61126324184679, 42.24945493830378, 61.70607497400837, 28.36547068493744, 51.08916690401818, 36.92062708966959, 13.431026047659069, 67.50014159741242, 98.9054048500649, 18.271994529960722, 54.14115850335863, 100.06137588374112, 81.76198531133399, 57.66007891012971, 36.893037791571906, 57.44582218573128, 33.99854304589691, 100.869397300284, 25.474209065295476, 97.0382092270074, 55.48145506314127, 7.173429535410734, 28.24779288634376, 48.743505701435204, 78.41495563517967, 86.46866599160852, 72.98498977815647, 47.57836848260177, 35.07156242407697, 71.60490078345808, 76.97923168027421, 20.882893818213827, 27.66239776158947, 59.55557789276886], [78.39416388729285, 37.4412590653168, 21.02477324381726, 18.749603570181115, 88.02118719573471, 71.64914946197, 0.0, 49.82581260733851, 58.190375182330534, 46.80688721150932, 70.65745593415521, 11.883344572774673, 74.86694015843541, 42.25316507542068, 72.17379484402649, 12.687445127356996, 69.54695225405952, 33.41654981472151, 48.13411804738489, 97.12860954573519, 63.072712334390175, 48.82650851252032, 50.42374001056643, 98.07590208452824, 78.25084052157403, 54.66688303959937, 6.3559929016907155, 81.55840578054276, 62.48383142175515, 50.38532693484011, 63.50884157254653, 84.38555080717693, 47.80987527611786, 72.03711819178346, 60.202958347948986, 54.71819440436053, 90.59300926824694, 52.316611827141934, 34.28587388398425, 64.0719448813064, 47.28556625344295, 38.11657046309049, 51.45039960445419, 87.37160156444735, 101.39912862686042, 92.77295431328534, 54.17924613345037, 23.625660811260094, 95.97553144490443, 59.630440992086584, 10.741889035404036, 64.24577568335718, 66.0030288272903, 31.696920159457925, 85.92109966718358, 69.62418169402928, 17.552444745542264, 76.96510205850933, 27.02902820091368, 82.93785872113024, 80.55284993846449, 76.28874825209431, 35.12788734933249, 42.05517280147048, 66.78510095208006, 68.29755715488862, 50.623999293129394, 31.882490857944852, 89.14106614066992, 79.38641185646948, 24.12441385224452, 77.7985710381179, 48.573863421994176, 86.60761835991777, 74.43017189425724, 46.4276590560038, 21.13008938201329], [30.265934639593752, 15.57564696984758, 50.32437716622362, 54.54864624042106, 43.101015732020954, 24.673398444533774, 49.82581260733851, 0.0, 60.624772331740516, 55.00314136178951, 65.45796081167745, 38.94332292589967, 40.10697163699958, 19.09653867551839, 53.43378632719478, 44.578570316184305, 56.96721604521849, 17.31642950492807, 30.908875308750343, 55.175727184218545, 19.697584607717022, 40.788329376365425, 38.86162234328419, 49.68870504358282, 44.69943494834372, 8.570032363138086, 51.61618880093217, 45.66823629036164, 49.49710343427672, 45.508819102706994, 26.464629018242384, 48.917001997915705, 32.61412731299948, 23.209938759541522, 71.58027677434683, 26.107471487580174, 84.0172245660206, 6.134482087508918, 74.68998277840852, 46.35764048075857, 66.94966680578464, 77.30423482475273, 65.43329609011404, 73.83130151865358, 52.822471332755384, 55.96309528557438, 9.729348392538018, 33.53305989627034, 47.20336266910531, 18.312895322536082, 48.04718527056458, 75.76307967846785, 16.543918268121136, 29.487912893360495, 80.92313328217854, 61.844144789199845, 34.12771731821337, 32.979594980469436, 43.01470136356734, 36.14954526530685, 80.34962935153061, 27.97867153129231, 72.54844616386602, 31.939880997414743, 18.245693754799273, 22.175649812737362, 27.50470936165173, 53.74953506666329, 71.23085786965555, 57.75467106926663, 27.086842075715577, 32.72783329363639, 48.52204406279498, 63.34296015657723, 25.225770360872936, 3.4045706917856267, 35.24469443906529], [69.12833299524841, 47.982623671112776, 37.8137865654688, 42.26047147870446, 67.88496853444599, 83.09331273757779, 58.190375182330534, 60.624772331740516, 0.0, 11.468798985189528, 13.538365217477862, 59.09473818853746, 46.15334727254161, 71.7942167408199, 26.52750469246296, 45.70437140367519, 19.024550096614252, 59.43206626586594, 30.05552438923331, 68.68971401756119, 80.21020755955236, 91.18694569431925, 22.224127762811932, 83.43982623796353, 45.97895630735879, 69.1837535519074, 53.116679851521575, 50.49779993791804, 18.32750979201591, 15.14002920899144, 46.385521744145336, 51.42111822789858, 85.28767449922529, 79.34381480331336, 13.339749249538263, 84.07516716495559, 32.45756755818199, 66.72299009625354, 48.52809396606011, 23.848352123828892, 20.731757911091535, 47.71505675524014, 13.855490399124488, 31.803642320855012, 86.67441096110623, 58.223595454647125, 54.73467963134203, 67.64913436918752, 83.28780091273713, 78.9119801132613, 66.9909626783622, 16.493428921242675, 66.43040790350021, 36.37961083020189, 27.739460149381923, 14.560603950577057, 47.738722667475706, 59.9724504683402, 77.62907321803084, 68.58245482970749, 22.85844992770307, 68.38551608864405, 43.68425486607447, 29.017058687685402, 75.92361075444684, 59.762854519331256, 34.39097579293936, 27.607885129693244, 36.11529289148574, 32.879187173413, 59.78824078118605, 62.255665321859475, 12.55111306847023, 38.88795374978253, 70.2226947486663, 58.958961142687215, 41.53315443375837], [68.42696725336793, 40.8788172587251, 26.34499742648793, 30.855799087334564, 69.72432110257901, 78.75112246799408, 46.80688721150932, 55.00314136178951, 11.468798985189528, 0.0, 24.66112906556575, 48.307229510633164, 48.934954389949255, 63.783439816617204, 33.41297413005056, 34.41411812740593, 27.35411362940762, 51.06983914839431, 26.6566356937721, 72.6630192247273, 74.68225783133423, 82.04006140801783, 20.274449491255755, 84.6120539292522, 49.819833311198074, 63.52065152035093, 41.659887166213736, 54.288879685021136, 23.427730365498046, 13.410303965385138, 45.825626011975615, 55.820772093961175, 76.67818433321878, 75.6339580135741, 16.968193127380452, 76.64694345733244, 43.9206358409873, 60.91071308915926, 38.993805807125476, 28.095707253174844, 14.579389653909434, 38.801419151381545, 10.620317171226702, 42.610715851835124, 87.97615087449977, 63.40795098434064, 50.67009046969484, 57.57527535449257, 84.01072465198652, 72.94137684034085, 55.819880775543936, 21.34176030219183, 63.395719849636855, 27.80770620115606, 39.18300846238933, 24.757856553845066, 37.31902202022669, 60.573672604359636, 67.16186124461272, 69.04782711306304, 33.84637981916477, 67.32794165961944, 34.32955113137724, 23.269669751720905, 71.68112526249762, 58.268073570819624, 31.5560533364603, 16.27018687588963, 46.16148487245232, 40.550415412528054, 50.16277376646915, 62.642719309510376, 8.686720333561041, 47.25825252510302, 68.43979007780305, 52.849015598012144, 31.143820673441912], [67.88656897178575, 55.03597446668203, 50.80101488777379, 55.49450302371801, 63.67809582133746, 85.7582270310717, 70.65745593415521, 65.45796081167745, 13.538365217477862, 24.66112906556575, 0.0, 70.37818917829838, 41.93343711378676, 79.15870394253152, 19.091020322297034, 58.014139332697525, 11.131481402838935, 67.51648076404202, 34.82304664440186, 61.92697685866225, 84.3642946709017, 99.74362567398022, 27.15074085055287, 79.57217726805965, 40.443547501439085, 73.78187406975745, 65.90193299131269, 44.72577666018659, 16.390953003933905, 22.34849677082976, 46.18722545148919, 44.83971794059906, 93.19256959341031, 81.34490943221701, 22.438442244396168, 90.4843460826713, 20.438668836874978, 71.57125607869237, 61.88414417880972, 21.063404852431667, 33.57390957025502, 60.87942340320516, 26.502311005153764, 18.312096428021487, 82.58244105657609, 50.369063407777865, 58.0381350819472, 77.77116968735218, 79.95072603167719, 83.62943973454007, 78.89663272150129, 23.29306815327671, 68.03235578505598, 45.613940316587765, 16.274821987203907, 4.293214987928487, 58.658706932356296, 57.56383120748477, 88.22843568399394, 65.9805690300928, 15.111191265467445, 67.59093570296837, 57.011978759414575, 36.20754941096344, 78.64740930953404, 59.84144556357632, 37.96957702318351, 40.92999357738881, 23.194750647897195, 23.310858114748925, 69.4311845375499, 59.99787198814492, 22.455811153559132, 27.909096375630295, 70.21804092729214, 64.41944294296808, 52.554257053205184], [68.35453285390393, 28.275823508266818, 25.881924720755112, 26.112358929012007, 79.01256426041097, 59.96966673825007, 11.883344572774673, 38.94332292589967, 59.09473818853746, 48.307229510633164, 70.37818917829838, 0.0, 67.92833023030416, 30.373803003675146, 68.71626025338792, 15.722996526482552, 67.4063328810012, 22.000514349482454, 42.93584826088104, 89.01609621533441, 51.264974307623675, 38.74561353610209, 46.94269814786435, 88.0448145670737, 71.70107236470544, 43.170919107479904, 16.288725397125575, 74.5873857889681, 59.795485670501996, 48.63732312812849, 55.577248030390344, 77.58914595141887, 36.70832429783213, 60.59460430428533, 63.61486727854648, 42.97017754911206, 90.76153935940148, 40.91841042041029, 44.541903650863645, 60.371523231151265, 52.17715140752383, 48.166970185047916, 55.016660144034354, 85.76916465579039, 91.29954689870952, 85.85742124710877, 44.336198668320556, 12.50514285368067, 85.77506180937498, 47.79193100124912, 10.241798664515496, 67.90525756109214, 55.381729953556714, 26.676470359077868, 86.32300272189373, 68.65419958382861, 11.88379468349314, 68.02064687443537, 19.271087346901385, 73.35157324437026, 81.93745805643054, 66.17213702332903, 44.56092894930245, 37.616983030458016, 55.334399845764956, 58.66867248419458, 44.40962632300535, 35.851803827633745, 86.559847259535, 75.58609572451134, 12.39530530525484, 68.6044874968576, 47.92763271215236, 82.68941114300274, 63.962642979688574, 35.59104530247868, 17.835152890135603], [27.557533465739787, 40.625577215868034, 63.26294274178324, 68.9433887594161, 21.895490590976387, 51.13424740561585, 74.86694015843541, 40.10697163699958, 46.15334727254161, 48.934954389949255, 41.93343711378676, 67.92833023030416, 0.0, 58.9358260781199, 23.181546065390638, 64.06682063208507, 30.80386860020609, 52.457884308705935, 27.72263611164525, 24.075226141276502, 53.53640019727737, 80.85894466610573, 29.76501926069153, 37.71812583057442, 4.615236183008463, 45.81274514685994, 73.27867339072624, 6.693934616109918, 27.89807200648899, 35.59974326072175, 13.782367683197347, 9.673654309562306, 72.72023296078667, 45.67793193128532, 59.47721611315432, 65.39137698471268, 54.00802705607207, 44.78741613920491, 84.74339309786309, 22.339962995306077, 63.45663127906379, 85.63771363926864, 58.124454514793264, 40.92193723950099, 40.81797054462946, 17.951463687547935, 30.378284739923963, 68.42170058684209, 38.0173352188395, 54.427945337777956, 78.16940752830867, 62.22576052915767, 33.14477690160638, 43.324919609581414, 52.71836990239254, 37.65478937130855, 57.54251190159404, 16.423147793531676, 79.29614008983899, 24.35338230840667, 55.97110625855111, 27.934174561793334, 80.7333957342121, 34.193079473516626, 44.91559623626844, 22.901055479395552, 24.342610338876987, 59.183048218074, 35.82742012760654, 22.896748875657195, 59.86523294190248, 18.88180131589719, 40.31170524840361, 25.921059459334906, 31.66094676319172, 41.333383971898435, 53.95830927807677], [47.58416358578019, 24.128624622718153, 50.7315580116946, 53.296898582161994, 61.504176863904355, 31.221371433096607, 42.25316507542068, 19.09653867551839, 71.7942167408199, 63.783439816617204, 79.15870394253152, 30.373803003675146, 58.9358260781199, 0.0, 69.89491916084799, 42.11914788330702, 72.12791829307213, 12.84611144420839, 44.63929356758042, 73.99376087361354, 21.775017562200535, 22.058210666614304, 52.02625895513569, 66.01346704256034, 63.48898369332493, 17.215864907157986, 46.18565755698615, 64.67348478882072, 64.25683466330916, 57.41856836052545, 45.17607513172992, 67.92539538364234, 14.353713955206373, 33.329103543052916, 80.74013415198961, 13.573370965396249, 98.82758429303048, 16.33678284975581, 73.27540475579556, 62.13501525135977, 73.0222518613341, 76.55831061838138, 73.30623567066078, 89.94217680070686, 68.85374206523363, 75.05494582662439, 28.67889797096869, 20.05148624865256, 63.170615720750554, 18.083226765553032, 36.679727143680175, 85.12407733252196, 33.27012621120166, 35.976406008017506, 95.24245919918035, 76.03557356230273, 31.94077019959559, 51.819463961214005, 26.563338025917446, 54.050919028029014, 93.38708598251749, 45.267251235246675, 72.34590190663926, 43.15985922216281, 28.334640192267997, 40.87414384249979, 42.6765255792109, 57.56618289954766, 88.18149301378335, 75.01821289486801, 18.64921671399333, 51.349562271457465, 59.2432150709394, 81.08040574581719, 41.64279347614392, 17.61321113901299, 36.14544732506739], [50.07436222753437, 46.83920491323414, 55.34104787005766, 60.83534528517086, 44.697508074149866, 70.60340256373999, 72.17379484402649, 53.43378632719478, 26.52750469246296, 33.41297413005056, 19.091020322297034, 68.71626025338792, 23.181546065390638, 69.89491916084799, 0.0, 59.76769495006199, 8.161496171925005, 59.95560629726962, 26.566337186325914, 43.04805815570535, 70.77638407294076, 91.65136391787257, 21.8654637545163, 60.600083211560865, 21.372956883865236, 61.068634601201175, 68.7390532631242, 25.634768376253295, 10.324056558064404, 22.76544089486346, 30.020508893483086, 25.838163179147635, 84.24849198009069, 65.68014767831359, 39.125236669113505, 79.4708465737151, 31.907934509924043, 59.25549345045426, 72.28892908116795, 8.374612699005956, 46.5764599510085, 72.21304893000618, 40.11143941748326, 20.424121574997102, 63.56435707465431, 31.926246727403036, 44.64495978513687, 73.25918977218016, 61.10014859347484, 70.70437224364595, 78.40503024872356, 41.09678180306092, 52.38903907296, 42.05740249625588, 29.96784781997504, 14.928106849019509, 56.94001309777296, 39.29896216867672, 84.2778690030754, 47.49250630137893, 32.78956653200787, 50.06582700238458, 67.69708889397432, 31.12828687385259, 63.73130690637434, 43.179830954219284, 27.32229125856848, 47.837803709950926, 18.453708892938867, 7.407934720761749, 64.43184663437563, 41.763900340886494, 26.336960393325025, 14.585458242525315, 53.18288584878083, 53.25817468204483, 51.587855894786486], [70.824884214071, 30.08147733091731, 10.161333930234438, 11.213138331055312, 78.94852686454271, 68.3101911961045, 12.687445127356996, 44.578570316184305, 45.70437140367519, 34.41411812740593, 58.014139332697525, 15.722996526482552, 64.06682063208507, 42.11914788330702, 59.76769495006199, 0.0, 56.91237752100115, 30.651516483770223, 36.67901118930326, 87.06414612370673, 60.73795686038239, 54.02556411815336, 38.175939955548245, 90.25902512748277, 67.15345611585985, 50.95318816804898, 9.255199997221931, 70.71381329530332, 49.94894198986969, 37.755163828807035, 53.68700660099524, 73.39679142720064, 51.078485435532855, 67.69603791713595, 48.65560688149102, 55.55369882123089, 78.03364757272668, 48.34673956247115, 31.230500546660494, 51.774353672045024, 36.62546824812075, 34.442718161447715, 39.94384957736074, 74.6870291002949, 93.65967656821859, 81.8028159995174, 46.867917432569456, 27.631458926537885, 88.44926932167145, 57.67286391765243, 21.50316121485517, 52.84925754749417, 59.691719035618014, 20.855209089051915, 73.396360179356, 56.9387618984808, 10.668794972396823, 67.95523647111916, 34.88554234419516, 74.64381449694223, 68.25099212699787, 68.87535971446205, 30.26449342418997, 30.358421853679552, 62.57925751277832, 60.2987804704995, 39.73351964076309, 20.450430734516647, 76.52929219842973, 67.04265623052638, 23.725888200331877, 69.0711405782632, 35.88673395117175, 74.2719455033937, 67.65448260501503, 41.23783345495384, 10.497561880756713], [56.993617205916, 48.31703986408973, 51.31403919456954, 56.57430571255647, 52.554302823041695, 75.93828592103144, 69.54695225405952, 56.96721604521849, 19.024550096614252, 27.35411362940762, 11.131481402838935, 67.4063328810012, 30.80386860020609, 72.12791829307213, 8.161496171925005, 56.91237752100115, 0.0, 61.275550141942276, 27.568950923837523, 51.20921963641334, 75.2456741084122, 93.42624265321227, 20.991344478786022, 68.4452245925945, 29.374478886985287, 65.02218664790628, 65.54286719524094, 33.70918413698656, 7.9714699776908144, 19.161635872952825, 35.76957698830637, 33.99428862801122, 86.40185374603436, 71.29398035034488, 31.17391419849885, 82.62995079647155, 27.050536293150834, 62.985754767714305, 66.3122128601515, 10.841620667969059, 39.55823708551486, 65.92689316839399, 32.83884865518446, 18.486798354153198, 71.4652678287941, 40.00405689102676, 48.855366595409215, 73.25914480613737, 68.82067327716373, 74.81791665370702, 76.67017607349578, 32.990449536143444, 57.945917340710146, 41.202364355145356, 24.179140136000182, 6.869026489978394, 55.52265657995183, 46.52908569301362, 84.09696302527206, 54.90217888759617, 25.576372103386305, 56.790652070845404, 61.59513897325819, 30.667930161402897, 68.90959854070768, 49.32425355806128, 29.685157425852044, 42.801305636813744, 19.64892187148654, 13.859007994215562, 64.58058766853932, 48.973766261324954, 21.596357080981306, 20.043394506097762, 59.59526233674754, 56.332758122644655, 49.76081099575308], [47.438741205249514, 13.116601966644238, 38.533458508276894, 41.6071911380534, 59.480241251125456, 38.33526236880613, 33.41654981472151, 17.31642950492807, 59.43206626586594, 51.06983914839431, 67.51648076404202, 22.000514349482454, 52.457884308705935, 12.84611144420839, 59.95560629726962, 30.651516483770223, 61.275550141942276, 0.0, 33.753770389094775, 70.75240824157908, 30.206656740546585, 32.25046958303452, 40.6105970754617, 66.96762501587841, 56.784826679358176, 21.250333359795068, 36.151215208674486, 58.749070448818344, 53.31395611382933, 45.4247200283388, 38.88398666308221, 61.95570341193176, 25.86369004281101, 38.63731536877213, 68.00347557923482, 26.247044913454975, 87.5258080879131, 18.930825602214863, 61.84380021711554, 51.85133413637068, 60.18676227241087, 64.93095942085125, 60.487915811245514, 79.48018825248127, 70.1236126678964, 69.73158161092157, 24.421055504726617, 16.654680097107132, 64.51367656657898, 27.043671177150085, 30.760775369637216, 72.39696599196374, 33.85852125588946, 23.284413006951187, 83.7332965765151, 64.63662317093309, 20.068415689756367, 48.83777550299931, 27.034158710548553, 53.0203061011697, 81.39666879016477, 45.1777203300199, 60.52487358803499, 31.309875749631995, 33.380534851241045, 38.571907328930735, 32.716703516672716, 44.839310030450584, 78.40469606758394, 65.71161591249363, 9.81733364590811, 48.98393515453252, 46.90055715984324, 72.21425752653205, 42.54181552115564, 14.129726912441669, 23.590124289541293], [42.097029049024776, 20.749279055464882, 35.583552137423574, 41.248620097501835, 45.514732503097264, 53.06943279727962, 48.13411804738489, 30.908875308750343, 30.05552438923331, 26.6566356937721, 34.82304664440186, 42.93584826088104, 27.72263611164525, 44.63929356758042, 26.566337186325914, 36.67901118930326, 27.568950923837523, 33.753770389094775, 0.0, 51.44450976452797, 50.29689468688702, 65.85920854064106, 7.962426629357567, 59.35261725300088, 30.52771971809374, 39.394830180627984, 45.93338784987227, 34.25919808035517, 19.642652367861764, 14.967128147971566, 20.133540031056807, 36.81438032677556, 58.86673913937592, 49.48842237452632, 41.95896189215636, 55.664488732665106, 54.19670540765436, 37.04310050029371, 57.849209316421025, 18.268873192425968, 40.62905615319393, 59.14735457315861, 37.22562723695796, 45.72975228700603, 62.78196089714792, 45.207946849119196, 24.70422617515418, 46.708372759215266, 58.38816655507289, 49.21079709542749, 52.94923249965241, 45.89093561169769, 36.89024507990971, 16.540333701459133, 50.70216152992739, 31.479380580540866, 31.52196547177587, 35.339794440894096, 57.746021442479744, 43.46341083839428, 49.535841012480915, 40.859659548369976, 54.16543760272172, 6.470705710584493, 45.90703358939941, 31.720514289214574, 4.9472285130476745, 32.54977420077532, 44.96728646733919, 32.964194544554886, 37.871781494051234, 37.145480695488516, 18.739801118081918, 39.928511330454526, 41.79852746743028, 29.645726702495885, 27.00403313127446], [28.785879514029865, 60.79733130246254, 87.01563846429825, 92.66348271713261, 13.545111168271948, 55.79463693964625, 97.12860954573519, 55.175727184218545, 68.68971401756119, 72.6630192247273, 61.92697685866225, 89.01609621533441, 24.075226141276502, 73.99376087361354, 43.04805815570535, 87.06414612370673, 51.20921963641334, 70.75240824157908, 51.44450976452797, 0.0, 61.834886559354224, 94.59713271024205, 53.83237314251365, 23.502382786531495, 22.886678929224214, 57.89109184632693, 96.15413222800524, 18.384121761008352, 50.44523784876673, 59.45869490696964, 33.6227758101373, 17.29535279950244, 86.2207980912105, 50.048833099976186, 81.79303122763487, 76.69825883164917, 68.65195137564314, 57.93764531825079, 108.80858181643009, 45.0733264201294, 87.06776466710352, 109.71140082570572, 81.397613114875, 54.80397268860097, 25.1466383986463, 12.443450258866127, 46.424226935043684, 87.37048697303612, 25.790783377077265, 64.02871464023809, 99.17206686280072, 84.05138107356633, 41.828001726903366, 66.21023250189036, 68.84515759733716, 57.90034767912994, 79.58835498587385, 22.198656726351462, 97.66964976840255, 21.82975174606508, 74.0851412817495, 30.767944002338478, 104.80860467798394, 57.87463628006438, 51.83621760938003, 33.11988594417931, 47.57599607062942, 83.25165863054632, 47.845009424457174, 39.12307947689326, 79.43201507647598, 22.720519754300216, 64.13210383031152, 37.54600821609231, 35.330361632878756, 57.5046609249944, 76.70889806571095], [33.13122627207584, 34.50380929513935, 67.91449259921755, 71.48936943487047, 48.363816388827544, 9.712417320047955, 63.072712334390175, 19.697584607717022, 80.21020755955236, 74.68225783133423, 84.3642946709017, 51.264974307623675, 53.53640019727737, 21.775017562200535, 70.77638407294076, 60.73795686038239, 75.2456741084122, 30.206656740546585, 50.29689468688702, 61.834886559354224, 0.0, 35.345723081628144, 58.255589854741935, 48.534023998459105, 58.060589792903805, 11.163180659599414, 66.27828778659621, 57.70048510650648, 68.13115667418941, 65.07346190563356, 41.39399843783916, 60.76318553485294, 27.479284330444653, 13.420631288345065, 91.27745389751402, 16.131355448044214, 102.18740076043093, 13.809920355678354, 91.78693895870133, 64.43916964131706, 86.37783204598028, 94.722330876193, 85.07771147994029, 91.13344354002997, 50.88253434763537, 66.24471108072728, 26.397716669500493, 41.78708950315767, 45.3738569555242, 3.742199237748712, 58.3365757117542, 95.45529015952643, 20.84193342478578, 48.56003698878205, 99.40189158325177, 80.57634351664325, 50.07955734998696, 41.224237472061176, 47.78638813993431, 40.13032611077907, 99.39098897010057, 31.07362698656068, 90.15984912533563, 51.63414948474447, 10.052083745105643, 31.10275248752027, 46.50046012421101, 72.56827084727183, 87.68229949283271, 74.0772927647051, 38.9518516278744, 39.82101823781204, 68.19309232762714, 78.80246605061542, 26.557399374612224, 21.947478344263146, 52.657086606973515], [66.88228854035916, 45.109929757679545, 63.96377119027072, 64.81611776861683, 81.6066332417595, 44.57851523636175, 48.82650851252032, 40.788329376365425, 91.18694569431925, 82.04006140801783, 99.74362567398022, 38.74561353610209, 80.85894466610573, 22.058210666614304, 91.65136391787257, 54.02556411815336, 93.42624265321227, 32.25046958303452, 65.85920854064106, 94.59713271024205, 35.345723081628144, 0.0, 72.85620412908658, 83.71960345862372, 85.43434583505314, 36.70613348489662, 54.50684520746931, 86.44864448500611, 85.48259837984051, 77.56677586351088, 67.1371940550506, 89.69514382291298, 8.376335195762637, 48.75980102572437, 98.6906759833733, 19.231125504952175, 119.7755267606179, 36.83231228349551, 82.96346630362827, 83.73444424153587, 89.10192576539839, 86.69778427761185, 90.63124597751928, 111.49524789302866, 86.17055362785626, 96.58743980022356, 50.49837281105016, 26.402697926400045, 80.61283209118099, 32.08825763805803, 39.401318473489766, 103.0980254564231, 52.898353085986244, 54.808425515921016, 115.9746560793021, 96.88705101335694, 46.030093165614296, 72.6557270178799, 22.839226134386255, 73.71424669497321, 113.46142493040858, 64.63129836349789, 83.2602614523308, 63.53893283672013, 44.817259941383234, 61.688697926042124, 64.33908422309806, 72.84949962447791, 110.01889779216202, 96.9619064645683, 32.067238816193274, 71.8866652114303, 78.75144743453374, 103.101503253909, 60.487148455929585, 39.62197976521324, 51.690870523547424], [48.250459653515165, 27.92356866797184, 34.9083205356802, 40.58127800464782, 49.72101980419015, 60.87466037888831, 50.42374001056643, 38.86162234328419, 22.224127762811932, 20.274449491255755, 27.15074085055287, 46.94269814786435, 29.76501926069153, 52.02625895513569, 21.8654637545163, 38.175939955548245, 20.991344478786022, 40.6105970754617, 7.962426629357567, 53.83237314251365, 58.255589854741935, 72.85620412908658, 0.0, 64.39429489858139, 31.52272019030422, 47.35579906022794, 47.290548977982574, 35.755008177457356, 13.080104018567232, 7.385486686309317, 25.566216600908987, 37.81446909232182, 66.12230241441725, 57.13903597594369, 34.509296175378125, 63.40029641187529, 46.924051235670106, 44.994897655989114, 55.081574753404865, 13.652489059097181, 34.75287907404609, 55.883331906548754, 30.535702096150484, 39.4626785476549, 67.77364284052194, 45.96476547160104, 32.52546112162496, 52.28055258295811, 63.74568567375511, 57.16799959887938, 56.553691028020204, 38.30238912385368, 44.3182408210457, 20.39111946302766, 43.22604976261189, 24.05077316521855, 35.119341021378816, 40.326738052009446, 63.15400072991165, 48.77852952751986, 41.687395242537676, 47.23692849292246, 50.994089821333226, 9.679199136486735, 53.70354930395704, 38.290028098844026, 12.177558827274487, 29.533600787579978, 39.65117675221136, 28.977942467648894, 43.58945483561884, 42.37466437379713, 11.748321836062406, 36.19073459367181, 48.621529414369995, 37.52810806523575, 29.723533068521803], [19.70098982381437, 60.70766315059557, 92.81604743284127, 98.10344568185145, 15.902595301879279, 40.1753219928596, 98.07590208452824, 49.68870504358282, 83.43982623796353, 84.6120539292522, 79.57217726805965, 88.0448145670737, 37.71812583057442, 66.01346704256034, 60.600083211560865, 90.25902512748277, 68.4452245925945, 66.96762501587841, 59.35261725300088, 23.502382786531495, 48.534023998459105, 83.71960345862372, 64.39429489858139, 0.0, 39.29547191702765, 48.79760291088141, 98.62872387438786, 35.33550465810358, 65.41429223122528, 71.28171983296498, 39.22530306788038, 36.19708869407005, 75.59865698616464, 35.18584452340141, 96.77199063689038, 64.61465846488424, 89.60805097904338, 49.931692896363884, 116.52905982287454, 59.86993523141438, 99.14209015190352, 118.16642207639823, 94.53311153177181, 75.8533937691834, 3.4468465597495626, 34.94003586069737, 43.896988426234394, 83.15577912945216, 3.3172063276040826, 51.63952559349652, 97.54952005328641, 99.73022147362377, 33.2616979589258, 70.40210560355543, 89.09820046050608, 75.31181848586282, 80.98053842709749, 24.093397938554393, 92.08196609567078, 15.96121355974018, 93.21641455701669, 21.874157612241998, 113.17081580989252, 65.04126903828436, 38.90949489115865, 29.964236551783255, 54.55881912146396, 91.72467859737478, 69.39852760733342, 58.64919767185221, 76.64787775937488, 22.207729971827785, 75.95688442908069, 58.82555319555193, 24.580335543686363, 52.841456546838856, 79.83164686216756], [31.09614728171994, 44.744526363329484, 65.78105275684976, 71.47943366112288, 23.410533680928122, 55.43487464886464, 78.25084052157403, 44.69943494834372, 45.97895630735879, 49.819833311198074, 40.443547501439085, 71.70107236470544, 4.615236183008463, 63.48898369332493, 21.372956883865236, 67.15345611585985, 29.374478886985287, 56.784826679358176, 30.52771971809374, 22.886678929224214, 58.060589792903805, 85.43434583505314, 31.52272019030422, 39.29547191702765, 0.0, 50.423852639171436, 76.39797415702633, 4.5262703107086, 27.66623741420705, 36.711399460253496, 18.31359583368957, 6.332067699233161, 77.30955064675999, 49.9140682542866, 59.19371874877803, 70.00555593590607, 51.04783135493559, 49.402383451358986, 86.59125853005762, 22.22711846907841, 64.18912327893973, 87.29215219811675, 58.52299980290868, 37.65771762420091, 42.21230450891962, 14.68611653848894, 34.97008931670851, 72.60602659113381, 39.956200285733026, 59.0015616502435, 81.93129758800642, 61.673140003280906, 37.56685367462165, 46.584975289296146, 50.09427092631031, 36.23148959842196, 61.07219095527662, 19.85450498906398, 83.53021325063565, 27.161114366222353, 53.924197834944174, 31.689923843703045, 82.44289951822132, 36.96248794346072, 49.32735491904386, 27.267755603277298, 27.628824556181875, 61.05470913385908, 32.13545109992319, 19.778427831262793, 63.98368292655901, 22.245591028250264, 41.34543852916246, 21.934883918571565, 35.62224372831581, 45.87927422029526, 57.21759368836602], [30.57665536084792, 23.486080845478646, 57.52842345896918, 61.40082188788183, 44.96925911984503, 17.35747564319289, 5