instance_id,num_cities,city_coordinates,distance_matrix,best_route,total_distance
1516,67,"[[77.01377100937009, 6.876269763764153], [91.71624966769699, 56.038843076832876], [82.18632059078284, 66.06347898515868], [58.639124282369124, 75.86977670907366], [16.440338770870667, 36.112220566227236], [47.8350742314246, 22.503173588125193], [3.099409965568334, 72.76474080365836], [13.658445048712398, 19.7588409944077], [17.784161752206252, 17.86530810591763], [26.978491296381925, 42.35757676404302], [71.62287690209538, 79.09281272756917], [47.78631425250279, 19.46528619200134], [97.85236308647136, 84.36285765771451], [15.671577663446678, 53.364761546507985], [38.87058238514132, 9.763714844801807], [37.699541530689096, 42.22512424194992], [15.171968036419814, 1.3101043442866334], [62.41380849191257, 97.95353071305082], [50.965849146495835, 76.52013694856925], [87.82365274988243, 55.80301349123854], [27.31315688104069, 72.8322587943531], [10.26172842113956, 0.3940903816785246], [90.02232615370373, 71.70288263027625], [3.502993393653142, 71.18055786376146], [46.81767947145117, 99.10464926366213], [3.8019930245762, 22.471341983946203], [52.58751394138186, 7.019027247603282], [99.99545895186462, 97.62474610895408], [73.85909202067386, 62.7439424459068], [13.49004986389305, 27.734228237291127], [86.23848240584127, 97.534466347198], [86.69062685974976, 24.914642742759074], [22.251721919107446, 76.64003036800663], [91.41737862432558, 82.19926988448024], [79.46658183918771, 75.62621664546027], [67.54388158636937, 10.891581481473011], [81.79673471996806, 0.32487081876834134], [98.34068586955131, 45.162519793959866], [48.50422345976797, 32.38351240848475], [99.11948235775955, 94.75865325171411], [59.04928729639122, 65.31628128798867], [7.021066009459053, 81.10213092779912], [43.38693260521771, 60.16515294034388], [85.96880426423047, 35.85572685266817], [41.37593658722138, 26.63188797893682], [78.71046531940665, 0.6821080819356617], [89.9290147994251, 32.18233425680985], [44.16369248544948, 64.79070571348574], [24.737954047566834, 67.0794027042373], [39.39342407879869, 0.29710606377452153], [14.936992053876441, 20.818210633447563], [66.13849924523387, 99.69404883858822], [98.15751833390104, 49.095993509803726], [37.44633312482164, 13.76581002254027], [31.722675597455662, 89.55778132741604], [87.43050416963264, 22.167529191296886], [32.79308287657786, 15.79399273673603], [80.24050300693762, 57.239357513882226], [61.911272859198185, 37.37330932849441], [37.54121149829246, 48.779333605622476], [27.796892292025877, 12.480645042917038], [91.84643339513966, 18.270545420988682], [14.76415494957114, 76.30144481012209], [75.61405001810462, 49.70690454586409], [94.70010942667018, 56.79338083679131], [64.79676612218655, 58.7313662829188], [25.76989276819177, 58.23883262234335]]","[[0.0, 51.3139502811995, 59.41280168944486, 71.39840084311804, 67.25980606927233, 33.09979560050358, 99.01829823062228, 64.65182108103214, 60.24039820952072, 61.338832418012345, 72.41747590822912, 31.823380761713135, 80.23975463074848, 76.96781504449045, 38.252322511443715, 52.86917960799415, 62.091793277551496, 92.24004752565789, 74.35564854016926, 50.10668413513128, 82.58537118483069, 67.06604087943822, 66.11892499646225, 97.66716896539413, 97.04575173259043, 74.85432995657261, 24.426674232294438, 93.61326796805939, 55.956669400892224, 66.86043359006658, 91.12630744252026, 20.470086440422307, 88.6897080512186, 76.68779733119865, 68.79368777150204, 10.285987258121168, 8.111570131200823, 43.825497587912, 38.254590950886886, 90.61995255870207, 61.13883889987916, 102.02184677189081, 63.01166028019052, 30.33152738922464, 40.747266084538104, 6.422336842796617, 28.4112728029341, 66.58235164367622, 79.73191490784752, 38.1913065784324, 63.62314202161795, 93.45272413539729, 47.21824990525917, 40.1627676551915, 94.27362132676052, 18.50218756288624, 45.110919320718146, 50.466349254827406, 34.03167454870049, 57.56691509617672, 49.53493891131137, 18.70394052607746, 93.24628480432784, 42.85350037851072, 52.95776189085218, 53.2748180984629, 72.55375883162917], [51.3139502811995, 0.0, 13.831589688300793, 38.56633444447423, 77.86869105119919, 55.228603872674114, 90.18148331870015, 86.07705509040343, 83.20560315098702, 66.16762355460753, 30.581516407047086, 57.16173797909876, 28.98105743181326, 76.09167400093676, 70.24280777011617, 55.75503193441731, 94.097087594163, 51.14170605779619, 45.607878061785954, 3.899734139402453, 66.55657121538124, 98.6467309849179, 15.75536454681699, 89.50335250234389, 62.21370643346009, 94.10469515775212, 62.72160954146025, 42.40203576914716, 19.074497025604426, 83.18947984546762, 41.855617123286166, 31.527333078510132, 72.45501730826228, 26.16213398518632, 23.102371419959862, 51.21111801375793, 56.59013590344701, 12.734895490187725, 49.263108692241865, 39.421206910012884, 33.9588175637804, 88.32577501954368, 48.50514736412372, 20.985502357198147, 58.3002240919362, 56.86403552166793, 23.923361418375205, 48.351223295608136, 67.88214817655536, 76.45141805643131, 84.47216908213892, 50.59642583004266, 9.470644230495568, 68.79122883900222, 68.72225368225303, 34.14137546741024, 71.35536114119833, 11.538370610077218, 35.167297204441425, 54.65926489094992, 77.34986013743392, 37.76852202063693, 79.57510861135728, 17.30243564112578, 3.0777826909030903, 27.053803347631515, 65.9830428391816], [59.41280168944486, 13.831589688300793, 0.0, 25.50752690946405, 72.24688232956376, 55.47529479618966, 79.37031146594266, 82.70543649461017, 80.4406721700768, 60.082228782867304, 16.773487423168365, 57.92022106019596, 24.089253771719658, 67.71608709366119, 71.03461563603682, 50.47118651274863, 93.18756878286713, 37.52236178477586, 32.92505934645066, 11.707120313037887, 55.289062893320235, 97.39412486554002, 9.65431803156973, 78.84954327743702, 48.40103003037372, 89.6904522027783, 66.04798737325108, 36.239191376515606, 8.964488746954158, 78.66580626088466, 31.73079042376752, 41.39463128315645, 60.860656890053505, 18.58967940458529, 9.94197819534315, 57.08186484475753, 65.73976255513053, 26.41616195952846, 47.632172066251535, 33.31883841934749, 23.14909531848799, 76.65491861927127, 39.24516222651343, 30.443644191158896, 56.74802033375351, 65.47369877326598, 34.754586484547076, 38.04392461139586, 57.45734869872336, 78.46303460305342, 81.05310911299532, 37.263223137633446, 23.301817969981766, 68.82377973766035, 55.66472589137536, 44.20809733198109, 70.4749117031892, 9.036112317221574, 35.13123105509136, 47.874079076064845, 76.35004914174887, 48.759432708575126, 68.19504647688208, 17.62759960597804, 15.573362858083762, 18.87210855454749, 56.956460730673456], [71.39840084311804, 38.56633444447423, 25.50752690946405, 0.0, 57.9775885070864, 54.44925918846042, 55.626442582334576, 71.91452294979432, 70.94819477108298, 46.102746406576394, 13.377809733538891, 57.439098496014616, 40.12244411183989, 48.504492265321, 68.99859899987382, 39.62863567482473, 86.30491535975317, 22.404027133306947, 7.700786956664104, 35.41767479538648, 31.472889106520554, 89.64904716116872, 31.65862230042326, 55.33517599824592, 26.069251236764494, 76.54086356762711, 69.11618977580657, 46.72927466679799, 20.098132825194536, 65.99598432877879, 35.08679731671045, 58.16624858432817, 36.39555386918849, 33.38377512450481, 20.828881625897896, 65.58552094539868, 79.01460451811853, 50.19113088695675, 44.651667354138475, 44.67044937041645, 10.561462933748029, 51.88257386190236, 21.892111791097708, 48.45653303551398, 52.176501760842854, 77.8205901070493, 53.73685771041336, 18.22865710447563, 35.02227888693064, 77.98477751964526, 70.28905525539297, 24.976720508001176, 47.73404377604795, 65.62040136458685, 30.196964752096225, 60.933364787062956, 65.39967642305928, 28.52563903211982, 38.635281247751344, 34.33677374748291, 70.49415073277706, 66.48606488196907, 43.87709278545499, 31.187240717353973, 40.79587637315238, 18.211031408539274, 37.29928376955783], [67.25980606927233, 77.86869105119919, 72.24688232956376, 57.9775885070864, 0.0, 34.21747469189319, 39.00496918526463, 16.588307813076902, 18.29632953735168, 12.249780924103716, 69.94600644170957, 35.492120293874606, 94.63636554146807, 17.269660214276204, 34.60288401777398, 22.12060788793417, 34.825221576401674, 77.05781958287675, 53.14894705504282, 74.04934058208656, 38.29594470870076, 36.24858686534103, 81.73740938740805, 37.37864612613787, 69.93446147101272, 18.595734771700013, 46.40077769049185, 103.75571746706282, 63.294248040705774, 8.882283495720426, 92.97565881275575, 71.13711215450859, 40.94234411248111, 88.00893488759905, 74.3885959099661, 56.98818056526231, 74.51303841209362, 82.39887602993055, 32.279962296578326, 101.36688241726058, 51.656554831800285, 45.96536450085156, 36.12011178093305, 69.52893860031533, 26.6769703007001, 71.64399159050421, 73.59367847060491, 39.887840898263434, 32.05958185704784, 42.53900036409906, 15.367719127296041, 80.70040917487073, 82.74222498571632, 30.669428801091556, 55.587568609889026, 72.3467898450625, 26.08146126883715, 67.2072680009691, 45.48841821531435, 24.611025631039226, 26.21874652977858, 77.48809249473388, 40.224163602601514, 60.71526608092249, 80.94629141125056, 53.38510858971833, 24.013070167531538], [33.09979560050358, 55.228603872674114, 55.47529479618966, 54.44925918846042, 34.21747469189319, 0.0, 67.286735663643, 34.28663505912407, 30.406695595948822, 28.79573539950333, 61.3860473872627, 3.038278684892586, 79.55092518380026, 44.57497193259156, 15.577417088045054, 22.173956812431477, 38.93616173020006, 76.84592300777408, 54.10761575094946, 52.03811823557657, 54.3522392310725, 43.59550292872932, 64.8103046944401, 65.83935852759096, 76.60823172327827, 44.03309271241268, 16.19705130853998, 91.45466850952153, 47.922531028322865, 34.741108668965886, 84.28829487247054, 38.930311500632726, 59.877434627257855, 73.91238846918135, 61.827259175961, 22.875011663507237, 40.56194641370598, 55.35578359500617, 9.902972073821907, 88.60555771667939, 44.25743740419883, 71.41163118455982, 37.923747871930345, 40.40386175723031, 7.665946883957527, 37.80805039487299, 43.19242970466666, 42.446606662701306, 50.2047523945661, 23.756491580099755, 32.94120385048713, 79.33124598270649, 56.916838034396186, 13.574515234704807, 68.96324969728506, 39.59685251573241, 16.470416255089944, 47.504886989117956, 20.47584686271952, 28.22056334011937, 22.404906022475465, 44.21441932943101, 63.15013609345911, 38.88077254605413, 58.07021471467176, 40.00226165766426, 41.99892331495287], [99.01829823062228, 90.18148331870015, 79.37031146594266, 55.626442582334576, 39.00496918526463, 67.286735663643, 0.0, 54.04737400166067, 56.82947866705209, 38.662723004668024, 68.8150420713052, 69.55394508329292, 95.4601405807282, 23.117495448284192, 72.4479540645513, 46.15016017371816, 72.46731490758476, 64.44123687237466, 48.013529343994726, 86.40542522779624, 24.213841049400123, 72.72420400499016, 86.92940182372125, 1.6347829123418933, 51.03996342348203, 50.29830601315941, 82.28955757637645, 100.03431497708205, 71.4657190845117, 46.21376915472719, 86.7504735994636, 96.31782507037708, 19.540443249149284, 88.82045894379347, 76.42076278059608, 89.33855700084237, 106.96169261435247, 99.16039149018549, 60.763810735883155, 98.50678396422444, 56.44349672451822, 9.213656180295889, 42.211776730737625, 90.71720797214564, 59.94441258337204, 104.46500673343189, 95.84525025653288, 41.83133436183838, 22.372967154432622, 81.04821740941982, 53.278235203711965, 68.55008685953491, 97.96046939978409, 68.26847708732643, 33.185803372317956, 98.34536731641637, 64.24469119118524, 78.68790098809126, 68.63955593446349, 41.9706737052808, 65.1470477838859, 104.14245771064489, 12.18911607833625, 76.09229155992185, 92.98264612794341, 63.27321200283686, 26.924947520766665], [64.65182108103214, 86.07705509040343, 82.70543649461017, 71.91452294979432, 16.588307813076902, 34.28663505912407, 54.04737400166067, 0.0, 4.5394939274418835, 26.23216518752979, 82.94814983902344, 34.129131703180505, 106.12395961130407, 33.66616400896579, 27.12110646373943, 32.904531648612, 18.510716782983824, 92.14930799888523, 67.92412766396949, 82.46005338549683, 54.80181413230302, 19.660398015839476, 92.35597327128386, 52.41494218360092, 85.99588430502608, 10.222881595829325, 40.96065501372594, 116.26340416924253, 73.97186520994589, 7.977164822931646, 106.38096503500907, 73.21394588293079, 57.52663828111713, 99.7259189518594, 86.32424068574095, 54.610150724234295, 70.85552706819409, 88.41056954340569, 37.062253053285914, 113.70382903213752, 64.3102552168537, 61.701329162043514, 50.16426036003716, 74.08034681486802, 28.556927566509355, 67.79149710629358, 77.27575942648046, 54.39153391157396, 48.600319753984, 32.265279670091324, 1.6604055156898863, 95.62318516741728, 89.44697817012762, 24.53120541985784, 72.09860260039031, 73.81137097880234, 19.541094813493487, 76.40654134639956, 51.36735233979783, 37.584245697935174, 15.901818347605834, 78.20215179504272, 56.553414049424966, 68.81412280633569, 89.10279741111752, 64.29607771534255, 40.341007939163845], [60.24039820952072, 83.20560315098702, 80.4406721700768, 70.94819477108298, 18.29632953735168, 30.406695595948822, 56.82947866705209, 4.5394939274418835, 0.0, 26.161171988056896, 81.53167832925594, 30.044784647705463, 104.08093466768106, 35.562258169479655, 22.58922195379086, 31.464630840079824, 16.760021706367667, 91.68385227770864, 67.39000908809193, 79.65425154451563, 55.786803243690585, 19.021841445772537, 90.09348936945247, 55.194815213266224, 86.27152312842348, 14.721297171562794, 36.454288253389755, 114.54372675014014, 71.82262613435935, 10.762666094829006, 105.03889180215515, 69.26611041800517, 58.94427089065215, 97.77887944265936, 84.50469515417628, 50.24602054896381, 66.3722565397429, 85.05581311004077, 33.97794060103523, 111.9286420257064, 62.88406349865577, 64.14623909921434, 49.44470394661445, 70.51808733350596, 25.167931232742955, 63.30305545095616, 73.55173049636653, 53.831891870288956, 49.702940903123356, 27.8496309004814, 4.101951807149876, 95.04780252212167, 86.22779226563073, 20.08499110335155, 73.0348744424845, 69.77909513882283, 15.151173574222437, 73.83163501987679, 48.24690711692168, 36.68811779399056, 11.36878925678014, 74.06338027792943, 58.5141223466646, 66.01653763028398, 86.20590381871223, 62.29140936416782, 41.155721130094435], [61.338832418012345, 66.16762355460753, 60.082228782867304, 46.102746406576394, 12.249780924103716, 28.79573539950333, 38.662723004668024, 26.23216518752979, 26.161171988056896, 0.0, 57.81521190316248, 30.93577967027918, 82.38658462076381, 15.779873660393651, 34.69555685205113, 10.721868391150242, 42.71169609765793, 65.92853555364374, 41.74294976389184, 62.31302786005156, 30.47651958314891, 45.1706137924865, 69.53899690030082, 37.17342116695409, 60.1150864985058, 30.538703408496996, 43.64212555270403, 91.57476493554806, 51.12137155813754, 19.89422967627898, 80.9705853403869, 62.20767702469593, 34.606776415232, 75.76101049198402, 62.14339907334652, 51.33867692589794, 69.07813099041891, 71.41729846262713, 23.724230333957106, 89.16386828970872, 39.44157792852683, 43.582557307153735, 24.21459715667941, 59.347544821287805, 21.320968989910615, 66.43072953228962, 63.76757772871882, 28.25909436572683, 24.82314816820362, 43.85446102188546, 24.676750136821152, 69.4332575392315, 71.49727372597802, 30.44773945542977, 47.4380290010748, 63.73447953358858, 27.192526024999673, 55.30198269268161, 35.286571802663204, 12.361634964527207, 29.888138604779233, 69.19562840995859, 36.07459203265715, 49.18770365669436, 69.24312241234766, 41.21071334020481, 15.927177968464536], [72.41747590822912, 30.581516407047086, 16.773487423168365, 13.377809733538891, 69.94600644170957, 61.3860473872627, 68.8150420713052, 82.94814983902344, 81.53167832925594, 57.81521190316248, 0.0, 64.21544704896009, 26.7536786080367, 61.58311866143282, 76.67618019544034, 50.10009118747757, 96.10855755446329, 20.98889287007055, 20.816614911158418, 28.370405117636704, 44.749813674416146, 99.7931833432399, 19.82803065373328, 68.5778558007874, 31.871169120704423, 88.34966462357903, 74.54512456531444, 33.8885816614236, 16.501097464810695, 77.57016037303633, 23.531054214962328, 56.2344306603114, 49.43204512922357, 20.036775551447846, 8.575604674695498, 68.32310111718581, 79.42226423016729, 43.18687410061077, 52.117471861985564, 31.646198364296495, 18.651755254624742, 64.63305137650336, 33.99301186063577, 45.554925385003315, 60.5559743038886, 78.73037858792485, 50.355810737904164, 30.96057289311139, 48.39956623218626, 85.13225603692105, 81.29710197942939, 21.3187553010263, 40.0486748731815, 73.72688401785852, 41.249747053122086, 59.079344829765844, 74.2596358481242, 23.49121079168716, 42.83494154252376, 45.6121358102586, 79.73642712518705, 64.09633716165443, 56.9271990960825, 29.65570876754687, 32.09086043789935, 21.47520173823642, 50.37245914399228], [31.823380761713135, 57.16173797909876, 57.92022106019596, 57.439098496014616, 35.492120293874606, 3.038278684892586, 69.55394508329292, 34.129131703180505, 30.044784647705463, 30.93577967027918, 64.21544704896009, 0.0, 81.96526110488927, 46.69615332653497, 13.176143644309887, 24.894843080473755, 37.32701711932144, 79.83964000244502, 57.14337614278978, 54.06864987428006, 57.15928566293333, 42.09281472473682, 67.17623972035395, 68.084372879331, 79.6452534919619, 44.08692419874309, 13.340197905709687, 93.99306338634061, 50.52555618389712, 35.27901860258845, 87.02508905940384, 39.28410653508212, 62.617623535426056, 76.41480542503758, 64.48014782677076, 21.537638668517197, 39.02645514306513, 56.710601340386674, 12.938159150749202, 91.12730255478426, 47.21406901633888, 73.89794376910513, 40.9369480080197, 41.55176396431955, 9.615254701985046, 36.18163759592898, 44.01966061739023, 45.46995759032206, 52.899253296972496, 20.92509820516999, 32.877171007454834, 82.30101487715567, 58.440029233079095, 11.806745458722187, 71.90965415817307, 39.73617887281944, 15.436171245703825, 49.80115291776916, 22.80815091799485, 31.0527858043744, 21.17456498479906, 44.07631455071165, 65.73288318256226, 41.0966952260257, 59.9524046845006, 42.79229508354479, 44.588235194507526], [80.23975463074848, 28.98105743181326, 24.089253771719658, 40.12244411183989, 94.63636554146807, 79.55092518380026, 95.4601405807282, 106.12395961130407, 104.08093466768106, 82.38658462076381, 26.7536786080367, 81.96526110488927, 0.0, 87.83258766121388, 95.09932998250373, 73.44351924124977, 117.19132885403124, 37.955204463269176, 47.53791599939121, 30.269452089996566, 71.47541061260173, 121.33784718270188, 14.885712816787295, 95.26582067714389, 53.121176111211966, 112.58788487744022, 89.61570549092251, 13.433932602979189, 32.29635507874173, 101.60610986697627, 17.56056661764619, 60.4869788646254, 75.99407217844806, 6.788971724830382, 20.35597819437744, 79.47724500640153, 85.5579711902179, 39.2033792902218, 71.6735042896274, 10.47273399260629, 43.22557995190466, 90.88980618033933, 59.598758637217735, 49.94157295499947, 80.76169642953975, 85.84218135444235, 52.77865544394057, 57.14492525704281, 75.12945244201585, 102.39383839351281, 104.46473528857267, 35.22519812243857, 35.268184338752526, 92.91303240412931, 66.333421435419, 63.062461308833086, 94.52195077325074, 32.33978780872788, 59.158935241509404, 70.02586800503158, 100.37341021720022, 66.36463612688672, 83.47836072001043, 41.177392513580386, 27.749103684896777, 41.82876809997471, 76.67038027318215], [76.96781504449045, 76.09167400093676, 67.71608709366119, 48.504492265321, 17.269660214276204, 44.57497193259156, 23.117495448284192, 33.66616400896579, 35.562258169479655, 15.779873660393651, 61.58311866143282, 46.69615332653497, 87.83258766121388, 0.0, 49.38871423272298, 24.684462955746866, 52.05705472095202, 64.59871886197766, 42.21204815606038, 72.1932615402895, 22.68280881580528, 53.246206179191645, 76.57885142743005, 21.574916953465415, 55.337301941931074, 33.09517203109518, 59.25127373298605, 95.23372926128204, 58.938577022321866, 25.723205501163733, 83.25053073165535, 76.50565082851294, 24.18752647829729, 81.0484745957484, 67.56755834648375, 67.04257557037128, 84.76889998201098, 83.07501562660026, 38.96402758158472, 93.15045393541277, 44.99404979695707, 29.054999777490323, 28.53745298126147, 72.44491951594694, 37.08585440382871, 82.15450890224442, 77.21957132675068, 30.69776550723334, 16.440515892873144, 58.12832404076037, 32.55483976852324, 68.50775893965854, 82.59632430587274, 45.1908944058449, 39.592580438111746, 78.24711394003761, 41.28811705225381, 64.68507257415499, 48.92684289668624, 22.345179199802473, 42.644275549260236, 83.87021313439531, 22.954626006907905, 60.053974971071575, 79.10287139471315, 49.41745225629885, 11.213052073678147], [38.252322511443715, 70.24280777011617, 71.03461563603682, 68.99859899987382, 34.60288401777398, 15.577417088045054, 72.4479540645513, 27.12110646373943, 22.58922195379086, 34.69555685205113, 76.67618019544034, 13.176143644309887, 95.09932998250373, 49.38871423272298, 0.0, 32.4825250978438, 25.16123710281053, 91.27829489199621, 67.84331485212597, 67.20134015026103, 64.11875950296698, 30.104092540940965, 80.33032675473079, 70.87238501339128, 89.69369495641449, 37.29999661189609, 13.988835595745734, 107.03182400621556, 63.49094678125882, 31.098404824874525, 99.73676740132703, 50.1628076339695, 68.91029024136199, 89.48785073354166, 77.36862616794144, 28.695472991976644, 43.95163627011557, 69.20815414584447, 24.58581465350966, 104.18286568675951, 59.1038727184606, 78.12529233606554, 50.60338310240871, 53.84269304920171, 17.053212734292458, 40.86186307073262, 55.763411094950506, 55.280979899023215, 59.03235772462636, 9.481036085241392, 26.36320586131365, 93.9734231691221, 71.1475152002774, 4.247970311478013, 80.11357948111731, 50.11906437732285, 8.561556618427499, 62.97147750446972, 35.960577374052875, 39.038259877260195, 11.402119188106813, 53.654514783804444, 70.76997493742873, 54.27283682644265, 72.99812033880664, 55.40756167286149, 50.21419233629247], [52.86917960799415, 55.75503193441731, 50.47118651274863, 39.62863567482473, 22.12060788793417, 22.173956812431477, 46.15016017371816, 32.904531648612, 31.464630840079824, 10.721868391150242, 50.10009118747757, 24.894843080473755, 73.44351924124977, 24.684462955746866, 32.4825250978438, 0.0, 46.706856250082666, 60.96269580029137, 36.771494588939305, 51.930584456368386, 32.32141196791013, 50.02668270087214, 60.05507497545, 44.80871612438535, 57.605735879357965, 39.23334943923217, 38.22461233389937, 83.36605682382348, 41.5756538388128, 28.214988105305014, 73.58771708238329, 51.95939964484897, 37.7229491744384, 66.95922895216681, 53.48007694347106, 43.27211036316251, 60.82921735563783, 60.712244888125234, 14.615008555220394, 80.82190792984642, 31.44857990410602, 49.52363586367902, 18.81996405240527, 48.68768784756815, 16.02076458118781, 58.375663265398586, 53.18623420223732, 23.473191404545954, 28.03101689135722, 41.96222046598818, 31.24723362037394, 64.1206020728421, 60.847151154623916, 28.460440620902098, 47.708524952613786, 53.623462814443265, 26.882671912784513, 45.11275433918505, 24.693076800559663, 6.556121474012796, 31.34958540022016, 59.20901743037244, 41.07587590167931, 38.64565939867428, 58.83280412046913, 31.728781994856075, 19.968860149964414], [62.091793277551496, 94.097087594163, 93.18756878286713, 86.30491535975317, 34.825221576401674, 38.93616173020006, 72.46731490758476, 18.510716782983824, 16.760021706367667, 42.71169609765793, 96.10855755446329, 37.32701711932144, 117.19132885403124, 52.05705472095202, 25.16123710281053, 46.706856250082666, 0.0, 107.5720379555811, 83.29316256007759, 90.81709331949757, 72.54534474202951, 4.9949509165917325, 102.75076323369157, 70.8381623436875, 102.78727580891045, 24.022371036433793, 37.848578257080355, 128.3414774316502, 84.96054958296399, 26.477597554384097, 119.6226454626653, 75.31329758344691, 75.6618838635317, 111.15943386643879, 98.26841767123213, 53.24116859173749, 66.63205100202939, 94.0216462671112, 45.56968224962179, 125.61773940664354, 77.6016097280846, 80.20726095658097, 65.26868292575529, 78.77558031750092, 36.43954849132239, 63.54160067456321, 80.88084211046429, 69.78758368595109, 66.46133233035333, 24.24262977338087, 19.509521385763733, 110.80156965366886, 95.76060130092579, 25.520422097502504, 89.78629301674994, 75.20856477399036, 22.80979419405113, 85.80207225538447, 59.03488264619133, 52.4758113774508, 16.857333477141292, 78.52789440422944, 74.9924493290935, 77.430585326679, 96.96968208327475, 75.89349054878241, 57.90678813383728], [92.24004752565789, 51.14170605779619, 37.52236178477586, 22.404027133306947, 77.05781958287675, 76.84592300777408, 64.44123687237466, 92.14930799888523, 91.68385227770864, 65.92853555364374, 20.98889287007055, 79.83964000244502, 37.955204463269176, 64.59871886197766, 91.27829489199621, 60.96269580029137, 107.5720379555811, 0.0, 24.299097543687342, 49.21713408235569, 43.16403649244303, 110.62406543550509, 38.09628291903439, 64.70916635786692, 15.638552181721927, 95.56623738388605, 91.4638725678138, 37.58308862520356, 37.02309577811587, 85.58203432073198, 23.828359197556225, 76.96780538641976, 45.467114432738, 33.006117837159124, 28.09459080154691, 87.21296150203995, 99.53418036993986, 63.8563336871721, 67.02912692425281, 36.844453258786174, 32.81021263126516, 57.89927110465028, 42.30819661366462, 66.41517198740412, 74.35972550091073, 98.62712955588908, 71.29471832773044, 37.85286906168592, 48.710181568293606, 100.33302234960989, 90.57541445046677, 4.111292321545796, 60.53653223331295, 87.81199884565726, 31.81877191362988, 79.8082269524073, 87.33600097588885, 44.44586523653154, 60.582305709373706, 55.10669417019365, 92.21683724770514, 84.94502665694475, 52.338344515784755, 50.01982919669031, 52.31217034195653, 39.2944865044957, 54.03733712909247], [74.35564854016926, 45.607878061785954, 32.92505934645066, 7.700786956664104, 53.14894705504282, 54.10761575094946, 48.013529343994726, 67.92412766396949, 67.39000908809193, 41.74294976389184, 20.816614911158418, 57.14337614278978, 47.53791599939121, 42.21204815606038, 67.84331485212597, 36.771494588939305, 83.29316256007759, 24.299097543687342, 0.0, 42.28116472866021, 23.938468971190833, 86.32496979396397, 39.35243747700606, 47.762263147992364, 22.962306246619526, 71.73354557957524, 69.52002622534516, 53.37890187592205, 26.718609699445253, 61.518293382172864, 41.058016234620425, 62.764534371628315, 28.71437752873413, 40.848240941312, 28.51474807057895, 67.69001737535031, 82.19648463186076, 56.81263334990923, 44.20521718998729, 51.49190099797249, 13.815511354499604, 44.18301295505877, 18.025689386233378, 53.65446034973949, 50.80161225936202, 80.75376368292993, 59.025155867909355, 13.55908891998168, 27.875256848906805, 77.09650743848151, 66.33839867388748, 27.699088492315013, 54.58147381706979, 64.1941030110962, 23.243921768663622, 65.45133333991203, 63.387017793373374, 35.053584898804985, 40.64820307180185, 30.81838844095528, 68.10181411136114, 71.16345327231141, 36.20235474356702, 36.420917589877575, 47.97739497875644, 22.532967540551677, 31.12944435234087], [50.10668413513128, 3.899734139402453, 11.707120313037887, 35.41767479538648, 74.04934058208656, 52.03811823557657, 86.40542522779624, 82.46005338549683, 79.65425154451563, 62.31302786005156, 28.370405117636704, 54.06864987428006, 30.269452089996566, 72.1932615402895, 67.20134015026103, 51.930584456368386, 90.81709331949757, 49.21713408235569, 42.28116472866021, 0.0, 62.86107942031191, 95.32051649953837, 16.051168286925254, 85.71139052190303, 59.636578582938945, 90.39159047425369, 60.17859081061232, 43.55697631110664, 15.594404480886931, 79.45653669550532, 41.7615483727411, 30.909144199787104, 68.80304779004095, 26.639767589796946, 21.5127873019729, 49.27784333361442, 55.80455228138889, 14.960885393653655, 45.765604449907755, 40.560296296725184, 30.30621011317237, 84.67055785225776, 44.65031195623041, 20.033339889943797, 54.848381018782895, 55.86917216394294, 23.714321345031678, 44.575449989581784, 64.08558601153912, 73.66405370653767, 80.84801629238162, 48.95578481019858, 12.319614236652466, 65.61250496722612, 65.47292561915461, 33.63778188135737, 68.03738209480777, 7.717981871921456, 31.797884003898837, 50.770621203164374, 74.02728942111155, 37.74743598662273, 75.88066885161646, 13.646865689296954, 6.947408430981737, 23.212340636766914, 62.10154863370743], [82.58537118483069, 66.55657121538124, 55.289062893320235, 31.472889106520554, 38.29594470870076, 54.3522392310725, 24.213841049400123, 54.80181413230302, 55.786803243690585, 30.47651958314891, 44.749813674416146, 57.15928566293333, 71.47541061260173, 22.68280881580528, 64.11875950296698, 32.32141196791013, 72.54534474202951, 43.16403649244303, 23.938468971190833, 62.86107942031191, 0.0, 74.41800491484658, 62.71933833665253, 23.86738362829576, 32.72101621972754, 55.57874384933727, 70.49946504364216, 76.79442988628243, 47.626654352046046, 47.168958518640316, 63.893607240376895, 76.30060202344721, 6.3338178242671415, 64.7849684886456, 52.22821014871978, 73.85904627257436, 90.69609454200565, 76.22679535808652, 45.663578341303364, 75.07939232817668, 32.61398306886653, 21.912547479562342, 20.465137105522086, 69.33793250721818, 48.29322971749286, 88.58514301243224, 74.65361362829843, 18.671023702728665, 6.302937634715595, 73.5342181383442, 53.466163710463995, 47.21189441313897, 74.7150174952936, 59.92934699544719, 17.297021689135104, 78.61940136358184, 57.30090212008948, 55.17646725074926, 49.54156564401611, 26.13725906418187, 60.35355235899844, 84.50754015993087, 13.01970433950148, 53.55145457367314, 69.2693798118944, 40.04817263449032, 14.674799881426196], [67.06604087943822, 98.6467309849179, 97.39412486554002, 89.64904716116872, 36.24858686534103, 43.59550292872932, 72.72420400499016, 19.660398015839476, 19.021841445772537, 45.1706137924865, 99.7931833432399, 42.09281472473682, 121.33784718270188, 53.246206179191645, 30.104092540940965, 50.02668270087214, 4.9949509165917325, 110.62406543550509, 86.32496979396397, 95.32051649953837, 74.41800491484658, 0.0, 106.98923685403868, 71.10839948813191, 105.26211090409659, 23.002895898200393, 42.84112403267498, 132.3100253499967, 89.0624988939931, 27.530078047503668, 123.3236384022721, 80.26602023665983, 77.18292109320598, 115.23162306149948, 102.22125297012911, 58.236091821439324, 71.53503978835352, 98.80341602010299, 49.85791359843123, 129.61624574224408, 81.21032430104887, 80.77307535101487, 68.33636712343403, 83.60077149113005, 40.7003190719307, 68.44934285414179, 85.77510692237337, 72.77545763243616, 68.23849344720645, 29.131857095770517, 20.952393135255797, 113.94163096635202, 100.4865426447223, 30.29530688158253, 91.71006507887574, 80.1816848670406, 27.2913709099031, 90.15771341300496, 63.52273667416683, 55.54549449592546, 21.297107211026177, 83.52024742819619, 76.04076736178612, 81.86989421579001, 101.5417163075124, 79.85804966709397, 59.88753932417106], [66.11892499646225, 15.75536454681699, 9.65431803156973, 31.65862230042326, 81.73740938740805, 64.8103046944401, 86.92940182372125, 92.35597327128386, 90.09348936945247, 69.53899690030082, 19.82803065373328, 67.17623972035395, 14.885712816787295, 76.57885142743005, 80.33032675473079, 60.05507497545, 102.75076323369157, 38.09628291903439, 39.35243747700606, 16.051168286925254, 62.71933833665253, 106.98923685403868, 0.0, 86.52090940579669, 51.16149244860647, 99.28590252049368, 74.73530833908664, 27.774203571245103, 18.480063497354433, 88.26342324672032, 26.10724402982006, 46.90671180073473, 67.9502040181371, 10.588688152269109, 11.261273810192932, 64.8328220701302, 71.85040657225613, 27.813413451886117, 57.181865359067295, 24.785616997552196, 31.62463933014731, 83.5317607505736, 48.04143147138851, 36.075609725305256, 66.3164065425369, 71.91598301477026, 39.5206585313091, 46.37663713172996, 65.44788619901357, 87.53325455148742, 90.70312696433089, 36.79595865710112, 24.026085563696853, 78.2364328514991, 60.97250743134777, 49.6031126192875, 80.00618885561579, 17.460745197933853, 44.37060874507971, 57.2691583259273, 85.90272431144234, 53.46346441145837, 75.39853517882453, 26.294894430090697, 15.626096764028292, 28.365280101797662, 65.64796903618398], [97.66716896539413, 89.50335250234389, 78.84954327743702, 55.33517599824592, 37.37864612613787, 65.83935852759096, 1.6347829123418933, 52.41494218360092, 55.194815213266224, 37.17342116695409, 68.5778558007874, 68.084372879331, 95.26582067714389, 21.574916953465415, 70.87238501339128, 44.80871612438535, 70.8381623436875, 64.70916635786692, 47.762263147992364, 85.71139052190303, 23.86738362829576, 71.10839948813191, 86.52090940579669, 0.0, 51.53558877638051, 48.71013356998459, 80.7836132418488, 100.05044228512843, 70.86012343853099, 44.57942187771926, 86.83138622893942, 95.1877999728612, 19.52743355758234, 88.60220733752973, 76.09356511247091, 87.95451116194164, 105.59563588278598, 98.34188435836826, 59.416508173421, 98.48065568397925, 55.85499535481598, 10.526844113746582, 41.377140460145746, 89.71317433077557, 58.47173517735154, 103.08343831626696, 94.81729072552511, 41.15972134424614, 21.627367560934324, 79.45178886498597, 51.64399620390249, 68.82024237718821, 97.19674415518305, 66.69785290229765, 33.67599747471046, 97.19106977855522, 62.65445665304239, 77.99360517917094, 67.48671842407606, 40.74819186175542, 63.528523427347906, 102.97588459435839, 12.370822232410106, 75.24042978553545, 92.3249957245867, 62.545255186253975, 25.754670643985868], [97.04575173259043, 62.21370643346009, 48.40103003037372, 26.069251236764494, 69.93446147101272, 76.60823172327827, 51.03996342348203, 85.99588430502608, 86.27152312842348, 60.1150864985058, 31.871169120704423, 79.6452534919619, 53.121176111211966, 55.337301941931074, 89.69369495641449, 57.605735879357965, 102.78727580891045, 15.638552181721927, 22.962306246619526, 59.636578582938945, 32.72101621972754, 105.26211090409659, 51.16149244860647, 51.53558877638051, 0.0, 87.8806751517262, 92.26620601224948, 53.19836786795997, 45.31378369706084, 78.76844477796958, 39.452061776074196, 84.22594019066611, 33.2888175306753, 47.69617402351025, 40.21427139742106, 90.61523482093688, 104.79016621659257, 74.59472850024181, 66.7424492648557, 52.48205661456231, 35.93419041028544, 43.67906946669418, 39.09033637580887, 74.38572953659668, 72.67677547780202, 103.46084477623499, 79.6064286326009, 34.41642585868786, 38.89898060343068, 99.08607450763697, 84.5289577814577, 19.329807774261898, 71.67038931616203, 85.85184689551255, 17.860622311332353, 86.99840214046903, 84.4828669056418, 53.57040028204433, 63.54978278126427, 51.17313996754909, 88.68770180899183, 92.52967645014331, 39.337190642249894, 57.17838874841537, 63.898126219061936, 44.1955827593418, 45.96764399953286], [74.85432995657261, 94.10469515775212, 89.6904522027783, 76.54086356762711, 18.595734771700013, 44.03309271241268, 50.29830601315941, 10.222881595829325, 14.721297171562794, 30.538703408496996, 88.34966462357903, 44.08692419874309, 112.58788487744022, 33.09517203109518, 37.29999661189609, 39.23334943923217, 24.022371036433793, 95.56623738388605, 71.73354557957524, 90.39159047425369, 55.57874384933727, 23.002895898200393, 99.28590252049368, 48.71013356998459, 87.8806751517262, 0.0, 51.174222825902135, 122.07054124022368, 80.80766960949768, 11.025262674307626, 111.4910194620196, 82.92463649398466, 57.224464152416004, 106.03716879040181, 92.4692959893472, 64.78517739976249, 81.07802363896737, 97.22373164635373, 45.78799546175921, 119.62808676521031, 69.91389238430091, 58.719092662102916, 54.660688122449436, 83.24978454991368, 37.80358948334507, 78.01313950599544, 86.67275956567273, 58.48072613983965, 49.276703879027465, 41.93383720971532, 11.257044312097149, 99.24306757530255, 98.03997768906308, 34.75237988270794, 72.66467407977932, 83.62906300175679, 29.750130819477956, 83.97416693372693, 59.98964105273832, 42.783703514110904, 25.991714376365145, 88.1445980870584, 54.934952119269916, 76.80330329944096, 97.1620806511719, 70.95880288865544, 41.97501644685053], [24.426674232294438, 62.72160954146025, 66.04798737325108, 69.11618977580657, 46.40077769049185, 16.19705130853998, 82.28955757637645, 40.96065501372594, 36.454288253389755, 43.64212555270403, 74.54512456531444, 13.340197905709687, 89.61570549092251, 59.25127373298605, 13.988835595745734, 38.22461233389937, 37.848578257080355, 91.4638725678138, 69.52002622534516, 60.17859081061232, 70.49946504364216, 42.84112403267498, 74.73530833908664, 80.7836132418488, 92.26620601224948, 51.174222825902135, 0.0, 102.25903158400777, 59.64684574930626, 44.24625689630358, 96.56827840439367, 38.51331412217613, 75.94303360486663, 84.61576256369386, 73.68467091687577, 15.449582823697588, 29.966486427105597, 59.567430405571415, 25.69105619926543, 99.31498404593344, 58.65427813502387, 86.97475166979943, 53.936642211690874, 44.111968758275296, 22.59123221152421, 26.88057166823007, 45.02865427670284, 58.38259672784976, 66.20307157731456, 14.807708523047237, 40.09961671285257, 93.6604977009771, 62.02496586185737, 16.576321495795064, 85.13511263965052, 37.99356628672898, 21.652240542603163, 57.33035301054651, 31.753974885104817, 44.388223712202496, 25.385117504230806, 40.83943459308251, 78.9345290017658, 48.50233223180083, 65.19936329235924, 53.13409307890652, 57.81568358166307], [93.61326796805939, 42.40203576914716, 36.239191376515606, 46.72927466679799, 103.75571746706282, 91.45466850952153, 100.03431497708205, 116.26340416924253, 114.54372675014014, 91.57476493554806, 33.8885816614236, 93.99306338634061, 13.433932602979189, 95.23372926128204, 107.03182400621556, 83.36605682382348, 128.3414774316502, 37.58308862520356, 53.37890187592205, 43.55697631110664, 76.79442988628243, 132.3100253499967, 27.774203571245103, 100.05044228512843, 53.19836786795997, 122.07054124022368, 102.25903158400777, 0.0, 43.586467401498545, 111.2109270253897, 13.757272772000245, 73.91737068187784, 80.52606374675759, 17.65017787042159, 30.08936845571198, 92.60532770746217, 98.98716732564033, 52.488317403776826, 83.11297075223463, 2.996969012142423, 52.15770194637656, 94.43111010378607, 67.88038284730578, 63.3416038762009, 92.06646679289733, 99.25183132603294, 66.21210287326518, 64.77082951029395, 81.2201332683743, 114.65285058610772, 114.60447933124775, 33.920137593519414, 48.563544501454, 104.61698859780132, 68.74771900030309, 76.49620692320572, 105.88876969551139, 44.95817941555204, 71.27861435557357, 79.28686743473126, 111.63400455989525, 79.77152238957237, 87.85817184651715, 53.76404599414582, 41.173305873863924, 52.45610518529067, 84.02788142314184], [55.956669400892224, 19.074497025604426, 8.964488746954158, 20.098132825194536, 63.294248040705774, 47.922531028322865, 71.4657190845117, 73.97186520994589, 71.82262613435935, 51.12137155813754, 16.501097464810695, 50.52555618389712, 32.29635507874173, 58.938577022321866, 63.49094678125882, 41.5756538388128, 84.96054958296399, 37.02309577811587, 26.718609699445253, 15.594404480886931, 47.626654352046046, 89.0624988939931, 18.480063497354433, 70.86012343853099, 45.31378369706084, 80.80766960949768, 59.64684574930626, 43.586467401498545, 0.0, 69.78611136820939, 36.92735922909584, 39.94626643826668, 53.44550409846257, 26.206930270409092, 14.049801799926493, 52.235516848361755, 62.92175040807034, 30.14058492875988, 39.555341887007025, 40.780252916839636, 15.031541607229359, 69.31338114255077, 30.58108328288869, 29.48934160693022, 48.57196583152919, 62.2511614952255, 34.52903579914889, 29.765852808715465, 49.312091939245285, 71.32664047055911, 72.31584095139546, 37.748084921418894, 27.868979734855888, 61.03070101259112, 49.94456471483547, 42.785845093042035, 62.375595265429254, 8.427506241438197, 28.043170425143934, 38.910136798784414, 68.17716120273164, 47.973195564372865, 60.63016953459139, 13.154627884508786, 21.673882669723046, 9.910929227583717, 48.299762931791825], [66.86043359006658, 83.18947984546762, 78.66580626088466, 65.99598432877879, 8.882283495720426, 34.741108668965886, 46.21376915472719, 7.977164822931646, 10.762666094829006, 19.89422967627898, 77.57016037303633, 35.27901860258845, 101.60610986697627, 25.723205501163733, 31.0984048248