instance_id,num_cities,city_coordinates,distance_matrix,best_route,total_distance
1940,54,"[[40.111765361246476, 99.36260707518996], [25.002819385031337, 70.76922726345617], [60.47908932504984, 69.65985546057793], [36.69332390892228, 23.477108717926875], [39.00044469263878, 3.8527191940628147], [91.58246904473837, 11.95728124772769], [82.14147142066255, 94.68073538565072], [92.44428075621755, 3.978062918548708], [72.38605398663823, 53.04424059408118], [14.427388129683605, 81.98618712874696], [79.30183756404637, 81.7052314404488], [73.16916841758045, 10.874740978956233], [68.1487064484199, 20.527381894217], [45.47519053597582, 28.838161243636186], [11.112087782456392, 89.31624444410902], [20.889887227497972, 21.307642235106115], [87.09383415739576, 56.06163570068485], [41.10657529541173, 27.60948303424766], [51.939788756277835, 47.85272606350324], [51.92792030412999, 24.008656770200155], [80.97417724411231, 58.94983068229768], [64.97702090981124, 11.637512820149764], [32.16888586329512, 15.60018021385564], [80.16571068000005, 4.468753743664012], [96.66090642648916, 16.03352990981408], [71.89780201386799, 82.59117118201168], [30.89212044260212, 16.060713379082646], [10.707557411152901, 87.87044897073473], [39.84322724366154, 86.7286151004528], [11.344999461608795, 64.506411756386], [17.438818934809895, 87.35167798870802], [33.78662713517273, 8.139703266621856], [2.9278421343388317, 96.67371774040176], [65.8359859653122, 86.53923404203752], [52.83150239879419, 66.65379084432554], [53.00575800845549, 48.78027725671611], [32.52791356772984, 55.00543886866032], [61.12652873279608, 17.848823225706944], [83.70587111579434, 65.33692337851267], [83.79550449517617, 15.440826633308314], [78.02079558399855, 80.80260518081177], [24.74317295774474, 83.63455148938131], [14.75761256580823, 31.51592096603061], [31.492691962510445, 48.84628183413533], [66.12810782274234, 34.31301112810351], [75.61573047091612, 3.3077093903164934], [27.53983013565374, 72.96839561364841], [79.10294554328243, 10.701863943824518], [40.53580539085326, 18.815046071531626], [88.97278785532028, 63.59673528882237], [68.43849517463606, 43.73013480209569], [73.58779826004542, 56.416927063818264], [9.516793311522253, 27.539467230548787], [67.06255746834942, 54.53687613045626]]","[[0.0, 32.33978382070995, 36.01501546474548, 75.96245521896424, 95.51635313753322, 101.43433501866451, 42.28966911620645, 108.79753412433173, 56.453704747814314, 31.01011454232904, 42.98423750128667, 94.46107316293791, 83.67235382646018, 70.72809759531698, 30.69056372549973, 80.38692763861177, 63.89279231917959, 71.76001990272832, 52.85044918703656, 76.2747621707279, 57.47111622951904, 91.18099086734645, 84.13818091936238, 103.00078609264523, 100.70521563677764, 35.93929865760859, 83.81054435918817, 31.570193902954447, 12.636845569141016, 45.19381785628614, 25.657843190271493, 91.44192448131332, 37.28101758803399, 28.743250018639518, 35.094990661472224, 52.199876783869406, 45.00081309630293, 84.17907838069065, 55.30093315275099, 94.610434399471, 42.20862758665403, 21.990119712617705, 72.42931644002465, 51.24634174370705, 70.05926068660044, 102.40642024678019, 29.235388726559982, 96.85576650150448, 80.54867716843505, 60.55243268280202, 62.4289643766207, 54.45159511236194, 78.06801990486429, 52.303836856677535], [32.33978382070995, 0.0, 35.49361118080382, 48.71562760087887, 68.36484890975302, 88.83521116632913, 61.94017902078359, 94.91791372775553, 50.58997997371059, 15.416223106070113, 55.389345207938725, 76.85926532572047, 66.22545278511292, 46.66189321170463, 23.17205797408176, 49.63229396722637, 63.809147972992704, 46.0661966777355, 35.36617516999706, 53.95842855716253, 57.205690592212996, 71.37574126093857, 55.632510828938265, 86.24788324920905, 90.17138128713927, 48.36215207962072, 55.02458867073334, 22.289152042715983, 21.7931128006572, 15.025275476217944, 18.226128905128366, 63.242490104845565, 34.034500840893145, 43.77260109668453, 28.131342221806623, 35.604472948580124, 17.467800863714448, 64.07410975238291, 58.95386508112093, 80.73296562588787, 53.959007335816814, 12.867944035679471, 40.568292027742125, 22.863376442881197, 54.95766592562382, 84.33696201746672, 3.357493854240228, 80.83880124365598, 54.226475061360816, 64.3708125412127, 51.16415202496427, 50.660524013338936, 45.91981223886003, 45.0833759931787], [36.01501546474548, 35.49361118080382, 0.0, 51.94813503030591, 69.22363295035221, 65.55156215359494, 33.095365691909684, 73.04704877519258, 20.441488811827345, 47.6728186221562, 22.346966992527125, 60.139236709423336, 49.727487223549176, 43.49169688129301, 53.1363761389343, 62.491931051314914, 29.88739237754325, 46.29825181388173, 23.419448045259074, 46.44517664400351, 23.124732637621506, 58.196422862788076, 61.02389784196867, 68.09877240771819, 64.690854692441, 17.251258671678894, 61.223008416144076, 52.998406627447075, 26.780241960928972, 49.403610887474365, 46.53456199032948, 67.06129035237495, 63.57589801551851, 17.709030546890222, 8.217177755879506, 22.176732557768094, 31.55978694265954, 51.815077333046055, 23.62564568728248, 59.01998223786577, 20.78153819626958, 38.37118512254316, 59.543372223700835, 35.68495592210221, 35.79540213842346, 68.05677918699975, 33.10500315497183, 61.82954620670419, 54.61619920763834, 29.131637134755827, 27.123837392694785, 18.63366315205189, 66.11567680678152, 16.493833896736316], [75.96245521896424, 48.71562760087887, 51.94813503030591, 0.0, 19.75954125213949, 56.084977299485814, 84.47183295563971, 59.06252599131895, 46.34853037349284, 62.60258902480531, 72.15261403225783, 38.59153929617289, 31.593385051947905, 10.288929275622944, 70.63420867347943, 15.951651819290378, 60.01635470433508, 6.04593295451899, 28.751094089088365, 15.243866657011642, 56.73718336024591, 30.66176033858389, 9.083861639576444, 47.44645371786769, 60.42779011741021, 68.8028172362827, 9.415778325750635, 69.43891077335876, 63.32988986787297, 48.22801322994741, 66.71354106420928, 15.610409735565783, 80.60925090744101, 69.47032749402284, 46.09410682956161, 30.105578292967355, 31.80229937290951, 25.07307511150763, 62.94778533274199, 47.78281328808125, 70.66945917276047, 61.33289515877059, 23.362318688192854, 25.896747232851336, 31.365957423553194, 43.837864932199324, 50.330646000740785, 44.292018312646555, 6.041480949063432, 65.89936863666323, 37.655556884150876, 49.45941639673891, 27.478474702874095, 43.43960748795341], [95.51635313753322, 68.36484890975302, 69.22363295035221, 19.75954125213949, 0.0, 53.20294363140539, 100.55285531722815, 53.443983049918266, 59.45085941834691, 81.90649498267223, 87.66536334521874, 34.88281053669428, 33.5807316708175, 25.81074675689178, 89.89869075417619, 25.15286524567155, 70.9841184562028, 23.849939502528112, 45.86313584250467, 23.945384633762835, 69.26388610704434, 27.117992620533958, 13.589445774215196, 41.16987518048245, 58.93302127885338, 85.33451787043248, 14.655375947590379, 88.65363155307699, 82.88018101280363, 66.66103863855797, 86.23792567722468, 6.749972293344333, 99.58398679741902, 86.93219204127836, 64.30608647470653, 47.05990091943751, 51.56058949692943, 26.18118643256468, 76.01896155480746, 46.269661947505064, 86.27788092586943, 81.0457312985757, 36.78270846207889, 45.615644576207394, 40.788962865061485, 36.619341724164, 70.05942058681785, 40.6831827451966, 15.040896185462064, 77.88826959369227, 49.56618899770694, 62.92281760833392, 37.81993827741112, 57.934151739623], [101.43433501866451, 88.83521116632913, 65.55156215359494, 56.084977299485814, 53.20294363140539, 0.0, 83.26044859743946, 8.0256242480413, 45.350199331554855, 104.19670901665418, 70.82083355659455, 18.445095104650616, 24.951710452623708, 49.10035886753641, 111.62388385697795, 71.30827704117887, 44.33217708238511, 52.847017612721075, 53.47920211610758, 41.44537233280616, 48.17505119133486, 26.607369699156155, 59.52515921302263, 13.65358618597842, 6.512014234898822, 73.32552436474478, 60.828912276198544, 110.92141526991826, 90.92690200521501, 95.91382925480374, 105.74306554833674, 57.92178557052026, 122.62347852120088, 78.9008813231629, 67.03242184231298, 53.330063467568145, 73.07930211177265, 31.02055072307523, 53.95764069105431, 8.530645072298958, 70.16835194378598, 98.00572723417672, 79.2754625381561, 70.50942968182218, 33.87776798586624, 18.159070295620957, 88.45233560856863, 12.542510890181866, 51.50525030102735, 51.705354167365805, 39.30849462250232, 47.96319716972277, 83.53190799660094, 49.13499734498026], [42.28966911620645, 61.94017902078359, 33.095365691909684, 84.47183295563971, 100.55285531722815, 83.26044859743946, 0.0, 91.28593907540846, 42.76407216157581, 68.8937488556436, 13.28259097735045, 84.28491513713485, 75.4620255863434, 75.36352382659284, 71.2316720503271, 95.5791157348237, 38.935340722196266, 78.62833835199442, 55.72256358814917, 76.85962117327766, 35.74996680578465, 84.79855644645603, 93.54674507201058, 90.23361492414283, 79.97622723063955, 15.845829910408904, 93.8488350273229, 71.75781540550972, 43.03925739934945, 76.95862686101337, 65.1164212855152, 99.13395586831363, 79.23869662846224, 18.225062415879332, 40.55346969601245, 54.366734796972516, 63.526642257696984, 79.65406795843907, 29.385483652926116, 79.25716979864431, 14.476963332596029, 58.451542709396435, 92.36004663725532, 68.30882807490224, 62.45550372668889, 91.60575950499631, 58.76023255052393, 84.03382347692077, 86.5253388371896, 31.82580629379324, 52.76111501687701, 39.2082179119199, 98.9054789176593, 42.882433255146864], [108.79753412433173, 94.91791372775553, 73.04704877519258, 59.06252599131895, 53.443983049918266, 8.0256242480413, 91.28593907540846, 0.0, 53.007756534556236, 110.32634761422062, 78.83042902008908, 20.471788488942206, 29.396511519296503, 53.142449368186114, 117.88778918959592, 73.62299608513443, 52.35767214610402, 56.51552015743209, 59.71264470994742, 45.19734676209768, 56.155663344403294, 28.51521587267297, 61.38564033977012, 12.288370949903664, 12.771617611746859, 81.25379117033724, 62.72685933015023, 117.12738527226095, 98.05368283262396, 101.19671160436488, 112.1471310061463, 58.805098237424815, 128.86301721749615, 86.74300161374245, 74.14458227153452, 59.68781689866734, 78.70047111307349, 34.252001157584296, 61.97797641089269, 14.359536301495334, 78.16679101971287, 104.53992619365876, 82.42300674186801, 75.68522474786057, 40.15905926115483, 16.841896524968092, 94.72198116455202, 14.93990379792998, 53.98727520294509, 59.71965638008153, 46.43818429292377, 55.72612856618054, 86.20967432396223, 56.572303033007806], [56.453704747814314, 50.58997997371059, 20.441488811827345, 46.34853037349284, 59.45085941834691, 45.350199331554855, 42.76407216157581, 53.007756534556236, 0.0, 64.78304729737225, 29.483562518547796, 42.176770454860254, 32.79178576818557, 36.195702081604075, 71.20503632249374, 60.49022124512425, 15.014109057172996, 40.3154149094661, 21.095060677595747, 35.519014087738974, 10.422660666816713, 42.06436587038939, 54.9497795229355, 49.194521859874, 44.26128292685447, 29.55096440316114, 55.583520995160264, 70.83150238210573, 46.83665934189689, 62.10790372635023, 64.77807422598416, 59.21429916713381, 82.02423099170278, 34.129429780801146, 23.82436454169513, 19.843821596264156, 39.906361101027876, 36.95259547955959, 16.710724397110802, 39.29621231635467, 28.32449677220906, 56.61811753674275, 61.518337157318726, 41.108270644562296, 19.748945478109192, 49.841281548292436, 49.072963502690115, 42.871826326573945, 46.755492653546476, 19.658964487302608, 10.116115226632882, 3.5803915039859193, 67.84568816189307, 5.528795169354961], [31.01011454232904, 15.416223106070113, 47.6728186221562, 62.60258902480531, 81.90649498267223, 104.19670901665418, 68.8937488556436, 110.32634761422062, 64.78304729737225, 0.0, 64.87505780737678, 92.23575513273653, 81.62821070413634, 61.55224358010494, 8.04493360064691, 61.02171502833101, 77.1524124382682, 60.56901002992115, 50.71758437724155, 69.04841735943631, 70.42122449778982, 86.62679349475448, 68.7158108148026, 101.6389665942163, 105.41396741281069, 57.47359809272565, 67.9503899860313, 6.96144223560017, 25.854506395103126, 17.749469484164106, 6.152821114122303, 76.34188439952707, 18.653769419807535, 51.60982627000426, 41.351642876885116, 50.90111072395935, 32.489841455561574, 79.33732527316666, 71.25100833168398, 96.12606603603626, 63.60442074162768, 10.446651218656903, 50.4713464721682, 37.27570143997994, 70.3256434507965, 99.67103941318445, 15.914040944075566, 96.25166210872511, 68.35380394940678, 76.78013127904808, 66.18704725126203, 64.44952433540975, 54.667716699538516, 59.36266272322115], [42.98423750128667, 55.389345207938725, 22.346966992527125, 72.15261403225783, 87.66536334521874, 70.82083355659455, 13.28259097735045, 78.83042902008908, 29.483562518547796, 64.87505780737678, 0.0, 71.09548515817023, 62.186185031594675, 62.762800768898025, 68.61318746580524, 84.02276312962293, 26.80129126320611, 66.22105447209971, 43.5278512593355, 63.86099024312358, 22.816769790432378, 71.51702989380118, 81.18739393339249, 77.24130866166368, 67.92723793663188, 7.45685132304418, 81.56410646410147, 68.87078609170494, 39.77708274637012, 70.0994382531402, 62.12016928939913, 86.50734833457082, 77.82700533882097, 14.307226860272326, 30.450361373543878, 42.13711437669719, 53.85795103222667, 66.39264056504362, 16.950428323065033, 66.41659722488433, 1.567100098663506, 54.592766549004665, 81.76138371212129, 58.012282944037885, 49.18912177942184, 78.48413119289152, 52.49416837403405, 71.00364606058342, 73.87814741985486, 20.52912351781634, 39.498356580518845, 25.925828500026356, 88.33958576860792, 29.797978245359587], [94.46107316293791, 76.85926532572047, 60.139236709423336, 38.59153929617289, 34.88281053669428, 18.445095104650616, 84.28491513713485, 20.471788488942206, 42.176770454860254, 92.23575513273653, 71.09548515817023, 0.0, 10.880189107858083, 33.00970885228043, 100.02075146102365, 53.31011789869054, 47.28373685061463, 36.16713244611578, 42.63869066606889, 24.9737935730367, 48.7045420137236, 8.227581763238028, 41.2716966636212, 9.48621505599311, 24.051504275457443, 71.72769851042351, 42.59393261033186, 99.14530699268369, 82.85184713913958, 81.84487752740023, 94.62871523943083, 39.47739845973186, 110.88421137087046, 76.01901785324073, 59.37106250502048, 42.93475049224555, 59.99358375695553, 13.916285199793329, 55.47207780021497, 11.565818459447318, 70.09596620344907, 87.40175662873712, 61.95133709843158, 56.38055165237867, 24.473026823108547, 7.952712301114237, 77.05620324113387, 5.936294925859056, 33.58548536789879, 55.03964999291389, 33.19421896362528, 45.54411009486521, 65.79770480558464, 44.08710404725085], [83.67235382646018, 66.22545278511292, 49.727487223549176, 31.593385051947905, 33.5807316708175, 24.951710452623708, 75.4620255863434, 29.396511519296503, 32.79178576818557, 81.62821070413634, 62.186185031594675, 10.880189107858083, 0.0, 24.1486516647739, 89.35929431096955, 47.265259973423866, 40.269107979838346, 27.954123378387642, 31.77111025319357, 16.590153040310962, 40.506509007859975, 9.43871608376247, 36.315627569088285, 20.057116661662715, 28.864169020554442, 62.176922232598805, 37.523383755106494, 88.51313058520688, 71.99863492481941, 71.8388209470412, 83.88670478786962, 36.52679942878197, 100.25979056768338, 66.05235272129754, 48.60311042032725, 32.055186535407096, 49.57395786279303, 7.515694007239393, 47.433325632097706, 16.452821446130564, 61.078316006170844, 76.59344091972206, 54.51015407164639, 46.32087533497516, 13.932924753269733, 18.768952258826886, 66.32601869030836, 14.715167587931154, 27.66594294045689, 47.83943528377628, 23.20456248262214, 36.29935498347238, 59.049729710276495, 34.026833790579154], [70.72809759531698, 46.66189321170463, 43.49169688129301, 10.288929275622944, 25.81074675689178, 49.10035886753641, 75.36352382659284, 53.142449368186114, 36.195702081604075, 61.55224358010494, 62.762800768898025, 33.00970885228043, 24.1486516647739, 0.0, 69.55876205376465, 25.71275666488688, 49.731570037556025, 4.538110759150225, 20.083443565256875, 8.059890502963524, 46.54987318659066, 26.003532339246448, 18.769706598320443, 42.394577598587425, 52.76301824971207, 59.896080629259316, 19.388891337042306, 68.50984825116191, 58.16376585361533, 49.36693263119636, 64.8835092641764, 23.7707525543644, 80.0745876120268, 61.18803635190212, 38.52450085750074, 21.31660004636545, 29.195177670251667, 19.12406696870595, 52.855884960658884, 40.59476612314418, 61.31492348231176, 58.58720796238777, 30.834071957563488, 24.409734859701306, 21.366257831250447, 39.50007746073931, 47.6356456683611, 38.20669033793153, 11.174093402380796, 55.67943464341689, 27.369403288960687, 39.381557069418434, 35.98184176902593, 33.56245458703825], [30.69056372549973, 23.17205797408176, 53.1363761389343, 70.63420867347943, 89.89869075417619, 111.62388385697795, 71.2316720503271, 117.88778918959592, 71.20503632249374, 8.04493360064691, 68.61318746580524, 100.02075146102365, 89.35929431096955, 69.55876205376465, 0.0, 68.70789864644276, 82.94030856503872, 68.61044880233905, 58.19041607779251, 77.0130715672515, 76.1763127796426, 94.5273313255034, 76.66450854871539, 109.39606717537092, 112.64526896813985, 61.156599521256986, 75.87899922676549, 1.50132254100727, 28.847429701090704, 24.810925936834664, 6.62473006482884, 84.28383933114432, 11.005193779956443, 54.794313747877005, 47.47732468339217, 58.29446149354292, 40.44587708656377, 87.2297919244539, 76.45171821100273, 103.63617332647536, 67.4481818374499, 14.76780680696251, 57.91517284025435, 45.31210545093557, 77.79536063473248, 107.50901367876065, 23.175911637012817, 103.93737326148083, 76.39485669773975, 81.99866930033279, 73.2421352555195, 70.60863604240367, 61.797371848185, 65.87912809356807], [80.38692763861177, 49.63229396722637, 62.491931051314914, 15.951651819290378, 25.15286524567155, 71.30827704117887, 95.5791157348237, 73.62299608513443, 60.49022124512425, 61.02171502833101, 84.02276312962293, 53.31011789869054, 47.265259973423866, 25.71275666488688, 68.70789864644276, 0.0, 74.77167010908752, 21.1761109246493, 40.85018800940281, 31.155336248946064, 70.90173663525107, 45.135205319397464, 12.64084383853904, 61.62119287712156, 75.95435215492057, 79.73379641682564, 11.29490733514465, 67.33711518184808, 68.11117961404526, 44.24068908387482, 66.13414043430097, 18.43150880758103, 77.47696690629161, 79.21686917201075, 55.466566266901665, 42.263161631020374, 35.650878741656676, 40.385031243836615, 76.71000866809914, 63.178605628275086, 82.48388512642791, 62.44590801733592, 11.908557728568454, 29.509255145022266, 47.070545170700285, 57.610029518479784, 52.08699626893742, 59.17129956018156, 19.803412234156, 80.14766839530517, 52.57031758157208, 63.322442375337374, 12.968535306480373, 56.88670725610945], [63.89279231917959, 63.809147972992704, 29.88739237754325, 60.01635470433508, 70.9841184562028, 44.33217708238511, 38.935340722196266, 52.35767214610402, 15.014109057172996, 77.1524124382682, 26.80129126320611, 47.28373685061463, 40.269107979838346, 49.731570037556025, 82.94030856503872, 74.77167010908752, 0.0, 54.07728699734647, 36.09976600333129, 47.58187633388794, 6.766969113873023, 49.62515614014138, 68.21934714743531, 52.05597337048966, 41.15553577597063, 30.57344674324614, 68.98337778811992, 82.7445700744315, 56.33012940888757, 76.21810939927992, 76.36025073325091, 71.6810290713313, 93.45188826784603, 37.158849691755705, 35.86225213401177, 34.85706694955136, 54.57614168797301, 46.20086566572397, 9.874677467022487, 40.754498007568905, 26.35214601832126, 68.17529345095782, 76.38730958727552, 56.06735542894267, 30.208680069454694, 53.988180237875696, 61.907333376396174, 46.0582587021875, 59.62347257271035, 7.765834971340457, 22.36263819350434, 13.510708257276276, 82.65416723094577, 20.089224413603798], [71.76001990272832, 46.0661966777355, 46.29825181388173, 6.04593295451899, 23.849939502528112, 52.847017612721075, 78.62833835199442, 56.51552015743209, 40.3154149094661, 60.56901002992115, 66.22105447209971, 36.16713244611578, 27.954123378387642, 4.538110759150225, 68.61044880233905, 21.1761109246493, 54.07728699734647, 0.0, 22.959690813035685, 11.404712077977504, 50.71137028163081, 28.72110733154339, 14.970158536797287, 45.399442827987166, 56.747567332534025, 63.01655079743217, 15.41781983576621, 67.49432793891604, 59.132629102393764, 47.403952844016715, 64.25957165373542, 20.80033570085919, 78.91441047952615, 63.90821000404171, 40.76679884351653, 24.28565579202058, 28.70769640913536, 22.27260684188314, 56.90395205363633, 44.38942300623678, 64.74695284886852, 58.36582246029587, 26.63696856327512, 23.311550270317667, 25.903945238541912, 42.20732155879959, 47.34435050368245, 41.58836057504689, 8.812939337992502, 59.885362399043224, 31.731833506820244, 43.41541980443227, 31.589859575541574, 37.400501460803994], [52.85044918703656, 35.36617516999706, 23.419448045259074, 28.751094089088365, 45.86313584250467, 53.47920211610758, 55.72256358814917, 59.71264470994742, 21.095060677595747, 50.71758437724155, 43.5278512593355, 42.63869066606889, 31.77111025319357, 20.083443565256875, 58.19041607779251, 40.85018800940281, 36.09976600333129, 22.959690813035685, 0.0, 23.844072247080522, 31.08281592428466, 38.490402602294125, 37.83008478694402, 51.757817986200294, 54.88569585547618, 40.063472920376825, 38.12789545685506, 57.45881175570778, 40.71438994804816, 43.87803738815017, 52.445058125732686, 43.6653347234117, 69.17846586899418, 41.10657120760099, 18.82219939626946, 1.4130257119453995, 20.687730634577186, 31.37882051473699, 36.25991097923116, 45.44576822885235, 42.02277300456098, 44.94435383561582, 40.61287267667645, 20.471221760389607, 19.612044219399635, 50.44609723744181, 35.016493794214426, 46.02199086166061, 31.19675777889473, 40.24073618556962, 17.005971662560444, 23.280503737011543, 47.035508149911124, 16.534085872413975], [76.2747621707279, 53.95842855716253, 46.44517664400351, 15.243866657011642, 23.945384633762835, 41.44537233280616, 76.85962117327766, 45.19734676209768, 35.519014087738974, 69.04841735943631, 63.86099024312358, 24.9737935730367, 16.590153040310962, 8.059890502963524, 77.0130715672515, 31.155336248946064, 47.58187633388794, 11.404712077977504, 23.844072247080522, 0.0, 45.437546991215484, 17.98121879211916, 21.47374955690538, 34.33919940240331, 45.43833949279429, 61.89270692344158, 22.48721147591814, 76.00951795724652, 63.8735702721741, 57.33272732943622, 72.12375787735671, 24.102493712078537, 87.64256241375398, 64.05862459017504, 42.65470572869924, 24.795058290813568, 36.56720883293927, 11.070589248987185, 52.133135131471974, 32.999252043463784, 62.50112572136592, 65.53058682286978, 37.92084905520366, 32.163740083994455, 17.54494355354259, 31.458569149317782, 54.69766877742035, 30.25810192448717, 12.520138748697086, 54.217507990333054, 25.720337834428317, 38.98007563473115, 42.557846694704935, 34.07388177769723], [57.47111622951904, 57.205690592212996, 23.124732637621506, 56.73718336024591, 69.26388610704434, 48.17505119133486, 35.74996680578465, 56.155663344403294, 10.422660666816713, 70.42122449778982, 22.816769790432378, 48.7045420137236, 40.506509007859975, 46.54987318659066, 76.1763127796426, 70.90173663525107, 6.766969113873023, 50.71137028163081, 31.08281592428466, 45.437546991215484, 0.0, 49.94361252725907, 65.27747438820352, 54.48707518832892, 45.69335120600709, 25.323774757006706, 65.93700627507009, 75.9855251013976, 49.63281083809297, 69.85054038373933, 69.59458805042308, 69.3421512017106, 86.68518950108867, 31.46966814156075, 29.178093659925995, 29.759910809967433, 48.60657045072266, 45.642326467605486, 6.946733370342347, 43.60038211750636, 22.051444771560977, 61.410595864045774, 71.67463177524053, 50.50246612790889, 28.764190498083913, 55.89954037103277, 55.2426430725552, 48.28423969034827, 56.97422973498665, 9.250486156514643, 19.71756748772084, 7.808597520475185, 78.05618906057701, 14.594770730025703], [91.18099086734645, 71.37574126093857, 58.196422862788076, 30.66176033858389, 27.117992620533958, 26.607369699156155, 84.79855644645603, 28.51521587267297, 42.06436587038939, 86.62679349475448, 71.51702989380118, 8.227581763238028, 9.43871608376247, 26.003532339246448, 94.5273313255034, 45.135205319397464, 49.62515614014138, 28.72110733154339, 38.490402602294125, 17.98121879211916, 49.94361252725907, 0.0, 33.046580127201956, 16.79545782739294, 31.98739701330156, 71.29038396601666, 34.370701811922565, 93.57689470468324, 79.1857387774056, 75.30945624123446, 89.40086942635257, 31.385909824151348, 105.26754834206801, 74.90664632038977, 56.34096615727196, 39.024301216596236, 54.163840124634824, 7.3079865188325215, 56.871755066586175, 19.198971858253554, 70.38430264632787, 82.4762759717534, 54.01055530945725, 50.05689539501205, 22.70469609123043, 13.511763996799472, 71.85416089058818, 14.156877677308538, 25.473319367896377, 57.23248754730302, 32.27875756224399, 45.599796343639156, 57.69496511242922, 42.95002718470234], [84.13818091936238, 55.632510828938265, 61.02389784196867, 9.083861639576444, 13.589445774215196, 59.52515921302263, 93.54674507201058, 61.38564033977012, 54.9497795229355, 68.7158108148026, 81.18739393339249, 41.2716966636212, 36.315627569088285, 18.769706598320443, 76.66450854871539, 12.64084383853904, 68.21934714743531, 14.970158536797287, 37.83008478694402, 21.47374955690538, 65.27747438820352, 33.046580127201956, 0.0, 49.27071998405082, 64.49347647849687, 77.8856832119666, 1.3572843238435224, 75.38952423992517, 71.5412452019064, 53.15499721156919, 73.24788259500954, 7.633858991554857, 86.18559697204061, 78.52275458309474, 55.07644578674907, 39.18027667803532, 39.406894200692996, 29.0448184010902, 71.62265332660736, 51.62686456608925, 79.71043750103924, 68.43841674828349, 23.589473108363883, 33.25297747777516, 38.77368691414621, 45.15233266738638, 57.55467222638515, 47.18897604659231, 8.963297655633475, 74.36634037374647, 45.899661270359694, 58.150951217874415, 25.60593430127206, 52.28417166775425], [103.00078609264523, 86.24788324920905, 68.09877240771819, 47.44645371786769, 41.16987518048245, 13.65358618597842, 90.23361492414283, 12.288370949903664, 49.194521859874, 101.6389665942163, 77.24130866166368, 9.48621505599311, 20.057116661662715, 42.394577598587425, 109.39606717537092, 61.62119287712156, 52.05597337048966, 45.399442827987166, 51.757817986200294, 34.33919940240331, 54.48707518832892, 16.79545782739294, 49.27071998405082, 0.0, 20.145360023790722, 78.55870683840811, 50.618773425204324, 108.53698826790732, 91.61106625791399, 91.32803880658867, 103.94345616450566, 46.52413632576295, 120.28068724078919, 83.31209244044018, 67.92744498044213, 51.972821216173266, 69.45009904336237, 23.270511566423156, 60.97103255323691, 11.556893468244757, 76.36398061912173, 96.63788708519361, 70.7797185192934, 65.86674237043809, 32.98081249464242, 4.6957793701893165, 86.38104097187025, 6.323063537808818, 42.146713950003, 59.780287804397815, 40.97540269630828, 52.362979700408374, 74.3204369344794, 51.75431869348486], [100.70521563677764, 90.17138128713927, 64.690854692441, 60.42779011741021, 58.93302127885338, 6.512014234898822, 79.97622723063955, 12.771617611746859, 44.26128292685447, 105.41396741281069, 67.92723793663188, 24.051504275457443, 28.864169020554442, 52.76301824971207, 112.64526896813985, 75.95435215492057, 41.15553577597063, 56.747567332534025, 54.88569585547618, 45.43833949279429, 45.69335120600709, 31.98739701330156, 64.49347647849687, 20.145360023790722, 0.0, 71.01500511771381, 65.76879160160492, 112.02018187414922, 90.69753986649467, 98.1245344231087, 106.59464054042459, 63.3678743171588, 123.64759292015695, 76.94952915137632, 66.95840107485357, 54.57216731267307, 75.04565584308178, 35.58071511227336, 50.977029605800496, 12.87904748140221, 67.39797358734533, 98.70186678012972, 83.35378802458031, 72.96281837532163, 35.586390996935336, 24.593615815806665, 89.5505562256156, 18.349622675932853, 56.19398364965981, 48.18055285164415, 39.54246349720617, 46.5100751037713, 87.90041549516603, 48.56511022570062], [35.93929865760859, 48.36215207962072, 17.251258671678894, 68.8028172362827, 85.33451787043248, 73.32552436474478, 15.845829910408904, 81.25379117033724, 29.55096440316114, 57.47359809272565, 7.45685132304418, 71.72769851042351, 62.176922232598805, 59.896080629259316, 61.156599521256986, 79.73379641682564, 30.57344674324614, 63.01655079743217, 40.063472920376825, 61.89270692344158, 25.323774757006706, 71.29038396601666, 77.8856832119666, 78.55870683840811, 71.01500511771381, 0.0, 78.15220877615279, 61.41756107588942, 32.32049204261905, 63.19573102999635, 54.66665586133597, 83.63900241747754, 70.39299314102992, 7.234142254147612, 24.850027626540534, 38.73094208420486, 48.072453063321404, 65.63224776731916, 20.907882800045016, 68.19621761757247, 6.378872831504672, 47.16617096910019, 76.63995325406478, 52.643047740064716, 48.62170409652343, 79.37058841716444, 45.38972878072234, 72.24947465875397, 71.07016931378166, 25.541020660621108, 39.014701745997115, 26.228746490651748, 83.19904058750707, 28.46793038938191], [83.81054435918817, 55.02458867073334, 61.223008416144076, 9.415778325750635, 14.655375947590379, 60.828912276198544, 93.8488350273229, 62.72685933015023, 55.583520995160264, 67.9503899860313, 81.56410646410147, 42.59393261033186, 37.523383755106494, 19.388891337042306, 75.87899922676549, 11.29490733514465, 68.98337778811992, 15.41781983576621, 38.12789545685506, 22.48721147591814, 65.93700627507009, 34.370701811922565, 1.3572843238435224, 50.618773425204324, 65.76879160160492, 78.15220877615279, 0.0, 74.59259152565708, 71.23253924061112, 52.2405554134931, 72.54924504383504, 8.433301263149689, 85.32559600413032, 78.66572069528, 55.14522615806155, 39.49155386581361, 38.97906441420543, 30.28723793088013, 72.23182907886273, 52.907015638681926, 80.07886471878881, 67.85302610885078, 22.342465978087066, 32.79106867839886, 39.682756705807535, 46.50634800435521, 57.00633427622208, 48.5077408684238, 10.029307451754526, 75.05356291416176, 46.64040241467273, 58.74985010414037, 24.262448350140343, 52.808291154928895], [31.570193902954447, 22.289152042715983, 52.998406627447075, 69.43891077335876, 88.65363155307699, 110.92141526991826, 71.75781540550972, 117.12738527226095, 70.83150238210573, 6.96144223560017, 68.87078609170494, 99.14530699268369, 88.51313058520688, 68.50984825116191, 1.50132254100727, 67.33711518184808, 82.7445700744315, 67.49432793891604, 57.45881175570778, 76.00951795724652, 75.9855251013976, 93.57689470468324, 75.38952423992517, 108.53698826790732, 112.02018187414922, 61.41756107588942, 74.59259152565708, 0.0, 29.158035619298445, 23.372731276450377, 6.75122248423632, 83.00382683864692, 11.748255650065206, 55.14449898255884, 47.16538268025348, 57.59495896691923, 39.44916769476028, 86.28499719597501, 76.39707834293513, 102.89751309385083, 67.68328042547137, 14.660877574151785, 56.499874100644966, 44.214335220867916, 77.07033512442275, 106.60172538613907, 22.481027541672166, 103.11604934635595, 75.2221579530245, 81.94302577028799, 72.67206141260424, 70.30824083678672, 60.34273176510671, 65.47528625172073], [12.636845569141016, 21.7931128006572, 26.780241960928972, 63.32988986787297, 82.88018101280363, 90.92690200521501, 43.03925739934945, 98.05368283262396, 46.83665934189689, 25.854506395103126, 39.77708274637012, 82.85184713913958, 71.99863492481941, 58.16376585361533, 28.847429701090704, 68.11117961404526, 56.33012940888757, 59.132629102393764, 40.71438994804816, 63.8735702721741, 49.63281083809297, 79.1857387774056, 71.5412452019064, 91.61106625791399, 90.69753986649467, 32.32049204261905, 71.23253924061112, 29.158035619298445, 0.0, 36.138280371135764, 22.41307027233131, 78.8219478831867, 38.23154096147217, 25.99344861974327, 23.91012046016982, 40.16626147946216, 32.55570187249288, 72.09302775571089, 48.8009836189812, 83.74814302496712, 38.634755311102815, 15.413788277610115, 60.644287920190706, 38.79178538275974, 58.63693790472604, 90.76739225428587, 18.45852704639148, 85.56513526195974, 67.91710037049586, 54.30283224210654, 51.63873213017942, 45.35961314550674, 66.5059983806406, 42.15684992730127], [45.19381785628614, 15.025275476217944, 49.403610887474365, 48.22801322994741, 66.66103863855797, 95.91382925480374, 76.95862686101337, 101.19671160436488, 62.10790372635023, 17.749469484164106, 70.0994382531402, 81.84487752740023, 71.8388209470412, 49.36693263119636, 24.810925936834664, 44.24068908387482, 76.21810939927992, 47.403952844016715, 43.87803738815017, 57.33272732943622, 69.85054038373933, 75.30945624123446, 53.15499721156919, 91.32803880658867, 98.1245344231087, 63.19573102999635, 52.2405554134931, 23.372731276450377, 36.138280371135764, 0.0, 23.644044176021104, 60.6698646661497, 33.25032498700291, 58.77680552750285, 41.5420409092333, 44.53010340208483, 23.21603617848233, 68.22852207161043, 72.36563753680333, 87.50147040529636, 68.6383836397739, 23.353731664929988, 33.166525455457005, 25.51801681739118, 62.552621073842054, 88.746876202836, 18.272320907907584, 86.52207014699317, 54.21995987591564, 77.63311820463278, 60.756241957636234, 62.766278883282155, 37.012124031235224, 56.602454989436545], [25.657843190271493, 18.226128905128366, 46.53456199032948, 66.71354106420928, 86.23792567722468, 105.74306554833674, 65.1164212855152, 112.1471310061463, 64.77807422598416, 6.152821114122303, 62.12016928939913, 94.62871523943083, 83.88670478786962, 64.8835092641764, 6.62473006482884, 66.13414043430097, 76.36025073325091, 64.25957165373542, 52.445058125732686, 72.12375787735671, 69.59458805042308, 89.40086942635257, 73.24788259500954, 103.94345616450566, 106.59464054042459, 54.66665586133597, 72.54924504383504, 6.75122248423632, 22.41307027233131, 23.644044176021104, 0.0, 80.88131905655513, 17.24728595565017, 48.403985804320094, 41.000543594242515, 52.46675241994995, 35.69257572734865, 82.09301314728238, 69.82815782551071, 97.84876218540384, 60.93493455618022, 8.195768243695115, 55.90009507942402, 40.989960723319925, 71.99824327553227, 102.2151735000599, 17.57581403976138, 98.37509086908611, 72.32385981058515, 75.37510207087878, 67.11040162708441, 64.10668213260372, 60.33455929858513, 59.492240225439645], [91.44192448131332, 63.242490104845565, 67.06129035237495, 15.610409735565783, 6.749972293344333, 57.92178557052026, 99.13395586831363, 58.805098237424815, 59.21429916713381, 76.34188439952707, 86.50734833457082, 39.47739845973186, 36.52679942878197, 23.7707525543644, 84.28383933114432, 18.43150880758103, 71.6810290713313, 20.80033570085919, 43.6653347234117, 24.102493712078537, 69.3421512017106, 31.385909824151348, 7.633858991554857, 46.52413632576295, 63.3678743171588, 83.63900241747754, 8.433301263149689, 83.00382683864692, 78.8219478831867, 60.6698646661497, 80.88131905655513, 0.0, 93.75786010021326, 84.6973897309025, 61.53540215890425, 44.95588110324049, 46.882635733979804, 29.01270807331905, 75.91740846554835, 50.5390365680178, 85.0679667850965, 76.03457221315003, 30.142178909482265, 40.771162323994695, 41.60544937236389, 42.10726838317764, 65.12896302090661, 45.38869221954942, 12.629899094184788, 78.2367863331651, 49.67324003430449, 62.56855089001172, 31.070495259710402, 57.09627999524102], [37.28101758803399, 34.034500840893145, 63.57589801551851, 80.60925090744101, 99.58398679741902, 122.62347852120088, 79.23869662846224, 128.86301721749615, 82.02423099170278, 18.653769419807535, 77.82700533882097, 110.88421137087046, 100.25979056768338, 80.0745876120268, 11.005193779956443, 77.47696690629161, 93.45188826784603, 78.91441047952615, 69.17846586899418, 87.64256241375398, 86.68518950108867, 105.26754834206801, 86.18559697204061, 120.28068724078919, 123.64759292015695, 70.39299314102992, 85.32559600413032, 11.748255650065206, 38.23154096147217, 33.25032498700291, 17.24728595565017, 93.75786010021326, 0.0, 63.719246072837706, 58.23719875333927, 69.29342897894031, 51.11173733101884, 97.98189178127872, 86.6434339520785, 114.62269152887349, 76.75183301831909, 25.41512375449694, 66.22297145969455, 55.70829624996639, 88.78699968052716, 118.32472533692575, 34.17151226548235, 114.86429394978799, 86.46578314191261, 92.18361813374833, 84.22985596634662, 81.32305082364434, 69.44752602630572, 76.73835502430455], [28.743250018639518, 43.77260109668453, 17.709030546890222, 69.47032749402284, 86.93219204127836, 78.9008813231629, 18.225062415879332, 86.74300161374245, 34.129429780801146, 51.60982627000426, 14.307226860272326, 76.01901785324073, 66.05235272129754, 61.18803635190212, 54.794313747877005, 79.21686917201075, 37.158849691755705, 63.90821000404171, 41.10657120760099, 64.05862459017504, 31.46966814156075, 74.90664632038977, 78.52275458309474, 83.31209244044018, 76.94952915137632, 7.234142254147612, 78.66572069528, 55.14449898255884, 25.99344861974327, 58.77680552750285, 48.403985804320094, 84.6973897309025, 63.719246072837706, 0.0, 23.760207154005762, 39.879237291360994, 45.86728599861883, 68.85166320097984, 27.728519123170674, 73.3316292051538, 13.467683398976957, 41.19534514488999, 75.07706181650576, 50.992357163697356, 52.22703988390989, 83.8041174313347, 40.62958536557968, 76.98908312128953, 72.29567603504822, 32.58327562935868, 42.88813392909283, 31.1037613729088, 81.56484503132924, 32.02585501673626], [35.094990661472224, 28.131342221806623, 8.217177755879506, 46.09410682956161, 64.30608647470653, 67.03242184231298, 40.55346969601245, 74.14458227153452, 23.82436454169513, 41.351642876885116, 30.450361373543878, 59.37106250502048, 48.60311042032725, 38.52450085750074, 47.47732468339217, 55.466566266901665, 35.86225213401177, 40.76679884351653, 18.82219939626946, 42.65470572869924, 29.178093659925995, 56.34096615727196, 55.07644578674907, 67.92744498044213, 66.95840107485357, 24.850027626540534, 55.14522615806155, 47.16538268025348, 23.91012046016982, 41.5420409092333, 41.000543594242515, 61.53540215890425, 58.23719875333927, 23.760207154005762, 0.0, 17.87436300918042, 23.407687266577728, 49.504871741437675, 30.90243976769138, 59.845944967923096, 28.89099233841823, 32.8222559077465, 51.810143665100355, 27.793024448297412, 34.96749559881813, 67.31899497482429, 26.06804402441547, 61.81267547010959, 49.3936196927053, 36.270347435881234, 27.732151554606098, 23.143405063655962, 58.361754043879216, 18.69070759965753], [52.199876783869406, 35.604472948580124, 22.176732557768094, 30.105578292967355, 47.05990091943751, 53.330063467568145, 54.366734796972516, 59.68781689866734, 19.843821596264156, 50.90111072395935, 42.13711437669719, 42.93475049224555, 32.055186535407096, 21.31660004636545, 58.29446149354292, 42.263161631020374, 34.85706694955136, 24.28565579202058, 1.4130257119453995, 24.795058290813568, 29.759910809967433, 39.024301216596236, 39.18027667803532, 51.972821216173266, 54.57216731267307, 38.73094208420486, 39.49155386581361, 57.59495896691923, 40.16626147946216, 44.53010340208483, 52.46675241994995, 44.95588110324049, 69.29342897894031, 39.879237291360994, 17.87436300918042, 0.0, 21.403148133706456, 31.979708654547505, 34.88007275803477, 45.38201688540491, 40.63473379492165, 44.873089330181934, 41.96401586995256, 21.513167300549533, 19.531970046173413, 50.78351389100154, 35.12233693921443, 46.163067030422994, 32.456352202100554, 38.89928874185785, 16.23802066916934, 21.953104591250447, 48.39898822267709, 15.18986641313283], [45.00081309630293, 17.467800863714448, 31.55978694265954, 31.80229937290951, 51.56058949692943, 73.07930211177265, 63.526642257696984, 78.70047111307349, 39.906361101027876, 32.489841455561574, 53.85795103222667, 59.99358375695553, 49.57395786279303, 29.195177670251667, 40.44587708656377, 35.650878741656676, 54.57614168797301, 28.70769640913536, 20.687730634577186, 36.56720883293927, 48.60657045072266, 54.163840124634824, 39.406894200692996, 69.45009904336237, 75.04565584308178, 48.072453063321404, 38.97906441420543, 39.44916769476028, 32.55570187249288, 23.21603617848233, 35.69257572734865, 46.882635733979804, 51.11173733101884, 45.86728599861883, 23.407687266577728, 21.403148133706456, 0.0, 46.8881101708922, 52.21037168004851, 64.75897174012064, 52.298146275780624, 29.668641286966228, 29.454049789406852, 6.2455503478758