instance_id,num_cities,city_coordinates,distance_matrix,best_route,total_distance
2444,63,"[[93.77062754090288, 86.60575693917161], [6.4150773098662235, 88.64457447102613], [96.56280954781019, 48.27685597718529], [95.00578738769092, 36.609347942914575], [15.066530623239949, 45.883627229741705], [24.448703056121257, 0.6722910871568066], [52.64658611403114, 19.046354512302166], [85.99048266377424, 20.702041557540007], [28.93101816247222, 41.7484892426244], [83.36663618344514, 72.46180354928269], [68.5529649417363, 89.27034282888715], [61.48068462466516, 11.075710581577713], [53.511964253313074, 19.765400358246886], [19.45968232311627, 2.705149890444547], [54.83018516945434, 14.12937834249195], [11.590423367530256, 95.80612404605145], [81.70109114938013, 69.59449665972338], [58.46263663811856, 23.581396856473813], [22.280657211312793, 17.42437390118671], [83.60290255060102, 1.5423996525413486], [77.73731964947869, 98.8860947632386], [49.5794899363034, 36.30771138784634], [42.853100196640995, 70.87385387976346], [42.86042416649164, 94.0893313404496], [61.01179070286062, 61.86525633116846], [72.82024712631518, 75.24895855634853], [27.28805144937656, 2.507023000788755], [99.84153563948584, 44.61850339515511], [61.402117890717, 90.08783907226537], [82.9391077257718, 84.10225035434968], [60.81831248051955, 29.109544719175084], [2.4451701339961773, 34.99553011513568], [11.272050188353976, 96.0703583355956], [4.991675762250026, 4.473909617634786], [78.39515131218499, 8.402794969175142], [92.12084869185556, 40.39253464833325], [28.53068081470803, 43.59904893562921], [20.771975129418596, 23.205725257917475], [71.21914811713586, 15.2588197406595], [57.29470444772649, 19.586179953698167], [34.05996112926214, 5.684557585366912], [90.00828837539385, 31.41545116122053], [31.782907428020668, 4.925977012800353], [10.25010943728063, 44.68150171727729], [59.068671433728184, 69.05757467440974], [95.02445831962216, 59.21960540164223], [53.503552097259735, 38.31747603001466], [49.08567193361936, 31.40144921666569], [4.3643720514262245, 96.94832056892955], [10.877403892459059, 19.029860871058744], [14.568733266634782, 1.819228194638145], [56.363839617187, 23.285112942704856], [76.53284601127969, 14.988788993551704], [56.99411995018031, 40.07465218154416], [70.57431899663389, 44.07474121219771], [59.03407081216613, 80.85216175617175], [66.12224406968936, 58.81135495445021], [5.532877617064724, 64.1728720080231], [34.14923241756019, 13.84618506541706], [72.11311385405035, 27.731883913017676], [39.937004496956355, 37.151751381366594], [6.261304221204622, 91.46684967058492], [25.06911122848815, 57.97371550726231]]","[[0.0, 87.37933928049219, 38.430468762603624, 50.01166396320092, 88.61504793034032, 110.40873954363015, 79.09146375908563, 66.36136191649638, 78.84382924203497, 17.558315797974636, 25.358046551914754, 82.14273136628812, 78.0281566972378, 112.07777853930632, 82.27504789772748, 82.69360744869321, 20.858012489243198, 72.24073771373497, 99.48306195918003, 85.6688822405856, 20.195882229167793, 66.95334217999755, 53.292470056512414, 51.45728999319122, 41.05159876686995, 23.830554106525366, 107.20321811309816, 42.42387753743128, 32.555265518127584, 11.117075457413424, 66.26967245645359, 104.89973633622331, 83.03971305819695, 120.94355139222844, 79.70011624922878, 46.24266087449124, 78.1397951247551, 96.6869550201925, 74.82616301674848, 76.30279591739166, 100.56641680094027, 55.3183970109408, 102.53810946966725, 93.45223443132875, 38.886558840576036, 27.414838822400306, 62.87444184997351, 71.02296001115432, 90.00248409396913, 106.94759584132463, 116.02454702854884, 73.54435218898278, 73.66227806541804, 59.30982397997632, 48.44539223547507, 35.2098314522888, 39.20410552811476, 91.04468594023459, 94.06734851002129, 62.73101963300055, 73.1010098134707, 87.64423478138698, 74.42910815120356], [87.37933928049219, 0.0, 98.77330775083935, 102.74229271300634, 43.627356708897636, 89.80163863386794, 83.55396237003067, 104.63475959708093, 52.02124952581946, 78.63475368931671, 62.14103849621934, 95.12701905372319, 83.44134099007742, 86.92379661055527, 88.86246183360817, 8.835836074312605, 77.65880081780925, 83.3196586246651, 72.96597559696808, 116.3819110665575, 72.05380621623128, 67.84035491337615, 40.540449211002205, 36.84981254859881, 60.810632239374755, 67.74281588541318, 88.63046216011999, 103.28019195563976, 55.00597826190641, 76.65872383150781, 80.64819752844573, 53.79572588305995, 8.873130876171379, 84.18269949239978, 107.79552045888994, 98.35516557473005, 50.18166287742434, 66.9952498415898, 97.90320010366946, 85.77760961345683, 87.44486264530788, 101.30645335345021, 87.47759921989166, 44.13002648276697, 56.17874629424407, 93.36729195851348, 68.92126881663057, 71.39716405033934, 8.553221107596812, 69.7575853089483, 87.20735554685757, 82.26018518885876, 101.69403238129881, 70.1232978803552, 78.12092120898751, 53.192858290504596, 66.7455372980811, 24.4875988560685, 79.77457249782513, 89.59122656140302, 61.442903838275306, 2.82646129724805, 35.89811375284486], [38.430468762603624, 98.77330775083935, 0.0, 11.77094141251558, 81.53141126209543, 86.4097156196199, 52.75468601531184, 29.53209247616543, 67.94614616158003, 27.55087440586011, 49.648941168136304, 51.13394868253662, 51.636018263237716, 89.56379080568006, 53.92274257042963, 97.36189057497172, 25.98677506009619, 45.403621848164626, 80.43453117904288, 48.4981298333901, 53.99716770735243, 48.48394315562112, 58.26969360479077, 70.58844873315574, 38.059421502357196, 35.93332141452402, 83.02933048196722, 4.912594874267732, 54.62996014260173, 38.32837243629285, 40.55927626887583, 95.05011133861268, 97.76877057525087, 101.50847576705414, 43.81785648610616, 9.049504907033555, 68.19275928333899, 79.82989526097768, 41.62321337462041, 48.632694443511134, 75.63537494274547, 18.090569923788852, 77.94699754085634, 86.38754987047872, 42.86780449814325, 11.050352458981578, 44.19602811480789, 50.387081175335055, 104.25671845152252, 90.53935865169285, 94.24086016365146, 47.33438922585406, 38.849644049612834, 40.40986690869957, 26.32602153054476, 49.69463530083202, 32.21185644028853, 92.40742304040734, 71.28061243864384, 31.935614862327075, 57.70831612449985, 100.09863844971555, 72.14830548336029], [50.01166396320092, 102.74229271300634, 11.77094141251558, 0.0, 80.47544363557674, 79.18190579182972, 45.85586844435677, 18.28436806956294, 66.27432309321831, 37.69440825589245, 58.93158913297375, 42.14141848789259, 44.78231714127868, 82.80524522038965, 46.03724629942479, 102.28578227505929, 35.567330204328165, 38.79599690968984, 75.21308255983739, 36.87433585852963, 64.6265670800207, 45.42729889343289, 62.40159571953152, 77.60855234348664, 42.34917613276704, 44.5557819485521, 75.81992038422098, 9.355802061442512, 63.15976264310931, 49.00184218501862, 35.00043555333683, 92.57468484616207, 102.69834712538535, 95.5783798150774, 32.734123808241264, 4.757664650517611, 66.84157174885243, 75.43418312329094, 31.963248619356598, 41.375282777208405, 68.34278599077491, 7.207743069560813, 70.71752642655201, 85.13920725136347, 48.41862989704562, 22.61026516769869, 41.537371554592276, 46.214491368596995, 108.88828124148266, 85.94546686841807, 87.63830274356714, 40.87462985568391, 28.43761826136642, 38.169296493990664, 25.546599468584393, 57.02096954195382, 36.430594147545136, 93.62237682151866, 64.97447088680309, 24.55369359424281, 55.07145404433139, 104.33086210842947, 73.12711448991922], [88.61504793034032, 43.627356708897636, 81.53141126209543, 80.47544363557674, 0.0, 46.174560911373284, 46.178997148066884, 75.26167171950436, 14.468012334043244, 73.28917980171276, 68.87093542698514, 58.016073230213955, 46.478093139835586, 43.40139038323916, 50.886938847449635, 50.04337128958893, 70.72743446243105, 48.79151050005417, 29.359371969570606, 81.62952125315105, 82.07855604121407, 35.816791100770544, 37.37117708444456, 55.644320708431046, 48.6454457531181, 64.79054293520761, 45.06545645767842, 84.7844444094632, 64.0390427164608, 77.89319531306924, 48.729820307357954, 16.66881517614662, 50.32997179476674, 42.61768897047856, 73.58890531397383, 77.24972511767909, 13.656596880641237, 23.384596102065853, 63.960888714581905, 49.747104416109885, 44.460269934632535, 76.32558662553632, 44.23761255733323, 4.964173525197886, 49.73148133802441, 81.06243590776982, 39.17462525374543, 36.9734425702826, 52.17412293389838, 27.17854945381147, 44.06721076416204, 47.07611473053982, 68.7938874975264, 42.328086867695134, 55.5372545119936, 56.177780280026816, 52.66699174673025, 20.624912465318424, 37.29004167607486, 59.86483478425389, 26.35879599933667, 46.42587834476039, 15.691457973137126], [110.40873954363015, 89.80163863386794, 86.4097156196199, 79.18190579182972, 46.174560911373284, 0.0, 33.65600712649713, 64.71925170444068, 41.32003392568623, 92.87118467827109, 98.96868539545851, 38.465553370124184, 34.77384035527255, 5.387285289313913, 33.228416345057454, 95.99886212867786, 89.599700687939, 41.00944775134479, 16.891793906903647, 59.16059843128925, 111.73910636369787, 43.605499988234634, 72.57397090300533, 95.21415275016307, 71.2842084449141, 88.89030097004459, 3.380553282109457, 87.26596576651691, 96.7506852141884, 101.89055668581332, 46.16736817076557, 40.77058005997479, 96.30376636214852, 19.824939207112934, 54.497522601619806, 78.46793640400652, 43.12040215261199, 22.831425355745964, 48.99225805537891, 37.90244054771684, 10.839700051089755, 72.40995179237787, 8.47846670824427, 46.24295277163096, 76.64913060025866, 91.69910165564723, 47.5535929471719, 39.386055842381225, 98.34863600824023, 22.82937864595635, 9.946319307647583, 39.114136242313045, 54.015924130548655, 51.10528564268666, 63.3351807666824, 87.3210130685669, 71.53205412942343, 66.25807293702668, 16.360065783565194, 54.809831422976664, 39.63128189800329, 92.5982361859009, 57.304782931910694], [79.09146375908563, 83.55396237003067, 52.75468601531184, 45.85586844435677, 46.178997148066884, 33.65600712649713, 0.0, 33.38497771021779, 32.83009419082911, 61.619247578086885, 72.00292648565286, 11.898422633525033, 1.1251249941750585, 36.99196604292425, 5.380033409684984, 87.04981745151146, 58.30333555985473, 7.3751645922086, 30.40921668224586, 35.562367230734104, 83.68947982084626, 17.531728954907106, 52.74468747749217, 75.67838090824448, 43.62837380405881, 59.71356043622257, 30.27548128744163, 53.67772405008445, 71.57899038947146, 71.76284867122479, 12.963213681354825, 52.67407681972726, 87.43311379583753, 49.8331880461647, 27.86169358656559, 44.876238840425536, 34.41528282393151, 32.14484702747647, 18.954827327242302, 4.679360592133634, 22.891051645590586, 39.35595695415116, 25.19281939445295, 49.54414200309653, 50.42187344750553, 58.39327135630668, 19.290166283545936, 12.858012091845662, 91.65090567078498, 41.76918547804224, 41.79350139235433, 5.637822863307643, 24.228438864645344, 21.47301453738413, 30.786746289750468, 62.134996337291845, 41.9862908281016, 65.2388236376832, 19.214417921151416, 21.316287744906035, 22.12100496513242, 86.0018749519325, 47.705938363003604], [66.36136191649638, 104.63475959708093, 29.53209247616543, 18.28436806956294, 75.26167171950436, 64.71925170444068, 33.38497771021779, 0.0, 60.817229872268435, 51.826224363676985, 70.75082305913206, 26.332421992226365, 32.492021403336516, 68.92195226229207, 31.845942310959575, 105.71656459479637, 49.08025107395818, 27.678023660473045, 63.794082519059785, 19.307833040623716, 78.61845124022761, 39.61435752669059, 66.16679316554603, 85.12283035508023, 48.14919835862353, 56.11435875234658, 61.45757992926189, 27.63781495281544, 73.61369831062281, 63.47359580558936, 26.539108145294563, 84.75920634859916, 106.12835307089843, 82.60846800255636, 14.455466958277045, 20.622727894166427, 61.85387437668092, 65.26654699829264, 15.742331086483874, 28.71746567062507, 54.05833785551403, 11.44202377521377, 56.456580001446035, 79.44569620842263, 55.3447513583982, 39.56280375093433, 36.955435179247765, 38.42450232969469, 111.69743505014756, 75.13168965725475, 73.87575331220641, 29.739035559189777, 11.049350474599281, 34.87244030760651, 27.99894982600052, 65.91422532218189, 42.97751356715979, 91.45020125678755, 52.2926189373909, 15.556350748937403, 48.9031267359222, 106.60393971332944, 71.4184232293776], [78.84382924203497, 52.02124952581946, 67.94614616158003, 66.27432309321831, 14.468012334043244, 41.32003392568623, 32.83009419082911, 60.817229872268435, 0.0, 62.50235343588954, 61.87265336845535, 44.72471506437541, 32.97694812470169, 40.17572090642985, 37.862674741351356, 56.770803309298486, 59.666412093544885, 34.67217523545454, 25.21685721743038, 67.86416272727975, 75.14493349168586, 21.35325385649097, 32.28174768212581, 54.1626449052692, 37.86634765702745, 55.2136383811138, 39.275845152325715, 70.96857382034376, 58.232852064054256, 68.63464736258562, 34.300764679414996, 27.33317769241369, 57.12008938775248, 44.299959376671744, 59.6543024000018, 63.20437718381509, 1.8933676793979892, 20.258432303802905, 49.89978482304157, 35.99536987872673, 36.42682009915116, 61.94517424831402, 36.932785967193055, 18.909757083987326, 40.67018922772545, 68.36360677764634, 24.810910415407704, 22.65549173894946, 60.41971101882158, 29.01842627186614, 42.43372615346704, 33.06744558260723, 54.60783434606909, 28.112975873327798, 41.70822404023497, 49.348667488362864, 40.91856144565031, 32.40873220895493, 28.38605887419748, 45.39998472777904, 11.927352353308446, 54.6427606716891, 16.67849790914788], [17.558315797974636, 78.63475368931671, 27.55087440586011, 37.69440825589245, 73.28917980171276, 92.87118467827109, 61.619247578086885, 51.826224363676985, 62.50235343588954, 0.0, 22.40472825926343, 65.17090827564844, 60.565768758664525, 94.60491256475692, 64.9384390556143, 75.47702978821677, 3.3159446707405897, 54.858940491117956, 82.22296205594219, 70.9197974536404, 27.01726060872078, 49.48423619238128, 40.544644311018445, 45.91844041689662, 24.739157815223507, 10.908462548762895, 89.65756514295967, 32.352305567911095, 28.162336410337762, 11.648295257406327, 48.86558346612224, 89.17401702645446, 75.86167140857057, 103.7544608307754, 64.25163221344233, 33.242657000965075, 61.96806116936452, 79.65081820743318, 58.4785672099679, 58.95402611403151, 83.00812480368472, 41.580218712794114, 84.98216835477332, 78.21618536658454, 24.53527797297203, 17.642579991036214, 45.361204711533226, 53.48959906204096, 82.71001906503672, 90.05365787410052, 98.60793527139434, 56.10256608582003, 57.87787219862571, 41.76646006295751, 31.136292122498066, 25.73852848139297, 21.993267292813194, 78.27388043699689, 76.53851033107605, 46.1238276326338, 55.972606626143715, 79.4129963864866, 60.070842436136736], [25.358046551914754, 62.14103849621934, 49.648941168136304, 58.93158913297375, 68.87093542698514, 98.96868539545851, 72.00292648565286, 70.75082305913206, 61.87265336845535, 22.40472825926343, 0.0, 78.51380554510907, 71.11377313542124, 99.51724989538997, 76.38376285981371, 57.33626756871946, 23.664575746138517, 66.45940376080294, 85.45741462189872, 89.00950868296532, 13.297182282747476, 56.258626742405575, 31.605598452986506, 26.14056812240661, 28.42372380333945, 14.656360877141971, 96.07635897100195, 54.52303569248377, 7.19742409859312, 15.286277638065702, 60.65596819681755, 85.53359474180348, 57.68312930030521, 105.97392399788102, 81.46428008270532, 54.26311156756638, 60.726026649443476, 81.53254983283232, 74.05953066664706, 70.58775378893176, 90.42317627015345, 61.705100222917515, 92.01091877858751, 73.39882636425345, 22.32728868028318, 40.04730679554711, 53.12889479357856, 61.055584060481195, 64.64616616176517, 90.8856184883886, 102.7715657189458, 67.10160459564207, 74.70895356030557, 50.53536262665867, 45.240781135052835, 12.707286021137218, 30.555823443214575, 67.83372647889362, 82.90006264125425, 61.6413545115453, 59.45772251483211, 62.33037491967664, 53.575408682191494], [82.14273136628812, 95.12701905372319, 51.13394868253662, 42.14141848789259, 58.016073230213955, 38.465553370124184, 11.898422633525033, 26.332421992226365, 44.72471506437541, 65.17090827564844, 78.51380554510907, 0.0, 11.790301640397097, 42.84659753948639, 7.318061888082554, 98.32741801840343, 61.91375585509662, 12.864711534085117, 39.71080048492256, 24.088929889729055, 89.3025293732539, 27.897890595846683, 62.63229872464785, 85.07629123926375, 50.79171014013681, 65.16741082289715, 35.24994425977172, 50.95756901889893, 79.01216755260306, 76.11398973362488, 18.045994307870995, 63.697329125293535, 98.71675196636441, 56.87347271114657, 17.124358708992393, 42.40631824888176, 46.297627247714395, 42.47747973711006, 10.598871328164078, 9.48422474298895, 27.94567243134256, 35.036113120689606, 30.327828695580642, 61.26925029642948, 58.032011608360584, 58.677247397470204, 28.385708166389698, 23.806973572318984, 103.13281877270576, 51.22460861431849, 47.81645790308951, 13.238263060026085, 15.552483565879319, 29.343958091855978, 34.22908425084796, 69.81933154698645, 47.96077374037087, 77.13277941644333, 27.471509034176986, 19.760482316098877, 33.82440032339508, 97.52904806348816, 59.37360982115474], [78.0281566972378, 83.44134099007742, 51.636018263237716, 44.78231714127868, 46.478093139835586, 34.77384035527255, 1.1251249941750585, 32.492021403336516, 32.97694812470169, 60.565768758664525, 71.11377313542124, 11.790301640397097, 0.0, 38.08687504479408, 5.788130142440358, 86.83091182985125, 57.250028064485605, 6.250678870023304, 31.318923104480337, 35.17871973695652, 82.74631186463007, 17.00330580957563, 52.208097114716175, 75.08330055923484, 42.76266209807422, 58.747212851555766, 31.39339407838676, 52.574765005558085, 70.76369062668174, 70.74734652529169, 11.861524280423215, 53.289532875006216, 87.21615075282837, 50.8728619631942, 27.354739981117955, 43.77356081711864, 34.52690728620334, 32.92024792203154, 18.271661918119005, 3.786983407916839, 24.01354948217055, 38.31064288335347, 26.31274207949772, 49.923944045487296, 49.6043893572319, 57.27059855817494, 18.552077578949675, 12.449485802027692, 91.50239882916499, 42.640904721880815, 42.87936957334688, 4.530073925253629, 23.511210369600608, 20.605608894651198, 29.699629663355818, 61.3358466064856, 41.03176485816907, 65.37596112313993, 20.247283615985346, 20.23530643942518, 22.058212400052735, 85.87038317697012, 47.63266982563831], [112.07777853930632, 86.92379661055527, 89.56379080568006, 82.80524522038965, 43.40139038323916, 5.387285289313913, 36.99196604292425, 68.92195226229207, 40.17572090642985, 94.60491256475692, 99.51724989538997, 42.84659753948639, 38.08687504479408, 0.0, 37.16968478918511, 93.43295256617472, 91.36836259832475, 44.23853673760924, 14.987109621212621, 64.15375818506155, 112.45913555139254, 45.12576813575671, 72.07096643856478, 94.33272676069397, 72.29450812392186, 90.05528330904122, 7.830875905120065, 90.65302832550707, 96.92730404787417, 103.22366692470469, 49.06860864920015, 36.498798337600654, 93.72352675812353, 14.575723817972085, 59.21024121218106, 81.85343039821088, 41.88787405386212, 20.542533991864552, 53.26008755147216, 41.4301590048387, 14.90117483387652, 76.16683802665158, 12.521739100202383, 42.97476405321574, 77.27558665630647, 94.3605799745278, 49.26685338308047, 41.24532525537551, 95.444453017096, 18.443201773605086, 4.9705371866829084, 42.25460572313879, 58.38008053258644, 52.96521225733416, 65.75826311874872, 87.59616251768311, 72.9746594061048, 63.02568326995239, 18.4365275132589, 58.29855287929009, 40.07354585865389, 89.73759820933917, 55.55249803550613], [82.27504789772748, 88.86246183360817, 53.92274257042963, 46.03724629942479, 50.886938847449635, 33.228416345057454, 5.380033409684984, 31.845942310959575, 37.862674741351356, 64.9384390556143, 76.38376285981371, 7.318061888082554, 5.788130142440358, 37.16968478918511, 0.0, 92.41627448350783, 61.631363266818084, 10.125974405500774, 32.71587941703014, 31.405434211878216, 87.79770947190357, 22.791407527884108, 57.99470724510984, 80.85090761335735, 48.134460569538426, 63.7122077370557, 29.893950450608937, 54.36550760926396, 76.24223275933971, 75.40765441826763, 16.13267037308557, 56.38781863190117, 92.79889722007461, 50.76519571742719, 24.2508017690053, 45.610820701736955, 39.49842293273669, 35.246868576660056, 16.42783443952283, 5.9875319704397265, 22.421355987088464, 39.195755620502055, 24.816921793932323, 54.04456859846739, 55.091483171994426, 60.404537663291734, 24.224450975189963, 18.202303826690844, 96.9833773652462, 44.22512533612738, 42.10135753138796, 9.283295321952542, 21.719670215784912, 26.03535765682205, 33.831974630022586, 66.85508567764926, 46.08676196217263, 70.24653578765964, 20.682891605340355, 21.993812350591135, 27.41963695756692, 91.32371361255989, 52.99101266759978], [82.69360744869321, 8.835836074312605, 97.36189057497172, 102.28578227505929, 50.04337128958893, 95.99886212867786, 87.04981745151146, 105.71656459479637, 56.770803309298486, 75.47702978821677, 57.33626756871946, 98.32741801840343, 86.83091182985125, 93.43295256617472, 92.41627448350783, 0.0, 74.85021808289291, 86.10119392024961, 79.10739444202898, 118.62312967810212, 66.21856316285921, 70.59199875065686, 39.987161166631864, 31.317093210594326, 59.95376594120545, 64.58860867446283, 94.61045282234997, 102.02171986953257, 50.138844166102395, 72.30225044245365, 82.89643394276428, 61.49442243761783, 0.4137405479158562, 91.57028372980217, 110.0100614011285, 97.75385052700298, 54.88671072274172, 73.17867720143839, 100.21702972114889, 88.87272464878662, 92.88044395110025, 101.46684338715193, 93.09638842252956, 51.14218855007492, 54.494668848636756, 91.10330144898481, 71.14530912594762, 74.5241961037603, 7.315765887440878, 76.77957400173285, 94.0340731949835, 85.22884402663658, 103.6771908561733, 71.88527401042383, 78.45531156963006, 49.74455418453409, 65.89637629819505, 32.208019110470104, 85.00783177722523, 91.08840888618626, 65.14494680644744, 6.872322240794221, 40.16174999049442], [20.858012489243198, 77.65880081780925, 25.98677506009619, 35.567330204328165, 70.72743446243105, 89.599700687939, 58.30333555985473, 49.08025107395818, 59.666412093544885, 3.3159446707405897, 23.664575746138517, 61.91375585509662, 57.250028064485605, 91.36836259832475, 61.631363266818084, 74.85021808289291, 0.0, 51.5483377188419, 79.07281250865564, 68.07866621549461, 29.558572427661115, 46.25805160432055, 38.86905139002714, 45.91943311618462, 22.085930114507565, 10.528168402072327, 86.38002090375073, 30.868689085388223, 28.84485046925384, 14.560480840527338, 45.553504569474384, 86.47883846323492, 75.2410862638879, 100.62318453389115, 61.28093989155354, 31.005256531089135, 59.184929141915156, 76.57855634015921, 55.33748201702084, 55.646234837595046, 79.71296997403712, 39.07235648036397, 81.69358909586397, 75.66967757711883, 22.63878767522113, 16.886399301511602, 42.111200743591716, 50.22424159315372, 82.03169999025796, 87.02170458630691, 95.39518064562475, 52.78764377632026, 54.84974081553074, 38.494878150917394, 27.83995288502919, 25.308671130493305, 18.94667837296003, 76.36092434333361, 73.27382557548655, 42.94656743671612, 52.88450297684099, 78.54655484488333, 57.81196852169719], [72.24073771373497, 83.3196586246651, 45.403621848164626, 38.79599690968984, 48.79151050005417, 41.00944775134479, 7.3751645922086, 27.678023660473045, 34.67217523545454, 54.858940491117956, 66.45940376080294, 12.864711534085117, 6.250678870023304, 44.23853673760924, 10.125974405500774, 86.10119392024961, 51.5483377188419, 0.0, 36.702105755851775, 33.432773858973626, 77.7323030150112, 15.519967038540806, 49.80194894999104, 72.21355730890436, 38.36863410031634, 53.62534765333586, 37.62956278113412, 46.41953397100386, 66.57137077030035, 65.28300961977838, 6.009128677800156, 57.168513987919646, 86.49624839144359, 56.78238922034771, 25.05384394628857, 37.62299287020121, 36.00872636149068, 37.692533665347554, 15.23134514621004, 4.1624300236254115, 30.261979906912483, 32.503854392659036, 32.55507088408619, 52.627580261954286, 45.48021577677503, 51.05730812507629, 15.548136508670398, 12.209860195168753, 91.15551396553623, 47.80241474324403, 48.99251716386225, 2.1196068250101137, 20.009132331908624, 16.55850272460389, 23.804831703581776, 57.27361564640164, 36.05301004896744, 66.7025280255979, 26.189997583218595, 14.267518040262335, 22.964180110792984, 85.63535373826663, 47.9370328812809], [99.48306195918003, 72.96597559696808, 80.43453117904288, 75.21308255983739, 29.359371969570606, 16.891793906903647, 30.40921668224586, 63.794082519059785, 25.21685721743038, 82.22296205594219, 85.45741462189872, 39.71080048492256, 31.318923104480337, 14.987109621212621, 32.71587941703014, 79.10739444202898, 79.07281250865564, 36.702105755851775, 0.0, 63.34551980595384, 98.54670656388036, 33.193473798054086, 57.271915633797825, 79.37910623768362, 58.949917155968585, 76.79799957888608, 15.735353664312658, 82.19008785422098, 82.52555880670381, 90.14092759184553, 40.27026310683588, 26.49890711499989, 79.41272124945236, 21.601467651657156, 56.835071343522884, 73.51998880675677, 26.910525974080574, 5.974959843731277, 48.98638093349521, 35.080719908269906, 16.630552844707406, 69.15766238092522, 15.700403942591752, 29.794044648653685, 63.39830764710203, 83.89578044134245, 37.56848255685245, 30.2302406314876, 81.51718449225524, 11.515718590881663, 17.406732704649347, 34.58340042599727, 54.30683256671809, 41.4494825239155, 55.15904138440757, 73.30687337141299, 60.290687000263716, 49.65793185969788, 12.39622978049282, 50.887311755429906, 26.474818634256238, 75.75557991516933, 40.645105246414545], [85.6688822405856, 116.3819110665575, 48.4981298333901, 36.87433585852963, 81.62952125315105, 59.16059843128925, 35.562367230734104, 19.307833040623716, 67.86416272727975, 70.9197974536404, 89.00950868296532, 24.088929889729055, 35.17871973695652, 64.15375818506155, 31.405434211878216, 118.62312967810212, 68.07866621549461, 33.432773858973626, 63.34551980595384, 0.0, 97.52025451450751, 48.6438023387942, 80.42012768671907, 101.11816903863507, 64.41432583197083, 74.49108996007024, 56.323112065626, 46.03524647745299, 91.286196555375, 82.56251916865395, 35.764298284553036, 87.78205664458193, 119.02641377540697, 78.66586761642557, 8.613111915081245, 39.772960609647455, 69.29438184909378, 66.46070355398322, 18.479652429147553, 31.901399577079776, 49.71579745934571, 30.55205678844972, 51.93034267417373, 85.09767555272757, 71.8347224866196, 58.797210811474514, 47.52238567540619, 45.639917291103075, 124.02029858685542, 74.79845890755075, 69.034724326016, 34.85272056394941, 15.191809825667157, 46.826934518878076, 44.483076197245786, 83.02810282022573, 59.87743032477516, 100.08748603393803, 50.96124630651911, 28.59902673380898, 56.34480085490122, 118.60914611948485, 81.3061998597643], [20.195882229167793, 72.05380621623128, 53.99716770735243, 64.6265670800207, 82.07855604121407, 111.73910636369787, 83.68947982084626, 78.61845124022761, 75.14493349168586, 27.01726060872078, 13.297182282747476, 89.3025293732539, 82.74631186463007, 112.45913555139254, 87.79770947190357, 66.21856316285921, 29.558572427661115, 77.7323030150112, 98.54670656388036, 97.52025451450751, 0.0, 68.6215522997968, 44.739182001323805, 35.205209527361276, 40.62370978575936, 24.14315245077004, 108.7844388491171, 58.59665380741615, 18.553924644214604, 15.672289389138445, 71.79846613706307, 98.74670642464585, 66.52488569076894, 119.18720320795879, 90.48569104625781, 60.236056333635794, 74.01317951391995, 94.72364438064596, 83.88091372789836, 81.89247221257448, 102.92831573294946, 68.577433763177, 104.59594509490275, 86.56016086805575, 35.188905025492225, 43.269799418005256, 65.23674627865515, 73.31503462033072, 73.39853137532577, 104.15021088062328, 115.81125545927434, 78.56420368666284, 83.90595135124477, 62.36237737855185, 55.277419046567815, 25.98142137708807, 41.72403086311662, 80.11547468039767, 95.55996855352653, 71.3761403589955, 72.38779578368784, 71.86004438662516, 66.69155084912734], [66.95334217999755, 67.84035491337615, 48.48394315562112, 45.42729889343289, 35.816791100770544, 43.605499988234634, 17.531728954907106, 39.61435752669059, 21.35325385649097, 49.48423619238128, 56.258626742405575, 27.897890595846683, 17.00330580957563, 45.12576813575671, 22.791407527884108, 70.59199875065686, 46.25805160432055, 15.519967038540806, 33.193473798054086, 48.6438023387942, 68.6215522997968, 0.0, 35.21452151742736, 58.1709674078585, 27.99795714595897, 45.34923952839191, 40.48944016969625, 50.9445041398731, 55.06429574144117, 58.285350252700916, 13.346337908593165, 47.15258129645315, 70.98615294720584, 54.785619536198, 40.11267506490311, 42.73702125602589, 22.27590556347968, 31.647036984490914, 30.188253440010087, 18.415595251321058, 34.3312295614779, 40.723727154493446, 36.076745991844355, 40.21095043539986, 34.09689297838825, 50.89400788560729, 4.408788695317484, 4.931051075798457, 75.6418559211513, 42.383671179188674, 49.14477139585604, 14.68385068215782, 34.36538746702004, 8.316644827447488, 22.385477425439493, 45.536767102578054, 27.929852990848516, 52.120737074503836, 27.250926806769613, 24.11035096684583, 9.679355813207897, 70.13555268009274, 32.71352012399573], [53.292470056512414, 40.540449211002205, 58.26969360479077, 62.40159571953152, 37.37117708444456, 72.57397090300533, 52.74468747749217, 66.16679316554603, 32.28174768212581, 40.544644311018445, 31.605598452986506, 62.63229872464785, 52.208097114716175, 72.07096643856478, 57.99470724510984, 39.987161166631864, 38.86905139002714, 49.80194894999104, 57.271915633797825, 80.42012768671907, 44.739182001323805, 35.21452151742736, 0.0, 23.215478615961395, 20.27049261101522, 30.284838385498404, 70.11629130907487, 62.7457186052795, 26.706614993159043, 42.21230238821826, 45.46434176435449, 54.037532587147695, 40.4008237096559, 76.43585584144978, 71.87399111577245, 57.9346344070287, 30.80660126811361, 52.53405153367832, 62.43127979564018, 53.28213049504842, 65.77965981986291, 61.48639944957184, 66.87055877734642, 41.820979403388336, 16.31697339266231, 53.45719891638678, 34.25419484359554, 39.96142740623668, 46.48935369910706, 60.911778542609454, 74.62269588499197, 49.469468803135264, 65.24925865843052, 33.89040077835586, 38.55720959205895, 19.01027191117685, 26.209863351566856, 37.91704328444541, 57.68806050401155, 52.1284756332216, 33.84795135664939, 41.98846280049737, 21.97006676478382], [51.45728999319122, 36.84981254859881, 70.58844873315574, 77.60855234348664, 55.644320708431046, 95.21415275016307, 75.67838090824448, 85.12283035508023, 54.1626449052692, 45.91844041689662, 26.14056812240661, 85.07629123926375, 75.08330055923484, 94.33272676069397, 80.85090761335735, 31.317093210594326, 45.91943311618462, 72.21355730890436, 79.37910623768362, 101.11816903863507, 35.205209527361276, 58.1709674078585, 23.215478615961395, 0.0, 36.984633529905274, 35.391392151593394, 92.89681368519301, 75.45998861841103, 18.96856205766047, 41.30426930073734, 67.41556513184078, 71.59238857426155, 31.65043188549221, 97.28805639060583, 92.76259671130717, 72.86930354692264, 52.484380170165885, 74.24543886412793, 83.77629010163605, 75.88852359740864, 88.84172540173338, 78.42790546853489, 89.84884602513841, 59.19937714884018, 29.821068412511853, 62.745392230637165, 56.7783058651699, 62.996224291044264, 38.602070512530766, 81.58944596572854, 96.51006014147816, 72.08036883749703, 85.96934216606957, 55.83320625886851, 57.17970962109914, 20.899988144065254, 42.25692704279307, 47.836599695090804, 80.71460453847817, 72.51917458880098, 57.0125810164844, 36.69295560292578, 40.26001146383765], [41.05159876686995, 60.810632239374755, 38.059421502357196, 42.34917613276704, 48.6454457531181, 71.2842084449141, 43.62837380405881, 48.14919835862353, 37.86634765702745, 24.739157815223507, 28.42372380333945, 50.79171014013681, 42.76266209807422, 72.29450812392186, 48.134460569538426, 59.95376594120545, 22.085930114507565, 38.36863410031634, 58.949917155968585, 64.41432583197083, 40.62370978575936, 27.99795714595897, 20.27049261101522, 36.984633529905274, 0.0, 17.848336851284355, 68.2692496907706, 42.48764030490817, 28.225281785867804, 31.22965153520365, 32.75628301609629, 64.43625712114178, 60.36580811671222, 80.19987503451769, 56.21757733090638, 37.800149013345845, 37.264954477137046, 55.80145249174331, 47.711110624757964, 42.442160990695015, 62.3110907377716, 42.047443586513225, 64.00319637947281, 53.59132119605525, 7.450178229049202, 34.115407475936756, 24.71581688049259, 32.71507072906428, 66.63145980827487, 65.94185199915873, 75.91102080065558, 38.859116217037496, 49.37920967311703, 22.157890411376407, 20.1976329199127, 19.089629477390808, 5.953406355461786, 55.52688436508355, 55.02207050681094, 35.89326522264752, 32.47928479090102, 62.240421738691495, 36.15273568876364], [23.830554106525366, 67.74281588541318, 35.93332141452402, 44.5557819485521, 64.79054293520761, 88.89030097004459, 59.71356043622257, 56.11435875234658, 55.2136383811138, 10.908462548762895, 14.656360877141971, 65.16741082289715, 58.747212851555766, 90.05528330904122, 63.7122077370557, 64.58860867446283, 10.528168402072327, 53.62534765333586, 76.79799957888608, 74.49108996007024, 24.14315245077004, 45.34923952839191, 30.284838385498404, 35.391392151593394, 17.848336851284355, 0.0, 85.81707307716944, 40.845744163791274, 18.7234091502183, 13.44515211858126, 47.6748565229084, 81.0739783342761, 64.97469688333518, 98.02970287401368, 67.07823151369432, 39.84323667132225, 54.43604011195109, 73.60380934447518, 60.011501174048576, 57.78743286591255, 79.6339478678839, 47.082960108077, 81.42103525924634, 69.63757281836598, 15.081083130945236, 27.385528245320952, 41.678161049144656, 49.859142941604055, 71.81273664205986, 83.65107753306128, 93.72920658971796, 54.50738114297077, 60.37442692247823, 38.57069004235986, 31.25501592039344, 14.881348845562139, 17.749874848001305, 68.19288664296595, 72.56547368400058, 47.52233601291733, 50.325985736543466, 68.50629805236154, 50.77996654132165], [107.20321811309816, 88.63046216011999, 83.02933048196722, 75.81992038422098, 45.06545645767842, 3.380553282109457, 30.27548128744163, 61.45757992926189, 39.275845152325715, 89.65756514295967, 96.07635897100195, 35.24994425977172, 31.39339407838676, 7.830875905120065, 29.893950450608937, 94.61045282234997, 86.38002090375073, 37.62956278113412, 15.735353664312658, 56.323112065626, 108.7844388491171, 40.48944016969625, 70.11629130907487, 92.89681368519301, 68.2692496907706, 85.81707307716944, 0.0, 83.88912235283868, 93.99025945761618, 98.76649832588886, 42.801548647143626, 40.89831104787881, 94.92423302490567, 22.382962532806406, 51.44604730676872, 75.09063584149905, 41.110810295701846, 21.700127320750504, 45.74439391364794, 34.52675522526692, 7.480340015582067, 69.06175018606599, 5.104416595555233, 45.48602118250274, 73.74946599571462, 88.34329526492121, 44.380637899624176, 36.19425541601647, 97.18360851241391, 23.28762599589298, 12.737900797588015, 35.736962366907186, 50.802010528542446, 47.893394826815005, 60.013133191626004, 84.53265943990421, 68.3978969941303, 65.39085962317006, 13.25339204151416, 51.43520027786607, 36.881610834722146, 91.41102154618783, 55.511059018105264], [42.42387753743128, 103.28019195563976, 4.912594874267732, 9.355802061442512, 84.7844444094632, 87.26596576651691, 53.67772405008445, 27.63781495281544, 70.96857382034376, 32.352305567911095, 54.52303569248377, 50.95756901889893, 52.574765005558085, 90.65302832550707, 54.36550760926396, 102.02171986953257, 30.868689085388223, 46.41953397100386, 82.19008785422098, 46.03524647745299, 58.59665380741615, 50.9445041398731, 62.7457186052795, 75.45998861841103, 42.48764030490817, 40.845744163791274, 83.88912235283868, 0.0, 59.54031679275898, 42.94948594938018, 41.99213908492563, 97.87059634245061, 102.42971800161509, 102.99555489579826, 42.08948725643842, 8.801580471280355, 71.31814147350997, 81.91765662425743, 41.00283028976942, 49.364461521805154, 76.43996128572826, 16.462482803294815, 78.78752137642338, 89.5914483515797, 47.536245755566796, 15.375188249559328, 46.76442734190024, 52.448529261416084, 108.87744730779535, 92.5710287494329, 95.41084205795954, 48.42957360543365, 37.699005128844306, 43.087673586579015, 29.272267546796655, 54.57221989122127, 36.584527595052165, 96.31456956160834, 72.54249980520491, 32.465724884029875, 60.368081276794776, 104.6519338619294, 75.95575779924611], [32.555265518127584, 55.00597826190641, 54.62996014260173, 63.15976264310931, 64.0390427164608, 96.7506852141884, 71.57899038947146, 73.61369831062281, 58.232852064054256, 28.162336410337762, 7.19742409859312, 79.01216755260306, 70.76369062668174, 96.92730404787417, 76.24223275933971, 50.138844166102395, 28.84485046925384, 66.57137077030035, 82.52555880670381, 91.286196555375, 18.553924644214604, 55.06429574144117, 26.706614993159043, 18.96856205766047, 28.225281785867804, 18.7234091502183, 93.99025945761618, 59.54031679275898, 0.0, 22.35328171556234, 60.981088961817484, 80.69128946185295, 50.48578240039088, 102.5274738681861, 83.43386371843822, 58.42314356331834, 56.93627124961922, 78.25615406521632, 75.47023397735207, 70.62120633111778, 88.72151634256815, 65.27451334925843, 90.16562747449188, 68.39783213534923, 21.159324020661618, 45.64328675568163, 52.36943603973611, 59.96488301745897, 57.44885252808453, 87.18935136040936, 99.92353867639592, 66.99245081576424, 76.60813439957619, 50.20706433172511, 46.918380703169476, 9.534431417407095, 31.630650482046114, 61.58699153795265, 80.96610137775544, 63.26919138371101, 57.12250408574126, 55.158054736966214, 48.491280715875625], [11.117075457413424, 76.65872383150781, 38.32837243629285, 49.00184218501862, 77.89319531306924, 101.89055668581332, 71.76284867122479, 63.47359580558936, 68.63464736258562, 11.648295257406327, 15.286277638065702, 76.11398973362488, 70.74734652529169, 103.22366692470469, 75.40765441826763, 72.30225044245365, 14.560480840527338, 65.28300961977838, 90.14092759184553, 82.56251916865395, 15.672289389138445, 58.285350252700916, 42.21230238821826, 41.30426930073734, 31.22965153520365, 13.44515211858126, 98.76649832588886, 42.94948594938018, 22.35328171556234, 0.0, 59.27501375250232, 94.29074165410462, 72.65949865449335, 111.42923672981982, 75.8357111491717, 44.66367219865648, 67.82909585201625, 87.0237849330455, 69.83391290691101, 69.42592282014581, 92.40403406352806, 53.15893268561836, 94.26472876510793, 82.69030109566367, 28.2159528474069, 27.662279711165827, 54.43066686243625, 62.63728566506616, 79.61790380467946, 97.09430998995354, 106.9813247226739, 66.36994107267275, 69.40973080501811, 51.10353991204151, 41.893788184422704, 24.124963538560138, 30.37163632990364, 79.93062354888232, 85.53576235980832, 57.40052574707482, 63.667340418096515, 77.03066190403473, 63.4951716892795], [66.26967245645359, 80.64819752844573, 40.55927626887583, 35.00043555333683, 48.729820307357954, 46.16736817076557, 12.963213681354825, 26.539108145294563, 34.300764679414996, 48.86558346612224, 60.65596819681755, 18.045994307870995, 11.861524280423215, 49.06860864920015, 16.13267037308557, 82.89643394276428, 45.553504569474384, 6.009128677800156, 40.27026310683588, 35.764298284553036, 71.79846613706307, 13.346337908593165, 45.46434176435449, 67.41556513184078, 32.75628301609629, 47.6748565229084, 42.801548647143626, 41.99213908492563, 60.981088961817484, 59.27501375250232, 0.0, 58.66914496981307, 83.29815524546193, 61.020716843789074, 27.160904781016864, 33.27393326619933, 35.389785122627636, 40.47918254447967, 17.32108438783159, 10.154323710867752, 35.563174622865404, 29.280913531903494, 37.78756003728593, 52.911520520326974, 39.986326926800146, 45.570562509890195, 11.759749933125581, 11.95440004468581, 88.25614368849823, 50.94795753589138, 53.70088410325119, 7.33255303485234, 21.12681486528696, 11.612839022840385, 17.864399492209138, 51.773370917571, 30.17166255868058, 65.4669094169427, 30.727999923921253, 11.37850989208761, 22.376463328725958, 82.85469588991369, 45.94720606785696], [104.89973633622331, 53.79572588305995, 95.05011133861268, 92.57468484616207, 16.66881517614662, 40.77058005997479, 52.67407681972726, 84.75920634859916, 27.33317769241369, 89.17401702645446, 85.53359474180348, 63.697329125293