instance_id,num_cities,city_coordinates,distance_matrix,best_route,total_distance
1198,65,"[[0.10134700585247014, 89.8259935210321], [22.623420111869443, 2.517570898454846], [34.82286186655975, 52.335358214714766], [66.1937357619659, 16.785172940710012], [86.867061363974, 23.22794091431738], [59.351034130247946, 60.60205488777194], [78.27313804002986, 30.060886151727317], [18.147340712431838, 26.932085955668427], [99.2535015621931, 14.860019472464014], [53.1416479560753, 63.78685661718892], [79.29131283048187, 60.10296286989206], [64.67182625220063, 17.714028200490482], [22.70097504668229, 92.09764625412956], [98.79728133705827, 50.15181043070774], [35.32274908187897, 86.12317732103148], [13.902763732478007, 19.238719909713797], [19.912182185358297, 93.2799851175843], [31.95566084676288, 75.48827283857588], [13.89107215802129, 44.96678805515681], [52.72536295677192, 37.40689136859461], [74.61749273675493, 11.475573023113927], [86.16784154439026, 15.423255708560223], [65.10247915598838, 72.6306200691761], [85.42898856730469, 16.06207710694767], [11.899555429061447, 68.40848895102795], [81.36084223220278, 31.760085683345917], [75.00818619731572, 2.32857688715874], [89.06682027132626, 62.76380994098171], [74.73647777871052, 6.052729394590095], [14.338826662314785, 13.248984997372215], [77.20207736445668, 63.266499629774046], [50.140731222826865, 86.06024086573436], [68.23538856232896, 28.577008732102538], [47.98169529817269, 41.83427720066869], [59.979884366306344, 79.45906302100506], [58.65153355260304, 63.0273176804412], [54.68140511744972, 40.68181705188422], [83.67303489198969, 86.65921539658001], [11.732766884124956, 48.04220732314729], [77.33441358404355, 0.25547439128846827], [2.009908924922499, 26.547565503948476], [13.816866022849716, 15.632457376228547], [35.374480164867094, 12.754295881955846], [7.989824286779301, 20.278308344725115], [53.98598724256837, 3.6526793784489087], [33.00478270717127, 98.56648522878874], [89.76480707075075, 73.65615765893295], [80.52337121638172, 51.44687146971931], [57.53008552078064, 35.22504349790244], [48.93143163390612, 16.147168381538112], [34.349770130770665, 31.965542271879755], [16.460716888528502, 54.71470819229983], [16.440834423813598, 30.812634971017317], [64.08009911906366, 24.17007611643791], [31.37204570267327, 59.71735810057561], [27.322535799103765, 78.73658295105841], [39.04054064705432, 4.5155665472931155], [86.86413509213148, 66.8995735981492], [23.407561015529645, 9.158238454594281], [52.789542085218976, 33.63217387997901], [48.49440356259797, 51.47592516602097], [21.710766068323885, 15.027102485276567], [12.911521641028823, 57.16419492803622], [56.66896960109995, 0.3922167874790383], [67.56207260524091, 60.589468429523606]]","[[0.0, 90.16653723990588, 51.099230227994674, 98.50464619771004, 109.37819617767464, 66.06484703364802, 98.40069599528057, 65.43165516551153, 124.3022406001398, 59.08730976772676, 84.58433210940773, 96.79608634905689, 22.713511259240626, 106.37165156842431, 35.41550524857878, 71.9238646037676, 20.109680466347516, 34.93232807362472, 46.93085163090452, 74.2768424562481, 108.12698260281607, 113.76822436930088, 67.2371032165145, 112.79149692766606, 24.45214150138241, 99.87369632418695, 115.18173672617267, 92.99041463220863, 112.19787220745425, 77.88930646373004, 81.54709889131536, 50.180881477659085, 91.6170604008565, 67.79183275268583, 60.76933835759331, 64.39171819006201, 73.4447603597158, 83.63166565259502, 43.37251108035159, 118.27013346675086, 63.30720386268973, 75.45062138628074, 84.75989912584117, 69.99363247606463, 101.63362890183855, 34.04456309374793, 91.10982198762566, 89.1103753080892, 79.24218416250461, 88.39087305100574, 67.23679279456276, 38.735401642345956, 61.23361279913438, 91.67322516527179, 43.40952112001833, 29.393335062685114, 93.77702144911976, 89.74074953433875, 83.96705496159596, 77.03110583765877, 61.74638180281007, 77.85782614738439, 35.084094138414684, 105.82200313217176, 73.52362816008463], [90.16653723990588, 0.0, 51.289748607438, 45.84688510559037, 67.4993693861139, 68.72208460013583, 62.09287656909584, 24.82143896451167, 77.61768754533529, 68.44916071972492, 80.79187727533154, 44.71018646208975, 89.58010892768702, 89.84140420635894, 84.56459295458892, 18.858596764980867, 90.80289998661378, 73.56503285371377, 43.338088767317785, 46.08027393479653, 52.76011173402936, 64.8417318986129, 81.97749765203692, 64.24945974436099, 66.75787860279924, 65.61409473799664, 52.385107011088834, 89.69021542798853, 52.23282612476852, 13.557202410041919, 81.66555068998368, 87.95783146507766, 52.53138077503259, 46.785099282558164, 85.53068824484858, 70.42339393779936, 49.84199120297621, 103.9561051773774, 46.80917484134296, 54.757738150146515, 31.66002975668911, 15.797330225317237, 16.35176048207, 23.01273389685464, 31.383101954538386, 96.60831554980632, 97.81955003495112, 75.80554592045395, 47.8356985295845, 29.628995895819425, 31.696850045009796, 52.5596808655787, 28.96264864718986, 46.77058067332842, 57.86496440589906, 76.36373148633413, 16.538253634515517, 90.95005075753785, 6.686803612186912, 43.33720611217195, 55.37353372592704, 12.542779513524522, 55.50292325399029, 34.11182449123303, 73.42906625294204], [51.099230227994674, 51.289748607438, 0.0, 47.41252368285767, 59.63086820788481, 25.883769209323006, 48.82702740527661, 30.387485042842897, 74.53662418861592, 21.603581634888616, 45.14176351462001, 45.71211181786601, 41.56897509204801, 64.01167258799244, 33.791516793260705, 39.15402882248093, 43.57511722038831, 23.32977276502551, 22.190891072663227, 23.31005507631324, 57.03625769630099, 63.236146700614896, 36.45206272538522, 62.26340001939296, 27.996848210005115, 50.88344972830634, 64.15246269871527, 55.23730287428162, 61.116106434262726, 44.12867853827191, 43.76628564149821, 37.040583573166195, 40.9982452104164, 16.83530812739979, 36.99420418756878, 26.11749588949864, 23.02535041386458, 59.703153823357816, 23.485817653972088, 67.22757119285123, 41.73368104593161, 42.28894407934201, 39.58490593820799, 41.80509959472544, 52.31853010981514, 46.26686197292013, 58.93380890253829, 45.70914529423185, 28.43203959956396, 38.84117434221203, 20.375309012023532, 18.515660250449407, 28.30417899764392, 40.61119362103037, 8.148745579031763, 27.445938837960767, 48.00542979092098, 54.04082242780616, 44.66063998980887, 25.934739295752827, 13.698528297291599, 39.54532844465036, 22.437123132944, 56.35017625951981, 33.76368248917745], [98.50464619771004, 45.84688510559037, 47.41252368285767, 0.0, 21.653998490079946, 44.34796172524141, 17.948719192646486, 49.10616988718447, 33.11577162987708, 48.78027536327016, 45.2545848441289, 1.7829696154269692, 86.96889599863533, 46.651084461736225, 75.89978043477849, 52.34850187462668, 89.40603162784754, 67.95807318867917, 59.41188475823847, 24.63031337475518, 9.957486271908346, 20.020482520526443, 55.85610804521195, 19.248839395405067, 74.91878785673921, 21.31405945213302, 16.931854769421836, 51.35380273529016, 13.717280548100819, 51.97534245104776, 47.76711542068063, 71.11071642692369, 11.967277781032584, 30.969921570470934, 62.98117533806627, 46.85318307540232, 26.525145742196838, 72.02713174354213, 62.79330640679805, 19.93353045674753, 64.92201426331707, 52.38955274518902, 31.081738777328667, 58.308638347693744, 17.930184356990917, 88.25921846715853, 61.56219867308321, 37.506956650365225, 20.37370024486474, 17.27409024021681, 35.27721304399572, 62.54616543535882, 51.69256119187393, 7.681422705013379, 55.27859098409096, 73.13649833580432, 29.796631453871335, 54.20994891828299, 43.46063597196986, 21.52890728233722, 38.94502086610687, 44.51769765488487, 66.85401826578833, 18.959171444473256, 43.825661991440114], [109.37819617767464, 67.4993693861139, 59.63086820788481, 21.653998490079946, 0.0, 46.41073313391985, 10.979283160355882, 68.81947905145283, 14.94811058432092, 52.74873602776006, 37.64517512333849, 22.869886206157638, 94.12928846469991, 29.44868245510812, 81.31806005611907, 73.073268799754, 96.90327519170592, 75.8050407268227, 76.14507518940479, 36.968881591322095, 16.975573115601716, 7.835944073119929, 53.98445837800058, 7.308738432471874, 87.52947427580415, 10.154602084116561, 24.029488903388625, 39.5970185613012, 21.027100343757258, 73.21150449301871, 41.1885675852171, 72.77857681228294, 19.384317318565138, 43.107626286681175, 62.32864012860484, 48.786334158718304, 36.6135802707814, 63.51163978002677, 79.12591247115613, 24.87178304520802, 84.92205972231542, 73.44400867023666, 52.546961461254156, 78.9323689067266, 38.266903448999145, 92.61231733158733, 50.511404397651326, 28.923181816308805, 31.6952460477147, 38.59079349634795, 53.23919191682733, 77.12632401465095, 70.833473901544, 22.806430389038177, 66.41667207742955, 81.40491303053237, 51.3568791724888, 43.67163278187106, 65.00049778101202, 35.63039971425637, 47.64881405686819, 65.67036293179132, 81.37008782221984, 37.860203941817694, 42.054325927832], [66.06484703364802, 68.72208460013583, 25.883769209323006, 44.34796172524141, 46.41073313391985, 0.0, 35.927830495816664, 53.211005996487216, 60.70041771761317, 6.97849831379959, 19.94652369425094, 43.21682151586348, 48.32389788029763, 40.8070340494527, 35.05262005355798, 61.45299636841038, 51.217869604615636, 31.17861385982906, 48.073586421686585, 24.122917095169196, 51.44391099812265, 52.538224705092006, 13.332872916494885, 51.61268573071476, 48.08932567330426, 36.28072270881516, 60.34024071164479, 29.794313734207407, 56.67751571850266, 65.333085409931, 18.04879525987184, 27.07302925302175, 33.2345503196236, 21.942911037304626, 18.8674907806049, 2.524123743327859, 20.460237304476696, 35.64456949993859, 49.246818642119386, 62.96913302720435, 66.69117548076173, 63.997071539118195, 53.518998327075174, 65.29914556755472, 57.20153056526444, 46.21063660204094, 33.096936166909686, 23.0669729506726, 25.442259351714174, 45.65966546596573, 38.01464265742493, 43.29249547217188, 52.2369101098334, 36.737625574652704, 27.992972007910005, 36.80605674921221, 59.65073612200874, 28.22462517813741, 62.756669038110665, 27.756578669416164, 14.182830147070732, 59.10893389550534, 46.566588895248636, 60.269545163390745, 8.211048121692265], [98.40069599528057, 62.09287656909584, 48.82702740527661, 17.948719192646486, 10.979283160355882, 35.927830495816664, 0.0, 60.207149865661734, 25.908338451603857, 42.0598725351979, 30.059325565355056, 18.369555890596885, 83.28760354195693, 28.720823394545654, 70.62376655778344, 65.27376479615765, 86.03868689331412, 64.87646842072458, 66.08506880370146, 26.582938218921118, 18.941425676858785, 16.63089199088529, 44.56061603301923, 15.72173182066479, 76.6550135938151, 3.52437174920795, 27.923840847578948, 34.43813003744519, 24.267252763328383, 66.10776196307386, 33.22288273801956, 62.66865278361896, 10.146837279347539, 32.4989882946301, 52.67658880356288, 38.363954050623995, 25.872263825886197, 56.855340640264856, 68.927127494444, 29.820190707196577, 76.34411265472583, 66.05142359769667, 46.25811187517291, 70.96085555211347, 35.878392924417085, 82.11115088371996, 45.084433620692245, 21.50404420962075, 21.376219238031457, 32.47348575394459, 43.964644470621785, 66.54762467450504, 61.83687327780452, 15.3669774739188, 55.4907090501651, 70.46479495190115, 46.816237053953856, 37.827161182467556, 58.71245372986746, 25.732620519993972, 36.67938008010918, 58.526204168690725, 70.75825213297813, 36.70109038956117, 32.353071857870134], [65.43165516551153, 24.82143896451167, 30.387485042842897, 49.10616988718447, 68.81947905145283, 53.211005996487216, 60.207149865661734, 0.0, 81.99965924906184, 50.82199976364359, 69.56214776465326, 47.42889776832212, 65.32446581995477, 83.9259705183831, 61.63262082436565, 8.786598594211616, 66.37136723485753, 50.48141231720846, 18.530145758319193, 36.12978232384946, 58.54726177785247, 68.9872575704181, 65.52206533967764, 68.15406980099122, 41.94433008620555, 63.39760528411572, 61.95553573120063, 79.45744159400125, 60.318139595902, 14.203240162190658, 69.33723053368254, 67.22883116207947, 50.11505071686564, 33.34912318862789, 67.14942314104952, 54.25362099343065, 39.03579084850515, 88.66197938780945, 22.06318158263869, 64.92111520658193, 16.142012287020098, 12.101017191558975, 22.31107494245659, 12.142812542129256, 42.73569182427679, 73.15894163974671, 85.51140487745916, 67.02047366461687, 40.246412677862615, 32.618625062108, 16.966272470506276, 27.833770823708456, 4.23920091215536, 46.015725498942345, 35.35204225634699, 52.61074143009066, 30.643533508624227, 79.49464068900352, 18.535899563510856, 35.28417909129002, 39.03004313110059, 12.426851238238823, 30.682148136425983, 46.779060996356904, 59.78825238313607], [124.3022406001398, 77.61768754533529, 74.53662418861592, 33.11577162987708, 14.94811058432092, 60.70041771761317, 25.908338451603857, 81.99965924906184, 0.0, 67.23197480350008, 49.4511163293948, 34.69924542501455, 108.74713930385407, 35.29473963544986, 95.73702930031322, 85.46298301367634, 111.55597685574156, 90.58026535170269, 90.51608624036963, 51.703279532209635, 24.867396498539723, 13.097775885972991, 67.10986980090132, 13.876674749465698, 102.46048257024147, 24.61218185840665, 27.29235003460056, 48.9749080343531, 26.050965696412607, 84.92995611344655, 53.192599394733136, 86.49587121278127, 33.915765189972916, 57.934520776156006, 75.60061795405744, 62.996892168645715, 51.51152309641073, 73.47023531343093, 93.59987494194013, 26.338928505577993, 97.94342775930143, 85.44012729741081, 63.91371876615892, 91.42437664066487, 46.634239831483775, 106.75048083894744, 59.556873564638025, 41.10250018964963, 46.42819886363758, 50.33852872483993, 67.11999153727258, 91.88602400242813, 84.33518707998887, 36.38468625864934, 81.36383028351733, 96.19916422425732, 61.09507646684065, 53.494033266614, 76.05995664069069, 50.11280586214942, 62.587623213315574, 77.54291550235479, 96.14874288144682, 44.97510063220562, 55.637479914621096], [59.08730976772676, 68.44916071972492, 21.603581634888616, 48.78027536327016, 52.74873602776006, 6.97849831379959, 42.0598725351979, 50.82199976364359, 67.23197480350008, 0.0, 26.407878487018706, 47.493689368746395, 41.57084768252578, 47.64820399475935, 28.573140878694822, 59.365196194578225, 44.430192708878586, 24.202669096239987, 43.52933127396253, 26.38324960496126, 56.54805301956544, 58.564215659239956, 14.875269240841268, 57.62054271739103, 41.50023712505699, 42.685325136897774, 65.23239718138731, 35.9397360922722, 61.64062070764539, 63.716052986799085, 24.066055653348247, 22.47463341465757, 38.30867256353047, 22.55085041568109, 17.099109063516302, 5.561990532467641, 23.15628867997416, 38.14853056624478, 44.301122028942935, 67.98180959832756, 63.255193770682446, 62.171413369438135, 54.03697351366191, 62.70311757353466, 60.14010459760535, 40.188504679986934, 37.929657085075334, 30.033880903802224, 28.896981726823338, 47.825367919854685, 36.95579411762322, 37.786169176371104, 49.33810907504154, 41.09913637887987, 22.146701796160187, 29.83489349791392, 60.92558620062882, 33.865840394784726, 62.19647778244755, 30.156738376788642, 13.158872050752018, 58.012188023262176, 40.77159196270813, 63.49269530525616, 14.770644477641616], [84.58433210940773, 80.79187727533154, 45.14176351462001, 45.2545848441289, 37.64517512333849, 19.94652369425094, 30.059325565355056, 69.56214776465326, 49.4511163293948, 26.407878487018706, 0.0, 44.839170043828204, 65.00866169474756, 21.897676640398043, 51.09095965235182, 77.10738424982746, 68.01908527313874, 49.77320274561645, 67.1289450836075, 34.94082646825167, 48.85148552069902, 45.20578369164253, 18.927894651683104, 44.46651191891603, 67.90162537919349, 28.418332800434037, 57.93293406550016, 10.131172334025834, 54.241812848424395, 80.08820576030229, 3.7911567711744776, 39.032508105654614, 33.40837089295347, 36.2496486341643, 27.34208994182569, 20.845919017820687, 31.350095096000633, 26.915312305182795, 68.6266635845307, 59.87947337658624, 84.25188473856582, 79.14877790356215, 64.58006237929854, 81.66948865149487, 61.86270289418827, 60.18210218253832, 17.128431644217475, 8.743333814650493, 33.05241120256891, 53.42129028180245, 53.023171332346884, 63.06121688400567, 69.34050724050607, 39.01990995646963, 47.92081857715285, 55.20838327162224, 68.63004656335207, 10.175537056981117, 75.61982982436429, 37.45726261198186, 31.98242329777853, 73.12559438966915, 66.44481195226206, 63.85251452297211, 11.73932553092225], [96.79608634905689, 44.71018646208975, 45.71211181786601, 1.7829696154269692, 22.869886206157638, 43.21682151586348, 18.369555890596885, 47.42889776832212, 34.69924542501455, 47.493689368746395, 44.839170043828204, 0.0, 85.40769863229792, 47.082442595553964, 74.4391027226008, 50.791952058763, 87.82732821728379, 66.39435836226826, 57.63157039392233, 23.033168367089612, 11.740298327645807, 21.617731427044664, 54.91828042096118, 20.822793515545246, 73.17677854769593, 21.813183747276472, 18.535167898615892, 51.230836105406986, 15.40399624092955, 50.53065859971707, 47.24441603249943, 69.87386856640639, 11.43255537350901, 29.33167030861351, 61.923046143153904, 45.71146604171256, 25.046513513299292, 71.51562603568972, 61.011002742723356, 21.5671560258962, 63.28149227398342, 50.89754332996124, 29.71419580659242, 56.73997602630921, 17.660936725862207, 86.83272110440628, 61.312148345211824, 37.27165401183333, 18.91137534451207, 15.818188026189416, 33.504219745550785, 60.773031732276074, 49.97801588777638, 6.4831084899991955, 53.601820000276724, 71.54524222920665, 28.829883658861714, 53.960322902221584, 42.14191646921526, 19.863938151794628, 37.4376106554514, 43.04500275202405, 65.08029493074267, 19.081165195186585, 42.972746000397215], [22.713511259240626, 89.58010892768702, 41.56897509204801, 86.96889599863533, 94.12928846469991, 48.32389788029763, 83.28760354195693, 65.32446581995477, 108.74713930385407, 41.57084768252578, 65.00866169474756, 85.40769863229792, 0.0, 86.89131702284281, 13.964363889132905, 73.38822569316139, 3.0290742498999808, 19.013692290439394, 47.94718118387476, 62.39024394346604, 95.89183229624342, 99.53394048550665, 46.6567536292139, 98.57084485677936, 26.03549191943599, 84.15225031961943, 103.89672830926375, 72.55962627541538, 100.55556305814201, 79.29083747561913, 61.65715829915939, 28.09609372902375, 78.15532103074399, 56.26296370649634, 39.36306474604548, 46.233393345825625, 60.55027167623371, 61.2141210177202, 45.4002564937545, 106.86345090300645, 68.73815027777731, 76.97955899640125, 80.34914424100717, 73.3105398590531, 93.81505291656018, 12.16611400507249, 69.55318876485273, 70.68178682927106, 66.69002834520735, 80.35242337259803, 61.25001515300371, 37.900196305758136, 61.60391195848917, 79.5385861944286, 33.52119519391237, 14.137780461479695, 89.09322134586623, 68.93369257912993, 82.9424175550061, 65.75358033115062, 48.11886510263659, 77.07690465144215, 36.27918713992904, 97.7942250222975, 54.82046464583737], [106.37165156842431, 89.84140420635894, 64.01167258799244, 46.651084461736225, 29.44868245510812, 40.8070340494527, 28.720823394545654, 83.9259705183831, 35.29473963544986, 47.64820399475935, 21.897676640398043, 47.082442595553964, 86.89131702284281, 0.0, 72.958587438163, 90.34765234843434, 89.90494046488921, 71.48243530486347, 85.0643804079554, 47.80224498012183, 45.61264645648089, 36.95369078408571, 40.504772271720405, 36.617225040449526, 88.79482574213242, 25.343341291945993, 53.413319632171834, 15.929356678751255, 50.23595541147267, 92.16859058816584, 25.265547835073228, 60.47210303376142, 37.40990989441419, 51.491796856472064, 48.63851726745409, 42.159930646421024, 45.120852266095156, 39.51624283599549, 87.09006890683037, 54.31665529413653, 99.62407257790609, 91.72380673671996, 73.6276157630505, 95.5950855578856, 64.57725038307227, 81.68618984729072, 25.180149522917567, 18.319742743644913, 43.88382186643834, 60.35659572498696, 66.9643341655046, 82.46290002885928, 84.59661964661933, 43.36280963146584, 68.1003825435427, 76.97875336581869, 75.18999144619497, 20.56422987654824, 85.81423467886373, 48.88364207823928, 50.3203019886066, 84.71172259214575, 86.1715571108152, 65.19825004753831, 32.93300728783273], [35.41550524857878, 84.56459295458892, 33.791516793260705, 75.89978043477849, 81.31806005611907, 35.05262005355798, 70.62376655778344, 61.63262082436565, 95.73702930031322, 28.573140878694822, 51.09095965235182, 74.4391027226008, 13.964363889132905, 72.958587438163, 0.0, 70.23066577767095, 16.991335142034544, 11.155199529099034, 46.402210649631954, 51.73130084076964, 84.35841218468312, 87.08445523473695, 32.69375207102133, 86.13473746740469, 29.367604344647, 71.23799374859802, 92.71714502138032, 58.601068526201054, 89.2452723729857, 75.8351693275354, 47.71064716058606, 14.818115795432838, 66.29331306274794, 46.062518311296095, 25.541823346001944, 32.82759384145209, 49.39306415493956, 48.353257126462864, 44.79561960806109, 95.59415442731334, 68.25685930881006, 73.69833515409476, 73.36889967640298, 71.29260514500452, 84.55589565216685, 12.65736464677896, 55.851269075275525, 56.969662354974915, 55.53184508358895, 71.28701191592971, 54.16637446014277, 36.63697847084934, 58.444698615076916, 68.30206387824441, 26.699725577126515, 10.888764344791865, 81.69225244978905, 55.00964835328677, 77.88179197585845, 55.32083061623451, 37.066488418142946, 72.38741560943154, 36.61810722365813, 88.34850719995633, 41.1259561712584], [71.9238646037676, 18.858596764980867, 39.15402882248093, 52.34850187462668, 73.073268799754, 61.45299636841038, 65.27376479615765, 8.786598594211616, 85.46298301367634, 59.365196194578225, 77.10738424982746, 50.791952058763, 73.38822569316139, 90.34765234843434, 70.23066577767095, 0.0, 74.28473641148653, 59.07553892192446, 25.7280708019368, 42.863465383580895, 61.20902521398058, 72.3657324859772, 73.97368357792139, 71.59673106098171, 49.21055812610799, 68.61032688824706, 63.40209453677032, 86.85659939005875, 62.24637427612728, 6.005586998695586, 77.10543750837388, 76.01516921448952, 55.129282228518875, 40.88927470557684, 75.8260560120729, 62.609054418199655, 46.07281202892531, 97.0227496485558, 28.885113354419847, 66.21131182286324, 13.959198379346855, 3.6072853888954834, 22.42949757628762, 6.003631984283264, 43.006853714287125, 81.59522951391074, 93.3611651097399, 73.99777272618854, 46.46402638909355, 35.16482995550961, 24.08427034580762, 35.568087789122565, 11.848937196241915, 50.4190763554381, 44.08736737820581, 60.992507644847585, 29.132096957486002, 87.14883065762677, 13.854864768698187, 41.46508227230891, 47.28444721971508, 8.8714498142298, 37.938426644357016, 46.73477339555375, 67.743677430821], [20.109680466347516, 90.80289998661378, 43.57511722038831, 89.40603162784754, 96.90327519170592, 51.217869604615636, 86.03868689331412, 66.37136723485753, 111.55597685574156, 44.430192708878586, 68.01908527313874, 87.82732821728379, 3.0290742498999808, 89.90494046488921, 16.991335142034544, 74.28473641148653, 0.0, 21.484655084192685, 48.68694667315101, 64.79589059053714, 98.41053216321248, 102.2324934224441, 49.684597383858915, 101.26725648514723, 26.13031781472915, 86.95191687335861, 106.33780286042754, 75.58836495261893, 103.02571294716618, 80.224829523207, 64.67566312577767, 31.078769022803368, 80.75646988131359, 58.60510583100292, 42.38441512703533, 49.15242854038065, 63.05129774373486, 64.10367329237312, 45.97128858808407, 109.32004507257982, 69.09201991099755, 77.88640088915106, 81.99676387321716, 73.9688274174386, 95.88575559035455, 14.11960593818191, 72.55676265866794, 73.6459478398482, 69.17718480697121, 82.41109304088577, 62.99130771114921, 38.7194162794211, 62.56372822662812, 82.01819559347445, 35.465171705749974, 16.32249635497158, 90.80207102021953, 71.96172670222357, 84.19433433906751, 68.10860576624631, 50.641117753179955, 78.27354945477937, 36.788035406533865, 99.89594049045901, 57.78565512615736], [34.93232807362472, 73.56503285371377, 23.32977276502551, 67.95807318867917, 75.8050407268227, 31.17861385982906, 64.87646842072458, 50.48141231720846, 90.58026535170269, 24.202669096239987, 49.77320274561645, 66.39435836226826, 19.013692290439394, 71.48243530486347, 11.155199529099034, 59.07553892192446, 21.484655084192685, 0.0, 35.46675059655018, 43.37709234608455, 76.92631303965103, 80.91209315560485, 33.269772217063114, 79.94291411152243, 21.26900807325852, 65.97746812064734, 84.88734328958466, 58.511507302838694, 81.55668575123964, 64.6844788002697, 46.86800559080812, 21.034811445545717, 59.30333332269703, 37.27499433446034, 28.304138894271436, 29.460906689704327, 41.56860374233873, 52.910081608027475, 34.091816503397055, 87.85900729123581, 57.37543806001013, 62.543860788462666, 62.82706574656798, 60.18722041623211, 75.13779188181111, 23.102046312085882, 57.83817107393602, 54.19235619832044, 47.69883472734607, 61.72149926888275, 43.588528711634645, 25.915907786180945, 47.29294300218034, 60.54367720185911, 15.781709613019906, 5.658389019332493, 71.32545520424854, 55.57613065513658, 66.8785725932074, 46.75450382038021, 29.156866281688117, 61.32300538551553, 26.428224862046722, 79.05798671871598, 38.597809926645816], [46.93085163090452, 43.338088767317785, 22.190891072663227, 59.41188475823847, 76.14507518940479, 48.073586421686585, 66.08506880370146, 18.530145758319193, 90.51608624036963, 43.52933127396253, 67.1289450836075, 57.63157039392233, 47.94718118387476, 85.0643804079554, 46.402210649631954, 25.7280708019368, 48.68694667315101, 35.46675059655018, 0.0, 39.5632933380605, 69.34954679468193, 78.08169885731715, 58.205633820200866, 77.15669639882944, 23.526144600703546, 68.75017717359361, 74.52059232251793, 77.25365423330865, 72.2251157602688, 31.720963335127845, 65.90267691045236, 54.79698574018287, 56.76204358292539, 34.23424032072732, 57.56644546165976, 48.266775680602684, 41.01478074353099, 81.28825758142935, 3.7571911488844703, 77.61545684235617, 21.918708884477667, 29.33442453724308, 38.7192648638522, 25.38396653106515, 57.57132785847372, 56.905724387461525, 81.11660482212761, 66.94665606930991, 44.713142075835876, 45.369563259207844, 24.240270515350254, 10.080923620439838, 14.38197959744464, 54.32717234274476, 22.872773175407236, 36.34285710910718, 47.631891488362285, 76.19786739575132, 37.0515287764355, 40.516224419079876, 35.210217412322116, 30.944020179577816, 12.236676576501724, 61.780586864708894, 55.89851904196635], [74.2768424562481, 46.08027393479653, 23.31005507631324, 24.63031337475518, 36.968881591322095, 24.122917095169196, 26.582938218921118, 36.12978232384946, 51.703279532209635, 26.38324960496126, 34.94082646825167, 23.033168367089612, 62.39024394346604, 47.80224498012183, 51.73130084076964, 42.863465383580895, 64.79589059053714, 43.37709234608455, 39.5632933380605, 0.0, 33.936685422095685, 40.020989629398805, 37.33502469506448, 39.05289008432156, 51.26251664669613, 29.18693351108656, 41.55733820190885, 44.313370885459, 38.30891082759566, 45.35560173701173, 35.60658489123919, 48.721953352579625, 17.847344947057515, 6.488769387279115, 42.673331503002984, 26.29687704522449, 3.814608651673066, 58.168288786653626, 42.34976833736347, 44.56268793730119, 51.865038666631726, 44.58696120330404, 30.14636956395016, 47.90257588585393, 33.77774416188321, 64.26038598176045, 51.82595611139674, 31.14241969470761, 5.276913780604954, 21.595595300176388, 19.164307754242213, 40.18314419825676, 36.8788723837383, 17.439705024311163, 30.882374966200675, 48.51233898611715, 35.624620842177514, 45.114011881049635, 40.71265039421492, 3.775263047707893, 14.691450894594247, 38.246047777709215, 44.44651847169917, 37.2241610746444, 27.523804831070947], [108.12698260281607, 52.76011173402936, 57.03625769630099, 9.957486271908346, 16.975573115601716, 51.44391099812265, 18.941425676858785, 58.54726177785247, 24.867396498539723, 56.54805301956544, 48.85148552069902, 11.740298327645807, 95.89183229624342, 45.61264645648089, 84.35841218468312, 61.20902521398058, 98.41053216321248, 76.92631303965103, 69.34954679468193, 33.936685422095685, 0.0, 12.206340817911622, 61.89083342990504, 11.74412456528874, 84.70476123682006, 21.376019654764278, 9.155336132076425, 53.284766231491126, 5.42414882351422, 60.30474752243229, 51.855377314934344, 78.49830909901007, 18.253502595444417, 40.38708487288312, 69.5414587932982, 53.96752940319091, 35.361734683591166, 75.72702902046586, 72.74343605847062, 11.544361056304634, 74.15541911643817, 60.9425622724284, 39.2638404625308, 67.20665407697528, 22.064829116319718, 96.52173136047017, 63.99895496947688, 40.405248422992244, 29.25776534866225, 26.107423047327607, 45.18106155999287, 72.46953420051754, 61.306162310470704, 16.49809301224153, 64.78764169683572, 82.22442707773234, 36.251361493553866, 56.76090281806671, 51.26233652882993, 31.10264283266493, 47.77493024126278, 53.025796441813874, 76.77940505394353, 21.094792442617884, 49.618078108930455], [113.76822436930088, 64.8417318986129, 63.236146700614896, 20.020482520526443, 7.835944073119929, 52.538224705092006, 16.63089199088529, 68.9872575704181, 13.097775885972991, 58.564215659239956, 45.20578369164253, 21.617731427044664, 99.53394048550665, 36.95369078408571, 87.08445523473695, 72.3657324859772, 102.2324934224441, 80.91209315560485, 78.08169885731715, 40.020989629398805, 12.206340817911622, 0.0, 60.962546121721005, 0.9767274444725628, 91.23164617755754, 17.0293645216851, 17.20489816596279, 47.42923310250828, 14.781165073975126, 71.8619150319204, 48.67608156204589, 79.2939868477865, 22.239471409145217, 46.42977300605864, 69.18376774444799, 54.984488009997676, 40.365710696112224, 71.27963252504914, 81.26854461668451, 17.552522315018237, 84.88997521030764, 72.35127797251623, 50.8634338870948, 78.32862770680492, 34.26686757564322, 98.68691625531221, 58.34388597410658, 36.46314492458651, 34.81712035366986, 37.243446035238186, 54.394482898267924, 80.01813210810295, 71.40510147095019, 23.756582933899352, 70.45953979867788, 86.43695630210443, 48.37313482406184, 51.481026875681536, 63.07220666231499, 38.02204065748627, 52.14482624745118, 64.45829284354058, 84.31366682043675, 33.10763623355943, 48.848351142820874], [67.2371032165145, 81.97749765203692, 36.45206272538522, 55.85610804521195, 53.98445837800058, 13.332872916494885, 44.56061603301923, 65.52206533967764, 67.10986980090132, 14.875269240841268, 18.927894651683104, 54.91828042096118, 46.6567536292139, 40.504772271720405, 32.69375207102133, 73.97368357792139, 49.684597383858915, 33.269772217063114, 58.205633820200866, 37.33502469506448, 61.89083342990504, 60.962546121721005, 0.0, 60.10962516700478, 53.370192844621045, 43.98562209292191, 70.9964809519094, 25.916087420714444, 67.27131228198049, 78.12251274952273, 15.299902888907395, 20.10494008831692, 44.16487057816737, 35.23543633873022, 8.536311295030197, 11.568842463588053, 33.60542810848306, 23.273741151864474, 58.76151997141123, 73.40151178107776, 78.13014998336895, 76.67466768635964, 66.85004205076616, 77.47657638992239, 69.86796615327091, 41.26658719712613, 24.683641253333587, 26.20219679079008, 38.16435908011494, 58.752728383549794, 50.98409227052955, 51.836289748245676, 64.16151140450343, 48.47132741255568, 36.11778613949397, 38.27018294657519, 72.93068733484172, 22.503656652556316, 75.94214525918174, 40.89605389863952, 26.89515367796488, 72.11800054577787, 54.4344225006089, 72.72902441323888, 12.28978977626192], [112.79149692766606, 64.24945974436099, 62.26340001939296, 19.248839395405067, 7.308738432471874, 51.61268573071476, 15.72173182066479, 68.15406980099122, 13.876674749465698, 57.62054271739103, 44.46651191891603, 20.822793515545246, 98.57084485677936, 36.617225040449526, 86.13473746740469, 71.59673106098171, 101.26725648514723, 79.94291411152243, 77.15669639882944, 39.05289008432156, 11.74412456528874, 0.9767274444725628, 60.10962516700478, 0.0, 90.2592065696428, 16.216574480095233, 17.23955191764885, 46.843203020377224, 14.64639302323546, 71.14579823780623, 47.9159636619474, 78.39007613219935, 21.266015017238246, 45.45883930387106, 68.3142351755508, 54.06261110222566, 39.38966213312954, 70.61897271976792, 80.33593105840906, 17.758683328735888, 84.07549176368664, 71.61341123305786, 50.16368435474117, 77.55385722397442, 33.803187487150375, 97.75108551622822, 57.757055298235166, 35.72322429021927, 33.846241624443486, 36.497656125177144, 53.49772668384485, 79.06104216475907, 70.54746182129696, 22.836696972441345, 69.48335506078156, 85.46609582815069, 47.80387020476474, 50.857749606531456, 62.40449073342245, 37.06806937609003, 51.16936782706071, 63.726627487237444, 83.3556662668001, 32.75184290033331, 47.978279085324225], [24.45214150138241, 66.75787860279924, 27.996848210005115, 74.91878785673921, 87.52947427580415, 48.08932567330426, 76.6550135938151, 41.94433008620555, 102.46048257024147, 41.50023712505699, 67.90162537919349, 73.17677854769593, 26.03549191943599, 88.79482574213242, 29.367604344647, 49.21055812610799, 26.13031781472915, 21.26900807325852, 23.526144600703546, 51.26251664669613, 84.70476123682006, 91.23164617755754, 53.370192844621045, 90.2592065696428, 0.0, 78.53646176406794, 91.37425269632872, 77.37343965704702, 88.52524815122585, 55.21341250604548, 65.50465193635232, 42.118545460972555, 68.9947310397686, 44.81193532628377, 49.33389522417341, 47.060646645658196, 50.98092778052018, 74.05755444251285, 20.366964569244757, 94.48044271351975, 43.01327725039183, 52.81084726358096, 60.40249413328304, 48.288717966003816, 77.23071031780742, 36.80944658576253, 78.04188260217408, 70.68892813442783, 56.42061971116453, 64.05158454650379, 42.80304314896406, 14.433427358996893, 37.86913586807149, 68.40940220399422, 21.324015403192508, 18.561730769736315, 69.41857540956158, 74.97976413408438, 60.35748815572365, 53.678516174179094, 40.32238368759876, 54.275521878779585, 11.289739752963802, 81.42796647548974, 56.20901084616398], [99.87369632418695, 65.61409473799664, 50.88344972830634, 21.31405945213302, 10.154602084116561, 36.28072270881516, 3.52437174920795, 63.39760528411572, 24.61218185840665, 42.685325136897774, 28.418332800434037, 21.813183747276472, 84.15225031961943, 25.343341291945993, 71.23799374859802, 68.61032688824706, 86.95191687335861, 65.97746812064734, 68.75017717359361, 29.18693351108656, 21.376019654764278, 17.0293645216851, 43.98562209292191, 16.216574480095233, 78.53646176406794, 0.0, 30.109300036992394, 31.947034531908706, 26.5471349069862, 69.53137004012336, 31.779701776273487, 62.63547065576518, 13.505906593692295, 34.86627001517755, 52.27176865499922, 38.6439192818938, 28.131648642986136, 54.94779957529214, 71.50647776090564, 31.76086680684819, 79.52195283918189, 69.44270384268017, 49.759074972940496, 74.26397164979343, 39.235302660895535, 82.47062212093306, 42.7306385628757, 19.70459064027705, 24.081339208932047, 35.99208049593695, 47.01152106171232, 68.83996632882099, 64.92692104738686, 18.874117933510437, 57.275552022498175, 71.60258275859125, 50.33161778854984, 35.56782033266514, 62.20471285948218, 28.6325672321748, 38.32645453638392, 61.952597306839564, 73.01149399861278, 39.92031779806992, 31.96152926165413], [115.18173672617267, 52.385107011088834, 64.15246269871527, 16.931854769421836, 24.029488903388625, 60.34024071164479, 27.923840847578948, 61.95553573120063, 27.29235003460056, 65.23239718138731, 57.93293406550016, 18.535167898615892, 103.89672830926375, 53.413319632171834, 92.71714502138032, 63.40209453677032, 106.33780286042754, 84.88734328958466, 74.52059232251793, 41.55733820190885, 9.155336132076425, 17.20489816596279, 70.9964809519094, 17.23955191764885, 91.37425269632872, 30.109300036992394, 0.0, 62.04887256265682, 3.734051065980243, 61.64435497010919, 60.97740226213487, 87.34633289113702, 27.108134611646406, 47.86576613386985, 78.58092483018623, 62.863958033438195, 43.40678587734768, 84.77461998917056, 78.06096781937983, 3.1159409193927443, 76.91103883291002, 62.62085036760091, 40.982023747309356, 69.38049936812496, 21.063857583558182, 105.00486134807214, 72.83805075890123, 49.426957507960466, 37.25132908677047, 29.51187217796996, 50.31358180705724, 78.56279600156084, 65.12661712914138, 24.422820798844313, 72.09427831963923, 90.06722292022454, 36.03407346113916, 65.65041614831716, 52.05063684794723, 38.38728084755311, 55.84301668467458, 54.7893013714568, 82.84286785801795, 18.441159285645455, 58.734794550907246], [92.99041463220863, 89.69021542798853, 55.23730287428162, 51.35380273529016, 39.5970185613012, 29.794313734207407, 34.43813003744519, 79.45744159400125, 48.9749080343531, 35.9397360922722, 10.131172334025834, 51.230836105406986, 72.55962627541538, 15.929356678751255, 58.601068526201054, 86.85659939005875, 75.58836495261893, 58.511507302838694, 77.25365423330865, 44.313370885459, 53.284766231491126, 47.42923310250828, 25.916087420714444, 46.843203020377224, 77.37343965704702, 31.947034531908706, 62.04887256265682, 0.0, 58.493635317827405, 89.64368866810844, 11.875387200817082, 45.36478923618489, 40.03355997087994, 46.10892359172444, 33.537759551716725, 30.41642816819385, 40.865280927195336, 24.49659818435576, 78.72281370055273, 63.599853615152604, 94.2895655642688, 88.79144107953692, 73.37451112292054, 91.5341309226442, 68.73711226384471, 66.519046998652, 10.914688469256856, 14.179690339241253, 41.868237315807086, 61.51390648754473, 62.7892416541379, 73.05090202998282, 79.3436286180837, 45.97621694377065, 57.77514934072955, 63.776846446168626, 76.78207154991479, 4.685761733869086, 84.76258384689619, 46.52626282201192, 42.113386711109875, 82.55683664306288, 76.36088787961404, 70.28396944223017, 21.61439180709125], [112.19787220745425, 52.23282612476852, 61.116106434262726, 13.717280548100819, 21.027100343757258, 56.67751571850266, 24.267252763328383, 60.318139595902, 26.050965696412607, 61.64062070764539, 54.241812848424395, 15.40399624092955, 100.55556305814201, 50.23595541147267, 89.2452723729857, 62.24637427612728, 103.02571294716618, 81.55668575123964, 72.2251157602688, 38.30891082759566, 5.42414882351422, 14.781165073975126, 67.27131228198049, 14.64639302323546, 88.52524815122585, 26.5471349069862, 3.734051065980243, 58.493635317827405, 0.0, 60.82484981550248, 57.26687249921767, 83.70276363685099, 23.443705352901077, 44.67815516535549, 74.87487472851993, 59.20159745394739, 40.01724192676215, 81.1003553545106, 75.71382861275285, 6.3527502722786995, 75.5591961603234, 61.66822751374488, 39.928409053414576, 68.24575333922587, 20.888827098966193, 101.49053843631756, 69.25369444587157, 45.761515167179276, 33.868626259062616, 27.709170052470004, 47.98499792490975, 75.92135725761507, 63.33588997018144, 21.01895949797294, 68.99540813292239, 86.78147533813681, 35.72901898074256, 62.043682365281704, 51.42277591304576, 35.246187658481624, 52.45868062822106, 53.77978686052848, 80.21662614697104, 18.933469167674687, 55.006617730574455], [77.88930646373004, 13.557202410041919, 44.12867853827191, 51.97534245104776, 73.21150449301871, 65.333085409931, 66.10776196307386, 14.203240162190658, 84.92995611344655, 63.716052986799085, 80.08820576030229, 50.53065859971707, 79.29083747561913, 92.16859058816584, 75.8351693275354, 6.005586998695586, 80.224829523207, 64.6844788002697, 31.720963335127845, 45.35560173701173, 60.30474752243229, 71.8619150319204, 78.12251274952273, 71.14579823780623, 55.21341250604548, 69.53137004012336, 61.64435497010919, 89.64368866810844, 60.82484981550248, 0.0, 80.33392844149273, 81.13726240937709, 56.033808511063356, 44.14704452619035, 80.41691725150024, 66.6445676454645, 48.786103666308286, 100.97670205597275, 34.89068453582291, 64.32165490317777, 18.134344654971027, 2.4399556327773353, 21.04146942588261, 9.472128477073978, 40.7919896990597, 87.33552404838636, 96.63387102635068, 76.4164410894906, 48.46062307686243, 34.71379820257099, 27.399769610485013, 41.519978542991325, 17.68898631991457, 50.926068146357615, 49.49182002851933, 66.7622811825089, 26.20013877077865, 90.21256021225571, 9.948675793613386, 43.519327953878005, 51.263070411833596, 7.58334968247285, 43.93839850151663, 44.23954667512884, 71.23085904501646], [81.54709889131536, 81.66555068998368, 43.76628564149821, 47.76711542068063, 41.1885675852171, 18.04879525987184, 33.22288273801956, 69.33723053368254, 53.192599394733136, 24.066055653348247, 3.7911567711744776, 