instance_id,num_cities,city_coordinates,distance_matrix,best_route,total_distance
2630,51,"[[70.52066123488522, 59.01424758222758], [24.295195022191574, 87.03323369333256], [37.62315223100244, 88.1108248488489], [95.13961756562811, 55.6088740580419], [42.999534637600526, 84.14060021695401], [42.85650015307466, 56.96063987524453], [93.05290335668651, 12.862271378065316], [6.359995327002155, 58.78952898548088], [39.35130450298242, 23.021594049652784], [47.37329538899605, 60.24417295439341], [68.5770730680622, 64.65703186746323], [83.17670937410365, 59.43676411481812], [34.36086588339236, 24.093153730542305], [48.36056519027528, 51.66361196743649], [22.935919451078167, 71.94727704987368], [0.831815221170773, 88.05152590223653], [86.85079871151132, 35.55129990375825], [47.82558950499328, 52.62196825270959], [64.43726628962658, 14.425655761567068], [92.09083517905408, 3.9340348916353074], [49.14760446270427, 14.250377353294885], [27.756325448817865, 78.79039817242757], [83.02592190818443, 23.525592432525745], [0.22171037285181328, 40.65811364575724], [4.7898830576235785, 8.133264740369539], [84.43478969179894, 37.30514198335142], [2.518698834128108, 17.973181975743802], [0.5077153612527918, 73.6396285966795], [9.31581286052323, 84.95472328689637], [49.12882327153303, 30.51375750176487], [73.67307462184372, 24.310715886371437], [78.28205065514182, 32.88208946810409], [40.597092149611846, 14.920681623090681], [82.76214313524744, 17.289758149153545], [14.887816931209574, 37.19885894166319], [23.015822389237115, 48.09064474997231], [7.606739704591947, 64.49985210169076], [36.451449316706984, 32.37977654300022], [36.01105283083491, 18.498604198570256], [29.270060653946427, 71.06698483018643], [77.62220973686979, 6.262064048626459], [59.423385675041004, 64.22086587444167], [26.77457666565557, 4.032213887826186], [65.13255581700788, 30.186900549246598], [49.74199945295417, 41.380157765538264], [51.06025874140509, 45.659788161940426], [44.46785150104824, 72.70568131236689], [20.032318858471264, 51.22124965553082], [19.526595403166958, 11.599542966125076], [90.1078349297393, 6.3334575318811925], [36.59493495906189, 30.89397807861072]]","[[0.0, 54.05420713760563, 43.918753480637555, 24.853361536304305, 37.265882599348096, 27.74027961240734, 51.35861020885434, 64.16105943787643, 47.61302245601075, 23.180018594136932, 5.968127801238581, 12.663098938353382, 50.26941013837398, 23.34741314680863, 49.3109612747774, 75.49634952073421, 28.586418169615047, 23.57811518869826, 45.00166902026492, 59.15320983702054, 49.60455254973677, 47.11565076903628, 37.627465883867636, 72.65597116133144, 83.12285855732964, 25.785426826381066, 79.42692211378765, 71.52422218886463, 66.47512124331293, 35.635497278372156, 34.84641763980291, 27.26038982543025, 53.28848417616967, 43.483179478593826, 59.75721334580356, 48.74458752095306, 63.15261973397347, 43.24472509179795, 53.22058277577008, 42.97534785730632, 53.22804579062411, 12.2579932652916, 70.26196655595744, 29.32656844832134, 27.25277800722246, 23.60188237442819, 29.43134812770743, 51.086236234464344, 69.6315227744006, 56.204297110461745, 44.06477573184884], [54.05420713760563, 0.0, 13.37144891394873, 77.50111343716982, 18.926691440323705, 35.3395380149409, 101.13829198767532, 33.4571105107815, 65.7584705005361, 35.35890965251717, 49.61430369783896, 65.02766999956481, 63.73987288666693, 42.78027796029232, 15.14706961516144, 23.485465946190324, 81.01600495981857, 41.68710416593215, 82.96533166785528, 107.24609860392493, 76.90894897223241, 8.940009018720916, 86.50155362228135, 52.251166710313946, 81.27522559558754, 78.03623486650905, 72.41206066301923, 27.29895320529099, 15.122899703924885, 61.73459549552161, 79.82661983199777, 76.46520124889823, 73.93221230313847, 91.0084413812052, 50.71453114676809, 38.9635987550621, 28.040289350184327, 55.98906051146186, 69.52881966621246, 16.72334867225852, 96.78714968503515, 41.88548560118775, 83.03804322169452, 69.99425425429152, 52.26608075421793, 49.27606549870466, 24.742975298926215, 36.0648071381365, 75.584265816733, 104.13336374144887, 57.47085890683835], [43.918753480637555, 13.37144891394873, 0.0, 66.06451838768854, 6.683425125613538, 31.58673700088734, 93.4601632210251, 42.86167718033563, 65.11216841962928, 29.5231363409806, 38.835880579699214, 53.826836497872264, 64.1007389007761, 37.99593878141393, 21.83975925191116, 36.791384797749586, 72.01294911655518, 36.92625988143206, 78.41237693228167, 100.26195915316202, 74.75412164880456, 13.572937197975289, 78.94722123437732, 60.42042414277347, 86.4548071857024, 69.08362188819106, 78.43221019510132, 39.836806787205894, 28.482739322348223, 58.73502049950641, 73.28063051045397, 68.58104135124239, 73.25053845567622, 83.98304583864658, 55.75772362398279, 42.60268653797136, 38.18982920913234, 55.74336402647591, 69.63088487402054, 18.980690753406336, 91.09963910954706, 32.34161897638147, 84.7756121354016, 64.12447498361126, 48.27651296479707, 44.526917108252114, 16.857293836110795, 40.869036894495395, 78.62227180869746, 97.17087898790123, 57.22608483102119], [24.853361536304305, 77.50111343716982, 66.06451838768854, 0.0, 59.436080332982456, 52.300589262449115, 42.79750479723766, 88.83657968765216, 64.60856516531629, 47.99070253851604, 28.06132445073399, 12.560410609753541, 68.46383924242086, 46.94512577573492, 74.02916610188555, 99.73207729574702, 21.702783207481698, 47.40821508570501, 51.36819875302319, 51.7646991386473, 61.85297502090007, 71.2593230164673, 34.29400213365819, 96.08815922246627, 102.06374481543955, 21.204243624104187, 99.97539649924218, 96.33433979662213, 90.70228399011043, 52.40952267047146, 37.95243300364605, 28.296365489916848, 68.04716072240194, 40.268554944442045, 82.33638419102307, 72.51458889475082, 87.98326089210221, 63.11808032392137, 69.80944990930269, 67.65908450744189, 52.36379698937413, 36.73983700981713, 85.63837160740992, 39.32811325079551, 47.57520465154869, 45.18820846772544, 53.47830115472114, 75.23534785580243, 87.48800114129251, 49.53166169554039, 63.54766671387456], [37.265882599348096, 18.926691440323705, 6.683425125613538, 59.436080332982456, 0.0, 27.18033669844183, 87.09730123369799, 44.5548274991174, 61.22779187586092, 24.293394555419738, 32.153069959041595, 47.1644451676122, 60.66566102321321, 32.91649152546504, 23.478198061386838, 42.3486942006309, 65.4511532809452, 31.885968175367914, 72.93661507639332, 94.03748672809122, 70.1601169789952, 16.15487815770342, 72.6380812428375, 60.99728590060407, 85.0711027324396, 62.53351508877466, 77.56819776206568, 43.77013948325511, 33.6935588670678, 53.97598020191656, 67.23452323156502, 62.227733854914085, 69.26159729640342, 77.78238952173649, 54.715589609910595, 41.21829744660439, 40.477264231877314, 52.17336761965665, 66.0129572072105, 18.958319417842947, 85.227906384887, 25.817410775991853, 81.73495471001482, 58.31699867415388, 43.288754549272035, 39.316003986810955, 11.52880413425299, 40.13946489467639, 76.24423823064568, 90.95682167506516, 53.63041735979544], [27.74027961240734, 35.3395380149409, 31.58673700088734, 52.300589262449115, 27.18033669844183, 0.0, 66.815754120511, 36.542300145134206, 34.119572507536525, 5.584176634483105, 26.847389459183532, 40.396168913367944, 33.94771637557368, 7.638929021127995, 24.928474267566628, 52.275398970923185, 48.92706964108459, 6.596659793830584, 47.69648142778816, 72.35910849048732, 43.171107446167014, 26.543429006300386, 52.2636091524183, 45.64534654339822, 61.912679635543945, 45.99013762040948, 56.09955515609859, 45.51492324626944, 43.68805798058826, 27.180500815456224, 44.896311635460435, 42.83393769061763, 42.10062961962624, 56.26934510678203, 34.245805974336434, 21.733138467575056, 36.04698784462875, 25.4016440092945, 39.06646051839511, 19.58520631117494, 61.47357280744407, 18.087912468202518, 55.31768741153975, 34.82895022017086, 17.034128195464486, 13.9646304792391, 15.827279710149702, 23.53473713180305, 51.00895576698559, 69.25171644229908, 26.808171438928113], [51.35861020885434, 101.13829198767532, 93.4601632210251, 42.79750479723766, 87.09730123369799, 66.815754120511, 0.0, 98.10694824517385, 54.65412661995052, 65.81543269682828, 57.28667805407846, 47.61011007409503, 59.7569073930516, 59.18571721550091, 91.69203524438187, 118.98803760378252, 23.52143952800107, 60.21912830490957, 28.658312153444623, 8.97992104286185, 43.927236530066246, 92.79095316404432, 14.637170931539469, 96.90324678860027, 88.38961622324291, 25.9176736334047, 90.67835240932588, 110.7181058887353, 110.495348078504, 47.33814290508379, 22.50876814602707, 24.87913193600159, 52.496182548153776, 11.202784700390971, 81.8660505346566, 78.39790176319484, 99.8373007740567, 59.872010215986364, 57.31963851139588, 86.34836241230063, 16.78299861110138, 61.38932878068734, 66.86394023869632, 32.85861504469389, 51.85657374882333, 53.28282377064764, 77.08268921346689, 82.48282836416355, 73.53715009652002, 7.162320732662485, 59.267568215016844], [64.16105943787643, 33.4571105107815, 42.86167718033563, 88.83657968765216, 44.5548274991174, 36.542300145134206, 98.10694824517385, 0.0, 48.65975391140764, 41.03908833114403, 62.493138445009954, 76.81944070550637, 44.58572874527491, 42.60078123917145, 21.163354996152137, 29.779611126385237, 83.7781876166961, 41.921764107993766, 73.08298468107057, 101.77869194491596, 61.76176425317266, 29.288866671741875, 84.38725922650929, 19.142276886512587, 50.68059154951724, 80.97686336208987, 40.99670403783015, 15.961661544464373, 26.33162072722255, 51.27077039355087, 75.62961851600834, 76.44591202262237, 55.64759265004588, 86.94549539326718, 23.21380568227005, 19.79602735429238, 5.844840599586334, 40.03711562147848, 50.02543184501345, 25.9924415033207, 88.52930461316421, 53.34063006404901, 58.43901682896743, 65.36301874923358, 46.744887295381126, 46.58866432309854, 40.5692987093304, 15.627260884918803, 48.99238857284526, 98.81973522769096, 41.13773614276898], [47.61302245601075, 65.7584705005361, 65.11216841962928, 64.60856516531629, 61.22779187586092, 34.119572507536525, 54.65412661995052, 48.65975391140764, 0.0, 38.077194199348874, 50.86900068313084, 56.980090584278734, 5.104186298089447, 30.0255219527362, 51.60607835749957, 75.58202889102203, 49.124286039152516, 30.789538146199874, 26.517836145009056, 56.087369438609976, 13.149210441517539, 56.96141722737363, 43.67752534039346, 42.920530754552985, 37.63182432390666, 47.292075217149275, 37.17697277650924, 63.80446566515142, 68.83199296345668, 12.3179700625762, 34.345971222282614, 40.160084236231036, 8.196143544577703, 43.787610731196615, 28.27467177515091, 29.92165234247073, 52.2318225344537, 9.797180190246731, 5.622696721883529, 49.09165970710212, 41.77970839147264, 45.82868579253121, 22.77653709466313, 26.758447947331717, 21.095103774421098, 25.48700535612395, 49.94684755129603, 34.18250696808174, 22.87973648989478, 53.429573097658924, 8.340983357017604], [23.180018594136932, 35.35890965251717, 29.5231363409806, 47.99070253851604, 24.293394555419738, 5.584176634483105, 65.81543269682828, 41.03908833114403, 38.077194199348874, 0.0, 21.658104987508118, 35.81251683452621, 38.42160216026341, 8.637171325810618, 27.09516540272037, 54.21584873612137, 46.56405532246937, 7.6356122532339645, 48.89289949110084, 71.90611944419128, 46.02800676202124, 26.996073408403316, 51.179721895078856, 51.05767022471836, 67.29705610704012, 43.58616181596075, 61.63417485792316, 48.74239246488894, 45.37602091567941, 29.78220074360286, 44.52967240566569, 41.279955969128174, 45.827238590167255, 55.65475986892741, 39.82954692909083, 27.221218539030257, 39.99362144149431, 29.928436460965315, 43.26422386565656, 21.09171317771777, 61.87943843587372, 12.689316864283787, 59.8672828441773, 34.911759557306006, 19.012149483632026, 15.043203732461423, 12.795733458534377, 28.791355343225238, 56.05121521248499, 68.79393946508984, 31.26670741865845], [5.968127801238581, 49.61430369783896, 38.835880579699214, 28.06132445073399, 32.153069959041595, 26.847389459183532, 57.28667805407846, 62.493138445009954, 50.86900068313084, 21.658104987508118, 0.0, 15.504856519103619, 53.06766476500756, 24.03198184651095, 46.219720664547445, 71.67093073125847, 34.36673801854182, 23.988889642488388, 50.40167800435594, 65.11665969887218, 54.021616688112154, 43.19821152900134, 43.59546470442347, 72.44586727347456, 85.22758860642321, 31.61634160922662, 80.88937289374347, 68.65948224839232, 62.64098688833192, 39.293734927588034, 40.66687159202496, 33.22399064604234, 57.06648638060472, 49.44567556739645, 60.30329580505287, 48.4796116480455, 60.9705359655913, 45.539838742514384, 56.4902302965382, 39.826231580552225, 59.09134254626806, 9.164072984357107, 73.63978042157203, 34.641804978781195, 29.94282662080192, 25.840550546797676, 25.417224916467955, 50.369766774485626, 72.25680928237843, 62.17083745312116, 46.50592391483174], [12.663098938353382, 65.02766999956481, 53.826836497872264, 12.560410609753541, 47.1644451676122, 40.396168913367944, 47.61011007409503, 76.81944070550637, 56.980090584278734, 35.81251683452621, 15.504856519103619, 0.0, 60.26738231170414, 35.67332042487031, 61.52613838400946, 87.17503189106627, 24.166388498016715, 36.00198770404798, 48.75619552738361, 56.21400706308379, 56.56668215153676, 58.70248807045521, 35.91148825174134, 85.05392156001305, 93.68320867708395, 22.167351313492528, 90.69147318282226, 83.8801760285879, 78.14472646377163, 44.67436468034373, 36.388986488380304, 27.00200788030301, 61.60118021105214, 42.149044793875994, 71.81850219523787, 61.22145659364217, 75.7393898563603, 53.99380060611456, 62.454240004069156, 55.14697462351503, 53.464017744175145, 24.230311933586087, 79.06241053697174, 34.367804646159755, 37.99895867473562, 34.94669465984922, 40.91991986101402, 63.67659484788303, 79.62246376332621, 53.553726961896665, 54.63105657373428], [50.26941013837398, 63.73987288666693, 64.1007389007761, 68.46383924242086, 60.66566102321321, 33.94771637557368, 59.7569073930516, 44.58572874527491, 5.104186298089447, 38.42160216026341, 53.06766476500756, 60.26738231170414, 0.0, 30.921218411884492, 49.19904998720019, 72.21406102112505, 53.72599149412901, 31.546664486856944, 31.591935337618466, 61.14850306621758, 17.76310458859631, 55.094541507188154, 48.668365533713555, 37.94574858881491, 33.602992156362355, 51.78759001114527, 32.42495422776694, 60.007407642185335, 65.8132610480688, 16.10331388891666, 39.31281075155046, 44.791917386434214, 11.091652834697987, 48.87708901978313, 23.472518922665888, 26.54410644779549, 48.46116528570217, 8.546265659783662, 5.832846768705522, 47.24888470707057, 46.792003924317406, 47.311343039597055, 21.44744953294504, 31.369262848544018, 23.139139534361856, 27.276169865357083, 49.65207947477285, 30.679648765276855, 19.394480931781825, 58.50753256567142, 7.158371075052136], [23.34741314680863, 42.78027796029232, 37.99593878141393, 46.94512577573492, 32.91649152546504, 7.638929021127995, 59.18571721550091, 42.60078123917145, 30.0255219527362, 8.637171325810618, 24.03198184651095, 35.67332042487031, 30.921218411884492, 0.0, 32.52444742251828, 59.858686538814624, 41.726546424987454, 1.0975635532238712, 40.56014916920465, 64.73367779700403, 37.42151192975972, 34.06460369848367, 44.64790140339082, 49.38087014666164, 61.5897351123837, 38.826734779919384, 56.89043666592834, 52.65776812254526, 51.31072770265832, 21.163803164802573, 37.268003135998384, 35.32762205154981, 37.554153484568864, 48.631578130106774, 36.464420413759555, 25.595352749822567, 42.72754793457931, 22.66480420314324, 35.389662273394585, 27.2201807837952, 54.01429806074729, 16.735310656308386, 52.294406809938266, 27.249748676334875, 10.375827241460865, 6.582875174075011, 21.399109845578984, 28.331699995770855, 49.361193650738606, 61.625136363750634, 23.870646128948884], [49.3109612747774, 15.14706961516144, 21.83975925191116, 74.02916610188555, 23.478198061386838, 24.928474267566628, 91.69203524438187, 21.163354996152137, 51.60607835749957, 27.09516540272037, 46.219720664547445, 61.52613838400946, 49.19904998720019, 32.52444742251828, 0.0, 27.34845982693432, 73.55119946878028, 31.511319164682813, 70.93023829826642, 96.99589413072403, 63.37179708471094, 8.370461198822209, 77.17167833134735, 38.66454500674849, 66.34385279609653, 70.5846198746737, 57.706722630837575, 22.491962841264783, 18.833506342344055, 49.01841238444094, 69.59526474054418, 67.74424787431235, 59.698824168130976, 81.03469264883304, 35.66825640809101, 23.856766108846845, 17.04253179720961, 41.81215904387306, 55.02471937651375, 6.395018308802194, 85.47009741565225, 37.29654972107567, 68.02345987610397, 59.367374593059346, 40.656053748608784, 38.49688990750605, 21.5452842828749, 20.92842822460487, 60.44396164635884, 93.90015729918713, 43.265945743404714], [75.49634952073421, 23.485465946190324, 36.791384797749586, 99.73207729574702, 42.3486942006309, 52.275398970923185, 118.98803760378252, 29.779611126385237, 75.58202889102203, 54.21584873612137, 71.67093073125847, 87.17503189106627, 72.21406102112505, 59.858686538814624, 27.34845982693432, 0.0, 100.77469548752194, 58.852938556031425, 97.29554028624565, 124.11269482849819, 88.21011856456853, 28.47275430699512, 104.49625478558418, 47.397339094494995, 80.01621565741746, 97.79904304838257, 70.09864380858923, 14.415541081247035, 9.031522705663523, 75.12120725283289, 96.79225140761389, 95.09051311901374, 83.24300351486777, 108.2580547010216, 52.75950076598149, 45.705603556874784, 24.50675295838626, 66.09161830230452, 77.94349027541388, 33.12413679966532, 112.18859460827484, 63.25245043167244, 87.93333646996618, 86.5037577704866, 67.60490163692428, 65.72637193020329, 46.255795403335284, 41.53466730737884, 78.70451385350547, 121.0291303496261, 67.42392755244097], [28.586418169615047, 81.01600495981857, 72.01294911655518, 21.702783207481698, 65.4511532809452, 48.92706964108459, 23.52143952800107, 83.7781876166961, 49.124286039152516, 46.56405532246937, 34.36673801854182, 24.166388498016715, 53.72599149412901, 41.726546424987454, 73.55119946878028, 100.77469548752194, 0.0, 42.595477124835554, 30.80031292128986, 32.04854800186729, 43.30427413159254, 73.22415168018564, 12.619323386944538, 86.7794819815303, 86.52018568042544, 2.985475108501703, 86.14460690966162, 94.37080494013865, 91.93678411216328, 38.05685568391333, 17.320598755104786, 8.974860868188495, 50.646103318586285, 18.71365842577246, 71.9818393589343, 65.0548950597692, 84.36610434439025, 50.49903939529343, 53.62344815493956, 67.65282899515155, 30.708731517931717, 39.67627753230525, 67.84250318629677, 22.37093772865442, 37.56379329067721, 37.190647832722384, 56.36277381482625, 68.63130900029664, 71.45792476347702, 29.398819666692454, 50.47120454365792], [23.57811518869826, 41.68710416593215, 36.92625988143206, 47.40821508570501, 31.885968175367914, 6.596659793830584, 60.21912830490957, 41.921764107993766, 30.789538146199874, 7.6356122532339645, 23.988889642488388, 36.00198770404798, 31.546664486856944, 1.0975635532238712, 31.511319164682813, 58.852938556031425, 42.595477124835554, 0.0, 41.65220394550732, 65.80217951981051, 38.39435781075726, 32.978206200757576, 45.669053933320406, 49.084245186045486, 61.89763137336579, 39.684237491519376, 57.03729247368411, 51.775701442060154, 50.283296881844386, 22.14658892151198, 38.335616564968575, 36.29406067418505, 38.387995357213406, 49.68830697821625, 36.369893633921784, 25.220179163212048, 41.936141977978025, 23.218901572542496, 36.11076364737198, 26.163453279057553, 55.10970236768148, 16.40253949976636, 52.95384188896654, 28.33484331673949, 11.4039874657121, 7.67691583158833, 20.362463867758883, 27.82854480240217, 49.83645697246755, 62.693017975773834, 24.45880533746051], [45.00166902026492, 82.96533166785528, 78.41237693228167, 51.36819875302319, 72.93661507639332, 47.69648142778816, 28.658312153444623, 73.08298468107057, 26.517836145009056, 48.89289949110084, 50.40167800435594, 48.75619552738361, 31.591935337618466, 40.56014916920465, 70.93023829826642, 97.29554028624565, 30.80031292128986, 41.65220394550732, 0.0, 29.576916350436203, 15.290666476712243, 74.08313901680553, 20.696544762853552, 69.36699120148025, 59.97836702669622, 30.387033945307188, 62.02010914196609, 87.13944032882567, 89.5138201292363, 22.207553787870754, 13.528287741634157, 23.07201766840974, 23.845313032749313, 18.547350050445218, 54.532253894408875, 53.37665686779716, 75.7438703199248, 33.24990834086681, 28.716519994164948, 66.67062704731251, 15.507642095515177, 50.046997402468065, 39.070472529704624, 15.776573290294737, 30.700098463736094, 33.97816001123703, 61.60632195806021, 57.66901322524228, 44.9995030306386, 26.915827434713385, 32.34812287999077], [59.15320983702054, 107.24609860392493, 100.26195915316202, 51.7646991386473, 94.03748672809122, 72.35910849048732, 8.97992104286185, 101.77869194491596, 56.087369438609976, 71.90611944419128, 65.11665969887218, 56.21400706308379, 61.14850306621758, 64.73367779700403, 96.99589413072403, 124.11269482849819, 32.04854800186729, 65.80217951981051, 29.576916350436203, 0.0, 44.16500861704762, 98.70361830174112, 21.587074361441612, 98.93732386211242, 87.40188655075359, 34.238075603481356, 90.66567851311345, 115.09273491117693, 115.82770077954268, 50.51946279577222, 27.466762319282815, 32.07292306276518, 52.65274900310553, 16.291096923767746, 84.06458556167588, 81.98270296894805, 103.95085667015873, 62.489210886643036, 57.94021632096437, 91.94173524241549, 14.654720807372057, 68.56868269878535, 65.31633230138075, 37.629267617091784, 56.529956710081024, 58.51962652632136, 83.65098879160804, 86.18880701373281, 72.96799920713538, 3.1127992218109783, 61.697921179503865], [49.60455254973677, 76.90894897223241, 74.75412164880456, 61.85297502090007, 70.1601169789952, 43.171107446167014, 43.927236530066246, 61.76176425317266, 13.149210441517539, 46.02800676202124, 54.021616688112154, 56.56668215153676, 17.76310458859631, 37.42151192975972, 63.37179708471094, 88.21011856456853, 43.30427413159254, 38.39435781075726, 15.290666476712243, 44.16500861704762, 0.0, 67.99265478846975, 35.12506238717188, 55.597766579096444, 44.77752243000906, 42.15100963843858, 46.77728203279439, 76.76536963404371, 81.15217899808957, 16.2633909928646, 26.508660809760734, 34.58260619544407, 8.576745806566246, 33.75166730385529, 41.23549258727048, 42.755511127968155, 65.19703334770266, 22.13294988181471, 13.806390553134728, 60.193385293172, 29.573912405582686, 51.01608964401206, 24.59600043532593, 22.57191709568684, 27.13629102550639, 31.46759180070969, 58.642328131901685, 47.05895509469259, 29.739386353006573, 41.71831851083307, 20.8465574321375], [47.11565076903628, 8.940009018720916, 13.572937197975289, 71.2593230164673, 16.15487815770342, 26.543429006300386, 92.79095316404432, 29.288866671741875, 56.96141722737363, 26.996073408403316, 43.19821152900134, 58.70248807045521, 55.094541507188154, 34.06460369848367, 8.370461198822209, 28.47275430699512, 73.22415168018564, 32.978206200757576, 74.08313901680553, 98.70361830174112, 67.99265478846975, 0.0, 78.15962542291456, 47.03430822925494, 74.29594861729473, 70.23869866402826, 65.84581674682661, 27.731158989962985, 19.443544137731774, 52.7960007730344, 71.24874480724688, 68.26728144372254, 65.14772430067576, 82.51041572204727, 43.53681944115773, 31.06359975047077, 24.70274301902045, 47.21812130006662, 60.85425987338503, 7.870356276964476, 88.01684876546716, 34.85791122189191, 74.76463032881031, 61.312988654465116, 43.39234896519672, 40.50568634861464, 17.784793568143577, 28.630721747005055, 67.69297954720709, 95.59141688215055, 48.70511344692628], [37.627465883867636, 86.50155362228135, 78.94722123437732, 34.29400213365819, 72.6380812428375, 52.2636091524183, 14.637170931539469, 84.38725922650929, 43.67752534039346, 51.179721895078856, 43.59546470442347, 35.91148825174134, 48.668365533713555, 44.64790140339082, 77.17167833134735, 104.49625478558418, 12.619323386944538, 45.669053933320406, 20.696544762853552, 21.587074361441612, 35.12506238717188, 78.15962542291456, 0.0, 84.55803173625755, 79.73582335944857, 13.85138600485045, 80.69846484894524, 96.54362243247444, 95.95164559996611, 34.60993711375114, 9.385742975353057, 10.490393283487062, 43.292610047446516, 6.241410774074417, 69.49647161463052, 64.8433021956227, 85.83089769829303, 47.408628681248125, 47.28285656625076, 71.76264077006388, 18.089486379997368, 47.04450017960821, 59.533231465133206, 19.093076648323542, 37.77042490145688, 38.88092388665722, 62.493247121195, 68.81310525037382, 64.6095590641652, 18.593627792521527, 47.01201608205097], [72.65597116133144, 52.251166710313946, 60.42042414277347, 96.08815922246627, 60.99728590060407, 45.64534654339822, 96.90324678860027, 19.142276886512587, 42.920530754552985, 51.05767022471836, 72.44586727347456, 85.05392156001305, 37.94574858881491, 49.38087014666164, 38.66454500674849, 47.397339094494995, 86.7794819815303, 49.084245186045486, 69.36699120148025, 98.93732386211242, 55.597766579096444, 47.03430822925494, 84.55803173625755, 0.0, 32.844086195176665, 84.27980272490068, 22.800927193086142, 32.982754998806556, 45.220485686862446, 49.94810961047982, 75.24852372998195, 78.44669066951361, 47.880965536844684, 85.78463195246105, 15.068547530830612, 23.975280211723184, 24.959309902956083, 37.163488118404324, 42.09419072169889, 42.05360984225227, 84.6990290953068, 63.71845612674722, 45.23838239196366, 65.75001262347904, 49.52555278124431, 51.08399698719323, 54.633026623849055, 22.45083630806373, 34.88666100355355, 96.2169288908773, 37.66098525228055], [83.12285855732964, 81.27522559558754, 86.4548071857024, 102.06374481543955, 85.0711027324396, 61.912679635543945, 88.38961622324291, 50.68059154951724, 37.63182432390666, 67.29705610704012, 85.22758860642321, 93.68320867708395, 33.602992156362355, 61.5897351123837, 66.34385279609653, 80.01621565741746, 86.52018568042544, 61.89763137336579, 59.97836702669622, 87.40188655075359, 44.77752243000906, 74.29594861729473, 79.73582335944857, 32.844086195176665, 0.0, 84.81927596157676, 10.09862609348768, 65.64617784650613, 76.95466544529003, 49.66717301735127, 70.75736008115571, 77.54742435172064, 36.44482474779122, 78.50805508454353, 30.76974219569593, 43.91784468472309, 56.43692808907149, 39.87916890524974, 32.89683425637516, 67.52727019131551, 72.85636006239413, 78.29839467844872, 22.363930136140855, 64.24640852325308, 55.91107818890959, 59.57505875807415, 75.7887733226034, 45.70455440316785, 15.13888290111386, 85.33693349095913, 39.110246715135595], [25.785426826381066, 78.03623486650905, 69.08362188819106, 21.204243624104187, 62.53351508877466, 45.99013762040948, 25.9176736334047, 80.97686336208987, 47.292075217149275, 43.58616181596075, 31.61634160922662, 22.167351313492528, 51.78759001114527, 38.826734779919384, 70.5846198746737, 97.79904304838257, 2.985475108501703, 39.684237491519376, 30.387033945307188, 34.238075603481356, 42.15100963843858, 70.23869866402826, 13.85138600485045, 84.27980272490068, 84.81927596157676, 0.0, 84.16632710970536, 91.45462658137716, 88.95697431107287, 35.95322194248631, 16.872155192410233, 7.577571590281424, 49.22202547051838, 20.08515214115674, 69.54705397245169, 62.358773355815345, 81.49908909464746, 48.23546597963925, 51.94751346340157, 64.6761885258715, 31.78181765260933, 36.742707078696604, 66.57167498471271, 20.572933521288064, 34.931296113679416, 34.404351889378894, 53.390582813155895, 65.88881773245981, 69.81297520264572, 31.486960476253664, 48.26753280894761], [79.42692211378765, 72.41206066301923, 78.43221019510132, 99.97539649924218, 77.56819776206568, 56.09955515609859, 90.67835240932588, 40.99670403783015, 37.17697277650924, 61.63417485792316, 80.88937289374347, 90.69147318282226, 32.42495422776694, 56.89043666592834, 57.706722630837575, 70.09864380858923, 86.14460690966162, 57.03729247368411, 62.02010914196609, 90.66567851311345, 46.77728203279439, 65.84581674682661, 80.69846484894524, 22.800927193086142, 10.09862609348768, 84.16632710970536, 0.0, 55.70275876408332, 67.32553479553991, 48.26768830795826, 71.43605203122445, 77.21632600538864, 38.20054706272705, 80.24635456787799, 22.860921619598617, 36.43066892043632, 46.80405103095453, 36.864366566350476, 33.49647510937475, 59.45239491190623, 76.01110203793317, 73.32797317842792, 27.976743924308323, 63.793965291908684, 52.70603985275351, 55.88229773677261, 68.95924806076425, 37.578729233394405, 18.16292432203738, 88.3591531597296, 36.443611791013566], [71.52422218886463, 27.29895320529099, 39.836806787205894, 96.33433979662213, 43.77013948325511, 45.51492324626944, 110.7181058887353, 15.961661544464373, 63.80446566515142, 48.74239246488894, 68.65948224839232, 83.8801760285879, 60.007407642185335, 52.65776812254526, 22.491962841264783, 14.415541081247035, 94.37080494013865, 51.775701442060154, 87.13944032882567, 115.09273491117693, 76.76536963404371, 27.731158989962985, 96.54362243247444, 32.982754998806556, 65.64617784650613, 91.45462658137716, 55.70275876408332, 0.0, 14.339245077940054, 64.99117549420312, 88.24121160156704, 87.80674362612262, 71.0990356120683, 99.70505898839968, 39.17546444156382, 34.04945605413546, 11.572884731374046, 54.72044775174974, 65.58215872592113, 28.87717096056003, 102.40303436536499, 59.663802256819025, 74.39852273556929, 77.87496117941865, 58.8616019857395, 57.77915811913185, 43.97005602633711, 29.728670607219126, 64.88982988955392, 112.06383042753345, 55.941738054098494], [66.47512124331293, 15.122899703924885, 28.482739322348223, 90.70228399011043, 33.6935588670678, 43.68805798058826, 110.495348078504, 26.33162072722255, 68.83199296345668, 45.37602091567941, 62.64098688833192, 78.14472646377163, 65.8132610480688, 51.31072770265832, 18.833506342344055, 9.031522705663523, 91.93678411216328, 50.283296881844386, 89.5138201292363, 115.82770077954268, 81.15217899808957, 19.443544137731774, 95.95164559996611, 45.220485686862446, 76.95466544529003, 88.95697431107287, 67.32553479553991, 14.339245077940054, 0.0, 67.44549320455023, 88.42823516846894, 86.41701885838175, 76.70257769938137, 99.86446283796765, 48.079827461463076, 39.32747827490794, 20.526146405394254, 59.16475125449008, 71.6173973371995, 24.311340654997096, 104.20315960765984, 54.227868264963206, 82.7844246283442, 78.19861380927993, 59.439206949463696, 57.32966673875203, 37.22505674782442, 35.39478413611377, 74.06242340098001, 112.73266722185464, 60.553403495940344], [35.635497278372156, 61.73459549552161, 58.73502049950641, 52.40952267047146, 53.97598020191656, 27.180500815456224, 47.33814290508379, 51.27077039355087, 12.3179700625762, 29.78220074360286, 39.293734927588034, 44.67436468034373, 16.10331388891666, 21.163803164802573, 49.01841238444094, 75.12120725283289, 38.05685568391333, 22.14658892151198, 22.207553787870754, 50.51946279577222, 16.2633909928646, 52.7960007730344, 34.60993711375114, 49.94810961047982, 49.66717301735127, 35.95322194248631, 48.26768830795826, 64.99117549420312, 67.44549320455023, 0.0, 25.31596333599674, 29.249267737555098, 17.774545037633153, 36.139650855158955, 34.8874919772087, 31.477544065809592, 53.65760011307952, 12.813970401587271, 17.788755162577335, 45.154564547255816, 37.41681049485689, 35.2441083009217, 34.65522317765852, 16.007070027163014, 10.883686862547851, 15.268683235081468, 42.44859353011477, 35.71283803280833, 35.12889702610767, 47.58115491575379, 12.539654058886859], [34.84641763980291, 79.82661983199777, 73.28063051045397, 37.95243300364605, 67.23452323156502, 44.896311635460435, 22.50876814602707, 75.62961851600834, 34.345971222282614, 44.52967240566569, 40.66687159202496, 36.388986488380304, 39.31281075155046, 37.268003135998384, 69.59526474054418, 96.79225140761389, 17.320598755104786, 38.335616564968575, 13.528287741634157, 27.466762319282815, 26.508660809760734, 71.24874480724688, 9.385742975353057, 75.24852372998195, 70.75736008115571, 16.872155192410233, 71.43605203122445, 88.24121160156704, 88.42823516846894, 25.31596333599674, 0.0, 9.731963067806037, 34.38303884139645, 11.484990813629178, 60.18148181266333, 55.9610777283269, 77.32998951979738, 38.08620656138322, 38.10785388417849, 64.48082145087514, 18.4756461677763, 42.37775014262666, 51.0948799181639, 10.366774216117756, 29.39493501957942, 31.098590467577242, 56.52448793327315, 60.01256124018407, 55.618478303410996, 24.357404712367636, 37.65803741493339], [27.26038982543025, 76.46520124889823, 68.58104135124239, 28.296365489916848, 62.227733854914085, 42.83393769061763, 24.87913193600159, 76.44591202262237, 40.160084236231036, 41.279955969128174, 33.22399064604234, 27.00200788030301, 44.791917386434214, 35.32762205154981, 67.74424787431235, 95.09051311901374, 8.974860868188495, 36.29406067418505, 23.07201766840974, 32.07292306276518, 34.58260619544407, 68.26728144372254, 10.490393283487062, 78.44669066951361, 77.54742435172064, 7.577571590281424, 77.21632600538864, 87.80674362612262, 86.41701885838175, 29.249267737555098, 9.731963067806037, 0.0, 41.74647613078767, 16.223194031701187, 63.54103688272957, 57.32064323174266, 77.42533494865066, 41.83361718295218, 44.651113150306294, 62.13100190476936, 26.628202030386152, 36.57551300362172, 59.03672753274115, 13.42286324918954, 29.778376171499822, 30.071507094012578, 52.24288020210158, 61.06845381016413, 62.491201840544875, 29.06336235528077, 41.73449654608747], [53.28848417616967, 73.93221230313847, 73.25053845567622, 68.04716072240194, 69.26159729640342, 42.10062961962624, 52.496182548153776, 55.64759265004588, 8.196143544577703, 45.827238590167255, 57.06648638060472, 61.60118021105214, 11.091652834697987, 37.554153484568864, 59.698824168130976, 83.24300351486777, 50.646103318586285, 38.387995357213406, 23.845313032749313, 52.65274900310553, 8.576745806566246, 65.14772430067576, 43.292610047446516, 47.880965536844684, 36.44482474779122, 49.22202547051838, 38.20054706272705, 71.0990356120683, 76.70257769938137, 17.774545037633153, 34.38303884139645, 41.74647613078767, 0.0, 42.23155275629339, 34.01887736086116, 37.541277285486096, 59.55214101770583, 17.94453537766934, 5.816638770758795, 57.2774738123717, 38.024084349936665, 52.77250700054691, 17.59604114356712, 28.897169717386372, 27.99523543961502, 32.47107214020463, 57.91449703698016, 41.720991598880104, 21.330630443583612, 50.249916101746784, 16.46704168434026], [43.483179478593826, 91.0084413812052, 83.98304583864658, 40.268554944442045, 77.78238952173649, 56.26934510678203, 11.202784700390971, 86.94549539326718, 43.787610731196615, 55.65475986892741, 49.44567556739645, 42.149044793875994, 48.87708901978313, 48.631578130106774, 81.03469264883304, 108.2580547010216, 18.71365842577246, 49.68830697821625, 18.547350050445218, 16.291096923767746, 33.75166730385529, 82.51041572204727, 6.241410774074417, 85.78463195246105, 78.50805508454353, 20.08515214115674, 80.24635456787799, 99.70505898839968, 99.86446283796765, 36.139650855158955, 11.484990813629178, 16.223194031701187, 42.23155275629339, 0.0, 70.7339837137599, 67.21843094034286, 88.75318380673437, 48.70717623801684, 46.76671629933542, 75.85112390524945, 12.166714943424864, 52.4139911865996, 57.53581561973395, 21.84350317828418, 40.873918853914674, 42.54254431797625, 67.36005724311897, 71.3188402152094, 63.49104697361194, 13.190895009653724, 48.129885836892385], [59.75721334580356, 50.71453114676809, 55.75772362398279, 82.33638419102307, 54.715589609910595, 34.245805974336434, 81.8660505346566, 23.21380568227005, 28.27467177515091, 39.82954692909083, 60.30329580505287, 71.81850219523787, 23.472518922665888, 36.464420413759555, 35.66825640809101, 52.75950076598149, 71.9818393589343, 36.369893633921784, 54.532253894408875, 84.06458556167588, 41.23549258727048, 43.53681944115773, 69.49647161463052, 15.068547530830612, 30.76974219569593, 69.54705397245169, 22.860921619598617, 39.17546444156382, 48.079827461463076, 34.8874919772087, 60.18148181266333, 63.54103688272957, 34.01887736086116, 70.7339837137599, 0.0, 13.590271182717787, 28.255235145081382, 22.09556056817695, 28.211533498336994, 36.79536500296011, 69.94776135766388, 52.09228102139188, 35.232391362376426, 50.731660195572495, 35.10409234140124, 37.1487936517799, 46.21377370457378, 14.936309497729363, 26.01621117932694, 81.30635960296162, 22.604214115345755], [48.74458752095306, 38.9635987550621, 42.60268653797136, 72.51458889475082, 41.21829744660439, 21.733138467575056, 78.39790176319484, 19.79602735429238, 29.92165234247073, 27.221218539030257, 48.4796116480455, 61.22145659364217, 26.54410644779549, 25.595352749822567, 23.856766108846845, 45.705603556874784, 65.0548950597692, 25.220179163212048, 53.37665686779716, 81.98270296894805, 42.755511127968155, 31.06359975047077, 64.8433021956227, 23.975280211723184, 43.91784468472309, 62.358773355815345, 36.43066892043632, 34.04945605413546, 39.32747827490794, 31.477544065809592, 55.9610777283269, 57.32064323174266, 37.541277285486096, 67.21843094034286, 13.590271182717787, 0.0, 22.510040317465503, 20.672383770407322, 32.31972893181584, 23.812343432627706, 68.78581032922925, 39.82078223659215, 44.21847536658183, 45.76421408732945, 27.555746696640504, 28.149591010570273, 32.65102721174349, 4.324578637601505, 36.65753966593256, 79.02531765897315, 21.911586952794902], [63.15261973397347, 28.040289350184327, 38.18982920913234, 87.98326089210221, 40.477264231877314, 36.04698784462875, 99.8373007740567, 5.844840599586334, 52.2318225344537, 39.99362144149431, 60.9705359655913, 75.7393898563603, 48.46116528570217, 42.72754793457931, 17.04253179720961, 24.50675295838626, 84.36610434439025, 41.936141977978025, 75.7438703199248, 103.95085667015873, 65.19703334770266, 24.70274301902045, 85.83089769829303, 24.959309902956083, 56.43692808907149, 81.49908909464746, 46.80405103095453, 11.572884731374046, 20.526146405394254, 53.65760011307952, 77.32998951979738, 77.42533494865066, 59.55214101770583, 88.75318380673437, 28.255235145081382, 22.510040317465503, 0.0, 43.17078325098158, 54.064034374230786, 22.636844012106007, 91.07033546196278, 51.81739701048142, 63.43296654681012, 66.98207344984084, 48.06142299452936, 47.36197130543199, 37.763437289336295, 18.185606952545882, 54.22661400560858, 100.9443419444577, 44.38096701252013], [43.24472509179795, 55.98906051146186, 55.74336402647591, 63.11808032392137, 52.17336761965665, 25.4016440092945, 59.872010215986364, 40.03711562147848, 9.797180190246731, 29.928436460965315, 45.539838742514384, 53.99380060611456, 8.546265659783662, 22.66480420314324, 41.81215904387306, 66.09161830230452, 50.49903939529343, 23.218901572542496, 33.24990834086681, 62.489210886643036, 22.13294988181471, 47.21812130006662, 47.408628681248125, 37.163488118404324, 39.87916890524974, 48.23546597963925, 36.864366566350476, 54.72044775174974, 59.16475125449008, 12.813970401587271, 38.08620656138322, 41.83361718295218, 17.94453537766934, 48.70717623801684, 22.09556056817695, 20.672383770407322, 43.17078325098158, 0.0, 13.888156635080687, 39.348093069191485, 48.756193652839755, 39.26276645709244, 29.953733870649316, 28.7648148821713, 16.051342158060038, 19.742746045227225, 41.11497658334662, 24.991777728980736, 26.800537074919976, 59.64409820831732, 1.4927106907717236], [53.22058277577008, 69.52881966621246, 69.63088487402054, 69.80944990930269, 66.0129572072105, 39.06646051839511, 57.31963851139588, 50.02543184501345, 5.622696721883529, 43.26422386565656, 56.4902302965382, 62.454240004069156, 5.832846768705522, 35.389662273394585, 55.02471937651375, 77.94349027541388, 53.62344815493956, 36.11076364737198, 28.716519994164948, 57.94021632096437, 13.806390553134728, 60.85425987338503, 47.28285656625076, 42.09419072169889, 32.89683425637516, 51.94751346340157, 33.49647510937475, 65.58215872592113, 71.6173973371995, 17.788755162577335, 38.10785388417849, 44.651113150306294, 5.816638770758795, 46.76671629933542, 28.211533498336994, 32.31972893181584, 54.064034374230786, 13.888156635080687, 0.0, 52.99882656964539, 43.37304801256007, 51.36791354498206, 17.16359346327907, 31.37958265743691, 26.685284123979542, 31.05170708400389, 54.862780215457704, 36.4155387858193, 17.869929562637488, 55.447746815162816, 12.409118097820336], [42.97534785730632, 16.72334867225852, 18.980690753406336, 67.65908450744189, 18.9583194178429