instance_id,num_cities,city_coordinates,distance_matrix,best_route,total_distance
1006,45,"[[88.5485607966092, 99.6835046347813], [56.433645121114175, 2.3947091228136874], [15.040844959823973, 57.86311395194835], [69.5050877952417, 18.695968028328757], [43.241502181588096, 80.33544059662098], [60.50970903049401, 94.53760086493409], [16.116133918280173, 96.55586801056461], [4.053072224110443, 18.57082023722696], [99.3914281274716, 31.717475768269455], [11.642439990085807, 41.043713000186386], [57.510969912854904, 50.45054849344972], [46.994881242564176, 23.305332356461072], [13.800981254656708, 45.04409751893077], [70.24548183766802, 86.84166303462794], [91.06502559537077, 68.6614058383644], [78.17827153285279, 90.4005620231995], [34.90993501424398, 83.32468857940987], [96.07638553997761, 35.379223796085505], [83.39785335797208, 63.485706123569926], [92.99629186066184, 43.931956895194055], [28.282697303853375, 11.37795461868083], [27.053421265704703, 79.51242120690772], [96.25375012925046, 89.71020506823957], [71.48948049131776, 22.956749571781355], [70.17048474600776, 47.94143384824792], [70.36973409014786, 10.752279621291372], [40.10425923899065, 55.44492573522769], [21.89476832566242, 52.94849215356561], [56.19307348185178, 48.56748870553243], [30.680601136831886, 27.699477575163233], [82.17758962818168, 42.79956230295514], [54.284132180691934, 27.856147304707445], [48.115770840356134, 35.84080013583522], [28.60919183062184, 98.89852558320392], [16.61704434776755, 66.63812414065657], [16.392662049242258, 4.157718001818034], [26.827339645020633, 57.969636094695296], [31.124653202798157, 26.422500997160537], [88.44364835224276, 44.755854458961885], [23.30108696970069, 96.68735852611209], [88.62950753807674, 95.9187095847204], [23.26569174332778, 22.011885298854082], [95.92119842176346, 3.7034528900155794], [79.40120842018055, 87.02172427982326], [1.7669108898665464, 56.62056612898646]]","[[0.0, 102.45231837793425, 84.57144532527717, 83.19636379996005, 49.26537468009058, 28.507148822193855, 72.4999212022856, 117.12708977551915, 68.82549565268822, 96.71182234068532, 58.19979397112662, 86.95017817725864, 92.58868968374146, 22.358792343520353, 31.12399731425989, 13.91818676925635, 56.077741025776824, 64.74340645616918, 36.562417920272836, 55.928681255484776, 106.91045068735563, 64.71881328160806, 12.603041176471264, 78.60030002080126, 54.908975300949855, 90.77021825920399, 65.6041326172179, 81.40570890533063, 60.49565805786934, 92.36016948287525, 57.239603150611195, 79.58153259015187, 75.56918301388622, 59.94450887405938, 79.15895546703138, 119.71486806527705, 74.49534192835738, 93.08426192076742, 54.92775036771648, 65.31622870541136, 3.765665166198031, 101.46296586485667, 96.26279716733639, 15.620330894566738, 96.87864281300762], [102.45231837793425, 0.0, 69.21060496398854, 20.894823652944208, 79.04929005379505, 92.23300274627009, 102.42961267463096, 54.821446422036026, 52.01149646535028, 59.16077719066098, 48.067913688065055, 22.94219753150456, 60.30351862796394, 85.56900641277089, 74.77036583529267, 90.65240715232235, 83.74324851359461, 51.57058343812558, 66.77708020261925, 55.33687820165746, 29.54952728300671, 82.52477852668974, 95.9668515428879, 25.48481285235691, 47.573153102296345, 16.250032627347146, 55.50652507508772, 61.22596662374337, 46.17340629743431, 36.10471687859362, 47.909318919097124, 25.552010491768353, 34.46488120684323, 100.43498788935793, 75.58159875458355, 40.07977701621333, 62.969086319191106, 34.89813539830336, 53.09526288707056, 99.94433521290811, 98.91062743290384, 38.53500658353153, 39.50923532441254, 87.68831540337257, 76.99932077339227], [84.57144532527717, 69.21060496398854, 0.0, 67.08516279653395, 36.05943056350586, 58.416055928210625, 38.7076925556761, 40.79969969320391, 88.30976886366585, 17.159294994680646, 43.11215188554832, 47.06698103299251, 12.878837071621252, 62.348281770646174, 76.78723298159979, 71.02830535254216, 32.296633293587185, 84.0968736259478, 68.58785708762791, 79.1904592640383, 48.334425534398825, 24.758725615916575, 87.23401388579809, 66.36944121814206, 56.01532753661754, 72.66853984859115, 25.179800824879905, 8.433846864030969, 42.18903365865358, 33.97715309950455, 68.80590870663757, 49.4009477567806, 39.73579026291114, 43.22042392842619, 8.915447735390904, 53.72240653213068, 11.786976029969031, 35.315733470643586, 74.56387729512576, 39.69324331440069, 82.84636153157844, 36.78258692028825, 97.33910037837676, 70.65749033897295, 13.331963500772266], [83.19636379996005, 20.894823652944208, 67.08516279653395, 0.0, 67.00149631002999, 76.37322901674203, 94.40627320957064, 65.45213521569198, 32.59989267275594, 62.02828158469894, 33.94425200667166, 22.977285273801712, 61.62119288960882, 68.14971702971046, 54.418525278566435, 72.22723112590995, 73.30549853872019, 31.37458982762637, 46.8948779038957, 34.47741003224809, 41.866917704654234, 74.1672769377257, 75.88486541478123, 4.700220604744666, 29.253034443047934, 7.9906069058235545, 47.06266686384777, 58.65132503997956, 32.70347799009312, 39.85478576594011, 27.231884981794202, 17.76475089033032, 27.412554565219562, 90.02735442681895, 71.38343976302015, 55.06623722806602, 57.99837230958156, 39.15044152015762, 32.21469783730235, 90.6502437065909, 79.55561101509682, 46.358139032868024, 30.37410757216063, 69.03870052921029, 77.63205363482477], [49.26537468009058, 79.04929005379505, 36.05943056350586, 67.00149631002999, 0.0, 22.358271938221264, 31.605187373453216, 73.14780496140813, 74.27328380904555, 50.421628185678905, 33.116830847045925, 57.153487209965846, 45.958929150670144, 27.77671412674299, 49.22776126583051, 36.35772988011267, 8.851588273670094, 69.37280683748766, 43.548204229490345, 61.65024510583003, 70.56132592127186, 16.20898900780157, 53.83479025094047, 63.955159778636855, 42.125310386612675, 74.68438429687448, 25.08744752552794, 34.72359415927874, 34.306646098100735, 54.113961583425265, 54.08290917587253, 53.62849896944524, 44.76082578206575, 23.63667976738897, 29.941246350807138, 80.77069788099529, 27.742637632265865, 55.25778755460512, 57.52513336064796, 25.787698206611683, 47.98863722378562, 61.64957506128476, 92.99253698992446, 36.772690202833395, 47.775903903861504], [28.507148822193855, 92.23300274627009, 58.416055928210625, 76.37322901674203, 22.358271938221264, 0.0, 44.439429716355534, 94.64831534911798, 73.87933538613397, 72.45416497589245, 44.188919686972035, 72.50301129608755, 68.05374437823474, 12.410186591701445, 40.04004045243838, 18.14643742660745, 27.94776970718648, 69.02682127514147, 38.575734831422544, 60.135756963502516, 89.18580071194638, 36.67532160399361, 36.0685489623236, 72.41804784157307, 47.58711346648767, 84.36350010565832, 44.09784155704596, 56.75180709936632, 46.172335379616335, 73.19228376427631, 56.09208218489015, 66.97144209301047, 59.991033660810515, 32.19721512829575, 52.0091031881801, 100.57254625739846, 49.716376123535994, 74.1832079111814, 57.083511115379615, 37.27067229960775, 28.15369477356252, 81.52972612525248, 97.49264597515743, 20.331678485386895, 69.91722145907663], [72.4999212022856, 102.42961267463096, 38.7076925556761, 94.40627320957064, 31.605187373453216, 44.439429716355534, 0.0, 78.91251569711297, 105.54047438870603, 55.69212952706534, 61.96154399942753, 79.49300604411731, 51.563770527751764, 54.994109543592494, 79.97147856267613, 62.36663143932212, 22.984148206406577, 100.67881423988926, 74.96976309148543, 93.1656304992564, 86.04244414479649, 20.251008208709386, 80.4294761458552, 92.10340789386557, 72.69962896968099, 101.51703754584601, 47.59768619553051, 43.988587664845085, 62.522361064708775, 70.37987076680876, 85.16957399119269, 78.59037928666744, 68.63159789905583, 12.710804085649617, 29.921936928009675, 92.3985638029404, 40.04531460215801, 71.72129962396514, 88.96353605911409, 7.186156142667369, 72.51617284843314, 74.88605701742813, 122.43536790537239, 63.99922305301461, 42.43499190399281], [117.12708977551915, 54.821446422036026, 40.79969969320391, 65.45213521569198, 73.14780496140813, 94.64831534911798, 78.91251569711297, 0.0, 96.2405146391469, 23.719810543566744, 62.24197859154928, 43.20202040164938, 28.21092236176939, 95.09123548843199, 100.39993423975565, 103.21849145187247, 71.73011533885808, 93.54577822557096, 91.17533255965463, 92.48828883647867, 25.274731399391182, 65.13750674368002, 116.45504317247186, 67.57888380336844, 72.34739236820242, 66.77596287899843, 51.569251899359124, 38.73177566504735, 60.1529704200441, 28.14884865836033, 81.79530647724609, 51.08205832884742, 47.32624657676154, 83.99728124337948, 49.6821809109533, 18.973744835979176, 45.50751528626706, 28.187220285823813, 88.35963646615758, 80.45296530200311, 114.61182049391596, 19.518342079914518, 93.06337208002314, 101.79817234346724, 38.118364289062306], [68.82549565268822, 52.01149646535028, 88.30976886366585, 32.59989267275594, 74.27328380904555, 73.87933538613397, 105.54047438870603, 96.2405146391469, 0.0, 88.24320721755906, 45.87919783510985, 53.06752568419912, 86.62172616135832, 62.35512975613694, 37.8706079717588, 62.399540263621965, 82.59035880927965, 4.939423648171271, 35.56704786477233, 13.78736077249967, 73.96044699662352, 86.70146507536907, 58.07754880227069, 29.244982567621808, 33.42275194958689, 35.8022090697948, 63.85890914152676, 80.35227649040232, 46.36831655424502, 68.82820682843212, 20.47263729571492, 45.272265297131746, 51.44117838916483, 97.58800351180355, 89.83902433162126, 87.45476212679394, 77.16685077864291, 68.47181402915146, 17.0250756500173, 100.05411377386632, 65.09698424909595, 76.74194567762902, 28.228141490960944, 58.80619684500494, 100.75073337395357], [96.71182234068532, 59.16077719066098, 17.159294994680646, 62.02828158469894, 50.421628185678905, 72.45416497589245, 55.69212952706534, 23.719810543566744, 88.24320721755906, 0.0, 46.823184335041574, 39.553068785767096, 4.545588706500521, 74.37586128003277, 84.08735970366038, 82.8439220737887, 48.26030688495586, 84.62374134405468, 75.18299277726464, 81.40510528816161, 34.01404686035259, 41.4407994007276, 97.60891994933553, 62.520448677345236, 58.933102547286495, 66.0792403744415, 31.897806871276373, 15.710951689544451, 45.18148011499862, 23.249090281727472, 70.55700065367441, 44.63435674288331, 36.84255916175358, 60.29137589269643, 26.073368983368653, 37.190606833324885, 22.7391303732502, 24.358498970647, 76.89086811902573, 56.85190706396889, 94.5424445410184, 22.300458447584486, 92.18028068887777, 81.88545792992564, 18.44354706680594], [58.19979397112662, 48.067913688065055, 43.11215188554832, 33.94425200667166, 33.116830847045925, 44.188919686972035, 61.96154399942753, 62.24197859154928, 45.87919783510985, 46.823184335041574, 0.0, 29.11100960195723, 44.043079145760146, 38.554909045572394, 38.17734901721449, 44.97933900447134, 39.8938073500081, 41.40574972906662, 28.98354824625796, 36.07908133758894, 48.79507671690594, 42.09815572215433, 55.1572629239919, 30.843277016836762, 12.905772821244891, 41.728891281861415, 18.10904140248206, 35.703690818018316, 2.2984266722525373, 35.17783274430493, 25.825950473655105, 22.823659803536092, 17.36993128036785, 56.41382153696021, 43.98125456892913, 61.91721405630081, 31.59148373800066, 35.68731954080257, 31.452506030219624, 57.51659493555596, 55.09734165051966, 44.514005000717916, 60.50319496905254, 42.62198306397107, 56.084483005384335], [86.95017817725864, 22.94219753150456, 47.06698103299251, 22.977285273801712, 57.153487209965846, 72.50301129608755, 79.49300604411731, 43.20202040164938, 53.06752568419912, 39.553068785767096, 29.11100960195723, 0.0, 39.67882189778585, 67.65689723951589, 63.24042239717431, 73.9876589305868, 61.22392544388683, 50.54476153463234, 54.218436116322415, 50.414158911130215, 22.190271910362934, 59.63974063534056, 82.68036818896766, 24.49707946500592, 33.82375044938761, 26.532298781261726, 32.869957927393074, 38.84240712414581, 26.88462913777717, 16.8956872476776, 40.222480909985975, 8.593200563944672, 12.585481553685801, 77.79694362485, 52.92016457097718, 36.09884977433842, 40.10416047924714, 16.17346216395042, 46.670388828273644, 77.11237029042829, 83.70271596107547, 23.76441540584374, 52.70690838340519, 71.48390476795606, 56.17360682333396], [92.58868968374146, 60.30351862796394, 12.878837071621252, 61.62119288960882, 45.958929150670144, 68.05374437823474, 51.563770527751764, 28.21092236176939, 86.62172616135832, 4.545588706500521, 44.043079145760146, 39.67882189778585, 0.0, 70.23544781023726, 80.79300588627099, 78.75051984520553, 43.71488969177465, 82.84112465672798, 71.99873286726607, 79.20311912259892, 36.64872818406676, 36.928207431522836, 93.77377169919954, 61.77227439164507, 56.44391447859211, 66.15098315284324, 28.28497234055683, 11.313215444374038, 42.538262409892056, 24.202425671003766, 68.41343808786517, 43.98080423851713, 35.52753111366619, 55.85322302779041, 21.776872986822138, 40.96843711149352, 18.350900805894558, 25.433707295367462, 74.64322364088167, 52.5097935251403, 90.48499598603667, 24.90107516524156, 91.93899589351098, 77.8813902844905, 16.69830754969873], [22.358792343520353, 85.56900641277089, 62.348281770646174, 68.14971702971046, 27.77671412674299, 12.410186591701445, 54.994109543592494, 95.09123548843199, 62.35512975613694, 74.37586128003277, 38.554909045572394, 67.65689723951589, 70.23544781023726, 0.0, 27.640100470171806, 8.694533590646785, 35.510139096165894, 57.581405318545876, 26.804581694913725, 48.56791366401203, 86.3460860358965, 43.80949534314853, 26.16598083247653, 63.897024193663974, 38.90030148105089, 76.08948486383638, 43.52296420041459, 59.0469180355159, 40.77232641354437, 71.15601089010762, 45.62983490199423, 61.10692062931128, 55.59507285044241, 43.346840485393024, 57.307872857473754, 98.67502706031243, 52.14143276782049, 71.97856885482369, 45.85181073807005, 47.96575788237551, 20.502808954527026, 80.06248034240576, 87.01266809009202, 9.15749700004034, 74.85071393936903], [31.12399731425989, 74.77036583529267, 76.78723298159979, 54.418525278566435, 49.22776126583051, 40.04004045243838, 79.97147856267613, 100.39993423975565, 37.8706079717588, 84.08735970366038, 38.17734901721449, 63.24042239717431, 80.79300588627099, 27.640100470171806, 0.0, 25.271710308099006, 58.037970837361264, 33.65735239126514, 9.250589043712882, 24.804746207536983, 84.9883199583433, 64.92480283671324, 21.678902447035426, 49.72039391001767, 29.42616313039998, 61.496032308686765, 52.64670031394344, 70.93250416574602, 40.24696945049005, 72.9668300272708, 27.346324599859415, 54.935446156198175, 54.053960471847375, 69.3903061076525, 74.47546965727548, 98.6746554191085, 65.12138079392551, 73.32784822115372, 24.04884623852136, 73.33079436443774, 27.365897678105103, 82.29779728125764, 65.13922064132863, 21.751917717020643, 90.1062434621726], [13.91818676925635, 90.65240715232235, 71.02830535254216, 72.22723112590995, 36.35772988011267, 18.14643742660745, 62.36663143932212, 103.21849145187247, 62.399540263621965, 82.8439220737887, 44.97933900447134, 73.9876589305868, 78.75051984520553, 8.694533590646785, 25.271710308099006, 0.0, 43.84309444006096, 57.85922696782695, 27.41629994231425, 48.7740196106273, 93.4566252795931, 52.27142551407711, 18.088657197649912, 67.77468379549538, 43.20766384104256, 80.03013274116338, 51.68681573138489, 67.60540119542038, 47.25838503951491, 78.66037556488538, 47.76871067544454, 66.95322029491342, 62.29383248036879, 50.29223645050285, 65.98816671688485, 106.09095005775731, 60.73453023057727, 79.41810429997696, 46.78479763629249, 55.236122201393655, 11.818556872461565, 87.70634254857498, 88.49406865229122, 3.593343725063154, 83.54510253704615], [56.077741025776824, 83.74324851359461, 32.296633293587185, 73.30549853872019, 8.851588273670094, 27.94776970718648, 22.984148206406577, 71.73011533885808, 82.59035880927965, 48.26030688495586, 39.8938073500081, 61.22392544388683, 43.71488969177465, 35.510139096165894, 58.037970837361264, 43.84309444006096, 0.0, 77.71809482486054, 52.38953569360172, 70.18413040876132, 72.2513169934358, 8.732593589560382, 61.67526630419373, 70.58577198938937, 49.9527885383437, 80.77222228271222, 28.359516575562974, 33.047055439676264, 40.75579622708937, 55.785763096990856, 62.261681895248444, 58.75473246460889, 49.28604023035396, 16.800112014111864, 24.76027628489485, 81.30374301650369, 26.612159521640123, 57.027952006341174, 65.98040185665484, 17.70102542300291, 55.17609842337106, 62.40871932248257, 100.30909946404563, 44.64461313811477, 42.562544613266155], [64.74340645616918, 51.57058343812558, 84.0968736259478, 31.37458982762637, 69.37280683748766, 69.02682127514147, 100.67881423988926, 93.54577822557096, 4.939423648171271, 84.62374134405468, 41.40574972906662, 50.54476153463234, 82.84112465672798, 57.581405318545876, 33.65735239126514, 57.85922696782695, 77.71809482486054, 0.0, 30.833740076665105, 9.090446663280517, 71.9169318504554, 81.92623945299917, 54.331270776530566, 27.546937501749916, 28.79105446734555, 35.599414435513694, 59.46016580000539, 76.23379515115548, 42.00724832749217, 65.8451753716283, 15.755568899734705, 42.46397438702423, 47.96283576982249, 92.66349835042253, 85.38680081518382, 85.5819970169512, 72.84062798454609, 65.56638175846967, 12.09048715168351, 95.15740363244493, 60.99578126007996, 74.02758181684085, 31.676151053047555, 54.26794070341584, 96.67197956431548], [36.562417920272836, 66.77708020261925, 68.58785708762791, 46.8948779038957, 43.548204229490345, 38.575734831422544, 74.96976309148543, 91.17533255965463, 35.56704786477233, 75.18299277726464, 28.98354824625796, 54.218436116322415, 71.99873286726607, 26.804581694913725, 9.250589043712882, 27.41629994231425, 52.38953569360172, 30.833740076665105, 0.0, 21.782541875918135, 75.84786215685403, 58.57943857841775, 29.20613679850085, 42.242226071882556, 20.410479684860995, 54.31893005507258, 44.033957816583474, 62.39921751705839, 31.0266540097381, 63.716268216728686, 20.722103892640856, 46.01167484905534, 44.82260784303554, 65.23699268083394, 66.85517325840887, 89.49584256765347, 56.83880760810062, 64.07939316742298, 19.397613010430632, 68.65836476778121, 32.85224374333061, 73.04761922369774, 61.07988190286232, 23.872941197310844, 81.91911202751398], [55.928681255484776, 55.33687820165746, 79.1904592640383, 34.47741003224809, 61.65024510583003, 60.135756963502516, 93.1656304992564, 92.48828883647867, 13.78736077249967, 81.40510528816161, 36.07908133758894, 50.414158911130215, 79.20311912259892, 48.56791366401203, 24.804746207536983, 48.7740196106273, 70.18413040876132, 9.090446663280517, 21.782541875918135, 0.0, 72.44040574625612, 74.92951102830175, 45.89399786643719, 30.041675345038488, 23.175275098096744, 40.16032993568082, 54.130541899777015, 71.67094639436215, 37.09400272554907, 64.39517602478664, 10.877804719133508, 41.91733485178977, 45.60403474209953, 84.65826789872376, 79.68286818140324, 86.31399758922278, 67.64160461301846, 64.30148300042879, 4.626593791368869, 87.41026247548125, 52.169830942048776, 73.09477499460696, 40.33469490260012, 45.18356279683026, 92.10754994354365], [106.91045068735563, 29.54952728300671, 48.334425534398825, 41.866917704654234, 70.56132592127186, 89.18580071194638, 86.04244414479649, 25.274731399391182, 73.96044699662352, 34.01404686035259, 48.79507671690594, 22.190271910362934, 36.64872818406676, 86.3460860358965, 84.9883199583433, 93.4566252795931, 72.2513169934358, 71.9169318504554, 75.84786215685403, 72.44040574625612, 0.0, 68.145554930899, 103.71116373219095, 44.731360430625195, 55.601031916414016, 42.09168723932628, 45.62507282156229, 42.058473909185956, 46.4978552623073, 16.496728597246037, 62.385710287816615, 30.783200773348728, 31.49256446687831, 87.52117995452376, 56.47808242574575, 13.910598662867876, 46.614406020859185, 15.310620139817129, 68.79988538358576, 85.45472974951466, 103.86951793319014, 11.75801116282319, 68.07249672416027, 91.29667062548359, 52.44025958578588], [64.71881328160806, 82.52477852668974, 24.758725615916575, 74.1672769377257, 16.20898900780157, 36.67532160399361, 20.251008208709386, 65.13750674368002, 86.70146507536907, 41.4407994007276, 42.09815572215433, 59.63974063534056, 36.928207431522836, 43.80949534314853, 64.92480283671324, 52.27142551407711, 8.732593589560382, 81.92623945299917, 58.57943857841775, 74.92951102830175, 68.145554930899, 0.0, 69.94769696355503, 71.92431684487819, 53.43976427684857, 81.26659847427493, 27.378252502384093, 27.060192662041413, 42.50538999694836, 51.93974934098009, 66.23071754523151, 58.39419706096438, 48.485390135381635, 19.448430912012242, 16.57303497019584, 76.10507921419267, 21.543971390859493, 53.245793799725924, 70.54628915712807, 17.580059288511148, 63.72425518559284, 57.62515531127054, 102.41958019679697, 52.8836501445504, 34.1093042423313], [12.603041176471264, 95.9668515428879, 87.23401388579809, 75.88486541478123, 53.83479025094047, 36.0685489623236, 80.4294761458552, 116.45504317247186, 58.07754880227069, 97.60891994933553, 55.1572629239919, 82.68036818896766, 93.77377169919954, 26.16598083247653, 21.678902447035426, 18.088657197649912, 61.67526630419373, 54.331270776530566, 29.20613679850085, 45.89399786643719, 103.71116373219095, 69.94769696355503, 0.0, 71.19896678616806, 49.24395376369235, 83.09233585113822, 65.77898368783681, 82.94987469120882, 57.42456724390358, 90.25058555490098, 48.97700173657001, 74.74873438769606, 72.24387751075776, 68.26574178387196, 82.91155423736437, 117.03427460608731, 76.33799965606318, 90.81372557627891, 45.62774735256042, 73.28554927436537, 9.832324415936972, 99.55058596786273, 86.00739509416961, 17.06564065617299, 100.11337070830906], [78.60030002080126, 25.48481285235691, 66.36944121814206, 4.700220604744666, 63.955159778636855, 72.41804784157307, 92.10340789386557, 67.57888380336844, 29.244982567621808, 62.520448677345236, 30.843277016836762, 24.49707946500592, 61.77227439164507, 63.897024193663974, 49.72039391001767, 67.77468379549538, 70.58577198938937, 27.546937501749916, 42.242226071882556, 30.041675345038488, 44.731360430625195, 71.92431684487819, 71.19896678616806, 0.0, 25.019476376832138, 12.255730038449197, 45.17204559774384, 57.95808914971415, 29.83102456129003, 41.08355027359548, 22.538254014141074, 17.889329462988723, 26.689493471861798, 87.21165346095488, 70.13591613826951, 58.21565932296489, 56.750410109891995, 40.51333996320884, 27.616024003080533, 88.08134857602182, 74.94816966473127, 48.233044375251914, 31.106241723309406, 64.55165701329746, 77.42408705968941], [54.908975300949855, 47.573153102296345, 56.01532753661754, 29.253034443047934, 42.125310386612675, 47.58711346648767, 72.69962896968099, 72.34739236820242, 33.42275194958689, 58.933102547286495, 12.905772821244891, 33.82375044938761, 56.44391447859211, 38.90030148105089, 29.42616313039998, 43.20766384104256, 49.9527885383437, 28.79105446734555, 20.410479684860995, 23.175275098096744, 55.601031916414016, 53.43976427684857, 49.24395376369235, 25.019476376832138, 0.0, 37.189687984944165, 30.988389870026765, 48.53468274100956, 13.991424885682083, 44.37553043319854, 13.061753735230822, 25.60849338336101, 25.156226698416475, 65.75687239280188, 56.72333916808949, 69.34744398552597, 44.488122769351335, 44.58297244408799, 18.548758023805135, 67.6232624221407, 51.40578284134611, 53.59478607662903, 51.18689494462112, 40.155639202548045, 68.95198513051761], [90.77021825920399, 16.250032627347146, 72.66853984859115, 7.9906069058235545, 74.68438429687448, 84.36350010565832, 101.51703754584601, 66.77596287899843, 35.8022090697948, 66.0792403744415, 41.728891281861415, 26.532298781261726, 66.15098315284324, 76.08948486383638, 61.496032308686765, 80.03013274116338, 80.77222228271222, 35.599414435513694, 54.31893005507258, 40.16032993568082, 42.09168723932628, 81.26659847427493, 83.09233585113822, 12.255730038449197, 37.189687984944165, 0.0, 53.97621313719198, 64.26774197011198, 40.38524166187051, 43.15593578030386, 34.153386064716074, 23.479541701687808, 33.536140832417914, 97.53821593092444, 77.54082326222272, 54.37841988383023, 64.22942368067416, 42.25792484047658, 38.50856370334548, 97.9810967897734, 87.10189503728006, 48.431080159596085, 26.505910431022222, 76.80231583158738, 82.52422103965029], [65.6041326172179, 55.50652507508772, 25.179800824879905, 47.06266686384777, 25.08744752552794, 44.09784155704596, 47.59768619553051, 51.569251899359124, 63.85890914152676, 31.897806871276373, 18.10904140248206, 32.869957927393074, 28.28497234055683, 43.52296420041459, 52.64670031394344, 51.68681573138489, 28.359516575562974, 59.46016580000539, 44.033957816583474, 54.130541899777015, 45.62507282156229, 27.378252502384093, 65.77898368783681, 45.17204559774384, 30.988389870026765, 53.97621313719198, 0.0, 18.379818822562793, 17.497116443537628, 29.30213687820748, 43.93256589788811, 31.01950180017615, 21.177961626548697, 44.94832493509611, 26.01801210488203, 56.50325228142889, 13.514834675420488, 30.379836441988903, 49.50709832530571, 44.53408650485662, 63.18881943495553, 37.43401592303699, 76.10985949221809, 50.41174884166383, 38.355370012261986], [81.40570890533063, 61.22596662374337, 8.433846864030969, 58.65132503997956, 34.72359415927874, 56.75180709936632, 43.988587664845085, 38.73177566504735, 80.35227649040232, 15.710951689544451, 35.703690818018316, 38.84240712414581, 11.313215444374038, 59.0469180355159, 70.93250416574602, 67.60540119542038, 33.047055439676264, 76.23379515115548, 62.39921751705839, 71.67094639436215, 42.058473909185956, 27.060192662041413, 82.94987469120882, 57.95808914971415, 48.53468274100956, 64.26774197011198, 18.379818822562793, 0.0, 34.576971061658426, 26.733940887310233, 61.13116489405451, 40.971900870566294, 31.30837106987667, 46.438013040921874, 14.671754984623703, 49.10002867416537, 7.038618209428509, 28.085921414026267, 67.051269527036, 43.76146893882845, 79.37231887648029, 30.966967476653046, 88.90998956721073, 66.84291884615931, 20.460077522743806], [60.49565805786934, 46.17340629743431, 42.18903365865358, 32.70347799009312, 34.306646098100735, 46.172335379616335, 62.522361064708775, 60.1529704200441, 46.36831655424502, 45.18148011499862, 2.2984266722525373, 26.88462913777717, 42.538262409892056, 40.77232641354437, 40.24696945049005, 47.25838503951491, 40.75579622708937, 42.00724832749217, 31.0266540097381, 37.09400272554907, 46.4978552623073, 42.50538999694836, 57.42456724390358, 29.83102456129003, 13.991424885682083, 40.38524166187051, 17.497116443537628, 34.576971061658426, 0.0, 32.95997775625187, 26.616988078000624, 20.799127854619314, 15.073533756633656, 57.39410945498316, 43.50643569692935, 59.63472548910982, 30.83418069777681, 33.448859111951926, 32.47503864663325, 58.28725974228899, 57.39564768371794, 42.30144844384493, 59.92583433626279, 44.914872380078414, 55.01871709225287], [92.36016948287525, 36.10471687859362, 33.97715309950455, 39.85478576594011, 54.113961583425265, 73.19228376427631, 70.37987076680876, 28.14884865836033, 68.82820682843212, 23.249090281727472, 35.17783274430493, 16.8956872476776, 24.202425671003766, 71.15601089010762, 72.9668300272708, 78.66037556488538, 55.785763096990856, 65.8451753716283, 63.716268216728686, 64.39517602478664, 16.496728597246037, 51.93974934098009, 90.25058555490098, 41.08355027359548, 44.37553043319854, 43.15593578030386, 29.30213687820748, 26.733940887310233, 32.95997775625187, 0.0, 53.66518780797015, 23.604050990086858, 19.24230432218544, 71.2291736142231, 41.400505140778705, 27.538330508218213, 30.514424800770456, 1.3519805538750878, 60.228644480944176, 69.38144526777447, 89.50943731849746, 9.34503008103275, 69.51362984900757, 76.76474795208303, 40.895364613065176], [57.239603150611195, 47.909318919097124, 68.80590870663757, 27.231884981794202, 54.08290917587253, 56.09208218489015, 85.16957399119269, 81.79530647724609, 20.47263729571492, 70.55700065367441, 25.825950473655105, 40.222480909985975, 68.41343808786517, 45.62983490199423, 27.346324599859415, 47.76871067544454, 62.261681895248444, 15.755568899734705, 20.722103892640856, 10.877804719133508, 62.385710287816615, 66.23071754523151, 48.97700173657001, 22.538254014141074, 13.061753735230822, 34.153386064716074, 43.93256589788811, 61.13116489405451, 26.616988078000624, 53.66518780797015, 0.0, 31.644124576053215, 34.76538321424351, 77.56717684508259, 69.76003245379941, 76.294487530618, 57.39147421041963, 53.61539382181209, 6.564340860515664, 79.81439185436801, 53.509541697326235, 62.47190750747319, 41.44143522972582, 44.309230443785665, 81.58981187572194], [79.58153259015187, 25.552010491768353, 49.4009477567806, 17.76475089033032, 53.62849896944524, 66.97144209301047, 78.59037928666744, 51.08205832884742, 45.272265297131746, 44.63435674288331, 22.823659803536092, 8.593200563944672, 43.98080423851713, 61.10692062931128, 54.935446156198175, 66.95322029491342, 58.75473246460889, 42.46397438702423, 46.01167484905534, 41.91733485178977, 30.783200773348728, 58.39419706096438, 74.74873438769606, 17.889329462988723, 25.60849338336101, 23.479541701687808, 31.01950180017615, 40.971900870566294, 20.799127854619314, 23.604050990086858, 31.644124576053215, 0.0, 10.089765233075843, 75.53953980164722, 54.063400125383666, 44.69204694513992, 40.751658413512686, 23.203810210020393, 38.11131914502568, 75.4830095369279, 76.23724281845651, 31.56420513111916, 48.135204711862045, 64.27622435721187, 59.87862993095334], [75.56918301388622, 34.46488120684323, 39.73579026291114, 27.412554565219562, 44.76082578206575, 59.991033660810515, 68.63159789905583, 47.32624657676154, 51.44117838916483, 36.84255916175358, 17.36993128036785, 12.585481553685801, 35.52753111366619, 55.59507285044241, 54.053960471847375, 62.29383248036879, 49.28604023035396, 47.96283576982249, 44.82260784303554, 45.60403474209953, 31.49256446687831, 48.485390135381635, 72.24387751075776, 26.689493471861798, 25.156226698416475, 33.536140832417914, 21.177961626548697, 31.30837106987667, 15.073533756633656, 19.24230432218544, 34.76538321424351, 10.089765233075843, 0.0, 66.0059343033544, 44.05275174734091, 44.83495650587525, 30.7063948332049, 19.426848360938372, 41.30152416313508, 65.71204001963369, 72.46183868051294, 28.438799494652415, 57.60354150778902, 59.98554493203966, 50.79385290997546], [59.94450887405938, 100.43498788935793, 43.22042392842619, 90.02735442681895, 23.63667976738897, 32.19721512829575, 12.710804085649617, 83.99728124337948, 97.58800351180355, 60.29137589269643, 56.41382153696021, 77.79694362485, 55.85322302779041, 43.346840485393024, 69.3903061076525, 50.29223645050285, 16.800112014111864, 92.66349835042253, 65.23699268083394, 84.65826789872376, 87.52117995452376, 19.448430912012242, 68.26574178387196, 87.21165346095488, 65.75687239280188, 97.53821593092444, 44.94832493509611, 46.438013040921874, 57.39410945498316, 71.2291736142231, 77.56717684508259, 75.53953980164722, 66.0059343033544, 0.0, 34.417221016299955, 95.52520202057947, 40.967657877573174, 72.51966413126632, 80.69442994225547, 5.750237992370651, 60.09423933296248, 77.0720990203194, 116.58905650354713, 52.16212570854444, 50.079276170037545], [79.15895546703138, 75.58159875458355, 8.915447735390904, 71.38343976302015, 29.941246350807138, 52.0091031881801, 29.921936928009675, 49.6821809109533, 89.83902433162126, 26.073368983368653, 43.98125456892913, 52.92016457097718, 21.776872986822138, 57.307872857473754, 74.47546965727548, 65.98816671688485, 24.76027628489485, 85.38680081518382, 66.85517325840887, 79.68286818140324, 56.47808242574575, 16.57303497019584, 82.91155423736437, 70.13591613826951, 56.72333916808949, 77.54082326222272, 26.01801210488203, 14.671754984623703, 43.50643569692935, 41.400505140778705, 69.76003245379941, 54.063400125383666, 44.05275174734091, 34.417221016299955, 0.0, 62.48080904317824, 13.393760303218881, 42.75239244194711, 75.08591591795435, 30.783646842501643, 77.73768416079012, 45.11879547767306, 101.24189695387153, 66.01016901133576, 17.913065964112533], [119.71486806527705, 40.07977701621333, 53.72240653213068, 55.06623722806602, 80.77069788099529, 100.57254625739846, 92.3985638029404, 18.973744835979176, 87.45476212679394, 37.190606833324885, 61.91721405630081, 36.09884977433842, 40.96843711149352, 98.67502706031243, 98.6746554191085, 106.09095005775731, 81.30374301650369, 85.5819970169512, 89.49584256765347, 86.31399758922278, 13.910598662867876, 76.10507921419267, 117.03427460608731, 58.21565932296489, 69.34744398552597, 54.37841988383023, 56.50325228142889, 49.10002867416537, 59.63472548910982, 27.538330508218213, 76.294487530618, 44.69204694513992, 44.83495650587525, 95.52520202057947, 62.48080904317824, 0.0, 54.81427756855298, 26.697417949647154, 82.70159194978073, 92.78717966635634, 116.7828815471481, 19.131383301955267, 79.52983373770644, 104.09860927130568, 54.46341001617801], [74.49534192835738, 62.969086319191106, 11.786976029969031, 57.99837230958156, 27.742637632265865, 49.716376123535994, 40.04531460215801, 45.50751528626706, 77.16685077864291, 22.7391303732502, 31.59148373800066, 40.10416047924714, 18.350900805894558, 52.14143276782049, 65.12138079392551, 60.73453023057727, 26.612159521640123, 72.84062798454609, 56.83880760810062, 67.64160461301846, 46.614406020859185, 21.543971390859493, 76.33799965606318, 56.750410109891995, 44.488122769351335, 64.22942368067416, 13.514834675420488, 7.038618209428509, 30.83418069777681, 30.514424800770456, 57.39147421041963, 40.751658413512686, 30.7063948332049, 40.967657877573174, 13.393760303218881, 54.81427756855298, 0.0, 31.83847729832518, 63.01724782803945, 38.87796918830041, 72.52337647291955, 36.13371248669935, 87.85658746084067, 60.06692522432114, 25.096714509364197], [93.08426192076742, 34.89813539830336, 35.315733470643586, 39.15044152015762, 55.25778755460512, 74.1832079111814, 71.72129962396514, 28.187220285823813, 68.47181402915146, 24.358498970647, 35.68731954080257, 16.17346216395042, 25.433707295367462, 71.97856885482369, 73.32784822115372, 79.41810429997696, 57.027952006341174, 65.56638175846967, 64.07939316742298, 64.30148300042879, 15.310620139817129, 53.245793799725924, 90.81372557627891, 40.51333996320884, 44.58297244408799, 42.25792484047658, 30.379836441988903, 28.085921414026267, 33.448859111951926, 1.3519805538750878, 53.61539382181209, 23.203810210020393, 19.426848360938372, 72.51966413126632, 42.75239244194711, 26.697417949647154, 31.83847729832518, 0.0, 60.17955677883809, 70.69906924541174, 90.2027232414146, 9.012036732037222, 68.6640183735862, 77.47833017120969, 42.116507113226945], [54.92775036771648, 53.09526288707056, 74.56387729512576, 32.21469783730235, 57.52513336064796, 57.083511115379615, 88.96353605911409, 88.35963646615758, 17.0250756500173, 76.89086811902573, 31.452506030219624, 46.670388828273644, 74.64322364088167, 45.85181073807005, 24.04884623852136, 46.78479763629249, 65.98040185665484, 12.09048715168351, 19.397613010430632, 4.626593791368869, 68.79988538358576, 70.54628915712807, 45.62774735256042, 27.616024003080533, 18.548758023805135, 38.50856370334548, 49.50709832530571, 67.051269527036, 32.47503864663325, 60.228644480944176, 6.564340860515664, 38.11131914502568, 41.30152416313508, 80.69442994225547, 75.08591591795435, 82.70159194978073, 63.01724782803945, 60.17955677883809, 0.0, 83.30926970124453, 51.16319270976268, 69.0322689824805, 41.72784956860603, 43.22232607853207, 87.48501700368189], [65.31622870541136, 99.94433521290811, 39.69324331440069, 90.6502437065909, 25.787698206611683, 37.27067229960775, 7.186156142667369, 80.45296530200311, 100.05411377386632, 56.85190706396889, 57.51659493555596, 77.11237029042829, 52.5097935251403, 47.96575788237551, 73.33079436443774, 55.236122201393655, 17.70102542300291, 95.15740363244493, 68.65836476778121, 87.41026247548125, 85.45472974951466, 17.580059288511148, 73.28554927436537, 88.08134857602182, 67.6232624221407, 97.9810967897734, 44.53408650485662, 43.76146893882845, 58.28725974228899, 69.38144526777447, 79.81439185436801, 75.4830095369279, 65.71204001963369, 5.750237992370651, 30.783646842501643, 92.78717966635634, 38.87796918830041, 70.69906924541174, 83.30926970124453, 0.0, 65.33294234269356, 74.67548161570153, 117.9817244095564, 56.92669068320784, 45.48701564657397], [3.765665166198031, 98.91062743290384, 82.84636153157844, 79.55561101509682, 47.98863722378562, 28.15369477356252, 72.51617284843314, 114.61182049391596, 65.09698424909595, 94.5424445410184, 55.09734165051966, 83.70271596107547, 90.48499598603667, 20.502808954527026, 27.365897678105103, 11.818556872461565, 55.17609842337106, 60.99578126007996, 32.85224374333061, 52.169830942048776, 103.86951793319014, 63.72425518559284, 9.832324415936972, 74.94816966473127, 51.40578284134611, 87.10189503728006, 63.18881943495553, 79.37231887648029, 57.39564768371794, 89.50943731849746, 53.509541697326235, 76.23724281845651, 72.46183868051294, 60.09423933296248, 77.73768416079012, 116.7828815471481, 72.52337647291955, 90.2027232414146, 51.16319270976268, 65.33294234269356, 0.0, 98.66431518675732, 92.50309358726086, 12.81865250815854, 95.33863212537246], [101.46296586485667, 38.53500658353153, 36.78258692028825, 46.358139032868024, 61.64957506128476, 81.52972612525248, 74.88605701742813, 19.518342079914518, 76.74194567762902, 22.300458447584486, 44.514005000717916, 23.76441540584374, 24.90107516524156, 80.06248034240576, 82.29779728125764, 87.70634254857498, 62.40871932248257, 74.02758181684085, 73.04761922369774, 73.09477499460696, 11.75801116282319, 57.62515531127054, 99.55058596786273, 48.233044375251914, 53.59478607662903, 48.431080159596085, 37.43401592303699, 30.966967476653046, 42.30144844384493, 9.34503008103275, 62.47190750747319, 31.56420513111916, 28.438799494652415, 77.0720990203194, 45.11879547767306, 19.131383301955267, 36.13371248669935, 9.012036732037222, 69.0322689824805, 74.67548161570153, 98.66431518675732, 0.0, 74.92677323873771, 85.89223129543647, 40.74258665066718], [96.26279716733639, 39.50923532441254, 97.33910037837676, 30.37410757216063, 92.99253698992446, 97.49264597515743, 122.43536790537239, 93.06337208002314, 28.228141490960944, 92.18028068887777, 60.50319496905254, 52.70690838340519, 91.93899589351098, 87.01266809009202, 65.13922064132863, 88.49406865229122, 100.30909946404563, 31.676151053047555, 61.07988190286232, 40.33469490260012, 68.07249672416027, 102.41958019679697, 86.00739509416961, 31.106241723309406, 51.18689494462112, 26.505910431022222, 76.10985949221809, 88.90998956721073, 59.92583433626279, 69.51362984900757, 41.44143522972582, 48.135204711862045, 57.60354150778902, 116.58905650354713, 101.24189695387153, 79.52983373770644, 87.85658746084067, 68.6640183735862, 41.72784956860603, 117.9817244095564, 92.50309358726086, 74.92677323873771, 0.0, 84.9402402694862, 108.0057902808233], [15.620330894566738, 87.68831540337257, 70.65749033897295, 69.03870052921029, 36.772690202833395, 20.331678485386895, 63.99922305301461, 101.79817234346724, 58.80619684500494, 81.88545792992564, 42.62198306397107, 71.48390476795606, 77.8813902844905, 9.15749700004034, 21.751917717020643, 3.593343725063154, 44.64461313811477, 54.26794070341584, 23.872941197310844, 45.18356279683026, 91.29667062548359, 52.8836501445504, 17.06564065617299, 64.55165701329746, 40.155639202548045, 76.80231583158738, 50.41174884166383, 66.84291884615931, 44.914872380078414, 76.76474795208303, 44.309230443785665, 64.27622435721187, 59.98554493203966, 52.16212570854444, 66.01016901133576, 104.09860927130568, 60.06692522432114, 77.47833017120969, 43.22232607853207, 56.92669068320784, 12.81865250815854, 85.89223129543647, 84.9402402694862, 0.0, 83.37454389642866], [96.87864281300762, 76.99932077339227, 13.331963500772266, 77.63205363482477, 47.775903903861504, 69.91722145907663, 42.43499190399281, 38.118364289062306, 100.75073337395357, 18.44354706680594, 56.084483005384335, 56.17360682333396, 16.69830754969873, 74.85071393936903, 90.1062434621726, 83.54510253704615, 42.562544613266155, 96.67197956431548, 81.91911202751398, 92.10754994354365, 52.44025958578588, 34.1093042423313, 100.11337070830906, 77.42408705968941, 68.95198513051761, 82.52422103965029, 38.355370012261986, 20.460077522743806, 55.01871709225287, 40.895364613065176, 81.58981187