instance_id,num_cities,city_coordinates,distance_matrix,best_route,total_distance
2427,23,"[[8.730715771343501, 74.53859879798478], [33.888044242952105, 6.272302489868187], [78.12146226800122, 78.14782200352263], [96.36272345337508, 27.23642333252284], [4.0714191265890705, 4.04115260650828], [66.18191735140392, 48.353023925143866], [54.38728991267598, 12.361213433936625], [87.45692231442004, 31.379346386686755], [12.250522608588355, 1.799070834445926], [22.21233795777503, 62.94959725773515], [25.13160526942424, 76.9579304739498], [36.61961564153654, 47.210063660133116], [96.05363455203705, 40.69174747382011], [71.77454279745925, 73.95979262198217], [25.705866483363938, 68.34838131240869], [85.41773508756812, 2.8634183638014954], [52.44396618378235, 77.28976517009721], [11.89074294853032, 39.33535289296379], [66.88897673830219, 70.93191696382034], [14.597280940228508, 32.7273808738627], [77.1092244131419, 59.202608126096614], [55.01829192711585, 96.41094115458807], [7.692365359232323, 34.33870727308865]]","[[0.0, 72.75423278034057, 69.48454642228593, 99.58345532340698, 70.65124885480753, 63.13734944083332, 77.13980822527587, 89.78049156339746, 72.82463847167362, 17.778050890848274, 16.578369705329376, 39.046633257560714, 93.65309118731592, 63.04648398355123, 18.068606316330538, 104.96775896378723, 43.79973947442642, 35.34479161078667, 58.26998775144682, 42.220783166341214, 70.07719353659034, 51.19510783796522, 40.21329941936805], [72.75423278034057, 0.0, 84.39600449983674, 65.89825418894407, 29.89998600554435, 53.044145358918335, 21.384431475082277, 59.16069937950846, 22.095070579670733, 57.86741621553016, 71.22593086089574, 41.02879198732538, 71.05813684216811, 77.5692148542558, 62.612998609488116, 51.64232304541163, 73.40165014910706, 39.71204560577572, 72.59426485255413, 32.74148318425726, 68.33511300970068, 92.58218806834846, 38.391882861283875], [69.48454642228593, 84.39600449983674, 0.0, 54.080626145325894, 104.76262376612846, 32.09801746754474, 69.93703457024907, 47.69110111751304, 100.83705914341019, 57.9380377348059, 53.003214870249025, 51.76435225829225, 41.52734426855362, 7.604142086139041, 53.323763176628354, 75.63714053589023, 25.691828792136686, 76.76533032582236, 13.350581137796928, 78.09185671871717, 18.97223640840019, 29.449923614943028, 82.94272858333687], [99.58345532340698, 65.89825418894407, 54.080626145325894, 0.0, 95.1614703458944, 36.83465593097161, 44.533233550424384, 9.822275976541068, 87.87446291764839, 82.30255440117614, 86.86829381397418, 62.99353331060025, 13.458873790043038, 52.798218395388545, 81.74707655825077, 26.71771213133649, 66.5897459764976, 85.33404705578768, 52.70671597725503, 81.94960771163872, 37.31667449745713, 80.58831139901594, 88.95434133147143], [70.65124885480753, 29.89998600554435, 104.76262376612846, 95.1614703458944, 0.0, 76.29715544824752, 50.99912023882669, 87.75260099307803, 8.480841022084254, 61.63844406915491, 75.89721954683634, 54.06422086677484, 99.01512035392041, 97.32589160345037, 67.8488686439652, 81.35484114894379, 87.77962492111217, 36.149998601560334, 91.76284597050348, 30.55639800641752, 91.52763067028408, 105.48820637668473, 30.513162248349797], [63.13734944083332, 53.044145358918335, 32.09801746754474, 36.83465593097161, 76.29715544824752, 0.0, 37.87510605732174, 27.21638413448568, 71.24511132194475, 46.32908228215134, 50.03367666576031, 29.584388460007442, 30.838525343767802, 26.210380815113, 45.14559791293728, 49.38948165455313, 32.0322696067784, 55.034988951464854, 22.58996112941751, 53.8993082927714, 15.398685559328502, 49.33751048690967, 60.14506433173895], [77.13980822527587, 21.384431475082277, 69.93703457024907, 44.533233550424384, 50.99912023882669, 37.87510605732174, 0.0, 38.148262977427436, 43.440373100732046, 59.953416176262586, 70.91284041901667, 39.11690952891327, 50.385547874276504, 64.00548039711383, 62.906176302360834, 32.451450490637086, 64.95762724784952, 50.33448821067802, 59.890061658605504, 44.69927952683975, 52.0615267174348, 84.05209630614736, 51.60839286881311], [89.78049156339746, 59.16069937950846, 47.69110111751304, 9.822275976541068, 87.75260099307803, 27.21638413448568, 38.148262977427436, 0.0, 80.81457330494183, 72.48128398374506, 77.2130330459758, 53.245125214845714, 12.673763265267208, 45.37655153172038, 71.9715390942104, 28.588746659350576, 57.73797407143835, 75.98385028073886, 44.580783129968445, 72.87211083915724, 29.685160361295413, 72.67305593863976, 79.81943599846687], [72.82463847167362, 22.095070579670733, 100.83705914341019, 87.87446291764839, 8.480841022084254, 71.24511132194475, 43.440373100732046, 80.81457330494183, 0.0, 61.95663521283806, 76.2546816452992, 51.53650128465355, 92.38832105618715, 93.54292463005055, 67.89592774151292, 73.17495348551591, 85.52401906897872, 37.5380062360856, 88.11759803599166, 31.017215164508414, 86.61303189108396, 103.8291293325634, 32.85733916599003], [17.778050890848274, 57.86741621553016, 57.9380377348059, 82.30255440117614, 61.63844406915491, 46.32908228215134, 59.953416176262586, 72.48128398374506, 61.95663521283806, 0.0, 14.309280943966623, 21.33782013531503, 77.12294703734484, 50.77042988324704, 6.430521816159298, 87.20820557957063, 33.4603012680738, 25.771454372114917, 45.38413247618444, 31.166832635577407, 55.024613311190656, 46.86034732289087, 32.084460880245075], [16.578369705329376, 71.22593086089574, 53.003214870249025, 86.86829381397418, 75.89721954683634, 50.03367666576031, 70.91284041901667, 77.2130330459758, 76.2546816452992, 14.309280943966623, 0.0, 31.889025734291977, 79.65657704774091, 46.739196097318334, 8.628679661850285, 95.52179946635746, 27.314376672033426, 39.88456817916147, 42.189938502137274, 45.467719395175855, 54.92653605977296, 35.659972853552034, 46.04916150040142], [39.046633257560714, 41.02879198732538, 51.76435225829225, 62.99353331060025, 54.06422086677484, 29.584388460007442, 39.11690952891327, 53.245125214845714, 51.53650128465355, 21.33782013531503, 31.889025734291977, 0.0, 59.79039262087583, 44.17484468417086, 23.789459721818368, 65.93846684984278, 33.9882113829547, 25.95242212845424, 38.45725608214978, 26.357756474786875, 42.22830260910061, 52.528445962981834, 31.661611205644288], [93.65309118731592, 71.05813684216811, 41.52734426855362, 13.458873790043038, 99.01512035392041, 30.838525343767802, 50.385547874276504, 12.673763265267208, 92.38832105618715, 77.12294703734484, 79.65657704774091, 59.79039262087583, 0.0, 41.18539940813198, 75.5890062610006, 39.295099448584835, 56.93169657129644, 84.1738209262393, 42.01244001693055, 81.84478406759047, 26.486650176998072, 69.19918994308827, 88.58936173805189], [63.04648398355123, 77.5692148542558, 7.604142086139041, 52.798218395388545, 97.32589160345037, 26.210380815113, 64.00548039711383, 45.37655153172038, 93.54292463005055, 50.77042988324704, 46.739196097318334, 44.17484468417086, 41.18539940813198, 0.0, 46.40916799747757, 72.39358485752851, 19.61529784093099, 69.17312564063451, 5.747763627679583, 70.49362419436807, 15.691823418147035, 28.0147463608546, 75.34159455074405], [18.068606316330538, 62.612998609488116, 53.323763176628354, 81.74707655825077, 67.8488686439652, 45.14559791293728, 62.906176302360834, 71.9715390942104, 67.89592774151292, 6.430521816159298, 8.628679661850285, 23.789459721818368, 75.5890062610006, 46.40916799747757, 0.0, 88.62159795775634, 28.193515582134275, 32.134303420958595, 41.26406701638262, 37.31295143796656, 52.210634679462885, 40.57986631682531, 38.48563564513246], [104.96775896378723, 51.64232304541163, 75.63714053589023, 26.71771213133649, 81.35484114894379, 49.38948165455313, 32.451450490637086, 28.588746659350576, 73.17495348551591, 87.20820557957063, 95.52179946635746, 65.93846684984278, 39.295099448584835, 72.39358485752851, 88.62159795775634, 0.0, 81.40362728190479, 82.07570030961435, 70.5452719012852, 76.85956662926074, 56.94853512338095, 98.36292576351266, 83.85658537842805], [43.79973947442642, 73.40165014910706, 25.691828792136686, 66.5897459764976, 87.77962492111217, 32.0322696067784, 64.95762724784952, 57.73797407143835, 85.52401906897872, 33.4603012680738, 27.314376672033426, 33.9882113829547, 56.93169657129644, 19.61529784093099, 28.193515582134275, 81.40362728190479, 0.0, 55.54368844496017, 15.782286391212383, 58.465183469223156, 30.58627491956694, 19.293691302150027, 62.02821253939249], [35.34479161078667, 39.71204560577572, 76.76533032582236, 85.33404705578768, 36.149998601560334, 55.034988951464854, 50.33448821067802, 75.98385028073886, 37.5380062360856, 25.771454372114917, 39.88456817916147, 25.95242212845424, 84.1738209262393, 69.17312564063451, 32.134303420958595, 82.07570030961435, 55.54368844496017, 0.0, 63.428294798757975, 7.140773214836654, 68.17740208491614, 71.53746051063565, 6.526319164194859], [58.26998775144682, 72.59426485255413, 13.350581137796928, 52.70671597725503, 91.76284597050348, 22.58996112941751, 59.890061658605504, 44.580783129968445, 88.11759803599166, 45.38413247618444, 42.189938502137274, 38.45725608214978, 42.01244001693055, 5.747763627679583, 41.26406701638262, 70.5452719012852, 15.782286391212383, 63.428294798757975, 0.0, 64.76116141088849, 15.557318160459742, 28.108607784809575, 69.59383445560736], [42.220783166341214, 32.74148318425726, 78.09185671871717, 81.94960771163872, 30.55639800641752, 53.8993082927714, 44.69927952683975, 72.87211083915724, 31.017215164508414, 31.166832635577407, 45.467719395175855, 26.357756474786875, 81.84478406759047, 70.49362419436807, 37.31295143796656, 76.85956662926074, 58.465183469223156, 7.140773214836654, 64.76116141088849, 0.0, 67.88726489422113, 75.42846928866348, 7.090432423027975], [70.07719353659034, 68.33511300970068, 18.97223640840019, 37.31667449745713, 91.52763067028408, 15.398685559328502, 52.0615267174348, 29.685160361295413, 86.61303189108396, 55.024613311190656, 54.92653605977296, 42.22830260910061, 26.486650176998072, 15.691823418147035, 52.210634679462885, 56.94853512338095, 30.58627491956694, 68.17740208491614, 15.557318160459742, 67.88726489422113, 0.0, 43.272038834116536, 73.7354316901892], [51.19510783796522, 92.58218806834846, 29.449923614943028, 80.58831139901594, 105.48820637668473, 49.33751048690967, 84.05209630614736, 72.67305593863976, 103.8291293325634, 46.86034732289087, 35.659972853552034, 52.528445962981834, 69.19918994308827, 28.0147463608546, 40.57986631682531, 98.36292576351266, 19.293691302150027, 71.53746051063565, 28.108607784809575, 75.42846928866348, 43.272038834116536, 0.0, 78.05578482436948], [40.21329941936805, 38.391882861283875, 82.94272858333687, 88.95434133147143, 30.513162248349797, 60.14506433173895, 51.60839286881311, 79.81943599846687, 32.85733916599003, 32.084460880245075, 46.04916150040142, 31.661611205644288, 88.58936173805189, 75.34159455074405, 38.48563564513246, 83.85658537842805, 62.02821253939249, 6.526319164194859, 69.59383445560736, 7.090432423027975, 73.7354316901892, 78.05578482436948, 0.0]]",Route_2,1300.1137272354533
