instance_id,num_cities,city_coordinates,distance_matrix,best_route,total_distance
2192,80,"[[98.42441924007788, 40.76026302186128], [76.74400546891196, 76.87611601337902], [9.617387918291042, 88.35798103079254], [88.33986001029308, 4.629950002800365], [61.030537716657875, 62.80465706103783], [53.64092748055438, 99.19599973993762], [34.26624781163432, 15.7214689207681], [63.58126587633757, 73.14188018082594], [48.5970861751529, 64.63309588917048], [0.6770455671396558, 85.06213822924651], [85.15700749848169, 20.001559133429048], [13.240042677832264, 5.008473975228522], [94.70448844667877, 57.33935683705149], [81.68304290863365, 54.159922478305674], [57.13979381629479, 23.77560299815317], [1.8609381534878344, 60.35544826070518], [7.797417537594509, 93.13052449801754], [22.925246874480244, 92.77027874659908], [19.30111974988885, 46.77590171021787], [27.910121855298232, 49.10314481439922], [57.444955634920426, 33.31316970542332], [73.30581882791218, 5.949469189805489], [6.480889718531479, 23.71914643691936], [55.81658167439488, 54.09904333043223], [11.0891997355548, 9.65514662257979], [65.25911583368226, 76.070536093156], [4.4262475733531925, 43.618343536093086], [34.65429119219783, 53.18410636571751], [23.859707298817245, 86.0174279840195], [3.265688132286948, 84.01533971598673], [82.4898896349734, 95.8516236271091], [3.1761074871731076, 88.72830093224712], [99.99685349376321, 99.37144959622022], [37.81143247496895, 74.1374515314474], [94.3192140372221, 30.74747695903659], [43.669855460133256, 4.874686135345218], [46.276768797775134, 44.81694029665344], [96.40080223409574, 25.827174763630488], [73.81348150221754, 96.3260416764817], [69.40064515880111, 30.67661101833471], [62.28684163538496, 11.432716955700052], [76.61271917319279, 48.61093829189388], [83.9193372712623, 52.34276394184442], [75.74181740955932, 77.51704457809035], [20.828689171122615, 34.661262850084874], [14.391401052701703, 79.06799430804764], [7.378809283475518, 48.113249991011585], [48.5573269431401, 57.133421825084795], [72.52506453107426, 35.35693938160648], [11.287003680713703, 9.776632882842195], [67.76819941175475, 11.835133109255713], [24.163849674211523, 45.929453447598966], [80.49915473642638, 17.089845782006197], [48.114741830974076, 28.561086011550806], [20.825024519382218, 14.720934377623529], [92.71941983229469, 2.1949923827703444], [39.62999031408852, 82.36090080999772], [23.206892673991664, 91.7133593333669], [25.81224088764532, 90.06412269011182], [64.91292257663382, 54.6630479878999], [64.79370033476339, 40.08555996218573], [30.43159795739031, 75.59650933437018], [7.114872182047183, 98.48271095290072], [42.7613791252027, 8.593659392091446], [13.15354839933166, 7.967853371558931], [8.016913565341177, 53.278751979651695], [62.49892937310264, 55.888710151930454], [24.149291359085424, 11.99925831242642], [8.408658407555025, 54.2733409712841], [89.13487640172266, 79.62942014150562], [23.414793758901055, 6.936010383680557], [16.47774045995638, 58.87770884293443], [18.34026703695152, 68.12379854745137], [78.1748695523684, 58.391013336019796], [56.05029430406101, 55.21804971445542], [15.16306789395161, 47.485552462117596], [58.48658938707501, 1.519123314599513], [7.268210558658128, 83.74917896817675], [0.6840172279941714, 43.75494879588213], [0.5511698595736636, 10.667012980542568]]","[[0.0, 42.12357034480674, 100.75828289449244, 37.511303012750176, 43.408037089254044, 73.62266267909389, 68.87098206849159, 47.56694720243125, 55.25102052879607, 107.31824265635247, 24.63631468886237, 92.38272798707229, 16.991298856784237, 21.44352011726901, 44.64189705313861, 98.53160489967084, 104.67042430726504, 91.67969657223837, 79.35165046199732, 71.00612517433551, 41.650637885033156, 42.9270946359516, 93.50942345743051, 44.64695826306589, 92.70905474718249, 48.443294008641466, 94.04161260268177, 64.96907814241862, 87.22446472919843, 104.52839693528037, 57.349518281092855, 106.64508217799239, 58.632275592343134, 69.19516513017162, 10.821672444564681, 65.46630341794227, 52.30520124389555, 15.06957699190692, 60.772148339770816, 30.72555125053444, 46.540621755601975, 23.18153062252915, 18.56210468894811, 43.192145306458045, 77.83505076782244, 92.35274994267661, 91.34204677878785, 52.48625747133136, 26.456993039726267, 92.48196865852745, 42.14815481872939, 74.44026277428375, 29.691813010233936, 51.767591799667265, 81.85177271911068, 38.984960147589426, 72.02359292004905, 90.85094565522944, 87.76900946958453, 36.28095696692594, 33.63748620671606, 76.39756411774711, 108.02460080506793, 64.28891369361381, 91.35898174023431, 91.27009175033118, 38.98090217977823, 79.64916831727697, 91.02439493852806, 39.96382090512912, 82.2831937965335, 83.92556229285532, 84.62998588298204, 26.849350442705603, 44.77269324199426, 83.53252148737225, 55.99015358875383, 100.78442972706608, 97.7862686084752, 102.39519833638536], [42.12357034480674, 0.0, 68.10151252406537, 73.17084354968829, 21.093103750955006, 32.12365829265447, 74.45972573554239, 13.682186624770509, 30.694309040784116, 76.50616542747723, 57.493424175641245, 95.90469885409459, 26.537971058625956, 23.246925378507168, 56.60379489928905, 76.68380685360228, 70.83669799303449, 56.11669257570156, 64.85143036838106, 56.17905408608562, 47.64644389169794, 71.00993139705376, 88.10544165659702, 30.93140971051207, 93.96388796619495, 11.513107701280017, 79.59860260828434, 48.29964150012213, 53.66854364977737, 73.82432955129117, 19.8263731945236, 74.51650757250088, 32.35328382514102, 39.028778139640686, 49.363339607702876, 79.23449566498556, 44.227177821006755, 54.70268788449079, 19.66945802556823, 46.77947415727581, 67.02125085621766, 28.26548261959423, 25.561117939943298, 1.1896093187983827, 70.06151885507701, 62.391118021261995, 75.0921627313047, 34.41311988366814, 41.732978456099794, 93.73878449972234, 65.65740286906086, 61.011217881265274, 59.904083785665655, 56.16027831597804, 83.60741016565234, 76.37070178289599, 37.5171025690642, 55.55507389746273, 52.61148319014697, 25.16733822851593, 38.6827456025972, 46.33008183422744, 72.90446589311622, 76.27131030377137, 93.7661713553038, 72.6653201387162, 25.365200526874684, 83.51772636658663, 71.97642042780159, 12.693083395910234, 87.9523916508502, 62.89646539196599, 59.055903378521236, 18.540398944408903, 29.95499153034177, 68.23501372808465, 77.53714974506883, 69.81493445382776, 82.9586254048242, 100.94054449330261], [100.75828289449244, 68.10151252406537, 0.0, 114.92436987906638, 57.4132766709282, 45.338004864902736, 76.70481852889944, 56.068082269213505, 45.632083572626385, 9.528499416397835, 101.87656521953554, 83.42819639613661, 90.56472670527138, 79.76820066885308, 80.18268276058967, 29.056915777379615, 5.107784581711002, 14.02025253448513, 42.6947769968279, 43.307808548413064, 72.92055600126939, 104.15075158430538, 64.71488668468169, 57.51556585891504, 78.71659528912562, 56.98230592478578, 45.03979464027294, 43.17462199604499, 14.433358926517098, 7.694324126301338, 73.2567825242769, 6.451916802138429, 91.04803285930795, 31.577327431334098, 102.43714915636535, 90.16113947975835, 56.91864751273562, 106.9647733262216, 64.68870397441603, 83.07333081560574, 93.22857720613253, 77.89866376544498, 82.5704277548298, 67.00720915481584, 54.85463352498205, 10.44485781216298, 40.30694246365707, 49.91284352598748, 82.25865421168322, 78.5990832869157, 96.11068167155514, 44.852865042205224, 100.51553098451907, 71.11761323484211, 74.48507070536424, 119.7080127685498, 30.605902596441705, 13.997614191661254, 16.284476720504955, 64.7529510209149, 73.31201871252104, 24.4148827441446, 10.429417098082746, 86.37633448813393, 80.46786349851443, 35.1157205390528, 62.05409718980592, 77.72921428132986, 34.106065663110016, 79.99511703792095, 82.58272042013188, 30.267984492961116, 22.034308722714986, 74.82076877997451, 57.04620796408136, 41.24693908029877, 99.64530125224077, 5.172976968766, 45.48885134226531, 78.2181745278754], [37.511303012750176, 73.17084354968829, 114.92436987906638, 0.0, 64.2658200402779, 100.73109590186178, 55.199432316995555, 72.84828453854344, 71.9712830813243, 118.97102983075001, 15.697672355377122, 75.10077125946634, 53.09227876021002, 49.975307776433546, 36.606012608973636, 102.87825368661338, 119.66384886611094, 109.76242145093632, 80.88651866700364, 75.03078241782944, 42.157113384010984, 15.09183637462319, 84.05527013654701, 59.20265896370075, 77.41393359047497, 75.07648162160817, 92.5288559451799, 72.38540183930078, 103.83453984989134, 116.36002243314927, 91.40905804247204, 119.68875207333228, 95.45594398613235, 85.93261754390687, 26.793243343967863, 44.67067497011739, 58.174718144833726, 22.678208198546777, 92.83958692706494, 32.20438493822123, 26.926518613789717, 45.51761376762369, 47.917153872784695, 73.9678256608721, 73.88936282989003, 104.92567379908758, 91.8993422863031, 65.8730938292148, 34.558003882382785, 77.22454929110637, 21.79696959164287, 76.31650730637362, 14.721605280006404, 46.805548850638345, 68.2647857758133, 5.010944306798175, 91.73195800380672, 108.74660277299107, 105.87115289781376, 55.24610657328856, 42.5619773161164, 91.59486534380012, 124.12026178531599, 45.75050723123519, 75.26036840568722, 93.90677110507796, 57.40395620706063, 64.61219551081457, 94.09284381135096, 75.00368372386241, 64.96600759033842, 90.03878922688948, 94.50614699290502, 54.71360856065089, 60.01476389967249, 84.80239127872099, 30.014913119766277, 113.2804693532139, 95.99120951646432, 87.99602404527289], [43.408037089254044, 21.093103750955006, 57.4132766709282, 64.2658200402779, 0.0, 37.13402969534331, 54.15859875931228, 10.6472717619522, 12.56717572818871, 64.32681775585608, 49.13442516539422, 74.99553450269158, 34.114578471764524, 22.38877858907162, 39.222505645888894, 59.22026795121345, 61.26518848256217, 48.47630011839935, 44.70196105252816, 35.84261966812961, 29.708655730464262, 58.165238022666436, 67.10693881758856, 10.147563650313286, 72.93152747057015, 13.923520366149138, 59.767552144160106, 28.07599288360643, 43.823548097737245, 61.53593183006127, 39.40311896250276, 63.39692743926639, 53.4369168417505, 25.83716468061408, 46.214702933887146, 60.4754067358261, 23.26438590866962, 51.17020430962336, 35.875993064461575, 33.20045242334919, 51.38729930364721, 21.07761920715738, 25.166413186790958, 20.80567462628158, 49.073814445091344, 49.39337209757153, 55.626840693725946, 13.701966869837163, 29.757374758152064, 72.70756856496054, 51.41292110927822, 40.545347257288064, 49.68773509569437, 36.598359820925204, 62.6779680474072, 68.39383526423089, 28.99017245030375, 47.606104560064274, 44.53545663759497, 9.019906346563264, 23.02865097823528, 33.165141322992184, 64.65154692310679, 57.2065942344259, 72.79616160876763, 53.862669941961165, 7.070112849616225, 62.780688709931795, 53.30896300102899, 32.75555686656389, 67.35168798964806, 44.725525885163314, 43.02037281171657, 17.703343328997175, 9.075209941369549, 48.358037115349596, 61.33831037524116, 57.698013998424756, 63.28186090876476, 79.85040930801115], [73.62266267909389, 32.12365829265447, 45.338004864902736, 100.73109590186178, 37.13402969534331, 0.0, 85.69349746482371, 27.885972699964537, 34.928994513318706, 54.81732234012835, 85.23510264365387, 102.4866893919428, 58.63612021884072, 53.052883925357, 75.50151197375818, 64.72832250199313, 46.243025353026, 31.380613846427394, 62.66649082583533, 56.31490453437482, 65.99255960754901, 95.29755196929307, 88.99901429926494, 45.14940695703549, 99.1373487191826, 25.879902810624593, 74.23584435756767, 49.775362273186296, 32.56679027842612, 52.612899351375916, 29.042167084622978, 51.53902186977261, 46.35625803701331, 29.639563938241107, 79.62363510964505, 94.84688965555114, 54.87543110574519, 84.91991148925283, 20.375686369860382, 70.30843002144314, 88.18812639260882, 55.55674266254576, 55.78537267246459, 30.9584630200431, 72.39734282635975, 44.10965798412971, 68.91756599004276, 42.36866123996678, 66.5735402361739, 98.94280181178684, 88.4957673037636, 60.87875713181936, 86.38741163555952, 70.85075698431369, 90.6251629246773, 104.57688077577303, 21.902669158427198, 31.34039537180595, 29.288683410824255, 45.93736676383789, 60.15337424498159, 33.0999837510124, 46.53152267585344, 91.2532117184014, 99.80883004362369, 64.7297789862985, 44.20390852614622, 92.0490538609571, 63.749536753901964, 40.529883384982476, 97.08514199287106, 54.83308353889387, 47.02784616268208, 47.61261627979547, 44.04390011039014, 64.45553534056268, 97.79699702712286, 48.8777367179908, 76.66905812176822, 103.22743753915248], [68.87098206849159, 74.45972573554239, 76.70481852889944, 55.199432316995555, 54.15859875931228, 85.69349746482371, 0.0, 64.470721365656, 50.96783476760066, 77.04779638360415, 51.07042778098658, 23.598083884753876, 73.38139768137334, 61.0398817918727, 24.250117165981166, 55.15701411206278, 81.80929569087867, 77.8789920186028, 34.47220407486146, 33.98141584219591, 29.098461004907175, 40.244006806938785, 28.91347384895677, 44.014260270573125, 23.95779254744473, 67.84222709205136, 40.84925002400633, 37.46464709558766, 71.0620710792137, 75.00058325524405, 93.52198310540597, 79.35108282655636, 106.38529875101648, 58.523459900012135, 61.90427828557325, 14.355505341194151, 31.476960922927297, 62.95099795762004, 89.78352210572231, 38.18484191543825, 28.34690585678598, 53.618474729234066, 61.697232854533496, 74.4238943101754, 23.22248428360272, 66.39120282335836, 42.097052527559484, 43.808501299317506, 43.0033575083406, 23.735769133235863, 33.72661214911239, 31.85248463307465, 46.25315273525532, 18.884823368027785, 13.478410624558299, 59.99782401729179, 66.8549445901491, 76.79242634883292, 74.82179096051745, 49.55466935005554, 39.05808866069083, 59.99770832319461, 87.1012076912839, 11.089315790970321, 22.49143460429288, 45.82114205406412, 49.09675728878295, 10.779965662079919, 46.42048867029849, 84.2305920232621, 13.962031971223444, 46.67860364257144, 54.76897857308582, 61.226277722690305, 45.10570447267704, 37.06600175618064, 28.0772428622911, 73.18922973913165, 43.7451963635003, 34.09184662298609], [47.56694720243125, 13.682186624770509, 56.068082269213505, 72.84828453854344, 10.6472717619522, 27.885972699964537, 64.470721365656, 0.0, 17.231513324119774, 64.02369471257529, 57.353346437378306, 84.71363405201473, 34.90522492684343, 26.229545362953402, 49.78475555003549, 63.03087890442157, 59.25692902200621, 45.14627239691256, 51.53538747008912, 43.015012655895205, 40.29864118692301, 67.89246662844255, 75.51860411901184, 20.565017774526982, 82.37707415066434, 3.375234204049755, 66.1132014535622, 35.14374197537719, 41.75622045946809, 61.287853942370944, 29.551116727488466, 62.38364907458026, 44.878562067421356, 25.78905728886715, 52.36513039870031, 71.11170120033586, 33.19258710290539, 57.583012386069164, 25.341735948256375, 42.86215417213645, 61.7227377881182, 27.77743481652473, 29.090211143745933, 12.923663454888938, 57.51991589954054, 49.54555106178986, 61.52356017210829, 21.954258812265675, 38.829026327954566, 82.15743681322641, 61.44955369184942, 47.898318016010485, 58.5495134371652, 47.18750443506292, 72.39546314179454, 76.69741132653012, 25.66425417618605, 44.4408578832089, 41.386731450303515, 18.526752245921667, 33.078547484937424, 33.24042249156756, 61.89193260076413, 67.82286112603401, 82.40514826438807, 59.00797496675185, 17.28708559451859, 72.75507420978491, 58.30984811167302, 26.36427859101189, 77.43747592708179, 49.215939395772935, 45.51844812012533, 20.749972070493538, 19.441687977375565, 54.79570282304339, 71.80372573654398, 57.303359297480625, 69.42373962669349, 88.74627899565998], [55.25102052879607, 30.694309040784116, 45.632083572626385, 71.9712830813243, 12.56717572818871, 34.928994513318706, 50.96783476760066, 17.231513324119774, 0.0, 52.09295598069146, 57.69403712990702, 69.31966577567978, 46.68073664359544, 34.70400400910255, 41.741017946158834, 46.931501160055625, 49.76661931707739, 38.088638624029805, 34.30937237454246, 25.867544784067334, 32.545699717972845, 63.67330297617641, 58.71733358859282, 12.77056688537494, 66.5538612758539, 20.20985578279707, 48.91505697888341, 18.041089020479138, 32.69904544194169, 49.30118684456701, 46.07948133920849, 51.41638076568421, 62.03780539867103, 14.375781784486465, 56.91000040865974, 59.96119694289892, 19.951538667446314, 61.57186681793609, 40.500733400375054, 39.82249277945102, 54.9335027394558, 32.27359952581722, 37.3993807685644, 30.0471723729019, 40.85822619615616, 37.12674490255753, 44.40553634872461, 7.49977945436062, 37.810600207571724, 66.34209666046532, 56.17077938252125, 30.77026627270374, 57.25471691695427, 36.075234617081186, 57.118396995772535, 76.45454268274766, 19.866652347399256, 37.121457329063624, 34.14507722828949, 19.120888385049465, 29.40938337201074, 21.21747856273354, 53.54036344415799, 56.34246994659527, 66.83707114802233, 42.13871776238262, 16.4233226303945, 58.03460630885343, 41.50221980075407, 43.222704421803016, 62.953169317878114, 32.63091860834284, 30.457513184932857, 30.229271643720327, 12.008055874488534, 37.57488288751366, 63.8840810211927, 45.535706780582274, 52.264320544556696, 72.25474502829931], [107.31824265635247, 76.50616542747723, 9.528499416397835, 118.97102983075001, 64.32681775585608, 54.81732234012835, 77.04779638360415, 64.02369471257529, 52.09295598069146, 0.0, 106.62899662007572, 81.0334378938615, 98.02914170074338, 86.70016461119222, 83.33115468106462, 24.735038525493167, 10.7609736538908, 23.545655472872348, 42.575721320437395, 45.10753430997637, 76.81504642153963, 107.3953123181307, 61.61693962675493, 63.23829289154066, 76.12244962949333, 65.20500524412519, 41.613034427347976, 46.590365267485346, 23.202335733304157, 2.7922853467106927, 82.52123635536715, 4.43689750220061, 100.34530700724572, 38.70802850140307, 108.25404447260594, 90.98576358863404, 60.81949288956749, 112.56917201084622, 73.99874176061635, 87.63970966887008, 96.00551363670813, 84.23132732468301, 89.44180556045005, 75.44301432179944, 54.28017113944769, 14.967074120629295, 37.55175067758055, 55.4304478119117, 87.36558030211522, 76.02945828055906, 99.31473809583838, 45.6398618028556, 104.84179344501263, 73.77468352034177, 73.16984361849894, 123.84975785647717, 39.04649264727885, 23.491120723244013, 25.628068447440747, 71.06583273754269, 78.31882284102393, 31.223893388232167, 14.884803786227849, 87.28413021102257, 78.09732313363867, 32.61989122792956, 68.35959496003704, 76.74067203417748, 31.744729857190308, 88.62450147549814, 81.36766584444749, 30.582450872725165, 24.472366944525387, 81.95890205167217, 62.90362704136899, 40.27213230966657, 101.59418633808707, 6.720663506429076, 41.30719002168878, 74.39523173876202], [24.63631468886237, 57.493424175641245, 101.87656521953554, 15.697672355377122, 49.13442516539422, 85.23510264365387, 51.07042778098658, 57.353346437378306, 57.69403712990702, 106.62899662007572, 0.0, 73.46320461003305, 38.539142826648586, 34.334562999580015, 28.270261222814735, 92.55631548426354, 106.45351912554031, 95.75008399214683, 71.09052940845572, 64.2192199033169, 30.74340245498437, 18.382380278112016, 78.76390013377745, 44.98331930953542, 74.78695339864133, 59.49501046318495, 84.11425624476894, 60.42851806172351, 90.08581437643855, 103.94206218854781, 75.8969419765597, 106.97772200297398, 80.7452818512583, 71.91869242441004, 14.121642205255286, 44.15887307159453, 46.124571582834584, 12.663361225498917, 77.1628292475896, 19.03206995901214, 24.42272595089218, 29.858021348014177, 32.36487843405587, 58.28101638051269, 65.97756779304747, 92.17708402784523, 82.70257118400296, 52.13743226996344, 19.88350285281624, 74.57430241622778, 19.21096459538968, 66.27534236005948, 5.493056252564723, 38.018350124111144, 64.54834646863365, 19.345901368307217, 77.21008216575775, 94.76496723306194, 91.81810353208593, 40.14027633103185, 28.60124766392963, 78.01069758235276, 110.67911309574014, 43.90363859264502, 73.00211090513916, 84.01169951702224, 42.441443337385536, 61.53030348515251, 84.05274604987201, 59.7603986717782, 63.109504209715624, 78.91892508888438, 82.34213218106491, 39.01923172323319, 45.688094311601375, 75.19655225244041, 32.44859990869256, 100.65000607714134, 87.74912880304973, 85.11921941877542], [92.38272798707229, 95.90469885409459, 83.42819639613661, 75.10077125946634, 74.99553450269158, 102.4866893919428, 23.598083884753876, 84.71363405201473, 69.31966577567978, 81.0334378938615, 73.46320461003305, 0.0, 96.82446604822137, 84.26333230144725, 47.74299196512555, 56.50461558433232, 88.28996520985908, 88.29460661364841, 42.204912923390424, 46.47097179409886, 52.4902860529703, 60.07314655072902, 19.89410497348148, 64.98188726517478, 5.120321479554503, 88.06702359252216, 39.60309346062142, 52.72059934843817, 81.70206794359989, 79.63399137791872, 114.2279262801415, 84.32254868796913, 128.18391237202547, 73.36599167551029, 85.06661097590394, 30.430106886962943, 51.73141466834382, 85.72706826021566, 109.58120122486567, 61.7484131803327, 49.465739515898576, 76.92380009250516, 85.0652554858242, 95.72859894245686, 30.60842112322902, 74.06846952674688, 43.50144563429989, 62.962852192596834, 66.60137512590488, 5.152640167188224, 54.95382745297558, 42.35393866303709, 68.3355522377929, 42.082896463476274, 12.323304613809297, 79.52915862457232, 81.73021028648262, 87.27585716458968, 85.97978568324334, 71.66354189834486, 62.355285093923214, 72.65136136916867, 93.6747067898291, 29.73823902170619, 2.960643117911761, 48.55204234993675, 70.81833344448634, 12.956958456313552, 49.50120598638106, 106.43454041206452, 10.355720939056765, 53.966444687050064, 63.32105877486881, 84.06085444386352, 65.98271849669565, 42.520585870412994, 45.380894186259894, 78.96683735370247, 40.730125044302596, 13.893399766529516], [16.991298856784237, 26.537971058625956, 90.56472670527138, 53.09227876021002, 34.114578471764524, 58.63612021884072, 73.38139768137334, 34.90522492684343, 46.68073664359544, 98.02914170074338, 38.539142826648586, 96.82446604822137, 0.0, 13.403986225815379, 50.374912947142256, 92.8925273556496, 93.9885453474623, 80.04754679589182, 76.13970445858497, 67.30024217509037, 44.334303348925104, 55.66707836638897, 94.41250934009913, 39.02267193249357, 96.25643048660459, 34.898238417469216, 91.31498771388665, 60.19378952002931, 76.42914876275252, 95.25052370193282, 40.402860263098816, 96.76109927279512, 42.363969945072014, 59.321124425974915, 26.5946707409089, 73.19204489498756, 50.02054524297033, 31.557805682490297, 44.23116283710597, 36.75848881185093, 56.198962712650435, 20.087244852007522, 11.886354631972795, 27.689744950737243, 77.2782612736852, 83.20051498096979, 87.81170359837722, 46.14762100111808, 31.227448221293113, 96.02442124076734, 52.87908891085643, 71.45745317169056, 42.68272069573173, 54.76123958989086, 85.29070947714636, 55.18008180920357, 60.49196646949715, 79.33144552377237, 76.26960124369849, 29.911536671412822, 34.53040330020816, 66.81562743219895, 96.77146513971762, 71.23362706881068, 95.33153296286149, 86.78262585688134, 32.238213521326735, 83.86751677671069, 86.35027930140394, 22.975367253819744, 87.30817775200157, 78.24187259691692, 77.12197154195981, 16.56303964201512, 38.71235808787113, 80.14945442238064, 66.54047401989799, 91.33773259671405, 94.99676389231627, 105.08641720995686], [21.44352011726901, 23.246925378507168, 79.76820066885308, 49.975307776433546, 22.38877858907162, 53.052883925357, 61.0398817918727, 26.229545362953402, 34.70400400910255, 86.70016461119222, 34.334562999580015, 84.26333230144725, 13.403986225815379, 0.0, 39.058647522418994, 80.06218175432049, 83.53318776539247, 70.30816599766857, 62.81741876014242, 54.010166070383704, 31.96986042918888, 48.932869214683066, 81.12955497492534, 25.86653287653803, 83.45157738421517, 27.382848090412104, 77.97267028948228, 47.03887440289948, 66.01847315783704, 83.90844694400825, 41.69950774674616, 85.78060210912662, 48.77989178423754, 48.20601486445814, 26.604800807067043, 62.24176203624298, 36.618240843327264, 31.927371213829336, 42.89419080672979, 26.50138131515214, 46.923626411471595, 7.516608828668894, 2.8815061379352738, 24.10089859766853, 63.90187865866958, 71.75358601451636, 74.5498583686829, 33.25890492171759, 20.914605932185307, 83.21946127134939, 44.5534585041058, 58.105061834613124, 37.08897649536609, 42.215296584201084, 72.51987441158604, 53.12396422929101, 50.63353050483585, 69.49619245607266, 66.41278575182594, 16.77766584564607, 21.984939681807383, 55.55391854431085, 86.74630634023009, 59.92645695611021, 82.64380718519034, 73.67139929355487, 19.261851389848825, 71.32779381330393, 73.27447227900356, 26.537240505080224, 75.00191152561509, 65.37575219915833, 64.86368082374463, 5.496308774426832, 25.65457920670504, 66.85397737656986, 57.525031008870194, 80.08177928404402, 81.66459231848782, 92.05440783052923], [44.64189705313861, 56.60379489928905, 80.18268276058967, 36.606012608973636, 39.222505645888894, 75.50151197375818, 24.250117165981166, 49.78475555003549, 41.741017946158834, 83.33115468106462, 28.270261222814735, 47.74299196512555, 50.374912947142256, 39.058647522418994, 0.0, 66.28602388755637, 85.1162454122666, 77.01233994670477, 44.280684230800986, 38.67632476594901, 9.542447402588861, 24.06473376601858, 50.6589355566191, 30.35229684814248, 48.16684028918189, 52.92148351504193, 56.324526714059004, 37.01969608976166, 70.5805138560354, 80.8161193270597, 76.40405818882836, 84.4448483398809, 86.89913455884688, 53.94350136792502, 37.82745450715317, 23.209564786388597, 23.680016635598946, 39.314573998601844, 74.44177599618108, 14.069555335462773, 13.37306760279723, 31.55928866606223, 39.156437938597676, 56.86983229141942, 37.907702528174966, 69.8904401233596, 55.393832173126185, 34.444198561139316, 19.257048252360754, 47.942147714792796, 15.9855505588413, 39.726640706183616, 24.29730627354053, 10.21530278598039, 37.426588048011915, 41.61288913270972, 61.145975651619075, 75.9406381050106, 73.31837024544751, 31.850522581575333, 18.01657517848634, 58.29866258795805, 89.90909166193883, 20.91005070980583, 46.740504213566204, 57.301772782122775, 32.557210952202645, 35.029352642265344, 57.4876993773684, 64.368736193368, 37.69545739598617, 53.71741261352727, 58.9250857172034, 40.5055680626903, 31.46131695741079, 48.21003238687218, 22.297191442285055, 78.00002968753009, 59.88680128954412, 58.08706821285606], [98.53160489967084, 76.68380685360228, 29.056915777379615, 102.87825368661338, 59.22026795121345, 64.72832250199313, 55.15701411206278, 63.03087890442157, 46.931501160055625, 24.735038525493167, 92.55631548426354, 56.50461558433232, 92.8925273556496, 80.06218175432049, 66.28602388755637, 0.0, 33.30836846559075, 38.65781081906363, 22.103484309771087, 28.375593463017008, 61.81316873318873, 89.80190161263796, 36.92644802559382, 54.317161840496986, 51.533303775558124, 65.31686550004636, 16.932557012521247, 33.568320602858215, 33.80063678733424, 23.701556619315973, 88.09657361467728, 28.403317395988992, 105.60732095781337, 38.50170978169145, 97.08328766576226, 69.4701413008833, 47.05540608230801, 100.64783937605718, 80.44284980676612, 73.77293136661088, 77.74781958322224, 75.66876687263661, 82.44867479690431, 75.84790509836841, 31.936918176028172, 22.520476905307472, 13.428265721292547, 46.807415869135504, 74.95561488565005, 51.44965768935208, 81.84123697111028, 26.56179942415417, 89.75456236420494, 56.12749616245047, 49.418067839994244, 107.87910975210764, 43.712026297225584, 37.93373645229769, 38.161108985664185, 63.30842092930827, 66.11657074742642, 32.38166988099155, 38.487556212055594, 65.97066665238178, 53.59088676663075, 9.379534291510383, 60.80228390843935, 53.24558005066231, 8.936703508875674, 89.37687782317411, 57.60386301765096, 14.691311155006472, 18.218549520391303, 76.33921096085794, 54.43233582932733, 18.508940366715574, 81.65890956161238, 24.01052334451322, 16.642167086844648, 49.705694780122045], [104.67042430726504, 70.83669799303449, 5.107784581711002, 119.66384886611094, 61.26518848256217, 46.243025353026, 81.80929569087867, 59.25692902200621, 49.76661931707739, 10.7609736538908, 106.45351912554031, 88.28996520985908, 93.9885453474623, 83.53318776539247, 85.1162454122666, 33.30836846559075, 0.0, 15.132118075383756, 47.76071836130966, 48.40383287278875, 77.73669644066773, 109.0499291346254, 69.42386225095134, 61.881310963266934, 83.54025701113164, 59.94072051155728, 49.62681584117761, 48.13530912022768, 17.566823685314645, 10.179546405095625, 74.74202143699397, 6.382482189959501, 92.41041681930145, 35.51869808107264, 106.66614219035826, 95.2676482737164, 61.764576350742196, 111.2667994738116, 66.09335845165577, 87.72370809694435, 98.20198111917303, 81.96059599077383, 86.36080172813747, 69.71529408366159, 59.90382790808283, 15.531753730384732, 45.01922074969251, 54.37979050708034, 86.7609095302471, 83.42690488592183, 101.02195474078928, 49.95799444722689, 105.2032671133348, 76.12292049465223, 79.48447877743247, 124.4227369688684, 33.6050217073631, 15.474504227378059, 18.273934452685975, 68.86165598445173, 77.86105904303191, 28.63123837759874, 5.395532226779322, 91.482021030568, 85.33093630800848, 39.85237698509056, 66.17558562550583, 82.76270978134536, 38.86199077545249, 82.45036102600864, 87.59792636498005, 35.33558243948424, 27.138312739240288, 78.48451686712716, 61.36526591202906, 46.23544395082836, 104.69976585253346, 9.396260105851619, 49.88534794788873, 82.78127105332432], [91.67969657223837, 56.11669257570156, 14.02025253448513, 109.76242145093632, 48.47630011839935, 31.380613846427394, 77.8789920186028, 45.14627239691256, 38.088638624029805, 23.545655472872348, 95.75008399214683, 88.29460661364841, 80.04754679589182, 70.30816599766857, 77.01233994670477, 38.65781081906363, 15.132118075383756, 0.0, 46.13693765715264, 43.950740203403456, 68.75142259211714, 100.37955470339543, 70.98222140452704, 50.76715821801209, 83.95366102718837, 45.50865704177738, 52.51786086733615, 41.28723197764478, 6.8171995501322655, 21.52085517277342, 59.644290199966456, 20.158524033048636, 77.35378467446431, 23.84912517812539, 94.57233469051046, 90.31043121287514, 53.33681884617001, 99.39837225165442, 51.012310999808356, 77.5602102732732, 90.36113157884866, 69.51540858845317, 73.17556297439383, 54.9750059180201, 58.14682521569727, 16.1424633604929, 47.28574773701239, 43.897483981324825, 75.87116348526088, 83.8056916825817, 92.52776984018492, 46.85719850339914, 95.09091860006453, 68.97340855612259, 78.0775965970251, 114.34644322739075, 19.68257103150244, 1.093802085593862, 3.9570209797414093, 56.70208062290101, 67.29522262797421, 18.742562855818676, 16.810705803942916, 86.48222585376617, 85.36356037899587, 42.211835880957686, 54.09553076276283, 80.78029479320949, 41.142989181567, 67.50109041351665, 85.83566439161267, 34.50038599262508, 25.069324408877172, 65.07268779004035, 50.074331473266305, 45.945161412124435, 97.9356035820121, 18.069948184962346, 53.8254109725637, 85.09727123545548], [79.35165046199732, 64.85143036838106, 42.6947769968279, 80.88651866700364, 44.70196105252816, 62.66649082583533, 34.47220407486146, 51.53538747008912, 34.30937237454246, 42.575721320437395, 71.09052940845572, 42.204912923390424, 76.13970445858497, 62.81741876014242, 44.280684230800986, 22.103484309771087, 47.76071836130966, 46.13693765715264, 0.0, 8.918014224977599, 40.449936576676386, 67.70011163101313, 26.381286204233792, 37.24254774783494, 38.0182336333269, 54.5005780489344, 15.206314342774089, 16.63685547943779, 39.505418675653964, 40.54516999777271, 80.00779412816108, 44.94463061320288, 96.32285866756149, 33.03461950439096, 76.71130862205064, 48.472127524668146, 27.046685034853393, 79.89499483602333, 73.666912209574, 52.62270999273983, 55.64991459660293, 57.340969539355896, 64.85756695055284, 64.26951234553813, 12.210566860229424, 32.66319920081806, 11.997082448732725, 31.035526131585378, 54.43510814477105, 37.85725756219836, 59.74876669334387, 4.935850177851202, 68.0180961420296, 34.08818458598243, 32.09117038127739, 85.89356357406702, 40.98237596025047, 45.10687486145509, 43.775161611062835, 46.28869876666888, 45.98190471236229, 30.895225665999124, 53.12342940590262, 44.81369654912576, 39.291948912797395, 13.023838560196433, 44.1485450942471, 35.112956212335234, 13.223362264099631, 77.17582031583795, 40.05170726401966, 12.426793894335296, 21.369509524299406, 60.008576336093824, 37.70638796462035, 4.198461307681362, 59.86382063848705, 38.88205414838964, 18.86061141165288, 40.68676033037532], [71.00612517433551, 56.17905408608562, 43.307808548413064, 75.03078241782944, 35.84261966812961, 56.31490453437482, 33.98141584219591, 43.015012655895205, 25.867544784067334, 45.10753430997637, 64.2192199033169, 46.47097179409886, 67.30024217509037, 54.010166070383704, 38.67632476594901, 28.375593463017008, 48.40383287278875, 43.950740203403456, 8.918014224977599, 0.0, 33.49074081491764, 62.63392869317752, 33.21986399128295, 28.350123485045998, 42.884589100284764, 46.067206813295435, 24.115874364258666, 7.882770276249014, 37.13583390751128, 42.73417211523265, 71.86356046137466, 46.71107431997726, 87.8828728703956, 26.921227029807678, 68.89918770815557, 46.95237758005609, 18.860150293079332, 72.33770856582949, 65.85681752803805, 45.39824524952505, 50.99823524295782, 48.7050844652772, 56.102828303061294, 55.63470858534811, 16.084608902043556, 32.87321124130647, 20.555162069009697, 22.153835487512048, 46.684593537518595, 42.69546344225695, 54.56712419535426, 4.909874962408579, 61.56669305972015, 28.813240848977077, 35.10462930694656, 80.00387408632189, 35.26235458040366, 42.86899516065588, 41.01466582929888, 37.41817452150193, 37.96992491456542, 26.61308334863658, 53.579697283574596, 43.14601084314813, 43.70204414267995, 20.326717178780342, 35.24811345949777, 37.2939973665002, 20.17518289642826, 68.4128939207824, 42.406075045829894, 15.041324619743204, 21.29242564098568, 51.115646946165434, 28.796898572291408, 12.849279735130784, 56.561112690745404, 40.329098484383174, 27.74642272130571, 47.178898722352244], [41.650637885033156, 47.64644389169794, 72.92055600126939, 42.157113384010984, 29.708655730464262, 65.99255960754901, 29.098461004907175, 40.29864118692301, 32.545699717972845, 76.81504642153963, 30.74340245498437, 52.4902860529703, 44.334303348925104, 31.96986042918888, 9.542447402588861, 61.81316873318873, 77.73669644066773, 68.75142259211714, 40.449936576676386, 33.49074081491764, 0.0, 31.628137585624987, 51.85924505048867, 20.849559806148395, 52.04381001800241, 43.46554359520568, 54.01092493373924, 30.23687334196781, 62.49566182139922, 74.20312035825711, 67.3669573157481, 77.56252089875213, 78.577098149017, 45.30007967192763, 36.963410448558136, 31.599062210626183, 16.03325091941857, 39.668603511177785, 65.10415250281174, 12.242955268312173, 22.40977627229614, 24.523965478370926, 32.603962026562144, 47.84096262157196, 36.641074286578004, 62.826049824742306, 52.20786709820809, 25.42428671186655, 15.217972230528742, 51.81240289937897, 23.830136762139315, 35.592170900789675, 28.19028796121097, 10.470682358897154, 41.06933855555809, 47.038588247266865, 52.18287952853002, 67.69658118321996, 64.9715268941157, 22.618307472467723, 9.993463786563714, 50.175714276839585, 82.34188731611538, 28.751723587424372, 51.030518466623654, 53.30812150489903, 23.13433977873834, 39.533328704241924, 53.328109147660015, 56.11992634229038, 43.05585269382878, 48.289319528288466, 52.35414549700486, 32.536557472871216, 21.949233436224798, 44.59388370552776, 31.811104771376364, 71.1441970704622, 57.71338561727963, 61.235212698731694], [42.9270946359516, 71.00993139705376, 104.15075158430538, 15.09183637462319, 58.165238022666436, 95.29755196929307, 40.244006806938785, 67.89246662844255, 63.67330297617641, 107.3953123181307, 18.382380278112016, 60.07314655072902, 55.66707836638897, 48.932869214683066, 24.06473376601858, 89.80190161263796, 109.0499291346254, 100.37955470339543, 67.70011163101313, 62.63392869317752, 31.628137585624987, 0.0, 69.1471805639272, 51.2274819421732, 62.32687812267883, 70.5812542587726, 78.5069387425613, 61.03320029061592, 94.10523880645354, 104.8804083176203, 90.37004221011466, 108.49198771051644, 97.16006254933248, 76.87296272680058, 32.50390695817189, 29.655446099333748, 47.34184043500328, 30.471321556696015, 90.37799829510676, 25.033615887324743, 12.30787814497782, 42.78944421048326, 47.59185404769282, 71.60902133144695, 59.81819315397249, 93.90009231762792, 78.2569805124399, 56.85318687585723, 29.417832693006034, 62.13678953885269, 8.081229397246553, 63.350866399416205, 13.260922747259078, 33.85078397259212, 53.20876218063463, 19.77331535306931, 83.50310358507504, 99.3244544628001, 96.5966608069078, 49.43130047654902, 35.18137084397919, 81.78575069138205, 113.77012898411945, 30.658678030507446, 60.18612391920777, 80.63933382528779, 51.09517244869277, 49.527407980043755, 80.91253311186318, 75.36109232170102, 49.90077800960531, 77.65841257567384, 82.98710209880693, 52.66709795875098, 52.20293242249082, 71.455060700926, 15.467305059192753, 102.0478346047688, 81.87295252928973, 72.90743560106667], [93.50942345743051, 88.10544165659702, 64.71488668468169, 84.05527013654701, 67.10693881758856, 88.99901429926494, 28.91347384895677, 75.51860411901184, 58.71733358859282, 61.61693962675493, 78.76390013377745, 19.89410497348148, 94.41250934009913, 81.12955497492534, 50.6589355566191, 36.92644802559382, 69.42386225095134, 70.98222140452704, 26.381286204233792, 33.21986399128295, 51.85924505048867, 69.1471805639272, 0.0, 57.93918049148019, 14.799750402987915, 78.71180257231384, 20.004989366068326, 40.76670717880052, 64.67688291971567, 60.38185526453156, 104.78770125301399, 65.09310066200639, 120.28510487220443, 59.359989875486576, 88.11905951066204, 41.690920558169914, 45.04252321348812, 89.94461879530617, 99.02241742472908, 63.303253771547865, 57.142458984043884, 74.41824241682328, 82.55921897913821, 87.69999970940476, 18.04409212820198, 55.91127927555707, 24.410623665791174, 53.73025562225242, 67.06169734873343, 14.747624067052577, 62.428872344494145, 28.389871614764793, 74.31454220697692, 41.91446075717929, 16.93286814007108, 88.88404403451264, 67.36258773419274, 70.02122651220482, 69.10395800574862, 66.11979663555482, 60.56602491202927, 57.13927901484886, 74.76625250003742, 39.307178351171935, 17.106361597409588, 29.59948731143667, 64.5979999408284, 21.202079949442698, 30.614948893672576, 99.78797633155457, 23.841786045302253, 36.552175519440475, 45.96104828480341, 79.6377115359523, 58.730799233889954, 25.30261396030696, 56.54585594582758, 60.035195342474886, 20.85754316402021, 14.335960566658555], [44.64695826306589, 30.93140971051207, 57.51556585891504, 59.20265896370075, 10.147563650313286, 45.14940695703549, 44.014260270573125, 20.565017774526982, 12.77056688537494, 63.23829289154066, 44.98331930953542, 64.98188726517478, 39.02267193249357, 25.86653287653803, 30.35229684814248, 54.317161840496986, 61.881310963266934, 50.76715821801209, 37.24254774783494, 28.350123485045998, 20.849559806148395, 51.2274819421732, 57.93918049148019, 0.0, 63.05393445044595, 23.914596914264134, 52.44817925529683, 21.18205958121847, 45.16663700953178, 60.46967174958288, 49.545366271633426, 63.00956280366034, 63.257309357321155, 26.939250192314187, 45.030526877494175, 50.700890514800086, 13.310351852997929, 49.460868479000226, 45.9021545543338, 27.07650487347229, 43.15413850696081, 21.50810618773625, 28.1575813845586, 30.747647089447202, 40.02474149601354, 48.36831713490212, 48.80622415324466, 7.867924256247956, 25.108561484094196, 62.82801432625397, 43.921284973502814, 32.69002358410167, 44.4849425776964, 26.674062326438275, 52.678691487467596, 63.68555541789384, 32.56897800147889, 49.78180978099978, 46.83745722597944, 9.11380925098777, 16.642306797870834, 33.26467259575923, 65.89208191504339, 47.34108449303034, 62.83487164983155, 47.80670611154727, 6.917852130422884, 52.68025412311902, 47.40824367282744, 41.97509861396959, 57.220866271466264, 39.62802130027669, 40.01459630812183, 22.766511444733933, 1.1431521686766404, 41.18794051857864, 52.647667850125494, 56.88650878132662, 56.09456260794122, 70.28945157970375], [92.70905474718249, 93.96388796619495, 78.71659528912562, 77.41393359047497, 72.93152747057015, 99.137348719