instance_id,num_cities,city_coordinates,distance_matrix,best_route,total_distance
550,71,"[[66.9156670335725, 1.9071260731571171], [40.59086182237891, 12.03190616629004], [76.85210628387065, 66.35914191816192], [23.00498802313038, 46.63417690847746], [6.495656544216777, 67.81881950043831], [11.949774279356973, 81.20653802172586], [11.118004204223542, 25.40275864689756], [98.82884109223599, 48.122517001035526], [52.570035021750925, 32.10096478634779], [91.76321241551993, 67.06699665039318], [2.4852070331607745, 28.208284307948805], [66.22457052063112, 6.863411494022986], [8.993165558754379, 11.380288066307164], [26.83057691697668, 32.85092140155798], [43.8007618019978, 83.11325147215375], [93.38067958642662, 7.024312197696247], [57.57788176617713, 14.178629543084453], [71.41045353530366, 90.2310004537001], [54.31659667080455, 80.2921496706537], [29.530878691122673, 17.2416406264979], [98.54250706723188, 62.65884478843613], [58.78327846697336, 31.884450466935366], [2.7268433877835507, 72.29767337683869], [39.04794861220987, 25.420404896553915], [62.635561516103564, 14.044244368199898], [31.497234365440974, 37.83189520082691], [30.276987755398054, 2.8245743608263374], [58.07044455507682, 55.58872960926933], [98.37124875284216, 93.10053521135306], [34.33029862069369, 63.57463891734607], [57.69010833936948, 70.76857004773665], [84.56527624125034, 55.19551911883603], [79.94521110380481, 22.514565423978226], [71.75479522346932, 55.353540378630264], [32.79265417017484, 3.110672567746031], [89.95012981129881, 58.7793439611258], [9.554500256647136, 16.862657842618567], [40.04226438892684, 3.385604037360146], [40.61506759820402, 59.56844622643177], [76.99194346282437, 40.35316002875614], [60.7517698444722, 47.0678772558378], [15.619184278480914, 59.1259303206302], [42.98711427440026, 12.493809198326822], [89.558333989393, 36.75106384235921], [25.25354117352362, 14.429422299612526], [30.273080735743918, 40.307421235743966], [0.7619767734266647, 77.67858088631556], [39.745916127056155, 6.769570437431993], [94.37515039047848, 19.483301004437624], [95.4073501965308, 61.91152961839494], [10.158231470826651, 43.28887281317301], [83.31890066155583, 31.043833174440284], [34.24862490897011, 92.82984129822364], [95.078669299486, 66.54589108684999], [78.03264446979433, 84.97444363654682], [53.11310270857148, 56.854494019672444], [54.94470160804952, 13.289787235597073], [8.88012675483234, 7.1268611054142506], [10.549155891327121, 85.56724296804062], [25.815454584195365, 95.94275238702798], [22.73970421695658, 5.101455701929747], [84.10512472772194, 76.05562308398184], [48.911333067187456, 64.29923851424228], [11.65975006510288, 63.31167295245211], [8.996038024076192, 65.04503928824887], [66.76083886573142, 48.07672628810522], [75.97981368317373, 34.24487162449152], [86.9514758426009, 46.32025904427704], [23.347768363603937, 70.36844149855203], [43.6100017277232, 23.18319524465742], [25.594858537756572, 81.4560370644959]]","[[0.0, 28.204725514381202, 65.21345851478524, 62.67899813800004, 89.4143668432862, 96.48650735546774, 60.54274462937672, 56.16327124656449, 33.428506608234414, 69.73671375358958, 69.59191835519557, 5.004236161822033, 58.69205206200215, 50.639242875279756, 84.43182839535245, 26.955193994032054, 15.420247440051822, 88.43816987752564, 79.39111095321739, 40.4075455329372, 68.49108217406892, 31.06083903580142, 95.26297408091996, 36.46209005308328, 12.869690895609352, 50.448532283341436, 36.6501641280019, 54.40544567322669, 96.4660121055289, 69.74731804873396, 69.4766824156446, 56.13520765593111, 24.381049511370428, 53.665038560971325, 34.14423129959495, 61.35988626908498, 59.27875997790117, 26.91404218603892, 63.37625243321146, 39.74454520552185, 45.57945892550496, 76.84608449722114, 26.16588421477941, 41.55466720040282, 43.503340491985824, 53.0778842755399, 100.58640116605139, 27.601426222530865, 32.60283962238826, 66.42517936955947, 70.2414084063956, 33.436712968833646, 96.6130207843078, 70.5076211421521, 83.80791391327251, 56.65442636013122, 16.518746573453615, 58.26979980446341, 100.87714675393255, 102.62517468743182, 44.2913019965804, 76.1148938433421, 64.93790677588969, 82.60590013720537, 85.68009984677974, 46.16985981968857, 33.58405189711816, 48.7233005341625, 81.1487122774728, 31.556697462483832, 89.6406071747388], [28.204725514381202, 0.0, 65.31712175483189, 38.81468920136725, 65.3809048752905, 74.86949704640817, 32.36400828448521, 68.51419137566575, 23.37237053522528, 75.1496550213024, 41.397054686257555, 26.149576646747146, 31.6044144909615, 24.955497110740133, 71.15378491950088, 53.026793764243976, 17.122128016910573, 84.0532306382249, 69.62655126030806, 12.22556992575601, 76.95115399287938, 26.92744953722135, 71.17335589594899, 13.477109461022845, 22.13635673785028, 27.355684866363664, 13.82573532386049, 46.93327903473293, 99.55247726239706, 51.92155574565422, 61.17499420000666, 61.618557323259715, 40.72653867538049, 53.36623216843592, 11.849069647304999, 67.9827939760058, 31.4100605061051, 8.663688570622089, 47.53654622297504, 46.120843064027206, 40.422536813798956, 53.305082219296814, 2.440364772902426, 54.852986123288396, 15.523578462949338, 30.099191999032776, 76.78428215487521, 5.329738319210468, 54.29800163735843, 74.11359007224857, 43.625026694302136, 46.76685441213086, 81.04646994564263, 77.0759087885529, 81.99085839540963, 46.53891810824588, 14.408850800019462, 32.0878510588252, 79.4351927913232, 85.20177681559521, 19.149281226525954, 77.41141649751701, 52.92545958711157, 58.87804097586099, 61.714059777755054, 44.54320100827521, 41.782696756586994, 57.66279281666265, 60.8315348039181, 11.552768234382524, 71.02527765157716], [65.21345851478524, 65.31712175483189, 0.0, 57.34619769103637, 70.3715899963376, 66.5789596695551, 77.44932218476913, 28.557859884892846, 41.990971472132124, 14.92789819067811, 83.58183798266218, 60.43745903908227, 87.33561820470757, 60.20759289651426, 37.05525008695242, 61.593958740891324, 55.626446969800895, 24.48422378954934, 26.49486551299309, 68.2043071515375, 22.00376524577315, 38.922832493717046, 74.36276457542257, 55.72373395769676, 54.212163310432, 53.580483499207645, 78.77742659314856, 21.65069510658686, 34.32456274828598, 42.61288049294213, 19.662787738643573, 13.569062782559946, 43.953545765744835, 12.128719853860567, 77.08180197510663, 15.133127812668157, 83.53962959479716, 72.9426551035506, 36.867825006151136, 26.00635784704808, 25.12715116629136, 61.65865784569763, 63.6263448016624, 32.21934992900095, 73.20592668020723, 53.36944604853761, 76.92748213395453, 70.19819354663409, 50.04399600482472, 19.08083676957984, 70.57131325230239, 35.90251329903859, 50.157298082443575, 18.22751970549484, 18.652697619243384, 25.57105047553439, 57.41333282482439, 90.15904331444628, 69.02921393655328, 58.99093002392461, 81.73528110930879, 12.109005885948994, 28.01660239892769, 65.26354554000015, 67.86879154220907, 20.882538144932006, 32.12611478028664, 22.44001096962932, 53.65434427342681, 54.49036507929768, 53.43427448338678], [62.67899813800004, 38.81468920136725, 57.34619769103637, 0.0, 26.857905868287077, 36.29691314513352, 24.332560607324115, 75.83845891417118, 32.94398668372512, 71.73000449044886, 27.57852298442639, 58.733687887870964, 37.93636576254097, 14.304309237210518, 41.99032136200061, 80.75691515541314, 47.419906543088736, 65.14424084048778, 45.9703814054713, 30.10827856417689, 77.21856489213573, 38.69936042345289, 32.70807546820257, 26.597005610343214, 51.30970725273913, 12.231042931791514, 44.40904474866871, 36.19074820814132, 88.5392326051571, 20.37748544853365, 42.25549080950668, 62.152760726623136, 61.83805189881191, 49.52343890921604, 44.610467815342034, 68.03790922548039, 32.668929713798626, 46.48341469118712, 21.84971911558133, 54.35110422696901, 37.749273289154615, 14.511857230020825, 39.55818596581478, 67.28316121573602, 32.28315676459398, 9.636026620013636, 38.19039889545088, 43.23708504134075, 76.36013448585723, 73.99661853160228, 13.27517282012628, 62.29628299907667, 47.544282293780384, 74.77360426144305, 67.06727239713555, 31.7954942053911, 46.17351650614841, 41.95640246507837, 40.87702761813745, 49.38860534591738, 41.53356842746162, 67.81480812018772, 31.35591036913467, 20.17060481545009, 23.134617646351597, 43.77962347568346, 54.404292469728794, 63.947258337407675, 23.736739750721515, 31.217224904902768, 34.91803794613659], [89.4143668432862, 65.3809048752905, 70.3715899963376, 26.857905868287077, 0.0, 14.45608548238411, 42.667180785953526, 94.41059951576706, 58.29762857499386, 85.27087030084574, 39.81304062133636, 85.34110926177645, 56.49376409586376, 40.4507463963295, 40.31861266997605, 106.04234695266082, 74.07201706642049, 68.6748623841051, 49.42090934134962, 55.575826419441285, 92.19136635409407, 63.44504932753311, 5.8535531648948815, 53.453505776541945, 77.73926846134606, 39.04221462086077, 69.20840711534892, 53.00503614857013, 95.2905535348239, 28.156355736271625, 51.27936156873933, 79.08358383484914, 86.29781284845144, 66.43898226750993, 69.8475222438315, 83.94260674003363, 51.04788865129422, 72.64305990800648, 35.10274732597704, 75.65770892331494, 58.08896138242532, 12.601788786133175, 66.27581196939431, 88.68265797771002, 56.588744192055806, 36.362658534029755, 11.405699377960293, 69.5168366187874, 100.29520321008565, 89.10771763362268, 24.801869678980037, 85.17165288985305, 37.360118635040386, 88.59215820571428, 73.56531846572581, 47.88948444214743, 72.9433021417141, 60.73878095589872, 18.205422064384013, 34.120524575612265, 64.78685674292831, 78.04533608743303, 42.56145045953766, 6.854358605842104, 3.7344027916599507, 63.41642093850652, 77.17031857708024, 83.27861046308026, 17.043891724204126, 58.05009535826554, 23.468132002344696], [96.48650735546774, 74.86949704640817, 66.5789596695551, 36.29691314513352, 14.45608548238411, 0.0, 55.809977906933455, 92.96518002550297, 63.72882319292544, 81.05622454387289, 53.836724731986195, 92.0470204240521, 69.88881683047262, 50.59351683621574, 31.908007809160765, 110.15441419814401, 81.08430617480761, 60.14161038552828, 42.376688705053866, 66.33704343064626, 88.55686475902661, 68.01503830223065, 12.823038777593244, 62.01938165793895, 84.14168239708069, 47.57586400326965, 80.49608053274989, 52.75782723481888, 87.2361073141054, 28.491608164864864, 46.916194808909694, 77.13354801604962, 89.82275366722085, 65.15380278433196, 80.82938724962091, 81.16054766043132, 64.38844814209443, 82.73624215998264, 35.91526218193473, 76.80808724038933, 59.557391900803644, 22.38342704304584, 75.39731809770083, 89.43924040810366, 68.08945144248733, 44.81608319976276, 11.730869302101738, 79.45745808143266, 102.97427161651682, 85.65900026999758, 37.95996523315974, 87.23444937726242, 25.14636988631246, 84.41177498321379, 66.19020203420136, 47.82720621622514, 80.38189356655315, 74.14324829645604, 4.580117847577867, 20.233959180944293, 76.86615733182745, 72.3389696016071, 40.64497022587178, 17.897215143489994, 16.429199590300755, 64.04558709698006, 79.4055669135323, 82.71824283841077, 15.72827407537653, 66.09900384353355, 13.647365100676677], [60.54274462937672, 32.36400828448521, 77.44932218476913, 24.332560607324115, 42.667180785953526, 55.809977906933455, 0.0, 90.60561973335841, 41.98972284242668, 90.77201295473884, 9.077233126428249, 58.14156038531667, 14.18254633176999, 17.388503951561365, 66.32242174656182, 84.29065817113947, 47.79645695248533, 88.5318043535888, 69.84957865336447, 20.14045168841039, 95.03188757164563, 48.103957211367806, 47.63973769213898, 27.929949982471037, 52.75485340707736, 23.870409662175824, 29.611502095806774, 55.81867517096394, 110.4360341375585, 44.675530835775724, 65.01551912913854, 79.25976498968011, 68.88777881228778, 67.63039073858423, 31.09224264839727, 85.60666139365352, 8.682042751641672, 36.35062481351162, 45.13724578051746, 67.5491700535581, 54.15614513580686, 34.02224169270648, 34.38431550185046, 79.25698308423988, 17.89490195561563, 24.27068033277519, 53.291733833256416, 34.15776696317879, 83.46731318222903, 91.85632371078289, 17.911846461736193, 72.42093047640103, 71.28419943476682, 93.49946860924018, 89.58992540669264, 52.46713215289116, 45.469808463831356, 18.412401430158138, 60.16717345888997, 72.05488022701428, 23.392452040120073, 88.84161433693852, 54.23349382636983, 37.912785078435725, 39.699032166003065, 60.085221625308456, 65.46172386052913, 78.66547682181145, 46.59913910910413, 32.56771967399118, 57.89256716328211], [56.16327124656449, 68.51419137566575, 28.557859884892846, 75.83845891417118, 94.41059951576706, 92.96518002550297, 90.60561973335841, 0.0, 48.954747210405564, 20.219209128503483, 98.3802443962374, 52.586616612453895, 97.05895108463194, 73.60007932335678, 65.21074305052076, 41.457748393401715, 53.42124241421394, 50.24830698546438, 54.92017088039165, 75.86722690731217, 14.539147592504518, 43.21252006930046, 99.09607534398685, 63.946391608228325, 49.711992035262064, 68.11345066465739, 82.16605262120737, 41.436592753165144, 44.980345851012835, 66.3236764109912, 46.95997286099911, 15.920949758625696, 31.817584218681482, 28.023055843205313, 79.91773346693495, 13.87081377812953, 94.58904125866249, 73.87322236110671, 59.32834668391863, 23.17785593708161, 38.09167389075243, 83.93403416817715, 66.23974089388174, 14.671477392676984, 80.92310787832815, 68.99976811466433, 102.42397565860502, 72.11697589287365, 28.983444477265127, 14.207162591843966, 88.80225856793975, 23.070320617885937, 78.54520461550345, 18.80118350479559, 42.31484716631221, 46.54219761267897, 56.02799979634822, 98.85046794661133, 95.89270213064013, 87.27960541698303, 87.40920126466334, 31.57603900149275, 52.47326868365102, 88.48254567434796, 91.4128233216982, 32.06803491934754, 26.733258214014832, 12.013323395960775, 78.69100010175399, 60.58952046709085, 80.46328206462194], [33.428506608234414, 23.37237053522528, 41.990971472132124, 32.94398668372512, 58.29762857499386, 63.72882319292544, 41.98972284242668, 48.954747210405564, 0.0, 52.52359982462058, 50.23587319788093, 28.694606389931778, 48.25235741320287, 25.75038132634401, 51.760540431080656, 47.89934461802393, 18.608832031795522, 61.10697518658138, 48.22282424482518, 27.415365015163054, 55.20192221467073, 6.217014762738636, 64.03217264601632, 15.082330765111125, 20.672686711399507, 21.83818881950101, 36.79792103865934, 24.123217061809417, 76.28039572050133, 36.37691778153178, 39.005113093392985, 39.45952230463778, 29.005160200528017, 30.1452698722743, 35.09390027153166, 45.92393060125422, 45.63487952914041, 31.32917138982692, 29.95636464525403, 25.778447164695574, 17.057234640430597, 45.77897042071359, 21.823677973771186, 37.27945388213715, 32.53420123532665, 23.75921080103719, 69.00285493237074, 28.392561791524738, 43.66775824685701, 52.189130544483234, 43.862630637695375, 30.767032118481445, 63.43240899505058, 54.71231064399731, 58.68517057678229, 24.759485697758887, 18.960470517419935, 50.32408905323353, 68.00292041887502, 69.221249760749, 40.23458868589357, 54.09689333802274, 32.40547686809665, 51.456386576049766, 54.626049272670045, 21.368291211497617, 23.507744968572506, 37.205803339145746, 48.14914996714836, 12.641550942379885, 56.24574033581447], [69.73671375358958, 75.1496550213024, 14.92789819067811, 71.73000449044886, 85.27087030084574, 81.05622454387289, 90.77201295473884, 20.219209128503483, 52.52359982462058, 0.0, 97.36817637177657, 65.39643641297044, 99.75916083047252, 73.39609634183982, 50.57547787870544, 60.064466669863094, 62.974726731303505, 30.835140120256305, 39.71339450540172, 79.7209474585737, 8.086447848889255, 48.223309708082425, 89.18988164954494, 67.18137868906476, 60.49654788909119, 66.98267885878431, 88.92493826023167, 35.59428634437076, 26.859100398940324, 57.53899677175051, 34.27357680488136, 13.88316476712442, 46.09321298399727, 23.184948056048103, 86.99389708440604, 8.483658151272369, 96.32625805016109, 82.03887023786226, 51.69488346745558, 30.52571790343978, 36.90087189884641, 76.55699546996267, 73.19385587978346, 30.396007482813108, 84.81892832530008, 67.06050380341989, 91.61785092646444, 79.63402991855509, 47.65532825730991, 6.313365226645104, 84.99865933179142, 36.99965821211546, 63.02104363144761, 3.3561593165095167, 22.5655745256816, 39.976570517512236, 65.17354517380998, 102.28599971544162, 83.29455018744271, 71.99247205326976, 92.75760318740906, 11.808544033733032, 42.94116962524743, 80.19144054449328, 82.79186837074032, 31.3966407686548, 36.4198787307172, 21.297416043834996, 68.4950547332162, 65.14997870576319, 67.71481033667305], [69.59191835519557, 41.397054686257555, 83.58183798266218, 27.57852298442639, 39.81304062133636, 53.836724731986195, 9.077233126428249, 98.3802443962374, 50.23587319788093, 97.36817637177657, 0.0, 67.21837585980887, 18.042587998387365, 24.78408993614182, 68.71339378286591, 93.33138595911593, 56.8509808363868, 92.72274221288755, 73.4793983568838, 29.184510087822108, 102.0482533278021, 56.41796739333262, 44.090051220154216, 36.66887431308473, 61.7955109359772, 30.566511357145345, 37.639285412884284, 61.96295195733035, 115.78055632954461, 47.59084887429509, 69.70623394274455, 86.40282752284637, 77.66898135905912, 74.39852670045154, 39.3501139391599, 92.65366913891621, 13.367802608148883, 45.01886285814173, 49.36948472754308, 75.49007735903584, 61.24276763834701, 33.5916982786828, 43.44363265369157, 87.49119110007405, 26.613043376735124, 30.30767294445828, 49.50030066655786, 42.988125041711086, 92.30323409208155, 98.84550285435319, 16.92038574279316, 80.88341216209598, 72.0059743563034, 100.21637265436742, 94.49768329521014, 58.17034597944488, 54.53952810531595, 22.030011404694875, 57.92303004640938, 71.63978375699044, 30.72735238181664, 94.61066954849973, 58.80426986238417, 36.28250451901028, 37.40771895840385, 67.27638392627097, 73.74210190298601, 86.38630791646318, 47.03961436494644, 41.4306680945881, 58.04635360025844], [5.004236161822033, 26.149576646747146, 60.43745903908227, 58.733687887870964, 85.34110926177645, 92.0470204240521, 58.14156038531667, 52.586616612453895, 28.694606389931778, 65.39643641297044, 67.21837585980887, 0.0, 57.40937108068316, 47.19361612802092, 79.47870969096319, 27.1565857321907, 11.325971990152357, 83.52872722358187, 74.38803285085807, 38.13311762766173, 64.47929434431971, 26.104122638231498, 91.17896675871292, 32.907913675814484, 8.027785896586911, 46.52993509058611, 36.17375999328477, 49.402898656800296, 92.0339634504752, 65.0646439772555, 64.47252387256658, 51.69501053087102, 20.81380785324459, 48.80446684996883, 33.64187985699818, 57.08034869886279, 57.54547585401291, 26.412275537709718, 58.597502729026075, 35.17811218635726, 40.57524632622586, 72.74803083808303, 23.909846321215102, 37.91749306733153, 41.66377041593622, 49.102050928216606, 96.43723034269816, 26.47882068065511, 30.849906940924942, 62.30513573251334, 66.85991778906495, 29.61264789933048, 91.7207073186882, 66.29145787119278, 78.99850601599564, 51.681901283456774, 12.98205483954357, 57.34504892758049, 96.4056268214438, 97.81628506898275, 43.52054785571684, 71.46521086138591, 59.98851904002863, 78.50939977495185, 81.61008972238103, 41.216803612775145, 29.067320620187413, 44.56957956756928, 76.62446736577675, 27.888242385575975, 84.94017474262759], [58.69205206200215, 31.6044144909615, 87.33561820470757, 37.93636576254097, 56.49376409586376, 69.88881683047262, 14.18254633176999, 97.05895108463194, 48.25235741320287, 99.75916083047252, 18.042587998387365, 57.40937108068316, 0.0, 27.91346162300945, 79.73196846445708, 84.49986419834353, 48.66523773677119, 100.56516634673682, 82.48065274684342, 21.357741325859052, 103.1919325534052, 53.846782811645575, 61.238832668676515, 33.172501639117506, 53.70850311843951, 34.72924751351604, 22.93907854096355, 66.05274874931682, 121.10590633365764, 58.01913970889058, 76.80078302259868, 87.35512798453169, 71.82036549130376, 76.63334181082054, 25.195281277635598, 93.81204912327573, 5.511032118149113, 32.061838856942025, 57.63716921794245, 73.91387627637653, 62.86936567014361, 48.203220622194564, 34.012181326598515, 84.46551146909536, 16.543791424764056, 35.91119356610415, 66.80730573572984, 31.096469004846927, 85.76562337253938, 100.10403428137727, 31.929847464831276, 76.88283231509747, 85.27524815952866, 102.24459746566387, 100.90861896986088, 63.359863172144664, 45.9911932044298, 4.254928751793954, 74.20327070626263, 86.21948608086605, 15.112612644456975, 99.11965178434147, 66.28631392483922, 51.99980201041559, 53.66475129881765, 68.43780137809709, 70.78135494771182, 85.43008670400532, 60.70961099390323, 36.57367857093377, 72.01546228016731], [50.639242875279756, 24.955497110740133, 60.20759289651426, 14.304309237210518, 40.4507463963295, 50.59351683621574, 17.388503951561365, 73.60007932335678, 25.75038132634401, 73.39609634183982, 24.78408993614182, 47.19361612802092, 27.91346162300945, 0.0, 53.049872753450735, 71.38578225587588, 35.9729236890426, 72.6624997597477, 54.82838153354759, 15.841126095897232, 77.66024222543398, 31.96731459492071, 46.22808898760213, 14.299536589366213, 40.443640083216444, 6.825525014994142, 30.22348861858344, 38.63854619595155, 93.5311910057626, 31.62582241813085, 48.88822719699195, 61.90780688419897, 54.111039721075585, 50.2449325930158, 30.331975963826622, 68.23753405572796, 23.539061077360184, 32.29169573171071, 30.063903873392597, 50.719289014795066, 36.780010377743416, 28.566963762217387, 25.989338518645813, 62.8488871691028, 18.488879655054976, 8.212808430703994, 51.856445774133725, 29.104000670446187, 68.85464894107581, 74.48015026413319, 19.67022959568585, 56.517221157209875, 60.435902144190365, 76.11276565691378, 73.0651304786673, 35.594138006404094, 34.24970039290731, 31.367912572296966, 55.17331991203054, 63.0999969132299, 28.049386554122954, 71.74273534228107, 38.42598653756365, 34.02956615084645, 36.803967232141304, 42.73465752453594, 49.16900011108333, 61.61124527355937, 37.678830523887, 19.365278878041373, 48.62082134765223], [84.43182839535245, 71.15378491950088, 37.05525008695242, 41.99032136200061, 40.31861266997605, 31.908007809160765, 66.32242174656182, 65.21074305052076, 51.760540431080656, 50.57547787870544, 68.71339378286591, 79.47870969096319, 79.73196846445708, 53.049872753450735, 0.0, 90.81682072954769, 70.29787432782808, 28.512408319405115, 10.887671852257428, 67.39954509786817, 58.43835579024011, 53.37476799058273, 42.474033284271314, 57.88828706407474, 71.59104289362257, 46.9231074541418, 81.41967905089332, 31.00359897905279, 55.476877007808845, 21.712831538869477, 18.58238700236187, 49.40794892747028, 70.55935066379395, 39.39580617939728, 80.75636857232858, 52.171862362897855, 74.57846596772, 79.81618926189606, 23.75934556377895, 54.130213007983954, 39.8322190701232, 37.00801112921797, 70.62412937067289, 65.13990984262227, 71.14399330122062, 44.89250780763554, 43.38055625637059, 76.45128780719737, 81.28062116902561, 55.79205118372062, 52.13253286248091, 65.36748137098115, 13.625543551404682, 53.88785788521834, 34.2824419674939, 27.86112051064149, 70.70716761683084, 83.62644481899157, 33.34203607910642, 22.09224681745827, 80.80475497082806, 40.91762198996927, 19.495769342014768, 37.75112114021419, 39.21516401572267, 41.88941675107274, 58.51162216950417, 56.707216595524194, 24.098861422361853, 59.93035982569109, 18.28117264455041], [26.955193994032054, 53.026793764243976, 61.593958740891324, 80.75691515541314, 106.04234695266082, 110.15441419814401, 84.29065817113947, 41.457748393401715, 47.89934461802393, 60.064466669863094, 93.33138595911593, 27.1565857321907, 84.49986419834353, 71.38578225587588, 90.81682072954769, 0.0, 36.51060925862762, 86.0583743936013, 83.03119041662781, 64.66212859620347, 55.87347921448685, 42.60289472542956, 111.70823468819651, 57.36254772673174, 31.536355731703967, 69.12791015873051, 63.24328992552379, 60.04427813284681, 86.22077446243198, 81.76115791925488, 73.05578200795402, 48.971180426628585, 20.50511541937434, 52.94707896612228, 60.71429320179465, 51.86860307154253, 84.40154848139525, 53.462386150049205, 74.46540021594849, 37.14031191946308, 51.653972291724315, 93.6025040453283, 50.689513928399165, 29.97148793781574, 68.52840756906836, 71.34657931489963, 116.49141511152835, 53.63536841214987, 12.498614893923985, 54.924621345521444, 90.78047271846141, 26.041827568072502, 104.20743118702792, 59.5457934914248, 79.44674425849972, 64.06656513365752, 38.943299559806796, 84.50061505766412, 114.14925883091374, 111.67608801935131, 70.6671407250455, 69.65168914402473, 72.51165399033417, 99.22992140763385, 102.40689675858138, 48.92766725121474, 32.30710432227999, 39.818414073753935, 94.43033078003751, 52.32809833961292, 100.67273315992409], [15.420247440051822, 17.122128016910573, 55.626446969800895, 47.419906543088736, 74.07201706642049, 81.08430617480761, 47.79645695248533, 53.42124241421394, 18.608832031795522, 62.974726731303505, 56.8509808363868, 11.325971990152357, 48.66523773677119, 35.9729236890426, 70.29787432782808, 36.51060925862762, 0.0, 77.30008514144014, 66.1939085122778, 28.213762925019903, 63.469928283333076, 17.74680466432668, 79.9153281125583, 21.67339234610882, 5.059464776836053, 35.20904919359885, 29.567776089343532, 41.41302941819704, 88.84124033589255, 54.59318514437775, 56.59005178583781, 49.09892759544358, 23.87017487804126, 43.547194599545676, 27.144192354785133, 55.110672016357825, 48.098328240413586, 20.5909513225722, 48.455882233688236, 32.588523097964746, 33.04203656926121, 61.48814635400199, 14.687719890888504, 39.14414534252177, 32.32531348272735, 37.79240551526112, 85.20734053318391, 19.30992375401422, 37.17766153918086, 60.905651883242335, 55.64197603767383, 30.773936168441978, 82.03820656292582, 64.40993050152684, 73.69155046826857, 42.90878302699039, 2.7791506603162817, 49.20567834349485, 85.48704687933498, 87.71672340511917, 36.00130136388902, 67.32352448291077, 50.864373681307285, 67.24976411545254, 70.33908715461745, 35.119904100481854, 27.226552656320816, 43.54184626262937, 65.79510339792641, 16.6187808290074, 74.49270660696763], [88.43816987752564, 84.0532306382249, 24.48422378954934, 65.14424084048778, 68.6748623841051, 60.14161038552828, 88.5318043535888, 50.24830698546438, 61.10697518658138, 30.835140120256305, 92.72274221288755, 83.52872722358187, 100.56516634673682, 72.6624997597477, 28.512408319405115, 86.0583743936013, 77.30008514144014, 0.0, 19.773231839829457, 84.15073046096603, 38.682969080578175, 59.69728172676122, 70.98621361181492, 72.44132122876589, 76.69042008478063, 65.86904656819604, 96.60147684893678, 37.121998449052164, 27.113072649322234, 45.66726944813198, 23.81247718324503, 37.42371324161326, 68.25216230924579, 34.87915985923829, 95.29578143213628, 36.509263106033636, 95.96391328779993, 92.336808310847, 43.457427751249675, 50.18916212955929, 44.45967546232243, 63.876373670321115, 82.7705087516979, 56.475208586856574, 88.74874539633386, 64.68884913786533, 71.75493366848814, 89.2661930948034, 74.38154528519323, 37.11931407988723, 77.17122556533323, 60.37327126719099, 37.252590253405835, 33.48385944271568, 8.45486855869511, 38.062898326548996, 78.68336087130153, 104.00163337223046, 61.03972628373877, 45.951366024302715, 98.06059977816295, 19.028820253960443, 34.33171564491818, 65.53469888771374, 67.30447164517206, 42.40992510018901, 56.17228563483671, 46.579787306095895, 52.00522045103413, 72.58287197442199, 46.648351819342295], [79.39111095321739, 69.62655126030806, 26.49486551299309, 45.9703814054713, 49.42090934134962, 42.376688705053866, 69.84957865336447, 54.92017088039165, 48.22282424482518, 39.71339450540172, 73.4793983568838, 74.38803285085807, 82.48065274684342, 54.82838153354759, 10.887671852257428, 83.03119041662781, 66.1939085122778, 19.773231839829457, 0.0, 67.74731364781557, 47.611601437696436, 48.61333755736072, 52.20550062029236, 56.95647450546051, 66.76818204100068, 48.20369804969214, 81.11182417619189, 24.987003355093687, 45.87883074173292, 26.056232949811097, 10.10342267808215, 39.30424252940047, 63.20660660988747, 30.43065891797871, 80.1265281199496, 41.62390531378092, 77.63340588273259, 78.22003147109645, 24.843586362910116, 45.927053527893165, 33.84174539335979, 44.10780619612443, 68.73843278815711, 56.01612450303303, 71.98999966377363, 46.656930530554554, 53.618355571045726, 74.9524808703043, 72.81760640272907, 45.01441123481992, 57.6125308880454, 57.1535678193685, 23.66256964029524, 43.017510272430904, 24.173845370296537, 23.4685342561291, 67.00530641442421, 86.12567706125628, 44.084186299411265, 32.51548039975524, 81.5520729138149, 30.088279467549025, 16.881649264259003, 45.912342043504474, 47.81660183518672, 34.535382834461956, 50.88857226122158, 47.10758634538863, 32.519967875228716, 58.10390564244141, 28.745310491433678], [40.4075455329372, 12.22556992575601, 68.2043071515375, 30.10827856417689, 55.575826419441285, 66.33704343064626, 20.14045168841039, 75.86722690731217, 27.415365015163054, 79.7209474585737, 29.184510087822108, 38.13311762766173, 21.357741325859052, 15.841126095897232, 67.39954509786817, 64.66212859620347, 28.213762925019903, 84.15073046096603, 67.74731364781557, 0.0, 82.6155390045322, 32.7126087719919, 61.234165714486934, 12.54857780260407, 33.25873370672977, 20.683934298716004, 14.43635959806207, 47.80173692613655, 102.4381200426416, 46.58090984813524, 60.482017060023516, 66.85268735299027, 50.689334662592444, 56.880365945088315, 14.50253210833238, 73.32030212866326, 19.97997305573399, 17.391922816282452, 43.75405942335474, 52.7891560677439, 43.178101346384786, 44.134215350595326, 14.269273959911029, 63.11824604503385, 5.119002652619982, 23.077718669506993, 66.93484492787582, 14.62912314057973, 64.88300712412996, 79.59339470427965, 32.46163527779534, 55.53063862969952, 75.73528378612636, 82.02086299896493, 83.30758601260284, 46.10097009346202, 25.719244554925996, 22.99483246936868, 70.91328321113687, 78.78876422839606, 13.910576578318995, 80.23361429583302, 50.89223448412707, 49.41482689317257, 52.027344779791335, 48.341208532282415, 49.46325329238783, 64.36373999636093, 53.48539823373442, 15.281484769495023, 64.33491248571086], [68.49108217406892, 76.95115399287938, 22.00376524577315, 77.21856489213573, 92.19136635409407, 88.55686475902661, 95.03188757164563, 14.539147592504518, 55.20192221467073, 8.086447848889255, 102.0482533278021, 64.47929434431971, 103.1919325534052, 77.66024222543398, 58.43835579024011, 55.87347921448685, 63.469928283333076, 38.682969080578175, 47.611601437696436, 82.6155390045322, 0.0, 50.27782418465256, 96.29926491354833, 70.18763346444554, 60.43747275350721, 71.49437752357314, 90.77621409002855, 41.0849652870058, 30.4421721500776, 64.21873863965422, 41.64956333026302, 15.845005888710809, 44.242768706794806, 27.765967988607677, 88.70754179217012, 9.427591080301347, 100.08074787338946, 83.28022251744767, 58.009816468507516, 31.01564708765293, 40.88053434633908, 82.99854786057536, 74.85273852119734, 27.421314327407266, 87.73454117606461, 71.83523304383654, 98.92737021162394, 81.12120618967745, 43.376196729488086, 3.222993727464869, 90.48190972246215, 35.089416514784524, 71.0210695031697, 5.206467229060001, 30.309081406660397, 45.79870378328976, 65.86404546117893, 105.4663152625367, 90.92647886243813, 79.98151453868543, 95.17834815972165, 19.69547352863592, 49.6582754855457, 86.88520960959194, 89.57825652627862, 34.96730778352773, 36.282626747582455, 20.0325083044937, 75.58893179652371, 67.64545106493404, 75.33056393949951], [31.06083903580142, 26.92744953722135, 38.922832493717046, 38.69936042345289, 63.44504932753311, 68.01503830223065, 48.103957211367806, 43.21252006930046, 6.217014762738636, 48.223309708082425, 56.41796739333262, 26.104122638231498, 53.846782811645575, 31.96731459492071, 53.37476799058273, 42.60289472542956, 17.74680466432668, 59.69728172676122, 48.61333755736072, 32.7126087719919, 50.27782418465256, 0.0, 69.10537243769804, 20.766972085797367, 18.251384559423816, 27.926695142344794, 40.70730904193068, 23.714994873363114, 72.9014157804261, 40.027693755512615, 38.89948298502101, 34.75798226201356, 23.143511804478248, 26.815264836418727, 38.77425493712561, 41.16683032227679, 51.469669298815866, 34.10879441566427, 33.11325274544745, 20.081696207581782, 15.310499905530431, 51.0415247786771, 25.010313312843426, 31.157470503137226, 37.80107526631733, 29.728400751570952, 73.91599171411262, 31.514732487483457, 37.6904477953022, 47.35977314578045, 49.94452967471854, 24.550018205853327, 65.6984770659847, 50.18735758667426, 56.471988332800464, 25.605740921847094, 18.986736765140815, 55.706936568067235, 72.16905702140765, 72.04403831304577, 44.905100526541425, 50.91452040840514, 33.88471322186725, 56.64183296995307, 59.81967871775205, 18.05079682963261, 17.357776686057992, 31.65185480621889, 52.31341072810631, 17.491145458462377, 59.655791128753606], [95.26297408091996, 71.17335589594899, 74.36276457542257, 32.70807546820257, 5.8535531648948815, 12.823038777593244, 47.63973769213898, 99.09607534398685, 64.03217264601632, 89.18988164954494, 44.090051220154216, 91.17896675871292, 61.238832668676515, 46.22808898760213, 42.474033284271314, 111.70823468819651, 79.9153281125583, 70.98621361181492, 52.20550062029236, 61.234165714486934, 96.29926491354833, 69.10537243769804, 0.0, 59.301778935345176, 83.56145342825853, 44.89571541122072, 74.73634953330982, 57.81092450387054, 97.88059735280301, 32.7852057007433, 54.98453101672602, 83.60629624720804, 91.8751008172118, 71.0771536971672, 75.43735188194204, 88.26464141835228, 55.85389731789686, 78.36653587559975, 39.96937274546285, 80.84402898298458, 63.272701085155184, 18.431149415614964, 72.09293711970439, 93.82573852357433, 62.098201228916075, 42.21577221940849, 5.72842617459271, 75.2618364200146, 105.77698287222444, 93.26064724468357, 29.94555123859511, 90.53705886024802, 37.61904610461791, 92.530766498159, 76.3653336326163, 52.699780995743176, 78.79489414911052, 65.46065740819019, 15.403572638801851, 33.04805180910317, 70.11309626868288, 81.46500389641913, 46.87197507251175, 12.670636342850818, 9.586631452741647, 68.46171816968278, 82.5470373684044, 88.13974567443823, 20.710974928733087, 63.90355700620341, 24.633752096154453], [36.46209005308328, 13.477109461022845, 55.72373395769676, 26.597005610343214, 53.453505776541945, 62.01938165793895, 27.929949982471037, 63.946391608228325, 15.082330765111125, 67.18137868906476, 36.66887431308473, 32.907913675814484, 33.172501639117506, 14.299536589366213, 57.88828706407474, 57.36254772673174, 21.67339234610882, 72.44132122876589, 56.95647450546051, 12.54857780260407, 70.18763346444554, 20.766972085797367, 59.301778935345176, 0.0, 26.187640421977925, 14.52784833378368, 24.238426350550153, 35.664873024703525, 89.99918876858689, 38.444788920682434, 49.03046197897665, 54.39103364930067, 41.0003656367452, 44.336558448314314, 23.170085566083046, 60.859270997430656, 30.709909321607988, 22.05722359609556, 34.18398146183837, 40.77663449895996, 30.654019567227408, 41.04837928979003, 13.51347114769566, 51.765653314700025, 17.63766920629682, 17.280670176030377, 64.78219352119069, 18.66388985911968, 55.644842162046174, 67.14152463571045, 33.96907273088828, 44.62667521731841, 67.58006824500279, 69.50357742680434, 71.17928098367487, 34.4373419234783, 19.99646570389515, 35.28103201518927, 66.55691787143904, 71.7530514596321, 26.054146150450386, 67.77960194920522, 40.11047315076934, 46.753198976537256, 49.731569256083965, 35.795435256482, 37.971487601256264, 52.26424996600367, 47.61115052394006, 5.081086070448297, 57.62792469812051], [12.869690895609352, 22.13635673785028, 54.212163310432, 51.30970725273913, 77.73926846134606, 84.14168239708069, 52.75485340707736, 49.711992035262064, 20.672686711399507, 60.49654788909119, 61.7955109359772, 8.027785896586911, 53.70850311843951, 40.443640083216444, 71.59104289362257, 31.536355731703967, 5.059464776836053, 76.69042008478063, 66.76818204100068, 33.25873370672977, 60.43747275350721, 18.251384559423816, 83.56145342825853, 26.187640421977925, 0.0, 39.18478977711468, 34.24847866550246, 41.794551640295055, 86.75791874036183, 57.04776850826293, 56.93949974245841, 46.62981665767798, 19.270970594055907, 42.303881149215066, 31.78273290913427, 52.414833556369175, 53.155832407582054, 24.981266756893973, 50.570298666483005, 29.971065143474508, 33.07731851525433, 65.13753247448042, 19.70952379500777, 35.21981442711719, 37.38400469361072, 41.678347153348696, 88.75623512187754, 24.01784226018927, 32.20224897435807, 58.01092251066275, 60.075939123458184, 26.772869435065257, 83.74358753694267, 61.716919485778874, 72.58211440658255, 43.85652399543939, 7.727776633045777, 54.19868040439319, 88.47899739272344, 89.79468742741523, 40.885852061116076, 65.62281032331526, 52.09528657313243, 70.89296772171669, 74.01540084961137, 34.28159475345386, 24.21021287485901, 40.41045425263004, 68.67274476218614, 21.106689659525948, 76.91790085317274], [50.448532283341436, 27.355684866363664, 53.580483499207645, 12.231042931791514, 39.04221462086077, 47.57586400326965, 23.870409662175824, 68.11345066465739, 21.83818881950101, 66.98267885878431, 30.566511357145345, 46.52993509058611, 34.72924751351604, 6.825525014994142, 46.9231074541418, 69.12791015873051, 35.20904919359885, 65.86904656819604, 48.20369804969214, 20.683934298716004, 71.49437752357314, 27.926695142344794, 44.89571541122072, 14.52784833378368, 39.18478977711468, 0.0, 35.028581389831636, 31.959985419136395, 86.75688081587232, 25.89816802649905, 42.08195809352457, 55.83648004753447, 50.81168213643176, 43.90534427577918, 34.74537974474397, 62.092967359997665, 30.351153117371087, 35.490343940579145, 23.571434690090502, 45.56451834693408, 30.67786189770043, 26.562161174261185, 27.821501443890423, 58.0711588137169, 24.221053704718724, 2.7616627706243673, 50.323100255902354, 32.13889809111413, 65.50040635473522, 68.29591275637982, 22.025704283813607, 52.26435576738662, 55.06672520547394, 69.76454993773523, 66.24171092744021, 28.794183962222217, 33.94258068371052, 38.135713910589175, 52.129506214949586, 58.387964037099536, 33.88179458193707, 65.02802089603567, 31.68234675121718, 32.29156016110673, 35.31089134977248, 36.72163349253092, 44.62697167516043, 56.100135637500514, 33.54162549876061, 19.00798631046039, 44.02162870399903], [36.6501641280019, 13.82573532386049, 78.77742659314856, 44.40904474866871, 69.20840711534892, 80.49608053274989, 29.611502095806774, 82.16605262120737, 36.79792103865934, 88.92493826023167, 37.639285412884284, 36.17375999328477, 22.93907854096355, 30.22348861858344, 81.41967905089332, 63.24328992552379, 29.567776089343532, 96.60147684893678, 81.11182417619189, 14.43635959806207, 90.77621409002855, 40.70730904193068, 74.73634953330982, 24.238426350550153, 34.24847866550246, 35.028581389831636, 0.0, 59.636669256065964, 113.07774974889567, 60.885135070820354, 73.2657200200356, 75.43165198754184, 53.42872035389037, 66.93056688283752, 2.5318826383619295, 81.8035459124255, 25.02976779711821, 9.781379351977659, 57.67792375889131, 59.92229826184864, 53.723199778459616, 58.17812205357325, 15.970016232671032, 68.30288939609618, 12.645454173073261, 37.48284707854147, 80.46277503407322, 10.257855455797072, 66.22754431941279, 87.93879913509866, 45.189863948440546, 60.08137059633506, 90.09285198145177, 90.88269437158876, 95.0221225307098, 58.65765392935449, 26.795835259057707, 21.825107832727582, 85.06195717417003, 93.22499856346003, 7.87367968489484, 90.8859440562975, 64.2368520241636, 63.28736552622493, 65.7591444382579, 58.12769259045557, 55.461548643376794, 71.44138986629994, 67.89836573363425, 24.336037185165967, 78.77073860850405], [54.40544567322669, 46.93327903473293, 21.65069510658686, 36.19074820814132, 53.00503614857013, 52.75782723481888, 55.81867517096394, 41.436592753165144, 24.123217061809417, 35.59428634437076, 61.96295195733035, 49.402898656800296, 66.05274874931682, 38.63854619595155, 31.00359897905279, 60.04427813284681, 41.41302941819704, 37.121998449052164, 24.987003355093687, 47.80173692613655, 41.0849652870058, 23.714994873363114, 57.81092450387054, 35.664873024703525, 41.794551640295055, 31.959985419136395, 59.636669256065964, 0.0, 55.05715556142672, 25.047340706403038, 15.18460441942121, 2