instance_id,num_cities,city_coordinates,distance_matrix,best_route,total_distance
327,53,"[[41.171672321219724, 94.80722370622262], [30.38611378065633, 36.35797683922001], [10.24542298799248, 14.297037673369372], [37.15791769864357, 70.16096500610274], [7.899005443975204, 6.206255501934743], [43.76839129597629, 23.86523225754299], [1.8548973066964347, 75.10809637209152], [71.11713193855019, 88.56207827832478], [93.6757620981367, 92.82747271120436], [45.45250237735081, 14.862173856503713], [95.18753696869715, 44.84766959807125], [29.839869856185352, 70.50571852582495], [91.25963586517058, 82.55451694658059], [11.615504839678781, 20.32909959149216], [93.3897193302253, 50.98460043863726], [12.498171718040352, 84.16405566174397], [90.63655996320713, 51.605434408482076], [85.05422160650781, 29.60093393985369], [46.391580520774255, 81.59736333281398], [12.889423209310124, 74.43303063863195], [2.3027163469964362, 3.996214441006052], [10.716051917606084, 18.907815765138825], [44.111631685362376, 74.53769330906364], [36.62921382519871, 68.75752282712908], [42.463361061497004, 1.2569785322582017], [90.72023399266564, 19.893363992546043], [0.2771604925869031, 19.986638612266205], [73.00969751149336, 47.51196567561331], [1.4712732831456021, 72.36382585518275], [69.75021259706246, 38.06591402517909], [90.2105577642551, 45.3206918373249], [64.010164303383, 21.955043984330448], [25.831281454453315, 17.53965387320434], [5.900748759145513, 94.21326608455458], [34.21980764404745, 67.0049353338716], [6.566451211462965, 20.53092170954881], [50.18456977735642, 26.39050353827055], [0.536730301688626, 61.1256652889738], [68.35332502296568, 61.65607827675014], [63.476807319304385, 94.31553810043877], [19.43767986226944, 71.43916155204579], [33.42486226206456, 18.636642426260998], [22.666025208505268, 86.20305013124505], [45.01842945434109, 41.16849143663283], [65.07423861548469, 30.06090046909018], [39.748197886931536, 97.57914263262035], [85.38347799774314, 41.675362555084504], [6.127226565401999, 85.35712307992799], [63.07400467692671, 66.08515972790326], [55.468545812031586, 5.918610389976397], [68.1663771064969, 64.22251174779404], [74.13149580692046, 0.5391072982722789], [72.04650502491432, 15.076326368051529]]","[[0.0, 59.436039002878836, 86.24571266367724, 24.970949002460557, 94.64249535943837, 70.98949992878099, 43.975725295541785, 30.589743266473533, 52.54140136411318, 80.05958094721403, 73.57765068483707, 26.81367004233948, 51.56484184905378, 80.12838453286135, 68.16998418283102, 30.585072549587633, 65.67472655413806, 78.5973177460364, 14.20379712248553, 34.85675484011056, 98.77973042225494, 81.78181301472878, 20.481631370185376, 26.442784366974667, 93.55916220184216, 89.81729421948478, 85.26711588592734, 57.013167603619536, 45.60512899754125, 63.5319540752372, 69.66870977638796, 76.34812902914003, 78.77566210350456, 35.27592429091007, 28.658256423395336, 81.94199391250035, 69.00782505697956, 52.779218356709286, 42.870044167044746, 22.310553601775915, 31.912893272894877, 76.56350644151473, 20.408105692804003, 53.77649244725759, 69.01752710854662, 3.116057444848222, 69.1207525318011, 36.29624746691516, 36.12020378949321, 90.03102892279652, 40.79385605730733, 99.86404625945929, 85.50012447260593], [59.436039002878836, 0.0, 29.871934361287302, 34.47461874066313, 37.613778605013046, 18.307212203939155, 48.12070320865844, 66.2139263844323, 84.81971202607566, 26.250059261235208, 65.35517829778483, 34.15211039921425, 76.41796914904779, 24.68320614988729, 64.67914988746148, 51.04311553599447, 62.14982886157369, 55.08411424360748, 47.98725930792249, 41.90279110963312, 42.84811404175626, 26.29485605983805, 40.57191875509532, 32.995558464569136, 37.12061400391848, 62.540303308730856, 34.2719970740613, 44.05883971488652, 46.178882233730945, 39.40113355043187, 60.49210161735168, 36.57897276274078, 19.361709035441493, 62.82330454455537, 30.885810230769405, 28.598461479385264, 22.16595100279729, 38.78690610526364, 45.623492477688565, 66.73884106138381, 36.749935049203636, 17.979980136506992, 50.43938043879213, 15.402782627378809, 35.255058862068054, 61.932864941935165, 55.25382033559472, 54.67549671690891, 44.18374829893565, 39.442152913347634, 46.9444416586351, 56.53892344053984, 46.78137284648275], [86.24571266367724, 29.871934361287302, 0.0, 62.00855383402952, 8.4241576099024, 34.86172330477506, 61.38717929069489, 96.02427404889391, 114.57596044225544, 35.21161481718877, 90.26906357390463, 59.526113187773646, 105.93576433311645, 6.185700870910855, 90.8787724163377, 69.90332666925511, 88.6264710518945, 76.3581403105189, 76.39292204289593, 60.19408930358892, 13.007442025598984, 4.634734749792095, 69.10757326771152, 60.51486480299141, 34.7568507795492, 80.66916433500829, 11.477709528525503, 71.0111653097992, 58.72595331533279, 64.07635655565399, 85.7723142830515, 54.30738871801496, 15.919596224652844, 80.03424115729175, 57.90417597571405, 7.238518046467355, 41.729933655445585, 47.82446108465875, 74.96270409862967, 96.10692320756473, 57.876764835369755, 23.582166449919622, 72.97085710824821, 43.9458417379839, 57.0499640083659, 88.35339684008285, 79.97061950477224, 71.17931778095685, 73.97883906361126, 45.99270465738268, 76.46822796138238, 65.35067672512189, 61.80599511215723], [24.970949002460557, 34.47461874066313, 62.00855383402952, 0.0, 70.32985720225017, 46.765299442076724, 35.64796428334422, 38.624204864942165, 60.89365572135367, 55.91740728609667, 63.31034383923089, 7.326164017674479, 55.50311737435692, 55.99669334306868, 59.41168633154511, 28.358237246662274, 56.606297301805576, 62.76282377434574, 14.698698438977583, 24.641638937932782, 74.78408439370858, 57.67198256605127, 8.216440156602353, 1.4997258867932974, 69.10793790342899, 73.45579240903326, 62.27080601025927, 42.40668917071426, 35.754568736856584, 45.74221227939888, 58.5800459971724, 55.18019544437196, 53.82652760445821, 39.44012927566057, 4.3119617327757265, 58.300763455156506, 45.6677891022416, 37.71933201080372, 32.33398423345764, 35.72292474356137, 17.76627747694283, 51.65937978919377, 21.618590220179463, 30.039160586439003, 48.8603740203105, 27.54026172375832, 56.01012598771355, 34.551801869241515, 26.23462888877477, 66.80089242316248, 31.571977795976046, 78.83050519195119, 65.20376476483167], [94.64249535943837, 37.613778605013046, 8.4241576099024, 70.32985720225017, 0.0, 39.9806490874629, 69.16642912910515, 103.82202590327472, 121.90523882476383, 38.53816361071211, 95.45913585975663, 67.93984454144424, 113.04004480642743, 14.603667105772162, 96.50783561996916, 78.09334757950417, 94.3747231689268, 80.6240557172657, 84.6492615207615, 68.40904264076507, 6.01687071058987, 13.010203071220722, 77.3339491561625, 68.83375565532111, 34.916901663479265, 83.94458194039792, 15.747745207822991, 77.10748286945376, 66.46908947605888, 69.57449006289481, 91.13249022829051, 58.279383037305195, 21.21349668390068, 88.02969352137848, 66.25152147507025, 14.386513223924227, 46.85587284199119, 55.41069090552339, 82.03296655319218, 104.17359426129246, 66.24555108891472, 28.391616463069866, 81.34833755947365, 50.99225019956289, 61.95200864157281, 96.76453669534867, 85.21678849900069, 79.17069558077395, 81.42336097004907, 47.57041003122192, 83.6543010005686, 66.47450149072132, 64.75785558259723], [70.98949992878099, 18.307212203939155, 34.86172330477506, 46.765299442076724, 39.9806490874629, 0.0, 66.20099773456201, 70.23984268042976, 85.1265896695794, 9.159218891746846, 55.53549512214402, 48.67585303659828, 75.49735391417325, 32.3467516406744, 56.548530718527914, 67.92477262665916, 54.462317703114365, 41.68234708145002, 57.79169559894715, 59.25042534199912, 45.980213874756146, 33.42204536921884, 50.67362354305032, 45.456414371828835, 22.645887936218323, 47.11954233785755, 43.66383681559453, 37.60614298934312, 64.35184358773532, 29.60936339719662, 51.15869009315011, 20.33170415195188, 19.019801559513517, 79.8924540530804, 44.18381413223262, 37.35106387885337, 6.895240485015213, 57.072904096556655, 45.0839994810563, 73.15509042784468, 53.43465418049101, 11.589941522680796, 65.81271451432843, 17.348353628403036, 22.188407662330782, 73.82345520111522, 45.266059939108665, 72.09791896571181, 46.42444381591678, 21.423698377194082, 47.15900464879007, 38.28872185328246, 29.612439663105963], [43.975725295541785, 48.12070320865844, 61.38717929069489, 35.64796428334422, 69.16642912910515, 66.20099773456201, 0.0, 70.5568336543755, 93.51495874401628, 74.3661371031934, 98.11562085021279, 28.36089861826408, 89.71430463466397, 55.64178239148911, 94.66026990734018, 13.974608719066545, 91.83985378597987, 94.83158438294312, 45.00696321013722, 11.055156065833886, 71.11329196200593, 56.8945656573514, 42.26058399979157, 35.349439510110436, 84.27950483194535, 104.62176989544525, 55.14403285055241, 76.318752751874, 2.770954359317392, 77.34272500629986, 93.24168704935165, 81.78339803141874, 62.361787727329364, 19.528861301092284, 33.36388226744747, 54.78016734497272, 68.6233276127239, 14.044427480222465, 67.84539541909442, 64.54599609077086, 17.961495625651732, 64.69689171853025, 23.583914930799786, 54.908899921923094, 77.62689594618892, 44.05508085234746, 89.97094799289127, 11.103843737766521, 61.88046939780611, 87.53061336768371, 67.19902012568403, 103.84816234413567, 92.36165440206311], [30.589743266473533, 66.2139263844323, 96.02427404889391, 38.624204864942165, 103.82202590327472, 70.23984268042976, 70.5568336543755, 0.0, 22.958340191421645, 78.04068888918874, 49.90324563171767, 45.053795539642714, 21.01930678182765, 90.53277311499356, 43.68220449922384, 58.783714583800084, 41.794755610389025, 60.58596380445484, 25.687743131410024, 59.91741024995931, 109.02664408188949, 92.1954812013708, 30.429926350403225, 39.76979899889767, 91.88699052175609, 71.4120013149469, 98.59458646324418, 41.09371666256509, 71.50474815991187, 50.514661958354246, 47.26919092920444, 66.98511779797548, 84.23178154621344, 65.46077114290831, 42.7331598646916, 93.78181404950354, 65.60089072787342, 75.7254901135867, 27.04757779823116, 9.564353622285905, 54.442263400043196, 79.43723165157509, 48.508501906005286, 54.104476201884246, 58.812450763266376, 32.63920147773698, 49.00910875737894, 65.06888302587102, 23.872657239380654, 84.1119553474507, 24.517778304182002, 88.07456959693927, 73.4916285583051], [52.54140136411318, 84.81971202607566, 114.57596044225544, 60.89365572135367, 121.90523882476383, 85.1265896695794, 93.51495874401628, 22.958340191421645, 0.0, 91.67371817266472, 48.00361413512816, 67.62604415636426, 10.553259501952176, 109.49840147842025, 41.84384997205013, 81.63856916244669, 41.33392301062245, 63.8116460017598, 48.59947719977647, 82.85401650023707, 127.43636033607775, 111.11448688745159, 52.831042523818056, 61.91664685105727, 104.91837505467775, 72.993967976589, 118.44444222546385, 49.805435480397286, 94.44802062659535, 59.76002199339742, 47.6329914037986, 76.83065043435413, 101.34657971137774, 87.78595212181561, 64.82140045270916, 113.20257651611186, 79.40626349582541, 98.38640067517441, 40.160697832760825, 30.23559505511007, 77.25770322951867, 95.57431783395405, 71.31806017869917, 70.96609307504191, 68.97600841273169, 54.136499229223766, 51.81988372261617, 87.86667284892505, 40.640113938858676, 94.93651418871127, 38.327177229348976, 94.33515111268359, 80.7035657156108], [80.05958094721403, 26.250059261235208, 35.21161481718877, 55.91740728609667, 38.53816361071211, 9.159218891746846, 74.3661371031934, 78.04068888918874, 91.67371817266472, 0.0, 58.07498274360468, 57.792372832474186, 81.73461195476258, 34.275788530044096, 60.023382705147384, 76.73811784863283, 58.23801383900854, 42.2554992243558, 66.74179636628376, 67.88991900614492, 44.496888750615, 34.97124831908642, 59.690581804380926, 54.61281041605556, 13.929691511911386, 45.54646418528208, 45.465059699051935, 42.7247926793379, 72.39329040190225, 33.59750407004186, 54.13875543088518, 19.866947999406484, 19.80306061559631, 88.66192560541334, 53.338925799619, 39.2970695790087, 12.461735317751783, 64.48051814831413, 52.09718964336814, 81.472158792559, 62.27139413240002, 12.605980315982121, 74.89154938585709, 26.30989859214779, 24.819625775644568, 82.91342480701464, 48.09812784487633, 80.7218383320091, 54.169286730356305, 13.427898330163732, 54.335651849901396, 32.05674499640951, 26.59486488246965], [73.57765068483707, 65.35517829778483, 90.26906357390463, 63.31034383923089, 95.45913585975663, 55.53549512214402, 98.11562085021279, 49.90324563171767, 48.00361413512816, 58.07498274360468, 0.0, 70.20436647265367, 37.910878966899084, 87.09445923444957, 6.394847019522101, 91.56041360033431, 8.147317161945134, 18.30702128859704, 61.086703588137546, 87.454405928194, 101.47133235734724, 88.36462982217829, 59.07830065659874, 63.25154773452956, 68.41043102253148, 25.351018995961617, 98.11243766472292, 22.337301461418996, 97.67229358597864, 26.32583673576614, 4.999407168882838, 38.679463204687565, 74.53870069827255, 102.02496099113992, 64.86916404494991, 91.89668692975289, 48.64086795056137, 96.04034749223092, 31.66382056950685, 58.75917280786381, 80.28168094890955, 67.09430625856928, 83.48435282750451, 50.30383385717855, 33.54786549071901, 76.51227722539934, 10.304518634120033, 97.84045538799376, 38.50077847614636, 55.615374756722005, 33.24947501277662, 49.05716627039928, 37.70729686868071], [26.81367004233948, 34.15211039921425, 59.526113187773646, 7.326164017674479, 67.93984454144424, 48.67585303659828, 28.36089861826408, 45.053795539642714, 67.62604415636426, 57.792372832474186, 70.20436647265367, 0.0, 62.59042418759039, 53.38371069845288, 66.48050405605437, 22.074525309346214, 63.66677522605902, 68.71554439304872, 19.924450066405168, 17.399466140084996, 71.98478281551718, 55.02784733068473, 14.830374451153519, 7.01080449952192, 70.3899177503937, 79.17088586590877, 58.533163422363614, 48.911621215469964, 28.42938329213801, 51.43127816547441, 65.4133436524538, 59.369832583916796, 53.117537459487764, 33.691680429271635, 5.607079273793565, 55.128326042431176, 48.580438535285396, 30.767830382990482, 39.517114791209686, 41.211055192429185, 10.443987387618037, 51.9928189846691, 17.25891846436413, 33.03122106065099, 53.63994826161438, 28.829589959471864, 62.580203185852106, 27.979522316608005, 33.52684084981907, 69.48613939917489, 38.83812360842986, 82.80745628279696, 69.66934453004724], [51.56484184905378, 76.41796914904779, 105.93576433311645, 55.50311737435692, 113.04004480642743, 75.49735391417325, 89.71430463466397, 21.01930678182765, 10.553259501952176, 81.73461195476258, 37.910878966899084, 62.59042418759039, 0.0, 101.07022396245418, 31.641695338376113, 78.77790838474509, 30.955353875051113, 53.31593682354209, 44.87826348498968, 78.78990272601553, 118.67914906469574, 102.65559646896077, 47.82471912488627, 56.34571908315328, 94.81754155716047, 62.663474559818134, 110.41988147150114, 39.510006953826135, 90.36481749044523, 49.41549432338773, 37.24860127747698, 66.4441857779833, 92.23774705262639, 86.15141345004933, 59.1213285695233, 104.97552997205668, 69.5813010531359, 93.2193181547912, 31.007157483980677, 30.169640047413512, 72.67698734557922, 86.19951114082869, 68.69057589886539, 62.05684714710364, 58.66220930044921, 53.65787565298847, 41.29932802173303, 85.17852848178349, 32.644594233595626, 84.58170192745281, 29.48492860265047, 83.78484708844945, 70.1601781670849], [80.12838453286135, 24.68320614988729, 6.185700870910855, 55.99669334306868, 14.603667105772162, 32.3467516406744, 55.64178239148911, 90.53277311499356, 109.49840147842025, 34.275788530044096, 87.09445923444957, 53.38371069845288, 101.07022396245418, 0.0, 87.33144844633703, 63.841058240830684, 84.98550624912558, 74.02169974096779, 70.44980895398831, 54.11892665940577, 18.801360771189042, 1.681981948202385, 63.20260985756433, 54.50686024990119, 36.26756174848324, 79.10592923339942, 11.3435149779741, 67.14279635501603, 53.014320435235, 60.7802503473904, 82.4727956795386, 52.41988206287889, 14.486866886129821, 74.10484798874201, 51.86123935581539, 5.053085662042172, 39.042456223613996, 42.27409393437729, 70.1933002957032, 90.35257482839855, 51.70517242690205, 21.874928169791, 66.79439617314956, 39.37049180907103, 54.337318347832635, 82.21324448011464, 76.79438004411351, 65.25921419407729, 68.85923499943137, 46.160062841701766, 71.58654052865643, 65.5735687726537, 60.65886093494366], [68.16998418283102, 64.67914988746148, 90.8787724163377, 59.41168633154511, 96.50783561996916, 56.548530718527914, 94.66026990734018, 43.68220449922384, 41.84384997205013, 60.023382705147384, 6.394847019522101, 66.48050405605437, 31.641695338376113, 87.33144844633703, 0.0, 87.43179469733266, 2.8222900840121254, 22.950854346479094, 56.08891426625686, 83.84584995334626, 102.49268525670078, 88.67838179873583, 54.61756224601866, 59.47799387515948, 71.17815919914382, 31.20562666754502, 98.13675280282017, 20.673763119697213, 94.37198738567163, 26.939167344899882, 6.4951465654411695, 41.302220297570464, 75.38373152729444, 97.58605179590872, 61.30032283035343, 92.0092736356343, 49.7147317224019, 93.40513244909128, 27.215831406699973, 52.653133464438994, 76.72869874963519, 68.1335047592255, 79.0074686910887, 49.35724546807744, 35.2074944936795, 71.05254523954942, 12.27851009880757, 93.78812801339456, 33.8684136886991, 58.89786804344413, 28.48612449534723, 53.996545736261524, 41.77244239460665], [30.585072549587633, 51.04311553599447, 69.90332666925511, 28.358237246662274, 78.09334757950417, 67.92477262665916, 13.974608719066545, 58.783714583800084, 81.63856916244669, 76.73811784863283, 91.56041360033431, 22.074525309346214, 78.77790838474509, 63.841058240830684, 87.43179469733266, 0.0, 84.65028963604186, 90.78278816744721, 33.99045556888916, 9.73888729423712, 80.81355131545943, 65.28056982308274, 33.046598966468146, 28.62985237757115, 88.15608890226308, 101.23938380952575, 65.33065111044937, 70.74616918394344, 16.150477162645696, 73.50397844442173, 86.87935231222721, 80.76785569762866, 67.94543935338112, 12.021340184042625, 27.681489803267546, 63.9090059752627, 68.97860482532916, 25.958495944968842, 60.21965789242001, 51.97955255164855, 14.494126513414093, 68.78784967171966, 10.370281724727421, 53.90905031876452, 75.44132960257873, 30.373154012078352, 84.36561452035998, 6.481693606015205, 53.70997447096599, 89.268150846507, 59.1321762227924, 103.88358208609401, 91.20920095355011], [65.67472655413806, 62.14982886157369, 88.6264710518945, 56.606297301805576, 94.3747231689268, 54.462317703114365, 91.83985378597987, 41.794755610389025, 41.33392301062245, 58.23801383900854, 8.147317161945134, 63.66677522605902, 30.955353875051113, 84.98550624912558, 2.8222900840121254, 84.65028963604186, 0.0, 22.701553744238375, 53.45216559189613, 81.0291084924172, 100.34692697798317, 86.35057539595489, 51.86961971657303, 56.665576622776356, 69.68230838271496, 31.712180804991814, 95.73175711483584, 18.095932309737766, 91.54976332133259, 24.89092442054203, 6.299163996851269, 39.85110535654092, 73.2133971761648, 94.84505796585766, 58.48071965180048, 89.62928385860425, 47.667140136426355, 90.60140231283687, 24.44499952073536, 50.61427783793497, 73.90979136780888, 66.03120170505673, 76.26918518340229, 46.796833330061645, 33.43051323790641, 68.57993323621949, 11.233930618867188, 91.00002153579742, 31.13449693242452, 57.65479258687166, 25.770133065239968, 53.667372837973794, 40.98738680177345], [78.5973177460364, 55.08411424360748, 76.3581403105189, 62.76282377434574, 80.6240557172657, 41.68234708145002, 94.83158438294312, 60.58596380445484, 63.8116460017598, 42.2554992243558, 18.30702128859704, 68.71554439304872, 53.31593682354209, 74.02169974096779, 22.950854346479094, 90.78278816744721, 22.701553744238375, 0.0, 64.79528135089281, 84.95690096817792, 86.62224473730525, 75.10330384872802, 60.79151266465869, 62.275354932002955, 51.16015256146447, 11.24013392455644, 85.32048268592689, 21.584152022138188, 93.88702879198996, 17.489098879191577, 16.543838458072557, 22.389997342321685, 60.438655818110156, 102.17644410026837, 63.112573732897935, 79.01009570582204, 35.01713126527714, 90.2054046224193, 36.14487827000436, 68.21704185159912, 77.8200992045305, 52.780739239922454, 84.23827281669244, 41.67340926409532, 19.985276818938264, 81.69254949110197, 12.07891701086956, 96.63448232200801, 42.59376324797827, 37.89676319868135, 38.52081180047763, 31.046669815590565, 19.49781823132821], [14.20379712248553, 47.98725930792249, 76.39292204289593, 14.698698438977583, 84.6492615207615, 57.79169559894715, 45.00696321013722, 25.687743131410024, 48.59947719977647, 66.74179636628376, 61.086703588137546, 19.924450066405168, 44.87826348498968, 70.44980895398831, 56.08891426625686, 33.99045556888916, 53.45216559189613, 64.79528135089281, 0.0, 34.25962941240047, 89.25114146868025, 72.1299016729905, 7.418699854848904, 16.129640656577237, 80.43636203870498, 75.97639800105566, 76.95726824106482, 43.247410160391226, 45.859483388649004, 49.40255834770692, 56.886726584119096, 62.19019819691282, 67.27641517581269, 42.41071160673797, 19.00239484556986, 72.905083615829, 55.337005122024124, 50.21710574508399, 29.664340061203628, 21.29922402758044, 28.804545199106137, 64.28209828150923, 24.16845724825599, 40.45218444842099, 54.81832465506249, 17.307564889589816, 55.80442827367274, 40.43951029376494, 22.780073230917946, 76.2211581247736, 27.857265371013504, 85.67347180687779, 71.29672860784301], [34.85675484011056, 41.90279110963312, 60.19408930358892, 24.641638937932782, 68.40904264076507, 59.25042534199912, 11.055156065833886, 59.91741024995931, 82.85401650023707, 67.88991900614492, 87.454405928194, 17.399466140084996, 78.78990272601553, 54.11892665940577, 83.84584995334626, 9.73888729423712, 81.0291084924172, 84.95690096817792, 34.25962941240047, 0.0, 71.22796809011678, 55.567733708683726, 31.222383899962715, 24.408790371598958, 78.92624659743892, 95.03794160786872, 55.888091535892954, 65.87253692482797, 11.60412668718417, 67.49604833303063, 82.62013144110819, 73.26164926683181, 58.346790953832915, 20.97854344006079, 22.58676382287394, 54.2716990879068, 60.81950647383629, 18.156954442286978, 56.91656099987614, 54.35436996287331, 7.200202587472258, 59.455371453174855, 15.300826955009944, 46.24719029967739, 68.49920360675205, 35.45611763323067, 79.55157319588464, 12.847688473685201, 50.87415027125304, 80.66726389079382, 56.212065681416384, 95.97345134297258, 83.80202068448725], [98.77973042225494, 42.84811404175626, 13.007442025598984, 74.78408439370858, 6.01687071058987, 45.980213874756146, 71.11329196200593, 109.02664408188949, 127.43636033607775, 44.496888750615, 101.47133235734724, 71.98478281551718, 118.67914906469574, 18.801360771189042, 102.49268525670078, 80.81355131545943, 100.34692697798317, 86.62224473730525, 89.25114146868025, 71.22796809011678, 0.0, 17.12133375276482, 82.00052220969856, 73.2962174535873, 40.25395380888834, 89.83527586914984, 16.11820528769111, 83.02468181757004, 68.37266696603469, 75.56394100467809, 97.13650711612378, 64.26763331457241, 27.148077789586885, 90.28877141978164, 70.63143510802622, 17.075596020369776, 52.859966629750495, 57.15673941804749, 87.67749314403652, 109.08643193626591, 69.58561697428745, 34.3937508560818, 84.69137017424596, 56.62517393623246, 67.96787377611514, 100.79647085426383, 91.22571544839123, 81.45074789688361, 86.88030048358969, 53.200573576699504, 89.24812992958552, 71.91192633005143, 70.6184461700052], [81.78181301472878, 26.29485605983805, 4.634734749792095, 57.67198256605127, 13.010203071220722, 33.42204536921884, 56.8945656573514, 92.1954812013708, 111.11448688745159, 34.97124831908642, 88.36462982217829, 55.02784733068473, 102.65559646896077, 1.681981948202385, 88.67838179873583, 65.28056982308274, 86.35057539595489, 75.10330384872802, 72.1299016729905, 55.567733708683726, 17.12133375276482, 0.0, 64.88411225852323, 56.18260633163391, 36.32414751786234, 80.01025218562823, 10.494489645467425, 68.54703256507702, 54.24952485273079, 62.065005083937855, 83.76763385823652, 53.38115786312299, 15.177023124253344, 75.45924722867221, 53.5327884950635, 4.455744486301083, 40.17156355378275, 43.42770322015035, 71.75980210942225, 92.03272188931246, 53.250437408426244, 22.710429371553115, 68.34800970066625, 40.89242944634309, 55.49057360935225, 83.85727857899003, 78.06142263797848, 66.60756534154604, 70.47735097553141, 46.59941164916935, 73.17076968509879, 66.02217789818444, 61.45001862772482], [20.481631370185376, 40.57191875509532, 69.10757326771152, 8.216440156602353, 77.3339491561625, 50.67362354305032, 42.26058399979157, 30.429926350403225, 52.831042523818056, 59.690581804380926, 59.07830065659874, 14.830374451153519, 47.82471912488627, 63.20260985756433, 54.61756224601866, 33.046598966468146, 51.86961971657303, 60.79151266465869, 7.418699854848904, 31.222383899962715, 82.00052220969856, 64.88411225852323, 0.0, 9.4549959193182, 73.29924934301175, 71.82175530779222, 69.98055753767076, 39.56625029755587, 42.69573590391131, 44.58169484551011, 54.57787244503764, 56.221762782380765, 59.85772885848968, 42.979061623594006, 12.433447855569076, 65.77516214666323, 48.528676675693056, 45.59226388553838, 27.451697610805883, 27.679833307394496, 24.86774613063193, 56.913395000723895, 24.413000367612128, 33.38152057346796, 49.16925859352291, 23.450968880694894, 52.756971867391144, 39.495254055189186, 20.760946833221567, 69.5525559497069, 26.17314936948835, 79.85601400942384, 65.69635687761155], [26.442784366974667, 32.995558464569136, 60.51486480299141, 1.4997258867932974, 68.83375565532111, 45.456414371828835, 35.349439510110436, 39.76979899889767, 61.91664685105727, 54.61281041605556, 63.25154773452956, 7.01080449952192, 56.34571908315328, 54.50686024990119, 59.47799387515948, 28.62985237757115, 56.665576622776356, 62.275354932002955, 16.129640656577237, 24.408790371598958, 73.2962174535873, 56.18260633163391, 9.4549959193182, 0.0, 67.75220110135635, 72.89406341649966, 60.82820832966079, 42.12971981780883, 35.34241367944033, 45.15501534157345, 58.48286471403483, 54.22350481958349, 52.343724014103145, 39.902799777755135, 2.9793960910379877, 56.829347623600455, 44.482715726585404, 36.8905491471399, 32.509225551993545, 37.067579110800814, 17.399426032186334, 50.22320699734618, 22.345403537730377, 28.836324175214052, 48.026534512086755, 28.98989185543178, 55.77115455149695, 34.72632942522896, 26.579474933221327, 65.60220534398402, 31.861559806778985, 77.84711536790776, 64.31217123689368], [93.55916220184216, 37.12061400391848, 34.7568507795492, 69.10793790342899, 34.916901663479265, 22.645887936218323, 84.27950483194535, 91.88699052175609, 104.91837505467775, 13.929691511911386, 68.41043102253148, 70.3899177503937, 94.81754155716047, 36.26756174848324, 71.17815919914382, 88.15608890226308, 69.68230838271496, 51.16015256146447, 80.43636203870498, 78.92624659743892, 40.25395380888834, 36.32414751786234, 73.29924934301175, 67.75220110135635, 0.0, 51.73046151079057, 46.15707621971908, 55.43106084271094, 82.07639731758314, 45.819973797962845, 64.97234506467336, 29.877661277329175, 23.275557744417082, 99.88841781646796, 66.2627345989672, 40.74399369702113, 26.29279641387944, 73.08968477728608, 65.71408892978151, 95.4015745810014, 73.86285134024696, 19.58946598597946, 87.22252912508529, 39.99321488462978, 36.618543153770254, 96.36042449077117, 58.95576481428854, 91.61413091361648, 68.02566947393933, 13.81541320310147, 68.00958319918061, 31.67627025650085, 32.65175005060097], [89.81729421948478, 62.540303308730856, 80.66916433500829, 73.45579240903326, 83.94458194039792, 47.11954233785755, 104.62176989544525, 71.4120013149469, 72.993967976589, 45.54646418528208, 25.351018995961617, 79.17088586590877, 62.663474559818134, 79.10592923339942, 31.20562666754502, 101.23938380952575, 31.712180804991814, 11.24013392455644, 75.97639800105566, 95.03794160786872, 89.83527586914984, 80.01025218562823, 71.82175530779222, 72.89406341649966, 51.73046151079057, 0.0, 90.44312159747324, 32.809301446066485, 103.53031611952059, 27.748574234014377, 25.432435415895053, 26.789519353561754, 64.93162644530216, 112.77319239183164, 73.56492596220319, 84.15619784798001, 41.053049772859964, 99.16232655691306, 47.37512977547301, 79.25190405190472, 87.96687882037075, 57.309152592259885, 95.01762893827052, 50.411169256637535, 27.587966160778187, 92.91516920115298, 22.426244133331128, 106.96485712344904, 53.83303807733117, 37.92064421706451, 49.73680529696686, 25.490654891215357, 19.285020223915513], [85.26711588592734, 34.2719970740613, 11.477709528525503, 62.27080601025927, 15.747745207822991, 43.66383681559453, 55.14403285055241, 98.59458646324418, 118.44444222546385, 45.465059699051935, 98.11243766472292, 58.533163422363614, 110.41988147150114, 11.3435149779741, 98.13675280282017, 65.33065111044937, 95.73175711483584, 85.32048268592689, 76.95726824106482, 55.888091535892954, 16.11820528769111, 10.494489645467425, 69.98055753767076, 60.82820832966079, 46.15707621971908, 90.44312159747324, 0.0, 77.76673820568037, 52.39079736782134, 71.78694288077138, 93.43356033906555, 63.76339384361312, 25.67101151974542, 74.439350957015, 57.98985706353725, 6.312798257233326, 50.31658759800795, 41.139845556256724, 79.81670488763156, 97.5652635836376, 54.90434973100514, 33.17518081790151, 69.8990301629318, 49.502040739561004, 65.57554487173384, 87.05492216488638, 87.82645401902688, 65.63172641789268, 77.9006886270018, 56.9561096945934, 81.02936630946158, 76.37191446422429, 71.93712519232055], [57.013167603619536, 44.05883971488652, 71.0111653097992, 42.40668917071426, 77.10748286945376, 37.60614298934312, 76.318752751874, 41.09371666256509, 49.805435480397286, 42.7247926793379, 22.337301461418996, 48.911621215469964, 39.510006953826135, 67.14279635501603, 20.673763119697213, 70.74616918394344, 18.095932309737766, 21.584152022138188, 43.247410160391226, 65.87253692482797, 83.02468181757004, 68.54703256507702, 39.56625029755587, 42.12971981780883, 55.43106084271094, 32.809301446066485, 77.76673820568037, 0.0, 75.73216684777957, 9.992603949425478, 17.339875272602338, 27.09516274721829, 55.89402845055989, 81.75954049853404, 43.41234181688844, 71.71249341910521, 31.09827356781837, 73.74051663336951, 14.890860486404236, 47.76453063877227, 58.67258113904591, 48.997382322722174, 63.493978905904754, 28.701058392818233, 19.170581230952944, 60.10864801107227, 13.68124188472898, 76.84738680535669, 21.06374917736341, 45.14088176875537, 17.39827872451554, 46.98625177169766, 32.449937396803236], [45.60512899754125, 46.178882233730945, 58.72595331533279, 35.754568736856584, 66.46908947605888, 64.35184358773532, 2.770954359317392, 71.50474815991187, 94.44802062659535, 72.39329040190225, 97.67229358597864, 28.42938329213801, 90.36481749044523, 53.014320435235, 94.37198738567163, 16.150477162645696, 91.54976332133259, 93.88702879198996, 45.859483388649004, 11.60412668718417, 68.37266696603469, 54.24952485273079, 42.69573590391131, 35.34241367944033, 82.07639731758314, 103.53031611952059, 52.39079736782134, 75.73216684777957, 0.0, 76.40916378113455, 92.76848445311101, 80.32532713748695, 59.992498127813654, 22.29390704496133, 33.18409574489815, 52.08273024997527, 66.98157672216735, 11.276950984024204, 67.7337781548571, 65.77662139094535, 17.990185364244585, 62.511135710677145, 25.312874940249067, 53.56774869344105, 76.38635149873336, 45.8359592166504, 89.34785884276133, 13.802306826654968, 61.92187144710819, 85.6193441856248, 67.1901619986347, 102.16798976677518, 90.89951008059626], [63.5319540752372, 39.40113355043187, 64.07635655565399, 45.74221227939888, 69.57449006289481, 29.60936339719662, 77.34272500629986, 50.514661958354246, 59.76002199339742, 33.59750407004186, 26.32583673576614, 51.43127816547441, 49.41549432338773, 60.7802503473904, 26.939167344899882, 73.50397844442173, 24.89092442054203, 17.489098879191577, 49.40255834770692, 67.49604833303063, 75.56394100467809, 62.065005083937855, 44.58169484551011, 45.15501534157345, 45.819973797962845, 27.748574234014377, 71.78694288077138, 9.992603949425478, 76.40916378113455, 0.0, 21.70846667695041, 17.10287367335931, 48.47886001687529, 85.02516789556444, 45.824410857426116, 65.57182061176574, 22.784415484846832, 72.95380908355718, 23.631486290768226, 56.59837296589926, 60.37486729326312, 41.19499571337345, 67.33575999819625, 24.92563106548478, 9.27065125595605, 66.64792019221963, 16.044535075163633, 79.2738469196798, 28.803643553247046, 35.176911990289454, 26.20450608738659, 37.781700142841665, 23.103984495297812], [69.66870977638796, 60.49210161735168, 85.7723142830515, 58.5800459971724, 91.13249022829051, 51.15869009315011, 93.24168704935165, 47.26919092920444, 47.6329914037986, 54.13875543088518, 4.999407168882838, 65.4133436524538, 37.24860127747698, 82.4727956795386, 6.4951465654411695, 86.87935231222721, 6.299163996851269, 16.543838458072557, 56.886726584119096, 82.62013144110819, 97.13650711612378, 83.76763385823652, 54.57787244503764, 58.48286471403483, 64.97234506467336, 25.432435415895053, 93.43356033906555, 17.339875272602338, 92.76848445311101, 21.70846667695041, 0.0, 35.10575618178099, 70.11759614061019, 97.46090349980818, 60.04307216524701, 87.24029610221886, 44.27676301814544, 91.05598562199779, 27.287056881097534, 55.81387258736904, 75.43854920906261, 62.74275820076452, 78.95334760380469, 45.382477117795574, 29.405709869868694, 72.6456842758937, 6.048894498024281, 93.12852630714022, 34.16951331582368, 52.531242293248, 29.03833150853693, 47.58073714494263, 35.27966063550681], [76.34812902914003, 36.57897276274078, 54.30738871801496, 55.18019544437196, 58.279383037305195, 20.33170415195188, 81.78339803141874, 66.98511779797548, 76.83065043435413, 19.866947999406484, 38.679463204687565, 59.369832583916796, 66.4441857779833, 52.41988206287889, 41.302220297570464, 80.76785569762866, 39.85110535654092, 22.389997342321685, 62.19019819691282, 73.26164926683181, 64.26763331457241, 53.38115786312299, 56.221762782380765, 54.22350481958349, 29.877661277329175, 26.789519353561754, 63.76339384361312, 27.09516274721829, 80.32532713748695, 17.10287367335931, 35.10575618178099, 0.0, 38.433354855200015, 92.72515751390335, 54.00887020199442, 57.46136352402677, 14.519654453627139, 74.58695862789439, 39.93789139306193, 72.36245973154736, 66.5986806228831, 30.764793024808007, 76.40120503860246, 27.01559837535896, 8.175399898059792, 79.42069825152194, 29.08108496616917, 85.8502074244634, 44.14004429525802, 18.169382182064513, 42.471318981168956, 23.68720531311687, 10.578257334601416], [78.77566210350456, 19.361709035441493, 15.919596224652844, 53.82652760445821, 21.21349668390068, 19.019801559513517, 62.361787727329364, 84.23178154621344, 101.34657971137774, 19.80306061559631, 74.53870069827255, 53.117537459487764, 92.23774705262639, 14.486866886129821, 75.38373152729444, 67.94543935338112, 73.2133971761648, 60.438655818110156, 67.27641517581269, 58.346790953832915, 27.148077789586885, 15.177023124253344, 59.85772885848968, 52.343724014103145, 23.275557744417082, 64.93162644530216, 25.67101151974542, 55.89402845055989, 59.992498127813654, 48.47886001687529, 70.11759614061019, 38.433354855200015, 0.0, 79.22164441019416, 50.171520224291974, 19.495675611785927, 25.911777089425023, 50.393994772744655, 61.273020909664915, 85.50860785040811, 54.27739003803577, 7.672408576663469, 68.73631378530006, 30.437946924332568, 41.19212671200075, 81.24038603956325, 64.25726843484094, 70.62194353510569, 61.185672928508076, 31.834196868148787, 63.02023122146428, 51.20477800304096, 46.280826181749795], [35.27592429091007, 62.82330454455537, 80.03424115729175, 39.44012927566057, 88.02969352137848, 79.8924540530804, 19.528861301092284, 65.46077114290831, 87.78595212181561, 88.66192560541334, 102.02496099113992, 33.691680429271635, 86.15141345004933, 74.10484798874201, 97.58605179590872, 12.021340184042625, 94.84505796585766, 102.17644410026837, 42.41071160673797, 20.97854344006079, 90.28877141978164, 75.45924722867221, 42.979061623594006, 39.902799777755135, 99.88841781646796, 112.77319239183164, 74.439350957015, 81.75954049853404, 22.29390704496133, 85.02516789556444, 97.46090349980818, 92.72515751390335, 79.22164441019416, 0.0, 39.27164827665251, 73.68535154528317, 80.99990076155999, 33.519576674231075, 70.42936007050557, 57.57614939267888, 26.493552818532308, 80.43259829017656, 18.580582715353984, 65.90858108334663, 87.27558602403361, 34.01439309167344, 95.27715127189796, 8.859038385463922, 63.717906113204876, 101.25666757749936, 69.1118934712283, 115.88909727413997, 103.1402748671145], [28.658256423395336, 30.885810230769405, 57.90417597571405, 4.3119617327757265, 66.25152147507025, 44.18381413223262, 33.36388226744747, 42.7331598646916, 64.82140045270916, 53.338925799619, 64.86916404494991, 5.607079273793565, 59.1213285695233, 51.86123935581539, 61.30032283035343, 27.681489803267546, 58.48071965180048, 63.112573732897935, 19.00239484556986, 22.58676382287394, 70.63143510802622, 53.5327884950635, 12.433447855569076, 2.9793960910379877, 66.2627345989672, 73.56492596220319, 57.98985706353725, 43.41234181688844, 33.18409574489815, 45.824410857426116, 60.04307216524701, 54.00887020199442, 50.171520224291974, 39.27164827665251, 0.0, 54.07903534958165, 43.639497018786386, 34.19233123833704, 34.55006918190514, 40.023006552122126, 15.432876073848211, 48.374825032828284, 22.406639648572305, 28.002358226708623, 48.13374723269912, 31.070005642491875, 57.090353136213054, 33.55586247925645, 28.868853000726457, 64.67648698625104, 34.06040897113929, 77.52837640804997, 64.24515128683821], [81.94199391250035, 28.598461479385264, 7.238518046467355, 58.300763455156506, 14.386513223924227, 37.35106387885337, 54.78016734497272, 93.78181404950354, 113.20257651611186, 39.2970695790087, 91.89668692975289, 55.128326042431176, 104.97552997205668, 5.053085662042172, 92.0092736356343, 63.9090059752627, 89.62928385860425, 79.01009570582204, 72.905083615829, 54.2716990879068, 17.075596020369776, 4.455744486301083, 65.77516214666323, 56.829347623600455, 40.74399369702113, 84.15619784798001, 6.312798257233326, 71.71249341910521, 52.08273024997527, 65.57182061176574, 87.24029610221886, 57.46136352402677, 19.495675611785927, 73.68535154528317, 54.07903534958165, 0.0, 44.00994167725998, 41.04011136107011, 74.22193933113971, 93.18239237255133, 52.51016483351141, 26.925128377895827, 67.61674891860747, 43.64016401242126, 59.27884683486609, 83.88955036144495, 81.60398942514738, 64.82768931870594, 72.58300214296136, 51.03855893756275, 75.52155924200561, 70.46068332510751, 65.70684939754737], [69.00782505697956, 22.16595100279729, 41.729933655445585, 45.6677891022416, 46.85587284199119, 6.895240485015213, 68.6233276127239, 65.60089072787342, 79.40626349582541, 12.461735317751783, 48.64086795056137, 48.580438535285396, 69.5813010531359, 39.042456223613996, 49.7147317224019, 68.97860482532916, 47.667140136426355, 35.01713126527714, 55.337005122024124, 60.81950647383629, 52.859966629750495, 40.17156355378275, 48.528676675693056, 44.482715726585404, 26.29279641387944, 41.053049772859964, 50.31658759800795, 31.09827356781837, 66.98157672216735, 22.784415484846832, 44.27676301814544, 14.519654453627139, 25.911777089425023, 80.99990076155999, 43.639497018786386, 44.00994167725998, 0.0, 60.59240403259468, 39.67069987799741, 69.2133939288005, 54.54129470678665, 18.466460357698892, 65.83928177862052, 15.654965096135694, 15.335385607766701, 71.94956701982882, 38.37434110276145, 73.60782370826163, 41.734916581244136, 21.14281939123055, 41.8880202443107, 35.238472637485415, 24.616149532522748], [52.779218356709286, 38.78690610526364, 47.82446108465875, 37.71933201080372, 55.41069090552339, 57.072904096556655, 14.044427480222465, 75.7254901135867, 98.38640067517441, 64.48051814831413, 96.04034749223092, 30.767830382990482, 93.2193181547912, 42.27409393437729, 93.40513244909128, 25.958495944968842, 90.60140231283687, 90.2054046224193, 50.21710574508399, 18.156954442286978, 57.15673941804749, 43.42770322015035, 45.59226388553838, 36.8905491471399, 73.08968477728608, 99.16232655691306, 41.139845556256724, 73.74051663336951, 11.276950984024204, 72.95380908355718, 91.05598562199779, 74.5869586278943