instance_id,num_cities,city_coordinates,distance_matrix,best_route,total_distance
2152,67,"[[48.727054731092764, 10.381945627561894], [45.60193569224251, 8.015303166285047], [96.33592830143112, 63.45522389110029], [93.9940158198342, 87.65763380673486], [10.12792363122439, 83.8737377734088], [45.32918477668041, 78.35426972723106], [38.02261346100519, 33.397843282466475], [79.66925850128293, 57.69128126327485], [16.186102500112188, 69.36325086588275], [12.23165932365744, 93.58494528823489], [73.23164040725393, 54.313161939898094], [79.80424591279652, 25.01065809980989], [57.530070889419626, 0.4730245030420521], [47.511209231961594, 71.28854216271105], [34.22234565661832, 7.854854718371529], [73.12292021682617, 8.729132096844372], [33.12378693627942, 82.54061487128322], [33.58787824372701, 10.400457975813037], [76.95415953700503, 85.72624757879137], [93.07137770265777, 32.48433698578116], [51.054099181835625, 61.951823074271005], [45.106700794307564, 44.382119835826806], [68.85482106030737, 49.92911047284683], [59.335267620136676, 66.8516004108587], [64.72000315219238, 84.79511879801935], [33.095428174772714, 57.05634168603514], [3.1657596283534595, 97.6229119712575], [11.65765016415743, 83.17908231459754], [18.155015249974404, 79.08117245403471], [7.8089111169981855, 90.99229964485954], [84.27715594902637, 26.274628413490042], [28.41473426707921, 29.335738661167674], [27.625672719317606, 37.197999414840474], [8.2849752649922, 89.21242338293678], [34.645356165468286, 2.225213497969525], [1.8003602893993165, 76.92577593949798], [93.667170872785, 94.51269605520193], [47.92726442049911, 28.40808109332289], [82.70738222243992, 92.55434323075532], [13.88801703851782, 13.621711693282402], [67.99262619792198, 65.89513876028332], [97.60466684410551, 54.41553039517251], [49.43304671755126, 61.23371562276233], [39.88525934041074, 69.13461708029023], [98.4304565884787, 95.1385509049712], [79.20860306637815, 70.20282296722705], [44.69637803475973, 27.239098326315712], [86.42384938041941, 43.43459114068031], [70.60891504485566, 97.86545995914916], [42.940304146451744, 8.190692482649531], [28.581534844761634, 93.1209611502597], [50.73784129079897, 39.837287934121925], [21.78241125104484, 5.610642404272815], [93.35085468445592, 24.44637890440624], [17.340759842600573, 0.6938800948028567], [15.468434144041776, 55.2308483509933], [21.90010637767017, 21.300331012952466], [77.51428559090647, 45.017307346864776], [49.736372585318975, 28.42545223793519], [33.571755377332146, 67.08409166758175], [39.29605738563413, 91.62978923161232], [3.030540499750878, 1.011015174756802], [57.446959423761044, 42.94190323196525], [1.6923032824873396, 23.942764404380547], [87.88578616585984, 87.87805894486563], [82.86536088121338, 45.924780137011], [1.657451321943182, 68.24910715739382]]","[[0.0, 3.920123154507119, 71.29780998232302, 89.55796865591807, 83.01166444827614, 68.0571992057972, 25.383392361262434, 56.5295782086556, 67.3625113821845, 90.85512114613574, 50.30334467847638, 34.348086414527806, 13.254426103597222, 60.91873095996995, 14.723205282765495, 24.45179022822913, 73.82638764629782, 15.13918780591105, 80.45827044028475, 49.54729743950071, 51.62235364398189, 34.1923793968767, 44.374601121628196, 57.45742851924365, 76.11238230732528, 49.222423713379584, 98.4216328863768, 81.69188371422266, 75.1946365413799, 90.40090514822141, 38.94081486999805, 27.78194796974371, 34.122852511609956, 88.59913100410775, 16.273491129042807, 81.42601552211558, 95.38132524947764, 18.043869440086457, 88.92112001249485, 34.989350258403654, 58.761184941543966, 65.78736621385963, 50.85667051950718, 59.414255432201834, 98.25533214206425, 67.1391253637073, 17.332338322899922, 50.135074571096126, 90.17860661263329, 6.187735666132766, 85.15624851504317, 29.52389630427055, 27.36382916763401, 46.78773135851513, 32.84749793506995, 55.83511367275278, 28.963706554602325, 45.036795423333146, 18.071714177947943, 58.69255884731757, 81.79337259973015, 46.64746242237129, 33.70738164037311, 48.95062461021113, 86.82772498959417, 49.28201529732169, 74.5932701295116], [3.920123154507119, 0.0, 75.15000210274783, 93.19170697501997, 83.74310498631233, 70.33949537723326, 26.489988075393462, 60.23524950780877, 68.0357400881317, 91.84627917229048, 53.91560358245229, 38.19214727845896, 14.112631813951147, 63.30203866028578, 11.380721114380899, 27.530240481050594, 75.56273076790622, 12.248532150492373, 83.79709315659908, 53.40488311793053, 54.21138502659581, 36.37018851037472, 47.931867487841075, 60.417830805926336, 79.1242098971377, 50.61063316517726, 99.1481346000537, 82.47307570273138, 76.18196124666072, 91.17836723231221, 42.76886274375275, 27.38541331659222, 34.27500241877748, 89.36178079585454, 12.392407889254708, 81.6531154678049, 98.95486753839099, 20.524924976134194, 92.32368849448905, 32.20565871002572, 62.05979688743263, 69.69408249016075, 53.356132131892565, 61.38608084761805, 101.88872811366596, 70.68730940549617, 19.245111977482598, 54.04585643486562, 93.2652115852652, 2.6674039622530668, 86.79093884671485, 32.233774846916795, 23.940596024016916, 50.49692579590201, 29.194131194403038, 56.011923932718496, 27.17110004662766, 48.86252540991304, 20.82469095928708, 60.28139856888008, 83.8519312907375, 43.14375666192696, 36.88050947788289, 46.709098041504255, 90.36583298694498, 53.15723187872022, 74.56023638515903], [71.29780998232302, 75.15000210274783, 0.0, 24.315451873158068, 88.59309103073677, 53.13821084518018, 65.60403049150955, 17.635218083257016, 80.36727791033194, 89.33827943135381, 24.847241613841998, 41.84831133366731, 73.97737498207469, 49.44910582970103, 83.36365035864083, 59.4456799726377, 66.03050026188178, 82.17132086299979, 29.523743945092406, 31.142465000606794, 45.30677943125388, 54.664586793278836, 30.629511902764637, 37.156214343178924, 38.143909575194535, 63.563405743746785, 99.23765031132419, 86.94504804417355, 79.7271938177364, 92.71096651767341, 39.08721876415375, 76.00939331035127, 73.5563801403798, 91.74095953437285, 86.91858755873416, 95.49046754438938, 31.17192396110484, 59.763709364670895, 32.13247601058269, 96.33813891490375, 28.44812750779296, 9.128294254130205, 46.95546187460784, 56.735646053818115, 31.752484303013592, 18.40856765203174, 63.07337713067475, 22.33998756184868, 42.964445270046966, 76.84569676107738, 73.96427380709322, 51.351654675356976, 94.36218793546736, 39.12289165814161, 100.89213505004273, 81.28463547510138, 85.54371151074736, 26.347884180989556, 58.29754278708434, 62.86899143604409, 63.61881016034146, 112.27276871544679, 43.96758152130827, 102.560470998412, 25.843370023562837, 22.108203111920247, 94.79976434530982], [89.55796865591807, 93.19170697501997, 24.315451873158068, 0.0, 83.9514102810633, 49.54612359866822, 77.95461981019095, 33.21416801598861, 79.92969299550647, 81.97692334557708, 39.28014812664518, 64.23389397536724, 94.50277974390947, 49.280812387135256, 99.70524612239012, 81.64135602645321, 61.08492978732248, 98.06922388921797, 17.14896366842506, 55.18101071191363, 50.04623009070235, 65.28965982336975, 45.33674653206993, 40.424248322514934, 29.41363306088481, 68.15480215377076, 91.3732941930057, 82.45807742636882, 76.32240625641695, 86.24959286217393, 62.14733072993593, 87.76152700555093, 83.37224759397782, 85.72314158649237, 104.02385227717392, 92.81617797209202, 6.862849703277052, 75.05101652361229, 12.303083399909156, 109.0792776101009, 33.90690863109335, 33.437617140640825, 51.806403267625996, 57.19143009575559, 8.697478216378338, 22.875289107092406, 77.97856449555269, 44.866300522375624, 25.515929397413984, 94.45356657656971, 65.64023623492483, 64.48164168399163, 109.29878605270456, 63.21452683183846, 115.92418260044309, 84.95742105616343, 97.98379158167268, 45.71410011170002, 73.94045116222163, 63.82883512279586, 54.84199737052674, 125.62639198298602, 57.75105100388337, 112.15699140172262, 6.112205555052261, 43.19118007373119, 94.35429004539947], [83.01166444827614, 83.74310498631233, 88.59309103073677, 83.9514102810633, 0.0, 35.63135295976521, 57.67087345758185, 74.3069194921622, 15.724368397519939, 9.936460902133687, 69.68433622097645, 91.21212658054826, 95.93040466240906, 39.444862667599836, 79.74591998135844, 98.05652123702095, 23.03447298761029, 77.1277661717003, 66.85190796016283, 97.57298338480486, 46.427601588664075, 52.75512050173497, 67.8313069623466, 52.06837680236121, 54.599854298488786, 35.30834176034039, 15.411408719700477, 1.6800623417051028, 9.348950860726246, 7.486771143744809, 93.89231093319223, 57.52217650957261, 49.847725870569, 5.647833453456196, 85.25013791442333, 10.845390027914636, 84.21397308646782, 67.1210044252683, 73.09672168093508, 70.35257970248377, 60.593348031010265, 92.30366506846583, 45.35926921603861, 33.207539916644436, 89.01816298686468, 70.42041027188321, 66.35103936753015, 86.35040744727263, 62.078326427978695, 82.48985185802671, 20.640903735102423, 59.90304104772525, 79.12609669659577, 102.26273629840024, 83.49199799768408, 29.13650917667103, 63.67115139704353, 77.78652816300612, 68.14206921845366, 28.835836441808368, 30.181722299057714, 83.16612076907326, 62.56601495431427, 60.52174204058572, 77.86090016175925, 82.041807411741, 17.77295650782988], [68.0571992057972, 70.33949537723326, 53.13821084518018, 49.54612359866822, 35.63135295976521, 0.0, 45.546308995071996, 40.07742201879661, 30.498486269714203, 36.43377099832053, 36.83099094320279, 63.51433493154192, 78.83114853664314, 7.394980509741925, 71.36896658793897, 74.96766983018149, 12.903380258970678, 68.9607048299822, 32.472836125522896, 66.20700654074598, 17.372820759725638, 33.97287840861369, 36.89776742821456, 18.1240657143913, 20.432532247001767, 24.56148487862001, 46.35768538405309, 34.01545324798044, 27.183890027742383, 39.59154879133065, 65.03255721413554, 51.854749289880566, 44.80237633420523, 38.60275843973804, 76.87507656029891, 43.55225775716012, 50.96720162245189, 50.01371588763988, 39.984643699796486, 71.96423485564065, 25.862357230260436, 57.49599347945846, 17.605540482296167, 10.706928555188314, 55.69072779811668, 34.84624897933041, 51.11908833026636, 53.927316004802336, 31.933545163319916, 70.20423293806321, 22.327985888231087, 38.89487693435239, 76.45970088595044, 72.19516239816178, 82.54991246604192, 37.767142392398156, 61.6771727419442, 46.33825390724009, 50.122950035488024, 16.286622104563595, 14.582113846346155, 88.15415096542563, 37.42828025961725, 69.74804182223927, 43.60925226209963, 49.604801296171956, 44.82560221017063], [25.383392361262434, 26.489988075393462, 65.60403049150955, 77.95461981019095, 57.67087345758185, 45.546308995071996, 0.0, 48.214252789380375, 42.07545310019201, 65.4802303231101, 40.952730471161225, 42.61513446681538, 38.26989138969878, 39.060702903787835, 25.824141808984567, 42.90194454698259, 49.38633921187084, 23.421071866805047, 65.22213716267915, 55.056343306535815, 31.387089416557707, 13.070525037142028, 34.98439395453654, 39.66589332552839, 57.91744596185814, 24.166127152618536, 73.0743437000345, 56.33190081311209, 49.81654366646497, 65.03836723820682, 46.79981720953366, 10.431300808597786, 11.069668622708765, 63.242347183424386, 31.3550428882112, 56.62801909146197, 82.65193282063032, 11.090529172839801, 74.13649604206279, 31.202149366815497, 44.207192591517156, 63.18041038893484, 30.08377928464674, 35.785282605407616, 86.37721047267654, 55.234882722510854, 9.081259440232591, 49.43092095132513, 72.23531443058411, 25.682370083822867, 60.46473991747929, 14.252840635652113, 32.18497631606224, 56.04768497799025, 38.69480943580383, 31.390621449472107, 20.15651353193875, 41.16556950607467, 12.725440091493075, 33.97901511145782, 58.245868423892674, 47.679679162134455, 21.642418912876998, 37.54051084173129, 73.8541122133066, 46.55959775546105, 50.368994541087325], [56.5295782086556, 60.23524950780877, 17.635218083257016, 33.21416801598861, 74.3069194921622, 40.07742201879661, 48.214252789380375, 0.0, 64.54723828540756, 76.39492718746962, 7.270118079339627, 32.68090194522895, 61.352037739534026, 34.91454763813266, 67.44695173153555, 49.39783999255771, 52.76334242606929, 66.02965677366046, 28.166133896897687, 28.54832462503767, 28.930599015585525, 37.03652485250031, 13.311774958454935, 22.302076854861074, 30.953162109906266, 46.578158181161555, 86.29785901631061, 72.63061937664007, 65.12702640174587, 79.20143528649415, 31.752776180561167, 58.57527678751925, 55.93307985409129, 78.03395602996751, 71.43974002535576, 80.20929555969398, 39.392361417404224, 43.1863404378976, 34.9951894621738, 79.17890306430756, 14.270494727903246, 18.232098512614044, 30.44301798806996, 41.39705936239029, 41.88413252396319, 12.520019138940738, 46.372813304259914, 15.775858493159685, 41.18318173036738, 61.63865976501957, 62.170875217414334, 33.99694073890362, 77.86706639224435, 35.95009884506747, 84.46031899658621, 64.24795388387996, 68.27573651893147, 12.855875041330302, 41.862470158825154, 47.04470938962115, 52.74293973075004, 95.32127601319425, 26.671609036601225, 84.96686374916473, 31.285026349046674, 12.192851150463769, 78.72299376292172], [67.3625113821845, 68.0357400881317, 80.36727791033194, 79.92969299550647, 15.724368397519939, 30.498486269714203, 42.07545310019201, 64.54723828540756, 0.0, 24.54237359192494, 58.997445468386104, 77.55269599665745, 80.34417844809593, 31.38421670743751, 64.09827504574352, 83.17630414128874, 21.45991789802575, 61.47709121638984, 62.9325386224465, 85.2725033756317, 35.64696978015034, 38.21593794786463, 56.13982300995684, 43.222203073922095, 50.92820495934346, 20.913758828406504, 31.11491241010954, 14.539053586059538, 9.915372782202393, 23.194677979068327, 80.57928359465434, 41.853807093150905, 34.13893917081942, 21.363928973794305, 69.62944856522472, 16.25242641706601, 81.46048458916366, 51.81531907800454, 70.44790572452969, 55.78889124296458, 51.92247778398806, 82.77932693074685, 34.22643193595619, 23.700259668387265, 86.1887456198177, 63.02809261700967, 50.865312721325466, 74.87079859309264, 61.434668131899, 66.76727645248887, 26.796931558803, 45.44892892585659, 63.99776368979703, 89.28563359507987, 68.67907771421079, 14.150613015419452, 48.4013853634578, 65.98386929431464, 52.92942451314492, 17.534408818616804, 32.091568138739596, 69.60673053319329, 48.99536636117889, 47.67694208063608, 74.05162223725995, 70.6787479258216, 14.571308151984061], [90.85512114613574, 91.84627917229048, 89.33827943135381, 81.97692334557708, 9.936460902133687, 36.43377099832053, 65.4802303231101, 76.39492718746962, 24.54237359192494, 0.0, 72.54840218473342, 96.2729833429259, 103.54600853093858, 41.73459277468025, 88.50558578141636, 104.44259038118551, 23.631720854412734, 85.88216937171772, 65.19786164863991, 101.33283970424377, 50.078301264574044, 59.17504866239742, 71.49835213823648, 54.1610712863112, 53.21923794635354, 42.06703854325151, 9.924500602978133, 10.421682721197511, 15.66670264784257, 5.1266473578373635, 98.59630998051907, 66.25596174558169, 58.450520214578724, 5.890268488892011, 94.06898744488444, 19.655531611533934, 81.44079605918458, 74.31150549889075, 70.48325800292474, 79.98038664473006, 62.257616500378624, 93.92972626464606, 49.30056069558148, 36.91260141689817, 86.21279684776566, 70.94106453493735, 73.86290929881787, 89.55187930213322, 58.53397980136053, 90.74799876072613, 16.356457771653822, 66.11759766311651, 88.49121329430167, 106.5854831466015, 93.03146188727288, 38.49043339726378, 72.92835065571283, 81.36729531914727, 75.18219903282629, 34.02491649076229, 27.13492726474268, 93.0300657006474, 67.890655261645, 70.43515730103849, 75.86906787348968, 85.20921979436156, 27.45393539468792], [50.30334467847638, 53.91560358245229, 24.847241613841998, 39.28014812664518, 69.68433622097645, 36.83099094320279, 40.952730471161225, 7.270118079339627, 58.997445468386104, 72.54840218473342, 0.0, 30.030582319193755, 56.08297143111205, 30.817269729033743, 60.66382271858339, 45.584159494414486, 49.04517314723973, 59.16040439276645, 31.632880014753727, 29.49767405793406, 23.45618210048063, 29.82679710436098, 6.194873272437466, 18.71688050740822, 31.648027784715385, 40.22984672466938, 82.37088136654805, 68.00439422225179, 60.38947742400044, 75.00328426519475, 30.135739179503208, 51.307180293035934, 48.711734489876555, 73.72942263690014, 64.82326514822347, 74.9250164575912, 45.095603427552945, 36.21304540834217, 39.39768558517458, 71.95456731648939, 12.711784176641872, 24.373241413322543, 24.78441294210863, 36.49187118707089, 47.97595982452741, 16.976613625572735, 39.33530372603457, 17.099054951232294, 43.63119699348423, 55.1801344806246, 59.15806966334727, 26.74924161396985, 70.84460875667305, 36.01121369825117, 77.45203622808187, 57.77049546399529, 61.03092160242555, 10.234938318518626, 34.95999318703533, 41.66537083353571, 50.43961208659283, 88.14370810214355, 19.454091558162787, 77.71896681451946, 36.62439486010037, 12.773939073026485, 72.91827694292328], [34.348086414527806, 38.19214727845896, 41.84831133366731, 64.23389397536724, 91.21212658054826, 63.51433493154192, 42.61513446681538, 32.68090194522895, 77.55269599665745, 96.2729833429259, 30.030582319193755, 0.0, 33.139618819492426, 56.43122160124722, 48.7035031658581, 17.599096625704288, 74.0861739893881, 48.47071887424252, 60.782446463840856, 15.227365564015328, 46.8104753951734, 39.73881184735578, 27.217993556976552, 46.57943243344528, 61.65805803491211, 56.64485405570743, 105.5746039171463, 89.59645131231441, 82.00151318023515, 97.65707989356692, 4.6480689695905335, 51.571195730248, 53.58297107137945, 96.10865070046297, 50.581635095307895, 93.7005103116132, 70.87110813581954, 32.05751755917982, 67.60604707791063, 66.89287951087955, 42.556493266779384, 34.37297630462581, 47.27070590617818, 59.501674304824625, 72.55933484691748, 45.19609004996232, 35.17852090103841, 19.577039070376344, 73.43280100700565, 40.51988951015187, 85.2219426602298, 32.62950857572624, 61.17919504621431, 13.558356103258426, 67.02979027705783, 71.0799308860269, 58.02289119300115, 20.13727718363415, 30.261160345284356, 62.51093498975611, 77.96808302445571, 80.43745833490242, 28.659689655372286, 78.11924204973732, 63.384709369648434, 21.136956390095683, 89.31116941195152], [13.254426103597222, 14.112631813951147, 73.97737498207469, 94.50277974390947, 95.93040466240906, 78.83114853664314, 38.26989138969878, 61.352037739534026, 80.34417844809593, 103.54600853093858, 56.08297143111205, 33.139618819492426, 0.0, 71.52073217129544, 24.448751969286977, 17.64370320390941, 85.61983464858326, 25.91876779555215, 87.43801956010174, 47.83208773261205, 61.81893628427434, 45.632759915040246, 50.73612525494771, 66.4031179598245, 84.62807283776644, 61.633785767415326, 111.326452265295, 94.57574203739468, 87.9183480901146, 103.27600351153562, 37.16354831736985, 40.997062031392716, 47.360287289967154, 101.48773500588167, 22.95169567309963, 94.60879370210007, 100.74398156141066, 29.53948677248362, 95.46133387185908, 45.57978542239754, 66.25343838225305, 67.19945820357374, 61.297825294098935, 70.89255017167925, 103.12324393310239, 73.02193883486854, 29.6837730115409, 51.77399582268298, 98.26669144992199, 16.50526257463571, 97.06522499904752, 39.945958724154195, 36.11495932878973, 43.10278729901516, 40.18991788509133, 69.0478135661324, 41.27070471371046, 48.82173666826696, 29.01861384576742, 70.78866541315459, 92.96254624436739, 54.50218570532084, 42.46896005328726, 60.56967048252993, 92.52626381585215, 52.03593959157759, 87.83704797692984], [60.91873095996995, 63.30203866028578, 49.44910582970103, 49.280812387135256, 39.444862667599836, 7.394980509741925, 39.060702903787835, 34.91454763813266, 31.38421670743751, 41.73459277468025, 30.817269729033743, 56.43122160124722, 71.52073217129544, 0.0, 64.81069817484027, 67.59910892431567, 18.264913373823788, 62.459730561048, 32.79229574681791, 59.84559541429503, 9.986310256213713, 27.01364883275498, 30.195613721086673, 12.629125420087655, 21.876247406592107, 20.257597930087858, 51.57536169295792, 37.7738354278745, 30.372869669580382, 44.32279926318677, 58.12045482465149, 46.09461007236627, 39.466437225066166, 43.12728775645628, 70.25150205784006, 46.0571396821806, 51.669469892880265, 42.88247944607707, 41.12182982603411, 66.753145166854, 21.179642140386814, 52.85880268836169, 10.236845025176203, 7.924298392231708, 56.22804165503241, 31.71598275421323, 44.139288360422036, 47.854322175338126, 35.21131314474979, 63.26319473080995, 28.896143189936076, 31.616333547621593, 70.537632241395, 65.53976925446156, 76.77149424648547, 35.84116300967219, 56.16715982997487, 39.87934765953438, 42.92080882099668, 14.559731375658579, 21.937526117962847, 83.17127322824453, 30.037494411883234, 65.88622628401167, 43.649954520671116, 43.51133717704659, 45.95438259428717], [14.723205282765495, 11.380721114380899, 83.36365035864083, 99.70524612239012, 79.74591998135844, 71.36896658793897, 25.824141808984567, 67.44695173153555, 64.09827504574352, 88.50558578141636, 60.66382271858339, 48.7035031658581, 24.448751969286977, 64.81069817484027, 0.0, 38.91039786546521, 74.69383910926177, 2.62347952961669, 88.82545661875236, 63.79514064187353, 56.655007828371666, 38.1144366838106, 54.49450752030084, 64.11922373087314, 82.76419122641923, 49.21439081041298, 94.98850266578808, 78.63144883337418, 73.01607661726226, 87.2324725838012, 53.33640498185398, 22.252117315342865, 30.075508882139125, 85.39204390247286, 5.645511328573069, 76.30188263396403, 105.08695784986773, 24.70343928979461, 97.59509273036474, 21.13626172524317, 67.14988026425775, 78.6461388664061, 55.50376760378855, 61.54086338786052, 108.35647248518532, 76.88323939908794, 22.03302644918486, 63.17368625390626, 97.0870304811931, 8.724424750914748, 85.45248769151921, 35.99496673762283, 12.640745900686523, 61.41220770067501, 18.33759791127071, 50.9528602700552, 18.237829191978705, 57.05471013543945, 25.764986199420477, 59.232809972997146, 83.92843501106724, 31.93378851064695, 42.07711560965455, 36.29083210575283, 96.35080727198962, 61.76942732064916, 68.61441591019272], [24.45179022822913, 27.530240481050594, 59.4456799726377, 81.64135602645321, 98.05652123702095, 74.96766983018149, 42.90194454698259, 49.39783999255771, 83.17630414128874, 104.44259038118551, 45.584159494414486, 17.599096625704288, 17.64370320390941, 67.59910892431567, 38.91039786546521, 0.0, 83.9527584571003, 39.570353473382355, 77.09237437820143, 31.02016626937059, 57.61673104882897, 45.343622323836684, 41.42046461102225, 59.7354223810345, 76.52870930584444, 62.75124943659867, 113.11988515712865, 96.54415834256064, 89.27978583567831, 105.0387953078539, 20.79089742572259, 49.228590524348384, 53.67006555072591, 103.35143579950426, 39.02337623101234, 98.67973341068134, 88.2093310280295, 31.970018839734717, 84.37136915791875, 59.43661404934712, 57.3957510149031, 51.83245033177366, 57.60157461078424, 68.94610008275232, 90.0392084369958, 61.77418720608715, 33.921779880262356, 37.16696926113695, 89.17177337465588, 30.187418406842262, 95.42492243561763, 38.32504557232532, 51.43513233994978, 25.61642402905873, 56.3579159546566, 74.07057026173261, 52.742882930203855, 36.55291715889259, 30.57573608633314, 70.4953611712375, 89.53644845746695, 70.51603380243164, 37.63308990144014, 73.03278471761269, 80.51394184998371, 38.450375592795666, 93.00505725805407], [73.82638764629782, 75.56273076790622, 66.03050026188178, 61.08492978732248, 23.03447298761029, 12.903380258970678, 49.38633921187084, 52.76334242606929, 21.45991789802575, 23.631720854412734, 49.04517314723973, 74.0861739893881, 85.61983464858326, 18.264913373823788, 74.69383910926177, 83.9527584571003, 0.0, 72.14164967371278, 43.945987508139844, 78.09830084223199, 27.301912842946745, 39.995761874227064, 48.375789592539846, 30.54810786905847, 31.676547588371893, 25.48428896398149, 33.54040974696537, 21.47562964375248, 15.363328663899141, 26.688460301364927, 76.04293782740659, 53.41286389602247, 45.674741776758836, 25.719245596592586, 80.32981308751873, 31.822688024935452, 61.71573597031361, 56.12017604077713, 50.58465851578968, 71.55298777003154, 38.63816541214313, 70.34773806225651, 26.832366839316116, 15.014602420441857, 66.51066901911588, 47.70777071728254, 56.49940350929327, 66.10731993181768, 40.49673698316275, 74.99516630645914, 11.514155698354488, 46.19338743051926, 77.76147803513389, 83.67938779722654, 83.3546155759315, 32.51976060199586, 62.260287281144386, 58.124994437664455, 56.60767464558479, 15.463013460213421, 10.98681086814737, 86.90615115033849, 46.47230017278723, 66.49546032640187, 55.021494607645714, 61.765229148825064, 34.5597666330403], [15.13918780591105, 12.248532150492373, 82.17132086299979, 98.06922388921797, 77.1277661717003, 68.9607048299822, 23.421071866805047, 66.02965677366046, 61.47709121638984, 85.88216937171772, 59.16040439276645, 48.47071887424252, 25.91876779555215, 62.459730561048, 2.62347952961669, 39.570353473382355, 72.14164967371278, 0.0, 86.91725336502456, 63.45064554445074, 54.429882577251014, 35.88086698673929, 52.97425434925162, 62.045624679926185, 80.64598415400117, 46.65848252839113, 92.37565578676713, 76.01094042483527, 70.39327951887842, 84.61442010514298, 53.116778529664025, 19.62921988353821, 27.452798070355065, 82.77416741040005, 8.243353797301257, 73.72966992918175, 103.36532299340907, 23.019393698985166, 95.71826645733309, 19.961488096252154, 65.29430508981574, 77.68832488081468, 53.245558002193974, 59.070791888943816, 106.70100449230038, 75.21684247500926, 20.172718618494407, 62.312870258972794, 94.97728011359092, 9.609939323467797, 82.87185963680317, 34.068287167251675, 12.74014851266175, 61.39137763389425, 18.92581597977581, 48.35367778848547, 15.981590766214387, 55.92723417806773, 24.20070841215116, 56.68363598473052, 81.42964795073397, 31.967366580838895, 40.35097785822055, 34.65143237318307, 94.60994375138458, 60.74740949291871, 66.07585319570974], [80.45827044028475, 83.79709315659908, 29.523743945092406, 17.14896366842506, 66.85190796016283, 32.472836125522896, 65.22213716267915, 28.166133896897687, 62.9325386224465, 65.19786164863991, 31.632880014753727, 60.782446463840856, 87.43801956010174, 32.79229574681791, 88.82545661875236, 77.09237437820143, 43.945987508139844, 86.91725336502456, 0.0, 55.627922529907046, 35.15730915361066, 52.188097562513136, 36.70196600649489, 25.820101821879753, 12.269538836257626, 52.39801351772755, 74.7412776499443, 65.34617193961319, 59.17344330272412, 69.34548783754427, 59.90092902306693, 74.4040677753798, 69.19747453184087, 68.75761987097185, 93.6079993125477, 75.66731026290962, 18.881907338468935, 64.24899103768492, 8.928743556658555, 95.79354062202809, 21.761938258321685, 37.507392105999266, 36.84149525247593, 40.61262813933446, 23.448300342394816, 15.686275125027397, 66.79304675733817, 43.33888819535737, 13.697540103266121, 84.66820337409033, 48.93457477510858, 52.84971106502341, 97.27503277516125, 63.43558872201257, 103.84729627225202, 68.63281868874157, 84.74460156623137, 40.712793517552086, 63.436496382146274, 47.21824824886085, 38.11803328727333, 112.43385634600759, 47.02160117909575, 97.37322938076146, 11.141398157675455, 40.238030665663466, 77.29841334292321], [49.54729743950071, 53.40488311793053, 31.142465000606794, 55.18101071191363, 97.57298338480486, 66.20700654074598, 55.056343306535815, 28.54832462503767, 85.2725033756317, 101.33283970424377, 29.49767405793406, 15.227365564015328, 47.83208773261205, 59.84559541429503, 63.79514064187353, 31.02016626937059, 78.09830084223199, 63.45064554445074, 55.627922529907046, 0.0, 51.32040949438814, 49.418290821003346, 29.845631801441137, 48.15842521126135, 59.499733887710505, 64.81433434635211, 111.02276393812757, 95.90699784513495, 88.22542966059909, 103.40633395874175, 10.765631277580969, 64.73326202011839, 65.61523385816376, 102.01377272018192, 65.79676699439543, 101.51571364044221, 62.031220351904764, 45.32777102542298, 60.9575102229841, 81.39903708885309, 41.77589558886038, 22.394819820666083, 52.25735070952427, 64.59106917716193, 62.882988544884526, 40.185329479162014, 48.65853595684817, 12.810062406243272, 69.13214498272005, 55.70732177319492, 88.5197154418176, 42.967361948144784, 76.18603676658464, 8.042815272110593, 82.13257350651544, 80.86792088491866, 72.04465179050607, 19.977448812231128, 43.52467362216604, 68.82839589077439, 79.93728539650562, 95.38302967520313, 37.127615995416676, 91.77741391023382, 55.635912790812256, 16.87626414408849, 98.16121801285364], [51.62235364398189, 54.21138502659581, 45.30677943125388, 50.04623009070235, 46.427601588664075, 17.372820759725638, 31.387089416557707, 28.930599015585525, 35.64696978015034, 50.078301264574044, 23.45618210048063, 46.8104753951734, 61.81893628427434, 9.986310256213713, 56.655007828371666, 57.61673104882897, 27.301912842946745, 54.429882577251014, 35.15730915361066, 51.32040949438814, 0.0, 18.5490166711599, 21.480486905355438, 9.622139504894523, 26.619036249451852, 18.613962564765348, 59.71364708579034, 44.751276295302965, 37.09129727752402, 52.09122354303132, 48.750730454212025, 39.703271983379224, 34.08288356744184, 50.71822443464614, 61.93960557556959, 51.47960818901337, 53.62913693337147, 33.68916326816568, 44.027770408875305, 60.968166513210896, 17.391475960200676, 47.156665032894345, 1.7729888335448427, 13.279138267835963, 57.84356615243354, 29.338627919830888, 35.29013853205005, 39.92376620000434, 40.89229924735831, 54.36996259301268, 38.42565960766293, 22.11679641174398, 63.49141952742103, 56.53029160040909, 69.92227704729147, 36.214790589108766, 50.024984789970446, 31.415271568530905, 33.5522569261544, 18.220113221732323, 31.922299762352928, 77.58894416047386, 20.056064281999117, 62.29988310887985, 45.04156827317235, 35.62053447407933, 49.79643166550961], [34.1923793968767, 36.37018851037472, 54.664586793278836, 65.28965982336975, 52.75512050173497, 33.97287840861369, 13.070525037142028, 37.03652485250031, 38.21593794786463, 59.17504866239742, 29.82679710436098, 39.73881184735578, 45.632759915040246, 27.01364883275498, 38.1144366838106, 45.343622323836684, 39.995761874227064, 35.88086698673929, 52.188097562513136, 49.418290821003346, 18.5490166711599, 0.0, 24.38733936483393, 26.595670159422944, 44.92095406934257, 17.461574082799235, 67.77628267391302, 51.22541640277306, 43.93651791257221, 59.6961805867274, 43.153282640348884, 22.472546206410357, 18.89968065290575, 58.013753430391446, 43.43552098711624, 54.17129018697146, 69.79393903720639, 16.22114339115498, 61.10952749507065, 43.827034174581364, 31.409800458198195, 53.448159620497016, 17.398090401358147, 25.297224565031666, 73.61819222769061, 42.77439010405356, 17.147931398351318, 41.328012024714795, 59.25226242455086, 36.25620896199917, 51.46412111688592, 7.236383095578887, 45.24654622093774, 52.20088266553579, 51.764947296436645, 31.56139668056602, 32.73094865233931, 32.41380902521219, 16.614725448291072, 25.464376898373086, 47.603632636136155, 60.42727848128457, 12.42401734173933, 47.98517647948514, 61.00776068832367, 37.79016025850306, 49.57287931439525], [44.374601121628196, 47.931867487841075, 30.629511902764637, 45.33674653206993, 67.8313069623466, 36.89776742821456, 34.98439395453654, 13.311774958454935, 56.13982300995684, 71.49835213823648, 6.194873272437466, 27.217993556976552, 50.73612525494771, 30.195613721086673, 54.49450752030084, 41.42046461102225, 48.375789592539846, 52.97425434925162, 36.70196600649489, 29.845631801441137, 21.480486905355438, 24.38733936483393, 0.0, 19.41629633587154, 35.1103297572704, 36.46274268768427, 81.17728434223957, 66.15948145202316, 58.48344233165908, 73.57165640233417, 28.237969737858833, 45.38157756642985, 43.15001577861393, 72.19338538162827, 58.70220843359248, 72.28499606139245, 51.02302231930151, 30.01861643158651, 44.81968226590298, 65.87546394909214, 15.98929139317768, 29.097793667417747, 22.472192065226654, 34.757545803630215, 54.024177190226894, 22.76453865410023, 33.14312931254925, 18.730978016878446, 47.9684317836173, 49.12899065931372, 59.054835090271794, 20.738125231608876, 64.65244293293463, 35.34721023651817, 71.25872868302316, 53.64899563367227, 54.994110996461565, 9.955507817540544, 28.773640533910015, 39.232487861220996, 51.114255535192314, 82.01107217265162, 13.377607115834039, 72.01454003356602, 42.45350778181579, 14.571543758699281, 69.64990149509356], [57.45742851924365, 60.417830805926336, 37.156214343178924, 40.424248322514934, 52.06837680236121, 18.1240657143913, 39.66589332552839, 22.302076854861074, 43.222203073922095, 54.1610712863112, 18.71688050740822, 46.57943243344528, 66.4031179598245, 12.629125420087655, 64.11922373087314, 59.7354223810345, 30.54810786905847, 62.045624679926185, 25.820101821879753, 48.15842521126135, 9.622139504894523, 26.595670159422944, 19.41629633587154, 0.0, 18.734065999151266, 28.008503487418075, 64.04597757225767, 50.39585173003445, 42.95783534617972, 56.901131570426706, 47.62970134155833, 48.616039181112534, 43.414680245339866, 55.73274399788994, 69.18209026224793, 58.410226622898584, 44.088726373016364, 40.10045778442797, 34.74027532200837, 69.99195409698183, 8.710033090257127, 40.23931851309804, 11.384841162525023, 19.583538679061803, 48.25541802457776, 20.153911639707804, 42.2308821798785, 35.80708847341742, 32.999312270681656, 60.90892337141821, 40.44590700276061, 28.349405956371733, 71.83781705370825, 54.362330471950706, 78.36059367370189, 45.379962072001625, 58.960236100359154, 28.411494997376394, 39.6069141602438, 25.764561227965665, 31.86735928908311, 86.63258601896578, 23.984147410964695, 71.86013877708803, 35.45763764990549, 31.48963473349429, 57.694744284334654], [76.11238230732528, 79.1242098971377, 38.143909575194535, 29.41363306088481, 54.599854298488786, 20.432532247001767, 57.91744596185814, 30.953162109906266, 50.92820495934346, 53.21923794635354, 31.648027784715385, 61.65805803491211, 84.62807283776644, 21.876247406592107, 82.76419122641923, 76.52870930584444, 31.676547588371893, 80.64598415400117, 12.269538836257626, 59.499733887710505, 26.619036249451852, 44.92095406934257, 35.1103297572704, 18.734065999151266, 0.0, 42.06606112022823, 62.87668227162945, 53.08695582290033, 46.91425456250628, 57.247510400774516, 61.70194502902237, 66.28586119214401, 60.3446362474734, 56.607640406794864, 87.87646813928782, 63.409841625779094, 30.534731483892752, 58.834463499056156, 19.589572981929603, 87.46167555653975, 19.181222771926215, 44.76963812291334, 28.086131036894823, 29.36010582828037, 35.26161168510525, 20.56342931241533, 60.939650929281235, 46.70920882644055, 14.335728141530707, 79.64040067633752, 37.08515258808484, 47.08192228769989, 90.07673451020132, 66.79592851521332, 96.5288094198043, 57.44356479910972, 76.58414741740887, 41.78478128416124, 58.327081986497596, 35.83146412664688, 26.326597544626328, 104.04501824835522, 42.4804521903224, 87.60993086468353, 23.370024017646205, 42.89705391673911, 65.19705472300555], [49.222423713379584, 50.61063316517726, 63.563405743746785, 68.15480215377076, 35.30834176034039, 24.56148487862001, 24.166127152618536, 46.578158181161555, 20.913758828406504, 42.06703854325151, 40.22984672466938, 56.64485405570743, 61.633785767415326, 20.257597930087858, 49.21439081041298, 62.75124943659867, 25.48428896398149, 46.65848252839113, 52.39801351772755, 64.81433434635211, 18.613962564765348, 17.461574082799235, 36.46274268768427, 28.008503487418075, 42.06606112022823, 0.0, 50.41261433415652, 33.793133976883006, 26.614077266035377, 42.32088358595812, 59.72506282919245, 28.112999262259628, 20.597863542183152, 40.614925380779034, 54.853029954164114, 37.0698757956216, 71.2173749593651, 32.25997832311722, 61.0037220019959, 47.492017488884, 35.99914948421186, 64.56326941822952, 16.863221301299138, 13.85592089171042, 75.62354525420366, 47.950546072599835, 31.994531395641115, 55.04064494722735, 55.43145164417846, 49.84749998712156, 36.346004045755066, 24.652597280364027, 52.67489275267747, 68.51369276635917, 58.522958323036626, 17.72126813960294, 37.467686469733906, 46.02144328434891, 33.11568905313933, 10.039056593938797, 35.125077619805545, 63.60012653027884, 28.146304323022267, 45.63622742283354, 62.86462903393906, 50.999586901497004, 33.371011184797574], [98.4216328863768, 99.1481346000537, 99.23765031132419, 91.3732941930057, 15.411408719700477, 46.35768538405309, 73.0743437000345, 86.29785901631061, 31.11491241010954, 9.924500602978133, 82.37088136654805, 105.5746039171463, 111.326452265295, 51.57536169295792, 94.98850266578808, 113.11988515712865, 33.54040974696537, 92.37565578676713, 74.7412776499443, 111.02276393812757, 59.71364708579034, 67.77628267391302, 81.17728434223957, 64.04597757225767, 62.87668227162945, 50.41261433415652, 0.0, 16.755190838145854, 23.84269046091141, 8.094681931335177, 108.02609027327084, 72.80555445149265, 65.1878624121712, 9.845947746595023, 100.45738336299578, 20.742125138759874, 90.55483907709298, 82.42745370759894, 79.7029492175621, 84.68275179816906, 72.17460926223052, 103.8536711857931, 58.86285301855137, 46.47477385526999, 95.29708566798975, 80.83548304506435, 81.72315148367949, 99.33923506651657, 67.44359155665498, 97.87817057076992, 25.811415905480093, 74.84838875393086, 93.8767141974415, 116.13852229971852, 97.96003190883854, 44.141169651737755, 78.58824410979456, 91.07718128434996, 83.40929459438107, 43.094595055843236, 36.62398034351554, 96.61199142358282, 77.04843520783217, 73.69487919170459, 85.27863188995097, 94.99854354155121, 29.41250419787725], [81.69188371422266, 82.47307570273138, 86.94504804417355, 82.45807742636882, 1.6800623417051028, 34.01545324798044, 56.33190081311209, 72.63061937664007, 14.539053586059538, 10.421682721197511, 68.00439422225179, 89.59645131231441, 94.57574203739468, 37.7738354278745, 78.63144883337418, 96.54415834256064, 21.47562964375248, 76.01094042483527, 65.34617193961319, 95.90699784513495, 44.751276295302965, 51.22541640277306, 66.15948145202316, 50.39585173003445, 53.08695582290033, 33.793133976883006, 16.755190838145854, 0.0, 7.681706729867487, 8.709716258468745, 92.25892636608059, 56.39065102846162, 48.67481616766966, 6.912028676327093, 84.15440275815949, 11.673474388367397, 82.78896235175333, 65.6913045469847, 71.66561199626896, 69.5931199483486, 58.92677005838302, 90.63239815432853, 43.68729453748845, 31.528477976663684, 87.59308662055965, 68.78600544186486, 64.96798710070169, 84.67354441571085, 60.75311777474989, 81.25184951595969, 19.6280112967508, 58.358996552496166, 78.22642556827077, 100.61466152934578, 82.68074939704911, 28.20684059276587, 62.72071246355997, 76.11450254990577, 66.69294646212488, 27.189643823000274, 28.901487870652208, 82.61972088223895, 60.95647154322043, 60.068706478767346, 76.3728295905412, 80.3643023755128, 17.969644823383216], [75.1946365413799, 76.18196124666072, 79.7271938177364, 76.32240625641695, 9.348950860726246, 27.183890027742383, 49.81654366646497, 65.12702640174587, 9.915372782202393, 15.66670264784257, 60.38947742400044, 82.00151318023515, 87.9183480901146, 30.372869669580382, 73.01607661726226, 89.27978583567831, 15.363328663899141, 70.39327951887842, 59.17344330272412, 88.22542966059909, 37.09129727752402, 43.93651791257221, 58.48344233165908, 42.95783534617972, 46.91425456250628, 26.614077266035377, 23.84269046091141, 7.681706729867487, 0.0, 15.77709801219458, 84.62073377211526, 50.79242086719691, 42.940581467100714, 14.144254476271502, 78.60515104346273, 16.496074472865978, 77.072806926029, 58.77200871778041, 65.94341826540791, 65.59838623643911, 51.55248732672102, 83.19039029001324, 36.01176152079844, 23.898482630345146, 81.86565754214794, 61.69575086555979, 58.241261905435216, 77.01501459364792, 55.71589594331444, 75.09840674911291, 17.487938057276192, 51.00708798803247, 73.56002166626618, 92.94823793094116, 78.39152132265407, 24.001159927363354, 57.902084117881564, 68.43880391596076, 59.69408782915169, 19.53473377221101, 24.584780772100494, 79.52169008566995, 53.38448891636206, 57.54359154219181, 70.28346622397233, 72.71021374741514, 19.735836798832953], [90.40090514822141, 91.17836723231221, 92.71096651767341, 86.24959286217393, 7.486771143744809, 39.59154879133065, 65.03836723820682, 79.20143528649415, 23.194677979068327, 5.1266473578373635, 75.00328426519475, 97.65707989356692, 103