instance_id,num_cities,city_coordinates,distance_matrix,best_route,total_distance
772,62,"[[20.047048321058224, 71.99256177660742], [77.71461754892948, 12.402906003083569], [14.700719621687664, 4.864285767310228], [0.756225886599815, 13.805887990697052], [16.278470802341715, 52.33283313028163], [33.912143071492906, 18.991150469429307], [57.319123661533425, 87.78373734830143], [28.630855956190192, 10.066461598312637], [29.265686470767307, 32.51693459002753], [58.6329992040706, 98.47771615092465], [34.980982032973884, 58.33438993411867], [34.95661918271142, 38.4907234534667], [30.903515728225806, 58.31596049888479], [15.264376253810886, 10.13231739997077], [23.47824278358085, 75.85490026537352], [60.83821804388164, 27.490605446181537], [38.39717154894199, 61.45900876670524], [96.0413267698514, 36.00548813514113], [53.720634763887546, 96.47918293422893], [90.82075412172401, 1.197425407621], [36.51538349154475, 97.33258458399744], [4.430858979791941, 5.040287775105501], [7.330207663592447, 58.002161171234], [63.91896257340201, 22.850331564659964], [13.370303494709567, 54.42728752767382], [33.24995164416645, 78.35192959260138], [55.04302707562066, 58.40759303283145], [59.235308402080854, 16.888481576125248], [94.06329192606552, 56.884991473487176], [8.520066237344304, 57.58770838616037], [21.18208926618066, 60.336504512387116], [64.1732502097327, 99.75554037927648], [16.800508383614922, 47.68717016959789], [98.36688011263578, 44.020751993235066], [71.08488729987295, 39.129508234822055], [6.20300414599776, 71.85417394085425], [51.44995279070428, 99.2713449944248], [19.083644162645985, 64.14436217636111], [69.44568568725234, 27.7146111335705], [24.866435735420943, 62.84110290812372], [55.96416376095935, 56.31520602957456], [53.13695277426969, 31.000396310437537], [25.330446518883708, 56.96848889007309], [94.88293830007865, 31.099966773126862], [78.18471316161566, 97.93063827387431], [8.539465235388754, 49.427327478898164], [67.19757297089997, 14.317492838976575], [13.999093826179376, 9.118892025099557], [75.89597970475363, 12.531924446742082], [50.84607844505158, 85.4104192912453], [43.685661882332575, 77.72578998080513], [63.24034610732514, 42.932681375152285], [90.99489407313416, 90.4516635620608], [91.54257607617296, 28.237400845940954], [97.21455238554755, 25.74214650500388], [39.117568407559034, 81.4532014325616], [52.4610121299483, 39.81112588794908], [18.081675658838915, 41.49566961601311], [27.709887238995822, 10.70582691881331], [31.55570050242288, 13.530253363577904], [53.54590187052516, 85.88441778494413], [73.83471064004623, 7.773677652929056]]","[[0.0, 82.92451757989544, 67.34083954438123, 61.30109979817452, 20.017669868437192, 54.78494732124143, 40.4792394459447, 62.518186448497936, 40.53774082394228, 46.80105776344866, 20.237787284949004, 36.6697214921046, 17.461738374878262, 62.04485302134282, 5.166309518548993, 60.36839938735594, 21.15851510600256, 84.08448029350618, 41.635382064292095, 100.10428944986612, 30.221231264899355, 68.74934445879808, 18.906330828751713, 65.87642712206733, 18.791428389465857, 14.654631185343495, 37.54024380260676, 67.61789247617115, 75.54232587006773, 18.449149496888342, 11.711190754739132, 52.133527350567014, 24.521257772298373, 83.16500582828193, 60.702893635457535, 13.844735834031287, 41.5965674422108, 7.907109746155812, 66.33824151109194, 10.34290551398719, 39.18952238471665, 52.68111052672024, 15.925987021741589, 85.27962684645573, 63.661384570955235, 25.330105948931603, 74.4955404820705, 63.163882888829754, 81.5761639719256, 33.59492754660701, 24.323937936540453, 52.05898215101796, 73.3098578336235, 83.82198158628142, 89.9662414260969, 21.288223013427956, 45.676141098607076, 30.560155777684077, 61.76392935858125, 59.5843148824572, 36.26509137566034, 83.76859611949999], [82.92451757989544, 0.0, 63.46323445148428, 76.97117905885358, 73.27209023531138, 44.29516605110334, 78.0912665104555, 49.13933886968214, 52.45829837702427, 88.16451157152599, 62.736471215055424, 50.088128769300425, 65.56895474843792, 62.491505106079195, 83.47298918541867, 22.63739240149443, 62.867819894735824, 29.882271569757663, 87.43301180041514, 17.243364266871776, 94.39505914385832, 73.65268099119405, 83.86451709034772, 17.30516677378394, 76.85206173963329, 79.53854553883276, 51.287739697655624, 19.015921086454675, 47.39129753114928, 82.64110537504503, 74.11853088189824, 88.39599177494365, 70.39536911740875, 37.76511795370437, 27.536604547925364, 92.99658117855174, 90.75218073222445, 78.19699052491909, 17.401826000050665, 73.05437719962616, 49.00379917515769, 30.820906078629125, 68.77639531526947, 25.38368213740928, 85.52902418050334, 78.46024141704078, 10.689895668734787, 63.80009961647337, 1.8232085363645765, 77.79470026999094, 73.6549319117606, 33.78715315077932, 79.17053935056491, 21.022456182845115, 23.625892486854802, 79.10547074203882, 37.26868798220207, 66.35116165603067, 50.033520071922446, 46.17268169575481, 77.35411683479593, 6.040151714938483], [67.34083954438123, 63.46323445148428, 0.0, 16.565058280886923, 47.494760632502555, 23.84632251060328, 93.23070209644398, 14.869812765280304, 31.25391569431449, 103.40947508566362, 57.18689607838472, 39.25606677301289, 55.85348810307279, 5.29810023325801, 71.53119780676263, 51.38695459811206, 61.355395079152785, 87.09804163209469, 99.57832676144727, 76.20830346611965, 95.00666211275401, 10.271368667841049, 53.64660519517849, 52.40165343458488, 49.580854677675006, 75.79253131817543, 67.04019334427426, 46.12928443719291, 94.89242174660879, 53.08445882650848, 55.849576587206236, 107.01346403428896, 42.87433429659763, 92.37562047747815, 65.97938947512164, 67.5267079444105, 101.30744775396657, 59.44188326924582, 59.32241295550767, 58.86130401107626, 65.9535368124309, 46.48053671465311, 53.177430146323395, 84.36527218013511, 112.6568391383926, 44.986950799108556, 53.34119173311097, 4.312070635523351, 61.67375892186567, 88.2845773061485, 78.41508575590575, 61.68709819338536, 114.65600853426355, 80.31795198989226, 85.1141449252988, 80.38684287500719, 51.45018294162712, 36.787078524886425, 14.26050648188637, 18.952292074298324, 89.85104326662115, 59.20551878755405], [61.30109979817452, 76.97117905885358, 16.565058280886923, 0.0, 41.53631650751947, 33.55893012813188, 93.12402268090655, 28.12433663680929, 34.10121123424381, 102.56236821386784, 56.16156531476017, 42.17828829424833, 53.75877267459828, 14.966013095098365, 66.07851372518635, 61.620753593445414, 60.72611225863401, 97.83696999041125, 98.18402265409954, 90.942798367569, 90.85937704169311, 9.504665986196537, 44.68252230406069, 63.807000127955455, 42.53484517717341, 72.26364023547883, 70.2592974345875, 58.56027215668796, 102.77167766351852, 44.46487393586601, 50.81647536665523, 106.81320948140481, 37.4881352287671, 102.18012441334479, 74.74895556762964, 58.30326659080319, 99.36900064046112, 53.5710392283547, 70.08348212789203, 54.64205816907352, 69.67753242236395, 55.130678080704634, 49.667921600193665, 95.70226303856475, 114.3334782638236, 36.46183985994275, 66.4433167587021, 14.047828388995626, 75.15055280544573, 87.38536623542085, 76.99798922917883, 68.9393601117591, 118.3959127209014, 91.92622011175527, 97.19404826581699, 77.76729142713036, 57.876224121508066, 32.6633619866062, 27.131351587214656, 30.80070796359065, 89.34239949647642, 73.32702431858785], [20.017669868437192, 73.27209023531138, 47.494760632502555, 41.53631650751947, 0.0, 37.71755825014143, 54.23192599367918, 44.03439089470246, 23.69256435626679, 62.635902684655925, 19.641858628999575, 23.248166104535663, 15.801574358052308, 42.21269851191196, 24.599275576520665, 51.0167359847589, 23.927473842102668, 81.41680039576619, 57.886231896157824, 90.39569638776948, 49.340756642826484, 48.75398190988314, 10.593049307740797, 56.02530102333541, 3.5838772735594477, 31.06484415991692, 39.237654503522975, 55.691937959322175, 77.91790899935216, 9.370515212570725, 9.386385333643435, 67.40046778254965, 4.674901879240928, 82.50816708619347, 56.374383168207935, 21.968108143070197, 58.65370441223658, 12.140066556149522, 58.59018341751128, 13.571178114508262, 39.88500369204817, 42.58662412011052, 10.169934547289559, 81.4217226810117, 76.88655719277727, 8.266448466878032, 63.54463835065705, 43.274013740830696, 71.68235277782543, 47.84397772318172, 37.36249965550591, 47.89342945728853, 83.87841879689286, 79.0270548586976, 85.19221746877514, 37.00838053037549, 38.28798047934419, 10.986157689997347, 43.16810081388603, 41.70172590985231, 50.14549083677205, 72.78900384749227], [54.78494732124143, 44.29516605110334, 23.84632251060328, 33.55893012813188, 37.71755825014143, 0.0, 72.66571922048045, 10.370249034642137, 14.301622111475803, 83.24202575482096, 39.357755376818304, 19.52752613381191, 39.43973278742412, 20.645050996284187, 57.81308083880184, 28.235691036709852, 42.70403340202231, 64.41679247857063, 79.97981944461684, 59.62555377723305, 78.38467426615877, 32.61552822830647, 47.206548761862614, 30.253966605156723, 40.95957742468777, 59.36447250331166, 44.72326243857756, 25.41031126993843, 71.09222105523057, 46.20012823543763, 43.260750927644246, 86.24744218086616, 33.41062089102584, 69.14400971511108, 42.27725590616681, 59.684969888011295, 82.17350182825594, 47.52574993980292, 36.58867880622106, 44.77324145162631, 43.35177897094266, 22.66749421038315, 38.93486547090116, 62.16157416831419, 90.50692347667638, 39.62491200654522, 33.61194607925925, 22.225908688688563, 42.47780760892074, 68.54398177856696, 59.5422501126478, 37.859482239205114, 91.460622091573, 58.36745629485714, 63.661377399774, 62.67857898397422, 27.884259354974656, 27.51467027827259, 10.349616599185506, 5.947622952240801, 69.71508944786274, 41.468579643564205], [40.4792394459447, 78.0912665104555, 93.23070209644398, 93.12402268090655, 54.23192599367918, 72.66571922048045, 0.0, 82.84317505946542, 61.979148310848956, 10.774388686706644, 36.96290890255822, 54.12839204522617, 39.57441363979054, 88.30823743864075, 35.881783299423844, 60.39574306056928, 32.41961762029143, 64.65598274824971, 9.410626774254025, 92.84152443265883, 22.890523991185955, 98.20207222008078, 58.18791972772072, 65.26794818535096, 55.1738301977656, 25.851190284822184, 29.464189629306336, 70.9211467403213, 48.009024131808786, 57.3859579563831, 45.37880392033049, 13.795039635723906, 57.00432337600593, 60.00097663252464, 50.56412027489032, 53.54071968771438, 12.90008899745507, 44.95299713066516, 61.28093855975839, 40.9305749586539, 31.497688481694293, 56.937144051599866, 44.416832427347, 68.00066188514646, 23.201991801984025, 62.05376099996682, 74.12740952617749, 89.80413617790241, 77.51086972432849, 6.894414621602556, 16.942065556839758, 45.240226537442375, 33.781286877454924, 68.68049858605748, 73.76180737644674, 19.27102225217839, 48.21797069536678, 60.68082514397004, 82.56943234455424, 78.59601679948537, 4.224288991995149, 81.69684367037611], [62.518186448497936, 49.13933886968214, 14.869812765280304, 28.12433663680929, 44.03439089470246, 10.370249034642137, 82.84317505946542, 0.0, 22.45944672813554, 93.36315403323248, 48.6838474960798, 29.119648734288926, 48.302992936211965, 13.366641935083397, 65.9899089615691, 36.618505724276794, 52.31228177696597, 72.22883546754552, 89.98141702206019, 62.819131136869956, 87.62158407269541, 24.716437384032055, 52.4552086186903, 37.53235670650307, 46.912336741679006, 68.44151652450223, 55.086003409318955, 31.35558109955, 80.45730803739612, 51.60148020538913, 50.81890730609116, 96.4748290584243, 39.43697297072271, 77.56292220752829, 51.44905691192327, 65.73225945716929, 92.0772632198465, 54.91419291913599, 44.46692600117999, 52.908729194507735, 53.72202599510219, 32.23008538289332, 47.01800576939545, 69.51076718638856, 100.8746663281223, 44.192100470167155, 38.80029546152716, 14.662412868463973, 47.329382311878966, 78.5507993025153, 69.31400939668521, 47.728452844619135, 101.74012947212236, 65.48333804561314, 70.35233125638491, 72.15287771253784, 38.11327061495609, 33.152380330315836, 1.1211473547708042, 4.53349412845617, 79.80677911826409, 45.26196346270655], [40.53774082394228, 52.45829837702427, 31.25391569431449, 34.10121123424381, 23.69256435626679, 14.301622111475803, 61.979148310848956, 22.45944672813554, 0.0, 72.20293457540367, 26.44249617202427, 8.250628371028805, 25.850961733027944, 26.402798611829635, 43.722691743645214, 31.970122530224636, 30.34843780792088, 66.86670429436303, 68.47783370744492, 69.06473781127895, 65.21983280439993, 37.03693800381547, 33.62531790772319, 35.97628050112294, 27.068926203449067, 46.007837765514815, 36.53488036466734, 33.799804471529434, 69.2281147296098, 32.54111948913668, 28.970209085042086, 75.75993739881227, 19.63457950362285, 70.05221465148226, 42.33877287065487, 45.59940477415761, 70.34410409261456, 33.22601633198219, 40.46596900627952, 30.641615349336174, 35.765436011955174, 23.919390529154168, 24.766199166746947, 65.63254935948622, 81.68245712524839, 26.749535217528983, 42.07193474881852, 27.938096693331985, 50.73248345502882, 57.12647408690398, 47.45288501887306, 35.53540879899637, 84.65771017620933, 62.423756599476285, 68.28576815634253, 49.91811084346224, 24.31518782831288, 14.342237639510488, 21.866525309131323, 19.124283731946512, 58.63119581262474, 50.9767268393827], [46.80105776344866, 88.16451157152599, 103.40947508566362, 102.56236821386784, 62.635902684655925, 83.24202575482096, 10.774388686706644, 93.36315403323248, 72.20293457540367, 0.0, 46.59296680842245, 64.490388925798, 48.8046193601723, 98.41619245361424, 41.80488844113221, 71.02135507253372, 42.188546043760844, 72.81594773485273, 5.30334417244545, 102.46709976251212, 22.14724025951187, 108.0204842906136, 65.34712672153013, 75.81189028180671, 63.15973309609791, 32.393616470217424, 40.23061852099958, 81.59145773223842, 54.63753644207764, 64.6784259667015, 53.453930448860866, 5.685702767846985, 65.79997605869455, 67.41173664376204, 60.640409794157286, 58.80235863977688, 7.226756016208803, 52.372995707094475, 71.58443420661138, 49.09326849884126, 42.24689269467466, 67.70077709460891, 53.217252495245106, 76.51025549350638, 19.55936637218139, 70.10922032335223, 84.59488821273085, 99.8858596520683, 87.66236140685294, 15.211521361330924, 25.574701030117904, 55.73579221405838, 33.3423118525925, 77.5676617157198, 82.33467882740374, 25.897608780912424, 58.99035715714046, 69.93828328302665, 93.05989143008159, 89.15857524089265, 13.581963150280327, 91.96909606182143], [20.237787284949004, 62.736471215055424, 57.18689607838472, 56.16156531476017, 19.641858628999575, 39.357755376818304, 36.96290890255822, 48.6838474960798, 26.44249617202427, 46.59296680842245, 0.0, 19.843681436261353, 4.077507953448894, 52.07863611922051, 20.959038444240107, 40.24842476000888, 4.629642929855938, 65.01496408469905, 42.49940961350523, 79.89188232997024, 39.028368833271756, 61.42940129530721, 27.652770189934486, 45.78782716099716, 21.961030852367678, 20.092246270288022, 20.062178595228612, 48.02120018531759, 59.10008543311079, 26.47144873401266, 13.943382099547204, 50.67445338140514, 21.0687662388911, 64.98193830956406, 40.89400269728068, 31.79554325455173, 44.12551741825247, 16.925753419537614, 46.101915923004036, 11.073143575128402, 21.080109560199947, 32.814424891779375, 9.746718492438394, 65.80241765724189, 58.60396971212421, 27.90142598754005, 54.54719022595013, 53.50144733701217, 61.415819453981605, 31.381724775934543, 21.255536856322003, 32.18391344168811, 64.56839480221666, 64.07060693392519, 70.2514883157034, 23.48597010844859, 25.468858692828196, 23.85642592422972, 48.18037810567626, 44.93487740492014, 33.22138292058239, 63.76517743293175], [36.6697214921046, 50.088128769300425, 39.25606677301289, 42.17828829424833, 23.248166104535663, 19.52752613381191, 54.12839204522617, 29.119648734288926, 8.250628371028805, 64.490388925798, 19.843681436261353, 0.0, 20.235307546953198, 34.5251158646251, 39.08752785213658, 28.122228855208594, 23.224545868866926, 61.13524266406284, 60.9487466128929, 67.16838282719397, 58.86250391781815, 45.28524796264588, 33.82180975698997, 32.915637516471264, 26.831755430336344, 39.89772511000735, 28.286842805123225, 32.497870766219286, 61.90272900916652, 32.61266878304699, 25.82587509641613, 67.8748062356136, 20.352370661711834, 63.65094191645356, 36.1339148604521, 44.04418470245404, 62.97867899860814, 30.167209279487704, 36.13336830528902, 26.358163471413516, 27.550482905260424, 19.662897299481106, 20.834850987805737, 60.38035282494233, 73.49674538988981, 28.591525497699998, 40.29670184411414, 36.082161112190875, 48.475669008537416, 49.53718576139774, 40.194360697198334, 28.630406894142183, 76.42138149538705, 57.50740075888221, 63.549795128699536, 43.16350324702542, 17.554123021109977, 17.140403156684766, 28.714379660815627, 25.19109594634915, 50.90897458437921, 49.548389459973535], [17.461738374878262, 65.56895474843792, 55.85348810307279, 53.75877267459828, 15.801574358052308, 39.43973278742412, 39.57441363979054, 48.302992936211965, 25.850961733027944, 48.8046193601723, 4.077507953448894, 20.235307546953198, 0.0, 50.658130105479884, 19.04597297160205, 42.96846421332916, 8.126107922812906, 68.85268044446701, 44.46405815641563, 82.78044761702625, 39.41814321847201, 59.49032576387225, 23.575396563539332, 48.45441740529733, 17.95926804473251, 20.172898131700922, 24.139685263322768, 50.188907997783666, 63.17598437470402, 22.395293305749114, 9.929185795796736, 53.142393746737945, 17.659728197967578, 68.96128276274794, 44.52709929761797, 28.16733028925717, 45.820296759622885, 13.178756767647362, 49.21322432160393, 7.5447497416029305, 25.140387790704754, 35.22024658933521, 5.733653298610804, 69.52752567946172, 61.683339127769656, 24.06571319138832, 57.036161753351685, 52.02029436918538, 64.19111910461646, 33.64246579793834, 23.24058391740987, 35.8094383586968, 68.14453142223182, 67.68910836078193, 73.87967880734607, 24.552038193230945, 28.410465590841035, 21.14998269855915, 47.71712567244041, 44.7904555523738, 35.67488594726363, 66.31447694008682], [62.04485302134282, 62.491505106079195, 5.29810023325801, 14.966013095098365, 42.21269851191196, 20.645050996284187, 88.30823743864075, 13.366641935083397, 26.402798611829635, 98.41619245361424, 52.07863611922051, 34.5251158646251, 50.658130105479884, 0.0, 66.23386974855542, 48.76766571614457, 56.29880518112666, 84.8194358538309, 94.52335693459635, 76.08283992750158, 89.75239219978405, 11.970541434161298, 48.52291184485076, 50.28932942706414, 44.335447333154036, 70.55066555203486, 62.55272415036886, 44.4869489666679, 91.62467813939404, 47.932242293161465, 50.55175299547269, 102.09995126754272, 37.58625637741255, 89.7465996391393, 62.90283403596629, 62.38345966143313, 96.20375351197168, 54.1469093142559, 56.96271890330475, 53.57625981750548, 61.557549539446626, 43.24128547709324, 47.90566490960809, 82.33321166182577, 108.01626703820395, 39.86630463572841, 52.10156057846184, 1.621101666184433, 60.67906929915196, 83.26373853712823, 73.32562316348917, 58.11675799878804, 110.39161515753126, 78.39743500093445, 83.42360656739194, 75.20401103075488, 47.58593693275406, 31.48963382075281, 12.458718106232356, 16.64191138620164, 84.8755319057161, 58.617806608331456], [5.166309518548993, 83.47298918541867, 71.53119780676263, 66.07851372518635, 24.599275576520665, 57.81308083880184, 35.881783299423844, 65.9899089615691, 43.722691743645214, 41.80488844113221, 20.959038444240107, 39.08752785213658, 19.04597297160205, 66.23386974855542, 0.0, 61.11360539853632, 20.7320073207432, 82.78512429611774, 36.60550926152194, 100.54229152681914, 25.12484749266578, 73.33152236191243, 24.072376937057886, 66.67035413335897, 23.69204559138653, 10.085705206731118, 36.06583060279795, 68.96090395783283, 73.08971611669772, 23.610111070055805, 15.687349289213127, 47.19453598954927, 28.94845687536647, 81.37395773351088, 60.1260926877699, 17.732447126923713, 36.479397534379906, 12.507965437005845, 66.56195042812288, 13.087627796017895, 37.909559646308146, 53.773279641055495, 18.97701750313118, 84.27119682132906, 58.99267844269122, 30.357596710194645, 75.48663686236263, 67.40585331262055, 82.2035182365345, 28.9880384408305, 20.29384179892767, 51.62264384341193, 69.07650613699754, 83.06732039451329, 89.15341520752038, 16.61112524579115, 46.250995560694854, 34.78044950180766, 65.28635824360649, 62.8458983119279, 31.696298595326212, 84.68073409804883], [60.36839938735594, 22.63739240149443, 51.38695459811206, 61.620753593445414, 51.0167359847589, 28.235691036709852, 60.39574306056928, 36.618505724276794, 31.970122530224636, 71.02135507253372, 40.24842476000888, 28.122228855208594, 42.96846421332916, 48.76766571614457, 61.11360539853632, 0.0, 40.71182864885596, 36.218256324389664, 69.3547677926469, 39.878362381111856, 73.95608379671997, 60.71084680777704, 61.595959344912536, 5.5698409808271, 54.57827180487569, 57.861789955624815, 31.455434503304488, 10.72260928486137, 44.36141864727545, 60.35747355408085, 51.49234540299138, 72.34184999315201, 48.448127917898894, 41.00787999321364, 15.5067175432166, 70.37849676747182, 72.39208585582233, 55.560258480669006, 8.610381976408252, 50.434381063457764, 29.233781896036213, 8.463339687366101, 46.14918689427918, 34.23551469616252, 72.54446303913213, 56.71313180264794, 14.627791728415284, 50.31325284164905, 21.22494578270148, 58.77540037812885, 53.082802752895226, 15.627793453628719, 69.81060054321564, 30.713438517108997, 36.4183306702222, 58.16999558374715, 14.898751722223297, 44.99181857988244, 37.137785234592926, 32.4400564709141, 58.847389021322094, 23.614954190226435], [21.15851510600256, 62.867819894735824, 61.355395079152785, 60.72611225863401, 23.927473842102668, 42.70403340202231, 32.41961762029143, 52.31228177696597, 30.34843780792088, 42.188546043760844, 4.629642929855938, 23.224545868866926, 8.126107922812906, 56.29880518112666, 20.7320073207432, 40.71182864885596, 0.0, 63.01373138986261, 38.225922142225464, 79.87296437912615, 35.9228975475528, 65.85425170688053, 31.25869543586117, 46.28165697539295, 25.99594637991479, 17.659689883407157, 16.9232279484734, 49.20121788692202, 55.85372496117932, 30.126871534175358, 17.251639742447825, 46.16308660260857, 25.614046892698752, 62.45365277157011, 39.58652996938518, 33.83081249048916, 40.00184832158902, 19.49931955315252, 45.85514804054139, 13.601139506344474, 18.30458745712647, 33.83767461471945, 13.81680396378193, 64.12732082530557, 53.974329328750756, 32.19074371489052, 55.2429691999825, 57.74732909053783, 61.644303817620894, 26.993431590352746, 17.104861913320402, 30.990452219309436, 60.059091291948185, 62.67463007632363, 68.81263356608031, 20.0071665158585, 25.815159209664074, 28.482525929178966, 51.86620781980121, 48.41457756268422, 28.741688121338996, 64.32677478025248], [84.08448029350618, 29.882271569757663, 87.09804163209469, 97.83696999041125, 81.41680039576619, 64.41679247857063, 64.65598274824971, 72.22883546754552, 66.86670429436303, 72.81594773485273, 65.01496408469905, 61.13524266406284, 68.85268044446701, 84.8194358538309, 82.78512429611774, 36.218256324389664, 63.01373138986261, 0.0, 73.81130492354725, 35.19738072097627, 85.46549410153494, 96.70223080183142, 91.39757260311478, 34.71173326071758, 84.69864687359392, 75.73623897636186, 46.71953426207372, 41.47460581929765, 20.972989331500525, 90.14301568154067, 78.71406353111745, 71.27161752599399, 80.09724710422114, 8.345816500798623, 25.151210161777676, 96.72668962527534, 77.40128731156561, 81.94071725692307, 27.85797490934335, 76.06586181728943, 44.92954079214225, 43.19532673943401, 73.7528032451511, 5.040436854091195, 64.44829609274768, 88.5252593521527, 36.08782721612622, 86.33549117696757, 30.932882190422692, 66.95862673083815, 66.94549448549533, 33.52447372603898, 54.67954372140836, 8.976744283787161, 10.330181013042992, 72.84098372518852, 43.74616214959375, 78.1527305603822, 72.86465869006685, 68.29005910920966, 65.52685526091018, 35.918921518331565], [41.635382064292095, 87.43301180041514, 99.57832676144727, 98.18402265409954, 57.886231896157824, 79.97981944461684, 9.410626774254025, 89.98141702206019, 68.47783370744492, 5.30334417244545, 42.49940961350523, 60.9487466128929, 44.46405815641563, 94.52335693459635, 36.60550926152194, 69.3547677926469, 38.225922142225464, 73.81130492354725, 0.0, 102.24985170514928, 17.226403156790475, 103.87758923255575, 60.27066392779973, 74.33178084851993, 58.27959454917521, 27.343119447122, 38.09454920387327, 79.78152272306309, 56.526365391159764, 59.629172287109576, 48.63178124036802, 10.954071743714263, 61.186242257220044, 68.8852248347325, 59.920801515510995, 53.519307613813545, 3.5989117235265238, 47.384193053738244, 70.5396594935808, 44.3180011893251, 40.226589007251306, 65.48138806095216, 48.652828617025406, 77.25786133621381, 24.507098042264666, 65.23201040710218, 83.25966119762872, 95.96677155241672, 86.82677081874765, 11.435934706633994, 21.26947173765886, 54.38614468114625, 37.75846126148178, 78.02204859663289, 83.03884147114083, 20.95303479441063, 56.68205481967251, 65.52344727580918, 89.63050590591851, 85.85924078241011, 10.59620593196086, 90.95736757164089], [100.10428944986612, 17.243364266871776, 76.20830346611965, 90.942798367569, 90.39569638776948, 59.62555377723305, 92.84152443265883, 62.819131136869956, 69.06473781127895, 102.46709976251212, 79.89188232997024, 67.16838282719397, 82.78044761702625, 76.08283992750158, 100.54229152681914, 39.878362381111856, 79.87296437912615, 35.19738072097627, 102.24985170514928, 0.0, 110.41305225899868, 86.47532349641398, 100.98242101005164, 34.53338578180403, 93.97867057820852, 96.26637426401861, 67.4762849621269, 35.268252366564454, 55.78188833082647, 99.76606256960245, 91.36177712929226, 102.09697102022984, 87.40877042473377, 43.483115313060026, 42.75917850964262, 110.23855824639162, 105.68137821094821, 95.43861793764943, 34.05957559046864, 90.27688014983583, 65.21465810895548, 48.04462465904515, 86.01971815739891, 30.17719868401744, 97.55503063693543, 95.37470290701589, 27.022043910259, 77.2289914729947, 18.74085803439347, 93.2191130310651, 89.87940534217014, 50.025098669728514, 89.25440803261279, 27.049608105088527, 25.363832320585647, 95.4683664799962, 54.42873937967046, 83.15601013702475, 63.82312447684994, 60.53466135933916, 92.52730023223141, 18.214630568731486], [30.221231264899355, 94.39505914385832, 95.00666211275401, 90.85937704169311, 49.340756642826484, 78.38467426615877, 22.890523991185955, 87.62158407269541, 65.21983280439993, 22.14724025951187, 39.028368833271756, 58.86250391781815, 39.41814321847201, 89.75239219978405, 25.12484749266578, 73.95608379671997, 35.9228975475528, 85.46549410153494, 17.226403156790475, 110.41305225899868, 0.0, 97.71020808188813, 48.97608287660154, 79.36348128284325, 48.74996660051443, 19.25949919006932, 43.10949482465427, 83.59096061585578, 70.34038351915196, 48.614740276429835, 40.047719691220706, 27.76379488086823, 53.41669657418682, 81.6563477535844, 67.69526342412708, 39.597850326614655, 15.059885526803939, 37.48764653335029, 77.01342110336986, 36.40549810155102, 45.394717726237715, 68.38300787900035, 41.885117121367614, 88.28097822525564, 41.673621193376356, 55.47581149096233, 88.50368471810249, 91.04196205690208, 93.49857388122074, 18.641535428128496, 20.876764280251145, 60.610008216024696, 54.91233146862044, 88.32970247624266, 93.85936249924613, 16.091183163684292, 59.69071354235157, 58.80104299758189, 87.07314113913768, 83.94896767280399, 20.52069880183752, 97.02334765150421], [68.74934445879808, 73.65268099119405, 10.271368667841049, 9.504665986196537, 48.75398190988314, 32.61552822830647, 98.20207222008078, 24.716437384032055, 37.03693800381547, 108.0204842906136, 61.42940129530721, 45.28524796264588, 59.49032576387225, 11.970541434161298, 73.33152236191243, 60.71084680777704, 65.85425170688053, 96.70223080183142, 103.87758923255575, 86.47532349641398, 97.71020808188813, 0.0, 53.041175104043454, 62.09695748545118, 50.18953489319734, 78.77269151155504, 73.55039653075791, 56.07055709395749, 103.5463487402681, 52.70629022109537, 57.777809767799695, 111.98273253382962, 44.404558373472916, 101.702766220644, 74.86544224704292, 66.83738387354595, 105.31043313684548, 60.893314283622516, 68.855302131102, 61.306990036834726, 72.69662126723068, 55.192488690787286, 55.976163054827914, 94.13121439163183, 118.60964641401574, 44.57678699760219, 63.44861636819727, 10.401256207963169, 71.8567192422056, 92.81018606774704, 82.6082428200242, 69.95991187061603, 121.60771063325663, 90.14741987600671, 95.06513933554155, 83.91722817484016, 59.29508238207491, 38.927363912437265, 23.95853690194162, 28.422465468732458, 94.59419007109399, 69.45765649302292], [18.906330828751713, 83.86451709034772, 53.64660519517849, 44.68252230406069, 10.593049307740797, 47.206548761862614, 58.18791972772072, 52.4552086186903, 33.62531790772319, 65.34712672153013, 27.652770189934486, 33.82180975698997, 23.575396563539332, 48.52291184485076, 24.072376937057886, 61.595959344912536, 31.25869543586117, 91.39757260311478, 60.27066392779973, 100.98242101005164, 48.97608287660154, 53.041175104043454, 0.0, 66.61785276434622, 7.018723474856355, 32.95369786263422, 47.71454192632697, 66.21536175633183, 86.74027884330795, 1.2599740221870013, 14.047198395641308, 70.52996640572647, 14.003058062133862, 92.10404732256363, 66.48936910802371, 13.89780002517666, 60.41272584078309, 13.261595029432486, 69.10621026645684, 18.191609387852388, 48.66320481976688, 53.17286152947099, 18.029893988384337, 91.59262364043656, 81.3304631310155, 8.659681098410294, 74.11107660895193, 49.336072452749654, 82.27276294972604, 51.4280431578124, 41.36109989916435, 57.90537800689908, 89.7371158296233, 89.31776951356504, 95.49818831978249, 39.50174163762246, 48.659051331259654, 19.699196113430308, 51.50023857529998, 50.64212759488771, 53.975092634487396, 83.34116313499459], [65.87642712206733, 17.30516677378394, 52.40165343458488, 63.807000127955455, 56.02530102333541, 30.253966605156723, 65.26794818535096, 37.53235670650307, 35.97628050112294, 75.81189028180671, 45.78782716099716, 32.915637516471264, 48.45441740529733, 50.28932942706414, 66.67035413335897, 5.5698409808271, 46.28165697539295, 34.71173326071758, 74.33178084851993, 34.53338578180403, 79.36348128284325, 62.09695748545118, 66.61785276434622, 0.0, 59.6009318932514, 63.411478574724626, 36.64834340153301, 7.58157448570714, 45.4646969332402, 65.38901332557467, 56.8476340962788, 76.90562921543363, 53.26365812749627, 40.433225494789305, 17.786569940373475, 75.71333056222498, 77.43156655133168, 60.95410356287746, 7.362464539927366, 55.89598952587237, 34.39733488366406, 13.51574232770631, 51.508467561862666, 32.04409889316591, 76.42358337185462, 61.42658575272153, 9.141040578462817, 51.77398697771438, 15.808809721664327, 63.911382990757836, 58.486771096012035, 20.09381233661277, 72.82201696191198, 28.1439964893366, 33.42093497477062, 63.634939375501276, 20.468345620532144, 49.48439655828102, 38.19144052881082, 33.67854791331066, 63.881894257855144, 18.045153169072], [18.791428389465857, 76.85206173963329, 49.580854677675006, 42.53484517717341, 3.5838772735594477, 40.95957742468777, 55.1738301977656, 46.912336741679006, 27.068926203449067, 63.15973309609791, 21.961030852367678, 26.831755430336344, 17.95926804473251, 44.335447333154036, 23.69204559138653, 54.57827180487569, 25.99594637991479, 84.69864687359392, 58.27959454917521, 93.97867057820852, 48.74996660051443, 50.18953489319734, 7.018723474856355, 59.6009318932514, 0.0, 31.106091179720828, 41.86237836728118, 59.26854669570708, 80.7304074724525, 5.78904667933253, 9.795041720778036, 68.08516653066441, 7.562769835219542, 85.63126776240405, 59.707581052124624, 18.843209652602646, 58.83068230598056, 11.272258039809834, 62.11292593475071, 14.246169511564114, 42.635679526080395, 46.15415070205238, 12.227130715051723, 84.78486614071514, 78.0605484647429, 6.952452716636799, 67.1280162766029, 45.31275847152369, 75.26407930219015, 48.624974673592526, 38.23403157827579, 51.177603703042585, 85.576473000089, 82.44279449989928, 88.61543537984366, 37.32722428585945, 41.733867334380705, 13.76313080233262, 46.01293057099863, 44.75797211388577, 51.02577533832982, 76.37083111883699], [14.654631185343495, 79.53854553883276, 75.79253131817543, 72.26364023547883, 31.06484415991692, 59.36447250331166, 25.851190284822184, 68.44151652450223, 46.007837765514815, 32.393616470217424, 20.092246270288022, 39.89772511000735, 20.172898131700922, 70.55066555203486, 10.085705206731118, 57.861789955624815, 17.659689883407157, 75.73623897636186, 27.343119447122, 96.26637426401861, 19.25949919006932, 78.77269151155504, 32.95369786263422, 63.411478574724626, 31.106091179720828, 0.0, 29.541744998737435, 66.7307590838749, 64.49102099092498, 32.29117703869851, 21.683838294794995, 37.608043672632405, 34.798155900173576, 73.61279867337596, 54.49661175925191, 27.816509440950806, 27.72836061666872, 20.063380561311067, 62.24362765487818, 17.631479898978792, 31.647316118115338, 51.358159216628835, 22.80285284143024, 77.66191495463431, 49.014881681548374, 38.04261749662386, 72.47654851120649, 71.8596480477846, 78.42803571902928, 18.95905997719007, 10.454477461280675, 46.4106335266513, 58.99899946826629, 76.87324667705155, 82.82064612479397, 6.636777343513634, 43.06342293860195, 39.85549517731434, 67.87258298139326, 64.8438138612439, 21.648648317126245, 81.41506193336406], [37.54024380260676, 51.287739697655624, 67.04019334427426, 70.2592974345875, 39.237654503522975, 44.72326243857756, 29.464189629306336, 55.086003409318955, 36.53488036466734, 40.23061852099958, 20.062178595228612, 28.286842805123225, 24.139685263322768, 62.55272415036886, 36.06583060279795, 31.455434503304488, 16.9232279484734, 46.71953426207372, 38.09454920387327, 67.4762849621269, 43.10949482465427, 73.55039653075791, 47.71454192632697, 36.64834340153301, 41.86237836728118, 29.541744998737435, 0.0, 41.73022692095717, 39.04996010890895, 46.53018478357508, 33.91583419040028, 42.34399277634392, 39.71671817100386, 45.65016360399489, 25.07958996741551, 50.65726382151028, 41.02141400775394, 36.41411456685566, 33.90421379344415, 30.500535646570707, 2.286170633280705, 27.47339715838342, 29.74741104826245, 48.30036209297402, 45.799658732661484, 47.36271142203995, 45.73477802531256, 64.14031886118265, 50.39268400843093, 27.327037961508385, 22.409428316099707, 17.511965341460648, 48.159725878467434, 47.354594009849, 53.34293715036853, 28.012859552388647, 18.774860623993053, 40.64670530573372, 54.97780482817568, 50.65204956707675, 27.517581331542285, 54.00852486306785], [67.61789247617115, 19.015921086454675, 46.12928443719291, 58.56027215668796, 55.691937959322175, 25.41031126993843, 70.9211467403213, 31.35558109955, 33.799804471529434, 81.59145773223842, 48.02120018531759, 32.497870766219286, 50.188907997783666, 44.4869489666679, 68.96090395783283, 10.72260928486137, 49.20121788692202, 41.47460581929765, 79.78152272306309, 35.268252366564454, 83.59096061585578, 56.07055709395749, 66.21536175633183, 7.58157448570714, 59.26854669570708, 66.7307590838749, 41.73022692095717, 0.0, 53.03498128892588, 65.02663185774391, 57.7561960630613, 83.01405124423624, 52.43349570346134, 47.61764381534932, 25.200710047295527, 76.37835185341326, 82.74991206638101, 62.01027650720533, 14.881427535694803, 57.383471624319874, 39.56219140026695, 15.373226038530639, 52.49711083102372, 38.37603195810143, 83.2280667981853, 60.23989547688678, 8.367056839200842, 45.898601623016894, 17.220846619062705, 69.03357970949146, 62.79306968778684, 26.35034478317254, 80.12623182137575, 34.242627135753345, 38.99756859380526, 67.62637438623551, 23.9026925727839, 47.94929813037972, 32.12596143497453, 27.882582201194296, 69.23011310125612, 17.211106770461363], [75.54232587006773, 47.39129753114928, 94.89242174660879, 102.77167766351852, 77.91790899935216, 71.09222105523057, 48.009024131808786, 80.45730803739612, 69.2281147296098, 54.63753644207764, 59.10008543311079, 61.90272900916652, 63.17598437470402, 91.62467813939404, 73.08971611669772, 44.36141864727545, 55.85372496117932, 20.972989331500525, 56.526365391159764, 55.78188833082647, 70.34038351915196, 103.5463487402681, 86.74027884330795, 45.4646969332402, 80.7304074724525, 64.49102099092498, 39.04996010890895, 53.03498128892588, 0.0, 85.546111964781, 72.96288538297333, 52.26182696086876, 77.80833912548098, 13.565011193687392, 29.039012796642144, 89.12635184129131, 60.10407338165368, 75.33024652640006, 38.16985231965996, 69.45271895390817, 38.103388594628704, 48.42496776584151, 68.73289612395313, 25.79804874358959, 44.00993506971998, 85.84836448106105, 50.33645592388287, 93.23023154476807, 47.929591986846404, 51.78250257808773, 54.51829501411293, 33.83372498004178, 33.7066245786448, 28.75827632455349, 31.30187271098137, 60.18828352399925, 44.969618302443315, 77.52442994187705, 80.84113774888185, 76.071231764471, 49.82595331056319, 53.114184979404826], [18.449149496888342, 82.64110537504503, 53.08445882650848, 44.46487393586601, 9.370515212570725, 46.20012823543763, 57.3859579563831, 51.60148020538913, 32.54111948913668, 64.6784259667015, 26.47144873401266, 32.61266878304699, 22.395293305749114, 47.932242293161465, 23.610111070055805, 60.35747355408085, 30.126871534175358, 90.14301568154067, 59.629172287109576, 99.76606256960245, 48.614740276429835, 52.70629022109537, 1.2599740221870013, 65.38901332557467, 5.78904667933253, 32.29117703869851, 46.53018478357508, 65.02663185774391, 85.546111964781, 0.0, 12.95695594367525, 69.82408568154814, 12.906834589292178, 90.86535241393611, 65.23083616981384, 14.453401542834898, 59.8372853693598, 12.432975810660725, 67.85523594253951, 17.169797604253958, 47.4611594051158, 51.93796037255171, 16.821781058921893, 90.33352714625421, 80.50288828985201, 8.16040396504577, 72.90652474207104, 48.77751431511709, 81.05268275611469, 50.651698407012155, 40.52359124484635, 56.64873207532898, 88.78139881949805, 88.05780881127954, 94.23827080661223, 38.80423813714322, 47.40056551616725, 18.71838899342401, 50.65728022697039, 49.71619242320694, 53.17922185652434, 82.14280511001992], [11.711190754739132, 74.11853088189824, 55.849576587206236, 50.81647536665523, 9.386385333643435, 43.260750927644246, 45.37880392033049, 50.81890730609116, 28.970209085042086, 53.453930448860866, 13.943382099547204, 25.82587509641613, 9.929185795796736, 50.55175299547269, 15.687349289213127, 51.49234540299138, 17.251639742447825, 78.71406353111745, 48.63178124036802, 91.36177712929226, 40.047719691220706, 57.777809767799695, 14.047198395641308, 56.8476340962788, 9.795041720778036, 21.683838294794995, 33.91583419040028, 57.7561960630613, 72.96288538297333, 12.95695594367525, 0.0, 58.32752616003446, 13.386706478672506, 78.89040320772379, 54.22200607417749, 18.895229559365806, 49.31597475160465, 4.34778700509054, 58.25429312175165, 4.455044559746818, 35.01376226069122, 43.37880296016815, 5.343444313194, 79.28802108324189, 68.28336564816506, 16.69868515578277, 65.07821583277143, 51.71884813478577, 72.6559542100772, 38.841388445080256, 28.43937463434378, 45.51692024190374, 76.03124699490948, 77.33660556507738, 83.53265860692385, 27.70552834452585, 37.412059328431305, 19.09423012663811, 50.05812925760569, 47.94201661054835, 41.23241732995075, 74.39858402548406], [52.133527350567014, 88.39599177494365, 107.01346403428896, 106.81320948140481, 67.40046778254965, 86.24744218086616, 13.795039635723906, 96.4748290584243, 75.75993739881227, 5.685702767846985, 50.67445338140514, 67.8748062356136, 53.142393746737945, 102.09995126754272, 47.19453598954927, 72.34184999315201, 46.16308660260857, 71.27161752599399, 10.954071743714263, 102.09697102022984, 27.76379488086823, 111.98273253382962, 70.52996640572647, 76.90562921543363, 68.08516653066441, 37.608043672632405, 42.34399277634392, 83.01405124423624, 52.26182696086876, 69.82408568154814, 58.32752616003446, 0.0, 70.39383385223562, 65.38785026572998, 61.01873893195617, 64.33533770659085, 12.732507309393814, 57.45631894301334, 72.23360756911856, 53.92310597443002, 44.209181724358196, 69.63526187938699, 57.78836538357504, 75.21085513272511, 14.129804023633524, 75.02031087857038, 85.49155803740075, 103.5975288975