instance_id,num_cities,city_coordinates,distance_matrix,best_route,total_distance
1638,64,"[[88.13536165761764, 79.75525364844978], [21.337754301398892, 39.170239710195965], [66.23243038764728, 63.589839061874486], [77.95197055553486, 71.6785472576289], [77.34190189866233, 76.9436372192134], [74.95996285680782, 12.363718572650795], [80.8117652008044, 10.188197861491698], [60.70486890893167, 51.48013771560118], [99.90843795333613, 31.79122574464184], [4.939351544097958, 29.213281035365835], [67.68471757913954, 44.64250802183001], [46.211995291371835, 44.09779352399673], [56.120976199827965, 65.42269253638065], [48.4177115286507, 63.994289794669], [69.02681837521631, 88.7145125602726], [15.427764995437398, 38.495292321941875], [39.42704242276092, 10.035202776649953], [17.443546567045377, 65.76409337010797], [3.299525997120334, 47.341724479460126], [26.709384968028495, 55.47920364201514], [20.475992656098374, 90.31204533041658], [28.200772292530118, 87.3353856652484], [35.46101130031821, 94.43821438842615], [91.69281907833366, 81.08429958662614], [22.03357025480924, 72.85534426959155], [52.81939065910433, 29.83402556973207], [0.4590064944769101, 21.88430781611652], [49.913002768736526, 89.47098866073814], [98.14373576895586, 55.979159332967484], [70.41007947757974, 90.24266832871244], [18.20047261028881, 16.29046582450753], [13.320398869047079, 71.94367218559383], [17.403103853756953, 16.210766015882804], [85.09966993456364, 39.6711637338621], [67.30691970997985, 25.32860188609771], [67.168815656609, 45.73040424758742], [50.77100691870756, 81.83602972813118], [76.90074701055846, 95.95163011213342], [31.50389955940528, 25.9210088597124], [44.57102900187092, 88.57439939614295], [63.2836030889849, 9.924159791466558], [23.84591969170411, 69.4330767731469], [46.44528452072164, 42.09056197214272], [75.12893323675576, 21.52263555488294], [35.56686657464532, 39.12843222312459], [80.61227435872999, 7.68858754993087], [10.424086814182932, 94.38512186420982], [41.01685693751451, 55.41831308747217], [16.471710472473887, 58.45052897472945], [55.96039381908021, 30.628743549427195], [69.44519476049638, 52.75114336406925], [34.617905742323465, 55.044028406137535], [9.183169851722573, 22.47017587691601], [69.61363625612037, 19.62809215186492], [46.0943051717839, 80.50170008344466], [68.75126590714774, 93.70999662833462], [19.79533532438368, 64.09205537616779], [81.00070689949109, 25.000045078246337], [69.64400828809556, 58.17830683613303], [94.51410283158597, 74.992140433289], [49.965857926702014, 43.01362947097066], [7.7691810411456235, 30.384844455377703], [56.943258875009036, 9.298804743663958], [86.55078638077906, 93.16309133826837]]","[[0.0, 78.16049964581742, 27.222399361057548, 12.997485928498074, 11.153652339630257, 68.66738769920569, 69.95148544475653, 39.39434113488563, 49.387784909044825, 97.34509281124856, 40.634145108077476, 55.03656157506053, 35.076248149868185, 42.73054777752342, 21.104614344367477, 83.59891758303579, 85.04931426091024, 72.0630646498878, 90.81715633845761, 66.04905159186514, 68.47799693551346, 60.41203028994934, 54.682506541445385, 3.797613251239595, 66.46093270558916, 61.15019885867246, 105.05327042135359, 39.43785270345528, 25.796709349279705, 20.59542412862036, 94.43869969244707, 75.22166883289702, 95.08393240983077, 40.19887670716892, 58.2759334204649, 39.96606595555503, 37.422247850027475, 19.71139713011946, 78.13608904568336, 44.44804170556465, 74.12146499642604, 65.11282272896484, 56.18444207030637, 59.667453358579095, 66.4378302958017, 72.45827216448167, 79.07638890213914, 53.03244443665536, 74.76342818924894, 58.72514410301847, 32.841198377849025, 58.94711817062599, 97.54500872031083, 62.91525936912973, 42.04768260826486, 23.884681695556054, 70.11201736752359, 55.218078236064486, 28.416452684634674, 7.960878498314006, 52.9797882429092, 94.31945870694327, 77.05230994768108, 13.501147741006614], [78.16049964581742, 0.0, 51.10624984662503, 65.28368511097209, 67.55215842199502, 59.94940221434595, 66.15978175736866, 41.246858079447705, 78.91642526519205, 19.184593794055946, 46.6689053390237, 25.357615254892416, 43.57824921938017, 36.73632461238077, 68.7668656002257, 5.9484054647855205, 34.29391668877644, 26.87746093594248, 19.802798885298824, 17.170810130802053, 51.14906563398534, 48.65164232395546, 57.04397788803842, 81.89397752638261, 33.6922903498476, 32.83684397495288, 27.105821356893106, 57.85075773017629, 78.6237786428476, 70.82715625514196, 23.093864758190758, 33.73982608651272, 23.29418181574504, 63.76388327327865, 48.007865043292476, 46.29818510160719, 51.83325185138251, 79.44414676220869, 16.70007866856594, 54.594469020058646, 51.13499213966633, 30.366596791933095, 25.276794809228225, 56.61209114383784, 14.229173691772381, 67.11604242479491, 56.28313556744287, 25.519932778832402, 19.884867026689022, 35.66068316557797, 49.987666194586424, 20.696366585883943, 20.654928108805866, 52.0812471979866, 48.17858889157494, 72.26773946567123, 24.969500443327565, 61.32260862544524, 51.9114706985978, 81.47383970101413, 28.884943517935458, 16.164447101656254, 46.47638736929888, 84.6638504907337], [27.222399361057548, 51.10624984662503, 0.0, 14.239902458331484, 17.370788194005563, 51.964268910249416, 55.35605013445734, 13.311604057998201, 46.31657688628573, 70.27509698229856, 19.002907451956013, 27.942041097508927, 10.276227792890648, 17.819309426022844, 25.279593007526415, 56.66436536040151, 59.888462090712956, 48.83730711512524, 64.99655131243867, 40.3466668531011, 52.987997714007115, 44.83590080456612, 43.57180846528913, 30.891544819463537, 45.159592821419594, 36.323058506626, 77.88128547424965, 30.596692997244453, 32.80630819027234, 26.978251608394256, 67.41142096539497, 53.56743047117615, 68.03734042752333, 30.46433583007502, 38.276321630021464, 17.88396570276563, 23.91608432656301, 34.07489544440749, 51.23486725158438, 33.0672733241254, 53.74663444339215, 42.7873779978131, 29.219001641740903, 42.997643817340006, 39.22674124242461, 57.721138530301545, 63.741043726076924, 26.506583732525257, 50.02541108924708, 34.52460792893457, 11.304829912257421, 32.74918393355007, 70.32385674961411, 44.091583601689024, 26.297435814594113, 30.225294443606053, 46.43981071387914, 41.319174614567764, 6.39715130359329, 30.493695623699043, 26.229406793825618, 67.234836141458, 55.07998833271775, 35.88053567697771], [12.997485928498074, 65.28368511097209, 14.239902458331484, 0.0, 5.300316600890559, 59.39024340746167, 61.55681517323767, 26.560087786672298, 45.531141848970925, 84.46384652759377, 28.91995679873944, 42.0490666517694, 22.709646251147777, 30.517540350168186, 19.23232838828218, 70.78421214542209, 72.69162267026397, 60.796793816437564, 78.51922326082415, 53.74217441888299, 60.420983821227985, 52.156670882324484, 48.20253174194457, 16.651699462845794, 55.93078171632822, 48.811992046415526, 92.11202831621442, 33.207750384995826, 25.57690684275414, 20.037632399402547, 81.47441973738032, 64.63211546818684, 82.11479778183632, 32.7957650688388, 47.5566456286435, 28.099511654898798, 29.0168784393685, 24.295835490946867, 65.20104001853265, 37.41332755176499, 63.472556080991815, 54.152625769911836, 43.221755380253136, 50.235296539752504, 53.44162261973604, 64.0452352616345, 71.24327065028506, 40.355889697098796, 62.88722324585132, 46.569473175431824, 20.7511891846465, 46.417113122815245, 84.56128998651107, 52.71411286938199, 33.056903507296994, 23.875462873017174, 58.64937408427007, 46.77795804655845, 15.851773669699746, 16.89035598390973, 40.061203324283625, 81.42968644874983, 65.82247520857923, 23.141418883668532], [11.153652339630257, 67.55215842199502, 17.370788194005563, 5.300316600890559, 0.0, 64.62383094490572, 66.84555808113215, 30.416782763333895, 50.477607030008016, 86.71975668371184, 33.71385703842398, 45.25395599756151, 24.146632351123852, 31.690604085157926, 14.411596729600745, 72.88096852958819, 76.9043247719669, 60.93271019827295, 79.7404957784764, 54.99430588270824, 58.41614476676122, 50.22787129405699, 45.387985498808035, 14.936328489247073, 55.459225458604884, 53.109971448487855, 94.56484209287109, 30.15425412141903, 29.533466193628293, 14.997146079466138, 84.71431908778617, 64.21645038857608, 85.32960304412704, 38.07125220707966, 52.58148666561222, 32.82921863567962, 27.017549194867772, 19.01311156682661, 68.58885524023192, 34.77362131320166, 68.47807035913355, 54.02063152630862, 46.576150759555446, 55.465166147558776, 56.348409961764574, 69.33222368222701, 69.15344794225538, 42.22379033679866, 63.617413157114655, 51.01213839274764, 25.448668777701293, 48.009714784953765, 87.25233948071136, 57.834226857536095, 31.449516888999185, 18.839050787514044, 58.96414571887211, 52.0722922343661, 20.282879243977266, 17.282731976923582, 43.59694036684819, 83.71430386226561, 70.65357738891632, 18.65138722253923], [68.66738769920569, 59.94940221434595, 51.964268910249416, 59.39024340746167, 64.62383094490572, 0.0, 6.243114690431858, 41.63294308633189, 31.620475084347753, 72.01939852422073, 33.088509216262345, 42.81935487791707, 56.30419288423934, 58.05348387718822, 76.58097639740372, 65.01493465981486, 35.6091339460051, 78.48399946056617, 79.7413262251014, 64.70752135082707, 95.10228521527347, 88.35820713929023, 91.08452139345981, 70.72840117116041, 80.37686118106177, 28.20313039033057, 75.10681805565144, 81.0733082468619, 49.39427091433523, 78.01174433296406, 56.895158643109966, 85.72751437620067, 57.685282285237676, 29.12919876782151, 15.055140940506165, 34.26423335820002, 73.56294995892456, 83.61043953157895, 45.52174817859603, 82.04605519109329, 11.928487937475014, 76.61303449218427, 41.191893609160275, 9.160475494029779, 47.62526568416793, 7.335221564094701, 104.3666129301206, 54.82547353451724, 74.46388225180507, 26.355165736941277, 40.7621975418227, 58.72895725032705, 66.54868125873546, 9.019663609004631, 74.00007241857448, 81.58287118829139, 75.62378567123692, 14.005975015871973, 46.12196733367969, 65.61008775262597, 39.5489863249627, 69.56552406962095, 18.275538819604716, 81.62650200321626], [69.95148544475653, 66.15978175736866, 55.35605013445734, 61.55681517323767, 66.84555808113215, 6.243114690431858, 0.0, 45.92724219248877, 28.833552052035667, 78.22133304839035, 36.870297908835084, 48.445895138600285, 60.50193768368972, 62.80501765333644, 79.40571183393492, 71.24857247445931, 41.38500558066287, 84.2864834620624, 85.95656907137014, 70.55737205610247, 100.30072971713636, 93.37882608398219, 95.68048998688913, 71.72624745033234, 85.91884217122362, 34.19841485836271, 81.19953706634024, 85.09109493213991, 48.96130468295803, 80.72740121960977, 62.907961611767405, 91.48127206331525, 63.694031596365726, 29.793143567558506, 20.288240085314204, 38.07070405255576, 77.69079076282857, 85.85256184118704, 51.756999101725384, 86.35848279857427, 17.530150687334306, 82.18919169710435, 46.891532606463784, 12.679276673256291, 53.708826244832885, 2.507558235760992, 109.74309673131131, 60.24448561519243, 80.42944266205232, 32.177734034157204, 44.05454861225876, 64.38880481512194, 72.67394757169775, 14.64614953068523, 78.41741277027201, 84.3880709132594, 81.41640233900458, 14.813052249215378, 49.27239951391962, 66.23673474286556, 45.04418892500012, 75.78339946425709, 23.88507095117309, 83.17312854273689], [39.39434113488563, 41.246858079447705, 13.311604057998201, 26.560087786672298, 30.416782763333895, 41.63294308633189, 45.92724219248877, 0.0, 43.869956467035315, 60.04669710638306, 9.770950173250492, 16.26475918843799, 14.676747163421975, 17.5379086194971, 38.15302757308907, 47.102254178442394, 46.58785820435932, 45.558461342636534, 57.55432094061849, 34.2298912744404, 55.91314276242513, 48.39540373195628, 49.826184866917714, 42.856265070432684, 44.18561751092865, 23.03768517581665, 67.12285069557642, 39.49391257299667, 37.70822121601796, 39.95904017508661, 55.18094519410583, 51.61438020518408, 55.84775230021747, 27.102733876521846, 26.972020707047974, 8.651129551105209, 31.939971726931788, 47.32885064585425, 38.80677362038625, 40.4510202562454, 41.635912037597286, 40.99866044399634, 17.073367552027534, 33.24914386029579, 28.008637773577327, 48.104102295491174, 66.09837148411422, 20.078023823232122, 44.77899797416316, 21.384356023770636, 8.832256300061045, 26.3292795972481, 59.12751778675975, 33.074445456283414, 32.49183982152883, 42.98959744452456, 42.80946630340271, 33.36339829546638, 11.170214071689271, 41.18104624986254, 13.67509117822787, 56.98419471897889, 42.34872561644265, 49.04569372198715], [49.387784909044825, 78.91642526519205, 46.31657688628573, 45.531141848970925, 50.477607030008016, 31.620475084347753, 28.833552052035667, 43.869956467035315, 0.0, 95.00406924089847, 34.69183781413696, 55.0886518718463, 55.212474726086775, 60.73164119264315, 64.76059766294838, 84.74626016581684, 64.27537429459025, 89.18864303290064, 97.85243931688898, 76.93647805048215, 98.66204787500342, 90.70359979520028, 89.87833992865336, 49.97302794799025, 88.0383828184854, 47.129704089916224, 99.94166518691229, 76.33150456629674, 24.252222683144083, 65.47308067383977, 83.16528818324545, 95.444787535286, 83.96356876790473, 16.774773707796353, 33.23589172730162, 35.58347320694444, 70.13536578951272, 68.16092231710488, 68.65595618125838, 79.28781520131724, 42.65614964154073, 84.86704680353425, 54.44616700637788, 26.822896907012893, 64.75857013853111, 30.875218175989357, 109.20368551574867, 63.454373930004344, 87.59227101422496, 43.9634160192392, 36.97738947572261, 69.30762171660304, 91.2028302342986, 32.64531863329511, 72.58561288121568, 69.31596899461931, 86.37970136393118, 20.09035660330996, 40.152381641581684, 43.536397202128676, 51.18792479788053, 92.14998954238378, 48.49655261684017, 62.80869957239998], [97.34509281124856, 19.184593794055946, 70.27509698229856, 84.46384652759377, 86.71975668371184, 72.01939852422073, 78.22133304839035, 60.04669710638306, 95.00406924089847, 0.0, 64.61456495459197, 43.87459212247556, 62.69513684210166, 55.67841913399733, 87.45055721840914, 14.005804162930563, 39.46136728294704, 38.63051611746135, 18.20245833755006, 34.114997371501346, 63.04320911426756, 62.6040952481753, 72.01294081750609, 101.0780228079224, 46.870481079990924, 47.88406279161664, 8.589955774748638, 75.1905621254442, 96.97148797340877, 89.50420285964948, 18.516384228735415, 43.54455513740517, 18.01139968099125, 80.83961872124544, 62.488433257833265, 64.38417168014207, 69.78319507129864, 98.14504406730279, 26.76778413197757, 71.37515135647097, 61.450157743450006, 44.441987897807934, 43.457644167449466, 70.60965519032617, 32.19246651038901, 78.67466985600373, 65.40222594073606, 44.590246694360424, 31.429476125457676, 51.04067288892495, 68.66611079756571, 39.34519143465485, 7.9673998899291165, 65.38072306837947, 65.75889397297003, 90.7291945128882, 37.910805235403494, 76.17795701992642, 70.89192707211213, 100.5949304686382, 47.09390506176764, 3.0627595121835713, 55.68655801586899, 103.68222863094265], [40.634145108077476, 46.6689053390237, 19.002907451956013, 28.91995679873944, 33.71385703842398, 33.088509216262345, 36.870297908835084, 9.770950173250492, 34.69183781413696, 64.61456495459197, 0.0, 21.47963026524772, 23.78100467066884, 27.30767254698132, 44.09243493597664, 52.61727239411261, 44.6784263551939, 54.500427817505084, 64.44174628715814, 42.3840990768439, 65.68386671656708, 58.1520742267364, 59.31255869452955, 43.63935276843199, 53.665551158734196, 20.982590330405262, 70.97345917624327, 48.22267644682592, 32.500330029676256, 45.681530375971924, 57.030945958277634, 60.83446978078539, 57.76335025187966, 18.110627531126642, 19.317600820231775, 1.204023667411872, 40.85867919086356, 52.13023314889777, 40.73752721329926, 49.64124977648518, 34.99619283008125, 50.362808690830406, 21.392193559416242, 24.28878032435955, 32.587749002666015, 39.14989096450948, 75.8492417066434, 28.762697474573777, 53.041809353971864, 18.27143569396426, 8.297544637993179, 34.664184273635584, 62.562316127583, 25.088677298294684, 41.85722832715353, 49.07907867396695, 51.6882755083854, 23.730611498016106, 13.676866220866842, 40.508222628682084, 17.79357279233792, 61.588574338182454, 36.93990114371703, 52.05934649412757], [55.03656157506053, 25.357615254892416, 27.942041097508927, 42.0490666517694, 45.25395599756151, 42.81935487791707, 48.445895138600285, 16.26475918843799, 55.0886518718463, 43.87459212247556, 21.47963026524772, 0.0, 23.514659694167825, 20.01838524877247, 50.11155325779779, 31.2898842220957, 34.73176750254017, 36.01461079931034, 43.03490570425235, 22.580706492461882, 52.897059480371716, 46.83901715543605, 51.47564112843833, 58.621727738626014, 37.57117195582457, 15.71982028518902, 50.86034733604353, 45.523887062336016, 53.27356307323285, 52.10467108643612, 39.47015171873055, 43.09582431797163, 40.09536792576647, 39.13880798457779, 28.236118553493913, 21.02031725725381, 38.012617100342176, 60.25462514190146, 23.382120964370504, 44.506867338305334, 38.20048475190658, 33.79523509379275, 2.020743023565556, 36.68551563584225, 11.747906925673236, 50.09001377095112, 61.7218744430858, 12.455666409419836, 33.02250075369658, 16.626682804230022, 24.792378285005494, 15.944998293080774, 42.88225458774682, 33.8585747645158, 36.40409679903163, 54.49210416892757, 33.130204207409555, 39.68599817378987, 27.337155817895127, 57.33719790657813, 3.907287598680438, 40.81537626478451, 36.416062915082186, 63.51867061075829], [35.076248149868185, 43.57824921938017, 10.276227792890648, 22.709646251147777, 24.146632351123852, 56.30419288423934, 60.50193768368972, 14.676747163421975, 55.212474726086775, 62.69513684210166, 23.78100467066884, 23.514659694167825, 0.0, 7.834578545572005, 26.628361614665785, 48.795720308585416, 57.84860799394721, 38.67893635466361, 55.830341279563235, 31.046975217866777, 43.47464472929868, 35.4923077072345, 35.61930176176261, 38.86697751523001, 34.88832979446997, 35.74148407027525, 70.66714806421119, 24.836655986785434, 43.070786400630034, 28.639302903775306, 62.064001596345285, 43.29448689421792, 62.61698931492578, 38.76733065660506, 41.62524999667167, 22.579658427703258, 17.263250246666562, 36.929864668729785, 46.544424753261296, 25.87281992354062, 55.95882737148426, 32.52326020449197, 25.258806902460243, 47.83845141407107, 33.374534422300165, 62.71403801458365, 54.10201486167939, 18.116898930223424, 40.25761216774725, 34.79431954799124, 18.387576204567214, 23.876739899508852, 63.6244949068661, 47.740939452132245, 18.108301977519357, 30.97895722714862, 36.35000385507391, 47.465686840204604, 15.34123596827411, 39.56774577372142, 23.239010056921337, 59.71220053904076, 56.12991118617022, 41.17648689891463], [42.73054777752342, 36.73632461238077, 17.819309426022844, 30.517540350168186, 31.690604085157926, 58.05348387718822, 62.80501765333644, 17.5379086194971, 60.73164119264315, 55.67841913399733, 27.30767254698132, 20.01838524877247, 7.834578545572005, 0.0, 32.18423058881824, 41.69574851682623, 54.702972522430194, 31.024685329014623, 48.09322818479639, 23.318622048691747, 38.38442275184192, 30.87930356268694, 33.08638126899408, 46.52744747056105, 27.832376778952412, 34.44268327359204, 63.82231561757143, 25.520542333677906, 50.36784493171722, 34.243855268756086, 56.46889718442814, 35.986303454552235, 56.96640267688845, 44.01341311308441, 43.032982782519596, 26.175817490470667, 17.99626858674214, 42.808350942659, 41.66115404646298, 24.87928364085881, 56.076498557299644, 25.16651262840157, 21.992356872898362, 50.17300847072537, 27.99026775149209, 64.86001835563286, 48.65303888579671, 11.327842917410365, 32.42345243045451, 34.20748064938031, 23.8445673629332, 16.44815547906171, 57.127937974804745, 49.16936768286648, 16.67011732235576, 36.00661975647891, 28.622543172952273, 50.815378659815806, 22.008664927568876, 47.39018896166928, 21.037701036192356, 52.74369959349116, 55.35594857393119, 48.00989878314585], [21.104614344367477, 68.7668656002257, 25.279593007526415, 19.23232838828218, 14.411596729600745, 76.58097639740372, 79.40571183393492, 38.15302757308907, 64.76059766294838, 87.45055721840914, 44.09243493597664, 50.11155325779779, 26.628361614665785, 32.18423058881824, 0.0, 73.44949696597217, 84.06295572047662, 56.45844198558723, 77.66456435811335, 53.80846521750809, 48.577101487839386, 40.849333283888434, 34.050318166015536, 23.915847003543877, 49.59716310211992, 61.070389399578964, 95.74873937686223, 19.128779446924618, 43.81093732654311, 2.0612305377923343, 88.4791499134132, 58.17616574741126, 89.00450080735384, 51.60994692264073, 63.409240047592114, 43.0242459729279, 19.50866930386745, 10.694607174361904, 73.15048559955163, 24.456190741245777, 78.99939373980602, 49.12318568520212, 51.804617937651706, 67.46839364688351, 59.81929235371002, 81.85000497328912, 58.87644653248392, 43.510858863898065, 60.64608865487472, 59.537282540123414, 35.96580268452502, 48.14223480221824, 89.27247286381932, 69.08891256976474, 24.358785901705822, 5.003078076236689, 55.045475028993025, 64.8298339725619, 30.54244232892212, 28.946591608535176, 49.51657225981893, 84.58633644377633, 80.32973956268005, 18.0798038651978], [83.59891758303579, 5.9484054647855205, 56.66436536040151, 70.78421214542209, 72.88096852958819, 65.01493465981486, 71.24857247445931, 47.102254178442394, 84.74626016581684, 14.005804162930563, 52.61727239411261, 31.2898842220957, 48.795720308585416, 41.69574851682623, 73.44949696597217, 0.0, 37.22824215511222, 27.34320548050098, 15.011780144868625, 20.389413746699027, 52.06208308217349, 50.48271420193726, 59.421725714159074, 87.35091306940312, 34.98928168696707, 38.38165201661766, 22.360423460052065, 61.54472553766199, 84.54358300110536, 75.50394578695403, 22.3772703272454, 33.514699871755, 22.371903725222534, 69.68182698110041, 53.5239052286806, 52.2444558599144, 55.92463024964098, 84.14367635236762, 20.40967190102037, 57.94175353143862, 55.73590273521921, 32.062623648720646, 31.22518985305045, 62.06690395944195, 20.149051554654488, 72.097665148346, 56.11336597999918, 30.678824264476717, 19.98252466601209, 41.28894027394687, 55.866913350912846, 25.340129594571064, 17.1988175635869, 57.376649314307826, 52.00937395713503, 76.7597506582946, 25.966708482833877, 66.94723600060627, 57.67861039531518, 87.10148537422405, 34.83238771489782, 11.154966283283459, 50.75402564302941, 89.70536450106668], [85.04931426091024, 34.29391668877644, 59.888462090712956, 72.69162267026397, 76.9043247719669, 35.6091339460051, 41.38500558066287, 46.58785820435932, 64.27537429459025, 39.46136728294704, 44.6784263551939, 34.73176750254017, 57.84860799394721, 54.702972522430194, 84.06295572047662, 37.22824215511222, 0.0, 59.90812413033708, 51.93239841031008, 47.189999213681105, 82.48341492482447, 78.11112222755271, 84.49614057459554, 88.20252585342203, 65.18361029622794, 23.902894704938113, 40.72970800710883, 80.12489902271376, 74.55532993394829, 85.98363864960338, 22.129066446681495, 67.1879112802207, 22.87337866195164, 54.44519341217626, 31.79898762337008, 45.207890795845216, 72.69143196692339, 93.73319060838017, 17.75204291741678, 78.70747107842715, 23.85681909571734, 61.407481798751384, 32.81465793357674, 37.504481325953975, 29.34820194157717, 41.25202943664513, 89.19686252391976, 45.41094814772732, 53.581630021998315, 26.40919593539742, 52.208630034118194, 45.26502159677765, 32.70046458534719, 31.674184659203576, 70.78120961987733, 88.66443034883937, 57.51127921166833, 44.18502102676183, 56.840333343401625, 85.17034680106704, 34.621427750149095, 37.63413482080042, 17.531689047692844, 95.55570679626467], [72.0630646498878, 26.87746093594248, 48.83730711512524, 60.796793816437564, 60.93271019827295, 78.48399946056617, 84.2864834620624, 45.558461342636534, 89.18864303290064, 38.63051611746135, 54.500427817505084, 36.01461079931034, 38.67893635466361, 31.024685329014623, 56.45844198558723, 27.34320548050098, 59.90812413033708, 0.0, 23.22578294537285, 13.843219206245443, 24.73454415849688, 24.104741371593587, 33.86494133448169, 75.81334438588098, 8.447138969713953, 50.422416814005175, 47.05220698055471, 40.203015687314334, 81.29123858900995, 58.34941508333, 49.47941753452373, 7.4288317571681635, 49.55334385778682, 72.51339190882557, 64.19801361993208, 53.60924440697994, 37.00036150888209, 66.68167708697217, 42.251211930219085, 35.44305805447854, 72.24547711796009, 7.379147704113769, 37.43710583343954, 72.6973893950143, 32.21665986465376, 85.80823123156293, 29.46923967940547, 25.743661967153066, 7.377851283406325, 52.13482837085201, 53.605114333383426, 20.24545395670853, 44.07490346428861, 69.64372812088575, 32.21898540090897, 58.42478560337965, 2.8855885729470048, 75.50642530715805, 52.748766442731736, 77.62105059535075, 39.6898518994516, 36.67812157266455, 68.90976775522846, 74.34053863358912], [90.81715633845761, 19.802798885298824, 64.99655131243867, 78.51922326082415, 79.7404957784764, 79.7413262251014, 85.95656907137014, 57.55432094061849, 97.85243931688898, 18.20245833755006, 64.44174628715814, 43.03490570425235, 55.830341279563235, 48.09322818479639, 77.66456435811335, 15.011780144868625, 51.93239841031008, 23.22578294537285, 0.0, 24.783867013822245, 46.27612214653609, 47.11225957336674, 57.030171827315684, 94.61466924639126, 31.652949452530216, 52.52367577821362, 25.615397990583364, 62.83065427953076, 95.23670200134255, 79.65122329010586, 34.441528334632096, 26.564520022967752, 34.1767096605157, 82.15899859624842, 67.68695602716531, 63.889611945114424, 58.68047882794683, 88.20466348377715, 35.416574449020644, 58.339270145040224, 70.69769198313998, 30.16922504832717, 43.46413678258399, 76.3288221924891, 33.29623758976338, 86.88862024210981, 47.5798340091209, 38.57237789935028, 17.23113406502489, 55.249350505952314, 66.36649236492335, 32.25161074494823, 25.557996691769738, 71.87215480442997, 54.13849930192994, 80.2118876434283, 23.5092601013011, 80.84939178552655, 67.22367029276579, 95.3134016259539, 46.866607965207024, 17.536065589627174, 65.7640769653046, 95.02825904054663], [66.04905159186514, 17.170810130802053, 40.3466668531011, 53.74217441888299, 54.99430588270824, 64.70752135082707, 70.55737205610247, 34.2298912744404, 76.93647805048215, 34.114997371501346, 42.3840990768439, 22.580706492461882, 31.046975217866777, 23.318622048691747, 53.80846521750809, 20.389413746699027, 47.189999213681105, 13.843219206245443, 24.783867013822245, 0.0, 35.386184306925024, 31.891073504180657, 39.92988206592896, 69.8460281411986, 17.99426315083975, 36.59791736625352, 42.634485989134205, 41.15640081202942, 71.43610032779554, 55.84128560160818, 40.10185483541935, 21.22130234413547, 40.356127933379504, 60.49230946336021, 50.56894910286231, 41.61735961443066, 35.68814834410953, 64.47627569938767, 29.94451951452008, 37.60758313951772, 58.42033422862882, 14.244648424879992, 23.848720236487278, 59.139675098901705, 18.59577119681686, 72.03793772122565, 42.17678755751492, 14.307601539645303, 10.66014790280881, 38.38185620338876, 42.822794765149325, 7.9204847278039905, 37.373307724900606, 55.91133135305325, 31.652811241141244, 56.825287375092906, 11.044695444840537, 62.26175988374464, 43.0193797920024, 70.5566046998924, 26.38662680016762, 31.43975489376284, 55.1970685257291, 70.71823467073942], [68.47799693551346, 51.14906563398534, 52.987997714007115, 60.420983821227985, 58.41614476676122, 95.10228521527347, 100.30072971713636, 55.91314276242513, 98.66204787500342, 63.04320911426756, 65.68386671656708, 52.897059480371716, 43.47464472929868, 38.38442275184192, 48.577101487839386, 52.06208308217349, 82.48341492482447, 24.73454415849688, 46.27612214653609, 35.386184306925024, 0.0, 8.27844932301151, 15.542717100394375, 71.81216928325472, 17.526050892971167, 68.58342561110955, 71.29540655835054, 29.44902274597871, 84.91775657163029, 49.93413501667577, 74.05654747575325, 19.712931147668854, 74.16496640356621, 82.10187911288924, 80.09983552172224, 64.55805481421521, 31.458396806923897, 56.70588876361374, 65.32855660765482, 24.157611427808785, 91.07526366910561, 21.149178145752206, 54.76965927611994, 87.85742320020063, 53.36194080374544, 102.19103753569571, 10.845771687845497, 40.490735425154426, 32.11215502406855, 69.435144108557, 61.71550948721831, 37.99771997777732, 68.77533786057938, 86.08559261287841, 27.432477285438775, 48.39471128632245, 26.228823221870332, 89.04436204041124, 58.73730425213027, 75.60648943321384, 55.73860687612707, 61.25954999945036, 88.84259482842657, 66.13627468415491], [60.41203028994934, 48.65164232395546, 44.83590080456612, 52.156670882324484, 50.22787129405699, 88.35820713929023, 93.37882608398219, 48.39540373195628, 90.70359979520028, 62.6040952481753, 58.1520742267364, 46.83901715543605, 35.4923077072345, 30.87930356268694, 40.849333283888434, 50.48271420193726, 78.11112222755271, 24.104741371593587, 47.11225957336674, 31.891073504180657, 8.27844932301151, 0.0, 10.156832494484032, 63.79902885007741, 15.738677828648893, 62.54984239079474, 71.0876160889304, 21.81700603671941, 76.65005590125719, 42.30931227906169, 71.74528994235045, 21.4086514536082, 71.93956605360225, 74.22508070189654, 73.30847154640216, 57.00423565305167, 23.230548999190823, 49.45631613762874, 61.50314079909685, 16.41707829533205, 84.99001651943802, 18.424369862851144, 48.7847957612292, 80.8305039369207, 48.76648136931865, 95.34452264738349, 19.123528102079565, 34.39406267893399, 31.17540436322387, 63.13667592888566, 53.825386206350146, 32.92280904400456, 67.59559633201692, 79.36814787163861, 19.154053814581612, 41.04848593212475, 24.716467659290934, 81.69166285856166, 50.672251337703344, 67.45230544642908, 49.37749512488288, 60.504661515959505, 83.16152053008035, 58.64031290426578], [54.682506541445385, 57.04397788803842, 43.57180846528913, 48.20253174194457, 45.387985498808035, 91.08452139345981, 95.68048998688913, 49.826184866917714, 89.87833992865336, 72.01294081750609, 59.31255869452955, 51.47564112843833, 35.61930176176261, 33.08638126899408, 34.050318166015536, 59.421725714159074, 84.49614057459554, 33.86494133448169, 57.030171827315684, 39.92988206592896, 15.542717100394375, 10.156832494484032, 0.0, 57.795702664795165, 25.41882089313157, 66.89554952973334, 80.55563108393834, 15.281799266874348, 73.54062049350648, 35.19999961929054, 80.03122391591575, 31.562812735033013, 80.28462928996748, 73.9149935290989, 76.09402356728515, 58.11915025026437, 19.82954926485408, 41.4673621404512, 68.63137902442345, 10.834055048149278, 88.9759632611901, 27.571130920503627, 53.48767121193907, 83.00738321008534, 55.30988346138702, 97.79639212357519, 25.03698077925068, 39.413450981619754, 40.6903802804246, 67.0214387521156, 53.78416696431045, 39.403206927724376, 76.61542611244643, 82.23719462883516, 17.52978521060379, 33.29821846426093, 34.15117524449549, 83.03928728267435, 49.83230055663935, 62.17248114454619, 53.4310631523228, 69.78303277217736, 87.80777890095464, 51.105685168727774], [3.797613251239595, 81.89397752638261, 30.891544819463537, 16.651699462845794, 14.936328489247073, 70.72840117116041, 71.72624745033234, 42.856265070432684, 49.97302794799025, 101.0780228079224, 43.63935276843199, 58.621727738626014, 38.86697751523001, 46.52744747056105, 23.915847003543877, 87.35091306940312, 88.20252585342203, 75.81334438588098, 94.61466924639126, 69.8460281411986, 71.81216928325472, 63.79902885007741, 57.795702664795165, 0.0, 70.14361447963343, 64.3252207448344, 108.75774723767823, 42.61325620613271, 25.92069430600231, 23.16960774224549, 97.97635369298149, 78.90365846236467, 98.62827761906352, 41.93468059722747, 60.85531952160131, 43.02702243326241, 40.9287161859906, 20.97243221500395, 81.64370567703334, 47.71335971367711, 76.62146597916359, 68.84005192784772, 59.73149049445755, 61.82195513248572, 70.07437014108663, 74.22741418543846, 82.34997703146055, 56.804894171827215, 78.5525477117484, 61.826930620329655, 36.023943833503836, 62.734691004789845, 101.20996845052176, 65.30203477963853, 45.602235610405316, 26.18631489338194, 73.87817359313478, 57.09435056645862, 31.79362453620793, 6.713720664873919, 56.484645789850184, 98.04902738937508, 79.7539290829827, 13.12774582486502], [66.46093270558916, 33.6922903498476, 45.159592821419594, 55.93078171632822, 55.459225458604884, 80.37686118106177, 85.91884217122362, 44.18561751092865, 88.0383828184854, 46.870481079990924, 53.665551158734196, 37.57117195582457, 34.88832979446997, 27.832376778952412, 49.59716310211992, 34.98928168696707, 65.18361029622794, 8.447138969713953, 31.652949452530216, 17.99426315083975, 17.526050892971167, 15.738677828648893, 25.41882089313157, 70.14361447963343, 0.0, 52.90180148766572, 55.34896890268261, 32.455236801349436, 77.95872569896156, 51.40628057463099, 56.69460389719254, 8.760736360969053, 56.8335241264503, 71.26375492944925, 65.63891690511801, 52.65883352940898, 30.108021810088964, 59.53020665903174, 47.880256656627544, 27.477731726746818, 75.24559248647306, 3.8725347382089113, 39.273446795640076, 73.85231583487263, 36.34081321972043, 87.62517193052543, 24.46040533253493, 25.776253213451696, 15.441275462780032, 54.167473316939535, 51.49797114758869, 21.80844956547894, 51.99805750677539, 71.39329834580525, 25.246499202403665, 51.161114257495946, 9.044607666083776, 75.94243125398177, 49.821373300467535, 72.51202314415441, 40.87469433167179, 44.80196596253363, 72.51289592941454, 67.63782793415568], [61.15019885867246, 32.83684397495288, 36.323058506626, 48.811992046415526, 53.109971448487855, 28.20313039033057, 34.19841485836271, 23.03768517581665, 47.129704089916224, 47.88406279161664, 20.982590330405262, 15.71982028518902, 35.74148407027525, 34.44268327359204, 61.070389399578964, 38.38165201661766, 23.902894704938113, 50.422416814005175, 52.52367577821362, 36.59791736625352, 68.58342561110955, 62.54984239079474, 66.89554952973334, 64.3252207448344, 52.90180148766572, 0.0, 52.96043657514085, 59.70774202134341, 52.32460491140277, 62.917695866032375, 37.17388192593116, 57.7355409651955, 37.94610087940747, 33.74589926734553, 15.17192606655515, 21.41496796235722, 52.04233192736544, 70.3665357549389, 21.67168338164441, 59.31666702786844, 22.492276387378293, 49.06675938055673, 13.814916346000265, 23.80745458890924, 19.596825822654683, 35.53680921846775, 77.22827086580502, 28.175442676906723, 46.26076222975357, 3.239981098437022, 28.31274712947139, 31.094023480202313, 44.25320382355343, 19.65216939940296, 51.112033959130294, 65.83285143147492, 47.58361941854917, 28.592900385108738, 32.96158428945142, 61.46303247624779, 13.484977124505438, 45.053576862073925, 20.945204306416553, 71.75219598345275], [105.05327042135359, 27.105821356893106, 77.88128547424965, 92.11202831621442, 94.56484209287109, 75.10681805565144, 81.19953706634024, 67.12285069557642, 99.94166518691229, 8.589955774748638, 70.97345917624327, 50.86034733604353, 70.66714806421119, 63.82231561757143, 95.74873937686223, 22.360423460052065, 40.72970800710883, 47.05220698055471, 25.615397990583364, 42.634485989134205, 71.29540655835054, 71.0876160889304, 80.55563108393834, 108.75774723767823, 55.34896890268261, 52.96043657514085, 0.0, 83.74758011481423, 103.46383538891432, 97.80602263387163, 18.602437694173037, 51.685156233571995, 17.868730001870873, 86.48938750515391, 66.93658687823812, 70.84373616253657, 78.2656140773413, 106.43922174288004, 31.30623485391058, 79.95898226369036, 63.952912975361826, 52.98899072659995, 50.22977676363897, 74.67080263745552, 39.11421309413055, 81.40064387456957, 73.18244914878427, 52.62574219998341, 39.91860742194738, 56.18602273919766, 75.57681991337715, 47.606695615562266, 8.743813108053766, 69.19142523892391, 74.28713994756319, 99.10984950567286, 46.426151754278514, 80.60194366650029, 78.1269405394066, 108.01297622173215, 53.82728464567665, 11.211501909119264, 57.86938443230896, 111.76967184522502], [39.43785270345528, 57.85075773017629, 30.596692997244453, 33.207750384995826, 30.15425412141903, 81.0733082468619, 85.09109493213991, 39.49391257299667, 76.33150456629674, 75.1905621254442, 48.22267644682592, 45.523887062336016, 24.836655986785434, 25.520542333677906, 19.128779446924618, 61.54472553766199, 80.12489902271376, 40.203015687314334, 62.83065427953076, 41.15640081202942, 29.44902274597871, 21.81700603671941, 15.281799266874348, 42.61325620613271, 32.455236801349436, 59.70774202134341, 83.74758011481423, 0.0, 58.71887462697975, 20.511597770972596, 79.7563382536744, 40.57370432902859, 80.14957111199014, 60.9764225663182, 66.45896574358073, 47.02129095659996, 7.683018223586508, 27.754946457947558, 66.16264061902751, 5.416692351912528, 80.6626985420213, 32.87872766637694, 47.50715633502999, 72.47635365528514, 52.34677270256228, 87.35448704906435, 39.79350686239226, 35.19554125664889, 45.61347333382282, 59.15218295426952, 41.59150829934236, 37.671681478522295, 78.40936298134719, 72.56821034415418, 9.748363396988188, 19.309307253792642, 39.38482127611225, 71.57477149483731, 36.99384427956829, 46.89237862179542, 46.457389256767286, 72.57598877634126, 80.47983334322302, 36.82334599387023], [25.796709349279705, 78.6237786428476, 32.80630819027234, 25.57690684275414, 29.533466193628293, 49.39427091433523, 48.96130468295803, 37.70822121601796, 24.252222683144083, 96.97148797340877, 32.500330029676256, 53.27356307323285, 43.070786400630034, 50.36784493171722, 43.81093732654311, 84.54358300110536, 74.55532993394829, 81.29123858900995, 95.23670200134255, 71.43610032779554, 84.91775657163029, 76.65005590125719, 73.54062049350648, 25.92069430600231, 77.95872569896156, 52.32460491140277, 103.46383538891432, 58.71887462697975, 0.0, 44.08110411491166, 89.25311040442436, 86.31259556667902, 90.00319299384874, 20.882968513896657, 43.478338243992084, 32.62641041803977, 53.9699285283151, 45.26657698104279, 73.10513100944813, 62.709525473632056, 57.76064259712517, 75.50611477447566, 53.531514065241595, 41.43589224894126, 64.80595313929304, 51.3744242041782, 95.75883651496495, 57.12963183439281, 81.70940817271543, 49.21461082299146, 28.87951424642895, 63.532712443456276, 95.0622651769478, 46.210027736599855, 57.53692927458533, 47.82816500334052, 78.76732148823402, 35.40605822209484, 28.584448852898724, 19.356334507887162, 49.89201216613202, 93.92885124552083, 62.26182458675426, 38.94921404716235], [20.59542412862036, 70.82715625514196, 26.978251608394256, 20.037632399402547, 14.997146079466138, 78.01174433296406, 80.72740121960977, 39.95904017508661, 65.47308067383977, 89.50420285964948, 45.681530375971924, 52.10467108643612, 28.639302903775306, 34.243855268756086, 2.0612305377923343, 75.50394578695403, 85.98363864960338, 58.34941508333, 79.65122329010586, 55.84128560160818, 49.93413501667577, 42.30931227906169, 35.19999961929054, 23.16960774224549, 51.40628057463099, 62.917695866032375, 97.80602263387163, 20.511597770972596, 44.08110411491166, 0.0, 90.52497613620234, 59.95068716728892, 91.05197430501379, 52.66176169461938, 64.98819602558183, 44.630118135458105, 21.36269513739849, 8.644131516134241, 75.17291209386107, 25.892849412870824, 80.63404665130506, 51.002549713460624, 53.78602740395179, 68.88185889794707, 61.86044469656678, 83.18209563134702, 60.12885527853371, 45.570793818605985, 62.61060433851472, 61.340145445048684, 37.503939082338064, 50.199840170003064, 91.33370240749953, 70.61906747076748, 26.194337984490396, 3.843699780004965, 56.971105689527306, 66.09660564501024, 32.07351154760212, 28.52336836594806, 51.464048677182944, 86.64202926856467, 82.05647024590299, 16.40278299221598], [94.43869969244707, 23.093864758190758, 67.41142096539497, 81.47441973738032, 84.71431908778617, 56.895158643109966, 62.907961611767405, 55.18094519410583, 83.16528818324545, 18.516384228735415, 57.030945958277634, 39.47015171873055, 62.064001596345285, 56.46889718442814, 88.4791499134132, 22.3772703272454, 22.129066446681495, 49.47941753452373, 34.441528334632096, 40.10185483541935, 74.05654747575325, 71.74528994235045, 80.03122391591575, 97.97635369298149, 56.69460389719254, 37.17388192593116, 18.602437694173037, 79.7563382536744, 89.25311040442436, 90.52497613620234, 0.0, 55.86675664462376, 0.8013419952729149, 70.8671971885495, 49.93126325482434, 57.13675345219424, 73.19194390491275, 98.9526316493254, 16.423414009986214, 76.94396205674761, 45.530412981494806, 53.44163331324656, 38.2545992147734