instance_id,num_cities,city_coordinates,distance_matrix,best_route,total_distance
1322,70,"[[30.77123616505254, 41.661320418945316], [78.94829745075657, 0.3921025835862513], [12.611997174419443, 18.91005252435134], [13.3080747488727, 74.29987282840614], [36.50359041500243, 10.753861552166544], [58.84614427158138, 54.91517093999418], [0.7505984279247979, 44.59680782563119], [64.43326133143381, 13.194647814060524], [3.3785341834779437, 90.7119424112113], [81.50970858654595, 44.9688097561074], [90.91951527525607, 76.90920376858766], [83.40990105844935, 29.28378989885544], [66.93888341701515, 88.19168496920769], [85.95456000928311, 40.54955818960574], [79.10922664712068, 28.834689964672645], [2.771067695000884, 81.50830914606229], [47.340794977750754, 47.6098874682488], [39.25116142480795, 96.87685766688998], [4.279270670981694, 38.2101673869163], [46.15495621439344, 78.08574772261309], [14.47620818498362, 27.09894251892647], [5.793345436665032, 56.697027966034895], [63.58918025582037, 29.011946940302792], [83.88006394348312, 53.59987080881938], [49.09381303282293, 49.01405890859858], [11.055167950870015, 75.39448528654593], [50.55834385977296, 48.571284497528296], [4.491544157862881, 85.8047939099659], [84.09676178061247, 45.99030237006565], [59.432732812956026, 28.6827638509516], [4.204728459290264, 62.97392397060083], [1.1620803453430417, 87.09731213614774], [39.1796665681018, 77.34527832070019], [95.77986510973797, 64.40527164519247], [42.084633636318124, 82.74410238010849], [49.95312822691809, 89.65056735062116], [41.11324851165404, 32.12909266315931], [64.4552883594865, 8.7671712643279], [89.45203338968058, 15.1668989744288], [41.375688602721375, 53.78313729559457], [7.645272362232292, 46.767047609033305], [75.2316456430836, 57.16173459370625], [2.397219189440236, 79.76014590396078], [50.23804668745948, 20.06573614166671], [89.2961155323153, 35.96264363231331], [33.06220513488053, 97.40378480911951], [17.954858701514954, 46.499518991947006], [8.007574183786714, 20.328927186407352], [53.26799672905263, 0.21611346748315885], [79.95176291891283, 31.711198947163467], [16.84452058759941, 63.90690573998287], [47.14221593008552, 2.4027061945945394], [24.486206091608775, 34.77104590181166], [45.64767792084524, 58.61781076825946], [72.48121362095726, 41.481939589223714], [66.87547090593262, 48.50785394391993], [17.749928032800455, 5.327667504236977], [55.09389380916788, 17.83006456718145], [26.214934166056704, 10.773127911997626], [45.46361364562791, 49.95727141801524], [60.244452825870454, 71.05336162524371], [98.76669609467524, 72.44189383049824], [64.62616222025827, 42.857980736867304], [10.149464288943722, 94.14214353559674], [91.69119571371937, 90.10439861374704], [58.276696893523706, 3.5821194599416017], [67.41899904346784, 52.36805655350025], [6.005851856757138, 5.484252520820165], [62.32332593631343, 80.03803139811517], [34.18597663319262, 73.17972578441817]]","[[0.0, 63.43640575307526, 29.109760416920505, 37.01671392807137, 31.434549445610642, 31.04617559095397, 30.16381568135354, 44.08495647605637, 56.1811680163338, 50.846160812612865, 69.71534092686444, 54.07432203490934, 58.933636685026585, 55.19452188172131, 50.0108365522412, 48.70104665169181, 17.604991598621236, 55.86290975226945, 26.71581353785663, 39.53982482202813, 21.853850621210583, 29.154202556078825, 35.171353453442016, 54.43414896377605, 19.742836330491706, 39.07236565414261, 20.958941635726056, 51.37381106989421, 53.500951084152355, 31.46306279888205, 34.05886671382895, 54.23219939926393, 36.66124047788259, 68.87241214484725, 42.61206326864862, 51.68087464567932, 14.064870613177892, 47.08121091097349, 64.38470571958507, 16.10567775332039, 23.68287676674766, 47.08493230900224, 47.503740301896215, 29.07449005902488, 58.80167023198538, 55.78952298694221, 13.699185987483698, 31.197040049096945, 47.157283797134426, 50.17697807850112, 26.24537050702156, 42.535253252843304, 9.326172094999853, 22.557284505894682, 41.71036318295672, 36.747663701699096, 38.59648688160035, 34.05173167909485, 31.22243302903079, 16.87272233549428, 41.62406259134561, 74.63796802288313, 33.876068457244806, 56.38700444527558, 77.83298334510168, 46.97420478902925, 38.17974230724375, 43.84181225318043, 49.68205223732653, 31.702844182297294], [63.43640575307526, 0.0, 68.87248510371212, 98.84835526661026, 43.69117993684711, 58.11076961662575, 89.82725698807384, 19.354364828730077, 117.76443685069096, 44.65023683421225, 77.44789751799179, 29.234149597268324, 88.61711286497294, 40.76406451506568, 28.443042649072854, 111.2780719654482, 56.82036098086087, 104.33202083803309, 83.6998780507332, 84.33092982075785, 69.78470888114157, 92.31409224223106, 32.48073231949157, 53.43583928646493, 57.05598020130798, 101.16735859164058, 55.92157933029899, 113.30991108695763, 45.88793423900763, 34.368863497022666, 97.48377030920726, 116.48385697221795, 86.62179436093427, 66.1890284198873, 90.2262798762663, 93.8498448101383, 49.38347362767429, 16.738849659602554, 18.12796395256505, 65.28631957206908, 85.05737424167266, 56.891164685071445, 110.269460339094, 34.80417153545004, 37.04511748595502, 107.31635456093794, 76.45975031551872, 73.68896249021593, 25.68090374823547, 31.335167782809425, 88.83135325246725, 31.86956775013072, 64.40521049488089, 67.0758105033598, 41.595647349350216, 49.607244125740934, 61.39707012962903, 29.548520965306388, 53.74544901836108, 59.81580068104828, 73.09478321401672, 74.72577429195948, 44.816005677547764, 116.28563807680897, 90.61278891604331, 20.916292149165013, 53.23931360232709, 73.11997237565699, 81.36254454345104, 85.45000559508937], [29.109760416920505, 68.87248510371212, 0.0, 55.39419389525528, 25.245428868375743, 58.60004189355559, 28.29314719382015, 52.13548954247458, 72.39315043655614, 73.66107157985326, 97.4472623328365, 71.55387915052209, 88.04178078071857, 76.46829230878969, 67.23377094784223, 63.3670705106088, 45.05296796740063, 82.39215846240323, 21.022101814264307, 68.02126875731554, 8.398404731564286, 38.39725933645756, 51.96846607035558, 79.26235445411102, 47.29877470621473, 56.505883425517546, 48.163408402351, 67.38581588318387, 76.44221021470493, 47.82977286593352, 44.858744232089144, 69.14190457862212, 64.19125073467785, 94.79825536242706, 70.30947461759708, 79.99112767154604, 31.41758026932745, 52.826176098167345, 76.93115340394255, 45.20488896175818, 28.296298883564095, 73.37854969590283, 61.70150365744423, 37.64379373258056, 78.5572712854967, 81.1139754519464, 28.102043151064713, 4.818082230856153, 44.747889975374655, 68.5457030036276, 45.19547603192388, 38.27307787681425, 19.813327543068045, 51.65328902535076, 63.98291305959543, 61.81063363437424, 14.521691235532137, 42.49562231186975, 15.850849723140428, 45.201310885885334, 70.62418505992584, 101.4312091008799, 57.262349157955256, 75.27238262561083, 106.40561337032304, 48.168561660724166, 64.21250257923623, 14.963063245635544, 78.78988519133928, 58.40063377603003], [37.01671392807137, 98.84835526661026, 55.39419389525528, 0.0, 67.64708047016988, 49.49224629330994, 32.248446196836234, 79.67203541491516, 19.182069852616486, 74.24132352725957, 77.65529156815865, 83.31094630514191, 55.40077691652189, 80.10365509082, 79.98046288918957, 12.76675651052563, 43.25021808849637, 34.3913359826602, 37.201964221401575, 33.064338353043695, 47.21538263961139, 19.13978327684153, 67.66968155863557, 73.5451952373172, 43.81770703853084, 2.504748584988432, 45.2718765497331, 14.494634205633824, 76.23955660425463, 64.87221834490917, 14.530933596905454, 17.64368535442365, 26.050216081124873, 83.06322494281908, 29.989920875595146, 39.73038845421938, 50.512398356483125, 83.12985284731532, 96.4085630756326, 34.76675688602678, 28.10914078072599, 64.25141566099572, 12.200875013638376, 65.61375168012223, 85.11125357166283, 30.397638331290622, 28.186029776023112, 54.23060279705606, 84.17362274316824, 79.08967262461256, 10.978169887157726, 79.46037804742885, 41.07893351230189, 35.94129941695136, 67.66444491803978, 59.45329401458838, 69.11508639852292, 70.24880012924923, 64.82464299700682, 40.33039703704765, 47.04852199569223, 85.47881637155444, 60.1842062340009, 20.092101106031873, 79.96059459189439, 83.80440095288179, 58.38661398926669, 69.20196570534667, 49.34998797101206, 20.90792951230332], [31.434549445610642, 43.69117993684711, 25.245428868375743, 67.64708047016988, 0.0, 49.49152411960622, 49.23028994934574, 28.036118759136464, 86.54804472085547, 56.53506304470966, 85.65992167967795, 50.433721087313856, 83.20410780536746, 57.73371572941394, 46.28343758652846, 78.38414982235095, 38.41629405684235, 86.16681267303898, 42.335038833762724, 68.02008348321564, 27.429313511593506, 55.262045625925744, 32.66476479427786, 63.87731015952387, 40.2784856631851, 69.46965123478432, 40.34468456465688, 81.59297490191307, 59.217537285415965, 29.10654752362453, 61.40155863346893, 84.126956328353, 66.64516614742386, 79.9509258649066, 72.20625193086312, 80.03486898347526, 21.86662874830912, 28.022211837745207, 53.132029066590626, 43.30422510280883, 46.14923716380739, 60.44462707295804, 76.97474805555741, 16.5935619283689, 58.502422191106234, 86.71823529732417, 40.27167086155065, 30.061683634649086, 19.8012487929124, 48.238508316668465, 56.67208424710231, 13.524871483917345, 26.85596153670514, 48.729580040004784, 47.313889624518666, 48.45425746074248, 19.52289513856497, 19.89150646373536, 10.288674287856091, 40.21429299892106, 64.80477032653383, 87.64763348345807, 42.67966159152674, 87.45367651514876, 96.65495078146918, 22.923831493936966, 51.84113922623635, 30.949650022420748, 73.93885942880581, 62.468871118222935], [31.04617559095397, 58.11076961662575, 58.60004189355559, 49.49224629330994, 49.49152411960622, 0.0, 59.004754590051895, 42.092967666132296, 66.01563918230602, 24.75009592423563, 38.89008366672163, 35.50134985546956, 34.2464423380368, 30.679586592752482, 33.02701917009768, 62.061334280825825, 13.628654701605917, 46.31140794373982, 57.06663507034708, 26.41858971902453, 52.36825175525516, 53.08271355798752, 26.33388319116597, 25.068449265447146, 11.398731850409757, 51.99403555978007, 10.437074822998742, 62.51872808006615, 26.781466792875356, 26.238964686170895, 55.232488830216674, 66.05407968487272, 29.830857553403686, 38.13347278108417, 32.48688449012349, 35.855731733908826, 28.873187480264363, 46.48763675929522, 50.16617957307427, 17.50709346092764, 51.84516561931422, 16.538793893318857, 61.67458085702172, 35.89683063698859, 35.86640546706501, 49.70003849017347, 41.74829856752719, 61.487953824746306, 54.982748370623334, 31.36672527903825, 42.95331985777308, 53.800937652235305, 39.829525797898604, 13.707992402586548, 19.140711080981607, 10.272477660685567, 64.40356734013942, 37.274448328788424, 54.893677556130214, 14.271401249513714, 16.198656283978394, 43.598583384564705, 13.371029993287936, 62.53096849040145, 48.13604832671565, 51.336209877338085, 8.94324497247731, 72.35683933290044, 25.36235221598675, 30.687421390830615], [30.16381568135354, 89.82725698807384, 28.29314719382015, 32.248446196836234, 49.23028994934574, 59.004754590051895, 0.0, 71.00406472783267, 46.18995219938511, 80.7599669331816, 95.78373816569977, 84.06574111604797, 79.25529876898182, 85.30003105963029, 79.92821138907657, 36.96675838895515, 46.68752578027851, 64.92685856008644, 7.296622773060735, 56.418656501420884, 22.23887707359904, 13.108952087805877, 64.74237603730779, 83.61556780876187, 48.54460325788246, 32.47585395397244, 49.966068184511435, 41.37744303459392, 83.35781170747146, 60.80172441313569, 18.698914729985926, 42.50249620924161, 50.49015347460109, 97.07181241212115, 56.24694256966109, 66.7137930712716, 42.24437765139995, 73.08933147451481, 93.45621487768842, 41.650769510791406, 7.228171925036125, 75.53346131982701, 35.20187075629869, 55.23387559463781, 88.9654842655346, 61.908131502409695, 17.309155997444112, 25.32970050831203, 68.75844061663017, 80.24252845528603, 25.137506080427205, 62.709842823252515, 25.68899897909444, 47.03547884853313, 71.79821418462356, 66.24043358834676, 42.79068343222097, 60.57765510117407, 42.33761586915636, 45.033191090392705, 65.11119681034707, 101.8945740284359, 63.89922667320068, 50.42894972222419, 101.69136174737592, 70.65024180007039, 67.11980294536737, 39.464030091630974, 71.04421933653063, 43.98758591657475], [44.08495647605637, 19.354364828730077, 52.13548954247458, 79.67203541491516, 28.036118759136464, 42.092967666132296, 71.00406472783267, 0.0, 98.67426548382713, 36.07218343787976, 69.00048034948169, 24.879174993429004, 75.03888141547871, 34.80599687460926, 21.44749114512389, 92.0270745413565, 38.42604750045209, 87.38907484096781, 65.14812976500316, 67.41625386576575, 51.85592126572444, 73.01436033433731, 15.839805065442983, 44.841500611467026, 38.965739891156595, 81.96365435086327, 38.00025997120911, 94.15541818602418, 38.23883114939144, 16.27535019089642, 78.13739505895994, 97.28744079930233, 68.94234868982922, 60.0427977496693, 73.051952679512, 77.81504923153057, 30.038911425986402, 4.427531342452263, 25.096388782892316, 46.680586313075196, 65.969551454892, 45.27372111535545, 90.99140652061445, 15.770731549115574, 33.71265567400864, 89.86279497289141, 57.179160147771164, 56.87491637133931, 17.12032381196321, 24.159605902940655, 69.54438402580871, 20.382498742535226, 45.40163187347723, 49.154469550997, 29.409869296337597, 35.39755520902134, 47.34155666078632, 10.426450699594268, 38.29496428978474, 41.36832154643997, 58.01014463506086, 68.47642589369023, 29.66396013417935, 97.46398147489349, 81.59721046003268, 11.41507718050472, 39.287028163915316, 58.933966212190064, 66.87667572731652, 67.1796681349822], [56.1811680163338, 117.76443685069096, 72.39315043655614, 19.182069852616486, 86.54804472085547, 66.01563918230602, 46.18995219938511, 98.67426548382713, 0.0, 90.5368134998414, 88.62245180848718, 100.8882431453612, 63.610295489513234, 96.61813924921151, 97.79535853687284, 9.223658754202697, 61.56677281171894, 36.39851048195669, 52.50950111095712, 44.60093131405865, 64.57377272189945, 34.10052372180212, 86.2102739907432, 88.6442448911494, 61.87568350225176, 17.133452622417526, 63.259540707228304, 5.031788709430808, 92.27923577052756, 83.60437893348389, 27.75032007010066, 4.240073070359639, 38.21503354610489, 96.07313299635818, 39.517699953494244, 46.58668615957238, 69.6839934994536, 102.20232589815005, 114.52380037994513, 52.98603958805593, 44.1515439578338, 79.29997522713542, 10.995673051421088, 84.77440871153183, 101.87893060694701, 30.428622641019818, 46.55327723221467, 70.53507527081432, 103.33660304702687, 96.66719758159752, 29.997379565253446, 98.55851582273634, 59.79061561530084, 53.07272179006216, 84.84558611555426, 76.24333450532163, 86.58528375285323, 89.36580184436622, 83.13672610648086, 58.58410297255675, 60.168035546805235, 97.12206807898195, 77.72563018761174, 7.590242041386954, 88.31475129343241, 102.98259229820475, 74.6420439307015, 85.26817649163728, 59.903429376794755, 35.446821157069685], [50.846160812612865, 44.65023683421225, 73.66107157985326, 74.24132352725957, 56.53506304470966, 24.75009592423563, 80.7599669331816, 36.07218343787976, 90.5368134998414, 0.0, 33.297646036790326, 15.79970187543634, 45.61278206608617, 6.267893472151222, 16.311717720273165, 86.80385121131555, 34.27083233139925, 66.93452208038042, 77.52560730045558, 48.442647487246305, 69.37450779040331, 76.61931056218347, 23.99514131183115, 8.950631229907891, 32.66732810095755, 76.74349501858538, 31.160308129290105, 87.17439563184735, 2.781418952495472, 27.434069157391118, 79.37407694173426, 90.72239016236075, 53.29229000519036, 24.112515794961258, 54.6013669028532, 54.701711360144294, 42.387879418641354, 40.01764459298705, 30.84208828075068, 41.09053333841498, 73.88632213144322, 13.71428052860996, 86.42466690453655, 39.97599171223934, 11.905425711603147, 71.39038590390962, 63.57328066627922, 77.52217472962101, 52.918787908865795, 13.348836618399513, 67.38128834055922, 54.70829666422909, 57.92818160807473, 38.371610235920336, 9.678428844826199, 15.05608668465923, 75.07815777771062, 37.872242616224845, 65.01428100807061, 36.389637401903336, 33.6543451693924, 32.443396345239165, 17.014985661206193, 86.66199409892748, 46.26968836772819, 47.46188961681628, 15.915305482337473, 85.20482756944673, 39.97458674930123, 55.094386185429435], [69.71534092686444, 77.44789751799179, 97.4472623328365, 77.65529156815865, 85.65992167967795, 38.89008366672163, 95.78373816569977, 69.00048034948169, 88.62245180848718, 33.297646036790326, 0.0, 48.2138398382513, 26.502171351850095, 36.6970653788868, 49.503957366686144, 88.26834416189143, 52.5124251814321, 55.392472338915375, 94.89018601498482, 44.78001790519085, 91.23947240453113, 87.49283880445272, 55.14611884756057, 24.34910425625016, 50.274531075211954, 79.87871021511307, 49.315938870136996, 86.88455395196743, 31.662729334979918, 57.59519925269437, 87.82736632500475, 90.33379587566726, 51.741686339490464, 13.415338946892929, 49.18222958036578, 42.90206537829856, 66.97703008899093, 73.10056018978881, 61.75974177714237, 54.67545803988711, 88.56155548929938, 25.22046376276477, 88.56819279721186, 69.9010851011105, 40.97872879579004, 61.37993311096495, 79.04802361310898, 100.3778744229589, 85.43691794984456, 46.50968965266869, 75.20747696872316, 86.41568213409018, 78.67025433729964, 48.82739308356205, 39.9382274910813, 37.21226600863147, 102.36066056447602, 69.0928349556636, 92.52385285009261, 52.84548845826164, 31.22899843865427, 9.029679113656947, 43.02122969919299, 82.58798550240138, 13.217740264539454, 80.26465526687353, 33.97855455714876, 110.95879368439479, 28.76684909829284, 56.85598836433074], [54.07432203490934, 29.234149597268324, 71.55387915052209, 83.31094630514191, 50.433721087313856, 35.50134985546956, 84.06574111604797, 24.879174993429004, 100.8882431453612, 15.79970187543634, 48.2138398382513, 0.0, 61.16726676715306, 11.549581133397583, 4.324059567482877, 96.07300274697303, 40.457709593890925, 80.73919182358615, 79.63251145466518, 61.396758894631155, 68.96830845574569, 82.31534078115328, 19.822584890217623, 24.320625895695535, 39.58380240173209, 85.79862255424278, 38.0950424369332, 97.07075229085386, 16.72062608284608, 23.98469990187395, 86.07255369881133, 100.5341104577803, 65.3163096966925, 37.23619866055688, 67.57057597877852, 69.01813868985238, 42.39224651377751, 27.93222122857984, 15.355584406992426, 48.6527803896076, 77.75566385567119, 29.052773741040973, 95.45112434729835, 34.4288314858431, 8.90250571610449, 84.7066950800617, 67.68119309050924, 75.93220966304263, 41.87438608172614, 4.225048411548057, 75.03139361478728, 45.14352274341939, 59.17864316615625, 47.817050062303444, 16.3777612931386, 25.356498553175594, 69.89368968594289, 30.54478827091115, 60.11579530384334, 43.212423752197616, 47.763323942353374, 45.808875654824085, 23.175148363023126, 97.84527393863908, 61.38180744827698, 35.94793199818834, 28.081885873913212, 80.98027421678991, 54.960319145240234, 65.95337688923001], [58.933636685026585, 88.61711286497294, 88.04178078071857, 55.40077691652189, 83.20410780536746, 34.2464423380368, 79.25529876898182, 75.03888141547871, 63.610295489513234, 45.61278206608617, 26.502171351850095, 61.16726676715306, 0.0, 51.29686345523859, 60.59183204283374, 64.5149291786621, 45.06625521254303, 29.017962952390718, 80.15222498041949, 23.11063819101469, 80.5273585348359, 68.78001333711661, 59.27446249809382, 38.51749218909791, 43.05035331750126, 57.33025356667269, 42.87304759079564, 62.492939036953196, 45.55600381090476, 59.98044672682625, 67.61294009317074, 65.78590634951587, 29.802997454111598, 37.38443103513629, 25.444250592743636, 17.04829074073726, 61.72501660055832, 79.46333507767226, 76.41636795395983, 42.86519662990994, 72.33071887060036, 32.118962088526295, 65.09007045835645, 70.14315968873949, 56.81301423818692, 35.10686706175524, 64.32473382147948, 89.87910269817685, 89.03142323859682, 57.96016161310492, 55.670420238195966, 88.04349449436387, 68.23484806507648, 36.44076654975368, 47.03740785324445, 39.68388169005336, 96.36388702322688, 71.35167415281049, 87.47612828317865, 43.85268054928304, 18.39938933720123, 35.511485195035014, 45.39265820327385, 57.100315954065245, 24.826103953693217, 85.05181979848841, 35.826845575370506, 102.72951726416309, 9.36938831594952, 36.02931891328997], [55.19452188172131, 40.76406451506568, 76.46829230878969, 80.10365509082, 57.73371572941394, 30.679586592752482, 85.30003105963029, 34.80599687460926, 96.61813924921151, 6.267893472151222, 36.6970653788868, 11.549581133397583, 51.29686345523859, 0.0, 13.568224878984028, 92.7206162269928, 39.25393100612034, 73.17084190949303, 81.70878556081324, 54.708079722176755, 72.73289380630102, 81.77139537722229, 25.165982692051653, 13.214166390137006, 37.820132734886705, 82.60803759387431, 36.293804025784624, 93.18937338406191, 5.749183550353925, 29.055604032746405, 84.76961212092498, 96.72878581388018, 59.51315549019137, 25.799838852056535, 60.86830044788221, 60.885237874302526, 45.625074865795824, 38.371067227011295, 25.622484440045927, 46.501649345342926, 78.55572357549283, 19.772336669847643, 92.30005088724768, 41.173490130903865, 5.675013521517646, 77.65310224751337, 68.25951517184315, 80.52705456831042, 51.91529815213459, 10.684108152139917, 72.95041626650108, 54.42040398647657, 61.73936942995658, 44.17133114291736, 13.50556914662121, 20.672351398104738, 76.76231762068879, 38.32174459460729, 66.74922243716358, 41.569481661579495, 39.89350367444061, 34.369636362666824, 21.452957066651337, 92.83629538729531, 49.88578152808194, 46.18068462989897, 21.982809736128644, 87.30046733496414, 46.019286610622835, 61.19406884684806], [50.0108365522412, 28.443042649072854, 67.23377094784223, 79.98046288918957, 46.28343758652846, 33.02701917009768, 79.92821138907657, 21.44749114512389, 97.79535853687284, 16.311717720273165, 49.503957366686144, 4.324059567482877, 60.59183204283374, 13.568224878984028, 0.0, 92.74710060085526, 36.90177898190978, 78.85684465461956, 75.41499776759196, 59.25918182045131, 64.65632138254051, 78.43167929202968, 15.521058598675651, 25.220528756385253, 36.1681072965182, 82.45707638188165, 34.7085878665672, 93.87966384476037, 17.86590450304404, 19.677080351260194, 82.31750207144415, 97.31541891646353, 62.8303028064638, 39.28328484027052, 65.3991225827466, 67.44367292275282, 38.13852964667955, 24.848404659584826, 17.14007473341156, 45.23543873526502, 73.67948298351365, 28.59120654778547, 92.07678399472691, 30.173491402440533, 12.433037788381956, 82.59569575913419, 63.654559172060594, 71.6086097020243, 38.55894298867568, 2.997360721640926, 71.46295501914614, 41.479386931398984, 54.9446512084687, 44.796311544165675, 14.278777249495107, 23.166746868937057, 65.708018014522, 26.41662339241642, 55.892988834512785, 39.726448639405355, 46.241711993718766, 47.83308827660217, 20.159658709268054, 94.97637767579182, 62.548246526463934, 32.736624948685765, 26.277000674151424, 76.74207668912555, 53.8845862619615, 63.12353438828026], [48.70104665169181, 111.2780719654482, 63.3670705106088, 12.76675651052563, 78.38414982235095, 62.061334280825825, 36.96675838895515, 92.0270745413565, 9.223658754202697, 86.80385121131555, 88.26834416189143, 96.07300274697303, 64.5149291786621, 92.7206162269928, 92.74710060085526, 0.0, 55.99610327786705, 39.58521848079841, 43.32440139242387, 43.5186823072616, 55.654195624915054, 24.994676163978202, 80.34121520302517, 85.77616337223294, 56.5833282348045, 10.295880692513997, 58.038533371772324, 4.628155203287586, 88.74343538451858, 77.46665430793487, 18.58975032160003, 5.8159947313028955, 36.64583056167891, 94.56823086159413, 39.33298427451969, 47.87946537616314, 62.51743636972266, 95.37408568009681, 109.15480986801798, 47.5289586417247, 35.08152112326815, 76.44142233765409, 1.7876905286275921, 77.64215267540555, 97.78032292000191, 34.20846611522538, 38.15970253270296, 61.40307628427462, 95.69932559905769, 91.85103101984026, 22.536004042059762, 90.70002874318793, 51.53560915664251, 48.60430660387179, 80.38416949200102, 72.09996223701036, 77.63927110669904, 82.41721279697053, 74.51899582877289, 53.085981779214066, 58.41657235805889, 96.42282177224779, 72.93764874786649, 14.630601753847678, 89.33466248328095, 95.67322463323357, 70.9119831114207, 76.09284469863884, 59.570405221855644, 32.50018160575006], [17.604991598621236, 56.82036098086087, 45.05296796740063, 43.25021808849637, 38.41629405684235, 13.628654701605917, 46.68752578027851, 38.42604750045209, 61.56677281171894, 34.27083233139925, 52.5124251814321, 40.457709593890925, 45.06625521254303, 39.25393100612034, 36.90177898190978, 55.99610327786705, 0.0, 49.92671152373943, 44.07549901282875, 30.498922469756568, 38.739900977847824, 42.52959776197711, 24.69602024670384, 37.026991195213874, 2.2460564853322373, 45.701538318293174, 3.3581103400736843, 57.401299409657824, 36.79163154174233, 22.459985953577938, 45.79054326310896, 60.75961151953113, 30.83500423328703, 51.26820110851077, 35.5252063965843, 42.121764563902275, 16.686441885095796, 42.44599493252356, 53.15923158771702, 8.584375777902592, 39.704469455559035, 29.481135228210043, 55.25906371015239, 27.69610694251205, 43.54201662543897, 51.80067895591802, 29.40690682448863, 47.86807967660846, 47.76297242253967, 36.28007065525082, 34.57767424551042, 45.20761741506854, 26.21389108702938, 11.137370459282655, 25.87648343117228, 19.555303817903653, 51.608192485678394, 30.772526602615148, 42.464677670272415, 3.00566484513686, 26.760061031526615, 57.10737120252071, 17.926643252212628, 59.56883357193961, 61.422646661763764, 45.36560708846213, 20.634302788037704, 59.01818908217871, 35.7219925628515, 28.755275641060486], [55.86290975226945, 104.33202083803309, 82.39215846240323, 34.3913359826602, 86.16681267303898, 46.31140794373982, 64.92685856008644, 87.38907484096781, 36.39851048195669, 66.93452208038042, 55.392472338915375, 80.73919182358615, 29.017962952390718, 73.17084190949303, 78.85684465461956, 39.58521848079841, 49.92671152373943, 0.0, 68.29944136890079, 20.01919567401771, 74.0456328923717, 52.28617566323002, 72.09705450672976, 62.16620087744647, 48.86435608552988, 35.447233616604265, 49.611296836891256, 36.48042746983507, 67.82749723562925, 71.11772110432055, 48.76126922898442, 39.32451663105234, 19.531710198317068, 65.1912435765964, 14.413997945381098, 12.913224429570953, 64.77453543868398, 91.64368419316861, 95.8991391804809, 43.146058350318555, 59.24462243503889, 53.58998269546011, 40.634897315768114, 77.59291229060348, 78.83551803009055, 6.211347049702693, 54.69377260394497, 82.67857887344282, 97.67175201218353, 76.83164737500947, 39.863207142303885, 94.80313305801387, 63.83679002730875, 38.79007724761175, 64.59747145043809, 55.70155289991155, 94.0401895830457, 80.61877987634503, 87.0849900892533, 47.32908340926925, 33.280192782837744, 64.33635305739631, 59.6819045452643, 29.22990656104571, 52.875546312531874, 95.21491047611396, 52.67314735861598, 97.25152381151133, 28.563452966263615, 24.232419533106327], [26.71581353785663, 83.6998780507332, 21.022101814264307, 37.201964221401575, 42.335038833762724, 57.06663507034708, 7.296622773060735, 65.14812976500316, 52.50950111095712, 77.52560730045558, 94.89018601498482, 79.63251145466518, 80.15222498041949, 81.70878556081324, 75.41499776759196, 43.32440139242387, 44.07549901282875, 68.29944136890079, 0.0, 57.824172686163976, 15.081009672150445, 18.548758353804935, 60.01893563156745, 81.07483740980086, 46.09845202513356, 37.79664378762107, 47.42473366286115, 47.59509989381059, 80.19577537122521, 55.97031181245383, 24.763868774432297, 48.98642462211916, 52.4365763716062, 95.17637453563628, 58.41675132116385, 68.79110416664275, 37.33257817728448, 66.99285876511017, 88.23486685129483, 40.2325939400245, 9.195116449570342, 73.43978086687915, 41.592581460472374, 49.410823491886504, 85.0465476853915, 65.82052612885478, 15.991718419628636, 18.265787642253247, 61.99551124093994, 75.95105446137073, 28.604333018845658, 55.85164593209908, 20.49750706019397, 46.12826711215848, 68.28037430693767, 63.43758059920289, 35.5347352360184, 54.74919648377363, 35.127830392972065, 42.82691396039122, 64.8905002400689, 100.49718731639348, 60.52561018772244, 56.23917788347302, 101.65557473302172, 64.14689191139134, 64.70758166246523, 32.77142942280739, 71.54496879155256, 46.01392263246458], [39.53982482202813, 84.33092982075785, 68.02126875731554, 33.064338353043695, 68.02008348321564, 26.41858971902453, 56.418656501420884, 67.41625386576575, 44.60093131405865, 48.442647487246305, 44.78001790519085, 61.396758894631155, 23.11063819101469, 54.708079722176755, 59.25918182045131, 43.5186823072616, 30.498922469756568, 20.01919567401771, 57.824172686163976, 0.0, 60.0266389329731, 45.678626921113555, 52.07869133483048, 44.97490323957216, 29.21985574738736, 35.202812808694176, 29.841135404343515, 42.37243889882598, 49.696058415161346, 51.15617427862429, 44.58911106780343, 45.88645957302722, 7.014482203615071, 51.476081907776575, 6.186096831168964, 12.172557811121138, 46.23238000377528, 71.69356455654759, 76.37681860171752, 24.768089802635306, 49.637251406556985, 35.82273291572222, 43.78976089012888, 58.1635054966978, 60.295236341659255, 23.336809715677163, 42.34306726208921, 69.21757778368536, 78.19383149834064, 57.38312397865076, 32.55980952955398, 75.68948048888966, 48.432407804161656, 19.474544937579232, 45.08780987032569, 36.11359203216909, 78.10623446985998, 60.915120929462496, 70.20394052371005, 28.136970941551443, 15.747011430341203, 52.91359239350486, 39.77663910026962, 39.42338513239095, 47.095616324483174, 75.48329100797358, 33.37003381039005, 82.963411732259, 16.285809498281967, 12.935436732992514], [21.853850621210583, 69.78470888114157, 8.398404731564286, 47.21538263961139, 27.429313511593506, 52.36825175525516, 22.23887707359904, 51.85592126572444, 64.57377272189945, 69.37450779040331, 91.23947240453113, 68.96830845574569, 80.5273585348359, 72.73289380630102, 64.65632138254051, 55.654195624915054, 38.739900977847824, 74.0456328923717, 15.081009672150445, 60.0266389329731, 0.0, 30.845401077639924, 49.15021476603124, 74.29128074257873, 40.971342323312065, 48.416556749756424, 41.98787902359361, 59.548891704894764, 72.13809645386453, 44.984415041626, 37.316452000603014, 61.45787465292785, 55.99066991554092, 89.45416045224191, 62.117702564393, 71.91187401776493, 27.107827796379997, 53.23497245627458, 75.91935213285912, 37.889685900300336, 20.820567764833736, 67.7863898438067, 54.02873603106413, 36.446880319477174, 75.34310673771525, 72.72008066600651, 19.70998165655366, 9.363564142140783, 47.19628540740138, 65.63780295740843, 36.88407596943462, 40.95085042572754, 12.611947843545753, 44.32944372775896, 59.76162029556688, 56.604100753410535, 22.016031826994457, 41.661834860570046, 20.107956391402173, 38.50613583886709, 63.45646678221104, 95.71243171969583, 52.56771989819113, 67.18267273117063, 99.65862630389393, 49.714422232331636, 58.664019875708256, 23.21511921230135, 71.35750702251488, 50.11899399073403], [29.154202556078825, 92.31409224223106, 38.39725933645756, 19.13978327684153, 55.262045625925744, 53.08271355798752, 13.108952087805877, 73.01436033433731, 34.10052372180212, 76.61931056218347, 87.49283880445272, 82.31534078115328, 68.78001333711661, 81.77139537722229, 78.43167929202968, 24.994676163978202, 42.52959776197711, 52.28617566323002, 18.548758353804935, 45.678626921113555, 30.845401077639924, 0.0, 64.08449292804336, 78.1481157138132, 43.97679510359349, 19.42374027892996, 45.496514050384484, 29.136861958971497, 79.03201240080476, 60.51431956168267, 6.4748071286285525, 30.751030778978954, 39.25553058360512, 90.3160602744031, 44.671105702932486, 55.10011047224687, 43.02416760697293, 75.75285282368269, 93.39982700240654, 35.70145520880453, 10.101195138600106, 69.43985518278757, 23.31182280530134, 57.59499118842188, 86.03852222897312, 48.99623211965363, 15.871093036326252, 36.435443777477516, 73.78303475682273, 78.25447294073122, 13.19510552181749, 68.24662971680259, 28.81270082699265, 39.90059177923183, 68.40154002125763, 61.62863476508164, 52.74249768101939, 62.77885721863139, 50.25978394706469, 40.23871889235075, 56.311876296615374, 94.29710882984308, 60.438560198791805, 37.69764517145628, 92.16557435297011, 74.67058112640352, 61.77751351386837, 51.21321633895462, 61.159145975945506, 32.83018174841815], [35.171353453442016, 32.48073231949157, 51.96846607035558, 67.66968155863557, 32.66476479427786, 26.33388319116597, 64.74237603730779, 15.839805065442983, 86.2102739907432, 23.99514131183115, 55.14611884756057, 19.822584890217623, 59.27446249809382, 25.165982692051653, 15.521058598675651, 80.34121520302517, 24.69602024670384, 72.09705450672976, 60.01893563156745, 52.07869133483048, 49.15021476603124, 64.08449292804336, 0.0, 31.879240282513422, 24.702229739879556, 70.07968544662133, 23.502561197836418, 81.96315061834909, 26.623776086335916, 4.169462417579551, 68.41000657053688, 85.27046647677842, 54.147347864860635, 47.84273847753695, 57.875643007380795, 62.152909828917984, 22.691057825186252, 20.2632940416355, 29.33551645021738, 33.2723771774786, 58.6938193523221, 30.462395592358263, 79.49739490828865, 16.071324003138187, 26.630033905615395, 74.89552521418747, 48.87030263854718, 56.25575317772633, 30.58965274055234, 16.583729158517862, 58.332849725769215, 31.281853023679002, 39.524799927835836, 34.61798201853237, 15.315644747474709, 19.770940699185335, 51.59633840468998, 14.042947882015344, 41.587122890691546, 27.699147683948397, 42.17425459082621, 55.88933625905825, 13.88481125151423, 84.24812016396622, 67.2458989401444, 25.978810695557485, 23.668024172074702, 62.20443805879863, 51.041783689973215, 53.05978770496915], [54.43414896377605, 53.43583928646493, 79.26235445411102, 73.5451952373172, 63.87731015952387, 25.068449265447146, 83.61556780876187, 44.841500611467026, 88.6442448911494, 8.950631229907891, 24.34910425625016, 24.320625895695535, 38.51749218909791, 13.214166390137006, 25.220528756385253, 85.77616337223294, 37.026991195213874, 62.16620087744647, 81.07483740980086, 44.97490323957216, 74.29128074257873, 78.1481157138132, 31.879240282513422, 0.0, 35.08721880120472, 76.01625284482026, 33.69901644895942, 85.67201495063938, 7.612653267862228, 34.907509486576984, 80.22488365338143, 89.24316996846301, 50.61590563668977, 16.073641623200775, 50.95335345629384, 49.50444109638058, 47.853890294941415, 48.85993097554763, 38.83478038475843, 42.504770434782145, 76.540387510884, 9.353181957001267, 85.57928477303915, 47.50077381400563, 18.450078517138508, 67.09126363124157, 66.30646787545685, 82.84678866353816, 61.537989949457064, 22.238379095763417, 67.82329276945192, 63.01443597455696, 62.306941811546245, 38.56027829801727, 16.6366476706757, 17.750628724784132, 81.87429686686963, 45.91429657052434, 71.82894332647463, 38.58875722032865, 29.3813964028605, 24.013197378824486, 22.047696793214108, 84.14200617569301, 37.330876359827535, 56.18992662651476, 16.507090113103605, 91.53963967246553, 34.11259721649976, 53.41229291528549], [19.742836330491706, 57.05598020130798, 47.29877470621473, 43.81770703853084, 40.2784856631851, 11.398731850409757, 48.54460325788246, 38.965739891156595, 61.87568350225176, 32.66732810095755, 50.274531075211954, 39.58380240173209, 43.05035331750126, 37.820132734886705, 36.1681072965182, 56.5833282348045, 2.2460564853322373, 48.86435608552988, 46.09845202513356, 29.21985574738736, 40.971342323312065, 43.97679510359349, 24.702229739879556, 35.08721880120472, 0.0, 46.291094343870085, 1.5299999092109708, 57.81799521546094, 35.13331075553088, 22.809095136395218, 47.009655884712444, 61.21915692671422, 30.015800730624957, 49.15767374511851, 34.450608534572154, 40.64559313088413, 18.675960355123987, 43.07884503166539, 52.67272715535002, 9.072681708284643, 41.50940355512206, 27.37829272675162, 55.90969273838148, 28.9709278704509, 42.26777220264563, 50.97624961215679, 31.24031670517631, 50.10903915142969, 48.9761502039916, 35.37798798712937, 35.522017819383855, 46.65219108552893, 28.43233614891313, 10.203327741082578, 24.570375001435494, 17.788861688781243, 53.76746154348105, 31.755983253683073, 44.56244945788952, 3.750732918872147, 24.699547202939094, 54.92047669862522, 16.707817623402807, 59.608777215997264, 59.185750213604926, 46.35069015738119, 18.629593192733484, 61.248807682008206, 33.72694591411893, 28.39406701533309], [39.07236565414261, 101.16735859164058, 56.505883425517546, 2.504748584988432, 69.46965123478432, 51.99403555978007, 32.47585395397244, 81.96365435086327, 17.133452622417526, 76.74349501858538, 79.87871021511307, 85.79862255424278, 57.33025356667269, 82.60803759387431, 82.45707638188165, 10.295880692513997, 45.701538318293174, 35.447233616604265, 37.79664378762107, 35.202812808694176, 48.416556749756424, 19.42374027892996, 70.07968544662133, 76.01625284482026, 46.291094343870085, 0.0, 47.74918855287162, 12.306733235549611, 78.73804926574509, 67.24859627874697, 14.1844585596683, 15.32414234606271, 28.192073636623068, 85.43440246831013, 31.88800106852715, 41.428096618776266, 52.68189827497088, 85.38601661554421, 98.86066287262335, 37.23418234076508, 28.829803605041786, 66.7162160708057, 9.69634309324863, 67.7979975222222, 87.61572926528058, 31.1242502093268, 29.7073191254368, 55.149827893193844, 86.21896834700247, 81.57800134594511, 12.863945265392712, 81.42527154920906, 42.78617315188586, 38.4460473119846, 70.16565999359382, 61.95802746173614, 70.38592733419016, 72.47807880992922, 66.37573608351325, 42.79010381528039, 49.38047287295521, 87.76120991433437, 62.677552244181385, 18.76952287476775, 81.96676474928591, 85.94701089215336, 60.8859415270301, 70.09234079681049, 51.478020005733086, 23.236597641446476], [20.958941635726056, 55.92157933029899, 48.163408402351, 45.2718765497331, 40.34468456465688, 10.437074822998742, 49.966068184511435, 38.00025997120911, 63.259540707228304, 31.160308129290105, 49.315938870136996, 38.0950424369332, 42.87304759079564, 36.293804025784624, 34.7085878665672, 58.038533371772324, 3.3581103400736843, 49.611296836891256, 47.42473366286115, 29.841135404343515, 41.98787902359361, 45.496514050384484, 23.502561197836418, 33.69901644895942, 1.5299999092109708, 47.74918855287162, 0.0, 59.23245949597216, 33.63758233546475, 21.778614115725663, 48.539609438964106, 62.64379981130351, 30.942155992172346, 47.91347548606166, 35.207744133742445, 41.08374089206898, 18.961948698729458, 42.16031898254042, 51.26960168974111, 10.558625249461617, 42.95098341252321, 26.125995746482918, 57.37803591393648, 28.507347778194926, 40.738099840591396, 51.872227221917484, 32.66924328439315, 51.07052718063382, 48.431031209513925, 33.885624809819106, 37.03786114936141, 46.294789691131726, 29.499202584152005, 11.182456352351048, 23.040638658569193, 16.31725033440518, 54.280775231549654, 31.074005473215237, 44.9588949684088, 5.2798897430423075, 24.479879470284548, 53.79452774336512, 15.183720008126812, 60.9063275993331, 58.45435030713754, 45.64644503499503, 17.28285772864159, 61.979164791409204, 33.5942102715172, 29.55722908481626], [51.37381106989421, 113.30991108695763, 67.38581588318387, 14.494634205633824, 81.59297490191307, 62.51872808006615, 41.37744303459392, 94.15541818602418, 5.031788709430808, 87.17439563184735, 86.88455395196743, 97.07075229085386, 62.492939036953196, 93.18937338406191, 93.87966384476037, 4.628155203287586, 57.401299409657824, 36.48042746983507, 47.59509989381059, 42.37243889882598, 59.548891704894764, 29.136861958971497, 81.96315061834909, 85.67201495063938, 57.81799521546094, 12.306733235549611, 59.23245949597216, 0.0, 89.00665373637024, 79.25566559494322, 22.832671447580353, 3.5715448539660533, 35.70475094931694, 93.76298360959451, 37.71747882847, 45.62395861194668, 64.97868984607892, 97.6240027942384, 110.48980464926974, 48.84492403267607, 39.164928671491424, 76.31898063479423, 6.3971842704318105, 80.08973848099495, 98.3669419586921, 30.83535727930402, 41.54714761427502, 65.5702035252629, 98.51174826037223, 92.84590260999803, 25.14186812825787, 93.67490612701123, 54.81085605611879, 49.325038253040674, 81.16101631225771, 72.68298320335626, 81.56195569932635, 84.74173481501147, 78.11310117949974, 54.440