instance_id,num_cities,city_coordinates,distance_matrix,best_route,total_distance
2019,33,"[[43.71170438884262, 32.15025764484209], [88.0927542683281, 12.660429343643631], [24.735960102122057, 92.52888682257463], [43.180198526442915, 92.56130851147412], [9.043570055187045, 66.9462764497547], [34.91412765382783, 86.93267732718623], [80.22606400741267, 20.85969672211183], [12.251615295119588, 22.213094173258142], [43.52287570186392, 49.369159856079705], [62.11457337207563, 73.94538389292892], [79.05325084603777, 32.02481834372036], [47.14856597286698, 33.700798797396544], [84.53167466626476, 15.235990505624075], [4.937999340869181, 44.330295850586054], [38.21171407029049, 96.01820726688014], [56.55789126725214, 76.93155248994368], [64.9333421418914, 93.96424632520954], [77.81883655393611, 23.404530046370155], [75.20757142804003, 80.82053023164177], [58.842464139329465, 6.5524630133069195], [82.74632125929648, 52.22983794748799], [9.738464858890183, 67.92669724973169], [61.88835932857572, 85.49164580483084], [48.18800555037809, 65.14705516683298], [26.69908169221058, 8.44484332331068], [7.069638115936305, 42.70118407324344], [91.20608299994471, 2.0160297667171867], [16.924450066733332, 23.437134351932997], [26.997118619591397, 41.32634651947268], [91.42797582619701, 0.30494840809710544], [66.46405437660263, 61.957953447551475], [1.2783983715980662, 86.15727649593148], [50.23005965935031, 38.16614382882446]]","[[0.0, 48.47196092191417, 63.290265701900346, 60.41338895718869, 49.11865697317283, 55.48432988385964, 38.22008927650671, 32.99218731224065, 17.219937561826107, 45.66725484313192, 35.341769070101016, 3.770437032163161, 44.18554521906975, 40.64177080099517, 64.104328109944, 46.58743269723009, 65.3553907914123, 35.21056965960404, 57.972278497780174, 29.73528174786988, 43.89636499020763, 49.336949996547574, 56.353300485709894, 33.299037805859015, 29.178348122767783, 38.13086766971867, 56.24755718665009, 28.168697371990735, 19.06772100888763, 57.3669441426611, 37.49890877122135, 68.68292032765531, 8.870165838990008], [48.47196092191417, 0.0, 101.9463283648941, 91.65854109170728, 95.89435187116692, 91.34732152139593, 11.362781402666968, 76.44038046805157, 57.74084318109685, 66.56359017350536, 21.370357588676217, 46.03394076031937, 4.394861002504355, 88.98142340743547, 97.14235590893325, 71.59067575448283, 84.53797386863556, 14.865701635389632, 69.36733590018964, 29.881210238595116, 39.928967469470756, 95.88407082057714, 77.40191473971963, 65.93356399093122, 61.53823362657032, 86.41291741266433, 11.090358792409802, 71.97961443190995, 67.4863801285465, 12.79771901507168, 53.83350761172544, 113.74761066101945, 45.652219162405224], [63.290265701900346, 101.9463283648941, 0.0, 18.444266920078583, 30.012015241777064, 11.615190718488945, 90.64008186821228, 71.41547144115063, 47.07133129171315, 41.743350501857186, 81.30873493206593, 62.95290972318477, 97.72266523841486, 52.10627046708647, 13.92017608271015, 35.43885073421746, 40.223000630894944, 87.15485340543326, 51.81186315791946, 92.49431911566711, 70.63437790355651, 28.81306292897138, 37.81300741046142, 36.052227955154756, 84.10695701048508, 52.86680332491551, 112.29806111623536, 69.5319347386321, 51.25244356449655, 113.81159773071288, 51.7282883845971, 24.30750132152479, 60.04379183594587], [60.41338895718869, 91.65854109170728, 18.444266920078583, 0.0, 42.67832319699862, 10.000470822907971, 80.70636457198728, 76.84691614679453, 43.19350799733965, 26.553026196618088, 70.36719778813803, 58.994131436871406, 87.68779495259356, 61.55238728793418, 6.052766871122323, 20.573087672006526, 21.798336901321992, 77.34659172886137, 34.11155947174125, 87.42326960287065, 56.49872198523531, 41.53569095017798, 19.99938527515686, 27.86789223520757, 85.71584992202509, 61.56301310167247, 102.49357581052519, 73.94265197041634, 53.73000470494465, 104.11092158794217, 38.4539111719411, 42.38835314414386, 54.85010923276138], [49.11865697317283, 95.89435187116692, 30.012015241777064, 42.67832319699862, 0.0, 32.69161927005125, 84.79929407873053, 44.84806741481421, 38.7011310638928, 53.530541731448, 78.23594851913234, 50.56928413790184, 91.5008612538525, 22.985610484654032, 41.18200804625173, 48.55220342931998, 62.07767167101825, 81.39976020745151, 67.60303244434452, 78.2773438064942, 75.15762833702146, 1.2017086723666137, 56.00448622981065, 39.18576307107073, 61.10756719926654, 24.325314214750833, 104.72160936367229, 44.217120166795475, 31.284352569407382, 105.96346973083809, 57.63675377812532, 20.72101382775023, 50.24562627326066], [55.48432988385964, 91.34732152139593, 11.615190718488945, 10.000470822907971, 32.69161927005125, 0.0, 80.11747838112393, 68.57269070137774, 38.537363528875325, 30.141898381137974, 70.44952217244101, 54.619725125568486, 87.19126030010435, 52.09156530680113, 9.665450349523994, 23.842713800318528, 30.831740156117174, 76.65924303524062, 40.754385694096435, 83.86622764920666, 59.094888155610974, 31.54427485089817, 27.012696020415916, 25.51096170915945, 78.91658296436438, 52.266055840280664, 101.88042633203952, 65.9947912899938, 46.28840504695299, 103.43199917302569, 40.238472996330984, 33.64466571087547, 51.115091339492174], [38.22008927650671, 11.362781402666968, 90.64008186821228, 80.70636457198728, 84.79929407873053, 80.11747838112393, 0.0, 67.9879207094976, 46.474869768291384, 56.09025116213828, 11.226550295473873, 35.48259825228777, 7.0826799133508604, 78.86166181791485, 86.10463000296214, 60.862430202109216, 74.6869634857916, 3.502987390931766, 60.170481325370716, 25.728491594274466, 31.471216327236505, 84.75732518425623, 67.18303547116207, 54.66083888587495, 54.94785182958185, 76.34731965776348, 21.809277874386314, 63.354064685941246, 57.02810167827324, 23.4089834603793, 43.34119997125891, 102.45246621561984, 34.630526826867914], [32.99218731224065, 76.44038046805157, 71.41547144115063, 76.84691614679453, 44.84806741481421, 68.57269070137774, 67.9879207094976, 0.0, 41.41670714574173, 71.85084820532205, 67.5183563445892, 36.73914158137865, 72.61602411510275, 23.295055019507096, 78.23759612346844, 70.40707188254333, 89.01456161039248, 65.5780452822615, 86.0132778932865, 49.15244209957474, 76.61924350829577, 45.78263242047679, 80.42376175504634, 55.98883059303922, 19.957304847151892, 21.133260875583208, 81.49680595700814, 4.830492641730534, 24.14013843253772, 82.15146327251084, 67.22084788141913, 64.87888672415664, 41.19298519942362], [17.219937561826107, 57.74084318109685, 47.07133129171315, 43.19350799733965, 38.7011310638928, 38.537363528875325, 46.474869768291384, 41.41670714574173, 0.0, 30.816262105744762, 39.537750826053305, 16.082386893944108, 53.35536376419458, 38.912502287299766, 46.950421320918984, 30.489295145890015, 49.4684728930327, 43.015984609469605, 44.644245337570055, 45.474820707939436, 39.32762592045876, 38.545669148733595, 40.52314128940083, 16.45312787711164, 44.24748273691419, 37.05806837298156, 67.201243943039, 37.14762701728453, 18.37899598753382, 68.57255619367507, 26.168213601141503, 56.01750968058724, 13.057330689941981], [45.66725484313192, 66.56359017350536, 41.743350501857186, 26.553026196618088, 53.530541731448, 30.141898381137974, 56.09025116213828, 71.85084820532205, 30.816262105744762, 0.0, 45.213411843527176, 42.93725663086446, 62.84360987673488, 64.39110231780282, 32.535460877304075, 6.3082421405541185, 20.216337711372585, 52.92449139693599, 14.78831414570992, 67.47230901279437, 29.953863800691853, 52.720786525752615, 11.548477688929983, 16.47300457308218, 74.46192225452413, 63.2941144161525, 77.58961217484189, 67.7733761594297, 47.929502683250455, 79.2602630694156, 12.752116439693577, 62.049742220544324, 37.70140164175297], [35.341769070101016, 21.370357588676217, 81.30873493206593, 70.36719778813803, 78.23594851913234, 70.44952217244101, 11.226550295473873, 67.5183563445892, 39.537750826053305, 45.213411843527176, 0.0, 31.948674891729663, 17.66006420518531, 75.12985613154315, 75.91564365844174, 50.2260487621557, 63.528454730833126, 8.708223066388332, 48.947019815664426, 32.51640794095958, 20.539756236769726, 78.0607741790073, 56.15456472596327, 45.274119972977935, 57.41928465028709, 72.77104703704462, 32.37620609676666, 62.71950416431321, 52.88061392213202, 34.048259383813345, 32.47276466348753, 94.75890830429478, 29.470192210067562], [3.770437032163161, 46.03394076031937, 62.95290972318477, 58.994131436871406, 50.56928413790184, 54.619725125568486, 35.48259825228777, 36.73914158137865, 16.082386893944108, 42.93725663086446, 31.948674891729663, 0.0, 41.69467544944201, 43.52836021490002, 62.95495786894826, 44.24289171518103, 62.83296405008895, 32.3524133212556, 54.84137924568299, 29.559759643361033, 40.131352746426835, 50.70431727405, 53.847500795454394, 31.46343074567073, 32.49684129656021, 41.07709085700611, 54.267756496088374, 31.919273020488323, 21.54599286395264, 55.46123835782656, 34.227983890343566, 69.68324280847867, 5.42539487867331], [44.18554521906975, 4.394861002504355, 97.72266523841486, 87.68779495259356, 91.5008612538525, 87.19126030010435, 7.0826799133508604, 72.61602411510275, 53.35536376419458, 62.84360987673488, 17.66006420518531, 41.69467544944201, 0.0, 84.7445087029854, 93.11984372020375, 67.74123505086025, 81.13096142737373, 10.572948205257807, 66.244024275935, 27.11713825622149, 37.036903695364096, 91.48953388493955, 73.81447575511855, 61.74120715065775, 58.22996213423519, 82.18700605467524, 14.809290615790342, 68.10283091354822, 63.173822240047855, 16.44673182752748, 50.09371940750904, 109.36606795672543, 41.26006208802959], [40.64177080099517, 88.98142340743547, 52.10627046708647, 61.55238728793418, 22.985610484654032, 52.09156530680113, 78.86166181791485, 23.295055019507096, 38.912502287299766, 64.39110231780282, 75.12985613154315, 43.52836021490002, 84.7445087029854, 0.0, 61.471784409382266, 61.05288835883783, 77.86507688000793, 75.82548455084512, 79.17922686221735, 65.82443299482229, 78.2082970349204, 24.079755567266677, 70.26805983364827, 47.99896358832253, 41.96796883563937, 2.6828881919390684, 96.08683246119475, 24.087324434489766, 22.262714455716996, 97.05023055028994, 64.00148248764206, 41.98677159725896, 45.709599626777745], [64.104328109944, 97.14235590893325, 13.92017608271015, 6.052766871122323, 41.18200804625173, 9.665450349523994, 86.10463000296214, 78.23759612346844, 46.950421320918984, 32.535460877304075, 75.91564365844174, 62.95495786894826, 93.11984372020375, 61.471784409382266, 0.0, 26.474187585576008, 26.8004507862625, 82.71318075687161, 39.99578538924273, 91.81365499345357, 62.456004716364525, 39.99823565731444, 25.911233604384446, 32.4430951618355, 88.32686327876523, 61.74571934132405, 107.91113247957527, 75.6383484367686, 55.82980192636053, 109.5125492199025, 44.25263408002695, 38.22705539495192, 59.08723952545839], [46.58743269723009, 71.59067575448283, 35.43885073421746, 20.573087672006526, 48.55220342931998, 23.842713800318528, 60.862430202109216, 70.40707188254333, 30.489295145890015, 6.3082421405541185, 50.2260487621557, 44.24289171518103, 67.74123505086025, 61.05288835883783, 26.474187585576008, 0.0, 18.980538365373075, 57.59487760346569, 19.050845597377258, 70.41615942926933, 36.00011898293081, 47.67752203193025, 10.084100719070912, 14.454389093695225, 74.71263508747076, 60.173127905334546, 82.53988572344701, 66.57674093344693, 46.27709986295977, 84.18764309721489, 17.953850167342534, 56.044056939476896, 39.27847198557422], [65.3553907914123, 84.53797386863556, 40.223000630894944, 21.798336901321992, 62.07767167101825, 30.831740156117174, 74.6869634857916, 89.01456161039248, 49.4684728930327, 20.216337711372585, 63.528454730833126, 62.83296405008895, 81.13096142737373, 77.86507688000793, 26.8004507862625, 18.980538365373075, 0.0, 71.72663053283033, 16.68283729383784, 87.62373340944285, 45.37690015498574, 61.02809549824968, 9.003159440513613, 33.329218470007525, 93.67724890246946, 77.30530250281855, 95.6280891813793, 85.31662933786862, 64.88378496275244, 97.33462744774835, 32.042875397128775, 64.13190036412819, 57.702814125123005], [35.21056965960404, 14.865701635389632, 87.15485340543326, 77.34659172886137, 81.39976020745151, 76.65924303524062, 3.502987390931766, 65.5780452822615, 43.015984609469605, 52.92449139693599, 8.708223066388332, 32.3524133212556, 10.572948205257807, 75.82548455084512, 82.71318075687161, 57.59487760346569, 71.72663053283033, 0.0, 57.475349349376124, 25.37902427802733, 29.243434837853886, 81.34593033839919, 64.09828428150182, 51.19008252966472, 53.26369836929268, 73.33355259533197, 25.232643769904197, 60.89439521576322, 53.88913173816835, 26.810433483907634, 40.19076429038698, 98.97649147200178, 31.289708403907763], [57.972278497780174, 69.36733590018964, 51.81186315791946, 34.11155947174125, 67.60303244434452, 40.754385694096435, 60.170481325370716, 86.0132778932865, 44.644245337570055, 14.78831414570992, 48.947019815664426, 54.84137924568299, 66.244024275935, 79.17922686221735, 39.99578538924273, 19.050845597377258, 16.68283729383784, 57.475349349376124, 0.0, 76.04973730998755, 29.567895331007914, 66.72671761691932, 14.114557437220832, 31.236433228275217, 87.12814488960406, 78.0760046851047, 80.41207413095789, 81.79105304557574, 62.32205313599845, 82.13318717317419, 20.79052412433315, 74.12154537986072, 49.42947272180717], [29.73528174786988, 29.881210238595116, 92.49431911566711, 87.42326960287065, 78.2773438064942, 83.86622764920666, 25.728491594274466, 49.15244209957474, 45.474820707939436, 67.47230901279437, 32.51640794095958, 29.559759643361033, 27.11713825622149, 65.82443299482229, 91.81365499345357, 70.41615942926933, 87.62373340944285, 25.37902427802733, 76.04973730998755, 0.0, 51.554019882930085, 78.60025046678233, 78.99792438600839, 59.5553836144285, 32.1990394015014, 63.14392725130132, 32.68000998096445, 45.19084011172827, 47.152401904589006, 33.17901461221071, 55.927247455994674, 98.23720271523997, 32.76581031551313], [43.89636499020763, 39.928967469470756, 70.63437790355651, 56.49872198523531, 75.15762833702146, 59.094888155610974, 31.471216327236505, 76.61924350829577, 39.32762592045876, 29.953863800691853, 20.539756236769726, 40.131352746426835, 37.036903695364096, 78.2082970349204, 62.456004716364525, 36.00011898293081, 45.37690015498574, 29.243434837853886, 29.567895331007914, 51.554019882930085, 0.0, 74.67622438324518, 39.260698387091786, 36.89351820210454, 71.12256194295558, 76.27421331115576, 50.921450300671715, 71.84384808480027, 56.805455022239755, 52.64565774778514, 18.96703577319989, 88.25017589837645, 35.42731658903148], [49.336949996547574, 95.88407082057714, 28.81306292897138, 41.53569095017798, 1.2017086723666137, 31.54427485089817, 84.75732518425623, 45.78263242047679, 38.545669148733595, 52.720786525752615, 78.0607741790073, 50.70431727405, 91.48953388493955, 24.079755567266677, 39.99823565731444, 47.67752203193025, 61.02809549824968, 81.34593033839919, 66.72671761691932, 78.60025046678233, 74.67622438324518, 0.0, 55.0285281553361, 38.54988442907975, 61.85267552734318, 25.366299517294358, 104.79116801349808, 45.06616902116849, 31.708670558769207, 106.04657994711027, 57.038744803055344, 20.097928863974364, 50.25196304029647], [56.353300485709894, 77.40191473971963, 37.81300741046142, 19.99938527515686, 56.00448622981065, 27.012696020415916, 67.18303547116207, 80.42376175504634, 40.52314128940083, 11.548477688929983, 56.15456472596327, 53.847500795454394, 73.81447575511855, 70.26805983364827, 25.911233604384446, 10.084100719070912, 9.003159440513613, 64.09828428150182, 14.114557437220832, 78.99792438600839, 39.260698387091786, 55.0285281553361, 0.0, 24.52757757862533, 84.70239095324033, 69.5421872721266, 88.4743318381853, 76.63233996013058, 56.284743396212995, 90.16297663780418, 23.974395949420856, 60.61361589134318, 48.740323023739236], [33.299037805859015, 65.93356399093122, 36.052227955154756, 27.86789223520757, 39.18576307107073, 25.51096170915945, 54.66083888587495, 55.98883059303922, 16.45312787711164, 16.47300457308218, 45.274119972977935, 31.46343074567073, 61.74120715065775, 47.99896358832253, 32.4430951618355, 14.454389093695225, 33.329218470007525, 51.19008252966472, 31.236433228275217, 59.5553836144285, 36.89351820210454, 38.54988442907975, 24.52757757862533, 0.0, 60.637568194394156, 46.84588850287505, 76.39424949253038, 52.12607213155583, 31.88228111939, 77.93711463972095, 18.552205542049922, 51.399811730833754, 27.058077566845864], [29.178348122767783, 61.53823362657032, 84.10695701048508, 85.71584992202509, 61.10756719926654, 78.91658296436438, 54.94785182958185, 19.957304847151892, 44.24748273691419, 74.46192225452413, 57.41928465028709, 32.49684129656021, 58.22996213423519, 41.96796883563937, 88.32686327876523, 74.71263508747076, 93.67724890246946, 53.26369836929268, 87.12814488960406, 32.1990394015014, 71.12256194295558, 61.85267552734318, 84.70239095324033, 60.637568194394156, 0.0, 39.481792470576096, 64.82655984595706, 17.897268330689162, 32.882853867164485, 65.23869729722952, 66.67012830165822, 81.76449969330163, 37.9086088880754], [38.13086766971867, 86.41291741266433, 52.86680332491551, 61.56301310167247, 24.325314214750833, 52.266055840280664, 76.34731965776348, 21.133260875583208, 37.05806837298156, 63.2941144161525, 72.77104703704462, 41.07709085700611, 82.18700605467524, 2.6828881919390684, 61.74571934132405, 60.173127905334546, 77.30530250281855, 73.33355259533197, 78.0760046851047, 63.14392725130132, 76.27421331115576, 25.366299517294358, 69.5421872721266, 46.84588850287505, 39.481792470576096, 0.0, 93.4570657503521, 21.638413302520423, 19.97485062579473, 94.41276364884686, 62.438128172460395, 43.84028314718791, 43.39802504519872], [56.24755718665009, 11.090358792409802, 112.29806111623536, 102.49357581052519, 104.72160936367229, 101.88042633203952, 21.809277874386314, 81.49680595700814, 67.201243943039, 77.58961217484189, 32.37620609676666, 54.267756496088374, 14.809290615790342, 96.08683246119475, 107.91113247957527, 82.53988572344701, 95.6280891813793, 25.232643769904197, 80.41207413095789, 32.68000998096445, 50.921450300671715, 104.79116801349808, 88.4743318381853, 76.39424949253038, 64.82655984595706, 93.4570657503521, 0.0, 77.30863284831202, 75.28673262932486, 1.7254088912948655, 64.84753036899124, 123.15331040520952, 54.64307124889946], [28.168697371990735, 71.97961443190995, 69.5319347386321, 73.94265197041634, 44.217120166795475, 65.9947912899938, 63.354064685941246, 4.830492641730534, 37.14762701728453, 67.7733761594297, 62.71950416431321, 31.919273020488323, 68.10283091354822, 24.087324434489766, 75.6383484367686, 66.57674093344693, 85.31662933786862, 60.89439521576322, 81.79105304557574, 45.19084011172827, 71.84384808480027, 45.06616902116849, 76.63233996013058, 52.12607213155583, 17.897268330689162, 21.638413302520423, 77.30863284831202, 0.0, 20.53004051995479, 78.01200790347129, 62.753692313486916, 64.64220884383685, 36.41712990484256], [19.06772100888763, 67.4863801285465, 51.25244356449655, 53.73000470494465, 31.284352569407382, 46.28840504695299, 57.02810167827324, 24.14013843253772, 18.37899598753382, 47.929502683250455, 52.88061392213202, 21.54599286395264, 63.173822240047855, 22.262714455716996, 55.82980192636053, 46.27709986295977, 64.88378496275244, 53.88913173816835, 62.32205313599845, 47.152401904589006, 56.805455022239755, 31.708670558769207, 56.284743396212995, 31.88228111939, 32.882853867164485, 19.97485062579473, 75.28673262932486, 20.53004051995479, 0.0, 76.38121800148235, 44.53428142995911, 51.6842805285001, 23.446885302805025], [57.3669441426611, 12.79771901507168, 113.81159773071288, 104.11092158794217, 105.96346973083809, 103.43199917302569, 23.4089834603793, 82.15146327251084, 68.57255619367507, 79.2602630694156, 34.048259383813345, 55.46123835782656, 16.44673182752748, 97.05023055028994, 109.5125492199025, 84.18764309721489, 97.33462744774835, 26.810433483907634, 82.13318717317419, 33.17901461221071, 52.64565774778514, 106.04657994711027, 90.16297663780418, 77.93711463972095, 65.23869729722952, 94.41276364884686, 1.7254088912948655, 78.01200790347129, 76.38121800148235, 0.0, 66.51533961829034, 124.48923067215047, 55.95300184241266], [37.49890877122135, 53.83350761172544, 51.7282883845971, 38.4539111719411, 57.63675377812532, 40.238472996330984, 43.34119997125891, 67.22084788141913, 26.168213601141503, 12.752116439693577, 32.47276466348753, 34.227983890343566, 50.09371940750904, 64.00148248764206, 44.25263408002695, 17.953850167342534, 32.042875397128775, 40.19076429038698, 20.79052412433315, 55.927247455994674, 18.96703577319989, 57.038744803055344, 23.974395949420856, 18.552205542049922, 66.67012830165822, 62.438128172460395, 64.84753036899124, 62.753692313486916, 44.53428142995911, 66.51533961829034, 0.0, 69.53256060870075, 28.8026524718389], [68.68292032765531, 113.74761066101945, 24.30750132152479, 42.38835314414386, 20.72101382775023, 33.64466571087547, 102.45246621561984, 64.87888672415664, 56.01750968058724, 62.049742220544324, 94.75890830429478, 69.68324280847867, 109.36606795672543, 41.98677159725896, 38.22705539495192, 56.044056939476896, 64.13190036412819, 98.97649147200178, 74.12154537986072, 98.23720271523997, 88.25017589837645, 20.097928863974364, 60.61361589134318, 51.399811730833754, 81.76449969330163, 43.84028314718791, 123.15331040520952, 64.64220884383685, 51.6842805285001, 124.48923067215047, 69.53256060870075, 0.0, 68.5522717165718], [8.870165838990008, 45.652219162405224, 60.04379183594587, 54.85010923276138, 50.24562627326066, 51.115091339492174, 34.630526826867914, 41.19298519942362, 13.057330689941981, 37.70140164175297, 29.470192210067562, 5.42539487867331, 41.26006208802959, 45.709599626777745, 59.08723952545839, 39.27847198557422, 57.702814125123005, 31.289708403907763, 49.42947272180717, 32.76581031551313, 35.42731658903148, 50.25196304029647, 48.740323023739236, 27.058077566845864, 37.9086088880754, 43.39802504519872, 54.64307124889946, 36.41712990484256, 23.446885302805025, 55.95300184241266, 28.8026524718389, 68.5522717165718, 0.0]]",Route_4,1801.5548409045027
