instance_id,num_cities,city_coordinates,distance_matrix,best_route,total_distance
146,25,"[[52.95575232900558, 43.48127578224307], [73.51229163738361, 48.528991510888474], [9.954011723372581, 13.36154207411795], [60.280899425026305, 20.394361177437816], [53.266040366578615, 91.49226570722216], [36.81074671710996, 1.661756680839599], [53.213559837165405, 16.34754615171238], [91.43916199447544, 35.15559773435611], [21.22665505609381, 79.36103508989581], [19.027581775486624, 89.623540618747], [51.543237893372606, 0.6535856390469497], [91.16851329073444, 98.79582377079574], [18.00176019190284, 56.158258555861565], [3.6488597819961166, 56.798905351274456], [16.692612481348934, 25.05672155442583], [36.048748875183975, 51.47428368079282], [44.852551220613755, 70.57303694793032], [43.12489421474858, 39.44720974879539], [28.911686326770823, 72.46401969041293], [57.866166069018234, 17.111481616680557], [89.07453562709196, 51.13605533607641], [12.105202797894565, 18.236670996652794], [87.00795492789021, 61.58691141676971], [18.74768510249082, 22.244111229652564], [56.08235813944309, 11.926065367893713]]","[[0.0, 21.167209131439733, 52.500933837052024, 24.221135521438935, 48.011992587714005, 44.82781930989718, 27.13495436469357, 39.373718829156154, 47.8966882125371, 57.273286629551286, 42.85097711875996, 67.23030804254972, 37.181816235402756, 51.07375950505578, 40.67529360809189, 18.70120159384991, 28.27764826257096, 10.626356855708778, 37.65788834183853, 26.823090937329344, 36.92102594663248, 48.02142717344417, 38.56639137339305, 40.264239985470475, 31.709729866205475], [21.167209131439733, 0.0, 72.63886318986269, 31.090628232268827, 47.49477466195544, 59.5276498792772, 38.04844199310698, 22.365606227021264, 60.699280918051386, 68.2447476009201, 52.67536245533392, 53.27754300376387, 56.03235509063689, 70.35119462766626, 61.47701518700937, 37.57914025441855, 36.15688952311851, 31.715495930151445, 50.61718648865908, 35.097879896850024, 15.779107065477982, 68.4722954331026, 18.778769925613787, 60.74583986019559, 40.54105060271821], [52.500933837052024, 72.63886318986269, 0.0, 50.81590469798689, 89.3327588324821, 29.294524962398814, 43.36248059510626, 84.3493365523747, 66.95525047407749, 76.79988343423202, 43.48742220659989, 117.87625610725135, 43.54681615263597, 43.89259014316093, 13.4976280602191, 46.19000302878634, 67.01539528150798, 42.199164722662296, 62.068480622236756, 48.05867851505955, 87.67537370879525, 5.328649458393638, 90.90102536055468, 12.49914902309224, 46.15067644634385], [24.221135521438935, 31.090628232268827, 50.81590469798689, 0.0, 71.44312616435688, 30.029294686337288, 8.143954856369419, 34.47798472991187, 70.72695833645363, 80.58855689991482, 21.588074205423514, 84.26644662672555, 55.37672769303243, 67.32368640110676, 43.83692921463892, 39.410134522540986, 52.49698496482261, 25.638634001408086, 60.78878899979506, 4.0753202807946, 42.120366160328906, 48.22399166831473, 49.103581244885284, 41.57438474851234, 9.451972431439323], [48.011992587714005, 47.49477466195544, 89.3327588324821, 71.44312616435688, 0.0, 91.32522675049454, 75.1447378815189, 68.05150529637942, 34.259144288269454, 34.28941790334472, 90.85501551862713, 38.59973334304728, 49.920552056346814, 60.54332219122695, 75.83730713939048, 43.56459585222009, 22.547747814202005, 53.023869106172846, 30.90645089900357, 74.5228971417645, 53.95249807323456, 84.02735688902033, 45.08710473628058, 77.37456784168245, 79.61602779739707], [44.82781930989718, 59.5276498792772, 29.294524962398814, 30.029294686337288, 91.32522675049454, 0.0, 22.016464081097606, 64.0788665960512, 79.24671462077768, 89.74138615421586, 14.76694637046421, 111.30945052558991, 57.651077099389, 64.34140120173721, 30.855529594619398, 49.818354918967046, 69.3789245212269, 38.30938425728904, 71.2415300392055, 26.115602322708536, 71.96672744160821, 29.750490498827578, 78.1715030064127, 27.384439261496098, 21.834629367968105], [27.13495436469357, 38.04844199310698, 43.36248059510626, 8.143954856369419, 75.1447378815189, 22.016464081097606, 0.0, 42.6021063402308, 70.66726162542246, 80.858224449752, 15.782597123699809, 90.76506472214975, 53.148505683452576, 63.976339006314625, 37.545030722607585, 39.096271239051255, 54.86629491023398, 25.206658492139276, 61.152593228209845, 4.7149063769402595, 49.962485485374714, 41.151741289378506, 56.468232743138685, 34.96664125912959, 5.27062577127508], [39.373718829156154, 22.365606227021264, 84.3493365523747, 34.47798472991187, 68.05150529637942, 64.0788665960512, 42.6021063402308, 0.0, 82.96937279723666, 90.6101194782808, 52.74536565903982, 63.64080154028518, 76.38169771022173, 90.41885824958754, 75.42568504306631, 57.744241068215686, 58.52099882813442, 48.504498809632416, 72.81211137047583, 38.11477642435968, 16.15445706353839, 81.11798298626842, 26.800185429304392, 73.82924418209275, 42.30502042084077], [47.8966882125371, 60.699280918051386, 66.95525047407749, 70.72695833645363, 34.259144288269454, 79.24671462077768, 70.66726162542246, 82.96937279723666, 0.0, 10.495472501187441, 84.34428133541428, 72.59183524602338, 23.425814516755132, 28.60119901403564, 54.49326573649469, 31.58109195919321, 25.207377509766204, 45.526325698539644, 10.326108998649373, 72.2319920456365, 73.48458600332414, 61.80120368651362, 68.14028826744705, 57.170694269771566, 75.91044183010624], [57.273286629551286, 68.2447476009201, 76.79988343423202, 80.58855689991482, 34.28941790334472, 89.74138615421586, 80.858224449752, 90.6101194782808, 10.495472501187441, 0.0, 94.72550227824854, 72.72169399917078, 33.48100078357617, 36.24861060227924, 64.60902572930003, 41.774225718184944, 32.09128755524698, 55.662776128812226, 19.80264328999167, 82.2583389732915, 79.9241031683979, 71.7217155759069, 73.5349149108721, 67.3800107372173, 86.08109032615576], [42.85097711875996, 52.67536245533392, 43.48742220659989, 21.588074205423514, 90.85501551862713, 14.76694637046421, 15.782597123699809, 52.74536565903982, 84.34428133541428, 94.72550227824854, 0.0, 105.83979098536454, 64.85213521543271, 73.79815973494016, 42.54502478684958, 53.130241288602114, 70.2388422419415, 39.69652102968073, 75.29226763059629, 17.630705054676113, 62.90531023918875, 43.180128564943054, 70.5025981412919, 39.264476032899125, 12.152053811827372], [67.23030804254972, 53.27754300376387, 117.87625610725135, 84.26644662672555, 38.59973334304728, 111.30945052558991, 90.76506472214975, 63.64080154028518, 72.59183524602338, 72.72169399917078, 105.83979098536454, 0.0, 84.68373944555796, 97.07435761840269, 104.80512867720586, 72.64651805637719, 54.23738598540461, 76.35736585458412, 67.59642305439372, 88.21211982276758, 47.70574671574591, 112.87508211192986, 37.44079866215762, 105.3799840978016, 93.68774310591036], [37.181816235402756, 56.03235509063689, 43.54681615263597, 55.37672769303243, 49.920552056346814, 57.651077099389, 53.148505683452576, 76.38169771022173, 23.425814516755132, 33.48100078357617, 64.85213521543271, 84.68373944555796, 0.0, 14.367191043943606, 31.129077589606226, 18.64493017323349, 30.475413286122222, 30.173349422329917, 19.618978934830455, 55.80162762208241, 71.24999602274826, 38.377287451193986, 69.21939889817925, 33.92234945925835, 58.36624756021168], [51.07375950505578, 70.35119462766626, 43.89259014316093, 67.32368640110676, 60.54332219122695, 64.34140120173721, 63.976339006314625, 90.41885824958754, 28.60119901403564, 36.24861060227924, 73.79815973494016, 97.07435761840269, 14.367191043943606, 0.0, 34.317717241605585, 32.83450028833447, 43.44503296593071, 43.12120864281229, 29.725514499999075, 67.19083199149996, 85.61316466458894, 39.47854677699393, 83.49648942096573, 37.70952562478726, 69.01335753442581], [40.67529360809189, 61.47701518700937, 13.4976280602191, 43.83692921463892, 75.83730713939048, 30.855529594619398, 37.545030722607585, 75.42568504306631, 54.49326573649469, 64.60902572930003, 42.54502478684958, 104.80512867720586, 31.129077589606226, 34.317717241605585, 0.0, 32.74977259153421, 53.52305219996447, 30.09570846659208, 48.95669190411295, 41.93314146000772, 76.93682115067526, 8.219331920200768, 79.23826193672637, 3.483403553593549, 41.52067189844429], [18.70120159384991, 37.57914025441855, 46.19000302878634, 39.410134522540986, 43.56459585222009, 49.818354918967046, 39.096271239051255, 57.744241068215686, 31.58109195919321, 41.774225718184944, 53.130241288602114, 72.64651805637719, 18.64493017323349, 32.83450028833447, 32.74977259153421, 0.0, 21.030200001340692, 13.954294687743058, 22.16994992266569, 40.703831007746345, 53.02686544641301, 40.96379249649851, 51.952920237929085, 33.96659813979308, 44.33291183621641], [28.27764826257096, 36.15688952311851, 67.01539528150798, 52.49698496482261, 22.547747814202005, 69.3789245212269, 54.86629491023398, 58.52099882813442, 25.207377509766204, 32.09128755524698, 70.2388422419415, 54.23738598540461, 30.475413286122222, 43.44503296593071, 53.52305219996447, 21.030200001340692, 0.0, 31.173737625769597, 16.052631849516796, 55.02265051648179, 48.305073843503735, 61.737217541002046, 43.10253488816213, 54.928581777868, 59.7124429155583], [10.626356855708778, 31.715495930151445, 42.199164722662296, 25.638634001408086, 53.023869106172846, 38.30938425728904, 25.206658492139276, 48.504498809632416, 45.526325698539644, 55.662776128812226, 39.69652102968073, 76.35736585458412, 30.173349422329917, 43.12120864281229, 30.09570846659208, 13.954294687743058, 31.173737625769597, 0.0, 35.9461405047575, 26.761723544518365, 47.413064202667194, 37.5780282845307, 49.15169791065391, 29.836134514411828, 30.418896419728895], [37.65788834183853, 50.61718648865908, 62.068480622236756, 60.78878899979506, 30.90645089900357, 71.2415300392055, 61.152593228209845, 72.81211137047583, 10.326108998649373, 19.80264328999167, 75.29226763059629, 67.59642305439372, 19.618978934830455, 29.725514499999075, 48.95669190411295, 22.16994992266569, 16.052631849516796, 35.9461405047575, 0.0, 62.468114813464695, 63.83142250829916, 56.77202863172178, 59.105734998982705, 51.23813156911868, 66.35577834904332], [26.823090937329344, 35.097879896850024, 48.05867851505955, 4.0753202807946, 74.5228971417645, 26.115602322708536, 4.7149063769402595, 38.11477642435968, 72.2319920456365, 82.2583389732915, 17.630705054676113, 88.21211982276758, 55.80162762208241, 67.19083199149996, 41.93314146000772, 40.703831007746345, 55.02265051648179, 26.761723544518365, 62.468114813464695, 0.0, 46.16962147624675, 45.77479449043908, 53.17243377726595, 39.45376331698314, 5.48365866942845], [36.92102594663248, 15.779107065477982, 87.67537370879525, 42.120366160328906, 53.95249807323456, 71.96672744160821, 49.962485485374714, 16.15445706353839, 73.48458600332414, 79.9241031683979, 62.90531023918875, 47.70574671574591, 71.24999602274826, 85.61316466458894, 76.93682115067526, 53.02686544641301, 48.305073843503735, 47.413064202667194, 63.83142250829916, 46.16962147624675, 0.0, 83.7057207488525, 10.653222451712782, 76.03032512726952, 51.24360534429162], [48.02142717344417, 68.4722954331026, 5.328649458393638, 48.22399166831473, 84.02735688902033, 29.750490498827578, 41.151741289378506, 81.11798298626842, 61.80120368651362, 71.7217155759069, 43.180128564943054, 112.87508211192986, 38.377287451193986, 39.47854677699393, 8.219331920200768, 40.96379249649851, 61.737217541002046, 37.5780282845307, 56.77202863172178, 45.77479449043908, 83.7057207488525, 0.0, 86.5428542464917, 7.757715410347277, 44.42762581251012], [38.56639137339305, 18.778769925613787, 90.90102536055468, 49.103581244885284, 45.08710473628058, 78.1715030064127, 56.468232743138685, 26.800185429304392, 68.14028826744705, 73.5349149108721, 70.5025981412919, 37.44079866215762, 69.21939889817925, 83.49648942096573, 79.23826193672637, 51.952920237929085, 43.10253488816213, 49.15169791065391, 59.105734998982705, 53.17243377726595, 10.653222451712782, 86.5428542464917, 0.0, 78.78654937995289, 58.50292443127757], [40.264239985470475, 60.74583986019559, 12.49914902309224, 41.57438474851234, 77.37456784168245, 27.384439261496098, 34.96664125912959, 73.82924418209275, 57.170694269771566, 67.3800107372173, 39.264476032899125, 105.3799840978016, 33.92234945925835, 37.70952562478726, 3.483403553593549, 33.96659813979308, 54.928581777868, 29.836134514411828, 51.23813156911868, 39.45376331698314, 76.03032512726952, 7.757715410347277, 78.78654937995289, 0.0, 38.73422106072987], [31.709729866205475, 40.54105060271821, 46.15067644634385, 9.451972431439323, 79.61602779739707, 21.834629367968105, 5.27062577127508, 42.30502042084077, 75.91044183010624, 86.08109032615576, 12.152053811827372, 93.68774310591036, 58.36624756021168, 69.01335753442581, 41.52067189844429, 44.33291183621641, 59.7124429155583, 30.418896419728895, 66.35577834904332, 5.48365866942845, 51.24360534429162, 44.42762581251012, 58.50292443127757, 38.73422106072987, 0.0]]",Route_1,1159.7075494880921
