instance_id,num_cities,city_coordinates,distance_matrix,best_route,total_distance
562,55,"[[11.885669453483816, 21.78031110991202], [46.56233627361628, 67.66015202774072], [76.86916882432205, 24.513746342499466], [77.0172333708677, 22.147050307893657], [18.757686665868867, 11.381340456393286], [7.431815027509603, 66.65896075586174], [59.17258568884319, 93.11006118203203], [26.80330049416798, 60.00643799770921], [23.270701072105837, 94.5934032105431], [42.49938779543814, 93.04679053966353], [25.084347934615515, 64.86450865673073], [43.15244927354108, 79.10461570913868], [38.83139865407582, 82.65048332836102], [5.883337111280252, 61.675035309383894], [0.3446297218276939, 0.4211527271854365], [8.348130657303498, 6.762179982872929], [49.28108691448767, 40.74927520712042], [59.41142176802591, 89.29312321955832], [44.238058167475316, 80.1308186587379], [24.4403471209923, 54.63310423026698], [45.1157900022102, 17.78897471957913], [37.27176093630808, 73.91107511100694], [81.61002267423683, 33.477586978788175], [13.159495588423143, 96.64599965693964], [18.46090677725535, 27.777727319479983], [56.02156277302692, 61.223330293459355], [57.65352616403738, 19.398494816477097], [67.11507843681743, 4.593789504949008], [87.84193205249862, 60.929064057557056], [53.4863426855647, 58.461721701989454], [27.545831333396375, 87.04217597131307], [45.77468264132224, 4.116545673952265], [43.84945492103106, 66.95618828793164], [36.25553631446613, 11.566288006703452], [51.23801509705168, 89.81151763910246], [43.47779033527688, 64.83568711813086], [18.471673278305534, 87.87537063233677], [44.79309860077544, 91.2817763189874], [54.85936170121737, 30.159896283026555], [5.298155419689888, 43.7531346701445], [49.82806915271344, 88.59961579639214], [79.98458868782706, 54.997717859596904], [49.665783910444084, 59.05469034257008], [62.85942711150484, 36.913750157378146], [56.59171127125076, 84.80217903618559], [96.70925444557615, 20.480119778420026], [93.72891682438375, 14.253138109532781], [5.879659679943572, 35.304995461173846], [11.779777817390624, 20.883075145824925], [66.25317352796117, 39.80079891416647], [74.19988074453887, 44.81505099753187], [82.10198234740828, 42.187739334248576], [85.12859077636828, 94.0695171509536], [59.986407324511404, 0.8088368950889269], [6.64564234953936, 22.643126257509937]]","[[0.0, 57.51026886043695, 65.04096292837679, 65.13259641656856, 12.464477976235518, 45.099113220679556, 85.5802879897059, 41.03379695699577, 73.69779729552306, 77.56359223908925, 45.06055028405211, 65.29691737058388, 66.56763619098456, 40.34373572809278, 24.27775205627705, 15.429142661969955, 41.93135874263954, 82.56316934333134, 66.71925349332672, 35.16995802021774, 33.46896589175834, 57.98336137300231, 70.69873899020352, 74.87652472332431, 8.899592521835299, 59.19230390369827, 45.82979114869972, 57.84171627403696, 85.45161604888607, 55.46297770934177, 67.11446695976092, 38.216146119436125, 55.34025171806592, 26.4237900153419, 78.592952416029, 53.40250466990226, 66.42237830470569, 76.89832611502237, 43.7830523499264, 22.939056570716666, 76.84038764686683, 75.7684559170874, 53.072746259836876, 53.172783895354115, 77.2682729969332, 84.83354919139714, 82.18865781597822, 14.798285042569205, 0.9034630118858168, 57.276203435559474, 66.43538342266535, 73.12177324948398, 102.90896381731967, 52.47364780992739, 5.310586975937494], [57.51026886043695, 0.0, 52.72680933654091, 54.762607547169615, 62.77263075332146, 39.14332736182366, 28.40275103358671, 21.189592572463948, 35.607587529010814, 25.709705662869275, 21.659169073353784, 11.941653081048656, 16.866458697058565, 41.11693805454985, 81.59141759920168, 71.89498250965313, 27.047863063499815, 25.161169301696976, 12.685416624461043, 25.672677662964542, 49.89215191006908, 11.19771536926662, 48.9570023118462, 44.22588753912725, 48.788299215580686, 11.441575066662345, 49.519713750817395, 66.33084721517744, 41.82478419466467, 11.51316573538327, 27.153090289884503, 63.54848783952055, 2.802729059358148, 57.03290020863885, 22.639456064758747, 4.182346909492747, 34.608386422191465, 23.687788754964323, 38.407158341450184, 47.689391907236065, 21.192596682716392, 35.74051196474099, 9.147970160066766, 34.79851143012049, 19.860449461213836, 68.85251516968846, 71.25303822653242, 51.98015324402594, 58.291691469517474, 34.11557749304437, 35.85711234138457, 43.72539595564549, 46.74195708977334, 68.1858051103351, 60.165397555622135], [65.04096292837679, 52.72680933654091, 0.0, 2.3713230969571883, 59.57687842619533, 81.226628640194, 70.84224350086035, 61.37037015192363, 88.22671960425649, 76.6685071910486, 65.64946072831499, 64.16369842419843, 69.47483103173204, 80.1245886209257, 80.22753985983776, 70.78312496426135, 32.010852237603274, 67.09054032322028, 64.48292887058614, 60.46451078749388, 32.457658880470355, 63.30916837957806, 10.140322193058394, 96.239204236338, 58.49939014363229, 42.216302916320956, 19.884836459529307, 22.179877359838652, 38.03257678819844, 41.22161555839234, 79.64041771041416, 37.18753643490986, 53.77417953392286, 42.62750078297811, 70.1480931864469, 52.353061661303, 86.16822453023805, 74.07323476078983, 22.722469468505917, 74.11183456768534, 69.55731259264726, 30.642753798918424, 43.96704405789201, 18.709167738540806, 63.60715684164582, 20.24596603566106, 19.73654437676485, 71.80502396142685, 65.19057136573944, 18.611645076705795, 20.476036470696982, 18.43237276206704, 70.04443806427561, 29.102411717406202, 70.24843692251716], [65.13259641656856, 54.762607547169615, 2.3713230969571883, 0.0, 59.24588838796016, 82.60411985941191, 73.17226498625462, 62.8869802995299, 90.20622918090011, 78.85591181453455, 67.2443740213226, 66.26452941352296, 71.54595292733426, 81.37869988730334, 79.69129673941947, 70.3714423783095, 33.39665539318533, 69.41584624315507, 66.60774518912241, 61.80350044438975, 32.197746999396166, 65.26267572559117, 12.22598768344003, 98.12188404633885, 58.82642185061573, 44.359596947710855, 19.557804428954917, 20.15365071529546, 40.26436007224234, 43.27190976724784, 81.60145191370138, 36.072095495587774, 55.74908406253443, 42.11256911887642, 72.40889609727022, 54.28824874550643, 88.0215581504009, 76.27584940405495, 23.56219381869813, 74.90293067454583, 71.79968043720626, 32.98441383698694, 45.93773699819526, 20.4572457218077, 65.9004332990366, 19.762448011237197, 18.48226754610896, 72.34421822985159, 65.24969915871048, 20.67655252103581, 22.842410798480103, 20.67568351483193, 72.37841774832347, 27.30143563023102, 70.37333951306339], [12.464477976235518, 62.77263075332146, 59.57687842619533, 59.24588838796016, 0.0, 56.42597517403485, 91.17536868303117, 49.28622538576682, 83.33435478139535, 85.0465408457563, 53.85606672933928, 71.98295946711137, 74.04218148252004, 51.915360139552824, 21.42816793577979, 11.388393204293228, 42.3574498082728, 87.88044191451803, 73.31943865684279, 43.623476470808654, 27.125769820228165, 65.21302524854778, 66.62327110017367, 85.4482407772384, 16.399072548967137, 62.23198866698558, 39.713487561541314, 48.83142622131219, 85.01535081793992, 58.50334902520572, 76.16950516783695, 27.97669234860772, 60.97672134240581, 17.498827044155874, 84.88971921209692, 58.893553997525856, 76.49456488023196, 84.0352445444933, 40.693551077435934, 35.05840900532032, 83.23479269129403, 75.17394434899074, 56.81600799642607, 50.95946875187368, 82.59559888759546, 78.48079194596114, 75.02621257428359, 27.16955737287566, 11.788730805562555, 55.348774975606084, 64.74295239487888, 70.4381573240798, 106.03033281809473, 42.56272123234335, 16.538725372620544], [45.099113220679556, 39.14332736182366, 81.226628640194, 82.60411985941191, 56.42597517403485, 0.0, 58.10996525884407, 20.48195567402425, 32.11235566550062, 43.88681146464004, 17.743505188449458, 37.826684207775656, 35.237233803300725, 5.218936358406702, 66.6158795483543, 59.90378937346858, 49.22065991740529, 56.69378120509991, 39.194266027488766, 20.830539818958627, 61.711891115734886, 30.70855800033798, 81.26136877640475, 30.529147165661634, 40.4152344835301, 48.89283858088833, 68.96210488586159, 86.10561778182621, 80.6140101728333, 46.77835232148404, 28.636499689607415, 73.36026977273339, 36.41885280483209, 62.177242617166605, 49.54819930900058, 36.09205816583771, 23.916825003420794, 44.74537469390201, 59.84608500878657, 23.004985807236785, 47.73714180233684, 73.48394077409664, 42.91308723598363, 62.904671804898534, 52.40106648020509, 100.51341474184623, 100.96316172633732, 31.392360948540823, 45.981914747054255, 64.66307349139338, 70.25048749385017, 78.57782489638717, 82.39009384420524, 84.2509583564674, 44.02285490589955], [85.5802879897059, 28.40275103358671, 70.84224350086035, 73.17226498625462, 91.17536868303117, 58.10996525884407, 0.0, 46.29924936695902, 35.932514838333674, 16.673317941154735, 44.26984516178374, 21.279033663657696, 22.872836703399805, 61.87006437345408, 109.7814290023957, 100.19521853280771, 53.28689947739103, 3.824402970672974, 19.786380385633475, 51.83439603392799, 76.62153464177058, 29.124683534704207, 63.713974590148226, 46.148752111922875, 76.97892339938375, 32.04204350811998, 73.72721721252954, 88.87189399727448, 43.09928069985286, 35.11183259553125, 32.20358399293836, 89.9963866416736, 30.312099958403245, 84.70288127151916, 8.59289241063363, 32.33831829108826, 41.03615791227691, 14.495250065326413, 63.09775877144458, 73.06545306453474, 10.376131594714984, 43.424534336672835, 35.35742585464965, 56.31712148588109, 8.699529786641175, 81.75640580189913, 86.09619235489565, 78.62290751163292, 86.38759025354784, 53.77743176920538, 50.57892451814204, 55.84657638114497, 25.973732035653402, 92.30481195757486, 87.89009440333574], [41.03379695699577, 21.189592572463948, 61.37037015192363, 62.8869802995299, 49.28622538576682, 20.48195567402425, 46.29924936695902, 0.0, 34.7669012325018, 36.57912044685768, 5.153217289231823, 25.140307430646473, 25.640357530287915, 20.98640238177786, 65.19560935990086, 56.35196806907431, 29.59880404848726, 43.82920834665282, 26.626330429049627, 5.869945861772259, 46.018055995689544, 17.404815347516575, 60.88970957811638, 39.097453764747584, 33.290919556374384, 29.243592075113607, 50.99746536144757, 68.5244558816754, 61.04560411167987, 26.727717617150173, 27.045932777860905, 59.021973912556575, 18.40843311748478, 49.35375257418287, 38.540862083692055, 17.359730946311846, 29.087684993094733, 36.08018324547297, 40.9628932422991, 26.956281897401496, 36.71116708042161, 53.41663309643312, 22.882285103515397, 42.81724533802241, 38.75794357639996, 80.30673838370545, 81.07035569082356, 32.372210432845584, 41.908755105107126, 44.32336103181699, 49.77161900540312, 58.0986250849803, 67.54356259410012, 67.86364678691335, 42.454072196563494], [73.69779729552306, 35.607587529010814, 88.22671960425649, 90.20622918090011, 83.33435478139535, 32.11235566550062, 35.932514838333674, 34.7669012325018, 0.0, 19.290785465029185, 29.784165026630944, 25.20290558266914, 19.615520501626936, 37.22820665546872, 96.92273989450722, 89.08988091502626, 59.7974104131487, 36.52731389526664, 25.471482396650092, 39.977413203867165, 79.85066152630024, 24.975755703038057, 84.49035115722094, 10.317442924727748, 66.98857115910423, 46.756611389667086, 82.68284531687534, 100.11123759925952, 72.81985718834189, 47.10077925840022, 8.677428857068877, 93.23352903416338, 34.4572308616533, 84.0363481199826, 28.373175419545213, 35.970100410290385, 8.256066223541902, 21.77568524871165, 71.76015813332286, 53.9235134471783, 27.225342733102735, 69.16851412962254, 44.268504722375354, 69.95862781498842, 34.72978248598805, 104.33599523979372, 106.85933914962771, 61.78643551912806, 74.6006285540151, 69.63994847785051, 71.21562813841894, 78.7875197147931, 61.86010810908861, 100.7153809732692, 73.84602176926634], [77.56359223908925, 25.709705662869275, 76.6685071910486, 78.85591181453455, 85.0465408457563, 43.88681146464004, 16.673317941154735, 36.57912044685768, 19.290785465029185, 0.0, 33.128909210584084, 13.957461384474707, 11.024397850809473, 48.21744698688844, 101.76704971852627, 92.79731883547073, 52.73539184360821, 17.32359406820619, 13.032471150609222, 42.44691091184386, 75.30328281368182, 19.836927371567, 71.26101159469819, 29.559830530453702, 69.55500832651701, 34.577186672230376, 75.19121872017087, 91.81429963681745, 55.56522900234365, 36.28829238562116, 16.114100874014582, 88.99053886904406, 26.1255087434041, 81.71938554798459, 9.31829372029077, 28.22806454205416, 24.577930115750604, 2.8941984136734757, 64.09001813228784, 61.755940598917185, 8.572452019910378, 53.41228526992407, 34.739316474081825, 59.711384371081735, 16.326885795834436, 90.57942011073187, 93.9835321096618, 68.37484468822609, 78.43019990186366, 58.30418476240894, 57.71673892794024, 64.45935606847742, 42.64146944596052, 93.88096689185132, 79.00738577407493], [45.06055028405211, 21.659169073353784, 65.64946072831499, 67.2443740213226, 53.85606672933928, 17.743505188449458, 44.26984516178374, 5.153217289231823, 29.784165026630944, 33.128909210584084, 0.0, 23.005150181159923, 22.4793749580207, 19.464109454872933, 69.02897783329989, 60.46471339614863, 34.16177193280918, 42.13199742978727, 24.493363116602467, 10.251652236874282, 51.160185366897515, 15.178056538485434, 64.65516806247405, 33.945033122311855, 37.673589193519426, 31.15075347132359, 55.92771929072365, 73.47885337715657, 62.880856295905666, 29.11475547932268, 22.313848346682995, 64.17480001396635, 18.881323149906688, 54.45636578286421, 36.14370710386564, 18.39346498155077, 23.94216437523132, 32.95916994646817, 45.72703319493176, 28.934123899631192, 34.28712660241677, 55.77983502480976, 25.258681348742567, 46.99150463125637, 37.28571636145051, 84.26209829339027, 85.28533090003177, 35.2503173222233, 45.94973427211938, 48.19815086489131, 53.05013021313582, 61.361604452099826, 66.77008027243197, 72.94712355186472, 46.07201965786122], [65.29691737058388, 11.941653081048656, 64.16369842419843, 66.26452941352296, 71.98295946711137, 37.826684207775656, 21.279033663657696, 25.140307430646473, 25.20290558266914, 13.957461384474707, 23.005150181159923, 0.0, 5.589691908238824, 41.14337120697202, 89.57453188046512, 80.27931614774428, 38.84188904211264, 19.18749258934819, 1.4938671843089775, 30.80580531373868, 61.34706624425822, 7.845722354513377, 59.67252887745023, 34.74589790985115, 56.95719219387808, 22.03076145709982, 61.44185953430451, 78.26922011907146, 48.24417632098256, 23.08502601344566, 17.509180062050206, 75.03390403968815, 12.168406045204451, 67.8895655988944, 13.416934211070155, 14.27263710537516, 26.192877765717125, 12.287187258807673, 50.32531528257046, 51.79454387118475, 11.60684829866163, 44.019870714958266, 21.081343299165056, 46.56644834548507, 14.59712269280468, 79.40505590556668, 82.24167566856616, 57.51232544380832, 66.13616484088828, 45.58983961072349, 46.257077826617795, 53.66490368901443, 44.56393980146512, 80.08502434138627, 67.23575494394872], [66.56763619098456, 16.866458697058565, 69.47483103173204, 71.54595292733426, 74.04218148252004, 35.237233803300725, 22.872836703399805, 25.640357530287915, 19.615520501626936, 11.024397850809473, 22.4793749580207, 5.589691908238824, 0.0, 39.05821525652006, 90.79038602165811, 81.78180856657464, 43.184571628757745, 21.625494586132493, 5.964954077038674, 31.497236319305575, 65.16524283407216, 8.877484204448907, 65.17656333732342, 29.239033573560157, 58.53183997888499, 27.470431915380754, 65.99307944556571, 83.02297268042474, 53.60832434553397, 28.28185944352841, 12.109954335989338, 78.84027242491058, 16.477007784011484, 71.13085048922292, 14.32496226741052, 18.410755543083102, 21.019463949302594, 10.490046946725942, 54.88312425331095, 51.35642252391953, 12.50275726301159, 49.580847996222445, 25.964309166848842, 51.664251786943595, 17.890178833059608, 84.94115783855045, 87.70367343642371, 57.68372667227139, 67.43146819905235, 50.87287284624407, 51.79236879159089, 59.24168350658826, 47.68463412725291, 84.53158866811225, 68.0940952764895], [40.34373572809278, 41.11693805454985, 80.1245886209257, 81.37869988730334, 51.915360139552824, 5.218936358406702, 61.87006437345408, 20.98640238177786, 37.22820665546872, 48.21744698688844, 19.464109454872933, 41.14337120697202, 39.05821525652006, 0.0, 61.50378371238417, 54.96814429589961, 48.17937446500599, 60.23300280439166, 42.56407600708401, 19.84820933544348, 58.865708811931015, 33.68907568109398, 80.80610743444774, 35.71989403095302, 36.155535505159655, 50.140260369583686, 66.83904809769962, 83.71137777114777, 81.96198971381342, 47.711335383164695, 33.357989766850686, 70.03070167654535, 38.33166678252723, 58.594855070064725, 53.37329344422719, 37.727080897776936, 29.067572628088655, 48.8930327590664, 58.2396340346053, 17.931451701826656, 51.537098371898566, 74.40149228030248, 43.86078949889888, 62.12403781220786, 55.73332922863757, 99.73148111413768, 99.82826357883054, 26.37004010462796, 41.21591958195349, 64.21058609645817, 70.36625046846554, 78.6704301885611, 85.61082105801776, 81.43608730720149, 39.03935237052527], [24.27775205627705, 81.59141759920168, 80.22753985983776, 79.69129673941947, 21.42816793577979, 66.6158795483543, 109.7814290023957, 65.19560935990086, 96.92273989450722, 101.76704971852627, 69.02897783329989, 89.57453188046512, 90.79038602165811, 61.50378371238417, 0.0, 10.211006506781482, 63.41241444169809, 106.71041683840441, 90.99595542458403, 59.3257050759017, 48.021849543839664, 82.24586136524779, 87.73136233491421, 97.07441451707786, 32.811303963311026, 82.44286306763263, 60.36927301366081, 66.90070043938418, 106.38132001770303, 78.69402330316576, 90.79155818121475, 45.58010133050484, 79.49579091173948, 37.60062835517459, 102.86288939183436, 77.52226638397444, 89.31310059280293, 101.14998420748222, 62.098702652026255, 43.61419580760731, 101.11405504259827, 96.54597104881391, 76.61897926618443, 72.3865288563728, 101.40952511370728, 98.4301938294921, 94.40311910773968, 35.32023556726195, 23.440411281244145, 76.77690199830171, 86.17085532397569, 91.80801961238916, 126.32630846876172, 59.643037603915076, 23.0980273555346], [15.429142661969955, 71.89498250965313, 70.78312496426135, 70.3714423783095, 11.388393204293228, 59.90378937346858, 100.19521853280771, 56.35196806907431, 89.08988091502626, 92.79731883547073, 60.46471339614863, 80.27931614774428, 81.78180856657464, 54.96814429589961, 10.211006506781482, 0.0, 53.20366105574521, 97.05058624550071, 81.6764595084472, 50.50331493094247, 38.38555686542213, 73.11327174628208, 77.98088094435839, 90.01250064130286, 23.322124060844892, 72.37936876517215, 50.898904493607894, 58.806938949284444, 96.19415673843706, 68.63163118471638, 82.54350045371726, 37.519943687444346, 69.88320728406653, 28.3178873579592, 93.47050161624992, 67.87212402805059, 81.74249698006241, 92.042369880509, 52.06484170035295, 37.116479865766294, 91.74939344821234, 86.36231373357153, 66.64574337544592, 62.29445099770875, 91.74794015505455, 89.41962910547493, 85.70876909724029, 28.649357137541543, 14.531891908296561, 66.6674158096737, 76.05572944893747, 81.82054078581864, 116.26611793414374, 51.98032234490254, 15.971941679582375], [41.93135874263954, 27.047863063499815, 32.010852237603274, 33.39665539318533, 42.3574498082728, 49.22065991740529, 53.28689947739103, 29.59880404848726, 59.7974104131487, 52.73539184360821, 34.16177193280918, 38.84188904211264, 43.184571628757745, 48.17937446500599, 63.41241444169809, 53.20366105574521, 0.0, 49.589604395472676, 39.703124607199726, 28.45739028498768, 23.335061535072434, 35.26937599838686, 33.13664945416259, 66.55233402478262, 33.438668608256506, 21.555067767882143, 22.93367746953985, 40.31464250093818, 43.521978996891555, 18.204805325346797, 51.14150952346586, 36.80015956456062, 26.76387339937057, 31.957967869897832, 49.101254570186825, 24.77566325919743, 56.30354197234809, 50.73140750782354, 11.968796747973773, 44.085387993638825, 47.85346679268117, 33.848532304464335, 18.30945698429769, 14.109662466307716, 44.65538673282948, 51.57780275612572, 51.74606134570255, 43.741559962437904, 42.43835634036067, 16.998568507187358, 25.248303284032644, 32.852402591952746, 64.2502275021377, 41.350241808706066, 46.320770319979154], [82.56316934333134, 25.161169301696976, 67.09054032322028, 69.41584624315507, 87.88044191451803, 56.69378120509991, 3.824402970672974, 43.82920834665282, 36.52731389526664, 17.32359406820619, 42.13199742978727, 19.18749258934819, 21.625494586132493, 60.23300280439166, 106.71041683840441, 97.05058624550071, 49.589604395472676, 0.0, 17.7250892189502, 49.237109768003585, 72.91919048022184, 26.958708903752978, 60.06789465295046, 46.83273926674396, 73.89917868794416, 28.273740801670574, 69.9167310202596, 85.0489474230538, 40.15985267877631, 31.39557105183735, 31.944993618123267, 86.26128921128188, 27.22339938888403, 81.10274929584493, 8.189829630910557, 29.189840549240678, 40.96428967771973, 14.752969645872684, 59.308176323161376, 70.7257813810968, 9.608412974857137, 39.99287468930023, 31.770116148784464, 52.49273724274346, 5.302767856864314, 78.2710531744185, 82.51478553723568, 76.02872806453291, 83.35891183845077, 49.96298362082331, 46.87213913923503, 52.28554991954298, 26.156963141609445, 88.48615448046574, 85.00852647047495], [66.71925349332672, 12.685416624461043, 64.48292887058614, 66.60774518912241, 73.31943865684279, 39.194266027488766, 19.786380385633475, 26.626330429049627, 25.471482396650092, 13.032471150609222, 24.493363116602467, 1.4938671843089775, 5.964954077038674, 42.56407600708401, 90.99595542458403, 81.6764595084472, 39.703124607199726, 17.7250892189502, 0.0, 32.28130734273148, 62.34802257416135, 9.338870751461828, 59.776147059489425, 35.19415086890755, 58.35501440811236, 22.27878131927775, 62.1963820559365, 78.92528637758777, 47.64457154330373, 23.560147059144096, 18.066468846524256, 76.02980278929532, 13.18036030958629, 69.0276431487237, 11.94635215303633, 15.314015019620024, 26.905105008689542, 11.164762721315444, 51.08723100575377, 53.288384460226894, 10.147351761608725, 43.69767957251529, 21.763809214851534, 47.05815966653273, 13.207359796129161, 79.44452351021647, 82.39668612960843, 58.99763690070602, 67.55616237366222, 45.94753308865473, 46.313219037762, 53.60367546099988, 43.20096032145392, 80.87018790682124, 68.6878774213238], [35.16995802021774, 25.672677662964542, 60.46451078749388, 61.80350044438975, 43.623476470808654, 20.830539818958627, 51.83439603392799, 5.869945861772259, 39.977413203867165, 42.44691091184386, 10.251652236874282, 30.80580531373868, 31.497236319305575, 19.84820933544348, 59.3257050759017, 50.50331493094247, 28.45739028498768, 49.237109768003585, 32.28130734273148, 0.0, 42.24883214640191, 23.157835429472556, 60.95840969907977, 43.50104588894847, 27.51299648974536, 32.26149813050065, 48.42099712611977, 65.76523177984922, 63.71342152148054, 29.297238267146245, 32.55751776947628, 54.83681756327208, 22.990690861428988, 44.65813873541726, 44.222570921623884, 21.599003257577486, 33.773855909365025, 41.92087378221463, 39.041700209658096, 22.01811165287802, 42.40589980099058, 55.54543828554769, 25.61001923012045, 42.30840597420096, 44.089491847464494, 79.932604817167, 80.19630637038951, 26.79691972735297, 36.04655986764875, 44.36563685026213, 50.71888559219023, 58.98941671502867, 72.37605669021477, 64.50251274300032, 36.60614987403962], [33.46896589175834, 49.89215191006908, 32.457658880470355, 32.197746999396166, 27.125769820228165, 61.711891115734886, 76.62153464177058, 46.018055995689544, 79.85066152630024, 75.30328281368182, 51.160185366897515, 61.34706624425822, 65.16524283407216, 58.865708811931015, 48.021849543839664, 38.38555686542213, 23.335061535072434, 72.91919048022184, 62.34802257416135, 42.24883214640191, 0.0, 56.667618128276914, 39.72356445410986, 85.08604547534298, 28.465030796364957, 44.782576118920936, 12.640624312347372, 25.65310126431962, 60.717300027176286, 41.5251550186147, 71.44724859108985, 13.68829629711372, 49.18351852616699, 10.82709219217154, 72.28228225994589, 47.07521843200427, 74.98007634056441, 73.49351003095815, 15.747281980794716, 47.535056807430664, 70.96726332966142, 50.99336905753429, 41.51580097315389, 26.088190688749933, 67.9887220188206, 51.66360261341238, 48.74154531774381, 42.968417532949324, 33.479294583878755, 30.517362053233057, 39.70255827134731, 44.30889458018599, 86.13794390056677, 22.57122814746702, 38.775185977265046], [57.98336137300231, 11.19771536926662, 63.30916837957806, 65.26267572559117, 65.21302524854778, 30.70855800033798, 29.124683534704207, 17.404815347516575, 24.975755703038057, 19.836927371567, 15.178056538485434, 7.845722354513377, 8.877484204448907, 33.68907568109398, 82.24586136524779, 73.11327174628208, 35.26937599838686, 26.958708903752978, 9.338870751461828, 23.157835429472556, 56.667618128276914, 0.0, 60.00623647988059, 33.14027963545368, 49.82101978730601, 22.639212386287447, 58.19826255281027, 75.46860064442704, 52.209911106155765, 22.39632072595957, 16.340731820953632, 70.31056831559174, 9.572696008881058, 62.353068822335956, 21.163183311396157, 10.994428958436371, 23.418899319899985, 18.929125196898802, 47.153890078165944, 43.95239266942043, 19.323925674965356, 46.712961124835516, 19.34745393769562, 44.98367163780334, 22.1782917659069, 79.92297931394438, 82.13695817500388, 49.75835012557288, 58.837147990385425, 44.75972763581532, 47.013451817357236, 54.91920233008874, 51.929172416074245, 76.5499339824532, 59.71902309428383], [70.69873899020352, 48.9570023118462, 10.140322193058394, 12.22598768344003, 66.62327110017367, 81.26136877640475, 63.713974590148226, 60.88970957811638, 84.49035115722094, 71.26101159469819, 64.65516806247405, 59.67252887745023, 65.17656333732342, 80.80610743444774, 87.73136233491421, 77.98088094435839, 33.13664945416259, 60.06789465295046, 59.776147059489425, 60.95840969907977, 39.72356445410986, 60.00623647988059, 0.0, 93.14356133734076, 63.40582969022808, 37.74381475420109, 27.78730935441659, 32.31682479693288, 28.14996071587029, 37.61845775643001, 76.10586034778878, 46.32755488668587, 50.46461356892596, 50.36997573557792, 63.999770217631955, 49.37000696274477, 83.34008657819463, 68.53327807356527, 26.95561043727576, 77.00057119419915, 63.62806480330072, 21.581428793555663, 40.92215300640697, 19.06284478631251, 57.097545090091614, 19.92287513661792, 22.725470946695033, 75.75240788918143, 70.95692231965636, 16.60770378111249, 13.544308538813478, 8.724034523966496, 60.694005663474776, 39.17688059077804, 75.74327598266932], [74.87652472332431, 44.22588753912725, 96.239204236338, 98.12188404633885, 85.4482407772384, 30.529147165661634, 46.148752111922875, 39.097453764747584, 10.317442924727748, 29.559830530453702, 33.945033122311855, 34.74589790985115, 29.239033573560157, 35.71989403095302, 97.07441451707786, 90.01250064130286, 66.55233402478262, 46.83273926674396, 35.19415086890755, 43.50104588894847, 85.08604547534298, 33.14027963545368, 93.14356133734076, 0.0, 69.07201962690527, 55.605056498235236, 89.1453630927654, 106.6996453338819, 82.78384990335442, 55.53641759905953, 17.29740112131578, 98.10937916878986, 42.70080213490614, 88.15885906536207, 38.68699771785275, 43.94422578876312, 10.253934137495252, 32.08519489675161, 78.48108546440741, 53.47387993927389, 37.5410252986123, 78.74117375563354, 52.40053075131138, 77.7047284512138, 45.018145741647956, 113.05663829584486, 115.23894859060375, 61.77147243347325, 75.77548648213727, 77.78377391611676, 80.07731176145411, 87.85652279647101, 72.01519925873399, 106.66546502491265, 74.28900023145916], [8.899592521835299, 48.788299215580686, 58.49939014363229, 58.82642185061573, 16.399072548967137, 40.4152344835301, 76.97892339938375, 33.290919556374384, 66.98857115910423, 69.55500832651701, 37.673589193519426, 56.95719219387808, 58.53183997888499, 36.155535505159655, 32.811303963311026, 23.322124060844892, 33.438668608256506, 73.89917868794416, 58.35501440811236, 27.51299648974536, 28.465030796364957, 49.82101978730601, 63.40582969022808, 69.07201962690527, 0.0, 50.293252401547356, 40.07833519167859, 53.8954858264231, 76.89432876204411, 46.564886683347126, 59.9567404734158, 36.13715357931696, 46.68543863674526, 24.07196720167279, 70.16074380468433, 44.7117081690471, 60.09764427726685, 68.7469895018138, 36.476324510873894, 20.699557080303848, 68.43391698117458, 67.27623147023965, 44.18136227919133, 45.32874938894038, 68.59844272977477, 78.58790612203471, 76.47344538957587, 14.661089461584204, 9.600714180415409, 49.28138605743124, 58.28467737781705, 65.25208767535098, 94.01692129008399, 49.51452561040018, 12.882724927686485], [59.19230390369827, 11.441575066662345, 42.216302916320956, 44.359596947710855, 62.23198866698558, 48.89283858088833, 32.04204350811998, 29.243592075113607, 46.756611389667086, 34.577186672230376, 31.15075347132359, 22.03076145709982, 27.470431915380754, 50.140260369583686, 82.44286306763263, 72.37936876517215, 21.555067767882143, 28.273740801670574, 22.27878131927775, 32.26149813050065, 44.782576118920936, 22.639212386287447, 37.74381475420109, 55.605056498235236, 50.293252401547356, 0.0, 41.856662160117736, 57.705900735542826, 31.821729897972837, 3.7488428753886613, 38.43800298088845, 58.01881937795956, 13.45458547653565, 53.44639979109154, 28.985630648269787, 13.053556940497424, 46.04699181587149, 32.08720282506903, 31.085167586034157, 53.64766340344615, 28.068138006696344, 24.75853107860088, 6.715573258229547, 25.252961709549677, 23.585740975055025, 57.58035651776778, 60.233242510671566, 56.44440208093825, 59.87212808508657, 23.740486712308034, 24.488423259298607, 32.288419105650895, 43.88725407524064, 60.5444547824091, 62.661101659020204], [45.82979114869972, 49.519713750817395, 19.884836459529307, 19.557804428954917, 39.713487561541314, 68.96210488586159, 73.72721721252954, 50.99746536144757, 82.68284531687534, 75.19121872017087, 55.92771929072365, 61.44185953430451, 65.99307944556571, 66.83904809769962, 60.36927301366081, 50.898904493607894, 22.93367746953985, 69.9167310202596, 62.1963820559365, 48.42099712611977, 12.640624312347372, 58.19826255281027, 27.78730935441659, 89.1453630927654, 40.07833519167859, 41.856662160117736, 0.0, 17.56986826278835, 51.34323744734664, 39.28487129738713, 74.04148086169076, 19.355745736908897, 49.52056735546175, 22.786343127264168, 70.7046855962897, 47.597163051428474, 78.89423373770607, 73.0246311642794, 11.118233518393966, 57.74282057693339, 69.64217775395107, 42.023577128978395, 40.452662086858474, 18.272536067328076, 65.41230282124219, 39.07070288796562, 36.440478961428354, 54.162256355071754, 45.89776428243278, 22.140640173184558, 30.32792736090609, 33.42269701028007, 79.56532380332305, 18.73546679811113, 51.11097577254291], [57.84171627403696, 66.33084721517744, 22.179877359838652, 20.15365071529546, 48.83142622131219, 86.10561778182621, 88.87189399727448, 68.5244558816754, 100.11123759925952, 91.81429963681745, 73.47885337715657, 78.26922011907146, 83.02297268042474, 83.71137777114777, 66.90070043938418, 58.806938949284444, 40.31464250093818, 85.0489474230538, 78.92528637758777, 65.76523177984922, 25.65310126431962, 75.46860064442704, 32.31682479693288, 106.6996453338819, 53.8954858264231, 57.705900735542826, 17.56986826278835, 0.0, 60.02720732904042, 55.56524594890605, 91.45196415188971, 21.345731526059566, 66.56093463546065, 31.637431554380992, 86.6841526961037, 64.71327233908293, 96.44689015459655, 89.5157966041277, 28.35186781309708, 73.17640524836125, 85.76607453356377, 52.02096008034953, 57.188002233976654, 32.598932877890384, 80.89577867661518, 33.588550775453115, 28.3125309568815, 68.50514346832183, 57.68306789112714, 35.21755800183536, 40.840473794928286, 40.47112986553719, 91.27098369465041, 8.07117203919685, 63.1057149386706], [85.45161604888607, 41.82478419466467, 38.03257678819844, 40.26436007224234, 85.01535081793992, 80.6140101728333, 43.09928069985286, 61.04560411167987, 72.81985718834189, 55.56522900234365, 62.880856295905666, 48.24417632098256, 53.60832434553397, 81.96198971381342, 106.38132001770303, 96.19415673843706, 43.521978996891555, 40.15985267877631, 47.64457154330373, 63.71342152148054, 60.717300027176286, 52.209911106155765, 28.14996071587029, 82.78384990335442, 76.89432876204411, 31.821729897972837, 51.34323744734664, 60.02720732904042, 0.0, 34.44407494837045, 65.7077953955881, 70.69169483121445, 44.40342633909082, 71.39915885140121, 46.62663253304254, 44.53581450970827, 74.41999892784553, 52.673420272271905, 45.10644779313068, 84.31184739482585, 47.01822206437855, 9.844730187791061, 38.22213447451003, 34.65343929324916, 39.325588586307944, 41.40949769943493, 47.04570812316309, 85.87436744398792, 85.96006360400119, 30.207252152425287, 21.113194471412147, 19.60061925045891, 33.25134361370032, 66.25988207006014, 89.76998660329613], [55.46297770934177, 11.51316573538327, 41.22161555839234, 43.27190976724784, 58.50334902520572, 46.77835232148404, 35.11183259553125, 26.727717617150173, 47.10077925840022, 36.28829238562116, 29.11475547932268, 23.08502601344566, 28.28185944352841, 47.711335383164695, 78.69402330316576, 68.63163118471638, 18.204805325346797, 31.39557105183735, 23.560147059144096, 29.297238267146245, 41.5251550186147, 22.39632072595957, 37.61845775643001, 55.53641759905953, 46.564886683347126, 3.7488428753886613, 39.28487129738713, 55.56524594890605, 34.44407494837045, 0.0, 38.5973120236743, 54.88959699393241, 12.846227787405393, 49.96080853696483, 31.430314701636316, 11.865856702093557, 45.7295289402523, 33.95185529216999, 28.335110786139488, 50.382972564591476, 30.359111081956804, 26.723704155983377, 3.8663007077648768, 23.49829332830749, 26.522877042801614, 57.53974440066821, 59.78180021185024, 52.939873790837225, 56.1390437226744, 22.61021912878017, 24.804884201230863, 32.919558553571406, 47.635564035447665, 58.01815204630554, 58.96628687296338], [67.11446695976092, 27.153090289884503, 79.64041771041416, 81.60145191370138, 76.16950516783695, 28.636499689607415, 32.20358399293836, 27.045932777860905, 8.677428857068877, 16.114100874014582, 22.313848346682995, 17.509180062050206, 12.109954335989338, 33.357989766850686, 90.79155818121475, 82.54350045371726, 51.14150952346586, 31.944993618123267, 18.066468846524256, 32.55751776947628, 71.44724859108985, 16.340731820953632, 76.10586034778878, 17.29740112131578, 59.9567404734158, 38.43800298088845, 74.04148086169076, 91.45196415188971, 65.7077953955881, 38.5973120236743, 0.0, 84.9055426943438, 25.869964114861634, 75.9767637169653, 23.85348663746595, 27.3304859968517, 9.112329984802372, 17.760699290861425, 63.10010050459771, 48.67134865951009, 22.336600928640554, 61.45462202756103, 35.6734026107678, 61.3180978289674, 29.132125353870634, 95.99003292644635, 98.37908740149517, 56.09063060133673, 68.01172741157706, 61.07377543612834, 62.92638882065823, 70.62785639881835, 58.00997939253419, 92.13348869369028, 67.70565340945929], [38.216146119436125, 63.54848783952055, 37.18753643490986, 36.072095495587774, 27.97669234860772, 73.36026977273339, 89.9963866416736, 59.021973912556575, 93.23352903416338, 88.99053886904406, 64.17480001396635, 75.03390403968815, 78.84027242491058, 70.03070167654535, 45.58010133050484, 37.519943687444346, 36.80015956456062, 86.26128921128188, 76.02980278929532, 54.83681756327208, 13.68829629711372, 70.31056831559174, 46.32755488668587, 98.10937916878986, 36.13715357931696, 58.01881937795956, 19.355745736908897, 21.345731526059566, 70.69169483121445, 54.88959699393241, 84.9055426943438, 0.0, 62.86912744445901, 12.08771308463612, 85.86894794761204, 60.76256949787211, 88.0965100255752, 87.17075737098324, 27.582376702678598, 56.65164113400963, 84.58025230231831, 61.312407836390705, 55.07576970607439, 36.98033417289635, 81.40749068387647, 53.49857159172669, 49.01386622466109, 50.63923634119074, 37.90474989390305, 41.14285500917373, 49.64232289871766, 52.62212928659943, 98.18486218885201, 14.591574823730914, 43.29337111238883], [55.34025171806592, 2.802729059358148, 53.77417953392286, 55.74908406253443, 60.97672134240581, 36.41885280483209, 30.312099958403245, 18.40843311748478, 34.4572308616533, 26.1255087434041, 18.881323149906688, 12.168406045204451, 16.477007784011484, 38.33166678252723, 79.49579091173948, 69.88320728406653, 26.76387339937057, 27.22339938888403, 13.18036030958629, 22.990690861428988, 49.18351852616699, 9.572696008881058, 50.46461356892596, 42.70080213490614, 46.68543863674526, 13.45458547653565, 49.52056735546175, 66.56093463546065, 44.40342633909082, 12.846227787405393, 25.869964114861634, 62.86912744445901, 0.0, 55.90803746302973, 24.0199271694393, 2.1528259974810515, 32.888356466450674, 24.34388416935483, 38.40813914548106, 44.99538187894412, 22.45399257248608, 38.062486877890635, 9.811388927855178, 35.55175286129674, 21.928166423152664, 70.38595989169937, 72.5642626771253, 49.43180512591781, 56.13551410771194, 35.204286379066176, 37.568315216157636, 45.57117420120909, 49.38724186465333, 68.08724791883132, 57.85992686105545], [26.4237900153419, 57.03290020863885, 42.62750078297811, 42.11256911887642, 17.498827044155874, 62.177242617166605, 84.70288127151916, 49.35375257418287, 84.0363481199826, 81.71938554798459, 54.45636578286421, 67.8895655988944, 71.13085048922292, 58.594855070064725, 37.60062835517459, 28.3178873579592, 31.957967869897832, 81.10274929584493, 69.0276431487237, 44.65813873541726, 10.82709219217154, 62.353068822335956, 50.36997573557792, 88.15885906536207, 24.07196720167279, 53.44639979109154, 22.786343127264168, 31.637431554380992, 71.39915885140121, 49.96080853696483, 75.9767637169653, 12.08771308463612, 55.90803746302973, 0.0, 79.66674733348586, 53.756765479646006, 78.35395252094595, 80.17137298723586, 26.302558578094278, 44.6581742797455, 78.21986472756728, 61.63212734068935, 49.34554789440052, 36.74589559421089, 76.0069453849787, 61.10735170771324, 57.5361506421211, 38.551525429283096, 26.18902969952997, 41.195216282671836, 50.45050559358423, 55.132294485688625, 95.8924307318607, 26.055268053009627, 31.61395524525105], [78.592952416029, 22.639456064758747, 70.1480931864469, 72.40889609727022, 84.88971921209692, 49.54819930900058, 8.59289241063363, 38.540862083692055, 28.373175419545213, 9.31829372029077, 36.14370710386564, 13.416934211070155, 14.32496226741052, 53.37329344422719, 102.86288939183436, 93.47050161624992, 49.101254570186825, 8.189829630910557, 11.94635215303633, 44.222570921623884, 72.28228225994589, 21.163183311396157, 63.999770217631955, 38.68699771785275, 70.16074380468433, 28.985630648269787, 70.7046855962897, 86.6841526961037, 46.62663253304254, 31.430314701636316, 23.85348663746595, 85.86894794761204, 24.0199271694393, 79.66674733348586, 0.0, 26.153645989910455, 32.823494960389574, 6.610492359102356, 59.7614431020215, 65.05263521865113, 1.8592077996610592, 45.1482684972233, 30.796985830643568, 54.159311496364566, 7.331816689218778, 82.91246189329468, 86.68647787709618, 70.91079865632402, 79.42343907038465, 52.21615621711326, 50.51662384046689, 56.75040735061693, 34.15701508794952, 89.43160261443532, 80.62302715753033], [53.40250466990226, 4.182346909492747, 52.353061661303, 54.28824874550643, 58.893553997525856, 36.09205816583771, 32.33831829108826, 17.359730946311846, 35.970100410290385, 28.22806454205416, 18.39346498155077, 14.27263710537516, 18.410755543083102, 37.727080897776936, 77.52226638397444, 67.87212402805059, 24.77566325919743, 29.189840549240678, 15.314015019620024, 21.599003257577486, 47.07521843200427, 10.994428958436371, 49.37000696274477, 43.94422578876312, 44.7117081690471, 13.053556940497424, 47.597163051428474, 64.71327233908293, 44.53581450970827, 11.865856702093557, 27.3304859968517, 60.76256949787211, 2.1528259974810515, 53.756765479646006, 26.153645989910455, 0.0, 34.00195445414461, 26.478777725811845, 36.49589890382069, 43.613742559078844, 24.597771185306048, 37.80915186942997, 8.468245875348373, 33.989445534840385, 23.887982791117352, 69.28928579047198, 71.30056085074958, 47.80879812873134, 54.19036904074528, 33.84469983555182, 36.669779243790124, 44.77452118573078, 50.88620634092886, 66.12088916810698, 56.007314854583676], [66.42237830470569, 34.608386422191465, 86.16822453023805, 88.0215581504009, 76.49456488023196, 23