instance_id,num_cities,city_coordinates,distance_matrix,best_route,total_distance
831,74,"[[3.5664866670354844, 36.1642706160898], [26.880540243089158, 49.26457057328323], [81.81360285675831, 58.9064322068116], [8.857265517014412, 63.87270594501887], [61.1625085059157, 18.922526075280356], [1.7296692186888118, 16.66990827668141], [22.197187042393463, 55.33463360201334], [24.933115627055315, 15.790611790561515], [27.69840186376886, 77.49509475724349], [95.25201991878062, 47.184953595937586], [64.01845823213176, 39.209594136995975], [17.550651345641064, 62.547424298096765], [4.101942969784423, 57.37011812500769], [49.34522895300585, 37.43973283171774], [91.77606283556251, 77.51184135068253], [49.82365811069135, 19.382468687301014], [1.22395475919711, 73.44403949038431], [11.11509452681052, 77.04019292330933], [90.07112539600574, 71.405064239051], [93.7676054693055, 84.55572705716085], [84.69228219163149, 23.913241967730347], [43.64343664929184, 57.080382092618045], [91.9067829127079, 35.715327856965914], [54.27998981526916, 11.267206970461995], [54.32328133926049, 70.05501439144514], [65.91561470283273, 29.255941454450586], [66.89345345424165, 23.524683538454006], [67.99188309249409, 3.2439968981878398], [23.367515654636694, 10.972373615422448], [41.47496558546982, 68.0517162657324], [51.358864670271444, 14.437410129844164], [65.23419550313643, 11.384551669999398], [49.27477577161983, 39.89020560925704], [87.3634741636541, 45.82173151369797], [78.07766579911784, 18.51242971442535], [16.257228931193744, 29.802323331100343], [56.629365748075, 4.088434506622162], [11.458995878875044, 35.73306114528821], [72.31350501528551, 13.594263803537277], [69.46236063515904, 78.60287945741796], [77.10609226647412, 51.28029204633269], [2.6435991943994597, 23.10245026082196], [93.83152463641208, 66.01105981810286], [87.3174519675235, 80.56198555141543], [62.88954960242344, 4.2816836912517475], [54.81060983462223, 98.59261379992012], [28.699204700556148, 96.67420186813727], [48.05488114457944, 19.75625842178178], [32.16266689873591, 25.73392136728193], [68.01560657820004, 0.8862719385177686], [30.33457209300867, 40.017445022418755], [4.433644570704843, 12.309379462995562], [77.09290314049713, 21.393561259500537], [25.53810140674082, 39.559401694739385], [57.420976068176344, 37.70345670923163], [19.703513057499233, 4.062204864398867], [14.132267253013719, 48.62376747441939], [40.1932056925739, 25.587574509861366], [82.46370030693672, 20.354882924313088], [1.0954317078195608, 38.87656497707075], [6.291520296508213, 23.430712018009782], [64.06430786069201, 60.13590785075251], [99.98328428743639, 76.79396595214986], [99.8153142225363, 82.13475850066898], [4.007990350857393, 64.44144456900025], [39.03439375384743, 18.864377925350983], [59.046553172144876, 54.328590846098514], [44.941631459834184, 19.948014593212772], [84.57492559169279, 45.23054883289069], [88.16227075695437, 7.2990474901577285], [80.93760389552759, 88.52385276504931], [94.84662501022349, 28.4028428336882], [12.022338580536474, 54.3626388641616], [68.20380263434008, 80.78444452894433]]","[[0.0, 26.742530791148827, 81.48507290189096, 28.209036304291377, 60.12137295900102, 19.580706354947843, 26.732112028203666, 29.523191003924097, 47.86007057296619, 92.34550590580555, 60.5286284451762, 29.860134962299778, 21.21260667677673, 45.79650695357437, 97.41945870042248, 49.20726354863549, 37.353294674768094, 41.56708439482501, 93.40752676741742, 102.36197970764977, 82.04561171958854, 45.20669905200815, 88.34143699518438, 56.495337681443665, 61.03142402930801, 62.730684506306744, 64.57603180717325, 72.34898842581754, 32.042353588025584, 49.53647104879687, 52.49921772553353, 66.46006909521954, 45.859898434706245, 84.35165478221093, 76.57351567527077, 14.19610201683115, 62.0042611317194, 7.904280059985305, 72.35715402980753, 78.379217439383, 75.07707836350951, 13.094383234060237, 95.07159357706382, 94.79125107435803, 67.34779242897169, 80.76668986589021, 65.52179252645617, 47.41771933948452, 30.439016234037542, 73.472622438691, 27.04398917278637, 23.87064713734988, 74.99538502018484, 22.23238109855193, 53.87648023476399, 35.92974041448688, 16.33630256067019, 38.123261233782785, 80.46556443180596, 3.6691488538998605, 13.02187862224552, 65.0740021889687, 104.62777359035414, 106.66359529921526, 28.280620436369244, 39.46211753352579, 58.37790942496712, 44.439504565471395, 81.51419862646243, 89.38482976376929, 93.42277893532554, 91.60951597499562, 20.06693894134046, 78.5426160467714], [26.742530791148827, 0.0, 55.77281473870045, 23.199914889725754, 45.78092410919894, 41.17011444622831, 7.666776530930243, 33.53055888622328, 28.24236876276043, 68.40309963602493, 38.47502441448408, 16.23209875258027, 24.177766539791723, 25.386788423268708, 70.77667100762747, 37.673952150138284, 35.25488754492514, 31.937978576675736, 66.95708709115044, 75.62635268572494, 63.125964303062915, 18.495448240874016, 66.42284406673522, 46.84580533648065, 34.428862790217714, 43.86436226930379, 47.57704286952891, 61.709283841786736, 38.45300624942963, 23.789789707848072, 42.56899659747028, 53.90638834052688, 24.27716011781582, 60.580842156820765, 59.72302598330732, 22.172816937531877, 54.0913661210324, 20.5164757689361, 57.76266158202389, 51.71022912425933, 50.26598461296329, 35.663508669806426, 69.01361614393082, 68.05988894422678, 57.620385865440575, 56.68637081306967, 47.44450105041529, 36.31932266222723, 24.116225120490633, 63.50238941322226, 9.871153274755136, 43.23828483329086, 57.42886511076076, 9.797573423577507, 32.65543713019066, 45.76858731600115, 12.764368094073458, 27.16297487310989, 62.65187724756789, 27.79896549230879, 33.03476941367357, 38.74039943573612, 78.1145235966994, 79.99956568516292, 27.449791308031887, 32.73969865762917, 32.562197239677545, 34.4334643983464, 57.83524385835275, 74.2735189849945, 66.80911142154565, 71.0957126896853, 15.708483597837917, 51.972247102053764], [81.48507290189096, 55.77281473870045, 0.0, 73.12517372884194, 45.00200492669749, 90.53927534858659, 59.72331856004394, 71.37481206738644, 57.218819927760435, 17.832109072065183, 26.544916691523316, 64.3660140161639, 77.72684441907221, 38.92318699714257, 21.104782828546504, 50.84781467426128, 81.89037431847613, 72.98706979871773, 14.98006946457526, 28.298136065489146, 35.11139640945028, 38.21382010902811, 25.292283499266137, 55.02359156069431, 29.66493994369333, 33.643686319994785, 38.39894525926777, 57.352825926266064, 75.58848511698547, 41.362324371617895, 53.89791278416334, 50.33096341172481, 37.68809018889234, 14.213038512277155, 40.56639820163429, 71.72647569564322, 60.326268495609405, 74.07277400885881, 46.29734835176036, 23.248725098648634, 8.962068383186278, 86.88966913901022, 13.960880251509888, 22.344022594310385, 57.80988619571103, 48.0016108229163, 65.1731824962271, 51.695139027169404, 59.71290410712207, 59.63827377499797, 54.83506583589773, 90.32686902999211, 37.80873566413882, 59.508315831369096, 32.319752653725914, 82.85862977178827, 68.45798991429334, 53.314198280890146, 38.55703021208506, 83.16621149764136, 83.4392693948802, 17.791826303570637, 25.497081926819448, 29.387357052152318, 78.00224162976335, 58.59545069841183, 23.22272987539389, 53.6404751810716, 13.95187045895827, 51.99642046717928, 29.630372503625384, 33.17120183377203, 69.93902077677488, 25.76575411785044], [28.209036304291377, 23.199914889725754, 73.12517372884194, 0.0, 68.9663476954511, 47.73789623255207, 15.838313850838647, 50.69833069282069, 23.24990098448624, 87.9916738481873, 60.423722707305565, 8.793823321458948, 8.05585134452912, 48.352634372934425, 84.03304685282147, 60.478314571317995, 12.242461311437628, 13.359659619950119, 81.56241449291525, 87.39309579788869, 85.71877574599202, 35.44310039147231, 87.6929887759059, 69.50224748191505, 45.88441491918017, 66.73811201709442, 70.68353430895925, 84.69205013744514, 54.854284423717644, 32.88431974385887, 65.1938218155522, 77.02833617480225, 46.99718563420527, 80.5547172671466, 82.75879696401086, 34.86474480029926, 76.52667947785527, 28.259664016595035, 80.96058346773603, 62.369508303214495, 69.40080143970667, 41.24104021146399, 85.00116040488548, 80.2155403374504, 80.43990089958662, 57.59498116524956, 38.33589291196596, 59.014523745912435, 44.69573383031283, 86.41180582516998, 32.09903692394179, 51.75272997792827, 80.37773308010404, 29.48537009343181, 55.1657827648787, 60.7859944824819, 16.135543616343536, 49.47415927222542, 85.50852684349412, 26.17351958317977, 40.523300967823324, 55.33336411545862, 92.03754808293832, 92.7732137411517, 4.882513006589477, 54.18863958200359, 51.088694721541586, 56.84593191994271, 77.9788052548756, 97.41592624963428, 76.17909306564142, 93.01763883903354, 10.02292688688479, 61.70914332373401], [60.12137295900102, 45.78092410919894, 45.00200492669749, 68.9663476954511, 0.0, 59.47551321920564, 53.33045894509058, 36.36451285879746, 67.45807761388005, 44.281594344922254, 20.487107638203973, 61.68570198935316, 68.80498146010497, 21.966680270179005, 66.10520080246872, 11.34817498506398, 81.02608006266645, 76.69685029943811, 59.9176513442378, 73.28580639605441, 24.053222129688905, 41.987377324112835, 35.03153722689199, 10.294317564739101, 51.587851182617044, 11.37415895429824, 7.350073694636513, 17.10136352460657, 38.62209741538147, 52.927088291478945, 10.780895023149593, 8.567362087481023, 24.103148644971558, 37.55073707154339, 16.92012781508922, 46.204481622583856, 15.511275122642228, 52.46935540681202, 12.358604370577547, 60.25472699451992, 36.07246708734148, 58.66800246477068, 57.31138303150227, 66.95897275190232, 14.742351802307365, 79.92289718711513, 84.25668627804326, 13.134116059684178, 29.789023466126203, 19.294336383359568, 37.3544812420756, 57.11302576028731, 16.12090221095441, 41.170122862347206, 19.149997923236057, 44.04176937956049, 55.62380185636446, 22.003057312858484, 21.349295498607344, 63.294686850971495, 55.05587241676549, 41.315412098467576, 69.68612620673662, 74.09335812316898, 73.06579833530053, 22.12819115264602, 35.469235818239504, 16.253260560407735, 35.21723065792269, 29.395448899981385, 72.35605762231793, 34.9928008383943, 60.58677986808483, 62.26135862451731], [19.580706354947843, 41.17011444622831, 90.53927534858659, 47.73789623255207, 59.47551321920564, 0.0, 43.747917325822854, 23.220100937257772, 66.13681565956135, 98.37478371669856, 66.24145737710543, 48.52885689727881, 40.76928702403235, 51.94831220414485, 108.67425556950543, 48.170424033065395, 56.77638348983927, 61.095478364026334, 103.92377099467538, 114.36549348806517, 83.27821464379602, 58.22173386507121, 92.16637044591225, 52.82731657208799, 74.94036022580708, 65.40828562839269, 65.52332958410382, 67.60869828506593, 22.375394959685288, 64.95982431862757, 49.67938293846877, 63.72409162217925, 52.91237440658643, 90.4598106752088, 76.37022631296668, 19.58341942465425, 56.32290973702786, 21.402420296603893, 70.65081361658979, 91.77913927354474, 82.94265378055636, 6.49714278573538, 104.48588903206365, 106.80573998780359, 62.40191565113824, 97.61616637073766, 84.42773736856607, 46.42790989476955, 31.754112821811436, 68.13918599223538, 36.923541820129174, 5.130857066737948, 75.51112450927543, 33.02681262532597, 59.5309316092753, 21.95480010553556, 34.27642857168617, 39.48377399798918, 80.81808469588887, 22.215711985645214, 8.155915183776846, 75.99276474508785, 115.1897355906362, 117.92557131797122, 47.82583430437594, 37.369214196755564, 68.58134993566449, 43.33612421240109, 87.63016999007672, 86.93910305813485, 106.94337873055916, 93.85323227892381, 39.072765217382326, 92.35520652461636], [26.732112028203666, 7.666776530930243, 59.72331856004394, 15.838313850838647, 53.33045894509058, 43.747917325822854, 0.0, 39.63855403827122, 22.833076952600692, 73.50799882188528, 44.822267029613776, 8.579897645467684, 18.209367240259674, 32.51528337811456, 73.02772418861811, 45.340710909095506, 27.709692420427096, 24.370967973682106, 69.75048565056589, 77.30586715455517, 69.9495587544861, 21.51718522469511, 72.41784941794536, 54.50912147237746, 35.338018412993456, 50.905786520084455, 54.860087077993654, 69.35840697803717, 44.37769462442274, 23.09452179699244, 50.22933734188442, 61.51254993154487, 31.172522634726906, 65.85696837322877, 66.92161538112947, 26.214155911128945, 61.73935416040939, 22.350176559493, 65.22195794418897, 52.68214023691348, 55.05838317965022, 37.699554913412356, 72.42557834965098, 69.83600926669651, 65.28607864857301, 54.17460841600206, 41.84777339425098, 43.98228194111284, 31.233202742763105, 71.16144782533584, 17.344546735064558, 46.54799603495893, 64.54096402815257, 16.125124821785935, 39.39002046150042, 51.333033794981304, 10.491837560294996, 34.76699889104068, 69.68239073495856, 26.761018311408442, 35.64898942564022, 42.14152394047483, 80.6918823025519, 82.1146781126028, 20.34160471230871, 40.16928028936234, 36.863096806850066, 42.065693346622204, 63.190780937937134, 81.60153063869895, 67.46822096907549, 77.48072141526836, 10.221169942436385, 52.57662555206145], [29.523191003924097, 33.53055888622328, 71.37481206738644, 50.69833069282069, 36.36451285879746, 23.220100937257772, 39.63855403827122, 0.0, 61.7664150340337, 77.00878520131067, 45.56438017463656, 47.336035900053595, 46.5058394321969, 32.62875601204687, 90.98071097728592, 25.14837054555116, 62.33812665292945, 62.788923354871024, 85.65002999301973, 97.29762622732137, 60.30866529353649, 45.33123916629387, 69.87464790620504, 29.693437251105703, 61.71229399578066, 43.137922219936684, 42.66715149120168, 44.84947046398945, 5.06621381171429, 54.81656538867994, 26.460373527779353, 40.54121859249273, 34.25356683353703, 69.27783064468481, 53.21420398541668, 16.480263051744558, 33.78747141943278, 24.067679349163285, 47.43126862166373, 76.99502990742032, 63.099420726930724, 23.458165414559087, 85.25892424906378, 89.92850648992729, 39.66290844254316, 88.02747410258357, 80.97122063268439, 23.459377524799677, 12.293730797783006, 45.58772173492207, 24.821667558764293, 20.79296256209396, 52.45985585377532, 23.776487993447844, 39.18716433312627, 12.841505833085446, 34.564062807480916, 18.13424460326622, 57.71135715430198, 33.18427954865205, 20.146468870582027, 59.141825202574026, 96.71575380937597, 100.04443747248177, 52.96002641483656, 14.43239699635942, 51.467489260966815, 20.435868072926464, 66.51206949805602, 63.79680809185309, 91.79666142549172, 71.04200986849649, 40.67541562801118, 78.0804114237834], [47.86007057296619, 28.24236876276043, 57.218819927760435, 23.24990098448624, 67.45807761388005, 66.13681565956135, 22.833076952600692, 61.7664150340337, 0.0, 74.0418528235261, 52.77239858433603, 18.06681191393243, 31.013022374214582, 45.53039799975597, 64.07766316014121, 62.18202531871201, 26.782595062239864, 16.589545440141904, 62.6693315150351, 66.44540761816795, 78.22606562510852, 25.90375701497288, 76.60460246726225, 71.36325342024331, 27.644872995439744, 61.54324714017504, 66.70125453321745, 84.47952510996194, 66.66355078653504, 16.70242812623426, 67.35049436185636, 76.02328400843747, 43.35513347740659, 67.55089038427334, 77.5694850454793, 49.04590588804968, 78.90208134406326, 44.80832242059825, 77.93473953119116, 41.7786481255715, 55.9315273535557, 59.885748823197794, 67.12282015935342, 59.69788065264446, 81.23189299211053, 34.353706216519164, 19.20520127177161, 61.22221386133717, 51.95333226086749, 86.57013763218967, 37.570249175694045, 69.21290638549955, 74.74756729937828, 37.99715392232894, 49.66694953266703, 73.86682316872208, 31.899742120416462, 53.39017494776269, 79.14696280895056, 46.89465708905885, 58.14819050846789, 40.29665605272401, 72.2882826508195, 72.26600534009197, 27.048722352231554, 59.71654434370337, 38.97939832678196, 60.07491491719319, 65.390671162466, 92.64644889824577, 54.369533161258275, 83.18012425244316, 27.943684003818923, 40.63874153446658], [92.34550590580555, 68.40309963602493, 17.832109072065183, 87.9916738481873, 44.281594344922254, 98.37478371669856, 73.50799882188528, 77.00878520131067, 74.0418528235261, 0.0, 32.235721399295976, 79.20548077130506, 91.71735988509568, 46.92976437740468, 30.52543854776329, 53.26081320879008, 97.62590142819073, 89.27685887008226, 24.768032372814247, 37.400243252522834, 25.555442140033747, 52.54869524751944, 11.94750707130487, 54.48662013242253, 46.88497971100031, 34.38130520157551, 36.932596322445676, 51.70998680430485, 80.49057648039883, 57.683562278047674, 54.76322379785002, 46.71978767831852, 46.55233965717309, 8.00546866686956, 33.42262804094656, 80.8846885269182, 57.870712565214305, 84.57196177488987, 40.675667255831634, 40.64717199760354, 18.602324784446328, 95.6884870606169, 18.87962082075489, 34.307195028595764, 53.74030194827175, 65.40837237879565, 82.93649925104476, 54.58848988044973, 66.63642583574429, 53.71582760112757, 65.31193008450515, 97.28454641908094, 31.542819164103907, 70.12973318144874, 39.00111103595586, 86.9893576659381, 81.13251171960663, 59.143214381563894, 29.721941570816607, 94.5224440277049, 92.07732883824814, 33.76981787822603, 29.984637320408645, 35.24645397456992, 92.86150662408745, 62.948204882534995, 36.90348730816145, 57.21001689501798, 10.854494057640434, 40.51111019284343, 43.74708093805516, 18.786485294415456, 83.53860796946132, 43.13388284427349], [60.5286284451762, 38.47502441448408, 26.544916691523316, 60.423722707305565, 20.487107638203973, 66.24145737710543, 44.822267029613776, 45.56438017463656, 52.77239858433603, 32.235721399295976, 0.0, 51.999148007141216, 62.60825371069098, 14.779582758580133, 47.30271403353892, 24.384570000014076, 71.5202552782534, 65.03783587934421, 41.41605680703942, 54.23360150453133, 25.71741407674151, 27.10178161405629, 28.106379174930858, 29.590788561150465, 32.33320902195834, 10.132837924247362, 15.946222687878432, 36.18442054068448, 49.49585593989435, 36.60706311081303, 27.81953287953777, 27.85158892060331, 14.759383607474284, 24.263349511792708, 25.020670105864905, 48.678863671538565, 35.89003401391734, 52.67431408671444, 26.924950310574737, 39.76766276398275, 17.80415436451117, 63.4532379453506, 40.08911936026505, 47.46433803154928, 34.94614947029441, 60.09265759141256, 67.45095115505534, 25.164817978261908, 34.588801628175425, 38.531210975374876, 33.69357221320539, 65.37561906838263, 22.098690847058776, 38.48194676386403, 6.767216625394999, 56.56105849884849, 50.766708678346404, 27.444527274044074, 26.376639098107717, 62.92390782048313, 59.84456938058955, 20.926363942046738, 52.01974353962208, 55.8926169940727, 65.0991745842641, 32.220045011663956, 15.91552391268904, 27.10966186107339, 21.420089769996633, 40.01508053888959, 52.13591462719091, 32.66744159908123, 54.159128716463826, 41.784988846211085], [29.860134962299778, 16.23209875258027, 64.3660140161639, 8.793823321458948, 61.68570198935316, 48.52885689727881, 8.579897645467684, 47.336035900053595, 18.06681191393243, 79.20548077130506, 51.999148007141216, 0.0, 14.41083815011267, 40.51285396021397, 75.71885820964208, 53.89582876753032, 19.628989889308937, 15.857387363381843, 73.0594069358163, 79.33088607990835, 77.46353101295634, 26.659369748343632, 79.04932448190243, 63.07697673149813, 37.53119003785227, 58.71535157410948, 62.90855598662874, 77.85380120145709, 51.902040068861375, 24.5493389302248, 58.80109481525987, 69.93825790637571, 38.984222825508404, 71.78843241732872, 74.85051921420022, 32.770635924268916, 70.31784557839303, 27.4976060342801, 73.45326449143693, 54.337861585936565, 60.61187022732081, 42.16783348289452, 76.35946831283015, 72.05505454971959, 73.82758443564988, 51.84168393120497, 35.90163212477127, 52.550850732226436, 39.6073856314829, 79.6794165197976, 25.904219653127104, 51.92222082680364, 72.38038540793754, 24.3361570855185, 46.97728726775301, 58.524829822547794, 14.337139503689892, 43.344154896856985, 77.42037505095163, 28.82852466437973, 40.70485488961551, 46.57612751159067, 83.65466468056297, 84.5644039736134, 13.674464508938854, 48.68017798103888, 42.30199867271673, 50.64558716039027, 69.22519421487678, 89.65703506027943, 68.50314291665944, 84.50159754783013, 9.876889926914016, 53.83614624372898], [21.21260667677673, 24.177766539791723, 77.72684441907221, 8.05585134452912, 68.80498146010497, 40.76928702403235, 18.209367240259674, 46.5058394321969, 31.013022374214582, 91.71735988509568, 62.60825371069098, 14.41083815011267, 0.0, 49.43860014703641, 89.95799191143894, 59.443559325029774, 16.32953655804691, 20.88291496253813, 87.10729039211942, 93.6962558723132, 87.25918483515518, 39.54255517003156, 90.43572225042097, 68.14187260526082, 51.79854651350448, 67.90682545211749, 71.33223136333524, 83.73506701462551, 50.23856075219585, 38.86951708308794, 63.84695814527063, 76.49721970104213, 48.43688847253582, 84.05859747861615, 83.56032262226054, 30.128629019632136, 74.82023758943173, 22.853631270561497, 81.05024749044166, 68.72273532966592, 73.2577081009355, 34.2986855056772, 90.1446820362215, 86.38682568816188, 79.21088665215854, 65.35031021255578, 46.366327043869134, 57.85035190879408, 42.28774258234138, 85.29584559560192, 31.45260075926865, 45.061959508195024, 81.37562848015148, 27.8698853297556, 56.83042197441602, 55.54406003707752, 13.308119887113495, 48.090636547815535, 86.66425243391582, 18.736344841080662, 34.00996230173491, 60.026117616562395, 97.82902165147135, 98.86524591332864, 7.071950563466329, 51.9900773812123, 55.02872957353895, 55.39218346218788, 81.3834754398218, 97.84299066466944, 82.91124152922754, 95.25597281233064, 8.472166082840898, 68.24426051621097], [45.79650695357437, 25.386788423268708, 38.92318699714257, 48.352634372934425, 21.966680270179005, 51.94831220414485, 32.51528337811456, 32.62875601204687, 45.53039799975597, 46.92976437740468, 14.779582758580133, 40.51285396021397, 49.43860014703641, 0.0, 58.36222704048235, 18.063601048521903, 60.0996433267871, 55.04307056942503, 53.03057965642022, 64.7554202148969, 37.84679811751279, 20.451541234449692, 42.596472248081504, 26.633681208684365, 32.99299314673632, 18.481128894217957, 22.39573128923751, 38.94927555980217, 37.08588265225296, 31.607508209897965, 23.09029186656107, 30.517728018336015, 2.4514853628419986, 38.931283960353745, 34.40633270794317, 33.95800007838446, 34.13748304750664, 37.924654049742145, 33.10812737753379, 45.81597567711493, 31.019777743922205, 48.852839156262576, 52.871081220213256, 57.4579707289227, 35.81766107182038, 61.396622373647446, 62.72942403258048, 17.730489690743763, 20.791018753051862, 41.04556619097916, 19.18462077776484, 51.464405875958484, 32.05328446415751, 23.90130369023821, 8.080052088430834, 44.639564227701456, 36.94638416102804, 14.974417739793319, 37.265603995905984, 48.27118623791532, 45.275539679141126, 27.051204120803007, 64.13242793275619, 67.41568679960092, 52.768907898604844, 21.245167271680582, 19.47688929564388, 18.037513071848768, 36.080858349241666, 49.14492493908621, 60.06384489750784, 46.39011127376466, 40.98027445416016, 47.26954445951435], [97.41945870042248, 70.77667100762747, 21.104782828546504, 84.03304685282147, 66.10520080246872, 108.67425556950543, 73.02772418861811, 90.98071097728592, 64.07766316014121, 30.52543854776329, 47.30271403353892, 75.71885820964208, 89.95799191143894, 58.36222704048235, 0.0, 71.68701575904579, 90.6434293760359, 80.66234723056685, 6.34031058891827, 7.320011469112977, 54.064681669510776, 52.28952314757917, 41.796717909053626, 76.12034600625688, 38.18789219254911, 54.74846712393659, 59.44541578848502, 77.98333107575318, 95.43180860644249, 51.182949809347505, 74.91284123142492, 71.2550992000228, 56.76043408882781, 31.995843484234012, 60.56877623654448, 89.32688500074586, 81.40200850561375, 90.53340665177504, 66.81502732471905, 22.340359666725142, 30.05498653143029, 104.42690224991189, 11.68301755005432, 5.402091309655936, 78.72157669656653, 42.554009007627705, 65.92333496406737, 72.43789814670968, 78.96017966626147, 80.22491613767207, 71.97837550742757, 108.99568369696395, 58.007383487131584, 76.34039042396938, 52.58307212931113, 102.90433193738066, 82.84370709199982, 73.19098740959006, 57.910603454102244, 98.56805487677612, 101.15520531840495, 32.70878213540288, 8.238557461589814, 9.27366841323318, 88.73595561952924, 78.87463866003282, 40.10840194729832, 74.20955540394914, 33.074736948678684, 70.30573173566974, 15.451103118708621, 49.20489901839664, 83.04542195876107, 23.7983483157236], [49.20726354863549, 37.673952150138284, 50.84781467426128, 60.478314571317995, 11.34817498506398, 48.170424033065395, 45.340710909095506, 25.14837054555116, 62.18202531871201, 53.26081320879008, 24.384570000014076, 53.89582876753032, 59.443559325029774, 18.063601048521903, 71.68701575904579, 0.0, 72.6951484182406, 69.44613782495702, 65.77392394272528, 78.60422454296688, 35.16175268408233, 38.2011493600222, 45.14146299975453, 9.258313290984399, 50.87193231377844, 18.879526780271974, 17.565188781900524, 24.300919132358, 27.76071275693572, 49.3801207646492, 5.177882126628123, 17.3623540840403, 20.515080927997893, 45.91592760789633, 28.267400274379423, 35.14652953934619, 16.739926462362828, 41.703587158523185, 23.2227588707395, 62.39179183695494, 41.97382932862582, 47.32648542045045, 64.11643960006782, 71.75456683379174, 19.9687562950381, 79.36697535032435, 80.12649093760788, 1.8078414536267406, 18.768365984677626, 25.94332829870122, 28.383564296182104, 45.937804914200505, 27.343302979514807, 31.573674002362353, 19.833755122186247, 33.79250836544482, 46.14031790216713, 11.456393500870885, 32.65452409729809, 52.482948073868194, 43.71996450979417, 43.16988428234822, 76.23692095292512, 80.23101368938255, 64.26030438604413, 10.801696320461916, 36.142679027047535, 4.914674596692355, 43.31020478765871, 40.19773983034084, 75.81957936106237, 45.917694826473785, 51.502932574980576, 64.09393380007162], [37.353294674768094, 35.25488754492514, 81.89037431847613, 12.242461311437628, 81.02608006266645, 56.77638348983927, 27.709692420427096, 62.33812665292945, 26.782595062239864, 97.62590142819073, 71.5202552782534, 19.628989889308937, 16.32953655804691, 60.0996433267871, 90.6434293760359, 72.6951484182406, 0.0, 10.524588610278402, 88.87056402567579, 93.20835202564307, 97.05803206122728, 45.46627021491366, 98.21828242968215, 81.73678093784716, 53.20736767006487, 78.34282911853693, 82.48893960716174, 96.8813822871375, 66.28005979420142, 40.610602338500755, 77.42926772405701, 89.15543140283475, 58.60666487772674, 90.45998397739042, 94.466791271779, 46.15840900267175, 88.76913601872063, 39.07523454140494, 92.92857367558605, 68.43313281078092, 79.05270705951189, 50.36160240183377, 92.90538835488393, 86.38724105843322, 92.66108701636706, 59.1944287241192, 35.97957480900683, 71.24263823149235, 56.86351449016872, 98.61923942528463, 44.32567268842556, 61.2188595561082, 92.00733455843654, 41.705472131847515, 66.59950796768918, 71.80064798431795, 27.976247682355716, 61.71583069797008, 97.0482086468282, 34.56771343903612, 50.269405659246814, 64.23407464623686, 98.81612811766404, 98.97365688780567, 9.423246229095431, 66.39705380151857, 60.900355205017945, 69.087335568107, 87.99650785002791, 109.24024329538969, 81.12747146946442, 103.8937619936808, 21.92498444723225, 67.38086944754728], [41.56708439482501, 31.937978576675736, 72.98706979871773, 13.359659619950119, 76.69685029943811, 61.095478364026334, 24.370967973682106, 62.788923354871024, 16.589545440141904, 89.27685887008226, 65.03783587934421, 15.857387363381843, 20.88291496253813, 55.04307056942503, 80.66234723056685, 69.44613782495702, 10.524588610278402, 0.0, 79.1568663219146, 82.99349865149883, 90.75282619566609, 38.16395013142866, 90.74712879752965, 78.67206534988803, 43.76916867775297, 72.70785170806346, 77.2989978548097, 93.17106646016042, 67.19433437123395, 31.662509112864445, 74.42223759633605, 85.08548829776494, 53.256763233787474, 82.39179406972285, 88.9352855599735, 47.51692193148968, 85.98551006355379, 41.308563323683316, 88.15118472367247, 58.36818869489031, 70.84055530462723, 54.59895893413878, 83.44848463051298, 76.28369617970517, 89.29946732230864, 48.721708751415676, 26.357071875457034, 68.161550652414, 55.45569225726303, 95.06359951668252, 41.71417241238871, 65.0747261596227, 86.31117450824004, 40.16009012163896, 60.758649436100335, 73.48161453033511, 28.576153809637585, 59.10083324766561, 91.12545152947206, 39.457016372569186, 53.8260467737592, 55.58213783663921, 88.8685308703364, 88.84640438696456, 14.465109396857533, 64.5283869316869, 53.039999969673495, 66.36076723001898, 80.0512350762944, 103.92350422963443, 70.76056287159801, 96.83264439658294, 22.69569452293956, 57.21136262555727], [93.40752676741742, 66.95708709115044, 14.98006946457526, 81.56241449291525, 59.9176513442378, 103.92377099467538, 69.75048565056589, 85.65002999301973, 62.6693315150351, 24.768032372814247, 41.41605680703942, 73.0594069358163, 87.10729039211942, 53.03057965642022, 6.34031058891827, 65.77392394272528, 88.87056402567579, 79.1568663219146, 0.0, 13.660303711408435, 47.795451006010516, 48.58731111059841, 35.73691259106406, 69.98262114993872, 35.7733279035708, 48.58021457712304, 53.1952566745771, 71.64791721845695, 90.0082310043924, 48.71172026280028, 68.87635839098536, 64.95640857956194, 51.551221684175744, 25.7262179212603, 54.235356180795975, 84.73062824251957, 75.1656831731269, 86.32704507823463, 60.476621338998136, 21.82956089539301, 23.93947659951363, 99.88350642054152, 6.575400074554904, 9.562004249714759, 72.4181350131784, 44.52490099684988, 66.37049017723356, 66.5805070823698, 73.75122274744714, 73.8873871364276, 67.48065234280202, 104.04844103231288, 51.6680237979639, 71.96288910323996, 46.92366781511795, 97.39949473676188, 79.28239185556703, 67.72775826074853, 51.61389278821558, 94.73530140095922, 96.54305102728148, 28.34340212499252, 11.282338213438184, 14.493983401221378, 86.34439884965647, 73.24801495623146, 35.413698270778966, 68.44340129763573, 26.74534481056943, 64.13442998454427, 19.40294141612421, 43.266574192570836, 79.88777995429116, 23.793960985621975], [102.36197970764977, 75.62635268572494, 28.298136065489146, 87.39309579788869, 73.28580639605441, 114.36549348806517, 77.30586715455517, 97.29762622732137, 66.44540761816795, 37.400243252522834, 54.23360150453133, 79.33088607990835, 93.6962558723132, 64.7554202148969, 7.320011469112977, 78.60422454296688, 93.20835202564307, 82.99349865149883, 13.660303711408435, 0.0, 61.31779913219402, 57.16053604382884, 48.875835078508324, 83.24949829602193, 42.02529445333725, 61.9176846899285, 66.68589295728931, 85.29938643092397, 101.83654820173959, 54.83523099453588, 81.94558966094075, 78.53773864732939, 63.04459295387999, 39.25984346047532, 67.8814505646064, 94.89886032334026, 88.62411646953419, 95.6993203709004, 74.13371495741023, 25.02361526625534, 37.21371517825079, 109.90946159724629, 18.544777396003276, 7.58646501417256, 86.00800179303171, 41.408715245824546, 66.1872662250591, 79.3008467837253, 85.17730496383133, 87.54280762425961, 77.50747247797864, 114.89165030814756, 65.32614243934428, 81.73086638929274, 59.29766188964345, 109.38325694447595, 87.3664284051886, 79.67094405288945, 65.18839359341538, 103.31852514442018, 106.71613252313321, 38.45274319082493, 9.943822133436546, 6.514281995387279, 91.98572099095304, 85.50484088896074, 46.035108733924794, 80.98229589112523, 40.38533156608817, 77.45975932673743, 13.42963000297286, 56.16325034917768, 87.14305040188981, 25.84048349572076], [82.04561171958854, 63.125964303062915, 35.11139640945028, 85.71877574599202, 24.053222129688905, 83.27821464379602, 69.9495587544861, 60.30866529353649, 78.22606562510852, 25.555442140033747, 25.71741407674151, 77.46353101295634, 87.25918483515518, 37.84679811751279, 54.064681669510776, 35.16175268408233, 97.05803206122728, 90.75282619566609, 47.795451006010516, 61.31779913219402, 0.0, 52.7737330915939, 13.832507075411357, 32.93675346383554, 55.238929888016465, 19.521979402466165, 17.80306945658237, 26.5729377716367, 62.67529867921398, 61.77330627376687, 34.65412114991824, 23.142714148376076, 38.854383642186804, 22.070731314054154, 8.539433413029213, 68.68797415897009, 34.35913663333297, 74.18101070729844, 16.115689086561503, 56.770652271836276, 28.39904413154231, 82.05268895516018, 43.078440317955135, 56.70953769836569, 29.338664399036475, 80.43583107112222, 91.81166599376243, 36.87247845865284, 52.561158247279536, 28.431546884435846, 56.69308602636265, 81.0931472924563, 8.006207144100463, 61.18839284157256, 30.55968194035929, 67.95295275149847, 74.76179357770044, 44.53056476994895, 4.198630288398719, 84.92546406287494, 78.40224678469484, 41.684467714857, 55.047122669675225, 60.15356253126676, 90.29114107118586, 45.93619275381413, 39.78437965249414, 39.947931883051986, 21.317629900037232, 16.972692148921926, 64.71961554822359, 11.102576007985732, 78.79141118038264, 59.21320493665117], [45.20669905200815, 18.495448240874016, 38.21382010902811, 35.44310039147231, 41.987377324112835, 58.22173386507121, 21.51718522469511, 45.33123916629387, 25.90375701497288, 52.54869524751944, 27.10178161405629, 26.659369748343632, 39.54255517003156, 20.451541234449692, 52.28952314757917, 38.2011493600222, 45.46627021491366, 38.16395013142866, 48.58731111059841, 57.16053604382884, 52.7737330915939, 0.0, 52.78083113247416, 47.03172629221684, 16.804766165930985, 35.6405585264251, 40.82337794558866, 59.08640465454428, 50.369250718217344, 11.183579046654973, 43.33533070561291, 50.53978418926607, 18.089061552213245, 45.146416171335915, 51.70302783966589, 38.653549164024106, 54.55988327989309, 38.62054297045517, 52.08661348141839, 33.613014274322495, 33.96160133885267, 53.249286595162744, 50.976476736229955, 49.58634202089663, 56.197112173875446, 42.9880348268201, 42.320215417149164, 37.58392010329528, 33.382760132594186, 61.25178106026577, 21.639540134648694, 59.51344781902396, 48.91232962885017, 25.194997883469018, 23.77574036181084, 58.17256276101069, 30.69891610361111, 31.68124087057247, 53.43945321211878, 46.2786309442689, 50.27390925077671, 20.648201342761443, 59.68922700518189, 61.50611032490888, 40.31319689701232, 38.492937675950635, 15.646991841277659, 37.15505384031906, 42.61226742764613, 66.78403899965687, 48.7805981771262, 58.68703226669848, 31.73767432137499, 34.13347555267072], [88.34143699518438, 66.42284406673522, 25.292283499266137, 87.6929887759059, 35.03153722689199, 92.16637044591225, 72.41784941794536, 69.87464790620504, 76.60460246726225, 11.94750707130487, 28.106379174930858, 79.04932448190243, 90.43572225042097, 42.596472248081504, 41.796717909053626, 45.14146299975453, 98.21828242968215, 90.74712879752965, 35.73691259106406, 48.875835078508324, 13.832507075411357, 52.78083113247416, 0.0, 44.87188622822281, 50.90907249015265, 26.781794144736185, 27.825859546440647, 40.32753113749169, 72.86868285396976, 59.90834845203561, 45.79174004771464, 36.10281968186816, 42.83593861612419, 11.080661048061879, 22.072249197669347, 75.88029151317838, 47.37886179301434, 80.44778898832733, 29.55060090119172, 48.40551800832595, 21.478560329355926, 90.14987880626238, 30.35681152170008, 45.08086805827452, 42.779362016283244, 73.00465152708637, 87.81333762108774, 46.6656317424142, 60.57217078661825, 42.235665530649996, 61.72232462675697, 90.55047405519426, 20.604951647062663, 66.47991266924733, 34.54306775680977, 78.83674506831609, 78.83846205664756, 52.69597192160469, 18.030947773993415, 90.86635751358753, 86.49210934618007, 37.03468839149396, 41.86507353643475, 47.08830437342266, 92.47371256300161, 55.49273870484118, 37.76570213441286, 49.541231500122116, 12.012308770440496, 28.661932265107918, 53.935732045450294, 7.881313898962897, 82.03198555477539, 50.92206350560724], [56.495337681443665, 46.84580533648065, 55.02359156069431, 69.50224748191505, 10.294317564739101, 52.82731657208799, 54.50912147237746, 29.693437251105703, 71.36325342024331, 54.48662013242253, 29.590788561150465, 63.07697673149813, 68.14187260526082, 26.633681208684365, 76.12034600625688, 9.258313290984399, 81.73678093784716, 78.67206534988803, 69.98262114993872, 83.24949829602193, 32.93675346383554, 47.03172629221684, 44.87188622822281, 0.0, 58.78782336098735, 21.423873012588757, 17.58821187007236, 15.886721408454537, 30.913880142082032, 58.21038688610821, 4.310818969116497, 10.95483418544586, 29.057326420357523, 47.83860473549504, 24.87614590007648, 42.2998922427703, 7.553432422497227, 49.317497323004574, 18.183037809276623, 69.02606154912246, 46.066017088541216, 52.97536993823688, 67.53675541001535, 76.76744260456383, 11.087021927144024, 87.32701893191653, 89.15565795022015, 10.52691657158215, 26.428427846418792, 17.21717107992932, 37.41602889054007, 49.85723876975632, 24.959408357801532, 40.33044050843885, 26.62219177474968, 35.31918459320625, 54.839331137621144, 20.087568627957506, 29.612622162185083, 59.92390066260519, 49.506000260521645, 49.83856744872684, 79.89084596030914, 84.2358334010034, 73.17631771506146, 17.033649221052034, 43.324391600114126, 12.749955206106815, 45.51144607856175, 34.11385717670186, 81.72648106875958, 44.03727861116751, 60.356651149486474, 70.89794694617744], [61.03142402930801, 34.428862790217714, 29.66493994369333, 45.88441491918017, 51.587851182617044, 74.94036022580708, 35.338018412993456, 61.71229399578066, 27.644872995439744, 46.88497971100031, 32.33320902195834, 37.53119003785227, 51.79854651350448, 32.99299314673632, 38.18789219254911, 50.87193231377844, 53.20736767006487, 43.76916867775297, 35.7733279035708, 42.02529445333725, 55.238929888016465, 16.804766165930985, 50.90907249015265, 58.78782336098735, 0.0, 42.41398997182877, 48.198349725784894, 68.19488787565263, 66.7009585402629, 13.003554171440582, 55.69654989303588, 59.67638765743134, 30.58436033878216, 40.97445961701052, 56.75305116250991, 55.40129496260215, 66.00687605849339, 54.912142943622165, 59.257611366501685, 17.385560649964173, 29.52196932593132, 69.82358358774026, 39.71466803358905, 34.62674888584518, 66.32881714122057, 28.541760090453124, 36.94826715159287, 50.68784561506262, 49.5525187981208, 70.51095448913097, 38.44104245335029, 76.31208429985513, 53.725158891191676, 41.93529512826891, 32.49952302879446, 74.52234071173457, 45.547952288762794, 46.65846383458582, 57.1138008499396, 61.68711116815238, 66.93934299556267, 13.902383689743411, 46.15462422515166, 47.06851679835871, 50.62746955358466, 53.4250067421915, 16.42040481641521, 50.97770868958507, 39.13331151645074, 71.29788626969442, 32.394755069290795, 58.11234617318246, 45.117850214367856, 17.543931785624167], [62.730684506306744, 43.86436226930379, 33.643686319994785, 66.73811201709442, 11.37415895429824, 65.40828562839269, 50.905786520084455, 43.137922219936684, 61.54324714017504, 34.38130520157551, 10.132837924247362, 58.71535157410948, 67.90682545211749, 18.481128894217957, 54.74846712393659, 18.879526780271974, 78.34282911853693, 72.70785170806346, 48.58021457712304, 61.9176846899285, 19.521979402466165, 35.6405585264251, 26.781794144736185, 21.423873012588757, 42.41398997182877, 0.0, 5.8140765322990395, 26.094676660652343, 46.3101456004993, 45.85256233282651, 20.772285433452303, 17.88437600123362, 19.748546641430913, 27.100481097910503, 16.22770875313918, 49.66139154917075, 26.82606615996335, 54.840463284214316, 16.918071618576825, 49.47423265677982, 24.70422650269583, 63.57053877677525, 46.15448790037436, 55.59090572372434, 25.156919938947464, 70.2203337009016, 77.0083307874234, 20.22992291038428, 33.93620649042117, 28.447286589758548, 37.172846975252064, 63.77474903641796, 13.665606431793982, 41.67139154023166, 11.979958243381123, 52.633475107079384, 55.28677742325426, 25.982671943647354, 18.790103249255633, 65.53024126669295, 59.907978865602495, 30.93541112803405, 58.48478335489999, 62.81209214580922, 71.20796010509832, 28.81986523714986, 25.99657196302772, 22.94657873260709, 24.56334593947748, 31.257301517398894, 61.1420106835426, 28.94358538023749, 59.45444866464458, 51.57928298365544], [64.57603180717325, 47.57704286952891, 38.39894525926777, 70.68353430895925, 7.350073694636513, 65.52332958410382, 54.860087077993654, 42.66715149120168, 66.70125453321745, 36.932596322445676, 15.946222687878432, 62.90855598662874, 71.33223136333524, 22.39573128923751, 59.44541578848502, 17.565188781900524, 82.488939607