instance_id,num_cities,city_coordinates,distance_matrix,best_route,total_distance
2445,65,"[[74.93748432468581, 12.8529884315426], [10.258802014022084, 69.15864374406637], [10.184037056595209, 14.816490862998977], [0.32693460255414086, 56.96427849794121], [29.222536285956103, 84.86687134581213], [45.10715514433108, 27.96910434177633], [19.36850017863635, 20.50865014309111], [17.468666887214123, 62.55733937343441], [66.33078090279604, 73.73675575112904], [83.7167072832913, 40.61848451705102], [81.87872310901493, 89.50916508936547], [36.56468158201604, 88.89155927669046], [33.73631096281719, 87.67594830227804], [89.64046748958788, 87.4583948341214], [1.0770809692352667, 21.98819445270712], [10.684580190102821, 36.274139219261755], [84.62589555806738, 26.444239923161717], [3.3492306351546985, 69.69898593689992], [51.06510655653824, 75.99773600275746], [79.76125363437544, 31.98406282640709], [61.76108027966538, 82.9045103575447], [67.0051783994237, 60.351354282750655], [27.234952629103894, 76.87865374674004], [25.38818878717397, 10.801777111978527], [77.36756616019942, 98.18189342438586], [7.166022023350315, 67.86213903808348], [79.42066742015696, 5.156144166540832], [5.438249208677625, 15.223561869472702], [96.01569228151898, 79.30146435029619], [43.876608301978045, 59.943692558904196], [85.56989725559086, 39.938275232497965], [92.3523705826097, 54.01696347025163], [55.83413821558369, 17.30656820336085], [4.802111663946551, 35.02669742173491], [34.026248123493076, 96.29165958871768], [36.74813518752017, 1.3186993398558777], [9.108717999835292, 37.507987872055516], [31.8996282888654, 16.366459815652757], [55.2662116634596, 23.86659380299403], [56.41631769155319, 77.18053650411683], [34.966087212332134, 0.6860031569577374], [14.61510992052294, 37.216767609227034], [43.10637269648928, 99.50933801823693], [78.12594244986767, 37.74786699868572], [85.72294123863992, 65.30530965841072], [51.417501071308855, 12.145518936857814], [76.26840026557639, 32.1479468966927], [85.42902703654067, 62.801647808371406], [9.647366367911825, 8.259279487169291], [45.222886472317, 26.14617516562614], [93.19903802194511, 41.25192171434946], [58.05608376284533, 62.94708502306674], [85.48668246907602, 74.61581168181634], [96.65108511545108, 27.568313293172963], [92.2690769916973, 74.18789741827783], [23.618472827425443, 50.429840619276824], [28.919854323504225, 75.04872909792091], [58.560027498040945, 52.71706463491257], [21.09107506323259, 71.74022470336294], [4.610843086859118, 10.764881194188881], [77.07338514056495, 72.94997203597435], [87.17151038201673, 1.7105668455784429], [46.209769426178525, 69.0654057934286], [11.248462178461038, 66.89575006406899], [63.10766195107201, 33.70556510560645]]","[[0.0, 85.75347669696257, 64.78320982245111, 86.67491010183188, 85.29862722561177, 33.44167309241486, 56.0938602278856, 75.98149432734388, 61.48909225885442, 29.120397123516177, 76.9698006730979, 85.1723913395674, 85.41669631993759, 76.04041279767844, 74.42318975211268, 68.38849313992077, 16.69093853968533, 91.41304884257912, 67.50666312400274, 19.7298443444175, 71.27996456022396, 48.1561650863849, 79.8424533016219, 49.591734756320015, 85.36350112902448, 87.2867558849247, 8.907319591617272, 69.53965271796233, 69.71148257350923, 56.41198839350314, 29.097439162635666, 44.69620906032061, 19.615611266236282, 73.55707898389188, 92.92868820759811, 39.89318503668186, 70.29434880033719, 43.18103210122431, 22.5445885167676, 66.94077273591644, 41.78215070799301, 65.05676436447615, 92.31761798908207, 25.09823189168592, 53.549715992984694, 23.53062101443653, 19.340805552344097, 51.03862304193896, 65.45152148479877, 32.55251356001892, 33.763645464303764, 52.86208658623171, 62.65725749930458, 26.23015907469947, 63.73660772888922, 63.605508891877975, 77.36880784893246, 43.097165378441126, 79.79437565446018, 70.35763398259407, 60.1349275433721, 16.54765700547398, 63.12778682131015, 83.52790926877302, 23.974458311690082], [85.75347669696257, 0.0, 54.342204312561336, 15.727190913665543, 24.62461435078268, 53.95355291421984, 49.49553998114689, 9.775447349528974, 56.25856313533366, 78.8073888366587, 74.45506575565209, 32.88445309357416, 29.901237341326215, 81.46367106651041, 48.05575186898, 32.88726082994936, 85.76120857336433, 6.930667090909757, 41.37544771164976, 78.81966916730339, 53.305098400690454, 57.42577453138154, 18.649081589915472, 60.286169452428396, 73.11590283401705, 3.3535373150354877, 94.23207298275611, 54.15007651119467, 86.35462372219374, 34.85788612293426, 80.78113023742922, 83.47828748746483, 69.03440452241479, 34.56537616354151, 36.07065349273155, 72.82817331735676, 31.671544174039617, 57.05558733191168, 63.85167743463653, 46.84940786152243, 72.79390394011017, 32.237569225821915, 44.722785497594494, 74.78359209537165, 75.56245425135542, 70.3173869563612, 75.67733308236883, 75.43854536815064, 60.902433616757605, 55.43067431682649, 87.50924456018267, 48.19920750718646, 75.42555720484067, 95.8821264182849, 82.16433894600182, 23.005409597084512, 19.568545647873798, 51.022876309167394, 11.13564994340496, 58.666267520393646, 66.92206428817576, 102.29764310972436, 35.95108831712016, 2.4698410977326866, 63.639003618777245], [64.78320982245111, 54.342204312561336, 0.0, 43.285083704547134, 72.59146133460371, 37.317762771796225, 10.805324618449585, 48.29342034134141, 81.38829436115678, 77.92814938898383, 103.53320042981932, 78.6323989591421, 76.57160142311132, 107.65765439439397, 11.591806656243666, 21.46348565376855, 75.34450773187997, 55.30644487178077, 73.58265149007879, 71.66390021363708, 85.41761988210679, 72.81528610228166, 64.36183483764914, 15.725271264722075, 107.06734762305884, 53.13143330511364, 69.90731923336962, 4.763214156612501, 107.35634515159133, 56.317436820474256, 79.4615124941007, 91.04016743764437, 45.717963876214625, 20.91453011852787, 84.892014627071, 29.796672389910334, 22.716961671531976, 21.770836141986845, 45.98159230070568, 77.63181024191657, 28.527542704061336, 22.834333908240946, 90.86670756248593, 71.70739515520508, 90.85838909192731, 41.31988196598484, 68.31926835808771, 89.24339641762923, 6.579136452103889, 36.82502837439265, 87.12245628753575, 67.88436454771114, 96.15844828463936, 87.40228472587648, 101.30605953001782, 38.06303647035452, 63.078945547998806, 61.45477966302632, 57.959252517668226, 6.890285330281916, 88.62102752951553, 78.09504653550627, 65.12141094827287, 52.090135724264485, 56.19348002850528], [86.67491010183188, 15.727190913665543, 43.285083704547134, 0.0, 40.1685260406687, 53.34780479191729, 41.12899291661771, 18.03112075484847, 68.10156914223532, 84.97669779775349, 87.80583039782253, 48.29622722400366, 45.38053647713212, 94.37583529637101, 34.98412746819225, 23.137905814667434, 89.65370919702751, 13.08843179546516, 54.19072427841969, 83.26957556662292, 66.68620460040077, 66.76421555149746, 33.47571919566625, 52.526593222054025, 87.37362697648256, 12.866098130423323, 94.5510515749178, 42.05250244231463, 98.26132615605337, 43.65147176754706, 86.92667869567947, 92.07262097492254, 68.21864582903406, 22.38938751297001, 51.79079681991483, 66.50514515350726, 21.346357172962566, 51.42973719911087, 64.13876282047444, 59.62143895510031, 66.0841521764412, 24.374497742864317, 60.333758487420084, 80.13710808941804, 85.80239361585625, 67.96298397431096, 79.89340724484788, 85.30205751978752, 49.58878277324401, 54.45550465557465, 94.19185606641868, 58.038337645803004, 86.969875706655, 100.70980459891265, 93.54149130636337, 24.190796416628473, 33.83197321575853, 58.38777212544334, 25.48486051239639, 46.3975881176151, 78.39362262375208, 102.93178806217868, 47.45178408946905, 14.76190678943948, 66.95063461294234], [85.29862722561177, 24.62461435078268, 72.59146133460371, 40.1685260406687, 0.0, 59.07348818481424, 65.10823806541481, 25.216436359430862, 38.7414673404898, 70.1963988366532, 52.86042850702506, 8.372885433911824, 5.3164908709429985, 60.47348513949928, 68.89045407611295, 52.0087438007732, 80.51544001607081, 29.99154369280921, 23.57455063747218, 73.14884406553175, 32.59766411690917, 45.039300859844985, 8.231774365415454, 74.16427984284664, 49.952314406288394, 27.85050703800638, 94.2000658004794, 73.59268215380919, 67.02461818521112, 28.91205055845979, 72.06666245189676, 70.26444900697301, 72.6124777015691, 55.501352015077224, 12.393604552886368, 83.88642133482674, 51.45317803525789, 68.55270382263001, 66.32727106906796, 28.259184178494202, 84.37657818537768, 49.83883316379781, 20.178274052245346, 67.90982038775408, 59.79088940187517, 76.0329636276949, 70.65832090179397, 60.38247835467485, 79.06902306023963, 60.86157544766557, 77.42904239192185, 36.21947670158752, 57.19036955598634, 88.48578389867635, 63.944560199485615, 34.89003600610889, 9.822806807131052, 43.52353917327218, 15.441162964374758, 78.08226678675348, 49.31243479354303, 101.35607814493164, 23.200267312327124, 25.417091496566744, 61.365144809939174], [33.44167309241486, 53.95355291421984, 37.317762771796225, 53.34780479191729, 59.07348818481424, 0.0, 26.79807336906446, 44.274507741408165, 50.449184392449816, 40.62886086502697, 71.6891015943032, 61.518447394740825, 60.77995815335815, 74.3114499368894, 44.43443163770191, 35.41027069644783, 39.54814857086779, 59.03479717299881, 48.396762745626084, 34.885905947689004, 57.40428604669375, 39.091348578941464, 52.07263816767765, 26.14488015672765, 77.26946272410449, 55.05437130496315, 41.20495451593332, 41.66618474308654, 72.29585283743963, 31.99825834613686, 42.195906803546876, 53.94998931405134, 15.124742732157667, 40.918286254900345, 69.21530218005127, 27.93058004060692, 37.240807937670276, 17.580105962064973, 10.956140838802115, 50.49417999124387, 29.106852613473464, 31.863522997919077, 71.56820638304539, 34.43638358231639, 55.16914271134299, 17.035443075684157, 31.44019596957237, 53.28376335474061, 40.569370414976305, 1.8265991682733775, 49.892508817128814, 37.297907245690105, 61.69620355124913, 51.545488166592854, 66.03350441848094, 31.084532196002563, 49.78473435746467, 28.16809033704378, 49.92677718589732, 43.99927936191833, 55.1825907211239, 49.5875062188193, 41.111090368167204, 51.591615952070576, 18.89246483110367], [56.0938602278856, 49.49553998114689, 10.805324618449585, 41.12899291661771, 65.10823806541481, 26.79807336906446, 0.0, 42.09158624387046, 70.98370966239521, 67.41733602072738, 93.10531152225774, 70.51192038536496, 68.68682500112479, 97.05883630018226, 18.351159855937283, 17.998919750310243, 65.52677985178781, 51.73302747969025, 63.90393967054829, 61.47332564794339, 75.43456912797868, 62.10228808241512, 56.916240041229536, 11.421910303705697, 96.93825032756115, 48.90044359367713, 61.983564193772956, 14.899129174081779, 96.59910485951269, 46.43026958916332, 68.99373381732221, 80.30848274731095, 36.605956976841995, 20.565830183725225, 77.18752551708648, 25.890266991141836, 19.855493284726936, 13.197988953764758, 36.05442379890009, 67.70704162926778, 25.223442564617883, 17.371122825198256, 82.489970762633, 61.23420302454583, 80.06030572085622, 33.12220436189591, 58.07815302523109, 78.43909012896123, 15.638015348252157, 26.461877843467015, 76.68918850601578, 57.426038333208126, 85.43534958768247, 77.60436056246199, 90.5315176483176, 30.22151397643146, 55.370105457726496, 50.72827394761832, 51.26052571089896, 17.684158904739405, 77.97400842808075, 70.36061489427114, 55.48163889166969, 47.09244160375503, 45.68668117825105], [75.98149432734388, 9.775447349528974, 48.29342034134141, 18.03112075484847, 25.216436359430862, 44.274507741408165, 42.09158624387046, 0.0, 50.1246998656111, 69.78621789959482, 69.82160304603055, 32.52920096063132, 29.926255333581025, 76.3467835946283, 43.75545232888646, 27.144620878881767, 76.25122500428803, 15.822818829571062, 36.185149163822075, 69.39086108756416, 48.74243788716783, 49.585606208047814, 17.334369979070193, 52.35797028269315, 69.69208696433476, 11.588157345883781, 84.45677936799184, 48.83868796676048, 80.31189774581557, 26.53696515121327, 71.75931744587956, 75.36913890782796, 59.32572529463342, 30.304749916420093, 37.578688864611095, 64.20178292777166, 26.407551117799994, 48.392664746813026, 54.089076382471475, 41.60237249844691, 64.29791569908119, 25.50073263063428, 44.97490592550949, 65.5348380496748, 68.30956966580023, 60.7772571130748, 66.19773256064745, 67.96079927603525, 54.858472902785685, 45.782852507746675, 78.67026079677215, 40.58928812270154, 69.07863054596857, 86.56839667290048, 75.69921553248317, 13.597659325573362, 16.945929037679086, 42.25317649335493, 9.871536049486021, 53.36461708969598, 60.50396062837395, 92.52467842860949, 29.46872755451653, 7.583716367283688, 53.993913998158575], [61.48909225885442, 56.25856313533366, 81.38829436115678, 68.10156914223532, 38.7414673404898, 50.449184392449816, 70.98370966239521, 50.1246998656111, 0.0, 37.404415857515545, 22.147401725277177, 33.40192717004377, 35.44997263251683, 27.048564987783863, 83.28240481323603, 67.08164645542828, 50.70792121146423, 63.11084898167773, 15.432201558567304, 43.85960515394346, 10.24352909443304, 13.402379805583926, 39.22187286987772, 75.08067251601126, 26.82117418538041, 59.45569623499623, 69.81866093211428, 84.44935922996407, 30.201985784982412, 26.35220027648608, 38.890627192225395, 32.649553397642926, 57.39813215061358, 72.69281776192776, 39.39932138009397, 78.22728310443787, 67.7265686780763, 66.90930522765805, 51.08285177224626, 10.49553269928387, 79.49941172657475, 63.310505913563716, 34.692926271042815, 37.872495950983456, 21.14580728431742, 63.371021513337475, 42.75962231510411, 22.007262235563356, 86.60432657339317, 52.06156516811124, 42.15646668089984, 13.597338238711014, 19.176060704594263, 55.23446321402561, 25.94221911863649, 48.65751282267446, 37.4339244747843, 22.4100875299197, 45.28374013567038, 88.17487005501128, 10.771377554601049, 74.98071681095159, 20.656151947288766, 55.50550598688038, 40.160736052457224], [29.120397123516177, 78.8073888366587, 77.92814938898383, 84.97669779775349, 70.1963988366532, 40.62886086502697, 67.41733602072738, 69.78621789959482, 37.404415857515545, 0.0, 48.925216735840586, 67.4803917777858, 68.64724986661602, 47.21300809621115, 84.71360897287055, 73.16122554893445, 14.203374005016924, 85.46699284296022, 48.14372716884478, 9.497307592185496, 47.64617023964514, 25.858486940004898, 67.11921097108865, 65.50764925130198, 57.91249984272802, 81.25407143908494, 35.72161168873911, 82.29470878990664, 40.59110691722857, 44.279760079541354, 1.974081493815245, 15.940323675463882, 36.343955481372404, 79.1124609949915, 74.62334858522513, 61.24148822235902, 74.6728013020726, 57.21162799319563, 33.0160043540973, 45.62997827487523, 63.01766438767152, 69.18527615040017, 71.53552894436547, 6.284671539499272, 24.7682116884458, 43.05750214370351, 11.27950730342628, 22.24915217590891, 80.82935985027117, 41.124469341144554, 9.503464574571755, 34.015202483820524, 34.04337037524903, 18.374033277361868, 34.64171632818318, 60.89384610350134, 64.71581596638526, 27.914766319744437, 69.93234246889172, 84.5516137138918, 33.00695099942334, 39.06100001255794, 47.07438494045081, 77.08528545190873, 21.73755285892588], [76.9698006730979, 74.45506575565209, 103.53320042981932, 87.80583039782253, 52.86042850702506, 71.6891015943032, 93.10531152225774, 69.82160304603055, 22.147401725277177, 48.925216735840586, 0.0, 45.31825014771014, 48.17730306942084, 8.028096565758881, 105.29951019924782, 88.89642268026928, 63.124731624647026, 80.98965604479903, 33.64576765368123, 57.5640605529166, 21.174064728715692, 32.732251118164065, 56.08450293117864, 96.88154308324164, 9.775824967229727, 77.7854834810503, 84.3888273207776, 106.59032271201495, 17.437059722405195, 48.148498374888824, 49.708126979217795, 37.00531944427672, 76.75633784485832, 94.38825835350738, 48.330752051605174, 99.067291349139, 89.44046106531488, 88.58761343324866, 70.83200498733724, 28.29008965055068, 100.45073171682452, 85.19911087207343, 40.041211459183046, 51.89716122012722, 24.50723629360714, 83.14457164506197, 57.63492929600089, 26.942459748367465, 108.7148233086476, 73.2019046993463, 49.567237848032605, 35.67999779801187, 15.32414260133361, 63.6780323226706, 18.51217698857938, 70.15304956957978, 54.897595503843384, 43.55938728733234, 63.331456618170535, 110.32219871486622, 17.242335908179708, 87.95798684992269, 41.112304131227354, 74.1619868815853, 58.876094538807706], [85.1723913395674, 32.88445309357416, 78.6323989591421, 48.29622722400366, 8.372885433911824, 61.518447394740825, 70.51192038536496, 32.52920096063132, 33.40192717004377, 67.4803917777858, 45.31825014771014, 0.0, 3.078537055268165, 53.095131697980044, 75.732621914359, 58.63763758504949, 78.80068517020267, 38.361713374230185, 19.40394297716738, 71.44513271954705, 25.897939340633833, 41.727294994843746, 15.21031694628092, 78.88553777293605, 41.84717073442827, 36.145783978470575, 94.06516499654913, 79.97392471475845, 60.21953664625514, 29.85704707215387, 69.2671291589667, 65.79136475776619, 74.13314310024649, 62.53226519528697, 7.8233706962801035, 87.57305209219226, 58.258916455090834, 72.67498038569633, 67.6608702444962, 23.04854682198462, 88.22004100174803, 56.143279116905596, 12.471204755019233, 65.90156041212421, 54.52380822653399, 78.1700771051477, 69.2547675126755, 55.393210207784925, 85.00650800021766, 63.339937947296995, 74.00665778452738, 33.68970335273224, 50.9623306000231, 85.85404118349811, 57.612301984946384, 40.582115804865055, 15.813517356070351, 42.33661895515052, 23.099800352911224, 84.40868215285323, 43.53262302857198, 100.8046455401049, 22.047768174204556, 33.536943626499095, 61.23743756496518], [85.41669631993759, 29.901237341326215, 76.57160142311132, 45.38053647713212, 5.3164908709429985, 60.77995815335815, 68.68682500112479, 29.926255333581025, 35.44997263251683, 68.64724986661602, 48.17730306942084, 3.078537055268165, 0.0, 55.904579834582286, 73.35875073619712, 56.33407733001902, 79.61828892473306, 35.30645587886208, 20.89659779106732, 72.24874708794437, 28.428055074573724, 43.05172445845217, 12.603540371752452, 77.32612327056712, 44.87829445297397, 33.14464197852555, 94.32167566112105, 77.7825725908423, 62.8399022827237, 29.52801447341972, 70.46705682861759, 67.59267493799645, 73.75746487508225, 60.07604770080284, 8.620588409640265, 86.40975369435021, 55.886873135636144, 71.33313782155484, 67.34367339100845, 24.99072576033941, 86.9986373801895, 53.96062680801444, 15.093944781354791, 66.80757955662118, 56.59554046715676, 77.57235489384964, 69.94524687608566, 57.36608510382902, 82.98966524444526, 62.59276634870272, 75.43875763786838, 34.68382949051205, 53.372915599402376, 87.01262318229881, 60.06673135472747, 38.595895974413004, 13.5146187291121, 42.875872584584606, 20.343285810732812, 82.24114008632455, 45.770693410558586, 101.21940202335466, 22.40400541222245, 30.61894808394526, 61.4449226646989], [76.04041279767844, 81.46367106651041, 107.65765439439397, 94.37583529637101, 60.47348513949928, 74.3114499368894, 97.05883630018226, 76.3467835946283, 27.048564987783863, 47.21300809621115, 8.028096565758881, 53.095131697980044, 55.904579834582286, 0.0, 110.1354646330414, 94.09495290447984, 61.21987447843208, 88.09979660729414, 40.24183360588795, 56.34714170301044, 28.248860065970742, 35.314982084788944, 63.295965167442645, 100.02295915964204, 16.297776813305205, 84.77055736626453, 82.93434016382122, 110.94090614762777, 10.352729401737985, 53.3984049297095, 47.69414334048258, 33.551210858184454, 77.8726311268258, 99.7327905592849, 56.31134842929004, 101.08237213380552, 94.76500320031792, 91.58639492999961, 72.28766576659262, 34.777557442320365, 102.56088833506209, 90.29410492701778, 48.06919189917661, 51.02666817035941, 22.496804100341873, 84.45723437177844, 56.90393512651382, 25.013824269419377, 112.56729586697246, 75.71069795018165, 46.343301375732494, 39.979714907082865, 13.497624680679882, 60.29901016167278, 13.528329149547297, 75.69687976668713, 61.975742568761525, 46.61495225867565, 70.32837318097101, 114.50734500680575, 19.19442343121868, 85.7833652519635, 47.16489775379646, 81.04399334089543, 59.94461171421013], [74.42318975211268, 48.05575186898, 11.591806656243666, 34.98412746819225, 68.89045407611295, 44.43443163770191, 18.351159855937283, 43.75545232888646, 83.28240481323603, 84.71360897287055, 105.29951019924782, 75.732621914359, 73.35875073619712, 110.1354646330414, 0.0, 17.21604655988187, 83.66756098054852, 47.76486457797679, 73.59234525793747, 79.31655824947227, 85.98456440388733, 76.27742826623013, 60.804578538824224, 26.76127605807305, 107.82262236497274, 46.276278966471246, 80.13136373998056, 8.048604997071077, 110.8970280226606, 57.20506425479938, 86.3784776666089, 96.73169355896027, 54.95682798905379, 13.560177482241436, 81.28131733293671, 41.22683758504892, 17.47487285134159, 31.331028128682522, 54.221677118241956, 78.15769790704272, 40.028091362758715, 20.37615440335546, 88.18156872500118, 78.64409916972888, 95.0857199083636, 51.293626868876736, 75.87460093633041, 93.70693026749187, 16.184341134125205, 44.34118793091732, 94.114537448963, 70.17291127001158, 99.47183983708932, 95.73676407114772, 105.07515942531109, 36.2910675451802, 59.92195227871938, 65.18092208850966, 53.626714179191815, 11.766487802347168, 91.50159027114042, 88.45017217216594, 65.21674167704526, 46.045038241823086, 63.12756729006459], [68.38849313992077, 32.88726082994936, 21.46348565376855, 23.137905814667434, 52.0087438007732, 35.41027069644783, 17.998919750310243, 27.144620878881767, 67.08164645542828, 73.16122554893445, 88.89642268026928, 58.63763758504949, 56.33407733001902, 94.09495290447984, 17.21604655988187, 0.0, 74.59185638202243, 34.220282453405964, 56.64407339738322, 69.2097649871982, 69.16068517512745, 61.2513025810003, 43.84793527501428, 29.41151708260597, 90.9900579657479, 31.7833601767765, 75.45183433024525, 21.694487676046045, 95.56541947111192, 40.767125057792505, 74.97490650025627, 83.57293700711944, 48.971944418610825, 6.0132808847946, 64.39670964584072, 43.602656756970184, 2.00143052357951, 29.092850755291888, 46.2760094226257, 61.357356150081635, 43.0825604120697, 4.041981227478053, 71.06238805776998, 67.45746227824377, 80.45846435222043, 47.34301596061478, 65.71349114736576, 79.31230072520441, 28.034053904524047, 35.99264170237815, 82.66446679106616, 54.364560042320534, 84.05616189536484, 86.40619985935781, 89.963788154695, 19.174708886451885, 42.84850105871284, 50.62043313880093, 36.961308893355614, 26.2223669295711, 75.84583136567203, 83.93384910400307, 48.34569509063925, 30.626802210279983, 52.4859702615337], [16.69093853968533, 85.76120857336433, 75.34450773187997, 89.65370919702751, 80.51544001607081, 39.54814857086779, 65.52677985178781, 76.25122500428803, 50.70792121146423, 14.203374005016924, 63.124731624647026, 78.80068517020267, 79.61828892473306, 61.21987447843208, 83.66756098054852, 74.59185638202243, 0.0, 92.06991535623581, 59.84877218553168, 7.372542224027157, 60.914381842378624, 38.21232886620707, 76.40255511436442, 61.26820175485486, 72.10391303881954, 87.83777305412633, 21.91523262278442, 79.97866559489823, 54.07045074291511, 52.751471437047506, 13.52701475324621, 28.634830191728444, 30.206991497454894, 80.2838405402365, 86.24955857533136, 54.07007238484974, 76.32332949392476, 53.680731291950785, 29.47261946132558, 58.05128830747484, 55.94267893334193, 70.83471930016553, 84.03796367295004, 13.03922449654559, 38.876551418472665, 36.15592463528407, 10.118300292238569, 36.36627735008386, 77.15226908897507, 39.40413642768246, 17.11041237770196, 45.14878292070763, 48.17926192673956, 12.077612546864481, 48.35157756928249, 65.55314385282162, 73.92942173428746, 37.00933390453133, 78.02819780386511, 81.53680710036437, 47.1150032681223, 24.864326629544554, 57.37911228942111, 83.78885607321831, 22.710376944701537], [91.41304884257912, 6.930667090909757, 55.30644487178077, 13.08843179546516, 29.99154369280921, 59.03479717299881, 51.73302747969025, 15.822818829571062, 63.11084898167773, 85.46699284296022, 80.98965604479903, 38.361713374230185, 35.30645587886208, 88.09979660729414, 47.76486457797679, 34.220282453405964, 92.06991535623581, 0.0, 48.12981474447008, 85.21274953939594, 59.88597543763621, 64.3386190659156, 24.94143831120978, 62.88558565993367, 79.30945727237565, 4.2357883599981445, 99.76292857734383, 54.51546409897426, 93.16265724922644, 41.684938400339504, 87.44105398003852, 90.37413761221029, 74.15949675996886, 34.70271537160553, 40.59864152815832, 76.10092259882201, 32.70217196326158, 60.49366535975911, 69.25302222870486, 53.591877439974056, 75.91058827335225, 34.3804383852082, 49.69192526053316, 81.31685330375582, 82.49080306208016, 74.98640000992305, 82.02003311746088, 82.36908552698777, 61.7616713045988, 60.41730198583431, 94.24554817244817, 55.12193705853356, 82.28448316162421, 102.37299266347196, 89.03308038228707, 27.966804256486018, 26.12425209838691, 57.76346372354918, 17.858882927323034, 58.947606972659464, 73.79579844512816, 107.92867882309301, 42.865221441805936, 8.381884652838645, 69.76099523715095], [67.50666312400274, 41.37544771164976, 73.58265149007879, 54.19072427841969, 23.57455063747218, 48.396762745626084, 63.90393967054829, 36.185149163822075, 15.432201558567304, 48.14372716884478, 33.64576765368123, 19.40394297716738, 20.89659779106732, 40.24183360588795, 73.59234525793747, 56.64407339738322, 59.84877218553168, 48.12981474447008, 0.0, 52.5421001063666, 12.732139878032005, 22.335960943834788, 23.846430598244215, 70.07008749689723, 34.40866492193236, 44.64658509699921, 76.30575971563026, 75.99546271340705, 45.07182909549127, 17.589963560307424, 49.908569326592726, 46.77384452751662, 58.88460614304818, 61.79717387421211, 26.49841563592334, 76.03903067557005, 56.93680050622715, 62.63549039427568, 52.300145995698294, 5.480372034590713, 77.01321658054695, 53.22185419830404, 24.822104543921895, 46.85446956347233, 36.269732367101504, 63.853189474957375, 50.576773507514275, 36.810538903824074, 79.3972776198705, 50.19272510444799, 54.61263398972935, 14.80517657080819, 34.44930482798469, 66.50932585102093, 41.24369885598688, 37.510464905152574, 22.16557715400448, 24.457381283714103, 30.274890031611193, 80.08323133456938, 26.18624486446203, 82.59694848234926, 8.463539494834494, 40.843742697729716, 43.973297120232424], [19.7298443444175, 78.81966916730339, 71.66390021363708, 83.26957556662292, 73.14884406553175, 34.885905947689004, 61.47332564794339, 69.39086108756416, 43.85960515394346, 9.497307592185496, 57.5640605529166, 71.44513271954705, 72.24874708794437, 56.34714170301044, 79.31655824947227, 69.2097649871982, 7.372542224027157, 85.21274953939594, 52.5421001063666, 0.0, 54.00831618899956, 31.10338695333503, 69.09802161567603, 58.35340100598816, 66.2410938587424, 80.97718200400186, 26.830080480492708, 76.18939151344952, 50.031422753172784, 45.491193273097224, 9.849357122142369, 25.376858292263787, 28.070192387543994, 75.02086769841841, 78.91234206652582, 52.82511596092818, 70.86814897751957, 50.34525503476461, 25.80504571790174, 50.86951215683499, 54.64590994622532, 65.35595795434467, 76.83256527217453, 5.991300460380265, 33.85036498370664, 34.596764776694314, 3.4966959611073176, 31.334441106534584, 74.01906870603104, 35.02827056194832, 16.32382484632887, 37.8130022968663, 43.014492276579396, 17.45752706998879, 44.01828369434628, 59.095334461539, 66.62892288611842, 29.653825278966693, 70.87130773984988, 78.08865394281885, 41.053993160306916, 31.16723381962557, 50.007280358071476, 76.89491855033037, 16.742332156885478], [71.27996456022396, 53.305098400690454, 85.41761988210679, 66.68620460040077, 32.59766411690917, 57.40428604669375, 75.43456912797868, 48.74243788716783, 10.24352909443304, 47.64617023964514, 21.174064728715692, 25.897939340633833, 28.428055074573724, 28.248860065970742, 85.98456440388733, 69.16068517512745, 60.914381842378624, 59.88597543763621, 12.732139878032005, 54.00831618899956, 0.0, 23.154814057203566, 35.04803045018143, 80.75760878707236, 21.83943302630161, 56.62943864213193, 79.72872420491281, 88.05096301629004, 34.443582623296926, 29.104183408971462, 49.121859966962944, 42.075140018359654, 65.86515510567504, 74.40839386307728, 30.7966991619028, 85.33400249371117, 69.52061210477076, 72.9316014147106, 59.394098271157056, 7.8313704929603185, 86.47458921423915, 65.65144597449161, 24.974355179966064, 48.030523141944855, 29.730500262619632, 71.51100962587779, 52.789118836452545, 31.053128447182864, 91.03707854148078, 59.11869812646077, 52.1850872154546, 20.29841927764108, 25.131787142724008, 65.4171777363418, 31.728807171312717, 50.094537405442125, 33.767727514635766, 30.35668984206951, 42.174525468259134, 92.03410078346238, 18.26361172793435, 85.07729674249677, 20.8173985982475, 52.988725155188256, 49.217369861675714], [48.1561650863849, 57.42577453138154, 72.81528610228166, 66.76421555149746, 45.039300859844985, 39.091348578941464, 62.10228808241512, 49.585606208047814, 13.402379805583926, 25.858486940004898, 32.732251118164065, 41.727294994843746, 43.05172445845217, 35.314982084788944, 76.27742826623013, 61.2513025810003, 38.21232886620707, 64.3386190659156, 22.335960943834788, 31.10338695333503, 23.154814057203566, 0.0, 43.067650103001824, 64.70807076546483, 39.22408407919129, 60.308677016173256, 56.574336826837836, 76.33481786232446, 34.651357654142984, 23.132162519607775, 27.59243705293887, 26.126703935568248, 44.47072910813807, 67.1607009822442, 48.7782265732449, 66.33508131851409, 62.24001539021647, 56.27673222430972, 38.32676724292414, 19.883293120874903, 67.72338952724476, 57.270658943115784, 45.8748362858683, 25.19105060267499, 19.362239528762547, 50.66338170592995, 29.685677818192357, 18.586073737212384, 77.48227447326705, 40.551973072000685, 32.41768971347684, 9.317945744135752, 23.34610754636273, 44.19963304756872, 28.804765196439085, 44.506658532917996, 40.82284576588718, 11.384329236903408, 47.30550977025755, 79.69862854817143, 16.12742869381866, 62.01147391317004, 22.547366322816384, 56.13947381199345, 26.92932816350952], [79.8424533016219, 18.649081589915472, 64.36183483764914, 33.47571919566625, 8.231774365415454, 52.07263816767765, 56.916240041229536, 17.334369979070193, 39.22187286987772, 67.11921097108865, 56.08450293117864, 15.21031694628092, 12.603540371752452, 63.295965167442645, 60.804578538824224, 43.84793527501428, 76.40255511436442, 24.94143831120978, 23.846430598244215, 69.09802161567603, 35.04803045018143, 43.067650103001824, 0.0, 66.10267893582946, 54.471157140466595, 22.00135253001444, 88.69874412152014, 65.39454590707317, 68.82339833482513, 23.743159308904342, 69.04750052935138, 69.01402033811422, 66.08136493897203, 47.48493026211767, 20.56663536684522, 76.15646625441708, 43.342931525813356, 60.691719479384396, 59.96690739508307, 29.182926517180174, 76.58387849828867, 41.62121624813925, 27.641451581846788, 64.19588239489185, 59.62203539779637, 69.1026366463247, 66.37104129380194, 59.87246773206491, 70.83743159001399, 53.827039180424855, 74.97015804319618, 33.82352334494025, 58.29566436331167, 85.14757263133694, 65.0897649498631, 26.694917905987626, 2.487472198869552, 39.560620621437316, 8.009412249237643, 69.87761625663799, 49.99303846721024, 96.13860953669362, 20.520490151613608, 18.847446587428824, 56.131692090240755], [49.591734756320015, 60.286169452428396, 15.725271264722075, 52.526593222054025, 74.16427984284664, 26.14488015672765, 11.421910303705697, 52.35797028269315, 75.08067251601126, 65.50764925130198, 96.88154308324164, 78.88553777293605, 77.32612327056712, 100.02295915964204, 26.76127605807305, 29.41151708260597, 61.26820175485486, 62.88558565993367, 70.07008749689723, 58.35340100598816, 80.75760878707236, 64.70807076546483, 66.10267893582946, 0.0, 101.67172861153303, 59.89935112091523, 54.326622558174684, 20.434095762408052, 98.38928499379928, 52.50475702208495, 66.86384342007685, 79.69789191385452, 31.133071543614342, 31.790459816390115, 85.92517718913614, 14.797876410176741, 31.27687424084231, 8.565310150645958, 32.60959500155874, 73.27267213461076, 13.930722197780135, 28.52737196512872, 90.45974465463554, 59.222988961799835, 81.30754831760498, 26.063973988571757, 55.17657913068548, 79.4285138355754, 15.94483567199444, 25.077196491829046, 74.33385890861688, 61.53311709383568, 87.65876996007916, 73.20872303632999, 92.14582711393174, 39.66755994407338, 64.34394688659135, 53.45336482944739, 61.089766583318934, 20.777378459736966, 80.83166244980714, 62.44861032400691, 61.87235770064416, 57.848644496816014, 44.128699960672755], [85.36350112902448, 73.11590283401705, 107.06734762305884, 87.37362697648256, 49.952314406288394, 77.26946272410449, 96.93825032756115, 69.69208696433476, 26.82117418538041, 57.91249984272802, 9.775824967229727, 41.84717073442827, 44.87829445297397, 16.297776813305205, 107.82262236497274, 90.9900579657479, 72.10391303881954, 79.30945727237565, 34.40866492193236, 66.2410938587424, 21.83943302630161, 39.22408407919129, 54.471157140466595, 101.67172861153303, 0.0, 76.46923764000576, 93.04840272550139, 109.79941444054873, 26.537204258519242, 50.831134786566416, 58.81834148869586, 46.63781085590821, 83.69293129442008, 96.19939692316686, 43.38251759767327, 105.03531092352503, 91.32684800841835, 93.60074011917055, 77.53214577456116, 29.664992919053308, 106.31713895701303, 87.4906699584056, 34.286899636851366, 60.438784605739336, 33.92170474523067, 89.8646961441245, 66.04309395906692, 36.28703530615709, 112.57043109630985, 78.88234997318455, 59.09024606662923, 40.17990885331853, 24.92549414423984, 73.19926094056397, 28.244767115385766, 71.897312753657, 53.687280374094996, 49.201363470789154, 62.17881709183046, 113.7333494610316, 25.23363627032956, 96.9682121840937, 42.64479041198644, 73.14751313414716, 66.03439847173989], [87.2867558849247, 3.3535373150354877, 53.13143330511364, 12.866098130423323, 27.85050703800638, 55.05437130496315, 48.90044359367713, 11.588157345883781, 59.45569623499623, 81.25407143908494, 77.7854834810503, 36.145783978470575, 33.14464197852555, 84.77055736626453, 46.276278966471246, 31.7833601767765, 87.83777305412633, 4.2357883599981445, 44.64658509699921, 80.97718200400186, 56.62943864213193, 60.308677016173256, 22.00135253001444, 59.89935112091523, 76.46923764000576, 0.0, 95.67013940748808, 52.66692515454945, 89.58304565364995, 37.554879038071704, 83.22805909827306, 86.30413007129916, 70.17443463345741, 32.9204237264336, 39.11149939454792, 72.8225980457262, 30.416254875758913, 57.12754377248343, 65.18616604730852, 50.12408757015314, 72.70128510852548, 31.537718695434755, 47.88793177615448, 77.08553487782599, 78.59851737198544, 71.15149438652865, 77.78587403278219, 78.42644021744614, 59.65448798206461, 56.46721680316102, 90.05433641880231, 51.12686319167397, 78.6113092807477, 98.13851899105912, 85.33782973588025, 23.97015155610914, 22.910178882570378, 53.57907312944218, 14.454987049139152, 57.15440309101016, 70.09226392845738, 103.81189079796646, 39.062284394801765, 4.1952622408089395, 65.5449358883479], [8.907319591617272, 94.23207298275611, 69.90731923336962, 94.5510515749178, 94.2000658004794, 41.20495451593332, 61.983564193772956, 84.45677936799184, 69.81866093211428, 35.72161168873911, 84.3888273207776, 94.06516499654913, 94.32167566112105, 82.93434016382122, 80.13136373998056, 75.45183433024525, 21.91523262278442, 99.76292857734383, 76.30575971563026, 26.830080480492708, 79.72872420491281, 56.574336826837836, 88.69874412152014, 54.326622558174684, 93.04840272550139, 95.67013940748808, 0.0, 74.66425586332149, 75.97975622033032, 65.30739313004428, 35.321518498762345, 50.54313612857505, 26.532191092948228, 80.37523757298679, 101.81520257086937, 42.844731180663004, 77.39775205024965, 48.8254066759353, 30.553537577513048, 75.60894919275752, 44.67876298757036, 72.30244711192071, 101.10021360656536, 32.617429541826944, 60.478432227129424, 28.862236317395823, 27.17524982106478, 57.95778183643757, 69.84227221780061, 40.12567286786613, 38.63610556488717, 61.6136208961358, 69.72404140543155, 28.2699950285646, 70.21726700411197, 71.8581415836755, 86.22821783971435, 51.934645986652896, 88.51994761328648, 75.01978237654514, 67.83445165467522, 8.48219132619287, 72.02331197091974, 91.97406430020371, 32.88135616714058], [69.53965271796233, 54.15007651119467, 4.763214156612501, 42.05250244231463, 73.59268215380919, 41.66618474308654, 14.899129174081779, 48.83868796676048, 84.44935922996407, 82.29470878990664, 106.59032271201495, 79.97392471475845, 77.7825725908423, 110.94090614762777, 8.048604997071077, 21.694487676046045, 79.97866559489823, 54.51546409897426, 75.99546271340705, 76.18939151344952, 88.05096301629004, 76.33481786232446, 65.39454590707317, 20.434095762408052, 109.79941444054873, 52.66692515454945, 74.66425586332149, 0.0, 110.95156952452606, 58.96946276391997, 83.85641344185233, 95.17873975821445, 50.43891894344499, 19.813350263826855, 85.96109672270673, 34.25863631225947, 22.58468470914419, 26.48604913045322, 50.572006519407864, 80.23359752698795, 32.912517838808434, 23.830985528000575, 92.31998477086432, 76.09760226366686, 94.62459107410022, 46.08216520675106, 72.82406956008903, 93.07093423360365, 8.137437948188696, 41.256767243891886, 91.53923513631369, 71.03640739340209, 99.67542829211362, 92.04441494120613, 104.95897065137648, 39.62325824861687, 64.26847137345375, 65.0206588573687, 58.64421655297865, 4.534802559601921, 91.99962570951666, 82.8427849395773, 67.53710845141144, 51.99782310416481, 60.55861300981965], [69.71148257350923, 86.35462372219374, 107.35634515159133, 98.26132615605337, 67.02461818521112, 72.29585283743963, 96.59910485951269, 80.31189774581557, 30.201985784982412, 40.59110691722857, 17.437059722405195, 60.21953664625514, 62.8399022827237, 10.352729401737985, 110.8970280226606, 95.56541947111192, 54.07045074291511, 93.16265724922644, 45.07182909549127, 50.031422753172784, 34.443582623296926, 34.651357654142984, 68.82339833482513, 98.38928499379928, 26.537204258519242, 89.58304565364995, 75.97975622033032, 110.95156952452606, 0.0, 55.61661089057147, 40.7256097713374, 25.54850114238942, 73.87776685460233, 101.39118440799875, 64.27564018553757, 97.94873640105808, 96.43400258692203, 89.84255371306872, 68.80076339138792, 39.65613197029089, 99.53614930137185, 91.63610919554068, 56.63703962187872, 45.24096154922922, 17.373343667523404, 80.6158772426076, 51.12151944348093, 19.60411760132055, 111.83237344904094, 73.52138389800074, 38.153652983989666, 41.332766687821305, 11.524555894269962, 51.737052895894074, 6.339218634670775, 77.94182472555887, 67.23047841875713, 45.931004045193326, 75.30518315697195, 114.24583006400069, 19.978800125160852, 78.09332192357486, 50.846896131934606, 85.67021096213242, 56.2309922388136], [56.41198839350314, 34.85788612293426, 56.317436820474256, 43.65147176754706, 28.91205055845979, 31.99825834613686, 46.43026958916332, 26.53696515121327, 26.35220027648608, 44.279760079541354, 48.148498374888824, 29.85704707215387, 29.52801447341972, 53.3984049297095, 57.20506425479938, 40.767125057792505, 52.751471437047506, 41.684938400339504, 17.589963560307424, 45.491193273097224, 29.104183408971462, 23.132162519607775, 23.743159308904342, 52.50475702208495, 50.831134786566416, 37.554879038071704, 65.30739313004428, 58.96946276391997, 55.61661089057147, 0.0, 46.244427406695465, 48.83672436167879, 44.28212839221757, 46.34299228773701, 37.65905339817094, 59.05679434982066, 41.378340238067985, 45.19317718189335, 37.83226294283184, 21.315560062231825, 59.92387787306978, 37.05061949814278, 39.573141946294584, 40.81263973174788, 42.18841687202392, 48.38936314275934, 42.68292004457267, 41.65058716153217, 61.99128614531691, 33.82432034588225, 52.74546777483766, 14.494063979406395, 44.12107604930231, 61.913735031378486, 50.445301049366954, 22.38091668440947, 21.257154523068756, 16.365419348098722, 25.658111692196336, 62.93135788440526, 35.65374171537395, 72.56407841669416, 9.415375359717638, 33.36056089175804, 32.53110444958528], [29.097439162635666, 80.78113023742922, 79.4615124941007, 86.92667869567947, 72.06666245189676, 42.195906803546876, 68.99373381732221, 71.75931744587956, 38.890627192225395, 1.974081493815245, 49.708126979217795, 69.2671291589667, 70