instance_id,num_cities,city_coordinates,distance_matrix,best_route,total_distance
2339,97,"[[6.820942236689098, 68.04623924227404], [22.429991978178364, 11.604329260679036], [30.889776177662608, 81.78904122729034], [81.42361392854015, 98.38137464960343], [38.448597815576356, 13.112586884948396], [45.57078564472252, 55.034238682514314], [69.87243477205364, 67.04082414533357], [35.33925836145799, 79.22200302584163], [54.15306047099363, 96.23276836731111], [3.1259960101013506, 12.659846162373112], [22.07847303072623, 9.420054237669584], [28.38842474963339, 62.78567742212818], [62.766456441833995, 94.06731726703869], [25.26145188269385, 29.564024525486477], [92.8527775869699, 8.346168042106672], [4.350097722546753, 25.30326043493848], [98.36038868489177, 57.80763649201028], [47.49657952231859, 65.07767947545243], [0.6445495129585033, 83.4779411876328], [98.3401715782538, 20.82530304384871], [81.71571362621599, 47.41294925430138], [53.31409661312966, 43.81844523599641], [27.13328969255633, 42.94742552118394], [41.376829597866326, 99.14847792425022], [9.190647199749957, 84.54362613637718], [78.51963466113678, 68.80711694642969], [40.13343834929217, 14.085979434958118], [23.906841182428717, 47.80639577898417], [56.518980323619196, 42.26653530255516], [31.978972791712202, 21.14258235963011], [34.70069915762919, 76.01782807722655], [96.6756483244972, 25.57946946702001], [2.075998511005228, 31.272876336687972], [44.99160926473878, 93.07010560397539], [27.116059266959592, 51.974564666490544], [32.79076842787857, 44.317968868417125], [80.2351462590287, 64.61453483663325], [85.99100654201114, 25.27390003884744], [41.229419826345406, 37.17482341320891], [13.900522796861491, 40.8844792852223], [21.930734717711175, 50.13028311040762], [7.026731664985297, 81.97122549456473], [87.51977750951845, 0.5148784682131202], [38.293380328449636, 14.359794477388899], [30.766747511745674, 11.176997406082457], [15.697750836555791, 38.49524035874079], [47.38747032876045, 28.880033881834997], [20.135614333406306, 1.9319871049588544], [65.16366155780314, 50.49120498968842], [74.35892544818037, 34.57770947661395], [30.831961697898723, 43.844255874371655], [0.5333997722041017, 17.883123625683652], [86.68121961374024, 70.73477677110496], [59.87153562522091, 70.36499280870892], [53.09775336374029, 74.52582994369145], [75.70050180886393, 10.303767258343655], [43.49174444266437, 30.01538604873811], [96.38030333653265, 71.26196163161092], [23.10935851777479, 95.68092425972765], [10.11167689702911, 37.01776992060125], [57.668912987342615, 88.79270528770684], [48.31830352160544, 90.67588360622473], [77.97130059235137, 83.18670679849221], [94.25528596805921, 76.20821490039873], [24.093058662898216, 85.0743786951696], [57.89782067607307, 67.9838604659531], [73.78726931795705, 14.174227771915682], [35.211236247773634, 85.97310319562837], [2.7415956517967577, 43.97376966376587], [94.75812208363979, 18.948605232460647], [65.01192265775893, 3.5362309742540288], [42.409275147222516, 51.44690064571227], [18.805116574883527, 7.6874923503828185], [80.23933300219342, 63.944928761038575], [21.99397368263486, 47.05726826413385], [27.2221207406116, 0.20627856031271152], [25.48748547646489, 79.03895280958531], [21.45898038673376, 30.729814230619358], [32.19563687801848, 78.11229333394773], [54.372049943593616, 79.43427037209379], [30.558377645828926, 72.08590353701125], [81.85275936132345, 26.194433395728645], [38.13497523451312, 26.938048262011193], [65.31211653524709, 68.36617793698736], [33.9999496715511, 36.471983867589444], [53.24793515761298, 2.75950703036999], [76.22246672840359, 1.2111703503314364], [10.17993101386937, 87.5862707504895], [83.66918363023288, 26.566721138282702], [41.58254691109884, 74.66639676275663], [58.591451067655974, 83.86268503282595], [5.884488693664469, 74.8216836849527], [82.05879326012717, 3.4408053602838495], [61.1182969446546, 10.210323398472877], [81.5597111959514, 99.36187346128914], [94.33335307261171, 97.20249243841918], [68.05401350618784, 61.67903497714343]]","[[0.0, 58.560495525590966, 27.715940786441408, 80.5343346886477, 63.387812383235214, 40.8761852759562, 63.05950816850926, 30.62992084120288, 55.08910818540037, 55.50950518621718, 60.57905425248153, 22.199770553087575, 61.7008675891106, 42.672394419733884, 104.71664239767661, 42.81433533219223, 92.1102559019411, 40.78381806159502, 16.621830585351944, 102.98342660219494, 77.68500136588317, 52.42708657060924, 32.28841757308427, 46.4914895690489, 16.666711611643176, 71.70272958720771, 63.414761970106206, 26.487340489420678, 55.9864994879079, 53.224801834974144, 28.99701837300253, 99.38457999745638, 37.07822420701725, 45.64201692579467, 25.888037757664467, 35.17758785555721, 73.49436677298063, 89.98539927700389, 46.2275636966619, 28.069229858912593, 23.436879334470138, 13.926506791557001, 105.22730967951058, 62.231412573818076, 61.70504239763692, 30.855457636101445, 56.38825093741513, 67.44164016925734, 60.92661262036277, 75.37586922185743, 34.092008660488325, 50.55562637932712, 79.90552006453296, 53.10124364812174, 46.728239253653285, 89.88095903845134, 52.83080095037404, 89.61707443951434, 32.0778478230665, 31.2024813604744, 54.917501607717114, 47.266603407160105, 72.74343442510848, 87.8144766560685, 24.254557078367377, 51.07691653010528, 85.94581189690273, 33.57649840644341, 24.415668333426265, 100.71506970059912, 86.87768050026051, 39.269167055009724, 61.53697068370872, 73.53285558347223, 25.898991987737087, 70.84114870383574, 21.66286195532272, 40.08475690998525, 27.298362095869614, 48.895757455707525, 24.078719389063444, 85.91476726175486, 51.67641655783202, 58.49204930238523, 41.66091750802043, 80.11131676978219, 96.35091092234033, 19.826639577782114, 87.328131935933, 35.38637654713954, 54.13266612741965, 6.839853261150311, 99.16953319293819, 79.32966588719427, 81.03426764082674, 92.24158037866128, 61.56322203433971], [58.560495525590966, 0.0, 70.69272764958242, 104.93094413591089, 16.089455367882646, 49.21029733609, 72.96567921527529, 68.83893494212727, 90.378790544158, 19.332831563568114, 2.212379476166057, 51.527015445447866, 91.79964464182184, 18.181524116410753, 70.49811591403012, 22.68354671588899, 88.88290467323658, 59.057031709186425, 75.1027402618024, 76.46817458541567, 69.26076852862843, 44.627090283524176, 31.6940166685346, 89.57098090908838, 74.13110871208745, 80.11371252989726, 17.876537724134447, 36.23217773979207, 45.850081851290795, 13.49671466531345, 65.57186198723652, 75.54946743745163, 28.30435998468975, 84.53223816864903, 40.6412983719224, 34.31512647544276, 78.43161197271057, 65.01430410027564, 31.737496098826117, 30.49719708390912, 38.529188647615534, 72.03305153793241, 66.02769191327509, 16.100921666538852, 8.347700601987238, 27.72082557343515, 30.35334735704125, 9.940743008153438, 57.77850482406036, 56.78371535817117, 33.316751990963695, 22.77902563571907, 87.31912777541943, 69.67556796523556, 69.99733449642275, 53.286383618548236, 27.9743530564769, 95.0141128996256, 84.07933970678629, 28.241527094225212, 84.8517940150941, 83.20165491857794, 90.60283514626254, 96.60504591626047, 73.48886959740442, 66.60794555809146, 51.42153550909387, 75.45909316753456, 37.88685289006818, 72.70004672696052, 43.33953195824822, 44.571316454871734, 5.336790521584178, 77.98370512926343, 35.455620089581515, 12.364467551975748, 67.50390151446632, 19.15011850736525, 67.22110610129063, 74.9746355659295, 61.025334743084834, 61.18771463409107, 21.949246854814174, 71.13918801673294, 27.427434562405345, 32.06207264193364, 54.78729863653944, 76.96310431752521, 63.04055650845766, 65.9063329134244, 80.80173947616548, 65.34667228973557, 60.18502359220659, 38.71341102929236, 105.8192338797381, 111.79060280756832, 67.74236114115587], [27.715940786441408, 70.69272764958242, 0.0, 53.18810286360309, 69.09118008537392, 30.518052005032306, 41.67922237978259, 5.136883961275511, 27.38250627330731, 74.49612808405578, 72.90342475529602, 19.16727927687837, 34.15960783106961, 52.527425254556576, 96.08990147432138, 62.40991879679517, 71.60580510809149, 23.559616485182186, 30.292344232088954, 90.91827766183934, 61.35952751496426, 44.09780387872589, 39.02284332764128, 20.281231024618886, 21.873269906931096, 49.36733512343739, 68.3311778502286, 34.69267318632201, 47.10503773192253, 60.65623894086132, 6.9159261984716505, 86.5291680971951, 58.15596872787943, 18.05890666365682, 30.052353517097565, 37.51926218969789, 52.24872456079383, 78.93102540328891, 45.79668832944198, 44.292413776058126, 32.90199673856309, 23.863739952515008, 99.05779415591167, 67.83447996174692, 70.61215099868309, 45.88192266688977, 55.42144865108287, 80.57791937044192, 46.41393941701952, 64.17535963261118, 37.94482939733875, 70.74938793355898, 56.876022393872915, 31.152066752403883, 23.365540628188878, 84.36910291101933, 53.28527915568933, 66.33120345931064, 15.922289821166231, 49.35783771735776, 27.6798388460397, 19.563474457431823, 47.1022654472145, 63.61079667389628, 7.54909340605588, 30.33178998149162, 80.07470209951906, 6.015096981134776, 47.14143432628918, 89.59958707932665, 85.36874833864472, 32.45526693130005, 75.08048044379947, 52.476576760358874, 35.85291278536222, 81.66516307937755, 6.0619906899831735, 51.922871364628676, 3.901762068595834, 23.60004506348695, 9.708795292074923, 75.41873822150062, 55.3274284478367, 36.946864205282054, 45.42365977004173, 82.13132501278022, 92.45456239490348, 21.505942361425184, 76.38828763008925, 12.847856246315299, 27.779179079719494, 25.957821042609936, 93.57731761841453, 77.69991192902303, 53.630651193901, 65.28906437883123, 42.25627631005714], [80.5343346886477, 104.93094413591089, 53.18810286360309, 0.0, 95.48621982654502, 56.252995409117766, 33.40149466439995, 49.9084096024975, 27.35506525009963, 116.09779247638116, 106.93905870923001, 63.87319431774583, 19.14942862290718, 88.82576272551336, 90.75772259585297, 106.21081713990878, 43.96683485569913, 47.54134806517071, 82.14237382016711, 79.37955760542533, 50.969262399115145, 61.377994671540264, 77.5909918844994, 40.05413065666856, 73.5464803125058, 29.716490611767064, 93.86475512011084, 76.58986639818228, 61.39312640630378, 91.7093428804467, 51.79921794761653, 74.38240350667168, 103.9210980420415, 36.817122955199686, 71.43460300253166, 72.71867371007552, 33.787748169362544, 73.25000968769848, 73.22441637717773, 88.68630566507758, 76.60006861301196, 76.18522879028362, 98.05617923021542, 94.44492037708672, 100.84999516905928, 88.9170296371258, 77.38795409921556, 114.27468333848125, 50.57523505782331, 64.19359401709394, 74.3896000777656, 114.11921470185426, 28.1420822221179, 35.346990404378246, 37.03297706034784, 88.26334990302195, 78.18398250324142, 30.970391028975026, 58.37674893671415, 94.07913875309134, 25.616955262823595, 33.990236382806884, 15.581925377719525, 25.618368812114614, 58.85464050011811, 38.43789558109352, 84.55268975196508, 47.84923250570838, 95.6611074595978, 80.54423607568323, 96.25458373067283, 61.032478899069474, 110.2109635986129, 34.45680378021972, 78.52417485096373, 112.14344098493916, 59.185975947383625, 90.40183019677525, 53.23748098724573, 33.02695678585116, 57.260143757496905, 72.18821685976768, 83.53475399680092, 34.06600038089485, 77.98574612427414, 99.68656098588556, 97.30930343887857, 72.05689851387457, 71.84975325104611, 46.364973819273125, 27.05734667505779, 79.12786158869756, 94.94269403046961, 90.47894880327446, 0.9898991796712884, 12.963453553579782, 39.06159178638262], [63.387812383235214, 16.089455367882646, 69.09118008537392, 95.48621982654502, 0.0, 42.52235234450229, 62.41564149377673, 66.18249688800455, 84.59074841231936, 35.325503145320155, 16.781411824479616, 50.68158448225139, 84.5282592947683, 21.084369051400444, 54.61257662099, 36.21215583470235, 74.74670657993106, 52.74691290402879, 79.8775885603025, 60.38614574815978, 55.213749820495146, 34.1149936475838, 31.90852228432235, 86.08570780505569, 77.1908093154703, 68.61172401745567, 1.9458110598067373, 37.618121451682946, 34.30002087934433, 10.311977272706631, 63.01679231608771, 59.54672595771811, 40.65417682282906, 80.2247829447199, 40.48060951923724, 31.714143502773197, 66.32168780749662, 49.073191919199424, 24.222390422861498, 37.06596814622335, 40.535782157992145, 75.68913913868624, 50.6624410575353, 1.2568290444412757, 7.921952456380943, 34.08636289828286, 18.12500556156015, 21.456261917177823, 45.944049910420816, 41.83662412953744, 31.66146908506601, 38.21413695823634, 75.14454453119666, 61.129209453868675, 63.13623508942035, 37.35764739407335, 17.63910279673316, 82.08186333164343, 83.98108476955146, 37.07342529510951, 78.08265387880695, 78.1887209832491, 80.45139101618453, 84.23446276443242, 73.3797041756213, 58.21622569592375, 35.354614761386586, 72.93240258609028, 47.195366361876474, 56.61114407471487, 28.236799025378296, 38.538377968385056, 20.378861743542604, 65.80571804976879, 37.7226198625016, 17.105747048441632, 67.18836325656545, 24.474758420206907, 65.29978069597715, 68.20646617617975, 59.49880378017328, 45.3327249084028, 13.829018092836813, 61.43783819559457, 23.779232487655253, 18.06119177237972, 39.60440490872082, 79.65831476531805, 47.17960480893686, 61.63353914393274, 73.56161312171669, 69.77416306037706, 44.66981648241644, 22.854723624403338, 96.42358389845973, 100.966420586898, 56.87864729848785], [40.8761852759562, 49.21029733609, 30.518052005032306, 56.252995409117766, 42.52235234450229, 0.0, 27.105871039018393, 26.262751083550302, 42.082945350613585, 59.97623953348729, 51.3083090202946, 18.84988934882841, 42.65292859755691, 32.5760778342381, 66.44819562749949, 50.8239724966008, 52.86240558798251, 10.226406261255216, 53.17340411490223, 62.887672634088915, 36.93967882015137, 13.629119098034485, 22.046140464558732, 44.313151221731836, 46.84355261055218, 35.71160633714333, 41.30768307489777, 22.837867735484007, 16.818954079420095, 36.51550006421592, 23.631965727014098, 58.985510246641574, 49.56207066232234, 38.04027625749093, 18.706644027254857, 16.678347603745355, 35.96387035900457, 50.1943424458508, 18.379504099144572, 34.687479583473056, 24.14333837904125, 47.02388069593443, 68.79010507805205, 41.32034655630537, 46.28841277708484, 34.145814885630195, 26.21722281243944, 58.87951309447111, 20.112681116139786, 35.31609520452805, 18.50536804773131, 58.38297248510041, 44.00652994036512, 20.96529208197581, 20.894434018080805, 53.931575815659905, 25.10508712254283, 53.338035961094434, 46.43994785733534, 39.77362869829375, 35.86082476369096, 35.74738741994502, 42.92266102995797, 53.08971501720936, 36.92834640605665, 17.878716312930745, 49.6559205180626, 32.627191130537916, 44.23430219145348, 61.00464742498616, 55.045459451981046, 4.781646454526879, 54.388559725325905, 35.79537083971492, 24.889719149708313, 57.81676845799219, 31.29800706068581, 34.235715280055764, 26.67379258796942, 25.93884730883517, 22.718531383769736, 46.34777217679218, 29.063502758644727, 23.821434667419563, 21.873306767204618, 52.83546341186925, 61.939068752658194, 48.08479368008835, 47.559304917055655, 20.033164480031605, 31.63253146728493, 44.34574551647637, 63.19222311105433, 47.44374025108517, 57.09765290633531, 64.46665500071975, 23.44459112178516], [63.05950816850926, 72.96567921527529, 41.67922237978259, 33.40149466439995, 62.41564149377673, 27.105871039018393, 0.0, 36.61859352739063, 33.15521581706072, 86.09516742411434, 74.86264691876333, 41.70167096383872, 27.94505785442437, 58.26362762565444, 63.03299779454524, 77.68655531627383, 29.94687416712254, 22.461808367804633, 71.15250462287807, 54.27970550352016, 22.924151603831735, 28.521175375396183, 49.06247424853841, 42.929022181153286, 63.15558107173007, 8.825749610144365, 60.73403894467253, 49.82769339059148, 28.143918230620063, 59.51943430405297, 36.29927803309861, 49.37060044701511, 76.65313340066665, 36.00804036848777, 45.33320881005925, 43.48997736026561, 10.642963364204459, 44.76923391370733, 41.38115881547224, 61.781949682732794, 50.83672886992685, 64.59488589254495, 68.82681275439633, 61.42090496261816, 68.19106916638043, 61.235175620132566, 44.29243207988117, 81.93236215376875, 17.20646504602674, 32.77167088479639, 45.411885199837414, 84.99636048143442, 17.209896392934986, 10.538884241118044, 18.368866272904935, 57.03560282475399, 45.462334833353594, 26.841853466363876, 54.83648999823031, 66.87848657661537, 24.941336716019254, 31.987444563162715, 18.063254253449344, 26.049270348756497, 49.203255650875604, 12.01169014958612, 53.01134729123267, 39.49468158091392, 70.9833682171072, 54.14941322797258, 63.69032840108087, 31.58157036454957, 78.298716356097, 10.819295131595885, 51.881495178416166, 79.28370431896364, 45.978025353596074, 60.517369461551475, 39.26981702965274, 19.845892250184942, 39.63644678565917, 42.56707430084518, 51.14194923392151, 4.749006748152868, 47.13055466692503, 66.39624776645927, 66.13521168497537, 63.12931475254706, 42.761002014464474, 29.29960943304518, 20.254273550464145, 64.45928186464788, 64.75700520143377, 57.500789074933856, 34.36921091752075, 38.83378372408106, 5.661752289201118], [30.62992084120288, 68.83893494212727, 5.136883961275511, 49.9084096024975, 66.18249688800455, 26.262751083550302, 36.61859352739063, 0.0, 25.363857895030616, 73.94737992406708, 71.05040803693068, 17.845640567112095, 31.18708946759972, 50.67027740367281, 91.27534649808216, 62.189700752522675, 66.56003276207502, 18.651068240355656, 34.95476836883831, 85.90279177615318, 56.23692296672035, 39.70524794473231, 37.19116689398726, 20.821063092734065, 26.684631123865817, 44.41863065684252, 65.31221731795577, 33.43113131864022, 42.59445054277988, 58.17654702741475, 3.2671845613810837, 81.48419564742184, 58.357203549615456, 16.880101391122633, 28.461270184136133, 34.996948458461524, 47.212486452314394, 73.99998249757563, 42.45773563744822, 43.9247664668948, 32.03305595697947, 28.44569197824182, 94.43314055293911, 64.92944581912613, 68.19846512395857, 45.21568328791625, 51.763628822805366, 78.77117082271931, 41.41200045653902, 59.292894735105136, 35.663717090716645, 70.52592373164823, 52.03873552201228, 26.082163593776723, 18.36894625076782, 79.8670970670977, 49.87739150793309, 61.55787058246048, 20.505280743500844, 49.16938232829312, 24.29427540587622, 17.310314659728864, 42.8160005229534, 58.993060844533716, 12.677827441436014, 25.202868525204615, 75.56098604436242, 6.752313911844349, 48.01089011130901, 84.63736673357906, 81.29454531200633, 28.66079987679443, 73.42046078713943, 47.42790002557482, 34.823365510097446, 79.43155944565198, 9.853473314479357, 50.4396123181681, 3.3337383867702752, 19.033975224195746, 8.589571370654017, 70.53672033870703, 52.358647409769404, 31.878224001124554, 42.77099350959467, 78.53173879678621, 88.0745521765597, 26.513255687536883, 71.47279473438587, 7.728660966709287, 23.71076538486505, 29.781643112571384, 89.02530460927561, 73.66933388639077, 50.4177016669963, 61.67334278522925, 37.12156963461101], [55.08910818540037, 90.378790544158, 27.38250627330731, 27.35506525009963, 84.59074841231936, 42.082945350613585, 33.15521581706072, 25.363857895030616, 0.0, 97.91932716970983, 92.54850886977175, 42.21995199606141, 8.881428298317791, 72.6597994235213, 96.02980069529882, 86.66793059749206, 58.57284889302871, 31.85825328670249, 55.00769365579351, 87.40015225681555, 56.06313037266184, 52.42103709073938, 59.744420452027235, 13.104710509731884, 46.45701941869616, 36.686459268011205, 83.33453507599266, 57.09594857181567, 54.018070013178054, 78.29576105432906, 28.054200605209935, 82.46247099895082, 83.25747987427128, 9.691987616540729, 51.86316639899906, 56.138168195495126, 40.98765534468765, 77.77413326085521, 60.455449297096195, 68.43756200743783, 56.246932572484816, 49.23700307536186, 101.36691892656512, 83.39492375320987, 88.21226563033555, 69.37170157651411, 67.6916837775788, 100.24881040897024, 47.04810258152739, 64.88160961544988, 57.344833151796, 94.94069119504316, 41.33072359221465, 26.492315309155813, 21.73257575202339, 88.58942069905352, 67.07015268045821, 49.05793747251209, 31.04860645631874, 73.79742209693319, 8.228958472687056, 8.057503143432696, 27.157103765609268, 44.82377975323734, 32.06420697254267, 28.496035278841045, 84.37479624681968, 21.5418995062739, 73.3085374315479, 87.30184935052046, 93.33039661682356, 46.3000047657381, 95.34014391952931, 41.50901349119743, 58.75743930311104, 99.7314507034518, 33.42667322962375, 73.20887837680306, 28.468931597024977, 16.79992533568021, 33.7606300111964, 75.31694154840947, 71.12198878768092, 30.017851263149453, 63.0674182039885, 93.47764351328618, 97.55082153552107, 44.81515408085429, 75.66081986648437, 24.962495775567643, 13.142232412746633, 52.804257107720964, 96.89725652048173, 86.30397185269527, 27.584702330258835, 40.19199271404357, 37.24509345518499], [55.50950518621718, 19.332831563568114, 74.49612808405578, 116.09779247638116, 35.325503145320155, 59.97623953348729, 86.09516742411434, 73.94737992406708, 97.91932716970983, 0.0, 19.22739287924102, 56.13189169537557, 100.91660355048631, 27.851923682565268, 89.83041328563698, 12.70253319106553, 105.39408199602602, 68.67589045984342, 70.86155628918188, 95.56366419935036, 85.93091346831379, 59.073714445347754, 38.64825498482313, 94.569602379414, 72.13915592383331, 94.00381250535042, 37.03491115960327, 40.830423412317735, 61.05216470975404, 30.074093212471578, 70.78979976788605, 94.4375672837792, 18.64262285779722, 90.65616027966693, 46.0561638233804, 43.38473759134029, 92.97908758076166, 83.8195939244048, 45.30844309981652, 30.211261847166316, 41.92435858708048, 69.42105619752729, 85.26318429465057, 35.20844705561627, 27.68049826158636, 28.73180489802527, 47.13992573727605, 20.110049116306424, 72.66280793727691, 74.52867212417037, 41.714361361276936, 5.8313105483661865, 101.75545664318506, 80.93170093162644, 79.52720592502487, 72.61273992721, 43.93868923020087, 110.13888401651063, 85.39223726756508, 25.339853734101204, 93.6543753969036, 90.160117328311, 102.83898914903988, 111.09879683194427, 75.38887343786051, 77.85049348528672, 70.67749922816174, 80.02684735720442, 31.316282804422084, 91.84767291226518, 62.55484210786669, 55.20517743163678, 16.44868153125319, 92.61007741713584, 39.232425730483726, 27.124058933857896, 70.04442883225087, 25.74144638790305, 71.61750387256906, 84.17233377003473, 65.45221048445947, 79.88171454930495, 37.80867204139024, 83.4883763511505, 38.9899848266389, 51.090366008040405, 73.98760848494054, 75.25773781210857, 81.73497564450172, 72.96381722853413, 90.25663946742799, 62.22301283342727, 79.46934751855127, 58.04401028060217, 116.9148802146118, 124.36334275695917, 81.35433810209642], [60.57905425248153, 2.212379476166057, 72.90342475529602, 106.93905870923001, 16.781411824479616, 51.3083090202946, 74.86264691876333, 71.05040803693068, 92.54850886977175, 19.22739287924102, 0.0, 53.737372735932716, 93.91842807684644, 20.39389353038117, 70.7824513349245, 23.802763078529956, 90.33431669243872, 61.18701974052513, 77.09723533862318, 77.10983313225894, 70.71110618275702, 46.46410963157875, 33.906279605219716, 91.78026249401884, 76.22104112034857, 81.92940829375209, 18.648126731693747, 38.429860096344534, 47.59243491289031, 15.343974748657491, 67.78336132697648, 76.32735592409944, 29.625070811787683, 86.73144127514554, 42.85164679360783, 36.505036888774605, 80.17873364909757, 65.8494978456073, 33.72070543680996, 32.50982795403001, 40.71049694464372, 74.09606851168613, 66.04442813266616, 16.950641648907162, 8.864139143456987, 29.76709699809692, 31.92547810109092, 7.736009908327054, 59.52455707108468, 58.01856015186237, 35.519701887412275, 23.14765053264426, 89.06744672112981, 71.71193148771793, 72.11766623138148, 53.629310260214396, 29.7101983327163, 96.67048927627123, 86.26702974978217, 30.080527266346262, 86.98676422891299, 85.38757819824744, 92.55013345675242, 98.33692455279085, 75.68114272650776, 68.649436018675, 51.92688879056844, 77.6713510534912, 39.59638969041747, 73.30160073637555, 43.334749025142216, 46.6861578383287, 3.703597329662847, 79.72231541049061, 37.63730888113159, 10.552287619092938, 69.7023127609256, 21.318762677347937, 69.43328248306572, 77.10295435808636, 63.236994320484904, 62.08337218990724, 23.763235841464894, 73.1012546393786, 29.56228174549233, 31.873158901811, 54.76274124082838, 79.06663459422028, 63.932963469189836, 68.09914911973581, 82.91503388909202, 67.37668931513875, 60.277609706749345, 39.04782166238022, 107.83111118282375, 113.69487299933839, 69.60424836128544], [22.199770553087575, 51.527015445447866, 19.16727927687837, 63.87319431774583, 50.68158448225139, 18.84988934882841, 41.70167096383872, 17.845640567112095, 42.21995199606141, 56.13189169537557, 53.737372735932716, 0.0, 46.47999628245082, 33.36849083335232, 84.37602128729503, 44.528336477604135, 70.1488177267374, 19.24512541474684, 34.610582094056106, 81.57156307403199, 55.498833413400554, 31.321638122060644, 19.877917458748584, 38.612846578033164, 29.01659861366763, 50.49154326356084, 50.0959671879658, 15.635327620950902, 34.81900846124627, 41.797600429052466, 14.660648660992425, 77.76533169711418, 41.0536284244617, 34.537115200087236, 10.885727947023597, 18.985175508438097, 51.878967325067144, 68.74002379691457, 28.64972945118886, 26.25950842695159, 14.20777131479518, 28.71249181597578, 85.87298342070616, 49.42847644825718, 51.66345199615855, 27.40581210434116, 38.86587702341441, 61.41075235644108, 38.77592158400603, 53.93492736706213, 19.098385352362985, 52.84072060386577, 58.83228801881451, 32.38259242453878, 27.356573283024506, 70.65963154516247, 36.08326845570923, 68.51819428280037, 33.31614930911055, 31.59152685570805, 39.16264150743171, 34.27920169515211, 53.6158892162543, 67.22059148150174, 22.6988187855217, 29.963737331989872, 66.51411974335943, 24.17038416618022, 31.80640998734016, 79.5400881466053, 69.6547019475784, 18.031974507994512, 55.92539489152072, 51.86386555475945, 16.97857058440193, 62.59026623164062, 16.51013051090545, 32.796273631790115, 15.792403854352346, 30.85975413761181, 9.550021013571666, 64.78699109289056, 37.14899410153092, 37.34301810345998, 26.905383855865672, 64.97027312259686, 77.97124786202602, 30.76716876093928, 66.08914507471019, 17.754896554541133, 36.83019207917027, 25.52043465088103, 80.01451303412948, 61.930706314518254, 64.53684078920764, 74.38582343019631, 39.68102303249175], [61.7008675891106, 91.79964464182184, 34.15960783106961, 19.14942862290718, 84.5282592947683, 42.65292859755691, 27.94505785442437, 31.18708946759972, 8.881428298317791, 100.91660355048631, 93.91842807684644, 46.47999628245082, 0.0, 74.61434273303965, 90.84768651149744, 90.22730450384049, 50.810357826238075, 32.765351217780584, 63.01798319710781, 81.42408646142188, 50.35577824349237, 51.13018919115562, 62.3134488267961, 21.984865934287082, 54.41569652863425, 29.76978911995197, 83.1220061679621, 60.4164096503007, 52.17616285220317, 79.15735032719533, 33.36870977351447, 76.42263140205128, 87.3296827866047, 17.80279818652223, 55.161133420346296, 58.082179177415696, 34.24356168423724, 72.60794709456836, 60.83255545417236, 72.22391381526612, 59.98349055541001, 57.037113832722575, 96.7718229087779, 83.37997747489528, 88.85261109422733, 72.82663509498516, 66.97682531300632, 101.51998701216007, 43.6419998805768, 60.6085701260281, 59.51611420617135, 98.3716661606829, 33.4114253446744, 23.878457891212268, 21.802604110997375, 84.7562495608173, 66.88919505753408, 40.619883662051265, 39.68991236177368, 77.63489332346255, 7.335290096713216, 14.840853920243633, 18.696924073487747, 36.2007447751258, 39.70522182188642, 26.533946802421696, 80.64963772718545, 28.71944396009381, 78.18150308317632, 81.64733656568937, 90.55892945413216, 47.23256020201654, 96.9230290257669, 34.82326384186246, 62.22812915076834, 100.3658028790021, 40.19419627885201, 75.61710698599298, 34.4838773560757, 16.86985838373745, 38.994139166037634, 70.50542762187072, 71.50558456243783, 25.826903573094228, 64.379611222486, 91.80260594151818, 93.82605306123341, 52.98439978461249, 70.66296400272252, 28.725489367804403, 11.025660474998721, 60.04958506833927, 92.65721191734428, 83.87318910355577, 19.52482393127354, 31.72220493996983, 32.81705485565], [42.672394419733884, 18.181524116410753, 52.527425254556576, 88.82576272551336, 21.084369051400444, 32.5760778342381, 58.26362762565444, 50.67027740367281, 72.6597994235213, 27.851923682565268, 20.39389353038117, 33.36849083335232, 74.61434273303965, 0.0, 70.84338179541425, 21.34101317759784, 78.3655292748495, 41.900126360855346, 59.26805456680639, 73.59935139303784, 59.20867996316932, 31.46648035869697, 13.513667118812219, 71.4261965507572, 57.280252761746674, 66.154775607062, 21.464991527767083, 18.292596291934935, 33.73998909716485, 10.772454470359218, 47.40311438651509, 71.52526918818572, 23.24834236162643, 66.50038679788163, 22.48714917372426, 16.564102188524664, 65.19697344550954, 60.88089993774621, 17.688986968134742, 16.038185859396226, 20.834218704212375, 55.48891542309568, 68.70190678949548, 20.024978660931755, 19.193515734564006, 13.085526124694976, 22.136588162503323, 28.103446453969397, 45.05699966861599, 49.352800805048645, 15.328261055285324, 27.34812620656324, 73.94199556818701, 53.50305514186324, 52.881221871362186, 53.991251767774436, 18.23587930555553, 82.44154893631911, 66.15191559069949, 16.88413463969853, 67.51503654803376, 65.31674921337398, 75.19122425620365, 83.28162845147772, 55.5226490971002, 50.41047868955251, 50.9077675986358, 57.27986003235206, 26.73545734806946, 70.30273320281219, 47.51363976780647, 27.801224973095316, 22.809360482381436, 64.84299490649728, 17.795785745158497, 29.423145150137927, 49.47544461550837, 3.977166719435179, 49.040975987922565, 57.74485553072512, 42.85052645196924, 56.69153575731161, 13.138620735304436, 55.76435105406434, 11.139176175912233, 38.75210193322852, 58.31731624468203, 59.95025711964601, 58.484587332795826, 47.96459240268288, 63.71211327966514, 49.23131538993669, 62.516882256698544, 40.74652236831049, 89.67292633659235, 96.67414274561014, 53.503058105220184], [104.71664239767661, 70.49811591403012, 96.08990147432138, 90.75772259585297, 54.61257662099, 66.44819562749949, 63.03299779454524, 91.27534649808216, 96.02980069529882, 89.83041328563698, 70.7824513349245, 84.37602128729503, 90.84768651149744, 70.84338179541425, 0.0, 90.11252590846405, 49.76716428757783, 72.63366363052135, 118.94175322627335, 13.632325671259538, 40.62323950582245, 53.11863837177368, 74.27178541167144, 104.37831528296344, 113.16096800998258, 62.13666653871544, 53.03087934857251, 79.43961052110762, 49.70649996386767, 62.204246877820644, 89.22509623172752, 17.65222418500747, 93.62722666314176, 97.30794946537704, 78.8971046838788, 70.0101092622667, 57.665706637924984, 18.26559641585557, 59.12750998466967, 85.3943805820738, 82.31554189088466, 113.07855341964878, 9.474702434180776, 54.88981264420707, 62.15053278443874, 82.8363731365078, 49.88721089024075, 72.99950375680571, 50.42708880938588, 32.09542542110452, 71.46114918816562, 92.81067310341301, 62.693114669451354, 70.24312739884202, 77.20239374784727, 17.263625316242603, 53.90794563041844, 63.014605615769206, 111.7653978074281, 87.56797643923156, 87.80404138177606, 93.60289229050139, 76.30573110119191, 67.87653816714618, 103.02969114065199, 69.12671965516637, 19.936396007554094, 96.68758115335876, 96.89866411393673, 10.772279797071338, 28.253295343836868, 66.34922824989233, 74.05059051099948, 57.01158810079116, 80.74354073950957, 66.13350829088276, 97.65015309416944, 74.82046441556592, 92.44782829911364, 80.83492248306065, 89.12545172388876, 20.965709553884807, 57.79010213171285, 66.03703202709414, 65.22819075745453, 39.996928946035965, 18.096282251174873, 114.51547248182004, 20.404091577249567, 83.82725864011273, 82.92516405333569, 109.46450316432127, 11.856335044538282, 31.78918584723669, 91.7136411961893, 88.86865864291757, 58.81643813972948], [42.81433533219223, 22.68354671588899, 62.40991879679517, 106.21081713990878, 36.21215583470235, 50.8239724966008, 77.68655531627383, 62.189700752522675, 86.66793059749206, 12.70253319106553, 23.802763078529956, 44.528336477604135, 90.22730450384049, 21.34101317759784, 90.11252590846405, 0.0, 99.47094686230906, 58.682393455860684, 58.29257729944255, 94.0966847758075, 80.46289122224691, 52.3477340061089, 28.816495240278478, 82.60808083602086, 59.4377981395799, 85.98666025063008, 37.5003314577646, 29.813710186222618, 54.857497264082276, 27.940400491651936, 59.10267657742279, 92.3259637663356, 6.388101536321584, 79.01947712177264, 35.066329640464105, 34.211560721184924, 85.46295622355667, 81.64091409888155, 38.74297880110373, 18.27525649506839, 30.421371633836674, 56.73114341577152, 86.78513419011163, 35.66378949618556, 29.956479987568766, 17.401079435077648, 43.18574706007176, 28.202818152382214, 65.82341602528663, 70.62047411724224, 32.32735113636944, 8.344196397029988, 94.0342294511202, 71.50657166516804, 69.27622448976564, 72.90997845861335, 39.424264555762115, 102.86768667097331, 72.8349190362591, 13.054712829990244, 82.90841735887945, 78.78313894154871, 93.6513474271424, 103.31629717809099, 62.94736757618048, 68.47621669247691, 70.32336857108798, 68.06790500434164, 18.739668987880652, 90.63107917054928, 64.44889895112743, 46.17348708635008, 22.787339801527107, 85.16075717344167, 28.009698597587025, 33.95567605208564, 57.74351735080022, 17.94885378274438, 59.70065331792904, 73.70455848060621, 53.623592122805725, 77.50778509505191, 33.824406568898084, 74.63767548301794, 31.683656728870858, 53.844399183129134, 75.80281149903922, 62.555258213611815, 79.32914799857483, 61.83020702453513, 79.82061526914372, 49.542190068867534, 80.72551210146433, 58.74031997961572, 106.98599242937976, 115.18023183726163, 73.35792976709854], [92.1102559019411, 88.88290467323658, 71.60580510809149, 43.96683485569913, 74.74670657993106, 52.86240558798251, 29.94687416712254, 66.56003276207502, 58.57284889302871, 105.39408199602602, 90.33431669243872, 70.1488177267374, 50.810357826238075, 78.3655292748495, 49.76716428757783, 99.47094686230906, 0.0, 51.380741601379796, 101.03142960604501, 36.982338974197006, 19.623830680544817, 47.16848419667346, 72.76074148166317, 70.40022142401348, 93.09165343246792, 22.685768457301698, 72.81456613342458, 75.1222706758882, 44.63439570371323, 75.83415174256017, 66.21304364154956, 32.27217222116622, 99.87380681468841, 63.966149990985386, 71.48271959804347, 66.94285797039095, 19.361257140752453, 34.80582741726551, 60.74257632222189, 86.13862197452268, 76.8142809670765, 94.47600720878441, 58.30933863995546, 74.13339644600394, 82.11770106746833, 84.88863493102872, 58.60925352291265, 96.13117869227194, 33.99342380341454, 33.402091950113686, 68.95697535137904, 105.66024080673202, 17.421651643513442, 40.485540721515214, 48.25146783781179, 52.63162609499803, 61.505912770088024, 13.599250087739254, 84.24430822048858, 90.66451171364814, 51.14558321808719, 59.87096087295299, 32.55475576420019, 18.85293489298144, 79.11454694914997, 41.722595128253076, 50.077066127684134, 69.14556361878181, 96.61433357699809, 39.02564073909807, 63.69855291319872, 56.31150918428254, 94.02696511785845, 19.13214612768073, 77.11938639104869, 91.53452682833806, 75.90275893932764, 81.52935089070368, 69.2102121881878, 49.01719329176619, 69.28911610599143, 35.66365707398897, 67.67593296555836, 34.693963300872376, 67.80469145199247, 71.17183446052518, 60.77209530925984, 93.07287560493253, 34.522837341342715, 59.22787447103232, 47.5440212189488, 94.02802710400313, 56.75820945641577, 60.43573124330068, 44.82206347532841, 39.60014761160469, 30.55264477427532], [40.78381806159502, 59.057031709186425, 23.559616485182186, 47.54134806517071, 52.74691290402879, 10.226406261255216, 22.461808367804633, 18.651068240355656, 31.85825328670249, 68.67589045984342, 61.18701974052513, 19.24512541474684, 32.765351217780584, 41.900126360855346, 72.63366363052135, 58.682393455860684, 51.380741601379796, 0.0, 50.335696549016866, 67.4043297792858, 38.50963298457362, 22.040838131748487, 30.07343865891154, 34.61604607803201, 42.96821535166636, 31.246418258675387, 51.52057182285212, 29.23650108115471, 24.530634209005168, 46.59494476037609, 16.83512416753569, 63.076853140590714, 56.619730612710434, 28.10428430955278, 24.2292637852646, 25.44064591226428, 32.741842570791405, 55.372933541689235, 28.59801858669776, 41.40055510430606, 29.614811812115686, 43.854309739130194, 75.96190921128154, 51.54612239614952, 56.43731750043841, 41.446249229335244, 36.197810035100886, 68.81860853735623, 22.910500334396566, 40.64275825495497, 26.99199446237544, 66.5797743620276, 39.590892499497, 13.457162436144968, 10.983655842765282, 61.608787456928795, 35.29026954213078, 49.27335791004444, 39.1317663752958, 46.74387091939225, 25.804627829122836, 25.611389752445923, 35.449195969484286, 48.06522076642247, 30.78299479097448, 10.7996159879925, 57.29189964789775, 24.23939751353359, 49.48114378821967, 66.04199342684186, 63.98544466343788, 14.549185451775784, 64.16255624828662, 32.76234163830266, 31.226881445947928, 67.96581740539818, 26.06371757500458, 43.10142011143739, 20.100248860256418, 15.918033662715802, 18.330790689594654, 51.886933989458264, 39.27175962366289, 18.11650024675138, 31.62980933452397, 62.58300654761374, 70.02933373669838, 43.5794554473759, 52.83513225113684, 11.26584577128665, 21.816796474232675, 42.73770842203544, 70.6657687225371, 56.53298106779826, 48.329110240865475, 56.79513152117032, 20.83647946336013], [16.621830585351944, 75.1027402618024, 30.292344232088954, 82.14237382016711, 79.8775885603025, 53.17340411490223, 71.15250462287807, 34.95476836883831, 55.00769365579351, 70.86155628918188, 77.09723533862318, 34.610582094056106, 63.01798319710781, 59.26805456680639, 118.94175322627335, 58.29257729944255, 101.03142960604501, 50.335696549016866, 0.0, 116.05941425451432, 88.73115176661457, 65.93145539782213, 48.41875727949341, 43.642689680278124, 8.612285996305658, 79.2449491813345, 79.84119674336667, 42.58630490611723, 69.42861076991186, 69.7677794001497, 34.86365752815183, 112.134762524982, 52.22468613907951, 45.37258342675805, 41.14855478493785, 50.66441376911117, 81.79542279100028, 103.30405671347773, 61.57199374704868, 44.6085622334507, 39.56220393009663, 6.557624661520886, 120.12566343309257, 78.70675108548359, 78.3247935457288, 47.43461019077054, 71.87372349172415, 83.84297367751495, 72.46268407979372, 88.4592667893565, 49.82076741614976, 65.5949117329253, 86.97526568730567, 60.661233907088025, 53.21164242847208, 104.82297317515416, 68.51369874210242, 96.5119926054847, 25.565219331754392, 47.41491342466126, 57.271500304236035, 48.21407674464321, 77.32729951293918, 93.8925923593423, 23.502791197436036, 59.31276082165668, 100.76141202702738, 34.656625128090425, 39.55979234393824, 114.11134799323143, 102.63447645602233, 52.63344816277483, 77.93586036583213, 81.95650146971664, 42.21686071437868, 87.41016582228403, 25.236403965448794, 56.70630855621248, 32.0040824084585, 53.87945411924974, 32.0096178577016, 99.37893947774458, 67.84019098457904, 66.40978552235916, 57.63803209091698, 96.34615609395432, 111.71321835226897, 10.382768039639311, 100.65772120315872, 41.87556502450696, 57.948178811902395, 10.118683539384106, 114.16751813177379, 95.00114707165905, 82.45946091661637, 94.68872804866876, 70.84651119023572], [102.98342660219494, 76.46817458541567, 90.91827766183934, 79.37955760542533, 60.38614574815978, 62.887672634088915, 54.27970550352016, 85.90279177615318, 87.40015225681555, 95.56366419935036, 77.10983313225894, 81.57156307403199, 81.42408646142188, 73.59935139303784, 13.632325671259538, 94.0966847758075, 36.982338974197006, 67.4043297792858, 116.05941425451432, 0.0, 31.35722457761962, 50.557215257896694, 74.56412227597058, 96.84700332442162, 109.57947980638208, 51.914431028999175, 58.59558239230033, 79.17259651543606, 46.997217776465455, 66.36195725376936, 84.23892965568521, 5.03713569814293, 96.82945215186562, 89.80746404320011, 77.73770432787194, 69.63210179877719, 47.38447807892364, 13.126000621524826, 59.40492220326723, 86.78954336674076, 81.8363238302324, 109.89525986657968, 23.012915379093222, 60.39387336825254, 68.25875359067064, 84.51033304135093, 51.585428693