instance_id,num_cities,city_coordinates,distance_matrix,best_route,total_distance
2206,52,"[[82.77582813922476, 41.30963877955438], [85.29192644084802, 79.03363693111449], [58.016381080709024, 63.105099228147395], [6.634070154406557, 20.652713065414996], [74.64439811463723, 13.99858274891952], [46.484358058127114, 52.785136973763905], [19.184742122957722, 66.35872116836552], [46.836415799196104, 47.25225748328087], [52.383941262981935, 95.01568722576093], [56.78035181424905, 88.16614822999409], [43.153929245348664, 33.93504751297779], [27.706087356297516, 66.27010647602661], [17.226266321996807, 55.9689200532652], [80.62283650818696, 73.91463537712735], [74.89607275002754, 14.366182781056313], [93.08877971006834, 31.17557512567246], [17.39777552029109, 52.17825876109162], [37.375863182442245, 44.05880719095493], [66.0762505474461, 0.2102228327915845], [2.734873016836714, 25.19000580156826], [7.594338827376845, 2.747449058926199], [16.492166197671352, 99.7077558756105], [67.04602821434565, 34.50661247474424], [7.789526528627211, 61.073591140385886], [88.46611783460051, 15.165410598546591], [91.56337275732561, 95.3452905366133], [28.915135079543052, 95.35505172916794], [15.4765755536177, 27.989584945533043], [58.16264916021997, 95.99563081098901], [83.24710178796848, 84.0250470230193], [67.73490706129267, 96.77376299389461], [27.96782906564087, 78.48401109904593], [4.575720848681486, 0.14534117682005743], [67.38894110480824, 78.66285665705536], [3.863429182389122, 31.938080208170806], [17.82112677723513, 33.72861692777926], [61.918551471377434, 20.932355855464735], [51.49733196815778, 51.258541943841685], [83.79431665503229, 14.073181167540982], [90.82532147303625, 18.548572380476237], [63.92119083947549, 40.66524047442266], [76.30581819504344, 18.201421637257432], [89.75728399801727, 3.5650364668696644], [48.15072475050929, 50.23631481569942], [57.3485466602461, 51.0412756099179], [88.2866090651992, 92.20826702702392], [3.469172643817797, 16.18687648258884], [17.579702484322013, 6.321681593684724], [48.498820180439154, 12.247590573986688], [87.15128444710405, 54.60724523584075], [37.5229215097728, 15.17936850434749], [77.4151575203788, 68.1907043248107]]","[[0.0, 37.807813837913734, 32.98594116907422, 78.89408018969547, 28.495858221033465, 38.06255193037523, 68.3467830204884, 36.4274083130338, 61.70904656210972, 53.584487188378674, 40.302350654839074, 60.46239573094531, 67.16873961816134, 32.676003061743394, 28.07205667806661, 14.45877644351332, 66.27530961487189, 45.48312593733332, 44.362572996940294, 81.64800710518973, 84.49437147643164, 88.3394810984693, 17.137904556294664, 77.5471420631136, 26.75630886347931, 54.74552585577435, 76.30125108911061, 68.60476100623458, 59.96971155437264, 42.718007915373, 57.46736797293176, 66.2257557133035, 88.37282488060997, 40.39825712099414, 79.46692909116135, 65.39560475553651, 29.159212084134303, 32.82262934159628, 27.255493796807915, 24.142503734168088, 18.8656459439043, 23.99688996877203, 38.38483723621859, 35.75728358996977, 27.22593246905051, 51.19608445856175, 83.19073741286945, 73.99116128599493, 44.939024472159964, 13.998962653297905, 52.25530196132502, 27.410371656220285], [37.807813837913734, 0.0, 31.585972963450782, 97.95606477901752, 65.90089629085857, 46.85094570860435, 67.31131634452193, 49.888699906064744, 36.58362229314181, 29.938481095611472, 61.72109505795877, 58.98335843905211, 71.86734482412939, 6.92853359008957, 65.49773584033896, 48.489019382487626, 73.01251307740546, 59.32274297043835, 81.13182365851243, 98.56370368076523, 108.88754557351285, 71.83889060703653, 48.1203564931732, 79.556176610989, 63.94705486472611, 17.475728375270744, 58.69183235516019, 86.48513434465968, 31.99542033088645, 5.394022855586833, 24.9591867298879, 57.32673223233213, 112.8648264616303, 17.906824451981613, 94.06695290491157, 81.27025067483176, 62.62646022325651, 43.74391977321662, 64.97771655022791, 60.737644787043905, 43.91858589255411, 61.49234553148459, 75.60058911242147, 46.99738954475444, 39.55255700835756, 13.51069954460662, 103.173050443436, 99.35780654850988, 76.25030266370202, 24.497057444647634, 79.74487712964827, 13.401965383156147], [32.98594116907422, 31.585972963450782, 0.0, 66.65093372967084, 51.84535573419557, 15.475437826609598, 38.96770765486491, 19.398562191142336, 32.40385786683053, 25.091511421604455, 32.73811832747991, 30.475091083362287, 41.40964278093853, 25.057890947776336, 51.579123366802065, 47.42960736741569, 42.06265517374411, 28.085444975550814, 63.40920258612251, 67.03431541652532, 78.64749378681373, 55.35354455953803, 29.990131242503228, 50.267921613158244, 56.79260703898322, 46.5277399639985, 43.438945143021826, 55.160986191467266, 32.89085681694817, 32.77550126463204, 35.043239961599134, 33.75539080702696, 82.58229410664666, 18.162838369100893, 62.481399423295024, 49.785903435257445, 42.35288912619726, 13.521794290041239, 55.3952249853359, 55.332726793413336, 23.203750541115983, 48.485500627979356, 67.47224608402242, 16.215325685279158, 12.082294612568704, 41.9914405345015, 71.94940982287142, 69.70998130940296, 51.740411208245895, 30.34890635004395, 52.12348367670541, 20.054323886770522], [78.89408018969547, 97.95606477901752, 66.65093372967084, 0.0, 68.33507268984967, 51.1911917446278, 47.39787488452573, 48.20543909748306, 87.30923566509752, 84.09942622889933, 38.86026912412188, 50.24914417714296, 36.87043660795724, 91.16561805249383, 68.5508676923985, 87.09275188150299, 33.31242087591003, 38.638104001001636, 62.859114031217125, 5.982538231485198, 17.93099537299453, 79.66731984521681, 61.98011943744263, 40.437389428403876, 82.01581869308163, 113.1015807577823, 77.95437932555286, 11.48997783811375, 91.27841863647006, 99.42640156074887, 97.6100738291698, 61.64080062375337, 20.610412505370018, 84.00197083237211, 11.62049753421144, 17.208413573021925, 55.28518856417629, 54.3086459222169, 77.44026007208697, 84.21754096753646, 60.68208508021075, 69.71485713034022, 84.8614009501794, 50.9786435811265, 59.12210128862569, 108.56949117192745, 5.47359777815646, 18.032895778144283, 42.70015666058042, 87.3838203122789, 31.370027713377592, 85.26325669177653], [28.495858221033465, 65.90089629085857, 51.84535573419557, 68.33507268984967, 0.0, 47.93104051260569, 76.27160374621067, 43.348480524634184, 84.01963554465017, 76.28860937002258, 37.270796300805934, 70.25323629271459, 71.12208568368602, 60.213578935084406, 0.4454996136090585, 25.204052839749934, 68.81034412683846, 47.88069328547552, 16.233669391417546, 72.77518636001257, 67.98748752333208, 103.57482529546296, 21.87040256549859, 81.76570350604537, 13.870884011045845, 83.0875355926289, 93.32759796901962, 60.79950138839903, 83.63709667061482, 70.55290362007024, 83.06305755993071, 79.60573200269572, 71.42500847641257, 65.07003900788668, 73.01897788984967, 60.15112978309715, 14.492217990384226, 43.86446432360436, 9.150222632260165, 16.808470673373495, 28.741917272778064, 4.5193109435955465, 18.364591140119188, 44.88973104919243, 40.8816287827017, 79.39058278221923, 71.20885724603926, 57.5787660403361, 26.204145074966693, 42.49100698630157, 37.14025148441672, 54.26290766795192], [38.06255193037523, 46.85094570860435, 15.475437826609598, 51.1911917446278, 47.93104051260569, 0.0, 30.487886415684727, 5.544068912743995, 42.64064324769798, 36.84865594481825, 19.142038260243467, 23.11856079058874, 29.430807103053347, 40.14836750931399, 47.78327712699616, 51.37066556682342, 29.09291296682688, 12.614020389182683, 56.10671838776212, 51.72531977464011, 63.373526078567075, 55.68899116703696, 27.511574609142063, 39.572572061575336, 56.3711980223566, 61.99584048582515, 46.05296123327546, 39.702669636079435, 44.760800492418475, 48.24345869059927, 48.85268725540961, 31.674816135799016, 67.28507987880283, 33.26646912977988, 47.446215381404, 34.41993294190039, 35.395112533906364, 5.240267150444849, 53.76475176959097, 56.02020520948374, 21.23523083461655, 45.66566380963056, 65.5375038684568, 3.045204811982471, 11.003256174366156, 57.45964995067854, 56.477773036897574, 54.72048793365161, 40.587568611045434, 40.707726299133896, 38.65877865615434, 34.55496868442609], [68.3467830204884, 67.31131634452193, 38.96770765486491, 47.39787488452573, 76.27160374621067, 30.487886415684727, 0.0, 33.610593741358294, 43.85668167056984, 43.46255564400429, 40.3214154590247, 8.521805979336841, 10.572776110099435, 61.9009796466785, 76.2035196575231, 81.85145409300026, 14.292612207821012, 28.77851714040759, 81.0829044520193, 44.33352364250876, 64.65857551736927, 33.45755641134693, 57.49138661183907, 12.56119173700988, 86.14327639227419, 77.96721988275904, 30.58541700027792, 38.54790673684171, 48.96553533017368, 66.45363041288266, 57.2904292599402, 14.972149883894128, 67.80586399786561, 49.749739191335216, 37.676559746525015, 32.658584622769794, 62.3677250424304, 35.66677550770279, 83.11543066358689, 86.12887400131856, 51.58977412177377, 74.71240077632271, 94.4644404265325, 33.15056765999803, 41.122987673518566, 73.77849982211708, 52.57559436875033, 60.05849043335488, 61.541283920324865, 68.974981421474, 54.36556780105344, 58.25922621904373], [36.4274083130338, 49.888699906064744, 19.398562191142336, 48.20543909748306, 43.348480524634184, 5.544068912743995, 33.610593741358294, 0.0, 48.0845116387406, 42.1049678720392, 13.816974654836963, 26.974952208373878, 30.866505445564318, 43.03957038911053, 43.2300619652417, 48.96673241059887, 29.847931755144472, 9.984997775859789, 50.82444554737221, 49.31215899807578, 59.33480073237541, 60.59994055663199, 23.893093157944236, 41.42087427576936, 52.56042079893326, 65.67678819037435, 51.332748970757, 36.80339839640768, 50.04198242988281, 51.74916525613607, 53.750594834566, 36.48898462875543, 63.28528977261901, 37.53707549734462, 45.6201885614447, 32.01212037498199, 30.334930989405645, 6.146092637848818, 49.66626159512621, 52.525473447299596, 18.310607069454058, 41.38111575248997, 61.24356461765872, 3.2606757248556457, 11.174146661102304, 61.14868204537302, 53.34581216567861, 50.31170158762989, 35.04411924642152, 40.980293787848524, 33.39777512550958, 37.060464128048494], [61.70904656210972, 36.58362229314181, 32.40385786683053, 87.30923566509752, 84.01963554465017, 42.64064324769798, 43.85668167056984, 48.0845116387406, 0.0, 8.139079197908286, 61.774085744497064, 37.8854178554118, 52.54247932748381, 35.25180270267587, 83.73254224772147, 75.71290369517779, 55.30892397109796, 53.12105072900183, 95.78911948811306, 85.67762697497655, 102.56479055090641, 36.1971687505218, 62.260139101944475, 56.042195818583565, 87.62414132867787, 39.180817890423036, 23.471259700791343, 76.51569793502719, 5.861207588187857, 32.761697905591035, 15.451310020428847, 29.48631632455546, 106.23562725671707, 22.193807421485815, 79.58030283699911, 70.361162091639, 74.69436912342958, 43.76612661939203, 86.82338952871223, 85.58597645184587, 55.56149016954421, 80.45301482140896, 98.79265292224477, 44.979020837279776, 44.253770276781324, 36.01226407057247, 92.77195692799204, 95.27833789495249, 82.85922995770272, 53.30675694633154, 81.2076824881266, 36.689800966492605], [53.584487188378674, 29.938481095611472, 25.091511421604455, 84.09942622889933, 76.28860937002258, 36.84865594481825, 43.46255564400429, 42.1049678720392, 8.139079197908286, 0.0, 55.91682820945233, 36.39710837775978, 51.001835078678724, 27.777143391214466, 75.9908826457978, 67.57386594701339, 53.34899721621168, 48.18704922067783, 88.4457943925889, 82.98739840244977, 98.56783472118153, 41.90878914167253, 54.63268151409409, 55.98310112721521, 79.5807480678078, 35.516174205355966, 28.777606522999324, 72.98781201075313, 7.950568749390268, 26.788758339605536, 13.931737601040622, 30.395809687546556, 102.33760779177511, 14.242707518448011, 77.21266951927667, 66.94225892337599, 67.42984452583171, 37.28379943712592, 78.86394654426594, 77.49623749725605, 48.03465227924007, 72.63819108832436, 90.80102514734907, 38.89913528724481, 37.1292204663645, 31.76449228828238, 89.57174434959182, 90.74804475507925, 76.36891489847368, 45.261391043144165, 75.48455892864327, 28.719567645402552], [40.302350654839074, 61.72109505795877, 32.73811832747991, 38.86026912412188, 37.270796300805934, 19.142038260243467, 40.3214154590247, 13.816974654836963, 61.774085744497064, 55.91682820945233, 0.0, 35.835622740130624, 34.02550872196603, 54.79312417866344, 37.289464211327406, 50.011038569402004, 31.56254443722977, 11.656610032284116, 40.77740322269046, 41.35427258383229, 47.2985281803258, 70.9711122511577, 23.898934696966435, 44.57736566607753, 49.04583269399657, 78.19649716810378, 63.048871339723405, 28.3087342090398, 63.8496489635804, 64.15972674075414, 67.47539280122456, 47.06620651020163, 51.283744182542485, 50.87153143613012, 39.34121596511592, 25.333643529405013, 22.829389777782772, 19.22799595098644, 45.23422181858738, 50.09296611231083, 21.830589809191533, 36.69597694748066, 55.6256257955253, 17.049905600770195, 22.228589772179724, 73.70703426575615, 43.4727211184978, 37.63693733311981, 22.336374987643044, 48.611799220380355, 19.58274095199368, 48.44875423087573], [60.46239573094531, 58.98335843905211, 30.475091083362287, 50.24914417714296, 70.25323629271459, 23.11856079058874, 8.521805979336841, 26.974952208373878, 37.8854178554118, 36.39710837775978, 35.835622740130624, 0.0, 14.69493418248124, 53.46607487859715, 70.14921251442352, 74.2059471345042, 17.45970976073969, 24.224912393214527, 76.3948797385867, 48.07427812261902, 66.63040172639548, 35.26795181352862, 50.562342685878654, 20.58332254121867, 79.3944031053451, 70.16494300535952, 29.110064183634385, 40.186556055209145, 42.55830064634384, 58.30988079156333, 50.32672717289571, 12.216708839234183, 70.05353981528555, 41.572937575724424, 41.79904755439509, 34.00971901777945, 56.79792542125011, 28.131306224299692, 76.61859093932149, 79.12889820992362, 44.35248452180986, 68.3559236623094, 88.21721379369589, 25.98202596387703, 33.32555600638635, 65.89983143599095, 55.639535955609844, 60.79767525530201, 57.88583559630364, 60.57849279631066, 52.025318252631706, 49.74615917509924], [67.16873961816134, 71.86734482412939, 41.40964278093853, 36.87043660795724, 71.12208568368602, 29.430807103053347, 10.572776110099435, 30.866505445564318, 52.54247932748381, 51.001835078678724, 34.02550872196603, 14.69493418248124, 0.0, 65.88758464124813, 71.10973436869929, 79.81122032805864, 3.7945392918090377, 23.40634619139521, 74.13065003459161, 34.01973019349436, 54.086033336369596, 43.744995851944154, 54.246099598085145, 10.728920021859198, 82.09776383896906, 84.1219587600009, 41.08402391712245, 28.0339902770855, 57.25316597324601, 71.73490765427852, 64.93194896767456, 24.94615190716672, 57.23904488500058, 55.05732194670345, 27.496303025684288, 22.248257057007997, 56.78874168935372, 34.5932594945491, 78.6546773048007, 82.56575161093217, 49.138768649050554, 70.1197360671242, 89.48136979313453, 31.451309859949607, 40.42374375662301, 79.76755342785607, 42.09356978363068, 49.6484964906621, 53.754323326266565, 69.9382750581181, 45.56030868391137, 61.41721773632263], [32.676003061743394, 6.92853359008957, 25.057890947776336, 91.16561805249383, 60.213578935084406, 40.14836750931399, 61.9009796466785, 43.03957038911053, 35.25180270267587, 27.777143391214466, 54.79312417866344, 53.46607487859715, 65.88758464124813, 0.0, 59.82318973214558, 44.51996193944941, 66.85714924611501, 52.551604909078875, 75.12618446067165, 91.8728707731796, 101.97024017803257, 69.12328073467954, 41.68119471083417, 73.95663228993455, 59.27046881921448, 24.061760409070626, 55.97658296450966, 79.7066218924458, 31.496513696852166, 10.445438808784157, 26.241921439326358, 52.85289966749831, 105.94844296610356, 14.059928622533247, 87.48735792593236, 74.5585060468762, 56.186939959832365, 36.899777565305605, 59.925436404250384, 56.29823826024324, 37.208429548143975, 55.88021861392855, 70.94014517731547, 40.188318036624146, 32.63254747895357, 19.834070907095985, 96.3596492038137, 92.42967136543119, 69.53255956584631, 20.38126459665842, 72.85213962188892, 6.561447338849935], [28.07205667806661, 65.49773584033896, 51.579123366802065, 68.5508676923985, 0.4454996136090585, 47.78327712699616, 76.2035196575231, 43.2300619652417, 83.73254224772147, 75.9908826457978, 37.289464211327406, 70.14921251442352, 71.10973436869929, 59.82318973214558, 0.0, 24.769542941466575, 68.81720187743092, 47.8478638012485, 16.678742930509596, 72.96844449289586, 68.29727931844018, 103.41276709782738, 21.616200116083665, 81.76105760941519, 13.593560560117913, 82.6765673115387, 93.1313240674231, 60.961247802265554, 83.32691192350411, 70.15765855181289, 82.71814535249743, 79.45662944975938, 71.74387937282121, 64.73344805473621, 73.17382066966434, 60.26983751333129, 14.544094587869761, 43.686922926352786, 8.903066580593268, 16.46916353798245, 28.49716597329591, 4.0861276661232635, 18.371727231206222, 44.743491278598995, 40.65683344626307, 78.98541981001462, 71.45010135988099, 57.8781504523864, 26.482133149776605, 42.06582129508495, 37.38199706606803, 53.88343815584057], [14.45877644351332, 48.489019382487626, 47.42960736741569, 87.09275188150299, 25.204052839749934, 51.37066556682342, 81.85145409300026, 48.96673241059887, 75.71290369517779, 67.57386594701339, 50.011038569402004, 74.2059471345042, 79.81122032805864, 44.51996193944941, 24.769542941466575, 0.0, 78.55088054978366, 57.18309834612108, 41.09172391593884, 90.5519491499927, 90.09693542796474, 102.77986670505899, 26.254917925769206, 90.3872444260121, 16.66416427549078, 64.1878434151874, 90.75936250472218, 77.67756926842215, 73.63066082979692, 53.758025485975594, 70.32738520579946, 80.49115682533538, 93.79465340796268, 53.99558881591381, 89.22860858933115, 75.31093944747164, 32.810161070461675, 46.18629755119761, 19.4648124208933, 12.828267284321031, 30.672495642761152, 21.213119901508087, 27.810802014840533, 48.81332380692098, 40.89022272115127, 61.22132245899083, 90.86437727581871, 79.49425618988522, 48.44102693010155, 24.17223643251649, 57.82251485198021, 40.19679368026789], [66.27530961487189, 73.01251307740546, 42.06265517374411, 33.31242087591003, 68.81034412683846, 29.09291296682688, 14.292612207821012, 29.847931755144472, 55.30892397109796, 53.34899721621168, 31.56254443722977, 17.45970976073969, 3.7945392918090377, 66.85714924611501, 68.81720187743092, 78.55088054978366, 0.0, 21.56500592247522, 71.2058332527219, 30.714272051165885, 50.393574181671895, 47.53812390286637, 52.69948840399185, 13.093715546930559, 80.12902226039873, 85.81333489519517, 44.6865194686856, 24.264850097773838, 59.84761495864725, 73.1460982726152, 67.25017330501123, 28.349931887349396, 53.58945417088461, 56.57340861402553, 24.348374866680448, 18.454498369347935, 54.3912303563239, 34.111957272563224, 76.55388698862974, 80.76236939751738, 47.9267958769465, 68.0042862818955, 87.17306836956908, 30.814201801173166, 39.96694691070503, 81.41024679441955, 38.592558562601475, 45.85693804573726, 50.613567754320556, 69.79578771600396, 42.11815975714689, 62.11670109620696], [45.48312593733332, 59.32274297043835, 28.085444975550814, 38.638104001001636, 47.88069328547552, 12.614020389182683, 28.77851714040759, 9.984997775859789, 53.12105072900183, 48.18704922067783, 11.656610032284116, 24.224912393214527, 23.40634619139521, 52.551604909078875, 47.8478638012485, 57.18309834612108, 21.56500592247522, 0.0, 52.40620750556407, 39.446544405381054, 50.92708025818965, 59.438491648587096, 31.169907233047507, 34.12996029061112, 58.69448429851457, 74.60958093899583, 51.98931259167922, 27.16245022494748, 55.94214975333418, 60.8397144759836, 60.8320483835934, 35.68761367836945, 54.810964546243326, 45.80638695451038, 35.63699279118691, 22.115617711258757, 33.722044715892196, 15.850932501839237, 55.26129378509923, 59.22513547172102, 26.76136609888983, 46.73484551119986, 66.20844896320365, 12.420114422370858, 21.158046944988907, 70.07335106047003, 43.892005931536154, 42.61430073027066, 33.69975778890651, 50.880861895818356, 28.879813105440203, 46.749262564867415], [44.362572996940294, 81.13182365851243, 63.40920258612251, 62.859114031217125, 16.233669391417546, 56.10671838776212, 81.0829044520193, 50.82444554737221, 95.78911948811306, 88.4457943925889, 40.77740322269046, 76.3948797385867, 74.13065003459161, 75.12618446067165, 16.678742930509596, 41.09172391593884, 71.2058332527219, 52.40620750556407, 0.0, 68.08905686409801, 58.53692437561576, 111.1680732153455, 34.310097802190164, 84.2715361114999, 26.925151777573618, 98.48997159889973, 102.14444169184907, 57.72365259468495, 96.11175510032908, 85.55561282793157, 96.57778434958985, 87.05766891770838, 61.50056392308862, 78.4636152013365, 69.8361802780829, 58.75406124503466, 21.135119082146268, 53.08931861500127, 22.49692157571325, 30.80278519570849, 40.512377549702016, 20.696069401666193, 23.917485649759826, 53.140703365490026, 51.57488479457464, 94.64111242505054, 64.61346350008303, 48.880109474355734, 21.30409069741636, 58.33689313110156, 32.239229539024315, 68.91963925636563], [81.64800710518973, 98.56370368076523, 67.03431541652532, 5.982538231485198, 72.77518636001257, 51.72531977464011, 44.33352364250876, 49.31215899807578, 85.67762697497655, 82.98739840244977, 41.35427258383229, 48.07427812261902, 34.01973019349436, 91.8728707731796, 72.96844449289586, 90.5519491499927, 30.714272051165885, 39.446544405381054, 68.08905686409801, 0.0, 22.962638374335757, 75.77702944666584, 64.9824887392038, 36.237842359782725, 86.31534537373871, 113.19128209540379, 74.89018488222708, 13.045636317141975, 89.92038089985894, 99.71850910049197, 96.69146146144637, 58.96569402295253, 25.112227039952504, 83.90169425546318, 6.841794151817975, 17.335020406327462, 59.33662762977032, 55.29327246221087, 81.81819597667453, 88.34045362743586, 63.112981048853, 73.90212637696128, 89.66905437052489, 51.8644115355248, 60.42302127114233, 108.67634001277416, 9.03302460289196, 24.007969933597547, 47.55885797531445, 89.39521516668263, 36.19974001347772, 86.17543134221476], [84.49437147643164, 108.88754557351285, 78.64749378681373, 17.93099537299453, 67.98748752333208, 63.373526078567075, 64.65857551736927, 59.33480073237541, 102.56479055090641, 98.56783472118153, 47.2985281803258, 66.63040172639548, 54.086033336369596, 101.97024017803257, 68.29727931844018, 90.09693542796474, 50.393574181671895, 50.92708025818965, 58.53692437561576, 22.962638374335757, 0.0, 97.36771759621934, 67.40287702937653, 58.32646867713956, 81.81962117116355, 125.00063562020698, 95.03022900717303, 26.44418801790717, 106.07722380409695, 111.03777949141552, 111.61467492984747, 78.42898656839539, 3.9853506660545897, 96.63614009420229, 29.42809259313814, 32.625449487929195, 57.28709204165793, 65.42781472438428, 77.03706139729948, 84.71760130211956, 67.90046511933448, 70.42792532330543, 82.16701289619388, 62.45008254606942, 69.33811996307385, 120.47605748718236, 14.058278896005534, 10.605782647875062, 41.993205207142715, 94.9670788002419, 32.40791080082848, 95.69621927096583], [88.3394810984693, 71.83889060703653, 55.35354455953803, 79.66731984521681, 103.57482529546296, 55.68899116703696, 33.45755641134693, 60.59994055663199, 36.1971687505218, 41.90878914167253, 70.9711122511577, 35.26795181352862, 43.744995851944154, 69.12328073467954, 103.41276709782738, 102.77986670505899, 47.53812390286637, 59.438491648587096, 111.1680732153455, 75.77702944666584, 97.36771759621934, 0.0, 82.50383061156174, 39.60220476182727, 111.02998630631866, 75.19785341455054, 13.163441389940964, 71.72536138571975, 41.83549955274164, 68.57236165263568, 51.32666758563433, 24.127539878737043, 100.27300778579142, 55.07603361778063, 68.93630348859104, 65.9925216408591, 90.93470254731778, 59.77196634899622, 108.91675647767514, 110.05558158852455, 75.7332886079323, 101.09874126929999, 120.87679670477057, 58.734043026065585, 63.542663824817, 72.18507019909862, 84.53008728072733, 93.39240657014969, 93.13273545730303, 83.82581375540173, 87.1053439266718, 68.59253173751833], [17.137904556294664, 48.1203564931732, 29.990131242503228, 61.98011943744263, 21.87040256549859, 27.511574609142063, 57.49138661183907, 23.893093157944236, 62.260139101944475, 54.63268151409409, 23.898934696966435, 50.562342685878654, 54.246099598085145, 41.68119471083417, 21.616200116083665, 26.254917925769206, 52.69948840399185, 31.169907233047507, 34.310097802190164, 64.9824887392038, 67.40287702937653, 82.50383061156174, 0.0, 64.9394898921312, 28.86004728609399, 65.59302502366344, 71.80875692390886, 51.9796123065915, 62.12739974740875, 52.10134494472999, 62.27096103193124, 58.83126072477593, 71.29681807465255, 44.15757567550929, 63.23478614210238, 49.23104913125804, 14.510391466660483, 22.8558328637097, 26.420262691325227, 28.637629642361695, 6.90603413384328, 18.751078868521, 38.38205655149861, 24.585687477179025, 19.16862628061208, 61.486935302975255, 66.16365536348512, 56.93248378561137, 28.973487567626545, 28.42985693916409, 35.28677073608227, 35.24396240959505], [77.5471420631136, 79.556176610989, 50.267921613158244, 40.437389428403876, 81.76570350604537, 39.572572061575336, 12.56119173700988, 41.42087427576936, 56.042195818583565, 55.98310112721521, 44.57736566607753, 20.58332254121867, 10.728920021859198, 73.95663228993455, 81.76105760941519, 90.3872444260121, 13.093715546930559, 34.12996029061112, 84.2715361114999, 36.237842359782725, 58.32646867713956, 39.60220476182727, 64.9394898921312, 0.0, 92.82388391687324, 90.51301945828004, 40.26797582132414, 33.96530860471709, 61.29437444344025, 78.87087543036162, 69.7707024300037, 26.651202907414138, 61.01295100690681, 62.14074733409147, 29.398847556551637, 29.126974065906538, 67.38894650795689, 44.796288318011804, 89.36311688708257, 93.29158838062847, 59.72658131193079, 80.82391441660319, 100.12965157832896, 41.79082291656467, 50.56425448188745, 86.30844883014457, 45.09415273026515, 55.620312335095804, 63.57062938920356, 79.62475902172734, 54.68413342525483, 69.98844041039544], [26.75630886347931, 63.94705486472611, 56.79260703898322, 82.01581869308163, 13.870884011045845, 56.3711980223566, 86.14327639227419, 52.56042079893326, 87.62414132867787, 79.5807480678078, 49.04583269399657, 79.3944031053451, 82.09776383896906, 59.27046881921448, 13.593560560117913, 16.66416427549078, 80.12902226039873, 58.69448429851457, 26.925151777573618, 86.31534537373871, 81.81962117116355, 111.02998630631866, 28.86004728609399, 92.82388391687324, 0.0, 80.2396793048124, 99.8834225071958, 74.10757538922242, 86.32395214128637, 69.0571332811142, 84.20039359059209, 87.57447181293338, 85.22441664152696, 66.90420790093944, 86.24927462313309, 73.04318853060084, 27.166724819271536, 51.6662874488541, 4.797779839818606, 4.124515177607888, 35.39342827269829, 12.533564949805216, 11.672008826951409, 53.43500016032093, 47.49085097263629, 77.04306555464458, 85.003082793021, 71.43595330030695, 40.07366411338068, 39.463744201387335, 50.94319823698816, 54.16461482022268], [54.74552585577435, 17.475728375270744, 46.5277399639985, 113.1015807577823, 83.0875355926289, 61.99584048582515, 77.96721988275904, 65.67678819037435, 39.180817890423036, 35.516174205355966, 78.19649716810378, 70.16494300535952, 84.1219587600009, 24.061760409070626, 82.6765673115387, 64.1878434151874, 85.81333489519517, 74.60958093899583, 98.48997159889973, 113.19128209540379, 125.00063562020698, 75.19785341455054, 65.59302502366344, 90.51301945828004, 80.2396793048124, 0.0, 62.648238438225974, 101.61688729925974, 33.407054334118186, 14.046646434036825, 23.871244437360815, 65.79282576172508, 128.95689955441173, 29.371869975676667, 108.22085947118693, 96.09647916966446, 80.10056352446398, 59.572888346978026, 81.64259913806661, 76.80026457800386, 61.26987919021217, 78.63821895225009, 91.79802282028297, 62.605732146136035, 55.97767468802399, 4.536308718964615, 118.43412772164591, 115.75312702595981, 93.59371468066718, 40.97627189221819, 96.67960191437723, 30.619332891576757], [76.30125108911061, 58.69183235516019, 43.438945143021826, 77.95437932555286, 93.32759796901962, 46.05296123327546, 30.58541700027792, 51.332748970757, 23.471259700791343, 28.777606522999324, 63.048871339723405, 29.110064183634385, 41.08402391712245, 55.97658296450966, 93.1313240674231, 90.75936250472218, 44.6865194686856, 51.98931259167922, 102.14444169184907, 74.89018488222708, 95.03022900717303, 13.163441389940964, 71.80875692390886, 40.26797582132414, 99.8834225071958, 62.648238438225974, 0.0, 68.69280163968315, 29.254528221447384, 55.500735247803696, 38.84568751312938, 16.897615234914152, 98.27154251645453, 41.93880215737202, 68.1857774411384, 62.61704629365303, 81.41230345987344, 49.542484713259334, 98.07378371610119, 98.65143916445456, 64.93380779645656, 90.54589710480057, 110.12344885114499, 49.04802065992643, 52.65139739897388, 59.45480785597657, 83.15706209428878, 89.75206420914648, 85.38366835520141, 71.07624657491779, 80.6364320130498, 55.58915313859514], [68.60476100623458, 86.48513434465968, 55.160986191467266, 11.48997783811375, 60.79950138839903, 39.702669636079435, 38.54790673684171, 36.80339839640768, 76.51569793502719, 72.98781201075313, 28.3087342090398, 40.186556055209145, 28.0339902770855, 79.7066218924458, 60.961247802265554, 77.67756926842215, 24.264850097773838, 27.16245022494748, 57.72365259468495, 13.045636317141975, 26.44418801790717, 71.72536138571975, 51.9796123065915, 33.96530860471709, 74.10757538922242, 101.61688729925974, 68.69280163968315, 0.0, 80.29273413082137, 87.93643861516242, 86.38400524260703, 52.01652128770433, 29.9020157238545, 72.54429104395605, 12.266041883128084, 6.199468407324203, 46.975116919231624, 42.882854994330394, 69.7207289356044, 75.93791036025848, 50.07547297112466, 61.61172697854622, 78.19323637878453, 39.528685984445325, 47.79793308126212, 97.08419082549548, 16.836913366158473, 21.769730787304038, 36.582496183112426, 76.45759435331611, 25.497902174267143, 73.8411669422966], [59.96971155437264, 31.99542033088645, 32.89085681694817, 91.27841863647006, 83.63709667061482, 44.760800492418475, 48.96553533017368, 50.04198242988281, 5.861207588187857, 7.950568749390268, 63.8496489635804, 42.55830064634384, 57.25316597324601, 31.496513696852166, 83.32691192350411, 73.63066082979692, 59.84761495864725, 55.94214975333418, 96.11175510032908, 89.92038089985894, 106.07722380409695, 41.83549955274164, 62.12739974740875, 61.29437444344025, 86.32395214128637, 33.407054334118186, 29.254528221447384, 80.29273413082137, 0.0, 27.79432747627764, 9.603833141965879, 34.90535754693986, 109.81273564036205, 19.635415017718493, 83.97484789765016, 74.19312263349416, 75.15718228632309, 45.23089180612999, 85.83862844982961, 84.05294178167517, 55.62924498021268, 79.88187255937659, 97.68129668130385, 46.841793632850205, 44.961726105928506, 30.36111138922432, 96.7512978770888, 98.42963338917018, 84.30375931172354, 50.53057922004379, 83.41023085149999, 33.819713408894614], [42.718007915373, 5.394022855586833, 32.77550126463204, 99.42640156074887, 70.55290362007024, 48.24345869059927, 66.45363041288266, 51.74916525613607, 32.761697905591035, 26.788758339605536, 64.15972674075414, 58.30988079156333, 71.73490765427852, 10.445438808784157, 70.15765855181289, 53.758025485975594, 73.1460982726152, 60.8397144759836, 85.55561282793157, 99.71850910049197, 111.03777949141552, 68.57236165263568, 52.10134494472999, 78.87087543036162, 69.0571332811142, 14.046646434036825, 55.500735247803696, 87.93643861516242, 27.79432747627764, 0.0, 20.07879339363697, 55.556287419339284, 114.99996187712117, 16.740201485459057, 94.94640376718297, 82.52447568103945, 66.60026079056878, 45.62556014685994, 69.9540061810156, 65.91356571458361, 47.47171429304829, 66.188602318243, 80.72295690262928, 48.71790333474407, 41.93643206491701, 9.610500675365612, 104.72122688739687, 101.7350496650454, 79.74613676516834, 29.675742690379632, 82.64640411299966, 16.87418094677736], [57.46736797293176, 24.9591867298879, 35.043239961599134, 97.6100738291698, 83.06305755993071, 48.85268725540961, 57.2904292599402, 53.750594834566, 15.451310020428847, 13.931737601040622, 67.47539280122456, 50.32672717289571, 64.93194896767456, 26.241921439326358, 82.71814535249743, 70.32738520579946, 67.25017330501123, 60.8320483835934, 96.57778434958985, 96.69146146144637, 111.61467492984747, 51.32666758563433, 62.27096103193124, 69.7707024300037, 84.20039359059209, 23.871244437360815, 38.84568751312938, 86.38400524260703, 9.603833141965879, 20.07879339363697, 0.0, 43.77140067084186, 115.4388786583523, 18.11421046540009, 91.01225988143723, 80.41191394776642, 76.06411130806315, 48.32488170849852, 84.24542047445017, 81.5619254567454, 56.237982989600916, 79.03842953858944, 95.77500606490662, 50.49033847896252, 46.89708823270392, 21.052700745531155, 103.0743949669533, 103.42689967212578, 86.68737429665146, 46.42209528477273, 87.00809895108088, 30.177781426588172], [66.2257557133035, 57.32673223233213, 33.75539080702696, 61.64080062375337, 79.60573200269572, 31.674816135799016, 14.972149883894128, 36.48898462875543, 29.48631632455546, 30.395809687546556, 47.06620651020163, 12.216708839234183, 24.94615190716672, 52.85289966749831, 79.45662944975938, 80.49115682533538, 28.349931887349396, 35.68761367836945, 87.05766891770838, 58.96569402295253, 78.42898656839539, 24.127539878737043, 58.83126072477593, 26.651202907414138, 87.57447181293338, 65.79282576172508, 16.897615234914152, 52.01652128770433, 34.90535754693986, 55.556287419339284, 43.77140067084186, 0.0, 81.75657730126302, 39.42151773001905, 52.41703707984485, 45.89118515308783, 66.81949246400642, 35.98421428293981, 85.23703261513582, 86.85229511148908, 52.181449140457, 77.26934570250206, 97.11225206315032, 34.71716612199891, 40.203610503289276, 61.860410776293406, 66.94114689707303, 72.90620668715269, 69.3454035977037, 63.81834641367608, 64.02169605421598, 50.50733071207834], [88.37282488060997, 112.8648264616303, 82.58229410664666, 20.610412505370018, 71.42500847641257, 67.28507987880283, 67.80586399786561, 63.28528977261901, 106.23562725671707, 102.33760779177511, 51.283744182542485, 70.05353981528555, 57.23904488500058, 105.94844296610356, 71.74387937282121, 93.79465340796268, 53.58945417088461, 54.810964546243326, 61.50056392308862, 25.112227039952504, 3.9853506660545897, 100.27300778579142, 71.29681807465255, 61.01295100690681, 85.22441664152696, 128.95689955441173, 98.27154251645453, 29.9020157238545, 109.81273564036205, 114.99996187712117, 115.4388786583523, 81.75657730126302, 0.0, 100.5509864503262, 31.80071720155762, 36.100930574946794, 60.99426368990272, 69.38441383118561, 80.43364127239987, 88.19111364868868, 71.85921685849414, 73.96775585964706, 85.25017898187116, 66.39191671532924, 73.31689631971565, 124.43108583508568, 16.079654968186148, 14.396205032058694, 45.559884716476965, 98.91826270881988, 36.2151903085854, 99.67825731117156], [40.39825712099414, 17.906824451981613, 18.162838369100893, 84.00197083237211, 65.07003900788668, 33.26646912977988, 49.749739191335216, 37.53707549734462, 22.193807421485815, 14.242707518448011, 50.87153143613012, 41.572937575724424, 55.05732194670345, 14.059928622533247, 64.73344805473621, 53.99558881591381, 56.57340861402553, 45.80638695451038, 78.4636152013365, 83.90169425546318, 96.63614009420229, 55.07603361778063, 44.15757567550929, 62.14074733409147, 66.90420790093944, 29.371869975676667, 41.93880215737202, 72.54429104395605, 19.635415017718493, 16.740201485459057, 18.11421046540009, 39.42151773001905, 100.5509864503262, 0.0, 78.8587052848552, 66.90331917970002, 57.98910143763225, 31.67869482559109, 66.64054716750654, 64.52124532934583, 38.15552551682896, 61.115430307702226, 78.35831392459664, 34.324586662524794, 29.38981558543669, 24.903627612731498, 89.3811216021983, 87.83055198222183, 69.04943328820374, 31.13234098533636, 70.1579104198952, 14.497965032431063], [79.46692909116135, 94.06695290491157, 62.481399423295024, 11.62049753421144, 73.01897788984967, 47.446215381404, 37.676559746525015, 45.6201885614447, 79.58030283699911, 77.21266951927667, 39.34121596511592, 41.79904755439509, 27.496303025684288, 87.48735792593236, 73.17382066966434, 89.22860858933115, 24.348374866680448, 35.63699279118691, 69.8361802780829, 6.841794151817975, 29.42809259313814, 68.93630348859104, 63.23478614210238, 29.398847556551637, 86.24927462313309, 108.22085947118693, 68.1857774411384, 12.266041883128084, 83.97484789765016, 94.94640376718297, 91.01225988143723, 52.41703707984485, 31.80071720155762, 78.8587052848552, 0.0, 14.072076744156712, 59.08911230097416, 51.40300512891812, 81.9029998833757, 87.98664461518013, 60.68853319674351, 73.7332727779975, 90.45874145837976, 47.91857613170694, 56.79427670265282, 103.72930502372395, 15.756137122499075, 29.057460853790396, 48.78558712962998, 86.31777266384852, 37.600742568585865, 82.00066766098806], [65.39560475553651, 81.27025067483176, 49.785903435257445, 17.208413573021925, 60.15112978309715, 34.41993294190039, 32.658584622769794, 32.01212037498199, 70.361162091639, 66.94225892337599, 25.333643529405013, 34.00971901777945, 22.248257057007997, 74.5585060468762, 60.26983751333129, 75.31093944747164, 18.454498369347935, 22.115617711258757, 58.75406124503466, 17.335020406327462, 32.625449487929195, 65.9925216408591, 49.23104913125804, 29.126974065906538, 73.04318853060084, 96.09647916966446, 62.61704629365303, 6.199468407324203, 74.19312263349416, 82.52447568103945, 80.41191394776642, 45.89118515308783, 36.100930574946794, 66.90331917970002, 14.072076744156712, 0.0, 45.9165238458486, 37.965577397557084, 68.8389274871183, 74.56571729448152, 46.6190159995952, 60.510767007419965, 78.00418131045832, 34.53098033330765, 43.15257898726427, 91.5710307346459, 22.66475778150175, 27.407998651788642, 37.45070581115019, 72.40571719522617, 27.05984724194198, 68.84100498958006], [29.159212084134303, 62.62646022325651, 42.35288912619726, 55.28518856417629, 14.492217990384226, 35.395112533906364, 62.3677250424304, 30.334930989405645, 74.69436912342958, 67.42984452583171, 22.829389777782772, 56.79792542125011, 56.78874168935372, 56.186939959832365, 14.544094587869761, 32.810161070461675, 54.3912303563239, 33.722044715892196, 21.135119082146268, 59.33662762977032, 57.28709204165793, 90.93470254731778, 14.510391466660483, 67.38894650795689, 27.166724819271536, 80.10056352446398, 81.41230345987344, 46.975116919231624, 75.15718228632309, 66.60026079056878, 76.06411130806315, 66.81949246400642, 60.99426368990272, 57.98910143763225, 59.08911230097416, 45.9165238458486, 0.0, 32.06679557737494, 22.925910663916056, 29.004892269829764, 19.834245632838233, 14.644160798150326, 32.81186997772704, 32.377076201519024, 30.453768120773884, 75.99690766476685, 58.64170410046051, 46.68410148948726, 15.984815792349766, 42.07955546586587, 25.06478854260807, 49.734256796378084], [32.82262934159628, 43.74391977321662, 13.521794290041239, 54.3086459222169, 43.86446432360436, 5.240267150444849, 35.66677550770279, 6.146092637848818, 43.76612661939203, 37.28379943712592, 19.22799595098644, 28.131306224299692, 34.5932594945491, 36.899777565305605, 43.686922926352786, 46.18629755119761, 34.111957272563224, 15.850932501839237, 53.08931861500127, 55.29327246221087, 65.42781472438428, 59.77196634899622, 22.8558328637097, 44.796288318011804, 51.6662874488541, 59.572888346978026, 49.542484713259334, 42.882854994330394, 45.23089180612999, 45.62556014685994, 48.32488170849852, 35.98421428293981, 69.38441383118561, 31.67869482559109, 51.40300512891812, 37.965577397557084, 32.06679557737494, 0.0, 49.252880889627654, 51.15303380379433, 16.326980899003193, 41.33078987671976, 61.14322852130978, 3.499246800488206, 5.8552470513862085, 55.0484413377082, 59.47037755311649, 56.30032866628999, 39.12601947198665, 35.81086624348542, 38.69096669426241, 30.95854977628737], [27.255493796807915, 64.97771655022791, 55.3952249853359, 77.44026007208697, 9.150222632260165, 53.76475176959097, 83.11543066358689, 49.66626159512621, 86.82338952871223, 78.86394654426594, 45.23422181858738, 76.61859093932149, 78.6546773048007, 59.925436404250384, 8.903066580593268, 19.4648124208933, 76.55388698862974, 55.26129378509923, 22.49692157571325, 81.81819597667453, 77.03706139729948, 108.9167