instance_id,num_cities,city_coordinates,distance_matrix,best_route,total_distance
2431,89,"[[37.904789105645676, 98.64185374558866], [43.56240190306821, 45.24234550967496], [17.42912413095068, 50.916207027755], [8.84259369582704, 88.98899516213079], [67.72264758321262, 23.809523544344056], [29.069769986912263, 49.57694349288234], [84.8356006418947, 0.455657520661501], [77.06319988482745, 62.29096914859945], [43.80715305718796, 5.768495543788543], [60.32129632220431, 42.80834984636223], [88.62930067302516, 55.96332203874152], [2.175084555912077, 87.84456930649765], [62.58669082679971, 33.96111501513598], [64.22634841923433, 3.8431308339026082], [83.24095497024642, 47.812901909691355], [76.85869396015356, 83.74425119268196], [42.34506742536945, 72.00587647862164], [28.903850449333124, 44.38408324358431], [29.958861643983457, 46.055442665563206], [62.87692123454908, 48.84716782431377], [13.780227191046313, 18.38606468801278], [25.013037581590613, 40.03541501580128], [60.546245226696605, 53.85833774291964], [20.104593086266664, 47.067599979517446], [86.53675670939765, 90.82292031533599], [48.262416005666, 68.04506841908665], [11.443949888065962, 15.012232889520849], [8.43023043768687, 12.694788597686223], [91.77770385460882, 59.652943658440016], [89.76748984004817, 90.28321859365391], [74.01367534663527, 78.32773438103142], [93.29927604844238, 29.897732646419005], [52.52696888056315, 12.45367513730068], [82.008014393689, 53.96870622231141], [30.024641944904996, 48.15711510357408], [20.25843323682548, 60.20853053628197], [83.39549469851791, 29.479834274925544], [71.12481279175047, 10.151747304968206], [32.15747699059312, 85.35556105749117], [50.580598911572515, 80.78047422527112], [39.41826280981091, 37.12839416280222], [78.4706918560885, 16.388199242301305], [23.094981607024167, 97.64353247760548], [75.21160989529841, 79.00657179588823], [92.36398532022396, 82.0302033680262], [60.845695258816114, 42.69838362067745], [64.101238070285, 92.34699157738932], [45.66891636677079, 52.55240209137089], [14.298990605637341, 52.532169579055136], [92.37584728748529, 12.96430788690206], [52.19701339763034, 50.86339411117559], [37.91694812289165, 49.71794699588783], [9.753586356476262, 30.38297874366327], [9.214755661705777, 47.60073502835348], [1.0882300124242517, 78.1998872501643], [39.757197175170035, 57.344384763419555], [56.89781174997125, 68.33546497113632], [79.4197578772205, 37.814129104834706], [62.29780558470785, 88.38126481477886], [27.03683754031755, 82.2750333054047], [88.56670176150652, 11.737201273834996], [4.953740214256541, 13.508050639174884], [99.14327324816486, 11.028396001668096], [54.09637240017572, 77.70321323840444], [61.62791180971193, 27.819696916822867], [80.57525083357564, 94.2767821250966], [6.785446293188347, 21.674986308209398], [24.071341237822697, 50.712767425606955], [73.0684256191563, 92.79095084210925], [79.27744971732793, 89.9143503888949], [59.028801192075896, 17.337088898765572], [81.49507171344038, 39.9104658621344], [34.64917897913956, 4.345869628903243], [51.351260526823715, 90.07527272626376], [51.66379096361112, 11.58374873703849], [64.56948646069142, 50.752350691010626], [82.36607093722645, 74.8726592239096], [63.02164764991721, 96.68297198665503], [27.387091075367486, 79.37945625427297], [39.545921090904834, 39.375245062903154], [4.41310235307385, 38.71887683663295], [68.31914340575861, 20.986279429304055], [59.72772360909679, 99.07750639115798], [36.41726576376214, 49.62343786378457], [70.88135741481337, 63.74957149855217], [51.1188263393618, 66.98918777266417], [98.55523713960184, 49.618802603700175], [89.89680501106811, 94.09165929767542], [82.52167047060155, 43.70343769052547]]","[[0.0, 53.698380444879106, 51.93255444123097, 30.62333882630566, 80.55421979968719, 49.85401669810077, 108.8256872276524, 53.43002850209577, 93.06072514168551, 60.16543819714902, 66.29052075826205, 37.325502521331046, 69.23000964386605, 98.38507178624914, 68.10983981803626, 41.70545845855702, 27.003543406801132, 54.99929596406554, 53.18334695657487, 55.705638216089234, 83.80325867664965, 60.00759883503337, 50.181658410646286, 54.55960621059712, 49.25651218873607, 32.3023792825865, 87.71595919003713, 90.86059440818518, 66.50132369609504, 52.531957026836075, 41.43084733772901, 88.2853519523651, 87.41973617658746, 62.77566877735669, 51.096042459543284, 42.290828891854055, 82.78157544162688, 94.5202037216261, 14.476089594280035, 21.90216958670647, 61.53207547691123, 91.71290064709844, 14.843417514182287, 42.15854806175726, 56.93637660234719, 60.46451045651, 26.942145944107356, 46.738840656497075, 51.80093335800493, 101.52703109919398, 49.870320635119604, 48.923908260635955, 73.83606322626714, 58.55180457442183, 42.110960778219216, 41.33899321450945, 35.76607484357369, 73.64444797183437, 26.463161907732335, 19.646505606533225, 100.5934789893776, 91.28820325980978, 106.89373189256388, 26.468736952729724, 74.68978811531387, 42.89314810464208, 83.01995049506084, 49.885484816527885, 35.64708119384028, 42.28316876643169, 84.00409914655862, 73.14019866355414, 94.35216806109968, 15.943459600764678, 88.13866223064225, 54.81250393706369, 50.41607075443973, 25.193130033372768, 21.946797692819857, 59.28932634918037, 68.64733238199162, 83.39916768100746, 21.827282551190578, 49.04098103886333, 48.00963880155797, 34.300175556512364, 77.98548832943108, 52.1907461857322, 70.77355199065377], [53.698380444879106, 0.0, 26.74211868272598, 55.85010687332948, 32.296800595763465, 15.12696663357223, 60.90422280236331, 37.58934733932393, 39.47460872835542, 16.934724002497834, 46.32455830850784, 59.39578696867966, 22.11763392690387, 46.26979210450009, 39.761732026039084, 50.9022573760132, 26.791201786339524, 14.683655704190091, 13.627818408147848, 19.648038093567152, 40.102839676877956, 19.266318846602164, 19.04432346409001, 23.52871327474778, 62.644903788215295, 23.28205971661499, 44.1073085652163, 47.891679160498235, 50.322765040123, 64.52588937342243, 44.96579823714652, 52.05010848860922, 33.99206327780366, 39.42352712614666, 13.847989979429007, 27.695877849381464, 42.838441172345526, 44.62103289213193, 41.70302595549583, 36.22449008414693, 9.110987612969375, 45.289628661130905, 56.25655241145627, 46.2784544171698, 61.114163905169036, 17.4695154859404, 51.387658754494836, 7.607518019261213, 30.157731607750595, 58.52028847395244, 10.303043387390765, 7.204315168529255, 36.93016097108609, 34.42851729952355, 53.761090347686086, 12.686171097710831, 26.666933124118408, 36.61868889534704, 47.031709621554924, 40.552610802307235, 56.10687743951423, 49.97693696425344, 65.26735478335728, 34.127297990553, 25.09803442855742, 61.43555127240552, 43.68025736716735, 20.24418340646493, 55.9595863511691, 57.193991470292644, 31.90474656673705, 38.30556590782307, 41.85650824373899, 45.504479795606926, 34.619844618559725, 21.71768308796952, 48.822947691802185, 54.99818449167613, 37.77542865887403, 7.110202934304094, 39.68908286649302, 34.65909680771201, 56.2098049542476, 8.381344800475361, 32.99761724816025, 23.022265281087098, 55.16670466910615, 67.3285405228211, 38.98965048051893], [51.93255444123097, 26.74211868272598, 0.0, 39.02903664245853, 57.133272186293034, 11.717434137205773, 84.20154471373006, 60.70921021002424, 52.28877759398175, 43.65175578780324, 71.37883796726237, 39.95484531251381, 48.23568155470005, 66.37661262402713, 65.88495716835428, 67.89369818899613, 32.643198185801424, 13.20371103945808, 13.439544349800503, 45.4948698733739, 32.73415050863445, 13.263007880348757, 43.21738382561274, 4.687207094059679, 79.80232230965974, 35.27165689891584, 36.399418534321086, 39.266485894577634, 74.86014877008395, 82.35654651023651, 62.87450411828194, 78.72773474006569, 52.0694254384674, 64.65099240459936, 12.894171444793221, 9.713509468966869, 69.36195010707131, 67.41637899834319, 37.45655461923377, 44.6194434677848, 25.95430606733889, 70.13028099170099, 47.06957493578439, 64.24861285595067, 81.13762499431485, 44.187456026013884, 62.40830175517054, 28.287152557450646, 3.522651111520264, 84.00808270815205, 34.76792937844093, 20.52283506313692, 21.920933919292956, 8.858228035410939, 31.802893375785477, 23.23498041465257, 43.14171820484067, 63.36010667732846, 58.45364941886666, 32.797624036938124, 81.21298814234737, 39.43355637349208, 90.92986107106474, 45.40958926665555, 49.86964619462031, 76.60008348765793, 31.118111560363943, 6.645331877833148, 69.63638445247743, 73.11682818239962, 53.46111021958424, 65.0043996837672, 49.652055490357334, 51.80872285668061, 52.144555692173796, 47.140647105001975, 69.2150176070752, 64.6008898981331, 30.154894498190064, 24.946873768911292, 17.837928318989885, 59.038924683964545, 64.09900369103987, 19.032098538495976, 54.971233264979574, 37.32742617590505, 81.13648667604481, 84.35451648166038, 65.4909431180501], [30.62333882630566, 55.85010687332948, 39.02903664245853, 0.0, 87.83634934442173, 44.29953134616832, 116.67514293388926, 73.25869028186266, 90.267225326032, 69.15713141734408, 86.35168611855956, 6.765012096803021, 76.91875954470048, 101.57351278489674, 85.03285727207228, 68.21801253680724, 37.56117764683153, 48.908610589459435, 47.84544599054191, 67.31325912909736, 70.77537718773566, 51.55517689433076, 62.50944466503895, 43.40778736963104, 77.715804363378, 44.63821746393192, 74.02248584300007, 76.29532094928757, 87.97065655590202, 80.93524467278566, 66.03735582970386, 103.0762266466489, 88.12479700166094, 81.11473000216152, 45.99914778713436, 30.961856154073818, 95.39116980840681, 100.47082395006171, 23.596305355739922, 42.5375233806631, 60.20293579036978, 100.59297998174492, 16.674278914429305, 67.11553536662431, 83.81078476013441, 69.62142837555324, 55.360580903994354, 51.80543751449856, 36.862886469078724, 112.94935825804683, 57.73358782525737, 48.8623915647397, 58.61309638698028, 41.3899333344482, 13.286647646059336, 44.23905599774061, 52.305566544887625, 87.17799619095156, 53.458666409294544, 19.393498727314615, 111.012490584744, 75.58105693544296, 119.29823028474621, 46.639825907180125, 80.79587152947516, 71.92728822225614, 67.34543520849792, 41.194470034654834, 64.33826507791659, 70.44093430005923, 87.47943240574106, 87.67602066899703, 88.48976519360077, 42.52254407599592, 88.46031375467614, 67.58348583520636, 74.86636525160877, 54.72263852133347, 20.886397992028588, 58.34568117725548, 50.46489066682974, 90.34284317220487, 51.8755675160142, 48.062559659921774, 66.97638920283644, 47.65785739732646, 97.97127362527128, 81.21466833778199, 86.48345546922363], [80.55421979968719, 32.296800595763465, 57.133272186293034, 87.83634934442173, 0.0, 46.45433109279378, 28.952654811619105, 39.59883297639552, 29.95712886344657, 20.389590514355284, 38.35302988078106, 91.63498297363863, 11.376856384502652, 20.27019846256086, 28.58286264719632, 60.62704777310252, 54.469349278591565, 43.93417255097554, 43.829036562668655, 25.502248821161484, 54.214376541020165, 45.68796713068069, 30.89388265535956, 52.99450191801488, 69.6043536641092, 48.32684599078558, 56.96212897291626, 60.3251859830825, 43.167076547938905, 70.03375760044155, 54.87998126050745, 26.291257362838117, 18.970080239100312, 33.37136504119761, 44.87699682288201, 59.81420695385777, 16.66705014335413, 14.075140493474478, 71.08302253598843, 59.49402536515328, 31.28147234309796, 13.061259896648187, 86.27334145400405, 55.70277095616642, 63.220590669505526, 20.101778733617678, 68.6330760729914, 36.22871965355933, 60.65539976039175, 26.93323148668156, 31.192262333973062, 39.49210207197739, 58.34057226978979, 63.160075688488426, 86.01428526151686, 43.665241709022325, 45.82288217428888, 18.246954982547386, 64.79921821599945, 71.22886332426778, 24.087664054255665, 63.60861636844904, 33.920685995999634, 55.58961381592354, 7.295703847205361, 71.62976994377327, 60.97457462150418, 51.27593077647434, 69.18825517995408, 67.1070904190206, 10.838605782754797, 21.18773253426831, 38.37561920340388, 68.25812646704559, 20.18307324388103, 27.12670934189645, 53.12131091148445, 73.02491963875755, 68.6656722109643, 32.1903650525379, 65.0414278198232, 2.8855700648958114, 75.69140011375247, 40.57567132350365, 40.06475855892176, 46.26197447978436, 40.209047045614994, 73.69716319971222, 24.79473529758078], [49.85401669810077, 15.12696663357223, 11.717434137205773, 44.29953134616832, 46.45433109279378, 0.0, 74.31506310435913, 49.64892508141876, 46.22088890824699, 31.976112306488492, 59.90094762590183, 46.77323262126887, 36.97618262657296, 57.685064162178655, 54.19989967892777, 58.74679710395302, 26.06320312160983, 5.195510259992769, 3.632003861710911, 33.815026955586276, 34.73673904566572, 10.36811667986697, 31.766315969041944, 9.309736931188546, 70.7367313847671, 26.635114031876647, 38.799339598130075, 42.26445246915283, 63.51228817553122, 73.08360984481722, 53.353187399421735, 67.17663871054947, 43.913292217013606, 53.12010260478824, 1.7110502947741122, 13.808341623265726, 57.923899768227315, 57.64523154409472, 35.91160549704114, 37.89955265162283, 16.18819582686789, 59.5142321336244, 48.43650558009684, 54.728168361313, 71.12926100546281, 32.51190570854199, 55.285448078381364, 16.863718878447, 15.063508381206967, 73.1310092177212, 23.162995120923153, 8.84830169906132, 27.230924200970268, 19.95311990014169, 40.02798381977784, 13.21189781203125, 33.560125691312166, 51.705754833305036, 51.08696216199749, 32.76122543068553, 70.51050263467619, 43.38833856795909, 79.97678646324306, 37.64861057395659, 39.15878416811468, 68.1974349297098, 35.70868657934631, 5.125854657115736, 61.671161239462954, 64.40432826298613, 44.01081429605411, 53.309033483109246, 45.57389436499014, 46.223148869105835, 44.203762641329405, 35.51917020145768, 58.99465170107712, 58.066409543726564, 29.849977809241476, 14.622735476302804, 26.9415825503464, 48.55861803396416, 58.22556008787, 7.3476428817242025, 44.14829813059745, 28.09532233116912, 69.48547976097353, 75.37564668386851, 53.77363420607299], [108.8256872276524, 60.90422280236331, 84.20154471373006, 116.67514293388926, 28.952654811619105, 74.31506310435913, 0.0, 62.32187399021837, 41.37100142697796, 48.935689057311336, 55.6371546736344, 120.28957902791764, 40.21976715340687, 20.88579068709519, 47.38408478529902, 83.66971301535659, 83.21585934157427, 71.12009045338355, 71.34982052048954, 53.14058590929411, 73.2827783140523, 71.7307204374676, 58.667018344267106, 79.76701397792493, 90.38327343578436, 76.85002472369041, 74.82130904255321, 77.3794347715376, 59.60294861073569, 89.96284932895936, 78.62044531572901, 30.63445101675806, 34.46447610248131, 53.587700317668016, 72.66133943726553, 87.98077280680819, 29.059881992033457, 16.79285147248672, 99.91485541191962, 87.3240019821212, 58.374859216767625, 17.15686304554029, 115.14072727517225, 79.13827981049745, 81.92120058976619, 48.57945521154011, 94.20154492351023, 65.1774497197687, 87.6776850947552, 14.605535028241524, 60.051788362047205, 68.03038378945062, 80.82668757743639, 89.11324552906851, 114.27067578160023, 72.58367410382128, 73.40427990031111, 37.748996701331684, 90.76819169774784, 100.17538255418474, 11.882522670693142, 80.94119217988377, 17.79023030755845, 83.13895006110128, 35.88018217632251, 93.91780450228903, 80.88316578900053, 78.85475456130163, 93.08207561487632, 89.63119307134752, 30.837860224354166, 39.59597245660472, 50.33697119969544, 95.67066667762887, 34.98861774137805, 54.22612587930114, 74.45796612494507, 98.66886334844145, 97.6181195166091, 59.715068184584375, 89.0609464548717, 26.349569172734984, 101.7677481510186, 69.00583871123216, 64.81389087750533, 74.58908443708165, 51.041583636140516, 93.77268588694415, 43.30963821666604], [53.43002850209577, 37.58934733932393, 60.70921021002424, 73.25869028186266, 39.59883297639552, 49.64892508141876, 62.32187399021837, 0.0, 65.58013931830807, 25.687814032651353, 13.183846380690309, 79.12784780686674, 31.814304168572924, 59.840910414286355, 15.741000249976613, 21.454256760283716, 36.05174261950995, 51.38073083233907, 49.82379954689535, 19.544469703479024, 77.02191421053551, 56.608560179103726, 18.545054963596304, 58.957899023720415, 30.063607838870556, 29.369964427434837, 80.8774682615189, 84.67742095960952, 14.949107182820063, 30.74028321698539, 16.32413670088483, 36.23440271726443, 55.54982003808165, 9.680457155595287, 49.1161049273405, 56.8429244894035, 33.41659062959462, 52.47630794679269, 50.48266384193167, 32.29845123669107, 45.28019950594104, 45.92434342175961, 64.51644997992375, 16.81784044850503, 24.975015565749505, 25.433774080219358, 32.731894817159244, 32.870058198005395, 63.51834487359154, 51.648781996329426, 27.366342496797362, 41.11581098630354, 74.48962293512767, 69.42056152182646, 77.62273972409677, 37.63251965059837, 21.05181247251802, 24.590019603480535, 29.978665693900794, 53.87021208095906, 51.84606061951405, 87.06059563475804, 55.8155985847581, 27.658858121648542, 37.76925637656975, 32.17804738690737, 81.17031915656118, 54.24197487188718, 30.760479592134153, 27.71198465407043, 48.436462357665256, 22.815091831082462, 71.80935682580389, 37.8559288731035, 56.71289249733069, 17.00683953691121, 13.653547764208723, 37.148015402959764, 52.53315313218955, 43.962218079535944, 76.37853237223914, 42.22008901596978, 40.666547185672975, 42.57415071878411, 6.351590126838908, 26.366337950238112, 24.949778962994337, 34.29264227926754, 19.372434716386344], [93.06072514168551, 39.47460872835542, 52.28877759398175, 90.267225326032, 29.95712886344657, 46.22088890824699, 41.37100142697796, 65.58013931830807, 0.0, 40.55450325837282, 67.29446874561336, 92.0310328747678, 33.87469308342842, 20.509767636409, 57.6433590275541, 84.69133854814399, 66.25351558597445, 41.3916904948555, 42.60062538810553, 47.110806231598154, 32.570221492646404, 39.08248388487473, 50.919840233416245, 47.61751123660668, 95.18442205263294, 62.4357341354484, 33.65744493396304, 36.0485809636751, 72.14365871251958, 96.2033833572883, 78.59565591979579, 55.060787511044666, 10.987575446434736, 61.50256999755838, 44.57300394571177, 59.31491899313225, 46.14611986216584, 27.667082053863624, 80.43516612489209, 75.31717277257209, 31.66552698121946, 36.2538139884218, 94.18076479712407, 79.68723688524474, 90.40804189722287, 40.67097925706, 88.92517001366393, 46.820936283609576, 55.29532403869037, 49.09885716097088, 45.86872173208072, 44.3424040519731, 42.01806978237739, 54.282319569644, 84.09050416442324, 51.73465464697664, 63.921756924646665, 47.90803953823046, 84.65680053909054, 78.32300940850641, 45.155759857477264, 39.616769209739815, 55.58554443933281, 72.66685382271754, 28.35198272625339, 95.84158704681887, 40.294208270645804, 49.08655460669664, 91.8102924409569, 91.31630102436282, 19.118863045567224, 50.85325309023119, 9.267812779070887, 84.64364262252032, 9.774657482195936, 49.544139030408985, 79.13390920464192, 92.92275732744132, 75.42010323651982, 33.87582782916136, 51.35775363294373, 28.851665761870255, 94.65746706949649, 44.473209914506, 63.990762696427765, 61.655767963492, 70.14415257128421, 99.62548505641378, 54.202155807954554], [60.16543819714902, 16.934724002497834, 43.65175578780324, 69.15713141734408, 20.389590514355284, 31.976112306488492, 48.935689057311336, 25.687814032651353, 40.55450325837282, 0.0, 31.215323219668317, 73.54755608469924, 9.132665351380945, 39.160410168554975, 23.459673780710233, 44.150125024412674, 34.28761243937668, 31.456936292555763, 30.535570264295618, 6.557327295737792, 52.55967207115132, 35.41697760776125, 11.052277345583462, 40.44161755993768, 54.70511256393272, 27.96977938431922, 56.22827680376824, 59.99591060821639, 35.68257159368708, 55.86538709489877, 38.06715015693155, 35.415126475951475, 31.339397201612886, 24.389901499396217, 30.76518415732768, 43.678361766893985, 26.647100368473552, 34.397233284878276, 51.02416977460831, 39.20157415069981, 21.66099505072302, 32.05346964349782, 66.27741516893548, 39.14118943788265, 50.646694975078816, 0.535804829682364, 49.682642685086115, 17.59655626853869, 47.03833855126115, 43.79681584389229, 11.440616729295089, 23.445625412958744, 52.07190353941152, 51.33074569900344, 69.00084828655022, 25.182900643868756, 25.75565672254908, 19.74065537370873, 45.61575569453272, 51.628231614683216, 41.99070375745832, 62.64242813778412, 50.17082178727694, 35.44574966035183, 15.045496358524826, 55.310235893362126, 57.55611429522511, 37.10173932427909, 51.58245542442956, 50.7770719779365, 25.504032581573615, 21.371160378055244, 46.24305346054161, 48.110534612545806, 32.402594239820544, 9.008566416057192, 38.91133541381221, 53.94225438422469, 49.21491338140812, 21.057122891209556, 56.057559190418026, 23.24152136283173, 56.27228720097021, 24.856550477171016, 23.453137414124026, 25.872734231294523, 38.83576312097123, 59.20040998577802, 22.21841116231296], [66.29052075826205, 46.32455830850784, 71.37883796726237, 86.35168611855956, 38.35302988078106, 59.90094762590183, 55.6371546736344, 13.183846380690309, 67.29446874561336, 31.215323219668317, 0.0, 92.14524085253835, 34.09273590535549, 57.550138226851914, 9.77054848474128, 30.1716291745301, 48.98564892169865, 60.83755563381873, 59.50114695981878, 26.71749796569213, 83.75221830562798, 65.5799294895172, 28.161835204532046, 69.09970637278948, 34.92234717548725, 42.13613619385217, 87.37602690844108, 91.12659794347884, 4.850335069905242, 34.33876488925914, 26.716725905270998, 26.48062726553431, 56.5373127619369, 6.915195170642578, 59.122270688413906, 68.50253505649246, 26.995700567219554, 49.04189510585607, 63.6629451451549, 45.426806495519145, 52.692321600652036, 40.858140895650955, 77.66586713397595, 26.665066757406322, 26.33306232949433, 30.78777876118214, 43.87934894846855, 43.09557975742335, 74.40946043290212, 43.161925693421196, 36.78750903476969, 51.09547348439911, 82.92003540785478, 79.85363373611236, 90.3211153873012, 48.891613131032585, 34.05814601550559, 20.35212231340826, 41.76446632505329, 66.97714285138025, 44.22616506702587, 93.829896555948, 46.148577413264306, 40.806200564019015, 39.00177733835916, 39.15084855536418, 88.73616211510175, 64.77112358283401, 39.980183537857336, 35.21547163294131, 48.66390300937085, 17.5667701719642, 74.687448285295, 50.52996592963185, 57.7580767903331, 24.6176538751947, 19.9196154457302, 48.102409349558606, 65.56617708852039, 51.810640306396955, 85.96359083817924, 40.44621116895257, 51.905048397591756, 52.595538981152856, 19.38079385750509, 39.097383543133766, 11.780371029816258, 38.149399331810784, 13.697003720565672], [37.325502521331046, 59.39578696867966, 39.95484531251381, 6.765012096803021, 91.63498297363863, 46.77323262126887, 120.28957902791764, 79.12784780686674, 92.0310328747678, 73.54755608469924, 92.14524085253835, 0.0, 80.95053315820725, 104.43467342076008, 90.41133635005166, 74.79608360255095, 43.1797604697885, 51.02196365301901, 50.182361190877586, 72.14922243879387, 70.42132631112463, 52.98384029489284, 67.54447670940748, 44.54467985779606, 84.41423045472861, 50.16036638173674, 73.41975955082725, 75.40965714406033, 93.93293959984112, 87.62634577457912, 72.46622160562501, 107.98821303307675, 90.65924761806762, 86.7229542058038, 48.48393412123201, 33.026627718015, 100.01598531754175, 103.87607816218951, 30.085528384438277, 48.91825077977194, 62.922052951709006, 104.53244719250624, 23.101120575804455, 73.56931584328048, 90.37612888557106, 74.02984967045573, 62.08961503658324, 56.01116381875789, 37.3357023827495, 117.231527959097, 62.20772205982975, 52.26011997744046, 57.95919322723507, 40.8549038266458, 9.70572742077886, 48.401202940509734, 58.09631678104419, 92.03143214841236, 60.12511643211189, 25.47796092164883, 115.13402187128322, 74.38843280272059, 123.70753452984967, 52.90243127028029, 84.48445995487518, 78.66358391345415, 66.3300018808676, 43.10703849259229, 71.06569142283293, 77.13014136648111, 90.5740022787551, 92.67868490481169, 89.591292302644, 49.22674395965087, 90.91119191735788, 72.58714811090331, 81.23339675280664, 61.485133181032964, 26.595176474767126, 61.20338892541692, 49.17664470360024, 94.04821873079153, 58.638597677076994, 51.316487239798384, 72.80879651200597, 53.20184957956598, 103.68386109743416, 87.94388195304101, 91.67340600460504], [69.23000964386605, 22.11763392690387, 48.23568155470005, 76.91875954470048, 11.376856384502652, 36.97618262657296, 40.21976715340687, 31.814304168572924, 33.87469308342842, 9.132665351380945, 34.09273590535549, 80.95053315820725, 0.0, 30.162583579021412, 24.869069694691927, 51.78851920175503, 43.09439862370576, 35.25864436680935, 34.79724124839388, 14.88888182259542, 51.23136817732413, 38.06148366379449, 20.001572201354836, 44.45794165903051, 61.69984244533073, 36.971620586526164, 54.540261133743115, 58.18228975531187, 38.88682682640252, 62.53779006734977, 45.814548881057526, 30.98021896744863, 23.74379867953512, 27.883534836947284, 35.52201353946359, 49.805704614460645, 21.28586844937775, 25.293981842453245, 59.72709718955163, 48.33423879533586, 23.383919987410856, 23.687736435919515, 74.93360655249114, 46.78121159261228, 56.54488944569687, 8.909036325726763, 58.40551716486579, 25.136567940579834, 51.73573291512267, 36.44529808108942, 19.84017227048719, 29.27240952068465, 52.95413097341264, 55.08722807849341, 75.75704357615855, 32.67970447404311, 34.84191843237621, 17.268406524615383, 54.42091655695142, 59.98355415652834, 34.1886429995148, 61.15459785392304, 43.154296653760156, 44.55846343804437, 6.215808351445182, 62.9409881558668, 57.13779703578935, 42.00059538199846, 59.75630801585659, 58.38960507772778, 17.000494786053746, 19.82225121561522, 40.713232830677185, 57.22790918472332, 24.900928957879866, 16.907899752735272, 45.44203260307776, 62.72336509940829, 57.461618003461396, 23.668330617022075, 58.367822414927424, 14.184758406451024, 65.17912334012458, 30.498314136116417, 30.92173399844663, 34.96234411447286, 39.228809623505896, 66.04184046854097, 22.188201020141356], [98.38507178624914, 46.26979210450009, 66.37661262402713, 101.57351278489674, 20.27019846256086, 57.685064162178655, 20.88579068709519, 59.840910414286355, 20.509767636409, 39.160410168554975, 57.550138226851914, 104.43467342076008, 30.162583579021412, 0.0, 47.90507312119522, 80.8935423161412, 71.58875855718645, 53.7703234611598, 54.37039562174756, 45.02426344940097, 52.50055306426842, 53.36258221968816, 50.150414571162926, 61.76636646737826, 89.79553494638951, 66.15690385588525, 53.951185672160165, 56.49388132336026, 62.239958176690955, 90.1345587274466, 75.12488225585969, 39.03943386554103, 14.52642264257304, 53.186097364312545, 55.97754842442523, 71.48591364105579, 32.01088459258083, 9.348125613077453, 87.59388560659994, 78.13809114476248, 41.513249288373835, 18.981044789959622, 102.422188437665, 75.96195644494286, 83.09599822992826, 39.00204462480422, 88.50394917234995, 52.12457568954808, 69.73782009909621, 29.59037271420936, 48.53462742955852, 52.88367708328475, 60.59410312744204, 70.2922702902559, 97.54665150941698, 58.831314235154956, 64.90738488170152, 37.21382020811214, 84.56012875128081, 86.8022064507135, 25.58845733797322, 60.05541406287317, 35.64855782553187, 74.55151364624668, 24.1169565646735, 91.89957505892467, 60.14509378752816, 61.71861498751937, 89.38622384585729, 87.37728815870382, 14.460338911478614, 39.98826653220381, 29.5814417901507, 87.18801628424406, 14.75584681908097, 46.910474857093405, 73.3092315901385, 92.84765699365761, 84.04086708060392, 43.262623992214074, 69.23829911413208, 17.624940129422647, 95.34056803356452, 53.56474204072249, 60.27495979126338, 64.49210526868899, 57.21787069396779, 93.82840311712458, 43.85844128178041], [68.10983981803626, 39.761732026039084, 65.88495716835428, 85.03285727207228, 28.58286264719632, 54.19989967892777, 47.38408478529902, 15.741000249976613, 57.6433590275541, 23.459673780710233, 9.77054848474128, 90.41133635005166, 24.869069694691927, 47.90507312119522, 0.0, 36.493768192627364, 47.5160355730161, 54.445180917705656, 53.31106950928079, 20.390281409798373, 75.43693692407791, 58.74503949955909, 23.486105355244735, 63.140760740681394, 43.13611007448032, 40.40839949516149, 78.93474410512408, 82.64336868546283, 14.596666404586147, 42.96886613168663, 31.879424242075945, 20.545634880523394, 46.83613839182952, 6.278062535575241, 53.217426231770794, 64.19072871489459, 18.333718974297383, 39.56214690143077, 63.39537032296287, 46.406461643421366, 45.10639704057097, 31.78470304898517, 78.10652888590927, 32.210486231996214, 35.41261642207726, 22.97185135924119, 48.4728161503046, 37.869789368218086, 69.10329903692103, 36.02597344989773, 31.193457824282916, 45.364025322710326, 75.52612506510428, 74.02650335422658, 87.59246026957854, 44.51613592139126, 33.39366391001315, 10.704064874004203, 45.655312669872984, 65.92830436476162, 36.46669378011316, 85.47345093619852, 40.074725220637724, 41.74730415860482, 29.442348421041213, 46.54028516474508, 80.79997177634344, 59.240631404928685, 46.114046007325896, 42.287602650622595, 38.92304676222932, 8.09299720944739, 65.19619305809952, 52.943938262395406, 48.0590139964345, 18.901431042154012, 27.07389680071232, 52.88765581722505, 64.15685049296829, 44.502247569993145, 79.3506877113494, 30.697363633890507, 56.39974930515346, 46.85868021345135, 20.16772394983598, 37.41070819000288, 15.420392851002823, 46.754932628994304, 4.1719379621506905], [41.70545845855702, 50.9022573760132, 67.89369818899613, 68.21801253680724, 60.62704777310252, 58.74679710395302, 83.66971301535659, 21.454256760283716, 84.69133854814399, 44.150125024412674, 30.1716291745301, 74.79608360255095, 51.78851920175503, 80.8935423161412, 36.493768192627364, 0.0, 36.45517600437891, 62.039421637604356, 60.16677288569408, 37.593834549953755, 90.83273370938743, 67.8117574264332, 34.047963322471226, 67.57369836123706, 11.990515215215805, 32.62225394740626, 94.88508355923388, 98.64319923382074, 28.33668920216821, 14.470490860359853, 6.118233836832199, 56.300446702977446, 75.32847456079854, 30.21752106328023, 58.820682444117324, 61.29861059408123, 54.65671694601835, 73.81554051632035, 44.73024835656683, 26.444701800073574, 59.78983200640169, 67.37533874912151, 55.53131356475789, 5.015824157952858, 15.599744232066143, 44.05881718961105, 15.387001751758422, 44.110471281586214, 69.91359325954267, 72.4609027114163, 41.10169401110352, 51.71314094257547, 85.73517868342907, 76.6945640136593, 75.97304244520708, 45.535414911572275, 25.216413532262422, 46.0014691438421, 15.281405878180912, 49.84351490734828, 72.95267428060372, 100.51590044063704, 76.0539155481436, 23.55031682090187, 57.96147423821897, 11.169019779535365, 93.6101152755121, 62.27024592280258, 9.80861400217758, 6.62725459779325, 68.75911779576363, 44.078302316170245, 89.9207770756005, 26.281381128365943, 76.43246202796368, 35.20639316483609, 10.442046984570549, 18.943979158983904, 49.66377882163554, 57.9728533378899, 85.29740956911958, 63.33630036183046, 22.990842963022864, 52.912560104282846, 20.869014549017532, 30.7127487429032, 40.43867242302723, 16.645155279157493, 40.43928843182535], [27.003543406801132, 26.791201786339524, 32.643198185801424, 37.56117764683153, 54.469349278591565, 26.06320312160983, 83.21585934157427, 36.05174261950995, 66.25351558597445, 34.28761243937668, 48.98564892169865, 43.1797604697885, 43.09439862370576, 71.58875855718645, 47.5160355730161, 36.45517600437891, 0.0, 30.718557507084242, 28.754879737963893, 30.949681862284766, 60.753883119293064, 36.36632597130651, 25.702451935940456, 33.4149118444754, 48.031099722252065, 7.120604939554992, 64.83173971609659, 68.32291938669721, 50.952728029078905, 50.82270538318631, 32.29344538771174, 66.10164259227682, 60.416353761547924, 43.57165217279294, 26.84317982549084, 25.039903775010753, 59.10669881509703, 68.22174901880437, 16.792887697535917, 12.034016140746536, 35.00007082775621, 66.32033445085203, 32.06018105276216, 33.603859136308174, 51.013520530912544, 34.65836649137047, 29.78408844655145, 19.73539048310613, 34.143926039466216, 77.38853762271403, 23.325209540283126, 22.72355696593937, 52.864640868153316, 41.14885766051287, 41.71920903799808, 14.888129894207893, 15.00847387349928, 50.434197332498925, 25.81211156056537, 18.433596614515068, 75.95230537412034, 69.42699027432168, 83.33240252150348, 13.059587082495332, 48.21044027820419, 44.24409747909063, 61.62536134101253, 28.05932219282939, 37.093719886248124, 41.045271342193686, 57.15788054021743, 50.62448240127394, 68.0962790898354, 20.189467425739227, 61.13650406428529, 30.751213957537157, 40.123548763846294, 32.194409646625935, 16.67665239774195, 32.75047063463701, 50.46640783146358, 57.250780834061686, 32.171880301328464, 23.154100951803425, 29.706672958875032, 10.106730977588231, 60.504249900184696, 52.430425805533545, 49.144556907231184], [54.99929596406554, 14.683655704190091, 13.20371103945808, 48.908610589459435, 43.93417255097554, 5.195510259992769, 71.12009045338355, 51.38073083233907, 41.3916904948555, 31.456936292555763, 60.83755563381873, 51.02196365301901, 35.25864436680935, 53.7703234611598, 54.445180917705656, 62.039421637604356, 30.718557507084242, 0.0, 1.9764844897633684, 34.2649772005183, 30.076917216936234, 5.83518124201128, 33.030329177359036, 9.19935825009074, 74.01430586419144, 30.57116746011148, 34.16948522923392, 37.72771542958607, 64.70131019072524, 76.23065804364417, 56.45412079561576, 66.00473613093538, 39.7190468950319, 53.96218329416787, 3.9359805630927736, 18.03209280415587, 56.49314941034425, 54.354967435682376, 41.100463256822955, 42.36246806298012, 12.774893006328798, 56.92663074568644, 53.57529178584495, 57.81976563822967, 73.78630684792108, 31.986294456403726, 59.49198829402594, 18.649098316410246, 16.724031869865712, 70.82299531992963, 24.177529018797866, 10.473109958424168, 23.722637754766478, 19.9501203570463, 43.78604047983345, 16.904571885625458, 36.84196731935657, 50.94135059701657, 55.23502716385755, 37.93691913940559, 68.01084273147374, 39.07604342382778, 77.75717578779194, 41.77113340400771, 36.67755562057045, 71.82767585930897, 31.700581793317557, 7.962750074887244, 65.52659407165984, 67.90069756295495, 40.485214095288356, 52.78115010613068, 40.448329376752255, 50.90747504570565, 39.92338708019114, 36.229717393000016, 61.544799006936316, 62.44355731042454, 35.028227062695436, 11.761893021977873, 25.137448278371256, 45.836912441528966, 62.78122085599122, 9.159816948133312, 46.229138283016276, 31.693783374112694, 69.84781997067994, 78.68280386045684, 53.6221400375072], [53.18334695657487, 13.627818408147848, 13.439544349800503, 47.84544599054191, 43.829036562668655, 3.632003861710911, 71.34982052048954, 49.82379954689535, 42.60062538810553, 30.535570264295618, 59.50114695981878, 50.182361190877586, 34.79724124839388, 54.37039562174756, 53.31106950928079, 60.16677288569408, 28.754879737963893, 1.9764844897633684, 0.0, 33.03622824370285, 32.0521869835167, 7.791142955949543, 31.56696383918262, 9.906112821677173, 72.14696989587245, 28.610553001490363, 36.14530163837042, 39.70409552493652, 63.29661353906291, 74.3852685028461, 54.61068963988311, 65.3687975259706, 40.47713237452919, 52.64726053728474, 2.1027016157039244, 17.158327644577838, 55.94840968003239, 54.62335466123215, 39.36157028196287, 40.38667929845412, 13.00663159264169, 56.86425065771274, 52.042711878005626, 55.97846135131122, 72.0318184460614, 31.06873567078657, 57.52051259065118, 17.000479439520632, 16.94637284051021, 70.64632543707161, 22.75196234441316, 8.760426837513567, 25.57106323223976, 20.801583148656416, 43.20623437025816, 14.948163528355805, 34.95863880001244, 50.14279116085672, 53.26614793476575, 36.33726697180318, 67.91627651352859, 41.04374282926442, 77.54596576877147, 39.802020146425896, 36.54409885894203, 69.90934439589472, 33.63649552514798, 7.506901521498463, 63.58177593186214, 65.99944633276829, 40.86325034067516, 51.901268657306176, 41.97246191975088, 48.942621185787566, 40.735753817401246, 34.92787275518556, 59.80758778011707, 60.46730144162366, 33.423104067667204, 11.684894045278694, 26.57839377974752, 45.825475035279084, 60.807272463242455, 7.378453327690359, 44.5839977488785, 29.76517747500813, 68.68886565655744, 76.81168637260258, 52.61540458027671], [55.705638216089234, 19.648038093567152, 45.4948698733739, 67.31325912909736, 25.502248821161484, 33.815026955586276, 53.14058590929411, 19.544469703479024, 47.110806231598154, 6.557327295737792, 26.71749796569213, 72.14922243879387, 14.88888182259542, 45.02426344940097, 20.390281409798373, 37.593834549953755, 30.949681862284766, 34.2649772005183, 33.03622824370285, 0.0, 57.77857881846599, 38.875708004396564, 5.526651301350527, 42.80933212441634, 48.184557815595454, 24.12764286729708, 61.56422145670181, 65.35622894931294, 30.854821785732835, 49.39685195724913, 31.513982557876236, 35.84132762585187, 37.8365937115044, 19.80476914851204, 32.859525670377195, 44.10687114141075, 28.21534096567937, 39.56467217491311, 47.71317460750053, 34.218936283408276, 26.22285856306051, 36.010419653278944, 62.95782655004105, 32.58426295435021, 44.39144958534222, 6.475602377183139, 43.51704974217464, 17.602391669976434, 48.71749769969521, 46.45176288973869, 10.868560155094642, 24.97515793944673, 56.24068800231627, 53.676639319932235, 68.40631915719328, 24.631774931824474, 20.384883514786647, 19.884501189912626, 39.53833835389889, 49.0095275414019, 45.13440418240719, 67.8523993896646, 52.397593366001374, 30.162383771394442, 21.064533161423455, 48.75531484990812, 62.326406999292224, 38.85039897806296, 45.11011890403925, 44.22093190229121, 31.744182171786385, 20.651880524917363, 52.698870708153514, 42.80884825075066, 38.91396526373195, 2.5484306544031217, 32.513891780649786, 47.8360230954996, 46.816115617357404, 25.18040683747696, 59.33464752180699, 28.387442370174732, 50.328961426041275, 26.47104007792148, 16.916046637257715, 21.61910459224833, 35.68665921676474, 52.698559069292315, 20.306997125045985], [83.80325867664965, 40.102839676877956, 32.73415050863445, 70.77537718773566, 54.214376541020165, 34.73673904566572, 73.2827783140523, 77.02191421053551, 32.570221492646404, 52.55967207115132, 83.75221830562798, 70.42132631112463, 51.23136817732413, 52.50055306426842, 75.43693692407791, 90.83273370938743, 60.753883119293064, 30.076917216936234, 32.0521869835167, 57.77857881846599, 0.0, 24.38996512677367, 58.69704079928255, 29.370530649861504, 102.66747606096293, 60.4569102502757, 4.103770539508324, 7.811087555345883, 88.2414962806211, 104.6100608193105, 84.97689122519705, 80.34797838383702, 39.19825553944385, 76.94904369209202, 33.91454634137503, 42.321221664800895, 70.49366775664565, 57.932766898200164, 69.44520684810811, 72.43845456849573, 31.758208144204286, 64.7213078121745, 79.80295013499378, 86.30562358834018, 101.12360471238097, 52.97402322197044, 89.45626217456305, 46.73571556000907, 34.1500453105173, 78.78240250940658, 50.30533161507855, 39.55082990654323, 12.654634853257967, 29.56924911762221, 61.14556534924422, 46.82471220043864, 65.98536721758653, 68.45434738338673, 85.16621075268716, 65.24981248207918, 75.0814501949615, 10.084735663967566, 85.67954785506141, 71.72109645475896, 48.768784487577044, 101.09884359636045, 7.729422050375788, 33.92525222026414, 95.13767685021008, 96.98547217993152, 45.26073131681675, 71.05350107205507, 25.152340368872323, 80.93778533583512, 38.48942590383577, 60.22562018598966, 88.85242441620963, 92.49390888777211, 62.49272405265739, 33.23276508133035, 22.386743345141486, 54.600865364719596, 92.85623937689294, 38.57731196266856, 72.9272707769971, 61.28975901356081, 90.34537193175811, 107.35488099864867, 73.25541208610234], [60.00759883503337, 19.266318846602164, 13.263007880348757, 51.55517689433076, 45.68796713068069, 10.36811667986697, 71.7307204374676, 56.608560179103726, 39.08248388487473, 35.41697760776125, 65.5799294895172, 52.98384029489284, 38.06148366379449, 53.36258221968816, 58.74503949955909, 67.8117574264332, 36.36632597130651, 5.83518124201128, 7.791142955949543, 38.875708004396564, 24.38996512677367, 0.0, 38.127182406651876, 8.57580624358968, 79.77805907558516, 36.40156975843264, 28.465413830815148, 31.97654367981061, 69.58712591127936, 81.96328965879371, 62.188135715342845, 69.03465048636251, 38.958552209365415, 58.67336691938724, 9.54348943574207, 20.725849856590163, 59.329011316446206, 54.94