instance_id,num_cities,city_coordinates,distance_matrix,best_route,total_distance
1327,38,"[[53.462932955423405, 62.12798133858457], [63.1370226940263, 60.67826106712189], [39.75414750524219, 67.07468538070016], [15.015974853335978, 72.39018756443082], [9.293397329982966, 54.70013389183258], [11.969513543753296, 83.89402441571897], [96.49011580957178, 72.86875818016749], [14.44963815159288, 17.753545654370285], [16.57008090283011, 9.383360722350243], [23.52990786147532, 35.9169119502438], [35.659853625891124, 37.041078759699275], [34.350642699515355, 93.85800794109048], [91.8824913241792, 21.298300584976783], [92.43620817140568, 82.46754808216964], [16.329306516957075, 45.83097074685746], [80.08978937329233, 7.950560369558302], [18.574378625427734, 59.94977153095529], [64.76793639728167, 31.675435896301572], [9.485180625376922, 45.95101428767525], [89.09628207644909, 9.234937400111164], [97.06935137331854, 88.54495503010514], [80.90623235825393, 53.80611908510262], [30.370873290442347, 65.28707247318732], [13.81665300918069, 60.238134196975146], [68.3558411748901, 17.999812480511366], [77.24665012355766, 34.64576760813991], [51.719510322179254, 80.92465205594904], [25.620304982090037, 74.83041041741714], [70.25646408389622, 3.6247869363839613], [26.699466244848015, 92.57958979284466], [55.87447730374856, 1.6231851510124518], [50.61633790041283, 73.83260953195584], [14.38084574129601, 97.22292417178112], [39.127876132200136, 52.14913212301585], [43.83512390505988, 80.61582699881681], [31.485745291995492, 69.86621922040963], [89.79798803054028, 56.77121921904611], [86.13124780853333, 59.647202678811794]]","[[0.0, 9.782111282132893, 14.573972670462332, 39.7929825965014, 44.78973984138859, 46.8557839088029, 44.34752249590729, 59.08576574559274, 64.36674247253025, 39.78700981168779, 30.762027153880826, 37.04152031196628, 56.06358261556038, 43.96150766724738, 40.552419985722565, 60.367064079288255, 34.9564846802866, 32.48323608778439, 46.85869143466466, 63.7762468843862, 50.98407816421744, 28.67730938354095, 23.30714646557512, 39.69129672603928, 46.57353327803335, 36.34470076723215, 18.87735025195896, 30.60332722048727, 60.86580684608281, 40.54113476235762, 60.55283567136704, 12.045805267904354, 52.526798431638625, 17.466289983625497, 20.844547111099107, 23.299723241043882, 36.727797752071915, 32.76237259571881], [9.782111282132893, 0.0, 24.241969723881574, 49.5257959811286, 54.17447735666107, 56.18794942424341, 35.511083343618516, 64.90756971916682, 69.27948375359554, 46.71025535625767, 36.24515426140737, 43.92665791759041, 48.75534077762573, 36.513220869460525, 49.10605180186334, 55.385979443659565, 44.568598176170035, 29.048644501880542, 55.63642651233108, 57.622033091454966, 43.90849077372264, 19.051801686777875, 33.08869428240806, 49.3223334556635, 42.99634914845868, 29.61034113096509, 23.243836534310372, 40.09722483053129, 57.49595947621515, 48.42922975284326, 59.499971067247536, 18.16051847374691, 60.931742076515334, 25.479112213192128, 27.750132110319502, 32.95788124571834, 26.945724126054127, 23.017329775991186], [14.573972670462332, 24.241969723881574, 0.0, 25.30280122082861, 32.87836409844914, 32.47885542855274, 57.03105626792668, 55.43368125547031, 62.175476556759996, 35.128802956577225, 30.311396685661315, 27.32296161764727, 69.37464691276953, 54.88478603565492, 31.623070482965197, 71.57252380097219, 22.346073640992124, 43.34508621279016, 36.91097176207471, 76.02685506122911, 61.20461643746585, 43.23828094744454, 9.55203616498776, 26.82334902320947, 56.80140870561277, 49.57138751824348, 18.30277258358538, 16.12193460210103, 70.40085886733536, 28.651786190098424, 67.40744703020151, 12.792838583170749, 39.40457771133086, 14.938686551389402, 14.142732575346248, 8.726920209229942, 51.0935161196195, 46.968105474123384], [39.7929825965014, 49.5257959811286, 25.30280122082861, 0.0, 18.592630057369277, 11.900386078268202, 81.47554648108122, 54.63957701582182, 63.02599046679869, 37.4537967273751, 40.93567177981451, 28.891117881567105, 92.29757455905175, 78.07333553799806, 26.5916685828765, 91.58093081636501, 12.93932720396203, 64.28801350848916, 27.01147105120954, 97.34720099514223, 83.62854243737623, 68.46089128333604, 16.918249023267826, 12.211092249727653, 76.1804058860985, 72.78254036803492, 37.68270956379891, 10.881475315959587, 88.2053965127272, 23.326292749518032, 81.71527307101857, 35.629572411356186, 24.840857400641312, 31.481488348934924, 29.970059996102858, 16.662045327743048, 76.39569141653008, 72.24794606967964], [44.78973984138859, 54.17447735666107, 32.87836409844914, 18.592630057369277, 0.0, 29.316289702318546, 89.06944830939135, 37.30465388928067, 45.897277199346554, 23.5687856840414, 31.733771376307583, 46.48875827086047, 89.08782697451522, 87.65703785452901, 11.321045578016706, 84.83897542323626, 10.662800248925679, 60.06297697013244, 8.751221325063277, 91.84543813324967, 94.07491709323703, 71.61841525237071, 23.58692988477137, 7.15047476180104, 69.53621980397763, 70.85070339995204, 49.87685251263035, 25.919026727038446, 79.53104157913145, 41.687221236558216, 70.61840765096586, 45.53720502520097, 42.826041429605155, 29.94334208842513, 43.1827977787772, 26.879554539849085, 80.53122697622865, 76.99693991157808], [46.8557839088029, 56.18794942424341, 32.47885542855274, 11.900386078268202, 29.316289702318546, 0.0, 85.23666290359725, 66.1869620760073, 74.65255671476831, 49.35023847263631, 52.501721208483076, 24.498896097187263, 101.51014067387253, 80.47933759065141, 38.31192829090999, 102.01853611193889, 24.83850818701953, 74.25937276048202, 38.02425446509316, 107.34299091370677, 85.22683588047921, 75.21670856992918, 26.169231955079436, 23.727896372118607, 86.72638070557285, 81.77099338178355, 39.860750320281724, 16.38576228325007, 99.19939056659042, 17.100016154869913, 93.25307949920835, 39.93506106565637, 13.545260856626557, 41.77696548531105, 32.033790003725656, 24.03461296232258, 82.41916040992604, 78.02481139676792], [44.34752249590729, 35.511083343618516, 57.03105626792668, 81.47554648108122, 89.06944830939135, 85.23666290359725, 0.0, 98.8348452020497, 102.06668246725684, 81.78405030095662, 70.59704958418, 65.58858684193333, 51.77588531329766, 10.419737747254482, 84.59785633061752, 66.95777112623978, 78.97950567704972, 51.99217698315744, 91.0737266321509, 64.06193818751811, 15.686894578478693, 24.62197458964154, 66.55250701110275, 83.63273350556254, 61.661484018887386, 42.79378436032635, 45.489609163473766, 70.89695456239961, 74.04682327064384, 72.52069807668285, 82.00952241958474, 45.88390250498734, 85.64495100291737, 60.98958472356101, 53.22184934540608, 65.07367691003179, 17.433167664417898, 16.796299477514896], [59.08576574559274, 64.90756971916682, 55.43368125547031, 54.63957701582182, 37.30465388928067, 66.1869620760073, 98.8348452020497, 0.0, 8.634597457756202, 20.30662879953939, 28.66848746891476, 78.6634550599403, 77.51394737700674, 101.34005730055803, 28.14027279519478, 66.36812467519186, 42.397346169356794, 52.208717339640415, 28.631155684949565, 75.13113958828126, 108.80000300663171, 75.6059982046872, 50.12905245645217, 42.48930375782765, 53.90676554699416, 65.02931550572022, 73.34597504711103, 58.159713622206816, 57.56755721367269, 75.8221284964173, 44.45453664982076, 66.72999008023015, 79.46940829236891, 42.332869006831565, 69.39144896019654, 54.82663306003619, 84.85135638208665, 83.02609024813535], [64.36674247253025, 69.27948375359554, 62.175476556759996, 63.02599046679869, 45.897277199346554, 74.65255671476831, 102.06668246725684, 8.634597457756202, 0.0, 27.431159874448188, 33.606082628768654, 86.32563003266388, 76.24909806288686, 105.34214592828879, 36.448405298496276, 63.53586609957773, 50.606117332052044, 53.103388684952414, 37.24767239996457, 72.52635304604, 112.90124250700885, 78.18261855841564, 57.58200116396316, 50.92925829344994, 52.497697167170905, 65.7254536238506, 79.70971555704277, 66.0698332801996, 53.994341473090266, 83.81060182910791, 40.06314891940621, 72.88932217868333, 87.86684048933982, 48.35044290494326, 76.27218904516498, 62.29488916649977, 87.22348029749453, 85.82080021479202], [39.78700981168779, 46.71025535625767, 35.128802956577225, 37.4537967273751, 23.5687856840414, 49.35023847263631, 81.78405030095662, 20.30662879953939, 27.431159874448188, 0.0, 12.18192658257101, 58.94284440927229, 69.89835094102445, 83.15671919147165, 12.253049479431258, 63.0962520072729, 24.538451655218964, 41.45558004221077, 17.260868253203586, 70.78754970750084, 90.43097185393574, 60.10046875585515, 30.156344890317726, 26.18910405875934, 48.27407949228027, 53.73178023469393, 53.10697088250499, 38.9696051183044, 56.79922881798496, 56.75125690801904, 47.14054380452515, 46.596939978523274, 61.984937462146256, 22.511809920836797, 49.09475333573019, 34.86905237234015, 69.47201293294474, 66.94814755636993], [30.762027153880826, 36.24515426140737, 30.311396685661315, 40.93567177981451, 31.733771376307583, 52.501721208483076, 70.59704958418, 28.66848746891476, 33.606082628768654, 12.18192658257101, 0.0, 56.83201100482865, 58.38510130514019, 72.71257491371979, 21.23516547325747, 53.1062844748654, 28.57834250755731, 29.598489927083342, 27.649601403935932, 60.23813893922186, 80.14846027509556, 48.25247522671571, 28.736900908956244, 31.862655164658033, 37.83645627327214, 41.65572179726471, 46.729868162129, 39.100206190098866, 48.09962592790008, 56.256686267475516, 40.78061056572908, 39.71540203019374, 63.832990637728834, 15.500982437674304, 44.335016953193296, 33.08947002670882, 57.621315841981705, 55.30278898379286], [37.04152031196628, 43.92665791759041, 27.32296161764727, 28.891117881567105, 46.48875827086047, 24.498896097187263, 65.58858684193333, 78.6634550599403, 86.32563003266388, 58.94284440927229, 56.83201100482865, 0.0, 92.60034955536666, 59.19185325690474, 51.296830891011446, 97.32501778423075, 37.39864976948988, 69.22343549695823, 53.97565418842817, 100.78764358081222, 62.94334713807588, 61.413164137709515, 28.846783495919954, 39.39467785339824, 83.13133790505873, 73.11741829530492, 21.65523624773798, 20.934857634653234, 97.1146857183365, 7.757245265055125, 94.7129240979682, 25.799019783958293, 20.25130740945068, 41.981570733810464, 16.288362098327845, 24.16223423389076, 66.70710608302154, 62.06134273563225], [56.06358261556038, 48.75534077762573, 69.37464691276953, 92.29757455905175, 89.08782697451522, 101.51014067387253, 51.77588531329766, 77.51394737700674, 76.24909806288686, 69.89835094102445, 58.38510130514019, 92.60034955536666, 0.0, 61.17175362632444, 79.43636220136148, 17.810951354735398, 82.87349150205189, 29.032465037493573, 86.0062387463966, 12.38094072767122, 67.44639390828733, 34.310880555942866, 75.62202857211226, 87.2386712046533, 23.75675253527604, 19.808147908985287, 71.89135436689814, 85.18429504284346, 27.929162874752585, 96.59114322560025, 41.032758145600575, 66.8038100330398, 108.49448619562546, 61.11320013419567, 76.33556481591302, 77.5023202998086, 35.53411192643619, 38.77776545623538], [43.96150766724738, 36.513220869460525, 54.88478603565492, 78.07333553799806, 87.65703785452901, 80.47933759065141, 10.419737747254482, 101.34005730055803, 105.34214592828879, 83.15671919147165, 72.71257491371979, 59.19185325690474, 61.17175362632444, 0.0, 84.46596520662168, 75.53287704635562, 77.21800388956916, 57.839190202393006, 90.63294219711987, 73.30873326984799, 7.642047575110092, 30.89365395037917, 64.39933645649589, 81.70178269527182, 68.81826071830204, 50.17614334915783, 40.745920187092686, 67.25095382754346, 81.90312590419748, 66.50994381802826, 88.72751085082717, 42.70203406453421, 79.43777896971726, 61.326866959550934, 48.63634713704329, 62.239476333727175, 25.831405740947652, 23.675318150047048], [40.552419985722565, 49.10605180186334, 31.623070482965197, 26.5916685828765, 11.321045578016706, 38.31192829090999, 84.59785633061752, 28.14027279519478, 36.448405298496276, 12.253049479431258, 21.23516547325747, 51.296830891011446, 79.43636220136148, 84.46596520662168, 0.0, 74.1641737257661, 14.296184258510182, 50.46464139958172, 6.8451785711908135, 81.45122705516397, 91.34242878726617, 65.06752140760679, 23.993863628843553, 14.624629442435385, 59.00282772002975, 61.9357047375665, 49.84007416927914, 30.45143927116637, 68.4799260739449, 47.88500386852661, 59.31398519611297, 44.26841194058361, 51.428876871110184, 23.657851543964508, 44.345870322467846, 28.41497502245744, 74.27877354922838, 71.15616117294562], [60.367064079288255, 55.385979443659565, 71.57252380097219, 91.58093081636501, 84.83897542323626, 102.01853611193889, 66.95777112623978, 66.36812467519186, 63.53586609957773, 63.0962520072729, 53.1062844748654, 97.32501778423075, 17.810951354735398, 75.53287704635562, 74.1641737257661, 0.0, 80.54851780688486, 28.242324574615814, 80.181327467367, 9.097611508996613, 82.36359618431383, 45.86282638763583, 75.89101552004081, 84.41634308766108, 15.44904554696767, 26.846182788325827, 78.29489632723059, 86.25450175073482, 10.742746485058376, 100.06297629436756, 25.028324270347394, 72.174294202027, 110.84773435695152, 60.26103286051692, 81.20739955518017, 78.71405155365623, 49.77655925901933, 52.04845863304352], [34.9564846802866, 44.568598176170035, 22.346073640992124, 12.93932720396203, 10.662800248925679, 24.83850818701953, 78.97950567704972, 42.397346169356794, 50.606117332052044, 24.538451655218964, 28.57834250755731, 37.39864976948988, 82.87349150205189, 77.21800388956916, 14.296184258510182, 80.54851780688486, 0.0, 54.15978983713523, 16.690677776543797, 86.86387780472508, 83.54127881497969, 62.63389222414547, 12.94774373123245, 4.7664563426771664, 65.09987002980456, 63.89622881889137, 39.224295637178294, 16.46446148201602, 76.44306277822166, 33.626211333232085, 69.23357595956895, 34.92019967213573, 37.50831408950015, 21.983999520869652, 32.637265520922355, 16.28002837762396, 71.2945000087074, 67.55754674152644], [32.48323608778439, 29.048644501880542, 43.34508621279016, 64.28801350848916, 60.06297697013244, 74.25937276048202, 51.99217698315744, 52.208717339640415, 53.103388684952414, 41.45558004221077, 29.598489927083342, 69.22343549695823, 29.032465037493573, 57.839190202393006, 50.46464139958172, 28.242324574615814, 54.15978983713523, 0.0, 57.09619272897557, 33.09749803599341, 65.40277987948363, 27.38999333565116, 48.092619639114396, 58.41113774880503, 14.138448871912885, 12.827360084627745, 50.94847117801567, 58.26567489815795, 28.582561873269185, 71.82286809645335, 31.340570982451442, 44.469034495514784, 82.67606741977175, 32.81135363834884, 53.22916982352505, 50.65807117999817, 35.44434828496265, 35.19674432940151], [46.85869143466466, 55.63642651233108, 36.91097176207471, 27.01147105120954, 8.751221325063277, 38.02425446509316, 91.0737266321509, 28.631155684949565, 37.24767239996457, 17.260868253203586, 27.649601403935932, 53.97565418842817, 86.0062387463966, 90.63294219711987, 6.8451785711908135, 80.181327467367, 16.690677776543797, 57.09619272897557, 0.0, 87.66982249478107, 97.39214934261499, 71.85171746039798, 28.462173217326118, 14.929281573952853, 65.16919790822048, 68.69807385245981, 54.835152445166294, 33.081139019464665, 74.05847969671603, 49.7046847191491, 64.16325492276053, 49.690597220697896, 51.50510926200526, 30.28375904030087, 48.801309855535216, 32.495566968815126, 81.0384098317318, 77.86016434024802], [63.7762468843862, 57.622033091454966, 76.02685506122911, 97.34720099514223, 91.84543813324967, 107.34299091370677, 64.06193818751811, 75.13113958828126, 72.52635304604, 70.78754970750084, 60.23813893922186, 100.78764358081222, 12.38094072767122, 73.30873326984799, 81.45122705516397, 9.097611508996613, 86.86387780472508, 33.09749803599341, 87.66982249478107, 0.0, 79.70977813595167, 45.317404506249325, 81.18198989513606, 90.9304604409609, 22.516414545084242, 28.03790415277597, 80.84824212193014, 91.27960203927114, 19.65737851846419, 104.11384974338583, 34.082650786831216, 75.1901944979807, 115.43085481310392, 65.8670608219665, 84.52102601671443, 83.636871556541, 47.541460646631506, 50.499385330318624], [50.98407816421744, 43.90849077372264, 61.20461643746585, 83.62854243737623, 94.07491709323703, 85.22683588047921, 15.686894578478693, 108.80000300663171, 112.90124250700885, 90.43097185393574, 80.14846027509556, 62.94334713807588, 67.44639390828733, 7.642047575110092, 91.34242878726617, 82.36359618431383, 83.54127881497969, 65.40277987948363, 97.39214934261499, 79.70977813595167, 0.0, 38.3149205807469, 70.63721455156126, 87.93342874350483, 76.16483969166981, 57.42875490192528, 45.985618412516, 72.75338455459878, 89.05260172426816, 70.48545247540689, 96.18945747077314, 48.72715434714892, 83.14262512141953, 68.42419512278784, 53.82150170219024, 68.19167513764825, 32.59513786216703, 30.89857926427439], [28.67730938354095, 19.051801686777875, 43.23828094744454, 68.46089128333604, 71.61841525237071, 75.21670856992918, 24.62197458964154, 75.6059982046872, 78.18261855841564, 60.10046875585515, 48.25247522671571, 61.413164137709515, 34.310880555942866, 30.89365395037917, 65.06752140760679, 45.86282638763583, 62.63389222414547, 27.38999333565116, 71.85171746039798, 45.317404506249325, 38.3149205807469, 0.0, 51.82311074040249, 67.39719931595786, 37.94211263909077, 19.506706817227034, 39.840677375039334, 59.1485806411997, 51.298963542332324, 66.64649670611068, 57.87613804564343, 36.31167891856635, 79.43957469970717, 41.81120250296053, 45.7496177073333, 51.96452018658795, 9.373107155044595, 7.83703030518301], [23.30714646557512, 33.08869428240806, 9.55203616498776, 16.918249023267826, 23.58692988477137, 26.169231955079436, 66.55250701110275, 50.12905245645217, 57.58200116396316, 30.156344890317726, 28.736900908956244, 28.846783495919954, 75.62202857211226, 64.39933645649589, 23.993863628843553, 75.89101552004081, 12.94774373123245, 48.092619639114396, 28.462173217326118, 81.18198989513606, 70.63721455156126, 51.82311074040249, 0.0, 17.307050206130885, 60.654288741996304, 56.00203583389454, 26.463147929149596, 10.660356390388548, 73.43771381630232, 27.538350192744577, 68.58224527265135, 21.975100475227716, 35.71525731024536, 15.78893838784665, 20.402371428837267, 4.712910407852433, 60.03417129417905, 56.0448703959183], [39.69129672603928, 49.3223334556635, 26.82334902320947, 12.211092249727653, 7.15047476180104, 23.727896372118607, 83.63273350556254, 42.48930375782765, 50.92925829344994, 26.18910405875934, 31.862655164658033, 39.39467785339824, 87.2386712046533, 81.70178269527182, 14.624629442435385, 84.41634308766108, 4.7664563426771664, 58.41113774880503, 14.929281573952853, 90.9304604409609, 87.93342874350483, 67.39719931595786, 17.307050206130885, 0.0, 68.98259829259952, 68.39834619014702, 43.18053512427995, 18.768610102808456, 79.94074907203377, 34.812880187147464, 72.14272545484782, 39.23042910455324, 36.98909302645146, 26.57235350012851, 36.28166146764748, 20.12204868588457, 76.06038897542055, 72.31700920982365], [46.57353327803335, 42.99634914845868, 56.80140870561277, 76.1804058860985, 69.53621980397763, 86.72638070557285, 61.661484018887386, 53.90676554699416, 52.497697167170905, 48.27407949228027, 37.83645627327214, 83.13133790505873, 23.75675253527604, 68.81826071830204, 59.00282772002975, 15.44904554696767, 65.09987002980456, 14.138448871912885, 65.16919790822048, 22.516414545084242, 76.16483969166981, 37.94211263909077, 60.654288741996304, 68.98259829259952, 0.0, 18.871521027006015, 65.08688761828627, 71.10585711143888, 14.500128511035834, 85.42480176312651, 20.590734974087933, 58.58319898241284, 95.86240951542948, 44.94941570902395, 67.24604709262537, 63.6359027477603, 44.30561637382067, 45.28211778749817], [36.34470076723215, 29.61034113096509, 49.57138751824348, 72.78254036803492, 70.85070339995204, 81.77099338178355, 42.79378436032635, 65.02931550572022, 65.7254536238506, 53.73178023469393, 41.65572179726471, 73.11741829530492, 19.808147908985287, 50.17614334915783, 61.9357047375665, 26.846182788325827, 63.89622881889137, 12.827360084627745, 68.69807385245981, 28.03790415277597, 57.42875490192528, 19.506706817227034, 56.00203583389454, 68.39834619014702, 18.871521027006015, 0.0, 52.85234159592919, 65.42235879556112, 31.79880410811913, 76.88527525473958, 39.335235135658834, 47.37913157777709, 88.7018031621638, 41.945306053774516, 56.82936252177853, 57.74548140569548, 25.437603901346733, 26.533145905016557], [18.87735025195896, 23.243836534310372, 18.30277258358538, 37.68270956379891, 49.87685251263035, 39.860750320281724, 45.489609163473766, 73.34597504711103, 79.70971555704277, 53.10697088250499, 46.729868162129, 21.65523624773798, 71.89135436689814, 40.745920187092686, 49.84007416927914, 78.29489632723059, 39.224295637178294, 50.94847117801567, 54.835152445166294, 80.84824212193014, 45.985618412516, 39.840677375039334, 26.463147929149596, 43.18053512427995, 65.08688761828627, 52.85234159592919, 0.0, 26.801274233382216, 79.49143225698596, 27.601452485014473, 79.4102411776509, 7.177329346927995, 40.74076026101397, 31.409867860035423, 7.890432313274678, 23.0584948354142, 45.09277971463867, 40.45859029707269], [30.60332722048727, 40.09722483053129, 16.12193460210103, 10.881475315959587, 25.919026727038446, 16.38576228325007, 70.89695456239961, 58.159713622206816, 66.0698332801996, 38.9696051183044, 39.100206190098866, 20.934857634653234, 85.18429504284346, 67.25095382754346, 30.45143927116637, 86.25450175073482, 16.46446148201602, 58.26567489815795, 33.081139019464665, 91.27960203927114, 72.75338455459878, 59.1485806411997, 10.660356390388548, 18.768610102808456, 71.10585711143888, 65.42235879556112, 26.801274233382216, 0.0, 84.03944023305021, 17.781955953497885, 79.21245340269881, 25.015940283365406, 25.05494195293316, 26.398766324269126, 19.111532471701857, 7.684177527199033, 66.67015365369019, 62.38672934990851], [60.86580684608281, 57.49595947621515, 70.40085886733536, 88.2053965127272, 79.53104157913145, 99.19939056659042, 74.04682327064384, 57.56755721367269, 53.994341473090266, 56.79922881798496, 48.09962592790008, 97.1146857183365, 27.929162874752585, 81.90312590419748, 68.4799260739449, 10.742746485058376, 76.44306277822166, 28.582561873269185, 74.05847969671603, 19.65737851846419, 89.05260172426816, 51.298963542332324, 73.43771381630232, 79.94074907203377, 14.500128511035834, 31.79880410811913, 79.49143225698596, 84.03944023305021, 0.0, 99.04629731586456, 14.520604445116751, 72.90317489735577, 109.00777962652097, 57.65068138069041, 81.39844879812473, 76.75347540456917, 56.62521013235056, 58.22817036384905], [40.54113476235762, 48.42922975284326, 28.651786190098424, 23.326292749518032, 41.687221236558216, 17.100016154869913, 72.52069807668285, 75.8221284964173, 83.81060182910791, 56.75125690801904, 56.256686267475516, 7.757245265055125, 96.59114322560025, 66.50994381802826, 47.88500386852661, 100.06297629436756, 33.626211333232085, 71.82286809645335, 49.7046847191491, 104.11384974338583, 70.48545247540689, 66.64649670611068, 27.538350192744577, 34.812880187147464, 85.42480176312651, 76.88527525473958, 27.601452485014473, 17.781955953497885, 99.04629731586456, 0.0, 95.52093391323018, 30.388583690111563, 13.164686295736221, 42.29760371131975, 20.898860821579305, 23.212187959731853, 72.55110512383642, 67.94614618109054], [60.55283567136704, 59.499971067247536, 67.40744703020151, 81.71527307101857, 70.61840765096586, 93.25307949920835, 82.00952241958474, 44.45453664982076, 40.06314891940621, 47.14054380452515, 40.78061056572908, 94.7129240979682, 41.032758145600575, 88.72751085082717, 59.31398519611297, 25.028324270347394, 69.23357595956895, 31.340570982451442, 64.16325492276053, 34.082650786831216, 96.18945747077314, 57.87613804564343, 68.58224527265135, 72.14272545484782, 20.590734974087933, 39.335235135658834, 79.4102411776509, 79.21245340269881, 14.520604445116751, 95.52093391323018, 0.0, 72.4006146342149, 104.2162730147247, 53.228939198678454, 79.9048402561072, 72.4701452195179, 64.74650756295473, 65.43896982261853], [12.045805267904354, 18.16051847374691, 12.792838583170749, 35.629572411356186, 45.53720502520097, 39.93506106565637, 45.88390250498734, 66.72999008023015, 72.88932217868333, 46.596939978523274, 39.71540203019374, 25.799019783958293, 66.8038100330398, 42.70203406453421, 44.26841194058361, 72.174294202027, 34.92019967213573, 44.469034495514784, 49.690597220697896, 75.1901944979807, 48.72715434714892, 36.31167891856635, 21.975100475227716, 39.23042910455324, 58.58319898241284, 47.37913157777709, 7.177329346927995, 25.015940283365406, 72.90317489735577, 30.388583690111563, 72.4006146342149, 0.0, 43.12908196291038, 24.538906787868434, 9.591501574492835, 19.537446753676893, 42.73514649944664, 38.243098637154674], [52.526798431638625, 60.931742076515334, 39.40457771133086, 24.840857400641312, 42.826041429605155, 13.545260856626557, 85.64495100291737, 79.46940829236891, 87.86684048933982, 61.984937462146256, 63.832990637728834, 20.25130740945068, 108.49448619562546, 79.43777896971726, 51.428876871110184, 110.84773435695152, 37.50831408950015, 82.67606741977175, 51.50510926200526, 115.43085481310392, 83.14262512141953, 79.43957469970717, 35.71525731024536, 36.98909302645146, 95.86240951542948, 88.7018031621638, 40.74076026101397, 25.05494195293316, 109.00777962652097, 13.164686295736221, 104.2162730147247, 43.12908196291038, 0.0, 51.42044576648152, 33.81346150071974, 32.26401857233399, 85.58087277341382, 80.99416671913731], [17.466289983625497, 25.479112213192128, 14.938686551389402, 31.481488348934924, 29.94334208842513, 41.77696548531105, 60.98958472356101, 42.332869006831565, 48.35044290494326, 22.511809920836797, 15.500982437674304, 41.981570733810464, 61.11320013419567, 61.326866959550934, 23.657851543964508, 60.26103286051692, 21.983999520869652, 32.81135363834884, 30.28375904030087, 65.8670608219665, 68.42419512278784, 41.81120250296053, 15.78893838784665, 26.57235350012851, 44.94941570902395, 41.945306053774516, 31.409867860035423, 26.398766324269126, 57.65068138069041, 42.29760371131975, 53.228939198678454, 24.538906787868434, 51.42044576648152, 0.0, 28.853264958181867, 19.295008136703235, 50.88048672048648, 47.59766812568884], [20.844547111099107, 27.750132110319502, 14.142732575346248, 29.970059996102858, 43.1827977787772, 32.033790003725656, 53.22184934540608, 69.39144896019654, 76.27218904516498, 49.09475333573019, 44.335016953193296, 16.288362098327845, 76.33556481591302, 48.63634713704329, 44.345870322467846, 81.20739955518017, 32.637265520922355, 53.22916982352505, 48.801309855535216, 84.52102601671443, 53.82150170219024, 45.7496177073333, 20.402371428837267, 36.28166146764748, 67.24604709262537, 56.82936252177853, 7.890432313274678, 19.111532471701857, 81.39844879812473, 20.898860821579305, 79.9048402561072, 9.591501574492835, 33.81346150071974, 28.853264958181867, 0.0, 16.372575225614458, 51.77982424447262, 47.208529982742355], [23.299723241043882, 32.95788124571834, 8.726920209229942, 16.662045327743048, 26.879554539849085, 24.03461296232258, 65.07367691003179, 54.82663306003619, 62.29488916649977, 34.86905237234015, 33.08947002670882, 24.16223423389076, 77.5023202998086, 62.239476333727175, 28.41497502245744, 78.71405155365623, 16.28002837762396, 50.65807117999817, 32.495566968815126, 83.636871556541, 68.19167513764825, 51.96452018658795, 4.712910407852433, 20.12204868588457, 63.6359027477603, 57.74548140569548, 23.0584948354142, 7.684177527199033, 76.75347540456917, 23.212187959731853, 72.4701452195179, 19.537446753676893, 32.26401857233399, 19.295008136703235, 16.372575225614458, 0.0, 59.76451018986669, 55.592798493711335], [36.727797752071915, 26.945724126054127, 51.0935161196195, 76.39569141653008, 80.53122697622865, 82.41916040992604, 17.433167664417898, 84.85135638208665, 87.22348029749453, 69.47201293294474, 57.621315841981705, 66.70710608302154, 35.53411192643619, 25.831405740947652, 74.27877354922838, 49.77655925901933, 71.2945000087074, 35.44434828496265, 81.0384098317318, 47.541460646631506, 32.59513786216703, 9.373107155044595, 60.03417129417905, 76.06038897542055, 44.30561637382067, 25.437603901346733, 45.09277971463867, 66.67015365369019, 56.62521013235056, 72.55110512383642, 64.74650756295473, 42.73514649944664, 85.58087277341382, 50.88048672048648, 51.77982424447262, 59.76451018986669, 0.0, 4.660071320970247], [32.76237259571881, 23.017329775991186, 46.968105474123384, 72.24794606967964, 76.99693991157808, 78.02481139676792, 16.796299477514896, 83.02609024813535, 85.82080021479202, 66.94814755636993, 55.30278898379286, 62.06134273563225, 38.77776545623538, 23.675318150047048, 71.15616117294562, 52.04845863304352, 67.55754674152644, 35.19674432940151, 77.86016434024802, 50.499385330318624, 30.89857926427439, 7.83703030518301, 56.0448703959183, 72.31700920982365, 45.28211778749817, 26.533145905016557, 40.45859029707269, 62.38672934990851, 58.22817036384905, 67.94614618109054, 65.43896982261853, 38.243098637154674, 80.99416671913731, 47.59766812568884, 47.208529982742355, 55.592798493711335, 4.660071320970247, 0.0]]",Route_2,1795.0064161593734
