instance_id,num_cities,city_coordinates,distance_matrix,best_route,total_distance
1806,51,"[[22.442903465508344, 97.0206907395867], [6.161085636157138, 72.79406316911954], [2.7020884152016866, 33.14682215507062], [23.32538927711878, 30.289252546267665], [91.9759146689099, 41.37532967335568], [29.55748291472442, 15.60051124795242], [98.43754912803901, 84.96766884683524], [19.67872484924813, 74.07224668746657], [31.981249887343477, 6.189833636343645], [22.27613029264096, 47.20949337837773], [13.73515878921241, 54.57937698018244], [28.71756007553926, 32.177556807069315], [54.6899790416717, 93.47815648061471], [12.643668820079546, 1.0608805308102043], [70.14331820435204, 5.996263859986783], [79.36282077980744, 44.31217608723226], [27.19446456132164, 3.8434611531277696], [45.01519949923608, 88.98471434779714], [73.23590193392315, 16.598981486960206], [33.14615356758647, 98.28326663408755], [98.51159885604419, 33.140984274306774], [41.93730339146195, 1.6201623153804245], [73.73343336892601, 84.63242251094421], [22.266945947224293, 41.62728348637036], [75.16500749674168, 14.451391798831626], [97.29289326133384, 80.08813594824869], [18.77805994779592, 9.475750307109154], [39.57847343605548, 87.05611929823199], [7.399248793122027, 17.951985608635713], [1.702504252118442, 37.633253404195564], [53.497373972013406, 0.721187511327126], [39.33798953240696, 60.921706293025736], [26.042525932096304, 10.05386946664768], [20.789065255719706, 45.58178866537027], [99.1455735299502, 38.659264821349936], [86.94119698384725, 61.22569994324068], [87.47902810990786, 56.711290606331346], [71.27330621882543, 59.5937861428107], [97.07941698839745, 56.59755269989726], [84.33063906067045, 94.57947505837619], [95.42896498203581, 17.584049971062242], [41.63409786103163, 87.72671849477783], [16.579526063505433, 13.549540573691432], [26.453538442833178, 17.690158548629718], [84.4773948634541, 11.772442388337234], [41.71947464737277, 32.44794324373618], [14.572228495263229, 8.701127087864148], [72.7042578777903, 18.55498368937014], [69.23450759713612, 49.085868515981005], [52.892571896424315, 79.87917579038835], [81.14013198518815, 72.41278067135097]]","[[0.0, 29.189502826637835, 66.85484923924699, 66.7372731279639, 89.05754238245957, 81.730428049712, 76.94453525833227, 23.114319540836103, 91.33030523639289, 49.811476547563814, 43.32539591246406, 65.14601548647617, 32.44107631060938, 96.45885223731712, 102.76563557443377, 77.57618515964876, 93.29830355507502, 23.96008065102537, 95.11876793002725, 10.777460769448895, 99.333092756183, 97.3719284603669, 52.76540199295534, 55.39368671761179, 97.96585824177711, 76.74133426124963, 87.62161647296494, 19.822220920607727, 80.48709012622638, 62.9049431507238, 101.18287632029921, 39.85700203578992, 87.04128494123512, 51.46548190219328, 96.38130332291873, 73.7652440712311, 76.51500014941355, 61.52382807292902, 84.88014632308428, 61.935864820787664, 107.87559998573325, 21.3232235465007, 83.67683134880141, 79.43184833945261, 105.43027065296812, 67.38861859166097, 88.66957115108832, 93.18299700185341, 66.98657625837916, 34.943008489629385, 63.64678997261283], [29.189502826637835, 0.0, 39.79784393407085, 45.839636184896044, 91.38556612725239, 61.79396238287192, 93.07600329711799, 13.577935152366479, 71.43391542966783, 30.23681325235525, 19.726666649215947, 46.45960749073291, 52.75305878603092, 72.02550503923952, 92.49687603888987, 78.54751377215261, 72.08736746044512, 42.09250942477435, 87.50381812608873, 37.11998632195859, 100.5036514650825, 79.65966306489673, 68.60152279668726, 35.082287441850696, 90.36265010922969, 91.42324572415622, 64.5631224808093, 36.3335664695712, 54.85605271210634, 35.4423685901954, 86.22774262961386, 35.23719355928233, 65.81491908423715, 30.89475151895125, 99.05200375112986, 81.60424876849905, 82.89308379756784, 66.43680141892254, 92.3497153609874, 81.14852588785828, 104.96142072323532, 38.487904481551155, 60.15361467524954, 58.7215798947475, 99.28284088249691, 53.7792564294669, 64.6424920598841, 85.84795579855253, 67.38200836706199, 47.26553320284879, 74.98001578923044], [66.85484923924699, 39.79784393407085, 0.0, 20.820332430350497, 89.65224141066275, 32.079358475104385, 108.8608221067184, 44.30684549559616, 39.79885081896876, 24.101905263994716, 24.10566423497384, 26.033521487203064, 79.64050899693184, 33.59081229833686, 72.70125371138882, 77.46956186211555, 38.19114367616151, 70.05904348573696, 72.44894671609066, 71.89991309014708, 95.80951061869985, 50.33222004721124, 87.72809703817649, 21.323739696404377, 74.83577859568774, 105.5978565221315, 28.613921491961467, 65.3152362827841, 15.904287890024463, 4.596437082372781, 60.262615416587956, 45.97426932041958, 32.83383144486495, 21.94919413877669, 96.60089463989314, 88.79555614040065, 87.99098634172883, 73.49458357757275, 97.24719487830495, 102.16257202722471, 94.02379228627315, 67.04227355887758, 24.013261358308295, 28.33795737624275, 84.52257009295289, 39.02364488516061, 27.175213574857633, 71.5068212080363, 68.41502759698258, 68.57840409615315, 87.71739951280671], [66.7372731279639, 45.839636184896044, 20.820332430350497, 0.0, 69.53988598377697, 15.956130860478568, 92.90622027942136, 43.93459613354555, 25.60675525519863, 16.952742970773553, 26.114797832382934, 5.713247666669127, 70.54484440072738, 31.119075863468492, 52.745310391988745, 57.765353924772775, 26.727319842518845, 62.574796072909976, 51.75406066524964, 68.69958779369476, 75.24027169471678, 34.1806975011693, 74.12254064028907, 11.387328390861663, 54.205016836188086, 89.16905535968726, 21.304461492578877, 59.047776465441544, 20.14572178419991, 22.83601334308661, 42.244752695919864, 34.56516439253439, 20.416991942516734, 15.501438658898202, 76.28078031600315, 70.73920248154577, 69.38165082163582, 56.19393586820306, 78.3057038829837, 88.62772259180508, 73.21439613840785, 60.28491772074429, 18.047842735950294, 12.981621114648057, 63.89397503408299, 18.52032186911256, 23.29517084034337, 50.753972552779935, 49.60806302239822, 57.735420457472586, 71.53276239671543], [89.05754238245957, 91.38556612725239, 89.65224141066275, 69.53988598377697, 0.0, 67.53074771920134, 44.06863685773688, 79.34716149962681, 69.55126838256162, 69.94353013850088, 79.34710294590053, 63.92353597510395, 64.06984904700323, 88.98797694681089, 41.573315554703015, 12.950490504765197, 74.86840076201456, 66.87273194902518, 31.065342534100083, 81.85019291587173, 10.51283082451131, 63.908809644963355, 46.946397143338, 69.70942404700268, 31.741219740622565, 39.07622846475451, 79.84678515454938, 69.5142171681638, 87.76027266274252, 90.35093670285153, 55.97640010837734, 56.149906514918364, 72.9948328294556, 71.31102177523273, 7.666877882423505, 20.478905781799398, 15.981667199084363, 27.577348544900694, 16.054962154884937, 53.75064023131576, 24.040560441423544, 68.43062008481753, 80.3672193979371, 69.67186747546742, 30.537824658647832, 51.04319731464823, 84.0174633505804, 29.869130323856282, 24.012996582012757, 54.863957641385404, 32.8745730135283], [81.730428049712, 61.79396238287192, 32.079358475104385, 15.956130860478568, 67.53074771920134, 0.0, 97.75615619948877, 59.300368516770185, 9.717792930866226, 32.436797735421855, 42.06777762734769, 16.598310451513495, 81.8325729068531, 22.304214144844313, 41.70673319796251, 57.48853257562077, 11.992167555147597, 74.99454824589814, 43.68982983298156, 82.76059808446391, 71.15011102758191, 18.67378138762251, 81.95681406175844, 27.02859231304821, 45.62199879452517, 93.52400523026067, 12.397929507882553, 72.15486243396064, 22.28265628368161, 35.51537080219955, 28.187100927448462, 46.36452339895354, 6.5665940669301, 31.237191676316154, 73.30899311702179, 73.31131211380345, 71.02817453131533, 60.62687646509215, 78.99347434353, 96.11334641326569, 65.9013397102836, 73.13025639482868, 13.139019930679016, 3.7418039935052883, 55.05316375695566, 20.77859494185218, 16.497252856292715, 43.24781031590554, 51.9185461951336, 68.38328080125186, 76.73593449071588], [76.94453525833227, 93.07600329711799, 108.8608221067184, 92.90622027942136, 44.06863685773688, 97.75615619948877, 0.0, 79.50888394266593, 103.06496509105428, 85.00730282586169, 89.98857267277786, 87.45097370899722, 44.56768210515702, 120.00391253541157, 83.88710454628743, 44.90784289057936, 107.96626404813787, 53.573165805455794, 72.86563272633418, 66.63536207347687, 51.826737473456475, 100.69302167133776, 24.706390378713426, 87.63760489722856, 74.25736679071828, 5.011993451868325, 109.748184409884, 58.89611546275854, 113.04456611333976, 107.69501284851947, 95.48344862052468, 63.80412415774449, 104.17829294587271, 87.06626559890199, 46.313816318041475, 26.378915823864208, 30.30696445002772, 37.17162918555435, 28.40260574488683, 17.07020006611058, 67.45074996884031, 56.87041788841625, 108.63371937880491, 98.52898652809222, 74.51460986546071, 77.29981597791306, 113.35774078866942, 71.22392174259089, 46.26360588668949, 45.828350533417726, 21.373484903326023], [23.114319540836103, 13.577935152366479, 44.30684549559616, 43.93459613354555, 79.34716149962681, 59.300368516770185, 79.50888394266593, 0.0, 68.98821728350593, 26.988034948516173, 20.378860295295322, 42.858669862965904, 40.029704658244725, 73.3495167086661, 84.74086747504607, 66.69222675229203, 70.62980009208432, 29.399296580188565, 78.55919697964698, 27.70460472808091, 88.8256171771766, 75.7941214645291, 55.076572393079246, 32.548034127616624, 81.44552719265319, 77.84696565632856, 64.60277503236402, 23.760912057215428, 57.44796981416413, 40.63181928556657, 80.77177050647227, 23.652133107783666, 64.33389919948209, 28.512086106194953, 87.00034094123716, 68.47827334935734, 69.98774120007398, 53.58756055695286, 79.34880007648864, 67.82636969982805, 94.4934666971542, 25.85503827928338, 60.60200482201842, 56.78765677612867, 89.8895614146591, 47.09965274648294, 65.57026447040445, 76.7715679386635, 55.49860086420525, 33.717652072461604, 61.48380595399427], [91.33030523639289, 71.43391542966783, 39.79885081896876, 25.60675525519863, 69.55126838256162, 9.717792930866226, 103.06496509105428, 68.98821728350593, 0.0, 42.15212724999452, 51.71525640839994, 26.191858024698185, 90.19388939817559, 20.006204075030464, 38.16255923664381, 60.81386564082579, 5.330926522417149, 83.81453402906425, 42.54758129976785, 92.10080022396215, 71.78197444071371, 10.954674680633081, 88.86216616102345, 36.74480307355278, 43.966922391036526, 98.6233737244524, 13.605935210303791, 81.22237353340046, 27.251110010705965, 43.6519310448003, 22.200218153603167, 55.224084444312105, 7.0851404442325645, 40.95108201057954, 74.60100757929935, 77.77880408569636, 75.04945704008298, 66.30119029149733, 82.33291869663611, 102.72870707614271, 64.46270795289023, 82.10627909253158, 17.069809107000157, 12.759822369528418, 52.792146743911246, 28.005737655535654, 17.58921887491191, 42.558904069816656, 56.81439094443669, 76.59897215539733, 82.47468946962564], [49.811476547563814, 30.23681325235525, 24.101905263994716, 16.952742970773553, 69.94353013850088, 32.436797735421855, 85.00730282586169, 26.988034948516173, 42.15212724999452, 0.0, 11.281107149855838, 16.353933310731353, 56.49289137575937, 47.14317322555891, 63.16484754917589, 57.160166884493215, 43.644046133921826, 47.56295150036572, 59.44662954269352, 52.21769547359896, 77.52270387114326, 49.64825107084209, 63.6264855602268, 5.5822174474509385, 62.21194861926691, 81.90555453409972, 37.89553881799273, 43.44104827751357, 32.82260446776342, 22.693136858935805, 55.999362847046804, 21.88908001114318, 37.34603224417333, 2.204718815808563, 77.34350465288809, 66.16664489489447, 65.89159304744494, 50.53804463982216, 75.39010119579301, 78.06841373311514, 78.92404019165505, 44.90408043276143, 34.138595790646015, 29.813451119319723, 71.58758200329876, 24.412025767523215, 39.27141934369068, 58.000663593285985, 46.99585069693219, 44.77359317029975, 64.03261969990253], [43.32539591246406, 19.726666649215947, 24.10566423497384, 26.114797832382934, 79.34710294590053, 42.06777762734769, 89.98857267277786, 20.378860295295322, 51.71525640839994, 11.281107149855838, 0.0, 26.950211416110015, 56.48373525657186, 53.529625559629935, 74.44594904394418, 66.42593945536629, 52.49081887984897, 46.499120273400045, 70.58929718161541, 47.820672194844555, 87.44512263252001, 60.00032814975909, 67.10423606760418, 15.509613727687277, 73.37493786671745, 87.36470554064984, 45.38466691691381, 41.5044058327393, 37.171353945787516, 20.78354828853019, 66.94578649255297, 26.37669583509692, 46.19515240073982, 11.433030740843739, 86.88146475131877, 73.50712643739796, 73.77467938322177, 57.75623523812934, 83.36868961431546, 81.14018536473121, 89.68016609475214, 43.32547807951229, 41.12831021005463, 39.02014374018173, 82.68553449022541, 35.67803656705337, 45.88588561720032, 69.10218201540123, 55.77056888135386, 46.619554063565936, 69.72417585574169], [65.14601548647617, 46.45960749073291, 26.033521487203064, 5.713247666669127, 63.92353597510395, 16.598310451513495, 87.45097370899722, 42.858669862965904, 26.191858024698185, 16.353933310731353, 26.950211416110015, 0.0, 66.575746839886, 35.02309984244471, 49.00564801048805, 52.07870406296409, 28.375003021535328, 59.09878339392366, 47.16539802465625, 66.25388526004902, 69.80068797497094, 33.29438348219683, 69.12265753266291, 11.441492776115824, 49.715010789947875, 83.6540490065242, 24.782366334776093, 55.942971498849495, 25.628836724590947, 27.560440245076602, 40.0442548440348, 30.643427541959333, 22.28482329311404, 15.573517965411531, 70.72565035344022, 65.06755346937507, 63.67742315520608, 50.62253609610824, 72.59255939819062, 83.58716382106302, 68.28895947641256, 57.03109952097395, 22.233642492139698, 14.663236418062686, 59.376155736264245, 13.004725731763433, 27.408632907840076, 46.047845572769376, 43.90346274855269, 53.47780521085055, 66.08327538062235], [32.44107631060938, 52.75305878603092, 79.64050899693184, 70.54484440072738, 64.06984904700323, 81.8325729068531, 44.56768210515702, 40.029704658244725, 90.19388939817559, 56.49289137575937, 56.48373525657186, 66.575746839886, 0.0, 101.53248296595864, 88.83629454093584, 55.00947870574271, 93.7570366585386, 10.667351189293004, 79.0845041941232, 22.0731850815611, 74.57150067558693, 92.73899842191346, 20.997622774409578, 61.15362708220086, 81.63612145555327, 44.657596776641206, 91.35682884132792, 16.419505572351333, 89.11013216253504, 76.98263235424072, 92.76463549878022, 35.99452778839496, 88.20594216635334, 58.67992847146061, 70.5791099692853, 45.61098564434787, 49.263822070732004, 37.724757036381, 56.18757322281844, 29.661113077084508, 86.13698612287568, 14.266571848482698, 88.54936627101004, 80.87717359199874, 86.96616501070265, 62.39327617605436, 93.79007741527433, 77.05839385227362, 46.71422204891871, 13.71725002538541, 33.81361632125328], [96.45885223731712, 72.02550503923952, 33.59081229833686, 31.119075863468492, 88.98797694681089, 22.304214144844313, 120.00391253541157, 73.3495167086661, 20.006204075030464, 47.14317322555891, 53.529625559629935, 35.02309984244471, 101.53248296595864, 0.0, 57.711070757006254, 79.51175891359867, 14.814466295585756, 93.69373805964146, 62.55278806772624, 99.36067753611833, 91.66479403159548, 29.298973062485356, 103.51889664003765, 41.69221163980998, 63.93921787088811, 115.80500117576489, 10.41349066643241, 90.1147312616904, 17.686530812154647, 38.17391176828936, 40.855117378226105, 65.54315539571557, 16.13701403321994, 45.259902167588436, 94.3197647351532, 95.60297163883676, 93.25931128638769, 82.84645690004963, 101.06293843125803, 117.83356578109083, 84.41812831953862, 91.38606264619987, 13.094181986946959, 21.615859603341914, 72.62796813006828, 42.78492947582836, 7.879892757729589, 62.556518471551314, 74.222116006394, 88.50027043164914, 98.90833695798743], [102.76563557443377, 92.49687603888987, 72.70125371138882, 52.745310391988745, 41.573315554703015, 41.70673319796251, 83.88710454628743, 84.74086747504607, 38.16255923664381, 63.16484754917589, 74.44594904394418, 49.00564801048805, 88.83629454093584, 57.711070757006254, 0.0, 39.40949577887045, 43.002774198243365, 86.70931474776022, 11.044532366820283, 99.4267623539398, 39.263153127388684, 28.54346749001742, 78.71806891859994, 59.680118801145184, 9.833948942898543, 78.90947303916084, 51.48297370683258, 86.6308830578292, 63.8729796456402, 75.39923157343601, 17.461783696699385, 62.974379719467166, 44.28706405147961, 63.26812829723363, 43.680687331739605, 57.727457432012734, 53.59608918393235, 53.60943263802238, 57.32402506771398, 89.71212504059075, 27.814397709132994, 86.56005348539031, 54.09373177755084, 45.22769094923037, 15.454125405871114, 38.82790523286448, 55.636878925197806, 12.817170349337516, 43.09918753444973, 75.87010559829184, 67.32075176856397], [77.57618515964876, 78.54751377215261, 77.46956186211555, 57.765353924772775, 12.950490504765197, 57.48853257562077, 44.90784289057936, 66.69222675229203, 60.81386564082579, 57.160166884493215, 66.42593945536629, 52.07870406296409, 55.00947870574271, 79.51175891359867, 39.40949577887045, 0.0, 66.02464902562252, 56.35064118779121, 28.382394005731797, 71.05532311531651, 22.169150374656642, 56.773914711611496, 40.71132857437407, 57.158967548199854, 30.15440390188268, 40.01758117590129, 69.88626335844593, 58.39382651268431, 76.63951549397181, 77.94698692949476, 50.687233339288845, 43.334323694273245, 63.37732571793196, 58.587513621028194, 20.574564689276425, 18.53372804153883, 14.81927333855846, 17.29068684937345, 21.559412323466574, 50.5121823358093, 31.185152159460216, 57.51764099420569, 69.91481845197768, 59.229418157190416, 32.93923401131415, 39.468741163241766, 73.93218283952825, 26.603936177577275, 11.19691329476864, 44.33605241598028, 28.156754307159865], [93.29830355507502, 72.08736746044512, 38.19114367616151, 26.727319842518845, 74.86840076201456, 11.992167555147597, 107.96626404813787, 70.62980009208432, 5.330926522417149, 43.644046133921826, 52.49081887984897, 28.375003021535328, 93.7570366585386, 14.814466295585756, 43.002774198243365, 66.02464902562252, 0.0, 86.98627241861902, 47.77569731905542, 94.62716027287735, 77.10044425972855, 14.909539043626454, 93.23482125767138, 38.10377500723934, 49.12943295116524, 103.57142531038396, 10.127119419293592, 84.12912784157142, 24.308455928364605, 42.32717922064158, 26.487575127998042, 58.35573036963601, 6.316338656701267, 42.22697152038523, 79.93186014900225, 82.83956400014677, 80.1825167560644, 71.07069029017909, 87.56084028068476, 107.22670682173109, 69.60424432983946, 85.11700107543487, 14.383493909016337, 13.866506419270097, 57.8290830588491, 32.08102731634111, 13.524709299678275, 47.8285498739201, 61.759538878131934, 80.26096573680995, 87.24612663607823], [23.96008065102537, 42.09250942477435, 70.05904348573696, 62.574796072909976, 66.87273194902518, 74.99454824589814, 53.573165805455794, 29.399296580188565, 83.81453402906425, 47.56295150036572, 46.499120273400045, 59.09878339392366, 10.667351189293004, 93.69373805964146, 86.70931474776022, 56.35064118779121, 86.98627241861902, 0.0, 77.69235720267211, 15.077709572361615, 77.33296148903099, 87.41875311553636, 29.04615982926732, 52.53769406303853, 80.40041724067471, 53.0292973016142, 83.72611811534775, 5.768662683089939, 80.37790927646783, 67.17858371990232, 88.67016100920814, 28.631505969641704, 81.17906513342786, 49.70633297859687, 73.91040699890641, 50.282722139836416, 53.336203654485146, 39.412115259752426, 61.31566669592604, 39.71152396115563, 87.40482036818031, 3.6075479004557423, 80.61670401395136, 73.67122197828255, 86.71216641340077, 56.63274926376232, 85.86168450986742, 75.6771492229296, 46.67432681305685, 12.040092537204242, 39.744681818969504], [95.11876793002725, 87.50381812608873, 72.44894671609066, 51.75406066524964, 31.065342534100083, 43.68982983298156, 72.86563272633418, 78.55919697964698, 42.54758129976785, 59.44662954269352, 70.58929718161541, 47.16539802465625, 79.0845041941232, 62.55278806772624, 11.044532366820283, 28.382394005731797, 47.77569731905542, 77.69235720267211, 0.0, 90.9918148191001, 30.20759360021087, 34.698231864131635, 68.035260233887, 56.78248299737977, 2.8867957567264138, 67.89412026042065, 54.9217350074413, 78.08348584461135, 65.85055441631017, 74.56183728283135, 25.332071128033387, 55.79939425670391, 47.645075609219525, 59.9222311791796, 34.028916865035896, 46.683820672494214, 42.56599565560526, 43.039574920480604, 46.5660703649056, 78.7657956828551, 22.21491407536556, 77.83205632973275, 56.73838221745107, 46.79508736173468, 12.23383189990898, 35.277114078055824, 59.192927663928344, 2.0269657170889444, 32.73238435364633, 66.46979816498785, 56.37071076453463], [10.777460769448895, 37.11998632195859, 71.89991309014708, 68.69958779369476, 81.85019291587173, 82.76059808446391, 66.63536207347687, 27.70460472808091, 92.10080022396215, 52.21769547359896, 47.820672194844555, 66.25388526004902, 22.0731850815611, 99.36067753611833, 99.4267623539398, 71.05532311531651, 94.62716027287735, 15.077709572361615, 90.9918148191001, 0.0, 92.28303413303968, 97.06204228098171, 42.82140617666102, 57.69105290147998, 93.7729562502628, 66.6773349348348, 89.96230916574785, 12.9392262593754, 84.35649243926314, 68.31637568738704, 99.6620863453366, 37.871163485349214, 88.51490298313357, 54.13079910397099, 88.94349345249373, 65.3235787844171, 68.4126482960861, 54.31901757189438, 76.32274181289581, 51.3183166835004, 101.9387667558999, 13.545696990047869, 86.33804189890587, 80.8705148251349, 100.59333499120947, 66.39120152738053, 91.48743311663804, 89.0024871446292, 61.014369439940836, 26.99317685268995, 54.52250918930058], [99.333092756183, 100.5036514650825, 95.80951061869985, 75.24027169471678, 10.51283082451131, 71.15011102758191, 51.826737473456475, 88.8256171771766, 71.78197444071371, 77.52270387114326, 87.44512263252001, 69.80068797497094, 74.57150067558693, 91.66479403159548, 39.263153127388684, 22.169150374656642, 77.10044425972855, 77.33296148903099, 30.20759360021087, 92.28303413303968, 0.0, 64.76274487913699, 57.14302841628594, 76.71547674037546, 29.905922406734017, 46.96296725743259, 83.17139247094126, 79.87462085303571, 92.3697245554745, 96.91326679029655, 55.47363034868911, 65.37036451074587, 76.05775043083058, 78.7119167798007, 5.554578659361051, 30.374750265458974, 26.024545295816036, 37.969399685603285, 23.50024993923308, 63.053848181869036, 15.859408454184234, 78.83306729936086, 84.24184956633044, 73.69594348482968, 25.5650829069273, 56.796352682220856, 87.42496506066253, 29.644059462759724, 33.33747749999725, 65.31121011691977, 42.942308432315826], [97.3719284603669, 79.65966306489673, 50.33222004721124, 34.1806975011693, 63.908809644963355, 18.67378138762251, 100.69302167133776, 75.7941214645291, 10.954674680633081, 49.64825107084209, 60.00032814975909, 33.29438348219683, 92.73899842191346, 29.298973062485356, 28.54346749001742, 56.773914711611496, 14.909539043626454, 87.41875311553636, 34.698231864131635, 97.06204228098171, 64.76274487913699, 0.0, 88.89335871885915, 44.5813044489991, 35.61910681312785, 96.02845524056904, 24.455282038422304, 85.46851364294447, 38.204785924279506, 53.997979513631925, 11.59497251077612, 59.35848339260763, 17.99364795687897, 48.783937598170404, 68.15189862862195, 74.68715120006253, 71.47783647187931, 64.97339549055035, 77.86633512262473, 102.1696076864949, 55.82296632035693, 86.1070900139437, 28.023685279493293, 22.315728890650902, 43.734747891410265, 30.828550506445254, 28.26636492695375, 35.11970477285848, 54.755188088143825, 79.02209246848183, 80.92253446008209], [52.76540199295534, 68.60152279668726, 87.72809703817649, 74.12254064028907, 46.946397143338, 81.95681406175844, 24.706390378713426, 55.076572393079246, 88.86216616102345, 63.6264855602268, 67.10423606760418, 69.12265753266291, 20.997622774409578, 103.51889664003765, 78.71806891859994, 40.71132857437407, 93.23482125767138, 29.04615982926732, 68.035260233887, 42.82140617666102, 57.14302841628594, 88.89335871885915, 0.0, 67.06892954305373, 70.19563003704663, 23.99372190357028, 93.10541576412494, 34.24084686646492, 94.05585951348048, 86.00800338430903, 86.31682025582462, 41.77612500313785, 88.52334848122958, 65.78797852683864, 52.52911664511254, 26.876005675492017, 31.121230400131967, 25.15920381829044, 36.48272024511029, 14.534256873143315, 70.47113133916784, 32.24813184796816, 91.21044471321268, 81.95520220597695, 73.64787445719384, 61.2218378474134, 96.25803751755258, 66.085453190626, 35.83012467208159, 21.37603474226408, 14.289115825693239], [55.39368671761179, 35.082287441850696, 21.323739696404377, 11.387328390861663, 69.70942404700268, 27.02859231304821, 87.63760489722856, 32.548034127616624, 36.74480307355278, 5.5822174474509385, 15.509613727687277, 11.441492776115824, 61.15362708220086, 41.69221163980998, 59.680118801145184, 57.158967548199854, 38.10377500723934, 52.53769406303853, 56.78248299737977, 57.69105290147998, 76.71547674037546, 44.5813044489991, 67.06892954305373, 0.0, 59.47044648150346, 84.30972626259626, 32.34027537443275, 48.61551303048894, 27.956540348647707, 20.948712097136788, 51.465020378223706, 25.762284070500996, 31.79835651543939, 4.221639793854893, 76.93589873264219, 67.57852228900134, 66.93386983275079, 52.195963108020564, 76.29557512472033, 81.58331076365086, 77.01141543382876, 50.002444753700544, 28.64797361078463, 24.300483678505117, 69.00327159887163, 21.509559737943118, 33.81331766988276, 55.46398338294746, 47.55609674881023, 49.001390078430475, 66.43642729096102], [97.96585824177711, 90.36265010922969, 74.83577859568774, 54.205016836188086, 31.741219740622565, 45.62199879452517, 74.25736679071828, 81.44552719265319, 43.966922391036526, 62.21194861926691, 73.37493786671745, 49.715010789947875, 81.63612145555327, 63.93921787088811, 9.833948942898543, 30.15440390188268, 49.12943295116524, 80.40041724067471, 2.8867957567264138, 93.7729562502628, 29.905922406734017, 35.61910681312785, 70.19563003704663, 59.47044648150346, 0.0, 69.26633750204262, 56.6060496956086, 80.85695926582055, 67.85611401854989, 77.03335699848817, 25.651605258512294, 58.67763922829607, 49.31892535052828, 62.65656153721777, 34.074751114974326, 48.23395630906039, 44.01743008038518, 45.30983453891494, 47.50305487088684, 80.65059534073009, 20.504670692060657, 80.58284807200475, 58.592422465676876, 48.81902116439333, 9.690063385328974, 37.97998856618194, 60.86501796079752, 4.784846402055433, 35.13855157131529, 69.11480525629868, 58.26855680968804], [76.74133426124963, 91.42324572415622, 105.5978565221315, 89.16905535968726, 39.07622846475451, 93.52400523026067, 5.011993451868325, 77.84696565632856, 98.6233737244524, 81.90555453409972, 87.36470554064984, 83.6540490065242, 44.657596776641206, 115.80500117576489, 78.90947303916084, 40.01758117590129, 103.57142531038396, 53.0292973016142, 67.89412026042065, 66.6773349348348, 46.96296725743259, 96.02845524056904, 23.99372190357028, 84.30972626259626, 69.26633750204262, 0.0, 105.59681839991985, 58.13352774203651, 109.27839903111801, 104.594165816084, 90.64855218926667, 61.04197647486354, 99.90702340760225, 83.92570346633505, 41.47027594587364, 21.516252179790804, 25.353280800525525, 33.12155316120197, 23.49155323657497, 19.442709254816485, 62.5318718132912, 56.180507729397064, 104.60416970097576, 94.40191615992121, 69.50734483317419, 73.19831157455506, 109.26487730910266, 66.26409145939587, 41.81403582557778, 44.40081307425366, 17.883589557769255], [87.62161647296494, 64.5631224808093, 28.613921491961467, 21.304461492578877, 79.84678515454938, 12.397929507882553, 109.748184409884, 64.60277503236402, 13.605935210303791, 37.89553881799273, 45.38466691691381, 24.782366334776093, 91.35682884132792, 10.41349066643241, 51.48297370683258, 69.88626335844593, 10.127119419293592, 83.72611811534775, 54.9217350074413, 89.96230916574785, 83.17139247094126, 24.455282038422304, 93.10541576412494, 32.34027537443275, 56.6060496956086, 105.59681839991985, 0.0, 80.3204261323441, 14.188865641078433, 32.93052661253103, 35.8060488752601, 55.40213977662804, 7.287433553706193, 36.16199867646589, 85.50213306567652, 85.5819521741451, 83.372773096323, 72.5780159351625, 91.38690702253102, 107.42338942189961, 77.07856878541871, 81.52062617153283, 4.6291811777542184, 11.242307275917181, 65.7394660981955, 32.465830602890435, 4.276570979056322, 54.685165282684224, 64.14682045052123, 78.23325536670933, 88.60077776106931], [19.822220920607727, 36.3335664695712, 65.3152362827841, 59.047776465441544, 69.5142171681638, 72.15486243396064, 58.89611546275854, 23.760912057215428, 81.22237353340046, 43.44104827751357, 41.5044058327393, 55.942971498849495, 16.419505572351333, 90.1147312616904, 86.6308830578292, 58.39382651268431, 84.12912784157142, 5.768662683089939, 78.08348584461135, 12.9392262593754, 79.87462085303571, 85.46851364294447, 34.24084686646492, 48.61551303048894, 80.85695926582055, 58.13352774203651, 80.3204261323441, 0.0, 76.22915316078208, 62.267236286850384, 87.4497354986246, 26.13551942538368, 78.18291599803415, 45.531988329208744, 76.7495598479403, 53.94847677107536, 56.70336644683027, 41.937360044083604, 65.06983009532767, 45.3801411411056, 89.13835214163822, 2.1622430619535877, 77.02057319984321, 70.59674517491351, 87.65583354470559, 54.650130632832635, 82.24850813434675, 76.09023048055487, 48.17904426854287, 15.125268127447354, 44.065846496989], [80.48709012622638, 54.85605271210634, 15.904287890024463, 20.14572178419991, 87.76027266274252, 22.28265628368161, 113.04456611333976, 57.44796981416413, 27.251110010705965, 32.82260446776342, 37.171353945787516, 25.628836724590947, 89.11013216253504, 17.686530812154647, 63.8729796456402, 76.63951549397181, 24.308455928364605, 80.37790927646783, 65.85055441631017, 84.35649243926314, 92.3697245554745, 38.204785924279506, 94.05585951348048, 27.956540348647707, 67.85611401854989, 109.27839903111801, 14.188865641078433, 76.22915316078208, 0.0, 20.489148357264522, 49.21318469758844, 53.53951863535715, 20.24727194149703, 30.70330929811948, 94.0541307711088, 90.55128863958265, 88.966593614286, 76.24916238064569, 97.6525085358184, 108.58273779873085, 88.03048511131871, 77.72089963475096, 10.181307040199886, 19.05608846181296, 77.32546382693727, 37.25601549341272, 11.705982281665284, 65.30779293647869, 69.2309027548225, 76.84152087763762, 91.6716753027292], [62.9049431507238, 35.4423685901954, 4.596437082372781, 22.83601334308661, 90.35093670285153, 35.51537080219955, 107.69501284851947, 40.63181928556657, 43.6519310448003, 22.693136858935805, 20.78354828853019, 27.560440245076602, 76.98263235424072, 38.17391176828936, 75.39923157343601, 77.94698692949476, 42.32717922064158, 67.17858371990232, 74.56183728283135, 68.31637568738704, 96.91326679029655, 53.997979513631925, 86.00800338430903, 20.948712097136788, 77.03335699848817, 104.594165816084, 32.93052661253103, 62.267236286850384, 20.489148357264522, 0.0, 63.60195860019056, 44.25812682703681, 36.78395130700978, 20.675493313155318, 97.44847074075842, 88.44341847934066, 87.8725414939843, 72.9545165459586, 97.24402362552021, 100.35078884905347, 95.84685701294491, 64.0615907773822, 28.30814373424499, 31.785857325672794, 86.72060921209285, 40.35152241334674, 31.66540281251362, 73.52026518744496, 68.496232514571, 66.3712361169267, 86.71765804485597], [101.18287632029921, 86.22774262961386, 60.262615416587956, 42.244752695919864, 55.97640010837734, 28.187100927448462, 95.48344862052468, 80.77177050647227, 22.200218153603167, 55.999362847046804, 66.94578649255297, 40.0442548440348, 92.76463549878022, 40.855117378226105, 17.461783696699385, 50.687233339288845, 26.487575127998042, 88.67016100920814, 25.332071128033387, 99.6620863453366, 55.47363034868911, 11.59497251077612, 86.31682025582462, 51.465020378223706, 25.651605258512294, 90.64855218926667, 35.8060488752601, 87.4497354986246, 49.21318469758844, 63.60195860019056, 0.0, 61.84327472970862, 28.997717726988547, 55.51852839352383, 59.35533533611354, 69.13237535533152, 65.49537741349904, 61.497696191540484, 70.86298512036028, 98.79305834567498, 45.19529239829891, 87.81059014605009, 39.08316947854151, 31.92671323819859, 32.89212563503218, 33.842369033584525, 39.734700024428854, 26.209705749778514, 50.86059126098414, 79.16029872315181, 76.83623234124194], [39.85700203578992, 35.23719355928233, 45.97426932041958, 34.56516439253439, 56.149906514918364, 46.36452339895354, 63.80412415774449, 23.652133107783666, 55.224084444312105, 21.88908001114318, 26.37669583509692, 30.643427541959333, 35.99452778839496, 65.54315539571557, 62.974379719467166, 43.334323694273245, 58.35573036963601, 28.631505969641704, 55.79939425670391, 37.871163485349214, 65.37036451074587, 59.35848339260763, 41.77612500313785, 25.762284070500996, 58.67763922829607, 61.04197647486354, 55.40213977662804, 26.13551942538368, 53.53951863535715, 44.25812682703681, 61.84327472970862, 0.0, 52.57666950028509, 24.07022361021045, 63.816638926717076, 47.60417809188844, 48.32480931752542, 31.962913255634017, 57.903115192123984, 56.18882370930139, 70.88264937466353, 26.90317439620942, 52.55539691035924, 45.110706049180955, 66.73242132586891, 28.573180668940083, 57.79560374519381, 53.928165623088205, 32.15414200813319, 23.304771030979133, 43.352784270572684], [87.04128494123512, 65.81491908423715, 32.83383144486495, 20.416991942516734, 72.9948328294556, 6.5665940669301, 104.17829294587271, 64.33389919948209, 7.0851404442325645, 37.34603224417333, 46.19515240073982, 22.28482329311404, 88.20594216635334, 16.13701403321994, 44.28706405147961, 63.37732571793196, 6.316338656701267, 81.17906513342786, 47.645075609219525, 88.51490298313357, 76.05775043083058, 17.99364795687897, 88.52334848122958, 31.79835651543939, 49.31892535052828, 99.90702340760225, 7.287433553706193, 78.18291599803415, 20.24727194149703, 36.78395130700978, 28.997717726988547, 52.57666950028509, 0.0, 35.914229654402945, 78.50047268324512, 79.54372615231537, 77.14505005021414, 67.08223930093224, 84.92675867982881, 102.67464211156474, 69.79385031978128, 79.22227332866599, 10.088016802205045, 7.647342167549476, 58.4601351342274, 27.336079846150053, 11.549789402096314, 47.42980256336277, 58.215498193696604, 74.80974783736906, 83.2128595796213], [51.46548190219328, 30.89475151895125, 21.94919413877669, 15.501438658898202, 71.31102177523273, 31.237191676316154, 87.06626559890199, 28.512086106194953, 40.95108201057954, 2.204718815808563, 11.433030740843739, 15.573517965411531, 58.67992847146061, 45.259902167588436, 63.26812829723363, 58.587513621028194, 42.22697152038523, 49.70633297859687, 59.9222311791796, 54.13079910397099, 78.7119167798007, 48.783937598170404, 65.78797852683864, 4.221639793854893, 62.65656153721777, 83.92570346633505, 36.16199867646589, 45.531988329208744, 30.70330929811948, 20.675493313155318, 55.51852839352383, 24.07022361021045, 35.914229654402945, 0.0, 78.6617043122038, 67.97673493369199, 67.61225450276638, 52.39269661821883, 77.0815465903485, 80.23904830864683, 79.71817862413363, 47.01819323030399, 32.30766376601147, 28.461013458002437, 72.1059999161217, 24.70991567896535, 37.4009659995661, 58.52892799460313, 48.5720028334735, 46.97814281379289, 66.04660011998917], [96.38130332291873, 99.05200375112986, 96.60089463989314, 76.28078031600315, 7.666877882423505, 73.30899311702179, 46.313816318041475, 87.00034094123716, 74.60100757929935, 77.34350465288809, 86.88146475131877, 70.72565035344022, 70.5791099692853, 94.3197647351532, 43.680687331739605, 20.574564689276425, 79.93186014900225, 73.91040699890641, 34.028916865035896, 88.94349345249373, 5.554578659361051, 68.15189862862195, 52.52911664511254, 76.93589873264219, 34.074751114974326, 41.47027594587364, 85.50213306567652, 76.7495598479403, 94.0541307711088, 97.44847074075842, 59.35533533611354, 63.816638926717076, 78.50047268324512, 78.6617043122038, 0.0, 25.655229505688926, 21.493811132033905, 34.858535081404234, 18.056887186551258, 57.84939235879897, 21.400417287618886, 75.59884154939549, 86.29977083413755, 75.65603335480448, 30.627711078965834, 57.76103659571988, 89.72257634962739, 33.21634075648362, 31.676267612236853, 61.954993506628675, 38.25566307696305], [73.7652440712311, 81.60424876849905, 88.79555614040065, 70.73920248154577, 20.478905781799398, 73.31131211380345, 26.378915823864208, 68.47827334935734, 77.77880408569636, 66.16664489489447, 73.50712643739796, 65.06755346937507, 45.61098564434787, 95.60297163883676, 57.727457432012734, 18.53372804153883, 82.83956400014677, 50.282722139836416, 46.683820672494214, 65.3235787844171, 30.374750265458974, 74.68715120006253, 26.876005675492017, 67.57852228900134, 48.23395630906039, 21.516252179790804, 85.5819521741451, 53.94847677107536, 90.55128863958265, 88.44341847934066, 69.13237535533152, 47.60417809188844, 79.54372615231537, 67.97673493369199, 25.655229505688926, 0.0, 4.546334125571257, 15.752648782877435, 11.144651262678849, 33.455781669261505, 44.459372666348045, 52.48844839765752, 84.99282856178593, 74.5258357906585, 49.514593845451955, 53.60189783704557, 89.42090557437575, 44.98311306176914, 21.46863656871927, 38.82345980878066, 12.60171140504037], [76.51500014941355, 82.89308379756784, 87.99098634172883, 69.38165082163582, 15.981667199084363, 71.02817453131533, 30.30696445002772, 69.98774120007398, 75.04945704008298, 65.89159304744494, 73.77467938322177, 63.67742315520608, 49.263822070732004, 93.25931128638769, 53.59608918393235, 14.81927333855846, 80.1825167560644, 53.336203654485146, 42.56599565560526, 68.4126482960861, 26.024545295816036, 71.47783647187931, 31.121230400131967, 66.93386983275079, 44.01743008038518, 25.353280800525525, 83.372773096323, 56.70336644683027, 88.966593614286, 87.8725414939843, 65.49537741349904, 48.32480931752542, 77.14505005021414, 67.61225450276638, 21.493811132033905, 4.546334125571257, 0.0, 16.460079055974543, 9.601062593775062, 37.99883876251285, 39.92671356374167, 55.350830134946946, 83.00407252844835, 72.43451619339241, 45.03898179695151, 51.79427341249765, 87.29477207210009, 40.91695972275077, 19.773962445522947, 41.6290025980549, 16.932760978112714], [61.52382807292902, 66.43680141892254, 73.49458357757275, 56.19393586820306, 27.577348544900694, 60.62687646509215, 37.17162918555435, 53.58756055695286, 66.30119029149733, 50.53804463982216, 57.75623523812934, 50.62253609610824, 37.724757036381, 82.84645690004963, 53.60943263802238, 17.29068684937345, 71.07069029017909, 39.412115259752426, 43.039574920480604, 54.31901757189438, 37.969399685603285, 64.97339549055035, 25.15920381829044, 52.195963108020564, 45.30983453891494, 33.12155316120197, 72.5780159351625, 41.937360044083604, 76.24916238064569, 72.9545165459586, 61.497696191540484, 31.962913255634017, 67.08223930093224, 52.39269661821883, 34.858535081404234, 15.752648782877435, 16.460079055974543, 0.0, 25.97946819886532, 37.34290253635149, 48.459403457993304, 40.86495509354039, 71.49463013197449, 61.35735969747785, 49.61077378371285, 40.12886426570065, 76.1910425227039, 41.06374227299325, 10.703879328170718, 27.374229256451123, 16.176553137998983], [84.88014632308428, 92.3497153609874, 97.24719487830495, 78.3057038829837, 16.054962154884937, 78.99347434353, 28.40260574488683, 79.34880007648864, 82.33291869663611, 75.39010119579301, 83.36868961431546, 72.59255939819062, 56.18757322281844, 101.06293843125803, 57.32402506771398, 21.559412323466574, 87.56084028068476, 61.31566669592604, 46.5660703649056, 76.32274181289581, 23.50024993923308, 77.86633512262473, 36.48272024511029, 76.29557512472033, 47.50305487088684, 23.49155323657497, 91.38690702253102, 65.06983009532767, 97.6525085358184, 97.24402362552021, 70.86298512036028, 57.903115192123984, 84.92675867982881, 77.0815465903485, 18.056887186551258, 11.144651262678849, 9.601062593775062, 25.97946819886532, 0.0, 40.06442018419861, 39.04839800808889, 63.586227881677345, 91.28725971863476, 80.63374008425309, 46.56287658726732, 60.398069943390425, 95.40180155243716, 45.18169362239682, 28.840325557913722, 49.94508236963594, 22.45400281024711], [61.935864820787664, 81.14852588785828, 102.16257202722471, 88.62772259180508, 53.75064023131576, 96.11334641326569, 17.07020006611058, 67.82636969982805, 102.72870707614271, 78.06841373311514, 81.1401