instance_id,num_cities,city_coordinates,distance_matrix,best_route,total_distance
1384,23,"[[55.50991209682602, 86.2661452184169], [2.313310204298469, 68.93485007681763], [82.31351059708454, 55.98706478442086], [66.59247877959038, 98.835214396047], [85.46243933136223, 81.34851664370119], [8.602156036949104, 18.339147161695347], [33.88679692076473, 10.221874816276177], [86.06245713403199, 28.07234540422995], [78.41790976613517, 23.154133732908665], [68.84915523527518, 66.20542736998057], [92.16534928389106, 1.6436853934979845], [84.52228093146174, 15.167799275946525], [97.54107981524895, 80.05691227921729], [59.188607489892554, 79.41338854879247], [53.36378503868158, 43.45510591569326], [33.07112504625829, 34.2092577073972], [4.04634239175995, 21.94064009456835], [85.93955150248917, 66.93788048662957], [16.79081229884023, 27.28974045992515], [12.763009372818768, 81.6109654517023], [60.086840315804025, 6.754844154650874], [15.9799517202884, 25.221613801624056], [91.2945820621299, 12.881501368992133]]","[[0.0, 55.948657215319194, 40.438293788084856, 16.757230805534952, 30.35353288390816, 82.54946785758689, 79.05877668488874, 65.72652695117979, 67.14091413559989, 24.09082414740589, 92.22028942805854, 76.78992343499331, 42.48733497723103, 7.777729345255658, 42.86479846597961, 56.68702410283754, 82.37881776419506, 36.049199323989725, 70.55058474175696, 42.99963245373346, 79.64292353231716, 72.7258728601207, 81.64464806362164], [55.948657215319194, 0.0, 81.04120684481404, 70.89318231786072, 84.0706654679436, 50.98504423242329, 66.66407223819907, 93.18617869392082, 88.81319757462269, 66.59180446795796, 112.25635737542119, 98.23039560056266, 95.87506648086514, 57.83250997348605, 57.05583531359728, 46.388683310258266, 47.02615413170117, 83.65008141781662, 44.08983127548178, 16.428028296480424, 84.87716959245125, 45.79982659331232, 105.16484508997475], [40.438293788084856, 81.04120684481404, 0.0, 45.641152116779004, 25.556192842130326, 82.76913369377215, 66.63031750118434, 28.16533611039812, 33.06322832494502, 16.902774897603386, 55.22917353298562, 40.87898118888663, 28.482212391539143, 32.91737821926557, 31.545785819889325, 53.84315570079715, 85.35167633410823, 11.535533676055406, 71.53153441432696, 74.12055386971484, 54.01700121194352, 73.1208178799735, 44.03123030329495], [16.757230805534952, 70.89318231786072, 45.641152116779004, 0.0, 25.726640074197828, 99.2093461927502, 94.45626277452699, 73.3925315347242, 76.59939156649995, 32.70772982021367, 100.49957719156363, 85.56701559645789, 36.2000074096028, 20.785202171629116, 56.93816605218776, 72.80244112691838, 99.12010257284193, 37.306154096529504, 87.17201858970667, 56.51801950096376, 92.30990150365282, 89.33414849767026, 89.432850171056], [30.35353288390816, 84.0706654679436, 25.556192842130326, 25.726640074197828, 0.0, 99.38653727048434, 87.85810188999434, 53.27954995400189, 58.61920844879518, 22.479198411179425, 79.98618084678802, 66.18739494138993, 12.147501709131017, 26.34499877353444, 49.66119394459353, 70.47665958020748, 100.78629190994043, 14.418532188656979, 87.39647385210343, 72.69990368407642, 78.79173180481631, 89.31990431738603, 68.71496248605023], [82.54946785758689, 50.98504423242329, 82.76913369377215, 99.2093461927502, 99.38653727048434, 0.0, 26.555661824801646, 78.0694139473278, 69.98159446922686, 76.94726566539697, 85.21470359790676, 75.98633305674673, 108.2553217811662, 79.30354362580786, 51.32655078048068, 29.16489076117602, 5.807425360280223, 91.33952932975627, 12.131249390138057, 63.40848279375778, 52.771856054647074, 10.089609318245753, 82.87233084406766], [79.05877668488874, 66.66407223819907, 66.63031750118434, 94.45626277452699, 87.85810188999434, 26.555661824801646, 0.0, 55.14470798636731, 46.370931971806826, 66.00397454279249, 58.90649369394448, 50.87646223705337, 94.49232872705284, 73.67256742284077, 38.52013389712887, 24.001247021188426, 32.05904219007967, 76.9817806935173, 24.1574983767511, 74.44875191783838, 26.428442547955644, 23.359094046267874, 57.46936060403891], [65.72652695117979, 93.18617869392082, 28.16533611039812, 73.3925315347242, 53.27954995400189, 78.0694139473278, 55.14470798636731, 0.0, 9.08998957666834, 41.83813693825766, 27.12414722264415, 12.996132252018615, 53.23677274063276, 57.949171744448975, 36.13630415181224, 53.34550561250198, 82.24500524300588, 38.865729415971344, 69.27606548203931, 90.76999988259576, 33.603102961084005, 70.14046076080122, 16.066638533499905], [67.14091413559989, 88.81319757462269, 33.06322832494502, 76.59939156649995, 58.61920844879518, 69.98159446922686, 46.370931971806826, 9.08998957666834, 0.0, 44.101870108842796, 25.528248687616863, 10.052108504315461, 60.030174404357375, 59.45477120021281, 32.24652907562294, 46.674903861948884, 74.38146678125892, 44.4251232322886, 61.765705575537744, 87.90771934395553, 24.596032319551426, 62.47217843784109, 16.472269579588108], [24.09082414740589, 66.59180446795796, 16.902774897603386, 32.70772982021367, 22.479198411179425, 76.94726566539697, 66.00397454279249, 41.83813693825766, 44.101870108842796, 0.0, 68.64301444393759, 53.38994615612004, 31.860479756176233, 16.36387549579315, 27.52042544000646, 47.9981491026792, 78.47786914136466, 17.106084652499845, 64.99616724829954, 58.163445232311624, 60.09284489347153, 66.89413767225716, 57.855321877927366], [92.22028942805854, 112.25635737542119, 55.22917353298562, 100.49957719156363, 79.98618084678802, 85.21470359790676, 58.90649369394448, 27.12414722264415, 25.528248687616863, 68.64301444393759, 0.0, 15.53441824289999, 78.59728131034218, 84.47243472406053, 57.041706443259315, 67.4732824040703, 90.42635537161028, 65.59033824333304, 79.61809446464422, 112.69204702755535, 32.48314457526165, 79.75044520216119, 11.271501384179711], [76.78992343499331, 98.23039560056266, 40.87898118888663, 85.56701559645789, 66.18739494138993, 75.98633305674673, 50.87646223705337, 12.996132252018615, 10.052108504315461, 53.38994615612004, 15.53441824289999, 0.0, 66.18221899217147, 69.06005177422969, 42.08353102142758, 54.86163122912196, 80.7604362085808, 51.78947735237553, 68.80765437943388, 97.79615220491122, 25.843153289687177, 69.27575391296432, 7.147812303341029], [42.48733497723103, 95.87506648086514, 28.482212391539143, 36.2000074096028, 12.147501709131017, 108.2553217811662, 94.49232872705284, 53.23677274063276, 60.030174404357375, 31.860479756176233, 78.59728131034218, 66.18221899217147, 0.0, 38.35787085148038, 57.370075848377915, 79.10993931013117, 110.08527157856928, 17.512979597050133, 96.46232490344752, 84.79231279546846, 82.31654297782649, 98.28086067617286, 67.46521003552363], [7.777729345255658, 57.83250997348605, 32.91737821926557, 20.785202171629116, 26.34499877353444, 79.30354362580786, 73.67256742284077, 57.949171744448975, 59.45477120021281, 16.36387549579315, 84.47243472406053, 69.06005177422969, 38.35787085148038, 0.0, 36.4270043581678, 52.20666944289328, 79.64788895529658, 29.51696642567068, 67.18964002846349, 46.47758066823453, 72.66409633157899, 69.30899208374038, 73.87344323191408], [42.86479846597961, 57.05583531359728, 31.545785819889325, 56.93816605218776, 49.66119394459353, 51.32655078048068, 38.52013389712887, 36.13630415181224, 32.24652907562294, 27.52042544000646, 57.041706443259315, 42.08353102142758, 57.370075848377915, 36.4270043581678, 0.0, 22.299725528780577, 53.80596982492515, 40.15745587377199, 39.986264833661565, 55.71617899319165, 37.31097272369448, 41.59340366273513, 48.71848373884495], [56.68702410283754, 46.388683310258266, 53.84315570079715, 72.80244112691838, 70.47665958020748, 29.16489076117602, 24.001247021188426, 53.34550561250198, 46.674903861948884, 47.9981491026792, 67.4732824040703, 54.86163122912196, 79.10993931013117, 52.20666944289328, 22.299725528780577, 0.0, 31.511220006065805, 62.179042007602376, 17.689779594212194, 51.56880315929694, 38.51744663201843, 19.31025501217749, 62.00680718525529], [82.37881776419506, 47.02615413170117, 85.35167633410823, 99.12010257284193, 100.78629190994043, 5.807425360280223, 32.05904219007967, 82.24500524300588, 74.38146678125892, 78.47786914136466, 90.42635537161028, 80.7604362085808, 110.08527157856928, 79.64788895529658, 53.80596982492515, 31.511220006065805, 0.0, 93.44115443076764, 13.821519016777247, 60.30363182665621, 58.061569096120735, 12.376421941430895, 87.717292024022], [36.049199323989725, 83.65008141781662, 11.535533676055406, 37.306154096529504, 14.418532188656979, 91.33952932975627, 76.9817806935173, 38.865729415971344, 44.4251232322886, 17.106084652499845, 65.59033824333304, 51.78947735237553, 17.512979597050133, 29.51696642567068, 40.15745587377199, 62.179042007602376, 93.44115443076764, 0.0, 79.70899034005774, 74.63314103297321, 65.50084379485826, 81.45300797281956, 54.320976386700146], [70.55058474175696, 44.08983127548178, 71.53153441432696, 87.17201858970667, 87.39647385210343, 12.131249390138057, 24.1574983767511, 69.27606548203931, 61.765705575537744, 64.99616724829954, 79.61809446464422, 68.80765437943388, 96.46232490344752, 67.18964002846349, 39.986264833661565, 17.689779594212194, 13.821519016777247, 79.70899034005774, 0.0, 54.47034680464355, 47.918973364566995, 2.221405580398378, 75.88418190006907], [42.99963245373346, 16.428028296480424, 74.12055386971484, 56.51801950096376, 72.69990368407642, 63.40848279375778, 74.44875191783838, 90.76999988259576, 87.90771934395553, 58.163445232311624, 112.69204702755535, 97.79615220491122, 84.79231279546846, 46.47758066823453, 55.71617899319165, 51.56880315929694, 60.30363182665621, 74.63314103297321, 54.47034680464355, 0.0, 88.56062257436498, 56.4810383897386, 104.35970075729954], [79.64292353231716, 84.87716959245125, 54.01700121194352, 92.30990150365282, 78.79173180481631, 52.771856054647074, 26.428442547955644, 33.603102961084005, 24.596032319551426, 60.09284489347153, 32.48314457526165, 25.843153289687177, 82.31654297782649, 72.66409633157899, 37.31097272369448, 38.51744663201843, 58.061569096120735, 65.50084379485826, 47.918973364566995, 88.56062257436498, 0.0, 47.81672513641641, 31.803444365782315], [72.7258728601207, 45.79982659331232, 73.1208178799735, 89.33414849767026, 89.31990431738603, 10.089609318245753, 23.359094046267874, 70.14046076080122, 62.47217843784109, 66.89413767225716, 79.75044520216119, 69.27575391296432, 98.28086067617286, 69.30899208374038, 41.59340366273513, 19.31025501217749, 12.376421941430895, 81.45300797281956, 2.221405580398378, 56.4810383897386, 47.81672513641641, 0.0, 76.3188831048924], [81.64464806362164, 105.16484508997475, 44.03123030329495, 89.432850171056, 68.71496248605023, 82.87233084406766, 57.46936060403891, 16.066638533499905, 16.472269579588108, 57.855321877927366, 11.271501384179711, 7.147812303341029, 67.46521003552363, 73.87344323191408, 48.71848373884495, 62.00680718525529, 87.717292024022, 54.320976386700146, 75.88418190006907, 104.35970075729954, 31.803444365782315, 76.3188831048924, 0.0]]",Route_4,1354.1792315157554
