instance_id,num_cities,city_coordinates,distance_matrix,best_route,total_distance
399,50,"[[13.127852053876254, 62.8600267586881], [63.26965280868245, 40.44385875260671], [24.569654031068467, 88.7028525742612], [15.29807888307262, 60.58670309779649], [6.773445610879447, 88.21740662372396], [54.44194476369076, 22.095403208840636], [10.844113866954109, 3.734860375477722], [70.93710056854474, 89.1950418241127], [69.80670117874068, 49.19630713284576], [5.961155103876637, 81.72983360852967], [37.0216899636742, 73.99706406766533], [35.66189709806026, 0.2946837353619003], [2.497269882405373, 71.39351677969009], [1.1106018161552877, 67.3132004211525], [25.240379139871116, 38.447019419204], [92.2169935796729, 47.09088161228737], [51.22299059134602, 21.097635760028822], [68.49421648773227, 74.96691438632367], [50.532745792013664, 12.908720213604386], [49.39839251888951, 16.64057219327084], [22.147360678694106, 61.00752674490446], [87.47905376893051, 50.484741210596674], [29.859731641349075, 0.3557151288833049], [2.1678531563051995, 11.631620683878552], [85.3461356602144, 74.76326903394364], [31.23480644186737, 79.39199927629754], [44.20237052939684, 68.60611040206372], [94.68149764311546, 40.18972345104535], [31.783436795455945, 42.98001178562263], [24.659680182439626, 41.68124366298578], [42.660894726658626, 87.32574507934163], [56.624925569715444, 7.676116601682093], [50.81686689359684, 31.339299717778335], [58.99824317152964, 43.46554689314098], [98.47443890424405, 68.28040195773978], [81.14745656477722, 35.575145334220146], [36.14726570890044, 92.55267725165155], [54.949876666123345, 80.8428646748854], [59.80995203366872, 21.911308177956844], [66.72968498282589, 80.24522367549181], [68.35436968265998, 92.07916411052449], [46.71601160395471, 21.11379230357684], [97.9345826276849, 93.78192548862577], [74.55352211362013, 10.056596363061987], [45.17048913975024, 30.63714862921344], [61.985700086247874, 20.98311549773554], [38.76434050472779, 27.33267643579228], [96.22175609014066, 6.228845761066082], [43.58961589014477, 96.23105356173473], [79.4190249770499, 78.24329599974631]]","[[0.0, 54.92435498949032, 28.262457052056376, 3.1429102687371397, 26.141445921419983, 58.03971734593413, 59.16925519176929, 63.52513071475604, 58.30256574227908, 20.184923971208356, 26.36188707360018, 66.49966416215788, 13.631937838874379, 12.815812847575108, 27.252673992961935, 80.64588176674458, 56.52731094005721, 56.67460664751677, 62.40399907956439, 58.751936869764855, 9.207784322747358, 75.37405978763177, 64.70505982413925, 52.38770051071475, 73.19267493205122, 24.518725752611708, 31.60131604414821, 84.64596718660466, 27.262535417300576, 24.114806932702816, 38.35064513744125, 70.2656341653502, 49.13265790465867, 49.801994242616495, 85.51853807395136, 73.28800278467585, 37.570558930077105, 45.52432538970374, 62.096827712269366, 56.350701550016844, 62.47980663372639, 53.58089727825249, 90.26818582248727, 81.00194567931221, 45.44276032949587, 64.3487762984815, 43.81121044956884, 100.55688712949176, 45.183453673952954, 68.0526603453017], [54.92435498949032, 0.0, 61.859683074404856, 52.028896617310586, 73.98738611365467, 20.361587614161397, 63.99990386854291, 49.35045699911714, 10.924209538508045, 70.63140681726252, 42.6001542300895, 48.7251929697846, 68.19944177580533, 67.71786427518697, 38.081662556941644, 29.700697813502014, 22.7903140534998, 34.91614864106812, 30.338303425098076, 27.550105499853284, 45.97724819213904, 26.209052165029362, 52.18507537221448, 67.5542373451756, 40.80677660821447, 50.43004096764758, 34.00990549068467, 31.412872849422662, 31.58819195583117, 38.62979559375967, 51.21164101292086, 33.434672508486635, 15.426110082118226, 5.23216394114399, 44.88039774384233, 18.528902760061467, 58.74481123773247, 41.24679811295181, 18.85271758274084, 39.951476472976275, 51.88505666464984, 25.449450014858282, 63.61294461422446, 32.4146791133578, 20.585220158139183, 19.503052648892194, 27.792326870183054, 47.502718076792014, 59.15669833405686, 41.10474033043982], [28.262457052056376, 61.859683074404856, 0.0, 29.605404356431972, 17.802828199634448, 72.99935660388643, 86.06944958049428, 46.37005875199415, 60.05961677662739, 19.872071502985065, 19.269494400934118, 89.1013028732159, 28.050013327187113, 31.7465643818825, 50.2603087762155, 79.42114753228094, 72.66956508948431, 46.022203173166325, 80.11761750134627, 76.21967271384123, 27.801053539015236, 73.60853626844906, 88.50537619780668, 80.26092117296984, 62.35457247464219, 11.450600237340364, 28.09488570967171, 85.25957020772478, 46.2884092571236, 47.021695091870804, 18.14357778825172, 87.13708955310841, 63.08322581613419, 56.84840873313687, 76.674596290653, 77.61186131079998, 12.200911531902646, 31.380524806539402, 75.5181369351467, 42.99999647026082, 43.91469918239936, 71.1248354797418, 73.54053120324915, 93.18594681888207, 61.61185260815512, 77.36874880801079, 62.990377386964326, 109.25193604374547, 20.455629035268377, 55.83776335872838], [3.1429102687371397, 52.028896617310586, 29.605404356431972, 0.0, 28.915828706144385, 54.898291441732084, 57.02604514858169, 62.56307040735837, 55.686003850250984, 23.11298581863477, 25.529454747867558, 63.63813865201629, 16.752550045492367, 15.701282487918649, 24.269629741396347, 78.09389627667197, 53.385257519787125, 55.10553087264988, 59.284667529550504, 55.62457920325136, 6.862197436521129, 72.88444806296667, 61.966229857592474, 50.68533241273418, 71.4682116748111, 24.649917842548568, 29.9961492376522, 81.96196650119067, 24.119755480965345, 21.09634981056162, 38.25833317044582, 67.13745914483272, 46.010812927072436, 46.9344047434539, 83.53143042303908, 70.43946736616122, 38.16427773328354, 44.52614006698851, 58.966880734699856, 55.060580611757516, 61.69882571045069, 50.449947304455094, 89.05455934824413, 77.87489479333054, 42.30055209344059, 61.222366210453515, 40.70007031607259, 97.48547680015767, 45.50748055230686, 66.50752589663763], [26.141445921419983, 73.98738611365467, 17.802828199634448, 28.915828706144385, 0.0, 81.51322068891288, 84.5805589993237, 64.17110243802396, 74.1339160773281, 6.538227549974378, 33.42415935873379, 92.54700335197734, 17.358829117915093, 21.6576461510265, 53.08595931554823, 94.82610900491397, 80.50357563341804, 63.12708691335574, 87.09922273568428, 83.30743859941425, 31.252757118887367, 89.09067980063847, 90.8441161276569, 76.72414280968836, 79.71625580691557, 26.004730118803355, 42.25550094425242, 100.17227142796308, 51.69063310495308, 49.85510856729985, 35.89852454276318, 94.72100850656568, 71.93706974495905, 68.77614724304254, 93.84325402521577, 91.11915923143111, 29.69201708487104, 48.73758691375526, 84.90800730575607, 60.48393456601698, 61.70189122240305, 78.09163612665716, 91.33080954636625, 103.45651758744145, 69.20851871317858, 86.9990973945535, 68.77766880439094, 121.338882308698, 37.678228876619826, 73.32709652090361], [58.03971734593413, 20.361587614161397, 72.99935660388643, 54.898291441732084, 81.51322068891288, 0.0, 47.306240518944215, 69.0974070955381, 31.153406446036907, 76.85474777223914, 54.747124830459875, 28.77432118894673, 71.61391799201334, 69.92053579114938, 33.46799646786857, 45.296007038888156, 3.3700453773746246, 54.70706567525816, 9.983835988993619, 7.429172272498597, 50.56771222142457, 43.5592135328686, 32.816142975768294, 53.31108138189508, 61.06531835289019, 61.81804906340511, 47.62451851844121, 44.12058522915892, 30.8151725413303, 35.64531427667421, 66.28567447433487, 14.583594600058447, 9.929290620794381, 21.850466728857693, 63.81155576910561, 29.914675467480816, 72.7936999146323, 58.7496572204632, 5.371163098522732, 59.43391439234602, 71.35322247151846, 7.788042318711545, 83.84847658090555, 23.439462744955545, 12.606399335780146, 7.625314965224987, 16.529256067784733, 44.69116556677931, 74.92574787899127, 61.452749335107974], [59.16925519176929, 63.99990386854291, 86.06944958049428, 57.02604514858169, 84.5805589993237, 47.306240518944215, 0.0, 104.4730092605318, 74.45354151263098, 78.147675179153, 74.98028246133802, 25.055082913879414, 68.17157465487844, 64.31909965015446, 37.57906916469784, 92.20244102097998, 43.95360798134793, 91.63809170203363, 40.73508571750463, 40.6569772596907, 58.37740745828625, 89.76895550176218, 19.31352743388601, 11.731850804007212, 102.9348633254908, 78.3567674827297, 72.9455438499792, 91.42026011935073, 44.48187444239824, 40.38313852612311, 89.44128548857697, 45.950149301218644, 48.57804088198421, 62.42874033845796, 108.83565961709704, 77.1774820834515, 92.35179526022296, 88.83109049839507, 52.23060943627916, 94.7472044508296, 105.414161887377, 39.860009059398514, 125.27259750023288, 64.02228553431277, 43.612305060107936, 53.97188291868231, 36.55675010611702, 85.41406063812899, 98.12142302626965, 101.26216180258703], [63.52513071475604, 49.35045699911714, 46.37005875199415, 62.56307040735837, 64.17110243802396, 69.0974070955381, 104.4730092605318, 0.0, 40.01470454324049, 65.4033854072519, 37.16495128992414, 95.64315787442509, 70.71707515342125, 73.17482429908355, 68.29020520791335, 47.17620325660086, 70.89360228433743, 14.43631854103574, 78.96797172720377, 75.68399439684084, 56.3469140668757, 42.09659830998858, 97.87633118196983, 103.65950843325052, 20.393537165975697, 40.89464270678342, 33.743886666594186, 54.45473001751616, 60.57093682876818, 66.3261686914645, 28.337926655504035, 82.7657750680639, 61.254474920687876, 47.262279066799465, 34.57928806894166, 54.58337355968934, 34.95148530786045, 18.03746631980857, 68.19761174618978, 9.88946868159932, 3.8715191064852283, 72.26145367281265, 27.384366694984422, 79.22103290656709, 63.97612929794763, 68.79676201500745, 69.72832094322938, 86.73352001399266, 28.238101554588894, 13.852212035379855], [58.30256574227908, 10.924209538508045, 60.05961677662739, 55.686003850250984, 74.1339160773281, 31.153406446036907, 74.45354151263098, 40.01470454324049, 0.0, 71.65671007338821, 41.10881298349584, 59.6425721831092, 70.87507077627535, 71.04488644550078, 45.84434803138638, 22.50897647868288, 33.68812301262281, 25.804007717351574, 41.088615463057906, 38.423624761487766, 49.101096175377386, 17.719258123428844, 63.096464263212205, 77.37001634878555, 29.9189499290367, 48.98541504993655, 32.129771411428884, 26.45513274888912, 38.528054222930564, 45.76821696107979, 46.80543607370386, 43.56243140540741, 26.06696223189418, 12.233739306468228, 34.438958485758484, 17.724242761547092, 54.88836330249987, 34.96040387152777, 29.05866757850033, 31.201013559532353, 42.907443286014576, 36.35667179728142, 52.71674381990155, 39.42650464002785, 30.844534491430494, 29.277162436414958, 37.96902031225775, 50.43766313686286, 53.847961267437, 30.59614895762841], [20.184923971208356, 70.63140681726252, 19.872071502985065, 23.11298581863477, 6.538227549974378, 76.85474777223914, 78.147675179153, 65.4033854072519, 71.65671007338821, 0.0, 32.00863243796615, 86.68228025306188, 10.901281870205882, 15.210758681157534, 47.38238579448865, 92.95120583704461, 75.66305021365774, 62.89770140826404, 81.99373357390178, 78.25219195544682, 26.294624025844158, 87.30076518405416, 84.81090212264549, 70.20077346365333, 79.69007566756353, 25.38154686616409, 40.43046707646323, 97.96366638798185, 46.565426263122674, 44.1986922514679, 37.123915655129366, 89.72608673259671, 67.46288450664856, 65.39945220361905, 93.48580047930591, 88.22264548894522, 32.06766623847445, 48.99675044523448, 80.48570628051962, 60.78666210857463, 63.245726079424706, 73.04288323872288, 92.75971264058276, 99.20668197880849, 64.40368261157403, 82.63723979970545, 63.522434469391285, 117.67487096378908, 40.32600204923557, 73.54056425403273], [26.36188707360018, 42.6001542300895, 19.269494400934118, 25.529454747867558, 33.42415935873379, 54.747124830459875, 74.98028246133802, 37.16495128992414, 41.10881298349584, 32.00863243796615, 0.0, 73.71492320612484, 34.62244994838814, 36.5278015377883, 37.45136792207535, 61.404105689964815, 54.77249724809238, 31.487466323096573, 62.56464164708763, 58.67665571824757, 19.747753075664434, 55.66664071336642, 73.98879591217968, 71.44395333862079, 48.33051957022821, 7.911595717698094, 8.979117707860294, 66.84003067921437, 31.45626850917507, 34.5995886429137, 14.472538404505494, 69.15746466587444, 44.832931711615295, 37.61837891079275, 61.71807334996587, 58.50920540645279, 18.57620516712333, 19.19074944841105, 56.852711938596684, 30.357939102363584, 36.17594726240779, 53.764489252104404, 64.04546224475156, 74.14190336655203, 44.11898905054054, 58.597615517827364, 46.69691535814696, 89.98432775672048, 23.18378614027468, 42.60944146380515], [66.49966416215788, 48.7251929697846, 89.1013028732159, 63.63813865201629, 92.54700335197734, 28.77432118894673, 25.055082913879414, 95.64315787442509, 59.6425721831092, 86.68228025306188, 73.71492320612484, 0.0, 78.45340374144777, 75.40075320857864, 39.55007907306166, 73.40547032599736, 25.97903854355226, 81.57146086037608, 19.500155310994007, 21.351331947325058, 62.19881028550092, 72.13916824320117, 5.802486434111471, 35.3606719244256, 89.52147093224725, 79.2211111854693, 68.84323278051043, 71.2385249876346, 42.86116756549281, 42.82401335350497, 87.31203586255842, 22.224628542754495, 34.546219633982126, 49.07451959875325, 92.56064655330661, 57.5642865901138, 92.25927026776297, 82.8253319249868, 32.40998317594993, 85.7746832158015, 97.43299544524643, 23.571778233399083, 112.32876627874414, 40.098047764221306, 31.797460566056262, 33.4806483292559, 27.21540380666988, 60.84990386260253, 96.26336676383674, 89.39056099030586], [13.631937838874379, 68.19944177580533, 28.050013327187113, 16.752550045492367, 17.358829117915093, 71.61391799201334, 68.17157465487844, 70.71707515342125, 70.87507077627535, 10.901281870205882, 34.62244994838814, 78.45340374144777, 0.0, 4.309504601657502, 40.03399439253521, 92.95292839063171, 70.02764815520803, 66.09361642156877, 75.68274820088783, 72.09438428508854, 22.225995080199617, 87.51617272444437, 76.1253806354295, 59.76280398664381, 82.91736724549605, 29.829879814624643, 41.79814654132071, 97.32218948387488, 40.804495322292055, 37.06739273362363, 43.20824758332759, 83.6044866956816, 62.76243908395121, 63.02643480796234, 96.02764423509116, 86.4222633247799, 39.749620010779374, 53.29696177130332, 75.71811212303952, 64.83946224793904, 69.02936766041212, 66.95780621280053, 98.02816691420196, 94.62727562285734, 59.00919578000209, 77.97487983655458, 57.06713645641399, 114.15215137643905, 48.015457238468485, 77.22613470972107], [12.815812847575108, 67.71786427518697, 31.7465643818825, 15.701282487918649, 21.6576461510265, 69.92053579114938, 64.31909965015446, 73.17482429908355, 71.04488644550078, 15.210758681157534, 36.5278015377883, 75.40075320857864, 4.309504601657502, 0.0, 37.62316519551968, 93.32372044756323, 68.16986083088601, 67.81689217052211, 73.50099170639787, 69.99589975471545, 21.96148319107644, 87.99265044377391, 72.86849320776636, 55.69161608747447, 84.56434641342015, 32.455586362209296, 43.11116035383696, 97.42276709685353, 39.15261006420504, 34.80741730082727, 46.118638148200326, 81.47651139012784, 61.358245735720885, 62.60742448368666, 97.36864100586116, 86.09995504501241, 43.18100285322806, 55.51323563970254, 74.2087968856863, 66.8812477536507, 71.65945348903843, 64.91716808616522, 100.37667391824131, 93.12454697921876, 57.327187668791844, 76.50002848629833, 54.92036357646648, 113.037294958651, 51.387828003900665, 79.06754155342718], [27.252673992961935, 38.081662556941644, 50.2603087762155, 24.269629741396347, 53.08595931554823, 33.46799646786857, 37.57906916469784, 68.29020520791335, 45.84434803138638, 47.38238579448865, 37.45136792207535, 39.55007907306166, 40.03399439253521, 37.62316519551968, 0.0, 67.53209041212097, 31.2425544920957, 56.609161570585734, 35.94312920686153, 32.54428906948559, 22.771544831086143, 63.392108069608256, 38.37037763784342, 35.37523236102935, 70.22515185432401, 41.38145157164879, 35.62482121174587, 69.46298263337259, 7.959875833096696, 3.285942442926817, 51.890309167208706, 43.952681542909666, 26.54574175212507, 34.12885878529495, 79.07754563251416, 55.98079105331084, 55.194043012915486, 51.769314639138024, 38.32081831476846, 58.89356822591579, 68.81295753500517, 27.59789035369033, 91.35862876838405, 56.901688826045685, 21.4056853747697, 40.6842297657276, 17.505032160811623, 77.95105251131757, 60.62746152613311, 67.2240231942828], [80.64588176674458, 29.700697813502014, 79.42114753228094, 78.09389627667197, 94.82610900491397, 45.296007038888156, 92.20244102097998, 47.17620325660086, 22.50897647868288, 92.95120583704461, 61.404105689964815, 73.40547032599736, 92.95292839063171, 93.32372044756323, 67.53209041212097, 0.0, 48.54026278197214, 36.60387078128553, 53.907297015418855, 52.541925550139176, 71.43827032218184, 5.828066285077224, 77.92691385314977, 96.77916550878281, 28.512623768492894, 69.00861794337403, 52.61472319167443, 7.328012298379567, 60.57321220079845, 67.77355513911394, 63.832994381763264, 53.106675720352435, 44.29540407088045, 33.415990640775064, 22.09414842125261, 15.973316241474068, 72.18441137986642, 50.27956208745335, 41.039337958832675, 41.81881510940834, 50.925144883362684, 52.39416503492879, 47.039817206108545, 41.030921366124026, 49.84073543893547, 39.94429318160159, 56.98747926121067, 41.05781407566338, 69.13304824887494, 33.67879039576218], [56.52731094005721, 22.7903140534998, 72.66956508948431, 53.385257519787125, 80.50357563341804, 3.3700453773746246, 43.95360798134793, 70.89360228433743, 33.68812301262281, 75.66305021365774, 54.77249724809238, 25.97903854355226, 70.02764815520803, 68.16986083088601, 31.2425544920957, 48.54026278197214, 0.0, 56.57026094761619, 8.217954472341471, 4.816074518125045, 49.378048293165214, 46.67016267273763, 29.77609955036698, 49.96010358468693, 63.595512609627974, 61.625971175798526, 48.024413258957324, 47.467353492375786, 29.27002959186729, 33.604975437910774, 66.77927784580292, 14.467829071025113, 10.249713024340675, 23.68075170142314, 66.77509111737947, 33.24262244868541, 73.02807977278817, 59.86135696676934, 8.62542576431063, 61.146502166257854, 73.01959679800025, 4.5070079461529895, 86.40010881891286, 25.81120400285891, 11.2975696325762, 10.763318752230944, 13.931751297278359, 47.39166395526501, 75.52018855838905, 63.72317348746078], [56.67460664751677, 34.91614864106812, 46.022203173166325, 55.10553087264988, 63.12708691335574, 54.70706567525816, 91.63809170203363, 14.43631854103574, 25.804007717351574, 62.89770140826404, 31.487466323096573, 81.57146086037608, 66.09361642156877, 67.81689217052211, 56.609161570585734, 36.60387078128553, 56.57026094761619, 0.0, 64.60521568365891, 61.372735694851706, 48.403466267481114, 30.98065283366154, 84.02055982900187, 91.70902846038365, 16.85314959363432, 37.521260816360815, 25.110826497542348, 43.53420153924833, 48.69130603713134, 55.04000770896105, 28.63740926323197, 68.32958022255104, 47.072895070734205, 32.90151460286562, 30.716822501702907, 41.37409761555649, 36.818260146885194, 14.764008026171965, 53.761638732886524, 5.565439819450568, 17.112821151180775, 58.09000745411406, 34.93908701203025, 65.19251928364854, 50.091160791932815, 54.37473060339628, 56.15056679226552, 74.1197580320777, 32.74756091370176, 11.4055301062704], [62.40399907956439, 30.338303425098076, 80.11761750134627, 59.284667529550504, 87.09922273568428, 9.983835988993619, 40.73508571750463, 78.96797172720377, 41.088615463057906, 81.99373357390178, 62.56464164708763, 19.500155310994007, 75.68274820088783, 73.50099170639787, 35.94312920686153, 53.907297015418855, 8.217954472341471, 64.60521568365891, 0.0, 3.9004456856092644, 55.85002486809561, 52.69712541582884, 24.185769591448018, 48.38175092813852, 70.97856946912268, 69.22742850987504, 56.05598027660419, 51.89764375818452, 35.43753891931176, 38.69462016459814, 74.83220983682686, 8.030865146629019, 18.432769343211607, 31.707795612527708, 73.24226291999105, 38.092352821116805, 80.93270000376825, 68.07759564530177, 12.927224980873014, 69.25709738087244, 81.15152164275806, 9.049346267214165, 93.741183408635, 24.189508170929866, 18.521635200276403, 14.01306609098156, 18.615742695509383, 46.174737516568825, 83.61111342047288, 71.43545281098861], [58.751936869764855, 27.550105499853284, 76.21967271384123, 55.62457920325136, 83.30743859941425, 7.429172272498597, 40.6569772596907, 75.68399439684084, 38.423624761487766, 78.25219195544682, 58.67665571824757, 21.351331947325058, 72.09438428508854, 69.99589975471545, 32.54428906948559, 52.541925550139176, 4.816074518125045, 61.372735694851706, 3.9004456856092644, 0.0, 52.06770008884651, 50.94668328472122, 25.435326585185845, 47.495404448262875, 68.3409695935566, 65.32731021658407, 52.22466664177765, 51.04039708557567, 31.68679130454319, 35.19998743919965, 71.00554585688383, 11.514523176764481, 14.767012575040882, 28.490988052394183, 71.23994909403574, 36.966486549574036, 77.05997700576506, 64.44186012315109, 11.669671347131139, 65.92363300551095, 77.78374007908926, 5.215828364512433, 91.14027725718138, 26.002486086150817, 14.621194168415958, 13.315329291700914, 15.079925575838955, 47.966982638317376, 79.80217171472495, 68.5283441618492], [9.207784322747358, 45.97724819213904, 27.801053539015236, 6.862197436521129, 31.252757118887367, 50.56771222142457, 58.37740745828625, 56.3469140668757, 49.101096175377386, 26.294624025844158, 19.747753075664434, 62.19881028550092, 22.225995080199617, 21.96148319107644, 22.771544831086143, 71.43827032218184, 49.378048293165214, 48.403466267481114, 55.85002486809561, 52.06770008884651, 0.0, 66.17370427471836, 61.14019069459076, 53.26500558701229, 64.67847868562848, 20.507815601769057, 23.327278733479442, 75.4624539698733, 20.44126362373809, 19.48889342808761, 33.36845359671474, 63.50544692134045, 41.25705129477195, 40.81309345811033, 76.6727955947264, 64.24809210229921, 34.512227707699815, 38.333349526255745, 54.28614089992351, 48.55587115428895, 55.68244184366539, 46.8522001186975, 82.57035923234218, 73.09174415157219, 38.11068499809912, 56.47164582721097, 37.55155871438526, 92.12882255787528, 41.23672089253635, 59.80898990377378], [75.37405978763177, 26.209052165029362, 73.60853626844906, 72.88444806296667, 89.09067980063847, 43.5592135328686, 89.76895550176218, 42.09659830998858, 17.719258123428844, 87.30076518405416, 55.66664071336642, 72.13916824320117, 87.51617272444437, 87.99265044377391, 63.392108069608256, 5.828066285077224, 46.67016267273763, 30.98065283366154, 52.69712541582884, 50.94668328472122, 66.17370427471836, 0.0, 76.3734609556428, 93.74201792489474, 24.37203834166363, 63.23800223176628, 46.91753759084534, 12.56433796227487, 56.198956518765186, 63.433234718638616, 58.0166092252491, 52.76888825662869, 41.36017258712563, 29.33301316181521, 20.918509404383574, 16.19830770026628, 66.36764052001645, 44.49452801478843, 39.77461836532213, 36.27978254572516, 45.780449514805866, 50.242195874009774, 44.541713596603536, 42.44413109471881, 46.732660658880775, 38.9904732170834, 53.93645698180617, 45.1111862614704, 63.3956453634134, 28.905041569044087], [64.70505982413925, 52.18507537221448, 88.50537619780668, 61.966229857592474, 90.8441161276569, 32.816142975768294, 19.31352743388601, 97.87633118196983, 63.096464263212205, 84.81090212264549, 73.98879591217968, 5.802486434111471, 76.1253806354295, 72.86849320776636, 38.37037763784342, 77.92691385314977, 29.77609955036698, 84.02055982900187, 24.185769591448018, 25.435326585185845, 61.14019069459076, 76.3734609556428, 0.0, 29.899601671520784, 92.81823694231223, 79.04824503135931, 69.74114814955593, 76.0829124481827, 42.66768457511676, 41.65140866523273, 87.90708666495728, 27.74822307366752, 37.405668446884086, 52.033743368482206, 96.54916433388226, 62.21606699084912, 92.41110814895458, 84.30715639496276, 36.90066792411469, 87.98708447960593, 99.47375659448714, 26.74008119225282, 115.59689493664906, 45.73447281317352, 33.93205726167754, 38.17810229044339, 28.408599056698076, 66.62140761320416, 96.85344723394788, 92.3179224736414], [52.38770051071475, 67.5542373451756, 80.26092117296984, 50.68533241273418, 76.72414280968836, 53.31108138189508, 11.731850804007212, 103.65950843325052, 77.37001634878555, 70.20077346365333, 71.44395333862079, 35.3606719244256, 59.76280398664381, 55.69161608747447, 35.37523236102935, 96.77916550878281, 49.96010358468693, 91.70902846038365, 48.38175092813852, 47.495404448262875, 53.26500558701229, 93.74201792489474, 29.899601671520784, 0.0, 104.42332930766192, 73.73165317753976, 70.80249380803144, 96.82117356184018, 43.125449782645056, 37.534812163644034, 85.84455069259906, 54.60053798621109, 52.48922889997912, 65.13902123289301, 111.73201366769898, 82.52920772212126, 87.76569872942494, 87.04101504792828, 58.55154599123462, 94.21282632575387, 104.17515161148323, 45.54613045805646, 126.1742408463681, 72.40280223865062, 47.015282557968185, 60.54440739314942, 39.82243134174454, 94.2089519841608, 94.19568180778455, 102.00420989383137], [73.19267493205122, 40.80677660821447, 62.35457247464219, 71.4682116748111, 79.71625580691557, 61.06531835289019, 102.9348633254908, 20.393537165975697, 29.9189499290367, 79.69007566756353, 48.33051957022821, 89.52147093224725, 82.91736724549605, 84.56434641342015, 70.22515185432401, 28.512623768492894, 63.595512609627974, 16.85314959363432, 70.97856946912268, 68.3409695935566, 64.67847868562848, 24.37203834166363, 92.81823694231223, 104.42332930766192, 0.0, 54.30894119233792, 41.60192317138731, 35.811716483918225, 62.28272754937558, 69.11777109470935, 44.49545592469981, 72.976667028113, 55.47892854704908, 40.91159798636788, 14.641718191350613, 39.412408518781135, 52.316267539098746, 30.998290985040118, 58.69775498714939, 19.40680454159393, 24.260262433434903, 66.11015684480095, 22.807417442447086, 65.60056398616366, 59.67576623144466, 58.63458761331538, 66.47950627162875, 69.39197571104148, 46.95181270025559, 6.873225497042597], [24.518725752611708, 50.43004096764758, 11.450600237340364, 24.649917842548568, 26.004730118803355, 61.81804906340511, 78.3567674827297, 40.89464270678342, 48.98541504993655, 25.38154686616409, 7.911595717698094, 79.2211111854693, 29.829879814624643, 32.455586362209296, 41.38145157164879, 69.00861794337403, 61.625971175798526, 37.521260816360815, 69.22742850987504, 65.32731021658407, 20.507815601769057, 63.23800223176628, 79.04824503135931, 73.73165317753976, 54.30894119233792, 0.0, 16.866923761359235, 74.58083570372274, 36.41612044529105, 38.27967312104873, 13.910421128030729, 76.07776269794955, 51.88948859255119, 45.403946963685605, 68.15156468229677, 66.41678501458314, 14.047622603886648, 23.759410054675428, 64.1916567377374, 35.50513194613953, 39.22787435890513, 60.29939569536258, 68.23437637755916, 81.75517857965251, 50.707383228436754, 66.00920514735475, 52.601016889559546, 97.8578083592747, 20.88528347260685, 48.19790903207096], [31.60131604414821, 34.00990549068467, 28.09488570967171, 29.9961492376522, 42.25550094425242, 47.62451851844121, 72.9455438499792, 33.743886666594186, 32.129771411428884, 40.43046707646323, 8.979117707860294, 68.84323278051043, 41.79814654132071, 43.11116035383696, 35.62482121174587, 52.61472319167443, 48.024413258957324, 25.110826497542348, 56.05598027660419, 52.22466664177765, 23.327278733479442, 46.91753759084534, 69.74114814955593, 70.80249380803144, 41.60192317138731, 16.866923761359235, 0.0, 57.92782855858633, 28.476777299890855, 33.26958363000897, 18.782994172952645, 62.18347061916284, 37.84926341067132, 29.171317776000308, 54.27304571953554, 49.55788570424247, 25.26505051550388, 16.286406702903918, 49.23414623166474, 25.356436150913705, 33.67941973222679, 47.55879171950827, 59.33778123799524, 65.94875280618855, 37.98130213344295, 50.83499241452918, 41.63013958560998, 81.22154651452026, 27.631738143355708, 36.51147897209291], [84.64596718660466, 31.412872849422662, 85.25957020772478, 81.96196650119067, 100.17227142796308, 44.12058522915892, 91.42026011935073, 54.45473001751616, 26.45513274888912, 97.96366638798185, 66.84003067921437, 71.2385249876346, 97.32218948387488, 97.42276709685353, 69.46298263337259, 7.328012298379567, 47.467353492375786, 43.53420153924833, 51.89764375818452, 51.04039708557567, 75.4624539698733, 12.56433796227487, 76.0829124481827, 96.82117356184018, 35.811716483918225, 74.58083570372274, 57.92782855858633, 0.0, 62.959921913753654, 70.03770094055653, 70.19934232409085, 50.054343551113035, 44.74858468208789, 35.83330390722761, 28.345592644657057, 14.299111829286083, 78.53747665193283, 56.84434533728789, 39.37162884727021, 48.844108439263735, 58.186181509012975, 51.61956024721525, 53.69084355040131, 36.23728393542375, 50.42411772898957, 37.91977013316157, 57.376233062057736, 33.9957881149616, 75.83542089047043, 41.00021287263818], [27.262535417300576, 31.58819195583117, 46.2884092571236, 24.119755480965345, 51.69063310495308, 30.8151725413303, 44.48187444239824, 60.57093682876818, 38.528054222930564, 46.565426263122674, 31.45626850917507, 42.86116756549281, 40.804495322292055, 39.15261006420504, 7.959875833096696, 60.57321220079845, 29.27002959186729, 48.69130603713134, 35.43753891931176, 31.68679130454319, 20.44126362373809, 56.198956518765186, 42.66768457511676, 43.125449782645056, 62.28272754937558, 36.41612044529105, 28.476777299890855, 62.959921913753654, 0.0, 7.24118132060449, 45.660301711691986, 43.167865127665515, 22.31093092516024, 27.219137209467426, 71.32881258745124, 49.91631491756024, 49.76436641003912, 44.38783127384354, 35.06245610486297, 51.087535461892315, 61.222217301109715, 26.47854499115106, 83.40748486079774, 53.97435947938195, 18.208773746925374, 37.36362073175429, 17.133946426558474, 74.18183873218739, 54.54410431070532, 59.26760055015285], [24.114806932702816, 38.62979559375967, 47.021695091870804, 21.09634981056162, 49.85510856729985, 35.64531427667421, 40.38313852612311, 66.3261686914645, 45.76821696107979, 44.1986922514679, 34.5995886429137, 42.82401335350497, 37.06739273362363, 34.80741730082727, 3.285942442926817, 67.77355513911394, 33.604975437910774, 55.04000770896105, 38.69462016459814, 35.19998743919965, 19.48889342808761, 63.433234718638616, 41.65140866523273, 37.534812163644034, 69.11777109470935, 38.27967312104873, 33.26958363000897, 70.03770094055653, 7.24118132060449, 0.0, 49.06591724012416, 46.67039296089295, 28.127463824670585, 34.38488979439725, 78.46103381391035, 56.81684008655823, 52.15234775725618, 49.50887358140785, 40.32855018839029, 57.07070928514458, 66.70214596215857, 30.157947728540254, 89.90935643778563, 59.07210661131194, 23.29517802461033, 42.68072482285903, 20.120209349815955, 79.86240182473605, 57.74100991399006, 65.84352294197986], [38.35064513744125, 51.21164101292086, 18.14357778825172, 38.25833317044582, 35.89852454276318, 66.28567447433487, 89.44128548857697, 28.337926655504035, 46.80543607370386, 37.123915655129366, 14.472538404505494, 87.31203586255842, 43.20824758332759, 46.118638148200326, 51.890309167208706, 63.832994381763264, 66.77927784580292, 28.63740926323197, 74.83220983682686, 71.00554585688383, 33.36845359671474, 58.0166092252491, 87.90708666495728, 85.84455069259906, 44.49545592469981, 13.910421128030729, 18.782994172952645, 70.19934232409085, 45.660301711691986, 49.06591724012416, 0.0, 80.86443887157714, 56.57739783881178, 46.804123099807434, 58.973526334134256, 64.49294547544788, 8.351537757497711, 13.89412881209083, 67.6249859271288, 25.088651772180732, 26.129478521407197, 66.33601332058355, 55.649463965588055, 83.59223064963697, 56.74411891644549, 69.0998741097855, 60.11947621257251, 97.1878230491694, 8.95360498157527, 37.86358436265869], [70.2656341653502, 33.434672508486635, 87.13708955310841, 67.13745914483272, 94.72100850656568, 14.583594600058447, 45.950149301218644, 82.7657750680639, 43.56243140540741, 89.72608673259671, 69.15746466587444, 22.224628542754495, 83.6044866956816, 81.47651139012784, 43.952681542909666, 53.106675720352435, 14.467829071025113, 68.32958022255104, 8.030865146629019, 11.514523176764481, 63.50544692134045, 52.76888825662869, 27.74822307366752, 54.60053798621109, 72.976667028113, 76.07776269794955, 62.18347061916284, 50.054343551113035, 43.167865127665515, 46.67039296089295, 80.86443887157714, 0.0, 24.365544951244964, 35.86803531037455, 73.64958363667344, 37.14445221863891, 87.31188407738763, 73.1859194957406, 14.587154376002413, 73.26923955035225, 85.21416717881243, 16.69603857955954, 95.50234599381271, 18.085940891434163, 25.659561681709107, 14.346223302202958, 26.55900682208606, 39.62327068970172, 89.50919594344037, 74.15725032651915], [49.13265790465867, 15.426110082118226, 63.08322581613419, 46.010812927072436, 71.93706974495905, 9.929290620794381, 48.57804088198421, 61.254474920687876, 26.06696223189418, 67.46288450664856, 44.832931711615295, 34.546219633982126, 62.76243908395121, 61.358245735720885, 26.54574175212507, 44.29540407088045, 10.249713024340675, 47.072895070734205, 18.432769343211607, 14.767012575040882, 41.25705129477195, 41.36017258712563, 37.405668446884086, 52.48922889997912, 55.47892854704908, 51.88948859255119, 37.84926341067132, 44.74858468208789, 22.31093092516024, 28.127463824670585, 56.57739783881178, 24.365544951244964, 0.0, 14.628082183222519, 60.29833500730605, 30.624941761378796, 62.94660267260291, 49.675796050413915, 13.029297940085925, 51.42963326428207, 63.22100228978966, 11.01716914567783, 78.225064072562, 31.880750667434317, 5.68986800288958, 15.231329110905817, 12.701040212444706, 51.88582524025794, 65.29297721816282, 54.93694853420333], [49.801994242616495, 5.23216394114399, 56.84840873313687, 46.9344047434539, 68.77614724304254, 21.850466728857693, 62.42874033845796, 47.262279066799465, 12.233739306468228, 65.39945220361905, 37.61837891079275, 49.07451959875325, 63.02643480796234, 62.60742448368666, 34.12885878529495, 33.415990640775064, 23.68075170142314, 32.90151460286562, 31.707795612527708, 28.490988052394183, 40.81309345811033, 29.33301316181521, 52.033743368482206, 65.13902123289301, 40.91159798636788, 45.403946963685605, 29.171317776000308, 35.83330390722761, 27.219137209467426, 34.38488979439725, 46.804123099807434, 35.86803531037455, 14.628082183222519, 0.0, 46.627749907159625, 23.51267936030767, 54.14530023770296, 37.59591940516422, 21.569517330436902, 37.583504582404984, 49.505766151535944, 25.504002539045427, 63.62213832628634, 36.85274316095763, 18.861987795068966, 22.680048947619362, 25.878182438556333, 52.65132310969469, 54.96930496822794, 40.32989167442252], [85.51853807395136, 44.88039774384233, 76.674596290653, 83.53143042303908, 93.84325402521577, 63.81155576910561, 108.83565961709704, 34.57928806894166, 34.438958485758484, 93.48580047930591, 61.71807334996587, 92.56064655330661, 96.02764423509116, 97.36864100586116, 79.07754563251416, 22.09414842125261, 66.77509111737947, 30.716822501702907, 73.24226291999105, 71.23994909403574, 76.6727955947264, 20.918509404383574, 96.54916433388226, 111.73201366769898, 14.641718191350613, 68.15156468229677, 54.27304571953554, 28.345592644657057, 71.32881258745124, 78.46103381391035, 58.973526334134256, 73.64958363667344, 60.29833500730605, 46.627749907159625, 0.0, 37.01159450499898, 66.88661948750138, 45.30124708592157, 60.37412858934858, 33.924716067625155, 38.387493404985875, 70.02587995068333, 25.50723715331929, 62.94618175895014, 65.25584710699333, 59.736599894935786, 72.40174083750104, 62.09243276189065, 61.592067040950226, 21.50274535097679], [73.28800278467585, 18.528902760061467, 77.61186131079998, 70.43946736616122, 91.11915923143111, 29.914675467480816, 77.1774820834515, 54.58337355968934, 17.724242761547092, 88.22264548894522, 58.50920540645279, 57.5642865901138, 86.4222633247799, 86.09995504501241, 55.98079105331084, 15.973316241474068, 33.24262244868541, 41.37409761555649, 38.092352821116805, 36.966486549574036, 64.24809210229921, 16.19830770026628, 62.21606699084912, 82.52920772212126, 39.412408518781135, 66.41678501458314, 49.55788570424247, 14.299111829286083, 49.91631491756024, 56.81684008655823, 64.49294547544788, 37.14445221863891, 30.624941761378796, 23.51267936030767, 37.01159450499898, 0.0, 72.60479543712832, 52.301812653593494, 25.337512613671397, 46.939195097537315, 57.93416271809194, 37.34508178551823, 60.579178414660454, 26.356712866735744, 36.31426712134102, 24.085270313851954, 43.17715623453182, 32.99151110236806, 71.34234786608684, 42.70314457940415], [37.570558930077105, 58.74481123773247, 12.200911531902646, 38.16427773328354, 29.69201708487104, 72.7936999146323, 92.35179526022296, 34.95148530786045, 54.88836330249987, 32.06766623847445, 18.57620516712333, 92.25927026776297, 39.749620010779374, 43.18100285322806, 55.194043012915486, 72.18441137986642, 73.02807977278817, 36.818260146885194, 80.93270000376825, 77.05997700576506, 34.512227707699815, 66.36764052001645, 92.41110814895458, 87.76569872942494, 52.316267539098746, 14.047622603886648, 25.26505051550388, 78.53747665193283, 49.76436641003912, 52.15234775725618, 8.351537757497711, 87.31188407738763, 62.94660267260291, 54.14530023770296, 66.88661948750138, 72.60479543712832, 0.0, 22.150798843194554, 74.49916609405992, 32.966009497291196, 32.21058461238134, 72.216429380152, 61.79954355212029, 90.998043347106, 62.56957124416779, 76.09091181422448, 65.27248721251273, 105.17009212594957, 8.301748520573762, 45.576348493193876], [45.52432538970374, 41.24679811295181, 31.380524806539402, 44.52614006698851, 48.73758691375526, 58.7496572204632, 88.83109049839507, 18.03746631980857, 34.96040387152777, 48.99675044523448, 19.19074944841105, 82.8253319249868, 53.29696177130332, 55.51323563970254, 51.769314639138024, 50.27956208745335, 59.86135696676934, 14.764008026171965, 68.07759564530177, 64.44186012315109, 38.333349526255745, 44.49452801478843, 84.30715639496276, 87.04101504792828, 30.998290985040118, 23.759410054675428, 16.286406702903918, 56.84434533728789, 44.38783127384354, 49.50887358140785, 13.89412881209083, 73.1859194957406, 49.675796050413915, 37.59591940516422, 45.30124708592157, 52.301812653593494, 22.150798843194554, 0.0, 59.131621690335066, 11.794959039454548, 17.490993626370187, 60.29393518587933, 44.88991246754194, 73.45065483945407, 51.14929465837848, 60.271820801685315, 55.904488426377924, 85.26792978407774, 19.127254955052756, 24.606848159788452], [62.096827712269366, 18.85271758274084, 75.5181369351467, 58.966880734699856, 84.90800730575607, 5.371163098522732, 52.23060943627916, 68.19761174618978, 29.05866757850033, 80.48570628051962, 56.852711938596684, 32.40998317594993, 75.71811212303952, 74.2087968856863, 38.32081831476846, 41.039337958832675, 8.62542576431063, 53.761638732886524, 12.927224980873014, 11.669671347131139, 54.28614089992351, 39.77461836532213, 36.90066792411469, 58.55154599123462, 58.69775498714939, 64.1916567377374, 49.23414623166474, 39.37162884727021, 35.06245610486297, 40.32855018839029, 67.6249859271288, 14.587154376002413, 13.029297940085925, 21.569517330436902, 60.37412858934858, 25.337512613671397, 74.49916609405992, 59.131621690335066, 0.0, 58.74290085926301, 70.6861731821292, 13.11820519533016, 81.35645696898814, 18.918431513120908, 17.042715904550015, 2.3654642757645656, 21.73267122132383, 39.645417163956004, 76.06920440308603, 59.64736870686821], [56.350701550016844, 39.951476472976275, 42.99999647026082, 55.060580611757516, 60.48393456601698, 59.43391439234602, 94.7472044508296, 9.88946868159932, 31.201013559532353, 60.78666210857463, 30.357939102363584, 85.7746832158015, 64.83946224793904, 66.8812477536507, 58.89356822591579, 41.81881510940834, 61.146502166257854, 5.565439819450568, 69.25709738087244, 65.92363300551095, 48.55587115428895, 36.27978254572516, 87.98708447960593, 94.21282632575387, 19.40680454159393, 35.50513194613953, 25.356436150913705, 48.844108439263735, 51.087535461892315, 57.07070928514458, 25.088651772180732, 73.26923955035225, 51.42963326428207, 37.583504582404984, 33.924716067625155, 46.939195097537315, 32.966009497291196, 11.794959039454548, 58.74290085926301, 0.0, 11.944946487689943, 62.426543218471, 34.01452532380589, 70.62333772523333, 54.090295203458425, 59.45168507595935, 59.848125678020416, 79.6756327729501, 28.124892084521015, 12.84628599665