instance_id,num_cities,city_coordinates,distance_matrix,best_route,total_distance
1530,26,"[[43.0469012841379, 10.780328149347563], [55.02950676558633, 1.40968314938269], [76.1742490358627, 81.27980589787224], [68.9033289690812, 29.128263372234464], [26.414411093719615, 72.68921155533704], [11.035080984870094, 28.283457334936635], [83.3421360440897, 80.91967105694289], [19.299347164388326, 57.31331234541736], [11.377148526572235, 93.59304649524964], [47.027033509467074, 95.98374358194349], [32.62688629159687, 47.179634018560236], [96.80102703310446, 10.8985658456197], [25.32208771827722, 6.069103241382157], [23.32200645117617, 52.82446042523789], [86.77793410001603, 42.92402529112219], [74.80561849873017, 35.62570058390919], [29.315726786741603, 19.060051441780512], [19.553011191318436, 58.564378159961365], [88.45420744266352, 77.39926924155958], [47.041816899864564, 69.47013907841708], [6.951860243396202, 74.7867231643016], [42.90107584972925, 34.37598583635396], [47.28158707251442, 99.31041625275245], [78.98744088046519, 77.95775064609651], [33.25055405541506, 6.366891049960244], [8.912901391541828, 97.90093395917393]]","[[0.0, 15.21156868437324, 77.89478501079793, 31.704914123365107, 64.10420871136903, 36.484464778314, 80.89025508594264, 52.24236733592877, 88.66182695818445, 85.29632731783138, 37.86140753069384, 53.75425578676101, 18.340246892502634, 46.44115131006082, 54.27357088938906, 40.32255758912763, 16.034306061604386, 53.24733145529757, 80.62199926088222, 58.82561735899339, 73.48245090185249, 23.596108296490435, 88.63130972361239, 76.18745618395381, 10.744619400237223, 93.56885114897425], [15.21156868437324, 0.0, 82.62164748741822, 30.996816483388365, 76.8088202622937, 51.5529750717754, 84.40049261540086, 66.34651507362555, 101.99657277371308, 94.91202497532421, 50.958471392581416, 42.835718743621236, 30.070599296424948, 60.40566942360722, 52.26282848900326, 39.520000561255195, 31.188683551213227, 67.26991080701175, 83.0158286702757, 68.52757730037584, 87.72485449667997, 35.126570417985974, 98.206841929407, 80.20965805022692, 22.33599541819046, 106.94532609732596], [77.89478501079793, 82.62164748741822, 0.0, 52.65595565955413, 50.49593828404757, 83.9745448060281, 7.176928400531845, 61.71828964002244, 65.95665340524785, 32.6460710707921, 55.30998575464735, 73.34154976437499, 90.78872234343153, 60.02554649645037, 39.794522775036405, 45.67461528645425, 77.89107106689266, 61.007829271042766, 12.878507025806378, 31.435121004142438, 69.52624852183804, 57.507150774818555, 34.05714058898407, 4.3531711947026155, 86.33880009465628, 69.28456382889611], [31.704914123365107, 30.996816483388365, 52.65595565955413, 0.0, 60.85116555030124, 57.87441422600153, 53.76643060230975, 57.05218660578243, 86.40005613077739, 70.34363892426327, 40.519529557286795, 33.32571723434128, 49.30567365832321, 51.37282080298925, 22.579294840837576, 8.778024379748516, 40.84785353018827, 57.46249836686882, 52.080004384842404, 45.884557810287234, 76.95894637956874, 26.526510481841985, 73.43728144196345, 49.85988508279549, 42.2989412283302, 91.26078906406455], [64.10420871136903, 76.8088202622937, 50.49593828404757, 60.85116555030124, 0.0, 46.99356128747399, 57.51961692877103, 16.942326027794408, 25.750525833629933, 31.104909985286376, 26.255159382282706, 93.66087550638353, 66.62906274381787, 20.10401213524305, 67.30320366130486, 60.95418607153983, 53.70758277223112, 15.703175700086618, 62.21833310549212, 20.877075894460077, 19.575250714899305, 41.709871490701055, 33.8249548835129, 52.83636025606701, 66.67370582029066, 30.690939842623816], [36.484464778314, 51.5529750717754, 83.9745448060281, 57.87441422600153, 46.99356128747399, 0.0, 89.4364646345423, 30.183283078808074, 65.31048496598353, 76.67300310056669, 28.692708998320718, 87.51018199983343, 26.41204439634011, 27.445024505231114, 77.14483798740042, 64.19182183684865, 20.475674035386223, 31.45614885858314, 91.68469949088875, 54.706743499233234, 46.68218530039255, 32.443189304811156, 79.74106907155644, 84.17279032646847, 31.206780056133194, 69.64981477184678], [80.89025508594264, 84.40049261540086, 7.176928400531845, 53.76643060230975, 57.51961692877103, 89.4364646345423, 0.0, 68.25495571097545, 73.07238789992238, 39.3155561214468, 60.913271598307354, 71.30285353104301, 94.70445348578636, 66.27033134661396, 38.15067241141151, 46.09138632124531, 82.13078251286207, 67.59298462112969, 6.206972122208264, 38.063170552384136, 76.63607040264965, 61.65868944080107, 40.47941082808112, 5.266530403243019, 89.81805827837555, 76.34182510733366], [52.24236733592877, 66.34651507362555, 61.71828964002244, 57.05218660578243, 16.942326027794408, 30.183283078808074, 68.25495571097545, 0.0, 37.13462456036848, 47.58389267462218, 16.742602414782727, 90.33736256451945, 51.59692210275281, 6.027568274095233, 68.995733757675, 59.59277356659519, 39.54288596575628, 1.2765230553652593, 72.012779175237, 30.28915751948198, 21.395806105626697, 32.91143485659395, 50.46545835400115, 63.15743316672807, 52.82209780508947, 41.89550434179973], [88.66182695818445, 101.99657277371308, 65.95665340524785, 86.40005613077739, 25.750525833629933, 65.31048496598353, 73.07238789992238, 37.13462456036848, 0.0, 35.7299556654351, 51.04660824005471, 118.89329732584086, 88.6278848431269, 42.482434499295465, 90.84397709742107, 85.92661982769914, 76.66133276715631, 35.970158960677644, 78.75983388058114, 43.05674433138197, 19.319963085300532, 67.0851568303676, 36.35680162285107, 69.39462593363712, 89.926904000944, 4.9629032173055325], [85.29632731783138, 94.91202497532421, 32.6460710707921, 70.34363892426327, 31.104909985286376, 76.67300310056669, 39.3155561214468, 47.58389267462218, 35.7299556654351, 0.0, 50.8842347900708, 98.5745296804043, 92.49728222694432, 49.24075578659405, 66.29832428395925, 66.44353345930865, 78.93633382860538, 46.422309409614265, 45.40477316978578, 26.513608624969322, 45.33578263239236, 61.74576374982494, 3.3363975445332232, 36.69337897555028, 90.66957396992194, 38.16232023927798], [37.86140753069384, 50.958471392581416, 55.30998575464735, 40.519529557286795, 26.255159382282706, 28.692708998320718, 60.913271598307354, 16.742602414782727, 51.04660824005471, 50.8842347900708, 0.0, 73.719985402063, 41.75447069450263, 10.883237294398798, 54.31800976095078, 43.732583143617425, 28.31386059086481, 17.336049414524858, 63.481620489047664, 26.545373236492196, 37.70090627129133, 16.416223008053667, 54.151442375314396, 55.64704381120047, 40.81750788694276, 55.991100609880284], [53.75425578676101, 42.835718743621236, 73.34154976437499, 33.32571723434128, 93.66087550638353, 87.51018199983343, 71.30285353104301, 90.33736256451945, 118.89329732584086, 98.5745296804043, 73.719985402063, 0.0, 71.64190445973979, 84.59874172811733, 33.55730091412079, 33.09424706742168, 67.97702256261363, 90.77051071288996, 67.0224809256576, 76.8544610549633, 110.24776377950468, 58.79110465871142, 101.33523684495783, 69.38485510341577, 63.711841066960595, 123.66784014509794], [18.340246892502634, 30.070599296424948, 90.78872234343153, 49.30567365832321, 66.62906274381787, 26.41204439634011, 94.70445348578636, 51.59692210275281, 88.6278848431269, 92.49728222694432, 41.75447069450263, 71.64190445973979, 0.0, 46.79811695426364, 71.6596562494427, 57.63863517614128, 13.59094875844208, 52.81132579997512, 95.25574587659851, 67.01819141793132, 71.13070044186047, 33.32117083734077, 95.79228603584464, 89.71035478528498, 7.934056720119011, 93.28636839799631], [46.44115131006082, 60.40566942360722, 60.02554649645037, 51.37282080298925, 20.10401213524305, 27.445024505231114, 66.27033134661396, 6.027568274095233, 42.482434499295465, 49.24075578659405, 10.883237294398798, 84.59874172811733, 46.79811695426364, 0.0, 64.22362002892419, 54.28037996866592, 34.29227314517291, 6.866729998348788, 69.61411375830528, 28.97771601673625, 27.39201839010334, 26.901415820920164, 52.297280930733315, 61.07636914165235, 47.506650163828354, 47.32346959887045], [54.27357088938906, 52.26282848900326, 39.794522775036405, 22.579294840837576, 67.30320366130486, 77.14483798740042, 38.15067241141151, 68.995733757675, 90.84397709742107, 66.29832428395925, 54.31800976095078, 33.55730091412079, 71.6596562494427, 64.22362002892419, 0.0, 14.021479393726912, 62.22053131560186, 69.0203658201124, 34.51597221231702, 47.787604745919005, 85.95018082075241, 44.701763594247964, 68.84320238189572, 35.88946498419332, 64.81978462140616, 95.31748950421984], [40.32255758912763, 39.520000561255195, 45.67461528645425, 8.778024379748516, 60.95418607153983, 64.19182183684865, 46.09138632124531, 59.59277356659519, 85.92661982769914, 66.44353345930865, 43.732583143617425, 33.09424706742168, 57.63863517614128, 54.28037996866592, 14.021479393726912, 0.0, 48.412301943499386, 59.82502438950717, 43.94672932717394, 43.77527494179448, 78.34359066902223, 31.92900920154234, 69.37806076687876, 42.53810175477878, 50.82225217591182, 90.66451819599351], [16.034306061604386, 31.188683551213227, 77.89107106689266, 40.84785353018827, 53.70758277223112, 20.475674035386223, 82.13078251286207, 39.54288596575628, 76.66133276715631, 78.93633382860538, 28.31386059086481, 67.97702256261363, 13.59094875844208, 34.29227314517291, 62.22053131560186, 48.412301943499386, 0.0, 40.692781242548364, 83.0711997492567, 53.43586067644025, 60.04668573733438, 20.472898073846245, 82.23681163628603, 77.04685686366903, 13.289062659449352, 81.43807488041719], [53.24733145529757, 67.26991080701175, 61.007829271042766, 57.46249836686882, 15.703175700086618, 31.45614885858314, 67.59298462112969, 1.2765230553652593, 35.970158960677644, 46.422309409614265, 17.336049414524858, 90.77051071288996, 52.81132579997512, 6.866729998348788, 69.0203658201124, 59.82502438950717, 40.692781242548364, 0.0, 71.42918148013484, 29.57313071848691, 20.54150633843984, 33.618602685032606, 49.286037989053504, 62.51843191299757, 53.96480650491112, 40.75017249897067], [80.62199926088222, 83.0158286702757, 12.878507025806378, 52.080004384842404, 62.21833310549212, 91.68469949088875, 6.206972122208264, 72.012779175237, 78.75983388058114, 45.40477316978578, 63.481620489047664, 67.0224809256576, 95.25574587659851, 69.61411375830528, 34.51597221231702, 43.94672932717394, 83.0711997492567, 71.42918148013484, 0.0, 42.164643904738014, 81.5442088440112, 62.65852466255352, 46.639929582821225, 9.483225749836917, 89.96133668890133, 82.14096191615778], [58.82561735899339, 68.52757730037584, 31.435121004142438, 45.884557810287234, 20.877075894460077, 54.706743499233234, 38.063170552384136, 30.28915751948198, 43.05674433138197, 26.513608624969322, 26.545373236492196, 76.8544610549633, 67.01819141793132, 28.97771601673625, 47.787604745919005, 43.77527494179448, 53.43586067644025, 29.57313071848691, 42.164643904738014, 0.0, 40.44095314232582, 35.337590866125616, 29.841240449700695, 33.053932317255864, 64.59271508913088, 47.561794492980226], [73.48245090185249, 87.72485449667997, 69.52624852183804, 76.95894637956874, 19.575250714899305, 46.68218530039255, 76.63607040264965, 21.395806105626697, 19.319963085300532, 45.33578263239236, 37.70090627129133, 110.24776377950468, 71.13070044186047, 27.39201839010334, 85.95018082075241, 78.34359066902223, 60.04668573733438, 20.54150633843984, 81.5442088440112, 40.44095314232582, 0.0, 54.08672474923029, 47.20061852145403, 72.10534163992268, 73.30003221536111, 23.197250333919158], [23.596108296490435, 35.126570417985974, 57.507150774818555, 26.526510481841985, 41.709871490701055, 32.443189304811156, 61.65868944080107, 32.91143485659395, 67.0851568303676, 61.74576374982494, 16.416223008053667, 58.79110465871142, 33.32117083734077, 26.901415820920164, 44.701763594247964, 31.92900920154234, 20.472898073846245, 33.618602685032606, 62.65852466255352, 35.337590866125616, 54.08672474923029, 0.0, 65.08201850031269, 56.5826472079845, 29.625022559581637, 72.04592311163174], [88.63130972361239, 98.206841929407, 34.05714058898407, 73.43728144196345, 33.8249548835129, 79.74106907155644, 40.47941082808112, 50.46545835400115, 36.35680162285107, 3.3363975445332232, 54.151442375314396, 101.33523684495783, 95.79228603584464, 52.297280930733315, 68.84320238189572, 69.37806076687876, 82.23681163628603, 49.286037989053504, 46.639929582821225, 29.841240449700695, 47.20061852145403, 65.08201850031269, 0.0, 38.22561306507475, 93.99664230518557, 38.394565777218816], [76.18745618395381, 80.20965805022692, 4.3531711947026155, 49.85988508279549, 52.83636025606701, 84.17279032646847, 5.266530403243019, 63.15743316672807, 69.39462593363712, 36.69337897555028, 55.64704381120047, 69.38485510341577, 89.71035478528498, 61.07636914165235, 35.88946498419332, 42.53810175477878, 77.04685686366903, 62.51843191299757, 9.483225749836917, 33.053932317255864, 72.10534163992268, 56.5826472079845, 38.22561306507475, 0.0, 84.95359906537887, 72.85720036649562], [10.744619400237223, 22.33599541819046, 86.33880009465628, 42.2989412283302, 66.67370582029066, 31.206780056133194, 89.81805827837555, 52.82209780508947, 89.926904000944, 90.66957396992194, 40.81750788694276, 63.711841066960595, 7.934056720119011, 47.506650163828354, 64.81978462140616, 50.82225217591182, 13.289062659449352, 53.96480650491112, 89.96133668890133, 64.59271508913088, 73.30003221536111, 29.625022559581637, 93.99664230518557, 84.95359906537887, 0.0, 94.71431965913659], [93.56885114897425, 106.94532609732596, 69.28456382889611, 91.26078906406455, 30.690939842623816, 69.64981477184678, 76.34182510733366, 41.89550434179973, 4.9629032173055325, 38.16232023927798, 55.991100609880284, 123.66784014509794, 93.28636839799631, 47.32346959887045, 95.31748950421984, 90.66451819599351, 81.43807488041719, 40.75017249897067, 82.14096191615778, 47.561794492980226, 23.197250333919158, 72.04592311163174, 38.394565777218816, 72.85720036649562, 94.71431965913659, 0.0]]",Route_0,1428.1679097323772
