instance_id,num_cities,city_coordinates,distance_matrix,best_route,total_distance
1300,67,"[[29.461415863526952, 67.40526126720808], [13.97337183192925, 64.82594487521757], [18.684721660412194, 91.35392165320502], [50.76850292212388, 89.70568953347168], [40.31896651241536, 82.78723100830797], [16.431710734594475, 31.228239502390377], [50.785368577627885, 59.786299670094756], [41.11072824866664, 54.61928810449125], [98.77529876645627, 96.97168601999748], [45.082398713764235, 22.300515173577608], [93.7038789399098, 59.82295340110531], [2.016161081131429, 83.13333486923314], [32.91889508664635, 13.247613314409556], [45.17556612518759, 28.070490925233916], [79.7338599402585, 94.9306015073408], [71.55672183966584, 95.78554029896489], [13.321662131185807, 38.01517263560752], [80.72029487048266, 36.15775059333652], [36.04514673191082, 78.96759170934396], [17.31247256496711, 46.84631861858851], [43.92287940197409, 54.29910600756258], [86.57744383544843, 68.7749732399183], [73.806610609528, 93.15257877171204], [87.54334560529006, 32.41291938883116], [89.43376776376527, 50.69453544162188], [34.38654117460419, 50.433142819247756], [85.0505301119768, 96.21547954654824], [80.49857558999551, 70.42332997368428], [51.8325362953411, 41.682390637259736], [17.455647636838012, 24.450586339060855], [36.03889713089122, 16.923078138819125], [51.40313742526419, 0.5056186096504822], [71.17393282096069, 31.86041740856169], [20.509260228342875, 35.96012504581213], [94.75132892149931, 13.260989872097962], [2.1597455258154152, 0.12392674222440059], [57.95723592655615, 77.84360891752945], [81.40275421007904, 51.75778787996615], [99.01897242384189, 79.50732455678823], [90.6440321028773, 2.5228888474252864], [55.61078660057158, 19.965094160196884], [99.05200227276346, 97.48298740443377], [84.67373364184161, 0.8574967792715937], [7.308363377763005, 77.24591080994469], [1.5697040475862623, 93.16244779255439], [10.855025715546695, 6.3785213850239835], [73.27102522771281, 73.82557360114882], [0.994815371856228, 66.60468025030633], [42.5331907292933, 46.425874049072604], [14.297627598471196, 89.80790587270828], [69.29679801607436, 59.92669452102562], [38.72628979334771, 65.52808203963488], [29.880023856130975, 64.0613036873613], [81.4433234772754, 81.8699942284694], [42.39888629195264, 13.697864329088304], [35.89062237705334, 37.572377056952554], [15.901975694896898, 50.63668909037145], [96.51686013190681, 34.43029813647547], [37.611558577354984, 3.30048398604732], [14.320916829989539, 20.19308230514517], [74.17928997444638, 93.71751221547119], [51.57253303330235, 87.10361864897533], [91.9956477169824, 89.9484150319795], [43.10410924350385, 85.17370053909586], [32.92666160218414, 70.5265633684593], [63.90985533388422, 12.709921983054894], [81.13689103059333, 23.528927620469076]]","[[0.0, 15.701349654558367, 26.261673066110365, 30.843168770108523, 18.82794198018705, 38.45191958171949, 22.644194292831443, 17.29703988445086, 75.35640540619859, 47.73314598241227, 64.68837186617682, 31.63248819333253, 54.267900220642076, 42.357510270339304, 57.31459664678074, 50.768642124298836, 33.53012019534013, 60.03232129747642, 13.30537475610713, 23.880262689108978, 19.516793624050273, 57.132449292652446, 51.27787686457479, 67.80836639132605, 62.256978324232314, 17.672285192962697, 62.61132725178756, 51.12631818997018, 34.090073376568014, 44.600925650660805, 50.90888010191077, 70.40597512144623, 54.803010828418444, 32.69461243842333, 84.81966088133652, 72.60963557746203, 30.347501754403233, 54.247083356024284, 70.6025042792847, 89.17978908200561, 54.16972443242214, 75.81239559839382, 86.46967672424513, 24.24038196604943, 37.96551390044611, 63.800162499688156, 44.27755958844066, 28.477855844796522, 24.71853527597756, 27.052152592128223, 40.5313043438846, 9.453131268944944, 3.3700571133567836, 53.95690149373738, 55.243665944207095, 30.517792788733644, 21.564865650785716, 74.72470006298434, 64.62079616132091, 49.58048561007045, 51.88470694688764, 29.612949634161076, 66.47348294744191, 22.401797178325438, 4.663738289886896, 64.63957859818935, 67.79002425152284], [15.701349654558367, 0.0, 26.943095017829478, 44.417151711974185, 31.88570461230555, 33.687523454235375, 37.155364729724354, 28.99330880952451, 90.69021714361509, 52.68950298535614, 79.88731868942514, 21.86630781206503, 54.94776736130114, 48.21348694902302, 72.32380069647718, 65.37842722883148, 26.818691870005296, 72.64308018316851, 26.21353509957429, 18.287059742709847, 31.745666479596004, 72.71138904268993, 66.19980853841781, 80.39368919382996, 76.77218302724869, 24.976994087260643, 77.69984115845797, 66.7602685359546, 44.37274429909607, 40.52524918744678, 52.74061099650136, 74.41835609096051, 66.01992258867583, 29.596509786697332, 95.83330807207989, 65.77167260289708, 45.86981445147897, 68.68404716636373, 86.30351724810274, 98.79302068863649, 61.20596568547323, 91.13098147415663, 95.3441320263405, 14.0953145234113, 30.932319216130335, 58.53055095540782, 59.976703939538794, 13.099878904856155, 33.97389971518407, 24.984065263328993, 55.539932830222284, 24.76287431221119, 15.925019772835672, 69.58946754632795, 58.49863667341728, 34.973173008500574, 14.319723900552097, 87.962053189969, 65.9101373859624, 44.63421567278456, 66.7793025027956, 43.70345148631644, 81.96715220782494, 35.53351970603254, 19.792024765565, 72.17847481512369, 78.84403557206033], [26.261673066110365, 26.943095017829478, 0.0, 32.12609047440853, 23.26862133693769, 60.167879406977974, 45.02184236759193, 43.03904127016213, 80.28735776982572, 73.92706067641076, 81.37613850411506, 18.585450192501817, 79.39273956378568, 68.60435441835189, 61.15382182244031, 53.05739954781467, 53.60769118583904, 83.03631520709645, 21.32617002983206, 44.528752458012505, 44.833290853120616, 71.5487989821389, 55.15122672025175, 90.6396813736182, 81.60032605104625, 43.8298674015095, 66.54363438060842, 65.26133775584658, 59.716317774454424, 66.91462395554677, 76.4272063634618, 96.5603898917938, 79.33847953902345, 55.423836420506646, 109.01667181849348, 92.71454474734017, 41.53142096052383, 74.17145958311254, 81.20304001997977, 114.32014148301506, 80.3734966440514, 80.60065285099927, 112.00068132493084, 18.123396418131783, 17.21030489805604, 85.33535486143258, 57.33155782442614, 30.421336829877262, 50.86530191052214, 4.651532984066964, 59.57560640269615, 32.6900358668042, 29.49952180431, 63.471150780533655, 81.19621200091976, 56.46678278979249, 40.81221266587327, 96.42686707199543, 90.06460481612393, 71.29451486137208, 55.544879806396565, 33.16132103108329, 73.32439790502349, 25.18931565073834, 25.231165379867118, 90.7204023354283, 92.19817392216864], [30.843168770108523, 44.417151711974185, 32.12609047440853, 0.0, 12.532273518489554, 67.81318057625074, 29.919394616988452, 36.391320076068034, 48.55354932630173, 67.644580799618, 52.3108443111493, 49.1933601293256, 78.51398549940166, 61.88843712270847, 29.43283221714623, 21.65905425207476, 63.82926775696431, 61.35545294148038, 18.2231710298845, 54.371239111119486, 36.06228942200989, 41.47740510079181, 23.2945369397446, 68.0797368180741, 54.926067116191014, 42.55233949053917, 34.894623572409635, 35.435668626820814, 48.035085134662054, 73.26646449892068, 74.25812957643173, 89.20232852211487, 61.33887084517641, 61.67825768046882, 88.19456383025523, 101.92008398937115, 13.870358277568979, 48.769873814453426, 49.31647245428107, 95.86917420583119, 69.90849987119879, 48.90585518848315, 95.09766572237609, 45.210947955717266, 49.32008706763341, 92.3931957146176, 27.541633795719928, 54.87327767003317, 44.05635930574625, 36.47101856342136, 35.07258563379377, 27.01058313263345, 33.075112745304594, 31.659796856637932, 76.46724772630525, 54.21469910723266, 52.36469723496859, 71.75152319975528, 87.40117121746138, 78.48840102603145, 23.752045630660877, 2.723460539024811, 41.22785931386514, 8.904035866168456, 26.19485029809049, 78.10917592631415, 72.8121062296433], [18.82794198018705, 31.88570461230555, 23.26862133693769, 12.532273518489554, 0.0, 56.8236798676601, 25.270306975101903, 28.179068367844785, 60.15265201612866, 60.67399013422694, 58.114601615359284, 38.30436909530479, 69.93224925683451, 54.93185055245693, 41.24312392393444, 33.834204620483455, 52.281848234174475, 61.69745356873798, 5.731943814311347, 42.67373837806412, 28.715178114955553, 48.33415037024404, 35.05513858810415, 69.04862961597209, 58.67030603887793, 32.89347492944748, 46.70364697608059, 42.038875275405864, 42.68688546937639, 62.65696658211542, 66.00307286123925, 83.0248311274895, 59.54468313228958, 50.84488485466394, 88.29937872920894, 91.04585667942985, 18.31796788135212, 51.484987641463995, 58.79156810574311, 94.73635442217282, 64.65648180786931, 60.54365983057682, 93.16558762733247, 33.47246852047678, 40.11421773995252, 81.89270244397062, 34.14893083333212, 42.523685305495775, 36.42871214851745, 26.951807999204192, 36.90960372505807, 17.332479402967984, 21.439026979099832, 41.13458470780422, 69.12066734649615, 45.431192474153654, 40.37136096541426, 74.1390329316386, 79.53284233514913, 67.77850720666204, 35.580789089353175, 12.052964851211277, 52.17050830631557, 3.6677318405131585, 14.316778368776292, 73.94159367776516, 71.95588566876815], [38.45191958171949, 33.687523454235375, 60.167879406977974, 67.81318057625074, 56.8236798676601, 0.0, 44.67366794587651, 34.00286841085213, 105.36919497639924, 30.009434905892814, 82.39323784206994, 53.8697224501157, 24.395289831654917, 28.91678749086528, 89.80619699701074, 84.89058802643342, 7.46557858911986, 64.47729933699873, 51.61136135348872, 15.642894127419826, 35.88912420215617, 79.56243514758114, 84.41861719787111, 71.12150223678114, 75.55287557786299, 26.290763540440185, 94.50864373856402, 75.10538122833232, 36.91216230909674, 6.854562654332278, 24.27095795424927, 46.54975960517846, 54.74587224492904, 6.246371000029664, 80.35412031887225, 34.22232112529517, 62.428854772277596, 68.1373528021197, 95.66360774619582, 79.57050835010288, 40.765897864653546, 105.9046939158759, 74.69508487194533, 46.91334074187758, 63.692428115860814, 25.467781731321626, 71.02985671088504, 38.597801730551154, 30.203565248628713, 58.61852627701961, 60.15246274039922, 40.908769884790786, 35.48051901521892, 82.40811315119804, 31.330628147922365, 20.46698130209307, 19.415677547319486, 80.14913807076128, 35.05061315901787, 11.235218968744222, 85.08638029833423, 66.00708588177473, 95.697270527973, 60.179145961709864, 42.619733255930164, 50.96177291203666, 65.16164332329882], [22.644194292831443, 37.155364729724354, 45.02184236759193, 29.919394616988452, 25.270306975101903, 44.67366794587651, 0.0, 10.967984045112566, 60.71067745891289, 37.91711888563611, 42.91852601398721, 54.06958158175568, 49.85037816021846, 32.208110902317706, 45.531715361929365, 41.56193501500705, 43.33025816974746, 38.13670336606745, 24.190826863832488, 35.88701543856416, 8.78652672994846, 36.903508014907395, 40.53746619830039, 45.83067556984962, 39.70338696430273, 18.87864092753255, 50.01186300715089, 31.559801720531997, 18.134168922180752, 48.574509103066944, 45.328955207114916, 59.28389988301399, 34.57670389134158, 38.52699487378239, 64.0125778324733, 76.96785017499991, 19.429413231698838, 31.652508660933343, 52.10949397734633, 69.76970171259777, 40.112505124433085, 61.243025679669536, 67.97812219288578, 46.85176626663983, 59.46552697677843, 66.68450391530732, 26.508601764270455, 50.25524353013708, 15.703484072504711, 47.250947934902136, 18.511961823878924, 13.35625119203132, 21.3379731294297, 37.78359120010175, 46.84524476731952, 26.74531402399681, 36.06336746300256, 52.290497545462195, 58.00169517708487, 53.826379244418725, 41.21410854452675, 27.32865792669274, 51.06897600155266, 26.523986650604122, 20.839546039805438, 48.87164299210711, 47.28437313910214], [17.29703988445086, 28.99330880952451, 43.03904127016213, 36.391320076068034, 28.179068367844785, 34.00286841085213, 10.967984045112566, 0.0, 71.54668617199899, 32.561898747512934, 52.849953946536196, 48.3883875007094, 42.17489307029309, 26.858174521507255, 55.827845112710605, 51.201746508123826, 32.37172911949167, 43.7006422749581, 24.869660322106977, 25.03549536589025, 2.830319890797166, 47.61938311131988, 50.53548469145033, 51.469512977319425, 48.48215992963272, 7.920764114411868, 60.50577931298142, 42.44019624821537, 16.802395182455218, 38.33684135350216, 38.03587407518425, 55.083780851130484, 37.706265586897395, 27.79541060396119, 67.73346937240024, 66.98450167822331, 28.69100727001598, 40.39350863208206, 63.02998573617625, 71.88590269493167, 37.56547417692762, 72.07279620780209, 69.19584991444397, 40.67633127410387, 55.21836427865244, 56.94364854357947, 37.45885882350883, 41.86807961715953, 8.315974590649152, 44.24004053925799, 28.681406726369712, 11.166348188491629, 14.67243604244642, 48.67565327892595, 40.94169360139607, 17.82825514663587, 25.521408664579244, 58.96977841396086, 51.43796112343339, 43.621756516527526, 51.20743015661026, 34.127424313521345, 61.94693082595421, 30.619367841523104, 17.88911270012343, 47.70948715453247, 50.68238571803562], [75.35640540619859, 90.69021714361509, 80.28735776982572, 48.55354932630173, 60.15265201612866, 105.36919497639924, 60.71067745891289, 71.54668617199899, 0.0, 91.97125241967515, 37.49330119163997, 97.74369896918938, 106.52129484778456, 87.29436422073394, 19.150520059769633, 27.244409914533524, 103.81808361088443, 63.437511834573954, 65.26269521115483, 95.64906957132548, 69.49630921894111, 30.722016153244123, 25.25907695169871, 65.5285519506728, 47.21058003380054, 79.44651098361928, 13.745585576812248, 32.23125530957168, 72.52950525364946, 108.95960516987556, 101.70366617725035, 107.47010668903955, 70.71995971610636, 99.23700600560352, 83.80735637686635, 136.79931873046954, 45.07768392053874, 48.436575946080666, 17.466061323862682, 94.79816867904101, 88.27904791274493, 0.5813724590390928, 97.14314959051829, 93.56979468309697, 97.28020323026995, 126.24221121291367, 34.441406603752846, 102.38739166664082, 75.61781419919518, 84.780874446805, 47.34251156887607, 67.78335865038223, 76.35215891020758, 22.988224428847982, 100.56256392169357, 86.50295041145822, 94.94693053170025, 62.58215195615423, 111.87178913562164, 114.13805945727714, 24.810346544268445, 48.22322932465268, 9.761659885683748, 56.907590041294604, 70.9604645450328, 91.19015311077875, 75.53113390376215], [47.73314598241227, 52.68950298535614, 73.92706067641076, 67.644580799618, 60.67399013422694, 30.009434905892814, 37.91711888563611, 32.561898747512934, 91.97125241967515, 0.0, 61.41646122921848, 74.53410478401504, 15.162646621175284, 5.770727886606082, 80.47268608652956, 78.10850595583972, 35.43578484268223, 38.23718891283284, 57.383181216223235, 37.062990503610955, 32.019592445801074, 62.30340297456204, 76.45322272570871, 43.64851349058355, 52.66179187600341, 30.097277397597463, 84.02900383630822, 59.75040492594058, 20.523680319569873, 27.71029016598503, 10.52148991075973, 22.692934012404315, 27.78776498406177, 28.11448162220572, 50.48480608714812, 48.31309585553964, 57.01575831211327, 46.764293415780685, 78.62425213246632, 49.66907428351022, 10.784300756414941, 92.54794562311473, 45.02529110672962, 66.67738932503565, 83.15508458061021, 37.749476136257194, 58.731850904832825, 62.50259233084427, 24.259666160512502, 74.19534979785494, 44.744457822819136, 43.69236383817716, 44.44182330423638, 69.78996836601168, 9.011483810683435, 17.82466037850368, 40.67475678849021, 52.845392004425555, 20.416038731127717, 30.833586249100968, 77.11690182779516, 65.12729123438768, 82.32309085117201, 62.90430086436827, 49.734431425531525, 21.129424992852986, 36.0754128647749], [64.68837186617682, 79.88731868942514, 81.37613850411506, 52.3108443111493, 58.114601615359284, 82.39323784206994, 42.91852601398721, 52.849953946536196, 37.49330119163997, 61.41646122921848, 0.0, 94.60450037044001, 76.57725880594622, 57.99324114002555, 37.78502860131085, 42.23510653483649, 83.2879347865027, 26.99287460091477, 60.75398403221815, 77.4857407412516, 50.08653317033536, 11.442234768287205, 38.81707374798114, 28.0938095587086, 10.077790625908735, 60.055933115109575, 37.40717050492641, 16.933635759745705, 45.63210878589656, 84.05353727487467, 71.87245247349055, 72.8553288335891, 35.909635075520434, 76.9862766046381, 46.5737436667973, 109.28999106302135, 40.03206854467769, 14.709335964013663, 20.389327760807106, 57.3817049286791, 55.133770297716964, 38.03788354148098, 59.652901008463765, 88.13480898101147, 97.9807535660281, 98.59127646051448, 24.770443744323774, 92.9567764432619, 52.89537850429645, 84.87903231554898, 24.407301396152217, 55.272812495388294, 63.96442832468845, 25.22683550300737, 68.99076831365512, 61.947241924476636, 78.34234870447153, 25.547990225746965, 79.6312624063668, 88.72531406778707, 39.11586240249349, 50.19247955887965, 30.17385445023981, 56.59502693509084, 61.71253854485634, 55.74335451006348, 38.40814356980032], [31.63248819333253, 21.86630781206503, 18.585450192501817, 49.1933601293256, 38.30436909530479, 53.8697224501157, 54.06958158175568, 48.3883875007094, 97.74369896918938, 74.53410478401504, 94.60450037044001, 0.0, 76.41330411815696, 69.96178261706967, 78.60799079030433, 70.68216106520477, 46.51304029336871, 91.65722117538783, 34.28301737734171, 39.379241909730446, 50.86831818007792, 85.77163336286497, 72.48623242979743, 99.43570706307709, 93.24223113173807, 46.01243383588641, 84.05860425743944, 79.50492822200417, 64.80626526197211, 60.67983783893363, 74.44020865512776, 96.26220923441363, 86.09128560398639, 50.66859422870441, 116.11182519356021, 83.00953230857924, 56.190613588975324, 85.3619125693466, 97.07055866314684, 119.80377093264644, 82.84087468661693, 98.09111582426118, 116.62584548475795, 7.9163859937702, 10.03904526892529, 77.262066507577, 71.86021210914576, 16.560180269840824, 54.672363872194595, 13.977994058410845, 71.17044514840876, 40.7133697605782, 33.76591805573035, 79.43720888776261, 80.32464792692225, 56.773937725520874, 35.33904122022373, 106.3125952466478, 87.40890345411697, 64.13175817697686, 72.93519028404468, 49.715160206456105, 90.23720592347672, 41.138577713146056, 33.38247639308269, 93.75652761696318, 99.0594532147851], [54.267900220642076, 54.94776736130114, 79.39273956378568, 78.51398549940166, 69.93224925683451, 24.395289831654917, 49.85037816021846, 42.17489307029309, 106.52129484778456, 15.162646621175284, 76.57725880594622, 76.41330411815696, 0.0, 19.233920183168426, 94.14749860921152, 91.13391820340073, 31.58296272105657, 53.00800139067144, 65.79429313838826, 37.04636854054983, 42.500737912981876, 77.21740447674063, 89.75861399003887, 57.88902790158094, 67.79530079963114, 37.21448091260565, 97.98660213278302, 74.38338908857574, 34.15058396530448, 19.09498955970044, 4.82114658888985, 22.450515448177587, 42.54273602274659, 25.88160015272472, 61.83243528176587, 33.44183653674718, 69.2788651752739, 61.917026257488416, 93.59257212998601, 58.71295562680666, 23.665301379726216, 107.09428609490226, 53.21727446636688, 68.9324409602528, 85.84376825648307, 23.108413090459056, 72.78724942888914, 62.17815900811187, 34.54318552307392, 78.79232195765309, 59.18013555101698, 52.602026989543724, 50.904477874484314, 84.04553118965703, 9.490677490511617, 24.505617605338664, 41.0794173883457, 67.03288218605219, 10.998475917698501, 19.852564940993133, 90.43132651600482, 76.17524356787008, 96.81464602767443, 72.64365499391006, 57.27895058058492, 30.995624352700037, 49.301932585959264], [42.357510270339304, 48.21348694902302, 68.60435441835189, 61.88843712270847, 54.93185055245693, 28.91678749086528, 32.208110902317706, 26.858174521507255, 87.29436422073394, 5.770727886606082, 57.99324114002555, 69.96178261706967, 19.233920183168426, 0.0, 75.26320520985223, 72.67250710219355, 33.37016472808791, 36.453141298328795, 51.7095680365344, 33.59886439027578, 26.258512394335558, 58.06005820219136, 71.10144067964428, 42.589733775125325, 49.70549066813952, 24.829242016564905, 78.95411469421208, 55.14959630962725, 15.152526707337039, 27.955278396283976, 14.413310936147205, 28.259597132159467, 26.273153857063157, 25.897354558975874, 51.74048297299707, 51.29689339007229, 51.38807602534065, 43.28391379669551, 74.4638184347416, 52.15420759910344, 13.213299477743853, 87.86788400455967, 47.965115318967406, 62.065666553676586, 78.34815924032867, 40.600997974719654, 53.69248004014599, 58.624418837789044, 18.544601299454502, 69.02865703500473, 39.95812227157909, 38.00873974887987, 39.106165966289886, 64.88248437771757, 14.638386050672588, 13.285180483010546, 36.961823498153656, 51.733699056307024, 25.899178634679146, 31.844355068010316, 71.7687076754551, 59.378711290083444, 77.59508703534323, 57.140768999177205, 44.187710387822285, 24.226445681992264, 36.246967958759555], [57.31459664678074, 72.32380069647718, 61.15382182244031, 29.43283221714623, 41.24312392393444, 89.80619699701074, 45.531715361929365, 55.827845112710605, 19.150520059769633, 80.47268608652956, 37.78502860131085, 78.60799079030433, 94.14749860921152, 75.26320520985223, 0.0, 8.221709545683778, 87.46397007616754, 58.781128420874495, 46.51366835256273, 78.79421211473431, 54.160361461698926, 27.036115301464708, 6.188186283319044, 63.003560564648666, 45.28705944036526, 63.532693543815775, 5.4697251567584875, 24.519199580111174, 60.115354294914084, 94.05322039053681, 89.4115399543171, 98.58350386069016, 63.64841297739936, 83.57673303699029, 83.03884536320288, 122.4991788021604, 27.68007711691616, 43.205058090319305, 24.693987839105898, 93.04954172727285, 78.75119020793655, 19.486028249661327, 94.20271432058561, 74.55334222814304, 78.18415206404097, 112.18629460921038, 22.07239079580705, 83.67911898798025, 61.12772182524497, 65.63644196369464, 36.526781488599006, 50.45918113091645, 58.637176946043766, 13.172005469073378, 89.40166579427218, 72.19553581853077, 77.69465955595271, 62.78499664250692, 100.84823602360785, 99.32044050871826, 5.6854932182837725, 29.228787074143177, 13.235317206500525, 37.90693541570641, 52.78703338646541, 83.72956027125593, 71.41545722102201], [50.768642124298836, 65.37842722883148, 53.05739954781467, 21.65905425207476, 33.834204620483455, 84.89058802643342, 41.56193501500705, 51.201746508123826, 27.244409914533524, 78.10850595583972, 42.23510653483649, 70.68216106520477, 91.13391820340073, 72.67250710219355, 8.221709545683778, 0.0, 82.02888246958946, 60.32780765011898, 39.292688396148954, 73.05810015362208, 49.84730161288588, 30.90619391199505, 3.4633056291273903, 65.35794688056794, 48.50554081769722, 58.63840284175189, 13.500655889492931, 26.892349489697907, 57.58640723906828, 89.52989381408598, 86.49164011627751, 97.38804054846929, 63.92626896656798, 78.64428553411656, 85.72217461565673, 118.1824209846129, 22.513527462328213, 45.11526722194909, 31.924215180594896, 95.19583798074083, 77.47911269065494, 27.547627352832865, 95.83000284407385, 66.86979457602146, 70.03615690288875, 108.06623405774205, 22.02677855419308, 76.35774510520402, 57.260300474373324, 57.57026998943099, 35.92998853624183, 44.64696012790804, 52.37723115438414, 17.070070719855458, 87.11237524004808, 68.2703671113474, 71.66498122440544, 66.23801208056831, 98.51781437947389, 94.81643887350486, 3.339850861293793, 21.78861091912335, 21.256098475518034, 30.36712542596703, 46.15514564517458, 83.42681179290028, 72.88894098213362], [33.53012019534013, 26.818691870005296, 53.60769118583904, 63.82926775696431, 52.281848234174475, 7.46557858911986, 43.33025816974746, 32.37172911949167, 103.81808361088443, 35.43578484268223, 83.2879347865027, 46.51304029336871, 31.58296272105657, 33.37016472808791, 87.46397007616754, 82.02888246958946, 0.0, 67.42422199602849, 46.83436110795491, 9.69101167531538, 34.66411667007055, 79.45171418112724, 81.8447466111628, 74.43281224816873, 77.16099315710936, 24.45271176363932, 92.37048352332815, 74.58569811902244, 38.68508649026193, 14.180544332196988, 30.999180897134877, 53.45245928673153, 58.17874384917428, 7.4756128178618075, 85.1091076082385, 39.50107463928123, 59.82172502281313, 69.45426244953737, 95.2135896941509, 85.07908736311177, 45.980162911365206, 104.33653345865977, 80.44756667486139, 39.6889226308968, 56.38555201498598, 31.732664520301565, 69.83058751716239, 31.133761364135164, 30.39824503658913, 51.80192780932786, 60.11098592326444, 37.44803453490315, 30.86389939361619, 81.01731988589268, 37.905361733794216, 22.573303579760438, 12.882573333963522, 83.27239816141781, 42.368722867246376, 17.850081616066657, 82.5009181850678, 62.23186207062835, 94.26907061043117, 55.77563007283835, 37.96506988854368, 56.56430855320391, 69.34519857436175], [60.03232129747642, 72.64308018316851, 83.03631520709645, 61.35545294148038, 61.69745356873798, 64.47729933699873, 38.13670336606745, 43.7006422749581, 63.437511834573954, 38.23718891283284, 26.99287460091477, 91.65722117538783, 53.00800139067144, 36.453141298328795, 58.781128420874495, 60.32780765011898, 67.42422199602849, 0.0, 61.875288747456686, 64.30239043735679, 41.0263154746719, 33.138940948293545, 57.41262464948559, 7.783173008483931, 16.948236592262617, 48.48302336647271, 60.21363420575213, 34.26629670259471, 29.41129448206224, 64.33873859871743, 48.645656829732886, 46.15810043372558, 10.469006680746764, 60.21135896601231, 26.853892977861545, 86.4302977819056, 47.49597495271949, 15.614958024101027, 47.0534500649483, 35.068283181875024, 29.877910367333783, 64.00653221523561, 35.52094589754459, 84.1281676697967, 97.5415374616788, 75.9470758247667, 38.39735027783253, 85.34147647435196, 39.543511250169466, 85.38331153702721, 26.37155618882406, 51.24561280425729, 57.99432241248955, 45.71796133385637, 44.41820399842389, 44.85198662154996, 66.41576741067614, 15.89073837331505, 54.202980671665145, 68.29163958872493, 57.93022443463289, 58.69474841976532, 54.95970489880526, 61.786250656667235, 58.86804457900784, 28.85119657745193, 12.635692384695172], [13.30537475610713, 26.21353509957429, 21.32617002983206, 18.2231710298845, 5.731943814311347, 51.61136135348872, 24.190826863832488, 24.869660322106977, 65.26269521115483, 57.383181216223235, 60.75398403221815, 34.28301737734171, 65.79429313838826, 51.7095680365344, 46.51366835256273, 39.292688396148954, 46.83436110795491, 61.875288747456686, 0.0, 37.18452993404341, 25.895807746428282, 51.550000211672874, 40.33784838263113, 69.42191298194281, 60.41283445097367, 28.582612649235568, 51.95206670645573, 45.26711550174426, 40.489849199685324, 57.59924783492567, 62.0445138852788, 79.95091682297429, 58.763232405089035, 45.727518610422614, 88.1122769668083, 85.81692094421385, 21.94089766145378, 52.89315627353699, 62.97613860681145, 93.94057099783338, 62.1619576630855, 65.67102651011041, 92.01046894153734, 28.788311910610236, 37.28337548429867, 76.83563839370466, 37.57933448065865, 37.1667500353963, 33.18219557522961, 24.299526736538706, 38.31746441062776, 13.704340490446635, 16.13090706277138, 45.49086053468748, 65.57825339767548, 41.39550306366387, 34.761866788653634, 75.10258744096056, 75.68331941239447, 62.66087392093876, 40.88732121060626, 17.529822010364185, 57.01786598359704, 9.399188185519016, 8.998661509132589, 71.87851405692032, 71.46125439604928], [23.880262689108978, 18.287059742709847, 44.528752458012505, 54.371239111119486, 42.67373837806412, 15.642894127419826, 35.88701543856416, 25.03549536589025, 95.64906957132548, 37.062990503610955, 77.4857407412516, 39.379241909730446, 37.04636854054983, 33.59886439027578, 78.79421211473431, 73.05810015362208, 9.69101167531538, 64.30239043735679, 37.18452993404341, 0.0, 27.63435890148854, 72.65330094773513, 73.04695313814709, 71.69866485041071, 72.22388797253485, 17.44675117989103, 83.8197977268663, 67.44152341049109, 34.90416811994568, 22.396189931269163, 35.29984841091184, 57.5294177611375, 55.90737103445895, 11.34586540853845, 84.40823882073047, 49.11809279045323, 51.115837023337384, 64.27819794965652, 87.99257598276925, 85.68596180787904, 46.790608954705974, 96.15312237561044, 81.56292802514682, 32.00339678893891, 48.91848916566548, 40.97976613830272, 62.12278016575956, 25.62535444909245, 25.224222453039232, 43.06724125789057, 53.60472298553267, 28.417597590409294, 21.31429230291507, 73.07136164026834, 41.57100161728814, 20.764239512415532, 4.044305840789227, 80.17164445404774, 48.04469384628177, 26.82059678112573, 73.69357985251843, 52.86210314611564, 86.22857627269423, 46.19736710504264, 28.36471206805618, 57.7633937383482, 67.95040187838885], [19.516793624050273, 31.745666479596004, 44.833290853120616, 36.06228942200989, 28.715178114955553, 35.88912420215617, 8.78652672994846, 2.830319890797166, 69.49630921894111, 32.019592445801074, 50.08653317033536, 50.86831818007792, 42.500737912981876, 26.258512394335558, 54.160361461698926, 49.84730161288588, 34.66411667007055, 41.0263154746719, 25.895807746428282, 27.63435890148854, 0.0, 45.04400736100424, 49.01662714548845, 48.803178549194605, 45.653410479878346, 10.290161231011002, 58.72364109610169, 39.972142176121835, 14.891077157345743, 39.892962834444404, 38.19848996617321, 54.31108124981792, 35.3003492686318, 29.740810102000868, 65.327316311837, 68.40401596097615, 27.409975927324663, 37.56593288415542, 60.589056344358376, 69.73982200375056, 36.26887845271859, 70.02904969369233, 67.20593514108917, 43.21086245755617, 57.48174316508342, 58.222550425010176, 35.25048368593257, 44.65697973237305, 7.9949369027632216, 46.24424734260385, 25.990488612410605, 12.37313405283148, 17.102698483598555, 46.56111683473186, 40.62983363039122, 18.555339239732707, 28.259234636426733, 56.22184926911162, 51.38766601670728, 45.160790968527465, 49.69166055488286, 33.68461444517219, 59.84867824260483, 30.88544919632846, 19.60222381007162, 46.14259891604633, 48.28754020933935], [57.132449292652446, 72.71138904268993, 71.5487989821389, 41.47740510079181, 48.33415037024404, 79.56243514758114, 36.903508014907395, 47.61938311131988, 30.722016153244123, 62.30340297456204, 11.442234768287205, 85.77163336286497, 77.21740447674063, 58.06005820219136, 27.036115301464708, 30.90619391199505, 79.45171418112724, 33.138940948293545, 51.550000211672874, 72.65330094773513, 45.04400736100424, 0.0, 27.520207716294852, 36.37488043277041, 18.30466654603522, 55.32009638218605, 27.48295566133897, 6.298390196496844, 44.05924003035555, 82.11256897612652, 72.40693149543145, 76.79802479927982, 39.9994072931061, 73.7686867657575, 56.112518627865896, 108.80861166803273, 30.02259905140563, 17.7865682551153, 16.43091593321965, 66.37677173896607, 57.80430914801575, 31.301193035985204, 67.94415148696568, 79.72041081129908, 88.43678385658515, 98.11830517291544, 14.232685627567086, 85.61014231034791, 49.39006444945497, 75.27785923089658, 19.414241067367524, 47.96118478131384, 56.89302341203014, 14.065516931232944, 70.60618154665636, 59.52105407427232, 72.96587660527227, 35.75400263292696, 81.75919925099585, 87.0701201428412, 27.85398480842652, 39.51307407424979, 21.855698813437044, 46.46341655083015, 53.67936756538354, 60.474040223148364, 45.57196790813073], [51.27787686457479, 66.19980853841781, 55.15122672025175, 23.2945369397446, 35.05513858810415, 84.41861719787111, 40.53746619830039, 50.53548469145033, 25.25907695169871, 76.45322272570871, 38.81707374798114, 72.48623242979743, 89.75861399003887, 71.10144067964428, 6.188186283319044, 3.4633056291273903, 81.8447466111628, 57.41262464948559, 40.33784838263113, 73.04695313814709, 49.01662714548845, 27.520207716294852, 0.0, 62.273622909641155, 45.242606955645726, 58.12823825259899, 11.653629775054668, 23.693905254779136, 55.96463355156829, 88.85603407853368, 85.07253933053029, 95.31723263916473, 61.348675918106636, 78.17662259808885, 82.59144751166895, 117.42062584889935, 22.035590208512687, 42.08598472854783, 28.66803360619227, 92.18047221791102, 75.41548856253391, 25.61410234922375, 92.93264508766953, 68.37425663612626, 72.23690723609555, 107.20372696885293, 19.334424753899242, 77.50063510472347, 56.22643262062954, 59.60290173986143, 33.53055015755162, 44.65133512300246, 52.68631045952146, 13.624099874848127, 85.43709261186089, 67.28135689995045, 71.83695163349178, 62.960794756516435, 96.86836805161832, 94.13626234925627, 0.6767863066829414, 23.042224810813714, 18.469102202526532, 31.722327909244473, 46.723728488544914, 81.04916283468738, 70.00846956391369], [67.80836639132605, 80.39368919382996, 90.6396813736182, 68.0797368180741, 69.04862961597209, 71.12150223678114, 45.83067556984962, 51.469512977319425, 65.5285519506728, 43.64851349058355, 28.0938095587086, 99.43570706307709, 57.88902790158094, 42.589733775125325, 63.003560564648666, 65.35794688056794, 74.43281224816873, 7.783173008483931, 69.42191298194281, 71.69866485041071, 48.803178549194605, 36.37488043277041, 62.273622909641155, 0.0, 18.379096317254266, 56.12819531896888, 63.851239704196885, 38.65773011180954, 36.894240726663305, 70.53852957152156, 53.78330033200435, 48.209858849707416, 16.378734180087527, 67.12787252920178, 20.463416813930838, 91.28492870493075, 54.21517718291667, 20.296078429643668, 48.472394298222646, 30.050427326786817, 34.27297298911274, 66.07997374276816, 31.685633477787214, 91.91109559143129, 105.27094681804334, 80.98696368510333, 43.803048499724284, 93.05764125731918, 47.14103244808282, 93.05439097548737, 33.01430479277846, 58.989142522463226, 65.77749542096059, 49.831842446931915, 48.869985600394685, 51.90976613626728, 73.92287646441098, 9.197487698869121, 57.798938146685074, 74.23508937224892, 62.74433109488385, 65.45969708647148, 57.70750603687981, 68.98221333071902, 66.60054075531949, 30.769302383717783, 10.952989087823374], [62.256978324232314, 76.77218302724869, 81.60032605104625, 54.926067116191014, 58.67030603887793, 75.55287557786299, 39.70338696430273, 48.48215992963272, 47.21058003380054, 52.66179187600341, 10.077790625908735, 93.24223113173807, 67.79530079963114, 49.70549066813952, 45.28705944036526, 48.50554081769722, 77.16099315710936, 16.948236592262617, 60.41283445097367, 72.22388797253485, 45.653410479878346, 18.30466654603522, 45.242606955645726, 18.379096317254266, 0.0, 55.04784719915462, 45.73148941939116, 21.657862149125695, 38.66615266504807, 76.61327979863665, 63.178505349971566, 62.970280424262526, 26.232528933019598, 70.48184580948946, 37.80934792576917, 100.86694910533254, 41.56734592320115, 8.101091558989879, 30.365325043058622, 48.18684753505565, 45.69784038917268, 47.766826063141764, 50.06384271582112, 86.31081959704693, 97.58902229332585, 90.21378943235372, 28.218419031267697, 89.85867241402836, 47.09443275219142, 84.70711484531923, 22.152433543221292, 52.83258868156855, 61.03539060865751, 32.18316998783567, 59.841739183252685, 55.12766509271836, 73.53181482229068, 17.73966213358476, 70.22633037781283, 81.06959367627482, 45.647295901378435, 52.52708287460098, 39.337390505586285, 57.75162408472077, 59.88624531933072, 45.76353313856989, 28.40437311081039], [17.672285192962697, 24.976994087260643, 43.8298674015095, 42.55233949053917, 32.89347492944748, 26.290763540440185, 18.87864092753255, 7.920764114411868, 79.44651098361928, 30.097277397597463, 60.055933115109575, 46.01243383588641, 37.21448091260565, 24.829242016564905, 63.532693543815775, 58.63840284175189, 24.45271176363932, 48.48302336647271, 28.582612649235568, 17.44675117989103, 10.290161231011002, 55.32009638218605, 58.12823825259899, 56.12819531896888, 55.04784719915462, 0.0, 68.28515308072569, 50.25860424241438, 19.51764354381297, 31.012068573916103, 33.550778159273555, 52.74772243100073, 41.20992979032072, 20.05111393243904, 70.89200628035573, 59.745992167453515, 36.15122823383385, 47.03486975355668, 70.87072183133857, 73.89382735512665, 37.13180015824696, 79.97068046807972, 70.61548276771875, 38.10711534766552, 53.87706657310761, 49.94538907159129, 45.37850722492412, 37.10156297206403, 9.078882197899551, 44.203352974469034, 36.178081163209086, 15.706387494935548, 14.353935592334263, 56.591663584016246, 37.598914346415235, 12.948419063970139, 18.485686139769733, 64.1581450143089, 47.24286470923321, 36.29174203914409, 58.796254056496366, 40.497927277156705, 69.85889989584273, 35.81762615978335, 20.14638423473171, 47.90268749458344, 53.939150967730086], [62.61132725178756, 77.69984115845797, 66.54363438060842, 34.894623572409635, 46.70364697608059, 94.50864373856402, 50.01186300715089, 60.50577931298142, 13.745585576812248, 84.02900383630822, 37.40717050492641, 84.05860425743944, 97.98660213278302, 78.95411469421208, 5.4697251567584875, 13.500655889492931, 92.37048352332815, 60.21363420575213, 51.95206670645573, 83.8197977268663, 58.72364109610169, 27.48295566133897, 11.653629775054668, 63.851239704196885, 45.73148941939116, 68.28515308072569, 0.0, 26.19074778541408, 63.85368352092471, 98.58634811123643, 93.2170858184114, 101.45207989575249, 65.83413989079789, 88.29656428311043, 83.51977523132656, 126.90338328687524, 32.734877733499346, 44.60709155898139, 21.77796647489717, 93.85940984491425, 81.73628184340434, 14.05872678584677, 95.3587271990568, 80.02305309461158, 83.53663461789637, 116.5145996189153, 25.299498484401454, 89.11881179321705, 65.47311634385936, 71.04245360677878, 39.56078858640284, 55.56664113337617, 63.85668160584171, 14.792054918659863, 92.88874819765299, 76.5226110251827, 82.81877032062197, 62.840157272253464, 104.32474500457963, 103.83680983807793, 11.154537324110787, 34.69585418196896, 9.354718391118228, 43.3753744344009, 58.11039565199186, 86.14003873961852, 72.79183609280601], [51.12631818997018, 66.7602685359546, 65.26133775584658, 35.435668626820814, 42.038875275405864, 75.10538122833232, 31.559801720531997, 42.44019624821537, 32.23125530957168, 59.75040492594058, 16.933635759745705, 79.50492822200417, 74.38338908857574, 55.14959630962725, 24.519199580111174, 26.892349489697907, 74.58569811902244, 34.26629670259471, 45.26711550174426, 67.44152341049109, 39.972142176121835, 6.298390196496844, 23.693905254779136, 38.65773011180954, 21.657862149125695, 50.25860424241438, 26.19074778541408, 0.0, 40.59289842796036, 78.02502112913406, 69.56248956931411, 75.72998669207624, 39.674263550510965, 69.18403321186418, 58.91242741067554, 105.25672610585929, 23.731256465409, 18.687428946470387, 20.62823444866305, 68.65420739470625, 56.262204028917964, 32.80936911832293, 69.69101156383616, 73.50751507797646, 82.13911517747556, 94.61480616834226, 7.988288048133709, 79.59541428080665, 44.91378784376704, 68.98062987362125, 15.351194632393057, 42.05814205374078, 51.016792902943095, 11.485585363066837, 68.33275039981663, 55.399048704696746, 67.5590991314467, 39.39649452045145, 79.65408138772644, 83.0816483936048, 24.136120172978654, 33.39083659153611, 22.658588085465567, 40.19850177750233, 47.572025998453334, 60.05017153704359, 46.8987464509121], [34.090073376568014, 44.37274429909607, 59.716317774454424, 48.035085134662054, 42.68688546937639, 36.91216230909674, 18.134168922180752, 16.802395182455218, 72.52950525364946, 20.523680319569873, 45.63210878589656, 64.80626526197211, 34.15058396530448, 15.152526707337039, 60.115354294914084, 57.58640723906828, 38.68508649026193, 29.41129448206224, 40.489849199685324, 34.90416811994568, 14.891077157345743, 44.05924003035555, 55.96463355156829, 36.894240726663305, 38.66615266504807, 19.51764354381297, 63.85368352092471, 40.59289842796036, 0.0, 38.45394067206304, 29.367713452910877, 41.17901089151277, 21.692412905587762, 31.84166997926536, 51.476196265274986, 64.76489839525753, 36.676227356230605, 31.239580937064833, 60.475494049455946, 55.13437028974257, 22.043505656805607, 73.09845803274992, 52.39481082767443, 56.983909492657354, 71.94823549106918, 54.08807222943077, 38.636679706639825, 56.61796877538704, 10.439275014813848, 61.032242196725406, 25.255792635620523, 27.21012120201455, 31.348501586163277, 49.91835534087649, 29.5318042977257, 16.463196257361645, 37.02951047272421, 45.26899206268023, 40.93173543154311, 43.23091448843097, 56.630656694531204, 45.421972169738815, 62.79080051997153, 44.35853329154148, 34.4879456978903, 31.38894033059476, 34.47163219157872], [44.600925650660805, 40.52524918744678, 66.91462395554677, 73.26646449892068, 62.65696658211542, 6.854562654332278, 48.574509103066944, 38.33684135350216, 108.95960516987556, 27.71029016598503, 84.053537274874