instance_id,num_cities,city_coordinates,distance_matrix,best_route,total_distance
1906,36,"[[70.85217237123464, 38.26805832965285], [75.82510802358749, 67.1548071368085], [22.81617178672005, 33.02311072425853], [20.97752783208794, 53.22265885100902], [95.091665081223, 67.27891525069555], [37.59235266973383, 12.215660392724425], [45.18775309447046, 56.76883796514826], [54.89508899189997, 51.01654347624325], [26.369519121407702, 76.644108807496], [56.35513244298195, 82.19645349384031], [21.97711644666438, 62.81598178518084], [33.34774343617155, 39.27419394353253], [86.32350754395866, 50.167282628963484], [90.67823302819058, 56.3616517401355], [99.25998178324262, 2.5214841635281537], [1.4685464343673793, 85.90208186932136], [76.9875824158756, 88.71984484112659], [84.84258669944661, 66.51585562595272], [95.54339932721525, 88.65629351194374], [11.790336221545783, 31.80809301330062], [22.308716356630875, 19.250682490116024], [59.4784457014902, 20.581075344183418], [34.80913902048426, 38.05844056156179], [6.753829065659033, 62.7066167700412], [62.67247229381372, 84.90103012162872], [97.50804709499339, 50.4861524168266], [99.42742371857788, 50.539304936051465], [10.50303290718102, 95.03978340231878], [18.454539977596163, 85.26376072424559], [76.59865449466939, 7.811634790576916], [16.806285807850774, 69.64411381748923], [32.802951673899564, 56.989853360284805], [60.20206502759123, 39.53103212777156], [88.9899510206607, 61.769560116898184], [61.40122553494116, 63.417480486552016], [26.426654829231833, 84.02596869258751]]","[[0.0, 29.31167592701158, 48.32149446715011, 52.06841887996583, 37.8045344652039, 42.24858630582111, 31.637655790761528, 20.424308642102798, 58.74885267324209, 46.25870802759585, 54.693433221990475, 37.51792236543376, 19.518036554737563, 26.84121464608405, 45.6598423146995, 84.16108213850873, 50.82347900936342, 31.522527582157576, 56.11266286122591, 59.41406938816064, 52.135666349093206, 21.028338628772868, 36.043642889308565, 68.59913084845687, 47.34492107404739, 29.322644498949106, 31.09868940709385, 82.85558159700624, 70.38542408780387, 30.993802470599405, 62.4933173419202, 42.405763816296336, 10.7247325955411, 29.686690630507655, 26.866593214033973, 63.77627277959384], [29.31167592701158, 0.0, 63.04696678637883, 56.589414281475634, 19.266956783027705, 66.93320123014908, 32.34989756842158, 26.429325580587992, 50.35774140942702, 24.603476872982494, 54.02251014438619, 50.809990103574435, 19.96978671378251, 18.360488169411425, 68.7507072450847, 76.68349601620807, 21.596346864721966, 9.040087427829384, 29.174045456104455, 73.1426154787245, 71.82485179390872, 49.35915175693411, 50.28825172090057, 69.21436248657479, 22.088917059627054, 27.349477087291366, 28.86423772680221, 71.02496320901209, 60.16075363517042, 59.34821377478406, 59.071296104649846, 44.206698839156225, 31.73566476701948, 14.22371177305841, 14.900201224714905, 52.200031324091576], [48.32149446715011, 63.04696678637883, 0.0, 20.283055887040657, 79.98254231216463, 25.52029605601786, 32.624334666135645, 36.78070895533397, 43.765485842827545, 59.52209271385763, 29.80468385868936, 12.247042207072676, 65.78072913308814, 71.76313017623234, 82.3043456303171, 57.02549164667323, 77.69599681346318, 70.49141868323882, 91.56582688325902, 11.092579409145701, 13.781773850928358, 38.71597309897656, 13.007144561377734, 33.75069458335396, 65.42051063016699, 76.70615400489731, 78.5881732974615, 63.22721786639421, 52.422412615784, 59.398434028057316, 37.110868987850736, 25.964216242677015, 37.948096848354865, 72.14795500071993, 49.11846990695184, 51.13049098862443], [52.06841887996583, 56.589414281475634, 20.283055887040657, 0.0, 75.43529468463258, 44.24507121638985, 24.468559286661364, 33.989232119545846, 24.03409844633919, 45.72806232511616, 9.645259059128366, 18.643548679546413, 65.41737069282486, 69.77135215252744, 93.26709876105885, 38.05975622605076, 66.31120891445029, 65.23384723154507, 82.55671781940241, 23.30210547796838, 33.99804760207485, 50.475673850078785, 20.52478950920024, 17.095586108937137, 52.3639914447478, 76.57942834805091, 78.49577410812654, 43.10901239499293, 32.14028122100111, 71.80439288394598, 16.94294671067874, 12.410979151912406, 41.54545655700381, 68.54735027140266, 41.68944379758737, 31.281574164790502], [37.8045344652039, 19.266956783027705, 79.98254231216463, 75.43529468463258, 0.0, 79.6123920212671, 50.99864857160159, 43.361612804821256, 69.35733699961737, 41.50966041862063, 73.25063137716185, 67.79805510191368, 19.227286797138344, 11.775611451034715, 64.89144585488575, 95.45737624756038, 28.061918517014366, 10.27744460781515, 21.3821506204004, 90.53889009693549, 87.2013117283852, 58.72809929261471, 66.99118665408123, 88.45608619710045, 36.899092041831786, 16.9657238463628, 17.29200267313003, 89.02753783862147, 78.71914386511341, 62.27639107941942, 78.321100427893, 63.132785559678716, 44.578349113732685, 8.2209432832956, 33.91100699270677, 70.67777183734385], [42.24858630582111, 66.93320123014908, 25.52029605601786, 44.24507121638985, 79.6123920212671, 0.0, 45.19597038909575, 42.484034793029075, 65.39860058126867, 72.4524209939226, 52.954963198194584, 27.38943127313618, 61.7660998099919, 69.04331427066691, 62.42494319776344, 82.06471889281644, 86.05157967676382, 71.97982924562504, 95.92441920785696, 32.39764603770442, 16.82501336885018, 23.430348599728273, 25.992221241598855, 59.16376605638948, 76.89067156024633, 71.09515453410273, 72.74804287882165, 87.14164674543538, 75.51344805187567, 39.25413384042937, 61.07444505148658, 45.02962044915804, 35.458830013536286, 71.39539266729099, 56.46670530527076, 72.67319441435595], [31.637655790761528, 32.34989756842158, 32.624334666135645, 24.468559286661364, 50.99864857160159, 45.19597038909575, 0.0, 11.28367236818805, 27.37064706801086, 27.771820123797106, 23.985445628060297, 21.12459226000981, 41.66210300723306, 45.492302263372345, 76.59361141667772, 52.53679597547647, 45.078775330074265, 40.835158644462005, 59.6028600720318, 41.694438985734074, 43.943854090192225, 38.90730084058298, 21.39613519065721, 38.88989243220254, 33.12303791938511, 52.69616022064839, 54.59623568683349, 51.64973455038706, 39.072052756403046, 58.167451976593206, 31.165372027545857, 12.386773350306457, 22.859823116379335, 44.08673003528553, 17.523730651756807, 33.08972625469502], [20.424308642102798, 26.429325580587992, 36.78070895533397, 33.989232119545846, 43.361612804821256, 42.484034793029075, 11.28367236818805, 0.0, 38.34684134637381, 31.214075600352107, 34.968838426452024, 24.539170178437594, 31.43989085016214, 36.18015449766141, 65.72681713068938, 63.80749359304726, 43.699167034391174, 33.720636056540265, 55.39888009577554, 47.19093430501962, 45.50759942816775, 30.778643231061622, 23.903092214223893, 49.54027372653748, 34.765588248240434, 42.616258786663856, 44.534891858329786, 62.519599303079694, 50.00785440004147, 48.349859255945816, 42.399803122317714, 22.885431222683454, 12.6523106814239, 35.75034242681365, 14.004036969757747, 43.589837081452764], [58.74885267324209, 50.35774140942702, 43.765485842827545, 24.03409844633919, 69.35733699961737, 65.39860058126867, 27.37064706801086, 38.34684134637381, 0.0, 30.49533632847729, 14.508973023697266, 38.01586710213301, 65.54008736841597, 67.43136324466361, 103.95760208453684, 26.56630395772457, 52.038560053451526, 59.34375404788061, 70.20910399728216, 47.146801443204644, 57.53690557844542, 65.10963630979518, 39.49786042339742, 24.063021021004676, 37.230110913421726, 75.79530885737451, 77.58168733210051, 24.2929254842815, 11.702362753431313, 85.21077114799095, 11.851386470352104, 20.680396794831882, 50.21973340360462, 64.36280517502284, 37.44548238418619, 7.382080997403908], [46.25870802759585, 24.603476872982494, 59.52209271385763, 45.72806232511616, 41.50966041862063, 72.4524209939226, 27.771820123797106, 31.214075600352107, 30.49533632847729, 0.0, 39.464549503234124, 48.699695212749404, 43.863097160190534, 42.95942522236044, 90.49268939918102, 55.01153520252107, 21.639145698335884, 32.51793658134795, 39.717122182371014, 67.26817920960062, 71.56345810242992, 61.69448849156616, 49.116127882522456, 53.29299233716919, 6.871936955945284, 51.952916941694376, 53.45462871014717, 47.6168683869384, 38.0245089760927, 77.09021623120873, 41.49304160361859, 34.497505841328504, 42.838499864662914, 38.50051112168472, 19.445124908346074, 29.984344217260926], [54.693433221990475, 54.02251014438619, 29.80468385868936, 9.645259059128366, 73.25063137716185, 52.954963198194584, 23.985445628060297, 34.968838426452024, 14.508973023697266, 39.464549503234124, 0.0, 26.14396551626568, 65.57779835882297, 69.0036361062142, 98.02075146661123, 30.879920029757866, 60.804288396221985, 62.97425201255729, 77.9725572685513, 32.63831578749373, 43.566561273169874, 56.48129794860118, 27.885420039408043, 15.223680218370756, 46.30185036852579, 76.5306878112004, 78.41726143504226, 34.205671806466604, 22.722484993449815, 77.5176793191879, 8.565096411945952, 12.2940018216457, 44.75863687114014, 67.0210041401175, 39.428697392788656, 21.67168513130217], [37.51792236543376, 50.809990103574435, 12.247042207072676, 18.643548679546413, 67.79805510191368, 27.38943127313618, 21.12459226000981, 24.539170178437594, 38.01586710213301, 48.699695212749404, 26.14396551626568, 0.0, 54.084110087090906, 59.82279039639734, 75.46644843964991, 56.484007771224626, 65.94928308072227, 58.256561981709034, 79.41593901416515, 22.813690383574702, 22.86484484504398, 32.128589820408564, 1.9009822039203812, 35.4445301995447, 54.23788253791863, 65.13257693657683, 67.03302821668444, 60.26343640084975, 48.340953258455585, 53.48395961261023, 34.58253683031483, 17.72403415237634, 26.85554978004123, 60.01747049109272, 37.01210805890868, 45.283802961934036], [19.518036554737563, 19.96978671378251, 65.78072913308814, 65.41737069282486, 19.227286797138344, 61.7660998099919, 41.66210300723306, 31.43989085016214, 65.54008736841597, 43.863097160190534, 65.57779835882297, 54.084110087090906, 0.0, 7.571911431630782, 49.37078566472826, 92.07247309407371, 39.6668570864882, 16.41550990939959, 39.57790246141318, 76.7610153054271, 71.08958893468551, 39.949981311934664, 52.91837318536546, 80.55165196221351, 42.02147883270919, 11.189084096130124, 13.109195997787909, 88.10383476217713, 76.40654116773368, 43.45772279629584, 72.19412075130163, 53.953659486859635, 28.20389306212873, 11.904737028657257, 28.22566002420919, 68.80438639421709], [26.84121464608405, 18.360488169411425, 71.76313017623234, 69.77135215252744, 11.775611451034715, 69.04331427066691, 45.492302263372345, 36.18015449766141, 67.43136324466361, 42.95942522236044, 69.0036361062142, 59.82279039639734, 7.571911431630782, 0.0, 54.51981342935794, 93.97342812936787, 35.1352611339308, 11.711644830207605, 32.6590528075538, 82.62068450895312, 77.79212587774273, 47.47290149609455, 58.79084286425388, 84.16391246666772, 39.98523168262511, 9.009320312060224, 10.509427198653004, 89.01719262772285, 77.79199021490489, 50.55035783734885, 75.0565679002245, 57.87869063061036, 34.8147464810078, 5.665312802344556, 30.115243433492946, 69.95412592193998], [45.6598423146995, 68.7507072450847, 82.3043456303171, 93.26709876105885, 64.89144585488575, 62.42494319776344, 76.59361141667772, 65.72681713068938, 103.95760208453684, 90.49268939918102, 98.02075146661123, 75.46644843964991, 49.37078566472826, 54.51981342935794, 0.0, 128.5126021111104, 89.02930504662405, 65.5983297033777, 86.21495442578596, 92.2423132440229, 78.74873540195527, 43.68889385915111, 73.59882066219231, 110.36139939975598, 90.13897848823146, 47.99665275621693, 48.0181127132656, 128.20854756148756, 115.65380994959035, 23.27061340267373, 106.32055018511315, 85.9263643703626, 53.807318292301346, 60.131589335728385, 71.70500535417344, 109.30541850035391], [84.16108213850873, 76.68349601620807, 57.02549164667323, 38.05975622605076, 95.45737624756038, 82.06471889281644, 52.53679597547647, 63.80749359304726, 26.56630395772457, 55.01153520252107, 30.879920029757866, 56.484007771224626, 92.07247309407371, 93.97342812936787, 128.5126021111104, 0.0, 75.57158582259346, 85.5982263722919, 94.11516152344065, 55.06994620267934, 69.83352863485527, 87.36121740474346, 58.31474194043038, 23.789993982020203, 61.212111915944895, 102.36148565806609, 104.14637598695029, 12.849884635030616, 16.997983131385347, 108.3635135186694, 22.3510128241048, 42.63521911605437, 74.83248265608897, 90.78752594320886, 64.01158741598576, 25.02852323453619], [50.82347900936342, 21.596346864721966, 77.69599681346318, 66.31120891445029, 28.061918517014366, 86.05157967676382, 45.078775330074265, 43.699167034391174, 52.038560053451526, 21.639145698335884, 60.804288396221985, 65.94928308072227, 39.6668570864882, 35.1352611339308, 89.02930504662405, 75.57158582259346, 0.0, 23.552456970823155, 18.555925738658253, 86.54263924468738, 88.40669042146011, 70.35241130935451, 65.92115723222506, 74.89638271864243, 14.815725553229308, 43.392449885238044, 44.286567999038915, 66.78425672859812, 58.63498592567733, 80.90914483858893, 63.13217860575715, 54.39737082965559, 51.973963579295294, 29.50211346398949, 29.71774154863552, 50.77834057666376], [31.522527582157576, 9.040087427829384, 70.49141868323882, 65.23384723154507, 10.27744460781515, 71.97982924562504, 40.835158644462005, 33.720636056540265, 59.34375404788061, 32.51793658134795, 62.97425201255729, 58.256561981709034, 16.41550990939959, 11.711644830207605, 65.5983297033777, 85.5982263722919, 23.552456970823155, 0.0, 24.590778366656867, 80.87805688480759, 78.38674334103126, 52.47231353865232, 57.560145576522714, 78.18161145339614, 28.80153839633061, 20.42951962244419, 21.632559784306764, 79.62401468039963, 68.98446704235087, 59.28024934230231, 68.10818040679607, 52.904331890287146, 36.542249622719794, 6.303011333652421, 23.64523930412295, 60.983810604716304], [56.11266286122591, 29.174045456104455, 91.56582688325902, 82.55671781940241, 21.3821506204004, 95.92441920785696, 59.6028600720318, 55.39888009577554, 70.20910399728216, 39.717122182371014, 77.9725572685513, 79.41593901416515, 39.57790246141318, 32.6590528075538, 86.21495442578596, 94.11516152344065, 18.555925738658253, 24.590778366656867, 0.0, 101.22397680152753, 100.8982538556305, 77.03840736031518, 79.04930801844021, 92.50391078349642, 33.08473737489612, 38.220668650255014, 38.314363671701535, 85.27961575918484, 77.16347267030537, 83.03470479591378, 80.99997544503034, 70.27892432028996, 60.516949825160715, 27.673888728600126, 42.45804651879937, 69.27167009631187], [59.41406938816064, 73.1426154787245, 11.092579409145701, 23.30210547796838, 90.53889009693549, 32.39764603770442, 41.694438985734074, 47.19093430501962, 47.146801443204644, 67.26817920960062, 32.63831578749373, 22.813690383574702, 76.7610153054271, 82.62068450895312, 92.2423132440229, 55.06994620267934, 86.54263924468738, 80.87805688480759, 101.22397680152753, 0.0, 16.380625131964283, 48.99185352192581, 23.852298144423575, 31.306312058068425, 73.53809721542756, 87.72910497928041, 89.61650185684255, 63.244792823408204, 53.86947207951012, 69.10823485392613, 38.16705674462397, 32.79711972599792, 49.023864337237995, 82.80984262834751, 58.825111261264176, 54.23032696603588], [52.135666349093206, 71.82485179390872, 13.781773850928358, 33.99804760207485, 87.2013117283852, 16.82501336885018, 43.943854090192225, 45.50759942816775, 57.53690557844542, 71.56345810242992, 43.566561273169874, 22.86484484504398, 71.08958893468551, 77.79212587774273, 78.74873540195527, 69.83352863485527, 88.40669042146011, 78.38674334103126, 100.8982538556305, 16.380625131964283, 0.0, 37.19353068365855, 22.583009773921027, 46.15596107520689, 77.06621138667015, 81.42845893813828, 83.22423276751738, 76.70307672309285, 66.12549563901975, 55.48197180440129, 50.69294490252887, 39.17108618435293, 42.97904669632085, 79.08376578641592, 58.982457723583, 64.90604840749604], [21.028338628772868, 49.35915175693411, 38.71597309897656, 50.475673850078785, 58.72809929261471, 23.430348599728273, 38.90730084058298, 30.778643231061622, 65.10963630979518, 61.69448849156616, 56.48129794860118, 32.128589820408564, 39.949981311934664, 47.47290149609455, 43.68889385915111, 87.36121740474346, 70.35241130935451, 52.47231353865232, 77.03840736031518, 48.99185352192581, 37.19353068365855, 0.0, 30.232978468274535, 67.48663897259239, 64.3992110855799, 48.37937801242868, 49.9341202474704, 89.12177211018425, 76.59510838701812, 21.35790629191308, 65.02380313563192, 45.135142607969804, 18.963767743488244, 50.66971703172996, 42.87953693557183, 71.53792960279094], [36.043642889308565, 50.28825172090057, 13.007144561377734, 20.52478950920024, 66.99118665408123, 25.992221241598855, 21.39613519065721, 23.903092214223893, 39.49786042339742, 49.116127882522456, 27.885420039408043, 1.9009822039203812, 52.91837318536546, 58.79084286425388, 73.59882066219231, 58.31474194043038, 65.92115723222506, 57.560145576522714, 79.04930801844021, 23.852298144423575, 22.583009773921027, 30.232978468274535, 0.0, 37.34478554049502, 54.50315163174989, 63.91870693070406, 65.81257245282458, 61.94885169498338, 49.95813408760497, 51.587138541644684, 36.3559827102203, 19.037415219121797, 25.435589576875977, 59.14201196751696, 36.74533944746747, 46.72557847360734], [68.59913084845687, 69.21436248657479, 33.75069458335396, 17.095586108937137, 88.45608619710045, 59.16376605638948, 38.88989243220254, 49.54027372653748, 24.063021021004676, 53.29299233716919, 15.223680218370756, 35.4445301995447, 80.55165196221351, 84.16391246666772, 110.36139939975598, 23.789993982020203, 74.89638271864243, 78.18161145339614, 92.50391078349642, 31.306312058068425, 46.15596107520689, 67.48663897259239, 37.34478554049502, 0.0, 60.16216954614234, 91.57329217148494, 93.46891795222119, 32.54981096590134, 25.41124513311821, 88.8355710610037, 12.21395725541015, 26.66904896208857, 58.25651595275319, 82.24146052551053, 54.65201979885428, 29.009219912318787], [47.34492107404739, 22.088917059627054, 65.42051063016699, 52.3639914447478, 36.899092041831786, 76.89067156024633, 33.12303791938511, 34.765588248240434, 37.230110913421726, 6.871936955945284, 46.30185036852579, 54.23788253791863, 42.02147883270919, 39.98523168262511, 90.13897848823146, 61.212111915944895, 14.815725553229308, 28.80153839633061, 33.08473737489612, 73.53809721542756, 77.06621138667015, 64.3992110855799, 54.50315163174989, 60.16216954614234, 0.0, 48.968368148888416, 50.31555039911526, 53.14550520977524, 44.21942007547896, 78.33717778423359, 48.33715504533389, 40.88058280243155, 45.43720535006095, 35.03818761177284, 21.521128530928586, 36.25637897226342], [29.322644498949106, 27.349477087291366, 76.70615400489731, 76.57942834805091, 16.9657238463628, 71.09515453410273, 52.69616022064839, 42.616258786663856, 75.79530885737451, 51.952916941694376, 76.5306878112004, 65.13257693657683, 11.189084096130124, 9.009320312060224, 47.99665275621693, 102.36148565806609, 43.392449885238044, 20.42951962244419, 38.220668650255014, 87.72910497928041, 81.42845893813828, 48.37937801242868, 63.91870693070406, 91.57329217148494, 48.968368148888416, 0.0, 1.9201124481296858, 97.74916126398651, 86.36514937834956, 47.521754529347696, 82.94457040624317, 65.0311271578065, 38.881241731212704, 14.137653626312844, 38.352598462376974, 78.59696942154234], [31.09868940709385, 28.86423772680221, 78.5881732974615, 78.49577410812654, 17.29200267313003, 72.74804287882165, 54.59623568683349, 44.534891858329786, 77.58168733210051, 53.45462871014717, 78.41726143504226, 67.03302821668444, 13.109195997787909, 10.509427198653004, 48.0181127132656, 104.14637598695029, 44.286567999038915, 21.632559784306764, 38.314363671701535, 89.61650185684255, 83.22423276751738, 49.9341202474704, 65.81257245282458, 93.46891795222119, 50.31555039911526, 1.9201124481296858, 0.0, 99.43761795671074, 88.10445920109147, 48.44384894224393, 84.80121551050817, 66.93601310360144, 40.74077606843145, 15.331649218094617, 40.14771666995182, 80.31481126155386], [82.85558159700624, 71.02496320901209, 63.22721786639421, 43.10901239499293, 89.02753783862147, 87.14164674543538, 51.64973455038706, 62.519599303079694, 24.2929254842815, 47.6168683869384, 34.205671806466604, 60.26343640084975, 88.10383476217713, 89.01719262772285, 128.20854756148756, 12.849884635030616, 66.78425672859812, 79.62401468039963, 85.27961575918484, 63.244792823408204, 76.70307672309285, 89.12177211018425, 61.94885169498338, 32.54981096590134, 53.14550520977524, 97.74916126398651, 99.43761795671074, 0.0, 12.601471505068895, 109.44122213895723, 26.166219268202244, 44.103101401215824, 74.50647798524041, 85.24731123275271, 59.921582543096164, 19.361452672170806], [70.38542408780387, 60.16075363517042, 52.422412615784, 32.14028122100111, 78.71914386511341, 75.51344805187567, 39.072052756403046, 50.00785440004147, 11.702362753431313, 38.0245089760927, 22.722484993449815, 48.340953258455585, 76.40654116773368, 77.79199021490489, 115.65380994959035, 16.997983131385347, 58.63498592567733, 68.98446704235087, 77.16347267030537, 53.86947207951012, 66.12549563901975, 76.59510838701812, 49.95813408760497, 25.41124513311821, 44.21942007547896, 86.36514937834956, 88.10445920109147, 12.601471505068895, 0.0, 96.84817945949938, 15.706371678393026, 31.70632043981849, 61.92203414519519, 74.34528682567814, 48.183791471669245, 8.067635609105448], [30.993802470599405, 59.34821377478406, 59.398434028057316, 71.80439288394598, 62.27639107941942, 39.25413384042937, 58.167451976593206, 48.349859255945816, 85.21077114799095, 77.09021623120873, 77.5176793191879, 53.48395961261023, 43.45772279629584, 50.55035783734885, 23.27061340267373, 108.3635135186694, 80.90914483858893, 59.28024934230231, 83.03470479591378, 69.10823485392613, 55.48197180440129, 21.35790629191308, 51.587138541644684, 88.8355710610037, 78.33717778423359, 47.521754529347696, 48.44384894224393, 109.44122213895723, 96.84817945949938, 0.0, 86.01385246455364, 65.85256841805905, 35.70669844142313, 55.36245961945609, 57.64522462919698, 91.24611905476213], [62.4933173419202, 59.071296104649846, 37.110868987850736, 16.94294671067874, 78.321100427893, 61.07444505148658, 31.165372027545857, 42.399803122317714, 11.851386470352104, 41.49304160361859, 8.565096411945952, 34.58253683031483, 72.19412075130163, 75.0565679002245, 106.32055018511315, 22.3510128241048, 63.13217860575715, 68.10818040679607, 80.99997544503034, 38.16705674462397, 50.69294490252887, 65.02380313563192, 36.3559827102203, 12.21395725541015, 48.33715504533389, 82.94457040624317, 84.80121551050817, 26.166219268202244, 15.706371678393026, 86.01385246455364, 0.0, 20.396657239576733, 52.82036863691948, 72.61191444617418, 45.02754281437932, 17.30286825228513], [42.405763816296336, 44.206698839156225, 25.964216242677015, 12.410979151912406, 63.132785559678716, 45.02962044915804, 12.386773350306457, 22.885431222683454, 20.680396794831882, 34.497505841328504, 12.2940018216457, 17.72403415237634, 53.953659486859635, 57.87869063061036, 85.9263643703626, 42.63521911605437, 54.39737082965559, 52.904331890287146, 70.27892432028996, 32.79711972599792, 39.17108618435293, 45.135142607969804, 19.037415219121797, 26.66904896208857, 40.88058280243155, 65.0311271578065, 66.93601310360144, 44.103101401215824, 31.70632043981849, 65.85256841805905, 20.396657239576733, 0.0, 32.48879578250478, 56.38993254360349, 29.311698318341453, 27.777845375638716], [10.7247325955411, 31.73566476701948, 37.948096848354865, 41.54545655700381, 44.578349113732685, 35.458830013536286, 22.859823116379335, 12.6523106814239, 50.21973340360462, 42.838499864662914, 44.75863687114014, 26.85554978004123, 28.20389306212873, 34.8147464810078, 53.807318292301346, 74.83248265608897, 51.973963579295294, 36.542249622719794, 60.516949825160715, 49.023864337237995, 42.97904669632085, 18.963767743488244, 25.435589576875977, 58.25651595275319, 45.43720535006095, 38.881241731212704, 40.74077606843145, 74.50647798524041, 61.92203414519519, 35.70669844142313, 52.82036863691948, 32.48879578250478, 0.0, 36.37711515600341, 23.916529872016827, 55.86213130533452], [29.686690630507655, 14.22371177305841, 72.14795500071993, 68.54735027140266, 8.2209432832956, 71.39539266729099, 44.08673003528553, 35.75034242681365, 64.36280517502284, 38.50051112168472, 67.0210041401175, 60.01747049109272, 11.904737028657257, 5.665312802344556, 60.131589335728385, 90.78752594320886, 29.50211346398949, 6.303011333652421, 27.673888728600126, 82.80984262834751, 79.08376578641592, 50.66971703172996, 59.14201196751696, 82.24146052551053, 35.03818761177284, 14.137653626312844, 15.331649218094617, 85.24731123275271, 74.34528682567814, 55.36245961945609, 72.61191444617418, 56.38993254360349, 36.37711515600341, 0.0, 27.637898173904446, 66.4041696960701], [26.866593214033973, 14.900201224714905, 49.11846990695184, 41.68944379758737, 33.91100699270677, 56.46670530527076, 17.523730651756807, 14.004036969757747, 37.44548238418619, 19.445124908346074, 39.428697392788656, 37.01210805890868, 28.22566002420919, 30.115243433492946, 71.70500535417344, 64.01158741598576, 29.71774154863552, 23.64523930412295, 42.45804651879937, 58.825111261264176, 58.982457723583, 42.87953693557183, 36.74533944746747, 54.65201979885428, 21.521128530928586, 38.352598462376974, 40.14771666995182, 59.921582543096164, 48.183791471669245, 57.64522462919698, 45.02754281437932, 29.311698318341453, 23.916529872016827, 27.637898173904446, 0.0, 40.59470879544482], [63.77627277959384, 52.200031324091576, 51.13049098862443, 31.281574164790502, 70.67777183734385, 72.67319441435595, 33.08972625469502, 43.589837081452764, 7.382080997403908, 29.984344217260926, 21.67168513130217, 45.283802961934036, 68.80438639421709, 69.95412592193998, 109.30541850035391, 25.02852323453619, 50.77834057666376, 60.983810604716304, 69.27167009631187, 54.23032696603588, 64.90604840749604, 71.53792960279094, 46.72557847360734, 29.009219912318787, 36.25637897226342, 78.59696942154234, 80.31481126155386, 19.361452672170806, 8.067635609105448, 91.24611905476213, 17.30286825228513, 27.777845375638716, 55.86213130533452, 66.4041696960701, 40.59470879544482, 0.0]]",Route_1,1885.5835993244134
