instance_id,num_cities,city_coordinates,distance_matrix,best_route,total_distance
1088,61,"[[86.11820871994233, 33.609160108611356], [12.288784661797836, 90.41503823864484], [15.073656000724878, 58.55448237421541], [17.955043841435113, 83.6197629639301], [57.23412797668058, 48.73969165654793], [14.927438258907566, 2.639072119712149], [53.485567105808265, 81.05570945686719], [71.70218465734344, 8.427238745934162], [73.27877154876413, 3.1229733914203806], [0.23096134731680484, 61.52380007907604], [41.40015799276723, 76.71807490306686], [4.004966131127086, 28.07517191782416], [86.74454070371317, 50.298780673248025], [41.116297967471304, 55.73128993685413], [44.21946097519721, 8.123800480516064], [53.11749086620699, 45.266219441516185], [11.748354738547972, 20.419223435511846], [10.113076142261534, 65.16511543566833], [18.897094898166078, 24.824935872953958], [42.62660665296932, 67.41866415641886], [17.18157960037515, 6.30470963525378], [67.42819624041326, 3.2866609411514314], [32.4562289267365, 53.79190868359777], [79.10204325272929, 11.53662593429383], [3.4094912895144436, 7.417797269179916], [4.207368618858476, 8.944597153038458], [26.595646508220995, 75.5970033101011], [71.21393411155114, 11.266526406188305], [31.148068416961006, 75.58784947649268], [5.183501446139072, 74.64501134957652], [75.37431545265063, 8.869802428947004], [25.88188610945673, 18.992338126331298], [51.61557520774458, 29.778833840759834], [95.12980796365774, 17.19764681236039], [51.3289367937416, 69.07374883572301], [48.013631888395416, 19.49959091927499], [16.26187082279731, 37.52991792567196], [56.4440996057634, 83.84578349903462], [29.073705545932725, 29.66461912589874], [82.99053921123789, 22.92949014428194], [4.685592781564896, 87.78865095696759], [36.82565913964879, 34.09949932563842], [55.421784506328876, 89.57920150414391], [45.04681100329091, 91.12983360339996], [45.37335200108377, 83.09568449969187], [17.3284246623438, 23.253169023827823], [80.54551927314697, 16.957376397219058], [63.386843982875554, 46.28457270578969], [53.191875223103004, 86.23928335258542], [86.86666378009792, 99.01137610335763], [31.258267954310003, 17.150449189525784], [45.34519321112397, 23.060860210299182], [56.7858176165897, 49.475039911134274], [92.02346433150713, 78.97531814851766], [78.2591661234484, 35.30690566584265], [33.589469439443306, 52.463760185692244], [70.8906650204069, 82.92339181187323], [84.32843135260507, 50.79633062927047], [24.653061965313128, 97.40901742476058], [88.01727687684007, 17.269873245048416], [14.25429680020802, 91.04578679649542]]","[[0.0, 93.15412844786613, 75.29673016810563, 84.54157228374082, 32.607102068512134, 77.6355082992048, 57.58527888074339, 29.01639042488725, 33.07958172994429, 90.3097247583406, 62.11346549335201, 82.2995117467011, 16.70136899614632, 50.14539459921515, 49.0408872059951, 34.999063003924974, 75.53045485533828, 82.29555574120664, 67.79263041704836, 55.087221878677475, 74.14709603228434, 35.619805196625656, 57.33194062097974, 23.160814811653925, 86.75666790727452, 85.54371041669133, 72.84170775703386, 26.857600085692404, 69.16593587868616, 90.74341810052586, 26.97159730051825, 61.98440163860715, 34.714595181209084, 18.72289212708214, 49.67927631053328, 40.63297574901366, 69.96627963712335, 58.34613167461421, 57.180720054349536, 11.128237376272999, 97.80944825094556, 49.29498835250345, 63.83506867952554, 70.67876335713179, 64.10194572202407, 69.56494046600739, 17.55952073495784, 26.026544667286707, 62.08118322181837, 65.4064984691928, 57.27566905699762, 42.11538227805934, 33.34839291102564, 45.748883474240905, 8.040329005121913, 55.81007430979912, 51.6117383509242, 17.28010803006875, 88.5911172698996, 16.449278253903525, 91.99667342730761], [93.15412844786613, 0.0, 31.982034462566727, 8.847726213551887, 61.29370602623545, 87.81561775058898, 42.24656103145601, 101.25192030123492, 106.48794807753768, 31.306464915032592, 32.17264151155828, 62.8878412918338, 84.57525482566676, 45.09975520610673, 88.2689973977045, 60.87198936376169, 69.9979010717924, 25.343486522541767, 65.9221608605323, 38.068578435472, 84.25251818243412, 103.11017815778574, 41.808843880035354, 103.37221798526849, 83.47085634719762, 81.87027577785688, 20.597583718392332, 98.67451627937314, 23.989958531565925, 17.29678576084759, 103.09902850377816, 72.70470753878197, 72.27271780158026, 110.55958370475645, 44.4925174817584, 79.40570116729691, 53.03415280892438, 44.64131433587815, 63.02655782653035, 97.73964036134896, 8.04403113625228, 61.42880539457164, 43.141097559462445, 32.765823997016, 33.88453238844636, 67.35068409276396, 100.27467229073056, 67.51673610688609, 41.11568735087352, 75.07167960335026, 75.68052130450208, 75.02873745475158, 60.46543975558601, 80.55114113264698, 85.95927818366805, 43.52032488216441, 59.07880455585142, 82.21528256944345, 14.205319359100786, 105.28542014497619, 2.064238772397313], [75.29673016810563, 31.982034462566727, 0.0, 25.230352493172198, 43.287821775494294, 55.91560143249316, 44.51718920787667, 75.62757970200111, 80.3771588454723, 15.136790683850634, 31.984383700349113, 32.42690644089284, 72.1448010925555, 26.195221246374615, 58.24715979233211, 40.29778285514751, 38.279963464013456, 8.264854626995357, 33.94555924098505, 28.94371794211941, 52.29227565496744, 76.12837821513207, 18.023205865957244, 79.43747980832295, 52.45010297360536, 50.78599130787604, 20.57191739009596, 73.40219074383944, 23.420553566647133, 18.887039996265422, 78.13281609926061, 41.0119628349301, 46.51182438749655, 90.1075763451804, 37.75050135122295, 51.09135502252308, 21.058113987590385, 48.488797847172435, 32.103357858247676, 76.69317503150644, 31.02496527266451, 32.72912825698148, 50.89700060903083, 44.26673162220794, 38.991565491496424, 35.37324845104944, 77.5685767951443, 49.84691380888044, 47.11100552840317, 82.40750097060477, 44.45487181453806, 46.64936419068776, 42.68888265237717, 79.61333767570072, 67.32650675833754, 19.4918507093399, 60.90469803786923, 69.68796759510916, 40.01799486016799, 83.81641114642483, 32.5016339983199], [84.54157228374082, 8.847726213551887, 25.230352493172198, 0.0, 52.53061797572685, 81.03726726124319, 35.622920343891565, 92.42657001186933, 97.67521681017962, 28.326218880520557, 24.43985833957422, 57.269592827283, 76.43482674397393, 36.25204298343436, 79.93409759716634, 52.03260498471691, 63.504576105215094, 20.05169501032918, 58.80237370082325, 29.515447042764237, 77.318922122261, 94.34511163221275, 33.166025686640644, 94.52478077751955, 77.57778467309163, 75.93009260437925, 11.790873034189355, 89.84152844417109, 15.445631476896933, 15.609563148729894, 94.25778138882791, 65.11174141029846, 63.49706308726844, 101.82259931554154, 36.406088197031174, 70.81606582134478, 46.12093505688812, 38.48971939248013, 55.08885717349486, 88.95462254947161, 13.908916511676349, 52.99393014807535, 37.93773271777044, 28.113431113295928, 27.42331636717438, 60.36984607835933, 91.44091752348804, 58.80446322944653, 35.33406533200894, 70.60958233557616, 67.78750213304508, 66.46503580994742, 51.70774704364289, 74.21389210611132, 77.27042994903918, 34.85874026549466, 52.94020138217292, 74.04596059162114, 15.329937552819045, 96.49364934344203, 8.297069279268387], [32.607102068512134, 61.29370602623545, 43.287821775494294, 52.53061797572685, 0.0, 62.57094466728153, 32.53270224056382, 42.83011234850226, 48.35613273034997, 58.41912729521014, 32.1481653370851, 57.09961511965061, 29.55156878884439, 17.568918313856084, 42.650113401757366, 5.386251974047066, 53.58175517216225, 49.90178425974066, 45.18455100421002, 23.712521858157842, 58.351815143865444, 46.582153545971, 25.287727818402985, 43.1540706962252, 67.8571327884271, 66.29846721105719, 40.743487037184536, 39.99591345936888, 37.43402304959884, 58.1408058992987, 43.802676501379565, 43.2188397825832, 19.77579996682438, 49.305001314553465, 21.174162658131767, 30.659436381641978, 42.47805178420235, 35.11498012643557, 34.01275912841672, 36.46312139391535, 65.46884582454575, 25.116544980512735, 40.87970344127285, 44.10731038370098, 36.345732225138235, 47.35005800334382, 39.41492772313984, 6.624464002110664, 37.71682893210044, 58.35520058452733, 40.897744968911255, 28.297511450735634, 0.8612312317188646, 46.09220143767443, 24.94978894790755, 23.936135104738835, 36.81068269315112, 27.1722475936525, 58.56815801414187, 44.02217312970981, 60.308138538246816], [77.6355082992048, 87.81561775058898, 55.91560143249316, 81.03726726124319, 62.57094466728153, 0.0, 87.38362725042428, 57.069034523983476, 58.35333972571478, 60.69100114894474, 78.66704229525702, 27.682044186108353, 86.19248240406864, 59.19999970927096, 29.801087899662914, 57.23245414048819, 18.06212481526345, 62.71111684015064, 22.538205880482543, 70.45310123880101, 4.303260575733185, 52.50475178414128, 54.072832280251056, 64.78847420642366, 12.469936505207553, 12.437022916816025, 73.88509191529016, 56.94385465381579, 74.73040184940456, 72.66222945235127, 60.76715364949945, 19.683222215725923, 45.635359744959445, 81.51301861260472, 75.75378119897645, 37.134529794766145, 34.91635478286404, 91.2039645105085, 30.504050044863863, 71.02314253015628, 85.76331485515088, 38.33132606264903, 95.90817574840938, 93.47615461965702, 86.02453219435918, 20.753450963195423, 67.16209044821755, 65.21689753836375, 91.9410814291844, 120.26168610037386, 21.846648781965413, 36.63726579795397, 62.815060307308165, 108.49433023876074, 71.26075429649862, 53.20498988493004, 97.8644712752903, 84.47259549432512, 95.26767704526267, 74.53982057105154, 88.40927733765041], [57.58527888074339, 42.24656103145601, 44.51718920787667, 35.622920343891565, 32.53270224056382, 87.38362725042428, 0.0, 74.87816713053115, 80.40697912972009, 56.72343888054212, 12.840256498680153, 72.49322196413652, 45.30064009466927, 28.18377269001142, 73.51818870020203, 35.791382701385935, 73.61235177066283, 46.19181692388278, 66.01713646852724, 17.432327057590452, 83.10049027006694, 79.00899831174225, 34.4317861409235, 74.0885066930378, 89.05142042955154, 87.34044517756146, 27.43839103412024, 72.00572940795391, 22.996985464169736, 48.72562567288197, 75.43157480548138, 67.92514457445287, 51.31096220739355, 76.2370970154054, 12.174499358477728, 61.79884953975814, 57.272140639117985, 4.066623625818757, 56.8944913873416, 65.1858938000925, 49.26225731014146, 49.82407252853801, 8.740643826519204, 13.141559339649477, 8.364779260725763, 68.17970834632641, 69.5761260226828, 36.15338483127796, 5.191887253623521, 37.9038728878483, 67.66043982569755, 58.56336932142316, 31.75264307724155, 38.59400925758277, 52.02580375733259, 34.83323507047508, 17.505018446033315, 43.20778034079447, 33.147308098387775, 72.53324672832277, 40.48325845386986], [29.01639042488725, 101.25192030123492, 75.62757970200111, 92.42657001186933, 42.83011234850226, 57.069034523983476, 74.87816713053115, 0.0, 5.5336115853296715, 89.03583877762814, 74.71178704207945, 70.49081269295557, 44.491555364996614, 56.33089493056963, 27.48439877039556, 41.26137833373687, 61.141388753666035, 83.74010352836933, 55.29251283441775, 65.76760226927254, 54.56190526002187, 6.685246229951308, 59.98498411904365, 8.026593045548099, 68.30015329065745, 67.49679882624307, 80.9096845587959, 2.880962167946314, 78.4549805795659, 93.85908919620013, 3.6987034473400757, 47.022559308646066, 29.31488516563041, 25.015467044094844, 63.97709288942893, 26.148508847307536, 62.61464951200886, 76.94651422979905, 47.62576568156447, 18.37776493905909, 103.87231264766484, 43.30631588415993, 82.76891015705726, 86.89204877775231, 79.17439119010126, 56.35879686968829, 12.286896087984838, 38.75980682460235, 79.98340978739789, 91.84469156055248, 41.3739628114723, 30.14687173254318, 43.67401957906197, 73.41652344662477, 27.667860410087126, 58.23911298942515, 74.500573056487, 44.210429229178494, 100.6547409858938, 18.5573279061293, 100.62844677937201], [33.07958172994429, 106.48794807753768, 80.3771588454723, 97.67521681017962, 48.35613273034997, 58.35333972571478, 80.40697912972009, 5.5336115853296715, 0.0, 93.5234683543562, 80.20277407148795, 73.63064802337207, 49.0600013414851, 61.66084394988376, 29.486468126685693, 46.717560150330705, 63.915197398010626, 88.53887544816514, 58.55204463449669, 71.22844280024171, 56.18735080086727, 5.852864687708219, 65.06781838797211, 10.23230386816196, 70.00115596250215, 69.31630404116491, 86.20788349220048, 8.401250463261528, 83.82215943534864, 98.75407699957198, 6.116972146387058, 49.983011978435876, 34.34863857570227, 25.99161834728884, 69.50755374401854, 30.108485244388678, 66.59402976677279, 82.45955524436452, 51.56109791896633, 22.059386596441357, 108.96467836423946, 47.83695813139545, 88.28109291186298, 92.42429897279217, 84.70151688216163, 59.461467295297716, 15.62678242686813, 44.28062653512201, 85.50908949087413, 96.84635558417776, 44.30003159815989, 34.319151060996546, 49.19889836222767, 78.13412642801455, 32.56700518568055, 63.32261794495495, 79.83614364979142, 48.937143072601735, 106.0863692090133, 20.429349347796272, 105.89763801146171], [90.3097247583406, 31.306464915032592, 15.136790683850634, 28.326218880520557, 58.41912729521014, 60.69100114894474, 56.72343888054212, 89.03583877762814, 93.5234683543562, 0.0, 43.88358166625335, 33.66086508065286, 87.23875557180253, 41.29363055352593, 69.1848831511497, 55.32896106686989, 42.68766299031862, 10.531636641406704, 41.17318515438816, 42.803506437826364, 57.76219705485533, 88.92149769458435, 33.13985538768492, 93.37754087526116, 54.19928590542439, 52.72935041441918, 29.88564325584002, 86.97342110943761, 33.965644333779665, 14.024758059786675, 91.75492975714921, 49.66784872521394, 60.39968065360198, 104.74062703906336, 51.652732947554924, 63.633464148543474, 28.85648002446753, 60.48295509202686, 42.9757059734228, 91.31631008509576, 26.639934925837778, 45.730341987865195, 61.91229692146014, 53.71198750214207, 50.031806197595095, 41.916159809500954, 91.85093540412265, 64.96845051570178, 58.44410587904964, 94.39842844135536, 54.14506463613756, 59.28483499184676, 57.82408139540737, 93.43671166640357, 82.31479996489423, 34.56695510168888, 73.82910164358837, 84.77890694085923, 43.40723237598263, 98.30995491037766, 32.683354126646826], [62.11346549335201, 32.17264151155828, 31.984383700349113, 24.43985833957422, 32.1481653370851, 78.66704229525702, 12.840256498680153, 74.71178704207945, 80.20277407148795, 43.88358166625335, 0.0, 61.35578526268416, 52.47944503363648, 20.988704574890125, 68.65218825982858, 33.56359786496775, 63.63010382509798, 33.351946917317974, 56.56222880189772, 9.379936916151621, 74.46194697754623, 77.90783870360616, 24.609001699803166, 75.29975724943678, 79.03049561208289, 77.30813584446035, 14.8468973800123, 71.92194690843829, 10.314201383782914, 36.27593973852689, 75.87905806499815, 59.775224371484434, 48.03797560661176, 80.18451624905755, 12.53061728338037, 57.59941793431252, 46.557975999014594, 16.647054066238585, 48.641228710816804, 67.99243825787326, 38.3473200212587, 42.863376255332035, 19.026680938480748, 14.86596337328288, 7.513998588946223, 58.633987636923585, 71.44018753949554, 37.54480545720407, 15.155791156497939, 50.637875418665246, 60.42482905810059, 53.802044491448825, 31.287401260440035, 50.67360547400428, 55.4388980587786, 25.48094656967202, 30.13628979629017, 50.14751718533091, 26.619172184513964, 75.54630668288297, 30.694968773184733], [82.2995117467011, 62.8878412918338, 32.42690644089284, 57.269592827283, 57.09961511965061, 27.682044186108353, 72.49322196413652, 70.49081269295557, 73.63064802337207, 33.66086508065286, 61.35578526268416, 0.0, 85.67220078045553, 46.28295382265235, 44.89167871435836, 52.034336748109645, 10.889151219877323, 37.58953202774665, 15.242687871941872, 55.132036948826475, 25.44751796373841, 68.09534781419424, 38.351335107723706, 76.89664814188728, 20.665955522584564, 19.131645449309772, 52.618089083280225, 69.27897185242793, 54.719306743536556, 46.58474954518836, 73.90825555905069, 23.687496647432447, 47.641080598514485, 91.77176772528533, 62.61342913919399, 44.83640542235338, 15.479791170865369, 76.55209883284043, 25.119077178007274, 79.15300875966805, 59.71735787520666, 33.369003735145704, 80.16504766532222, 75.23512072691304, 68.83749090617042, 14.169201076375495, 77.34378871327908, 62.11110765601219, 76.17359046951658, 109.07798128642257, 29.361403695254495, 41.64321909898333, 56.954127450620824, 101.67635374931719, 74.60552385381312, 38.341179868378674, 86.49869329332881, 83.47520660876926, 72.34311297115613, 84.70432595943451, 63.79927207548764], [16.70136899614632, 84.57525482566676, 72.1448010925555, 76.43482674397393, 29.55156878884439, 86.19248240406864, 45.30064009466927, 44.491555364996614, 49.0600013414851, 87.23875557180253, 52.47944503363648, 85.67220078045553, 0.0, 45.95050263159887, 59.8924983631003, 34.00154633726611, 80.72927504966704, 78.06016442527753, 72.47201302051792, 47.32317101994676, 82.3072526814047, 50.82578641919713, 54.400576641161756, 39.50838401269944, 93.72037771246394, 92.3176758285654, 65.25250601719675, 42.00853025623377, 61.07785794923429, 85.11722547710623, 42.96093877729707, 68.44235581277987, 40.68307307499145, 34.14670950321715, 40.08446619090671, 49.484072055174444, 71.62995608967383, 45.20528873178068, 61.25107224006771, 27.62554237050305, 90.21730049153523, 52.48153439816807, 50.24008873850698, 58.359879588244056, 52.79405416587722, 74.49874009511915, 33.91278675948383, 23.700123664416484, 49.1680901977816, 48.712748511896976, 64.63387922580458, 49.55613265740254, 29.970045676543645, 29.15837506169754, 17.226662416297287, 53.19914226187214, 36.27272565066262, 2.466807725634482, 77.94052949977149, 33.0534201447742, 83.15740477671021], [50.14539459921515, 45.09975520610673, 26.195221246374615, 36.25204298343436, 17.568918313856084, 59.19999970927096, 28.18377269001142, 56.33089493056963, 61.66084394988376, 41.29363055352593, 20.988704574890125, 46.28295382265235, 45.95050263159887, 0.0, 47.70851782426131, 15.923138241724109, 45.92840221575843, 32.40674045758444, 38.06436268425076, 11.784555505984809, 54.91682423103832, 58.674995536621445, 8.874570154986419, 58.27593989954772, 61.28618803285307, 59.59248012382136, 24.60682601696187, 53.69341577232213, 22.21820328295871, 40.60658473106966, 58.048348585197395, 39.77232561462221, 27.995799684735253, 66.34983733630382, 16.802357015128823, 36.882370164038754, 30.806370960880045, 32.02134056095588, 28.71402722360645, 53.192200080210554, 48.527009756591404, 22.05320717261547, 36.74681023681517, 35.616089432124625, 27.693547964025118, 40.25780985624969, 55.299908353911796, 24.19127293608023, 32.81093153677648, 62.97826474720562, 39.82037202878824, 32.942989140324734, 16.872300092708976, 55.96270574874155, 42.3880658641349, 8.205479776653172, 40.32273971079289, 43.49301432485565, 44.811506426574745, 60.65461562484561, 44.36981851619036], [49.0408872059951, 88.2689973977045, 58.24715979233211, 79.93409759716634, 42.650113401757366, 29.801087899662914, 73.51818870020203, 27.48439877039556, 29.486468126685693, 69.1848831511497, 68.65218825982858, 44.89167871435836, 59.8924983631003, 47.70851782426131, 0.0, 38.193379298194664, 34.72103347934791, 66.4601918307883, 30.33397677746389, 59.31625446060916, 27.09900589952086, 23.707452658060244, 47.15877156027616, 35.049135851355146, 40.81607607647706, 40.02051026548517, 69.73687644602906, 27.176797201900495, 68.71869622121075, 77.1289675273841, 31.163784693428408, 21.316466933221836, 22.88324661349784, 51.7126494944842, 61.363188076540325, 11.991844771556973, 40.575196738005715, 76.7024152286272, 26.332504161897717, 41.50186687373149, 88.93489267878424, 27.007503329183354, 82.22210413517875, 83.01015626335301, 74.9807632522127, 30.85491251808295, 37.38468369455865, 42.70401747133696, 78.6290841977228, 100.39589289248876, 15.794711502289683, 14.97942009685666, 43.21849513445584, 85.47023044750279, 43.561711790245425, 45.59636769203055, 79.41241709304188, 58.56342146794477, 91.40401487349885, 44.74258960731174, 88.17010195424253], [34.999063003924974, 60.87198936376169, 40.29778285514751, 52.03260498471691, 5.386251974047066, 57.23245414048819, 35.791382701385935, 41.26137833373687, 46.717560150330705, 55.32896106686989, 33.56359786496775, 52.034336748109645, 34.00154633726611, 15.923138241724109, 38.193379298194664, 0.0, 48.2574205119915, 47.385079376689674, 39.86077739005956, 24.511006883079663, 53.0036693530667, 44.35177133095005, 22.351177194589944, 42.57795721838212, 62.47710206829269, 60.92175558794591, 40.29099996565045, 38.515716073162714, 37.44404853553395, 56.220821371626144, 42.66222464926738, 37.84303113956834, 15.56004059736509, 50.52602851338057, 23.87461793466347, 26.267251890301758, 37.65882486122258, 38.72272057299515, 28.66205758377634, 37.30051599002989, 64.45002664132431, 19.751440938646414, 44.372853733591135, 46.56830442951326, 38.61398857085405, 42.01703997708778, 39.416840776482275, 10.319721740710202, 40.97313143137969, 63.46296980899641, 35.613510963884345, 23.52629570133393, 5.583080770779661, 51.47793806011471, 27.042406801594144, 20.81221308770925, 41.64070545087225, 31.697080871815427, 59.40618733916087, 44.741373067223314, 60.05095036900397], [75.53045485533828, 69.9979010717924, 38.279963464013456, 63.504576105215094, 53.58175517216225, 18.06212481526345, 73.61235177066283, 61.141388753666035, 63.915197398010626, 42.68766299031862, 63.63010382509798, 10.889151219877323, 80.72927504966704, 45.92840221575843, 34.72103347934791, 48.2574205119915, 0.0, 44.7757633879886, 8.39730837537653, 56.235343596074145, 15.124134098084834, 58.25606790108653, 39.27533798787295, 67.93688169789665, 15.44583199378421, 13.730750889145819, 57.140436336997176, 60.165829114851626, 58.48013500372579, 54.62172986689432, 64.66569416916064, 14.205376119554781, 40.95116084896196, 83.44366541487739, 62.720692899135834, 36.27693551997146, 17.695979582333756, 77.59277112416386, 19.637849222121346, 71.28639622950469, 67.73863278093002, 28.56608381377204, 81.79529958460301, 78.15866925639178, 71.12650147754502, 6.25846849892099, 68.88420887922878, 57.754219450270455, 77.78075390249754, 108.71746324407954, 19.781850235955883, 33.70053115608523, 53.59676793945731, 99.36251530733362, 68.15666594889386, 38.77997713912849, 86.04989209694693, 78.6805958465205, 78.06381906565606, 76.33391704058579, 70.67100676939182], [82.29555574120664, 25.343486522541767, 8.264854626995357, 20.05169501032918, 49.90178425974066, 62.71111684015064, 46.19181692388278, 83.74010352836933, 88.53887544816514, 10.531636641406704, 33.351946917317974, 37.58953202774665, 78.06016442527753, 32.40674045758444, 66.4601918307883, 47.385079376689674, 44.7757633879886, 0.0, 41.28545836800314, 32.5915349148751, 59.283312256712165, 84.3443307074966, 25.071224704344516, 87.3813050324166, 58.13510819891559, 56.52985102863353, 19.50639409254162, 81.47620968081472, 23.47561042619393, 10.684995705342335, 86.18695738249843, 48.79119523273787, 54.54031860738055, 97.61517676938988, 41.40077999625424, 59.34469020243616, 28.3109840422387, 49.95529095570592, 40.24662353071776, 84.23166071688489, 23.265466578474808, 40.97114343886502, 51.46772437342688, 43.52622681637397, 39.557456447551836, 42.528490524532415, 85.35054275506768, 56.5205204656717, 47.95730896993623, 83.88493652893948, 52.46453384427218, 54.90054991743756, 49.239448277728044, 83.06643962686071, 74.40028407461178, 26.69204876793942, 63.31880992007459, 75.59352436426043, 35.37061496803142, 91.4495419157015, 26.209900011731037], [67.79263041704836, 65.9221608605323, 33.94555924098505, 58.80237370082325, 45.18455100421002, 22.538205880482543, 66.01713646852724, 55.29251283441775, 58.55204463449669, 41.17318515438816, 56.56222880189772, 15.242687871941872, 72.47201302051792, 38.06436268425076, 30.33397677746389, 39.86077739005956, 8.39730837537653, 41.28545836800314, 0.0, 48.757721616242314, 18.599510010550084, 53.09581042351062, 31.98336488578577, 61.65399409123076, 23.29966394413704, 21.63268859897511, 51.352415023393945, 54.045186025655106, 52.22030016840722, 51.67303519113084, 58.687670977607915, 9.099807950678457, 33.09138949702334, 76.61332834265481, 54.86147844666352, 29.59952744857707, 12.97539883345748, 69.95168344660026, 11.268803763712974, 64.12146534837751, 64.5476274512937, 20.18541411511894, 74.34492496739333, 71.275150756933, 64.0036900162817, 2.2206254381967754, 62.14842491988002, 49.39487611703878, 70.34098402698527, 100.61555649130474, 14.549788492553937, 26.506864531955813, 45.20158114852515, 90.99302065043868, 60.280404700819005, 31.301285581451513, 77.96641531161298, 70.39725233134048, 72.8119499230545, 69.531852615018, 66.38340659544602], [55.087221878677475, 38.068578435472, 28.94371794211941, 29.515447042764237, 23.712521858157842, 70.45310123880101, 17.432327057590452, 65.76760226927254, 71.22844280024171, 42.803506437826364, 9.379936916151621, 55.132036948826475, 47.32317101994676, 11.784555505984809, 59.31625446060916, 24.511006883079663, 56.235343596074145, 32.5915349148751, 48.757721616242314, 0.0, 66.1994323157101, 68.76069140480686, 17.00367747901354, 66.7327481151657, 71.68044478552498, 69.96609438176101, 17.996580632863605, 63.01029967509322, 14.088734110246191, 38.13405592493167, 67.08488385032311, 51.23958156398887, 38.69829947000698, 72.65491539423121, 8.858321239075774, 48.22092513415597, 39.85519347137513, 21.465632098707346, 40.11295357591678, 60.07107170552771, 43.063405530039454, 33.82037458504881, 25.58917724036902, 23.834364804642178, 15.915827871989075, 50.89782875857998, 63.12040475641324, 29.62494346724714, 21.583340957464575, 54.36250640628935, 51.537680979310736, 44.44103378406683, 22.85731625034471, 50.73071850473648, 47.96711715096417, 17.473379804426827, 32.23745608865144, 44.892584634512986, 34.96383271037529, 67.64032948799509, 36.921929671000605], [74.14709603228434, 84.25251818243412, 52.29227565496744, 77.318922122261, 58.351815143865444, 4.303260575733185, 83.10049027006694, 54.56190526002187, 56.18735080086727, 57.76219705485533, 74.46194697754623, 25.44751796373841, 82.3072526814047, 54.91682423103832, 27.09900589952086, 53.0036693530667, 15.124134098084834, 59.283312256712165, 18.599510010550084, 66.1994323157101, 0.0, 50.337174152816, 49.88335379162425, 62.14110368413704, 13.81699607450713, 13.240058787613568, 69.92886827674735, 54.25969922225636, 70.67684398814424, 69.38552239336258, 58.24924211535259, 15.384123312024293, 41.674147390244975, 78.70566933403747, 71.45624035338969, 33.53685048406646, 31.238749927222663, 86.91469158388487, 26.212745581417604, 67.87637653880417, 82.43653546757274, 34.03586630127139, 91.63489655841367, 89.28478469117462, 81.80238292204034, 16.9490955250824, 64.25315680957742, 61.10086666975814, 87.67141761262776, 115.97645004380544, 17.770290416673145, 32.77129404996315, 58.58475130077432, 104.31838309615476, 67.61360033366219, 48.98853740099749, 93.56862890487436, 80.54938881773819, 91.41016325625267, 71.67936119715733, 84.79162189178635], [35.619805196625656, 103.11017815778574, 76.12837821513207, 94.34511163221275, 46.582153545971, 52.50475178414128, 79.00899831174225, 6.685246229951308, 5.852864687708219, 88.92149769458435, 77.90783870360616, 68.09534781419424, 50.82578641919713, 58.674995536621445, 23.707452658060244, 44.35177133095005, 58.25606790108653, 84.3443307074966, 53.09581042351062, 68.76069140480686, 50.337174152816, 0.0, 61.43141335924769, 14.294776194646595, 64.15185789165419, 63.473500670217696, 83.04265609400191, 8.832330613663403, 80.89319834515751, 94.69116222247948, 9.711450942461282, 44.415810038123816, 30.852458716697793, 30.998303501552652, 67.7283329809566, 25.293959900620138, 61.56779601097709, 81.30450544819378, 46.54958253764765, 25.06047201959555, 105.24837578522238, 43.427483075952956, 87.1237997308661, 90.64959673656627, 82.80034055357955, 53.93188812929061, 18.94604509194076, 43.18741650283242, 84.16537530981401, 97.67842706133676, 38.73587919252144, 29.642502922789152, 47.398592538677455, 79.58454650450031, 33.80245524864029, 59.694610490546786, 79.71196644060542, 50.42605140918272, 103.38631486942771, 24.888560982691256, 102.61153810644866], [57.33194062097974, 41.808843880035354, 18.023205865957244, 33.166025686640644, 25.287727818402985, 54.072832280251056, 34.4317861409235, 59.98498411904365, 65.06781838797211, 33.13985538768492, 24.609001699803166, 38.351335107723706, 54.400576641161756, 8.874570154986419, 47.15877156027616, 22.351177194589944, 39.27533798787295, 25.071224704344516, 31.98336488578577, 17.00367747901354, 49.88335379162425, 61.43141335924769, 0.0, 62.939184252408424, 54.71993399888611, 53.00263635153486, 22.57894102820098, 57.537534262712526, 21.835162444248418, 34.33152421650959, 62.12855850090187, 35.415139339684735, 30.719835828391304, 72.57490965339132, 24.284022332974892, 37.6562855916608, 22.950154200124352, 38.453261644958914, 24.363242104094784, 59.21321975729886, 43.8974568410226, 20.171338743547878, 42.52231261941029, 39.40359621079323, 32.02441795876603, 34.080274087351235, 60.57526405041617, 31.828651263205412, 38.507131160834085, 70.74811414206468, 36.66103741504289, 33.324506606886814, 24.709598171886636, 64.67193862909303, 49.39235155783079, 1.7459130826386182, 48.22705866099893, 51.958626544490684, 44.30961057791267, 66.48976704642875, 41.46277568602209], [23.160814811653925, 103.37221798526849, 79.43747980832295, 94.52478077751955, 43.1540706962252, 64.78847420642366, 74.0885066930378, 8.026593045548099, 10.23230386816196, 93.37754087526116, 75.29975724943678, 76.89664814188728, 39.50838401269944, 58.27593989954772, 35.049135851355146, 42.57795721838212, 67.93688169789665, 87.3813050324166, 61.65399409123076, 66.7327481151657, 62.14110368413704, 14.294776194646595, 62.939184252408424, 0.0, 75.8045326631366, 74.93951495517054, 82.82906282593417, 7.892732073130387, 80.01339225281119, 97.19371961467722, 4.5834378102194835, 53.739862026666216, 32.98915086646967, 16.99812927974102, 63.889482343781985, 32.092025995721734, 68.00395944040778, 75.77596372222257, 53.21145281666492, 12.03817908682894, 106.54660680090065, 47.920516580589684, 81.55610495770523, 86.57272983232447, 79.1095662756085, 62.87493408123245, 5.609648705830421, 38.13642999712901, 79.0684755934886, 87.81868394068636, 48.17200272301971, 35.66977572651229, 44.01519262392493, 68.66542310551868, 23.78521894730308, 61.208044349920165, 71.85747751580618, 39.60605440216551, 101.67968913961816, 10.599599770687107, 102.60086198946836], [86.75666790727452, 83.47085634719762, 52.45010297360536, 77.57778467309163, 67.8571327884271, 12.469936505207553, 89.05142042955154, 68.30015329065745, 70.00115596250215, 54.19928590542439, 79.03049561208289, 20.665955522584564, 93.72037771246394, 61.28618803285307, 40.81607607647706, 62.47710206829269, 15.44583199378421, 58.13510819891559, 23.29966394413704, 71.68044478552498, 13.81699607450713, 64.15185789165419, 54.71993399888611, 75.8045326631366, 0.0, 1.7227089475682258, 72.01390095111039, 67.91358613986527, 73.59745022079943, 67.2506165402763, 71.97947093314245, 25.27802454697035, 53.13983894675425, 92.24024039372607, 78.08796079427675, 46.211460660405656, 32.74024236469063, 93.02637668107258, 33.96428971911419, 81.0787012980051, 80.38098380538638, 42.76158905393922, 97.240809290817, 93.49530159408555, 86.53385592641806, 21.08306677988673, 77.7236796802098, 71.46963739199803, 93.22613591964274, 123.91320883495726, 29.50048940489418, 44.758334573997544, 67.95471926819101, 113.8987050527084, 79.8766310625733, 54.221488878543234, 101.2660042430059, 91.81270074127295, 92.46463648415994, 85.17946221375873, 84.32823037954468], [85.54371041669133, 81.87027577785688, 50.78599130787604, 75.93009260437925, 66.29846721105719, 12.437022916816025, 87.34044517756146, 67.49679882624307, 69.31630404116491, 52.72935041441918, 77.30813584446035, 19.131645449309772, 92.3176758285654, 59.59248012382136, 40.02051026548517, 60.92175558794591, 13.730750889145819, 56.52985102863353, 21.63268859897511, 69.96609438176101, 13.240058787613568, 63.473500670217696, 53.00263635153486, 74.93951495517054, 1.7227089475682258, 0.0, 70.31200632450592, 67.0467834767869, 71.8827127052052, 65.7076651608711, 71.16698613749602, 23.89020316189541, 51.78420097225117, 91.29623653299151, 76.39343603569252, 45.05992227074159, 31.02308152100817, 91.31737939864414, 32.36748403454599, 80.01478113801528, 78.84550411143724, 41.19128524107683, 95.52411116338165, 91.77294342382838, 84.81168517672947, 19.41384404691218, 76.75752651390492, 69.97488176939181, 91.50929134217853, 122.24804189449645, 28.268129801977615, 43.49240732456399, 66.38682165290267, 112.32082865328104, 78.60432573201717, 52.509288699178846, 99.59680757007627, 90.3933199332258, 90.79636573359718, 84.22238980354027, 82.71363918213297], [72.84170775703386, 20.597583718392332, 20.57191739009596, 11.790873034189355, 40.743487037184536, 73.88509191529016, 27.43839103412024, 80.9096845587959, 86.20788349220048, 29.88564325584002, 14.8468973800123, 52.618089083280225, 65.25250601719675, 24.60682601696187, 69.73687644602906, 40.29099996565045, 57.140436336997176, 19.50639409254162, 51.352415023393945, 17.996580632863605, 69.92886827674735, 83.04265609400191, 22.57894102820098, 82.82906282593417, 72.01390095111039, 70.31200632450592, 0.0, 78.28921922805426, 4.552431111817705, 21.43329757299475, 82.6551745592746, 56.60916511019683, 52.20442017349221, 90.04119127238422, 25.57906365145764, 60.04706299804992, 39.44477037050758, 30.967281555240376, 45.99918144314688, 77.16379245511799, 25.07362611690423, 42.73986424147448, 32.038228699843145, 24.11875386798728, 20.219605415532005, 53.15786290408543, 79.68183366259653, 47.04052295151065, 28.646422226117075, 64.65932551680754, 58.632241363595064, 55.781644233270896, 39.922467400820096, 65.51497810626654, 65.51649584048941, 24.167343599293254, 44.89682208657747, 62.83428850006692, 21.898346842728763, 84.70342837668876, 19.77305802917095], [26.857600085692404, 98.67451627937314, 73.40219074383944, 89.84152844417109, 39.99591345936888, 56.94385465381579, 72.00572940795391, 2.880962167946314, 8.401250463261528, 86.97342110943761, 71.92194690843829, 69.27897185242793, 42.00853025623377, 53.69341577232213, 27.176797201900495, 38.515716073162714, 60.165829114851626, 81.47620968081472, 54.045186025655106, 63.01029967509322, 54.25969922225636, 8.832330613663403, 57.537534262712526, 7.892732073130387, 67.91358613986527, 67.0467834767869, 78.28921922805426, 0.0, 75.77932564605867, 91.52513530009558, 4.801360091312897, 45.98567975793433, 26.959250699426093, 24.640357371239304, 61.131727305442574, 24.617826356573637, 60.90562366314701, 74.06683854113014, 45.98139492540025, 16.57447286733593, 101.3984997220577, 41.278300690356765, 79.88909231022517, 84.0408601112521, 76.33586074859794, 55.202606187059914, 10.92997050538244, 35.88212516732304, 77.10842295574608, 89.13005438377921, 40.386579520791095, 28.430583280267502, 40.84190311248751, 70.8344339088087, 25.051449639681145, 55.79258385256764, 71.65759459173698, 41.64847487964974, 97.92059831262843, 17.84355629787514, 98.02617339804802], [69.16593587868616, 23.989958531565925, 23.420553566647133, 15.445631476896933, 37.43402304959884, 74.73040184940456, 22.996985464169736, 78.4549805795659, 83.82215943534864, 33.965644333779665, 10.314201383782914, 54.719306743536556, 61.07785794923429, 22.21820328295871, 68.71869622121075, 37.44404853553395, 58.48013500372579, 23.47561042619393, 52.22030016840722, 14.088734110246191, 70.67684398814424, 80.89319834515751, 21.835162444248418, 80.01339225281119, 73.59745022079943, 71.8827127052052, 4.552431111817705, 75.77932564605867, 0.0, 25.981679732378044, 80.04535419810674, 56.839991036963724, 50.17354629429325, 86.62031379866838, 21.206153720064812, 58.56910430585639, 40.86569506003098, 26.609822777040794, 45.9700562013406, 73.89549773575976, 29.139700985423502, 41.87503116003902, 28.01733792402299, 20.85013947392435, 16.084970618073534, 54.128562992075366, 76.66577153194726, 43.56627915590027, 24.482288743564975, 60.441901598811675, 58.437504192403956, 54.41179057696819, 36.59471283422969, 60.969572507577, 61.983949223867185, 23.25261156260709, 40.41391055241238, 58.67512597957501, 22.7672677199848, 81.45608155677806, 22.89863195975127], [90.74341810052586, 17.29678576084759, 18.887039996265422, 15.609563148729894, 58.1408058992987, 72.66222945235127, 48.72562567288197, 93.85908919620013, 98.75407699957198, 14.024758059786675, 36.27593973852689, 46.58474954518836, 85.11722547710623, 40.60658473106966, 77.1289675273841, 56.220821371626144, 54.62172986689432, 10.684995705342335, 51.67303519113084, 38.13405592493167, 69.38552239336258, 94.69116222247948, 34.33152421650959, 97.19371961467722, 67.2506165402763, 65.7076651608711, 21.43329757299475, 91.52513530009558, 25.981679732378044, 0.0, 96.19318312359334, 59.37712661087584, 64.56710740040802, 106.72646226880762, 46.48053538222246, 69.82433292295323, 38.733195426027564, 52.07977661077978, 50.93110578542046, 93.426068414093, 13.15306713915949, 51.43116456764561, 52.41102098231374, 43.13737142651909, 41.06869810839965, 52.80739169436532, 94.90678035501314, 64.74522038356713, 49.38857252430398, 85.24000668811671, 63.13096012600767, 65.37496565341708, 57.413643817189914, 86.94786202607317, 82.99120029747232, 36.04035128618951, 66.22660287266835, 82.66002360269752, 29.954361275126494, 100.76378726813257, 18.742058681363066], [26.97159730051825, 103.09902850377816, 78.13281609926061, 94.25778138882791, 43.802676501379565, 60.76715364949945, 75.43157480548138, 3.6987034473400757, 6.116972146387058, 91.75492975714921, 75.87905806499815, 73.90825555905069, 42.96093877729707, 58.048348585197395, 31.163784693428408, 42.66222464926738, 64.66569416916064, 86.18695738249843, 58.687670977607915, 67.08488385032311, 58.24924211535259, 9.711450942461282, 62.12855850090187, 4.5834378102194835, 71.97947093314245, 71.16698613749602, 82.6551745592746, 4.801360091312897, 80.04535419810674, 96.19318312359334, 0.0, 50.5169901244706, 31.649096868711663, 21.439040939995607, 64.82819909422346, 29.35301361789646, 65.6938606751277, 77.32884849415434, 50.755993529768354, 15.990049499410844, 105.94847882748638, 46.070994226702524, 83.13910385759111, 87.67251710170017, 80.05959890732888, 59.80139356438913, 9.59948965546542, 39.28822351681968, 80.48662766528798, 90.87121312373122, 44.8864651944139, 33.21346569616347, 44.65778277955667, 72.0553779581878, 26.594036755466075, 60.38548260339017, 74.1891988209443, 42.87201836259095, 102.03841505727951, 15.179119318625203, 102.41361768266216], [61.98440163860715, 72.70470753878197, 41.0119628349301, 65.11174141029846, 43.2188397825832, 19.683222215725923, 67.92514457445287, 47.022559308646066, 49.983011978435876, 49.66784872521394, 59.775224371484434, 23.687496647432447, 68.44235581277987, 39.77232561462221, 21.316466933221836, 37.84303113956834, 14.205376119554781, 48.79119523273787, 9.099807950678457, 51.23958156398887, 15.384123312024293, 44.415810038123816, 35.415139339684735, 53.739862026666216, 25.27802454697035, 23.89020316189541, 56.60916511019683, 45.98567975793433, 56.839991036963724, 59.37712661087584, 50.5169901244706, 0.0, 27.90288953504142, 69.2711743659509, 56.175618262475204, 22.13755805457141, 20.88507981628234, 71.69392073602926, 11.139357838259535, 57.24420866002107, 71.98760664123236, 18.654556752659918, 76.51869626970597, 74.63988611922184, 67.0011661008038, 9.555960583023994, 54.701497784735714, 46.384134501218256, 72.58090070845292, 100.60909276157061, 5.683136158600675, 19.88399344401282, 43.40792658834094, 89.28978811737443, 54.85931621580211, 34.34738615185385, 78.18548333545324, 66.53940629421334, 78.4263068171002, 62.159260541633536, 72.98561706534056], [34.714595181209084, 72.27271780158026, 46.51182438749655, 63.49706308726844, 19.77579996682438, 45.635359744959445, 51.31096220739355, 29.31488516563041, 34.34863857570227, 60.39968065360198, 48.03797560661176, 47.641080598514485, 40.68307307499145, 27.995799684735253, 22.88324661349784, 15.56004059736509, 40.95116084896196, 54.54031860738055, 33.09138949702334, 38.69829947000698, 41.674147390244975, 30.852458716