instance_id,num_cities,city_coordinates,distance_matrix,best_route,total_distance
945,63,"[[59.980226362169894, 50.95409916164697], [30.174397108996033, 78.79292834951616], [37.39897262109234, 42.18844242447488], [6.380341340283113, 72.53546687468338], [38.08170063713946, 20.471774569700273], [49.98529887565712, 22.603907799578316], [55.520182419884755, 18.29944190047762], [25.749368754665692, 54.998927663220535], [88.97644564079256, 52.22113662582485], [15.248116182563653, 77.54383729206432], [26.500326690254848, 9.202277820832727], [66.63010612001084, 50.83879948590585], [15.980701140831, 94.06085264551244], [76.35004172547785, 40.076595403237], [53.59267698013461, 5.982398378320752], [84.0829168417854, 9.666922808460365], [67.35535844045502, 36.27419723543069], [46.25732625180496, 25.436867573498645], [88.72777949695802, 73.70419049740168], [7.143070123614259, 33.854267788565515], [95.36092736002111, 68.10012468992149], [66.96752631835497, 59.16974747734491], [88.87828469233621, 24.668985568276504], [53.39178641728864, 21.581502739950785], [5.442689154782798, 76.03111489225905], [31.734528522282655, 23.744501834596242], [61.71094285427651, 59.59428006223917], [33.17663121213354, 31.20491511445671], [76.3083388590321, 49.93722526914475], [6.2345691678682975, 21.83801864022059], [1.5165006791291735, 20.44163444703172], [1.9526408207847235, 76.35285146386443], [13.025497999574053, 97.54584357329841], [85.04483757137568, 34.06931948131023], [1.228186301012868, 4.25488037477868], [90.7815519992129, 16.59813948995256], [72.09272804803783, 10.734271672430484], [48.58816544807226, 64.99192293561713], [81.2888756833418, 86.10917116079395], [89.16629564875765, 72.01451837071173], [29.107636786766765, 73.7951020180846], [88.66059077306949, 39.9651870683507], [27.60836359867088, 74.17245967589807], [32.080512803286545, 5.478434435094948], [85.36016925099268, 10.322838238803767], [53.75254609889936, 30.32127146067657], [68.90998567765942, 88.40497565362735], [91.4191161320653, 48.220755553261185], [76.06439758903844, 33.678040425335986], [28.694473644647832, 94.12693790549702], [53.44004084074101, 84.9875181721316], [97.37832567372492, 60.209097722670116], [33.37170665655446, 34.64871364438812], [21.44986905222499, 71.14078176604029], [29.171701096507828, 68.39097652538081], [6.58751007913827, 80.59341332630542], [25.886137882094562, 9.384295072527271], [75.86611345075856, 97.50714571293202], [57.16380908308197, 77.03283134183184], [78.70140499267174, 65.53883410356079], [29.42899854488852, 42.193594148389124], [80.03748138149382, 71.6936889062987], [54.76504122414394, 88.6964670134394]]","[[0.0, 40.78465235870856, 24.222918043721723, 57.7815118071929, 37.532886132811825, 30.060471149444094, 32.957831130272425, 34.46900419438267, 29.023888719287758, 52.038215332240235, 53.51745759391761, 6.65087925081855, 61.596675361759466, 19.654285615178598, 45.42306306770784, 47.80764185331964, 16.428392913960842, 28.973213411050022, 36.660448265435164, 55.53529789571097, 39.31641126190934, 10.785139680362715, 39.064113606609375, 30.102441121263677, 60.02665809955188, 39.219658758873166, 8.811816247006519, 33.29358772341675, 16.359746031752465, 61.125623204819505, 65.9470827535417, 63.34269730815202, 66.14784322202664, 30.221358671015384, 75.05077778845195, 46.14166908513665, 42.00413337223478, 18.078704272694786, 41.10885091021017, 35.99121973013759, 38.40349201022066, 30.713506666224045, 39.837542139903015, 53.35194559703992, 47.9065847793398, 21.55220592884777, 38.500762998285374, 31.557486548284185, 23.604295573384373, 53.316904714212534, 34.65613417849608, 38.5262615689801, 31.207033146240605, 43.498167651092395, 35.40070509527785, 61.067758238137685, 53.76295640396832, 49.18889663122665, 26.230373203897702, 23.73177242940444, 31.782447502210136, 28.851760114188146, 38.100977508246444], [40.78465235870856, 0.0, 37.31062692004152, 24.603107812502813, 58.85475704898562, 59.579173031938204, 65.58864791856645, 24.201969849499115, 64.52705654950476, 14.97845421812896, 69.6875701574335, 45.939656507413254, 20.84635501820349, 60.25897935208302, 76.4839140395503, 87.66146896922625, 56.48244312247257, 55.727280853695774, 58.77409158803256, 50.49678440970193, 66.0577003556016, 41.69896383075399, 79.8470262413344, 61.7429703413405, 24.885437346070102, 55.070529975616374, 36.920750447448, 47.68262171137652, 54.41499960174839, 61.781689049788945, 65.00883422950372, 28.327045437162813, 25.4117407915219, 70.78817999307383, 79.96126384709328, 86.84134375499055, 79.93201622256532, 23.011619127728423, 51.63542707096385, 59.38005502831978, 5.110405622280219, 70.20134145661767, 5.285192403309244, 73.33926843763663, 87.94101822629443, 53.902046634051565, 39.910365509942864, 68.45124803609336, 64.35250777141191, 15.405259573380793, 24.07619407886004, 69.72608389476986, 44.25985178776982, 11.604858342452376, 10.450167512776652, 23.655506460672456, 69.54097742034287, 49.37565061628317, 27.046742875684547, 50.30448795508202, 36.60692397600706, 50.36592472930831, 26.509995399201433], [24.222918043721723, 37.31062692004152, 0.0, 43.394669943627285, 21.727396996844707, 23.280240657263814, 29.984372439779218, 17.315363186973094, 52.544178326772844, 41.721270201223234, 34.73999911318846, 30.484222852515753, 56.120310898477555, 39.0082770987867, 39.662497227735386, 56.89498999152384, 30.534625386839867, 18.94955643371683, 60.231958227307416, 31.382767608971893, 63.490184083707675, 34.097860476084605, 54.37877287935717, 26.084785915959145, 46.54600447665563, 19.29416677214936, 29.900419403270003, 11.767159348956021, 39.67344724890915, 37.220421690169836, 41.958020090008525, 49.23057264656, 60.48560264292293, 48.33268670606737, 52.414510517517954, 59.19935291320306, 46.829707700598284, 25.400723602712247, 62.091497030937965, 59.744878774681055, 32.67609494085689, 51.30980763886811, 33.44896686848873, 37.093270298181494, 57.58205547121277, 20.2056702976677, 55.93667748063425, 54.3559077435916, 39.59093368612082, 52.662848529709066, 45.70641918244176, 62.62800340094451, 8.54788753005056, 33.05467981995309, 27.463808731644946, 49.23705935517159, 34.765751066470074, 67.37863056730771, 40.059707929454795, 47.4460926881826, 7.9699757412190575, 51.85173091868786, 49.64450311860945], [57.7815118071929, 24.603107812502813, 43.394669943627285, 0.0, 60.95575639508001, 66.2914241311233, 73.18654511815117, 26.12832620919828, 85.05755968213717, 10.184360799337396, 66.45228849493346, 64.03732920564194, 23.569241415094083, 77.1319473966125, 81.59850220960878, 99.95070821446585, 70.94245827582272, 61.712656576810076, 82.3557313480592, 38.68871822556037, 89.0910598697306, 62.043931520943175, 95.3787748399777, 69.32807821706818, 3.619219070981234, 54.98538967037403, 56.823848690623805, 49.257036651640036, 73.48881112553435, 50.69765780598039, 52.32040063854009, 5.846106139310443, 25.878119128583215, 87.5656751391793, 68.47469017322858, 101.25487126869304, 90.208123222116, 42.87663082699817, 76.1284044589927, 82.78759338275648, 22.762175621109858, 88.49216108438276, 21.29104681395058, 71.81326070324192, 100.53966569762984, 63.45206126001123, 64.5119967900836, 88.44658503713723, 79.7857586637248, 31.050154939567655, 48.679245049483654, 91.82903968364813, 46.518167117478995, 15.133929166388185, 23.165122054354075, 8.060609152140248, 66.09498164547729, 73.8366932479344, 50.98222124558974, 72.65871673754495, 38.103409814267906, 73.66194994159864, 51.01232310271857], [37.532886132811825, 58.85475704898562, 21.727396996844707, 60.95575639508001, 0.0, 12.093041103626122, 17.57326594896098, 36.66347924574078, 59.985807154340726, 61.47026047146459, 16.159510495999374, 41.67934329947979, 76.83623227868351, 42.99784796438635, 21.22574873893194, 47.253113271920505, 33.26655382350279, 9.565197474571143, 73.47595123150676, 33.70890064664535, 74.49409069950217, 48.28999930054222, 50.969692287115464, 15.350251568211306, 64.43714276427312, 7.141242021245974, 45.70461162475695, 11.800847936382471, 48.2647765422037, 31.876423978879338, 36.565212380024136, 66.54324697567158, 81.04458898277015, 48.892018349901164, 40.26374518412774, 52.84202288250976, 35.37752037974422, 45.74308049690814, 78.58198143804778, 72.56921031703287, 54.07320105337009, 54.20532499879528, 54.71246996431775, 16.14975243801437, 48.355501270483124, 18.509132515915287, 74.60095822473608, 60.12392067475623, 40.21306660265448, 74.25094690730523, 66.31862322443239, 71.38028153554009, 14.938863572057883, 53.32884877935877, 48.74051710726255, 67.87116829467, 16.482231417877557, 85.80274039239916, 59.693215744529965, 60.67124720128453, 23.381759970249334, 66.21157033460364, 70.23490949794686], [30.060471149444094, 59.579173031938204, 23.280240657263814, 66.2914241311233, 12.093041103626122, 0.0, 7.011659042244038, 40.45760275640851, 48.96416821928644, 65.00052087554904, 27.039741208752922, 32.77588620831384, 79.13537536286924, 31.62901322571131, 17.008461195229202, 36.46934509453721, 22.10420282535889, 4.682247426700332, 64.12658338387709, 44.29477581300274, 64.2561546599559, 40.31695276500507, 38.9477713345343, 3.556609266878038, 69.5594029479144, 18.28637671175815, 38.80436015248238, 18.881436265638662, 37.947498967105375, 43.757432924800526, 48.51700552040371, 72.08387603925652, 83.56028134414161, 36.88667670837509, 52.09551644865978, 41.235949387762844, 25.092363109175714, 42.411034047609945, 70.80135871247084, 63.05996309185342, 55.2848545246772, 42.39330396652703, 56.214257755582906, 24.77626287911445, 37.446042830029135, 8.587773490181618, 68.46841827650938, 48.713284648777226, 28.33294554251565, 74.6246814033369, 62.47919721923329, 60.49999420028218, 20.520448198365283, 56.30363122964837, 50.29574052555116, 72.43031702030284, 27.4868645219286, 79.24841710075508, 54.90026162748755, 51.65290550638996, 28.395726694936723, 57.55814696869453, 66.26516671944357], [32.957831130272425, 65.58864791856645, 29.984372439779218, 73.18654511815117, 17.57326594896098, 7.011659042244038, 0.0, 47.25625462876807, 47.64454766021311, 71.63614802833719, 30.41233994385363, 34.383719936839135, 85.45853929183741, 30.13515311680942, 12.466949841359469, 29.83873629244494, 21.52122721383019, 11.693731210714288, 64.5943547898855, 50.81631236654914, 63.776115934413966, 42.443180374193844, 33.9607725730044, 3.9117761819754464, 76.4244816675018, 24.400942789627162, 41.75630699142476, 25.802819990267196, 37.85626480017771, 49.412480194485184, 54.04615278133431, 78.9916443360033, 89.92102302616364, 33.472291536865335, 56.07914541985053, 35.30238822660623, 18.217603277504598, 47.2042439248248, 72.54091903790258, 63.382729316535695, 61.46048208979893, 39.594080106690846, 62.456895097664905, 26.716967345914757, 30.887716329572235, 12.151087364418874, 71.3727727785318, 46.73348320401321, 25.66254214814386, 80.43275328922326, 66.72051038326387, 59.232789971380186, 27.529142107865614, 62.87283556320996, 56.59862462221337, 79.21455231463918, 30.946024601419257, 81.77907588591704, 58.7563830054042, 52.62061626098467, 35.379095348033395, 58.75409399941038, 70.40107515500368], [34.46900419438267, 24.201969849499115, 17.315363186973094, 26.12832620919828, 36.66347924574078, 40.45760275640851, 47.25625462876807, 0.0, 63.288066605100475, 24.870650489197367, 45.80280640536455, 41.091864815143325, 40.26488358696425, 52.75513344856996, 56.37259933758513, 73.87688066360346, 45.6253647363767, 35.97904553282089, 65.69754239939786, 28.165421885047497, 70.83368164227572, 41.42864046607139, 70.03688610259688, 43.368508652445726, 29.235494454680104, 31.82233918681777, 36.25399392333161, 24.92627651260496, 50.81171409370489, 38.47691892738485, 42.207089565569504, 31.973024912304695, 44.40874846752061, 62.88084860147573, 56.3582001499068, 75.5235419579919, 64.08640043392643, 24.92931184202443, 63.65912409355606, 65.66001023313555, 19.093824513540547, 64.682572707977, 19.26344184384525, 49.92356792659375, 74.49429845344797, 37.325120991412184, 54.578410525690245, 66.01862871768628, 54.645972945994366, 39.23869045129679, 40.81775203621216, 71.8181964502091, 21.730882303828658, 16.704644610646668, 13.822421328570003, 31.972715309443824, 45.61483763182933, 65.7163351130841, 38.371343115220085, 53.99081189908364, 13.323522125142429, 56.79713219473815, 44.468341627674704], [29.023888719287758, 64.52705654950476, 52.544178326772844, 85.05755968213717, 59.985807154340726, 48.96416821928644, 47.64454766021311, 63.288066605100475, 0.0, 77.95579345842816, 75.85438452723471, 22.3890541547974, 84.13644009412195, 17.51901701979338, 58.22398130798132, 42.83465580252381, 26.865894506706912, 50.42142629912382, 21.484492977498025, 83.86920304510234, 17.1144345148441, 23.079768684010446, 27.552325917602023, 46.95801461639221, 86.86082855759578, 63.933995686452825, 28.244838224628836, 59.626343648488756, 12.87234168748086, 88.14392764557185, 93.05470827115147, 90.3077087870979, 88.44702090784897, 18.572722139185704, 100.00259374587371, 35.66870244216314, 44.79084597786781, 42.3592511725132, 34.74906641183268, 19.794292205692667, 63.63733382493566, 12.260018917310653, 65.17593173232933, 73.63441709921565, 42.054070702552416, 41.47682718324847, 41.37551235020479, 4.68718336046929, 22.595738571495996, 73.41670333538106, 48.3370647200601, 11.593063036682791, 58.31532428910753, 70.12696712394853, 61.95216858500134, 87.13737882304618, 76.2586514918114, 47.14555577327088, 40.344318552099914, 16.820746904612452, 60.38584323975503, 21.426277659565788, 50.00869843382372], [52.038215332240235, 14.97845421812896, 41.721270201223234, 10.184360799337396, 61.47026047146459, 65.00052087554904, 71.63614802833719, 24.870650489197367, 77.95579345842816, 0.0, 69.2616848789378, 57.90740828391716, 16.53325366971427, 71.67453885312223, 81.18709800309449, 96.67215370316976, 66.47065432299188, 60.63585904701819, 73.57991443528945, 44.43501159017227, 80.66750412940036, 54.88628755266264, 90.6485061078783, 67.7253458278223, 9.921427732741288, 56.26873276963345, 49.809445560780944, 49.68628945441476, 67.01101268212503, 56.43033104154383, 58.73005052006521, 13.34871201047665, 20.125115822322215, 82.22904605736969, 74.61789088353645, 97.05502566510506, 87.7201684700877, 35.62456229960063, 66.59389506345477, 74.12469644680168, 14.357552978579267, 82.47148827405672, 12.811787666761118, 74.00507999410995, 97.1306475793746, 60.93079555431521, 54.74998232162003, 81.62024476787306, 74.98552006130653, 21.349561001420582, 38.91055761795473, 83.93964800379352, 46.56668513452897, 8.914082046161543, 16.66256514076114, 9.181830540110544, 68.98471353319187, 63.820649290911895, 41.91880769310758, 64.5789436455488, 38.08854309226138, 65.0529482730477, 41.060546933083764], [53.51745759391761, 69.6875701574335, 34.73999911318846, 66.45228849493346, 16.159510495999374, 27.039741208752922, 30.41233994385363, 45.80280640536455, 75.85438452723471, 69.2616848789378, 0.0, 57.82732168661256, 85.50812968938017, 58.63631618094792, 27.28301793889121, 57.58446477587224, 49.010431951782984, 25.571486779467023, 89.62562480533231, 31.34364355265591, 90.61312647964223, 64.29885123091215, 64.2668553225865, 29.60398310783186, 70.06794961246239, 15.45552160507317, 61.47472147596909, 22.993240092332154, 64.3441840403762, 23.882271123385895, 27.395523348260443, 71.49677210989603, 89.36529873560218, 63.60683544442058, 25.751850833343568, 64.70529110551767, 45.61813309124459, 60.00297595140535, 94.42698419399011, 88.72655311914185, 64.64542523424578, 69.35600202013003, 64.9796297009353, 6.708612868363683, 58.87050808278427, 34.477461551811864, 89.84234257531865, 75.74226579094486, 55.27802528249038, 84.95299977842596, 80.43103165827257, 87.32345856869881, 26.357863319388898, 62.14406965531005, 59.24895185196237, 74.11622288101793, 0.6405920480179156, 101.16684533939284, 74.43945958576232, 76.8033863168288, 33.121051792734676, 82.28853742707031, 84.36954547152774], [6.65087925081855, 45.939656507413254, 30.484222852515753, 64.03732920564194, 41.67934329947979, 32.77588620831384, 34.383719936839135, 41.091864815143325, 22.3890541547974, 57.90740828391716, 57.82732168661256, 0.0, 66.58459359399008, 14.501799367369538, 46.71264581354663, 44.71827401893849, 14.582648238329545, 32.562375595784566, 31.798321886269953, 61.86422042355776, 33.51736023203812, 8.337778290786648, 34.34880798906164, 32.112965005311416, 66.17063359534845, 44.17920665988503, 10.042739036612474, 38.789488252919895, 9.720135030903197, 66.99750871037728, 71.85937138544537, 69.52798980170914, 71.0985371096145, 24.90617983654695, 80.29615579691645, 41.9012545756628, 40.47484885049456, 22.93082045179628, 38.19526990604448, 30.923953640566754, 43.987811161879364, 24.567818402452062, 45.46598824686184, 57.01962044677137, 44.635841883706455, 24.22396557881054, 37.635295171709096, 24.926876487257562, 19.583092377290612, 57.55844976317118, 36.60755126995499, 32.144291791378954, 36.98972849895696, 49.53205331908039, 41.36678650475363, 67.01082288793882, 58.12526889340947, 47.57350492636855, 27.85207504766267, 19.021232195453532, 38.19243354571231, 24.792824045256314, 39.67345152124278], [61.596675361759466, 20.84635501820349, 56.120310898477555, 23.569241415094083, 76.83623227868351, 79.13537536286924, 85.45853929183741, 40.26488358696425, 84.13644009412195, 16.53325366971427, 85.50812968938017, 66.58459359399008, 0.0, 80.98615506755002, 95.77303812991491, 108.44467334415549, 77.32174956722942, 75.00616878147044, 75.54158525716025, 60.85175907180681, 83.51754133470403, 61.78224309248992, 100.64436846696124, 81.56497694657449, 20.883513594919464, 72.05950505331279, 57.26429631810903, 65.16570335632929, 74.74167756685064, 72.87746455654413, 75.0266778096419, 22.591143888526414, 4.569287403178471, 91.48135871470461, 91.009611303372, 107.6830498201014, 100.45834291037598, 43.68351408743174, 65.79047727832251, 76.4341029805081, 24.145746787905125, 90.60191714964142, 23.03802745781994, 90.03359790418155, 108.74541669434667, 74.09079889672292, 53.23061249063248, 88.2738294049641, 85.18294776830294, 12.71394425583171, 38.54254181056427, 88.15619428579113, 61.905164029641675, 23.56356184372492, 28.860786889022453, 16.419621193498568, 85.25395638588421, 59.98449419172064, 44.56458110766548, 68.90132243562343, 53.58235910330368, 67.84954759272436, 39.15356521324293], [19.654285615178598, 60.25897935208302, 39.0082770987867, 77.1319473966125, 42.99784796438635, 31.62901322571131, 30.13515311680942, 52.75513344856996, 17.51901701979338, 71.67453885312223, 58.63631618094792, 14.501799367369538, 80.98615506755002, 0.0, 40.991607932922065, 31.377468745676694, 9.765375529103112, 33.464804728374666, 35.83327425950098, 69.48613012138074, 33.863431106303246, 21.273928915221784, 19.858280707629433, 29.48134900949313, 79.50207620101075, 47.51085453577237, 24.397607059075632, 44.07550438168668, 9.86071805100935, 72.44877620993567, 77.36659846010588, 82.77040543062382, 85.51439833926219, 10.568199411631257, 83.22552751406444, 27.55914332581768, 29.649564611838215, 37.30275218382357, 46.29676135258891, 34.413475385411665, 58.04121391501624, 12.311053150329645, 59.48343590544328, 56.185620343377906, 31.088075904212886, 24.61327190394497, 48.89771744796478, 17.129049828303692, 6.404927663752657, 72.0589529046755, 50.4168535758853, 29.1119627550271, 43.319732059244025, 63.07941529481669, 55.0227226046943, 80.67480000791828, 59.06456544075068, 57.43258914109204, 41.63982345972694, 25.57057896971782, 46.96877661640449, 31.831396651703894, 53.195903620816054], [45.42306306770784, 76.4839140395503, 39.662497227735386, 81.59850220960878, 21.22574873893194, 17.008461195229202, 12.466949841359469, 56.37259933758513, 58.22398130798132, 81.18709800309449, 27.28301793889121, 46.71264581354663, 95.77303812991491, 40.991607932922065, 0.0, 30.712057031356505, 33.27167682846559, 20.79143434142368, 76.29362068146787, 54.17016781907769, 74.85451664341853, 54.84323749562529, 39.92821874848913, 15.600397876441026, 85.00143535747864, 28.16506653989885, 54.22305873421126, 32.44981163744672, 49.47755149154717, 49.941876911543964, 54.04625468822157, 87.28513047480463, 100.14769346527413, 42.16768363216995, 52.39297856141021, 38.6743634017913, 19.10058086337429, 59.22135699350961, 84.77841198761406, 75.00482128416897, 72.09771125497176, 48.83224861646184, 72.9730703867767, 21.51806653088834, 32.062641553083196, 24.339398124320148, 83.83377118106495, 56.70024969744451, 35.665484933210024, 91.59356078782604, 79.00526723849146, 69.69733103427251, 35.080554040104275, 72.65517894267094, 67.01652549518204, 88.18327090190584, 27.91460567354078, 94.19599432499957, 71.14012235580624, 64.63294251929285, 43.533137431388916, 70.83291171961288, 82.72237658636115], [47.80764185331964, 87.66146896922625, 56.89498999152384, 99.95070821446585, 47.253113271920505, 36.46934509453721, 29.83873629244494, 73.87688066360346, 42.83465580252381, 96.67215370316976, 57.58446477587224, 44.71827401893849, 108.44467334415549, 31.377468745676694, 30.712057031356505, 0.0, 31.42862170859594, 40.981294042198996, 64.2055013386746, 80.65213989846946, 59.511617381558594, 52.378108432510786, 15.749839360182644, 32.922677620104736, 102.90039553664961, 54.208228073665644, 54.710567740101496, 55.27508506715171, 41.01391621248713, 78.79404044282134, 83.26648478733388, 105.79411760546708, 113.01266073900807, 24.421348342569658, 83.03129877514861, 9.639163742675983, 12.037601958327427, 65.73228290247796, 76.49329381818332, 62.55448355225419, 84.46718170904848, 30.642126489251787, 85.73412069045638, 52.170810427259994, 1.4358268588476704, 36.695142834552684, 80.18664979882631, 39.245609172756886, 25.314628581476533, 101.0018504285649, 81.3152995170852, 52.26164311487909, 56.53067054104979, 87.76066322986506, 80.39748814218127, 105.05286824492751, 58.19746523449483, 88.22369646457835, 72.54518588473847, 56.1304831758085, 63.600590670681854, 62.1585493767296, 84.29238807851057], [16.428392913960842, 56.48244312247257, 30.534625386839867, 70.94245827582272, 33.26655382350279, 22.10420282535889, 21.52122721383019, 45.6253647363767, 26.865894506706912, 66.47065432299188, 49.010431951782984, 14.582648238329545, 77.32174956722942, 9.765375529103112, 33.27167682846559, 31.42862170859594, 0.0, 23.71865671649021, 43.102027532445, 60.26089712971558, 42.393413979615715, 22.898834787712474, 24.452347377774757, 20.26959829852729, 73.57846913091392, 37.76025411589619, 23.99345098894077, 34.55261229154795, 16.335060251663624, 62.802501014981516, 67.71576799951907, 76.70602321070152, 81.88985517436419, 17.826361317831882, 73.47135188209243, 30.593035041587143, 25.97557446068211, 34.30619918038851, 51.74618371338566, 41.869888186589854, 53.57897449006462, 21.622588436480026, 54.91904856203679, 46.82620784540006, 31.58553855952219, 14.848361151295823, 52.153954062312245, 26.866050879908972, 9.087760619325294, 69.5816327505515, 50.6618564660133, 38.39606780419125, 34.02250410352178, 57.64540461132218, 49.894681080445245, 75.2125276092596, 49.42431680912205, 61.8215733388737, 42.01349702801777, 31.38712703304634, 38.38551855506419, 37.62149163063994, 53.91298968046258], [28.973213411050022, 55.727280853695774, 18.94955643371683, 61.712656576810076, 9.565197474571143, 4.682247426700332, 11.693731210714288, 35.97904553282089, 50.42142629912382, 60.63585904701819, 25.571486779467023, 32.562375595784566, 75.00616878147044, 33.464804728374666, 20.79143434142368, 40.981294042198996, 23.71865671649021, 0.0, 64.2920979677057, 40.00971955465711, 65.04857530781754, 39.583071803535454, 42.62787516594553, 8.109522788218241, 65.00471108399385, 14.621072316585707, 37.49057340215206, 14.295976887069902, 38.7728111688375, 40.18423569317151, 45.01881636507508, 67.49327793688528, 79.39810343279915, 39.736510419342395, 49.762435896916834, 45.39305885860756, 29.72598715270695, 39.62366989640301, 70.05953095877202, 63.32974979025061, 51.309167673475095, 44.823084559240556, 52.181814318874025, 24.481035372186028, 41.92214466542881, 8.946268601453713, 66.91879866117235, 50.58352317368921, 30.925368739544336, 70.89978528821938, 59.98225884031526, 61.826083261378365, 15.839738015108253, 52.00247787584936, 46.22741678698351, 67.94070101606721, 25.93589018123663, 77.91537249149366, 52.7360867426859, 51.58280687323818, 23.74827359866423, 57.278201790911965, 63.82913234058814], [36.660448265435164, 58.77409158803256, 60.231958227307416, 82.3557313480592, 73.47595123150676, 64.12658338387709, 64.5943547898855, 65.69754239939786, 21.484492977498025, 73.57991443528945, 89.62562480533231, 31.798321886269953, 75.54158525716025, 35.83327425950098, 76.29362068146787, 64.2055013386746, 43.102027532445, 64.2920979677057, 0.0, 90.79692254384607, 8.683559416957259, 26.16789353960653, 49.03543590359055, 62.97147755918678, 83.31759028226675, 75.79050829719236, 30.479485472455835, 69.9436807998975, 26.81624772260541, 97.44346839844155, 102.18956419351187, 86.81555216195063, 79.36787665863676, 39.805615956663935, 111.71116992478485, 57.142970198935224, 65.13014366275945, 41.07422819800307, 14.464468023656107, 1.7456483927475537, 59.62021202317352, 33.73907032966575, 61.121209704744274, 88.67731735983743, 63.47075399660229, 55.72561902209543, 24.675048856562263, 25.625158525084515, 41.9815903812296, 63.41203689562326, 37.04777972948984, 16.02964373138057, 67.74677167606102, 67.32672796247816, 59.792614235815506, 82.42866765402862, 89.92286065466179, 27.05555636974599, 31.73899932510871, 12.930631490327158, 67.15104693652903, 8.919831723943467, 37.124600282306154], [55.53529789571097, 50.49678440970193, 31.382767608971893, 38.68871822556037, 33.70890064664535, 44.29477581300274, 50.81631236654914, 28.165421885047497, 83.86920304510234, 44.43501159017227, 31.34364355265591, 61.86422042355776, 60.85175907180681, 69.48613012138074, 54.17016781907769, 80.65213989846946, 60.26089712971558, 40.00971955465711, 90.79692254384607, 0.0, 94.63175497839617, 64.96028841430318, 82.2497094831427, 47.8493941523953, 42.21110904782657, 26.588478591628267, 60.33407798415936, 26.168021945524902, 71.01053387043846, 12.050544285703094, 14.54499972045504, 42.81436874174434, 63.96264365751499, 77.9020642776278, 30.184591862510153, 85.40005628987039, 68.94194865906921, 51.83868723752676, 90.70929064071582, 90.46554178271816, 45.5819309337592, 81.74625072306624, 45.214874035918356, 37.77650018074562, 81.68012470948818, 46.743184676951095, 82.40710882951703, 85.49180020043855, 68.92155276602365, 64.00982547039841, 68.97839366331281, 94.0052041381186, 26.24066536113212, 39.93705823137352, 40.96394552422337, 46.74244722477686, 30.823402695397533, 93.67254428165627, 66.07921516312577, 78.25922969082625, 23.795103902563834, 82.13048753756445, 72.632767724495], [39.31641126190934, 66.0577003556016, 63.490184083707675, 89.0910598697306, 74.49409069950217, 64.2561546599559, 63.776115934413966, 70.83368164227572, 17.1144345148441, 80.66750412940036, 90.61312647964223, 33.51736023203812, 83.51754133470403, 33.863431106303246, 74.85451664341853, 59.511617381558594, 42.393413979615715, 65.04857530781754, 8.683559416957259, 94.63175497839617, 0.0, 29.7646914963316, 43.91228189653289, 62.65294070987601, 90.26732613478453, 77.56120104757801, 34.70836858838403, 72.30590001532137, 26.322842626837826, 100.41757904246495, 105.25259194574222, 93.77214668227151, 87.44239983285011, 35.56005359492358, 113.7417608486108, 51.70517535250215, 61.90517096048246, 46.87592319109367, 22.85494242349293, 7.32775135538873, 66.49760355495802, 28.92177770034411, 68.02413651357689, 89.02745058038909, 58.636422063507666, 56.200526176252986, 33.345753680821275, 20.266405528076277, 39.46182897840197, 71.56682930759519, 45.19452162801762, 8.144826735666225, 70.43905439711929, 73.97357728022207, 66.18986529788941, 89.64821178739567, 90.96315199387651, 35.282016025229616, 39.22770822762351, 16.855263123902688, 70.83902569899632, 15.739177247685818, 45.52181112680645], [10.785139680362715, 41.69896383075399, 34.097860476084605, 62.043931520943175, 48.28999930054222, 40.31695276500507, 42.443180374193844, 41.42864046607139, 23.079768684010446, 54.88628755266264, 64.29885123091215, 8.337778290786648, 61.78224309248992, 21.273928915221784, 54.84323749562529, 52.378108432510786, 22.898834787712474, 39.583071803535454, 26.16789353960653, 64.96028841430318, 29.7646914963316, 0.0, 40.870330373379836, 39.96469512331655, 63.79350514828919, 49.96310801528584, 5.273698667013513, 43.861787938524564, 13.133554174136584, 71.28920017934996, 76.05066400837869, 67.24726313296112, 66.20020521652496, 30.93251796609372, 85.65806123657147, 48.779602558454386, 48.70588269622465, 19.279487365253946, 30.509565648012483, 25.647095334316322, 40.586601616622175, 28.972472899963275, 42.12155105533491, 64.03015545976324, 52.19492174729056, 31.73121918056241, 29.2996879656055, 26.79105575694234, 27.066218711538333, 51.834657552591686, 29.147043537821173, 30.42855511464563, 41.5927902284186, 47.06551587880447, 38.90444022674992, 64.06808737160794, 64.54666332974365, 39.35658720502803, 20.376521704620785, 13.350998958723192, 41.19867533365034, 18.101735670049266, 31.94883110596734], [39.064113606609375, 79.8470262413344, 54.37877287935717, 95.3787748399777, 50.969692287115464, 38.9477713345343, 33.9607725730044, 70.03688610259688, 27.552325917602023, 90.6485061078783, 64.2668553225865, 34.34880798906164, 100.64436846696124, 19.858280707629433, 39.92821874848913, 15.749839360182644, 24.452347377774757, 42.62787516594553, 49.03543590359055, 82.2497094831427, 43.91228189653289, 40.870330373379836, 0.0, 35.620557407768906, 97.9773796924561, 57.15123392715483, 44.24749324013743, 56.08379958117322, 28.222109698474586, 82.69218880545444, 87.46400290103652, 101.13006257486897, 105.18879066583949, 10.151925655053455, 89.99597457030985, 8.2922242409032, 21.81584660786818, 57.002043705883764, 61.90715253303768, 47.346408804232325, 77.36863491423162, 15.297750520039141, 78.76926545009756, 59.95218214840705, 14.771224710820613, 35.57760317311839, 66.79078826978674, 23.688429534917276, 15.663932204704157, 91.90483259928966, 69.95851987261777, 36.54244475445183, 56.39658835173861, 81.89150796988713, 74.00330139891565, 99.49529238362557, 64.81999940846872, 73.99131147424421, 61.21911717238881, 42.117851318870976, 61.9784602045523, 47.84853735706033, 72.548134091311], [30.102441121263677, 61.7429703413405, 26.084785915959145, 69.32807821706818, 15.350251568211306, 3.556609266878038, 3.9117761819754464, 43.368508652445726, 46.95801461639221, 67.7253458278223, 29.60398310783186, 32.112965005311416, 81.56497694657449, 29.48134900949313, 15.600397876441026, 32.922677620104736, 20.26959829852729, 8.109522788218241, 62.97147755918678, 47.8493941523953, 62.65294070987601, 39.96469512331655, 35.620557407768906, 0.0, 72.55257536315332, 21.765003666763675, 38.91246077514192, 22.388893802470523, 36.45840610843837, 47.157914914848796, 51.88780752875278, 75.13911325491462, 86.02335914661275, 34.02735979074821, 54.96592598761534, 37.72039871942872, 21.61914983779116, 43.675386157196264, 70.29984054995016, 61.832876177362465, 57.584545434127655, 39.77245793476439, 58.57126978034778, 26.71103127701577, 33.89299377971281, 8.747211260719194, 68.60168394820522, 46.42981365122847, 25.69773377788979, 76.63417919928494, 63.40603379391692, 58.539787579961484, 23.90722891610829, 58.961073790615025, 52.704263290693696, 75.31962476400064, 30.08874500912059, 79.18206006708824, 55.57947461702971, 50.723010291598314, 31.608124190585308, 56.755830207091336, 67.12901204543536], [60.02665809955188, 24.885437346070102, 46.54600447665563, 3.619219070981234, 64.43714276427312, 69.5594029479144, 76.4244816675018, 29.235494454680104, 86.86082855759578, 9.921427732741288, 70.06794961246239, 66.17063359534845, 20.883513594919464, 79.50207620101075, 85.00143535747864, 102.90039553664961, 73.57846913091392, 65.00471108399385, 83.31759028226675, 42.21110904782657, 90.26732613478453, 63.79350514828919, 97.9773796924561, 72.55257536315332, 0.0, 58.5247872475259, 58.619842319985324, 52.71204538395314, 75.51709332110606, 54.19888149526547, 55.727957903700975, 3.5048469003868217, 22.811894708580915, 89.9849671147776, 71.89986005419465, 103.99519256557787, 93.30544152913741, 44.53533297989801, 76.51281741693165, 83.81989818637848, 23.77034917703182, 90.697135012911, 22.243464720356386, 75.41388710588714, 103.46197971088279, 66.50738353371595, 64.66227770550987, 90.36239307557196, 82.34809420365322, 29.463609631027232, 48.825842835298474, 93.28717751898066, 49.92527567929954, 16.73753764310838, 24.928652630970134, 4.703741271599031, 69.71178657838298, 73.62525782217354, 51.730819464636845, 74.00626596691288, 41.47675069541612, 74.72078888455255, 50.922544692969744], [39.219658758873166, 55.070529975616374, 19.29416677214936, 54.98538967037403, 7.141242021245974, 18.28637671175815, 24.400942789627162, 31.82233918681777, 63.933995686452825, 56.26873276963345, 15.45552160507317, 44.17920665988503, 72.05950505331279, 47.51085453577237, 28.16506653989885, 54.208228073665644, 37.76025411589619, 14.621072316585707, 75.79050829719236, 26.588478591628267, 77.56120104757801, 49.96310801528584, 57.15123392715483, 21.765003666763675, 58.5247872475259, 0.0, 46.73106049700293, 7.598514754502593, 51.69993548211892, 25.57112835303169, 30.39799565282942, 60.453281844577766, 76.13583824673073, 54.3009291849385, 36.20058370203731, 59.47790746357921, 42.40342389280838, 44.557769525766005, 79.65541602882227, 75.0226790488484, 50.11948861388679, 59.191952095137026, 50.59648376143305, 18.26934381322509, 55.27974671833532, 22.97927319822659, 74.58546432927035, 64.50842576168077, 45.4292029471069, 70.4480605902921, 64.97565940509084, 75.09177623242263, 11.026431310090418, 48.49929454904321, 44.719970781846115, 62.16245872206173, 15.505457469214221, 85.95652633873398, 59.04485050799571, 62.87013357066611, 18.592591957000362, 68.06100054918598, 68.91416614821838], [8.811816247006519, 36.920750447448, 29.900419403270003, 56.823848690623805, 45.70461162475695, 38.80436015248238, 41.75630699142476, 36.25399392333161, 28.244838224628836, 49.809445560780944, 61.47472147596909, 10.042739036612474, 57.26429631810903, 24.397607059075632, 54.22305873421126, 54.710567740101496, 23.99345098894077, 37.49057340215206, 30.479485472455835, 60.33407798415936, 34.70836858838403, 5.273698667013513, 44.24749324013743, 38.91246077514192, 58.619842319985324, 46.73106049700293, 0.0, 40.2512482170344, 17.502647725315235, 67.10561313304434, 71.8073849088461, 62.06371224273811, 61.73000659026562, 34.583149875721915, 81.97934494767483, 51.901526183432125, 49.95079462492641, 14.189497363941845, 32.959595019168724, 30.134012622096524, 35.56176191857399, 33.34043813013896, 37.08785829261328, 61.696735188723835, 54.65309587318285, 30.335542050590682, 29.696504811720434, 31.810888375828906, 29.625548766904746, 47.77647639571043, 26.706260723343483, 35.67268139549733, 37.75438507217007, 41.884075318551815, 33.707330402082654, 58.98776516157565, 61.680298669526294, 40.46917637490285, 18.02163966636002, 18.00037573014616, 36.672984589025305, 21.960366772103022, 29.919606193900467], [33.29358772341675, 47.68262171137652, 11.767159348956021, 49.257036651640036, 11.800847936382471, 18.881436265638662, 25.802819990267196, 24.92627651260496, 59.626343648488756, 49.68628945441476, 22.993240092332154, 38.789488252919895, 65.16570335632929, 44.07550438168668, 32.44981163744672, 55.27508506715171, 34.55261229154795, 14.295976887069902, 69.9436807998975, 26.168021945524902, 72.30590001532137, 43.861787938524564, 56.08379958117322, 22.388893802470523, 52.71204538395314, 7.598514754502593, 40.2512482170344, 0.0, 47.023862540937195, 28.5239102641292, 33.43967816969296, 54.893294058283786, 69.33388030776491, 51.94723903444509, 41.79721886332589, 59.427979883471515, 43.971693575208704, 37.13592983907453, 73.00181778599125, 69.28395370977836, 42.78411780228293, 56.17127498344467, 43.326844909993, 25.749821042325465, 56.20660794687524, 20.594880420490355, 67.44419579951787, 60.6772269924008, 42.959013647932906, 63.08146073590849, 57.47324735419221, 70.44927381109135, 3.449319171050098, 41.62199413733235, 37.40110464261803, 56.0910431196183, 23.006319827595103, 78.85669075059691, 51.726034140999346, 57.0203737353548, 11.610160098783645, 61.92963815300541, 61.411220364035195], [16.359746031752465, 54.41499960174839, 39.67344724890915, 73.48881112553435, 48.2647765422037, 37.947498967105375, 37.85626480017771, 50.81171409370489, 12.87234168748086, 67.01101268212503, 64.3441840403762, 9.720135030903197, 74.74167756685064, 9.86071805100935, 49.47755149154717, 41.01391621248713, 16.335060251663624, 38.7728111688375, 26.81624772260541, 71.01053387043846, 26.322842626837826, 13.133554174136584, 28.222109698474586, 36.45840610843837, 75.51709332110606, 51.69993548211892, 17.502647725315235, 47.023862540937195, 0.0, 75.49767289066095, 80.39781673823178, 78.90852386158409, 79.19153038093208, 18.113995799998772, 87.88575506407882, 36.34513088700379, 39.428960742275514, 31.54444381761349, 36.51322249058144, 25.548657958862464, 52.887659799639074, 15.875127502667056, 54.39700522188768, 62.711120864190235, 40.63539458691731, 29.892297182619036, 39.17273860019476, 15.207953776914298, 16.261014701682875, 64.96007130181543, 41.85071190360502, 23.44047158384025, 45.57732959039131, 58.8136252722225, 50.62018920334518, 76.16295577215523, 64.70655684619922, 47.571975934787204, 33.17657138386182, 15.78407310367326, 47.51459114023421, 22.07374490084622, 44.344024327727084], [61.125623204819505, 61.781689049788945, 37.220421690169836, 50.69765780598039, 31.876423978879338, 43.757432924800526, 49.412480194485184, 38.47691892738485, 88.14392764557185, 56.43033104154383, 23.882271123385895, 66.99750871037728, 72.87746455654413, 72.44877620993567, 49.941876911543964, 78.79404044282134, 62.802501014981516, 40.18423569317151, 97.44346839844155, 12.050544285703094, 100.41757904246495, 71.28920017934996, 82.69218880545444, 47.157914914848796, 54.19888149526547, 25.57112835303169, 67.10561313304434, 28.5239102641292, 75.49767289066095, 0.0, 4.920371843613124, 54.682738667328955, 76.01178507636071, 79.75376559196508, 18.281975294567903, 84.7092004412336, 66.78765071336437, 60.465581728804615, 98.81260027365666, 96.92962592677752, 56.76896806736067, 84.39575387946297, 56.53081289780831, 30.588376841045577, 79.9591143534726, 48.26928329728725, 91.4295772750839, 89.17654315187485, 70.8264855347353, 75.69765622294865, 78.84298223043835, 98.89147617439268, 30.00896761919108, 51.59716855033415, 51.896916179762705, 58.75645472630607, 23.26541174427129, 102.83174972335274, 75.10162999234664, 84.62389477340268, 30.859860796742577, 89.06434589044046, 82.61512474649733], [65.9470827535417, 65.00883422950372, 41.958020090008525, 52.32040063854009, 36.565212380024136, 48.51700552040371, 54.04615278133431, 42.207089565569504, 93.05470827115147, 58.73005052006521, 27.395523348260443, 71.85937138544537, 75.0266778096419, 77.36659846010588, 54.04625468822157, 83.26648478733388, 67.71576799951907, 45.01881636507508, 102.18956419351187, 14.54499972045504, 105.25259194574222, 76.05066400837869, 87.46400290103652, 51.88780752875278, 55.727957903700975, 30.39799565282942, 71.8073849088461, 33.43967816969296, 80.39781673823178, 4.920371843613124, 0.0, 55.91291806484908, 77.95842535806554, 84.63271745240209, 16.18932156009723, 89.34775789387372, 71.24069596561787, 64.8110316885632, 103.32403975777389, 101.69684810466488, 60.06549170335306, 89.30431985776609, 59.73095420623327, 34.03022467928861, 84.45206211983304, 53.16212626125553, 95.71257789972674, 94.09654528574931, 75.71387836396275, 78.53767350947302, 82.8385485674914, 103.7831423048741, 34.87972544593992, 54.47699251585086, 55.352953994090676, 60.365152519280684, 26.760866418094935, 107.08388275537006, 79.3674145893053, 89.3938860926829, 35.38721927413196, 93.7673583756991, 86.5686388875465], [63.34269730815202, 28.327045437162813, 49.23057264656, 5.846106139310443, 66.54324697567158, 72.08387603925652, 78.9916443360033, 31.973024912304695, 90.3077087870979, 13.34871201047665, 71.49677210989603, 69.52798980170914, 22.59114388852