instance_id,num_cities,city_coordinates,distance_matrix,best_route,total_distance
1245,20,"[[19.203380543787596, 78.1580431796925], [21.66149138760993, 11.298155480642913], [60.510093177994115, 51.820544153507996], [76.4763777961587, 52.19175709564276], [32.60201819348608, 68.26826885224665], [87.22838592771018, 17.180070475815523], [41.36034419078115, 77.63348522366974], [14.801588988198422, 94.24893757476217], [60.47493242476456, 97.17956747951949], [2.3699088503156163, 61.29402762324138], [32.52528851460173, 54.43928996440346], [65.83927485446523, 79.80766605690316], [58.7614112870561, 68.25083609996747], [92.66756419325826, 68.11023490177995], [99.12131171523608, 74.3195885093071], [53.56251590933384, 58.59164457681041], [40.49645247490973, 38.63581105790822], [85.2844505925217, 95.0864822543815], [19.667845853155143, 77.87967357660534], [92.3227415509578, 6.555530259496878]]","[[0.0, 66.90505879266559, 48.988859586636494, 62.88437188418776, 16.65326175605622, 91.35488225900934, 22.16317213540112, 16.682105722364327, 45.44402470460866, 23.827731531623982, 27.203905713529913, 46.66506073920521, 40.77978112258487, 74.14812695188492, 80.01005847380054, 39.539779176859305, 44.89322603859226, 68.2149534067946, 0.5414957613211692, 102.33943917465868], [66.90505879266559, 0.0, 56.13624359380119, 68.38829157851819, 58.0111105251699, 65.83019507523173, 69.19841597809234, 83.23395047067937, 94.24489446153282, 53.588733779520226, 44.48797109963938, 81.51827765257966, 67.970669308696, 90.9366523654495, 99.85852385337233, 57.04690593209192, 33.197939267690735, 105.20629563639555, 66.61135920006454, 70.82022852713396], [48.988859586636494, 56.13624359380119, 0.0, 15.970599348698451, 32.39426333637517, 43.74733802272357, 32.14064114116125, 62.365342327107406, 45.359036953712135, 58.90694290750237, 28.107065333654283, 28.48998367455371, 16.523086327971107, 36.047981452113106, 44.68817733869745, 9.701372626925073, 23.966288844841205, 49.8568970660166, 48.44757365269239, 55.325998222597384], [62.88437188418776, 68.38829157851819, 15.970599348698451, 0.0, 46.72701211082145, 36.625453974332366, 43.36377919778723, 74.6497555545879, 47.748815033562444, 74.66337836167605, 44.008517959953515, 29.59368829241814, 23.9105427978072, 22.70578015858746, 31.661237424821717, 23.790830719840187, 38.44891024594356, 43.78972017300138, 62.34643818737494, 48.30913416828718], [16.65326175605622, 58.0111105251699, 32.39426333637517, 46.72701211082145, 0.0, 74.79334238543066, 12.822462788343964, 31.49365693535055, 40.159214833703544, 31.02612570170133, 13.82919175237781, 35.18341822783337, 26.159398902206654, 60.065753895046115, 66.79397338251901, 23.086349253704473, 30.66601779750617, 59.115609220927446, 16.11433879825066, 85.87797682151539], [91.35488225900934, 65.83019507523173, 43.74733802272357, 36.625453974332366, 74.79334238543066, 0.0, 75.8847323738889, 105.76034791372601, 84.3544118299684, 95.63996208227826, 66.1866927976221, 66.17937594728343, 58.468724516862025, 51.219784348044485, 58.36408317524834, 53.36955380754463, 51.42200315198767, 77.93066072348468, 90.82328111095178, 11.782754942045043], [22.16317213540112, 69.19841597809234, 32.14064114116125, 43.36377919778723, 12.822462788343964, 75.8847323738889, 0.0, 31.327954525345856, 27.338924904011527, 42.27566584591211, 24.819929543134492, 24.575294682527254, 19.76945220959786, 52.183552208296064, 57.85595285529917, 22.61602727866747, 39.007241625570686, 47.26451341699667, 21.69389528952853, 87.45994298297664], [16.682105722364327, 83.23395047067937, 62.365342327107406, 74.6497555545879, 31.49365693535055, 105.76034791372601, 31.327954525345856, 0.0, 45.767268788001516, 35.221765443592886, 43.57680079770849, 53.0414526727564, 51.07217693461741, 82.13611795100594, 86.6429142800337, 52.66737130071502, 61.26210778760664, 70.48783768157841, 17.077273193255753, 117.04555857109503], [45.44402470460866, 94.24489446153282, 45.359036953712135, 47.748815033562444, 40.159214833703544, 84.3544118299684, 27.338924904011527, 45.767268788001516, 0.0, 68.29323345225201, 51.06773851243107, 18.181285123450056, 28.979435017260972, 43.37501166221237, 44.901239078465736, 39.20215932864183, 61.85879951195062, 24.897654457317103, 45.140937286753015, 96.05726973110615], [23.827731531623982, 53.588733779520226, 58.90694290750237, 74.66337836167605, 31.02612570170133, 95.63996208227826, 42.27566584591211, 35.221765443592886, 68.29323345225201, 0.0, 30.924656038001967, 66.11441014651088, 56.818999738245616, 90.55455395559552, 97.62427563227676, 51.26388486672347, 44.351190589200826, 89.53631231136168, 23.964604654459528, 105.29869517002757], [27.203905713529913, 44.48797109963938, 28.107065333654283, 44.008517959953515, 13.82919175237781, 66.1866927976221, 24.819929543134492, 43.57680079770849, 51.06773851243107, 30.924656038001967, 0.0, 41.873335088372436, 29.649501594227715, 61.676478979334576, 69.50004731202652, 21.44311043866641, 17.69998306299057, 66.60122689727778, 26.735097076307195, 76.60672185332332], [46.66506073920521, 81.51827765257966, 28.48998367455371, 29.59368829241814, 35.18341822783337, 66.17937594728343, 24.575294682527254, 53.0414526727564, 18.181285123450056, 66.11441014651088, 41.873335088372436, 0.0, 13.55199141574343, 29.267507657380783, 33.731483406013105, 24.512004765841176, 48.34646098961085, 24.729680221956492, 46.21166531328538, 77.89255039569497], [40.77978112258487, 67.970669308696, 16.523086327971107, 23.9105427978072, 26.159398902206654, 58.468724516862025, 19.76945220959786, 51.07217693461741, 28.979435017260972, 56.818999738245616, 29.649501594227715, 13.55199141574343, 0.0, 33.90644442573849, 40.8136168254967, 10.969434535541525, 34.79451722112551, 37.73093582889496, 40.261909660201184, 70.23299546389781], [74.14812695188492, 90.9366523654495, 36.047981452113106, 22.70578015858746, 60.065753895046115, 51.219784348044485, 52.183552208296064, 82.13611795100594, 43.37501166221237, 90.55455395559552, 61.676478979334576, 29.267507657380783, 33.90644442573849, 0.0, 8.955832138933, 40.246842895594476, 59.9213364241536, 27.968344385574976, 73.65053163253855, 61.55567046384393], [80.01005847380054, 99.85852385337233, 44.68817733869745, 31.661237424821717, 66.79397338251901, 58.36408317524834, 57.85595285529917, 86.6429142800337, 44.901239078465736, 97.62427563227676, 69.50004731202652, 33.731483406013105, 40.8136168254967, 8.955832138933, 0.0, 48.19722082887824, 68.6309412302428, 24.95441046285195, 79.5331845406888, 68.10424470444032], [39.539779176859305, 57.04690593209192, 9.701372626925073, 23.790830719840187, 23.086349253704473, 53.36955380754463, 22.61602727866747, 52.66737130071502, 39.20215932864183, 51.26388486672347, 21.44311043866641, 24.512004765841176, 10.969434535541525, 40.246842895594476, 48.19722082887824, 0.0, 23.852825935442844, 48.35446532799943, 38.99841946687259, 64.88537805264085], [44.89322603859226, 33.197939267690735, 23.966288844841205, 38.44891024594356, 30.66601779750617, 51.42200315198767, 39.007241625570686, 61.26210778760664, 61.85879951195062, 44.351190589200826, 17.69998306299057, 48.34646098961085, 34.79451722112551, 59.9213364241536, 68.6309412302428, 23.852825935442844, 0.0, 72.05999621090436, 44.42872493320284, 60.95169116192773], [68.2149534067946, 105.20629563639555, 49.8568970660166, 43.78972017300138, 59.115609220927446, 77.93066072348468, 47.26451341699667, 70.48783768157841, 24.897654457317103, 89.53631231136168, 66.60122689727778, 24.729680221956492, 37.73093582889496, 27.968344385574976, 24.95441046285195, 48.35446532799943, 72.05999621090436, 0.0, 67.83519059010489, 88.81028657051033], [0.5414957613211692, 66.61135920006454, 48.44757365269239, 62.34643818737494, 16.11433879825066, 90.82328111095178, 21.69389528952853, 17.077273193255753, 45.140937286753015, 23.964604654459528, 26.735097076307195, 46.21166531328538, 40.261909660201184, 73.65053163253855, 79.5331845406888, 38.99841946687259, 44.42872493320284, 67.83519059010489, 0.0, 101.81290335108812], [102.33943917465868, 70.82022852713396, 55.325998222597384, 48.30913416828718, 85.87797682151539, 11.782754942045043, 87.45994298297664, 117.04555857109503, 96.05726973110615, 105.29869517002757, 76.60672185332332, 77.89255039569497, 70.23299546389781, 61.55567046384393, 68.10424470444032, 64.88537805264085, 60.95169116192773, 88.81028657051033, 101.81290335108812, 0.0]]",Route_0,939.645120607749
