instance_id,num_cities,city_coordinates,distance_matrix,best_route,total_distance
65,70,"[[39.34569800892874, 6.432996250589995], [46.9940932644895, 73.63667861571099], [20.848636924118424, 40.06596811151222], [23.370618376491635, 86.37013524184219], [3.0152182982375653, 94.22759412349316], [9.547565004619718, 32.013260884860195], [89.53976844457937, 48.4558138051343], [89.68690406032617, 94.55938352356134], [35.68701087696218, 85.1251580353443], [8.508450220598274, 0.544494666780948], [31.193884688921415, 20.881646356148376], [20.42329630829499, 58.876345802539035], [47.83818731053764, 18.277898832455364], [36.53469366749508, 19.071882693709384], [5.174478701088248, 35.20846175112068], [66.55000705041732, 44.933206119283945], [2.3621250606920663, 36.72764800675561], [15.356786295872482, 80.12497674373384], [43.76123180245505, 29.709154574294438], [66.69867036551965, 23.874594760652823], [79.72628486198002, 4.038067049534444], [54.21012201823744, 50.34101605725931], [0.1196649988165599, 0.8455233217780078], [13.607356869099018, 59.2863581449916], [19.035932895969985, 95.86189534397431], [7.341519161162314, 97.92953785527995], [62.078592023527776, 58.541522735501296], [44.10798310755154, 94.10852962313876], [79.54458018920796, 64.72750329848222], [8.171867453483351, 86.5619033772312], [18.41790439834575, 58.567587738133554], [41.83947362672322, 30.042149360356774], [71.62594957354449, 62.27980474329201], [62.98659479811484, 90.6182276056806], [71.42639606416459, 78.24831779862262], [10.465429296669559, 88.63448047125519], [40.45522321160034, 79.83807239616601], [22.274222958952684, 6.87923455250683], [24.27133702894031, 60.248807489425495], [73.0106454471481, 47.816419135619235], [92.5406347392674, 73.31913420665582], [75.84441309711183, 39.2664284454914], [55.659355893909876, 41.31502316207503], [49.866312889414324, 54.36775729335821], [96.83177569139875, 58.191036546990624], [91.9485314305032, 76.41769567341022], [30.464215347156077, 64.82755598053214], [76.30954093033844, 90.25395026094141], [26.608968983884097, 46.54141979878088], [71.93294922251229, 92.8901829094517], [3.636731555674777, 48.308042456030556], [48.844854080866774, 92.68226780642273], [65.17921714699816, 8.46298421686379], [10.646806739660208, 68.62124837737109], [90.13737264247865, 55.25987082051416], [38.19851028372136, 92.89579598448745], [61.043964612769045, 74.80011221111307], [35.43264939522119, 97.61459058513014], [1.8467414796984771, 7.663349240654371], [18.81542371362531, 89.14758999006507], [4.662848847267842, 79.10151043145149], [59.96310543772763, 80.3301819782362], [86.73507801699489, 42.43747624851715], [18.99424759724344, 90.18366590751022], [23.514893067496125, 25.03979497965202], [13.523582298327197, 85.14877039513993], [51.1486913978142, 17.82542755934934], [65.89051937300636, 13.419173685093211], [94.30397055846474, 68.96516849921255], [97.54790896106199, 56.57133355731824]]","[[0.0, 67.63751084581217, 38.38382556458893, 81.51778554014749, 95.01471029095293, 39.271855944197306, 65.46267564132688, 101.49136495532504, 78.77716876029224, 31.394431067649787, 16.58962176413619, 55.75268781276882, 14.574775871752625, 12.947710065089733, 44.67325423289379, 47.14170754606049, 47.80743240381031, 77.4982314261345, 23.691274448453136, 32.44062969990952, 40.45154484658016, 46.355855126093594, 39.621982780277634, 58.78724409402805, 91.7061314852953, 96.9323712148763, 56.85141161578748, 87.80477499271596, 70.81101383613094, 85.97935489877504, 56.178182375190886, 23.740493410885897, 64.50488865113567, 87.44166729487196, 78.65501634834573, 87.12722840176065, 73.41346095991645, 17.07730625725418, 55.88718903513551, 53.34713090410049, 85.46026412563093, 49.09369076353449, 38.508326827347005, 49.07570329287991, 77.35337007938831, 87.54950735030097, 59.06610991359723, 91.60937732963858, 42.082180382894705, 92.39466470864244, 55.03316981482531, 86.77079468341186, 25.913154231011998, 68.49091226337544, 70.45465131804644, 86.47040983770647, 71.72780017797103, 91.26551974783183, 37.51913524138398, 85.22438723820082, 80.52088536041187, 76.71943396266248, 59.515341866362796, 86.18791215618269, 24.430050021183167, 82.84295237947215, 16.404211168565038, 27.448756190347737, 83.25073145480755, 76.82024620892514], [67.63751084581217, 0.0, 42.55088120125095, 26.836718939420116, 48.56055235214943, 55.98885051788553, 49.43895659435234, 47.544039314198926, 16.11940667312754, 82.6051576775085, 55.07031886360335, 30.395306802908177, 55.36521465549976, 55.558221659258415, 56.79443646717014, 34.73216229024311, 57.91622506895275, 32.2957768883891, 44.04632517749848, 53.521354133918194, 76.91139771655662, 24.387680599273164, 86.57808218168837, 36.340141231806456, 35.715808682012664, 46.50236169328784, 21.340239779797617, 20.674291173056016, 33.74770516449061, 40.91731481972598, 32.30597576285548, 43.89821277234394, 27.123918031581738, 23.326660956976816, 24.86372128319446, 39.48768607771379, 9.01188694940393, 71.18727643177813, 26.373447712315098, 36.65442384068076, 45.547648399949104, 44.87376796312163, 33.46305705849937, 19.481811376276717, 52.17626326789303, 45.040377070992236, 18.730656837483505, 33.69761399239577, 33.907319892497505, 31.50625277756942, 50.21355020368968, 19.1353020154058, 67.66320397539947, 36.69168540955419, 46.894025421463134, 21.17252658035609, 14.097959520232589, 26.619677810887495, 79.94225141944266, 32.16559947086122, 42.68253320369925, 14.594460045295783, 50.524608830232225, 32.523747413614, 53.97156604201096, 35.39496237424171, 55.96567189023692, 63.11277857727082, 47.53995683989986, 53.35648304981344], [38.38382556458893, 42.55088120125095, 0.0, 46.372796811057725, 57.02203567172611, 13.876610544648715, 69.20159723824337, 87.79657935014355, 47.43951873866769, 41.403225370982085, 21.795925135870874, 18.815185981503035, 34.686536191583656, 26.206945619175727, 16.409588783446974, 45.9598219888335, 18.78551308850588, 40.43370618579716, 25.144593667495908, 48.624953856682794, 69.02598845091924, 34.90795465180575, 44.36139725690053, 20.539219310243887, 55.82536512754637, 59.419146188364536, 45.18025360888665, 58.83532645969361, 63.66635747046292, 48.19307502583286, 18.66061063899113, 23.261387917135043, 55.423731539846415, 65.81138528975387, 63.37193027877014, 49.66599836380235, 44.342288000032774, 33.21733854268173, 20.471000985838344, 52.73466245491386, 79.02857461753017, 55.00158780024018, 34.833120642760896, 32.350683025693264, 78.11501445124716, 79.85388591392092, 26.563049188765618, 74.79803089265502, 8.666769870771622, 73.48472380038373, 19.08353939689455, 59.600865502712715, 54.44216136362134, 30.322951211487837, 70.93506591932784, 55.60583439426524, 53.12367771841328, 59.367814246174525, 37.563303105168224, 49.12371690119307, 42.25817435574433, 56.135092102956534, 65.9291071585909, 50.15199290304036, 15.260891219412343, 45.67401325716291, 37.586366479899766, 52.333763745246465, 78.93573222807012, 78.45511722951335], [81.51778554014749, 26.836718939420116, 46.372796811057725, 0.0, 21.819302748314886, 56.08695565265017, 76.26173477399476, 66.82000848787433, 12.37915556370249, 87.10295415434341, 65.95411793305131, 27.651313985169253, 72.35478276364402, 68.5736660409772, 54.301163279049426, 59.845456814714495, 53.90485442226636, 10.159897109855772, 60.21830158760125, 76.04612198659372, 99.77239396670008, 47.425440578724526, 88.6288106489555, 28.789794321836045, 10.43470210650368, 19.76238372348899, 47.67325138783506, 22.134160105806806, 60.19898257588959, 15.199960678810841, 28.240237666232503, 59.278500383518704, 53.93441399020332, 39.84309070052557, 48.737272058949216, 13.102334315072424, 18.290750870089585, 79.49846146507099, 26.136852481506715, 62.85317265798713, 70.39048083119694, 70.51424201066314, 55.43036798533014, 41.547250475569804, 78.68038661127508, 69.29632899517016, 22.68042855000861, 53.08119761520807, 39.96014875473751, 48.99807137823151, 42.873642209317175, 26.244612823109037, 88.41653189297799, 21.838460740110822, 73.65899827977329, 16.200327976327834, 39.40997906076632, 16.49031134527153, 81.59678571674917, 5.335171346361021, 20.070215429655494, 37.0876144386946, 77.10469033565175, 5.804794340495437, 61.33050995925674, 9.922492207778856, 73.95943680191408, 84.43805287195863, 73.03747886588003, 79.93897059820934], [95.01471029095293, 48.56055235214943, 57.02203567172611, 21.819302748314886, 0.0, 62.55633312319427, 97.88541082070873, 86.67232082417217, 33.916078385421265, 93.84401270602763, 78.57267523412656, 39.404973516727644, 88.18987904447484, 82.29177473810607, 59.05861826588008, 80.41521044238853, 57.503654963877295, 18.74028061689942, 76.30771034665817, 94.8953454419848, 118.40075391301887, 67.4310751898833, 93.42695208624934, 36.511414259237654, 16.10385782044982, 5.69396755785093, 69.00708519363901, 41.09293730105987, 82.01828204810808, 9.238714473757877, 38.84428908478509, 75.01395950923454, 75.68417068591076, 60.07989285900848, 70.25259080765517, 9.316038012374566, 40.110002536198486, 89.44632569459611, 40.079677202008845, 83.98426629740534, 91.93456306000377, 91.24045894085108, 74.64010576720258, 61.51285765200943, 100.49965135794695, 90.6990995957726, 40.22200494504346, 73.40195893601812, 53.20372442924739, 68.93070654292016, 45.92375751253307, 45.85568175695001, 105.92417601900436, 26.719395288988103, 95.43978854230188, 35.208489334518, 61.194464229145, 32.59388875170961, 86.57213079398903, 16.596774781989865, 15.215554353514266, 58.6191087785138, 98.44405122114954, 16.482801119788807, 72.16084960706797, 13.887071478497163, 90.30017878344896, 102.38800857030103, 94.71972570511086, 101.75668805430388], [39.271855944197306, 55.98885051788553, 13.876610544648715, 56.08695565265017, 62.55633312319427, 0.0, 81.66461998758034, 101.65791224209222, 59.195812769457966, 31.48591759537107, 24.3408298521397, 28.98114667648895, 40.679625456548905, 29.929657247502558, 5.416012591740007, 58.44829667359882, 8.593950961163575, 48.46116233537675, 34.29116360877374, 57.72769465563305, 75.54908464661835, 48.27681232904733, 32.5624502045007, 27.57360593291127, 64.54980439579333, 65.95318193919475, 58.84944754606816, 71.06507510112469, 77.26450537891706, 54.56598703874701, 27.996699726759985, 32.35201142278966, 69.06366271652333, 79.31123520421635, 77.24422451623516, 56.62865866599155, 56.9429181894594, 28.17245289927767, 31.843924925843307, 65.40108859914612, 92.70396321008245, 66.69243215434243, 47.04062117446409, 46.10124662821148, 91.12524004813848, 93.60380920032138, 38.91380505910166, 88.59536854998362, 22.408902408904176, 87.16613906329839, 17.333720273308888, 72.28419833954534, 60.41106066963048, 36.62448744547682, 83.87563393863293, 67.28714398414769, 66.95217561078258, 70.52355671938335, 25.5386154683963, 57.88112617556739, 47.34093046508433, 69.83016240211576, 77.88823037522094, 58.93246840668501, 15.611389430384333, 53.28406032235991, 43.95393419996689, 59.33185135954075, 92.46129870787823, 91.36279040089504], [65.46267564132688, 49.43895659435234, 69.20159723824337, 76.26173477399476, 97.88541082070873, 81.66461998758034, 0.0, 46.10380450322168, 65.15182502363373, 94.13590725484741, 64.5335328471444, 69.89759801076652, 51.47551283063923, 60.604895509234744, 85.39903073188938, 23.25807158534249, 87.96301142504439, 80.66009373728083, 49.4682893317684, 33.55520959806397, 45.48890729475207, 35.37990819860549, 101.30495871456878, 76.700924494857, 84.95956328708678, 95.93853009426782, 29.254704494426267, 64.4066578892994, 19.096378379898205, 89.84881398312098, 71.83709012399528, 51.13101958689322, 22.627585642363876, 49.82710274727797, 34.866711247170855, 88.69654089504233, 58.25923733626066, 79.07759197034851, 66.32528054592541, 16.541485199570676, 25.04375969991948, 16.492651738923822, 34.62474903319251, 40.111521430825945, 12.163384871047326, 28.065440968168925, 61.3021607745125, 43.842024716667105, 62.959911254494365, 47.79553578334767, 85.90316398776078, 60.10037677584046, 46.828013816502306, 81.42938141764927, 6.830250555132422, 67.90314282594801, 38.80763964123909, 73.10380062846853, 96.71655568467932, 81.59505859246214, 90.23995900952501, 43.48280511944145, 6.639779765923901, 81.96269976458599, 70.05422261501953, 84.40872952211576, 49.113087444963504, 42.271185606161666, 21.055432832156633, 11.40140234268655], [101.49136495532504, 47.544039314198926, 87.79657935014355, 66.82000848787433, 86.67232082417217, 101.65791224209222, 46.10380450322168, 0.0, 54.81781712524902, 124.21248204009774, 94.0736002781541, 77.91486725797031, 87.00678134653336, 92.32291292621069, 103.27091534086028, 54.75466634916098, 104.73837243446505, 75.71868003315353, 79.46520979088727, 74.32898661265358, 91.06768181416167, 56.690970052088424, 129.6324724250101, 83.85871344219026, 70.66297661087455, 82.41432129436635, 45.38177155278648, 45.58115075838701, 31.508852903114718, 81.906415387965, 79.84159114571365, 80.32340943441235, 36.98877239386586, 26.989613273753566, 24.484628185070555, 79.44272490233394, 51.38555634125577, 110.59962973202845, 73.86753033526946, 49.628644159457146, 21.431098194731778, 56.99934593775731, 63.188890989806076, 56.57778981393012, 37.06353804526419, 18.282116847177583, 66.2669482280984, 14.053134877685801, 79.27515836491386, 17.83225008441949, 97.69247022480967, 40.88516368978102, 89.51657216080172, 83.18728171615165, 39.30209435437853, 51.515261983172316, 34.797223782873324, 54.34021015284286, 123.55895328258187, 71.07780410073174, 86.41779796665132, 32.95412540448122, 52.20542591511339, 70.82795057364608, 95.9776444290527, 76.74249944636026, 85.86788592447485, 84.55768195035593, 26.00732869329018, 38.792877416958575], [78.77716876029224, 16.11940667312754, 47.43951873866769, 12.37915556370249, 33.916078385421265, 59.195812769457966, 65.15182502363373, 54.81781712524902, 0.0, 88.8400966637131, 64.4004423573056, 30.364142109844142, 67.94267548204222, 66.05871440976732, 58.503770713648585, 50.674624138967374, 58.761101007680104, 20.936089521840387, 56.00112930244136, 68.6538748047131, 92.27444921357414, 39.408656149424964, 91.47728089677683, 33.98756685731767, 19.81251942493964, 31.10336064131421, 37.45938095018143, 12.31315306461956, 48.36890224868325, 27.55262881817348, 31.678487632162653, 55.425541427900804, 42.585413954491344, 27.846742997568164, 36.394980219813526, 25.4645542150367, 7.119629444304023, 79.3871993549058, 27.370612449995434, 52.7730584277303, 58.06648555681704, 60.95605000872456, 48.14792293640547, 33.86842638746973, 66.81413895697644, 56.93134985033305, 20.95877482873647, 40.94501749457195, 39.63730188749137, 37.0683646502638, 48.81311713210999, 15.173620064792301, 82.13938839101048, 29.989845902176558, 62.10295706985228, 8.16642170150522, 27.378489257669507, 12.492022461516935, 84.53103367772385, 17.34446344631139, 31.603527652789193, 24.74511189126988, 66.54429603705115, 17.442386528382254, 61.30588312308919, 22.163441156638758, 69.05300345872335, 77.80745540826449, 60.80372705772883, 68.13289663659769], [31.394431067649787, 82.6051576775085, 41.403225370982085, 87.10295415434341, 93.84401270602763, 31.48591759537107, 94.13590725484741, 124.21248204009774, 88.8400966637131, 0.0, 30.466845518578456, 59.5362781354171, 43.1428075450232, 33.5966431186971, 34.823928269468574, 73.06969292150258, 36.701469978672726, 79.87460694488658, 45.752988938199714, 62.692864752733165, 71.30347129699038, 67.58946920705544, 8.394184638683653, 58.962745644202016, 95.89700080470126, 97.39203440180972, 78.95198134049525, 100.107718878635, 95.737089771594, 86.01806722555304, 58.86320252643177, 44.50919852930498, 88.28967796301067, 105.26702048674605, 99.98275870608131, 88.11172093505299, 85.48723748995899, 15.15339659956895, 61.75008963683212, 79.96979449786961, 111.1645455850847, 77.67573657243328, 62.33332896291609, 67.87795226951206, 105.47100840026002, 112.7784987633188, 67.92913656274506, 112.44898543086578, 49.430212432265236, 112.02853748334095, 48.01135428381598, 100.5802898957384, 57.22130984852679, 68.11032935153789, 98.27030763868547, 97.00650762513655, 90.9608542689662, 100.73487987183128, 9.749689933148609, 89.20057288747049, 78.65108629747752, 94.93859827949309, 88.73796933784129, 90.25039039998023, 28.72652196725098, 84.75278769030113, 46.00892097505214, 58.80866619841257, 109.73723122864568, 105.19996144895188], [16.58962176413619, 55.07031886360335, 21.795925135870874, 65.95411793305131, 78.57267523412656, 24.3408298521397, 64.5335328471444, 94.0736002781541, 64.4004423573056, 30.466845518578456, 0.0, 39.491806239857446, 16.846729977270908, 5.639103214119922, 29.702981791754574, 42.76134838239731, 32.89933329979565, 61.323616013112925, 15.357835616175818, 35.63071071552181, 51.372171751018, 37.384510749588976, 36.97368463647256, 42.239884568278605, 75.9595519344085, 80.65552011940522, 48.704531986791864, 74.35691205909174, 65.27058239642905, 69.59819997632343, 39.79266075838107, 14.044336193738713, 57.86673818940723, 76.64181091584291, 70.06846625942272, 70.85277265977497, 59.67941489863758, 16.60204510582443, 39.97117763836981, 49.74056156691932, 80.7038652965999, 48.287367909249795, 31.87604380996959, 38.340307779172655, 75.50048563860773, 82.3126957064567, 43.95196685090233, 82.75227481557636, 26.066173964537374, 82.73391514742006, 38.8793504554389, 73.93839301148618, 36.18322804305476, 51.97357033529395, 68.2363326201919, 72.35400836454146, 61.62976741488714, 76.84993075002345, 32.18661512455321, 69.37914208424618, 63.980062799108566, 66.04389790210891, 59.577495404348554, 70.36761370876508, 8.73253183773555, 66.65210288369127, 20.187490783234555, 35.49006842437883, 79.3404565158512, 75.34328310888216], [55.75268781276882, 30.395306802908177, 18.815185981503035, 27.651313985169253, 39.404973516727644, 28.98114667648895, 69.89759801076652, 77.91486725797031, 30.364142109844142, 59.5362781354171, 39.491806239857446, 0.0, 48.9878571183466, 42.941499836966806, 28.15484281414552, 48.188012908960935, 28.579200844043562, 21.844309112010816, 37.354842755318415, 58.02183054794327, 80.77178509845336, 34.848263162095826, 61.48019032293924, 6.828260434382285, 37.011561060293324, 41.18597701688657, 41.656641338563425, 42.45316437613817, 59.410119102471356, 30.275197888801756, 2.029021501814428, 35.91745446716284, 51.315643172065535, 53.09596442987085, 54.55812940088977, 31.380020624318657, 28.99434560815845, 52.03004428034192, 4.0854704098445955, 53.73780110247606, 73.54933473018978, 58.788170960405914, 39.36978470862491, 29.786214860924936, 76.41155259784956, 73.64481118571408, 11.67205884699061, 64.09232715000161, 13.799019746623992, 61.72669971802091, 19.83627464565193, 44.165883991518875, 67.41364458689577, 13.803726832945989, 69.80781711544917, 38.383345640450145, 43.630322370307255, 41.54434123829584, 54.47806353154876, 30.313915598970695, 25.640768093768337, 44.985148578676686, 68.31902242857704, 31.33991819347477, 33.977494641472894, 27.163327251889566, 51.27599625571497, 64.29325680140425, 74.5663353737101, 77.15904974978609], [14.574775871752625, 55.36521465549976, 34.686536191583656, 72.35478276364402, 88.18987904447484, 40.679625456548905, 51.47551283063923, 87.00678134653336, 67.94267548204222, 43.1428075450232, 16.846729977270908, 48.9878571183466, 0.0, 11.331344973578181, 45.90028314787275, 32.56743165392395, 49.07611926738322, 69.85773012372532, 12.136522321085797, 19.673353206303325, 34.923109464310166, 32.69013670957509, 50.80300274156525, 53.4176327433036, 82.75775718360705, 89.3552669417029, 42.70771050051364, 75.92232207663908, 56.239319914335184, 78.96912186211208, 49.88799533705216, 13.205383612133765, 50.02024947226327, 73.90938652450042, 64.44264692874057, 79.66662802868116, 62.00131553507858, 27.990102192312214, 48.13474426738917, 38.809494074772864, 70.90730849240073, 34.99810077884032, 24.328579395186296, 36.14680037142561, 63.193593541218284, 72.97916439018252, 49.686270562277706, 77.40264825043012, 35.34835679596217, 78.40631662551904, 53.43761050890705, 74.41117859838508, 19.92595956786942, 62.59114659573993, 56.18618452850718, 75.23798208732454, 58.044406788067384, 80.30073492333236, 47.20044229292577, 76.58220375242047, 74.58968815703308, 63.22578179188626, 45.789226762992655, 77.47523602310736, 25.24571017695976, 75.16119730750086, 3.34128232342928, 18.69475602812846, 68.76240483806471, 62.74905234025406], [12.947710065089733, 55.558221659258415, 26.206945619175727, 68.5736660409772, 82.29177473810607, 29.929657247502558, 60.604895509234744, 92.32291292621069, 66.05871440976732, 33.5966431186971, 5.639103214119922, 42.941499836966806, 11.331344973578181, 0.0, 35.268289814156454, 39.61978150870096, 38.46414556409677, 64.62185430426891, 12.859798072968186, 30.543927930718624, 45.733239145445935, 35.919068316003106, 40.72167099832065, 46.291109389264655, 78.75857205007537, 84.08787793337618, 47.01428749063367, 75.4178566080654, 62.723887247344436, 73.20760071678646, 43.45260372381518, 12.185542300332118, 55.66256164520868, 76.27963387226522, 68.69702590260921, 74.28702143979534, 60.892531256806436, 18.762241164753362, 42.96427645936151, 46.44075186182773, 77.97069790660915, 44.1935936506187, 29.334450790323356, 37.7297075900726, 71.87521338259842, 79.74481601914829, 46.15660673151972, 81.54094197351723, 29.207798261110746, 81.86683054253272, 44.011691046342804, 74.63262588067576, 30.545989135397463, 55.904582363537926, 64.67470663219825, 73.8426601585882, 60.87971688019972, 78.55043898346527, 36.515868639980866, 72.28123740489387, 67.96595249517615, 65.58559071402978, 55.37173964222165, 73.24310861910499, 14.32240149962422, 69.9690384009364, 14.667057648476906, 29.895110335779783, 76.33236090266792, 71.61578914967957], [44.67325423289379, 56.79443646717014, 16.409588783446974, 54.301163279049426, 59.05861826588008, 5.416012591740007, 85.39903073188938, 103.27091534086028, 58.503770713648585, 34.823928269468574, 29.702981791754574, 28.15484281414552, 45.90028314787275, 35.268289814156454, 0.0, 62.141179045665204, 3.196444881107717, 46.05619075690524, 38.97665832688756, 62.55943334877089, 80.80572571113916, 51.317526395520204, 34.73273209903691, 25.511929149919162, 62.21719150684568, 62.75850103387856, 61.50211254838215, 70.60478567842574, 80.01428503228709, 51.440842782552906, 26.852133827238397, 37.02718780323181, 71.75413292983676, 80.07798024221911, 79.00471987719206, 53.6873694130104, 56.89053594003464, 33.089973819195606, 31.491410141305085, 68.99787031647112, 95.31667522475043, 70.78634558465988, 50.85285554853373, 48.62549381540135, 94.49475559954499, 96.0621527322247, 38.946906457358345, 89.94555510776563, 24.246098898447475, 88.2262678693103, 13.189529215543457, 72.18268537740363, 65.69542757679181, 33.857948613185044, 87.29692063620634, 66.4711606106206, 68.47553024388868, 69.35475333243045, 27.7453970638171, 55.637262118227454, 43.89603043056639, 70.9772023676679, 81.88033958999829, 56.68561620358244, 20.970755423701632, 50.63340753235291, 49.15076917807176, 64.50744661896285, 95.307825330509, 94.8115125383108], [47.14170754606049, 34.73216229024311, 45.9598219888335, 59.845456814714495, 80.41521044238853, 58.44829667359882, 23.25807158534249, 54.75466634916098, 50.674624138967374, 73.06969292150258, 42.76134838239731, 48.188012908960935, 32.56743165392395, 39.61978150870096, 62.141179045665204, 0.0, 64.71024167985293, 62.122512593322035, 27.40620409226048, 21.059136096600092, 42.9654127933345, 13.47283084331879, 79.72900425532842, 54.85378000917092, 69.65140794628212, 79.46229430115767, 14.324099743785327, 54.054203170160015, 23.678537367789335, 71.70045758705405, 50.025949944383655, 28.85054650229513, 18.074005541675845, 45.82378307268382, 33.670102999845476, 71.10050099543912, 43.5808149694519, 58.38193050010486, 44.96725012844371, 7.074797932865447, 38.4873179247641, 10.885694877453851, 11.47595444939435, 19.16654394287378, 33.05685374738121, 40.45192360283628, 41.20642570343737, 46.35966297447499, 39.97340207026639, 48.25813599053331, 63.003728094273896, 50.92588078450258, 36.49597444336954, 60.71483468647145, 25.74886054615219, 55.71550408539524, 30.370192340901035, 61.18511433902608, 74.66963778717894, 65.0653685719979, 70.69295134615996, 36.004627102839194, 20.338774729899793, 65.64414953530908, 47.41064060201519, 66.55143373372643, 31.177430655613176, 31.520932160389584, 36.71263687392029, 33.11066192521489], [47.80743240381031, 57.91622506895275, 18.78551308850588, 53.90485442226636, 57.503654963877295, 8.593950961163575, 87.96301142504439, 104.73837243446505, 58.761101007680104, 36.701469978672726, 32.89933329979565, 28.579200844043562, 49.07611926738322, 38.46414556409677, 3.196444881107717, 64.71024167985293, 0.0, 45.30109669889303, 41.989823637131245, 65.60786568321885, 83.98703426671247, 53.605396912886576, 35.952127879130956, 25.206162768770636, 61.4400120106363, 61.404117831288026, 63.575951091626294, 70.95972265406567, 82.10434383163293, 50.17176611402445, 27.10666002313173, 40.03944232822084, 73.82675734471708, 81.11424597721266, 80.5843629323106, 52.53553841009377, 57.52906063694942, 35.88062748121463, 32.14433873139753, 71.5134552230824, 97.31957906899513, 73.5261318252461, 53.49428778201412, 50.67367479184638, 96.87720029974479, 97.98481560955376, 39.74081411601032, 91.28683008410843, 26.157590810729975, 89.41101666602088, 11.650328635615827, 72.74313420583617, 68.88307685734632, 32.9520514554459, 89.71029690321355, 66.62662645745868, 69.95048837433364, 69.28837821960448, 29.068867934626414, 54.94143567560048, 42.436276306117726, 72.24301979520065, 84.56593480306894, 55.98368824824475, 24.16703338709259, 49.69087663765303, 52.32038792678014, 67.66935686929854, 97.4297730729056, 97.23222363474741], [77.4982314261345, 32.2957768883891, 40.43370618579716, 10.159897109855772, 18.74028061689942, 48.46116233537675, 80.66009373728083, 75.71868003315353, 20.936089521840387, 79.87460694488658, 61.323616013112925, 21.844309112010816, 69.85773012372532, 64.62185430426891, 46.05619075690524, 62.122512593322035, 45.30109669889303, 0.0, 57.866809567808005, 76.15835169607871, 99.66268194497565, 48.95575564658625, 80.73042549315134, 20.91192311632545, 16.161272435535622, 19.525544899324704, 51.466227930345276, 31.971410185273623, 66.00874997597322, 9.646609935969531, 21.77364151390542, 56.653528813099946, 59.03108418193473, 48.771989621216235, 56.10100701738627, 9.81514273876601, 25.100076687480943, 73.57166356098942, 21.78373978448954, 66.08941193377338, 77.4833269366543, 72.99434200734889, 55.95095721446738, 43.06206891830884, 84.37577631972002, 76.68141466941391, 21.499895221744733, 61.788626801715736, 35.418454403309106, 57.998385321963696, 33.90688706710275, 35.76501422906831, 87.27952674502984, 12.430594263630221, 78.80615196109474, 26.169413039215716, 45.99643948014526, 26.625680676838147, 73.71030302020249, 9.662800969716377, 10.742801377994734, 44.60679114858297, 80.71683977090909, 10.69618401171388, 55.6860122120371, 5.347816334591549, 71.84910785391803, 83.68585507963196, 79.73204639946337, 85.49944299419272], [23.691274448453136, 44.04632517749848, 25.144593667495908, 60.21830158760125, 76.30771034665817, 34.29116360877374, 49.4682893317684, 79.46520979088727, 56.00112930244136, 45.752988938199714, 15.357835616175818, 37.354842755318415, 12.136522321085797, 12.859798072968186, 38.97665832688756, 27.40620409226048, 41.989823637131245, 57.866809567808005, 0.0, 23.667872233331927, 44.1869865037019, 23.126889436189263, 52.32299267203363, 42.238219003160374, 70.62241511981516, 77.33315048463308, 34.158910100468844, 64.40030856408453, 50.0672824221223, 67.0733769927658, 38.4069447962689, 1.9503948352928024, 42.86361800984244, 63.87119663711976, 55.869595310377406, 67.68164076444442, 50.23781538636766, 31.351184941592997, 36.228806196993986, 34.40059924553879, 65.431341682766, 33.47643956329404, 16.62111736835072, 25.40312388536038, 60.230392904038865, 67.10963907704375, 37.55146819955419, 68.7391061319689, 24.031755499438386, 69.1772217126671, 44.22549208874064, 63.177972471550675, 30.16835844185142, 51.09516798464304, 52.94889554946865, 63.43102965737906, 48.28961911216609, 68.4142786612253, 47.358653188463954, 64.46100329563185, 62.99435186451647, 53.150626757583616, 44.81921051416912, 65.34959852678855, 20.77780429195485, 63.14955621298874, 13.992766954351803, 27.478516076213023, 63.99689891105357, 60.12140466988621], [32.44062969990952, 53.521354133918194, 48.624953856682794, 76.04612198659372, 94.8953454419848, 57.72769465563305, 33.55520959806397, 74.32898661265358, 68.6538748047131, 62.692864752733165, 35.63071071552181, 58.02183054794327, 19.673353206303325, 30.543927930718624, 62.55943334877089, 21.059136096600092, 65.60786568321885, 76.15835169607871, 23.667872233331927, 0.0, 23.73197360318673, 29.264915787882774, 70.44928734172034, 63.81755679093028, 86.33601790889298, 94.90735480375271, 34.973433047092676, 73.777671127891, 42.824963925245584, 85.76179406177603, 59.45280585567467, 25.612855995349605, 38.719997859044916, 66.84678025432486, 54.57887088692359, 85.76724432064778, 61.81123965413685, 47.564417330431645, 55.88525714078109, 24.759886587640793, 55.7904078110332, 17.903998276759374, 20.640615466313676, 34.83046395684942, 45.668613001224756, 58.29522225130614, 54.68163094819641, 67.07151160997785, 46.05398043793631, 69.21379257544977, 67.6298860914269, 71.08624779730398, 15.48633196198198, 71.7222031579239, 39.17152432292657, 74.67385983775847, 51.23850139052978, 80.09463809462575, 66.84741701458087, 80.95288269200192, 83.05694050441481, 56.855968578317835, 27.313699872199514, 81.68601390699283, 43.199494363657166, 81.13023228513306, 16.68515117478435, 10.486607549343892, 52.86976866617733, 44.95277799938581], [40.45154484658016, 76.91139771655662, 69.02598845091924, 99.77239396670008, 118.40075391301887, 75.54908464661835, 45.48890729475207, 91.06768181416167, 92.27444921357414, 71.30347129699038, 51.372171751018, 80.77178509845336, 34.923109464310166, 45.733239145445935, 80.80572571113916, 42.9654127933345, 83.98703426671247, 99.66268194497565, 44.1869865037019, 23.73197360318673, 0.0, 52.86811565660685, 79.67061102747893, 86.16313775563279, 110.06786208700954, 118.55447100648897, 57.28933359913093, 96.85737787124211, 60.6897082609828, 109.225538281621, 82.04990031439459, 45.95239669923652, 58.802342141903964, 88.18356664006232, 74.67295005755862, 109.33260848190484, 85.36894689345357, 57.52227090170581, 78.96137397465903, 44.290449581408055, 70.45618375421064, 35.44159103430645, 44.37103252089601, 58.52089922618806, 56.790332996978876, 73.40431833967232, 78.24393559487686, 86.28355959867079, 68.02928958191681, 89.19324286723494, 88.03096526134902, 93.8693618542078, 15.205165932734626, 94.56723326859198, 52.26914893439533, 98.08288358781185, 73.18672096318683, 103.5301497143224, 77.96387591954317, 104.66023075169888, 106.15573445973163, 78.81034234952561, 39.03380340577512, 105.40134986291508, 60.006609165354874, 104.69834776132001, 31.729641630985, 16.716266579999235, 66.54350023046796, 55.47390715919348], [46.355855126093594, 24.387680599273164, 34.90795465180575, 47.425440578724526, 67.4310751898833, 48.27681232904733, 35.37990819860549, 56.690970052088424, 39.408656149424964, 67.58946920705544, 37.384510749588976, 34.848263162095826, 32.69013670957509, 35.919068316003106, 51.317526395520204, 13.47283084331879, 53.605396912886576, 48.95575564658625, 23.126889436189263, 29.264915787882774, 52.86811565660685, 0.0, 73.31835610335177, 41.576479923421175, 57.52715907677623, 66.79321328319904, 11.364907830864492, 44.918241888015125, 29.134271673726882, 58.57878081366325, 36.72545879591223, 23.771346844575135, 21.115059193048328, 41.22232701549259, 32.790510555768485, 58.137660411564234, 32.54648327917262, 53.93355263925852, 31.535617604522493, 18.96927175243617, 44.69029110606312, 24.304095154030875, 9.141598687883517, 5.923117652904284, 43.33853001111258, 45.87135015204119, 27.815965246244538, 45.62265482191916, 27.86145331014224, 46.09262635095002, 50.6142351966531, 42.679827784631605, 43.290768054736375, 47.24329933162988, 36.2624112491025, 45.467361975286316, 25.39584196813129, 50.86633785471766, 67.55225285904966, 52.52365989225078, 57.289600411650845, 30.535993366203275, 33.47146104115385, 53.17513101370713, 39.778748954138656, 53.54413391237252, 32.659391494776514, 38.72536799722337, 44.20832212319078, 43.7833373928164], [39.621982780277634, 86.57808218168837, 44.36139725690053, 88.6288106489555, 93.42695208624934, 32.5624502045007, 101.30495871456878, 129.6324724250101, 91.47728089677683, 8.394184638683653, 36.97368463647256, 61.48019032293924, 50.80300274156525, 40.72167099832065, 34.73273209903691, 79.72900425532842, 35.952127879130956, 80.73042549315134, 52.32299267203363, 70.44928734172034, 79.67061102747893, 73.31835610335177, 0.0, 59.97707067556582, 96.88104119701278, 97.35225244175611, 84.66248866175532, 103.11624738324663, 101.92754543667235, 86.09376152882297, 60.552970906540835, 50.9213649069403, 94.27258173753253, 109.59648396200912, 105.24182860464997, 88.39646959183082, 88.69487057100014, 22.961491885869567, 64.12529478881902, 86.71424383729455, 117.44811587444904, 84.91409438412246, 68.71999477623896, 73.07091422487944, 112.43549369161548, 118.92726324974164, 70.81307957566025, 117.46814037089554, 52.818540120399746, 116.74488061411532, 47.59265153082627, 103.96216469764117, 65.50397725489745, 68.58840732983353, 105.18606800871032, 99.61551664028487, 95.81780367573249, 103.01096662977146, 7.033174491715515, 90.2595500310796, 78.38775438797957, 99.49396125041545, 96.08392332003153, 91.31020528360156, 33.655600981716816, 85.36218405174758, 53.77990966101273, 66.9619441815258, 116.23669589614443, 112.23915826472619], [58.78724409402805, 36.340141231806456, 20.539219310243887, 28.789794321836045, 36.511414259237654, 27.57360593291127, 76.700924494857, 83.85871344219026, 33.98756685731767, 58.962745644202016, 42.239884568278605, 6.828260434382285, 53.4176327433036, 46.291109389264655, 25.511929149919162, 54.85378000917092, 25.206162768770636, 20.91192311632545, 42.238219003160374, 63.81755679093028, 86.16313775563279, 41.576479923421175, 59.97707067556582, 0.0, 36.976199900391144, 39.147874275672265, 48.47695759000518, 46.29116359945237, 66.16134430124038, 27.811866404526295, 4.8639488513878035, 40.648200010030436, 58.095764234074835, 58.480724878818066, 60.848970470719216, 29.51582614374403, 33.81095807289022, 53.118934204833494, 10.707323736120522, 60.50049747535715, 80.17094959725767, 65.37773897208253, 45.7311655553507, 36.59104434176276, 83.23162630702708, 80.19240835124609, 17.744254033400313, 69.93250780223303, 18.206465088864412, 67.31338471787822, 14.830265827259622, 48.54861472651727, 72.4062988279435, 9.793111493263726, 76.63586571865625, 41.64515743935215, 49.909000385210234, 44.10665251224687, 52.945699756209535, 30.31199642983424, 21.7403883104281, 50.908721717231785, 75.04364344463669, 31.363389783133478, 35.65089567121902, 25.862547932779755, 55.931749152197526, 69.55090000631427, 81.2749828102332, 83.98444882247676], [91.7061314852953, 35.715808682012664, 55.82536512754637, 10.43470210650368, 16.10385782044982, 64.54980439579333, 84.95956328708678, 70.66297661087455, 19.81251942493964, 95.89700080470126, 75.9595519344085, 37.011561060293324, 82.75775718360705, 78.75857205007537, 62.21719150684568, 69.65140794628212, 61.4400120106363, 16.161272435535622, 70.62241511981516, 86.33601790889298, 110.06786208700954, 57.52715907677623, 96.88104119701278, 36.976199900391144, 0.0, 11.875792948490496, 56.96912072699031, 25.1332845677414, 68.04885572366281, 14.300970894317583, 37.29942813265301, 69.65802488735278, 62.39764950108296, 44.26236248762903, 55.27204306811964, 11.211113133316564, 26.7497457836138, 89.04156582215622, 35.995853691381384, 72.26089799518076, 76.88379070237269, 80.18884146950123, 65.70111397011843, 51.69405984350388, 86.43660543284511, 75.46074427069202, 33.07167760349306, 57.547504075579056, 49.898498811015074, 52.98042479108656, 49.985041026362545, 29.9780221743354, 98.83204109839961, 28.503162716189763, 81.87758624574899, 19.39077403178916, 46.99226997555315, 16.490125911138065, 89.85795366179154, 6.717925325949418, 22.07931265884377, 43.77519357282442, 86.2400301820717, 5.678382445490727, 70.96358914423831, 12.048114179433657, 84.38554119574383, 94.8269720515098, 79.92941516440901, 87.79452506367704], [96.9323712148763, 46.50236169328784, 59.419146188364536, 19.76238372348899, 5.69396755785093, 65.95318193919475, 95.93853009426782, 82.41432129436635, 31.10336064131421, 97.39203440180972, 80.65552011940522, 41.18597701688657, 89.3552669417029, 84.08787793337618, 62.75850103387856, 79.46229430115767, 61.404117831288026, 19.525544899324704, 77.33315048463308, 94.90735480375271, 118.55447100648897, 66.79321328319904, 97.35225244175611, 39.147874275672265, 11.875792948490496, 0.0, 67.4356202656713, 36.964482615494966, 79.47110871587533, 11.397920508280578, 40.89070098380824, 76.1498941494244, 73.50776465381311, 56.12334362997329, 67.03895785729016, 9.805962793476125, 37.733519825194, 92.2666969943084, 41.309274672164854, 82.606045874231, 88.68236162303934, 90.18872924720013, 74.42994438046803, 60.876816665750546, 97.91656907835588, 87.29894546443312, 40.37821545023879, 69.3938230080453, 54.88144768553201, 64.78771438814854, 49.7596046694455, 41.83372625553207, 106.53386094681989, 29.494080051723525, 93.1442635837408, 31.26487579312378, 58.471557000920036, 28.092895714216283, 90.43327589322347, 14.4489824550514, 19.017620548401318, 55.48665307575184, 96.86436955435838, 13.992305465372734, 74.6625250041092, 14.197391362573152, 91.30025643816286, 102.81044245593002, 91.65916563673751, 99.23554717682259], [56.85141161578748, 21.340239779797617, 45.18025360888665, 47.67325138783506, 69.00708519363901, 58.84944754606816, 29.254704494426267, 45.38177155278648, 37.45938095018143, 78.95198134049525, 48.704531986791864, 41.656641338563425, 42.70771050051364, 47.01428749063367, 61.50211254838215, 14.324099743785327, 63.575951091626294, 51.466227930345276, 34.158910100468844, 34.973433047092676, 57.28933359913093, 11.364907830864492, 84.66248866175532, 48.47695759000518, 56.96912072699031, 67.4356202656713, 0.0, 39.849150100801594, 18.529087892534218, 60.75423182938011, 43.66069540545689, 34.954773583242805, 10.253135547608492, 32.08955382000882, 21.811446812213283, 59.745331800526614, 30.349845242205017, 65.21794091300087, 37.845783800269494, 15.314621748025377, 33.85725693566955, 23.68601042216065, 18.383657961381004, 12.905815728404411, 34.7549509512114, 34.81049897778557, 32.23325963338408, 34.759142198054136, 37.44458077033722, 35.7342806217042, 59.33106415339536, 36.61587488962501, 50.17443468858375, 52.410203267123705, 28.250033789600185, 41.83867103967144, 16.291475857501904, 47.29387793079254, 78.84455820223697, 52.99465147542561, 60.98590540887184, 21.89111589414111, 29.449662388573937, 53.455457711636974, 51.083506533894855, 55.36727009195657, 42.15759877034552, 45.28307822956127, 33.869269444842054, 35.523993151292565], [87.80477499271596, 20.674291173056016, 58.83532645969361, 22.134160105806806, 41.09293730105987, 71.06507510112469, 64.4066578892994, 45.58115075838701, 12.31315306461956, 100.107718878635, 74.35691205909174, 42.45316437613817, 75.92232207663908, 75.4178566080654, 70.60478567842574, 54.054203170160015, 70.95972265406567, 31.971410185273623, 64.40030856408453, 73.777671127891, 96.85737787124211, 44.918241888015125, 103.11624738324663, 46.29116359945237, 25.1332845677414, 36.964482615494966, 39.849150100801594, 0.0, 46.03256587045547, 36.719966993421785, 43.853605258387894, 64.10653020746007, 42.075006903154375, 19.198546495402866, 31.58863728600152, 34.08499143369889, 14.730533063142293, 89.92031472779617, 39.24249368503936, 54.574017478150246, 52.70598358689487, 63.3628996342621, 54.04246975947526, 40.15578846497899, 63.79549054047387, 51.00670220350989, 32.3036811549184, 32.43143703682842, 50.68377878910409, 27.85162666727863, 61.11961082107551, 4.946935353090693, 88.19952580305316, 42.06247531023335, 60.23224212762463, 6.032627282859756, 25.68350545587744, 9.357022950142605, 96.222563649531