instance_id,num_cities,city_coordinates,distance_matrix,best_route,total_distance
684,39,"[[39.47061983081084, 32.3289588324057], [91.82338471539441, 76.48236112350207], [74.4512672625625, 62.77727035782724], [90.50850455315904, 96.0957632447945], [30.068190528411677, 70.2601713596341], [96.7913783575474, 73.15622913484414], [75.76467020426445, 36.523254215323206], [37.45251691577075, 15.593081526042862], [7.072453392704103, 30.767719519664272], [70.08706417247754, 72.06342284001768], [22.982693121938723, 66.64921613392073], [39.40309612885263, 49.64507831944416], [29.135812058122955, 72.23118915686236], [13.24187090793496, 5.18032447728144], [49.7576743900624, 38.6728937313237], [0.9389148141451642, 64.99079982491031], [85.54091418279211, 29.719573834197245], [64.01264637785673, 67.02028820367869], [52.46866519227864, 76.2933619439205], [25.42748656454804, 52.406295512873854], [34.81638962975553, 66.30704857213294], [70.378448756921, 90.10763859635038], [51.46110770141872, 61.64305941464416], [95.82149256565361, 56.90779251398171], [40.63364514670348, 7.841783125665591], [49.57603650863487, 85.94131046880749], [44.72072923191214, 39.0691694549122], [77.49334103183271, 7.060621351618124], [12.875523067058548, 23.42601647380175], [98.06415375635542, 57.31840684142971], [69.19239467974032, 33.11375269540281], [48.68624651457606, 3.0211271962338193], [92.95357316068609, 83.09068118822329], [95.10109348778666, 89.8995105617819], [28.75651104648004, 34.193868879791886], [96.582792268804, 57.60001695432118], [17.147596505082664, 90.4874341965448], [28.27943018099045, 12.547913062382355], [63.65792069098581, 65.82935492038538]]","[[0.0, 68.48601992333823, 46.37612930693583, 81.67662469703038, 39.079183212707804, 70.37425209853966, 36.53560190102184, 16.85711507314712, 32.435762003426326, 50.16168153180859, 38.07534357559147, 17.316251139889356, 41.21888203923535, 37.749114127453325, 12.085900938975463, 50.51225740858345, 46.14413193188352, 42.49469849971939, 45.84558783755038, 24.501204870677054, 34.29537054946882, 65.52609956490744, 31.671569148382723, 61.477962906435195, 24.514779256158313, 54.55642669949745, 8.543657762298402, 45.65321682612971, 28.04570474268693, 63.69988013866006, 29.732134157807355, 30.722577534912702, 73.73722773073806, 80.05696737776333, 10.875201907427575, 62.45339557772897, 62.29547035766067, 22.72735130924863, 41.319511867302424], [68.48601992333823, 0.0, 22.1273581272228, 19.657427415930048, 62.067863299210885, 5.978638209027714, 43.06521260424989, 81.63146228741536, 96.29407467248807, 22.18095233072002, 69.53942449755685, 58.89080067210247, 62.831554403425606, 106.10859881353127, 56.56040849971775, 91.60809380349737, 47.18291757678604, 29.376316835489153, 39.35517335031053, 70.62628566295157, 57.90798281940156, 25.407350599287867, 43.00370078213529, 19.978703727497543, 85.62662194076955, 43.293303791928864, 60.15319662683161, 70.88531656787575, 95.1196118917259, 20.154511702047685, 48.91827784155608, 85.1901730381699, 6.704268789336224, 13.811707854054458, 75.9325169516798, 19.472926887934747, 75.97772974110639, 90.14126583729792, 30.11278640169152], [46.37612930693583, 22.1273581272228, 0.0, 36.9859005252733, 45.009457981543854, 24.63337875792283, 26.286848249612085, 59.960446987474235, 74.59568287354142, 10.260550498584308, 51.61401058009244, 37.42764710145143, 46.291112117169064, 84.04759590175327, 34.50789042385985, 73.54567067613141, 34.86820282526441, 11.268008094371842, 25.805416593112945, 50.10876363633083, 39.79174360605186, 27.632171080701752, 23.018120494742547, 22.161617713160506, 64.50999397772435, 33.99043776305696, 38.02602976928762, 55.79963431151485, 73.07594306935196, 24.235667918574155, 30.126068793510466, 65.07405734770977, 27.476717109439956, 34.08857927243331, 53.89825215813366, 22.729020038400428, 63.651895983153715, 68.22629166091832, 11.216574806560686], [81.67662469703038, 19.657427415930048, 36.9859005252733, 0.0, 65.73058167601013, 23.7843799251409, 61.369898837900024, 96.41379355719455, 105.96852329915039, 31.537098987585992, 73.66705061421716, 69.06105197757515, 65.84926180671019, 119.31366091590137, 70.41318130962868, 94.81682422106107, 66.56181694304358, 39.33718024099189, 42.88548094498232, 78.38563958489108, 63.15836592638244, 21.00182809102485, 52.07387062726714, 39.54649025665805, 101.37192218598457, 42.17321248607631, 73.13380044921247, 89.98139237322856, 106.33800783436482, 39.50659697462359, 66.4914294701155, 102.03915495052793, 13.232933151560344, 7.7126791994873525, 87.43656688151054, 38.97203425166469, 73.57496982229594, 104.17629753125073, 40.45997190556932], [39.079183212707804, 62.067863299210885, 45.009457981543854, 65.73058167601013, 0.0, 66.78600860000154, 56.80094922769974, 55.16356575738176, 45.69964637441844, 40.05948032165688, 7.952563809190194, 22.630124251201796, 2.18042215381528, 67.21987430961848, 37.22139012323644, 29.602043510688823, 68.70780972607636, 34.09872322799151, 23.198720951657396, 18.447141134380377, 6.178395785239359, 44.931490896270404, 23.063207136988296, 67.09532584046812, 63.30627157729005, 25.029066673556915, 34.461217190893656, 79.0147329394199, 49.89013808666804, 69.21661855465443, 53.94960398421097, 69.76905523734462, 64.18094211889604, 67.93365963659328, 36.09014654487833, 67.70872731228498, 24.001748098610523, 57.739972474441046, 33.88070404688869], [70.37425209853966, 5.978638209027714, 24.63337875792283, 23.7843799251409, 66.78600860000154, 0.0, 42.23857605575247, 82.67173906383614, 99.22837922813906, 26.726664993839687, 74.0949609245011, 62.017651921245836, 67.66188994002962, 107.70907022663827, 58.32040577235982, 96.19963099282025, 44.86998961282104, 33.34808902031941, 44.43359657502948, 74.319343357965, 62.3523095176959, 31.3846002494741, 46.769504110734495, 16.277357619451035, 86.13749390867035, 48.91571128610652, 62.23568219267997, 68.85523664078661, 97.54468114893177, 15.888882031583782, 48.632333066089636, 85.04725882454365, 10.649980578852942, 16.828384826910185, 78.40158599594155, 15.55761053510044, 81.50768464785213, 91.47270095545805, 33.93389312614056], [36.53560190102184, 43.06521260424989, 26.286848249612085, 61.369898837900024, 56.80094922769974, 42.23857605575247, 0.0, 43.65653694928327, 68.93291543319016, 35.990815441219176, 60.77426006328622, 38.65677608209394, 58.730801372041384, 69.93911406654307, 26.0956851093945, 80.05807156518253, 11.910710014781513, 32.68301005267667, 46.090837682371344, 52.783549119382194, 50.634337048068836, 53.854411434658644, 34.95236420589545, 28.597299258597758, 45.352130109420905, 55.928425855877634, 31.148161350263774, 29.513302730998447, 64.23848117836432, 30.49106983090361, 7.404019596448839, 43.077065177672864, 49.638529790090104, 56.77078480136073, 47.06583754109745, 29.624721667048313, 79.67492736175532, 53.19459562274952, 31.708373063159808], [16.85711507314712, 81.63146228741536, 59.960446987474235, 96.41379355719455, 55.16356575738176, 82.67173906383614, 43.65653694928327, 0.0, 33.959062088093994, 65.22202942846104, 53.06698297173386, 34.10781794375477, 57.245461092470165, 26.354902569982418, 26.155202769203413, 61.427825222533315, 50.120372471114095, 57.88089549848929, 62.530062784800165, 38.72743315775054, 50.78243417383598, 81.46493848885045, 48.13357538496813, 71.51113663223046, 8.378675534553683, 71.38524387226107, 24.575467741561177, 40.939839673862345, 25.79502852364114, 73.58514315518985, 36.25456879755392, 16.859736545091057, 87.38588675785829, 94.04681694147283, 20.533139269437786, 72.53255880913808, 77.59802738999167, 9.66532830357432, 56.66044785891815], [32.435762003426326, 96.29407467248807, 74.59568287354142, 105.96852329915039, 45.69964637441844, 99.22837922813906, 68.93291543319016, 33.959062088093994, 0.0, 75.34040273617461, 39.25070098126419, 37.438284348886775, 46.96819253445634, 26.320647741501247, 43.41105701212541, 34.76836954868592, 78.47546080236509, 67.50136527045662, 64.2915248216518, 28.374904647476743, 45.08624964914712, 86.76909037832486, 54.070687483784646, 92.51862174865107, 40.64421424373202, 69.64682129082571, 38.55264899708609, 74.30429273892696, 9.358216777732778, 94.78622543559091, 62.16422586316419, 50.01580913623819, 100.56470081679736, 106.04532139061222, 21.953060282570668, 93.4455614319703, 60.56362629353471, 27.95884854280891, 66.56750999052021], [50.16168153180859, 22.18095233072002, 10.260550498584308, 31.537098987585992, 40.05948032165688, 26.726664993839687, 35.990815441219176, 65.22202942846104, 75.34040273617461, 0.0, 47.414506285768546, 38.001158744771494, 40.9515957597564, 87.77656204182668, 39.092346093371084, 69.5089099036668, 45.075747678424804, 7.895046453558586, 18.119060887590166, 48.79426735667032, 35.73732401020793, 18.046568295305807, 21.342685594335123, 29.865597856111435, 70.65354131186827, 24.764854549628115, 41.61816556213757, 65.42336844169444, 75.09166221152299, 31.624880053257808, 38.95994401786966, 72.28301034261374, 25.38656455658963, 30.72177872138285, 56.056380001275095, 30.186316720806857, 56.05382619743801, 72.73220857404202, 8.955305060811503], [38.07534357559147, 69.53942449755685, 51.61401058009244, 73.66705061421716, 7.952563809190194, 74.0949609245011, 60.77426006328622, 53.06698297173386, 39.25070098126419, 47.414506285768546, 0.0, 23.6383234964576, 8.307785232640349, 62.23590811501419, 38.72433649634847, 22.10607397836942, 72.64523041937527, 41.03163119672152, 31.02308974517854, 14.451221498353275, 11.838642307268827, 52.883411734085186, 28.915077417477143, 73.4873188961526, 61.39926941259939, 32.85408370825316, 35.11696440091025, 80.76020903691305, 44.389186468967594, 75.65903603040618, 57.09609291446537, 68.6236574285454, 71.87660138409875, 75.77360927335431, 32.96492892168651, 74.15431612671284, 24.541984290787518, 54.35997072765198, 40.68348940544835], [17.316251139889356, 58.89080067210247, 37.42764710145143, 69.06105197757515, 22.630124251201796, 62.017651921245836, 38.65677608209394, 34.10781794375477, 37.438284348886775, 38.001158744771494, 23.6383234964576, 0.0, 24.81027055372833, 51.58996064452563, 15.08662074830895, 41.41237028635305, 50.25658149705388, 30.125203434656814, 29.67895070722159, 14.245770708640995, 17.2817571216108, 50.95773988900461, 17.010208506803036, 56.88393862920864, 41.821402893058526, 37.694895996820044, 11.837528041345456, 57.134076801971936, 37.29814119516474, 59.16079489479093, 34.068857260583385, 47.539138606241735, 63.136850900191476, 68.72180312643711, 18.764051989487722, 57.73039666710968, 46.51242089050367, 38.729002236429764, 29.158657781791543], [41.21888203923535, 62.831554403425606, 46.291112117169064, 65.84926180671019, 2.18042215381528, 67.66188994002962, 58.730801372041384, 57.245461092470165, 46.96819253445634, 40.9515957597564, 8.307785232640349, 24.81027055372833, 0.0, 68.90889506852588, 39.38807431069957, 29.111651479531133, 70.6312465063205, 35.26396263765673, 23.683819014930734, 20.168740316681983, 8.207582056548272, 44.95022276286977, 24.70885098499334, 68.42358123795846, 65.40791828810313, 24.61239935430021, 36.64163197820751, 81.15203950918988, 51.44260761952387, 70.52309810023787, 55.9884242200009, 71.91837153349698, 64.73511565852812, 68.29046738280734, 38.03921138927396, 69.01569632743275, 21.84050812355534, 59.6894197935397, 35.11067453140871], [37.749114127453325, 106.10859881353127, 84.04759590175327, 119.31366091590137, 67.21987430961848, 107.70907022663827, 69.93911406654307, 26.354902569982418, 26.320647741501247, 87.77656204182668, 62.23590811501419, 51.58996064452563, 68.90889506852588, 0.0, 49.549531775609815, 61.06271931346524, 76.35002565461626, 80.0115788839299, 81.21456450389812, 48.77275437357734, 64.82234380710315, 102.35837636350163, 68.18174607388157, 97.44293131171601, 27.520767759725043, 88.55793836931024, 46.253349449514644, 64.27897735199095, 18.249369500681386, 99.56505059622152, 62.53588987418581, 35.51008159724697, 111.46290485563999, 117.80608138885664, 32.90121300841352, 98.45574301515363, 85.39647335279514, 16.745433719374557, 78.86750261936541], [12.085900938975463, 56.56040849971775, 34.50789042385985, 70.41318130962868, 37.22139012323644, 58.32040577235982, 26.0956851093945, 26.155202769203413, 43.41105701212541, 39.092346093371084, 38.72433649634847, 15.08662074830895, 39.38807431069957, 49.549531775609815, 0.0, 55.46082822751617, 36.886341472749436, 31.72978095959856, 37.71802088743135, 27.938581999061658, 31.414781617168682, 55.414342140092955, 23.03324112159276, 49.541769029049725, 32.152842655230224, 47.26876572524829, 5.052509374095108, 42.05476155053202, 39.909401803571235, 51.780026148170585, 20.214163395878597, 35.66786249223415, 61.95825621471505, 68.41192825353228, 21.473484239975285, 50.505719060880395, 61.22224908712909, 33.82054980713784, 30.507216056850368], [50.51225740858345, 91.60809380349737, 73.54567067613141, 94.81682422106107, 29.602043510688823, 96.19963099282025, 80.05807156518253, 61.427825222533315, 34.76836954868592, 69.5089099036668, 22.10607397836942, 41.41237028635305, 29.111651479531133, 61.06271931346524, 55.46082822751617, 0.0, 91.660011346609, 63.10637397641145, 52.75474466327016, 27.53288751937025, 33.90303541936739, 73.84242997125997, 50.63298667858142, 95.22624936413054, 69.5821940288252, 52.957468811912165, 50.88003729116751, 96.00252992222056, 43.24481277110714, 97.4278073943697, 75.3304961317795, 78.2307357131218, 93.77794546692019, 97.4010254727327, 41.500236334069285, 95.9290100334721, 30.21257563397973, 59.1418646350623, 62.72461138044076], [46.14413193188352, 47.18291757678604, 34.86820282526441, 66.56181694304358, 68.70780972607636, 44.86998961282104, 11.910710014781513, 50.120372471114095, 78.47546080236509, 45.075747678424804, 72.64523041937527, 50.25658149705388, 70.6312465063205, 76.35002565461626, 36.886341472749436, 91.660011346609, 0.0, 43.067500590986896, 57.12172434529544, 64.25193787380739, 62.54295083245348, 62.26249853249336, 46.69627545546713, 29.066983449713874, 49.952983279939936, 66.7409626565917, 41.877230539935894, 24.045614178636008, 72.9374247574667, 30.30721222379199, 16.697141674056653, 45.50904944969549, 53.883416867506874, 60.93456993267235, 56.96040515746215, 29.987367010806658, 91.48977405143076, 59.78079527532964, 42.22299958855206], [42.49469849971939, 29.376316835489153, 11.268008094371842, 39.33718024099189, 34.09872322799151, 33.34808902031941, 32.68301005267667, 57.88089549848929, 67.50136527045662, 7.895046453558586, 41.03163119672152, 30.125203434656814, 35.26396263765673, 80.0115788839299, 31.72978095959856, 63.10637397641145, 43.067500590986896, 0.0, 14.80720764374374, 41.2599483783665, 29.204967366409644, 23.948886990490774, 13.654878710400208, 33.37761622514497, 63.629184827677044, 23.799596384678743, 33.96237780947671, 61.45641363896715, 67.19721652094024, 35.40666119129429, 34.29989712294832, 65.80874670152913, 33.10339519938688, 38.59987512179852, 48.17228336016465, 33.905101589127575, 52.41221079698978, 65.14677577060975, 1.2426392872357659], [45.84558783755038, 39.35517335031053, 25.805416593112945, 42.88548094498232, 23.198720951657396, 44.43359657502948, 46.090837682371344, 62.530062784800165, 64.2915248216518, 18.119060887590166, 31.02308974517854, 29.67895070722159, 23.683819014930734, 81.21456450389812, 37.71802088743135, 52.75474466327016, 57.12172434529544, 14.80720764374374, 0.0, 36.08070515189621, 20.281254578915817, 22.618456772339773, 14.684908453807555, 47.489661436870946, 69.46716017076652, 10.072249571982796, 38.02198072305916, 73.61662020763922, 66.04977759542241, 49.38620757396136, 46.305094566629165, 73.36979675570552, 41.05156905794698, 44.75099130279645, 48.31804601275519, 47.9113489125907, 38.06638386185816, 68.18065226690138, 15.319754619573411], [24.501204870677054, 70.62628566295157, 50.10876363633083, 78.38563958489108, 18.447141134380377, 74.319343357965, 52.783549119382194, 38.72743315775054, 28.374904647476743, 48.79426735667032, 14.451221498353275, 14.245770708640995, 20.168740316681983, 48.77275437357734, 27.938581999061658, 27.53288751937025, 64.25193787380739, 41.2599483783665, 36.08070515189621, 0.0, 16.774457856585514, 58.668392447025056, 27.623671676212176, 70.5377881431979, 47.087397710377864, 41.32492822131393, 23.45438432591566, 69.04406829371545, 31.581772604222056, 72.80257041092378, 47.82854159071941, 54.588137576545826, 74.17077521006993, 79.1211266122875, 18.514180723615507, 71.3446022644844, 38.97088275676872, 39.96028320671683, 40.51844786456512], [34.29537054946882, 57.90798281940156, 39.79174360605186, 63.15836592638244, 6.178395785239359, 62.3523095176959, 50.634337048068836, 50.78243417383598, 45.08624964914712, 35.73732401020793, 11.838642307268827, 17.2817571216108, 8.207582056548272, 64.82234380710315, 31.414781617168682, 33.90303541936739, 62.54295083245348, 29.204967366409644, 20.281254578915817, 16.774457856585514, 0.0, 42.7916830104273, 17.285815993071434, 61.724943083539685, 58.75395923233898, 24.5632126607335, 28.982719019429105, 73.01685640570277, 48.168293921833936, 63.88329474265519, 47.78602948934688, 64.78796782120804, 60.51134135598876, 64.73677302726438, 32.67993938789708, 62.37708629426857, 29.94790976725672, 54.15511508242343, 28.84548673849743], [65.52609956490744, 25.407350599287867, 27.632171080701752, 21.00182809102485, 44.931490896270404, 31.3846002494741, 53.854411434658644, 81.46493848885045, 86.76909037832486, 18.046568295305807, 52.883411734085186, 50.95773988900461, 44.95022276286977, 102.35837636350163, 55.414342140092955, 73.84242997125997, 62.26249853249336, 23.948886990490774, 22.618456772339773, 58.668392447025056, 42.7916830104273, 0.0, 34.17744959182612, 41.82796024367023, 87.47813622919735, 21.215528402893952, 57.12480987736903, 83.35123733532969, 88.05126456666146, 42.91423983241001, 57.006225575495066, 89.74749080595751, 23.640514654147015, 24.723520780167465, 69.70462927731674, 41.75419839621029, 53.232207132101614, 88.24873024560183, 25.191279358850576], [31.671569148382723, 43.00370078213529, 23.018120494742547, 52.07387062726714, 23.063207136988296, 46.769504110734495, 34.95236420589545, 48.13357538496813, 54.070687483784646, 21.342685594335123, 28.915077417477143, 17.010208506803036, 24.70885098499334, 68.18174607388157, 23.03324112159276, 50.63298667858142, 46.69627545546713, 13.654878710400208, 14.684908453807555, 27.623671676212176, 17.285815993071434, 34.17744959182612, 0.0, 44.61240296065153, 54.879971535130814, 24.371263768894146, 23.558718340059915, 60.47247073729658, 54.3082840155861, 46.803274687542554, 33.59047305097305, 58.687569310937924, 46.7078705319671, 51.989185326036576, 35.6224194894462, 45.30245700328614, 44.82649893957618, 54.29294215651916, 12.895243974576895], [61.477962906435195, 19.978703727497543, 22.161617713160506, 39.54649025665805, 67.09532584046812, 16.277357619451035, 28.597299258597758, 71.51113663223046, 92.51862174865107, 29.865597856111435, 73.4873188961526, 56.88393862920864, 68.42358123795846, 97.44293131171601, 49.541769029049725, 95.22624936413054, 29.066983449713874, 33.37761622514497, 47.489661436870946, 70.5377881431979, 61.724943083539685, 41.82796024367023, 44.61240296065153, 0.0, 73.84559418158707, 54.60391351134864, 54.12489709860541, 53.109901257078924, 89.44866227544507, 2.2799415216591927, 35.7108552838723, 71.59262615215756, 26.339487865961193, 32.999582339431754, 70.80701994171835, 1.0289567113441416, 85.54048314616215, 80.80673917523313, 33.377981237760274], [24.514779256158313, 85.62662194076955, 64.50999397772435, 101.37192218598457, 63.30627157729005, 86.13749390867035, 45.352130109420905, 8.378675534553683, 40.64421424373202, 70.65354131186827, 61.39926941259939, 41.821402893058526, 65.40791828810313, 27.520767759725043, 32.152842655230224, 69.5821940288252, 49.952983279939936, 63.629184827677044, 69.46716017076652, 47.087397710377864, 58.75395923233898, 87.47813622919735, 54.879971535130814, 73.84559418158707, 0.0, 78.60981194795033, 31.49371228159017, 36.867972475597924, 31.833656253054418, 75.80369129187983, 38.13495274448961, 9.385260378904205, 91.65026746833597, 98.4894591353233, 28.904995035936544, 74.87448762721262, 85.9179732170522, 13.2202226305123, 62.39131147032269], [54.55642669949745, 43.293303791928864, 33.99043776305696, 42.17321248607631, 25.029066673556915, 48.91571128610652, 55.928425855877634, 71.38524387226107, 69.64682129082571, 24.764854549628115, 32.85408370825316, 37.694895996820044, 24.61239935430021, 88.55793836931024, 47.26876572524829, 52.957468811912165, 66.7409626565917, 23.799596384678743, 10.072249571982796, 41.32492822131393, 24.5632126607335, 21.215528402893952, 24.371263768894146, 54.60391351134864, 78.60981194795033, 0.0, 47.12294146143555, 83.67519947656916, 72.49199728354381, 56.30602211389871, 56.35203960993341, 82.92495716122338, 43.4711027384327, 45.69680690082228, 55.77858326883083, 54.88956189632467, 32.7455487358493, 76.42078397878495, 24.551786454489463], [8.543657762298402, 60.15319662683161, 38.02602976928762, 73.13380044921247, 34.461217190893656, 62.23568219267997, 31.148161350263774, 24.575467741561177, 38.55264899708609, 41.61816556213757, 35.11696440091025, 11.837528041345456, 36.64163197820751, 46.253349449514644, 5.052509374095108, 50.88003729116751, 41.877230539935894, 33.96237780947671, 38.02198072305916, 23.45438432591566, 28.982719019429105, 57.12480987736903, 23.558718340059915, 54.12489709860541, 31.49371228159017, 47.12294146143555, 0.0, 45.810383494020044, 35.47992940906808, 56.37868041364968, 25.18589681885227, 36.265502588583665, 65.3016135232776, 71.5674833957107, 16.69205853002707, 55.073277471827446, 58.34479923191074, 31.204059914058355, 32.78299477631864], [45.65321682612971, 70.88531656787575, 55.79963431151485, 89.98139237322856, 79.0147329394199, 68.85523664078661, 29.513302730998447, 40.939839673862345, 74.30429273892696, 65.42336844169444, 80.76020903691305, 57.134076801971936, 81.15203950918988, 64.27897735199095, 42.05476155053202, 96.00252992222056, 24.045614178636008, 61.45641363896715, 73.61662020763922, 69.04406829371545, 73.01685640570277, 83.35123733532969, 60.47247073729658, 53.109901257078924, 36.867972475597924, 83.67519947656916, 45.810383494020044, 0.0, 66.65799693985623, 54.30472666801023, 27.343579925767074, 29.08893617094895, 77.58600889487609, 84.6895183132124, 55.78074684374815, 54.02441722420729, 102.96427528007084, 49.518879142743856, 60.375350113143625], [28.04570474268693, 95.1196118917259, 73.07594306935196, 106.33800783436482, 49.89013808666804, 97.54468114893177, 64.23848117836432, 25.79502852364114, 9.358216777732778, 75.09166221152299, 44.389186468967594, 37.29814119516474, 51.44260761952387, 18.249369500681386, 39.909401803571235, 43.24481277110714, 72.9374247574667, 67.19721652094024, 66.04977759542241, 31.581772604222056, 48.168293921833936, 88.05126456666146, 54.3082840155861, 89.44866227544507, 31.833656253054418, 72.49199728354381, 35.47992940906808, 66.65799693985623, 0.0, 91.68313325551813, 57.1440483457254, 41.21610632100499, 99.86173602677785, 105.73443075592192, 19.187298523755697, 90.41443040829282, 67.19735380537024, 18.857716940398063, 66.15810622932138], [63.69988013866006, 20.154511702047685, 24.235667918574155, 39.50659697462359, 69.21661855465443, 15.888882031583782, 30.49106983090361, 73.58514315518985, 94.78622543559091, 31.624880053257808, 75.65903603040618, 59.16079489479093, 70.52309810023787, 99.56505059622152, 51.780026148170585, 97.4278073943697, 30.30721222379199, 35.40666119129429, 49.38620757396136, 72.80257041092378, 63.88329474265519, 42.91423983241001, 46.803274687542554, 2.2799415216591927, 75.80369129187983, 56.30602211389871, 56.37868041364968, 54.30472666801023, 91.68313325551813, 0.0, 37.67550602854438, 73.39190895763899, 26.27409673102438, 32.71556274606197, 73.06362702425176, 1.5078912800607718, 87.45097834262849, 82.91142718413317, 35.44326608752659], [29.732134157807355, 48.91827784155608, 30.126068793510466, 66.4914294701155, 53.94960398421097, 48.632333066089636, 7.404019596448839, 36.25456879755392, 62.16422586316419, 38.95994401786966, 57.09609291446537, 34.068857260583385, 55.9884242200009, 62.53588987418581, 20.214163395878597, 75.3304961317795, 16.697141674056653, 34.29989712294832, 46.305094566629165, 47.82854159071941, 47.78602948934688, 57.006225575495066, 33.59047305097305, 35.7108552838723, 38.13495274448961, 56.35203960993341, 25.18589681885227, 27.343579925767074, 57.1440483457254, 37.67550602854438, 0.0, 36.41521964790141, 55.337934406515856, 62.41700866258408, 40.45030699728181, 36.73977432489983, 77.46225110358807, 45.791095465025535, 33.18043145101469], [30.722577534912702, 85.1901730381699, 65.07405734770977, 102.03915495052793, 69.76905523734462, 85.04725882454365, 43.077065177672864, 16.859736545091057, 50.01580913623819, 72.28301034261374, 68.6236574285454, 47.539138606241735, 71.91837153349698, 35.51008159724697, 35.66786249223415, 78.2307357131218, 45.50904944969549, 65.80874670152913, 73.36979675570552, 54.588137576545826, 64.78796782120804, 89.74749080595751, 58.687569310937924, 71.59262615215756, 9.385260378904205, 82.92495716122338, 36.265502588583665, 29.08893617094895, 41.21610632100499, 73.39190895763899, 36.41521964790141, 0.0, 91.49169188986242, 98.4997031252262, 36.99911052847248, 72.61497299050866, 92.97871425597349, 22.521052413511764, 64.5679835328118], [73.73722773073806, 6.704268789336224, 27.476717109439956, 13.232933151560344, 64.18094211889604, 10.649980578852942, 49.638529790090104, 87.38588675785829, 100.56470081679736, 25.38656455658963, 71.87660138409875, 63.136850900191476, 64.73511565852812, 111.46290485563999, 61.95825621471505, 93.77794546692019, 53.883416867506874, 33.10339519938688, 41.05156905794698, 74.17077521006993, 60.51134135598876, 23.640514654147015, 46.7078705319671, 26.339487865961193, 91.65026746833597, 43.4711027384327, 65.3016135232776, 77.58600889487609, 99.86173602677785, 26.27409673102438, 55.337934406515856, 91.49169188986242, 0.0, 7.139467836859036, 80.69796179595367, 25.747722121000614, 76.16599012535717, 95.70280510525423, 34.00277397728319], [80.05696737776333, 13.811707854054458, 34.08857927243331, 7.7126791994873525, 67.93365963659328, 16.828384826910185, 56.77078480136073, 94.04681694147283, 106.04532139061222, 30.72177872138285, 75.77360927335431, 68.72180312643711, 68.29046738280734, 117.80608138885664, 68.41192825353228, 97.4010254727327, 60.93456993267235, 38.59987512179852, 44.75099130279645, 79.1211266122875, 64.73677302726438, 24.723520780167465, 51.989185326036576, 32.999582339431754, 98.4894591353233, 45.69680690082228, 71.5674833957107, 84.6895183132124, 105.73443075592192, 32.71556274606197, 62.41700866258408, 98.4997031252262, 7.139467836859036, 0.0, 86.62979934476122, 32.333461283569136, 77.95571400502182, 102.21743649102118, 39.598554369200514], [10.875201907427575, 75.9325169516798, 53.89825215813366, 87.43656688151054, 36.09014654487833, 78.40158599594155, 47.06583754109745, 20.533139269437786, 21.953060282570668, 56.056380001275095, 32.96492892168651, 18.764051989487722, 38.03921138927396, 32.90121300841352, 21.473484239975285, 41.500236334069285, 56.96040515746215, 48.17228336016465, 48.31804601275519, 18.514180723615507, 32.67993938789708, 69.70462927731674, 35.6224194894462, 70.80701994171835, 28.904995035936544, 55.77858326883083, 16.69205853002707, 55.78074684374815, 19.187298523755697, 73.06362702425176, 40.45030699728181, 36.99911052847248, 80.69796179595367, 86.62979934476122, 0.0, 71.75132188424521, 57.47810359520392, 21.651212654294028, 47.105332736306906], [62.45339557772897, 19.472926887934747, 22.729020038400428, 38.97203425166469, 67.70872731228498, 15.55761053510044, 29.624721667048313, 72.53255880913808, 93.4455614319703, 30.186316720806857, 74.15431612671284, 57.73039666710968, 69.01569632743275, 98.45574301515363, 50.505719060880395, 95.9290100334721, 29.987367010806658, 33.905101589127575, 47.9113489125907, 71.3446022644844, 62.37708629426857, 41.75419839621029, 45.30245700328614, 1.0289567113441416, 74.87448762721262, 54.88956189632467, 55.073277471827446, 54.02441722420729, 90.41443040829282, 1.5078912800607718, 36.73977432489983, 72.61497299050866, 25.747722121000614, 32.333461283569136, 71.75132188424521, 0.0, 85.97402246542173, 81.8232322607034, 33.93772490570819], [62.29547035766067, 75.97772974110639, 63.651895983153715, 73.57496982229594, 24.001748098610523, 81.50768464785213, 79.67492736175532, 77.59802738999167, 60.56362629353471, 56.05382619743801, 24.541984290787518, 46.51242089050367, 21.84050812355534, 85.39647335279514, 61.22224908712909, 30.21257563397973, 91.48977405143076, 52.41221079698978, 38.06638386185816, 38.97088275676872, 29.94790976725672, 53.232207132101614, 44.82649893957618, 85.54048314616215, 85.9179732170522, 32.7455487358493, 58.34479923191074, 102.96427528007084, 67.19735380537024, 87.45097834262849, 77.46225110358807, 92.97871425597349, 76.16599012535717, 77.95571400502182, 57.47810359520392, 85.97402246542173, 0.0, 78.73046853417442, 52.64248407386537], [22.72735130924863, 90.14126583729792, 68.22629166091832, 104.17629753125073, 57.739972474441046, 91.47270095545805, 53.19459562274952, 9.66532830357432, 27.95884854280891, 72.73220857404202, 54.35997072765198, 38.729002236429764, 59.6894197935397, 16.745433719374557, 33.82054980713784, 59.1418646350623, 59.78079527532964, 65.14677577060975, 68.18065226690138, 39.96028320671683, 54.15511508242343, 88.24873024560183, 54.29294215651916, 80.80673917523313, 13.2202226305123, 76.42078397878495, 31.204059914058355, 49.518879142743856, 18.857716940398063, 82.91142718413317, 45.791095465025535, 22.521052413511764, 95.70280510525423, 102.21743649102118, 21.651212654294028, 81.8232322607034, 78.73046853417442, 0.0, 63.957404866313865], [41.319511867302424, 30.11278640169152, 11.216574806560686, 40.45997190556932, 33.88070404688869, 33.93389312614056, 31.708373063159808, 56.66044785891815, 66.56750999052021, 8.955305060811503, 40.68348940544835, 29.158657781791543, 35.11067453140871, 78.86750261936541, 30.507216056850368, 62.72461138044076, 42.22299958855206, 1.2426392872357659, 15.319754619573411, 40.51844786456512, 28.84548673849743, 25.191279358850576, 12.895243974576895, 33.377981237760274, 62.39131147032269, 24.551786454489463, 32.78299477631864, 60.375350113143625, 66.15810622932138, 35.44326608752659, 33.18043145101469, 64.5679835328118, 34.00277397728319, 39.598554369200514, 47.105332736306906, 33.93772490570819, 52.64248407386537, 63.957404866313865, 0.0]]",Route_4,1839.6652964059442
