instance_id,num_cities,city_coordinates,distance_matrix,best_route,total_distance
1538,98,"[[70.05439380170775, 5.860152284132414], [55.094777152399374, 21.648749370007593], [62.00722520186724, 83.80906451540929], [55.58984927094972, 70.46345591066661], [90.98319490284915, 77.4449552727497], [0.062310318895408834, 33.602527523947245], [88.39462506022238, 97.21559975715157], [54.794294271666125, 91.08078125055535], [25.40352373634881, 27.639527911798], [60.07711691987764, 77.30223369415164], [20.891018201271883, 62.47149246391077], [43.813820116285584, 43.29756502220135], [92.7686345034853, 42.78031362412561], [17.415405378419468, 11.800213995107656], [9.729990920174792, 3.865991274316216], [60.4012418942526, 23.990249559132724], [7.6236926655460335, 56.68045004078173], [99.41168117435221, 57.19986210754207], [24.979342457005004, 43.87729110118323], [72.50874526238277, 83.91871990832375], [38.039329548513244, 42.99812610110697], [29.825559540120604, 40.11762012125508], [97.82561939046002, 64.00361630250453], [92.60326607817785, 20.278775690709416], [97.70543432368258, 45.06170765836305], [50.54273179223673, 83.20086782031848], [72.20504983102379, 97.58692298866093], [78.0141953950143, 52.838286590440894], [97.79790851942694, 5.875352871035366], [88.3224759378727, 1.6341937718839072], [92.40392099758044, 90.85400827192363], [13.053900087092906, 38.99006991502908], [27.220357373017645, 97.86473032592694], [75.17544991087533, 74.95519193437997], [43.647375945088065, 99.4170141928099], [63.97071626800267, 97.96990964535726], [92.14640131339682, 89.23318182435807], [43.488450369649, 76.8842390351041], [19.06987054820446, 82.29829207296531], [52.82282427808384, 75.34355185571137], [87.534656959254, 16.061857188091277], [93.82116096722689, 56.92645741531188], [78.55467733378723, 68.23191228594122], [1.4632927443480326, 3.989524886261153], [50.49068534889625, 53.39709659115526], [19.098681082091538, 90.74839013515181], [50.581140390305364, 10.969114911095179], [11.46361300414538, 27.670145005205406], [18.70992051586483, 72.60138824969627], [28.096844375263164, 66.6587402261903], [71.52081361203457, 47.75573526172333], [67.37977537538015, 42.4385129506477], [26.90897827571139, 51.64910309170677], [38.461079847731725, 7.306877551174384], [87.20423087324531, 65.75106545020721], [80.07089200341224, 59.16238809937169], [30.513953033041997, 78.38379863937337], [45.56554802179824, 74.54821750835728], [69.59120851974149, 93.63952963178662], [64.66731281322102, 17.701658883718697], [10.983284757895984, 35.77149680388854], [32.5678153381955, 69.94675032190133], [62.64510317316835, 92.53732584727486], [55.2043712515063, 76.18892176525233], [97.08170964354998, 61.415167232221144], [37.017845943807146, 90.51791640975082], [46.21698471638682, 52.82144877157444], [98.45187239191633, 78.3096953225818], [91.14397104026256, 32.667986544185545], [67.2166035754096, 90.3102399570204], [63.14868625692497, 94.53514469508522], [47.49717752785867, 91.08940780979968], [38.61915677373439, 57.56048757226726], [13.307494775436302, 1.4734688065818013], [5.096151844845897, 26.772946563876378], [18.54144272568292, 93.17352913856915], [19.472706750698432, 19.926274760296327], [22.089146410783755, 11.067144208808621], [55.51340632618697, 94.65653171808323], [38.33365627535797, 38.72544724266166], [33.357342666202264, 53.58895085803906], [45.93604126428966, 37.46002355242626], [35.967649510465094, 13.005503297859589], [85.05561067288897, 17.457290805290103], [17.453893349626593, 33.72588825470959], [39.620698989436896, 71.39525792571357], [7.748382777267748, 1.3688827602124198], [26.730786125412166, 98.97456297927742], [4.752814685428863, 87.32675450975582], [43.912309142314584, 61.134217976676844], [31.48818724308261, 51.27773491097215], [51.85927672032244, 20.84377813204268], [40.76690265301261, 84.52154024130843], [52.32071240870829, 15.651861426243773], [86.37564021180133, 45.74097789698454], [79.2286349909212, 67.56369827512555], [28.63963810468383, 92.91399232321972], [78.15639407383755, 22.047963819063597]]","[[0.0, 21.75017076333817, 78.3631918729295, 66.20279365664601, 74.58149056200398, 75.28964825400409, 93.17822634935352, 86.5761297304257, 49.679386070326196, 72.1354077424708, 74.97920603327378, 45.71791311795187, 43.347837824157004, 52.973082177246134, 60.357354656632964, 20.53980936984028, 80.50028017607913, 59.14064699199643, 58.96662698139093, 78.09714348574454, 49.03257527773205, 52.838747228314766, 64.4352650243413, 26.764684602685914, 47.97230436102445, 79.76397203011575, 91.75197973470428, 47.647702403225736, 27.743518881896428, 18.750508000609333, 87.88320045123781, 65.92911136925663, 101.48693047591404, 69.28455614307221, 97.21222660899801, 92.3104465024291, 86.2503266695951, 75.82987702248302, 91.88150426372098, 71.5881959841927, 20.239426449495227, 56.32607514509355, 62.948322184542604, 68.61660433978498, 51.405250339586914, 99.00756326773879, 20.13228992311597, 62.518440295334145, 84.20598265688555, 73.87086197967834, 41.921238770965786, 36.676014679571225, 62.913868876181446, 31.626420926067397, 62.29798063698851, 54.23521530452448, 82.60221387372387, 72.92293104284524, 87.78059938361835, 13.009301292712097, 66.21241918738087, 74.24510497639308, 86.99327562813853, 71.87947541871738, 61.78054295243009, 90.87546710260257, 52.66484064043463, 77.81614920285817, 34.10909330098716, 84.497753587459, 88.94348248059892, 88.16379077310984, 60.50701443560432, 56.916197527857236, 68.2416160617046, 101.37657474133665, 52.50107490747867, 48.24704884421621, 89.97909377928528, 45.67639217283588, 60.205579270948455, 39.75231808702385, 34.82760654259686, 18.96127974307462, 59.52572459862465, 72.25690175602358, 62.46767573484811, 102.69970039485857, 104.40834982542142, 61.144345024888416, 59.58279197879498, 23.570560645760718, 83.93670885336316, 20.25736961384973, 43.091337133369564, 62.381842624761134, 96.40307596231138, 18.102144919871854], [21.75017076333817, 0.0, 62.54347861297969, 48.81721695317364, 66.34150376477753, 56.315763494196894, 82.57862161671837, 69.432682081445, 30.289601465732606, 55.876059515469976, 53.25780205845575, 24.411702332965525, 43.19563097740198, 38.94520132586875, 48.72566382703585, 5.800102688074104, 58.997660243815474, 56.81434325034362, 37.43056871578603, 64.65907141444487, 27.32552249775496, 31.299082184035118, 60.16526931082042, 37.53349929565876, 48.619283421096426, 61.720210650013826, 77.8419401330261, 38.70512840186303, 45.523153072512486, 38.78997811765984, 78.62149880370916, 45.47699135458936, 81.15330573125317, 56.96323583945815, 78.60627206496098, 76.83555037194377, 77.07449878620342, 56.441705678788374, 70.54190900393084, 53.74284681557027, 32.917459897986234, 52.385584737626644, 52.15705114146213, 56.464009149000425, 32.08044907119661, 77.91328055071749, 11.594287774422193, 44.04470104708924, 62.610136569609345, 52.48607101996126, 30.84460059918931, 24.148197677622868, 41.163824916353136, 21.962904482129634, 54.55301368292113, 45.06749830829565, 61.8310822320307, 53.75090638439291, 73.43581527489032, 10.354369236445761, 46.317121632842436, 53.293160016344764, 71.28953428093966, 54.54028250540673, 57.829667901593695, 71.20208993188494, 32.41222588032744, 71.34634190937247, 37.69572877482988, 69.72330288691175, 73.33002165107725, 69.85505396609962, 39.51074546967594, 46.40278994053046, 50.260520585513035, 80.32397138247465, 35.663690477638994, 34.66038125063535, 73.00898255536185, 23.92799162672666, 38.635379241541806, 18.27235163682463, 20.9893476433773, 30.252601047550225, 39.530917230621185, 52.097621908071766, 51.50683498368523, 82.3638114545129, 82.75212108558101, 41.03839448473627, 37.8833455667968, 3.33413283177512, 64.48469446013144, 6.60742765471176, 39.483260619370576, 51.871240848176875, 76.01716408295111, 23.065072018259524], [78.3631918729295, 62.54347861297969, 0.0, 14.808375429793147, 29.666626140576327, 79.73624543790403, 29.597804960381747, 10.242276938262078, 67.04362611942484, 6.787058664596423, 46.32315251759856, 44.4092510609699, 51.27984693737575, 84.69772693775185, 95.51860647734415, 59.84036936013676, 60.774421712115696, 45.903627083057536, 54.45742032608924, 10.502092547992774, 47.32856131667265, 54.26418632958493, 40.92936771028193, 70.51393702988548, 52.68510034072393, 11.48061463334524, 17.141324665147202, 34.8627620828013, 85.75917690256985, 86.28558282247354, 31.202409327319245, 66.37145709400771, 37.51916729778002, 15.86799299432773, 24.09755501838153, 14.296322322932037, 30.623373185575637, 19.771146381003902, 42.96392507706046, 12.490721553228987, 72.39705707263693, 41.65094324718994, 22.725884881302317, 100.18346502307553, 32.51950927075815, 43.46604880289389, 73.73068338541306, 75.53962548071607, 44.72436249237716, 38.000625666305716, 37.287409600463775, 41.71794376691535, 47.60409705123544, 80.04377284554265, 30.999684273267974, 30.557400358572764, 31.95715415560939, 18.870401049835316, 12.41591105678944, 66.16090345100311, 70.07888704930228, 32.53986183008135, 8.751538960869162, 10.21495949099707, 41.61377289287557, 25.87426848131893, 34.77878698397727, 36.85722955304932, 58.85881254417246, 8.330840603524843, 10.786645880951612, 16.234065479299286, 35.15664284796078, 95.65988743634676, 80.57288018700486, 44.46310205041237, 76.74761290599719, 82.97493587983658, 12.642674887191722, 50.92121770061841, 41.64217860261127, 49.0562590435077, 75.44006749251733, 70.24091362802501, 67.0322603191642, 25.59803019582179, 98.6934929419737, 38.39817049772597, 57.362371520720586, 29.009906114245243, 44.6060431305251, 63.777802938980734, 21.252268670412064, 68.84208642269485, 45.19954500749173, 23.67464634167687, 34.587506112374754, 63.83752199513674], [66.20279365664601, 48.81721695317364, 14.808375429793147, 0.0, 36.07534127852238, 66.64859806179544, 42.33001907591671, 20.632668560506257, 52.39373109956173, 8.17951419859416, 35.60730763953267, 29.6084530230051, 46.353192319665325, 69.99045733917826, 80.86005753116358, 46.72160536162925, 49.90714808825879, 45.78510535036857, 40.54413997957742, 21.616964884450773, 32.593942444502126, 39.80789337671659, 42.726921318429895, 62.35779945223341, 49.183038932211, 13.700914458534198, 31.807976294988137, 28.521884451390584, 77.15661552829405, 76.21608868923559, 42.083850853868825, 52.913901755607114, 39.44182944701265, 20.094064918113972, 31.319821301156644, 28.754893995300495, 41.09360179039122, 13.699281415441597, 38.38974072455061, 5.6099700305783005, 63.087278288216346, 40.55716363703379, 23.072995360480213, 85.7232035522753, 17.811852602316346, 41.750256433694226, 59.70480529760006, 61.46862765122793, 36.94184483301296, 27.755020800459597, 27.738713054274204, 30.40394358401955, 34.301198711441636, 65.43812445381094, 31.96366293069983, 26.963597440700344, 26.297003652022653, 10.824596659631634, 27.077083556773907, 53.53697385801811, 56.509093288811385, 23.027831662280928, 23.173958263599868, 5.738427707613038, 42.466999013208365, 27.333142766479014, 19.977262221184382, 43.57426418118116, 51.89020215242694, 23.001657606330888, 25.230580998353012, 22.156742262498238, 21.31879442597017, 80.91610360309035, 66.77180607667347, 43.454940496565676, 62.11646047911525, 68.19251378200839, 24.19319657563281, 36.12585488139301, 27.911167490832266, 34.38637166748478, 60.716118468623634, 60.64556565961313, 52.9528092862798, 15.996312565988035, 84.04085884324101, 40.56758252491653, 53.56094589429398, 14.946558931234893, 30.805551492931407, 49.75971859255194, 20.42913315551226, 54.908998768406605, 39.48374150192474, 23.815977507958937, 35.07620941774775, 53.416372198164275], [74.58149056200398, 66.34150376477753, 29.666626140576327, 36.07534127852238, 0.0, 100.93941610905821, 19.939385074740063, 38.672629584638265, 82.34849036207859, 30.90640751912965, 71.67368989561521, 58.232243462522916, 34.71059168604078, 98.59742244561643, 109.61727555697077, 61.58458746106369, 85.90675928458347, 21.929504738977855, 74.04928504467706, 19.575875921014045, 63.16357271907904, 71.64904962853639, 15.082717466746114, 57.18913112313572, 33.07360320384953, 40.848030379151254, 27.537566991426996, 27.815159389712967, 71.893311995035, 75.85743855912708, 13.484107867074707, 86.90082392219585, 66.95271960927388, 16.002616136506035, 52.18669494793219, 33.92562090803439, 11.845477381076032, 47.49805428618213, 72.07691098980769, 38.218186541757724, 61.47989219589777, 20.71383126580498, 15.470882652300796, 115.79945222552598, 47.09504047292989, 73.10516196811868, 77.7905094508497, 93.81308886565184, 72.4353941945727, 63.80466689599624, 35.49977563833576, 42.22052128338018, 69.07192791668402, 87.62375543390463, 12.289329856375508, 21.291562108453626, 60.476529655530754, 45.509930101984224, 26.83060416922138, 65.28236449136027, 90.20345206230455, 58.89464871418694, 32.10649610964417, 35.800863705305304, 17.150684728803615, 55.526220843496255, 51.09139503744191, 7.518571592362635, 44.77725736894985, 27.02529210448715, 32.66243172287295, 45.57636220864697, 56.012360644048144, 108.65165045300921, 99.72079337750698, 74.12958582341132, 91.77226445747414, 95.66819596536413, 39.42517299146163, 65.35422113207179, 62.368644306530776, 60.233220199611694, 84.72988378161295, 60.27981538677592, 85.54481286339119, 51.717548515431645, 112.76348149340575, 67.76353032199428, 86.79474885384117, 49.81674856333759, 64.99522565463947, 68.80678911028139, 50.71246456383504, 72.89152213894862, 32.037037030194064, 15.356071065744649, 64.23402666433796, 56.862584197580254], [75.28964825400409, 56.315763494196894, 79.73624543790403, 66.64859806179544, 100.93941610905821, 0.0, 108.8541261804426, 79.36837984277297, 26.033333667500447, 74.23908223244345, 35.59848604581683, 44.81281470342699, 93.15950998968867, 27.865225341897027, 31.268604643219593, 61.09977537870738, 24.285077942746156, 102.11332767482024, 26.95235160685764, 88.20547121399292, 39.12200483346794, 30.46797393586022, 102.3811056765065, 93.49519161836709, 98.31323651862569, 70.76911976477328, 96.42913318753665, 80.29016635793351, 101.5925359947709, 93.87135451229311, 108.64945978038615, 14.064388281074924, 69.76525086858561, 85.74395951439455, 78.93797945935417, 90.70526022298543, 107.58368608750786, 61.31179487702732, 52.273940265530165, 67.2754408792885, 89.21371274979104, 96.61639498798027, 85.79187588923963, 29.646124147618867, 54.174218708929075, 60.233155532584675, 55.357235825929806, 12.852348628533306, 43.22782094860308, 43.34337663327096, 72.84662642953498, 67.89488743706632, 32.34845390596566, 46.53951771150275, 92.88295219628199, 83.99214020254001, 54.154083749088905, 61.21351296687926, 91.86244775271517, 66.53302917202569, 11.13427637678502, 48.75972095230929, 85.9646230425757, 69.67243255672675, 100.92723504019635, 67.86068895425667, 49.996208882883764, 108.07051761463948, 91.08645501173645, 87.89461731058408, 87.70789396809647, 74.53058454172962, 45.39398923006137, 34.752141305993064, 8.484264057568343, 62.37132809133432, 23.744544200616293, 31.512299335007963, 82.47675718981343, 38.61269516316669, 38.83318550798711, 46.035632573693974, 41.39360807457731, 86.51317687939587, 17.392020531977046, 54.70974854109839, 33.13734395798793, 70.60248311083481, 53.928595350103, 51.77660066090459, 36.05549468012471, 53.345209854643805, 65.18903046676996, 55.25547033852666, 87.16268063030356, 86.14329968643693, 65.83702241149528, 78.94424526166635], [93.17822634935352, 82.57862161671837, 29.597804960381747, 42.33001907591671, 19.939385074740063, 108.8541261804426, 0.0, 34.155793464788324, 93.85472081586684, 34.61825263119916, 75.92028668657657, 69.96143680005892, 54.61073461320733, 111.05781265411457, 122.07487074859503, 78.39375876113671, 90.37168739397254, 41.50463570571679, 82.86418549605898, 20.71637494026336, 73.9945284174137, 81.79556659379055, 34.525056104932304, 77.05184979381538, 52.978482709422806, 40.363083817174655, 16.19383299420305, 45.575204266471964, 91.82299516477782, 95.58143321595685, 7.519594413147586, 95.21784058081045, 61.17771160775058, 25.88961853842628, 44.801367489055664, 24.435554098446637, 8.820137249933634, 49.294307522779015, 70.91154811944406, 41.75810688102427, 81.15829888618903, 40.652949248375926, 30.60847449135242, 127.46826104582209, 57.93763772668225, 69.59707358873025, 94.1717355217747, 103.70607934266562, 73.90410986926335, 67.59840249537218, 52.259006005617024, 58.6698657428477, 76.52966992527563, 102.84423788525746, 31.48704427972348, 38.952938906747825, 60.86714160906173, 48.45761093962665, 19.140448039070513, 82.97862459507557, 98.83265348625307, 62.13069155628112, 26.171055083578647, 39.29012770737723, 36.83933234370547, 51.811508321983545, 61.23556145495985, 21.414514852780336, 64.60613960614445, 22.275380759494542, 25.387836957874043, 41.35373553185059, 63.64059369250833, 121.67428969737398, 109.09080176128892, 69.97003227916952, 103.55612286067011, 108.71050037735998, 32.98065151970262, 76.98830129862237, 70.23095433984612, 73.30388956607264, 99.19641178479243, 79.82817086680242, 95.20257812842068, 55.186827383450435, 125.26136496722509, 61.688921078221234, 84.22435338487234, 57.27602064222799, 73.13432909148645, 84.66101119556319, 49.29035492558356, 89.18503565342039, 51.514201881280655, 31.036279342896513, 59.90961769676252, 75.86168246388624], [86.5761297304257, 69.432682081445, 10.242276938262078, 20.632668560506257, 38.672629584638265, 79.36837984277297, 34.155793464788324, 0.0, 69.91859565131487, 14.756577784043804, 44.36128416967879, 49.028630062470775, 61.440912175632185, 87.6503832235732, 98.16929778273213, 67.32441833599613, 58.38191880390216, 56.02345844375718, 55.83100244481049, 19.107508905464112, 50.918273430025806, 56.751048504722, 50.841595206123245, 80.26482629621802, 62.921546983901955, 8.953704215827056, 18.586669671138594, 44.73982796130254, 95.44252649478496, 95.5239811640081, 37.61031040082554, 66.75105028480584, 28.396196244354336, 25.988961810422875, 13.919287619951383, 11.474615927991454, 37.3977743200928, 18.14838607733115, 36.78813078328277, 15.860235904977477, 81.85212469083834, 51.861490151322776, 32.96402002518561, 102.1228801935101, 37.928632182946565, 35.697160739102635, 80.22237686152799, 76.8014109775827, 40.54096687338082, 36.18272956490038, 46.44174909688619, 50.244050393774415, 48.29542515205001, 85.35127904402707, 41.133909284734756, 40.71474197690611, 27.399787190646006, 18.933975315138987, 15.016519721405132, 74.04034099360344, 70.55863873841358, 30.670240120894356, 7.984780683909821, 14.897504558126647, 51.655340032943606, 17.785357235154265, 39.209013771635334, 45.48719339666312, 68.79937199270022, 12.446184247507908, 9.040381200494894, 7.2971218429103635, 37.21888178540131, 98.74525292829155, 81.27363018080182, 36.313204746178535, 79.43914865400872, 86.43962522622691, 3.647343355510015, 54.881997069381626, 43.187732521124644, 54.34753262535627, 80.31308473938202, 79.60003527435765, 68.43894572232661, 24.85473440537595, 101.29927205602398, 29.152569002672283, 50.18209238314439, 31.862426967697186, 46.1243658247872, 70.29829966006754, 15.48519803684982, 75.4694676879013, 55.254675635017215, 33.91297978736013, 26.21882342993301, 72.8787869664163], [49.679386070326196, 30.289601465732606, 67.04362611942484, 52.39373109956173, 82.34849036207859, 26.033333667500447, 93.85472081586684, 69.91859565131487, 0.0, 60.56931904752999, 35.123047429910464, 24.168432695313147, 69.04564823835888, 17.739613869860534, 28.475264269069964, 35.187462380161776, 34.051395727752194, 79.693291594289, 16.243302716883033, 73.39107130161368, 19.888442042135257, 13.238473697430269, 81.03892190435626, 67.6016719029084, 74.37135619107956, 60.98395095520928, 84.16068513759433, 58.334039902276515, 75.5951470884562, 68.08136272039675, 92.11473150568025, 16.773431612087425, 70.24870061836528, 68.67326042223695, 74.0597439925036, 80.21091530809147, 90.82064693430148, 52.4605198692285, 55.02450056414687, 55.02264936041749, 63.20063429229938, 74.42242487315114, 66.8788965064218, 33.65200295759907, 35.955778701703565, 63.42302052111044, 30.196275432370665, 13.93994435527664, 45.45737793931743, 39.11205575905754, 50.3136782955015, 44.508602088173674, 24.05672657885479, 24.1643630640098, 72.6072771570593, 63.104768977091204, 51.00095586623806, 51.05812749164821, 79.42639179488751, 40.501930490932985, 16.555126404157065, 42.90953439754667, 74.82419004454992, 56.96607899583311, 79.23734060687931, 63.94203797532689, 32.670006062987014, 88.90178348459726, 65.93247915812277, 75.33891287961923, 76.80964027074418, 67.18643313147332, 32.70958244279902, 28.826664144865976, 20.325853398378335, 65.89228689753745, 9.729792613228174, 16.90056208104712, 73.47029215094689, 17.031909314189054, 27.141035109438942, 22.76019355503808, 18.048696068489363, 60.51486948162156, 10.012013059782936, 46.0075209202549, 31.652026775003662, 71.34738154640254, 63.15866372289482, 38.268386427263756, 24.40876809931185, 27.314631262714755, 58.920257453541105, 29.465898828854307, 63.602370074253976, 67.01553536880158, 65.35463365671103, 53.048382801430016], [72.1354077424708, 55.876059515469976, 6.787058664596423, 8.17951419859416, 30.90640751912965, 74.23908223244345, 34.61825263119916, 14.756577784043804, 60.56931904752999, 0.0, 41.898701867989686, 37.693664114952334, 47.544697782619195, 78.16991887101157, 89.0377155882539, 53.31296942969433, 56.36150882518403, 44.17367189283133, 48.46731434265683, 14.082729602903928, 40.77297965541215, 47.93591774928665, 40.02252694796998, 65.64773523693206, 49.551405527046875, 11.21152908021739, 23.633776178851356, 30.335185710925987, 80.77535158088936, 80.76789319855594, 35.052430102418434, 60.6548004261938, 38.76058456282549, 15.279668325234072, 27.54995290381665, 21.031237365113896, 34.216757952764745, 16.59393194663841, 41.31046906428947, 7.5140665605928305, 67.11408361601896, 39.418685513786166, 20.583754985374238, 93.86337761465035, 25.755683842176715, 43.12808048994764, 67.00937410345858, 69.47385832521712, 41.633434715632426, 33.70492227005364, 31.685229423180324, 35.620329091668275, 41.93099725530897, 73.2571016372243, 29.48406008742529, 26.996389393647192, 29.582941735578554, 14.770586888655528, 18.905691670088775, 59.77707266229487, 64.3040159165591, 28.475688036488076, 15.450002793243979, 4.99831109472601, 40.27081776436457, 26.5778902019561, 28.13204747478801, 38.387977759599714, 54.381664590020904, 14.838480267175333, 17.504506841336237, 18.663896838604366, 29.157856463985976, 89.09208236374408, 74.67339136851668, 44.46470791369579, 70.29024675420051, 76.35556942706397, 17.944333765464805, 44.28257596079565, 35.72486695612518, 42.27731932933387, 68.66830388482732, 64.84861092992143, 60.95602570195326, 21.29219099279762, 92.21805789011562, 39.77018524091681, 56.225167276862024, 22.862758860777824, 38.66007549113739, 57.05339693658965, 20.615595117630214, 62.13638396070785, 41.081932705631885, 21.48533724504071, 35.10045700198277, 58.13686095618475], [74.97920603327378, 53.25780205845575, 46.32315251759856, 35.60730763953267, 71.67368989561521, 35.59848604581683, 75.92028668657657, 44.36128416967879, 35.123047429910464, 41.898701867989686, 0.0, 29.884684056802296, 74.52606422848734, 50.79033713372423, 59.658807393820425, 55.15309448948359, 14.476121691164504, 78.69742435649503, 19.038348655744134, 55.896093888640564, 25.947573673889153, 24.07325565118569, 76.94985551380987, 83.20379705435558, 78.76265061056763, 36.17915313474671, 62.1789619006118, 57.929750803092084, 95.48713418688914, 90.81948251683596, 76.93934279642878, 24.754749549424282, 35.954719032531045, 55.70136693568294, 43.39151292113586, 55.82112510428918, 76.11516038136409, 26.80244773019528, 19.9102627183038, 34.42862402584755, 81.21101423661081, 73.14063943904762, 57.9506688578912, 61.624484161596584, 30.959408193724173, 28.333644563638977, 59.44744106513333, 36.05564801376264, 10.362044959570618, 8.334085113105862, 52.72503858101403, 50.62138690091393, 12.38305112567747, 57.895093097177906, 66.39426009717121, 59.272317610606976, 18.595761952610587, 27.471434430389802, 57.82002315766788, 62.61550901134846, 28.478991383653238, 13.8645977734775, 51.452482436482704, 36.9536745694841, 76.19801365814948, 32.35237965261899, 27.10217561725854, 79.16144751439822, 76.31334318259516, 54.04679196993693, 53.04515344405615, 39.07521967764461, 18.39578392703555, 61.467623328466686, 39.03670045731606, 30.79180996446226, 42.56885195561158, 51.41830929482466, 47.27141325647968, 29.463881051775328, 15.30714836424354, 35.39529286977646, 51.712560329278205, 78.37967388303977, 28.950364222196626, 20.74691621527937, 62.50006222789526, 36.96724288417582, 29.634872432429894, 23.060098430976858, 15.41428557717425, 51.88351989021527, 29.685945996792288, 56.39063333991056, 67.58805987403433, 58.559440679703755, 31.41316456665226, 70.09554152674052], [45.71791311795187, 24.411702332965525, 44.4092510609699, 29.6084530230051, 58.232243462522916, 44.81281470342699, 69.96143680005892, 49.028630062470775, 24.168432695313147, 37.693664114952334, 29.884684056802296, 0.0, 48.95754692275735, 41.096951497603165, 52.120594978420556, 25.454174345883295, 38.585320217944485, 57.30965030848779, 18.84339754462, 49.73406230565192, 5.782249128562161, 14.345155402425782, 57.84474929028784, 53.946961912196805, 53.92048109132222, 40.466675506408656, 61.264968074140235, 35.50621124885827, 65.68640470451291, 60.96603109097949, 67.98980216340145, 31.06005786054884, 57.03436275699357, 44.56183529752332, 56.11969599770336, 58.26976685266754, 66.67922687141727, 33.58824998003057, 46.18787449878955, 33.28824759762514, 51.51014808243584, 51.831272865377414, 42.76270376947192, 57.781391364434256, 12.107066830853036, 53.501578494277645, 33.02915848575981, 35.92703935180259, 38.58652395456575, 28.15613313925326, 28.06337061826388, 23.581607615582264, 18.85528747543315, 36.38655538821634, 48.85578192116206, 39.57610229795485, 37.52239669678255, 31.29970976647285, 56.55782133052296, 33.01542925226254, 33.682128120787844, 28.92493216252323, 52.717845817890584, 34.80784399474813, 56.26469198822081, 47.70688472449904, 9.822401018424802, 64.89349755287795, 48.50908291347854, 52.51553939703573, 54.76428233266246, 47.93357235650088, 15.17944290518015, 51.767662783393504, 42.09656579307226, 55.91336920192033, 33.74473304654494, 38.86851519442056, 52.67469769777154, 7.136978121964047, 14.671419259437108, 6.211337457615684, 31.291714505392196, 48.66831679768583, 28.043942933991406, 28.408847412109235, 55.30578782262709, 58.23880280230347, 58.8585734808481, 17.83692486687791, 14.683471564266606, 23.85166488268904, 41.336422666863086, 28.92493982345378, 42.63189881203632, 42.93080870020253, 51.88492707750932, 40.38512024647592], [43.347837824157004, 43.19563097740198, 51.27984693737575, 46.353192319665325, 34.71059168604078, 93.15950998968867, 54.61073461320733, 61.440912175632185, 69.04564823835888, 47.544697782619195, 74.52606422848734, 48.95754692275735, 0.0, 81.47315946125171, 91.70463898898983, 37.42612205247491, 86.27209811397721, 15.87619121631236, 67.79816720050896, 45.85664165271477, 54.72973837987404, 62.999370016961095, 21.81746256385413, 22.502145588477926, 5.438451176957835, 58.45381134970751, 58.53738501691261, 17.856547639359285, 37.24606993112907, 41.38564370510152, 48.07507808658362, 79.80479202685963, 85.62049753505453, 36.6707368127411, 74.97075358876765, 62.25119760843394, 46.45703540015243, 59.93007823040443, 83.6252260338898, 51.53670768191151, 27.226282068210892, 14.18524571933085, 29.151680103626024, 99.20378382228415, 43.59060753519074, 87.91017234244276, 52.836890740367195, 82.69718082679921, 79.83726955078077, 68.93924640855165, 21.822573475808156, 25.391159790902787, 66.45411759297416, 64.86659509724107, 23.635101590973942, 20.726915561912985, 71.71648004620226, 56.89754907371151, 55.89143877326692, 37.664614750827496, 82.08512012678062, 66.04660408398134, 58.16517347333549, 50.27135338929457, 19.12747725548236, 73.39638373069938, 47.62226887654555, 35.98105274684291, 10.242006167759328, 53.96295193704421, 59.63140006164939, 66.20629424561038, 56.13037929982404, 89.55628484735827, 89.12182681998266, 89.71706732335718, 76.77629919142477, 77.46815572485856, 63.86778554384377, 54.58579298744522, 60.386490514262825, 47.13382305685563, 64.13182693594831, 26.471611611207404, 75.85705539923799, 60.36156133491271, 94.56928576332837, 86.71096285357669, 98.64669246265444, 52.190098033814536, 61.86678741425927, 46.419684872112626, 66.68215739577926, 48.703052475567794, 7.045275647558951, 28.240887761535674, 81.39971694681435, 25.364303633517864], [52.973082177246134, 38.94520132586875, 84.69772693775185, 69.99045733917826, 98.59742244561643, 27.865225341897027, 111.05781265411457, 87.6503832235732, 17.739613869860534, 78.16991887101157, 50.79033713372423, 41.096951497603165, 81.47315946125171, 0.0, 11.046152523757737, 44.68085840735525, 45.93596875398264, 93.72575576187975, 32.95682053532954, 90.75436625708147, 37.398609171297224, 30.91742900097548, 95.86969140416637, 75.66439324432858, 86.90693705764787, 78.7113277870167, 101.790297077803, 73.18699852989734, 80.60056321486606, 71.6321200475197, 108.96228643125241, 27.537447110296117, 86.62123327957318, 85.58489342694338, 91.45938965844154, 97.9418879769141, 107.61313237834558, 70.1122955730417, 70.51748909079042, 72.7422923724785, 70.24863731746453, 88.73678680409891, 83.20184581618419, 17.761665514392362, 53.143906394193415, 78.96611889243393, 33.176146620216166, 16.949293281188137, 60.814953425764664, 55.888738036295614, 64.96302571217106, 58.610098379735135, 40.964153702832085, 21.52000200433635, 88.21096607949303, 78.5422532150515, 67.85975018183102, 68.7731232076991, 97.05662273807984, 47.61900679351017, 24.819238005537503, 60.088395005959825, 92.54299969653928, 74.658633995449, 93.85288285388634, 81.12171318185949, 50.12257649949009, 104.83520445193588, 76.62483491475044, 92.97302575691567, 94.53360110480489, 84.80382816497479, 50.434132401487894, 11.113802036694887, 19.389345739357285, 81.38110577735186, 8.382443110210746, 4.73088221679531, 91.19554299869468, 34.09606144443161, 44.72632215023857, 38.3647298680995, 18.59135510494998, 67.87635737364141, 21.92570804015456, 63.597518233358294, 14.22195476378965, 87.67065323855675, 76.58067331363053, 55.9993737279856, 41.91083209711912, 35.611322993065315, 76.37855534095746, 35.11717025633626, 76.86019413531378, 83.24927347536232, 81.88668044899272, 61.59938379684732], [60.357354656632964, 48.72566382703585, 95.51860647734415, 80.86005753116358, 109.61727555697077, 31.268604643219593, 122.07487074859503, 98.16929778273213, 28.475264269069964, 89.0377155882539, 59.658807393820425, 52.120594978420556, 91.70463898898983, 11.046152523757737, 0.0, 54.52120180986464, 52.85644281572624, 104.34226058937692, 42.81876733547189, 101.73303966022713, 48.298474403194824, 41.44891400525665, 106.66477253341662, 84.48289310690707, 97.14301668384932, 89.21716457083522, 112.63545635064882, 84.02986546039104, 88.09083745938074, 78.6241669040056, 120.00789063899005, 35.28100441468332, 95.61211148148303, 96.62702806663502, 101.39224323240273, 108.61677466690885, 118.65926817788467, 80.44437886178002, 78.98644921779847, 83.46276986465003, 78.75471543240712, 99.43207705253863, 94.23273978616368, 8.267621138120543, 64.14643095464787, 87.38606059986525, 41.46409022793479, 23.867198838025303, 69.31950615019294, 65.42377722796029, 75.79192170816751, 69.36380234821833, 50.777390455939496, 28.936398693228142, 99.15654422206069, 89.47364900927982, 77.3619848220356, 79.2474873935059, 107.90112863970832, 56.652758405730296, 31.930111627447218, 69.91589905345812, 103.25993743798453, 85.43140840063077, 104.60511659264837, 90.84703166019098, 61.05683856089071, 115.81639488566162, 86.35850329017762, 103.81386595676999, 105.23522411017845, 95.04885468211633, 60.97280407202175, 4.303800366307078, 23.37094489347731, 89.74117228059686, 18.784387597267617, 14.304031880102833, 101.68108654174958, 45.09269721540641, 55.05110771178944, 49.39065788409059, 27.783905562917685, 76.54196505232365, 30.842699564392813, 73.8488746248538, 3.187839670254007, 96.61608276766435, 83.609038286024, 66.69393277257386, 52.16600944958493, 45.421602444397664, 86.42110546087018, 44.19135992648253, 87.33882332607683, 94.27332286937407, 91.03362701468139, 70.80082467150744], [20.53980936984028, 5.800102688074104, 59.84036936013676, 46.72160536162925, 61.58458746106369, 61.09977537870738, 78.39375876113671, 67.32441833599613, 35.187462380161776, 53.31296942969433, 55.15309448948359, 25.454174345883295, 37.42612205247491, 44.68085840735525, 54.52120180986464, 0.0, 62.08155048095166, 51.23175517627525, 40.622720010330724, 61.13929338979272, 29.348841448913532, 34.56825758797787, 54.78734844029422, 32.41520322037324, 42.84400914059701, 60.025723954846335, 74.53724050232076, 33.799783602557596, 41.55310044623469, 35.7685412182436, 74.12782000701827, 49.66654192626234, 80.98401080568298, 53.06319415405288, 77.26505579721476, 74.06572252923874, 72.55615313060406, 55.53212259439463, 71.47104364104275, 51.909479580601136, 28.26803174398304, 46.922113963349815, 47.82124986959279, 62.23914232568401, 31.03194778616834, 78.50191630023937, 16.309026367939644, 49.075789875251964, 64.04068303093915, 53.51798010827456, 26.2382008885315, 19.72405515379456, 43.43666539952443, 27.56275770280476, 49.62223253841189, 40.29856653667134, 62.063743176012125, 52.68971375735494, 70.25295510664718, 7.599061374181176, 50.80287663285266, 53.7280150034391, 68.58379240820236, 52.45673307173601, 52.40306457779632, 70.51747062084785, 32.13146743793904, 66.32083133765758, 31.94399027245475, 66.66926039203447, 70.59837590390104, 68.32870491323602, 40.017747468542055, 52.199870049162634, 55.37505203603148, 80.86141824009428, 41.129805253158274, 40.432948349458876, 70.83512102558204, 26.534965344238188, 40.09308673622949, 19.76554680992881, 26.789271867701686, 25.50524357759418, 44.03700044081571, 51.759692634853295, 57.30662971283819, 82.19700025409647, 84.31049940651555, 40.639381061987756, 39.756403082879544, 9.103046274414393, 63.63603090302025, 11.611359671522292, 33.87865922945753, 47.467000788144816, 75.88993208519548, 17.861072275098604], [80.50028017607913, 58.997660243815474, 60.774421712115696, 49.90714808825879, 85.90675928458347, 24.285077942746156, 90.37168739397254, 58.38191880390216, 34.051395727752194, 56.36150882518403, 14.476121691164504, 38.585320217944485, 86.27209811397721, 45.93596875398264, 52.85644281572624, 62.08155048095166, 0.0, 91.78945812776014, 21.567092027354793, 70.37040141900086, 33.35141609267457, 27.699282078413127, 90.49870910119982, 92.44787608637418, 90.82794368867032, 50.45172423970836, 76.44665605747957, 70.49528420033792, 103.50143527164093, 97.68512655903724, 91.40852913272992, 18.505045302150627, 45.60892687032292, 69.98004071311715, 55.893824994762845, 69.85561211022119, 90.57465773461654, 41.16398832597633, 28.058667439979587, 48.9006428166537, 89.6416884026785, 86.19781935320405, 71.86543582284611, 53.04982677472553, 42.9925513500836, 35.94857300969598, 62.72852998727091, 29.263335190370455, 19.400534049382742, 22.775342279608324, 64.51738214727662, 61.429815178819084, 19.93079760540498, 58.21249100159295, 80.09580591599533, 72.48970070587407, 31.543610447818843, 41.938544349442026, 72.15224587879575, 69.08922318001677, 21.177138250707213, 28.252503943137842, 65.67397625277889, 51.42471627267308, 89.58322582113102, 44.82176231717159, 38.78574586258764, 93.36799496543821, 86.90359775616602, 68.42717150753262, 67.20121145257148, 52.6675532924697, 31.007954807417008, 55.498796233951744, 30.01411712546966, 38.09123374758276, 38.616946219746374, 47.852095262137944, 61.11961595150328, 35.57364179271603, 25.91868263537275, 42.86328090039223, 52.06612010341964, 86.79952849358465, 24.970878083878056, 35.21837566926624, 55.311707826254164, 46.409837424174285, 30.780479495644357, 36.5609044557818, 24.468417035336508, 56.93025513873792, 43.28508602078975, 60.6726351629928, 79.5081209255574, 72.42729359537502, 41.88722417437133, 78.57653001913933], [59.14064699199643, 56.81434325034362, 45.903627083057536, 45.78510535036857, 21.929504738977855, 102.11332767482024, 41.50463570571679, 56.02345844375718, 79.693291594289, 44.17367189283133, 78.69742435649503, 57.30965030848779, 15.87619121631236, 93.72575576187975, 104.34226058937692, 51.23175517627525, 91.78945812776014, 0.0, 75.61523619716715, 37.916557370915505, 62.994085830989675, 71.65215499461367, 6.986176574335387, 37.54358984328802, 12.257490434324003, 55.355456025468676, 48.696154629159196, 21.837484714782164, 51.34987352029259, 56.661397532757064, 34.37601281051523, 88.25680079183421, 82.85661554400917, 30.044078336945766, 69.94244539543331, 54.02091048592953, 32.84688514209159, 59.28644397045957, 84.17088404797138, 49.997150564595145, 42.81821052961914, 5.5972016501114235, 23.594930394982295, 111.468501305245, 49.068573019060786, 87.03839219929776, 67.24361456379516, 92.77320134077179, 82.15826909622209, 71.93939340128014, 29.446426358026137, 35.26953952132018, 72.71487367286322, 78.7672883246502, 14.904526878153579, 19.440103755467863, 72.08089975866385, 56.571825943622905, 47.086197113611426, 52.60493504153793, 90.98767022169955, 68.04840599949046, 50.99527038338032, 48.113102553240424, 4.816385016637951, 70.73247781084258, 53.37458416321063, 21.131641944383688, 25.887602235767947, 46.18246575202716, 52.04736425865442, 61.99691118730996, 60.79359401882341, 102.5639401824665, 99.1020497376635, 88.51045241328185, 88.20181373213552, 90.03889183562497, 57.70667754218999, 63.81088567134823, 66.15296150438806, 57.00267791931105, 77.3193798757289, 42.255990509720206, 85.25319016650465, 61.452996778606504, 107.3278087352709, 83.83100940605453, 99.33745844736707, 55.63865070304559, 68.18117495587452, 59.85813237475083, 64.6968634777769, 62.799647291207094, 17.356393384809795, 22.688421129532585, 79.27282748405898, 41.07850025267282], [58.96662698139093, 37.43056871578603, 54.45742032608924, 40.54413997957742, 74.04928504467706, 26.95235160685764, 82.86418549605898, 55.83100244481049, 16.243302716883033, 48.46731434265683, 19.038348655744134, 18.84339754462, 67.79816720050896, 32.95682053532954, 42.81876733547189, 40.622720010330724, 21.567092027354793, 75.61523619716715, 0.0, 62.14788936040511, 13.089545214701731, 6.133591598239599, 75.57545255686506, 71.6232153390267, 72.73573592658116, 46.90235133008104, 71.5191722160206, 53.786569571917944, 82.1382424491496, 76.13692816989452, 82.17594384924314, 12.88802182805758, 54.03393139407114, 59.03799728749703, 58.59314222165218, 66.68087141478037, 81.04671874117163, 37.84237951866219, 38.87280764126232, 42.01648540504912, 68.46068752392769, 70.0676581404582, 58.851202878211595, 46.30376321320367, 27.229677058579885, 47.238565842524146, 41.69412569625871, 21.103234994172492, 29.400330074223056, 22.99376529508877, 46.7027929184206, 42.424836997118675, 8.00778096658994, 38.976305498227894, 65.95755258259342, 57.172659739321844, 34.947546075676804, 36.93910646226044, 66.83187096869432, 47.542598929589964, 16.173853353695403, 27.15145713823197, 61.53461230736827, 44.24470411020559, 74.20463902675485, 48.169217300844146, 23.044205457561304, 81.14063787956209, 67.10742570097554, 62.76945886522427, 63.42804534949581, 52.30713966932419, 19.32031056326845, 43.980861445563775, 26.22784533602314, 49.714843232068745, 24.575886974093162, 32.93719739572255, 59.2525133137516, 14.313601667701926, 12.826036906942159, 21.917220345919226, 32.769042922773366, 65.62906687118006, 12.636588306150347, 31.17062430022437, 45.86797086385496, 55.12510247910867, 47.9266971132711, 25.617547749407557, 9.85553798790775, 35.398779437995216, 43.602775658289595, 39.29663333125188, 61.42457738127672, 59.194861476653536, 49.173121021221455, 57.48320057416049], [78.09714348574454, 64.65907141444487, 10.502092547992774, 21.616964884450773, 19.575875921014045, 88.20547121399292, 20.71637494026336, 19.107508905464112, 73.39107130161368, 14.082729602903928, 55.896093888640564, 49.73406230565192, 45.85664165271477, 90.75436625708147, 101.73303966022713, 61.13929338979272, 70.37040141900086, 37.916557370915505