instance_id,num_cities,city_coordinates,distance_matrix,best_route,total_distance
1751,35,"[[55.258027524808384, 71.21458714962421], [4.280248131210196, 41.37370940725438], [52.50690516132139, 87.1833810044126], [26.52404044691561, 38.87606472095546], [84.3351498868974, 19.0523787254409], [90.47118936579052, 60.13566210786298], [94.3562146208862, 55.95460683723227], [80.42049013307408, 24.65370926220275], [61.3198075030133, 99.80155421452034], [54.846435773998216, 93.42270169749386], [90.78752454807713, 91.46629072589518], [63.76787766426318, 76.16452750679399], [71.66933412532943, 33.98430039969731], [40.609722110612246, 96.46996159944482], [27.345460130174114, 38.406751727977074], [86.97435643580872, 32.71335452619889], [82.59488615890353, 6.558934920737924], [48.12281084654501, 30.277554624741676], [27.37648835686676, 98.3336687841549], [23.772551147230548, 13.902793927780099], [56.114801370945635, 77.30304418142087], [62.28970886750717, 13.560790518948318], [1.3509965357730525, 64.7290467732438], [77.50564515896892, 88.03695351734827], [82.66168218406263, 97.42924831569037], [25.131032336791648, 92.67408258421814], [7.567999100361833, 76.62331346463188], [46.12885922190121, 5.017753008390713], [53.7660667767714, 94.06586618147347], [55.28996847699275, 8.646499422929665], [87.81958230393381, 95.91518131317783], [39.27810048621886, 29.48507745460053], [19.717870968429697, 67.1871428293537], [33.15690642421155, 77.4535711195268], [62.87567396497455, 11.068942274343897]]","[[0.0, 59.069552024181014, 16.204044292571087, 43.2599358097307, 59.71913455960189, 36.914893294172806, 41.9706472827677, 52.92508737980261, 29.22259164539692, 22.21192831657429, 40.89592469265867, 9.844768099631242, 40.68691725626418, 29.196006406839608, 43.07511443529645, 49.882566424692556, 70.19727348781568, 41.55420494954823, 38.89504872183351, 65.3909539999718, 6.148444555451328, 58.08101934743048, 54.295766170360615, 27.8917281753165, 37.92319539194086, 36.98845473071484, 47.995761599074314, 66.82336839927169, 22.89993232009904, 62.56809587960761, 40.87021166652511, 44.684561624186486, 35.76762552651191, 22.964853034146508, 60.6261258431603], [59.069552024181014, 0.0, 66.5156858202594, 22.383577139573386, 83.10853806029557, 88.20934882450246, 91.24846469345536, 77.95444090590942, 81.65368566177162, 72.56746468738629, 99.96387135474927, 68.9142880068931, 67.7930105291376, 65.99566413974104, 23.255254082201976, 83.14636068378755, 85.70444009475605, 45.224937328928895, 61.46440664953492, 33.6838399555154, 63.06931113368131, 64.33238680480831, 23.53831553846945, 86.82981700286548, 96.3632328561928, 55.37583850456323, 35.40259725835156, 55.43520375984906, 72.28630321534126, 60.60579050811091, 99.76769272508322, 36.961997229162925, 30.077459066573347, 46.21274516134553, 65.96819566745866], [16.204044292571087, 66.5156858202594, 0.0, 54.85167331337373, 75.1988738868369, 46.61401047608403, 52.21686545769643, 68.47720842852587, 15.391086473815923, 6.663522056597706, 38.519464382517434, 15.755146273963721, 56.54503391976742, 15.092499583902924, 54.8840402997654, 64.45920401227788, 86.05572558993521, 57.074454521389036, 27.493031232235673, 78.71281689091693, 10.518458575056858, 74.26970498220749, 55.86702169500796, 25.013308207928464, 31.847894345647926, 27.921071196200643, 46.162975471696775, 82.41280176032126, 6.996719959115507, 78.58617696492755, 36.37622167859843, 59.19540105158736, 38.405342134347705, 21.658523761377964, 76.81744040058216], [43.2599358097307, 22.383577139573386, 54.85167331337373, 0.0, 61.115488226228806, 67.38848815566476, 69.94912761418347, 55.741391116186946, 70.16167525831105, 61.461318587497104, 83.03931153418168, 52.70230419633613, 45.40954634749135, 59.291343260049906, 0.9460364588232497, 60.76363797619085, 64.71735947473184, 23.24739251293782, 59.46371455245097, 25.124389494583685, 48.49995755171475, 43.8183311582551, 36.08405216641078, 70.82313891848734, 81.11664520236894, 53.81604962844079, 42.2396293928964, 39.124598288355976, 61.54707291015514, 41.728949585859255, 83.7293513241719, 15.838456027119328, 29.117710875508386, 39.14356793912101, 45.76764488360872], [59.71913455960189, 83.10853806029557, 75.1988738868369, 61.115488226228806, 0.0, 41.53898354518239, 38.23867385275645, 6.833700664373938, 83.96508397669568, 80.0033074253794, 72.70081010537481, 60.70263771125067, 19.58022404856778, 88.91228920836755, 60.18651421114926, 13.913578656719194, 12.614065797523107, 37.912241726699214, 97.62075638237256, 60.781136791690535, 64.72656407091512, 22.719133142994288, 94.72448316751112, 69.32181254157351, 78.39473311976643, 94.4737149367814, 95.95628153814046, 40.702473701187515, 81.00303785976267, 30.8529558906874, 76.94174218790677, 46.24909624488456, 80.57510937111027, 77.65250721629651, 22.896383216837776], [36.914893294172806, 88.20934882450246, 46.61401047608403, 67.38848815566476, 41.53898354518239, 0.0, 5.7074201184773585, 36.87798168024089, 49.22586780470649, 48.75602601850947, 31.332225544136033, 31.144684647720787, 32.20874849593768, 61.69560143464994, 66.76079117135647, 27.644362782375666, 54.15257933183278, 51.81594103828395, 73.75655231535384, 81.15532293304777, 38.40677548703925, 54.437252930314315, 89.23848918904697, 30.766660509325074, 38.1024930242381, 72.99373211221851, 84.52680996848416, 70.74055517231514, 49.985245550579975, 62.3606620973664, 35.87763947884507, 59.6673335135611, 71.1038356532464, 59.87350834587562, 56.29436442005297], [41.9706472827677, 91.24846469345536, 52.21686545769643, 69.94912761418347, 38.23867385275645, 5.7074201184773585, 0.0, 34.262962598156854, 54.89953542211913, 54.4507186085506, 35.690548348884846, 36.66179552670447, 31.58146468387533, 67.30660761518793, 69.27025650558761, 24.385398074456564, 50.77658172103151, 52.88514569219068, 79.26076344512511, 82.1608697515663, 43.796820254345825, 53.15539909792692, 93.41820693660382, 36.23835895420831, 43.091855085184676, 78.36099642934361, 89.21541227213211, 70.14585438043206, 55.677896788681856, 61.353309730596145, 40.491666729027315, 61.108384386837194, 75.47881959859004, 64.8657135084703, 54.82469628954309], [52.92508737980261, 77.95444090590942, 68.47720842852587, 55.741391116186946, 6.833700664373938, 36.87798168024089, 34.262962598156854, 0.0, 77.53731152104687, 73.37033853626473, 67.61210279531612, 54.13569892652823, 12.792289179305532, 82.11255293988062, 54.8279580768254, 10.388024128561502, 18.224951482670036, 32.78365025370481, 90.78767845688527, 57.65909444200261, 57.988955617750676, 21.25507176050642, 88.64545952476912, 63.45023225749849, 72.8100406972494, 87.65669016266379, 89.48924634071156, 39.51565169081395, 74.35392264462229, 29.79553465781901, 71.64456688280542, 41.425093173874366, 74.12085364092277, 70.86375489033276, 22.18933231277648], [29.22259164539692, 81.65368566177162, 15.391086473815923, 70.16167525831105, 83.96508397669568, 49.22586780470649, 54.89953542211913, 77.53731152104687, 0.0, 9.088140677607644, 30.623895331468738, 23.763461008366832, 66.62599793647271, 20.97634730627259, 70.16821254508343, 71.82605668116055, 95.63898276633624, 70.76543817224888, 33.97504381592226, 93.74643181820699, 23.092748700497722, 86.24621749069544, 69.47185809407283, 20.009676913654864, 21.473319496045267, 36.88398432751136, 58.53620888659551, 95.99340540246773, 9.484572535002437, 91.35427178155173, 26.783240260054257, 73.69018762455791, 52.862282900272184, 35.952487335210755, 88.74625142603713], [22.21192831657429, 72.56746468738629, 6.663522056597706, 61.461318587497104, 80.0033074253794, 48.75602601850947, 54.4507186085506, 73.37033853626473, 9.088140677607644, 0.0, 35.99429685597446, 19.42773022763889, 61.77324224757128, 14.559182973068197, 61.50657210746329, 68.68644786285292, 91.1882145751862, 63.502100209399174, 27.90547632322794, 85.3756524865342, 16.169480811795047, 80.20802435813047, 60.70492444771331, 23.290471300767745, 28.10231927539759, 29.724831908905887, 50.17439605318103, 88.83372723050988, 1.2573216468436466, 84.77736250530828, 33.06721709970774, 65.80572055268551, 43.84427687193249, 26.93415702841691, 82.74424667040903], [40.89592469265867, 99.96387135474927, 38.519464382517434, 83.03931153418168, 72.70081010537481, 31.332225544136033, 35.690548348884846, 67.61210279531612, 30.623895331468738, 35.99429685597446, 0.0, 31.051654953310216, 60.57792020944221, 50.4266653633181, 82.70556339374606, 58.87654680038566, 85.30169044983418, 74.59449859668143, 63.78181866518121, 102.50415940569135, 37.453908810664274, 82.95415879302458, 93.34759106200462, 13.717458722253983, 10.078996842072575, 65.66760031144447, 84.53285390734962, 97.30234355970147, 37.112614136730095, 90.10657200496833, 5.348019130685922, 80.59089009166021, 75.10241462505202, 59.30973323245962, 85.1046710880995], [9.844768099631242, 68.9142880068931, 15.755146273963721, 52.70230419633613, 60.70263771125067, 31.144684647720787, 36.66179552670447, 54.13569892652823, 23.763461008366832, 19.42773022763889, 31.051654953310216, 0.0, 42.91392050386889, 30.79952633301493, 52.461815931122054, 49.25997452662548, 72.10682885908437, 48.48074252741051, 42.61225223686345, 74.00101088139378, 7.737299074595896, 62.621185455363744, 63.45578988095149, 18.157113072145563, 28.445811647986158, 42.01632094452655, 56.20175117514015, 73.30074005858762, 20.505953949395387, 68.04821129553, 31.121902606582044, 52.713567925207684, 44.95549494277329, 30.63810036041392, 65.10169924200288], [40.68691725626418, 67.7930105291376, 56.54503391976742, 45.40954634749135, 19.58022404856778, 32.20874849593768, 31.58146468387533, 12.792289179305532, 66.62599793647271, 61.77324224757128, 60.57792020944221, 42.91392050386889, 0.0, 69.77934761857834, 44.54395449092288, 15.357702020082021, 29.521489781053265, 23.836499800903827, 78.11976317006761, 51.93619856932885, 46.02669933890341, 22.474365971618177, 76.74573623943233, 54.36682660904978, 64.39016331635918, 74.9019630332044, 76.98744434734016, 38.61834701363404, 62.69227646643436, 30.170975744582723, 64.00206658343322, 32.702217413703515, 61.65535880644359, 58.07567980099464, 24.544695904186984], [29.196006406839608, 65.99566413974104, 15.092499583902924, 59.291343260049906, 88.91228920836755, 61.69560143464994, 67.30660761518793, 82.11255293988062, 20.97634730627259, 14.559182973068197, 50.4266653633181, 30.79952633301493, 69.77934761857834, 0.0, 59.55902103345727, 78.83263449613655, 99.23077505784721, 66.61742447332176, 13.363827298031387, 84.26640791781111, 24.653158138027067, 85.69686385763586, 50.4849800214349, 37.84738779497157, 42.06290024502626, 15.93733147714562, 38.54406441559045, 91.6185970785128, 13.374194545971184, 89.04195720022902, 47.21311979353831, 66.99811877992369, 35.971557087080825, 20.42468037791967, 88.25591602689896], [43.07511443529645, 23.255254082201976, 54.8840402997654, 0.9460364588232497, 60.18651421114926, 66.76079117135647, 69.27025650558761, 54.8279580768254, 70.16821254508343, 61.50657210746329, 82.70556339374606, 52.461815931122054, 44.54395449092288, 59.55902103345727, 0.0, 59.90008385908436, 63.771329858263954, 22.311031987210473, 59.92692508888528, 24.76306981119734, 48.3797122981502, 42.876827170596066, 36.99426109561745, 70.56345436397395, 80.89214749134634, 54.3124929340648, 43.03084423709685, 38.30980705949371, 61.61156934636247, 40.82362262226977, 83.45261485443585, 14.899133454900545, 29.77399920011687, 39.476917466093845, 44.83025675667941], [49.882566424692556, 83.14636068378755, 64.45920401227788, 60.76363797619085, 13.913578656719194, 27.644362782375666, 24.385398074456564, 10.388024128561502, 71.82605668116055, 68.68644786285292, 58.87654680038566, 49.25997452662548, 15.357702020082021, 78.83263449613655, 59.90008385908436, 0.0, 26.518548693411123, 38.927827011465396, 88.6449746058279, 65.94168167223317, 54.22686199984586, 31.243439849400154, 91.41315173774792, 56.12804199843121, 64.85943314718696, 86.13875808754037, 90.73838261320041, 49.34978202671765, 69.76332265946861, 39.78836456662322, 63.20747832321296, 47.80538258878171, 75.57696022859413, 69.98574788175557, 32.39177485965134], [70.19727348781568, 85.70444009475605, 86.05572558993521, 64.71735947473184, 12.614065797523107, 54.15257933183278, 50.77658172103151, 18.224951482670036, 95.63898276633624, 91.1882145751862, 85.30169044983418, 72.10682885908437, 29.521489781053265, 99.23077505784721, 63.771329858263954, 26.518548693411123, 0.0, 41.84371992311478, 107.10589727706405, 59.27899595422315, 75.5375660546783, 21.47850568948475, 99.92162685839564, 81.6368047413971, 90.87033794482032, 103.5273546131265, 102.65500924181556, 36.498580277281, 92.13340244253813, 27.3846025197872, 89.50886112086513, 49.009712634296115, 87.34585641845536, 86.43010634036291, 20.228383422280128], [41.55420494954823, 45.224937328928895, 57.074454521389036, 23.24739251293782, 37.912241726699214, 51.81594103828395, 52.88514569219068, 32.78365025370481, 70.76543817224888, 63.502100209399174, 74.59449859668143, 48.48074252741051, 23.836499800903827, 66.61742447332176, 22.311031987210473, 38.927827011465396, 41.84371992311478, 0.0, 71.14804685530598, 29.343959093939855, 47.69977547732749, 21.912352719529753, 58.09051493298743, 64.80354243917996, 75.51346634099507, 66.49773364889427, 61.58426843126106, 25.338378416521177, 64.0374502049599, 22.787511879174605, 76.70809410636313, 8.880141970895263, 46.574223674833064, 49.49297755737331, 24.220193199455963], [38.89504872183351, 61.46440664953492, 27.493031232235673, 59.46371455245097, 97.62075638237256, 73.75655231535384, 79.26076344512511, 90.78767845688527, 33.97504381592226, 27.90547632322794, 63.78181866518121, 42.61225223686345, 78.11976317006761, 13.363827298031387, 59.92692508888528, 88.6449746058279, 107.10589727706405, 71.14804685530598, 0.0, 84.50775699557894, 35.61148418805789, 91.68082599863581, 42.504080333845906, 51.17572380509565, 55.29259112118362, 6.088759207967261, 29.389041745606686, 95.18146642140637, 26.732451968267917, 93.9305632924969, 60.49145962482016, 69.8697137488163, 32.07429655277844, 21.66544971879637, 94.20894156963551], [65.3909539999718, 33.6838399555154, 78.71281689091693, 25.124389494583685, 60.781136791690535, 81.15532293304777, 82.1608697515663, 57.65909444200261, 93.74643181820699, 85.3756524865342, 102.50415940569135, 74.00101088139378, 51.93619856932885, 84.26640791781111, 24.76306981119734, 65.94168167223317, 59.27899595422315, 29.343959093939855, 84.50775699557894, 0.0, 71.17311909532752, 38.518676056950845, 55.55208447489237, 91.55937423402301, 102.198817688312, 78.78300189595645, 64.78002067005137, 24.057191500023613, 85.59047337741727, 31.952718617671884, 104.05793523148661, 21.982484395855266, 53.43839695590605, 64.23992065405774, 39.20567470779269], [6.148444555451328, 63.06931113368131, 10.518458575056858, 48.49995755171475, 64.72656407091512, 38.40677548703925, 43.796820254345825, 57.988955617750676, 23.092748700497722, 16.169480811795047, 37.453908810664274, 7.737299074595896, 46.02669933890341, 24.653158138027067, 48.3797122981502, 54.22686199984586, 75.5375660546783, 47.69977547732749, 35.61148418805789, 71.17311909532752, 0.0, 64.04064634716055, 56.18878652227432, 23.932927267585207, 33.31367547659858, 34.58703174807095, 48.55156068085255, 72.97179154011373, 16.92656951657122, 68.66149930985816, 36.76417798101974, 50.69548735902494, 37.77655361319165, 22.95838841783922, 66.57826712726721], [58.08101934743048, 64.33238680480831, 74.26970498220749, 43.8183311582551, 22.719133142994288, 54.437252930314315, 53.15539909792692, 21.25507176050642, 86.24621749069544, 80.20802435813047, 82.95415879302458, 62.621185455363744, 22.474365971618177, 85.69686385763586, 42.876827170596066, 31.243439849400154, 21.47850568948475, 21.912352719529753, 91.68082599863581, 38.518676056950845, 64.04064634716055, 0.0, 79.57208749778462, 76.01462735677956, 86.3072158629529, 87.40526427463642, 83.49459455626187, 18.27994943030961, 80.9550472911965, 8.552579874576281, 86.22076386096701, 27.984228320658804, 68.47004486799355, 70.22113350746875, 2.55981694064011], [54.295766170360615, 23.53831553846945, 55.86702169500796, 36.08405216641078, 94.72448316751112, 89.23848918904697, 93.41820693660382, 88.64545952476912, 69.47185809407283, 60.70492444771331, 93.34759106200462, 63.45578988095149, 76.74573623943233, 50.4849800214349, 36.99426109561745, 91.41315173774792, 99.92162685839564, 58.09051493298743, 42.504080333845906, 55.55208447489237, 56.18878652227432, 79.57208749778462, 0.0, 79.64162871083376, 87.63977853413135, 36.693529799875684, 13.421054392780302, 74.63575275838203, 60.06653445438543, 77.81172669576169, 91.92057066994657, 51.77453609064393, 18.53063173898935, 34.25681572578833, 81.63756946161585], [27.8917281753165, 86.82981700286548, 25.013308207928464, 70.82313891848734, 69.32181254157351, 30.766660509325074, 36.23835895420831, 63.45023225749849, 20.009676913654864, 23.290471300767745, 13.717458722253983, 18.157113072145563, 54.36682660904978, 37.84738779497157, 70.56345436397395, 56.12804199843121, 81.6368047413971, 64.80354243917996, 51.17572380509565, 91.55937423402301, 23.932927267585207, 76.01462735677956, 79.64162871083376, 0.0, 10.714472426727383, 52.579492525658566, 70.86286414951043, 88.75072027249732, 24.49316985765927, 82.440163098796, 12.97858900779542, 69.92615649508038, 61.43404147231373, 45.59406332344471, 78.34609634079003], [37.92319539194086, 96.3632328561928, 31.847894345647926, 81.11664520236894, 78.39473311976643, 38.1024930242381, 43.091855085184676, 72.8100406972494, 21.473319496045267, 28.10231927539759, 10.078996842072575, 28.445811647986158, 64.39016331635918, 42.06290024502626, 80.89214749134634, 64.85943314718696, 90.87033794482032, 75.51346634099507, 55.29259112118362, 102.198817688312, 33.31367547659858, 86.3072158629529, 87.63977853413135, 10.714472426727383, 0.0, 57.72683321457247, 77.92270634482469, 99.37067786080407, 29.09070176442733, 92.90633569470276, 5.3755309072373985, 80.6135566448625, 69.83200064867076, 53.3830544506257, 88.59790393006398], [36.98845473071484, 55.37583850456323, 27.921071196200643, 53.81604962844079, 94.4737149367814, 72.99373211221851, 78.36099642934361, 87.65669016266379, 36.88398432751136, 29.724831908905887, 65.66760031144447, 42.01632094452655, 74.9019630332044, 15.93733147714562, 54.3124929340648, 86.13875808754037, 103.5273546131265, 66.49773364889427, 6.088759207967261, 78.78300189595645, 34.58703174807095, 87.40526427463642, 36.693529799875684, 52.579492525658566, 57.72683321457247, 0.0, 23.792589724412142, 90.13623493691706, 28.668837767869412, 89.2759551113063, 62.772279056552854, 64.75330035214714, 26.055448836433722, 17.206935349268875, 89.911383576465], [47.995761599074314, 35.40259725835156, 46.162975471696775, 42.2396293928964, 95.95628153814046, 84.52680996848416, 89.21541227213211, 89.48924634071156, 58.53620888659551, 50.17439605318103, 84.53285390734962, 56.20175117514015, 76.98744434734016, 38.54406441559045, 43.03084423709685, 90.73838261320041, 102.65500924181556, 61.58426843126106, 29.389041745606686, 64.78002067005137, 48.55156068085255, 83.49459455626187, 13.421054392780302, 70.86286414951043, 77.92270634482469, 23.792589724412142, 0.0, 81.32832361216684, 49.381212037716494, 83.05560552090546, 82.53782630870283, 56.811476164932984, 15.38378050638246, 25.60237305020926, 85.76895989274776], [66.82336839927169, 55.43520375984906, 82.41280176032126, 39.124598288355976, 40.702473701187515, 70.74055517231514, 70.14585438043206, 39.51565169081395, 95.99340540246773, 88.83372723050988, 97.30234355970147, 73.30074005858762, 38.61834701363404, 91.6185970785128, 38.30980705949371, 49.34978202671765, 36.498580277281, 25.338378416521177, 95.18146642140637, 24.057191500023613, 72.97179154011373, 18.27994943030961, 74.63575275838203, 88.75072027249732, 99.37067786080407, 90.13623493691706, 81.32832361216684, 0.0, 89.3750155184452, 9.853614733931561, 100.00229429131434, 25.40832266818541, 67.5468232505117, 73.58817367495323, 17.806535192765764], [22.89993232009904, 72.28630321534126, 6.996719959115507, 61.54707291015514, 81.00303785976267, 49.985245550579975, 55.677896788681856, 74.35392264462229, 9.484572535002437, 1.2573216468436466, 37.112614136730095, 20.505953949395387, 62.69227646643436, 13.374194545971184, 61.61156934636247, 69.76332265946861, 92.13340244253813, 64.0374502049599, 26.732451968267917, 85.59047337741727, 16.92656951657122, 80.9550472911965, 60.06653445438543, 24.49316985765927, 29.09070176442733, 28.668837767869412, 49.381212037716494, 89.3750155184452, 0.0, 85.43295906043846, 34.103693146271446, 66.18594593885612, 43.37908951145662, 26.470848827770947, 83.49535508738926], [62.56809587960761, 60.60579050811091, 78.58617696492755, 41.728949585859255, 30.8529558906874, 62.3606620973664, 61.353309730596145, 29.79553465781901, 91.35427178155173, 84.77736250530828, 90.10657200496833, 68.04821129553, 30.170975744582723, 89.04195720022902, 40.82362262226977, 39.78836456662322, 27.3846025197872, 22.787511879174605, 93.9305632924969, 31.952718617671884, 68.66149930985816, 8.552579874576281, 77.81172669576169, 82.440163098796, 92.90633569470276, 89.2759551113063, 83.05560552090546, 9.853614733931561, 85.43295906043846, 0.0, 93.13430417730753, 26.279768852408214, 68.50095657431957, 72.2792193600133, 7.963112275911046], [40.87021166652511, 99.76769272508322, 36.37622167859843, 83.7293513241719, 76.94174218790677, 35.87763947884507, 40.491666729027315, 71.64456688280542, 26.783240260054257, 33.06721709970774, 5.348019130685922, 31.121902606582044, 64.00206658343322, 47.21311979353831, 83.45261485443585, 63.20747832321296, 89.50886112086513, 76.70809410636313, 60.49145962482016, 104.05793523148661, 36.76417798101974, 86.22076386096701, 91.92057066994657, 12.97858900779542, 5.3755309072373985, 62.772279056552854, 82.53782630870283, 100.00229429131434, 34.103693146271446, 93.13430417730753, 0.0, 82.27535570096867, 73.9130792346822, 57.69609332765859, 88.43688620851226], [44.684561624186486, 36.961997229162925, 59.19540105158736, 15.838456027119328, 46.24909624488456, 59.6673335135611, 61.108384386837194, 41.425093173874366, 73.69018762455791, 65.80572055268551, 80.59089009166021, 52.713567925207684, 32.702217413703515, 66.99811877992369, 14.899133454900545, 47.80538258878171, 49.009712634296115, 8.880141970895263, 69.8697137488163, 21.982484395855266, 50.69548735902494, 27.984228320658804, 51.77453609064393, 69.92615649508038, 80.6135566448625, 64.75330035214714, 56.811476164932984, 25.40832266818541, 66.18594593885612, 26.279768852408214, 82.27535570096867, 0.0, 42.47408989384885, 48.35747513287708, 29.933250893659377], [35.76762552651191, 30.077459066573347, 38.405342134347705, 29.117710875508386, 80.57510937111027, 71.1038356532464, 75.47881959859004, 74.12085364092277, 52.862282900272184, 43.84427687193249, 75.10241462505202, 44.95549494277329, 61.65535880644359, 35.971557087080825, 29.77399920011687, 75.57696022859413, 87.34585641845536, 46.574223674833064, 32.07429655277844, 53.43839695590605, 37.77655361319165, 68.47004486799355, 18.53063173898935, 61.43404147231373, 69.83200064867076, 26.055448836433722, 15.38378050638246, 67.5468232505117, 43.37908951145662, 68.50095657431957, 73.9130792346822, 42.47408989384885, 0.0, 16.911748100626035, 70.79440933450098], [22.964853034146508, 46.21274516134553, 21.658523761377964, 39.14356793912101, 77.65250721629651, 59.87350834587562, 64.8657135084703, 70.86375489033276, 35.952487335210755, 26.93415702841691, 59.30973323245962, 30.63810036041392, 58.07567980099464, 20.42468037791967, 39.476917466093845, 69.98574788175557, 86.43010634036291, 49.49297755737331, 21.66544971879637, 64.23992065405774, 22.95838841783922, 70.22113350746875, 34.25681572578833, 45.59406332344471, 53.3830544506257, 17.206935349268875, 25.60237305020926, 73.58817367495323, 26.470848827770947, 72.2792193600133, 57.69609332765859, 48.35747513287708, 16.911748100626035, 0.0, 72.73323924489132], [60.6261258431603, 65.96819566745866, 76.81744040058216, 45.76764488360872, 22.896383216837776, 56.29436442005297, 54.82469628954309, 22.18933231277648, 88.74625142603713, 82.74424667040903, 85.1046710880995, 65.10169924200288, 24.544695904186984, 88.25591602689896, 44.83025675667941, 32.39177485965134, 20.228383422280128, 24.220193199455963, 94.20894156963551, 39.20567470779269, 66.57826712726721, 2.55981694064011, 81.63756946161585, 78.34609634079003, 88.59790393006398, 89.911383576465, 85.76895989274776, 17.806535192765764, 83.49535508738926, 7.963112275911046, 88.43688620851226, 29.933250893659377, 70.79440933450098, 72.73323924489132, 0.0]]",Route_1,1845.0807829690466
