instance_id,num_cities,city_coordinates,distance_matrix,best_route,total_distance
191,46,"[[38.9417583920093, 78.25737520228957], [43.551594435241, 98.09776700405214], [34.48708008738088, 0.6081773072922125], [28.53671327049755, 41.823772394085424], [69.39533466107292, 79.20122484715108], [75.19659682479819, 95.45895039684197], [27.366354346252496, 81.05651707591268], [30.54962135819258, 29.52805517900513], [77.75717491810983, 94.78802114416597], [6.6660135780473695, 66.27237639319307], [13.454240323048072, 70.88510240940138], [62.701875461233634, 61.32345164301659], [29.912371409112115, 64.3731344818189], [71.33854959096745, 45.03445490397596], [25.415609552134743, 79.0391556276417], [40.02460893395661, 96.70182515608998], [0.9313715593341376, 46.73759826604097], [62.62778830108904, 64.50883890414056], [39.66005266103946, 36.42376742617368], [23.944851146332525, 28.08662361602694], [49.79788006725291, 53.071684166037905], [32.31860324778756, 99.93731585216352], [51.413410194823285, 15.638406582809605], [93.68095957858547, 55.72059593609986], [57.09404396685102, 70.5217792786892], [21.239355118118787, 40.45655490710903], [81.29997421551117, 55.77367171038814], [59.38675252586796, 22.788535532731135], [88.33401194822777, 40.61470053582653], [92.90862657517997, 5.573947504257903], [30.18188551373554, 47.04031815342805], [52.96519179899604, 96.98526078387029], [2.5048491258191974, 1.3193329151801603], [55.8738805517767, 59.85089539358766], [56.65170776666205, 0.8297535020334257], [96.93500807590956, 62.234153890418206], [67.2223163478618, 93.99856248493505], [13.324280496996632, 48.77742787075147], [6.360198771434156, 32.26967924460071], [12.036807236280433, 10.369745224932924], [94.30498819737143, 21.356335713820673], [92.84417205681274, 78.55463909689296], [31.87460933484325, 80.19944300801413], [20.431577001731505, 37.279672393854526], [61.014900000873716, 98.16033225900352], [49.62932364351585, 85.82163095673894]]","[[0.0, 20.36889135895535, 77.77687376421213, 37.89026758373021, 30.468199154655995, 40.12863689388748, 11.909037494742943, 49.446684357255215, 42.18884704931331, 34.4291141296147, 26.532319601730723, 29.17706171386259, 16.562064173009627, 46.40382002741789, 13.548722562363713, 18.476209010358257, 49.37900206849541, 27.387045536080393, 41.83977397432764, 52.36422005211102, 27.425798270993344, 22.66905403069321, 63.84886318219024, 59.19701484228255, 19.731824950668642, 41.74059291217582, 47.95555620011204, 59.11674855251001, 62.10125334811653, 90.52791571352294, 32.42283182628239, 23.396375421782125, 85.12996363117752, 25.009903234147814, 79.42719250364286, 60.16610865020611, 32.36626230137877, 39.0553769457129, 56.359792465958606, 73.02469925055938, 79.39027339258655, 53.903233341930644, 7.329135225811759, 44.96441862803756, 29.7212260865258, 13.093586831878074], [20.36889135895535, 0.0, 97.91008895719155, 58.242674438541464, 32.01528095063078, 31.7548347393207, 23.502472122130342, 69.79152300721259, 34.36533360564175, 48.717569343167426, 40.5756064513606, 41.46183225145012, 36.37827983173692, 59.898497208664956, 26.308641456321915, 3.793188680933542, 66.74091946316709, 38.62793371782198, 61.796652994417975, 72.70477687811017, 45.45727906433027, 11.382619688893879, 82.83329202752958, 65.64128180799985, 30.721865801828713, 61.808942357472155, 56.71216111613682, 76.95604314513679, 72.86815387326557, 104.86550336737756, 52.778899190679205, 9.479107838654391, 105.12326386290849, 40.18285608471756, 98.14621449615349, 64.31164433829332, 24.023042137792974, 57.84623030193906, 75.60778431807053, 93.21688483034275, 92.006272910314, 53.02539068195782, 21.370586863772864, 65.06439762374453, 17.463417640593313, 13.698259326690376], [77.77687376421213, 97.91008895719155, 0.0, 41.64291228545332, 85.99682179583272, 103.21789529281885, 80.76286341263396, 29.18669075724159, 103.64431528935006, 71.31478656849211, 73.35684392311028, 66.95087165713866, 63.92884891002066, 57.721096192565284, 78.95384688511999, 96.25306947113641, 57.043045613016474, 69.82258954868396, 36.187237264145274, 29.43133708460244, 54.651991253213325, 99.35280597884538, 22.636440598749868, 80.87826689745643, 73.47779635007157, 41.99280193317413, 72.35108036090094, 33.346093902476035, 67.0821434635324, 58.63220930235481, 46.631302832671764, 98.13247592860495, 31.990136598290814, 62.984878187991754, 22.165735182286035, 87.73542442984166, 98.96140528841532, 52.61312370833049, 42.35058627088346, 24.48066500934095, 63.31404431812638, 97.37145931250295, 79.6341294877754, 39.27283690891789, 101.09474845453349, 86.54836926701576], [37.89026758373021, 58.242674438541464, 41.64291228545332, 0.0, 55.375995646304794, 71.09062563157167, 39.250197391618364, 12.459392473260083, 72.30397976919721, 32.80338004752746, 32.74205082870726, 39.33822312116422, 22.591285175439843, 42.922088422904274, 37.34603108285056, 56.067570142854215, 28.039268458538608, 40.94891499547996, 12.364818350895929, 14.484283010140855, 24.053123140022375, 58.23647160546609, 34.77091665225102, 66.61001825256254, 40.48575966496933, 7.4243329438261885, 54.576198076511176, 36.25003675068146, 59.80952084670224, 73.87687748577837, 5.469820963179352, 60.328603204397844, 48.148391129375135, 32.74595972946619, 49.708776895446505, 71.37864109881818, 64.9521716841215, 16.726369461914096, 24.14701826802224, 35.51904734499193, 68.8794740914702, 74.05812463391874, 38.52056133034831, 9.292043841231337, 65.02799851376854, 48.79251756619269], [30.468199154655995, 32.01528095063078, 85.99682179583272, 55.375995646304794, 0.0, 17.26175781145542, 42.06990962145826, 63.058807686872655, 17.688091793317895, 64.04781687054388, 56.55584786859304, 19.089713743227854, 42.175545651931344, 34.22198493094197, 43.980023727707106, 34.1893337301376, 75.77071528231741, 16.176090023021764, 52.09700431910695, 68.3991879391892, 32.66210530205892, 42.48140160659791, 66.05741043377049, 33.78063811849327, 15.055049920861874, 61.80734434113972, 26.27871170542701, 57.29365786928266, 42.98364056028102, 77.29069067853723, 50.71507185633452, 24.212012073902, 102.66414245512006, 23.60646036980656, 79.40080319003422, 32.34679441067798, 14.95604258338846, 63.79318566690301, 78.5875201878103, 89.59784180059532, 62.98033056554813, 23.4577502831001, 37.534001498681825, 64.45825101736169, 20.728710498919764, 20.84526249779685], [40.12863689388748, 31.7548347393207, 103.21789529281885, 71.09062563157167, 17.26175781145542, 0.0, 49.95159838403864, 79.62559489599475, 2.6470183667749305, 74.4868910762848, 66.45293515939717, 36.35038290204837, 54.92712465259192, 50.57187236170452, 52.419045719125194, 35.19394081174603, 88.82057102486803, 33.40485517280852, 68.90572399650887, 84.65088216286378, 49.41432131934096, 43.11122928358205, 83.28840964410401, 43.827029122006216, 30.81501133134311, 77.0496427130069, 40.151868698666725, 74.3702922764083, 56.39577483236496, 91.6134801373589, 66.1111804670078, 22.28373830439614, 118.93846208491863, 40.51297255549726, 96.4292373460198, 39.70447867200518, 8.10690335319798, 77.50708401895554, 93.4416057530726, 105.96854183036147, 76.52664976142465, 24.437525490425525, 45.93089554787174, 79.900161358847, 14.436688982274468, 27.3233120963932], [11.909037494742943, 23.502472122130342, 80.76286341263396, 39.250197391618364, 42.06990962145826, 49.95159838403864, 0.0, 51.626694396701005, 52.22823950586097, 25.43766741755738, 17.23382119301353, 40.47212526969934, 16.876535712796148, 56.843143102384886, 2.80627020522748, 20.124787554923238, 43.31970109803663, 38.95117940997221, 46.29489561011313, 53.08028162414654, 35.86536238720464, 19.519460330962804, 69.69784842785411, 70.98968775197548, 31.539122223595413, 41.05967666275318, 59.56557413455124, 66.48656685901045, 73.16143655323943, 99.96703335635475, 34.13252122081099, 30.150047347322435, 83.52312841188484, 35.52966987311509, 85.4047160202375, 72.06995863495126, 41.904585028883446, 35.20112836121465, 53.11698520823828, 72.32990204133638, 89.69332392391779, 65.52559809386909, 4.589001961213089, 44.322717280590155, 37.74606096652282, 22.767215732893952], [49.446684357255215, 69.79152300721259, 29.18669075724159, 12.459392473260083, 63.058807686872655, 79.62559489599475, 51.626694396701005, 0.0, 80.54449870032344, 43.82432956802916, 44.751060415972326, 45.21852142883702, 34.850905857911116, 43.63696940449731, 49.77657224899805, 67.83871138586868, 34.25505939875337, 47.4622378785602, 11.425883157097426, 6.7602303586655745, 30.410490446718658, 70.43147936446091, 25.064317719525345, 68.34921401749774, 48.837401519614815, 14.35664179981603, 57.13519670268713, 29.614207047365426, 58.83833360259004, 66.80153296254244, 17.51612354765296, 71.08398122083253, 39.777396361794665, 39.506869559393515, 38.79318798471819, 74.00478675451697, 74.17097053490181, 25.831196581074916, 24.344294354074663, 26.641417511250637, 64.27693054133762, 79.27305328672949, 50.688708186894154, 12.746073554034723, 75.09009695000985, 59.43905881775072], [42.18884704931331, 34.36533360564175, 103.64431528935006, 72.30397976919721, 17.688091793317895, 2.6470183667749305, 52.22823950586097, 80.54449870032344, 0.0, 76.59696610338088, 68.60187258069236, 36.695223853159334, 56.69383170590975, 50.16588586586714, 54.65954838834849, 37.781069089486245, 90.61482881122663, 33.84859253398814, 69.69775345252056, 85.70205727942253, 50.219268607078384, 45.729411011173376, 83.4185556396606, 42.18803894827346, 31.87186023724827, 78.39752660902458, 39.17487573180785, 74.306112448308, 55.19617873816637, 90.49153232619875, 67.40364458099941, 24.889160070454587, 119.99711753369913, 41.22476595488819, 96.29951610465886, 37.78284740200285, 10.564397288523507, 79.17431765954093, 94.90032284855468, 106.98416722772863, 75.27311970063744, 22.161682593069408, 48.14599086671045, 81.19996522448594, 17.078531894152093, 29.52240116113297], [34.4291141296147, 48.717569343167426, 71.31478656849211, 32.80338004752746, 64.04781687054388, 74.4868910762848, 25.43766741755738, 43.82432956802916, 76.59696610338088, 0.0, 8.207147107378292, 56.25397473223058, 23.32381341564508, 68.07045044308576, 22.6834301024484, 45.152488703647975, 20.359117750036507, 55.98955522798658, 44.49208999671784, 41.913123754619306, 45.10671992196647, 42.32473869429328, 67.57313373477564, 87.65238672330182, 50.606755218818044, 29.645217534113822, 75.36876594751466, 68.33974488672186, 85.60361142027524, 105.46130838444165, 30.378747456625003, 55.55983415679237, 65.08619781993049, 49.62509033072419, 82.34868860153293, 90.35927516662024, 66.60185583257677, 18.71912770849261, 34.004072345453494, 56.16003557739121, 98.47863008103617, 87.04900330224291, 28.79993896735218, 32.094666559488225, 63.01303979892696, 47.20190002290061], [26.532319601730723, 40.5756064513606, 73.35684392311028, 32.74205082870726, 56.55584786859304, 66.45293515939717, 17.23382119301353, 44.751060415972326, 68.60187258069236, 8.207147107378292, 0.0, 50.16726753653377, 17.69959901059712, 63.39439435686641, 14.476288810342131, 37.04710058154271, 27.201547721164886, 49.58522518893323, 43.29351232136583, 44.06543659686733, 40.47441190887818, 34.63950482440669, 67.03056002384466, 81.6473437356392, 43.64131604073126, 31.408669431730008, 69.50826530117116, 66.50620589527125, 80.7668089516157, 102.85206098929964, 29.127098204926686, 47.35328450812123, 70.42219432049156, 43.83126283376517, 82.30293496634947, 83.92781121228705, 58.52553319768594, 22.108056519360925, 39.26163944275187, 60.531954963632735, 94.81530552723368, 79.75953268226058, 20.641388890229013, 34.32212338503431, 54.826585816906174, 39.137405870704], [29.17706171386259, 41.46183225145012, 66.95087165713866, 39.33822312116422, 19.089713743227854, 36.35038290204837, 40.47212526969934, 45.21852142883702, 36.695223853159334, 56.25397473223058, 50.16726753653377, 0.0, 32.93102095898909, 18.43701588619182, 41.28088895742062, 42.02246696208698, 63.469223022101126, 3.1862487207732486, 33.925209978039106, 51.05676910108512, 15.316813102665936, 49.13424202690831, 47.05903516036103, 31.481671569700524, 10.7729756967408, 46.41732405675969, 19.408486148447157, 38.67725170824996, 32.952371588513046, 63.40705816056577, 35.51841280894717, 36.96711565617692, 84.995154237938, 6.984979340792783, 60.79549361510956, 34.24524415444298, 32.98631919964937, 50.94653665310808, 63.391688909484394, 71.85561450561413, 50.95220397893324, 34.71990589167093, 36.14724590945703, 48.630046806864414, 36.875488603140305, 27.7678303206104], [16.562064173009627, 36.37827983173692, 63.92884891002066, 22.591285175439843, 42.175545651931344, 54.92712465259192, 16.876535712796148, 34.850905857911116, 56.69383170590975, 23.32381341564508, 17.69959901059712, 32.93102095898909, 0.0, 45.71775111014655, 15.339916670180722, 33.87331676218872, 33.92507170089469, 32.71569834354888, 29.600412304567005, 36.77393328024516, 22.872608811262847, 35.64548987185088, 53.26695384809545, 64.35292736475203, 27.868425787514738, 25.440597283422115, 52.10217348772943, 50.97075643908225, 63.0678306813206, 86.17350262215473, 17.334911586919706, 39.93724214150497, 68.75284844800433, 26.352430691224352, 68.94021594964983, 67.05676001522838, 47.64134733296648, 22.76819766268513, 39.8162865436125, 56.884987876660134, 77.43935739070973, 64.50989541077632, 15.947489433873207, 28.70437511089524, 45.923218729047484, 29.134107270489967], [46.40382002741789, 59.898497208664956, 57.721096192565284, 42.922088422904274, 34.22198493094197, 50.57187236170452, 56.843143102384886, 43.63696940449731, 50.16588586586714, 68.07045044308576, 63.39439435686641, 18.43701588619182, 45.71775111014655, 0.0, 57.14224438291077, 60.415892182767884, 70.42777446213854, 21.33375246962219, 32.82790134291009, 50.33280875955339, 22.99124828583322, 67.3563683174847, 35.512516622398415, 24.766446943662626, 29.197767795797947, 50.307916426837075, 14.647892618584828, 25.253244974799703, 17.560750821415027, 44.97110033508251, 41.205515229658445, 55.10414238623317, 81.54195368165426, 21.41688346314444, 46.580671407860436, 30.83842298489966, 49.13682129840495, 58.134888536382945, 66.22028067639492, 68.69016482316825, 32.98652195435165, 39.825802515085016, 52.85810220672026, 51.49423763859899, 54.11965064189229, 46.20480734292253], [13.548722562363713, 26.308641456321915, 78.95384688511999, 37.34603108285056, 43.980023727707106, 52.419045719125194, 2.80627020522748, 49.77657224899805, 54.65954838834849, 22.6834301024484, 14.476288810342131, 41.28088895742062, 15.339916670180722, 57.14224438291077, 0.0, 22.921447550476536, 40.53231449193203, 39.94842113687828, 44.93301092787621, 50.973754508402315, 35.620284804891845, 22.008735146118877, 68.52401489771856, 72.13815384608783, 32.8034892479013, 38.80796541249858, 60.53383314918378, 65.71279035320127, 73.72356549421363, 99.76193738839062, 32.35186217582032, 32.87920577287397, 81.02637709887121, 35.99855001381875, 84.21641415135589, 73.4672202318191, 44.40252905664188, 32.5879180855692, 50.50240193461168, 69.96056229378347, 89.85017642351684, 67.4303032598537, 6.562388665575975, 42.055855958670385, 40.409514674410715, 25.145693899532], [18.476209010358257, 3.793188680933542, 96.25306947113641, 56.067570142854215, 34.1893337301376, 35.19394081174603, 20.124787554923238, 67.83871138586868, 37.781069089486245, 45.152488703647975, 37.04710058154271, 42.02246696208698, 33.87331676218872, 60.415892182767884, 22.921447550476536, 0.0, 63.44056413012794, 39.33563373483343, 60.279160121614545, 70.47414059704543, 44.71136356069613, 8.357686502833674, 81.85952983584976, 67.51640624974597, 31.253166471335554, 59.299377621576696, 58.127184032952044, 76.40724433861178, 74.02407694638437, 105.3613278542203, 50.62750716855816, 12.943686516678598, 102.49659605151551, 40.11471594285963, 97.30320929359478, 66.5343061358185, 27.331719990546766, 54.86032622765285, 72.69658821671061, 90.75541344243953, 92.86173782713347, 55.850036798166016, 18.405192474589352, 62.56899503105063, 21.040902120468825, 14.513068954139772], [49.37900206849541, 66.74091946316709, 57.043045613016474, 28.039268458538608, 75.77071528231741, 88.82057102486803, 43.31970109803663, 34.25505939875337, 90.61482881122663, 20.359117750036507, 27.201547721164886, 63.469223022101126, 33.92507170089469, 70.42777446213854, 40.53231449193203, 63.44056413012794, 0.0, 64.20486611300998, 40.07849606049339, 29.62227368209026, 49.27531124146288, 61.76866733472442, 59.2924611409021, 93.1835839881743, 60.99125378606735, 21.257132965210776, 80.87498325315501, 63.17111024627171, 87.61684440542768, 100.76835606621744, 29.25208036921222, 72.33495722843222, 45.44551308031888, 56.48573143670848, 72.19616387270084, 97.24629278602939, 81.41307081700832, 12.55966149040046, 15.452923532774973, 38.0256681255494, 96.76177330336549, 97.26400661355363, 45.57607944489752, 21.67280263601082, 79.08430919781927, 62.44239063777752], [27.387045536080393, 38.62793371782198, 69.82258954868396, 40.94891499547996, 16.176090023021764, 33.40485517280852, 38.95117940997221, 47.4622378785602, 33.84859253398814, 55.98955522798658, 49.58522518893323, 3.1862487207732486, 32.71569834354888, 21.33375246962219, 39.94842113687828, 39.33563373483343, 64.20486611300998, 0.0, 36.28068522442365, 53.13141625641594, 17.187642473357425, 46.62428205829949, 50.14061658559936, 32.27278514251359, 8.17176714698776, 47.86976881931907, 20.61440449602056, 41.84600370762661, 35.096150537642316, 66.25896611702912, 36.849502369834894, 33.883384560466325, 87.22202406618445, 8.204371251578218, 63.95888879743621, 34.38254674379851, 29.8454935433182, 51.752421922936485, 64.8490944195139, 74.097832825973, 53.53114537219992, 33.32137977827278, 34.52467340431241, 50.218997967551196, 33.69012338477492, 24.96387767418115], [41.83977397432764, 61.796652994417975, 36.187237264145274, 12.364818350895929, 52.09700431910695, 68.90572399650887, 46.29489561011313, 11.425883157097426, 69.69775345252056, 44.49208999671784, 43.29351232136583, 33.925209978039106, 29.600412304567005, 32.82790134291009, 44.93301092787621, 60.279160121614545, 40.07849606049339, 36.28068522442365, 0.0, 17.789759007893142, 19.491759189350354, 63.93643494243242, 23.878288018737976, 57.36397802398009, 38.296454994495264, 18.8569741166008, 45.91624835361464, 23.980455298950805, 48.85405032359599, 61.539597115225874, 14.23189382396442, 62.00581589814551, 51.11585343198602, 28.49067460893194, 39.44173133193218, 62.821943357468776, 63.83208758610593, 29.089273312619873, 33.557960571067866, 37.97177584284434, 56.68418190444577, 67.84954608277408, 44.462601143342425, 19.24751541093809, 65.32559178657189, 50.39380205249843], [52.36422005211102, 72.70477687811017, 29.43133708460244, 14.484283010140855, 68.3991879391892, 84.65088216286378, 53.08028162414654, 6.7602303586655745, 85.70205727942253, 41.913123754619306, 44.06543659686733, 51.05676910108512, 36.77393328024516, 50.33280875955339, 50.973754508402315, 70.47414059704543, 29.62227368209026, 53.13141625641594, 17.789759007893142, 0.0, 35.9531967295491, 72.3370008990464, 30.15758351570142, 75.01174071744701, 53.84804008286923, 12.662342157151343, 63.68816824544492, 35.83570999345592, 65.5966214075141, 72.54531623140062, 19.953524358300093, 74.76096826006709, 34.29521159146352, 45.038115861262, 42.57552628440318, 80.5829810347368, 78.85000113968457, 23.257383808693135, 18.07534103517169, 21.346880092616413, 70.68129640214278, 85.40571999873468, 52.71268357720112, 9.841506035492701, 79.2749214131357, 63.190372685169656], [27.425798270993344, 45.45727906433027, 54.651991253213325, 24.053123140022375, 32.66210530205892, 49.41432131934096, 35.86536238720464, 30.410490446718658, 50.219268607078384, 45.10671992196647, 40.47441190887818, 15.316813102665936, 22.872608811262847, 22.99124828583322, 35.620284804891845, 44.71136356069613, 49.27531124146288, 17.187642473357425, 19.491759189350354, 35.9531967295491, 0.0, 50.01912185825617, 37.46812256059957, 43.96295487070345, 18.914011396062314, 31.220679580845122, 31.6177588139253, 31.765005370289735, 40.49950495390334, 64.1449253835605, 20.522295639174686, 44.02765125436824, 70.1066090723233, 9.103597462304121, 52.68960308861549, 48.019367846262504, 44.481685541656496, 36.72552385931352, 48.161764555595546, 57.00310702651098, 54.65112992017292, 50.0236368735664, 32.51398058582911, 33.343176086702215, 46.462971526179196, 32.75038054834985], [22.66905403069321, 11.382619688893879, 99.35280597884538, 58.23647160546609, 42.48140160659791, 43.11122928358205, 19.519460330962804, 70.43147936446091, 45.729411011173376, 42.32473869429328, 34.63950482440669, 49.13424202690831, 35.64548987185088, 67.3563683174847, 22.008735146118877, 8.357686502833674, 61.76866733472442, 46.62428205829949, 63.93643494243242, 72.3370008990464, 50.01912185825617, 0.0, 86.43447088024156, 75.6337034304379, 38.45902045982494, 60.50380700188616, 65.95151374880737, 81.75951938530756, 81.58981982972786, 112.14096580989693, 52.940135324865174, 20.856563665405883, 103.02604764526457, 46.4948620177494, 102.05101121748571, 74.81181855044929, 35.40533829423273, 54.57213973294289, 72.47584292032165, 91.83518365809657, 100.08637449034025, 64.19161428782135, 19.74286592687449, 63.77524344699123, 28.75126289455027, 22.3363739377277], [63.84886318219024, 82.83329202752958, 22.636440598749868, 34.77091665225102, 66.05741043377049, 83.28840964410401, 69.69784842785411, 25.064317719525345, 83.4185556396606, 67.57313373477564, 67.03056002384466, 47.05903516036103, 53.26695384809545, 35.512516622398415, 68.52401489771856, 81.85952983584976, 59.2924611409021, 50.14061658559936, 23.878288018737976, 30.15758351570142, 37.46812256059957, 86.43447088024156, 0.0, 58.25055908969278, 55.176572913934436, 39.06934970048673, 50.04044579960991, 10.70974004953131, 44.575173510161505, 42.69831751950495, 37.90590574795145, 81.36165383370518, 50.961585694908486, 44.43692116527016, 15.707831407228488, 65.1412276580802, 79.93894887200472, 50.48738984202415, 48.02490072776248, 39.72751757986784, 43.27103161580432, 75.33233264827977, 67.45288847293747, 37.791776538142074, 83.07861833109024, 70.20589682030894], [59.19701484228255, 65.64128180799985, 80.87826689745643, 66.61001825256254, 33.78063811849327, 43.827029122006216, 70.98968775197548, 68.34921401749774, 42.18803894827346, 87.65238672330182, 81.6473437356392, 31.481671569700524, 64.35292736475203, 24.766446943662626, 72.13815384608783, 67.51640624974597, 93.1835839881743, 32.27278514251359, 57.36397802398009, 75.01174071744701, 43.96295487070345, 75.6337034304379, 58.25055908969278, 0.0, 39.467422291316694, 74.03227002693774, 12.381099127237306, 47.54590665647029, 16.024291709956696, 50.15259561792298, 64.08962185469379, 57.970219172263555, 106.17240948366162, 38.03202069503917, 66.21306572627749, 7.2811584824944555, 46.53238146414242, 80.6560813318198, 90.41493660679836, 93.39415009474665, 34.369925695898495, 22.849370678982744, 66.47735617804231, 75.53502306202903, 53.55560351160467, 53.35371531458384], [19.731824950668642, 30.721865801828713, 73.47779635007157, 40.48575966496933, 15.055049920861874, 30.81501133134311, 31.539122223595413, 48.837401519614815, 31.87186023724827, 50.606755218818044, 43.64131604073126, 10.7729756967408, 27.868425787514738, 29.197767795797947, 32.8034892479013, 31.253166471335554, 60.99125378606735, 8.17176714698776, 38.296454994495264, 53.84804008286923, 18.914011396062314, 38.45902045982494, 55.176572913934436, 39.467422291316694, 0.0, 46.791841478540476, 28.344906703836216, 47.788273363322446, 43.24776246708299, 74.1680873395603, 35.71614885710307, 26.783638169581494, 88.14169714775453, 10.74041720087285, 69.69342951934601, 40.69382208291088, 25.568364264008235, 48.873397798381916, 63.53854110168437, 75.15598301265797, 61.65951030828231, 36.641485986618804, 27.012535208972967, 49.489131676674745, 27.91527758925521, 17.023733752497854], [41.74059291217582, 61.808942357472155, 41.99280193317413, 7.4243329438261885, 61.80734434113972, 77.0496427130069, 41.05967666275318, 14.35664179981603, 78.39752660902458, 29.645217534113822, 31.408669431730008, 46.41732405675969, 25.440597283422115, 50.307916426837075, 38.80796541249858, 59.299377621576696, 21.257132965210776, 47.86976881931907, 18.8569741166008, 12.662342157151343, 31.220679580845122, 60.50380700188616, 39.06934970048673, 74.03227002693774, 46.791841478540476, 0.0, 61.98299793917159, 42.040252587230505, 67.09484320862501, 79.70746997871258, 11.104719193212889, 64.82301521221517, 43.39013551512636, 39.694971909804416, 53.144313992205134, 78.76608213047115, 70.57747019354001, 11.484133974096945, 16.982762634579117, 31.462724045591052, 75.5208918810129, 81.10927091125734, 41.14129053463709, 3.277970101806367, 70.0843769423476, 53.51616987286872], [47.95555620011204, 56.71216111613682, 72.35108036090094, 54.576198076511176, 26.27871170542701, 40.151868698666725, 59.56557413455124, 57.13519670268713, 39.17487573180785, 75.36876594751466, 69.50826530117116, 19.408486148447157, 52.10217348772943, 14.647892618584828, 60.53383314918378, 58.127184032952044, 80.87498325315501, 20.61440449602056, 45.91624835361464, 63.68816824544492, 31.6177588139253, 65.95151374880737, 50.04044579960991, 12.381099127237306, 28.344906703836216, 61.98299793917159, 0.0, 39.6006122866557, 16.71143602137383, 51.52449048733216, 51.85875487199311, 50.01254811097719, 95.78072223325266, 25.750922157465375, 60.21935890575251, 16.91721353575376, 40.73478520582417, 68.33478151261589, 78.53921062399648, 82.81849334713485, 36.79243680118239, 25.539008964016357, 55.13152453062668, 63.615955467904485, 46.99056531216556, 43.65672871990967], [59.11674855251001, 76.95604314513679, 33.346093902476035, 36.25003675068146, 57.29365786928266, 74.3702922764083, 66.48656685901045, 29.614207047365426, 74.306112448308, 68.33974488672186, 66.50620589527125, 38.67725170824996, 50.97075643908225, 25.253244974799703, 65.71279035320127, 76.40724433861178, 63.17111024627171, 41.84600370762661, 23.980455298950805, 35.83570999345592, 31.765005370289735, 81.75951938530756, 10.70974004953131, 47.54590665647029, 47.788273363322446, 42.040252587230505, 39.6006122866557, 0.0, 33.99582307847512, 37.68365800672742, 37.961470170132735, 74.47409267766835, 60.79866442156387, 37.22846744041426, 22.128456297413795, 54.45941885910581, 71.63982132126061, 52.88831491329408, 53.86749937724028, 48.95144197708577, 34.94759474887999, 65.03273966548285, 63.66262891287912, 41.56318981555782, 75.38937992812312, 63.78384228882918], [62.10125334811653, 72.86815387326557, 67.0821434635324, 59.80952084670224, 42.98364056028102, 56.39577483236496, 73.16143655323943, 58.83833360259004, 55.19617873816637, 85.60361142027524, 80.7668089516157, 32.952371588513046, 63.0678306813206, 17.560750821415027, 73.72356549421363, 74.02407694638437, 87.61684440542768, 35.096150537642316, 48.85405032359599, 65.5966214075141, 40.49950495390334, 81.58981982972786, 44.575173510161505, 16.024291709956696, 43.24776246708299, 67.09484320862501, 16.71143602137383, 33.99582307847512, 0.0, 35.33810226942742, 58.50605413648062, 66.54767840749241, 94.3968808130717, 37.73183434290764, 50.85872991665226, 23.267528827526196, 57.40679757418966, 75.45256741775023, 82.39748434931053, 82.07326463967878, 20.162766997247928, 38.207073719699686, 68.95372346762474, 67.98428556932038, 63.70112721146759, 59.51234707895597], [90.52791571352294, 104.86550336737756, 58.63220930235481, 73.87687748577837, 77.29069067853723, 91.6134801373589, 99.96703335635475, 66.80153296254244, 90.49153232619875, 105.46130838444165, 102.85206098929964, 63.40705816056577, 86.17350262215473, 44.97110033508251, 99.76193738839062, 105.3613278542203, 100.76835606621744, 66.25896611702912, 61.539597115225874, 72.54531623140062, 64.1449253835605, 112.14096580989693, 42.69831751950495, 50.15259561792298, 74.1680873395603, 79.70746997871258, 51.52449048733216, 37.68365800672742, 35.33810226942742, 0.0, 75.193775932612, 99.75723621483657, 90.50383816399803, 65.70813865267378, 36.56598881772791, 56.80308737834325, 92.0798515831505, 90.55500459096697, 90.57202906224717, 81.01389287622979, 15.844039995445453, 72.98072005484909, 96.40599483265997, 79.10863230802876, 97.92572918671783, 91.17449622422023], [32.42283182628239, 52.778899190679205, 46.631302832671764, 5.469820963179352, 50.71507185633452, 66.1111804670078, 34.13252122081099, 17.51612354765296, 67.40364458099941, 30.378747456625003, 29.127098204926686, 35.51841280894717, 17.334911586919706, 41.205515229658445, 32.35186217582032, 50.62750716855816, 29.25208036921222, 36.849502369834894, 14.23189382396442, 19.953524358300093, 20.522295639174686, 52.940135324865174, 37.90590574795145, 64.08962185469379, 35.71614885710307, 11.104719193212889, 51.85875487199311, 37.961470170132735, 58.50605413648062, 75.193775932612, 0.0, 54.896050310073825, 53.44555018309875, 28.708700741427275, 53.2547441595793, 68.46044125042773, 59.808613318444365, 16.946869831045504, 28.02935127724689, 40.91423694264691, 69.07560533020448, 70.14067706641008, 33.20230225536436, 13.79633000921401, 59.698665182048316, 43.38424912983833], [23.396375421782125, 9.479107838654391, 98.13247592860495, 60.328603204397844, 24.212012073902, 22.28373830439614, 30.150047347322435, 71.08398122083253, 24.889160070454587, 55.55983415679237, 47.35328450812123, 36.96711565617692, 39.93724214150497, 55.10414238623317, 32.87920577287397, 12.943686516678598, 72.33495722843222, 33.883384560466325, 62.00581589814551, 74.76096826006709, 44.02765125436824, 20.856563665405883, 81.36165383370518, 57.970219172263555, 26.783638169581494, 64.82301521221517, 50.01254811097719, 74.47409267766835, 66.54767840749241, 99.75723621483657, 54.896050310073825, 0.0, 108.15829111848917, 37.248108182826854, 96.22615019113691, 56.04448388330169, 14.566604516177872, 62.41311563311166, 79.75043491458176, 95.7986440324395, 86.18998244291683, 43.932002938311534, 26.955080172046934, 67.9940686881935, 8.13502274778925, 11.651379629381381], [85.12996363117752, 105.12326386290849, 31.990136598290814, 48.148391129375135, 102.66414245512006, 118.93846208491863, 83.52312841188484, 39.777396361794665, 119.99711753369913, 65.08619781993049, 70.42219432049156, 84.995154237938, 68.75284844800433, 81.54195368165426, 81.02637709887121, 102.49659605151551, 45.44551308031888, 87.22202406618445, 51.11585343198602, 34.29521159146352, 70.1066090723233, 103.02604764526457, 50.961585694908486, 106.17240948366162, 88.14169714775453, 43.39013551512636, 95.78072223325266, 60.79866442156387, 94.3968808130717, 90.50383816399803, 53.44555018309875, 108.15829111848917, 0.0, 79.20983096502958, 54.14907190961998, 112.37290747232909, 113.038887809813, 48.67577294720281, 31.18954406208945, 13.14413132908037, 93.96141237076559, 118.85489383535395, 84.17039017964204, 40.18101028792727, 113.14417884854645, 96.75409279649864], [25.009903234147814, 40.18285608471756, 62.984878187991754, 32.74595972946619, 23.60646036980656, 40.51297255549726, 35.52966987311509, 39.506869559393515, 41.22476595488819, 49.62509033072419, 43.83126283376517, 6.984979340792783, 26.352430691224352, 21.41688346314444, 35.99855001381875, 40.11471594285963, 56.48573143670848, 8.204371251578218, 28.49067460893194, 45.038115861262, 9.103597462304121, 46.4948620177494, 44.43692116527016, 38.03202069503917, 10.74041720087285, 39.694971909804416, 25.750922157465375, 37.22846744041426, 37.73183434290764, 65.70813865267378, 28.708700741427275, 37.248108182826854, 79.20983096502958, 0.0, 59.02626707965865, 41.13023358328781, 35.98402649509022, 43.966921063465975, 56.67740438395326, 66.10652932109774, 54.394679517453106, 41.43226378664666, 31.464716889883363, 42.01924545535329, 38.6528528561771, 26.710926540867856], [79.42719250364286, 98.14621449615349, 22.165735182286035, 49.708776895446505, 79.40080319003422, 96.4292373460198, 85.4047160202375, 38.79318798471819, 96.29951610465886, 82.34868860153293, 82.30293496634947, 60.79549361510956, 68.94021594964983, 46.580671407860436, 84.21641415135589, 97.30320929359478, 72.19616387270084, 63.95888879743621, 39.44173133193218, 42.57552628440318, 52.68960308861549, 102.05101121748571, 15.707831407228488, 66.21306572627749, 69.69342951934601, 53.144313992205134, 60.21935890575251, 22.128456297413795, 50.85872991665226, 36.56598881772791, 53.2547441595793, 96.22615019113691, 54.14907190961998, 59.02626707965865, 0.0, 73.43871370647834, 93.76654378332042, 64.62387663377034, 59.31024201362892, 45.62346755134727, 42.884847026553594, 85.7382779867186, 83.14717204436853, 51.385741795258774, 97.42832754204213, 85.28149337370152], [60.16610865020611, 64.31164433829332, 87.73542442984166, 71.37864109881818, 32.34679441067798, 39.70447867200518, 72.06995863495126, 74.00478675451697, 37.78284740200285, 90.35927516662024, 83.92781121228705, 34.24524415444298, 67.05676001522838, 30.83842298489966, 73.4672202318191, 66.5343061358185, 97.24629278602939, 34.38254674379851, 62.821943357468776, 80.5829810347368, 48.019367846262504, 74.81181855044929, 65.1412276580802, 7.2811584824944555, 40.69382208291088, 78.76608213047115, 16.91721353575376, 54.45941885910581, 23.267528827526196, 56.80308737834325, 68.46044125042773, 56.04448388330169, 112.37290747232909, 41.13023358328781, 73.43871370647834, 0.0, 43.49507676835866, 84.68670049921397, 95.40265101841732, 99.48679003780587, 40.96233664527053, 16.82537300358899, 67.4952375907023, 80.47049840086646, 50.80299652868582, 52.86016320416939], [32.36626230137877, 24.023042137792974, 98.96140528841532, 64.9521716841215, 14.95604258338846, 8.10690335319798, 41.904585028883446, 74.17097053490181, 10.564397288523507, 66.60185583257677, 58.52553319768594, 32.98631919964937, 47.64134733296648, 49.13682129840495, 44.40252905664188, 27.331719990546766, 81.41307081700832, 29.8454935433182, 63.83208758610593, 78.85000113968457, 44.481685541656496, 35.40533829423273, 79.93894887200472, 46.53238146414242, 25.568364264008235, 70.57747019354001, 40.73478520582417, 71.63982132126061, 57.40679757418966, 92.0798515831505, 59.808613318444365, 14.566604516177872, 113.038887809813, 35.98402649509022, 93.76654378332042, 43.49507676835866, 0.0, 70.35587597617743, 86.68709466804003, 100.19590556610216, 77.52653884170392, 29.916454662710535, 37.94569922160533, 73.52826518912016, 7.473442671032202, 19.400402096657107], [39.0553769457129, 57.84623030193906, 52.61312370833049, 16.726369461914096, 63.79318566690301, 77.50708401895554, 35.20112836121465, 25.831196581074916, 79.17431765954093, 18.71912770849261, 22.108056519360925, 50.94653665310808, 22.76819766268513, 58.134888536382945, 32.5879180855692, 54.86032622765285, 12.55966149040046, 51.752421922936485, 29.089273312619873, 23.257383808693135, 36.72552385931352, 54.57213973294289, 50.48738984202415, 80.6560813318198, 48.873397798381916, 11.484133974096945, 68.33478151261589, 52.88831491329408, 75.45256741775023, 90.55500459096697, 16.946869831045504, 62.41311563311166, 48.67577294720281, 43.966921063465975, 64.62387663377034, 84.68670049921397, 70.35587597617743, 0.0, 17.9165900490159, 38.429255439300015, 85.49731758793625, 84.91228098509166, 36.48914544461966, 13.517101930988394, 68.65177663019963, 51.86838285648114], [56.359792465958606, 75.60778431807053, 42.35058627088346, 24.14701826802224, 78.5875201878103, 93.4416057530726, 53.11698520823828, 24.344294354074663, 94.90032284855468, 34.004072345453494, 39.26163944275187, 63.391688909484394, 39.8162865436125, 66.22028067639492, 50.50240193461168, 72.69658821671061, 15.452923532774973, 64.8490944195139, 33.557960571067866, 18.07534103517169, 48.161764555595546, 72.47584292032165, 48.02490072776248, 90.41493660679836, 63.53854110168437, 16.982762634579117, 78.53921062399648, 53.86749937724028, 82.39748434931053, 90.57202906224717, 28.02935127724689, 79.75043491458176, 31.18954406208945, 56.67740438395326, 59.31024201362892, 95.40265101841732, 86.68709466804003, 17.9165900490159, 0.0, 22.623682143474497, 88.61933792459334, 98.09064758555925, 54.29776607573114, 14.93665680986399, 85.60791155695676, 68.84786633858005], [73.02469925055938, 93.21688483034275, 24.48066500934095, 35.51904734499193, 89.59784180059532, 105.96854183036147, 72.32990204133638, 26.641417511250637, 106.98416722772863, 56.16003557739121, 60.531954963632735, 71.85561450561413, 56.884987876660134, 68.69016482316825, 69.96056229378347, 90.75541344243953, 38.0256681255494, 74.097832825973, 37.97177584284434, 21.346880092616413, 57.00310702651098, 91.83518365809657, 39.72751757986784, 93.39415009474665, 75.15598301265797, 31.462724045591052, 82.81849334713485, 48.95144197708577, 82.07326463967878, 81.01389287622979, 40.91423694264691, 95.7986440324395, 13.14413132908037, 66.10652932109774, 45.62346755134727, 99.48679003780587, 100.19590556610216, 38.429255439300015, 22.623682143474497, 0.0, 82.99854678979224, 105.73083732558375, 72.59287213341403, 28.188940023555272, 100.5288055367407, 84.29818711166793], [79.39027339258655, 92.006272910314, 63.31404431812638, 68.8794740914702, 62.98033056554813, 76.52664976142465, 89.69332392391779, 64.27693054133762, 75.27311970063744, 98.47863008103617, 94.81530552723368, 50.95220397893324, 77.43935739070973, 32.98652195435165, 89.85017642351684, 92.86173782713347, 96.76177330336549, 53.53114537219992, 56.68418190444577, 70.68129640214278, 54.65112992017292, 100.08637449034025, 43.27103161580432, 34.369925695898495, 61.65951030828231, 75.5208918810129, 36.79243680118239, 34.94759474887999, 20.162766997247928, 15.844039995445453, 69.07560533020448, 86.18998244291683, 93.96141237076559, 54.394679517453106, 42.884847026553594, 40.96233664527053, 77.52653884170392, 85.49731758793625, 88.61933792459334, 82.99854678979224, 0.0, 57.2169546000003, 85.7908123341583, 75.57005711725915, 83.70832609390213, 78.43270551297621], [53.903233341930644, 53.02539068195782, 97.37145931250295, 74.05812463391874, 23.4577502831001, 24.437525490425525, 65.52559809386909, 79.27305328672949, 22.161682593069408, 87.04900330224291, 79.75953268226058, 34.71990589167093, 64.50989541077632, 39.825802515085016, 67.4303032598537, 55.850036798166016, 97.26400661355363, 33.32137977827278, 67.84954608277408, 85.40571999873468, 50.0236368735664, 64.19161428782135, 75.33233264827977, 22.849370678982744, 36.641485986618804, 81.10927091125734, 25.539008964016357, 65.03273966548285, 38.207073719699686, 72.98072005484909, 70.14067706641008, 43.932002938311534, 118.85489383535395, 41.43226378664666, 85.7382779867186, 16.82537300358899, 29.916454662710535, 84.91228098509166, 98.09064758555925, 105.73083732558375, 57.2169546000003, 0.0, 60.99174500220674, 83.34990581247291, 37.382960877621905, 43.82159620638318], [7.329135225811759, 21.370586863772864, 79.6341294877754, 38.52056133034831, 37.534001498681825, 45.93089554787174, 4.589001961213089, 50.688708186894154, 48.14599086671045, 28.79993896735218, 20.641388890229013, 36.14724590945703, 15.947489433873207, 52.85810220672026, 6.562388665575975, 18.405192474589352, 45.57607944489752, 34.52467340431241, 44.462601143342425, 52.71268357720112, 32.51398058582911, 19.74286592687449, 67.45288847293747, 66.47735617804231, 27.012535208972967, 41.14129053463709, 55.13152453062668, 63.66262891287912, 68.95372346762474, 96.40599483265997, 33.20230225536436, 26.955080172046934, 84.17039017964204, 31.464716889883363, 83.14717204436853, 67.4952375907023, 37.94569922160533, 36.48914544461966, 54.29776607573114, 72.59287213341403, 85.7908123341583, 60.99174500220674, 0.0, 44.41902406119161, 34.2308352627722, 18.62361075391585], [44.96441862803756, 65.06439762374453, 39.27283690891789, 9.292043841231337, 64.45825101736169, 79.900161358847, 44.322717280590155, 12.746073554034723, 81.19996522448594, 32.094666559488225, 34.32212338503431, 48.630046806864414, 28.70437511089524, 51.49423763859899, 42.055855958670385, 62.56899503105063, 21.67280263601082, 50.218997967551196, 19.24751541093809, 9.841506035492701, 33.343176086702215, 63.77524344699123, 37.791776538142074, 75.53502306202903, 49.489131676674745, 3.277970101806367, 63.615955467904485, 41.56318981555782, 67.98428556932038, 79.10863230802876, 13.79633000921401, 67.9940686881935, 40.1810