instance_id,num_cities,city_coordinates,distance_matrix,best_route,total_distance
1156,86,"[[3.6358483786285145, 79.75448658519694], [22.618093058035104, 56.72134260150155], [76.2012718078697, 62.639888366691586], [59.250463093584294, 58.84797676020319], [78.190922510444, 20.540505531106433], [88.03050995230367, 78.48268692220357], [20.09836083686991, 43.775823941076865], [43.643039515035454, 21.991451628514913], [23.557194630170784, 15.434278726138906], [23.802780713347694, 62.74836820913986], [19.984155322082287, 81.73374399482506], [8.703816401008446, 40.01312303744995], [1.5240657836676719, 82.4310077125493], [84.16587901440032, 80.732015538628], [89.42951043467046, 81.48032030846748], [18.792309126432315, 16.19461652017653], [44.08141818347482, 38.960540638190345], [39.90051282269158, 26.502338567318382], [22.652573584315185, 47.067004368585465], [51.22398779981037, 85.49171593838241], [46.1221730969252, 53.153819153276075], [43.8292437277475, 71.95450359374759], [11.486802424645138, 11.60110055869138], [10.533624673605313, 96.55893631156135], [16.67209153520288, 24.630498633645736], [6.042138122137786, 72.38442061309387], [14.866835887184216, 4.5058017740464145], [99.61610308285634, 84.03936579277482], [11.157387506715022, 45.84301876647502], [72.52324717682984, 38.82412917699655], [21.359751024834452, 47.296765824317475], [56.338604159487126, 32.09094391661018], [31.912079344511536, 45.35510564020227], [76.93984054201528, 64.1200964794861], [24.44731968626288, 76.92010222964592], [10.100616826313525, 66.37132028091858], [29.89909847414125, 68.6988734912382], [49.44645272958177, 13.849714996752704], [90.48912413132363, 45.62956457106644], [21.479415158661485, 64.30235665732864], [5.331712739626148, 85.55086760136177], [35.30880340849839, 96.32946543639926], [61.830404998942946, 25.39318133588725], [60.91900984072402, 81.78219378576874], [71.14276553746713, 98.32184616179785], [0.22123895579196917, 15.6135880143637], [11.077464676741577, 84.86160516873252], [38.41578619596623, 7.7458788866904715], [70.15552297752944, 2.2805006377293324], [7.331687559122802, 53.6344616339033], [2.5402411775022005, 7.991835113696366], [1.8081851562772977, 11.140248716751412], [18.493614901251554, 14.916618344103005], [46.97897292976645, 15.006285981938616], [20.557171773676664, 98.90942671969866], [31.95927134706029, 70.01661488138365], [76.35558005930439, 56.339195324142565], [88.56746956778885, 60.79697952392961], [93.42526802737575, 60.459994346741944], [99.03494927444322, 12.369494586417717], [33.62862975310064, 58.689931729667286], [41.453607750577184, 77.4189196679643], [99.66496289093581, 85.36223653689547], [83.74815169446997, 69.97876563868874], [8.385048862478882, 61.93785147653944], [51.314161951942, 83.60071378147379], [70.73466095283788, 40.71175986882524], [26.784808415060823, 45.41333716210942], [22.347745343870727, 40.16345273417422], [95.89082401961987, 80.54795823530637], [62.9709869182688, 50.96465785501313], [47.298871413920985, 65.20817007400824], [70.842156304552, 90.57917738658429], [43.13841156536415, 4.326046257157435], [55.15701459027586, 53.7233318417867], [30.75847851488749, 91.31554547188539], [70.87173888721021, 67.7204661259961], [91.29146266066496, 76.47163954140585], [21.616333669962494, 71.82789419822998], [3.6831219660619308, 94.59759051157035], [47.86566296288821, 19.12454439487877], [49.20203652519308, 81.34311126433666], [6.859045264338981, 57.36649868480449], [91.84951067285667, 32.058699608350885], [76.46524972893316, 61.9727399569552], [60.065755894271625, 21.065957345441355]]","[[0.0, 29.84713277422981, 74.55635552819044, 59.41437135033523, 95.20900498941627, 84.40424383002286, 39.56612796442374, 70.26481018284949, 67.33460607671412, 26.38016720973558, 16.467683498626837, 40.063203522809545, 3.4093094716589007, 80.5359633769482, 85.81101882058452, 65.34198791804543, 57.44554066910669, 64.42761174961042, 37.816759924799086, 47.93273217980481, 50.126672499700234, 40.94323832279854, 68.60409248951952, 18.165044685369008, 56.64448502122775, 7.752941555491669, 76.08219007248155, 96.07585275662133, 34.73558982478273, 80.12969406372056, 36.98162194933332, 71.05908644654122, 44.52934590845485, 74.95271456770207, 21.00359666017896, 14.862784779783208, 28.495348505725662, 80.26238464638702, 93.31667488420378, 23.604262215566482, 6.039369902188302, 35.747811181133365, 79.63515510529008, 57.31903857867606, 70.01378939849701, 64.23172445905873, 9.02553673498903, 79.9680164644296, 102.11310203559617, 26.380199595611085, 71.77101435370147, 68.63857509536426, 66.5184364224704, 77.91633928268986, 25.558617274730423, 29.950666669852552, 76.39656563321093, 87.02164875361206, 91.83908379115418, 116.79779791762077, 36.6508172601717, 37.88981125236022, 96.19271122875476, 80.70654163445106, 18.43874702442798, 47.833200278055706, 77.63108371211987, 41.41483906122496, 43.790239202711234, 92.25838784511377, 65.95083702146336, 46.02233049970592, 68.07247429012469, 85.14635698984813, 57.72392558622084, 29.483811627565753, 68.30433822894744, 87.71706675370581, 19.650158222798108, 14.84317920666561, 75.04842695326342, 45.59387273065639, 22.618819606517324, 100.28229310651412, 74.96874158070645, 81.41669316884395], [29.84713277422981, 0.0, 53.90905516619054, 36.69404730015972, 66.31283695078203, 68.93722064743939, 13.188461011573022, 40.598198242228314, 41.297742737479766, 6.142354802173027, 25.150702802458788, 21.74331382031804, 33.255749379227396, 66.0654400653186, 71.25147345121368, 40.70690542846581, 27.858937736753187, 34.811926659404634, 9.654399806421825, 40.571314939511524, 23.77328336659012, 26.11440419670583, 46.47302306894581, 41.630136304630085, 32.6370525733987, 22.80557595927201, 52.78773239714224, 81.70047698062366, 15.80144617412486, 53.0173052501062, 9.508210772882396, 41.7579861621684, 14.682286053391612, 54.82329622213807, 20.281419096625672, 15.805356067642437, 14.016928553858111, 50.57407770929822, 68.77139229961642, 7.666052535247194, 33.61488444469566, 41.59155591828348, 50.19022908928987, 45.771240844819225, 63.915927089469434, 46.81310244871107, 30.414806933265556, 51.460306592178526, 72.27456341670462, 15.594968008473007, 52.70374783770771, 50.10676986805324, 42.007693227585236, 48.307332951615805, 42.238392939414695, 16.248750008033138, 53.7388457798749, 66.07519260924418, 70.90580754783778, 88.35509230571992, 11.185135737617003, 27.985108721517122, 82.19805932299393, 62.5511257650964, 15.158875681131692, 39.318760979900844, 50.71006650803737, 12.051244910124261, 16.560096761344568, 77.04933948535741, 40.76144578110225, 26.09917739700735, 58.92294334415094, 56.27033455253194, 32.67674223353189, 35.53905946453011, 49.491363429537465, 71.45702150099596, 15.139729951891814, 42.34552262044774, 45.28751507303043, 36.23448002043386, 15.772248214373924, 73.49309589591005, 54.102619675253315, 51.70719437036324], [74.55635552819044, 53.90905516619054, 0.0, 17.369758481329427, 42.1463728576424, 19.77182695524782, 59.189437791498506, 52.080071997758466, 70.70904074747274, 52.398603386530446, 59.371201004566146, 71.1890229997982, 77.25524904201073, 19.767651189755437, 23.020603226680944, 73.84410791021416, 39.90484313588803, 51.22174936881957, 55.76717491011877, 33.85366656339525, 31.5394623984692, 33.68546064473995, 82.41917500474256, 73.9103625592287, 70.62886811930541, 70.83261923883359, 84.50730769389024, 31.72052896383568, 67.17768761537327, 24.098096417934748, 56.9473775616261, 36.43849026955238, 47.54257337332851, 1.654236933525567, 53.6879508658813, 66.20589228400475, 46.696922341478896, 55.644418959861675, 22.21472123725254, 54.74710399604592, 74.48091951646911, 52.98284226926066, 39.92291318877521, 24.49439502395799, 36.038737460952305, 89.35568430172847, 68.81071829942253, 66.64154259707541, 60.661410846886504, 69.4558661686316, 91.7189029473758, 90.47952379198857, 74.88447213742549, 55.88293861161865, 66.42097018980928, 44.85276690291047, 6.302582316232487, 12.502766095555, 17.361393484043003, 55.21312631495617, 42.755490980198836, 37.76003076855814, 32.66266837858664, 10.526847374034073, 67.81985660832738, 32.538046023847116, 22.599262237057427, 52.33298119405115, 58.35574068891024, 26.61536084140932, 17.645153605475628, 29.01628541802455, 28.4486201759417, 67.03474404360124, 22.855321964524464, 53.733981545046156, 7.363164504527446, 20.47025159916202, 55.35282217447942, 79.24756641600847, 51.92775644682696, 32.84462288729047, 69.54245480820597, 34.35224134534677, 0.7174756744467171, 44.595365391009516], [59.41437135033523, 36.69404730015972, 17.369758481329427, 0.0, 42.734100609346925, 34.83981831663082, 41.95303209213033, 40.02493117474422, 56.202834364418194, 35.66162138188721, 45.44888632214887, 53.941776079599016, 62.35780861513387, 33.161560635212176, 37.722644033818476, 58.78921127379804, 25.012197804112684, 37.69165538406385, 38.447325355929884, 27.826482764381232, 14.30997655794394, 20.23845479199633, 67.18358870511867, 61.6071977606717, 54.6237451471887, 54.90319807123734, 70.16393907287974, 47.58141415651587, 49.82040597810254, 24.023348420983005, 39.61232807046603, 26.91500936364683, 30.486797094357424, 18.458313055301403, 39.215564639742986, 49.72230973946243, 30.96034191395517, 46.05390516502894, 33.92020584006962, 38.16283954535358, 60.16872957780721, 44.47544335765841, 33.554126975945245, 22.994833307139483, 41.22636562869607, 73.16872058835044, 54.7480286352502, 55.18612297038281, 57.60902434462052, 52.17988111303009, 76.1734626555787, 74.67022572414511, 59.92566167224783, 45.52673194001132, 55.69641430132104, 29.488092926254577, 17.28811761600689, 29.38172017397152, 34.21280305619531, 61.180508708688, 25.62232077621379, 25.721741398731996, 48.33567797575667, 26.90782800308084, 50.95917670709168, 25.993900550994898, 21.46646602497923, 35.13556993754053, 41.36329309175321, 42.58409614879686, 8.717167802157533, 13.53855984462039, 33.78219123575088, 56.85278454242124, 6.558834209605393, 43.19648369115826, 14.62105053057488, 36.568007097505486, 39.80962137689717, 66.07393043670383, 41.322690533148986, 24.637409621537053, 52.412359605788126, 42.19435120243491, 17.4960859604759, 37.790814934429406], [95.20900498941627, 66.31283695078203, 42.1463728576424, 42.734100609346925, 0.0, 58.771709736784125, 62.56697006736637, 34.5783380751884, 54.87183042581604, 68.84456144089219, 84.45495947662087, 72.16398511731674, 98.53040739099394, 60.487337370806294, 61.96746633217822, 59.55738428808482, 38.76539666735958, 38.75176031108254, 61.5480571749849, 70.32691732941103, 45.73874631387548, 61.83950327703549, 67.30046506289176, 101.76596567077576, 61.65463979409096, 88.84390029562311, 65.32267348514436, 67.01599523316328, 71.64992666515549, 19.14192877721079, 62.81464413100516, 24.717128559136572, 52.51186250126072, 43.59754526713427, 77.89116617700171, 82.07772723942792, 68.20065009467778, 29.512899229955348, 27.941128227371305, 71.6330557780758, 97.64636001886467, 87.07951872971928, 17.06502258159765, 63.63067929506707, 78.10002219604915, 78.12519484666494, 92.9592388145986, 41.78234004702569, 19.949822664868957, 78.20640068703064, 76.68438377781419, 76.95899813466545, 59.96162641955843, 31.698791501335638, 97.27968458137397, 67.71448121143206, 35.84570647666167, 41.572303606706, 42.727635912028965, 22.388364647658808, 58.66154323805859, 67.71103521944883, 68.28609829862785, 49.74961666856092, 81.15787236665048, 68.54888855917905, 21.505239779467107, 57.10732282056107, 59.1905439491113, 62.563414976176915, 34.01875194739276, 54.30947501741658, 70.42314903515864, 38.621072138166916, 40.39382225092792, 85.19943087844226, 47.74430992951888, 57.44489449816775, 76.36151084651303, 105.05172144122662, 30.35829890764518, 67.35957522592105, 80.27696109849707, 17.866891878316963, 41.46815641027866, 18.132781487493784], [84.40424383002286, 68.93722064743939, 19.77182695524782, 34.83981831663082, 58.771709736784125, 0.0, 76.28461982229597, 71.84363017572439, 90.17710443723934, 66.12692332595634, 68.12397339080637, 88.16252976896843, 86.59650177556144, 4.471560299365943, 3.308021805869266, 93.13287372357608, 59.10602942340046, 70.8410420504363, 72.53426551669533, 37.467940438615216, 48.96795115623777, 44.680746562966256, 101.6468679132794, 79.57711995219475, 89.39844552595036, 82.21485247410203, 104.04567621449085, 12.849227535434265, 83.51541709080153, 42.5825833084081, 73.60402007151711, 56.183366861356596, 65.16682357977243, 18.14626551645121, 63.60238796876231, 78.86541348745898, 58.94899495068064, 75.27383696665393, 32.944990998633834, 68.0450584881318, 83.00030264123612, 55.660451347665855, 59.20254304475973, 27.31153938984211, 26.053563110538683, 107.99533170661861, 77.21697854214841, 86.4020649317521, 78.27060977073107, 84.43775361545495, 110.8040894727118, 109.4042653496042, 94.21265757750824, 75.5941940114584, 70.4975394160813, 56.70677362120409, 25.032742721480734, 17.693856894584187, 18.812784545573123, 67.02277139617001, 57.890566825002765, 46.58904827832809, 13.516238311092824, 9.521306078719086, 81.34575005576443, 37.07134215827469, 41.54262056110506, 69.60328907705777, 76.04333813927325, 8.127107900943251, 37.21856550749992, 42.840158444787335, 21.018196465801527, 86.68626103545725, 41.15449381678056, 58.6921446492163, 20.254599994337315, 3.8312040057901102, 66.74675331026177, 85.87299911960793, 71.6701054692775, 38.93369204297097, 83.87311896708486, 46.58080467982857, 20.15771794696984, 63.86476575403108], [39.56612796442374, 13.188461011573022, 59.189437791498506, 41.95303209213033, 62.56697006736637, 76.28461982229597, 0.0, 32.07663902453589, 28.551825097181666, 19.330808638669357, 37.958091860713274, 11.999731704958085, 42.88621770603837, 73.96219968891607, 78.92044951006787, 27.612112810595725, 24.46168418113514, 26.277338530129516, 4.1660378497593635, 52.0482497204948, 27.661988336824873, 36.84009758060347, 33.307232893474996, 53.642717393771676, 19.449493629781436, 31.875212949065823, 39.61695968014515, 89.130377169305, 9.176834886642231, 52.65821862534221, 3.7400717842644613, 38.07744289298695, 11.918811839398535, 60.37253713558445, 33.42838055221675, 24.708527680629143, 26.780830030348653, 41.9151821455021, 70.4151681919392, 20.572939906369577, 44.30810500175497, 54.71053644083267, 45.601371241393025, 55.77463163363215, 74.7047507949912, 34.47044395807924, 42.06445039006929, 40.418869509279546, 65.0198534112898, 16.130117288450208, 39.85952110061995, 37.41137924013958, 28.903787938716455, 39.373260226593786, 55.13551181250235, 28.796880166150483, 57.64297888858525, 70.55309056152025, 75.20104294655978, 84.95494404504164, 20.13700047363591, 39.848518928988014, 89.779028035615, 68.83233273560235, 21.61159229692049, 50.60087044760678, 50.72892052935131, 6.884041746310921, 4.255461948695413, 84.24183839317229, 43.47115595607741, 34.62965833521962, 69.03250446138432, 45.68510585390227, 36.44258657718864, 48.7202548447358, 56.13627889348021, 78.34203281166481, 28.093111028048526, 53.40704096400974, 37.130966195648405, 47.52183724772695, 18.973294832971312, 72.70157154707717, 59.23135922684142, 45.968801468669824], [70.26481018284949, 40.598198242228314, 52.080071997758466, 40.02493117474422, 34.5783380751884, 71.84363017572439, 32.07663902453589, 0.0, 21.129071943899913, 45.32948398645157, 64.25639500032078, 39.31322871735907, 73.66782125065724, 71.36213540505473, 75.06881120741971, 25.517878009746582, 16.974750592430812, 5.861280322384701, 32.701422067072066, 63.95118720023471, 31.260826173745674, 49.963398940518175, 33.79323866053056, 81.58764074967654, 27.09975284068334, 62.87510722566722, 33.6722117786259, 83.56391264955634, 40.30154887026442, 33.42761475246962, 33.718005167652066, 16.22273423682787, 26.14336924155441, 53.69822786284055, 58.18618664774194, 55.629730014026585, 48.687566918033376, 9.998373883774773, 52.47204996339722, 47.76441069423707, 74.21291746119118, 74.80374180735019, 18.50275731471526, 62.23658087017058, 81.13300229201084, 43.88769654569982, 70.80376311128566, 15.17433754746255, 33.036848643751846, 48.164243615645745, 43.42153030165918, 43.21925084786606, 26.125597111006325, 7.740864994148164, 80.30773425704074, 49.425972363401044, 47.4328768455063, 59.36390663363169, 62.913425073818104, 56.22139916539197, 38.04033181525382, 55.4706933859259, 84.58316782102385, 62.53960608155485, 53.28077294553844, 62.0850006239351, 32.93031874642921, 28.85800890167157, 27.994841989561674, 78.47735629867192, 34.82838253300531, 43.371071696119664, 73.78392832313752, 17.6726114737459, 33.75624155475083, 70.51128916259417, 53.22165758796991, 72.37722779499688, 54.48712488643423, 82.87609072601275, 5.10389124772767, 59.61142465404911, 51.03387294013627, 49.24645513514003, 51.728144174396654, 16.448773599902026], [67.33460607671412, 41.297742737479766, 70.70904074747274, 56.202834364418194, 54.87183042581604, 90.17710443723934, 28.551825097181666, 21.129071943899913, 0.0, 47.31472684196403, 66.39567534720065, 28.718329207985292, 70.52673579320917, 89.09100434735396, 93.28044595810213, 4.825168123991019, 31.22064624604113, 19.738439608791552, 31.64565800875218, 75.32261249478178, 43.95386198321515, 60.04574750720997, 12.664423510709465, 82.16339478603349, 11.488041835559336, 59.5826809184002, 13.962590861807126, 102.42858744722928, 32.83971205019382, 54.2656374339753, 31.93817218439761, 36.77044065545326, 31.06541456042818, 72.24967636509871, 61.49226629845332, 52.68454885964779, 53.6408128187522, 25.937704739440683, 73.42777726449424, 48.912229638619614, 72.44656117193969, 81.744305867545, 39.547672158077035, 76.14427797666337, 95.5758096694673, 23.336644554378775, 70.54004052080617, 16.729890478133985, 48.41927387691159, 41.503265581147744, 22.295791068182012, 22.168854431770466, 5.0899717034823775, 23.425688389127405, 83.52903967894153, 55.22523257823939, 66.78983235353255, 79.27238151547216, 83.11956897978139, 75.53995199868793, 44.412670739295095, 64.51648870841679, 103.35526920876971, 81.22839629630532, 48.91601256999477, 73.6010333015445, 53.52255955711808, 30.152303982477807, 24.758732089826836, 97.3239189504448, 53.06462911931898, 55.146237191793645, 88.78413932249559, 22.512593925357375, 49.644740003387604, 76.22220891923436, 70.5160371196817, 91.17834436377922, 56.42700423805016, 81.61990380474425, 24.58698219360412, 70.72221802495227, 45.134679160325724, 70.28664026785614, 70.46339949268604, 36.94036883472758], [26.38016720973558, 6.142354802173027, 52.398603386530446, 35.66162138188721, 68.84456144089219, 66.12692332595634, 19.330808638669357, 45.32948398645157, 47.31472684196403, 0.0, 19.36559819893253, 27.292308372912387, 29.727889880365225, 62.98503955523048, 68.2477375695858, 46.82260802049521, 31.258340937901195, 39.65995012427528, 15.723490335784996, 35.625587209362784, 24.294251335603537, 22.041146739379283, 52.6091846478769, 36.32113733648099, 38.77910144819877, 20.20628444777632, 58.92408382726465, 78.7462153173687, 21.111532609665275, 54.277555819016186, 15.643542128226777, 44.704110231281255, 19.190787036528786, 53.154762398895784, 14.186383458640027, 14.17304049601034, 8.519014224242568, 55.21481866728793, 68.84854273301025, 2.7951578842359757, 29.34509040064662, 35.4975865270862, 53.30581764818938, 41.7121203095387, 59.216099979617894, 52.70461664477987, 25.513308626334602, 56.91057688076267, 76.1901550335954, 18.824457568740044, 58.739880014737786, 56.09955642658635, 48.1254977820675, 53.07016394398301, 36.30641995561294, 10.925005681757066, 52.942178045167076, 64.79408028680814, 69.66008465919421, 90.54231107001466, 10.631002587241133, 22.951618139124907, 79.16096086765646, 60.37984886577312, 15.43902175654662, 34.5209561501896, 51.847984434867605, 17.589650099285482, 22.631737338034203, 74.25302278578683, 40.90237410005896, 23.624497950728532, 54.655802944259385, 61.5388846397669, 32.627277904249944, 29.401791589416288, 47.33084175532509, 68.86980736901434, 9.339076124547377, 37.67192096743764, 49.82028007079993, 31.47835232480174, 17.777927059782993, 74.64725860343827, 52.66818054578197, 55.24877142871574], [16.467683498626837, 25.150702802458788, 59.371201004566146, 45.44888632214887, 84.45495947662087, 68.12397339080637, 37.958091860713274, 64.25639500032078, 66.39567534720065, 19.36559819893253, 0.0, 43.21870265571678, 18.473253163921598, 64.18954054997599, 69.44581751465155, 65.5499635964225, 49.09404243692991, 58.7126003647402, 34.76928662391147, 31.465051825240625, 38.729937737447926, 25.772500536347955, 70.64554254589208, 17.581207488850684, 57.19921675431759, 16.786592605401907, 77.39729980984292, 79.66531865278534, 36.960194635355016, 67.83502942238626, 34.46444151663343, 61.53091539931043, 38.28420953893755, 59.617033284680474, 6.5643722613185576, 18.26713977509723, 16.37723867914978, 74.0018132314275, 79.21150420649168, 17.49540129544668, 15.141482961049547, 21.163173754721328, 70.18096332157216, 40.934883190802026, 53.780744999224446, 69.01049116026871, 9.439949882019368, 76.24912589617425, 93.96799461720957, 30.81646653481768, 75.77703653559017, 72.89586728370573, 66.83374889208677, 71.98106577797843, 17.185238576153637, 16.753940386450626, 61.82734531816774, 71.70787334341388, 76.46024757663902, 105.16856526781358, 26.780383981760785, 21.898746460724066, 79.7633816544442, 64.83846658836946, 22.943771077500095, 31.385584136850355, 65.25654759034634, 36.95160125062262, 41.637431156189756, 75.91593008470099, 52.86401755975482, 31.92472879430823, 51.6214873460746, 80.79648043835617, 44.96346537004493, 14.41863238344107, 52.781797219561305, 71.50120155044796, 10.039415637973741, 20.765409595778937, 68.53678094913879, 29.220492397104188, 27.67726789310307, 87.36268845732288, 59.83820941489066, 72.71255078295403], [40.063203522809545, 21.74331382031804, 71.1890229997982, 53.941776079599016, 72.16398511731674, 88.16252976896843, 11.999731704958085, 39.31322871735907, 28.718329207985292, 27.292308372912387, 43.21870265571678, 0.0, 43.02122452042984, 85.74701802622626, 90.75332570616848, 25.866946827647183, 35.39325695080913, 33.996693436641834, 15.630901087032491, 62.25967706334684, 39.658685205530276, 47.476809462391806, 28.547995245572668, 56.57541159501305, 17.323929755189333, 32.48053937346333, 36.03821128315793, 101.01165240145956, 6.325163664448764, 63.83050564542047, 14.602196185822365, 48.28906632787571, 23.81512643222553, 72.36920034867804, 40.1245935653684, 26.39518163138359, 35.666682790199005, 48.41989606872782, 81.97792981066847, 27.444175947869, 45.66242725777057, 62.2844744287403, 55.10151641662211, 66.86614761689937, 85.43143193027457, 25.83198462094827, 44.91125199342436, 43.863153035106876, 72.11146257237286, 13.690274019097066, 32.60908676782818, 29.684888441800915, 26.938350032965037, 45.72012146551911, 60.07725543849706, 37.96084440020853, 69.59383422680665, 82.52376498678655, 87.15388064806777, 94.46631018589032, 31.145938797254423, 49.716621516387114, 101.63893085795233, 80.80589085049834, 21.927045625697954, 60.955062257686805, 62.03477870707191, 18.87020362381915, 13.644757088918523, 96.14908820163188, 55.361194990802986, 46.09087400586075, 80.11303975263903, 49.59141854449783, 48.434176440503975, 55.84215852381278, 68.06281985986767, 90.2770332940742, 34.33529912835823, 54.814883581399776, 44.384489901801224, 57.86427015059904, 17.45115546045265, 83.52532147820236, 71.23086846238931, 54.74526387067703], [3.4093094716589007, 33.255749379227396, 77.25524904201073, 62.35780861513387, 98.53040739099394, 86.59650177556144, 42.88621770603837, 73.66782125065724, 70.52673579320917, 29.727889880365225, 18.473253163921598, 43.02122452042984, 0.0, 82.6592757557816, 87.91058528886494, 68.45035972391943, 60.83428105060745, 67.82895929981318, 41.19498239341666, 49.79407779299008, 53.349273152125264, 43.583084097290865, 71.52714078447151, 16.75620833870351, 59.752502323748644, 11.015756442595906, 79.05926406559436, 98.10522206906036, 37.834928604898806, 83.3213274865061, 40.346863100462045, 74.42281666487371, 47.93802126342197, 77.60688469837544, 23.57637904183636, 18.20633923084999, 31.523229378627242, 83.66569715937167, 96.27630977606916, 26.960414643696026, 4.922570575120362, 36.531843964961546, 83.00703697471735, 59.3984876832099, 71.40925781738522, 66.83011995251029, 9.857749966609525, 83.29986496216146, 105.51957496551834, 29.376343147953644, 74.44610822355224, 71.29132515260766, 69.61435461920384, 81.31569149992359, 25.175333495350113, 32.869725996005236, 79.24984670330056, 89.69161230567524, 94.49103873997481, 120.07076255556436, 39.92920881375426, 40.24287947269504, 98.18466167095588, 83.16164161759328, 21.6111670513474, 49.80383407664198, 80.81214094625166, 44.815321612930404, 47.118699411974205, 94.38554410128914, 69.03517429744606, 48.90765754778097, 69.79534613782197, 88.49937162933334, 60.832753115349135, 30.554637928412372, 70.8907596139688, 89.96499103024233, 22.71839001804871, 12.356668669352981, 78.45541362399861, 47.69038071468696, 25.625994982850617, 103.42173571437588, 77.6834716698327, 84.81037016523203], [80.5359633769482, 66.0654400653186, 19.767651189755437, 33.161560635212176, 60.487337370806294, 4.471560299365943, 73.96219968891607, 71.36213540505473, 89.09100434735396, 62.98503955523048, 64.18954054997599, 85.74701802622626, 82.6592757557816, 0.0, 5.316556757622325, 91.86282987130245, 57.89317848817677, 70.0020036034588, 70.12289014304837, 33.28397429228218, 46.98808865876936, 41.280611213873314, 100.30618914056463, 75.31401131569234, 87.76554874964937, 78.56844934222755, 103.01841118572662, 15.800252829277852, 80.9165120849574, 43.4950780595302, 71.15142750851898, 56.038478516008546, 63.10297404958185, 18.115504045757906, 59.84009534838214, 75.44463288581129, 55.584889832915024, 75.35702148652561, 35.66742901778538, 64.8037532994248, 78.9813085953965, 51.28639468781464, 59.67629320269148, 23.270578005902408, 21.886151465821545, 106.24082171087616, 73.20498494574224, 86.13969547351925, 79.69272405010265, 81.47251318208922, 109.33379441203009, 107.82302048736511, 92.97587204011727, 75.51647177872158, 66.15501427769328, 53.29493123531392, 25.6127009076392, 20.4151821032045, 22.286568333816845, 69.9608713592068, 55.134989086241625, 42.840573301049794, 16.17592493505949, 10.761360486683825, 78.07659586141718, 32.97673033459081, 42.21396075344768, 67.37949469527317, 73.9411248124234, 11.726389575070792, 36.54201738315667, 40.00207528895465, 16.56768491095764, 86.72442116914213, 39.6356305640929, 54.445950574524076, 18.602004726338713, 8.302092864911884, 63.18013136770463, 81.66840485421609, 71.50654645635149, 34.969182426760746, 80.76072016955975, 49.276057869023994, 20.27831629453836, 64.34947113005745], [85.81101882058452, 71.25147345121368, 23.020603226680944, 37.722644033818476, 61.96746633217822, 3.308021805869266, 78.92044951006787, 75.06881120741971, 93.28044595810213, 68.2477375695858, 69.44581751465155, 90.75332570616848, 87.91058528886494, 5.316556757622325, 0.0, 96.18647164644844, 62.16414669270273, 73.99797349101888, 75.1228035225954, 38.41553402859978, 51.74858582589793, 46.584605910374975, 104.68128335463587, 80.32387845835011, 92.33387368334351, 83.88199599709844, 107.1665476689451, 10.503113041895167, 86.00315394707258, 45.88433697012512, 76.1709100857001, 59.45013522683964, 67.92117500484973, 21.386192401169282, 65.14200414010027, 80.75490847594645, 60.88707030997615, 78.56553747208375, 35.86641141972429, 70.08778697618114, 84.19625248442053, 56.120834277860936, 62.509821460166826, 28.51209869009502, 24.86045116251488, 110.88977465642365, 78.42497154452043, 89.66140704051004, 81.51133680890942, 86.69166261082204, 113.7993961682872, 112.362014555942, 97.27603864430779, 78.87233592394611, 71.04345700294039, 58.60243103239001, 28.337322049505072, 20.7012970720557, 21.39673298138888, 69.77514376400919, 60.275534808174854, 48.14750474859802, 10.946860764118675, 12.828234366301611, 83.36733676670568, 38.174282684029556, 44.85056206413849, 72.28544780524888, 78.78481296448525, 6.5282365366552915, 40.38884897643338, 45.16385299716479, 20.694901151888306, 89.9758180785957, 44.10277066289028, 59.48967675611729, 23.10247761454603, 5.343570820922933, 68.49668804208802, 86.74390994756192, 74.93861625652872, 40.22770790710645, 86.01952168980459, 49.480834610776476, 23.42259052319005, 67.17235542198186], [65.34198791804543, 40.70690542846581, 73.84410791021416, 58.78921127379804, 59.55738428808482, 93.13287372357608, 27.612112810595725, 25.517878009746582, 4.825168123991019, 46.82260802049521, 65.5499635964225, 25.866946827647183, 68.45035972391943, 91.86282987130245, 96.18647164644844, 0.0, 34.02684730982511, 23.49053845879033, 31.112794364174064, 76.51079511644062, 45.966336855574625, 61.12293432655152, 8.629647562807893, 80.78755946569578, 8.69824290684667, 57.61823448040718, 12.330358077582412, 105.52438425962129, 30.61567872671687, 58.30187429972414, 31.20793888161706, 40.772754326925266, 31.975967480192647, 75.35241893301362, 60.988226397254465, 50.92393460184719, 53.66616969467505, 30.743699894402173, 77.50386731385859, 48.18272719483818, 70.650387253892, 81.81924342228645, 44.0101271413779, 77.95119758311309, 97.39328588281258, 18.580157195444144, 69.09901703312313, 21.364971797266826, 53.21449387059606, 39.154665735374756, 18.20481626985393, 17.720245509752246, 1.3124395522093935, 28.211702285227233, 82.7336362461279, 55.40917254131509, 70.17918044433885, 82.8127031326451, 86.77270439739965, 80.33375912859609, 45.01075676425892, 65.28361012738868, 106.41684916257611, 84.3326519215781, 46.912201083243644, 74.84151828499724, 57.43777703947366, 30.292138927947004, 24.231100597160665, 100.42675733408569, 56.22020407167829, 56.70055136790823, 90.78683542537395, 27.084971184315183, 52.25702131926915, 76.0680167770982, 73.26104136448878, 94.28386270980866, 55.704907322657505, 79.84556260270371, 29.220615678844307, 71.89629954244377, 42.8663815522182, 74.75977414374236, 73.63290475821618, 41.559925042443915], [57.44554066910669, 27.858937736753187, 39.90484313588803, 25.012197804112684, 38.76539666735958, 59.10602942340046, 24.46168418113514, 16.974750592430812, 31.22064624604113, 31.258340937901195, 49.09404243692991, 35.39325695080913, 60.83428105060745, 57.89317848817677, 62.16414669270273, 34.02684730982511, 0.0, 13.141033767345112, 22.910917377249312, 47.07617842966232, 14.33924111044814, 32.994926632268864, 42.55523396633418, 66.65605474018881, 30.9292950317928, 50.63736347956506, 45.17323155302359, 71.52762895686668, 33.63569980230138, 28.442156116827633, 24.202619875167574, 14.050977445277526, 13.747118583268858, 41.38452814789014, 42.736707173268854, 43.658283309093356, 32.9470276840934, 25.677561412166913, 46.88444359869568, 33.95671038074103, 60.59866531962774, 58.035784671982206, 22.340540983007816, 46.01302501583414, 65.23864739616006, 49.68697534267575, 56.53466787831699, 31.72466696560312, 45.0031585030069, 39.57103307156463, 51.81438129423502, 50.60627306140834, 35.111905047915954, 24.128865278838017, 64.39921669991462, 33.338059201494154, 36.65568391778852, 49.55642068368592, 53.82417697636997, 61.04895010967448, 22.327329862986616, 38.54805189979129, 72.40613112521773, 50.35454328671693, 42.4521801096605, 45.2223135264288, 26.710711688690555, 18.46107506240892, 21.766936684099782, 66.43589267475298, 22.381122338741807, 26.444093032095513, 58.14310590730013, 34.64732980348703, 18.455591019724242, 54.02358052322197, 39.304638370975155, 60.298182729374915, 39.81134200501035, 68.75684442935706, 20.19374297932873, 42.690783842438655, 41.52450285488, 48.264128187250144, 39.72749505130149, 23.994065167743717], [64.42761174961042, 34.811926659404634, 51.22174936881957, 37.69165538406385, 38.75176031108254, 70.8410420504363, 26.277338530129516, 5.861280322384701, 19.738439608791552, 39.65995012427528, 58.7126003647402, 33.996693436641834, 67.82895929981318, 70.0020036034588, 73.99797349101888, 23.49053845879033, 13.141033767345112, 0.0, 26.840210272807624, 60.06636103663378, 27.36805572180195, 45.62164214617987, 32.08404327346855, 75.96276065981023, 23.303719450902037, 57.02240779043248, 33.324654714026984, 82.92443079131021, 34.64432368362792, 34.87218548599193, 27.859792766485274, 17.36212419454963, 20.475397328006178, 52.79211596666605, 52.732836741655404, 49.77518964578976, 43.365606747248144, 15.849727187696098, 54.083808748407414, 42.04971113756714, 68.42317385409135, 69.97793539491649, 21.957923413338676, 59.14084552887177, 78.32062324705667, 41.14619864834288, 65.08895530486477, 18.815132019391406, 38.756458457354185, 42.38962704659225, 41.69446768468083, 41.07333966969771, 24.340998165843057, 13.500511935969953, 74.94632250914701, 44.23296914419275, 47.10849125532684, 59.536502056906606, 63.38786796978728, 60.79982609724088, 32.79295154181019, 50.94026241426007, 83.88251951955594, 61.74799709725066, 47.422568928380905, 58.22796440321535, 33.95073408095209, 23.01407330223256, 22.242429868281484, 77.81930321729746, 33.62516676431244, 39.40656166768021, 71.15635301523496, 22.411424071073757, 31.204860535386977, 65.45478271707331, 51.557258299709325, 71.67957006768411, 48.87450460659377, 77.1275744323198, 10.857046725825501, 55.6239938623093, 45.214322489311805, 52.245301469651416, 50.94241219028222, 20.88519257573375], [37.816759924799086, 9.654399806421825, 55.76717491011877, 38.447325355929884, 61.5480571749849, 72.53426551669533, 4.1660378497593635, 32.701422067072066, 31.64565800875218, 15.723490335784996, 34.76928662391147, 15.630901087032491, 41.19498239341666, 70.12289014304837, 75.1228035225954, 31.112794364174064, 22.910917377249312, 26.840210272807624, 0.0, 47.88302590162288, 24.246059793406282, 32.67780555738379, 37.18204914529025, 50.95409944399521, 23.219882754521777, 30.2799955670548, 43.267466736358905, 85.38349010290983, 11.560166249359318, 50.54729543699891, 1.3130805370739473, 36.865038214718254, 9.41642417159239, 56.902682751162594, 29.906998603546107, 23.026250917114172, 22.813370744334243, 42.676694727488275, 67.85177833548892, 17.27523282647059, 42.202132051830205, 50.86226719111541, 44.77339700319503, 51.66686094622659, 70.55747673280807, 38.632656827725555, 39.5273955107678, 42.36307095812396, 65.28676066009298, 16.66916445202672, 43.94740910611648, 41.53577133755325, 32.418270448169615, 40.24504154032204, 51.884751748266346, 24.76487928369976, 54.497581869006325, 67.32967941612762, 72.02878910051048, 83.89388834206869, 15.986439549234147, 35.7031882058398, 86.0083304891989, 65.25042888067655, 20.608356445780757, 46.43488528273377, 48.500270704048475, 4.450840361797052, 6.910278245132726, 80.52835276255126, 40.50637180083882, 30.602971912172826, 64.92722913769548, 47.396825400744234, 33.1789900470233, 44.98487617537587, 52.4562044478319, 74.67214784162911, 24.782563594509167, 51.17613422087445, 37.63616539173608, 43.35580106949946, 18.85510859061062, 70.80582825030471, 55.83892072090871, 45.560955398869645], [47.93273217980481, 40.571314939511524, 33.85366656339525, 27.826482764381232, 70.32691732941103, 37.467940438615216, 52.0482497204948, 63.95118720023471, 75.32261249478178, 35.625587209362784, 31.465051825240625, 62.25967706334684, 49.79407779299008, 33.28397429228218, 38.41553402859978, 76.51079511644062, 47.07617842966232, 60.06636103663378, 47.88302590162288, 0.0, 32.73786923039992, 15.425250661011715, 83.89795553367006, 42.1685785642691, 69.98515061993206, 47.044667402800634, 88.77252270962549, 48.41390443367544, 56.368001973427134, 51.298363562018515, 48.48429490430621, 53.6451465934055, 44.54096198348014, 33.43727262434308, 28.115165246444313, 45.351087862605944, 27.143147610523084, 71.66404907515597, 55.9530342587704, 36.520248470487736, 45.892313181172725, 19.25486713512261, 61.02728854512024, 10.380462753390775, 23.693246888342863, 86.51146254578953, 40.1514676998628, 78.79381452368548, 85.33761993398255, 54.23484739758115, 91.52233996694818, 89.27520500628312, 77.79538360674609, 70.61314316323582, 33.47369964302991, 24.710484672081684, 38.48982187099778, 44.77014225055179, 49.06663977374954, 87.3655955887359, 32.06138271445017, 12.674003547819067, 48.44114813559279, 36.03432896624336, 48.887209169304036, 1.8931509541359182, 48.845786230500366, 46.941984771996765, 53.74466320932884, 44.93959276755865, 36.470669423269705, 20.659834739778244, 20.26708660531595, 81.5674106358953, 32.01091888470799, 21.278018251861848, 26.492478983414568, 41.07023642411264, 32.60848367556149, 48.40507076707046, 66.45208653153885, 4.615106466641996, 52.52881087304981, 67.12317291989275, 34.50019615871095, 65.02964887889333], [50.126672499700234, 23.77328336659012, 31.5394623984692, 14.30997655794394, 45.73874631387548, 48.96795115623777, 27.661988336824873, 31.260826173745674, 43.95386198321515, 24.294251335603537, 38.729937737447926, 39.658685205530276, 53.349273152125264, 46.98808865876936, 51.74858582589793, 45.966336855574625, 14.33924111044814, 27.36805572180195, 24.246059793406282, 32.73786923039992, 0.0, 18.939991038071412, 54.09470698882639, 56.12975124123975, 40.99862336051861, 44.45475493225138, 57.82322802321269, 61.76987563983236, 35.720918712499824, 30.039253109704617, 25.44567980177838, 23.409830774515086, 16.209463190105524, 32.71066898049492, 32.16575013333039, 38.369973315290096, 22.468575045752495, 39.44443482448359, 45.00045278779549, 27.04728095914867, 52.09059804137401, 44.5091608097025, 31.896732771802924, 32.22623483624769, 51.63507247906462, 59.29725717933012, 47.26008127646063, 46.05724088914878, 56.26452206557709, 38.79346317941517, 62.761370222617614, 61.064471077941114, 47.17436542967749, 38.15715389034995, 52.41321318551427, 22.021391094665418, 30.40074864049835, 43.12796184554794, 47.86400511821835, 66.80660905319895, 13.665180852901287, 24.710131634231427, 62.483697788167454, 41.21641771988314, 38.74596455557884, 30.88640705506539, 27.578603983799443, 20.829035846505022, 27.091936709798656, 56.80983603840673, 16.99043714493866, 12.11164708243173, 44.85236904196703, 48.91885361363409, 9.052773360266194, 41.1383089932799, 28.718081600892138, 50.832917163448826, 30.81001857845351, 59.318287612561775, 34.07390933684029, 28.357040544800938, 39.48847776292934, 50.35864841710785, 31.598665535706914, 34.98648848663085], [40.94323832279854, 26.11440419670583, 33.68546064473995, 20.23845479199633, 61.83950327703549, 44.680746562966256, 36.84009758060347, 49.963398940518175, 60.04574750720997, 22.041146739379283, 25.772500536347955, 47.476809462391806, 43.583084097290865, 41.280611213873314, 46.584605910374975, 61.12293432655152, 32.994926632268864, 45.62164214617987, 32.67780555738379, 15.425250661011715, 18.939991038071412, 0.0, 68.47310981222157, 41.400197554649196, 54.562554565129886, 37.78955118406442, 73.40400837206427, 57.08079861981761, 41.82415365327438, 43.828843732524604, 33.359888102813585, 41.780228440541926, 29.146985752014544, 34.02483734316728, 20.007902172959437, 34.18760314150128, 14.305526000498341, 58.375675541031256, 53.57375153770649, 23.62350926098998, 40.82794394050367, 25.82124451037577, 49.91992124905555, 19.714045762009107, 37.963999101134554, 71.24574968736141, 35.20329959070441, 64.43642610527142, 74.4818076247666, 40.83742822084135, 76.13149604915893, 73.91984144809282, 62.411653092876776, 57.03525473957314, 35.61119506224668, 12.027121724659846, 36.08047127613984, 46.10855880075965, 50.91060173636542, 81.22834002558498, 16.733242130475244, 5.958480454628008, 57.42294695629272, 39.9677714380314, 36.83238071703084, 13.844067775028275, 41.23118372685127, 31.54276922973437, 38.36829013094643, 52.76604594967868, 28.40739263832106, 7.586259436653896, 32.811216371412705, 67.63198570797385, 21.463783826796313, 23.36011228262221, 27.37194946889767, 47.67668972575398, 22.213270879685407, 46.091436055650945, 52.98393406680895, 10.81724809905583, 39.74425067411841, 62.43093154135007, 34.12835321269131, 53.41599448292326], [68.60409248951952, 46.47302306894581, 82.41917500474256, 67.18358870511867, 67.30046506289176, 101.6468679132794, 33.307232893474996, 33.79323866053056, 12.664423510709465, 52.6091846478769, 70.64554254589208, 28.547995245572668, 71.52714078447151, 100.30618914056463, 104.68128335463587, 8.629647562807893, 42.55523396633418, 32.0