instance_id,num_cities,city_coordinates,distance_matrix,best_route,total_distance
645,28,"[[31.950809759193888, 14.712587164160663], [92.44283017558637, 63.82228858877167], [7.420721078554548, 78.74094043753833], [31.26516335244598, 81.32670639027681], [19.857525880008186, 49.46661313123681], [25.032222718657195, 32.806967640501796], [17.63241180750381, 27.86838349278382], [24.814705218742738, 52.256176262214616], [89.68958647914236, 56.198199180088], [53.68643067266039, 33.70364661488464], [15.357576384732996, 52.3886623252403], [11.273667472286174, 13.585555534003435], [36.71177838498354, 31.936652308423074], [12.185241295071581, 74.30227781210273], [60.58240454086996, 57.11875459005151], [7.670547451909881, 76.06868275118136], [85.10149804899807, 58.53501745554324], [56.84254876981348, 27.25396374725395], [68.47751500982406, 93.02204201142173], [10.055700081931729, 19.466914615493113], [31.063104303982612, 56.25279530964], [30.974604071816504, 7.923478978296295], [2.2239220780247204, 65.5650140818356], [8.664411500335124, 11.561092667060812], [76.62016723281447, 52.16335770412014], [69.62241080076632, 67.64523354471505], [94.32600770296284, 74.90177554466109], [21.190860817372382, 41.328318188943456]]","[[0.0, 77.91692568416495, 68.56642964002488, 66.61764774642154, 36.797959670378134, 19.371975930711805, 19.444575000322768, 38.215769917349085, 71.09727379760857, 28.86342937966407, 41.168216300474384, 20.707834591004488, 17.869953619121365, 62.7822341767744, 51.16689609009702, 65.98561664025074, 68.88687148015224, 27.872653220885915, 86.40932192154753, 22.40534439132397, 41.549692101686624, 6.858933408587557, 58.903795927141374, 23.49868637680479, 58.29160926876869, 64.96933567371778, 86.67989222667346, 28.70842453382266], [77.91692568416495, 0.0, 86.32105889232528, 63.63262968393513, 73.9912955524077, 74.2033700800468, 83.0016987058629, 68.6100447422168, 8.10599100441218, 49.08351145529006, 77.92858372596277, 95.45764674435915, 64.20781832993188, 80.93893220839317, 32.55801114468283, 85.65228594826901, 9.04712072590767, 51.035501544365964, 37.77514964812027, 93.56836220314091, 61.84470855761261, 83.08441331689325, 90.23573832168965, 98.74237203396085, 19.654193750282623, 23.13841931893437, 11.238389066291468, 74.7182831827138], [68.56642964002488, 86.32105889232528, 0.0, 23.984236759073287, 31.80660863572114, 49.19445951464688, 51.887336389922716, 31.68585516743439, 85.30147359630072, 64.56681592826286, 27.521559437268717, 65.26920696500572, 55.21419586846979, 6.511710896226763, 57.390622137860454, 2.6839102740437863, 80.26569898958151, 71.36824098329996, 62.70472029543776, 59.332564848493796, 32.62941856471579, 74.63175096158139, 14.163747921465193, 67.19135891117074, 74.12780350184407, 63.18358106145734, 86.99004558192425, 39.86628966862387], [66.61764774642154, 63.63262968393513, 23.984236759073287, 0.0, 33.84079986018789, 48.91844843503067, 55.16923238272168, 29.777577672826748, 63.599175248581375, 52.637145160191686, 33.02213980718613, 70.62947987107674, 49.68946626319406, 20.331896678995566, 38.02006787556086, 24.173388510573304, 58.46205622501517, 59.81692186770518, 39.00692234929065, 65.3947640919584, 25.074725217612002, 73.40380248454767, 33.04276984735275, 73.33508602611494, 53.92195548733926, 40.72420816953377, 63.387300199417375, 41.247577265492254], [36.797959670378134, 73.9912955524077, 31.80660863572114, 33.84079986018789, 0.0, 17.444806540884642, 21.712546054090623, 5.688171011677428, 70.15576197472475, 37.32111885871011, 5.365437256384968, 36.89353492767803, 24.318004727996342, 25.993733685114698, 41.437555560718415, 29.260768125107546, 65.87117625621259, 43.14271329917922, 65.27617274258856, 31.560381810291076, 13.100276957924143, 43.00489998560621, 23.87681922307839, 39.523591577392224, 56.82666526058598, 52.98118544647362, 78.6924537170687, 8.246794930332245], [19.371975930711805, 74.2033700800468, 49.19445951464688, 48.91844843503067, 17.444806540884642, 0.0, 8.896449567378886, 19.45042492784354, 68.75844967270739, 28.668234453038092, 21.8412808326991, 23.638115953588294, 11.711937044744865, 43.43852780580071, 43.068299389140996, 46.615488438775216, 65.34715285303218, 32.29137184635081, 74.25192659965357, 20.056252017722393, 24.20905549143014, 25.583195737602548, 39.91626466449557, 26.819628026236973, 55.09978090238393, 56.586125900352414, 81.07774966005935, 9.34716408468737], [19.444575000322768, 83.0016987058629, 51.887336389922716, 55.16923238272168, 21.712546054090623, 8.896449567378886, 0.0, 25.423409976040332, 77.42618987484566, 36.52317855873468, 24.62557512469721, 15.634346932979998, 19.508281322406475, 46.75230698317665, 51.96427700953875, 49.21897591415664, 74.1115378120577, 39.21495062124624, 82.64516766283359, 11.31332134558662, 31.40156580688066, 23.996110320422982, 40.72416375459288, 18.610555165929025, 63.79499245274478, 65.46111666763146, 89.96692514075137, 13.922370537401905], [38.215769917349085, 68.6100447422168, 31.68585516743439, 29.777577672826748, 5.688171011677428, 19.45042492784354, 25.423409976040332, 0.0, 64.99453641065524, 34.31869588142088, 9.45805679513263, 40.97287652528338, 23.54619722230312, 25.407360204226066, 36.096717063916614, 29.342079183676443, 60.61288012039327, 40.631187444807956, 59.73522218201356, 35.95780738540068, 7.417240385660282, 44.7586014342231, 26.219623319565887, 43.782665702391775, 51.80554516435625, 47.37671963706845, 73.10707448608434, 11.513050434828337], [71.09727379760857, 8.10599100441218, 85.30147359630072, 63.599175248581375, 70.15576197472475, 68.75844967270739, 77.42618987484566, 64.99453641065524, 0.0, 42.452704544404625, 74.42956600520937, 89.24625343507715, 58.26895234228529, 79.59071042229596, 29.12173522732642, 84.39169911963958, 5.148910088098798, 43.78009423321744, 42.49643957893692, 87.69688209103614, 58.626507596578584, 76.01248430129002, 87.96578693180969, 92.50702815571185, 13.678072421670992, 23.10251361760793, 19.269669706305564, 70.09414225152646], [28.86342937966407, 49.08351145529006, 64.56681592826286, 52.637145160191686, 37.32111885871011, 28.668234453038092, 36.52317855873468, 34.31869588142088, 42.452704544404625, 0.0, 42.64071860465543, 46.94230577027133, 17.066373052485424, 58.05684778596079, 24.409459991563768, 62.54804389759503, 40.04376900450488, 7.180493752952234, 61.13467271760765, 45.89471854040772, 31.941806505611087, 34.35759175084012, 60.5271552917947, 50.172451661100965, 29.440061244987103, 37.49649031520979, 57.8693446352762, 33.37810175597413], [41.168216300474384, 77.92858372596277, 27.521559437268717, 33.02213980718613, 5.365437256384968, 21.8412808326991, 24.62557512469721, 9.45805679513263, 74.42956600520937, 42.64071860465543, 0.0, 39.01742442367634, 29.568338756100186, 22.1420471869056, 45.471516959364195, 24.896461218153984, 70.01422920020576, 48.50521628028391, 66.87899090338328, 33.345934753646496, 16.173902774020096, 47.12795437801729, 18.604008198816967, 41.37256216822007, 61.26300514659507, 56.36874328539195, 82.1148793562558, 12.504336035367448], [20.707834591004488, 95.45764674435915, 65.26920696500572, 70.62947987107674, 36.89353492767803, 23.638115953588294, 15.634346932979998, 40.97287652528338, 89.24625343507715, 46.94230577027133, 39.01742442367634, 0.0, 31.366546504688838, 60.723564874192185, 65.7760668583356, 62.58692883277847, 86.43496222420434, 47.57466054311043, 97.8899155019297, 6.006149282975569, 47.033128326610026, 20.498439302088393, 52.761368468101345, 3.3025242810298554, 75.88420027403191, 79.542596353367, 103.23453905640034, 29.462036650105453], [17.869953619121365, 64.20781832993188, 55.21419586846979, 49.68946626319406, 24.318004727996342, 11.711937044744865, 19.508281322406475, 23.54619722230312, 58.26895234228529, 17.066373052485424, 29.568338756100186, 31.366546504688838, 0.0, 48.95301059118692, 34.697911585518874, 52.830192173686605, 55.21809483911457, 20.668224124187606, 68.85119358795423, 29.428572317204036, 24.963620116661815, 24.68901906683163, 48.169273901658016, 34.66724996103359, 44.74146970757663, 48.561430167527355, 71.87072585281037, 18.14117609616067], [62.7822341767744, 80.93893220839317, 6.511710896226763, 20.331896678995566, 25.993733685114698, 43.43852780580071, 46.75230698317665, 25.407360204226066, 79.59071042229596, 58.05684778596079, 22.1420471869056, 60.723564874192185, 48.95301059118692, 0.0, 51.35716970943036, 4.8479528572670265, 74.60152141984815, 64.86770357611164, 59.32326400034575, 54.87669817584281, 26.118145615451336, 68.98684721144365, 13.250194641443896, 62.839896211307774, 68.1321617457574, 57.8216627156628, 82.14295407158852, 34.18162073703036], [51.16689609009702, 32.55801114468283, 57.390622137860454, 38.02006787556086, 41.437555560718415, 43.068299389140996, 51.96427700953875, 36.096717063916614, 29.12173522732642, 24.409459991563768, 45.471516959364195, 65.7760668583356, 34.697911585518874, 51.35716970943036, 0.0, 56.20288602833948, 24.559962275306955, 30.09804401073846, 36.76110467571003, 63.01276788834658, 29.53199911876655, 57.41774108349996, 58.966530971126055, 69.07227056675161, 16.785880687656086, 13.875462960274149, 38.14271344087739, 42.4385626365651], [65.98561664025074, 85.65228594826901, 2.6839102740437863, 24.173388510573304, 29.260768125107546, 46.615488438775216, 49.21897591415664, 29.342079183676443, 84.39169911963958, 62.54804389759503, 24.896461218153984, 62.58692883277847, 52.830192173686605, 4.8479528572670265, 56.20288602833948, 0.0, 79.39131897801029, 69.28753499035959, 63.12609360475275, 56.65200004549454, 30.657480509221422, 72.01977403596766, 11.83185460859139, 64.51524582769316, 72.97612372233101, 62.52189911486454, 86.66331671330407, 37.27857029739069], [68.88687148015224, 9.04712072590767, 80.26569898958151, 58.46205622501517, 65.87117625621259, 65.34715285303218, 74.1115378120577, 60.61288012039327, 5.148910088098798, 40.04376900450488, 70.01422920020576, 86.43496222420434, 55.21809483911457, 74.60152141984815, 24.559962275306955, 79.39131897801029, 0.0, 42.15533816095425, 38.284614074122665, 84.60607810337548, 54.086565212301814, 74.10295863628457, 83.17519733303999, 89.7172102223525, 10.608063932756565, 17.96101832385279, 18.787292213190117, 66.1864038228673], [27.872653220885915, 51.035501544365964, 71.36824098329996, 59.81692186770518, 43.14271329917922, 32.29137184635081, 39.21495062124624, 40.631187444807956, 43.78009423321744, 7.180493752952234, 48.50521628028391, 47.57466054311043, 20.668224124187606, 64.86770357611164, 30.09804401073846, 69.28753499035959, 42.15533816095425, 0.0, 66.78931469904363, 47.430447439626796, 38.800927681570904, 32.292695835150305, 66.71529779170463, 50.66950871575786, 31.806164486878938, 42.36483859737322, 60.6244477308802, 38.32923566689713], [86.40932192154753, 37.77514964812027, 62.70472029543776, 39.00692234929065, 65.27617274258856, 74.25192659965357, 82.64516766283359, 59.73522218201356, 42.49643957893692, 61.13467271760765, 66.87899090338328, 97.8899155019297, 68.85119358795423, 59.32326400034575, 36.76110467571003, 63.12609360475275, 38.284614074122665, 66.78931469904363, 0.0, 93.93330200573273, 52.4577509190193, 92.99588033416829, 71.71768930395517, 101.06183067568772, 41.66215151127345, 25.402621800279455, 31.567208165019267, 70.05903758510507], [22.40534439132397, 93.56836220314091, 59.332564848493796, 65.3947640919584, 31.560381810291076, 20.056252017722393, 11.31332134558662, 35.95780738540068, 87.69688209103614, 45.89471854040772, 33.345934753646496, 6.006149282975569, 29.428572317204036, 54.87669817584281, 63.01276788834658, 56.65200004549454, 84.60607810337548, 47.430447439626796, 93.93330200573273, 0.0, 42.361681394777634, 23.892497785876692, 46.75865183162671, 8.027309922856785, 74.16121410635597, 76.61164037342596, 100.8687689663129, 24.533910630092517], [41.549692101686624, 61.84470855761261, 32.62941856471579, 25.074725217612002, 13.100276957924143, 24.20905549143014, 31.40156580688066, 7.417240385660282, 58.626507596578584, 31.941806505611087, 16.173902774020096, 47.033128326610026, 24.963620116661815, 26.118145615451336, 29.53199911876655, 30.657480509221422, 54.086565212301814, 38.800927681570904, 52.4577509190193, 42.361681394777634, 0.0, 48.329397361711216, 30.305376584415473, 49.99049634085352, 45.74023920609714, 40.20706115165477, 65.95437370087681, 17.89416689273666], [6.858933408587557, 83.08441331689325, 74.63175096158139, 73.40380248454767, 43.00489998560621, 25.583195737602548, 23.996110320422982, 44.7586014342231, 76.01248430129002, 34.35759175084012, 47.12795437801729, 20.498439302088393, 24.68901906683163, 68.98684721144365, 57.41774108349996, 72.01977403596766, 74.10295863628457, 32.292695835150305, 92.99588033416829, 23.892497785876692, 48.329397361711216, 0.0, 64.41388269775932, 22.60479873666806, 63.56637716560741, 71.13607336260428, 92.19269251393159, 34.80811564503415], [58.903795927141374, 90.23573832168965, 14.163747921465193, 33.04276984735275, 23.87681922307839, 39.91626466449557, 40.72416375459288, 26.219623319565887, 87.96578693180969, 60.5271552917947, 18.604008198816967, 52.761368468101345, 48.169273901658016, 13.250194641443896, 58.966530971126055, 11.83185460859139, 83.17519733303999, 66.71529779170463, 71.71768930395517, 46.75865183162671, 30.305376584415473, 64.41388269775932, 0.0, 54.386610780338785, 75.59368814125912, 67.43058352945842, 92.57412862715553, 30.776000275323334], [23.49868637680479, 98.74237203396085, 67.19135891117074, 73.33508602611494, 39.523591577392224, 26.819628026236973, 18.610555165929025, 43.782665702391775, 92.50702815571185, 50.172451661100965, 41.37256216822007, 3.3025242810298554, 34.66724996103359, 62.839896211307774, 69.07227056675161, 64.51524582769316, 89.7172102223525, 50.66950871575786, 101.06183067568772, 8.027309922856785, 49.99049634085352, 22.60479873666806, 54.386610780338785, 0.0, 79.16140892702713, 82.8330159821308, 106.53614959901061, 32.29550507056554], [58.29160926876869, 19.654193750282623, 74.12780350184407, 53.92195548733926, 56.82666526058598, 55.09978090238393, 63.79499245274478, 51.80554516435625, 13.678072421670992, 29.440061244987103, 61.26300514659507, 75.88420027403191, 44.74146970757663, 68.1321617457574, 16.785880687656086, 72.97612372233101, 10.608063932756565, 31.806164486878938, 41.66215151127345, 74.16121410635597, 45.74023920609714, 63.56637716560741, 75.59368814125912, 79.16140892702713, 0.0, 16.98991096580167, 28.818959603798593, 56.4783683456986], [64.96933567371778, 23.13841931893437, 63.18358106145734, 40.72420816953377, 52.98118544647362, 56.586125900352414, 65.46111666763146, 47.37671963706845, 23.10251361760793, 37.49649031520979, 56.36874328539195, 79.542596353367, 48.561430167527355, 57.8216627156628, 13.875462960274149, 62.52189911486454, 17.96101832385279, 42.36483859737322, 25.402621800279455, 76.61164037342596, 40.20706115165477, 71.13607336260428, 67.43058352945842, 82.8330159821308, 16.98991096580167, 0.0, 25.747331933681878, 55.11982463358199], [86.67989222667346, 11.238389066291468, 86.99004558192425, 63.387300199417375, 78.6924537170687, 81.07774966005935, 89.96692514075137, 73.10707448608434, 19.269669706305564, 57.8693446352762, 82.1148793562558, 103.23453905640034, 71.87072585281037, 82.14295407158852, 38.14271344087739, 86.66331671330407, 18.787292213190117, 60.6244477308802, 31.567208165019267, 100.8687689663129, 65.95437370087681, 92.19269251393159, 92.57412862715553, 106.53614959901061, 28.818959603798593, 25.747331933681878, 0.0, 80.4731430279263], [28.70842453382266, 74.7182831827138, 39.86628966862387, 41.247577265492254, 8.246794930332245, 9.34716408468737, 13.922370537401905, 11.513050434828337, 70.09414225152646, 33.37810175597413, 12.504336035367448, 29.462036650105453, 18.14117609616067, 34.18162073703036, 42.4385626365651, 37.27857029739069, 66.1864038228673, 38.32923566689713, 70.05903758510507, 24.533910630092517, 17.89416689273666, 34.80811564503415, 30.776000275323334, 32.29550507056554, 56.4783683456986, 55.11982463358199, 80.4731430279263, 0.0]]",Route_0,1257.861510242486
