instance_id,num_cities,city_coordinates,distance_matrix,best_route,total_distance
2051,89,"[[73.25639988365991, 28.990859271281177], [55.29782450048931, 39.66250780788231], [44.95368156126841, 61.19073723365176], [15.121143517458723, 82.50818319207752], [39.006926301890246, 6.257283098097643], [17.35392546471455, 41.49525904728982], [77.58693256059327, 59.37408611147534], [13.969874541990546, 54.09292624390869], [82.7543963237028, 2.046167432388546], [32.15425724380218, 98.45786422299128], [25.71498754259939, 23.337768891830123], [6.322302002861246, 20.420577419533814], [89.0047725904833, 56.09955990936609], [13.9351107528211, 3.8521573059305703], [16.567305491708208, 81.99009118111911], [3.0063410184614225, 45.44106526766092], [85.72236852907079, 17.773730880310048], [12.159720494774662, 18.715206792990436], [15.7893485108467, 25.042546227398134], [96.84889736385213, 44.50448448201813], [92.15028915818212, 22.988633722801566], [43.637239060790456, 53.55037908906426], [0.48707053118693944, 79.30264528245854], [31.06399377626119, 19.18591028956843], [87.17832593878614, 40.72442385630247], [5.687537363084427, 60.459344550374325], [79.02069492636438, 60.97489928227788], [27.574119841444666, 2.454500354146061], [76.6541325021758, 1.9864112961829106], [16.531248698519228, 48.16956013438306], [38.43790142563722, 17.534263362853853], [51.62611574599135, 82.0620858160993], [78.68434523623404, 29.985520622170025], [69.27090629804641, 3.9483656285518087], [61.40325881568705, 8.910590084978088], [71.43048419061337, 6.560207104529169], [90.89662466390857, 19.096428463208937], [70.92376922326865, 23.712668135853743], [58.42061760882036, 45.79766641887119], [94.1234399722865, 17.53964524068785], [57.40386381904141, 65.18698929733316], [78.25387124446036, 31.91437423772947], [2.59003986644859, 10.559053293051157], [73.36492965806279, 33.85276089577074], [95.56545997926416, 47.76034321931334], [73.9523366278202, 91.28317347009394], [96.18135048795111, 45.360787231390496], [62.954362781857675, 45.592746490127844], [22.48756124300205, 14.711786015375683], [94.76258262445161, 19.39333907502746], [63.08747764275678, 87.20864319953245], [62.15318863627185, 24.94758003143991], [94.43931065137, 81.5245389621532], [73.68709108321602, 27.546021054987335], [34.995430209667845, 72.93381845913251], [71.63744518335228, 89.55367908270387], [81.63956577945952, 44.88465947413046], [23.833520204058512, 0.29154171153398245], [10.96561057185057, 19.41210066113681], [56.824151629247524, 41.25142369038785], [83.7316281208299, 26.836889798928887], [58.370038800241964, 58.53411658712595], [28.184723834936865, 75.88983462645665], [19.697829661069566, 84.96522248384706], [94.91712028273923, 19.25263105677533], [36.030096609062845, 66.30604399163167], [36.64725423474995, 6.716245107883934], [99.25990557143291, 64.43840867036509], [42.83470013264456, 44.891045722803355], [55.645584928201174, 18.329603763251747], [96.81784992294503, 96.82075691238212], [54.705378490441305, 5.232898599693803], [36.93684364919587, 96.87555446970359], [63.84751134280591, 91.18911297096773], [45.387224703892805, 38.51287972419238], [1.0815528915316897, 5.205486962320272], [36.53446968947742, 6.5062262202892684], [91.55620433320696, 51.51476564002434], [23.737033665682116, 0.535522582814163], [91.42716084925907, 99.961237261913], [67.23512001868798, 60.28270266809142], [46.40440191992575, 67.39001296662981], [44.14880421273929, 85.87577348005703], [77.93224495785843, 5.157534860251056], [19.355285510759224, 5.553464486700744], [70.64498511136847, 6.5057921720554575], [63.572093509135755, 81.71396302445514], [85.80953460165878, 85.76678147248596], [85.57559851542632, 62.23028421169694]]","[[0.0, 20.89005773763591, 42.87045608840888, 79.01779541601611, 41.107686948431876, 57.283912749733545, 30.690291404427605, 64.38171986974781, 28.569710440743965, 80.71586527163123, 47.87633359208894, 67.48053934383398, 31.3511226784357, 64.42801937548055, 77.60523182113685, 72.15039880615477, 16.769744887978998, 61.95476790532621, 57.60252745651053, 28.236120564484235, 19.824372964932, 38.47680731987887, 88.46836217565682, 43.316696061283885, 18.207047068519067, 74.5373513621522, 32.499321727758954, 52.830380033030174, 27.2173620578247, 59.87959037746845, 36.654896326143415, 57.30989686648967, 5.518327822219617, 25.357654603040622, 23.317679210668846, 22.50484669452183, 20.225659230626523, 5.770655721831109, 22.41805527254151, 23.802597858948232, 39.51534801242286, 5.789789267414473, 73.03058201672255, 4.863112801297767, 29.15454835912776, 62.29620161932413, 28.169627289482555, 19.538542107184306, 52.738666175479544, 23.55054755197477, 59.09921611204404, 11.81648877693607, 56.643651104566935, 1.50766454512874, 58.26564564629236, 60.58445475394245, 17.96915010022982, 57.15130675863475, 63.02297239578308, 20.502200432385386, 10.694390637555234, 33.08183488164035, 65.04590587582274, 77.47031548496746, 23.749103077061434, 52.70882911055941, 42.85309768583037, 43.962609868552356, 34.32631271975038, 20.5864803306174, 71.80554952060432, 30.142678879030424, 76.9898824992681, 62.90588165557164, 29.450972797281352, 75.9931080704889, 43.058784012372776, 29.020840804490334, 57.1128165711009, 73.25961442842912, 31.865895160544497, 46.85642751174474, 63.89949600960547, 24.287669292036046, 58.77619930659688, 22.63620395670672, 53.60514396327647, 58.14711113241557, 35.4488649366725], [20.89005773763591, 0.0, 23.884429140249498, 58.73599913119759, 37.16587684998601, 37.98813566289636, 29.754842586269397, 43.774837795370395, 46.57093943145536, 63.18638018864901, 33.78818348408755, 52.61989822287498, 37.50113373390786, 54.7106506234771, 57.37314194732468, 52.60979919242383, 37.4802806117045, 47.955035575175465, 42.12674864784844, 41.83224108518885, 40.449007754846406, 18.134007321030712, 67.64288025865471, 31.726481013461942, 31.898182356540925, 53.79302007091279, 31.890321597637538, 46.40085795218905, 43.30796854877617, 39.68900778169838, 27.81934953065694, 42.55826195291268, 25.309552210891795, 38.35031898859063, 31.35214142309046, 36.824245009674904, 41.112506524006285, 22.328625887921802, 6.884185353361056, 44.68612161433157, 25.61121935630177, 24.228364697855962, 60.208982932161085, 18.978236165608436, 41.07380436972102, 54.887921677893495, 41.2787243692903, 9.684539704212096, 41.21955716638261, 44.365598552299375, 48.180013353650736, 16.233456714455166, 57.310431776952534, 22.02213379043158, 38.97649710263835, 52.49868736676588, 26.854388870974166, 50.39916086819505, 48.73832353932121, 2.203253999352245, 31.192589915421955, 19.120044942950067, 45.249745149781525, 57.61679954300295, 44.567383446605696, 32.880440363121885, 37.85894870614589, 50.462955082275876, 13.515438495888052, 21.335738381703532, 70.64685379953889, 34.434706075461136, 60.08708951305017, 52.23110361397874, 9.977055330061436, 64.23932123495517, 38.09727670686822, 38.14637759752816, 50.269319578855956, 70.29413715789478, 23.82627667852869, 29.11885141149711, 47.53910577055131, 41.26633188881384, 49.550912658744316, 36.53632617780837, 42.8577695810092, 55.28624153836534, 37.763052460204634], [42.87045608840888, 23.884429140249498, 0.0, 36.66624917176224, 55.25439603667721, 33.90661288861984, 32.6837772003886, 31.78639989451416, 70.19240823285251, 39.40385789358834, 42.46144792433393, 56.16573170407768, 44.34431990020252, 65.19098467676594, 35.1909004004519, 44.806601585598266, 59.557722234524505, 53.662040295224095, 46.446205822440604, 54.51187443198167, 60.72001713859084, 7.752940953898025, 48.01375542143101, 44.241710108983895, 46.923241320988325, 39.27295526758496, 34.067697099141895, 61.25352796646548, 67.15706068290156, 31.26316911140015, 44.14003966477088, 21.911973201870573, 45.95131353642833, 62.193380080803784, 54.80695555981977, 60.70844998566723, 62.311193631592474, 45.59661299341541, 20.45250585179487, 65.75015569849309, 13.075820005194453, 44.33968948025653, 66.0170095983448, 39.42795922525213, 52.36341850961106, 41.79086879107909, 53.61773382693364, 23.818518838087577, 51.62382655814763, 65.02268156537797, 31.713813885662077, 40.117196906156515, 53.50038298159291, 44.24449965248599, 15.396971346660777, 38.942004460119385, 40.1465100945285, 64.45753044443848, 53.85762196235543, 23.20526414870935, 51.80652442448173, 13.676851787721663, 22.29935890088901, 34.68550423615795, 65.23151047290818, 10.28575381911625, 55.10414709702958, 54.40324747662598, 16.436849626484886, 44.17458047311001, 62.92368601850222, 56.801190987359746, 36.574251479406456, 35.452494280246356, 22.682001253766384, 71.12743438334857, 55.3288249767937, 47.59642376260779, 64.25886096301794, 60.52219385954793, 22.299933329587066, 6.366758136800349, 24.69815462807935, 65.01773151934313, 61.24364456069986, 60.41925433579257, 27.710071460044748, 47.67790555474423, 40.63521619174758], [79.01779541601611, 58.73599913119759, 36.66624917176224, 0.0, 79.90450791017454, 41.07365654686836, 66.61202030051419, 28.438569719385196, 105.11133556979362, 23.33493707303364, 60.111292281001, 62.70797718445244, 78.46149392337908, 78.66496731023928, 1.5361652865444195, 38.99666230348846, 95.7866498487382, 63.86167758659152, 57.46952174561326, 90.13160857558043, 97.34508743211116, 40.64138436993647, 14.981040199449904, 65.29842815806852, 83.29537851964193, 23.982164425333107, 67.43022309172211, 81.01647212290767, 101.34132662762906, 34.36756363375326, 69.03101808117124, 36.50769782216886, 82.4555073732136, 95.4140542310637, 86.94043885118519, 94.54542251658833, 98.80776376768257, 81.06075268827298, 56.76712515483201, 102.28525684905746, 45.693021283793456, 80.90410876315732, 73.03222475003297, 75.89261322964423, 87.62819428574305, 59.48201187895318, 89.1666203282323, 60.42157174463207, 68.19542198893049, 101.6181202884229, 48.19609458972185, 74.33193327416204, 79.32426610725211, 80.31693147188096, 22.060274965729278, 56.953765163816136, 76.42139777039392, 82.67697166605366, 63.23277698166764, 58.66226291366694, 88.35548373233813, 49.44919425794322, 14.644441554639707, 5.194525785711225, 101.82663101501062, 26.45172270491141, 78.78953814543728, 86.05723694867746, 46.723551359516556, 75.90204482854725, 82.94095251444476, 86.82385194881759, 26.12175586875872, 49.4936103277691, 53.40058424413656, 78.5672765808625, 78.9609270544034, 82.4797578407154, 82.42421155466232, 78.27654423520251, 56.65543690849768, 34.744802881022906, 29.22235017564519, 99.64114241371418, 77.07111449462177, 94.12364435202194, 48.4574590828971, 70.76345876810923, 73.31455118950917], [41.107686948431876, 37.16587684998601, 55.25439603667721, 79.90450791017454, 0.0, 41.35900620482288, 65.64915570884011, 53.99169117559919, 43.94968291648268, 92.45488755597385, 21.642981100824247, 35.621392050343886, 70.59771378188451, 25.186912573848602, 78.98730785540495, 53.211003804299885, 48.11404277340939, 29.59682960111424, 29.86539852940548, 69.34365169238642, 55.71494511710734, 47.519224790141685, 82.57968409506206, 15.17364749039379, 59.232318332338124, 63.624249661051344, 67.78730854969987, 12.04866051309033, 37.88868539069691, 47.55833312992594, 11.291327344537303, 76.84798017736877, 46.23123218442506, 30.351928852857352, 22.552954308364583, 32.42497292392165, 53.454508227161774, 36.37822602717541, 44.049214786582525, 56.25941498714264, 61.734573641827154, 46.889327283215565, 36.67008105338799, 44.06793380117376, 70.15248913017902, 91.9270566068464, 69.26758849931238, 46.051692631518144, 18.557156073253225, 57.28218901708114, 84.4570639742602, 29.750237973981246, 93.47678342761722, 40.693048461094975, 66.79709925325537, 89.45971353909968, 57.52926346234667, 16.304058479442343, 30.973611558689996, 39.26886036236339, 49.232297983681015, 55.74762277679126, 70.46851991198129, 81.04184681653891, 57.4005998186715, 60.12250161020348, 2.4038923417801437, 83.75837202161878, 38.82292450397723, 20.556893907524497, 107.44228999435009, 15.731839203246185, 90.64191275876189, 88.48994513914623, 32.88056753469944, 37.93995550111213, 2.484957621037113, 69.35175807177079, 16.306690789843913, 107.36997725591438, 60.95553199035281, 61.57867574654683, 79.78435259593348, 38.940851026336226, 19.664240296065174, 31.639034782872912, 79.35463430341477, 92.26182566700282, 72.81221110085008], [57.283912749733545, 37.98813566289636, 33.90661288861984, 41.07365654686836, 41.35900620482288, 0.0, 62.83046713978202, 13.044271518346909, 76.37704116957036, 58.85395661443605, 19.99004271670923, 23.787368957398144, 73.12406920782189, 37.79803437673159, 40.502471536055005, 14.88027439838002, 72.36680803808424, 23.36472867333063, 16.52693741073653, 79.55190755074129, 77.05187345332016, 28.916059427440324, 41.3991455139341, 26.18535879267115, 69.82865521012984, 22.265245345743594, 64.67029333102514, 40.3563280345775, 71.25632326541914, 6.724811674895559, 31.916506019774847, 53.10603036159492, 62.4010774583698, 64.07138288071063, 54.79146302161077, 64.37959348954425, 76.8780607002901, 56.444208736055344, 41.291450844573134, 80.42033194770686, 46.53273734078192, 61.64898011897718, 34.278581423788154, 56.5299953011076, 78.46206351354216, 75.38047869813795, 78.92214672660684, 45.78415978107401, 27.27102205557, 80.50214326174181, 64.66275037045841, 47.75771834505967, 86.85908046875424, 58.03453100669817, 36.05004448760323, 72.50042930454975, 64.37492979359457, 41.71008835127301, 22.988615692953495, 39.47097932862395, 67.97696079499993, 44.41445957585953, 36.05957601813184, 43.533109331373446, 80.68942737622612, 31.05437840574768, 39.77200454623911, 85.05867205564029, 25.706054633557027, 44.75375704012465, 96.82678350706324, 52.05852310971229, 58.740682713890145, 68.05242571423369, 28.19149610538879, 39.77106570283865, 39.90144978477607, 74.87568832163993, 41.45412019986139, 94.36691585999263, 53.30198502810329, 38.91617225290733, 51.84202531188772, 70.64108572004481, 35.99747266502878, 63.75107709267623, 61.267146228506604, 81.52385000817078, 71.30314118190593], [30.690291404427605, 29.754842586269397, 32.6837772003886, 66.61202030051419, 65.64915570884011, 62.83046713978202, 0.0, 63.83588896920808, 57.56034174515505, 59.93054061087027, 63.16102309735553, 81.21590612646759, 11.878114025233938, 84.46442445039428, 65.07594465650085, 75.87090156712569, 42.388381353341856, 77.03158148539286, 70.69367740609817, 24.333687363421515, 39.191740212919626, 34.4455694134011, 79.63376291237824, 61.47742113185306, 20.971521861020523, 71.90758524416432, 2.149017759190572, 75.77018331023487, 57.39525534967793, 62.07526024300554, 57.29936654485652, 34.477664368085236, 29.409047861157365, 56.04611301286236, 52.99505379842416, 53.17149304178488, 42.419778517998026, 36.27856774587242, 23.487588222299106, 44.98418077889604, 21.003478456540563, 27.46780994905088, 89.48430780221123, 25.868191843937126, 21.403421971945154, 32.11541909510888, 23.283576262246182, 20.10068208018048, 70.92715819393766, 43.51394131434836, 31.384658054576324, 37.72777189816867, 27.83244884670758, 32.066095627449016, 44.69790167165553, 30.760432896189478, 15.0455083093147, 79.87600636450664, 77.68758475239656, 27.559462353822347, 33.11233044364559, 19.235242514677704, 52.08980875356934, 63.293400093066346, 43.704308279517846, 42.13101772274998, 66.70011604624865, 22.256799457897426, 37.64938402717997, 46.54108149967205, 42.09609645405482, 58.777833422568214, 55.30632746375145, 34.65497986538165, 38.366797077547055, 93.7406542119752, 66.93515755758274, 16.02839580650885, 79.76081850826539, 42.88203303938443, 10.391612336384787, 32.19635539161778, 42.66670670194265, 54.217650910273996, 79.2942875005104, 53.32210740821015, 26.3720650333899, 27.64390624974781, 8.483905428846915], [64.38171986974781, 43.774837795370395, 31.78639989451416, 28.438569719385196, 53.99169117559919, 13.044271518346909, 63.83588896920808, 0.0, 86.25645216169859, 47.94704887825517, 32.92153373019221, 34.52987751341763, 75.06172462590403, 50.24078096527108, 28.017823953199393, 13.96616503102645, 80.4207954774462, 35.42399880338938, 29.1073025996402, 83.43183229036637, 84.14068125941351, 29.672325067418928, 28.588737957390926, 38.867835998831055, 74.4190446861851, 10.446453522511423, 65.41384246152268, 53.40039811218852, 81.513220375695, 6.453441224432885, 43.9911374168647, 46.906997226304625, 69.05888590939718, 74.6503923137146, 65.50854482000624, 74.57265618156927, 84.51319270524891, 64.5500286760444, 45.21813678998948, 88.09504187687955, 44.82844699019059, 68.00235584988174, 44.996652445977276, 62.748998920789354, 81.8409504503388, 70.57627254695994, 82.67391988376501, 49.71652787522744, 40.29175092293669, 87.92907954134716, 59.238413583158916, 56.31236953772089, 85.01660734283188, 65.35200170263488, 28.232130819339133, 67.69795931614605, 68.29333268392887, 54.698084823394694, 34.81070618509377, 44.73693387463518, 74.89722147773422, 44.62172965971168, 26.022435617335393, 31.399174272147604, 88.12662912956415, 25.215345382688884, 52.52440828028566, 85.9151814270293, 30.296084920391486, 54.91702897144716, 93.21724378223686, 63.61354874024629, 48.55754264661574, 62.160322735028345, 35.068329597403185, 50.55779420105946, 52.665500788542104, 77.62915356082931, 54.44072817537375, 90.01962651405827, 53.62368607130812, 35.05440174274259, 43.82826912517013, 80.53482078634337, 48.837301307320274, 74.00407750403858, 56.774129665692975, 78.51222747145543, 72.06661016348556], [28.569710440743965, 46.57093943145536, 70.19240823285251, 105.11133556979362, 43.94968291648268, 76.37704116957036, 57.56034174515505, 86.25645216169859, 0.0, 108.88337500715343, 60.88371249197533, 78.60969396102318, 54.41356854449546, 68.84297833410393, 103.78709908820822, 90.79024993412875, 16.00515888769097, 72.53595748728176, 70.80360913302141, 44.73660298075433, 22.953642335849562, 64.67484681626287, 112.85599790374592, 54.457951675827914, 38.930433766312575, 96.70263704301462, 59.04689630760155, 55.18178728922652, 6.1005564900298666, 80.70237069460387, 46.94499798276244, 85.85753925260954, 28.23424821945784, 13.617006324793355, 22.42746912247527, 12.190469234594277, 18.89463637022852, 24.6860484955123, 50.06322452768158, 19.2172580791242, 68.03978897711663, 30.205372100927743, 80.61509332552053, 33.16355638362737, 47.47535381505552, 89.67005911374962, 45.34798106267705, 47.83665828514918, 61.58335249671045, 21.09788857285645, 87.40386129452358, 30.803968205616837, 80.33273780886736, 27.06397160614317, 85.47501338034978, 88.21083378977332, 42.852995782707694, 58.946996141675896, 73.85936228150555, 47.0045711412169, 24.809975764603234, 61.52629756080045, 91.81904127249133, 104.17149461299823, 21.07117093474077, 79.45119205671284, 46.3430488542354, 64.53854353969236, 58.559932886802805, 31.623376701708416, 95.81233500045465, 28.229464340353616, 105.31790341131043, 91.12592956439434, 52.21232249419222, 81.7339259682792, 46.434617931718876, 50.24553744229112, 59.03669319135245, 98.2984117075978, 60.26891382205803, 74.77392755738731, 92.291898844619, 5.738793520094495, 63.49605014880128, 12.904498933629997, 81.94460565387482, 83.77633964997747, 60.2502041018287], [80.71586527163123, 63.18638018864901, 39.40385789358834, 23.33493707303364, 92.45488755597385, 58.85395661443605, 59.93054061087027, 47.94704887825517, 108.88337500715343, 0.0, 75.39557624189611, 82.20163041701213, 70.89574768283993, 96.34405575922479, 22.674668991646094, 60.50109083107015, 96.84767379720842, 82.2111483547498, 75.2171466770179, 84.23991717550788, 96.41124725757913, 46.35235800326839, 37.00990579495413, 79.27945102516395, 79.75461285922167, 46.307394210370305, 60.011962489159075, 96.11255658215718, 106.24020014956774, 52.659205502118176, 81.16719386781055, 25.45534959683685, 82.78593435344182, 101.53664836692357, 94.20307000570953, 99.93898832307562, 98.73653435265406, 84.20165911210202, 58.84741387345796, 101.9212331720152, 41.76713720765586, 80.95190220389091, 92.73750003117819, 76.62988253127068, 81.18632439195795, 42.409381363000136, 83.17913352726706, 61.183062803890984, 84.30213892142923, 100.85138345031403, 32.91518035625704, 79.3958296550439, 64.54583938855325, 82.17947303442598, 25.681689507848244, 40.47476550744118, 72.93067960695666, 98.51833098620789, 81.83637018383334, 62.29912140150389, 88.2597822569185, 47.761625055134274, 22.914474799876185, 18.363386649111284, 101.05763671172508, 32.384590085022985, 91.85157429147361, 75.23623723691102, 54.62120379975068, 83.50078203633585, 64.68431292454568, 95.91374919658607, 5.0375427422907215, 32.51610524259956, 61.38821217759202, 98.29302528933638, 92.05590688515974, 75.71159635473681, 98.28344033996584, 59.29196600144021, 51.84602099267669, 34.1800819919709, 17.38327254729299, 103.9258178622814, 93.78188080745498, 99.68309629137498, 35.601104799453196, 55.135763073786265, 64.54670600994342], [47.87633359208894, 33.78818348408755, 42.46144792433393, 60.111292281001, 21.642981100824247, 19.99004271670923, 63.16102309735553, 32.92153373019221, 60.88371249197533, 75.39557624189611, 0.0, 19.610870927350657, 71.26662502240477, 22.769597187014533, 59.36139315102723, 31.689719746884133, 60.264784840312586, 14.321778698732642, 10.070976911527442, 74.21632553107183, 66.43621900830676, 35.12846302375494, 61.388233287438986, 6.77124785700001, 63.87517309297703, 42.17949904949056, 65.25375103173107, 20.965859813554864, 55.23293365728404, 26.475628707737908, 13.984034256968014, 64.18669615266563, 53.38488042081249, 47.67669260275014, 38.49410597463428, 48.69695281330525, 65.31948244165356, 45.21033610241784, 39.67499508448214, 68.65372969984006, 52.49325793101455, 53.23431656269273, 26.420801982135004, 48.796332243826974, 73.99696369721333, 83.32718554033495, 73.82764823242476, 43.382658933161494, 9.209987030621583, 69.16016854495876, 74.00129459081558, 36.47374385565766, 90.0485024749182, 48.15632984749108, 50.45686027468475, 80.58175276185423, 59.93185250546084, 23.1229000471787, 15.262863167922667, 35.8981770903745, 58.1220649246573, 48.011824207453515, 52.610067575799555, 61.92050730741357, 69.3226047326219, 44.18907263232916, 19.89445922684488, 84.25032675350721, 27.525048616093642, 30.346702915046652, 102.25148686990796, 34.17936651846834, 74.38908496664313, 77.83247564300417, 24.845138431988097, 30.587346251017795, 20.009048518870483, 71.61709973334254, 22.887873170660573, 100.9417932560422, 55.57741926865873, 48.668799813663405, 65.19821788136097, 55.291616737209004, 18.887225659373485, 47.97937183649482, 69.57686766139653, 86.65296416181728, 71.38571631598441], [67.48053934383398, 52.61989822287498, 56.16573170407768, 62.70797718445244, 35.621392050343886, 23.787368957398144, 81.21590612646759, 34.52987751341763, 78.60969396102318, 82.20163041701213, 19.610870927350657, 0.0, 90.05210010867455, 18.23368865930089, 62.41606460939786, 25.239263250109698, 79.44417134673066, 6.0814261175820965, 10.535063608978842, 93.67549864850977, 85.86639792323116, 49.89978242737779, 59.17049807245239, 24.77247897832882, 83.36631686031681, 40.04379851494593, 83.24487585075187, 27.82839712530681, 72.70752961040287, 29.56735758135631, 32.24503892256911, 76.49909213236506, 72.99146141418302, 65.06812233343429, 56.27069940793356, 66.56714845224019, 84.58468788163422, 64.6852953020534, 57.9502470664139, 87.84838984833564, 67.92170190736545, 72.84406646293802, 10.544166100365599, 68.37497697150097, 93.33704537635633, 97.9557507367383, 93.25589879522454, 61.97441733323934, 17.143684131397997, 88.44624613312922, 87.65232966705227, 56.0141201387735, 107.23013256246247, 67.74058425229819, 59.831335984139294, 95.10758999290356, 79.19079197462113, 26.679970791286014, 4.751561831553559, 54.62930506647586, 77.67478892528773, 64.51053226883963, 59.622176943243005, 65.91597641402024, 88.60251646962902, 54.66286767910526, 33.277792173977865, 102.83466159372355, 43.954055969490724, 49.367584601278544, 118.4332369729698, 50.710824074724314, 82.35662496701248, 91.19942616979024, 43.05112760800494, 16.092371760218942, 33.262354781646664, 90.72853270912191, 26.432712398605695, 116.4884267531602, 72.7967061614804, 61.74708583710124, 75.59912010569596, 73.21847033491227, 19.77093083480778, 65.8105524271061, 83.87143581950578, 102.89969159499654, 89.60544955612471], [31.3511226784357, 37.50113373390786, 44.34431990020252, 78.46149392337908, 70.59771378188451, 73.12406920782189, 11.878114025233938, 75.06172462590403, 54.41356854449546, 70.89574768283993, 71.26662502240477, 90.05210010867455, 0.0, 91.46171443410864, 76.92532904849836, 86.65641200093035, 38.46613246983394, 85.45614015108593, 79.53009758577551, 13.999145246266545, 33.260001614699185, 45.439095737287715, 91.50828786885576, 68.70044670780386, 15.48323984254305, 83.43122561759287, 11.110838888410816, 81.55683608291871, 55.50469496739314, 72.90608041686454, 63.59473686652513, 45.510622265094085, 28.079427855060654, 55.75995466069725, 54.66847753273607, 52.56427578768594, 37.05146206412519, 37.092228856115256, 32.27258194554442, 38.89817187248372, 32.881587675510445, 26.467056612389964, 97.68031416123199, 27.1942044064924, 10.61061515733007, 38.268296167986186, 12.916056245915726, 28.089446050501298, 78.34211659985682, 37.1550672765708, 40.49050803042557, 41.127283051093755, 25.999303140082223, 32.40271513109041, 56.57208963197782, 37.693529297883074, 13.417163006440651, 85.80108992771967, 86.2327111638089, 35.44092993458356, 29.733985851044448, 30.731319213730142, 63.95884070247803, 75.07781838922068, 37.31825318931756, 53.948944499943885, 71.97236628841128, 13.217569788572142, 47.51111849906775, 50.39250925253432, 41.46396101147922, 61.35035181987881, 66.1343402221541, 43.17597164566013, 47.029584344055145, 101.59084222197065, 72.19855561518823, 5.246917421683599, 85.71604277136494, 43.9285181295156, 22.16791502231436, 44.071146019898045, 53.83939815518529, 52.13147594572693, 86.05788059757133, 52.88311256592765, 36.09596670262616, 29.838793224265483, 7.024600722335251], [64.42801937548055, 54.7106506234771, 65.19098467676594, 78.66496731023928, 25.186912573848602, 37.79803437673159, 84.46442445039428, 50.24078096527108, 68.84297833410393, 96.34405575922479, 22.769597187014533, 18.23368865930089, 91.46171443410864, 0.0, 78.18225603950529, 43.000875262672665, 73.12469206650091, 14.968709049986801, 21.271360565472605, 92.34342269491236, 80.5221637975279, 57.897579175891444, 76.63958456110576, 22.989619705291275, 82.00080860174036, 57.204860934597235, 86.59758032478587, 13.710434488900336, 62.74676642958517, 44.39337930021123, 28.06397649850679, 86.81822835649716, 69.82417951115903, 55.33587918036831, 47.7369125802906, 57.559113096562555, 78.45675513684681, 60.35020368388833, 61.142342570259295, 81.34811287899366, 75.17641989710351, 70.17400494704714, 13.179267324053768, 66.57281420268001, 92.69003562970099, 106.04833798428365, 92.12714208558336, 64.38294692641936, 13.823022285086605, 82.30801018090116, 96.76910101583611, 52.63078846780141, 111.86565636268993, 64.27828819098069, 72.22058545394275, 103.3165535313079, 79.1679194158684, 10.519339003730524, 15.84076287752616, 56.90496422453293, 73.48368366159555, 70.45977222081959, 73.43349662603737, 81.31751515984986, 82.43336981619889, 66.24708568788454, 22.89201739648608, 104.64709487239791, 50.19339228240048, 44.151558430701506, 124.55002595394149, 40.793641390755226, 95.82500788481691, 100.59319836595206, 46.803858286972414, 12.924606409959981, 22.754672182872532, 91.08654347281076, 10.347838357659596, 123.45838601785734, 77.62278942174385, 71.35344400135197, 87.41133154671837, 64.010445999203, 5.6809101849905845, 56.77192640526602, 92.33791662637803, 108.97677943465932, 92.41409626182443], [77.60523182113685, 57.37314194732468, 35.1909004004519, 1.5361652865444195, 78.98730785540495, 40.502471536055005, 65.07594465650085, 28.017823953199393, 103.78709908820822, 22.674668991646094, 59.36139315102723, 62.41606460939786, 76.92532904849836, 78.18225603950529, 0.0, 38.98372804988384, 94.37247307337516, 63.42820981106312, 56.95285851755066, 88.60194525587556, 95.88513650265153, 39.263195582039636, 16.303261080035426, 64.45555917590131, 81.78491002831817, 24.123482439522405, 65.89434074654625, 80.29358735493915, 100.05506271707196, 33.82055026719069, 68.06523860417336, 35.05888417610143, 81.0123569935088, 94.17101711872974, 85.7372508944093, 93.27183813325325, 97.36765632733015, 79.6924286629368, 55.33164867725689, 100.84053737208066, 44.15845025517289, 79.4531926467596, 72.78569315549356, 74.45248604273186, 86.09520345506189, 58.1326343538825, 87.6361915449627, 58.96207072851529, 67.53828376658403, 100.16413899244596, 46.811961101112615, 73.02000287819145, 77.87339678256609, 78.91024444214437, 20.53318913943164, 55.587122138155266, 74.90802441073222, 82.02103914045605, 62.828209297211025, 57.27349028880533, 86.90754775583751, 47.93382163168769, 13.121643913560831, 4.318748411684489, 100.37271731223825, 24.995791132105573, 77.906073217563, 84.53477193973846, 45.45673982085463, 74.69785527039633, 81.60942670759533, 85.70985488868072, 25.228854553172685, 48.1667921623631, 52.16182185724698, 78.33060690835643, 78.08009679505702, 80.94492211557335, 81.76950377509112, 76.98675233837747, 55.1220295797964, 33.217685156192886, 27.853861467066267, 98.33055225352719, 76.48745474264716, 92.85620512349374, 47.00559906353926, 69.34514894116091, 71.78157477734915], [72.15039880615477, 52.60979919242383, 44.806601585598266, 38.99666230348846, 53.211003804299885, 14.88027439838002, 75.87090156712569, 13.96616503102645, 90.79024993412875, 60.50109083107015, 31.689719746884133, 25.239263250109698, 86.65641200093035, 43.000875262672665, 38.98372804988384, 0.0, 87.22054000771477, 28.249882602331436, 24.07290716939567, 93.84722992718466, 91.9279890578153, 41.432244042293206, 33.955166394623866, 38.426098438443155, 84.30403164517527, 15.255737492890946, 77.58532077158407, 49.51182201614934, 85.51201168379541, 13.797384244552141, 45.10194081679292, 60.86856036218455, 77.24010734504434, 78.18335331151833, 68.88160585590708, 78.69932973249973, 91.75370209226242, 71.30848684324097, 55.41542397576551, 95.29331016017193, 57.87047608777041, 76.45366031349872, 34.884496069830014, 71.30651999342143, 92.58817177705289, 84.4679417142784, 93.17504405259275, 59.948213655937074, 36.384152385372104, 95.38182171390545, 73.17290170795611, 62.596585531893794, 98.29549842059654, 72.91091164626765, 42.18001073174509, 81.58523859428995, 78.63519328977782, 49.72173438421301, 27.218687887390754, 53.98064315552804, 82.8413382474667, 56.890834278699735, 39.51048616150051, 42.90413496105143, 95.5689564209251, 39.06297185903206, 51.29642032766932, 98.11038551301955, 39.83215674838685, 59.210821175644355, 106.96014171850484, 65.494176400106, 61.618063003062026, 76.12182259444351, 42.943440207822086, 40.28159096782013, 51.38148600249842, 88.75791868488898, 49.459775388229616, 103.87824860784478, 65.9212428021939, 48.63278724378522, 57.68594201288667, 85.06852475046492, 43.108104598479954, 78.04448517196028, 70.59697930107542, 92.10066370558111, 84.25888769946391], [16.769744887978998, 37.4802806117045, 59.557722234524505, 95.7866498487382, 48.11404277340939, 72.36680803808424, 42.388381353341856, 80.4207954774462, 16.00515888769097, 96.84767379720842, 60.264784840312586, 79.44417134673066, 38.46613246983394, 73.12469206650091, 94.37247307337516, 87.22054000771477, 0.0, 73.56867242727634, 70.30976436754281, 28.95397782734611, 8.277280668841735, 55.237004620226045, 105.123086580898, 54.67661457426299, 22.996828478230928, 90.70631628590107, 43.717883987818944, 60.13233447448858, 18.206382515229116, 75.57325915592438, 47.28507347935084, 72.7705093715694, 14.094735916997852, 21.489330698822283, 25.8838629653588, 18.165931669304705, 5.340641856997427, 15.945830713354901, 39.12450084513316, 8.40433206630318, 55.22639570650405, 15.99175557129246, 83.44480595913883, 20.279090257918018, 31.560788470292284, 74.44576415631175, 29.50315206437902, 35.94829224322646, 63.308896364272144, 9.184149475847931, 73.03112579040148, 24.636768303945317, 64.34400213735164, 15.503082224409276, 74.93902543377432, 73.14879376717778, 27.416632315283774, 64.31062497853092, 74.7747090653861, 37.23317069057657, 9.279218553151086, 49.08725888214757, 81.780572702698, 94.20157258050625, 9.31292679792652, 69.46011304703852, 50.30541555944111, 48.58865158062099, 50.741510272642905, 30.081919926020838, 79.8219395396835, 33.45633191709736, 92.93613900400872, 76.60501096166455, 45.35456010332919, 85.5688519671146, 50.461926771752, 34.241656893991994, 64.33768385195633, 82.38525875812071, 46.3550540927205, 63.30622359884611, 79.78878026528483, 14.827488906463925, 67.48277275786938, 18.822697294951833, 67.66821979412435, 67.99310646495277, 44.45679560588406], [61.95476790532621, 47.955035575175465, 53.662040295224095, 63.86167758659152, 29.59682960111424, 23.36472867333063, 77.03158148539286, 35.42399880338938, 72.53595748728176, 82.2111483547498, 14.321778698732642, 6.0814261175820965, 85.45614015108593, 14.968709049986801, 63.42820981106312, 28.249882602331436, 73.56867242727634, 0.0, 7.294478998068729, 88.5287722860973, 80.10463939635294, 46.95022261897188, 61.701608243930934, 18.910132471318544, 78.18053976856552, 42.24289516116975, 79.09659607866088, 22.405675198683383, 66.62868585642686, 29.776990942600985, 26.3047033897045, 74.63526938447833, 67.47255494495658, 58.98938160238322, 50.210124229623275, 60.50427626634704, 78.7378270471139, 58.97616504010946, 53.60531896354859, 81.97214926761104, 64.85876250960796, 67.3992194654837, 12.573846954799912, 63.04937091626252, 88.31838613209732, 95.31231397996338, 88.14545515005011, 57.46736313111921, 11.076627304526571, 82.60564566303177, 85.35213693224591, 50.38044593885842, 103.51300963585942, 62.15786846455794, 58.83134784438297, 92.49696692579025, 74.24479210297629, 21.81075502329421, 1.3825916141383898, 50.02791701253021, 72.0312411116283, 60.999500777351514, 59.37793192716953, 66.67748997106692, 82.75914477871495, 53.24173777315269, 27.269293907013473, 98.37201548360834, 40.32528883297976, 43.48757403234736, 115.18452950691622, 44.63077019840983, 81.99357158188704, 89.01738481579919, 38.678351690032116, 17.47107115630707, 27.261467402347538, 85.90467220394059, 21.55307630569241, 113.50878630004303, 69.00113293305559, 59.514157659765715, 74.38980571854499, 67.1553083715855, 15.000253879066074, 59.74609596165176, 81.31466894527283, 99.60024490420972, 85.34314915855417], [57.60252745651053, 42.12674864784844, 46.446205822440604, 57.46952174561326, 29.86539852940548, 16.52693741073653, 70.69367740609817, 29.1073025996402, 70.80360913302141, 75.2171466770179, 10.070976911527442, 10.535063608978842, 79.53009758577551, 21.271360565472605, 56.95285851755066, 24.07290716939567, 70.30976436754281, 7.294478998068729, 0.0, 83.36316633189634, 76.38855812962056, 39.852246392773615, 56.376573688294926, 16.358941667862492, 73.0910896359794, 36.82928443393142, 72.72782937486673, 25.477453791276393, 65.08538459806128, 23.13891069480892, 23.860663459092574, 67.34613411899302, 63.0889341244077, 57.491229578800336, 48.382526001429326, 58.630477050651194, 75.34228061054364, 55.15045714255424, 47.41518869588453, 78.69258801377418, 57.821658517645666, 62.84137666014098, 19.595747402672895, 58.24575029083643, 82.94773210394146, 88.15187964077099, 82.91987035314922, 51.44753931941707, 12.312215899809189, 79.17502919363307, 78.11361361585858, 46.36393738407425, 96.82991298144738, 57.951841913684845, 51.5989101648076, 85.32699551851357, 68.7747088137759, 26.02538996392173, 7.414200225158639, 44.12009491803178, 67.96596962785001, 54.17379874701422, 52.336336010100034, 60.05000711604317, 79.3393180161496, 45.96046269691316, 27.765185825244235, 92.3004218496847, 33.54719029316443, 40.41760974974884, 108.248462207222, 43.667831735804306, 74.88122343929501, 81.7615759800691, 32.518981528543335, 24.694699274657168, 27.82005054132751, 80.2583007659429, 25.763538329130746, 106.46073887431922, 62.35812723295617, 52.25504219184112, 67.11885179054578, 65.24686395448896, 19.81262763448931, 57.90295430940262, 74.12718935287694, 92.68365123522443, 79.07621985205508], [28.236120564484235, 41.83224108518885, 54.51187443198167, 90.13160857558043, 69.34365169238642, 79.55190755074129, 24.333687363421515, 83.43183229036637, 44.73660298075433, 84.23991717550788, 74.21632553107183, 93.67549864850977, 13.999145246266545, 92.34342269491236, 88.60194525587556, 93.84722992718466, 28.95397782734611, 88.5287722860973, 83.36316633189634, 0.0, 22.02291427044272, 53.97507562388013, 102.45249467739602, 70.48889089187895, 10.383102138637982, 92.54702111354204, 24.271781266414287, 81.03823767786008, 47.070320534859725, 80.40122801714793, 64.33690444613242, 58.78497593115525, 23.25405912008762, 49.0443102477968, 50.23264486800196, 45.67125916750378, 26.095954877134492, 33.23269318123799, 38.45003256764275, 27.10222635327262, 44.538485344550864, 22.456310301209427, 100.18495154124055, 25.786739897947076, 3.499689648723096, 52.081649714481244, 1.0857592873689335, 33.912000659476185, 80.10751020723539, 25.197665226025773, 54.43784192411213, 39.827938884633944, 37.098390016780236, 28.70642353181001, 68.07406576205115, 51.624095684283745, 15.214082301231, 85.35824277838091, 89.47383235344073, 40.15672640584379, 22.004696186947466, 40.95672268825946, 75.49707895076467, 87.11692468936208, 25.32563649942602, 64.60831620079553, 71.07875118796504, 20.079200534976138, 54.01558045716689, 48.81431487086054, 52.316281643018655, 57.604979305146095, 79.57501587786776, 57.171199186840134, 51.809295310154575, 103.51712647351309, 71.28602820056973, 8.783885326604446, 85.31479487119125, 55.72115088298203, 33.554850286900276, 55.39309103680965, 66.99912963237078, 43.65801395834519, 86.7320116030606, 46.15783394617949, 49.918843818595676, 42.71351873967856, 21.006933212218296], [19.824372964932, 40.449007754846406, 60.72001713859084, 97.34508743211116, 55.71494511710734, 77.05187345332016, 39.191740212919626, 84.14068125941351, 22.953642335849562, 96.41124725757913, 66.43621900830676, 85.86639792323116, 33.260001614699185, 80.5221637975279, 95.88513650265153, 91.9279890578153, 8.277280668841735, 80.10463939635294, 76.38855812962056, 22.02291427044272, 0.0, 57.33704133964633, 107.5798008317616, 61.20454385907107, 18.41951872103651, 94.23301766315376, 40.19132513176491, 67.76232195568326, 26.100272373380562, 79.7014324525326, 53.98861687388107, 71.63715078756589, 15.175245368415117, 29.765718018579307, 33.81672940351823, 26.442456751331704, 4.089124166249134, 21.238864714917383, 40.717842714935145, 5.795239392243321, 54.66274130560121, 16.51603083590705, 90.41865251626508, 21.700667980022427, 25.006018937782596, 70.67750445220746, 22.7324153590468, 36.92354304464511, 70.1527039290456, 4.4441220458294595, 70.49011725321886, 30.06099649648556, 58.58064374506847, 19.01734635670811, 75.90256504078626, 69.65401662288804, 24.288088637167064, 71.98846370147827, 81.26342120479016, 39.767643758630854, 9.256507359111385, 49.0365849779845, 83.00681058907897, 95.34388518219973, 4.648985953127106, 70.89339915780855, 57.83923855780461, 42.05508873783564, 53.96056868078341, 36.80081508720115, 73.97951431426239, 41.44137382709521, 92.23774510704808, 73.8400474115916, 49.27257260452021, 92.78876566648329, 58.006802465352514, 28.53231744773042, 72.0035813480601, 76.97600022176, 44.851011490775036, 63.75083276294929, 79.11343061589578, 22.80572006160753, 74.85384213465458, 27.09542706312085, 65.3098581237383, 63.09755148361365, 39.78861256868054], [38.47680731987887, 18.134007321030712, 7.752940953898025, 40.64138436993647, 47.519224790141685, 28.916059427440324, 34.4455694134011, 29.672325067418928, 64.67484681626287, 46.35235800326839, 35.12846302375494, 49.89978242737779, 45.439095737287715, 57.897579175891444, 39.263195582039636, 41.432244042293206, 55.237004620226045, 46.95022261897188, 39.852246392773615, 53.97507562388013, 57.33704133964633, 0.0, 50.250534904900505, 36.59239282769657, 45.390873247272715, 38.57348393249497, 36.15401013844045, 53.56129780679686, 61.22873530512532, 27.634904127617254, 36.389472431571484, 29.60978843524218, 42.23271487647428, 55.834081306736195, 48.04521016980473, 54.59432880787721, 58.48524806575658, 40.43320075427