instance_id,num_cities,city_coordinates,distance_matrix,best_route,total_distance
62,57,"[[42.1587032079878, 37.43871178378962], [78.28820632486317, 33.65651939826703], [37.07353446732839, 66.82633480723749], [62.84490028103308, 45.22239562362049], [67.97250580274329, 69.51867866974254], [19.926868914146944, 1.5617908765583666], [75.8420292014714, 36.631019717644556], [42.9122346837402, 81.84302359550585], [11.667040707615717, 86.57524728626105], [61.414733159799006, 5.849549738978643], [34.43204777657202, 68.37489485267936], [92.95477867617691, 30.69631604189703], [64.26597939908531, 93.25385309923782], [76.38116243512164, 87.39718004910915], [53.246364334005655, 88.47731423554454], [53.53335992983921, 42.97079596579061], [79.91589075715997, 57.166022690213325], [7.187831044658011, 68.34584934151358], [95.17672556215282, 85.17974931236964], [27.21118149021716, 2.810959651961409], [47.59978153248146, 55.49493257935683], [53.98243994702688, 71.2777441219212], [48.82266124305331, 36.72277719596415], [41.106018121071116, 43.32994410825983], [96.9964660923123, 12.35704123390644], [9.515266731860116, 11.35127116416933], [36.65015713419516, 19.980755844331288], [25.735231225948308, 5.611282233400572], [65.34269612595493, 84.2935912853973], [11.343519142410019, 94.60614820425828], [45.57633767309783, 81.45903412455293], [46.23909623301142, 11.716268300055276], [62.200366297308754, 87.5091386740927], [48.60055124571154, 80.07771945959975], [42.61464016841353, 80.6360876876035], [69.48563902315733, 68.92150793330543], [31.200463051142712, 41.1048815295172], [91.50538225366664, 19.66185765384885], [74.22046670602425, 5.8358142227706296], [60.08519192574745, 26.27974513464827], [28.330252900811082, 52.65980867007439], [54.38444476283642, 52.05001197299938], [90.39215085146395, 80.19052184377733], [98.97841665114187, 72.86614615271843], [81.1602125625645, 21.376308465429496], [51.99455849387995, 33.98659493784708], [69.035282125773, 58.78028344705315], [26.433063927456146, 42.21016743283194], [63.64652242198964, 6.584178180258449], [83.83625383575968, 64.42493789214522], [6.706918643129889, 74.2563539359084], [25.306600541083235, 40.42614158211568], [43.529976613791945, 34.58403007502901], [45.066710773534126, 87.06461342088745], [90.4542586707598, 61.34313689578451], [8.870284392959816, 97.12006917844417], [49.94376033024306, 80.71000246690525]]","[[0.0, 36.32693180979385, 29.824341201261472, 22.102137531544575, 41.17616640491003, 42.20672825335465, 33.69300842099147, 44.410704983788214, 57.82854488245603, 36.99553822014726, 31.886495997956363, 51.24159622133424, 60.03383763056397, 60.55596805410493, 52.229064413156884, 12.648587705222466, 42.60014092960334, 46.67133008471074, 71.34505840387284, 37.71617190551764, 18.85821950109682, 35.8452348305213, 6.702305500882441, 5.984543774850297, 60.30149613177334, 41.78694177674645, 18.306400668377297, 35.81502064399537, 52.27692857016874, 64.94375532631113, 44.15279158016867, 26.044072377655706, 53.93251253523273, 43.122875387883404, 43.19978198425638, 41.68846212608908, 11.555251098075734, 52.451036935359355, 45.01888284771495, 21.11590714188271, 20.56472290889726, 19.051478939577194, 64.4529497771919, 66.9595619887623, 42.17959853171673, 10.424066381362547, 34.31928285063877, 16.433579031731885, 37.599582690038744, 49.65153195926367, 51.11132753582684, 17.114850308893107, 3.1669541221492445, 49.71103118319096, 53.887681499510244, 68.33727568225994, 43.966029065398516], [36.32693180979385, 0.0, 52.90449726242036, 19.294175142347896, 37.3163254471115, 66.6041838269162, 3.8511601718160473, 59.777910270467395, 85.08097007841572, 32.526015099989195, 55.93503586131318, 14.962324299632895, 61.22470932738577, 53.774486734755286, 60.26950636006526, 26.449161953028863, 23.565782432271902, 79.1113959989168, 54.22052473749937, 59.66834187424647, 37.66557720924591, 44.78980719897826, 29.624656687464032, 38.41992016183938, 28.349016801300703, 72.2996633397941, 43.82640356209537, 59.56803269691531, 52.26566065412773, 90.53423879143529, 57.92362872651478, 38.839671418952754, 56.20429876458928, 55.10249249564809, 58.98883927465448, 36.34700273031397, 47.67319650547934, 19.24952718571611, 28.116510133168447, 19.640940195184196, 53.45018347459386, 30.161405569219774, 48.08241733421676, 44.33373020138325, 12.611581993722192, 26.295719539909864, 26.77349671248017, 52.55588157147186, 30.77808581663181, 31.264619105269627, 82.29354355390778, 53.41234254308567, 34.770602650847195, 62.897474303790915, 30.24171982769727, 94.05567519317933, 54.931210505800436], [29.824341201261472, 52.90449726242036, 0.0, 33.62875977720868, 31.016046573681177, 67.47939562616284, 49.14013875958302, 16.111839199198588, 32.179332952478234, 65.65563396272225, 3.0619422188836283, 66.54390813825725, 37.91889745813615, 44.36495565668331, 27.024532116235857, 28.98297064954005, 43.91798176901114, 29.924307736148023, 60.932984822663, 64.77062808492653, 15.466174502011228, 17.485025862383807, 32.31510731604197, 23.839909821488543, 80.97939044541036, 61.94304486205222, 46.847492107220546, 62.256242915960705, 33.23026556853521, 37.864914115759326, 16.923757019852502, 55.867047111034935, 32.544370536344914, 17.563351360545877, 14.879957224648726, 32.4797517257473, 26.38344417580019, 72.02300992452075, 71.41245112661053, 46.62147909559426, 16.647385240521306, 22.759774422448746, 54.96795746856734, 62.198824420408684, 63.319349964635705, 36.07056241161425, 32.958948039535684, 26.817444127184032, 65.8425479755154, 46.824338007861606, 31.262382200767725, 28.903822175421478, 32.88239437199219, 21.759567750895478, 53.66159870725964, 41.3900188078068, 18.931427348368167], [22.102137531544575, 19.294175142347896, 33.62875977720868, 0.0, 24.831466091303405, 61.22259242541274, 15.58002246892726, 41.69390304191652, 65.79689697203646, 39.39881179744406, 36.651444828162376, 33.43070093469344, 48.052475202551214, 44.293823885962375, 44.30710864466955, 9.57990003763355, 20.834321283446315, 60.26942398784139, 51.399776651427665, 55.39396913059296, 18.383108038751466, 27.521344235697033, 16.397155273217333, 21.821099200148083, 47.39684553347019, 63.17675907037893, 36.37725865532211, 54.27861311226343, 39.1509554739569, 71.35227591416665, 40.140966909024975, 37.39536463659976, 42.29165475448832, 37.653619735040735, 40.784715394702204, 24.61193481439869, 31.911194429410045, 38.402660431378855, 40.996418208608894, 19.142622541166947, 35.30688313352833, 10.871782401689714, 44.515400316507595, 45.49514203279206, 30.068031806655675, 15.619639366786533, 14.904266154912463, 36.536219636314975, 38.64653212459559, 28.4495088469733, 63.20161166977648, 37.84346707421202, 22.05087521657156, 45.462459374284514, 31.971158406545513, 74.87741769497727, 37.75989474950138], [41.17616640491003, 37.3163254471115, 31.016046573681177, 24.831466091303405, 0.0, 83.22572812878403, 33.816083597493076, 27.926809098196806, 58.8322354882817, 64.00595566694388, 33.559954797727784, 46.16589431529116, 24.02284003151126, 19.757183957569822, 24.006022266801438, 30.220506441848276, 17.182332609921907, 60.79598847028776, 31.390105230655163, 78.17547784482146, 24.732839477094494, 14.100221768196782, 37.97746305558163, 37.51876834707186, 64.10805772472332, 82.46633310454517, 58.6096862640511, 76.60380331907382, 15.007129696792912, 61.93725258535011, 25.38031590186708, 61.753216402641264, 18.893762082717156, 22.062773301685606, 27.687869777199154, 1.6267098792278307, 46.47071116360732, 55.13165040033975, 63.988625861322625, 43.952418516465634, 43.07818140087233, 22.13119334753864, 24.829996392303766, 31.186087380247333, 49.91596356349502, 38.959257879677885, 10.790858421435752, 49.711970563304284, 63.083004716575054, 16.661473427172915, 61.44849662066457, 51.640635027000734, 42.63645043374106, 28.853687324353842, 23.92213818445796, 65.22966605452547, 21.219834863757487], [42.20672825335465, 66.6041838269162, 67.47939562616284, 61.22259242541274, 83.22572812878403, 0.0, 66.00269662268094, 83.50690610024894, 85.41377250025799, 41.70884505387219, 68.36951862310352, 78.62503520394088, 101.84984532753741, 102.73656258292671, 93.08327978643887, 53.330122265637705, 81.7955581756624, 67.98818684809024, 112.49223928128774, 7.390644920122781, 60.618263474930686, 77.58927796599959, 45.51111702945473, 46.830919118847646, 77.82197786925298, 14.291094580322511, 24.878236259326133, 7.080639306891308, 94.37768889001659, 93.43942596050492, 83.91343591014261, 28.2036649785787, 95.78097501296652, 83.58786454808339, 82.26469097156561, 83.6265698010074, 41.118729833906905, 73.83153790378591, 54.46156476589809, 47.1557861752836, 51.78440194550675, 61.12597649814111, 105.58330025160643, 106.4587163221652, 64.35943972444821, 45.603778718381236, 75.40286559676346, 41.16577571492878, 44.007186652570624, 89.64476969551625, 73.8868498689583, 39.23492408737924, 40.59033105016578, 89.12207533356721, 92.45497302877561, 96.19580351187267, 84.64899980647158], [33.69300842099147, 3.8511601718160473, 49.14013875958302, 15.58002246892726, 33.816083597493076, 66.00269662268094, 0.0, 55.93296578612424, 81.31946271104023, 33.99479026441502, 52.177199715960164, 18.112617212953097, 57.79403247037704, 50.76902303022578, 56.55618733648558, 23.192013443158046, 20.935202293226723, 75.62558656054206, 52.257149067103555, 59.23475172533112, 33.962799676275836, 40.966292904275896, 27.01952376166571, 35.37606611494376, 32.198388649085395, 70.98101934057561, 42.58208688155982, 58.931445909219775, 48.80529401081184, 86.72469845942511, 54.088473442653644, 38.69209839922619, 52.67521196290809, 51.28073556104437, 55.1407779143066, 32.91017054505646, 44.865185476780375, 23.09313945710018, 30.837868707129456, 18.85276654568843, 50.14270597530138, 26.422968268380494, 45.92533359166973, 42.991590014641915, 16.155162941012517, 23.99364169036121, 23.171570717312715, 49.72295987445564, 32.42750486826233, 28.920745408690625, 78.71041409464291, 50.67773179469824, 32.37682672878765, 59.081871992724786, 28.708987886884135, 90.2448874306321, 51.12413374069097], [44.410704983788214, 59.777910270467395, 16.111839199198588, 41.69390304191652, 27.926809098196806, 83.50690610024894, 55.93296578612424, 0.0, 31.601520337872834, 78.21349320059323, 15.915528951745706, 71.5558656072956, 24.211349473570632, 33.926652925661465, 12.28039282453947, 40.29712622991519, 44.47724065721415, 38.18909174372573, 52.370895975620435, 80.57661076616674, 26.761819737350024, 15.302763636881062, 45.505711479641654, 38.55541090252042, 88.05342600837562, 78.0028501352338, 62.178402894851914, 78.14299609618196, 22.563928791622736, 34.0511549100462, 2.6916338257101335, 70.20562524496185, 20.103156001636453, 5.955941907158318, 1.2430835777760814, 29.54845825410598, 42.38822730149009, 78.91635691424518, 82.20280572457355, 58.15658495608739, 32.62352258879477, 31.925462340234365, 47.50866448694955, 56.78028785612681, 71.54810584802954, 48.71063918342496, 34.846859124083885, 42.92232934529495, 78.06282406657235, 44.47656746113028, 36.991654006334066, 45.003516187917704, 47.26303072868494, 5.648607574086056, 51.77344299429736, 37.31276592994866, 7.122225059297326], [57.82854488245603, 85.08097007841572, 32.179332952478234, 65.79689697203646, 58.8322354882817, 85.41377250025799, 81.31946271104023, 31.601520337872834, 0.0, 94.82336815791943, 29.14615541638748, 98.64152929196621, 53.02124222492438, 64.71934119279257, 41.622806391540024, 60.449457070981175, 74.31559745050802, 18.771634681952893, 83.5213438535279, 85.19434368284679, 47.50944985439402, 44.99562885274242, 62.17562956237258, 52.314526071705735, 113.09046355070028, 75.25474546405538, 71.1265238627144, 82.17711129956392, 53.72412808687141, 8.037414743426016, 34.29309052577924, 82.45661743067224, 50.54195433773996, 37.500694240585375, 31.512339315326926, 60.45365848578599, 49.48847088466831, 104.17083321603455, 102.13612071912769, 77.32958649247396, 37.78782366217694, 54.92511704724056, 78.98359124613755, 88.38108294788799, 95.290096850743, 66.27122336749038, 63.746961796111115, 46.75784161111383, 95.3962140549415, 75.49193022959821, 13.279982841553748, 48.122526427268156, 60.97813830928757, 33.40325492711639, 82.72898590656825, 10.909404870176564, 38.72348592082336], [36.99553822014726, 32.526015099989195, 65.65563396272225, 39.39881179744406, 64.00595566694388, 41.70884505387219, 33.99479026441502, 78.21349320059323, 94.82336815791943, 0.0, 68.09907555964023, 40.151416748192474, 87.45079674313584, 82.90964970647839, 83.03053483492775, 37.94868858632046, 54.54973170050599, 82.74263941291026, 86.21573345585271, 34.33825820467128, 51.53170796541524, 65.84897571422607, 33.34241216179866, 42.6289088366228, 36.171911257732276, 52.19026302046348, 28.5127201739832, 35.68029749948661, 78.54232328623688, 101.90613447826412, 77.25055922545518, 16.270167264308007, 81.66336806964648, 75.32612055721879, 77.11335652677718, 63.5862519096864, 46.43102990307021, 33.10931912355588, 12.805740912626812, 20.4734111422177, 57.32175132707994, 46.73229788467118, 79.78891445284661, 76.82613170217452, 25.119000644819728, 29.672091319278262, 53.47649331638998, 50.456037313284924, 2.349587678203688, 62.720018229562555, 87.5924416238488, 49.993379008601295, 33.84575123841703, 82.84409698221306, 62.63251757219848, 105.31489360465994, 75.73421023742537], [31.886495997956363, 55.93503586131318, 3.0619422188836283, 36.651444828162376, 33.559954797727784, 68.36951862310352, 52.177199715960164, 15.915528951745706, 29.14615541638748, 68.09907555964023, 0.0, 69.60305548715448, 38.8461843620554, 46.0605639862394, 27.533357451787733, 31.784089828582086, 46.844623890445376, 27.244232214860123, 63.026335865933106, 65.96037074584525, 18.41962650079335, 19.76472534336161, 34.76990520689142, 25.918939753578922, 83.97801118888925, 62.22973273443264, 48.44494503538725, 63.363283430848924, 34.76885211645957, 34.94508272826434, 17.186910652691235, 57.87578384853571, 33.722378327846116, 18.376686163053446, 14.74081639483437, 35.057852831321455, 27.460822392693736, 75.03549494385283, 74.12324120638424, 49.29589673108531, 16.85810886287558, 25.77983604549806, 57.193899826338935, 64.70243483155902, 66.27509718338145, 38.613429706878016, 35.90877880756591, 27.360129816456137, 68.34894436419003, 49.56185767632955, 28.342094954567823, 29.400792448955077, 34.994211686342766, 21.503526157767183, 56.46179003040203, 38.46672320718761, 19.818377991204255], [51.24159622133424, 14.962324299632895, 66.54390813825725, 33.43070093469344, 46.16589431529116, 78.62503520394088, 18.112617212953097, 71.5558656072956, 98.64152929196621, 40.151416748192474, 69.60305548715448, 0.0, 68.82218135631722, 59.07345202770983, 70.10992741276978, 41.28814737156625, 29.506913905263048, 93.66673189402223, 54.528722237937494, 71.41297971617946, 51.691847984731574, 56.26451360345863, 44.541688598126726, 53.365743030711045, 18.779356689001503, 85.65268772681382, 57.31521296596088, 71.74765836309186, 60.291749155981535, 103.65743740662819, 69.43752745469445, 50.42417275883932, 64.60286910197412, 66.37635493498681, 70.9091696256987, 44.85494188144636, 62.62534418130108, 11.129241748976094, 31.12906994585274, 33.16497899475837, 68.25484847334235, 44.086857317170626, 49.56050311817743, 42.597873022358506, 15.032442617012933, 41.09215950270053, 36.88972133858775, 67.51079400334963, 37.95219462586812, 34.93948235424139, 96.62385969111241, 68.34431585757851, 49.577468464105195, 73.9638560166682, 30.748662226961414, 107.1555745615193, 65.96450961671215], [60.03383763056397, 61.22470932738577, 37.91889745813615, 48.052475202551214, 24.02284003151126, 101.84984532753741, 57.79403247037704, 24.211349473570632, 53.02124222492438, 87.45079674313584, 38.8461843620554, 68.82218135631722, 0.0, 13.456532956626152, 12.010297236076331, 51.41570728247504, 39.335114454468126, 62.27618863389775, 31.947854080027223, 97.73932178597543, 41.27345672651469, 24.263152092111568, 58.602547883604146, 55.03435740824607, 87.26728441489587, 98.51737646323951, 78.30440869256975, 95.73838719528861, 9.024722194200184, 52.93973462032501, 22.10023670668165, 83.50656412263147, 6.104793306304594, 20.4698836566825, 25.059698610810585, 24.885896967263214, 61.74822756270489, 78.47143978230757, 87.98298323284757, 67.1044716956308, 54.21487694420843, 42.3721754259052, 29.210057484520217, 40.25682419807999, 73.83628198092796, 60.52433940987417, 34.801914502837604, 63.535717037696884, 86.6718886231749, 34.84396638651353, 60.613121100702855, 65.63992919814598, 62.22644088491383, 20.172223564895877, 41.2809856935194, 55.530447972106174, 19.038753839003714], [60.55596805410493, 53.774486734755286, 44.36495565668331, 44.293823885962375, 19.757183957569822, 102.73656258292671, 50.76902303022578, 33.926652925661465, 64.71934119279257, 82.90964970647839, 46.0605639862394, 59.07345202770983, 13.456532956626152, 0.0, 23.159999417964286, 49.95723853496037, 30.437102023171345, 71.76817059561078, 18.925913249681017, 97.83923398717471, 42.966513476010356, 27.59599579122666, 57.68332594845812, 56.44694048257685, 77.82039050456552, 101.26217589177124, 78.25296821706385, 96.19741903796506, 11.466472939524472, 65.43595545976196, 31.371942968842696, 81.46253468988353, 14.181238092490974, 28.72867663813561, 34.436759370023545, 19.720514781709806, 64.6859528727257, 69.40328468530522, 81.58998101171221, 63.25266401793489, 59.29228345577087, 41.63265400325781, 15.755751930369904, 26.866090973595327, 66.19361604255603, 58.71453869114833, 29.544690363109925, 67.35487104668118, 81.81022141101276, 24.151652065853757, 70.90262025428454, 69.38940356665232, 62.19669782273183, 31.31621757856634, 29.611909804888228, 68.20742794626541, 27.270030694353256], [52.229064413156884, 60.26950636006526, 27.024532116235857, 44.30710864466955, 24.006022266801438, 93.08327978643887, 56.55618733648558, 12.28039282453947, 41.622806391540024, 83.03053483492775, 27.533357451787733, 70.10992741276978, 12.010297236076331, 23.159999417964286, 0.0, 45.50742325717285, 41.12980206458641, 50.265936453482546, 42.059827949546595, 89.53521683309698, 33.462238374754556, 17.215313514471053, 51.94325031434017, 46.75118218376893, 87.7973084194846, 88.66135244477157, 70.47845489835832, 87.31346806002838, 12.799405476213007, 42.348684052363296, 10.39642076367522, 77.08021782110832, 9.006193151194813, 9.598790113938522, 13.210540962026151, 25.419354880885887, 52.25102050544876, 78.73575754842385, 85.26154170945554, 62.57241536723939, 43.63148305849636, 36.44507617208826, 38.05890676497208, 48.323174337449444, 72.67549723454276, 54.50509616028423, 33.63336977895305, 53.475246160776365, 82.55088746479142, 38.91347000068275, 48.6637001989964, 55.583681005974476, 54.76216091367828, 8.300750325185511, 46.050960694437286, 45.20988480340452, 8.440279931193698], [12.648587705222466, 26.449161953028863, 28.98297064954005, 9.57990003763355, 30.220506441848276, 53.330122265637705, 23.192013443158046, 40.29712622991519, 60.449457070981175, 37.94868858632046, 31.784089828582086, 41.28814737156625, 51.41570728247504, 49.95723853496037, 45.50742325717285, 0.0, 29.959011909812638, 52.83749976548809, 59.29389212895578, 48.017387794015384, 13.858620079678225, 28.310510182186803, 7.824859146706099, 12.432530386859888, 53.16242635616218, 54.19766487097314, 28.523402346584678, 46.5668253777163, 42.97713152851174, 66.6797740432528, 39.30214599433326, 32.094419802935754, 45.373791670698225, 37.43335908904797, 39.215974318099185, 30.46169167810665, 22.410709932485073, 44.55537099599952, 42.50839041676018, 17.930914096899365, 27.00136239341303, 9.119019064489, 52.38204332246425, 54.39655451590167, 35.0651518860759, 9.11503033290684, 22.14157822263313, 27.110968245009808, 37.765884200731264, 37.1287703118436, 56.31608776432571, 28.341228123055632, 13.053946524871888, 44.89931943470151, 41.239491692857236, 70.19212281924229, 37.909536169929524], [42.60014092960334, 23.565782432271902, 43.91798176901114, 20.834321283446315, 17.182332609921907, 81.7955581756624, 20.935202293226723, 44.47724065721415, 74.31559745050802, 54.54973170050599, 46.844623890445376, 29.506913905263048, 39.335114454468126, 30.437102023171345, 41.12980206458641, 29.959011909812638, 0.0, 73.58232935629569, 31.900814381551303, 75.71168507440122, 32.35928703757167, 29.52430444037109, 37.21176168841046, 41.20246697171701, 47.95404959887609, 83.99547202406079, 57.049695672569555, 74.78927149535822, 30.794203669609566, 78.12767209752768, 42.06370538316942, 56.566833600153124, 35.13608536104645, 38.80201460709992, 44.07070735155242, 15.715647760599033, 51.29476729612877, 39.25402792354517, 51.645214264570356, 36.70447871011912, 51.78208182220634, 26.038976558607448, 25.29584129527966, 24.69562249056771, 35.81133872179451, 36.28893311029753, 10.999703722395703, 55.53458717030162, 53.13393774279012, 8.249914943615224, 75.17734379505846, 57.11740713142481, 42.823838437496335, 45.91721978965518, 11.336025818988547, 81.50953327335759, 38.11361418251222], [46.67133008471074, 79.1113959989168, 29.924307736148023, 60.26942398784139, 60.79598847028776, 67.98818684809024, 75.62558656054206, 38.18909174372573, 18.771634681952893, 82.74263941291026, 27.244232214860123, 93.66673189402223, 62.27618863389775, 71.76817059561078, 50.265936453482546, 52.83749976548809, 73.58232935629569, 0.0, 89.58474059034616, 68.5255888678634, 42.4060349933612, 46.88636720123496, 52.28267186718592, 42.145449685460584, 105.83164726315665, 57.04208006806438, 56.632242826833256, 65.41889607542505, 60.30189719845102, 26.5870840809305, 40.56640304877797, 68.78888545210044, 58.25470532899708, 43.04242292109484, 37.49811679664335, 62.300467588456165, 36.31359006230418, 97.363137215932, 91.656307662135, 67.58467216260698, 26.3259163922091, 49.93069859319024, 84.04317403096532, 91.90182092452048, 87.62448857220707, 56.464158435991365, 62.58280319794069, 32.45693851158676, 83.67847905328941, 76.74864339489827, 5.930037208846643, 33.283627948809496, 49.60455608863857, 42.25164681020042, 83.5603730916181, 28.823365113969974, 44.50777203570273], [71.34505840387284, 54.22052473749937, 60.932984822663, 51.399776651427665, 31.390105230655163, 112.49223928128774, 52.257149067103555, 52.370895975620435, 83.5213438535279, 86.21573345585271, 63.026335865933106, 54.528722237937494, 31.947854080027223, 18.925913249681017, 42.059827949546595, 59.29389212895578, 31.900814381551303, 89.58474059034616, 0.0, 106.78919744578475, 56.078105778236115, 43.47683194134351, 67.05801537168628, 68.37431973190654, 72.84544095190977, 113.08638164966294, 87.61431367760474, 105.6090057189353, 29.847187278681556, 84.36150481519522, 49.7397446741895, 88.27102926103849, 33.05852878097536, 46.85478334785126, 52.75810536684495, 30.403327783222526, 77.6888417660709, 65.62067425031866, 82.06475992012385, 68.56111306776288, 74.33705298599021, 52.55082938437739, 6.9126366818689, 12.887112861671962, 65.32489342185427, 66.97341717073968, 37.15248124838308, 81.06834142776059, 84.68422233003446, 23.650972412697964, 89.14161375496685, 82.97421150775305, 72.30016239317044, 50.145451387171335, 24.299913272248595, 87.12848573110604, 45.45327029525705], [37.71617190551764, 59.66834187424647, 64.77062808492653, 55.39396913059296, 78.17547784482146, 7.390644920122781, 59.23475172533112, 80.57661076616674, 85.19434368284679, 34.33825820467128, 65.96037074584525, 71.41297971617946, 97.73932178597543, 97.83923398717471, 89.53521683309698, 48.017387794015384, 75.71168507440122, 68.5255888678634, 106.78919744578475, 0.0, 56.491557024903756, 73.51463021070863, 40.21277690293197, 42.835202653517044, 70.43517317764305, 19.648977577996007, 19.59326829538985, 3.165475595027293, 89.96350185672904, 93.15653143894822, 80.76384450896269, 21.008713943905818, 91.64073648290812, 80.17267183840472, 79.33484160830592, 78.47123265098033, 38.5011534909889, 66.46575821639864, 47.106503178177476, 40.39163841870899, 49.86140861681138, 56.23940353841773, 99.89710473494172, 100.29090286910032, 57.054098277081195, 39.82632309395686, 69.8700264781181, 39.406890776889334, 36.630195834540366, 83.68202395209958, 74.32946360152943, 37.66336867873622, 35.71877767217716, 86.12489825481047, 86.17251640846051, 96.07599411929239, 81.14820399862492], [18.85821950109682, 37.66557720924591, 15.466174502011228, 18.383108038751466, 24.732839477094494, 60.618263474930686, 33.962799676275836, 26.761819737350024, 47.50944985439402, 51.53170796541524, 18.41962650079335, 51.691847984731574, 41.27345672651469, 42.966513476010356, 33.462238374754556, 13.858620079678225, 32.35928703757167, 42.4060349933612, 56.078105778236115, 56.491557024903756, 0.0, 17.0245548730318, 18.811944411058814, 13.78970296073467, 65.5813244394722, 58.30174191855213, 37.16384027021664, 54.46500832593841, 33.825637636832425, 53.33107677663413, 26.04282807418065, 43.79980491467956, 35.186452895271074, 24.603149205302195, 25.630632348747447, 25.67613062432565, 21.817681267022145, 56.671959850575185, 56.34437784785912, 31.771255091949563, 19.47697772416833, 7.609147989981319, 49.40707440285405, 54.23581111837259, 47.85794649117766, 21.952736791608103, 21.685806787133256, 24.990296500226062, 51.47581751719865, 37.32059645655035, 44.99130101036617, 26.908258599057923, 21.303266313448102, 31.671141373590245, 43.25167863241731, 56.85618651978776, 25.32378301198909], [35.8452348305213, 44.78980719897826, 17.485025862383807, 27.521344235697033, 14.100221768196782, 77.58927796599959, 40.966292904275896, 15.302763636881062, 44.99562885274242, 65.84897571422607, 19.76472534336161, 56.26451360345863, 24.263152092111568, 27.59599579122666, 17.215313514471053, 28.310510182186803, 29.52430444037109, 46.88636720123496, 43.47683194134351, 73.51463021070863, 17.0245548730318, 0.0, 34.9380745824375, 30.771443980475805, 72.95104984881992, 74.62246079367667, 54.14599739459214, 71.4841871849202, 17.27621769467616, 48.60341556322138, 13.20307621569473, 60.06270701485325, 18.19319880084092, 10.31524560721151, 14.724315471355169, 15.681231793793325, 37.807672611583655, 63.81356388129682, 68.49980960574439, 45.40994929057281, 31.69640706362751, 19.231934158129178, 37.484725620763164, 45.024004048603885, 56.82239527616596, 37.344095653003, 19.56462575614753, 40.0486221191664, 65.41140546060106, 30.630232727257418, 47.369262512511206, 42.12036496648153, 38.153409287869856, 18.1305120986064, 37.8006611285364, 51.98973305433813, 10.260527790203893], [6.702305500882441, 29.624656687464032, 32.31510731604197, 16.397155273217333, 37.97746305558163, 45.51111702945473, 27.01952376166571, 45.505711479641654, 62.17562956237258, 33.34241216179866, 34.76990520689142, 44.541688598126726, 58.602547883604146, 57.68332594845812, 51.94325031434017, 7.824859146706099, 37.21176168841046, 52.28267186718592, 67.05801537168628, 40.21277690293197, 18.811944411058814, 34.9380745824375, 0.0, 10.15880089769309, 53.98522541054359, 46.784448073905736, 20.69939939270459, 38.74215460709871, 50.35765985094718, 68.9577459890043, 44.853888356546705, 25.139616053597205, 52.518734797268216, 43.35551120139279, 44.34995337086946, 38.25855344673762, 18.15887407041311, 45.966179398470615, 39.988160798445634, 15.359085780485058, 25.96011887245471, 16.30513912333437, 60.145384619862995, 61.82186441785846, 35.794291833186165, 4.188988603402522, 29.917948207813087, 23.052234589433358, 33.58693214453908, 44.64707575513834, 56.41369654291667, 23.80588201926904, 5.708480518678141, 50.48175550064084, 48.36684831711858, 72.41564261117091, 44.00150963546384], [5.984543774850297, 38.41992016183938, 23.839909821488543, 21.821099200148083, 37.51876834707186, 46.830919118847646, 35.37606611494376, 38.55541090252042, 52.314526071705735, 42.6289088366228, 25.918939753578922, 53.365743030711045, 55.03435740824607, 56.44694048257685, 46.75118218376893, 12.432530386859888, 41.20246697171701, 42.145449685460584, 68.37431973190654, 42.835202653517044, 13.78970296073467, 30.771443980475805, 10.15880089769309, 0.0, 63.898848869836044, 44.951207954848584, 23.770555099087222, 40.73031479629442, 47.5966065047228, 59.287903082747754, 38.390249574179826, 32.027690972181226, 48.95684586925567, 37.50422669551897, 37.33663468022169, 38.21427771864217, 10.152385174071417, 55.68010615456322, 50.02375916457538, 25.513101013946876, 15.819815097054994, 15.885723075970002, 61.54530908618486, 64.97385430182217, 45.67603978340406, 14.347769344763686, 31.91796944556781, 14.715620427652906, 43.10830137891301, 47.65366519980398, 46.257333145361656, 16.064048835137154, 9.075603949660715, 43.91364692407324, 52.53307491238705, 62.70980851554058, 38.410603357035626], [60.30149613177334, 28.349016801300703, 80.97939044541036, 47.39684553347019, 64.10805772472332, 77.82197786925298, 32.198388649085395, 88.05342600837562, 113.09046355070028, 36.171911257732276, 83.97801118888925, 18.779356689001503, 87.26728441489587, 77.82039050456552, 87.7973084194846, 53.16242635616218, 47.95404959887609, 105.83164726315665, 72.84544095190977, 70.43517317764305, 65.5813244394722, 72.95104984881992, 53.98522541054359, 63.898848869836044, 0.0, 87.48698083130061, 60.825965091642686, 71.57980762178673, 78.59280111049432, 118.74907544323516, 86.13428485862912, 50.76141433201622, 82.81670308943175, 83.23613898534292, 87.28923860043317, 62.899797289151635, 71.80217502176059, 9.13850888559484, 23.691191396275553, 39.44976355451385, 79.62010987856357, 58.23500912576726, 68.15422269713177, 60.541555200485575, 18.22454683255733, 49.93004387069468, 54.19359027035523, 76.61855433854255, 33.845896215787654, 53.70527952678909, 109.47021189144735, 76.98903309635173, 57.90254338196307, 90.983079907976, 49.42102838004573, 122.27426060800275, 82.9824344596596], [41.78694177674645, 72.2996633397941, 61.94304486205222, 63.17675907037893, 82.46633310454517, 14.291094580322511, 70.98101934057561, 78.0028501352338, 75.25474546405538, 52.19026302046348, 62.22973273443264, 85.65268772681382, 98.51737646323951, 101.26217589177124, 88.66135244477157, 54.19766487097314, 83.99547202406079, 57.04208006806438, 113.08638164966294, 19.648977577996007, 58.30174191855213, 74.62246079367667, 46.784448073905736, 44.951207954848584, 87.48698083130061, 0.0, 28.474028218569366, 17.20565956639935, 91.85468925112282, 83.2749485609989, 78.83843773654011, 36.72564330462893, 92.60529412447367, 79.06316563883072, 76.78511784570208, 83.1310875329511, 36.817456038932995, 82.41022321946242, 64.93984269282606, 52.727380640447414, 45.391617898182275, 60.57747634723466, 106.20693394984028, 108.57133617275191, 72.34293079476545, 48.133648427498485, 76.10613272674922, 35.19209202180791, 54.34075835049997, 91.32591759216143, 62.96773981577247, 33.08646722294003, 41.19176586360581, 83.64457764333093, 95.1331017859352, 85.771223117261, 80.28135962077131], [18.306400668377297, 43.82640356209537, 46.847492107220546, 36.37725865532211, 58.6096862640511, 24.878236259326133, 42.58208688155982, 62.178402894851914, 71.1265238627144, 28.5127201739832, 48.44494503538725, 57.31521296596088, 78.30440869256975, 78.25296821706385, 70.47845489835832, 28.523402346584678, 57.049695672569555, 56.632242826833256, 87.61431367760474, 19.59326829538985, 37.16384027021664, 54.14599739459214, 20.69939939270459, 23.770555099087222, 60.825965091642686, 28.474028218569366, 0.0, 18.044871277949106, 70.4230260373927, 78.79958826872328, 62.12290559297317, 12.658969445033847, 72.20038556601806, 61.27362364994801, 60.94788215256501, 58.93527030492683, 21.815770707503965, 54.856152061220875, 40.14483198122059, 24.26681111643626, 33.72152576679161, 36.64617505745304, 80.70574831085457, 81.7415221443931, 44.53192788724473, 20.775326274226156, 50.53909044407601, 24.464989948212924, 30.13755185580889, 64.82139338080157, 61.98740258739046, 23.3814044519984, 16.142723881947543, 67.60977978455145, 67.86551339526265, 81.98899310991492, 62.16720422601765], [35.81502064399537, 59.56803269691531, 62.256242915960705, 54.27861311226343, 76.60380331907382, 7.080639306891308, 58.931445909219775, 78.14299609618196, 82.17711129956392, 35.68029749948661, 63.363283430848924, 71.74765836309186, 95.73838719528861, 96.19741903796506, 87.31346806002838, 46.5668253777163, 74.78927149535822, 65.41889607542505, 105.6090057189353, 3.165475595027293, 54.46500832593841, 71.4841871849202, 38.74215460709871, 40.73031479629442, 71.57980762178673, 17.20565956639935, 18.044871277949106, 0.0, 88.08891549769007, 90.15102631621221, 78.39994242337761, 21.393441403895622, 89.64912138639608, 77.89783779264766, 76.90016826826826, 76.95636985068215, 35.9118970523197, 67.25422987332904, 48.48575537384836, 40.088716102888576, 47.12003796003779, 54.56494347206557, 98.704509706104, 99.43732162541009, 57.623472719550776, 38.66148780943979, 68.569943109097, 36.60553739969473, 37.92377257966899, 82.6726975503473, 71.23357739712282, 34.817497838512516, 34.00107470232033, 83.7158961191789, 85.40838446845456, 93.04990338432873, 78.90418659427199], [52.27692857016874, 52.26566065412773, 33.23026556853521, 39.1509554739569, 15.007129696792912, 94.37768889001659, 48.80529401081184, 22.563928791622736, 53.72412808687141, 78.54232328623688, 34.76885211645957, 60.291749155981535, 9.024722194200184, 11.466472939524472, 12.799405476213007, 42.97713152851174, 30.794203669609566, 60.30189719845102, 29.847187278681556, 89.96350185672904, 33.825637636832425, 17.27621769467616, 50.35765985094718, 47.5966065047228, 78.59280111049432, 91.85468925112282, 70.4230260373927, 88.08891549769007, 0.0, 54.97508476669185, 19.968566317713684, 75.04941932212618, 4.495996192274333, 17.26479048360024, 23.020466115546135, 15.920581724080929, 55.05412545588617, 69.72622991125068, 78.95845484861752, 58.251589640266275, 48.6889839290984, 34.05483342804929, 25.383269310474603, 35.523910222677735, 64.8750977160746, 52.04773443443285, 25.779140176122347, 57.314693063621306, 77.72792220546712, 27.14360080068718, 59.48865887398494, 59.39058926421698, 54.28476036829901, 20.46446055206341, 34.01931701447493, 57.910722859257625, 15.810418478347676], [64.94375532631113, 90.53423879143529, 37.864914115759326, 71.35227591416665, 61.93725258535011, 93.43942596050492, 86.72469845942511, 34.0511549100462, 8.037414743426016, 101.90613447826412, 34.94508272826434, 103.65743740662819, 52.93973462032501, 65.43595545976196, 42.348684052363296, 66.6797740432528, 78.12767209752768, 26.5870840809305, 84.36150481519522, 93.15653143894822, 53.33107677663413, 48.60341556322138, 68.9577459890043, 59.287903082747754, 118.74907544323516, 83.2749485609989, 78.79958826872328, 90.15102631621221, 54.97508476669185, 0.0, 36.670594120900056, 89.93571866071512, 51.34964894532379, 39.98951966372015, 34.24975329928605, 63.56262148523647, 57.067361575565386, 109.73864854084924, 108.78273176429407, 83.93001859971645, 45.25532591967315, 60.5272336159232, 80.35232702566019, 90.29121192323699, 101.1779625624987, 72.98792529298268, 67.91047122300127, 54.52552762532052, 102.38882438513316, 78.52453144861407, 20.871324609475327, 55.95034190888729, 68.1074350513674, 34.556162991256876, 85.81921131093002, 3.5265689827847915, 41.02537612396304], [44.15279158016867, 57.92362872651478, 16.923757019852502, 40.140966909024975, 25.38031590186708, 83.91343591014261, 54.088473442653644, 2.6916338257101335, 34.29309052577924, 77.25055922545518, 17.186910652691235, 69.43752745469445, 22.10023670668165, 31.371942968842696, 10.39642076367522, 39.30214599433326, 42.06370538316942, 40.56640304877797, 49.7397446741895, 80.76384450896269, 26.04282807418065, 13.20307621569473, 44.853888356546705, 38.390249574179826, 86.13428485862912, 78.83843773654011, 62.12290559297317, 78.39994242337761, 19.968566317713684, 36.670594120900056, 0.0, 69.74591481771141, 17.69073465854219, 3.324740281043874, 3.0739051623856213, 26.997115661569737, 42.838340336777776, 76.99589700649781, 80.86629406846997, 57.05489273634684, 33.56818176116761, 30.69972857233221, 44.833762213812626, 54.08899853827718, 69.82940694849631, 47.90434260941075, 32.62894125045885, 43.668506572644084, 77.02451317300182, 41.88056374058066, 39.53113124648884, 45.7663688072385, 46.919650448697155, 5.6286977911638845, 49.18004792993559, 39.90742244700277, 4.431188225555748], [26.044072377655706, 38.839671418952754, 55.867047111034935, 37.39536463659976, 61.753216402641264, 28.2036649785787, 38.69209839922619, 70.20562524496185, 82.45661743067224, 16.270167264308007, 57.87578384853571, 50.42417275883932, 83.50656412263147, 81.46253468988353, 77.08021782110832, 32.094419802935754, 56.566833600153124, 68.78888545210044, 88.27102926103849, 21.008713943905818, 43.79980491467956, 60.06270701485325, 25.139616053597205, 32.027690972181226, 50.76141433201622, 36.72564330462893, 12.658969445033847, 21.393441403895622, 75.04941932212618, 89.93571866071512, 69.74591481771141, 0.0, 77.45528607913776, 68.40222565396385, 69.01505767712194, 61.74820801603605, 33.012892565325245, 45.95834026901846, 28.59260103073954, 20.09500493764881, 44.68892667684783, 41.14799607936067, 81.47524550751587, 80.75112060870644, 36.2325922575079, 23.002017180895702, 52.29424072509502, 36.36147411765173, 18.148190971070388, 64.74372641402407, 73.98685948422039, 35.53063748041341, 23.02767590765924, 75.35746545707086, 66.46658315284645, 93.22144229099162, 69.09312476910621], [53.93251253523273, 56.20429876458928, 32.544370536344914, 42.29165475448832, 18.893762082717156, 95.78097501296652, 52.67521196290809, 20.103156001636453, 50.54195433773996, 81.66336806964648, 33.722378327846116, 64.60286910197412, 6.104793306304594, 14.181238092490974, 9.006193151194813, 45.373791670698225, 35.13608536104645, 58.25470532899708, 33.05852878097536, 91.64073648290812, 35.186452895271074, 18.19319880084092, 52.518734797268216, 48.95684586925567, 82.81670308943175, 92.60529412447367, 72.20038556601806, 89.64912138639608, 4.495996192274333, 51.34964894532379, 17.69073465854219, 77.45528607913776, 0.0, 15.497772774795257, 20.756673574033222, 19.96434860559825, 55.806353423347254, 73.90559858388492, 82.55310255082195, 61.26591708144316, 48.59691742508553, 36.310305642299646, 29.126257374693353, 39.58588407260986, 68.79699849419309, 54.4868901747829, 29.530716161962417, 57.7173865861322, 80.93788110931486, 31.638456904813804, 57.05400105044116, 59.81603937773175, 56.1217477557235, 17.13942106105425, 38.50898704605176, 54.189183617065495, 14.01615649869099], [43.122875387883404, 55.10249249564809, 17.563351360545877, 37.653619735040735, 22.062773301685606, 83.58786454808339, 51.28073556104437, 5.955941907158318, 37.500694240585375, 75.32612055721879, 18.376686163053446, 66.37635493498681, 20.4698836566825, 28.72867663813561, 9.598790113938522, 37.43335908904797, 38.80201460709992, 43.04242292109484, 46.85478334785126, 80.17267183840472, 24.603149205302195, 10.31524560721151, 43.35551120139279, 37.50422669551897, 83.23613898534292, 79.06316563883072, 61.27362364994801, 77.89783779264766, 17.26479048360024, 39.98951966372015, 3.324740281043874, 68.40222565396385, 15.497772774795257, 0.0, 6.011897080237079, 23.67800555560028, 42.68073529712503, 74.10061323331121, 78.53814717312783, 55.010171905000206, 34.09731407389218, 28.61827757171758, 41.79175184154645, 50.89141491811931, 67.1266504286834, 46.215917657018664, 29.515402874584886, 43.87879887263302, 75.01787692554112, 38.55598925994208, 42.29615525317301, 45.98756100951471, 45.77539187071664, 7.829732799341094, 45.8553967277784, 43.231189992067755, 1.4845849406804865], [43.19978198425638, 58.98883927465448, 14.879957224648726, 40.784715394702204, 27.687869777199154, 82.26469097156561, 55.1407779143066, 1.2430835777760814, 31.512339315326926, 77.11335652677718, 14.74081639483437, 70.9091696256987, 25.059698610810585, 34.436759370023545, 13.210540962026151, 39.215974318099185, 44.07070735155242, 37.49811679664335, 52.75810536684495, 79.33484160830592, 25.630632348747447, 14.724315471355169, 44.34995337086946, 37.33663468022169, 87.28923860043317, 76.78511784570208, 60.94788215256501, 76.90016826826826, 23.020466115546135, 34.24975329928605, 3.0739051623856213, 69.01505767712194, 20.756673574033222, 6.011897080237079, 0.0, 29.313511530887137, 41.1460775722006, 78.15472723934214, 81.2035047