instance_id,num_cities,city_coordinates,distance_matrix,best_route,total_distance
1721,90,"[[30.895789174392174, 32.27888680984139], [3.6626439968103552, 73.72048731401803], [60.64704286135794, 21.93072628264583], [66.50908263541736, 12.189720890601341], [66.77990772206354, 57.39548958053413], [2.520149973798791, 59.113201887822896], [87.70310930743489, 57.81920974506147], [27.830818108514045, 48.5069502134398], [8.2350786093616, 19.04489811289193], [73.38366174657118, 36.85602144730525], [69.71707938403043, 37.328015604819186], [69.17743922162596, 68.12326145808083], [12.733868853276642, 14.087852434234593], [0.9815320148673146, 29.788986110570292], [62.99685519188875, 73.68611981194682], [64.26363871199575, 52.52765364937548], [57.199612078251974, 4.820762403499035], [95.43199008922421, 55.23895488790438], [41.57721467226702, 71.58301716598065], [65.82098601547968, 34.84490012020237], [30.49090121661958, 8.48778984226708], [15.889629388196047, 89.90423030122872], [89.11869420985441, 43.857501610098296], [52.7421613297371, 53.92708742733397], [19.505284399048385, 95.17428712341037], [54.309013799375805, 57.62423324729592], [82.92045275946471, 20.520317367040654], [46.98442587413937, 64.54953457286622], [45.07891940980503, 45.73777482879582], [34.485791526816456, 45.781103608839956], [68.41722390975455, 21.534320088325753], [74.43495053479782, 95.5846589608484], [37.32474746518842, 90.18903410496883], [44.683411330301226, 11.014745628145183], [37.300348250728774, 30.853022546793795], [69.95748574193483, 49.73980039022566], [91.61496810710561, 26.78645364642478], [83.9048959694625, 74.80500046601384], [89.28306566052994, 44.086941292582274], [22.98209349295992, 10.258602665599103], [83.68691740398133, 5.1244110387116955], [14.171140906928992, 91.20695749734149], [28.075880395555043, 60.120804795190374], [16.15202585040202, 92.63924783866531], [84.25372365711534, 95.76061292018503], [32.805751607868, 15.263742135132219], [33.23323336691241, 0.15295690317985722], [93.58934946875479, 91.21943338713476], [53.55952769452931, 8.225550229354017], [68.39901186129774, 62.96675810733663], [63.60123213268304, 83.52199300784238], [95.32862819371893, 23.052249580133445], [97.01212846064102, 36.2241065609375], [93.42893794756687, 91.58849296860507], [74.58863705635086, 70.24376367844076], [85.0143178963268, 66.18958511700845], [15.787760199399624, 46.133853825303504], [4.895279391142305, 7.730761079835591], [72.43308788824334, 3.6301377248004862], [71.89824163759086, 2.538689997674548], [73.51966844857687, 0.7293712507083328], [37.911398762192064, 26.244911994865983], [32.345201458524585, 38.382486621013555], [45.14003638246072, 74.32523153339433], [47.89978851778963, 89.0535836482796], [7.8961846462282, 24.10072492864659], [30.129933419642164, 37.73144846454566], [34.52044053655424, 60.99128383138909], [33.79274812294003, 16.557522691469718], [59.06191747255757, 54.980904090314375], [26.95708060916846, 94.3503865010292], [26.378176721149494, 23.75468212114399], [73.91154715587858, 96.71220009960713], [79.11554846832671, 0.07480280275038442], [26.42477909652229, 59.677895561301774], [64.96494815776423, 28.3045475594109], [88.79304205727314, 73.59546532068563], [97.0233549059215, 66.98677329621768], [11.999215566952303, 10.13131357237025], [72.47515924120404, 68.01946734613686], [63.15996879189303, 28.063802151453377], [92.25653451981688, 63.16331430148475], [2.170320202820619, 21.819287233233787], [88.32694899793734, 60.17676758410834], [74.3247728355032, 64.5675620259605], [39.31019307693825, 42.897459556828046], [47.30302494865904, 60.77787895969846], [96.42426049422191, 12.17723266363021], [98.91360849694834, 87.80413072632226], [98.70328525806703, 61.63209608453284]]","[[0.0, 49.58881374474511, 31.499547968864604, 40.88864461524562, 43.80084130109949, 39.05454347123568, 62.28466678351365, 16.514965621092895, 26.242070424093342, 42.733704229790234, 39.14826018010543, 52.44334013258714, 25.705429025889792, 30.017701226083503, 52.39310435878297, 39.031089419666046, 38.02419881170139, 68.49880257835792, 40.72968835774512, 35.01933464099022, 23.794542003973785, 59.54716654912496, 59.36304398749429, 30.755626579945275, 63.918502639229764, 34.5045746731434, 53.3369438239682, 36.05882607492473, 19.552566327248133, 13.971326901106101, 39.02952444795042, 76.83280132601345, 58.26591340095985, 25.342892986184957, 6.561361585747411, 42.78667598442792, 60.96708548321356, 67.9590740512911, 59.569322693279574, 23.39913445261358, 59.365552083323486, 61.255459957634535, 27.98435782046574, 62.134947819112256, 82.92767163143593, 17.122006447801983, 32.21085248360988, 86.04923319363729, 33.04857098821913, 48.458612822441175, 60.7906401670325, 65.09010353854961, 66.23394205012119, 86.18598539319288, 57.882612516056085, 63.86509696780054, 20.499089016557726, 35.75803386436459, 50.45887442840291, 50.65254598165117, 53.02986909654077, 9.253519868470981, 6.27333456977506, 44.39362209976132, 59.26636647177577, 24.410328555899618, 5.506084237953053, 28.940280582955733, 15.986045817899928, 36.176129863649145, 62.196338309219584, 9.647325424826512, 77.472622882015, 57.984896422264654, 27.76140507393343, 34.30018901277065, 71.12771296215719, 74.68261065287496, 29.113493339181076, 54.829126495178755, 32.538350066770995, 68.69489741481995, 30.5705052450837, 63.84849152777849, 54.116865846509185, 13.5482943656473, 32.88449390381427, 68.54237414131231, 87.80362439774676, 73.88820893661865], [49.58881374474511, 0.0, 77.00260425232702, 87.95288549109266, 65.19428296378001, 14.651896809456101, 85.53157567794064, 34.92596588522441, 54.86644888068074, 78.86703468306955, 75.41618149594468, 65.753458697105, 60.31863943344658, 44.01323845672173, 59.33422114823254, 64.19981899668515, 87.25467921033514, 93.61185781217422, 37.97477383919422, 73.31419209248531, 70.53410667821085, 20.28331109156615, 90.5236678066395, 52.92048469834003, 26.669360344337232, 53.14267747449955, 95.45710205241286, 44.281860385572244, 49.98339791486407, 41.60138922538154, 83.16580829529521, 74.07267630178434, 37.474661350324794, 74.93139123894473, 54.48958325261162, 70.49878997080762, 99.69159860646835, 80.24958049995931, 90.60355211401864, 66.33740974716682, 105.40069266714187, 20.401106508771367, 27.945616401752513, 22.6694543135422, 83.55051919377426, 65.318540845145, 79.28809044519102, 91.6134568210789, 82.33641834855212, 65.62347153371928, 60.73470063800306, 104.73740007201503, 100.5987316979839, 91.52733556553463, 71.01115474853349, 81.69950632748149, 30.133715173654885, 66.0012375526225, 98.19384430076795, 98.60499507925293, 101.03319696724563, 58.539793771961094, 45.51333206350995, 41.481800764721825, 46.81910719530812, 49.80003700411272, 44.67357526212533, 33.38017718033267, 64.61754946676736, 58.48291614684364, 31.11629022800459, 54.886948498916944, 73.9156766313288, 105.43636773106772, 26.74526457956609, 76.29272625379308, 85.13048986368904, 93.60323309548737, 64.13330993087419, 69.04827212127826, 74.99643030041571, 89.22068896852919, 51.92265016475667, 85.74075393560636, 71.2524560513165, 47.12543682068773, 45.51916036830843, 111.32066155110351, 96.28652683512624, 95.80632909086945], [31.499547968864604, 77.00260425232702, 0.0, 11.368847626760347, 35.99113039590342, 69.0019722101576, 44.94456559770727, 42.227956207338174, 52.49135167794679, 19.621057473525134, 17.87014496285149, 46.9735879830046, 48.55082814670384, 60.18077294365587, 51.80870947400182, 30.809929078655482, 17.45381456730919, 48.160467672828986, 53.18842296143721, 13.91206575849586, 33.016744525128246, 81.38564559780723, 35.936310422341904, 32.95837190351291, 84.00752046100274, 36.25185583975053, 22.31802056183073, 44.755222298833374, 28.44542192131335, 35.40129333782713, 7.780286074159308, 74.93335837246653, 72.13269750475986, 19.338980461978352, 24.993509554826623, 29.326250175454614, 31.346299339117653, 57.763453858093925, 36.206624605467326, 39.432053974597956, 28.518205606565047, 83.42185369427885, 50.19325374159404, 83.5434112269982, 77.51211220902621, 28.62841553919555, 35.01125804856143, 76.72105641104923, 15.429346126513243, 41.76181187751633, 61.66207400878693, 34.69971434569231, 39.0732666976162, 76.9860838406445, 50.284367661384984, 50.52336764260529, 50.97201804707784, 57.531714226154364, 21.767461931500186, 22.419646410680695, 24.80326479919498, 23.141342030302837, 32.736136684438215, 54.64111483495988, 68.32254733414757, 52.79547268996051, 34.36505187173794, 46.99283461398261, 27.386574497918637, 33.08816821186579, 79.87252808506847, 34.317371715157854, 75.9487715530424, 28.614106495113244, 50.951075805536135, 7.6986949424481415, 58.83402527963911, 57.907542258782286, 50.05833837407841, 47.5823117335918, 6.6279270020802965, 51.9546559765098, 58.47682884310012, 47.211618050677124, 44.77700368993025, 29.9142952936149, 41.075102984273414, 37.08287932895033, 76.18159527433852, 54.99523933490302], [40.88864461524562, 87.95288549109266, 11.368847626760347, 0.0, 45.206579931192145, 79.34983662282971, 50.31140049425668, 53.05609571482569, 58.67582977664461, 25.606370713343274, 25.342160607927347, 55.997152492649455, 53.80870301978921, 67.84979017367377, 61.59661372111569, 40.40038165246233, 11.872985776095508, 51.86300341607713, 64.41398669999356, 22.66562646131175, 36.20792297555952, 92.74628844316152, 38.91070381328332, 43.9492421738801, 95.37187888205177, 47.04398572288263, 18.404670793082314, 55.88168134985928, 39.80858976296941, 46.40982833785724, 9.53742823243986, 83.77072924177497, 83.2803595167628, 21.857275557268192, 34.66221275489095, 37.708088713340345, 29.0408349133157, 64.98682603312777, 39.1929454392071, 43.56980607492468, 18.57408438225944, 94.77860425929579, 61.4369582472872, 94.91027106808058, 85.43398784798273, 33.84322870183043, 35.385955290611385, 83.54062669773005, 13.542733187897195, 50.81219677389039, 71.39151658253505, 30.79871321529404, 38.83410227063521, 83.8381990355342, 58.61357422690682, 57.08265120447725, 61.031604192804956, 61.774938873448214, 10.40962545953365, 11.053751944337046, 13.434579536117578, 31.864963830048982, 43.04917831593426, 65.70736504077485, 79.08450686188523, 59.81090057744846, 44.45022322919452, 58.35122765454747, 33.006608982202096, 43.43438302306498, 91.18517334431591, 41.76407472653709, 84.84601329828942, 17.484113391065875, 62.14401116562424, 16.188637677422175, 65.3241172655838, 62.720313810936254, 54.54871811976408, 56.147614903533494, 16.22353288938695, 57.1072543881907, 65.05539869453787, 52.71409624547879, 52.957749719041495, 41.02127261808949, 52.24635639367262, 29.915180465437995, 82.26537711039195, 59.000128367027436], [43.80084130109949, 65.19428296378001, 35.99113039590342, 45.206579931192145, 0.0, 64.28271152834394, 20.927491568745477, 39.95044072103204, 69.98760520087441, 21.57496971984261, 20.28128420830047, 10.992417693486537, 69.25695454322236, 71.35506484856191, 16.724117907461636, 5.4797295903818775, 53.440471576909836, 28.733124888446703, 28.9216471859759, 22.570968429550906, 60.90037016998043, 60.38740474754525, 26.120844167728833, 14.459880264773892, 60.515514986808135, 12.472991577645418, 40.252894552804236, 21.04855010075058, 24.634025390944075, 34.31914775065964, 35.89852756934986, 38.948842581303076, 44.07973489296727, 51.37536921880201, 39.66795914666087, 8.288943180585516, 39.41691648447762, 24.420407280493684, 26.144016040698677, 64.34387802486299, 54.93735185017414, 62.537170614751155, 38.79985920477487, 61.6871535975563, 42.157050800532716, 54.123261417572216, 66.34822460027492, 43.16022869959459, 50.916219261362656, 5.801769662044968, 26.319159558004, 44.65968623147544, 36.90819190570759, 43.35126633278917, 15.035105623543108, 20.244254264060036, 52.22091103051161, 79.34918071854528, 54.06173791289113, 55.09506150776911, 57.06551797031611, 42.47056973348616, 39.335013372248234, 27.47544711528819, 36.860464201767904, 67.64491256921131, 41.59200799888643, 32.45925075209582, 52.49659263276397, 8.086878049102081, 54.32791147898057, 52.573793798716665, 39.95827832945923, 58.633004061685774, 40.41962126795627, 29.147503939383817, 27.33161717208627, 31.72788711650276, 72.35210132901298, 12.054243793382202, 29.55421873938572, 26.12137659089989, 73.75679611305503, 21.72580251860388, 10.409784471469278, 31.060877277580136, 19.768397013446098, 54.069200196445514, 44.240933329024045, 32.20327418098874], [39.05454347123568, 14.651896809456101, 69.0019722101576, 79.34983662282971, 64.28271152834394, 0.0, 85.19278711546787, 27.44307737856752, 40.47381099809756, 74.2766408901992, 70.64008538746839, 67.26347733598146, 46.169277087331, 29.364553055928113, 62.20773111807729, 62.09370215379956, 77.05525654484126, 92.99257939992178, 40.99939750693551, 67.79340907684211, 57.838527556206586, 33.56829472235903, 87.93204339015355, 50.48907018190461, 39.86096661913887, 51.81026388618989, 89.18306691105208, 44.795374140686434, 44.61110741641024, 34.63447826106912, 75.85905819756397, 80.63439539525181, 46.65905436810577, 63.96250544483746, 44.814059496654515, 68.08564394304777, 94.77818984381246, 82.8837102415017, 88.0544833948783, 52.96662154362358, 97.48247879703518, 34.14315068717866, 25.575586425503783, 36.191487908251496, 89.57348827873699, 53.29158270252793, 66.48010213711676, 96.56298047253667, 72.07337351222762, 65.99147171513235, 65.77756214425334, 99.56809685253025, 97.2247123073198, 96.53523844504166, 72.9229472535411, 82.7971191578339, 18.560521469681117, 51.43730614189909, 89.25351139729483, 89.52091933463413, 91.92172378449845, 48.299740902922046, 36.322117938524265, 45.253293398657625, 54.36669986623381, 35.422807506125416, 34.92104696855744, 32.055355057892044, 52.81061661125156, 56.69256879848529, 42.88149668963354, 42.654781213457476, 80.68715051443584, 96.70774341832106, 23.911298008260186, 69.63135789113804, 87.47998549717326, 94.8306325464819, 49.890661124771476, 70.51967729660078, 68.12674108072513, 89.82773581669602, 37.295555380399406, 85.81339016003982, 72.01148456203431, 40.20519333215645, 44.813804131847505, 104.98079433708912, 100.57270128454334, 96.21611268953897], [62.28466678351365, 85.53157567794064, 44.94456559770727, 50.31140049425668, 20.927491568745477, 85.19278711546787, 0.0, 60.59215651379849, 88.42293336899944, 25.387040829043247, 27.26511158419676, 21.198441778414114, 86.79181197855364, 91.1390443504339, 29.362524201651468, 24.029343472268387, 61.149805918147734, 8.148209206138192, 48.13564739997539, 31.727688578010568, 75.54353542330787, 78.65509800515537, 14.03328809160045, 35.17693135615219, 77.7582479752301, 33.394664703153595, 37.604270718669994, 41.271157638582174, 44.30330274443626, 54.56188148433172, 41.0918312195252, 40.028404810660234, 59.88142342162188, 63.57163105753621, 57.16304377962588, 19.49830790739133, 31.278340594507792, 17.405272505098644, 13.822860012625492, 80.3170046367799, 52.847626324254975, 80.75699398084897, 59.67163285418371, 79.57381853797959, 38.09787836956155, 69.45997196870967, 79.3244231104124, 33.914934211601334, 60.210590675703095, 19.97862438587603, 35.2354019531538, 35.59339907054069, 23.516086390548065, 34.25127155374029, 18.065406800509738, 8.791631425380906, 72.85852716259099, 96.77804185420682, 56.29945897217487, 57.49547552288368, 58.82533173648958, 58.95889006281618, 58.67098232695055, 45.651549065651515, 50.59536005415358, 86.6376444866452, 60.976952490836304, 53.2771837806988, 67.88853998688755, 28.7814844772123, 70.88446146925548, 70.15083320213014, 41.26586828480678, 58.379471856848866, 61.30651243058226, 37.25774089234966, 15.813860799519594, 13.073301016981013, 89.47186691272098, 18.328549270139096, 38.57136278934648, 7.020906969526096, 92.80006698743281, 2.438699432873501, 14.983996304835795, 50.6412180932875, 40.50827742224847, 46.46771513561533, 32.01204114595843, 11.642249489793333], [16.514965621092895, 34.92596588522441, 42.227956207338174, 53.05609571482569, 39.95044072103204, 27.44307737856752, 60.59215651379849, 0.0, 35.38369003501529, 47.01920569965877, 43.352363979656744, 45.763989602282955, 37.58446712073622, 32.72989984547467, 43.25090456649046, 36.65401032963823, 52.64037485241088, 67.93554548321937, 26.860161661578054, 40.37207537828059, 40.10747111144842, 43.08511096331417, 61.46398237446351, 25.494174010997423, 47.40416485727968, 28.003922885249683, 61.79093351013862, 24.984499261917097, 17.468981962624895, 7.191586119217386, 48.731705405507604, 66.24391157013923, 42.749629380498575, 41.10566023024826, 20.033301354831224, 42.144703646545004, 67.38098961992574, 61.934559456273035, 61.6109990833999, 38.55445785558256, 70.72445499084401, 44.83165626314468, 11.616439806178937, 45.651438994730746, 73.59655501278051, 33.61340278312579, 48.65485340305568, 78.4126307779489, 47.79704678784474, 43.068136582533946, 50.05572635927192, 72.13803539485694, 70.26323327480118, 78.48014177219527, 51.56338519115027, 59.85506014628743, 12.274641757284362, 46.78393459848712, 63.27156366523785, 63.67902923062929, 66.1072469320626, 24.438012438832846, 11.085324535854461, 31.083640191770375, 45.24149705953206, 31.512750497659926, 11.018047429299099, 14.163673044588299, 32.5009311940217, 31.89504109241214, 45.85176188405448, 24.794857182754043, 66.68717797391386, 70.53932570481122, 11.259083695761472, 42.27387712890952, 65.92288175637621, 71.61781209748979, 41.51299948981504, 48.72222819233324, 40.817535333398034, 66.0717938563117, 37.02286466648894, 61.61141525768575, 49.189745658498744, 12.776636298036301, 23.016136329131065, 77.62028546437051, 81.22211204880205, 72.07756970099601], [26.242070424093342, 54.86644888068074, 52.49135167794679, 58.67582977664461, 69.98760520087441, 40.47381099809756, 88.42293336899944, 35.38369003501529, 0.0, 67.53942551739385, 64.1428780495543, 78.24740932221113, 6.69413291764068, 12.963385557035474, 77.35964893431127, 65.27093124424078, 50.98873968343708, 94.41033374297447, 62.225010975280846, 59.7141255919989, 24.63278658543184, 71.27157291517298, 84.60392759746951, 56.54774569907206, 76.9590891945632, 60.093032901545975, 74.69994627786825, 59.76774926999311, 45.49701388331837, 37.468982011741296, 60.23361050716936, 101.19663054472974, 76.86154383175499, 37.32243704616035, 31.37230788405422, 68.93353732439816, 83.738507597967, 93.9952672943785, 84.82853371159865, 17.166054749539537, 76.72522360913457, 72.40579845706714, 45.61674610591934, 74.01895949806953, 108.00062635600918, 24.859909736917377, 31.33389832040816, 111.77886694716304, 46.597896663894346, 74.49046012554244, 84.98650905914681, 87.18569403855722, 90.42394474472982, 111.89533870330683, 83.81001463892703, 90.0981303812747, 28.12213577930195, 11.796777340477147, 66.0227175538364, 65.76817796702113, 67.80513398492727, 30.537258844138428, 30.906962858086988, 66.46721877223497, 80.46431048926318, 5.06717218072883, 28.78492367903997, 49.50171235915432, 25.678424941035455, 62.24760296135611, 77.59787329725377, 18.744441162604666, 101.71336352042071, 73.37510152295202, 44.51859932045363, 57.480598525512924, 97.29002958971216, 100.9048135809578, 9.675779885700546, 80.77930670145368, 55.66043650224023, 94.9001564819704, 6.669222557448565, 90.03631705338462, 80.25061129142314, 39.1740657401008, 57.16595246761962, 88.45618480493016, 113.79994662635735, 99.99082880598903], [42.733704229790234, 78.86703468306955, 19.621057473525134, 25.606370713343274, 21.57496971984261, 74.2766408901992, 25.387040829043247, 47.01920569965877, 67.53942551739385, 0.0, 3.6968371219222256, 31.548892307350535, 64.78261262258009, 72.746212122262, 38.266720475545945, 18.1321503420899, 35.891242464846364, 28.706463115245228, 47.09155239674533, 7.82551424546454, 51.425144338901575, 78.22835943208429, 17.222426399626787, 26.786056692851513, 79.39710106213474, 28.198595987721024, 18.915750331974152, 38.260296965443274, 29.665535253562187, 39.90866321017313, 16.10652157732134, 58.73804620783193, 64.37899920233781, 38.61963114684694, 36.57924970032579, 13.33155811841906, 20.827307250535103, 39.380469501204836, 17.466460621088302, 56.988953037171065, 33.36243660563055, 80.37503887215351, 50.931769998454975, 79.92013822548986, 59.89915811199623, 45.9651315359759, 54.39827061589682, 57.996985905010604, 34.82384489218932, 26.582274233185224, 47.680277168233154, 25.925386595523786, 23.63691510501148, 58.28770485105842, 33.40947914574437, 31.555191649527014, 58.33837543732008, 74.42405060957324, 33.23947863311854, 34.34946448962452, 36.12690620922675, 37.02535732500901, 41.066839648798414, 46.92168025746417, 58.0862573632111, 66.71811782602123, 43.262586453450695, 45.747796156397335, 44.49122939742707, 23.100297181488706, 73.89877840017866, 48.797138385507424, 59.85850637847255, 37.225160447868966, 52.210866664097495, 12.00010183897211, 39.840127229780734, 38.29748424699687, 66.94968441881663, 31.17668579390156, 13.48432489143916, 32.3768278870967, 72.78353790282179, 27.69763589648146, 27.72751650119727, 34.60491643699853, 35.39003931373702, 33.762579973685206, 56.98673547575569, 35.425092931329985], [39.14826018010543, 75.41618149594468, 17.87014496285149, 25.342160607927347, 20.28128420830047, 70.64008538746839, 27.26511158419676, 43.352363979656744, 64.1428780495543, 3.6968371219222256, 0.0, 30.79997367965935, 61.54016141177731, 69.1477580103189, 36.97395238176463, 16.14834393518187, 34.83401352767108, 31.337810685790643, 44.331220578183064, 4.620108878198538, 48.68728453771512, 75.24395473961347, 20.47087798172733, 23.74188341979165, 76.59905667967746, 25.482247460767702, 21.3735300908238, 35.46525948768043, 26.033881330312283, 36.23117912629387, 15.847095706207801, 58.44736780477651, 61.99637444249134, 36.31904064109672, 33.05707174675709, 12.414112806647461, 24.303128585654388, 40.07266566810941, 20.70050471425446, 54.00844399825434, 35.10311270178023, 77.38405301326452, 47.47105109721613, 76.9970607964157, 60.21364011369776, 43.00323571482072, 52.087004230144665, 58.94209183245964, 33.28693388597168, 25.67260055204531, 46.597072181767295, 29.32147554306618, 27.317362963356192, 59.21529903904122, 33.274292560486785, 32.6649001346861, 54.64351978490341, 71.25912734334214, 33.80715421048643, 34.85763395550946, 36.79565806114219, 33.681397023391746, 37.38675124697123, 44.41649501217561, 56.1384767353088, 63.22012531476338, 39.58920160445382, 42.411715944091, 41.49663784477072, 20.619334306447204, 71.27389618823386, 45.41470979629537, 59.532133575070915, 38.42047742031189, 48.72104676885503, 10.198319800739666, 40.97829011566796, 40.314694475767965, 63.80448577528533, 30.815129636076154, 11.34994934909599, 34.285415216445315, 69.30429518859542, 29.468503763470682, 27.626504088868312, 30.912739134974725, 32.4389569436858, 36.685629412719244, 58.311881379361225, 37.82708631306979], [52.44334013258714, 65.753458697105, 46.9735879830046, 55.997152492649455, 10.992417693486537, 67.26347733598146, 21.198441778414114, 45.763989602282955, 78.24740932221113, 31.548892307350535, 30.79997367965935, 0.0, 78.13899195856807, 78.23169706820626, 8.31534797911785, 16.351404171244543, 64.42573033836618, 29.245628682823636, 27.816223768394252, 33.4471988581922, 71.08472197071134, 57.56736298103265, 31.408291126794968, 21.717497933575643, 56.560418618185935, 18.20163915442431, 49.54705548502268, 22.47890934391221, 32.89146802364747, 41.26357276268231, 46.5951433657509, 27.96014624448769, 38.74909411373089, 62.139681224150195, 49.04303862192135, 18.40000308171694, 47.03375790370703, 16.172310237858092, 31.33657450327185, 74.04274916668963, 64.64812535013132, 59.653582265597535, 41.87335012360974, 58.418559134937404, 31.48201944316235, 64.16407439467955, 76.8891945322099, 33.60616788165964, 61.90036325344275, 5.2149281837378885, 16.377271410109774, 52.10835630065672, 42.335871411658516, 33.745403839587, 5.81184924727774, 15.954492481718663, 57.74072976796189, 88.20119145685163, 64.57524492494515, 65.64098399195322, 67.5336315619319, 52.262428567510185, 47.34054738326085, 24.82460811508196, 29.846554348198946, 75.45446232543229, 49.481006521593436, 35.383225725259905, 62.53880218469014, 16.584490870628528, 49.70332754839422, 61.646960208616534, 28.97825375315271, 68.77033328962116, 43.57882688764245, 40.04091729103175, 20.364598933437325, 27.869098041360274, 81.43964194348385, 3.2993530494932317, 40.50889075637657, 23.606052520046717, 81.44944461575932, 20.732836023133142, 6.256040423792942, 39.094673215524026, 23.074762053657686, 62.22818820542894, 35.65916962471555, 30.230957842489396], [25.705429025889792, 60.31863943344658, 48.55082814670384, 53.80870301978921, 69.25695454322236, 46.169277087331, 86.79181197855364, 37.58446712073622, 6.69413291764068, 64.78261262258009, 61.54016141177731, 78.13899195856807, 0.0, 19.612318065073183, 77.96358938697465, 64.28791098761963, 45.421154522834385, 92.37095046121324, 64.32443210448488, 57.00085119742523, 18.619154099656683, 75.88202670873119, 81.98093410549119, 56.46085468461664, 81.36867922668702, 60.198913043252276, 70.48072903661082, 60.98755627584748, 45.25394881207745, 38.439671044537825, 56.17905224253263, 102.21914182141265, 79.97562855387807, 32.09699752208657, 29.741937376177912, 67.42109256661911, 79.89669763036927, 93.55152145147538, 82.2175459629308, 10.940258774636293, 71.51697966420022, 77.13249715062213, 48.52226315032542, 78.62573063088328, 108.56117831231197, 20.10629736930047, 24.78719949740831, 111.7447516702854, 41.244405765675666, 74.07938691635782, 86.07315797735453, 83.07980913973608, 87.13689683026517, 111.88406257984191, 83.54339421595942, 89.10136846542927, 32.1911860221135, 10.092378076749702, 60.60825480352362, 60.28105971154912, 62.236343497755605, 27.958936129171114, 31.222325615223962, 68.40103460230284, 82.80400209112736, 11.120287949350871, 29.353750963747366, 51.71640535205605, 21.20319945842444, 61.79425347568548, 81.51303041524284, 16.72168452605807, 102.80803056972253, 67.8446235783617, 47.60139762251161, 54.13132240758472, 96.5720136474292, 99.51388489744213, 4.024166400206377, 80.48379255614378, 52.32703627683834, 93.44653718675863, 13.090593727624693, 88.53531422799242, 79.63441802269189, 39.195592504762196, 58.09462221320864, 83.71219816085721, 113.4065130858345, 98.24049908901709], [30.017701226083503, 44.01323845672173, 60.18077294365587, 67.84979017367377, 71.35506484856191, 29.364553055928113, 91.1390443504339, 32.72989984547467, 12.963385557035474, 72.746212122262, 69.1477580103189, 78.23169706820626, 19.612318065073183, 0.0, 75.97933045208374, 67.24337907531908, 61.51328897969513, 97.81916959994668, 58.26448731672586, 65.03627496690073, 36.394282973375084, 61.93620872635928, 89.25291305131682, 57.11226385155562, 67.95856819364398, 60.154977322243894, 82.46147556930265, 57.65901467096949, 46.89289324234334, 37.125237070253135, 67.9390318777134, 98.61275403356755, 70.49109948776587, 47.56391869256233, 36.33439949017852, 71.80332292435958, 90.68315686545155, 94.35425712704094, 89.45162025677854, 29.418711441171872, 86.30482046697752, 62.818253652834045, 40.670910229434796, 64.65523399156515, 106.23800376894495, 34.98233361640599, 43.80030213688949, 111.13013860412177, 56.82805114284565, 75.13907867091042, 82.51341026201415, 94.58730452054334, 96.2459673385944, 111.20117765375338, 83.99163613511686, 91.57790514652933, 22.05400402794393, 22.402738895765182, 76.08948800981557, 75.97208922988884, 78.14244975094505, 37.099535297800806, 32.519655779143626, 62.717227811381946, 75.58846019453415, 8.953699586548908, 30.211123989322147, 45.80875208827128, 35.37863093311622, 63.30848210478617, 69.59097315853579, 26.1036853140306, 98.98234023850188, 83.59340414650062, 39.25182454628282, 64.00063358379579, 98.1318955116725, 102.99372367161666, 22.534716338862314, 81.07347549896578, 62.20236538691579, 97.18524509653416, 8.05787301657429, 92.48047972858856, 81.17130229814198, 40.50825020785713, 55.73142908296955, 97.05404823632867, 113.82639680179102, 102.77900909105267], [52.39310435878297, 59.33422114823254, 51.80870947400182, 61.59661372111569, 16.724117907461636, 62.20773111807729, 29.362524201651468, 43.25090456649046, 77.35964893431127, 38.266720475545945, 36.97395238176463, 8.31534797911785, 77.96358938697465, 75.97933045208374, 0.0, 21.19635418744203, 69.10893920985811, 37.3140170652152, 21.522640189560644, 38.94375510978767, 72.85231138870995, 49.82085738686807, 39.649677647014514, 22.261583658460378, 48.5103913036588, 18.260963503527805, 56.776335648274355, 18.435701301738032, 33.19883145515965, 39.894494364629594, 52.43272462356215, 24.70578964391653, 30.518900623943455, 65.29229179740588, 49.949821724438046, 24.93745358895601, 54.94156052812403, 20.937957471413785, 39.58631366802059, 74.9948737259574, 71.6155470847369, 51.874175932100066, 37.463211984959486, 50.53374217322717, 30.645353692421313, 65.7622760329464, 79.32842637735523, 35.26071172007098, 66.13735193043256, 12.003666607962069, 9.854424032499342, 60.076054798014084, 50.60080288262916, 35.30731688317138, 12.09211406426352, 23.25869077084382, 54.661009970623525, 87.89711289918098, 70.6886349683902, 71.7021021298018, 73.71171385514589, 53.665149989818, 46.75329285804394, 17.868252342779197, 21.542524618140508, 74.1268863524851, 48.713170072195126, 31.177957793861566, 64.16039649697004, 19.11462346079098, 41.54367905916387, 61.91991668933276, 25.48197155014821, 75.35541297589909, 39.16308333854262, 45.424228007028, 25.79634615659001, 34.67973365709262, 81.48602728974464, 11.04306107107702, 45.622609249816904, 31.094344665617182, 79.93769874423818, 28.707424994921187, 14.542001727302997, 38.84584356727193, 20.320408204634198, 70.00524711384712, 38.59185665596996, 37.68618627683013], [39.031089419666046, 64.19981899668515, 30.809929078655482, 40.40038165246233, 5.4797295903818775, 62.09370215379956, 24.029343472268387, 36.65401032963823, 65.27093124424078, 18.1321503420899, 16.14834393518187, 16.351404171244543, 64.28791098761963, 67.24337907531908, 21.19635418744203, 0.0, 48.227045779605085, 31.286055711457582, 29.62736428473429, 17.751200043860493, 55.498715319187745, 61.131442484787826, 26.323854584498378, 11.60615595142461, 61.822695084184154, 11.183455671164104, 37.04789179281734, 21.049865017014515, 20.35082084590215, 30.532541991019034, 31.27041725371653, 44.242076020332505, 46.30424861098883, 45.89887620299637, 34.59492254553625, 6.339717643152441, 37.55934766834629, 29.699480935578276, 26.40487360172664, 59.083319530476516, 51.228226254204735, 63.287809904545576, 36.97580014404439, 62.63918326854319, 47.63079112742695, 48.76676903791555, 60.8768832574084, 48.549470961735224, 45.576905995388984, 11.228366442550412, 31.00141697961768, 42.823276574132684, 36.582362259455564, 48.74796249919659, 20.505271160676784, 24.844296287826907, 48.89572040330607, 74.37313811005197, 49.575265641621705, 50.56860338987604, 52.61878130417451, 37.21858486360971, 34.912352927925575, 28.997354494299394, 40.0239822539345, 63.12986737155256, 37.20265480925834, 30.92395307138916, 47.14154743343811, 5.751203489600174, 56.043913680795214, 47.573018832362074, 45.22561533416902, 54.51495928044428, 38.50850888308422, 24.233256149027998, 32.334877718851786, 35.80873002590651, 67.29799089578555, 17.533549584062342, 24.488734499865956, 29.945274973096424, 69.27181224300321, 25.249789026921125, 15.690309543401876, 26.747244480916272, 18.860769785461585, 51.59905102951286, 49.44744928768802, 35.62274731507121], [38.02419881170139, 87.25467921033514, 17.45381456730919, 11.872985776095508, 53.440471576909836, 77.05525654484126, 61.149805918147734, 52.64037485241088, 50.98873968343708, 35.891242464846364, 34.83401352767108, 64.42573033836618, 45.421154522834385, 61.51328897969513, 69.10893920985811, 48.227045779605085, 0.0, 63.27486753655373, 68.56572001868736, 31.23742841843862, 26.95927161714422, 94.58176980452797, 50.425140674152075, 49.30821457446978, 97.901081549178, 52.88253106236075, 30.13366342484087, 60.59600856529137, 42.674501714429375, 46.83660102634225, 20.1290294273295, 92.38583121878, 87.65130949782538, 13.964981537767988, 32.766740287150114, 46.6956455579263, 40.82778860497219, 74.9063800013116, 50.706812149016734, 34.64691450693588, 26.489045772018233, 96.50919144896399, 62.50029148450896, 96.93807672560504, 94.87877194250979, 26.53518898225267, 24.41670978498455, 93.74936445165001, 4.984254654380322, 59.21472259405752, 78.96115778000804, 42.26356580561233, 50.70706543439997, 94.02767209903607, 67.69451444179191, 67.37796569345349, 58.495410066623016, 52.38522034066603, 15.279933651005098, 14.874729086208472, 16.82509202042343, 28.827579826254915, 41.762795161561186, 70.54292732082422, 84.74464521791856, 52.939067913176636, 42.613152426089805, 60.57616940100131, 26.184591313972554, 50.19470086994293, 94.49954656348126, 36.172561332400434, 93.39874247492052, 22.42392473198526, 62.8998839692591, 24.734360911024183, 75.68424260826417, 73.82779559974666, 45.51129308749545, 65.01860231929143, 23.995098434447637, 68.06497758056675, 57.5949026450998, 63.50746738193274, 62.15264432096401, 42.06977749300438, 56.8255341382526, 39.90852913907812, 92.87786020048242, 70.35682285347076], [68.49880257835792, 93.61185781217422, 48.160467672828986, 51.86300341607713, 28.733124888446703, 92.99257939992178, 8.148209206138192, 67.93554548321937, 94.41033374297447, 28.706463115245228, 31.337810685790643, 29.245628682823636, 92.37095046121324, 97.81916959994668, 37.3140170652152, 31.286055711457582, 63.27486753655373, 0.0, 56.28023815657262, 35.95454118916475, 80.01885063585925, 86.76789997098064, 13.015190493240986, 42.70998098510975, 85.78866707044014, 41.19209550128782, 36.90423224589684, 49.33409948954976, 51.241625163163846, 61.67568459308201, 43.19490709220688, 45.48243075289313, 67.80825674390725, 67.31418075488686, 63.03936451919813, 26.061294517529355, 28.707394234036197, 22.709117957562814, 12.734860771129075, 85.27731001181985, 51.47246096306543, 88.86519465763975, 67.53279182428979, 87.65896783850279, 42.03520441382802, 74.29712902227851, 83.08521235318835, 36.027630472871564, 62.956836996340144, 28.115847034542895, 42.58083368584715, 32.1868712715407, 19.080390304456007, 36.404685640209934, 25.682477538071527, 15.114370523883418, 80.1629978238302, 102.24443487512269, 56.50150008119227, 57.71616095761348, 58.748996144475974, 64.41485038323691, 65.2999496337269, 53.791881951010204, 58.33300356084438, 92.90913087285699, 67.60821981417091, 61.182564159909326, 72.77121235038963, 36.37098805855763, 78.85757611751689, 75.89261210634842, 46.724292744111295, 57.52660204150908, 69.14983270618393, 40.6657465465783, 19.520171777926397, 11.855111949472548, 94.84580733767385, 26.274656634857216, 42.18971776232733, 8.536919244603405, 99.06872996132107, 8.652375577358399, 23.076774716843985, 57.46275843444351, 48.44664039306376, 43.073153140641814, 32.750760970152726, 7.181478012339962], [40.72968835774512, 37.97477383919422, 53.18842296143721, 64.41398669999356, 28.9216471859759, 40.99939750693551, 48.13564739997539, 26.860161661578054, 62.225010975280846, 47.09155239674533, 44.331220578183064, 27.816223768394252, 64.32443210448488, 58.26448731672586, 21.522640189560644, 29.62736428473429, 68.56572001868736, 56.28023815657262, 0.0, 44.01647070144634, 64.06179873425317, 31.551844454383424, 55.03541123188156, 20.889899205122568, 32.30662662968932, 18.89302404332296, 65.70131388557903, 8.871742239791319, 26.081382009715423, 26.758681309772957, 56.791356516984855, 40.69041182958198, 19.085789050526408, 60.64786867449962, 40.953925917629334, 35.812929300749026, 67.16032215502919, 42.45013286648989, 55.06253178841332, 64.08168494576061, 78.67638395689534, 33.70744596316903, 17.710684336993175, 33.012195879232195, 49.04936855442241, 56.99823948413199, 71.91575302512976, 55.595422546271, 64.48057414438253, 28.171771769186993, 25.051875962675286, 72.4185739850326, 65.75167089815963, 55.57715599693514, 33.03857756811391, 43.770664214340016, 36.23197312800623, 73.63881437977713, 74.63028029069682, 75.40877793968012, 77.72103635913817, 45.48606365463616, 34.46019872905564, 4.495935739696197, 18.579441144569287, 58.214945329584594, 35.73470234414538, 12.72724935850488, 55.573401566055175, 24.111096835102657, 27.05737286695595, 50.185260662874526, 40.951005995853166, 80.76231315163086, 19.269878678893807, 49.19361756443034, 47.258695530305, 55.636318394735746, 68.19948610972774, 31.102762994686074, 48.577127857345474, 51.37397061291507, 63.47702063381245, 48.12109920860828, 33.49058340005697, 28.774999604894866, 12.228487845113785, 80.85323535725284, 59.58679872217044, 57.98628088559403], [35.01933464099022, 73.31419209248531, 13.91206575849586, 22.66562646131175, 22.570968429550906, 67.79340907684211, 31.727688578010568, 40.37207537828059, 59.7141255919989, 7.82551424546454, 4.620108878198538, 33.4471988581922, 57.00085119742523, 65.03627496690073, 38.94375510978767, 17.751200043860493, 31.23742841843862, 35.95454118916475, 44.01647070144634, 0.0, 44.07847722072403, 74.32812532698682, 24.98019601055824, 23.13407719328445, 76.05773565131385, 25.522999863249797, 22.30662309675824, 35.17358818665953, 23.428359876255918, 33.18877762719258, 13.561415559913401, 61.34752390080556, 62.24956849680877, 31.853937381221964, 28.798643458837045, 15.458611970060685, 27.023472606492636, 43.861571094422516, 25.216750510377967, 49.39288142113426, 34.677066998546096, 76.44859718478293, 45.426471967327004, 76.20493574620134, 63.643459073932675, 38.38525043588778, 47.597190535338505, 62.842422056582535, 29.30756129001202, 28.239778928140584, 48.727678780054, 31.776839894476478, 31.221620352577972, 63.10336234488408, 36.46849662365132, 36.75422786887711, 51.290975437388354, 66.68671729493938, 31.90738601918371, 32.872849714884794, 34.97340448470752, 29.20453486027129, 33.662184568955034, 44.569027880569024, 57.09422641212019, 58.91281621357173, 35.807588535715034, 40.784280408643845, 36.88138006802393, 21.240142736156123, 71.07254077947034, 40.972285026533946, 62.394070121351994, 37.225059547000484, 46.56971958450008, 6.5961361745565545, 45.04799287586745, 44.796069421750204, 59.22452477032773, 33.8353355524368, 7.284524852452388, 38.73978325272123, 64.96979182263067, 33.885422809471514, 30.915223127844495, 27.70678356848025, 31.865879456905578, 38.08390154307954, 62.44839284635907, 42.41225614265885], [23.794542003973785, 70.53410667821085, 33.016744525128246, 36.20792297555952, 60.90037016998043, 57.838527556206586, 75.54353542330787, 40.10747111144842, 24.63278658543184, 51.425144338901575, 48.68728453771512, 71.08472197071134, 18.619154099656683, 36.394282973375084, 72.85231138870995, 55.498715319187745, 26.95927161714422, 80.01885063585925, 64.06179873425317, 44.07847722072403, 0.0, 82.71537895709093, 68.47068439702537, 50.59494383479323, 87.37981796579898, 54.60487668240312, 53.79256076464745, 58.43762125435184, 40.00464543401586, 37.50667141033124, 40.10757914017161, 97.55482602484496, 81.98655236453557, 14.415715343705237, 23.378883695291567, 57.09062679935069, 63.80433096781285, 85.15296389657334, 68.73003844013385, 7.714789140745721, 53.3022368684679, 84.31367192878069, 51.68946274333847, 85.36434401837512, 102.50359371630753, 7.160451229430117, 8.774384636259288, 104.04777275589531, 23.070116973953525, 66.37004471804745, 82.01478926427879, 66.45339966482382, 72.07202605150722, 104.24453620040636, 75.88419209983651, 79.38702755713392, 40.41544864512985, 25.60681450668937, 42.222550928285486, 41.83251880653534, 43.722624218404434, 19.245237617815114, 29.95215058856916, 67.44750469468582, 82.4252175529902, 27.464248741005445, 29.24588633238567, 52.65789654170275, 8.71910438349479, 54.570254190163446, 85.9352860766223, 15.811151211422622, 98.33056014809404, 49.34708371606194, 51.35134148804189, 39.76385040360433, 87.39650469444685, 88.59288040844304, 18.564579403194752, 72.84709018416343, 38.08527581844716, 82.48882610533106, 31.3015036642731, 77.56776935660476, 71.17829127813988, 35.52189858077207, 54.92632269040337, 66.03650395017515, 104.75088926975846, 86.47107390676747], [59.54716654912496, 20.28331109156615, 81.38564559780723, 92.74628844316152, 60.38740474754525, 33.56829472235903, 78.65509800515537, 43.08511096331417, 71.27157291517298, 78.22835943208429, 75.24395473961