instance_id,num_cities,city_coordinates,distance_matrix,best_route,total_distance
2174,26,"[[6.811912164445522, 76.17239770340476], [67.41252922764687, 37.18412035752825], [91.13813014537041, 47.57740442124147], [99.77071279470849, 87.80153537382934], [92.43845963042837, 86.70354891287054], [85.13820560704879, 31.248275453827645], [25.551508791453482, 76.66072879516597], [98.80027030730236, 78.87244222885205], [94.12292907705434, 43.665813139886225], [94.15671856626564, 24.37542838980258], [2.1215619381395157, 45.39956368453431], [15.387554282236227, 55.51943502757204], [94.18900879985482, 50.394853445656565], [40.07200408733892, 68.60967990983889], [61.49660683946142, 21.020100319685262], [85.28595750851915, 74.59850919431167], [79.02869599214063, 30.111832417152094], [48.862812398911345, 65.66467750098539], [56.880561836748015, 43.30805903264433], [97.90824736968337, 74.3962540002574], [76.06130120020583, 93.74541175393578], [73.76930128479998, 74.12739610536565], [61.00611751978411, 6.239528128036865], [20.922041815944358, 37.77396750657586], [1.8384605825021993, 59.77029336224633], [13.131514573361791, 40.017838141121274]]","[[0.0, 72.05914625389173, 89.04260036506922, 93.68337876899331, 86.2717264040824, 90.29498881085121, 18.745958204320974, 92.0279754979859, 93.16593644835565, 101.54822123230757, 31.128229933588564, 22.362614002431943, 91.10015809203529, 34.109066465449274, 77.66718572474443, 78.4898268420996, 85.65535325305237, 43.34386224578204, 59.89102133270225, 91.11364867175108, 71.44430491401145, 66.98861089282674, 88.47382743581305, 40.90886456946524, 17.13955213697787, 36.702718587994056], [72.05914625389173, 0.0, 25.90221018631652, 60.07640757145953, 55.483970630917476, 18.693150024222124, 57.53909667085476, 52.18339266980048, 27.4855926157705, 29.653233437586024, 65.80580459700168, 55.16141570083321, 29.8580529674431, 41.654172757643785, 17.21260240308895, 41.46439352675388, 13.599727460950067, 33.98873533434278, 12.182978372283985, 48.11165882863392, 57.21871145930015, 37.486186442039596, 31.60078953475909, 46.49422909821078, 69.35483897809296, 54.35493085614002], [89.04260036506922, 25.90221018631652, 0.0, 41.14003152755951, 39.14774628953176, 17.39653837118141, 71.74569434649707, 32.21936969030999, 4.9203222470642975, 23.397512000600138, 89.04320527511939, 76.16577705077484, 4.152815860300835, 55.227763333336426, 39.798370632945264, 27.647568206421848, 21.252872769144375, 45.98208279346757, 34.52257661975805, 27.660173173225473, 48.56743427558706, 31.72661775882906, 51.15425887744616, 70.89715393177353, 90.12822823491612, 78.372055704458], [93.68337876899331, 60.07640757145953, 41.14003152755951, 0.0, 7.414007737623735, 58.41559273153173, 75.05070162296933, 8.98167373116188, 44.49561144689642, 63.674076187614986, 106.45789715257737, 90.3473931184893, 37.82083119607041, 62.70775978679244, 76.97186014748729, 19.599184574818892, 61.30524519376513, 55.51265440591808, 61.79995538930613, 13.534043969340752, 24.44311487064454, 29.377805997741618, 90.30534243770627, 93.38024663615991, 101.86499178848011, 98.94257116966851], [86.2717264040824, 55.483970630917476, 39.14774628953176, 7.414007737623735, 0.0, 55.933720269825585, 67.63669439329523, 10.08954245666606, 43.070687686428116, 62.35180046886113, 99.31344926293714, 83.12214490607982, 36.3508705387569, 55.404275662129486, 72.60656770039115, 14.060237309227883, 58.15878383156336, 48.38875015880712, 56.10287548290759, 13.46803942593493, 17.826922070873156, 22.5099332022967, 86.38547778083262, 86.65276656640032, 94.51857003805895, 92.02796925146183], [90.29498881085121, 18.693150024222124, 17.39653837118141, 58.41559273153173, 55.933720269825585, 0.0, 74.91905869585459, 49.54506305263172, 15.3271164286422, 11.33885367932051, 84.21414420772315, 73.8528438673132, 21.17801896382415, 58.53919253236038, 25.759284905879607, 43.350485533370765, 6.214306921150873, 50.00392866842153, 30.723489570963693, 44.99802239279626, 63.152848228130296, 44.36069175900665, 34.75334686410431, 64.54688488853085, 88.04744758777866, 72.53873987978584], [18.745958204320974, 57.53909667085476, 71.74569434649707, 75.05070162296933, 67.63669439329523, 74.91905869585459, 0.0, 73.28214475517518, 76.09667626830712, 86.25791237170694, 39.06690227831343, 23.4576271910256, 73.49151389976437, 16.60313740808518, 66.24144934123481, 59.770035245212085, 70.89858464672203, 25.77460028678094, 45.75926294208315, 72.39216438106459, 53.32096699214049, 48.28429648911364, 78.84272181678587, 39.16136065043093, 29.113492825040332, 38.69053749771005], [92.0279754979859, 52.18339266980048, 32.21936969030999, 8.98167373116188, 10.08954245666606, 49.54506305263172, 73.28214475517518, 0.0, 35.515971798504864, 54.694488663349205, 102.30936540694739, 86.62011394601926, 28.848514616784843, 59.61823163780904, 68.83644944720105, 14.174030972418931, 52.616653448398004, 51.65457144783027, 54.97351462643595, 4.56420485726131, 27.17104964015118, 25.47675161631653, 81.87758054377689, 88.05738525217372, 98.8255262390761, 94.0681453405768], [93.16593644835565, 27.4855926157705, 4.9203222470642975, 44.49561144689642, 43.070687686428116, 15.3271164286422, 76.09667626830712, 35.515971798504864, 0.0, 19.290414343290838, 92.01770180992602, 79.62265755384395, 6.729364752073347, 59.528975983809694, 39.71530198659283, 32.17023083066963, 20.286603112742956, 50.32323712657162, 37.244085512509095, 30.962697396210206, 53.23709795721462, 36.63575031398177, 49.97449366935023, 73.43761802224043, 93.67911938396077, 81.07352801562637], [101.54822123230757, 29.653233437586024, 23.397512000600138, 63.674076187614986, 62.35180046886113, 11.33885367932051, 86.25791237170694, 54.694488663349205, 19.290414343290838, 0.0, 94.40595489933297, 84.702599673551, 26.01944509201508, 69.87006045370836, 32.83201371322587, 51.000473009962185, 16.17910375046244, 61.288987820508225, 41.80856806423574, 50.16130942384186, 71.69127367812638, 53.76713750032667, 37.78720984735041, 74.45024331181028, 98.87091191839099, 82.52132248649333], [31.128229933588564, 65.80580459700168, 89.04320527511939, 106.45789715257737, 99.31344926293714, 84.21414420772315, 39.06690227831343, 102.30936540694739, 92.01770180992602, 94.40595489933297, 0.0, 16.6852734132009, 92.20286162279533, 44.485340894634916, 64.1853113336066, 88.14133598641176, 78.41187407340672, 50.94525819573711, 54.79892755889191, 100.07945421127897, 88.3425495879081, 77.1925314333347, 70.71703663781406, 20.28811870788022, 14.373517935684246, 12.254877676030153], [22.362614002431943, 55.16141570083321, 76.16577705077484, 90.3473931184893, 83.12214490607982, 73.8528438673132, 23.4576271910256, 86.62011394601926, 79.62265755384395, 84.702599673551, 16.6852734132009, 0.0, 78.96790848491568, 27.940590066395302, 57.58688065012513, 72.45548871302982, 68.5254783897869, 34.978834326237546, 43.252599686126025, 84.65222431903477, 71.71142769287424, 61.27548121838003, 67.15327643447496, 18.588495630348923, 14.200272415191273, 15.664904123486943], [91.10015809203529, 29.8580529674431, 4.152815860300835, 37.82083119607041, 36.3508705387569, 21.17801896382415, 73.49151389976437, 28.848514616784843, 6.729364752073347, 26.01944509201508, 92.20286162279533, 78.96790848491568, 0.0, 57.10017602577723, 43.950759574229146, 25.78916970155416, 25.322638615880802, 47.829191994613495, 37.975556215166286, 24.28785630972181, 46.988133485571524, 31.30811454072727, 55.23402056350614, 74.34605041902839, 92.82522625706417, 81.7190297110074], [34.109066465449274, 41.654172757643785, 55.227763333336426, 62.70775978679244, 55.404275662129486, 58.53919253236038, 16.60313740808518, 59.61823163780904, 59.528975983809694, 69.87006045370836, 44.485340894634916, 27.940590066395302, 57.10017602577723, 0.0, 52.18986193365357, 45.6088550631477, 54.769591067816215, 9.27099509000861, 30.37597130345807, 58.12499872445965, 43.898001344213355, 34.14605439034495, 65.78961117446663, 36.2982398252668, 39.24205146872424, 39.28464574079925], [77.66718572474443, 17.21260240308895, 39.798370632945264, 76.97186014748729, 72.60656770039115, 25.759284905879607, 66.24144934123481, 68.83644944720105, 39.71530198659283, 32.83201371322587, 64.1853113336066, 57.58688065012513, 43.950759574229146, 52.18986193365357, 0.0, 58.62234303396652, 19.749271950874554, 46.39774815293451, 22.760952859176246, 64.61285744984627, 74.16940909182593, 54.506916025550275, 14.788708330521885, 43.897464534567185, 71.13839944539437, 51.96244982908669], [78.4898268420996, 41.46439352675388, 27.647568206421848, 19.599184574818892, 14.060237309227883, 43.350485533370765, 59.770035245212085, 14.174030972418931, 32.17023083066963, 51.000473009962185, 88.14133598641176, 72.45548871302982, 25.78916970155416, 45.6088550631477, 58.62234303396652, 0.0, 44.924578265798125, 37.50278454195406, 42.2606054688011, 12.6239101906965, 21.253191798745075, 11.526288132695004, 72.5428213009247, 74.15362778578448, 84.75470917878205, 80.01303922344059], [85.65535325305237, 13.599727460950067, 21.252872769144375, 61.30524519376513, 58.15878383156336, 6.214306921150873, 70.89858464672203, 52.616653448398004, 20.286603112742956, 16.17910375046244, 78.41187407340672, 68.5254783897869, 25.322638615880802, 54.769591067816215, 19.749271950874554, 44.924578265798125, 0.0, 46.62601555478774, 25.781393357471867, 48.14091248789827, 63.70273032658762, 44.328671077292476, 29.91154036261519, 58.60965427027058, 82.6919388346112, 66.6375830019574], [43.34386224578204, 33.98873533434278, 45.98208279346757, 55.51265440591808, 48.38875015880712, 50.00392866842153, 25.77460028678094, 51.65457144783027, 50.32323712657162, 61.288987820508225, 50.94525819573711, 34.978834326237546, 47.829191994613495, 9.27099509000861, 46.39774815293451, 37.50278454195406, 46.62601555478774, 0.0, 23.750846203596595, 49.816614895382706, 39.093291358735236, 26.304957608781997, 60.65317994347748, 39.47883438960995, 47.39233512002168, 43.98279224252136], [59.89102133270225, 12.182978372283985, 34.52257661975805, 61.79995538930613, 56.10287548290759, 30.723489570963693, 45.75926294208315, 54.97351462643595, 37.244085512509095, 41.80856806423574, 54.79892755889191, 43.252599686126025, 37.975556215166286, 30.37597130345807, 22.760952859176246, 42.2606054688011, 25.781393357471867, 23.750846203596595, 0.0, 51.4756918023814, 53.96135016899472, 35.14343548582297, 37.29740196206259, 36.381881907144944, 57.451179880010955, 43.87259611612944], [91.11364867175108, 48.11165882863392, 27.660173173225473, 13.534043969340752, 13.46803942593493, 44.99802239279626, 72.39216438106459, 4.56420485726131, 30.962697396210206, 50.16130942384186, 100.07945421127897, 84.65222431903477, 24.28785630972181, 58.12499872445965, 64.61285744984627, 12.6239101906965, 48.14091248789827, 49.816614895382706, 51.4756918023814, 0.0, 29.18353924233285, 24.140443298675205, 77.50552540999797, 85.25296307805286, 97.17675986530473, 91.48207420365264], [71.44430491401145, 57.21871145930015, 48.56743427558706, 24.44311487064454, 17.826922070873156, 63.152848228130296, 53.32096699214049, 27.17104964015118, 53.23709795721462, 71.69127367812638, 88.3425495879081, 71.71142769287424, 46.988133485571524, 43.898001344213355, 74.16940909182593, 21.253191798745075, 63.70273032658762, 39.093291358735236, 53.96135016899472, 29.18353924233285, 0.0, 19.75145062013834, 88.79154365591693, 78.5693355997121, 81.62927623769765, 82.74545432360935], [66.98861089282674, 37.486186442039596, 31.72661775882906, 29.377805997741618, 22.5099332022967, 44.36069175900665, 48.28429648911364, 25.47675161631653, 36.63575031398177, 53.76713750032667, 77.1925314333347, 61.27548121838003, 31.30811454072727, 34.14605439034495, 54.506916025550275, 11.526288132695004, 44.328671077292476, 26.304957608781997, 35.14343548582297, 24.140443298675205, 19.75145062013834, 0.0, 69.07721388653995, 64.14362481381808, 73.3496574178491, 69.57300569745436], [88.47382743581305, 31.60078953475909, 51.15425887744616, 90.30534243770627, 86.38547778083262, 34.75334686410431, 78.84272181678587, 81.87758054377689, 49.97449366935023, 37.78720984735041, 70.71703663781406, 67.15327643447496, 55.23402056350614, 65.78961117446663, 14.788708330521885, 72.5428213009247, 29.91154036261519, 60.65317994347748, 37.29740196206259, 77.50552540999797, 88.79154365591693, 69.07721388653995, 0.0, 51.00150970265397, 79.78943823594658, 58.59139727483573], [40.90886456946524, 46.49422909821078, 70.89715393177353, 93.38024663615991, 86.65276656640032, 64.54688488853085, 39.16136065043093, 88.05738525217372, 73.43761802224043, 74.45024331181028, 20.28811870788022, 18.588495630348923, 74.34605041902839, 36.2982398252668, 43.897464534567185, 74.15362778578448, 58.60965427027058, 39.47883438960995, 36.381881907144944, 85.25296307805286, 78.5693355997121, 64.14362481381808, 51.00150970265397, 0.0, 29.120807403679983, 8.107235665872578], [17.13955213697787, 69.35483897809296, 90.12822823491612, 101.86499178848011, 94.51857003805895, 88.04744758777866, 29.113492825040332, 98.8255262390761, 93.67911938396077, 98.87091191839099, 14.373517935684246, 14.200272415191273, 92.82522625706417, 39.24205146872424, 71.13839944539437, 84.75470917878205, 82.6919388346112, 47.39233512002168, 57.451179880010955, 97.17675986530473, 81.62927623769765, 73.3496574178491, 79.78943823594658, 29.120807403679983, 0.0, 22.752858187555695], [36.702718587994056, 54.35493085614002, 78.372055704458, 98.94257116966851, 92.02796925146183, 72.53873987978584, 38.69053749771005, 94.0681453405768, 81.07352801562637, 82.52132248649333, 12.254877676030153, 15.664904123486943, 81.7190297110074, 39.28464574079925, 51.96244982908669, 80.01303922344059, 66.6375830019574, 43.98279224252136, 43.87259611612944, 91.48207420365264, 82.74545432360935, 69.57300569745436, 58.59139727483573, 8.107235665872578, 22.752858187555695, 0.0]]",Route_4,1418.824484038743
