instance_id,num_cities,city_coordinates,distance_matrix,best_route,total_distance
2045,50,"[[98.88097714854015, 92.05615209877777], [2.576000261918754, 85.55901728926418], [23.843095197286612, 66.48409656327175], [56.8287261237455, 52.417611618260295], [1.4882339759990315, 54.42256298453645], [28.151363924685857, 46.34811523388438], [87.87102481124519, 19.214251284506044], [5.811580528698979, 90.60377289864499], [46.074148982056585, 54.550395605970984], [59.60997524488373, 4.794186718905047], [7.9665191064453245, 54.42211566463418], [36.6819351566957, 16.33353960319457], [66.83275223550129, 74.1232878809703], [87.91998789679528, 27.63379311738401], [90.10071888627716, 94.07090929734917], [97.65853742541994, 11.218246473530291], [41.800668336073855, 1.6572103450654962], [15.780543333450147, 10.90601471384951], [56.86046165314893, 7.456574680463279], [95.46313443279423, 71.8037053039696], [88.87614154651482, 52.89966070621956], [19.69424453015022, 22.805942706323734], [89.4713850188981, 69.12211757847544], [39.051827817332516, 75.31687344283607], [22.080205564042863, 72.43711102785025], [90.11038481131605, 27.8505458118109], [80.79358027750084, 39.422128341358956], [10.412646748429012, 7.942387102636705], [82.74295323593888, 91.68309458535671], [73.36307423012737, 61.902796548620096], [69.51536166957641, 18.608629812458222], [70.57061402537111, 37.66461578233831], [11.017404076054117, 78.8346666839341], [45.77962632166287, 98.94441754265648], [21.25936172436752, 7.695567377205337], [88.79178740771837, 82.02275744961378], [39.860586962491936, 76.0292582465269], [10.234775881210412, 77.28371108851164], [45.10753783053798, 8.408286297412893], [68.32704842876196, 77.8022056941535], [67.63144827647363, 79.57333872208724], [67.83742419638362, 92.7602869000823], [24.598905972100894, 46.18616357762275], [75.23190025483666, 74.17166929198478], [0.3121217647236496, 14.517049931780868], [7.991872830862567, 98.12442256774837], [86.8908936371818, 14.413230860065763], [29.73436172048921, 65.73930953300427], [69.39466621690467, 66.99949710731761], [2.322021599821633, 3.243043736627438]]","[[0.0, 96.52388996443148, 79.27555582927985, 57.78932174440159, 104.41088761375461, 84.2134361063511, 73.66927150926435, 93.08072836265454, 64.77069453929177, 95.69149488055399, 98.39593172186679, 97.99303479257841, 36.724328981358454, 65.34817229352655, 9.008450572725188, 80.84714803104116, 106.91178758358492, 116.1508798840925, 94.46063847897601, 20.538822994663388, 40.41444733754304, 105.19567540386396, 24.789319543396925, 62.126729831991064, 79.26705045929782, 64.80187627393803, 55.65513797006536, 122.07281001766641, 16.14233526203722, 39.50174958514831, 79.1004292179111, 61.31815296491115, 88.85277232387865, 53.54625720313638, 114.63779235323643, 14.228870574018732, 61.15772873696908, 89.86864866308899, 99.44117974566679, 33.715242077125716, 33.65046336268496, 31.05153757403576, 87.30339022737022, 29.65018656249526, 125.41184799108781, 91.0914550885771, 78.56325681315779, 73.9853406276303, 38.69468299027855, 131.1922258123798], [96.52388996443148, 0.0, 28.56819783768036, 63.574452677853024, 31.155449317305337, 46.81446428700617, 108.0595631542915, 5.993207723845119, 53.41931823579209, 98.87280798792098, 31.6000686106072, 77.17111866437654, 65.26642384330722, 103.14517836905672, 87.93764083616534, 120.69481794561875, 92.61796690723259, 75.81181142310739, 95.11463762217149, 93.9000974562381, 92.27322449204699, 65.04600415428241, 88.43630229812872, 37.8865082374083, 23.507412626674597, 104.84529631178407, 90.81080522319647, 78.01124476434295, 80.40052656461444, 74.63529071900717, 94.67434968860078, 83.16935250768572, 10.792320854047196, 45.229661115839846, 80.07362129780451, 86.28827896547335, 38.48320039764354, 11.275528222787159, 88.09748566518724, 66.2070121751509, 65.3302354525377, 65.65753374869968, 45.113523308625425, 73.54285484118788, 71.07802945968457, 13.682875629618083, 110.32100512373466, 33.62138326508762, 69.34832304669, 82.31636536606308], [79.27555582927985, 28.56819783768036, 0.0, 35.8596966847852, 25.40118919448431, 20.591719780652685, 79.58651923113915, 30.114685915125445, 25.231586769753832, 71.30858773629788, 19.9388327533828, 51.7678874874112, 43.663117802691566, 74.93459985788877, 71.77119849728676, 92.21189563975281, 67.26811733490952, 56.15984263348795, 67.6342725791158, 71.8173256063588, 66.43669178259276, 43.8747545430105, 65.68128789682865, 17.587594926885664, 6.208555474059899, 76.70661585844701, 63.05321462792774, 60.062539840659646, 64.06389605925034, 49.73144511511037, 66.1665794893774, 54.900122844230346, 17.805474861476167, 39.177593543445376, 58.84527884648067, 66.7816037691978, 18.645915209715575, 17.372910766537224, 61.84639244562996, 45.90121664399141, 45.702824044906244, 51.2439182996098, 20.31199973949446, 51.96063952360607, 57.04630265217486, 35.38886096188151, 81.77040994882539, 5.938158718648592, 45.55448671729394, 66.80260003480345], [57.78932174440159, 63.574452677853024, 35.8596966847852, 0.0, 55.37679930382327, 29.31262337383004, 45.454234624037724, 63.725442783849886, 10.964018288692005, 47.70456944380026, 48.90330572746006, 41.32739333007163, 23.900144779190438, 39.76058623970079, 53.31062473778328, 58.00397554701863, 52.938274039539245, 58.37949972327432, 44.961048137980214, 43.22543387614972, 32.05104064773491, 47.49548040577353, 36.668565544893475, 28.989555110539765, 40.10286819790636, 41.36676839365574, 27.26163641843583, 64.2845084004755, 47.045991534472705, 19.061830984093277, 36.11091209340739, 20.161606315856282, 52.88230352490459, 47.820772431682975, 57.14228666123377, 43.56721182654121, 29.076237774062175, 52.81400479104259, 45.54346243096813, 27.867347061173785, 29.225542260949833, 41.81773406282362, 32.826700286360214, 28.49413699993376, 68.04835886650639, 66.88909333159489, 48.45685578346713, 30.19225426741328, 19.24926582602166, 73.41061888040217], [104.41088761375461, 31.155449317305337, 25.40118919448431, 55.37679930382327, 0.0, 27.858916079750312, 93.28243009941575, 36.43859596998118, 44.5860982606293, 76.42717146990499, 6.478285145889816, 51.85913906864033, 68.24972254897006, 90.48804493865657, 97.07813269379979, 105.42931390622296, 66.4023704637347, 45.80349419164559, 72.60776580579011, 95.56875024919472, 87.40117631303546, 36.48382515738387, 89.20264442659636, 42.98366889650622, 27.359700931985085, 92.52003953363456, 80.71152948300114, 47.329186485138806, 89.39058461150908, 72.26303727169037, 76.87865706093184, 71.08589190351023, 26.20602773840264, 62.80066057942323, 50.73765476379301, 91.56244413685754, 44.037333637091734, 24.4772156899331, 63.403133422519105, 70.80984967276953, 70.76359458223615, 76.62895091233727, 24.5344948042876, 76.34235728733735, 39.922840729802246, 44.18313987694019, 94.30991959624404, 30.42881011476322, 69.06129749445404, 51.18631059422752], [84.2134361063511, 46.81446428700617, 20.591719780652685, 29.31262337383004, 27.858916079750312, 0.0, 65.59485093533652, 49.57448091024349, 19.7104953645267, 52.118837297308296, 21.739766403809394, 31.20329142630297, 47.62047896890075, 62.62997895416817, 78.199665302232, 77.88038807800622, 46.72879723143098, 37.53904222769672, 48.34008914969895, 71.96430722762827, 61.07717548558262, 25.01513053675439, 65.41253832245064, 30.951721523101096, 26.7860908939243, 64.66127391069793, 53.095877777582835, 42.30439741150485, 70.96127096048195, 47.81262238725413, 49.804210272674986, 43.298913864316354, 36.728035684082705, 55.47185459034536, 39.26218473470442, 70.35581750944142, 31.907305663218043, 35.74933870717665, 41.556497124447574, 51.02396919148738, 51.60031527292547, 61.0661367589391, 3.55614761277566, 54.687540277093156, 42.287588277268725, 55.562497084748436, 66.85932388840287, 19.455700922036662, 46.124717421895475, 50.25138917202842], [73.66927150926435, 108.0595631542915, 79.58651923113915, 45.454234624037724, 93.28243009941575, 65.59485093533652, 0.0, 108.76679728784845, 54.73227498092885, 31.727357038814958, 87.3173736786551, 51.270082889072356, 58.80145587418009, 8.419684201876494, 74.88985768794052, 12.638492635982233, 49.30240797667547, 72.56765336301225, 33.16470995663209, 53.13464785402165, 33.70040159345263, 68.27132353167221, 49.93351851022482, 74.36947094185082, 84.62331059748098, 8.92190093938916, 21.41141088936248, 78.27423109974745, 72.65005414619257, 45.08650049438825, 18.365651274534844, 25.292689921454723, 97.26804692451138, 90.15866701743722, 67.60024954211345, 62.8152549183034, 74.38378290006146, 96.95075713915466, 44.10764897442844, 61.761763371409586, 63.662075795597865, 76.2257470174179, 68.78113894915073, 56.392067381868145, 87.68480600000322, 112.283097806641, 4.9000463502158444, 74.46108138050522, 51.23285611063657, 87.0270729198999], [93.08072836265454, 5.993207723845119, 30.114685915125445, 63.725442783849886, 36.43859596998118, 49.57448091024349, 108.76679728784845, 0.0, 54.045540358749385, 101.27957520831448, 36.24577327735341, 80.43038199970775, 63.207513658495145, 103.47467764713097, 84.36041654632922, 121.3998570715003, 95.95157857640888, 80.31882020476051, 97.56764235950268, 91.60154834380945, 91.22127697692821, 69.20458177435955, 86.37374834191758, 36.586928468805915, 24.386384809323527, 105.09165482230615, 90.78469598956472, 82.78933815458886, 76.93894359765841, 73.39584691751166, 96.13257699471765, 83.6438089496653, 12.869050466112242, 40.82904649371739, 84.33507269608847, 83.42271009636028, 37.03716129069936, 14.035266429685322, 91.10581912194894, 63.812724825499465, 62.79623019318693, 62.06332117544508, 48.22745706660532, 71.33859277991958, 76.28521127016032, 7.830315828129702, 111.2602970977334, 34.50421711054406, 67.82308324801188, 87.43039529384212], [64.77069453929177, 53.41931823579209, 25.231586769753832, 10.964018288692005, 44.5860982606293, 19.7104953645267, 54.73227498092885, 54.045540358749385, 0.0, 51.56451217097647, 38.10784578639849, 39.35405650346921, 28.53099579479575, 49.75517786127254, 59.162571444804804, 67.36931259491875, 53.06554139812444, 53.12753077877663, 48.3132746810062, 52.31585399654896, 42.83381249897323, 41.27480646580468, 45.7783264971679, 21.921669559810915, 29.92731042593266, 51.4982722529685, 37.87219798095439, 58.68602217058083, 52.186574316611456, 28.26204594179732, 42.9103831329582, 29.75241771470902, 42.6462329543012, 44.39499889979049, 53.020265889483255, 50.789047027224456, 22.35955932711655, 42.44130413983975, 46.152232758136016, 32.18444043574607, 33.02824299083232, 43.97312748443469, 23.046614496725915, 35.1449689194167, 60.80157811199572, 57.87016141779374, 57.24507522994122, 19.80354621323764, 26.435329623284012, 67.42917029235896], [95.69149488055399, 98.87280798792098, 71.30858773629788, 47.70456944380026, 76.42717146990499, 52.118837297308296, 31.727357038814958, 101.27957520831448, 51.56451217097647, 0.0, 71.62386399354024, 25.66810642166107, 69.70432393615242, 36.37450256414283, 94.33991012373103, 38.587065549703645, 18.083474039636595, 44.25351447194651, 3.82728815860324, 75.9981881675857, 56.30848175487348, 43.791425099457925, 70.92098760145173, 73.45806128951844, 77.35663398418168, 38.23441745784992, 40.59358894192526, 49.29795428660507, 89.91561032968283, 58.74130615146837, 16.998691661639878, 34.649685558321046, 88.56201582083393, 95.1606248166946, 38.46020758035972, 82.55804199601057, 73.92207892824764, 87.70770465320747, 14.945982962668799, 73.52658158505213, 75.20814852069921, 88.35001809470357, 54.21319691639869, 71.11455286504004, 60.08967878438715, 106.65346417451754, 28.927055130393516, 67.87385563149203, 62.97015815397557, 57.30894936561176], [98.39593172186679, 31.6000686106072, 19.9388327533828, 48.90330572746006, 6.478285145889816, 21.739766403809394, 87.3173736786551, 36.24577327735341, 38.10784578639849, 71.62386399354024, 0.0, 47.70025938427429, 62.07551521737133, 84.32183226487062, 91.20336402788524, 99.55517296059152, 62.68081753994455, 44.212102603010194, 67.79660506025496, 89.2063750634299, 80.92394498845813, 33.72123865079121, 82.81988422881213, 37.4551374348151, 22.885283554285902, 86.33459907466592, 74.35576950385948, 46.54405125940199, 83.54576979867394, 65.82302035407383, 71.21001186452017, 64.80807436518242, 24.60245000742216, 58.41289619413923, 48.58055145551837, 85.40795877970352, 38.52402075277641, 22.97384456553414, 59.13313592985879, 64.73038011520305, 64.74942311828156, 71.09388616447227, 18.559827575394653, 70.10475283115944, 40.63254938849271, 43.70231425754618, 88.48597492469183, 24.534014125781756, 62.702534090569195, 51.489394592618474], [97.99303479257841, 77.17111866437654, 51.7678874874112, 41.32739333007163, 51.85913906864033, 31.20329142630297, 51.270082889072356, 80.43038199970775, 39.35405650346921, 25.66810642166107, 47.70025938427429, 0.0, 65.18225814229112, 52.46936037424295, 94.32213474107476, 61.190785646538124, 15.543360957485426, 21.594587436978188, 22.04480523405609, 80.82183288696096, 63.728458267748195, 18.178933817818283, 74.65493943073217, 59.03092462482304, 57.972590365606365, 54.655655375318744, 49.78875540906745, 27.576927924703888, 88.3129255687198, 58.49840290369172, 32.91215477657191, 40.04319375904775, 67.56522065346913, 83.11031908530852, 17.676830469643487, 83.84813678846855, 59.78028648012977, 66.44076789014743, 11.567213163863695, 69.13617074298885, 70.40699223052498, 82.53309760141353, 32.2052597013962, 69.50790642053033, 36.415147410016374, 86.67680319659654, 50.2456674486877, 49.89187187316959, 60.30888842639336, 36.7690731684723], [36.724328981358454, 65.26642384330722, 43.663117802691566, 23.900144779190438, 68.24972254897006, 47.62047896890075, 58.80145587418009, 63.207513658495145, 28.53099579479575, 69.70432393615242, 62.07551521737133, 65.18225814229112, 0.0, 51.048453759232174, 30.64809736725586, 70.05193264319514, 76.66770909442737, 81.25731758103414, 67.40843588466899, 28.724192731817443, 30.599891548332707, 69.68148121603949, 23.18446459800281, 27.806553328693948, 44.78430111055729, 51.79782656573136, 37.40421357296314, 86.96631492137631, 23.695596792858787, 13.855883723441947, 55.579435530055555, 36.649780107876985, 56.013839186270026, 32.547236264023596, 80.55790447874506, 23.33668453659584, 27.039423487731977, 56.68614647558639, 69.21305060513211, 3.9708131899335193, 5.508263749733163, 18.66405899549627, 50.637739725833256, 8.399287363320596, 89.3190790407354, 63.54764791370408, 62.98904623765532, 38.03395419547514, 7.570455616070228, 95.84176217657345], [65.34817229352655, 103.14517836905672, 74.93459985788877, 39.76058623970079, 90.48804493865657, 62.62997895416817, 8.419684201876494, 103.47467764713097, 49.75517786127254, 36.37450256414283, 84.32183226487062, 52.46936037424295, 51.048453759232174, 0.0, 66.4728966869857, 19.086893894450522, 52.931790913127585, 74.05348089202629, 37.03801174916075, 44.80937627588934, 25.28395330676045, 68.39634637554033, 41.51732047735338, 68.27717934182336, 79.63802002442377, 2.201095266835002, 13.77499665731888, 79.96961549693019, 64.2581878550505, 37.23262456057716, 20.498386259513495, 20.040413595188504, 92.38796919666525, 82.83124549108966, 69.57853064966581, 54.39595091107249, 68.20430384682628, 92.19602225934736, 46.93107705093215, 53.85863809521163, 55.761467318825176, 68.15254622689407, 65.98295132689805, 48.236516114376435, 88.58435053671754, 106.57125512210858, 13.260554339649497, 69.5528394447699, 43.5068522645169, 89.00517113928107], [9.008450572725188, 87.93764083616534, 71.77119849728676, 53.31062473778328, 97.07813269379979, 78.199665302232, 74.88985768794052, 84.36041654632922, 59.162571444804804, 94.33991012373103, 91.20336402788524, 94.32213474107476, 30.64809736725586, 66.4728966869857, 0.0, 83.19666073868609, 104.27457330143102, 111.53424669260843, 92.77369057038969, 22.903796064764187, 41.18945617768766, 100.17867584710797, 24.956727937539668, 54.384769377109066, 71.37794799646197, 66.22036419098673, 55.43565719876309, 117.33844713686972, 7.735526773536857, 36.26204939672448, 78.21964303673961, 59.691665615725135, 80.53765436333299, 44.588230832117425, 110.45285033766837, 12.119045530141884, 53.381382787999975, 81.61114431124814, 96.7598642038306, 27.180203128768234, 26.740375358645984, 22.3018389716467, 81.13837789657005, 24.840723022604774, 119.96169685784403, 82.20884119354243, 79.72232254611865, 66.68415570939251, 34.082282422241285, 126.31231475839455], [80.84714803104116, 120.69481794561875, 92.21189563975281, 58.00397554701863, 105.42931390622296, 77.88038807800622, 12.638492635982233, 121.3998570715003, 67.36931259491875, 38.587065549703645, 99.55517296059152, 61.190785646538124, 70.05193264319514, 19.086893894450522, 83.19666073868609, 0.0, 56.670229848239835, 81.87858941870208, 40.97112594741231, 60.6252226057347, 42.59660514419947, 78.82071853670772, 58.47980637336035, 86.8526360592291, 97.26167603053435, 18.26493879442176, 32.86161487230324, 87.30736907408975, 81.8356061465472, 56.20670020725378, 29.09735567917818, 37.857179553484634, 109.902985719827, 101.9181166807998, 76.48034594466714, 71.3575366057345, 86.83933627541487, 109.57901120804186, 52.6260718143835, 72.75822889718168, 74.6595253070062, 86.82397797350941, 80.99669730731918, 66.8287924426298, 97.40229333152901, 124.8711102810898, 11.231655175466734, 87.09902388849969, 62.53314591447432, 95.66950981613347], [106.91178758358492, 92.61796690723259, 67.26811733490952, 52.938274039539245, 66.4023704637347, 46.72879723143098, 49.30240797667547, 95.95157857640888, 53.06554139812444, 18.083474039636595, 62.68081753994455, 15.543360957485426, 76.66770909442737, 52.931790913127585, 104.27457330143102, 56.670229848239835, 0.0, 27.61498302378985, 16.137843766987675, 88.31869010917917, 69.58368269215336, 30.593509997632484, 82.60757191121591, 73.71093603987497, 73.47578507649942, 54.9537944894777, 54.28292745365387, 32.01111285257625, 98.89858707821882, 68.01261737965179, 32.48776459730019, 46.08951096821551, 83.09012652198923, 97.36854107440494, 21.410442147786746, 93.09557687140051, 74.39734823764479, 81.94982111737929, 7.517473802267669, 80.63317653134095, 82.08624887028213, 94.75063700851108, 47.73602732123682, 79.8498216902865, 43.43587193552291, 102.22014325723346, 46.85983863697978, 65.20821414265326, 70.9298467386451, 39.51048488276993], [116.1508798840925, 75.81181142310739, 56.15984263348795, 58.37949972327432, 45.80349419164559, 37.53904222769672, 72.56765336301225, 80.31882020476051, 53.12753077877663, 44.25351447194651, 44.212102603010194, 21.594587436978188, 81.25731758103414, 74.05348089202629, 111.53424669260843, 81.87858941870208, 27.61498302378985, 0.0, 41.22448696705699, 100.28880318118902, 84.29966062718331, 12.526984604569575, 93.91195228007169, 68.48584820045122, 61.852740907920904, 76.23675273943962, 70.9919975004615, 6.1316720692992455, 104.92330995787721, 76.91826585389178, 54.284076679757625, 60.97519641270725, 68.09544224144685, 93.00916811143384, 6.350151420400941, 101.92268078606081, 69.4325957270284, 66.60896420633753, 29.43316587583631, 85.06606588649163, 86.04485882295792, 97.00536438937556, 36.365538954850535, 86.81593683762227, 15.884320607850489, 87.56548439177918, 71.19678704418976, 56.58090904450735, 77.59479969423516, 15.487186040475489], [94.46063847897601, 95.11463762217149, 67.6342725791158, 44.961048137980214, 72.60776580579011, 48.34008914969895, 33.16470995663209, 97.56764235950268, 48.3132746810062, 3.82728815860324, 67.79660506025496, 22.04480523405609, 67.40843588466899, 37.03801174916075, 92.77369057038969, 40.97112594741231, 16.137843766987675, 41.22448696705699, 0.0, 75.03812074679745, 55.58846846764856, 40.21107800130693, 69.75751933428641, 70.15816123029936, 73.7030278727942, 39.006043743633604, 39.932327604772816, 46.45035546831326, 88.11361997910767, 56.89224285948309, 16.867567343657793, 33.17369477887745, 84.83170366126555, 92.15644471886307, 35.60190210716522, 81.11550515904334, 70.6484866854877, 83.96298918363819, 11.791394038956245, 71.27405148437205, 72.9166771642476, 86.00707543640324, 50.40624000165397, 69.19836418095335, 56.98741137226131, 102.99901753897247, 30.825669665861696, 64.28609864852773, 60.847891460398756, 54.700962390665836], [20.538822994663388, 93.9000974562381, 71.8173256063588, 43.22543387614972, 95.56875024919472, 71.96430722762827, 53.13464785402165, 91.60154834380945, 52.31585399654896, 75.9981881675857, 89.2063750634299, 80.82183288696096, 28.724192731817443, 44.80937627588934, 22.903796064764187, 60.6252226057347, 88.31869010917917, 100.28880318118902, 75.03812074679745, 0.0, 20.018775622840124, 90.231399283477, 6.564447712370442, 56.52059681598896, 73.38566244279103, 44.27789694478922, 35.549435237434665, 106.35719730117117, 23.60070185146538, 24.21653681151077, 59.18617210057754, 42.250621363477386, 84.73792417453835, 56.61333093055084, 98.06147680205966, 12.203929608301726, 55.7628781794625, 85.40435331290757, 80.96088722454844, 27.791170730094713, 28.895846721559455, 34.675036817004994, 75.35248714827176, 20.369341909151007, 111.06518849527626, 91.34550762633786, 58.027147691010455, 66.00794238826684, 26.507460299312395, 115.6539286592382], [40.41444733754304, 92.27322449204699, 66.43669178259276, 32.05104064773491, 87.40117631303546, 61.07717548558262, 33.70040159345263, 91.22127697692821, 42.83381249897323, 56.30848175487348, 80.92394498845813, 63.728458267748195, 30.599891548332707, 25.28395330676045, 41.18945617768766, 42.59660514419947, 69.58368269215336, 84.29966062718331, 55.58846846764856, 20.018775622840124, 0.0, 75.44379853798542, 16.23337370245683, 54.63509554730096, 69.59460488317092, 25.07950385135226, 15.715332491335644, 90.4305062785598, 39.265388605111106, 17.936323830693006, 39.37911371780931, 23.815938605480767, 82.06465460573273, 63.06686338048294, 81.33534881719616, 29.12321890770028, 54.19873498114064, 82.33496405993189, 62.41132163342512, 32.28625055403851, 34.100177287403014, 45.072132724174125, 64.6268833906168, 25.271795933380055, 96.5236261739661, 92.66900242852425, 38.53759841459284, 60.519473750068606, 24.048560612975123, 99.78674906324655], [105.19567540386396, 65.04600415428241, 43.8747545430105, 47.49548040577353, 36.48382515738387, 25.01513053675439, 68.27132353167221, 69.20458177435955, 41.27480646580468, 43.791425099457925, 33.72123865079121, 18.178933817818283, 69.68148121603949, 68.39634637554033, 100.17867584710797, 78.82071853670772, 30.593509997632484, 12.526984604569575, 40.21107800130693, 90.231399283477, 75.44379853798542, 0.0, 83.74985008687595, 55.96529172205748, 49.68848638281258, 70.59660638153024, 63.318452711870876, 17.523508283604286, 93.37666582414886, 66.3996028732931, 49.997611428441616, 53.00174656173251, 56.6966089887666, 80.48300748364126, 15.191215699161953, 91.00055813047798, 56.91575075662709, 55.29293621271697, 29.20835473696841, 73.41483881115153, 74.300153118463, 84.91982112530663, 23.88912790059285, 75.64964686676788, 21.080142938840233, 76.22216811416556, 67.7187364275785, 44.09169922184961, 66.50715876080422, 26.16297279820431], [24.789319543396925, 88.43630229812872, 65.68128789682865, 36.668565544893475, 89.20264442659636, 65.41253832245064, 49.93351851022482, 86.37374834191758, 45.7783264971679, 70.92098760145173, 82.81988422881213, 74.65493943073217, 23.18446459800281, 41.51732047735338, 24.956727937539668, 58.47980637336035, 82.60757191121591, 93.91195228007169, 69.75751933428641, 6.564447712370442, 16.23337370245683, 83.74985008687595, 0.0, 50.79868845374824, 67.4726629820248, 41.276518225568054, 30.94177848499746, 99.96621188188941, 23.54292840245158, 17.652089751633923, 54.31257049897606, 36.69895861470353, 79.0528983396945, 52.89933225675938, 91.79379713010427, 12.918527857226046, 50.089318981213594, 79.65583366120624, 75.19521425049268, 22.85665985075041, 24.211791761573135, 32.04358453336717, 68.80767779547841, 15.108305624832427, 104.55184186195513, 86.48725108992099, 54.769710805689805, 59.832728024277415, 20.188614502211266, 109.2477181208373], [62.126729831991064, 37.8865082374083, 17.587594926885664, 28.989555110539765, 42.98366889650622, 30.951721523101096, 74.36947094185082, 36.586928468805915, 21.921669559810915, 73.45806128951844, 37.4551374348151, 59.03092462482304, 27.806553328693948, 68.27717934182336, 54.384769377109066, 86.8526360592291, 73.71093603987497, 68.48584820045122, 70.15816123029936, 56.52059681598896, 54.63509554730096, 55.96529172205748, 50.79868845374824, 0.0, 17.21420905749438, 69.71390464666062, 55.052762186342505, 73.20877066242235, 46.655842451190196, 36.840183079396695, 64.37275658544614, 49.10322179817284, 28.25427018687032, 24.566727761422115, 69.9229067165476, 50.18996374142519, 1.077767815166426, 28.88409480343127, 67.18207095319944, 29.380527875572653, 28.894847330657907, 33.65833079548181, 32.518997633931, 36.1981924152322, 72.0928801201478, 38.534466401480465, 77.4456577114928, 13.362069634331984, 31.462145369462533, 80.89323576971972], [79.26705045929782, 23.507412626674597, 6.208555474059899, 40.10286819790636, 27.359700931985085, 26.7860908939243, 84.62331059748098, 24.386384809323527, 29.92731042593266, 77.35663398418168, 22.885283554285902, 57.972590365606365, 44.78430111055729, 79.63802002442377, 71.37794799646197, 97.26167603053435, 73.47578507649942, 61.852740907920904, 73.7030278727942, 73.38566244279103, 69.59460488317092, 49.68848638281258, 67.4726629820248, 17.21420905749438, 0.0, 81.33921001694233, 67.35910815941854, 65.54160009417927, 63.64257095843894, 52.3536474390294, 71.74677292193809, 59.6694740914113, 12.779448154569764, 35.55699428968369, 64.7467470910894, 67.39673411530029, 18.139610919613467, 12.798583379379574, 68.0437243812582, 46.557005012483515, 46.10684828038859, 50.067499782808284, 26.371501545800484, 53.179990042073484, 61.875544035318136, 29.297083359074882, 86.98963132603292, 10.170872692725366, 47.62589455348821, 71.95974417593686], [64.80187627393803, 104.84529631178407, 76.70661585844701, 41.36676839365574, 92.52003953363456, 64.66127391069793, 8.92190093938916, 105.09165482230615, 51.4982722529685, 38.23441745784992, 86.33459907466592, 54.655655375318744, 51.79782656573136, 2.201095266835002, 66.22036419098673, 18.26493879442176, 54.9537944894777, 76.23675273943962, 39.006043743633604, 44.27789694478922, 25.07950385135226, 70.59660638153024, 41.276518225568054, 69.71390464666062, 81.33921001694233, 0.0, 14.856122271961198, 82.14660209363636, 64.25630965862395, 37.94770338169778, 22.57361268268512, 21.865923528487773, 94.10143560377696, 83.78278311174606, 71.7404107586438, 54.18825714897721, 69.61487280541958, 93.93482171819343, 49.02303225424276, 54.494789374368075, 56.396364192887525, 68.62477149470708, 68.02902864626901, 48.651986425663154, 90.7827635543652, 108.08268947520028, 13.817617614217067, 71.27988903319417, 44.292001359396686, 91.17195771580987], [55.65513797006536, 90.81080522319647, 63.05321462792774, 27.26163641843583, 80.71152948300114, 53.095877777582835, 21.41141088936248, 90.78469598956472, 37.87219798095439, 40.59358894192526, 74.35576950385948, 49.78875540906745, 37.40421357296314, 13.77499665731888, 55.43565719876309, 32.86161487230324, 54.28292745365387, 70.9919975004615, 39.932327604772816, 35.549435237434665, 15.715332491335644, 63.318452711870876, 30.94177848499746, 55.052762186342505, 67.35910815941854, 14.856122271961198, 0.0, 77.10025883796071, 52.29731013816449, 23.676842339404455, 23.672767814108386, 10.372940247938311, 80.13777476259429, 69.05707699710756, 67.4603427900007, 43.34495262100249, 54.91440522868662, 80.0752416540435, 47.279509555972254, 40.353993035908026, 42.25353729393513, 54.88917141689956, 56.60029675688454, 35.191801331470984, 84.24682839686672, 93.52030771221563, 25.741448743922263, 57.442474054714694, 29.84035036346807, 86.41013646639364], [122.07281001766641, 78.01124476434295, 60.062539840659646, 64.2845084004755, 47.329186485138806, 42.30439741150485, 78.27423109974745, 82.78933815458886, 58.68602217058083, 49.29795428660507, 46.54405125940199, 27.576927924703888, 86.96631492137631, 79.96961549693019, 117.33844713686972, 87.30736907408975, 32.01111285257625, 6.1316720692992455, 46.45035546831326, 106.35719730117117, 90.4305062785598, 17.523508283604286, 99.96621188188941, 73.20877066242235, 65.54160009417927, 82.14660209363636, 77.10025883796071, 0.0, 110.65341985805767, 82.91249669203513, 60.057469515416976, 67.09986516068503, 70.89485902135748, 97.63294929653527, 10.849522834950426, 107.8479993381145, 74.1822297118099, 69.3415521181887, 34.698019097047855, 90.74399250435583, 91.67870242435713, 102.42890798498556, 40.79015064730592, 92.67067197578875, 12.051837879069986, 90.2145202669206, 76.75150855918133, 60.94106096781923, 83.46628578464853, 9.3563905095359], [16.14233526203722, 80.40052656461444, 64.06389605925034, 47.045991534472705, 89.39058461150908, 70.96127096048195, 72.65005414619257, 76.93894359765841, 52.186574316611456, 89.91561032968283, 83.54576979867394, 88.3129255687198, 23.695596792858787, 64.2581878550505, 7.735526773536857, 81.8356061465472, 98.89858707821882, 104.92330995787721, 88.11361997910767, 23.60070185146538, 39.265388605111106, 93.37666582414886, 23.54292840245158, 46.655842451190196, 63.64257095843894, 64.25630965862395, 52.29731013816449, 110.65341985805767, 0.0, 31.22256045426964, 74.26201303824242, 55.37293467073308, 72.86725260242149, 37.6698068439679, 104.08715939875455, 11.397829109698973, 45.650190901385386, 73.92413698105628, 91.38445266089239, 20.01243083234807, 19.36501405132287, 14.944401601667732, 73.82886267132882, 19.05428908908099, 112.91342003727257, 75.02809292460343, 77.38111688065311, 59.01686841314498, 28.06165980123727, 119.53731149455747], [39.50174958514831, 74.63529071900717, 49.73144511511037, 19.061830984093277, 72.26303727169037, 47.81262238725413, 45.08650049438825, 73.39584691751166, 28.26204594179732, 58.74130615146837, 65.82302035407383, 58.49840290369172, 13.855883723441947, 37.23262456057716, 36.26204939672448, 56.20670020725378, 68.01261737965179, 76.91826585389178, 56.89224285948309, 24.21653681151077, 17.936323830693006, 66.3996028732931, 17.652089751633923, 36.840183079396695, 52.3536474390294, 37.94770338169778, 23.676842339404455, 82.91249669203513, 31.22256045426964, 0.0, 43.464810655600544, 24.398508988339835, 64.60395354186645, 46.18363654352926, 75.18790162868727, 25.354644879664257, 36.35895451220376, 64.97503046950665, 60.498247613009696, 16.67791255070878, 18.576856482647383, 31.34832561853975, 51.234330851902, 12.410388757146478, 87.07382292364315, 74.73553481345292, 49.37874793063708, 43.79707053134953, 6.459459632541849, 92.12924486169389], [79.1004292179111, 94.67434968860078, 66.1665794893774, 36.11091209340739, 76.87865706093184, 49.804210272674986, 18.365651274534844, 96.13257699471765, 42.9103831329582, 16.998691661639878, 71.21001186452017, 32.91215477657191, 55.579435530055555, 20.498386259513495, 78.21964303673961, 29.09735567917818, 32.48776459730019, 54.284076679757625, 16.867567343657793, 59.18617210057754, 39.37911371780931, 49.997611428441616, 54.31257049897606, 64.37275658544614, 71.74677292193809, 22.57361268268512, 23.672767814108386, 60.057469515416976, 74.26201303824242, 43.464810655600544, 0.0, 19.085181655375383, 83.95943401344428, 83.76887203930626, 49.47460421698923, 66.27919864648001, 64.62611107510116, 83.40835098575738, 26.453522872813366, 59.205502396486025, 60.9938100310885, 74.17063922472649, 52.70681512852081, 55.856335089228665, 69.32408989123888, 100.53805735337042, 17.874856181995224, 61.67518891637031, 48.39101781261671, 68.9278331676216], [61.31815296491115, 83.16935250768572, 54.900122844230346, 20.161606315856282, 71.08589190351023, 43.298913864316354, 25.292689921454723, 83.6438089496653, 29.75241771470902, 34.649685558321046, 64.80807436518242, 40.04319375904775, 36.649780107876985, 20.040413595188504, 59.691665615725135, 37.857179553484634, 46.08951096821551, 60.97519641270725, 33.17369477887745, 42.250621363477386, 23.815938605480767, 53.00174656173251, 36.69895861470353, 49.10322179817284, 59.6694740914113, 21.865923528487773, 10.372940247938311, 67.09986516068503, 55.37293467073308, 24.398508988339835, 19.085181655375383, 0.0, 72.39860431325604, 66.10451705526111, 57.70392937922369, 47.95472752089871, 49.14215658279349, 72.18092599460057, 38.78532021570009, 40.20024515491587, 42.01166211589504, 55.16342359349981, 46.75483630772786, 36.80343116163486, 73.9734110308924, 87.01429242382194, 28.407365724603306, 49.5559071302469, 29.358441981802375, 76.4376542691286], [88.85277232387865, 10.792320854047196, 17.805474861476167, 52.88230352490459, 26.20602773840264, 36.728035684082705, 97.26804692451138, 12.869050466112242, 42.6462329543012, 88.56201582083393, 24.60245000742216, 67.56522065346913, 56.013839186270026, 92.38796919666525, 80.53765436333299, 109.902985719827, 83.09012652198923, 68.09544224144685, 84.83170366126555, 84.73792417453835, 82.06465460573273, 56.6966089887666, 79.0528983396945, 28.25427018687032, 12.779448154569764, 94.10143560377696, 80.13777476259429, 70.89485902135748, 72.86725260242149, 64.60395354186645, 83.95943401344428, 72.39860431325604, 0.0, 40.15985775688183, 71.8725896753586, 77.83969826091868, 28.979294600130885, 1.7372305979162839, 78.24328900132956, 57.31894374052331, 56.61886290899, 58.50160326759468, 35.3607402189935, 64.38357759687018, 65.20244546059716, 19.525586325966692, 99.53345071779304, 22.843223992553817, 59.56488876820682, 76.09009880540142], [53.54625720313638, 45.229661115839846, 39.177593543445376, 47.820772431682975, 62.80066057942323, 55.47185459034536, 90.15866701743722, 40.82904649371739, 44.39499889979049, 95.1606248166946, 58.41289619413923, 83.11031908530852, 32.547236264023596, 82.83124549108966, 44.588230832117425, 101.9181166807998, 97.36854107440494, 93.00916811143384, 92.15644471886307, 56.61333093055084, 63.06686338048294, 80.48300748364126, 52.89933225675938, 24.566727761422115, 35.55699428968369, 83.78278311174606, 69.05707699710756, 97.63294929653527, 37.6698068439679, 46.18363654352926, 83.76887203930626, 66.10451705526111, 40.15985775688183, 0.0, 94.48595680014216, 46.221083734560594, 23.66726753350308, 41.62478344600444, 90.53862581128494, 30.909211661294123, 29.20172627461356, 22.908293670338267, 56.85117655744115, 38.48539327752629, 95.89199326501259, 37.79664939700826, 93.99817988799069, 36.87858069468435, 39.72591158015122, 105.10621464271796], [114.63779235323643, 80.07362129780451, 58.84527884648067, 57.14228666123377, 50.73765476379301, 39.26218473470442, 67.60024954211345, 84.33507269608847, 53.020265889483255, 38.46020758035972, 48.58055145551837, 17.676830469643487, 80.55790447874506, 69.57853064966581, 110.45285033766837, 76.48034594466714, 21.410442147786746, 6.350151420400941, 35.60190210716522, 98.06147680205966, 81.33534881719616, 15.191215699161953, 91.79379713010427, 69.9229067165476, 64.7467470910894, 71.7404107586438, 67.4603427900007, 10.849522834950426, 104.08715939875455, 75.18790162868727, 49.47460421698923, 57.70392937922369, 71.8725896753586, 94.48595680014216, 0.0, 100.42489583134869, 70.82018701036758, 70.45602343446981, 23.858823773399674, 84.4411503226147, 85.53820447439347, 96.9820726276396, 38.6351983513241, 85.62772355497441, 22.029967911217646, 91.3969589899548, 65.97442674166798, 58.6591990090483, 76.38038766609765, 19.453735316453773], [14.228870574018732, 86.28827896547335, 66.7816037691978, 43.56721182654121, 91.56244413685754, 70.35581750944142, 62.8152549183034, 83.42271009636028, 50.789047027224456, 82.55804199601057, 85.40795877970352, 83.84813678846855, 23.33668453659584, 54.39595091107249, 12.119045530141884, 71.3575366057345, 93.09557687140051, 101.92268078606081, 81.11550515904334, 12.203929608301726, 29.12321890770028, 91.00055813047798, 12.918527857226046, 50.18996374142519, 67.39673411530029, 54.18825714897721, 43.34495262100249, 107.8479993381145, 11.397829109698973, 25.354644879664257, 66.27919864648001, 47.95472752089871, 77.83969826091868, 46.221083734560594, 100.42489583134869, 0.0, 49.29690060955487, 78.69982605056113, 85.60025714996189, 20.895420517360666, 21.30163383996742, 23.5452729075757, 73.51862000441295, 15.668762709855196, 111.29093305287427, 82.38865100973403, 67.6362438548273, 61.26116392018298, 24.53460131739505, 116.97548329275068], [61.15772873696908, 38.48320039764354, 18.645915209715575, 29.076237774062175, 44.037333637091734, 31.907305663218043, 74.38378290006146, 37.03716129069936, 22.35955932711655, 73.92207892824764, 38.52402075277641, 59.78028648012977, 27.039423487731977, 68.20430384682628, 53.381382787999975, 86.83933627541487, 74.39734823764479, 69.4325957270284, 70.6484866854877, 55.7628781794625, 54.19873498114064, 56.91575075662709, 50.089318981213594, 1.077767815166426, 18.139610919613467, 69.61487280541958, 54.91440522868662, 74.1822297118099, 45.650190901385386, 36.35895451220376, 64.62611107510116, 49.14215658279349, 28.979294600130885, 23.66726753350308, 70.82018701036758, 49.29690060955487, 0.0, 29.652357986449356, 67.82423122125714, 28.521619362558667, 27.99609337992809, 32.59801744612332, 33.51908719028068, 35.420057040457166, 73.12887850402055, 38.779004974151825, 77.51377023990322, 14.436879239596728, 30.883627112713082, 81.8961349037216], [89.86864866308899, 11.275528222787159, 17.372910766537224, 52.81400479104259, 24.4772156899331, 35.74933870717665, 96.95075713915466, 14.035266429685322, 42.44130413983975, 87.70770465320747, 22.97384456553414, 66.44076789014743, 56.68614647558639, 92.19602225934736, 81.61114431124814, 109.57901120804186, 81.94982111737929, 66.60896420633753, 83.96298918363819, 85.40435331290757, 82.33496405993189, 55.29293621271697, 79.65583366120624, 28.88409480343127, 12.798583379379574, 93.93482171819343, 80.0752416540435, 69.3415521181887, 73.92413698105628, 64.97503046950665, 83.40835098575738, 72.18092599460057, 1.7372305979162839, 41.62478344600444, 70.45602343446981, 78.69982605056113, 29.652357986449356, 0.0, 77.20060664352818, 58.094586377691776, 57.44232234815724, 59.64553203529013, 34.25471784236468, 65.07158351372718, 63.54614714897581, 20.961056009992657, 99.14059548728137, 22.660694057733608, 60.047128838457866, 74.46228644239986], [99.44117974566679, 88.09748566518724, 61.84639244562996, 45.54346243096813, 63.403133422519105, 41.556497124447574, 44.10764897442844, 91.10581912194894, 46.152232758136016, 14.945982962668799, 59.13313592985879, 11.567213163863695, 69.21305060513211, 46.93107705093215, 96.7598642038306, 52.6260718143835, 7.517473802267669, 29.43316587583631, 11.791394038956245, 80.96088722454844, 62.41132163342512, 29.20835473696841, 75.19521425049268, 67.18207095319944, 68.0437243812582, 49.02303225424276, 47.279509555972254, 34.698019097047855, 91.38445266089239, 60.498247613009696, 26.453522872813366, 38.78532021570009, 78.24328900132956, 90.53862581128494, 23.858823773399674, 85.60025714996189, 67.82423122125714, 77.20060664352818, 0.0, 73.17555412610395, 74.64443199853005, 87.36079063216518, 42.98571847141207, 72.33463730717978, 45.21002426066583, 97.0904614040202, 42.21265428358102, 59.35638776871865, 63.425504250471306, 43.09617303010374], [33.715242077125716, 66.2070121751509, 45.90121664399141, 27.867347061173785, 70.80984967276953, 51.02396919148738, 61.761763371409586, 63.812724825499465, 32.18444043574607, 73.52658158505213, 64.73038011520305, 69.13617074298885, 3.9708131899335193, 53.85863809521163, 27.180203128768234, 72.75822889718168, 80.63317653134095, 85.06606588649163, 71.27405148437205, 27.791170730094713, 32.28625055403851, 73.41483881115153, 22.85665985075041, 29.380527875572653, 46.557005012483515, 54.494789374368075, 40.353993035908026, 90.74399250435583, 20.01243083234807, 16.67791255070878, 59.205502396486025, 40.20024515491587, 57.31894374052331, 30.909211661294123, 84.4411503226147, 20.895420517360666, 28.521619362558667, 58.094586377691776, 73.17555412610395, 0.0, 1.9028325660712466, 14.96609251782484, 53.96039808808206, 7.801139231389179, 92.90339707988225, 63.66573578532473, 66.05133215491404, 40.434007112300414, 10.855336040568096, 99.57776959993497], [33.65046336268496, 65.3302354525377, 45.70282404