instance_id,num_cities,city_coordinates,distance_matrix,best_route,total_distance
2750,23,"[[57.047594004501676, 14.422922202897382], [0.38422493380994016, 46.811832185838], [67.57304417316973, 23.614203566494286], [9.746048678348028, 26.539665454977033], [99.97936947811885, 3.6210195754184826], [13.481354955636837, 42.48117057255436], [89.94228268013677, 89.88849010586422], [20.49509249783594, 56.654070389192626], [98.1520697693559, 31.941192579816445], [7.654472780922683, 90.25571634887703], [70.636495485515, 44.696864175937776], [45.23729036109783, 7.7487849280427845], [71.82204114710294, 78.38645583480483], [27.16249625594974, 15.411179012988729], [16.741706437912228, 56.79138651238279], [67.68169646387432, 96.8486519308241], [64.24332637711257, 98.48994279517922], [81.29948566229947, 8.44033354004814], [31.510819776769704, 81.87711159251732], [25.84394183628743, 33.70696147134027], [25.65502740816984, 57.761960139218345], [28.251505895764197, 56.82970100768699], [3.3330950939469473, 81.558303353737]]","[[0.0, 65.26698157816443, 13.973716554944078, 48.82879946587859, 44.269836747955296, 51.819711369672774, 82.32321957980174, 55.85297882412028, 44.681850061320525, 90.50023807810504, 33.183878707102686, 13.565669187806467, 65.64768025642395, 29.90143339312007, 58.47778501683087, 83.108874714423, 84.37441860920512, 24.97890342049496, 72.12624005290219, 36.681631358784315, 53.514161179551316, 51.25962913409075, 85.97910673809363], [65.26698157816443, 0.0, 71.08071049405991, 22.32945336965559, 108.55707766309003, 13.794544023540896, 99.3792944473514, 22.390101541292, 98.89230205673022, 44.04801442664585, 70.28409924977957, 59.47872846059599, 78.10453536061861, 41.26835148977609, 19.161385798357784, 83.86079539649057, 82.14993580823615, 89.55250597880158, 46.88751141174223, 28.634504032687527, 27.541219288432313, 29.61322413963519, 34.871379293669804], [13.973716554944078, 71.08071049405991, 0.0, 57.900947619353296, 38.07751732809265, 57.28763641846227, 69.94757956987567, 57.51492270364889, 31.69251571649365, 89.61766803266134, 21.304067975766742, 27.397032812456334, 54.93681455843562, 41.23471831837036, 60.70049723174242, 73.23452896378842, 74.94973879636545, 20.461220089085185, 68.52043841121515, 42.93229255429795, 54.06652761608453, 51.47283402696366, 86.5117897043812], [48.82879946587859, 22.32945336965559, 57.900947619353296, 0.0, 93.09842378637224, 16.373273905938827, 102.19838321968948, 31.975292454881156, 88.57088156061282, 63.75037122439951, 63.53999038219071, 40.15875280883202, 80.87965451008505, 20.66823303315661, 31.050054016443156, 91.10374780210418, 90.25960162724112, 73.80704681792297, 59.46375539765265, 17.621359093742136, 35.04179346973448, 35.49560818763433, 55.39112284392283], [44.269836747955296, 108.55707766309003, 38.07751732809265, 93.09842378637224, 0.0, 94.82625085835521, 86.84940750006041, 95.55236661482897, 28.379063113934475, 126.60749280819462, 50.479988745955936, 54.897483301700774, 79.89183686583377, 73.76520104640653, 98.77042304559806, 98.66372746217189, 101.37641426581351, 19.291548576052293, 103.98056662662864, 80.00765920461619, 91.95297313988114, 89.30873526060884, 124.15604115419754], [51.819711369672774, 13.794544023540896, 57.28763641846227, 16.373273905938827, 94.82625085835521, 0.0, 89.96514554995477, 15.813399492940096, 85.32421158823296, 48.12857550366468, 57.198071533349754, 47.06142843173043, 68.50419822941295, 30.330810577926897, 14.676926518603786, 76.76913474080177, 75.58941928921396, 75.88199680042445, 43.32553254819689, 15.159825188090474, 19.53716537172749, 20.59217532078805, 40.37337593784504], [82.32321957980174, 99.3792944473514, 69.94757956987567, 102.19838321968948, 86.84940750006041, 89.96514554995477, 0.0, 76.98986217756563, 58.52597623809971, 82.28862930637958, 49.14261361989635, 93.51720432596751, 21.462524212871816, 97.40724537266975, 80.33518922907551, 23.323326334836608, 27.100209287591703, 81.90543418028639, 58.9781149470859, 85.2347432602816, 71.86769175436787, 69.99025272776949, 87.00886958043492], [55.85297882412028, 22.390101541292, 57.51492270364889, 31.975292454881156, 95.55236661482897, 15.813399492940096, 76.98986217756563, 0.0, 81.4943706557117, 35.97154605955041, 51.5474060841002, 54.80787626921294, 55.73824750385635, 41.77834800399681, 3.7558970476462252, 61.98532067477437, 60.5322078527281, 77.5998624293704, 27.52359088179558, 23.562257891238524, 5.277532375750485, 7.758401569506033, 30.244916505809556], [44.681850061320525, 98.89230205673022, 31.69251571649365, 88.57088156061282, 28.379063113934475, 85.32421158823296, 58.52597623809971, 81.4943706557117, 0.0, 107.65871419951665, 30.328435271831342, 58.18287091416347, 53.38944545576246, 72.88868839631294, 85.11861956260702, 71.70370930975689, 74.68961797778694, 28.918851406867297, 83.27455918957116, 72.32968481172354, 76.95799626079325, 74.19923639506176, 107.01633351992278], [90.50023807810504, 44.04801442664585, 89.61766803266134, 63.75037122439951, 126.60749280819462, 48.12857550366468, 82.28862930637958, 35.97154605955041, 107.65871419951665, 0.0, 77.73251697505692, 90.66345410222891, 65.25608151873149, 77.34512104150711, 34.67620490974181, 60.388197378882026, 57.18479550107699, 110.07881170531124, 25.284902800872153, 59.4021755722449, 37.14652284536523, 39.26240281393065, 9.711812288214922], [33.183878707102686, 70.28409924977957, 21.304067975766742, 63.53999038219071, 50.479988745955936, 57.198071533349754, 49.14261361989635, 51.5474060841002, 30.328435271831342, 77.73251697505692, 0.0, 44.836148151474255, 33.71044503795396, 52.41793552283049, 55.23518586039492, 52.235426707254916, 54.17165235235604, 37.7920014455626, 53.9739687036628, 46.121045346733524, 46.840465443064836, 44.08733459973663, 76.73664966967424], [13.565669187806467, 59.47872846059599, 27.397032812456334, 40.15875280883202, 54.897483301700774, 47.06142843173043, 93.51720432596751, 54.80787626921294, 58.18287091416347, 90.66345410222891, 44.836148151474255, 0.0, 75.47469460346306, 19.631873702133237, 56.720146978684944, 91.88328283871702, 92.71023210040316, 36.06882545113962, 75.3884925487801, 32.40260632198844, 53.71017331066212, 51.93701182316756, 84.87524133232498], [65.64768025642395, 78.10453536061861, 54.93681455843562, 80.87965451008505, 79.89183686583377, 68.50419822941295, 21.462524212871816, 55.73824750385635, 53.38944545576246, 65.25608151873149, 33.71044503795396, 75.47469460346306, 0.0, 77.20337065613973, 59.16240605922559, 18.920759466358867, 21.484578318664134, 70.58528160042778, 40.46207169667492, 64.1111755687733, 50.56444383426068, 48.61157496692141, 68.56235372385831], [29.90143339312007, 41.26835148977609, 41.23471831837036, 20.66823303315661, 73.76520104640653, 30.330810577926897, 97.40724537266975, 41.77834800399681, 72.88868839631294, 77.34512104150711, 52.41793552283049, 19.631873702133237, 77.20337065613973, 0.0, 42.672173991075525, 90.9608024411232, 90.97839828251288, 54.58393819239172, 66.6080183694738, 18.34323421648797, 42.37760168212488, 41.43283608710503, 70.30848041516808], [58.47778501683087, 19.161385798357784, 60.70049723174242, 31.050054016443156, 98.77042304559806, 14.676926518603786, 80.33518922907551, 3.7558970476462252, 85.11861956260702, 34.67620490974181, 55.23518586039492, 56.720146978684944, 59.16240605922559, 42.672173991075525, 0.0, 64.80329541503713, 63.20738479733026, 80.65687312261886, 29.110484565051618, 24.814136469418912, 8.966008246925876, 11.509863229444557, 28.163647278008387], [83.108874714423, 83.86079539649057, 73.23452896378842, 91.10374780210418, 98.66372746217189, 76.76913474080177, 23.323326334836608, 61.98532067477437, 71.70370930975689, 60.388197378882026, 52.235426707254916, 91.88328283871702, 18.920759466358867, 90.9608024411232, 64.80329541503713, 0.0, 3.8100163457593674, 89.45096390390412, 39.14689439042738, 75.74477398711703, 57.39346989971671, 56.18056924974984, 66.14028468244332], [84.37441860920512, 82.14993580823615, 74.94973879636545, 90.25960162724112, 101.37641426581351, 75.58941928921396, 27.100209287591703, 60.5322078527281, 74.68961797778694, 57.18479550107699, 54.17165235235604, 92.71023210040316, 21.484578318664134, 90.97839828251288, 63.20738479733026, 3.8100163457593674, 0.0, 91.65066664549394, 36.70699046380165, 75.3083488221527, 56.105484478264295, 55.054399346046104, 63.219749201841424], [24.97890342049496, 89.55250597880158, 20.461220089085185, 73.80704681792297, 19.291548576052293, 75.88199680042445, 81.90543418028639, 77.5998624293704, 28.918851406867297, 110.07881170531124, 37.7920014455626, 36.06882545113962, 70.58528160042778, 54.58393819239172, 80.65687312261886, 89.45096390390412, 91.65066664549394, 0.0, 88.72356857897756, 60.94029724293355, 74.35676556160541, 71.80263951435853, 106.88777089981998], [72.12624005290219, 46.88751141174223, 68.52043841121515, 59.46375539765265, 103.98056662662864, 43.32553254819689, 58.9781149470859, 27.52359088179558, 83.27455918957116, 25.284902800872153, 53.9739687036628, 75.3884925487801, 40.46207169667492, 66.6080183694738, 29.110484565051618, 39.14689439042738, 36.70699046380165, 88.72356857897756, 0.0, 48.50233879194959, 24.815939109364777, 25.258580799007408, 28.17952815421282], [36.681631358784315, 28.634504032687527, 42.93229255429795, 17.621359093742136, 80.00765920461619, 15.159825188090474, 85.2347432602816, 23.562257891238524, 72.32968481172354, 59.4021755722449, 46.121045346733524, 32.40260632198844, 64.1111755687733, 18.34323421648797, 24.814136469418912, 75.74477398711703, 75.3083488221527, 60.94029724293355, 48.50233879194959, 0.0, 24.055740470265448, 23.247740715308574, 52.881841316307785], [53.514161179551316, 27.541219288432313, 54.06652761608453, 35.04179346973448, 91.95297313988114, 19.53716537172749, 71.86769175436787, 5.277532375750485, 76.95799626079325, 37.14652284536523, 46.840465443064836, 53.71017331066212, 50.56444383426068, 42.37760168212488, 8.966008246925876, 57.39346989971671, 56.105484478264295, 74.35676556160541, 24.815939109364777, 24.055740470265448, 0.0, 2.7587692228354066, 32.62720663225579], [51.25962913409075, 29.61322413963519, 51.47283402696366, 35.49560818763433, 89.30873526060884, 20.59217532078805, 69.99025272776949, 7.758401569506033, 74.19923639506176, 39.26240281393065, 44.08733459973663, 51.93701182316756, 48.61157496692141, 41.43283608710503, 11.509863229444557, 56.18056924974984, 55.054399346046104, 71.80263951435853, 25.258580799007408, 23.247740715308574, 2.7587692228354066, 0.0, 35.105996223967104], [85.97910673809363, 34.871379293669804, 86.5117897043812, 55.39112284392283, 124.15604115419754, 40.37337593784504, 87.00886958043492, 30.244916505809556, 107.01633351992278, 9.711812288214922, 76.73664966967424, 84.87524133232498, 68.56235372385831, 70.30848041516808, 28.163647278008387, 66.14028468244332, 63.219749201841424, 106.88777089981998, 28.17952815421282, 52.881841316307785, 32.62720663225579, 35.105996223967104, 0.0]]",Route_0,1182.9474103263221
