instance_id,num_cities,city_coordinates,distance_matrix,best_route,total_distance
478,22,"[[94.8771806954702, 38.970981798976034], [61.255447495480894, 44.34597237324144], [80.42352136913577, 32.36980526223078], [6.975872806587258, 14.164254985158253], [18.827736991470488, 5.140112549244513], [28.954432574173183, 0.9824361248160107], [99.06488039171238, 21.824031129456344], [89.79284771362637, 68.07865136328748], [49.10641921577156, 15.213981594676284], [26.43549312975604, 14.749165309879618], [33.06159254056675, 12.947021430504691], [13.238373089944444, 8.362289523893507], [94.92097803053133, 36.7032445121119], [69.52804242705295, 90.24788700381153], [56.762910058938424, 93.40715226895307], [99.14542255607756, 50.564389455110614], [42.92794307559924, 54.28882369715675], [65.91853535227807, 94.4835389194705], [42.50982131929783, 51.237902377041486], [95.78524585023254, 64.42715793746574], [65.49437778315202, 42.801803781260226], [98.19559061741597, 27.372802273760367]]","[[0.0, 34.048663219643515, 15.889738814436516, 91.33462445202028, 83.23488212210222, 76.08507292696585, 17.650913461032225, 29.548381839542543, 51.568960287546645, 72.60138422147539, 67.07021285337036, 87.18822712982956, 2.2681601814669867, 57.20052288517144, 66.45294787736047, 12.354148682202302, 54.16049824090872, 62.61187697369361, 53.78492045640446, 25.47236710474914, 29.631474888099746, 12.063565505653793], [34.048663219643515, 0.0, 22.60185024940976, 62.10642714648223, 57.76859062804814, 54.07172866586613, 44.00898832424053, 37.1163476551126, 31.563773140478347, 45.69901760844565, 42.19937887603472, 60.003873757194036, 34.522155717244814, 46.64141500484324, 49.26644157413964, 38.39686082346732, 20.850844364444, 50.35394689135855, 19.972410968996183, 39.944473811587756, 4.511428446090754, 40.65295410047056], [15.889738814436516, 22.60185024940976, 0.0, 75.67033196873561, 67.34609727626012, 60.284608672131895, 21.41760066552957, 36.917556338665186, 35.70830677862606, 56.79079278814883, 51.18981181970097, 71.34567233703413, 15.13125723069477, 58.89468403398114, 65.4628311119468, 26.106560056916834, 43.432266354835235, 63.784876955213704, 42.34918818824051, 35.54794564496691, 18.212795538081252, 18.461215675909568], [91.33462445202028, 62.10642714648223, 75.67033196873561, 0.0, 14.896369737643363, 25.628449776063732, 92.40702077544752, 98.82010660574689, 42.14362189811363, 19.46840885151761, 26.114104073590227, 8.537078716560945, 90.78737567386074, 98.49615721121994, 93.58517964024571, 99.09690050881703, 53.87515541464233, 99.62642641235232, 51.352865819169786, 102.04638236409183, 65.15001631420637, 92.17105098111044], [83.23488212210222, 57.76859062804814, 67.34609727626012, 14.896369737643363, 0.0, 10.946973859244336, 81.95335453916526, 94.85413331982237, 31.91052232077554, 12.25609433776889, 16.23423758828352, 6.451620980779991, 82.3796857916683, 99.06489915136845, 96.07365745374406, 92.27294049110981, 54.739526311417684, 100.99401529709684, 51.825161312996094, 97.14634280615736, 59.96814445383085, 82.42298636652339], [76.08507292696585, 54.07172866586613, 60.284608672131895, 25.628449776063732, 10.946973859244336, 0.0, 73.14264813030313, 90.5716007146155, 24.670619207143137, 13.995280932497305, 12.64990373586485, 17.362510242003943, 75.01707319862375, 98.05375330462401, 96.5175609635107, 85.93686735439752, 55.10744007614641, 100.5425338750066, 52.05151729066142, 92.14982544217881, 55.534017566353214, 74.09986094888893], [17.650913461032225, 44.00898832424053, 21.41760066552957, 92.40702077544752, 81.95335453916526, 73.14264813030313, 0.0, 47.17478651737001, 50.39385476345536, 72.97315684833869, 66.59756233043721, 86.87581851513899, 15.445482111789133, 74.52683308490357, 83.14806026665174, 28.740471181371493, 64.84842702561899, 79.86290917416144, 63.7467687687291, 42.72917523829586, 39.58592667630921, 5.616451363944789], [29.548381839542543, 37.1163476551126, 36.917556338665186, 98.82010660574689, 94.85413331982237, 90.5716007146155, 47.17478651737001, 0.0, 66.70876084634885, 82.81418032309985, 79.10709154403362, 97.09084125828444, 31.791726527887015, 30.035601245652064, 41.62342777332107, 19.854974851957532, 48.851598067954356, 35.597765064423605, 50.19258323123562, 7.017281501152742, 35.06186909802732, 41.5640738908801], [51.568960287546645, 31.563773140478347, 35.70830677862606, 42.14362189811363, 31.91052232077554, 24.670619207143137, 50.39385476345536, 66.70876084634885, 0.0, 22.675690590943226, 16.204183762945444, 36.51660467673972, 50.60397435108981, 77.76329246843014, 78.56712920890057, 61.26624838514443, 39.56029389107794, 81.03277094766177, 36.6229159453734, 67.82956274159929, 32.08820841064131, 50.572558460158476], [72.60138422147539, 45.69901760844565, 56.79079278814883, 19.46840885151761, 12.25609433776889, 13.995280932497305, 72.97315684833869, 82.81418032309985, 22.675690590943226, 0.0, 6.866798086729691, 14.661383278900137, 71.91830946088909, 86.9311496666054, 84.302023285626, 81.05223080060038, 42.8413992605134, 88.97460850186013, 39.87244611886221, 85.30704047086465, 48.08894878839914, 72.86197774995073], [67.07021285337036, 42.19937887603472, 51.18981181970097, 26.114104073590227, 16.23423758828352, 12.64990373586485, 66.59756233043721, 79.10709154403362, 16.204183762945444, 6.866798086729691, 0.0, 20.346493458162, 66.26418118636288, 85.47061357979165, 83.87839475482888, 76.0403772124887, 42.50281740702719, 87.90780611049564, 39.43932796989696, 81.14469261317397, 44.08166952149885, 66.71237410265536], [87.18822712982956, 60.003873757194036, 71.34567233703413, 8.537078716560945, 6.451620980779991, 17.362510242003943, 86.87581851513899, 97.09084125828444, 36.51660467673972, 14.661383278900137, 20.346493458162, 0.0, 86.45957251527565, 99.36688557424033, 95.53540703682245, 95.71331352837534, 54.68744926489999, 100.95577791013731, 51.91469790894235, 99.78604948956723, 62.58410476135212, 87.05818976422015], [2.2681601814669867, 34.522155717244814, 15.13125723069477, 90.78737567386074, 82.3796857916683, 75.01707319862375, 15.445482111789133, 31.791726527887015, 50.60397435108981, 71.91830946088909, 66.26418118636288, 86.45957251527565, 0.0, 59.260694546438835, 68.34743086774408, 14.490592488930062, 54.886503615171854, 64.65063111143155, 54.38920506001201, 27.73738153612712, 30.05190887911081, 9.888389148764208], [57.20052288517144, 46.64141500484324, 58.89468403398114, 98.49615721121994, 99.06489915136845, 98.05375330462401, 74.52683308490357, 30.035601245652064, 77.76329246843014, 86.9311496666054, 85.47061357979165, 99.36688557424033, 59.260694546438835, 0.0, 13.150268491213977, 49.517362443943775, 44.72828545114617, 5.565005702914911, 47.45274673196884, 36.82595254876469, 47.617237043120426, 69.10213165350183], [66.45294787736047, 49.26644157413964, 65.4628311119468, 93.58517964024571, 96.07365745374406, 96.5175609635107, 83.14806026665174, 41.62342777332107, 78.56712920890057, 84.302023285626, 83.87839475482888, 95.53540703682245, 68.34743086774408, 13.150268491213977, 0.0, 60.26424886359505, 41.49276975186282, 9.218681181896509, 44.51287650856272, 48.606406594826076, 51.35308972379189, 77.95641344718503], [12.354148682202302, 38.39686082346732, 26.106560056916834, 99.09690050881703, 92.27294049110981, 85.93686735439752, 28.740471181371493, 19.854974851957532, 61.26624838514443, 81.05223080060038, 76.0403772124887, 95.71331352837534, 14.490592488930062, 49.517362443943775, 60.26424886359505, 0.0, 56.34071715519183, 55.07193226069699, 56.639605817021135, 14.264190740798513, 34.53477306503268, 23.211029634677363], [54.16049824090872, 20.850844364444, 43.432266354835235, 53.87515541464233, 54.739526311417684, 55.10744007614641, 64.84842702561899, 48.851598067954356, 39.56029389107794, 42.8413992605134, 42.50281740702719, 54.68744926489999, 54.886503615171854, 44.72828545114617, 41.49276975186282, 56.34071715519183, 0.0, 46.30531789152716, 3.079439349074186, 53.82081639828106, 25.32184041412563, 61.47345015591051], [62.61187697369361, 50.35394689135855, 63.784876955213704, 99.62642641235232, 100.99401529709684, 100.5425338750066, 79.86290917416144, 35.597765064423605, 81.03277094766177, 88.97460850186013, 87.90780611049564, 100.95577791013731, 64.65063111143155, 5.565005702914911, 9.218681181896509, 55.07193226069699, 46.30531789152716, 0.0, 49.17471883638704, 42.372236590768274, 51.68347566233879, 74.46918335606097], [53.78492045640446, 19.972410968996183, 42.34918818824051, 51.352865819169786, 51.825161312996094, 52.05151729066142, 63.7467687687291, 50.19258323123562, 36.6229159453734, 39.87244611886221, 39.43932796989696, 51.91469790894235, 54.38920506001201, 47.45274673196884, 44.51287650856272, 56.639605817021135, 3.079439349074186, 49.17471883638704, 0.0, 54.88376190814094, 24.48382313605953, 60.58422158667111], [25.47236710474914, 39.944473811587756, 35.54794564496691, 102.04638236409183, 97.14634280615736, 92.14982544217881, 42.72917523829586, 7.017281501152742, 67.82956274159929, 85.30704047086465, 81.14469261317397, 99.78604948956723, 27.73738153612712, 36.82595254876469, 48.606406594826076, 14.264190740798513, 53.82081639828106, 42.372236590768274, 54.88376190814094, 0.0, 37.21817607888105, 37.13266803704068], [29.631474888099746, 4.511428446090754, 18.212795538081252, 65.15001631420637, 59.96814445383085, 55.534017566353214, 39.58592667630921, 35.06186909802732, 32.08820841064131, 48.08894878839914, 44.08166952149885, 62.58410476135212, 30.05190887911081, 47.617237043120426, 51.35308972379189, 34.53477306503268, 25.32184041412563, 51.68347566233879, 24.48382313605953, 37.21817607888105, 0.0, 36.15831036359778], [12.063565505653793, 40.65295410047056, 18.461215675909568, 92.17105098111044, 82.42298636652339, 74.09986094888893, 5.616451363944789, 41.5640738908801, 50.572558460158476, 72.86197774995073, 66.71237410265536, 87.05818976422015, 9.888389148764208, 69.10213165350183, 77.95641344718503, 23.211029634677363, 61.47345015591051, 74.46918335606097, 60.58422158667111, 37.13266803704068, 36.15831036359778, 0.0]]",Route_3,1103.6877723729535
