instance_id,num_cities,city_coordinates,distance_matrix,best_route,total_distance
59,56,"[[63.973218170372625, 55.7206908218278], [64.06366470506015, 15.40727016246115], [17.017271110887588, 84.3641350827827], [16.752614583168157, 0.34611096445672507], [84.00166063702214, 0.24685902314809383], [33.828473216246024, 49.21114579264788], [56.5045917154701, 66.96147249922936], [91.94980691851295, 6.887511080853526], [89.21766316905827, 17.388727756621336], [66.54853659487105, 19.106802898376852], [86.14047374541656, 91.50140855816964], [2.895119668821633, 34.0474893979557], [1.9582129301776163, 40.82452142974107], [96.64665128256044, 5.141015879363109], [97.84968523678592, 49.11297637746841], [73.38474756393431, 22.964123376848722], [75.61306722109332, 38.01966342816991], [81.39293170009526, 28.48209283847749], [39.34637812529963, 45.44977924579189], [90.85151757185336, 54.476770288001774], [51.73495572622513, 64.6014408058084], [67.45087276118406, 62.443954194550436], [21.591479390842782, 11.123314956121021], [98.54658463105352, 69.41431255532581], [10.678500687771475, 63.1752933991768], [75.08697719238516, 1.5824205074197795], [97.96206757656101, 33.04551333108955], [40.442906113775315, 6.0767974300275025], [61.64562543318455, 49.47167324203399], [16.032481765927, 14.022456786771286], [78.58224262346141, 48.69005734100327], [57.681363063798784, 66.4533746126437], [31.418363580289387, 23.9768347059796], [99.59368813389554, 45.55334383629742], [52.40376144570564, 27.19216414720851], [36.406593562854006, 23.13887517920482], [75.75330494455577, 83.03904430053286], [14.246160091639126, 51.47753282101915], [74.62968234454507, 64.84832452419221], [81.94528361401572, 57.978624197009886], [7.860423616704548, 5.203505135559916], [97.64984024836527, 18.01995405252057], [7.00606943686517, 63.30541904691628], [78.53608453133802, 10.270812444482857], [92.66653398410403, 48.953699022218736], [60.89698559434493, 46.206175007572114], [17.217455129764282, 60.65264559339326], [87.27128457472514, 91.12890809681764], [5.592976940127937, 27.612911205803982], [81.7448227318858, 66.18365773834424], [5.761040322383614, 96.50254191770398], [12.908390607670729, 71.64700070417098], [7.431356587093363, 56.94290014238903], [98.52738856270076, 7.245427406718452], [13.079576156740025, 71.6997030042732], [67.16853854600248, 51.34674539462398]]","[[0.0, 40.31352212142579, 55.00279868682676, 72.77451131763286, 58.97867853782499, 30.839582111894156, 13.495760587750379, 56.27938309538291, 45.897945441207035, 36.704346525426494, 42.09093704655533, 64.80942660234618, 63.7789678303056, 60.2150873836616, 34.51487956056026, 34.08180740957467, 21.185194280784643, 32.332454895293324, 26.68281985113941, 26.907068160803284, 15.12093872515203, 7.56943537075161, 61.523472887048804, 37.18646184573982, 53.81354858338642, 55.267241221498274, 40.85835971001571, 54.93807183162949, 6.668426250831813, 63.53783855816063, 16.212754319135197, 12.440978339172593, 45.46967075408769, 37.04312115827191, 30.785210136174264, 42.67895854893513, 29.750006406633958, 49.90776187113144, 14.031176917848319, 18.11334865333717, 75.50252818471068, 50.55156206817486, 57.46985415915038, 47.72597323431744, 29.48047744529429, 9.999460887544666, 47.01516303681488, 42.38563139525597, 64.79428864525427, 20.622890325725766, 71.07613543667185, 53.49078388355232, 56.555069683680685, 59.53017600063253, 53.34314977331699, 5.4167768001896235], [40.31352212142579, 0.0, 83.47701701580665, 49.65051842653619, 25.04719041521305, 45.35271559660337, 52.10542546647505, 29.15858745477136, 25.231920515970934, 4.456582858298983, 79.23195943298134, 63.945669712636835, 67.10531873217131, 34.162069482319026, 47.723891446764625, 11.999525664200128, 25.391121040246023, 21.70839659197529, 38.903683731595635, 47.3710344121023, 50.71551528252054, 47.158486226235816, 42.68768906341909, 64.07676953972594, 71.63630211768485, 17.681625665580444, 38.21268558102459, 25.396809993352395, 34.15011670679829, 48.05114194915626, 36.311610087474996, 51.443547251127555, 33.751342521335175, 46.59579726543968, 16.578210707107093, 28.717438957887378, 68.63457264376301, 61.504858459845174, 50.557478033991686, 46.174370370802094, 57.12198464304296, 33.687643205411135, 74.49699218321888, 15.356892052645925, 44.08499767763234, 30.961272523080176, 65.12842197887599, 79.19823275475689, 59.73105558236124, 53.766763752581156, 99.87812128271213, 76.02479437251488, 70.23123863778717, 35.417000710184034, 75.94876747092653, 36.07334364224383], [55.00279868682676, 83.47701701580665, 0.0, 84.01844095093212, 107.52964508395674, 38.96600020863754, 43.15207009549013, 107.78456378024342, 98.48147947639082, 81.92597673675147, 69.49070308405733, 52.26088397956032, 46.07030703550973, 112.32604685843812, 88.1845982215034, 83.35018799723012, 74.70794719930409, 85.24686693181853, 44.86553365634923, 79.65394230566963, 39.94848820838153, 54.99129481648536, 73.38352072648478, 82.8886370781422, 22.116668428357066, 101.11826260586348, 95.84185418366367, 81.71699708166607, 56.649571073615256, 70.34857152461242, 71.15395660165743, 44.43381274405237, 62.08073381581845, 91.24221701348546, 67.23717691035452, 64.2221011444424, 58.75097902240452, 33.00314628341412, 60.82809211141555, 70.08453461577382, 79.68847589001103, 104.41820512863794, 23.3172399746884, 96.30360774261464, 83.52670204946615, 58.1503160804058, 23.71233450014653, 70.57895268214514, 57.88968741351962, 67.23232626735913, 16.554263863250718, 13.364445584961004, 29.048474708902624, 112.21049113445066, 13.262476443828257, 60.044130830316334], [72.77451131763286, 49.65051842653619, 84.01844095093212, 0.0, 67.24911929610103, 51.762694837278275, 77.5746484254716, 75.4811741469463, 74.44215239822117, 53.21275609132695, 114.55986766105478, 36.439169496834715, 43.09728569255899, 80.0377924062554, 94.63055548187735, 60.98174293539256, 69.88454364147755, 70.49825581524783, 50.44619949441651, 91.76478465581596, 73.16086115451427, 80.1651764553291, 11.813667445162691, 107.0545188546065, 63.12211201337918, 58.34746200401211, 87.54556625335766, 24.373565192064813, 66.54850330599338, 13.695292122697078, 78.48592265406215, 77.75173798212892, 27.8117834414612, 94.3733933424345, 44.628632559214196, 30.096328518326526, 101.58347644595094, 51.19281800401161, 86.66193239687618, 87.01488767369665, 10.132390552950683, 82.80534916191905, 63.709258483449474, 62.57552922911673, 90.14222526432813, 63.654308306752256, 60.30832608922984, 114.95389977096696, 29.462109695768483, 92.51253798945343, 96.78261165311126, 71.40444618963639, 57.3592398474797, 82.06530464681227, 71.44806721155288, 71.71352802160729], [58.97867853782499, 25.04719041521305, 107.52964508395674, 67.24911929610103, 0.0, 70.10599200358082, 72.15904967874444, 10.357185383272983, 17.91787783443773, 25.696478782266862, 91.27961071538563, 87.86781891887811, 91.5296345344455, 13.559076655841562, 50.79040470996335, 25.07574411492948, 38.6930646514049, 28.355491448265894, 63.54052449308591, 54.6608069444786, 71.99064135164768, 64.36153530697872, 63.350832803072606, 70.68020544762241, 96.6243946317986, 9.014172474295941, 35.64610338212821, 43.94716461211671, 54.06361664667891, 69.3511093649991, 48.745395217074126, 71.24647900665093, 57.68981604463975, 47.914391236739995, 41.526819063507816, 52.81415353372357, 83.20205114439338, 86.54716514202417, 65.27773986587812, 57.768377132741655, 76.30240045809744, 22.40883115261898, 99.5223746528029, 11.417187235046734, 49.471570551338246, 51.44010822873378, 90.04992591005094, 90.94084497365792, 83.04711007099192, 65.97541013239973, 124.04334386300914, 100.75829134883351, 95.27566604801667, 16.12379394529558, 100.67497693081076, 53.80104447414494], [30.839582111894156, 45.35271559660337, 38.96600020863754, 51.762694837278275, 70.10599200358082, 0.0, 28.79722987339636, 71.89839696785786, 63.87979847563974, 44.46205133141166, 67.26820738016447, 34.45009197297218, 32.95525692368748, 76.73525816823049, 64.0212872864409, 47.472150003607865, 43.25738750392055, 51.885174638220285, 6.677960233871214, 57.26564754639236, 23.61150771281455, 36.132713285344515, 40.00533559057896, 67.798244021066, 27.03550714238691, 63.013963711583926, 66.13959176208766, 43.638546392195614, 27.81837220277656, 39.432742050891264, 44.75680293909123, 29.432206997786963, 25.34914366356546, 65.86685819375714, 28.807583819364254, 26.19942746439702, 53.870383634301824, 19.713028622525794, 43.695080100778576, 48.90905969680742, 51.09806293987697, 71.035606086088, 30.299998070464127, 59.28844803810904, 58.83862399616222, 27.23479781056677, 20.170122447815732, 67.9207838771525, 35.54893791981722, 50.83348023352088, 54.993244464283435, 30.676007594870125, 27.5061409808397, 77.11725595905791, 30.59823417530041, 33.40839328450844], [13.495760587750379, 52.10542546647505, 43.15207009549013, 77.5746484254716, 72.15904967874444, 28.79722987339636, 0.0, 69.75130193255555, 59.39361973514778, 48.89734380666501, 38.477187598235155, 62.907120238581186, 60.485102709654306, 73.70993015175496, 45.03316080506527, 47.12437152116821, 34.6808614145419, 45.82676211851079, 27.516490332814936, 36.54557572520811, 5.321576558112478, 11.841834332774033, 65.85457653042064, 42.11348468904892, 45.982233210845635, 67.96856250768, 53.56318316780531, 62.967621859571445, 18.22973685338515, 66.6373098824659, 28.657761278567868, 1.2817777766056508, 49.769447739222585, 48.11422038238811, 39.980178785237214, 48.211508642808326, 25.07989784671475, 45.005859965836116, 18.247857536614678, 26.979999405066934, 78.61489440883973, 63.939062432156824, 49.63336009793936, 60.821193782582654, 40.3975986197118, 21.21498286481445, 39.7904561174122, 39.12357771036939, 64.34517693576801, 25.252212924103983, 58.71612036204321, 43.847268165656466, 50.08546893096034, 73.02000750721966, 43.68275179741859, 18.90871398471402], [56.27938309538291, 29.15858745477136, 107.78456378024342, 75.4811741469463, 10.357185383272983, 71.89839696785786, 69.75130193255555, 0.0, 10.85081384685537, 28.187508342819573, 84.81308860204184, 93.1042520152855, 96.17799987513719, 5.0110470431750835, 42.635648038772146, 24.558479019572278, 35.15821346026791, 24.036921093683095, 65.22399287706389, 47.601930962662955, 70.34295942533895, 60.718334515124646, 70.4857169003809, 62.87382904529309, 98.86020258307133, 17.677641595097306, 26.840051414698625, 51.51328068695216, 52.26618679859316, 76.25187019706371, 43.8878644845508, 68.71985406352044, 62.89754060830091, 39.414154090971394, 44.454118467048495, 57.87188769108393, 77.85488223547914, 89.58865312629709, 60.49332698960502, 52.0614283899137, 84.10624388297362, 12.506864774148887, 101.97263788202314, 13.833823636194513, 42.072293324761965, 50.102245909469424, 92.06309843269874, 84.37121275958174, 88.80903272896848, 60.167887703292, 124.33566358552046, 102.18286054273699, 98.22886755188786, 6.587312379284676, 102.08395330478487, 50.8992610743725], [45.897945441207035, 25.231920515970934, 98.48147947639082, 74.44215239822117, 17.91787783443773, 63.87979847563974, 59.39361973514778, 10.85081384685537, 0.0, 22.734139126635945, 74.17653638679255, 87.91527657792494, 90.35180175890643, 14.324674887022349, 32.877648266490326, 16.785894461750573, 24.712760622620856, 13.575314780907492, 57.22383841192153, 37.12401350903505, 60.28261466384729, 50.037651763780744, 67.91580176929114, 52.8553710543334, 90.91099843584388, 21.201783769945106, 17.93319667451482, 50.069318884078974, 42.30286817614622, 73.26255904110698, 33.05881734018637, 58.32561868883325, 58.1735522907828, 30.015121072327446, 38.09685978083961, 53.12318955345956, 67.01681135889346, 82.35759166225044, 49.651007138594764, 41.236236460594554, 82.26469520945115, 8.455770629187201, 94.1652201348004, 12.835919935266697, 31.752828549546006, 40.40428250015339, 83.99878894536855, 73.7658632853785, 84.24738615583033, 49.36383834468994, 114.99566725788593, 93.63260789969983, 90.84895430021297, 13.7679892828754, 93.52374204578427, 40.488404000972224], [36.704346525426494, 4.456582858298983, 81.92597673675147, 53.21275609132695, 25.696478782266862, 44.46205133141166, 48.89734380666501, 28.187508342819573, 22.734139126635945, 0.0, 74.99881952369535, 65.3833434403608, 68.14373932590887, 33.180411613085155, 43.36049299951035, 7.84937587883134, 20.97288747152203, 17.557110454199368, 37.86700183859483, 42.91467671450752, 47.84562943969093, 43.34654418779514, 45.66041033729783, 59.62147772413774, 71.15822346910926, 19.49381814888411, 34.367100216116704, 29.176788468245245, 30.758151583710273, 50.7712750565069, 31.937110454762614, 48.16974797032222, 35.46612843039827, 42.32495207106797, 16.292566726717926, 30.410431378446148, 64.59147970959411, 61.50937118529563, 46.44988393174312, 41.810026427214815, 60.312488703580996, 31.12028806679963, 74.1540495502986, 14.892146683080961, 39.66090008876991, 27.682413143080172, 64.49505906467603, 74.94408529731895, 61.546195100596, 49.46875149002031, 98.41351594890546, 75.08486962764295, 70.18839809206601, 34.107758673569876, 74.99961914492108, 32.24590353177793], [42.09093704655533, 79.23195943298134, 69.49070308405733, 114.55986766105478, 91.27961071538563, 67.26820738016447, 38.477187598235155, 84.81308860204184, 74.17653638679255, 74.99881952369535, 0.0, 101.14712948080167, 98.25884145964883, 86.99711023982147, 43.97595725493107, 69.71418801393777, 54.50801179898799, 63.19789006960859, 65.65394083548448, 37.32315330959306, 43.67319469934597, 34.54904975601554, 103.08836308374717, 25.332812657609896, 80.60321443809345, 90.59582881192033, 59.63926363988675, 96.87947085860209, 48.64664679691372, 104.48980097115145, 43.473424649232136, 37.912069124815524, 86.91419570383299, 47.877067882940956, 72.6212412005069, 84.53930924725827, 13.397943294644303, 82.28428139548033, 29.032485377532524, 33.784266923575835, 116.5122070140796, 74.3773465079588, 84.00754590980495, 81.58576150471417, 43.04529067150814, 51.8545260940303, 75.51177836305081, 1.1905837750402235, 102.80875125951688, 25.696502766087136, 80.53486606611841, 75.87579002505767, 85.96171024221323, 85.16164640543508, 75.69677865871371, 44.41093670469672], [64.80942660234618, 63.945669712636835, 52.26088397956032, 36.439169496834715, 87.86781891887811, 34.45009197297218, 62.907120238581186, 93.1042520152855, 87.91527657792494, 65.3833434403608, 101.14712948080167, 0.0, 6.841487951956173, 98.10674742953698, 96.14228216622848, 71.35564899255893, 72.82635555031739, 78.6948545494648, 38.19301581225325, 90.29774886319618, 57.60966527196174, 70.52520450354118, 29.58160983947427, 101.98046347053815, 30.149792470590913, 79.15582726982102, 95.07222801918238, 46.82089144901632, 60.741479853756985, 23.949785258942512, 77.09050121200097, 63.65276004920141, 30.248859964602016, 97.38068509489392, 49.98100734164285, 35.24225796858009, 87.79799321992179, 20.800301257681685, 78.0675279918027, 82.59314519094526, 29.268236561572984, 96.10067097245764, 29.545327132033986, 79.28988543491688, 91.00055996271979, 59.262552143793755, 30.215288005236765, 101.87063151322371, 6.977265249885142, 85.14698461328611, 62.52077323927647, 38.91000957801232, 23.340464402727818, 99.3170749708897, 39.00528609573405, 66.56077397536637], [63.7789678303056, 67.10531873217131, 46.07030703550973, 43.09728569255899, 91.5296345344455, 32.95525692368748, 60.485102709654306, 96.17799987513719, 90.35180175890643, 68.14373932590887, 98.25884145964883, 6.841487951956173, 0.0, 101.18899607159298, 96.24901530171378, 73.62569978203945, 73.70824098447201, 80.38787277684581, 37.6731722386458, 89.93555197476496, 55.16399204553523, 68.96874918984713, 35.60374724525621, 100.73077833726457, 23.99167410175779, 82.99252163487486, 96.31849808818032, 51.85051525873124, 60.31053345617952, 30.272689216303153, 77.0266744810432, 61.33439146420924, 33.93736914183669, 97.74992470385115, 52.255090949218626, 38.723029472303175, 85.01636046443733, 16.262850215923734, 76.53943808236578, 81.80583547847509, 36.10668764672927, 98.37141775975938, 23.040651314275426, 82.44816281591518, 91.07185644727043, 59.18395997557259, 25.01997162977717, 99.03964615939645, 13.7024871507792, 83.71970435905965, 55.80773657507469, 32.709809228904554, 17.022262887571088, 102.24070245138233, 32.81709245617996, 66.05379447154465], [60.2150873836616, 34.162069482319026, 112.32604685843812, 80.0377924062554, 13.559076655841562, 76.73525816823049, 73.70993015175496, 5.0110470431750835, 14.324674887022349, 33.180411613085155, 86.99711023982147, 98.10674742953698, 101.18899607159298, 0.0, 43.988414392223234, 29.30493687898952, 39.03097645600816, 27.88336125204029, 70.05795963363089, 49.67494577545589, 74.51578712043766, 64.31189798958997, 75.29320507150074, 64.30137177638619, 103.72319067563949, 21.85138777963065, 27.93548456819623, 56.211534920408475, 56.48255476441558, 81.10193782794771, 47.14702400396642, 72.6463971536762, 67.89342816090056, 40.519640633919025, 49.433656966145755, 62.87119764606415, 80.65131587956382, 94.53525136577085, 63.63732887878322, 54.84471774067935, 88.7862496563535, 12.917950169013851, 106.85752996149807, 18.82305609750971, 43.993096479853946, 54.446174255353334, 96.90478953584783, 86.49748614212417, 93.78570088675707, 62.83524981471416, 128.86862581582474, 106.93522487175755, 103.16396667828825, 2.8223608191327467, 106.83405298347614, 54.808106795862514], [34.51487956056026, 47.723891446764625, 88.1845982215034, 94.63055548187735, 50.79040470996335, 64.0212872864409, 45.03316080506527, 42.635648038772146, 32.877648266490326, 43.36049299951035, 43.97595725493107, 96.14228216622848, 96.24901530171378, 43.988414392223234, 0.0, 35.8091564908269, 24.850126216317257, 26.390492465408574, 58.61788085734936, 8.817291862084547, 48.646282573081976, 33.193414549972715, 85.1969972108809, 20.313294153635255, 88.29815499599843, 52.700043821902476, 16.067856065357425, 71.74713226097808, 36.20583668006297, 89.02471201265986, 19.272083576229054, 43.751383031252395, 71.0277841070525, 3.9639033708316047, 50.45645645563101, 66.70762660677441, 40.487382068235036, 83.63695680660511, 28.049415602009915, 18.208506315415214, 100.13045926026425, 31.093664552752564, 91.94557064116343, 43.378898916482434, 5.185597958198561, 37.066851836492525, 81.45379363568432, 43.327140210405126, 94.72883947415622, 23.468590891365654, 103.56683563893972, 87.87949582027981, 90.75671799910066, 41.87303354924385, 87.72759892506402, 30.76235501848608], [34.08180740957467, 11.999525664200128, 83.35018799723012, 60.98174293539256, 25.07574411492948, 47.472150003607865, 47.12437152116821, 24.558479019572278, 16.785894461750573, 7.84937587883134, 69.71418801393777, 71.35564899255893, 73.62569978203945, 29.30493687898952, 35.8091564908269, 0.0, 15.219549754556398, 9.725173527404413, 40.79479518146301, 36.029640157189256, 46.92951831519356, 39.92327531113979, 53.12953389694053, 52.8274371828557, 74.49168807228668, 21.449354379666577, 26.564620878388777, 37.0181941180495, 28.99063966620851, 58.04511860245774, 26.24571647377623, 46.237552463438114, 41.97860132137419, 34.60030992296652, 21.402759337270716, 36.97856692085347, 60.12159502252248, 65.65353795759385, 41.90269881951644, 36.045777077902066, 67.88870737504367, 24.763673663082624, 77.67592320813998, 13.698774214412719, 32.36117009286673, 26.3844113638022, 67.64014670484198, 69.56488903226808, 67.95097786337897, 44.020665683725085, 99.90427809949362, 77.6364108879881, 74.19169125870138, 29.651809378084188, 77.53625229576237, 29.05536933440217], [21.185194280784643, 25.391121040246023, 74.70794719930409, 69.88454364147755, 38.6930646514049, 43.25738750392055, 34.6808614145419, 35.15821346026791, 24.712760622620856, 20.97288747152203, 54.50801179898799, 72.82635555031739, 73.70824098447201, 39.03097645600816, 24.850126216317257, 15.219549754556398, 0.0, 11.152223372448843, 37.019985940492155, 22.428703379564855, 35.73170996629869, 25.752036770750276, 60.34687657891964, 38.87891735388446, 69.63694170559633, 36.44104063256238, 22.89585084850484, 47.510913698749114, 18.062058544791043, 64.23170626544466, 11.075798338045834, 33.61579904906031, 46.37211304673598, 25.136159608327834, 25.610673853974703, 41.935491360239844, 45.019599295750744, 62.8252460339794, 26.846677671932593, 20.939366738726566, 75.28161103794842, 29.759162296105323, 73.1183258983413, 27.902379129939085, 20.257686516703675, 16.83989401049804, 62.62826353342628, 54.373761145784364, 70.78921905751088, 28.823757582030588, 91.10188109078578, 71.15247206856439, 70.75898920081373, 38.36821243230452, 71.0266328256059, 15.777236078762865], [32.332454895293324, 21.70839659197529, 85.24686693181853, 70.49825581524783, 28.355491448265894, 51.885174638220285, 45.82676211851079, 24.036921093683095, 13.575314780907492, 17.557110454199368, 63.19789006960859, 78.6948545494648, 80.38787277684581, 27.88336125204029, 26.390492465408574, 9.725173527404413, 11.152223372448843, 0.0, 45.34109669532841, 27.662033591155733, 46.735455881501665, 36.71224637944666, 62.26990338730892, 44.38123950301657, 78.76641999317734, 27.62892386198893, 17.186071985336735, 46.67870882811743, 28.81871944269096, 66.94079093008027, 20.402495004799064, 44.766692157975285, 50.177233977188855, 24.953860330479735, 29.017854987344375, 45.302545115617626, 54.84766487987308, 70.97520128487729, 36.98978708866044, 29.501702574965, 77.12925768135167, 19.332444840822344, 82.13445881959717, 18.433998734249972, 23.370510653389683, 27.09662147771637, 71.78743802077017, 62.92200326222354, 75.80493795475114, 37.70320706779622, 101.7200299169717, 80.95271236773844, 79.248546646526, 27.28709531329706, 80.83610810792139, 26.928158071347873], [26.68281985113941, 38.903683731595635, 44.86553365634923, 50.44619949441651, 63.54052449308591, 6.677960233871214, 27.516490332814936, 65.22399287706389, 57.22383841192153, 37.86700183859483, 65.65394083548448, 38.19301581225325, 37.6731722386458, 70.05795963363089, 58.61788085734936, 40.79479518146301, 37.019985940492155, 45.34109669532841, 0.0, 52.290208994467434, 22.80927433049037, 32.84302971602147, 38.64637861043214, 63.86676214642219, 33.70520803637005, 56.583880958760574, 59.913811952915836, 39.3882478754009, 22.659039295945913, 39.13073421747705, 39.36943567099252, 27.880507366786382, 22.889752332337466, 60.24739902183552, 22.44628629114484, 22.50375021062145, 52.32988790144923, 25.81384819241333, 40.264315659724936, 44.40313845493612, 51.099196775225806, 64.43360152644868, 36.942109289680886, 52.66301162485003, 53.43516140713742, 21.563877592708373, 26.8480237284863, 66.20709532047755, 38.176510488035596, 47.19662935424183, 61.10940591897912, 37.2191025700736, 33.921385993617186, 70.44121304914827, 37.134934805134755, 28.440232422323767], [26.907068160803284, 47.3710344121023, 79.65394230566963, 91.76478465581596, 54.6608069444786, 57.26564754639236, 36.54557572520811, 47.601930962662955, 37.12401350903505, 42.91467671450752, 37.32315330959306, 90.29774886319618, 89.93555197476496, 49.67494577545589, 8.817291862084547, 36.029640157189256, 22.428703379564855, 27.662033591155733, 52.290208994467434, 0.0, 40.405622922026595, 24.719753173441525, 81.70969941230003, 16.80310167896628, 80.6435176601996, 55.193595390103354, 22.580050844111188, 69.88265508539385, 29.631657598843713, 85.0555089326043, 13.565439708693503, 35.2661055581311, 66.80228936116231, 12.492120947814016, 47.14530393786791, 62.81968974927904, 32.30726731411986, 76.66404776722116, 19.254014527266254, 9.56995214783103, 96.51619726582258, 37.08526177933252, 84.30898061218198, 45.889395287347035, 5.8136564039903105, 31.075339616555127, 73.89260171027422, 36.82658379853004, 89.39063527819766, 14.831827422245636, 94.90287034444434, 79.8119530740793, 83.45660582112104, 47.851005693062355, 79.65616286782232, 23.888921101047185], [15.12093872515203, 50.71551528252054, 39.94848820838153, 73.16086115451427, 71.99064135164768, 23.61150771281455, 5.321576558112478, 70.34295942533895, 60.28261466384729, 47.84562943969093, 43.67319469934597, 57.60966527196174, 55.16399204553523, 74.51578712043766, 48.646282573081976, 46.92951831519356, 35.73170996629869, 46.735455881501665, 22.80927433049037, 40.405622922026595, 0.0, 15.863316069708425, 61.38842814388357, 47.05839282424196, 41.08121707970698, 67.20650136649516, 55.97072832126789, 59.60406250174867, 18.086769766165634, 61.91042134635959, 31.208154984019625, 6.228115208411714, 45.42160870324327, 51.51007926444003, 37.41525465916377, 44.205237641617494, 30.2791400439702, 39.71960169645423, 22.896057706470142, 30.92774823555047, 73.84503591790263, 65.40650983524647, 44.74765849836185, 60.58149621266153, 43.820610694132995, 20.550634907274297, 34.74263707688678, 44.34565580645188, 59.137412255416166, 30.051547848971843, 55.95785154659677, 39.460639543559864, 44.960673279813385, 74.0219159694794, 39.301700928829035, 20.344100596934723], [7.56943537075161, 47.158486226235816, 54.99129481648536, 80.1651764553291, 64.36153530697872, 36.132713285344515, 11.841834332774033, 60.718334515124646, 50.037651763780744, 43.34654418779514, 34.54904975601554, 70.52520450354118, 68.96874918984713, 64.31189798958997, 33.193414549972715, 39.92327531113979, 25.752036770750276, 36.71224637944666, 32.84302971602147, 24.719753173441525, 15.863316069708425, 0.0, 68.82508243465257, 31.867368770759402, 56.77708241776976, 61.338702086317, 42.36981631142967, 62.50349289554822, 14.212000902415765, 70.62925982730313, 17.693984109545006, 10.560244874827859, 52.707314479294475, 36.31051222936054, 38.3288958943807, 50.08629061276579, 22.20558750929643, 54.32314283977575, 7.57075318024684, 15.166644914338168, 82.62863085950104, 53.7165656563308, 60.45094185045799, 53.33777873198137, 28.597492119479504, 17.51053711114325, 50.26534624805856, 34.86653560125459, 70.99014601402462, 14.775059673665902, 70.46717550762924, 55.313456089134036, 60.27108691119429, 63.345301277276455, 55.153483847143434, 11.100799780116178], [61.523472887048804, 42.68768906341909, 73.38352072648478, 11.813667445162691, 63.350832803072606, 40.00533559057896, 65.85457653042064, 70.4857169003809, 67.91580176929114, 45.66041033729783, 103.08836308374717, 29.58160983947427, 35.60374724525621, 75.29320507150074, 85.1969972108809, 53.12953389694053, 60.34687657891964, 62.26990338730892, 38.64637861043214, 81.70969941230003, 61.38842814388357, 68.82508243465257, 0.0, 96.53977741657792, 53.183658806159926, 54.339644385256, 79.45470106560114, 19.51521531091225, 55.45206216549563, 6.269567604551807, 68.25838576503625, 66.05978508231657, 16.179636053780698, 85.26295477805445, 34.75060632211094, 19.075148633871283, 90.02985879389979, 41.01727215570189, 75.49455361579042, 76.40681702746434, 14.952793751807942, 76.3703992863668, 54.18215731094675, 56.95098607697032, 80.51584529782649, 52.685196092481696, 49.72209450146622, 103.51198840128336, 22.975179327767766, 81.54793720506562, 86.83441251979363, 61.14337713395584, 47.95772580574412, 77.03357795108697, 61.17149079127501, 60.78809651135667], [37.18646184573982, 64.07676953972594, 82.8886370781422, 107.0545188546065, 70.68020544762241, 67.798244021066, 42.11348468904892, 62.87382904529309, 52.8553710543334, 59.62147772413774, 25.332812657609896, 101.98046347053815, 100.73077833726457, 64.30137177638619, 20.313294153635255, 52.8274371828557, 38.87891735388446, 44.38123950301657, 63.86676214642219, 16.80310167896628, 47.05839282424196, 31.867368770759402, 96.53977741657792, 0.0, 88.08930432177594, 71.77408139415789, 36.373496081622406, 85.95160428686953, 41.94507900222436, 99.38226631105283, 28.77620033959456, 40.97235027724473, 81.06023966625116, 23.883932966664332, 62.54494342240115, 77.47770385283246, 26.55497908106433, 86.18752603922759, 24.34884928867991, 20.158823469806528, 111.11708954530212, 51.40218124168226, 91.74412516294717, 62.43695796242795, 21.28876938110457, 44.22793185375485, 81.7997195190136, 24.467448802251855, 101.92021554893958, 17.109539253375882, 96.6588299259046, 85.6672934786465, 91.96478080807032, 62.16888811222035, 85.49755871984016, 36.20799302946875], [53.81354858338642, 71.63630211768485, 22.116668428357066, 63.12211201337918, 96.6243946317986, 27.03550714238691, 45.982233210845635, 98.86020258307133, 90.91099843584388, 71.15822346910926, 80.60321443809345, 30.149792470590913, 23.99167410175779, 103.72319067563949, 88.29815499599843, 74.49168807228668, 69.63694170559633, 78.76641999317734, 33.70520803637005, 80.6435176601996, 41.08121707970698, 56.77708241776976, 53.183658806159926, 88.08930432177594, 0.0, 89.11865033036301, 92.33755842440877, 64.39066758702293, 52.77723950933535, 49.443568443540556, 69.43155069944633, 47.117033947202664, 44.34705262723475, 90.64460085948883, 55.097939853332605, 47.59043545580747, 68.03895023389114, 12.229709569973624, 63.97306205304641, 71.45599848475402, 58.040242873889675, 97.99499260919299, 3.6747359057261337, 86.04380157903438, 83.21232691388495, 53.00799190027899, 7.008685835909753, 81.53440450642753, 35.924164277758315, 71.12996826145043, 33.688082614788755, 8.760264477534909, 7.0275650489926, 104.1421000882748, 8.856112156197115, 57.715153340525596], [55.267241221498274, 17.681625665580444, 101.11826260586348, 58.34746200401211, 9.014172474295941, 63.013963711583926, 67.96856250768, 17.677641595097306, 21.201783769945106, 19.49381814888411, 90.59582881192033, 79.15582726982102, 82.99252163487486, 21.85138777963065, 52.700043821902476, 21.449354379666577, 36.44104063256238, 27.62892386198893, 56.583880958760574, 55.193595390103354, 67.20650136649516, 61.338702086317, 54.339644385256, 71.77408139415789, 89.11865033036301, 0.0, 38.89981966687088, 34.93438255962513, 49.73982774994622, 60.35054210779841, 47.237128706965976, 67.16543820831748, 49.07603898135193, 50.339060177607415, 34.21092290345452, 44.2815177669468, 81.45934907944005, 78.68371660180476, 63.26755669090851, 56.811690324885745, 67.32400581923218, 27.915502831387894, 91.89525858020265, 9.347967473608428, 50.5280006048124, 46.82558410999609, 82.69324685525255, 90.37162600056242, 74.20918081382783, 64.94341197530376, 117.54112034282528, 93.67615506530896, 87.41890930971988, 24.114778297780912, 93.60208912165835, 50.39037310911419], [40.85835971001571, 38.21268558102459, 95.84185418366367, 87.54556625335766, 35.64610338212821, 66.13959176208766, 53.56318316780531, 26.840051414698625, 17.93319667451482, 34.367100216116704, 59.63926363988675, 95.07222801918238, 96.31849808818032, 27.93548456819623, 16.067856065357425, 26.564620878388777, 22.89585084850484, 17.186071985336735, 59.913811952915836, 22.580050844111188, 55.97072832126789, 42.36981631142967, 79.45470106560114, 36.373496081622406, 92.33755842440877, 38.89981966687088, 0.0, 63.52767564403886, 39.85853358282424, 84.10905843837732, 24.906412276578678, 52.33182923854304, 67.15880786277361, 12.613802344659012, 45.93278735479891, 62.3475569731849, 54.704499599552506, 85.72101555920312, 39.44387151889798, 29.634395319545877, 94.30526848818509, 15.028802930980985, 95.85747488599455, 29.93419144970672, 16.76642621467937, 39.33221730479018, 85.33373419071576, 59.059068640673225, 92.52870944119584, 36.893571867036805, 111.92776198856102, 93.40344101446425, 93.63169724333416, 25.806278722867074, 93.26941475599834, 35.8214534210882], [54.93807183162949, 25.396809993352395, 81.71699708166607, 24.373565192064813, 43.94716461211671, 43.638546392195614, 62.967621859571445, 51.51328068695216, 50.069318884078974, 29.176788468245245, 96.87947085860209, 46.82089144901632, 51.85051525873124, 56.211534920408475, 71.74713226097808, 37.0181941180495, 47.510913698749114, 46.67870882811743, 39.3882478754009, 69.88265508539385, 59.60406250174867, 62.50349289554822, 19.51521531091225, 85.95160428686953, 64.39066758702293, 34.93438255962513, 63.52767564403886, 0.0, 48.297728241368816, 25.671040482524973, 57.18827598065401, 62.789294233222776, 20.04628899370582, 71.11408249958767, 24.267689875066424, 17.533006477147513, 84.67592165985201, 52.41656490262548, 67.99138229241159, 66.45484903242433, 32.594183608482965, 58.44033113517336, 66.28074516122606, 38.32336107250696, 67.57023011715312, 45.04149544762695, 59.312264972444375, 97.0914958076034, 40.96732551645797, 72.92930119268148, 96.84857810480575, 71.1168130723559, 60.639284356736006, 58.09623737714818, 71.09934994318832, 52.57021606974604], [6.668426250831813, 34.15011670679829, 56.649571073615256, 66.54850330599338, 54.06361664667891, 27.81837220277656, 18.22973685338515, 52.26618679859316, 42.30286817614622, 30.758151583710273, 48.64664679691372, 60.741479853756985, 60.31053345617952, 56.48255476441558, 36.20583668006297, 28.99063966620851, 18.062058544791043, 28.81871944269096, 22.659039295945913, 29.631657598843713, 18.086769766165634, 14.212000902415765, 55.45206216549563, 41.94507900222436, 52.77723950933535, 49.73982774994622, 39.85853358282424, 48.297728241368816, 0.0, 57.76855392427566, 16.95464317721626, 17.43827851520602, 39.5433199302104, 38.14982002669151, 24.120293851225586, 36.4749912072546, 36.411468261723684, 47.44188853023214, 20.125286048415486, 22.01009624715329, 69.66002183420942, 47.80705099076584, 56.363584010148074, 42.68483449441237, 31.025232708505232, 3.3502149673672306, 45.813496474636985, 48.908073180048966, 60.16398325279579, 26.13939857489139, 73.04101218763655, 53.54496434297332, 54.72664961344557, 56.06532162474629, 53.41110792178936, 5.8325350259689595], [63.53783855816063, 48.05114194915626, 70.34857152461242, 13.695292122697078, 69.3511093649991, 39.432742050891264, 66.6373098824659, 76.25187019706371, 73.26255904110698, 50.7712750565069, 104.48980097115145, 23.949785258942512, 30.272689216303153, 81.10193782794771, 89.02471201265986, 58.04511860245774, 64.23170626544466, 66.94079093008027, 39.13073421747705, 85.0555089326043, 61.91042134635959, 70.62925982730313, 6.269567604551807, 99.38226631105283, 49.443568443540556, 60.35054210779841, 84.10905843837732, 25.671040482524973, 57.76855392427566, 0.0, 71.51443988120532, 66.95991679674938, 18.325255768036342, 89.31221667722843, 38.682181653885976, 22.320697028085405, 91.26809997571853, 37.49764880436265, 77.56868406072519, 79.22526175950654, 12.02316275447841, 81.71519558833907, 50.10275929197029, 62.61609372938654, 84.21976990879156, 55.21426828534482, 46.64524273722045, 104.97795892119153, 17.137202581625953, 83.89816827521804, 83.11718806921975, 57.709167445505756, 43.77377996226459, 82.77280818376582, 57.75278679657898, 63.30875787043516], [16.212754319135197, 36.311610087474996, 71.15395660165743, 78.48592265406215, 48.745395217074126, 44.75680293909123, 28.657761278567868, 43.8878644845508, 33.05881734018637, 31.937110454762614, 43.473424649232136, 77.09050121200097, 77.0266744810432, 47.14702400396642, 19.272083576229054, 26.24571647377623, 11.075798338045834, 20.402495004799064, 39.36943567099252, 13.565439708693503, 31.208154984019625, 17.693984109545006, 68.25838576503625, 28.77620033959456, 69.43155069944633, 47.237128706965976, 24.906412276578678, 57.18827598065401, 16.95464317721626, 71.51443988120532, 0.0, 27.429586341403006, 53.24636005782186, 21.24428897488797, 33.874360341501955, 49.3117458984056, 34.46528388882161, 64.39644039147768, 16.634672558297858, 9.878639528935814, 83.02202061104768, 36.11410409952649, 73.05311332059905, 38.41927262440399, 14.08675867854442, 17.858835002100367, 62.51992211961581, 43.31922787291005, 75.97156701159183, 17.77717547317486, 87.11464392380732, 69.57065535965336, 71.6279135397969, 45.99419742671214, 69.4265302877782, 11.718815306252319], [12.440978339172593, 51.443547251127555, 44.43381274405237, 77.75173798212892, 71.24647900665093, 29.432206997786963, 1.2817777766056508, 68.71985406352044, 58.32561868883325, 48.16974797032222, 37.912069124815524, 63.65276004920141, 61.33439146420924, 72.6463971536762, 43.751383031252395, 46.237552463438114, 33.61579904906031, 44.766692157975285, 27.880507366786382, 35.2661055581311, 6.228115208411714, 10.560244874827859, 66.05978508231657, 40.97235027724473, 47.117033947202664, 67.16543820831748, 52.33182923854304, 62.789294233222776, 17.43827851520602, 66.95991679674938, 27.429586341403006, 0.0, 49.93997981891105, 46.83432800023592, 39.61433737992467, 48.2572448290172, 24.529156576148797, 45.94445227228719, 17.02415085190902, 25.70134695058851, 78.9536099133588, 62.795504581195694, 50.77297517794021, 59.92828797210796, 39.11778150781416, 20.50095900455798, 40.87757701293943, 38.52850123936009, 64.97523810365516, 24.064971190299243, 59.98893539062197, 45.07319396865275, 51.14207930421194, 71.93037474806164, 44.909279184768664, 17.838630691867973], [45.46967075408769, 33.751342521335175, 62.08073381581845, 27.8117834414612, 57.68981604463975, 25.34914366356546, 49.769447739222585, 62.89754060830091, 58.1735522907828, 35.46612843039827, 86.91419570383299, 30.248859964602016, 33.93736914183669, 67.89342816090056, 71.0277841070525, 41.97860132137419, 46.37211304673598, 50.177233977188855, 22.889752332337466, 66.80228936116231, 45.42160870324327, 52.707314479294475, 16.179636053780698, 81.06023966625116, 44.34705262723475, 49.07603898135193, 67.15880786277361, 20.04628899370582, 39.5433199302104, 18.325255768036342, 53.24636005782186, 49.93997981891105, 0.0, 71.50818571492512, 21.230291260023975, 5.0581236172586, 73.85073884507777, 32.42179775197779, 59.478540241892055, 60.90230978121366, 30.12332050899206, 66.49881900269685, 46.28928225418098, 49.07071095728624, 66.14515952725895, 36.920627379441505, 39.329135574908406, 87.34385922490019, 26.080100602306054, 65.6823294442474, 76.93033500070985, 51.137694763669145, 40.769326396805525, 69.16329390871782, 51.125172691956834, 45.02429367778543], [37.04312115827191, 46.59579726543968, 91.24221701348546, 94.3733933424345, 47.914391236739995, 65.86685819375714, 48.11422038238811, 39.414154090971394, 30.015121072327446, 42.32495207106797, 47.877067882940956, 97.38068509489392, 97.74992470385115, 40.519640633919025, 3.9639033708316047, 34.60030992296652, 25.136159608327834, 24.953860330479735, 60.24739902183552, 12.492120947814016, 51.51007926444003, 36.31051222936054, 85.26295477805445, 23.883932966664332, 90.64460085948883, 50.339060177607415, 12.613802344659012, 71.11408249958767, 38.14982002669151, 89.31221667722843, 21.24428897488797, 46.83432800023592, 71.50818571492512, 0.0, 50.63617383266383, 67.04489037584842, 44.42456088594389, 85.55288749101601, 31.551511291805916, 21.583645988099907, 100.21527479459638, 27.601921990822813, 94.27408610148473, 41.088680812321336, 7.716727285928643, 38.70220892885379, 83.74862791415009, 47.21200787024275, 95.69740240938297, 27.27987990875411, 106.77259283382433, 90.52745294079826, 92.86343386388594, 38.32275376262954, 90.37877886393794, 32.93863730352642], [30.785210136174264, 16.578210707107093, 67.23717691035452, 44.628632559214196, 41.526819063507816, 28.807583819364254, 39.980178785237214, 44.454118467048495, 38.09685978083961, 16.292566726717926, 72.6212412005069, 49.98100734164285, 52.255090949218626, 49.433656966145755, 50.45645645563101, 21.402759337270716, 25.610673853974703, 29.017854987344375, 22.44628629114484, 47.14530393786791, 37.41525465916377, 38.3288958943807, 34.75060632211094, 62.54494342240115, 55.097939853332605, 34.21092290345452, 45.93278735479891, 24.267689875066424, 24.120293851225586, 38.682181653885976, 33.874360341501955, 39.61433737992467, 21.230291260023975, 50.63617383266383, 0.0, 16.502682561640704, 60.53160500486062, 45.230318070059624, 43.72617035756258, 42.667407402123374, 49.675044741591066, 46.1664064557507, 58.009633848015326, 31.132466225778053, 45.767403821880634, 20.824684041710086, 48.555946811587646, 72.82617246588337, 46.81267535737463, 48.79789390810795, 83.5432337204922, 59.46525717543098, 53.922383951582326, 50.25197792149105, 59.39118254214192, 28.30975870719221], [42.67895854893513, 28.717438957887378, 64.2221011444424, 30.096328518326526, 52.81415353372357, 26.19942746439702, 48.211508642808326, 57.87188769108393, 53.12318955345956, 30.410431378446148, 84.53930924725827, 35.24225796858009, 38.723029472303175, 62.87119764606415, 66.70762660677441, 36.97856692085347, 41.935491360239844, 45.302545115617626, 22.50375021062145, 62.81968974927904,