instance_id,num_cities,city_coordinates,distance_matrix,best_route,total_distance
708,76,"[[73.45634177286804, 97.31797639691335], [84.77951302907525, 28.064550292521794], [39.029535236944504, 67.8970451607147], [21.119351493132942, 2.086129629295441], [1.9173912618942524, 34.64473897312742], [3.9641420035293584, 5.275080707901692], [69.46271759505423, 20.775139355680782], [65.69126240683211, 68.47866475462331], [33.47689093043689, 87.6817859086263], [55.850380853431446, 35.09981768550291], [81.322859421666, 58.32536679196366], [4.255568222096217, 55.84051603692905], [65.30835940812801, 87.90723554074175], [74.84406637299448, 6.962186570255213], [29.081660764648653, 8.748093425963265], [52.135834400815604, 70.16575738048991], [48.532068788217266, 81.1473631872944], [56.275129149082915, 65.99869270034732], [38.16711054107519, 27.17433547394794], [29.769132649685005, 47.34652946168681], [78.9298143225264, 55.13446967518828], [97.33803341672778, 83.64346279134166], [36.81268922762769, 75.80240645621672], [15.19950215116921, 9.83758225902448], [25.248838241726588, 34.53242425626647], [61.32007545314874, 35.06922089918921], [71.10253409454197, 76.46898126149017], [15.756844623986833, 93.83151199290842], [18.221281876598695, 24.211346857926785], [22.134429812262002, 7.543784373711738], [58.15046368659752, 99.95922861666496], [13.733708869425755, 59.29170388507822], [3.297693388449141, 79.52460711106308], [28.233234145789122, 41.106988020434265], [15.181009380799326, 67.72333143696997], [58.21284724011744, 5.7869634290743655], [12.540853489482718, 28.30140302925763], [78.1856656380195, 93.57630605316662], [68.64539773117957, 63.33722356187944], [10.244001808376623, 67.39196153980765], [17.530986747282206, 2.8370388026391025], [39.86483939667351, 43.066913048911424], [23.113867146903246, 1.8624010499786015], [17.760599126591202, 23.983897247353525], [6.795755673135995, 59.825834971657684], [27.0616147652043, 14.84879708402559], [93.82813245764466, 39.44761094487544], [20.83927592149414, 98.81049619292209], [72.66855113358555, 51.61204459660207], [10.53501806483067, 50.00484116347824], [40.084484525520615, 92.38111739330806], [87.33610775021928, 67.08402737897654], [64.32920261183159, 43.01104066857702], [45.22662324002994, 96.91893593494986], [31.724986243936236, 57.222932413990094], [30.000902247955796, 4.671006129180744], [42.94156861930877, 0.9138959166043348], [55.22378471667956, 37.802648122160456], [92.3013563052327, 77.56017873421838], [85.66545881856044, 86.6404229619475], [21.033250854173037, 75.88973507107269], [82.29370763481859, 9.990916438775333], [39.38231677679921, 19.866534316625117], [5.1320658778782775, 26.527344998594515], [81.65024044050723, 44.73860103658404], [33.922032879904506, 30.146893729350154], [28.422162946889273, 4.583531051233381], [68.62916490094906, 55.689547448035704], [65.85694022415571, 35.270037343669166], [61.26598046916511, 46.91398960873673], [63.34560461710519, 40.94046955917453], [69.74214790684731, 2.7165029960480425], [50.30283975850841, 63.005806305588386], [21.275355499108027, 26.47323573890301], [44.586502834339534, 35.879814494009665], [37.32441312402227, 9.985995496928691]]","[[0.0, 70.1730093019661, 45.285717429086155, 108.66584187458423, 95.10918004793123, 115.3302235998871, 76.64694994841155, 29.866408447651736, 41.12435600454946, 64.66118722491095, 39.77820639147603, 80.67915950193873, 12.447958068620407, 90.36644584559589, 99.06430479274066, 34.522558307830685, 29.710404160638667, 35.7224243086846, 78.52044448970504, 66.37558097503094, 42.5371266200914, 27.51958426505323, 42.49325854449513, 105.1031813087916, 79.15799993879901, 63.42078934543936, 20.981444391257867, 57.804735145783205, 91.62691266377519, 103.40862730309726, 15.532099577330781, 70.80106130605441, 72.37983098675461, 72.14433226325565, 65.35944748627543, 92.79165081239101, 92.05424548719228, 6.030472716360212, 34.31962624808031, 69.93830344678194, 109.79204389859478, 63.80883094273708, 107.91724429524804, 92.08638831898125, 76.48067996436198, 94.62365576671024, 61.351357387239396, 52.63822977788383, 45.71272050344463, 78.72500074810381, 33.735047546414, 33.26769569425029, 55.068574863224654, 28.232538705074813, 57.87156975816932, 102.33199071694754, 101.11823828502493, 62.24548526968659, 27.303940030790976, 16.219515602876918, 56.63347056104039, 87.77308491963925, 84.61539493348103, 98.38455249858752, 53.214008387434454, 77.9417470061896, 103.09100162526863, 41.90737087082109, 62.51158008444256, 51.857176869335085, 57.27696118922696, 94.67435769884584, 41.39335299181465, 87.98768440755259, 67.88310053572968, 94.5113281876864], [70.1730093019661, 0.0, 60.66043286529589, 68.75677789816663, 83.1229818211035, 83.9671609496532, 16.962892859821537, 44.6952118193147, 78.65223338661029, 29.77229711874132, 30.457601175642647, 85.17986828066765, 62.93069839949378, 23.324297522597742, 58.95232186052986, 53.27402174276945, 64.27800742723397, 47.44996375757471, 46.62090248082423, 58.29182335598464, 27.694756007978512, 56.980101341420585, 67.67362186779086, 71.92774344759924, 59.881003951570115, 24.482863837523237, 50.299589364181614, 95.33846026163266, 66.66967309695522, 65.92046939408164, 76.66779663076366, 77.60567898153059, 96.37128399951419, 58.03091277442433, 80.10474787390767, 34.67100528684778, 72.23904782938423, 65.84275940647471, 38.78751288768911, 84.27447839259544, 71.82472849266588, 47.353973389563315, 67.0015261542149, 67.14303053886987, 84.20359621666476, 59.211585968173786, 14.541374879228087, 95.35902045803564, 26.47942382369179, 77.41848226359075, 78.32155754684341, 39.10314269555005, 25.330076405789537, 79.4062813186751, 60.539194414334546, 59.56470521736479, 49.87556140511339, 31.11867004574201, 50.06391276268326, 58.58257214331476, 79.69212157029015, 18.243778916041645, 46.13147400104101, 79.66227989342505, 16.965150018468037, 50.90009274365026, 61.053330563498534, 31.999597067804157, 20.24803213158585, 30.13615064970348, 25.004034209984596, 29.472798502406715, 49.086987803042874, 63.52409232408953, 40.945774178212666, 50.78208985947528], [45.285717429086155, 60.66043286529589, 0.0, 68.20448141303247, 49.82998191067215, 71.77111002724851, 56.095031822260786, 26.668070365767775, 20.54915631496011, 36.85917765380116, 43.362913847996474, 36.8047371470365, 33.030051753893844, 70.68053219900361, 59.979652365085535, 13.301207949244521, 16.30549207164775, 17.34976228788649, 40.73184086913741, 22.540602289515558, 41.89171283357943, 60.3972733505405, 8.210307146595992, 62.75963439426562, 36.09855312573555, 39.68040106747687, 33.19872503930273, 34.845583626000646, 48.38825936227247, 62.67344473487256, 37.330865416432026, 26.71948221964321, 37.5761189959138, 28.883685340177305, 23.849158517001023, 65.00508989396232, 47.63890360326037, 46.8254950637855, 29.964834127534292, 28.78996429715236, 68.52001178104976, 24.844178266323574, 67.9255674513208, 48.792747441879385, 33.228917810908875, 54.38150185884762, 61.743473862084336, 35.86818909122697, 37.37358203153155, 33.64622523776797, 24.506789081646673, 48.31341372635241, 35.487834378313686, 29.676152780130064, 12.934184122744146, 63.86742695041745, 67.09728972055052, 34.174938907422224, 54.14114027605152, 50.26155170416118, 19.69135200002079, 72.28352756219623, 48.03180640741163, 53.48355373806569, 48.50606195414631, 38.094100769254595, 64.19592990051099, 32.01813668300018, 42.240162137962905, 30.5736506957043, 36.30328081953942, 72.05392184948272, 12.28867821914996, 45.06820259537735, 32.49589125479552, 57.93614687379085], [108.66584187458423, 68.75677789816663, 68.20448141303247, 0.0, 37.7991841066224, 17.4490865552879, 51.83010834078314, 79.96639270885382, 86.48309172800121, 47.91813852288602, 82.38515742255873, 56.3375651255331, 96.52942888246662, 53.945536610677046, 10.38172098273585, 74.8121509295367, 83.67876505549467, 72.94343302111422, 30.332229740992542, 46.07952372848678, 78.46130252661729, 111.62833899451844, 75.36823149359554, 9.753442166870201, 32.708021888017306, 51.99983189037759, 89.6165562823237, 91.90196768822301, 22.314211725185455, 5.551250246855711, 104.64438243726413, 57.6803731168497, 79.46275411974138, 39.66402294242317, 65.90528179277065, 37.27765547275128, 27.583168553184677, 107.82864458089952, 77.5269087411537, 66.20517285144571, 3.6660913976435556, 45.0645972624549, 2.007024456836018, 22.15385844755317, 59.48982240885788, 14.078216270346052, 81.74623609341151, 96.72477205690714, 71.48521691175125, 49.07373054107157, 92.26516724224452, 92.78677449447406, 59.51419643474332, 97.84897394906349, 56.14754233077133, 9.25005569335416, 21.853679145149247, 49.384026352156816, 103.74589099025616, 106.37494296990138, 73.803655665052, 61.682959590579955, 25.48879541676331, 29.205586966746445, 74.04878009737183, 30.843396903877277, 7.718035306437273, 71.62756991477475, 55.701199059465566, 60.177145566033445, 57.382193965344094, 48.62688250002282, 67.54911541744553, 24.387605082318746, 41.142682566973065, 18.02808650931979], [95.10918004793123, 83.1229818211035, 49.82998191067215, 37.7991841066224, 0.0, 29.440890190592498, 68.95460030339783, 72.19308259521067, 61.71653236343609, 53.93490950131757, 82.86133300621445, 21.32435313991022, 82.79678969097746, 78.00399765587485, 37.5304381564315, 61.51125734362176, 65.84392317964593, 62.7521639669976, 37.01147222497337, 30.61135377515399, 79.69154515952593, 107.26590271402385, 53.95957202170776, 28.13910968586353, 23.33171731288443, 59.40420081131863, 80.84461164338373, 60.78325896047868, 19.356459392300504, 33.81109859124139, 86.18666365347771, 27.333097906622168, 44.90108905181548, 27.09767977962797, 35.63869869949138, 63.26096405483409, 12.373191205092938, 96.38350105085975, 72.63529114170849, 33.789244280162336, 35.43323516300776, 38.87083528951455, 39.038087423070415, 19.096093363460415, 25.649289171750297, 32.00173887245982, 92.03614467332503, 66.89754942193947, 72.75724076207135, 17.612388566367375, 69.21138924535941, 91.37102691110957, 62.970065904677675, 75.85357725101584, 37.39341569937773, 41.07442330580585, 53.11076069080911, 53.399849937522525, 100.05496542822478, 98.5763154765949, 45.45949615945207, 84.07236882136574, 40.274259480552125, 8.730762728675835, 80.36923098733453, 32.31915371624455, 40.077164867254005, 69.95244603167255, 63.94260644945303, 60.60354405521831, 61.74999287146035, 74.96405716445162, 56.08477303560108, 21.012002391875637, 42.68698272218437, 43.14754717211843], [115.3302235998871, 83.9671609496532, 71.77111002724851, 17.4490865552879, 29.440890190592498, 0.0, 67.30761637885632, 88.3455173148861, 87.5320936072125, 59.847278282075465, 93.80140731449575, 50.566275117462595, 102.91348804360446, 70.90000003393429, 25.356489624058717, 80.8165321419148, 87.99376879369393, 80.14858969159317, 40.61305721179519, 49.35488164802493, 90.03227584833351, 121.90277645738757, 77.80186843477962, 12.126406642166161, 36.18052577643626, 64.63276175141567, 97.85772922258512, 89.3381741308309, 23.703337593361184, 18.311372842456084, 109.0928289244967, 54.89298694926616, 74.25251729638735, 43.27718122825723, 63.447632996667735, 54.251120207480085, 24.571762239616824, 115.35138043430793, 86.91879701941004, 62.433512823272586, 13.784169348673524, 52.1256430656265, 19.451435821408356, 23.245688749859625, 54.6241963484919, 25.00298568624913, 96.14207509271999, 95.04548434673073, 82.86983803732737, 45.20982064359736, 94.2981482901193, 103.78453912339262, 71.18948810321432, 100.50466933764184, 58.90028667008237, 26.043766818999167, 39.220654231824234, 60.70909003575132, 114.14288776467535, 115.305785151605, 72.64835777762102, 78.47139579889624, 38.306104248349456, 21.284331881873378, 87.13494894181174, 38.93690163244496, 24.4677957608255, 81.99502206241482, 68.77801898252623, 70.83289790763789, 69.26888236459428, 65.82774780079085, 74.0277757849221, 27.368593120726388, 50.86084869117973, 33.69125119941773], [76.64694994841155, 16.962892859821537, 56.095031822260786, 51.83010834078314, 68.95460030339783, 67.30761637885632, 0.0, 47.85237935280045, 75.9702512415002, 19.760873483229666, 39.37870674189184, 74.03751056825918, 67.26051613053203, 14.824188993743805, 42.1340667932254, 52.34170450128071, 63.89755449036842, 47.10713604262327, 31.943148433382518, 47.76630044268446, 35.63971801869848, 68.77106458219846, 63.98456436475505, 55.35455451498186, 46.304751541353674, 16.45063488816172, 55.71797756901521, 90.67278739784, 51.356521070718, 49.143011498174154, 79.98804336012292, 67.74398981967634, 88.4833904741525, 45.970146569482054, 71.76793564231268, 18.740464258117772, 57.41727316877172, 73.32189096767344, 42.56993098109779, 75.36567129648486, 54.94251650858805, 37.05344205652682, 50.059041222191226, 51.80159438988686, 73.83837040871656, 42.81325792214738, 30.697469548407803, 91.94430921431562, 31.003098127676385, 65.77879019636245, 77.39829887673888, 49.63840434172816, 22.82078621081736, 79.9078596077429, 52.46501678595457, 42.62133242245432, 33.13367371632584, 22.196469636124597, 61.20575230610379, 67.8289348854149, 73.36914821419978, 16.761079002320848, 30.094120297889997, 64.58731005480072, 26.884627742272308, 36.75554448055515, 44.11910363225509, 34.92435686642416, 14.93665618974587, 27.39390428658558, 21.072722021630945, 18.060798112724655, 46.3738088768367, 48.52308902118993, 29.102873944950012, 33.900976969367726], [29.866408447651736, 44.6952118193147, 26.668070365767775, 79.96639270885382, 72.19308259521067, 88.3455173148861, 47.85237935280045, 0.0, 37.50367437564622, 34.79928708194736, 18.639642827927585, 62.72214380082164, 19.432343592516872, 62.19365649847928, 70.05714869767044, 13.660011345330211, 21.329178268725578, 9.737239183550969, 49.634932791892716, 41.67693064908074, 18.796989097793055, 35.09258062393289, 29.79277062272529, 77.38342464617968, 52.800917760230206, 33.69418665160883, 9.650234150429684, 56.0019012391504, 64.90758418942988, 74.90165093445809, 32.37112210614847, 52.76350651360275, 63.36379326866021, 46.39302284229861, 50.51590035993233, 63.136171158042075, 66.62715908569109, 28.03572204980376, 5.929699237988466, 55.45790864926413, 81.41397428712126, 36.23204728210098, 79.06049062007506, 65.39979218628929, 59.52774291598684, 66.09396631525561, 40.42877121012693, 54.14536628449668, 18.252819878896773, 58.167804221848655, 35.02904959611938, 21.68972898283195, 25.50402092755811, 35.0378435557602, 35.782669365184105, 73.11100537902156, 71.2919810046054, 32.41274572801537, 28.117094327886676, 26.996629113198708, 45.26877465839769, 60.798502371409356, 55.27476680986522, 73.67041138411693, 28.605586958073232, 49.78562658708414, 73.97008777559472, 13.122225137018388, 33.209040691635884, 22.014048568481453, 27.63791426806923, 65.8868089415116, 16.332658424353784, 61.13287865977136, 38.83421062576948, 65.00823405633861], [41.12435600454946, 78.65223338661029, 20.54915631496011, 86.48309172800121, 61.71653236343609, 87.5320936072125, 75.9702512415002, 37.50367437564622, 0.0, 57.14399735363196, 56.13408985827457, 43.21749839899622, 31.832266852721386, 90.70224319961716, 79.05596661326626, 25.592331406678763, 16.412101042537458, 31.46293369908544, 60.68895878247602, 40.50531303556186, 55.9043472270858, 63.98869879325523, 12.338849478532106, 79.96113419924194, 53.782483162285565, 59.52583406587449, 39.26087125328989, 18.756843338217497, 65.2780992438667, 80.93670807629427, 27.559404783172, 34.58019657546815, 31.26217411207567, 46.86904879343211, 27.075435113318985, 85.54898879304038, 62.96306484463295, 45.09567499869328, 42.77243956625024, 30.84548767446307, 86.33019733382562, 45.06986538581869, 86.4428081418852, 65.60810047522736, 38.57248995360796, 73.11497814675603, 77.25806099242394, 16.839165825718503, 53.26361298105316, 44.11214907381615, 8.108267972922011, 57.663531741353566, 54.28941532552464, 14.945940919055722, 30.509194126333377, 83.08352458166627, 87.28256903541426, 54.41374620140911, 59.688898954693215, 52.19895645508631, 17.14341393372535, 91.75485159995966, 68.07189143040834, 67.4039668734617, 64.5351743623103, 57.536614163818385, 83.25184823973511, 47.53089192322441, 61.60729648264032, 49.33808582161193, 55.4697278826541, 92.3811028510677, 29.8666456659335, 62.41285188774429, 52.97988032353503, 77.79099738869898], [64.66118722491095, 29.77229711874132, 36.85917765380116, 47.91813852288602, 53.93490950131757, 59.847278282075465, 19.760873483229666, 34.79928708194736, 57.14399735363196, 0.0, 34.47134020756646, 55.60756476026837, 53.647709539913244, 33.94828971235243, 37.56298372923022, 35.262132409159626, 46.62546662740671, 30.901794256930046, 19.37811438777092, 28.813424947311425, 30.56219117802557, 63.856955732123744, 44.934779793352, 47.860991193338855, 30.60680227530359, 5.469780176342487, 44.09122218159879, 71.111908732647, 39.172795238165634, 43.54423413600336, 64.90018156659323, 48.57017003163086, 68.81385670994956, 28.262924259607647, 52.13723645793958, 29.407901524706627, 43.83986316501084, 62.59684207867166, 31.001024943202815, 55.88134182630484, 50.092543016969586, 17.860911068458183, 46.651958096752345, 39.678648656243325, 54.93388919796687, 35.19796710442403, 38.22581487865974, 72.69682265705187, 23.569142732307554, 47.70368779813045, 59.411369141249644, 44.88140670628764, 11.596459265596533, 62.725334650102994, 32.7332685559152, 39.92628353484843, 36.54195780859435, 2.7745116845879005, 55.9603062158803, 59.54303373467788, 53.62881596405861, 36.46514024496744, 22.433235536333008, 51.43767842668652, 27.541584907225385, 22.480745106946856, 41.03109659116678, 24.23291755912233, 10.008007052947942, 12.996283215968354, 9.50218888346066, 35.23719997591514, 28.452054636953722, 35.63495887935765, 11.290852184412948, 31.20761998663841], [39.77820639147603, 30.457601175642647, 43.362913847996474, 82.38515742255873, 82.86133300621445, 93.80140731449575, 39.37870674189184, 18.639642827927585, 56.13408985827457, 34.47134020756646, 0.0, 77.10733983295029, 33.63853696808977, 51.770175215612475, 72.02116960678356, 31.497258275231, 39.950963315484124, 26.19673113776501, 53.224105569005204, 52.709786692840545, 3.9885447542131827, 29.958167219071058, 47.81842914743363, 81.99611957668787, 60.91305250761352, 30.67506623101539, 20.824163748181213, 74.56264911790657, 71.73266651070492, 77.98743047779612, 47.64806789934866, 67.59605816725504, 80.85378361349571, 55.812013755578455, 66.80618284483319, 57.396485005207246, 75.04933537400035, 35.39026283645221, 13.632195098218832, 71.65477750947174, 84.54796013125126, 44.176779364520705, 81.09471796623976, 72.24608961253354, 74.54220682205772, 69.53053131709545, 22.644017300970432, 72.78261863683258, 10.952887602996409, 71.27516840172858, 53.48268610584179, 10.624184238770608, 22.87603454237368, 52.84318163845652, 49.61012381875199, 74.24778586780977, 69.0593981419426, 33.20156144003399, 22.147356146420474, 28.64612670905523, 62.79605030784733, 48.34419962309656, 56.904225789584764, 82.55998553054418, 13.590709401022956, 55.1440359511579, 75.41000329067815, 12.96446775610568, 27.76225625905273, 23.07591650472729, 25.008325455790594, 56.80192436759646, 31.37113536267667, 67.97250164552548, 43.050699335450894, 65.36480776232642], [80.67915950193873, 85.17986828066765, 36.8047371470365, 56.3375651255331, 21.32435313991022, 50.566275117462595, 74.03751056825918, 62.72214380082164, 43.21749839899622, 55.60756476026837, 77.10733983295029, 0.0, 68.96171264797158, 85.85934522608522, 53.23561907502513, 49.9773191447509, 50.998480517302404, 53.00210629929434, 44.404308468000465, 26.890328702734735, 74.6775838664625, 97.14601986153885, 38.18956922093345, 47.28678045731374, 29.91240815197352, 60.727297710518464, 69.95749011987819, 39.693766923786995, 34.57521512345952, 51.49978622391673, 69.64998605041404, 10.086914676637889, 23.703453212661007, 28.14258891717428, 16.14207441265631, 73.59854677706531, 28.758454360609665, 83.00391046256485, 64.8247697097604, 13.011426901891484, 54.640693040487186, 37.83100747905181, 57.177550978350084, 34.60101184121212, 4.726025740294536, 46.90881347508416, 91.06026356808182, 46.05907679996968, 68.54353508223363, 8.572432067741506, 51.17545105774445, 83.83789474684328, 61.4283077010815, 58.017789776935345, 27.50418152750879, 57.28124447235967, 67.18288639657864, 54.06592061131815, 90.68519475010572, 87.0413956317227, 26.14310269233091, 90.5104247383168, 50.27937772922503, 29.326272256515082, 78.18687744417325, 39.246163539606066, 56.668358105879754, 64.37377370394287, 64.94515860482579, 57.70502559269824, 60.93967333521513, 84.324687253348, 46.60142273130962, 33.94275049340524, 45.00015436398581, 56.53481721117489], [12.447958068620407, 62.93069839949378, 33.030051753893844, 96.52942888246662, 82.79678969097746, 102.91348804360446, 67.26051613053203, 19.432343592516872, 31.832266852721386, 53.647709539913244, 33.63853696808977, 68.96171264797158, 0.0, 81.50478918538631, 87.0548302792738, 22.096955952776934, 18.08700641893531, 23.69775302222399, 66.5216697068441, 53.92779910416812, 35.49081876293325, 32.31222330876813, 30.96013737374914, 92.76728054182585, 66.73556559837276, 52.98832135637499, 12.822095041509296, 49.904405305390206, 79.2108521956039, 91.2264900137258, 14.017346691239588, 58.98129559551521, 62.574684654372916, 59.70618126442325, 54.03833089236366, 82.42624208721809, 79.60694033978045, 14.069945849691365, 24.795590604197194, 58.76189194713442, 97.56851803441941, 51.556059117669484, 95.83365129079337, 79.66795269342273, 64.90215600247465, 82.46422803564462, 56.22910874954561, 45.78624770594985, 37.033948046448586, 66.60863623764551, 25.617562001957847, 30.31217074329567, 44.90687098909391, 22.01106248049078, 45.49032217361994, 90.41507848678455, 89.82268348892349, 51.10937611724152, 28.908190293488193, 20.396477894872426, 45.877070035073004, 79.74619010825155, 72.8127510096342, 85.9574154218515, 46.15829373612061, 65.73704114960651, 91.12316510762793, 32.38838024909618, 52.640056752910276, 41.19207496021556, 47.007760137417556, 85.30603373708632, 29.07312845065819, 75.58466620224033, 56.00221317625404, 82.79384578335065], [90.36644584559589, 23.324297522597742, 70.68053219900361, 53.945536610677046, 78.00399765587485, 70.90000003393429, 14.824188993743805, 62.19365649847928, 90.70224319961716, 33.94828971235243, 51.770175215612475, 85.85934522608522, 81.50478918538631, 0.0, 45.79724042297774, 67.15917779772649, 78.71316056799282, 61.887918737617696, 41.87756024891619, 60.51978850701202, 48.34523963999893, 79.91243129988675, 78.647069376555, 59.713833753816466, 56.74332259795562, 31.19140441159943, 69.6074246904753, 105.05988517699429, 59.191834358761554, 52.712845136356385, 94.48347051221701, 80.45405009454987, 101.90283785049724, 57.77921033542111, 85.15630977894607, 16.672690223156614, 65.85630186012835, 86.67855547624262, 56.71479779332745, 88.45861204328011, 57.4613430080424, 50.270245612683844, 51.98097079051057, 59.567280173313584, 86.16923993752977, 48.428930475974006, 37.6257566290106, 106.54871830412482, 44.702826402027775, 77.38426073002992, 92.22050896175277, 61.405918607244416, 37.551061792150556, 94.70696750501982, 66.222334932745, 44.901657837531104, 32.47077428634806, 36.552558337381434, 72.7243664074238, 80.40972508939045, 87.44490156168729, 8.04178833011279, 37.73669136506932, 72.40551386018262, 38.38465182034535, 47.03342929515735, 46.4828045601899, 49.12209989832158, 29.700216359902406, 42.19610151231261, 35.871135159438886, 6.637424278099604, 61.181362495307226, 57.01129558562436, 41.853904907815284, 37.641304445358166], [99.06430479274066, 58.95232186052986, 59.979652365085535, 10.38172098273585, 37.5304381564315, 25.356489624058717, 42.1340667932254, 70.05714869767044, 79.05596661326626, 37.56298372923022, 72.02116960678356, 53.23561907502513, 87.0548302792738, 45.79724042297774, 0.0, 65.60201496659761, 74.96647673632062, 63.38072135950592, 20.544385939980963, 38.604557787864344, 68.09210170544324, 101.33236778046765, 67.49851625817126, 13.924845194369905, 26.067647474575505, 41.61871133384007, 79.69863514916021, 86.12049024605254, 18.896032289693327, 7.050842375144555, 95.73122001777459, 52.82249696503216, 75.32680706809523, 32.37001524719557, 60.59130966855068, 29.281296356667866, 25.611134722156805, 98.01545261911538, 67.41856132959852, 61.59513505388872, 12.975308744511103, 35.97302213774385, 9.111932844391257, 18.981468718109937, 55.727885723008264, 6.426443103565623, 71.65588581956077, 90.43878205759174, 61.132113671887964, 45.23380582387092, 84.35368888575815, 82.44186911857946, 49.15626877641391, 89.6368076298793, 48.54685555733324, 4.179431268751542, 15.920794463697934, 39.08423970499698, 93.44427745300791, 96.2753405745637, 67.6223109993095, 53.226558607093295, 15.156623704499458, 29.82758591846361, 63.70849399575573, 21.93941331572878, 4.21645789077102, 61.380006428128034, 45.341313263940414, 49.92460381692346, 47.014539553487545, 41.10541689066232, 58.26008792318522, 19.367990910592, 31.24948664730877, 8.335188539874778], [34.522558307830685, 53.27402174276945, 13.301207949244521, 74.8121509295367, 61.51125734362176, 80.8165321419148, 52.34170450128071, 13.660011345330211, 25.592331406678763, 35.262132409159626, 31.497258275231, 49.9773191447509, 22.096955952776934, 67.15917779772649, 65.60201496659761, 0.0, 11.557802242926138, 5.873515902891996, 45.20384501141444, 31.952879526488864, 30.72225529033624, 47.168711441122014, 16.32698964296492, 70.73741127255413, 44.63905231969813, 36.2783290228565, 19.986653761097973, 43.39929536937, 57.11396256077955, 69.43771151577317, 30.394517494873572, 39.91200677427407, 49.726774335595515, 37.626405298307475, 37.035449730624315, 64.6649765768755, 57.62279651851649, 35.02352775838792, 17.866016776864548, 41.98356322799101, 75.70106885942687, 29.747683649299546, 74.2133617975898, 57.57100837674162, 46.504158249051834, 60.734525492305316, 51.78660287853727, 42.426355420682164, 27.673682705689426, 46.22867576007034, 25.2736474280206, 35.33491621151756, 29.766707376424023, 27.630956581905394, 24.168563064374283, 69.13405573870645, 69.85953649627363, 32.510095017083756, 40.840502164036685, 37.35840360100915, 31.624905120461158, 67.30905437130166, 51.89088602649336, 64.13786159960617, 38.956904954233956, 43.96876179484315, 69.73784212410497, 21.945172703697693, 37.49640011925772, 24.980077496695994, 31.301380106007112, 69.70928340106377, 7.390857105485825, 53.49210787997868, 35.10723980485474, 61.975656032032234], [29.710404160638667, 64.27800742723397, 16.30549207164775, 83.67876505549467, 65.84392317964593, 87.99376879369393, 63.89755449036842, 21.329178268725578, 16.412101042537458, 46.62546662740671, 39.950963315484124, 50.998480517302404, 18.08700641893531, 78.71316056799282, 74.96647673632062, 11.557802242926138, 0.0, 17.012854001434047, 54.9592583648166, 38.659334359049836, 40.00866859120388, 48.869752368441, 12.880699505161097, 78.71559473605659, 52.106250644471636, 47.81974812967128, 23.050231269722623, 35.14403149808676, 64.50157950515292, 78.19413122269565, 21.128175533015963, 41.09252604272831, 45.26347374086631, 44.891806951197125, 35.95132531675069, 75.97965071750137, 63.93796277411936, 32.152984727606814, 26.865350819309644, 40.683991293092724, 84.22335776338251, 39.054340963169665, 83.25977537679344, 64.91952852110953, 46.867124915982394, 69.68845143424997, 61.56787085017594, 32.846263780432096, 38.14321465558417, 49.12873437897101, 14.055565212274093, 41.27385193826821, 41.27866921659189, 16.114232132081863, 29.237927619393723, 78.68949944066868, 80.42799862246642, 43.85821914014391, 43.9160383236871, 37.53747941502601, 27.996921994715734, 78.75968620736862, 61.96013193132099, 69.7632183858467, 49.21799726662537, 53.051871165613875, 79.16077756254046, 32.43445165835901, 49.03957786149836, 36.52501024321924, 42.848980606038836, 81.24818328158099, 18.227773202489676, 61.09164125776659, 45.439173137231535, 72.038543829332], [35.7224243086846, 47.44996375757471, 17.34976228788649, 72.94343302111422, 62.7521639669976, 80.14858969159317, 47.10713604262327, 9.737239183550969, 31.46293369908544, 30.901794256930046, 26.19673113776501, 53.00210629929434, 23.69775302222399, 61.887918737617696, 63.38072135950592, 5.873515902891996, 17.012854001434047, 0.0, 42.83959677624223, 32.410971042345096, 25.125009497475535, 44.69340016666684, 21.792186010202755, 69.57928901098515, 44.19000766307764, 31.338214836035924, 18.151553100774112, 49.15686331153567, 56.51794020301532, 67.69463537594818, 34.0122754215459, 43.066879831009004, 54.67686037455046, 37.4959309425404, 41.13029368120164, 60.24290077044258, 57.738830227291096, 35.2221005544902, 12.653338008929682, 46.0522082240942, 74.0979290773021, 28.198654715075374, 72.20203047171431, 56.996596914292375, 49.862937860808835, 58.90450954059198, 45.99117306482409, 48.29403837330811, 21.81100474583808, 48.45576383654627, 30.954309974642165, 31.079934733279067, 24.357755341515066, 32.834904058172036, 26.071507153724898, 66.71896386652865, 66.43654573186564, 28.21563848242046, 37.83592211665919, 35.914795088838126, 36.603588689262764, 61.75627440337293, 49.1278245700541, 64.60340710949468, 33.10419566465536, 42.249407123366254, 67.43596819685573, 16.090390771875185, 32.18790710046076, 19.726492060021645, 26.036631316987076, 64.69927455538354, 6.680240230463414, 52.794373786990434, 32.307442014710986, 59.13164876666598], [78.52044448970504, 46.62090248082423, 40.73184086913741, 30.332229740992542, 37.01147222497337, 40.61305721179519, 31.943148433382518, 49.634932791892716, 60.68895878247602, 19.37811438777092, 53.224105569005204, 44.404308468000465, 66.5216697068441, 41.87756024891619, 20.544385939980963, 45.20384501141444, 54.9592583648166, 42.83959677624223, 0.0, 21.850479238296963, 49.430427108469395, 81.79217843990004, 48.646929446275344, 28.776275769933093, 14.86685002711062, 24.46199092668861, 59.28494098812538, 70.32353233416585, 20.16470636164393, 25.345717347335874, 75.47830862397085, 40.35488162421531, 62.900136669514424, 17.11142037406403, 46.610963518893406, 29.312987612885333, 25.651029837971898, 77.5287459517474, 47.293556272527645, 48.960774582020505, 31.90851946581115, 15.983000508145, 29.44985842016062, 20.654408831704192, 45.28004334913022, 16.590688142127675, 56.99809340304373, 73.70205814736957, 42.279439803786126, 35.84361204810983, 65.2349655574004, 63.327512145252676, 30.581960253396552, 70.10097012888974, 30.73140321438152, 23.939231179920387, 26.69093733246749, 20.097043655246488, 73.95437624307804, 76.10721812167164, 51.640674915012426, 47.3542654975441, 7.408149833143992, 33.04137970143821, 46.896545828085095, 5.182353416270469, 24.60301705236107, 41.725940010394844, 28.849039093900764, 30.384399571423174, 28.696045225590147, 39.93956126658029, 37.830810533182635, 16.906298507843257, 10.81637473387255, 17.208985156083603], [66.37558097503094, 58.29182335598464, 22.540602289515558, 46.07952372848678, 30.61135377515399, 49.35488164802493, 47.76630044268446, 41.67693064908074, 40.50531303556186, 28.813424947311425, 52.709786692840545, 26.890328702734735, 53.92779910416812, 60.51978850701202, 38.604557787864344, 31.952879526488864, 38.659334359049836, 32.410971042345096, 21.850479238296963, 0.0, 49.773734391820724, 76.70087170302487, 29.314648638428125, 40.239225304612816, 13.588022437065701, 33.8554913910021, 50.56250857931767, 48.550981623887914, 25.857098282421227, 40.52835061970915, 59.77956225834254, 19.99554970031452, 41.667322661416435, 6.425796574073718, 25.06047484083467, 50.361120207170266, 25.681324803231494, 66.94290784174689, 42.036487537525886, 27.983032029584777, 46.161314689427485, 10.965327690574766, 45.968451097304545, 26.26818344228377, 26.14400726204423, 32.61032448144105, 64.5441582959403, 52.232960981546, 43.11095830091253, 19.416945819752073, 46.20087222654169, 60.856597393056326, 34.83094742988837, 51.92646241465919, 10.068202349893967, 42.67615269503511, 48.26492025587276, 27.185013939203888, 69.44885598532913, 68.3257590194733, 29.85012926613275, 64.45364847459324, 29.11294286454763, 32.255596426461054, 51.946613328237035, 17.69389865595565, 42.78420690433203, 39.74554133094458, 38.05484880286042, 31.499817670708484, 34.18211627815822, 59.913948384937434, 25.823363044051735, 22.535275483589484, 18.73606178840794, 38.116817301261484], [42.5371266200914, 27.694756007978512, 41.89171283357943, 78.46130252661729, 79.69154515952593, 90.03227584833351, 35.63971801869848, 18.796989097793055, 55.9043472270858, 30.56219117802557, 3.9885447542131827, 74.6775838664625, 35.49081876293325, 48.34523963999893, 68.09210170544324, 30.72225529033624, 40.00866859120388, 25.125009497475535, 49.430427108469395, 49.773734391820724, 0.0, 33.93560399811681, 46.914985207755684, 78.18798308596568, 57.49862144808968, 26.696762191142252, 22.725045663176253, 74.08296150041534, 68.13050298148175, 74.098508953507, 49.4068864330912, 65.32851416133462, 79.46758157341739, 52.601458945459015, 64.97991668166107, 53.51980098808167, 71.60661691573178, 38.44903823733322, 13.155014099194148, 69.77096063220101, 80.65257158630236, 40.8864059179321, 77.15784635875345, 68.64423537536425, 72.28645326462359, 65.67530389302013, 21.634172507401008, 72.67809810458438, 7.18407232392873, 68.58688827902793, 53.81702716869321, 14.610191597259705, 18.977760489710622, 53.68283440501649, 47.25100496857837, 70.28939884406675, 65.0770654493978, 29.366100831048144, 26.10958754548877, 32.21791426030567, 61.50441531385098, 45.2687107948231, 52.9889783500785, 79.1484381258515, 10.745920296303492, 51.47892133714388, 71.45922084130048, 10.315594497659875, 23.780153680019673, 19.48300076790225, 21.07930813465999, 53.21706911265645, 29.68941921018347, 64.38558031866852, 39.37264012129128, 61.395391761218214], [27.51958426505323, 56.980101341420585, 60.3972733505405, 111.62833899451844, 107.26590271402385, 121.90277645738757, 68.77106458219846, 35.09258062393289, 63.98869879325523, 63.856955732123744, 29.958167219071058, 97.14601986153885, 32.31222330876813, 79.91243129988675, 101.33236778046765, 47.168711441122014, 48.869752368441, 44.69340016666684, 81.79217843990004, 76.70087170302487, 33.93560399811681, 0.0, 61.031135116919096, 110.42665583822513, 87.22812715502413, 60.47106970497119, 27.198797949663007, 82.21488132552638, 98.95269970337033, 106.98945298656456, 42.44843737784242, 87.0786497646776, 94.1304973148938, 81.14693443508982, 83.68528652505515, 87.1344632524993, 101.25860606547799, 21.574859600815127, 35.15125451854806, 88.59730038057076, 113.57307275908771, 70.35356721493741, 110.44169918103938, 99.45768853687693, 93.62255846725563, 98.34368840075894, 44.33500564088567, 77.98781187159454, 40.430126238790834, 93.09307352968987, 57.916452486155556, 19.345630468264748, 52.35051708119794, 53.77580550573567, 70.7327108537452, 103.78313035025147, 99.01089140967514, 62.24941954029557, 7.897750391415817, 12.051172889556405, 76.6977192325745, 75.17332853112964, 86.17634070275207, 108.46285705941153, 41.94872008323445, 82.96669226557606, 104.88026510915265, 40.07019483951865, 57.71522778384347, 51.48055170764451, 54.580498776430424, 85.50266498059285, 51.363628256677444, 95.15232962585281, 71.16242040189378, 95.01082627187573], [42.49325854449513, 67.67362186779086, 8.210307146595992, 75.36823149359554, 53.95957202170776, 77.80186843477962, 63.98456436475505, 29.79277062272529, 12.338849478532106, 44.934779793352, 47.81842914743363, 38.18956922093345, 30.96013737374914, 78.647069376555, 67.49851625817126, 16.32698964296492, 12.880699505161097, 21.792186010202755, 48.646929446275344, 29.314648638428125, 46.914985207755684, 61.031135116919096, 0.0, 69.41532890484974, 42.85946897020933, 47.53739985769197, 34.296323169810385, 27.719979048077207, 54.83865295360744, 69.81898587108674, 32.23123757712987, 28.376797454379346, 33.72105757260727, 35.74044081898429, 23.091146055626982, 73.21290204087354, 53.34292208594755, 45.02926475012992, 34.18628548499212, 27.868095286076176, 75.47005318245319, 32.87747175915652, 75.1982853918483, 55.20996317556327, 34.003928249777175, 61.72864771456921, 67.61975985898447, 28.009322126407337, 43.25293562196928, 36.82431773669675, 16.898470368851328, 51.27012729595481, 42.8069174204574, 22.731082305760655, 19.263477809991524, 71.45681601038127, 75.13888589431845, 42.224993434619556, 55.516501487671185, 50.04054054947104, 15.779680024278882, 79.99797030969614, 55.994863851590885, 58.58065873205194, 54.54691564072524, 45.74693144325319, 71.7114296693233, 37.640606022672095, 49.8642302840936, 37.84843564134739, 43.810389672753686, 80.16170241141045, 18.59400808757709, 51.71823491815314, 40.67241727476715, 65.8184002609303], [105.1031813087916, 71.92774344759924, 62.75963439426562, 9.753442166870201, 28.13910968586353, 12.126406642166161, 55.35455451498186, 77.38342464617968, 79.96113419924194, 47.860991193338855, 81.99611957668787, 47.28678045731374, 92.76728054182585, 59.713833753816466, 13.924845194369905, 70.73741127255413, 78.71559473605659, 69.57928901098515, 28.776275769933093, 40.239225304612816, 78.18798308596568, 110.42665583822513, 69.41532890484974, 0.0, 26.661289862452747, 52.571312235582646, 86.97638940245531, 83.99577883901452, 14.687963148567396, 7.304432243730868, 99.83334232123784, 49.47583951535659, 70.69607121016702, 33.87704099208291, 57.8857521318897, 43.20364994588412, 18.654251261886138, 104.78277842023402, 75.62192389699905, 57.76732257984319, 7.378579070976492, 41.383176366467936, 11.235688167745609, 14.376280654833456, 50.68972641600206, 12.877188733973007, 84.01913652644441, 89.15148042556106, 71.0478521458394, 40.43718708922673, 86.21309378648054, 92.09150528808064, 59.28073726097475, 92.11292069474678, 50.18429070744146, 15.67721128678902, 29.141970246717516, 48.82610063903679, 102.620884752259, 104.23112485764138, 66.30927171245337, 67.09438069505407, 26.179923655183494, 19.491060859273777, 75.0585220405362, 27.622477971520578, 14.228275110243105, 70.40690004004941, 56.68320565873927, 59.13358103974579, 57.318729757961684, 55.00554495593133, 63.71110075520946, 17.710476013034036, 39.26568054845802, 22.12540874302346], [79.15799993879901, 59.881003951570115, 36.09855312573555, 32.708021888017306, 23.33171731288443, 36.18052577643626, 46.304751541353674, 52.800917760230206, 53.782483162285565, 30.60680227530359, 60.91305250761352, 29.91240815197352, 66.73556559837276, 56.74332259795562, 26.067647474575505, 44.63905231969813, 52.106250644471636, 44.19000766307764, 14.86685002711062, 13.588022437065701, 57.49862144808968, 87.22812715502413, 42.85946897020933, 26.661289862452747, 0.0, 36.0752311787262, 62.13884643936412, 60.05397363403335, 12.48644013030006, 27.16774231649998, 73.23376055978852, 27.306045707837637, 50.06145501689921, 7.220215204638535, 34.68425431591395, 43.737025589466285, 14.153391890098197, 79.29998532428127, 52.08625383494452, 36.12332081744451, 32.62150656766653, 16.925276621467436, 32.739708579569225, 12.936195232880857, 31.309309827920025, 19.766925339562835, 68.75520820517768, 64.42914535945583, 50.40181149240909, 21.351632001994652, 59.720747636993416, 70.10303774358594, 39.989521322057286, 65.50716550785062, 23.59660258177534, 30.237169260364684, 37.98997441350132, 30.15280717129598, 79.67074641342157, 79.78352944710053, 41.57160491073912, 62.09994146559965, 20.36770834490301, 21.6510005371692, 57.317398880791096, 9.718908541304062, 30.116543524961042, 48.26465169057525, 40.61480050033573, 38.08592515364471, 38.63193824886734, 54.69833133279976, 37.926725106836656, 8.985493011754585, 19.384548804374116, 27.355925748824056], [63.42078934543936, 24.482863837523237, 39.68040106747687, 51.99983189037759, 59.40420081131863, 64.63276175141567, 16.45063488816172, 33.69418665160883, 59.52583406587449, 5.469780176342487, 30.67506623101539, 60.727297710518464, 52.98832135637499, 31.19140441159943, 41.61871133384007, 36.2783290228565, 47.81974812967128, 31.338214836035924, 24.46199092668861, 33.8554913910021, 26.696762191142252, 60.47106970497119, 47.53739985769197, 52.571312235582646, 36.0752311787262, 0.0, 42.5398243429203, 74.35734569075527, 44.44546587054738, 47.88699698468505, 64.96737289074204, 53.39654451967983, 73.09499424522063, 33.63322315075953, 5