instance_id,num_cities,city_coordinates,distance_matrix,best_route,total_distance
1560,44,"[[13.831611058408487, 72.01915577213713], [58.529856915367006, 40.20055769909921], [22.37347902620167, 42.56570446304323], [68.99332492010134, 87.73352678034156], [47.809099508015294, 74.37616574956701], [24.040302754558883, 13.260170290454065], [60.01500718659189, 37.112095141631926], [89.68111658603118, 41.945376924007206], [93.04093301111055, 95.98420662939358], [78.71820460255461, 65.0911061521091], [99.77971341405821, 81.83799989989517], [16.30870982646666, 15.584387496716989], [18.419757665489357, 71.20845515587335], [50.001834397437705, 60.11901109705941], [43.22621155980618, 92.30955357648942], [24.819827663885864, 45.883539673020366], [32.474135100442844, 6.521829367241017], [36.432503636543636, 32.366419332874706], [26.676280156669353, 17.135240327860412], [53.688768721582456, 1.1653305238457645], [29.652097462832128, 94.45307863646114], [83.5794347215285, 96.85731162003586], [78.72923384762814, 96.55399039024523], [28.851366182184325, 67.8335808331411], [35.02466606541182, 51.277259617687854], [13.315398879088946, 23.02426567162862], [32.665438024718654, 85.15026417880092], [87.28132301622163, 36.82692383835978], [22.73943377110258, 28.084418416916023], [78.82110986834917, 9.216066662236088], [5.135191562811803, 33.0291090854908], [51.574674421352306, 10.261345434821155], [31.80534613318041, 62.071069282769805], [67.61947618568131, 88.08436010674386], [89.55283885723992, 98.54499406830945], [1.1021240020914869, 4.612253942337352], [76.36366130873448, 93.05091694439066], [93.3777467757825, 62.38631271423125], [5.446998751678089, 85.36066603336904], [70.50543667066307, 22.068697662340952], [29.813154906838125, 81.37103212592537], [72.87059472026421, 88.9052802210936], [71.77457455943835, 38.548485870300745], [74.93000440942316, 70.60478765609413]]","[[0.0, 54.86671455466093, 30.66707195668305, 57.35639574051681, 34.05914293368035, 59.639213282736144, 57.89135479321997, 81.59399281191656, 82.75530404027103, 65.25540508878017, 86.5071442052184, 56.48910592855124, 4.659219331312721, 38.077532741539784, 35.71754165246586, 28.351566677157365, 68.09877729333569, 45.641426932667365, 56.366920252381476, 81.29488033881664, 27.45120553190685, 74.03845549217104, 69.38054160519187, 15.592051871006014, 29.654204366528308, 48.997609441430754, 22.95950884022715, 81.44540119102182, 44.82867890037637, 90.3762300459222, 39.94810950057905, 72.37793841827137, 20.54311508359964, 56.13577491459754, 80.23293860178129, 68.59832545338995, 65.9741789377936, 80.12726984582171, 15.757462345972192, 75.54449533160405, 18.516677215845796, 61.4063741864842, 66.91541498757499, 61.114761778501546], [54.86671455466093, 0.0, 36.233652607474156, 48.67101100618767, 35.81768871670094, 43.76429846277903, 3.4269917270102472, 31.20008610880356, 65.595959183966, 32.048537948405794, 58.61081175164904, 48.87311220840359, 50.6982225183966, 21.667301489410757, 54.30975062103166, 34.18570397478495, 42.581185767282506, 23.444972720612764, 39.3275885067749, 39.33427380191027, 61.459425795050855, 61.947309167747626, 59.86421472404936, 40.551162495372495, 25.984366882533088, 48.367057211776896, 51.85985226706943, 28.94871686923136, 37.785648333074306, 37.03746253748167, 53.87411218135279, 30.736476612171177, 34.53286483161624, 48.73889321161924, 66.07948746628257, 67.56087530399572, 55.77817719769316, 41.31081157899353, 69.69379610545907, 21.729676915868954, 50.196184504169175, 50.772106089202914, 13.347355048798406, 34.545362020170295], [30.66707195668305, 36.233652607474156, 0.0, 64.9118032722708, 40.729304395684004, 29.352898229684342, 38.03454346879997, 67.31049606221201, 88.58569538252546, 60.680489628284086, 86.79883818915529, 27.654527489787615, 28.914340384137645, 32.732928287996224, 53.93780658072174, 4.122214470119587, 37.43239486129489, 17.36898356728677, 25.791909655920666, 51.909905904470705, 52.395399463677464, 81.815326316452, 78.04297610195327, 26.085026322781335, 15.360459847071445, 21.538724335255363, 43.81060540796129, 65.16104522251781, 14.485909306117932, 65.56320133379994, 19.70038593697135, 43.54631356073715, 21.666088107324185, 64.18059107366835, 87.44568172310387, 43.50787228754593, 73.91682123974162, 73.71880730248712, 46.02080475490948, 52.31455470971976, 39.51205173402881, 68.53696064792797, 49.56416331489772, 59.56826795084808], [57.35639574051681, 48.67101100618767, 64.9118032722708, 0.0, 25.043771681129165, 86.98882128575843, 51.411472751482265, 50.244794668493256, 25.42363413971977, 24.64249372007628, 31.345796427892935, 89.33737721095409, 53.20492173709653, 33.514745839624965, 26.170291403829737, 60.849973547470235, 89.04488206405381, 64.23179640769146, 82.30947896528619, 87.91064806686842, 39.91095783104777, 17.204593832471744, 13.137294277693972, 44.80384693325042, 49.828999586797444, 85.36580065496977, 36.419618503661404, 54.09189493312549, 75.48137899492238, 79.13012637666701, 84.08587581282647, 79.40622310392789, 45.1830442873337, 1.417936658663579, 23.228892316470773, 107.32362815475221, 9.088261475020174, 35.17216641250637, 63.59061281060403, 65.68223705875438, 39.6934133137437, 4.050460125611561, 49.26361333559183, 18.12837188898824], [34.05914293368035, 35.81768871670094, 40.729304395684004, 25.043771681129165, 0.0, 65.57530480345048, 39.212181022369904, 52.962457250676245, 50.12809783660245, 32.27359771506148, 52.50355872374733, 66.69893357634517, 29.559563669686412, 14.4247892560276, 18.5097072072102, 36.610604483690075, 69.56559565810792, 43.522933352631206, 61.017371271384654, 73.44655815290922, 27.069524457158856, 42.248299385139774, 38.05142064854319, 20.054951265010992, 26.400780347136, 61.86140173559408, 18.58525437231094, 54.479372213601714, 52.64422106243509, 72.16358707589472, 59.419201560590075, 64.22530450235406, 20.187509037514356, 24.090778664151742, 48.23558890649984, 83.95561298423044, 34.119046467034494, 47.11961576268568, 43.76307606847252, 57.019250593959576, 19.307567887016386, 28.968495121429743, 43.1041371560963, 27.381869464942245], [59.639213282736144, 43.76429846277903, 29.352898229684342, 86.98882128575843, 65.57530480345048, 0.0, 43.163568875596596, 71.6348903821849, 107.72350330363165, 75.34002165379337, 102.17326969902557, 8.073383109181323, 58.22022196747489, 53.57006708025463, 81.34435502593767, 32.63268130196515, 10.795126976368838, 22.7731287962472, 4.686634683783396, 32.02056656553229, 81.38661195510542, 102.63230618990443, 99.64306122816004, 54.785066118106485, 39.572153318459755, 14.503831278346572, 72.40565280213886, 67.48939558570491, 14.88121610040757, 54.92987895666677, 27.353503802149906, 27.697194327221634, 49.4246877492405, 86.58985932893073, 107.54251974649344, 24.51421019825381, 95.41644041768438, 84.97681456042912, 74.45933413694782, 47.2926931386105, 68.35506800481392, 90.03654852266698, 54.01906709309249, 76.66920421742203], [57.89135479321997, 3.4269917270102472, 38.03454346879997, 51.411472751482265, 39.212181022369904, 43.163568875596596, 0.0, 30.057256356616136, 67.5028687360326, 33.65463787808269, 59.84679120723126, 48.72045387079864, 53.78407337626579, 25.091468890552456, 57.69422047541504, 36.27173694218033, 41.16143820875912, 24.055267875662118, 38.86573617244621, 36.499194232238715, 64.88370115096288, 64.22439674376574, 62.31822518547649, 43.760509637630996, 28.72575558600087, 48.778277493676335, 55.27806633542557, 27.267807055084713, 38.35319179024753, 33.64309591877748, 55.03149042170982, 28.146082800378732, 37.6661036865555, 51.53639242740696, 68.16512723041683, 67.28274283269043, 58.278900781382674, 41.85520835933367, 72.83949572620479, 18.33992689408025, 53.581763540478256, 53.36478381396558, 11.846967676241915, 36.6635731213609], [81.59399281191656, 31.20008610880356, 67.31049606221201, 50.244794668493256, 52.962457250676245, 71.6348903821849, 30.057256356616136, 0.0, 54.143175768862896, 25.610744242564778, 41.15097843054745, 77.964170214764, 77.03576456949463, 43.643171448211255, 68.5172130991769, 64.98073504108527, 67.28645073266179, 54.103338247995815, 67.71375260174334, 54.391739163174464, 79.75300543564133, 55.249896774894665, 55.69599985834462, 66.10943681378025, 55.44737701750669, 78.67484535683104, 71.53635358687463, 5.653102791182279, 68.36164910847171, 34.48401798107893, 85.0147826569003, 49.55783273971683, 61.275185013434516, 51.1421718965005, 56.59976250884182, 96.12491871908205, 52.812222409569294, 20.77250420001987, 94.76430728803516, 27.618636437880223, 71.6837158894673, 49.87811306646569, 18.225891368624094, 32.232857986181315], [82.75530404027103, 65.595959183966, 88.58569538252546, 25.42363413971977, 50.12809783660245, 107.72350330363165, 67.5028687360326, 54.143175768862896, 0.0, 34.05178712145443, 15.669279694767646, 111.13939441721423, 78.62669820766725, 56.023890083160225, 49.95007055380665, 84.6415739708954, 108.03635478183895, 85.15713203696123, 103.06030581805395, 102.66066481466616, 63.4073246959484, 9.501697859248555, 14.323036915408462, 70.09107091781252, 73.24341841709764, 108.07087386153908, 61.3398296694292, 59.43700206530919, 97.73782294839674, 87.92561335340031, 108.12383495944576, 95.22530930806491, 69.99927131746087, 26.620631889731396, 4.327173804410424, 129.6209024032873, 16.93326843261567, 33.59958212607077, 88.23580301578922, 77.27451754083464, 64.89450510691893, 21.376476460383014, 61.24638781929509, 31.178849276996907], [65.25540508878017, 32.048537948405794, 60.680489628284086, 24.64249372007628, 32.27359771506148, 75.34002165379337, 33.65463787808269, 25.610744242564778, 34.05178712145443, 0.0, 26.908095503336533, 79.66090779190694, 60.60795873361789, 29.143638190757436, 44.72723387758579, 57.21857781063273, 74.62488959602307, 53.46948319933413, 70.76812112091555, 68.6511285427615, 57.18048878785989, 32.1360135688943, 31.462886171274903, 49.94219399885651, 45.82518593495637, 77.76339797431427, 50.23173429429288, 29.53287996168581, 67.10527342117246, 55.875134250295964, 80.26475854263066, 61.18066599026929, 47.00996609719798, 25.531774319342507, 35.16464013952788, 98.39688781861447, 28.058775697857126, 14.906981058223499, 76.02318504654684, 43.79928297773356, 51.54357259109458, 24.521611446300874, 27.43582857505731, 6.6896296183441795], [86.5071442052184, 58.61081175164904, 86.79883818915529, 31.345796427892935, 52.50355872374733, 102.17326969902557, 59.84679120723126, 41.15097843054745, 15.669279694767646, 26.908095503336533, 0.0, 106.56898984409248, 82.05138402778007, 54.30977549218016, 57.51479816865119, 83.13668072448414, 101.0077542361677, 80.37603044686665, 97.62458220271185, 92.9110045522178, 71.25322961475092, 22.09137284693705, 25.684296098759717, 72.29767765594228, 71.60429458993339, 104.57118638456421, 67.19596011435081, 46.71409563241118, 93.93962002111826, 75.58576750791924, 106.48893528899379, 86.29567340661347, 70.79015576517627, 32.76122516663842, 19.588583852446458, 125.30396039574306, 25.962299683309517, 20.4781178628925, 94.3984652007751, 66.5533828502578, 69.96811679791145, 27.82170232058226, 51.55841179851248, 27.27073697077733], [56.48910592855124, 48.87311220840359, 27.654527489787615, 89.33737721095409, 66.69893357634517, 8.073383109181323, 48.72045387079864, 77.964170214764, 111.13939441721423, 79.66090779190694, 106.56898984409248, 0.0, 55.6641125495507, 55.844062733464774, 81.30991950268428, 31.471856466456266, 18.532429256269644, 26.203123284454158, 10.482922257441611, 40.06467280521871, 79.98947703111122, 105.50184180127776, 102.2369718439081, 53.733568956143706, 40.302210090540804, 8.019457443319821, 71.46295373057569, 74.08344736314987, 14.057203970137364, 62.83594249509778, 20.71631776397678, 35.66543194187391, 49.001605282891425, 88.82027230775957, 110.66690869543213, 18.751745709912758, 98.01867364030608, 90.16682682872236, 70.61661145861245, 54.58325273331056, 67.15841457701724, 92.60237649563183, 60.03175796766195, 80.39714306043315], [4.659219331312721, 50.6982225183966, 28.914340384137645, 53.20492173709653, 29.559563669686412, 58.22022196747489, 53.78407337626579, 77.03576456949463, 78.62669820766725, 60.60795873361789, 82.05138402778007, 55.6641125495507, 0.0, 33.472426566298374, 32.567107783274096, 26.12110717787479, 66.19580863621718, 42.81545006528417, 54.69993350529596, 78.42156877474822, 25.81623477731142, 70.02604766775379, 65.41887398664663, 10.963951520315131, 25.94177207808289, 48.453798559802344, 19.932723038489147, 76.96755731014424, 43.33984478883545, 86.55275604554697, 40.42452427547472, 69.38154429268764, 16.206967613356177, 52.01354122127174, 76.20499720847256, 68.81100531000419, 61.92405918865877, 75.47536239541648, 19.198373539364656, 71.60749767973441, 15.267202473649366, 57.25444326298746, 62.557254411629756, 56.51347097383571], [38.077532741539784, 21.667301489410757, 32.732928287996224, 33.514745839624965, 14.4247892560276, 53.57006708025463, 25.091468890552456, 43.643171448211255, 56.023890083160225, 29.143638190757436, 54.30977549218016, 55.844062733464774, 33.472426566298374, 0.0, 32.89589776792574, 28.927186344220942, 56.39040815621973, 30.892281996123867, 48.904867142014325, 59.06885759720654, 39.91165227233583, 49.77105553271815, 46.39796542161823, 22.51348244802014, 17.39230118382292, 52.17197225732875, 30.448551197622198, 43.95772515206989, 42.06487389846182, 58.494960388079505, 52.41067095779519, 49.88246837345121, 18.300893866465987, 33.05211108858746, 55.14379494635904, 73.97419662681048, 42.18360274844553, 43.43512900035034, 51.2081489935379, 43.222957541784766, 29.312645349499196, 36.7645139881409, 30.648650422493777, 27.043763979750548], [35.71754165246586, 54.30975062103166, 53.93780658072174, 26.170291403829737, 18.5097072072102, 81.34435502593767, 57.69422047541504, 68.5172130991769, 49.95007055380665, 44.72723387758579, 57.51479816865119, 81.30991950268428, 32.567107783274096, 32.89589776792574, 0.0, 49.941663319207706, 86.45889643749832, 60.32689126993546, 76.97452566824646, 91.74276264770695, 13.742316878910794, 40.60867792433538, 35.755836382827745, 28.38502107386335, 41.84393021715484, 75.46593824554498, 12.758736706244079, 70.84613643732152, 67.41347083802458, 90.3964841858615, 70.46344373830868, 82.47184544685012, 32.32339863743638, 24.7564864018453, 46.74438057010021, 97.28954268415626, 33.14574174016949, 58.40014407704856, 38.41296602045673, 75.35206674140379, 17.307840428550886, 29.839211283851075, 60.87085863422801, 38.421704083897396], [28.351566677157365, 34.18570397478495, 4.122214470119587, 60.849973547470235, 36.610604483690075, 32.63268130196515, 36.27173694218033, 64.98073504108527, 84.6415739708954, 57.21857781063273, 83.13668072448414, 31.471856466456266, 26.12110717787479, 28.927186344220942, 49.941663319207706, 0.0, 40.09903565585371, 17.82040362999454, 28.808178198159048, 53.22719217939345, 48.80933257616826, 77.78828220288008, 73.9845838737397, 22.317204344530218, 11.542570842007544, 25.590980628634934, 40.04284274807265, 63.11466305088294, 17.920288955221547, 65.27359387013006, 23.510025184191612, 44.55067392710806, 17.630473140315043, 60.10589953464303, 83.44813669091728, 47.60092953769257, 69.86793445828786, 70.51616687684519, 43.97442445027121, 51.52010840743393, 35.83706792624361, 64.4960958081345, 47.52421772437909, 55.87638065685371], [68.09877729333569, 42.581185767282506, 37.43239486129489, 89.04488206405381, 69.56559565810792, 10.795126976368838, 41.16143820875912, 67.28645073266179, 108.03635478183895, 74.62488959602307, 101.0077542361677, 18.532429256269644, 66.19580863621718, 56.39040815621973, 86.45889643749832, 40.09903565585371, 0.0, 26.145965500614547, 12.09378411284221, 21.880419546674187, 87.97652240497925, 103.78945516383614, 101.21918878643527, 61.41868870670718, 44.82804641188234, 25.286114323473818, 78.6286675311528, 62.62768236282516, 23.65818371085624, 46.425219275073836, 38.079570793475526, 19.463159629651567, 55.55326573546967, 88.81239452142982, 108.28777061218024, 31.430074111565133, 97.02357191797441, 82.64436105825199, 83.3428357213932, 41.08631174625217, 74.89648836361688, 91.75460165247847, 50.697448342447665, 76.87084220842195], [45.641426932667365, 23.444972720612764, 17.36898356728677, 64.23179640769146, 43.522933352631206, 22.7731287962472, 24.055267875662118, 54.103338247995815, 85.15713203696123, 53.46948319933413, 80.37603044686665, 26.203123284454158, 42.81545006528417, 30.892281996123867, 60.32689126993546, 17.82040362999454, 26.145965500614547, 0.0, 18.087916145096386, 35.65510661257432, 62.45580174299359, 79.88684684431183, 76.87039524286484, 36.26834970036365, 18.963171857693062, 24.933438739922494, 52.918097660843834, 51.044084209147776, 14.346975088293734, 48.29837230228372, 31.30432718888529, 26.794022245917496, 30.062881019734846, 63.852299730401704, 84.86090836169896, 44.928047160318606, 72.64368935704913, 64.37355602120365, 61.38804196521405, 35.59505354893244, 49.44964967117845, 67.26349137803423, 35.87868341776329, 54.2607627828807], [56.366920252381476, 39.3275885067749, 25.791909655920666, 82.30947896528619, 61.017371271384654, 4.686634683783396, 38.86573617244621, 67.71375260174334, 103.06030581805395, 70.76812112091555, 97.62458220271185, 10.482922257441611, 54.69993350529596, 48.904867142014325, 76.97452566824646, 28.808178198159048, 12.09378411284221, 18.087916145096386, 0.0, 31.38012998089594, 77.37508390531531, 97.94681031328665, 94.95708425085854, 50.74497737912368, 35.14787374035931, 14.601156393010209, 68.27820648942401, 63.72388578457721, 11.635431246387288, 52.742739568649675, 26.770012362589586, 25.829836777652083, 45.22760265210038, 81.91533982392096, 102.8640347162547, 28.47565014237127, 90.73051196756356, 80.60238955054149, 71.45201957726728, 44.105940212167546, 64.31233887149958, 85.35135221117844, 49.92377432345902, 72.02370717858827], [81.29488033881664, 39.33427380191027, 51.909905904470705, 87.91064806686842, 73.44655815290922, 32.02056656553229, 36.499194232238715, 54.391739163174464, 102.66066481466616, 68.6511285427615, 92.9110045522178, 40.06467280521871, 78.42156877474822, 59.06885759720654, 91.74276264770695, 53.22719217939345, 21.880419546674187, 35.65510661257432, 31.38012998089594, 0.0, 96.33465374995649, 100.25171898792524, 98.6205928031076, 71.14458633098486, 53.47479934947239, 45.9110230580167, 86.57626415257774, 48.991927312242694, 41.018271865984765, 26.390318753047435, 58.07538410667849, 9.338462505731458, 64.71779660922401, 88.02830405093019, 103.77393891882637, 52.69949225473537, 94.64201892228581, 72.96042515872746, 97.03670898886853, 26.828176953277232, 83.68392620158691, 89.8122554082642, 41.52826358592191, 72.6156202229779], [27.45120553190685, 61.459425795050855, 52.395399463677464, 39.91095783104777, 27.069524457158856, 81.38661195510542, 64.88370115096288, 79.75300543564133, 63.4073246959484, 57.18048878785989, 71.25322961475092, 79.98947703111122, 25.81623477731142, 39.91165227233583, 13.742316878910794, 48.80933257616826, 87.97652240497925, 62.45580174299359, 77.37508390531531, 96.33465374995649, 0.0, 53.98090440195024, 49.12208409594462, 26.631538331173594, 43.50880188342688, 73.27320821542554, 9.778679776716414, 81.49786104369969, 66.72768524872106, 98.40193083079251, 66.13609234229811, 86.99912252430119, 32.45352075844637, 38.49782361114748, 60.04034136729335, 94.26810047056892, 46.73260376161937, 71.338880402402, 25.856503448099453, 83.11735037545813, 13.083037888964896, 43.573117543368625, 69.9973325856375, 51.17450380949884], [74.03845549217104, 61.947309167747626, 81.815326316452, 17.204593832471744, 42.248299385139774, 102.63230618990443, 64.22439674376574, 55.249896774894665, 9.501697859248555, 32.1360135688943, 22.09137284693705, 105.50184180127776, 70.02604766775379, 49.77105553271815, 40.60867792433538, 77.78828220288008, 103.78945516383614, 79.88684684431183, 97.94681031328665, 100.25171898792524, 53.98090440195024, 0.0, 4.859676150282603, 61.947868686802266, 66.59659675828608, 101.9232721555153, 52.24260731849139, 60.1444214716942, 91.82165624282517, 87.7703222801503, 101.1312944816528, 92.32099458640262, 62.37498621323389, 18.212219928403403, 6.207240048100688, 123.74028224257647, 8.158187689160208, 35.836527240743095, 78.9737324072264, 75.92276472012297, 55.95210181647593, 13.338442845491437, 59.49179677703032, 27.640688471912224], [69.38054160519187, 59.86421472404936, 78.04297610195327, 13.137294277693972, 38.05142064854319, 99.64306122816004, 62.31822518547649, 55.69599985834462, 14.323036915408462, 31.462886171274903, 25.684296098759717, 102.2369718439081, 65.41887398664663, 46.39796542161823, 35.755836382827745, 73.9845838737397, 101.21918878643527, 76.87039524286484, 94.95708425085854, 98.6205928031076, 49.12208409594462, 4.859676150282603, 0.0, 57.55574348385506, 62.92909974313144, 98.41539626748866, 47.45438080009342, 60.33623047590003, 88.44738548323636, 87.33797205295488, 97.21879244571224, 90.46430606066696, 58.23163303860259, 13.97001619349061, 11.005204271169097, 120.32975976053291, 4.226991483764687, 37.175383370965925, 74.13215557918392, 74.93790544690617, 51.21820965826196, 9.634646837137472, 58.42093666168067, 26.225851117975147], [15.592051871006014, 40.551162495372495, 26.085026322781335, 44.80384693325042, 20.054951265010992, 54.785066118106485, 43.760509637630996, 66.10943681378025, 70.09107091781252, 49.94219399885651, 72.29767765594228, 53.733568956143706, 10.963951520315131, 22.51348244802014, 28.38502107386335, 22.317204344530218, 61.41868870670718, 36.26834970036365, 50.74497737912368, 71.14458633098486, 26.631538331173594, 61.947868686802266, 57.55574348385506, 0.0, 17.669787877547478, 47.4261637209526, 17.731741767628627, 66.1473554544661, 40.21631050443429, 77.02589338422023, 42.11660233458484, 61.89435374969032, 6.4755337169263045, 43.738546094165294, 68.02837413772134, 69.04315038729989, 53.78970374281804, 64.75589951864752, 29.23975257142561, 61.88284188606841, 13.57157415539471, 48.80275603061721, 51.961703247485524, 46.16189432998107], [29.654204366528308, 25.984366882533088, 15.360459847071445, 49.828999586797444, 26.400780347136, 39.572153318459755, 28.72575558600087, 55.44737701750669, 73.24341841709764, 45.82518593495637, 71.60429458993339, 40.302210090540804, 25.94177207808289, 17.39230118382292, 41.84393021715484, 11.542570842007544, 44.82804641188234, 18.963171857693062, 35.14787374035931, 53.47479934947239, 43.50880188342688, 66.59659675828608, 62.92909974313144, 17.669787877547478, 0.0, 35.63037957534574, 33.95506434900661, 54.217805191744425, 26.245662793866686, 60.72291530072971, 35.01964711254669, 44.2290401527999, 11.263673819499525, 49.16486848541231, 72.1634280512639, 57.691954505964105, 58.77032392437738, 59.40112026799541, 45.12778519513682, 45.956775063550744, 30.541692689395756, 53.36836375867734, 38.891868757254315, 44.33947866659466], [48.997609441430754, 48.367057211776896, 21.538724335255363, 85.36580065496977, 61.86140173559408, 14.503831278346572, 48.778277493676335, 78.67484535683104, 108.07087386153908, 77.76339797431427, 104.57118638456421, 8.019457443319821, 48.453798559802344, 52.17197225732875, 75.46593824554498, 25.590980628634934, 25.286114323473818, 24.933438739922494, 14.601156393010209, 45.9110230580167, 73.27320821542554, 101.9232721555153, 98.41539626748866, 47.4261637209526, 35.63037957534574, 0.0, 65.06968345897019, 75.24274919171746, 10.696615326893365, 66.94523532030847, 12.9233387123133, 40.33192653456987, 43.2033681754804, 84.74519868421145, 107.31042666948727, 22.094484812745836, 94.22746565558515, 89.2151909604819, 62.83103158968688, 57.198020357544294, 60.6343228676909, 88.80951204543102, 60.4853423070649, 77.84770829621704], [22.95950884022715, 51.85985226706943, 43.81060540796129, 36.419618503661404, 18.58525437231094, 72.40565280213886, 55.27806633542557, 71.53635358687463, 61.3398296694292, 50.23173429429288, 67.19596011435081, 71.46295373057569, 19.932723038489147, 30.448551197622198, 12.758736706244079, 40.04284274807265, 78.6286675311528, 52.918097660843834, 68.27820648942401, 86.57626415257774, 9.778679776716414, 52.24260731849139, 47.45438080009342, 17.731741767628627, 33.95506434900661, 65.06968345897019, 0.0, 72.92489365822337, 57.92267529182368, 88.86139992044683, 58.945137870007756, 77.23929939963321, 23.095215848977872, 35.07696826512241, 58.44309336690551, 86.50210335558138, 44.40670030864851, 64.83966317128574, 27.219252476888535, 73.56051611901346, 4.734777069095045, 40.38012840979145, 60.83790185407403, 44.697477098374456], [81.44540119102182, 28.94871686923136, 65.16104522251781, 54.09189493312549, 54.479372213601714, 67.48939558570491, 27.267807055084713, 5.653102791182279, 59.43700206530919, 29.53287996168581, 46.71409563241118, 74.08344736314987, 76.96755731014424, 43.95772515206989, 70.84613643732152, 63.11466305088294, 62.62768236282516, 51.044084209147776, 63.72388578457721, 48.991927312242694, 81.49786104369969, 60.1444214716942, 60.33623047590003, 66.1473554544661, 54.217805191744425, 75.24274919171746, 72.92489365822337, 0.0, 65.13130482627527, 28.877926527154532, 82.23387568185022, 44.5049964587353, 60.94957662155048, 54.89911651015054, 61.75985732759587, 92.00347438671403, 57.2741891077136, 26.276391349729902, 95.14400012237284, 22.343580790500557, 72.71016386298915, 54.03539852306949, 15.6020198542295, 35.96524927504401], [44.82867890037637, 37.785648333074306, 14.485909306117932, 75.48137899492238, 52.64422106243509, 14.88121610040757, 38.35319179024753, 68.36164910847171, 97.73782294839674, 67.10527342117246, 93.93962002111826, 14.057203970137364, 43.33984478883545, 42.06487389846182, 67.41347083802458, 17.920288955221547, 23.65818371085624, 14.346975088293734, 11.635431246387288, 41.018271865984765, 66.72768524872106, 91.82165624282517, 88.44738548323636, 40.21631050443429, 26.245662793866686, 10.696615326893365, 57.92267529182368, 65.13130482627527, 0.0, 59.17067763525117, 18.285494511662982, 33.89886478752488, 35.17503666002802, 74.92804021137297, 97.10161595117776, 31.92359126354389, 84.23896788261406, 78.52637274528423, 59.829732156531165, 48.143326943594644, 53.75407641546206, 78.81821191015193, 50.13922356599567, 67.31892351924215], [90.3762300459222, 37.03746253748167, 65.56320133379994, 79.13012637666701, 72.16358707589472, 54.92987895666677, 33.64309591877748, 34.48401798107893, 87.92561335340031, 55.875134250295964, 75.58576750791924, 62.83594249509778, 86.55275604554697, 58.494960388079505, 90.3964841858615, 65.27359387013006, 46.425219275073836, 48.29837230228372, 52.742739568649675, 26.390318753047435, 98.40193083079251, 87.7703222801503, 87.33797205295488, 77.02589338422023, 60.72291530072971, 66.94523532030847, 88.86139992044683, 28.877926527154532, 59.17067763525117, 0.0, 77.43820469240009, 27.266478545638858, 70.73989921973198, 79.65980359007715, 89.97125806951085, 77.85522368884097, 83.87086010799236, 55.1268604519118, 105.74384235288566, 15.30818553439863, 87.22453032591054, 79.9110717495191, 30.16694343909186, 61.51191565017489], [39.94810950057905, 53.87411218135279, 19.70038593697135, 84.08587581282647, 59.419201560590075, 27.353503802149906, 55.03149042170982, 85.0147826569003, 108.12383495944576, 80.26475854263066, 106.48893528899379, 20.71631776397678, 40.42452427547472, 52.41067095779519, 70.46344373830868, 23.510025184191612, 38.079570793475526, 31.30432718888529, 26.770012362589586, 58.07538410667849, 66.13609234229811, 101.1312944816528, 97.21879244571224, 42.11660233458484, 35.01964711254669, 12.9233387123133, 58.945137870007756, 82.23387568185022, 18.285494511662982, 77.43820469240009, 0.0, 51.72036958318677, 39.43009760205637, 83.2788477936922, 106.8581787221193, 28.701625218379203, 93.1456511115603, 92.99781693896644, 52.3324858602384, 66.28272447648231, 54.27654556119435, 87.80792300059139, 66.86756228743334, 79.26693838123688], [72.37793841827137, 30.736476612171177, 43.54631356073715, 79.40622310392789, 64.22530450235406, 27.697194327221634, 28.146082800378732, 49.55783273971683, 95.22530930806491, 61.18066599026929, 86.29567340661347, 35.66543194187391, 69.38154429268764, 49.88246837345121, 82.47184544685012, 44.55067392710806, 19.463159629651567, 26.794022245917496, 25.829836777652083, 9.338462505731458, 86.99912252430119, 92.32099458640262, 90.46430606066696, 61.89435374969032, 44.2290401527999, 40.33192653456987, 77.23929939963321, 44.5049964587353, 33.89886478752488, 27.266478545638858, 51.72036958318677, 0.0, 55.45334819617488, 79.45978401860222, 96.10589778968063, 50.787701075312306, 86.4211028721627, 66.81698191440032, 88.1343883909688, 22.31114801987218, 74.36498687478931, 81.47628305246309, 34.75914670421575, 64.70550562327593], [20.54311508359964, 34.53286483161624, 21.666088107324185, 45.1830442873337, 20.187509037514356, 49.4246877492405, 37.6661036865555, 61.275185013434516, 69.99927131746087, 47.00996609719798, 70.79015576517627, 49.001605282891425, 16.206967613356177, 18.300893866465987, 32.32339863743638, 17.630473140315043, 55.55326573546967, 30.062881019734846, 45.22760265210038, 64.71779660922401, 32.45352075844637, 62.37498621323389, 58.23163303860259, 6.4755337169263045, 11.263673819499525, 43.2033681754804, 23.095215848977872, 60.94957662155048, 35.17503666002802, 70.73989921973198, 39.43009760205637, 55.45334819617488, 0.0, 44.26446894417803, 68.30168449735709, 65.14755029590064, 54.26964540533914, 61.57320764191343, 35.1733961040084, 55.65866278368756, 19.40250993117902, 49.0553719606879, 46.37726977072875, 43.96089740573918], [56.13577491459754, 48.73889321161924, 64.18059107366835, 1.417936658663579, 24.090778664151742, 86.58985932893073, 51.53639242740696, 51.1421718965005, 26.620631889731396, 25.531774319342507, 32.76122516663842, 88.82027230775957, 52.01354122127174, 33.05211108858746, 24.7564864018453, 60.10589953464303, 88.81239452142982, 63.852299730401704, 81.91533982392096, 88.02830405093019, 38.49782361114748, 18.212219928403403, 13.97001619349061, 43.738546094165294, 49.16486848541231, 84.74519868421145, 35.07696826512241, 54.89911651015054, 74.92804021137297, 79.65980359007715, 83.2788477936922, 79.45978401860222, 44.26446894417803, 0.0, 24.30014940200945, 106.73401823710036, 10.05621500803362, 36.38513630015279, 62.23210955517237, 66.07871409080404, 38.3977434391287, 5.314899406233769, 49.7098348303865, 18.946748427306442], [80.23293860178129, 66.07948746628257, 87.44568172310387, 23.228892316470773, 48.23558890649984, 107.54251974649344, 68.16512723041683, 56.59976250884182, 4.327173804410424, 35.16464013952788, 19.588583852446458, 110.66690869543213, 76.20499720847256, 55.14379494635904, 46.74438057010021, 83.44813669091728, 108.28777061218024, 84.86090836169896, 102.8640347162547, 103.77393891882637, 60.04034136729335, 6.207240048100688, 11.005204271169097, 68.02837413772134, 72.1634280512639, 107.31042666948727, 58.44309336690551, 61.75985732759587, 97.10161595117776, 89.97125806951085, 106.8581787221193, 96.10589778968063, 68.30168449735709, 24.30014940200945, 0.0, 129.0228221128347, 14.287732075090423, 36.360420210045596, 85.13294806122508, 78.8126096638778, 62.15926968113727, 19.267105452087645, 62.57513625551455, 31.535415355524563], [68.59832545338995, 67.56087530399572, 43.50787228754593, 107.32362815475221, 83.95561298423044, 24.51421019825381, 67.28274283269043, 96.12491871908205, 129.6209024032873, 98.39688781861447, 125.30396039574306, 18.751745709912758, 68.81100531000419, 73.97419662681048, 97.28954268415626, 47.60092953769257, 31.430074111565133, 44.928047160318606, 28.47565014237127, 52.69949225473537, 94.26810047056892, 123.74028224257647, 120.32975976053291, 69.04315038729989, 57.691954505964105, 22.094484812745836, 86.50210335558138, 92.00347438671403, 31.92359126354389, 77.85522368884097, 28.701625218379203, 50.787701075312306, 65.14755029590064, 106.73401823710036, 129.0228221128347, 0.0, 116.12792993655734, 108.86979574358892, 80.86522115107748, 71.5649861085794, 81.95262853533488, 110.70694498745915, 78.3981065157135, 99.02308029646721], [65.9741789377936, 55.77817719769316, 73.91682123974162, 9.088261475020174, 34.119046467034494, 95.41644041768438, 58.278900781382674, 52.812222409569294, 16.93326843261567, 28.058775697857126, 25.962299683309517, 98.01867364030608, 61.92405918865877, 42.18360274844553, 33.14574174016949, 69.86793445828786, 97.02357191797441, 72.64368935704913, 90.73051196756356, 94.64201892228581, 46.73260376161937, 8.158187689160208, 4.226991483764687, 53.78970374281804, 58.77032392437738, 94.22746565558515, 44.40670030864851, 57.2741891077136, 84.23896788261406, 83.87086010799236, 93.1456511115603, 86.4211028721627, 54.26964540533914, 10.05621500803362, 14.287732075090423, 116.12792993655734, 0.0, 35.06846242526645, 71.3324118988407, 71.22355123212473, 47.99343033838704, 5.42105322174912, 54.695289652569606, 22.491867244225553], [80.12726984582171, 41.31081157899353, 73.71880730248712, 35.17216641250637, 47.11961576268568, 84.97681456042912, 41.85520835933367, 20.77250420001987, 33.59958212607077, 14.906981058223499, 20.4781178628925, 90.16682682872236, 75.47536239541648, 43.43512900035034, 58.40014407704856, 70.51616687684519, 82.64436105825199, 64.37355602120365, 80.60238955054149, 72.96042515872746, 71.338880402402, 35.836527240743095, 37.175383370965925, 64.75589951864752, 59.40112026799541, 89.2151909604819, 64.83966317128574, 26.276391349729902, 78.52637274528423, 55.1268604519118, 92.99781693896644, 66.81698191440032, 61.57320764191343, 36.38513630015279, 36.360420210045596, 108.86979574358892, 35.06846242526645, 0.0, 90.88254705118645, 46.35356138439806, 66.33910544020189, 33.523110283178816, 32.17046842136803, 20.195606670402285], [15.757462345972192, 69.69379610545907, 46.02080475490948, 63.59061281060403, 43.76307606847252, 74.45933413694782, 72.83949572620479, 94.76430728803516, 88.23580301578922, 76.02318504654684, 94.3984652007751, 70.61661145861245, 19.198373539364656, 51.2081489935379, 38.41296602045673, 43.97442445027121, 83.3428357213932, 61.38804196521405, 71.45201957726728, 97.03670898886853, 25.856503448099453, 78.9737324072264, 74.13215557918392, 29.23975257142561, 45.12778519513682, 62.83103158968688, 27.219252476888535, 95.14400012237284, 59.829732156531165, 105.74384235288566, 52.3324858602384, 88.1343883909688, 35.1733961040084, 62.23210955517237, 85.13294806122508, 80.86522115107748, 71.3324118988407, 90.88254705118645, 0.0, 90.76603772743219, 24.690620577317766, 67.51670595545194, 81.18329584436535, 71.03255607057346], [75.54449533160405, 21.729676915868954, 52.31455470971976, 65.68223705875438, 57.019250593959576, 47.2926931386105, 18.33992689408025, 27.618636437880223, 77.27451754083464, 43.79928297773356, 66.5533828502578, 54.58325273331056, 71.60749767973441, 43.222957541784766, 75.35206674140379, 51.52010840743393, 41.08631174625217, 35.59505354893244, 44.105940212167546, 26.828176953277232, 83.11735037545813, 75.92276472012297, 74.93790544690617, 61.88284188606841, 45.956775063550744, 57.198020357544294, 73.56051611901346, 22.343580790500557, 48.143326943594644, 15.30818553439863, 66.28272447648231, 22.31114801987218, 55.65866278368756, 66.07871409080404, 78.8126096638778, 71.5649861085794, 71.22355123212473, 46.35356138439806, 90.76603772743219, 0.0, 71.92098906423182, 66.87841760039298, 16.52858524980089, 48.737345347860135], [18.516677215845796, 50.196184504169175, 39.51205173402881, 39.6934133137437, 19.307567887016386, 68.35506800481392, 53.581763540478256, 71.6837158894673, 64.89450510691893, 51.54357259109458, 69.96811679791145, 67.15841457701724, 15.267202473649366, 29.312645349499196, 17.307840428550886, 35.83706792624361, 74.89648836361688, 49.44964967117845, 64.31233887149958, 83.68392620158691, 13.083037888964896, 55.95210181647593, 51.21820965826196, 13.57157415539471, 30.541692689395756, 60.6343228676909, 4.734777069095045, 72.71016386298915, 53.75407641546206, 87.22453032591054, 54.27654556119435, 74.36498687478931, 19.40250993117902, 38.3977434391287, 62.15926968113727, 81.95262853533488, 47.99343033838704, 66.33910544020189, 24.690620577317766, 71.92098906423182, 0.0, 43.711646247268654, 59.95440940478636, 46.38364074782272], [61.4063741864842, 50.772106089202914, 68.53696064792797, 4.050460125611561, 28.968495121429743, 90.03654852266698, 53.36478381396558, 49.87811306646569, 21.376476460383014, 24.521611446300874, 27.82170232058226, 92.60237649563183, 57.25444326298746, 36.7645139881409, 29.839211283851075, 64.4960958081345, 91.75460165247847, 67.26349137803423, 85.35135221117844, 89.8122554082642, 43.573117543368625, 13.338442845491437, 9.634646837137472, 48.80275603061721, 53.36836375867734, 88.80951204543102, 40.38012840979145, 54.03539852306949, 78.81821191015193, 79.9110717495191, 87.80792300059139, 81.47628305246309, 49.0553719606879, 5.314899406233769, 19.267105452087645, 110.70694498745915, 5.42105322174912, 33.523110283178816, 67.51670595545194, 66.87841760039298, 43.711646247268654, 0.0, 50.36872042727491, 18.41600381161458], [66.91541498757499, 13.347355048798406, 49.56416331489772, 49.26361333559183, 43.1041371560963, 54.01906709309249, 11.846967676241915, 18.225891368624094, 61.24638781929509, 27.43582857505731, 51.55841179851248, 60.03175796766195, 62.557254411629756, 30.648650422493777, 60.87085863422801, 47.52421772437909, 50.697448342447665, 35.87868341776329, 49.92377432345902, 41.52826358592191, 69.9973325856375, 59.49179677703032, 58.42093666168067, 51.961703247485524, 38.891868757254315, 60.4853423070649, 60.83790185407403, 15.6020198542295, 50.13922356599567, 30.16694343909186, 66.86756228743334, 34.75914670421575, 46.37726977072875, 49.7098348303865, 62.57513625551455, 78.3981065157135, 54.695289652569606, 32.17046842136803, 81.18329584436535, 16.52858524980089, 59.95440940478636, 50.36872042727491, 0.0, 32.21122819328744], [61.114761778501546, 34.545362020170295, 59.56826795084808, 18.12837188898824, 27.381869464942245, 76.66920421742203, 36.6635731213609, 32.232857986181315, 31.178849276996907, 6.6896296183441795, 27.27073697077733, 80.39714306043315, 56.51347097383571, 27.043763979750548, 38.421704083897396, 55.87638065685371, 76.87084220842195, 54.2607627828807, 72.02370717858827, 72.6156202229779, 51.17450380949884, 27.640688471912224, 26.225851117975147, 46.16189432998107, 44.33947866659466, 77.84770829621704, 44.697477098374456, 35.96524927504401, 67.31892351924215, 61.51191565017489, 79.26693838123688, 64.70550562327593, 43.96089740573918, 18.946748427306442, 31.535415355524563, 99.02308029646721, 22.491867244225553, 20.195606670402285, 71.03255607057346, 48.737345347860135, 46.38364074782272, 18.41600381161458, 32.21122819328744, 0.0]]",Route_0,2479.020899965728
