instance_id,num_cities,city_coordinates,distance_matrix,best_route,total_distance
2628,45,"[[60.352683297426466, 27.81425734672709], [55.83013882385192, 6.026672672255673], [16.35190342284788, 81.79925839420878], [79.43049648542679, 17.009241698133117], [60.724295310754684, 51.55643544769871], [23.542107257817523, 55.70939044407568], [42.997536023907216, 78.77981889322953], [74.83539123189206, 95.69016916124528], [17.01529282146319, 61.52650112520642], [96.12726380027577, 59.93293565543222], [48.32309534015824, 99.21550277478491], [22.86875180577531, 64.90124690170086], [49.05837804441086, 74.1908239095717], [40.757967194284106, 89.11445723212448], [43.6561154349565, 93.5357580737741], [89.22950417096372, 9.81657868288317], [80.98187988634633, 6.507602320968752], [46.34911285763474, 16.333479337855128], [98.0081094307437, 76.65364049666248], [61.51187149054157, 90.27825653352879], [58.09625855532433, 70.98868093400161], [26.360335036209705, 5.55717607032864], [78.42038932507126, 2.1285684988270437], [20.549797483073963, 78.09731240007416], [40.03644132840512, 10.300446172470457], [45.49213866432809, 5.4864561748867775], [64.78353476672281, 46.893359109141386], [51.22112354981845, 40.957019712578415], [62.18626691424285, 78.2667184807129], [23.65542399813274, 86.54308015131187], [62.2116488780926, 8.016142169250283], [17.835570591549143, 5.306916760531855], [55.98101885867881, 15.408621428041137], [71.76448468570867, 52.20334915308098], [1.7693604488145165, 39.974914228804025], [92.64319917289947, 54.886707563371395], [74.99141126213043, 97.24904048574844], [72.02781052287807, 22.74696013938664], [38.69013833215521, 10.84190057749258], [55.13673931062046, 72.3941139838633], [35.84070885686263, 44.19792933030959], [56.988532871051675, 93.24852968134422], [94.18968178686897, 82.62556583781445], [19.34555463673806, 8.999285459551942], [66.56592912383893, 39.85909857707244]]","[[0.0, 22.252016862808674, 69.64516471132593, 21.925129856003124, 23.74508615412263, 46.18611218631229, 53.839479943958146, 69.40380561444223, 54.90578106033763, 48.07733464381039, 72.40751918895855, 52.73035097855438, 47.73203596439454, 64.35578765855034, 67.80922530306114, 34.02627251183032, 29.656994120965397, 18.10823704150149, 61.670223477363066, 62.47475419460105, 43.23334713748378, 40.63074460622218, 31.40376749201485, 64.12998787344588, 26.823185299127708, 26.821008406872824, 19.586846831573627, 16.00367414156427, 50.485768919134095, 69.2514510179528, 19.88519845540242, 48.1070187509813, 13.153374187333148, 26.926882665179754, 59.83215934418801, 42.137809343116764, 70.96112644249335, 12.727375877139858, 27.519570285064038, 44.88395804138842, 29.483242675127865, 65.52069523480439, 64.41445494048429, 45.11748849514392, 13.55295628133062], [22.252016862808674, 0.0, 85.44013001726894, 26.03063011458651, 45.79205243387121, 59.25275881850189, 73.8762206645112, 91.65556296114474, 67.72608971804081, 67.30336893630891, 93.4907148210138, 67.47346533900479, 68.49969531288201, 84.44377005261147, 88.35183570975545, 33.61370246133626, 25.15633860087312, 14.004289236306484, 82.26268770582213, 84.44294801360778, 65.00152164400858, 29.4735434303606, 22.924105955407338, 80.24262954252443, 16.36172425231585, 10.352105156070635, 41.83598163352398, 35.23311178640992, 72.5191325286607, 86.70700172102464, 6.684434116052528, 38.001385023858965, 9.383161899972407, 48.84863180131125, 63.83612506486173, 61.17601181691778, 93.21306105344944, 23.2794454713365, 17.803540002896494, 66.37106349256906, 43.08853844423358, 87.22954898933318, 85.66705884130864, 36.60548196772985, 35.49493253931062], [69.64516471132593, 85.44013001726894, 0.0, 90.42485922705211, 53.69858007087276, 27.062524657610833, 26.81616586335023, 60.110529429114074, 20.28360847536954, 82.71785897534357, 36.407178975271364, 18.111104473416127, 33.579781974842504, 25.478777106714816, 29.71978159964527, 102.43364129632931, 99.22634394112998, 72.01111581783591, 81.81817257279381, 45.949060113583464, 43.12145371447318, 76.89618859501853, 100.99463238509551, 5.597027665142525, 75.31956907019035, 81.68719050435118, 59.69962076536397, 53.70242985927539, 45.970291655609074, 8.708918282816413, 86.87384239853543, 76.50672909535884, 77.31871356275839, 62.82095196685756, 44.29363751664291, 80.89899380983823, 60.64064351826536, 81.16021538036762, 74.39047900902972, 39.908899210838996, 42.35178254355432, 42.21873358968798, 77.8421641826448, 72.8614987965331, 65.42495993569065], [21.925129856003124, 26.03063011458651, 90.42485922705211, 0.0, 39.28651878644032, 67.97950840815805, 71.7144672643255, 78.81499437763465, 76.66449005446655, 46.05676434255977, 87.89504972531327, 74.11393339733523, 64.74719239317339, 81.82130913752015, 84.47552336704103, 12.155449513372854, 10.615612090909211, 33.08828489808313, 62.470649194513875, 75.42828154383974, 58.04248072125313, 54.29172905138966, 14.91491707452467, 84.84508882128075, 39.96122519542684, 35.84113164797767, 33.28053426590546, 37.00357811414163, 63.63836826374475, 89.13929212752178, 19.42587326379411, 62.696724833259694, 23.50404191232613, 36.01934114422186, 80.98564172298205, 40.11580651912459, 80.36249614774718, 9.36595816621111, 41.204524981550094, 60.478679844843654, 51.374062722967416, 79.47371114435222, 67.25574729616818, 60.616496400767765, 26.22237694773001], [23.74508615412263, 45.79205243387121, 53.69858007087276, 39.28651878644032, 0.0, 37.41339524295965, 32.48616014607197, 46.33475455415489, 44.831675277895954, 36.38043338939467, 49.24608064809276, 40.13883614157557, 25.463879647613567, 42.53538831154553, 45.31651235936772, 50.544659212536565, 49.393998612353826, 38.043429231293736, 44.943881637032916, 38.72982964643664, 19.609149441723172, 57.41788596785042, 52.50015023291734, 48.149853843053954, 46.15239921686374, 48.52279450215743, 6.182370572854848, 14.235795989117419, 26.75026318885725, 50.97221329321093, 43.565690163333514, 63.07504012550756, 36.45768958533399, 11.059126492497416, 60.081744135130734, 32.092166273489056, 47.86820189575965, 30.947622262315203, 46.29446428521227, 21.573818132893646, 25.948805118694253, 41.85912854555232, 45.664241537484294, 59.35748642657587, 13.074875734441303], [46.18611218631229, 59.25275881850189, 27.062524657610833, 67.97950840815805, 37.41339524295965, 0.0, 30.178773621536006, 65.03432668734514, 8.742887587240768, 72.7079313723444, 50.068744546567196, 9.216487004405781, 31.506244742817458, 37.580371478552955, 42.84165511516928, 80.13104444953565, 75.63162985238513, 45.504086408531236, 77.35533006770464, 51.34889968245855, 37.78155753494729, 50.23133498525777, 76.69765526390948, 22.58700881692626, 48.311854407525026, 54.810099483161586, 42.17318758963844, 31.364954728046236, 44.74599561640964, 30.833897931428627, 61.40015781841544, 50.724490279782934, 51.73427267423659, 48.34966401467693, 26.863101931420726, 69.10598896607159, 66.12543692190512, 58.62921825079186, 47.355617326321884, 35.72955043309594, 16.84545452832258, 50.27773225769675, 75.60132462241907, 46.898240495424965, 45.85063794788826], [53.839479943958146, 73.8762206645112, 26.81616586335023, 71.7144672643255, 32.48616014607197, 30.178773621536006, 0.0, 36.050089742351375, 31.18900344408796, 56.373513118930184, 21.11820915081983, 24.449595387739247, 7.602149758952356, 10.574517395057647, 14.77062855604285, 83.02604036722683, 81.64608788501616, 62.53621663594223, 55.051646852051334, 21.79437280444027, 16.99038706976522, 75.08895976556849, 84.44046851493171, 22.45811169067448, 68.54336269854561, 73.33580340390462, 38.61833837420032, 38.706479168947745, 19.195589733452987, 20.841917449669833, 73.32584862290524, 77.6620361065827, 64.68755285750659, 39.164347041151494, 56.61786897496074, 55.09603105963444, 36.94211957904634, 63.10656144660162, 68.0743301101866, 13.716321796518688, 35.31468902370427, 20.126887107720176, 51.3363960302835, 73.67997740110668, 45.50045739595848], [69.40380561444223, 91.65556296114474, 60.110529429114074, 78.81499437763465, 46.33475455415489, 65.03432668734514, 36.050089742351375, 0.0, 67.15891596704299, 41.616386021103885, 26.745650310613097, 60.40272632214792, 33.565998497262655, 34.70606310738402, 31.25361941208075, 87.07160288491417, 89.39412481253858, 84.31460297802175, 29.989403000407872, 14.380715440762792, 29.8389356949003, 102.34152391234845, 93.63025862317116, 57.06517587531649, 92.20830606016517, 94.85639834913188, 49.82136579478199, 59.60999317841538, 21.53083787548197, 51.99094424420778, 88.57817948009644, 106.85556544964017, 82.46583695098549, 43.59511419227929, 91.88489803324894, 44.52011345485291, 1.566659521464001, 72.9972208501405, 92.22639529357401, 30.50808211512226, 64.5912998501813, 18.013105137696552, 23.351068988058522, 102.92925377334382, 56.44016695697681], [54.90578106033763, 67.72608971804081, 20.28360847536954, 76.66449005446655, 44.831675277895954, 8.742887587240768, 31.18900344408796, 67.15891596704299, 0.0, 79.12801907705601, 48.996319697417455, 6.756618321097567, 34.454961648384995, 36.39793824560732, 41.6452393428474, 88.81896419020781, 84.37300211774037, 53.87840213096997, 82.39336555735541, 52.97743814411448, 42.15659607179693, 56.74412005744705, 85.43243106048969, 16.943568381844244, 56.16121423722424, 62.860300565556784, 49.95932129045779, 39.9141882217507, 48.17314373798093, 25.88282380677885, 70.04333741615184, 56.22556822084467, 60.37538102049173, 55.537331341029606, 26.39904073379486, 75.91881899532818, 68.09794510711575, 67.30698257179088, 55.12465565056783, 39.64025342592206, 25.586631066960894, 51.03084376902313, 80.00660500190322, 52.57887889365753, 54.08088286218337], [48.07733464381039, 67.30336893630891, 82.71785897534357, 46.05676434255977, 36.38043338939467, 72.7079313723444, 56.373513118930184, 41.616386021103885, 79.12801907705601, 0.0, 61.873731111431646, 73.42679140673496, 49.180965665246866, 62.588499008789434, 62.308675842566, 50.588816195911654, 55.53061224044667, 66.1723273163085, 16.826156741014607, 46.03329103976218, 39.605389325269016, 88.45421176872955, 60.45558920444216, 77.72964683728509, 74.89702516019724, 74.35277416047458, 33.94789987960034, 48.75086479298594, 38.576143694027444, 77.20276778975658, 62.01308234104055, 95.46513062786529, 59.95110958381137, 25.55956794788436, 96.4455107516646, 6.132138638749009, 42.88608098464319, 44.312305552176085, 75.55761448764859, 42.84278309435549, 62.306172495161505, 51.398142612837546, 22.775198981634443, 92.13939214228834, 35.73277827010991], [72.40751918895855, 93.4907148210138, 36.407178975271364, 87.89504972531327, 49.24608064809276, 50.068744546567196, 21.11820915081983, 26.745650310613097, 48.996319697417455, 61.873731111431646, 0.0, 42.72460369494216, 25.035478684503346, 12.619916200926104, 7.351204071729827, 98.31328451548453, 98.2921716851806, 82.9055270524293, 54.56774005434566, 15.931672439570393, 29.870858549121028, 96.19898648763076, 101.64506831282294, 34.890314394697675, 89.3003691218759, 93.77178942638507, 54.85027606023366, 58.33051873773614, 25.120491426165728, 27.732369256630374, 92.25082814931478, 98.73353884315814, 84.1560286235199, 52.53228838153136, 75.34386214953223, 62.68423796011563, 26.7407189142012, 80.05842575691574, 88.89706084029609, 27.6733200182051, 56.41580771412031, 10.521148962906171, 48.77468359555237, 94.7558110718689, 62.096567568112974], [52.73035097855438, 67.47346533900479, 18.111104473416127, 74.11393339733523, 40.13883614157557, 9.216487004405781, 24.449595387739247, 60.40272632214792, 6.756618321097567, 73.42679140673496, 42.72460369494216, 0.0, 27.788356617558193, 30.10487637778626, 35.38431455765948, 86.24424692262714, 82.38296779510748, 53.945856201022735, 76.05288830480924, 46.23076158603768, 35.74960258362511, 59.44669794272828, 83.82358608975083, 13.398272044862109, 57.236151196761476, 63.576214027439946, 45.61943723253003, 37.11041631667214, 41.52713359761244, 21.65612614347721, 69.16486601204996, 59.80649712288694, 59.5478144490522, 50.517613770844335, 32.65740920762264, 70.48946377684065, 61.34453014376518, 64.75798751035255, 56.32698462209571, 33.12651618754674, 24.43151710797208, 44.35907912627872, 73.49031592745496, 56.012875407100964, 50.36419857675672], [47.73203596439454, 68.49969531288201, 33.579781974842504, 64.74719239317339, 25.463879647613567, 31.506244742817458, 7.602149758952356, 33.565998497262655, 34.454961648384995, 49.180965665246866, 25.035478684503346, 27.788356617558193, 0.0, 17.076640531056142, 20.085091961921254, 75.87992371359667, 74.83400600304641, 57.92074273300213, 49.01164829237829, 20.344409242914363, 9.588378578547184, 72.28954815271281, 77.81449968565643, 28.774985976515506, 64.52422575666519, 68.79686191345408, 31.502890954196648, 33.304101992476085, 13.746067900811378, 28.246916797040463, 67.4692302983887, 75.6297320460414, 59.188430325723516, 31.607219507152244, 58.36933835875709, 47.66849631265901, 34.70163632374154, 56.33884936691753, 64.19179450727665, 6.338346964287795, 32.77621857374936, 20.641790253220435, 45.912737327348175, 71.64348232976921, 38.53805533631601], [64.35578765855034, 84.44377005261147, 25.478777106714816, 81.82130913752015, 42.53538831154553, 37.580371478552955, 10.574517395057647, 34.70606310738402, 36.39793824560732, 62.588499008789434, 12.619916200926104, 30.10487637778626, 17.076640531056142, 0.0, 5.286507765745187, 92.93892316619471, 91.87957134516562, 72.99542213779526, 58.59053455814877, 20.78650938354401, 25.083064281102402, 84.78862569301747, 94.7892550845253, 23.016246508226402, 78.8173137000139, 83.76189432156562, 48.57827728407405, 49.28099460612927, 24.017607393478237, 17.294766950379866, 83.88800369437449, 86.8857877095599, 75.2614877181904, 48.20616170749179, 62.72803314729433, 62.15799341083621, 35.186647147128156, 73.36516729449595, 78.29986616499171, 22.05264079227712, 45.184885839309764, 16.748785544130154, 53.82428667275208, 82.92727030165263, 55.60702523238553], [67.80922530306114, 88.35183570975545, 29.71978159964527, 84.47552336704103, 45.31651235936772, 42.84165511516928, 14.77062855604285, 31.25361941208075, 41.6452393428474, 62.308675842566, 7.351204071729827, 35.38431455765948, 20.085091961921254, 5.286507765745187, 0.0, 95.31964518800628, 94.69483927656873, 77.24923350517518, 56.91348825371284, 18.15046392248043, 26.77477209769596, 89.66256136726551, 97.7948313823242, 27.78934209572572, 83.313979546922, 88.06844239669618, 51.20430869366624, 53.1201757850348, 24.010624397124054, 21.187855070259612, 87.50949963184927, 91.92947827268299, 79.09331656255866, 49.984482083182805, 67.99458976017401, 62.39778424354423, 31.554543743296016, 76.26274972198112, 82.84283310100436, 24.057718915120063, 49.95299715833221, 13.335511045314783, 51.6979073354883, 87.9625975536137, 58.361317137159936], [34.02627251183032, 33.61370246133626, 102.43364129632931, 12.155449513372854, 50.544659212536565, 80.13104444953565, 83.02604036722683, 87.07160288491417, 88.81896419020781, 50.588816195911654, 98.31328451548453, 86.24424692262714, 75.87992371359667, 92.93892316619471, 95.31964518800628, 0.0, 8.886654652000315, 43.37277894406805, 67.41110251439292, 85.10199036419701, 68.63894722666585, 63.01329175904194, 13.264330527465141, 96.84606707395253, 49.195442467564, 43.95118999976334, 44.4105062669865, 49.136178778632946, 73.5986298762805, 100.93025323508138, 27.077778274189086, 71.53622021462809, 33.71546703851067, 45.843922350880625, 92.51379325700222, 45.19922378614549, 88.58418971007221, 21.51959639429325, 50.549765423555534, 71.26194314055765, 63.501501851785136, 89.44479122772526, 72.9777498454719, 69.88872849548132, 37.63230839995622], [29.656994120965397, 25.15633860087312, 99.22634394112998, 10.615612090909211, 49.393998612353826, 75.63162985238513, 81.64608788501616, 89.39412481253858, 84.37300211774037, 55.53061224044667, 98.2921716851806, 82.38296779510748, 74.83400600304641, 91.87957134516562, 94.69483927656873, 8.886654652000315, 0.0, 35.99967237650905, 72.18281765243297, 86.00351001053974, 68.42193480753852, 54.62981303165327, 5.073181557066762, 93.68630194861076, 41.120732036091155, 35.504428899187765, 43.513167386066755, 45.52433389236489, 74.17982083440722, 98.44795709528279, 18.83075316011187, 63.15772338652837, 26.538108321227657, 46.61610937035858, 85.99234967122186, 49.76468819914787, 90.93895927791482, 18.544327987835285, 42.513263166487256, 70.77431533037795, 58.807194049573106, 89.99816209420214, 77.255358396653, 61.68666853655333, 36.33375756659275], [18.10823704150149, 14.004289236306484, 72.01111581783591, 33.08828489808313, 38.043429231293736, 45.504086408531236, 62.53621663594223, 84.31460297802175, 53.87840213096997, 66.1723273163085, 82.9055270524293, 53.945856201022735, 57.92074273300213, 72.99542213779526, 77.24923350517518, 43.37277894406805, 35.99967237650905, 0.0, 79.41771697275725, 75.48337117456805, 55.90336746170269, 22.708587602666874, 35.076292081625226, 66.93560897111274, 8.731970625842582, 10.880823326658948, 35.689412474258205, 25.100900955351786, 63.9260632241588, 73.78612037800085, 17.910838801591026, 30.57134564966802, 9.676206662028989, 43.96121797357876, 50.460596196781985, 60.245280598349986, 85.83536155787216, 26.467494210343872, 9.424294565812845, 56.74519482379479, 29.78009617219929, 77.64742254294961, 81.75182424870347, 27.981825466432614, 31.01893648289847], [61.670223477363066, 82.26268770582213, 81.81817257279381, 62.470649194513875, 44.943881637032916, 77.35533006770464, 55.051646852051334, 29.989403000407872, 82.39336555735541, 16.826156741014607, 54.56774005434566, 76.05288830480924, 49.01164829237829, 58.59053455814877, 56.91348825371284, 67.41110251439292, 72.18281765243297, 79.41771697275725, 0.0, 38.95645705065957, 40.311879231168284, 100.93617205746904, 77.05624656846918, 77.47176439417923, 88.1105027768636, 88.44600222637887, 44.604335101753655, 58.84956060349645, 35.85814303417867, 75.00748527796243, 77.41119276140252, 107.32190350437278, 74.27804993851372, 35.86843440330553, 102.99138685462617, 22.41833248475707, 30.88590123819423, 59.84067277766479, 88.59913547231395, 43.08245515392356, 70.12958634860975, 44.249248673715385, 7.088320107881684, 103.75408079785268, 48.39885347324231], [62.47475419460105, 84.44294801360778, 45.949060113583464, 75.42828154383974, 38.72982964643664, 51.34889968245855, 21.79437280444027, 14.380715440762792, 52.97743814411448, 46.03329103976218, 15.931672439570393, 46.23076158603768, 20.344409242914363, 20.78650938354401, 18.15046392248043, 85.10199036419701, 86.00351001053974, 75.48337117456805, 38.95645705065957, 0.0, 19.589643655082085, 91.72399898582844, 89.75670156582096, 42.73484417867457, 82.81089451755855, 86.29183766662445, 43.508080917426476, 50.383369227630745, 12.0304553355953, 38.04027023237057, 82.26509070118237, 95.53924765789931, 75.07364778445398, 39.43113806827535, 78.0998967515143, 47.13513871596637, 15.175303007267061, 68.34516051927375, 82.64965911561089, 18.986438977549767, 52.74850847294677, 5.411387515157474, 33.56192724870004, 91.56565631206779, 50.67183623669846], [43.23334713748378, 65.00152164400858, 43.12145371447318, 58.04248072125313, 19.609149441723172, 37.78155753494729, 16.99038706976522, 29.8389356949003, 42.15659607179693, 39.605389325269016, 29.870858549121028, 35.74960258362511, 9.588378578547184, 25.083064281102402, 26.77477209769596, 68.63894722666585, 68.42193480753852, 55.90336746170269, 40.311879231168284, 19.589643655082085, 0.0, 72.72173451132716, 71.7968340258166, 38.2134711897578, 63.31839256282842, 66.70386260645033, 25.006083199316144, 30.808572785221095, 8.348532739791024, 37.79034823876733, 63.10687027564307, 77.03906243105357, 55.62029533956442, 23.23163996945949, 64.30064677392882, 38.11514990738915, 31.225833355946136, 50.213063693129065, 63.19994216271273, 3.2762777991824996, 34.82892280664771, 22.287393801119233, 37.9229784014388, 73.10473449424228, 32.26121847134726], [40.63074460622218, 29.4735434303606, 76.89618859501853, 54.29172905138966, 57.41788596785042, 50.23133498525777, 75.08895976556849, 102.34152391234845, 56.74412005744705, 88.45421176872955, 96.19898648763076, 59.44669794272828, 72.28954815271281, 84.78862569301747, 89.66256136726551, 63.01329175904194, 54.62981303165327, 22.708587602666874, 100.93617205746904, 91.72399898582844, 72.72173451132716, 0.0, 52.172833950616194, 72.77247917581528, 14.475306372484813, 19.13193433420926, 56.43600185829195, 43.25745872579794, 81.05661572294355, 81.03106320133118, 35.935542551418784, 8.528437052537168, 31.215955627638216, 65.09533215723064, 42.30007956379384, 82.6245771879407, 103.79007454890396, 48.79556325800837, 13.414632400231016, 72.7685214404004, 39.78674779720064, 92.88627455519139, 102.6662407121946, 7.813786604469741, 52.849897668754885], [31.40376749201485, 22.924105955407338, 100.99463238509551, 14.91491707452467, 52.50015023291734, 76.69765526390948, 84.44046851493171, 93.63025862317116, 85.43243106048969, 60.45558920444216, 101.64506831282294, 83.82358608975083, 77.81449968565643, 94.7892550845253, 97.7948313823242, 13.264330527465141, 5.073181557066762, 35.076292081625226, 77.05624656846918, 89.75670156582096, 71.7968340258166, 52.172833950616194, 0.0, 95.5000285344267, 39.24419764148277, 33.09901964139975, 46.79583614629443, 47.407264025373884, 77.8496282143589, 100.6231146645157, 17.244906221901665, 60.66813132647497, 26.074607431958267, 50.51519300309495, 85.48523915215827, 54.6416467314198, 95.18225717837767, 21.58664257326154, 40.67450061000391, 74.02280216463798, 59.85699883509216, 93.60647305058095, 82.0270514241409, 59.47304301116841, 39.54897124639251], [64.12998787344588, 80.24262954252443, 5.597027665142525, 84.84508882128075, 48.149853843053954, 22.58700881692626, 22.45811169067448, 57.06517587531649, 16.943568381844244, 77.72964683728509, 34.890314394697675, 13.398272044862109, 28.774985976515506, 23.016246508226402, 27.78934209572572, 96.84606707395253, 93.68630194861076, 66.93560897111274, 77.47176439417923, 42.73484417867457, 38.2134711897578, 72.77247917581528, 95.5000285344267, 0.0, 70.54179157519586, 76.7753660060108, 54.132339826222, 48.16774422375839, 41.63681406055006, 8.99866150929587, 81.52962824999469, 72.84098245479517, 72.00863437084593, 57.388513815051425, 42.49731823923298, 75.7376441678516, 57.71202647226621, 75.58867191523103, 69.65890026081298, 35.05400144287034, 37.188440988453664, 39.46315777759448, 73.77897830325873, 69.108519937169, 59.83013761937884], [26.823185299127708, 16.36172425231585, 75.31956907019035, 39.96122519542684, 46.15239921686374, 48.311854407525026, 68.54336269854561, 92.20830606016517, 56.16121423722424, 74.89702516019724, 89.3003691218759, 57.236151196761476, 64.52422575666519, 78.8173137000139, 83.313979546922, 49.195442467564, 41.120732036091155, 8.731970625842582, 88.1105027768636, 82.81089451755855, 63.31839256282842, 14.475306372484813, 39.24419764148277, 70.54179157519586, 0.0, 7.275928333761452, 44.17533147397544, 32.63315212501003, 71.4844664592329, 77.98254269261979, 22.292551999509712, 22.75552674544107, 16.74284943074306, 52.55969951859877, 48.42461701935793, 68.95944950278397, 93.71183477086892, 34.3272983624653, 1.4511046242188568, 63.90338474152446, 34.15616394457586, 84.66261255988599, 90.3520690784585, 20.73175851895462, 39.71810235477211], [26.821008406872824, 10.352105156070635, 81.68719050435118, 35.84113164797767, 48.52279450215743, 54.810099483161586, 73.33580340390462, 94.85639834913188, 62.860300565556784, 74.35277416047458, 93.77178942638507, 63.576214027439946, 68.79686191345408, 83.76189432156562, 88.06844239669618, 43.95118999976334, 35.504428899187765, 10.880823326658948, 88.44600222637887, 86.29183766662445, 66.70386260645033, 19.13193433420926, 33.09901964139975, 76.7753660060108, 7.275928333761452, 0.0, 45.68029743977455, 35.93023998666856, 74.67034551499982, 83.94652105875741, 16.909799910651067, 27.65715082877415, 14.438350703676182, 53.597614265965255, 55.68783595920924, 68.29060948862909, 96.38764943294056, 31.655439944710245, 8.657250907088335, 67.59920853907656, 39.89646915694989, 88.51185584942407, 91.22440981316848, 26.381505375831516, 40.318521674782446], [19.586846831573627, 41.83598163352398, 59.69962076536397, 33.28053426590546, 6.182370572854848, 42.17318758963844, 38.61833837420032, 49.82136579478199, 49.95932129045779, 33.94789987960034, 54.85027606023366, 45.61943723253003, 31.502890954196648, 48.57827728407405, 51.20430869366624, 44.4105062669865, 43.513167386066755, 35.689412474258205, 44.604335101753655, 43.508080917426476, 25.006083199316144, 56.43600185829195, 46.79583614629443, 54.132339826222, 44.17533147397544, 45.68029743977455, 0.0, 14.804699370389079, 31.480684213582457, 57.12811806908531, 38.96219441991802, 62.7179681383861, 32.69209374082764, 8.770955252315806, 63.39283117616691, 28.98369404226328, 51.379912314520986, 25.209682949965714, 44.5036290627034, 27.264430339776595, 29.06806690065727, 47.00599848244409, 46.27647437166189, 59.16562224851014, 7.256566052707184], [16.00367414156427, 35.23311178640992, 53.70242985927539, 37.00357811414163, 14.235795989117419, 31.364954728046236, 38.706479168947745, 59.60999317841538, 39.9141882217507, 48.75086479298594, 58.33051873773614, 37.11041631667214, 33.304101992476085, 49.28099460612927, 53.1201757850348, 49.136178778632946, 45.52433389236489, 25.100900955351786, 58.84956060349645, 50.383369227630745, 30.808572785221095, 43.25745872579794, 47.407264025373884, 48.16774422375839, 32.63315212501003, 35.93023998666856, 14.804699370389079, 0.0, 38.88763288207854, 53.27247598992997, 34.72597097729558, 48.841836439889555, 25.988021437898237, 23.420282078658218, 49.4615143821848, 43.701539475684065, 61.10497672573892, 27.6500360298876, 32.618184974730084, 31.680008570199195, 15.718163101253074, 52.60860219671477, 59.85452976309918, 45.13699892681832, 15.384033571345345], [50.485768919134095, 72.5191325286607, 45.970291655609074, 63.63836826374475, 26.75026318885725, 44.74599561640964, 19.195589733452987, 21.53083787548197, 48.17314373798093, 38.576143694027444, 25.120491426165728, 41.52713359761244, 13.746067900811378, 24.017607393478237, 24.010624397124054, 73.5986298762805, 74.17982083440722, 63.9260632241588, 35.85814303417867, 12.0304553355953, 8.348532739791024, 81.05661572294355, 77.8496282143589, 41.63681406055006, 71.4844664592329, 74.67034551499982, 31.480684213582457, 38.88763288207854, 0.0, 39.4096944713926, 70.25058089679203, 85.38218157997564, 63.16364039947494, 27.767633611565962, 71.52946847082552, 38.39595855169403, 22.89760403345935, 56.38527774942617, 71.40149947745086, 9.17514702937517, 43.06705032306519, 15.857840522439073, 32.29888719123212, 81.44509749386373, 38.65652218879348], [69.2514510179528, 86.70700172102464, 8.708918282816413, 89.13929212752178, 50.97221329321093, 30.833897931428627, 20.841917449669833, 51.99094424420778, 25.88282380677885, 77.20276778975658, 27.732369256630374, 21.65612614347721, 28.246916797040463, 17.294766950379866, 21.187855070259612, 100.93025323508138, 98.44795709528279, 73.78612037800085, 75.00748527796243, 38.04027023237057, 37.79034823876733, 81.03106320133118, 100.6231146645157, 8.99866150929587, 77.98254269261979, 83.94652105875741, 57.12811806908531, 53.27247598992997, 39.4096944713926, 0.0, 87.48178362283534, 81.44436712337834, 78.13485330466085, 59.10751936320558, 51.45477485200976, 75.90414381962734, 52.44045361218629, 80.06143083080224, 77.17973324632118, 34.51472812310533, 44.06351058576497, 34.000870584937644, 70.64296454852638, 77.66347319757277, 63.40903394444032], [19.88519845540242, 6.684434116052528, 86.87384239853543, 19.42587326379411, 43.565690163333514, 61.40015781841544, 73.32584862290524, 88.57817948009644, 70.04333741615184, 62.01308234104055, 92.25082814931478, 69.16486601204996, 67.4692302983887, 83.88800369437449, 87.50949963184927, 27.077778274189086, 18.83075316011187, 17.910838801591026, 77.41119276140252, 82.26509070118237, 63.10687027564307, 35.935542551418784, 17.244906221901665, 81.52962824999469, 22.292551999509712, 16.909799910651067, 38.96219441991802, 34.72597097729558, 70.25058089679203, 87.48178362283534, 0.0, 44.45870248228888, 9.667962558392192, 45.20802951909282, 68.3712903353634, 55.88317415564316, 90.1433994730339, 17.701808594204422, 23.69063884626998, 64.76555875116819, 44.77218109240943, 85.39227612515522, 81.17364528509292, 42.87736706279846, 32.13928482790117], [48.1070187509813, 38.001385023858965, 76.50672909535884, 62.696724833259694, 63.07504012550756, 50.724490279782934, 77.6620361065827, 106.85556544964017, 56.22556822084467, 95.46513062786529, 98.73353884315814, 59.80649712288694, 75.6297320460414, 86.8857877095599, 91.92947827268299, 71.53622021462809, 63.15772338652837, 30.57134564966802, 107.32190350437278, 95.53924765789931, 77.03906243105357, 8.528437052537168, 60.66813132647497, 72.84098245479517, 22.75552674544107, 27.65715082877415, 62.7179681383861, 48.841836439889555, 85.38218157997564, 81.44436712337834, 44.45870248228888, 0.0, 39.460355557063146, 71.46749713348137, 38.20985680175515, 89.74595784779721, 108.25961499037352, 56.929377142482934, 21.576585492184446, 76.75981513194776, 42.85668982382641, 96.26360547150799, 108.66519125995794, 3.989190196797889, 59.736932554063955], [13.153374187333148, 9.383161899972407, 77.31871356275839, 23.50404191232613, 36.45768958533399, 51.73427267423659, 64.68755285750659, 82.46583695098549, 60.37538102049173, 59.95110958381137, 84.1560286235199, 59.5478144490522, 59.188430325723516, 75.2614877181904, 79.09331656255866, 33.71546703851067, 26.538108321227657, 9.676206662028989, 74.27804993851372, 75.07364778445398, 55.62029533956442, 31.215955627638216, 26.074607431958267, 72.00863437084593, 16.74284943074306, 14.438350703676182, 32.69209374082764, 25.988021437898237, 63.16364039947494, 78.13485330466085, 9.667962558392192, 39.460355557063146, 0.0, 40.03710506358863, 59.51812034599735, 53.87610555989533, 84.01933831490433, 17.645133543179742, 17.883777249489214, 56.991746505831294, 35.13483081588516, 77.84642831477736, 77.31765347284285, 37.191891943192005, 26.643313572767067], [26.926882665179754, 48.84863180131125, 62.82095196685756, 36.01934114422186, 11.059126492497416, 48.34966401467693, 39.164347041151494, 43.59511419227929, 55.537331341029606, 25.55956794788436, 52.53228838153136, 50.517613770844335, 31.607219507152244, 48.20616170749179, 49.984482083182805, 45.843922350880625, 46.61610937035858, 43.96121797357876, 35.86843440330553, 39.43113806827535, 23.23163996945949, 65.09533215723064, 50.51519300309495, 57.388513815051425, 52.55969951859877, 53.597614265965255, 8.770955252315806, 23.420282078658218, 27.767633611565962, 59.10751936320558, 45.20802951909282, 71.46749713348137, 40.03710506358863, 0.0, 71.05527452367997, 21.050442536813986, 45.16112667734907, 29.457565992841523, 52.95924673733435, 26.15624018682203, 36.80495097592175, 43.623796219801704, 37.794189143818976, 67.92889920434003, 13.394233916620017], [59.83215934418801, 63.83612506486173, 44.29363751664291, 80.98564172298205, 60.081744135130734, 26.863101931420726, 56.61786897496074, 91.88489803324894, 26.39904073379486, 96.4455107516646, 75.34386214953223, 32.65740920762264, 58.36933835875709, 62.72803314729433, 67.99458976017401, 92.51379325700222, 85.99234967122186, 50.460596196781985, 102.99138685462617, 78.0998967515143, 64.30064677392882, 42.30007956379384, 85.48523915215827, 42.49731823923298, 48.42461701935793, 55.68783595920924, 63.39283117616691, 49.4615143821848, 71.52946847082552, 51.45477485200976, 68.3712903353634, 38.20985680175515, 59.51812034599735, 71.05527452367997, 0.0, 92.08917496049061, 92.96125141048945, 72.33983832520471, 47.0305892363521, 62.442626781213875, 34.33206429695346, 76.72832010660657, 101.7870025047522, 35.614774740016465, 64.79667217783906], [42.137809343116764, 61.17601181691778, 80.89899380983823, 40.11580651912459, 32.092166273489056, 69.10598896607159, 55.09603105963444, 44.52011345485291, 75.91881899532818, 6.132138638749009, 62.68423796011563, 70.48946377684065, 47.66849631265901, 62.15799341083621, 62.39778424354423, 45.19922378614549, 49.76468819914787, 60.245280598349986, 22.41833248475707, 47.13513871596637, 38.11514990738915, 82.6245771879407, 54.6416467314198, 75.7376441678516, 68.95944950278397, 68.29060948862909, 28.98369404226328, 43.701539475684065, 38.39595855169403, 75.90414381962734, 55.88317415564316, 89.74595784779721, 53.87610555989533, 21.050442536813986, 92.08917496049061, 0.0, 45.89284113097687, 38.18321114925991, 69.64824331243662, 41.391349470306324, 57.79941942804473, 52.3725560318294, 27.781934181135547, 86.47658759388909, 30.097392662101537], [70.96112644249335, 93.21306105344944, 60.64064351826536, 80.36249614774718, 47.86820189575965, 66.12543692190512, 36.94211957904634, 1.566659521464001, 68.09794510711575, 42.88608098464319, 26.7407189142012, 61.34453014376518, 34.70163632374154, 35.186647147128156, 31.554543743296016, 88.58418971007221, 90.93895927791482, 85.83536155787216, 30.88590123819423, 15.175303007267061, 31.225833355946136, 103.79007454890396, 95.18225717837767, 57.71202647226621, 93.71183477086892, 96.38764943294056, 51.379912314520986, 61.10497672573892, 22.89760403345935, 52.44045361218629, 90.1433994730339, 108.25961499037352, 84.01933831490433, 45.16112667734907, 92.96125141048945, 45.89284113097687, 0.0, 74.56100123574954, 93.72286937274943, 31.81156031564922, 65.93328365592426, 18.442009572173124, 24.133371126301707, 104.32871427252144, 58.00512202852327], [12.727375877139858, 23.2794454713365, 81.16021538036762, 9.36595816621111, 30.947622262315203, 58.62921825079186, 63.10656144660162, 72.9972208501405, 67.30698257179088, 44.312305552176085, 80.05842575691574, 64.75798751035255, 56.33884936691753, 73.36516729449595, 76.26274972198112, 21.51959639429325, 18.544327987835285, 26.467494210343872, 59.84067277766479, 68.34516051927375, 50.213063693129065, 48.79556325800837, 21.58664257326154, 75.58867191523103, 34.3272983624653, 31.655439944710245, 25.209682949965714, 27.6500360298876, 56.38527774942617, 80.06143083080224, 17.701808594204422, 56.929377142482934, 17.645133543179742, 29.457565992841523, 72.33983832520471, 38.18321114925991, 74.56100123574954, 0.0, 35.399587995742856, 52.441855149819894, 42.06721295993428, 72.08780188192871, 63.84822596055036, 54.44647504067919, 17.962667684052207], [27.519570285064038, 17.803540002896494, 74.39047900902972, 41.204524981550094, 46.29446428521227, 47.355617326321884, 68.0743301101866, 92.22639529357401, 55.12465565056783, 75.55761448764859, 88.89706084029609, 56.32698462209571, 64.19179450727665, 78.29986616499171, 82.84283310100436, 50.549765423555534, 42.513263166487256, 9.424294565812845, 88.59913547231395, 82.64965911561089, 63.19994216271273, 13.414632400231016, 40.67450061000391, 69.65890026081298, 1.4511046242188568, 8.657250907088335, 44.5036290627034, 32.618184974730084, 71.40149947745086, 77.17973324632118, 23.69063884626998, 21.576585492184446, 17.883777249489214, 52.95924673733435, 47.0305892363521, 69.64824331243662, 93.72286937274943, 35.399587995742856, 0.0, 63.71158182754733, 33.47751338575524, 84.41376524572804, 90.73639799930126, 19.432142157308913, 40.23751349187149], [44.88395804138842, 66.37106349256906, 39.908899210838996, 60.478679844843654, 21.573818132893646, 35.72955043309594, 13.716321796518688, 30.50808211512226, 39.64025342592206, 42.84278309435549, 27.6733200182051, 33.12651618754674, 6.338346964287795, 22.05264079227712, 24.057718915120063, 71.26194314055765, 70.77431533037795, 56.74519482379479, 43.08245515392356, 18.986438977549767, 3.2762777991824996, 72.7685214404004, 74.02280216463798, 35.05400144287034, 63.90338474152446, 67.59920853907656, 27.264430339776595, 31.680008570199195, 9.17514702937517, 34.51472812310533, 64.76555875116819, 76.75981513194776, 56.991746505831294, 26.15624018682203, 62.442626781213875, 41.391349470306324, 31.81156031564922, 52.441855149819894, 63.71158182754733, 0.0, 34.16667411805907, 20.936470415850735, 40.370966338358755, 72.80050263553677, 34.484106589945114], [29.483242675127865, 43.08853844423358, 42.35178254355432, 51.374062722967416, 25.948805118694253, 16.84545452832258, 35.31468902370427, 64.5912998501813, 25.586631066960894, 62.306172495161505, 56.41580771412031, 24.43151710797208, 32.77621857374936, 45.184885839309764, 49.95299715833221, 63.501501851785136, 58.807194049573106, 29.78009617219929, 70.12958634860975, 52.74850847294677, 34.82892280664771, 39.78674779720064, 59.85699883509216, 37.188440988453664, 34.15616394457586, 39.89646915694989, 29.06806690065727, 15.718163101253074, 43.06705032306519, 44.06351058576497, 44.77218109240943, 42.85668982382641, 35.13483081588516, 36.80495097592175, 34.33206429695346, 57.79941942804473, 65.93328365592426, 42.06721295993428, 33.47751338575524, 34.16667411805907, 0.0, 53.415277358935704, 69.86619990767734, 38.87202905800157, 31.03005982526375], [65.52069523480439, 87.22954898933318, 42.21873358968798, 79.47371114435222, 41.85912854555232, 50.27773225769675, 20.126887107720176, 18.013105137696552, 51.03084376902313, 51.398142612837546, 10.521148962906171, 44.35907912627872, 20.641790253220435, 16.748785544130154, 13.335511045314783, 89.44479122772526, 89.99816209420214, 77.64742254294961, 44.249248673715385, 5.411387515157474, 22.287393801119233, 92.88627455519139, 93.60647305058095, 39.46315777759448, 84.66261255988599, 88.51185584942407, 47.00599848244409, 52.60860219671477, 15.857840522439073, 34.000870584937644, 85.39227612515522, 96.26360547150799, 77.84642831477736, 43.623796219801704, 76.72832010660657, 52.3725560318294, 18.442009572173124, 72.08780188192871, 84.41376524572804, 20.936470415850735, 53.415277358935704, 0.0, 38.68814859201401, 92.27637271963073, 54.24166177967528], [64.41445494048429, 85.66705884130864, 77.8421641826448, 67.25574729616818, 45.664241537484294, 75.60132462241907, 51.3363960302835, 23.351068988058522, 80.00660500190322, 22.775198981634443, 48.77468359555237, 73.49031592745496, 45.912737327348175, 53.82428667275208, 51.6979073354883, 72.9777498454719, 77.255358396653, 81.75182424870347, 7.088320107881684, 33.56192724870004, 37.9229784014388, 102.6662407121946, 82.0270514241409, 73.77897830325873, 90.3520690784585, 91.22440981316848, 46.27647437166189, 59.85452976309918, 32.29888719123212, 70.64296454852638, 81.17364528509292, 108.66519125995794, 77.31765347284285, 37.794189143818976, 101.7870025047522, 27.781934181135547, 24.133371126301707, 63.84822596055036, 90.73639799930126, 40.370966338358755, 69.86619990767734, 38.68814859201401, 0.0, 104.98796374443828, 50.912104976639675], [45.11748849514392, 36.60548196772985, 72.8614987965331, 60.616496400767765, 59.35748642657587, 46.898240495424965, 73.67997740110668, 102.92925377334382, 52.57887889365753, 92.13939214228834, 94.7558110718689, 56.012875407100964, 71.64348232976921, 82.92727030165263, 87.9625975536137, 69.88872849548132, 61.68666853655333, 27.981825466432614, 103.75408079785268, 91.56565631206779, 73.10473449424228, 7.813786604469741, 59.47304301116841, 69.108519937169, 20.73175851895462, 26.381505375831516, 59.16562224851014, 45.13699892681832, 81.44509749386373, 77.66347319757277, 42.87736706279846, 3.989190196797889, 37.191891943192005, 67.92889920434003, 35.614774740016465, 86.47658759388909, 104.32871427252144, 54.44647504067919, 19.432142157308913, 72.80050263553677, 38.87202905800157, 92.27637271963073, 104.98796374443828, 0.0, 56.41003308233684], [13.55295628133062, 35.49493253931062, 65.42495993569065, 26.22237694773001, 13.074875734441303, 45.85063794788826, 45.50045739595848, 56.44016695697681, 54.08088286218337, 35.73277827010991, 62.096567568112974, 50.36419857675672, 38.53805533631601, 55.60702523238553, 58.361317137159936, 37.63230839995622, 36.33375756659275, 31.01893648289847, 48.39885347324231, 50.67183623669846, 32.26121847134726, 52.849897668754885, 39.54897124639251, 59.83013761937884, 39.71810235477211, 40.318521674782446, 7.256566052707184, 15.384033571345345, 38.65652218879348, 63.40903394444032, 32.13928482790117, 59.736932554063955, 26.643313572767067, 13.394233916620017,