instance_id,num_cities,city_coordinates,distance_matrix,best_route,total_distance
1785,82,"[[69.14957975818109, 26.00732886788897], [28.21206391667167, 51.58333950987979], [91.74608583186468, 15.314362406975501], [84.52886968258072, 27.443518830764923], [7.864529657228503, 59.33001138248758], [80.49778766131732, 59.68607973924467], [7.327216053477148, 54.64447780450081], [89.10137902633184, 7.598737899186602], [42.61089403926693, 7.2318143697713495], [95.66044745103724, 85.17602620913719], [60.353822812466376, 38.64760889257867], [23.4824799371798, 59.19556857701721], [21.325477408385584, 51.16867864200616], [43.48214911210203, 98.35212736194599], [2.129647631155873, 36.59917368221526], [73.93716724160298, 23.999352892556747], [3.929443683050682, 0.7348468311526579], [36.06240803854941, 48.307434322771506], [94.27773083569039, 41.88082309973774], [91.809249943438, 79.61068654150286], [48.07443073429318, 65.3417093909804], [51.4443884173978, 57.12116039432037], [47.0889818322724, 90.47633390528127], [56.87067446235101, 6.125229770842944], [11.567192304794926, 33.61374269247454], [3.6221917231384015, 94.89206394042007], [14.361176209592031, 8.181546608579982], [62.08960768592182, 54.5150893372639], [13.257101416151896, 7.39498653990831], [46.28616753916116, 53.669578381106575], [65.35813146912659, 30.03534703406502], [44.80051781657336, 34.82578117725368], [38.501093587747604, 26.872084540645258], [92.8919418924413, 22.06877622445129], [91.726255461408, 41.48350186841333], [99.0697986877301, 15.25873086197398], [40.382069435346445, 26.666141871960914], [42.93432084115164, 71.55192229113828], [41.584073114051776, 25.779880975248005], [68.20187279757373, 11.671589486683898], [75.7846682254962, 89.43265882257009], [3.974204886653898, 88.63275601599797], [53.19746358129337, 19.209346899035573], [16.969492264008224, 77.32143414563608], [66.30871878011594, 81.98468423635791], [96.00120490932721, 11.799159865039632], [19.22562297748962, 52.21369412894556], [57.49184996134375, 86.43432934699449], [13.588340813334565, 93.25626469510901], [58.566176550164464, 24.373939297191438], [68.74214077218087, 48.9173717879876], [67.77581295222312, 42.5573610206399], [9.023326184877678, 11.190887790899385], [67.83130498724353, 96.74720801659772], [33.06673437904056, 56.133732759672526], [14.204127363745645, 44.943130481370254], [59.874568412802944, 95.11948116054214], [38.96979619105508, 79.15609092583755], [72.71395636855867, 59.946244659034065], [78.05451511754589, 47.16774967536048], [92.72863644632699, 71.08010733064964], [44.09374058516048, 1.1793208781577191], [22.954333203675105, 29.76248681197361], [3.4677651766045314, 1.3171605938269382], [10.512399702655195, 33.522680626488196], [5.6554459181180405, 79.71095711960906], [26.991471139714406, 75.99049608421568], [44.12454455906882, 75.48744200564309], [72.45031610472775, 85.09705117698384], [23.410393372277827, 40.841004544968484], [87.7448532819962, 14.631744695144732], [71.65163450391921, 34.745380624854945], [5.91729169991877, 25.977627328489127], [20.475138649649317, 58.52449143021248], [32.53344332150525, 28.814155371604155], [70.53539474011443, 39.454253268367545], [40.04342014638876, 81.48623962483944], [30.093767360156686, 16.552118692753602], [1.3192143743375073, 83.93174576065738], [66.57713651675714, 2.573938847849655], [42.99049108638043, 13.003475991732817], [49.84106551519643, 2.8358491623214577]]","[[0.0, 48.270203269025735, 24.998832342176293, 15.446203423113577, 69.75857320677513, 35.539275215846004, 68.13289186035175, 27.146832513012843, 32.50879549224061, 64.83641608608822, 15.3994162016181, 56.4530181748669, 54.039229158262266, 76.76318691350036, 67.85173895252676, 5.191624160985588, 69.94543943643278, 39.9005718718827, 29.72190767266913, 58.19605318911242, 44.62460529253382, 35.798663559816085, 68.13899464594351, 23.36812743393707, 58.08260390256906, 95.07336803073642, 57.61534237127591, 29.36895661477161, 58.91000273423982, 35.88782058621473, 5.531727621242623, 25.89675498144101, 30.66068340583453, 24.066822736694654, 27.37185080608974, 31.79232391450651, 28.77505316674032, 52.550449952174304, 27.566444984643997, 14.367030733210589, 63.771442502340086, 90.38680000490783, 17.340200961055174, 73.18400734692825, 56.0493961175725, 30.378970352386727, 56.38417367343662, 61.541246744909934, 87.23227982220737, 10.708706035423706, 22.91366564144799, 16.606950336959574, 61.92490044359447, 70.75216145352458, 47.0060840966979, 58.116841978675104, 69.73173904313427, 61.11963877880008, 34.12557377831242, 22.957815281592865, 50.86774294831548, 35.2735744914296, 46.347621464500406, 70.16911839356472, 59.11682837331215, 83.159994705981, 65.38824915274695, 55.44848043762566, 59.18183963848503, 48.08441645000155, 21.798809891750704, 9.089214842773101, 63.23229503398169, 58.53688647624249, 36.723558141487565, 13.518145545759484, 62.650443463113696, 40.184045111532264, 89.19751420568267, 23.574164503999416, 29.212978447324474, 30.16183339946477], [48.270203269025735, 0.0, 73.15743735814712, 61.2724534688709, 21.772300648784594, 52.909841303163724, 21.10799464486326, 75.11427210174432, 46.63029156195603, 75.35086622642994, 34.64716137750364, 8.961863421724189, 6.899059165672786, 49.1985265940686, 30.080187247453917, 53.40094935279991, 56.34904482871761, 8.506436247149761, 66.77433017368128, 69.49916727669587, 24.162085120761585, 23.88322343937656, 43.23196783669532, 53.73784234089828, 24.494043372950113, 49.80268493058158, 45.558344102057184, 34.00416340520417, 46.65041737852664, 18.194109331987246, 42.94352470803153, 23.5794945675375, 26.767709160979752, 71.09568243494124, 64.31220139262409, 79.62597421890156, 27.730412410414754, 24.809053735327584, 29.06250337330355, 56.498961089962975, 60.792463785883704, 44.2733901322548, 40.89432227055333, 28.086383406277463, 48.740095126728576, 78.60119965073719, 9.008521948643113, 45.51809929520834, 44.16430652570905, 40.76424430430438, 40.61766258424596, 40.58027261412027, 44.718651719497736, 60.07877563249934, 6.653863841855817, 15.502085743960413, 53.832237746484864, 29.597050939806667, 45.28086366593584, 50.03765957054985, 67.3981608534779, 52.84688021093968, 22.44534126971802, 56.026503219086635, 25.287655339931522, 36.055011966879526, 24.437658209642507, 28.716078359041667, 55.49947591067716, 11.766639304204727, 70.06834783958055, 46.58876637364687, 33.95157381496645, 10.39421005024562, 23.175635186186867, 44.02702652967404, 32.15842697520697, 35.08172230360817, 42.067145653965746, 62.239859807531936, 41.313530213348194, 53.330399635988854], [24.998832342176293, 73.15743735814712, 0.0, 14.113987547756919, 94.72852168705126, 45.775249980184, 93.1311094739186, 8.156306494512354, 49.79552846661111, 69.97123906357469, 39.11412237334483, 81.15097131077705, 79.02274408937313, 96.04518726311161, 92.10944135540088, 19.813799259334527, 89.0186773251463, 64.72414361759172, 26.686814350264378, 64.2963551604381, 66.40744615793673, 58.06922741385413, 87.42756371501225, 36.0656966769982, 82.24063646433251, 118.73681524376502, 77.71294164076629, 49.15489485172178, 78.88749703681749, 59.47879255332541, 30.216411498405197, 50.83878262416899, 54.48495333571652, 6.850919071866785, 26.169146974935483, 7.323924143788474, 52.60347020305275, 74.46644575399979, 51.242117430926676, 23.824352288213117, 75.81746972535308, 114.36559765098856, 38.744898781783256, 97.14121623294506, 71.35819122818918, 5.519301339319863, 81.36816462315453, 78.9392321512103, 110.37922466965655, 34.394509930679206, 40.722766700819065, 36.287118311993304, 82.82546713736424, 84.8718156217176, 71.48067768925175, 83.00975376832395, 85.93398979370403, 82.83177559684876, 48.520375774200886, 34.67127613882855, 55.774400154571524, 49.70458134349886, 70.2926278387736, 89.38111409190948, 83.24935203664926, 107.51055618562098, 88.73980686223722, 76.73728364741733, 72.40131477628387, 72.94776434389469, 4.059042850061091, 27.952664330162378, 86.48865313398247, 83.34664457826072, 60.73204626181684, 32.13452578442029, 83.97549031425865, 61.664742061893755, 113.5137189061405, 28.209828111712792, 48.8103289787115, 43.72349506315094], [15.446203423113577, 61.2724534688709, 14.113987547756919, 0.0, 83.0311353576108, 32.49357407548728, 81.85345131488924, 20.364753176039866, 46.53632644775472, 58.79587087380375, 26.64515950947674, 68.81027804068133, 67.50964377801682, 81.93206962733973, 82.90631948433668, 11.137613730423912, 84.9094849321122, 52.766474905473366, 17.420563950042247, 52.672737955254796, 52.585159187482056, 44.44485695062043, 73.31357976842925, 34.92055571268485, 73.22211433906911, 105.33373996892969, 72.76351270525306, 35.16234361704358, 74.03788623968848, 46.37144020588937, 19.345148670512, 40.4084117399048, 46.03132313310161, 9.941269278691998, 15.777309204890425, 18.97123280594034, 44.153644096555425, 60.62720304570471, 42.977008309404745, 22.70076171668502, 62.602831693508065, 101.15916551501816, 32.395348364928346, 83.97663909292025, 57.504022665452204, 19.400011417607924, 69.84322167919082, 64.89157234008324, 96.76712331392872, 26.143522203424453, 26.652338931487332, 22.563092331305675, 77.23493454779079, 71.28681506086164, 58.919264636334, 72.46934379537706, 72.0268730986039, 68.9189327405345, 34.583512876593225, 20.759637507545314, 44.40031566203228, 48.216260319717634, 61.61818850866966, 85.16741899607861, 74.2656989223679, 94.6197763768581, 75.28187850690031, 62.77521838050466, 58.905188638434694, 62.569647353611835, 13.209243241528101, 14.803390540904777, 78.62524423377384, 71.19625915008969, 52.013488702423196, 18.441124767650308, 69.99693487048826, 55.51398888405558, 100.5721955522483, 30.67182309846531, 43.976718085759344, 42.529767980392684], [69.75857320677513, 21.772300648784594, 94.72852168705126, 83.0311353576108, 0.0, 72.63413077171927, 4.716241174835925, 96.3096586621636, 62.62213641952168, 91.52125252462739, 56.417086673197616, 15.61852892608563, 15.741806327745076, 52.83313686642587, 23.443119553700445, 74.92562223090454, 58.72715053893035, 30.275692399103672, 88.15733383920013, 86.35983932844857, 40.65681563492945, 43.63580080901727, 50.08643583971804, 72.33499163616067, 25.981458504453297, 35.8142012793832, 51.559401326567034, 54.43842908754311, 52.21423786262196, 38.83635872856112, 64.526673621006, 44.325213132689626, 44.633127431753785, 92.83350945062507, 85.73964635273072, 101.29500908556145, 46.09033265905331, 37.138462002928556, 47.56699340172106, 76.88901192520414, 74.29208979450364, 29.559862480689393, 60.53711767797801, 20.16411756346394, 62.68139631778893, 100.13618412176285, 13.405835023777579, 56.546573484945505, 34.405707055413366, 61.58395873349149, 61.76169199745358, 62.21481870273263, 48.153068744979215, 70.68281790814626, 25.404080772088378, 15.721731493172493, 63.13422430307223, 36.886461421497614, 64.85235453119112, 71.235908562692, 85.67369127043918, 68.51319968145513, 33.195491867093935, 58.179226486139186, 25.942812810622897, 20.5003170733014, 25.365560135170604, 39.69699289648733, 69.53606367068193, 24.156101765076148, 91.5357916186365, 68.36079881197885, 33.4091792438515, 12.636309649309721, 39.23993844863305, 65.74711469599482, 39.06890634559098, 48.20878666620515, 25.457542822638406, 81.66040640236031, 58.13760441945576, 70.38195740098249], [35.539275215846004, 52.909841303163724, 45.775249980184, 32.49357407548728, 72.63413077171927, 0.0, 73.3440542885821, 52.793114743678615, 64.70600176011257, 29.658786605941515, 29.12724798874342, 57.01741765529517, 59.78217478580426, 53.527756687228724, 81.69804528306105, 36.28476558173814, 96.63311627469265, 45.86912396954321, 22.514750673450877, 22.911550257117746, 32.912918758062105, 29.166398798489844, 45.433336423071104, 58.54062800700388, 73.69663313398387, 84.55364317652767, 83.82582124455575, 19.120675504383442, 85.18021081625977, 34.736626778879916, 33.29226846539222, 43.50091400142987, 53.29615928003359, 39.606521973394415, 21.387200150588953, 48.1529741742701, 51.95755138134178, 39.3930483590191, 51.61305546554781, 49.563906187362626, 30.117643698949095, 81.815455680097, 48.82287984431067, 65.93064569020079, 26.430237195949566, 50.334014755475486, 61.72612665436822, 35.280901725063, 74.85874294612466, 41.56853171005845, 15.942405863655917, 21.336392512323016, 86.37350453382048, 39.16589093232822, 47.5638937065654, 67.91320893957295, 40.99808664383131, 45.86562341405843, 7.788177924239905, 12.754535205623682, 16.715786752512436, 68.90787673374082, 64.85885108908244, 96.64654720267905, 74.7159820979276, 77.47497551922466, 55.93531889656226, 39.65722964667637, 26.654816972992222, 60.117447099741206, 45.63346432582603, 26.463047783629623, 81.84442645517383, 60.03388777830043, 57.040810321289946, 22.551631317137964, 45.954355855244046, 66.34081592865753, 82.80760103144831, 58.7841914589892, 59.88374394614518, 64.58934377584117], [68.13289186035175, 21.10799464486326, 93.1311094739186, 81.85345131488924, 4.716241174835925, 73.3440542885821, 0.0, 94.34148278010831, 59.10074945531434, 93.46087532823321, 55.38700966253462, 16.784069183953907, 14.423331819601236, 56.72334452683555, 18.778916858287836, 73.32127438986014, 54.01660086273304, 29.425658505941524, 87.88232417451364, 88.09384557892822, 42.12797488438397, 44.18663660020527, 53.524946795628026, 69.34458667310251, 21.453885847648984, 40.41776088623221, 46.99234587456435, 54.76254448690912, 47.62014243129967, 38.97114740098904, 63.03329644921539, 42.39137979626196, 41.75064631983488, 91.555986376258, 85.41902095301573, 99.83956395449398, 43.30601128770611, 39.417351387798234, 44.796174008323, 74.51438092131711, 76.7895845569582, 34.15326835995311, 57.96316166799899, 24.64179050754893, 65.01003423802406, 98.48247340994709, 12.144167184567818, 59.389268022127254, 39.116131840255406, 59.512490909922285, 61.68138067138598, 61.64520467298144, 43.48667927823417, 73.7114961794816, 25.78256550371817, 11.89151163869889, 66.32835092663393, 40.02589231451472, 65.60133032806374, 71.12139127165116, 86.9685720420721, 64.88682710148004, 29.382312131250256, 53.46679457344368, 21.360611201650872, 25.12216552449706, 29.023015427321283, 42.290336270104646, 71.8914277594461, 21.194444241230027, 89.82213083810834, 67.33204940852879, 28.701501753336327, 13.70847819163903, 36.09098848847019, 65.0078208705692, 42.31820161430345, 44.37728789705363, 29.897159539198036, 78.87898390662198, 54.825561721184854, 67.01911218329423], [27.146832513012843, 75.11427210174432, 8.156306494512354, 20.364753176039866, 96.3096586621636, 52.793114743678615, 94.34148278010831, 0.0, 46.49193292614264, 77.85407529554998, 42.31376109770506, 83.47498340023219, 80.5724058003628, 101.57407069201591, 91.67937247538404, 22.336819182973823, 85.44806358668347, 66.86052952191167, 34.67067902063784, 72.06284279826396, 70.83404014215004, 62.213497502614956, 92.91790698105964, 32.26436955675578, 81.78221435596461, 122.17535035086053, 74.74247509334398, 54.13667724572477, 75.8445512929337, 62.89407505800263, 32.66715834035833, 51.9988287328861, 54.146567547980595, 14.958287869156578, 33.98627966620683, 12.57159030257125, 52.317654967355445, 78.87589654225673, 50.87679554289383, 21.292662601461526, 82.91034555619507, 117.52934896936496, 37.734564866072674, 100.32080272688877, 77.79957823520614, 8.07781789265353, 82.90425563733515, 84.93652221886653, 114.1903272477654, 34.83971831407599, 46.06221975465423, 40.94978753215926, 80.1585808739355, 91.65078163280029, 74.13182263276416, 83.69111042363474, 92.27181021124055, 87.37064936093222, 54.85261238388536, 41.08211162004973, 63.58491378687872, 45.46313267848006, 69.7614753064592, 85.86369450709314, 82.75432603595833, 110.2877867816503, 92.3854601402385, 81.43581389014038, 79.26693167596953, 73.62305269377515, 7.162635456802098, 32.271253387071155, 85.19023395309374, 85.45755227562398, 60.41543915618221, 36.87098631650902, 88.69073368015701, 59.683006477394756, 116.32900119991231, 23.077913816817343, 46.42655684476048, 39.54816463645814], [32.50879549224061, 46.63029156195603, 49.79552846661111, 46.53632644775472, 62.62213641952168, 64.70600176011257, 59.10074945531434, 46.49193292614264, 0.0, 94.28443814568875, 36.07996212511979, 55.37262841307055, 48.821276132716804, 91.12447818886982, 50.0117296615543, 35.53147535440218, 39.223273561219834, 41.59434124282891, 62.209451295743996, 87.51673760216003, 58.366172845183485, 50.665347819645476, 83.36488051319786, 14.302652452924862, 40.73963131157557, 95.93976372226535, 28.265677928924408, 51.13832591100228, 29.3542461411965, 46.58297501954428, 32.20928301999156, 27.680705490622568, 20.065659025714254, 52.424414257962276, 59.8790182295282, 57.02665431600429, 19.56171629937933, 64.32092107481412, 18.57646726408598, 25.973251565733264, 88.64241717435364, 90.10497794000082, 15.98551657462919, 74.63267572133219, 78.41924796080883, 53.585314589678624, 50.69753849351668, 80.5883442432716, 90.78829577389678, 23.418443309277198, 49.198859266082884, 43.372426610444, 33.820097231189095, 93.00040230090997, 49.824578330703886, 47.21321590218618, 89.56716154261582, 72.01638113411244, 60.70424632859518, 53.395966176040126, 81.16891411124438, 6.231493508356868, 29.900026498000543, 39.58746855317081, 41.49123988513802, 81.35681458603378, 70.51044378546575, 68.27240908202138, 83.38696668091475, 38.70706511860098, 45.73656355417105, 40.004511430689504, 41.204683667290155, 55.86528785118438, 23.8191615320168, 42.6387535930097, 74.2987993991229, 15.605977475758932, 87.10845128297123, 24.414679659327362, 5.784131032108467, 8.46167180150912], [64.83641608608822, 75.35086622642994, 69.97123906357469, 58.79587087380375, 91.52125252462739, 29.658786605941515, 93.46087532823321, 77.85407529554998, 94.28443814568875, 0.0, 58.40763101986557, 76.71142791791742, 81.74464789693313, 53.81621000345508, 105.39317395528536, 64.91907470952744, 124.67914752286096, 70.08009253344235, 43.31727735583699, 6.767919019808291, 51.554137667206334, 52.36540243666295, 48.859804891430535, 88.0549538983608, 98.6425093078218, 92.54967264463887, 111.9719669977745, 45.465309109210445, 113.31461322252841, 58.570263543514166, 62.91839837246174, 71.5673082992041, 81.6488906731235, 63.16794775562695, 43.869289370538134, 70.00037045985964, 80.49289186751432, 54.45787945605411, 80.32531562389929, 78.46576030272675, 20.326473403622906, 91.75138176906427, 78.45194566308676, 79.08198938273509, 29.524712353528635, 73.37765756771564, 83.23940009675024, 38.18933308028536, 82.46890894113139, 71.22414412623813, 45.158446108001925, 50.93037859256188, 113.92888785577189, 30.138902081718772, 69.00309938650776, 90.85052548447186, 37.14164017527708, 57.0093813428635, 34.10400753671323, 41.8879211515625, 14.397584686197957, 98.56252717666413, 91.41575027024324, 124.62664244551068, 99.5904520787074, 90.1707673311817, 69.28060530423257, 52.438706608368925, 23.210265706549812, 84.76829867554244, 70.98698673260033, 55.854033991979385, 107.50946206823762, 79.76926078153348, 84.6267046190309, 52.170382350275574, 55.73928821974387, 94.91169696595378, 94.3494382191365, 87.57250602410436, 89.34764299263081, 94.23014654070859], [15.3994162016181, 34.64716137750364, 39.11412237334483, 26.64515950947674, 56.417086673197616, 29.12724798874342, 55.38700966253462, 42.31376109770506, 36.07996212511979, 58.40763101986557, 0.0, 42.21036096292305, 40.98766805577334, 62.042589397208346, 58.26019792581373, 19.976952963921565, 67.97858550504228, 26.141634590443495, 34.077635036450786, 51.64704857456676, 29.382962260947657, 20.509756856860445, 53.499277964026554, 32.70836997110714, 49.045643284726204, 79.88689936206222, 55.167966181737896, 15.962139104436632, 56.52280575308251, 20.580536732622292, 9.960630474559997, 16.015981499143187, 24.823471721978265, 36.51830891348058, 31.500346335917747, 45.23236013635045, 23.2900512005159, 37.230805647464415, 22.75701925770565, 28.09443915717049, 53.07760626245823, 75.34703876338119, 20.713751634487103, 58.11940206886079, 43.74428974549624, 44.62706651286813, 43.30782250709627, 47.87234630127342, 71.89656177572299, 14.385177193118054, 13.260162447013492, 8.388807980727995, 58.21246788867738, 58.57880297552884, 32.40909938688439, 46.57711865374045, 56.47390585242691, 45.806262794339425, 24.625287552363158, 19.644523588968074, 45.82570798975923, 40.8443739182075, 38.4404372683941, 68.04106057033776, 50.10421486605486, 68.39671777571304, 50.07532059751294, 40.256214134275474, 47.99870663363765, 37.00848501749447, 36.42842685777551, 11.95273753032963, 55.89154097358322, 44.55782658492903, 29.507123261515282, 10.21347551359784, 47.40950051912812, 37.46840860174639, 74.40254058384083, 36.60654728266506, 30.96945012211788, 37.32291790534302], [56.4530181748669, 8.961863421724189, 81.15097131077705, 68.81027804068133, 15.61852892608563, 57.01741765529517, 16.784069183953907, 83.47498340023219, 55.37262841307055, 76.71142791791742, 42.21036096292305, 0.0, 8.311655787988723, 43.96843029929448, 31.089234627616854, 61.517876015790584, 61.6439552089472, 16.637489551434957, 72.88187676457045, 71.31146149807877, 25.348354796962848, 28.038749885908377, 39.18868728657464, 62.69954062553249, 28.220628890042857, 40.8493675492563, 51.82305103992916, 38.88980841970615, 52.800176754264264, 23.4636897331613, 51.02831284354883, 32.3781604934087, 35.6421993742616, 78.7151327211575, 70.5048239831239, 87.4293341178768, 36.65732842101527, 23.044600054283986, 38.00362947719613, 65.25605478712829, 60.41357898903367, 35.314597544990626, 49.81845217437637, 19.260477954675157, 48.512168844188146, 86.63362528706034, 8.177249047442453, 43.57278207464557, 35.46864825519854, 49.430877331214454, 46.41204830788389, 47.31521214441099, 50.13498284242035, 58.1114782802969, 10.061449785130497, 17.00646401069902, 51.136206340775054, 25.26419239131355, 49.23719921150598, 55.88179892646768, 70.2586112350358, 61.56873445633276, 29.437819911804848, 61.241317079369004, 28.763173625495916, 27.17874737677022, 17.15758168366151, 26.296767323543943, 55.39617116559763, 18.354705589559757, 78.20221881048592, 54.01924788971513, 37.576155452641466, 3.0813059174072746, 31.700949615783546, 51.02642767789795, 27.769385235817058, 43.15290186558622, 33.21278070366152, 71.15587381867121, 50.14251605578665, 62.21891196554999], [54.039229158262266, 6.899059165672786, 79.02274408937313, 67.50964377801682, 15.741806327745076, 59.78217478580426, 14.423331819601236, 80.5724058003628, 48.821276132716804, 81.74464789693313, 40.98766805577334, 8.311655787988723, 0.0, 52.12672955493622, 24.09876253274741, 59.21285475964122, 53.349727089259304, 15.012123216008227, 73.54111462777644, 76.00598663347542, 30.27179057543429, 30.70147943308972, 46.99840340369144, 57.379206336566966, 20.08481775757791, 47.171397541381324, 43.54761774938708, 40.901256482231474, 44.51106392124677, 25.085664258887583, 48.84150211125878, 28.603632980959986, 29.754432880951498, 77.25647648876321, 71.0638600106036, 85.63704712769223, 31.040747540119703, 29.70553376328528, 32.480790429563456, 61.29776909828754, 66.55776170900774, 41.28708940586447, 45.135600007790664, 26.513038811322275, 54.52630745886312, 84.4181454814355, 2.345516147652071, 50.51408341527747, 42.792852002032014, 45.87840155372735, 47.47007844007041, 47.24180842549479, 41.82782191389953, 65.11677463407544, 12.747896989006064, 9.458915178744883, 58.46114486811048, 33.08500010049297, 52.13272901952703, 56.86994946369723, 74.1274315825153, 54.93022572071698, 21.46807443312046, 52.95348655056663, 20.69550423241307, 32.56088984654766, 25.460284878567922, 33.334662357341095, 61.35864726832912, 10.53602044564814, 75.80554751254873, 52.93814131384377, 29.52966733823544, 7.404799644808008, 25.0068632690427, 50.5850148327559, 35.63026640780252, 35.709790413814055, 38.38839834648957, 66.401516456494, 43.885709644531616, 56.117743812359116], [76.76318691350036, 49.1985265940686, 96.04518726311161, 81.93206962733973, 52.83313686642587, 53.527756687228724, 56.72334452683555, 101.57407069201591, 91.12447818886982, 53.81621000345508, 62.042589397208346, 43.96843029929448, 52.12672955493622, 0.0, 74.31996142963627, 80.3482619635552, 105.32592256887624, 50.5917370623283, 75.95524555758242, 51.8338719254918, 33.32831746601323, 41.9927361794898, 8.6624110294614, 93.19363309976742, 72.177717597779, 40.00985181090999, 94.75634383083816, 47.62271955016684, 95.84756113090437, 44.770444522747376, 71.73382102225416, 63.5400248317413, 71.65338398060267, 90.88716786963042, 74.57569552452607, 99.97249285300624, 71.75298606798593, 26.8058036188397, 72.59706356393468, 90.13645425370812, 33.5113362923073, 40.685916928115994, 79.73686120381034, 33.84096674599174, 28.08817326345829, 101.24064107043466, 52.12613625922386, 18.393086402516197, 30.325032414207264, 75.50033240388026, 55.5145227604837, 60.854236120895884, 93.72562168954221, 24.401990860112434, 43.484177661017654, 60.90749958163262, 16.708124131494912, 19.719258194477902, 48.265001623002775, 61.76640681128701, 56.29369051099252, 97.17473109849946, 71.59560054042903, 104.96159153436732, 72.73143433308104, 42.170519353329595, 27.78461828764536, 22.87370779635466, 31.856737805082943, 60.91309076174543, 94.70105307918811, 69.5653515603583, 81.54254575061111, 45.995250997577116, 70.39462839605457, 64.81386943974717, 17.21287384663922, 82.88842008517095, 44.5607503440839, 98.52329591656458, 85.35006747699997, 95.72771395436962], [67.85173895252676, 30.080187247453917, 92.10944135540088, 82.90631948433668, 23.443119553700445, 81.69804528306105, 18.778916858287836, 91.67937247538404, 50.0117296615543, 105.39317395528536, 58.26019792581373, 31.089234627616854, 24.09876253274741, 74.31996142963627, 0.0, 72.90456334507638, 35.90945845189351, 35.89589943284292, 92.29932317649698, 99.46065206569752, 54.194616461083754, 53.41437631786083, 70.17186135132523, 62.65174599360413, 9.898487140034941, 58.311994842584674, 30.938193545540262, 62.57936435861221, 31.252276307176555, 47.341281847558776, 63.568270298282386, 42.70770519891469, 37.64967920369737, 91.91804235215608, 89.72964279722997, 99.26130860831634, 39.521043696102446, 53.72816757617103, 40.9109861145441, 70.61815200263403, 90.64457629019397, 52.0662662571012, 53.94745500453298, 43.341936804645485, 78.60532896568445, 97.09227544537775, 23.153522881492787, 74.4883627621217, 57.8042179385435, 57.74546001370897, 67.7418795652745, 65.91599970963541, 26.3268645291627, 89.07577568355383, 36.588281386214504, 14.677011817086134, 82.2137595748827, 56.287545258218174, 74.34534526877665, 76.65689989393498, 96.93870000984764, 54.91403345332996, 21.918207421137918, 35.30737891906792, 8.929464811183424, 43.25571782681555, 46.58096766651648, 57.23520578438548, 85.42271674483074, 21.699384055002252, 88.38852513158972, 69.54669803402743, 11.276679233532699, 28.58804993454897, 31.384666677807136, 68.46530301530882, 58.756300387910066, 34.40750508200779, 47.33950973156224, 72.87794885418651, 47.1843774715001, 58.44947800572052], [5.191624160985588, 53.40094935279991, 19.813799259334527, 11.137613730423912, 74.92562223090454, 36.28476558173814, 73.32127438986014, 22.336819182973823, 35.53147535440218, 64.91907470952744, 19.976952963921565, 61.517876015790584, 59.21285475964122, 80.3482619635552, 72.90456334507638, 0.0, 73.772071952276, 45.004224329580914, 27.08293750861261, 58.41259941413015, 48.76547529235501, 40.03722307326643, 71.69389140184768, 24.713345648747023, 63.10665784877874, 99.84974843172174, 61.640098175486905, 32.73491772081061, 62.91085256578582, 40.55736758082099, 10.48966539322164, 31.083048259795316, 35.55232626880261, 19.052837277830722, 24.942877241849075, 26.609164528191535, 33.66090242771446, 56.76639271027262, 32.402052093647406, 13.596593431844997, 65.4593827103205, 95.24858477057434, 21.28566337550767, 78.02922748248164, 58.48497137709801, 25.212426858821647, 61.55811991254627, 64.56450065875664, 91.86131222498278, 15.375554292799547, 25.45380061387779, 19.55407764025857, 66.16542555593647, 73.0036436009715, 51.990486166387385, 63.298324407044, 72.49709877418863, 65.30683569626277, 35.96769762593609, 23.531408011782084, 50.69237371964441, 37.5683906460825, 51.30753433085662, 74.02984854013255, 64.13575374545334, 88.12591169712668, 70.04982050559772, 59.496351079106276, 61.115787338118395, 53.25970435538581, 16.68545106163722, 10.986390304296776, 68.04863730046381, 63.64097494705115, 41.682738362107564, 15.824853925964701, 66.73476034515029, 44.4713954176291, 94.15550325673348, 22.654324515593192, 32.842138692148126, 32.070485006451264], [69.94543943643278, 56.34904482871761, 89.0186773251463, 84.9094849321122, 58.72715053893035, 96.63311627469265, 54.01660086273304, 85.44806358668347, 39.223273561219834, 124.67914752286096, 67.97858550504228, 61.6439552089472, 53.349727089259304, 105.32592256887624, 35.90945845189351, 73.772071952276, 0.0, 57.40800012994253, 99.27640381536193, 118.08580964017679, 78.24849245563036, 73.73660102250396, 99.58052136602879, 53.21494287005897, 33.754362637570345, 94.15771841717806, 12.816956779221693, 79.21438733498482, 11.461355056276142, 67.79511678645066, 68.0588201136345, 53.22251878122715, 43.33998352809393, 91.48476720751974, 96.79221583262765, 96.24256001248706, 44.73506439841551, 80.84824437688084, 45.22305665105927, 65.19629962041333, 114.15110663550354, 87.89792058196066, 52.617914605691496, 77.68879084831174, 102.43393012087175, 92.73418052811121, 53.70330362386566, 101.06103437925029, 93.02422833504306, 59.53133016328698, 80.76039509056012, 76.3248423646285, 11.630839672797512, 115.3335223538441, 62.5940753683907, 45.38657806044024, 109.71926074541382, 85.89364254264318, 90.75956598681182, 87.46736923966938, 113.28615233183443, 40.1667561899052, 34.70663199055938, 0.7431260737682578, 33.442149376895536, 78.99496870060706, 78.71003655768403, 84.87400438152147, 108.68344620739408, 44.587120195855526, 84.9596766500511, 75.78265988015131, 25.320930215433965, 60.11158827392079, 40.082868702558976, 77.0424892579816, 88.45906812822994, 30.573811058226987, 83.23783567903655, 62.67468130618866, 40.94245578522387, 45.95966960339836], [39.9005718718827, 8.506436247149761, 64.72414361759172, 52.766474905473366, 30.275692399103672, 45.86912396954321, 29.425658505941524, 66.86052952191167, 41.59434124282891, 70.08009253344235, 26.141634590443495, 16.637489551434957, 15.012123216008227, 50.5917370623283, 35.89589943284292, 45.004224329580914, 57.40800012994253, 0.0, 58.56897762627709, 63.934372459876016, 20.84358933443246, 17.72814394231887, 43.58671152574154, 47.03533068263315, 28.56431633296047, 56.767026971686285, 45.618311320631534, 26.757243921284854, 46.83919719345194, 11.54460251497154, 34.52692551049077, 16.06578768778078, 21.573627592270334, 62.59443343342273, 56.08056672374954, 71.14877424705357, 22.068190082661744, 24.23900588881723, 23.19438391144589, 48.735308779676906, 57.17641160931956, 51.53430266511343, 33.76845895465619, 34.732572874679306, 45.26584225680064, 70.18200249492345, 17.283986717932205, 43.7364962623955, 50.25416449892135, 32.851663296762055, 32.68542420182211, 32.23047306817743, 45.92112775120171, 57.92818389045047, 8.380036270668192, 22.1156725965042, 52.520345684608756, 30.985359770111117, 38.455141412176566, 42.00757000862405, 61.07091024281659, 47.8075452133096, 22.709837164870073, 57.188255511239994, 29.519347347528313, 43.71229334460552, 29.1313199960211, 28.35050022339026, 51.745103746271404, 14.690849149808015, 61.685713242517714, 38.085723583890996, 37.5146414013446, 18.637360943514828, 19.810136704277603, 35.59165108432504, 33.41678588187821, 32.311371718171046, 49.76124065387056, 54.979098414337784, 35.977323532433026, 47.51332927571822], [29.72190767266913, 66.77433017368128, 26.686814350264378, 17.420563950042247, 88.15733383920013, 22.514750673450877, 87.88232417451364, 34.67067902063784, 62.209451295743996, 43.31727735583699, 34.077635036450786, 72.88187676457045, 73.54111462777644, 75.95524555758242, 92.29932317649698, 27.08293750861261, 99.27640381536193, 58.56897762627709, 0.0, 37.81052754524405, 51.81851142044115, 45.46386591102157, 67.73700394141505, 51.74698368812908, 83.122667200535, 105.01722919243429, 86.73117628242835, 34.578894650716656, 88.05461552223969, 49.41826482919825, 31.251536454148663, 49.977677263625324, 57.760674302017875, 19.860453478805034, 2.582225928618681, 27.049948417964753, 56.00204320061357, 59.30025191424765, 55.098656076000374, 39.90674338895715, 51.021274438373226, 101.68810171418681, 46.921042090001464, 85.04469802617196, 48.89361219454114, 30.130994438423137, 75.7600628145545, 57.77729615191392, 95.65674916752744, 39.77192590212251, 26.487343719854522, 26.510551768314084, 90.61007472475232, 60.907582729923206, 62.84848065777136, 80.13213899230347, 63.38716192424794, 66.69642588746957, 28.131047356691337, 17.062951704012903, 29.2403470058879, 64.61458937854951, 72.34556741195624, 99.45783317013188, 84.18128797678362, 96.35885233839598, 75.43812388297012, 60.37173948118654, 48.41568344102972, 70.8749655504681, 28.021255557722935, 23.724560576056003, 89.78016952537494, 75.6560262561677, 63.11176472062722, 23.86601693667809, 67.15615738017249, 69.00090169240559, 102.02728007415595, 48.086942876558965, 58.85815268167529, 59.15342098796237], [58.19605318911242, 69.49916727669587, 64.2963551604381, 52.672737955254796, 86.35983932844857, 22.911550257117746, 88.09384557892822, 72.06284279826396, 87.51673760216003, 6.767919019808291, 51.64704857456676, 71.31146149807877, 76.00598663347542, 51.8338719254918, 99.46065206569752, 58.41259941413015, 118.08580964017679, 63.934372459876016, 37.81052754524405, 0.0, 46.00367507252779, 46.20715131168773, 46.021350181937514, 81.36839935404984, 92.49057604715186, 89.50127224100588, 105.35808538807224, 38.89789370842781, 106.70308039121043, 52.39553534582845, 56.19053261733497, 64.92694852416885, 74.98746345255049, 57.55209522503974, 38.12727500333483, 64.7602483615396, 73.8097534562808, 49.53486020971971, 73.62284981889148, 71.9237732904162, 18.79516849419147, 88.29718499323697, 71.68815715779412, 74.87476214351369, 25.6107976187142, 67.94097170801084, 77.58207329522504, 34.98922752316747, 79.40221929068528, 64.46859836201277, 38.39493581290445, 44.165088313799735, 107.4000839554199, 29.47205816682438, 63.26018094905889, 84.99643812414445, 35.5013604668698, 52.841409235787765, 27.41022639928063, 35.238287169371745, 8.579979791021396, 91.80549522298338, 85.00495618206459, 118.04276401426762, 93.4520312689601, 86.1538623755318, 64.91879718537207, 47.86263963778622, 20.12134479315479, 78.62246385324326, 65.10593063380578, 49.185619190998594, 101.26170812036052, 74.38536857706653, 78.06349229681732, 45.44354792962084, 51.79979569405158, 88.2336884054079, 90.59314593319141, 81.06367893941447, 82.58203020975529, 87.49688085184893], [44.62460529253382, 24.162085120761585, 66.40744615793673, 52.585159187482056, 40.65681563492945, 32.912918758062105, 42.12797488438397, 70.83404014215004, 58.366172845183485, 51.554137667206334, 29.382962260947657, 25.348354796962848, 30.27179057543429, 33.32831746601323, 54.194616461083754, 48.76547529235501, 78.24849245563036, 20.84358933443246, 51.81851142044115, 46.00367507252779, 0.0, 8.884483135917591, 25.15393525898856, 59.86622889681253, 48.3677819273298, 53.378132293125624, 66.36164358993678, 17.70990928189636, 67.60228627810498, 11.80832450293952, 39.309865606092984, 30.69104723755993, 39.642916394318824, 62.298924960593226, 49.74631512179197, 71.47609594153376, 39.4331325825348, 8.061480880015715, 40.09068482371531, 57.32011596771484, 36.71826665754098, 49.872866096721715, 46.41594914078178, 33.33213168157001, 24.68760564011632, 71.85944817880618, 31.69540177548202, 23.099489204457868, 44.36792530492832, 42.28989142481216, 26.399111801484665, 30.12093942688381, 66.7630155587147, 37.10309184111944, 17.607321872850925, 39.5385820679563, 32.030593825152444, 16.544833252605677, 25.223347580273774, 35.0584978481955, 45.02140933696582, 64.28575264966415, 43.55341983443173, 78.03138766454542, 49.22760167565872, 44.786667135673284, 23.61964951697349, 10.887492414943798, 31.376062797527347, 34.76491445331458, 64.38356113610216, 38.6266730583842, 57.67803159077225, 28.428777397174542, 39.6961521107888, 34.2732445002075, 18.03172170190694, 51.99738854860417, 50.31540230478317, 65.43808631238797, 52.58457109930379, 62.530820891571096], [35.798663559816085, 23.88322343937656, 58.06922741385413, 44.44485695062043, 43.63580080901727, 29.166398798489844, 44.18663660020527, 62.213497502614956, 50.665347819645476, 52.36540243666295, 20.509756856860445, 28.038749885908377, 30.70147943308972, 41.9927361794898, 53.41437631786083, 40.03722307326643, 73.73660102250396, 17.72814394231887, 45.46386591102157, 46.20715131168773, 8.884483135917591, 0.0, 33.63832882989375, 51.283813434612846, 46.290273890008955, 60.93934403448401, 61.402364980076996, 10.959575704806387, 62.69737837194421, 6.206501512335059, 30.45050953754499, 23.264241895950715, 32.90190679958595, 54.28231134595024, 43.21070673715241, 63.408538145648336, 32.4018989329007, 16.753153108442838, 32.8557698662772, 48.440445687876526, 40.453456611460375, 56.9771794937819, 37.95232371056515, 39.957096045822574, 28.967967394616995, 63.55622414737675, 32.59036777358632, 29.93048053696303, 52.33379503752786, 33.51268947417175, 19.144565391379317, 21.881948714260115, 62.52308743464217, 42.880702942350155, 18.40416206425097, 39.180881254827206, 38.922234208837615, 25.321011329374624, 21.45636553407362, 28.410723819329906, 43.58028608081181, 56.42270316110061, 39.49911728464785, 73.59240973988075, 47.24739090676437, 51.05806666230335, 30.88684174154399, 19.77120164119337, 34.98427451139797, 32.41833358871177, 55.88447186690858, 30.14976475352425, 55.16009596932564, 31.00102851799417, 34.04277276862071, 26.011269284889746, 26.90054206565412, 45.844259881836585, 56.84488156846428, 56.60741509271045, 44.92035682326778, 54.30898323374974], [68.13899464594351, 43.23196783669532, 87.42756371501225, 73.31357976842925, 50.08643583971804, 45.433336423071104, 53.524946795628026, 92.91790698105964, 83.36488051319786, 48.859804891430535, 53.499277964026554, 39.18868728657464, 46.99840340369144, 8.6624110294614, 70.17186135132523, 71.69389140184768, 99.58052136602879, 43.58671152574154, 67.73700394141505, 46.021350181937514, 25.15393525898856, 33.63832882989375, 0.0, 84.91637226947576, 67.04589331695995, 43.69050828423419, 88.5637695510148, 38.96446954447004, 89.7056654428049, 36.81550981591302, 63.141703512182055, 55.697586002322645, 64.18140199262749, 82.32560414676291, 66.278079242198, 91.43135746854678, 64.16169637119376, 19.37510162276963, 64.93023210896408, 81.58395619111123, 28.714659588031367, 43.15417442732848, 71.52829500433039, 32.866929268477264, 21.01205374169855, 92.6418009394142, 47.332825494830004, 11.160531625333068, 33.6157844453461, 67.09137479226396, 46.861568735410344, 52.19361018462275, 87.94984994542394, 21.669513884377523, 37.09498183159056, 56.16659387446817, 13.602574779881904, 13.930867761564402, 39.85882172580041, 53.24000112360558, 49.59023773510912, 89.34723278140555, 65.33492552452628, 99.258091499397, 67.68725863916791, 42.809242409636376, 24.77396684860334, 15.279226705753063, 25.925546450367776, 54.99401305746395, 86.05406205282134, 60.90371958930768, 76.51922123514898, 41.58385367544551, 63.356830435695684, 56.151464725016275, 11.421984706732202, 75.85266580510745, 46.23530303930307, 90.03676598945111, 77.58119191973677, 87.68368451758165], [23.36812743393707, 53.73784234089828, 36.0656966769982, 34.92055571268485, 72.33499163616067, 58.54062800700388, 69.34458667310251, 32.26436955675578, 14.302652452924862, 88.0549538983608, 32.70836997110714, 62.69954062553249, 57.379206336566966, 93.19363309976742, 62.65174599360413, 24.713345648747023, 53.21494287005897, 47.03533068263315, 51.74698368812908, 81.36839935404984, 59.86622889681253, 51.283813434612846, 84.91637226947576, 0.0, 52.990790126612666, 103.5130511699729, 42.559204417358174, 48.67048153501292, 43.632052852332464, 48.70828339801487, 25.371847271787175, 31.13535502424271, 27.71053020690626, 39.39198371227895, 49.649964073578616, 43.17623104869933, 26.340143615447