instance_id,num_cities,city_coordinates,distance_matrix,best_route,total_distance
169,48,"[[45.34898521850332, 59.4337986461548], [79.847236043296, 41.43397029782775], [73.55080290315917, 7.675663560035129], [58.818156506936944, 48.15059399612118], [98.65173905357032, 65.11302480737608], [96.12954531171043, 25.120607651325233], [84.62037218389311, 93.11062112927434], [75.01038533541028, 4.832029873812427], [17.61557060721014, 94.38005551233182], [56.150407167358715, 13.397415828108395], [30.89085438320235, 45.57515351838502], [60.71030936713701, 75.95864120019064], [9.758488859302727, 38.665613269114], [91.26203401931089, 49.14808529280032], [57.821890116277984, 70.08137431032891], [4.786452139840669, 79.32770199183757], [31.25018308885158, 63.60063811109927], [88.18311300291963, 0.9748318263370637], [54.466822606744984, 17.61720787255848], [28.796544695627613, 2.427030286057763], [10.251613625952938, 81.76852991728835], [21.551167003760817, 35.77802608673613], [78.9920550489442, 78.09280441119606], [89.20680360831916, 48.714835608878104], [54.168659516051044, 11.249215953530168], [67.71761310232861, 2.01626984972032], [77.56861992888412, 73.48064591626941], [9.749553539656741, 71.02439083597065], [45.093746853111924, 35.596028930158596], [99.71486685080832, 15.46471548329541], [63.44810820766743, 64.95235733701026], [44.28807423913794, 84.1493172846574], [72.33007308762839, 46.96404735244738], [33.71220886190195, 3.6159815201934453], [56.202012795862444, 78.73297453543981], [39.22282478077652, 16.838863886400425], [93.422522447662, 72.21758596217079], [15.305991053509494, 45.99918961322324], [62.81950125306387, 75.44126145917129], [48.626865827986386, 94.38177299690888], [57.44823466353994, 2.581470053447732], [72.70088942509365, 32.28475999573218], [13.5498912247633, 81.24053293583596], [32.28600291464083, 21.612062856261403], [42.31117271815691, 18.565516006805748], [87.67719237235912, 86.45845836291406], [23.319512147039145, 8.75411422880623], [9.104549013490226, 87.56122932578934]]","[[0.0, 38.91173512630279, 58.94274398356068, 17.57069385003634, 53.60445108563327, 61.28670622269948, 51.73364675667985, 62.13816709530134, 44.61371039219575, 47.28656531285534, 20.027470934397527, 22.56193034815661, 41.206807143351966, 47.05107808937763, 16.399519020789725, 45.178385098241066, 14.701658838977705, 72.47215537495939, 42.79909137545841, 59.3612240955752, 41.6012705774633, 33.55490615640096, 38.47095844602476, 45.14869214615826, 48.98510655267788, 61.62084165681632, 35.148524565055375, 37.438768184429975, 23.839136134852566, 69.92087928394668, 18.921753169336743, 24.738277904419853, 29.723287165594012, 57.01792062747309, 22.14150847617383, 43.03322331520729, 49.74424790731524, 32.9100321826883, 23.69510067975958, 35.10135912626447, 58.12554604944676, 38.538253247502475, 38.557956885751466, 40.014062588439174, 40.98103013196447, 50.21961124567134, 55.26054737738678, 45.87822481806494], [38.91173512630279, 0.0, 34.340476759810834, 22.075670319403482, 30.23750908936742, 23.048631107911774, 51.89661905916341, 36.92014582275566, 81.70720973384448, 36.70950946701679, 49.13121923700834, 39.473723709895275, 70.14339799624875, 13.776980183947947, 36.13571114369104, 84.08362612244326, 53.41380643430126, 41.3089425008828, 34.805223151590006, 64.24729143050877, 80.43896667258477, 58.569799132157115, 36.6688076310719, 11.858014365056661, 39.62964404699047, 41.24176113245857, 32.12758175758768, 76.08730564295966, 35.240411040516875, 32.6974761950479, 28.67134323142317, 55.579266425705455, 9.33217504829886, 59.654346096602566, 44.16234028602169, 47.48959938571553, 33.64400978377207, 64.70250020075963, 38.03208650887926, 61.46691245736859, 44.84676173426419, 11.609406493850742, 77.32981545976361, 51.52648747334043, 43.95363752420741, 45.700248813744274, 65.294383844121, 84.45266007432633], [58.94274398356068, 34.340476759810834, 0.0, 43.07285529938925, 62.68259297990601, 28.532887745546347, 86.14909946667272, 3.196346886362082, 103.18140237377698, 18.316992678375566, 57.06349574665427, 69.47980504905439, 70.92133891884191, 45.09600283872259, 64.35737278437217, 99.31037482223695, 70.12093278908777, 16.093652313222346, 21.518192472226616, 45.06097845088483, 97.45019347433521, 59.10757069320415, 70.62705537233055, 43.924070855676675, 19.70882439384636, 8.127412898386817, 65.92752502981217, 89.90918010873348, 39.866663284462625, 27.298856608288908, 58.16084671092485, 81.88117612038533, 39.30734387239117, 40.0449072098901, 73.14452789677709, 35.52990743292027, 67.53180720977839, 69.72195318944011, 68.61003639215436, 90.21724919884389, 16.88915366127477, 24.623768604777673, 94.93102447839325, 43.55464319032219, 33.083279468760956, 80.03926309248511, 50.24286642769141, 102.64026138960438], [17.57069385003634, 22.075670319403482, 43.07285529938925, 0.0, 43.294784414823745, 43.84655066915143, 51.837808341538036, 46.245932491974024, 61.92589278244736, 34.85541965486086, 28.045803564253827, 27.872347080038285, 49.96814834560137, 32.45920789121131, 21.953397730447058, 62.38138456134052, 31.60216798789334, 55.56845513698387, 30.841883452239603, 54.69864215953789, 59.066697072124825, 39.26714839789343, 36.10432310574207, 30.3938849318397, 37.193138126682385, 46.984850666341856, 31.514939454410886, 54.13814162890417, 18.600444197424252, 52.353677722827854, 17.428014921795917, 38.82050191733238, 13.563914723308239, 51.123774464883724, 30.694074466722224, 36.9378054020845, 42.15070870642045, 43.56531973101079, 27.582445329523257, 47.34114824870366, 45.589710930864115, 21.08210050741556, 56.07280892456967, 37.52664132728239, 33.878567759527904, 47.96182256155746, 53.030522998052355, 63.4400579058734], [53.60445108563327, 30.23750908936742, 62.68259297990601, 43.294784414823745, 0.0, 40.0718715716532, 31.316843008762014, 64.7511540886144, 86.15926927935081, 66.9392816229635, 70.5213861592077, 39.4611135371349, 92.74414001528535, 17.59224358055054, 41.13102309723895, 94.93549986625254, 67.41852163896942, 64.98692122466923, 64.87032809936021, 93.85777585215142, 89.95547802154574, 82.49266852483203, 23.55796794559101, 18.923726233347846, 69.8573852172046, 70.27176271130348, 22.682922982889718, 89.09850075884738, 61.15318122681793, 49.65969048889507, 35.203997482823446, 57.60024725065467, 31.972104745889595, 89.43729040271862, 44.58118762380963, 76.56494278889868, 8.821535893126846, 85.50937027904533, 37.29104099012965, 57.958153540446965, 74.88607423254868, 41.84664343747566, 86.61651702943824, 79.352029740482, 73.08166658290088, 24.001420969017037, 94.08119478567613, 92.31804336192752], [61.28670622269948, 23.048631107911774, 28.532887745546347, 43.84655066915143, 40.0718715716532, 0.0, 68.95725486718402, 29.285581884926664, 104.69630051683012, 41.662509685436575, 68.37013412809027, 61.95988968690089, 87.4266925480481, 24.515553185543705, 59.06730893766466, 106.21661709471869, 75.4323828778467, 25.419761537606476, 42.33300687915802, 71.05442579881137, 102.87859956120238, 75.33601448677176, 55.67537338961345, 24.588858159842278, 44.1942467340493, 36.62032655672499, 51.79962598372416, 97.81952918105361, 52.09978095228156, 10.300038063004376, 51.52324343641992, 78.56161075197359, 32.30403591072502, 66.01797357181108, 66.84679300999416, 57.506192026369526, 47.17471079719237, 83.47671596120708, 60.34672513764162, 83.98579393660391, 44.768923564413775, 24.499530515244054, 99.8441048988818, 63.93987638700432, 54.21610881543051, 61.917478954884125, 74.62682517962217, 107.10826866212896], [51.73364675667985, 51.89661905916341, 86.14909946667272, 51.837808341538036, 31.316843008762014, 68.95725486718402, 0.0, 88.8001211782784, 67.01682548422853, 84.64475180085604, 71.73898357295461, 29.42586480273626, 92.56651908653313, 44.46140156483269, 35.334188121084615, 81.01495941830298, 60.98537678635322, 92.2046462637258, 81.29263187553231, 106.48855977831394, 75.22868656643028, 85.23350923413456, 16.03785436862896, 44.63206386874784, 87.34183683523129, 92.64925309797266, 20.858167146928615, 78.06049611056143, 69.7874087917766, 79.09949704539083, 35.22999548216993, 41.31584713036934, 47.7551853018683, 102.96082561624007, 31.84838884283587, 88.75989107211718, 22.671496813395283, 83.80913083298056, 28.06214967699623, 36.01594545285863, 94.51905761239277, 61.9827351112733, 72.05492528260672, 88.60547410814911, 85.71488235511582, 7.320889231149681, 104.27758962359403, 75.71945125588367], [62.13816709530134, 36.92014582275566, 3.196346886362082, 46.245932491974024, 64.7511540886144, 29.285581884926664, 88.8001211782784, 0.0, 106.36265159087256, 20.713874892096655, 60.05443477179485, 72.54989325610383, 73.50184595706071, 47.20200051739051, 67.47533858598486, 102.37678427149453, 73.27144474355218, 13.725841722088086, 24.197081353878737, 46.27637723176186, 100.56303273200038, 61.77007937700302, 73.3688951772141, 46.12200050909429, 21.807288054938617, 7.817482418073103, 68.69626662912569, 92.95377784909165, 42.911873601829626, 26.89545333722319, 61.22205506727836, 85.05934681921043, 42.217188094017, 41.31607621296311, 76.25683247727596, 37.74802714655983, 69.85570815887309, 72.52137434976555, 71.65389898521954, 93.35548508261941, 17.70576617168869, 27.549703492174455, 98.05942930949645, 45.90144180881717, 35.46614085509532, 82.6034008282814, 51.8394552118746, 105.77192303847318], [44.61371039219575, 81.70720973384448, 103.18140237377698, 61.92589278244736, 86.15926927935081, 104.69630051683012, 67.01682548422853, 106.36265159087256, 0.0, 89.68345197940432, 50.57817333565808, 46.866886114248125, 56.2657338712129, 86.42761539606701, 46.97844225410011, 19.777755867533003, 33.66415293875415, 117.06542551753259, 85.1501588471817, 92.63030297818126, 14.604055609872326, 58.73403418627845, 63.50076685251817, 84.91535168301353, 90.81225024482573, 105.07751217130854, 63.49136511708547, 24.644701194813997, 64.8892283126752, 113.87679893460533, 54.46660373839327, 28.56729694385523, 72.40134398958297, 92.18036065644773, 41.63825961631468, 80.49540255002465, 78.98018108299324, 48.43596125671916, 49.01095047051407, 31.01129526833558, 100.06808391328612, 83.00733747423604, 13.75415582211783, 74.23208429837347, 79.73529434357894, 70.50803178192156, 85.81571400262052, 10.905681048473962], [47.28656531285534, 36.70950946701679, 18.316992678375566, 34.85541965486086, 66.9392816229635, 41.662509685436575, 84.64475180085604, 20.713874892096655, 89.68345197940432, 0.0, 40.90784533215885, 62.72718412401445, 52.82699959508379, 50.10924772299405, 56.70859727116011, 83.57666247045353, 56.039135314128984, 34.357165721704156, 4.543247942952395, 29.471734782051982, 82.34870059905168, 41.20678506565295, 68.60928641126542, 48.374016637375135, 2.9226848024721006, 16.22746859258652, 63.78663163802324, 73.98585990536438, 24.79976130851172, 43.61348272467176, 52.0688816325069, 71.7394347776533, 37.26258634585479, 24.477524391062477, 65.33557908781435, 17.273870735664598, 69.63492652446948, 52.26032894669787, 62.40124675529448, 81.33307925026011, 10.893531989682863, 25.11275040034188, 80.1092535071209, 25.238665102066758, 14.772733991953743, 79.57294842868973, 33.157622314896564, 87.82701180134], [20.027470934397527, 49.13121923700834, 57.06349574665427, 28.045803564253827, 70.5213861592077, 68.37013412809027, 71.73898357295461, 60.05443477179485, 50.57817333565808, 40.90784533215885, 0.0, 42.57177726204697, 22.233277290853852, 60.47681516184456, 36.41202470557906, 42.66936072799767, 18.029065752858145, 72.60572699713661, 36.571477990539066, 43.19891979598065, 41.66459833225802, 13.535636898855797, 58.06137377872399, 58.40040699905922, 41.47440417304618, 57.040218304429786, 54.38318032540961, 33.08501596499683, 17.358141664912157, 75.12245450466959, 37.88734359148435, 40.83444146961576, 41.462487538925465, 42.05391962550343, 41.714455945029584, 29.919827414598462, 67.97079312061506, 15.590630892139377, 43.71982267199873, 51.9293000808882, 50.53465410228595, 43.87155787285369, 39.6576385107973, 24.0036695841684, 29.324805018594915, 69.97237167074903, 37.59141068943561, 47.301941433385686], [22.56193034815661, 39.473723709895275, 69.47980504905439, 27.872347080038285, 39.4611135371349, 61.95988968690089, 29.42586480273626, 72.54989325610383, 46.866886114248125, 62.72718412401445, 42.57177726204697, 0.0, 63.14157065935741, 40.647432726871585, 6.548681688965953, 56.025247681708976, 31.947132589365754, 79.85816556761544, 58.67455981641225, 80.1585065924753, 50.79207401560254, 56.106329959557435, 18.405892474571417, 39.424296152689394, 65.03924122041518, 74.27366011291005, 17.039457022553567, 51.199076760864244, 43.27837212760428, 71.97826444933399, 11.34168536718043, 18.35148444458764, 31.236283090592565, 77.21630553494946, 5.293549228036021, 62.90357750940103, 32.925436654957004, 54.39780198608262, 2.171721024458935, 22.03228070271191, 73.44964517865454, 45.289975817916016, 47.455278101288265, 61.33100174461733, 60.27021693084731, 28.938882830336734, 76.9059176019766, 52.89399354265384], [41.206807143351966, 70.14339799624875, 70.92133891884191, 49.96814834560137, 92.74414001528535, 87.4266925480481, 92.56651908653313, 73.50184595706071, 56.2657338712129, 52.82699959508379, 22.233277290853852, 63.14157065935741, 0.0, 82.17487507369181, 57.419862262005886, 40.96494365227814, 32.918815056542456, 87.0115893305872, 49.415285855800036, 40.935100667359755, 43.10573738628014, 12.14106327940895, 79.6730198291099, 80.08134355823955, 52.19120710931547, 68.57429880130869, 76.22532632856553, 32.358778800524014, 35.46833525136212, 92.90011625083487, 59.77932869699506, 57.10568796080552, 63.11946737004267, 42.45300210465523, 61.33835956799025, 36.66816166525448, 90.1410305458604, 9.195440315156613, 64.55942484292854, 67.93409440768936, 59.802819720155966, 63.26500673738133, 42.74340319306183, 28.254423922585307, 38.258216586359026, 91.40831690451124, 32.84203293721115, 48.89998882294094], [47.05107808937763, 13.776980183947947, 45.09600283872259, 32.45920789121131, 17.59224358055054, 24.515553185543705, 44.46140156483269, 47.20200051739051, 86.42761539606701, 50.10924772299405, 60.47681516184456, 40.647432726871585, 82.17487507369181, 0.0, 39.451816350415754, 91.59058644584478, 61.72761565997338, 48.271545491824575, 48.45703059191449, 78.00509174015663, 87.33144691236872, 70.98143041129396, 31.438020751568708, 2.1003993265291045, 53.0305829614776, 52.685365930935575, 27.921015310097467, 84.39702138206148, 48.116202796114635, 34.72779556207257, 31.99045926370864, 58.58019407937383, 19.057522568362696, 73.38361431278634, 45.874511002166564, 61.25328632865122, 23.170446076481213, 76.02128653886047, 38.73381962929623, 62.159826817771545, 57.54843770009956, 25.077636027388586, 84.07795390850767, 65.08766992668107, 57.71897752262658, 37.482196150503086, 79.04340058906192, 90.69411214065005], [16.399519020789725, 36.13571114369104, 64.35737278437217, 21.953397730447058, 41.13102309723895, 59.06730893766466, 35.334188121084615, 67.47533858598486, 46.97844225410011, 56.70859727116011, 36.41202470557906, 6.548681688965953, 57.419862262005886, 39.451816350415754, 0.0, 53.83541823879854, 27.35060430841314, 75.48190557520459, 52.57133475577353, 73.61780316025808, 48.984903914851714, 49.92279093213793, 22.63534615457361, 37.96764110375444, 58.945474387249426, 68.78069335685858, 20.037175093885395, 48.081585083102134, 36.75928014688691, 68.83313824829197, 7.6132217309407695, 19.52104484204896, 27.292822844252996, 70.7030775068144, 8.801942341797949, 56.397607640718114, 35.66466630456326, 48.86259605159175, 7.328335917713649, 25.98187537474941, 67.50093846077614, 40.6198064259065, 45.656726854643296, 54.784630034400486, 53.8002417369388, 34.052135834149986, 70.36651842061637, 51.75832933438724], [45.178385098241066, 84.08362612244326, 99.31037482223695, 62.38138456134052, 94.93549986625254, 106.21661709471869, 81.01495941830298, 102.37678427149453, 19.777755867533003, 83.57666247045353, 42.66936072799767, 56.025247681708976, 40.96494365227814, 91.59058644584478, 53.83541823879854, 0.0, 30.784242625902962, 114.42978330086613, 79.22325601851036, 80.5617642144062, 5.985451614619, 46.66508261974812, 74.2158775137654, 89.799461748066, 84.10281009939598, 99.68645123562061, 73.01665572198795, 9.67353873492014, 59.47383656597314, 114.41103515538917, 60.397354466607794, 39.794800194342535, 74.89690829637864, 81.04914570012599, 51.41900016842458, 71.34927223478127, 88.92078896168417, 34.949255161271196, 58.16303989125506, 46.35306814196319, 93.07656770269585, 82.6160346629, 8.969770722569633, 63.932153832354686, 71.41531978616568, 83.19688998224935, 72.96646903185535, 9.297146496057433], [14.701658838977705, 53.41380643430126, 70.12093278908777, 31.60216798789334, 67.41852163896942, 75.4323828778467, 60.98537678635322, 73.27144474355218, 33.66415293875415, 56.039135314128984, 18.029065752858145, 31.947132589365754, 32.918815056542456, 61.72761565997338, 27.35060430841314, 30.784242625902962, 0.0, 84.63657673498348, 51.51202002452008, 61.22279506602653, 27.76710665823091, 29.464701812118946, 49.89297768547733, 59.837755457342354, 57.1482979944645, 71.57169738060558, 47.360449169473746, 22.746190352051162, 31.239436503758657, 83.69277131183232, 32.226286271033004, 24.335875193313615, 44.32080227593432, 60.03516134096807, 29.181867852950973, 47.43655282785132, 62.76664378167096, 23.749278912911198, 33.716794192570745, 35.34723989047731, 66.40539719599569, 51.95041172031176, 24.9893221497039, 42.00134967644112, 46.37356698085912, 60.88092741857108, 55.4169353497489, 32.627274479448765], [72.47215537495939, 41.3089425008828, 16.093652313222346, 55.56845513698387, 64.98692122466923, 25.419761537606476, 92.2046462637258, 13.725841722088086, 117.06542551753259, 34.357165721704156, 72.60572699713661, 79.85816556761544, 87.0115893305872, 48.271545491824575, 75.48190557520459, 114.42978330086613, 84.63657673498348, 0.0, 37.59995902315617, 59.40432118695638, 112.25390971522525, 75.1736560130069, 77.66374470698923, 47.75097803828332, 35.53232352666321, 20.49198085441325, 73.2786499606985, 105.16065788840108, 55.27495602977766, 18.51858728954464, 68.59259604862604, 94.04663449231045, 48.644905378290574, 54.53489772288287, 84.0780561622533, 51.46627377222916, 71.43515540816377, 85.66368949415345, 78.66741347762282, 101.43743564092635, 30.776842478221898, 34.92865369415879, 109.60246606526186, 59.58508387846434, 49.12908583950883, 85.48512362703465, 65.32843141150984, 117.26305264047765], [42.79909137545841, 34.805223151590006, 21.518192472226616, 30.841883452239603, 64.87032809936021, 42.33300687915802, 81.29263187553231, 24.197081353878737, 85.1501588471817, 4.543247942952395, 36.571477990539066, 58.67455981641225, 49.415285855800036, 48.45703059191449, 52.57133475577353, 79.22325601851036, 51.51202002452008, 37.59995902315617, 0.0, 29.827917512683136, 77.91262301643911, 37.59329331121004, 65.25936563473455, 46.625408639672536, 6.37496841635016, 20.46882302308286, 60.451772096248135, 69.65602159832092, 20.27541752232366, 45.29921336401493, 48.17966236771825, 67.30622928937977, 34.3559704447589, 25.03574107286997, 61.14039433782028, 15.263855642625806, 67.0727056083489, 48.36432172033752, 58.424210852660565, 76.98638551009134, 15.32847773320755, 23.401245223748695, 75.64471406400628, 22.5376935056463, 12.192584325376256, 76.43328089938767, 32.38378263593094, 83.36607225124209], [59.3612240955752, 64.24729143050877, 45.06097845088483, 54.69864215953789, 93.85777585215142, 71.05442579881137, 106.48855977831394, 46.27637723176186, 92.63030297818126, 29.471734782051982, 43.19891979598065, 80.1585065924753, 40.935100667359755, 78.00509174015663, 73.61780316025808, 80.5617642144062, 61.22279506602653, 59.40432118695638, 29.827917512683136, 0.0, 81.47998546950993, 34.12893814338013, 90.80142418258845, 76.1049295611115, 26.86215126180526, 38.92323586310828, 86.18196804833532, 71.19259614953214, 36.95647804126192, 72.10679338736583, 71.48529482807986, 83.17763930215224, 62.27932227817686, 5.057406374095948, 81.07809081116051, 17.787868454031766, 95.11697357457857, 45.61280638157183, 80.5520920070364, 94.06867886406879, 28.65210619935504, 53.09496689461032, 80.27470736157943, 19.499789572762403, 21.049843038515053, 102.60707371067191, 8.368385552595136, 87.38195774919416], [41.6012705774633, 80.43896667258477, 97.45019347433521, 59.066697072124825, 89.95547802154574, 102.87859956120238, 75.22868656643028, 100.56303273200038, 14.604055609872326, 82.34870059905168, 41.66459833225802, 50.79207401560254, 43.10573738628014, 87.33144691236872, 48.984903914851714, 5.985451614619, 27.76710665823091, 112.25390971522525, 77.91262301643911, 81.47998546950993, 0.0, 47.35827645856601, 68.83864644967846, 85.59479384042803, 83.0763538055931, 98.29935951827873, 67.82527816974451, 10.755863002518675, 57.84353114416161, 111.35470123022182, 55.79113456483992, 34.119624844970346, 71.16942556843635, 81.5979187834181, 46.05055678653939, 71.09987768386114, 83.71750476849414, 36.124679056957866, 52.947305273428654, 40.394973481304184, 92.18520210557158, 79.67782334807251, 3.3402718349315643, 64.06492675863966, 70.86914911691247, 77.56749108383636, 74.17462416546424, 5.905177699477975], [33.55490615640096, 58.569799132157115, 59.10757069320415, 39.26714839789343, 82.49266852483203, 75.33601448677176, 85.23350923413456, 61.77007937700302, 58.73403418627845, 41.20678506565295, 13.535636898855797, 56.106329959557435, 12.14106327940895, 70.98143041129396, 49.92279093213793, 46.66508261974812, 29.464701812118946, 75.1736560130069, 37.59329331121004, 34.12893814338013, 47.35827645856601, 0.0, 71.34420848301195, 68.88139229850277, 40.81131392567723, 57.19437847882991, 67.52364455676782, 37.16966919939165, 23.543283308155537, 80.76010501139278, 51.05384692796743, 53.4485618401865, 51.996388094089646, 34.384415798087055, 55.188845886997825, 25.90326916508, 80.58122149272108, 11.978080250390201, 57.238515458748495, 64.55611991695095, 48.89387281696978, 51.268869811630886, 46.16123853511755, 17.773891421989763, 26.967542352121438, 83.31360901286635, 27.081707048318066, 53.258036361593525], [38.47095844602476, 36.6688076310719, 70.62705537233055, 36.10432310574207, 23.55796794559101, 55.67537338961345, 16.03785436862896, 73.3688951772141, 63.50076685251817, 68.60928641126542, 58.06137377872399, 18.405892474571417, 79.6730198291099, 31.438020751568708, 22.63534615457361, 74.2158775137654, 49.89297768547733, 77.66374470698923, 65.25936563473455, 90.80142418258845, 68.83864644967846, 71.34420848301195, 0.0, 31.103153201584238, 71.30404114550777, 76.9074258579171, 4.826818157269287, 69.60234540397404, 54.36056681846995, 65.96751057707507, 20.354007780137945, 35.22850596085227, 31.833653885086655, 87.16112446876747, 22.79903163919963, 73.0317527239881, 15.58064764922256, 71.31560038330508, 16.38847693677101, 34.45831124722904, 78.52450454021485, 46.23803302559301, 65.51782200940262, 73.29071887058815, 69.92127854483586, 12.058846394513445, 88.9229216196471, 70.5259850708865], [45.14869214615826, 11.858014365056661, 43.924070855676675, 30.3938849318397, 18.923726233347846, 24.588858159842278, 44.63206386874784, 46.12200050909429, 84.91535168301353, 48.374016637375135, 58.40040699905922, 39.424296152689394, 80.08134355823955, 2.1003993265291045, 37.96764110375444, 89.799461748066, 59.837755457342354, 47.75097803828332, 46.625408639672536, 76.1049295611115, 85.59479384042803, 68.88139229850277, 31.103153201584238, 0.0, 51.296629495413605, 51.40565486952907, 27.364076442261993, 82.52981790180229, 46.02243871158666, 34.8710464637044, 30.449425292033354, 57.21271484358073, 16.967300686522623, 71.5091370817852, 44.61395388427691, 59.28301369434948, 23.8778466261426, 73.95069187935182, 37.55784291354978, 61.091738563065974, 56.00798263543568, 23.28932346972959, 82.35222752310906, 63.04393581058716, 55.751068770510976, 37.77460481768348, 77.05838325139838, 89.02479146835489], [48.98510655267788, 39.62964404699047, 19.70882439384636, 37.193138126682385, 69.8573852172046, 44.1942467340493, 87.34183683523129, 21.807288054938617, 90.81225024482573, 2.9226848024721006, 41.47440417304618, 65.03924122041518, 52.19120710931547, 53.0305829614776, 58.945474387249426, 84.10281009939598, 57.1482979944645, 35.53232352666321, 6.37496841635016, 26.86215126180526, 83.0763538055931, 40.81131392567723, 71.30404114550777, 51.296629495413605, 0.0, 16.39577497524778, 66.48540458273135, 74.47233384263241, 25.9830972356818, 45.74087273835239, 54.4989501043313, 73.56664148581864, 40.06726999398582, 21.83420805250134, 67.51438511829893, 15.956883779346743, 72.51212241111281, 52.13317244690547, 64.77233799205601, 83.31706618605631, 9.267439351645239, 28.034579692819257, 80.92384562302344, 24.212378153842884, 13.932991051163203, 82.33621267690023, 30.949885718880033, 88.62447427384195], [61.62084165681632, 41.24176113245857, 8.127412898386817, 46.984850666341856, 70.27176271130348, 36.62032655672499, 92.64925309797266, 7.817482418073103, 105.07751217130854, 16.22746859258652, 57.040218304429786, 74.27366011291005, 68.57429880130869, 52.685365930935575, 68.78069335685858, 99.68645123562061, 71.57169738060558, 20.49198085441325, 20.46882302308286, 38.92323586310828, 98.29935951827873, 57.19437847882991, 76.9074258579171, 51.40565486952907, 16.39577497524778, 0.0, 72.14013710881063, 90.1244511301702, 40.48999313364629, 34.708571526408626, 63.080740168876815, 85.4094887719824, 45.18381889073398, 34.04301095648673, 77.57616791421306, 32.119499614195206, 74.75939505086973, 68.42130776820184, 73.58818446283244, 94.31777564768004, 10.284920261691441, 30.675960272308473, 95.9720061004423, 40.48943200450538, 30.3210283691414, 86.76904981348119, 44.90645738992172, 103.69875299946749], [35.148524565055375, 32.12758175758768, 65.92752502981217, 31.514939454410886, 22.682922982889718, 51.79962598372416, 20.858167146928615, 68.69626662912569, 63.49136511708547, 63.78663163802324, 54.38318032540961, 17.039457022553567, 76.22532632856553, 27.921015310097467, 20.037175093885395, 73.01665572198795, 47.360449169473746, 73.2786499606985, 60.451772096248135, 86.18196804833532, 67.82527816974451, 67.52364455676782, 4.826818157269287, 27.364076442261993, 66.48540458273135, 72.14013710881063, 0.0, 67.86353184830512, 49.89851285831904, 62.09915004837438, 16.496077029407324, 34.948752054600526, 27.029102323290704, 82.48912730082941, 22.002701113741676, 68.40096108286653, 15.904136113683114, 68.0578092139974, 14.87886134825169, 35.699891367872134, 73.69886729966204, 41.48247602344211, 64.48731248430391, 68.85394187925326, 65.25916852665597, 16.450132301755716, 84.45406798618055, 69.89700877334117], [37.438768184429975, 76.08730564295966, 89.90918010873348, 54.13814162890417, 89.09850075884738, 97.81952918105361, 78.06049611056143, 92.95377784909165, 24.644701194813997, 73.98585990536438, 33.08501596499683, 51.199076760864244, 32.358778800524014, 84.39702138206148, 48.081585083102134, 9.67353873492014, 22.746190352051162, 105.16065788840108, 69.65602159832092, 71.19259614953214, 10.755863002518675, 37.16966919939165, 69.60234540397404, 82.52981790180229, 74.47233384263241, 90.1244511301702, 67.86353184830512, 0.0, 50.04378910822086, 105.7385224242723, 54.040765762948155, 36.94824903012223, 67.04641344202673, 71.54091484301892, 47.08771850070008, 61.6826154475896, 83.68147608933057, 25.634638559658857, 53.25343271945818, 45.35430202501658, 83.42420264048437, 73.9163695496407, 10.90009751908126, 54.309020492046976, 61.74295580766813, 79.44134524582493, 63.731712085419765, 16.549412620305418], [23.839136134852566, 35.240411040516875, 39.866663284462625, 18.600444197424252, 61.15318122681793, 52.09978095228156, 69.7874087917766, 42.911873601829626, 64.8892283126752, 24.79976130851172, 17.358141664912157, 43.27837212760428, 35.46833525136212, 48.116202796114635, 36.75928014688691, 59.47383656597314, 31.239436503758657, 55.27495602977766, 20.27541752232366, 36.95647804126192, 57.84353114416161, 23.543283308155537, 54.36056681846995, 46.02243871158666, 25.9830972356818, 40.48999313364629, 49.89851285831904, 50.04378910822086, 0.0, 58.21285537489639, 34.621909223272574, 48.5599723887485, 29.51354451099541, 33.94499726600335, 44.544243717991904, 19.654489727749702, 60.63669672663, 31.55211796020055, 43.61014703413079, 58.891821462509405, 35.25045342803157, 27.805014348959133, 55.48365141036049, 18.962848202454996, 17.256334757097434, 66.33503267574926, 34.56306817789503, 63.21079348732693], [69.92087928394668, 32.6974761950479, 27.298856608288908, 52.353677722827854, 49.65969048889507, 10.300038063004376, 79.09949704539083, 26.89545333722319, 113.87679893460533, 43.61348272467176, 75.12245450466959, 71.97826444933399, 92.90011625083487, 34.72779556207257, 68.83313824829197, 114.41103515538917, 83.69277131183232, 18.51858728954464, 45.29921336401493, 72.10679338736583, 111.35470123022182, 80.76010501139278, 65.96751057707507, 34.8710464637044, 45.74087273835239, 34.708571526408626, 62.09915004837438, 105.7385224242723, 58.21285537489639, 0.0, 61.353927981192726, 88.25929902185253, 41.738888792765806, 67.05776135637778, 76.78698503975964, 60.50764776155369, 57.100629643462, 89.76197649202614, 70.41629122431526, 94.01003039630841, 44.186493516226456, 31.82245863784532, 108.4013892262773, 67.70850442482171, 57.48738178036637, 72.00706309041156, 76.68951942417854, 115.79351021029082], [18.921753169336743, 28.67134323142317, 58.16084671092485, 17.428014921795917, 35.203997482823446, 51.52324343641992, 35.22999548216993, 61.22205506727836, 54.46660373839327, 52.0688816325069, 37.88734359148435, 11.34168536718043, 59.77932869699506, 31.99045926370864, 7.6132217309407695, 60.397354466607794, 32.226286271033004, 68.59259604862604, 48.17966236771825, 71.48529482807986, 55.79113456483992, 51.05384692796743, 20.354007780137945, 30.449425292033354, 54.4989501043313, 63.080740168876815, 16.496077029407324, 54.040765762948155, 34.621909223272574, 61.353927981192726, 0.0, 27.122503072297228, 20.061619980190642, 68.16432137301219, 15.569563548366848, 53.86810381974727, 30.842325723048862, 51.73863170640165, 10.507723653925366, 32.95086845229333, 62.658806748009354, 33.95270057461459, 52.48939628545144, 53.38031408648422, 50.97557346888114, 32.39692733572266, 69.05466494195647, 58.85901391032677], [24.738277904419853, 55.579266425705455, 81.88117612038533, 38.82050191733238, 57.60024725065467, 78.56161075197359, 41.31584713036934, 85.05934681921043, 28.56729694385523, 71.7394347776533, 40.83444146961576, 18.35148444458764, 57.10568796080552, 58.58019407937383, 19.52104484204896, 39.794800194342535, 24.335875193313615, 94.04663449231045, 67.30622928937977, 83.17763930215224, 34.119624844970346, 53.4485618401865, 35.22850596085227, 57.21271484358073, 73.56664148581864, 85.4094887719824, 34.948752054600526, 36.94824903012223, 48.5599723887485, 88.25929902185253, 27.122503072297228, 0.0, 46.57357619240831, 81.22479361518445, 13.087348880136446, 67.50076954194193, 50.56243875752179, 47.91026390164652, 20.475449285235385, 11.114326896157497, 82.62265745139136, 59.13730100002436, 30.875506820344476, 63.678551393073086, 65.61358951982731, 43.450520191338505, 78.25673926278319, 35.34857268801967], [29.723287165594012, 9.33217504829886, 39.30734387239117, 13.563914723308239, 31.972104745889595, 32.30403591072502, 47.7551853018683, 42.217188094017, 72.40134398958297, 37.26258634585479, 41.462487538925465, 31.236283090592565, 63.11946737004267, 19.057522568362696, 27.292822844252996, 74.89690829637864, 44.32080227593432, 48.644905378290574, 34.3559704447589, 62.27932227817686, 71.16942556843635, 51.996388094089646, 31.833653885086655, 16.967300686522623, 40.06726999398582, 45.18381889073398, 27.029102323290704, 67.04641344202673, 29.51354451099541, 41.738888792765806, 20.061619980190642, 46.57357619240831, 0.0, 58.05509666475514, 35.628346342948795, 44.76177576140758, 32.90338329592222, 57.032244233335774, 30.023369229661867, 53.012099936589635, 46.81113417321092, 14.683970241632535, 68.04400960980871, 47.39462705744192, 41.32324965417949, 42.37148299745272, 62.14526589390652, 75.13719504097865], [57.01792062747309, 59.654346096602566, 40.0449072098901, 51.123774464883724, 89.43729040271862, 66.01797357181108, 102.96082561624007, 41.31607621296311, 92.18036065644773, 24.477524391062477, 42.05391962550343, 77.21630553494946, 42.45300210465523, 73.38361431278634, 70.7030775068144, 81.04914570012599, 60.03516134096807, 54.53489772288287, 25.03574107286997, 5.057406374095948, 81.5979187834181, 34.384415798087055, 87.16112446876747, 71.5091370817852, 21.83420805250134, 34.04301095648673, 82.48912730082941, 71.54091484301892, 33.94499726600335, 67.05776135637778, 68.16432137301219, 81.22479361518445, 58.05509666475514, 0.0, 78.41143998576074, 14.325205264703934, 90.94779645776651, 46.20741479748732, 77.49906650184327, 91.98301960041624, 23.758559190970587, 48.39438057603502, 80.20031193817516, 18.052506941097587, 17.246181048788447, 98.86908219823128, 11.59347026297289, 87.47766316242128], [22.14150847617383, 44.16234028602169, 73.14452789677709, 30.694074466722224, 44.58118762380963, 66.84679300999416, 31.84838884283587, 76.25683247727596, 41.63825961631468, 65.33557908781435, 41.714455945029584, 5.293549228036021, 61.33835956799025, 45.874511002166564, 8.801942341797949, 51.41900016842458, 29.181867852950973, 84.0780561622533, 61.14039433782028, 81.07809081116051, 46.05055678653939, 55.188845886997825, 22.79903163919963, 44.61395388427691, 67.51438511829893, 77.57616791421306, 22.002701113741676, 47.08771850070008, 44.544243717991904, 76.78698503975964, 15.569563548366848, 13.087348880136446, 35.628346342948795, 78.41143998576074, 0.0, 64.18078963901245, 37.78646089541053, 52.38306281313587, 7.390976150527836, 17.385848983371464, 76.16170103020505, 49.29147557086619, 42.725768847935534, 61.92555272017513, 61.75012958576921, 32.409412671958115, 77.31946545815744, 47.91773343319978], [43.03322331520729, 47.48959938571553, 35.52990743292027, 36.9378054020845, 76.56494278889868, 57.506192026369526, 88.75989107211718, 37.74802714655983, 80.49540255002465, 17.273870735664598, 29.919827414598462, 62.90357750940103, 36.66816166525448, 61.25328632865122, 56.397607640718114, 71.34927223478127, 47.43655282785132, 51.46627377222916, 15.263855642625806, 17.787868454031766, 71.09987768386114, 25.90326916508, 73.0317527239881, 59.28301369434948, 15.956883779346743, 32.119499614195206, 68.40096108286653, 61.6826154475896, 19.654489727749702, 60.50764776155369, 53.86810381974727, 67.50076954194193, 44.76177576140758, 14.325205264703934, 64.18078963901245, 0.0, 77.4881286774123, 37.71391695425101, 63.174711252327064, 78.1110667020889, 23.13955151472578, 36.869452382010586, 69.33018457875683, 8.420387521271222, 3.5382510548605666, 84.82165804660045, 17.840362377271383, 76.868481893015], [49.74424790731524, 33.64400978377207, 67.53180720977839, 42.15070870642045, 8.821535893126846, 47.17471079719237, 22.671496813395283, 69.85570815887309, 78.98018108299324, 69.63492652446948, 67.97079312061506, 32.925436654957004, 90.1410305458604, 23.170446076481213, 35.66466630456326, 88.92078896168417, 62.76664378167096, 71.43515540816377, 67.0727056083489, 95.11697357457857, 83.71750476849414, 80.58122149272108, 15.58064764922256, 23.8778466261426, 72.51212241111281, 74.75939505086973, 15.904136113683114, 83.68147608933057, 60.63669672663, 57.100629643462, 30.842325723048862, 50.56243875752179, 32.90338329592222, 90.94779645776651, 37.78646089541053, 77.4881286774123, 0.0, 82.39900960669442, 30.77234131402718, 49.97901598569884, 78.37944896736609, 44.98907272647291, 80.38066179472987, 79.36367550355898, 74.10070635066283, 15.356147446818532, 94.56238310057967, 85.70267227873127], [32.9100321826883, 64.70250020075963, 69.72195318944011, 43.56531973101079, 85.50937027904533, 83.47671596120708, 83.80913083298056, 72.52137434976555, 48.43596125671916, 52.26032894669787, 15.590630892139377, 54.39780198608262, 9.195440315156613, 76.02128653886047, 48.86259605159175, 34.949255161271196, 23.749278912911198, 85.66368949415345, 48.36432172033752, 45.61280638157183, 36.124679056957866, 11.978080250390201, 71.31560038330508, 73.95069187935182, 52.13317244690547, 68.42130776820184, 68.0578092139974, 25.634638559658857, 31.55211796020055, 89.76197649202614, 51.73863170640165, 47.91026390164652, 57.032244233335774, 46.20741479748732, 52.38306281313587, 37.71391695425101, 82.39900960669442, 0.0, 55.89605751808551, 58.746532413544756, 60.5067522534342, 59.01067648161297, 35.28507001255322, 29.71620356412112, 38.49527612946888, 82.91286515428814, 38.09740359535476, 42.02214926017755], [23.69510067975958, 38.03208650887926, 68.61003639215436, 27.582445329523257, 37.29104099012965, 60.34672513764162, 28.06214967699623, 71.65389898521954, 49.01095047051407, 62.40124675529448, 43.71982267199873, 2.171721024458935, 64.55942484292854, 38.73381962929623, 7.328335917713649, 58.16303989125506, 33.716794192570745, 78.66741347762282, 58.424210852660565, 80.5520920070364, 52.947305273428654, 57.238515458748495, 16.38847693677101, 37.55784291354978, 64.77233799205601, 73.58818446283244, 14.87886134825169, 53.25343271945818, 43.61014703413079, 70.41629122431526, 10.507723653925366, 20.475449285235385, 30.023369229661867, 77.49906650184327, 7.390976150527836, 63.174711252327064, 30.77234131402718, 55.89605751808551, 0.0, 23.667992682530876, 73.05750959662727, 44.27330404171516, 49.60973716923798, 61.88600118778073, 60.46025107504895, 27.189767108199533, 77.50757863009564, 55.06532225627606], [35.10135912626447, 61.46691245736859, 90.21724919884389, 47.34114824870366, 57.958153540446965, 83.98579393660391, 36.01594545285863, 93.35548508261941, 31.01129526833558, 81.33307925026011, 51.9293000808882, 22.03228070271191, 67.93409440768936, 62.159826817771545, 25.98187537474941, 46.35306814196319, 35.34723989047731, 101.43743564092635, 76.98638551009134, 94.06867886406879, 40.394973481304184, 64.55611991695095, 34.45831124722904, 61.091738563065974, 83.31706618605631, 94.31777564768004, 35.699891367872134, 45.35430202501658, 58.891821462509405, 94.01003039630841, 32.95086845229333, 11.114326896157497, 53.012099936589635, 91.98301960041624, 17.385848983371464, 78.1110667020889, 49.97901598569884, 58.746532413544756, 23.667992682530876, 0.0, 92.2231650326756, 66.60028255061975, 37.457794084247745, 74.58186451615838, 76.07885910978759, 39.84604017981483, 89.28918241556018, 40.106524934916195], [58.12554604944676, 44.84676173426419, 16.88915366127477, 45.589710930864115, 74.88607423254868, 44.768923564413775, 94.51905761239277, 17.70576617168869, 100.06808391328612, 10.893531989682863, 50.53465410228595, 73.44964517865454, 59.802819720155966, 57.54843770009956, 67.50093846077614, 93.07656770269585, 66.40539719599569, 30.776842478221898, 15.32847773320755, 28.65210619935504, 92.18520210557158, 48.89387281696978, 78.52450454021485, 56.00798263543568, 9.267439351645239, 10.284920261691441, 73.69886729966204, 83.42420264048437, 35.25045342803157, 44.186493516226456, 62.658806748009354, 82.62265745139136, 46.81113417321092, 23.758559190970587, 76.16170103020505, 23.13955151472578, 78.37944896736609, 60.5067522534342, 73.05750959662727, 92.2231650326756, 0.0, 33.39055121842949, 90.07948007290167, 31.54839724949288, 22.014094788962456, 89.15794441342807, 34.68243412339878, 97.76845824812801], [38.538253247502475, 11.609406493850742, 24.623768604777673, 21.08210050741556, 41.84664343747566, 24.499530515244054, 61.9827351112733, 27.549703492174455, 83.00733747423604, 25.11275040034188, 43.87155787285369, 45.289975817916016, 63.26500673738133, 25.077636027388586, 40.6198064259065, 82.6160346629, 51.95041172031176, 34.92865369415879, 23.401245223748695, 53.09496689461032, 79.67782334807251, 51.268869811630886, 46.23803302559301, 23.28932346972959, 28.034579692819257, 30.675960272308473, 41.48247602344211, 73.9163695496407, 27.805014348959133, 31.82245863784532, 33.95270057461459, 59.13730100002436, 14.683970241632535, 48.39438057603502, 49.29147557086619, 36.869452382010586, 44.98907272647291, 59.01067648161297, 44.27330404