instance_id,num_cities,city_coordinates,distance_matrix,best_route,total_distance
978,33,"[[12.58154969567803, 58.91825093674051], [31.89369250483135, 46.18161107796455], [9.341180184463639, 17.71990163751417], [60.15795399333731, 20.717096516858923], [11.084041690062218, 94.39912851073112], [51.98106539622182, 46.06407778087438], [14.064732527174717, 57.75057637596417], [27.846231296066616, 89.92007584946455], [3.961335763766205, 71.63532297113358], [8.254835727303877, 26.183747766839726], [90.47814163237153, 98.87017112807382], [89.46344832478265, 2.207822158179873], [23.019486506536513, 23.05009877298916], [5.86258234278697, 80.67155530088796], [28.397091415770902, 94.11034622567188], [24.30541031530149, 82.46674623325588], [53.80297806498471, 37.18515435526327], [30.836256409930705, 76.73840419821694], [48.81938927308541, 48.28841854293419], [17.505512902353736, 72.79960324608012], [25.569246522813938, 65.34331587299074], [81.98829798203809, 88.06174077110308], [92.54927570576858, 40.920736493789], [6.662141026870428, 94.86068130947736], [77.44376242580813, 12.95022520645892], [16.004496312484108, 46.768019019916196], [10.768759332351486, 6.936463626368827], [99.69170118529983, 78.38236968015164], [75.12599241510304, 91.1458596590967], [70.07167183555833, 63.599714352629476], [38.076649896625355, 87.04970453977555], [81.35370325504842, 18.04306107910394], [27.31097305715686, 37.426854341435224]]","[[0.0, 23.13397619894369, 41.32558504788857, 61.01510013845729, 35.51246546844351, 41.44335417118632, 1.8876692484465472, 34.55609428567469, 15.363333276339118, 33.01920882674763, 87.54447419641292, 95.5348055373753, 37.35605525894692, 22.767318090817202, 38.58257288887333, 26.30552296682892, 46.59971720757218, 25.510628755204973, 37.764723671150136, 14.728793419581397, 14.490056187214332, 75.27708620431412, 81.96796770293356, 36.426607035069715, 79.49947188370801, 12.623181024374185, 52.01338693915335, 89.25822321221987, 70.35926434411267, 57.68041472954804, 37.96549507218439, 80.00243903214111, 26.05448215141453], [23.13397619894369, 0.0, 36.313698740736385, 38.043527430082, 52.516383676065985, 20.087716738188384, 21.253535516501753, 43.92533713933454, 37.79031624967674, 30.96304388717118, 78.79227144670544, 72.44288023767825, 24.77535859711015, 43.21081981134885, 48.05611170324847, 37.07011005953037, 23.684446949839916, 30.575084249903593, 17.056314044521397, 30.25784558317091, 20.178442646328932, 65.29482951222934, 60.88330292318447, 54.82958205740354, 56.383808639952456, 15.900013519279979, 44.56954565663902, 75.05637105265086, 62.3764010343457, 41.96365603071675, 41.33315890797677, 56.90404783009699, 9.881653862178108], [41.32558504788857, 36.313698740736385, 0.0, 50.90508498654137, 76.69903128529052, 51.20109502850251, 40.30839697569119, 74.53389881710888, 54.183165130625326, 8.53327812628306, 114.75440188241036, 81.61006348314136, 14.680158900484848, 63.047691011626114, 78.731364634635, 66.45360839347855, 48.536043659677766, 62.8110017946404, 49.929582600317104, 55.68150373343983, 50.31242113559723, 101.12160034824586, 86.3820924631416, 77.18728612411688, 68.26940399033856, 29.802565414469683, 10.877523503247346, 108.82624533698916, 98.58505379421206, 76.11274420856036, 75.04897594268009, 72.01324816321086, 26.669785165277908], [61.01510013845729, 38.043527430082, 50.90508498654137, 0.0, 88.52847399280945, 26.63326803694935, 59.12752062790614, 76.37473255059136, 75.83353931928113, 52.19020944225813, 83.82849664435338, 34.66129304130514, 37.21167379728126, 80.88587336956448, 79.97075399476506, 71.4032501240888, 17.65170382764712, 63.23091699083713, 29.811756878467996, 67.31878072439514, 56.46129770473783, 70.79452682514167, 38.17570943146478, 91.42796711533843, 18.950553108455544, 51.26576234130524, 51.27570957210839, 69.915669889054, 72.00175589484527, 44.01364236124884, 69.9113644390765, 21.363760256277367, 36.852953249065266], [35.51246546844351, 52.516383676065985, 76.69903128529052, 88.52847399280945, 0.0, 63.31543000785831, 36.76956474370042, 17.350300087607735, 23.852123225346293, 68.27402563503763, 79.51989265420002, 121.00648061736533, 72.34043742945083, 14.687065872625874, 17.315458007601926, 17.809725858088512, 71.40270557666018, 26.4962482171046, 59.58316902402776, 22.533858617391413, 32.46631187995099, 71.18690921567384, 97.45010398122487, 4.445923577971902, 105.05968011370902, 47.884584837057034, 87.46323314192851, 90.04362212095268, 64.12452893308122, 66.5443042090314, 27.975255682439723, 103.76933251245714, 59.23810703942033], [41.44335417118632, 20.087716738188384, 51.20109502850251, 26.63326803694935, 63.31543000785831, 0.0, 39.676473477987145, 50.05835378470011, 54.403887862490954, 48.03343296627764, 65.34912679848954, 57.69142212882597, 36.99211107194137, 57.65927487792578, 53.522404095669415, 45.72850483683107, 9.06392006642073, 37.25610350297542, 3.8657324963545645, 43.62742304626895, 32.69974308177689, 51.61625426258766, 40.8929535166519, 66.59514563331669, 41.771714979644116, 35.98345531358788, 56.82802442920207, 57.626181191234096, 50.675977583318044, 25.194614331631247, 43.27995345659898, 40.59469462610442, 26.138383361653965], [1.8876692484465472, 21.253535516501753, 40.30839697569119, 59.12752062790614, 36.76956474370042, 39.676473477987145, 0.0, 34.99723424347287, 17.171628174722454, 32.0970336520836, 86.77459399879609, 93.64808535162717, 35.837281770601216, 24.344332862579176, 39.082596828194966, 26.753701313551513, 44.744438104783534, 25.33419860104856, 36.019697338862336, 15.437363095026592, 13.784176991955885, 74.37995315332114, 80.26871762032965, 37.8412242018772, 77.6142570395598, 11.152544535740772, 50.920894472010026, 88.07751504513656, 69.5968562843308, 56.31154114178579, 37.88154018670268, 78.13125080700445, 24.259360369039808], [34.55609428567469, 43.92533713933454, 74.53389881710888, 76.37473255059136, 17.350300087607735, 50.05835378470011, 34.99723424347287, 0.0, 30.08023308437847, 66.67939935083193, 63.26816259281695, 107.19198142570261, 67.04395050615379, 23.849862759321635, 4.226323780450485, 8.251638357664488, 58.7769057353763, 13.51653497398068, 46.61618008392977, 20.00102595021837, 24.68201350374052, 54.173949406441196, 81.16291772217483, 21.752592094850698, 91.56567589534995, 44.747365241341, 84.72260587508269, 72.76599622937982, 47.295648398358004, 49.75690161252234, 10.625464516817324, 89.60666720584948, 52.49595037403699], [15.363333276339118, 37.79031624967674, 54.183165130625326, 75.83353931928113, 23.852123225346293, 54.403887862490954, 17.171628174722454, 30.08023308437847, 0.0, 45.653913638246586, 90.70223068832173, 110.13986163750803, 52.189434947296704, 9.234079990531622, 33.19989193621746, 23.04780031243046, 60.588806102649926, 27.355123793319773, 50.56998033442787, 13.59412678034403, 22.505358488458935, 79.73728133533764, 93.76144690458919, 23.381865173969473, 94.0404579305726, 27.63006554108091, 65.05600215318938, 95.9678357734196, 73.79071349536483, 66.59690339193766, 37.43604970516185, 94.1366511015214, 41.41768810208938], [33.01920882674763, 30.96304388717118, 8.53327812628306, 52.19020944225813, 68.27402563503763, 48.03343296627764, 32.0970336520836, 66.67939935083193, 45.653913638246586, 0.0, 109.7451054717562, 84.67398519497816, 15.093530688654512, 54.54029745173027, 70.85007581087686, 58.5268900675192, 46.857915204770286, 55.36870819280829, 46.1963145119619, 47.52486728291217, 42.81659252504752, 96.25751645614994, 85.57295979467591, 68.6953992435349, 70.44312384503615, 21.994759880610797, 19.41076399001436, 105.28720954813335, 93.22997145910912, 72.25839592728119, 67.77909186640402, 73.55076623385119, 22.125637061606362], [87.54447419641292, 78.79227144670544, 114.75440188241036, 83.82849664435338, 79.51989265420002, 65.34912679848954, 86.77459399879609, 63.26816259281695, 90.70223068832173, 109.7451054717562, 0.0, 96.66767459128218, 101.4857306389259, 86.55046211265831, 62.26325344131653, 68.17552873459124, 71.76425932841846, 63.61579662571484, 65.52835525722134, 77.48986419822053, 73.05624331731575, 13.744075523242508, 57.98643436859379, 83.91184639910381, 86.90300425459249, 90.889812968968, 121.67741040004015, 22.46418678262889, 17.185850961155488, 40.74836353421739, 53.71815118278505, 81.34050094860405, 88.12135021408156], [95.5348055373753, 72.44288023767825, 81.61006348314136, 34.66129304130514, 121.00648061736533, 57.69142212882597, 93.64808535162717, 107.19198142570261, 110.13986163750803, 84.67398519497816, 96.66767459128218, 0.0, 69.63620148021269, 114.65453419568591, 110.34117035864153, 103.37826082370417, 49.95080486613865, 94.82592098707809, 61.44396552447184, 100.8025001050097, 89.82516123293976, 86.17872831413257, 38.83570608320973, 124.26024625419612, 16.120548140856805, 85.91756965313833, 78.83662934036528, 76.85817358456947, 90.08627618275992, 64.38171652435926, 99.19046354740249, 17.791086441778283, 71.43745803020997], [37.35605525894692, 24.77535859711015, 14.680158900484848, 37.21167379728126, 72.34043742945083, 36.99211107194137, 35.837281770601216, 67.04395050615379, 52.189434947296704, 15.093530688654512, 101.4857306389259, 69.63620148021269, 0.0, 60.12147380828765, 71.26343664598504, 59.43056112354626, 33.87363501077246, 54.25436416690506, 36.091657866789326, 50.05414168903231, 42.37000694841191, 87.77148923268977, 71.78963211103483, 73.65000010435124, 55.3534936150999, 24.73357694031017, 20.241777440104254, 94.55309993590897, 85.74450774631232, 62.114245289572864, 65.74699770833577, 58.54870852657943, 15.003598151410223], [22.767318090817202, 43.21081981134885, 63.047691011626114, 80.88587336956448, 14.687065872625874, 57.65927487792578, 24.344332862579176, 23.849862759321635, 9.234079990531622, 54.54029745173027, 86.55046211265831, 114.65453419568591, 60.12147380828765, 0.0, 26.23747702582033, 18.52999228568161, 64.72517755251462, 25.28149667263332, 53.79549059104557, 14.054375161069487, 24.96612779474023, 76.48358923894918, 95.36619108490395, 14.211635760070736, 98.53955496061734, 35.38796675882787, 73.89813473222902, 93.8570397656382, 70.0509173861, 66.43985947346185, 32.8394113235421, 98.08790763941145, 48.27149909945579], [38.58257288887333, 48.05611170324847, 78.731364634635, 79.97075399476506, 17.315458007601926, 53.522404095669415, 39.082596828194966, 4.226323780450485, 33.19989193621746, 70.85007581087686, 62.26325344131653, 110.34117035864153, 71.26343664598504, 26.23747702582033, 0.0, 12.341607472745537, 62.33728054635953, 17.542345785954332, 50.16691445898298, 23.932702497966034, 28.90568701917843, 53.93146622495404, 83.33449065427732, 21.74789808569909, 94.82901022904393, 48.93743310238945, 88.93842757481373, 73.00883938541855, 46.8228402514071, 51.64948509382877, 11.981089825257898, 92.68567638564862, 56.69389654344849], [26.30552296682892, 37.07011005953037, 66.45360839347855, 71.4032501240888, 17.809725858088512, 45.72850483683107, 26.753701313551513, 8.251638357664488, 23.04780031243046, 58.5268900675192, 68.17552873459124, 103.37826082370417, 59.43056112354626, 18.52999228568161, 12.341607472745537, 0.0, 54.04191952690279, 8.687108447701553, 42.06059020091947, 11.819147954108827, 17.170007258655108, 57.953597761069965, 79.89553234508215, 21.56141409689281, 87.49989234672971, 36.65111591663491, 76.7337247272047, 75.49685412627167, 51.55636308760812, 49.50268260938103, 14.51380537438472, 86.05183865659394, 45.14006279373258], [46.59971720757218, 23.684446949839916, 48.536043659677766, 17.65170382764712, 71.40270557666018, 9.06392006642073, 44.744438104783534, 58.7769057353763, 60.588806102649926, 46.857915204770286, 71.76425932841846, 49.95080486613865, 33.87363501077246, 64.72517755251462, 62.33728054635953, 54.04191952690279, 0.0, 45.7376199284554, 12.170399864752175, 50.85169561606589, 39.87512579107177, 58.16218104709504, 38.92595733931134, 74.48976390149403, 33.8558484761868, 38.994313918508354, 52.60159002102907, 61.668350554706436, 58.02093292823297, 31.02256238377417, 52.28566498346058, 33.547908928748384, 26.493107560610763], [25.510628755204973, 30.575084249903593, 62.8110017946404, 63.23091699083713, 26.4962482171046, 37.25610350297542, 25.33419860104856, 13.51653497398068, 27.355123793319773, 55.36870819280829, 63.61579662571484, 94.82592098707809, 54.25436416690506, 25.28149667263332, 17.542345785954332, 8.687108447701553, 45.7376199284554, 0.0, 33.6570163763764, 13.900463136362019, 12.553462912307989, 52.390355106044694, 71.35406134477054, 30.212659304517118, 79.00121135846342, 33.43957379100275, 72.62930088163087, 68.87506731553663, 46.574193372135746, 41.37684128205199, 12.59945286812078, 77.44130512600947, 39.46929914325283], [37.764723671150136, 17.056314044521397, 49.929582600317104, 29.811756878467996, 59.58316902402776, 3.8657324963545645, 36.019697338862336, 46.61618008392977, 50.56998033442787, 46.1963145119619, 65.52835525722134, 61.44396552447184, 36.091657866789326, 53.79549059104557, 50.16691445898298, 42.06059020091947, 12.170399864752175, 33.6570163763764, 0.0, 39.76628004871971, 28.834678095078008, 51.78893381803288, 44.34620283849186, 62.81886053478636, 45.47683637493288, 32.850096114399946, 56.19461374819059, 59.10700478236792, 50.287151717878686, 26.19342080536987, 40.22242833842178, 44.42142764918554, 24.095342807706682], [14.728793419581397, 30.25784558317091, 55.68150373343983, 67.31878072439514, 22.533858617391413, 43.62742304626895, 15.437363095026592, 20.00102595021837, 13.59412678034403, 47.52486728291217, 77.48986419822053, 100.8025001050097, 50.05414168903231, 14.054375161069487, 23.932702497966034, 11.819147954108827, 50.85169561606589, 13.900463136362019, 39.76628004871971, 0.0, 10.98271465949254, 66.26433741814279, 81.53421662777855, 24.581901451053966, 84.70266706347194, 26.074823645174103, 66.20677464752774, 82.37558391621428, 60.4706935932714, 53.365147996072885, 25.024729051833315, 84.11224834349498, 36.70665353745134], [14.490056187214332, 20.178442646328932, 50.31242113559723, 56.46129770473783, 32.46631187995099, 32.69974308177689, 13.784176991955885, 24.68201350374052, 22.505358488458935, 42.81659252504752, 73.05624331731575, 89.82516123293976, 42.37000694841191, 24.96612779474023, 28.90568701917843, 17.170007258655108, 39.87512579107177, 12.553462912307989, 28.834678095078008, 10.98271465949254, 0.0, 60.82134656031345, 71.29366516656908, 35.053580424056996, 73.7292435181687, 20.8932070244337, 60.25292366710322, 75.2605820425162, 55.87165944615237, 44.53656929960141, 25.05199489279752, 73.13836008878755, 27.97074249574461], [75.27708620431412, 65.29482951222934, 101.12160034824586, 70.79452682514167, 71.18690921567384, 51.61625426258766, 74.37995315332114, 54.173949406441196, 79.73728133533764, 96.25751645614994, 13.744075523242508, 86.17872831413257, 87.77148923268977, 76.48358923894918, 53.93146622495404, 57.953597761069965, 58.16218104709504, 52.390355106044694, 51.78893381803288, 66.26433741814279, 60.82134656031345, 0.0, 48.3095077055736, 75.63237080826505, 75.24887091405172, 77.83979405696985, 107.95153207474243, 20.17673684453471, 7.5234983225403065, 27.21023181108653, 43.92330878828064, 70.02155536888834, 74.52181952077123], [81.96796770293356, 60.88330292318447, 86.3820924631416, 38.17570943146478, 97.45010398122487, 40.8929535166519, 80.26871762032965, 81.16291772217483, 93.76144690458919, 85.57295979467591, 57.98643436859379, 38.83570608320973, 71.78963211103483, 95.36619108490395, 83.33449065427732, 79.89553234508215, 38.92595733931134, 71.35406134477054, 44.34620283849186, 81.53421662777855, 71.29366516656908, 48.3095077055736, 0.0, 101.42049866802418, 31.78877212359296, 76.76779249989504, 88.56062138800752, 38.13644192527987, 53.16139386431768, 31.930842652016985, 71.38030999884062, 25.47015655387712, 65.33179428858811], [36.426607035069715, 54.82958205740354, 77.18728612411688, 91.42796711533843, 4.445923577971902, 66.59514563331669, 37.8412242018772, 21.752592094850698, 23.381865173969473, 68.6953992435349, 83.91184639910381, 124.26024625419612, 73.65000010435124, 14.211635760070736, 21.74789808569909, 21.56141409689281, 74.48976390149403, 30.212659304517118, 62.81886053478636, 24.581901451053966, 35.053580424056996, 75.63237080826505, 101.42049866802418, 0.0, 108.25599635524614, 48.99167039794022, 88.02006799073474, 94.47768952204541, 68.56455969963008, 70.6966523426327, 32.37101675302665, 107.14371771570958, 61.03293163866526], [79.49947188370801, 56.383808639952456, 68.26940399033856, 18.950553108455544, 105.05968011370902, 41.771714979644116, 77.6142570395598, 91.56567589534995, 94.0404579305726, 70.44312384503615, 86.90300425459249, 16.120548140856805, 55.3534936150999, 98.53955496061734, 94.82901022904393, 87.49989234672971, 33.8558484761868, 79.00121135846342, 45.47683637493288, 84.70266706347194, 73.7292435181687, 75.24887091405172, 31.78877212359296, 108.25599635524614, 0.0, 70.13149505716639, 66.94565979848596, 69.11104332501637, 78.22997702462321, 51.183185426845974, 83.90770159141506, 6.420639727773249, 55.78890520249277], [12.623181024374185, 15.900013519279979, 29.802565414469683, 51.26576234130524, 47.884584837057034, 35.98345531358788, 11.152544535740772, 44.747365241341, 27.63006554108091, 21.994759880610797, 90.889812968968, 85.91756965313833, 24.73357694031017, 35.38796675882787, 48.93743310238945, 36.65111591663491, 38.994313918508354, 33.43957379100275, 32.850096114399946, 26.074823645174103, 20.8932070244337, 77.83979405696985, 76.76779249989504, 48.99167039794022, 70.13149505716639, 0.0, 40.17419254688713, 89.45957426174664, 73.92390710188747, 56.626543571157505, 45.93249560129262, 71.38376605870222, 14.666075614435046], [52.01338693915335, 44.56954565663902, 10.877523503247346, 51.27570957210839, 87.46323314192851, 56.82802442920207, 50.920894472010026, 84.72260587508269, 65.05600215318938, 19.41076399001436, 121.67741040004015, 78.83662934036528, 20.241777440104254, 73.89813473222902, 88.93842757481373, 76.7337247272047, 52.60159002102907, 72.62930088163087, 56.19461374819059, 66.20677464752774, 60.25292366710322, 107.95153207474243, 88.56062138800752, 88.02006799073474, 66.94565979848596, 40.17419254688713, 0.0, 114.0693082280628, 105.9862058489897, 82.02170087379366, 84.63954310320857, 71.45341710196493, 34.688741125537355], [89.25822321221987, 75.05637105265086, 108.82624533698916, 69.915669889054, 90.04362212095268, 57.626181191234096, 88.07751504513656, 72.76599622937982, 95.9678357734196, 105.28720954813335, 22.46418678262889, 76.85817358456947, 94.55309993590897, 93.8570397656382, 73.00883938541855, 75.49685412627167, 61.668350554706436, 68.87506731553663, 59.10700478236792, 82.37558391621428, 75.2605820425162, 20.17673684453471, 38.13644192527987, 94.47768952204541, 69.11104332501637, 89.45957426174664, 114.0693082280628, 0.0, 27.683582207235293, 33.10397313332445, 62.2216782068343, 63.06436656736017, 83.16443976255707], [70.35926434411267, 62.3764010343457, 98.58505379421206, 72.00175589484527, 64.12452893308122, 50.675977583318044, 69.5968562843308, 47.295648398358004, 73.79071349536483, 93.22997145910912, 17.185850961155488, 90.08627618275992, 85.74450774631232, 70.0509173861, 46.8228402514071, 51.55636308760812, 58.02093292823297, 46.574193372135746, 50.287151717878686, 60.4706935932714, 55.87165944615237, 7.5234983225403065, 53.16139386431768, 68.56455969963008, 78.22997702462321, 73.92390710188747, 105.9862058489897, 27.683582207235293, 0.0, 28.006004316321444, 37.2750891053666, 73.36759190905045, 71.91667128364404], [57.68041472954804, 41.96365603071675, 76.11274420856036, 44.01364236124884, 66.5443042090314, 25.194614331631247, 56.31154114178579, 49.75690161252234, 66.59690339193766, 72.25839592728119, 40.74836353421739, 64.38171652435926, 62.114245289572864, 66.43985947346185, 51.64948509382877, 49.50268260938103, 31.02256238377417, 41.37684128205199, 26.19342080536987, 53.365147996072885, 44.53656929960141, 27.21023181108653, 31.930842652016985, 70.6966523426327, 51.183185426845974, 56.626543571157505, 82.02170087379366, 33.10397313332445, 28.006004316321444, 0.0, 39.66841903391222, 46.93285512766709, 50.13477796084028], [37.96549507218439, 41.33315890797677, 75.04897594268009, 69.9113644390765, 27.975255682439723, 43.27995345659898, 37.88154018670268, 10.625464516817324, 37.43604970516185, 67.77909186640402, 53.71815118278505, 99.19046354740249, 65.74699770833577, 32.8394113235421, 11.981089825257898, 14.51380537438472, 52.28566498346058, 12.59945286812078, 40.22242833842178, 25.024729051833315, 25.05199489279752, 43.92330878828064, 71.38030999884062, 32.37101675302665, 83.90770159141506, 45.93249560129262, 84.63954310320857, 62.2216782068343, 37.2750891053666, 39.66841903391222, 0.0, 81.45440558432703, 50.77722973556939], [80.00243903214111, 56.90404783009699, 72.01324816321086, 21.363760256277367, 103.76933251245714, 40.59469462610442, 78.13125080700445, 89.60666720584948, 94.1366511015214, 73.55076623385119, 81.34050094860405, 17.791086441778283, 58.54870852657943, 98.08790763941145, 92.68567638564862, 86.05183865659394, 33.547908928748384, 77.44130512600947, 44.42142764918554, 84.11224834349498, 73.13836008878755, 70.02155536888834, 25.47015655387712, 107.14371771570958, 6.420639727773249, 71.38376605870222, 71.45341710196493, 63.06436656736017, 73.36759190905045, 46.93285512766709, 81.45440558432703, 0.0, 57.41383220513067], [26.05448215141453, 9.881653862178108, 26.669785165277908, 36.852953249065266, 59.23810703942033, 26.138383361653965, 24.259360369039808, 52.49595037403699, 41.41768810208938, 22.125637061606362, 88.12135021408156, 71.43745803020997, 15.003598151410223, 48.27149909945579, 56.69389654344849, 45.14006279373258, 26.493107560610763, 39.46929914325283, 24.095342807706682, 36.70665353745134, 27.97074249574461, 74.52181952077123, 65.33179428858811, 61.03293163866526, 55.78890520249277, 14.666075614435046, 34.688741125537355, 83.16443976255707, 71.91667128364404, 50.13477796084028, 50.77722973556939, 57.41383220513067, 0.0]]",Route_3,1725.504265152029
