instance_id,num_cities,city_coordinates,distance_matrix,best_route,total_distance
960,37,"[[26.208970065266946, 79.45000238380901], [16.34923749133047, 34.68016457916894], [78.10021058071057, 40.611809617724546], [88.4584095995567, 73.72451163482134], [80.2466879238106, 77.25043570088782], [26.741689009326397, 64.41835309434057], [50.92346070624063, 64.87791319845115], [38.439145135113996, 19.938716484072692], [92.84872690367628, 15.187532607130304], [61.665355541875364, 91.31048781216327], [62.894568354353176, 99.15046692961317], [7.809704066573541, 3.918680374853978], [9.45580001868407, 1.2750450521289536], [16.537566085659204, 92.86302522047262], [96.28170299895882, 24.179949770358235], [11.20357217033543, 78.88776855316196], [20.390078301609705, 60.776692080505924], [73.37402084068447, 85.82960880454847], [98.82745459587677, 36.19049276759011], [0.8154392734681992, 6.504706348053801], [28.288316780390144, 23.86974852179271], [6.4933313311849155, 80.56366309455903], [98.78527906929905, 95.41720083162815], [95.1222213437949, 9.000239155301015], [41.54520192073646, 34.299385471567525], [93.4483939803941, 3.7087105328763137], [18.997274364628613, 6.3930000549027755], [86.45395144711196, 20.489603161463045], [23.375848158098155, 63.92955547993332], [41.46216627006585, 2.9961617297032506], [27.20677162992612, 91.97263961546608], [85.10105823201367, 29.226703788388786], [58.61329026102114, 70.74851886205693], [67.5765990415962, 25.580262027535696], [8.8679699891134, 72.71675032003311], [36.09046023185698, 2.315119489573181], [43.33172569258045, 52.040568908820674]]","[[0.0, 45.84269520308904, 64.81593985716133, 62.51219054432455, 54.08246522628369, 15.04108605902302, 28.690622699216537, 60.755002523901375, 92.57711495440364, 37.38751644148154, 41.64062229540637, 77.74003854971471, 79.94993846413966, 16.536179623892338, 89.24666165571753, 15.015927306215199, 19.5589370631587, 47.594552132899125, 84.5270930989476, 77.23889965437101, 55.619136114541284, 19.747066892870546, 74.31199132657387, 98.55052176792557, 47.684150564739056, 101.28120960813185, 73.41208445592876, 84.29582705067473, 15.776908817537867, 77.96056532135646, 12.562326663405955, 77.39933959953798, 33.55228431609816, 67.92076010451838, 18.602337675558406, 77.76524935355053, 32.31819617015323], [45.84269520308904, 0.0, 62.03520847348517, 82.00118132768591, 76.77963372632034, 31.501792087400077, 45.90512969797378, 26.55700117956285, 78.9438698161355, 72.52960819309821, 79.51658764249098, 31.924795090413028, 34.108964962383624, 58.18316543524258, 80.61918849231468, 44.506068358338446, 26.407520559152385, 76.6034696381696, 82.49204439205889, 32.17382994930158, 16.106107835353374, 46.93010038609975, 102.39476804884666, 82.85313243804389, 25.19884156576801, 83.0873690585202, 28.410839060211664, 71.52651922309394, 30.081557897290686, 40.42938570409877, 58.31220921347005, 68.96776848467415, 55.56236439529119, 52.029326325168434, 38.76533526569635, 37.91057924831336, 32.084861040989175], [64.81593985716133, 62.03520847348517, 0.0, 34.695004277086795, 36.70144801293668, 56.60785502297665, 36.433768906469915, 44.72557313207442, 29.392390090637694, 53.29597011792527, 60.48128599322864, 79.29149411915469, 79.11659843482373, 80.74743791098848, 24.50658451515241, 77.0727530521375, 61.13167634221318, 45.464120279168085, 21.193552962010077, 84.47621185553207, 52.55017957832603, 81.99814480883454, 58.57903178174438, 35.90320650748797, 37.09602885393217, 39.967555038261324, 68.29409928580151, 21.78733988194513, 59.485066316311595, 52.5098396202499, 72.3054423006604, 13.36534708048883, 35.88817782534178, 18.34921858778442, 76.31402462740084, 56.8458934237527, 36.598689598808704], [62.51219054432455, 82.00118132768591, 34.695004277086795, 0.0, 8.93669476929727, 62.41440688809853, 38.563385384561826, 73.44956485617976, 58.7013866933243, 32.04893607981195, 36.05536273375601, 106.66333850972819, 107.19299197570915, 74.42372225318141, 50.15842431690553, 77.42718597637526, 69.28884294674131, 19.340945212613754, 38.93994949228081, 110.45267072538614, 78.14049830224606, 82.24991214724514, 24.025340739193595, 65.06641095808065, 61.27960205243339, 70.19339248154436, 96.73872936813713, 53.27263211679837, 65.8155070622221, 84.91846894160028, 63.912106276985426, 44.62428387484977, 29.993127234667867, 52.47779323130094, 79.59681941039608, 88.55339297583008, 50.06606607857888], [54.08246522628369, 76.77963372632034, 36.70144801293668, 8.93669476929727, 0.0, 55.02224325543451, 31.826576434271683, 70.94014232869675, 63.32941912630488, 23.301308513895442, 27.941142091401577, 103.0760057895673, 103.84416110031273, 65.59424637035987, 55.440041354266405, 69.0625274068138, 62.0821870131411, 10.992532191358812, 45.06843467225626, 106.36861136546327, 74.49275196681779, 73.82773926134523, 25.955937990661514, 69.85249332014068, 57.815203317533516, 74.71726964692816, 93.66038035193226, 57.09923143980425, 58.4100870185823, 83.77312410849636, 55.0452178537309, 48.26845489440014, 22.589351850273548, 53.200921042004374, 71.52255362564762, 86.97743419803419, 44.70181003278187], [15.04108605902302, 31.501792087400077, 56.60785502297665, 62.41440688809853, 55.02224325543451, 0.0, 24.186138135117243, 45.99204879972417, 82.42459672336246, 44.07776529905079, 50.13332640472202, 63.39266876412139, 65.46662744261717, 30.219587968806984, 80.34265770897642, 21.231981975833392, 7.321519891529664, 51.31292471802598, 77.41556496484169, 63.45203625432189, 40.57809002704631, 25.897239692003957, 78.42963362000954, 88.0174105214739, 33.560336785853856, 90.19670275590912, 58.53988002669977, 74.13021891310092, 3.4011480037844692, 63.16152343648841, 27.55821125422081, 68.14886761306482, 32.494152781597464, 56.35501038112759, 19.70617233581665, 62.80295492681476, 20.698764661085978], [28.690622699216537, 45.90512969797378, 36.433768906469915, 38.563385384561826, 31.826576434271683, 24.186138135117243, 0.0, 46.64107134932772, 65.01432049199742, 28.53189978549088, 36.30310396616364, 74.66474454537405, 75.92688403547699, 44.334594209745745, 60.94008837439701, 42.11823349055196, 30.807587632362672, 30.708324589935483, 55.836911819649195, 76.93013122247002, 46.84035984801892, 47.11771584115084, 56.77500987371392, 71.24496402110363, 31.984341415631445, 74.49859934732581, 66.63157239423164, 56.857170526037635, 27.56393185786181, 62.6008566814215, 36.00840930054343, 49.3874164644583, 9.674579548442194, 42.68058579691055, 42.77980442775617, 64.2971310381162, 14.914149286102184], [60.755002523901375, 26.55700117956285, 44.72557313207442, 73.44956485617976, 70.94014232869675, 45.99204879972417, 46.64107134932772, 0.0, 54.616630585036845, 75.05588979133084, 82.90095978623339, 34.565940130594804, 34.47269826192367, 76.14219572314218, 57.99784099447955, 64.93663969258014, 44.6487297061762, 74.57918765548598, 62.53693430204546, 39.95016734756312, 10.885418189883518, 68.52677703729853, 96.63672945731749, 57.72886119395722, 14.69273298348225, 57.35355744587968, 23.69541670103604, 48.01796644288475, 46.498352996396626, 17.210137082172594, 72.90440519104135, 47.57731436333659, 54.66838345196404, 29.67858245050363, 60.49772933842415, 17.77941202062992, 32.47254646022693], [92.57711495440364, 78.9438698161355, 29.392390090637694, 58.7013866933243, 63.32941912630488, 82.42459672336246, 65.01432049199742, 54.616630585036845, 0.0, 82.2624273811285, 89.14609332124184, 85.78241332418995, 84.54547630957983, 108.88928054734616, 9.625429409034052, 103.5550643426543, 85.60740165854024, 73.27733009411412, 21.837342336450806, 92.44196830374135, 65.14159522513802, 108.31109260824012, 80.44900443776889, 6.591765865706996, 54.747735985947656, 11.494475056098908, 74.37325355891997, 8.306931160362392, 84.86616330982952, 52.812954259563035, 101.01890392615924, 16.035108272242535, 65.26169102722821, 27.325615665215746, 101.79576819593962, 58.19965511116376, 61.725842996214915], [37.38751644148154, 72.52960819309821, 53.29597011792527, 32.04893607981195, 23.301308513895442, 44.07776529905079, 28.53189978549088, 75.05588979133084, 82.2624273811285, 0.0, 7.9357568448390685, 102.65358835904826, 104.07794502643011, 45.15448763532562, 75.53013073636085, 51.96840900801358, 51.34161268448206, 12.927988156540408, 66.47733042032586, 104.37783710927553, 75.24812311624403, 56.208953886511026, 37.346402966096015, 88.85009230857416, 60.45731032578369, 93.18923175385747, 95.03444048529252, 75.03380697832745, 47.0723042889817, 90.59574519894208, 34.464945237552094, 66.35984025968742, 20.78724776356248, 65.99549515998127, 55.975807230742504, 92.59725078527912, 43.338764566217876], [41.64062229540637, 79.51658764249098, 60.48128599322864, 36.05536273375601, 27.941142091401577, 50.13332640472202, 36.30310396616364, 82.90095978623339, 89.14609332124184, 7.9357568448390685, 0.0, 110.0156145463648, 111.51367704873168, 46.781444853547846, 82.06874680963007, 55.52059106305674, 57.26410979674568, 16.948869744067814, 72.49228000365893, 111.52154599527752, 82.85396316409962, 59.38492076736644, 36.08435105945921, 95.73758501742267, 68.27487248904177, 100.21309856740574, 102.62027129487285, 82.11319029524333, 52.93620546748779, 98.51394960907815, 36.40247299285782, 73.36525638554457, 28.722813165576362, 73.7190373017035, 60.146610084979166, 100.47658795000817, 51.010266658181116], [77.74003854971471, 31.924795090413028, 79.29149411915469, 106.66333850972819, 103.0760057895673, 63.39266876412139, 74.66474454537405, 34.565940130594804, 85.78241332418995, 102.65358835904826, 110.0156145463648, 0.0, 3.1142317837813724, 89.3715394039989, 90.76240208703811, 75.045869459902, 58.233146154175934, 104.91939682570853, 96.56966804606111, 7.457028250592659, 28.590535127665664, 76.65628619547363, 129.02920015583783, 87.4602647659165, 45.39902044804169, 85.63894731656883, 11.457922457976439, 80.3710963472011, 61.99685453920657, 33.66510438136393, 90.16510393719203, 81.32926581389705, 83.94779140896024, 63.571265951302124, 68.8062086947433, 28.326181825177564, 59.81245837176414], [79.94993846413966, 34.108964962383624, 79.11659843482373, 107.19299197570915, 103.84416110031273, 65.46662744261717, 75.92688403547699, 34.47269826192367, 84.54547630957983, 104.07794502643011, 111.51367704873168, 3.1142317837813724, 0.0, 91.86136033144878, 89.79628103931279, 77.63240017377981, 60.49797054991201, 105.99534520162656, 95.94988864525143, 10.099761931726992, 29.414015578665484, 79.34394225019817, 129.77866281583331, 86.01403586963634, 46.047114725793705, 84.0278440047635, 10.827427954262058, 79.3594012498336, 64.18220483242573, 32.052608680658345, 92.41834586660053, 80.64428260124608, 85.10594814784811, 62.99818133314122, 71.4441235913056, 26.65495975436093, 61.03045758232268], [16.536179623892338, 58.18316543524258, 80.74743791098848, 74.42372225318141, 65.59424637035987, 30.219587968806984, 44.334594209745745, 76.14219572314218, 108.88928054734616, 45.15448763532562, 46.781444853547846, 89.3715394039989, 91.86136033144878, 0.0, 105.2449154369615, 14.958585829078967, 32.316785495203156, 57.26998808800142, 99.91697396162004, 87.77781331275565, 69.98680140933952, 15.87957683653273, 82.2873629671763, 114.92830342719226, 63.67952379453993, 117.74449997714747, 86.50500226548702, 100.62908706006777, 29.73058648814287, 93.25925609836861, 10.706294105404483, 93.54428823135436, 47.5333352118021, 84.45089169425063, 21.556787716360468, 92.63497666510348, 48.830317717150905], [89.24666165571753, 80.61918849231468, 24.50658451515241, 50.15842431690553, 55.440041354266405, 80.34265770897642, 60.94008837439701, 57.99784099447955, 9.625429409034052, 75.53013073636085, 82.06874680963007, 90.76240208703811, 89.79628103931279, 105.2449154369615, 0.0, 101.14956144870055, 84.25473427006132, 65.76809531145352, 12.27737733726409, 97.08873127064048, 67.9940938191109, 106.02393510418278, 71.28123057233498, 15.223928929995123, 55.66405958243745, 20.666380329242457, 79.30484530919293, 10.497778748793126, 83.03791196883103, 58.77018362164476, 96.78427010662199, 12.266888094505692, 59.89608455854139, 28.739239162173323, 99.98490749265841, 64.0394917926097, 59.8323841704845], [15.015927306215199, 44.506068358338446, 77.0727530521375, 77.42718597637526, 69.0625274068138, 21.231981975833392, 42.11823349055196, 64.93663969258014, 103.5550643426543, 51.96840900801358, 55.52059106305674, 75.045869459902, 77.63240017377981, 14.958585829078967, 101.14956144870055, 0.0, 20.307707549064588, 62.55680485725173, 97.47308413523332, 73.12469486617726, 57.609643520533446, 4.999499102578762, 89.12787170568122, 109.2090034952936, 53.93272106746922, 111.42756157874845, 72.9125040957278, 95.25211442490365, 19.285031528788675, 81.70139841605337, 20.67162895517834, 89.03403731049673, 48.10331334713281, 77.58613542771398, 6.5982197282704815, 80.51538847948402, 41.86872791824542], [19.5589370631587, 26.407520559152385, 61.13167634221318, 69.28884294674131, 62.0821870131411, 7.321519891529664, 30.807587632362672, 44.6487297061762, 85.60740165854024, 51.34161268448206, 57.26410979674568, 58.233146154175934, 60.49797054991201, 32.316785495203156, 84.25473427006132, 20.307707549064588, 0.0, 58.60841921913426, 82.20038440653956, 57.69414986309728, 37.742610586891445, 24.17940855916431, 85.70748129505904, 90.91586374881773, 33.890810267744676, 92.70529654632203, 54.40152443767106, 77.37883992769522, 4.342276966219904, 61.503029022726864, 31.93202860039274, 71.99244880392577, 39.50254753627102, 58.86727807550474, 16.59288916157152, 60.53311046493922, 24.54870736072453], [47.594552132899125, 76.6034696381696, 45.464120279168085, 19.340945212613754, 10.992532191358812, 51.31292471802598, 30.708324589935483, 74.57918765548598, 73.27733009411412, 12.927988156540408, 16.948869744067814, 104.91939682570853, 105.99534520162656, 57.26998808800142, 65.76809531145352, 62.55680485725173, 58.60841921913426, 0.0, 55.78457789443764, 107.50436227790374, 76.62731234273491, 67.08768004251331, 27.159785817252946, 79.84820765567753, 60.567628569936055, 84.5388809359257, 96.26528640670811, 66.63633334831226, 54.584151612154855, 88.76793574505096, 46.574152995327246, 57.804950153477584, 21.102569537829453, 60.52762911739798, 65.82535722729044, 91.45891874067414, 45.213258175460865], [84.5270930989476, 82.49204439205889, 21.193552962010077, 38.93994949228081, 45.06843467225626, 77.41556496484169, 55.836911819649195, 62.53693430204546, 21.837342336450806, 66.47733042032586, 72.49228000365893, 96.56966804606111, 95.94988864525143, 99.91697396162004, 12.27737733726409, 97.47308413523332, 82.20038440653956, 55.78457789443764, 0.0, 102.40898917041598, 71.60705763067328, 102.44300153707673, 59.22672308069923, 27.441549609177198, 57.31346053366251, 32.924162407696954, 85.21002433819756, 19.990535625547444, 80.38905717944915, 66.27699387989952, 90.78089080564925, 15.391826210190914, 53.02297785579969, 33.00292364672719, 97.09210246720325, 71.29846685978623, 57.714823400847074], [77.23889965437101, 32.17382994930158, 84.47621185553207, 110.45267072538614, 106.36861136546327, 63.45203625432189, 76.93013122247002, 39.95016734756312, 92.44196830374135, 104.37783710927553, 111.52154599527752, 7.457028250592659, 10.099761931726992, 87.77781331275565, 97.08873127064048, 73.12469486617726, 57.69414986309728, 107.50436227790374, 102.40898917041598, 0.0, 32.50082596190547, 74.27629186086106, 132.30087371182552, 94.33979451139452, 49.30981396113657, 92.67514170657564, 18.182178240741173, 86.77287655827156, 61.69753112451757, 40.79787127871866, 89.44981856075428, 87.2946431970697, 86.41677513720215, 69.4329120667319, 66.69991017890302, 35.52294669167412, 62.29887149880838], [55.619136114541284, 16.106107835353374, 52.55017957832603, 78.14049830224606, 74.49275196681779, 40.57809002704631, 46.84035984801892, 10.885418189883518, 65.14159522513802, 75.24812311624403, 82.85396316409962, 28.590535127665664, 29.414015578665484, 69.98680140933952, 67.9940938191109, 57.609643520533446, 37.742610586891445, 76.62731234273491, 71.60705763067328, 32.50082596190547, 0.0, 60.73896064566131, 100.44331547689981, 68.46804442943058, 16.867789734533776, 68.20779364193659, 19.792933237557783, 58.263766088706525, 40.35988703513049, 24.68313059446716, 68.11147858642643, 57.06474008507647, 55.832097625077715, 39.325500371762935, 52.565953374506144, 22.923251845099724, 31.935861863703582], [19.747066892870546, 46.93010038609975, 81.99814480883454, 82.24991214724514, 73.82773926134523, 25.897239692003957, 47.11771584115084, 68.52677703729853, 108.31109260824012, 56.208953886511026, 59.38492076736644, 76.65628619547363, 79.34394225019817, 15.87957683653273, 106.02393510418278, 4.999499102578762, 24.17940855916431, 67.08768004251331, 102.44300153707673, 74.27629186086106, 60.73896064566131, 0.0, 93.47957638223082, 113.91401928988937, 58.0432340226137, 116.05113809690276, 75.21725764161997, 100.01296639020765, 23.70048333992279, 85.08546694335998, 23.64765007911197, 93.88641072763755, 53.03609313620899, 82.18479170186487, 8.198350373504809, 83.65897809239826, 46.59006547595956], [74.31199132657387, 102.39476804884666, 58.57903178174438, 24.025340739193595, 25.955937990661514, 78.42963362000954, 56.77500987371392, 96.63672945731749, 80.44900443776889, 37.346402966096015, 36.08435105945921, 129.02920015583783, 129.77866281583331, 82.2873629671763, 71.28123057233498, 89.12787170568122, 85.70748129505904, 27.159785817252946, 59.22672308069923, 132.30087371182552, 100.44331547689981, 93.47957638223082, 0.0, 86.49456200980596, 83.7365737677382, 91.86364642952311, 119.54678589860634, 75.93554196519472, 81.71936172135274, 108.75471359749491, 71.66134054858486, 67.59023449252616, 47.14162231964715, 76.49300445529704, 92.738519104259, 112.24365398222878, 70.40332931808906], [98.55052176792557, 82.85313243804389, 35.90320650748797, 65.06641095808065, 69.85249332014068, 88.0174105214739, 71.24496402110363, 57.72886119395722, 6.591765865706996, 88.85009230857416, 95.73758501742267, 87.4602647659165, 86.01403586963634, 114.92830342719226, 15.223928929995123, 109.2090034952936, 90.91586374881773, 79.84820765567753, 27.441549609177198, 94.33979451139452, 68.46804442943058, 113.91401928988937, 86.49456200980596, 0.0, 59.249842317010796, 5.549952540734844, 76.16958217233127, 14.392511534399802, 90.35912713828517, 53.99491139216924, 107.22372660917469, 22.572850543661414, 71.73389781372882, 32.15055934908772, 107.23613976529556, 59.40908722512077, 67.34036995064828], [47.684150564739056, 25.19884156576801, 37.09602885393217, 61.27960205243339, 57.815203317533516, 33.560336785853856, 31.984341415631445, 14.69273298348225, 54.747735985947656, 60.45731032578369, 68.27487248904177, 45.39902044804169, 46.047114725793705, 63.67952379453993, 55.66405958243745, 53.93272106746922, 33.890810267744676, 60.567628569936055, 57.31346053366251, 49.30981396113657, 16.867789734533776, 58.0432340226137, 83.7365737677382, 59.249842317010796, 0.0, 60.24724673531877, 35.87722653855683, 46.984102327012764, 34.757335785076485, 31.303333872808143, 59.42890564995404, 43.85025334553364, 40.24747152939488, 27.452809504605717, 50.43506130276046, 32.44607029055076, 17.830907350486378], [101.28120960813185, 83.0873690585202, 39.967555038261324, 70.19339248154436, 74.71726964692816, 90.19670275590912, 74.49859934732581, 57.35355744587968, 11.494475056098908, 93.18923175385747, 100.21309856740574, 85.63894731656883, 84.0278440047635, 117.74449997714747, 20.666380329242457, 111.42756157874845, 92.70529654632203, 84.5388809359257, 32.924162407696954, 92.67514170657564, 68.20779364193659, 116.05113809690276, 91.86364642952311, 5.549952540734844, 60.24724673531877, 0.0, 74.49949410753796, 18.180225074611776, 92.39432798692378, 51.99111075315668, 110.3561222076893, 26.848575267312974, 75.55011814651746, 33.877935860066, 109.16023853863011, 57.37486087039818, 69.62505995935005], [73.41208445592876, 28.410839060211664, 68.29409928580151, 96.73872936813713, 93.66038035193226, 58.53988002669977, 66.63157239423164, 23.69541670103604, 74.37325355891997, 95.03444048529252, 102.62027129487285, 11.457922457976439, 10.827427954262058, 86.50500226548702, 79.30484530919293, 72.9125040957278, 54.40152443767106, 96.26528640670811, 85.21002433819756, 18.182178240741173, 19.792933237557783, 75.21725764161997, 119.54678589860634, 76.16958217233127, 35.87722653855683, 74.49949410753796, 0.0, 68.91384115077551, 57.702921231446076, 22.720252615904688, 85.97249881598685, 69.93631580069521, 75.57156552858487, 52.23123402789443, 67.09279138896524, 17.572880042745084, 51.728774040234434], [84.29582705067473, 71.52651922309394, 21.78733988194513, 53.27263211679837, 57.09923143980425, 74.13021891310092, 56.857170526037635, 48.01796644288475, 8.306931160362392, 75.03380697832745, 82.11319029524333, 80.3710963472011, 79.3594012498336, 100.62908706006777, 10.497778748793126, 95.25211442490365, 77.37883992769522, 66.63633334831226, 19.990535625547444, 86.77287655827156, 58.263766088706525, 100.01296639020765, 75.93554196519472, 14.392511534399802, 46.984102327012764, 18.180225074611776, 68.91384115077551, 0.0, 76.58901077811663, 48.27298650947418, 92.8442395465345, 8.841224316602604, 57.45486074022028, 19.551706870060116, 93.52678450114614, 53.542442082229094, 53.432104521679804], [15.776908817537867, 30.081557897290686, 59.485066316311595, 65.8155070622221, 58.4100870185823, 3.4011480037844692, 27.56393185786181, 46.498352996396626, 84.86616330982952, 47.0723042889817, 52.93620546748779, 61.99685453920657, 64.18220483242573, 29.73058648814287, 83.03791196883103, 19.285031528788675, 4.342276966219904, 54.584151612154855, 80.38905717944915, 61.69753112451757, 40.35988703513049, 23.70048333992279, 81.71936172135274, 90.35912713828517, 34.757335785076485, 92.39432798692378, 57.702921231446076, 76.58901077811663, 0.0, 63.56094222687284, 28.303542931576104, 70.81164787091413, 35.89116308457545, 58.51815689991578, 16.961524758227984, 62.91263849654027, 23.228970055931278], [77.96056532135646, 40.42938570409877, 52.5098396202499, 84.91846894160028, 83.77312410849636, 63.16152343648841, 62.6008566814215, 17.210137082172594, 52.812954259563035, 90.59574519894208, 98.51394960907815, 33.66510438136393, 32.052608680658345, 93.25925609836861, 58.77018362164476, 81.70139841605337, 61.503029022726864, 88.76793574505096, 66.27699387989952, 40.79787127871866, 24.68313059446716, 85.08546694335998, 108.75471359749491, 53.99491139216924, 31.303333872808143, 51.99111075315668, 22.720252615904688, 48.27298650947418, 63.56094222687284, 0.0, 90.11120847764593, 50.91555978636614, 69.88950530046066, 34.52542809642385, 76.96325165027326, 5.414706298015712, 49.08002779120421], [12.562326663405955, 58.31220921347005, 72.3054423006604, 63.912106276985426, 55.0452178537309, 27.55821125422081, 36.00840930054343, 72.90440519104135, 101.01890392615924, 34.464945237552094, 36.40247299285782, 90.16510393719203, 92.41834586660053, 10.706294105404483, 96.78427010662199, 20.67162895517834, 31.93202860039274, 46.574152995327246, 90.78089080564925, 89.44981856075428, 68.11147858642643, 23.64765007911197, 71.66134054858486, 107.22372660917469, 59.42890564995404, 110.3561222076893, 85.97249881598685, 92.8442395465345, 28.303542931576104, 90.11120847764593, 0.0, 85.37447442872111, 37.905576295323776, 77.70245019963237, 26.591369242275682, 90.09656396500905, 43.06488609578853], [77.39933959953798, 68.96776848467415, 13.36534708048883, 44.62428387484977, 48.26845489440014, 68.14886761306482, 49.3874164644583, 47.57731436333659, 16.035108272242535, 66.35984025968742, 73.36525638554457, 81.32926581389705, 80.64428260124608, 93.54428823135436, 12.266888094505692, 89.03403731049673, 71.99244880392577, 57.804950153477584, 15.391826210190914, 87.2946431970697, 57.06474008507647, 93.88641072763755, 67.59023449252616, 22.572850543661414, 43.85025334553364, 26.848575267312974, 69.93631580069521, 8.841224316602604, 70.81164787091413, 50.91555978636614, 85.37447442872111, 0.0, 49.25102008179153, 17.899810262455322, 87.76598367462422, 55.9130761611738, 47.59358761979405], [33.55228431609816, 55.56236439529119, 35.88817782534178, 29.993127234667867, 22.589351850273548, 32.494152781597464, 9.674579548442194, 54.66838345196404, 65.26169102722821, 20.78724776356248, 28.722813165576362, 83.94779140896024, 85.10594814784811, 47.5333352118021, 59.89608455854139, 48.10331334713281, 39.50254753627102, 21.102569537829453, 53.02297785579969, 86.41677513720215, 55.832097625077715, 53.03609313620899, 47.14162231964715, 71.73389781372882, 40.24747152939488, 75.55011814651746, 75.57156552858487, 57.45486074022028, 35.89116308457545, 69.88950530046066, 37.905576295323776, 49.25102008179153, 0.0, 46.049020942526106, 49.78424272826536, 72.04448641080369, 24.156026310471972], [67.92076010451838, 52.029326325168434, 18.34921858778442, 52.47779323130094, 53.200921042004374, 56.35501038112759, 42.68058579691055, 29.67858245050363, 27.325615665215746, 65.99549515998127, 73.7190373017035, 63.571265951302124, 62.99818133314122, 84.45089169425063, 28.739239162173323, 77.58613542771398, 58.86727807550474, 60.52762911739798, 33.00292364672719, 69.4329120667319, 39.325500371762935, 82.18479170186487, 76.49300445529704, 32.15055934908772, 27.452809504605717, 33.877935860066, 52.23123402789443, 19.551706870060116, 58.51815689991578, 34.52542809642385, 77.70245019963237, 17.899810262455322, 46.049020942526106, 0.0, 75.28978452466691, 39.14899480775821, 35.888183625834166], [18.602337675558406, 38.76533526569635, 76.31402462740084, 79.59681941039608, 71.52255362564762, 19.70617233581665, 42.77980442775617, 60.49772933842415, 101.79576819593962, 55.975807230742504, 60.146610084979166, 68.8062086947433, 71.4441235913056, 21.556787716360468, 99.98490749265841, 6.5982197282704815, 16.59288916157152, 65.82535722729044, 97.09210246720325, 66.69991017890302, 52.565953374506144, 8.198350373504809, 92.738519104259, 107.23613976529556, 50.43506130276046, 109.16023853863011, 67.09279138896524, 93.52678450114614, 16.961524758227984, 76.96325165027326, 26.591369242275682, 87.76598367462422, 49.78424272826536, 75.28978452466691, 0.0, 75.48147851363694, 40.190234322999714], [77.76524935355053, 37.91057924831336, 56.8458934237527, 88.55339297583008, 86.97743419803419, 62.80295492681476, 64.2971310381162, 17.77941202062992, 58.19965511116376, 92.59725078527912, 100.47658795000817, 28.326181825177564, 26.65495975436093, 92.63497666510348, 64.0394917926097, 80.51538847948402, 60.53311046493922, 91.45891874067414, 71.29846685978623, 35.52294669167412, 22.923251845099724, 83.65897809239826, 112.24365398222878, 59.40908722512077, 32.44607029055076, 57.37486087039818, 17.572880042745084, 53.542442082229094, 62.91263849654027, 5.414706298015712, 90.09656396500905, 55.9130761611738, 72.04448641080369, 39.14899480775821, 75.48147851363694, 0.0, 50.24993776532273], [32.31819617015323, 32.084861040989175, 36.598689598808704, 50.06606607857888, 44.70181003278187, 20.698764661085978, 14.914149286102184, 32.47254646022693, 61.725842996214915, 43.338764566217876, 51.010266658181116, 59.81245837176414, 61.03045758232268, 48.830317717150905, 59.8323841704845, 41.86872791824542, 24.54870736072453, 45.213258175460865, 57.714823400847074, 62.29887149880838, 31.935861863703582, 46.59006547595956, 70.40332931808906, 67.34036995064828, 17.830907350486378, 69.62505995935005, 51.728774040234434, 53.432104521679804, 23.228970055931278, 49.08002779120421, 43.06488609578853, 47.59358761979405, 24.156026310471972, 35.888183625834166, 40.190234322999714, 50.24993776532273, 0.0]]",Route_0,1888.1839057345737
