instance_id,num_cities,city_coordinates,distance_matrix,best_route,total_distance
2179,92,"[[63.6381938123743, 19.832232224757472], [80.24634765852167, 68.98802172407153], [11.682093877649724, 91.04384153975596], [79.16169085274629, 69.68178086439003], [26.1133162624551, 11.193101192328214], [50.566677750489944, 75.65707151269324], [12.243027836780273, 49.44477511518559], [40.93697089834525, 17.18318867549822], [18.26341015240026, 8.161478647849684], [91.16902661873777, 49.04627019816412], [93.17192038098021, 11.886729041766985], [38.66313218931378, 98.61775914910405], [17.824378616618517, 31.488489376714636], [23.508320736385222, 96.75128938688538], [27.604514571361037, 79.51334185945667], [30.497587883573686, 48.56410768404411], [65.29437075760424, 27.23333827219543], [6.944255764189233, 98.3949117730188], [31.84612237676985, 86.02454250939036], [87.24402948827833, 92.19309504593684], [56.39716444549894, 90.24605496136974], [91.78506525147428, 62.15956609596406], [76.08072503832048, 15.202069086034065], [82.04246726492661, 31.939250270484763], [29.53444078044415, 55.966389140508745], [16.472952944363428, 17.564676090056743], [88.81074379882926, 69.39793355571547], [37.40597258388496, 12.46136866797346], [43.02449211518549, 44.120860572797746], [79.8418932206273, 28.453902980424793], [51.36383824081514, 15.885376434555187], [25.339208620482655, 20.512404119496274], [2.149819413134646, 98.60013785885631], [11.405771415665189, 51.705453394327016], [81.07332801924986, 66.8133496964432], [58.233519739960386, 29.31420299819506], [20.403525234145114, 9.901976122486378], [35.56937623867134, 20.402767980405244], [15.867710936571521, 70.42322097009468], [70.67034434822462, 84.51032384891896], [91.27687917195082, 0.8070309330515113], [58.156568546281676, 46.93596747790482], [5.360255910867428, 79.1445689576392], [52.991561993274196, 63.28658727041845], [94.1959477271883, 36.57913628989077], [62.42225510754549, 96.67607492576053], [20.829884843516233, 93.14558979712301], [7.272404812031197, 44.08697716638685], [3.068496408220589, 23.392887840911957], [19.992932969351173, 91.927368024519], [28.67166428109258, 39.83117158040168], [63.70110558060205, 55.8462680645038], [88.1761208452328, 31.115241150189167], [23.005822156177793, 32.77209346154266], [97.89970654802931, 31.411856600975906], [40.157147934943524, 89.49806721463294], [29.79040379443365, 24.767693421166204], [32.95592346138398, 43.60711229874797], [83.18254768399528, 38.924985175063455], [49.78078838603659, 97.4816509950992], [43.061950592974995, 91.64479074450709], [83.54093087307842, 68.74720827781555], [73.34121705417715, 84.96002403122968], [61.89282890884195, 71.2903815618262], [18.484007987709116, 42.462101604071336], [83.55496764182968, 32.67189640203275], [28.598243941702904, 70.38144713534219], [94.76445878677957, 54.07766173428019], [11.374405223002537, 90.91321601454752], [32.41167132267242, 22.733980208117043], [23.910794505563914, 76.75197583687711], [3.3777197054231545, 61.47247355042731], [50.92244809140281, 68.64416585095509], [14.944069994498232, 46.558174695757494], [61.58751095563703, 75.62048849328724], [40.32792474155188, 91.8298492321086], [6.710270819998787, 15.349223377742439], [63.74024426538614, 0.7316205907639817], [17.081258346251172, 44.703742269053514], [21.69383709942323, 81.15935323315168], [94.41300665668703, 46.887919253423895], [47.21557557620254, 84.11633320058948], [26.16100566205658, 94.0841971309894], [75.25441902125026, 67.23764879629364], [60.898457034338314, 46.66402323677752], [73.00297059304718, 69.79574943769853], [55.03811317983162, 95.79960491986311], [7.212147580326533, 43.03151296223915], [11.694927393006516, 51.21805224888387], [0.14023966508291963, 23.18517775050153], [48.23519450913576, 5.618100619909317], [27.128960093736666, 11.83347199040805]]","[[0.0, 51.88566676335743, 88.15060760799703, 52.21069296549827, 38.506506205210464, 57.334781883948565, 59.31581392930811, 22.85526095931327, 46.85165398619725, 40.14233139372432, 30.583852371146623, 82.6493372981454, 47.27339625607003, 86.75798561403839, 69.71557133720712, 43.86137741494232, 7.584147466876806, 96.88290473150691, 73.43131312310636, 76.11392741268395, 70.78516044111933, 50.83158038516819, 13.276106130934583, 22.029461347837994, 49.68644952977643, 47.21971788312062, 55.59151033431548, 27.24810195505612, 31.85690136673544, 18.354647398742035, 12.893311263043275, 38.305024481588944, 99.92598833258228, 61.18928155447272, 50.11196766941102, 10.914131737217936, 44.360416514343164, 28.074615420950803, 69.58065231383075, 65.05925512409658, 33.5537659972111, 27.65249862545096, 83.15209759691358, 44.739599255311134, 34.845876658295005, 76.85346230320661, 84.89640578556163, 61.36281302071064, 60.674265649017926, 84.27702771242934, 40.28170506337501, 36.01409078898306, 27.007705446432496, 42.64304908463438, 36.165438689856416, 73.5165837096268, 34.20572563650505, 38.81554632391369, 27.322426383477804, 78.87623165771672, 74.70224458593154, 52.80903165916574, 65.84662425377746, 51.48774059756894, 50.50753889879412, 23.696726692918684, 61.50626972118894, 46.27735746073428, 88.22703584638293, 31.361056234744208, 69.41270394208968, 73.24776062962302, 50.4410056756279, 55.54632026834764, 55.82593337922857, 75.67711344185477, 57.10416608749533, 19.10088424884061, 52.78390144618217, 74.29902308403192, 40.97681425142302, 66.34868520175819, 83.17387765452932, 48.807890841791156, 26.971302647919003, 50.83357253272376, 76.45261997527173, 61.00905932824797, 60.68914750513698, 63.58641698185333, 20.95933979913275, 37.37518310334702], [51.88566676335743, 0.0, 72.0244131129838, 1.2875488849322674, 79.18735964406221, 30.41971451103444, 70.75584777807258, 65.03051459479659, 86.84326620119273, 22.737158344634405, 58.54594824745578, 51.059623467422306, 72.81975793243741, 63.166468401630034, 53.683749447377686, 53.77801933745712, 44.351045121980434, 78.98076891519878, 51.31105970249424, 24.237223002308905, 31.948200529081458, 13.40782644409401, 53.947021354242914, 37.092283723985204, 52.35704741820446, 81.92317345881551, 8.574200193477948, 70.92644247570884, 44.76429641815457, 40.53613654156481, 60.449071845712396, 73.24397189863173, 83.5221236916454, 70.97684203682793, 2.3266058851423987, 45.37153827308369, 84.09711160645213, 66.00423211118029, 64.39463225341545, 18.23846766189153, 69.06750415871353, 31.21300110055798, 75.57170230281822, 27.844742708236353, 35.283525860684584, 32.92911425115054, 64.13972364027646, 77.10550145499772, 89.64004103879498, 64.47237850736546, 59.24584268775727, 21.129380602983225, 38.69404102946763, 67.73530261024244, 41.51637346204394, 45.03116587988631, 67.0912789148689, 53.670986426575986, 30.206082783714052, 41.7137532574098, 43.543180494465545, 3.3033724696946885, 17.40073809822217, 18.497364983082072, 67.21763935028854, 36.46653156800042, 51.666897061078124, 20.810919868127314, 72.27764937735995, 66.54015792523413, 56.86803612325187, 77.23515668231822, 29.325915547241664, 69.04698042509015, 19.802570604587316, 45.99162502113812, 91.02019163262237, 70.22384028872152, 67.67240749726966, 59.80416209159076, 26.250881059184, 36.33039653629805, 59.624174953867325, 5.2899108599208144, 29.541526366558443, 7.288273826634325, 36.80103366751363, 77.50957829949095, 70.81715212833953, 92.27615647567724, 70.9962029034031, 78.02627388877023], [88.15060760799703, 72.0244131129838, 0.0, 70.78017832853685, 81.14432151144055, 41.81822036899301, 41.60284815132641, 79.44333748672953, 83.14324868835675, 89.89976904963856, 113.60651514135176, 28.02393006572555, 59.87125882323203, 13.131435665683288, 19.65899040197406, 46.46020451030185, 83.34300546243973, 8.745589949438626, 20.77935052087908, 75.57067484710093, 44.72218687980707, 85.15155542225048, 99.49451313660589, 91.89088557797575, 39.359039073117216, 73.63518239117347, 80.10851372430659, 82.68568786880553, 56.427936964820965, 92.53787686853322, 84.99079781172367, 71.8414953050597, 12.163957848040077, 39.339358611744316, 73.50006877998972, 77.31483379200894, 81.60922550974462, 74.57052723571674, 21.0411354931685, 59.34897258584819, 120.32461026122685, 64.07324987841208, 13.474357990708349, 49.76883885091604, 98.86829721937009, 51.05179736845944, 9.386129409534814, 47.163465409513925, 68.19710842644643, 8.35767105463183, 53.95723368427341, 62.80801507051202, 97.17393326592124, 59.361801237973665, 104.8305793283548, 28.5169795355331, 68.70544881943167, 51.988644012346285, 88.47988519023295, 38.638787685778844, 31.385610515346606, 75.23850283699869, 61.95853699350262, 53.95662233194613, 49.05559591666499, 92.59046366815059, 26.703757703984586, 90.9350197025578, 0.3342683593081728, 71.38594074603857, 18.809533335951578, 30.715280157482447, 45.18352431787793, 44.605101084316736, 52.234380181293275, 28.656612395322078, 75.85772368855802, 104.24177797088711, 46.65357196804513, 14.069047992743666, 93.7771262206796, 36.20246805689647, 14.794683118667335, 67.88354246135468, 66.27079805597964, 64.89785311643591, 43.61607152253326, 48.219955571696566, 39.82579135861657, 68.83322344571127, 92.91763222058721, 80.7024678683493], [52.21069296549827, 1.2875488849322674, 70.78017832853685, 0.0, 78.96236886297744, 29.212649189176798, 69.91168615859405, 64.94021402342278, 86.56412754179757, 23.874681414694976, 59.468937661719515, 49.77372894518679, 72.25644183749134, 61.887445390467676, 52.48620788082856, 53.048572443998296, 44.656162454066425, 77.71616187992048, 50.05845461448155, 23.91826632512742, 30.677565608795828, 14.694668973229273, 54.566760448118956, 37.85231153270365, 51.4876288041926, 81.52343510061847, 9.653227027836563, 70.83583542301409, 44.26350391407237, 41.233488696403334, 60.553891199600066, 72.90052951195645, 82.26238334676833, 70.10002117029045, 3.4470645514127884, 45.47009664504092, 83.8221157084638, 65.79294038293494, 63.298322466393074, 17.087675456418125, 69.93217404109646, 30.96105924742155, 74.40561912905582, 26.940195723597654, 36.356759448448265, 31.763196012672417, 62.87407988933315, 76.309654852994, 89.06646876412803, 63.21240430139267, 58.654084749756606, 20.747315763564675, 39.60603405563947, 67.19975158616401, 42.61103537024331, 43.74973797569011, 66.74428242667582, 53.05526628933986, 31.018506906883506, 40.448364726433674, 42.2559469165829, 4.477853177054281, 16.349392328307257, 17.343620989903457, 66.50332425454121, 37.26972536607339, 50.56828745781897, 22.066601483462676, 71.03442779092266, 66.2545116390079, 55.701429102995846, 76.22731144041082, 28.258299252612417, 68.25396685128064, 18.550472968565547, 44.705685575775334, 90.56067064571394, 70.65370207289581, 66.9169822411592, 58.60280609743434, 27.425585880549725, 35.055820949005074, 58.34852654807136, 4.608747631569722, 29.383037210427293, 6.159774677123363, 35.554011491444896, 76.72661569733293, 69.94764789554786, 91.6860068327481, 71.13791747414614, 77.80637448062473], [38.506506205210464, 79.18735964406221, 81.14432151144055, 78.96236886297744, 0.0, 68.9461409908445, 40.68876330035132, 15.988179534273986, 8.4149724413611, 75.26691074931215, 67.06219132953076, 88.32082822673983, 21.922802486258433, 85.5978362391603, 68.33651262107863, 37.627303435824594, 42.33726770742526, 89.28386555776368, 75.05071402413996, 101.4788800873486, 84.65507049423479, 83.12857005897723, 50.12797386038252, 59.652934826631586, 44.90380169493752, 11.555672701412574, 85.54980964402493, 11.36365210589049, 37.01655314234526, 56.43310429453789, 25.68280177722944, 9.351398274572809, 90.63244032944925, 43.09944960622042, 78.1934456074582, 36.879286897863594, 5.853948883697508, 13.199811840371352, 60.10972897445417, 85.79477775431414, 65.98606206230555, 48.003359332796336, 71.0499224870565, 58.61886543881992, 72.66151309419146, 92.8745273924298, 82.12262195082212, 37.907611648315, 26.07486368871529, 80.96592451510627, 28.75211679401565, 58.36734718607452, 65.18192520308565, 21.80159230366821, 74.5793798613766, 79.55436450503194, 14.063802007176466, 33.12837740194857, 63.45041027666564, 89.47548861998908, 82.21758058633108, 81.30440432273039, 87.5901450981398, 69.94180890585405, 32.186281728411856, 61.32603001051048, 59.2404858271857, 80.94482628785768, 81.07115520267813, 13.147667660906249, 65.59586226850939, 55.1808176409928, 62.578893027248675, 37.0869314731918, 73.54798925570672, 81.88003559259751, 19.843173235702928, 39.054171189703425, 34.706499903833155, 70.10569321183912, 77.06469843165975, 75.9151046543133, 82.89110965713492, 74.53750261769986, 49.68090507632819, 75.05271523811126, 89.41422901143224, 37.026188591059174, 42.54276254159237, 28.607876679510007, 22.813551423297383, 1.2006694595323488], [57.334781883948565, 30.41971451103444, 41.81822036899301, 29.212649189176798, 68.9461409908445, 0.0, 46.430449331654884, 59.26150713672622, 74.82750933774632, 48.54570506461154, 76.69330660795742, 25.862860894800967, 54.9811040310633, 34.30919282097201, 23.28372304534372, 33.716421178809156, 50.61386057453725, 49.192734012808984, 21.39961794911013, 40.23267583431948, 15.710920188405062, 43.372089189430746, 65.61839625755127, 53.86996584111425, 28.81107363925229, 67.35806170827546, 38.75287596907125, 64.55153769291965, 32.4255634431073, 55.54437289508909, 59.77701060910665, 60.6412363051067, 53.57776091461804, 45.90486461643218, 31.76266875096685, 46.97277858764131, 72.3432674096179, 57.253446284696345, 35.09147317306117, 21.966735934174633, 85.20474795778654, 29.70704056733325, 45.340745626537775, 12.60590908975914, 58.57130884637271, 24.131995751442997, 34.498190157993456, 53.58231915757704, 70.62309909442374, 34.633458079217846, 41.9867445842573, 23.769331662611332, 58.29618222438577, 50.977662790071044, 64.79239660432961, 17.318529758667832, 54.967102543607794, 36.56963976096591, 49.12271509428633, 21.838724589064636, 17.661486232592463, 33.69046718164131, 24.60131228323678, 12.138767696469097, 46.164962107013196, 54.18443087501439, 22.59301433146888, 49.184497302671204, 42.056915851382904, 55.950494650419344, 26.678360651401444, 49.27474587179717, 7.021924120631907, 45.99691271487592, 11.02089392259001, 19.141337527447142, 74.5682303365255, 76.07473989818712, 45.60024017418036, 29.392448543685187, 52.44201254974333, 9.098845755744131, 30.58097102187244, 26.08392700360564, 30.778929667870806, 23.18927193733786, 20.632871512654912, 54.259030188575224, 45.915995452906806, 72.7744824301219, 70.07776578790843, 67.99101753127927], [59.31581392930811, 70.75584777807258, 41.60284815132641, 69.91168615859405, 40.68876330035132, 46.430449331654884, 0.0, 43.17583036868838, 41.71996608862691, 78.92700482026697, 89.21935032986788, 55.82118122002399, 18.803714368422437, 48.62934419311477, 33.76527773840141, 18.2757910260065, 57.51341506407875, 49.2360931055442, 41.50133369131522, 86.32826365466804, 60.11931650266845, 80.5518567493355, 72.44180077962187, 71.96113634853127, 18.480379083871586, 32.15949284842321, 79.12486119670542, 44.73193647479992, 31.238479623332907, 70.78293095204062, 51.54290490915254, 31.758338157901463, 50.18089818591336, 2.4107394294034075, 70.98786942987921, 50.203239728665245, 40.37606555806809, 37.249922257409324, 21.289281764805132, 68.14208701475415, 92.8007533158894, 45.9820327545871, 30.486887405381005, 43.03532037342936, 82.9566497693016, 68.91117856550942, 44.53644930974142, 7.308426103773483, 27.620153103940066, 43.18369750107086, 19.03474371625203, 51.85472858929431, 78.11406038098558, 19.844799194886733, 87.5342947534409, 48.82073646370293, 30.279840883540633, 21.519813017639024, 71.71528049542654, 60.96412807016541, 52.255596054080904, 73.86457136795129, 70.67051458149575, 54.24327854690203, 9.365231583207352, 73.25791574352307, 26.567599235127147, 82.65137751097006, 41.47753724450185, 33.469997678943734, 29.6954540341098, 14.941861259997788, 43.18233615563725, 3.9532380043721327, 55.85737180641127, 50.84541220256462, 34.54154091072672, 70.88677396817302, 6.773910754569938, 33.09278261070578, 82.2097496113554, 49.24627940723751, 46.75882916252194, 65.47535240710178, 48.73482708913466, 64.07755300899382, 63.08874365320384, 8.151054385611184, 1.8560511548344174, 28.914424346410556, 56.71166951417951, 40.449982718198974], [22.85526095931327, 65.03051459479659, 79.44333748672953, 64.94021402342278, 15.988179534273986, 59.26150713672622, 43.17583036868838, 0.0, 24.402491854788757, 59.48542162594691, 52.50278499379981, 81.46630966660614, 27.181492787070344, 81.4545302440904, 63.74011599963298, 33.071782467082386, 26.349353593965507, 88.0389041882067, 69.439005785836, 88.15230983334166, 74.68065354844315, 67.88522096312938, 35.199549569259894, 43.67382723483335, 40.424674784082484, 24.466992195613493, 70.83980318036811, 5.8960608273814925, 27.01843652170345, 40.504592108131106, 10.507325025438524, 15.949102280356364, 90.18404922524931, 45.42992960816398, 63.828520630684494, 21.126573558621704, 21.786198546024423, 6.259134391522961, 58.8469951124156, 73.60038469580209, 52.93661216398836, 34.376480180811896, 71.44868995137922, 47.65329504313457, 56.680873288222195, 82.3452269530375, 78.57850401845866, 43.09427856389149, 38.3742325517288, 77.62309624931054, 25.755948362970866, 44.866909138835, 49.250780439116575, 23.760051507563972, 58.712930804289655, 72.31908311078105, 13.48223536506704, 27.602913937451646, 47.512045556687625, 80.78400930040533, 74.49191715472233, 66.88755880637918, 75.12479337586012, 58.02358405850504, 33.8106341602281, 45.34527222837745, 54.61042836373775, 65.2579542635588, 79.43590007500329, 10.17310274663341, 61.954266087459736, 58.07097471978271, 52.420815776044215, 39.22398119884873, 61.97872872729786, 74.6491451355936, 34.27579943584766, 28.118381331410994, 36.42081673252109, 66.80754321116119, 61.17235829306078, 67.22697905393018, 78.30768959773705, 60.688847605244376, 35.60309726957703, 61.61420198604251, 79.87104053879581, 42.491170568296894, 44.87169538614623, 41.23587215247789, 13.675354825620618, 14.808127193906715], [46.85165398619725, 86.84326620119273, 83.14324868835675, 86.56412754179757, 8.4149724413611, 74.82750933774632, 41.71996608862691, 24.402491854788757, 0.0, 83.58705098548079, 75.00108262660379, 92.72802888719755, 23.331141811621467, 88.74493593333742, 71.96071577974891, 42.21430489531103, 50.75083334270481, 90.9406163912392, 79.03889412989278, 108.7181603893139, 90.51000433684952, 91.22076088567451, 58.244414447532264, 68.06725019788215, 49.11563497125378, 9.57213973732835, 93.41750207698584, 19.619550214733504, 43.65991672452032, 64.83588560571384, 33.989659260660424, 14.234194180461557, 91.86293532430336, 44.080664080358694, 85.93676605470579, 45.22220038745638, 2.7585184469799158, 21.19777409782695, 62.30781597628307, 92.60471324582946, 73.38293098165657, 55.632050750187, 72.146313137322, 65.15229950610187, 81.07597380486312, 98.91833673295413, 85.02285539884075, 37.56918474225169, 21.51467475235362, 83.78374229072581, 33.33618461146348, 65.86670864356802, 73.58438916939862, 25.06337633124351, 82.96095333695062, 84.2316828383058, 20.21479536183817, 38.370078084991654, 71.83931898129377, 94.71767690808538, 87.08863879181214, 89.06057122112955, 94.50704410842876, 76.73841648188485, 34.301332315083954, 69.74057683931241, 63.072444601720264, 89.22279031383337, 83.03799387102387, 20.31086152447073, 68.82259261805193, 55.35021190190588, 68.73694938248204, 38.539905117673555, 80.17291138368283, 86.52883357748311, 13.60656836737254, 46.079770308547296, 36.561380081369165, 73.07843404870098, 85.43124867250127, 81.28571715163167, 86.28490926208951, 82.0851324619583, 57.44730770408159, 82.43302016201791, 95.04114876844208, 36.57936163362636, 43.55471841283935, 23.540621131129743, 30.07950513754614, 9.595911153721822], [40.14233139372432, 22.737158344634405, 89.89976904963856, 23.874681414694976, 75.26691074931215, 48.54570506461154, 78.92700482026697, 59.48542162594691, 83.58705098548079, 0.0, 37.213479847721885, 72.20942782384428, 75.41692819207658, 82.78731772617397, 70.48893280108189, 60.67335460385219, 33.842308064596246, 97.61711146507402, 69.90421726065529, 43.32498236489534, 53.91200852805604, 13.127758106404936, 37.055185784177745, 19.389280967706274, 62.02185274267596, 81.05920175991855, 20.487842718982733, 65.03015453717029, 48.3958248461723, 23.50211774816932, 51.80828019731272, 71.74779753468914, 101.88230980718635, 79.80756941456896, 20.435073870917886, 38.394037158731926, 80.87046398343418, 62.54415513606671, 78.27683033804318, 40.96211757430355, 48.239359832506246, 33.0798392613508, 90.93433190281044, 40.74684571285072, 12.82932887112972, 55.63250102867623, 83.02014728224611, 84.04307073133744, 91.75946517794026, 83.09527578617012, 63.173082414094694, 28.297113936574583, 18.179089297552864, 70.07903588848485, 18.875237620418574, 65.10422143541645, 66.00594389996078, 58.46665560696537, 12.89279862147577, 63.7100649579871, 64.25670950558957, 21.126164013450378, 40.09524296287866, 36.768141681459916, 72.98262265408404, 18.05807330030722, 66.1081887496354, 6.184014332510084, 90.11116887312421, 64.37983695155178, 72.74115693284362, 88.66636396796476, 44.76454620762532, 76.26555337500866, 39.76499901827147, 66.44736469597699, 90.93279054053448, 55.55756895395429, 74.21492408143241, 76.53791257120015, 3.8963938824603312, 56.23002025202042, 79.08512914012854, 24.170250107983826, 30.36416446321231, 27.578007183993535, 59.087369323138375, 84.17205499735367, 79.50376774101468, 94.63105281481569, 61.06815743522273, 74.0670133796263], [30.583852371146623, 58.54594824745578, 113.60651514135176, 59.468937661719515, 67.06219132953076, 76.69330660795742, 89.21935032986788, 52.50278499379981, 75.00108262660379, 37.213479847721885, 0.0, 102.43768629563908, 77.85551398687801, 109.79531282351108, 94.19364875508855, 72.61750517653738, 31.82257355832902, 122.14285007616877, 96.21470202943689, 80.52485523881099, 86.55961317316952, 50.29196270407517, 17.40977994835301, 22.933999526698617, 77.4128235134803, 76.90884662070017, 57.676325349539304, 55.768908402517255, 59.61378865021766, 21.26407478376355, 41.998867999157326, 68.37893721994591, 125.71490815842144, 90.94632442096407, 56.24330710118337, 39.04367666926865, 72.79545711372741, 58.22865283407341, 96.9662914888477, 76.02964847131199, 11.240591237305662, 49.54315269601812, 110.60969870296529, 65.24114212741809, 24.713632021881732, 90.19298803046594, 108.79509436073872, 91.73648540393947, 90.835118219365, 108.45122446223742, 70.29349120470648, 52.92419102914763, 19.86689937823999, 73.20846800090447, 20.089364555523414, 93.98981812136893, 64.67716666764267, 68.05989273419833, 28.824553103370263, 95.96499882769578, 94.19319231628629, 57.67035683827892, 75.71633400431318, 67.13550101136008, 80.70401269446675, 22.902160644387077, 87.12859308936024, 42.22097796164989, 113.73662175956623, 61.72090993734194, 94.89259085577126, 102.57555524314917, 70.75609190661076, 85.56696628855919, 71.13063343294473, 95.83000751803854, 86.53095233402104, 31.47475184218089, 82.86582652724375, 99.53799702609054, 35.02318676785902, 85.61017080204783, 106.05133875508405, 58.17870033481303, 47.44509066187303, 61.3208054314731, 92.1713512420597, 91.42800503889877, 90.4734954093463, 93.7152525475366, 45.37185288670297, 66.04298176048646], [82.6493372981454, 51.059623467422306, 28.02393006572555, 49.77372894518679, 88.32082822673983, 25.862860894800967, 55.82118122002399, 81.46630966660614, 92.72802888719755, 72.20942782384428, 102.43768629563908, 0.0, 70.28934848636565, 15.269316276346204, 22.0742334769992, 50.71532449659276, 76.19027767118865, 31.719659245101447, 14.319941624150635, 49.003876287606744, 19.6107452961468, 64.4293381384652, 91.42348496591119, 79.5474088696697, 43.617340249589645, 84.0357443490557, 58.039479303719276, 86.16556197815093, 54.67113877393826, 81.35512935601008, 83.7015835204641, 79.23366344912452, 36.5133170281879, 54.25613465382991, 53.010802398813304, 72.01376926702767, 90.57540176109156, 78.27615326139734, 36.25690573142709, 34.97829842823173, 111.06369760505656, 55.23587286671947, 38.57831910089484, 38.12604892941629, 83.2627427354594, 23.838331725748436, 18.65393653664437, 62.920457316531895, 83.22114731078118, 19.832742430461266, 59.62962610090496, 49.56107909582778, 83.71455059805908, 67.6816300580286, 89.58574149419165, 9.241258790221544, 74.38116372570445, 55.30590834945891, 74.46613740959032, 11.175554619173289, 8.24450676025534, 53.909800816314856, 37.270676120036846, 35.8664798311587, 59.67122361623546, 79.77552070498398, 29.976512331747465, 71.63224918790084, 28.355503951686778, 76.14084757429306, 26.37695863803574, 51.23311991637407, 32.38374780024778, 57.20834069308994, 32.471550616481885, 6.989081147277701, 89.18875713447963, 101.04730412998876, 58.07321667275065, 24.34651747116914, 76.05277666699999, 16.835546989218642, 13.298734987796392, 48.20408279151888, 56.511948703009104, 44.83227348014906, 16.61571532313939, 63.86701181377993, 54.534542119305904, 84.6999857431525, 93.49096674867245, 87.54741357443632], [47.27339625607003, 72.81975793243741, 59.87125882323203, 72.25644183749134, 21.922802486258433, 54.9811040310633, 18.803714368422437, 27.181492787070344, 23.331141811621467, 75.41692819207658, 77.85551398687801, 70.28934848636565, 0.0, 65.50984859689724, 49.010585747187115, 21.264688422397445, 47.66032380069965, 67.78529657054416, 56.309771704077896, 92.21787829157047, 70.28734822168015, 80.06808424470648, 60.490076742305746, 64.21967062376847, 27.13472190251841, 13.989243288660791, 80.47477865606692, 27.3032991553016, 28.189049689130837, 62.09171307231739, 36.99124876736252, 13.30214710340789, 68.91781459255705, 21.211415617293525, 72.44498158702888, 40.46759453664098, 21.740044888400554, 20.92314889024241, 38.983866825376445, 74.85994272575903, 79.60290026161937, 43.18923620775404, 49.25907303073652, 47.411494558860916, 76.5410429404066, 78.98349129542295, 61.73030941063104, 16.43368631072216, 16.830770153935475, 60.477770132378204, 13.68444199221952, 51.94203942406584, 70.35273234807583, 5.33807049412311, 80.07536460051428, 62.15998476800828, 13.724243397441692, 19.386197948942442, 65.77987331698553, 73.3233217042244, 65.23584623130478, 75.54387714849747, 77.07998682155434, 59.38197481284545, 10.993419678316563, 65.7412411336201, 40.357630471293064, 80.18757163295703, 59.77374250253633, 17.012658207204208, 45.67086231835915, 33.28280728282806, 49.759687471045005, 15.342476767902772, 62.15179078793798, 64.40100385393968, 19.595900058442417, 55.265284725511584, 13.23612997611847, 49.821355111988396, 78.12144638694073, 60.27878900796882, 63.14841232963266, 67.64770461799948, 45.669169682333724, 67.17233944028635, 74.30196244074227, 15.679950288939503, 20.659763392389504, 19.53647241492753, 39.926115985364994, 21.746147817954892], [86.75798561403839, 63.166468401630034, 13.131435665683288, 61.887445390467676, 85.5978362391603, 34.30919282097201, 48.62934419311477, 81.4545302440904, 88.74493593333742, 82.78731772617397, 109.79531282351108, 15.269316276346204, 65.50984859689724, 0.0, 17.717946802383146, 48.69141952867474, 81.10992234961294, 16.64541206913572, 13.586097113161296, 63.89849533248806, 33.526021467711054, 76.53953985891484, 97.02645528804462, 87.3318196549837, 41.22768743080675, 79.49852907689862, 70.79980602412, 85.42795480213002, 56.1323701837135, 88.53250464541678, 85.52909290442315, 76.26086661754017, 21.438372593263832, 46.643317209745355, 64.88459213391737, 75.85248886116776, 86.90479255834192, 77.2953153870594, 27.41434122265609, 48.72471352881798, 117.46437009872713, 60.68004097882065, 25.28534874556471, 44.59986325938439, 92.83010620439399, 38.91400705990236, 4.491668772719266, 55.110205475581765, 76.15275107273871, 5.968933611869655, 57.15382688556081, 57.347020174704774, 92.14127847521858, 63.98116923030167, 99.01171526522133, 18.16019490444717, 72.25719795082092, 53.97740967872312, 83.09569676338869, 26.282617534802927, 20.209422776346933, 66.24305879552635, 51.20890053601313, 46.06113649181441, 54.52118513673519, 87.81667501046884, 26.856580173344927, 83.05706295607887, 13.46532607799415, 74.55086659273468, 20.003362907431868, 40.61817259171682, 39.262511026438055, 50.918514836615465, 43.54923046574819, 17.524829587977955, 83.11721140383787, 104.1075620046893, 52.44286693106703, 15.697159739612477, 86.68235210539238, 26.86402892102483, 3.7616643146809863, 59.57108080786798, 62.504052050817066, 56.35886352993445, 31.544151832813338, 56.1371502540539, 47.040747725252665, 77.18834105130028, 94.4281546013202, 84.9949689142685], [69.71557133720712, 53.683749447377686, 19.65899040197406, 52.48620788082856, 68.33651262107863, 23.28372304534372, 33.76527773840141, 63.74011599963298, 71.96071577974891, 70.48893280108189, 94.19364875508855, 22.0742334769992, 49.010585747187115, 17.717946802383146, 0.0, 31.08415945838591, 64.44939126495878, 27.988568673300442, 7.770905396322991, 60.97251741887696, 30.727964743905016, 66.48531130146092, 80.53497865508203, 72.29650672046867, 23.62590945383638, 62.940836146848795, 62.03647299288365, 67.76456070869679, 38.60574360219672, 73.046629126801, 67.91924208456939, 59.04440926324666, 31.815833905791816, 32.18195054239712, 54.95638099862235, 58.80552270008585, 69.9828299456441, 59.64477316320506, 14.845297482530409, 43.35476356033787, 101.23662081220611, 44.66221360033843, 22.247315271916737, 30.129881202808296, 79.23234805075988, 38.817965716279645, 15.222804990651579, 40.84632177604025, 61.2496656852064, 14.561738224226772, 39.69651680637604, 43.1635756686603, 77.53254567509919, 46.96692744607596, 85.1772675020072, 16.039430936876283, 54.78927025088435, 36.3028221819534, 68.8210175964334, 28.542026093069836, 19.649538936394407, 56.96307840151176, 46.05987734115178, 35.260538512086086, 38.15728036436461, 72.96968008242555, 9.185804227926374, 71.81526251743725, 19.83364767791296, 56.98249437823248, 4.611801192064679, 30.20613379464466, 25.726737273678413, 35.30339784880729, 34.20523864240991, 17.708233119639722, 67.48039361530728, 86.67381707630993, 36.365466382593105, 6.135589753202735, 74.3491278693792, 20.144012584938448, 14.64218362523822, 49.205752044497416, 46.77140513927647, 46.42683934566709, 31.90367842558971, 41.79440717587569, 32.461336668902774, 62.666964726345256, 76.72112898377996, 67.68154059677235], [43.86137741494232, 53.77801933745712, 46.46020451030185, 53.048572443998296, 37.627303435824594, 33.716421178809156, 18.2757910260065, 33.071782467082386, 42.21430489531103, 60.67335460385219, 72.61750517653738, 50.71532449659276, 21.264688422397445, 48.69141952867474, 31.08415945838591, 0.0, 40.814431541844186, 55.116862121131355, 37.484699846515426, 71.57965613929944, 49.07313720271795, 62.77731574025105, 56.487591666520615, 54.159583403672904, 7.464678365675712, 34.02433165145818, 61.92311727657152, 36.75776848000984, 13.291567797651744, 53.28490219957103, 38.77241132619176, 28.522043220904656, 57.50826282290515, 19.348527306123714, 53.767465295460575, 33.761527606973, 39.958109535534675, 28.61440355874382, 26.303120216750287, 53.90714997604736, 77.2972226494432, 27.706859292076064, 39.585983256853545, 26.883643287677472, 64.81605191683066, 57.74033052580608, 45.61768329792198, 23.652776293255762, 37.22828719609026, 44.6174867313557, 8.921780651439432, 33.99269696954939, 60.260070593432594, 17.478966414461464, 69.55030781868598, 42.058247030016645, 23.806920025623473, 5.533101938603255, 53.55947789061406, 52.581059947543245, 44.875477303862255, 56.75344734093726, 56.21600561458911, 38.757511315906854, 13.47444173664891, 55.38635144368946, 21.899858632938447, 64.50294546727464, 46.46658037190043, 25.9009498056437, 28.947223666633217, 30.03519867323452, 28.642340171429606, 15.682336748051505, 41.21445206625458, 44.36845630000258, 40.854191860371515, 58.24964398902423, 13.960670449204367, 33.76323533484382, 63.93739410233572, 39.2867897857561, 45.726190401364924, 48.49613460016549, 30.460189855426982, 47.513052636452755, 53.22996882331738, 23.933686186457592, 18.989035343502266, 39.568405014991036, 46.46484920405854, 36.884783470220796], [7.584147466876806, 44.351045121980434, 83.34300546243973, 44.656162454066425, 42.33726770742526, 50.61386057453725, 57.51341506407875, 26.349353593965507, 50.75083334270481, 33.842308064596246, 31.82257355832902, 76.19027767118865, 47.66032380069965, 81.10992234961294, 64.44939126495878, 40.814431541844186, 0.0, 92.02556961441664, 67.64015830411367, 68.56790443419357, 63.63774622588636, 43.83603865274947, 16.158492407987865, 17.39667624445047, 45.873312548501154, 49.76960785145234, 48.27911449516339, 31.559053196887366, 27.948808636530458, 14.598636512330028, 17.96763685268204, 40.51648969603108, 95.2914185419494, 59.185011257808306, 42.60930410847404, 7.361087902020447, 48.12030887032457, 30.49970474712301, 65.63810378524343, 57.52872472776746, 37.05995767785606, 20.955710869012147, 79.28981015073246, 38.094564793675566, 30.37507352939824, 69.50210588351771, 79.50795814690156, 60.42014296710196, 62.34427397973632, 78.97808399345664, 38.72890437032889, 28.657254670045003, 23.208697874436336, 42.64972628121695, 32.871993207445286, 67.1474231933833, 35.589479831170834, 36.247422658763234, 21.370107183896206, 71.94092492048111, 68.14041176841741, 45.34686713424798, 58.28483494051396, 44.18816074893003, 49.22525058613182, 19.053275652753342, 56.64243128392952, 39.863564699915855, 83.44153349821386, 33.18909678067261, 64.53445474838027, 70.75302157589188, 43.83387733113552, 53.93145732995414, 48.528930712616635, 69.25339453677805, 59.77732807949769, 26.54724748858364, 51.280788061448526, 69.3471097079572, 35.131147293691114, 59.68683227676585, 77.46262062349699, 41.22556757550626, 19.921736261060033, 43.254841990745206, 69.3290973653969, 60.19241623952501, 58.72109359964503, 65.27977023573884, 27.536048972957584, 41.155248178556626], [96.88290473150691, 78.98076891519878, 8.745589949438626, 77.71616187992048, 89.28386555776368, 49.192734012808984, 49.2360931055442, 88.0389041882067, 90.9406163912392, 97.61711146507402, 122.14285007616877, 31.719659245101447, 67.78529657054416, 16.64541206913572, 27.988568673300442, 55.116862121131355, 92.02556961441664, 0.0, 27.80519729311915, 80.53891103594722, 50.11979693074102, 92.25488188054574, 108.17070055257238, 100.28008933157604, 48.06761895336659, 81.38994452949734, 86.85013879586275, 91.17285792487817, 65.17251022346744, 101.02381035011496, 93.70657783297258, 80.02536653453238, 4.79882669728985, 46.902139030154665, 80.5761404920377, 86.03913600221905, 89.51062280374414, 83.07931159769154, 29.36057796753849, 65.22113267984837, 128.9782379228023, 72.5997515729807, 19.315401990250187, 57.904653183790124, 106.93010730840294, 55.50461972889221, 14.844732268898424, 54.308925997811926, 75.10209787015079, 14.563553788250715, 62.46432538824671, 70.93466770569233, 105.47592134540145, 67.55981200466196, 112.9585043609931, 34.38386321288275, 77.09029616009542, 60.649071119203434, 96.68996496232565, 42.846266725481215, 36.74305395098308, 82.13426179297049, 67.74254702311265, 61.26990491752621, 57.11081451682987, 100.93916942324078, 35.40691182521091, 98.36872831304196, 8.694940807719803, 79.8321102094716, 27.500547499977188, 37.09429368190698, 53.09602888435799, 52.45039884058625, 59.19932173295624, 34.023071592026895, 83.0460180261489, 112.9774435645363, 54.63973374799939, 22.685119081588923, 101.50740200156558, 42.7277077018004, 19.69430723234995, 75.08031326790757, 74.74717829757039, 71.98378908561551, 48.163832268395936, 55.364046942998954, 47.41545059877434, 75.51687709919345, 101.55037326459548, 88.88366073756076], [73.43131312310636, 51.31105970249424, 20.77935052087908, 50.05845461448155, 75.05071402413996, 21.39961794911013, 41.50133369131522, 69.439005785836, 79.03889412989278, 69.90421726065529, 96.21470202943689, 14.319941624150635, 56.309771704077896, 13.586097113161296, 7.770905396322991, 37.484699846515426, 67.64015830411367, 27.80519729311915, 0.0, 55.74028303418862, 24.911339467052397, 64.51522279393038, 83.50163360334497, 73.78951061430482, 30.14691453117549, 70.16471797527927, 59.341488176965804, 73.77297933490338, 43.3690501377635, 74.95313572273123, 72.80414720483246, 65.83449098343812, 32.24927918731702, 39.94506008383003, 52.84304783661942, 62.54883969409787, 76.97777694047164, 65.72731480635066, 22.33183525652901, 38.85373945761863, 103.89436525871552, 47.118534311148245, 27.36485261283915, 31.050671893289547, 79.57605743839672, 32.37831119108892, 13.117423674761376, 48.60686146883209, 68.92659808011166, 13.241655794884414, 46.302318537891246, 43.88015728535307, 78.66447802669649, 53.981239681798854, 85.70660093598853, 9.00769225198922, 61.29133331154765, 42.431946032701916, 69.66919595067739, 21.281860344369555, 12.545197997630657, 54.50559148949366, 41.508747052607376, 33.46490807178751, 45.56569278059707, 74.29878549009291, 15.976706394327344, 70.56429867760508, 21.04733550509129, 63.29308905418956, 12.20450413248081, 37.59327121738166, 25.806659907083063, 42.93336188949113, 31.508642220336352, 10.278256539903046, 75.0120774798586, 91.06106489857676, 43.87949113585441, 11.257840070202487, 73.79898568663396, 15.487457971395633, 9.862990655950906, 47.29934030155602, 48.92124923246626, 44.24092991406807, 25.167842230472186, 49.550310835695285, 40.218931158452996, 70.38500381351078, 82.05971961130737, 74.34088084464078], [76.11392741268395, 24.237223002308905, 75.57067484710093, 23.91826632512742, 101.4788800873486, 40.23267583431948, 86.32826365466804, 88.15230983334166, 108.7181603893139, 43.32498236489534, 80.52485523881099, 49.003876287606744, 92.21787829157047, 63.89849533248806, 60.97251741887696, 71.57965613929944, 68.56790443419357, 80.53891103594722, 55.74028303418862, 0.0, 30.908252102931286, 30.37488875685766, 77.79612743961533, 60.47794688799937, 68.13788116448707, 102.84914287945732, 22.848938292536847, 94.02648620051679, 65.3169749202366, 64.16756366334246, 84.32233419224313, 94.71181709990454, 85.33507359766713, 85.96912535321879, 26.119131505948175, 69.24857212252695, 106.01641977835446, 88.4540606679146, 74.62242469440905, 18.267786192841342, 91.47500527802929, 53.7985871539514, 82.91692474008958, 44.81983624771983, 56.04678024400405, 25.223354099146075, 66.42097451217063, 93.32555561473878, 108.71517318555976, 67.25162149604995, 78.56521491712796, 43.30543958604813, 61.08496566920546, 87.50658666943026, 61.70820367264713, 47.16394374338605, 88.58388052930415, 72.85462356980136, 53.42272141759498, 37.83468326697232, 44.18548102168601, 23.736523454319524, 15.671806209929834, 32.857370585876716, 84.8593675764415, 59.635411169153635, 62.570569335356566, 38.85026529341983, 75.88041892668434, 88.49381976191742, 65.18839479389038, 89.31581327886003, 43.287519464623024, 85.49754439847648, 30.543546473268144, 46.91751093277511, 111.31337250392974, 94.43319982568674, 84.72339158399971, 66.47233394884762, 45.86886947845637, 40.83517117017675, 61.11229063658851, 27.68618891559292, 52.6021441362364, 26.541455287009306, 32.4072207808291, 93.92530689170246, 85.94545339703623, 111.12678727929212, 94.95745819205922, 100.35681634018307], [70.78516044111933, 31.948200529081458, 44.72218687980707, 30.677565608795828, 84.65507049423479, 15.710920188405062, 60.11931650266845, 74.68065354844315, 90.51000433684952, 53.91200852805604, 86.55961317316952, 19.6107452961468, 70.28734822168015, 33.526021467711054, 30.727964743905016, 49.07313720271795, 63.63774622588636, 50.11979693074102, 24.911339467052397, 30.908252102931286, 0.0, 45.179136559258275, 77.58248754499212, 63.69744916369219, 43.551135593632914, 82.92481835146064, 38.53938625146412, 80.06948726004622, 48.024597058564524, 66.09028184064228, 74.53083176545809, 76.33726927107743, 54.886839443699586, 59.241905910550415, 34.0294684758876, 60.95951758691772, 88.03813417006185, 72.88265567262098, 45.11741735935202, 15.382531518898576, 95.99965374175446, 43.34580926243315, 52.2303458179569, 27.173719403902833, 65.64210674001298, 8.811746377894949, 35.68527260018286, 67.40847477824478, 85.51779223451744, 36.44303613840735, 57.535761276645204, 35.16664463173648, 67.12939156456498, 66.46982766914783, 71.99947150974425, 16.25723291130384, 70.67768772627385, 52.19849376718327, 57.890491