instance_id,num_cities,city_coordinates,distance_matrix,best_route,total_distance
295,70,"[[96.48592138056887, 40.25480954256454], [88.5614640435364, 94.98976052486108], [79.5362467120544, 70.8137194603072], [11.319954114057996, 44.29846144481947], [73.28024244763512, 20.069908976052496], [37.77796009995606, 59.79168038038144], [61.970203561903645, 6.5268638660533345], [91.01395586716055, 39.83851734792607], [63.966412789495855, 14.927259438234275], [24.41203346696407, 57.167660270643225], [10.329637601071017, 20.706520085431336], [94.40359402412952, 16.857617531021408], [58.12302471397746, 40.664040692133774], [46.87129809419991, 32.143922312563376], [99.11793881470442, 82.27641083185533], [27.1433836673586, 17.894641914110366], [22.68948003032103, 78.68276644117158], [14.548411276165174, 20.432321926667363], [5.590027597368619, 65.15788536033126], [44.30501291605504, 23.329903515686535], [94.27092188092233, 31.06925341333818], [82.43904615826028, 25.500899298199442], [91.56865565856903, 76.34725816170959], [57.38974861749103, 74.40402712808785], [20.435922085567103, 16.441017376135026], [77.48076306905153, 17.871514360287797], [85.83632882715168, 6.1427270350649765], [11.340530462840936, 68.22219630334298], [18.724459524130154, 58.44345436666774], [10.046187831542841, 70.71621998905331], [72.14931893243049, 86.14680142779062], [32.06189642929736, 5.123799454874245], [92.28837733284017, 76.57937636009078], [72.13610675764993, 89.17741957036498], [22.780853934193534, 81.98235509547102], [89.08132857252372, 24.707725573297502], [35.78597089767086, 82.29376914419538], [73.30939466204626, 64.39702641782957], [26.337413376980777, 84.96113741685669], [57.67308116301456, 54.724354281228315], [54.62506162429307, 59.25185129092656], [94.5626642978208, 68.69590831442915], [17.699636385377858, 7.596753207562057], [16.69804217962605, 64.78923125394677], [95.89956335426672, 5.319904137060416], [22.65249545694301, 62.03797059851907], [93.94221288716022, 54.90846584942797], [49.54659598117035, 36.45238218709939], [39.81979109299027, 42.413325824026934], [98.09658213467186, 86.42265881839104], [17.22126152086062, 8.396910208701291], [75.50558768593949, 83.31036736145766], [79.78635837090633, 80.8006725140732], [29.73741649842744, 53.11419461087002], [39.86205346436452, 80.24530136016344], [28.26436990381289, 44.16814919576601], [10.66905651242065, 1.8171639348586788], [29.20270565143325, 52.37822347512648], [70.89945036863963, 40.19764828278867], [91.21773397800266, 34.7535301043566], [95.39475542701142, 16.249012333201463], [46.570640781807796, 84.58333935966121], [46.81136480148764, 4.4092267590046035], [79.4524933798945, 81.32583679089682], [20.19888932449172, 25.976396303095996], [51.97415946104618, 30.395008219860454], [56.65010431029485, 20.831334657205236], [48.471074788005765, 23.686281583632073], [84.93384220082667, 68.82471151990136], [44.387365352392905, 86.43409570865786]]","[[0.0, 55.30562252719748, 34.94479141058352, 85.26190885235336, 30.756035921724106, 61.8733710077241, 48.25877221910452, 5.4877778536714565, 41.21896691199613, 74.03168131775166, 88.34614227793554, 23.489671799418428, 38.365079314206405, 50.27322682607613, 42.10394863536814, 72.8585247783714, 83.20229941150527, 84.30116593138943, 94.2455659001115, 54.85708388349332, 9.44884459532499, 20.37136644925637, 36.42587472534298, 51.910305204495224, 79.69127361333655, 29.363377626948328, 35.73580829577325, 89.62093682147979, 79.86032651190295, 91.65001397935558, 51.945597868466116, 73.38012578827765, 36.56628953713449, 54.64737179501643, 84.69725512166627, 17.220331431200563, 73.83602178485661, 33.46637157486189, 83.1833452509165, 41.42226805351916, 45.96976370097632, 28.50605228994887, 85.28673605504936, 83.47480767331056, 34.93982586428459, 76.97974336933841, 14.872797183419053, 47.093085721199124, 56.70722629706174, 46.195936345313335, 85.42723250019169, 47.895255099373365, 43.85022700988042, 67.97592727088183, 69.32172713951378, 68.33369822523134, 94.03183979728144, 68.36671912731838, 25.58653486218707, 7.616946498814784, 24.03058348844794, 66.75742500275368, 61.25738630093019, 44.46309648109778, 77.61175390726571, 45.590707729793664, 44.31888647381067, 50.79312563756335, 30.817038020706455, 69.61886246579247], [55.30562252719748, 0.0, 25.805726291571002, 92.38971078322488, 76.46240834265265, 61.788907731443615, 92.37304379129738, 55.205745535282496, 83.75512298620903, 74.46919303268018, 107.88057507589657, 78.35025367872115, 62.271842948183426, 75.41663820066177, 16.52478199586779, 98.56895003346824, 67.8604180202479, 105.05590716503811, 88.17142417911005, 84.22451289841034, 64.17498841597977, 69.75805211830523, 18.883487383680787, 37.355699191493926, 103.97593239452856, 77.91024210965894, 88.88881663001555, 81.72866741497306, 78.8215687109307, 82.18183113553229, 18.642865464848988, 106.15126989173686, 18.78382622791252, 17.42342300870689, 67.05431576238705, 70.28395760101522, 54.28112815636056, 34.18392898075525, 63.02702406743064, 50.74835107605464, 49.28364399650017, 26.970003124880417, 112.51193868659469, 77.95141673012559, 89.96961068106795, 73.68726212513482, 40.440853613358136, 70.34759834267324, 71.69401765746622, 12.818490888591395, 112.1951256599557, 17.517537844406462, 16.683305971650494, 72.20686664165846, 50.88252810954066, 78.85794658612589, 121.44282566836439, 73.06986579700951, 57.56841400455724, 60.29476946831175, 79.0366958881368, 43.261100768071636, 99.7391792829096, 16.421819581236445, 97.14054798807227, 74.23687009806041, 80.73293632212913, 81.80113336490061, 26.415325658898258, 44.99500411848079], [34.94479141058352, 25.805726291571002, 0.0, 73.18826055757403, 51.12799518677013, 43.18842259515347, 66.6435718891883, 33.033330945456704, 58.01479244274524, 56.78814856374528, 85.44171214245422, 55.966945168566646, 36.980119066370975, 50.61968075417634, 22.68999689471882, 74.46771694070287, 57.38882105910944, 82.22958088233742, 74.16219913624172, 59.1265812596245, 42.387890177392954, 45.40570355878666, 13.243825565752637, 22.435634312446435, 80.30715474283922, 52.98209219971567, 64.97713671686915, 68.24493905789879, 62.05720682947552, 69.4901272798076, 17.01969754851551, 81.04924136036126, 13.994986061286516, 19.7986755384523, 57.843867707133086, 47.08366234727324, 45.23138484038682, 8.941344197270986, 55.04784558046064, 27.145269932171956, 27.463501926062523, 15.17492502490325, 88.43161877345658, 63.126336873034816, 67.50702168759082, 57.55671051179491, 21.459472357555292, 45.6079011813036, 48.826009519893795, 24.25128942725329, 88.1987270686491, 13.130591035826606, 9.990084441085557, 52.85070170339738, 40.77985221881925, 57.78227899764854, 97.48443240009571, 53.603478132681374, 31.810973977929432, 37.905070915796, 56.82252689320663, 35.72581148862817, 74.03022725196708, 10.51245096981339, 74.37276066977431, 48.9217832051409, 54.97285061408927, 56.445020218709935, 5.752407291509549, 38.463489375973126], [85.26190885235336, 92.38971078322488, 73.18826055757403, 0.0, 66.52894171044514, 30.660494349163287, 63.1833945968499, 79.81870092134379, 60.28529769667079, 18.35807234437682, 23.612717418812757, 87.49794932115758, 46.943971197466865, 37.571676570415605, 95.65987015012722, 30.782180050128396, 36.21528060974733, 24.08351201854628, 21.632097077576304, 39.0857330211243, 83.9992559407497, 73.56135939369092, 86.41168596075738, 55.03427160141337, 29.311056993862607, 71.2434991686104, 83.71708409118123, 23.923743707184755, 15.96582365952115, 26.448448858939017, 73.83424126742955, 44.3269930520352, 87.16618051918307, 75.58257275856083, 39.38817164277619, 80.1911983303496, 45.191032123932295, 65.16627236099116, 43.34717176380067, 47.51117372421976, 45.81414851727223, 86.74436127203516, 37.25205676759018, 21.184793570191996, 93.12914811712098, 21.05033677408487, 83.30071931403282, 39.023545561044195, 28.562115540248353, 96.46051614518555, 36.383331489422496, 75.11141298279823, 77.58904513400412, 20.418620715774782, 45.900182300532684, 16.944916870210616, 42.486283737432466, 19.623337050916895, 59.72045748769506, 80.46589924608755, 88.63037747453096, 53.53019987970881, 53.39280172835859, 77.54398385323036, 20.36009728681664, 42.965921658608764, 51.04437830436721, 42.48608861686574, 77.59214819810545, 53.56179011964695], [30.756035921724106, 76.46240834265265, 51.12799518677013, 66.52894171044514, 0.0, 53.27505209187588, 17.644575666425933, 26.55715475359449, 10.639279447860014, 61.35425820669538, 62.95382374608269, 21.366206920087812, 25.570676771740146, 29.03814973294752, 67.35900405063059, 46.188110211416415, 77.42668985686709, 58.73294932063962, 81.33197895603253, 29.15804332952048, 23.697978840421694, 10.64797357664899, 59.174370204829735, 56.6101067789594, 52.96877428044591, 4.741024401705582, 18.75157865320278, 78.45489593141524, 66.69979337480892, 81.01601374059668, 66.08656977083778, 43.84447785418906, 59.620710292999995, 69.11698103230573, 79.895802297251, 16.467655131069154, 72.64729295222952, 44.327127027912624, 80.09057828304965, 38.00676338197691, 43.396317529459886, 53.07946204950713, 56.96300014108154, 72.12047678824132, 27.00363532984904, 65.76083151618967, 40.504840049841285, 28.83871361738947, 40.234687538228776, 70.84164119430288, 57.261402731430266, 63.27959970026523, 61.07827096699798, 54.66170967650392, 68.83206522764885, 51.060297321585054, 65.21750766284175, 54.65031048211532, 20.268055173680086, 23.181077020742283, 22.44216868910741, 69.8239609375456, 30.75481184058985, 61.56610572407674, 53.40895657030168, 23.676081741409376, 16.64756028777004, 25.071357179068926, 50.12820721208048, 72.38096177532381], [61.8733710077241, 61.788907731443615, 43.18842259515347, 30.660494349163287, 53.27505209187588, 0.0, 58.501327523631346, 56.852440231933386, 51.948544933871226, 13.62106736988094, 47.76044559344839, 71.06191786088594, 27.924688972164628, 29.104764593690803, 65.33112651869106, 43.22564109582362, 24.17716615668497, 45.70307469355687, 32.632179741444844, 37.041376737304816, 63.3753307025916, 56.3069291928923, 56.28077899561262, 24.4569606928523, 46.69075139040119, 57.7374478372142, 72.02650206533033, 27.74907718366002, 19.10114126373219, 29.80598528498216, 43.31261609986527, 54.96590387478821, 57.036938234886506, 45.21066145825932, 26.78318946014586, 62.15238934697167, 22.590086757615214, 35.82864851155758, 27.64756186052495, 20.530310175662525, 16.855748135788573, 57.478586499151774, 55.92360419146206, 21.664220601298442, 79.65736106571651, 15.291353779542826, 56.37613923727205, 26.138546835268855, 17.497893612960464, 65.93591719793268, 55.35341233809898, 44.457873549918034, 46.96896076947306, 10.451753805467789, 20.559524710852376, 18.292160208592158, 63.999509457576934, 11.335534047541948, 38.483232861338415, 59.01456092678784, 72.2195198296603, 26.304706584904377, 56.114334796249786, 46.90934465981418, 38.11164082739418, 32.64500590309282, 43.290488169634195, 37.65557759488088, 48.013257213802376, 27.450000588621453], [48.25877221910452, 92.37304379129738, 66.6435718891883, 63.1833945968499, 17.644575666425933, 58.501327523631346, 0.0, 44.19508802644791, 8.63432087945783, 63.048444876709986, 53.55194397269675, 34.03893782363744, 34.353276797752706, 29.735679406641534, 84.36793288884361, 36.63514380641853, 82.15503342823607, 49.41850005278611, 81.34077036304988, 24.380342532895686, 40.56680032508438, 27.91034822095131, 75.83505670941048, 68.03153577568774, 42.70113555371822, 19.216621739033894, 23.869216499110987, 79.81026151232459, 67.56868169935764, 82.56135203018462, 80.2679814562534, 29.94119946295113, 76.33181622057722, 83.27340479418868, 85.02550370868515, 32.64286800756647, 80.16381961734125, 58.97061105817505, 86.14888858136817, 48.388669574931676, 53.23415641330936, 70.19443414150747, 44.283493328037665, 73.78395523326772, 33.95082042759842, 68.02473918575572, 57.99128202386954, 32.4018930327121, 42.17201589210646, 87.68382564560558, 44.787999364966936, 77.96738441434323, 76.38071761420562, 56.65096599181996, 76.96218764632629, 50.52672148338666, 51.51688036007783, 56.356508917011766, 34.834654753188985, 40.646804577595105, 34.80978078357504, 79.56104511821297, 15.306037353980301, 76.81482153784968, 46.077402326305105, 25.876808392080775, 15.26176073269026, 21.83282148648298, 66.3954103974145, 81.81883585244648], [5.4877778536714565, 55.205745535282496, 33.033330945456704, 79.81870092134379, 26.55715475359449, 56.852440231933386, 44.19508802644791, 0.0, 36.771461178219575, 68.8194395635256, 82.9216047439733, 23.2295373012419, 32.90128935034708, 44.80826963875028, 43.20473750605837, 67.53505506168581, 78.5945906917071, 78.88966935109808, 89.09723855198972, 49.54048528498323, 9.354561324255842, 16.706177535739254, 36.512954518452915, 48.22200513801959, 74.35524095452658, 25.801095472279826, 34.09126144004845, 84.57829477296086, 74.6452608207671, 86.65570945450435, 50.003316900987855, 68.41386519090649, 36.7629551454171, 52.82708074006018, 80.19887318089988, 15.253717841468776, 69.66045311993604, 30.274937740681978, 78.861308576317, 36.5130396877941, 41.2435347539593, 29.074771622825388, 80.09070355515529, 78.39255801179837, 34.86264216205388, 71.87562169500173, 15.351808916642256, 41.60538243114244, 51.258873823109866, 47.11948462563587, 80.21182206123855, 46.155294682661236, 42.47301615606558, 62.69814896627927, 65.18608220806625, 62.89877781411485, 88.88715412074264, 63.07039624885669, 20.117711263421675, 5.08906875427348, 23.992835422752915, 63.06589690663093, 56.6489513455752, 43.06814471750041, 72.15907461507621, 40.16572628601055, 39.27018318853044, 45.505949618708584, 29.617009213811478, 65.91803141631975], [41.21896691199613, 83.75512298620903, 58.01479244274524, 60.28529769667079, 10.639279447860014, 51.948544933871226, 8.63432087945783, 36.771461178219575, 0.0, 57.86882050010442, 53.947228902343696, 30.498332476978547, 26.391799739922693, 24.262242826532454, 75.97063890307757, 36.94239884587768, 75.95097004783433, 49.72368235130124, 77.01245437346647, 21.381652706834473, 34.33550990978058, 21.284737336059216, 67.33721151484527, 59.839271439951055, 43.556802959117476, 13.831352085915643, 23.56822515669024, 74.89882366309136, 62.77335068574047, 77.58736223675285, 71.6880960421342, 33.376728297176086, 67.84627621720088, 74.69826088457712, 78.6933041104816, 26.9521151787332, 73.0231739599278, 50.344306086053685, 79.50273996229082, 40.29162172093763, 45.298237101452315, 61.86435329276634, 46.843899500645485, 68.70600478461043, 33.34707454748196, 62.65986651269529, 49.97044584141321, 25.908724903772807, 36.58610644381765, 79.22411622768986, 47.19909562891277, 69.34985224591277, 67.74641856555147, 51.28222113923167, 69.62375125623397, 46.14829899382284, 54.88608922334618, 51.098826222072645, 26.204189787680882, 33.70037855937975, 31.45612423132311, 71.79542014476746, 20.122740442400183, 68.18056736717459, 45.140663882115575, 19.572056413806152, 9.4014080835849, 17.79960585866979, 57.832243921663114, 74.13883416907427], [74.03168131775166, 74.46919303268018, 56.78814856374528, 18.35807234437682, 61.35425820669538, 13.62106736988094, 63.048444876709986, 68.8194395635256, 57.86882050010442, 0.0, 39.08616912578406, 80.7695369238768, 37.53398979656138, 33.624485557266944, 78.81257290921741, 39.367883417193795, 21.583951998445468, 38.036510433650506, 20.447777432742313, 39.252062539051025, 74.57473520518393, 66.10535494467706, 69.84174166964169, 37.21050979217714, 40.920274964546245, 66.0339090542686, 79.85291398684699, 17.119198511760338, 5.8289062379364385, 19.746923589867755, 55.84477635211109, 52.603078350545346, 70.59754087881511, 57.46487502710571, 24.86824935369325, 72.35858684362148, 27.580569243640156, 49.428895058785336, 27.860087215853902, 33.35066772940021, 30.284829909454412, 71.0915712931301, 50.02330558487231, 10.844076993209766, 88.3100036546, 5.178406772215075, 69.56687293272223, 32.570983694986786, 21.332824004922006, 79.27967994633003, 49.29800465318325, 57.393313345402014, 60.20660367655255, 6.692554690606466, 27.771939726579877, 13.558310521909739, 57.03110432203474, 6.774160080577989, 49.48799083674865, 70.46555791222987, 81.93218272379721, 35.250862940436846, 57.31651028138195, 60.10881566135399, 31.47452194169848, 38.424545373314956, 48.57593818739278, 41.22911820631914, 61.6342127089012, 35.4335734463871], [88.34614227793554, 107.88057507589657, 85.44171214245422, 23.612717418812757, 62.95382374608269, 47.76044559344839, 53.55194397269675, 82.9216047439733, 53.947228902343696, 39.08616912578406, 0.0, 84.16201161747314, 51.79295782720933, 38.289778287426806, 108.04727612915322, 17.047249503422904, 59.279092826875925, 4.227675005477244, 44.70333072366952, 34.0765061063508, 84.578516471833, 72.26861611033841, 98.4665922464035, 71.40081450147416, 10.96957152511348, 67.21094337292149, 76.898403676049, 47.526428340696846, 38.65940046180527, 50.010503179054034, 90.02279390286647, 26.741582900550437, 99.19178941176848, 92.2404667479465, 62.52807964708194, 78.85327181683279, 66.64093450375535, 76.6505717072012, 66.21861319674183, 58.29763881732834, 58.718201157208156, 96.94423226313589, 15.0393773033581, 44.54034127443251, 86.942280529959, 43.129359226075294, 90.33734465886909, 42.25993371872688, 36.617681089196296, 109.64327358636176, 14.107479419411042, 90.37226434711756, 91.84521335494689, 37.77458470817967, 66.46074076026312, 29.531384378012426, 18.892405378367222, 36.86854341085949, 63.6286594004945, 82.09873705457088, 85.18182697091154, 73.4415301592961, 39.95645366262141, 91.93840736524403, 11.188106405006618, 42.75667203229131, 46.32063487083959, 38.25765556422726, 88.77582830301562, 74.0273126412821], [23.489671799418428, 78.35025367872115, 55.966945168566646, 87.49794932115758, 21.366206920087812, 71.06191786088594, 34.03893782363744, 23.2295373012419, 30.498332476978547, 80.7695369238768, 84.16201161747314, 0.0, 43.393841650569435, 49.92985349712731, 65.58844077839977, 67.26820435248881, 94.68507371111458, 79.9351532382783, 101.0978014292286, 50.51493160353292, 14.212255146497224, 14.75997037061756, 59.55715085449398, 68.42232098737863, 73.96884511535816, 16.953176525788376, 13.718852404471932, 97.6616223531265, 86.35226241384758, 100.08456943142326, 72.77529639195788, 63.43634404384934, 59.75920531004939, 75.67030300040217, 96.80417522415527, 9.484234592879096, 87.85166861783465, 52.0092361416167, 96.28652225898828, 52.754339415350486, 58.13435039608097, 51.83853484327184, 77.26099096869605, 91.29946539571053, 11.634292182934809, 84.79082762246078, 38.05364542726406, 48.950026305949265, 60.270106759343285, 69.6629968526911, 77.6446779827125, 69.08764436268483, 65.59251373981213, 74.13672434989707, 83.62283245535136, 71.55600678523425, 85.07460265365982, 74.24869891940997, 33.124036657257626, 18.17727677805353, 1.1630998294971373, 82.91420151634118, 49.19331982285116, 66.17920145342806, 74.76289404413453, 44.53670243748674, 37.962039109767886, 46.4373446282224, 52.822864909469175, 85.68844406421773], [38.365079314206405, 62.271842948183426, 36.980119066370975, 46.943971197466865, 25.570676771740146, 27.924688972164628, 34.353276797752706, 32.90128935034708, 26.391799739922693, 37.53398979656138, 51.79295782720933, 43.393841650569435, 0.0, 14.11360227327184, 58.413802570721, 38.447154382216716, 51.97075712772739, 48.04237067901309, 57.9626104716085, 22.167764021195584, 37.399604443327455, 28.6564086342177, 48.90707758865645, 33.747953693995186, 44.80036342588924, 29.90353308242018, 44.269044731945634, 54.29598243930432, 43.22446633133662, 56.69669941993471, 47.59641219293338, 44.0714324100449, 49.56997736244443, 50.496677103998685, 54.37161153175836, 34.8284448399535, 47.243817205904996, 28.175884079398244, 54.52116897413398, 14.067511059982492, 18.91408069754879, 45.9742638374373, 52.22543274643184, 47.93802246249953, 51.73272523717401, 41.41259863154217, 38.547605495641776, 9.554747363062397, 18.38663534900005, 60.75966117162103, 52.09723545391506, 46.052824819558154, 45.609749386960544, 30.995952741719755, 43.590586908754766, 30.06356671251419, 61.32665759577383, 31.202675092894214, 12.784935447181756, 33.618356840847845, 44.55643073802465, 45.41324002935409, 37.97848316220181, 45.916531832747545, 40.66899239886425, 11.969192613343205, 19.887325692095338, 19.529578636513833, 38.88242939661847, 47.78667465217817], [50.27322682607613, 75.41663820066177, 50.61968075417634, 37.571676570415605, 29.03814973294752, 29.104764593690803, 29.735679406641534, 44.80826963875028, 24.262242826532454, 33.624485557266944, 38.289778287426806, 49.92985349712731, 14.11360227327184, 0.0, 72.40841022777961, 24.335829542189654, 52.44639489708925, 34.3792174990997, 52.858916465927834, 9.180018897979693, 47.411804947352344, 36.1827922791738, 62.86325376107635, 43.5494461552617, 30.747525561584702, 33.77337671602956, 46.843737851269736, 50.63671891648777, 38.52155121168447, 53.32833106239686, 59.626246655578335, 30.812423093892388, 63.539127024053826, 62.378925658081045, 55.35538710986302, 42.8600477709264, 51.360409035464826, 41.704144572882775, 56.66832124700038, 25.031069201239415, 28.195046770250002, 60.08755354520988, 38.12544239642978, 44.453813878729605, 55.886480883047085, 38.47342620699971, 52.28666619596179, 5.07149339687191, 12.457303057619196, 74.63384595273179, 37.98743545781065, 58.63384380513634, 58.744195740441825, 27.07992279906052, 48.60938362663916, 22.154002094902673, 47.226206382105154, 26.862727010597673, 25.341953431555833, 44.42315194156326, 51.06049426691048, 52.44027893765393, 27.73476030991016, 58.99487264160058, 27.376189776078462, 5.394246437910217, 14.95325016416493, 8.607611292903625, 52.860548244811746, 54.346967249735535], [42.10394863536814, 16.52478199586779, 22.68999689471882, 95.65987015012722, 67.35900405063059, 65.33112651869106, 84.36793288884361, 43.20473750605837, 75.97063890307757, 78.81257290921741, 108.04727612915322, 65.58844077839977, 58.413802570721, 72.40841022777961, 0.0, 96.56784536084585, 76.51289820783738, 104.76972998249323, 95.08161804995257, 80.49315231959777, 51.436043238580915, 59.17469197345668, 9.59929828463549, 42.46429420482765, 102.59219652602116, 67.94231423613417, 77.28349741265026, 88.89541249683946, 83.85178189111738, 89.81878887809805, 27.244933138469708, 102.22053738207885, 8.893768144438969, 27.850371321834828, 76.33765123993811, 58.437035068117034, 63.33197029585591, 31.396709036206534, 72.8300256750425, 49.767379335642985, 50.0973698185324, 14.324125612057028, 110.48072788208334, 84.25461892933245, 77.02377466257, 79.09841016719199, 27.85305282079909, 67.50673767525123, 71.45163307838097, 4.270192247861749, 110.29617565490932, 23.634978145392765, 19.387826232912424, 75.26016032270265, 59.29068522406047, 80.45164903428078, 119.56962487084715, 76.03973589836194, 50.66463606739347, 48.17507061854623, 66.13228747773988, 52.59791297941835, 93.80445639965802, 19.68840611011542, 96.94280792496755, 70.1014683778758, 74.69279987791643, 77.44616246827475, 19.54831990558373, 54.88826846465709], [72.8585247783714, 98.56895003346824, 74.46771694070287, 30.782180050128396, 46.188110211416415, 43.22564109582362, 36.63514380641853, 67.53505506168581, 36.94239884587768, 39.367883417193795, 17.047249503422904, 67.26820435248881, 38.447154382216716, 24.335829542189654, 96.56784536084585, 0.0, 60.95107333858459, 12.848079598953918, 51.94575381045612, 18.00176622299272, 68.40816307114994, 55.816354607773526, 86.99036738243231, 64.09487662799809, 6.863167284032416, 50.33738471468026, 59.85790937591126, 52.75028815281203, 41.413578389727526, 55.51966512665156, 81.75507010188845, 13.685254287297061, 87.67991934685429, 84.29459959849542, 64.23602296600481, 62.311532865291895, 64.97647191122516, 65.52688254215491, 67.07133819396228, 47.838166166993716, 49.65542659938057, 84.41639691792805, 13.972504232898762, 48.04380988376384, 69.8966113291622, 44.37117920743362, 76.36823127093434, 29.091126585566347, 27.601760195592806, 98.64302039969844, 13.735188948025376, 81.35182796555688, 82.02713862790672, 35.314952902255065, 63.63465482551907, 26.297410424251513, 23.019312617479454, 34.54501706917141, 49.112294451066525, 66.25514680945442, 68.27120801473998, 69.460785238688, 23.847136176027767, 82.2177562477533, 10.655550463584627, 27.799758709282226, 29.652499512985855, 22.10007915368878, 77.02992332567396, 70.67539621967966], [83.20229941150527, 67.8604180202479, 57.38882105910944, 36.21528060974733, 77.42668985686709, 24.17716615668497, 82.15503342823607, 78.5945906917071, 75.95097004783433, 21.583951998445468, 59.279092826875925, 94.68507371111458, 51.97075712772739, 52.44639489708925, 76.51289820783738, 60.95107333858459, 0.0, 58.81659023266503, 21.801689883072697, 59.42365434725287, 85.97063126593102, 79.98950959525709, 68.91875966781808, 34.963069804167155, 62.282532463647804, 81.8540962730337, 96.17474632152295, 15.434447962063237, 20.62404278660397, 14.943851578406536, 50.0198708765236, 74.15365003320458, 69.63067395594986, 50.548062663309715, 3.3008535983727754, 85.56390938672368, 13.585190965158445, 52.597130390713005, 7.261223024394536, 42.401154010676564, 37.38237332381757, 72.56370960744536, 71.26092770270317, 15.130355168250166, 103.6427800946648, 16.644836932281745, 75.11437484393166, 50.0470781509166, 40.11134353003387, 75.80327817309045, 70.49824820517662, 53.01844884723913, 57.13614479795808, 26.522165709077274, 17.243514540855212, 34.961953616730426, 77.79981638929611, 27.098913052814968, 61.68715879083956, 81.39962772797975, 95.83334869722057, 24.59932112081074, 78.092406940956, 56.824515003627205, 52.76518260364299, 56.47388815550189, 67.08287531807547, 60.73964088579261, 63.02017033334529, 23.040862242172526], [84.30116593138943, 105.05590716503811, 82.22958088233742, 24.08351201854628, 58.73294932063962, 45.70307469355687, 49.41850005278611, 78.88966935109808, 49.72368235130124, 38.036510433650506, 4.227675005477244, 79.9351532382783, 48.04237067901309, 34.3792174990997, 104.76972998249323, 12.848079598953918, 58.81659023266503, 0.0, 45.61390865290127, 29.897346374220557, 80.42899358177837, 68.07957682936313, 95.17666803841188, 68.90809203237542, 7.112896424518264, 62.984431707967595, 72.70598125960724, 47.89741738602334, 38.23984268195386, 50.485051453808865, 87.38568177298357, 23.260976387038795, 95.89574570356494, 89.6784875034684, 62.09814566634462, 74.65544077324466, 65.40544771289325, 73.38765842749727, 65.5968642474618, 55.097011133599516, 55.79510519022866, 93.44332216708946, 13.216733485691808, 44.4089666406414, 82.74294601887242, 42.38757107708212, 86.55622585365506, 38.49045678338374, 33.49338994759968, 106.46605758120948, 12.328635920146377, 87.57525879808692, 88.88378645051182, 36.03901610461005, 64.94900299114691, 27.41381070234182, 19.015086127677307, 35.14667792808954, 59.71689654331986, 77.9953976028535, 80.95450229426314, 71.69920655209742, 36.022739331276505, 88.99752820302243, 7.916101494169507, 38.72908139079342, 42.10358378450954, 34.07837075311428, 85.4162294707138, 72.4333992211623], [94.2455659001115, 88.17142417911005, 74.16219913624172, 21.632097077576304, 81.33197895603253, 32.632179741444844, 81.34077036304988, 89.09723855198972, 77.01245437346647, 20.447777432742313, 44.70333072366952, 101.0978014292286, 57.9626104716085, 52.858916465927834, 95.08161804995257, 51.94575381045612, 21.801689883072697, 45.61390865290127, 0.0, 56.99500112660788, 95.00703047116244, 86.47802146964504, 86.70367089676459, 52.61845907428271, 50.92871301480459, 86.04811868375299, 99.61053043336999, 6.51600220697221, 14.751165567757761, 7.124075229634115, 69.79021321584064, 65.61136570715956, 87.44743737532694, 70.74827683607145, 24.053841522956514, 92.7739875467283, 34.71935346243021, 67.72364123384781, 28.681401791096807, 53.11782223981468, 49.38943004784129, 89.04295417299662, 58.82114041488138, 11.114130366780746, 108.33464933022569, 17.34536472894078, 88.94469768227982, 52.499388725091485, 41.097344165611055, 94.9191931201781, 57.94043409180627, 72.23363583054491, 75.8273848302412, 26.984196812349946, 37.445986147783955, 30.89813624294946, 63.544028243567126, 26.849177320451762, 69.91662275656445, 90.86544402873729, 102.25931254091299, 45.35150405502241, 73.41388262962413, 75.61128556595195, 41.81635954628821, 57.965035287063316, 67.6163776844539, 59.65465721950953, 79.4284994816875, 44.2482829459367], [54.85708388349332, 84.22451289841034, 59.1265812596245, 39.0857330211243, 29.15804332952048, 37.041376737304816, 24.380342532895686, 49.54048528498323, 21.381652706834473, 39.252062539051025, 34.0765061063508, 50.51493160353292, 22.167764021195584, 9.180018897979693, 80.49315231959777, 18.00176622299272, 59.42365434725287, 29.897346374220557, 56.99500112660788, 0.0, 50.561740432106234, 38.195781363984466, 71.02599396667517, 52.72358496110903, 24.843313976154395, 33.62178475907877, 44.94718274467644, 55.69537732290654, 43.44336733267303, 58.47332798024475, 68.71148405349187, 21.93982967986405, 71.67921329758681, 71.4875174767651, 62.47719180785427, 44.79750927663458, 59.57609861989825, 50.276860919581175, 64.19691289600526, 34.122086506035856, 37.37498812451286, 67.70454869364863, 30.909190849278886, 49.8098453094418, 54.647577371181626, 44.35251931521156, 58.830750632959614, 14.130592326940468, 19.60342372649636, 82.91096845826969, 30.92772023190785, 67.61014649536715, 67.54121086086937, 33.155977763135006, 57.0885487684216, 26.29704757704834, 39.92712771361986, 32.73964839733386, 31.492616864076815, 48.28356492507024, 51.57810397614494, 61.295321781666146, 19.085958417235837, 67.81499582996831, 24.25096119096181, 10.42744039587328, 12.59540106041512, 4.181276939911319, 60.99573201783454, 63.104245928869425], [9.44884459532499, 64.17498841597977, 42.387890177392954, 83.9992559407497, 23.697978840421694, 63.3753307025916, 40.56680032508438, 9.354561324255842, 34.33550990978058, 74.57473520518393, 84.578516471833, 14.212255146497224, 37.399604443327455, 47.411804947352344, 51.436043238580915, 68.40816307114994, 85.97063126593102, 80.42899358177837, 95.00703047116244, 50.561740432106234, 0.0, 13.07669112077295, 45.358570929098015, 56.90451259958035, 75.27013009381767, 21.35625784261498, 26.314902190003785, 90.87238846945836, 80.35306374034214, 93.0896760352327, 59.354036192116176, 67.40274051365934, 45.553284991465404, 62.181259352590175, 87.7665866826499, 8.209806037062526, 77.74599991880073, 39.371640514291336, 86.71387858413318, 43.5771240708173, 48.6420914293169, 37.62778591258873, 80.08820155522497, 84.58480106214661, 25.800803499124665, 78.02730578164709, 23.841478544242975, 45.047124243198056, 55.62026270113647, 55.48545004154922, 80.3161584489056, 55.50920422767558, 51.79784383397285, 68.19496131940492, 73.33899817995034, 67.29372908842068, 88.57175978803883, 68.46856920063203, 25.090900213863424, 4.784960930510997, 14.862790704059824, 71.68733648005755, 54.4349756993231, 52.3957058929983, 74.24690701023351, 42.30213609008859, 38.988984279403994, 46.39110115930395, 38.892874331796335, 74.52271448572314], [20.37136644925637, 69.75805211830523, 45.40570355878666, 73.56135939369092, 10.64797357664899, 56.3069291928923, 27.91034822095131, 16.706177535739254, 21.284737336059216, 66.10535494467706, 72.26861611033841, 14.75997037061756, 28.6564086342177, 36.1827922791738, 59.17469197345668, 55.816354607773526, 79.98950959525709, 68.07957682936313, 86.47802146964504, 38.195781363984466, 13.07669112077295, 0.0, 51.659481020476626, 54.94527476346255, 62.66154207498834, 9.099015645857882, 19.654016457241976, 82.94641735417798, 71.72698574732622, 85.35309696718065, 61.51263229202547, 54.34228015863148, 52.01942083057741, 64.50464940036615, 82.153848043916, 6.6894723430707215, 73.49788770171872, 39.95321315424767, 81.74908634261887, 38.306178917908944, 43.734934504022505, 44.86413847056518, 67.16955876716825, 76.58624309876937, 24.25815510045852, 70.06703378883553, 31.57733071774442, 34.66768316628921, 45.852274461689, 62.901663061390344, 67.42333331854718, 58.2237704390936, 55.363360358853264, 59.49752807324795, 69.35236019039309, 57.30062622705257, 75.57678700847691, 59.636385751237974, 18.685735246541814, 12.754471242334649, 15.920044443075643, 69.11785028388648, 41.40278166210998, 55.90476852256463, 62.24197313785749, 30.855495841278824, 26.208287917644792, 34.016406577715586, 43.39558402320786, 71.83860269344831], [36.42587472534298, 18.883487383680787, 13.243825565752637, 86.41168596075738, 59.174370204829735, 56.28077899561262, 75.83505670941048, 36.512954518452915, 67.33721151484527, 69.84174166964169, 98.4665922464035, 59.55715085449398, 48.90707758865645, 62.86325376107635, 9.59929828463549, 86.99036738243231, 68.91875966781808, 95.17666803841188, 86.70367089676459, 71.02599396667517, 45.358570929098015, 51.659481020476626, 0.0, 34.23410336744168, 92.99797562649906, 60.148826511772455, 70.43816977757301, 80.63850632683932, 75.01215302072028, 81.71671402785621, 21.75182031708949, 92.8107508004045, 0.756226253468751, 23.285982877232435, 69.01822935663363, 51.699401563099826, 56.098742517088255, 21.822205453885168, 65.79752187903067, 40.20522282749114, 40.7072730141311, 8.216279098070654, 100.912159524179, 75.7574864202466, 71.15927052191795, 70.38602735985502, 21.569784183587537, 57.94354691042296, 61.882604564813185, 12.005312260414613, 100.72132247941673, 17.507342528805825, 12.595849664421293, 66.0520808001987, 51.853326327697886, 71.01357369377978, 109.99763673584431, 66.81336950116484, 41.641449803235986, 41.59520837470255, 60.219915236588214, 45.7455394147722, 84.72482190575528, 13.099146290128038, 87.35483541831172, 60.65750904755177, 65.5844721776431, 68.04836464641578, 10.030426590989007, 48.24747088350015], [51.910305204495224, 37.355699191493926, 22.435634312446435, 55.03427160141337, 56.6101067789594, 24.4569606928523, 68.03153577568774, 48.22200513801959, 59.839271439951055, 37.21050979217714, 71.40081450147416, 68.42232098737863, 33.747953693995186, 43.5494461552617, 42.46429420482765, 64.09487662799809, 34.963069804167155, 68.90809203237542, 52.61845907428271, 52.72358496110903, 56.90451259958035, 54.94527476346255, 34.23410336744168, 0.0, 68.74078698164942, 59.99644874102374, 73.95142335353918, 46.46230219221085, 41.829946970391404, 47.48697368107895, 18.86100909642435, 73.76482930854851, 34.96636141340656, 20.87362456909105, 35.42889563591842, 58.941315121660516, 22.999374792548842, 18.803595225356048, 32.79786733216451, 19.68171234142937, 15.402335107723516, 37.60861976419437, 77.70789443608612, 41.81219047750049, 79.09248940639175, 36.87270143659797, 41.42655614162762, 38.753611405951304, 36.498059911978956, 42.44400785390839, 77.26866660970494, 20.186790767887437, 23.292170372054745, 34.898544958696796, 18.475404786776522, 41.98209141471447, 86.32308948948337, 35.772131858881345, 36.77755287010161, 52.12000103395921, 69.47219795274326, 14.855015714162048, 70.78964813351242, 23.123065442521188, 61.060588289610955, 44.34097823882688, 53.577798128337925, 51.4959460150885, 28.103484730248404, 17.713964000915258], [79.69127361333655, 103.97593239452856, 80.30715474283922, 29.311056993862607, 52.96877428044591, 46.69075139040119, 42.70113555371822, 74.35524095452658, 43.556802959117476, 40.920274964546245, 10.96957152511348, 73.96884511535816, 44.80036342588924, 30.747525561584702, 102.59219652602116, 6.863167284032416, 62.282532463647804, 7.112896424518264, 50.92871301480459, 24.843313976154395, 75.27013009381767, 62.66154207498834, 92.99797562649906, 68.74078698164942, 0.0, 57.06277424427151, 66.2062533746902, 52.573915964689974, 42.03729079332862, 55.2606930515948, 86.79384623173019, 16.224755804583946, 93.69843940186257, 89.23840708623304, 65.58327267996587, 69.1413790445095, 67.61811084287807, 71.38195083844923, 68.77379188221003, 53.406178488523274, 54.78745077915508, 90.69370175472456, 9.257876004600833, 48.49248943254889, 76.27870157001432, 45.65079780984087, 82.96336166919602, 35.32543072990985, 32.40825795702968, 104.53998401671537, 8.662661407872166, 86.62665892666303, 87.54792685571968, 37.834372292966044, 66.69603612705063, 28.81108179479192, 17.58546992820617, 36.99107022366518, 55.77584780898837, 73.11233149884778, 74.95907924892713, 72.98218663919428, 28.990135631198303, 87.70972282378209, 9.538324580897546, 34.48730603017346, 36.47933497247793, 28.95623664231061, 83.09051156023813, 73.97771724665917], [29.363377626948328, 77.91024210965894, 52.98209219971567, 71.2434991686104, 4.741024401705582, 57.7374478372142, 19.216621739033894, 25.801095472279826, 13.831352085915643, 66.0339090542686, 67.21094337292149, 16.953176525788376, 29.90353308242018, 33.77337671602956, 67.94231423613417, 50.33738471468026, 81.8540962730337, 62.984431707967595, 86.04811868375299, 33.62178475907877, 21.35625784261498, 9.099015645857882, 60.148826511772455, 59.99644874102374, 57.06277424427151, 0.0, 14.400692040948696, 83.12473483467089, 71.40297978476973, 85.67371154825793, 68.4831301908129, 47.17390891318502, 60.5464986665048, 71.50592611046666, 84.27502571422775, 13.465025204180957, 76.73775215405604, 46.71213532481069, 84.36029717585123, 41.838691097227354, 47.27277623564244, 53.618190666929344, 60.65767737323119, 76.78418663523976, 22.2889013444465, 70.40465031507922, 40.53042197810224, 33.549461099861304, 44.95163311942503, 71.58401638817239, 60.999800414965975, 65.46865509465403, 62.97138013129513, 59.342005805394734, 72.8399383376155, 55.80113224537505, 68.713508865374, 59.34209131767214, 23.275951812676688, 21.76480703650635, 17.987318728174703, 73.52484787171876, 33.49395732895882, 63.48494904736388, 57.85241715775193, 28.415219972167485, 21.03988784461103, 29.58671208541299, 51.49540454575489, 76.13146874706155], [35.73580829577325, 88.88881663001555, 64.97713671686915, 83.71708409118123, 18.75157865320278, 72.02650206533033, 23.869216499110987, 34.09126144004845, 23.56822515669024, 79.85291398684699, 76.898403676049, 13.718852404471932, 44.269044731945634, 46.843737851269736, 77.28349741265026, 59.85790937591126, 96.17474632152295, 72.70598125960724, 99.61053043336999, 44.94718274467644, 26.314902190003785, 19.654016457241976, 70.43816977757301, 73.95142335353918, 66.2062533746902, 14.400692040948696, 0.0, 96.97156530946128, 85.08448202087442, 99.56847625836727, 81.16641028957098, 53.78408494271402, 70.73153821356082, 84.15733033542276, 98.62880967707764, 18.846463702032818, 91.1263932303682, 59.58596710764752, 98.75455814725271, 56.154634936723475, 61.60131719072882, 63.15892192648362, 68.15220501946494, 90.6615416681778, 10.09681765058679, 84.35920253518373, 49.43483223906975, 47.282342427886775, 58.59247461534074, 81.21072132606658, 68.65208520669388, 77.85607828596454, 74.90267662552523, 73.16697841711651, 87.20565071565098, 68.9961099249091, 75.29162850789453, 73.11011151043479, 37.18666426654888, 29.11249858166407, 13.910446491476684, 87.71957546370058, 39.063446345803555, 75.45365032637662, 68.56856350470662, 41.651166332351345, 32.67400947887436, 41.27879014225658, 62.688481087580705, 90.35884271398511], [89.62093682147979, 81.72866741497306, 68.24493905789879, 23.923743707184755, 78.45489593141524, 27.74907718366002, 79.81026151232459, 84.57829477296086, 74.89882366309136, 17.119198511760338, 47.526428340696846, 97.6616223531265, 54.29598243930432, 50.63671891648777, 88.89541249683946, 52.75028815281203, 15.434447962063237, 47.89741738602334, 6.51600220697221, 55.69537732290654, 90.87238846945836, 82.94641735417798, 80.63850632683932, 46.46230219221085, 52.573915964689974, 83.12473483467089, 96.97156530946128, 0.0, 12.253415941942174, 2.8098891423114583, 63.39558520911895, 66.41372367487511, 81.37810744536733, 64.30570331773598, 17.89477496683766, 89.09063280528679, 28.206182305803676, 62.086810634728124, 22.474399808272942, 48.25864682767352, 44.20427272909831, 83.2234820415293, 60.95803949188175, 6.363032360900402, 105.38941314622451, 12.892059556021126, 83.6677557839793, 49.68927984355932, 38.43391837242314, 88.64462384965637, 60.11362452957304, 65.9151536015994, 69.5920212510343, 23.805401297733326, 30.952097336590626, 29.411112248218867, 66.40842718454896, 23.876531939317015, 65.82279416814285, 86.60553826714397, 98.8247