instance_id,num_cities,city_coordinates,distance_matrix,best_route,total_distance
2702,79,"[[35.81189600045671, 32.33773035407872], [81.09761880843104, 37.399666920655314], [95.1494391389485, 91.33534129827623], [27.194552123711013, 39.89215080002565], [81.17973464636485, 90.48910457063887], [86.13126763130957, 65.48950591440111], [86.97555270703832, 37.23693555369405], [12.554076899647304, 62.970380116352274], [52.68882893180377, 21.038448808546516], [37.901671786286414, 52.80642661633564], [39.25163722889735, 16.977044599582282], [50.20499547790303, 79.02060703390838], [88.15143018536561, 43.42095862021551], [92.8211034833282, 26.2903044045632], [19.052075964187342, 11.622190434157364], [16.754351376325637, 84.05280849469453], [53.43538912766594, 69.16254149370918], [9.069856563369738, 31.692224334074847], [41.34462681329626, 88.31878733013548], [30.265418303804946, 70.88870578576754], [64.9325139566373, 49.323338128695816], [96.93143839729397, 63.751497559759365], [84.28013098656756, 50.48322322108349], [0.12974513698486012, 92.7823687945845], [39.76720114652452, 7.8311736754641315], [49.419339108152506, 96.71947090467536], [83.91268974259928, 2.319949196812243], [92.73321447143155, 98.99708927782426], [66.09119230280578, 63.485789725479904], [33.792047478855324, 3.932040626120581], [57.704708346869936, 61.80270178432187], [44.15903313268109, 37.709408589305774], [68.76942433632203, 47.72604498871454], [88.5285596969978, 11.587821711093005], [95.13809163699356, 57.332399217584104], [26.721066552887763, 25.073108909318297], [46.972184322748234, 84.32990678240272], [72.29893721190197, 93.2896266862778], [23.03125060775403, 58.35821227144198], [69.95090351539818, 46.66118853309628], [55.967590538205044, 28.75984252523868], [54.65422103603207, 65.87184889998387], [59.542944220855446, 48.66047111755086], [73.19931725252438, 70.8497635146373], [87.12510492407026, 30.103503375955952], [7.353004889953796, 35.230814213182526], [88.43482128834643, 15.168857388284673], [20.33565040083597, 58.5794077557566], [18.000156453592286, 26.090259889502942], [55.60577332329659, 24.414850968065625], [54.20286926137574, 46.62433092099608], [71.13393716107878, 76.69902632832832], [63.80065458551738, 92.7156675155293], [34.409045875839816, 90.74014548278019], [17.075299575405733, 19.156973871008343], [37.715267622083736, 60.170524327363026], [21.69578345633458, 41.26554011457208], [92.61398016814594, 85.13609098189868], [40.494334245560935, 5.751785716030011], [77.33945217285222, 10.649439308880094], [55.48255980153072, 75.69743770309057], [5.307313041654904, 86.59786286625062], [89.92378248931654, 76.24255446437279], [12.389645407931027, 44.61651593206526], [98.50853452034323, 11.242809381318574], [47.68855132294655, 72.77564480362108], [3.1474221257848267, 91.20031588063823], [1.444324604353131, 74.85888052913735], [22.069343246474958, 45.28112886887546], [20.141672457487868, 78.37780222614512], [92.90004189865766, 99.68237578757385], [35.56811532903227, 75.77766481633257], [68.20828121289134, 31.780079856016485], [18.33459417123161, 82.53744889865165], [4.582351167815258, 12.76103391152673], [66.31372954785498, 41.31222075051013], [73.95296179492574, 17.568890310509012], [80.64448698912067, 11.536577256119763], [6.2022337219478025, 22.88775946836228]]","[[0.0, 45.567750570384, 83.67593514765919, 11.459837859421377, 73.7551564751616, 60.25843828150435, 51.3976845701912, 38.461479180916754, 20.310209959879575, 20.575098772826596, 15.741108174681482, 48.851328412560584, 53.500138200686365, 57.32905980774466, 26.646297337941565, 55.11478308213456, 40.82467667323579, 26.749828995277262, 56.25379854199943, 38.94792833481815, 33.712331002512414, 68.71988964522195, 51.75353817909825, 70.19095530370728, 24.823693501182692, 65.80403501498611, 56.698796673559876, 87.655613788273, 43.440043590790545, 28.4774120483453, 36.708034186269195, 9.92620901285939, 36.37305185578896, 56.65337889293512, 64.37647831546029, 11.63691990092137, 53.17648394911651, 71.03828434623719, 28.98983228419648, 37.02206488448875, 20.470791475045115, 38.46518321023689, 28.802682438800815, 53.67491002358108, 51.36182609904154, 28.60556619707551, 55.35289030186587, 30.46538709278961, 18.87561794726416, 21.320637824346296, 23.28808393239946, 56.70600649197272, 66.54972504079097, 58.419261218688106, 22.908347541043526, 27.897799982961132, 16.70240762518634, 77.55091005770713, 26.99514178915543, 46.849972146338644, 47.61301540300546, 62.2470205048312, 69.68306709337004, 26.445612076282902, 66.15031498443763, 42.14593535179558, 67.31843602149901, 54.673377213010774, 18.878276439040032, 48.63377554613311, 88.28565948475128, 43.44061849353287, 32.40118437511879, 53.155129772997206, 36.858262493744746, 31.794705968585866, 40.90060557217416, 49.42316445718101, 31.081088301220117], [45.567750570384, 0.0, 55.73608010229906, 53.960662281946604, 53.08950115608859, 28.537285700756968, 5.880186086697399, 73.1579012187869, 32.78336163919675, 45.86129177705709, 46.56360893255443, 51.83297051253074, 9.274276719645805, 16.15109991413901, 67.18725832216131, 79.47686256116795, 42.11981899361574, 72.25353579521344, 64.59920429726971, 60.87222956530758, 20.086924850432922, 30.74294749702251, 13.46505957025297, 98.0970959495325, 50.8182960841718, 67.2484390114123, 35.19248811818949, 62.68675719384672, 30.094495168670328, 57.94738206863368, 33.804383893512096, 36.939884293619784, 16.081618791235964, 26.86019798161916, 24.38131854659692, 55.756196674510406, 58.02579333639286, 56.57830326582797, 61.73300364665221, 14.492240834379052, 26.57376312165806, 38.85766890091732, 24.318916664545263, 34.36993060241413, 9.463857107185396, 73.77650035107371, 23.410327479465508, 64.34748034389254, 64.10298310544192, 28.60838393828979, 28.43276242502677, 40.5427502991995, 57.957267819841675, 70.88744244024038, 66.57066328105076, 48.995309382554005, 59.527498005115426, 49.10593407239484, 51.48023991820047, 27.012931972345378, 46.07440173058069, 90.35835839878129, 39.833040030302286, 69.08595022475485, 31.42166740102231, 48.65825316866338, 94.7140063104636, 88.02181526035052, 59.552117999777835, 73.44954028892279, 63.39111147946569, 59.54667421074995, 14.061108861994107, 77.30858052960765, 80.384379195672, 15.292856474200226, 21.07856315791368, 25.867058886573812, 76.28836192471648], [83.67593514765919, 55.73608010229906, 0.0, 85.23067826723539, 13.995312079739918, 27.373977132151662, 54.712429332896626, 87.33020603601845, 82.12524893646108, 69.00568189238318, 93.02537581921568, 46.60102676983507, 48.4227239706119, 65.08669580974075, 110.20433341224505, 78.73261756949647, 47.24081942046719, 104.72342592558404, 53.88930716980285, 68.0294132233751, 51.75008191099052, 27.64134506039205, 42.27336526826688, 95.03071154527822, 100.20049049494813, 46.04596508321995, 89.72181768095056, 8.033711704189141, 40.24896560156597, 106.78982385844316, 47.68946068842062, 73.9983929797872, 50.967400420287696, 80.02189028567757, 34.002943974142944, 95.25295594334601, 48.68391925863491, 22.933919632189202, 79.30021535830393, 51.29079959269469, 73.83028041708907, 47.835678466189464, 55.578476277188, 30.024435847462577, 61.75538774015888, 104.19180306665233, 76.46188177183862, 81.67039958022059, 101.03926200691718, 77.73064731607327, 60.62751878228402, 28.124118673277316, 31.379158584058263, 60.743309358446076, 106.32632784523896, 65.34470043285194, 88.89558213834735, 6.697705329269898, 101.54666649874147, 82.6281454201591, 42.63807389202263, 89.96694572772775, 15.971840903086028, 95.03595162883926, 80.16294150447692, 50.960751625705406, 92.00211609715217, 95.14264159365456, 86.3810795148191, 76.11874198478479, 8.644811895591012, 61.57901789131517, 65.3655502222131, 77.31703122915256, 119.9012894212501, 57.739161207608674, 76.75141655452579, 81.10632761705193, 112.23491796164367], [11.459837859421377, 53.960662281946604, 85.23067826723539, 0.0, 73.9895375230162, 64.25543575196616, 59.83993815795711, 27.330352781539084, 31.708362126593045, 16.775605244772482, 25.893539607618425, 45.392913440352736, 61.05893438027936, 67.02129862008218, 29.419221218383313, 45.37798452632536, 39.31077839510439, 19.89329995757504, 50.451597985992564, 31.14830075750787, 38.89859968857323, 73.70550681554168, 58.059746202816854, 59.412784287059786, 34.438027783723484, 61.01873045860693, 68.03394350078247, 88.25366856280185, 45.49294906869283, 36.56031275414013, 37.56250626884483, 17.104326337572157, 42.30649947294753, 67.5499484098589, 70.14618183806684, 14.826604167654747, 48.64019831527913, 69.89775379228365, 18.929566972831058, 43.28886064752875, 30.85151579950067, 37.80182707408816, 33.51569650867071, 55.45098916651684, 60.72469660154255, 20.3817333758751, 66.04249998659976, 19.906232827272294, 16.584001460584453, 32.353427950375995, 27.834716520738336, 57.31854537248851, 64.26764859272012, 51.35725346391627, 23.072642553769917, 22.845084537202254, 5.667685159448354, 79.54065431489676, 36.63944230685269, 58.04866214042092, 45.63145788369225, 51.579790366462305, 72.50040130111135, 15.540427560520303, 76.85355456316132, 38.74697641187972, 56.6638532494619, 43.42518169504234, 7.43699204395457, 39.12656996567672, 88.83739297518389, 36.84951393123213, 41.808272731617535, 43.55594454079004, 35.31867969909413, 39.14494400310114, 51.81386719657163, 60.505653356693784, 27.015305966088086], [73.7551564751616, 53.08950115608859, 13.995312079739918, 73.9895375230162, 0.0, 25.48524302167748, 53.566640850455485, 73.93754862558377, 75.06747161201488, 57.38444861396362, 84.6285313250612, 33.02969727842258, 47.58166560660606, 65.24574630703475, 100.39838703256291, 64.74608804143047, 34.99387090527724, 93.04250449497408, 39.89418620546895, 54.556789138990275, 44.25598837325087, 31.0324958668372, 40.12583955534196, 81.08242633438786, 92.45177916485373, 32.36572553489252, 88.21150153405175, 14.348125307716117, 30.932880930817902, 98.67987745118646, 37.06732475618916, 64.46881919538481, 44.52746418558736, 79.2427767465709, 35.975030781739775, 85.11755999132853, 34.757620985006675, 9.311900299731798, 66.43523489783992, 45.24348431278972, 66.67948712460453, 36.1885637881133, 47.09336764843017, 21.198839093069704, 60.67757624841581, 92.21640135981832, 75.66885698749252, 68.70393975962894, 90.2156876429024, 70.85079030533785, 51.49630698733862, 17.06119295490286, 17.521130280575658, 46.77136249468135, 95.90438710463658, 52.99411478336794, 77.20945374070759, 12.62524158713837, 93.99848409650757, 79.93197056613869, 29.65026481713953, 75.97214043427252, 16.715937383532466, 82.68234857474407, 81.11881783103894, 37.88701647425632, 78.03555355629214, 81.25293544331353, 74.41639227011349, 62.22803773423161, 14.895698632701743, 47.925424112821894, 60.12493814648722, 63.346195696861514, 109.12750397653157, 51.374740971097474, 73.27744464423921, 78.95434161212714, 100.95329367835431], [60.25843828150435, 28.537285700756968, 27.373977132151662, 64.25543575196616, 25.48524302167748, 0.0, 28.265182632981535, 73.62030284337197, 55.62637129993425, 49.86937352579528, 67.46227575088588, 38.38994306256477, 22.160817593683603, 39.76595658016832, 86.03084116619242, 71.81749586095705, 32.90154497119988, 84.14699827089413, 50.269466733997994, 56.12614791997052, 26.659559978270586, 10.939120696620394, 15.12002735279505, 90.2283892992573, 73.98722820582758, 48.1983029699506, 63.20850404609296, 34.15177660000353, 20.139997461217597, 80.80046719471945, 28.66464368251122, 50.332914441741075, 24.838964283119722, 53.95496797516764, 12.151595299902901, 71.85441628077552, 43.4556614313238, 31.05124924640873, 63.501712554820976, 24.825585961556243, 47.5280505434239, 31.47936861691948, 31.46673408494277, 13.998846457485428, 35.39995604821182, 84.38959120659062, 50.37334640005359, 66.15748410649468, 78.70291543291727, 51.17551252023818, 37.085272683384545, 18.723601927609007, 35.21249997560031, 57.55678085103596, 83.15906595008164, 48.70729536749712, 68.83844957532628, 20.688495997768275, 75.1752945012797, 55.54033601224925, 32.303949650742155, 83.53486917878816, 11.402246360531404, 76.63881887749947, 55.64081973151292, 39.1271038677575, 86.8755682801831, 85.20365895853435, 67.17372000047634, 67.23641017353756, 34.85640049181839, 51.59921108248344, 38.1779890426474, 69.9072334758478, 97.11085179385401, 31.261412853312883, 49.443872551616415, 54.23120202080252, 90.5735019856055], [51.3976845701912, 5.880186086697399, 54.712429332896626, 59.83993815795711, 53.566640850455485, 28.265182632981535, 0.0, 78.74494415776476, 37.92058016528696, 51.484510685970534, 51.846265921831275, 55.65922278749128, 6.294825583867021, 12.40964130800343, 72.5927948241108, 84.39634515520436, 46.30536564555113, 78.10276124528882, 68.49479526818452, 65.94301315366974, 25.139146456407193, 28.32210546994908, 13.517745197273808, 103.08971552202951, 55.61768863140777, 70.34657910421711, 35.0510636897884, 62.027955447695916, 33.543387646830716, 62.751105603749146, 38.21333798629813, 42.819126324934466, 21.011533189913493, 25.69608669859229, 21.689967765069646, 61.470007160688915, 61.79010779434845, 57.94227494323043, 67.34227573487708, 19.459065350581074, 32.145836807849356, 43.18132401092767, 29.716076004999277, 36.32639352908812, 7.134999684653708, 79.64781631480406, 22.11627316495732, 69.97412163847434, 69.87026310729456, 33.88906773143277, 34.09064346725725, 42.52309244882669, 60.12458401549265, 75.00554054968406, 72.2006260520897, 54.33714365598135, 65.40395957534263, 48.229876165811135, 56.14105743538985, 28.27984070098235, 49.70934346508799, 95.42642461707344, 39.116880824705476, 74.9500885535959, 28.437726086510466, 52.97611096432502, 99.6955460041125, 93.43982943311084, 65.40279101560219, 78.48145296674652, 62.72585255048087, 64.2503885581217, 19.54450698892909, 82.24182450572833, 85.95178544439945, 21.059888074174406, 23.5885539563622, 26.468676010489983, 82.03796629728848], [38.461479180916754, 73.1579012187869, 87.33020603601845, 27.330352781539084, 73.93754862558377, 73.62030284337197, 78.74494415776476, 0.0, 58.04382123779608, 27.309458385103014, 53.18032191978647, 40.92922493636405, 78.08418344734943, 88.25091223782287, 51.75771029983292, 21.49676933884174, 41.34760636370595, 31.47161928614645, 38.359321065499685, 19.40081172893417, 54.12709509613388, 84.38097698986984, 72.804916882082, 32.297348013416666, 61.488911343484176, 49.980483058293025, 93.6510886087087, 87.90118244233348, 53.539596307371326, 62.74214631399819, 45.16572807749281, 40.45973233947841, 58.245643965105074, 91.71853326670019, 82.77624247785774, 40.45870438823405, 40.50722772525707, 66.99779881681758, 11.447412857911052, 59.6689654314361, 55.27290519520604, 42.20000778917891, 49.11951900908721, 61.15496594877148, 81.49275923226357, 28.22294574537383, 89.68206590007313, 8.934960795992156, 37.28006237192688, 57.792537518770004, 44.74164982974335, 60.167065368542296, 59.25363994704086, 35.33835787719622, 44.046067035585985, 25.31649089052347, 23.55145172322625, 83.07169704259304, 63.67594149837496, 83.27440000545786, 44.77535749799715, 24.713832715915373, 78.49982136894548, 18.354600736892145, 100.31904285336822, 36.47704084199909, 29.755914156522582, 16.271540742277146, 20.086062415203006, 17.174407192642644, 88.33597635044279, 26.33766326414622, 63.79831728243476, 20.403052728901113, 50.838242076802594, 57.958399908659985, 76.36175969013378, 85.33311211257865, 40.582784401329114], [20.310209959879575, 32.78336163919675, 82.12524893646108, 31.708362126593045, 75.06747161201488, 55.62637129993425, 37.92058016528696, 58.04382123779608, 0.0, 35.04089654164698, 14.037561220142532, 58.035334935689086, 41.9353410995855, 40.47445426290943, 34.92988794682437, 72.54030744241713, 48.12988311741649, 44.901199131276634, 68.2300144605375, 54.66129768754876, 30.821141880865294, 61.49644726274331, 43.18570487696727, 88.93619816651606, 18.477028469487106, 75.75161166088614, 36.40483088336531, 87.64189886729098, 44.51292053827454, 25.489557669450942, 41.07168570900754, 18.72640692675516, 31.15787763053724, 37.0648169273331, 55.84971567078831, 26.27932961657518, 63.549104462947774, 74.86513909341745, 47.6690328932066, 30.895048307481193, 8.388694689865895, 44.876458526517645, 28.4597085866097, 53.86879619876086, 35.60944142394907, 47.505369984163806, 36.224688721848494, 49.55856898390821, 35.054597323294146, 4.461911712020613, 25.630639508052408, 58.63720582893857, 72.5334154092248, 72.05884392522533, 35.66319420859002, 41.89900801577888, 37.00951351405198, 75.51506759202357, 19.554737767531197, 26.750415782867325, 54.73033892774971, 80.88908962052867, 66.58779954083002, 46.689928699580726, 46.85509547539837, 51.978266858355305, 85.88968843441758, 74.31445414155235, 39.05458283148761, 65.93268419313657, 88.32784894328776, 57.35416814334584, 18.874216186769846, 70.44388162265942, 48.81340799651798, 24.426701487348296, 21.545328556135043, 29.52633367718457, 46.52336492690003], [20.575098772826596, 45.86129177705709, 69.00568189238318, 16.775605244772482, 57.38444861396362, 49.86937352579528, 51.484510685970534, 27.309458385103014, 35.04089654164698, 0.0, 35.854804732402215, 28.957814641746513, 51.11873657155491, 60.985643516123446, 45.292919673674575, 37.72990247813766, 22.557013727967522, 35.73629957150903, 35.67886913545672, 19.628580876109744, 27.254326883105158, 60.035888634271096, 46.4366100378554, 54.998130839501385, 45.01392647713907, 45.39837132769046, 68.30738009621062, 71.69431909391659, 30.144615827179116, 49.04686144768856, 21.750706285496413, 16.342414886662834, 31.283037336110773, 65.28441751182457, 57.41508673958157, 29.902221396134824, 32.802499896418496, 53.12307743968916, 15.872988061080024, 32.63306920174686, 30.0768287357747, 21.245073918798344, 22.034827423538882, 39.641969954655934, 54.2067255377822, 35.243768250414966, 63.009410535204005, 18.49033311085045, 33.31401922784734, 33.45918078830091, 17.434085760606852, 40.92969316936221, 47.57630522838794, 38.094165731628436, 39.573014157708, 7.366456516534313, 19.895297881898056, 63.55032562042191, 47.12601329291972, 57.72824352654395, 28.86322941007291, 46.949476949224945, 57.05744553086708, 26.794367448145277, 73.4896325213551, 22.2385405563519, 51.78753327108759, 42.60808476240469, 17.52976706007406, 31.13378914839766, 72.2646201520625, 23.089462318992855, 36.88628245055284, 35.59219313761305, 52.09424731540748, 30.649009686002678, 50.41209652644361, 59.41505463835365, 43.58877169072398], [15.741108174681482, 46.56360893255443, 93.02537581921568, 25.893539607618425, 84.6285313250612, 67.46227575088588, 51.846265921831275, 53.18032191978647, 14.037561220142532, 35.854804732402215, 0.0, 63.00301339200515, 55.591998883977055, 54.37301281867392, 20.897290217148768, 70.74804571749786, 54.078691774235345, 33.57791534268375, 71.37243768593618, 54.6554603166392, 41.30121226522228, 74.26175942266374, 56.12690313833901, 85.30515586505093, 9.160390882150654, 80.38803837965328, 47.00468122727293, 97.91612141710864, 53.6975333674748, 14.141401942749365, 48.47530686575124, 21.30524468666945, 42.62394609430364, 49.570745518591906, 68.93366690270364, 14.918493850716054, 67.79391485706053, 83.16089357928604, 44.44661944429443, 42.70355197867108, 20.451342791997973, 51.263451654276835, 37.624149895531225, 63.67664267443041, 49.64043542484898, 36.75218157064273, 49.21641123869909, 45.700888151737296, 23.123064850136203, 17.966043831884175, 33.20392936856868, 67.69930686923057, 79.61779483494658, 73.92188947069427, 22.283223360862547, 43.22079502465157, 29.96896755087312, 86.56324420741595, 11.293836056805224, 38.60984635970304, 60.92230637286611, 77.45499003065633, 77.97478416017965, 38.542275232902504, 59.53369911358895, 56.432838880925736, 82.53852644597578, 69.13537313464037, 33.11121279599463, 64.30586124670461, 98.5815557319204, 58.91588301520473, 32.52102525473342, 68.81634473098433, 34.92469244112165, 36.394472643197794, 34.70637128802704, 41.74885263318863, 33.57379368533121], [48.851328412560584, 51.83297051253074, 46.60102676983507, 45.392913440352736, 33.02969727842258, 38.38994306256477, 55.65922278749128, 40.92922493636405, 58.035334935689086, 28.957814641746513, 63.00301339200515, 0.0, 52.03140276973384, 67.79835895442005, 74.24992225168752, 33.82704010628676, 10.37385653107326, 62.70626334346397, 12.843764623111541, 21.534032501863834, 33.14856830950568, 49.157971602097724, 44.44656493829787, 51.931847487483374, 71.95055922229189, 17.71629301652212, 83.78066343307107, 46.98626664891569, 22.219401395307635, 76.86141858693607, 18.78036086715818, 41.75127276633825, 36.38664085127654, 77.56207907765229, 49.893501467888036, 58.83729660392139, 6.216086532880263, 26.30108711032768, 34.13717867059239, 37.908216127060314, 50.59003805913738, 13.881118417892502, 31.763739382914412, 24.40289978037937, 61.28603031523439, 61.26858128463383, 74.42153931694943, 36.194204000945, 61.957834899300956, 54.87218782641728, 32.64202353979652, 21.057310772040495, 19.29758088895373, 19.66874691701294, 68.41952445065816, 22.61236210474325, 47.30983246825447, 42.847650184991295, 73.90951981227113, 73.55878816439285, 6.2366769670487034, 45.53258936294913, 39.815821198829155, 51.123792753066084, 83.22897175058665, 6.732907577171215, 48.60823507782498, 48.93795042233758, 43.93139325512675, 30.070194363367655, 47.43180027049721, 14.991828931752876, 50.55477925281423, 32.0638527964107, 80.44722931341406, 41.00504492662345, 65.88079684132066, 74.03145897867304, 71.32418676696], [53.500138200686365, 9.274276719645805, 48.4227239706119, 61.05893438027936, 47.58166560660606, 22.160817593683603, 6.294825583867021, 78.08418344734943, 41.9353410995855, 51.11873657155491, 55.591998883977055, 52.03140276973384, 0.0, 17.755707886928953, 76.06498808212969, 82.14919407204472, 43.218428888066164, 79.94659776679708, 64.85901529299437, 64.0723614821779, 23.957382050191367, 22.145413921935138, 8.053728253379766, 100.9176191413503, 60.06385279098141, 65.88555449376022, 41.319001635613446, 55.764675612036335, 29.820320969397923, 67.18866818576778, 35.56531108344057, 44.36161406212167, 19.854367765622648, 31.835370771258205, 15.567325323695755, 64.11188006159333, 58.045433322100465, 52.32767516483811, 66.81137129906449, 18.486704978241068, 35.36591380955019, 40.32499838993664, 29.08432499459646, 31.23947853426326, 13.356944176151568, 81.21246207095496, 28.253522515546916, 69.48926944484742, 72.26032330874885, 37.688883091286364, 34.09936044718816, 37.376795732344306, 54.98116584238546, 71.60551177533108, 75.10364370916922, 53.14465585068595, 66.49059189921716, 41.95314791885776, 60.746731440474804, 34.509003847058565, 45.92413520299622, 93.4205159779807, 32.869414148209614, 75.77121742421879, 33.80388880951917, 49.98942054836225, 97.5117857820909, 92.23049979365999, 66.10826308074583, 76.4676929238358, 56.46145919902476, 61.741083867568506, 23.091973699558068, 80.0280600959905, 89.01585224545143, 21.939278578309317, 29.49450695509337, 32.75618981387708, 84.48244236768676], [57.32905980774466, 16.15109991413901, 65.08669580974075, 67.02129862008218, 65.24574630703475, 39.76595658016832, 12.40964130800343, 88.25091223782287, 40.47445426290943, 60.985643516123446, 54.37301281867392, 67.79835895442005, 17.755707886928953, 0.0, 75.21318360878348, 95.5126046910596, 58.21737892016236, 83.92527688112031, 80.60620537159875, 76.82597968160663, 36.1703479154581, 37.68601658063481, 25.65629614837581, 114.07402219145676, 56.17344622183219, 82.72835453929197, 25.572206869211765, 72.70683799399528, 45.80384568982333, 63.12148138285107, 49.94288312700579, 49.98392772875431, 32.21760767315855, 15.316296207287007, 31.12844494164148, 66.11124297030902, 73.96430782729675, 70.07188091296767, 76.80478031576494, 30.6270953038519, 36.936161616034624, 54.98553973899582, 40.098132658084744, 48.68839585640225, 6.8545522087514446, 85.93444357651236, 11.955168557151536, 79.35191934539598, 74.82121445308512, 37.262556601937945, 43.64448016407774, 54.87597314924253, 72.48803569316902, 86.98132264427788, 76.08095171695993, 64.68788486249723, 72.6847221464909, 58.84615108886059, 56.2131793157243, 22.007230362781247, 61.92924725084224, 106.28106663502655, 50.036204442184534, 82.49284500540107, 16.086453253448184, 64.79069482978133, 110.7008523817157, 103.48247341973257, 73.25614643459953, 89.41704045400509, 73.39211383495058, 75.67630734331789, 25.21762587206599, 93.33799512117194, 89.2699197393623, 30.46799704049534, 20.786289581683352, 19.129622422246708, 86.68567304221526], [26.646297337941565, 67.18725832216131, 110.20433341224505, 29.419221218383313, 100.39838703256291, 86.03084116619242, 72.5927948241108, 51.75771029983292, 34.92988794682437, 45.292919673674575, 20.897290217148768, 74.24992225168752, 76.06498808212969, 75.21318360878348, 0.0, 72.46705438275436, 67.03062154086226, 22.415418017737174, 79.87068172229574, 60.31798146778543, 59.38342468959202, 93.71584580199081, 75.92680048091852, 83.33684152540485, 21.05915998762992, 90.35329442988136, 65.5242772699561, 114.2947204365308, 70.01793625471228, 16.625437267129897, 63.34121651401078, 36.20638409638395, 61.44349471549306, 69.47649223359367, 88.76094280699691, 15.483559812749823, 77.88417340725063, 97.49255549388133, 46.905112386808625, 61.793381796640205, 40.699561858322966, 64.88865985189939, 54.87572002407525, 80.24854610608833, 70.53719727793096, 26.348346831243898, 69.47333441832642, 46.97475728433641, 14.506259628914485, 38.72757356402754, 49.60572656540834, 83.35175364519408, 92.62066353560824, 80.5945862694468, 7.789775756174777, 52.01207020169026, 29.76100417626023, 103.99830442779144, 22.23133130875761, 58.29549270777425, 73.7076486207359, 76.22512685749477, 95.90928126715161, 33.66026583345462, 79.45736426706698, 67.52623714002509, 81.15193197512464, 65.64230253516618, 33.79390534408396, 66.76450348980953, 114.92657794059978, 66.24729767698489, 53.12883417125407, 70.91888791576791, 14.514472093351928, 55.81363453179295, 55.22201105011636, 61.59247052587339, 17.088928910697717], [55.11478308213456, 79.47686256116795, 78.73261756949647, 45.37798452632536, 64.74608804143047, 71.81749586095705, 84.39634515520436, 21.49676933884174, 72.54030744241713, 37.72990247813766, 70.74804571749786, 33.82704010628676, 82.14919407204472, 95.5126046910596, 72.46705438275436, 0.0, 39.58811162300983, 52.92147233563785, 24.95756842103234, 18.863788846623684, 59.39083651134849, 82.7073667144883, 75.40986651236831, 18.777187106767173, 79.6199024683016, 35.03492200831652, 105.78517240675238, 77.43461219215776, 53.45209194837965, 81.91227339252688, 46.60470989758414, 53.83983002348641, 63.44447621230037, 101.99368259655492, 82.8129881672443, 59.81588730924205, 30.219103418846725, 56.30736919755771, 26.45017465041565, 65.02312206313732, 67.78635711753624, 42.035073593455714, 55.529102483585206, 57.96856535667116, 88.67113666617882, 49.718934435291416, 99.41372383548652, 25.723915874327577, 57.975935275765416, 71.17667430590987, 52.946033140092425, 54.87456115789621, 47.837221617335416, 18.87879005295082, 64.8966282579559, 31.776146822905684, 43.07166222046658, 75.86736308439787, 81.82076114786837, 95.17672533951911, 39.619267394682026, 11.72655057506674, 73.58509167906824, 39.67709451655739, 109.47621857022364, 32.92566092355303, 15.369950730608826, 17.858477852111843, 39.13428521880663, 6.609057440737004, 77.73319470397063, 20.553241033124124, 73.34810873471176, 2.1894022006409646, 72.32340362768603, 65.44379119112052, 87.70286432574629, 96.64653755654047, 62.068594388671805], [40.82467667323579, 42.11981899361574, 47.24081942046719, 39.31077839510439, 34.99387090527724, 32.90154497119988, 46.30536564555113, 41.34760636370595, 48.12988311741649, 22.557013727967522, 54.078691774235345, 10.37385653107326, 43.218428888066164, 58.21737892016236, 67.03062154086226, 39.58811162300983, 0.0, 58.071724167250395, 22.652776604385206, 23.234181525109666, 22.929846695765484, 43.831332383593406, 36.059881190490984, 58.30427019511014, 62.83594545437097, 27.848034334943762, 73.46290218703724, 49.3398350040994, 13.870647592883826, 68.12399808120759, 8.508485596352559, 32.79253497440776, 26.35632785857985, 67.42684167788815, 43.34821406765038, 51.55126667932469, 16.487024781657144, 30.625964249566877, 32.26678120112275, 27.911880992678974, 40.481972875841706, 3.5091607212052893, 21.392454719486814, 19.835815412341262, 51.58105668873598, 57.22716359625189, 64.34499339378665, 34.75047371619267, 55.775237850302176, 44.80029436215139, 22.551274056593698, 19.236351165266907, 25.733023013464006, 28.767946250045078, 61.82728285730247, 18.110179261126383, 42.25689593568353, 42.3097657659413, 64.71780937082254, 63.20749447146669, 6.848049082426263, 51.18888687112338, 37.168931028203005, 47.825311795941644, 73.391306048881, 6.7882737335679275, 54.90485520526823, 52.30218990323272, 39.42271810997493, 34.54551490542396, 49.88906797746277, 19.05254128899495, 40.19560645960304, 37.562667033431346, 74.61735304504977, 30.683741908009495, 55.52364929082039, 63.72665659475754, 66.1235693310191], [26.749828995277262, 72.25353579521344, 104.72342592558404, 19.89329995757504, 93.04250449497408, 84.14699827089413, 78.10276124528882, 31.47161928614645, 44.901199131276634, 35.73629957150903, 33.57791534268375, 62.70626334346397, 79.94659776679708, 83.92527688112031, 22.415418017737174, 52.92147233563785, 58.071724167250395, 0.0, 65.17843532513162, 44.56025129737814, 58.57894386788195, 93.52782774189967, 77.52217113822525, 61.740840150763376, 38.88028681722563, 76.52857987827427, 80.40012577747025, 107.3755200292357, 65.28601327855021, 37.17276587988964, 57.20130820431353, 35.60135978686358, 61.81522302040553, 81.96262873105641, 89.80623395257987, 18.851469520976632, 64.8637962434389, 88.27319307806742, 30.099758077738407, 62.69427220382, 46.989321287365016, 56.97526673779607, 53.24898099104977, 75.13920816031477, 78.07141494127929, 3.9330901338558744, 81.06675817511162, 29.15199381070616, 10.541928749880482, 47.10150434747431, 47.53900127602122, 76.66526153473201, 81.97146375331674, 64.25520606921218, 14.873453599980232, 40.39273629293282, 15.844948877784688, 99.17594199784794, 40.74805704932549, 71.43904035118913, 63.95778158696719, 55.03440629623202, 92.31516263516532, 13.343849192881311, 91.74669305539697, 56.3848474540004, 59.80207512437725, 43.835019615835826, 18.805450818317404, 47.980499062742226, 107.93591000227151, 51.43621078701948, 59.13848990817976, 51.6824169710045, 19.455787711884298, 58.04657892861651, 66.40245408439647, 74.35844154979252, 9.259690185541405], [56.25379854199943, 64.59920429726971, 53.88930716980285, 50.451597985992564, 39.89418620546895, 50.269466733997994, 68.49479526818452, 38.359321065499685, 68.2300144605375, 35.67886913545672, 71.37243768593618, 12.843764623111541, 64.85901529299437, 80.60620537159875, 79.87068172229574, 24.95756842103234, 22.652776604385206, 65.17843532513162, 0.0, 20.653246811097294, 45.574482754158105, 60.77372251834249, 57.22750588714469, 41.45588053680831, 80.50306965301279, 11.652144144501767, 95.9574913273301, 52.48631320624329, 35.05809854455049, 84.72404897011587, 31.15694241189408, 50.68757342251983, 48.988674711365164, 90.07754774195583, 62.0797318454262, 64.91428466523543, 6.897867173718999, 31.35089434382699, 35.11432479620429, 50.53389559782919, 61.32779936026354, 26.09617487795672, 43.63439928867617, 36.33026418904071, 74.05991805232307, 63.03779224120857, 86.99654398995241, 36.41164356862097, 66.46317720215197, 65.47589924809867, 43.63212227370127, 31.97533200352455, 22.8824329709818, 7.346104970893638, 73.29636202114614, 28.381278304757295, 50.9910297875552, 51.3680459962175, 82.57137974500874, 85.60464400201558, 18.95203460285768, 36.078380851780594, 50.05766441238685, 52.42403526566447, 95.96050604861509, 16.787931909073322, 38.30573916173669, 42.10941946235483, 47.15693588868383, 23.417695408648825, 52.792915881337116, 13.807528339063724, 62.59617696429138, 23.7252076123315, 84.0264185378718, 53.22662297172063, 77.90283331536737, 86.25535805785998, 74.27117340688106], [38.94792833481815, 60.87222956530758, 68.0294132233751, 31.14830075750787, 54.556789138990275, 56.12614791997052, 65.94301315366974, 19.40081172893417, 54.66129768754876, 19.628580876109744, 54.6554603166392, 21.534032501863834, 64.0723614821779, 76.82597968160663, 60.31798146778543, 18.863788846623684, 23.234181525109666, 44.56025129737814, 20.653246811097294, 0.0, 40.827351165454054, 67.04698335023643, 57.740565505535365, 37.249043976470595, 63.76939887620195, 32.15744251036458, 87.06149615635536, 68.50041445551021, 36.58263589222555, 67.04947518541363, 28.904499767021264, 35.970797815232046, 44.93403315696742, 83.13355818826216, 66.27395561731, 45.952490100967715, 21.442525855030805, 47.63001122179447, 14.468809555977355, 46.496347477066074, 49.350205442238085, 24.899448823697366, 36.75959657407673, 42.933916609591215, 69.97468612408403, 42.38471328025536, 80.55048695704116, 15.81515439692146, 46.44714633833631, 52.933474986351605, 34.084621839243866, 41.27948229320046, 40.012852070588096, 20.279282716601625, 53.386808473346505, 13.052956318027931, 30.83781097617131, 63.95569678674834, 65.93518846196532, 76.45085931745741, 25.67154315519432, 29.490415976310903, 59.89811443580286, 31.776897525306616, 90.6352904162292, 17.525013639361326, 33.88136982704753, 29.093259176748706, 26.887239387857036, 12.592727879776424, 68.9359957137184, 7.212524949273871, 54.48986573529908, 16.67446492671831, 63.548770051285494, 46.6288452632993, 68.93188071280363, 77.85066295542761, 53.69476417293356], [33.712331002512414, 20.086924850432922, 51.75008191099052, 38.89859968857323, 44.25598837325087, 26.659559978270586, 25.139146456407193, 54.12709509613388, 30.821141880865294, 27.254326883105158, 41.30121226522228, 33.14856830950568, 23.957382050191367, 36.1703479154581, 59.38342468959202, 59.39083651134849, 22.929846695765484, 58.57894386788195, 45.574482754158105, 40.827351165454054, 0.0, 35.10132404806183, 19.382353266938217, 78.02618914897721, 48.52723647442588, 49.870351873612684, 50.69088324292577, 56.92416448520629, 14.209770256451435, 55.0463308624758, 14.421362320597348, 23.79959799847873, 4.15610714933623, 44.505534193899486, 31.2493517137489, 45.25691471898927, 39.345054193184794, 44.57912876116209, 42.86426041596578, 5.6807811287560686, 22.4327261680732, 19.480670268478967, 5.430179979643388, 23.05920698179787, 29.35835727302218, 59.27899370493397, 41.45946218369487, 45.54728382632445, 52.368140173793485, 26.59738377120742, 11.063901445411089, 28.06930626438928, 43.407088767290595, 51.44933464180854, 56.571392954908234, 29.299145831650545, 43.98116611905854, 45.26385797237664, 49.95702960785947, 40.61529965205622, 28.015973334755046, 70.31752824554204, 36.73156287172466, 52.75326729708142, 50.76884700851723, 29.109533415822153, 74.63965995490301, 68.43109025082266, 43.0533489873749, 53.38896296231925, 57.60395206160759, 39.52340202028543, 17.846471974569035, 57.223625213420355, 70.56163432281129, 8.129314740892466, 33.010807858052054, 40.923164513692356, 64.40563356999014], [68.71988964522195, 30.74294749702251, 27.64134506039205, 73.70550681554168, 31.0324958668372, 10.939120696620394, 28.32210546994908, 84.38097698986984, 61.49644726274331, 60.035888634271096, 74.26175942266374, 49.157971602097724, 22.145413921935138, 37.68601658063481, 93.71584580199081, 82.7073667144883, 43.831332383593406, 93.52782774189967, 60.77372251834249, 67.04698335023643, 35.10132404806183, 0.0, 18.333103477782092, 101.06116614563662, 79.96769750209604, 57.82980931433484, 62.79588323133313, 35.49474355011187, 30.841390692084424, 86.97672167532458, 39.275108598490256, 58.84825532976795, 32.40237901878793, 52.83613771365796, 6.664901809419037, 80.15930428293622, 54.03145374519908, 38.46116465921456, 74.09672922289113, 31.937876027375978, 53.874416502431664, 42.330355510169966, 40.31920852225418, 24.77092960702523, 35.047848561378714, 94.0091757659042, 49.32003070079181, 76.77021070531856, 87.4557950746071, 57.05420544436683, 46.03336243937554, 28.864330431268368, 44.00649926101148, 68.09872747210159, 91.46406097789044, 59.32434787311195, 78.5240221627871, 21.816078506244928, 80.92659203864451, 56.601011604904116, 43.13600610573924, 94.42953327695477, 14.322490841990499, 86.68023006284933, 52.53236684561304, 50.06293200458628, 97.71836744045261, 96.13096721106295, 77.10698937157036, 78.1703072866171, 36.15632956967908, 62.53068140411499, 42.97896355924727, 80.81074117964233, 105.49114320728353, 37.96004793083283, 51.583365529054966, 54.69609390521076, 99.506952881812], [51.75353817909825, 13.46505957025297, 42.27336526826688, 58.059746202816854, 40.12583955534196, 15.12002735279505, 13.517745197273808, 72.804916882082, 43.18570487696727, 46.4366100378554, 56.12690313833901, 44.44656493829787, 8.053728253379766, 25.65629614837581, 75.92680048091852, 75.40986651236831, 36.059881190490984, 77.52217113822525, 57.22750588714469, 57.740565505535365, 19.382353266938217, 18.333103477782092, 0.0, 94.18335922487516, 61.64899231444552, 57.90565957010267, 48.16467562233561, 49.244794853603196, 22.35853810388544, 68.67356971405594, 28.885700327708275, 42.10549647312274, 15.753858339943898, 39.12673517086466, 12.837699222105172, 62.91835827338056, 50.37341434100397, 44.451514956085404, 61.7530630835546, 14.830195854293112, 35.68620483459633, 33.384192976355585, 24.804250327567956, 23.185780050227137, 20.57733844963811, 78.42460525899135, 35.55792296628761, 64.45498275074226, 70.62614023283223, 38.752791116551826, 30.32379795918319, 29.327303739947638, 46.93600222371565, 64.09169150604266, 74.14730786310294, 47.561857647454985, 63.2595149968528, 35.64090748325355, 62.594708222926094, 40.43393825932952, 38.276059333504016, 86.83877688487209, 26.37032325145031, 72.12946811912012, 41.74035871235385, 42.84735420411288, 90.7766384139405, 86.34780534669886, 62.42790959892963, 69.94175720094613, 49.948568321756376, 54.887787758621045, 24.659925524661794, 73.3231696645153, 88.17425743574118, 20.17173435707094, 34.49643074958513, 39.11597038546273, 82.81103586474612], [70.19095530370728, 98.0970959495325, 95.03071154527822, 59.412784287059786, 81.08242633438786, 90.2283892992573, 103.08971552202951, 32.297348013416666, 88.93619816651606, 54.998130839501385, 85.30515586505093, 51.931847487483374, 100.9176191413503, 114.07402219145676, 83.33684152540485, 18.777187106767173, 58.30427019511014, 61.740840150763376, 41.45588053680831, 37.249043976470595, 78.02618914897721, 101.06116614563662, 94.18335922487516, 0.0, 93.74344494990065, 49.4465857958651, 123.30057244908015, 92.81177340973831, 72.17480209437142, 95.0133223006081, 65.38054876403513, 70.50963868280827, 82.1065032472296, 120.02876693405157, 101.40653947194909, 72.74367497490333, 47.5989309012221, 72.1709747427244, 41.34611838078015, 83.67889474662155, 84.95144995207346, 60.80373798594521, 74.0045274290855, 76.2902454021089, 107.2232847596593, 58.00307678214106, 117.56548654649288, 39.72557301481384, 69.04483319432374, 88.04378000226836, 71.09477627021134, 72.80294767302544, 63.67094438646136, 34.34008059396685, 75.55031828442577, 49.76147003487856, 55.84870317238718, 92.7997806769381, 95.93551190720437, 112.72602612736846, 57.92951718846498, 8.06568800444613, 91.30462530512796, 49.70165527049777, 127.77748608360046, 51.59563015105504, 3.407237272521349, 17.971631834022414, 52.32316656783796, 24.657022794848857, 93.02654490924695, 39.30697189121252, 91.41097488804633, 20.88958860374698, 80.14511673790403, 83.84208926414722, 105.38944284604491, 114.38313817266834, 70.15790426231199], [24.823693501182692, 50.8182960841718, 100.20049049494813, 34.438027783723484, 92.45177916485373, 73.98722820582758, 55.61768863140777, 61.488911343484176, 18.477028469487106, 45.01392647713907, 9.160390882150654, 71.95055922229189, 60.06385279098141, 56.17344622183219, 21.05915998762992, 79.6199024683016, 62.83594545437097, 38.88028681722563, 80.50306965301279, 63.76939887620195, 48.52723647442588, 79.96769750209604, 61.64899231444552, 93.74344494990065, 0.0, 89.41081115580432, 44.48817549237391, 105.43539602595932, 61.566133531923604, 7.134823045370067, 56.874247344186145, 30.1992898