instance_id,num_cities,city_coordinates,distance_matrix,best_route,total_distance
2447,49,"[[31.979012212219704, 83.06954363478084], [2.844606481967027, 34.744796123407205], [80.9158708365618, 69.98151691557837], [34.63102916059473, 25.078375372677677], [50.858492659257024, 11.85001857391823], [39.279994759115255, 71.46704147926779], [67.81073081415592, 82.94218832970137], [99.52049022645456, 70.96377297659217], [76.0129012619002, 17.149788479595486], [0.8318862369259605, 39.63567423230479], [89.64186297379916, 85.26009688321662], [38.85057775714458, 39.36158560719758], [82.42434134643399, 95.95598828717455], [0.0706511609419258, 19.803169075016335], [69.82427582479774, 88.00275908937222], [53.3111215054725, 77.48944035479303], [88.83345432306606, 36.879101552695424], [59.7804878320357, 71.898956015967], [4.631449080877303, 4.622396338856594], [76.70662796431722, 63.20361347305911], [94.72950793145696, 29.10335389253069], [97.41443563507559, 28.835303754988495], [67.86811812966262, 25.22746424735114], [40.83286007127417, 73.72652028665921], [44.93649370732851, 18.4539996574949], [97.65283252895249, 36.8652433630386], [44.43028329272639, 54.53632402867999], [58.941643275689316, 18.488981042423024], [20.53478680906371, 16.221795815474515], [8.55562728319752, 51.37310374290458], [95.0315454532263, 82.51150552433816], [51.22374087327442, 21.97990227137472], [60.35713350125121, 25.34254907297987], [45.746151027030294, 3.692284503510812], [37.3491530107287, 36.64850262852551], [66.18201107361061, 71.51534905564453], [89.41116307012244, 19.423071602255458], [93.68473882481676, 75.79430883738132], [92.87094279250371, 2.455541229729641], [60.47888831139468, 75.68612466634417], [99.18747684299751, 5.947930409599933], [81.64040876537088, 15.663694957905584], [50.37322918341719, 10.859055820554008], [98.64299688512345, 24.163162730908873], [18.80631363725781, 22.78634183830597], [95.6464873500619, 57.776215605296876], [69.03747877180932, 94.82088321979012], [46.935019258702816, 53.68584490276207], [5.014491582596969, 85.66582030398486]]","[[0.0, 56.427784107591826, 50.65681173762718, 58.051776805693294, 73.67941050147525, 13.708479216118704, 35.83194492826302, 68.6177887692108, 79.27419191993798, 53.447586173672654, 57.70444420914578, 44.244818995891244, 52.065263729653914, 70.85744600897719, 38.165437147069895, 22.049862573599253, 73.25288067696769, 29.961710137921376, 83.07733823426936, 48.940931663155816, 82.76457181854178, 84.98910173585374, 68.07153642613892, 12.871779488277031, 65.90193358450615, 80.29874244716305, 31.1316362019448, 69.98308751841564, 67.82028961595354, 39.41217151277595, 63.05500261391596, 64.04922999652065, 64.32514025661493, 80.56229501658363, 46.73062657722716, 36.10186343507563, 85.7282062937977, 62.13312915141054, 101.0269498379305, 29.440750896194807, 102.29721865466779, 83.72456475526845, 74.51645300436738, 88.96093841490881, 61.705627025266615, 68.50766258773419, 38.877035969713894, 32.970955369059205, 27.089223416857173], [56.427784107591826, 0.0, 85.65482362430296, 33.223731831847424, 53.1930832429024, 51.73065650929413, 80.89243429538247, 103.23778756864763, 75.25412716249514, 5.288830821730995, 100.42688557036357, 36.3007536093474, 100.39792949662115, 15.19694202713984, 85.57269847655289, 66.13602459390381, 86.01533126545043, 67.98622053350955, 30.175350457841834, 79.1549272149246, 92.0579219015224, 94.75428584555183, 65.71633490264803, 54.430526632629345, 45.13443275024435, 94.83193566869944, 46.05510929999104, 58.404871894246845, 25.613356289500075, 17.58170563059005, 103.82721340710088, 50.03481947110271, 58.27600718770258, 52.96037199884314, 34.55702286964415, 73.23728820312793, 87.91202398894235, 99.68446287221082, 95.64171271514714, 70.69584729568349, 100.5545033518707, 81.07321924762442, 53.19303117619966, 96.38102805577874, 19.94444093475967, 95.61712909310152, 89.39033830784821, 47.98674637527373, 50.96723560238391], [50.65681173762718, 85.65482362430296, 0.0, 64.48704280234217, 65.44247154822281, 41.66236863124575, 18.431595115771433, 18.630531114602505, 53.05874706571481, 85.64061394871419, 17.594827211616636, 52.02950196943292, 26.018236802539555, 95.1515430059212, 21.16101721069938, 28.607535720529718, 34.03612832157315, 21.222181496059953, 100.45460489774277, 7.9785776071713554, 43.14905308263817, 44.33072859617196, 46.617261619821164, 40.25758068065654, 62.84584802029235, 37.105437077323295, 39.620096942490854, 55.98524740987752, 80.84542609880125, 74.71464306216777, 18.87466249815336, 56.44269297444421, 49.14569290258136, 75.04113222268212, 54.85570839554105, 14.81348252600353, 51.26720572289715, 14.029702050566154, 68.57609742320994, 21.218218688760924, 66.5894269901239, 54.32265399845374, 66.5456111632095, 49.128124105581456, 78.00629234919454, 19.13009260151558, 27.53343996740663, 37.6861672275885, 77.50494658687136], [58.051776805693294, 33.223731831847424, 64.48704280234217, 0.0, 20.936093121585564, 46.62103842992914, 66.70167502952796, 79.47396976801309, 42.13456809710951, 36.800774617704576, 81.53546124721477, 14.893444361937906, 85.4858859821336, 34.96065687257279, 72.09745263803187, 55.640503076200524, 55.47215546442253, 53.14754973882876, 36.310079636259495, 56.7793078057719, 60.233110517862656, 62.8957124087938, 33.237423345233694, 49.04186691202127, 12.25091642041077, 64.1145689903796, 31.04506596169137, 25.18781602864028, 16.647613939726188, 37.03159898156959, 83.34738632635113, 16.8795325035854, 25.727460665411108, 24.10209154347349, 11.88511850934521, 56.14140169703649, 55.071276831770845, 77.84244685454381, 62.47943793370386, 56.82654407273237, 67.33133640331339, 47.9428615973039, 21.213342737153848, 64.01851002753625, 15.98984174772299, 69.22452523454753, 77.76773865590789, 31.14121842910211, 67.43869646881629], [73.67941050147525, 53.1930832429024, 65.44247154822281, 20.936093121585564, 0.0, 60.73097260641032, 73.08539511451994, 76.56648070017056, 25.70664959114375, 57.22502958060611, 83.02523357589685, 30.01793365511686, 89.83438620455388, 51.40678405571675, 78.47891958415569, 65.6852272583788, 45.48134461651591, 60.70812866315492, 46.7886533378572, 57.49189340953877, 47.141739049700746, 49.557600214800104, 21.639857009442544, 62.68344895581337, 8.87032342921502, 53.0610187905471, 43.16760995280114, 10.460073926418733, 30.6372252780639, 57.89306245397598, 83.33249264952515, 10.136466345913533, 16.500683534729966, 9.62728737122169, 28.23945943437854, 61.601638599055555, 39.289432777514435, 76.96076674469363, 43.04999617617884, 64.55695511366012, 48.688041210667166, 31.017261109350297, 1.1033983050283158, 49.345439132129314, 33.866581560610385, 64.14966907310263, 84.93903646830451, 42.01940037818293, 86.89329674819177], [13.708479216118704, 51.73065650929413, 41.66236863124575, 46.62103842992914, 60.73097260641032, 0.0, 30.751941322157418, 60.24259766424678, 65.57187196941041, 49.91485740483563, 52.21653136172099, 32.1083275135132, 49.60990987904703, 64.857754642004, 34.733025533352645, 15.268981825526852, 60.43071191968772, 20.505042462766845, 75.29095763479464, 38.32801997873776, 69.78058854005432, 72.09076416124515, 54.36340037595166, 2.7416482558412456, 53.31396236960989, 67.85773811570806, 17.69674165972608, 56.50889584870046, 58.338837745909416, 36.711756843660766, 56.834985623653374, 50.90805455152338, 50.712075261154126, 68.08251508283179, 34.87203460594122, 26.90205968708176, 72.2613924359744, 54.57656474754597, 87.37606581787341, 21.61466517853896, 88.7787154952703, 70.06010389490302, 61.614834054790514, 75.90535531865915, 52.81081457630665, 58.00534630632451, 37.82736811895728, 19.35898633145921, 37.09083482550937], [35.83194492826302, 80.89243429538247, 18.431595115771433, 66.70167502952796, 73.08539511451994, 30.751941322157418, 0.0, 33.89677383406073, 66.30170041627939, 79.75976293952192, 21.953838649180895, 52.32551384116765, 19.568254958535206, 92.60266812499121, 5.44644286883799, 15.491001600359022, 50.633614004513475, 13.654222141410978, 100.6260972999658, 21.650596376948094, 60.19336055616105, 61.676043140796935, 57.71475261322532, 28.50849079308099, 68.42482883750209, 54.89659271955896, 36.79046687649343, 65.06056135157345, 81.77179011630547, 67.13996124598917, 27.22422151859377, 63.17854506678791, 58.07989803199892, 82.2641655743428, 55.41672182720215, 11.542330084881893, 67.09140677821189, 26.843182966490225, 84.29777331457286, 10.315346546383639, 83.1421430083777, 68.68519245523805, 74.16228458895608, 66.37471266540021, 77.58968211008339, 37.52539840017296, 11.941871831644628, 35.94063109715093, 62.85527688872688], [68.6177887692108, 103.23778756864763, 18.630531114602505, 79.47396976801309, 76.56648070017056, 60.24259766424678, 33.89677383406073, 0.0, 58.72437029351134, 103.54173230313378, 17.37734598953556, 68.40713797232024, 30.28017722303383, 111.837730134916, 34.237292497227074, 46.667870021274695, 35.72082813255199, 39.751004485742875, 115.78043178239119, 24.09755976932205, 42.133694322290786, 42.18107851747602, 55.6208827287937, 58.75262297064294, 75.74093325291776, 34.149639340429765, 57.48732015790309, 66.33435466172843, 96.10112074189539, 93.0505271952249, 12.38954204849257, 68.78950201411088, 60.125407112543165, 86.1227769972535, 71.01276610759787, 33.34304167882098, 52.5227797599509, 7.575623480881788, 68.83018449894047, 39.32616540645313, 65.01669541440475, 58.11880884815011, 77.64039085707779, 46.80883585320657, 93.99916581308763, 13.744801479377697, 38.70885811413369, 55.351229032648476, 95.64274136226808], [79.27419191993798, 75.25412716249514, 53.05874706571481, 42.13456809710951, 25.70664959114375, 65.57187196941041, 66.30170041627939, 58.72437029351134, 0.0, 78.47165143075108, 69.4605118623581, 43.29436706905258, 79.06657759173366, 75.98858979465702, 71.12272863881586, 64.4689413014467, 23.528968849708686, 57.10483860132801, 72.47238970338638, 46.059049634857004, 22.2080861693262, 24.38394842468404, 11.471108842660707, 66.62253282593329, 31.10376300858785, 29.274319573712184, 48.94093172539464, 17.123705380322956, 55.485875262328584, 75.64204598138262, 68.0724825602333, 25.25534541467507, 17.66987239104709, 33.12371632299631, 43.3022549331054, 55.24726761245543, 13.589747445682628, 61.24927436994553, 22.36323917700079, 60.56243235302341, 25.739902439292898, 5.820422206062677, 26.40011556186208, 23.69195319734559, 57.48360115216755, 45.12188253698179, 77.98368724967777, 46.69482456063715, 98.6672224903028], [53.447586173672654, 5.288830821730995, 85.64061394871419, 36.800774617704576, 57.22502958060611, 49.91485740483563, 79.75976293952192, 103.54173230313378, 78.47165143075108, 0.0, 99.8438776802714, 38.01967950264647, 99.14285907737502, 19.847109100692258, 84.25749057867459, 64.70686010020496, 88.04473112320534, 67.20012635011162, 35.21883454416064, 79.45076583805984, 94.48647062743363, 97.18455047327893, 68.56714155736172, 52.557242054715, 48.927290318506664, 96.86057468384578, 46.074391913398536, 61.83790500955784, 30.60088223358367, 14.050744722830851, 103.49837054490291, 53.39536775065079, 61.21722379117815, 57.52580678992324, 36.639240805719524, 72.71143295941945, 90.85613677332057, 99.64486484617267, 99.26505035373738, 69.6950488411394, 103.96483197376573, 84.28922293841849, 57.292568699242054, 99.02732945199907, 24.636964961075424, 96.5343867518115, 87.73488555886402, 48.19653691182209, 46.2197851018137], [57.70444420914578, 100.42688557036357, 17.594827211616636, 81.53546124721477, 83.02523357589685, 52.21653136172099, 21.953838649180895, 17.37734598953556, 69.4605118623581, 99.8438776802714, 0.0, 68.45749039597057, 12.903282968560566, 110.93967452499435, 20.0064728621849, 37.15246800040507, 48.38774879779482, 32.714244766334076, 117.17170827178276, 25.56968449498509, 56.386735271135656, 56.95761727230311, 63.859321525759604, 50.153186872295066, 80.38423146229664, 49.05341456466695, 54.66294133757489, 73.49071642144257, 97.68354513611158, 87.88234135799611, 6.050076998447637, 74.02928566346843, 66.69113821095218, 92.6290534536794, 71.39758127040808, 27.18975439429948, 65.83742947815836, 10.293006775253753, 82.86749298396197, 30.694299717854644, 79.88453226300143, 70.05485301104422, 84.12811962103478, 61.75642294127001, 94.44916685297486, 28.13217453377531, 22.714517025832162, 53.11127835244509, 84.62834395212178], [44.244818995891244, 36.3007536093474, 52.02950196943292, 14.893444361937906, 30.01793365511686, 32.1083275135132, 52.32551384116765, 68.40713797232024, 43.29436706905258, 38.01967950264647, 68.45749039597057, 0.0, 71.4254806636866, 43.432871929601504, 57.66570670432428, 40.77794297351256, 50.04448697793795, 38.687744944109795, 48.7622808980933, 44.7383820678005, 56.8127288143905, 59.50233658587408, 32.276787880543225, 34.42205947784902, 21.77534209138649, 58.855219741740655, 16.16804873892384, 28.970960201344813, 29.511321042253126, 32.58927112016044, 70.83937266890372, 21.335840294799226, 25.672267631085827, 36.32971197168831, 3.1008217488772383, 42.20037619537429, 54.349950578783286, 65.83409862649131, 65.42366506200248, 42.275950081465375, 68.97110804503829, 48.91379824689927, 30.743547292560212, 61.69380392796662, 26.00982949013623, 59.706565337940326, 63.142558425766055, 16.44817919280681, 57.349480193516754], [52.065263729653914, 100.39792949662115, 26.018236802539555, 85.4858859821336, 89.83438620455388, 49.60990987904703, 19.568254958535206, 30.28017722303383, 79.06657759173366, 99.14285907737502, 12.903282968560566, 71.4254806636866, 0.0, 112.1667605002822, 14.900184757992168, 34.47597659308722, 59.42352459578369, 33.03762860254121, 119.9731599368057, 33.247711233772776, 67.97567101683575, 68.7741900632178, 72.21085615881003, 47.15931045136163, 86.09237458780991, 61.02149686287073, 56.20620103400437, 80.94797292174857, 100.93492165721553, 86.27989633537986, 18.43083590482335, 80.28660393927957, 73.98121018028336, 99.28686056566623, 74.49262016233664, 29.345496055396286, 76.85117444840627, 23.093069731141927, 94.08222511035271, 29.87424108023799, 91.55573818482908, 80.29612019496972, 90.932731764282, 73.60200125563881, 96.95901510977684, 40.40445751375838, 13.434900561816173, 55.19290718910822, 78.09079585701558], [70.85744600897719, 15.19694202713984, 95.1515430059212, 34.96065687257279, 51.40678405571675, 64.857754642004, 92.60266812499121, 111.837730134916, 75.98858979465702, 19.847109100692258, 110.93967452499435, 43.432871929601504, 112.1667605002822, 0.0, 97.55384273247418, 78.50002278133955, 90.3903905024215, 79.24162802647118, 15.851080043120652, 88.07196781357322, 95.11462875257837, 97.761914018823, 68.01411254652514, 67.59649015402913, 44.88612352959796, 99.0625887989472, 56.339764073897705, 58.885658718907614, 20.775155408537625, 32.690298174381645, 113.79765773086787, 51.19938236469328, 60.540438417063534, 48.4335822512997, 40.907847201894384, 83.93367302728566, 89.34132046417953, 109.08072763338322, 94.40780856879097, 82.29252603516105, 100.08053143225531, 81.67472437426113, 51.09155035439676, 98.66872293815803, 18.97167278238965, 102.84304899233759, 101.90230981785493, 57.82996384618041, 66.04794005132591], [38.165437147069895, 85.57269847655289, 21.16101721069938, 72.09745263803187, 78.47891958415569, 34.733025533352645, 5.44644286883799, 34.237292497227074, 71.12272863881586, 84.25749057867459, 20.0064728621849, 57.66570670432428, 14.900184757992168, 97.55384273247418, 0.0, 19.5758559554545, 54.54335181400605, 18.979203109471328, 105.84134140906568, 25.73644097911462, 63.948498956803455, 65.28403088890089, 62.80576562252, 32.315834845254166, 73.86766300107081, 58.219189988330946, 42.01020271779732, 70.36047917374803, 87.07445329119682, 71.38332399738145, 25.798455531984782, 68.59298450200748, 63.37135554075423, 87.68131054375297, 60.76095175715472, 16.884927661615983, 71.32194394288243, 26.80238706030889, 88.59726486661707, 15.460781069732192, 87.15040151199528, 73.29775710815265, 79.55811818710039, 70.04293502391506, 82.8010479694214, 39.754629152467054, 6.863371347987671, 41.250074732534536, 64.85190372230612], [22.049862573599253, 66.13602459390381, 28.607535720529718, 55.640503076200524, 65.6852272583788, 15.268981825526852, 15.491001600359022, 46.667870021274695, 64.4689413014467, 64.70686010020496, 37.15246800040507, 40.77794297351256, 34.47597659308722, 78.50002278133955, 19.5758559554545, 0.0, 53.95401510939699, 8.550217296064996, 87.63171007681132, 27.4123069470761, 63.69219808787966, 65.66831294838391, 54.25145433416058, 13.033287223849769, 59.626484460193105, 60.137448546763906, 24.611274579774378, 59.268515878799555, 69.48390017498512, 51.818117498665984, 42.02160055194789, 55.54877114876749, 52.6207616383676, 74.18388632363595, 43.84936296673026, 14.189769734769067, 68.37335870845548, 40.409187647244, 84.82373180998367, 7.391131743940545, 84.98722035866935, 68.00714161420541, 66.69512241893369, 69.99050514645377, 64.67619928015947, 46.70004744343816, 23.402931966980617, 24.64276438034521, 48.98385092028538], [73.25288067696769, 86.01533126545043, 34.03612832157315, 55.47215546442253, 45.48134461651591, 60.43071191968772, 50.633614004513475, 35.72082813255199, 23.528968849708686, 88.04473112320534, 48.38774879779482, 50.04448697793795, 59.42352459578369, 90.3903905024215, 54.54335181400605, 53.95401510939699, 0.0, 45.50236332936626, 90.16913395424224, 28.98344088234893, 9.758365633013383, 11.761629278609812, 23.985536758591063, 60.51272028161701, 47.60701136542953, 8.819389093802641, 47.78513475042224, 35.09582453903051, 71.35427292397604, 81.57576609344737, 46.051412854427895, 40.453389042204435, 30.72446729667021, 54.38640024105866, 51.48481773769207, 41.38547477520162, 17.46558699348758, 39.21642920163687, 34.65952709500962, 48.06211040573955, 32.618141127702394, 22.401637917289232, 46.435241979505285, 16.05995720405985, 71.43112983145025, 21.97969050633719, 61.230145441467194, 45.14360954639841, 96.98331011780101], [29.961710137921376, 67.98622053350955, 21.222181496059953, 53.14754973882876, 60.70812866315492, 20.505042462766845, 13.654222141410978, 39.751004485742875, 57.10483860132801, 67.20012635011162, 32.714244766334076, 38.687744944109795, 33.03762860254121, 79.24162802647118, 18.979203109471328, 8.550217296064996, 45.50236332936626, 0.0, 86.9916775166715, 19.02900947806099, 55.25303219749318, 57.190839942218105, 47.36705508831081, 19.035561166508643, 55.46807660026918, 51.59142869789551, 23.17519727908684, 53.41656191542382, 68.11880222652047, 55.18420924307514, 36.81390050619641, 50.64711092719666, 46.55997796035609, 69.63557028103119, 41.78228387589368, 6.41300663592605, 60.26354918245506, 34.127291263515126, 76.92441788316744, 3.851027085852353, 76.82739460271804, 60.33457325182623, 61.76055319658323, 61.55485821976303, 63.96039260595414, 38.54635803982305, 24.720570948026605, 22.28729412222201, 56.46982289257014], [83.07733823426936, 30.175350457841834, 100.45460489774277, 36.310079636259495, 46.7886533378572, 75.29095763479464, 100.6260972999658, 115.78043178239119, 72.47238970338638, 35.21883454416064, 117.17170827178276, 48.7622808980933, 119.9731599368057, 15.851080043120652, 105.84134140906568, 87.63171007681132, 90.16913395424224, 86.9916775166715, 0.0, 92.87944020074866, 93.36475508127953, 95.89028876512322, 66.50898537715995, 78.01232020834206, 42.6123206679053, 98.45089620119585, 63.83844752221946, 56.05246974772276, 19.684060026196867, 46.915112888518905, 119.32682327891686, 49.72046527000002, 59.453146539476776, 41.12522126563268, 45.7833991149476, 90.90180858922298, 86.06195380277393, 113.99969097728157, 88.26609491502445, 90.38246485026447, 94.56531830815962, 77.79646615935052, 46.164990722838446, 96.02089705756148, 23.040306015734675, 105.39955262595062, 110.83277356521921, 64.78282206552294, 81.04432916342543], [48.940931663155816, 79.1549272149246, 7.9785776071713554, 56.7793078057719, 57.49189340953877, 38.32801997873776, 21.650596376948094, 24.09755976932205, 46.059049634857004, 79.45076583805984, 25.56968449498509, 44.7383820678005, 33.247711233772776, 88.07196781357322, 25.73644097911462, 27.4123069470761, 28.98344088234893, 19.02900947806099, 92.87944020074866, 0.0, 38.57009081878532, 40.12473067082627, 38.99111650248715, 37.385275051170055, 54.88050079353524, 33.65194237656972, 33.41981944403613, 48.11437450901837, 73.22954956287495, 69.17022375497464, 26.61949091247184, 48.464130031753534, 41.24034634559673, 67.08315293653149, 47.47825551437008, 13.410910076909904, 45.58663245684889, 21.13721500455009, 62.86185930391739, 20.4732171368723, 61.510989338242204, 47.79525128525095, 58.5952268294128, 44.78125808393476, 70.61162967648957, 19.702155241667622, 32.53409896669181, 31.25598508250779, 75.12864403601641], [82.76457181854178, 92.0579219015224, 43.14905308263817, 60.233110517862656, 47.141739049700746, 69.78058854005432, 60.19336055616105, 42.133694322290786, 22.2080861693262, 94.48647062743363, 56.386735271135656, 56.8127288143905, 67.97567101683575, 95.11462875257837, 63.948498956803455, 63.69219808787966, 9.758365633013383, 55.25303219749318, 93.36475508127953, 38.57009081878532, 0.0, 2.6982749396411, 27.139579632439986, 69.97196316813347, 50.91908297630205, 8.294139789918177, 56.363534037564946, 37.32875791692842, 75.30465577188623, 89.00494067397995, 53.40900567685843, 44.08509192822208, 34.57750391310829, 55.18234954330983, 57.87429827027736, 51.124719173456, 11.045028623027632, 46.70264249641835, 26.712547315586967, 57.81919644308322, 23.58065146449782, 18.760302483134005, 47.96179601008429, 6.302450674446882, 76.18553716505474, 28.687520807026146, 70.5611367766945, 53.745809248332385, 106.05704486276758], [84.98910173585374, 94.75428584555183, 44.33072859617196, 62.8957124087938, 49.557600214800104, 72.09076416124515, 61.676043140796935, 42.18107851747602, 24.38394842468404, 97.18455047327893, 56.95761727230311, 59.50233658587408, 68.7741900632178, 97.761914018823, 65.28403088890089, 65.66831294838391, 11.761629278609812, 57.190839942218105, 95.89028876512322, 40.12473067082627, 2.6982749396411, 0.0, 29.765775381191432, 72.22669876836069, 53.49491437264511, 8.033477652171696, 58.88856291798917, 39.839705641495385, 77.9075155947813, 91.67246178657528, 53.72906850116322, 46.69664668987935, 37.221539150151195, 57.461143840147734, 60.57131543379349, 52.88714977056008, 12.354856771564506, 47.106886934127274, 26.76817509841777, 59.65931675914328, 22.955947677588743, 20.550211726149154, 50.35891772295954, 4.830969312053942, 78.84051486572929, 28.99486195631569, 71.82860417776003, 56.26473916260876, 108.47791144803134], [68.07153642613892, 65.71633490264803, 46.617261619821164, 33.237423345233694, 21.639857009442544, 54.36340037595166, 57.71475261322532, 55.6208827287937, 11.471108842660707, 68.56714155736172, 63.859321525759604, 32.276787880543225, 72.21085615881003, 68.01411254652514, 62.80576562252, 54.25145433416058, 23.985536758591063, 47.36705508831081, 66.50898537715995, 38.99111650248715, 27.139579632439986, 29.765775381191432, 0.0, 55.525342096988496, 23.91106900991728, 31.97760332784176, 37.52787448717416, 11.184324263079821, 48.182427479429556, 64.81948808069569, 63.39805335328585, 16.958241448946897, 7.51186625315723, 30.873052895518086, 32.58599928857428, 46.31858414319577, 22.31129219218628, 56.77590753048097, 33.81865933240487, 50.99683449574527, 36.77774673923812, 16.76727981445289, 22.638955363724612, 30.79327686575782, 49.12249727636915, 42.79087532998361, 69.60324251487737, 35.328091625074315, 87.19732365701616], [12.871779488277031, 54.430526632629345, 40.25758068065654, 49.04186691202127, 62.68344895581337, 2.7416482558412456, 28.50849079308099, 58.75262297064294, 66.62253282593329, 52.557242054715, 50.153186872295066, 34.42205947784902, 47.15931045136163, 67.59649015402913, 32.315834845254166, 13.033287223849769, 60.51272028161701, 19.035561166508643, 78.01232020834206, 37.385275051170055, 69.97196316813347, 72.22669876836069, 55.525342096988496, 0.0, 55.42464565263679, 67.72933638041323, 19.524474032710927, 58.13014511338365, 60.9820064827727, 39.261877026376276, 54.90604213343071, 52.77956877297448, 52.174763280485124, 70.20637157513227, 37.241315878209356, 25.44540694805492, 72.86093645615311, 52.8923135934671, 88.24689518070775, 19.7435172888848, 89.43823871419482, 70.96863895819355, 63.58723717219465, 76.14813412444934, 55.498383113023664, 57.08717855075824, 35.220344455970675, 20.949105388809816, 37.75582612120116], [65.90193358450615, 45.13443275024435, 62.84584802029235, 12.25091642041077, 8.87032342921502, 53.31396236960989, 68.42482883750209, 75.74093325291776, 31.10376300858785, 48.927290318506664, 80.38423146229664, 21.77534209138649, 86.09237458780991, 44.88612352959796, 73.86766300107081, 59.626484460193105, 47.60701136542953, 55.46807660026918, 42.6123206679053, 54.88050079353524, 50.91908297630205, 53.49491437264511, 23.91106900991728, 55.42464565263679, 0.0, 55.83893152220216, 36.085875090002595, 14.005193255697987, 24.503592257894645, 49.06357972627453, 81.31960567602893, 7.208430215259038, 16.889293789365226, 14.783902707428448, 19.713134636813127, 57.156616485875965, 44.48522580996935, 75.26156030059225, 50.533771689477, 59.3049927329652, 55.67379041541708, 36.80982451607912, 9.340303235080093, 54.00910133102875, 26.486892971165094, 64.16961993257895, 80.07970021232273, 35.28848287707975, 78.17413311488016], [80.29874244716305, 94.83193566869944, 37.105437077323295, 64.1145689903796, 53.0610187905471, 67.85773811570806, 54.89659271955896, 34.149639340429765, 29.274319573712184, 96.86057468384578, 49.05341456466695, 58.855219741740655, 61.02149686287073, 99.0625887989472, 58.219189988330946, 60.137448546763906, 8.819389093802641, 51.59142869789551, 98.45089620119585, 33.65194237656972, 8.294139789918177, 8.033477652171696, 31.97760332784176, 67.72933638041323, 55.83893152220216, 0.0, 56.07946896230487, 42.85140826481708, 79.83323181673084, 90.27064858194977, 45.72146536618722, 48.75688598943263, 39.03513352951454, 61.60153231891164, 60.30406901679721, 46.80857215919717, 19.291305585710703, 39.1307795264861, 34.74038097595651, 53.749073981376085, 30.95537713276156, 26.568842081651045, 53.960010035266244, 12.74061528488152, 80.09362652222387, 21.0070031440316, 64.63508847253118, 53.43434493913125, 104.70605771903756], [31.1316362019448, 46.05510929999104, 39.620096942490854, 31.04506596169137, 43.16760995280114, 17.69674165972608, 36.79046687649343, 57.48732015790309, 48.94093172539464, 46.074391913398536, 54.66294133757489, 16.16804873892384, 56.20620103400437, 56.339764073897705, 42.01020271779732, 24.611274579774378, 47.78513475042224, 23.17519727908684, 63.83844752221946, 33.41981944403613, 56.363534037564946, 58.88856291798917, 37.52787448717416, 19.524474032710927, 36.085875090002595, 56.07946896230487, 0.0, 38.85859628092588, 45.15526352930801, 36.013843260312655, 57.819533999770826, 33.257655713207534, 33.255692050066415, 50.861064313786706, 19.238413669386812, 27.593929628089917, 57.06329855091068, 53.64609312792167, 71.12598280322607, 26.549421652046675, 73.20643578254929, 53.811473949000515, 44.07972735832484, 62.14134889324252, 40.80011262231322, 51.31857807335335, 47.205505807774735, 2.64518751752649, 50.22599102546935], [69.98308751841564, 58.404871894246845, 55.98524740987752, 25.18781602864028, 10.460073926418733, 56.50889584870046, 65.06056135157345, 66.33435466172843, 17.123705380322956, 61.83790500955784, 73.49071642144257, 28.970960201344813, 80.94797292174857, 58.885658718907614, 70.36047917374803, 59.268515878799555, 35.09582453903051, 53.41656191542382, 56.05246974772276, 48.11437450901837, 37.32875791692842, 39.839705641495385, 11.184324263079821, 58.13014511338365, 14.005193255697987, 42.85140826481708, 38.85859628092588, 0.0, 38.47371508577349, 60.167400919235035, 73.49397716970834, 8.470687606088847, 6.998214581458054, 19.825822660083414, 28.21354036767703, 53.51839525362076, 30.483834431995593, 67.01479897771402, 37.526904454390625, 57.2177975898694, 42.15453795859354, 22.873919563881625, 11.47316342374502, 40.10478545330067, 40.36473702373831, 53.765531505996236, 76.99665696885714, 37.188415479669445, 86.14444510764179], [67.82028961595354, 25.613356289500075, 80.84542609880125, 16.647613939726188, 30.6372252780639, 58.338837745909416, 81.77179011630547, 96.10112074189539, 55.485875262328584, 30.60088223358367, 97.68354513611158, 29.511321042253126, 100.93492165721553, 20.775155408537625, 87.07445329119682, 69.48390017498512, 71.35427292397604, 68.11880222652047, 19.684060026196867, 73.22954956287495, 75.30465577188623, 77.9075155947813, 48.182427479429556, 60.9820064827727, 24.503592257894645, 79.83323181673084, 45.15526352930801, 38.47371508577349, 0.0, 37.136433753864395, 99.72007150905992, 31.224472637863954, 40.85348744057319, 28.153179917153093, 26.45700780492832, 71.70108864571971, 68.95073149371198, 94.33875019127734, 73.63442963573564, 71.63475169575788, 79.32085450845884, 61.10817057672687, 30.316523936307952, 78.51087688831043, 6.788290211203776, 85.8401850081264, 92.35977299898605, 45.8315093293868, 71.15723505784574], [39.41217151277595, 17.58170563059005, 74.71464306216777, 37.03159898156959, 57.89306245397598, 36.711756843660766, 67.13996124598917, 93.0505271952249, 75.64204598138262, 14.050744722830851, 87.88234135799611, 32.58927112016044, 86.27989633537986, 32.690298174381645, 71.38332399738145, 51.818117498665984, 81.57576609344737, 55.18420924307514, 46.915112888518905, 69.17022375497464, 89.00494067397995, 91.67246178657528, 64.81948808069569, 39.261877026376276, 49.06357972627453, 90.27064858194977, 36.013843260312655, 60.167400919235035, 37.136433753864395, 0.0, 91.91128597104655, 51.812432968175216, 57.97400989135558, 60.469790636981145, 32.34008351565551, 61.04514849681815, 86.93918691349262, 88.56275114364925, 97.47820449548826, 57.33365523168664, 101.37839280138046, 81.34216102410356, 58.22456447015963, 94.10693413171153, 30.369055416978785, 87.32592827281289, 74.46988586645323, 38.449011691875505, 34.475064194119454], [63.05500261391596, 103.82721340710088, 18.87466249815336, 83.34738632635113, 83.33249264952515, 56.834985623653374, 27.22422151859377, 12.38954204849257, 68.0724825602333, 103.49837054490291, 6.050076998447637, 70.83937266890372, 18.43083590482335, 113.79765773086787, 25.798455531984782, 42.02160055194789, 46.051412854427895, 36.81390050619641, 119.32682327891686, 26.61949091247184, 53.40900567685843, 53.72906850116322, 63.39805335328585, 54.90604213343071, 81.31960567602893, 45.72146536618722, 57.819533999770826, 73.49397716970834, 99.72007150905992, 91.91128597104655, 0.0, 74.7208052318056, 66.86257866663964, 92.95977466665754, 73.69310301861107, 30.874116845743465, 63.33829167946748, 6.850884572490753, 80.08511486535532, 35.220334175269244, 76.67628577380786, 68.17589250841152, 84.43008208338789, 58.46000075422924, 96.83687904265335, 24.742932746857417, 28.761298334519648, 56.07311782174027, 90.07230256453357], [64.04922999652065, 50.03481947110271, 56.44269297444421, 16.8795325035854, 10.136466345913533, 50.90805455152338, 63.17854506678791, 68.78950201411088, 25.25534541467507, 53.39536775065079, 74.02928566346843, 21.335840294799226, 80.28660393927957, 51.19938236469328, 68.59298450200748, 55.54877114876749, 40.453389042204435, 50.64711092719666, 49.72046527000002, 48.464130031753534, 44.08509192822208, 46.69664668987935, 16.958241448946897, 52.77956877297448, 7.208430215259038, 48.75688598943263, 33.257655713207534, 8.470687606088847, 31.224472637863954, 51.812432968175216, 74.7208052318056, 0.0, 9.732741361462665, 19.090336669298644, 20.190889648386115, 51.74466480231071, 38.27292250548513, 68.54871772026328, 45.99663141780672, 54.497853884710565, 50.572167147058735, 31.065546196466794, 11.15332219194422, 47.46948985349901, 32.427456474067526, 57.05047285379209, 74.98758406193063, 31.994685984271193, 78.68412086097366], [64.32514025661493, 58.27600718770258, 49.14569290258136, 25.727460665411108, 16.500683534729966, 50.712075261154126, 58.07989803199892, 60.125407112543165, 17.66987239104709, 61.21722379117815, 66.69113821095218, 25.672267631085827, 73.98121018028336, 60.540438417063534, 63.37135554075423, 52.6207616383676, 30.72446729667021, 46.55997796035609, 59.453146539476776, 41.24034634559673, 34.57750391310829, 37.221539150151195, 7.51186625315723, 52.174763280485124, 16.889293789365226, 39.03513352951454, 33.255692050066415, 6.998214581458054, 40.85348744057319, 57.97400989135558, 66.86257866663964, 9.732741361462665, 0.0, 26.119241275159546, 25.635751443100315, 46.53876509934631, 29.65091647344577, 60.46576998540771, 39.76132445788162, 50.34372282378985, 43.404455959449905, 23.380719042603854, 17.591188766559537, 38.30402442554036, 41.62937456648404, 47.92996160853992, 70.01847834559047, 31.36073291928251, 81.86394240778891], [80.56229501658363, 52.96037199884314, 75.04113222268212, 24.10209154347349, 9.62728737122169, 68.08251508283179, 82.2641655743428, 86.1227769972535, 33.12371632299631, 57.52580678992324, 92.6290534536794, 36.32971197168831, 99.28686056566623, 48.4335822512997, 87.68131054375297, 74.18388632363595, 54.38640024105866, 69.63557028103119, 41.12522126563268, 67.08315293653149, 55.18234954330983, 57.461143840147734, 30.873052895518086, 70.20637157513227, 14.783902707428448, 61.60153231891164, 50.861064313786706, 19.825822660083414, 28.153179917153093, 60.469790636981145, 92.95977466665754, 19.090336669298644, 26.119241275159546, 0.0, 34.0091441937212, 70.83496637315724, 46.41218524772792, 86.58412159910232, 47.14101752046167, 73.4858256351638, 53.4889076671231, 37.837975723524316, 8.530677779409196, 56.71977747784125, 33.020264446122, 73.58746611057083, 94.05800046836727, 50.00769429863632, 91.535395627751], [46.73062657722716, 34.55702286964415, 54.85570839554105, 11.88511850934521, 28.23945943437854, 34.87203460594122, 55.41672182720215, 71.01276610759787, 43.3022549331054, 36.639240805719524, 71.39758127040808, 3.1008217488772383, 74.49262016233664, 40.907847201894384, 60.76095175715472, 43.84936296673026, 51.48481773769207, 41.78228387589368, 45.7833991149476, 47.47825551437008, 57.87429827027736, 60.57131543379349, 32.58599928857428, 37.241315878209356, 19.713134636813127, 60.30406901679721, 19.238413669386812, 28.21354036767703, 26.45700780492832, 32.34008351565551, 73.69310301861107, 20.190889648386115, 25.635751443100315, 34.0091441937212, 0.0, 45.24412319679316, 54.83765463133159, 68.60096480923409, 65.20604074616983, 45.375330185536484, 69.03986840191695, 49.01099355548746, 28.891558054441848, 62.552529998855334, 23.151595923483168, 62.00773699064361, 66.24330798801721, 19.54890952185153, 58.721612390744255], [36.10186343507563, 73.23728820312793, 14.81348252600353, 56.14140169703649, 61.601638599055555, 26.90205968708176, 11.542330084881893, 33.34304167882098, 55.24726761245543, 72.71143295941945, 27.18975439429948, 42.20037619537429, 29.345496055396286, 83.93367302728566, 16.884927661615983, 14.189769734769067, 41.38547477520162, 6.41300663592605, 90.90180858922298, 13.410910076909904, 51.124719173456, 52.88714977056008, 46.31858414319577, 25.44540694805492, 57.156616485875965, 46.80857215919717, 27.593929628089917, 53.51839525362076, 71.70108864571971, 61.04514849681815, 30.874116845743465, 51.74466480231071, 46.53876509934631, 70.83496637315724, 45.24412319679316, 0.0, 57.0368203247509, 27.8336043402698, 74.03753192299182, 7.065477933990907, 73.40604306567579, 57.951439366508396, 62.682561321893964, 57.41032267447833, 67.96302562399852, 32.51029298871394, 23.479812998650846, 26.236194698560624, 62.78296964331681], [85.7282062937977, 87.91202398894235, 51.26720572289715, 55.071276831770845, 39.289432777514435, 72.2613924359744, 67.09140677821189, 52.5227797599509, 13.589747445682628, 90.85613677332057, 65.83742947815836, 54.349950578783286, 76.85117444840627, 89.34132046417953, 71.32194394288243, 68.37335870845548, 17.46558699348758, 60.26354918245506, 86.06195380277393, 45.58663245684889, 11.045028623027632, 12.354856771564506, 22.31129219218628, 72.86093645615311, 44.48522580996935, 19.291305585710703, 57.06329855091068, 30.483834431995593, 68.95073149371198, 86.93918691349262, 63.33829167946748, 38.27292250548513, 29.65091647344577, 46.41218524772792, 54.83765463133159, 57.0368203247509, 0.0, 56.53299777253946, 17.316672967691765, 63.26616522918848, 16.647995108952568, 8.632353979008176, 39.9662688832971, 10.377630726506649, 70.68490892770667, 38.85669728366057, 78.10196545926725, 54.57252447276294, 107.28886202087226], [62.13312915141054, 99.68446287221082, 14.029702050566154, 77.84244685454381, 76.96076674469363, 54.57656474754597, 26.843182966490225, 7.575623480881788, 61.24927436994553, 99.64486484617267, 10.293006775253753, 65.83409862649131, 23.093069731141927, 109.08072763338322, 26.80238706030889, 40.409187647244, 39.21642920163687, 34.127291263515126, 113.99969097728157, 21.13721500455009, 46.70264249641835, 47.106886934127274, 56.77590753048097, 52.8923135934671, 75.26156030059225, 39.1307795264861, 53.64609312792167, 67.01479897771402, 94.33875019127734, 88.56275114364925, 6.850884572490753, 68.54871772026328, 60.46576998540771, 86.58412159910232, 68.60096480923409, 27.8336043402698, 56.53299777253946, 0.0, 73.3432825703305, 33.206026744170956, 70.0628054332224, 61.32500804813214, 78.05430130221158, 51.86867620501319, 91.74215565346131, 18.124572850039495, 31.136762208841034, 51.713832357104, 89.21804461336099], [101.0269498379305, 95.64171271514714, 68.57609742320994, 62.47943793370386, 43.04999617617884, 87.37606581787341, 84.29777331457286, 68.83018449894047, 22.36323917700079, 99.26505035373738, 82.86749298396197, 65.42366506200248, 94.08222511035271, 94.40780856879097, 88.59726486661707, 84.82373180998367, 34.65952709500962, 76.92441788316744, 88.26609491502445, 62.86185930391739, 26.712547315586967, 26.76817509841777, 33.81865933240487, 88.24689518070775, 50.533771689477, 34.74038097595651, 71.12598280322607, 37.526904454390625, 73.63442963573564, 97.47820449548826, 80.08511486535532, 45.99663141780672, 39.76132445788162, 47.14101752046167, 65.20604074616983, 74.03753192299182, 17.316672967691765, 73.3432825703305, 0.0, 80.07473723949455, 7.2177132524590295, 17.33724947740317, 43.32060386788412, 22.46191086454105, 76.80436670717225, 55.3902578163212, 95.39072495880593, 68.8088154623688, 121.0070517069735], [29.440750896194807, 70.69584729568349, 21.218218688760924, 56.82654407273237, 64.55695511366012, 21.61466517853896, 10.315346546383639, 39.32616540645313, 60.56243235302341, 69.6950488411394, 30.694299717854644, 42.275950081465375, 29.87424108023799, 82.29252603516105, 15.460781069732192, 7.391131743940545, 48.06211040573955, 3.851027085852353, 90.38246485026447, 20.4732171368723, 57.81919644308322, 59.65931675914328, 50.99683449574527, 19.7435172888848, 59.3049927329652, 53.749073981376085, 26.549421652046675, 57.2177975898694, 71.63475169575788, 57.33365523168664, 35.220334175269244, 54.497853884710565, 50.34372282378985, 73.4858256351638, 45.375330185536484, 7.065477933990907, 63.26616522918848, 33.206026744170956, 80.07473723949455, 0.0, 79.7607081481874, 63.643554394993565, 65.61000839466257, 64.1179755593365, 67.34233811819367, 39.46548954110987, 20.961594776346896, 25.835028519286453, 56.35506746965539], [102.29721865466779, 100.5545033518707, 66.5894269901239, 67.33133640331339, 48.688041210667166, 88.7787154952703, 83.1421430083777, 65.01669541440475, 25.739902439292898, 103.96483197376573, 79.88453226300143, 68.97110804503829, 91.55573818482908, 100.08053143225531, 87.15040151199528, 84.98722035866935, 32.618141127702394, 76.82739460271804, 94.56531830815962, 61.510989338242204, 23.58065146449782, 22.955947677588743, 36.77774673923812, 89.43823871419482, 55.67379041541708, 30.95537713276156, 73.20643578254929, 42.15453795859354, 79.32085450845884, 101.37839280138046, 76.67628577380786, 50.572167147058735, 43.404455959449905, 53.4889076671231, 69.03986840191695, 73.40604306567579, 16.647995108952568, 70.0628054332224, 7.2177132524590295, 79.7607081481874, 0.0, 20.057309861468873, 49.060675977537876, 18.223368155853745, 82.1259002857816, 51.949