instance_id,num_cities,city_coordinates,distance_matrix,best_route,total_distance
1060,26,"[[0.5351419771181254, 8.671120414006916], [12.420960261712688, 8.500104041950362], [94.87977157121507, 44.568546879087215], [4.793043284768261, 50.03072078004519], [35.41040945993602, 55.95871362783651], [68.3342224206036, 24.614068030315316], [65.76025775005817, 65.72329474171887], [22.858184298646268, 33.74819080256138], [62.03383637956824, 95.04912719582721], [17.735363484972932, 80.63253603772039], [0.17796319084687484, 11.651012645204506], [81.90572211679915, 15.984236582320133], [98.88800591605846, 88.23682963313689], [41.544623167305225, 63.35565225130478], [51.98331603861771, 26.944915208461396], [30.08059125097692, 98.2567406461375], [8.531105091166157, 95.53151008459541], [19.457427481607105, 90.66211989079508], [46.86135772236977, 54.74263498819679], [77.45394159939354, 44.732504759785165], [47.114696188432724, 34.625824433527484], [11.93211097717819, 65.8542573126587], [75.29745434443659, 94.93600058464673], [2.6221545363256493, 98.78848373129647], [43.977126220415606, 65.34405556936265], [75.98167739799256, 75.01354408215202]]","[[0.0, 11.887048535860945, 100.94322344795216, 41.57819459745796, 58.757133643113654, 69.6483516508364, 86.65602300540377, 33.57346687134428, 106.03419009360208, 73.9884650367076, 3.00122215021047, 81.69854943852735, 126.50686909624653, 68.3533142558044, 54.59712621056341, 94.331950712204, 87.22764882677792, 84.14616380986165, 65.33530990540561, 84.95248775795619, 53.32261744574917, 58.30782149899173, 114.15354966606752, 90.1415264607975, 71.40747561787956, 100.46639679602787], [11.887048535860945, 0.0, 90.00215625901374, 42.22531520372204, 52.733617344757, 58.18893984828375, 78.2277074342096, 27.320350119800544, 99.76056778896154, 72.32793808234675, 12.64196196416086, 69.8866537325969, 117.62013174705636, 62.10731768791335, 43.65078525738867, 91.47740913019503, 87.11829090958787, 82.46277171719647, 57.65858691957854, 74.44511752589892, 43.43050285838115, 57.35623654863431, 106.88600338339218, 90.81854491551493, 65.01558609490496, 92.00001341771468], [100.94322344795216, 90.00215625901374, 0.0, 90.25216871123044, 60.550317327713046, 33.209146418322995, 35.99263038890137, 72.82986433382294, 60.2257789300288, 85.15791808757817, 100.25964577311659, 31.39090241435398, 43.85185128647153, 56.547266808696364, 46.375621726527704, 84.15079274815584, 100.26622472980972, 88.39201016470248, 49.084418478891074, 17.42660128635175, 48.788934769600345, 85.63524897310332, 54.0402400138255, 107.01060439607785, 54.97909661906948, 35.83344552334608], [41.57819459745796, 42.22531520372204, 90.25216871123044, 0.0, 31.185961756979243, 68.436011594574, 62.95441300813832, 24.320158353081425, 72.82283508857799, 33.2261154700562, 38.65618916536995, 84.29429590949727, 101.55574206453416, 39.09261340171901, 52.534524471738344, 54.45373333636578, 45.65407904454455, 43.19669845682125, 42.331373886585496, 72.8538072916279, 45.0381298007056, 17.35945263871432, 83.59040694481776, 48.80606730692943, 42.07006748125572, 75.44509982133243], [58.757133643113654, 52.733617344757, 60.550317327713046, 31.185961756979243, 0.0, 45.45837950810859, 31.88197508880243, 25.512069313793088, 47.29553143650623, 30.35135520090572, 56.60828240169968, 61.31698715789918, 71.21293439185017, 9.609541029988527, 33.41349624307287, 42.63249994759248, 47.83830288332813, 38.194555112644515, 11.515340349582484, 43.516506756755106, 24.33274520475507, 25.47846707444726, 55.76921416096601, 53.93939996005602, 12.707213676241206, 44.82314520138323], [69.6483516508364, 58.18893984828375, 33.209146418322995, 68.436011594574, 45.45837950810859, 0.0, 41.1897294836321, 46.38428874185936, 70.71628117990392, 75.48717297319139, 69.37806913651639, 16.082897587954815, 70.57895918654934, 47.10194238143841, 16.516203803548148, 82.9854416609504, 92.76689296209416, 82.16621104854075, 36.99749268915671, 22.088928772977443, 23.462812273788654, 69.87096240442155, 70.66583896764422, 99.09550852692523, 47.457349485998094, 50.976374468285336], [86.65602300540377, 78.2277074342096, 35.99263038890137, 62.95441300813832, 31.88197508880243, 41.1897294836321, 0.0, 53.50696383042368, 29.561641790619102, 50.28594182467913, 84.99911205875144, 52.29388038959963, 40.05380071674887, 24.331105384010705, 41.15296881326778, 48.285232772571305, 64.52678216044922, 52.591796800310824, 21.857339977206294, 24.028223114368142, 36.2589247705611, 53.82830608701798, 30.730120428420953, 71.2722021572536, 21.786432511716036, 13.812536060644243], [33.57346687134428, 27.320350119800544, 72.82986433382294, 24.320158353081425, 25.512069313793088, 46.38428874185936, 53.50696383042368, 0.0, 72.74982143384732, 47.16338750788138, 31.665086641546377, 61.6617368545926, 93.53900542973729, 35.01120921977638, 29.90916009653177, 64.91160270018156, 63.4227383524487, 57.01544063838437, 31.889167770155222, 55.689782441242855, 24.27238368701258, 33.91428290524347, 80.58427333459043, 68.11561204890691, 38.0040573920346, 67.2676363518573], [106.03419009360208, 99.76056778896154, 60.2257789300288, 72.82283508857799, 47.29553143650623, 70.71628117990392, 29.561641790619102, 72.74982143384732, 0.0, 46.58532817758397, 103.83349439625908, 81.52391532844457, 37.478489968340504, 37.73969014335762, 68.84182340368334, 32.1138390463435, 53.50490583647761, 42.80182738786733, 43.06759132673796, 52.6264395371917, 62.23790051686587, 57.98726856639857, 13.26410038970361, 59.52924261858232, 34.76256696656672, 24.412432483884643], [73.9884650367076, 72.32793808234675, 85.15791808757817, 33.2261154700562, 30.35135520090572, 75.48717297319139, 50.28594182467913, 47.16338750788138, 46.58532817758397, 0.0, 71.180846262463, 91.08917361252267, 81.50813857911929, 29.417198370851775, 63.68110304025039, 21.517835315706524, 17.51278961871632, 10.176347904546127, 38.96935355726339, 69.67869701540697, 54.58720273774761, 15.876878211564032, 59.31259058714539, 23.623029470780054, 30.37050784057823, 58.516716885440225], [3.00122215021047, 12.64196196416086, 100.25964577311659, 38.65618916536995, 56.60828240169968, 69.37806913651639, 84.99911205875144, 31.665086641546377, 103.83349439625908, 71.180846262463, 0.0, 81.84255255518222, 124.9362233242312, 66.21608803308025, 54.015720297858046, 91.62270072134999, 84.29539032643798, 81.329286308887, 63.531309140744874, 84.05927646325081, 52.25800303489915, 55.463066293370574, 112.15759968565341, 87.17174392320499, 69.29148245308531, 98.79784146274038], [81.69854943852735, 69.8866537325969, 31.39090241435398, 84.29429590949727, 61.31698715789918, 16.082897587954815, 52.29388038959963, 61.6617368545926, 81.52391532844457, 91.08917361252267, 81.84255255518222, 0.0, 74.22152764262884, 62.23398855042608, 31.866704590420703, 97.2348143114926, 108.22016053076294, 97.34770545974855, 52.25247288691907, 29.090913924773844, 39.47054956245918, 85.92627784073558, 79.22783754483218, 114.64042670103886, 62.24925796429035, 59.32582447585646], [126.50686909624653, 117.62013174705636, 43.85185128647153, 101.55574206453416, 71.21293439185017, 70.57895918654934, 40.05380071674887, 93.53900542973729, 37.478489968340504, 81.50813857911929, 124.9362233242312, 74.22152764262884, 0.0, 62.50869165945008, 77.17997607113284, 69.53314986106217, 90.65087914393503, 79.46759605817593, 61.87595007095233, 48.49789063265595, 74.52929275570253, 89.79035142097965, 24.523315740146245, 96.84240572224553, 59.49188022986311, 26.44910522003428], [68.3533142558044, 62.10731768791335, 56.547266808696364, 39.09261340171901, 9.609541029988527, 47.10194238143841, 24.331105384010705, 35.01120921977638, 37.73969014335762, 29.417198370851775, 66.21608803308025, 62.23398855042608, 62.50869165945008, 0.0, 37.877540586271934, 36.73567746649735, 46.09965512963942, 35.121039110550996, 10.121844333105189, 40.45121472524665, 29.264803431764626, 29.717737219765667, 46.22306797830651, 52.63500841663349, 3.1417859345688828, 36.35680329769155], [54.59712621056341, 43.65078525738867, 46.375621726527704, 52.534524471738344, 33.41349624307287, 16.516203803548148, 41.15296881326778, 29.90916009653177, 68.84182340368334, 63.68110304025039, 54.015720297858046, 31.866704590420703, 77.17997607113284, 37.877540586271934, 0.0, 74.599636730863, 81.19246044384147, 71.53890968524387, 28.26566259520682, 31.066881216234275, 9.0939444560279, 55.83937615925647, 71.8772337779813, 87.16663698314085, 39.2249035162775, 53.72629179211739], [94.331950712204, 91.47740913019503, 84.15079274815584, 54.45373333636578, 42.63249994759248, 82.9854416609504, 48.285232772571305, 64.91160270018156, 32.1138390463435, 21.517835315706524, 91.62270072134999, 97.2348143114926, 69.53314986106217, 36.73567746649735, 74.599636730863, 0.0, 21.72112417361124, 13.058708699114524, 46.637661975895085, 71.47781579239613, 65.87149785056093, 37.138770340775054, 45.33863719355341, 27.463584935713023, 35.72616020676991, 51.45051890882945], [87.22764882677792, 87.11829090958787, 100.26622472980972, 45.65407904454455, 47.83830288332813, 92.76689296209416, 64.52678216044922, 63.4227383524487, 53.50490583647761, 17.51278961871632, 84.29539032643798, 108.22016053076294, 90.65087914393503, 46.09965512963942, 81.19246044384147, 21.72112417361124, 0.0, 11.962252373166601, 55.972677248828276, 85.620653666799, 72.09851625787988, 29.871494323620865, 66.76900496618333, 6.747115976093425, 46.55859559742373, 70.50224559115716], [84.14616380986165, 82.46277171719647, 88.39201016470248, 43.19669845682125, 38.194555112644515, 82.16621104854075, 52.591796800310824, 57.01544063838437, 42.80182738786733, 10.176347904546127, 81.329286308887, 97.34770545974855, 79.46759605817593, 35.121039110550996, 71.53890968524387, 13.058708699114524, 11.962252373166601, 0.0, 45.179473085778376, 73.98057309792414, 62.48992655537167, 25.924128417123875, 56.003345044977415, 18.693961709876646, 35.24514161166213, 58.65039431622646], [65.33530990540561, 57.65858691957854, 49.084418478891074, 42.331373886585496, 11.515340349582484, 36.99749268915671, 21.857339977206294, 31.889167770155222, 43.06759132673796, 38.96935355726339, 63.531309140744874, 52.25247288691907, 61.87595007095233, 10.121844333105189, 28.26566259520682, 46.637661975895085, 55.972677248828276, 45.179473085778376, 0.0, 32.18864544311387, 20.11840568412024, 36.65406428853363, 49.23533516763551, 62.427108615056895, 10.986760655244652, 35.481019905096595], [84.95248775795619, 74.44511752589892, 17.42660128635175, 72.8538072916279, 43.516506756755106, 22.088928772977443, 24.028223114368142, 55.689782441242855, 52.6264395371917, 69.67869701540697, 84.05927646325081, 29.090913924773844, 48.49789063265595, 40.45121472524665, 31.066881216234275, 71.47781579239613, 85.620653666799, 73.98057309792414, 32.18864544311387, 0.0, 31.97834891490915, 68.84212895452245, 50.24979035098241, 92.3138408778489, 39.31326995677119, 30.31680894028022], [53.32261744574917, 43.43050285838115, 48.788934769600345, 45.0381298007056, 24.33274520475507, 23.462812273788654, 36.2589247705611, 24.27238368701258, 62.23790051686587, 54.58720273774761, 52.25800303489915, 39.47054956245918, 74.52929275570253, 29.264803431764626, 9.0939444560279, 65.87149785056093, 72.09851625787988, 62.48992655537167, 20.11840568412024, 31.97834891490915, 0.0, 47.04284560093692, 66.5701525059004, 78.07965875198266, 30.87805158067452, 49.64343362992706], [58.30782149899173, 57.35623654863431, 85.63524897310332, 17.35945263871432, 25.47846707444726, 69.87096240442155, 53.82830608701798, 33.91428290524347, 57.98726856639857, 15.876878211564032, 55.463066293370574, 85.92627784073558, 89.79035142097965, 29.717737219765667, 55.83937615925647, 37.138770340775054, 29.871494323620865, 25.924128417123875, 36.65406428853363, 68.84212895452245, 47.04284560093692, 0.0, 69.72025912020392, 34.22482372087064, 32.04907655078662, 64.70115526650298], [114.15354966606752, 106.88600338339218, 54.0402400138255, 83.59040694481776, 55.76921416096601, 70.66583896764422, 30.730120428420953, 80.58427333459043, 13.26410038970361, 59.31259058714539, 112.15759968565341, 79.22783754483218, 24.523315740146245, 46.22306797830651, 71.8772337779813, 45.33863719355341, 66.76900496618333, 56.003345044977415, 49.23533516763551, 50.24979035098241, 66.5701525059004, 69.72025912020392, 0.0, 72.77733732827843, 43.08881715229528, 19.934202624655224], [90.1415264607975, 90.81854491551493, 107.01060439607785, 48.80606730692943, 53.93939996005602, 99.09550852692523, 71.2722021572536, 68.11561204890691, 59.52924261858232, 23.623029470780054, 87.17174392320499, 114.64042670103886, 96.84240572224553, 52.63500841663349, 87.16663698314085, 27.463584935713023, 6.747115976093425, 18.693961709876646, 62.427108615056895, 92.3138408778489, 78.07965875198266, 34.22482372087064, 72.77733732827843, 0.0, 53.186120915805034, 77.11593447408836], [71.40747561787956, 65.01558609490496, 54.97909661906948, 42.07006748125572, 12.707213676241206, 47.457349485998094, 21.786432511716036, 38.0040573920346, 34.76256696656672, 30.37050784057823, 69.29148245308531, 62.24925796429035, 59.49188022986311, 3.1417859345688828, 39.2249035162775, 35.72616020676991, 46.55859559742373, 35.24514161166213, 10.986760655244652, 39.31326995677119, 30.87805158067452, 32.04907655078662, 43.08881715229528, 53.186120915805034, 0.0, 33.433371115954], [100.46639679602787, 92.00001341771468, 35.83344552334608, 75.44509982133243, 44.82314520138323, 50.976374468285336, 13.812536060644243, 67.2676363518573, 24.412432483884643, 58.516716885440225, 98.79784146274038, 59.32582447585646, 26.44910522003428, 36.35680329769155, 53.72629179211739, 51.45051890882945, 70.50224559115716, 58.65039431622646, 35.481019905096595, 30.31680894028022, 49.64343362992706, 64.70115526650298, 19.934202624655224, 77.11593447408836, 33.433371115954, 0.0]]",Route_0,1342.8350806115461
