instance_id,num_cities,city_coordinates,distance_matrix,best_route,total_distance
1342,55,"[[50.75782570581487, 33.14770956433605], [36.93266152530993, 36.29010817297993], [76.95498316978473, 38.400853583884874], [3.751510027314342, 47.896527437872116], [21.15630727430634, 34.952907759531115], [13.593706062576205, 25.34376717227943], [93.054296182883, 15.678452346059203], [9.511287916550836, 84.45383866591433], [71.9016114822894, 68.53870755840519], [26.360940339560923, 87.0914356686555], [9.43529027397948, 68.23563407840356], [83.91209626758018, 30.24896490729001], [63.5253258089879, 21.55192943312062], [22.76136647112027, 48.224498596928825], [76.1336525083543, 88.19172394804907], [54.81505712132388, 20.36808687390814], [17.72196861782507, 4.732465850451928], [2.8947601223465846, 36.08129485181265], [13.77607782707717, 95.03447143898008], [11.225795821090623, 51.36433998734952], [3.514507662705879, 76.49630746449662], [88.50652655438202, 5.474857293507506], [98.84445146876311, 27.91333520398608], [14.154466910633712, 68.30794381800965], [39.199793785054204, 14.921623422115783], [62.2892733536164, 85.76194541002067], [44.64106377934907, 33.94048421598351], [17.70915866326718, 8.709382182679025], [36.00364188011559, 48.1320323398759], [90.08881223675276, 69.72415904262105], [15.827808577100011, 39.08084282108714], [43.61669346874509, 82.88089735701848], [68.67596295095996, 97.7233753948752], [83.93609067082363, 21.033402691265902], [99.26738897435366, 51.98656052139191], [92.30453600468178, 98.31875135888683], [45.55341224667981, 23.649390276570525], [66.50493430034399, 62.7201870043605], [77.94579038346153, 9.616501879138594], [2.0421838785579793, 66.21685050462347], [42.54612490426053, 36.09621929606157], [7.767110535292754, 89.61439913888204], [63.931469583878986, 58.33115952844912], [87.52412805731478, 88.48045677204789], [3.7089477745847255, 6.6540129530184515], [66.85400908188238, 33.06911684638696], [57.054015186454535, 48.01880486362327], [22.837430122778045, 45.83213673051895], [64.0881823900404, 10.970979618388021], [74.01571668794061, 24.443605690290703], [22.468668945344504, 27.389774604738815], [15.561505240414098, 41.07600285324416], [6.016247633077421, 4.603658970166624], [88.17342344096517, 92.86995163577079], [88.62656137212461, 20.862493066121846]]","[[0.0, 14.177793680030884, 26.71865605306811, 49.265823268606624, 29.656510819293537, 37.974640297381306, 45.76206248166502, 65.83005212658581, 41.225991995070935, 59.20416878558446, 54.20991035982435, 33.280750848944066, 17.24735271675088, 31.7979763068851, 60.61168291168696, 13.408202074427917, 43.57515265443733, 47.952882808922816, 72.09452802741284, 43.52731338797963, 64.11733025970555, 46.805460883936554, 48.3706755401465, 50.754782512212266, 21.58189792267946, 53.8630866037151, 6.167922511944872, 41.102873847241206, 21.028929345168493, 53.70999123007146, 35.43032834810706, 50.24326559499824, 67.015492684851, 35.32072616896831, 52.03921630738239, 77.28773398958633, 10.830696595601072, 33.503773683402414, 35.956962586359516, 58.87938383823471, 8.725006572623785, 70.9696316911755, 28.420961368698332, 66.43398153170146, 53.995489392358834, 16.096375246971192, 16.149039518702033, 30.666646084100243, 25.874809379475323, 24.833262314617812, 28.86919128097318, 36.07823178563682, 53.07138242745674, 70.47462771748165, 39.81165263302736], [14.177793680030884, 0.0, 40.077942512103235, 35.15249326698457, 15.832923242373369, 25.778464333530138, 59.78694031781139, 55.42270893403867, 47.568893443251184, 51.88965372935242, 42.14999467506001, 47.36626120626178, 30.40367915684618, 18.5271497620153, 65.04225867938192, 23.94349252929561, 36.94503364381063, 34.03854190356795, 63.1437058153942, 29.800594106965708, 52.28108136844375, 60.07864213513627, 62.47591583463452, 39.29361206730937, 21.48841616385644, 55.59155010448677, 8.05854813532606, 33.61903491236811, 11.878309874543257, 62.796593187937944, 21.2885654246995, 47.0678013063324, 69.14971805406344, 49.41750108608376, 64.2806103150284, 83.14804302473911, 15.300493192593638, 39.66192612713119, 48.92400240632607, 45.966893923813075, 5.616810839205121, 60.77918534800776, 34.853171755779755, 72.68651162871419, 44.520930979447755, 30.094215801831275, 23.290152408646133, 17.021335355482872, 37.127894960511334, 38.929328292009764, 16.983021491455947, 21.900481931775477, 44.2702576346501, 76.33409702073367, 53.94692381645002], [26.71865605306811, 40.077942512103235, 0.0, 73.81677520768352, 55.90510318473904, 64.69264983146539, 27.8477179945944, 81.66718719520533, 30.558579934307968, 70.21773247307483, 73.81749830426365, 10.717029049653299, 21.54627443124707, 55.07678360456487, 49.79764407757069, 28.554456756306188, 68.13303417198915, 74.09653831689994, 84.84657183210031, 66.99535841573311, 82.73310733361623, 34.89354361884413, 24.272141730401433, 69.5581691010335, 44.46041581526421, 49.579794910585534, 32.620304739068374, 66.26953444400904, 42.09166417954999, 33.965378414226834, 61.130956634484875, 55.58701156070838, 59.89744376681807, 18.718018390005742, 26.12307190549359, 61.852754554723596, 34.69386582878636, 26.46948241635945, 28.801399306235172, 79.91030710954728, 34.4859517243985, 86.08013108726341, 23.808170890814026, 51.182745912440744, 79.83009201520767, 11.421781566921137, 22.103246673123717, 54.625392602717554, 30.297731731413016, 14.263381654240737, 55.587789109204806, 61.45173354656052, 78.57833393057176, 55.612373125987034, 21.067031764925137], [49.265823268606624, 35.15249326698457, 73.81677520768352, 0.0, 21.69018804866469, 24.606824630452028, 94.9367788466036, 37.008269961689365, 71.2076957108705, 45.24850461909063, 21.11834787163265, 82.08018061416473, 65.32187150666616, 19.012685425664696, 82.84248554901855, 58.01121341349298, 45.36860066115967, 11.846254322035456, 48.192091926203325, 8.239579601251442, 28.600762012438413, 94.7787472186713, 97.16993096551653, 22.909548894719613, 48.41410038632947, 69.71699658943768, 43.205633295344256, 41.59865753478492, 32.25299166913582, 89.0537773161618, 14.95169829571794, 53.03903269723721, 81.84069504082292, 84.56473522767733, 95.60340737468387, 101.90210535062198, 48.32517656125391, 64.48048651285139, 83.4874337510973, 18.399892204927827, 40.549592053339516, 41.910689169967135, 61.07789353846002, 93.08548142326885, 41.24253644695876, 64.82111918025056, 53.30264541285934, 19.19724081432098, 70.73902822046651, 74.07495039583472, 27.764346736813682, 13.63801827770272, 43.35206450199351, 95.65389876270645, 89.07644669157585], [29.656510819293537, 15.832923242373369, 55.90510318473904, 21.69018804866469, 0.0, 12.228185471002218, 74.43672104938346, 50.85222351521146, 60.85303482399865, 52.39765546161855, 35.28628785716792, 62.93183717742126, 44.43782118530468, 13.36829601634314, 76.5302557041233, 36.682808528380264, 30.414959989903508, 18.296375646921906, 60.53314861182614, 19.182027147585966, 45.134101880755246, 73.51875608544879, 78.00643133834215, 34.08202163811235, 26.959594909232614, 65.37185331203742, 23.506569071914267, 26.46895291184521, 19.85277485897397, 77.20576504503717, 6.740381757627165, 52.9297755035877, 78.72896088979898, 64.30438417914512, 79.94677235988402, 95.2748685988484, 26.888440611545438, 53.17442778071998, 62.18503722553369, 36.64401491589462, 21.420351526346685, 56.27743090379008, 48.74686827254857, 85.26362729073232, 33.245116946441854, 45.73651297047669, 38.20161122885566, 11.008351240528011, 49.17599799007577, 53.89399403960285, 7.676149833915999, 8.294221080071205, 33.916047942216245, 88.57583096227613, 68.92586578532334], [37.974640297381306, 25.778464333530138, 64.69264983146539, 24.606824630452028, 12.228185471002218, 0.0, 80.0462597062308, 59.250879233152546, 72.56455546198279, 63.05376147242739, 43.09297702136065, 70.48926844451397, 50.07539000287825, 24.64901352779305, 88.6629041500999, 41.52056330952313, 21.020663498192395, 15.157900412019401, 69.69094288822053, 26.12809232485404, 52.13609707995845, 77.50293061432117, 85.2894616712995, 42.967835965687456, 27.64584614006802, 77.59906272219847, 32.215554707668275, 17.13591882832016, 31.961074022862956, 88.43709883959123, 13.917559463730244, 64.89916118630953, 90.9552786284246, 70.47432379479626, 89.72078009642638, 107.33472442416138, 32.00458924027838, 64.78113022395594, 66.24603859887146, 42.47406980571329, 30.884588121886047, 64.53420293786111, 60.18354003202606, 97.22113386469856, 21.14273774108736, 53.817663506469216, 49.01995311551129, 22.477093265281212, 52.500182491626994, 60.428715514276035, 9.107750138436717, 15.854824916274518, 22.08098649259424, 100.60775234760905, 75.1665563500028], [45.76206248166502, 59.78694031781139, 27.8477179945944, 94.9367788466036, 74.43672104938346, 80.0462597062308, 0.0, 108.21038764200856, 56.93542527422692, 97.71293619924333, 98.7643432663829, 17.201152740102838, 30.10743802508957, 77.4618686453313, 74.46128350212827, 38.5257326473081, 76.12341424772804, 92.43926614250972, 112.17135851877184, 89.27141786824409, 108.24132865705819, 11.171193337794012, 13.535813857385836, 94.84221861484572, 53.85982007524593, 76.5387655357181, 51.7430466804644, 75.6667541711149, 65.63544782195771, 54.127003495164466, 80.69449961349181, 83.42808386611755, 85.59014271078664, 10.57436357232808, 36.835868950074826, 82.64370006996525, 48.16502700313485, 54.01660315154999, 16.279256461968743, 104.10251809888481, 54.47899203486856, 112.87350558850225, 51.646804926368404, 73.01174294549286, 89.79995427926939, 31.44662550954902, 48.39337385202772, 76.41762205970774, 29.346141956681016, 20.959375523453296, 71.55058239849191, 81.54856356685997, 87.73980250534545, 77.34565586583606, 6.817559221720716], [65.83005212658581, 55.42270893403867, 81.66718719520533, 37.008269961689365, 50.85222351521146, 59.250879233152546, 108.21038764200856, 0.0, 64.3882277501622, 17.054844025235727, 16.218382646985233, 92.05242322978248, 82.91059325910197, 38.576283692658365, 66.72714028178929, 78.48194115149018, 80.14307556589169, 48.82296012224847, 11.40781411399222, 33.133886885686564, 9.964119440996337, 111.70464281340718, 105.72247935975881, 16.800268795786796, 75.60513433235926, 52.79419371530435, 61.52804344325266, 76.18679526480028, 44.95685079403417, 81.91276388559717, 45.81055757344425, 34.14165831123137, 60.63447350252557, 97.78140397962638, 95.44779634550133, 83.94615972733087, 70.68391380053066, 60.996945355211196, 101.40960558660555, 19.70723857686369, 58.564151201260586, 5.447342391703402, 60.3651434026621, 78.1166875910713, 78.01589602177269, 76.99725519208575, 59.898435742801645, 40.856112473987466, 91.53342550221224, 88.10249368157477, 58.51667395113366, 43.79773703579839, 79.92663200727466, 79.11107711807944, 101.50411680883916], [41.225991995070935, 47.568893443251184, 30.558579934307968, 71.2076957108705, 60.85303482399865, 72.56455546198279, 56.93542527422692, 64.3882277501622, 0.0, 49.17475417796223, 62.46705642844098, 40.129242916685214, 47.72755472759396, 53.1735908650926, 20.10351273926792, 51.11124178749647, 83.70585512265349, 76.2589612715733, 63.87959898370046, 63.05960281842492, 68.84852478518273, 65.21328403619039, 48.747692309194775, 57.74760564805768, 62.8028708896428, 19.724020036322738, 44.04741217729344, 80.72403680104496, 41.29281553773165, 18.225793988317278, 63.34064387999345, 31.713325200179977, 29.362384868616427, 49.005945352162236, 31.982172366493163, 36.09889662891437, 52.05072918786631, 7.935950229428786, 59.23139725432088, 69.89800172608075, 43.75225293496481, 67.5086586099568, 12.95056750357517, 25.332516373956256, 92.08667009917387, 35.82694733396476, 25.3281961925323, 54.06368699266482, 58.09555038344534, 44.14575233904113, 64.31835267702544, 62.67701110509873, 91.80725247780522, 29.270826820758618, 50.52470066345478], [59.20416878558446, 51.88965372935242, 70.21773247307483, 45.24850461909063, 52.39765546161855, 63.05376147242739, 97.71293619924333, 17.054844025235727, 49.17475417796223, 0.0, 25.338091557050323, 80.89006138523989, 75.34333696431206, 39.03326439553734, 49.78487231012372, 72.53717692477231, 82.81081899078598, 56.148874255330526, 14.8818877064294, 38.8007469698223, 25.183650007904593, 102.58333076894334, 93.57300337289428, 22.40128477731546, 73.30291916080593, 35.95292279518696, 56.2066415408196, 78.85809809304769, 40.13498225656439, 66.05197918268684, 49.15245558769517, 17.762028288715012, 43.630256484980464, 87.62740242931655, 80.9178751058296, 66.89252893151118, 66.28155174282598, 46.96273003755519, 93.0771836689408, 32.0491844136477, 53.502077457619, 18.76421731547012, 47.31488297945039, 61.178958077290474, 83.56609204873601, 67.51369895884243, 49.686369575401336, 41.40947805894552, 84.95686330153774, 78.71294880648414, 59.82840554784175, 47.26571543571852, 84.95963645155862, 62.08199669746126, 90.90258742643432], [54.20991035982435, 42.14999467506001, 73.81749830426365, 21.11834787163265, 35.28628785716792, 43.09297702136065, 98.7643432663829, 16.218382646985233, 62.46705642844098, 25.338091557050323, 0.0, 83.60491412425509, 71.44998406988267, 24.04225135194164, 69.61980355928365, 65.95927011795943, 64.04156004472318, 32.81280338165428, 27.148114491797756, 16.966038854755432, 10.16338484569319, 100.95135219280026, 98.08101698123167, 4.719730588326526, 61.059883733262595, 55.68406519171634, 49.148792377811624, 60.09851547980619, 33.317144384364745, 80.66725674998904, 29.847380848466845, 37.18671887735027, 66.17389354698943, 88.19535082812074, 91.28985895692328, 88.16068190121281, 57.379890825892595, 57.335542429827356, 90.16590977218742, 7.663779047688329, 46.144006679798, 21.443750118663946, 55.38891744281896, 80.6704371641133, 61.847288209353636, 67.33196272032134, 51.732612013985595, 26.106207038622586, 79.1592020366222, 78.02802846512483, 42.87485505204141, 27.84198409060714, 63.7237640818211, 82.50177704837141, 92.27931462418567], [33.280750848944066, 47.36626120626178, 10.717029049653299, 82.08018061416473, 62.93183717742126, 70.48926844451397, 17.201152740102838, 92.05242322978248, 40.129242916685214, 80.89006138523989, 83.60491412425509, 0.0, 22.164359584032464, 63.73799154403118, 58.46253084301865, 30.7289674051918, 70.93817535296841, 81.22699568894292, 95.47891358438382, 75.69119722509974, 92.75014257176228, 25.196531462079424, 15.113914051801753, 79.46453755750248, 47.266451001656996, 59.575477128304996, 39.44415428803311, 69.61883776242549, 51.13730636819063, 39.955509910222716, 68.65473252299718, 66.2860452894359, 69.17323058155498, 9.215593452881816, 26.614057886630388, 68.58519426455594, 38.92226901301765, 36.84276797732321, 21.47778704873721, 89.42243202311732, 41.77719438542983, 96.55212909965131, 34.464983641575834, 58.343409383112125, 83.60183482384738, 17.28963838240869, 32.204405466240445, 63.03134211462831, 27.6519127407714, 11.473470461142345, 61.5099157070554, 69.20280373255153, 82.00881020413611, 62.76580986593892, 10.503905694883688], [17.24735271675088, 30.40367915684618, 21.54627443124707, 65.32187150666616, 44.43782118530468, 50.07539000287825, 30.10743802508957, 82.91059325910197, 47.72755472759396, 75.34333696431206, 71.44998406988267, 22.164359584032464, 0.0, 48.714744448651864, 67.82206215642402, 8.790350608269447, 48.79387138965268, 62.34715675114633, 88.73934670938561, 60.19983936863009, 81.36450683093264, 29.707450904848837, 35.887436809454535, 67.99710721435986, 25.212942431358357, 64.22191197267635, 22.585208478383677, 47.58205745661325, 38.261533644307164, 55.010749101866246, 50.8164929392916, 64.47942267320215, 76.34538782973574, 20.417350274390813, 46.94424191310544, 81.98407094106898, 18.09389452497386, 41.27594333523718, 18.71908730253701, 75.99428870619798, 25.527695513268732, 87.98567129342949, 36.78147249867793, 71.10112714375093, 61.64371011386912, 11.988566980400458, 27.24652925102678, 47.381782593909755, 10.59590989546079, 10.881640150707767, 41.46962152065946, 51.785302224170884, 59.954465591216994, 75.45719984052671, 25.110701887844943], [31.7979763068851, 18.5271497620153, 55.07678360456487, 19.012685425664696, 13.36829601634314, 24.64901352779305, 77.4618686453313, 38.576283692658365, 53.1735908650926, 39.03326439553734, 24.04225135194164, 63.73799154403118, 48.714744448651864, 0.0, 66.67818248203497, 42.46667821223359, 43.78301546426896, 23.283888099124216, 47.664546252852816, 11.955249649372627, 34.201414453722876, 78.42166732443847, 78.74756619180914, 21.850022700044452, 37.13897396892742, 54.51160734886639, 26.12956603418371, 39.83678236210156, 13.242598235103847, 70.67687282700223, 11.475219650046515, 40.447628350698174, 67.51510182296093, 66.94551947263335, 76.59846336049274, 85.7069809791047, 33.51735818337336, 46.08280274500723, 67.34907611168755, 27.441014093401492, 23.206288480874314, 44.022171436014794, 42.392475576449925, 76.25455695804158, 45.728546170402744, 46.62452925665901, 34.29326560456496, 2.3935707591286435, 55.63928818991855, 56.50255997373449, 20.83677987771463, 10.145885527587206, 46.72447596970869, 79.19566701575079, 71.32252972248811], [60.61168291168696, 65.04225867938192, 49.79764407757069, 82.84248554901855, 76.5302557041233, 88.6629041500999, 74.46128350212827, 66.72714028178929, 20.10351273926792, 49.78487231012372, 69.61980355928365, 58.46253084301865, 67.82206215642402, 66.67818248203497, 0.0, 71.09520557140755, 101.86938979462107, 89.88566169597408, 62.73189231448145, 74.62764949482967, 73.55489762644643, 83.63712119211228, 64.41478509628428, 65.09058426236813, 82.05252921923285, 14.055982993871497, 62.72942018957546, 98.64514247321918, 56.70270403397436, 23.147298688644224, 77.77321812376923, 32.947799687742744, 12.10245895833782, 67.61004478114515, 42.96491151659994, 19.080203280669092, 71.4203327507105, 27.23070708966187, 78.59611546925836, 77.281568220208, 61.98438202887089, 68.38134296760336, 32.25750417467904, 11.39413445045831, 109.05840714994348, 55.898243226479615, 44.47354256295594, 68.07952665678825, 78.15456931746263, 63.78329117836847, 81.09751848709415, 76.73901353895866, 109.10277298579629, 12.916729400583863, 68.47844991696537], [13.408202074427917, 23.94349252929561, 28.554456756306188, 58.01121341349298, 36.682808528380264, 41.52056330952313, 38.5257326473081, 78.48194115149018, 51.11124178749647, 72.53717692477231, 65.95927011795943, 30.7289674051918, 8.790350608269447, 42.46667821223359, 71.09520557140755, 0.0, 40.253817949575186, 54.245941280605436, 85.2013310079885, 53.48636655983034, 76.04027565324755, 36.83644119473556, 44.671224954828105, 62.86106489793656, 16.537847900883534, 65.81960682447261, 16.962314409706078, 38.89438385495909, 33.53663685008375, 60.66514369773175, 43.24549438019838, 63.507911499219276, 78.58731050608678, 29.128632651189044, 54.550322482717846, 86.49720874453381, 9.82573243093585, 43.935789669931246, 25.50739894900918, 69.90769111308313, 19.947452148976044, 83.71714902133441, 39.04233422275603, 75.55910437952993, 52.91417802506703, 17.500072190435123, 27.741217323040626, 40.877701299829575, 13.202139107775592, 19.628427889563618, 33.099742092959524, 44.38084180673589, 51.28197533834317, 79.80790059550996, 33.81511876638636], [43.57515265443733, 36.94503364381063, 68.13303417198915, 45.36860066115967, 30.414959989903508, 21.020663498192395, 76.12341424772804, 80.14307556589169, 83.70585512265349, 82.81081899078598, 64.04156004472318, 70.93817535296841, 48.79387138965268, 43.78301546426896, 101.86938979462107, 40.253817949575186, 0.0, 34.678454283963475, 90.38817548464554, 47.08218289888958, 73.15668739081158, 70.78845094595947, 84.36948457757909, 63.675493458898536, 23.772166622633623, 92.47713884581128, 39.720851213895386, 3.9769369630999187, 47.092907626723154, 97.26705629015086, 34.400564570610506, 82.32687363213411, 106.03593162885991, 68.19113212975421, 94.24757314802916, 119.67018088597223, 33.651735233262514, 75.77831843875445, 60.42154016564504, 63.452227744752015, 39.99904705777831, 85.46368701515783, 70.76819867369463, 109.02324268622569, 14.144154142983245, 56.717926529688924, 58.4868962455697, 41.41679481633609, 46.784023272945426, 59.644908463064276, 23.149185816921474, 36.40769539367278, 11.706429642942817, 112.83449777109054, 72.71615399367131], [47.952882808922816, 34.03854190356795, 74.09653831689994, 11.846254322035456, 18.296375646921906, 15.157900412019401, 92.43926614250972, 48.82296012224847, 76.2589612715733, 56.148874255330526, 32.81280338165428, 81.22699568894292, 62.34715675114633, 23.283888099124216, 89.88566169597408, 54.245941280605436, 34.678454283963475, 0.0, 59.94897917987452, 17.406252452168005, 40.41976411976184, 90.91825213687196, 96.29672286366304, 34.13704586733722, 42.02127037897669, 77.43303714737179, 41.801159543739196, 31.123753104275647, 35.2337668331977, 93.45932289018019, 13.276333467978978, 62.0361076318767, 90.14939123064883, 82.42655103510619, 97.67630760766197, 108.93855614886475, 44.43324039987187, 68.96292361892905, 79.58041474094797, 30.147613516746738, 39.651367590632255, 53.75437706044767, 64.96565538821382, 99.5379429514959, 29.43854312774594, 64.03013933925375, 55.459255804429816, 22.198851413747548, 66.14501387069356, 72.06681810532028, 21.416825880982696, 13.615929637951687, 31.63202878376817, 102.45682972226155, 87.07211765728215], [72.09452802741284, 63.1437058153942, 84.84657183210031, 48.192091926203325, 60.53314861182614, 69.69094288822053, 112.17135851877184, 11.40781411399222, 63.87959898370046, 14.8818877064294, 27.148114491797756, 95.47891358438382, 88.73934670938561, 47.664546252852816, 62.73189231448145, 85.2013310079885, 90.38817548464554, 59.94897917987452, 0.0, 43.744534736498814, 21.188755173042875, 116.64289285194477, 108.35993320189023, 26.729206067016843, 84.0501859039294, 49.391394788504975, 68.44795564980454, 86.41464088898564, 51.90282648543432, 80.40053076120188, 55.99123283675469, 32.2206720109852, 54.96569467494752, 101.9734552618405, 95.7177460873847, 78.59710706090968, 78.13852312002743, 61.84290810998355, 106.83623698584202, 31.114940840557026, 65.58531218562266, 8.092272341686543, 62.15059474759664, 74.03870623542805, 88.95196765492365, 81.5902687584471, 63.90189954615836, 50.02976959961181, 97.96927335968809, 92.80023931669969, 68.20092484817043, 53.98799943659836, 90.76313573477626, 74.42882627296217, 105.37588558427952], [43.52731338797963, 29.800594106965708, 66.99535841573311, 8.239579601251442, 19.182027147585966, 26.12809232485404, 89.27141786824409, 33.133886885686564, 63.05960281842492, 38.8007469698223, 16.966038854755432, 75.69119722509974, 60.19983936863009, 11.955249649372627, 74.62764949482967, 53.48636655983034, 47.08218289888958, 17.406252452168005, 43.744534736498814, 0.0, 26.288395811346586, 89.87856231927564, 90.7026925887801, 17.19484879611002, 45.94144264976667, 61.56844968430293, 37.68515467214614, 43.14486550056142, 24.98778637760167, 80.97196004740967, 13.117271974006218, 45.19362387391017, 73.82196060229056, 78.78294697708424, 88.04379185017918, 93.69353690092947, 44.119198620706946, 56.43348662347763, 78.70476263297024, 17.46241097262235, 34.84362959454416, 38.406113172279376, 53.16412908444683, 84.8471662885957, 45.33780263831822, 58.559485144302116, 45.950171876327104, 12.862166381718545, 66.52860644611363, 68.31764118848163, 26.479841037535436, 11.1645983874845, 47.04998067495841, 87.42798862284573, 83.19399722030512], [64.11733025970555, 52.28108136844375, 82.73310733361623, 28.600762012438413, 45.134101880755246, 52.13609707995845, 108.24132865705819, 9.964119440996337, 68.84852478518273, 25.183650007904593, 10.16338484569319, 92.75014257176228, 81.36450683093264, 34.201414453722876, 73.55489762644643, 76.04027565324755, 73.15668739081158, 40.41976411976184, 21.188755173042875, 26.288395811346586, 0.0, 110.75960301334293, 106.99581010362773, 13.426020706250773, 71.16797988247872, 59.500631329078914, 59.18100802093599, 69.25716826575035, 43.1285977692533, 86.83877133359123, 39.3895211178131, 40.607244360061976, 68.53177123206464, 97.69219426042201, 98.83998166075072, 91.43242417486638, 67.52826189743064, 64.4792628906678, 100.0646003469376, 10.3843619310602, 56.17503242997331, 13.790176226920162, 63.08868271982679, 84.86009753395273, 69.8425651704257, 76.7972221178051, 60.641957589348046, 36.24454026747331, 89.23417876191242, 87.63506282313182, 52.63755122946688, 37.41294066751797, 71.93616343959862, 86.22776956525026, 101.68177315108049], [46.805460883936554, 60.07864213513627, 34.89354361884413, 94.7787472186713, 73.51875608544879, 77.50293061432117, 11.171193337794012, 111.70464281340718, 65.21328403619039, 102.58333076894334, 100.95135219280026, 25.196531462079424, 29.707450904848837, 78.42166732443847, 83.63712119211228, 36.83644119473556, 70.78845094595947, 90.91825213687196, 116.64289285194477, 89.87856231927564, 110.75960301334293, 0.0, 24.705424150870517, 97.34590661893841, 50.203538587180546, 84.4592261604486, 52.292167105192654, 70.87121737044262, 67.647523842753, 64.2687824937526, 80.07220685169847, 89.48068033251764, 94.35592373946498, 16.21595569369339, 47.740283798699295, 92.92154508513052, 46.639936512424384, 61.32779007446147, 11.34382511966205, 105.66774481184684, 55.227043472667916, 116.61181672992278, 58.28998293922348, 83.01141277920104, 84.80577677838511, 35.07527153378262, 52.90791950359007, 77.07879234718412, 25.029240746340797, 23.870420740444036, 69.57917963262875, 81.16906861397877, 82.49487925340107, 87.39572914494887, 15.388103945194516], [48.3706755401465, 62.47591583463452, 24.272141730401433, 97.16993096551653, 78.00643133834215, 85.2894616712995, 13.535813857385836, 105.72247935975881, 48.747692309194775, 93.57300337289428, 98.08101698123167, 15.113914051801753, 35.887436809454535, 78.74756619180914, 64.41478509628428, 44.671224954828105, 84.36948457757909, 96.29672286366304, 108.35993320189023, 90.7026925887801, 106.99581010362773, 24.705424150870517, 0.0, 93.83026105439728, 61.04317951442244, 68.430568825634, 54.53745283950969, 83.37702051691538, 66.01335519142694, 42.71775050756401, 83.76440904930881, 77.92007535132416, 76.04984819776024, 16.41927809196016, 24.076940281444074, 70.7085081034955, 53.46135134574933, 47.51169648559924, 27.776395462254424, 104.10493885974786, 56.889903902429985, 110.00956014006107, 46.3050789949455, 61.615955216000366, 97.4819103511801, 32.40324811577465, 46.375321830692286, 78.09065720069403, 38.665768491799334, 25.070003863474646, 76.37757702209215, 84.31669438562508, 95.7100644315168, 65.82729568678978, 12.414493661848033], [50.754782512212266, 39.29361206730937, 69.5581691010335, 22.909548894719613, 34.08202163811235, 42.967835965687456, 94.84221861484572, 16.800268795786796, 57.74760564805768, 22.40128477731546, 4.719730588326526, 79.46453755750248, 67.99710721435986, 21.850022700044452, 65.09058426236813, 62.86106489793656, 63.675493458898536, 34.13704586733722, 26.729206067016843, 17.19484879611002, 13.426020706250773, 97.34590661893841, 93.83026105439728, 0.0, 58.96920894551327, 51.20157969122956, 45.94077565880297, 59.704475397214104, 29.73976884275536, 75.947550754904, 29.27496379189974, 32.86934390296821, 61.950473326105985, 84.28734930790556, 86.66370090724246, 83.71428712388379, 54.59194237824475, 52.64783435365221, 86.68343732962384, 12.291463358542712, 42.93811174591804, 22.24327673266554, 50.76697962152849, 76.09229563930663, 62.53252002859536, 63.39571492928508, 47.455457028458596, 24.09472461717604, 76.03225240124766, 74.21219161488214, 41.75431148085014, 27.268266640363183, 64.2220096305364, 77.98780772581607, 88.30154953640981], [21.58189792267946, 21.48841616385644, 44.46041581526421, 48.41410038632947, 26.959594909232614, 27.64584614006802, 53.85982007524593, 75.60513433235926, 62.8028708896428, 73.30291916080593, 61.059883733262595, 47.266451001656996, 25.212942431358357, 37.13897396892742, 82.05252921923285, 16.537847900883534, 23.772166622633623, 42.02127037897669, 84.0501859039294, 45.94144264976667, 71.16797988247872, 50.203538587180546, 61.04317951442244, 58.96920894551327, 0.0, 74.50822294282082, 19.781923188793666, 22.370501540080518, 33.3638524077224, 74.78642998174244, 33.61424660063741, 68.10265719173469, 87.89183510688272, 45.15185605140188, 70.58275677528363, 98.86958376728029, 10.795479693910252, 55.047918935102444, 39.107500137308094, 63.339468701666384, 21.437384224393856, 81.03717863150827, 49.9604204624544, 88.01217669538836, 36.441096764608844, 33.07698809243809, 37.6058059509737, 34.97408723048458, 25.199989559853776, 36.09455130480455, 20.865889204984654, 35.253655821022235, 34.75065647800139, 92.05627774887493, 49.78251988633507], [53.8630866037151, 55.59155010448677, 49.579794910585534, 69.71699658943768, 65.37185331203742, 77.59906272219847, 76.5387655357181, 52.79419371530435, 19.724020036322738, 35.95292279518696, 55.68406519171634, 59.575477128304996, 64.22191197267635, 54.51160734886639, 14.055982993871497, 65.81960682447261, 92.47713884581128, 77.43303714737179, 49.391394788504975, 61.56844968430293, 59.500631329078914, 84.4592261604486, 68.430568825634, 51.20157969122956, 74.50822294282082, 0.0, 54.744160797863735, 89.0195715879838, 45.901468164181296, 32.09400183338562, 65.861924114757, 18.89353533462196, 13.559705428046492, 68.25224496277177, 50.08151015330534, 32.53597036588767, 64.32774325434211, 23.424227364900972, 77.73837595435462, 63.338160101763926, 53.44601258391595, 54.65809764454679, 27.47989851763128, 25.38086278955543, 98.43637296531693, 52.89017861858098, 38.10449561904662, 56.13232184305454, 74.8125967853442, 62.429546364340425, 70.66109863256503, 64.65537700012842, 98.75890279664836, 26.842372813328176, 70.0399290027328], [6.167922511944872, 8.05854813532606, 32.620304739068374, 43.205633295344256, 23.506569071914267, 32.215554707668275, 51.7430466804644, 61.52804344325266, 44.04741217729344, 56.2066415408196, 49.148792377811624, 39.44415428803311, 22.585208478383677, 26.12956603418371, 62.72942018957546, 16.962314409706078, 39.720851213895386, 41.801159543739196, 68.44795564980454, 37.68515467214614, 59.18100802093599, 52.292167105192654, 54.53745283950969, 45.94077565880297, 19.781923188793666, 54.744160797863735, 0.0, 36.9044173913728, 16.61340107317318, 57.84435343182576, 29.268190274408756, 48.95113249914077, 68.16108556447617, 41.360511262403605, 57.529959797752475, 80.10223383213535, 10.331456537955498, 36.14277419825635, 41.241495255359254, 53.44556473273041, 3.0059877953571914, 66.77778995060405, 31.097022338184743, 69.37986601518048, 49.19339015164642, 22.230029691975997, 18.769136231934635, 24.83565662825152, 30.096321431651038, 30.87168500798087, 23.119837566164815, 29.94221686919724, 48.50284257481087, 73.26491976442799, 45.88853725060239], [41.102873847241206, 33.61903491236811, 66.26953444400904, 41.59865753478492, 26.46895291184521, 17.13591882832016, 75.6667541711149, 76.18679526480028, 80.72403680104496, 78.85809809304769, 60.09851547980619, 69.61883776242549, 47.58205745661325, 39.83678236210156, 98.64514247321918, 38.89438385495909, 3.9769369630999187, 31.123753104275647, 86.41464088898564, 43.14486550056142, 69.25716826575035, 70.87121737044262, 83.37702051691538, 59.704475397214104, 22.370501540080518, 89.0195715879838, 36.9044173913728, 0.0, 43.46071170135485, 94.66581878738653, 30.429674652501536, 78.56598515231842, 102.5724433114513, 67.36384790545723, 92.32908044834512, 116.59463694727101, 31.59915029653378, 72.78869938053373, 60.243461613174496, 59.60338087478056, 36.97179653643018, 81.51359450829325, 67.81462094412157, 106.00733131550128, 14.15028083105838, 54.85082493048138, 55.61697983834912, 37.47529951023211, 46.43413254072697, 58.4636148897192, 19.277188570104006, 32.43779506774385, 12.3927854600044, 109.76435697133297, 71.95120646045844], [21.028929345168493, 11.878309874543257, 42.09166417954999, 32.25299166913582, 19.85277485897397, 31.961074022862956, 65.63544782195771, 44.95685079403417, 41.29281553773165, 40.13498225656439, 33.317144384364745, 51.13730636819063, 38.261533644307164, 13.242598235103847, 56.70270403397436, 33.53663685008375, 47.092907626723154, 35.2337668331977, 51.90282648543432, 24.98778637760167, 43.1285977692533, 67.647523842753, 66.01335519142694, 29.73976884275536, 33.3638524077224, 45.901468164181296, 16.61340107317318, 43.46071170135485, 0.0, 58.235947558650274, 22.11307941414094, 35.57305405037259, 59.386714593038135, 55.06228633017679, 63.3810625021845, 75.42212835182235, 26.279228992762285, 33.81039922596606, 56.94374335911459, 38.4765029289766, 13.699083171762842, 50.18055856239993, 29.7318979491688, 65.43971156792844, 52.567797743735966, 34.331276988306705, 21.050677822759198, 13.365577123827938, 46.57988036720156, 44.789054336170835, 24.76765528458114, 21.625644557155805, 52.85795211640452, 68.72530488133731, 59.2688740239367], [53.70999123007146, 62.796593187937944, 33.965378414226834, 89.0537773161618, 77.20576504503717, 88.43709883959123, 54.127003495164466, 81.91276388559717, 18.225793988317278, 66.05197918268684, 80.66725674998904, 39.955509910222716, 55.010749101866246, 70.67687282700223, 23.147298688644224, 60.66514369773175, 97.26705629015086, 93.45932289018019, 80.40053076120188, 80.97196004740967, 86.83877133359123, 64.2687824937526, 42.71775050756401, 75.947550754904, 74.78642998174244, 32.09400183338562, 57.84435343182576, 94.66581878738653, 58.235947558650274, 0.0, 80.33498299988544, 48.29862923377167, 35.24863445406664, 49.07795571063327, 19.971696778900355, 28.680309300096667, 64.08031030761957, 24.601929250206457, 61.321965309440735, 88.11645691031148, 58.23354231363014, 84.69052026119022, 28.530808130681674, 18.930829602929755, 106.95477694926176, 43.39871191698293, 39.52746154498324, 71.36930100821938, 64.24927116226198, 48.04865151504754, 79.77896893596075, 79.84382469031304, 106.34319747273777, 23.224909666221176, 48.88354098866086], [35.43032834810706, 21.2885654246995, 61.130956634484875, 14.95169829571794, 6.740381757627165, 13.917559463730244, 80.69449961349181, 45.81055757344425, 63.34064387999345, 49.15245558769517, 29.847380848466845, 68.65473252299718, 50.8164929392916, 11.475219650046515, 77.77321812376923, 43.24549438019838, 34.400564570610506, 13.276333467978978, 55.99123283675469, 13.117271974006218, 39.3895211178131, 80.07220685169847, 83.76440904930881, 29.27496379189974, 33.61424660063741, 65.861924114757, 29.268190274408756, 30.429674652501536, 22.11307941414094, 80.33498299988544, 0.0, 51.87163869468228, 78.94221967610947, 70.45884036086399, 84.43175425294511, 96.7358240052017, 33.49240572360553, 55.919492710366534, 68.75166216782577, 30.43692430798478, 26.884501203190442, 51.17240630500918, 51.81251678493189, 87.06712402229087, 34.617424549544594, 51.37912014767416, 42.183969429997966, 9.732151029714075, 55.85005004330077, 60.00067800565919, 13.445523510441323, 2.01285394925883, 35.84610068680335, 90.15074163371361, 75.04376507282498], [50.24326559499824, 47.0678013063324, 55.58701156070838, 53.03903269723721, 52.9297755035877, 64.89916118630953, 83.42808386611755, 34.14165831123137, 31.713325200179977, 17.762028288715012, 37.18671887735027, 66.2860452894359, 64.47942267320215, 40.447628350698174, 32.947799687742744, 63.507911499219276, 82.32687363213411, 62.0361076318767, 32.2206720109852, 45.19362387391017, 40.607244360061976, 89.48068033251764, 77.92007535132416, 32.86934390296821, 68.10265719173469, 18.89353533462196, 48.95113249914077, 78.56598515231842, 35.57305405037259, 48.29862923377167, 51.87163869468228, 0.0, 29.125008863286624, 73.82930574757745, 63.651079792656425, 51.07673978424199, 59.26316149722322, 30.50124276630449, 80.90833417960835, 44.7898460051313, 46.79692530838587, 36.47646697185511, 31.86502402414761, 44.263053191030224, 86.04165312411517, 54.96531919805328, 37.36210791648765, 42.47809375620229, 74.76709254632895, 65.87122034715465, 59.384372064971124, 50.34622916365021, 86.83961985472422, 45.662713357850244, 76.63008990904801], [67.015492684851, 69.14971805406344, 59.89744376681807, 81.84069504082292, 78.72896088979898, 90.9552786284246, 85.59014271078664, 60.63447350252557, 29.362384868616427, 43.630256484980464, 66.17389354698943, 69.17323058155498, 76.34538782973574, 67.51510182296093, 12.10245895833782, 78.58731050608678, 106.03593162885991, 90.14939123064883, 54.96569467494752, 73.82196060229056, 68.53177123206464, 94.35592373946498, 76.04984819776024, 61.950473326105985, 87.89183510688272, 13.559705428046492, 68.16108556447617, 102.5724433114513, 59.386714593038135, 35.24863445406664, 78.94221967610947, 29.125008863286624, 0.0, 78.19349980213758, 55.024463476857754, 23.636072793372247, 77.59901817921944, 35.070451421441085, 88.5931761556519, 73.70699847456636, 66.93784284822961, 61.44626757186957, 39.67690623243433, 20.99249562449924, 111.86751913086138, 64.67992473987437, 51.045215265851226, 69.23779128453978, 86.87362029658614, 73.47406085094617, 84.15420024828029, 77.65352814750723, 112.23868099160924, 20.092453502366343, 79.40794424814843], [35.32072616896831, 49.41750108608376, 18.718018390005742, 84.56473522767733, 64.30438417914512, 70.47432379479626, 10.57436357232808, 97.78140397962638, 49.005945352162236, 87.62740242931655, 88.19535082812074, 9.215593452881816, 20.417350274390813, 66.94551947263335, 67.61004478114515, 29.128632651189044, 68.19113212975421, 82.42655103510619, 101.9734552618405, 78.78294697708424, 97.69219426042201, 16.21595569369339, 16.41927809196016, 84.28734930790556, 45.15185605140188, 68.25224496277177, 41.360511262403605, 67.36384790545723, 55.06228633017679, 49.07795571063327, 70.45884036086399, 73.82930574757745, 78.19349980213758, 0.0, 34.54195546474626, 77.73709536625039, 38.471722005360036, 45.18443535974066, 12.892995062696784, 93.53157715981646, 44.04563213562695, 102.49422719663207, 42.32384115268695, 67.54242456754709, 81.50559064590571, 20.89631370924133, 38.09012880985292, 65.93954451400852, 22.25290590507156, 10.490152737440008, 61.79520529523541, 71.25159474729884, 79.63314898814443, 71.96141155689736, 4.693583439093184], [52.03921630738239, 64.2806103150284, 26.12307190549359, 95.60340737468387, 79.94677235988402, 89.72078009642638, 36.835868950074826, 95.44779634550133, 31.982172366493163, 80.9178751058296, 91.28985895692328, 26.614057886630388, 46.94424191310544, 76.59846336049274, 42.96491151659994, 54.550322482717846, 94.24757314802916, 97.67630760766197, 95.7177460873847, 88.04379185017918, 98.83998166075072, 47.740283798699295, 24.076940281444074, 86.66370090724246, 70.58275677528363, 50.08151015330534, 57.529959797752475, 92.32908044834512, 63.3810625021845, 19.971696778900355, 84.43175425294511, 63.651079792656425, 55.024463476857754, 34.54195546474626, 0.0, 46.8524623608975, 60.73044140614391, 34.47592165181988, 47.432398588086585, 98.26108924150188, 58.90504852698681, 98.93510597078044, 35.90099073466463, 38.33677921421276, 105.76604158976802, 37.529946326242545, 42.39943409429711, 76.67734699538845, 54.035677590945845, 37.366580176522476, 80.64146126852982, 84.413951692299, 104.59882753101866, 42.361866581482055, 32.89277712538971], [77.28773398958633, 83.14804302473911, 61.852754554723596, 101.90210535062198, 95.2748685988484, 107.33472442416138, 82.64370006996525, 83.94615972733087, 36.09889662891437, 66.89252893151118, 88.16068190121281, 68.58519426455594, 81.98407094106898, 85.7069809791047, 19.080203280669092, 86.49720874453381, 119.67018088597223, 108.93855614886475, 78.59710706090968, 93.69353690092947, 91.43242417486638, 92.92154508513052, 70.7085081034955, 83.71428712388379, 98.86958376728029, 32.53597036588767, 80.10223383213535, 116.59463694727101, 75.42212835182235, 28.680309300096667, 96.7358240052017, 51.07673978424199, 23.636072793372247, 77.73709536625039, 46.8524623608975, 0.0, 88.0975655570422, 43.96449968105883, 89.85690089571533, 95.80096163294667, 79.67146899328418, 84.98436357685104, 49.03099426400586, 10.938205543903166, 127.48177328878505, 70.03744801649293, 61.422177064824474, 87.06620190840087, 91.7921338641649, 76.10530901032269, 99.53877672203882, 95.74040436182412, 127.38990247082975, 6.837800043634405, 77.54353258727164], [10.830696595601072, 15.300493192593638, 34.69386582878636, 48.32517656125391, 26.888440611545438, 32.00458924027838, 