instance_id,num_cities,city_coordinates,distance_matrix,best_route,total_distance
1414,83,"[[26.778066439071324, 17.346412825143442], [60.742205481551395, 10.679182578695157], [53.281372177880485, 34.18707443200309], [3.1861020329456258, 77.7527581263319], [31.479664799104434, 73.21043412591138], [30.324226063538205, 81.95802559344992], [70.78087541051471, 74.59304075516268], [5.46720097890031, 64.68076176456819], [56.217408646376356, 25.10736514219678], [35.5089378242271, 87.41324306649301], [97.92674219809446, 48.903867091528305], [93.98922435542899, 0.49334611944300555], [46.07251261257513, 97.73206673799544], [16.91534030215498, 52.443479337313626], [31.136033173114374, 38.89646229289892], [82.50127422595187, 17.42413032385688], [83.50406269472938, 99.04778470372352], [92.36504715681819, 13.20260824970646], [64.71469714068144, 50.63177946389121], [86.07397667365059, 30.760292614146945], [54.48183989636818, 68.44051247557783], [83.8272001762542, 33.40652891125947], [4.843730124402567, 51.29438320438364], [91.15628691756702, 63.79493448488612], [11.038149762278348, 73.11559988850512], [71.0128005547863, 14.438067804957145], [92.11934389872462, 12.421458973330868], [76.73944259161642, 24.689923793160386], [57.72229324257777, 54.680072487153865], [75.66058925936841, 89.11261691970604], [94.26209321847489, 62.960595514609984], [21.335364286525415, 60.62818477467785], [59.40687243281394, 78.71388291275086], [21.11492893695268, 42.458323322426864], [28.38139159095927, 1.1554429869502725], [67.9524112144856, 58.91583267927631], [22.882251907636864, 22.239861218511724], [0.08841087985588247, 87.95066710072724], [20.54216574715808, 59.41086310195265], [66.4128043833054, 22.552929521516507], [42.1692808761953, 62.01286891912683], [57.439610078144064, 24.726869015730934], [44.35696344347204, 51.39108481361294], [97.41675034047022, 8.041626306265648], [27.08937669759256, 50.69307364294434], [68.91999988855679, 96.04509138918539], [26.085844616259802, 34.991712424561236], [28.251929997638058, 16.070053902373814], [88.68877365913109, 94.5137557912789], [92.91994929664695, 86.26234382961148], [81.0889043943856, 7.193422841461283], [89.14026569650052, 80.38371483352176], [72.96631330544551, 98.4559892831927], [31.62149104623716, 54.39987008955674], [85.83125413953002, 93.76383888582497], [37.61025545311109, 37.1480155443744], [62.78480091409136, 52.70299691166227], [19.02270151752006, 1.3975264227813589], [95.18259096791091, 96.5819148779706], [46.860686674749005, 90.31480147063544], [71.63935077053802, 38.730660819513304], [99.57794972635628, 23.243609874845315], [68.27965861167495, 60.81984976466214], [16.693425879989388, 77.37997675683764], [6.5098634605286865, 19.373277524908072], [84.69983689297467, 31.512005166990985], [69.66937106075865, 74.17282779142421], [22.010050732253518, 40.101474720101535], [34.1085034363298, 94.037721862018], [67.81181012610891, 54.41285250895997], [17.991521003066325, 79.4455822924206], [67.52827873254964, 84.35781635731968], [96.00978520024324, 55.227898811270606], [9.728401475246695, 27.71084589636954], [31.09134981914624, 14.157627836047082], [14.645908492144722, 47.33213256029934], [83.47809913361831, 2.2002029384190602], [36.45456692952342, 14.043564909021299], [95.75936903933744, 92.11740373320673], [74.83963101821277, 94.20914785348933], [3.058191693207646, 57.64531203924431], [81.3828795030444, 75.0519169468824], [90.52776000659377, 41.900568092886594]]","[[0.0, 34.612348953170944, 31.40116396634926, 64.84988309308132, 56.06151891477539, 64.70885374200182, 72.20404148477698, 51.91043802724776, 30.44515150999231, 70.60870212101501, 77.83319974173989, 69.29188701315873, 82.66879101655626, 36.456514433109355, 21.986279951772964, 55.72326198338959, 99.4633239844666, 65.71775373542155, 50.46883772454256, 60.79421963921504, 58.12147695010636, 59.26660939232562, 40.41756799257925, 79.38526586434908, 57.94779722043464, 44.33023993894507, 65.52661833561899, 50.498180763206584, 48.49069308873271, 86.8325347287483, 81.45395958939802, 43.62264079366162, 69.50255653953087, 25.742555723771403, 16.270161518680673, 58.50934399473182, 6.254854757857653, 75.4804506854646, 42.52416294919347, 39.97524569052353, 47.243854434680486, 31.537301595284642, 38.31523601250302, 71.24887869632505, 33.348113916299944, 89.27163358305513, 17.658872246131413, 1.9497091806227516, 98.9329797839989, 95.52043872469312, 55.251699747764825, 88.67212268079975, 93.33872477055417, 37.36866945946834, 96.57588717337953, 22.570772895187677, 50.4635805885955, 17.734504857533462, 104.67780930827792, 75.68155242230445, 49.69729262397913, 73.03834568009687, 60.10259455460656, 60.87469731790618, 20.369296318001677, 59.6288143342636, 71.196246039172, 23.24923258139578, 77.04084753142435, 55.29637485231293, 62.717702678148115, 78.42899977250578, 78.9179185175531, 19.95275791129122, 5.364024908920239, 32.34706546944394, 58.68817071178318, 10.224649925486549, 101.73063053870827, 90.6520492092302, 46.76145566412279, 79.44564692728908, 68.31493226861497], [34.612348953170944, 0.0, 24.66343473589975, 88.38308424654088, 69.03950830686075, 77.49791567130517, 64.6974200485945, 77.27545973552157, 15.121052823310364, 80.7764435687236, 53.32744393770965, 34.77233855199566, 88.28026126673304, 60.53966134027295, 40.8991480745807, 22.780504663165566, 91.25301082881961, 31.723363515492956, 40.14960383182922, 32.325680379301986, 58.099599040928496, 32.39520414158214, 69.09583250181375, 61.20702124884546, 79.80475776186114, 10.936834153564169, 31.425472825174054, 21.265287783953365, 44.104400944434175, 79.83960043153961, 62.10417870378447, 63.62233847748981, 68.04780351999474, 50.796011976847275, 33.7331275080285, 48.77254842262329, 39.58567133739271, 98.23321800604575, 63.17293630398729, 13.158326579270371, 54.59030025282938, 14.430683650883841, 43.88547755501752, 36.769266292640125, 52.28407370570937, 85.75671815318134, 42.33393976387555, 32.93447273980625, 88.36994024350233, 82.14755907336468, 20.64312664291069, 75.26733448738595, 88.62390539424965, 52.531081519853814, 86.79009434397628, 35.152328951056546, 42.07342590273254, 42.739515111912986, 92.54955196504207, 80.83642966315351, 30.093740328253936, 40.81764158214116, 50.70404032759831, 79.93304027986117, 54.92480503396394, 31.74861571535087, 64.11815084419149, 48.64001527937488, 87.5100003204372, 44.30139044544424, 80.97183925888581, 73.99048496700493, 56.81892551945009, 53.78183480098354, 29.854192719301217, 58.89233684011496, 24.26548898947461, 24.51955250200472, 88.64753582837976, 84.71123010303906, 74.38590433166014, 67.60093456527603, 43.15036699484762], [31.40116396634926, 24.66343473589975, 0.0, 66.38904191693317, 44.70052624332206, 53.00088992257205, 44.03265524468497, 56.71031594499917, 9.542611326661724, 56.114921815521384, 47.008435949574796, 52.84313159257079, 63.95258949722772, 40.691333161410796, 22.640547114863818, 33.68677738923271, 71.55643059173151, 44.36081007843739, 20.028710474986003, 32.97116533037908, 34.27446776462247, 30.555799112708282, 51.36988593655256, 48.07426071662081, 57.44492957843675, 26.541040202683188, 44.521119299540075, 25.30764583663727, 20.968661120617256, 59.309734232660524, 50.07329640135788, 41.46902140571951, 44.946172549555115, 33.21285337003081, 41.36541682554227, 28.753275828428222, 32.662553739310695, 75.63078095789857, 41.32910781253004, 17.54388325211586, 29.9625334699293, 10.333751930119739, 19.38099699368754, 51.298304682030476, 30.959144645661908, 63.804239189478515, 27.207428427801442, 30.898210445349537, 69.94992897407447, 65.4450187472957, 38.75456197873393, 58.4806791065815, 67.21599752547873, 29.626129665059835, 67.88877431875973, 15.948387745232363, 20.812365147118356, 47.42162981239781, 75.15868712509382, 56.49377793043535, 18.911889257005505, 47.572392300743104, 30.565557705856367, 56.606577581938836, 49.061416678505864, 31.532141072661574, 43.21373600032371, 31.825707780402748, 62.84662993011385, 24.904130697248327, 57.39081921084596, 52.15436407161145, 47.628075438430194, 44.03183840211797, 29.89273863702319, 40.8104350308606, 43.98866066143003, 26.246949361184715, 71.83525088915498, 63.77623242275331, 55.43155030877099, 49.594657652938075, 38.0367110926196], [64.84988309308132, 88.38308424654088, 66.38904191693317, 0.0, 28.65586155269746, 27.462011040159233, 67.66858356601378, 13.26953282083432, 74.72520915716278, 33.735599637018844, 99.0355865981526, 119.22341954147298, 47.31191166085609, 28.79325574284667, 47.864500171164806, 99.65159242348209, 83.0930379863419, 110.08908257634579, 67.2407279819326, 95.28216820248747, 52.13416002980148, 92.03029259626673, 26.51024961029163, 89.07061395005746, 9.119094805207583, 92.7858342790765, 110.3508049711286, 90.69596625434569, 59.21608712383731, 73.35937356969673, 92.26941121064027, 24.952890269974663, 56.22898527636595, 39.58711864080222, 80.63467803912837, 67.45001530983339, 58.90348073742816, 10.6580034682854, 25.25189222092377, 83.9323356526076, 42.04084139238747, 75.86295572399062, 48.88739765145299, 117.21372351431823, 36.1053052062164, 68.2316259771905, 48.50675458006825, 66.58116649575804, 87.13000572672803, 90.13643211036666, 105.1069284662451, 85.99441949508287, 72.7866860460698, 36.79577051775621, 84.18180250985054, 53.233142485129704, 64.64901735709097, 77.98024936955328, 93.90362676882597, 45.44528882753644, 78.79448801124043, 110.73678496711118, 67.25990256945768, 13.512466964191221, 58.474021114675445, 93.71604027634709, 66.57958367117773, 42.094657461136954, 34.94846137420969, 68.71123154747396, 14.901881912634515, 64.68030996120693, 95.51756615359372, 50.46775863483526, 69.44813496882084, 32.50756256490257, 110.24968659291984, 71.8724707866332, 93.6811230059067, 73.51898379938756, 20.107852923675015, 78.24340579106178, 94.41368940879288], [56.06151891477539, 69.03950830686075, 44.70052624332206, 28.65586155269746, 0.0, 8.823570431214337, 39.32552296681733, 27.375236703803868, 54.091230493539754, 14.763293091774841, 70.75325643293267, 95.89170936043509, 28.535270688555613, 25.36505389791445, 34.3156924110698, 75.59971111321053, 58.08706104876606, 85.4866594927766, 40.17913663946047, 69.15600771750807, 23.491534895691707, 65.76180753597744, 34.49327911332847, 60.41482318901483, 20.44173501768799, 70.83120686280594, 85.86308974993833, 66.3527498207735, 32.12553268173668, 46.95565465171166, 63.61361890186015, 16.162296607417137, 28.464308787772936, 32.45181148043917, 72.1215712870156, 39.17393089286344, 51.690567910740896, 34.67975332632265, 17.608436783445846, 61.534600136456206, 15.480741533782915, 54.99613481585627, 25.335919655468004, 92.7074579649518, 22.941363358226166, 43.85430724503204, 38.597460857550125, 57.23147144743912, 61.04681523664029, 62.81131192749045, 82.57918885623195, 58.105084562015485, 48.56418494619287, 18.811098693329267, 58.10798319555673, 36.57980557243268, 37.42414365452105, 72.88531845973517, 67.85491076563497, 23.002939294844907, 52.93066355700409, 84.4633644592145, 38.829964272691036, 15.362875613773092, 59.34585419192223, 67.6102484490576, 38.20183066187863, 34.43656172602986, 20.992539318127914, 40.906892557471565, 14.859579257870143, 37.73283314483153, 66.98886486071976, 50.43143846096065, 59.05408300220989, 30.871699715481558, 88.01301100713383, 59.37565211545741, 67.00264082066481, 48.17709672380629, 32.40452374410192, 49.93717950352685, 66.83550896521014], [64.70885374200182, 77.49791567130517, 53.00088992257205, 27.462011040159233, 8.823570431214337, 0.0, 41.12156949889456, 30.2716953848162, 62.46962860472175, 7.525997191045208, 75.25076466052086, 103.39113119271468, 22.289659110457304, 32.41769051100702, 43.06921481372187, 82.98836059116748, 55.85834665085749, 92.60869773428797, 46.519223956097086, 75.69176015465443, 27.68236743828067, 72.24829457493587, 39.868717534789724, 63.48572679245512, 21.216532031542894, 78.83213046651531, 93.02672027744947, 73.71572294400096, 38.66187800426218, 45.897429174954524, 66.70047380583397, 23.146527718005494, 29.263027553093004, 40.559063513168056, 80.82593619419474, 44.12281690971203, 60.18008088769274, 30.823956138960124, 24.577698029947395, 69.50791986858484, 23.19729721924832, 63.32968761554829, 33.63414317345178, 99.82505145219393, 31.431854397852213, 41.086240761176605, 47.15716753549518, 65.92055236835316, 59.699805500846495, 62.743539289349165, 90.37034021567625, 58.837105405305415, 45.72231851354987, 27.58867215384051, 56.748633404896744, 45.398493640912456, 43.69834805573984, 81.34936068397552, 66.486582374752, 18.528093064523294, 59.795857673035535, 90.79350667499902, 43.44464681965899, 14.379055768521157, 66.96248619182586, 74.17215130991578, 40.1079760106262, 42.674305646987904, 12.658586697379773, 46.51941013279096, 12.586023416849178, 37.281369753657536, 70.91609377914828, 58.02537803029811, 67.80473740763586, 38.01002644319853, 95.84698480923404, 68.19057888880229, 66.21911280325233, 46.170458898619344, 36.53142032077182, 51.52359098212966, 72.31227697038781], [72.20404148477698, 64.6974200485945, 44.03265524468497, 67.66858356601378, 39.32552296681733, 41.12156949889456, 0.0, 66.06155722162703, 51.58417058615802, 37.529550602084335, 37.37421206085007, 77.64916101192469, 33.851406404886845, 58.24172854159637, 53.347532557194384, 58.35796490879, 27.56653761825876, 65.07427812262615, 24.71721184660563, 46.42401055314207, 17.421600469603852, 43.20341824162906, 69.93235711850654, 23.059845903776232, 59.76099145257639, 60.15542003770321, 65.73154355921766, 50.257592514713465, 23.812872012411404, 15.317627076171766, 26.20460593138777, 51.379721416802475, 12.097490806960838, 59.155272830040296, 84.79856717026826, 15.930318978691394, 70.95867488240779, 71.94338554034121, 52.48263014496008, 52.223110034820905, 31.255144620053922, 51.620000432150476, 35.16466810813996, 71.68375407603239, 49.80115950202762, 21.532610945096657, 59.715249168428414, 72.34397824354934, 26.786707659452, 25.026210795463278, 68.18331142182272, 19.250951092216976, 23.9628139258312, 44.059295560863355, 24.372800431083032, 50.02419356066695, 23.304746873174185, 89.64648282626213, 32.847439890085255, 28.624276220530632, 35.87265357612444, 58.873045962346744, 13.998459755830405, 54.15920244053226, 84.73479349287767, 45.27375747714695, 1.1882848372425305, 59.73492669576714, 41.50853514110416, 20.397434797425912, 53.01191468081495, 10.29224114126705, 31.80419173136378, 76.97626107050425, 72.3028185921676, 62.40425968261509, 73.49790784393724, 69.60269017196556, 30.512758671601276, 20.03160389923986, 69.81108363650267, 10.611929991162947, 38.193418543311004], [51.91043802724776, 77.27545973552157, 56.71031594499917, 13.26953282083432, 27.375236703803868, 30.2716953848162, 66.06155722162703, 0.0, 64.35555375042205, 37.673222039350804, 93.79593364313858, 109.3442863156313, 52.35628036171348, 16.757415527731094, 36.38294992794626, 90.37387706718867, 85.26924446807219, 101.00116811037756, 60.89039090960908, 87.45313325026419, 49.158626441538146, 84.37041611117178, 13.400889778778744, 85.69366452062624, 10.108509510508513, 82.58664492568712, 101.19105000356447, 81.72514635139403, 53.20346279622064, 74.32380039135641, 88.81155251297636, 16.377484147952895, 55.73523702036008, 27.178818233395916, 67.53166855041971, 62.75058490200499, 45.874982703111115, 23.88346451592361, 15.969545850726316, 74.08860117336363, 36.798917389268155, 65.55489953744681, 41.09779967360252, 107.9940336002861, 25.752163050855, 70.78120415951499, 36.14648138004296, 53.68561069151506, 88.4072264691563, 90.07634469025336, 94.99176892720644, 85.13380347618373, 75.47778586316915, 28.10237752503718, 85.46465009140029, 42.32290237398277, 58.55573510086029, 64.71877216215167, 95.21835311978992, 48.688033947826064, 71.07855616925175, 102.82932746322301, 62.93100567558195, 16.94987277090048, 45.3194800629668, 85.89515124919211, 64.90006133031048, 29.627811758148873, 41.01408675834703, 63.184493748067744, 19.361263318477377, 65.10578967642303, 91.03469764596795, 37.214681363297316, 56.64966077344468, 19.62711407418063, 99.94758857588144, 59.36617348242385, 94.3686650089397, 75.39535552390275, 7.436456049497861, 76.62082683968399, 88.05813946378294], [30.44515150999231, 15.121052823310364, 9.542611326661724, 74.72520915716278, 54.091230493539754, 62.46962860472175, 51.58417058615802, 64.35555375042205, 0.0, 65.65716402426403, 48.02022501356086, 45.083921684023004, 73.32984520245107, 47.873956546564195, 28.62192509008172, 27.38382163027917, 78.81463781613861, 38.057522338571566, 26.901666086340626, 30.387007805481325, 43.36788969620858, 28.830135407053447, 57.662940957502435, 52.12919754316649, 65.92386545685102, 18.2410944680924, 38.07730518549175, 20.52627912042197, 29.61097258379675, 66.89326967230546, 53.66810108264925, 49.78439159099829, 53.701316806291885, 39.15660648629544, 36.72245117690892, 35.787187127228805, 33.458261364701514, 84.2599845200858, 49.49194811475094, 10.510529747486142, 39.488809843756115, 1.2800600150268535, 28.83581245910517, 44.59400405932292, 38.769456079426696, 72.06605878885438, 31.711377644299834, 29.389470742061146, 76.62660509721506, 71.32326344498625, 30.651274516687266, 64.33808632171579, 75.23660326367529, 38.249313832851236, 74.77092504310673, 22.16310925987376, 28.366345093331567, 44.10898650504321, 81.4057534409088, 65.87532162032848, 20.57742656389722, 43.40057725935459, 37.694554409558556, 65.53297749021282, 50.03718426536241, 29.193631714293748, 50.87607411918382, 37.34925243561265, 72.38921029482658, 31.51573790151107, 66.4368898217236, 60.320409077707254, 49.90671077434923, 46.561850261718476, 27.408312229378787, 47.139472969710155, 35.60734932666832, 22.649008550596566, 77.80688853621602, 71.56705624758374, 62.32672248200722, 55.926372834367996, 38.19963188048583], [70.60870212101501, 80.7764435687236, 56.114921815521384, 33.735599637018844, 14.763293091774841, 7.525997191045208, 37.529550602084335, 37.673222039350804, 65.65716402426403, 0.0, 73.34135491546066, 104.76169337146698, 14.767099724474711, 39.60563399426193, 48.71345103480878, 84.30157521063471, 49.38516548968483, 93.48708728134599, 46.96650340402381, 75.93668381487096, 26.831614172734817, 72.4664035989397, 47.38066062236862, 60.45206333428202, 28.341525520301076, 81.15356106322302, 93.96012855139648, 75.06110380242309, 39.558736267960874, 40.1875973959886, 63.63855153189173, 30.30395245713954, 25.43206923631676, 47.20309630778857, 86.55177635305779, 43.18195646797233, 66.38526115591469, 35.42460378902634, 31.751181869111964, 71.84642817464193, 26.259077980692492, 66.41186548457121, 37.09290285963543, 100.65997614582825, 37.673065339301154, 34.50808417939857, 53.26172697584102, 71.71132966765063, 53.651768101174305, 57.42254615862813, 92.26458101283058, 54.09005080901137, 39.05121281019858, 33.24146563805528, 50.721450951228896, 50.309130718268314, 44.144919248153144, 87.58138784748664, 60.373913425413036, 11.716707862619732, 60.62508188782012, 90.67844346957983, 42.203420575052085, 21.323459441756103, 73.96203907986431, 74.46269502165788, 36.63664552826589, 49.1998310645927, 6.770888847645156, 46.17901402045521, 19.244311115157608, 32.164791691825194, 68.5291829664062, 65.03085638602852, 73.38869290683527, 45.185854117423055, 97.78702697492719, 73.37577180061389, 60.433795091695174, 39.913503341517774, 44.03612882739478, 47.510218991148626, 71.40360199309292], [77.83319974173989, 53.32744393770965, 47.008435949574796, 99.0355865981526, 70.75325643293267, 75.25076466052086, 37.37421206085007, 93.79593364313858, 48.02022501356086, 73.34135491546066, 0.0, 48.57038796993513, 71.2253761423764, 81.08869275056752, 67.53626405763933, 35.055939427170976, 52.176873780971285, 36.13187421962663, 33.25696345221851, 21.672040637506413, 47.635491483437484, 20.95148147266101, 93.11370309464064, 16.357962978902545, 90.19886640368361, 43.72929881945978, 36.94173760274741, 32.174783832548755, 40.61726559714724, 45.962214148534244, 14.526571037381778, 77.48353886812475, 48.7074677025578, 77.08177275428945, 84.35915952367003, 31.60221468260072, 79.64072282539156, 105.34225964016436, 78.09461977405287, 41.07919409400641, 57.27774805261692, 47.15649587549343, 53.62748780071883, 40.86542320455798, 70.85995774155758, 55.350574772932006, 73.17556021542485, 77.02362458174221, 46.53602915946432, 37.69248942890197, 44.98081748303333, 32.68306875389998, 55.483653666666754, 66.53264145714652, 46.462004915414134, 61.451433008974455, 35.34670316448978, 92.10157457642502, 47.75695349056924, 65.74653993073794, 28.187250201439184, 25.71332897016098, 31.952154985956284, 86.07984956833997, 96.06821242362628, 21.850123229693168, 37.907774907609955, 76.4252978704057, 78.16541719390524, 30.61467056869596, 85.5712332206945, 46.701703390854725, 6.608184419635814, 90.708827870511, 75.3277559525512, 83.29566382588418, 48.88758054691453, 70.66872717479507, 43.267854759520766, 50.84862994764297, 95.27042948718248, 30.942202638318303, 10.187793398696323], [69.29188701315873, 34.77233855199566, 52.84313159257079, 119.22341954147298, 95.89170936043509, 103.39113119271468, 77.64916101192469, 109.3442863156313, 45.083921684023004, 104.76169337146698, 48.57038796993513, 0.0, 108.40378246067175, 92.947296595501, 73.65679176852969, 20.460314072706304, 99.11062495874862, 12.812622505491838, 58.05911161809721, 31.28480775036294, 78.59803332542297, 34.446252871766134, 102.60440785170722, 63.36494791377046, 110.24913840323876, 26.8769662267375, 12.073786861521524, 29.715809630891748, 65.20346315030719, 90.4948287011744, 62.467845363950325, 94.31215299738919, 85.52421552246372, 84.09353271439078, 65.6111735325058, 63.96172741859233, 74.35800192074214, 128.32048069033155, 94.15808104242086, 35.314078755532805, 80.43605054757346, 43.85359661171728, 71.09107628537194, 8.290022204850365, 83.63971700140729, 98.78563680750436, 76.16433717773646, 67.55757318641389, 94.16969901429937, 85.77566273342468, 14.53648111401882, 80.03738759696903, 100.19302493010015, 82.43571728727132, 93.62658436003743, 67.2469547648035, 60.82403865374103, 74.97197535364575, 96.09597894778986, 101.43467309221995, 44.29005627375991, 23.426659006610787, 65.57643488928815, 109.02382506923394, 89.49352151108636, 32.37977653622139, 77.58944054268018, 82.15719862995296, 111.06867682141124, 59.93805289649114, 109.58606896657689, 87.93992842581054, 54.77183513907534, 88.54760621582295, 64.36501546657692, 92.13703754426362, 10.64880808490178, 59.108757679059295, 91.64115530596645, 95.65227869546985, 107.40018579833135, 75.6167998156993, 41.55165179624375], [82.66879101655626, 88.28026126673304, 63.95258949722772, 47.31191166085609, 28.535270688555613, 22.289659110457304, 33.851406404886845, 52.35628036171348, 73.32984520245107, 14.767099724474711, 71.2253761423764, 108.40378246067175, 0.0, 53.86275936014351, 60.701950285516325, 88.18400832226642, 37.45466666943069, 96.37545386068648, 50.65538574804371, 78.00856142966164, 30.474775413021526, 74.58680345563725, 62.09888048447351, 56.42938641477931, 42.81795208178821, 86.9477326955533, 96.94436790588487, 79.2187808560138, 44.600354232917034, 30.818001149109634, 59.42466567016791, 44.59399695085414, 23.227063263064352, 60.64707490139823, 98.18360361156235, 44.55816411535769, 78.97380126193099, 47.01290664305945, 46.04685938458311, 77.8821554782134, 35.93182865943996, 73.88484147143228, 46.37272597839764, 103.34701666084162, 50.72500685621409, 22.90968268339037, 65.8469358206606, 83.5838351901911, 42.73760909243705, 48.231077817764195, 97.07416614136156, 46.43055749718519, 26.903542137779556, 45.67834597147457, 39.956280608859835, 61.17219184616646, 48.03038319332654, 100.06016159302249, 49.12354471501765, 7.45902422563894, 64.30263691135042, 91.71347778047763, 43.07747781975832, 35.73986994718838, 87.77985563253665, 76.66268150495887, 33.34440685280289, 62.452279446589195, 12.521409650352602, 48.46804491418036, 33.510261162091155, 25.282809832770795, 65.57694323951287, 78.89148105159535, 84.90654907849404, 59.39515814995657, 102.5939321012898, 84.23936263731072, 50.00308132736456, 28.98202992943706, 58.79778657766108, 41.96678692116986, 71.3682370653934], [36.456514433109355, 60.53966134027295, 40.691333161410796, 28.79325574284667, 25.36505389791445, 32.41769051100702, 58.24172854159637, 16.757415527731094, 47.873956546564195, 39.60563399426193, 81.08869275056752, 92.947296595501, 53.86275936014351, 0.0, 19.64051365244346, 74.34964380535354, 81.27742139463408, 85.04413106245967, 47.83367820488139, 72.47811787868439, 40.830711002733516, 69.5672514430111, 12.126178054371884, 75.10375282447484, 21.491345623878672, 66.11313418322263, 85.19040011038749, 65.9483362950298, 40.86819982822576, 69.25048682920149, 78.0585031843744, 9.301936095180903, 49.956625254586285, 10.83235363820584, 52.554095985314824, 51.44583525508628, 30.787376984310516, 39.29256846592425, 7.854826499183631, 57.82252086129958, 27.00619801981899, 49.09609891422746, 27.461795550611455, 91.93476801921973, 10.323513775385244, 67.86446192389255, 19.71452047989132, 38.09913836026819, 83.19455448983038, 83.18903884499457, 78.52269698104783, 77.44092334032665, 72.51801601074882, 14.835711458609971, 80.35406208312529, 25.73384397532532, 45.870194747803055, 51.0894341350995, 89.85523923930648, 48.28002495339518, 56.4159437876016, 87.66834875508516, 52.0428359809287, 24.937484828360148, 34.66860533991601, 70.9426852396618, 57.05394241873089, 13.352196536069988, 45.007620129954375, 50.93455674912518, 27.023540273236048, 59.83472607094854, 79.14344069816318, 25.755683773214553, 40.82604157890966, 5.59251165534599, 83.39656879363362, 43.0852040182687, 88.26324911581659, 71.41144531208879, 14.801338825570019, 68.31694564135591, 74.36357517125111], [21.986279951772964, 40.8991480745807, 22.640547114863818, 47.864500171164806, 34.3156924110698, 43.06921481372187, 53.347532557194384, 36.38294992794626, 28.62192509008172, 48.71345103480878, 67.53626405763933, 73.65679176852969, 60.701950285516325, 19.64051365244346, 0.0, 55.67269553923941, 79.75332033055247, 66.40155336292575, 35.57027330441212, 55.5371487664748, 37.6547154119663, 52.97639520284115, 29.068774355530206, 64.97972589234, 39.684685905051424, 46.780013229367036, 66.48225317953258, 47.76501530132776, 30.91846657331719, 67.11257915012196, 67.55724953373043, 23.83948138382227, 48.83305578464224, 10.63528956379128, 37.84141366939304, 41.90728913628422, 18.58943959697613, 58.05402535047169, 23.088323187127344, 38.87880721505501, 25.61446486239083, 29.877341441955227, 18.190893027798104, 73.11056265671233, 12.471385968484142, 68.50980913955739, 6.383688275132801, 23.007889323834714, 80.03500030321564, 77.85100529414888, 59.16394217518232, 71.31397558681233, 72.78124477677494, 15.511006500419228, 77.47255133758668, 6.706162849441682, 34.529189068111876, 39.40689019942594, 86.19497088175602, 53.76904622125285, 40.5036569525067, 70.20902883748141, 43.13100774335268, 41.10437678544229, 31.42615118334064, 54.070428849641026, 52.242129469891516, 9.205194754083882, 55.22131912888959, 39.82299562367051, 42.62639244557473, 58.23341180309515, 66.89782896948907, 24.153772150160226, 24.738874810420167, 18.52254693216427, 63.924231083564834, 25.415611534873868, 83.7176453698463, 70.49466397204002, 33.762176306953414, 61.90284700512456, 59.46765396347964], [55.72326198338959, 22.780504663165566, 33.68677738923271, 99.65159242348209, 75.59971111321053, 82.98836059116748, 58.35796490879, 90.37387706718867, 27.38382163027917, 84.30157521063471, 35.055939427170976, 20.460314072706304, 88.18400832226642, 74.34964380535354, 55.67269553923941, 0.0, 81.6298140328461, 10.729178209640773, 37.67108023162981, 13.806427032825951, 58.20446673581234, 16.037304768329793, 84.72241843853908, 47.171609292375706, 90.60087163146189, 11.87019783574994, 10.841309186241514, 9.273104039155509, 44.74374956403794, 72.014124178631, 47.03069769250249, 74.88563854109499, 65.49645155724643, 66.29475248486779, 56.51222773959101, 43.968520321670255, 59.81320160500921, 108.47060631637282, 74.8452861098557, 16.88619089930169, 60.12341721061873, 26.10396525931089, 51.0758498938546, 17.621089902809153, 64.63204296060931, 79.7853779301915, 59.08739830887047, 54.26624063040761, 77.33754265518782, 69.62218345392924, 10.327737609537909, 63.30865256326067, 81.59091644393557, 62.89640425044613, 76.41230182078705, 49.033001281337995, 40.41457345534503, 65.47046071093156, 80.16714195869389, 81.13754631009478, 23.91546827711318, 18.04104177675127, 45.66664884207433, 89.0245832645139, 76.01640405156402, 14.25839736424249, 58.18137505341704, 64.60224507422674, 90.61734201063886, 39.79881812852378, 89.48837223442187, 68.58796483401164, 40.14479767781282, 73.49630960572172, 51.51359399242433, 74.15415872790801, 15.25523359169964, 46.17063434009695, 75.86080786997071, 77.16631190920465, 89.04463386912559, 57.63863806358705, 25.758891277538147], [99.4633239844666, 91.25301082881961, 71.55643059173151, 83.0930379863419, 58.08706104876606, 55.85834665085749, 27.56653761825876, 85.26924446807219, 78.81463781613861, 49.38516548968483, 52.176873780971285, 99.11062495874862, 37.45466666943069, 81.27742139463408, 79.75332033055247, 81.6298140328461, 0.0, 86.30128252846944, 51.9340911281512, 68.33583272151616, 42.179313998754594, 65.64205115506113, 92.02084152425239, 36.07381299652654, 76.96614025936482, 85.5268134770504, 87.05368102367643, 74.66492860998457, 51.31465213188376, 12.658105483356982, 37.656612225752774, 73.08223259095297, 31.530019672747965, 84.23046450347415, 112.34509084249261, 43.03983546733771, 97.8491750257313, 84.15056141699198, 74.39950282966628, 78.38095419178464, 55.4990916606568, 78.75883568783838, 61.67379041540952, 92.06347670923114, 74.3020516400926, 14.889964911831019, 86.02343961467685, 99.69002947395616, 6.887571848138575, 15.878489186493328, 91.88610766997988, 19.49651990476626, 10.55435379410383, 68.44879487803168, 5.773725264267506, 77.05727068298957, 50.76541307057195, 117.01888258567688, 11.936018457804892, 37.669642980669074, 61.4729763612208, 77.48963005326993, 41.147994961956954, 70.23642283611989, 110.79771572511278, 67.54636476944803, 28.463347905610245, 85.18321999036182, 49.648987946663155, 47.31304220517336, 68.38230369237044, 21.7030146114448, 45.56945791879151, 102.62459269968407, 99.76688430534969, 86.1159339309897, 96.8475852455488, 97.1564328012622, 14.079158852598113, 9.923949961858373, 90.47487443443303, 24.089439336283736, 57.577223711243725], [65.71775373542155, 31.723363515492956, 44.36081007843739, 110.08908257634579, 85.4866594927766, 92.60869773428797, 65.07427812262615, 101.00116811037756, 38.057522338571566, 93.48708728134599, 36.13187421962663, 12.812622505491838, 96.37545386068648, 85.04413106245967, 66.40155336292575, 10.729178209640773, 86.30128252846944, 0.0, 46.53476887012152, 18.650733177693052, 66.98032140565431, 21.93383781197113, 95.45137114932596, 50.606764124994626, 101.01302295710573, 21.3879591187809, 0.8188798953570092, 19.39376024454599, 54.04165465945088, 77.72623964869962, 49.79413700843051, 85.4072664202542, 73.33463294457017, 77.02256948947505, 65.10792862961185, 51.82350510531965, 70.06804390634746, 118.75289429982944, 85.40333196354949, 27.58527529065843, 70.01468773847158, 36.77763914853367, 61.34440352713266, 7.221872310989864, 75.27581384019032, 86.09615121552102, 69.7688881246866, 64.17720807605889, 81.39421171899853, 73.06184284146156, 12.7773903779069, 67.2584589274298, 87.43254458539556, 73.39614425881301, 80.82575290585696, 59.761774948740346, 49.34847183273178, 74.28633535728271, 83.42689810209606, 89.53735067682082, 32.882152586214445, 12.363158055840355, 53.36204297873289, 99.22161506024744, 86.07665029976208, 19.84916783806314, 65.057369947013, 75.32180653232271, 99.64005459137651, 47.97025829192012, 99.5969527775148, 75.36530174157394, 42.18304353871449, 83.90056119665493, 61.2811394136803, 84.88279533831394, 14.143223387930398, 55.916804337779936, 78.98776086992733, 82.8806350688177, 99.75403928123826, 62.81675726025786, 28.75671266388353], [50.46883772454256, 40.14960383182922, 20.028710474986003, 67.2407279819326, 40.17913663946047, 46.519223956097086, 24.71721184660563, 60.89039090960908, 26.901666086340626, 46.96650340402381, 33.25696345221851, 58.05911161809721, 50.65538574804371, 47.83367820488139, 35.57027330441212, 37.67108023162981, 51.9340911281512, 46.53476887012152, 0.0, 29.173529299470683, 20.53928769125237, 25.72930292265451, 59.874633486822, 29.536863747457062, 58.19530839640114, 36.73759478061702, 47.02173174102016, 28.593257575883356, 8.07975177071749, 40.00734189589175, 32.016375812862776, 44.51622892843893, 28.579320097614353, 44.35927380734854, 61.384175186679414, 8.894286373793106, 50.557437591594635, 74.62744971065916, 45.036483424395875, 28.13015076912756, 25.25519732108683, 26.907086001548034, 20.371889109766208, 53.69679161245873, 37.625370369227035, 45.607603217285536, 41.674931845754124, 50.23988715669502, 50.003841765507296, 45.443078309037695, 46.42203667704229, 38.49397430135906, 48.53085837043445, 33.30703824377953, 48.023780874300655, 30.273134106533547, 2.830978834494855, 67.1697114519858, 55.13354241148995, 43.51445650936447, 13.769075963224452, 44.334616433334595, 10.793781855453572, 54.96825039889258, 66.06736416116247, 27.658119604974917, 24.056802572526912, 43.983794093574225, 53.111344631234815, 4.887598819118546, 54.8934460735339, 33.84319438101252, 31.63078958406007, 59.57232500594004, 49.607390800923525, 50.17739796382653, 51.93922274246326, 46.231292474522064, 51.815332424968794, 44.73814168902332, 62.05412398205218, 29.5663900054298, 27.249738834064125], [60.79421963921504, 32.325680379301986, 32.97116533037908, 95.28216820248747, 69.15600771750807, 75.69176015465443, 46.42401055314207, 87.45313325026419, 30.387007805481325, 75.93668381487096, 21.672040637506413, 31.28480775036294, 78.00856142966164, 72.47811787868439, 55.5371487664748, 13.806427032825951, 68.33583272151616, 18.650733177693052, 29.173529299470683, 0.0, 49.17176095036958, 3.471393260552402, 83.78545118825623, 33.4233068523061, 86.16465269806821, 22.20932346572446, 19.30956457798898, 11.134761072940146, 37.09412113191087, 59.274213527478146, 33.22506221865046, 71.29641587010907, 54.86967533271914, 66.00395295215627, 64.84505759865208, 33.48321327247292, 63.76356193055215, 103.26788687096436, 71.52113976008971, 21.305457159256402, 53.891983065811175, 29.2631022047182, 46.53964739471539, 25.392839803093263, 62.26153542820455, 67.50084348095805, 60.137184015772824, 59.65896575714207, 63.80706254289722, 55.922670092538176, 24.088343581745537, 49.7180667477527, 68.95301433934297, 59.362469744945486, 63.0040138168676, 48.882873061794605, 31.997937112380207, 73.19867169882203, 66.4488736684309, 71.30513051439932, 16.488941575853907, 15.455025319018938, 34.93157212860368, 83.58861033655272, 80.37482332193977, 1.5663115587070677, 46.40861230238264, 64.74136459916036, 81.88066597798304, 29.88227428740771, 83.69873476459779, 56.71540763780615, 26.408029916952067, 76.40645246089957, 57.4346387953787, 73.32526715493604, 28.677818998111807, 52.35966776558936, 62.11684079341088, 64.43576455268362, 87.26067169926553, 44.53935763677146, 11.997579910924134], [58.12147695010636, 58.099599040928496, 34.27446776462247, 52.13416002980148, 23.491534895691707, 27.68236743828067, 17.421600469603852, 49.158626441538146, 43.36788969620858, 26.831614172734817, 47.635491483437484, 78.59803332542297, 30.474775413021526, 40.830711002733516, 37.6547154119663, 58.20446673581234, 42.179313998754594, 66.98032140565431, 20.53928769125237, 49.17176095036958, 0.0, 45.70043954210114, 52.51601365981818, 36.96750544976384, 43.6945151567714, 56.47598330878017, 67.488636545829, 49.086809712972745, 14.136840048751289, 29.595190939234165, 40.155921658829904, 34.054681168088344, 11.392896279016592, 42.28977299730607, 72.17003517965584, 16.497751872863223, 55.97351282200017, 57.78660098735347, 35.12030821569153, 47.4132701145409, 13.889338044486735, 43.81359411167747, 19.829173124136677, 74.10419681324798, 32.639219126908415, 31.152419504070988, 43.87658570126925, 58.571948101998274, 43.01079323204583, 42.3686904102477, 66.77680637654937, 36.6585128108885, 35.25059723181088, 26.827880798934128, 40.299586026028585, 35.550959562511544, 17.793497626557727, 75.8426823988034, 49.482215663418756, 23.16390501333259, 34.30824193721702, 63.84684116303994, 15.762433233927137, 38.83140810618607, 68.62145487283819, 47.716265513211226, 16.23331579652225, 43.098934469717754, 32.71528644054932, 19.351055538776887, 38.11371058567305, 20.58081944845583, 43.57916246331355, 60.51261017479406, 59.107923249266854, 45.08286962350255, 72.30879377594694, 57.30628652407895, 47.58602307163586, 32.8399486692718, 52.54453298853298, 27.701563150897265, 44.76245083135093], [59.26660939232562, 32.39520414158214, 30.555799112708282, 92.03029259626673, 65.76180753597744, 72.24829457493587, 43.20341824162906, 84.37041611117178, 28.830135407053447, 72.4664035989397, 20.95148147266101, 34.446252871766134, 74.58680345563725, 69.5672514430111, 52.97639520284115, 16.037304768329793, 65.64205115506113, 21.93383781197113, 25.72930292265451, 3.471393260552402, 45.70043954210114, 0.0, 80.98372597407324, 31.259729777605415, 82.9159585245461, 22.8912942928088, 22.56397145481842, 11.23456774261749, 33.67535927486721, 56.30152551283662, 31.342141688114804, 68.16339267389185, 51.46949323350188, 63.3621649413415, 64.14335688888086, 30.045523848148306, 61.95951248052795, 99.93621887813421, 68.41944883871204, 20.51979046058954, 50.534195640733536, 27.778434208715336, 43.37446067384288, 28.77593018177807, 59.31277469362153, 64.3879967829296, 57.76311062154235, 58.21652704481689, 61.30031055137959, 53.63222219197603, 26.3557430860048, 47.27668201552673, 65.94991401283413, 56.26860971799762, 60.390571281065924, 46.368143177917354, 28.550590957085983, 72.27862261220307, 64.187804854771, 67.86070001222497, 13.300002019281907, 18.744893564135015, 31.51533291770723, 80.25339722833924, 78.58054912817425, 2.0858367762041645, 43.15478246556799, 62.17863189846851, 78.40975936800648, 26.41511592913424, 80.33636218069826, 53.49475238412741, 24.991749882307847, 74.31737868048452, 56.13902479996064, 70.56892769535318, 31.208278585355256, 51.17705301872347, 59.91112981855286, 61.463280660932725, 84.32764279202833, 41.71705943844899, 10.818789380470303], [40.41756799257925, 69.09583250181375, 51.36988593655256, 26.51024961029163, 34.49327911332847, 39.868717534789724, 69.93235711850654, 13.400889778778744, 57.662940957502435, 47.38066062236862, 93.11370309464064, 102.60440785170722, 62.09888048447351, 12.126178054371884, 29.068774355530206, 84.72241843853908, 92.02084152425239, 95.45137114932596, 59.874633486822, 83.78545118825623, 52.51601365981818, 80.98372597407324, 0.0, 87.21307953793233, 22.68339331373246, 75.74122963382021, 95.54128425951686, 76.66022913957221, 52.98684109627884, 80.28229156600067, 90.17618404041409, 18.94977174244914, 61.06525577466372, 18.515611387017664, 55.38894143636965, 63.56722521101691, 34.198735589956144, 36.96344424166795, 17.672524633720023, 67.94720056707773, 38.83404015733888, 58.92503201757848, 39.51335164888508, 102.17908323728572, 22.253771919563615, 78.15621683481069, 26.7769397549542, 42.29299228101235, 94.32870979794748, 94.76380455619494, 88.08076580271161, 89.17452059914845, 82.85471276391509, 26.957235184286127, 91.44743688031258, 35.68984309420612, 57.95819076568955, 51.87233893368, 101.0547886227511, 57.34123890732513, 67.96691884782278, 98.79988991884723, 64.14710855707621, 28.650889697944837, 31.964558312199436, 82.26992323472717, 68.74435940156582, 20.49301743397108, 51.80173700369234, 63.04525319090149, 31.070153122946895, 70.86990366908806, 91.25087475263368, 24.08408699046427, 45.47610514245443, 10.572706887054927, 92.70168566679106, 48.855587880958765, 99.66028499059959, 82.10422137030612, 6.597154277015106, 80.1415110734257, 86.19742884333165], [79.38526586434908, 61.20702124884546, 48.07426071662081, 89.07061395005746, 60.41482318901483, 63.48572679245512, 23.059845903776232, 85.69366452062624, 52.12919754316649, 60.45206333428202, 16.357962978902545, 63.364