instance_id,num_cities,city_coordinates,distance_matrix,best_route,total_distance
170,95,"[[92.55695550354399, 37.70546588449414], [0.3707927330964811, 76.14704666476251], [84.39808421824283, 24.21038832623863], [43.66187304249283, 19.607214527057003], [63.205532165242204, 25.18534224248429], [74.3807737664418, 86.46624890789552], [66.07015558337393, 50.69888021447304], [26.259373275198715, 48.335549988558626], [27.49282368205983, 9.543727039850381], [48.29232547306558, 35.77507887829534], [62.59613748408973, 52.57100767773547], [57.45139012680234, 30.491607211323334], [69.19030912110162, 23.682738113632652], [48.03534826653492, 11.228790716549074], [11.866568615914286, 38.58066681478096], [87.63115909801209, 98.38171618810617], [69.92305961575049, 96.8938249981628], [25.24870266440321, 35.573541315122256], [80.45040319988871, 76.98001271276786], [66.62337033380415, 90.83178107863355], [78.97044081210946, 41.739422560419634], [32.691452820274044, 0.7882174172697765], [39.37187842442824, 12.645640585809058], [73.41449794760099, 53.364513347475096], [57.8074070311777, 19.823222060727897], [40.88121127390993, 37.309333494189985], [11.537113109571095, 60.37410897645413], [47.37010651451751, 46.49251940079726], [96.08909754758766, 58.04259878922714], [48.74091570422519, 52.12728833059654], [70.14809854615255, 23.691369089879455], [11.496935897353477, 80.35483693090174], [46.561872670531315, 99.34178309088821], [69.24358161534401, 43.651861016391514], [41.443447117498664, 34.62088600977806], [84.65670144633874, 52.143306496380916], [96.18631678104086, 22.161200128627456], [14.481245752966032, 41.09392194022998], [96.80844022031438, 32.49521902635657], [26.837205272938014, 32.45035078088135], [19.982199261070022, 16.054560797750717], [91.14619074549596, 20.31644549292171], [47.80854250730838, 20.972294056633732], [71.56155919802661, 64.73152556658155], [51.70373065849617, 83.11928094936519], [36.58174584936259, 49.226978969383495], [36.29380857972249, 29.542103804394447], [83.4732827500508, 51.61880481048916], [41.90648833352473, 57.45837171105167], [88.02299169151875, 75.32760786448868], [17.44158644661423, 11.965178590943214], [71.12599200311524, 45.884633653987514], [71.86346298422878, 72.89598918498967], [37.21272984192909, 92.27596384672829], [19.90119359250564, 94.74800939912205], [32.40941713585078, 65.13845237280094], [75.50282321790658, 9.121163543917577], [85.55023301191339, 17.482787301511326], [71.61252679167285, 19.881431994832944], [36.34881689340798, 85.90326359636353], [12.987302896837537, 93.44859770174119], [55.23229969398303, 86.51181348762178], [7.060431776060727, 83.81661647045853], [39.41539623415243, 71.58970594209177], [64.8139935137149, 4.1089762371584015], [79.53602850449451, 36.48998866182247], [8.83989032481669, 95.44547784886251], [88.93521693997923, 75.90609165809141], [5.112217274521358, 52.51985247355731], [88.49204191722994, 46.97005708724049], [59.934769828460674, 79.41137369006243], [55.74103284569858, 69.28909963219031], [80.56045950448797, 25.334295988382372], [65.71590471292635, 47.49168360761541], [59.39267973983796, 7.794930319769944], [9.250002400831104, 40.36938575714293], [18.639177303362708, 8.098747646945782], [4.2455055071711545, 86.66774657805625], [43.98128340471123, 11.121848072436846], [58.906711051462665, 85.785231407304], [5.693971425015598, 95.47758952768571], [80.90410893871139, 19.76641152842421], [38.171438602424914, 17.235877890719863], [48.89706727912222, 69.02910792920181], [33.12072172217972, 91.68280166317935], [64.81444452186773, 60.03549054888868], [99.00341350872995, 32.74833258806359], [51.02977516533896, 58.699274886364805], [1.8727398573296417, 98.65828225929269], [94.23329078320599, 41.78424832912234], [90.03918159777511, 42.24616339168992], [20.53053786886393, 78.34902558627796], [35.3727183222281, 31.283283579732135], [74.15535563360825, 96.35009617010608], [15.265993557166569, 95.74249689972656]]","[[0.0, 99.88014687226557, 15.769727294834343, 52.13708652264689, 31.910179378928923, 52.03832764026333, 29.50219290089504, 67.14438247078968, 70.89728333608689, 44.30670226646113, 33.44600049634425, 35.83909146975079, 27.25136798947526, 51.79949651218028, 80.69513314161975, 60.87586402783397, 63.36840772520704, 67.34200771158515, 41.09815856273133, 59.11815462159825, 14.172726905003502, 70.33321865172516, 58.79325869444643, 24.73134546944362, 39.08075950139608, 51.67726252963875, 84.1313392332184, 46.0332882928806, 20.641584294914836, 46.1284544111592, 26.43013013788733, 91.5952816973131, 76.90632772134505, 24.059780072055048, 51.206497366387296, 16.457984557734736, 15.962345102509321, 78.1492040106497, 6.724715207327712, 65.92952149929084, 75.73544041417918, 17.446153942375727, 47.77467430660693, 34.22301225733182, 61.08519115944831, 57.14866017322575, 56.85228387868278, 16.61607988552543, 54.36586349111039, 37.894358353343605, 79.4032811570989, 22.93872232619394, 40.8239337008289, 77.72337204425676, 92.37267728875086, 66.10820765503139, 33.285218465762114, 21.40212347280881, 27.502095886794574, 74.04311278093692, 97.15259317561693, 61.442570727953076, 97.13852880214726, 63.02513027248067, 43.5705870581593, 13.07753511918088, 101.69786617124606, 38.37192723485799, 88.69074525536759, 10.117122744051574, 52.94893524997621, 48.50709310871007, 17.23257847374644, 28.569425350693507, 44.65992974356062, 83.34953451786936, 79.62660170350594, 100.97631965553619, 55.374043159506144, 58.685626898016565, 104.3206416452223, 21.39155217027419, 58.11014095006806, 53.734126872165525, 80.288346999287, 35.61287572045954, 8.132034882562085, 46.532211673730146, 109.26514902469596, 4.409826096395037, 5.192024585113656, 82.70250167025068, 57.5437347377157, 61.46390435946396, 96.65500384180538], [99.88014687226557, 0.0, 98.78260066278024, 71.21004319977992, 80.90302711969004, 74.72592072026156, 70.45576949132027, 37.99602544813621, 71.91388424952953, 62.660745950710435, 66.54189014220879, 73.09318539035627, 86.53686790973583, 80.537505607996, 39.28594860991746, 90.04860946706286, 72.58062165434502, 47.593274093168844, 80.08394249130289, 67.86048528815365, 85.8008698944856, 81.99742809395694, 74.52189784960358, 76.51422544740778, 80.44462617262015, 56.12006748634169, 19.325430760252953, 55.572713476793005, 97.41542439181704, 54.00571809238212, 87.2953063822382, 11.89523268521296, 51.687635500803644, 76.15377954337353, 58.40706256031141, 87.63728629806029, 109.9776626174849, 37.78659070860429, 105.8569880028806, 51.086908537290434, 63.21166129506846, 106.57030032574127, 72.76395693617106, 72.10020354900003, 51.804271705838374, 45.12120532867237, 58.84287354077056, 86.64674544078224, 45.546466169582175, 87.65602924040215, 66.41328321544285, 76.95525885197702, 71.56655136566191, 40.217785858919285, 26.97095423551496, 33.877169331361976, 100.6841149978466, 103.42645876588514, 90.78107768614511, 37.27736567002041, 21.41308004461197, 55.83200997019226, 10.17711017576186, 39.30967332625882, 96.65614164544098, 88.54273998578081, 21.074986599889552, 88.56475198639647, 24.098244998981713, 92.82591921752766, 59.653358651002826, 55.793323324827824, 94.93323068455418, 71.35203915511747, 90.30833269790756, 36.86300834636537, 70.4578233699093, 11.211535387588818, 78.29528305453904, 59.32409576644045, 20.05009024322366, 98.30763468546307, 69.9958186927056, 49.04553367187945, 36.24800038844665, 66.42715180065566, 107.75825845187454, 53.57944793576455, 22.561284829469148, 99.95484205211214, 95.86287001901057, 20.279645832950283, 56.902478268497596, 76.5004897483339, 24.61399353011069], [15.769727294834343, 98.78260066278024, 0.0, 40.99546450500069, 21.214966360047423, 63.05663078099291, 32.211072173367775, 62.94547748132437, 58.76495239494801, 37.91263486134633, 35.77219047527487, 27.669080814873823, 15.216926041487204, 38.610496531299994, 73.94136636152385, 74.2417581282316, 74.11078399048529, 60.23097694750167, 52.9170808276312, 68.95179784416442, 18.350105016790305, 56.76419488211172, 46.48766071213643, 31.15448881170285, 26.950164027477477, 45.44557839181067, 81.34209120846059, 43.21532711956941, 35.79522674154849, 45.285615511886, 14.259434512717853, 92.01508863021307, 84.1207785482564, 24.650148265339652, 44.19818220781944, 27.934115349703365, 11.965015638261438, 71.92647640663614, 14.921640520658919, 58.14767206182855, 64.93014521383857, 7.791003304600537, 36.732544386620695, 42.50575182072825, 67.37342491496759, 53.96510004080351, 48.39884838141036, 27.42401414690611, 53.95335133230369, 51.24558602954468, 68.06700930188924, 25.414982634152924, 50.27329768831379, 82.82137549300779, 95.57931202415088, 66.16591215726797, 17.516003333966193, 6.825544842037768, 13.49853109146829, 78.19682186347876, 99.46571935325004, 68.7903377230769, 97.64228038533588, 65.33178365862915, 28.064272246010546, 13.207125734438343, 103.8435296190033, 51.89442471315764, 84.18832732229467, 23.124943497263295, 60.37882522930048, 53.41644696508723, 3.9988163094405214, 29.85033569405081, 29.912163323483764, 76.86577521113267, 67.70390538232277, 101.61376616300781, 42.48326345722605, 66.64286463220098, 106.17603937638931, 5.653033967126829, 46.749829525952045, 57.17551775507385, 84.74605870519073, 40.82838342404416, 16.917805292105438, 47.988825211786114, 111.14369695558347, 20.1388143537908, 18.897385053412034, 83.72607432015538, 49.532942053799054, 72.86323446469449, 99.47908582280265], [52.13708652264689, 71.21004319977992, 40.99546450500069, 0.0, 20.324126567108436, 73.57840267378724, 38.32522409132138, 33.58815649212149, 19.04499770609813, 16.81787523416203, 38.01470805918464, 17.56760614095655, 25.851710603446524, 9.451204742454593, 37.026116124883295, 90.21485591729733, 81.62640552142358, 24.371467630732603, 68.15448571297368, 74.83427849801757, 41.67168811523781, 21.783130446982288, 8.177259049491193, 44.99748784537936, 14.147183149999918, 17.91918234177519, 51.90317797395589, 27.139834443802453, 65.00686604265962, 32.91431109027433, 26.799262301857084, 68.7375938571526, 79.78728859851626, 35.10795975706014, 15.176684254993175, 52.337111464973646, 52.586500477754996, 36.23793046615078, 54.68691125635699, 21.166378868153, 23.94469249990395, 47.48961398329826, 4.365582409313003, 53.05276556758414, 64.01916943500406, 30.454205730733005, 12.368928768510786, 51.08512753607814, 37.8918391694564, 71.22268656454246, 27.311245713421158, 38.01026948412222, 60.29115341230212, 72.95435953873219, 78.8080512506863, 46.90108083718997, 33.523176658756256, 41.942197033112066, 27.951998859226233, 66.69817772952696, 79.95923413071976, 67.89771818678093, 73.90881409351239, 52.1556514578999, 26.222272794698235, 39.648241986213854, 83.4506600576511, 72.24430243192454, 50.68843750231909, 52.521130931376916, 61.97858196990997, 51.12920700686691, 37.34039561865926, 35.551707818684356, 19.67201915266864, 40.19010568841375, 27.542333088968654, 77.78666330832463, 8.491376027987782, 67.9112288515087, 84.84029323364257, 37.24257614927886, 5.980644428781787, 49.698398426389986, 72.8423374980135, 45.627587951671025, 56.88035763837525, 39.78033640918092, 89.4170171833853, 55.22036871086308, 51.607913681210974, 63.13207610582734, 14.319241407956113, 82.57918844002828, 81.25827461687396], [31.910179378928923, 80.90302711969004, 21.214966360047423, 20.324126567108436, 0.0, 62.29153671711772, 25.673852207563645, 43.599894213343454, 38.987917017353396, 18.29060567229583, 27.392444819857324, 7.827298289835984, 6.170524643774457, 20.61358314356537, 53.05774117616011, 77.16424307829479, 72.02243868524431, 39.35270747646872, 54.59004914933541, 65.73535235788096, 22.859788271476276, 39.068257422210564, 26.931156088728144, 29.971464203634117, 7.608685024800152, 25.404063988476544, 62.512997304322084, 26.547250403673896, 46.48578470923626, 30.579299998186215, 7.10149165556439, 75.61383519020072, 76.001244204807, 19.428596366926325, 23.71956643384822, 34.451190113559626, 33.11914234092579, 51.25562402688164, 34.388802368693064, 37.086864925583534, 44.17723030177859, 28.36170935356698, 15.962990494979934, 40.41934936729849, 59.064648411661764, 35.87236114757164, 27.26210259042314, 33.30930286124469, 38.667786324335154, 55.94777117138822, 47.63519134748023, 22.162904795664556, 48.48985046108882, 71.94982473823465, 81.94040762143773, 50.44454093347188, 20.230699555216177, 23.635037731002992, 9.940272761045076, 66.39238758116957, 84.74516267463189, 61.842610806962355, 81.17819051510807, 52.147248613758876, 21.137652468994453, 19.86152414475255, 88.83754650004738, 56.87364152125433, 64.20287131090855, 33.376359542417326, 54.32458350339598, 44.730975464229665, 17.355566547045274, 22.44715651092418, 17.803490401030814, 56.051354752702444, 47.72956840939646, 85.18433416070826, 23.819185726588877, 60.75217222253629, 90.82169150142867, 18.50957670748217, 26.265944186186484, 46.11949649539897, 72.98635440136731, 34.887267533438084, 36.588073625838156, 35.65715552002505, 95.70780703265049, 35.188712510230545, 31.79805591782705, 68.17281250524348, 28.492988873973776, 72.0022279903014, 85.30247027654697], [52.03832764026333, 74.72592072026156, 63.05663078099291, 73.57840267378724, 62.29153671711772, 0.0, 36.72017208341972, 61.39722620213173, 90.0863709650654, 57.01054159825181, 35.88544315398753, 58.47875292341424, 62.99769956822113, 79.71672697662486, 78.74677655624168, 17.81996273679784, 11.34043908178107, 70.73915533068866, 11.261841705916272, 8.901414446617306, 44.961695238362076, 95.28234128662687, 81.70131557148244, 33.11583588058859, 68.67291687626107, 59.48632632951247, 68.0450251742024, 48.24391356534867, 35.76527935659862, 42.855180958431475, 62.917414725072824, 63.180110964593354, 30.654047672068746, 43.12148598693539, 61.42319709048589, 35.82818814099619, 67.90155377210138, 75.14387207682286, 58.44546422982823, 71.95907278143918, 88.97758555241198, 68.24130492832941, 70.67914541183974, 21.91680107831028, 22.92270661669458, 53.06156553504145, 68.49069435258205, 36.01413722052594, 43.54349726245865, 17.611911713643075, 93.7682277267406, 40.711928239068975, 13.801768094029352, 37.61936039920141, 55.10546445464714, 47.079397643286065, 77.35322375268252, 69.88186313368965, 66.64233665365721, 38.036123567646925, 61.789250360365, 19.148528283775534, 67.37246468517672, 37.998541506075355, 82.91105864820511, 50.24144941776098, 66.1531099396165, 17.981900267555716, 77.13942409268833, 41.941352590938514, 16.076638147179956, 25.347473223820348, 61.443503998181804, 39.92614051045215, 80.0863242441846, 79.79309601098748, 96.1695941040499, 70.13555770870391, 81.2459706785956, 15.489041343582874, 69.27540022010723, 67.01807374296644, 78.12784538303809, 30.87836106147303, 41.588511843342935, 28.108711152377712, 59.09220694493457, 36.280490376799875, 73.52591827788714, 48.89379927580182, 46.910571291265434, 54.45858261723121, 67.57801456056646, 9.886417452106574, 59.83816521248683], [29.50219290089504, 70.45576949132027, 32.211072173367775, 38.32522409132138, 25.673852207563645, 36.72017208341972, 0.0, 39.880869069588215, 56.40883946200986, 23.211443077772774, 3.9463480577434673, 21.9685457010521, 27.19572194503752, 43.395186829067086, 55.541695474116, 52.33096329178969, 46.355342659189226, 43.53351462076037, 29.958128227664808, 40.13671359656429, 15.706343955150997, 60.0434181155895, 46.48491206286621, 7.813127719597234, 31.962153870847786, 28.526529350762626, 55.384679948937595, 19.167297839613834, 30.904159576924595, 17.3880103673562, 27.313646332057573, 62.11048281623113, 52.409017377278374, 7.728590580339666, 29.410485672790546, 18.6425871165984, 41.48954506819672, 52.475430831389154, 35.72415741586227, 43.26931033133988, 57.65699078008213, 39.39416046905059, 34.88776915681729, 15.06886356820159, 35.4609157937742, 29.52512153939812, 36.52725049805858, 17.427423689171093, 25.091304076387775, 32.99244214740267, 62.169424782197034, 6.981292992585929, 22.940663837164553, 50.610324083002574, 63.81143183819133, 36.62712870193515, 42.63427895767144, 38.50691165264228, 31.311866654365716, 46.07283996914879, 68.1566401356593, 37.41691208405911, 67.66780592376557, 33.86595333881282, 46.60683529012294, 19.576065301350862, 72.64682554261248, 34.03255117684552, 60.98513083395191, 22.729828610936405, 29.360692089038974, 21.267041038396346, 29.21183049192057, 3.226701683492294, 43.420474435549416, 57.751435163393516, 63.75318811926031, 71.52654545360224, 45.323942318570055, 35.810151878879815, 75.16925183398594, 34.3054484180242, 43.56731497008513, 25.117965880608995, 52.58656681213312, 9.420674222512206, 37.50762106113928, 17.035825721849935, 80.13371594029076, 29.5403596107991, 25.415794887534037, 53.27651753507973, 36.32214265547872, 46.36166496233881, 67.8969092321085], [67.14438247078968, 37.99602544813621, 62.94547748132437, 33.58815649212149, 43.599894213343454, 61.39722620213173, 39.880869069588215, 0.0, 38.81142779633485, 25.36171163516463, 36.58277648032404, 35.93533371360243, 49.50582173790798, 43.02446595245741, 17.387080597224198, 79.19037091941173, 65.30255413653005, 12.801965492235592, 61.29578263679532, 58.6104249720829, 53.12217557601546, 47.980417692209826, 38.022459474171875, 47.42252898502068, 42.52330276133953, 18.313262861686944, 19.0176719629261, 21.191031585298138, 70.50118572319494, 22.799057648126556, 50.3344400790958, 35.25853504657995, 54.89833601291266, 43.23862982353877, 20.46089212373885, 58.5213375372666, 74.66507897711833, 13.826259968636316, 72.3055110750108, 15.895705196222094, 32.885637849077966, 70.67792652703595, 34.82979284736165, 48.17796243659119, 43.09667344706244, 10.360792498052694, 21.30454203586053, 57.308037827361524, 18.112373831965915, 67.40412263544675, 37.424020096120614, 44.93351162501433, 51.797183048027314, 45.2850526123705, 46.84594792951263, 17.893031269807814, 62.94986470588816, 66.83785614262348, 53.54012854569677, 38.898971429114596, 47.02483307891756, 47.92554183332925, 40.34235284884018, 26.717722754901068, 58.67238334620681, 54.57764483345464, 50.22732014811945, 68.4718639080568, 21.557147172178198, 62.247647483036715, 45.82291077339362, 36.1693170200791, 58.97173603737074, 39.465554393233546, 52.357977810540774, 18.782397879495367, 40.95201642565609, 44.20370651296219, 41.21802650467976, 49.682263457324424, 51.432554332525, 61.662328922037204, 33.30295639959305, 30.670646065220584, 43.886926643976764, 40.29121651118244, 74.39527361188954, 26.85106335988337, 55.92034757268153, 68.28889378821648, 64.0698414138096, 30.555331328063996, 19.334757501034435, 67.81903693725701, 48.66490535347968], [70.89728333608689, 71.91388424952953, 58.76495239494801, 19.04499770609813, 38.987917017353396, 90.0863709650654, 56.40883946200986, 38.81142779633485, 0.0, 33.476903889492846, 55.53007760642069, 36.555839302393835, 44.02944385389895, 20.611519980299676, 32.97459201999602, 107.2791112123287, 97.1100640238458, 26.126371932341385, 85.7447249324791, 90.21611502761839, 60.71661943357174, 10.182568127333665, 12.277369800522724, 63.47488857783821, 32.01002938947199, 30.824954567474563, 53.27581466006917, 41.956163191286734, 84.00945987921236, 47.590346781518015, 44.940274246015136, 72.59532843112888, 91.800433004807, 53.911878017421834, 28.696407375147842, 71.2911852259638, 69.84265617289888, 34.12793516251489, 73.01661235968842, 22.916004161099796, 9.939840814428724, 64.55852074963985, 23.309666995555013, 70.62398003655206, 77.45663399421365, 40.71079696918351, 21.849311393852716, 70.0294507108853, 50.035656312797244, 89.39474378062471, 10.338800586987736, 56.784811977068216, 77.34508873218537, 83.30125799065695, 85.54181772545589, 55.81170465087117, 48.01185911147474, 58.59770862356694, 45.31463721819549, 76.8713694354726, 85.14950060945245, 81.81420940672638, 77.03210203137183, 63.18109870995673, 37.714801257471876, 58.605427936238584, 87.90359898709136, 90.43854889915687, 48.45450340745289, 71.56559792329053, 77.03225245444183, 66.0868433740802, 55.36710250230005, 53.86140855158885, 31.94775589106578, 35.81929317635743, 8.970787013687014, 80.55154990472914, 16.56380904318174, 82.45968292365654, 88.65561844464587, 54.380774828245436, 13.160623136081965, 63.2190808499586, 82.33165136402154, 62.78790938041364, 75.18123553125757, 54.50005476343308, 92.72428294220039, 74.11977578138759, 70.5797154419517, 69.15665211537974, 23.123603916579874, 98.55322221879652, 87.06160635009496], [44.30670226646113, 62.660745950710435, 37.91263486134633, 16.81787523416203, 18.29060567229583, 57.01054159825181, 23.211443077772774, 25.36171163516463, 33.476903889492846, 0.0, 22.061329567425922, 10.573719222063065, 24.144366335075034, 24.547633283153004, 36.53364321123283, 73.94007618479588, 64.83355448235372, 23.044504106994243, 52.268427711072924, 58.028162670061654, 31.252522399226837, 38.30754106467308, 24.79002402728713, 30.667764098249382, 18.57413559188417, 7.568259436575922, 44.227343551876366, 10.757045094303166, 52.72925055154451, 16.358361383935147, 24.973803452276375, 57.803594369704626, 63.59025358773993, 22.383003167367658, 6.9454514545196515, 39.87839910632103, 49.79128536219034, 34.226878375867365, 48.62685339209779, 21.71119526243675, 34.501624302403584, 45.55681194871961, 14.810688182335488, 37.147450019596576, 47.46694802792231, 17.835113994132623, 13.520887023849783, 38.58397862247399, 22.60407273134205, 56.06182647190332, 38.97023800507073, 24.971572336723824, 43.97226973409276, 57.57696971503095, 65.4512253794656, 33.38374574888506, 38.08992504815644, 41.506139368814054, 28.22126504599973, 51.53137200115207, 67.62158969283652, 51.20917379732094, 63.30922833252936, 36.89833850502609, 35.71704874880388, 31.251881145215947, 71.533566613398, 57.11692230437034, 46.31316429261305, 41.72942294460798, 45.162736137970235, 34.331804913456274, 33.915224033229364, 20.996664971152736, 30.101604246368705, 39.31171131576135, 40.562156091629646, 67.30665624368963, 25.027322527231135, 51.12416783852423, 73.34173126838218, 36.32913226501562, 21.12189206264501, 33.25952736841768, 57.929707640944756, 29.352137780568086, 50.80133505003912, 23.08706116928085, 78.16057315675542, 46.332304185268804, 42.245413136536996, 50.82575911164484, 13.678175095244445, 65.86523399327076, 68.46042523952217], [33.44600049634425, 66.54189014220879, 35.77219047527487, 38.01470805918464, 27.392444819857324, 35.88544315398753, 3.9463480577434673, 36.58277648032404, 55.53007760642069, 22.061329567425922, 0.0, 22.67087008313788, 29.63132157003196, 43.831444031697934, 52.62336738572144, 52.205108192893434, 44.924335533688115, 41.033458912927394, 30.241930015304767, 38.47213778386495, 19.632652536823848, 59.79755456539702, 46.18875562618406, 10.847422475702352, 33.096063242750425, 26.541603553633536, 51.65183791459655, 16.39451246055361, 33.936951588297106, 13.862325109023311, 29.850722618524586, 58.16416053525578, 49.442927511008996, 11.123834349931236, 27.742443613339987, 22.06470962040996, 45.31066696016636, 49.464798628153815, 39.667605782173425, 41.030989103879364, 56.11950305922254, 43.07507774761585, 34.887700808533225, 15.108175992940925, 32.43210641220215, 26.22844067281247, 34.959160736509304, 20.89884888591792, 21.25906651684471, 34.12312657048864, 60.726986054156875, 10.83817400216436, 22.338043674318317, 47.125374565193006, 60.01464578010405, 32.6982989090612, 45.32627816051723, 41.92938958142516, 33.91022905369575, 42.42594869669907, 64.2807423360686, 34.73045358217217, 63.7220737054021, 29.98429002939996, 48.512754783825926, 23.35720617653888, 68.76012144480049, 35.18910699284545, 57.48394297118925, 26.49468840970765, 26.971987792413536, 18.06895288058773, 32.627524106212974, 5.960912729727215, 44.89052511483598, 54.723758147758474, 62.529962902405394, 67.58242268328682, 45.43727131311996, 33.41850573199825, 71.26591940234074, 37.5675837298947, 42.95506154721742, 21.413397403680367, 48.97481560044159, 7.787129808061185, 41.453928586384194, 13.089552943816654, 76.23232842891173, 33.425493954714796, 29.32103476613282, 49.33579712826805, 34.55838173490083, 45.2794005420895, 64.06184516377712], [35.83909146975079, 73.09318539035627, 27.669080814873823, 17.56760614095655, 7.827298289835984, 58.47875292341424, 21.9685457010521, 35.93533371360243, 36.555839302393835, 10.573719222063065, 22.67087008313788, 0.0, 13.570663857903474, 21.441034108122107, 46.296963587775515, 74.29593092515259, 67.56328194257898, 32.60121368962071, 51.866428915077, 61.03328438856015, 24.28132806343556, 38.669702102300924, 25.40368611432702, 27.892483690264157, 10.674323854823136, 17.917930094877963, 54.78215718423376, 18.911939883750108, 47.454500014855654, 23.32327297274647, 14.403112274586254, 67.80968619300607, 69.70601343555268, 17.670542162487436, 16.531944313494467, 34.769599450144064, 39.620578303107436, 44.25881138393944, 39.40801761530967, 30.676782599188275, 40.154309523142445, 35.19763493090327, 13.549975392960194, 37.03334821742807, 52.940604760820314, 28.045609410023378, 21.178876590629244, 33.51861235328919, 31.12636116455719, 54.26683864757938, 44.09096220262417, 20.58980329046927, 44.78659905168472, 65.01469137800636, 74.42380319416937, 42.74931918666017, 27.974096932419037, 30.96408188414566, 17.695016523466904, 59.29393105878997, 77.07553246526737, 56.064140710333355, 73.3676038588765, 44.881519526189116, 27.390712764583974, 22.884751086676168, 81.13003897322264, 55.26035421862455, 56.785848626168125, 35.14343998369668, 48.98275948818088, 38.835174007286945, 23.67756209057344, 18.902507739028263, 22.77954668735209, 49.20309225759763, 44.80879404449429, 77.37328216062768, 23.593035925946467, 55.31277280809643, 83.07832622468165, 25.788754179039955, 23.397241089569725, 39.475503808853745, 65.85092029319375, 30.447587961747693, 41.61326058551868, 28.929390840093223, 87.95272567050897, 38.47638183760204, 34.64294652527409, 60.44403878769155, 22.092860840696893, 67.94382261535385, 77.6999761188226], [27.25136798947526, 86.53686790973583, 15.216926041487204, 25.851710603446524, 6.170524643774457, 62.99769956822113, 27.19572194503752, 49.50582173790798, 44.02944385389895, 24.144366335075034, 29.63132157003196, 13.570663857903474, 0.0, 24.54858803531426, 59.22802972487396, 76.94155101920934, 73.21475374609703, 45.522038385510754, 54.473747790644616, 67.19808885566069, 20.535209497453263, 43.085097065976875, 31.795539483565978, 29.980853094504578, 12.019414467910813, 31.417974514397002, 68.33847895685903, 31.56592093002618, 43.63650816070328, 35.03241539151375, 0.9578283126376929, 80.87182512030387, 78.97048323942231, 19.96919396130278, 29.825013502845824, 32.39156131197204, 27.038851813923454, 57.41281160910202, 28.990015268199265, 43.25108596851911, 49.79585489937365, 22.21244389779454, 21.552875690098617, 41.117219972715716, 61.955492497378515, 41.42253782113812, 33.41424717342939, 31.375582196613863, 43.41889337230641, 54.9714699128646, 53.0587551645228, 22.286117513029264, 49.285797473393636, 75.68088393397092, 86.48519926826489, 55.420305484258186, 15.870957380439723, 17.495327941649954, 4.507445690460575, 70.35593367363427, 89.58824182174993, 64.36084787755627, 86.46505065714908, 56.40587738828667, 20.05702600816914, 16.46388703083266, 93.76600590402323, 55.8313535587801, 70.26792311792165, 30.24658846732456, 56.4919979360629, 47.548115034073604, 11.489471839665585, 24.061117420581063, 18.665904156705768, 62.2196478557921, 52.89874938899977, 90.47065163750898, 28.165065883051724, 62.94816965209057, 95.84511250127129, 12.351142460883732, 31.68173503752921, 49.68006561899275, 76.97417604541704, 36.615171727165794, 31.1609723276161, 39.44569483624939, 100.76203328397335, 30.90009065698632, 27.91551972653579, 73.18590249742087, 34.66118490216831, 72.83678063848696, 90.00244799642333], [51.79949651218028, 80.537505607996, 38.610496531299994, 9.451204742454593, 20.61358314356537, 79.71672697662486, 43.395186829067086, 43.02446595245741, 20.611519980299676, 24.547633283153004, 43.831444031697934, 21.441034108122107, 24.54858803531426, 0.0, 45.34650755579947, 95.72596645452535, 88.41702328497966, 33.34513606965606, 73.30729145404563, 81.74442267799928, 43.44972504303646, 18.559113617934692, 8.778563279780693, 49.18862023033669, 13.01373822656024, 27.043971374145528, 61.21587601627855, 35.27000293882744, 67.08722267490148, 40.90458327003681, 25.382860056347706, 78.1886554666927, 88.12531166181692, 38.743317481161355, 24.30315376584223, 54.910118468439286, 49.376445238982555, 44.91997171079664, 53.207851599063915, 29.995264258563285, 28.465193236643184, 44.05825925499463, 9.746142733956814, 58.44677268443416, 71.9840233335723, 39.68686582269378, 21.754107439066306, 53.73267571009881, 46.6340764142031, 75.54912300251175, 30.602622916926443, 41.64379038793272, 66.11068308485113, 81.7665783921393, 88.13053130765553, 56.1286143031559, 27.548217229124724, 38.03260510067316, 25.11476753419962, 75.58341031875464, 89.37819725704146, 75.62624959231351, 83.35428140822314, 60.97330284563669, 18.226757653287013, 40.37847170317944, 92.89098080439764, 76.52419561542496, 59.55960842029289, 53.98316573643032, 69.21315521234715, 58.569420743364454, 35.45205410148947, 40.34351840237763, 11.865090619925663, 48.51265126997443, 29.562341532998037, 87.22721129535341, 4.055475142693301, 75.34486961482891, 94.29025556204058, 33.959481698815395, 11.549104302057797, 57.80674034695206, 81.8247759688842, 51.6103867421067, 55.32480778902459, 47.56483427669024, 98.86810611397544, 55.3884995525913, 52.214934857636074, 72.53716650090077, 23.717606985231793, 89.0387074646399, 90.64434422998964], [80.69513314161975, 39.28594860991746, 73.94136636152385, 37.026116124883295, 53.05774117616011, 78.74677655624168, 55.541695474116, 17.387080597224198, 32.97459201999602, 36.53364321123283, 52.62336738572144, 46.296963587775515, 59.22802972487396, 45.34650755579947, 0.0, 96.52170055003623, 82.28596821168341, 13.715841770100157, 78.6018583217675, 75.68676420739948, 67.17817652767825, 43.15026110683962, 37.80433378806978, 63.298575997573224, 49.6225993676137, 29.042482279984707, 21.795932239407737, 36.37442253370366, 86.44189479543196, 39.28394618265813, 60.15336996170718, 41.77580540500959, 69.96911729156622, 57.600682559907014, 29.840770866737902, 74.04288374046317, 85.90354368061931, 3.626704820717684, 85.15958094333267, 16.17716713742271, 23.943452404761455, 81.3562552327915, 40.02349657887872, 65.17176776837579, 59.75523097299777, 26.91066606708201, 26.045837931274082, 72.78402676056798, 35.47907156044481, 84.5584913073853, 27.193106428024514, 59.70784866139265, 69.11706506510555, 59.376871020997626, 56.739100904942106, 33.57565485673856, 70.12442679078094, 76.64465355638754, 62.60384094599186, 53.28047153388464, 54.87937577218495, 64.63730697754012, 45.49054948639764, 42.99458765063036, 63.180117557563854, 67.70174840247056, 56.94530283894892, 85.63155898517797, 15.489420869510022, 77.083364144245, 63.06899865817598, 53.553491553324186, 69.95939526240724, 54.58165642751366, 56.6259022895335, 3.169532175681333, 31.225240184628518, 48.687245178455576, 42.253303216324774, 66.64117284927059, 57.23076768906168, 71.55528055847478, 33.87545127699333, 47.94127029547923, 57.197690073306795, 57.129563488739144, 87.33181470922698, 44.02857183660285, 60.90317307624084, 82.42899887238016, 78.25850296017121, 40.701188220917565, 24.612819344699396, 84.95410499896718, 57.26282309309767], [60.87586402783397, 90.04860946706286, 74.2417581282316, 90.21485591729733, 77.16424307829479, 17.81996273679784, 52.33096329178969, 79.19037091941173, 107.2791112123287, 73.94007618479588, 52.205108192893434, 74.29593092515259, 76.94155101920934, 95.72596645452535, 96.52170055003623, 0.0, 17.77049823349882, 88.52365616922089, 22.57423679584188, 22.323277288938307, 57.3005887285011, 111.99492099295117, 98.3851250485283, 47.20870688612568, 84.02912106469599, 76.91159567625955, 85.05810978881553, 65.67679269241901, 41.216272458063855, 60.431143689769335, 76.7092260156076, 78.23930162087038, 41.08050652219705, 57.73612433128832, 78.73212942010687, 46.33398244422154, 76.69913813958236, 92.91286881898945, 66.52257509329448, 89.68193667704907, 106.55581768110052, 78.14436599138315, 87.05205010141165, 37.290312010099306, 39.034882396304205, 70.86769915887683, 85.87441872512098, 46.94739413679739, 61.363390060429616, 23.057437918780636, 111.33011308387205, 55.03057527797189, 29.969026037127044, 50.78679178984323, 67.82736949348252, 64.45584049897658, 90.08075704370283, 80.92568781526751, 80.11798299626842, 52.77869268061202, 74.80669038650313, 34.50479214255621, 81.87664032538987, 55.15951052689363, 96.9947036861305, 62.41888396562251, 78.8459607746317, 22.513424103618643, 94.40702464880727, 51.418866291780965, 33.570282588378774, 43.16665947763441, 73.38883014857834, 55.40824659566869, 94.88612907278821, 97.51428719536078, 113.6261763880022, 84.20441976996752, 97.56841820796636, 31.365033786238744, 81.98863747751643, 78.90259394075939, 95.03110556279546, 48.59943909794527, 54.920517465850764, 44.62102066092862, 66.61132946558288, 53.98478909334639, 85.7588651945231, 56.9812382353819, 56.18717700791348, 70.02715232026921, 85.04789409983432, 13.628087133151782, 72.4132768365452], [63.36840772520704, 72.58062165434502, 74.11078399048529, 81.62640552142358, 72.02243868524431, 11.34043908178107, 46.355342659189226, 65.30255413653005, 97.1100640238458, 64.83355448235372, 44.924335533688115, 67.56328194257898, 73.21475374609703, 88.41702328497966, 82.28596821168341, 17.77049823349882, 0.0, 75.86814456664246, 22.525205496874886, 6.90190740590549, 55.891530796505826, 103.06541783287724, 89.61657909652078, 43.66910938418382, 78.01709347758229, 66.2852968832265, 68.86659863626696, 55.217092457910574, 46.84100040550191, 49.52500404742157, 73.20280181471446, 60.72190757087953, 23.489094369796778, 53.24629958024564, 68.47632626172107, 47.1135766819967, 79.21315482178997, 78.66017992396368, 69.78541496161084, 77.52001169790593, 95.02145110147352, 79.46393110613197, 79.07673948415636, 32.20400884374196, 22.840359266108564, 58.17019351867484, 75.28068060935219, 47.259242482117536, 48.3744068942655, 28.15509301359532, 99.83576516742536, 51.02337354502599, 24.076156025171805, 33.03468352392792, 50.067869986974124, 49.14953776675135, 87.9498371835758, 80.93405622117764, 77.03092220295594, 35.32735787326147, 57.03989817907506, 17.989013038074525, 64.20843684274209, 39.636043775946106, 92.9254040402162, 61.163981353435034, 61.100337806674716, 28.318670111344716, 78.54613117521514, 53.26527673950726, 20.134597999835464, 31.034670061678337, 72.34583933091464, 49.58096132940539, 89.71901656417309, 82.92304928858218, 102.54073506094763, 66.46889342797527, 89.60919472203122, 15.644832605584366, 64.2447001138696, 77.90520748169094, 85.75286569174254, 34.907517973542554, 37.169434198414926, 37.21068081279882, 70.42947663496457, 42.61196845449422, 68.07319096861609, 60.23331951715739, 58.23251053021211, 52.759177303514754, 74.15166369487933, 4.267079870500973, 54.669190834716545], [67.34200771158515, 47.593274093168844, 60.23097694750167, 24.371467630732603, 39.35270747646872, 70.73915533068866, 43.53351462076037, 12.801965492235592, 26.126371932341385, 23.044504106994243, 41.033458912927394, 32.60121368962071, 45.522038385510754, 33.34513606965606, 13.715841770100157, 88.52365616922089, 75.86814456664246, 0.0, 69.00524339217611, 69.03141449018028, 54.07442316975583, 35.57264803976817, 26.92865992584479, 51.34649473059362, 36.16824279196276, 15.728582260178904, 28.338592845172847, 24.66942623441621, 74.31836980841368, 28.738660611808363, 46.44504028781094, 46.845229492907436, 67.23570386991321, 44.730399317509445, 16.222740213412358, 61.6755011121637, 72.19443186745036, 12.100112833594613, 71.62591784531905, 3.5039491506718337, 20.216989353878823, 67.64065277867718, 26.87271469801758, 54.7272210687911, 54.410163237537354, 17.744132202250775, 12.584617718724529, 60.394968389641065, 27.50322935324116, 74.30341290998209, 24.865756657589774, 47.02174286740663, 59.71516553333629, 57.95086424944292, 59.415600024726984, 30.419727112353424, 56.79088767008818, 62.956730720651876, 48.94738483948148, 51.53924214425187, 59.15964905249507, 59.107729297883424, 51.55780734623177, 38.70218754975155, 50.55127194775667, 54.29506075701102, 62.07977051098037, 75.38359713983732, 26.318349221321345, 64.2619680027952, 55.90061540486704, 45.459004306262074, 56.251511887217994, 42.185738790971875, 44.016615037493764, 16.702051791192687, 28.258628993762375, 55.24266559713057, 30.802514241966453, 60.4489482993432, 63.01493875342424, 57.85662969489165, 22.433613262033894, 40.96974598920292, 56.6587837925599, 46.51703869601853, 73.80880148113569, 34.633268002119, 67.27644593132712, 69.26359996083524, 65.13317162393066, 43.034905991180636, 10.995544755761687, 78.01057828712149, 60.991455936563696], [41.09815856273133, 80.08394249130289, 52.9170808276312, 68.15448571297368, 54.59004914933541, 11.261841705916272, 29.958128227664808, 61.29578263679532, 85.7447249324791, 52.268427711072924, 30.241930015304767, 51.866428915077, 54.473747790644616, 73.30729145404563, 78.6018583217675, 22.57423679584188, 22.525205496874886, 69.00524339217611, 0.0, 19.571875861587216, 35.271652682501625, 89.92278360745723, 76.33057470436164, 24.641342759503036, 61.47848398535364, 56.03109618183684, 70.88580668915313, 44.98658997123068, 24.560016429397287, 40.28832965579256, 54.27538134684636, 69.03600576181314, 40.601493517886375, 35.161890528304795, 57.583315620528914, 25.190373570417776, 57.03263267085431, 75.09821066571229, 47.39706999893764, 69.69408715036371, 85.83888616842388, 57.664197916027504, 64.8255784281058, 15.133967921854829, 29.394928077526316, 51.910403386019844, 64.8086417852498, 25.540725656045712, 43.205645934592866, 7.750776622131765, 90.53750407723916, 32.46332150251649, 9.508669225646862, 45.863520563756516, 63.10236517219544, 49.4788732015005, 68.0389738179441, 59.715392452444675, 57.778507936856826, 44.99526998562804, 69.44410841848703, 26.95937629927811, 73.70771368405046, 41.387524735843066, 74.5297609341629, 40.500347266779244, 73.95295096832298, 8.552506687264627, 79.20947984586869, 31.068720442051735, 20.659204457886627, 25.878622979469544, 51.64583398848016, 32.964632548779875, 72.31876204033004, 80.06144565288821, 92.54867002771789, 76.818218020221, 75.28143561614611, 23.273644915327782, 77.01093714359698, 57.215400106776926, 73.19065850959838, 32.53966647963784, 49.56077836053154, 23.05645322123445, 47.96515108048892, 34.637533535530764, 81.51316793566752, 37.79827801214563, 36.033109216706784, 59.93550248004919, 64.18869625866931, 20.3673208107002, 67.8309521777196], [59.11815462159825, 67.86048528815365, 68.95179784416442, 74.83427849801757, 65.73535235788096, 8.901414446617306, 40.13671359656429, 58.6104249720829, 90.21611502761839, 58.028162670061654, 38.47213778386495, 61.03328438856015, 67.19808885566069, 81.74442267799928, 75.68676420739948, 22.323277288938307, 6.90190740590549, 69.03141449018028, 19.571875861587216, 0.0, 50.62123876671816, 96.22483246534172, 82.79925347761579, 38.07775683394679, 71.55373269615392, 59.391170627412315, 62.94573476303416, 48.33899351280179, 44.083551983081236, 42.635899691009215, 67.2328686803602, 56.113190359762875, 21.79182926562338, 47.252622829208725, 61.59296435162804, 42.68488135764134, 74.7637378055266, 72.060084564725, 65.68327729439716, 70.64934772424854, 88.1307637092277, 74.65776097439334, 72.34877796561351, 26.563302638285244, 16.795186997618945, 51.31723648262888, 68.38352766986385, 42.67993739734442, 41.52961243055296, 26.425805215882495, 92.945085153964, 45.172111567977595, 18.685588078439913, 29.44607678469209, 46.8860175713755, 42.787167859274184, 82.1916644278824, 75.75157436616298, 71.12554897696226, 30.67309685356933, 53.699864611950396, 12.182717689776233, 59.97462950376025, 33.324635184314296, 86.74167812562577, 55.85487574155799, 57.967376685827986, 26.84389509098801, 72.46672218420656, 49.011117395147, 13.234919026613303, 24.135293516092936, 66.96389331348102, 43.34959679916791, 83.35107360085686, 76.40783133655017, 95.64119197077915, 62.5166953993227, 82.86336657629212, 9.220330474822658, 61.106261442928805, 72.48604172121354, 78.90417850337097, 28.099437297700067, 33.5