instance_id,num_cities,city_coordinates,distance_matrix,best_route,total_distance
2029,29,"[[4.470331927014993, 34.77255132385639], [30.892119755439307, 20.799423547109054], [49.961260536007536, 29.990013449970533], [42.11280494862937, 25.598184043185945], [13.284977843609802, 31.30321437177188], [96.94658383596195, 44.016057840424075], [22.12378602345736, 62.57924091160617], [40.41924624002027, 85.78787077476193], [73.30228313588405, 29.332846116523083], [83.50969034698474, 82.83552602671018], [95.38738309313143, 1.7132329793593137], [14.326952268965742, 9.642667304402085], [72.2998734052798, 31.927551555869748], [54.55189046531926, 2.25365172270533], [18.150183744673264, 8.850523017509172], [99.50300043680777, 10.560574698594305], [41.67841150822872, 12.862560263322997], [61.607811911838404, 27.221115508630824], [98.65039418303454, 62.74739111187979], [74.45098002294704, 37.266152832849876], [64.66217434513892, 66.57234500007431], [15.174532145340457, 8.22527863644773], [44.75191830490968, 27.645645560934973], [45.09552601927817, 52.677472419855555], [39.810524641088854, 71.085632244513], [23.735329446253072, 39.9292080717658], [7.508011728537389, 43.85629766612439], [29.900290866728973, 48.525966039059256], [40.54407391487569, 22.807090158325703]]","[[0.0, 29.889114605748684, 45.7416358936102, 38.74435171974881, 9.472818034884899, 92.93707322618269, 32.937158762781436, 62.40903187008862, 69.04656327408932, 92.50551181809442, 96.74103949278732, 26.993777716291994, 67.88917970362796, 59.71299135778863, 29.310235366986646, 98.06848574437355, 43.179727817513935, 57.63432832858875, 98.24701414146536, 70.02506091687698, 68.07558131619804, 28.624073599919925, 40.907199694837985, 44.39586235774693, 50.6711857668442, 19.94320030065408, 9.578201615504051, 28.91088424804571, 38.006408958366045], [29.889114605748684, 0.0, 21.168350735749577, 12.203764931503015, 20.502221050207563, 70.01574346441367, 42.69000837955115, 65.68306031325449, 43.26015786730558, 81.34547772197197, 67.26010454486904, 19.97192989458209, 42.87700193932923, 30.0621090844761, 17.468061059222595, 69.37064922296541, 13.39170969524818, 31.37980038648032, 79.692005472446, 46.56745087691765, 56.8821318634474, 20.12837997742101, 15.458485426926394, 34.899093819594675, 51.07093822188154, 20.42469836960778, 32.839548601555684, 27.744276582790917, 9.858546764998147], [45.7416358936102, 21.168350735749577, 0.0, 8.993687822319911, 36.699784860318914, 49.034177130285485, 42.8600365583501, 56.60786976086101, 23.350272052207373, 62.595090400768754, 53.50802672831414, 41.03435659100972, 22.422481549441127, 28.11369141563581, 38.19453707493117, 53.2154778480098, 19.02512130520537, 11.971171820645761, 58.68285547400542, 25.54777025237373, 39.42567499061022, 41.034377704907556, 5.712556982634015, 23.203365421798363, 42.330690087863466, 28.046159295961964, 44.66040945034117, 27.313440692389147, 11.843892555696309], [38.74435171974881, 12.203764931503015, 8.993687822319911, 0.0, 29.386918631373824, 57.8442856492832, 42.037595610313105, 60.21350786945367, 31.412278656526315, 70.63862568045526, 58.38382964311308, 32.04110053568045, 30.843475730162393, 26.451805945029317, 29.235105007426593, 59.32760093726934, 12.743029887874929, 19.56244368776815, 67.6502962467351, 34.37875888995692, 46.76917709668662, 32.054459656900924, 3.3402122648059787, 27.24306304313313, 45.54567420165059, 23.304717452656963, 39.126083715003396, 25.9774649927761, 3.201737361240944], [9.472818034884899, 20.502221050207563, 36.699784860318914, 29.386918631373824, 0.0, 84.6219871326479, 32.50099023353841, 60.86744864671366, 60.049640178833236, 87.10389997401583, 87.27182790889623, 21.685594526340246, 59.01819799921262, 50.46617845081838, 22.97375845414777, 88.67809493044194, 33.85623722764489, 48.49494637087469, 90.97247142771525, 61.45597170083059, 62.3179580508941, 23.155162129921273, 31.67879656175402, 38.32453368721644, 47.81469862611959, 13.550557771959188, 13.818583056509338, 23.930979960070243, 28.552450775245365], [92.93707322618269, 70.01574346441367, 49.034177130285485, 57.8442856492832, 84.6219871326479, 0.0, 77.0911333307869, 70.28672884340881, 27.832528848895628, 41.07920662452231, 42.33154967848876, 89.4848227198785, 27.45163600308014, 59.50973526014115, 86.28723837699339, 33.553012056897906, 63.44376473487729, 39.12670301767685, 18.80866331840558, 23.48645159498144, 39.383615712625286, 89.2616844660768, 54.70167737920715, 52.56949970492274, 63.224133989628896, 73.32523515370578, 89.43871479358519, 67.1978025896408, 60.258305946471204], [32.937158762781436, 42.69000837955115, 42.8600365583501, 42.037595610313105, 32.50099023353841, 77.0911333307869, 0.0, 29.55273869983629, 61.02918427733731, 64.64167646558714, 95.24823135993599, 53.50767647605449, 58.79766836626132, 68.48911350485079, 53.87545490864479, 93.23885701684678, 53.424074278671824, 53.00174838971706, 76.52679289568665, 58.12820021248812, 42.72539480528548, 54.79639901007975, 41.62197081676144, 25.014912706220237, 19.625988291980853, 22.707290896304723, 23.7522517251223, 16.061399759074096, 43.830708202633474], [62.40903187008862, 65.68306031325449, 56.60786976086101, 60.21350786945367, 60.86744864671366, 70.28672884340881, 29.55273869983629, 0.0, 65.33348241642332, 43.191465740893506, 100.44919506661314, 80.49161332843583, 62.58840447567944, 84.72129239710553, 80.09535956809306, 95.65582096724584, 72.93618039328936, 62.28178014180267, 62.623719897950004, 59.26648307691683, 30.93470533086805, 81.56746464698168, 58.30343386145663, 33.43899029268801, 14.714834684268185, 48.79928303252534, 53.304841998029005, 38.718186510706765, 62.98090432031028], [69.04656327408932, 43.26015786730558, 23.350272052207373, 31.412278656526315, 60.049640178833236, 27.832528848895628, 61.02918427733731, 65.33348241642332, 0.0, 54.46767775061801, 35.36374796268345, 62.175499937803366, 2.781604138799277, 32.93721291060524, 58.832640827948495, 32.231595698496044, 35.65584906868082, 11.883604813790333, 41.94113196976675, 8.016037674166958, 38.22867715490459, 61.841449207991374, 28.600174434721815, 36.61410553703912, 53.525629716271, 50.68693899572687, 67.37816259692165, 47.45638824534219, 33.40188261450702], [92.50551181809442, 81.34547772197197, 62.595090400768754, 70.63862568045526, 87.10389997401583, 41.07920662452231, 64.64167646558714, 43.191465740893506, 54.46767775061801, 0.0, 81.987230799876, 100.71467527582827, 52.12755375605378, 85.6270555393155, 98.72003734586552, 74.023337921974, 81.52344341972996, 59.77169009038798, 25.155001033738813, 46.4610375047323, 24.894174349533333, 101.1750110554969, 67.4395121534254, 48.838061164935304, 45.251266140123235, 73.57938802097841, 85.41449172364402, 63.64835912401721, 73.82043963697227], [96.74103949278732, 67.26010454486904, 53.50802672831414, 58.38382964311308, 87.27182790889623, 42.33154967848876, 95.24823135993599, 100.44919506661314, 35.36374796268345, 81.987230799876, 0.0, 81.44734111138631, 38.025493430454084, 40.83906843421214, 77.56626761861203, 9.757753922726552, 54.853998282648675, 42.3286132576908, 61.12131952370095, 41.25946053483916, 71.76867606918336, 80.47675562429524, 56.88972065865949, 71.60045104386646, 88.88935242874858, 81.20638856690135, 97.4618992869988, 80.49839268450064, 58.7600150809067], [26.993777716291994, 19.97192989458209, 41.03435659100972, 32.04110053568045, 21.685594526340246, 89.4848227198785, 53.50767647605449, 80.49161332843583, 62.175499937803366, 100.71467527582827, 81.44734111138631, 0.0, 62.108579529551314, 40.89796088030573, 3.904432287554465, 85.18099398031734, 27.540334659985028, 50.44285410083154, 99.65216779831648, 66.16612173991973, 75.99093882819709, 1.6514788169639958, 35.35230946336517, 52.902736998698614, 66.5180456829343, 31.714225715966727, 34.88653683905102, 41.8860334188996, 29.33665789542746], [67.88917970362796, 42.87700193932923, 22.422481549441127, 30.843475730162393, 59.01819799921262, 27.45163600308014, 58.79766836626132, 62.58840447567944, 2.781604138799277, 52.12755375605378, 38.025493430454084, 62.108579529551314, 0.0, 34.57645484640965, 58.862026269066774, 34.59129688682967, 36.07142666567867, 11.682068277761527, 40.548889695244256, 5.755686168924227, 35.47669882789091, 61.847411874801146, 27.878747266716744, 34.214554396629616, 50.881362661976056, 49.21931975298541, 65.88080390600162, 45.5327570305065, 33.03957653146966], [59.71299135778863, 30.0621090844761, 28.11369141563581, 26.451805945029317, 50.46617845081838, 59.50973526014115, 68.48911350485079, 84.72129239710553, 32.93721291060524, 85.6270555393155, 40.83906843421214, 40.89796088030573, 34.57645484640965, 0.0, 36.99463424682194, 45.71222218396526, 16.681588679794363, 25.945332438821243, 74.86100811121038, 40.272186422025364, 65.10846446537354, 39.82758687463925, 27.217509170118692, 51.30287050677287, 70.39282214060108, 48.67348332771203, 62.80053085838144, 52.42927078417808, 24.8729321962192], [29.310235366986646, 17.468061059222595, 38.19453707493117, 29.235105007426593, 22.97375845414777, 86.28723837699339, 53.87545490864479, 80.09535956809306, 58.832640827948495, 98.72003734586552, 77.56626761861203, 3.904432287554465, 58.862026269066774, 36.99463424682194, 0.0, 81.37078751306281, 23.86784331596676, 47.18097195258318, 96.87701621645061, 63.06526523665912, 74.12944086262047, 3.0406303584389858, 32.571596722231305, 51.44757491088808, 65.89673124098061, 31.576550115703736, 36.58770399971358, 41.37880854176509, 26.386968058327742], [98.06848574437355, 69.37064922296541, 53.2154778480098, 59.32760093726934, 88.67809493044194, 33.553012056897906, 93.23885701684678, 95.65582096724584, 32.231595698496044, 74.023337921974, 9.757753922726552, 85.18099398031734, 34.59129688682967, 45.71222218396526, 81.37078751306281, 0.0, 57.87039158584782, 41.39588063353481, 52.193780709754456, 36.6168216848667, 65.9636382794011, 84.36079760222094, 57.3548658876041, 68.80411576466425, 85.00867166095031, 81.26042452227718, 97.83497899711179, 79.28371913029426, 60.2173742164504], [43.179727817513935, 13.39170969524818, 19.02512130520537, 12.743029887874929, 33.85623722764489, 63.44376473487729, 53.424074278671824, 72.93618039328936, 35.65584906868082, 81.52344341972996, 54.853998282648675, 27.540334659985028, 36.07142666567867, 16.681588679794363, 23.86784331596676, 57.87039158584782, 0.0, 24.563165699476823, 75.72518180029347, 40.86045248588632, 58.42083815396265, 26.906504830049727, 15.099207096590053, 39.96128002972413, 58.253026636178014, 32.473952907970315, 46.132721351528126, 37.55799032656754, 10.009015766212803], [57.63432832858875, 31.37980038648032, 11.971171820645761, 19.56244368776815, 48.49494637087469, 39.12670301767685, 53.00174838971706, 62.28178014180267, 11.883604813790333, 59.77169009038798, 42.3286132576908, 50.44285410083154, 11.682068277761527, 25.945332438821243, 47.18097195258318, 41.39588063353481, 24.563165699476823, 0.0, 51.325131851329296, 16.304899324287515, 39.46958819600489, 50.1686285276811, 16.861238835074072, 30.342737064894177, 48.98180846841068, 39.94772264722077, 56.599626017192804, 38.200308204907905, 21.521261073594808], [98.24701414146536, 79.692005472446, 58.68285547400542, 67.6502962467351, 90.97247142771525, 18.80866331840558, 76.52679289568665, 62.623719897950004, 41.94113196976675, 25.155001033738813, 61.12131952370095, 99.65216779831648, 40.548889695244256, 74.86100811121038, 96.87701621645061, 52.193780709754456, 75.72518180029347, 51.325131851329296, 0.0, 35.141217251599905, 34.202768308953225, 99.70396326987107, 64.32090051226025, 54.49336809650606, 59.427741946830885, 78.31306660939988, 93.07957504768751, 70.20559548287116, 70.50937593941902], [70.02506091687698, 46.56745087691765, 25.54777025237373, 34.37875888995692, 61.45597170083059, 23.48645159498144, 58.12820021248812, 59.26648307691683, 8.016037674166958, 46.4610375047323, 41.25946053483916, 66.16612173991973, 5.755686168924227, 40.272186422025364, 63.06526523665912, 36.6168216848667, 40.86045248588632, 16.304899324287515, 35.141217251599905, 0.0, 30.897793059378447, 66.00810288955338, 31.218398855494808, 33.154961184931935, 48.41196480972873, 50.785520344118126, 67.26656682921963, 45.951575573996294, 36.86112824165023], [68.07558131619804, 56.8821318634474, 39.42567499061022, 46.76917709668662, 62.3179580508941, 39.383615712625286, 42.72539480528548, 30.93470533086805, 38.22867715490459, 24.894174349533333, 71.76867606918336, 75.99093882819709, 35.47669882789091, 65.10846446537354, 74.12944086262047, 65.9636382794011, 58.42083815396265, 39.46958819600489, 34.202768308953225, 30.897793059378447, 0.0, 76.50756095796493, 43.723062848027645, 23.998358500706342, 25.25815224365442, 48.835063005570646, 61.502984568906776, 39.167082308631535, 49.97079446764342], [28.624073599919925, 20.12837997742101, 41.034377704907556, 32.054459656900924, 23.155162129921273, 89.2616844660768, 54.79639901007975, 81.56746464698168, 61.841449207991374, 101.1750110554969, 80.47675562429524, 1.6514788169639958, 61.847411874801146, 39.82758687463925, 3.0406303584389858, 84.36079760222094, 26.906504830049727, 50.1686285276811, 99.70396326987107, 66.00810288955338, 76.50756095796493, 0.0, 35.383222344975806, 53.58417123145471, 67.51559954545004, 32.83940304066047, 36.44646831168198, 42.906798704209585, 29.26162806228946], [40.907199694837985, 15.458485426926394, 5.712556982634015, 3.3402122648059787, 31.67879656175402, 54.70167737920715, 41.62197081676144, 58.30343386145663, 28.600174434721815, 67.4395121534254, 56.88972065865949, 35.35230946336517, 27.878747266716744, 27.217509170118692, 32.571596722231305, 57.3548658876041, 15.099207096590053, 16.861238835074072, 64.32090051226025, 31.218398855494808, 43.723062848027645, 35.383222344975806, 0.0, 25.03418507074579, 43.72013053972145, 24.343026007694636, 40.61888500125316, 25.623399868707864, 6.412298557838669], [44.39586235774693, 34.899093819594675, 23.203365421798363, 27.24306304313313, 38.32453368721644, 52.56949970492274, 25.014912706220237, 33.43899029268801, 36.61410553703912, 48.838061164935304, 71.60045104386646, 52.902736998698614, 34.214554396629616, 51.30287050677287, 51.44757491088808, 68.80411576466425, 39.96128002972413, 30.342737064894177, 54.49336809650606, 33.154961184931935, 23.998358500706342, 53.58417123145471, 25.03418507074579, 0.0, 19.151803771383914, 24.87521339661329, 38.60873417495718, 15.752148316057056, 30.215152700401614], [50.6711857668442, 51.07093822188154, 42.330690087863466, 45.54567420165059, 47.81469862611959, 63.224133989628896, 19.625988291980853, 14.714834684268185, 53.525629716271, 45.251266140123235, 88.88935242874858, 66.5180456829343, 50.881362661976056, 70.39282214060108, 65.89673124098061, 85.00867166095031, 58.253026636178014, 48.98180846841068, 59.427741946830885, 48.41196480972873, 25.25815224365442, 67.51559954545004, 43.72013053972145, 19.151803771383914, 0.0, 35.05901692552455, 42.24794671989851, 24.640439784304878, 48.28411457720676], [19.94320030065408, 20.42469836960778, 28.046159295961964, 23.304717452656963, 13.550557771959188, 73.32523515370578, 22.707290896304723, 48.79928303252534, 50.68693899572687, 73.57938802097841, 81.20638856690135, 31.714225715966727, 49.21931975298541, 48.67348332771203, 31.576550115703736, 81.26042452227718, 32.473952907970315, 39.94772264722077, 78.31306660939988, 50.785520344118126, 48.835063005570646, 32.83940304066047, 24.343026007694636, 24.87521339661329, 35.05901692552455, 0.0, 16.6957441581323, 10.57879940561214, 23.993766116497795], [9.578201615504051, 32.839548601555684, 44.66040945034117, 39.126083715003396, 13.818583056509338, 89.43871479358519, 23.7522517251223, 53.304841998029005, 67.37816259692165, 85.41449172364402, 97.4618992869988, 34.88653683905102, 65.88080390600162, 62.80053085838144, 36.58770399971358, 97.83497899711179, 46.132721351528126, 56.599626017192804, 93.07957504768751, 67.26656682921963, 61.502984568906776, 36.44646831168198, 40.61888500125316, 38.60873417495718, 42.24794671989851, 16.6957441581323, 0.0, 22.8740020048062, 39.17206327838731], [28.91088424804571, 27.744276582790917, 27.313440692389147, 25.9774649927761, 23.930979960070243, 67.1978025896408, 16.061399759074096, 38.718186510706765, 47.45638824534219, 63.64835912401721, 80.49839268450064, 41.8860334188996, 45.5327570305065, 52.42927078417808, 41.37880854176509, 79.28371913029426, 37.55799032656754, 38.200308204907905, 70.20559548287116, 45.951575573996294, 39.167082308631535, 42.906798704209585, 25.623399868707864, 15.752148316057056, 24.640439784304878, 10.57879940561214, 22.8740020048062, 0.0, 27.83434378864703], [38.006408958366045, 9.858546764998147, 11.843892555696309, 3.201737361240944, 28.552450775245365, 60.258305946471204, 43.830708202633474, 62.98090432031028, 33.40188261450702, 73.82043963697227, 58.7600150809067, 29.33665789542746, 33.03957653146966, 24.8729321962192, 26.386968058327742, 60.2173742164504, 10.009015766212803, 21.521261073594808, 70.50937593941902, 36.86112824165023, 49.97079446764342, 29.26162806228946, 6.412298557838669, 30.215152700401614, 48.28411457720676, 23.993766116497795, 39.17206327838731, 27.83434378864703, 0.0]]",Route_4,1436.2672838513854
