instance_id,num_cities,city_coordinates,distance_matrix,best_route,total_distance
541,35,"[[66.6549060214544, 89.33963269584622], [48.77927719756116, 64.09734476026463], [12.475976346002227, 57.05907109401686], [56.89434476172443, 8.799527763260373], [91.9847452482713, 62.06064411424295], [96.46590528638247, 41.067519468271186], [59.91626627982974, 36.35732719819716], [33.79128083303035, 33.82687591767757], [56.45124411599839, 46.753070309376035], [10.005403976692296, 23.837500803147826], [68.36690823570133, 52.24349647517326], [44.92260310212269, 77.76311829093736], [64.78596045688589, 42.22656439279165], [92.81892299504925, 27.381801724662868], [90.38580055004634, 26.90047156723041], [36.8725659576302, 73.69373841944606], [98.30559401761114, 28.162782886238823], [8.624956614797863, 46.973199930848175], [24.212104341722352, 82.22619303974673], [41.08872306706623, 78.1175008442864], [33.71217056752579, 59.7083952776126], [33.22530603745019, 80.11403011429584], [83.4461809655832, 66.75676106693238], [93.013286780331, 97.115759607209], [72.2392582291458, 15.033313265180947], [43.266897525126424, 41.227912310834014], [41.099944918768685, 95.44757029623648], [7.874478629180137, 4.506416791383295], [38.06250613906631, 97.22371176291718], [3.6847507408747093, 34.46968368903261], [51.643251799565505, 20.884457311393014], [10.419358865885563, 38.195605891723304], [11.683147841122565, 88.75346903780658], [88.4750560300506, 60.59657948711271], [59.531460402457505, 78.75016830479046]]","[[0.0, 30.930748553379864, 63.06656069667262, 81.12938468062531, 37.22558224247989, 56.73528525203136, 53.40911871032527, 64.51111552001971, 43.79189436616748, 86.60078154617291, 37.135620017502205, 24.623336003568966, 47.15012367376787, 67.25569569076129, 66.79673792613231, 33.641964677847795, 68.87940913841611, 71.84977142183693, 43.0347817255535, 27.920708338991712, 44.308397061090496, 34.67924304368887, 28.141304256507535, 27.481491698442007, 74.51586473303259, 53.495201465457704, 26.274758584809884, 103.20762164254947, 29.659467860536754, 83.52216328658307, 70.08181504066374, 76.01413185472191, 54.97488322198499, 36.0871452758143, 12.762454057752523], [30.930748553379864, 0.0, 36.979277290393284, 55.8900964948631, 43.25344632514778, 52.95646656888375, 29.89215783717163, 33.77782288681766, 18.965308661483533, 55.8951543516914, 22.89517435732421, 14.199552854581771, 27.10248960605996, 57.33691221514581, 55.80958843083832, 15.292499593365232, 61.18945002889105, 43.65324498364535, 30.531968853468065, 15.990916154317269, 15.693329148467106, 22.326222891022155, 34.76876057545726, 55.1983996396045, 54.384279866087, 23.524397340041293, 32.27706283732157, 72.27918955074296, 34.81673983466315, 53.95659938232386, 43.30768975816849, 46.28588781504494, 44.54264560642103, 39.8498458543521, 18.17456138394172], [63.06656069667262, 36.979277290393284, 0.0, 65.58944255905817, 79.66592788031207, 85.49875956298438, 51.760441548867455, 31.528988218562354, 45.166777919349975, 33.31330755753847, 56.09800376491694, 38.48949412740188, 54.37221434448657, 85.64887269236422, 83.54329316541299, 29.528050083029456, 90.56334104835982, 10.796071048773388, 27.769060613624724, 35.52670458219839, 21.400814555620446, 31.01718585028544, 71.62970846343002, 89.94885583840598, 73.06034617035455, 34.622339832503904, 47.88536778446562, 52.75372266949536, 47.62214681126038, 24.239762188864617, 53.3167717400191, 18.975246899517835, 31.704312609761025, 76.0813648566688, 51.81430572722699], [81.12938468062531, 55.8900964948631, 65.58944255905817, 0.0, 63.781523353234135, 51.06007923056251, 27.72299261186985, 34.06053021512929, 37.95612901735443, 49.24137895196104, 44.93326306986946, 69.994995655642, 34.34595137875998, 40.44596675589412, 38.06995898888784, 67.91266599957243, 45.71462800779121, 61.5399307672435, 80.37166175024619, 71.09711013266643, 55.938591258307866, 75.13974740247026, 63.74983057242437, 95.41663785555195, 16.562803235159347, 35.175381199804725, 88.07579883938378, 49.20750021561158, 90.40726996162975, 59.07806531291547, 13.176475229763247, 54.99139681216616, 91.85142923399191, 60.665277478116074, 70.00033207830484], [37.22558224247989, 43.25344632514778, 79.66592788031207, 63.781523353234135, 0.0, 21.466068053755713, 41.09802724993091, 64.68094748243335, 38.690457719038264, 90.45231384493451, 25.57691562561075, 49.6126286206854, 33.66251049052913, 34.68887374929541, 35.19651058959788, 56.32655847180368, 34.48214211730313, 84.71413892027952, 70.70912401462004, 53.368789773788755, 58.320031160078194, 61.470289103249605, 9.744772672717104, 35.070201309778085, 51.004451809715505, 52.98519983135194, 60.860083342493326, 101.9167603167703, 64.37428987581545, 92.51027038762665, 57.644726153353915, 84.98501223786579, 84.62182607660873, 3.802815225712212, 36.49323108455043], [56.73528525203136, 52.95646656888375, 85.49875956298438, 51.06007923056251, 21.466068053755713, 0.0, 36.851893068475945, 63.091484919880244, 40.41656339853045, 88.16060248162688, 30.23997515397443, 63.27147045084362, 31.70114019301204, 14.163309994172042, 15.41664424689111, 67.93994594788705, 13.035209276396529, 88.03924877717905, 83.15436345203928, 66.62832303543613, 65.46383331354747, 74.32363948969514, 28.800179779022162, 56.15448154172888, 35.56276592534579, 53.19924954965179, 77.60528007474922, 95.83921486588045, 81.02144756170422, 93.01545073678457, 49.15715882379364, 86.094459975575, 97.27315018220622, 21.100660109506865, 52.764905403308724], [53.40911871032527, 29.89215783717163, 51.760441548867455, 27.72299261186985, 41.09802724993091, 36.851893068475945, 0.0, 26.24724839442343, 10.958004080555249, 51.45716887669706, 17.993991323857987, 44.03691033101859, 7.626392766207753, 34.10490985834213, 31.90336404000135, 43.87504675121772, 39.254185007963684, 52.3783848646561, 58.12693036186127, 45.808170519897466, 35.09881782267148, 51.25481839542508, 38.44193627613524, 69.18814836958033, 24.628635788414634, 17.34716343583385, 62.013795069710945, 61.01498304202165, 64.67073219216253, 56.263189900906184, 17.545725152430503, 49.531031809358005, 71.21649664227259, 37.458588114383296, 42.394587539591974], [64.51111552001971, 33.77782288681766, 31.528988218562354, 34.06053021512929, 64.68094748243335, 63.091484919880244, 26.24724839442343, 0.0, 26.08755330492756, 25.798363378394072, 39.174557088078295, 45.32438338621078, 32.112691127720986, 59.37846007232602, 57.01679348424993, 39.98576051238735, 64.76247799109427, 28.393127860742307, 49.338164944941404, 44.88777249484133, 25.881640265114576, 46.290614287247784, 59.58176267212065, 86.67599891024707, 42.79538483324482, 12.023420951973524, 62.05261111680896, 39.13272236696788, 63.54055524468746, 30.113391639282142, 22.049922148849298, 23.77672260898105, 59.20895351356993, 60.884581783844716, 51.77508129558456], [43.79189436616748, 18.965308661483533, 45.166777919349975, 37.95612901735443, 38.690457719038264, 40.41656339853045, 10.958004080555249, 26.08755330492756, 0.0, 51.79130614341324, 13.119749650646801, 33.08372166860241, 9.484553352474249, 41.205025344378285, 39.315134454713835, 33.303516881042874, 45.79722035409447, 47.826794092827704, 47.93437774321525, 34.92469836316559, 26.170707114548133, 40.64969666226343, 33.59872407453915, 62.234905295168055, 35.4316860533013, 14.295256763594356, 51.05699478047271, 64.37765045907365, 53.71621108302567, 54.17734221952756, 26.311631050816555, 46.82055805881587, 61.38579589305413, 34.88792449918269, 32.145015360076], [86.60078154617291, 55.8951543516914, 33.31330755753847, 49.24137895196104, 90.45231384493451, 88.16060248162688, 51.45716887669706, 25.798363378394072, 51.79130614341324, 0.0, 64.90736298366663, 64.24315540354746, 57.78466083645075, 82.88932983940708, 80.43873409739423, 56.63469627501102, 88.40606102728869, 23.176846399940523, 60.09217683161437, 62.54990911376297, 42.99688189381233, 60.87866295361365, 85.06239254995408, 110.72493766490722, 62.853530794373974, 37.533363364867654, 78.06966459005348, 19.44817862697091, 78.56676740697472, 12.369073136106543, 41.7424344903953, 14.36407116331801, 64.93764513991755, 86.65284853407326, 73.9474902700155], [37.135620017502205, 22.89517435732421, 56.09800376491694, 44.93326306986946, 25.57691562561075, 30.23997515397443, 17.993991323857987, 39.174557088078295, 13.119749650646801, 64.90736298366663, 0.0, 34.65380990332758, 10.637768343860905, 34.87126168722497, 33.572317915737266, 38.105202728710665, 38.421422062440904, 59.973967762184074, 53.37235988973157, 37.597386720186144, 35.44961998358692, 44.85196595902562, 20.92891098869141, 51.19535109710486, 37.41113242061677, 27.41083056298398, 51.08893503747001, 77.05947583805923, 54.236302913881666, 67.07972807892362, 35.539696423427856, 59.626015360845784, 67.42422998443702, 21.774103966036, 27.940450781921815], [24.623336003568966, 14.199552854581771, 38.48949412740188, 69.994995655642, 49.6126286206854, 63.27147045084362, 44.03691033101859, 45.32438338621078, 33.08372166860241, 64.24315540354746, 34.65380990332758, 0.0, 40.71117326188033, 69.51499491646905, 68.21958042915178, 9.020141382828061, 72.8693144700958, 47.597670249075854, 21.185933897706846, 3.850223774967204, 21.251983923874665, 11.931200485299152, 40.06502153680328, 51.83858198826194, 68.41950077206155, 36.572703440766794, 18.092886953565245, 82.09206929757228, 20.634331310323557, 59.79031649855593, 57.27433276556245, 52.49820854360069, 35.00927299426879, 46.813525935808265, 14.642164435335138], [47.15012367376787, 27.10248960605996, 54.37221434448657, 34.34595137875998, 33.66251049052913, 31.70114019301204, 7.626392766207753, 32.112691127720986, 9.484553352474249, 57.78466083645075, 10.637768343860905, 40.71117326188033, 0.0, 31.720875891739503, 29.836905571675914, 42.06353092281759, 36.350457828057074, 56.361235805136204, 56.975504314997536, 43.00835243618036, 35.653819278915655, 49.31059689540577, 30.8210054720029, 61.72200339147032, 28.196179786830616, 21.542223084951623, 58.25377928895634, 68.27683574168705, 61.145966584296424, 61.59161490830004, 25.064243964761634, 54.5158325167276, 70.6021356868982, 29.97716970696392, 36.89963974814067], [67.25569569076129, 57.33691221514581, 85.64887269236422, 40.44596675589412, 34.68887374929541, 14.163309994172042, 34.10490985834213, 59.37846007232602, 41.205025344378285, 82.88932983940708, 34.87126168722497, 69.51499491646905, 31.720875891739503, 0.0, 2.4802748946096447, 72.62775190090889, 5.541975323344277, 86.44331586948884, 87.8339502951594, 72.45774458086632, 67.36925733052252, 79.57441230084865, 40.475124661405275, 69.73422874919997, 24.000161855931843, 51.45015069498204, 85.48568034761031, 87.97068752983546, 88.74771875771107, 89.41553966832441, 41.685145829458705, 83.10611607601267, 101.73247052256099, 33.497621438223625, 61.210818087684174], [66.79673792613231, 55.80958843083832, 83.54329316541299, 38.06995898888784, 35.19651058959788, 15.41664424689111, 31.90336404000135, 57.01679348424993, 39.315134454713835, 80.43873409739423, 33.572317915737266, 68.21958042915178, 29.836905571675914, 2.4802748946096447, 0.0, 71.08639883441577, 8.019760497357689, 84.18877612225778, 86.25481740938304, 71.08717139069294, 65.48480887642499, 78.09612631985337, 40.45592827585492, 70.26443167369601, 21.682399414505205, 49.24902618867991, 84.42630105287836, 85.49626854098638, 87.6532101502184, 87.0308279298623, 39.206855410882206, 80.7602120789354, 100.09945474135496, 33.75023901499141, 60.33557290454826], [33.641964677847795, 15.292499593365232, 29.528050083029456, 67.91266599957243, 56.32655847180368, 67.93994594788705, 43.87504675121772, 39.98576051238735, 33.303516881042874, 56.63469627501102, 38.105202728710665, 9.020141382828061, 42.06353092281759, 72.62775190090889, 71.08639883441577, 0.0, 76.46623338693557, 38.88334618710059, 15.267287584091886, 6.11110912706337, 14.337988764698537, 7.383945447544191, 47.087400328520076, 60.83067984999385, 68.49706856141525, 33.08953522051518, 22.160774675194435, 75.0184946714703, 23.560042512267614, 51.380517205999176, 54.83605867848743, 44.2706401398771, 29.34795174021227, 53.23863779035903, 23.216222359531915], [68.87940913841611, 61.18945002889105, 90.56334104835982, 45.71462800779121, 34.48214211730313, 13.035209276396529, 39.254185007963684, 64.76247799109427, 45.79722035409447, 88.40606102728869, 38.421422062440904, 72.8693144700958, 36.350457828057074, 5.541975323344277, 8.019760497357689, 76.46623338693557, 0.0, 91.63213690822124, 91.72075844528031, 75.95554073034693, 71.88488028889546, 83.27290058675382, 41.35574093233767, 69.15577715980368, 29.186243916737737, 56.56815109647188, 88.31607388028792, 93.47411560003953, 91.64410256231277, 94.83080185328498, 47.226562488153405, 88.45703966674321, 105.71035630398966, 33.89086365190079, 63.737877287299725], [71.84977142183693, 43.65324498364535, 10.796071048773388, 61.5399307672435, 84.71413892027952, 88.03924877717905, 52.3783848646561, 28.393127860742307, 47.826794092827704, 23.176846399940523, 59.973967762184074, 47.597670249075854, 56.361235805136204, 86.44331586948884, 84.18877612225778, 38.88334618710059, 91.63213690822124, 0.0, 38.54520329946408, 44.98737169088915, 28.134560675976388, 41.273379034974916, 77.39253778353397, 98.16143111744263, 71.18241166255115, 35.115130640101334, 58.34714601129927, 42.47341388941128, 58.23815983853425, 13.444089871988007, 50.31099494213942, 8.959131462055296, 41.8920448322427, 81.0039187148362, 60.01039782339002], [43.0347817255535, 30.531968853468065, 27.769060613624724, 80.37166175024619, 70.70912401462004, 83.15436345203928, 58.12693036186127, 49.338164944941404, 47.93437774321525, 60.09217683161437, 53.37235988973157, 21.185933897706846, 56.975504314997536, 87.8339502951594, 86.25481740938304, 15.267287584091886, 91.72075844528031, 38.54520329946408, 0.0, 17.36955990109319, 24.439772387463513, 9.257377438104186, 61.220741248721815, 70.39390525832191, 82.59231564089667, 45.21000072980577, 21.447703278303646, 79.418396068032, 20.41468093798472, 51.98130847928973, 67.19580636484038, 46.140355789275205, 14.127281513043117, 67.80536219306478, 35.489993808156925], [27.920708338991712, 15.990916154317269, 35.52670458219839, 71.09711013266643, 53.368789773788755, 66.62832303543613, 45.808170519897466, 44.88777249484133, 34.92469836316559, 62.54990911376297, 37.597386720186144, 3.850223774967204, 43.00835243618036, 72.45774458086632, 71.08717139069294, 6.11110912706337, 75.95554073034693, 44.98737169088915, 17.36955990109319, 0.0, 19.83201186323305, 8.112919111371694, 43.854539649999644, 55.29099522377815, 70.35602720023152, 36.95383858460671, 17.330073085228722, 80.75752428735797, 19.344386383716575, 57.48207623422251, 58.19810434028948, 50.342502888793135, 31.269980393057573, 50.52175013677854, 18.453585790783748], [44.308397061090496, 15.693329148467106, 21.400814555620446, 55.938591258307866, 58.320031160078194, 65.46383331354747, 35.09881782267148, 25.881640265114576, 26.170707114548133, 42.99688189381233, 35.44961998358692, 21.251983923874665, 35.653819278915655, 67.36925733052252, 65.48480887642499, 14.337988764698537, 71.88488028889546, 28.134560675976388, 24.439772387463513, 19.83201186323305, 0.0, 20.411442138141695, 50.230978992790256, 70.11371684750274, 58.993215173472684, 20.804351898573863, 36.494764568040594, 60.94952627785531, 37.76671008411476, 39.2254828408457, 42.76472650859437, 31.707336440163168, 36.454000493985546, 54.77008759689559, 32.081534371017334], [34.67924304368887, 22.326222891022155, 31.01718585028544, 75.13974740247026, 61.470289103249605, 74.32363948969514, 51.25481839542508, 46.290614287247784, 40.64969666226343, 60.87866295361365, 44.85196595902562, 11.931200485299152, 49.31059689540577, 79.57441230084865, 78.09612631985337, 7.383945447544191, 83.27290058675382, 41.273379034974916, 9.257377438104186, 8.112919111371694, 20.411442138141695, 0.0, 51.96684438130559, 62.158357821465, 75.87877286310433, 40.16171955270445, 17.237383560806467, 79.74443957211663, 17.78031807758918, 54.36957575537512, 62.0271152038412, 47.72070321878915, 23.210008286699896, 58.5957827256312, 26.341485844785232], [28.141304256507535, 34.76876057545726, 71.62970846343002, 63.74983057242437, 9.744772672717104, 28.800179779022162, 38.44193627613524, 59.58176267212065, 33.59872407453915, 85.06239254995408, 20.92891098869141, 40.06502153680328, 30.8210054720029, 40.475124661405275, 40.45592827585492, 47.087400328520076, 41.35574093233767, 77.39253778353397, 61.220741248721815, 43.854539649999644, 50.230978992790256, 51.96684438130559, 0.0, 31.830776082890267, 52.92362581797455, 47.60353911843435, 51.150427579491975, 97.90907800835576, 54.66180591117156, 86.04848120157338, 55.81840695845064, 78.41336831767437, 75.05856436662212, 7.952196018105412, 26.753610537374076], [27.481491698442007, 55.1983996396045, 89.94885583840598, 95.41663785555195, 35.070201309778085, 56.15448154172888, 69.18814836958033, 86.67599891024707, 62.234905295168055, 110.72493766490722, 51.19535109710486, 51.83858198826194, 61.72200339147032, 69.73422874919997, 70.26443167369601, 60.83067984999385, 69.15577715980368, 98.16143111744263, 70.39390525832191, 55.29099522377815, 70.11371684750274, 62.158357821465, 31.830776082890267, 0.0, 84.67046864011898, 74.82081741970788, 51.94013783975435, 125.79788166013608, 54.95088667849057, 109.10599515562086, 86.73344939540824, 101.45610598772788, 81.75891023881168, 36.80008226875079, 38.188056267444885], [74.51586473303259, 54.384279866087, 73.06034617035455, 16.562803235159347, 51.004451809715505, 35.56276592534579, 24.628635788414634, 42.79538483324482, 35.4316860533013, 62.853530794373974, 37.41113242061677, 68.41950077206155, 28.196179786830616, 24.000161855931843, 21.682399414505205, 68.49706856141525, 29.186243916737737, 71.18241166255115, 82.59231564089667, 70.35602720023152, 58.993215173472684, 75.87877286310433, 52.92362581797455, 84.67046864011898, 0.0, 39.05834998980801, 86.23287985042882, 65.21993868689398, 89.01298775259392, 71.25652947072706, 21.41101042680695, 66.01660213159415, 95.40285044204207, 48.36953957856631, 64.97173032744776], [53.495201465457704, 23.524397340041293, 34.622339832503904, 35.175381199804725, 52.98519983135194, 53.19924954965179, 17.34716343583385, 12.023420951973524, 14.295256763594356, 37.533363364867654, 27.41083056298398, 36.572703440766794, 21.542223084951623, 51.45015069498204, 49.24902618867991, 33.08953522051518, 56.56815109647188, 35.115130640101334, 45.21000072980577, 36.95383858460671, 20.804351898573863, 40.16171955270445, 47.60353911843435, 74.82081741970788, 39.05834998980801, 0.0, 54.26294311638669, 51.000897526329624, 56.23713404839558, 40.154949858698416, 22.00044254657608, 32.98720476472208, 57.06322621715759, 49.182546330906895, 40.89566848049628], [26.274758584809884, 32.27706283732157, 47.88536778446562, 88.07579883938378, 60.860083342493326, 77.60528007474922, 62.013795069710945, 62.05261111680896, 51.05699478047271, 78.06966459005348, 51.08893503747001, 18.092886953565245, 58.25377928895634, 85.48568034761031, 84.42630105287836, 22.160774675194435, 88.31607388028792, 58.34714601129927, 21.447703278303646, 17.330073085228722, 36.494764568040594, 17.237383560806467, 51.150427579491975, 51.94013783975435, 86.23287985042882, 54.26294311638669, 0.0, 96.82058154624902, 3.518623715332819, 71.54159217162088, 75.30484139796849, 64.95449013520167, 30.168840580398875, 58.81320186135028, 24.870142667250747], [103.20762164254947, 72.27918955074296, 52.75372266949536, 49.20750021561158, 101.9167603167703, 95.83921486588045, 61.01498304202165, 39.13272236696788, 64.37765045907365, 19.44817862697091, 77.05947583805923, 82.09206929757228, 68.27683574168705, 87.97068752983546, 85.49626854098638, 75.0184946714703, 93.47411560003953, 42.47341388941128, 79.418396068032, 80.75752428735797, 60.94952627785531, 79.74443957211663, 97.90907800835576, 125.79788166013608, 65.21993868689398, 51.000897526329624, 96.82058154624902, 0.0, 97.50801911523003, 30.25477124286038, 46.73270499463653, 33.785172452684655, 84.33310010534164, 98.19653470763164, 90.44654998787549], [29.659467860536754, 34.81673983466315, 47.62214681126038, 90.40726996162975, 64.37428987581545, 81.02144756170422, 64.67073219216253, 63.54055524468746, 53.71621108302567, 78.56676740697472, 54.236302913881666, 20.634331310323557, 61.145966584296424, 88.74771875771107, 87.6532101502184, 23.560042512267614, 91.64410256231277, 58.23815983853425, 20.41468093798472, 19.344386383716575, 37.76671008411476, 17.78031807758918, 54.66180591117156, 54.95088667849057, 89.01298775259392, 56.23713404839558, 3.518623715332819, 97.50801911523003, 0.0, 71.55346326849445, 77.53785154948336, 65.18021842482298, 27.705875839496255, 62.313497777449925, 28.3229201365763], [83.52216328658307, 53.95659938232386, 24.239762188864617, 59.07806531291547, 92.51027038762665, 93.01545073678457, 56.263189900906184, 30.113391639282142, 54.17734221952756, 12.369073136106543, 67.07972807892362, 59.79031649855593, 61.59161490830004, 89.41553966832441, 87.0308279298623, 51.380517205999176, 94.83080185328498, 13.444089871988007, 51.98130847928973, 57.48207623422251, 39.2254828408457, 54.36957575537512, 86.04848120157338, 109.10599515562086, 71.25652947072706, 40.154949858698416, 71.54159217162088, 30.25477124286038, 71.55346326849445, 0.0, 49.845523364973914, 7.69658644192123, 54.86987978814079, 88.72435153369894, 71.27142693837057], [70.08181504066374, 43.30768975816849, 53.3167717400191, 13.176475229763247, 57.644726153353915, 49.15715882379364, 17.545725152430503, 22.049922148849298, 26.311631050816555, 41.7424344903953, 35.539696423427856, 57.27433276556245, 25.064243964761634, 41.685145829458705, 39.206855410882206, 54.83605867848743, 47.226562488153405, 50.31099494213942, 67.19580636484038, 58.19810434028948, 42.76472650859437, 62.0271152038412, 55.81840695845064, 86.73344939540824, 21.41101042680695, 22.00044254657608, 75.30484139796849, 46.73270499463653, 77.53785154948336, 49.845523364973914, 0.0, 44.71113075932858, 78.75920683380217, 54.16303583230973, 58.40089334705538], [76.01413185472191, 46.28588781504494, 18.975246899517835, 54.99139681216616, 84.98501223786579, 86.094459975575, 49.531031809358005, 23.77672260898105, 46.82055805881587, 14.36407116331801, 59.626015360845784, 52.49820854360069, 54.5158325167276, 83.10611607601267, 80.7602120789354, 44.2706401398771, 88.45703966674321, 8.959131462055296, 46.140355789275205, 50.342502888793135, 31.707336440163168, 47.72070321878915, 78.41336831767437, 101.45610598772788, 66.01660213159415, 32.98720476472208, 64.95449013520167, 33.785172452684655, 65.18021842482298, 7.69658644192123, 44.71113075932858, 0.0, 50.57365607183266, 81.20649898748975, 63.692001459005134], [54.97488322198499, 44.54264560642103, 31.704312609761025, 91.85142923399191, 84.62182607660873, 97.27315018220622, 71.21649664227259, 59.20895351356993, 61.38579589305413, 64.93764513991755, 67.42422998443702, 35.00927299426879, 70.6021356868982, 101.73247052256099, 100.09945474135496, 29.34795174021227, 105.71035630398966, 41.8920448322427, 14.127281513043117, 31.269980393057573, 36.454000493985546, 23.210008286699896, 75.05856436662212, 81.75891023881168, 95.40285044204207, 57.06322621715759, 30.168840580398875, 84.33310010534164, 27.705875839496255, 54.86987978814079, 78.75920683380217, 50.57365607183266, 0.0, 81.79124398410093, 48.88278879649118], [36.0871452758143, 39.8498458543521, 76.0813648566688, 60.665277478116074, 3.802815225712212, 21.100660109506865, 37.458588114383296, 60.884581783844716, 34.88792449918269, 86.65284853407326, 21.774103966036, 46.813525935808265, 29.97716970696392, 33.497621438223625, 33.75023901499141, 53.23863779035903, 33.89086365190079, 81.0039187148362, 67.80536219306478, 50.52175013677854, 54.77008759689559, 58.5957827256312, 7.952196018105412, 36.80008226875079, 48.36953957856631, 49.182546330906895, 58.81320186135028, 98.19653470763164, 62.313497777449925, 88.72435153369894, 54.16303583230973, 81.20649898748975, 81.79124398410093, 0.0, 34.1655457268714], [12.762454057752523, 18.17456138394172, 51.81430572722699, 70.00033207830484, 36.49323108455043, 52.764905403308724, 42.394587539591974, 51.77508129558456, 32.145015360076, 73.9474902700155, 27.940450781921815, 14.642164435335138, 36.89963974814067, 61.210818087684174, 60.33557290454826, 23.216222359531915, 63.737877287299725, 60.01039782339002, 35.489993808156925, 18.453585790783748, 32.081534371017334, 26.341485844785232, 26.753610537374076, 38.188056267444885, 64.97173032744776, 40.89566848049628, 24.870142667250747, 90.44654998787549, 28.3229201365763, 71.27142693837057, 58.40089334705538, 63.692001459005134, 48.88278879649118, 34.1655457268714, 0.0]]",Route_1,1742.8132232822081
