instance_id,num_cities,city_coordinates,distance_matrix,best_route,total_distance
1485,82,"[[87.16811953884131, 77.37862586304767], [36.601513221246286, 79.4212564965434], [0.6524540697157799, 35.69348120277694], [54.61799697839346, 92.95046423872354], [84.46982008892992, 8.704115235361298], [52.456993570374955, 11.941327970672855], [41.41484710105999, 45.507325661081055], [29.45084858174959, 94.86503176938201], [96.22734526356147, 26.120375559860754], [11.447310429539904, 40.7832401946102], [21.463139747760763, 3.705442931700198], [42.25440125614471, 17.74557148593009], [34.99697358626865, 26.836480583911005], [79.40025573249811, 32.4428102447446], [81.50091844136583, 19.76669158051756], [61.30998190042478, 57.15391518006092], [46.1790419445524, 21.130326084433104], [73.07501814736028, 90.46782399401346], [6.91431008999015, 93.3078722569737], [59.89740342226709, 6.745539607474072], [53.810478665447334, 64.09946776522342], [64.88205106962775, 58.0099338623922], [42.08132239734474, 28.877105553644277], [67.12364883493656, 54.37004351124444], [46.33856274555248, 30.60387387785387], [15.191342080723391, 89.6126875254256], [4.198295912638583, 32.998654632904646], [30.4277987272205, 10.995892941697004], [8.175293596103828, 39.453260380003684], [99.25273087560026, 9.805871518739995], [69.40144751448308, 46.66464455709279], [49.19342421109921, 80.28775637942853], [73.34082693029215, 66.27762055838282], [46.36314471516185, 66.74645608840439], [68.82956940438142, 23.907763734283826], [15.613762918347106, 16.36109009688146], [77.45250860250759, 64.09868593846176], [42.48703309318619, 7.988417348967958], [71.88095197972399, 38.787499342833854], [75.3405824551894, 92.98127925755374], [50.97088328989725, 72.97490764533417], [58.668771503967406, 6.016423337046217], [34.231635186013655, 74.04216103133484], [87.89875618141744, 17.8320042776973], [22.718405072711747, 13.765557321364641], [36.234081513011965, 21.48970065824225], [75.38141737019907, 57.01987000301417], [92.82869124629117, 38.54873825322651], [64.53952149900168, 3.54494294132921], [86.0708036056501, 89.71547955690524], [64.5076040352982, 62.03312437357751], [78.8539868708255, 79.82962638948553], [86.47586925085179, 77.61193357630302], [53.45001473207124, 48.99977986867604], [47.61942525599736, 13.913841666704629], [18.457557702959292, 70.47269596129841], [94.96967205226052, 4.10663371033535], [17.17420285633593, 43.306707260102904], [7.093671027221093, 84.03796964081319], [86.90904044668329, 79.7422890027102], [27.862568622120765, 57.89242844429068], [75.93600962459807, 50.242164929641895], [92.12774725348909, 99.36181665845587], [52.69916753774405, 79.08672126199565], [24.030000021222932, 33.94204897539868], [15.453353231201783, 70.06415473007127], [27.92978171295205, 99.47641392094047], [50.24628555773126, 53.39681736261649], [26.530692544013334, 77.12869170266976], [24.09037525136466, 92.58386460290879], [4.635083175403343, 10.285456464297315], [20.190968636897665, 93.79898015865498], [26.1132615990855, 48.21538732976005], [92.78660913457144, 78.8286704118546], [25.50545564588105, 14.113723982841774], [85.82486424674245, 50.76144674499302], [21.452159363990976, 43.67186107369198], [52.55438601293444, 29.24525152686458], [22.24835051850326, 3.168936307943382], [23.145055211317032, 44.26074261642129], [52.8805854549862, 21.41931053138628], [96.86912313682939, 64.66120337052104]]","[[0.0, 50.60784538373014, 96.03442953916756, 36.083134967715154, 68.72749980810885, 74.07362703050352, 55.75967822118163, 60.308023995612956, 52.052644456123396, 84.1003161967239, 98.71617016771918, 74.6548274683004, 72.63839838144834, 45.60227223939644, 57.890000345947456, 32.82807037182984, 69.59867606510578, 19.23389233988385, 81.81940369943378, 75.71475966743922, 35.903596538861336, 29.52651482364165, 66.2209691019539, 30.515171106179416, 62.088083649060955, 73.00910051503372, 94.09342952061802, 87.32772318063161, 87.6253382158499, 68.64484657158668, 35.48243625349955, 38.085962316792994, 17.7320709353599, 42.16739266871919, 56.5281833940148, 94.0381072882065, 16.4544796413262, 82.53120939130582, 41.50870436522537, 19.578902584523284, 36.46412821120082, 76.84254542748386, 53.04152498948747, 59.551103869973645, 90.55599474388481, 75.61645449348286, 23.524567757574722, 39.240314013097866, 77.2234820701158, 12.385558579284275, 27.367560703315316, 8.667883571089682, 0.7305086928202944, 44.07118663858047, 74.77886100072833, 69.05673881389448, 73.68615240088721, 77.84628449607084, 80.3508815383539, 2.3778194661901284, 62.42483687907006, 29.36916418824171, 22.535717974256375, 34.51124804967004, 76.63653402873662, 72.08681706466511, 63.22572977376957, 44.02668467509229, 60.63794207950676, 64.88452134008901, 106.36350629486594, 68.96061758812054, 67.66232452253762, 5.8025903294005134, 88.34439387017302, 26.65105174251771, 73.85616706997097, 59.286864258363494, 98.59845046205848, 72.08152992704503, 65.62834727417597, 15.995071292795167], [50.60784538373014, 0.0, 56.6078897859863, 22.530715681101093, 85.39489955806911, 69.3176529533293, 34.2538010701161, 17.01887773810276, 79.97639498855148, 46.10455749527096, 77.2143430666144, 61.93420109005597, 52.60925018684432, 63.55082039421351, 74.6634027113742, 33.26173347519146, 59.072511583267215, 38.10962103027821, 32.7745042225553, 76.31813890287272, 23.041391051473212, 35.47158803799813, 50.84033342873573, 39.486251207924404, 49.778981299121845, 23.712036915519132, 56.612953073821984, 68.70331235294734, 49.045801815737185, 93.65616316709227, 46.35548851422461, 12.621689444104495, 39.01964040693599, 15.998125352964495, 64.19030677609169, 66.461043093905, 43.630092735945716, 71.6748899744282, 53.81208990124637, 41.04375351245737, 15.749101869037768, 76.6500712282118, 5.878009010345715, 80.15387154836296, 67.10746252128355, 57.93272104697328, 44.78507656166772, 69.51300810791001, 80.85633719911576, 50.529018588855976, 32.88004019534999, 42.25444704972303, 49.90716420312373, 34.77554087832641, 66.42752278456645, 20.230666264424443, 95.28449176414446, 41.008304702411664, 29.86681756069714, 50.308551533592194, 23.234878738871203, 48.975728600756085, 58.99820849292162, 16.101130032286964, 47.1847566581593, 23.125743759555828, 21.849674292064215, 29.384540907592424, 10.328469511359934, 18.159923608406768, 76.16831031324305, 21.8179951246428, 32.921265050786836, 56.1882208390452, 66.2434622943579, 56.9589587437681, 38.82682314317934, 52.650979335858686, 77.59142744991995, 37.64754970097323, 60.24312349585079, 62.04872257524641], [96.03442953916756, 56.6078897859863, 0.0, 78.68063248225073, 88.05553203360938, 56.99013156711177, 41.92712998398013, 65.80744580157355, 96.05313205911547, 11.934595528302703, 38.16175088779676, 45.30838192770194, 35.468189702682494, 78.81486616367688, 82.40228649088371, 64.34194517596279, 47.79911809360258, 90.80339429664735, 57.953678894135386, 65.93896682835906, 60.271682003294806, 67.99606746040503, 41.98587986333152, 69.04515705810208, 45.96873533894827, 55.84496463479027, 4.453659688021958, 38.68516531420059, 8.410056718078314, 101.9420566858943, 69.61889488505072, 65.91566703597562, 78.86056764468094, 55.260786173660975, 69.18830964551341, 24.445492597520726, 81.88469962279869, 50.17671337597375, 71.29566510501915, 94.12867962364011, 62.62466827679184, 65.16610201782656, 50.97237142839619, 89.0558790317151, 31.108520366864614, 38.31187274554495, 77.71250102283328, 92.22044888665648, 71.51982869849377, 101.0676542896712, 69.07428594992584, 89.79687658479698, 95.51342964602006, 54.44850774889256, 51.77112207335523, 39.07192719344542, 99.46590643269495, 18.191464865923564, 48.77170120294221, 96.85296155514666, 35.11671386372182, 76.67644967765132, 111.45127277314579, 67.7630700725699, 23.443062290620812, 37.422049846425146, 69.37085201643583, 52.65886661190078, 48.85242978300099, 61.529276549713984, 25.71826307713377, 61.30254937931638, 28.373418072213067, 101.73174075782738, 32.914398202249075, 86.49498853081079, 22.277394050770884, 52.30095797776383, 39.04137246617741, 24.068964959982832, 54.14360217378465, 100.4827165932434], [36.083134967715154, 22.530715681101093, 78.68063248225073, 0.0, 89.37884908309725, 81.03795465474849, 49.24606141389095, 25.23986781360286, 78.72482846942937, 67.71356910965542, 95.2046132604649, 76.21439754496767, 68.96407320962942, 65.38605769436228, 77.96509505459682, 36.41669379152828, 72.3142323928323, 18.623241742949688, 47.7050257649897, 86.36643539639121, 28.862295184888875, 36.416911859287524, 65.28831061329382, 40.55662944410395, 62.89392944348465, 39.5676871930595, 78.33495854707807, 85.45008746578587, 70.84402245889746, 94.36780578484594, 48.58937654830987, 13.775709057523027, 32.58811058351814, 27.473489567759184, 70.49016444699829, 85.94918560434385, 36.79456525357054, 85.82371290314367, 56.84748351238902, 20.722608388146988, 20.305770102917002, 87.028364581621, 27.805173570980433, 82.16076898402284, 85.36880839779731, 73.78759434582302, 41.49852079891573, 66.48010940601598, 89.9543433485669, 31.61873132532674, 32.46053345336346, 27.559745861166153, 35.35809028511415, 43.96620109951804, 79.34587395539413, 42.57731127403398, 97.57809131267074, 62.181511120327194, 48.35280878161119, 34.88792601081669, 44.10123377289321, 47.733180211021384, 38.053735763391806, 13.995902105511988, 66.46516854519263, 45.36135450766729, 27.474512794758837, 39.79450768567594, 32.237015317367316, 30.529822855718315, 96.60121729348491, 34.437483353063584, 53.044764539917125, 40.69727281793377, 84.04029793504192, 52.476487704405784, 59.39994540874236, 63.73862735327738, 95.4385497035854, 57.97615936858073, 71.55225048525293, 50.84722157724336], [68.72749980810885, 85.39489955806911, 88.05553203360938, 89.37884908309725, 0.0, 32.176087518540214, 56.64103633079127, 102.22910917977524, 21.013460493760387, 79.75811667226611, 63.20465562293383, 43.17278678008203, 52.691035425479825, 24.273980380492265, 11.454037383618044, 53.70066312066506, 40.25660699770324, 82.55389500960746, 114.77217795863105, 24.65034846265349, 63.313823912549914, 53.05416520533709, 46.9439482247825, 48.849428476400504, 43.97263029642762, 106.51621747485271, 83.86740867657538, 54.0905936176958, 82.25791572785458, 14.823910355726616, 40.84186134872379, 79.80377049721415, 58.639261624827725, 69.43365206974624, 21.812115192119933, 69.28048695779007, 55.83727360713693, 41.98888695112764, 32.611188258459926, 84.77017963527523, 72.47698616575755, 25.94065912469968, 82.41926625963337, 9.750690288157102, 61.95849782310076, 49.9014796430936, 49.16310835113872, 30.993100040232434, 20.58722566649533, 81.02718246032458, 56.94271933650359, 71.34687042659274, 68.93701227750061, 50.852422878541105, 37.216835556404575, 90.40451509858809, 11.462274103545612, 75.67059847488002, 107.99193517666774, 71.08003888683331, 74.99247345544954, 42.4056068633107, 90.98056207661423, 77.22101782953006, 65.49752017659381, 92.34894230209814, 106.94104052336992, 56.2911000002994, 89.65971874480007, 103.35129274883391, 79.85039673122694, 106.64383142172841, 70.4743112154794, 70.6160195616459, 59.21199321905574, 42.07915491523901, 72.06919461363229, 37.95435696208443, 62.467187236677006, 70.88723818861932, 34.05225302640642, 57.31438238906255], [74.07362703050352, 69.3176529533293, 56.99013156711177, 81.03795465474849, 32.176087518540214, 0.0, 35.33560809724793, 86.05593157321408, 46.00966287511452, 50.136314304553714, 32.0694368075392, 11.738063414158049, 22.950334838887358, 33.856316269951385, 30.079659032941912, 46.071178024210745, 11.128807795575295, 81.18813654199053, 93.24511004706397, 9.07501600435423, 52.17569806653728, 47.714761894683036, 19.861397600136993, 44.89216723518963, 19.639903652914814, 86.14852799689527, 52.65275781742821, 22.04947330055023, 52.13228728443585, 46.844436213895854, 38.6370707252083, 68.42430241658272, 58.2114008419486, 55.1428786142975, 20.279468048371484, 37.107383930031936, 57.837407980489935, 10.72499950116052, 33.1361898478319, 84.20886143886064, 61.05166968780602, 8.58432758076231, 64.71999038215795, 35.92796409945362, 29.79448704974247, 18.82430069356242, 50.57276103116682, 48.35109362961422, 14.71348914115992, 84.72724992613543, 51.52092079386168, 72.83970289276166, 73.9588557454343, 37.07175404676979, 5.224258557661841, 67.68960539223535, 43.22858158507102, 47.208710409631884, 85.180730052441, 76.0520469864894, 52.11899244298405, 44.92458465731203, 96.00057572846691, 67.14583001554814, 35.94614982124393, 68.90233950203667, 90.90641008102588, 41.51439305400861, 70.1538699947279, 85.48616115686752, 47.85056973819977, 87.98733765000753, 44.830788489181394, 78.10502205620193, 27.0389478517401, 51.19000307801427, 44.36357148795789, 17.304197633129206, 31.45658866628296, 43.63180369190609, 9.487443465227939, 68.93346440447523], [55.75967822118163, 34.2538010701161, 41.92712998398013, 49.24606141389095, 56.64103633079127, 35.33560809724793, 0.0, 50.787010276678735, 58.14003602545697, 30.3376043492795, 46.31919716524245, 27.774445918160673, 19.743088824891235, 40.16930210945949, 47.638989896612586, 23.053404002630664, 24.838189564995556, 54.989206586625784, 58.95065147153425, 42.94276360729702, 22.345456582953485, 26.589939336859253, 16.643569633415552, 27.19357009080234, 15.69572715113249, 51.31232951968169, 39.2624315758911, 36.21814766541299, 33.78638222178264, 67.96921823439571, 28.010519269154567, 35.63964958877394, 38.08770586655776, 21.807941456877078, 34.901405049048925, 38.92555706174608, 40.5506069431308, 37.53422523157313, 31.19839118007789, 58.350079600618095, 29.082398245399805, 43.095582994869716, 29.42508051006743, 54.098772787046805, 36.83879479369012, 24.570035467115027, 35.86455873244977, 51.88261084894316, 47.91233796768582, 62.83721287753554, 28.396785837656985, 50.790840847450745, 55.32812636059674, 12.531659758335639, 32.19697223317195, 33.91617388113114, 67.6914807753108, 24.340327745246103, 51.59993849399745, 56.936406131504704, 18.35905833427701, 34.84435915432562, 73.97367398241464, 35.42473283795501, 20.88033842651281, 35.73565471456047, 55.628315416899355, 11.842228866331233, 34.9492324266813, 50.16311237963918, 50.924759244815064, 52.74975745133418, 15.539373117201489, 61.232099020265764, 35.19470077733392, 44.71974296934429, 20.046890829734295, 19.711529172439096, 46.4746576562651, 18.312270885440473, 26.677624123768947, 58.66896762309262], [60.308023995612956, 17.01887773810276, 65.80744580157355, 25.23986781360286, 102.22910917977524, 86.05593157321408, 50.787010276678735, 0.0, 95.83803142000205, 56.999715489948976, 91.50887459406209, 78.17507349211083, 68.25425465829952, 79.94671359588307, 91.37270090958975, 49.367324114544516, 75.60846034425882, 43.845223303216464, 22.59027031572749, 93.23109781896379, 39.241706210466575, 51.124048660790045, 67.18582644472032, 55.30898618618157, 66.44314338769816, 15.196073364847594, 66.82170333281752, 83.8748286393733, 59.355822363572415, 110.03346542897295, 62.60453404106399, 24.541113468527325, 52.37910154997218, 32.81280327602471, 81.15181785167566, 79.71407528018943, 57.01515062276185, 87.84923585193849, 70.32071755473886, 45.92838118746348, 30.69673318133546, 93.52947257549992, 21.3646405616601, 96.69666606100732, 81.37844033493766, 73.6882043794606, 59.51364060745268, 84.78370041587691, 97.82930844413322, 56.853647155635855, 48.03030549743144, 51.64042493771113, 59.577868202643494, 51.764672391757266, 82.9650068246115, 26.755158203980244, 111.93660280357065, 52.99978166437526, 24.84086678319825, 59.414991047499605, 37.006702499205645, 64.43656137765839, 62.838003639884235, 28.09696454685364, 61.16367738807203, 28.47829661351989, 4.855768710211131, 46.39033309976877, 17.97512365038945, 5.8256671692745705, 88.14491914734113, 9.321043001177742, 46.76888723510537, 65.3343971457117, 80.84763345117132, 71.5762240845406, 51.8142813814912, 69.56816082742479, 91.97852956654793, 50.995657763255196, 77.09232476789425, 73.87486036488976], [52.052644456123396, 79.97639498855148, 96.05313205911547, 78.72482846942937, 21.013460493760387, 46.00966287511452, 58.14003602545697, 95.83803142000205, 0.0, 86.03867680151117, 78.05200593920608, 54.61882485100234, 61.23455905079168, 17.975653602332365, 16.038608015000737, 46.71512437735614, 50.29645374058444, 68.3858492005585, 111.76304382191884, 41.17340090852015, 56.93506842663536, 44.715449196388576, 54.21615398096301, 40.559448777972676, 50.08984306520282, 102.9471101613909, 92.28573371567934, 67.51540786261488, 89.05576691307435, 16.592648981078245, 33.78898901527891, 71.73768099417022, 46.221175312732996, 64.31886904667034, 27.486974608358636, 81.20217553290415, 42.365629357565375, 56.71674409494033, 27.444542096097173, 70.04739326973824, 65.14211024615624, 42.600649734858244, 78.35793253266289, 11.749999770646834, 74.53996124018444, 60.171711339195575, 37.27373695482831, 12.884682703386733, 38.90717585288938, 64.40102942378944, 47.91521168632253, 56.449244516840075, 52.40679184406437, 48.51151563213216, 50.11715631544273, 89.52803014817749, 22.04963882071473, 80.89974858902734, 106.29797546047632, 54.42554920193909, 75.38704152389249, 31.52140581276718, 73.3560863053855, 68.55753812067942, 72.61979919457748, 91.95375749040348, 100.22806768057406, 53.46271718768364, 86.36823325757015, 98.08739887628762, 92.95099320173449, 101.7935365873089, 73.51308912854311, 52.820479090160276, 71.73385081805735, 26.746850290380657, 76.80744150183337, 43.78461167483489, 77.45747366925805, 75.30002680097222, 43.60093575032837, 38.54617084963928], [84.1003161967239, 46.10455749527096, 11.934595528302703, 67.71356910965542, 79.75811667226611, 50.136314304553714, 30.3376043492795, 56.999715489948976, 86.03867680151117, 0.0, 38.406768762826026, 38.468311955810805, 27.369668219290087, 68.46287714590619, 73.13824793583096, 52.48128243186001, 39.906518352932146, 79.1614314289037, 52.71987353327985, 59.21128754100386, 48.35581134784547, 56.14294685886248, 32.86637691216388, 57.31017259263097, 36.345824888016594, 48.9727750861429, 10.637104109378674, 35.32060294479732, 3.5319881746050386, 93.10955498653304, 58.25180617401846, 54.638593545286234, 66.93856000065736, 43.51096486414408, 59.81225084227151, 24.775002355953063, 70.00211565436592, 45.1548977245341, 60.46658591787356, 82.50445740782872, 50.97466297000871, 58.63955951753958, 40.31477731343656, 79.82219483117504, 29.27443871869457, 31.410582429904736, 65.96361252868732, 81.41205158062986, 64.84962342657045, 89.2358099801526, 57.1572596889389, 77.8991675420188, 83.58012499994125, 42.79881648996129, 45.0598099005071, 30.50585764335466, 91.22038343615348, 6.258209240567148, 43.47327679747229, 84.92514457575069, 23.71044124625473, 65.17870496576079, 99.70347289153908, 56.29273822399519, 14.322219613539838, 29.553685640909865, 60.963599809047466, 40.79782837322669, 39.35098806047855, 53.321213200549764, 31.249340034998152, 53.73192945337353, 16.441622022963912, 89.79719524707637, 30.147877900335114, 75.04388794427541, 10.413507227838945, 42.695630285966466, 39.13436244378988, 12.20369845879912, 45.734866910668444, 88.69635399287503], [98.71617016771918, 77.2143430666144, 38.16175088779676, 95.2046132604649, 63.20465562293383, 32.0694368075392, 46.31919716524245, 91.50887459406209, 78.05200593920608, 38.406768762826026, 0.0, 25.087880837753303, 26.79943210660135, 64.67260384980445, 62.149003038033, 66.66715844569279, 30.240740306542843, 100.95294329308632, 90.77589870335328, 38.55430990174157, 68.51122952223162, 69.52826472462662, 32.5380093878618, 68.20398699478513, 36.63757984207012, 86.13588171988731, 34.002457035084056, 11.554902507865247, 38.13755770454284, 78.02842890115126, 64.37060164258311, 81.44826216331309, 81.28082086417253, 67.78037759706234, 51.49478055323758, 13.942044845073546, 82.3538294533208, 21.45572094474557, 61.42236133763879, 104.27345675852914, 75.29253396361341, 37.277334464958, 71.48628112291306, 67.92091626577319, 10.138125693103134, 23.1184027025336, 75.82617487195822, 79.41723471358401, 43.07668075682655, 107.57265744343741, 72.49099480753596, 95.33415254051165, 98.43182593471913, 55.4503122608178, 28.07779685661302, 66.83486814939059, 73.50762712449183, 39.83283966862826, 81.60757611141823, 100.32331672507492, 54.56356008234509, 71.64467912505826, 118.92698847818937, 81.59673127525438, 30.34536400680179, 66.630294652762, 95.9890428253552, 57.42562298792712, 73.59791811883329, 88.91724357601599, 18.068759395476572, 90.10251866290976, 44.75219305855912, 103.58830335711819, 11.16568995896576, 79.7289099095143, 39.96641965036845, 40.236145657844865, 0.950997009366991, 40.59016102633849, 36.06711799001504, 96.96219398068202], [74.6548274683004, 61.93420109005597, 45.30838192770194, 76.21439754496767, 43.17278678008203, 11.738063414158049, 27.774445918160673, 78.17507349211083, 54.61882485100234, 38.468311955810805, 25.087880837753303, 0.0, 11.632492622444893, 39.947757532958256, 39.29852462378965, 43.77365310783877, 5.182602456796442, 78.9837732411191, 83.41812357902673, 20.791253612056384, 47.772655623916066, 46.18689655805721, 11.132879546282942, 44.2699833551841, 13.491342241367771, 76.79382488043338, 40.99906949437456, 13.61714683139008, 40.40556070674609, 57.548661278756974, 39.66452959317192, 62.92594799303329, 57.63441375051241, 49.17284275529552, 27.280252480736422, 26.676588982888227, 58.20238809718709, 9.759926968171563, 36.33861906721221, 82.18945863207257, 55.9129379629902, 20.17435171030467, 56.86537408528869, 45.64443676037378, 19.93729318712169, 7.089622914408979, 51.379662519618115, 54.685743622587545, 26.42507209640736, 84.25879647015115, 49.564022987508714, 72.06913028775936, 74.42794865870309, 33.19890514361062, 6.592847330746901, 57.84841759750882, 54.451082622426945, 35.810445596773405, 75.03971617321518, 76.40438327800712, 42.64850489994723, 46.8025568503662, 95.64811611857635, 62.224029108753015, 24.38144137327162, 58.78375904881745, 82.97665533265192, 36.53603080864005, 61.42955300455728, 77.01105087820285, 38.35187621220095, 79.18911560110115, 34.48109724161342, 79.27577818894503, 17.1381882164148, 54.666564409491215, 33.24012273635834, 15.438015644310243, 24.7531888699053, 32.683656563184684, 11.243315756564785, 71.99891916713045], [72.63839838144834, 52.60925018684432, 35.468189702682494, 68.96407320962942, 52.691035425479825, 22.950334838887358, 19.743088824891235, 68.25425465829952, 61.23455905079168, 27.369668219290087, 26.79943210660135, 11.632492622444893, 0.0, 44.7558085350226, 47.038269564668525, 40.14375726103222, 12.553838135854809, 74.15446946591196, 72.16011294336313, 31.994957654857956, 41.7430016534381, 43.184511638920114, 7.372390951658365, 42.31099561587745, 11.95093707159527, 65.82640197745364, 31.409090013151445, 16.48640578607783, 29.640945496355215, 66.47438596900446, 39.70924215877924, 55.30441297502153, 55.007768649108655, 41.49693953655555, 33.95912133988557, 22.03276336851047, 56.48844484848031, 20.281777020901732, 38.771828838797454, 77.47735906795732, 48.825405711800755, 31.525050363466416, 47.21188419636732, 53.662642455376265, 17.933551786455652, 5.4880316686354425, 50.41765857874268, 59.00580096245623, 37.61991311701731, 81.00805283855723, 45.93126433656992, 68.78743429299189, 72.30645424460839, 28.839669948089725, 18.064353925317505, 46.66552871470339, 64.13556345888746, 24.267664149169565, 63.64436066163796, 74.12076126273153, 31.864896543046846, 47.157509809569326, 92.32469698049839, 55.16752053168081, 13.067655158540125, 47.44032998061456, 72.98290975414969, 30.626671471141755, 50.999847194871606, 66.64587303487363, 34.58006345756799, 68.57983764823585, 23.151198507181682, 77.73564034540773, 15.873167558579807, 56.17720600743685, 21.607684479178083, 17.72187655344816, 26.882708981403784, 21.073036718614983, 18.686072483240185, 72.51808425414208], [45.60227223939644, 63.55082039421351, 78.81486616367688, 65.38605769436228, 24.273980380492265, 33.856316269951385, 40.16930210945949, 79.94671359588307, 17.975653602332365, 68.46287714590619, 64.67260384980445, 39.947757532958256, 44.7558085350226, 0.0, 12.84899872386921, 30.625099419326162, 35.094463144799526, 58.36874892535628, 94.65076909059488, 32.26005217664425, 40.70602726513908, 29.401633912302636, 37.488892157781294, 25.130034533218474, 33.112795564925094, 85.97196904008415, 75.20401401342627, 53.46280769785221, 71.56913889680212, 30.108998060253946, 17.38495720410405, 56.58260811585999, 34.37311545916201, 47.62552700536801, 13.586258807455488, 65.78250822554521, 31.715740332182992, 44.2787007207802, 9.838445440103616, 60.67443594738518, 49.50838451384768, 33.58791990155374, 61.40610936981828, 16.90266727138019, 59.67974506465514, 44.53413529373799, 24.90347221059425, 14.751448647263855, 32.49504818652247, 57.659820144257466, 33.126692633239436, 47.38996469723007, 45.719951981631, 30.78227170154965, 36.78782220167526, 71.83512128989341, 32.33180516344996, 63.16728516334419, 88.82737564989256, 47.89177944761731, 57.478833140468524, 18.13334024097259, 68.118591146729, 53.74572118568388, 55.39054914246197, 74.19280221419001, 84.51457695341121, 35.90298582634905, 69.22440836448459, 81.70758409198578, 77.97935210069431, 85.26616717593139, 55.572276646517764, 48.27879949675512, 56.92631096051011, 19.412574218519673, 59.02604048428857, 27.03562654635687, 64.21292677379829, 57.483137625044584, 28.71951353275956, 36.64950455322945], [57.890000345947456, 74.6634027113742, 82.40228649088371, 77.96509505459682, 11.454037383618044, 30.079659032941912, 47.638989896612586, 91.37270090958975, 16.038608015000737, 73.13824793583096, 62.149003038033, 39.29852462378965, 47.038269564668525, 12.84899872386921, 0.0, 42.49092146426764, 35.348188897260485, 71.20144605494473, 104.74477266502929, 25.224239530370763, 52.27002486346254, 41.698109464933594, 40.458672680100925, 37.47129362829224, 36.79450744641918, 96.30899784892365, 78.42691053483253, 51.820753237464196, 75.92238306352748, 20.355460717049635, 29.49401754662347, 68.60447119417721, 47.22132577398821, 58.6665272165518, 13.330850122921047, 65.97511185575816, 44.51646151679354, 40.75304889004614, 21.315132714907165, 73.47329847081181, 61.3449044595402, 26.652894974812185, 71.97368771697971, 6.68396160280134, 59.08804862518625, 45.29961683921954, 37.752451522230686, 21.933620629887432, 23.469855456509503, 70.09790859776334, 45.55462737805808, 60.12123073096108, 58.05878191202246, 40.51452393613167, 34.3833016533286, 80.9046612591427, 20.655380323984467, 68.49860346132942, 98.32210154005857, 60.21893447889392, 65.80763164510158, 30.97939131087193, 80.30139118829024, 65.94245048923887, 59.19330385548125, 83.01876697152026, 96.0390885315022, 45.91119075792487, 79.44888163605421, 92.72707887313096, 77.4483728070715, 96.12330465159332, 62.266530498424025, 60.130559268112684, 56.280084366860116, 31.294909410854867, 64.63211736613621, 30.45890408873445, 61.53334287637643, 63.28795548501798, 28.66800672610532, 47.452069548381445], [32.82807037182984, 33.26173347519146, 64.34194517596279, 36.41669379152828, 53.70066312066506, 46.071178024210745, 23.053404002630664, 49.367324114544516, 46.71512437735614, 52.48128243186001, 66.66715844569279, 43.77365310783877, 40.14375726103222, 30.625099419326162, 42.49092146426764, 0.0, 39.07229600725878, 35.33033538414334, 65.31460574808489, 50.42816381570842, 10.221704822811834, 3.6732065193874646, 34.19531121270867, 6.445825369483311, 30.48029010130608, 56.39592929447618, 62.00984831838003, 55.53622470514753, 56.005430821913436, 60.67527864252074, 13.247513501987838, 26.114853606258503, 15.099113615146567, 17.76020222072377, 34.0859323209034, 61.25519575942005, 17.573019353947004, 52.64550862874374, 21.19128686803575, 38.47671722832633, 18.899755624463648, 51.205654613067395, 31.913158864627153, 47.46762680795196, 58.0677139185242, 43.5974423297715, 14.072073915720866, 36.60029572705687, 53.70616194173517, 40.90664696825363, 5.833649772786265, 28.670193394092575, 32.43227409287486, 11.325590782116814, 45.355653436751766, 44.87449365840451, 62.82506516069743, 46.25702280743088, 60.51578925328958, 34.140100035098286, 33.45556540922767, 16.17692735078121, 52.261282117514355, 23.562557302133012, 43.91568946990084, 47.639318615463594, 53.90205621520858, 11.684227007944326, 40.10723956176939, 51.386578356768595, 73.54384112815073, 55.07843533590528, 36.31399730271116, 38.217444660725164, 55.98591035792391, 25.33462273544126, 42.07626171932233, 29.249854123606845, 66.63474311528553, 40.28393635111592, 36.71534684340394, 36.342975957469314], [69.59867606510578, 59.072511583267215, 47.79911809360258, 72.3142323928323, 40.25660699770324, 11.128807795575295, 24.838189564995556, 75.60846034425882, 50.29645374058444, 39.906518352932146, 30.240740306542843, 5.182602456796442, 12.553838135854809, 35.094463144799526, 35.348188897260485, 39.07229600725878, 0.0, 74.37124546666587, 82.16640030511196, 19.87751301398014, 43.64156233693811, 41.35103408850561, 8.763783294454484, 39.28810726424719, 9.474890747664546, 75.16695664575947, 43.626141932681975, 18.729879818518114, 42.19022173124958, 54.26840450907028, 34.514946621971724, 59.23417982513233, 52.68814631327513, 45.616501513918784, 22.820178660722103, 30.935123950854685, 53.144234544788915, 13.65066645149099, 31.182750791635375, 77.54324546238374, 52.0655584883508, 19.606718254843003, 54.24391952746546, 41.84989226684423, 24.589455084768314, 9.951451555888994, 46.26919162017175, 49.79549038273633, 25.423471630741393, 79.34277487754244, 44.821591852552025, 67.18079995235027, 69.38304026071047, 28.802317606555423, 7.3588281292069215, 56.59637933315417, 51.67525218472676, 36.51126637877591, 74.06104129406997, 71.37432994513554, 41.0724404544945, 41.629031774240076, 90.72733676792744, 58.322000820691905, 25.587502839399896, 57.78051170447004, 80.44342719132743, 32.521822366128696, 59.3453838649593, 74.78982125325632, 42.93613521604502, 77.17585917372712, 33.70810115588888, 74.17118212282875, 21.831854605155918, 49.495399156057836, 33.459520645473305, 10.319739673386904, 29.92138891882814, 32.64323381299922, 6.707771420734179, 66.81632741011795], [19.23389233988385, 38.10962103027821, 90.80339429664735, 18.623241742949688, 82.55389500960746, 81.18813654199053, 54.989206586625784, 43.845223303216464, 68.3858492005585, 79.1614314289037, 100.95294329308632, 78.9837732411191, 74.15446946591196, 58.36874892535628, 71.20144605494473, 35.33033538414334, 74.37124546666587, 0.0, 66.22163668158998, 84.75299660037732, 32.655974823277795, 33.47595168674381, 68.94944361084696, 36.58508647625476, 65.56317999428414, 57.889992342090196, 89.70344638225899, 90.19186853288764, 82.54974226220703, 84.80343873219725, 43.95695223713545, 25.960822513433246, 24.19166378251566, 35.72432613179776, 66.69531810260823, 93.77421746617846, 26.73001804110223, 87.96861571147492, 51.6941171707576, 3.383820177658321, 28.188559739348218, 85.67134302247091, 42.173579450235735, 74.13302580607063, 91.75525158306742, 78.19997513440099, 33.527378417632306, 55.549969082427154, 87.34095232783551, 13.01754438555693, 29.697352189580485, 12.106515922418511, 18.570318487579275, 45.87743936436555, 80.67527142576417, 58.16246324254479, 89.09338391165207, 73.13735079828064, 66.29390013260398, 17.504778599794886, 55.725415990311184, 40.32727265010473, 21.02640225779682, 23.338911445526787, 74.8370031765583, 61.12745690066282, 46.035280657232356, 43.536313168593736, 48.41804101940047, 49.03032599837276, 105.41933770251156, 52.98886009359222, 63.171789448821016, 22.891411388470246, 89.96005705366214, 41.70317697489555, 69.6762634948789, 64.57011477991755, 101.01705763621993, 68.03010780698557, 71.94103365371832, 35.10186747531736], [81.81940369943378, 32.7745042225553, 57.953678894135386, 47.7050257649897, 114.77217795863105, 93.24511004706397, 58.95065147153425, 22.59027031572749, 111.76304382191884, 52.71987353327985, 90.77589870335328, 83.41812357902673, 72.16011294336313, 94.65076909059488, 104.74477266502929, 65.31460574808489, 82.16640030511196, 66.22163668158998, 0.0, 101.49012569102177, 55.24836214777227, 67.86901685739986, 73.40328638831161, 71.70299142668627, 74.06796277864186, 9.064416626341028, 60.370344238201056, 85.60459150473004, 53.86937255827072, 124.4948516223397, 77.97584904167702, 44.23852289950996, 71.7155258394171, 47.55753759567542, 93.00470095070166, 77.4369922214538, 76.34666996523727, 92.43823888230096, 84.81235535655046, 68.42705176159281, 48.52227418430589, 101.48064510433095, 33.42759158885878, 110.70269714853586, 81.09715952817646, 77.57253874976043, 77.48912108743401, 101.8815176875105, 106.66793552543642, 79.23796912469564, 65.5369923222042, 73.19139435067159, 81.09503182794036, 64.25557452567776, 89.2206169786249, 25.586946709384613, 125.34196315903438, 51.04294173165582, 9.271637657873812, 81.136809980849, 41.147092193474506, 81.35508683695873, 85.42821615856099, 47.942614729832066, 61.78387990181013, 24.762585936002417, 21.902076472234565, 58.911394489668226, 25.427708193843884, 17.191317619976886, 83.05369588031719, 13.285738562167563, 49.0095086280161, 87.08443620575203, 81.34705780755388, 89.64972884048372, 51.72120133659343, 78.65771357636785, 91.43391367477749, 51.66292687382928, 85.32797769726078, 94.40603809387328], [75.71475966743922, 76.31813890287272, 65.93896682835906, 86.36643539639121, 24.65034846265349, 9.07501600435423, 42.94276360729702, 93.23109781896379, 41.17340090852015, 59.21128754100386, 38.55430990174157, 20.791253612056384, 31.994957654857956, 32.26005217664425, 25.224239530370763, 50.42816381570842, 19.87751301398014, 84.75299660037732, 101.49012569102177, 0.0, 57.676023858441035, 51.50616303406827, 28.411598939804122, 48.169616926485574, 27.441980151835068, 94.15729459117614, 61.576104341762665, 29.774537852803892, 61.196173434320706, 39.47413622064696, 41.03488508678268, 74.31710986499847, 61.031092878644024, 61.50842330366166, 19.347494052483675, 45.3155561313636, 59.979705834165216, 17.454676739373934, 34.209539893300885, 87.60761708686759, 66.82822721251797, 1.4286871338635987, 72.02476597826274, 30.116199216144206, 37.83594279226535, 27.880873172697136, 52.60478100571923, 45.78114417366506, 5.638535204969785, 87.0003322543755, 55.47946447976463, 75.50255490248486, 75.68659484972567, 42.74329936930287, 14.217359187407665, 76.01586196436114, 35.17140672745938, 56.23158228896296, 93.6074457257875, 77.83414390233709, 60.35093104798253, 46.35939282745731, 98.0641108574539, 72.69842613854667, 45.0124510389386, 77.35968341733003, 98.08641031605639, 47.63912039723874, 77.89175497887068, 93.00731855318523, 55.3755817163138, 95.68125456515912, 53.48940557566923, 79.23179664091751, 35.17237854969546, 51.084570135642686, 53.306566272147755, 23.66763488668282, 37.81855729285058, 52.51785939869833, 16.26515562524402, 68.71049532470614], [35.903596538861336, 23.041391051473212, 60.271682003294806, 28.862295184888875, 63.313823912549914, 52.17569806653728, 22.345456582953485, 39.241706210466575, 56.93506842663536, 48.35581134784547, 68.51122952223162, 47.772655623916066, 41.7430016534381, 40.70602726513908, 52.27002486346254, 10.221704822811834, 43.64156233693811, 32.655974823277795, 55.24836214777227, 57.676023858441035, 0.0, 12.635748440624328, 37.12395327177924, 16.48945712495388, 34.31886270524661, 46.28565753105312, 58.554498161879124, 58.02361054029148, 51.865264433804754, 70.80107964789315, 23.389129311506522, 16.833831414482518, 19.65143386464395, 7.903754180775813, 42.906248490575145, 61.138709475012845, 23.642029949987514, 57.24220818979229, 31.100446157861327, 36.02366450370602, 9.318623018574455, 58.28587358314553, 21.958785516875473, 57.46902506198757, 59.16265359892575, 46.09253724597196, 22.702997623195817, 46.6396900890127, 61.49766529529283, 41.19355077386568, 10.8948733902926, 29.57389378450681, 35.349886483447506, 15.103989831180515, 50.566057876988914, 35.92279301807102, 72.7545142117685, 42.12547441376276, 50.79373950547381, 36.60891487403391, 26.679980748646972, 26.10678000254634, 52.07347041936213, 15.028399109654643, 42.383331822120596, 38.818121569275775, 43.8330787653731, 11.280522955497814, 30.231563096262615, 41.16607110413269, 72.89833560444602, 44.85902909077889, 31.92866806651094, 41.66639121584339, 57.4434409625336, 34.68174864224618, 38.266799489360274, 34.87684272324509, 68.6199504286524, 36.52318730821338, 42.69028604832629, 43.06230846811559], [29.52651482364165, 35.47158803799813, 67.99606746040503, 36.416911859287524, 53.05416520533709, 47.714761894683036, 26.589939336859253, 51.124048660790045, 44.715449196388576, 56.14294685886248, 69.52826472462662, 46.18689655805721, 43.184511638920114, 29.401633912302636, 41.698109464933594, 3.6732065193874646, 41.35103408850561, 33.47595168674381, 67.86901685739986, 51.50616303406827, 12.635748440624328, 0.0, 36.99452544977504, 4.274758742878484, 33.09007529609488, 58.88888349176228, 65.63598272783615, 58.28735324379618, 59.665789812027484, 59.20283149271997, 12.212310741490006, 27.247649234506703, 11.828166906330798, 20.476247536379372, 34.32988360670137, 64.51349009596012, 13.967437289273107, 54.80592070632438, 20.456945099600144, 36.50172430845513, 20.432107804138866, 52.363441251605266, 34.59017637762325, 46.303722743595756, 61.11741077023372, 46.41587651873313, 10.545943256021213, 34.055143982988945, 54.46606799226678, 38.13403810009697, 4.040578234709689, 25.9097273627046, 29.163871080978286, 14.555903606911244, 47.35465760526621, 48.068222595450486, 61.731926129655925, 49.9221759708124, 63.37945656447668, 30.94323061611091, 37.01966893699296, 13.51030103023624, 49.52076505187155, 24.344478187866866, 47.41469347992292, 50.87730742412776, 55.542228790842515, 15.345568609853517, 42.85269655593907, 53.47258646177785, 76.85911060745484, 57.25511928033262, 39.98690008979345, 34.81499895613578, 58.96942859613759, 22.16172351742145, 45.735498519830344, 31.295019981042227, 69.46342516353491, 43.943339463392284, 38.508556096677765, 32.67127431708344], [66.2209691019539, 50.84033342873573, 41.98587986333152, 65.28831061329382, 46.9439482247825, 19.861397600136993, 16.643569633415552, 67.18582644472032, 54.21615398096301, 32.86637691216388, 32.5380093878618, 11.132879546282942, 7.372390951658365, 37.488892157781294, 40.458672680100925, 34.19531121270867, 8.763783294454484, 68.94944361084696, 73.40328638831161, 28.411598939804122, 37.12395327177924, 36.99452544977504, 0.0, 35.735248692529915, 4.594107555108125, 66.42199905813774, 38.10657243119224, 21.343438767073316, 35.517233000076224, 60.26841556737359, 32.60039539967721, 51.90026021649526, 48.74377033288492, 38.11065090346651, 27.205938250078624, 29.277676610144518, 49.91673605479892, 20.89262779261871, 31.40436002060573, 72.21858116756613, 44.9848912656266, 28.244543885024587, 45.842118467830446, 47.12994271961097, 24.561788560629832, 9.42146363618852, 43.599443987897786, 51.660777425108954, 33.85393875912281, 75.07584304113081, 40.028236185130304, 62.83620160390051, 65.92388984826636, 23.112100445232322, 15.955245200974147, 47.835921645736285, 58.40165926205171, 28.78503099246441, 65.32118090818962, 67.79964006407499, 32.31194703772763, 40.03255686806744, 86.44500645156118, 51.320017001223086, 18.748437038650692, 49.04509926358061, 72.00366966816762, 25.843430318081232, 50.69553880502849, 66.19837858868217, 41.80753816871161, 68.51304540002768, 25.078837846067646, 71.17713772615734, 22.19722491590763, 48.91238946227604, 25.385963805904073, 10.479532096128482, 32.46931997305331, 24.39751020534424, 13.124130035250175, 65.4385571848683], [30.515171106179416, 39.486251207924404, 69.04515705810208, 40.55662944410395, 48.849428476400504, 44.89216723518963, 27.19357009080234, 55.30898618618157, 40.559448777972676, 57.31017259263097, 68.20398699478513, 44.2699833551841, 42.31099561587745, 25.130034533218474, 37.47129362829224, 6.445825369483311, 39.28810726424719, 36.58508647625476, 71.70299142668627, 48.169616926485574, 16.48945712495388, 4.274758742878484, 35.735248692529915, 0.0, 31.572941307173195, 62.76152039206821, 66.45552123777964, 56.81463150243726, 60.80640594828876, 54.93854146365024, 8.03501959345372, 31.515405683235276, 13.432933209202902, 24.16969423859693, 30.510009082251656, 6