instance_id,num_cities,city_coordinates,distance_matrix,best_route,total_distance
1209,70,"[[64.6239419445511, 16.339005015957497], [98.30851268303766, 78.99721243733143], [47.6115624715539, 86.12366822698327], [36.137301248085286, 87.80609325640509], [83.07000523454415, 23.672060906978587], [53.43092978814209, 68.21646165628555], [65.82465529099426, 52.412674773983234], [31.894756497129162, 18.536480649516506], [55.388526614073555, 43.96197481182592], [21.562133430537223, 68.75094202852904], [16.1789357645847, 82.02418998879415], [25.270874722873582, 90.08297315945255], [24.66989626763676, 65.57013271751973], [42.04272809480424, 34.71616911116671], [95.13821807118791, 29.911544702342695], [23.083691694242958, 59.050371281702276], [81.7628924251661, 95.62871084978973], [20.488446275925977, 82.82969179063387], [87.74781483500013, 31.89269990352389], [59.69895745227114, 85.86284072821802], [52.59471104373608, 83.11415467398184], [79.85283498891405, 46.75931954106795], [53.12571411697687, 42.7139430630692], [54.249853075685614, 58.69605898959159], [45.67782413386598, 34.50210379816458], [40.29752663295866, 45.058310105309914], [62.628475397497105, 48.02293757337813], [56.31153295925587, 0.34053774443248974], [29.70699704368337, 70.74857002658104], [18.32712168906745, 63.688908696113614], [25.01454510109099, 70.57997890258244], [67.48328984708644, 36.074541440042786], [7.384758250089374, 89.11929118421511], [93.70537269026717, 9.236059191188684], [0.12459552840041743, 16.11716567590291], [45.901572719430014, 54.55403681964249], [24.869865534779844, 96.79320962319414], [69.55703061865611, 96.3958412324176], [28.867369997331473, 24.67248270865835], [51.00665187745054, 62.46986341346407], [15.956955321832812, 13.915853893823682], [33.087395586692814, 55.959415967443114], [55.07557913096605, 21.986165905323872], [58.459698820874195, 50.19173843960992], [97.23728213479194, 45.859520188383705], [49.91267329874148, 19.053249982619537], [98.3925056424439, 47.02187258240427], [61.03884069858854, 12.322166246966336], [40.70804263764971, 53.63468661066707], [41.44829679834617, 37.34568982887979], [5.37456949204862, 85.51154751357247], [43.198390063589244, 87.18324660829497], [19.79235901188793, 11.299663027284979], [89.76327500297802, 78.23221520079335], [34.140872761153354, 98.75447194997004], [99.9697785565703, 91.98692572775786], [26.739326175900036, 5.912468583462593], [86.14172584886435, 77.81733028997202], [33.59225288560618, 31.84160908883218], [9.721867053150024, 9.150038004438288], [47.15913215445239, 40.2563521911334], [87.8151070914471, 8.462116129182462], [83.94883961543124, 76.7219102212753], [2.445596145935569, 37.92088133688838], [37.716550564872584, 5.359140002055939], [43.77857523263463, 49.00628416978289], [85.35512259614416, 58.913147845664916], [23.38428199381347, 69.16395130601342], [1.9276232450116337, 64.19224524392885], [63.768485799123354, 31.488771158727857]]","[[0.0, 71.13860599629447, 71.8284085498875, 76.93525459590984, 19.850213086999048, 53.07121657360642, 36.09364711900735, 32.802873032888776, 29.12595675115032, 67.83310765332344, 81.61778083660907, 83.58730009578419, 63.40370415614916, 29.114109622487963, 33.3966297861197, 59.580644500918474, 81.1209040555677, 79.80572288804451, 27.868098645389356, 69.69805739326304, 67.85000374293779, 34.019328611295265, 28.772323509994514, 43.60896400035744, 26.246019459502282, 37.637387883956336, 31.746708003249577, 18.029062598395786, 64.64977808048147, 66.22242025393382, 67.16388587978093, 19.941596434942976, 92.59208500051074, 29.936289910533006, 64.4997279126308, 42.5548559527396, 89.73998902483235, 80.20868025878309, 36.71483743490412, 48.09871812493924, 48.72727417264935, 50.63922116448817, 11.093315939350289, 34.40938031323249, 43.98966667763946, 14.959563860896198, 45.626245257732464, 5.384045378697396, 44.305057332902805, 31.279247669537586, 91.07869548692334, 74.01324773442431, 45.11392020127551, 66.80385867303464, 87.87221800313867, 83.4981201813693, 39.29321536749658, 65.13524009820073, 34.6885638055448, 55.37074204012192, 29.615183215746328, 24.49235634652582, 63.39989677455622, 65.81735388014447, 29.06140303878492, 38.75152178519226, 47.35334717729374, 67.01630028134771, 78.87180091002207, 15.173899281245452], [71.13860599629447, 0.0, 51.19538194864382, 62.792164420206106, 57.38540320599216, 46.154328441558384, 41.9754527532532, 89.81251081580669, 55.40390852309709, 77.42733874839642, 82.18533931244149, 73.8741541378859, 74.85273740737028, 71.60062369409336, 49.1879410518029, 77.82448306853126, 23.459844184505844, 77.91438014641946, 48.27383805007818, 39.21523437321564, 45.89881124492581, 37.146921508253236, 57.947915603121565, 48.51084742307842, 68.91882231996692, 67.20954987206026, 47.2490292391843, 89.16624237717022, 69.09564421609369, 81.4332061800573, 73.77571080160429, 52.84458390816918, 91.48543926954277, 69.9128557564691, 116.59323251607748, 57.826950383245695, 75.56409471968514, 33.605951925926085, 88.16602836461435, 50.106080483588705, 104.96362336392748, 69.17032731947366, 71.5496049618205, 49.16994303896194, 33.155002374807104, 77.04178025255194, 31.97545017126925, 76.38448948782568, 62.93704684649456, 70.48356890833551, 93.16197914659995, 55.71478053962721, 103.67132961160131, 8.579411855169445, 67.14041492718339, 13.095512806684791, 102.29138889212068, 12.223862881670033, 80.0739983348505, 112.81055606730379, 64.16473627369994, 71.31136916445703, 14.538817379103818, 104.29268307830912, 95.36221256510375, 62.23318935016997, 23.89895322530808, 75.56674777207746, 97.51134755741367, 58.73725776595335], [71.8284085498875, 51.19538194864382, 0.0, 11.596948935130332, 71.8157672104693, 18.829048917324915, 38.31641723384065, 69.39053188057713, 42.87294674859379, 31.31109019068837, 31.698828740586926, 22.688817171291905, 30.80207574418862, 51.70824771405766, 73.6110441688995, 36.53190184422138, 35.44938889264323, 27.32240313231541, 67.46789369086824, 12.090208782480985, 5.821420919169182, 50.88272399356196, 43.75854324786504, 28.219508334199528, 51.657770548459816, 41.71161418489507, 40.953306950280904, 86.22316951883187, 23.600150589199824, 36.89033622984348, 27.42683853189235, 53.8497970378973, 40.338189532674, 89.64565669188863, 84.59268543375704, 31.61590884582833, 25.120188955689326, 24.230582131864917, 64.24634583474987, 23.896215479236368, 78.84150305882824, 33.478852102132606, 64.57035503040731, 37.53379331346849, 63.90550578290224, 67.10988090075023, 64.0909869791032, 75.01302217010486, 33.214341970938406, 49.16581149909346, 42.24142833426168, 4.538589764295039, 79.82818947749453, 42.884051816454786, 18.46609552565208, 52.68548737674977, 82.88236722146841, 39.4153363528217, 56.063205273551546, 85.79375716528858, 45.86954734379186, 87.4507957324756, 37.53386156297863, 66.05659072415706, 81.3684231138127, 37.31476906565859, 46.529439608711186, 29.57352054434057, 50.67553272848797, 56.9738374086898], [76.93525459590984, 62.792164420206106, 11.596948935130332, 0.0, 79.47233989809195, 26.130886979011436, 46.19559569851724, 69.39941222137465, 47.88440665054082, 23.990296063761175, 20.778998006857734, 11.1024054835304, 25.018779308201324, 53.41735777805857, 82.66127834872482, 31.579871257979665, 46.29133737828759, 16.42106066879375, 76.091738506484, 23.641655472334314, 17.113171092559515, 59.96570288659702, 48.18618246823754, 34.284962136811004, 54.15105602939171, 42.949743184168184, 47.79625282294027, 89.76203555041496, 18.229314603054505, 29.98067856202755, 20.504992563677614, 60.48739087262476, 28.782515832519024, 97.40294196060724, 80.22603885831028, 34.656027681195106, 14.412611426930187, 34.505971678734184, 63.5508039381505, 29.377238311205158, 76.59643486979527, 31.99238626440173, 68.4903000845435, 43.73933151845618, 74.11290479064206, 70.1192864578906, 74.42488246661168, 79.48528105109303, 34.475740876718895, 50.73912679386095, 30.848186417678072, 7.088505710479262, 78.23292786996952, 54.47388550658167, 11.128913815873508, 63.96924666972226, 82.43110879716583, 50.99233143576183, 56.022323758568575, 82.97318959463598, 48.81043568646908, 94.6892936036035, 49.079550880264314, 60.196888299523536, 82.46207691617649, 39.545091392804764, 57.071851492285155, 22.586920033470275, 41.56820764755572, 62.730559761148704], [19.850213086999048, 57.38540320599216, 71.8157672104693, 79.47233989809195, 0.0, 53.504003882255134, 33.51753242898045, 51.43228818473012, 34.321201390418835, 76.25827048280749, 88.76590642367039, 88.04060855145723, 71.87503842634047, 42.48776053791069, 13.585761631323596, 69.64181687122762, 71.96852099973087, 86.11664655255572, 9.458372384804875, 66.43718062361745, 66.79899750311758, 23.310334524126883, 35.48596689650799, 45.35726636549692, 38.92897425428574, 47.82108928596479, 31.793416559109946, 35.50177195002802, 71.1604409350159, 76.11168817443192, 74.63771983380298, 19.919016540548572, 100.05796601000615, 17.93067724478195, 83.28875934525963, 48.32379136513347, 93.45565071546501, 73.96856567348284, 54.2118668783838, 50.33217765837375, 67.81847125871843, 59.50407182714462, 28.045144585565957, 36.1795588448709, 26.324799792824724, 33.477486098212005, 27.928349826438605, 24.782903776670786, 51.88732806880711, 43.81021274819066, 99.30107169101126, 74.98944196037077, 64.47586169081485, 54.969175878467595, 89.618237276948, 70.37416495999945, 59.06393588904701, 54.23233043203441, 50.147676865418845, 74.7719099920471, 39.5553981495845, 15.932934813649098, 53.05712828771094, 81.87383113383132, 48.91113291004316, 46.750821810151855, 35.31509549719969, 75.04597025055307, 90.6971415957286, 20.824255369057713], [53.07121657360642, 46.154328441558384, 18.829048917324915, 26.130886979011436, 53.504003882255134, 0.0, 20.083926699260754, 54.14708923712771, 24.333358120509427, 31.87327800134154, 39.72863476682173, 35.652952564929166, 28.882522500982848, 35.38305722258448, 56.62830174721426, 31.701294495380317, 39.422474715731575, 36.03822574589455, 49.97063404831541, 18.7265283795108, 14.92114335558817, 34.03712711424431, 25.504344947543157, 9.55555871139278, 34.59434307906151, 26.62304005358023, 22.189485350569257, 67.93702172981308, 23.85867887504505, 35.394576969697205, 28.514507403355488, 35.0795076706263, 50.5685494708466, 71.41931549672915, 74.53792265593952, 15.59977789217159, 40.40253600516806, 32.467346077122365, 49.99446541556504, 6.2370277178048426, 65.97616816452994, 23.75067478670674, 46.25954081789222, 18.71307470787018, 49.1815955182223, 49.28893903093167, 49.70667871939165, 56.40968505252917, 19.352003021010145, 33.114770821914114, 51.073806982825104, 21.550958229979543, 66.11410900891927, 37.68759249241496, 36.1203041626404, 52.25800806444682, 67.78074399275522, 34.09065645374797, 41.43311478210612, 73.48009640842187, 28.654897781378427, 68.94094181397249, 31.68099549443227, 59.30705213965841, 64.79185596906456, 21.4988108398618, 33.25215382950968, 30.061583130513505, 51.66028360945326, 38.154794109843714], [36.09364711900735, 41.9754527532532, 38.31641723384065, 46.19559569851724, 33.51753242898045, 20.083926699260754, 0.0, 47.946163147018154, 13.428593061510663, 47.18166824444003, 57.806048996726126, 55.35034325835364, 43.20686160561256, 29.64365655311402, 36.953833595030986, 43.25331182819884, 46.06140659001311, 54.594567239324945, 30.028224940482556, 34.00643727850927, 33.430708829391854, 15.124491760937284, 15.979001963246748, 13.170306128730271, 26.95706509161693, 26.565409411558726, 5.430042228378322, 52.933986731805206, 40.50543533877624, 48.817713483250834, 44.67119914456141, 16.422109165033557, 69.01157333693725, 51.39605564518095, 75.05905563952449, 20.037830485458173, 60.389789513441336, 44.14124553404542, 46.209946895644634, 17.908664620621376, 62.99835488402371, 32.928825457951945, 32.26941400504034, 7.692538073230638, 32.08889153975941, 36.960010732309414, 33.010992484067344, 40.3751519534936, 25.146322675634757, 28.65695183891808, 68.9184173478426, 41.484220419647635, 61.71913832525188, 35.2094615347446, 56.13754751410637, 52.26864051583621, 60.74481152984317, 32.529676880343146, 38.237370571806665, 70.84616142257798, 22.27505180014369, 49.14500560156761, 30.322021460615847, 65.01474613605957, 54.809676935990005, 22.307692459956193, 20.583860262671525, 45.626642995694965, 64.97375612308208, 21.024689664292257], [32.802873032888776, 89.81251081580669, 69.39053188057713, 69.39941222137465, 51.43228818473012, 54.14708923712771, 47.946163147018154, 0.0, 34.61810202344229, 51.266511789087126, 65.40394681092323, 71.85246272907874, 47.58532370584111, 19.09878651284622, 64.2582875127819, 41.46094785599299, 91.81526527865117, 65.29717384158845, 57.4278044021773, 72.84169377630433, 67.81418804823736, 55.646257086372565, 32.17612857716917, 45.96239849582715, 21.09203821358925, 27.821106801092203, 42.59122702352658, 30.451129880622528, 52.25790436426547, 47.14681826791769, 52.49631433987581, 39.67527293281316, 74.71728820726202, 62.506400580084104, 31.862143884561288, 38.64524877851727, 78.57139888466116, 86.49003944029191, 6.842191921376531, 47.91040248330079, 16.59408623331523, 37.441934723083875, 23.436101773664053, 41.32495016840517, 70.82509545599721, 18.025325972460507, 72.34202233116955, 29.799250786479455, 36.187816655416455, 21.096361824732284, 72.03457433919638, 69.57119093708334, 14.10104798191305, 83.14052055212476, 80.24943094222633, 100.14577629927858, 13.636133705743847, 80.35516671591436, 13.412976432379923, 24.07783901898724, 26.547202941029802, 56.82058105193927, 78.07158115304956, 35.256319084653406, 14.406095678789203, 32.70526065179711, 66.99467140981615, 51.33779271984765, 54.61206749474482, 34.40488990030065], [29.12595675115032, 55.40390852309709, 42.87294674859379, 47.88440665054082, 34.321201390418835, 24.333358120509427, 13.428593061510663, 34.61810202344229, 0.0, 41.93706918083303, 54.64544115259891, 55.08374936422973, 37.55724615088845, 16.23561705545168, 42.159845317520585, 35.65476219566867, 58.00912673669511, 52.237103965992134, 34.53680545414075, 42.12199400021744, 39.2517336355946, 24.623718683283993, 2.584164012388082, 14.778017931526193, 13.55680280354551, 15.130771014913565, 8.301100947302707, 43.631201135630135, 37.10879470252257, 41.984516854315764, 40.38684061333019, 14.43935257748624, 65.90557638849005, 51.71140985235591, 61.88243268374322, 14.21949618574876, 61.012523679706305, 54.314425832741, 32.794149689966446, 19.019536448034227, 49.574370362055795, 25.323487899238945, 21.978037064812636, 6.945649975479991, 41.89175356903735, 25.503520191302137, 43.112703309336865, 32.14037235743591, 17.580613280698657, 15.43065890656822, 65.02124959350958, 44.90743551822687, 48.31059675757951, 48.539393312217086, 58.76802308132414, 65.52773409204718, 47.6292096298994, 45.73777823338574, 24.93954317355069, 57.42224951823847, 9.02521867762946, 48.08038152867798, 43.461532954634905, 53.28647761793818, 42.455595542094585, 12.658437027459112, 33.48931844395231, 40.73587231086411, 57.160581092149464, 15.026793580626551], [67.83310765332344, 77.42733874839642, 31.31109019068837, 23.990296063761175, 76.25827048280749, 31.87327800134154, 47.18166824444003, 51.266511789087126, 41.93706918083303, 0.0, 14.323335104834998, 21.652027945302734, 4.446991986125059, 39.72178905007204, 83.19819118051525, 9.819175747690961, 65.92833867418868, 14.119631686766626, 75.75667914790465, 41.799933296275945, 34.19536153950864, 62.30118255537979, 40.91680511570695, 34.199235203824834, 41.88734245841207, 30.20522745980373, 46.0010283715489, 76.73007351697278, 8.386257860056137, 6.007452240836551, 3.9069837764729582, 56.36044501290248, 24.816680163452894, 93.52362402104073, 56.83205472656974, 28.17730332036421, 28.23667585825644, 55.3872783957766, 44.67971639693255, 30.107002759146333, 55.12082104224504, 17.21786301314866, 57.533427922983094, 41.302232017036815, 79.06165521461429, 57.215502318066704, 79.84396378696786, 68.8666621300415, 24.393995515803393, 37.17188936837567, 23.30139743637545, 28.423185134895554, 57.478531299709566, 68.85702762065185, 32.53362093119047, 81.77817406056928, 63.05138435933789, 65.21290633781389, 38.820389386978334, 60.76561254835141, 38.303367915543994, 89.57789374189895, 62.8938585438202, 36.27581342993995, 65.41777860118506, 29.722412424043362, 64.54709645729727, 1.8683688206395064, 20.15677818004237, 56.30138149452033], [81.61778083660907, 82.18533931244149, 31.698828740586926, 20.778998006857734, 88.76590642367039, 39.72863476682173, 57.806048996726126, 65.40394681092323, 54.64544115259891, 14.323335104834998, 0.0, 12.149376124432818, 18.51573414560624, 53.916459389121215, 94.60600436085107, 23.988997487066346, 66.98013406312565, 4.3841434739442535, 87.38003633305091, 43.68898633747386, 36.432083555523, 72.78720031794712, 53.94775198265691, 44.649708182972915, 55.93329143661174, 44.13822267645352, 57.56426754442668, 91.01013351032695, 17.61102062639493, 18.460694538610042, 14.458145100016397, 68.87312211288581, 11.299469860560682, 106.34124509051577, 67.83419266269189, 40.47276198489781, 17.1363998912186, 55.278977647190516, 58.738528166997185, 39.9417262703183, 68.10869783619727, 31.068769823408523, 71.5367961333104, 52.92417119099038, 88.76000708677984, 71.43741549975489, 89.35453707495384, 82.89018750367374, 37.51854189660006, 51.32941635742657, 11.353237117965218, 27.50757669841548, 70.81677443581704, 73.68197916684773, 24.54655811247575, 84.3810490524719, 76.84084838757447, 70.08915511619863, 53.117935190841976, 73.15965940177132, 52.003123393181575, 102.67969493964495, 67.97701110438751, 46.192060477168845, 79.63289986403012, 43.033965695011624, 72.93466318216815, 14.741192396178512, 22.82713652463815, 69.4160920019276], [83.58730009578419, 73.8741541378859, 22.688817171291905, 11.1024054835304, 88.04060855145723, 35.652952564929166, 55.35034325835364, 71.85246272907874, 55.08374936422973, 21.652027945302734, 12.149376124432818, 0.0, 24.52020639463127, 57.851344461912234, 92.20654244206499, 31.10958291111727, 56.76357344817323, 8.688021205396877, 85.37842788066487, 34.685766506730104, 28.198518797495783, 69.68593365471534, 54.95195255806075, 42.71907732476168, 59.20875461635182, 47.46599362455125, 56.255105738648105, 94.95908159816487, 19.836792224288146, 27.292166368564132, 19.504678665861473, 68.54778397154075, 17.912058659668357, 105.9221601471621, 78.12346660267913, 41.084437653001814, 6.7222081021241005, 44.73383403344962, 65.50928971735716, 37.74670920218144, 76.73447173098683, 35.00735856717642, 74.33367717972601, 51.89227931476516, 84.46820460068129, 75.18270952573587, 84.85889046673029, 85.5925842682698, 39.58261923586374, 55.16275952213681, 20.414722488291705, 18.160512667958567, 78.97356576587393, 65.57217518188594, 12.404505490870374, 74.72316420855199, 84.18331301538709, 62.0943355854958, 58.832829469045194, 82.4130549871734, 54.42231133011172, 102.82871828886087, 60.17990999303806, 56.937484712800945, 85.6330704345377, 45.0536275621959, 67.68807023832674, 21.00392123937829, 34.860252172845534, 70.1095326377228], [63.40370415614916, 74.85273740737028, 30.80207574418862, 25.018779308201324, 71.87503842634047, 28.882522500982848, 43.20686160561256, 47.58532370584111, 37.55724615088845, 4.446991986125059, 18.51573414560624, 24.52020639463127, 0.0, 35.408789246699754, 78.97670084933257, 6.709942930355505, 64.5223087743878, 17.758854226314686, 71.50519765536019, 40.48245454371952, 32.978598919424705, 58.30097270436933, 36.49847907783329, 30.36818622148889, 37.504072501084174, 25.786773697186177, 41.818151405633124, 72.49891883936907, 7.224167577785519, 6.615874331731253, 5.021687128484688, 51.99015843981279, 29.21196434297415, 89.10345024166926, 55.20930843253514, 23.919415832851353, 31.223717254123684, 54.45254021339968, 41.112486691500386, 26.518604145179424, 52.383965683415006, 12.775764996136722, 53.1419581260603, 37.12473255329417, 75.19663382004761, 52.924646164282706, 76.0201360632189, 64.48291287054917, 19.9919236882183, 32.83494937932762, 27.748327146784177, 28.46808343394882, 54.48921223581697, 66.3134698835448, 34.509415614221645, 79.79924326503989, 59.69354596668874, 62.67997830601227, 34.88870524667198, 58.36669139869271, 33.86079171122393, 85.13896410361862, 60.318780374973564, 35.473942800438635, 61.608269186313095, 25.288390429201222, 61.04925996378884, 3.816848976323396, 22.783975862994176, 51.86751304094664], [29.114109622487963, 71.60062369409336, 51.70824771405766, 53.41735777805857, 42.48776053791069, 35.38305722258448, 29.64365655311402, 19.09878651284622, 16.23561705545168, 39.72178905007204, 53.916459389121215, 57.851344461912234, 35.408789246699754, 0.0, 53.31243261699963, 30.84798950522231, 72.71883659335072, 52.72094583137927, 45.792214756389946, 54.10845084296868, 49.53493061156956, 39.68175469433328, 13.66736870628008, 26.908158964898405, 3.641393575464354, 10.488355852332882, 24.51210066308539, 37.219387745117466, 38.08548511302881, 37.44128237986746, 39.7010310800895, 25.47680038104354, 64.50484140785225, 57.604382195552425, 45.85905326802505, 20.209692651200548, 64.40858768236875, 67.53827652789975, 16.56700629409467, 29.165381482272178, 33.36346286439598, 23.05370940494251, 18.218347558204965, 22.56125381844037, 56.30819717326453, 17.528921048951748, 57.677792672661305, 29.365688453320264, 18.965539529590007, 2.695872358085812, 62.6476202449896, 52.47980350264051, 32.30188355966983, 64.58248109580279, 64.523976537317, 81.45847247915229, 32.61667172445992, 61.6638605495468, 8.926008435088715, 41.210012354285304, 7.541300886527025, 52.76728131136897, 59.33468183944946, 39.726603668395896, 29.674079094955292, 14.3951572993977, 49.61307587035356, 39.17636161063423, 49.78012355643811, 21.96416730427511], [33.3966297861197, 49.1879410518029, 73.6110441688995, 82.66127834872482, 13.585761631323596, 56.62830174721426, 36.953833595030986, 64.2582875127819, 42.159845317520585, 83.19819118051525, 94.60600436085107, 92.20654244206499, 78.97670084933257, 53.31243261699963, 0.0, 77.72339407043317, 67.06448585196405, 91.50365413655732, 7.65134209956803, 66.23057239818056, 68.12097839864897, 22.748416494082562, 43.91983483904887, 50.00406638222789, 49.67296851656144, 56.89398860684312, 37.214324129810365, 48.80528587444088, 77.12916000114765, 83.90980184573843, 81.06325339582868, 28.333329911415387, 105.85946794706098, 20.725075319707898, 96.00975659498557, 55.059056141982346, 97.00927002491039, 71.23593781638941, 66.47761333713649, 54.84194792316534, 80.78078048040976, 67.29633101771275, 40.83903363120651, 41.911812564201114, 16.085521192876495, 46.51077793570995, 17.417052212117973, 38.368656109452154, 59.37534387039995, 54.202160104984365, 105.58822339090649, 77.31619217643345, 77.61057026507567, 48.618691985761366, 91.9783929349372, 62.26312637648693, 72.48699239907171, 48.74321660574158, 61.576220890542096, 87.90331723890624, 49.08164348700672, 22.665081966247175, 48.12912330639553, 93.03801176241485, 62.450528226528974, 54.79436091271779, 30.60722042192951, 81.78862247755386, 99.314557933223, 31.40935762023365], [59.580644500918474, 77.82448306853126, 36.53190184422138, 31.579871257979665, 69.64181687122762, 31.701294495380317, 43.25331182819884, 41.46094785599299, 35.65476219566867, 9.819175747690961, 23.988997487066346, 31.10958291111727, 6.709942930355505, 30.84798950522231, 77.72339407043317, 0.0, 69.14639198091454, 23.920522206837166, 70.13549697726634, 45.38266413897901, 38.07841822078102, 58.084469381254145, 34.19652026435728, 31.16817531480578, 33.363337020486114, 22.18318933925543, 41.05355298057208, 67.46061064878396, 13.4430661542153, 6.643868418250707, 11.690168808455873, 49.99213011111722, 33.92044303053391, 86.42272569038363, 48.68655091852624, 23.256670399571345, 37.78507990014851, 59.61925323771806, 34.861011996989426, 28.13155935656921, 45.693708879434915, 10.47034365828378, 48.96157863004744, 36.46830481465325, 75.31768403098161, 48.161851772414835, 76.26337416639626, 60.20065183791946, 18.437662179149726, 28.43153034217733, 31.840333803940315, 34.58409699025536, 47.864005365456144, 69.38378748931851, 41.21500774017132, 83.64381012232364, 53.263499384015965, 65.7914464186909, 29.16756072044391, 51.65831606741879, 30.54246203124032, 82.15429202848652, 63.37862036965601, 29.536186842398205, 55.64951819245372, 23.003519091204712, 62.2715820968253, 10.118046028573957, 21.77195673502923, 49.141573771047], [81.1209040555677, 23.459844184505844, 35.44938889264323, 46.29133737828759, 71.96852099973087, 39.422474715731575, 46.06140659001311, 91.81526527865117, 58.00912673669511, 65.92833867418868, 66.98013406312565, 56.76357344817323, 64.5223087743878, 72.71883659335072, 67.06448585196405, 69.14639198091454, 0.0, 62.5969059920118, 64.01639155399383, 24.128602233025113, 31.739516716192323, 48.90670430825158, 60.16693968765222, 46.05418664652171, 70.98305602910868, 65.39680414010192, 51.30726619333614, 98.6286349516179, 57.69608003452722, 71.02286934853338, 62.030749601926516, 61.24219251359913, 74.66243625644884, 87.21417944054001, 113.96006904237775, 54.52671911751034, 56.904943248750136, 12.229944867560524, 88.50267004407178, 45.22671219461419, 104.91621585795986, 62.79296894505622, 78.32903112359082, 51.064246728631495, 52.11937332678472, 82.93514131790442, 51.37284070506543, 85.84559798631533, 58.72817690743989, 70.8673208176931, 77.05538835477984, 39.478433462466995, 104.6505390247777, 19.14795504112401, 47.7244920280459, 18.567533532404656, 105.24541305528557, 18.341740909715988, 79.93250192952155, 112.55429886834527, 65.295622581425, 87.37645299251592, 19.032747440267833, 98.08887335542867, 100.44239967418079, 60.13700210449017, 36.890875353007594, 64.0971579214362, 85.80164086342519, 66.61629330273806], [79.80572288804451, 77.91438014641946, 27.32240313231541, 16.42106066879375, 86.11664655255572, 36.03822574589455, 54.594567239324945, 65.29717384158845, 52.237103965992134, 14.119631686766626, 4.3841434739442535, 8.688021205396877, 17.758854226314686, 52.72094583137927, 91.50365413655732, 23.920522206837166, 62.5969059920118, 0.0, 84.37060982043973, 39.3276515849581, 32.107524919755605, 69.46367684976805, 51.71522549599491, 41.50017856918691, 54.49826160566904, 42.65063820167061, 54.65612677008236, 89.93194134888509, 15.196551626457614, 19.262422003508068, 13.05913612819981, 66.29147310615612, 14.534981954243738, 103.81108357369733, 69.7513265671425, 38.01762301449255, 14.634775877412139, 50.90939382939488, 58.75770018417797, 36.68628469448404, 69.06266331336246, 29.67735241812554, 69.9871731197123, 50.070470526807036, 85.18906851228608, 70.23688251610564, 85.73938641156236, 81.33661934285463, 35.513101870849304, 50.08103202190473, 15.349971386191099, 23.123472628245214, 71.53341563468555, 69.42721862610172, 20.97587595447982, 80.00710664988085, 77.17080228574605, 65.84433830251258, 52.64498385667592, 74.4621421274862, 50.23758284278238, 100.31657672752758, 63.75363925693748, 48.397786077296296, 79.36305167908777, 41.06644627803043, 69.13527877360143, 13.969192084654987, 26.303204469535785, 67.14947469981578], [27.868098645389356, 48.27383805007818, 67.46789369086824, 76.091738506484, 9.458372384804875, 49.97063404831541, 30.028224940482556, 57.4278044021773, 34.53680545414075, 75.75667914790465, 87.38003633305091, 85.37842788066487, 71.50519765536019, 45.792214756389946, 7.65134209956803, 70.13549697726634, 64.01639155399383, 84.37060982043973, 0.0, 60.82363439580034, 62.123893430478525, 16.832916747180686, 36.27380820436355, 42.901439373582626, 42.15083755133318, 49.24289941140924, 29.852399921320888, 44.539631285910374, 69.84636835873943, 76.35595281602937, 73.70324747158972, 20.691514483534863, 98.65649301124002, 23.426819330986852, 89.03199448411402, 47.58827765343849, 90.36433295318504, 67.01910079746538, 59.321482791841724, 47.80037639796188, 74.00739491493941, 59.72410111924693, 34.141095497324805, 34.53474411374814, 16.885557690031728, 39.95434155808521, 18.49868396220278, 33.11155518881521, 51.82136773911136, 46.61952884309834, 98.28698981736949, 71.00489984765889, 71.00716262401343, 46.3833241335135, 85.69831270042422, 61.324484299710235, 66.30993973690097, 45.95270610054713, 54.155586049141704, 81.27285646211851, 41.441426632419784, 23.43068040527653, 44.989891202714496, 85.5149547428434, 56.631768518316015, 47.18229326398383, 27.126178926340415, 74.37614228303381, 91.69714234227372, 23.982730858718224], [69.69805739326304, 39.21523437321564, 12.090208782480985, 23.641655472334314, 66.43718062361745, 18.7265283795108, 34.00643727850927, 72.84169377630433, 42.12199400021744, 41.799933296275945, 43.68898633747386, 34.685766506730104, 40.48245454371952, 54.10845084296868, 66.23057239818056, 45.38266413897901, 24.128602233025113, 39.3276515849581, 60.82363439580034, 0.0, 7.61745312147936, 43.99163726205123, 43.64670546172386, 27.707882787053393, 53.240186678209966, 45.18213404867474, 37.95313354861575, 85.58936237843048, 33.58509889806279, 46.93945095739708, 37.90216782359773, 50.393160020402384, 52.415454855776254, 83.83376364009091, 91.72548057731541, 34.21416413784898, 36.50395331984358, 14.42656252110211, 68.51895138976867, 24.95571204864029, 84.20054432679032, 40.02986431839144, 64.04377575948871, 35.692622493168436, 54.8579207971199, 67.52253529843192, 54.825281376836905, 73.55287955118538, 37.407335688616264, 51.83628599440628, 54.3255237818783, 16.553313741863718, 84.57070454916948, 31.017569790838333, 28.625335782065523, 40.733812115932096, 86.4777387537349, 27.63964975696679, 59.998779080638855, 91.55634148708363, 47.299038205687076, 82.34919573977807, 25.91550492388498, 74.67515551476075, 83.45101583066929, 40.14803023019244, 37.20920257615874, 39.97009584161795, 61.70204019909363, 54.5261451279438], [67.85000374293779, 45.89881124492581, 5.821420919169182, 17.113171092559515, 66.79899750311758, 14.92114335558817, 33.430708829391854, 67.81418804823736, 39.2517336355946, 34.19536153950864, 36.432083555523, 28.198518797495783, 32.978598919424705, 49.53493061156956, 68.12097839864897, 38.07841822078102, 31.739516716192323, 32.107524919755605, 62.123893430478525, 7.61745312147936, 0.0, 45.43874292442557, 40.4037010986656, 24.474126991538718, 49.10167833055178, 39.99335007557612, 36.49753340581398, 82.85702399164157, 26.01451778950061, 39.39045393849739, 30.294737425701122, 49.33958848614516, 45.60703340615677, 84.54619739042238, 85.0982347466819, 29.33391266916243, 30.915750076604326, 21.54352531964646, 63.07468379020917, 20.705281779408708, 78.29897812359427, 33.43523875435903, 61.178310841076765, 33.44074718565982, 58.1452228843909, 64.11702454373082, 58.31029768988872, 71.29382126859701, 31.785718854420264, 47.106208983606116, 47.280960867866476, 10.239548678132243, 78.9513490023748, 37.48780441439769, 24.19015650741621, 48.198787204849104, 81.4162223508497, 33.96260518409235, 54.680593877835015, 85.49135223253275, 43.20111979475158, 82.54334108001584, 31.99909635651526, 67.50826379010232, 79.16566153242344, 35.22883876841515, 40.73000486849216, 32.37062463543514, 54.08504823408019, 52.820767368348484], [34.019328611295265, 37.146921508253236, 50.88272399356196, 59.96570288659702, 23.310334524126883, 34.03712711424431, 15.124491760937284, 55.646257086372565, 24.623718683283993, 62.30118255537979, 72.78720031794712, 69.68593365471534, 58.30097270436933, 39.68175469433328, 22.748416494082562, 58.084469381254145, 48.90670430825158, 69.46367684976805, 16.832916747180686, 43.99163726205123, 45.43874292442557, 0.0, 27.031538264625002, 28.248866021683828, 36.30662067324267, 39.59186598577102, 17.27064833369079, 52.047057599207704, 55.58857078650275, 63.81241561023654, 59.78847589827178, 16.34533970536734, 83.94039161114519, 39.99859832609427, 85.41389676726763, 34.834549331722364, 74.34054806594139, 50.693075200134054, 55.56389116746035, 32.846970467100405, 71.84272178969725, 47.66180962508062, 35.03743068363317, 21.66674351625927, 17.40771787004008, 40.79264115513066, 18.541529657524766, 39.241354565787546, 39.74399879938267, 39.54143368656452, 83.95681749717849, 54.56777631826459, 69.747028715655, 32.99636317051201, 69.2320689040648, 49.49977555386062, 67.00380624698082, 31.68832876513697, 48.60637346761876, 79.57895903634727, 33.334168496940215, 39.116154798319705, 30.24126475810987, 77.91019583586618, 59.071493386625576, 36.144170581246115, 13.341315953469518, 60.750843631041754, 79.85139650559341, 22.178727122098564], [28.772323509994514, 57.947915603121565, 43.75854324786504, 48.18618246823754, 35.48596689650799, 25.504344947543157, 15.979001963246748, 32.17612857716917, 2.584164012388082, 40.91680511570695, 53.94775198265691, 54.95195255806075, 36.49847907783329, 13.66736870628008, 43.91983483904887, 34.19652026435728, 60.16693968765222, 51.71522549599491, 36.27380820436355, 43.64670546172386, 40.4037010986656, 27.031538264625002, 0.0, 16.0216016018152, 11.086269404680403, 13.040646109524866, 10.885214497888631, 42.49299848202395, 36.529120141911896, 40.631160680826596, 39.582240674938284, 15.818395454586318, 65.15897004911366, 52.60681893503855, 59.30014451097758, 13.869968965221085, 61.016063874860805, 56.14030952036733, 30.23179702146257, 19.869242906213927, 47.019640259910695, 24.020340588376946, 20.819287198987578, 9.185249942969671, 44.223580683178824, 23.87785644371968, 45.47131702242252, 31.405058037462958, 16.53666243837902, 12.852245641125963, 64.12337139992368, 45.56391906605924, 45.80359759591631, 51.02801704284493, 59.16895367698633, 67.98671336294682, 45.28344059863541, 48.19029804309178, 22.355396523542375, 54.86738250294851, 6.452894947955121, 48.74978598154205, 45.89778748182849, 50.9062648233952, 40.40821244626623, 11.267766501238015, 36.07144308875778, 39.801453752200466, 55.52082468323333, 15.46845413608979], [43.60896400035744, 48.51084742307842, 28.219508334199528, 34.284962136811004, 45.35726636549692, 9.55555871139278, 13.170306128730271, 45.96239849582715, 14.778017931526193, 34.199235203824834, 44.649708182972915, 42.71907732476168, 30.36818622148889, 26.908158964898405, 50.00406638222789, 31.16817531480578, 46.05418664652171, 41.50017856918691, 42.901439373582626, 27.707882787053393, 24.474126991538718, 28.248866021683828, 16.0216016018152, 0.0, 25.667628405915714, 19.510397427913762, 13.56896579613908, 58.39192909757764, 27.342545684415363, 36.26804624551809, 31.558371074372268, 26.207954995138557, 55.87405632473899, 63.26949982507089, 68.86585264395146, 9.31934185245895, 48.1100462928813, 40.688859230611506, 42.44848866764772, 4.975937483718311, 58.920393640963255, 21.338669639977592, 36.71917855530997, 9.489271268918543, 44.86307819918975, 39.87936100767912, 45.66027161438364, 46.86820117145996, 14.456767283796133, 24.89413799312124, 55.748217641111054, 30.555763664666294, 58.5980993494875, 40.53226537580117, 44.82239996022594, 56.55610837173995, 59.52257140334093, 37.18487011034692, 33.88064233578766, 66.61493627321411, 19.756039835855763, 60.41585298947158, 34.74134588807384, 55.81477441094727, 55.84063949308781, 14.266723370310691, 31.10602706087356, 32.59233418701866, 52.610111174528384, 28.82431057345805], [26.246019459502282, 68.91882231996692, 51.657770548459816, 54.15105602939171, 38.92897425428574, 34.59434307906151, 26.95706509161693, 21.09203821358925, 13.55680280354551, 41.88734245841207, 55.93329143661174, 59.20875461635182, 37.504072501084174, 3.641393575464354, 49.67296851656144, 33.363337020486114, 70.98305602910868, 54.49826160566904, 42.15083755133318, 53.240186678209966, 49.10167833055178, 36.30662067324267, 11.086269404680403, 25.667628405915714, 0.0, 11.848252731828625, 21.68265491673459, 35.77832246803469, 39.60900948006962, 39.999131295252525, 41.57624529026511, 21.862088077492242, 66.70379339094751, 54.268024014323295, 49.12334054338321, 20.05318132684632, 65.67459939707523, 66.34041932278915, 19.473387456726577, 28.47089712355361, 36.15416612322931, 24.878407033637455, 15.65140569798653, 20.237118265613386, 52.79553595153728, 16.018771228259908, 54.18101380522174, 26.979815782853944, 19.767510040402133, 5.096555993608624, 65.01011984974753, 52.739457724650535, 34.76220019370636, 62.09548793285397, 65.27992080334872, 79.07035517382006, 34.2933513470703, 59.27508910189528, 12.374945029984971, 43.99497800430994, 5.941855604088494, 49.53414552455707, 56.984056370138724, 43.36719470590271, 30.21082944345706, 14.628000363729356, 46.58526682067737, 41.21220321467494, 52.87328793336576, 18.339907662872985], [37.637387883956336, 67.20954987206026, 41.71161418489507, 42.949743184168184, 47.82108928596479, 26.62304005358023, 26.565409411558726, 27.821106801092203, 15.130771014913565, 30.20522745980373, 44.13822267645352, 47.46599362455125, 25.786773697186177, 10.488355852332882, 56.89398860684312, 22.18318933925543, 65.39680414010192, 42.65063820167061, 49.24289941140924, 45.18213404867474, 39.99335007557612, 39.59186598577102, 13.040646109524866, 19.510397427913762, 11.848252731828625, 0.0, 22.526879250106212, 47.49871117765134, 27.78756505712195, 28.806212823802717, 29.74769071207179, 28.631692596939825, 54.996548766809376, 64.30887715576617, 49.51216248979011, 11.026067221479483, 53.98622560511003, 59.090275644269894, 23.371573318051176, 20.441319725128, 39.52614312877415, 13.069816323183788, 27.399172863771128, 18.873700883686983, 56.945392212239376, 27.725695615967073, 58.12815293568155, 38.75380270222861, 8.586195743852436, 7.797998685685133, 53.44228056768435, 42.22469992816636, 39.49820441117354, 59.55978711421167, 54.04796188336013, 75.91490376648342, 41.4273063098166, 56.345754100967966, 14.820319894857127, 47.162219667977666, 8.374988366685393, 59.976677685307564, 53.92606695650576, 38.51897624572491, 39.7829805865665, 5.263477801516531, 47.139616913942305, 29.447237254462898, 42.876065116673956, 27.111221134478207], [31.746708003249577, 47.2490292391843, 40.953306950280904, 47.79625282294027, 31.793416559109946, 22.189485350569257, 5.430042228378322, 42.59122702352658, 8.301100947302707, 46.0010283715489, 57.56426754442668, 56.255105738648105, 41.818151405633124, 24.51210066308539, 37.214324129810365, 41.05355298057208, 51.30726619333614, 54.65612677008236, 29.852399921320888, 37.95313354861575, 36.49753340581398, 17.27064833369079, 10.885214497888631, 13.56896579613908, 21.68265491673459, 22.526879250106212, 0.0, 48.09901262204338, 40.00347619143486, 46.98970729444669, 43.85918222984018, 12.897030413976868, 68.85331193464658, 49.701061155473674, 70.17630140627382, 17.95674053290527, 61.6786191040133, 48.86658046005842, 41.049433372829995, 18.541317325369587, 57.80591616173265, 30.588610391578253, 27.1101405549173, 4.699190924315334, 34.6763590730215, 31.63754766287789, 35.77803782319011, 35.73614433282809, 22.62735290829451, 23.71926611194634, 68.43541200780474, 43.71564959820602, 56.42279468786696, 40.60662266675052, 58.18274730682238, 57.681931105470554, 55.32922040297242, 37.95495730651459, 33.24060181893252, 65.65220123803176, 17.309547332926726, 46.89802777757524, 35.75176864758044, 61.024835069119504, 49.404489897914054, 18.87553195949569, 25.20113435277056, 44.576329790026456, 62.81751318368812, 16.573420972845803], [18.029062598395786, 89.16624237717022, 86.22316951883187, 89.76203555041496, 35.50177195002802, 67.93702172981308, 52.933986731805206, 30.451129880622528, 43.631201135630135, 76.73007351697278, 91.01013351032695, 94.95908159816487, 72.49891883936907, 37.219387745117466, 48.80528587444088, 67.46061064878396, 98.6286349516179, 89.93194134888509, 44.539631285910374, 85.58936237843048, 82.85702399164157, 52.047057599207704, 42.49299848202395, 58.39192909757764, 35.77832246803469, 47.49871117765134, 48.09901262204338, 0.0, 75.2668076985271, 73.86360133228418, 76.89655742101415, 37.43964706135302, 101.36812292709799, 38.43734579335907, 58.35986571906174, 55.20390162092305, 101.44799831925425, 96.96424359739058, 36.677317601247495, 62.35539167851231, 42.57676766560288, 60.2728808958537, 21.680885598730473, 49.897463135112204, 61.211883718046366, 19.776526597563933, 62.84866970921544, 12.880483687932141, 55.53138944410476, 39.87852893435324, 99.24049149593397, 87.82716322081541, 38.12810633592199, 84.7710591105566, 100.8803282083856, 101.5140524214536, 3