instance_id,num_cities,city_coordinates,distance_matrix,best_route,total_distance
2518,93,"[[54.96886959829171, 3.3134694322107916], [35.43857402082759, 45.54836381297422], [12.144048015233789, 42.840898595575936], [14.765380399530304, 6.529591268927293], [85.9159377474063, 63.72376708036923], [16.04568365928064, 21.28543155281035], [14.288265999580352, 48.39406679250787], [86.04684574108363, 33.19451302810476], [79.66921429835467, 99.5203192601204], [32.68600500559364, 96.82318718362946], [65.41414729605533, 10.886041195596796], [30.488634737001476, 11.71797925589516], [84.30584269304745, 45.973293353582356], [77.00467705413743, 34.98738528571438], [53.70741002108399, 98.35883382204973], [42.06673276157048, 11.566780508820507], [72.80836244277566, 77.69184423695421], [31.139536857372264, 69.32863262710381], [38.252094649792554, 76.63219844742295], [32.42489258813428, 15.700152569005166], [70.54091143278941, 1.3608138142253368], [31.39205131564926, 23.8245553062278], [28.532098198468713, 6.3322475171637365], [44.75018180051947, 90.73707168870534], [13.469197094240148, 72.18199924669169], [84.12717349730802, 4.139826761406795], [30.064284074557555, 34.89688634989726], [14.996267022165789, 26.985449151123785], [16.966590619580803, 8.788181157637776], [75.683367599292, 48.38824885527798], [95.88478055990267, 50.41816257387365], [42.768606014213276, 35.2990002831724], [16.076991528054453, 56.848417381147144], [87.33559827489933, 8.8803474658258], [90.48837320229956, 33.33105414369943], [38.91659826635967, 2.679212987457602], [9.126128775862485, 65.14442803328984], [25.93304260257665, 97.70326339436028], [9.971170581289336, 70.92708342536575], [66.9478551006258, 18.719956119175386], [80.26750482890989, 15.945938342682553], [4.729570332632871, 76.09289795396093], [9.280485948577422, 98.0601766248411], [37.17887628755323, 79.34368609737645], [44.86217228623332, 88.47787239670242], [38.21575493065743, 66.65134669787705], [72.55069187742548, 17.36266310933444], [85.47612196343664, 71.75620722613203], [68.17206688181841, 98.3392109808775], [69.9960176281824, 29.136903470332076], [99.82789631142968, 43.131739982947], [98.75585812012562, 13.040412945414115], [99.4719419565493, 71.2128200870442], [77.35383595017684, 21.777165303733838], [6.941898012216474, 30.427437534297574], [78.4138741453636, 42.61660500397372], [63.49831773392418, 11.594550264898906], [88.4879791429029, 49.09634100937286], [91.86905804885461, 15.085429649381709], [16.497743340294956, 73.04484212068942], [82.66474475809443, 23.647974428705567], [47.53916505280974, 44.4976963357389], [10.874742241194058, 49.78391928728493], [77.18606510005033, 42.5625848835276], [31.996072779024963, 14.811824764037084], [81.29324251778974, 65.73699688510209], [5.8822779431210055, 67.82032806096552], [20.472097794829626, 96.08966151289867], [29.81819604677827, 7.9737016976543345], [85.65214745240802, 21.19147443317181], [8.22157855249207, 59.54339357970717], [64.01615880870598, 36.66243417922862], [86.59006347343659, 38.36242815577052], [45.69431700278221, 95.66140687372112], [7.636253045414243, 32.497142909819324], [67.38595240293445, 48.29782754631843], [26.34268823066619, 62.91189601964646], [16.866798306192244, 44.8680637885486], [82.68478689950605, 62.68343320491183], [70.82595481710537, 84.33319894211724], [64.14392548729093, 70.95548558265816], [34.57093932002236, 92.88312480969768], [65.28891588705332, 34.19103399666407], [45.29568058591727, 39.8511571381272], [84.19930263592991, 93.438227624522], [23.079477950153137, 12.548177940807271], [4.1659135175775575, 65.58102386114734], [0.16302542609460957, 94.73679435291282], [4.5442373533493345, 54.59859362404996], [39.42316467428576, 75.35089993596765], [82.61362913629905, 16.733499720775512], [96.74244893889885, 42.77395563694184], [59.29468865452326, 51.71415013688161]]","[[0.0, 46.53191107935883, 58.27849517519814, 40.331922634850045, 67.87580635959354, 42.871970168247394, 60.72208632381393, 43.1128445768968, 99.32706067387618, 96.12800512029, 12.901459967578441, 25.882768094628844, 51.77372468120144, 38.585149419510245, 95.05373518311731, 15.316079089661544, 76.48784310949867, 70.18432068863967, 75.20030976721361, 25.722768485640366, 15.693990915563726, 31.250136064728476, 26.608568228536676, 88.01879237873068, 80.40582825113847, 29.170011187911904, 40.22127054563782, 46.45612532833035, 38.39460477791509, 49.606714943358284, 62.393620553616664, 34.233326092257045, 66.17075510922878, 32.84197400075518, 46.5047366209779, 16.0647967977089, 76.97158129881944, 98.75480977421873, 81.21818585784895, 19.51553037200751, 28.27720310260389, 88.4354702970305, 105.18729450066441, 78.08378646139128, 85.762001275949, 65.51605564735642, 22.505561926607733, 74.93397629645777, 95.93860523992272, 29.877498614064876, 59.981888493958344, 44.85436203893957, 81.18402101813099, 29.017146376084725, 55.152128390214074, 45.76466654510439, 11.8881363239138, 56.74153711801046, 38.73245351177369, 79.63976326294693, 34.3591850066303, 41.84902693342396, 64.06086775182574, 45.10096273555764, 25.689717184824175, 67.74709875165632, 81.05941210292376, 98.9820644452965, 25.578783099723076, 35.51178118156412, 73.12396043537231, 34.55440480973036, 47.20518414004221, 92.81249310059489, 55.60632506639332, 46.666652122427166, 66.11679598551451, 56.378649760951284, 65.5207193963832, 82.55691201525843, 68.26143859796423, 91.86293444082277, 32.55652544167088, 37.796470848006386, 94.74645246546393, 33.19959549342604, 80.36285635229466, 106.5922365605648, 71.92223230969718, 73.69572806593243, 30.729951885094817, 57.464440329996854, 48.593606608099684], [46.53191107935883, 0.0, 23.45133918838554, 44.157055442451295, 53.64987914914402, 31.060812584932176, 21.340889270163082, 52.094287553685646, 69.78052388846571, 51.348652834086295, 45.82588354205189, 34.19059546415386, 48.869116142993654, 42.88677172309631, 55.88108903183373, 34.62196545763433, 49.29203201804475, 24.165738254914423, 31.21090632954073, 29.999966504020655, 56.43326737550421, 22.097470489658132, 39.81963316771465, 46.13811178322084, 34.52541178550435, 63.91593431791608, 11.930505629394576, 27.612854183707253, 41.14031112703981, 40.344867792901624, 60.64205492013097, 12.60074687429636, 22.41789658438179, 63.544036299738266, 56.38921036399913, 43.01000750003889, 32.80778120653728, 53.014042270777836, 35.95369309426489, 41.3835505189008, 53.72091428038063, 43.31294810344199, 58.666311085529685, 33.84010136341474, 43.95164287609908, 21.28493881707027, 46.60196364915509, 56.48546061135997, 62.11565905297519, 38.256410433463614, 64.43465601505825, 71.17475209172788, 68.9850456623402, 48.186710420733924, 32.25992800774556, 43.075185786112364, 44.04782255347166, 53.16791820254236, 64.12791814407188, 33.38879132576169, 52.05706731739761, 12.146118946849112, 24.92632668232721, 41.854126286727215, 30.92871881450394, 50.102210812371425, 37.008310273462314, 52.7107027444688, 37.99268194865472, 55.8091481482082, 30.604341203416507, 29.92721333108475, 51.65377570410358, 51.151709149550264, 30.713245004115997, 32.06547265066405, 19.60171903175342, 18.584231523470446, 50.25748933685326, 52.502668080923044, 38.33430629909372, 47.34271209585455, 31.937937473903922, 11.385109298177843, 68.34506354495731, 35.23860841863265, 37.138750161485056, 60.52987714874145, 32.19264974736897, 30.067725588044635, 55.279130038375726, 61.36662301852499, 24.640030974171122], [58.27849517519814, 23.45133918838554, 0.0, 36.405802054607854, 76.6706326490723, 21.90572802101428, 5.952759678318244, 74.52970056443398, 88.16010894067405, 57.75863120086631, 62.11937208988501, 36.126997802429294, 72.229748082372, 65.3343620970653, 69.35239140102013, 43.28322451635245, 69.96247177638857, 32.59491755591303, 42.70224870834944, 33.88115628884239, 71.62954062729064, 27.057474811059897, 40.01811830125793, 57.94137862867056, 29.37100964387327, 81.72724952720215, 19.602096596573045, 16.10994817959022, 34.39250619072125, 63.78101777260143, 84.08284733829232, 31.539559013839966, 14.549179605846112, 82.50508022836037, 78.91939198014384, 48.26728123516384, 22.506782575800084, 56.56867899327915, 28.17011137067194, 59.87718377648274, 73.24031850865688, 34.0686063794195, 55.29347749764777, 44.26280743498009, 56.153441867237966, 35.3082333219339, 65.55991996781293, 78.8269506117356, 78.86191460857945, 59.45292146303861, 87.68433064546312, 91.59516687375672, 91.82116852525722, 68.52734711565961, 13.45943461568008, 66.27020569556781, 60.11318742457435, 76.59978054680452, 84.4182639082568, 30.516108327434292, 73.08581946707412, 35.43387205564062, 7.058092764586609, 65.04261253196923, 34.34722502730074, 72.84121372709241, 25.75231369901316, 53.896077457980844, 39.09088037073841, 76.62987830754517, 17.156896729335127, 52.2387720061864, 74.58060012552312, 62.57496818935234, 11.283328284533454, 55.51077439518667, 24.58549006150457, 5.139432753752894, 73.27838714151515, 71.86916706036834, 59.11359622424581, 54.837850596664836, 53.84419317524095, 33.286172746111696, 88.04572348113665, 32.20609495932995, 24.09904411292223, 53.26095097477926, 14.00001837424135, 42.43878406423112, 75.15023712129143, 84.59842740973902, 47.97830244611307], [40.331922634850045, 44.157055442451295, 36.405802054607854, 0.0, 91.28841962518314, 14.81127944913583, 41.86719418608222, 76.10561972457832, 113.400983889463, 92.05477852604373, 50.83577720564631, 16.557176596996197, 79.94799265859714, 68.4366574896968, 99.74513250743696, 27.76215258647594, 91.83166127190535, 64.89863323069179, 73.93241021024502, 19.898682501561208, 56.014517068509, 23.99087257280222, 13.768132172229016, 89.38673320859235, 65.66520208177033, 69.40294890089564, 32.229798073655154, 20.457160856999007, 3.1538158979623394, 73.91311371740257, 92.23103476361946, 40.14797055712485, 50.33591744534201, 72.60828173959074, 80.32614799202084, 24.456220831548595, 58.88548418573043, 91.85507698498382, 64.57570320035138, 53.5874580579508, 66.17549317515773, 70.28350532418602, 91.69477696539929, 76.18567584269898, 87.30027297590986, 64.53329018040678, 58.791986427546284, 96.20041788758627, 106.21337219328991, 59.67842033478062, 92.60317977124409, 84.24245453829577, 106.57918024243722, 64.41896678899907, 25.145853192681336, 73.1669550851121, 48.99543847001305, 85.12901825430649, 77.57692619228587, 66.5378063752584, 70.02401532547266, 50.156733973256074, 43.42895298759551, 72.07439564305456, 19.11784903027257, 89.05881942752434, 61.93112243260229, 89.74170048274603, 15.121928244783842, 72.38718506152112, 53.4161452939067, 57.73757351817465, 78.56280674041277, 94.3455333993875, 26.928390131116274, 67.18266264215355, 57.5586513533791, 38.396021048491434, 88.12661200500382, 95.89676413201924, 81.17226480213563, 88.59567099542753, 57.60020010328835, 45.19320724894758, 111.23929445263211, 10.263898070821043, 59.99516971702907, 89.40771469325054, 49.14367459386083, 73.10525871634968, 68.6112571254903, 89.63199046517784, 63.438975825274895], [67.87580635959354, 53.64987914914402, 76.6706326490723, 91.28841962518314, 0.0, 81.74879038058549, 73.24973085909573, 30.529534714608985, 36.33751094676932, 62.681714645261636, 56.67582102083266, 76.00518328542763, 17.823347710501018, 30.086379074118728, 47.29669234204371, 68.14032599066843, 19.1550439785158, 55.062406524440014, 49.380862074207236, 71.88573894012202, 64.23028393406345, 67.56331320932186, 81.1584349230073, 49.23756785769786, 72.93882315095665, 59.6107844393622, 62.85217793076621, 79.87054338144227, 88.15855641982341, 18.435932606412564, 16.625791358715404, 51.668748805919705, 70.17655479229593, 54.861790993643375, 30.73473874364284, 77.04138820177816, 76.80294941881688, 68.93876906145162, 76.28561742741428, 48.8378046223002, 48.110557191976824, 82.12321019404091, 83.97607690774988, 51.17893150349428, 47.93930942924726, 47.78993788621315, 48.24916329407316, 8.044472177780893, 38.89825072832831, 38.07486035406804, 24.851039637569986, 52.284471323204976, 15.487129012670167, 42.81152867854348, 85.70615213236414, 22.400742157534044, 56.745087301573406, 14.851834580367923, 49.00130109878836, 70.04118898655837, 40.207454688314826, 42.92340245985006, 76.32496563704386, 22.891184076123743, 72.79924408511863, 5.042063608542089, 80.13843343574801, 73.00991241027559, 79.08872494918202, 42.533110668590645, 77.80674118168291, 34.81258473526919, 25.370296757090983, 51.359435461210715, 84.27817685576773, 24.110577914569635, 59.578781395753765, 71.57737913755574, 3.39450001831061, 25.543223494712006, 22.94162745645919, 59.04724385350265, 36.02299757406168, 47.11588688881845, 29.76400513264244, 81.03925964391004, 81.77111876651396, 91.18864968949866, 81.88175874777046, 47.92460919475942, 47.10616168495467, 23.581941058671877, 29.204824984831376], [42.871970168247394, 31.060812584932176, 21.90572802101428, 14.81127944913583, 81.74879038058549, 0.0, 27.165541065651475, 71.00696384431637, 100.83973078879478, 77.34890316125953, 50.451883232018716, 17.32440415388608, 72.58746332259555, 62.479936074013686, 85.78295267655076, 27.77673801040402, 80.02302852661964, 50.358450868057226, 59.63547010602091, 17.30531208796809, 58.023445624293444, 15.555004007701367, 19.480971763450714, 75.14970745855398, 50.96173943300679, 70.20727186145625, 19.539520446938873, 5.795815378299785, 12.531134707965212, 65.50737402353744, 84.98821924627282, 30.17440451356645, 35.56299960927271, 72.3611638733607, 75.41094781263816, 29.483386919856716, 44.40148434522599, 77.0548174369194, 50.011931674058246, 50.966780569746405, 64.44340541967689, 55.963495192266045, 77.07223482513152, 61.78489096393474, 73.11097129259896, 50.493349236580826, 56.641010460564225, 85.83638482702992, 93.02926825473847, 54.51865870165614, 86.58360323360644, 83.12011363791392, 97.22491809886462, 61.31012428143918, 12.901751294814193, 65.91517386241156, 48.43207264570053, 77.59724775878044, 76.07643608519014, 51.761384644244885, 66.66093991632528, 39.12350452908518, 28.96381256501432, 64.7368789530486, 17.21402038824485, 78.95052626477931, 47.631831885578144, 74.93507831463955, 19.154222751143614, 69.60652720632083, 39.04981791472982, 50.37478234031894, 72.5819077755704, 80.06764117965585, 14.015027463487803, 58.012866951915825, 42.88112460222918, 23.596922944092807, 78.45103327202783, 83.52184792556348, 69.14155866245538, 73.95549186506146, 50.906291307432255, 34.64460256255714, 99.25191061425616, 11.216677886378452, 45.860968552420516, 75.14892899931755, 35.24273023352331, 58.9031534817713, 66.72339506076402, 83.50882943682119, 52.88084102722955], [60.72208632381393, 21.340889270163082, 5.952759678318244, 41.86719418608222, 73.24973085909573, 27.165541065651475, 0.0, 73.35066598985087, 82.9973619570469, 51.80595045350613, 63.409050793398464, 40.094729631482615, 70.05941185927952, 64.13335578767703, 63.64233543565509, 46.12908226561263, 65.44433857030866, 26.874176754008644, 37.03589020041301, 37.38755476447201, 73.32453207456192, 29.93660579980006, 44.4081456093564, 52.16184791495512, 23.802029415923904, 82.67956676958626, 20.761903241331172, 21.420321537338417, 39.69634239690742, 61.39510187537202, 81.6216157162123, 31.346619183462526, 8.641503508755878, 83.0496644639138, 77.67464636394595, 51.92689677479295, 17.52775691334132, 50.66554738334348, 22.94284532108603, 60.44489365152469, 73.52646459876928, 29.301773164161983, 49.91793592404048, 38.49492141142963, 50.413046102570476, 30.097391848627236, 66.01104667947227, 74.92329706020102, 73.47095633999676, 58.942276260176506, 85.70134443133594, 91.5677615702324, 88.18704072287947, 68.4523597698186, 19.410535528618034, 64.38534526415553, 61.447812071403824, 74.20303645826785, 84.42893226450978, 24.74959624720403, 72.71665513959896, 33.47841081330524, 3.6856253751983132, 63.16754952456083, 37.96489695227598, 69.21303419445215, 21.166961569288, 48.09479734237069, 43.301092846163996, 76.37266924156474, 12.692997454833842, 51.092998806185236, 72.99440863304947, 56.7498147835637, 17.23256989756279, 53.097773619818014, 18.86998836230844, 4.368240611524402, 69.87324283072822, 66.9935181677629, 54.72297872721378, 48.894407863074186, 52.94140562493983, 32.1627278801393, 83.1656748221847, 36.90817192883396, 19.946265641697558, 48.4476090121769, 11.551720541196293, 36.85693943495633, 75.30436079715533, 82.6454955432631, 45.12871628585225], [43.1128445768968, 52.094287553685646, 74.52970056443398, 76.10561972457832, 30.529534714608985, 71.00696384431637, 73.35066598985087, 0.0, 66.6317248399452, 83.04208269780005, 30.387105170207874, 59.56472372841978, 12.896833650942568, 9.218199688404269, 72.74769966964011, 49.010296383682956, 46.42488475752661, 65.73041280903428, 64.58460146556699, 56.40360367751339, 35.40929827619975, 55.45216552485803, 63.47855931943493, 70.82768180470508, 82.38652295581582, 29.118034541839698, 56.00843941472701, 71.32136573651385, 73.2649348803593, 18.391609162368585, 19.835298464474814, 43.329376876008745, 73.85991937265729, 24.3482962460072, 4.443625734125573, 56.14662735729942, 83.2922191280927, 88.17623376846532, 84.91910986228481, 23.964228366340752, 18.19104477641988, 91.93895098977775, 100.50188211987614, 67.21476484738136, 68.93784991323828, 58.370994229343445, 20.803692964519605, 38.56591740193071, 67.55249359295055, 16.555762695606283, 16.99016875650382, 23.82659744474132, 40.31903867929287, 14.35006091568949, 79.1533288117135, 12.125925638185445, 31.224902028053403, 16.088109442421093, 19.02201506082632, 80.15688600203158, 10.127931984810877, 40.13232394063469, 76.98086479528686, 12.89473550938041, 57.09123650447504, 32.88783968562608, 87.32299237270807, 90.86169308976703, 61.62589042448866, 12.009526312495984, 82.1646865709246, 22.301965021559145, 5.196386462870073, 74.36692411479007, 78.41369377837036, 24.007062494479918, 66.69114840737643, 70.15804123869536, 29.679957089731936, 53.355793664152934, 43.65351032746092, 78.81940952762568, 20.781835959934366, 41.29126266307609, 60.27203799358353, 66.26583251612615, 88.05324040448018, 105.65738489362275, 84.2663031119919, 62.85641250774594, 16.81522926871469, 14.358330281098793, 32.53697692510456], [99.32706067387618, 69.78052388846571, 88.16010894067405, 113.400983889463, 36.33751094676932, 100.83973078879478, 82.9973619570469, 66.6317248399452, 0.0, 47.06056179950919, 89.77328212368832, 100.63786720816456, 53.747393483832575, 64.58791935084197, 25.987772697061992, 95.65443845740045, 22.881293888702892, 57.15476825490652, 47.32064955513549, 96.21770251874209, 98.58303313749374, 89.78047196479937, 106.29685488378126, 36.00672532299542, 71.62280376375737, 95.48461525039882, 81.4667857694772, 97.17971748836132, 110.29025297300716, 51.28718746231062, 51.710408820888084, 74.06775751214929, 76.58238705365753, 90.96360772389332, 67.06767489663461, 105.0665292924649, 78.47310885056443, 53.76688423683698, 75.33518722010218, 81.79567020048327, 83.57652240487128, 78.51620410313681, 70.40387130843088, 47.03748877285114, 36.51665108364937, 52.90329527398868, 82.46547050522447, 28.364874293157822, 11.557656141487454, 71.04502763781612, 59.88358985066228, 88.56113238085612, 34.546527063343675, 77.7776250857638, 100.31494823485941, 56.91755946142546, 89.40044043011513, 51.1893367413107, 85.31170359988272, 68.49515043246139, 75.93145535910891, 63.71678819588928, 84.89045215971771, 57.01183679952384, 97.20214741514211, 33.82233490390536, 80.30816533029378, 59.29644184021914, 104.23966235482263, 78.55700745986995, 81.87135787643165, 64.77755678477399, 61.54823959818631, 34.193345128118175, 98.39132926712178, 52.674682534990126, 64.68303513751911, 83.25270255422684, 36.960111638863246, 17.57418168240588, 32.51129520163757, 45.58406252402254, 66.89326195837762, 68.86180892353016, 7.583768127392294, 103.76199509273873, 82.78057864602816, 79.64996032346386, 87.53127209809058, 46.9457702121261, 82.83916385489393, 59.25913537628676, 51.966826932677485], [96.12800512029, 51.348652834086295, 57.75863120086631, 92.05477852604373, 62.681714645261636, 77.34890316125953, 51.80595045350613, 83.04208269780005, 47.06056179950919, 0.0, 91.95827509448588, 85.13357065529544, 72.45908739009992, 76.07766484655384, 21.07742108094285, 85.77093291046893, 44.45010516590816, 27.538011801784606, 20.94414906538044, 81.12345483755041, 102.69400503403918, 73.01009911049377, 90.58623020902358, 13.512407763118393, 31.248581555733786, 106.00188260096411, 61.981772769017624, 72.04329589503259, 89.42741344037397, 64.76663061241632, 78.40606826385296, 62.344882844235016, 43.287891487788244, 103.53994930524085, 85.86247566374809, 94.34992405842505, 39.47925466957902, 6.810068674635769, 34.446652853104894, 85.28768419087223, 93.83564624126959, 34.803837879883794, 23.438183914416634, 18.047682692816196, 14.761548988470796, 30.674388217720516, 88.89976459783693, 58.439284155543184, 35.51843064715944, 77.28822707770388, 85.96979161675556, 106.69947867551926, 71.52798247706195, 87.33338720839606, 71.21203982742811, 70.91820335896628, 90.62736433712084, 73.42827904399014, 100.91429420180728, 28.76576975636883, 88.614254998711, 54.39276933436001, 51.85001357378562, 70.1745560041535, 82.01426444463783, 57.6976149060193, 39.49184247067512, 12.235913912036741, 88.89575580052608, 92.33400359165614, 44.59025872127522, 67.82989561677948, 79.51922953234659, 13.06008861013932, 69.03137000800936, 59.6556525176667, 34.49946863526317, 54.31005567660988, 60.54255522029434, 40.132973698665126, 40.72761651692476, 4.367730403789113, 70.60974727882758, 58.35080227166223, 51.62439136656626, 84.82076717965168, 42.30210854736977, 32.58983331918985, 50.74322997075163, 22.504409346782502, 94.37756984175118, 83.81257328210442, 52.37219938873758], [12.901459967578441, 45.82588354205189, 62.11937208988501, 50.83577720564631, 56.67582102083266, 50.451883232018716, 63.409050793398464, 30.387105170207874, 89.77328212368832, 91.95827509448588, 0.0, 34.93541968330711, 39.84986096551399, 26.743507006808823, 88.25268917996574, 23.357336566005184, 67.21376151977086, 67.75164510145521, 71.13602671881671, 33.338665157736465, 10.817285573586904, 36.399287936592394, 37.16211219108148, 82.48143149104558, 80.34595400435946, 19.891926975555766, 42.7332834544971, 52.92592547920864, 48.49295582514102, 38.882804232542924, 49.91240439176111, 33.29884549589149, 67.42918480819732, 22.01301479478681, 33.65256915954358, 27.739360731982174, 78.18128657906773, 95.37288764699797, 81.72423397640986, 7.982636322648534, 15.691551521054055, 89.07610257266177, 103.6837394392658, 74.0518715119457, 80.26752734415841, 62.04451502771847, 9.63726620859828, 64.09102854643211, 87.49664579819428, 18.817213117562908, 47.160271538422016, 33.41124059822288, 69.2766456214066, 16.160839999709232, 61.651197126881335, 34.290254851110475, 2.042642409336245, 44.63662989020622, 26.78613757756719, 79.09823707522453, 21.45809993088008, 38.06912596128503, 66.9894889051563, 33.793216313298785, 33.6478748370834, 57.10317859027622, 82.37448931266852, 96.32987453820107, 35.71489138569772, 22.710759664587336, 75.09013157878138, 25.814275257256114, 34.689642061236114, 87.03869445628877, 61.687314590122476, 37.463712754231345, 65.06357263224538, 59.25894829856034, 54.60077665453976, 73.64626699084721, 60.08287287084164, 87.6060796946803, 23.305329269581197, 35.26656553070007, 84.66253920914043, 42.3672860493406, 82.11508551884934, 106.24809509039497, 74.93953013092226, 69.50718804599346, 18.1663135164116, 44.70236650607587, 41.284164685589104], [25.882768094628844, 34.19059546415386, 36.126997802429294, 16.557176596996197, 76.00518328542763, 17.32440415388608, 40.094729631482615, 59.56472372841978, 100.63786720816456, 85.13357065529544, 34.93541968330711, 0.0, 63.79434470323765, 52.01160879871118, 89.69810034580591, 11.579085237083522, 78.38054741853925, 57.61433029575071, 65.37680906149542, 4.427956499528753, 41.36974431274717, 12.140236619484133, 5.7301083400048185, 80.29575763108497, 62.81368458483616, 54.17122147017388, 23.182791194269456, 21.751071109565974, 13.835801169792214, 58.20027964696753, 75.98921026919083, 26.58688111189498, 47.37564675399362, 56.9177425558595, 63.77376907483206, 12.358392488816516, 57.53904839240285, 86.10587963703648, 62.663261580707335, 37.12549568042466, 49.958097898805576, 69.3372883546147, 88.9087207282275, 67.95583534778083, 78.09404443789121, 55.47416736646888, 42.43912236002969, 81.41383524489866, 94.463108374466, 43.17698720034403, 76.1233049644026, 68.2800308970679, 91.09518516623301, 47.93260173093514, 30.07478411323379, 57.02239599901646, 33.00991375743273, 69.00047738159653, 61.47272637596999, 62.902536919521125, 53.52262364417944, 36.94902482995859, 42.82196363211819, 55.964628997572845, 3.4415475412653476, 74.15633780995593, 61.261295579782896, 84.96417938867329, 3.8038273449900557, 55.971066150080645, 52.75501915807047, 41.789002163259894, 62.10714100204079, 85.30950599667698, 30.886971219829157, 51.95668726825404, 51.36152242727323, 35.839678183122544, 72.95146192366998, 83.06665709731581, 68.13046859738897, 81.26774306868933, 41.4258102818068, 31.79189054657185, 97.7907707280142, 7.455523734019669, 59.95092348365367, 88.38419677855634, 50.118448142288486, 64.25709625774127, 52.36573771714132, 73.171316547399, 49.28978015207859], [51.77372468120144, 48.869116142993654, 72.229748082372, 79.94799265859714, 17.823347710501018, 72.58746332259555, 70.05941185927952, 12.896833650942568, 53.747393483832575, 72.45908739009992, 39.84986096551399, 63.79434470323765, 0.0, 13.190799663494515, 60.667198156451185, 54.478899896566915, 33.738087115994574, 58.070026251017346, 55.32554717655063, 60.06742908391636, 46.687757102362255, 57.36232138800827, 68.42604102205237, 59.73647260661357, 75.52964070007569, 41.833848135214325, 55.36093815565592, 71.86345042603027, 76.92403680800214, 8.954277570949154, 12.402768421202845, 42.88685770100776, 69.09011835211808, 37.21647556550457, 14.07302013562598, 62.72607834365286, 77.58557720077397, 77.99598445318739, 78.41132008140933, 32.31167163225972, 30.297693338858927, 85.08568448371341, 91.3337153714264, 57.745424705855676, 57.98657064178072, 50.51611703262941, 30.931403680904808, 25.809459531923896, 54.7949637364207, 22.096043032358814, 15.780005516161964, 35.9635587480092, 29.445615575150168, 25.175047375478457, 78.91041483690645, 6.781050806718249, 40.18520960853928, 5.2195490174485455, 31.80035142459267, 73.01237628294678, 22.38555488545166, 36.79627659506087, 73.52990808900002, 7.894565551152716, 60.88800500193112, 19.991991824172207, 81.40975637840657, 81.15662231272864, 66.42945583900236, 24.818361861917783, 77.2849459465223, 22.32405363483866, 7.9462528044874645, 62.92661234581288, 77.84492666525803, 17.078821582376797, 60.387445181168765, 67.44810034540374, 16.78858528098075, 40.65943597628083, 32.10315925235827, 68.36733796752137, 22.3710782193936, 39.48763476666035, 47.465053840993285, 69.75604690625227, 82.50376563470678, 97.2516978120769, 80.22661335941764, 53.64232055611727, 29.288719985871264, 12.841531713135643, 25.6615522317949], [38.585149419510245, 42.88677172309631, 65.3343620970653, 68.4366574896968, 30.086379074118728, 62.479936074013686, 64.13335578767703, 9.218199688404269, 64.58791935084197, 76.07766484655384, 26.743507006808823, 52.01160879871118, 13.190799663494515, 0.0, 67.51816896808442, 42.06167708860378, 42.910137154705716, 57.296879096783364, 56.88631739073251, 48.573187345528346, 34.2421753826313, 46.95870952134777, 56.30903854137131, 64.40791875303455, 73.6219839547987, 31.659150691286072, 46.94048021840825, 62.522587091347944, 65.50549686604873, 13.46584579911417, 24.383748606503897, 34.23748916257403, 64.73088588798089, 28.07677611476576, 13.585046730430141, 49.9451673637982, 74.27613710772253, 80.88011629870707, 76.06019256098836, 19.125086130341924, 19.31897375049003, 83.14658275193425, 92.54589709010028, 59.61187657165568, 62.404910256529625, 50.07181774024509, 18.178801273707478, 37.732103648450746, 63.96459037128654, 9.129591689727825, 24.232825891768606, 30.89957075221771, 42.62698815000358, 13.214833480108688, 70.21101146239592, 7.7582749339912755, 27.011969058137957, 18.191450147638058, 24.84024276263546, 71.4804801900303, 12.673539560731502, 30.962274040654776, 67.76507726568143, 7.57737095369559, 49.32370323847891, 31.04722865650379, 78.3351631554414, 83.24314192684614, 54.3718961491476, 16.282072980436734, 73.03500655727834, 13.09608319336621, 10.162211726883154, 68.27646404294389, 69.41310795912187, 16.422172118466367, 57.8482100957239, 60.94417337185671, 28.27250816956173, 49.731136462932646, 38.198208987269965, 71.7811866237706, 11.742795029281918, 32.07984933963877, 58.89196555879526, 58.407577630578736, 79.0028872562206, 97.33771781177589, 75.06740180745003, 55.150552016078265, 19.096195476530628, 21.218160071257184, 24.360384879979048], [95.05373518311731, 55.88108903183373, 69.35239140102013, 99.74513250743696, 47.29669234204371, 85.78295267655076, 63.64233543565509, 72.74769966964011, 25.987772697061992, 21.07742108094285, 88.25268917996574, 89.69810034580591, 60.667198156451185, 67.51816896808442, 0.0, 87.5692062621706, 28.141976510653542, 36.77038863749497, 26.6629604119284, 85.3545730161907, 98.44786770273997, 77.80317415135669, 95.40801283066608, 11.761088189983093, 48.00354620162643, 99.00799614901261, 67.723084553803, 81.1955210074217, 96.81316867566417, 54.5893952467011, 63.85325790666054, 64.00156278601054, 56.02823457023874, 95.58898768077312, 74.7091117765029, 96.81610380207935, 55.5939510141701, 27.782103197632516, 51.62712049069773, 80.73202727342934, 86.58708897690117, 53.80149329367597, 44.42792791325866, 25.194607962252793, 13.261660125158832, 35.28960352809756, 83.1591783343297, 41.43610503266454, 14.464670170960934, 71.11254727118187, 71.95228383846494, 96.48106351515193, 53.209946861215094, 80.14926956790868, 82.47234515311881, 60.972169414668684, 87.31496306491246, 60.30324358238671, 91.60115295508007, 45.00397171752688, 80.12639856104424, 54.21318453391129, 64.762332811613, 60.53485475266794, 86.32198380121987, 42.721919428755875, 56.743665658770915, 33.31268709884015, 93.48885844556332, 83.51806753396825, 59.79631481618256, 62.55170685483326, 68.41664703082326, 8.454925893319588, 80.37607750378827, 51.89611614592067, 44.78072574483817, 64.9499280238579, 45.961098550267415, 22.13058990896017, 29.323443689405618, 19.904469349383408, 65.20458429093958, 59.10926681190406, 30.886370466379564, 91.11278113256431, 59.40323814103042, 53.666752198843945, 65.81774964965093, 27.081445434722482, 86.5925208703469, 70.29717816179482, 46.978124681782226], [15.316079089661544, 34.62196545763433, 43.28322451635245, 27.76215258647594, 68.14032599066843, 27.77673801040402, 46.12908226561263, 49.010296383682956, 95.65443845740045, 85.77093291046893, 23.357336566005184, 11.579085237083522, 54.478899896566915, 42.06167708860378, 87.5692062621706, 0.0, 72.92168297911192, 58.78635190640048, 65.17714381168324, 10.490464552058855, 30.24798517540772, 16.254287648366756, 14.511604611394706, 79.2157554041643, 67.02256178992414, 42.71112638236918, 26.236474859253132, 31.153578575332713, 25.253470056657147, 49.85878727969506, 66.37629213196757, 23.74259635088198, 52.210087983285135, 45.34850722304261, 53.088029440026645, 9.429326793822655, 62.89394013098175, 87.63440900717767, 67.4816321232104, 25.888958460386423, 38.45095590326324, 74.54987277513573, 92.49889486780555, 67.95292541216027, 76.96187716994865, 55.21901359577817, 31.030050249654117, 74.21012167782578, 90.61425472605148, 32.996275154068435, 65.82323815520498, 56.70827564364976, 82.78289726801248, 36.734610507034795, 39.868263062266756, 47.80383131040087, 21.431602963534242, 59.69422105163102, 49.926470892652056, 66.58322070595601, 42.35745299944002, 33.382521360463215, 49.33041626659623, 46.84130007520829, 10.580572040412452, 66.88147284493614, 66.88629443099573, 87.23786834039643, 12.764672616125493, 44.63544675378215, 58.71328525291249, 33.34020301293528, 51.96473525861263, 84.1728314296206, 40.29315082891621, 44.612024160740745, 53.69884973842476, 41.7613716804424, 65.2896508246528, 78.2434949682668, 63.35945650805311, 81.66109704000526, 32.421083186649724, 28.468088544207255, 92.07652956664303, 19.0126007214479, 65.98492694767653, 93.12986573212551, 57.09356007155282, 63.838877992401144, 40.87475740647475, 62.95491814767931, 43.68768421765669], [76.48784310949867, 49.29203201804475, 69.96247177638857, 91.83166127190535, 19.1550439785158, 80.02302852661964, 65.44433857030866, 46.42488475752661, 22.881293888702892, 44.45010516590816, 67.21376151977086, 78.38054741853925, 33.738087115994574, 42.910137154705716, 28.141976510653542, 72.92168297911192, 0.0, 42.499815694869845, 34.572510654848784, 73.98509629212354, 76.36470087336326, 67.94847786466812, 83.97963812402877, 30.94251864702357, 59.59442034349826, 74.41783897971935, 60.48524329209025, 76.89848424723357, 88.69057597119162, 29.444292434069325, 35.726387790756625, 51.957099464626104, 60.439199936440716, 70.32824943651842, 47.75418806926458, 82.31370800761407, 64.90658316531004, 50.96815188737329, 63.200274286392506, 59.26237536990241, 62.19482052261969, 68.09756650859073, 66.71326746701548, 35.667756660841874, 29.955432691391817, 36.311720978188674, 60.32973139049602, 13.9894216462847, 21.16149782001787, 48.6363193118718, 43.868622231923226, 69.66405170509984, 27.43946476195275, 56.09913234276983, 81.0698173029658, 35.52033458033109, 66.74975058312286, 32.612163140483716, 65.44366481561534, 56.50203936472766, 54.93530864750518, 41.7179073255217, 67.9310355159564, 35.400976586470335, 74.96359007219658, 14.659862383169108, 67.6501856469568, 55.47579902821488, 81.90710473387323, 57.94182083208832, 67.08814287598611, 41.96087861839814, 41.67419168484724, 32.52809003736184, 79.30929876975696, 29.889977381215022, 48.75967339197622, 64.86030497131978, 17.966528928989973, 6.93091136244771, 10.975016887225225, 41.144568687838756, 44.145923572466984, 46.785310334206805, 19.43455963669586, 81.95522687043422, 69.70263814679821, 74.61819694097873, 72.06447806024302, 33.46716973784166, 61.74190652291402, 42.33319549345147, 29.282417420907155], [70.18432068863967, 24.165738254914423, 32.59491755591303, 64.89863323069179, 55.062406524440014, 50.358450868057226, 26.874176754008644, 65.73041280903428, 57.15476825490652, 27.538011801784606, 67.75164510145521, 57.61433029575071, 58.070026251017346, 57.296879096783364, 36.77038863749497, 58.78635190640048, 42.499815694869845, 0.0, 10.19463349229645, 53.643881409686294, 78.56266742297264, 45.50477795106687, 63.05032334001012, 25.368699588720048, 17.89923485544302, 84.00755946271381, 34.448531467174014, 45.3161157630792, 62.17731635561396, 49.22044828804529, 67.45037034541892, 35.96180094096699, 19.561084949029876, 82.5347956790447, 69.4126071558029, 67.10162309855716, 22.407536755430616, 28.848349235326392, 21.22863103812559, 61.99575625229739, 72.54839271876675, 27.26245801922447, 36.10151973431587, 11.695080878957548, 23.558525142016205, 7.565759853942188, 66.44806805330471, 54.39078597908311, 47.042767100075515, 55.90349891110245, 73.5144061303584, 87.97914852987628, 68.35837731413929, 66.30915084092632, 45.812975294442126, 54.2991287753094, 66.18394794829454, 60.81274090749195, 81.42726701436727, 15.106036223872326, 68.8590559233245, 29.757741884330052, 28.15417767173425, 53.260717935596304, 54.52353614140976, 50.282144333500895, 25.30225504823154, 28.808799405379727, 61.36915748888246, 72.72420995015098, 24.9195448609906, 46.34601160797854, 63.51115430661987, 30.08748285590756, 43.691680955759544, 41.905815852308145, 8.011508312235295, 28.320142896109104, 51.971833499182935, 42.42816023322555, 33.04445973796062, 23.803122165811704, 48.998274720919525, 32.70042761901503, 58.280453973994824, 57.349669432093656, 27.23271796093426, 40.06393568706076, 30.402039483234837, 10.2413960644315, 73.5923242014669, 70.77353279036129, 33.21118134181559], [75.20030976721361, 31.21090632954073, 42.70224870834944, 73.93241021024502, 49.380862074207236, 59.63547010602091, 37.03589020041301, 64.58460146556699, 47.32064955513549, 20.94414906538044, 71.13602671881671, 65.37680906149542, 55.32554717655063, 56.88631739073251, 26.6629604119284, 65.17714381168324, 34.572510654848784, 10.19463349229645, 0.0, 61.210052269190264, 81.90451168186473, 53.25136025186717, 70.96873559399661, 15.529732314856115, 25.179282836792524, 85.7885004643937, 42.530888985463314, 54.823655791414254, 71.10473517169466, 46.891586486101694, 63.314312457714756, 41.5792273303647, 29.71755696113077, 83.66303627975988, 67.84996606503934, 73.95597084413318, 31.309595289258706, 24.407966349945365, 28.85063263748903, 64.63183796966689, 73.81135995237916, 33.52686209022267, 36.034876987555165, 2.9161555049239047, 13.565143481453214, 9.980917904762086, 68.47825633714918, 47.47508868985827, 36.964836419126094, 57.126873632457965, 70.09893057389215, 87.7759681086316, 61.459249638077694, 67.36483380753944, 55.81405149711638, 52.631066202015106, 69.76580438243018, 57.28758622645698, 81.62587527013663, 22.048150178915122, 69.13618071970764, 33.449602428675064, 38.34513683331037, 51.735796344646204, 62.13611198007959, 44.39871424803197, 33.54778820326666, 26.357563565452015, 69.17456050878758, 72.94133865590278, 34.55226691372203, 47.55385428795054, 61.65334174374837, 20.432754265708677, 53.71436385597188, 40.64010632296211, 18.168122081425413, 38.29218132113536, 46.5707224804215, 33.471805670129754, 26.506828800643394, 16.66263821229913, 50.32138851971351, 37.449393888762664, 48.92431438888918, 65.85567539556871, 35.83289276509103, 42.172901100454716, 40.27032884184019, 1.7358372267364508, 74.53723801659933, 67.58329787069192, 32.614412367148375], [25.722768485640366, 29.999966504020655, 33.88115628884239, 19.898682501561208, 71.88573894012202, 17.30531208796809, 37.38755476447201, 56.40360367751339, 96.21770251874209, 81.12345483755041, 33.338665157736465, 4.427956499528753, 60.06742908391636, 48.573187345528346, 85.3545730161907, 10.490464552058855, 73.98509629212354, 53.643881409686294, 61.210052269190264, 0.0, 40.72404116109348, 8.189791262952866, 10.144530211918532, 76.0424354235539, 59.577826376756356, 52.97892962290704, 19.341330368121387, 20.763306770962775, 16.93323502885802, 54.219989847948135, 72.336004866785, 22.16093949190704, 44.27678360179656, 55.33258841463937, 60.68126952666782, 14.549471131247895, 54.65865687490033, 82.25967603431499, 59.61697345365584, 34.65478544329074, 47.84324358431141, 66.44030832234425, 85.5502023444424, 63.820840804483765, 73.83280049955808, 51.279218693619356, 40.16022547124441, 77.1797525388216, 90.03929389540923, 39.901575301725124, 72.77126423919889, 66.38426924559406, 87.04575281987644, 45.338063869200276, 29.43256589231024, 53.286788572357246, 31.34347971381753, 65.25622634195167, 59.44734385647021, 59.51543919809375, 50.86463032769413, 32.52291129547587, 40.32508070273193, 52.20299641298197, 0.9864140701368561, 69.94141415470935, 58.48951261129142, 81.27325791188134, 8.154318483240361, 53.50976804474326, 50.080237545666826, 37.91339277518364, 58.71494249170736, 81.05479513439973, 29.9435391176178, 47.800461475812035, 47.601910985749036, 33.05784842661369, 68.80033165256272, 78.64563964243067, 63.71223488865754, 77.21280153240755, 37.70884144817545, 27.366552676243824, 93.40127327362539, 9.862642587694001, 57.329496936336504, 85.36755131347526, 47.85832898079221, 60.05986574767702, 50.19937332912795, 69.78351429596529, 44.933216682854386], [15.693990915563726, 56.43326737550421, 71.62954062729064, 56.014517068509, 64.23028393406345, 58.023445624293444, 73.32453207456192, 35.40929827619975, 98.58303313749374, 102.69400503403918, 10.817285573586904, 41.36974431274717, 46.687757102362255, 34.2421753826313, 98.44786770273997, 30.24798517540772, 76.36470087336326, 78.56266742297264, 81.90451168186473, 40.72404116109348, 0.0, 45.13593834508063, 42.3019567209219, 93.02299289213606, 90.95504869769877, 13.867567553337521, 52.564489186284426, 61.17049500250629, 54.08672329001441, 47.30776365423361, 55.21716372341133, 43.853180603733804, 77.75083742950463, 18.401219863424586, 37.68285416167943, 31.651782882302243, 88.54448018732742, 106.16840185608103, 92.239684