instance_id,num_cities,city_coordinates,distance_matrix,best_route,total_distance
1947,94,"[[44.19150407393462, 37.47084370877312], [0.39267001268933344, 65.81132980403649], [84.80456436917983, 29.384463288997477], [34.88469701411263, 32.73749283537065], [65.48226929714863, 17.548311641843494], [87.72547447908504, 60.49779309569902], [81.14503592711013, 6.796419638052087], [82.1396546379617, 16.102445112798158], [17.296387470012053, 92.96880328912687], [48.16072809544981, 22.555450029973578], [77.94286829160802, 98.54947910364659], [48.70345168466507, 4.840119361900507], [24.96007394655797, 6.334895432709797], [87.83944503387085, 65.35272109969351], [45.76905012946432, 71.8982688462489], [64.27495421895487, 79.64198326141802], [74.66056151133029, 45.28058202763997], [11.847641520410345, 47.51480957686653], [4.1928756964576985, 33.84442578918819], [71.70390291216975, 98.7047179737945], [57.91261204800696, 47.92401824407263], [38.34455530496707, 86.11598275433938], [26.89770654724728, 11.717326775755465], [90.6388600696696, 1.6064090786705787], [12.971122398146129, 47.24739984914142], [2.342660165130217, 29.309310630665596], [57.68382948341264, 18.18531027697429], [29.040820802214306, 8.385237873610741], [87.57735895456423, 52.15931706056275], [21.232004791188775, 97.6547633007923], [21.316160228151638, 6.032586019372854], [69.33751242081236, 21.079006282703617], [76.7906203612381, 13.197020976726249], [15.022605482351537, 83.49947174122482], [60.81667840236275, 79.03854467737754], [21.106360022181725, 78.64246551700288], [79.80927184898631, 52.83708804162719], [42.08682350466998, 35.81638341992653], [48.58620114493751, 37.766233126447815], [98.74649630561862, 19.624938539447612], [55.52977125354141, 98.46643010358376], [94.53679565905733, 52.93571901829948], [57.49716602696983, 64.94377345489468], [91.49100263342744, 14.29873941330987], [98.55169223571824, 66.38167632714408], [83.56113790265007, 28.970883156748208], [96.14014444196745, 65.59728377095168], [26.756932589363945, 76.23234346034985], [71.65202302114702, 20.58500579735123], [66.15487557805699, 17.477947521395155], [14.612508761633048, 53.725242278591246], [84.41416388665866, 86.26860560961224], [1.7570495730234503, 13.794105402002588], [96.56219706138761, 63.63833068902274], [8.15309379561736, 79.81697858161417], [31.037927359458372, 78.01509651787049], [33.28406527252364, 77.67898297674668], [8.187749471699558, 53.930640991896276], [33.98216408161488, 76.74939141086492], [13.959309808797048, 61.18581337488593], [36.655687111556254, 18.994469218843314], [2.3720864582155943, 88.45057612745296], [31.865119127027175, 72.78416841317058], [7.694848047033687, 89.72927006166418], [39.827891934054094, 71.23092626864778], [73.22458284416146, 11.55746703613094], [8.375313675674844, 52.80460266371257], [42.59096804274769, 1.416600467413276], [50.49828060131878, 27.834636919739562], [60.55861466611007, 3.613227659913565], [59.01122126393984, 8.466549060715922], [5.272815455102753, 40.22446531742473], [9.243482425483517, 2.177029873942493], [58.42990345938195, 7.448637046443196], [51.457947594662656, 46.70259215099851], [44.65544591178228, 0.5488902900888548], [13.816029644360771, 80.6558225368362], [1.0928576639765208, 12.3227789567818], [34.613157610669965, 44.30959934231433], [54.2664558649667, 89.820853257011], [45.905566722314816, 97.43426831848102], [10.367223413801208, 29.944582251997765], [27.471137088997423, 11.350951502884566], [29.195209683265876, 6.158345223533623], [79.02608614840268, 24.467602797139087], [17.85458111951256, 23.44778811671975], [57.82985618265069, 31.922082570285937], [90.11483116397326, 43.4208653911082], [51.27625816173749, 48.43196552377063], [53.76546824360477, 35.722146518723406], [61.59869580796119, 4.471333916546172], [72.99890771320484, 58.00827022795561], [17.815481663964782, 75.0582303624319], [38.10032340538212, 12.42586777089587]]","[[0.0, 52.1681992907587, 41.410267022062946, 10.441325018382111, 29.158257282421022, 49.248827166792104, 48.02586603585704, 43.55078173565354, 61.671474886864594, 15.434497333134841, 69.78362478586172, 32.94118763256056, 36.59638205880276, 51.79326053536692, 34.46354963078842, 46.70920659673172, 31.4540215828198, 33.867487288558856, 40.16268391189748, 67.13061482914163, 17.249280040094018, 48.99526877841785, 31.021267983647668, 58.682318890202666, 32.715337105823664, 42.6372649062826, 23.53666596407139, 32.795055578523076, 45.8048431187062, 64.41461623554888, 38.879884292625356, 30.016896408255434, 40.64382920862613, 54.49274487118314, 44.76907621635657, 47.201973668588074, 38.7910665769128, 2.677110222984935, 4.404613178697492, 57.39968213075453, 62.040453433892296, 52.666979722879745, 30.52544035462519, 52.670570354414146, 61.57001136650847, 40.276760013599855, 59.0741725854754, 42.501978140341755, 32.23680540656943, 29.70026238583368, 33.75088793723306, 63.23831061106164, 48.59290962308385, 58.54422993641296, 55.605414790802236, 42.62455883914356, 41.661333207175254, 39.58781721766775, 40.5836781559321, 38.42376030986124, 19.95407105286032, 65.93782531444381, 37.402816304892795, 63.741266272537, 34.04092074778333, 38.91558496870415, 38.96053975925618, 36.08975161031549, 11.516592874951352, 37.60612282127066, 32.57104735225835, 39.01598077420618, 49.669080041292176, 33.22747221705488, 11.748462909694252, 36.92486812813819, 52.797839380053716, 49.89908298897828, 11.769167327624588, 53.310675790991596, 59.98791796425923, 34.651501752322616, 31.01321397337295, 34.718315149784104, 37.1824203422645, 29.83755349965849, 14.723905677954665, 46.307177942938125, 13.051434094683, 9.73235489409504, 37.30922098613753, 35.37869970005483, 45.91847333724062, 25.775051923629523], [52.1681992907587, 0.0, 91.93630682682323, 47.78680381126991, 81.03070317562137, 87.49429929039123, 100.01851939853798, 95.67414861168791, 31.988498401306426, 64.44267613954408, 84.1773109137086, 77.79087432685493, 64.35063000139621, 87.44797758409759, 45.78282100750959, 65.36232256023544, 77.05343153884787, 21.586547307662233, 32.1919945876839, 78.53194842183858, 60.23702886588545, 43.04212504826465, 60.23851031791813, 110.75489454263918, 22.42402639544143, 36.55406769879042, 74.5017764183644, 64.17532686368703, 88.24708175253986, 38.05630211768724, 63.334750739771664, 82.18498684247695, 92.76266657893626, 22.954419553467275, 61.8548300715543, 24.365857208272118, 80.46942025722798, 51.36243027737758, 55.7596977273933, 108.65844598790008, 64.08163160233566, 95.02051224248852, 57.11108578081766, 104.653968749596, 98.16067918946722, 90.96269873049681, 95.74771368178745, 28.349106984822555, 84.39973799924773, 81.61362339524952, 18.662189735362897, 86.47607510866146, 52.03511474068457, 96.19407392310691, 16.011944759194556, 32.98581088673408, 34.96691398974735, 14.209645682535394, 35.32556161650029, 14.333496349239963, 59.218450200643794, 22.725614701414482, 32.23562519206997, 25.007792189889706, 39.80588843156895, 90.81833048415876, 15.26098131684334, 76.98946371400822, 62.871308359915524, 86.53637851429441, 82.00340498598209, 26.04809885184219, 64.24687547234987, 82.30749888110516, 54.52344843474795, 78.85670131070027, 20.013634060193308, 53.4931335265225, 40.41492526644206, 58.98170918594996, 55.42051973041553, 37.22788330691537, 60.820853199435476, 66.24247021991894, 88.83984407906804, 45.821261481932375, 66.68966511531654, 92.47377519212445, 53.769711229540135, 61.27001339787004, 86.65317472042679, 73.02433492864982, 19.724592157321602, 65.35957987070721], [41.410267022062946, 91.93630682682323, 0.0, 50.03234917417285, 22.6593374277596, 31.250136120195208, 22.882566822700017, 13.546724722545674, 92.73792234841896, 37.274738885039234, 69.50454866914558, 43.65449754460191, 64.12991199358447, 36.09606724541624, 57.716505740722155, 54.28888658554777, 18.85702481657912, 75.1759406198509, 80.7349714570519, 70.54732482650432, 32.6633157774358, 73.32801472215922, 60.5419845676291, 28.38413821190655, 74.0211313609674, 82.46193844968666, 29.34203961776989, 59.586597189707966, 22.943024084216056, 93.28614149485279, 67.64678582453224, 17.555919573092538, 18.062574212319078, 88.30603561403734, 55.14477737447936, 80.52212131163779, 23.978710456360268, 43.19924746032117, 37.175582043206006, 17.018395619369304, 75.02887211557315, 25.48289568135166, 44.834791665564964, 16.501136976435465, 39.46868755315993, 1.3104037177366348, 37.94553653389053, 74.59391015219997, 15.824657849666199, 22.126364584583154, 74.29265234350694, 56.88548197992795, 84.49821875555955, 36.215595513305956, 91.75449057037878, 72.49682574827892, 70.61672931422798, 80.45278842188777, 69.47195683856293, 77.65549536903795, 49.257145247644424, 101.40965979820051, 68.45523550037686, 97.91529020389171, 61.43311425643211, 21.25788718380743, 79.93705830152692, 50.637822481006395, 34.34127353107123, 35.38393226951398, 33.20927105804003, 80.26708372245815, 80.31015837076053, 34.30456545491217, 37.57544993193539, 49.43118431801456, 87.56782709133405, 85.43272740437446, 52.3635082725385, 67.71361239352763, 78.38308479819821, 74.43944829027146, 60.10265743735328, 60.26485616820675, 7.587247698895413, 67.21268012236878, 27.093807288108646, 15.007315462934205, 38.56105105574412, 31.679515731984253, 34.04667899823787, 30.962814031633403, 81.07792671476304, 49.68782633554275], [10.441325018382111, 47.78680381126991, 50.03234917417285, 0.0, 34.160249632363815, 59.68904450270856, 53.03732869379858, 50.0974633366205, 62.74678789863161, 16.731019005534876, 78.64619285342343, 31.13232126525728, 28.206298811436284, 62.19291320214845, 40.64523982600968, 55.35176998700178, 41.70669590109294, 27.369234843130215, 30.71177618372316, 75.5468643652867, 27.58469548132455, 53.49050201131263, 22.486426970321368, 63.85664471213868, 26.281973936479844, 32.72211172142143, 27.047485254004393, 25.04362615322612, 56.15802595003652, 66.33738018353294, 29.95425242871373, 36.37192321209925, 46.237824905953666, 54.50945956854131, 53.06839982886954, 47.9281659065378, 49.215964397231275, 7.8326364155151955, 14.595185656993682, 65.1940832354603, 68.8949365683736, 62.978894986201254, 39.35185213177337, 59.53370023463038, 72.00984212853177, 48.8219545496324, 69.51255785767619, 44.24774102068335, 38.723625900950665, 34.79479545291561, 29.179568935050728, 72.92974786414118, 38.16140658350776, 68.98533026766852, 54.139233359568486, 45.44071997675094, 44.969985080046236, 34.086310109291695, 44.02115152871216, 35.3154183213422, 13.856662803491739, 64.50594929981209, 40.16035452345674, 63.145471399491775, 38.80952967376276, 43.80114539960843, 33.248102229254826, 32.25499824665862, 16.365267751066956, 38.82490012365631, 34.22233019667058, 30.543711077926737, 39.892527896799784, 34.552901088960986, 21.67248563734791, 33.63887138177252, 52.34553530259865, 39.47972833505894, 11.57529190369168, 60.28401623299127, 65.62874619431001, 24.676038200421967, 22.635039671478598, 27.181268437283936, 44.9093900643202, 19.399058254029622, 22.959643358945094, 56.253908018699356, 22.693605923767546, 19.115221155664646, 38.89233178381033, 45.73079101918508, 45.633353344939856, 20.564590096766555], [29.158257282421022, 81.03070317562137, 22.6593374277596, 34.160249632363815, 0.0, 48.3675318154731, 18.99803779777872, 16.72001843336746, 89.49932830908125, 18.030730002970923, 81.95398500058305, 21.04820352184459, 42.045083174025166, 52.77409279690614, 57.814607653030514, 62.1054076944801, 29.21163926793277, 61.438296649882844, 63.41887025360593, 81.39453921213817, 31.304684353211258, 73.74266772034254, 39.02267119393062, 29.78251696263743, 60.327907215429605, 64.22562836250913, 7.824412488463349, 37.575804572770316, 41.06232681015346, 91.51573365402756, 45.6427116515503, 5.227686313232158, 12.116622229030241, 83.04055148393809, 61.666980606819, 75.50971435319926, 38.08622771966652, 29.682812035216624, 26.348462349097108, 33.32898404906572, 81.52787322564127, 45.78683329235708, 48.063413057208216, 26.21095056319243, 58.97698059393644, 21.3850562325213, 56.99657034470683, 70.3097951469549, 6.87658144784796, 0.676276806170252, 62.421974073532446, 71.28040008140296, 63.835708607168236, 55.590032969945774, 84.64054138615526, 69.58911383804406, 68.20866497445559, 67.86999256640956, 67.05985739924992, 67.51923364449274, 28.86283444570588, 94.92115826911761, 64.66152378983237, 92.46338093073452, 59.497648617891095, 9.789465672346655, 67.11341473186789, 28.004352849779888, 18.17493892587924, 14.779341680507544, 11.151361989822783, 64.33806243178317, 58.30160762778998, 12.31825031579862, 32.35202731238516, 26.883766451517435, 81.55953807630921, 64.60110310442639, 40.85423571307712, 73.13764244533475, 82.24970126295361, 56.49190922392044, 38.51302954115019, 38.03264427346208, 15.20893043550614, 47.99167119223661, 16.283879058083098, 35.72327170951079, 33.994276422334664, 21.623406324176198, 13.641462145746761, 41.1522551249338, 74.69614042583281, 27.85696307982329], [49.248827166792104, 87.49429929039123, 31.250136120195208, 59.68904450270856, 48.3675318154731, 0.0, 54.10304688993019, 44.745371892748274, 77.55399925157482, 54.8177941340089, 39.2890594423778, 67.97422238191619, 82.90425192509726, 4.8562655622739666, 43.477722934214505, 30.272543956066645, 20.056307325748303, 76.9805390703054, 87.6817942799711, 41.43018059475748, 32.35593578238433, 55.63062843314678, 77.97147713081148, 58.96340328577158, 75.91960271385378, 90.90075037447704, 51.89264530095651, 78.48316372923213, 8.339791412088555, 76.17100462746549, 85.88746009253222, 43.49664242748923, 48.54826544408756, 76.25473349811296, 32.677863692599914, 69.04589450719288, 11.016018609564151, 51.88505031651981, 45.26153483655603, 42.332648885669926, 49.78132885353498, 10.177379847918488, 30.553516544426984, 46.35225737145302, 12.321812885907669, 31.800750768190202, 9.839282277240768, 62.96617485075943, 43.02774025781325, 48.124815326253305, 73.42597088613549, 25.982677988744367, 97.83559947697711, 9.378200380225179, 81.88403199326406, 59.332401920235064, 57.08818023133057, 79.80837791926956, 56.146752891652845, 73.7693731982902, 65.80766729334648, 89.81402410459856, 57.19557953635887, 85.20199770379982, 49.08542106742394, 51.04342634487457, 79.72222524835757, 74.3485776167398, 49.52520303227353, 63.03881389204585, 59.42860164543198, 84.90847307148111, 97.77900848070489, 60.600688435930856, 38.80259109153622, 73.816653326907, 76.60908684175072, 99.12639549342192, 55.524551507671376, 44.489861584903124, 55.79612788238946, 83.17329920556926, 77.75601078288229, 79.86593449099865, 37.065536152583235, 79.08631112782501, 41.356005916412, 17.243273621776165, 38.39439497041596, 42.037063251624296, 61.81887003078568, 14.935511133501404, 71.4101773475506, 69.09099524193647], [48.02586603585704, 100.01851939853798, 22.882566822700017, 53.03732869379858, 18.99803779777872, 54.10304688993019, 0.0, 9.35902647269463, 107.24891427844905, 36.55559604256554, 91.80892003973676, 32.50051536406969, 56.18685751444201, 58.937726068752525, 74.09258492914141, 74.7734966177568, 39.02664683619481, 80.37484774957306, 81.56733170158198, 92.3919384772158, 47.2358432379085, 90.13031806470633, 54.47006583349456, 10.819838559624479, 79.27145946614456, 81.95513825610679, 26.079398723496723, 52.128433480846766, 45.81666991494188, 108.83386381559043, 59.833751421738974, 18.53132193378963, 7.74135856403423, 101.26961049527134, 75.04776312357009, 93.62957285418604, 46.0600413886089, 48.659040840708755, 44.93558801082758, 21.78031920472394, 95.18157701492272, 48.043461324287414, 62.772099747539436, 12.779821168484725, 62.075715852102654, 22.305702882854717, 60.682739738314915, 88.20098243065831, 16.740442117972815, 18.40651909549876, 81.41800516748201, 79.53939615507616, 79.69579652282577, 58.895600084953166, 103.24643163110971, 87.07940207375347, 85.52783346644085, 86.85850833148135, 84.36678695175345, 86.44147121090269, 46.13127541709058, 113.45738777190572, 82.3583219124288, 110.78261496734831, 76.54353031100152, 9.241274228478694, 86.09404963105005, 38.92760723112583, 37.17297672221602, 20.83106937977599, 22.196735882377382, 82.90975863729865, 72.0497894357786, 22.724494066408774, 49.73756948516463, 37.02055918594931, 99.94201560698794, 80.2427061606987, 59.77001213970319, 87.26691609026854, 97.2473125759887, 74.46701401674959, 53.866791040414974, 51.95374467470148, 17.79777127638976, 65.44424911300395, 34.27676391231649, 37.706859499430635, 51.241219407806774, 39.82886393196324, 19.684141730484516, 51.85569443870158, 93.11448462263927, 43.41126538536496], [43.55078173565354, 95.67414861168791, 13.546724722545674, 50.0974633366205, 16.72001843336746, 44.745371892748274, 9.35902647269463, 0.0, 100.56384199256586, 34.58625046810523, 82.55377901419813, 35.28200177503219, 58.00783977013576, 49.579000548041094, 66.60326432246272, 66.00318499285305, 30.121429378734337, 76.99158232781996, 79.94046675918953, 83.25887577841094, 39.994525990496875, 82.58272324566668, 55.41572061867512, 16.803914831761627, 75.85706333453251, 80.88251741695565, 24.544362107865282, 53.65669988257644, 36.46459437443794, 101.7866514415959, 61.65143578524052, 13.735392474404513, 6.087171519189612, 95.11602118312899, 66.45014630492975, 87.3860240760211, 36.80848645423663, 44.64155738064305, 39.9393784679843, 16.976311440222073, 86.55583121485695, 38.863597004068176, 54.705827835463246, 9.523710599481051, 52.890037527079066, 12.946710484241551, 51.43688140380127, 81.74870382335817, 11.405427095059256, 16.043851422586293, 77.30064874748062, 70.20301611175321, 80.41574242178126, 49.67564944186876, 97.63991479116928, 80.2780351955162, 78.60368075067852, 83.06537594682422, 77.44156501495321, 81.73780957964816, 45.57581711141393, 107.68991129453167, 75.7650755766811, 104.70405235907366, 69.49413426802764, 10.006764252544286, 82.39069344587806, 42.18735171061156, 33.7464201882452, 24.934350580115275, 24.356340834673283, 80.56291221595649, 74.21434573453996, 25.23966511266491, 43.332852962276874, 40.582988695398086, 93.99604390141383, 81.13488260910538, 55.266730221833114, 78.81192111067739, 89.03805137714595, 73.09505211987509, 54.874616194798705, 53.87020859592514, 8.925814910867404, 64.7033595813824, 29.003917497886246, 28.458733758258244, 44.6961646235121, 34.49676994733528, 23.60537517844938, 42.89115798069123, 87.25470671081078, 44.19253235970811], [61.671474886864594, 31.988498401306426, 92.73792234841896, 62.74678789863161, 89.49932830908125, 77.55399925157482, 107.24891427844905, 100.56384199256586, 0.0, 76.88073776597986, 60.90270583965029, 93.55783565970465, 86.97221441865761, 75.75599623760111, 35.421179266470986, 48.83226255085687, 74.59768703201983, 45.7794099658078, 60.55901283504324, 54.709034481138616, 60.652373067549966, 22.135639102823305, 81.81679389725453, 117.15888938914681, 45.92553375262847, 65.39223933955354, 84.99244848505347, 85.39503060890274, 81.27009978492583, 6.119420309937348, 87.02910114554186, 88.74920619233477, 99.51432560497246, 9.738497034527573, 45.69538081498678, 14.824299133830001, 74.28603692542363, 62.297390119441054, 63.45373269065466, 109.60585169484064, 38.62661693870797, 86.99843960350957, 49.005151706684465, 108.13796682697726, 85.49444351921584, 92.12356338727959, 83.45979926998753, 19.225269869511838, 90.52043556842948, 89.92230626907009, 39.335229574885176, 67.45137923022432, 80.68521430717148, 84.5183127678355, 16.017812346052988, 20.30869923786266, 22.12203532005578, 40.08672350952642, 23.269818710273977, 31.957699153814584, 76.46557777034715, 15.593240117922788, 24.89312007703706, 10.133318055940144, 31.30820963853761, 98.7712949611748, 41.143025770141655, 94.98221753496175, 73.10831236007118, 99.27758658425809, 94.23777548381548, 54.09742574347554, 91.14820568464513, 94.8981821312927, 57.511516092240086, 96.38443026531804, 12.795404862717422, 82.25773895985881, 51.64870430941979, 37.10384813644433, 28.955578312628738, 63.40398845384091, 82.24961556147274, 87.62212962272, 92.21155116235931, 69.52325604251, 73.27799257896342, 88.07680677656585, 56.0192960538067, 67.87616344387189, 98.96714914264014, 65.76480543090317, 17.918093686122255, 83.18634630933671], [15.434497333134841, 64.44267613954408, 37.274738885039234, 16.731019005534876, 18.030730002970923, 54.8177941340089, 36.55559604256554, 34.58625046810523, 76.88073776597986, 0.0, 81.62149428621042, 17.72364210802794, 28.30859841778302, 58.361005722095186, 49.400747891390814, 59.317287193062555, 34.909494344386836, 44.06370258611262, 45.39397557244454, 79.70565907657038, 27.17836444412243, 64.31406198070364, 23.86589619169891, 47.36300257372419, 42.988379069278835, 46.31317287641779, 10.477956933780753, 23.79844044172335, 49.29563602844065, 79.78134489055711, 31.52199008779081, 21.228190702501553, 30.12060632682064, 69.37080764026176, 57.88361649999631, 62.27111800896249, 43.80191688029577, 14.585769480924393, 15.216732557412803, 50.67058163282744, 76.26781557643996, 55.44096307305029, 43.40436655481613, 44.10993042098162, 66.7831369316882, 35.97703151625823, 64.4563716380195, 57.78694792427017, 23.57379027140018, 18.69680120636785, 45.79343805931001, 73.30537361327984, 47.223537987986134, 63.48626057113708, 69.85337110218433, 58.0427660747398, 57.09570019958608, 50.81576160948402, 56.017987824357824, 51.5949802304307, 12.043527405968254, 80.24193010132402, 52.80597524968409, 78.42072140539616, 49.38358174084177, 27.37064933094148, 49.97889990398425, 21.860310790865537, 5.773557476527912, 22.6388025243333, 17.782866262810334, 46.38498843240369, 43.92985338687399, 18.266684460365344, 24.371215173621646, 22.28397798357044, 67.49230768859837, 48.16733316518668, 25.627713092347776, 67.54194535909802, 74.91277048075445, 38.50906738829637, 23.528705090969527, 25.07101782290189, 30.924531620413614, 30.319281188513827, 13.462014823641193, 46.856294374149584, 26.063395436793368, 14.309961864211838, 22.530295866819483, 43.28784617781652, 60.641371386421724, 14.27656048463207], [69.78362478586172, 84.1773109137086, 69.50454866914558, 78.64619285342343, 81.95398500058305, 39.2890594423778, 91.80892003973676, 82.55377901419813, 60.90270583965029, 81.62149428621042, 0.0, 98.16510371166707, 106.35180270317034, 34.64053944713506, 41.77848230027879, 23.330350921521102, 53.369925365265814, 83.50518843547208, 98.11118861889112, 6.24089641899576, 54.443993722251626, 41.50443618284933, 100.72453134863441, 97.77089052011344, 82.78424427558733, 102.51630308850174, 82.87839455873801, 102.5719291289923, 47.380064845018595, 56.71792093625314, 108.4710079794175, 77.94694547423587, 85.36023537690564, 64.69514814570606, 25.961181450555323, 60.22190516912747, 45.750477143369615, 72.25716048825669, 67.50123626634593, 81.62030410268768, 22.413250901513635, 48.538371775326254, 39.33662661241794, 85.33310660296428, 38.203287290850945, 69.8050568896273, 37.64290154247572, 55.83954295152827, 78.21786133706881, 81.92405022523438, 77.58831513278619, 13.881553243603443, 113.96382033402688, 39.56599155164742, 72.26008026572606, 51.20287445083013, 49.29489117221301, 82.80469380428944, 49.06920967420893, 74.09412441492144, 89.63052453023784, 76.24257936502914, 52.79214148953221, 70.79957934780683, 46.8940801352955, 87.11987362891647, 83.26006471139496, 103.36611129072527, 75.853769178498, 96.51478701371795, 92.05075526197358, 93.1812417411543, 118.3522479250587, 93.16715741115648, 58.219848084688046, 103.49960336395952, 66.57653025069, 115.50310797413378, 69.4221029947781, 25.234131936069655, 32.05670580295465, 96.29693480416098, 100.75206631295177, 104.46270070914512, 74.08979523536259, 96.18142359297902, 69.5970058616658, 56.45636128934022, 56.77035549692784, 67.31879672734605, 95.48732573499136, 40.84155192084661, 64.55339952389582, 94.89312310175924], [32.94118763256056, 77.79087432685493, 43.65449754460191, 31.13232126525728, 21.04820352184459, 67.97422238191619, 32.50051536406969, 35.28200177503219, 93.55783565970465, 17.72364210802794, 98.16510371166707, 0.0, 23.790383391536672, 72.06525476612032, 67.12232210488831, 76.4054352387141, 48.0541628911859, 56.386877265964095, 53.12665212612201, 96.64152124858546, 44.05713310562751, 81.93334305636324, 22.86452498547042, 42.05990202809531, 55.454276612031855, 52.421983095502824, 16.08543769898743, 19.979662621815642, 61.23958799072542, 96.79482694816056, 27.41323968547309, 26.257682892624885, 29.30404151079066, 85.56689264919355, 75.18069287264363, 78.79331041544746, 57.19511386943607, 31.67504859451458, 32.926322529626326, 52.18138741972575, 93.87483529655142, 66.43705386441789, 60.743548194556034, 43.82054323567725, 79.19728732565264, 42.395188993495886, 77.0822472867727, 74.68935240128694, 27.830529553906104, 21.54685351729496, 59.59821836230835, 88.91486567817213, 47.7926619601199, 75.81351570995034, 85.24001961158042, 75.27714149369116, 74.45305588106571, 63.650620104715244, 73.40067925641897, 66.19662097490647, 18.58747565114189, 95.5892456518565, 69.99945174644586, 94.27551897940175, 66.98145118326167, 25.424567510927574, 62.66538417405554, 7.005921630565005, 23.064458557655865, 11.918479456920176, 10.927081314782681, 56.020282951845175, 39.54973096692853, 10.070165273542687, 41.95299602812848, 5.899237042538118, 83.45749256075372, 48.19500863798753, 41.90914264233938, 85.16262178245591, 92.63641066695084, 45.82467081208606, 22.208154319021478, 19.55272935954042, 36.12063491720505, 36.026353571165224, 28.578383269198316, 56.59837731374896, 43.66770414126001, 31.29414662453231, 12.900516412303363, 58.4561498060752, 76.71147114012759, 13.037250792690362], [36.59638205880276, 64.35063000139621, 64.12991199358447, 28.206298811436284, 42.045083174025166, 82.90425192509726, 56.18685751444201, 58.00783977013576, 86.97221441865761, 28.30859841778302, 106.35180270317034, 23.790383391536672, 0.0, 86.2375733354927, 68.7864043481263, 83.18406660388061, 63.141943021470375, 43.21714026923123, 34.46811256209099, 103.5237637580756, 53.06151998902847, 80.89602113488083, 5.720575780273732, 65.84877773964963, 42.632944735904694, 32.2392797662786, 34.803397943548426, 4.566880666812821, 77.5938270695622, 91.3959340839146, 3.656432437305793, 46.76265444019553, 52.28282995999886, 77.80183234570852, 81.06489188663434, 72.41019128897456, 71.90888977015707, 34.09521497756972, 39.320769010941355, 74.97373787086138, 97.07072717483392, 83.74101123770737, 67.03478905813418, 67.00587498782961, 94.980746355257, 62.8209569891196, 92.6209107452742, 69.92054019927814, 48.81806790306718, 42.67527728450876, 48.506876620013536, 99.62021297533256, 24.372528663329824, 91.70903841348283, 75.37964662756524, 71.93741397713555, 71.82804228910844, 50.46450102423241, 70.99013561237021, 55.94318556101348, 17.235201645232937, 85.16573368869975, 66.80707693482866, 85.16284251430312, 66.57737476026166, 48.54624674760869, 49.34053063534861, 18.304044689541126, 33.38321259481146, 35.70243096523102, 34.11780445485662, 39.19299802107964, 16.257278217619724, 33.488354811779935, 48.287557882032694, 20.527677227562297, 75.15177928050808, 24.606884446783873, 39.1823960631363, 88.48033213651851, 93.47625050139779, 27.755514738088344, 5.609479174081588, 4.238814065832632, 57.02568501801666, 18.529412411882767, 41.6548524167533, 74.97007106716359, 49.645794000085765, 41.15047104227052, 36.685984700256036, 70.55400210044415, 69.09371869241987, 14.483304176349964], [51.79326053536692, 87.44797758409759, 36.09606724541624, 62.19291320214845, 52.77409279690614, 4.8562655622739666, 58.937726068752525, 49.579000548041094, 75.75599623760111, 58.361005722095186, 34.64053944713506, 72.06525476612032, 86.2375733354927, 0.0, 42.57654662739982, 27.55845134423832, 24.0119498964276, 78.05732053257138, 89.38412182984557, 37.05012031088742, 34.63199410650963, 53.67361683188149, 81.1828246247711, 63.807750476131574, 77.02641359866539, 92.78376830637214, 55.98326350746451, 81.86923937993787, 13.196006943493105, 74.02683990313264, 89.13038677852981, 47.98419879621111, 53.31316518425318, 75.04396498798303, 30.290785454003, 68.04352975746286, 14.87026402668766, 54.458219033746566, 47.977405875079484, 47.01057184635881, 46.264811074785875, 14.108027717793494, 30.345034742257464, 51.18440112902051, 10.761551420384752, 36.6325271311684, 8.304301389264978, 62.0438515023353, 47.60442169388877, 52.556774041576695, 74.14433531668861, 21.194498714753916, 100.34176429054804, 8.889630892998184, 80.98845175807227, 58.195774428625356, 55.93054793908698, 80.4664931503651, 55.04989378510887, 73.99755064096549, 69.05696628507837, 88.53349811671865, 56.46549007932665, 83.76975925402854, 48.37005816685405, 55.74516621723754, 80.4487628792142, 78.32785067599961, 52.93363015808572, 67.49821298193879, 63.7738430312724, 86.30572147115524, 100.83894733777447, 64.94462322369318, 40.883256544972824, 77.87422081649622, 75.58869584483804, 101.6717521438638, 57.235047358703895, 41.54317143651058, 52.798445263091615, 85.18028773963425, 80.99705996956868, 83.32538913935683, 41.82425365093717, 81.57146918757054, 44.92419187367968, 22.049573167371484, 40.288690764365505, 45.155363405713196, 66.29570291716783, 16.558457252215618, 70.6933685438673, 72.63079253086568], [34.46354963078842, 45.78282100750959, 57.716505740722155, 40.64523982600968, 57.814607653030514, 43.477722934214505, 74.09258492914141, 66.60326432246272, 35.421179266470986, 49.400747891390814, 41.77848230027879, 67.12232210488831, 68.7864043481263, 42.57654662739982, 0.0, 20.06074772068881, 39.28384759035243, 41.775771063668344, 56.36198410183233, 37.29882442769871, 26.87435186205294, 16.03952967425467, 63.070384469179906, 83.3921182945669, 41.02888501752546, 60.824918472802885, 55.018577638084054, 65.6790587611939, 46.23376368426617, 35.5733552046966, 70.25832334162517, 56.01847786473004, 66.394083479509, 32.86231530261324, 16.655769438363752, 25.568192584961178, 39.01365540910895, 36.26928795599107, 34.24809778983, 74.42520315532418, 28.30439664535802, 52.32467200104176, 13.635017735730617, 73.54048362412821, 53.07014321385172, 57.19267733190434, 50.763663728677066, 19.499867079526123, 57.47155166199141, 58.11327948344354, 36.06922461925363, 41.23046684187511, 72.89135752979115, 51.46037653971401, 38.44042318683354, 15.950597444274722, 13.758324852124069, 41.65560958432631, 12.746139527006378, 33.56510511668658, 53.68300848977127, 46.44647814651917, 13.932125299580276, 42.042710052491934, 5.97852045398938, 66.2934283299313, 41.98642178449594, 70.55328329152418, 44.31669301076976, 69.86829086934303, 64.79921427999813, 51.41181627586715, 78.70939118003355, 65.68144521988087, 25.82993764028716, 71.35806846253527, 33.13140903681831, 74.46610751733506, 29.75884108778803, 19.834942303789074, 25.536364381523903, 54.89445467125515, 63.25180834659634, 67.79697445355862, 57.92839136923398, 55.91660453774024, 41.75593983881893, 52.70209486450678, 24.10387379516597, 37.04935261664152, 69.26015619619349, 30.56791137200873, 28.13160761028647, 59.9647884948851], [46.70920659673172, 65.36232256023544, 54.28888658554777, 55.35176998700178, 62.1054076944801, 30.272543956066645, 74.7734966177568, 66.00318499285305, 48.83226255085687, 59.317287193062555, 23.330350921521102, 76.4054352387141, 83.18406660388061, 27.55845134423832, 20.06074772068881, 0.0, 35.89661172840864, 61.48803465511242, 75.5464918444643, 20.459157690405103, 32.3497867495563, 26.726358848015302, 77.52946280097284, 82.36872203534803, 60.67530135032519, 79.80593324386288, 61.80910596017655, 79.4919362004189, 36.03191651813406, 46.66000150223005, 85.2279375761345, 58.78138964125149, 67.61342257273482, 49.403178778736844, 3.5105284144035527, 43.18016397197997, 30.980920450733397, 49.12225917097799, 44.71817776233672, 69.21223064597488, 20.75663807103842, 40.36091670377637, 16.185666013235004, 70.78455204274614, 36.752285766479666, 54.21731519449022, 34.82303737077341, 37.67263715976731, 59.51594518533306, 62.19245487841149, 56.01817519316742, 21.201412447884703, 90.79885142393744, 36.03585639365544, 56.122133251852325, 33.2768194834666, 31.05299611644025, 61.69965686826009, 30.430580374334127, 53.59378955895898, 66.64041472780708, 62.526445167490024, 33.12743629046461, 57.47226956903907, 25.85352459718882, 68.67020607338014, 62.008183413272256, 81.17515487979384, 53.60781539042133, 76.11953006939372, 71.36980676925072, 70.95768527491504, 95.02253359640223, 72.42957859947276, 35.345143167517854, 81.49013720682113, 50.46910876269718, 92.3247127983183, 46.13241302423058, 14.275133403543622, 25.57341988380716, 73.32035943482573, 77.57696806385498, 81.42747408566726, 57.11224170715924, 72.88784951315178, 48.153174460974846, 44.49346716438909, 33.808746004136026, 45.15973156442616, 75.2182749204746, 23.326485037056855, 46.68504450813816, 72.13263810413456], [31.4540215828198, 77.05343153884787, 18.85702481657912, 41.70669590109294, 29.21163926793277, 20.056307325748303, 39.02664683619481, 30.121429378734337, 74.59768703201983, 34.909494344386836, 53.369925365265814, 48.0541628911859, 63.141943021470375, 24.0119498964276, 39.28384759035243, 35.89661172840864, 0.0, 62.8526426694012, 71.3896379988992, 53.5058887568947, 16.955281367655914, 54.64780196211678, 58.376214483496454, 46.50526214952366, 61.720784752320114, 74.0605182614498, 31.97441448392991, 58.672200935462044, 14.634228775124916, 74.81754832410908, 66.22711181174779, 24.78005488609651, 32.15419164606348, 70.83339135078572, 36.48634185275133, 63.09570323800303, 9.143850462497243, 33.92078216982609, 27.135543258342224, 35.19011647761253, 56.52186808169811, 21.299432063814148, 26.100253670365504, 35.258166715578106, 31.87541855295956, 18.580272800927528, 29.565873107364922, 57.033053571423274, 24.87815887868145, 29.074613990271963, 60.638939022582, 42.13253892720359, 79.41234326750255, 28.577763657816813, 74.94001567180219, 54.538817820513614, 52.55160154609048, 67.0332623444599, 51.429738298455526, 62.75044495829261, 46.20963324610339, 84.19781479398782, 50.87137852402421, 80.37470154052382, 43.436565657364184, 33.75367416242423, 66.71090590875161, 54.3369828344937, 29.802295540481115, 43.98901368331763, 40.00218585862984, 69.5717156533518, 78.34098827810668, 41.16661659475522, 23.24614818323398, 53.86307833614356, 70.38085463529231, 80.61280191526293, 40.05917331346, 48.98729739739655, 59.555492769683035, 66.09709685638002, 58.121094319166765, 59.98039370832984, 21.265886057395946, 60.85713021686362, 21.487720903180307, 15.565763600440382, 23.59569581693792, 22.97756758329883, 42.84865303653853, 12.835697887893696, 64.17220148322711, 49.15366984525091], [33.867487288558856, 21.586547307662233, 75.1759406198509, 27.369234843130215, 61.438296649882844, 76.9805390703054, 80.37484774957306, 76.99158232781996, 45.7794099658078, 44.06370258611262, 83.50518843547208, 56.386877265964095, 43.21714026923123, 78.05732053257138, 41.775771063668344, 61.48803465511242, 62.8526426694012, 0.0, 15.667636475294294, 78.76026123296255, 46.06678805214947, 46.82026282266559, 38.83251514141033, 91.19011655206882, 1.1548667650945643, 20.537401550448056, 54.4166854573306, 42.74024795782647, 75.87200769996073, 51.01059922638973, 42.549121234083444, 63.27666988671705, 73.45271346331678, 36.12445580548757, 58.238410416435684, 32.475449690844144, 68.16971354622572, 32.42315995745249, 38.0099527241826, 91.26475699559263, 67.11330786305116, 82.86665476135221, 48.86356382353405, 86.2923651691664, 88.73303258322355, 74.07228071579998, 86.21021935803473, 32.35712769279424, 65.58794384861329, 62.060363785039414, 6.798085407247997, 82.26637755048458, 35.19809562884555, 86.23528195326706, 32.512763729065725, 36.03518522316686, 37.00537285554902, 7.386318606335568, 36.66875869212402, 13.833130079835106, 37.800118256294674, 42.018128549720004, 32.237244077763584, 42.41823154794483, 36.67899404493526, 71.13409455985914, 6.3276355428366475, 55.40935849437287, 43.372584626431646, 65.57520720220418, 61.230465485421824, 9.817202107027446, 45.412508331764286, 61.44269939210526, 39.618632541303505, 57.29004803135217, 33.19941704035458, 36.79870099560026, 22.990043399340244, 59.90957471276383, 60.43090790410376, 17.63248496434752, 39.39439356782601, 44.847466650563604, 71.0219484594991, 24.80533904848769, 48.55406471909534, 78.37418805766058, 39.43928226121364, 43.545046781449734, 65.78683910664368, 62.04506485948714, 28.18253261418736, 43.82279250819511], [40.16268391189748, 32.1919945876839, 80.7349714570519, 30.71177618372316, 63.41887025360593, 87.6817942799711, 81.56733170158198, 79.94046675918953, 60.55901283504324, 45.39397557244454, 98.11118861889112, 53.12665212612201, 34.46811256209099, 89.38412182984557, 56.36198410183233, 75.5464918444643, 71.3896379988992, 15.667636475294294, 0.0, 93.6194226535985, 55.53417864140607, 62.43919352172417, 31.703593719217732, 92.261573451146, 16.021776705705363, 4.898016640787051, 55.735895396620364, 35.5751405520678, 85.37216929716452, 66.04612852886792, 32.66045475089456, 66.3835795142494, 75.47680342928102, 50.822304510267394, 72.44834998091436, 47.88455195040855, 77.96512416799813, 37.9452223262553, 44.566219462337486, 95.61684468725515, 82.53169262197815, 92.33905647865652, 61.71318167840654, 89.45947027904579, 99.81111627098225, 79.5177493608887, 97.27560958312745, 48.01949841432633, 68.7499001911571, 64.08705828962235, 22.445837420292783, 95.83188252736889, 20.197737411215037, 97.05549082147841, 46.14281024867585, 51.688537911328524, 52.60955915781792, 20.479625427473437, 52.232535621883436, 29.033337913199233, 35.698113887338394, 54.636498132798295, 47.77087619149021, 55.994460705529534, 51.64886059105651, 72.54023105964585, 19.41600099307906, 50.25910216999266, 46.69376923807374, 63.96109653474091, 60.407678634437055, 6.470793943880691, 32.06762530004679, 60.319091869057836, 48.98284866900325, 52.40049878199497, 47.790291455176884, 21.743766789140665, 32.170070084430975, 75.10475259897024, 76.05009313287447, 7.302831598033118, 32.3702616444169, 37.304634589764035, 75.4183942812979, 17.167768345330057, 53.67141771117572, 86.45397982054354, 49.29139093066697, 49.60814214404313, 64.48415858823753, 72.92572536458299, 43.40683218973118, 40.105730734103304], [67.13061482914163, 78.53194842183858, 70.54732482650432, 75.5468643652867, 81.39453921213817, 41.43018059475748, 92.3919384772158, 83.25887577841094, 54.709034481138616, 79.70565907657038, 6.24089641899576, 96.64152124858546, 103.5237637580756, 37.05012031088742, 37.29882442769871, 20.459157690405103, 53.5058887568947, 78.76026123296255, 93.6194226535985, 0.0, 52.62014033371742, 35.655607233697886, 97.8488705102551, 98.92731772796256, 78.08581878606526, 98.11577118757482, 81.73088446110498, 99.8886733353101, 49.17764688253501, 50.482817916099364, 105.48482665183916, 77.66177257509612, 85.65886375705138, 58.68533881064836, 22.478657203036967, 54.42982013698208, 46.57828336463423, 69.51340889058291, 65.17612346932728, 83.57579418006362, 16.17588686965055, 51.14823805937968, 36.628305280664186, 86.69428200367074, 42.018838785153754, 70.73472796237058, 41.14890156004382, 50.251743825181855, 78.11972940335515, 81.41609142228278, 72.68136294723233, 17.78222777871723, 110.0107922858707, 42.98355854526986, 66.29820539588836, 45.62654932868747, 43.79686582876507, 77.7111299458083, 43.64591555787864, 68.86295255778742, 87.07526162683963, 70.08600572018412, 47.52897624611854, 64.63526723044752, 42.0819356319875, 87.16051751479947, 78.21336714503165, 101.55068086746958, 73.97463623566375, 95.74240951742685, 91.12645771788023, 88.50440289319694, 114.97346953656728, 92.2164376219983, 55.804299088944745, 101.81446623331641, 60.63636283587735, 111.56952585442538, 65.83731706223705, 19.570069285266246, 25.829599154680373, 92.1419802064482, 97.91434056879447, 101.84213327134937, 74.5973433648744, 92.53839716053989, 68.20857397784266, 58.26891654627918, 54.26452164122747, 65.48734034492094, 94.77365605219528, 40.71704675642008, 58.848265233380616, 92.59179525208062], [17.249280040094018, 60.23702886588545, 32.6633157774358, 27.58469548132455, 31.304684353211258, 32.35593578238433, 47.2358432379085, 39.994525990496875, 60.652373067549966, 27.17836444412243, 54.443993722251626, 44.05713310562751, 53.06151998902847, 34.63199410650963, 26.87435186205294, 32.3497867495563, 16.955281367655914, 46