instance_id,num_cities,city_coordinates,distance_matrix,best_route,total_distance
700,85,"[[88.48244909250423, 48.844098734244454], [4.116387176567871, 12.79439972856914], [91.80926614534101, 81.85370180013223], [26.251587803090725, 75.13159012792269], [44.303468961263036, 74.50515499648162], [86.8789676066608, 61.49369252838485], [19.1467340082637, 91.08004509358476], [42.488983375165866, 7.305372460565451], [71.74147928404125, 23.649136178744147], [11.795296865383808, 59.03417579486124], [45.468546445419555, 54.655537943184896], [33.275617748929385, 14.319806698557102], [31.301145736278112, 19.40762273979576], [71.66683431236646, 21.01279259502099], [70.1862864469093, 40.45739095852427], [81.71233487256409, 95.72547098099943], [52.5415371546449, 59.68712578178288], [54.03157993318462, 20.705803660357912], [26.002421899974127, 54.37027040695783], [72.52210886189638, 80.36887287363432], [29.4006178479564, 17.120243620825136], [29.51189294176474, 12.600235605590203], [47.13296255698739, 31.565782121233], [46.49760429837837, 24.561993109275626], [56.21793085207531, 81.51787174182536], [26.892897231515168, 72.88929073350715], [22.733972042831972, 46.23774466831233], [24.7598986426409, 80.33049373047045], [34.32943230567979, 24.008060179285827], [30.364893602369534, 17.903249351296957], [34.565241055708476, 4.60959541194036], [7.85437400717538, 3.6830255695864733], [31.262799145921882, 29.049026191331183], [12.818728872970064, 54.937794022141595], [49.09891900083467, 29.326090884773237], [34.74753253994448, 87.4291485402898], [10.818344611676721, 73.06233748024516], [16.33203059670183, 96.27635667720524], [30.29865609672806, 16.427623478459175], [99.35182440193135, 74.86832479717515], [63.21409361937309, 15.457410628882407], [70.62668752881734, 99.69927856644455], [44.52051714624019, 79.36341004188182], [61.44217861490594, 75.95790382855152], [30.5816901886822, 42.66887858677326], [16.809119480391065, 62.692523773067485], [33.51866967085726, 56.80948980150059], [73.51345983419353, 21.95778305615693], [2.405342774373598, 12.457656153077979], [40.22511706493906, 6.769275539549325], [53.58387565548982, 35.41385888039416], [55.60053357132849, 51.774326596455744], [47.90967479137676, 86.33748104119009], [5.874096825386244, 2.020270763108467], [10.493147668374503, 93.41701405961706], [83.05770002814863, 88.18651836695302], [87.59126524069329, 44.73220098695152], [42.04311986706075, 21.692819847587785], [80.68612719611782, 16.54168620777049], [15.498405762442902, 53.91075856082034], [54.875272430235256, 1.2068919064594286], [57.761998430187, 23.935364678410675], [7.69399483907195, 96.30700475826808], [85.93243388376094, 10.068917765828322], [49.379628390883525, 28.225443711269282], [50.765117110411694, 58.95003517327177], [68.57097405647453, 56.06852872019705], [39.77646346190563, 51.65028234165163], [69.77142526547658, 53.755366313371844], [87.95751812567069, 20.73586255610299], [74.55587289872363, 62.25564816895053], [16.29027827899643, 2.8756726890922457], [83.65177675250938, 60.60378323194969], [59.082154653880906, 1.9593506399548044], [92.95760268324442, 55.3702684111974], [67.23909134949795, 13.38241735290766], [14.874914361448422, 62.49693076217443], [59.85409186654091, 16.674205825543808], [48.73598605975668, 84.0261896950252], [91.40173567686234, 25.27757091507038], [25.054634188785585, 35.5207821117847], [56.43194879035879, 64.51740399248017], [26.902541524794298, 34.4859578235075], [99.56981115101613, 84.88586153945849], [36.31185768045269, 23.832527344153863]]","[[0.0, 91.74537155411926, 33.176823330007245, 67.55525368611187, 51.090822012669804, 12.750818641647987, 81.18692352289283, 61.974709915671326, 30.249730714519288, 77.3612111281025, 43.404707654954755, 65.11313974585578, 64.31335454233833, 32.51686488345956, 20.12675917452654, 47.367684240311384, 37.54091616461443, 44.4817494653444, 62.72393778563014, 35.334739914371845, 67.06016527318174, 69.21809089548874, 44.814286357481535, 48.501008710840026, 45.919217979380846, 66.11689766405308, 65.8001163818749, 71.07711661071897, 59.57665682310044, 65.84061373261285, 69.74063812909976, 92.41433341938368, 60.54695068282646, 75.90870621820453, 43.95469341143743, 66.1532109987532, 81.35254275538767, 86.34524875571898, 66.60466676881036, 28.202901655533697, 41.87076224480801, 53.898771199208696, 53.51709841854687, 38.292749368434556, 58.229126951279795, 72.99893871654929, 55.537955518418094, 30.77246512967715, 93.45181344316059, 64.02390835682809, 37.39360601052854, 33.01221900548669, 55.24403797067167, 94.95583568248342, 89.82803525195571, 39.71465579565508, 4.207363989711527, 53.794081868641804, 33.22993364637637, 73.15969944308483, 58.29876325928471, 39.54985614588403, 93.69899566646495, 38.8589402415743, 44.20587655255301, 39.047753881075415, 21.181577531722347, 48.786757452064364, 19.344843289346752, 28.113137383901524, 19.334404121170664, 85.58507883875153, 12.713204739244947, 55.340373299633086, 7.913146675823402, 41.33776837939843, 74.8630014864917, 43.06373006620112, 53.080701276322806, 23.746651713736796, 64.81202411036632, 35.67754289935987, 63.23164734893656, 37.70859667932286, 57.85628152313994], [91.74537155411926, 0.0, 111.62091302459092, 66.15052844582327, 73.64250714163639, 96.02742232638437, 79.71545393521924, 38.763198518305295, 68.49071751666072, 46.87304710246424, 58.84178760727482, 29.19910262313262, 27.977594902813866, 68.04854803413271, 71.62731792676338, 113.57241600809348, 67.4086263552448, 50.53827045024521, 46.98458830914925, 96.15431441242644, 25.651612932214473, 25.396248005892513, 46.93389558081585, 43.98458614901009, 86.24086304605039, 64.2663623926117, 38.27625617809549, 70.62066665419933, 32.22691851042729, 26.741062694907946, 31.529727627348148, 9.848334103327947, 31.640805366706626, 43.03250438429601, 47.92415864473045, 80.67597409675912, 60.63943068913087, 84.37096111898806, 26.43315192375573, 113.67920072259948, 59.15767518974329, 109.43526862384101, 77.8712196687589, 85.29873747143228, 39.911110615620714, 51.48716574542301, 52.93224319828383, 69.99943776528558, 1.7438661594041354, 36.60795672588765, 54.39367930866009, 64.57594001346733, 85.59460759340013, 10.91656531029462, 80.87440272387029, 109.15906937820284, 89.37605057866753, 38.95662887353907, 76.66138038555447, 42.66269225812696, 52.06471712899655, 54.79026105785613, 83.58920071057806, 81.86143017760455, 47.82131453255285, 65.62352236618351, 77.63403898963061, 52.73917570760615, 77.38465487431844, 84.21640024761037, 86.07053064831723, 15.703017883752132, 92.79878957168623, 56.0235118778065, 98.51632436700099, 63.12544294363231, 50.85358884419379, 55.87257484183779, 84.05281974045829, 88.17347461504141, 30.901434338437667, 73.56756864985353, 31.46001466254083, 119.61828879597253, 34.035108083043475], [33.176823330007245, 111.62091302459092, 0.0, 65.90141102404111, 48.07080097335798, 20.948456296972136, 73.24594860564254, 89.38648499549889, 61.56693535238722, 83.2043631490511, 53.73269413956502, 89.37010116468088, 86.95254697504522, 64.08848409075235, 46.703402470631815, 17.157330833624382, 45.09225690142396, 71.87641492489985, 71.31535424210765, 19.344227899228652, 89.9180737680626, 93.15044437910234, 67.26698274748288, 73.0444151462072, 35.59291965806856, 65.5324012891895, 77.71674631483071, 67.06666717032851, 81.54783597841491, 88.68523713454347, 96.1432804733268, 114.71302688130864, 80.3380883035093, 83.45041084435186, 67.70024860869849, 57.33347232119797, 81.46666470082809, 76.84286603041248, 89.80048370196133, 10.28035393006976, 72.29212524948522, 27.697766100672307, 47.3542747272215, 30.934130645660634, 72.69295996030579, 77.40912570975641, 63.442936501895176, 62.62792995748715, 113.17629020943323, 91.09662728789714, 60.148478688255715, 47.07272168952952, 44.12797748965609, 117.29548174244617, 82.13416654821796, 10.802521704333191, 37.36037144160353, 78.07689179711994, 66.25242335809786, 81.26595529035252, 88.70190436385045, 67.18444919631892, 85.34797498082138, 72.02494273709908, 68.38321596430062, 47.002128834296975, 34.711574005937685, 60.163602801679396, 35.709702991942706, 61.239090756362764, 26.11059717151441, 109.27326576350403, 22.76189079027816, 86.33754208848086, 26.508317956264822, 72.74620459756659, 79.33208095987183, 72.59132082205059, 43.12803219467186, 56.577598632377345, 81.25835547500351, 39.39672327631739, 80.35288464269688, 8.331869626314374, 80.28959479017026], [67.55525368611187, 66.15052844582327, 65.90141102404111, 0.0, 18.062747142189643, 62.142348143450576, 17.459443382812037, 69.74273308398352, 68.70060619512716, 21.6358752049895, 28.081314294973485, 61.21609265985621, 55.952288396397606, 70.64976193806663, 55.9692579275647, 59.160818064786916, 30.490866105220224, 61.10559872352971, 20.762814842968677, 46.56597738276205, 58.09675303999361, 62.61629091534324, 48.31160770341245, 54.471876473606244, 30.63929353920384, 2.332205899397045, 29.10717997471873, 5.4086722233823314, 51.75777126400613, 57.375972955968116, 71.01034128298357, 73.77909495852707, 46.35423322731769, 24.253476043618615, 51.18734515262116, 14.946940150989235, 15.571345539973326, 23.35591504511181, 58.843304310301015, 73.10071066303563, 70.19426283609215, 50.72199513899727, 18.752655255434323, 35.200290851304906, 32.75022789651366, 15.616996503991327, 19.710652938050988, 71.14167770294502, 67.05718009171584, 69.77582372076633, 48.21360943444607, 37.508963960436944, 24.3853382825052, 75.89800496594286, 24.13887246416485, 58.286924240794384, 68.45932287346497, 55.72319673171846, 79.97434538840368, 23.78980068009479, 79.27279690264903, 60.1162164325524, 28.15639254921064, 88.2890407910398, 52.29811500514258, 29.372705695105306, 46.41476880366645, 27.0978611137484, 48.486278443723165, 82.25884156151677, 49.99093757803511, 72.93932610301451, 59.21012468012243, 80.1998924651943, 69.57156212981856, 74.11434264273956, 17.001862129962696, 67.42695350384889, 24.179786318813136, 82.03636388608258, 39.628888574449576, 31.992423112975242, 40.650844593606166, 73.96423247534025, 52.2762170828993], [51.090822012669804, 73.64250714163639, 48.07080097335798, 18.062747142189643, 0.0, 44.51933557975632, 30.126206120693425, 67.2242748627055, 57.785630224675685, 36.0018395428938, 19.88377988981513, 61.18733244801455, 56.610939490733784, 60.08482835647587, 42.768802613350054, 43.0084300951858, 16.954048406397668, 54.67180578021634, 27.209224556627007, 28.82142996425501, 59.288472951302545, 63.64754328278006, 43.032496754521254, 49.99133574099859, 13.82507136683361, 17.485394627318357, 35.55685143506521, 20.393276150845374, 51.47269171302178, 58.29287782998829, 70.57069032095887, 79.65118040262797, 47.28973160405098, 37.06980542068555, 45.432853477322816, 16.073130684738366, 33.51619422148668, 35.445543962608184, 59.74223339144206, 55.049553395339125, 62.001998676343206, 36.43701000650022, 4.863101068326502, 17.20016999221092, 34.66750219325014, 29.924530235188378, 20.723138334412578, 60.120294947974976, 74.86885260704005, 67.85854640348784, 40.177797107928704, 25.383345495726452, 12.369666936398591, 82.0419105401819, 38.74011150154642, 41.09829837426894, 52.53819655434558, 52.860684084740605, 68.43582054928645, 35.409897351407274, 74.05672420922143, 52.330065051359874, 42.60955583597284, 76.71374967346853, 46.55726657781292, 16.84383120070408, 30.47656463575746, 23.298905185860296, 32.85073102241472, 69.25902697834759, 32.6382959345768, 76.91242804531421, 41.731732086871055, 74.03582430510687, 52.281627871252596, 65.28423876695567, 31.7842299748739, 59.88522818486831, 10.50225259452986, 68.1293017878955, 43.477568576350144, 15.711626048334862, 43.63861155007834, 56.232798679829955, 51.298938040226794], [12.750818641647987, 96.02742232638437, 20.948456296972136, 62.142348143450576, 44.51933557975632, 0.0, 73.91216223558979, 70.04887387991906, 40.75971047515638, 75.12394315094873, 41.971220364464834, 71.40514421423696, 69.71464375657368, 43.24479458591977, 26.85463811037566, 34.61948511803617, 34.384921309448366, 52.3698649538277, 61.29189962709874, 23.714801835200102, 72.6137979927766, 75.37606639689375, 49.75364045722857, 54.722983513501255, 36.62058066221813, 61.05889204288357, 65.93424300765778, 64.91227779460179, 64.54940970265234, 71.37203441781267, 77.28212270894804, 97.91302062435278, 64.38800018618402, 74.34984039334198, 49.61941825697545, 58.22657812941369, 76.93537493511877, 78.65560403923394, 72.33451617432507, 18.28805470684878, 51.76258795659914, 41.51871159176606, 45.973526397483226, 29.26164114924059, 59.36124210807196, 70.0801028309158, 53.56550336722571, 41.73397819297944, 97.67459319447626, 71.91205451895571, 42.293272173524215, 32.75372512892813, 46.21492843435269, 100.49316885620354, 82.78823554848073, 26.964959431727706, 16.776619642019348, 59.95300416727769, 45.3765814556254, 71.78220877594015, 68.25492534735754, 47.52289853228516, 86.49986485896451, 51.43348506049592, 50.129600247532814, 36.20332015721282, 19.09489539587302, 48.12004385711801, 18.776306813784444, 40.77209799938548, 12.346628672596365, 91.75421140676443, 3.3476408655947947, 65.70388629617207, 8.62821692548499, 51.96556108046132, 72.01104200532802, 52.336701243726324, 44.301246820514244, 36.497436837772845, 67.05848401263883, 30.596793717942894, 65.7768152120687, 26.612987072291215, 63.0507412273888], [81.18692352289283, 79.71545393521924, 73.24594860564254, 17.459443382812037, 30.126206120693425, 73.91216223558979, 0.0, 86.96583455746399, 85.51686797179522, 32.878281086099754, 44.93976558824426, 78.04972488240253, 72.69570723580594, 87.56586554503133, 71.88664009964029, 62.73782266851797, 45.83370222994052, 78.54607776654143, 37.34445091324091, 54.43950634503626, 74.66722418630498, 79.16133536638108, 65.7660739707308, 71.92163336169395, 38.28457645895701, 19.771357790246373, 44.985555283302226, 12.12684920830038, 68.76892821568694, 74.0316860525771, 87.834327160387, 88.12352929877648, 63.20321463716633, 36.69204220949737, 68.63442464429336, 16.02229573029265, 19.84942965379555, 5.9096708342450395, 75.48078841181807, 81.82711286624635, 87.52551071817189, 52.19652095818293, 27.948316723335125, 44.91752209231007, 49.74333387900653, 28.483605958581578, 37.16212446453414, 87.9410483574233, 80.38503730893265, 86.90571957631792, 65.4571692968213, 53.608012546257044, 29.151306596513553, 90.04335789820182, 8.9635919412987, 63.976433743313784, 82.66061038342148, 73.06730809831194, 96.65952544534736, 37.34790704101096, 96.714591047922, 77.45674118132597, 12.58913586445731, 104.99110656990885, 69.74760797102952, 45.07837272432989, 60.568653469489995, 44.50047109867708, 62.89666931510923, 98.40339439124519, 62.45813422326305, 88.2506127491683, 71.34215497513314, 97.65928528327277, 81.99531989852365, 91.37721921335647, 28.900568644533475, 84.81342995648383, 30.418427193899575, 97.72794315927888, 55.87248864713142, 45.779483872287734, 57.12305370134368, 80.66126236931402, 69.40367507662377], [61.974709915671326, 38.763198518305295, 89.38648499549889, 69.74273308398352, 67.2242748627055, 70.04887387991906, 86.96583455746399, 0.0, 33.5086127641003, 60.14957594163926, 47.44381906340451, 11.579654305799696, 16.4812673315872, 32.237251000294286, 43.19950147787602, 96.72944290675773, 53.337621980120105, 17.68624017821644, 49.86894151653517, 78.99533985693218, 16.35961515642536, 14.015721595451748, 24.700891067825932, 17.71609431899445, 75.47171025221796, 67.41281954518792, 43.65764627717787, 75.14644889771826, 18.58919177061348, 16.1030601877384, 8.36976142079652, 34.82352025674428, 24.470669993123785, 56.11748021824193, 22.991374228038868, 80.49689158165026, 72.98635357576649, 92.73630470927965, 15.225621261179722, 88.30705078346914, 22.270741364674855, 96.58345759259407, 72.08666943016175, 71.2207390654437, 37.31435644048035, 61.05073251131516, 50.310278886712425, 34.310512613753865, 40.41341696839817, 2.326476000156221, 30.218928563496206, 46.36162885928844, 79.21778892477008, 36.994353853063785, 91.86374867954987, 90.48525036711982, 58.608730774697634, 14.394354330159988, 39.297980707859494, 53.856785026793546, 13.806216774502024, 22.579230058540414, 95.5614031860268, 43.53125974224718, 22.025675242025148, 52.30359047247973, 55.30023188288744, 44.427793065169105, 53.86959777484822, 47.41060763757618, 63.62246619036073, 26.57055492046495, 67.34312250988279, 17.43310879881207, 69.69444567258452, 25.485256902072603, 61.714219716806376, 19.731245057977397, 76.97472857805126, 52.110049462797704, 33.167240966633855, 58.88652508492983, 31.33243351907403, 96.31694132029172, 17.64380147231333], [30.249730714519288, 68.49071751666072, 61.56693535238722, 68.70060619512716, 57.785630224675685, 40.75971047515638, 85.51686797179522, 33.5086127641003, 0.0, 69.61067314144528, 40.64066867462494, 39.58104208062599, 40.66215702231149, 2.6374001143616015, 16.88004897808854, 72.76273771439593, 40.833496940635605, 17.952819871297713, 55.09854316269086, 56.725108314356646, 42.841276652109556, 43.651072913677936, 25.850577913934824, 25.26037474123049, 59.91469862721011, 66.60321413189541, 53.96277420122293, 73.62095634716412, 37.41376866274353, 41.77364070926248, 41.768131409251886, 66.93435435943535, 40.83726677768991, 66.71484561659861, 23.343379166542057, 73.73223224983755, 78.44292703086573, 91.35053454231665, 42.06730130891784, 58.18708138633016, 11.824579221192002, 76.05831261503914, 62.00855660152319, 53.313063758470925, 45.34180013676364, 67.39399282160277, 50.602294682276685, 2.449610266022638, 70.23353224245633, 35.75207382410551, 21.635786784360377, 32.42771136749056, 67.06551637741661, 69.32762718514469, 92.8381112997409, 65.52198525408329, 26.376340469798997, 29.762723760565045, 11.424647537710268, 63.86743386383464, 28.073533115948702, 13.982410797044222, 96.85683316239468, 19.64193281206825, 22.825314148989605, 41.06289371027228, 32.574055875110794, 42.49501644835414, 30.170618252784077, 16.475651092251603, 38.70895993782724, 59.21463060982298, 38.826551799179796, 25.113846714720143, 38.162208036210394, 11.210575924630561, 68.86913205560137, 13.78258441097825, 64.61146422888487, 19.727581735274516, 48.17258018943843, 43.64168922065512, 46.12989315766982, 67.26330788328838, 35.430096236011266], [77.3612111281025, 46.87304710246424, 83.2043631490511, 21.6358752049895, 36.0018395428938, 75.12394315094873, 32.878281086099754, 60.14957594163926, 69.61067314144528, 0.0, 33.956740225108625, 49.606239415426394, 44.167203298376144, 70.92409024227622, 61.27482843032185, 78.95975776390034, 40.75147164699239, 57.03479392322171, 14.95307377149586, 64.36547983743144, 45.461247642240416, 49.6989796478201, 44.757829120065196, 48.91402171445789, 49.78842228622122, 20.491504258557956, 16.83458535914177, 24.932189170977512, 41.64872189104078, 45.128516849993716, 58.99580754839717, 55.4912669186358, 35.750424358164395, 4.222292825233914, 47.68784471382092, 36.51136261048342, 14.062139096783847, 37.51748911937082, 46.45096988367927, 88.97677106349549, 67.40049793554144, 71.51771186787904, 38.52554746529643, 52.452125200122715, 24.914885647072968, 6.2066035111326325, 21.836990493532724, 71.9985453933564, 47.513612994306186, 59.496844246369434, 48.002132123862566, 44.40274961359299, 45.273819922286826, 57.32055457585343, 34.40748697117575, 76.99473476785948, 77.13349016709279, 48.05525632354645, 80.94169614584932, 6.321583635256717, 72.11018691265483, 57.834800894755, 37.497792698323046, 88.84768752832792, 48.59794181667801, 38.96991107988299, 56.85307892347083, 28.939031888276087, 58.21595394568319, 85.2493093475539, 62.84320001633948, 56.338107254232355, 71.8736208165099, 74.11870604626533, 81.24496355459824, 71.81989554182857, 4.634081989533573, 64.06258528005812, 44.60061969234558, 86.46787538303458, 26.994253254185402, 44.97217458093989, 28.824362035756867, 91.50232245094156, 42.89775993972366], [43.404707654954755, 58.84178760727482, 53.73269413956502, 28.081314294973485, 19.88377988981513, 41.971220364464834, 44.93976558824426, 47.44381906340451, 40.64066867462494, 33.956740225108625, 0.0, 42.13832845802662, 37.98856102879777, 42.64017591099762, 28.505333686509864, 54.7754653041139, 8.680096413653201, 35.01299759213917, 19.468214668685416, 37.323864117581365, 40.82984997865345, 44.98069859108679, 23.14966749026448, 30.11113416554155, 28.93327223512121, 26.029300500332532, 24.242939526494727, 32.98562487658218, 32.60901343351004, 39.73475866221902, 51.219902696724574, 63.348425283432356, 29.283044589574487, 32.651037594666725, 25.588288203316576, 34.48259982559402, 39.235784130263504, 50.80579797515986, 41.127837501061364, 57.549668945559986, 43.02787038015334, 51.59331964612899, 24.726053126159634, 26.626072128650186, 19.112783463834116, 29.76501125807843, 12.14244882777626, 43.0773762157817, 60.29179660605432, 48.172478435907024, 20.883026153870972, 10.533686056841889, 31.775849730049305, 65.86495116396418, 52.20852947879365, 50.371332275860205, 43.27581374223544, 33.14022226077448, 51.89358041262045, 29.979393404233644, 54.27010463332991, 33.08863864107334, 56.229542385729886, 60.21040512621238, 26.717904915843853, 6.818824478491811, 23.145597949933297, 6.436720432157658, 24.3195441549692, 54.367794628899496, 30.06383601014466, 59.43505513519519, 38.64376662153387, 54.42626649652348, 47.49443443184894, 46.662909346504115, 31.582554764158782, 40.61435099190556, 29.55184166784228, 54.52451576746478, 27.979755080215668, 14.746273866684485, 27.413655373130503, 61.97434394554286, 32.1543610032364], [65.11313974585578, 29.19910262313262, 89.37010116468088, 61.21609265985621, 61.18733244801455, 71.40514421423696, 78.04972488240253, 11.579654305799696, 39.58104208062599, 49.606239415426394, 42.13832845802662, 0.0, 5.457509670007793, 38.97026519580012, 45.227986630834216, 94.72590850966125, 49.28863247592438, 21.71614430303783, 40.70551585614883, 76.82946184426861, 4.781011523531678, 4.137940208344475, 22.12350951835972, 16.724930815573412, 71.00654671283552, 58.91624208419686, 33.61370343229119, 66.55770634811886, 9.745397920396648, 4.616641236098146, 9.795475052498833, 27.556863866617565, 14.866114004504643, 45.478623513714865, 21.80746265813673, 73.12415741520265, 62.88890235485701, 83.68967218234148, 3.6476283056684915, 89.6224755827962, 29.960081444272333, 93.19204166741623, 66.00846989848654, 67.7687993756964, 28.476782167638024, 51.09858434828116, 42.490378257027956, 40.956350161091116, 30.926388112075315, 10.26187417221466, 29.28112662875934, 43.60324445794477, 73.48946212378439, 30.035344731678457, 82.31287356963001, 89.07607315523565, 62.250327620040075, 11.455584502207532, 47.46254475473693, 43.398994635504216, 25.268431227452023, 26.306687251179916, 85.88550562454888, 52.82812075188605, 21.276886508262507, 47.93474607860693, 54.66916834301333, 37.89228690279323, 53.73180927921998, 55.05702499753333, 63.26060672098241, 20.48096580084671, 68.41026150876496, 28.613951509766405, 72.43672916774165, 33.976407076114675, 51.57151508531845, 26.682550134305036, 71.40029985060798, 59.14996349953792, 22.73908373634337, 55.28123046191301, 21.149225795592944, 96.82194056432861, 9.98551986643357], [64.31335454233833, 27.977594902813866, 86.95254697504522, 55.952288396397606, 56.610939490733784, 69.71464375657368, 72.69570723580594, 16.4812673315872, 40.66215702231149, 44.167203298376144, 37.98856102879777, 5.457509670007793, 0.0, 40.39759132034821, 44.21704320901365, 91.46421130858666, 45.53671697558883, 22.76747488155874, 35.3618891773549, 73.5896855468483, 2.973904754391339, 7.038603921064265, 19.961644806701763, 16.04680300668648, 66.9218141684827, 53.66303631243129, 28.16472807951004, 61.273029330092776, 5.507680471948287, 1.7719219368447736, 15.153743136607616, 28.23143745334277, 9.641479708855439, 40.049878956894815, 20.37490474872207, 68.10877736553317, 57.431468340875384, 78.312685212564, 3.1441025865852055, 87.78829272490381, 32.15649885031551, 89.4049676061782, 61.39583219964941, 64.08132453537311, 23.27237933395534, 45.64648379077458, 37.467546918658456, 42.289274989531464, 29.719849669365814, 15.471427995784344, 27.435736695797527, 40.47300047813261, 68.95976486052413, 30.803487222684687, 76.87888388318551, 86.07715954804, 61.724483126370984, 10.982355578283945, 49.46807036861564, 37.949874468365756, 29.782646830835947, 26.845431126197948, 80.44136080590884, 55.42372285622918, 20.11431087007027, 44.07321820235289, 52.278696715973496, 33.33796797574029, 51.572569217082865, 56.67193973506773, 60.88451942058093, 22.330058537743113, 66.61615575138586, 32.80589361303871, 71.378081838474, 36.439525722118454, 46.11409267270545, 28.683484808244764, 66.92931235604222, 60.386564753980366, 17.281574333956744, 51.63767642727574, 15.70681087636747, 94.59392387365641, 6.684834698417256], [32.51686488345956, 68.04854803413271, 64.08848409075235, 70.64976193806663, 60.08482835647587, 43.24479458591977, 87.56586554503133, 32.237251000294286, 2.6374001143616015, 70.92409024227622, 42.64017591099762, 38.97026519580012, 40.39759132034821, 0.0, 19.500882736426682, 75.38498784978069, 43.14488427162396, 17.637926159967275, 56.550507397749406, 59.36224187643408, 42.44508206768932, 42.98616285572939, 26.70723593428806, 25.41824076893254, 62.44624264666736, 68.5264656963453, 55.05200465913187, 75.62308035195521, 37.45735196874277, 41.418831050582426, 40.56591056551687, 66.12375454673929, 41.195474364858995, 67.92646932997806, 24.050399788004952, 75.98794101968946, 80.07305303042911, 93.41597604587872, 41.62150819838575, 60.55474403410991, 10.11489466147245, 78.69336045602809, 64.35617369074876, 55.88836043933169, 46.44324631360384, 68.89534721344073, 52.31334434356188, 2.074375276920981, 69.78785402638283, 34.51752252953108, 23.116749424216668, 34.70443766469792, 69.51055710534055, 68.47919531920893, 94.78708363227342, 68.13267392255867, 28.56917630689125, 29.631518600997275, 10.066699382071572, 65.09353677942812, 25.96594409080103, 14.20865540763637, 98.801531240968, 17.97987006094335, 23.425240317044814, 43.31415653607416, 35.1921722262492, 44.22274902077911, 32.79738875515354, 16.29303745013518, 41.343919502696785, 58.2710740985526, 41.36526785730893, 22.83435596730892, 40.419462666907435, 8.821991503095411, 70.3296231411982, 12.584284614060945, 67.05603638500442, 20.190459776477226, 48.81781396354489, 46.095042571979626, 46.74792070291023, 69.70182962332542, 35.467242304676525], [20.12675917452654, 71.62731792676338, 46.703402470631815, 55.9692579275647, 42.768802613350054, 26.85463811037566, 71.88664009964029, 43.19950147787602, 16.88004897808854, 61.27482843032185, 28.505333686509864, 45.227986630834216, 44.21704320901365, 19.500882736426682, 0.0, 56.457155982933266, 26.09827348618506, 25.5166561943697, 46.322587372129384, 39.97977557483924, 46.99035229624366, 49.29936501993559, 24.708631084886935, 28.5274838483878, 43.37139656708749, 54.093859843517734, 47.803081818159654, 60.443535912502405, 39.44989825069527, 45.764971667401106, 50.53635642101309, 72.3714118844849, 40.56092516611846, 59.166871937631214, 23.844976559805172, 58.84089809646486, 67.7320829108026, 77.56312143720679, 46.56664879609327, 45.108103172865064, 25.95400719170024, 59.243524544564394, 46.609119651735014, 36.56153492145363, 39.66629201610701, 57.82320541661404, 40.14853990627656, 18.79642453474555, 73.33649483248283, 45.08393052094381, 17.351578023631447, 18.46123558109255, 51.002255762318384, 74.92309352150096, 79.79970235685855, 49.434227927108736, 17.92225676613334, 33.825241375613224, 26.11910391808966, 56.31835751867186, 42.13109096682559, 20.672210455663272, 83.81208666999953, 34.22572807240584, 24.13581473495377, 26.81715325030137, 15.694484901793302, 32.404292177021006, 13.304445059377455, 26.54722881785821, 22.231898325869064, 65.70513864621772, 24.232138799638484, 40.067453765458374, 27.21996982095362, 27.23490691533646, 59.54065163174637, 25.930563817939188, 48.56290364095628, 26.08682085997371, 45.40083856553656, 27.714004249919054, 43.69371337124704, 53.266129221089386, 37.73410942966802], [47.367684240311384, 113.57241600809348, 17.157330833624382, 59.160818064786916, 43.0084300951858, 34.61948511803617, 62.73782266851797, 96.72944290675773, 72.76273771439593, 78.95975776390034, 54.7754653041139, 94.72590850966125, 91.46421130858666, 75.38498784978069, 56.457155982933266, 0.0, 46.36483327046107, 79.96358345468086, 69.3818925796404, 17.896518084763947, 94.42085313323177, 98.15646129515846, 72.88483151055031, 79.39973445932812, 29.18596430651031, 59.385704269435145, 76.99014441910698, 58.9964856331949, 85.95653824907446, 93.23549701899279, 102.5911849823933, 118.01190677430064, 83.61162565590641, 80.06224790328734, 73.97643254432786, 47.69194506604081, 74.4283244147267, 65.38262507925647, 94.50669279898108, 27.31615159187094, 82.3720003529862, 11.776362925626076, 40.631863653584716, 28.313176187711882, 73.68408798564612, 72.82583998475283, 61.94419227609087, 74.22191949600717, 114.99186050273065, 98.15494867216216, 66.54848437117472, 51.12268830867773, 35.08210631752684, 120.54917211650789, 71.2565898663645, 7.658055492009587, 51.33103746233052, 83.99095220911767, 79.19043422793085, 78.31190575501553, 98.25471851673856, 75.67983865363384, 74.0206244424334, 85.76044743567833, 74.84422215405023, 48.06415469002215, 41.77760684356235, 60.837813607701044, 43.63570794723342, 75.24921053130181, 34.22636391808182, 113.58314369561982, 35.17519559501321, 96.45833494593063, 41.89270130444777, 83.60534228670302, 74.64165503024284, 82.01759146663912, 34.990180960267864, 71.11111805931237, 82.67224206837253, 40.162686235176864, 82.18510460291364, 20.889868163313547, 85.02822280891257], [37.54091616461443, 67.4086263552448, 45.09225690142396, 30.490866105220224, 16.954048406397668, 34.384921309448366, 45.83370222994052, 53.337621980120105, 40.833496940635605, 40.75147164699239, 8.680096413653201, 49.28863247592438, 45.53671697558883, 43.14488427162396, 26.09827348618506, 46.36483327046107, 0.0, 39.00978982019993, 27.06646614498289, 28.756875847698126, 48.45040354077076, 52.416979491732214, 28.63673599510208, 35.64132530690034, 22.138142193743743, 28.847008325282207, 32.701327040815116, 34.611675467630356, 40.05841341462474, 47.30428996193467, 57.93687576213928, 71.64776193815335, 37.302517847436384, 40.00572021531212, 30.555589664910432, 32.95825278987792, 43.81462180546898, 51.47718118436802, 48.64288537173658, 49.210484611700544, 45.49913366207675, 43.909509613744696, 21.24836286068755, 18.546148836114902, 27.782289616929596, 35.85858460582829, 19.239289907394205, 43.166246575127545, 68.8785945584338, 54.332247128989316, 24.295636555077067, 8.483504583873158, 27.04987216984349, 74.18433901188128, 53.905217016762585, 41.754659311816425, 38.106865713739715, 39.41806754478787, 51.5135603956602, 37.49079889267968, 58.52678083107821, 36.13089589149475, 57.899201963408174, 59.80734529377666, 31.620169286966632, 1.9232708438253783, 16.43280536256226, 15.084361400544768, 18.22237127003132, 52.644967613403125, 22.163670397892226, 67.39209873992849, 31.123741239084374, 58.09712299328407, 40.64595441578446, 48.58131453546508, 37.771278462249356, 43.63008984148786, 24.63477727337309, 51.90503342944159, 36.59975411161975, 6.202168192498088, 35.950757479762565, 53.35386432923978, 39.35676212493408], [44.4817494653444, 50.53827045024521, 71.87641492489985, 61.10559872352971, 54.67180578021634, 52.3698649538277, 78.54607776654143, 17.68624017821644, 17.952819871297713, 57.03479392322171, 35.01299759213917, 21.71614430303783, 22.76747488155874, 17.637926159967275, 25.5166561943697, 79.96358345468086, 39.00978982019993, 0.0, 43.80559349425161, 62.46264073837847, 24.890571187520873, 25.82470297307746, 12.865848354222164, 8.463509079087615, 60.85135787051564, 58.81857208310506, 40.39084390418116, 66.42239826694113, 19.97697472724026, 23.83204465706679, 25.259181880440316, 49.2149298593497, 24.249262684456298, 53.57544453049997, 9.931792169842737, 69.45415204169629, 67.8865991237226, 84.45214327325289, 24.115441101000805, 70.62225750146439, 10.576586737217221, 80.71782129027744, 59.42369141804465, 55.7468523399988, 32.12902098185773, 56.11057144587632, 41.52415731123791, 19.52206692143125, 52.280974555565116, 19.6174726454335, 14.714867565693607, 31.10811361927113, 65.91657453468687, 51.655515861639365, 84.74972095412934, 73.45857679726824, 41.27372343797392, 12.029022225887704, 26.97785691916397, 50.86624166983895, 19.51715595612998, 4.934175364952437, 88.6719425737408, 33.62748614317228, 8.842264395910577, 38.3834733106048, 38.23501412488469, 34.070061732652775, 36.60623338503931, 33.92595150880221, 46.342595745420844, 41.74109990171456, 49.69109410659712, 19.414886192185556, 52.12351066074086, 15.101998040663261, 57.26903843384289, 7.0820495843896945, 63.54144003759731, 37.64876619675591, 32.54453826973253, 43.87730728192087, 30.42823316796567, 78.69441105830441, 17.993469862946768], [62.72393778563014, 46.98458830914925, 71.31535424210765, 20.762814842968677, 27.209224556627007, 61.29189962709874, 37.34445091324091, 49.86894151653517, 55.09854316269086, 14.95307377149586, 19.468214668685416, 40.70551585614883, 35.3618891773549, 56.550507397749406, 46.322587372129384, 69.3818925796404, 27.06646614498289, 43.80559349425161, 0.0, 53.29173111520696, 37.40470867776524, 41.917206422907405, 31.089297747479783, 36.174381777708035, 40.61981338548232, 18.540416936283556, 8.764744112544534, 25.98994149765756, 31.48337517176455, 36.72703069985667, 50.49204539185918, 53.83816890945443, 25.861882711765027, 13.195902579364052, 34.068447370983456, 34.195999525380415, 24.08214223380598, 43.007400926443154, 38.18510290956496, 76.15973398836447, 53.84161186536373, 63.60852194192514, 31.105897838843845, 41.49701522710596, 12.565519033826247, 12.400673790872627, 7.902137167122523, 57.51406838202862, 48.098746104803865, 49.68037610689524, 33.467628078967394, 29.71173402508254, 38.75345513604227, 56.08629006289604, 42.01411402216455, 66.32377694594321, 62.33841517228769, 36.40219452631078, 66.49292749932508, 10.514062305039717, 60.4978207155436, 43.98811416830688, 45.75902303914213, 74.52661391885816, 35.07200801588362, 25.18263924611156, 42.60241441513827, 14.040034046441074, 43.77332249959642, 70.49615124113491, 49.18960038806271, 52.40247444385909, 57.98538433995991, 61.97719927435509, 66.96264801909264, 58.14178364369038, 13.779115811582237, 50.664867950597646, 37.366943790298336, 71.57831659247897, 18.873301527166596, 32.076789533478546, 19.90467538683682, 79.64522624351245, 32.2310132866102], [35.334739914371845, 96.15431441242644, 19.344227899228652, 46.56597738276205, 28.82142996425501, 23.714801835200102, 54.43950634503626, 78.99533985693218, 56.725108314356646, 64.36547983743144, 37.323864117581365, 76.82946184426861, 73.5896855468483, 59.36224187643408, 39.97977557483924, 17.896518084763947, 28.756875847698126, 62.46264073837847, 53.29173111520696, 0.0, 76.54967073491967, 80.26497910461376, 55.01227514909007, 61.57664059373617, 16.34461437217279, 46.23817798098262, 60.36383420958283, 47.76222563896058, 68.08246286743166, 75.36036704045748, 84.73601321264975, 100.31268667511722, 65.84874563523445, 64.8940163162442, 56.16058596943007, 38.42871463882362, 62.13485319932393, 58.39839840620255, 76.62443042286439, 27.387764879606962, 65.57543044850638, 19.42311010828393, 28.019637651410513, 11.925665691895455, 56.394044789444294, 58.449897376717736, 45.56657546347573, 58.4195017987631, 97.61298193907794, 80.37410283712147, 48.78124598770165, 33.226311668797436, 25.325800961341553, 102.86136768044793, 63.38648132809379, 13.119232534017327, 38.691754381621465, 66.11995136766765, 64.34719071599419, 62.86282310049838, 81.10505574064517, 58.331824137229155, 66.75858308658376, 71.56759396089535, 57.04832694445817, 30.53085813580491, 24.619467748635603, 43.55496222941332, 26.75527969729987, 61.598277400192025, 18.227043242387367, 95.74557350366373, 22.68321573100187, 79.55303605788679, 32.288382319213895, 67.19446031680438, 60.35400027013828, 64.94219941580145, 24.065651960636746, 58.23651655243514, 65.30323419881681, 22.586773050126062, 64.70229375780696, 27.422279003176182, 67.13822053385128], [67.06016527318174, 25.651612932214473, 89.9180737680626, 58.09675303999361, 59.288472951302545, 72.6137979927766, 74.66722418630498, 16.35961515642536, 42.841276652109556, 45.461247642240416, 40.82984997865345, 4.781011523531678, 2.973904754391339, 42.44508206768932, 46.99035229624366, 94.42085313323177, 48.45040354077076, 24.890571187520873, 37.40470867776524, 76.54967073491967, 0.0, 4.5213775118087725, 22.871590050686574, 18.646355706538625, 69.75831695483718, 55.82539994076774, 29.870939615977953, 63.380375461703444, 8.46966521780338, 1.2421456051931785, 13.534757163854962, 25.39290161842337, 12.073258582541058, 41.29317328972047, 23.173385072973577, 70.51192528712942, 58.94759319941668, 80.22766484784462, 1.1341055320682953, 90.70839089029846, 33.85433734845916, 92.29781055843651, 64.05328345143285, 66.99650643953004, 25.5759199345262, 47.2797900737182, 39.90231338163689, 44.377298429389725, 27.394973958607697, 14.977059909009142, 30.32303278781268, 43.44353865413925, 71.64922292001462, 27.955435459481144, 78.60464113512313, 89.04772806974941, 64.40940640601043, 13.444006495558256, 51.288772628915126, 39.32954983750269, 30.03652424751451, 29.168712408326712, 82.10798147493504, 56.969881697431966, 22.857959911663023, 46.96991899137776, 55.238444200431196, 36.05525962000949, 54.51545016085306, 58.66841799826646, 63.84513922314508, 19.3594629223697, 69.52701963696774, 33.329360977055266, 74.17920677532973, 38.022643544814144, 47.644934648940854, 30.456740296942833, 69.64382301374374, 62.53543475997682, 18.90680805220871, 54.56357451463446, 17.544469643895965, 97.5494472598198, 9.63431309459824], [69.21809089548874, 25.396248005892513, 93.15044437910234, 62.61629091534324, 63.64754328278006, 75.37606639689375, 79.16133536638108, 14.015721595451748, 43.651072913677936, 49.6989796478201, 44.98069859108679, 4.137940208344475, 7.038603921064265, 42.98616285572939, 49.29936501993559, 98.15646129515846, 52.416979491732214, 25.82470297307746, 41.917206422907405, 80.26497910461376, 4.5213775118087725, 0.0, 25.888106323590637, 20.774937614037924, 73.91111575042993, 60.34591375352034, 34.313586633531955, 67.89675482290603, 12.383341512979635, 5.371179099057021, 9.45445174851885, 23.42145941713074, 16.54171648497571, 45.50967566685791, 25.756665635498308, 75.01185328327038, 63.285974056424955, 84.70774468150115, 3.9074152826890964, 93.56778803590447, 33.823095358460456, 96.31546925926428, 68.42938156466029, 70.94883554942427, 30.087667853779582, 51.67782684541372, 44.39045411251633, 44.9855708341963, 27.106925146124034, 12.197264709971975, 33.16506835051838, 47.066193545464635, 75.99776142371438, 25.897510716430407, 83.0244804347571, 92.63066230041181, 66.37527164469122, 15.482465451312544, 51.32579550643937, 43.6226676139781, 27.80484309832893, 30.439343146731755, 86.50343276193836, 56.47729641363302, 25.2759577508341, 50.99022903975833, 58.43889393052247, 40.376571895735864, 57.57234341677078, 59.00914784180103, 67.04192812860052, 16.412745602356033, 72.35653117554139, 31.426562181933434, 76.51557874572214, 37.73530585515777, 51.9992435474761, 30.614478093603967, 73.96778132264953, 63.174895839440104, 23.349916653676388, 58.481465270665964, 22.040724847814882, 100.66441089315175, 13.130266491873078], [44.814286357481535, 46.93389558081585, 67.26698274748288, 48.31160770341245, 43.032496754521254, 49.75364045722857, 65.7660739707308, 24.700891067825932, 25.850577913934824, 44.757829120065196, 23.14966749026448, 22.12350951835972, 19.961644806701763, 26.70723593428806, 24.708631084886935, 72.88483151055031, 28.63673599510208, 12.865848354222164, 31.089297747479783, 55.01227514909007, 22.871590050686574, 25.888106323590637, 0.0, 7.0325486589711925, 50.771526531969116, 46.01404794634003, 28.470637911587872, 53.652130314159294, 14.867735128389212, 21.62944608991167, 29.741950602473157, 48.169031870941836, 16.068483036821437, 41.51767784471528, 2.9801344892100614, 57.219879276147296, 55.142683859034655, 71.66697893023105, 22.639737655099204, 67.83745082609705, 22.761423689