instance_id,num_cities,city_coordinates,distance_matrix,best_route,total_distance
23,79,"[[96.37023206393458, 39.43402437198827], [11.747930468452061, 25.942494550126384], [16.111788139385187, 20.093736592454036], [62.96659053203515, 33.85601715969041], [41.98596321519318, 86.69491209065804], [7.454102334968249, 30.681350213110115], [99.11724801989652, 79.5552860108583], [99.59774741443378, 6.954848332599495], [97.60305501070732, 83.42410641311349], [71.33285631202637, 98.48864881658955], [95.19432250634, 4.626168343219527], [66.53450325610048, 69.91817659831212], [87.50344222433122, 48.055301361360904], [14.758367723609812, 36.41089740834115], [6.334010871531525, 79.72621002938416], [71.68158295168064, 53.8175703291141], [46.940080490148674, 77.31397985937588], [95.73105034599132, 49.11059149276893], [12.70906996224933, 58.73094266088004], [31.59832832018622, 15.549492153499124], [99.62722542037847, 28.42532355038092], [6.005345110014737, 45.11279282639755], [62.43638191542728, 90.45535981009171], [2.6334211410102726, 2.5250328503513053], [80.40575601240698, 38.495380473239926], [45.97310810433194, 48.891504051270395], [72.46627192891822, 63.58447395650947], [66.11949780983794, 81.52215916742061], [71.86859751366524, 13.799373323215603], [56.632378781755364, 90.02351261845762], [75.05071199413216, 70.12537708232777], [81.27413897015968, 81.58577666532267], [60.1764633073598, 21.42133348450599], [65.96884912572462, 26.368110387137335], [4.500229695227875, 73.30414344931164], [56.162276150369486, 30.69338091162316], [30.30221183235755, 48.901329058135744], [41.93716982328854, 22.682802377122158], [88.77236341006875, 25.73398013894139], [11.727140066545537, 79.49889501325553], [93.9481058129416, 8.994693272477484], [14.089731252622162, 7.780071713011849], [36.9795776771494, 28.630579555577274], [28.811919149869247, 38.18555148251136], [42.72385912264183, 51.16055755220561], [72.22224768762891, 67.55160314710484], [69.30649596934524, 54.81951666250745], [34.58055284892742, 16.7998297332991], [28.877988988831447, 49.205688030260006], [72.43650064689675, 65.17528452070258], [25.62805272158286, 72.99745598223933], [22.090043966380257, 67.89210738503915], [77.92856580852599, 88.34677323297136], [24.565242928004526, 10.680981953330072], [64.71303206259245, 26.34490624361563], [31.886939124307712, 37.6683378055145], [69.00620781119636, 6.5882806996002685], [99.25468499550735, 81.37947086949676], [40.94862134980387, 8.373213045125683], [78.486438230927, 43.387981905649184], [78.3117041539155, 12.457952308653553], [69.86510798377041, 51.011673702665185], [70.40070505144246, 96.60114111450946], [81.17401060125063, 62.55125117253131], [9.784259409321628, 96.37632031720374], [77.12236963829099, 96.13350017759048], [42.87210156478689, 39.44505308489139], [68.92531111354636, 13.13497091683773], [79.04102723089854, 58.707920272683324], [61.37667909183335, 75.82583868566871], [99.55421295812866, 33.05845223365289], [45.22823637349468, 31.389883511962267], [77.40396274347565, 90.27974140560858], [11.59188344298705, 12.710203061339975], [2.3295204660754854, 98.29603486744126], [49.27319857293744, 27.76974044228172], [13.465131172879651, 21.617477785843995], [55.423002851254054, 52.798127565657225], [55.289119495640726, 66.4923591421829]]","[[0.0, 85.69104564801968, 82.55582688451034, 33.86616943281427, 72.05026166620698, 89.34588648007171, 40.21519280268308, 32.639144160582916, 44.007353594632534, 64.14295637741637, 34.827713169358894, 42.65506125247397, 12.367149185935267, 81.66783759682819, 98.64066783866271, 28.57299055557097, 62.275443895117405, 9.69765458817369, 85.85779580010555, 69.03528368802036, 11.480396313001481, 90.54314554594127, 61.27546699772119, 100.74156727560045, 15.992046397145542, 51.276837122462894, 33.98004598688694, 51.831631398890565, 35.46075901651422, 64.33034512977262, 37.36952056418669, 44.77345472592594, 40.42828131163129, 33.09021294605411, 97.91466846973563, 41.147035942439615, 66.74288842521294, 56.952275663184274, 15.665848846099534, 93.64639278893738, 30.535546062931214, 88.15925097627081, 60.365256964513975, 67.56984777510252, 54.91306684372132, 37.06377457320273, 31.13132159769648, 65.80479636345328, 68.19595505570103, 35.14876916176, 78.30044622836739, 79.54501136203166, 52.27381806806805, 77.34787594459328, 34.25643480141314, 64.50746249379802, 42.75082105289514, 42.044506782572746, 63.532109475694284, 18.315672579501786, 32.46257682691203, 28.923408625696624, 62.789295026346686, 27.66462220401142, 103.63182777534074, 59.87746458047946, 53.498131635939814, 38.01136538734072, 25.918804049109777, 50.48675963708357, 7.126405435120239, 51.77076322961555, 54.26791236632535, 88.89055641820663, 110.94319139721252, 48.51995551569392, 84.79790732094894, 43.07290139248609, 49.19157743338543], [85.69104564801968, 0.0, 7.297343586511293, 51.82639268558986, 67.86158605140383, 6.394819233918192, 102.50721466129625, 89.87836806665139, 103.3210438997461, 93.87921967420543, 86.12598973074358, 70.25260969828396, 78.91687897063673, 10.892666839168488, 54.05551383675557, 66.09888463253156, 62.26971114456881, 87.12017642491784, 32.80253219856848, 22.406534620249335, 87.91436129036133, 20.011937002702762, 82.04406678208245, 25.128704557546456, 69.79593077983021, 41.207036065350906, 71.43973406543681, 77.7519546643669, 61.334737295376364, 78.2367597556506, 77.19695109097438, 89.05093212973262, 48.639116874285946, 54.2225891015846, 47.91299357113778, 44.66771791319446, 29.518967442936276, 30.364712511175746, 77.02471517790427, 53.5564044985086, 83.92911768159787, 18.312772434202287, 25.374432444109843, 21.001717852812746, 39.94319538502511, 73.4061370824046, 64.3962022839822, 24.595059762526205, 28.88970536031397, 72.26558212025522, 49.059425079585814, 43.205663154303124, 90.9624674903997, 19.929808464407564, 52.96663026895962, 23.303971114180513, 60.44084643707864, 103.58904590396004, 34.07873237886384, 68.9809643846303, 67.91589539063489, 63.29352309461933, 91.83023630914542, 78.48682477998614, 70.46119368997006, 95.91972981491173, 33.926878922451436, 58.59424476048182, 74.84606866536399, 70.36590589246838, 88.09415473463962, 33.92056794920691, 91.92385929149295, 13.233211579898724, 72.96397222891704, 37.56972948883058, 4.653444774638495, 51.27120997507143, 59.49896352320344], [82.55582688451034, 7.297343586511293, 0.0, 48.83413635629905, 71.45060890990456, 13.676735197710917, 102.10574043222306, 84.51352424777953, 103.20640638019783, 95.89123334673194, 80.58097113739271, 70.88670553523262, 76.67214212026664, 16.373194065708727, 60.4287747394065, 65.00230040066667, 64.99646027892486, 84.74198948945103, 38.78675268396448, 16.139488352873443, 83.92999228805529, 26.983205249620337, 84.24206793720181, 22.143299847146913, 66.87551721199937, 41.485055630443476, 71.18477421228495, 79.20998754281531, 56.11096862971572, 80.82135757987218, 77.31081292590083, 89.59577533631939, 44.08466979763946, 50.250316384187855, 54.46260815802343, 41.42938630502377, 32.11301151020989, 25.954837713933603, 72.8791571433861, 59.566752351653186, 78.62366763003051, 12.478583926732782, 22.54644823402232, 22.104458683703584, 40.906597103195345, 73.4889976025945, 63.526032007268746, 18.76019968692286, 31.788073245253095, 72.14443292909579, 53.7527935727208, 48.170777377560086, 92.08578072671038, 12.651515630926633, 49.001612553983314, 23.61613847340857, 54.59136352291912, 103.28931466276683, 27.46341122558585, 66.58242139449115, 62.666855305203875, 62.01079123381471, 93.81188328876937, 77.68998221131694, 76.54456348790048, 97.49018771608797, 33.02404918564973, 53.26999745326055, 73.83186516625013, 71.79817237691728, 84.4436031401361, 31.2309220644651, 93.18157510651162, 8.657141899588316, 79.40749560154147, 34.038216419857804, 3.053945042528719, 51.13656999692871, 60.726398433548255], [33.86616943281427, 51.82639268558986, 48.83413635629905, 0.0, 56.85187367302903, 55.60319105996707, 58.269144582154205, 45.447932173054355, 60.47048985924983, 65.17186109048791, 43.50874360449145, 36.23823042841799, 28.34919333613466, 48.275875542880904, 72.87882870152478, 21.78106282554199, 46.31893291225459, 36.14155316230567, 56.07655742386634, 36.31937130504349, 37.0606878443265, 58.062883828123894, 56.60182602738767, 67.98324724929043, 18.045724829080758, 22.690180939946934, 31.209375036399297, 47.77030372735266, 21.94344299065654, 56.52353301597501, 38.22947110160598, 51.12040954726174, 12.743867859946308, 8.067360441794358, 70.52992285024602, 7.5033967136311714, 35.962800863634804, 23.813384134197776, 27.05375018734135, 68.62035836951618, 39.723289321579905, 55.39767417462303, 26.50716950703105, 34.427989262752874, 26.63109635574602, 34.94366472505615, 21.90120344544209, 33.11616923605448, 37.38509263070138, 32.7196532013119, 54.094534279554665, 53.191611152156625, 56.50754995230396, 44.85248883419547, 7.711474905180788, 31.312593637902797, 27.928595176551074, 59.793849619321115, 33.67735548482041, 18.21329252263302, 26.33153416414617, 18.490702919370296, 63.18399036776065, 33.98421104908236, 82.08013554175768, 63.86603927871166, 20.8572723391159, 21.56080027195105, 29.59737494311536, 41.99992544410236, 36.596314358219544, 17.90896488974912, 58.24151761545271, 55.55633161366475, 88.48372815585556, 14.985050804930657, 50.99192411246425, 20.388949500390368, 33.52721848756436], [72.05026166620698, 67.86158605140383, 71.45060890990456, 56.85187367302903, 0.0, 65.80249638168068, 57.575671633038574, 98.37477037716079, 55.71318577833172, 31.62803124441262, 97.80801704736936, 29.733645452923668, 59.70645201867999, 57.18237568363832, 36.326636430221896, 44.30292803911977, 10.608730720586744, 65.58289064612809, 40.4860477796219, 71.89974782116177, 81.96255277417923, 54.987976156045946, 20.793282378342255, 92.91496724978249, 61.63826187295785, 38.0130896371161, 38.25103358128105, 24.681670624894434, 78.78281160768458, 15.019889161445324, 36.98414663347836, 39.61898558705857, 67.76086154747904, 64.91919454501478, 39.80568932120026, 57.76797852471958, 39.558374142677685, 64.01212830997613, 76.84531519628818, 31.102717568074382, 93.47399781619421, 83.700369112322, 58.279761572092696, 50.26642521252441, 35.54201517689541, 35.78685758775673, 41.981571476918994, 70.28629055822185, 39.71474422641659, 37.28712379131927, 21.335452644812193, 27.37504461280252, 35.98054094112176, 77.98460790596464, 64.48754037899475, 50.055921465147186, 84.54091323643624, 57.51487120499055, 78.32856834849359, 56.637221669353096, 82.64796217948823, 45.28289097309948, 30.09204092602712, 46.028463155545005, 33.62557647461392, 36.38205603596218, 47.258167730451085, 78.33768831593392, 46.43651020724324, 22.22918394569696, 78.68273765227742, 55.39998665454169, 35.59895633024578, 79.98460636492554, 41.31851281442797, 59.37406549117022, 71.05286986521547, 36.46294057416935, 24.189194129981928], [89.34588648007171, 6.394819233918192, 13.676735197710917, 55.60319105996707, 65.80249638168068, 0.0, 103.8787460321831, 95.14934692375132, 104.44439669080212, 93.15752762693386, 91.52714754647315, 70.92265024506773, 81.9130697460702, 9.283318583894818, 49.057648529912605, 68.26751751474747, 61.104374790985055, 90.18013353441405, 28.53759487500241, 28.494153378570296, 92.2007281729441, 14.503979915783928, 81.21565914996818, 28.566014328326823, 73.36895013000516, 42.60661343347694, 72.86424189810776, 77.62999730356533, 66.59000174829032, 77.07136376903716, 78.2632282305869, 89.66971864152202, 53.52938684794722, 58.67350023462628, 42.72502623554248, 48.70817530116526, 29.223342326261598, 35.39856933392421, 81.46862006275167, 49.00419912384742, 89.17131672745646, 23.84324072083885, 29.59661052336137, 22.637786459602253, 40.78423319248885, 74.52736546960536, 66.3955546542141, 30.47196955101013, 28.321970463254623, 73.5699911267266, 46.053721675009726, 39.9856378809488, 91.06015052670057, 26.321205575001134, 57.42290292081698, 25.41223148782713, 66.09945300181786, 104.86966394007378, 40.243456461153954, 72.15990044204709, 73.1634605982838, 65.63882752826082, 91.14655026949649, 80.31385597736174, 65.73628167890935, 95.5910634108652, 36.4861228067371, 63.92640248839437, 76.8776719559049, 70.32545146352767, 92.13078199393757, 37.780778469959344, 91.89641562054392, 18.441349257807936, 67.80860506038763, 41.92033255614884, 10.875948283619113, 52.822033823050255, 59.754641888977645], [40.21519280268308, 102.50721466129625, 102.10574043222306, 58.269144582154205, 57.575671633038574, 103.8787460321831, 0.0, 72.6020277316198, 4.15458202157371, 33.62208574300249, 75.03174007735505, 33.97806842909209, 33.57274963382769, 94.75156438142983, 92.78339458518344, 37.618422697524444, 52.225283768420496, 30.632429857693978, 88.88209331018169, 93.03518777713455, 51.132505690204816, 99.27795223644009, 38.26614099961917, 123.46168940674143, 45.12245312374416, 61.35606841568528, 31.069943100643602, 33.056317231951695, 71.17814979188225, 43.755546876824695, 25.848043227288862, 17.9582692055406, 69.97100221066093, 62.67130124766578, 94.82329323523552, 65.0585534594685, 75.33375261031183, 80.64763317816455, 54.8064741006853, 87.39012614731112, 70.7496804144539, 111.27155968670029, 80.33937890711165, 81.57385734699929, 63.13853748351818, 29.452155187120745, 38.736794176522416, 90.01795552108051, 76.5156951665277, 30.30918545983569, 73.7812100759939, 77.90519815750294, 22.940150423025287, 101.49714883990751, 63.36398496473375, 79.21130515370544, 78.93578786927458, 1.8293548919635225, 91.92647409959493, 41.63777370113964, 70.24900601079193, 40.870839241365786, 33.394625559717525, 24.72037560080615, 90.90286051182521, 27.54290943200551, 69.08217776772857, 72.96034067454733, 28.94248260584822, 37.92438951868904, 46.498886972295516, 72.27677063972001, 24.217363626316224, 110.13153299055135, 98.58539381033178, 71.87608778381043, 103.40732441318443, 51.23604774881676, 45.73341129103586], [32.639144160582916, 89.87836806665139, 84.51352424777953, 45.447932173054355, 98.37477037716079, 95.14934692375132, 72.6020277316198, 0.0, 76.49526932542783, 95.7984378790899, 4.981255003928169, 71.11651580729647, 42.84296275003358, 89.8074561129325, 118.29537453826391, 54.54747428831233, 87.88195079258976, 42.33270635814905, 101.14547055247087, 68.5404179996245, 21.470495453766336, 101.07208564734378, 91.39640311715532, 97.06546159610892, 36.92069476174903, 68.0755832439565, 62.79356225223517, 81.73785562225407, 28.5613948638098, 93.52232828570163, 67.77221149147923, 76.84744686860543, 41.991866275517864, 38.83011130180424, 115.95588315751488, 49.499071637119854, 81.00233636670352, 59.76713768092878, 21.67590206293441, 113.94683999344586, 6.006614487717431, 85.51199811462844, 66.26365900927998, 77.36918186421735, 72.03321384636118, 66.49349351133215, 56.64438532142151, 65.75833975967636, 82.37971647761941, 64.2444745943184, 99.16219924002212, 98.59408519082444, 84.22706732670672, 75.12496789527145, 39.91137320328072, 74.35100533889953, 30.593735749757762, 74.42541321069649, 58.666274354202784, 42.10772610095798, 21.98589982374881, 53.1510461722279, 94.28109615551907, 58.56956621745989, 126.73855877173997, 91.96724716479474, 65.37134159481059, 31.288852068879233, 55.686256831822135, 78.76587697685746, 26.103640203465414, 59.60800848080311, 86.22993612226124, 88.19385580307973, 133.43283078489378, 54.45934217044733, 87.37173617994544, 63.6632885426309, 74.21569713643677], [44.007353594632534, 103.3210438997461, 103.20640638019783, 60.47048985924983, 55.71318577833172, 104.44439669080212, 4.15458202157371, 76.49526932542783, 0.0, 30.283060900349998, 78.83474510864127, 33.8772054380379, 36.782530489671466, 95.25483731875974, 91.34392621156384, 39.35059964727424, 51.030095372960695, 34.364541429406955, 88.41233530171243, 94.67622302554022, 55.03601895331269, 99.28694379318523, 35.86270236503115, 124.75532638191251, 48.10756185276084, 62.11402453098907, 32.02294302081017, 31.540953970129266, 74.2284700132408, 41.49877676414985, 26.18137462683667, 16.432070938286103, 72.42301856016182, 65.23886621094577, 93.65121319082526, 67.06614320553216, 75.63878402524853, 82.39051395453015, 58.36207487466078, 85.96557480777108, 74.51909952554263, 112.67872572421528, 81.71619539295716, 82.33314779135672, 63.66052722386813, 29.93529255411889, 40.235777715632224, 91.70948708743285, 76.77261788121598, 31.086572004767092, 72.72630881412255, 77.09382485509956, 20.280980597251194, 103.08289940625335, 65.8770726544306, 80.07620275754117, 81.98489972445877, 2.6283865988304367, 94.03383140535531, 44.36593628767641, 73.54149336434364, 42.660983339328894, 30.22585130030436, 26.562936323046053, 88.76880480154763, 24.10367530449319, 70.21135518380281, 75.91426456104917, 30.91017199283733, 37.0146455429942, 50.40343379434384, 73.82873410947533, 21.330800725018776, 111.34800295333446, 96.42728161976673, 73.71013142649201, 104.39947111939456, 52.12588014162482, 45.57579625656451], [64.14295637741637, 93.87921967420543, 95.89123334673194, 65.17186109048791, 31.62803124441262, 93.15752762693386, 33.62208574300249, 95.7984378790899, 30.283060900349998, 0.0, 96.84799847986606, 28.970607084158175, 52.96234874216824, 83.98999927934969, 67.65263496598611, 44.67243964127543, 32.301302106013765, 55.07689549342371, 70.83377389881218, 91.96595251895661, 75.56084217766644, 84.36033263646291, 11.986700503110187, 118.01960846457803, 60.675446067501824, 55.704520445199826, 34.92257226527938, 17.749390915963765, 84.6909700158625, 16.963565971544018, 28.605902089333576, 19.609594280631498, 77.87063758162876, 72.31973891302975, 71.42030027306558, 69.47189973469433, 64.3616039828415, 81.30579769332735, 74.8156281950304, 62.557590735641476, 92.30719142580469, 107.26053014376859, 77.8479132272785, 73.78681213625794, 55.3030102518124, 30.9498273302902, 43.716121046235074, 89.57563827886615, 65.04787454865054, 33.33164069661691, 52.33287669676725, 57.9741573054848, 12.097976033858146, 99.48565736630832, 72.446819568073, 72.49200379534459, 91.92981536631385, 32.74679353852752, 95.09991324139246, 55.563092321259624, 86.31329595630578, 47.49965737900949, 2.1051345082962785, 37.26050009287958, 61.58483346069025, 6.2502151696381505, 65.54510475779804, 85.38762559585145, 40.520639955441254, 24.753351851215182, 71.25696875273489, 71.99788529908805, 10.210019303803646, 104.53193576857547, 69.00360467397697, 74.07963621144134, 96.21772471025267, 48.38126878581366, 35.79335195203139], [34.827713169358894, 86.12598973074358, 80.58097113739271, 43.50874360449145, 97.80801704736936, 91.52714754647315, 75.03174007735505, 4.981255003928169, 78.83474510864127, 96.84799847986606, 0.0, 71.30520024121297, 44.1048663326351, 86.48821783082712, 116.34505251663667, 54.521949256268485, 87.24671807905118, 44.487660982816614, 98.64655843579843, 64.52727701979626, 24.20847820123867, 97.94815185108952, 91.86801826323877, 92.58474621621906, 36.95707279065537, 66.19779371364947, 63.1873886455196, 82.20911650156535, 25.064659104781715, 93.70021298311744, 68.52672026236776, 78.20839355703754, 38.837199113770886, 36.425819663559245, 113.76327498583902, 46.936129088592, 78.55746867138761, 56.23492104146805, 22.063120301484922, 112.12803281714994, 4.542803771290706, 81.16589079717312, 62.96958212645007, 74.38316793516503, 70.13272350874028, 66.98751052796695, 56.47611688413868, 61.82416278221796, 79.9073818037649, 64.68472714374307, 97.54024228585449, 96.67892523032751, 85.4824311625146, 70.88813476129856, 37.42743169257273, 71.41155196083218, 26.261516258302, 76.86062706115317, 54.37496149849035, 42.209377958093015, 18.61073997762717, 52.850583873610255, 95.25817068776475, 59.597687595229914, 125.35138318138279, 93.2747943439741, 62.848783113999346, 27.61269057501521, 56.44258002621479, 78.82275092245996, 28.764620838415283, 56.68250358857226, 87.48160651729117, 83.99237724142245, 131.90115751062623, 51.42348250372983, 83.47673515774554, 62.4683561688254, 73.61963590849159], [42.65506125247397, 70.25260969828396, 70.88670553523262, 36.23823042841799, 29.733645452923668, 70.92265024506773, 33.97806842909209, 71.11651580729647, 33.8772054380379, 28.970607084158175, 71.30520024121297, 0.0, 30.293261875867387, 61.67257064038684, 60.9942358188835, 16.90331185384663, 20.943717659651824, 35.85239127166605, 54.97573530605708, 64.62577014947253, 53.07339365726775, 65.41472349514153, 20.942074701353793, 92.8718693669553, 34.34827170829986, 29.409045019988127, 8.677653412219211, 11.611401335954303, 56.371736203327714, 22.411528408129257, 8.518728972699122, 18.79866357768217, 48.91184380081072, 43.553739582186495, 62.12661159069635, 40.572992147429225, 41.88659478093263, 53.25607373643672, 49.464791933128744, 55.638450959190244, 66.80700880669406, 81.31173463426666, 50.77557774698958, 49.29455191389449, 30.311632195067727, 6.16044694955989, 15.351008939459154, 61.988819316840626, 42.97697347932641, 7.571565126234951, 41.022184935193486, 44.49061606690304, 21.666514149063282, 72.59796169242618, 43.61132475300712, 47.33398147661072, 63.378111662855346, 34.669461481691705, 66.65148079139729, 29.098109561844083, 58.65475118356025, 19.197624321646757, 26.96160439764207, 16.38861695011879, 62.61488278131953, 28.272709542832786, 38.581349256671615, 56.83351484534323, 16.795326398093575, 7.8424244623642, 49.48677105090679, 44.02710956468183, 23.081128025931136, 79.31862144626082, 70.19674248147265, 45.546057016650266, 71.75873298129014, 20.409838806992326, 11.755631891256698], [12.367149185935267, 78.91687897063673, 76.67214212026664, 28.34919333613466, 59.70645201867999, 81.9130697460702, 33.57274963382769, 42.84296275003358, 36.782530489671466, 52.96234874216824, 44.1048663326351, 30.293261875867387, 0.0, 73.67114772783584, 87.12934661751535, 16.838496800495307, 50.01456370526838, 8.295008900842383, 75.55241517803971, 64.66845748039255, 23.072107572658464, 81.5511998056, 49.25568463625306, 96.31160796792864, 11.906688748349445, 41.53875163094563, 21.616468073743327, 39.71528232473185, 37.65523834582952, 52.099455987522965, 25.340851061385546, 34.104207850967924, 38.15929797040218, 30.5626070922459, 86.75849996936192, 35.82882879161237, 57.207486583657584, 52.15408790527565, 22.357359908764927, 82.04113328357614, 39.588695268266996, 83.73569777499253, 54.12929618990129, 59.51560168116553, 44.88712152468552, 24.771368347133006, 19.413486591725704, 61.463295766935616, 58.6367389659056, 22.805844686701832, 66.7133787425628, 68.35504037651022, 41.41353599922035, 73.19874781632298, 31.476086978989365, 56.57812677161913, 45.405522610111476, 35.33542104000022, 61.17204819030355, 10.153335999499511, 36.76491953391731, 17.884377881328966, 51.47040097126979, 15.817530325535145, 91.51607645853161, 49.186175592838424, 45.45429511554152, 39.554727074323296, 13.604806400347579, 38.12886695225054, 19.238673525942097, 45.44149185299332, 43.41546755287209, 83.73673465362506, 98.88745244423308, 43.27881134512138, 78.61698301742221, 32.429137989990416, 37.11721552705152], [81.66783759682819, 10.892666839168488, 16.373194065708727, 48.275875542880904, 57.18237568363832, 9.283318583894818, 94.75156438142983, 89.8074561129325, 95.25483731875974, 83.98999927934969, 86.48821783082712, 61.67257064038684, 73.67114772783584, 0.0, 44.126931638511266, 59.52516017678613, 52.04541085037331, 81.96253754553342, 22.413925166960404, 26.81011939736555, 85.2437235026445, 12.342543852095393, 72.0693898515131, 35.98980614664831, 65.68047395374026, 33.617340156702085, 63.785621186817764, 68.35928335808264, 61.423605951825614, 68.02753348288991, 69.07845479831498, 80.40595463276468, 47.827716159998594, 52.185926997511565, 38.29283221764773, 41.79681360943371, 19.940460688641128, 30.449103053451022, 74.78013185233608, 43.194488985402515, 83.80132975004821, 28.638632207678203, 23.543906168886316, 14.165158127373218, 31.61678642033117, 65.35932262827902, 57.57061366667948, 27.883920070489403, 19.05440557278137, 64.4527500070101, 38.16708425117699, 32.32367643269797, 81.77902618495133, 27.535492561357785, 50.958734946510944, 17.17466490448211, 61.904899818389445, 95.71729327370534, 38.36718818802947, 64.10886583514146, 67.91737738143507, 57.00820546638616, 81.96911089375224, 71.3747554375308, 60.1713694223508, 86.34846852346547, 28.276989428899377, 58.956140564376, 68.03982320628864, 61.047559744184866, 84.86208963775147, 30.880794615567567, 82.62156455184672, 23.911284683793227, 63.12088784612297, 35.58009474790329, 14.849839221467292, 43.84237518991515, 50.474113952109875], [98.64066783866271, 54.05551383675557, 60.4287747394065, 72.87882870152478, 36.326636430221896, 49.057648529912605, 92.78339458518344, 118.29537453826391, 91.34392621156384, 67.65263496598611, 116.34505251663667, 60.9942358188835, 87.12934661751535, 44.126931638511266, 0.0, 70.29625016946989, 40.6776565729281, 94.49416259842542, 21.941800980893017, 68.9705506246495, 106.46785822204166, 34.61497756247724, 57.11909218259522, 77.28981900730562, 84.77384463443087, 50.21988771580568, 68.07372177285953, 59.81245590808674, 92.95767770570188, 51.341603549589045, 69.3841552982387, 74.96319621996044, 79.36289002561534, 80.0212517462437, 6.678749326142584, 69.90761297591129, 39.046740506605346, 67.2423622720545, 98.54563845148384, 5.397917619848421, 112.60185209460361, 72.36296025777442, 59.5811565711292, 47.23222070872002, 46.262485419460255, 67.00358798954109, 67.7191055306107, 68.97533233590332, 37.943816524597516, 67.68506916345336, 20.433702110447346, 19.705292798709234, 72.11168009811836, 71.41163310253657, 79.10545941396742, 49.21195747265978, 96.31698176278469, 92.93538051280342, 79.30587265264863, 80.78638249745713, 98.51805330514594, 69.71889913605344, 66.25182716174673, 76.78544635071768, 17.00383449605053, 72.6649221213295, 54.38385492308735, 91.38962737931685, 75.68407185252322, 55.18068703295657, 104.24915200972642, 62.04160892978505, 71.84925249151452, 67.22194890003274, 18.99669281542216, 67.4036243269757, 58.54466363131437, 55.98973797722705, 50.71230097030708], [28.57299055557097, 66.09888463253156, 65.00230040066667, 21.78106282554199, 44.30292803911977, 68.26751751474747, 37.618422697524444, 54.54747428831233, 39.35059964727424, 44.67243964127543, 54.521949256268485, 16.90331185384663, 16.838496800495307, 59.52516017678613, 70.29625016946989, 0.0, 34.120715186932536, 24.505765275049338, 59.17684104410447, 55.41762453505381, 37.75877552914518, 66.25059523058543, 37.78625888141315, 86.01495829472222, 17.63180925409972, 26.176168702666736, 9.798374521206414, 28.257406707352413, 40.018633985298614, 39.209039814912195, 16.652194798429782, 29.378400468676173, 34.37853894106149, 28.03762077766958, 69.95041642004071, 27.849183467549324, 41.6703945561491, 43.059306633721455, 32.87526143844921, 65.22319878079593, 50.04885960704218, 73.73108341096014, 42.87905869185823, 45.63078004703493, 29.079365300080696, 13.744670814622838, 2.5777770711718815, 52.40991846496663, 43.05133115799026, 11.382775249663885, 49.887830783884446, 51.55010506554933, 35.089751324132585, 63.88047239907114, 28.342688183170793, 42.94661090759965, 47.30500429183813, 38.98633501263265, 54.86077412666744, 12.453207219602527, 41.88766536767989, 3.3425495041004014, 42.80274030181075, 12.898967546164059, 75.11674821407135, 42.66427168850267, 32.195581524756726, 40.77586209248606, 8.836115813494104, 24.301335757830653, 34.75376940099665, 34.681128602654624, 36.90847531520497, 72.8051346453858, 82.38957688139023, 34.36022602194084, 66.52819866424026, 16.29050921334112, 20.72107935445203], [62.275443895117405, 62.26971114456881, 64.99646027892486, 46.31893291225459, 10.608730720586744, 61.104374790985055, 52.225283768420496, 87.88195079258976, 51.030095372960695, 32.301302106013765, 87.24671807905118, 20.943717659651824, 50.01456370526838, 52.04541085037331, 40.6776565729281, 34.120715186932536, 0.0, 56.355921204709325, 38.9498569096452, 63.6413489895834, 71.87514143706481, 52.082329123940305, 20.3182485680279, 86.92793945216508, 51.25265940868233, 28.438919927755226, 28.984233329614828, 19.63565180510829, 68.23148983009976, 15.983518671670948, 29.015230714900966, 34.59878349971445, 57.43857370156416, 54.3835972703962, 42.62886021852586, 47.52398488176888, 32.92563437546982, 54.85977276874275, 66.41111552633534, 35.2806608144728, 82.92936370484881, 76.90324978266165, 49.69190156783764, 43.12382335580436, 26.49109323899285, 27.101512453618476, 31.721560741919866, 61.76342193398509, 33.41130376014528, 28.23854396626282, 21.74476732434749, 26.576229908609843, 32.89390144011104, 70.28932896165279, 53.97892433946067, 42.40723993427177, 74.08804557138603, 52.472336156354494, 69.20062797090242, 46.326515343434075, 72.0450073284823, 34.89080387071433, 30.37096465520164, 37.281364367914385, 41.760362353798754, 35.568875765615104, 38.08679649942294, 67.8402207721229, 37.10331838253842, 14.513095580855468, 68.75171751155949, 45.95599020374004, 33.108293438628586, 73.64199217196266, 49.29856689623866, 49.59914413985974, 64.98209426465625, 25.941992704338883, 13.667989144786729], [9.69765458817369, 87.12017642491784, 84.74198948945103, 36.14155316230567, 65.58289064612809, 90.18013353441405, 30.632429857693978, 42.33270635814905, 34.364541429406955, 55.07689549342371, 44.487660982816614, 35.85239127166605, 8.295008900842383, 81.96253754553342, 94.49416259842542, 24.505765275049338, 56.355921204709325, 0.0, 83.57751123021202, 72.38337808709623, 21.049002115508014, 89.81472359401992, 53.084129578568906, 104.10275134507383, 18.64262190251474, 49.75842456741706, 27.399693216707487, 43.90163735818856, 42.618057015692074, 56.591282306772456, 29.483853339116088, 35.54771354841693, 45.06466097216063, 37.456762651297765, 94.384270897675, 43.644948584393774, 65.42917315700782, 59.93504500066651, 24.390352237310516, 89.33143866014024, 40.15550001218656, 91.50692240792614, 62.21869839288823, 67.8050633748655, 53.04681594811871, 29.8786665242139, 27.034217218147816, 69.16190186522951, 66.85312899315652, 28.29682681442085, 74.06087071501481, 75.9983102431463, 43.086035014339465, 80.87896534209445, 38.47588703451531, 64.86135758007377, 50.223143307646666, 32.4606928048845, 68.26894264238189, 18.16933976471401, 40.58139451670354, 25.935710668005957, 53.823588658840585, 19.813095133197898, 98.08618655864144, 50.571107748023515, 53.73538032775193, 44.86416088172388, 19.25267750968952, 43.51927454411729, 16.501143813472424, 53.52156304221343, 45.0641880492276, 91.67544755871397, 105.56066324096258, 51.12498327555841, 86.73841570318682, 40.476371071612235, 44.0190369899519], [85.85779580010555, 32.80253219856848, 38.78675268396448, 56.07655742386634, 40.4860477796219, 28.53759487500241, 88.88209331018169, 101.14547055247087, 88.41233530171243, 70.83377389881218, 98.64655843579843, 54.97573530605708, 75.55241517803971, 22.413925166960404, 21.941800980893017, 59.17684104410447, 38.9498569096452, 83.57751123021202, 0.0, 47.132173185991284, 92.0499663113146, 15.178732878896154, 58.98511844139902, 57.10186509036484, 70.65634634782258, 34.688770310724536, 59.95398196052461, 58.06990057431196, 74.28792380496364, 53.93034389101912, 63.37439125558598, 72.27386889761843, 60.3751635018342, 62.32140073297903, 16.7261244689084, 51.713499174496754, 20.15291404340848, 46.40851472956626, 82.91214715470413, 20.791152715292526, 95.25479226356771, 50.969574021616594, 38.66638596778985, 26.103924046614544, 30.954778290862535, 60.16329756908163, 56.73242356862115, 47.29249406626593, 18.766044289255994, 60.074083581821064, 19.24664952360486, 13.112193270744509, 71.6287655828112, 49.49108567601847, 61.263916206477525, 28.48550489091422, 76.73476999634283, 89.46004310026574, 57.7353721268319, 67.54308714509428, 80.28010493903713, 57.67494946306259, 69.01069982388162, 68.57144342819514, 37.758826460282805, 74.48506215306786, 35.801592313651454, 72.38272175363596, 66.33196126393567, 51.58266810168223, 90.56023203763779, 42.48564109751538, 71.97746768405896, 46.03429785505038, 40.90393097316216, 47.91170570831181, 37.1211651700853, 43.123988194513075, 43.28163818598257], [69.03528368802036, 22.406534620249335, 16.139488352873443, 36.31937130504349, 71.89974782116177, 28.494153378570296, 93.03518777713455, 68.5404179996245, 94.67622302554022, 91.96595251895661, 64.52727701979626, 64.62577014947253, 64.66845748039255, 26.81011939736555, 68.9705506246495, 55.41762453505381, 63.6413489895834, 72.38337808709623, 47.132173185991284, 0.0, 69.236680125707, 39.10229579285999, 81.0053983320243, 31.758501035748395, 53.93216840359171, 36.30873243771814, 63.06780709381002, 74.45873982188408, 40.3082807476997, 78.56897229013148, 69.76128484132549, 82.63459950806637, 29.175131875651143, 36.03297380080025, 63.7958203598705, 28.856973155935826, 33.377012191978814, 12.560882069851464, 58.074039673375026, 66.96559003496533, 62.69338196146981, 19.15502193304341, 14.144705449836145, 22.806912505005766, 37.30851664790948, 65.98880490328472, 54.443004439461255, 3.2337296119628998, 33.76595573906671, 64.268776144088, 57.75736090570207, 53.199218421231315, 86.289831604249, 8.553752492495304, 34.82993783118797, 22.1207284955522, 38.466254805159096, 94.39792739423345, 11.786728196619856, 54.5295916240189, 46.81556472366333, 52.171953634566094, 89.86097172462127, 68.31481262885976, 83.71875389333613, 92.55387991413073, 26.421502519662926, 37.4049937476013, 64.13625805775773, 67.23085694787365, 70.17525162059457, 20.897186220420124, 87.65139073741182, 20.206914637649728, 87.77045883616599, 21.488031708164524, 19.12153990706373, 44.216240868929496, 56.182108215567354], [11.480396313001481, 87.91436129036133, 83.92999228805529, 37.0606878443265, 81.96255277417923, 92.2007281729441, 51.132505690204816, 21.470495453766336, 55.03601895331269, 75.56084217766644, 24.20847820123867, 53.07339365726775, 23.072107572658464, 85.2437235026445, 106.46785822204166, 37.75877552914518, 71.87514143706481, 21.049002115508014, 92.0499663113146, 69.236680125707, 0.0, 95.09746633683818, 72.32485215325922, 100.39234595789873, 21.699560655257613, 57.42498453860542, 44.4284059116016, 62.78568118739427, 31.376103061261063, 75.11919684038989, 48.40350686425207, 56.239395068182624, 40.06767410445562, 33.7211865270417, 105.18200317170937, 43.52408412865616, 72.28571304575262, 57.975159027126885, 11.183530686735923, 101.66088090895374, 20.24356175459624, 87.99368915966267, 62.64798398821293, 71.4847511814454, 61.27710796971505, 47.76922188620528, 40.19950328652061, 66.07739189093776, 73.73790072658402, 45.7153709929975, 86.38606687209055, 87.0036868993601, 63.72920806831241, 77.13081663251259, 34.97612091120394, 68.36797276498866, 37.60988114696284, 52.95545774198147, 62.01020650978531, 25.900077761392033, 26.63284421972571, 37.36210443098783, 74.17635467865193, 38.79561925312091, 112.64588986407216, 71.3503028441643, 57.815037169211465, 34.29872338385444, 36.617307658293875, 60.909056219275165, 4.633703941276489, 54.47970837925615, 65.72550807879485, 89.42698948897547, 119.78630843851303, 50.35829434129433, 86.43062680016031, 50.478182103833305, 58.437717578125714], [90.54314554594127, 20.011937002702762, 26.983205249620337, 58.062883828123894, 54.987976156045946, 14.503979915783928, 99.27795223644009, 101.07208564734378, 99.28694379318523, 84.36033263646291, 97.94815185108952, 65.41472349514153, 81.5511998056, 12.342543852095393, 34.61497756247724, 66.25059523058543, 52.082329123940305, 89.81472359401992, 15.178732878896154, 39.10229579285999, 95.09746633683818, 0.0, 72.39067823694303, 42.72103897414099, 74.69411816667046, 40.14599279244308, 68.98012610455405, 70.28053295310504, 72.9280347888878, 67.67620919230401, 73.43631294749476, 83.6401212294404, 59.12525088741046, 62.8250342904066, 28.23150053319709, 52.18847738107368, 24.590460331243957, 42.358003951791915, 85.00539806069371, 34.85890074471111, 95.07074353048439, 38.198028287237776, 35.08655636319629, 23.835404172612886, 37.213233257461255, 69.91550897749316, 64.04105080139006, 40.226438773935364, 23.235955524939616, 69.39453868244581, 34.09699537090994, 27.885743831956635, 83.91738042528952, 39.1154625054199, 61.634617497847984, 26.93096395004525, 73.84610169603327, 100.05354229292404, 50.703345815386314, 72.50161262147684, 79.33818858169617, 64.13163111822979, 82.44884712004135, 77.16494088135595, 51.40262098455824, 87.52567484099463, 37.299879427056226, 70.57976491860184, 74.29023053634668, 63.3188424789951, 94.32230808663334, 41.55422287949789, 84.48559548187043, 32.880651362592914, 53.31012024755928, 46.614253284667534, 24.651130541185648, 50.011691299982466, 53.72128324551032], [61.27546699772119, 82.04406678208245, 84.24206793720181, 56.60182602738767, 20.793282378342255, 81.21565914996818, 38.26614099961917, 91.39640311715532, 35.86270236503115, 11.986700503110187, 91.86801826323877, 20.942074701353793, 49.25568463625306, 72.0693898515131, 57.11909218259522, 37.78625888141315, 20.3182485680279, 53.084129578568906, 58.98511844139902, 81.0053983320243, 72.32485215325922, 72.39067823694303, 0.0, 106.33972219558085, 54.97943122771705, 44.70563152578433, 28.681757272506356, 9.662681636785912, 77.23410487192672, 5.820046767217228, 23.925499389682518, 20.821397551919787, 69.07100710744524, 64.18452978087315, 60.42153553772369, 60.09041957760098, 52.529442778904055, 70.80492382174874, 69.87446534910508, 51.87939214883585, 87.3431676534894, 95.77370146468428, 66.86069350182512, 62.15092403878149, 43.96208638523036, 24.906730780832365, 36.29203471773205, 78.74696390258713, 53.176133347204185, 27.186110079977777, 40.73857513591955, 46.22691148990328, 15.635021558373339, 88.30727337336417, 64.15086431523642, 60.989656065267376, 84.12401304518316, 37.92043251017381, 84.84811531007028, 49.72868760112534, 79.59661697032882, 40.137144202592104, 10.059874296262223, 33.611575500481415, 52.9839954866065, 15.745460089470951, 54.63343717758814, 77.59219510197038, 35.82756150275933, 14.667851185646505, 68.35304221944173, 61.52114078361377, 14.968611080128781, 92.89495369933694, 60.61609504617166, 64.05276162066673, 84.47980469244538, 38.30475983750661, 25.00617445967077], [100.74156727560045, 25.128704557546456, 22.143299847146913, 67.98324724929043, 92.91496724978249, 28.566014328326823, 123.46168940674143, 97.06546159610892, 124.75532638191251, 118.01960846457803, 92.58474621621906, 92.8718693669553, 96.31160796792864, 35.98980614664831, 77.28981900730562, 86.01495829472222, 86.92793945216508, 104.10275134507383, 57.10186509036484, 31.758501035748395, 100.39234595789873, 42.72103897414099, 106.33972219558085, 0.0, 85.68781698386368, 63.467929836291134, 92.76250534220502, 101.3460798312163, 70.14713394323896, 102.81960604873319, 99.06599090902672, 111.51216845376307, 60.5662602396304, 67.67472781202838, 70.8037249822208, 60.487966994386234, 54.00298906795574, 44.17148778085364, 89.21083235502705, 77.50916836201003, 91.5435860271591, 12.604065805187366, 43.14114089339441, 44.23783840915452, 63.02902093943492, 95.24211056404621, 84.73495113732358, 34.9912710602576, 53.55241273317595, 93.7951168391162, 74.12904628825419, 68.20128008323704, 114.16974175675426, 23.399237437721254, 66.49258951677372, 45.725487395660465, 66.49704349405663, 124.71443791380209, 38.75894449840563, 86.15950793231742, 76.32735688301082, 82.89182141118773, 115.94273981033365, 98.85226896143577, 94.12331617152743, 119.62921300244912, 54.60988277194589, 67.13557523329571, 94.84007121200385, 93.93496947773944, 101.6165812537195, 51.45384230945818, 115.28886661401502, 13.56435545990852, 95.77148418489541, 53.03361292898846, 21.95102266021609, 72.89803830965977, 82.851924553021], [15.992046397145542, 69.79593077983021, 66.87551721199937, 18.045724829080758, 61.63826187295785, 73.36895013000516, 45.12245312374416, 36.92069476174903, 48.10756185276084, 60.675446067501824, 36.95707279065537, 34.34827170829986, 11.906688748349445, 65.68047395374026, 84.77384463443087, 17.63180925409972, 51.25265940868233, 18.64262190251474, 70.65634634782258, 53.93216840359171, 21.699560655257613, 74.69411816667046, 54.97943122771705, 85.68781698386368, 0.0, 35.96785547417507, 26.315357100450104, 45.336528960965595, 26.129979800732546, 56.747879848729866, 32.08010570320132, 43.099145385401485, 26.471633193287666, 18.854573