instance_id,num_cities,city_coordinates,distance_matrix,best_route,total_distance
93,55,"[[61.73019587968156, 68.52033056255323], [98.87923342048857, 56.26275926301718], [42.73000133578161, 84.77315015065267], [68.94936125579207, 28.032913680133163], [83.35106737174485, 53.11540568703607], [81.93295112365291, 4.125533974811391], [86.73984268560886, 9.284772473600079], [33.097225114691796, 71.4275593857844], [82.40524121509628, 95.63298102521044], [96.44597348931234, 33.008238569069306], [91.12295445143465, 75.17264005775486], [65.92444270800115, 88.62117389111296], [17.989518118284387, 51.04735731643335], [21.904305344003806, 46.93454585278081], [18.17279944738168, 81.4721923358562], [28.42235615289126, 81.85821211578362], [36.480919115410885, 42.38822984887245], [42.107465916191146, 44.58985095871678], [47.00098704064574, 48.60726382956868], [44.90532647902958, 29.33460283895396], [85.96077518825275, 49.24461536413113], [6.898637951685982, 62.83829036631566], [88.63522929837139, 75.8205853683807], [70.44944530232137, 66.9732702208945], [73.02465456100143, 38.81154124813536], [77.70822163704175, 69.59080298033466], [62.05575006768722, 58.46179465529763], [19.37555461921884, 15.673588421212425], [56.21626401259097, 49.7180349646978], [82.83440137209473, 34.38029065157312], [82.36083488134851, 50.49180149321041], [57.4905641467566, 76.31293230867064], [97.28144927675, 94.11310781948112], [47.97371370464115, 9.023406871974704], [68.23864299514699, 88.23922162796329], [23.578884062946624, 64.45293776885826], [14.722054104924176, 98.58650225663503], [69.96800284491586, 52.86872144831138], [12.502919989591831, 43.29775582779697], [30.19692597044703, 29.014126158731735], [53.51538615559291, 43.76142783087573], [70.8906014804826, 46.845591732530345], [78.21433349822853, 94.45269808800428], [25.084712373429785, 34.18554079771998], [92.85171848435778, 9.020443319547889], [3.780697678215794, 95.06888105660475], [73.87564384537542, 57.68934504704678], [19.699006098900885, 45.40073837941843], [62.43172844980113, 42.71103095603381], [2.476768899030646, 30.95299348098919], [59.60579864808639, 35.03592052972244], [86.29764816458533, 11.983321142338344], [64.4758443596021, 56.41060063317631], [61.88576895518487, 76.268738284713], [73.08094521663287, 10.745947848520743]]","[[0.0, 39.11903685383242, 25.003230536659746, 41.12599268757541, 26.54757605689533, 67.48956324517488, 64.29878517878058, 28.780184055342396, 34.09623607865948, 49.66179510242261, 30.13614902533691, 20.533767530002216, 47.1015040639469, 45.29953265207525, 45.442243643500674, 35.87912027340628, 36.337482918175475, 30.947041624195627, 24.768524779167343, 42.64501714827949, 30.96246388838652, 55.125178689985155, 27.877850410152206, 8.855433710154335, 31.78328113069056, 16.013844582113826, 10.063802965424063, 67.72513411766606, 19.59412576217808, 40.13639015394031, 27.398013176528703, 8.871252403376678, 43.80504384001111, 61.066559838218566, 20.765224504067348, 38.36751591484573, 55.80089670832984, 17.687123323522144, 55.31277400211794, 50.54787134553898, 26.0861335440814, 23.530986679714236, 30.728073133573865, 50.217220647923845, 67.14749251583206, 63.74142981716748, 16.273357168220933, 47.97016215422322, 25.81883216038289, 70.15891550153256, 33.55173287394182, 61.644084435998316, 12.41709082425256, 7.7499693683682835, 58.878848566338284], [39.11903685383242, 0.0, 62.972840592338336, 41.1426959426403, 15.843919192220039, 54.822137357432275, 48.52108871615239, 67.5073609283269, 42.67794255569968, 23.381477425473303, 20.438773327109853, 46.18533563965526, 81.05767365978423, 77.53808817482488, 84.55201949397431, 74.96198210452724, 63.922235525513585, 57.9593855543915, 52.44005203829633, 60.31839055316457, 14.701731424682364, 92.21533252169053, 22.078228697556174, 30.38038672273103, 31.193016176772254, 25.016964029745303, 36.889086230083564, 89.26542293946004, 43.162047852716846, 27.13446273638011, 17.497469642172774, 45.989470353669155, 37.88405733307606, 69.44730629668527, 44.28701758969946, 75.74444954797288, 94.200477978309, 29.10977062914759, 87.3439112702642, 73.890103279898, 47.05488206604103, 29.530434506968874, 43.42245405609039, 77.02619626938139, 47.62528059768103, 102.71147252855003, 25.044253605166645, 79.92178611851739, 38.88534375178623, 99.66955106627134, 44.642819819444995, 46.032216195123475, 34.403706718106015, 42.05657629624909, 52.319516392948756], [25.003230536659746, 62.972840592338336, 0.0, 62.50527393224929, 51.500328061302035, 89.67111723914326, 87.38055447266456, 16.458893358574578, 41.1346640451233, 74.59900626314021, 49.33606900937311, 23.51147373680509, 41.827271153303094, 43.19108228272217, 24.778064635533962, 14.601560684619011, 42.84311493793623, 40.18812118396778, 36.41720269708704, 55.481209138863434, 55.95691728428733, 42.01219674953494, 46.77005848273134, 32.94242400504166, 55.047574941538336, 38.13108392169766, 32.646163511991745, 72.939561368557, 37.5598240369742, 64.40344083018083, 52.40051367390924, 17.013215464177513, 55.345237208920615, 75.9310221595426, 25.74304664937189, 27.922684757005534, 31.229053851987604, 41.94998566190909, 51.32138716895272, 57.15021202624511, 42.40620111900977, 47.238957313533234, 36.780857484381094, 53.57669682436402, 90.83313889853846, 40.28709880714975, 41.27449026003259, 45.613742997969894, 46.44760405465083, 67.20812440140122, 52.52222905866746, 84.83218173110373, 35.739556571786686, 20.9587321723933, 80.00754011428765], [41.12599268757541, 41.1426959426403, 62.50527393224929, 0.0, 28.923010637321628, 27.20544817185062, 25.845580438534554, 56.28917250945322, 68.9262635759272, 27.94311260527438, 52.09435706641258, 60.663723984059594, 55.91574222424153, 50.70018722384911, 73.71577668536999, 67.3765604219849, 35.500349819794, 31.53758896093742, 30.083799872351193, 24.07924423673541, 27.190522104447343, 71.14567104771582, 51.68360442126285, 38.96923940325583, 11.523316700203168, 42.47088176934907, 31.199978727773043, 51.09124411575968, 25.147092287799275, 15.267073506369861, 26.15854098778037, 49.621207461709005, 71.89783911301663, 28.30793421073898, 60.21050271468398, 58.1798792997186, 88.98544657334065, 24.85668880170877, 58.4740638010707, 38.76485545533497, 22.036191703279336, 18.91256907755007, 67.06286208805287, 44.29404296314564, 30.54172081422559, 93.49211536053016, 30.06280395393766, 52.222972127838744, 16.06009539694028, 66.53669965268449, 11.676654792341429, 23.63371488571034, 28.728130294633033, 48.750272937420426, 17.773833961439276], [26.54757605689533, 15.843919192220039, 51.500328061302035, 28.923010637321628, 0.0, 49.01039261292787, 43.961439990275714, 53.4862938955706, 42.52809424081843, 23.995306535607135, 23.38640239250722, 39.55182452090722, 65.39425773625456, 61.75684247097279, 71.07963110952936, 61.99445328063361, 48.082045495523666, 42.115552287131635, 36.628563759508886, 45.20621170690096, 4.6683608056187165, 77.06820648435807, 23.311961556869353, 18.933891873067367, 17.641863263962062, 17.41494829041095, 21.95619306893718, 74.1266208059962, 27.346657586713405, 18.742237837228096, 2.804257361744129, 34.74033489203971, 43.29973579780809, 56.530182309936954, 38.236995394388956, 60.837928393453076, 82.32595025397059, 13.385337845676649, 71.52514408403448, 58.362954200508256, 31.267631431967786, 13.948970472813562, 41.65522509758499, 61.264246584100235, 45.10685178278121, 89.95297565255912, 10.521624032112644, 64.11786799285444, 23.363855727903044, 83.85597574558655, 29.84469082286289, 41.237491647297105, 19.160698147280307, 31.572707303787254, 43.596403138454555], [67.48956324517488, 54.822137357432275, 89.67111723914326, 27.20544817185062, 49.01039261292787, 0.0, 7.051520997330056, 83.15341700280018, 91.50866583888141, 32.323960816479435, 71.63900783739025, 85.99875293607046, 79.31216886590879, 73.7295721682061, 100.23902683786041, 94.37029736677151, 59.41313919689101, 56.77526064214704, 56.55852195353154, 44.79444318015572, 45.29850849764734, 95.2750540082604, 72.00764492092387, 63.888252888976275, 35.81168591693543, 65.60144651759263, 57.85786330791208, 63.614349158896715, 52.34523992189789, 30.26818319821119, 46.36824180511748, 76.21319281685827, 91.28712856698644, 34.31062466638542, 85.22116242888536, 83.93207248159304, 115.93178686970131, 50.19022128253292, 79.71820487301638, 57.41130828983653, 48.77050420575033, 44.12410702172755, 90.40367632887391, 64.30650246433623, 11.965768599232668, 119.91024600524915, 54.16642924504725, 74.67734872092039, 43.23353169778147, 83.86296845013293, 38.130745267319675, 8.988626114667102, 55.12239809769829, 74.87677504404118, 11.053863054928852], [64.29878517878058, 48.52108871615239, 87.38055447266456, 25.845580438534554, 43.961439990275714, 7.051520997330056, 0.0, 82.09297402989374, 86.45693662153758, 25.63224178181611, 66.03349728386975, 82.02161584672989, 80.44078953408716, 74.97434453116833, 99.56135296791906, 93.10119965387855, 60.18137825466842, 56.9077993154498, 55.90558983153154, 46.390973733238354, 39.96743662034584, 96.13842755136781, 66.56280408742631, 59.944472799792095, 32.55666536299817, 60.97858225839727, 55.02439403600285, 67.66656689905321, 50.66100641205149, 25.39758855628381, 41.439051026450656, 73.13203474483075, 85.48082795034007, 38.767010049096356, 81.09315280130173, 83.86198874447577, 114.7229742217939, 46.69962762027226, 81.6578454775001, 59.88613218008612, 47.88010313626406, 40.76780089948805, 85.59357370950691, 66.49363395802095, 6.117589041527275, 119.33621841561097, 50.08483061585745, 76.15009365428199, 41.33036624366583, 87.00446773348702, 37.40826074597084, 2.7345385190141864, 52.12033481460321, 71.44632010664857, 13.736830549448928], [28.780184055342396, 67.5073609283269, 16.458893358574578, 56.28917250945322, 53.4862938955706, 83.15341700280018, 82.09297402989374, 0.0, 54.92888937981672, 74.08851552466595, 58.1464607203268, 37.057341980723926, 25.36918301949983, 26.929336510968024, 17.989806352507884, 11.430350658831337, 29.235800742306846, 28.309839860325955, 26.722284426422934, 43.717825296826376, 57.32920662147427, 27.570663967819463, 55.711476250321866, 37.61687181185615, 51.55583634609649, 44.64879264672316, 31.72864986884241, 57.4176760197125, 31.714246170330625, 62.01843937672759, 53.52764898422038, 24.87773819560223, 68.07531666487446, 64.15285000476374, 38.955760010477, 11.800176400233635, 32.79108243868037, 41.27813847572313, 34.86274876995045, 42.51248114650288, 34.38482420350125, 45.084503222636755, 50.65284277459918, 38.09420308843095, 86.40166441435126, 37.66126486559964, 43.03043071353185, 29.272985575313538, 41.050604026910676, 50.75236766927069, 45.02283697642151, 79.77407143321204, 34.786876776948354, 29.192760568117283, 72.67018544045237], [34.09623607865948, 42.67794255569968, 41.1346640451233, 68.9262635759272, 42.52809424081843, 91.50866583888141, 86.45693662153758, 54.92888937981672, 0.0, 64.17944009177876, 22.240145605988516, 17.910392478034908, 78.34068689758733, 77.66531291072855, 65.77487751221884, 55.71262099513314, 70.31391674587469, 65.03315939600381, 58.86322528891512, 76.16901309154638, 46.52442681581657, 82.32095038196925, 20.768817327438644, 31.05350349469362, 57.59054978305688, 26.462370079749807, 42.37686734652848, 101.81476247565882, 52.858724905668396, 61.25419378662197, 45.141201373719944, 31.5278514305863, 14.953647744115978, 93.20272754435929, 15.979993214950094, 66.57879086661353, 67.7475985187301, 44.536129102528555, 87.32302278996984, 84.63911627850109, 59.37408320262139, 50.12779949502532, 4.353937907591437, 84.0323207890829, 87.24024630382478, 78.62656710780013, 38.89053281369317, 80.34519353186788, 56.56566106137038, 102.82053041830063, 64.74425319717739, 83.74017214205266, 43.12607558333158, 28.21387316087924, 85.39760475216725], [49.66179510242261, 23.381477425473303, 74.59900626314021, 27.94311260527438, 23.995306535607135, 32.323960816479435, 25.63224178181611, 74.08851552466595, 64.17944009177876, 0.0, 42.49907392610664, 63.43786264029028, 80.5035725577915, 75.83140724294691, 92.06217784360538, 83.74683534944191, 60.694249995153086, 55.55904202574217, 51.84723979139604, 51.67140305542466, 19.32768260407245, 94.38515398151681, 43.5190161111304, 42.77198677740495, 24.129577334186983, 41.10215764873723, 42.78517248328051, 78.99581989295547, 43.56198824852653, 13.680549054015296, 22.451416483775688, 58.247921996640756, 61.11058063790032, 54.08171706011751, 62.017053971136875, 79.3623451596233, 104.78219155859394, 33.09866628192425, 84.5713331825542, 66.36933954096038, 44.25682329447449, 29.06113179282637, 64.0922327769795, 71.37097189044547, 24.255576471681792, 111.52747054924309, 33.445131143609515, 77.74105128678401, 35.371076400251795, 93.99167752361001, 36.895934416486256, 23.345998794169223, 39.62019316901296, 55.37037631340365, 32.2728079706327], [30.13614902533691, 20.438773327109853, 49.33606900937311, 52.09435706641258, 23.38640239250722, 71.63900783739025, 66.03349728386975, 58.1464607203268, 22.240145605988516, 42.49907392610664, 0.0, 28.562703939769662, 77.00992648512039, 74.75701538040846, 73.22164621216794, 63.05602192287741, 63.72259864763476, 57.77391371046998, 51.502108911614464, 65.09373849663127, 26.43691659892256, 85.12268600179709, 2.57072160350857, 22.240135931690844, 40.6162278598957, 14.529692413826686, 33.52841667528265, 93.20851102947512, 43.20201335397168, 41.625903980875314, 26.190046422440552, 33.651715320674235, 19.9165352796722, 78.97833898032715, 26.35198787111305, 68.38942507294237, 79.90811295998407, 30.740799644947934, 84.83583006875439, 76.43683242934931, 48.99993312942827, 34.81048367318095, 23.202438073688235, 77.72381695789988, 66.17478189138193, 89.57974226421514, 24.558813643442416, 77.38053067671443, 43.32369461333775, 99.06322908307251, 51.03221888576341, 63.373287793486966, 32.58960876745353, 29.257724570876306, 66.90525215745069], [20.533767530002216, 46.18533563965526, 23.51147373680509, 60.663723984059594, 39.55182452090722, 85.99875293607046, 82.02161584672989, 37.057341980723926, 17.910392478034908, 63.43786264029028, 28.562703939769662, 0.0, 60.90606445510579, 60.62629339446257, 48.28382101042612, 38.107009171037284, 54.812463877847726, 50.06002180062025, 44.26296615465032, 62.9023111989513, 44.18108170572571, 64.41120019052512, 26.06980809445373, 22.115772240499815, 50.31314452889885, 22.383307683412166, 30.40649500739847, 86.53409275072121, 40.09617128741814, 56.81566787979129, 41.52112747907994, 14.92056025883689, 31.83430852439109, 81.59677191032182, 2.3455085803192093, 48.75705050782716, 52.16313226880826, 35.98038679969456, 70.05762852463421, 69.49428459666726, 46.54440354231468, 42.069727805655944, 13.60323822090331, 68.05234547081393, 84.03186590968248, 62.477339684231964, 31.937433133637814, 63.28346573570772, 46.042809180249115, 85.73929288012647, 53.956506934384755, 79.29960891781909, 32.243130536284596, 12.995905166318536, 78.2033653965153], [47.1015040639469, 81.05767365978423, 41.827271153303094, 55.91574222424153, 65.39425773625456, 79.31216886590879, 80.44078953408716, 25.36918301949983, 78.34068689758733, 80.5035725577915, 77.00992648512039, 60.90606445510579, 0.0, 5.678096261794766, 30.42538706417217, 32.52926194863611, 20.41843283251676, 24.967474728985017, 29.113903641692882, 34.58185140665061, 67.99515913812039, 16.187455793195326, 74.86340451952518, 54.82407009694687, 56.37890951522298, 62.53145550082216, 44.68564287632568, 35.40091274295653, 38.249852281841676, 66.95259513574652, 64.37371407712513, 46.890104681391435, 90.2323069262313, 51.624261698538724, 62.515672609816704, 14.524138491827559, 47.65130242421614, 52.01038590298627, 9.49521364996322, 25.188967460333807, 36.26530116065186, 53.06768748415853, 74.23646001153715, 18.293786864096873, 85.85225998045553, 46.25781156415191, 56.2794371844446, 5.899716482656415, 45.21730195774473, 25.385603130330857, 44.59014367671422, 78.68925944900843, 46.79468886838348, 50.6260693268121, 68.258837851468], [45.29953265207525, 77.53808817482488, 43.19108228272217, 50.70018722384911, 61.75684247097279, 73.7295721682061, 74.97434453116833, 26.929336510968024, 77.66531291072855, 75.83140724294691, 74.75701538040846, 60.62629339446257, 5.678096261794766, 0.0, 34.738640745521636, 35.52671461867589, 15.269140717413269, 20.338763267510515, 25.152364056136584, 28.96212988272539, 64.0981103469864, 21.86547834923033, 72.71464426579001, 52.51838809287538, 51.76169730481103, 60.22775988421137, 41.77338839924444, 31.363068085989784, 34.424676023326555, 62.21001467327775, 60.56109338008356, 46.14619601146027, 88.92429666128216, 46.009439369499646, 62.072111986487876, 17.598246197028388, 52.14891497631488, 48.428642944622865, 10.080292072552954, 19.746113512916242, 31.76994032191051, 48.98637690221953, 73.68035058670293, 13.139715322897551, 80.44261682844841, 51.43325169904675, 53.072457370401985, 2.6862446139162013, 40.74690297040205, 25.156295206828023, 39.53454036581569, 73.26725536260234, 43.613433118222474, 49.5884288733352, 62.67904828702094], [45.442243643500674, 84.55201949397431, 24.778064635533962, 73.71577668536999, 71.07963110952936, 100.23902683786041, 99.56135296791906, 17.989806352507884, 65.77487751221884, 92.06217784360538, 73.22164621216794, 48.28382101042612, 30.42538706417217, 34.738640745521636, 0.0, 10.25682328647382, 43.15951076486886, 43.96789015216676, 43.71690663388495, 58.59143486931582, 75.0588194185959, 21.779095941784966, 70.68871679285502, 54.25003635333813, 69.48853977911604, 60.7094219073001, 49.54989158980703, 65.80959578298257, 49.55433085489732, 79.99231192878625, 71.27333659676158, 39.6548179290175, 80.11224139973717, 78.33850270307737, 50.521098321290964, 17.857233181176987, 17.45872983590045, 59.16841760438216, 38.593200641741454, 53.81847569084667, 51.68365500598351, 63.072720890599506, 61.42865244135306, 47.78914054454623, 104.049011932134, 19.799053954746388, 60.567571349608635, 36.10372691668482, 58.83264763678277, 52.90136886614907, 62.233598337383086, 97.3123745085444, 52.650311934640385, 44.0215814942227, 89.53829421593694], [35.87912027340628, 74.96198210452724, 14.601560684619011, 67.3765604219849, 61.99445328063361, 94.37029736677151, 93.10119965387855, 11.430350658831337, 55.71262099513314, 83.74683534944191, 63.05602192287741, 38.107009171037284, 32.52926194863611, 35.52671461867589, 10.25682328647382, 0.0, 40.28423931478879, 39.7015487426767, 38.089251601940994, 55.049231077622, 66.13861472822248, 28.723298357966822, 60.514816608617735, 44.585173741821066, 61.98694133504043, 50.78962358019867, 40.97069118544581, 66.80006760162486, 42.491084963985756, 72.21373616908616, 62.39560243225566, 29.592411934713795, 69.94109789350432, 75.41329085128126, 40.32435963904838, 18.0666210725141, 21.622533784042, 50.65995783869144, 41.71734935126025, 52.87387368704574, 45.61825432397966, 55.04030747830435, 51.360121542525995, 47.78936551785036, 97.244451222953, 27.95949045040917, 51.479466755610474, 37.48658730002254, 51.85691079098417, 57.13593249614393, 56.25596924079503, 90.73064429391937, 44.12975121209234, 33.92701304395852, 83.97227939255416], [36.337482918175475, 63.922235525513585, 42.84311493793623, 35.500349819794, 48.082045495523666, 59.41313919689101, 60.18137825466842, 29.235800742306846, 70.31391674587469, 60.694249995153086, 63.72259864763476, 54.812463877847726, 20.41843283251676, 15.269140717413269, 43.15951076486886, 40.28423931478879, 0.0, 6.041950381514464, 12.220810644331644, 15.536016784950592, 49.95263936293052, 35.962707545689085, 61.94993515931435, 41.93190886907938, 36.718351020490466, 49.3930203387343, 30.206480493825527, 31.721689128355642, 21.052550468924935, 47.04011487558621, 46.59006915732633, 39.90351640305635, 79.82585714525253, 35.28874806152754, 55.77514207196443, 25.560004774829387, 60.2635381317897, 35.08882273420963, 23.995242853201507, 14.776847409396504, 17.089726154646993, 34.697180222995264, 66.72620721329467, 14.041283266705792, 65.50630656173982, 62.004479626171694, 40.40407855573027, 17.050155780529398, 25.952816911939642, 35.87543536638283, 24.265541529609735, 58.362359159063594, 31.3104251303037, 42.34731688374751, 48.38177260911295], [30.947041624195627, 57.9593855543915, 40.18812118396778, 31.53758896093742, 42.115552287131635, 56.77526064214704, 56.9077993154498, 28.309839860325955, 65.03315939600381, 55.55904202574217, 57.77391371046998, 50.06002180062025, 24.967474728985017, 20.338763267510515, 43.96789015216676, 39.7015487426767, 6.041950381514464, 0.0, 6.331362820939095, 15.509694353036545, 44.09965493947767, 39.65686709066827, 56.0374119416227, 36.114889635581875, 31.452526397893465, 43.50242993078565, 24.297425018094792, 36.781653447762444, 15.011877128599702, 41.98712175530183, 40.68374040272973, 35.256114384699515, 74.1398773263651, 36.046980568292334, 50.87343093750435, 27.163404851373084, 60.544191558411754, 29.064569746347765, 29.632729360412867, 19.60775777196453, 11.43796000462033, 28.87139171136412, 61.563052315698876, 19.950534030542034, 61.96904008053741, 63.38038847459801, 34.36297243124499, 22.42312667297236, 20.410918943976633, 41.91128759575192, 19.93663048356418, 54.91773842587355, 25.299693220548885, 37.34612661730038, 45.87773095639353], [24.768524779167343, 52.44005203829633, 36.41720269708704, 30.083799872351193, 36.628563759508886, 56.55852195353154, 55.90558983153154, 26.722284426422934, 58.86322528891512, 51.84723979139604, 51.502108911614464, 44.26296615465032, 29.113903641692882, 25.152364056136584, 43.71690663388495, 38.089251601940994, 12.220810644331644, 6.331362820939095, 0.0, 19.386264592455035, 38.965001084114306, 42.552561835245456, 49.73906912628903, 29.7849019742514, 27.80624843632125, 37.191977251146895, 17.993267285171342, 42.985945288824276, 9.28197943244328, 38.55438170243038, 35.41003136857318, 29.624910020773886, 67.8152395845547, 39.59580695985509, 44.96365320317616, 28.278618963595495, 59.49667037085652, 23.35902044157532, 34.90426199592092, 25.812158225133707, 8.119083837173559, 23.95448113947671, 55.462391216261466, 26.235647323750314, 60.575621598263496, 63.456089447142816, 28.36778767568722, 27.48963384270261, 16.5188783679515, 47.8965475025378, 18.521950076094907, 53.71722957717829, 19.137991106394114, 31.412002509804953, 45.97437836749937], [42.64501714827949, 60.31839055316457, 55.481209138863434, 24.07924423673541, 45.20621170690096, 44.79444318015572, 46.390973733238354, 43.717825296826376, 76.16901309154638, 51.67140305542466, 65.09373849663127, 62.9023111989513, 34.58185140665061, 28.96212988272539, 58.59143486931582, 55.049231077622, 15.536016784950592, 15.509694353036545, 19.386264592455035, 0.0, 45.62848307218164, 50.665623954961845, 63.82202576160715, 45.48814448564379, 29.673371453088848, 51.92871633855816, 33.80133625134459, 28.955009344424784, 23.31140521532183, 38.26321585734998, 43.01792840865137, 48.634880969510206, 83.30373909275663, 20.541657230499457, 63.357697040847604, 41.08667173640911, 75.54373239499125, 34.38011758764734, 35.28293621138401, 14.71189147674213, 16.80078590368678, 31.334792945416037, 73.14271171804772, 20.405595864931236, 52.072272691985276, 77.53857379911139, 40.537275364708464, 29.891124072377522, 22.04775714698593, 42.45941222614265, 15.767336661728367, 44.881970445111214, 33.40830475595166, 49.91140647914937, 33.755052741776886], [30.96246388838652, 14.701731424682364, 55.95691728428733, 27.190522104447343, 4.6683608056187165, 45.29850849764734, 39.96743662034584, 57.32920662147427, 46.52442681581657, 19.32768260407245, 26.43691659892256, 44.18108170572571, 67.99515913812039, 64.0981103469864, 75.0588194185959, 66.13861472822248, 49.95263936293052, 44.09965493947767, 38.965001084114306, 45.62848307218164, 0.0, 80.22225093126428, 26.71020191713091, 23.556454696333827, 16.61903283565738, 21.956137880541725, 25.620433643878428, 74.56946726528942, 29.748278457706917, 15.189547800995301, 3.8098613431254407, 39.2841787359412, 46.274607259638316, 55.32415794866836, 42.83285289519266, 64.20898232128954, 86.65781663359014, 16.39825942395088, 73.69817927691514, 59.32014474928356, 32.90544962472768, 15.25992955315803, 45.86696090243503, 62.711009803949125, 40.81015947264071, 94.09265893686977, 14.74326486881765, 66.37316802085155, 24.419331801627443, 85.46439455828792, 29.941138878307076, 37.262816996104725, 22.648478924379788, 36.19266700243263, 40.59602715260881], [55.125178689985155, 92.21533252169053, 42.01219674953494, 71.14567104771582, 77.06820648435807, 95.2750540082604, 96.13842755136781, 27.570663967819463, 82.32095038196925, 94.38515398151681, 85.12268600179709, 64.41120019052512, 16.187455793195326, 21.86547834923033, 21.779095941784966, 28.723298357966822, 35.962707545689085, 39.65686709066827, 42.552561835245456, 50.665623954961845, 80.22225093126428, 0.0, 82.76116449456043, 63.68518802135505, 70.35577265444137, 71.13082010138703, 55.33046838483919, 48.78711468306958, 51.03302207479914, 81.09314344631471, 76.46554095110346, 52.355601148321696, 95.64082177475757, 67.69936139743488, 66.3912910530498, 16.758212809448487, 36.59426859033965, 63.85246347985498, 20.328316880928337, 41.07169717636156, 50.36911650309673, 65.96012284601898, 78.00896875924148, 33.93690263877751, 101.41150188122279, 32.38105198714022, 67.1746303032933, 21.631404115312936, 59.06801767149991, 32.190450189213585, 59.59040658702443, 94.28908058497429, 57.93487630991614, 56.60354677301355, 84.22416484538809], [27.877850410152206, 22.078228697556174, 46.77005848273134, 51.68360442126285, 23.311961556869353, 72.00764492092387, 66.56280408742631, 55.711476250321866, 20.768817327438644, 43.5190161111304, 2.57072160350857, 26.06980809445373, 74.86340451952518, 72.71464426579001, 70.68871679285502, 60.514816608617735, 61.94993515931435, 56.0374119416227, 49.73906912628903, 63.82202576160715, 26.71020191713091, 82.76116449456043, 0.0, 20.22369216710756, 40.16664524609044, 12.578143147268015, 31.745808088549108, 91.7309314158791, 41.62129800687915, 41.844326148787985, 26.094354138308436, 31.14855651416003, 20.232980441312296, 78.19988430592396, 23.879766736145065, 66.04204317961174, 77.33979854473455, 29.58468186190228, 82.78806050399749, 74.87242429353432, 47.552002737928156, 33.97678726120175, 21.348318286792377, 75.97463483181866, 66.93308418711767, 87.01027768819779, 23.37920525454737, 75.3496513584442, 42.22399850920306, 97.14103715813563, 50.060930173952954, 63.880048445681226, 30.99069841162828, 26.753214193590367, 66.90772901269771], [8.855433710154335, 30.38038672273103, 32.94242400504166, 38.96923940325583, 18.933891873067367, 63.888252888976275, 59.944472799792095, 37.61687181185615, 31.05350349469362, 42.77198677740495, 22.240135931690844, 22.115772240499815, 54.82407009694687, 52.51838809287538, 54.25003635333813, 44.585173741821066, 41.93190886907938, 36.114889635581875, 29.7849019742514, 45.48814448564379, 23.556454696333827, 63.68518802135505, 20.22369216710756, 0.0, 28.27922703082836, 7.716301680483923, 11.95405102865437, 72.38922338482531, 22.367981432686882, 34.8667385061525, 20.33519149467212, 15.973787550793785, 38.16447591886215, 62.155813670238764, 21.380559770249665, 46.9382742179851, 64.06979451670898, 14.112763121301537, 62.59656362450397, 55.32776816838851, 28.73242047450876, 20.132512513456618, 28.555427585638213, 55.973156016406335, 62.13205283571461, 72.34697822299395, 9.89596397982679, 55.14509234185376, 25.55269139782608, 76.92688134745772, 33.72801473638954, 57.22814022511715, 12.13482167327412, 12.638919222147694, 56.28886722048921], [31.78328113069056, 31.193016176772254, 55.047574941538336, 11.523316700203168, 17.641863263962062, 35.81168591693543, 32.55666536299817, 51.55583634609649, 57.59054978305688, 24.129577334186983, 40.6162278598957, 50.31314452889885, 56.37890951522298, 51.76169730481103, 69.48853977911604, 61.98694133504043, 36.718351020490466, 31.452526397893465, 27.80624843632125, 29.673371453088848, 16.61903283565738, 70.35577265444137, 40.16664524609044, 28.27922703082836, 0.0, 31.133563132654714, 22.504429002957192, 58.42594274450595, 20.036806083238663, 10.764158784934775, 14.953017834762212, 40.59140668261114, 60.387543045954054, 38.92149261527704, 49.65885111879773, 55.69888181713567, 83.49993523056551, 14.385667690227994, 60.68777864436071, 43.93408333697501, 20.12741739260813, 8.312649982784018, 55.88265475038199, 48.16261970776668, 35.78577901361864, 89.21666798928702, 18.89697486457326, 53.73120418098254, 11.287874183359548, 70.98423025139472, 13.939906951658024, 29.932018863515882, 19.56550656379095, 39.078336484252596, 28.065649850135365], [16.013844582113826, 25.016964029745303, 38.13108392169766, 42.47088176934907, 17.41494829041095, 65.60144651759263, 60.97858225839727, 44.64879264672316, 26.462370079749807, 41.10215764873723, 14.529692413826686, 22.383307683412166, 62.53145550082216, 60.22775988421137, 60.7094219073001, 50.78962358019867, 49.3930203387343, 43.50242993078565, 37.191977251146895, 51.92871633855816, 21.956137880541725, 71.13082010138703, 12.578143147268015, 7.716301680483923, 31.133563132654714, 0.0, 19.20559013746246, 79.43403594950105, 29.271678310860604, 35.58170733860218, 19.657534631948966, 21.305884095745895, 31.376020698295456, 67.47259023728799, 20.914981178864412, 54.372629558829, 69.33980009277231, 18.4265839946967, 70.30686802511191, 62.48031624282475, 35.38996904836081, 23.744990614998468, 24.867046015978673, 63.42528137452083, 62.43471763531678, 78.194700978668, 12.503333694139132, 62.850841782326064, 30.91752558304425, 84.57335161845786, 39.00945551076928, 58.24431484520309, 18.676550600272506, 17.173957866463464, 59.02650813452409], [10.063802965424063, 36.889086230083564, 32.646163511991745, 31.199978727773043, 21.95619306893718, 57.85786330791208, 55.02439403600285, 31.72864986884241, 42.37686734652848, 42.78517248328051, 33.52841667528265, 30.40649500739847, 44.68564287632568, 41.77338839924444, 49.54989158980703, 40.97069118544581, 30.206480493825527, 24.297425018094792, 17.993267285171342, 33.80133625134459, 25.620433643878428, 55.33046838483919, 31.745808088549108, 11.95405102865437, 22.504429002957192, 19.20559013746246, 0.0, 60.43533466648521, 10.514415386250537, 31.806778917575976, 21.813235896897446, 18.425635348946173, 50.118519681830676, 51.40484349498951, 30.41255204787767, 38.94050607470231, 62.052163004911556, 9.689489765176994, 51.82114474141365, 43.38375102204202, 17.001135271609567, 14.59420329545535, 39.451805388146425, 44.22888343094089, 58.24808059177241, 68.81904173837648, 11.845107315390567, 44.32476678651565, 15.755250453542905, 65.62308388930505, 23.5536375217438, 52.42058873606104, 3.1724207315779003, 17.807754911829395, 48.97302282440951], [67.72513411766606, 89.26542293946004, 72.939561368557, 51.09124411575968, 74.1266208059962, 63.614349158896715, 67.66656689905321, 57.4176760197125, 101.81476247565882, 78.99581989295547, 93.20851102947512, 86.53409275072121, 35.40091274295653, 31.363068085989784, 65.80959578298257, 66.80006760162486, 31.721689128355642, 36.781653447762444, 42.985945288824276, 28.955009344424784, 74.56946726528942, 48.78711468306958, 91.7309314158791, 72.38922338482531, 58.42594274450595, 79.43403594950105, 60.43533466648521, 0.0, 50.16235848780569, 66.15864221354886, 71.96842009677628, 71.62320837819058, 110.55354641901684, 29.36119237553108, 87.48355575952813, 48.96011541236586, 83.04340038628447, 62.79389889450584, 28.466256017596628, 17.177660639544577, 44.20921646031556, 60.21207390182651, 98.32675129315223, 19.372322087260233, 73.77676460838164, 80.91237269830822, 68.8155762200708, 29.728909591462912, 50.84149293395197, 22.782211872370254, 44.647199680410765, 67.02376203320962, 60.77450368883497, 74.01952789548083, 53.93098015829533], [19.59412576217808, 43.162047852716846, 37.5598240369742, 25.147092287799275, 27.346657586713405, 52.34523992189789, 50.66100641205149, 31.714246170330625, 52.858724905668396, 43.56198824852653, 43.20201335397168, 40.09617128741814, 38.249852281841676, 34.424676023326555, 49.55433085489732, 42.491084963985756, 21.052550468924935, 15.011877128599702, 9.28197943244328, 23.31140521532183, 29.748278457706917, 51.03302207479914, 41.62129800687915, 22.367981432686882, 20.036806083238663, 29.271678310860604, 10.514415386250537, 50.16235848780569, 0.0, 30.72086647710638, 26.156018438442267, 26.625409021616704, 60.47538288065006, 41.52098735801127, 40.35367911784932, 35.80943912749126, 64.10847487910355, 14.108052531462222, 44.182309014681415, 33.25143293148609, 6.5403294829176915, 14.952829506270472, 49.85082893845052, 34.791261582600875, 54.75810889784521, 69.3266749387167, 19.3751253030145, 36.77158108295354, 9.366434932654869, 56.92152595412107, 15.068292183486983, 48.2576242655523, 10.63066802866263, 27.149275001030183, 42.46458578986563], [40.13639015394031, 27.13446273638011, 64.40344083018083, 15.267073506369861, 18.742237837228096, 30.26818319821119, 25.39758855628381, 62.01843937672759, 61.25419378662197, 13.680549054015296, 41.625903980875314, 56.81566787979129, 66.95259513574652, 62.21001467327775, 79.99231192878625, 72.21373616908616, 47.04011487558621, 41.98712175530183, 38.55438170243038, 38.26321585734998, 15.189547800995301, 81.09314344631471, 41.844326148787985, 34.8667385061525, 10.764158784934775, 35.58170733860218, 31.806778917575976, 66.15864221354886, 30.72086647710638, 0.0, 16.118469121518757, 48.99649499348892, 61.455078227711404, 43.10729752211117, 55.80161833242653, 66.44983398185062, 93.60411026721862, 22.524792660221546, 70.89455873779396, 52.91029708878319, 30.783280982415754, 17.263779623529356, 60.24980632639179, 57.75001737617141, 27.26661876418243, 99.66239548129127, 24.971410717732784, 64.09000237497733, 22.03792858674468, 80.43068731878111, 23.237853494824552, 22.663148976770387, 28.677014723755107, 46.83467994182418, 25.567793544002004], [27.398013176528703, 17.497469642172774, 52.40051367390924, 26.15854098778037, 2.804257361744129, 46.36824180511748, 41.439051026450656, 53.52764898422038, 45.141201373719944, 22.451416483775688, 26.190046422440552, 41.52112747907994, 64.37371407712513, 60.56109338008356, 71.27333659676158, 62.39560243225566, 46.59006915732633, 40.68374040272973, 35.41003136857318, 43.01792840865137, 3.8098613431254407, 76.46554095110346, 26.094354138308436, 20.33519149467212, 14.953017834762212, 19.657534631948966, 21.813235896897446, 71.96842009677628, 26.156018438442267, 16.118469121518757, 0.0, 35.85053922887366, 46.10252812532743, 53.871159772962805, 40.30265537778179, 60.4171421711109, 82.9946076949855, 12.618717619322046, 70.2273633711246, 56.41244482060763, 29.620226903669117, 12.03582568373348, 44.15601774547129, 59.55206417422834, 42.77770666527244, 90.34353316792715, 11.126684147864067, 62.86830449431093, 21.39415044614155, 82.23885344778193, 27.50774309780033, 38.70919216104322, 18.838924311706858, 32.9192769518692, 40.81481635551466], [8.871252403376678, 45.989470353669155, 17.013215464177513, 49.621207461709005, 34.74033489203971, 76.21319281685827, 73.13203474483075, 24.87773819560223, 31.5278514305863, 58.247921996640756, 33.651715320674235, 14.92056025883689, 46.890104681391435, 46.14619601146027, 39.6548179290175, 29.592411934713795, 39.90351640305635, 35.256114384699515, 29.624910020773886, 48.634880969510206, 39.2841787359412, 52.355601148321696, 31.14855651416003, 15.973787550793785, 40.59140668261114, 21.305884095745895, 18.425635348946173, 71.62320837819058, 26.625409021616704, 48.99649499348892, 35.85053922887366, 0.0, 43.59083375715572, 67.9591838961692, 16.054830296788904, 35.925777884286, 48.22092252772839, 26.557814280006347, 55.80224014208493, 54.60878819483913, 32.79332986796757, 32.37105437231686, 27.54134562184809, 53.149377650841274, 76.01769735028059, 56.89055606604329, 24.805419553424393, 48.823821984807225, 33.96325778222723, 71.30246642304681, 41.331173687605876, 70.48508326179198, 21.092580348865713, 4.395426989472649, 67.395025284523], [43.80504384001111, 37.88405733307606, 55.345237208920615, 71.89783911301663, 43.29973579780809, 91.28712856698644, 85.48082795034007, 68.07531666487446, 14.953647744115978, 61.11058063790032, 19.9165352796722, 31.83430852439109, 90.2323069262313, 88.92429666128216, 80.11224139973717, 69.94109789350432, 79.82585714525253, 74.1398773263651, 67.8152395845547, 83.30373909275663, 46.274607259638316, 95.64082177475757, 20.232980441312296, 38.16447591886215, 60.387543045954054, 31.376020698295456, 50.118519681830676, 110.55354641901684, 60.47538288065006, 61.455078227711404, 46.10252812532743, 43.59083375715572, 0.0, 98.34383556982655, 29.630847704742145, 79.44679859205658, 82.68049944774195, 49.468411770735116, 98.84128199356934, 93.47839686526771, 66.71401620948951, 54.13589312494901, 19.070139634046154, 93.82793884891062, 85.20788734965363, 93.50563647166732, 43.29575293714081, 91.60748018535025, 62.1021460787952, 113.91719565005495, 70.06831458200165, 82.86100256758041, 49.97686226758702, 39.63932024543046, 86.8086848096862], [61.066559838218566, 69.44730629668527, 75.9310221595426, 28.30793421073898, 56.530182309936954, 34.31062466638542, 38.767010049096356, 64.15285000476374, 93.20272754435929, 54.08171706011751, 78.97833898032715, 81.59677191032182, 51.624261698538724, 46.009439369499646, 78.33850270307737, 75.41329085128126, 35.28874806152754, 36.046980568292334, 39.59580695985509, 20.541657230499457, 55.32415794866836, 67.69936139743488, 78.19988430592396, 62.155813670238764, 38.92149261527704, 67.47259023728799, 51.40484349498951, 29.36119237553108, 41.52098735801127, 43.10729752211117, 53.871159772962805, 67.9591838961692, 98.34383556982655, 0.0, 81.76681886073531, 60.56022299080369, 95.5364899973681, 49.05262852369817, 49.32451928930536, 26.751505373502145, 35.17726870714503, 44.223313002946256, 90.62372141538603, 34.01528135466965, 44.878004877566816, 96.73079289021528, 55.12969729170854, 46.073521004939096, 36.65910810153655, 50.50622491819237, 28.494846322204268, 38.43806765405877, 50.17834641272135, 68.66935181071094, 25.16625164009591], [20.765224504067348, 44.28701758969946, 25.74304664937189, 60.21050271468398, 38.236995394388956, 85.22116242888536, 81.09315280130173, 38.955760010477, 15.979993214950094, 62.017053971136875, 26.35198787111305, 2.3455085803192093, 62.515672609816704, 62.072111986487876, 50.521098321290964, 40.32435963904838, 55.77514207196443, 50.87343093750435, 44.96365320317616, 63.357697040847604, 42.83285289519266, 66.3912910530498, 23.879766736145065, 21.380559770249665, 49.65885111879773, 20.914981178864412, 30.41255204787767, 87.48355575952813, 40.35367911784932, 55.80161833242653, 40.30265537778179, 16.054830296788904, 29.630847704742145, 81.76681886073531, 0.0, 50.5992229951031, 54.507719662939536, 35.41275149502998, 71.59752905805821, 70.39022778430923, 46.851343983067515, 41.47849418346842, 11.752518484680412, 69.16691506350269, 82.95431466605854, 64.81875471182491, 31.06558767663517, 64.73972503073577, 45.89701953718254, 87.21431086662685, 53.89913959675658, 78.36510720073913, 32.05026939046618, 13.551807260976572, 77.64441623104553], [38.36751591484573, 75.74444954797288, 27.922684757005534, 58.1798792997186, 60.837928393453076, 83.93207248159304, 83.86198874447577, 11.800176400233635, 66.57879086661353, 79.3623451596233, 68.38942507294237, 48.75705050782716, 14.524138491827559, 17.598246197028388, 17.857233181176987, 18.0666210725141, 25.560004774829387, 27.163404851373084, 28.278618963595495, 41.08667173640911, 64.20898232128954, 16.758212809448487, 66.04204317961174, 46.9382742179851, 55.69888181713567, 54.372629558829, 38.94050607470231, 48.96011541236586, 35.80943912749126, 66.44983398185062, 60.4171421711109, 35.925777884286, 79.44679859205658, 60.56022299080369, 50.5992229951031, 0.0, 35.263914438793364, 47.81364250011575, 23.87925256605935, 36.051461094211845, 36.3913827857179, 50.48185059444403, 62.32991219471958, 30.304831930059, 88.72140119299891, 36.4596237984301, 50.74948503303149, 19.443244446101563, 44.522511483593036, 39.59224080146897, 46.511283338267184, 81.77226937887305, 41.68021770708718, 40.087785820342624, 73.04036435264085], [55.80089670832984, 94.200477978309, 31.229053851987604,