instance_id,num_cities,city_coordinates,distance_matrix,best_route,total_distance
1346,57,"[[0.7603186844706067, 33.51289253057582], [27.497104642119208, 89.64346802910406], [31.326229850300034, 75.55574410926184], [93.71585408521497, 14.719474938314148], [27.985462883595503, 53.20194638108712], [67.80360581143799, 89.0527521700416], [75.71499111382003, 27.713679821617497], [64.19507125110391, 90.83102668845272], [19.393773888817954, 13.87925608673356], [96.7817671427243, 22.220977218052596], [41.35535583341638, 14.032372602992925], [37.747098262047984, 76.41655079478569], [52.31552525367744, 80.61285348495275], [51.83794025123349, 51.771388654621376], [55.77056930702502, 0.6290880053808845], [85.7387754634528, 91.45526101267137], [99.92008572166952, 12.993204520834256], [86.37369780937735, 90.56234917556424], [52.429458552378996, 63.166388011432794], [47.62382449516378, 35.41773882655911], [41.24707848272183, 91.80819926497745], [24.610917027560795, 18.72908189268546], [51.47045203037198, 74.91316763227623], [11.571896057473207, 56.13375087824918], [15.307154434633553, 10.605315256831815], [67.25723956754153, 0.23692855258941048], [18.47966477274169, 89.35289267328672], [4.281624909484416, 16.71756629104787], [53.9722724407247, 90.94472631724656], [91.096397967658, 8.818958394540832], [44.01797897063672, 98.50999504956451], [30.21760896529756, 69.16815074484207], [47.71394933314558, 83.97021835737294], [36.067585127034675, 77.50267023437027], [76.4573531764912, 39.40951529524801], [88.47110446153557, 51.48100382028055], [74.9169134956262, 65.8657343666584], [46.10838654785986, 22.937987103485725], [85.16292550667895, 34.170027102987234], [9.758856682176809, 31.10499520960388], [52.28257999345644, 58.00632357283179], [51.797729469857536, 4.0271034294780295], [61.984637172787785, 86.54358807228857], [69.27948157729453, 44.71284816967703], [73.36453304128405, 10.632847191369843], [41.656025800318595, 13.503786427497765], [79.0263341294242, 49.49170603408061], [68.10782890409195, 24.706327246604452], [56.908211910908676, 62.86009833830792], [50.14278247673499, 43.84782702079876], [47.48682779499421, 71.99927260073557], [81.73341898059282, 37.58052192077865], [61.68417712167751, 55.17591712334966], [0.34227947853069374, 58.1290404554838], [4.888351543988046, 79.07255313295646], [70.71499580472843, 68.46136192719014], [11.697985082790307, 22.764503310296035]]","[[0.0, 62.17312304477791, 51.97957574148521, 94.83630162778475, 33.598620778113464, 87.06019961819838, 75.17867907215994, 85.4946567718145, 27.06816086957867, 96.68312115072759, 45.02718842847332, 56.645792041178126, 69.83083592724219, 54.242935997503196, 64.08956446729437, 102.85259443423041, 101.26063892198535, 102.87998439285181, 59.57373422006283, 46.90220268047327, 70.97549229289828, 28.06086417593757, 65.4637334900445, 25.071765747109346, 27.136092697637434, 74.35812171910774, 58.58396403226638, 17.160494777904773, 78.29385387536814, 93.65040097817604, 78.07591503976934, 46.249642042019126, 68.92448883150138, 56.40659186722295, 75.926353731198, 89.53231240702652, 80.90677925153419, 46.56474936831999, 84.40516491442065, 9.315130466316948, 57.04797607814993, 58.942591210352695, 80.99797432032933, 69.4284861555484, 76.12403311106313, 45.52826800515758, 79.8804835651957, 67.92085633207851, 63.354908274646526, 50.45233989728824, 60.53567629555843, 81.07520324009006, 64.66067708726804, 24.619697305991693, 45.74629306832817, 78.19880027318585, 15.33494105210576], [62.17312304477791, 0.0, 14.598841224618496, 99.99263732133596, 36.44479378175853, 40.31082958385307, 78.4873444780875, 36.71717648190762, 76.19632393065845, 96.67552288448753, 76.87059826499059, 16.733610152387584, 26.41033889781151, 45.01966985992947, 93.39672721870657, 58.269844807377716, 105.45307527206639, 58.88376317410554, 36.36836589357038, 57.84042323142764, 13.919333387085116, 70.97309518438314, 28.137219741449798, 37.10139366647539, 79.97264832249853, 97.84885094089435, 9.022120362489497, 76.53199098105969, 26.507127024571652, 102.8468349983388, 18.749789065032818, 20.65525990307626, 20.99777538452296, 14.861093729430873, 70.14667450289257, 71.93192843562531, 53.04732688670883, 69.2531659903934, 80.01655793750982, 61.16697017776637, 40.18990790906076, 88.99821489375273, 34.626567196310255, 61.355746457079384, 91.35917684128242, 77.44498797700268, 65.32553469249487, 76.59022899879692, 39.77891555548112, 51.08881932429817, 26.66283300857294, 75.18063680563043, 48.5465548742992, 41.59980378509034, 24.957963827080334, 48.12969702227384, 68.7197795449719], [51.97957574148521, 14.598841224618496, 0.0, 87.1407875728346, 22.60205735763834, 38.89432071142211, 65.26274007282308, 36.244930582156336, 62.820161413878765, 84.43355210803092, 62.33545226822054, 6.478312998831194, 21.589925353459215, 31.40741676681556, 78.81325730094426, 56.687915448226136, 92.83958435417394, 57.05630486038871, 24.471256734607298, 43.32056162242779, 19.041153751177273, 57.22206711561647, 20.15446828296092, 27.702843259563114, 66.89670384471408, 83.45035312184451, 18.851937374968003, 64.75601767691211, 27.37999303150018, 89.58946123462194, 26.229337238366377, 6.483084856443201, 18.42174602801158, 5.125521553642045, 57.82186567518311, 62.00911073637269, 44.65471967752855, 54.65473912617381, 67.90557687937725, 49.406686421106244, 27.334058836679272, 74.40046192175937, 32.56793905833455, 48.90535294415804, 77.34469263878631, 62.90588316293206, 54.35654541105254, 62.75786185193223, 28.559013072773407, 36.87078326849384, 16.547308407140203, 63.11103086055378, 36.5642217270852, 35.548490556940195, 26.670758426570885, 40.02255791373202, 56.322136835774124], [94.83630162778475, 99.99263732133596, 87.1407875728346, 0.0, 76.16682306530693, 78.72026876612343, 22.200910527818493, 81.63605164970173, 74.32682942543845, 8.103848427082491, 52.365006319065856, 83.30084511955742, 77.81982114892098, 55.91604400462405, 40.476951970444986, 77.14930101943433, 6.4399145765335835, 76.19743323331932, 63.65272847575422, 50.52616470421617, 93.25043609301282, 69.22116203640971, 73.53879680080763, 91.99332634540662, 78.51656188843103, 30.16293142268351, 105.97467256408598, 89.45654653132415, 85.96418573867668, 6.455822630397245, 97.4203780090083, 83.64619196588386, 83.13748074671723, 85.23527747040785, 30.123976272123212, 37.13377713557745, 54.49165092748045, 48.31164360202822, 21.247977945682432, 85.54100003796192, 59.92050956617801, 43.260328012529044, 78.52116500807577, 38.68770785587697, 20.757571981694795, 52.07402058232327, 37.74771585022017, 27.486508921735304, 60.59968765407788, 52.41253155915014, 73.60773119713622, 25.8109709265446, 51.60186085179039, 102.97094159625557, 109.6888503031982, 58.457077405256456, 82.41148777448983], [33.598620778113464, 36.44479378175853, 22.60205735763834, 76.16682306530693, 0.0, 53.57951830634002, 54.10877560328248, 52.221484303938595, 40.25035517568298, 75.45032756718501, 41.38851951262855, 25.183474409746733, 36.6511904743738, 23.895337871275924, 59.46358193679026, 69.27309141542393, 82.40954365145102, 69.31800397237261, 26.396950984158607, 26.49421229493811, 40.820499874865334, 34.63763770481736, 31.983149367163556, 16.673351599638327, 44.44336270201542, 65.93607174746465, 37.37982230489883, 43.50841212061598, 45.823920699432314, 77.15464827085056, 48.06101170622973, 16.12148125685867, 36.54996221607864, 25.60948808062002, 50.39598499706238, 60.51011882646264, 48.61000496495527, 35.27531138483498, 60.26173067065211, 28.644099299794867, 24.767558217370834, 54.63688515362702, 47.61941749970632, 42.15757071177763, 62.22048066513475, 41.98604761299699, 51.17554514576095, 49.2118335864473, 30.49270913719726, 24.05091184464832, 27.085839592218957, 55.972061662707, 33.756479404570904, 28.078850489006943, 34.680900304693516, 45.3724888722983, 34.52129594611665], [87.06019961819838, 40.31082958385307, 38.89432071142211, 78.72026876612343, 53.57951830634002, 0.0, 61.847164963059974, 4.022907149805445, 89.41233885859072, 72.8438053466138, 79.54600729944889, 32.60471179542242, 17.638382272142895, 40.55616528160923, 89.23865951380736, 18.095368445695357, 82.56223755704752, 18.631349922402677, 30.107611218682525, 57.305656180940765, 26.699094225344773, 82.52894622893942, 21.603235020166874, 65.15877399017855, 94.39214885470732, 88.81750413583377, 49.32485422087406, 96.26744607527888, 13.96013427533915, 83.54648903480296, 25.596786655596688, 42.521812434997706, 20.72260715674349, 33.77246513954224, 50.39184766274234, 42.88101881380103, 24.253596451337696, 69.58336510043625, 57.56265708831949, 82.01911629751216, 34.70998373788292, 86.5190673852629, 6.3368999113957445, 44.36445983033929, 78.61682649738255, 79.94587021983031, 41.12208655055047, 64.34714408672416, 28.368375402844702, 48.53235970574929, 26.525320627472, 53.323823772875656, 34.42509782513099, 74.21122891315093, 63.70191199923055, 20.796190608532854, 86.84453128573162], [75.17867907215994, 78.4873444780875, 65.26274007282308, 22.200910527818493, 54.10877560328248, 61.847164963059974, 0.0, 64.16001893041955, 57.995437663511005, 21.7710549616509, 36.98327600163009, 61.75378958924475, 57.84338835859878, 33.89523435806482, 33.635622114947, 64.52492096410235, 28.329825238711123, 63.74608433451927, 42.41592324425024, 29.128442580212376, 72.77461386926258, 51.887853955992846, 53.06212703008957, 70.15723114741301, 62.78377871983242, 28.749007313620638, 84.11465474186483, 72.27475575925452, 66.86487161604195, 24.363870271574747, 77.56815602204267, 61.55066971116693, 62.83992734582062, 63.646369635684415, 11.71937152147364, 26.97413794354124, 38.160400861265046, 29.989302673839394, 11.443246240006228, 66.04326376872804, 38.29780876697415, 33.66139191605746, 60.41093215741996, 18.176564788770726, 17.241795048465303, 36.90439253664179, 22.028332171948943, 8.180041955610784, 39.86183235298421, 30.236543460247823, 52.517072768312, 11.557510415194358, 30.838907550345425, 81.27816325277426, 87.4879805491306, 41.05330132970725, 64.20803228037059], [85.4946567718145, 36.71717648190762, 36.244930582156336, 81.63605164970173, 52.221484303938595, 4.022907149805445, 64.16001893041955, 0.0, 89.04342336233249, 75.95545824668365, 80.12294221818783, 30.12096264263378, 15.669546155575029, 40.9677191198373, 90.59449196938212, 21.552745989333047, 85.64463333285933, 22.180253912371782, 30.062632541187472, 57.83803844107563, 22.96878835163118, 82.25324132777453, 20.37876765766077, 63.032527445033374, 93.94782161052929, 90.64583549092936, 45.7392967769365, 95.30176317680495, 10.223431083695848, 86.31141711822403, 21.588923270636833, 40.29575830694415, 17.852116698879726, 31.125561222679806, 52.863365310762816, 46.23580958693872, 27.17027275956326, 70.2608923060365, 60.41622121671593, 80.81151089298302, 34.91945850943542, 87.68474882435945, 4.823706946110724, 46.39760358310263, 80.72067284263616, 80.54508461854157, 43.919309998346264, 66.24036193081817, 28.90451784432193, 49.03965610410511, 25.175391981236054, 56.06433714129284, 35.74341096522115, 71.73980011634325, 60.46113381978303, 23.30045745723094, 85.9592674523957], [27.06816086957867, 76.19632393065845, 62.820161413878765, 74.32682942543845, 40.25035517568298, 89.41233885859072, 57.995437663511005, 89.04342336233249, 0.0, 77.83627567721462, 21.962115703566976, 65.17482447195975, 74.41246357054196, 49.88424241676403, 38.71483177132748, 102.07691107301115, 80.53118641109843, 101.81653585775837, 59.33445739663378, 35.50833699246713, 80.93507957957355, 7.123158911480812, 68.94963117483643, 42.97236440893965, 5.2363295466401025, 49.76971415757999, 75.47917206140505, 15.376379664585759, 84.46750418921056, 71.88096349190836, 88.14030549814484, 56.338417427881744, 75.5961330308746, 65.77199106769827, 62.5143680794624, 78.64838861457883, 76.06190213073965, 28.208706761503787, 68.82802258504327, 19.73721656941563, 55.03518558078253, 33.8685879434005, 84.22640190688881, 58.64549626627338, 54.06830877889005, 22.265417975778504, 69.45710066006089, 49.902751686976636, 61.696482620866625, 42.937358709751734, 64.5535126647899, 66.69318820017921, 59.10915680646294, 48.17678752206398, 66.78752321473634, 74.92045179335835, 11.754691981111419], [96.68312115072759, 96.67552288448753, 84.43355210803092, 8.103848427082491, 75.45032756718501, 72.8438053466138, 21.7710549616509, 75.95545824668365, 77.83627567721462, 0.0, 56.0280315214657, 80.13895635184042, 73.39521702198451, 53.78823655524308, 46.347902085112274, 70.10944100320778, 9.746837048729242, 69.12937890855606, 60.3626866725784, 50.8985053050932, 89.03079869781823, 72.25527620394735, 69.49519557393654, 91.71040479516397, 82.29845757200273, 36.810271993876675, 103.14026036542636, 92.66371374492327, 80.9667001111537, 14.558074433198838, 92.7579192520276, 81.45443054876739, 78.87090417813114, 82.1113724193225, 26.618182588261135, 30.417367916432063, 48.81533213622331, 50.6784530553942, 16.666651556811217, 87.47521203574573, 57.10314063759606, 48.52402177054657, 73.13165197949606, 35.52829816114155, 26.12760246323728, 55.81072274956446, 32.54148201368721, 28.781447129658467, 56.93363304981892, 51.40929413116783, 70.05618985144729, 21.502753216361995, 48.144250845217485, 102.907549705527, 108.05786188154077, 53.081538655510016, 85.08551809935281], [45.02718842847332, 76.87059826499059, 62.33545226822054, 52.365006319065856, 41.38851951262855, 79.54600729944889, 36.98327600163009, 80.12294221818783, 21.962115703566976, 56.0280315214657, 0.0, 62.488440621979755, 67.47655702682114, 39.16781725628494, 19.683658640971505, 89.24231948886931, 58.573948622122344, 88.78901074154888, 50.36652877841534, 22.28514276102701, 77.77590203231162, 17.390667298149506, 61.71536578900973, 51.571121074700756, 26.272676265759994, 29.34658170083785, 78.71771074645758, 37.17084596511734, 77.9403408931616, 50.01350777849211, 84.51957321352467, 56.249474989598795, 70.22630547065857, 63.690181350494626, 43.31454246204509, 60.18549450520885, 61.75010562288014, 10.094615921560893, 48.214399191931186, 35.91396944480026, 45.311285478802695, 14.461970073179128, 75.38861729341876, 41.485520119167106, 32.189193816387295, 0.6081165792194603, 51.73458159834044, 28.8032658414128, 51.244883965624624, 31.083439146142812, 58.29027743769892, 46.74294941282696, 45.89174468974389, 60.22116362031364, 74.56586005147015, 61.84256898042511, 30.916172895905422], [56.645792041178126, 16.733610152387584, 6.478312998831194, 83.30084511955742, 25.183474409746733, 32.60471179542242, 61.75378958924475, 30.12096264263378, 65.17482447195975, 80.13895635184042, 62.488440621979755, 0.0, 15.160739470023916, 28.389009226797295, 77.90112338448364, 50.292781645295555, 88.81442012556185, 50.642371541684035, 19.777222188174942, 42.17170027269374, 15.784571713387232, 59.16420645758781, 13.805455428340254, 33.11394242467408, 69.53178986628748, 81.69567482329725, 23.20738965205482, 68.43907259372142, 21.778984391835834, 86.11377518950522, 22.966153876963585, 10.45143589914333, 12.505839192933918, 2.0001049491778553, 53.55375348194762, 56.521733057677984, 38.63825684212972, 54.12825432510162, 63.506137005287734, 53.25860246272193, 23.456698308331493, 73.74043888662801, 26.26813995069995, 44.7148292815813, 74.80706731342434, 63.034083120430516, 49.28410067336673, 59.964332602986794, 23.47180605469672, 34.84788021410344, 10.694609764670037, 58.67736828673722, 32.002316527030736, 41.63596405318174, 32.965915493157226, 33.91411650483898, 59.641415951532444], [69.83083592724219, 26.41033889781151, 21.589925353459215, 77.81982114892098, 36.6511904743738, 17.638382272142895, 57.84338835859878, 15.669546155575029, 74.41246357054196, 73.39521702198451, 67.47655702682114, 15.160739470023916, 0.0, 28.845418717602296, 80.05835415309089, 35.13789201961862, 82.69589532365754, 35.481707714417105, 17.446837487501192, 45.43798460531437, 15.743134410141915, 67.8022603122235, 5.761993367919543, 47.531776576384225, 79.187593216625, 81.75294572900746, 34.94644101334159, 79.93662056821924, 10.46386197655913, 81.59852609398675, 19.727061375251935, 24.88572130957312, 5.696174140506918, 16.54293801630085, 47.75503045156532, 46.43156870859271, 26.98703897711756, 58.00792000264562, 56.884864645407, 65.2847460814284, 22.606553918228908, 76.58750044252253, 11.343074453149951, 39.7062488254231, 73.07709634141621, 67.95036283875272, 41.012109546518055, 58.09420393314657, 18.337204967721615, 36.82917297584483, 9.874719985723424, 52.12671130214433, 27.107367435588916, 56.62808600639728, 47.45217941531678, 22.049926612970136, 70.68391745979659], [54.242935997503196, 45.01966985992947, 31.40741676681556, 55.91604400462405, 23.895337871275924, 40.55616528160923, 33.89523435806482, 40.9677191198373, 49.88424241676403, 53.78823655524308, 39.16781725628494, 28.389009226797295, 28.845418717602296, 0.0, 51.29327916002018, 52.19268486498901, 61.77086916786967, 51.93705005342755, 11.410341986212451, 16.88788424594496, 41.41391742940098, 42.81477349901887, 23.14469662456391, 40.501660696618245, 55.03765902880042, 53.79177789787043, 50.25081081140788, 59.07938380840515, 39.231438382057156, 58.19052987831761, 47.3882804306239, 27.750424431661575, 32.46185354102979, 30.179512131240106, 27.548709692788357, 36.634315107709774, 27.042366521179527, 29.397156846349517, 37.68769787008755, 46.880156698073414, 6.250769387418127, 47.744302158129614, 36.22238687275998, 18.81569444921695, 46.43031112185576, 39.59899950881468, 27.283799488451635, 31.578898425944807, 12.192913398855465, 8.102863003002605, 20.69056472270162, 33.09260260413586, 10.418214559283781, 51.88663426007021, 54.3103807909005, 25.197190998379043, 49.5238871485616], [64.08956446729437, 93.39672721870657, 78.81325730094426, 40.476951970444986, 59.46358193679026, 89.23865951380736, 33.635622114947, 90.59449196938212, 38.71483177132748, 46.347902085112274, 19.683658640971505, 77.90112338448364, 80.05835415309089, 51.29327916002018, 0.0, 95.6424962210022, 45.84813166154834, 94.99759438446796, 62.62648731265192, 35.72981495876311, 92.32855525682999, 36.03517321864269, 74.40843698538424, 70.95273298225666, 41.67508912177469, 11.493362550196013, 96.2420130490512, 53.943957295710206, 90.33353970314174, 36.2627653048087, 98.58395073949453, 73.14750100604732, 83.72964310058443, 79.35839735222822, 43.95298132830897, 60.45860022723833, 67.98825284013971, 24.311412024827586, 44.5971433896463, 55.18929804402324, 57.4831560617049, 5.2278069201326725, 86.13893406112585, 46.107142840876854, 20.23913925377461, 19.104402578022885, 54.11456401093286, 27.05404634882804, 62.241408063692155, 43.58361374060197, 71.84931191468117, 45.1605805053067, 54.86644989618342, 79.86576140672337, 93.5006807766996, 69.45900423090318, 49.31905606277694], [102.85259443423041, 58.269844807377716, 56.687915448226136, 77.14930101943433, 69.27309141542393, 18.095368445695357, 64.52492096410235, 21.552745989333047, 102.07691107301115, 70.10944100320778, 89.24231948886931, 50.292781645295555, 35.13789201961862, 52.19268486498901, 95.6424962210022, 0.0, 79.73332972833909, 1.095635858394738, 43.70092594857175, 67.77133155010384, 44.493096831251535, 95.00374838052826, 38.05205440340835, 82.14825061434485, 107.22558915421922, 93.07175374876043, 67.29196031874667, 110.54858836129233, 31.770605281741574, 82.8097979063638, 42.3130491967463, 59.82737846008513, 38.75452574592717, 51.5936230445528, 52.866855845147434, 40.06752874631992, 27.783746515142614, 79.15291876834058, 57.28812815287249, 97.03145181079273, 47.309073455109086, 93.78527251936221, 24.25662006556821, 49.55564058324591, 81.76420030443833, 89.5528961444884, 42.49702124977685, 69.03818099780605, 40.60646159333012, 59.44360762942446, 42.915579752764316, 54.023424482110556, 43.52946696691568, 91.66896150349433, 81.79316904480173, 27.46695014717132, 100.99732092446631], [101.26063892198535, 105.45307527206639, 92.83958435417394, 6.4399145765335835, 82.40954365145102, 82.56223755704752, 28.329825238711123, 85.64463333285933, 80.53118641109843, 9.746837048729242, 58.573948622122344, 88.81442012556185, 82.69589532365754, 61.77086916786967, 45.84813166154834, 79.73332972833909, 0.0, 78.74310654232991, 69.08478856096923, 56.901306462150394, 98.2564256167551, 75.52728764243187, 78.6221904842599, 98.3184080269665, 84.64661928347645, 35.065425927346936, 111.63934852496388, 95.71095056010725, 90.48558612108954, 9.761239486006296, 102.16734802048352, 89.52128154379128, 88.10912080919528, 90.76680560003048, 35.331590587135736, 40.15457466851513, 58.48643461233339, 54.72291721563092, 25.811462420538767, 91.96240636186977, 65.54016202905542, 48.95050704545079, 82.75721827835258, 44.10195478141373, 26.660245026696295, 58.26629705414772, 42.055789949909396, 33.90010218002986, 65.8538411006982, 58.56438890617305, 78.9364466330681, 30.58252808511085, 56.932995257349276, 109.32969944948948, 115.74761688181701, 62.68695050098455, 88.76157570238075], [102.87998439285181, 58.88376317410554, 57.05630486038871, 76.19743323331932, 69.31800397237261, 18.631349922402677, 63.74608433451927, 22.180253912371782, 101.81653585775837, 69.12937890855606, 88.78901074154888, 50.642371541684035, 35.481707714417105, 51.93705005342755, 94.99759438446796, 1.095635858394738, 78.74310654232991, 0.0, 43.62052345906622, 67.39792825014138, 45.143813688014546, 94.73467885856915, 38.25092742515457, 82.34462900547342, 106.97467392011843, 92.32616414878926, 67.90480474171675, 110.41811623217767, 32.40368155316381, 81.87970342621013, 43.094918416037885, 60.09341095958273, 39.21775543003006, 51.97364896998885, 52.10514662550521, 39.13758640288733, 27.224633878737126, 78.70419071842653, 56.40531852854159, 96.97943504465098, 47.13914633279617, 93.18715760742468, 24.717943270839584, 48.932494020620446, 80.98125496313783, 89.09372751606845, 41.72267346540237, 68.34220944023323, 40.44291731172622, 59.11789750988421, 43.09032921014277, 53.18464258472371, 43.1482561081483, 91.94196242494057, 82.29141552489615, 27.08594812487077, 100.86134034006497], [59.57373422006283, 36.36836589357038, 24.471256734607298, 63.65272847575422, 26.396950984158607, 30.107611218682525, 42.41592324425024, 30.062632541187472, 59.33445739663378, 60.3626866725784, 50.36652877841534, 19.777222188174942, 17.446837487501192, 11.410341986212451, 62.62648731265192, 43.70092594857175, 69.08478856096923, 43.62052345906622, 0.0, 28.16170538651837, 30.747340956673682, 52.42657177099504, 11.785861231573813, 41.45839357804599, 64.34851849207438, 64.65276450095408, 42.87565187941983, 66.9007243885741, 27.821149396211382, 66.69914024714173, 36.330752087177345, 23.00842058871643, 21.331558411408565, 21.75407754796102, 33.789476487812664, 37.88863211486862, 22.648887402476156, 40.721986578466826, 43.72949582125406, 53.37333765428643, 5.16215442635978, 59.142658568068576, 25.254601979702482, 24.989125807667843, 56.551306394717564, 50.81772180399111, 29.90636583810451, 41.53296968577807, 4.489214297669897, 19.45342350908368, 10.12173152043604, 38.901910497907515, 12.226914607137104, 52.330192950824916, 50.13145663609282, 19.036743980408247, 57.37042111060155], [46.90220268047327, 57.84042323142764, 43.32056162242779, 50.52616470421617, 26.49421229493811, 57.305656180940765, 29.128442580212376, 57.83803844107563, 35.50833699246713, 50.8985053050932, 22.28514276102701, 42.17170027269374, 45.43798460531437, 16.88788424594496, 35.72981495876311, 67.77133155010384, 56.901306462150394, 67.39792825014138, 28.16170538651837, 0.0, 56.749862714935425, 28.427190863132896, 39.682306383854396, 41.579979550285145, 40.74338630016815, 40.288464837187846, 61.30565117830677, 47.204265885434054, 55.888720965043184, 50.96429892377729, 63.19521277166582, 37.97455258098418, 48.55256317720536, 43.642732727610756, 29.108532350376393, 43.89224034962986, 40.89001271211675, 12.571426141917305, 37.55983079431905, 38.10978279896289, 23.06400146619001, 31.666914490841272, 53.10447628833997, 23.56621610185559, 35.733386766781344, 22.712021728822872, 34.412122345013955, 23.115552657467983, 28.970380481756063, 8.798382594294253, 36.58179029745633, 34.178093373871114, 24.25034279324061, 52.453290848524446, 61.090616795762564, 40.312320946135294, 38.08897880639055], [70.97549229289828, 13.919333387085116, 19.041153751177273, 93.25043609301282, 40.820499874865334, 26.699094225344773, 72.77461386926258, 22.96878835163118, 80.93507957957355, 89.03079869781823, 77.77590203231162, 15.784571713387232, 15.743134410141915, 41.41391742940098, 92.32855525682999, 44.493096831251535, 98.2564256167551, 45.143813688014546, 30.747340956673682, 56.749862714935425, 0.0, 74.94877760094167, 19.74739123440784, 46.403477452332424, 85.24545753798816, 95.19362425887421, 22.89942482903428, 83.6961642986139, 12.754455958615239, 96.80996205640504, 7.252031181140625, 25.183744654635365, 10.161415418337794, 15.214312743832766, 63.129909914162525, 62.099849614008384, 42.50493235845361, 69.04157037085018, 72.4621315585377, 68.3841143449898, 35.55768684687874, 88.41287814754975, 21.39538434882895, 54.806821820337504, 87.29815961173213, 78.3054807004658, 56.72704607662407, 72.27835873599541, 32.91297080963851, 48.77838512445125, 20.76843872488533, 67.67410699119775, 41.947575563818056, 52.98573694578919, 38.52471553438737, 37.59565087844226, 75.10113762014772], [28.06086417593757, 70.97309518438314, 57.22206711561647, 69.22116203640971, 34.63763770481736, 82.52894622893942, 51.887853955992846, 82.25324132777453, 7.123158911480812, 72.25527620394735, 17.390667298149506, 59.16420645758781, 67.8022603122235, 42.81477349901887, 36.03517321864269, 95.00374838052826, 75.52728764243187, 94.73467885856915, 52.42657177099504, 28.427190863132896, 74.94877760094167, 0.0, 62.274281296221524, 39.61218663212088, 12.35133930953891, 46.48299217281192, 70.88945551622184, 20.428566103319977, 77.95632425501329, 67.22000984516818, 82.10741840666934, 50.749725724946316, 69.21095281035271, 59.87979567850355, 55.81875372187149, 71.76915722685946, 68.93879377460205, 21.90561751810911, 62.489747317801964, 19.332535450137062, 48.04604713500107, 30.907457700452106, 77.43127408145351, 51.676268913990434, 49.42129187660274, 17.828052214800582, 62.50901264965329, 43.90568078068785, 54.686944230828345, 35.81658149692473, 57.974309064546894, 60.15278065482045, 51.98844498864351, 46.27443682246625, 63.484754946201285, 67.81508502775523, 13.52880029522146], [65.4637334900445, 28.137219741449798, 20.15446828296092, 73.53879680080763, 31.983149367163556, 21.603235020166874, 53.06212703008957, 20.37876765766077, 68.94963117483643, 69.49519557393654, 61.71536578900973, 13.805455428340254, 5.761993367919543, 23.14469662456391, 74.40843698538424, 38.05205440340835, 78.6221904842599, 38.25092742515457, 11.785861231573813, 39.682306383854396, 19.74739123440784, 62.274281296221524, 0.0, 44.097179754990776, 73.7786145853925, 76.32668828024885, 36.01246594081286, 74.92338366966747, 16.225596421558905, 77.06270230264614, 24.745698997348363, 22.015643469714565, 9.805176201947836, 15.619021498422223, 43.41491170271457, 43.79628501647112, 25.13150620113047, 52.251039580463, 52.86952117374471, 60.4897772975415, 16.92633828915148, 70.88681971061774, 15.678481075042129, 35.060245707156824, 67.90662986261347, 62.18870526212102, 37.49103023451611, 52.89167354839998, 13.222923728267364, 31.093698618060316, 4.9355897624829455, 48.05802330985282, 22.22339393281067, 53.81260961501123, 46.7674306913138, 20.297247644429603, 65.58454328317798], [25.071765747109346, 37.10139366647539, 27.702843259563114, 91.99332634540662, 16.673351599638327, 65.15877399017855, 70.15723114741301, 63.032527445033374, 42.97236440893965, 91.71040479516397, 51.571121074700756, 33.11394242467408, 47.531776576384225, 40.501660696618245, 70.95273298225666, 82.14825061434485, 98.3184080269665, 82.34462900547342, 41.45839357804599, 41.579979550285145, 46.403477452332424, 39.61218663212088, 44.097179754990776, 0.0, 45.68140327614392, 78.90064782966414, 33.929760538831566, 40.08470607131259, 54.859784254550895, 92.53559310794614, 53.371287847257506, 22.749905268445502, 45.619260589118, 32.506453166118256, 67.00613853505993, 77.03983585364685, 64.08824179877753, 47.903318339990456, 76.79872900946911, 25.094336454609024, 40.75372762131115, 65.82720092842642, 58.87446530481368, 58.82688539440247, 76.7376193384685, 52.17632347585142, 67.78066077661546, 64.68380522944089, 45.83257886390316, 40.48033107817502, 39.263177421567406, 72.57314657392058, 50.12143412712602, 11.40550169905216, 23.892643557051223, 60.41420562986616, 33.369485787072776], [27.136092697637434, 79.97264832249853, 66.89670384471408, 78.51656188843103, 44.44336270201542, 94.39214885470732, 62.78377871983242, 93.94782161052929, 5.2363295466401025, 82.29845757200273, 26.272676265759994, 69.53178986628748, 79.187593216625, 55.03765902880042, 41.67508912177469, 107.22558915421922, 84.64661928347645, 106.97467392011843, 64.34851849207438, 40.74338630016815, 85.24545753798816, 12.35133930953891, 73.7786145853925, 45.68140327614392, 0.0, 52.97466175602349, 78.81145710368487, 12.606423521967306, 89.15947689370573, 75.81029287733655, 92.47455960965712, 60.43117866388799, 80.20354956325819, 70.0446399485698, 67.5945911003372, 83.80802765293473, 81.2836840669964, 33.1784673330474, 73.72329615842168, 21.237242902881754, 60.11686688966376, 37.07876666296829, 89.13702189867813, 63.846189381945415, 58.057385134738695, 26.50781313825414, 74.64774108208447, 54.651164338606975, 66.79229250472294, 48.15169331877255, 69.31629949676035, 71.69456322548041, 64.32236612608583, 49.82421037215527, 69.25542661813556, 80.10837048409034, 12.683530956708847], [74.35812171910774, 97.84885094089435, 83.45035312184451, 30.16293142268351, 65.93607174746465, 88.81750413583377, 28.749007313620638, 90.64583549092936, 49.76971415757999, 36.810271993876675, 29.34658170083785, 81.69567482329725, 81.75294572900746, 53.79177789787043, 11.493362550196013, 93.07175374876043, 35.065425927346936, 92.32616414878926, 64.65276450095408, 40.288464837187846, 95.19362425887421, 46.48299217281192, 76.32668828024885, 78.90064782966414, 52.97466175602349, 0.0, 101.59186416255834, 65.09638593521456, 91.67548705556216, 25.336864633059644, 100.98345820880637, 78.25246084353127, 85.98374273499441, 83.32340236544543, 40.23845974349283, 55.461548065136334, 66.07428211691261, 31.025989804989646, 38.36754834729519, 65.26026029348866, 59.678668134975524, 15.91734519503146, 86.46756509502532, 44.52186977802762, 12.057120631334843, 28.834556771833046, 50.64133382482879, 24.484178047590618, 63.472543414051714, 46.84885384635917, 74.43589997400835, 40.05126385081396, 55.220933441980364, 88.48224965659021, 100.5233002655162, 68.31200031825404, 59.952667858615015], [58.58396403226638, 9.022120362489497, 18.851937374968003, 105.97467256408598, 37.37982230489883, 49.32485422087406, 84.11465474186483, 45.7392967769365, 75.47917206140505, 103.14026036542636, 78.71771074645758, 23.20738965205482, 34.94644101334159, 50.25081081140788, 96.2420130490512, 67.29196031874667, 111.63934852496388, 67.90480474171675, 42.87565187941983, 61.30565117830677, 22.89942482903428, 70.88945551622184, 36.01246594081286, 33.929760538831566, 78.81145710368487, 101.59186416255834, 0.0, 74.00996537367791, 35.52828638456137, 108.43848260795161, 27.130389160497483, 23.349585447828996, 29.725688832218285, 21.207609819136913, 76.52289393748421, 79.58066093596186, 61.12944992987708, 71.9325096793687, 86.55521887592916, 58.89711412872596, 46.10037387905248, 91.60012961366407, 43.59558252701714, 67.62658471829242, 95.96454723245616, 79.31097420133968, 72.49009153307134, 81.49928279754707, 46.675704459877274, 55.43702754273693, 33.80182888871524, 81.73992778760204, 55.088070805305414, 36.109468185364584, 17.04139596237854, 56.25820708960014, 66.93283781055716], [17.160494777904773, 76.53199098105969, 64.75601767691211, 89.45654653132415, 43.50841212061598, 96.26744607527888, 72.27475575925452, 95.30176317680495, 15.376379664585759, 92.66371374492327, 37.17084596511734, 68.43907259372142, 79.93662056821924, 59.07938380840515, 53.943957295710206, 110.54858836129233, 95.71095056010725, 110.41811623217767, 66.9007243885741, 47.204265885434054, 83.6961642986139, 20.428566103319977, 74.92338366966747, 40.08470607131259, 12.606423521967306, 65.09638593521456, 74.00996537367791, 0.0, 89.32430653315404, 87.17334929807932, 90.93392786133387, 58.51272578241413, 80.05801655547265, 68.59428641185939, 75.65884152220427, 91.08438426038846, 86.05164971594672, 42.286778362004426, 82.7428134322614, 15.394745167695788, 63.31550494821599, 49.18158232746477, 90.58317140646622, 70.77045413781863, 69.35035690224423, 37.51232094872493, 81.61443372510274, 64.3242148647481, 69.99064882647465, 53.28505250698781, 70.16235891764634, 80.21248856905947, 69.09484603944033, 41.598421062536985, 62.35793855848354, 84.20696619247073, 9.569108920633711], [78.29385387536814, 26.507127024571652, 27.37999303150018, 85.96418573867668, 45.823920699432314, 13.96013427533915, 66.86487161604195, 10.223431083695848, 84.46750418921056, 80.9667001111537, 77.9403408931616, 21.778984391835834, 10.46386197655913, 39.231438382057156, 90.33353970314174, 31.770605281741574, 90.48558612108954, 32.40368155316381, 27.821149396211382, 55.888720965043184, 12.754455958615239, 77.95632425501329, 16.225596421558905, 54.859784254550895, 89.15947689370573, 91.67548705556216, 35.52828638456137, 89.32430653315404, 0.0, 90.1268131747352, 12.502849654411742, 32.22581698718337, 9.370718723833264, 22.388986121220498, 56.22683372532956, 52.4171231957427, 32.674666427927484, 68.45989541201823, 64.77826263145948, 74.40174428112012, 32.98171365953604, 86.94482046443302, 9.141553831315562, 48.70007401023539, 82.61995945247999, 78.41421492506954, 48.43613215046932, 67.72990084128786, 28.237671102411532, 47.25233239453946, 20.024764886941732, 60.15330055845678, 36.59072539534445, 62.87324855375993, 50.49930481417422, 28.032489363943643, 80.2225540661647], [93.65040097817604, 102.8468349983388, 89.58946123462194, 6.455822630397245, 77.15464827085056, 83.54648903480296, 24.363870271574747, 86.31141711822403, 71.88096349190836, 14.558074433198838, 50.01350777849211, 86.11377518950522, 81.59852609398675, 58.19052987831761, 36.2627653048087, 82.8097979063638, 9.761239486006296, 81.87970342621013, 66.69914024714173, 50.96429892377729, 96.80996205640504, 67.22000984516818, 77.06270230264614, 92.53559310794614, 75.81029287733655, 25.336864633059644, 108.43848260795161, 87.17334929807932, 90.1268131747352, 0.0, 101.29590115849652, 85.72194565995093, 86.7741247350112, 88.00921835094934, 33.91288551411088, 42.742745418388466, 59.296798957394735, 47.15154444121527, 26.03618213382229, 84.33541995679931, 62.657077484646564, 39.58973629245605, 82.99766668479764, 42.00415650829972, 17.824399746819886, 49.66183659253258, 42.42592181212717, 27.944280213164696, 63.947453993671466, 53.8908179471606, 76.76943867085379, 30.24719676244458, 54.900331125387716, 103.285014477394, 111.20878940917923, 63.02870658103694, 80.61380893887393], [78.07591503976934, 18.749789065032818, 26.229337238366377, 97.4203780090083, 48.06101170622973, 25.596786655596688, 77.56815602204267, 21.588923270636833, 88.14030549814484, 92.7579192520276, 84.51957321352467, 22.966153876963585, 19.727061375251935, 47.3882804306239, 98.58395073949453, 42.3130491967463, 102.16734802048352, 43.094918416037885, 36.330752087177345, 63.19521277166582, 7.252031181140625, 82.10741840666934, 24.745698997348363, 53.371287847257506, 92.47455960965712, 100.98345820880637, 27.130389160497483, 90.93392786133387, 12.502849654411742, 101.29590115849652, 0.0, 32.425206853416334, 15.002176614722979, 22.461443812886582, 67.41794795199444, 64.71326279792783, 44.948769842044804, 75.60091394183742, 76.37105538632005, 75.61164899273618, 41.33825145263748, 94.80264409141306, 21.58693361500703, 59.43295825013564, 92.64779194083599, 85.03901649876431, 60.236015712605955, 77.6357021671478, 37.90874886853608, 55.00423466964461, 26.736703553824455, 71.65790333868298, 46.796761285660544, 59.4826715947927, 43.69143955982508, 40.19516215121952, 82.35266555330202], [46.249642042019126, 20.65525990307626, 6.483084856443201, 83.64619196588386, 16.12148125685867, 42.521812434997706, 61.55066971116693, 40.29575830694415, 56.338417427881744, 81.45443054876739, 56.249474989598795, 10.45143589914333, 24.88572130957312, 27.750424431661575, 73.14750100604732, 59.82737846008513, 89.52128154379128, 60.09341095958273, 23.00842058871643, 37.97455258098418, 25.183744654635365, 50.749725724946316, 22.015643469714565, 22.749905268445502, 60.43117866388799, 78.25246084353127, 23.349585447828996, 58.51272578241413, 32.22581698718337, 85.72194565995093, 32.425206853416334, 0.0, 22.917747094195878, 10.182653692148133, 54.98809260684036, 60.87942923402986, 44.82113094768978, 48.88501654377393, 65.14488827439308, 43.21301140029276, 24.72750153758599, 68.62257388304396, 36.208423100923646, 46.08569969088842, 72.71890276479755, 56.82744789752331, 52.625603356188726, 58.41679994486728, 27.42589671758876, 32.2200455144191, 17.499747711063357, 60.42894154508084, 34.43729828628441, 31.84960388958546, 27.196846658770003, 40.503554057085736, 49.9627357535512], [68.92448883150138, 20.99777538452296, 18.42174602801158, 83.13748074671723, 36.54996221607864, 20.72260715674349, 62.83992734582062, 17.852116698879726, 75.5961330308746, 78.87090417813114, 70.22630547065857, 12.505839192933918, 5.696174140506918, 32.46185354102979, 83.72964310058443, 38.75452574592717, 88.10912080919528, 39.21775543003006, 21.331558411408565, 48.55256317720536, 10.161415418337794, 69.21095281035271, 9.805176201947836, 45.619260589118, 80.20354956325819, 85.98374273499441, 29.725688832218285, 80.05801655547265, 9.370718723833264, 86.7741247350112, 15.002176614722979, 22.917747094195878, 0.0, 13.3216732411787, 53.026781176048445, 52.12192202324146, 32.67680522626477, 61.053346212025616, 62.309588872173315, 65.0793429331231, 26.362780932463398, 80.04735401360632, 14.500853875070836, 44.79077243168758, 77.6937735864871, 70.72634916675192, 46.57502821961187, 62.67470872324249, 23.02545616417153, 40.19583954844831, 11.97310012074762, 57.52676116880693, 32.004359828297524, 53.96148237559558, 43.104743945987586, 27.741174570661865, 71.01611954554294], [56.40659186722295, 14.861093729430873, 5.125521553642045, 85.23527747040785, 25.60948808062002, 33.77246513954224, 63.646369635684415, 31.125561222679806, 65.77199106769827, 82.1113724193225, 63.690181350494626, 2.0001049491778553, 16.54293801630085, 30.179512131240106, 79.35839735222822, 51.5936230445528, 90.76680560003048, 51.97364896998885, 21.75407754796102, 43.642732727610756, 15.214312743832766, 59.87979567850355, 15.619021498422223, 32.506453166118256, 70.0446399485698, 83.32340236544543, 21.207609819136913, 68.59428641185939, 22.388986121220498, 88.00921835094934, 22.461443812886582, 10.182653692148133, 13.3216732411787, 0.0, 55.51956246499852, 58.5085973307135, 40.5547603997347, 55.48082856578731, 65.48335977746504, 53.33754250140424, 25.35810702053619, 75.14051076713696, 27.44871184763075, 46.671217006384424, 76.56784937243845, 64.24241432016998, 51.284190851374575, 61.7578420459707, 25.47030891991853, 36.47957856339751, 12.6762174414785, 60.65596679233777, 33.98078412721619, 40.64031243098886, 31.218730581839107, 35.80765731759412, 59.91781308195627], [75.926353731198, 70.14667450289257, 57.82186567518311, 30.123976272123212, 50.39598499706238, 50.39184766274234, 11.71937152147364, 52.863365310762816, 62.5143680794624, 26.618182588261135, 43.31454246204509, 53.55375348194762, 47.75503045156532, 27.548709692788357, 43.95298132830897, 52.866855845147434, 35.331590587135736, 52.10514662550521, 33.789476487812664, 29.108532350376393, 63.129909914162525, 55.81875372187149, 43.41491170271457, 67.00613853505993, 67.5945911003372, 40.23845974349283, 76.52289393748421, 75.65884152220427, 56.22683372532956, 33.91288551411088, 67.41794795199444, 54.98809260684036, 53.026781176048445, 55.51956246499852, 0.0, 17.03088533074243, 26.501027941663736, 34.53072568594234, 10.160670554297619, 67.21349930226022, 30.500179287413786, 43.127857711596