instance_id,num_cities,city_coordinates,distance_matrix,best_route,total_distance
1941,44,"[[43.36456578366041, 39.898509779238665], [87.07400856175828, 65.5135696400743], [17.273816522764218, 7.612149031055859], [99.14986085009961, 50.35944978110708], [56.862005137699924, 32.56792836056184], [98.59654895779296, 66.47622915195241], [12.178108614491801, 80.30514452752085], [52.11018159304495, 8.040187841888224], [98.32380515382569, 91.27876278263176], [82.60409664178309, 91.95247655010046], [14.226259898698268, 9.536992066236094], [56.01112182533807, 92.52490853994473], [15.27914183472342, 8.294590350621933], [70.56309539309767, 25.47252689897669], [98.61721513750157, 69.13550940203217], [45.541735164498554, 45.82603422761138], [67.48956678280969, 48.59987313780634], [37.1529764081192, 67.54427472059095], [72.34533459518087, 29.6438364707578], [71.09635585385188, 75.52464529264824], [29.433280043834742, 9.901956367472387], [18.799952249798768, 92.13793848249672], [62.8369270937491, 95.91110553929116], [64.80960576592172, 35.567733129029946], [54.494896236907266, 59.89433838280082], [58.57004620088014, 93.21089609370236], [30.597977081173035, 83.42491156694925], [54.589514483031145, 64.05687489368793], [12.196508261908656, 64.85134272699014], [55.61718066880208, 72.65163755676407], [68.28521554003945, 84.87419267497502], [30.24251929663614, 27.118874595332553], [57.73605451358325, 41.5809567453701], [49.58156457601116, 69.87184103400503], [29.737607777526865, 33.67214156764455], [67.46655557850644, 78.31897419113614], [83.43410956354543, 99.74314621271931], [11.499155588256437, 76.8300668128844], [88.21628925104433, 54.64233566308293], [74.31162107738866, 71.18763641374288], [83.29965192517619, 90.8709491140819], [29.70377791244546, 95.14844448498708], [96.24883312652017, 88.84752746002216], [55.38369437940738, 29.973574798699865]]","[[0.0, 50.662083254106356, 41.51067678750558, 56.75764628111685, 15.359631930870759, 61.2939404215652, 51.04205366602595, 33.03692589435678, 75.23595145168173, 65.18708644008831, 42.081618643804426, 54.12460832408988, 42.280004276750276, 30.787481140506557, 62.5112582465091, 6.314713976017869, 25.646235542605034, 28.334998884115723, 30.741556329673145, 45.14724478987608, 33.07376511601933, 57.72675418998335, 59.30079037221755, 21.8779653129531, 22.884873116133036, 55.438408790847056, 45.360042324535954, 26.63880774934464, 39.92607771616964, 34.96990063947139, 51.418390058596216, 18.31685506415763, 14.469634276931261, 30.611299555753018, 14.982044106438774, 45.35458077963837, 72.02047520381687, 48.77852264932573, 47.212895480872525, 44.00829100184549, 64.75338351680597, 56.91372778382907, 72.06075259324398, 15.587295678501299], [50.662083254106356, 0.0, 90.68980823236377, 19.377140067352126, 44.701011512197674, 11.562683534286517, 76.34256032228608, 67.27301696533456, 28.114108576232358, 26.814099111649554, 91.87040721666736, 41.16449151347948, 91.80694134584527, 43.311607652654224, 12.098101739096709, 45.96225390645795, 25.877084247725016, 49.962317944714115, 38.77591513364577, 18.854893841547547, 80.09435132928162, 73.28167425452268, 38.87732381261719, 37.315636885914884, 33.06016212600867, 39.74440542955955, 59.248276780151876, 32.51713879072093, 74.88042865554652, 32.25653475918241, 26.978741029049498, 68.58549977706956, 37.861398649555866, 37.74490542533575, 65.58459725104461, 23.41859513734303, 34.42256203509203, 76.41741627553655, 10.93108106984882, 13.96687395422626, 25.636740467714166, 64.57220123109477, 25.07291353906172, 47.616879846342634], [41.51067678750558, 90.68980823236377, 0.0, 92.3635120386136, 46.79760250007176, 100.39106902099711, 72.8713786979189, 34.838994654459455, 116.48692164251995, 106.68334615322667, 3.6045279978063847, 93.33142851965363, 2.108187198936977, 56.20267200147234, 101.98956990561865, 47.53289646288386, 64.81986656597151, 63.14301772495308, 59.314984230304184, 86.65432988909023, 12.373187574677422, 84.53956572307811, 99.3614752575012, 55.14676727813507, 64.17815904572446, 95.03959219358337, 76.97472453935784, 67.66438052601646, 57.46393959812045, 75.50065325360697, 92.58286136069968, 23.42433764009218, 52.83060288088462, 70.14313817169983, 28.88718233835478, 86.71081926804746, 113.42532793397478, 69.45838215046838, 85.11564422270483, 85.4116721786767, 106.26118167916115, 88.41440471974522, 113.29713127904382, 44.18592708781965], [56.75764628111685, 19.377140067352126, 92.3635120386136, 0.0, 45.878109978621126, 16.126274564780097, 91.98277186939599, 63.274413120050326, 40.927650122259564, 44.763178942557325, 94.22574516784299, 60.32310268039703, 93.82830013947104, 37.9020064090906, 18.783613239834413, 53.79947022140531, 31.70915215503125, 64.33453107556609, 33.8765296713602, 37.686684753485395, 80.60527533995995, 90.56240903514461, 58.25446335093308, 37.39048008199068, 45.661580844865306, 59.016673983258684, 76.10969406967426, 46.618064342783185, 88.15271117487646, 48.908443847584095, 46.302200888787425, 72.7210152220891, 42.33397329872269, 53.270530388968155, 71.38996520535628, 42.25596807751509, 51.82407077556201, 91.5605793938719, 11.742491191808337, 32.41529752154974, 43.50184710066161, 82.636629178396, 38.59725489294774, 48.28106488405865], [15.359631930870759, 44.701011512197674, 46.79760250007176, 45.878109978621126, 0.0, 53.77308816155796, 65.38724964293684, 24.983792385282914, 71.87519001096913, 64.72387379228954, 48.45854722005544, 59.963017557842846, 48.149033828508166, 15.429342049731728, 55.50392369330331, 17.433470206704634, 19.234560558048255, 40.147112202002276, 15.757023972467486, 45.25368791484087, 35.5820354486129, 70.6916259253443, 63.624349014168885, 8.494891664679159, 27.42874202823992, 60.66701690174186, 57.23837795228655, 31.570840463022694, 55.11102842731052, 40.10303393615095, 53.5390980725803, 27.171477938804777, 9.055310208758257, 38.00771915703649, 27.14686388810426, 46.963972198302386, 72.23978562470168, 63.379215990875245, 38.3454115901488, 42.37889742024415, 64.01711799702284, 68.21942761719714, 68.69290715799477, 2.9859794208985058], [61.2939404215652, 11.562683534286517, 100.39106902099711, 16.126274564780097, 53.77308816155796, 0.0, 87.51791663330049, 74.6709667458634, 24.804033214047724, 30.079855594259335, 101.78616013888433, 49.92045975261086, 101.6213236644741, 49.67069676594655, 2.659360550855792, 56.93192265376625, 35.87768727746012, 61.452854522826776, 45.229983485886095, 28.95055190163486, 89.35438493972893, 83.8213586858601, 46.315899039069905, 45.79184050297333, 44.590100457507916, 48.133806616924105, 70.07898124876154, 44.07348815659883, 86.41531859655723, 43.42075272823968, 35.45789045271435, 78.87505770909961, 47.847200486791614, 49.13246252733371, 76.27359925102714, 33.30656238427396, 36.55936732374035, 87.71064864699564, 15.741373087677474, 24.737725856329032, 28.794051831188998, 74.62110850430044, 22.494149408525175, 56.566726753858816], [51.04205366602595, 76.34256032228608, 72.8713786979189, 91.98277186939599, 65.38724964293684, 87.51791663330049, 0.0, 82.56388082655063, 86.84181786360708, 71.3826318712359, 70.79778475677499, 45.50445779988543, 72.07729406614176, 80.09633348122817, 87.15778729025182, 47.97854336723489, 63.75407154528273, 28.04610168167017, 78.65534448614125, 59.111868780245636, 72.48689429238367, 13.559639593712248, 53.00813059159165, 69.07612084533119, 46.98203403597971, 48.153611458615934, 18.682197427233806, 45.41732724236104, 15.453812754045888, 44.108152873261226, 56.29283834137865, 56.17029679993481, 59.792049253490354, 38.83133193251459, 49.82943884805909, 55.324110840553004, 73.8596884691867, 3.5407827290864784, 80.25200728536119, 62.79890385334577, 71.90208723990528, 22.966772476091464, 84.50360362814628, 66.3324170572477], [33.03692589435678, 67.27301696533456, 34.838994654459455, 63.274413120050326, 24.983792385282914, 74.6709667458634, 82.56388082655063, 0.0, 95.20692916370807, 89.28130292088048, 37.91347973781115, 84.57473243306502, 36.83191836322826, 25.38496548576476, 76.78243604915517, 38.35250546665956, 43.377569781156154, 61.35514927218555, 29.600321807364, 70.10439936612514, 22.753198586471928, 90.45442521905507, 88.52322433136197, 30.315691050317245, 51.90895676328197, 85.41533465875551, 78.39407830993602, 56.07152860265745, 69.43060303759215, 64.70655667531143, 78.51812543532371, 29.02052622792756, 34.00931673460705, 61.883335725290706, 34.02247949415385, 71.93695873961168, 96.90521677114954, 79.8830575404191, 58.95261819257499, 66.93656830396972, 88.50829380645655, 89.94384526635471, 92.07630908846201, 22.17632407230092], [75.23595145168173, 28.114108576232358, 116.48692164251995, 40.927650122259564, 71.87519001096913, 24.804033214047724, 86.84181786360708, 95.20692916370807, 0.0, 15.734138868843807, 117.27793568182382, 42.33102939576763, 117.4001234241625, 71.42210923512853, 22.14519721510639, 69.65556291822351, 52.65204532813347, 65.61399403331357, 66.88606038657463, 31.456735578741302, 106.62124118701965, 79.52849403568855, 35.787946488530466, 65.01477051929572, 53.90691376582632, 39.80068454211117, 68.17969468283489, 51.51426366275435, 90.09061993740386, 46.59211917357886, 30.713765387027312, 93.54973402514351, 64.16570288675861, 53.2359118950486, 89.56890798903174, 33.46828307054008, 17.127428926221004, 88.01866044998695, 38.005126888500065, 31.30875824575861, 15.029687030214408, 68.72905190009031, 3.1963125798339815, 74.84770662528373], [65.18708644008831, 26.814099111649554, 106.68334615322667, 44.763178942557325, 64.72387379228954, 30.079855594259335, 71.3826318712359, 89.28130292088048, 15.734138868843807, 0.0, 107.08800418522165, 26.59913509817708, 107.3838510351418, 67.56159720349125, 27.87532876566569, 59.17150766714345, 45.9118419961719, 51.59035420546211, 63.14751639823906, 20.057460902754855, 97.77230487174023, 63.804413936040135, 20.1596561333467, 59.1259942511842, 42.63626824846594, 24.066973227715742, 52.70062462907185, 39.53455963208276, 75.44335594317079, 33.1785475809209, 15.972866324574683, 83.33745091194649, 56.17570228068595, 39.724577893661625, 78.68585063721305, 20.371979187459235, 7.834759424662779, 72.69525375487554, 37.72987303043231, 22.35942165787311, 1.2858844221456862, 52.99677285180988, 13.99355360835457, 67.69294321888594], [42.081618643804426, 91.87040721666736, 3.6045279978063847, 94.22574516784299, 48.45854722005544, 101.78616013888433, 70.79778475677499, 37.91347973781115, 117.27793568182382, 107.08800418522165, 0.0, 92.9137716750084, 1.6285338173243693, 58.54724847444591, 103.31416454070026, 47.932802673253136, 66.05216527747348, 62.37370576489401, 61.498878327031065, 87.112445679579, 15.21139903610984, 82.7274743394507, 99.11349274142337, 56.88826205291715, 64.47810016265493, 94.69790704556891, 75.67996942155042, 67.83516745876541, 55.35157884584605, 75.47626645238908, 92.72574874647206, 23.78325373806075, 54.036264672783055, 69.9306196797162, 28.68984758539817, 86.97982610412296, 113.69642343157139, 67.34831109076178, 86.65458132465152, 86.0874704962136, 106.70682290792998, 86.99927786547387, 114.09585243716091, 45.952022010078075], [54.12460832408988, 41.16449151347948, 93.33142851965363, 60.32310268039703, 59.963017557842846, 49.92045975261086, 45.50445779988543, 84.57473243306502, 42.33102939576763, 26.59913509817708, 92.9137716750084, 0.0, 93.56196180195451, 68.61327727519507, 48.60394201458734, 47.8580496791634, 45.4000378162928, 31.299548153186098, 64.96795926747873, 22.72824753852374, 86.79247605326901, 37.21318162969814, 7.619576607702715, 57.632743735158265, 32.665777945968216, 2.649277804167344, 26.993293068768214, 28.503506926694303, 51.82225975887758, 19.877175081126175, 14.463292493888485, 70.29914759544374, 50.97314604011528, 23.54783798676714, 64.45111108985166, 18.24926116849362, 28.357066343162746, 47.19791515658896, 49.72184767975258, 28.110273116102853, 27.338607440617228, 26.437838122776554, 40.40540239082207, 62.55448039915691], [42.280004276750276, 91.80694134584527, 2.108187198936977, 93.82830013947104, 48.149033828508166, 101.6213236644741, 72.07729406614176, 36.83191836322826, 117.4001234241625, 107.3838510351418, 1.6285338173243693, 93.56196180195451, 0.0, 57.891251714777965, 103.18358344639654, 48.21238258513013, 65.957897888082, 63.15844944965983, 60.928980510688206, 87.38101434731155, 14.245113335974226, 83.91723977790055, 99.69150752471297, 56.54282601932066, 64.81056542198, 95.31464411039913, 76.67614935151862, 68.22563869404725, 56.640699758266365, 75.95384718415023, 93.13473756772744, 24.046961188336, 53.94971382672709, 70.48697757491252, 29.207316603752105, 87.33235646373261, 114.05234761012117, 68.63963745484682, 86.41724925487317, 86.25757270311723, 106.98432043807652, 88.04352391839106, 114.21412603018882, 45.588962496522356], [30.787481140506557, 43.311607652654224, 56.20267200147234, 37.9020064090906, 15.429342049731728, 49.67069676594655, 80.09633348122817, 25.38496548576476, 71.42210923512853, 67.56159720349125, 58.54724847444591, 68.61327727519507, 57.891251714777965, 0.0, 51.898840793369196, 32.254204815281184, 23.330681991081335, 53.72399850491327, 4.536099659076606, 50.05495901919328, 43.97845355786188, 84.40201472520535, 70.86104033569944, 11.61963130728886, 37.98747332938748, 68.79185918470229, 70.39665880132945, 41.760114909652955, 70.40844856520616, 49.48988633453973, 59.44532474121392, 40.35417348289816, 20.5916121234087, 49.10726759950382, 41.64077472578721, 52.937090496421646, 75.37763527083314, 78.26969970096047, 34.09564483509257, 45.868536958931394, 66.62712285938811, 80.77262727209785, 68.38236482473152, 15.832676568730387], [62.5112582465091, 12.098101739096709, 101.98956990561865, 18.783613239834413, 55.50392369330331, 2.659360550855792, 87.15778729025182, 76.78243604915517, 22.14519721510639, 27.87532876566569, 103.31416454070026, 48.60394201458734, 103.18358344639654, 51.898840793369196, 0.0, 57.968424226224954, 37.29132404286471, 61.4848328483857, 47.432098184043234, 28.252765406933285, 91.07705902225166, 83.06568002783376, 44.689613569592375, 47.64189391004167, 45.07968796445272, 46.72686576469415, 69.50398377067482, 44.31964523085672, 86.52683202901106, 43.143552490607945, 34.172157537188866, 80.25270482550991, 49.30033129774457, 49.04117872014129, 77.47290344514887, 32.476139186995844, 34.1665644454462, 87.45720389638993, 17.839039893529705, 24.392071004471692, 26.59054497823864, 73.65958608220505, 19.853787781389826, 58.33347614377389], [6.314713976017869, 45.96225390645795, 47.53289646288386, 53.79947022140531, 17.433470206704634, 56.93192265376625, 47.97854336723489, 38.35250546665956, 69.65556291822351, 59.17150766714345, 47.932802673253136, 47.8580496791634, 48.21238258513013, 32.254204815281184, 57.968424226224954, 0.0, 22.12242064163525, 23.282036929436153, 31.309686467328135, 39.17966485013692, 39.37031491461262, 53.47817713021449, 52.98714968901103, 21.828503818226846, 16.67561917865166, 49.14328054301244, 40.45975139359523, 20.352539448155767, 38.39096925947219, 28.65532404428954, 45.18876605665428, 24.166584940347192, 12.912091512132854, 24.382802272186222, 19.937089788974323, 39.198072626848905, 65.9005842342252, 46.04505685470969, 43.57573565055005, 38.35253838911191, 58.77673549318331, 51.802905743932364, 66.49856136546433, 18.659170161966323], [25.646235542605034, 25.877084247725016, 64.81986656597151, 31.70915215503125, 19.234560558048255, 35.87768727746012, 63.75407154528273, 43.377569781156154, 52.65204532813347, 45.9118419961719, 66.05216527747348, 45.4000378162928, 65.957897888082, 23.330681991081335, 37.29132404286471, 22.12242064163525, 0.0, 35.76589250796876, 19.568081335944736, 27.165277156567708, 54.2753141190613, 65.3164733993785, 47.539454849877366, 13.304843639080831, 17.217038298352367, 45.493969013298305, 50.73236336211023, 20.132815317743027, 57.63187125544296, 26.8223959352091, 36.28304445370453, 42.99739346540704, 12.016496532266002, 27.80635109494967, 40.596152263082274, 29.71910996200175, 53.571100654194424, 62.70462487462604, 21.589543247706622, 23.595496913774266, 45.13095009415311, 59.954443830456114, 49.46684828315886, 22.214660394992723], [28.334998884115723, 49.962317944714115, 63.14301772495308, 64.33453107556609, 40.147112202002276, 61.452854522826776, 28.04610168167017, 61.35514927218555, 65.61399403331357, 51.59035420546211, 62.37370576489401, 31.299548153186098, 63.15844944965983, 53.72399850491327, 61.4848328483857, 23.282036929436153, 35.76589250796876, 0.0, 51.71987330123559, 34.868887602909645, 58.15694779713784, 30.686834196273338, 38.26672723814552, 42.27751600545726, 18.954253066801513, 33.42852571111464, 17.18029810050389, 17.7818676631713, 25.10133831202991, 19.15755710210835, 35.63063807557689, 41.01179577605555, 33.13241591822213, 12.644657717407934, 34.67432906717163, 32.17152826335582, 56.380055086146285, 27.28267687451002, 52.66803537192263, 37.3368311200101, 51.70734376794551, 28.591620216587057, 62.81837994219415, 41.760227135031684], [30.741556329673145, 38.77591513364577, 59.314984230304184, 33.8765296713602, 15.757023972467486, 45.229983485886095, 78.65534448614125, 29.600321807364, 66.88606038657463, 63.14751639823906, 61.498878327031065, 64.96795926747873, 60.928980510688206, 4.536099659076606, 47.432098184043234, 31.309686467328135, 19.568081335944736, 51.71987330123559, 0.0, 45.89780567790961, 47.23543432456404, 82.29593402329661, 66.94595404514511, 9.585393085628542, 35.1245073348089, 65.04252177962617, 68.08264020956128, 38.72371833067024, 69.69540735265689, 46.146528450557405, 55.379389787055594, 42.17846000668734, 18.865998647119774, 46.22208970423437, 42.79772922155376, 48.91903021106755, 70.97093881722635, 76.99868722025668, 29.611014227093847, 41.59030651765961, 62.199327896726764, 78.16109023948404, 63.84711637020141, 16.9648450088487], [45.14724478987608, 18.854893841547547, 86.65432988909023, 37.686684753485395, 45.25368791484087, 28.95055190163486, 59.111868780245636, 70.10439936612514, 31.456735578741302, 20.057460902754855, 87.112445679579, 22.72824753852374, 87.38101434731155, 50.05495901919328, 28.252765406933285, 39.17966485013692, 27.165277156567708, 34.868887602909645, 45.89780567790961, 0.0, 77.73126261499701, 54.87180824913541, 21.99604339037284, 40.44846172994961, 22.801643701914713, 21.672837860324616, 41.261760631609285, 20.099392278492132, 59.8590965018035, 15.743539559448243, 9.76301931363013, 63.34157085394081, 36.478372278617435, 22.245009321544142, 58.840276261183256, 4.580799497011665, 27.18006536814325, 59.611495576297905, 27.003017886698178, 5.398849550912589, 19.606873182232516, 45.80872191380854, 28.46306909308666, 48.18493284995993], [33.07376511601933, 80.09435132928162, 12.373187574677422, 80.60527533995995, 35.5820354486129, 89.35438493972893, 72.48689429238367, 22.753198586471928, 106.62124118701965, 97.77230487174023, 15.21139903610984, 86.79247605326901, 14.245113335974226, 43.97845355786188, 91.07705902225166, 39.37031491461262, 54.2753141190613, 58.15694779713784, 47.23543432456404, 77.73126261499701, 0.0, 82.92059101573035, 92.2679650664055, 43.70602382245839, 55.92247192118217, 88.25718429906408, 73.53217976133351, 59.71257264379801, 57.589420580083626, 67.99352278927685, 84.44115767058898, 17.235925894279603, 42.48065568736306, 63.26405327282442, 23.77213326186731, 78.27782812380386, 104.82141470914499, 69.28928335450902, 73.8724827724775, 75.96051653759213, 97.25000671495852, 85.24691727837728, 103.42495505860269, 32.806918030145475], [57.72675418998335, 73.28167425452268, 84.53956572307811, 90.56240903514461, 70.6916259253443, 83.8213586858601, 13.559639593712248, 90.45442521905507, 79.52849403568855, 63.804413936040135, 82.7274743394507, 37.21318162969814, 83.91723977790055, 84.40201472520535, 83.06568002783376, 53.47817713021449, 65.3164733993785, 30.686834196273338, 82.29593402329661, 54.87180824913541, 82.92059101573035, 0.0, 44.19832511583661, 72.91828543244202, 48.10175437166428, 39.78456498333598, 14.666636558965335, 45.49108590839678, 28.07425476171419, 41.656022760523776, 50.01553044865896, 66.01826269589729, 63.81244754641556, 37.990614011712935, 59.480095135532345, 50.59053324130593, 65.08005436597291, 16.959733693266156, 78.89580517024797, 59.333468909175096, 64.51214242507808, 11.311788562045486, 77.51874582159728, 72.13028698415847], [59.30079037221755, 38.87732381261719, 99.3614752575012, 58.25446335093308, 63.624349014168885, 46.315899039069905, 53.00813059159165, 88.52322433136197, 35.787946488530466, 20.1596561333467, 99.11349274142337, 7.619576607702715, 99.69150752471297, 70.86104033569944, 44.689613569592375, 52.98714968901103, 47.539454849877366, 38.26672723814552, 66.94595404514511, 21.99604339037284, 92.2679650664055, 44.19832511583661, 0.0, 60.37560811277282, 36.97021767884715, 5.049495381122467, 34.57245923894228, 32.9045866832379, 59.40674107726005, 24.354210914557214, 12.308423642712658, 76.12336341683435, 54.56907520792971, 29.21896527005886, 70.49293280507747, 18.191111710877244, 20.95061959505955, 54.76908637204759, 48.44815157058709, 27.256531834041414, 21.07430388689698, 33.14192551066208, 34.15039677697249, 66.3574309181764], [21.8779653129531, 37.315636885914884, 55.14676727813507, 37.39048008199068, 8.494891664679159, 45.79184050297333, 69.07612084533119, 30.315691050317245, 65.01477051929572, 59.1259942511842, 56.88826205291715, 57.632743735158265, 56.54282601932066, 11.61963130728886, 47.64189391004167, 21.828503818226846, 13.304843639080831, 42.27751600545726, 9.585393085628542, 40.44846172994961, 43.70602382245839, 72.91828543244202, 60.37560811277282, 0.0, 26.42303835369305, 57.979878752352384, 58.82809758356942, 30.266837699326896, 60.21351858222979, 38.20623832270685, 49.42880553136866, 35.58464103370297, 9.284071605689505, 37.53218695516938, 35.1231876438567, 42.8337249682643, 66.82331768305033, 67.41353186996719, 30.19459046923492, 36.86550969390842, 58.312327215269555, 69.15403325157389, 61.86405661597235, 10.960949452087718], [22.884873116133036, 33.06016212600867, 64.17815904572446, 45.661580844865306, 27.42874202823992, 44.590100457507916, 46.98203403597971, 51.90895676328197, 53.90691376582632, 42.63626824846594, 64.47810016265493, 32.665777945968216, 64.81056542198, 37.98747332938748, 45.07968796445272, 16.67561917865166, 17.217038298352367, 18.954253066801513, 35.1245073348089, 22.801643701914713, 55.92247192118217, 48.10175437166428, 36.97021767884715, 26.42303835369305, 0.0, 33.564860567753016, 33.53730191160677, 4.1636117514686495, 42.58785645406233, 12.80656880511236, 28.533594707652835, 40.77264786271108, 18.597985212722634, 11.121662967593972, 36.06281932508552, 22.532890421432604, 49.248406608036014, 46.21095769818655, 34.12793400400639, 22.808795755563956, 42.29969695704899, 43.09816173390313, 50.810219479186536, 29.933961575337356], [55.438408790847056, 39.74440542955955, 95.03959219358337, 59.016673983258684, 60.66701690174186, 48.133806616924105, 48.153611458615934, 85.41533465875551, 39.80068454211117, 24.066973227715742, 94.69790704556891, 2.649277804167344, 95.31464411039913, 68.79185918470229, 46.72686576469415, 49.14328054301244, 45.493969013298305, 33.42852571111464, 65.04252177962617, 21.672837860324616, 88.25718429906408, 39.78456498333598, 5.049495381122467, 57.979878752352384, 33.564860567753016, 0.0, 29.63447559845666, 29.424506536009954, 54.35778958104005, 20.770231737734765, 12.8017631278024, 71.90691264580649, 51.63667475009354, 25.010083826332746, 66.1526476866242, 17.34696564412129, 25.707818626247374, 49.839746297437046, 48.646002720467706, 27.07066948790985, 24.840063428795244, 28.931220829209053, 37.93059411637479, 63.317546087143796], [45.360042324535954, 59.248276780151876, 76.97472453935784, 76.10969406967426, 57.23837795228655, 70.07898124876154, 18.682197427233806, 78.39407830993602, 68.17969468283489, 52.70062462907185, 75.67996942155042, 26.993293068768214, 76.67614935151862, 70.39665880132945, 69.50398377067482, 40.45975139359523, 50.73236336211023, 17.18029810050389, 68.08264020956128, 41.261760631609285, 73.53217976133351, 14.666636558965335, 34.57245923894228, 58.82809758356942, 33.53730191160677, 29.63447559845666, 0.0, 30.833661986237573, 26.145583071697967, 27.24011712635908, 37.715094569489544, 56.3071589559059, 49.873758649592965, 23.325143408886802, 49.760208580173476, 37.22046046060903, 55.29865891365918, 20.205369577132455, 64.4073487497084, 45.394201993240955, 53.225088130658314, 11.757585476349714, 65.87442343285213, 58.918394278024934], [26.63880774934464, 32.51713879072093, 67.66438052601646, 46.618064342783185, 31.570840463022694, 44.07348815659883, 45.41732724236104, 56.07152860265745, 51.51426366275435, 39.53455963208276, 67.83516745876541, 28.503506926694303, 68.22563869404725, 41.760114909652955, 44.31964523085672, 20.352539448155767, 20.132815317743027, 17.7818676631713, 38.72371833067024, 20.099392278492132, 59.71257264379801, 45.49108590839678, 32.9045866832379, 30.266837699326896, 4.1636117514686495, 29.424506536009954, 30.833661986237573, 0.0, 42.400449945752726, 8.655983076692365, 24.91852618133805, 44.240163207741936, 22.695101030260904, 7.674203117213915, 39.253653157303205, 19.215245607195143, 45.885952382121815, 44.94366987112997, 34.91981572436041, 20.971629607045244, 39.2844316268373, 39.82443451338868, 48.47757506831841, 34.09255148962632], [39.92607771616964, 74.88042865554652, 57.46393959812045, 88.15271117487646, 55.11102842731052, 86.41531859655723, 15.453812754045888, 69.43060303759215, 90.09061993740386, 75.44335594317079, 55.35157884584605, 51.82225975887758, 56.640699758266365, 70.40844856520616, 86.52683202901106, 38.39096925947219, 57.63187125544296, 25.10133831202991, 69.69540735265689, 59.8590965018035, 57.589420580083626, 28.07425476171419, 59.40674107726005, 60.21351858222979, 42.58785645406233, 54.35778958104005, 26.145583071697967, 42.400449945752726, 0.0, 44.11574992786764, 59.5555002008325, 41.82580143370909, 51.140601644309854, 37.72065533443653, 35.7747502737861, 56.887214975185884, 79.32360171914601, 11.999005437011565, 76.70222243759994, 62.43745556766861, 75.71444350543989, 34.99169709446841, 87.41058400953507, 55.51208643536243], [34.96990063947139, 32.25653475918241, 75.50065325360697, 48.908443847584095, 40.10303393615095, 43.42075272823968, 44.108152873261226, 64.70655667531143, 46.59211917357886, 33.1785475809209, 75.47626645238908, 19.877175081126175, 75.95384718415023, 49.48988633453973, 43.143552490607945, 28.65532404428954, 26.8223959352091, 19.15755710210835, 46.146528450557405, 15.743539559448243, 67.99352278927685, 41.656022760523776, 24.354210914557214, 38.20623832270685, 12.80656880511236, 20.770231737734765, 27.24011712635908, 8.655983076692365, 44.11574992786764, 0.0, 17.603123618170457, 52.12586634919366, 31.142845606232314, 6.644992876407014, 46.78838959187003, 13.134930158856081, 38.82951679316787, 44.31545337753025, 37.2429434262998, 18.751677299296787, 33.140044183473776, 34.31633378405819, 43.74057648457832, 42.67870144028052], [51.418390058596216, 26.978741029049498, 92.58286136069968, 46.302200888787425, 53.5390980725803, 35.45789045271435, 56.29283834137865, 78.51812543532371, 30.713765387027312, 15.972866324574683, 92.72574874647206, 14.463292493888485, 93.13473756772744, 59.44532474121392, 34.172157537188866, 45.18876605665428, 36.28304445370453, 35.63063807557689, 55.379389787055594, 9.76301931363013, 84.44115767058898, 50.01553044865896, 12.308423642712658, 49.42880553136866, 28.533594707652835, 12.8017631278024, 37.715094569489544, 24.91852618133805, 59.5555002008325, 17.603123618170457, 0.0, 69.1586835035813, 44.55994923267459, 23.977012202180468, 64.09031207452654, 6.606140590653531, 21.226746558128355, 57.352982186915526, 36.21067353227497, 14.954577426074803, 16.1676958084103, 39.926026344572044, 28.24449146005287, 56.3961620277038], [18.31685506415763, 68.58549977706956, 23.42433764009218, 72.7210152220891, 27.171477938804777, 78.87505770909961, 56.17029679993481, 29.02052622792756, 93.54973402514351, 83.33745091194649, 23.78325373806075, 70.29914759544374, 24.046961188336, 40.35417348289816, 80.25270482550991, 24.166584940347192, 42.99739346540704, 41.01179577605555, 42.17846000668734, 63.34157085394081, 17.235925894279603, 66.01826269589729, 76.12336341683435, 35.58464103370297, 40.77264786271108, 71.90691264580649, 56.3071589559059, 44.240163207741936, 41.82580143370909, 52.12586634919366, 69.1586835035813, 0.0, 31.06519433127605, 46.923499567103605, 6.572689225311395, 63.30149347159357, 90.02016498029055, 53.127359380972365, 64.17553203421544, 62.32288103072663, 82.94206609559866, 68.03170306298695, 90.3728944424073, 25.302727082147943], [14.469634276931261, 37.861398649555866, 52.83060288088462, 42.33397329872269, 9.055310208758257, 47.847200486791614, 59.792049253490354, 34.00931673460705, 64.16570288675861, 56.17570228068595, 54.036264672783055, 50.97314604011528, 53.94971382672709, 20.5916121234087, 49.30033129774457, 12.912091512132854, 12.016496532266002, 33.13241591822213, 18.865998647119774, 36.478372278617435, 42.48065568736306, 63.81244754641556, 54.56907520792971, 9.284071605689505, 18.597985212722634, 51.63667475009354, 49.873758649592965, 22.695101030260904, 51.140601644309854, 31.142845606232314, 44.55994923267459, 31.06519433127605, 0.0, 29.44265341260694, 29.09402648564149, 38.00479676067063, 63.58640040910253, 58.14078244040603, 33.16088552621601, 33.93088398342699, 55.524776994866606, 60.4589470151169, 60.970179789896434, 11.843348929114015], [30.611299555753018, 37.74490542533575, 70.14313817169983, 53.270530388968155, 38.00771915703649, 49.13246252733371, 38.83133193251459, 61.883335725290706, 53.2359118950486, 39.724577893661625, 69.9306196797162, 23.54783798676714, 70.48697757491252, 49.10726759950382, 49.04117872014129, 24.382802272186222, 27.80635109494967, 12.644657717407934, 46.22208970423437, 22.245009321544142, 63.26405327282442, 37.990614011712935, 29.21896527005886, 37.53218695516938, 11.121662967593972, 25.010083826332746, 23.325143408886802, 7.674203117213915, 37.72065533443653, 6.644992876407014, 23.977012202180468, 46.923499567103605, 29.44265341260694, 0.0, 41.281967768929455, 19.779458074821992, 45.14742157878913, 38.712876156396376, 41.52806020702823, 24.765036079979033, 39.72243641375328, 32.15638481951023, 50.37767987218008, 40.31794090524404], [14.982044106438774, 65.58459725104461, 28.88718233835478, 71.38996520535628, 27.14686388810426, 76.27359925102714, 49.82943884805909, 34.02247949415385, 89.56890798903174, 78.68585063721305, 28.68984758539817, 64.45111108985166, 29.207316603752105, 41.64077472578721, 77.47290344514887, 19.937089788974323, 40.596152263082274, 34.67432906717163, 42.79772922155376, 58.840276261183256, 23.77213326186731, 59.480095135532345, 70.49293280507747, 35.1231876438567, 36.06281932508552, 66.1526476866242, 49.760208580173476, 39.253653157303205, 35.7747502737861, 46.78838959187003, 64.09031207452654, 6.572689225311395, 29.09402648564149, 41.281967768929455, 0.0, 58.4535128583314, 85.13925040112456, 46.853469986053476, 62.124916316092325, 58.26023528277145, 78.36195606293346, 61.476312225479404, 86.41797443701948, 25.91140972883369], [45.35458077963837, 23.41859513734303, 86.71081926804746, 42.25596807751509, 46.963972198302386, 33.30656238427396, 55.324110840553004, 71.93695873961168, 33.46828307054008, 20.371979187459235, 86.97982610412296, 18.24926116849362, 87.33235646373261, 52.937090496421646, 32.476139186995844, 39.198072626848905, 29.71910996200175, 32.17152826335582, 48.91903021106755, 4.580799497011665, 78.27782812380386, 50.59053324130593, 18.191111710877244, 42.8337249682643, 22.532890421432604, 17.34696564412129, 37.22046046060903, 19.215245607195143, 56.887214975185884, 13.134930158856081, 6.606140590653531, 63.30149347159357, 38.00479676067063, 19.779458074821992, 58.4535128583314, 0.0, 26.71999115036384, 55.98720127716378, 31.482291204252366, 9.884882405940088, 20.204925498233994, 41.34317897099793, 30.64751107001457, 49.83245104518612], [72.02047520381687, 34.42256203509203, 113.42532793397478, 51.82407077556201, 72.23978562470168, 36.55936732374035, 73.8596884691867, 96.90521677114954, 17.127428926221004, 7.834759424662779, 113.69642343157139, 28.357066343162746, 114.05234761012117, 75.37763527083314, 34.1665644454462, 65.9005842342252, 53.571100654194424, 56.380055086146285, 70.97093881722635, 27.18006536814325, 104.82141470914499, 65.08005436597291, 20.95061959505955, 66.82331768305033, 49.248406608036014, 25.707818626247374, 55.29865891365918, 45.885952382121815, 79.32360171914601, 38.82951679316787, 21.226746558128355, 90.02016498029055, 63.58640040910253, 45.14742157878913, 85.13925040112456, 26.71999115036384, 0.0, 75.49600526524621, 45.35363662152925, 29.97727365954919, 8.873215889044173, 53.92642972888174, 16.82057216623696, 75.19719999639935], [48.77852264932573, 76.41741627553655, 69.45838215046838, 91.5605793938719, 63.379215990875245, 87.71064864699564, 3.5407827290864784, 79.8830575404191, 88.01866044998695, 72.69525375487554, 67.34831109076178, 47.19791515658896, 68.63963745484682, 78.26969970096047, 87.45720389638993, 46.04505685470969, 62.70462487462604, 27.28267687451002, 76.99868722025668, 59.611495576297905, 69.28928335450902, 16.959733693266156, 54.76908637204759, 67.41353186996719, 46.21095769818655, 49.839746297437046, 20.205369577132455, 44.94366987112997, 11.999005437011565, 44.31545337753025, 57.352982186915526, 53.127359380972365, 58.14078244040603, 38.712876156396376, 46.853469986053476, 55.98720127716378, 75.49600526524621, 0.0, 79.86121718963425, 63.06538544742737, 73.160492412395, 25.825786232061777, 85.59747194424136, 64.19800299687967], [47.212895480872525, 10.93108106984882, 85.11564422270483, 11.742491191808337, 38.3454115901488, 15.741373087677474, 80.25200728536119, 58.95261819257499, 38.005126888500065, 37.72987303043231, 86.65458132465152, 49.72184767975258, 86.41724925487317, 34.09564483509257, 17.839039893529705, 43.57573565055005, 21.589543247706622, 52.66803537192263, 29.611014227093847, 27.003017886698178, 73.8724827724775, 78.89580517024797, 48.44815157058709, 30.19459046923492, 34.12793400400639, 48.646002720467706, 64.4073487497084, 34.91981572436041, 76.70222243759994, 37.2429434262998, 36.21067353227497, 64.17553203421544, 33.16088552621601, 41.52806020702823, 62.124916316092325, 31.482291204252366, 45.35363662152925, 79.86121718963425, 0.0, 21.61219040146698, 36.5607132749899, 71.16501131203172, 35.13569277781276, 41.06734771797612], [44.00829100184549, 13.96687395422626, 85.4116721786767, 32.41529752154974, 42.37889742024415, 24.737725856329032, 62.79890385334577, 66.93656830396972, 31.30875824575861, 22.35942165787311, 86.0874704962136, 28.110273116102853, 86.25757270311723, 45.868536958931394, 24.392071004471692, 38.35253838911191, 23.595496913774266, 37.3368311200101, 41.59030651765961, 5.398849550912589, 75.96051653759213, 59.333468909175096, 27.256531834041414, 36.86550969390842, 22.808795755563956, 27.07066948790985, 45.394201993240955, 20.971629607045244, 62.43745556766861, 18.751677299296787, 14.954577426074803, 62.32288103072663, 33.93088398342699, 24.765036079979033, 58.26023528277145, 9.884882405940088, 29.97727365954919, 63.06538544742737, 21.61219040146698, 0.0, 21.6383339788466, 50.635758069324595, 28.162262413645244, 45.35267670041885], [64.75338351680597, 25.636740467714166, 106.26118167916115, 43.50184710066161, 64.01711799702284, 28.794051831188998, 71.90208723990528, 88.50829380645655, 15.029687030214408, 1.2858844221456862, 106.70682290792998, 27.338607440617228, 106.98432043807652, 66.62712285938811, 26.59054497823864, 58.77673549318331, 45.13095009415311, 51.70734376794551, 62.199327896726764, 19.606873182232516, 97.25000671495852, 64.51214242507808, 21.07430388689698, 58.312327215269555, 42.29969695704899, 24.840063428795244, 53.225088130658314, 39.2844316268373, 75.71444350543989, 33.140044183473776, 16.1676958084103, 82.94206609559866, 55.524776994866606, 39.72243641375328, 78.36195606293346, 20.204925498233994, 8.873215889044173, 73.160492412395, 36.5607132749899, 21.6383339788466, 0.0, 53.766296858130566, 13.106316377051105, 66.99097614011097], [56.91372778382907, 64.57220123109477, 88.41440471974522, 82.636629178396, 68.21942761719714, 74.62110850430044, 22.966772476091464, 89.94384526635471, 68.72905190009031, 52.99677285180988, 86.99927786547387, 26.437838122776554, 88.04352391839106, 80.77262727209785, 73.65958608220505, 51.802905743932364, 59.954443830456114, 28.591620216587057, 78.16109023948404, 45.80872191380854, 85.24691727837728, 11.311788562045486, 33.14192551066208, 69.15403325157389, 43.09816173390313, 28.931220829209053, 11.757585476349714, 39.82443451338868, 34.99169709446841, 34.31633378405819, 39.926026344572044, 68.03170306298695, 60.4589470151169, 32.15638481951023, 61.476312225479404, 41.34317897099793, 53.92642972888174, 25.825786232061777, 71.16501131203172, 50.635758069324595, 53.766296858130566, 0.0, 66.84269540346008, 70.05156492452302], [72.06075259324398, 25.07291353906172, 113.29713127904382, 38.59725489294774, 68.69290715799477, 22.494149408525175, 84.50360362814628, 92.07630908846201, 3.1963125798339815, 13.99355360835457, 114.09585243716091, 40.40540239082207, 114.21412603018882, 68.38236482473152, 19.853787781389826, 66.49856136546433, 49.46684828315886, 62.81837994219415, 63.84711637020141, 28.46306909308666, 103.42495505860269, 77.51874582159728, 34.15039677697249, 61.86405661597235, 50.810219479186536, 37.93059411637479, 65.87442343285213, 48.47757506831841, 87.41058400953507, 43.74057648457832, 28.24449146005287, 90.3728944424073, 60.970179789896434, 50.37767987218008, 86.41797443701948, 30.64751107001457, 16.82057216623696, 85.59747194424136, 35.13569277781276, 28.162262413645244, 13.106316377051105, 66.84269540346008, 0.0, 71.66660217136291], [15.587295678501299, 47.616879846342634, 44.18592708781965, 48.28106488405865, 2.9859794208985058, 56.566726753858816, 66.3324170572477, 22.17632407230092, 74.84770662528373, 67.69294321888594, 45.952022010078075, 62.55448039915691, 45.588962496522356, 15.832676568730387, 58.33347614377389, 18.659170161966323, 22.214660394992723, 41.760227135031684, 16.9648450088487, 48.18493284995993, 32.806918030145475, 72.13028698415847, 66.3574309181764, 10.960949452087718, 29.933961575337356, 63.317546087143796, 58.918394278024934, 34.09255148962632, 55.51208643536243, 42.67870144028052, 56.3961620277038, 25.302727082147943, 11.843348929114015, 40.31794090524404, 25.91140972883369, 49.83245104518612, 75.19719999639935, 64.19800299687967, 41.06734771797612, 45.35267670041885, 66.99097614011097, 70.05156492452302, 71.66660217136291, 0.0]]",Route_1,2023.7952178129897
