instance_id,num_cities,city_coordinates,distance_matrix,best_route,total_distance
723,22,"[[43.837364774915166, 19.62043271935855], [68.60465135883403, 23.523256702675543], [32.32215937493132, 87.45817258763844], [23.16693059584364, 69.3690449576335], [10.903690929657294, 67.94803738503298], [92.47890584996802, 21.078460600792482], [58.05053706261924, 94.86877558964721], [51.76913579169315, 11.430530770841019], [97.29498408383189, 31.892656145348674], [22.83062956521318, 53.9793357386417], [73.28344145489982, 73.40100743436801], [36.181063275487325, 4.099795392887384], [43.305692450439125, 53.031435218773545], [69.56232741648957, 24.84555477270568], [20.28221659330265, 38.646506684623404], [89.6710967875763, 56.83023554644836], [24.40872039651113, 86.3072395424075], [42.096913555263406, 10.848607351216122], [13.77268501932798, 42.657957697764836], [89.65017376584225, 13.213103136904781], [32.20267851152021, 54.52304195130807], [45.83416800811414, 44.75095100878775]]","[[0.0, 25.072904095352055, 68.80813110265551, 53.87198964940472, 58.48234131485793, 48.663388326945466, 76.57889638277952, 11.40120543578312, 54.848195321218064, 40.271790882192434, 61.31412274933281, 17.306332241985622, 33.41523250669564, 26.25024958705675, 30.279308056649057, 59.03643295998953, 69.45935809260794, 8.94282342088752, 37.8762791986846, 46.25870015486122, 36.79073328497, 25.20972377174033], [25.072904095352055, 0.0, 73.5125342630714, 64.54783318480901, 72.82143896631663, 23.999105305973675, 72.12192727478099, 20.728449167120683, 29.886151289553837, 54.98030394066492, 50.09671740559347, 37.796294969895925, 38.86862386535651, 1.6326713133426665, 50.633688308136534, 39.41002363234137, 76.77961197379268, 29.382084671535782, 58.07479069982255, 23.435299868652432, 47.81307679534865, 31.130530313169427], [68.80813110265551, 73.5125342630714, 0.0, 20.273992019630555, 28.972334496293946, 89.58292420946339, 26.77436190264297, 78.47539239772769, 85.49265797805035, 34.798299597688825, 43.30624114121507, 83.44764938484558, 36.136383945901024, 72.85032618597073, 50.27463525887038, 65.01516092234623, 7.99669702688457, 77.23063708787832, 48.48857858349778, 93.80208724622686, 32.93534735977243, 44.79376242612645], [53.87198964940472, 64.54783318480901, 20.273992019630555, 0.0, 12.345295040286166, 84.4756204543863, 43.209978736793275, 64.61391156893873, 83.06291610777697, 15.393383261269253, 50.27843854078696, 66.55405763849775, 25.93235857023811, 64.30298612344971, 30.85767218720535, 67.67588833777968, 16.983653249542897, 61.50598241220534, 28.314908309161137, 87.02592386280216, 17.37954388525422, 33.46422270990963], [58.48234131485793, 72.82143896631663, 28.972334496293946, 12.345295040286166, 0.0, 94.08120384661699, 54.29135516605351, 69.74391111528894, 93.61327923531744, 18.36781127141201, 62.61763456048495, 68.66981548101987, 35.670642309036204, 72.79189269307611, 30.765832428372537, 79.5481598989453, 22.791360748229486, 65.06429165031592, 25.45229376058154, 95.90058178247142, 25.17692146406874, 41.931408815774134], [48.663388326945466, 23.999105305973675, 89.58292420946339, 84.4756204543863, 94.08120384661699, 0.0, 81.42679634808243, 41.837398678709455, 11.838134769911871, 77.02824140712215, 55.73252874663086, 58.802399192406575, 58.64296635550549, 23.22413756413426, 74.30341972498377, 35.861862800134574, 94.27801307771655, 51.41006754607061, 81.61092998122074, 8.358562869207628, 68.93303710027216, 52.30791881208717], [76.57889638277952, 72.12192727478099, 26.77436190264297, 43.209978736793275, 54.29135516605351, 81.42679634808243, 0.0, 83.67434911828971, 74.20322258678071, 53.966546817957855, 26.323116186978712, 93.36638393814889, 44.359593009242914, 70.96317897846471, 67.73027057307394, 49.4650414529051, 34.71414305559356, 85.52138196865577, 68.45799943400988, 87.55675806861078, 47.91544651251237, 51.58523057614137], [11.40120543578312, 20.728449167120683, 78.47539239772769, 64.61391156893873, 69.74391111528894, 41.837398678709455, 83.67434911828971, 0.0, 49.912938578698224, 51.45714670294069, 65.59882107229238, 17.22578549593813, 42.4530932215384, 22.283638328767818, 41.61893109566313, 59.141287110154714, 79.71896792519892, 9.689711959454417, 49.182135616228955, 37.9229561379276, 47.32663911937452, 33.84485555332584], [54.848195321218064, 29.886151289553837, 85.49265797805035, 83.06291610777697, 93.61327923531744, 11.838134769911871, 74.20322258678071, 49.912938578698224, 0.0, 77.67085366681196, 47.95307504377228, 67.13683359657584, 57.980096514153885, 28.614015509623837, 77.3083491846591, 26.076934710432486, 90.95798107133383, 59.07350488778072, 84.21321843116367, 20.183379929865715, 68.91402329312784, 53.04291977233148], [40.271790882192434, 54.98030394066492, 34.798299597688825, 15.393383261269253, 18.36781127141201, 77.02824140712215, 53.966546817957855, 51.45714670294069, 77.67085366681196, 0.0, 54.06188638063494, 51.63528469328079, 20.496992841622482, 55.06930885197422, 15.543167485269839, 66.90123831602783, 32.36639823980052, 47.23822001319635, 14.498964105782878, 78.27347703864152, 9.387806873688165, 24.785597947522348], [61.31412274933281, 50.09671740559347, 43.30624114121507, 50.27843854078696, 62.61763456048495, 55.73252874663086, 26.323116186978712, 65.59882107229238, 47.95307504377228, 54.06188638063494, 0.0, 78.60817042131437, 36.24341192024782, 48.69783026856315, 63.37984821055967, 23.305487084892015, 50.550066130143605, 69.89565278754824, 66.98257414164681, 62.37350198809299, 45.21069193000427, 39.677302654607786], [17.306332241985622, 37.796294969895925, 83.44764938484558, 66.55405763849775, 68.66981548101987, 58.802399192406575, 93.36638393814889, 17.22578549593813, 67.13683359657584, 51.63528469328079, 78.60817042131437, 0.0, 49.4476057755158, 39.30261222739121, 38.02957516063223, 75.1111376821885, 83.04608317348055, 8.974616837592997, 44.596718448787094, 54.24018947853105, 50.57994996855423, 41.78156153002434], [33.41523250669564, 38.86862386535651, 36.136383945901024, 25.93235857023811, 35.670642309036204, 58.64296635550549, 44.359593009242914, 42.4530932215384, 57.980096514153885, 20.496992841622482, 36.24341192024782, 49.4476057755158, 0.0, 38.52083509297862, 27.14786565232621, 46.520765291166065, 38.26714917774398, 42.20014352252136, 31.301877959715757, 61.100822565459204, 11.202758998227624, 8.657921655777674], [26.25024958705675, 1.6326713133426665, 72.85032618597073, 64.30298612344971, 72.79189269307611, 23.22413756413426, 70.96317897846471, 22.283638328767818, 28.614015509623837, 55.06930885197422, 48.69783026856315, 39.30261222739121, 38.52083509297862, 0.0, 51.17612330394566, 37.78071478701509, 76.26524058602872, 30.826344182993502, 58.564203202705876, 23.21283054723075, 47.71264624330417, 30.971766953545057], [30.279308056649057, 50.633688308136534, 50.27463525887038, 30.85767218720535, 30.765832428372537, 74.30341972498377, 67.73027057307394, 41.61893109566313, 77.3083491846591, 15.543167485269839, 63.37984821055967, 38.02957516063223, 27.14786565232621, 51.17612330394566, 0.0, 71.73189450959474, 47.83903730405697, 35.33559410696847, 7.646289331656667, 73.88349949963384, 19.85350811362962, 26.27101942467611], [59.03643295998953, 39.41002363234137, 65.01516092234623, 67.67588833777968, 79.5481598989453, 35.861862800134574, 49.4650414529051, 59.141287110154714, 26.076934710432486, 66.90123831602783, 23.305487084892015, 75.1111376821885, 46.520765291166065, 37.78071478701509, 71.73189450959474, 0.0, 71.61055464655229, 66.16353256671123, 77.21024781959233, 43.61713742790206, 57.51471326049704, 45.47070969049642], [69.45935809260794, 76.77961197379268, 7.99669702688457, 16.983653249542897, 22.791360748229486, 94.27801307771655, 34.71414305559356, 79.71896792519892, 90.95798107133383, 32.36639823980052, 50.550066130143605, 83.04608317348055, 38.26714917774398, 76.26524058602872, 47.83903730405697, 71.61055464655229, 0.0, 77.5040473097169, 44.92644047882876, 97.97550721792078, 32.72584604878179, 46.7544107229147], [8.94282342088752, 29.382084671535782, 77.23063708787832, 61.50598241220534, 65.06429165031592, 51.41006754607061, 85.52138196865577, 9.689711959454417, 59.07350488778072, 47.23822001319635, 69.89565278754824, 8.974616837592997, 42.20014352252136, 30.826344182993502, 35.33559410696847, 66.16353256671123, 77.5040473097169, 0.0, 42.59221397891142, 47.61200895756827, 44.78115814423009, 34.10771139084884], [37.8762791986846, 58.07479069982255, 48.48857858349778, 28.314908309161137, 25.45229376058154, 81.61092998122074, 68.45799943400988, 49.182135616228955, 84.21321843116367, 14.498964105782878, 66.98257414164681, 44.596718448787094, 31.301877959715757, 58.564203202705876, 7.646289331656667, 77.21024781959233, 44.92644047882876, 42.59221397891142, 0.0, 81.39037264067294, 21.919053001120457, 32.129726305093406], [46.25870015486122, 23.435299868652432, 93.80208724622686, 87.02592386280216, 95.90058178247142, 8.358562869207628, 87.55675806861078, 37.9229561379276, 20.183379929865715, 78.27347703864152, 62.37350198809299, 54.24018947853105, 61.100822565459204, 23.21283054723075, 73.88349949963384, 43.61713742790206, 97.97550721792078, 47.61200895756827, 81.39037264067294, 0.0, 70.7582204118016, 53.985907503266965], [36.79073328497, 47.81307679534865, 32.93534735977243, 17.37954388525422, 25.17692146406874, 68.93303710027216, 47.91544651251237, 47.32663911937452, 68.91402329312784, 9.387806873688165, 45.21069193000427, 50.57994996855423, 11.202758998227624, 47.71264624330417, 19.85350811362962, 57.51471326049704, 32.72584604878179, 44.78115814423009, 21.919053001120457, 70.7582204118016, 0.0, 16.7723363692909], [25.20972377174033, 31.130530313169427, 44.79376242612645, 33.46422270990963, 41.931408815774134, 52.30791881208717, 51.58523057614137, 33.84485555332584, 53.04291977233148, 24.785597947522348, 39.677302654607786, 41.78156153002434, 8.657921655777674, 30.971766953545057, 26.27101942467611, 45.47070969049642, 46.7544107229147, 34.10771139084884, 32.129726305093406, 53.985907503266965, 16.7723363692909, 0.0]]",Route_3,1092.7318546878178
