instance_id,num_cities,city_coordinates,distance_matrix,best_route,total_distance
1306,81,"[[85.63534087993074, 72.0056045038388], [16.689287118053752, 37.40254975871713], [2.3216492421922807, 26.693559919859577], [14.456399288845901, 1.8500681844877964], [29.091608138950022, 51.31196371113379], [20.43798857518986, 55.2807474989133], [96.73466339079785, 15.219370743623905], [8.664860266278385, 72.70167745221492], [87.1349005102677, 98.07625971318336], [0.5260789028463608, 34.01499079892272], [3.634220838348101, 31.436162330688035], [87.49291348734532, 91.23545492131254], [85.96589075729726, 24.917389398582955], [32.522404917745206, 48.04902632288388], [28.545850735121014, 20.189919129362533], [81.90549009559113, 13.645831013433728], [20.331680890780625, 48.70690728839857], [35.86285408523524, 6.970672047185966], [47.45549706698186, 54.23978763542573], [16.214086735169676, 24.72761862583466], [30.006464692473166, 70.14173138642478], [71.9875790487052, 39.74998107101306], [58.84190342465169, 63.70349960324829], [67.78083511202502, 50.51035449467247], [40.4102641163178, 51.79364304487134], [76.96649537234708, 27.104282894939946], [97.09739385391093, 17.38421457689797], [39.49662446125532, 52.49647948295737], [74.44418607615569, 50.61829979021317], [13.651324460830782, 86.62445173812205], [33.8941993837031, 44.50782690263679], [18.068623875812186, 53.40084822392346], [31.86172371659176, 31.821078101474864], [73.3496437947349, 22.130320841461625], [9.154805877138816, 89.41349493741959], [37.65910400757271, 19.484571808134397], [87.65077749697896, 69.15640186689511], [70.17285589171838, 58.37345822332375], [73.25500586708358, 61.966728363931445], [66.89151796197822, 48.258889595727915], [53.56339305127323, 76.6242463098563], [4.900512595528294, 90.9459968694597], [29.79396685803204, 88.84932256920037], [72.1026472713114, 9.67142540707301], [26.006881269610805, 67.09695840932159], [41.968601731210285, 22.14471994647147], [69.52991220909026, 87.98691863213446], [93.01419621397855, 14.414566021575636], [29.711208094570175, 49.00697549564009], [18.835212676948, 55.38052752366441], [20.027259069311587, 20.393366847036887], [33.029477355800076, 62.09258764049205], [53.88562566247131, 9.991746192154006], [15.177272612783078, 80.74116934001626], [31.631690973219595, 42.6119581466542], [45.42585326362419, 91.07261861865503], [24.067512902554455, 50.66938055713302], [82.98578525282674, 1.9693449549865183], [38.8146504471653, 20.03806352241626], [33.1642667707738, 64.31617522636195], [25.146397212194806, 80.82297821949153], [95.91313505157004, 83.89506400544614], [4.479512922902451, 36.33578400158384], [22.926853534339553, 94.38008614131007], [19.824281121229536, 72.08526756468298], [16.4134267702857, 31.428089511500247], [16.675999180716182, 6.029830623524468], [68.39564093004675, 63.967829421848364], [73.10294697020717, 63.72628544454736], [17.122187234140295, 0.1180927035255519], [9.152473738445089, 8.274469074358237], [89.48427064131525, 99.25957869260701], [93.65063619253355, 97.41586454661093], [51.06553691915858, 88.50307772030231], [70.8636429757851, 24.782402574696093], [43.01859004633531, 62.497631484745156], [47.891922835263124, 97.76307760745844], [37.310958250003644, 93.96677151545741], [28.485828136131374, 51.02503307933338], [8.159768880111484, 79.8648153509966], [26.52131723465886, 52.07320808743905]]","[[0.0, 77.14226939252902, 94.83856071603307, 99.94118771699105, 60.21146470184029, 67.30836195736534, 57.860792466660975, 76.97362797378135, 26.11374622932262, 93.20339695504738, 91.48805018315053, 19.319361352545588, 47.089375288065476, 58.26578416758352, 77.09782834698419, 58.4788418893947, 69.3353971641851, 81.89531660216922, 42.11086228733818, 83.99118094009789, 55.66009242605785, 35.02408665535924, 28.050191379923938, 27.943320296141323, 49.53615804938317, 45.73048834924159, 55.81106427877218, 50.093783165611775, 24.138325309671554, 73.45344998217962, 58.59414216743697, 70.08136844375751, 67.1297107472662, 51.36615883314399, 78.43664248079997, 71.13492939376447, 3.4899771379918305, 20.61368123902309, 15.939000256688946, 30.25289021740993, 32.40280373141222, 82.92678072297042, 58.326408177762595, 63.78623425138405, 59.83015963526067, 66.2788949570337, 22.688923155116754, 58.06182239222536, 60.46855020629649, 68.837855229021, 83.4760053836496, 53.53171751823827, 69.66895319359615, 70.99753148486995, 61.484800149450386, 44.50116764333843, 65.16004829767839, 70.08635956172442, 69.94856945110946, 53.0315089430987, 61.128212678598864, 15.71598868270603, 88.64877047119076, 66.58056633671501, 65.8111079740085, 80.23844537350244, 95.43685633284134, 19.021384876782662, 15.020253699389462, 99.30693115453656, 99.55544479993517, 27.52441406079547, 26.644441716604515, 38.30454239922661, 49.4796307525827, 43.66450506469264, 45.69478117223268, 53.08049371544885, 60.87898803489147, 77.87317543184726, 62.38403817030658], [77.14226939252902, 0.0, 17.91958374239322, 35.622531270864805, 18.635701307035614, 18.266984344775956, 83.06236027143014, 36.19972157657233, 92.97248800502204, 16.51438329197403, 14.353833442981397, 88.94456242675676, 70.39266326121717, 19.07970341725097, 20.90102279765656, 69.40846357865772, 11.876680157117349, 35.96838683197483, 35.072100791631996, 12.683835958699817, 35.34404097157893, 55.34809413352458, 49.68483696477035, 52.74619248264468, 27.745059302927515, 61.15060208476298, 82.86252091444393, 27.34961336485216, 59.247653139643866, 49.31556398924002, 18.614348480690875, 16.05765000469019, 16.166498018966706, 58.682510127207244, 52.55384691867658, 27.58237035168521, 77.74213941297431, 57.44798630585953, 61.669112269783916, 51.36267220816445, 53.83345770730257, 54.825869197339976, 53.08957584781475, 61.96495575146481, 31.121945085136037, 29.527023518980066, 73.14991479375371, 79.7115998133287, 17.442279742120824, 18.10559805754161, 17.33361935864461, 29.607427912759, 46.20519184329433, 43.364987433143725, 15.824454768591055, 60.879114031572605, 15.180481387652613, 75.17138862357857, 28.125737051602336, 31.555794877806505, 44.23636873503125, 91.85843435621584, 12.256287165254198, 57.31794559321958, 34.82411666946067, 5.9808255431040225, 31.372721949250156, 58.131412404236116, 62.253032684134496, 37.28697011572451, 30.087350170355144, 95.526968206261, 97.59429903019318, 61.58725930207245, 55.62489503402649, 36.373002619047575, 67.94849371310262, 60.20601716788768, 18.020278350004915, 43.310468487430036, 17.66060678493034], [94.83856071603307, 17.91958374239322, 0.0, 27.648711367806023, 36.368894739383045, 33.844187750754465, 95.10769820512344, 46.4433332671882, 110.8547582219432, 7.538396577551362, 4.920886284220652, 106.8634664583564, 83.66309772150362, 36.98839802782951, 27.018624825729802, 80.64633255514288, 28.4420235277154, 38.910213676630256, 52.87588184445804, 14.030849748601701, 51.518856841977396, 70.87885375118783, 67.55941657695018, 69.6573378658713, 45.615312735001126, 74.64597609487564, 95.23185222088372, 45.252286577781305, 75.98719298164984, 60.99240390976659, 36.25153832007521, 31.003974884976543, 29.9817851812707, 71.17442771840629, 63.09106337829997, 36.06529105511701, 95.3108234931414, 74.88258943382318, 79.21955247385507, 68.07592372138096, 71.54571791499258, 64.30416930617733, 67.9563614807824, 71.8271588559044, 46.83401355522408, 39.90705184262481, 90.96057625839512, 91.52000747040918, 35.32812546379098, 33.10045147147466, 18.793111826012925, 46.862158198497305, 54.20142291551087, 55.555478004246254, 33.35376962775543, 77.47667780218882, 32.368542777915835, 84.36817909598018, 37.094942637003, 48.6490312186731, 58.74489803677137, 109.68763962115483, 9.880731800160923, 70.75337642719413, 48.64924712270695, 14.86586574523663, 25.160227951865203, 75.86266238719514, 79.88375847347662, 30.418931319452053, 19.644924812109583, 113.4158262752319, 115.51029490523614, 78.7171079028438, 68.56863296999474, 54.204912429035154, 84.42467755162147, 75.8283373365801, 35.72932749582956, 53.49080336870886, 35.06779822081408], [99.94118771699105, 35.622531270864805, 27.648711367806023, 0.0, 51.58166774324973, 53.764457612734105, 83.35736916762835, 71.08792063407537, 120.58874108269566, 35.05190540968039, 31.503277817431048, 115.42997777163146, 75.13793102069528, 49.60568810586842, 23.127100439466393, 68.47276737049049, 47.223747254022676, 22.01038143396292, 61.916259240355934, 22.944972855842174, 70.03967302139466, 68.89296075338501, 76.13093954277026, 72.18946543401948, 56.28466726664925, 67.41874719252922, 84.08830885945999, 56.498423465604, 77.31025143918114, 84.77820623472401, 46.87763274082264, 51.67718151312978, 34.65842976649727, 62.28726110739755, 87.72377441389025, 29.143459374563488, 99.43620847077176, 79.36760773679747, 84.09095650944327, 70.02299890068869, 84.38326063538234, 89.60691646705139, 88.34088092403924, 58.17442337710958, 66.26137878130432, 34.187631877183705, 102.23819653347064, 79.55623208541596, 49.562920604538746, 53.70925510329727, 19.362035119844844, 63.040624832628566, 40.26103343436571, 78.89439460367883, 44.23259338690281, 94.44453708644787, 49.75639421655798, 68.5294897657077, 30.39946667137889, 65.20735261217293, 79.69314007490229, 115.61393142861, 35.899900514854586, 92.91691352070868, 70.44002688345742, 29.642693909027802, 4.732550868904882, 82.26820801481938, 85.25305752497252, 3.1790194142111345, 8.330939505119616, 122.95443959904041, 124.11506191064883, 94.06898011379276, 60.89063229218491, 67.03674869148963, 101.57381361056538, 94.90952480059578, 51.137090709096285, 78.2684376358599, 51.65197021170261], [60.21146470184029, 18.635701307035614, 36.368894739383045, 51.58166774324973, 0.0, 9.520313876571196, 76.66979973185585, 29.576542775975188, 74.5380652409866, 33.394232023875865, 32.29746195427401, 70.74318070885506, 62.70053888518346, 4.734672843716929, 31.126829425651305, 64.86943563598169, 9.139072401445056, 44.855322070991456, 18.595821291159652, 29.53909208352703, 18.851979026589163, 44.42683606629011, 32.22778663439369, 38.697530426501764, 11.328900569541297, 53.64714939406571, 75.99920428547144, 10.472222413658837, 45.357882393091295, 38.54055228868658, 8.32833478991585, 11.219163095933533, 19.686750929554194, 53.012658872026165, 43.002357682041016, 32.96035286227953, 61.2176468756935, 41.68373329813471, 45.430493159328776, 37.92300679248977, 35.20766830042285, 46.43345440505408, 37.54392917382969, 59.865548669476624, 16.083581612322554, 31.88330398190164, 54.592204155232196, 73.80728434559282, 2.386812681918992, 11.033895928891543, 32.21990155324498, 11.477310933980446, 48.18821101444299, 32.55283209003172, 9.063228874243812, 42.985081626861366, 5.065021821688255, 73.07035207590292, 32.75048678632443, 13.627034360570217, 29.773556498495267, 74.34228193782606, 28.810435429137954, 43.507095616643035, 22.746725105941152, 23.58187303849293, 46.95336966361136, 41.29137840435032, 45.728692631874225, 52.5745134598517, 47.43200422975909, 77.11191520469573, 79.33119043270997, 43.19759839714066, 49.48454817922205, 17.86281020976949, 50.11145392911416, 43.439502127347914, 0.6702973961461755, 35.403491798491714, 2.68065072941968], [67.30836195736534, 18.266984344775956, 33.844187750754465, 53.764457612734105, 9.520313876571196, 0.0, 86.174801975101, 21.026063602489515, 79.24603414277125, 29.132740255986235, 29.17071908607109, 76.08616129629051, 72.22076903160705, 14.083000728113701, 36.01532541107622, 74.24095913923385, 6.574699722203656, 50.712817572627294, 27.03755467015176, 30.84371946910874, 17.67497036240505, 53.838322631979686, 39.316706738685454, 47.58257840455091, 20.27440967732813, 63.161580397384085, 85.51497895220812, 19.260938456427752, 54.20708244454492, 32.07002658614616, 17.237326576265453, 3.0245512663475176, 26.09325224685513, 62.43872232551761, 35.949334618299346, 39.723204941451606, 68.63011568389396, 49.83093302977158, 53.238516656078886, 46.9812396696994, 39.406057442947144, 38.90273990970072, 34.84800656965206, 68.9162333551679, 13.062748796529267, 39.516624663935865, 58.989071837690894, 83.29076001434532, 11.196107153992, 1.6058787729228912, 34.889798329539246, 14.315961575341579, 56.301314958765666, 25.998234800925122, 16.9055374663916, 43.65147672117984, 5.8684028418876855, 82.1847462150222, 39.74604980905847, 15.607597859034653, 25.972575191464422, 80.71726484939316, 24.770639617494655, 39.178472801497826, 16.815722746284273, 24.18979931264402, 49.39438609063375, 48.738094051009995, 53.33783791962371, 55.262220572543235, 48.342042328155486, 81.86285274969566, 84.47165121959273, 45.185948511690654, 58.9312791719711, 23.705842681998302, 50.581289799765145, 42.20551575156751, 9.103780907934667, 27.47964830627288, 6.8771503295534755], [57.860792466660975, 83.06236027143014, 95.10769820512344, 83.35736916762835, 76.66979973185585, 86.174801975101, 0.0, 105.16893936392127, 83.4111473190263, 98.02737914704468, 94.50225781874352, 76.57581207527224, 14.4919988222455, 72.11796186570275, 68.36973396647058, 14.912424615124094, 83.41960704016506, 61.428154768944474, 62.85721253746727, 81.08002246388723, 86.42406030788523, 34.84492827469815, 61.53512825312572, 45.648414059126296, 67.15739235554672, 23.06581027517133, 2.1950221437003736, 68.30648531774942, 41.832398407933034, 109.551480134148, 69.33063955283689, 87.44238672149743, 66.96353477206013, 24.38483899399484, 114.78240068493601, 59.22933104941893, 54.696620638981415, 50.67351264540224, 52.312615705122575, 44.52216453705069, 75.06208980592535, 119.02954741025617, 99.51093737940847, 25.249077519149036, 87.71375756284903, 55.2021917253575, 77.6866430769492, 3.8065189680889477, 75.05828265237551, 87.64270041156031, 76.88170207154693, 79.0913976992095, 43.166747534354286, 104.61698753942407, 70.63108991256335, 91.57679405754097, 80.85306398559615, 19.09436653707935, 58.120114413918245, 80.32242237908025, 97.10156110128321, 68.68060682466376, 94.64098317713614, 108.23128779646193, 95.65007643548678, 81.94036622046798, 80.58434936587581, 56.38716536175154, 53.95719409667147, 81.03206129822148, 87.85710900943904, 84.35238435948371, 82.25433008215505, 86.34912171485155, 27.58190122373921, 71.55872046266008, 95.91181808201698, 98.65257148690964, 77.07106440758068, 109.65648839017283, 79.29766267303332], [76.97362797378135, 36.19972157657233, 46.4433332671882, 71.08792063407537, 29.576542775975188, 21.026063602489515, 105.16893936392127, 0.0, 82.47070171165004, 39.533523575463974, 41.571024419646086, 80.97754554132517, 90.87787134262062, 34.30649566046116, 56.14925239199422, 94.08391390878316, 26.680773952392805, 71.13575710802522, 42.959921776131715, 48.564401989066056, 21.494590094810626, 71.38333845091039, 50.97747409119926, 63.143909417844085, 38.012058197113724, 82.12329601626061, 104.30884284512904, 36.8625515713651, 69.3872846634352, 14.788795386368347, 37.83401592633227, 21.46981087302965, 47.00338155078008, 82.10714542337507, 16.7189978874451, 60.60302387886938, 79.06544188045082, 63.15482081464813, 65.47614863949508, 63.14897896727572, 45.06955505314197, 18.62862057117318, 26.59296125274114, 89.42687232018154, 18.22521791446659, 60.540442249793436, 62.75502486597783, 102.52900971796102, 31.692075629727277, 20.086271505795658, 53.52815581473876, 26.574185830467403, 77.31399033589642, 10.346252673549502, 37.853223384656836, 41.09576724544404, 26.88240715982886, 102.59952607763167, 60.68332621155822, 25.89474013486711, 18.37380162764842, 87.96336371205808, 36.60594676889749, 25.949139778991867, 11.176432121538868, 41.99463470929271, 67.15142222064088, 60.36593625647451, 65.06016200221413, 73.07464098038044, 64.42905358812905, 85.07114206158889, 88.50634527266654, 45.249327409967236, 78.51716675563146, 35.83714977376697, 46.54928802390304, 35.67636690039695, 29.37256676843414, 7.180923468840361, 27.28345293024914], [26.11374622932262, 92.97248800502204, 110.8547582219432, 120.58874108269566, 74.5380652409866, 79.24603414277125, 83.4111473190263, 82.47070171165004, 0.0, 107.72619994751206, 106.8328885915802, 6.850166676237798, 73.16820955518223, 74.06246522720387, 97.46260207430105, 84.59222200479564, 83.06625735141813, 104.54210084256687, 59.12775441228145, 102.02835378404787, 63.592421339546014, 60.26106643351081, 44.519437571265655, 51.35265510853179, 65.76680204945913, 71.69670812902201, 81.30471955488473, 65.93118921085532, 49.12547397123435, 74.37055771547674, 75.52581843466656, 82.25596002650404, 86.2836784291527, 77.1869090832146, 78.45979003637436, 92.86822840638614, 28.92445862786266, 43.17433732884451, 38.68526501871867, 53.77327312351308, 39.84011787289095, 82.54292946056871, 58.078559220844184, 89.67376074488534, 68.52993393810891, 88.34926868255805, 20.291141331485903, 83.86802197095189, 75.5332715051763, 80.54671256685802, 102.65508941996555, 64.97862318146628, 94.15092033613217, 74.01625207262747, 78.46588441594447, 42.29297353939194, 78.89808344299564, 96.19643559799314, 91.78674539861082, 63.659819437380726, 64.34477650466869, 16.6782407154729, 103.16879100925911, 64.31434517692308, 72.1543564547517, 97.17770031847577, 115.91808264772618, 38.91715388557803, 37.10547739089706, 120.40590726445791, 118.93536264358913, 2.630548197566926, 6.5491169830126506, 37.3181564836267, 75.07824795498652, 56.67528240395005, 39.24422734405984, 49.99313068413875, 75.18997019614115, 81.04769041593674, 76.09393692266201], [93.20339695504738, 16.51438329197403, 7.538396577551362, 35.05190540968039, 33.394232023875865, 29.132740255986235, 98.02737914704468, 39.533523575463974, 107.72619994751206, 0.0, 4.038675842377319, 104.10289060362014, 85.92280140313997, 34.938789783555706, 31.244843097721066, 83.889875649238, 24.659973240824858, 44.498121949541144, 51.101983291278565, 18.2309865785834, 46.628687862536935, 71.69125550942425, 65.4380848182655, 69.24809929673964, 43.667249808350284, 76.75216709490935, 97.99286499090007, 43.130834041299615, 75.75986033213835, 54.22201998515483, 34.97900904720397, 26.144834140437474, 31.41235248779104, 73.78697028311218, 56.06647117466853, 39.874736732373535, 93.94483422182756, 73.78352444959023, 77.9153158902181, 67.87680129797641, 68.03311948804748, 57.098818922418964, 62.15636094600603, 75.60300467172459, 41.757488792186585, 43.109001710663854, 87.60421225597152, 94.54220483577791, 32.8105375006905, 28.13735131625284, 23.7874897156368, 42.951395267082745, 58.51801014926297, 48.969309145425356, 32.2717670704675, 72.6055275448354, 28.83691753605077, 88.46765843448091, 40.759897043505646, 44.53552610004525, 52.88806821975791, 107.64159132885345, 4.58429074562848, 64.38741678143693, 42.682157652621015, 16.096579777452643, 32.31082040159685, 74.18524106137977, 78.42297372572797, 37.741628372842946, 27.147544023583798, 110.31960898586837, 112.65812870082003, 74.31815681873714, 70.9409162968233, 51.15539388683466, 79.41877450060954, 70.33735394275492, 32.72749785073005, 46.48095990967651, 31.652039864233142], [91.48805018315053, 14.353833442981397, 4.920886284220652, 31.503277817431048, 32.29746195427401, 29.17071908607109, 94.50225781874352, 41.571024419646086, 106.8328885915802, 4.038675842377319, 0.0, 102.99628987074291, 82.58933509953415, 33.32438190617089, 27.33253172059168, 80.26759918869828, 24.02256863028731, 40.46288442232577, 49.39948964660562, 14.256843431206725, 46.836057923675035, 68.85710682769333, 63.94583075706504, 66.92243965580226, 42.03456173449945, 73.46010936403275, 94.51360719924024, 41.58904846430703, 73.36215355682818, 56.090013841166495, 32.96262605204393, 26.283063319111942, 28.230127149764215, 70.33376773506814, 58.23957379104089, 36.062906021259266, 92.09559307285973, 71.7844541998684, 76.02084694560851, 65.45601417762268, 67.34155605253193, 59.523305533599896, 63.09202231968367, 71.84447920028566, 42.09784212681778, 39.44433622230514, 86.83449878644826, 90.98634369540682, 31.44427991922889, 28.36199529955182, 19.765501120274603, 42.4723147297436, 54.63576365642319, 50.63818480610449, 30.145592481707638, 72.82202592180464, 28.061291986065324, 84.6461109636946, 36.98079615021921, 44.19410436688195, 53.86864872979516, 106.14770074426065, 4.9720027379439395, 65.83421011161165, 43.754631849528, 12.779208481798813, 28.558180494315213, 72.47310463905596, 76.60650077566153, 34.0990721672279, 23.80998004135539, 109.40862332638208, 111.60768852421904, 74.20486895914004, 67.55788421660466, 50.15918065438762, 79.73709222300256, 71.02252971918111, 31.643739388548383, 48.6396445139122, 30.81731394882195], [19.319361352545588, 88.94456242675676, 106.8634664583564, 115.42997777163146, 70.74318070885506, 76.08616129629051, 76.57581207527224, 80.97754554132517, 6.850166676237798, 104.10289060362014, 102.99628987074291, 0.0, 66.33564360956436, 69.90582541882797, 92.31589442279113, 77.79054594438067, 79.49407856975824, 98.824170457885, 54.51306367785271, 97.48827330439676, 61.23427935079938, 53.76959562470179, 39.73523551268393, 45.244887430898636, 61.42013021715028, 64.98932761467807, 74.47316122953443, 61.67942913394588, 42.6617226327691, 73.98541491615808, 71.10761825441564, 79.064463901377, 81.39347300735642, 70.53759021820979, 78.35929199610727, 87.35901667708505, 22.079617406678885, 37.14694095204153, 32.548062426108444, 47.65923483205388, 36.94184313362459, 82.59290811588123, 57.748264646949686, 83.00332044442641, 66.05451666418949, 82.74051377791596, 18.254380376904056, 77.0190465683206, 71.56793941914145, 77.45615339829787, 97.82748064208228, 61.770321260314205, 87.9203617088344, 73.07312737908828, 74.05889966349673, 42.067375381970805, 75.28869655307716, 89.37982207099432, 86.24756132562003, 60.63208287160368, 63.21002897257344, 11.170562653168767, 99.52486393041262, 64.64259279581007, 70.32619342815697, 92.89356484290754, 110.79275140499159, 33.290076892473195, 31.045539803098062, 115.12781076234758, 114.10411768533868, 8.267530805005821, 8.72439178685092, 36.52970912571137, 68.50212262352746, 52.95118451372824, 40.13537490243474, 50.25623067620586, 71.40528094164577, 80.14386612530188, 72.4652822162299], [47.089375288065476, 70.39266326121717, 83.66309772150362, 75.13793102069528, 62.70053888518346, 72.22076903160705, 14.4919988222455, 90.87787134262062, 73.16820955518223, 85.92280140313997, 82.58933509953415, 66.33564360956436, 0.0, 58.23468730473345, 57.61432088721245, 11.980604407266414, 69.81253946270546, 53.22028699145585, 48.40303152224129, 69.7520621722934, 71.94927708975113, 20.38133886533475, 47.32940981704675, 31.395797668339373, 52.89279845793704, 9.26129691021031, 13.440948035164347, 54.037014351039964, 28.165341711366572, 95.06396815419505, 55.634937621130476, 73.62979204527525, 54.542843791601115, 12.920427181887536, 100.29800790715466, 48.61132741506295, 44.27108613414667, 36.99633078389238, 39.16912192609827, 30.143943487674687, 61.020659691876396, 104.55320435574286, 85.10333197635175, 20.6065265870342, 73.3089275646298, 44.08456802029147, 65.17596879662725, 12.648632681017133, 61.195567485003814, 73.71926969222685, 66.09364514785614, 64.68585029308537, 35.3824565806266, 90.15166590673415, 57.14283007828966, 77.5887169190772, 67.04158582311844, 23.140738376358104, 47.403030322856395, 65.8807697307599, 82.61020310164633, 59.81064931166504, 82.2824981869145, 93.80291281601824, 81.23743752693103, 69.85652770231914, 71.81802664495629, 42.821146002911284, 40.885030697998886, 73.17418008665229, 78.59572399965904, 74.42539960280205, 72.90462407278166, 72.53395382422028, 15.102851038688426, 57.067900203287216, 82.1956283749494, 84.46963731431217, 63.13134449300268, 95.25236070756182, 65.35362124588345], [58.26578416758352, 19.07970341725097, 36.98839802782951, 49.60568810586842, 4.734672843716929, 14.083000728113701, 72.11796186570275, 34.30649566046116, 74.06246522720387, 34.938789783555706, 33.32438190617089, 69.90582541882797, 58.23468730473345, 0.0, 28.141478937459187, 60.1852884780206, 12.208462625015406, 41.21395140774947, 16.165480715600705, 28.45785127018747, 22.235502518309485, 40.32832901670479, 30.62316991006476, 35.34423625054222, 8.731579303373149, 49.13206136118486, 71.48608169093254, 8.271612772133745, 42.000439302983274, 42.94392999689176, 3.7976194373305807, 15.412779894249748, 16.24139166224033, 48.359515383753454, 47.50856710831698, 29.02264183813436, 59.03099834485891, 39.04036824378554, 43.04471175651454, 34.369753767528756, 35.486143477970884, 51.02077045217897, 40.891423893438564, 55.1310786836271, 20.131462072560492, 27.572880210122385, 54.44805632916802, 69.21368169652105, 2.9699316820785104, 15.527077680413194, 30.34739149939635, 14.052712796426722, 43.64337030451181, 37.00851023385402, 5.509544598598137, 44.91690631875158, 8.851635741572496, 68.33659188026604, 28.708994946038917, 16.279807126815136, 33.59371090834549, 72.82391835406195, 30.390851207426067, 47.3142865343034, 27.18424619123365, 23.146375903007698, 44.90792114987746, 39.246622199851664, 43.5035268321939, 50.344226107129224, 46.13208306202385, 76.59748573368566, 78.5731848342146, 44.50143839121173, 44.848481763188175, 17.858669977828704, 52.035651011034865, 46.166758242116074, 5.015034230022458, 40.07221563856417, 7.22544754698759], [77.09782834698419, 20.90102279765656, 27.018624825729802, 23.127100439466393, 31.126829425651305, 36.01532541107622, 68.36973396647058, 56.14925239199422, 97.46260207430105, 31.244843097721066, 27.33253172059168, 92.31589442279113, 57.61432088721245, 28.141478937459187, 0.0, 53.75942895854152, 29.676441833452213, 15.109170441993713, 38.948276851181134, 13.140133944171923, 49.97316220630035, 47.64220588965699, 53.0215285919234, 49.585409142184545, 33.757364681023674, 48.91183142520079, 68.60893558424466, 34.11206952211283, 55.06853490623935, 68.08372812853194, 24.8991058421033, 34.82438935552748, 12.094580301267046, 44.84579167918683, 71.88821925975145, 9.140508741389354, 76.75355886999421, 56.48708008073571, 61.189952953368554, 47.521124756412945, 61.73095421144472, 74.60244334402428, 68.67074686189662, 44.80885219106746, 46.97570329392009, 13.56434629967789, 79.22200727374273, 64.72651908067478, 28.840610177186615, 36.505827078124774, 8.521020768817827, 42.141862037969645, 27.3149578917117, 62.00945720683455, 22.63338780801536, 72.86488572866645, 30.806705092715543, 57.408150932912186, 10.269922475434846, 44.367287992577964, 60.72828121132369, 92.7183718572327, 28.98064126557332, 74.402647874945, 52.62312196889568, 16.53759912443362, 18.477052860691124, 59.19891222105805, 62.29566611597222, 23.094984387363567, 22.761393220725765, 99.8273614001243, 101.00732515537447, 71.92929794248253, 42.56625945886803, 44.71468112282769, 79.94914272193091, 74.29570012959756, 30.835172368904903, 63.06096710693504, 31.947501477872997], [58.4788418893947, 69.40846357865772, 80.64633255514288, 68.47276737049049, 64.86943563598169, 74.24095913923385, 14.912424615124094, 94.08391390878316, 84.59222200479564, 83.889875649238, 80.26759918869828, 77.79054594438067, 11.980604407266414, 60.1852884780206, 53.75942895854152, 0.0, 70.8562844746273, 46.52399464799641, 53.24163158562475, 66.6195653854628, 76.71568025344241, 27.92474905460318, 55.11532649613575, 39.477828839787804, 56.36585262245979, 14.33609416553375, 15.645109506476162, 57.51421364231322, 37.717827417818945, 99.92252103192357, 57.0749229179209, 75.20376906889899, 53.24207133561969, 12.049442873667815, 105.03999690951554, 44.62996275953737, 55.80709456513304, 46.24084061940029, 49.08910264147222, 37.72907610385171, 69.06196679879749, 109.1104128905867, 91.49413093918608, 10.577883879179439, 77.34130519050865, 40.83119108384091, 75.3641309666355, 11.135273015846579, 63.044853974718464, 75.62833322548941, 62.24503767182878, 68.81825956111965, 28.257125450610154, 94.62789986886268, 58.02147360498918, 85.59013577659665, 68.67295556911021, 11.726353410155212, 43.56238168483492, 70.30782768551697, 87.94523143235438, 71.63217749851535, 80.68219077188081, 99.98249607644944, 85.25986307839018, 67.86323802986324, 65.67259662106298, 52.10393025763263, 50.84817284328999, 66.18063186023402, 72.95103096011535, 85.94854103609552, 84.58940226167907, 80.961164124891, 15.682653281772396, 62.439485942227584, 90.73386320626285, 91.87015703511531, 65.19865819897147, 99.11299251001172, 67.40971674971952], [69.3353971641851, 11.876680157117349, 28.4420235277154, 47.223747254022676, 9.139072401445056, 6.574699722203656, 83.41960704016506, 26.680773952392805, 83.06625735141813, 24.659973240824858, 24.02256863028731, 79.49407856975824, 69.81253946270546, 12.208462625015406, 29.676441833452213, 70.8562844746273, 0.0, 44.53235534873473, 27.682380116147442, 24.33024591723001, 23.517081573248362, 52.426694934599524, 41.32717048947436, 47.48341455853035, 20.314463861374985, 60.61497828133162, 82.91010653374417, 19.536015957130374, 54.146252305521905, 38.501523854620714, 14.197682344557279, 5.210998806293681, 20.44683630528213, 59.30614923982659, 42.2131355516029, 33.97329072653173, 70.35653911606671, 50.76992153284862, 54.559153049717686, 46.56199252555041, 43.401895248443225, 44.96956352460304, 41.24255521063642, 64.83827423429268, 19.2458275885979, 34.259394913551105, 62.95542276892375, 80.36611663672164, 9.384325841296505, 6.839343839840277, 28.31517693693631, 18.450216084249035, 51.23212769786004, 32.446292082270396, 12.838949836480893, 49.239932814704424, 4.219922055049285, 78.16608296620564, 34.11044952064609, 20.207040998783857, 32.4749673642128, 83.37123356531923, 20.10810584464366, 45.74684893607339, 23.383865885133137, 17.717512780298282, 42.83336178056587, 50.428563324958894, 54.86700505607204, 48.694699427095586, 41.949454495702554, 85.66010305450034, 88.02404060097902, 50.282254199848616, 55.9094009801241, 26.54957477799014, 56.267884111729515, 48.33995417347045, 8.477253357158697, 33.45101907016859, 7.045819976346181], [81.89531660216922, 35.96838683197483, 38.910213676630256, 22.01038143396292, 44.855322070991456, 50.712817572627294, 61.428154768944474, 71.13575710802522, 104.54210084256687, 44.498121949541144, 40.46288442232577, 98.824170457885, 53.22028699145585, 41.21395140774947, 15.109170441993713, 46.52399464799641, 44.53235534873473, 0.0, 48.669894799522744, 26.483640425250947, 63.44194223667248, 48.77990215002386, 61.20988834370832, 53.98575238388808, 45.053053914802874, 45.769767454383704, 62.113691958372954, 45.67059699439651, 58.25491040064777, 82.6926639267836, 37.58874294221556, 49.72319266246714, 25.17045341844122, 40.43605265465502, 86.6610574894885, 12.642159665601545, 80.92622569050467, 61.80147773824359, 66.50367828377182, 51.64779656782681, 71.86744386197105, 89.50151825266212, 82.10325696026119, 36.34029002196478, 60.92873305628359, 16.356401926039254, 87.7331352080171, 57.63408249134035, 42.484038838191715, 51.31719671983992, 20.758969271095594, 55.19468817165711, 18.274221852506408, 76.61579179049798, 35.89155912055967, 84.6438915125959, 45.26264684100085, 47.387592410975415, 13.396634716570608, 57.408963658706256, 74.62577017947417, 97.58790049121762, 42.979342742830454, 88.36144964027488, 67.06076626559658, 31.248127814370747, 19.209908477438002, 65.62818120809058, 67.8824290239535, 19.954208520632694, 26.742182127834237, 106.73564823098181, 107.3301477085475, 82.93765574330203, 39.27229261636599, 55.986139191100904, 91.58580349821632, 87.00815093061912, 44.66774269878142, 77.9808762317969, 46.05977711618897], [42.11086228733818, 35.072100791631996, 52.87588184445804, 61.916259240355934, 18.595821291159652, 27.03755467015176, 62.85721253746727, 42.959921776131715, 59.12775441228145, 51.101983291278565, 49.39948964660562, 54.51306367785271, 48.40303152224129, 16.165480715600705, 38.948276851181134, 53.24163158562475, 27.682380116147442, 48.669894799522744, 0.0, 42.97666621751074, 23.608061035726557, 28.49171003348327, 14.805812843335953, 20.66465674035326, 7.457810046321989, 40.090330985166425, 61.827592400776815, 8.147562609065794, 27.23058039496996, 46.81333735839524, 16.69190985355024, 29.398845815610837, 27.308685513422205, 41.24954172534632, 52.001275282304924, 36.10947720718263, 42.87383758163692, 23.090379479365158, 26.931770594381025, 20.33543826899229, 23.202809819119167, 56.19850976403498, 38.85549584877041, 50.929568277302714, 25.006998219145718, 32.56070316169888, 40.32553352871061, 60.51151414862157, 18.499786864359788, 28.64300902592175, 43.56476144593844, 16.424874813129478, 44.7128138828236, 41.763704411462854, 19.63668143839311, 36.8887095492326, 23.658943551651454, 63.202852440204545, 35.27636833079064, 17.48636183607181, 34.703918481341915, 56.81177778971271, 46.55629451827957, 47.04144893275436, 32.89293614967082, 38.52250899931275, 57.19770489468962, 23.089487261614085, 27.345663773639163, 62.04246568050654, 59.83253384678646, 61.58895513803464, 63.23104060720223, 34.45294523222516, 37.62550769762342, 9.374333520288541, 43.52547802656351, 41.00176723037038, 19.24013997355505, 46.912645407823405, 21.04599610828134], [83.99118094009789, 12.683835958699817, 14.030849748601701, 22.944972855842174, 29.53909208352703, 30.84371946910874, 81.08002246388723, 48.564401989066056, 102.02835378404787, 18.2309865785834, 14.256843431206725, 97.48827330439676, 69.7520621722934, 28.45785127018747, 13.140133944171923, 66.6195653854628, 24.33024591723001, 26.483640425250947, 42.97666621751074, 0.0, 47.46231481447893, 57.761179162845295, 57.76028093489154, 57.65309191226581, 36.3046095931615, 60.79887900501645, 81.21597720578482, 36.2379110362179, 63.726539529591626, 61.94986440505848, 26.53004000634947, 28.733141206466414, 17.18038737732412, 57.1945612474433, 65.0699319227416, 22.07664616164016, 84.12560589546742, 63.58923879957738, 68.12061178160072, 55.874168890520885, 63.93927312120536, 67.17790244588585, 65.54392466698918, 57.88108631532983, 43.48631714093926, 25.883709322064657, 82.73038307207698, 77.4894565084518, 27.778759061587927, 30.76477084428411, 5.772869453909114, 40.974361144387494, 40.451091227962095, 56.0231456376253, 23.61254159418428, 72.49128449517411, 27.104451934446576, 70.54359463062616, 23.081971474897266, 43.06463069564797, 56.80207336356345, 99.2608930812595, 16.50605119179902, 69.9751918117728, 47.495056758786376, 6.703435428140726, 18.703492702880006, 65.28942289152573, 68.97273687826657, 24.626274842879397, 17.904538761966432, 104.51570657578382, 106.20734572948338, 72.67690666667905, 54.649583699944515, 46.31474138026201, 79.60944396640912, 72.38189193842592, 29.019814678098154, 55.72236982415157, 29.22362509293139], [55.66009242605785, 35.34404097157893, 51.518856841977396, 70.03967302139466, 18.851979026589163, 17.67497036240505, 86.42406030788523, 21.494590094810626, 63.592421339546014, 46.628687862536935, 46.836057923675035, 61.23427935079938, 71.94927708975113, 22.235502518309485, 49.97316220630035, 76.71568025344241, 23.517081573248362, 63.44194223667248, 23.608061035726557, 47.46231481447893, 0.0, 51.827333037938196, 29.545445594391115, 42.57104672496955, 21.092448607049853, 63.69824529853165, 85.3495656441939, 20.035419815262962, 48.537361517348145, 23.220049142690087, 25.92704264109886, 20.56135239774994, 38.36553732494719, 64.68173403061901, 28.39352999745827, 51.23193052215956, 57.652733438803814, 41.854883050991404, 44.01439523780541, 42.88782950361203, 24.4325985812838, 32.605617506538486, 18.708798015679818, 73.68002777515295, 5.026659928673636, 49.46519816699955, 43.365350355245894, 84.11593898356806, 21.136818185849624, 18.51188837132362, 50.73937641726755, 8.598099825270864, 64.71657475100237, 18.227809047397297, 27.577704311577804, 25.99729955661707, 20.357887787832958, 86.33818783593996, 50.87201263677349, 6.6263729550762385, 11.7349601542467, 67.32639419983884, 42.36115372877164, 25.251113547208973, 10.366011535528125, 41.030680559478135, 65.48310568529963, 38.88246285496438, 43.57137513721816, 71.19911923624144, 65.28741903843905, 66.22279390235856, 69.24203135068082, 27.939641412182638, 61.04734005282177, 15.091311060722342, 32.90635774496628, 24.919634092057198, 19.177082408459167, 23.912684493798995, 18.40157023214866], [35.02408665535924, 55.34809413352458, 70.87885375118783, 68.89296075338501, 44.42683606629011, 53.838322631979686, 34.84492827469815, 71.38333845091039, 60.26106643351081, 71.69125550942425, 68.85710682769333, 53.76959562470179, 20.38133886533475, 40.32832901670479, 47.64220588965699, 27.92474905460318, 52.426694934599524, 48.77990215002386, 28.49171003348327, 57.761179162845295, 51.827333037938196, 0.0, 27.323613188723254, 11.553455360427511, 33.79610350439435, 13.590558859670434, 33.62633358576296, 34.90179582441896, 11.142498367486292, 74.83538334012168, 38.38935622356143, 55.62013934684858, 40.90173307372254, 17.672228127126854, 80.09008673979737, 39.8639061212223, 33.3177635752235, 18.711684087199167, 22.252870174818824, 9.91823385899012, 41.220893568341424, 84.39020392751621, 64.73829041033244, 30.078775765057223, 53.49842743291037, 34.80063531678078, 48.29950591434728, 32.924183894854984, 43.27797923689607, 55.40296051048172, 55.44865522784848, 44.91019656863308, 34.83149809443643, 70.05489585352504, 40.45724428507974, 57.7887394007558, 49.148408159257194, 39.348913644978644, 38.58760015141577, 45.942871824779054, 62.29837406064425, 50.2117573615403, 67.5943469061922, 73.42617495135927, 61.372472683592434, 56.193774393550484, 64.77977627079453, 24.482773498775174, 24.002233583828726, 67.68233000228875, 70.27772274912613, 62.02843239814248, 61.600666894425785, 53.052768822800026, 15.009718129912406, 36.83283756601972, 62.81815038747417, 64.3578153460303, 44.93917144596622, 75.38693043378657, 47.10671807122398], [28.050191379923938, 49.68483696477035, 67.55941657695018, 76.13093954277026, 32.22778663439369, 39.316706738685454, 61.53512825312572, 50.97747409119926, 44.519437571265655, 65.4380848182655, 63.94583075706504, 39.73523551268393, 47.32940981704675, 30.62316991006476, 53.0215285919234, 55.11532649613575, 41.32717048947436, 61.20988834370832, 14.805812843335953, 57.76028093489154, 29.545445594391115, 27.323613188723254, 0.0, 15.936234736206197, 21.944703480193883, 40.84119852467826, 60.07460955624619, 22.357037329401038, 20.363046876252998, 50.67108123826161, 31.47795716598782, 42.05478510956533, 41.76624112720647, 44.0318489619186, 55.944718452943974, 49.030853209929944, 29.320391682446793, 12.521973683195181, 14.517365337889458, 17.416436848102347, 13.957376802901964, 60.430350833664484, 38.41998218913385, 55.63553153612998, 33.009911278138006, 44.853544749533675, 26.531452495268837, 59.97620001382231, 32.62798233509915, 40.863274083459494, 58.15792478925113, 25.86264442998205, 53.939940153378764, 46.87090967749575, 34.42744229052308, 30.48047042948492, 37.136861680702516, 66.28750168673113, 48.039162877317764, 25.68494492008365, 37.79502198710473, 42.21345149765339, 60.862643372747655, 47.232867478598024, 39.907754689682044, 53.309264933973644, 71.44379311242858, 9.557393503199155, 14.261061748789722, 76.05023793269898, 74.44069349430522, 46.93814471034821, 48.45793461323212, 25.99020874890427, 40.73541476088417, 15.869195448655496, 35.77648569567534, 37.14091042160929, 32.897337587110975, 53.19649319916956, 34.34943918621467], [27.943320296141323, 52.74619248264468, 69.6573378658713, 72.18946543401948, 38.697530426501764, 47.58257840455091, 45.648414059126296, 63.143909417844085, 51.35265510853179, 69.24809929673964, 66.92243965580226, 45.244887430898636, 31.395797668339373, 35.34423625054222, 49.585409142184545, 39.477828839787804, 47.48341455853035, 53.98575238388808, 20.66465674035326, 57.65309191226581, 42.57104672496955, 11.553455360427511, 15.936234736206197, 0.0, 27.40063842566667, 25.143996145200656, 44.235752082658436, 28.353858019786365, 6.66422525564754, 65.07097619559033, 34.41416014487543, 49.79617354770027, 40.490389174949605, 28.921236839077352, 70.35954548004015, 43.242547057744126, 27.248664058785707, 8.218890658599527, 12.697048778664211, 2.4207393879859858, 29.733331540309425, 74.75945514809703, 53.9710907131391, 41.06697200138005, 44.94639750913978, 38.35206142344555, 37.51735771933813, 44.041213175798546, 38.09929985790893, 49.187320936288394, 56.45739074589835, 36.63065643071739, 42.834967776571105, 60.67154978921431, 37.00196328356806, 46.314603359049215, 43.71361147145742, 50.866689649672