instance_id,num_cities,city_coordinates,distance_matrix,best_route,total_distance
1461,73,"[[96.24818916333832, 69.89140142159347], [60.516643425112946, 15.526230395762397], [49.717097167800986, 48.07454702323795], [25.440933408464005, 10.785713154000598], [44.8995274097328, 86.38143073001211], [17.90274598841505, 9.938246320327682], [44.14065094626033, 11.537808946754769], [71.54197526707819, 5.075289744406774], [74.94560480765286, 5.519018293407307], [60.15820182401113, 6.226469822485015], [93.0446763710833, 35.114465073357415], [16.96953012516542, 35.21977153453082], [66.79692886949601, 19.019198448167995], [83.94665856383735, 0.4291088595748116], [95.90516953340068, 30.216162963595373], [51.18632738666512, 48.88626883554335], [50.93194826614618, 8.760784936783761], [84.17295151066597, 88.86259905483617], [65.15635514043859, 94.90994784152412], [2.901904115235565, 29.846934889100396], [34.75620469672901, 55.43126442313996], [94.21334413061165, 25.401426896146795], [84.9840077047823, 48.29795147468786], [36.51439264187017, 13.773794484662572], [3.869447753926192, 45.46376354685013], [28.482307320117894, 61.497897120624614], [42.014037694483086, 13.858916276042422], [51.20043345497061, 5.922132836609517], [22.765679264988936, 57.07328575435133], [65.79600473475578, 29.823233461585698], [80.1418445624633, 17.985164302976752], [24.36457311077366, 48.74020576343828], [63.49988405138678, 64.49801708381702], [87.49557254593776, 94.17686772984847], [21.98982335743027, 82.42449043339245], [76.33215976531591, 15.644505091073245], [87.1074570211504, 67.5803267338431], [14.163070569960334, 79.3740227577604], [59.11580271131276, 50.696847709485795], [22.53321638341099, 62.0809880570139], [44.37070164399491, 75.88692051742059], [52.5004587924012, 82.41521306770983], [81.28347648799779, 97.29030768249835], [54.24465587088314, 91.5114771245646], [46.85104887903648, 22.288399461738486], [20.488481215112042, 41.813185650779815], [10.239733722136691, 81.58480385559564], [68.88379867704725, 2.3595468099765537], [72.67288387134394, 50.65718713649373], [21.8165960669638, 61.55372451450041], [24.545496417614487, 14.114896580117197], [80.33856782347372, 39.65969403714896], [73.96936338533719, 54.2770261156326], [16.232344557965593, 35.42772744165163], [24.215912440097654, 56.622190474384695], [18.19571394745315, 83.71365369526886], [51.92442145694653, 84.49189356660011], [47.684345946002004, 49.53825814316456], [99.38607352388892, 62.22480040414092], [68.33186328668842, 45.77395392107799], [96.40285972522688, 24.76754854212786], [6.593149044973156, 80.93926037928404], [29.55887230210298, 89.49355556377444], [15.912444725242537, 22.050317637829586], [49.39714925766102, 74.45178623367066], [5.287445142203328, 80.67514058103079], [59.87392893613575, 53.02721772668466], [54.13315968184544, 50.04041132846262], [51.47357270165179, 83.41680670133029], [80.60996552303821, 93.81134496611685], [63.00631887079281, 51.974472183179564], [47.68600352596626, 38.04695339827996], [0.7886697153293931, 85.45673719668876]]","[[0.0, 65.05624629127287, 51.39180535976727, 92.23421194503723, 53.93149479180692, 98.65287260324236, 78.2325846036279, 69.36515939603467, 67.80563258191079, 73.18272133278425, 34.92417208724358, 86.52876803651101, 58.78229128117627, 70.54316227007358, 39.67672125019321, 49.71706931967678, 76.09542667509815, 22.48816808919903, 39.907766260137514, 101.57306843919608, 63.16929408862953, 44.53648423014671, 24.354852997725015, 81.95921092345897, 95.55386625629876, 68.28371443059973, 77.98065514685763, 78.23916933134318, 74.5921131904695, 50.32686777600806, 54.34769349490555, 74.93081698848675, 33.189457397198346, 25.814572850631965, 75.30858657777168, 57.7873168478785, 9.428364137409417, 82.63102808203499, 41.80005999791816, 74.127591144398, 52.22279158133984, 45.505052145400455, 31.219267924622294, 47.24113125712162, 68.60118995948214, 80.7955416423017, 86.79971237201592, 72.86536388415817, 30.426140385791182, 74.89712215480205, 90.84214131843714, 34.162438182257304, 27.205786043449073, 87.12221422867349, 73.24425471731585, 79.26691330715164, 46.666591417914596, 52.65640805590787, 8.28390544495726, 36.89136110787231, 45.12411796002635, 90.33316891471642, 69.51049870654124, 93.50187769252634, 47.072465942178894, 91.59774005474823, 40.09348449276864, 46.55896815764493, 46.772886026759814, 28.578273877147073, 37.762922210559275, 58.07197898976839, 96.72021262919274], [65.05624629127287, 0.0, 34.29319341569435, 35.39460321703702, 72.55586624832279, 42.97871357745273, 16.854691789597982, 15.191448341866884, 17.55959056015687, 9.306665734928105, 37.97067111757005, 47.79316519485638, 7.186293278043694, 27.872723011562282, 38.31633984300226, 34.64025060649792, 11.731906645926552, 77.0574063950908, 79.5191896356462, 59.367842835415885, 47.497494083424904, 35.11391667639998, 40.89789257735571, 24.06613958000308, 64.07152775283414, 56.03206966683984, 18.57757667719217, 13.380226385734504, 56.13637950552762, 15.24060210431053, 19.778646961850203, 49.09318025691055, 49.06256838012635, 83.14917539918494, 77.19904831401723, 15.815958586528284, 58.452547534503545, 78.89990054454285, 35.19850390192487, 60.0839927994982, 62.48283242589198, 67.36761253713692, 84.36009536512543, 76.24365906957352, 15.247144151433695, 47.88797120874335, 83.01507559973317, 15.60034754927512, 37.17469977425129, 60.13504702229349, 35.99882331652312, 31.230317868770683, 41.01950564367307, 48.55068187803717, 54.83266366710783, 80.25326017103062, 69.49884153670249, 36.35224738695604, 60.75844827701792, 31.24103775402946, 37.05701662871562, 84.77386235031449, 80.1844672328444, 45.07880051642484, 59.965525773951505, 85.40869300780287, 37.506494540390385, 35.099537748462275, 68.4901998771478, 80.82265001980878, 36.53317414650477, 25.919264742227906, 91.96579051425047], [51.39180535976727, 34.29319341569435, 0.0, 44.49482282465825, 38.6086300935189, 49.664175944719844, 36.959842826116976, 48.220964637587095, 49.471715385758614, 43.13094285825561, 45.224361175856544, 35.180227402292, 33.70361897151471, 58.666435473552255, 49.52029796024626, 1.6785498910058982, 39.3325279200495, 53.39354911437421, 49.3145562339881, 50.23851256418255, 16.67182036950372, 49.939827493423955, 35.26761812729024, 36.75395259712374, 45.92192447119516, 25.121756063465696, 35.072018942141106, 42.17850528766884, 28.414014600595564, 24.3236863010611, 42.79060885889992, 25.36126135704915, 21.440512659660953, 59.6040030235525, 44.14431249024144, 41.9531783872402, 42.17243711337559, 47.36819596074903, 9.75767015135964, 30.58012042050473, 28.32158301502384, 34.453279180815876, 58.46902941435023, 43.67225302680631, 25.944934743740532, 29.891748639821884, 51.7822318714793, 49.57039127587185, 23.10060980002817, 30.985903045074764, 42.271353687169054, 31.756640500747515, 25.03284170001162, 35.793444970707604, 26.895587576485134, 47.57881381985499, 36.484180267299195, 2.5049007509923578, 51.64529875027715, 18.75639214461527, 52.18023192519191, 54.2195931898739, 46.063958777086015, 42.66163430843367, 26.379179574611335, 55.10710189654414, 11.300007905618191, 4.8338629060519605, 35.38588031199349, 55.19260821234805, 13.849650888178177, 10.231225502802658, 61.574500851698495], [92.23421194503723, 35.39460321703702, 44.49482282465825, 0.0, 78.05990902081753, 7.585675290569715, 18.714835935023473, 46.4533636668706, 49.78403926055284, 35.01535985811248, 71.84813311777492, 25.860933520107917, 42.16762550419659, 59.41531055601244, 73.09412392575761, 45.98344978723468, 25.571315428805267, 97.70081914871274, 93.02796130793222, 29.51843518067397, 45.60701182164126, 70.30834633760155, 70.3743257195756, 11.46953048003966, 40.83988457859476, 50.80330262822691, 16.855632978461283, 26.21461913035716, 46.364818148731274, 44.62016316881654, 55.17265425846593, 37.96975191820858, 65.82928920692828, 103.9464424594466, 71.72185559974487, 51.12264448551249, 83.83548333586225, 69.50932602539972, 52.21968483311623, 51.37762203210158, 67.79751710517077, 76.57024991399736, 102.96326768381716, 85.71057925555793, 24.30442010740984, 31.420229666026113, 72.41262124848319, 44.25248944411422, 61.8109341626914, 50.897217985513024, 3.447501949138114, 62.02787306045949, 65.16519637925526, 26.30640562240158, 45.852844290349346, 73.28695461423519, 78.3197048655623, 44.68253735467895, 90.07698620523098, 55.351683423304664, 72.32625185509319, 72.64130480451685, 78.81549262380803, 14.754098100642402, 68.02403354108904, 72.73716488409777, 54.49748516741622, 48.622784548923484, 77.15551865194207, 99.68388857914809, 55.74649814380376, 35.185485135051195, 78.63520799730587], [53.93149479180692, 72.55586624832279, 38.6086300935189, 78.05990902081753, 0.0, 81.07025749190284, 74.84746899609956, 85.55997072114097, 86.26410906089149, 81.59439259512965, 70.32963199214996, 58.288936514149206, 70.83195979699532, 94.40593247399815, 75.86905055238911, 38.01856151200856, 77.85470284283865, 39.351722158856894, 21.978959798699396, 70.42690950462445, 32.56992155475943, 78.42457132275992, 55.291201404155835, 73.09021361449298, 57.94586201165572, 29.811329396059687, 72.57989496839365, 80.70563818278258, 36.72702813472568, 60.2950449278333, 76.94199230232896, 42.87827147920682, 28.720324859012287, 43.30348599436341, 23.2489121525094, 77.4062208459373, 46.20596101756942, 31.525125623108504, 38.41213283324877, 33.026707117571334, 10.507825716707334, 8.573508058478277, 37.98414599400999, 10.66061921117452, 64.1227346048268, 50.81562403196897, 34.99012614780206, 87.37804212555953, 45.25020341913124, 33.900394028665005, 75.07821611936474, 58.64167686077879, 43.30990832699067, 58.46441012663117, 36.24119629377969, 26.836741376987842, 7.274578136668411, 36.94826897899526, 59.601396763422095, 46.88327566882016, 80.30481752586638, 38.69103050515027, 15.653147290949796, 70.5602088590776, 12.74931449514252, 40.020979608623826, 36.56140350349364, 37.49572850446297, 7.211592551693414, 36.475183560882705, 38.88051817373026, 48.414730693024296, 44.12054878020533], [98.65287260324236, 42.97871357745273, 49.664175944719844, 7.585675290569715, 81.07025749190284, 0.0, 26.28661745399709, 53.85921707812215, 57.213786088891325, 42.418166304591104, 79.24740811114373, 25.298743229730007, 49.73032084309047, 66.72497346209677, 80.59511140436895, 51.23226764978967, 33.050183334030336, 103.05723455693197, 97.22702112735688, 24.927517674901292, 48.51446966149016, 77.86152671467602, 77.27459254495753, 19.002758243844493, 38.19680397035924, 52.633874155526705, 24.427976597269563, 33.53900949841116, 47.38523042572837, 51.85727477367028, 62.75713728596594, 39.33633519259324, 71.10462421881022, 109.26713524771303, 72.60137593075721, 58.70739121670288, 90.0660949720958, 69.53640932421325, 57.96360609593805, 52.34793951912236, 71.06180623189964, 80.3113468954932, 107.9235823297261, 89.30244340300405, 31.47269487767866, 31.979646401775394, 72.05519387002991, 51.54128849290915, 68.24807795759142, 51.76365338391868, 7.846689789792198, 69.14908750376198, 71.48001804748927, 25.544155667650823, 47.10888146014257, 73.7759890720792, 81.94950103208501, 49.54901242610758, 96.81640565633927, 61.86512596551864, 79.88852271182564, 71.89611241522888, 80.40467964901727, 12.274508980746987, 71.79062800558572, 71.85300289542757, 60.151805084210814, 54.044671474038864, 80.78427595686438, 104.7229299542832, 61.65530448832979, 40.952922278418974, 77.4334170169703], [78.2325846036279, 16.854691789597982, 36.959842826116976, 18.714835935023473, 74.84746899609956, 26.28661745399709, 0.0, 28.15309448311785, 31.38743416291534, 16.8751965740946, 54.290537083950476, 36.04310140211802, 23.859549832441363, 41.32700642530876, 55.03132102118597, 38.00722316306895, 7.337137155529, 87.07300531012902, 85.98007540509553, 45.12048684318498, 44.88544602727872, 51.95646740667505, 54.94986687861817, 7.947291806081664, 52.65681534318227, 52.3564144633225, 3.1480189257225635, 9.02088395027603, 50.302773904331744, 28.342743293345553, 36.57395703066238, 42.13207309712176, 56.38761878586095, 93.32129051545415, 74.26695614509926, 32.452398883119464, 70.61805876823097, 74.16473036039434, 41.924759834821046, 54.96811969641631, 64.34952278966432, 71.36871024580434, 93.4509525293758, 80.6094195322807, 11.086994785551903, 38.419052142936444, 77.81936574141466, 26.390601650568005, 48.41914978232321, 54.77184711449581, 19.763892877455575, 45.838080318518855, 52.11902502907782, 36.736926533880705, 49.2909389469085, 76.697407524855, 73.36815076095746, 38.16532344131405, 74.9748479076943, 41.92050067929244, 53.91070836315982, 78.90739103511713, 79.30779721467604, 30.122159043405755, 63.13318709328975, 79.30663419134791, 44.372368397628065, 39.778142503071194, 72.2520730475809, 89.99414222508737, 44.62103943135751, 26.74517273203253, 85.69365338381763], [69.36515939603467, 15.191448341866884, 48.220964637587095, 46.4533636668706, 85.55997072114097, 53.85921707812215, 28.15309448311785, 0.0, 3.4324319475658447, 11.441831731643452, 36.94209264797569, 62.3445390644778, 14.729156637568746, 13.246250960459477, 35.008980863228274, 48.3089462683194, 20.936955074513108, 84.73402364072915, 90.06132321828119, 72.97324010145527, 62.361182656357514, 30.44901997860917, 45.26462993449295, 36.09148832179171, 78.8086276755849, 70.97637372276293, 30.806674477105233, 20.359161734131696, 71.29459054327782, 25.406237336271836, 15.512015117827861, 64.28321837903545, 59.964454100536884, 90.5185531569732, 91.860299401329, 11.60405879730739, 64.41400368931555, 93.87566474667723, 47.28357342192659, 75.17651287087881, 75.84566673867465, 79.64950150069862, 92.72813154248138, 88.1499390079865, 30.098720770833324, 62.89779209592053, 98.03912773971706, 3.8001529534607084, 45.595924424601215, 75.24909920175051, 47.85795143957074, 35.6855861782748, 49.26157808089659, 63.09061517645507, 69.97741919769196, 95.0253433650727, 81.80370028393963, 50.45931069337757, 63.57169477355467, 40.82506686696426, 31.71511678360719, 99.86837371319669, 94.28162354625172, 58.16181084085594, 72.82507524275003, 100.52363010052785, 49.351096263392, 48.2175177622155, 80.87109533473593, 89.19818352182159, 47.669599783727385, 40.696903958616716, 107.08504723360353], [67.80563258191079, 17.55959056015687, 49.471715385758614, 49.78403926055284, 86.26410906089149, 57.213786088891325, 31.38743416291534, 3.4324319475658447, 0.0, 14.80431608236634, 34.69101989799429, 65.14107750628223, 15.768823156979426, 10.34050998579567, 32.39216430485946, 49.4491828360374, 24.231482650955442, 83.85282572051118, 89.92534511762207, 76.0403993634016, 64.08135606392032, 27.686746837860557, 43.940945106512714, 39.30775239693969, 81.53160598742345, 72.74938410850947, 33.97119383963369, 23.74859288259376, 73.3524854594069, 25.96940616254193, 13.505765580720581, 66.53203599650517, 60.07933772895279, 89.5416995423175, 93.37433498600014, 10.219981288648587, 63.24173190703953, 95.65081365459406, 47.87085653252488, 77.11235234301148, 76.72331045305171, 80.10498954755214, 91.98988082160348, 88.44903765847896, 32.71874413230028, 65.44344806119425, 99.86417518874451, 6.835770155561098, 45.195348731493546, 77.21774323983074, 51.127879373660186, 34.56399557819265, 48.7677800818002, 65.89216806314526, 72.00719335361858, 96.6175507776648, 82.25989248584091, 51.77711571411056, 61.748540354078905, 40.79462488237929, 28.825677881598285, 101.78541705510341, 95.4551119495578, 61.30414217106687, 73.51496498602245, 102.47293264706283, 49.841593342991416, 49.145826983545774, 81.35724755687525, 88.47383755435533, 47.9651513579063, 42.43998614777503, 109.03802055130639], [73.18272133278425, 9.306665734928105, 43.13094285825561, 35.01535985811248, 81.59439259512965, 42.418166304591104, 16.8751965740946, 11.441831731643452, 14.80431608236634, 0.0, 43.77255393222621, 52.01800560648586, 14.412723631389772, 24.484690486033482, 43.0505641939891, 43.593038237246496, 9.567993928330992, 86.05485492997201, 88.82421297218403, 61.93714553706148, 55.37484329320572, 39.08237065864331, 48.8500788744642, 24.819182544914867, 68.61478742643313, 63.70473269856255, 19.684128906956314, 8.962936748318304, 63.115762165532615, 24.26091663354839, 23.1864803923243, 55.5751887096949, 58.36728587435266, 92.10105498880897, 85.22302188838663, 18.716204310903098, 67.01162670447525, 86.40669302488249, 44.48259328459619, 67.34513149899324, 71.42705056878354, 76.57261668262983, 93.48208275077998, 85.48978006905577, 20.85823346396517, 53.292598704059465, 90.39210123613532, 9.5440627631204, 46.15957005630781, 67.31406869135148, 36.475910723014444, 39.05160244164453, 49.99604128082538, 52.74651062485501, 61.89973203642555, 88.1198845512458, 78.69734235016423, 45.07225408164868, 68.37133131682089, 40.38331636003809, 40.71175292792186, 91.93049522332207, 88.71147916159195, 46.9902243123654, 69.0687632127733, 92.48461772937435, 46.80161124862293, 44.22626598644859, 77.67735120652965, 89.94100840176532, 45.83657372346108, 34.177461950577744, 99.00594230141748], [34.92417208724358, 37.97067111757005, 45.224361175856544, 71.84813311777492, 70.32963199214996, 79.24740811114373, 54.290537083950476, 36.94209264797569, 34.69101989799429, 43.77255393222621, 0.0, 76.0752191307298, 30.789638787147503, 35.85872088764394, 5.672370288526991, 44.06567778402485, 49.678952537077485, 54.47540186625462, 65.97922567400855, 90.29654624741575, 61.72777548196052, 9.783092300704928, 15.452465597500987, 60.424309674836366, 89.77376775994017, 69.74514308585094, 55.28041640958183, 51.020906760300896, 73.62966277213597, 27.757651880406094, 21.44518625621376, 70.01869316975375, 41.66878786292425, 59.32250804559536, 85.36410625291519, 25.659063759416433, 33.00428376691443, 90.45007562286916, 37.33602973589166, 75.49211449827847, 63.49447959209805, 62.29923225765104, 63.27844203871138, 68.45483590747962, 47.941205449462124, 72.86476729452835, 94.953414439036, 40.70175280484772, 25.623936832273476, 75.97679819264671, 71.6457921388269, 13.494602652798882, 27.03833040709239, 76.81297059663741, 72.11089374146839, 89.24263729071507, 64.25734050525966, 47.59837584196726, 27.84211916498347, 26.91371087455088, 10.8782386967872, 97.84568688423238, 83.59146368409827, 78.23076828770664, 58.758245882484964, 98.87925356552108, 37.698344698572136, 41.67601231724462, 63.72811676991579, 59.99954785679236, 34.44652030406716, 45.45336830253799, 105.09764567584783], [86.52876803651101, 47.79316519485638, 35.180227402292, 25.860933520107917, 58.288936514149206, 25.298743229730007, 36.04310140211802, 62.3445390644778, 65.14107750628223, 52.01800560648586, 76.0752191307298, 0.0, 52.39492565080231, 75.47400839529416, 79.09406594377408, 36.845113153756984, 43.052570396697305, 85.98751531641312, 76.71301879480757, 15.058734182318746, 26.92341429130051, 77.86531123386109, 69.2604356828293, 29.01605732039358, 16.629838558498236, 28.689439225246893, 32.9167661954163, 45.056701788395515, 22.609100570499795, 49.12379510963825, 65.4810888561787, 15.41067170817697, 54.97535355906063, 91.92313012142547, 47.47092615968714, 62.506902451857506, 77.24334484002017, 44.24335109730131, 44.89819795750375, 27.4313608457165, 49.03714109734442, 59.07500819693482, 89.381402732657, 67.51437711772293, 32.55956920358348, 7.47369563748672, 46.85089520766496, 61.440098048628755, 57.802918776127804, 26.776316546444377, 22.423447819319843, 63.52438784151229, 60.10124744010151, 0.7659557557680277, 22.5958755778832, 48.509381915105735, 60.41180710390771, 33.88833087759763, 86.72807048494823, 52.435484489454154, 80.11805549833892, 46.88220285510148, 55.71476616931097, 13.211810832738617, 50.89893378014631, 46.932522675674015, 46.453122362412266, 40.009832863030255, 59.27464173649376, 86.50478307480898, 48.990875801881266, 30.84630764731522, 52.77852747608098], [58.78229128117627, 7.186293278043694, 33.70361897151471, 42.16762550419659, 70.83195979699532, 49.73032084309047, 23.859549832441363, 14.729156637568746, 15.768823156979426, 14.412723631389772, 30.789638787147503, 52.39492565080231, 0.0, 25.29238342863111, 31.187524571654176, 33.7006345961051, 18.892661467226294, 71.97240284393725, 75.90847993238737, 64.80597244684976, 48.502026288404146, 28.14947007906408, 34.46759659954353, 30.73347138085495, 68.25820758567305, 57.20533249075157, 25.314426856804218, 20.366241598507557, 58.19677398654524, 10.850300534762212, 13.38491693907086, 51.80582101529834, 45.59817374661926, 77.95581506147414, 77.63960172554313, 10.114800220024994, 52.6374461213397, 80.08138271119803, 32.59560034392671, 61.7543032295508, 61.12997203431035, 64.98802756128569, 79.60041835741565, 73.5709862998183, 20.212021271039276, 51.61432143070033, 84.33961882137258, 16.78984866815552, 32.17901762680721, 61.90651215109819, 42.53511162614804, 24.68615084857559, 35.9799698264557, 53.16029543115672, 56.80781609500941, 80.91631869788527, 67.14063808758078, 36.00977409918311, 54.118170605471484, 26.798749300672394, 30.158824092411912, 86.36312392863559, 79.70763995862876, 50.974684012446005, 58.099260917311916, 87.09116940705877, 34.705522663191054, 33.50651725564215, 66.19559798789014, 76.05698628235561, 33.1725608163104, 26.968183585986623, 93.65381375856948], [70.54316227007358, 27.872723011562282, 58.666435473552255, 59.41531055601244, 94.40593247399815, 66.72497346209677, 41.32700642530876, 13.246250960459477, 10.34050998579567, 24.484690486033482, 35.85872088764394, 75.47400839529416, 25.29238342863111, 0.0, 32.097890535127306, 58.49218453583872, 34.049785936126106, 88.43377972592357, 96.33122254739853, 86.2186795998268, 73.78982225409365, 27.00039815718854, 47.88008131311686, 49.27373017059529, 91.87208397493266, 82.49661301265415, 44.0307213229174, 33.20374333253485, 83.37670540416461, 34.54650192916346, 17.96362135864745, 76.70715084651933, 67.25247645261376, 93.8149086427702, 102.7710661043751, 17.01437258420601, 67.22556588743007, 105.36625922794788, 56.06618384955146, 87.02048660530573, 85.20644169493379, 87.80993544748934, 96.89780377378528, 95.80295805835787, 43.05708819134119, 75.76002959531249, 109.6310065625016, 15.18605737673282, 51.4777412403594, 87.15711849773253, 60.95735271362765, 39.39615631207692, 54.76444660447295, 76.2242194052487, 82.00868523435386, 106.11080117705056, 89.95540807549939, 61.046407427067514, 63.69523551867772, 47.958073410000544, 27.340749688958326, 111.64877936015043, 104.35759177547803, 71.38719017911075, 81.6885876908583, 112.36857862921951, 57.845115335045904, 57.88027339470682, 89.1148657547515, 93.44182971617411, 55.63651954087813, 52.24880220171248, 118.93253839871979], [39.67672125019321, 38.31633984300226, 49.52029796024626, 73.09412392575761, 75.86905055238911, 80.59511140436895, 55.03132102118597, 35.008980863228274, 32.39216430485946, 43.0505641939891, 5.672370288526991, 79.09406594377408, 31.187524571654176, 32.097890535127306, 0.0, 48.45975336518335, 49.828946180175464, 59.808439253478035, 71.62943102108626, 93.00399834315007, 66.14376192969097, 5.10332799188064, 21.123987583947013, 61.62479907453296, 93.29021067087, 74.32623521275893, 56.31885661194712, 50.87939983581748, 77.91463329388672, 30.111728586474516, 19.9519358052153, 73.8999127073612, 47.17359482900343, 64.51118566331994, 90.49413161916695, 24.401555781043513, 38.385941172493055, 95.38483067286779, 42.106008583463385, 79.99256582507175, 68.85941820974439, 67.88747856771296, 68.64936122999487, 74.11284596287425, 49.69060461811966, 76.3031310766797, 99.88645633830981, 38.80909102886389, 30.944701748771504, 80.44351734135185, 73.1536309853693, 18.207124098348785, 32.559249484385894, 79.84309264974179, 76.39782635317748, 94.3437385418335, 69.8581500889801, 51.94796617361796, 32.19735336004019, 31.65962850147976, 5.47129734531617, 102.71061101544835, 88.96988495990912, 80.40843893596026, 64.18556158561393, 103.71923831206944, 42.64498233535396, 46.23744835380051, 69.31432240979112, 65.40864193401694, 39.44310326299918, 48.85088790681769, 109.99395246668364], [49.71706931967678, 34.64025060649792, 1.6785498910058982, 45.98344978723468, 38.01856151200856, 51.23226764978967, 38.00722316306895, 48.3089462683194, 49.4491828360374, 43.593038237246496, 44.06567778402485, 36.845113153756984, 33.7006345961051, 58.49218453583872, 48.45975336518335, 0.0, 40.12629022033523, 51.828798451247735, 48.097200590957016, 51.90261812065691, 17.685754121552538, 49.01899601993388, 33.80280036036555, 38.05458611254078, 47.44049578820016, 25.971632509013386, 36.20837369345501, 42.964138314599595, 29.576350107560334, 24.0175350501269, 42.347375789422316, 26.82215198035636, 19.883419250792535, 58.04825262004874, 44.46625861791791, 41.68126369075642, 40.494386708807916, 47.960657674153495, 8.133558555943548, 31.54522761842506, 27.847584195226148, 33.55468734283292, 56.99815225711601, 42.73478389789547, 26.948864446664416, 31.502162867189302, 52.400550809944605, 49.77887456058304, 21.559412357435313, 31.985083260322867, 43.80390625557208, 30.57748853316546, 23.412112108257613, 37.45548360440855, 28.057935882604117, 47.972151413741614, 35.61327414525974, 3.5621572211233605, 50.011318239967395, 17.425725391667093, 51.24692639872379, 54.91762760277485, 46.007592295875746, 44.32172237964003, 25.62804788139855, 55.83224657975012, 9.624026101450937, 3.164785217021785, 34.53173258282195, 53.70300686663693, 12.216758923757261, 11.39047963337252, 62.268154420302864], [76.09542667509815, 11.731906645926552, 39.3325279200495, 25.571315428805267, 77.85470284283865, 33.050183334030336, 7.337137155529, 20.936955074513108, 24.231482650955442, 9.567993928330992, 49.678952537077485, 43.052570396697305, 18.892661467226294, 34.049785936126106, 49.828946180175464, 40.12629022033523, 0.0, 86.72522655897299, 87.31558864322514, 52.45484592437581, 49.39421358327244, 46.370143333790566, 52.179788135430094, 15.264212226846723, 59.68238930634141, 57.316571601035285, 10.272296340960558, 2.8513207540439454, 55.92348741533399, 25.7791953435701, 30.631800736049588, 48.001869883172695, 57.13660873130473, 92.91289372409757, 79.14536058242966, 26.316465328100684, 69.05364531217303, 79.61268568889558, 42.72714400068975, 60.41135682411113, 67.44603795054776, 73.67112737405833, 93.58788203066598, 82.81697343679818, 14.129759182076612, 44.93624237790659, 83.42178406137792, 19.05898168138737, 47.201449111962845, 60.2892876300498, 26.92417784527803, 42.65550207630933, 51.01422062939966, 43.7628646235905, 54.81296115238991, 81.78993564305492, 75.73761164266736, 40.90659166842075, 72.1540241732007, 40.899043032594435, 48.206019022907554, 84.70927595947866, 83.51400259402641, 37.45633868470768, 65.708928307986, 85.17684669649888, 45.16055901165619, 41.403566387022664, 74.65798646318812, 90.07986717132509, 44.86884432351324, 29.465502208709026, 91.6330588645737], [22.48816808919903, 77.0574063950908, 53.39354911437421, 97.70081914871274, 39.351722158856894, 103.05723455693197, 87.07300531012902, 84.73402364072915, 83.85282572051118, 86.05485492997201, 54.47540186625462, 85.98751531641312, 71.97240284393725, 88.43377972592357, 59.808439253478035, 51.828798451247735, 86.72522655897299, 0.0, 19.954983459176336, 100.43819871778467, 59.662961717712264, 64.25052416686941, 40.57275496502112, 88.93630757586126, 91.28040117713084, 62.0505822882144, 86.04026060247759, 89.25417571985051, 69.14776586970167, 61.833315150152856, 70.99197546365319, 72.01977902114332, 31.95322476368261, 6.267476533202785, 62.51552342853127, 73.63672520475342, 21.4836318562754, 70.64995760421378, 45.65616367707696, 67.20648506057155, 41.86391438882971, 32.32206028481984, 8.909283844361166, 30.045289729515538, 76.32200513290017, 79.1792842761987, 74.29055791638794, 87.84381732396801, 39.89868488508367, 68.07414849178154, 95.61721825133264, 49.35208567467189, 36.05932703426841, 86.43617053883654, 68.07562324021796, 66.17784761374783, 32.5433673286976, 53.64533646265065, 30.675909087493892, 45.90829353812645, 65.25140730408206, 77.98336390784522, 54.61772380752756, 95.51637417086204, 37.64343167813971, 79.30925287297218, 43.29684807248166, 49.087181147226836, 33.14975156547796, 6.097946805478791, 42.52952199838105, 62.55819064463791, 83.45380965253104], [39.907766260137514, 79.5191896356462, 49.3145562339881, 93.02796130793222, 21.978959798699396, 97.22702112735688, 85.98007540509553, 90.06132321828119, 89.92534511762207, 88.82421297218403, 65.97922567400855, 76.71301879480757, 75.90847993238737, 96.33122254739853, 71.62943102108626, 48.097200590957016, 87.31558864322514, 19.954983459176336, 0.0, 90.04894406319632, 49.827056821060346, 75.33752778787604, 50.65386472436512, 86.0432298168633, 78.7464929905187, 49.61200375819475, 84.29019263590567, 90.07551814694057, 56.82061596882181, 65.08985743093307, 78.37083140856667, 61.60855918387204, 30.457009519656314, 22.351242487617807, 44.93591117206524, 80.04941613427567, 35.05365977564673, 53.307410737101975, 44.623833283736005, 53.80030258310652, 28.17656756682422, 17.784546928168574, 16.30184516953288, 11.42868252088788, 74.8930806309987, 69.38649087646183, 56.51012980207019, 92.62543153162034, 44.88657966674679, 54.68978287750941, 90.42722020795811, 57.29825588445763, 41.57767961667747, 77.01748733354611, 56.05418996564698, 48.27689741341909, 16.8410190867297, 48.61955708739748, 47.328558858408044, 49.238498662500035, 76.78737023914245, 60.20655459621943, 36.007194971728424, 87.94025486885384, 25.824193045065712, 61.53792425911186, 42.21453669621858, 46.20374600630676, 17.869270509329372, 15.49261121099487, 42.98927454574094, 59.48624481832512, 65.05814413646799], [101.57306843919608, 59.367842835415885, 50.23851256418255, 29.51843518067397, 70.42690950462445, 24.927517674901292, 45.12048684318498, 72.97324010145527, 76.0403993634016, 61.93714553706148, 90.29654624741575, 15.058734182318746, 64.80597244684976, 86.2186795998268, 93.00399834315007, 51.90261812065691, 52.45484592437581, 100.43819871778467, 90.04894406319632, 0.0, 40.856509680128845, 91.4195910021317, 84.1303259397389, 37.25782102342962, 15.646772127767571, 40.695705403712154, 42.25370672843259, 53.899388583101, 33.702281000515526, 62.89410508542116, 78.14544133683752, 28.5937378588938, 69.80553466314252, 106.27525110701333, 55.93521259465868, 74.7911188377607, 92.27341979302446, 50.79120300476242, 59.955994362429855, 37.74152361792631, 61.96241961977572, 72.27337335926319, 103.40347876824944, 80.24084949046465, 44.59438062442638, 21.27155028156841, 52.25562963484553, 71.47843670211593, 72.80835264396129, 36.919995666009314, 26.757094706019764, 78.0559230831356, 75.14927228153469, 14.45150123384362, 34.222817863665, 55.99574996485768, 73.41170693686398, 48.92049987297787, 101.77190733099076, 67.34054864955411, 93.63882135975108, 51.22549182903159, 65.33232975200039, 15.167775299214258, 64.43136335920147, 50.884155685758714, 61.507211972448154, 55.06739541360543, 72.31139713245344, 100.64784431004745, 64.04817389909654, 45.528626858066964, 55.64994045206164], [63.16929408862953, 47.497494083424904, 16.67182036950372, 45.60701182164126, 32.56992155475943, 48.51446966149016, 44.88544602727872, 62.361182656357514, 64.08135606392032, 55.37484329320572, 61.72777548196052, 26.92341429130051, 48.502026288404146, 73.78982225409365, 66.14376192969097, 17.685754121552538, 49.39421358327244, 59.662961717712264, 49.827056821060346, 40.856509680128845, 0.0, 66.61037885763577, 50.731808056054554, 41.69455631764879, 32.45524346176772, 8.727303167556274, 42.20114062779313, 52.168637799982534, 12.102435051730648, 40.239786730655126, 58.839329705830416, 12.35946087035327, 30.139759565286415, 65.44205602466181, 29.85991866936289, 57.546035988701725, 53.742472356271286, 31.580577097847996, 24.815412893011484, 13.914750005458611, 22.602486982552737, 32.29538725367082, 62.58567346388016, 41.007090578916156, 35.28079865371517, 19.72359000785836, 35.84780291584188, 63.09754259316929, 38.21604863888402, 14.314956830594902, 42.559379874489984, 48.23374607739569, 39.230142497937535, 27.263068173084246, 10.607359035817362, 32.7741269417979, 33.75304183239697, 14.207897774723165, 64.98593752298302, 34.93692167153184, 68.8518231264362, 37.997573098061935, 34.45652248514895, 38.332426196977394, 24.002864570320746, 38.802848776312516, 25.232509020817144, 20.11287352875319, 32.598481093701196, 59.79630393596047, 28.46082155240588, 21.665501784487102, 45.33566419484474], [44.53648423014671, 35.11391667639998, 49.939827493423955, 70.30834633760155, 78.42457132275992, 77.86152671467602, 51.95646740667505, 30.44901997860917, 27.686746837860557, 39.08237065864331, 9.783092300704928, 77.86531123386109, 28.14947007906408, 27.00039815718854, 5.10332799188064, 49.01899601993388, 46.370143333790566, 64.25052416686941, 75.33752778787604, 91.4195910021317, 66.61037885763577, 0.0, 24.686666211476908, 58.858906194362305, 92.54467550544133, 74.99016177372269, 53.46023890545267, 47.21814674305419, 78.15289795192733, 28.759303740553598, 15.906226797932066, 73.64475142193156, 49.71780359529945, 69.10274753534661, 92.02101242676542, 20.36993562621189, 42.7732769744244, 96.54577878486548, 43.263098915857896, 80.51975484816627, 70.94416167826898, 70.64373020201725, 73.04240315029195, 77.25305678358161, 47.4644914784174, 75.52947264035068, 101.03533585633227, 34.24199338224388, 33.19404846503331, 80.92142950589366, 70.57616291309708, 19.89491390876819, 35.26498244291938, 78.62291648735638, 76.64448135173464, 95.80707642411232, 72.66385781274747, 52.41692755885661, 37.184915838083036, 32.93768219009827, 2.279425433471567, 103.73885258111363, 91.03846266590378, 78.372576715015, 66.44117002303993, 104.70434057580962, 44.07243758758111, 47.0478558417174, 72.05881178412135, 69.74932831132499, 40.98786602634571, 48.215171515372994, 111.06219016792294], [24.354852997725015, 40.89789257735571, 35.26761812729024, 70.3743257195756, 55.291201404155835, 77.27459254495753, 54.94986687861817, 45.26462993449295, 43.940945106512714, 48.8500788744642, 15.452465597500987, 69.2604356828293, 34.46759659954353, 47.88008131311686, 21.123987583947013, 33.80280036036555, 52.179788135430094, 40.57275496502112, 50.65386472436512, 84.1303259397389, 50.731808056054554, 24.686666211476908, 0.0, 59.50815910628383, 81.16405890066939, 58.023104979086305, 55.067826070215936, 54.19446368716871, 62.83412198449054, 26.63634103328361, 30.697094488148, 60.62104782460634, 26.907428247502178, 45.94761054395939, 71.64417577785478, 33.78020179772826, 19.398944111318684, 77.33904151878927, 25.979198077105654, 63.95368194322516, 49.09777838179701, 47.10805120730157, 49.13191323446893, 53.0312789800585, 46.158632396555525, 64.82071524575059, 81.82127495108556, 48.67806234717576, 12.535141122069211, 64.54329873739512, 69.4355448494094, 9.808139642564662, 12.532825820455372, 69.94593520794399, 61.33558801398958, 75.59727605404944, 49.01976832901997, 37.320277704637796, 20.034385964178867, 16.84234180188978, 26.154732719594737, 84.91514451749724, 69.05811632726527, 73.89058867318839, 44.163871736246406, 86.02223235140411, 25.551556020131343, 30.900016020648984, 48.54156205283164, 45.72309298498218, 22.283079028797495, 38.68105579331435, 92.03059434498829], [81.95921092345897, 24.06613958000308, 36.75395259712374, 11.46953048003966, 73.09021361449298, 19.002758243844493, 7.947291806081664, 36.09148832179171, 39.30775239693969, 24.819182544914867, 60.424309674836366, 29.01605732039358, 30.73347138085495, 49.27373017059529, 61.62479907453296, 38.05458611254078, 15.264212226846723, 88.93630757586126, 86.0432298168633, 37.25782102342962, 41.69455631764879, 58.858906194362305, 59.50815910628383, 0.0, 45.4966654371428, 48.39529281886563, 5.50030375743899, 16.653179438160123, 45.42986973053617, 33.391575258322334, 43.83024294742471, 37.017131606253706, 57.45575258319801, 95.20364957123037, 70.17037243127224, 39.861687581810855, 73.856625132537, 69.30347428408469, 43.29128776752003, 50.289742894617426, 62.60800281671783, 70.47835594040386, 94.75905679746862, 79.73399235202146, 13.391973718649362, 32.29608790588777, 72.7233847758278, 34.32292961052762, 51.65095489437814, 49.9894682689617, 11.973755779475603, 50.89831162218736, 55.16689773719364, 29.669079645037765, 44.578443828440506, 72.29908640853435, 72.37761066686451, 37.468182736780754, 79.37473295413174, 45.126063889839514, 60.88917077666877, 73.52877414472792, 76.03855259718388, 22.202276763078764, 62.03050943458708, 73.83029432186352, 45.67821331992344, 40.31982699992548, 71.23149737771836, 91.38068195625235, 46.4877826094626, 26.720612519015678, 80.09226900568862], [95.55386625629876, 64.07152775283414, 45.92192447119516, 40.83988457859476, 57.94586201165572, 38.19680397035924, 52.65681534318227, 78.8086276755849, 81.53160598742345, 68.61478742643313, 89.77376775994017, 16.629838558498236, 68.25820758567305, 91.87208397493266, 93.29021067087, 47.44049578820016, 59.68238930634141, 91.28040117713084, 78.7464929905187, 15.646772127767571, 32.45524346176772, 92.54467550544133, 81.16405890066939, 45.4966654371428, 0.0, 29.374926306064435, 49.53661386029848, 61.674652545900194, 22.177659281496418, 63.87115656419567, 81.07127685761672, 20.755366462472615, 62.59466223836536, 96.77962216744153, 41.16361675064083, 78.35836143576526, 86.12612004482006, 35.4381764546358, 55.493647437619195, 24.989365935856164, 50.65491137810604, 61.07687660904838, 93.16073487196178, 68.24993420188737, 48.8315014693954, 17.015257628354973, 36.67846911067578, 78.00538011223395, 68.9991628220593, 24.103671432183898, 37.55330143197966, 76.68907058430374, 70.65176408722745, 15.923669115256555, 23.20536827380145, 40.8447793409867, 61.90699015811127, 44.00394084394447, 96.97607001219717, 64.46316183981955, 94.81964799856696, 35.579901970506874, 50.976162259139116, 26.32913263641181, 53.97292898763972, 35.23991755433582, 56.51289898438162, 50.471639974244844, 60.88173943576599, 90.70058266937441, 59.494191753818015, 44.43984284967973, 40.1114588949316], [68.28371443059973, 56.03206966683984, 25.121756063465696, 50.80330262822691, 29.811329396059687, 52.633874155526705, 52.3564144633225, 70.97637372276293, 72.74938410850947, 63.70473269856255, 69.74514308585094, 28.689439225246893, 57.20533249075157, 82.49661301265415, 74.32623521275893, 25.971632509013386, 57.316571601035285, 62.0505822882144, 49.61200375819475, 40.695705403712154, 8.727303167556274, 74.99016177372269, 58.023104979086305, 48.39529281886563, 29.374926306064435, 0.0, 49.52353201090353, 60.03981038304073, 7.228901857353038, 48.94482947834628, 67.5430655608204, 13.40576084316107, 35.14585892994863, 67.45725011213752, 21.910606009048117, 66.2732369787605, 58.93983481032355, 22.904069701730435, 32.48189816288789, 5.977598013693087, 21.435602825779114, 31.84973636587484, 63.789184971473034, 39.55393264270979, 43.298907297073214, 21.245920113003166, 27.134393556097493, 71.62140030276541, 45.5008576720242, 6.665945034901808, 47.54626399943319, 56.26703179755466, 46.056630874947174, 28.804779720813006, 6.478783880671668, 24.481704258453888, 32.83681756446009, 22.621919720950455, 70.90749220119557, 42.83957866827596, 77.2160601540446, 29.27630194115182, 28.016350294532344, 41.40184745522207, 24.601501101061, 30.095984751992134, 32.51440168722406, 28.093419292794135, 31.765340877303206, 61.330674718152515, 35.81344714056838, 30.310537927181215, 36.619169591564656], [77.98065514685763, 18.57757667719217, 35.072018942141106, 16.855632978461283, 72.57989496839365, 24.427976597269563, 3.1480189257225635, 30.806674477105233, 33.97119383963369, 19.684128906956314, 55.28041640958183, 32.9167661954163, 25.314426856804218, 44.0307213229174, 56.31885661194712, 36.20837369345501, 10.272296340960558, 86.04026060247759, 84.29019263590567, 42.25370672843259, 42.20114062779313, 53.46023890545267, 55.067826070215936, 5.50030375743899, 49.53661386029848, 49.52353201090353, 0.0, 12.140115256156324, 47.30730421021764, 28.643347910208565, 38.350431279736334, 39.09230047458357, 55.00872771017732, 92.3013723526364, 71.4297355402027, 34.364543207861004, 70.13848022409773, 71.18922353195104, 40.6140807970085, 52.00837053593475, 62.07275710921303, 69.35366505982253, 92.21109420874934, 78.60984815727815, 9.718686329819855, 35.281592339660264, 74.8091053372873, 29.22703463195019, 47.8965300122