instance_id,num_cities,city_coordinates,distance_matrix,best_route,total_distance
1647,24,"[[37.662427707871316, 11.161888544166665], [10.379100690442367, 37.48578247595532], [70.4835701570445, 63.89511030384819], [9.0093811795671, 71.98156799511855], [4.986224578279474, 81.28742485476101], [24.233741987468726, 1.6709964342315198], [87.30302307354356, 89.64281765360619], [18.77557298964093, 45.39796673123067], [29.822089033128606, 16.811172975942114], [94.68154935750064, 67.0926013096644], [11.651426436537838, 91.12811872830679], [35.901635128785514, 97.21738449256861], [42.5309617772348, 24.21327695631039], [41.361429052689935, 78.23004282515947], [66.86602605539606, 3.698206867537912], [38.08673927301945, 49.43631548817735], [82.96727509938489, 89.08302985585328], [55.70557752676268, 63.75904178454186], [25.77131648085057, 72.78411446491272], [99.03282782333714, 88.99200842015475], [64.28458645530252, 2.7908769997065153], [60.55376351298861, 31.335734368839606], [45.606492884228174, 69.40297321121832], [65.88177450922285, 88.39911144475438]]","[[0.0, 37.91209997971661, 62.11296216430727, 67.23117196561209, 77.36488282040395, 16.444045524741583, 92.86250557754336, 39.10015768226902, 9.663608287061658, 79.87130188091238, 84.09025007098145, 86.07350796518048, 13.929873060053078, 67.17008210213848, 30.1422743105691, 38.276778837785315, 90.13452979010968, 55.60589702880864, 62.75904121033754, 99.11535486615101, 27.907224345156806, 30.51224852907958, 58.78037184912056, 82.2308952601759], [37.91209997971661, 0.0, 65.65058907719583, 34.52296844308995, 44.13238026485683, 38.40117165769453, 92.93893776735393, 11.537044975236768, 28.380790575173716, 89.35024662928507, 53.657423078400974, 64.95586227298882, 34.78363946043316, 51.185929923660275, 65.82076422133346, 30.174964376100306, 89.05795304859328, 52.39058748563248, 38.50834387689433, 102.52987196699645, 64.10567729578543, 50.55017191935198, 47.53605184705562, 75.3174207452638], [62.11296216430727, 65.65058907719583, 0.0, 62.003763663436665, 67.7672109747927, 77.52991005137505, 30.754486342306397, 54.91685798923897, 62.211359103372395, 24.408321247434937, 64.82945227747172, 48.02378772449117, 48.53860538846136, 32.45904177409563, 60.30550396645264, 35.47691360377604, 28.111815673230616, 14.778619043151828, 45.58727918816542, 38.01202978474895, 61.41786976622879, 34.039888678806705, 25.479511915342062, 24.93236039964612], [67.23117196561209, 34.52296844308995, 62.003763663436665, 0.0, 10.138281951624686, 71.93995854341165, 80.26091265691946, 28.320776095095535, 58.96559416108405, 85.81155164405087, 19.327979928550022, 36.87871685352171, 58.356713363024575, 32.949938380617446, 89.49865229805071, 36.79376529110058, 75.90935430386156, 47.41460419089737, 16.781136906675663, 91.61646156165068, 88.5590200865913, 65.64226642422612, 36.687841803286794, 59.19463536473345], [77.36488282040395, 44.13238026485683, 67.7672109747927, 10.138281951624686, 0.0, 81.9099664317984, 82.73976011164707, 38.44735795877989, 69.0941909248566, 90.81158683079157, 11.885460517967829, 34.77824353771362, 68.31592530056835, 36.503466759064146, 99.24311854590316, 45.93623015593215, 78.36973712925321, 53.662808131602254, 22.457211157764636, 94.3616669514132, 98.37684558095589, 74.71895854240546, 42.32311883728519, 61.30941271571853], [16.444045524741583, 38.40117165769453, 77.52991005137505, 71.93995854341165, 81.9099664317984, 0.0, 108.24405547358218, 44.06630844719687, 16.13860490925096, 96.13989779338432, 90.33765213774561, 96.25617902946037, 29.033474872483037, 78.45154713893413, 42.680454859213455, 49.73360270600468, 105.31140251041799, 69.60892046020078, 71.12973844580263, 114.97766033507274, 40.06649816327278, 46.894995898743865, 71.0240463435674, 96.2097944401274], [92.86250557754336, 92.93893776735393, 30.754486342306397, 80.26091265691946, 82.73976011164707, 108.24405547358218, 0.0, 81.56971403741096, 92.78203621721205, 23.726670800633297, 75.66617601683544, 51.956488963799565, 79.28153800589085, 47.3379497914914, 88.34108313966121, 63.55159641985688, 4.371735682075714, 40.84566584500416, 63.79942624674395, 11.747845424869439, 89.8504759013356, 64.15012742165557, 46.34923875189913, 21.457322647253743], [39.10015768226902, 11.537044975236768, 54.91685798923897, 28.320776095095535, 38.44735795877989, 44.06630844719687, 81.56971403741096, 0.0, 30.646864340523244, 78.9453888320898, 46.28174873301327, 54.57613087713261, 31.829382295441302, 39.85054723260772, 63.65187859568041, 19.72889768606011, 77.64637377204662, 41.24262736811465, 28.26555350043336, 91.33272920599988, 62.34127366366457, 44.08132918162764, 36.00192492762029, 63.781601330453206], [9.663608287061658, 28.380790575173716, 62.211359103372395, 58.96559416108405, 69.0941909248566, 16.13860490925096, 92.78203621721205, 30.646864340523244, 0.0, 82.06687290769669, 76.50608737322186, 80.63572242614124, 14.707365153625215, 62.49347119213455, 39.29635034287376, 33.65567363062856, 89.70859545710971, 53.61023561102469, 56.119327661671214, 100.00099684158643, 37.20527419378322, 33.991156202637875, 54.909424117557506, 80.15693264371643], [79.87130188091238, 89.35024662928507, 24.408321247434937, 85.81155164405087, 90.81158683079157, 96.13989779338432, 23.726670800633297, 78.9453888320898, 82.06687290769669, 0.0, 86.43903869116116, 66.04983632494555, 67.51533338410702, 54.47088977454435, 69.22826433801328, 59.285048347020336, 24.91592199858139, 39.11826937963915, 69.14487339716885, 22.327508953715537, 71.12444799723536, 49.42933643164477, 49.12941060279852, 35.82449448977872], [84.09025007098145, 53.657423078400974, 64.82945227747172, 19.327979928550022, 11.885460517967829, 90.33765213774561, 75.66617601683544, 46.28174873301327, 76.50608737322186, 86.43903869116116, 0.0, 25.00303539903457, 73.6962804504316, 32.388958264431935, 103.40522955369634, 49.36630654785019, 71.34516563158529, 51.86361538722579, 23.148947865484114, 87.40750697491335, 102.82858459483943, 77.2435615370567, 40.31040169988058, 54.298969905867025], [86.07350796518048, 64.95586227298882, 48.02378772449117, 36.87871685352171, 34.77824353771362, 96.25617902946037, 51.956488963799565, 54.57613087713261, 80.63572242614124, 66.04983632494555, 25.00303539903457, 0.0, 73.3044861449652, 19.756732859621174, 98.51208092979259, 47.83100704902154, 47.76339802817565, 38.88003126632185, 26.45010472858371, 63.664780707776316, 98.59998602080518, 70.34286926829665, 29.45888217467665, 31.250131148784902], [13.929873060053078, 34.78363946043316, 48.53860538846136, 58.356713363024575, 68.31592530056835, 29.033474872483037, 79.28153800589085, 31.829382295441302, 14.707365153625215, 67.51533338410702, 73.6962804504316, 73.3044861449652, 0.0, 54.029425332163584, 31.82865775004481, 25.611575243374226, 76.44069777503896, 41.68258648401629, 51.38104676578382, 85.95780893413088, 30.530958166014678, 19.37913264311855, 45.2942329574188, 68.30140411603777], [67.17008210213848, 51.185929923660275, 32.45904177409563, 32.949938380617446, 36.503466759064146, 78.45154713893413, 47.3379497914914, 39.85054723260772, 62.49347119213455, 54.47088977454435, 32.388958264431935, 19.756732859621174, 54.029425332163584, 0.0, 78.77486299248167, 28.97934311038727, 42.998066848983925, 20.375585060650394, 16.513925811495092, 58.666942477266275, 78.84503082468255, 50.669733250062016, 9.794780492854205, 26.545381856318137], [30.1422743105691, 65.82076422133346, 60.30550396645264, 89.49865229805071, 99.24311854590316, 42.680454859213455, 88.34108313966121, 63.65187859568041, 39.29635034287376, 69.22826433801328, 103.40522955369634, 98.51208092979259, 31.82865775004481, 78.77486299248167, 0.0, 54.03907778539239, 86.88968993800415, 61.088947464233456, 80.38431304408374, 91.1577518331557, 2.7362525281834036, 28.349207833544266, 69.0585553782703, 84.70662304274015], [38.276778837785315, 30.174964376100306, 35.47691360377604, 36.79376529110058, 45.93623015593215, 49.73360270600468, 63.55159641985688, 19.72889768606011, 33.65567363062856, 59.285048347020336, 49.36630654785019, 47.83100704902154, 25.611575243374226, 28.97934311038727, 54.03907778539239, 0.0, 59.884258834970595, 22.706033338567465, 26.396767900785083, 72.65726772258954, 53.498823620412196, 28.851312189519007, 21.335747350452912, 47.8608760109512], [90.13452979010968, 89.05795304859328, 28.111815673230616, 75.90935430386156, 78.36973712925321, 105.31140251041799, 4.371735682075714, 77.64637377204662, 89.70859545710971, 24.91592199858139, 71.34516563158529, 47.76339802817565, 76.44069777503896, 42.998066848983925, 86.88968993800415, 59.884258834970595, 0.0, 37.2089307341267, 59.47295456940179, 16.065810568653117, 88.29144069229092, 61.944456069110736, 42.227155685227146, 17.09918345446552], [55.60589702880864, 52.39058748563248, 14.778619043151828, 47.41460419089737, 53.662808131602254, 69.60892046020078, 40.84566584500416, 41.24262736811465, 53.61023561102469, 39.11826937963915, 51.86361538722579, 38.88003126632185, 41.68258648401629, 20.375585060650394, 61.088947464233456, 22.706033338567465, 37.2089307341267, 0.0, 31.26518704966896, 50.13933808394328, 61.56879494863289, 32.783772984971854, 11.5691604088673, 26.658732488360307], [62.75904121033754, 38.50834387689433, 45.58727918816542, 16.781136906675663, 22.457211157764636, 71.12973844580263, 63.79942624674395, 28.26555350043336, 56.119327661671214, 69.14487339716885, 23.148947865484114, 26.45010472858371, 51.38104676578382, 16.513925811495092, 80.38431304408374, 26.396767900785083, 59.47295456940179, 31.26518704966896, 0.0, 75.0329585625521, 79.88945646946014, 54.10902728872547, 20.121290692461603, 43.042734275673965], [99.11535486615101, 102.52987196699645, 38.01202978474895, 91.61646156165068, 94.3616669514132, 114.97766033507274, 11.747845424869439, 91.33272920599988, 100.00099684158643, 22.327508953715537, 87.40750697491335, 63.664780707776316, 85.95780893413088, 58.666942477266275, 91.1577518331557, 72.65726772258954, 16.065810568653117, 50.13933808394328, 75.0329585625521, 0.0, 92.94124669024286, 69.31727293885913, 56.90433696514534, 33.156354785450816], [27.907224345156806, 64.10567729578543, 61.41786976622879, 88.5590200865913, 98.37684558095589, 40.06649816327278, 89.8504759013356, 62.34127366366457, 37.20527419378322, 71.12444799723536, 102.82858459483943, 98.59998602080518, 30.530958166014678, 78.84503082468255, 2.7362525281834036, 53.498823620412196, 88.29144069229092, 61.56879494863289, 79.88945646946014, 92.94124669024286, 0.0, 28.787634881161175, 69.18122968798339, 85.62313247293552], [30.51224852907958, 50.55017191935198, 34.039888678806705, 65.64226642422612, 74.71895854240546, 46.894995898743865, 64.15012742165557, 44.08132918162764, 33.991156202637875, 49.42933643164477, 77.2435615370567, 70.34286926829665, 19.37913264311855, 50.669733250062016, 28.349207833544266, 28.851312189519007, 61.944456069110736, 32.783772984971854, 54.10902728872547, 69.31727293885913, 28.787634881161175, 0.0, 40.89664500093022, 57.3115756587099], [58.78037184912056, 47.53605184705562, 25.479511915342062, 36.687841803286794, 42.32311883728519, 71.0240463435674, 46.34923875189913, 36.00192492762029, 54.909424117557506, 49.12941060279852, 40.31040169988058, 29.45888217467665, 45.2942329574188, 9.794780492854205, 69.0585553782703, 21.335747350452912, 42.227155685227146, 11.5691604088673, 20.121290692461603, 56.90433696514534, 69.18122968798339, 40.89664500093022, 0.0, 27.783813862759324], [82.2308952601759, 75.3174207452638, 24.93236039964612, 59.19463536473345, 61.30941271571853, 96.2097944401274, 21.457322647253743, 63.781601330453206, 80.15693264371643, 35.82449448977872, 54.298969905867025, 31.250131148784902, 68.30140411603777, 26.545381856318137, 84.70662304274015, 47.8608760109512, 17.09918345446552, 26.658732488360307, 43.042734275673965, 33.156354785450816, 85.62313247293552, 57.3115756587099, 27.783813862759324, 0.0]]",Route_2,1332.5141436244044
