instance_id,num_cities,city_coordinates,distance_matrix,best_route,total_distance
647,65,"[[30.712277210750493, 74.33425827765633], [67.42603433459841, 27.826946004552035], [94.5863595526561, 66.17882804483052], [81.60363114923686, 25.916848749361044], [26.95437241383004, 25.420342452591793], [87.04280132164733, 43.578917704404596], [70.65498767005201, 10.626694651582913], [77.4457938327432, 30.540205021899467], [19.196932774035147, 5.623715458898449], [67.33797447368717, 76.88939971556637], [96.9793220748814, 58.03587092471702], [14.692327076897815, 53.23307156712952], [74.86692818842118, 80.58691605296224], [93.85058260352957, 31.76509215248756], [15.270589918469145, 32.70572639186247], [32.45258905581295, 13.472847947500332], [19.267262773405257, 35.98418340719155], [26.1387229806913, 79.42615479488326], [28.114414809209542, 22.984211653318066], [73.30384596794904, 4.201364110286199], [29.557989014194174, 0.48450502310515287], [29.971964419323026, 51.0001970882123], [54.490065925133834, 45.90252273563294], [99.0071510548755, 30.386587592398694], [12.209585242303033, 83.70647145534271], [67.59620041162307, 97.60161248552794], [88.52839490840888, 3.5869204516548514], [78.40381412892691, 88.81344038238687], [98.66661645075276, 93.53740421068402], [13.132829295436267, 66.55501758757978], [16.5322832793519, 88.49466211757367], [53.364640404558486, 61.66519386149996], [91.2089025684981, 13.67200731508108], [87.17098638408169, 68.3669535022124], [81.8510174017915, 10.459668599699945], [79.05768044096007, 14.122375116937135], [41.879273256294816, 19.03063790292807], [79.24013095494932, 20.970502543359505], [56.70841153109054, 19.111683230339082], [82.60180022444928, 7.992614985991553], [36.7762830020124, 39.818891587838344], [42.02683244033971, 35.3016534077411], [8.129334476827488, 86.3618901461987], [23.528618238813294, 51.67573452943173], [31.264526448597472, 51.620775645067475], [50.67084015153358, 93.34252776040083], [30.21592796663213, 40.01382645709067], [88.37281486409047, 97.99299299863922], [11.43830236427219, 24.617791893757555], [92.22427732362029, 31.958245128445938], [64.6784034154959, 42.88920123747083], [91.46754147506215, 66.35987874365182], [35.59320412991745, 62.79355489455002], [44.63082006345985, 36.615864229978925], [17.652708308277987, 32.27771806415867], [41.73725566883601, 7.648972591399616], [58.88007593677374, 21.980608835148352], [19.981077389063028, 58.55310972622142], [15.991867290811523, 42.25749150442972], [17.225234088253995, 51.723094231387456], [53.40587718641076, 47.17204371555278], [65.888102819133, 94.85625042804034], [26.861652391289336, 39.02085586261099], [32.731557710818734, 61.286467336144554], [39.36499752934034, 80.93090475863778]]","[[0.0, 59.252257822102706, 64.39261943191183, 70.24368620113093, 49.05805754210226, 64.17958336094927, 75.19357540379222, 64.04639471840814, 69.66880113755764, 36.71471704594783, 68.24191281999053, 26.493374320453025, 44.595167139668945, 76.1484045299969, 44.40022942957795, 60.88628706608479, 40.021451723310776, 6.8443267336853575, 51.41571916621466, 82.05281575601603, 73.8587735952798, 23.345802077073067, 37.064090735878196, 81.21322276602992, 20.740973697665407, 43.60955815555149, 91.36678430970342, 49.84104140203868, 70.6155297032492, 19.223776286707782, 20.03969223326662, 25.954474593890485, 85.67234309578636, 56.77318528849538, 81.82379821820841, 77.21883764504396, 56.419785777980955, 72.12934919357065, 61.03549618425124, 84.22432091283174, 35.044010957210006, 40.63943162710762, 25.586192192055893, 23.77001587449937, 22.72019525711912, 27.561903841894445, 34.324020786065155, 62.325543167068176, 53.32178856793924, 74.6957338025924, 46.28703211070258, 61.27636465048082, 12.530414285533027, 40.20451572496022, 44.03753983419116, 67.59051321789859, 59.45022703925337, 19.084111171742876, 35.29319247156613, 26.328028253467107, 35.39470835835546, 40.72457328262337, 35.5227209209427, 13.203118653990527, 10.880501537465198], [59.252257822102706, 0.0, 46.99521381994231, 14.30568848265383, 40.54315181735727, 25.158341746965924, 17.500708164181614, 10.380624012836606, 53.094535349719095, 49.06253273817535, 42.260808807831935, 58.53473410926472, 53.282092121584334, 26.71639470998234, 52.3831354570491, 37.80452361424035, 48.84473155137827, 66.08419195709865, 39.60878066421077, 24.34577559741759, 46.70757899112407, 44.043239197460245, 22.227589902008248, 31.684676081001662, 78.55811616228847, 69.77487398071881, 32.13858211857236, 61.96663736003792, 72.75876777829598, 66.69044640699764, 79.18803997349342, 36.64355082799707, 27.676472151156055, 45.09274153726686, 22.576590994786905, 17.975273415369795, 27.01873494097425, 13.659564264335689, 13.81387866538048, 24.974077706641975, 32.91221681415365, 26.476229105154008, 83.32129559535345, 49.957460443770835, 43.287422902630496, 67.62416716618043, 39.15497504889811, 73.22596373778335, 56.0796291115403, 25.140017656987812, 15.310813445705547, 45.4178485956893, 47.28628570850257, 24.430859117934435, 49.97192567481227, 32.66594496414294, 10.35437411124888, 56.52540204734981, 53.42016644407067, 55.59807771364279, 23.89137107635398, 67.04694538040438, 42.08055014318383, 48.20006510303995, 60.06206974407133], [64.39261943191183, 46.99521381994231, 0.0, 42.30340664279606, 78.96416802651103, 23.825642030801838, 60.48760273580588, 39.54630759210327, 96.69791792124565, 29.27782155362223, 8.487285802468424, 80.93607993977382, 24.422304833468132, 34.421600569799196, 86.08971975174124, 81.47714878525477, 81.14605908135931, 69.71779269534024, 79.27354112934358, 65.52977506630847, 92.43610253667286, 66.3732694400668, 44.931518109855546, 36.06421875087262, 84.22084794933447, 41.42294137871941, 62.88438464184564, 27.82445780356765, 27.661167476758315, 81.45439896000646, 81.18149587954754, 41.468096448541836, 52.615334635692314, 7.731471544696782, 57.15604665275121, 54.3232378120819, 70.71766949998468, 47.74200903627777, 60.4156856065768, 59.407617797887774, 63.53621959802102, 60.95821358799518, 88.78160384195672, 72.52270211555417, 64.97377499678238, 51.63757765918191, 69.4849607516434, 32.41526228962141, 92.95654436430797, 34.30200763211797, 37.90636565444367, 3.12406875031113, 59.090206134632915, 58.047607661081706, 84.07182614712977, 78.85918945007185, 56.81919808449383, 74.99399780371833, 82.15427290029571, 78.70013960091866, 45.35515382463521, 40.57073445339914, 72.96705704044183, 62.04797905006143, 57.15787427013145], [70.24368620113093, 14.30568848265383, 42.30340664279606, 0.0, 54.651514149492414, 18.480618278000144, 18.805892862826227, 6.21796062815193, 65.6232219632493, 52.931180908676644, 35.609597820558946, 72.27239197432856, 55.08356765644857, 13.571653209024138, 66.67954122943247, 50.70185494462938, 63.144073747265736, 77.06881257433874, 53.569549419491416, 23.24755271346686, 57.92713502892541, 57.40211993643652, 33.683417045294476, 17.968335215899096, 90.3060025681203, 73.04049197382994, 23.379008766434946, 62.97793318310057, 69.74012466505637, 79.62230512253457, 90.27880725591379, 45.556391171103726, 15.562691951855125, 42.813629113157496, 15.459159684052368, 12.066129175295528, 40.31680183035453, 5.482013677292593, 25.80856907263599, 17.952005389555378, 46.93354809723346, 40.67428615870862, 95.1423948666978, 63.53130977066813, 56.521830472143726, 74.1826108263073, 53.28621603074955, 72.39331749552713, 70.17735327166652, 12.21869859562242, 23.969232003125192, 41.628540714695085, 58.964827233010155, 38.48970890821411, 64.2664857499631, 43.85251638466055, 23.061958853404036, 69.73137502211793, 67.61597564379699, 69.35805875325646, 35.311423669952724, 70.70798352738245, 56.288535606815024, 60.32818148381962, 69.35883886475963], [49.05805754210226, 40.54315181735727, 78.96416802651103, 54.651514149492414, 0.0, 62.7722322670268, 46.13670760937146, 50.75033625140705, 21.2622743396018, 65.42093832152098, 77.24808264642422, 30.395816433246793, 73.06821363396259, 67.1964194470121, 13.769081034749007, 13.151920437387405, 13.064700162575136, 54.01197136513886, 2.6982274978674163, 50.97566812348035, 25.071394211560683, 25.757228591040057, 34.31813115971581, 72.22372533097521, 60.122222038601905, 82.83654946078958, 65.3303800879338, 81.64392150020562, 98.90692618500945, 43.39466041616891, 63.92956861364956, 44.8463098704445, 65.31973686337398, 73.9625040050004, 56.898711699535646, 53.31415171685199, 16.235177528730603, 52.474771285237864, 30.415489885484046, 58.312622189266804, 17.429519350870176, 18.02274555785232, 63.782868300365344, 26.477941853101687, 26.552591724289428, 71.94368699852602, 14.953511962531705, 95.0737328618934, 15.536811680080032, 65.59652931620698, 41.57238918153119, 76.40677073434092, 38.35865510742809, 20.923587392654557, 11.5561479486301, 23.1161247633427, 32.11047045425948, 33.85863421213181, 20.09144362075593, 28.0444447920641, 34.24643941444073, 79.60641104614483, 13.600829460687022, 36.32842941992324, 56.880982263768516], [64.17958336094927, 25.158341746965924, 23.825642030801838, 18.480618278000144, 62.7722322670268, 0.0, 36.80230210737267, 16.189829559294378, 77.74097540214649, 38.70230500789357, 17.542461089988283, 72.99173795879456, 38.95951524753951, 13.634968285737743, 72.59116074992632, 62.34153279665524, 68.1997332439762, 70.67058203794772, 62.42352644868696, 41.70552267108736, 71.84449909609823, 57.55133197784592, 32.63555916690524, 17.80963891613568, 84.91307790212448, 57.41621581372432, 40.01958061460627, 46.05208075234908, 51.29291814815885, 77.39887034548337, 83.60117972123359, 38.22737118856131, 30.19568990160745, 24.788367233919065, 33.5237122277643, 30.51966671978041, 51.403913358045656, 23.916983525217407, 38.97205109786161, 35.86234002281287, 50.40695051652554, 45.77062986850493, 89.76479254375735, 64.02819609654644, 56.35501243856937, 61.63875765429987, 56.938593334474035, 54.43032726476773, 77.94590787592972, 12.723510705644856, 22.375030782312468, 23.20669108892824, 54.92051832912886, 42.97976579662292, 70.30435350469233, 57.82346775075428, 35.49121084318759, 68.71318100274789, 71.06322110526767, 70.29096887717552, 33.82829022891417, 55.46968649616408, 60.35351368670712, 57.125025133607636, 60.566854890751316], [75.19357540379222, 17.500708164181614, 60.48760273580588, 18.805892862826227, 46.13670760937146, 36.80230210737267, 0.0, 21.039556640004317, 51.700688723496896, 66.34567551047557, 54.22730471593057, 70.33578558979913, 70.08689621791147, 31.382598254832597, 59.62310925214995, 38.30827389044142, 57.30358196521634, 81.94549126036647, 44.299080868307186, 6.949915312236423, 42.329981206936324, 57.31603684676632, 38.80320530619579, 34.55862464902541, 93.57627286138764, 87.02868786620775, 19.209817987011764, 78.56978757425243, 87.51478221729974, 80.22952081688841, 94.82978165032178, 53.88770277310086, 20.778290277860368, 60.055938138201846, 11.197275537201099, 9.100825661341377, 29.977791816508823, 13.442434560904402, 16.32488949982425, 12.233752731463314, 44.72081161997588, 37.79450835074603, 98.21037187510828, 62.49734690899137, 56.85176436786536, 85.09568261038703, 49.98920949015941, 89.14477823935995, 60.84707569508782, 30.33594076185017, 32.81141402860092, 59.49243821635557, 62.85467343503196, 36.77899176147472, 57.253894473262164, 29.070639015368307, 16.35725874388073, 69.74802108355662, 63.155079282203424, 67.40662153108266, 40.41156209161266, 84.36433640752041, 52.19276392102616, 63.281901901920826, 76.95287806042572], [64.04639471840814, 10.380624012836606, 39.54630759210327, 6.21796062815193, 50.75033625140705, 16.189829559294378, 21.039556640004317, 0.0, 63.354252160212695, 47.43854825926641, 33.72788711179184, 66.73053110770672, 50.113110390776626, 16.450454191200887, 62.21290432527103, 48.12154562775204, 58.43268243784362, 70.86784605605118, 49.90669285927072, 26.66252562459051, 56.538367086050265, 51.69502640030376, 27.62184369852753, 21.561904451486715, 84.15708406145791, 67.78087386250031, 29.142813792201544, 58.281109823566844, 66.47533691690793, 73.71040721443605, 84.07838524372632, 39.35310509600263, 21.770605318835898, 39.05691066576395, 20.558062595891183, 16.496766871906274, 37.3824493737507, 9.736470163046812, 23.67805175822259, 23.1295961559792, 41.714543454290194, 35.737574299994165, 88.99905655543056, 57.91176418993328, 50.765144686136146, 68.27173563036028, 48.17063143480847, 68.33211832260517, 66.27264825869463, 14.846360228483636, 17.76243129750582, 38.46632855469407, 52.838601825187276, 33.37268551212916, 59.81832518641786, 42.41589584095077, 20.443888276767826, 63.92899550224444, 62.56100934235973, 63.83753293479501, 29.232441750464762, 65.34626170065783, 51.29012384515241, 54.26504914089347, 63.16145713217342], [69.66880113755764, 53.094535349719095, 96.69791792124565, 65.6232219632493, 21.2622743396018, 77.74097540214649, 51.700688723496896, 63.354252160212695, 0.0, 86.00207932659954, 93.79303879244736, 47.82198512741856, 93.3736035116114, 79.09828701243092, 27.36515091119793, 15.405236261877352, 30.360549407877063, 74.12818966638093, 19.516872545674836, 54.12560520430818, 11.565594248247905, 46.63825031036664, 53.55359524119274, 83.56357327409752, 78.39476901891769, 103.93470377740115, 69.36137380121325, 102.10771338453281, 118.5084270996092, 61.23231932644559, 82.91377543589792, 65.63596229411263, 72.46032566502127, 92.50505869595155, 62.840438917325216, 60.46103147669937, 26.348323270625418, 61.97345820275254, 39.862718336115, 63.44910481144748, 38.44923438674825, 37.4430810653836, 81.49321802398876, 46.25529115072708, 47.55372080988398, 93.19440367958559, 36.112296929473445, 115.4009796152134, 20.51758478594809, 77.63053848119372, 58.79864455940321, 94.4029788331342, 59.47460176809852, 40.09234226258108, 26.698698172043176, 22.631125085921624, 42.922020131820624, 52.935202467573504, 36.773713330392575, 46.14152488720893, 53.81928519342955, 100.71003255485212, 34.26538944702672, 57.28462288195035, 77.9610389630677], [36.71471704594783, 49.06253273817535, 29.27782155362223, 52.931180908676644, 65.42093832152098, 38.70230500789357, 66.34567551047557, 47.43854825926641, 86.00207932659954, 0.0, 35.129261812372434, 57.71642791522705, 8.387894318833332, 52.336617419297525, 68.28769671614896, 72.37851306779817, 63.11917335173642, 41.27727522397236, 66.66526031434357, 72.93244917621048, 85.23517603833284, 45.45843728135667, 33.544825220017444, 56.262316702150805, 55.54828319896347, 20.713822401072715, 76.3039146075511, 16.267622847222196, 35.477314748957724, 55.1814934354128, 52.11430104255069, 20.664716521028357, 67.5741068015299, 21.58658034282786, 67.99659984998743, 63.85178842385121, 63.21219649852445, 57.171534786642695, 58.74735849889702, 70.5673530935021, 48.04414177043636, 48.68464392389373, 59.96158040976032, 50.54689511565058, 44.04312676042703, 23.42005100277171, 52.32450898014395, 29.79641185960316, 76.53165571328698, 51.362795115436455, 34.10405862596795, 26.326921878028823, 34.733604555197765, 46.23388932286334, 66.77445479892816, 73.82163335812956, 55.55638004415154, 50.78282418354688, 61.93376937648755, 56.07699778573063, 32.82109965332786, 18.025255957655805, 55.428866692917424, 37.961237861826255, 28.263425166496198], [68.24191281999053, 42.260808807831935, 8.487285802468424, 35.609597820558946, 77.24808264642422, 17.542461089988283, 54.22730471593057, 33.72788711179184, 93.79303879244736, 35.129261812372434, 0.0, 82.42703699313363, 31.583343707817185, 26.456432638944666, 85.54491880096455, 78.419144926364, 80.78020229763436, 73.99955894510494, 77.27220891360511, 58.810562765909005, 88.64420944890495, 67.37571288167267, 44.18772483887817, 27.723545212741456, 88.57137243075526, 49.28301679011464, 55.10087456285063, 35.94868950562608, 35.54160699751026, 84.27817161802284, 86.02013724645799, 43.76542519138892, 44.73756962167288, 14.245515653932785, 49.92354785021587, 47.429741227573686, 67.50869264690792, 41.09161027308634, 56.00748721102535, 52.06765406188793, 62.89884140244283, 59.469494391188384, 93.25601139395832, 73.72555343285272, 66.02717479683078, 58.232598387481985, 69.15305401532541, 40.87350695499124, 91.83699722470398, 26.507603017942582, 35.675915529314466, 9.983427845696665, 61.57021222238746, 56.561314956800906, 83.40380141494609, 74.76981626607085, 52.45507106695785, 76.99998195243253, 82.51015143321642, 80.00353554786531, 44.90732502698379, 48.191329734484114, 72.65024707232209, 64.3299432831252, 61.996717389675645], [26.493374320453025, 58.53473410926472, 80.93607993977382, 72.27239197432856, 30.395816433246793, 72.99173795879456, 70.33578558979913, 66.73053110770672, 47.82198512741856, 57.71642791522705, 82.42703699313363, 0.0, 66.10004105207554, 82.01770271207928, 20.53548849817071, 43.54655311092506, 17.845284513877225, 28.5849188937526, 33.092989668195024, 76.41608785360266, 54.80327706700895, 15.44192493682814, 40.46723320914528, 87.35531679551619, 30.574370112304827, 69.04626881334175, 88.974744918994, 72.97339396938182, 93.14569504644979, 13.41291463859269, 35.30956254294467, 39.580910859907966, 86.13863320088421, 74.04181546526165, 79.62319817470963, 75.31630162521054, 43.69137799515517, 72.16157111297484, 54.125968766313214, 81.59899175141715, 25.838756429426315, 32.69114468278648, 33.77264414157496, 8.972476812292744, 16.65044414289482, 53.88155416449759, 20.389473408184088, 86.2105843102433, 28.799703255687774, 80.3978951780229, 51.04511221581306, 77.88932284038485, 22.983679057960416, 34.24098336777546, 21.16342830142557, 53.00319086594859, 54.122763936419005, 7.501578892381362, 11.052246942604576, 2.9488386667690043, 39.185137752716386, 65.9810311554511, 18.710412978853604, 19.7552784155572, 37.093269345791654], [44.595167139668945, 53.282092121584334, 24.422304833468132, 55.08356765644857, 73.06821363396259, 38.95951524753951, 70.08689621791147, 50.113110390776626, 93.3736035116114, 8.387894318833332, 31.583343707817185, 66.10004105207554, 0.0, 52.38272257072197, 76.44822992423538, 79.39316281469382, 71.27921543992902, 48.742028573551295, 74.18806549187106, 76.40154299237167, 92.02877931326685, 53.767385197047936, 40.22715072545135, 55.702992178073785, 62.7349523868153, 18.50306399212486, 78.20252550616694, 8.954622532455655, 27.095023618876127, 63.30871299174896, 58.86818533375715, 28.642275584019632, 68.88152973067639, 17.341203326872357, 70.47416787384864, 66.59652848518995, 69.83810390900811, 59.77659794756735, 64.1009826585387, 73.0052107237265, 55.79362929139695, 55.939493218921996, 66.98698933517838, 58.91925394612987, 52.34698393996406, 27.352446075621092, 60.33147951244713, 22.03135242182942, 84.59156833330594, 51.63356664889705, 39.05027194986781, 21.862958447865907, 43.116459765815506, 53.363617127813185, 74.88154356592014, 80.10941765895608, 60.74766407545881, 59.143429383269, 70.25252722798585, 64.46460353469077, 39.71310115612056, 16.859217316351277, 63.49995168586032, 46.345407172181815, 35.50359712411993], [76.1484045299969, 26.71639470998234, 34.421600569799196, 13.571653209024138, 67.1964194470121, 13.634968285737743, 31.382598254832597, 16.450454191200887, 79.09828701243092, 52.336617419297525, 26.456432638944666, 82.01770271207928, 52.38272257072197, 0.0, 78.58562236921227, 64.06496554077229, 74.70255904517686, 82.80382132356769, 66.32003934425623, 34.37917232797126, 71.49834069125195, 66.71182146375547, 41.822448716969255, 5.337646767593547, 96.7634194001993, 70.87834643839777, 28.67638474884349, 59.1025946305899, 61.9597669381737, 87.89593057067822, 95.89767212402361, 50.33018575316123, 18.284917072305035, 37.20636047666236, 24.452211306841775, 23.02380113682045, 53.50872190867667, 18.165584554453424, 39.23836935099921, 26.29953945687037, 57.63973768459222, 51.94428117212598, 101.63140622645014, 73.08633491956613, 65.66020554328036, 75.20818262840427, 64.167054540357, 66.45405021437698, 82.72162858178226, 1.6377353069352838, 31.22117617120394, 34.67676663571974, 66.00520923952323, 49.45821483079045, 76.19959863700254, 57.42287059079288, 36.3135298520662, 78.57672483732554, 78.5625228356849, 79.1818532371453, 43.2798839271105, 69.01010453726062, 67.3807307618249, 67.87522962443697, 73.3890735062093], [44.40022942957795, 52.3831354570491, 86.08971975174124, 66.67954122943247, 13.769081034749007, 72.59116074992632, 59.62310925214995, 62.21290432527103, 27.36515091119793, 68.28769671614896, 85.54491880096455, 20.53548849817071, 76.44822992423538, 78.58562236921227, 0.0, 25.790011779975845, 5.1693011433600615, 47.96785117576102, 16.10812486404729, 64.6556840253341, 35.24679956272608, 23.469513635223876, 41.38022150709565, 83.76867001285324, 51.09252143570147, 83.36333453841242, 78.83280314264812, 84.46229672729969, 103.22494983106681, 33.91672942566626, 55.803200800173016, 47.85193244333728, 78.28735395980235, 80.25827141751948, 70.19857841263014, 66.43894838068798, 29.917053233112174, 65.03704835855018, 43.61067609515809, 71.72328601386799, 22.651533151396233, 26.881877742466635, 54.12930295242053, 20.689520064009457, 24.77064984979087, 70.2139544305201, 16.636449619352582, 98.01205269243457, 8.949922476965288, 76.95731760845668, 50.446359576168796, 83.29812361053057, 36.308209435257176, 29.619457997740117, 2.420264273101033, 36.44619742797117, 44.908968117582496, 26.273102546976038, 9.578959119523896, 19.117555109748558, 40.78693996756968, 80.15497645324584, 13.199757175082315, 33.492449136628274, 53.90925993394921], [60.88628706608479, 37.80452361424035, 81.47714878525477, 50.70185494462938, 13.151920437387405, 62.34153279665524, 38.30827389044142, 48.12154562775204, 15.405236261877352, 72.37851306779817, 78.419144926364, 43.54655311092506, 79.39316281469382, 64.06496554077229, 25.790011779975845, 0.0, 26.08856173406848, 66.25483823027281, 10.453984663191347, 41.89016118189413, 13.306981675895768, 37.60924663053032, 39.20885351078117, 68.67011221530417, 73.09268824195158, 91.17413252575052, 56.9405616803272, 88.24805920902544, 103.89721167326073, 56.48867011088898, 76.69242946591949, 52.53395184361411, 58.75665104526162, 77.50784367292228, 49.49024118788256, 46.60961733979105, 10.943098473662197, 47.38447954132503, 24.902638159423365, 50.44775846505854, 26.69847083334543, 23.836167565428624, 76.8403096425162, 39.23133694299208, 38.16642346850794, 81.92112320031978, 26.635055717501167, 101.34459321500238, 23.786761459254656, 62.564883339787734, 43.632842584744644, 79.24520575706345, 49.420598911794336, 26.151644558740117, 23.93030735794352, 10.9600437169923, 27.763178099143264, 46.77358875788666, 33.158876122755856, 41.16981515729774, 39.68218843382223, 87.98404275734737, 26.15261518887301, 47.814433203297625, 67.81128829066398], [40.021451723310776, 48.84473155137827, 81.14605908135931, 63.144073747265736, 13.064700162575136, 68.1997332439762, 57.30358196521634, 58.43268243784362, 30.360549407877063, 63.11917335173642, 80.78020229763436, 17.845284513877225, 71.27921543992902, 74.70255904517686, 5.1693011433600615, 26.08856173406848, 0.0, 43.98206274641221, 15.724864538244656, 62.69050905679895, 36.96114462427311, 18.44102231972829, 36.59261287335912, 79.9361173816138, 48.24134729341352, 78.30960208979842, 76.46363234657784, 79.29730196403578, 98.06442060827197, 31.180236955167935, 52.581655424933, 42.68659577989051, 75.32219286752233, 75.23004372737073, 67.5886617676657, 63.66186226132949, 28.261736026710032, 61.82358393850891, 41.06727264517337, 69.24443325507414, 17.924027901018608, 22.76980146211628, 51.59425145324927, 16.259887054479805, 19.708814081666308, 65.3923874704497, 11.66667444574408, 92.84756214735431, 13.801720078469835, 73.06801044988536, 45.933114042618655, 78.32983538710127, 31.389150366383994, 25.371422093918166, 4.0428543703633775, 36.16330671683773, 42.015176633101454, 22.58021183468671, 7.076906813733627, 15.870828430897097, 35.92510559927795, 75.09609178829909, 8.179005640646585, 28.661695870674013, 49.23542121851374], [6.8443267336853575, 66.08419195709865, 69.71779269534024, 77.06881257433874, 54.01197136513886, 70.67058203794772, 81.94549126036647, 70.86784605605118, 74.12818966638093, 41.27727522397236, 73.99955894510494, 28.5849188937526, 48.742028573551295, 82.80382132356769, 47.96785117576102, 66.25483823027281, 43.98206274641221, 0.0, 56.47651108024425, 88.78805077230038, 79.01566584480535, 28.68324966715399, 43.904812415011946, 87.83329073540142, 14.571958991460239, 45.26665104909609, 98.20417826658573, 53.10142072896666, 73.88790625859905, 18.298072126904206, 13.210658908516233, 32.50695791439738, 92.50803306948539, 62.026148593739386, 88.65797182303326, 84.0535525656558, 62.413006526085944, 78.97355765697571, 67.6190900425214, 91.05399333067768, 41.01088857802697, 46.89780000027378, 19.29876936870817, 27.87289851581204, 28.27389203588019, 28.20443598796691, 39.62266050511184, 64.9446662431629, 56.74556379313834, 81.3664730765275, 53.10608198006489, 66.62268454301008, 19.13192602028447, 46.63344971981029, 47.90602812978293, 73.45255684518551, 66.12100229130517, 21.76236682143023, 38.52879716770761, 29.1017155648996, 42.23535698909474, 42.63919615552207, 40.41176572161862, 19.30061477983271, 13.311596857239207], [51.41571916621466, 39.60878066421077, 79.27354112934358, 53.569549419491416, 2.6982274978674163, 62.42352644868696, 44.299080868307186, 49.90669285927072, 19.516872545674836, 66.66526031434357, 77.27220891360511, 33.092989668195024, 74.18806549187106, 66.32003934425623, 16.10812486404729, 10.453984663191347, 15.724864538244656, 56.47651108024425, 0.0, 48.937511688634466, 22.545968706865178, 28.07749865002648, 34.941722262285744, 71.27815388982124, 62.770665433918424, 84.4190020155985, 63.45158703601176, 82.84027425716339, 99.77658110250988, 46.07453780850761, 66.52642250117323, 46.1929894811507, 63.77798629028745, 74.48001009600752, 55.17686686370493, 51.7083016548081, 14.32138517979555, 51.165358161497196, 28.855036387392087, 56.51215037515981, 18.932364064934667, 18.58156978612371, 66.45399586961426, 29.0556881717782, 28.809304062996144, 73.88562085851359, 17.158791854780784, 96.21534210345185, 16.755933596136884, 64.73490363342917, 41.63092448103775, 76.77934067098406, 40.50575389993075, 21.41526545465668, 13.993447192167087, 20.512224408213214, 30.782025976740925, 36.48695229408101, 22.76873897595307, 30.7326801403602, 34.995846739981225, 81.19385114345924, 16.085501893668148, 38.579538604893834, 59.028762932867], [82.05281575601603, 24.34577559741759, 65.52977506630847, 23.24755271346686, 50.97566812348035, 41.70552267108736, 6.949915312236423, 26.66252562459051, 54.12560520430818, 72.93244917621048, 58.810562765909005, 76.41608785360266, 76.40154299237167, 34.37917232797126, 64.6556840253341, 41.89016118189413, 62.69050905679895, 88.78805077230038, 48.937511688634466, 0.0, 43.90347414604388, 63.77917157379813, 45.74871528464775, 36.69231283524922, 100.26749616681455, 93.57448164084852, 15.236942982438737, 84.76563647091179, 92.86656119068513, 86.65177060724274, 101.62859055920578, 60.824860445180015, 20.255471719547607, 65.64693782145525, 10.593418456839542, 11.468786794465187, 34.747821965227956, 17.78885840166426, 22.309774996845746, 10.04119198892778, 51.018341014233776, 44.10759083867135, 104.87167866780904, 68.7850938952733, 63.37116833351806, 91.96956023153756, 56.02768188163328, 94.99443916947675, 65.14734076549973, 33.5920699948804, 39.63769671417898, 64.75801707820776, 69.67881549463846, 43.27634726417039, 62.3324215329293, 31.754300926820953, 22.894250040103287, 76.14085565855407, 68.79630609362647, 73.50595584070896, 47.35407550960683, 90.95769159193817, 58.045450727013446, 70.03441714419117, 83.90034470397539], [73.8587735952798, 46.70757899112407, 92.43610253667286, 57.92713502892541, 25.071394211560683, 71.84449909609823, 42.329981206936324, 56.538367086050265, 11.565594248247905, 85.23517603833284, 88.64420944890495, 54.80327706700895, 92.02877931326685, 71.49834069125195, 35.24679956272608, 13.306981675895768, 36.96114462427311, 79.01566584480535, 22.545968706865178, 43.90347414604388, 0.0, 50.517388298018545, 51.81124194640096, 75.61296615087691, 85.01095700132448, 104.300709912173, 59.05195807777872, 100.9352042294621, 115.9087763432035, 68.08155772541568, 88.9688527614228, 65.64932091928158, 63.045581596025634, 89.03529792987338, 53.23593435195706, 51.344044952080644, 22.26596259250173, 53.74003463174553, 32.92593523060573, 53.57254542136278, 39.99122071803305, 36.982507730324215, 88.51052203473853, 51.54508017567164, 51.164738278794964, 95.22796264662799, 39.534796530353894, 113.87312662357392, 30.17844561061031, 70.12602945197062, 55.05998337042792, 90.40109263015937, 62.600651093860506, 39.14927015891675, 33.94913996201488, 14.130255899381787, 36.357492495955356, 58.85303805618152, 43.920633626833755, 52.70189624784298, 52.42564295679494, 101.12320950134895, 38.63056519402092, 60.88472845786913, 81.04196842639777], [23.345802077073067, 44.043239197460245, 66.3732694400668, 57.40211993643652, 25.757228591040057, 57.55133197784592, 57.31603684676632, 51.69502640030376, 46.63825031036664, 45.45843728135667, 67.37571288167267, 15.44192493682814, 53.767385197047936, 66.71182146375547, 23.469513635223876, 37.60924663053032, 18.44102231972829, 28.68324966715399, 28.07749865002648, 63.77917157379813, 50.517388298018545, 0.0, 25.042435689329174, 72.04705330720653, 37.21830862635008, 59.89386488645938, 75.34503535759917, 61.444978921943616, 80.79832428645578, 22.923981165758697, 39.83038961624777, 25.709131566905327, 71.7171970006134, 59.77735643258371, 65.84049353160752, 61.39528703981976, 34.11505119797445, 57.69865499506352, 41.61387893749048, 67.96728430027058, 13.088939761012917, 19.793032023714638, 41.56380418984824, 6.478661963428763, 1.433818100300914, 47.13084365180038, 10.989079026778702, 74.95987059854846, 32.241711074557195, 65.09951149104411, 35.641621196093396, 63.38474436309413, 13.06451775735601, 20.537552935344912, 22.41194529565983, 44.919380489482705, 40.96114517298966, 12.52454841376787, 16.488723924164617, 12.767212476206621, 23.744536757327612, 56.68617478803933, 12.376536555560369, 10.650009894266029, 31.369990957256395], [37.064090735878196, 22.227589902008248, 44.931518109855546, 33.683417045294476, 34.31813115971581, 32.63555916690524, 38.80320530619579, 27.62184369852753, 53.55359524119274, 33.544825220017444, 44.18772483887817, 40.46723320914528, 40.22715072545135, 41.822448716969255, 41.38022150709565, 39.20885351078117, 36.59261287335912, 43.904812415011946, 34.941722262285744, 45.74871528464775, 51.81124194640096, 25.042435689329174, 0.0, 47.14355854003511, 56.7166429328612, 53.33447892447849, 54.306703422593, 49.124476653099464, 64.96652637693296, 46.227119370067705, 57.05158718664267, 15.80279670262843, 48.85774338542973, 39.657196215952, 44.775189279432844, 40.16896147107033, 29.68383880495577, 35.13077496793981, 26.882524781461314, 47.1956641112468, 18.72935325604932, 16.361864789917178, 61.53273788549581, 31.495098305114418, 23.91911579286336, 47.593492856269066, 24.978200845723276, 62.14062896271254, 48.025973313525, 40.22826851670305, 10.624609511356313, 42.25916602211137, 25.34557857104626, 13.544251738710843, 39.276280609649824, 40.32329684029455, 24.321392899348847, 36.75469549580179, 38.67037045030966, 37.71666401430703, 1.6694755882104277, 50.263134602005685, 28.472558250855673, 26.647672153192445, 38.154360709190236], [81.21322276602992, 31.684676081001662, 36.06421875087262, 17.968335215899096, 72.22372533097521, 17.80963891613568, 34.55862464902541, 21.561904451486715, 83.56357327409752, 56.262316702150805, 27.723545212741456, 87.35531679551619, 55.702992178073785, 5.337646767593547, 83.76867001285324, 68.67011221530417, 79.9361173816138, 87.83329073540142, 71.27815388982124, 36.69231283524922, 75.61296615087691, 72.04705330720653, 47.14355854003511, 0.0, 101.86671412264991, 74.19236747602022, 28.775449418415292, 61.95316472487185, 63.15173476138962, 93.18022572391641, 100.88930636897742, 55.331636417168816, 18.44423685876383, 39.781942998771264, 26.294771770526157, 25.739191619443577, 58.24561799070686, 21.895153374242998, 43.77564201327718, 27.760143100601617, 62.94163405310704, 57.19191010434221, 106.73336892454387, 78.42344479409178, 70.99263293330657, 79.37159034680856, 69.46161603457195, 68.43767352980073, 87.75865920130296, 6.962577357901744, 36.53461731626806, 36.75490972467269, 71.21474702843577, 54.7319765723429, 81.37641998190034, 61.61850414819857, 40.998080886806456, 83.8956094688485, 83.85973824259611, 84.51939693520644, 48.59246562677238, 72.47902304931235, 72.66033007067547, 73.12493994038378, 78.17873416067106], [20.740973697665407, 78.55811616228847, 84.22084794933447, 90.3060025681203, 60.122222038601905, 84.91307790212448, 93.57627286138764, 84.15708406145791, 78.39476901891769, 55.54828319896347, 88.57137243075526, 30.574370112304827, 62.7349523868153, 96.7634194001993, 51.09252143570147, 73.09268824195158, 48.24134729341352, 14.571958991460239, 62.770665433918424, 100.26749616681455, 85.01095700132448, 37.21830862635008, 56.7166429328612, 101.86671412264991, 0.0, 57.10299540447147, 110.65126823441217, 66.39094117058852, 87.0141682958522, 17.176284503921263, 6.450774227748317, 46.68572033692019, 105.57328405149883, 76.51478597090278, 101.06939794912222, 96.49152447195154, 71.15654455176454, 91.80901836889711, 78.43871624977524, 103.3811007464817, 50.295549559016486, 56.851513970080376, 4.868233224991501, 33.971879783035334, 37.31732385909862, 39.64999004170192, 47.25754548481415, 77.4915624066788, 59.093713114083755, 95.29024019724027, 66.4757582019968, 81.13401201037236, 31.371064874496604, 57.172211398388946, 51.71599621086857, 81.58815143301543, 77.3835694309185, 26.326558766066935, 41.621191675223045, 32.37426681788653, 55.0626813751209, 54.82427218291232, 47.02645332831077, 30.394208966567604, 27.29688969400789], [43.60955815555149, 69.77487398071881, 41.42294137871941, 73.04049197382994, 82.83654946078958, 57.41621581372432, 87.02868786620775, 67.78087386250031, 103.93470377740115, 20.713822401072715, 49.28301679011464, 69.04626881334175, 18.50306399212486, 70.87834643839777, 83.36333453841242, 91.17413252575052, 78.30960208979842, 45.26665104909609, 84.4190020155985, 93.57448164084852, 104.300709912173, 59.89386488645938, 53.33447892447849, 74.19236747602022, 57.10299540447147, 0.0, 96.31676429716309, 13.929697885341266, 31.335100793613492, 62.69090722024041, 51.86964601668147, 38.651823808923496, 87.1879482911279, 35.18291533881629, 88.30015963532563, 84.26237948280607, 82.67259757121468, 77.51069687124811, 79.24148497593669, 90.85670288214628, 65.48824431510984, 67.34298389249474, 60.519744731551604, 63.64855115865235, 58.60228570204953, 17.453011849810554, 68.65593832815064, 20.780300450487246, 92.08880269212095, 70.1112961680218, 54.790158640828324, 39.317767629474, 47.28416906601721, 65.16648053121328, 82.2287272542333, 93.59573947105307, 76.12165932868113, 61.57909960528082, 75.67019838756949, 68.13275780082209, 52.388039470490334, 3.23335896741499, 71.35130306402472, 50.342160043799595, 32.78587061976552], [91.36678430970342, 32.13858211857236, 62.88438464184564, 23.379008766434946, 65.3303800879338, 40.01958061460627, 19.209817987011764, 29.142813792201544, 69.36137380121325, 76.3039146075511, 55.10087456285063, 88.974744918994, 78.20252550616694, 28.67638474884349, 78.83280314264812, 56.9405616803272, 76.46363234657784, 98.20417826658573, 63.45158703601176, 15.236942982438737, 59.05195807777872, 75.34503535759917, 54.306703422593, 28.775449418415292, 110.65126823441217, 96.31676429716309, 0.0, 85.82579353238582, 90.52001471787892, 98.23172894243152, 111.32279499055906, 67.89385445734968, 10.435233507624506, 64.79425313971328, 9.582381617966233, 14.166518186490375, 49.139077724642924, 19.709408251090924, 35.40521997484601, 7.384759229509284, 63.17465329691504, 56.286939856840704, 115.39369361543868, 80.85483910381798, 74.74223622373307, 97.41285077201891, 68.75509640720944, 94.40620074389535, 79.90732082905677, 28.611040015052996, 45.9727241870562, 62.841728773714216, 79.42014848141437, 54.935491300065706, 76.4625713580287, 46.96712657724657, 34.890551589117706, 87.86362559367498, 82.20073542472825, 86.03041304734906, 55.97547874794148, 94.03549021633305, 71.12208455452168, 80.2653396674418, 91.64677599529088], [49.84104140203868, 61.96663736003792, 27.82445780356765, 62.97793318310057, 81.64392150020562, 46.05208075234908, 78.56978757425243, 58.281109823566844, 102.10771338453281, 16.267622847222196, 35.94868950562608, 72.97339396938182, 8.954622532455655, 59.1025946305899, 84.46229672729969, 88.24805920902544, 79.29730196403578, 53.10142072896666, 82.84027425716339, 84.76563647091179, 100.9352042294621, 61.444978921943616, 49.124476653099464, 61.95316472487185, 66.39094117058852, 13.929697885341266, 85.82579353238582, 0.0, 20.80617677961164, 68.96186516072599, 61.87235205850857, 36.93220153142716, 76.22470238284724, 22.246845508806473, 78.42956561767912, 74.69392727418798, 78.76345350379029, 67.84809238632741, 73.00017427352657, 80.92977761623231, 64.290879285507, 64.70545681773429, 70.31722825121798, 66.2608203993805, 60.04503937272005, 28.100364376791642, 68.58188311827143, 13.551574148128955, 92.76562429465866, 58.510840280067946, 47.931436868633575, 25.977363269559056, 50.09773217708993, 62.170749427142184, 82.98785909080611, 89.0623789324172, 69.626171269267, 65.79440538218965, 77.86338988286279, 71.54377983720164, 48.56853680878841, 13.898150338730467, 71.66516524607904, 53.326252928646454, 39.82666907181454], [70.6155297032492, 72.75876777829598, 27.661167476758315, 69.74012466505637, 98.90692618500945, 51.29291814815885, 87.51478221729974, 66.47533691690793, 118.5084270996092, 35.477314748957724, 35.54160699751026, 93.14569504644979, 27.095023618876127, 61.9597669381737, 103.22494983106681, 103.89721167326073, 98.06442060827197, 73.88790625859905, 99.77658110250988, 92.86656119068513, 115.9087763432035, 80.79832428645578, 64.96652637693296, 63.15173476138962, 87.0141682958522, 31.335100793613492, 90.52001471787892, 20.80617677961164, 0.0, 89.68878376368842, 82.288990353074, 55.39049400603496, 80.2128363645231, 27.67130462224995, 84.76245941231292, 81.80010524074409, 93.68063072334486, 75.12219083808597, 85.43815835751917, 87.04015902950754, 81.95176613598451, 81.23710854239403, 90.82118381366585, 86.01231402421222, 79.37282587237588, 47.99617192438959, 86.89229039158236, 11.216711753135279, 111.16965296466994, 61.91523695104918, 60.99540220168899, 28.114846096267332, 70.16722605723595, 78.4852151999597, 101.56772351139968, 103.04258733678097, 81.87395050006307, 86.11222281421087, 97.28691379533151, 91.54854056815665, 64.79414458574342, 32.805034845939694, 90.15545966478467, 73.39996526105499, 60.62677490296561], [19.223776286707782, 66.69044640699764, 81.45439896000646, 79.62230512253457, 43.39466041616891, 77.39887034548337, 80.22952081688841, 73.71040721443605, 61.23231932644559, 55.1814934354128, 84.27817161802284, 13.41291463859269, 63.30871299174896, 87.89593057067822, 33.91672942566626, 56.48867011088898, 31.180236955167935, 18.298072126904206, 46.07453780850761, 86.65177060724274, 68.08155772541568, 22.923981165758697, 46.227119370067705, 93.18022572391641, 17.176284503921263, 62.69090722024041, 98.23172894243152, 68.96186516072599, 89.68878376368842, 0.0, 22.201447914297177, 40.52787930785699, 94.29997875514991, 74.06032552481572, 88.7066939677748, 84.23341376801554, 55.542098491196, 80.30020762438042, 64.41817555712987, 90.85974312315967, 35.690801849342904, 42.56331977531022, 20.429076360746613, 18.151184316174298, 23.49021123897033, 46.115864518530614, 31.563698877586695, 81.54386381768815, 41.97144648942926, 86.32724839692283, 56.71875417252785, 78.33495523349227, 22.773164894156686, 43.4566027916638, 34.57401580535666, 65.48385560764768, 63.87243921201224, 10.532285192375458, 24.46515628440491, 15.386153756941367, 44.69472074588236, 59.867175186825214, 30.767038295779543, 20.294525795194584, 29.913087139358183], [20.03969223326662, 79.18803997349342, 81.18149587954754, 90.27880725591379, 63.92956861364956, 83.60117972123359, 94.82978165032178, 84.07838524372632, 82.91377543589792, 52.11430104255069, 86.02013724645799, 35.30956254