instance_id,num_cities,city_coordinates,distance_matrix,best_route,total_distance
681,37,"[[32.135446646587795, 58.30470742227985], [96.04545486893014, 39.48761367738661], [78.03974333544554, 62.01848576938266], [58.23954133601953, 69.17058536669794], [64.53191123933362, 25.037013370129035], [59.99991673340544, 11.355223816032556], [54.267039166700584, 36.64207833790035], [69.57168927511263, 25.657954371966753], [94.44222792616547, 43.18930237148084], [76.0850878144854, 49.4081389255188], [35.138114051020096, 67.20648597065242], [64.70423219287551, 1.9227963121359326], [13.277120792370889, 91.31002980978371], [70.00367804780538, 69.3288764205327], [60.94198791152166, 86.54471883918723], [97.0237372135538, 71.7222681597072], [47.005415634290216, 58.611040595386854], [49.51056155472907, 76.52410965171774], [36.98062485051188, 3.574434264067794], [9.90858918227705, 74.80431194051236], [33.11985623267131, 97.12987754191491], [87.47626746717384, 93.18596926376223], [5.194680114993511, 58.66480985175657], [77.47923158610386, 64.68661315063514], [64.90812602625499, 28.558852742559836], [73.91072111177462, 62.287147359662086], [32.782949968471385, 71.34821418275787], [68.34135240017636, 26.166296702737448], [15.198862846179429, 70.52339603383267], [6.788633485857131, 36.94500134230619], [53.128946493856766, 45.0672633988646], [12.702598325705427, 30.628678987928648], [55.62337367578021, 8.769025181516543], [51.67337497551513, 48.11563075540419], [2.0839073358313587, 62.44258295232863], [75.35364297585339, 8.96267479138604], [63.909197567817664, 99.14260353794391]]","[[0.0, 66.62261003581267, 46.05427889034943, 28.27527299705185, 46.435658557368875, 54.59562898357741, 30.968966503965174, 49.67174998799527, 64.114042637092, 44.84105139048951, 9.394555490597007, 65.1125617096444, 38.01299461929946, 39.44027448634455, 40.33999336236183, 66.26100805787338, 14.873124006347073, 25.17620375809585, 54.944322289025344, 27.68158488954101, 38.83764793408293, 65.41642665837279, 26.943173069807234, 45.790692868384276, 44.25905991262675, 41.96466828769825, 13.059568490669445, 48.412240755987895, 20.8840662279726, 33.14661342019502, 24.818480213549226, 33.8171279644123, 54.822135412500494, 22.03515206913198, 30.335079179855718, 65.59305358117683, 51.742680707111866], [66.62261003581267, 0.0, 28.84173789931783, 48.066265783461596, 34.668765212141544, 45.72430621442803, 41.875208536275565, 29.868373595165533, 4.03396031437985, 22.28975267128352, 66.91815931957056, 48.92226223831723, 97.65326384513858, 39.60650328048096, 58.70795975537415, 32.24949590211284, 52.636782816041475, 59.47435018409802, 69.12604864071047, 93.09580445180751, 85.33616787247622, 54.377792943510094, 92.85272277376036, 31.30006743507975, 32.99956155810991, 31.776802460747586, 70.83249530295703, 30.740442084301343, 86.59902556131787, 89.29302907224225, 43.27769843836583, 83.81236460461318, 50.76983678488839, 45.20314317352464, 96.72488319573363, 36.877133476078946, 67.76028961409845], [46.05427889034943, 28.84173789931783, 0.0, 21.052328324154338, 39.3711928794837, 53.77919165983666, 34.77216584602193, 37.333579831984885, 24.97157680605344, 12.760937494093726, 43.214177550274464, 61.55751577813586, 71.07877201336215, 10.863708242567863, 29.897647886258437, 21.320305256792754, 31.220829240692563, 32.00511423652373, 71.42519420425621, 69.3204985348573, 57.01408676397639, 32.56470505103822, 72.9222214263397, 2.7263670229335024, 35.944212544506875, 4.137753445247769, 46.20845353534715, 37.14078953931628, 63.41379786192097, 75.5341000880593, 30.131241911638178, 72.48629172333776, 57.77541589307229, 29.807293705253507, 75.95701995747903, 53.1237631731291, 39.72244257073111], [28.27527299705185, 48.066265783461596, 21.052328324154338, 0.0, 44.57988443431032, 57.84215549902924, 32.77017764687548, 44.96405934740694, 44.56076281238787, 26.62738850235899, 23.184771489960013, 67.55780754732636, 50.11760430619564, 11.765201597563545, 17.583052391815137, 38.868045164930614, 15.417832729005017, 11.413562433900887, 68.95503295348988, 48.65819366967754, 37.58617563187991, 37.83549680645804, 54.075212631373454, 19.75529518264947, 41.155593161869575, 17.11629616361966, 25.54956186150481, 44.1748280162941, 43.06193332360842, 60.709835976710025, 24.639162110870934, 59.6581237220415, 60.458190561995586, 22.055059609020766, 56.55723867420376, 62.59301055855453, 30.503555121399646], [46.435658557368875, 34.668765212141544, 39.3711928794837, 44.57988443431032, 0.0, 14.412853277694419, 15.49338993163584, 5.077886408505388, 34.987606952965066, 26.97086668635637, 51.4029156036309, 23.11485939206745, 83.78046461898383, 44.62857116782932, 61.61238009984665, 56.87909782957919, 37.87338580475687, 53.633590499394636, 34.92442817803623, 73.8951373200064, 78.63903778806774, 71.90774417336699, 68.20363402131238, 41.70999720590018, 3.541876639735222, 38.412687446487816, 56.14912165373867, 3.9733012474804914, 67.10261300121012, 58.95834379679138, 23.04861213175859, 52.130071949692045, 18.547492585955595, 26.419018438690337, 72.79374854546653, 19.377673712839332, 74.10820647159689], [54.59562898357741, 45.72430621442803, 53.77919165983666, 57.84215549902924, 14.412853277694419, 0.0, 25.928572980496508, 17.210082246922397, 46.90076073768287, 41.3129165883671, 61.13487316484706, 10.540458840035122, 92.60556496261951, 58.830431213299384, 75.1953965342403, 70.81626455650873, 49.00988959688453, 66.0076529890966, 24.298734223037492, 80.83890078212616, 89.88786833782494, 86.32045383439655, 72.40035146096801, 56.12275417403111, 17.890091299489246, 52.79745556660263, 65.87808568124548, 16.998453724917535, 74.21594864314127, 59.04470661028806, 34.40511364415467, 51.07350000560415, 5.083557072800513, 37.69162792974181, 77.22811928346296, 15.539021859929658, 87.8743791732343], [30.968966503965174, 41.875208536275565, 34.77216584602193, 32.77017764687548, 15.49338993163584, 25.928572980496508, 0.0, 18.83834637753308, 40.70518313930706, 25.27844041320291, 36.056882699733556, 36.2541520746273, 68.32831277344997, 36.27765940863711, 50.34708005184279, 55.30601184142446, 23.13798779058634, 40.16466732078702, 37.31339175824957, 58.515195962766235, 64.07789945519815, 65.57487663235608, 53.78751831262578, 36.40469488648541, 13.363055996954794, 32.30392863863699, 40.817667179288584, 17.545036160168145, 51.71330669976564, 47.479372029770424, 8.501705607904563, 41.9971869792112, 27.906034034937992, 11.763056533649998, 58.21293057420329, 34.79646879921821, 63.239915155805775], [49.67174998799527, 29.868373595165533, 37.333579831984885, 44.96405934740694, 5.077886408505388, 17.210082246922397, 18.83834637753308, 0.0, 30.428471132700373, 24.62713192518539, 53.962501616587616, 24.22911196417591, 86.48279279689636, 43.673058593046306, 61.49528301350881, 53.62402391419247, 39.93923631819512, 54.67919712612174, 39.368252954435945, 77.2984474290594, 80.23074182484535, 69.86133920461434, 72.34536486234478, 39.82167037508403, 5.492179306305035, 36.88529485051455, 58.660132810534996, 1.331217769969035, 70.49334797968665, 63.78957221636948, 25.437866794842684, 57.08591427506157, 21.90414201146946, 28.717536163647118, 76.86162638715861, 17.66814503198525, 73.70249300655937], [64.114042637092, 4.03396031437985, 24.97157680605344, 44.56076281238787, 34.987606952965066, 46.90076073768287, 40.70518313930706, 30.428471132700373, 0.0, 19.38191221643757, 63.982833874036295, 50.86524267689207, 94.35771841896023, 35.78435484430255, 54.79012883838665, 28.649508318171325, 49.88066930446394, 55.9469750685826, 69.79379344319732, 90.25211858639213, 81.67018378718333, 50.47961277044408, 90.57933606557013, 27.383893360303738, 32.95926624454329, 28.040514532760938, 67.78488675700106, 31.161489457682332, 83.82519660306306, 87.87572994660701, 41.355942261366934, 82.69907077473025, 51.88120013209631, 43.051637530535366, 94.34377666487485, 39.189744971252196, 63.741963056441136], [44.84105139048951, 22.28975267128352, 12.760937494093726, 26.62738850235899, 26.97086668635637, 41.3129165883671, 25.27844041320291, 24.62713192518539, 19.38191221643757, 0.0, 44.647909446299195, 48.830130429789804, 75.50237864549611, 20.828329916138827, 40.10534929850907, 30.59979415187574, 30.501159539481087, 37.96684493547701, 60.24854775589112, 70.88225853502526, 64.2135146324397, 45.235576740037814, 71.4922083897038, 15.341949403628174, 23.656229816995065, 13.061268269375347, 48.5431977142886, 24.49793191425525, 64.44366899580878, 70.40829767106821, 23.362954108386614, 66.10603670878218, 45.49966276130013, 24.44590561018673, 75.14034497739792, 40.45207758048258, 51.20321546136985], [9.394555490597007, 66.91815931957056, 43.214177550274464, 23.184771489960013, 51.4029156036309, 61.13487316484706, 36.056882699733556, 53.962501616587616, 63.982833874036295, 44.647909446299195, 0.0, 71.66669712919416, 32.5404955687468, 34.93010297774218, 32.246040945926296, 62.05016231239136, 14.653140553050726, 17.128495506284825, 63.65872171537615, 26.348735919789437, 29.99137755669834, 58.43129174671579, 31.137910443722845, 42.416034623109695, 48.78414872823749, 39.08343575809644, 4.764526255429568, 52.789697593537745, 20.213253844370687, 41.466257369410464, 28.527446925187398, 42.91023571977014, 61.92400734267462, 25.25619937145538, 33.39573855357032, 70.77874191726029, 42.98477465338634], [65.1125617096444, 48.92226223831723, 61.55751577813586, 67.55780754732636, 23.11485939206745, 10.540458840035122, 36.2541520746273, 24.22911196417591, 50.86524267689207, 48.830130429789804, 71.66669712919416, 0.0, 103.12528932983858, 67.61407961326499, 84.70551489842235, 76.9188967353377, 59.38691057372815, 76.13280225665504, 27.772762052014563, 91.1826618016508, 100.30932718889733, 94.06132216661821, 82.22556104424366, 64.05074014899174, 26.636836802819076, 61.06238052682506, 76.41241329365623, 24.51481092302064, 84.59801343015836, 67.68139640084026, 44.67026168729842, 59.39863319177965, 11.37245976644643, 47.995637236340805, 87.08587520474367, 12.765964085301757, 97.22305794963614], [38.01299461929946, 97.65326384513858, 71.07877201336215, 50.11760430619564, 83.78046461898383, 92.60556496261951, 68.32831277344997, 86.48279279689636, 94.35771841896023, 75.50237864549611, 32.5404955687468, 103.12528932983858, 0.0, 60.836447976323115, 47.90248162812431, 86.00683791685955, 46.97682161009495, 39.13420069964406, 90.88119074041533, 16.845940982568617, 20.67860675623353, 74.2228571001138, 33.630882138464614, 69.50336211275965, 81.26174330386625, 67.22173155614763, 27.909701807339086, 85.29815687152988, 20.87527811208476, 54.750861068995356, 61.045568693201965, 60.68407050972894, 92.76972878212632, 57.7929792013321, 30.961548985017707, 103.12410719575914, 51.23432843125595], [39.44027448634455, 39.60650328048096, 10.863708242567863, 11.765201597563545, 44.62857116782932, 58.830431213299384, 36.27765940863711, 43.673058593046306, 35.78435484430255, 20.828329916138827, 34.93010297774218, 67.61407961326499, 60.836447976323115, 0.0, 19.455062536778605, 27.125853375289303, 25.373058128961986, 21.7195581182018, 73.5810349599621, 60.34401461528063, 46.187790324301666, 29.571138969412402, 65.680503414929, 8.799688004185542, 41.08721797721031, 8.053007740615913, 37.27546543979928, 43.19457853080401, 54.8178314637758, 71.02715835545783, 29.55304436823733, 69.1456362950041, 62.24378471722179, 28.035723681958107, 68.26797412621349, 60.602808712650706, 30.430264818966204], [40.33999336236183, 58.70795975537415, 29.897647886258437, 17.583052391815137, 61.61238009984665, 75.1953965342403, 50.34708005184279, 61.49528301350881, 54.79012883838665, 40.10534929850907, 32.246040945926296, 84.70551489842235, 47.90248162812431, 19.455062536778605, 0.0, 39.007661770994616, 31.217277701085056, 15.201648497408764, 86.36095785838543, 52.36644860981617, 29.767710626066282, 27.352773145321464, 62.330182509826365, 27.409071721684086, 58.121346496112274, 27.50668673074994, 31.99789323769651, 60.83012785226818, 48.46768279149432, 73.43512627702118, 42.20690614103451, 73.84877940940996, 77.95733564790723, 39.53102574824821, 63.6017814480306, 78.90924762236834, 12.942605302935887], [66.26100805787338, 32.24949590211284, 21.320305256792754, 38.868045164930614, 56.87909782957919, 70.81626455650873, 55.30601184142446, 53.62402391419247, 28.649508318171325, 30.59979415187574, 62.05016231239136, 76.9188967353377, 86.00683791685955, 27.125853375289303, 39.007661770994616, 0.0, 51.70818873108996, 47.75520435408825, 90.82567151917203, 87.16965074140231, 68.76956171837686, 23.49137381342892, 92.75275168465092, 20.772292642558813, 53.800491748746936, 24.964635343472327, 64.24187623540905, 53.83331435060364, 81.83365664328339, 96.70487181128404, 51.35408387973193, 93.80158599065759, 75.34653875614278, 51.12659469062614, 95.39226307599019, 66.39547834022915, 42.99357542940585], [14.873124006347073, 52.636782816041475, 31.220829240692563, 15.417832729005017, 37.87338580475687, 49.00988959688453, 23.13798779058634, 39.93923631819512, 49.88066930446394, 30.501159539481087, 14.653140553050726, 59.38691057372815, 46.97682161009495, 25.373058128961986, 31.217277701085056, 51.70818873108996, 0.0, 18.087393374933008, 55.942152861032405, 40.47711167644805, 40.94520191193471, 53.22889760743186, 41.81077009333253, 31.073558543222855, 34.98058081450574, 27.155279850870667, 19.092252895093793, 38.831476973423285, 33.96411359589335, 45.68158078799986, 14.86376570513341, 44.26845193178428, 50.58157472164511, 11.486664969456271, 45.08461627475105, 57.17151581353102, 43.9152073685496], [25.17620375809585, 59.47435018409802, 32.00511423652373, 11.413562433900887, 53.633590499394636, 66.0076529890966, 40.16466732078702, 54.67919712612174, 55.9469750685826, 37.96684493547701, 17.128495506284825, 76.13280225665504, 39.13420069964406, 21.7195581182018, 15.201648497408764, 47.75520435408825, 18.087393374933008, 0.0, 74.01793332007581, 39.639297672334216, 26.32969599709069, 41.460974315152356, 47.77919983764475, 30.370591478222238, 50.3760941520511, 28.249935959479547, 17.510079476869937, 53.76344491259343, 34.832473816686615, 58.238036990355354, 31.664268280561085, 58.8321061401326, 68.03027225868914, 28.490690323251634, 49.472991870155745, 72.3354155149862, 26.812627337108587], [54.944322289025344, 69.12604864071047, 71.42519420425621, 68.95503295348988, 34.92442817803623, 24.298734223037492, 37.31339175824957, 39.368252954435945, 69.79379344319732, 60.24854775589112, 63.65872171537615, 27.772762052014563, 90.88119074041533, 73.5810349599621, 86.36095785838543, 90.82567151917203, 55.942152861032405, 74.01793332007581, 0.0, 76.2009881105451, 93.63507089352244, 102.85930744600174, 63.602639608132954, 73.31326998428008, 37.472209550939844, 69.36147842218836, 67.90365026184051, 38.65084062335589, 70.40318627777312, 45.00167874298241, 44.52441084962678, 36.350443319411646, 19.352928940129054, 46.90197321132258, 68.43420068417981, 38.74947297742284, 99.28959163452866], [27.68158488954101, 93.09580445180751, 69.3204985348573, 48.65819366967754, 73.8951373200064, 80.83890078212616, 58.515195962766235, 77.2984474290594, 90.25211858639213, 70.88225853502526, 26.348735919789437, 91.1826618016508, 16.845940982568617, 60.34401461528063, 52.36644860981617, 87.16965074140231, 40.47711167644805, 39.639297672334216, 76.2009881105451, 0.0, 32.20549328153889, 79.71593341646721, 16.813817721373407, 68.32393097347752, 71.85813488730123, 65.21466323354667, 23.133979188374422, 76.0266028673458, 6.805382901721426, 37.98764960508967, 52.46228494937042, 44.263902153503835, 80.31500867602671, 49.56392877643386, 14.630037237662753, 92.8341329927808, 59.2319014036366], [38.83764793408293, 85.33616787247622, 57.01408676397639, 37.58617563187991, 78.63903778806774, 89.88786833782494, 64.07789945519815, 80.23074182484535, 81.67018378718333, 64.2135146324397, 29.99137755669834, 100.30932718889733, 20.67860675623353, 46.187790324301666, 29.767710626066282, 68.76956171837686, 40.94520191193471, 26.32969599709069, 93.63507089352244, 32.20549328153889, 0.0, 54.499301415713894, 47.532903273540796, 54.9574343115579, 75.5809469278034, 53.64616019938925, 25.783864555100298, 79.22363029927402, 32.07907202832725, 65.69286578087892, 55.775258712877424, 69.56488934481435, 91.18140450315747, 52.40829558180683, 46.545016165772275, 97.76066889870103, 30.855058025990534], [65.41642665837279, 54.377792943510094, 32.56470505103822, 37.83549680645804, 71.90774417336699, 86.32045383439655, 65.57487663235608, 69.86133920461434, 50.47961277044408, 45.235576740037814, 58.43129174671579, 94.06132216661821, 74.2228571001138, 29.571138969412402, 27.352773145321464, 23.49137381342892, 53.22889760743186, 41.460974315152356, 102.85930744600174, 79.71593341646721, 54.499301415713894, 0.0, 89.2298720403856, 30.201887776598255, 68.45425624416929, 33.74553663792864, 58.89182053555319, 69.69778679992775, 75.74704907881802, 98.35415980142976, 59.119779364918145, 97.49110812547312, 90.22653318769817, 57.560251250557045, 90.75798020391888, 85.09125311298546, 24.30819358811954], [26.943173069807234, 92.85272277376036, 72.9222214263397, 54.075212631373454, 68.20363402131238, 72.40035146096801, 53.78751831262578, 72.34536486234478, 90.57933606557013, 71.4922083897038, 31.137910443722845, 82.22556104424366, 33.630882138464614, 65.680503414929, 62.330182509826365, 92.75275168465092, 41.81077009333253, 47.77919983764475, 63.602639608132954, 16.813817721373407, 47.532903273540796, 89.2298720403856, 0.0, 72.53494672466496, 66.87349457040467, 68.811449768861, 30.364146273721886, 71.018698788342, 15.514823181611984, 21.778217765365483, 49.82556736072732, 29.02401539540014, 70.94111968461374, 47.6608251664236, 4.8937181041598645, 85.98012735086422, 71.31512000564494], [45.790692868384276, 31.30006743507975, 2.7263670229335024, 19.75529518264947, 41.70999720590018, 56.12275417403111, 36.40469488648541, 39.82167037508403, 27.383893360303738, 15.341949403628174, 42.416034623109695, 64.05074014899174, 69.50336211275965, 8.799688004185542, 27.409071721684086, 20.772292642558813, 31.073558543222855, 30.370591478222238, 73.31326998428008, 68.32393097347752, 54.9574343115579, 30.201887776598255, 72.53494672466496, 0.0, 38.252421715496084, 4.30019802886419, 45.18998250446541, 39.58933714098765, 62.55327621161456, 75.93917095606604, 31.27067745917907, 73.18439106792792, 60.03711493135204, 30.66821959210088, 75.42871197584273, 55.76446389238778, 37.03189296846381], [44.25905991262675, 32.99956155810991, 35.944212544506875, 41.155593161869575, 3.541876639735222, 17.890091299489246, 13.363055996954794, 5.492179306305035, 32.95926624454329, 23.656229816995065, 48.78414872823749, 26.636836802819076, 81.26174330386625, 41.08721797721031, 58.121346496112274, 53.800491748746936, 34.98058081450574, 50.3760941520511, 37.472209550939844, 71.85813488730123, 75.5809469278034, 68.45425624416929, 66.87349457040467, 38.252421715496084, 0.0, 34.90909016362172, 53.50660136098629, 4.18465861669502, 65.05408318892157, 58.72140071124317, 20.279957910549662, 52.24654345675765, 21.859640918950973, 23.61411022288861, 71.37919603771518, 22.20628322431328, 70.59081905184242], [41.96466828769825, 31.776802460747586, 4.137753445247769, 17.11629616361966, 38.412687446487816, 52.79745556660263, 32.30392863863699, 36.88529485051455, 28.040514532760938, 13.061268269375347, 39.08343575809644, 61.06238052682506, 67.22173155614763, 8.053007740615913, 27.50668673074994, 24.964635343472327, 27.155279850870667, 28.249935959479547, 69.36147842218836, 65.21466323354667, 53.64616019938925, 33.74553663792864, 68.811449768861, 4.30019802886419, 34.90909016362172, 0.0, 42.11408898680504, 36.54769103548927, 59.28674466710172, 71.74677004594933, 26.989008130964454, 68.91076051415025, 56.556312448034355, 26.369138136248825, 71.82698195961947, 53.343991209794765, 38.18841608799163], [13.059568490669445, 70.83249530295703, 46.20845353534715, 25.54956186150481, 56.14912165373867, 65.87808568124548, 40.817667179288584, 58.660132810534996, 67.78488675700106, 48.5431977142886, 4.764526255429568, 76.41241329365623, 27.909701807339086, 37.27546543979928, 31.99789323769651, 64.24187623540905, 19.092252895093793, 17.510079476869937, 67.90365026184051, 23.133979188374422, 25.783864555100298, 58.89182053555319, 30.364146273721886, 45.18998250446541, 53.50660136098629, 42.11408898680504, 0.0, 57.49613596291891, 17.603421397647395, 43.119433474290105, 33.236244503800584, 45.4015535921412, 66.61711380105325, 29.94329790880912, 31.96469124163483, 75.5262830296922, 41.72974202224942], [48.412240755987895, 30.740442084301343, 37.14078953931628, 44.1748280162941, 3.9733012474804914, 16.998453724917535, 17.545036160168145, 1.331217769969035, 31.161489457682332, 24.49793191425525, 52.789697593537745, 24.51481092302064, 85.29815687152988, 43.19457853080401, 60.83012785226818, 53.83331435060364, 38.831476973423285, 53.76344491259343, 38.65084062335589, 76.0266028673458, 79.22363029927402, 69.69778679992775, 71.018698788342, 39.58933714098765, 4.18465861669502, 36.54769103548927, 57.49613596291891, 0.0, 69.22193624181081, 62.48934052662304, 24.262395502232152, 55.81741494030913, 21.550221326410483, 27.56074630311328, 75.53818882205857, 18.57785848763143, 73.1107745531683], [20.8840662279726, 86.59902556131787, 63.41379786192097, 43.06193332360842, 67.10261300121012, 74.21594864314127, 51.71330669976564, 70.49334797968665, 83.82519660306306, 64.44366899580878, 20.213253844370687, 84.59801343015836, 20.87527811208476, 54.8178314637758, 48.46768279149432, 81.83365664328339, 33.96411359589335, 34.832473816686615, 70.40318627777312, 6.805382901721426, 32.07907202832725, 75.74704907881802, 15.514823181611984, 62.55327621161456, 65.05408318892157, 59.28674466710172, 17.603421397647395, 69.22193624181081, 0.0, 34.61561133293995, 45.68047651074676, 39.97273801891636, 73.80883006238415, 42.80768599032424, 15.40459665478509, 86.07159794229243, 56.49562590906851], [33.14661342019502, 89.29302907224225, 75.5341000880593, 60.709835976710025, 58.95834379679138, 59.04470661028806, 47.479372029770424, 63.78957221636948, 87.87572994660701, 70.40829767106821, 41.466257369410464, 67.68139640084026, 54.750861068995356, 71.02715835545783, 73.43512627702118, 96.70487181128404, 45.68158078799986, 58.238036990355354, 45.00167874298241, 37.98764960508967, 65.69286578087892, 98.35415980142976, 21.778217765365483, 75.93917095606604, 58.72140071124317, 71.74677004594933, 43.119433474290105, 62.48934052662304, 34.61561133293995, 0.0, 47.04674006341766, 8.65279771006877, 56.38011601647051, 46.25389691775382, 25.927998690729883, 74.05518972742969, 84.44702812963969], [24.818480213549226, 43.27769843836583, 30.131241911638178, 24.639162110870934, 23.04861213175859, 34.40511364415467, 8.501705607904563, 25.437866794842684, 41.355942261366934, 23.362954108386614, 28.527446925187398, 44.67026168729842, 61.045568693201965, 29.55304436823733, 42.20690614103451, 51.35408387973193, 14.86376570513341, 31.664268280561085, 44.52441084962678, 52.46228494937042, 55.775258712877424, 59.119779364918145, 49.82556736072732, 31.27067745917907, 20.279957910549662, 26.989008130964454, 33.236244503800584, 24.262395502232152, 45.68047651074676, 47.04674006341766, 0.0, 42.927407864956336, 36.383846204727526, 3.3780515072188524, 53.921218015075816, 42.39667973122593, 55.13942531777746], [33.8171279644123, 83.81236460461318, 72.48629172333776, 59.6581237220415, 52.130071949692045, 51.07350000560415, 41.9971869792112, 57.08591427506157, 82.69907077473025, 66.10603670878218, 42.91023571977014, 59.39863319177965, 60.68407050972894, 69.1456362950041, 73.84877940940996, 93.80158599065759, 44.26845193178428, 58.8321061401326, 36.350443319411646, 44.263902153503835, 69.56488934481435, 97.49110812547312, 29.02401539540014, 73.18439106792792, 52.24654345675765, 68.91076051415025, 45.4015535921412, 55.81741494030913, 39.97273801891636, 8.65279771006877, 42.927407864956336, 0.0, 48.16676677116468, 42.714340856524636, 33.53924691752183, 66.29154647162363, 85.53521884690231], [54.822135412500494, 50.76983678488839, 57.77541589307229, 60.458190561995586, 18.547492585955595, 5.083557072800513, 27.906034034937992, 21.90414201146946, 51.88120013209631, 45.49966276130013, 61.92400734267462, 11.37245976644643, 92.76972878212632, 62.24378471722179, 77.95733564790723, 75.34653875614278, 50.58157472164511, 68.03027225868914, 19.352928940129054, 80.31500867602671, 91.18140450315747, 90.22653318769817, 70.94111968461374, 60.03711493135204, 21.859640918950973, 56.556312448034355, 66.61711380105325, 21.550221326410483, 73.80883006238415, 56.38011601647051, 36.383846204727526, 48.16676677116468, 0.0, 39.54437836051013, 75.81111567404359, 19.731219598007947, 90.75262278587422], [22.03515206913198, 45.20314317352464, 29.807293705253507, 22.055059609020766, 26.419018438690337, 37.69162792974181, 11.763056533649998, 28.717536163647118, 43.051637530535366, 24.44590561018673, 25.25619937145538, 47.995637236340805, 57.7929792013321, 28.035723681958107, 39.53102574824821, 51.12659469062614, 11.486664969456271, 28.490690323251634, 46.90197321132258, 49.56392877643386, 52.40829558180683, 57.560251250557045, 47.6608251664236, 30.66821959210088, 23.61411022288861, 26.369138136248825, 29.94329790880912, 27.56074630311328, 42.80768599032424, 46.25389691775382, 3.3780515072188524, 42.714340856524636, 39.54437836051013, 0.0, 51.61760223063642, 45.75706561055012, 52.47349145864368], [30.335079179855718, 96.72488319573363, 75.95701995747903, 56.55723867420376, 72.79374854546653, 77.22811928346296, 58.21293057420329, 76.86162638715861, 94.34377666487485, 75.14034497739792, 33.39573855357032, 87.08587520474367, 30.961548985017707, 68.26797412621349, 63.6017814480306, 95.39226307599019, 45.08461627475105, 49.472991870155745, 68.43420068417981, 14.630037237662753, 46.545016165772275, 90.75798020391888, 4.8937181041598645, 75.42871197584273, 71.37919603771518, 71.82698195961947, 31.96469124163483, 75.53818882205857, 15.40459665478509, 25.927998690729883, 53.921218015075816, 33.53924691752183, 75.81111567404359, 51.61760223063642, 0.0, 90.71138152217488, 71.89755227581762], [65.59305358117683, 36.877133476078946, 53.1237631731291, 62.59301055855453, 19.377673712839332, 15.539021859929658, 34.79646879921821, 17.66814503198525, 39.189744971252196, 40.45207758048258, 70.77874191726029, 12.765964085301757, 103.12410719575914, 60.602808712650706, 78.90924762236834, 66.39547834022915, 57.17151581353102, 72.3354155149862, 38.74947297742284, 92.8341329927808, 97.76066889870103, 85.09125311298546, 85.98012735086422, 55.76446389238778, 22.20628322431328, 53.343991209794765, 75.5262830296922, 18.57785848763143, 86.07159794229243, 74.05518972742969, 42.39667973122593, 66.29154647162363, 19.731219598007947, 45.75706561055012, 90.71138152217488, 0.0, 90.90321710166128], [51.742680707111866, 67.76028961409845, 39.72244257073111, 30.503555121399646, 74.10820647159689, 87.8743791732343, 63.239915155805775, 73.70249300655937, 63.741963056441136, 51.20321546136985, 42.98477465338634, 97.22305794963614, 51.23432843125595, 30.430264818966204, 12.942605302935887, 42.99357542940585, 43.9152073685496, 26.812627337108587, 99.28959163452866, 59.2319014036366, 30.855058025990534, 24.30819358811954, 71.31512000564494, 37.03189296846381, 70.59081905184242, 38.18841608799163, 41.72974202224942, 73.1107745531683, 56.49562590906851, 84.44702812963969, 55.13942531777746, 85.53521884690231, 90.75262278587422, 52.47349145864368, 71.89755227581762, 90.90321710166128, 0.0]]",Route_1,1991.1982280764714
