instance_id,num_cities,city_coordinates,distance_matrix,best_route,total_distance
1271,50,"[[91.03866804472936, 40.274479215772544], [93.5335142796808, 55.89137920490569], [40.4744639535108, 60.1736090065869], [26.971932651227604, 41.64934665831615], [61.898933884912296, 36.46202384719521], [94.0851611924034, 43.95538816850962], [65.01288826482478, 35.08609365782067], [94.0865488813295, 96.42440270540268], [43.63455936385583, 62.01501373747429], [51.60626827777898, 85.24181984862179], [64.05245952688524, 64.32138652730039], [13.050571196576023, 17.272566663182264], [72.36603419292848, 37.13454326109134], [17.5055488316637, 55.89828620434075], [80.28404880444214, 51.391661381846745], [14.791643234606477, 78.63682547398247], [92.55517352979527, 18.014097627744285], [34.63827748767165, 24.117661569708858], [8.337855351102007, 54.55991438817074], [46.33939067913887, 24.179065072298823], [47.832144737310486, 17.1341311055737], [89.81205797087586, 7.7163851025365275], [68.14804960373303, 93.18113110312795], [68.05437903548732, 34.95123888281918], [50.017440079020346, 61.85486599559846], [33.588317343156724, 93.84770139901028], [51.41531229180898, 32.737207481906616], [61.90251782986764, 93.02416052155874], [66.01579444295727, 72.83116971452671], [16.89287667939704, 3.2492287800809927], [84.42433827285956, 90.60675980247254], [70.82453944209198, 9.550763508950277], [30.65193877566449, 63.6821006343002], [2.6128932888230594, 36.79857694135759], [64.26393559320424, 78.57545060864096], [29.836722957746552, 58.750289160685846], [11.212653906030068, 45.21424766610902], [95.69806401051177, 67.43943005892619], [54.79734519446309, 62.15076145794613], [79.06273373959993, 48.491347171212], [15.8930281203566, 13.186432700482275], [69.3572770468766, 45.57819145022704], [82.6602976452585, 14.06454175873022], [72.23748793769524, 43.71155741385513], [7.92378481817726, 64.20323019137064], [1.8634847806531352, 32.675982458536666], [64.41732068876213, 6.4306774880243385], [14.181778879612072, 79.82738662488474], [42.69128848043101, 33.703301785778564], [98.63512542247469, 72.46866995471356]]","[[0.0, 15.814924059464788, 54.3388820441687, 64.08148597267028, 29.388074500419446, 4.778097028856243, 26.53790794034175, 56.23258384144759, 52.15170525608319, 59.80782452966571, 36.14566642652718, 81.30947811340296, 18.934794764214374, 75.1746165006444, 15.46782383909367, 85.35384234368296, 22.311978337450547, 58.66895952236412, 83.92555080695763, 47.508817639001755, 49.01305302647157, 32.58119188365602, 57.64628545310695, 23.592677442434255, 46.3514210934417, 78.55337631717839, 40.333866493464555, 60.261464695151545, 41.06193248645188, 82.87621822342683, 50.76502563172149, 36.77713558717699, 64.76475748652543, 88.49406498632301, 46.731688472470985, 63.92991190006926, 79.97870870184613, 27.561649534759407, 42.33208247507405, 14.52377091109274, 79.87884240309204, 22.32066484376469, 27.516502540344764, 19.112767459394007, 86.49086042476152, 89.49832659413977, 43.05925046298641, 86.43734086986322, 48.79189977394604, 33.078272053225774], [15.814924059464788, 0.0, 53.23157252598732, 68.06819844787545, 37.12474277849295, 11.948731997046535, 35.30277630690009, 40.536796140820776, 50.27329909186386, 51.17951077613281, 30.662641973465984, 89.26878967170472, 28.28216943316446, 76.02796576176114, 13.99270509468043, 81.96119558460926, 37.88991436119191, 66.91948930728661, 85.20606257088124, 56.85909047872966, 59.922779126818426, 48.31851916006582, 45.110391413118585, 32.97993040472608, 43.922794634906296, 70.951455448506, 48.0630690537891, 48.77871856371865, 32.31379593180371, 92.97840250901227, 35.89059399838861, 51.60571868751051, 63.36235379353999, 92.90368356334506, 37.03073496345439, 63.76091742474615, 83.01039206361374, 11.749159717370603, 39.23863735641509, 16.25312165520445, 88.61014358978254, 26.284069098982403, 43.21702408458806, 24.533014425877084, 86.01228194445852, 94.56399396410836, 57.39437031234129, 82.88323329969587, 55.47290062525197, 17.344538185144753], [54.3388820441687, 53.23157252598732, 0.0, 22.923059287902632, 31.956958281610767, 56.0101557361953, 35.092986394102546, 64.71766137695141, 3.6574546320382675, 27.428675912892903, 23.940048738868537, 50.91727926838253, 39.34298924536592, 23.36342113086228, 40.76672233681758, 31.63064404025451, 67.00615426714212, 36.525229883396435, 32.62323067590409, 36.46922755604211, 43.663853752367054, 72.01359957078947, 43.07347046261575, 37.37405076506113, 9.689944189475263, 34.37096905227953, 29.537404946696327, 39.22142562128345, 28.505673229136505, 61.615552602719234, 53.4580968614827, 59.02372038799456, 10.430317079128466, 44.4959622578009, 30.076015946977854, 10.732538044502759, 32.86390145691513, 55.69953463737569, 14.4587018386278, 40.31785964897264, 53.02868775333251, 32.36113573147273, 62.495525013677295, 35.775534031816186, 32.799154852896685, 47.40176345309197, 58.835049731037664, 32.82645675464719, 26.562971884695678, 59.44603490751565], [64.08148597267028, 68.06819844787545, 22.923059287902632, 0.0, 35.31010808712695, 67.15283517966185, 38.60298685262817, 86.6295473650609, 26.313561608864305, 50.07149099646519, 43.4624765193745, 28.07190245926019, 45.618065549668394, 17.106861220152723, 54.19496678572798, 38.941405205924674, 69.71216881487318, 19.134597596954254, 22.66961834557915, 26.08273699513992, 32.18919448935906, 71.41657531788482, 65.96209074425214, 41.62489698110671, 30.648954701485984, 52.616012619989924, 26.017398658460873, 62.12501332317805, 49.96728162228272, 39.70083654465795, 75.48249607346159, 54.34491846116726, 22.337965279813066, 24.83732605386772, 52.480764441598865, 17.339240409247438, 16.15745604246527, 73.4057867843129, 34.562430354182766, 52.53821969810967, 30.543077719431096, 42.567044070932376, 62.145920679129254, 45.312506094813585, 29.521341404013587, 26.663747289742297, 51.40536687358623, 40.26351660238434, 17.613567974760027, 78.00925513435432], [29.388074500419446, 37.12474277849295, 31.956958281610767, 35.31010808712695, 0.0, 33.04699286079497, 3.404393597427949, 68.05534099167227, 31.409276798075464, 49.85386106653182, 27.942472360767795, 52.48235707691023, 10.488683006943232, 48.46174708883067, 23.683465276863405, 63.22824309334593, 35.778918527015314, 29.925351580996427, 56.53603077452577, 19.823482565839285, 23.904852954049172, 40.06812003422199, 57.06232185231525, 6.338136651281842, 28.03509100097899, 63.989116239054404, 11.125672054420077, 56.56213678790823, 36.60141133854844, 55.93420189254727, 58.643382188506614, 28.352819393406925, 41.440406412742234, 59.286995855299764, 42.17978125443373, 39.048074731318266, 51.43637234364414, 45.84736516806386, 26.652275737023377, 20.959500115353652, 51.558670545759036, 11.778429202919495, 30.539833481741947, 12.627012189605404, 60.686829264729155, 60.15471102537795, 30.136755569209683, 64.47853573585918, 19.404746568724825, 51.439540555846115], [4.778097028856243, 11.948731997046535, 56.0101557361953, 67.15283517966185, 33.04699286079497, 0.0, 30.39508904893944, 52.4690145552437, 53.585569891098956, 59.23703051410239, 36.286871709755935, 85.31458104730403, 22.764981943115494, 77.50528912800348, 15.677017013722132, 86.54631178563825, 25.986369834359976, 62.66950916364886, 86.40055807334326, 51.67941134640604, 53.46701190108894, 36.490063775738136, 55.64087998071441, 27.54407965534192, 47.564223431160435, 78.41626766947357, 44.11987741502499, 58.68106128927394, 40.27033783826767, 87.26763546981825, 47.64117940199323, 41.52992562208871, 66.42978918286167, 91.75181601671689, 45.69304344861398, 65.92989390982525, 82.8820679710919, 23.53936445640583, 43.296698431057706, 15.692299087416735, 84.0281994032368, 24.78107634477866, 31.999846970945075, 21.84903384777931, 88.5085187159055, 92.90889404876019, 47.836018561368846, 87.58624765497306, 52.40644452291531, 28.87402661068244], [26.53790794034175, 35.30277630690009, 35.092986394102546, 38.60298685262817, 3.404393597427949, 30.39508904893944, 0.0, 67.87979005904762, 34.383130794829846, 51.916609376996774, 29.251064468236226, 54.93090331580146, 7.633144883802991, 51.86612245590572, 22.34009585990103, 66.47435365694407, 32.40417451607052, 32.2943258535469, 59.927364781119586, 21.6255123557341, 24.84855946801548, 36.933721238330634, 58.17957212280476, 3.0444789239484114, 30.682741708734618, 66.63655304666037, 13.798961504741461, 58.021495983382216, 37.75839757363466, 57.698539671512954, 58.816228717593965, 26.18832517016009, 44.70353973451645, 62.423488944478535, 43.495805523063815, 42.39524447987909, 54.74527121749277, 44.59056387652882, 28.92842137679764, 19.419036526649577, 53.78062672244054, 11.355960108024169, 27.446979835434956, 11.25137615760419, 64.08567212923191, 63.19537796706041, 28.66160457130553, 67.71694749245654, 22.364389781436774, 50.278343668803096], [56.23258384144759, 40.536796140820776, 64.71766137695141, 86.6295473650609, 68.05534099167227, 52.4690145552437, 67.87979005904762, 0.0, 61.06888975098095, 43.92749024819379, 43.96191728169098, 113.27772432468092, 63.14323551462373, 86.64303599981108, 47.10049680721827, 81.26549061739827, 78.42525774799053, 93.60748787013908, 95.42260646306266, 86.59780555017657, 91.79551771787602, 88.81094335482517, 26.140477338028752, 66.75794886933663, 56.01017067426473, 60.55307926826453, 76.66089790443715, 32.36315036627697, 36.668895506970934, 120.99783495597492, 11.278443278593137, 89.93414407435347, 71.38632995310138, 109.19097382797148, 34.75591106970957, 74.48072880007909, 97.41951779559092, 29.029736828441518, 52.13754895185841, 50.232388299349964, 114.2050188894373, 56.54090629330428, 83.14869759933127, 57.06159411416116, 91.9903574793655, 112.11134927423048, 94.75829082483301, 81.61025187930946, 81.08889746596533, 24.383738027076483], [52.15170525608319, 50.27329909186386, 3.6574546320382675, 26.313561608864305, 31.409276798075464, 53.585569891098956, 34.383130794829846, 61.06888975098095, 0.0, 24.55672342013813, 20.54774932962457, 54.196558031042294, 38.007044833554204, 26.835415910807143, 38.158101256842755, 33.28961454031622, 65.79747038350496, 38.950512049566115, 36.075418507232015, 37.932507481551085, 45.07674953660564, 71.27904635470524, 39.651457418236895, 36.45237306648858, 6.384889468365685, 33.38033826214716, 30.294059735605085, 35.99007489284827, 24.85777370936359, 64.56419343920341, 49.81258883546154, 59.09139166321995, 13.08921754951373, 48.15231845159735, 26.454096714420277, 14.178812222892335, 36.51637569777333, 52.34532269955739, 11.163611196365608, 37.92156506519176, 56.15890741298428, 30.525846948167345, 61.8243965711988, 33.95797456255, 35.77775439992548, 51.045092107096465, 59.34257834455744, 34.4201526163555, 28.327421230943486, 55.98518728267971], [59.80782452966571, 51.17951077613281, 27.428675912892903, 50.07149099646519, 49.85386106653182, 59.23703051410239, 51.916609376996774, 43.92749024819379, 24.55672342013813, 0.0, 24.342806061774883, 78.14320927632716, 52.395400003444564, 44.98779871782701, 44.36494476680031, 37.40244066579615, 78.71708503461034, 63.43560070464192, 53.04276463267618, 61.28947724130472, 68.21217834388986, 86.42844091294643, 18.348383924248214, 52.912029647101875, 23.440861451077545, 19.96766769409417, 52.504959613046054, 12.906493760449997, 19.017325812423575, 89.03821958235446, 33.25369601879515, 78.09275226524156, 30.065019831750874, 68.8991914044037, 14.305838693056321, 34.2886905791224, 56.8669554032905, 47.55009498582828, 23.31051156645402, 45.87433637306604, 80.42023588382463, 43.454593888868956, 77.65666524028725, 46.37251257540727, 48.48485965705761, 72.37065545207398, 79.8455961469342, 37.81413087521403, 52.30387852636877, 48.73260471746246], [36.14566642652718, 30.662641973465984, 23.940048738868537, 43.4624765193745, 27.942472360767795, 36.286871709755935, 29.251064468236226, 43.96191728169098, 20.54774932962457, 24.342806061774883, 0.0, 69.38864506433, 28.42956156027195, 47.302891183516174, 20.7519223883542, 51.29873111508529, 54.37618698252605, 49.81499378200969, 56.563269502276896, 43.876631363422625, 49.89725128810376, 62.19069945171193, 29.148905898156492, 29.641540655167617, 14.250105067516277, 42.42484211984511, 34.018492856275785, 28.783180579394774, 8.733332347178097, 77.16109580773431, 33.255590385013676, 55.18769982701009, 33.40663815629638, 67.32254709252537, 14.255632745044649, 34.666320180212296, 56.18832453019584, 31.798843982120435, 9.506248182007196, 21.815097477577197, 70.24325117953296, 19.479436609348692, 53.591063485731866, 22.17565661195137, 56.128799073877175, 69.77750481826376, 57.89185881225065, 52.22567210911309, 37.33318552862703, 35.52941046080791], [81.30947811340296, 89.26878967170472, 50.91727926838253, 28.07190245926019, 52.48235707691023, 85.31458104730403, 54.93090331580146, 113.27772432468092, 54.196558031042294, 78.14320927632716, 69.38864506433, 0.0, 62.552556021697036, 38.88178282694049, 75.39531242503497, 61.388953332342155, 79.50806034821083, 22.646950946870664, 37.58398583179258, 33.99772378877424, 34.78184903614427, 77.35403323564347, 93.7968138166778, 57.77503204870804, 57.91485827261419, 79.28146237672212, 41.36433820280958, 90.13776490431962, 76.75984136614578, 14.540196587630433, 102.33336948449565, 58.287714406953654, 49.63519904332546, 22.140690989429455, 79.88023706056589, 44.74568531745785, 28.00206201757659, 96.68155072916855, 61.29311141773952, 73.02203681091858, 4.977554833919809, 63.021056150283904, 69.68360955094094, 64.8236943195491, 47.209862505262244, 19.037229857358444, 52.49847154231643, 62.5650472009985, 33.8901339296607, 101.83970611021608], [18.934794764214374, 28.28216943316446, 39.34298924536592, 45.618065549668394, 10.488683006943232, 22.764981943115494, 7.633144883802991, 63.14323551462373, 38.007044833554204, 52.395400003444564, 28.42956156027195, 62.552556021697036, 0.0, 57.98060799365499, 16.30829152600958, 70.97358609440677, 27.80634439082567, 39.910184602160136, 66.35699846073034, 29.072849665868073, 31.653249725913792, 34.20221886226755, 56.20508342427593, 4.832927498408326, 33.324975843448094, 68.70293756498097, 21.40722565240406, 56.86065856285502, 36.257063932952654, 65.00373636951986, 54.814967291173716, 27.62681869997854, 49.44530876599337, 69.75394999106487, 42.22549944651745, 47.70726134389616, 61.684824258373936, 38.24617339340213, 30.56910214575246, 13.184186735302317, 61.340952179566756, 8.963694233172662, 25.2625578543607, 6.578270236573575, 69.89647570948837, 70.6433877872544, 31.71607510052011, 72.16707310713514, 29.872461417889443, 44.029145610915144], [75.1746165006444, 76.02796576176114, 23.36342113086228, 17.106861220152723, 48.46174708883067, 77.50528912800348, 51.86612245590572, 86.64303599981108, 26.835415910807143, 44.98779871782701, 47.302891183516174, 38.88178282694049, 57.98060799365499, 0.0, 62.940048666352816, 22.899922526217793, 84.06936369116589, 36.104549482963606, 9.26487144389233, 42.86606379070261, 49.21749830848435, 86.88916421328389, 62.8861940985147, 54.71711822149494, 33.05304698949199, 41.21666600553332, 41.06467612814931, 57.8741859557899, 51.38060405676012, 52.65262210782256, 75.3843652210942, 70.64706377277597, 15.277936236277794, 24.219621860140318, 51.967302392576336, 12.656688990046979, 12.399564751695374, 79.03965733393977, 37.81231972203564, 62.0012077271914, 42.74228179191493, 52.86876274926614, 77.4286992484265, 56.07228831534517, 12.679995908431817, 27.999099254052858, 68.17447213497906, 24.158834691073984, 33.569909368297495, 82.80450359394037], [15.46782383909367, 13.99270509468043, 40.76672233681758, 54.19496678572798, 23.683465276863405, 15.677017013722132, 22.34009585990103, 47.10049680721827, 38.158101256842755, 44.36494476680031, 20.7519223883542, 75.39531242503497, 16.30829152600958, 62.940048666352816, 0.0, 70.93344876524222, 35.561809067936174, 53.17337214109525, 72.01591893142462, 43.50592158718325, 47.18796942242884, 44.70249116939371, 43.5160000021313, 20.490298060404566, 32.02415111329282, 63.1110661504262, 34.37139214726151, 45.50984141465845, 25.75336094708971, 79.59983995086078, 39.4330564504155, 42.89688860729345, 51.13121593436772, 79.03016204348015, 31.55316820903493, 50.98119347239904, 69.34708381343637, 22.251353762996043, 27.664603654316842, 3.146972038010565, 74.8721780325221, 12.377026043754542, 37.40267928787899, 11.1234499478095, 73.48567275002051, 80.62295888498278, 47.67853955185151, 71.95901999966816, 41.54628375653306, 27.94641843638648], [85.35384234368296, 81.96119558460926, 31.63064404025451, 38.941405205924674, 63.22824309334593, 86.54631178563825, 66.47435365694407, 81.26549061739827, 33.28961454031622, 37.40244066579615, 51.29873111508529, 61.388953332342155, 70.97358609440677, 22.899922526217793, 70.93344876524222, 0.0, 98.60163170804937, 58.019204785967126, 24.9268735600627, 62.93574530257971, 69.8158732246764, 103.23648332678562, 55.30319092838461, 68.88649723137662, 39.01910977018877, 24.18027510078481, 58.72025261381277, 49.258805455488265, 51.552102826298835, 75.41687422103789, 70.6540271047498, 88.95262455506925, 21.798916708871445, 43.57477470417498, 49.4723304291264, 24.936494348959837, 33.613656033484645, 81.6776015003438, 43.269463782692334, 70.98959738443277, 65.45965904946348, 63.79875921090752, 93.67888810033746, 67.22945353580633, 15.984246995412457, 47.7444904853008, 87.61527075660942, 1.3376734973566897, 52.89056395881255, 84.07006392228604], [22.311978337450547, 37.88991436119191, 67.00615426714212, 69.71216881487318, 35.778918527015314, 25.986369834359976, 32.40417451607052, 78.42525774799053, 65.79747038350496, 78.71708503461034, 54.37618698252605, 79.50806034821083, 27.80634439082567, 84.06936369116589, 35.561809067936174, 98.60163170804937, 0.0, 58.23761962810469, 91.80497483196608, 46.625158531542205, 44.73168502810468, 10.65680844443619, 79.0303145623982, 29.78515880009155, 61.085773615572876, 96.06157186655379, 43.695058604589356, 81.03144350677893, 60.90361265542788, 77.08945788346472, 73.04659529088026, 23.32055921842345, 76.92578872934502, 91.88291700870813, 66.84363558979696, 74.78663879843121, 85.76977125335114, 49.52515771309184, 58.08354926018779, 33.33029659674287, 76.81400189697081, 36.02667996758572, 10.65399269442451, 32.75923972375143, 96.41528884070841, 91.86921832127828, 30.42884132918811, 99.8161894966812, 52.27387645209309, 54.79293989493924], [58.66895952236412, 66.91948930728661, 36.525229883396435, 19.134597596954254, 29.925351580996427, 62.66950916364886, 32.2943258535469, 93.60748787013908, 38.950512049566115, 63.43560070464192, 49.81499378200969, 22.646950946870664, 39.910184602160136, 36.104549482963606, 53.17337214109525, 58.019204785967126, 58.23761962810469, 0.0, 40.2298764753872, 11.70127430281243, 14.928088650078282, 57.5599506824096, 76.76371311540285, 35.12836802433422, 40.7506471101076, 69.7379442692501, 18.861746169210324, 74.10428057297578, 57.94440823802131, 27.39326079424515, 83.06294018581646, 39.00820520539826, 39.764754932258896, 34.444605495589265, 61.99459980671496, 34.96389308642767, 31.525002539438226, 74.86703650638344, 43.045379518778034, 50.671578454597324, 21.699680606733317, 40.81621336117165, 49.063017008226964, 42.39836530830423, 48.17174410700141, 33.87376408703616, 34.63554272533022, 59.346792676814765, 12.519404314959877, 80.20858156978653], [83.92555080695763, 85.20606257088124, 32.62323067590409, 22.66961834557915, 56.53603077452577, 86.40055807334326, 59.927364781119586, 95.42260646306266, 36.075418507232015, 53.04276463267618, 56.563269502276896, 37.58398583179258, 66.35699846073034, 9.26487144389233, 72.01591893142462, 24.9268735600627, 91.80497483196608, 40.2298764753872, 0.0, 48.65298235917043, 54.41036802336021, 93.98064656333257, 71.19591081713294, 62.85350710996106, 42.31316700563119, 46.70242005529576, 48.2897280298323, 65.94445615117267, 60.50275554951739, 52.018985452426996, 84.1933961051903, 77.00915108969589, 24.10669203742827, 18.661197670945462, 60.86437735821155, 21.903436924422643, 9.777829677963734, 88.3045184626973, 47.075526080353995, 70.98475844246121, 42.0576464217243, 61.676909544988966, 84.63864739565172, 64.81396372498591, 9.652201515016221, 22.821567671489007, 73.90081107233017, 25.934467325167606, 40.18901164519406, 92.05607263122077], [47.508817639001755, 56.85909047872966, 36.46922755604211, 26.08273699513992, 19.823482565839285, 51.67941134640604, 21.6255123557341, 86.59780555017657, 37.932507481551085, 61.28947724130472, 43.876631363422625, 33.99772378877424, 29.072849665868073, 42.86606379070261, 43.50592158718325, 62.93574530257971, 46.625158531542205, 11.70127430281243, 48.65298235917043, 0.0, 7.201347740090404, 46.4854023672472, 72.36644747817999, 24.24005874416168, 37.85490751012441, 70.82590457483175, 9.950215159537958, 70.582278895821, 52.4803596709769, 36.126932252213585, 76.5708943423126, 28.52209172855682, 42.503952355475924, 45.511082758363486, 57.273519795754815, 38.30806151310916, 40.94345543651891, 65.63335898618475, 38.902271411667904, 40.766459766697416, 32.37003181219827, 31.428421891285435, 37.70294238785932, 32.438090244134294, 55.476955280039235, 45.28028059276476, 25.334103798525533, 64.27167096216702, 10.19900655096429, 71.18096523681787], [49.01305302647157, 59.922779126818426, 43.663853752367054, 32.18919448935906, 23.904852954049172, 53.46701190108894, 24.84855946801548, 91.79551771787602, 45.07674953660564, 68.21217834388986, 49.89725128810376, 34.78184903614427, 31.653249725913792, 49.21749830848435, 47.18796942242884, 69.8158732246764, 44.73168502810468, 14.928088650078282, 54.41036802336021, 7.201347740090404, 0.0, 43.02333151762424, 78.71392633562087, 26.95158788562078, 44.77409568974427, 78.02472996429069, 16.009218660799437, 77.1833658486259, 58.59014615466384, 33.91207484875993, 82.08054456066579, 24.210693471397757, 49.61726457728023, 49.30994962063955, 63.600624941975425, 45.34026705140233, 46.146289718627216, 69.43896118646066, 45.55228891823612, 44.256351960109036, 32.18216109848655, 35.67065866835946, 34.963160808737854, 36.082965037545016, 61.71043088638783, 48.52490949696238, 19.739097767720807, 71.15329514482502, 17.3483664961188, 75.11893260785949], [32.58119188365602, 48.31851916006582, 72.01359957078947, 71.41657531788482, 40.06812003422199, 36.490063775738136, 36.933721238330634, 88.81094335482517, 71.27904635470524, 86.42844091294643, 62.19069945171193, 77.35403323564347, 34.20221886226755, 86.88916421328389, 44.70249116939371, 103.23648332678562, 10.65680844443619, 57.5599506824096, 93.98064656333257, 46.4854023672472, 43.02333151762424, 0.0, 88.16774958836844, 34.858770102928574, 67.19067440178897, 102.85773017686245, 45.82959340080302, 89.75722242708316, 69.32674327383353, 73.05588604506012, 83.06528601913188, 19.075922101403858, 81.43758971245347, 91.92098891655678, 75.32405805201206, 78.74960427426593, 87.08591169750402, 60.01239177004672, 64.72349990549846, 42.168062596365736, 74.1211467448106, 43.033875523345806, 9.562780384733868, 40.05643445905649, 99.48091750693155, 91.42173169640581, 25.427263433126093, 104.49849595079614, 53.81158570487773, 65.35063054655969], [57.64628545310695, 45.110391413118585, 43.07347046261575, 65.96209074425214, 57.06232185231525, 55.64087998071441, 58.17957212280476, 26.140477338028752, 39.651457418236895, 18.348383924248214, 29.148905898156492, 93.7968138166778, 56.20508342427593, 62.8861940985147, 43.5160000021313, 55.30319092838461, 79.0303145623982, 76.76371311540285, 71.19591081713294, 72.36644747817999, 78.71392633562087, 88.16774958836844, 0.0, 58.229967561077444, 36.19466655910539, 34.56615989493295, 62.71724165393352, 6.247504053767417, 20.461364582750004, 103.51251038857885, 16.478621314733065, 83.67318556020274, 47.70902562232462, 86.45142640248714, 15.1133134803002, 51.50961683259646, 74.44770775460165, 37.70462128788425, 33.78054393493866, 46.00333811439207, 95.54966793641083, 47.618295796962094, 80.43655917994522, 49.63831410196838, 66.83323133151919, 89.74695842360993, 86.8306371084725, 55.59389235751825, 64.69666813053519, 36.857398698257015], [23.592677442434255, 32.97993040472608, 37.37405076506113, 41.62489698110671, 6.338136651281842, 27.54407965534192, 3.0444789239484114, 66.75794886933663, 36.45237306648858, 52.912029647101875, 29.641540655167617, 57.77503204870804, 4.832927498408326, 54.71711822149494, 20.490298060404566, 68.88649723137662, 29.78515880009155, 35.12836802433422, 62.85350710996106, 24.24005874416168, 26.95158788562078, 34.858770102928574, 58.229967561077444, 0.0, 32.39037385926238, 68.24003740840593, 16.785722419509064, 58.39785633011193, 37.934746433261516, 60.187347240814205, 58.01303796795339, 25.5510848673171, 47.16359776747667, 65.46755467125212, 43.788575110278174, 45.02203938300553, 57.76080907482733, 42.657424733493585, 30.25827117627347, 17.450455746282454, 56.52002580896525, 10.706524370589111, 25.48699619783952, 9.70781030165624, 66.8682836361333, 66.22998772497908, 28.75153240597352, 70.11508884485924, 25.39377304581098, 48.40185620221178], [46.3514210934417, 43.922794634906296, 9.689944189475263, 30.648954701485984, 28.03509100097899, 47.564223431160435, 30.682741708734618, 56.01017067426473, 6.384889468365685, 23.440861451077545, 14.250105067516277, 57.91485827261419, 33.324975843448094, 33.05304698949199, 32.02415111329282, 39.01910977018877, 61.085773615572876, 40.7506471101076, 42.31316700563119, 37.85490751012441, 44.77409568974427, 67.19067440178897, 36.19466655910539, 32.39037385926238, 0.0, 35.96467142933287, 29.151193526908255, 33.358357189612065, 19.401716049985318, 67.31907169482145, 44.8386668044778, 56.2908031639142, 19.451514777907374, 53.61910739236224, 21.966806418721305, 20.418122853307285, 42.22228805168234, 46.02072096944765, 4.789054921095984, 31.97206154127438, 59.43981738637634, 25.27764680897337, 57.87461654952633, 28.68641094898704, 42.15911084943191, 56.30462374749131, 57.264275366915534, 40.08997519790823, 29.089225921380677, 49.762758792471125], [78.55337631717839, 70.951455448506, 34.37096905227953, 52.616012619989924, 63.989116239054404, 78.41626766947357, 66.63655304666037, 60.55307926826453, 33.38033826214716, 19.96766769409417, 42.42484211984511, 79.28146237672212, 68.70293756498097, 41.21666600553332, 63.1110661504262, 24.18027510078481, 96.06157186655379, 69.7379442692501, 46.70242005529576, 70.82590457483175, 78.02472996429069, 102.85773017686245, 34.56615989493295, 68.24003740840593, 35.96467142933287, 0.0, 63.6576328156462, 28.326174623102467, 38.6424103169431, 92.12394357516399, 50.93922581270109, 92.15481525043532, 30.308180225600893, 64.91594177650462, 34.26711542027698, 35.29734843100154, 53.53394377627912, 67.49086920654177, 38.13815496356525, 64.2271081042469, 82.57943768720322, 60.07798322998218, 93.66649247706609, 63.30395976039689, 39.21049480568059, 68.90895587114338, 92.69392383936089, 23.941239765363047, 60.82937520936867, 68.470068108655], [40.333866493464555, 48.0630690537891, 29.537404946696327, 26.017398658460873, 11.125672054420077, 44.11987741502499, 13.798961504741461, 76.66089790443715, 30.294059735605085, 52.504959613046054, 34.018492856275785, 41.36433820280958, 21.40722565240406, 41.06467612814931, 34.37139214726151, 58.72025261381277, 43.695058604589356, 18.861746169210324, 48.2897280298323, 9.950215159537958, 16.009218660799437, 45.82959340080302, 62.71724165393352, 16.785722419509064, 29.151193526908255, 63.6576328156462, 0.0, 61.19230496396347, 42.66966002391824, 45.401976262410095, 66.62192493466688, 30.237878276795907, 37.26532023187223, 48.97112233172896, 47.604954087644764, 33.79816468500845, 42.09430214461146, 56.26016665070663, 29.607352195966882, 31.82094954683028, 40.547077173470775, 22.063657188842264, 36.39941695888495, 23.53719089137438, 53.68075583616692, 49.551865335210415, 29.34426251711684, 60.03183307275362, 8.777353226654581, 61.71142408276652], [60.261464695151545, 48.77871856371865, 39.22142562128345, 62.12501332317805, 56.56213678790823, 58.68106128927394, 58.021495983382216, 32.36315036627697, 35.99007489284827, 12.906493760449997, 28.783180579394774, 90.13776490431962, 56.86065856285502, 57.8741859557899, 45.50984141465845, 49.258805455488265, 81.03144350677893, 74.10428057297578, 65.94445615117267, 70.582278895821, 77.1833658486259, 89.75722242708316, 6.247504053767417, 58.39785633011193, 33.358357189612065, 28.326174623102467, 61.19230496396347, 0.0, 20.607666588642935, 100.42612292467098, 22.651185891758672, 83.94885632617962, 42.86671400574655, 81.71031652828314, 14.640406824970748, 46.935204898270236, 69.67962451005937, 42.38770310471668, 31.680439515890203, 47.724673649648466, 92.1462746233503, 48.028048222901425, 81.64255519051, 50.38396999431058, 61.19109120325368, 85.12689401717233, 86.62999213493046, 49.51185481516901, 62.3541146538626, 42.09290501968371], [41.06193248645188, 32.31379593180371, 28.505673229136505, 49.96728162228272, 36.60141133854844, 40.27033783826767, 37.75839757363466, 36.668895506970934, 24.85777370936359, 19.017325812423575, 8.733332347178097, 76.75984136614578, 36.257063932952654, 51.38060405676012, 25.75336094708971, 51.552102826298835, 60.90361265542788, 57.94440823802131, 60.50275554951739, 52.4803596709769, 58.59014615466384, 69.32674327383353, 20.461364582750004, 37.934746433261516, 19.401716049985318, 38.6424103169431, 42.66966002391824, 20.607666588642935, 0.0, 85.17457105151861, 25.58996070556013, 63.46285400145079, 36.52817751670445, 72.92650832665687, 6.005478533800956, 38.82262756052868, 61.368384337039316, 30.167996008928853, 15.489503674045668, 27.616110994315065, 77.90883362818721, 27.457063394811282, 61.07827803848449, 29.776858304459996, 58.729233969640475, 75.6832735719841, 66.41972964612738, 52.30403636888737, 45.55241625913471, 32.62134515355198], [82.87621822342683, 92.97840250901227, 61.615552602719234, 39.70083654465795, 55.93420189254727, 87.26763546981825, 57.698539671512954, 120.99783495597492, 64.56419343920341, 89.03821958235446, 77.16109580773431, 14.540196587630433, 65.00373636951986, 52.65262210782256, 79.59983995086078, 75.41687422103789, 77.08945788346472, 27.39326079424515, 52.018985452426996, 36.126932252213585, 33.91207484875993, 73.05588604506012, 103.51251038857885, 60.187347240814205, 67.31907169482145, 92.12394357516399, 45.401976262410095, 100.42612292467098, 85.17457105151861, 0.0, 110.41664970138065, 54.2985597257257, 61.97938197753688, 36.46198962867526, 88.98346429298432, 56.99044533822392, 42.34770053804298, 101.639753494933, 70.04383831009869, 76.889143599101, 9.987377979062066, 67.41108504281627, 66.6507663521356, 68.5581945051041, 61.61034731976845, 33.042645973023006, 47.63081349589309, 76.62613333702592, 39.91251199927269, 107.11268023023044], [50.76502563172149, 35.89059399838861, 53.4580968614827, 75.48249607346159, 58.643382188506614, 47.64117940199323, 58.816228717593965, 11.278443278593137, 49.81258883546154, 33.25369601879515, 33.255590385013676, 102.33336948449565, 54.814967291173716, 75.3843652210942, 39.4330564504155, 70.6540271047498, 73.04659529088026, 83.06294018581646, 84.1933961051903, 76.5708943423126, 82.08054456066579, 83.06528601913188, 16.478621314733065, 58.01303796795339, 44.8386668044778, 50.93922581270109, 66.62192493466688, 22.651185891758672, 25.58996070556013, 110.41664970138065, 0.0, 82.18898383221952, 60.13657970826235, 97.9205446941101, 23.47752621388015, 63.20318399844882, 86.14192292883979, 25.764744505894274, 41.079222980127575, 42.455326924573434, 103.39462036197881, 47.48250521866306, 76.56254294621894, 48.452856759545995, 80.92886416351733, 100.85766948048249, 86.52105862978759, 71.06484388370666, 70.56664211392642, 23.042065331411674], [36.77713558717699, 51.60571868751051, 59.02372038799456, 54.34491846116726, 28.352819393406925, 41.52992562208871, 26.18832517016009, 89.93414407435347, 59.09139166321995, 78.09275226524156, 55.18769982701009, 58.287714406953654, 27.62681869997854, 70.64706377277597, 42.89688860729345, 88.95262455506925, 23.32055921842345, 39.00820520539826, 77.00915108969589, 28.52209172855682, 24.210693471397757, 19.075922101403858, 83.67318556020274, 25.5510848673171, 56.2908031639142, 92.15481525043532, 30.237878276795907, 83.94885632617962, 63.46285400145079, 54.2985597257257, 82.18898383221952, 0.0, 67.40949119584376, 73.45251532647498, 69.33576964361357, 64.03588388169688, 69.46553821422863, 63.006269048326324, 54.98755077002063, 39.80247355681676, 55.051694129792196, 36.05729361724619, 12.667255674849626, 34.19000239345724, 83.3270487100737, 72.73515526541662, 7.126527129745532, 90.26187501219727, 37.078631513116186, 68.79020020388137], [64.76475748652543, 63.36235379353999, 10.430317079128466, 22.337965279813066, 41.440406412742234, 66.42978918286167, 44.70353973451645, 71.38632995310138, 13.08921754951373, 30.065019831750874, 33.40663815629638, 49.63519904332546, 49.44530876599337, 15.277936236277794, 51.13121593436772, 21.798916708871445, 76.92578872934502, 39.764754932258896, 24.10669203742827, 42.503952355475924, 49.61726457728023, 81.43758971245347, 47.70902562232462, 47.16359776747667, 19.451514777907374, 30.308180225600893, 37.26532023187223, 42.86671400574655, 36.52817751670445, 61.97938197753688, 60.13657970826235, 67.40949119584376, 0.0, 38.84471544447416, 36.763816498297594, 4.998733963821018, 26.81319431730441, 65.15455419594701, 24.19391764063847, 50.738191333713544, 52.608344621492975, 42.730021512212296, 71.88025835428758, 46.13220670667447, 22.734127613139126, 42.310216824690215, 66.46673203950434, 23.063747022530812, 32.305948704747614, 68.5486503665642], [88.49406498632301, 92.90368356334506, 44.4959622578009, 24.83732605386772, 59.286995855299764, 91.75181601671689, 62.423488944478535, 109.19097382797148, 48.15231845159735, 68.8991914044037, 67.32254709252537, 22.140690989429455, 69.75394999106487, 24.219621860140318, 79.03016204348015, 43.57477470417498, 91.88291700870813, 34.444605495589265, 18.661197670945462, 45.511082758363486, 49.30994962063955, 91.92098891655678, 86.45142640248714, 65.46755467125212, 53.61910739236224, 64.91594177650462, 48.97112233172896, 81.71031652828314, 72.92650832665687, 36.46198962867526, 97.9205446941101, 73.45251532647498, 38.84471544447416, 0.0, 74.47253312885734, 34.97162522964531, 12.032431027049476, 97.99852492797199, 58.01681032644943, 77.33885815421255, 27.090502704741596, 67.31934635873014, 83.21311975817045, 69.96694561743347, 27.914522897409814, 4.190154935310027, 68.86215625030991, 44.556902681783946, 40.197742342368535, 102.43351306828417], [46.731688472470985, 37.03073496345439, 30.076015946977854, 52.480764441598865, 42.17978125443373, 45.69304344861398, 43.495805523063815, 34.75591106970957, 26.454096714420277, 14.305838693056321, 14.255632745044649, 79.88023706056589, 42.22549944651745, 51.967302392576336, 31.55316820903493, 49.4723304291264, 66.84363558979696, 61.99459980671496, 60.86437735821155, 57.273519795754815, 63.600624941975425, 75.32405805201206, 15.1133134803002, 43.788575110278174, 21.966806418721305, 34.26711542027698, 47.604954087644764, 14.640406824970748, 6.005478533800956, 88.98346429298432, 23.47752621388015, 69.33576964361357, 36.763816498297594, 74.47253312885734, 0.0, 39.72744638514415, 62.669038212060535, 33.34839400989875, 18.95749844980847, 33.526969833429476, 81.33552946124027, 33.38804036075236, 67.0826616749198, 35.764068360405695, 58.14441769486883, 77.46339418120051, 72.14493617443144, 50.09780199643068, 49.78844086164332, 34.90947522141985], [63.92991190006926, 63.76091742474615, 10.732538044502759, 17.339240409247438, 39.048074731318266, 65.92989390982525, 42.39524447987909, 74.48072880007909, 14.178812222892335, 34.2886905791224, 34.666320180212296, 44.74568531745785, 47.70726134389616, 12.656688990046979, 50.98119347239904, 24.936494348959837, 74.78663879843121, 34.96389308642767, 21.903436924422643, 38.30806151310916, 45.34026705140233, 78.74960427426593, 51.50961683259646, 45.02203938300553, 20.418122853307285, 35.29734843100154, 33.79816468500845, 46.935204898270236, 38.82262756052868, 56.99044533822392, 63.20318399844882, 64.03588388169688, 4.998733963821018, 34.97162522964531, 39.72744638514415, 0.0, 23.023474268363785, 66.4320511110272, 25.19118644066815, 50.283655676954666, 47.64967619243902, 41.65787264858502, 69.18920482010569, 44.988757744996434, 22.58121838592232, 38.24096656872232, 62.714906561458086, 26.25492928203878, 28.153000396685123, 70.15279148621713], [79.97870870184613, 83.01039206361374, 32.86390145691513, 16.15745604246527, 51.43637234364414, 82.8820679710919, 54.74527121749277, 97.41951779559092, 36.51637569777333, 56.8669554032905, 56.18832453019584, 28.00206201757659, 61.684824258373936, 12.399564751695374, 69.34708381343637, 33.613656033484645, 85.76977125335114, 31.525002539438226, 9.777829677963734, 40.94345543651891, 46.146289718627216, 87.08591169750402, 74.44770775460165, 57.76080907482733, 42.22228805168234, 53.53394377627912, 42.09430214461146, 69.67962451005937, 61.368384337039316, 42.34770053804298, 86.14192292883979, 69.46553821422863, 26.81319431730441, 12.032431027049476, 62.669038212060535, 23.023474268363785, 0.0, 87.35984920383305, 46.75971358048612, 67.92917425221766, 32.36799089005305, 58.145762143677025, 77.94273522275117, 61.043332531788415, 19.271692121392064, 15.640174479535727, 65.8399717741432, 34.740251750502125, 33.517253910912316, 91.5723323953756], [27.561649534759407, 11.749159717370603, 55.69953463737569, 73.4057867843129, 45.84736516806386, 23.53936445640583, 44.59056387652882, 29.029736828441518, 52.34532269955739, 47.55009498582828, 31.798843982120435, 96.68155072916855, 38.24617339340213, 79.03965733393977, 22.251353762996043, 81.6776015003438, 49.52515771309184, 74.86703650638344, 88.3045184626973, 65.63335898618475, 69.43896118646066, 60.01239177004672, 37.70462128788425, 42.657424733493585, 46.02072096944765, 67.49086920654177, 56.26016665070663, 42.38770310471668, 30.167996008928853, 101.639753494933, 25.764744505894274, 63.006269048326324, 65.15455419594701, 97.99852492797199, 33.34839400989875, 66.4320511110272, 87.35984920383305, 0.0, 41.24122713063314, 25.21436214426221, 96.49990401966355, 34.230845904974224, 54.9441721464008, 33.367807388696114, 87.8339175792396, 100.06710522599145, 68.56057754291972, 82.45220560677691, 62.83187569187028, 5.824052168981743], [42.33208247507405, 39.23863735641509, 14.4587018386278, 34.562430354182766, 26.652275737023377, 43.296698431057706, 28.92842137679764, 52.13754895185841, 11.163611196365608, 23.31051156645402, 9.506248182007196, 61.29311141773952, 30.56910214575246, 37.81231972203564, 27.664603654316842, 43.269463782692334, 58.08354926018779, 43.045379518778034, 47.075526080353995, 38.902271411667904, 45.55228891823612, 64.72349990549846, 33.78054393493866, 30.25827117627347, 4.789054921095984, 38.13815496356525, 29.607352195966882, 31.680439515890203, 15.489503674045668, 70.04383831009869, 41.079222980127575, 54.98755077002063, 24.19391764063847, 58.01681032644943, 18.95749844980847, 25.19118644066815, 46.75971358048612, 41.24122713063314, 0.0, 27.845801836239065, 62.538399225368856, 22.05995675897113, 55.575432020242054, 25.380362973841308, 46.91847493526402, 60.58676567842804, 56.54442223708763, 44.295454669395916, 30.91625092023548, 45.03565488662411], [14.52377091109274, 16.25312165520445, 40.31785964897264, 52.53821969810967, 20.959500115353652, 15.692299087416735, 19.419036526649577, 50.232388299349964, 37.92156506519176, 45.87433637306604, 21.815097477577197, 73.02203681091858, 13.184186735302317, 62.0012077271914, 3.146972038010565, 70.98959738443277, 33.33029659674287, 50.671578454597324, 70.98475844246121, 40.766459766697416, 44.256351960109036, 42.168062596365736, 46.00333811439207, 17.450455746282454, 31.97206154127438, 64.2271081042469, 31.82094954683028, 47.724673649648466, 27.616110994315065, 76.889143599101, 42.455326924573434, 39.80247355681676, 50.738191333713544, 77.33885815421255, 33.526969833429476, 50.283655676954666, 67.92917425221766, 25.21436214426221, 27.845801836239065, 0.0, 72.36607419093151, 10.133230771527682, 34.61426580131639, 8.33248884673429, 72.85336863648746, 78.80260021611205, 44.537490472947304, 72.0519