instance_id,num_cities,city_coordinates,distance_matrix,best_route,total_distance
563,25,"[[93.37169664175028, 98.22530496137463], [51.168470731801044, 83.38409423238731], [57.75369894152524, 18.14456299222923], [64.72558769918496, 48.53409091703836], [12.578683310309312, 44.87737750989896], [68.27374487696983, 69.14778948932636], [79.9345409376044, 53.939931731623425], [76.52602093795291, 97.46040400063428], [97.70511093392852, 12.797590243496204], [93.79473264732577, 14.29962698490257], [48.37961524471017, 26.581538440819397], [97.76703959258244, 52.52463612825081], [25.84276169544988, 28.548850055739006], [23.74867685736264, 20.215764507411084], [6.486971990972323, 64.18133257730017], [10.897366285248244, 72.5323349753678], [27.474664208562327, 1.0685772052230313], [63.27181724234461, 79.89489454932884], [65.12283160825069, 27.90473542724331], [68.01226352940807, 54.04178963745101], [86.79130582036724, 80.23997504246402], [13.567806483544997, 0.05931304255042402], [27.09980581116249, 25.860469414377828], [62.38357558276204, 34.48008948667214], [22.916933474186905, 99.04481130526406]]","[[0.0, 44.73671661072612, 87.64454914312745, 57.35692033878181, 96.81690124426783, 38.41105425283785, 46.27906044331308, 16.86303244962929, 85.53755269673594, 83.92674414793237, 84.5997439103081, 45.91154725611287, 97.03074473175369, 104.56028541341979, 93.31638352041472, 86.38370143988553, 117.3961184698352, 35.24211522784639, 75.78245756958185, 50.94392872716779, 19.15133508803507, 126.51174986454639, 98.1255977714543, 70.87817818399934, 70.45952911881486], [44.73671661072612, 0.0, 65.57104290012254, 37.39409246855927, 54.5154925317738, 22.254500136347247, 41.16364294443092, 29.002549011236194, 84.54651634855223, 81.17673200960793, 56.87097730285687, 55.89036387745155, 60.401122026884245, 68.86278368146328, 48.633140808596394, 41.707583630767594, 85.65769557377808, 12.596249885681948, 57.20737226005139, 33.83318185968825, 35.761318001824634, 91.41569401500092, 62.3559784083699, 50.173501542018975, 32.3018175441422], [87.64454914312745, 65.57104290012254, 0.0, 31.179009611306387, 52.49214616794342, 52.07687086987903, 42.11054707367535, 81.50707152148304, 40.307634981011205, 36.24554653309958, 12.611740556917884, 52.75468565820233, 33.56422359034806, 34.06804078107337, 68.90327601828133, 71.78819994459788, 34.7621811018528, 61.99639567743894, 12.229680380983341, 37.33428756816158, 68.54941874982323, 47.74378868555105, 31.610067636167038, 16.978962970797614, 88.08206630941983], [57.35692033878181, 37.39409246855927, 31.179009611306387, 0.0, 52.2749575828091, 20.916835042314943, 16.141108187514973, 50.329259249234624, 48.62865855831384, 44.911175766580946, 27.36978947130569, 33.28155636845174, 43.718234300127975, 49.80998727946886, 60.30400095502374, 58.93549981522969, 60.33743690968941, 31.39448125075911, 20.633179848186927, 6.413811909294499, 38.62847401048081, 70.47639795625362, 43.92940444316255, 14.247806040166587, 65.56902044596188], [96.81690124426783, 54.5154925317738, 52.49214616794342, 52.2749575828091, 0.0, 60.753541300612575, 67.96279456975074, 82.79031745674861, 90.97044262295823, 86.78159653452803, 40.205030215300944, 85.53091026319935, 21.037028883100593, 27.073306257745696, 20.24232269386058, 27.706019189982, 46.27203508660596, 61.61185216707926, 55.217371357408794, 56.18601485735467, 82.20721771274425, 44.82897798579889, 23.92709326680284, 50.878589726018916, 55.14517477011181], [38.41105425283785, 22.254500136347247, 52.07687086987903, 20.916835042314943, 60.753541300612575, 0.0, 19.163848839579064, 29.490747712674203, 63.573188240196494, 60.494972905906295, 46.98576510124818, 33.85533430418048, 58.725311552026035, 66.15757515947382, 61.98605486659761, 57.47611650457649, 79.36840762300342, 11.854094112700404, 41.363241686247164, 15.108262773064965, 21.585565631636186, 88.1246689255733, 59.741822348049084, 35.164520724566394, 54.32377245819986], [46.27906044331308, 41.16364294443092, 42.11054707367535, 16.141108187514973, 67.96279456975074, 19.163848839579064, 0.0, 43.65374571678549, 44.81612902873172, 41.99355515603709, 41.76356089868759, 17.888573725278363, 59.754728768972015, 65.5299227636508, 74.15815312864865, 71.49691561429712, 74.48099620629822, 30.84325624529684, 29.953600449109146, 11.92271251146181, 27.179174064153994, 85.48487885241995, 59.832812401782434, 26.205378171002746, 72.70115351357904], [16.86303244962929, 29.002549011236194, 81.50707152148304, 50.329259249234624, 82.79031745674861, 29.490747712674203, 43.65374571678549, 0.0, 87.27167860384881, 84.9348175836134, 76.26292504549586, 49.70315993744312, 85.54294263434582, 93.55309924657244, 77.54331029945082, 70.20348236983992, 108.15461095094602, 22.005023014952236, 70.48420927825212, 44.24545330799965, 20.047923763335522, 115.97719296099618, 87.00288141501963, 64.54865433843024, 53.63249579503715], [85.53755269673594, 84.54651634855223, 40.307634981011205, 48.62865855831384, 90.97044262295823, 63.573188240196494, 44.81612902873172, 87.27167860384881, 0.0, 4.1889345562886176, 51.215249222214936, 39.72709415358945, 73.56833166346676, 74.32754167017261, 104.69497527791495, 105.37468509643264, 71.20312769883414, 75.41684135231586, 35.914213922335904, 50.820755313517715, 68.3197366024551, 85.09612039467288, 71.80353698608407, 41.445646731520895, 114.15714882839032], [83.92674414793237, 81.17673200960793, 36.24554653309958, 44.911175766580946, 86.78159653452803, 60.494972905906295, 41.99355515603709, 84.9348175836134, 4.1889345562886176, 0.0, 47.04655394079719, 38.43085409506782, 69.42989784211872, 70.2954523060764, 100.55262116739539, 101.30657248999839, 67.62700759308093, 72.34906697165009, 31.73605024136378, 47.37272639523712, 66.31121691895656, 81.4809561975403, 67.68948473256633, 37.33512896616295, 110.4780914078436], [84.5997439103081, 56.87097730285687, 12.611740556917884, 27.36978947130569, 40.205030215300944, 46.98576510124818, 41.76356089868759, 76.26292504549586, 51.215249222214936, 47.04655394079719, 0.0, 55.78675471235457, 22.622556948563613, 25.440247711305233, 56.29154534999622, 59.2991963623332, 32.98375613590395, 55.354237596511865, 16.795420341903096, 33.75657379611798, 65.9900431232829, 43.764031684712506, 21.29202268618457, 16.07787342199432, 76.80673197821855], [45.91154725611287, 55.89036387745155, 52.75468565820233, 33.28155636845174, 85.53091026319935, 33.85533430418048, 17.888573725278363, 49.70315993744312, 39.72709415358945, 38.43085409506782, 55.78675471235457, 0.0, 75.81517043981898, 80.76249876901085, 92.02135248658212, 89.14397429820986, 87.11339757475943, 44.03466147285499, 40.887453154381944, 29.793429700860766, 29.80950759352201, 99.20746434939738, 75.53036288052027, 39.71895251431441, 88.12868479919051], [97.03074473175369, 60.401122026884245, 33.56422359034806, 43.718234300127975, 21.037028883100593, 58.725311552026035, 59.754728768972015, 85.54294263434582, 73.56833166346676, 69.42989784211872, 22.622556948563613, 75.81517043981898, 0.0, 8.592177027090314, 40.55022078525986, 46.453329155642756, 27.528685071232662, 63.54014860126027, 39.28535065401812, 49.276331574509705, 79.916815710714, 31.02141590385766, 2.9677517385544965, 37.01905834478021, 70.55665116255786], [104.56028541341979, 68.86278368146328, 34.06804078107337, 49.80998727946886, 27.073306257745696, 66.15757515947382, 65.5299227636508, 93.55309924657244, 74.32754167017261, 70.2954523060764, 25.440247711305233, 80.76249876901085, 8.592177027090314, 0.0, 47.232802485162935, 53.871882545068175, 19.506351871284682, 71.57986580352832, 42.08254929488538, 55.708752285182, 87.04756697876988, 22.58168853792296, 6.564507502602927, 41.18405476195659, 78.83343463349514], [93.31638352041472, 48.633140808596394, 68.90327601828133, 60.30400095502374, 20.24232269386058, 61.98605486659761, 74.15815312864865, 77.54331029945082, 104.69497527791495, 100.55262116739539, 56.29154534999622, 92.02135248658212, 40.55022078525986, 47.232802485162935, 0.0, 9.444089097605602, 66.51092478139167, 58.91888220317052, 68.95038458083239, 62.35520691905816, 81.89423685221608, 64.51179431953535, 43.51295751440246, 63.297662944426776, 38.54096240826254], [86.38370143988553, 41.707583630767594, 71.78819994459788, 58.93549981522969, 27.706019189982, 57.47611650457649, 71.49691561429712, 70.20348236983992, 105.37468509643264, 101.30657248999839, 59.2991963623332, 89.14397429820986, 46.453329155642756, 53.871882545068175, 9.444089097605602, 0.0, 73.36126689928575, 52.88941667798405, 70.22836841991918, 60.033421975633644, 76.28432193815586, 72.52220459229923, 49.40427189559654, 64.02189574324831, 29.109816154567522], [117.3961184698352, 85.65769557377808, 34.7621811018528, 60.33743690968941, 46.27203508660596, 79.36840762300342, 74.48099620629822, 108.15461095094602, 71.20312769883414, 67.62700759308093, 32.98375613590395, 87.11339757475943, 27.528685071232662, 19.506351871284682, 66.51092478139167, 73.36126689928575, 0.0, 86.57380938458064, 46.233796044368496, 66.70425919000515, 98.92711563371284, 13.943432358423424, 24.79472601438563, 48.32143671565608, 98.08218675107683], [35.24211522784639, 12.596249885681948, 61.99639567743894, 31.39448125075911, 61.61185216707926, 11.854094112700404, 30.84325624529684, 22.005023014952236, 75.41684135231586, 72.34906697165009, 55.354237596511865, 44.03466147285499, 63.54014860126027, 71.57986580352832, 58.91888220317052, 52.88941667798405, 86.57380938458064, 0.0, 52.02309967430395, 26.284118105523255, 23.522019971050092, 94.04365348090388, 65.0240994604477, 45.42349053215666, 44.66806415886821], [75.78245756958185, 57.20737226005139, 12.229680380983341, 20.633179848186927, 55.217371357408794, 41.363241686247164, 29.953600449109146, 70.48420927825212, 35.914213922335904, 31.73605024136378, 16.795420341903096, 40.887453154381944, 39.28535065401812, 42.08254929488538, 68.95038458083239, 70.22836841991918, 46.233796044368496, 52.02309967430395, 0.0, 26.29628147883916, 56.64362347399509, 58.594267325319386, 38.07793999545395, 7.123117616607429, 82.71788339430307], [50.94392872716779, 33.83318185968825, 37.33428756816158, 6.413811909294499, 56.18601485735467, 15.108262773064965, 11.92271251146181, 44.24545330799965, 50.820755313517715, 47.37272639523712, 33.75657379611798, 29.793429700860766, 49.276331574509705, 55.708752285182, 62.35520691905816, 60.033421975633644, 66.70425919000515, 26.284118105523255, 26.29628147883916, 0.0, 32.2334817834045, 76.67011596663865, 49.679130488190175, 20.355398320585632, 63.70918891355457], [19.15133508803507, 35.761318001824634, 68.54941874982323, 38.62847401048081, 82.20721771274425, 21.585565631636186, 27.179174064153994, 20.047923763335522, 68.3197366024551, 66.31121691895656, 65.9900431232829, 29.80950759352201, 79.916815710714, 87.04756697876988, 81.89423685221608, 76.28432193815586, 98.92711563371284, 23.522019971050092, 56.64362347399509, 32.2334817834045, 0.0, 108.58461867996772, 80.74779133638238, 51.86236035344783, 66.58496308844217], [126.51174986454639, 91.41569401500092, 47.74378868555105, 70.47639795625362, 44.82897798579889, 88.1246689255733, 85.48487885241995, 115.97719296099618, 85.09612039467288, 81.4809561975403, 43.764031684712506, 99.20746434939738, 31.02141590385766, 22.58168853792296, 64.51179431953535, 72.52220459229923, 13.943432358423424, 94.04365348090388, 58.594267325319386, 76.67011596663865, 108.58461867996772, 0.0, 29.13442424222813, 59.730805818809095, 99.42602798968102], [98.1255977714543, 62.3559784083699, 31.610067636167038, 43.92940444316255, 23.92709326680284, 59.741822348049084, 59.832812401782434, 87.00288141501963, 71.80353698608407, 67.68948473256633, 21.29202268618457, 75.53036288052027, 2.9677517385544965, 6.564507502602927, 43.51295751440246, 49.40427189559654, 24.79472601438563, 65.0240994604477, 38.07793999545395, 49.679130488190175, 80.74779133638238, 29.13442424222813, 0.0, 36.321374691577155, 73.30378106884774], [70.87817818399934, 50.173501542018975, 16.978962970797614, 14.247806040166587, 50.878589726018916, 35.164520724566394, 26.205378171002746, 64.54865433843024, 41.445646731520895, 37.33512896616295, 16.07787342199432, 39.71895251431441, 37.01905834478021, 41.18405476195659, 63.297662944426776, 64.02189574324831, 48.32143671565608, 45.42349053215666, 7.123117616607429, 20.355398320585632, 51.86236035344783, 59.730805818809095, 36.321374691577155, 0.0, 75.67178564589655], [70.45952911881486, 32.3018175441422, 88.08206630941983, 65.56902044596188, 55.14517477011181, 54.32377245819986, 72.70115351357904, 53.63249579503715, 114.15714882839032, 110.4780914078436, 76.80673197821855, 88.12868479919051, 70.55665116255786, 78.83343463349514, 38.54096240826254, 29.109816154567522, 98.08218675107683, 44.66806415886821, 82.71788339430307, 63.70918891355457, 66.58496308844217, 99.42602798968102, 73.30378106884774, 75.67178564589655, 0.0]]",Route_3,1245.9537022837494
