instance_id,num_cities,city_coordinates,distance_matrix,best_route,total_distance
2503,30,"[[84.33755385778143, 79.48005656345919], [14.998584862553754, 11.39660255392747], [45.31954696161874, 36.37939915579699], [45.10260554422836, 30.827339263244347], [24.537976108188186, 70.7196386258914], [65.66925590927913, 22.50557908733467], [15.446397150763191, 46.246786291426424], [93.46283935540238, 47.29545724302362], [61.34631060357136, 64.04073731659916], [20.80903051417431, 23.271641109631368], [21.48950706679966, 40.49251128851247], [5.628889728857766, 78.34506038404615], [41.828255688973684, 79.19917296340957], [1.3316329914815794, 40.26853968160747], [71.4752726899966, 75.31922740745517], [72.9893373655897, 84.37525582670685], [5.2137059845919325, 81.6290313636123], [28.581299524336956, 3.6741294786905687], [60.05624097534541, 9.646879269421182], [70.8852753461568, 32.288209724216685], [87.56003204082087, 90.90445185445807], [6.590467492973695, 70.60065147758094], [52.6427311860087, 97.99657646412156], [15.172149942834922, 50.621817908006726], [49.71918934432785, 76.8870961885525], [8.784138316239332, 32.16528787227091], [97.4002148711154, 61.83524945776193], [99.86686168076562, 88.97056425837337], [70.13565215914144, 86.36805711846706], [77.20494042209445, 37.78027993698297]]","[[0.0, 97.17638257925206, 58.138382598088036, 62.501744534547235, 60.43785586427191, 59.95495335642815, 76.48818029869008, 33.453240034861686, 27.694220429192846, 84.82487398192434, 73.95881064489514, 78.71684715032099, 42.510226139146546, 91.80155747610263, 13.518534539831057, 12.359004546505867, 79.15302517877208, 94.10259549277588, 73.93412477520309, 49.07172510981084, 11.870180007277176, 78.25249691157461, 36.70726485897232, 74.94431957802239, 34.715336741736756, 89.14598104397967, 21.953868236521313, 18.199701584592628, 15.784123780039934, 42.305384351415064], [97.17638257925206, 0.0, 39.287413616364695, 35.83023290839019, 60.085127894786254, 51.874138681478314, 34.85306073192005, 86.28654009234207, 70.13926579509457, 13.22035624973436, 29.81113845784612, 67.60094076808093, 72.91789760262446, 31.943298623512725, 85.29782081696618, 93.21379302108097, 70.9107742953342, 15.624555289069166, 45.09161680346952, 59.66390385624902, 107.64135690802273, 59.798125778781625, 94.42794731258319, 39.225599350564266, 74.12506412871866, 21.67850630761662, 96.61307224986469, 114.97975449884852, 93.06350084534358, 67.57017910478818], [58.138382598088036, 39.287413616364695, 0.0, 5.556296664962284, 40.13883075027952, 24.62911970709788, 31.460616785215834, 49.36534135075996, 31.968840793517444, 27.795300637288737, 24.18240047648207, 57.762141527930694, 42.96186848457073, 44.1595062186353, 46.90876477425902, 55.400537529650435, 60.46492946673401, 36.73967326915044, 30.525362732155788, 25.891008068382536, 68.9727478901491, 51.68206368712289, 62.050830507172606, 33.342346032057655, 40.7459246059436, 36.7776402015519, 57.96892516249825, 75.77097194781196, 55.809542213525916, 31.916152385468454], [62.501744534547235, 35.83023290839019, 5.556296664962284, 0.0, 44.88094843339099, 22.186455319937863, 33.4252904689181, 51.087289261296185, 36.97279762616725, 25.44143003703558, 25.514583476568276, 61.77465548901857, 48.482529456403626, 44.777609399710165, 51.72084379646615, 60.37424268646414, 64.59052738861443, 31.784435722643988, 25.92726553566154, 25.82402378830639, 73.56556614348133, 55.36335558632617, 67.59112309202696, 35.88388994137812, 46.29053957345727, 36.343103448534904, 60.79909897308487, 79.87338958015026, 60.92146389161924, 32.846663279900845], [60.43785586427191, 60.085127894786254, 40.13883075027952, 44.88094843339099, 0.0, 63.37489814795071, 26.107035628803608, 72.79649062355044, 37.40937330433752, 47.59430116669573, 30.38046067074075, 20.38873720196322, 19.257628892542236, 38.285817057559136, 47.162124924224216, 50.33895399022943, 22.19104021256219, 67.16731914446912, 70.6500465292618, 60.20836216073549, 66.17557116525707, 17.947903037253724, 39.16514516524801, 22.17298124673023, 25.925490021042247, 41.64878590317169, 73.40189512837246, 77.50830463923755, 48.20810162790544, 62.11932453656304], [59.95495335642815, 51.874138681478314, 24.62911970709788, 22.186455319937863, 63.37489814795071, 0.0, 55.55160178955652, 37.2427353956516, 41.759516583003915, 44.86676580188963, 47.70094273485937, 81.9932512013329, 61.50249489321487, 66.74468137452149, 53.13182925271198, 62.30120779215627, 84.56036971159494, 41.59495165490969, 14.03039905547135, 11.08633036417138, 71.81651533912247, 76.1803073567022, 76.6066644053115, 57.79689088876115, 56.67233915815038, 57.6994504079869, 50.53391661136312, 74.74670891944609, 64.01847230087307, 19.141277471095126], [76.48818029869008, 34.85306073192005, 31.460616785215834, 33.4252904689181, 26.107035628803608, 55.55160178955652, 0.0, 78.02348982860566, 49.22831246408439, 23.592692358332712, 8.344510666687336, 33.56609378083948, 42.21211019731236, 15.328600712392262, 63.12243441626651, 69.02876326336657, 36.83220377401359, 44.55285365112204, 57.70261138001507, 57.16914443426931, 84.82147977131811, 25.91405486621313, 63.730746493192264, 4.383618730812899, 45.97230552555733, 15.578006628155944, 83.42318875965432, 94.61572826560275, 67.82795136334406, 62.336180480093], [33.453240034861686, 86.28654009234207, 49.36534135075996, 51.087289261296185, 72.79649062355044, 37.2427353956516, 78.02348982860566, 0.0, 36.21982639121389, 76.52267429166827, 72.29412586362479, 93.16050967128385, 60.69577668316492, 92.39879196443154, 35.62000536348286, 42.356531335006416, 94.69268109306574, 78.18205962222729, 50.33305314364357, 27.110217164056767, 44.006676143662524, 89.94409970261826, 65.09135673215752, 78.36132160682749, 52.81261224152733, 86.0197909487556, 15.063481788733347, 42.16427453051463, 45.50632619225489, 18.83767174814993], [27.694220429192846, 70.13926579509457, 31.968840793517444, 36.97279762616725, 37.40937330433752, 41.759516583003915, 49.22831246408439, 36.21982639121389, 0.0, 57.492523710298386, 46.29345242297961, 57.52429614821781, 24.71300546084476, 64.55136644006984, 15.159162631154043, 23.431873916078235, 58.82361251058004, 68.68532079620944, 54.409154311588225, 33.15440931256805, 37.53422904977917, 55.147391856295755, 35.053549134006886, 48.08451425165694, 17.326825590516187, 61.4721581924785, 36.121298282712765, 45.88386564618922, 23.995035622298076, 30.677479712446853], [84.82487398192434, 13.22035624973436, 27.795300637288737, 25.44143003703558, 47.59430116669573, 44.86676580188963, 23.592692358332712, 76.52267429166827, 57.492523710298386, 0.0, 17.234309329257997, 57.127210546617036, 59.74693838352133, 25.850794481466913, 72.63621228869586, 80.35195177841464, 60.405290699063954, 21.082472048865487, 41.544887341114624, 50.88151733246738, 95.02575068925222, 49.41864786492374, 81.22315225474007, 27.92501734069172, 60.91317022536683, 14.956436243656652, 85.75174289789649, 102.79342961332483, 80.08915854262547, 58.232287049065654], [73.95881064489514, 29.81113845784612, 24.18240047648207, 25.514583476568276, 30.38046067074075, 47.70094273485937, 8.344510666687336, 72.29412586362479, 46.29345242297961, 17.234309329257997, 0.0, 41.041133699867636, 43.724939720152086, 20.15911829711509, 60.92189196476584, 67.66038566996644, 44.23929231753923, 37.495156478598766, 49.384673523571685, 50.07247235823144, 83.10642587650604, 33.5928784992747, 65.40061838195696, 11.937832869639205, 46.0595350772933, 15.191084388934078, 78.85396649448485, 92.15818648406668, 66.86563495205465, 55.78141010114853], [78.71684715032099, 67.60094076808093, 57.762141527930694, 61.77465548901857, 20.38873720196322, 81.9932512013329, 33.56609378083948, 93.16050967128385, 57.52429614821781, 57.127210546617036, 41.041133699867636, 0.0, 36.20944081607207, 38.318244274368396, 65.91586921422777, 67.62982450736945, 3.310112224099849, 78.1188904023348, 87.64574520286969, 79.87258200744148, 82.88818006597928, 7.803877312399258, 50.9557001012015, 29.319822456777526, 44.11439878063922, 46.287438716000324, 93.24457075448211, 94.83510262656921, 65.00377585831139, 82.27169893444055], [42.510226139146546, 72.91789760262446, 42.96186848457073, 48.482529456403626, 19.257628892542236, 61.50249489321487, 42.21211019731236, 60.69577668316492, 24.71300546084476, 59.74693838352133, 43.724939720152086, 36.20944081607207, 0.0, 56.17446624245921, 29.89982599574974, 31.588049086077707, 36.69508770802541, 76.67798928634281, 71.9011891813689, 55.18105529424779, 47.20602633364299, 36.271700934591045, 21.68629195239588, 39.07957517056564, 8.222684048778387, 57.48130165288082, 58.22154658587838, 58.85541498715102, 29.201054688964586, 54.47049221588868], [91.80155747610263, 31.943298623512725, 44.1595062186353, 44.777609399710165, 38.285817057559136, 66.74468137452149, 15.328600712392262, 92.39879196443154, 64.55136644006984, 25.850794481466913, 20.15911829711509, 38.318244274368396, 56.17446624245921, 0.0, 78.41352498268384, 84.14409667511705, 41.54227681412067, 45.62559790568412, 66.22888847970907, 70.00996236987204, 99.99666196523131, 30.784612167729456, 77.23571083826253, 17.284394103176776, 60.68174594103403, 11.009201855768607, 98.4596130143359, 109.91395948980008, 82.82003719834366, 75.91409761708962], [13.518534539831057, 85.29782081696618, 46.90876477425902, 51.72084379646615, 47.162124924224216, 53.13182925271198, 63.12243441626651, 35.62000536348286, 15.159162631154043, 72.63621228869586, 60.92189196476584, 65.91586921422777, 29.89982599574974, 78.41352498268384, 0.0, 9.181723289893506, 66.56131645497953, 83.50396991256522, 66.65771969744651, 43.03506221351285, 22.39684585912458, 65.05615193247752, 29.477564006160932, 61.48173441816196, 21.81250501566532, 76.10808647229825, 29.22191452390083, 31.503036730416863, 11.12974488250417, 37.9736970745688], [12.359004546505867, 93.21379302108097, 55.400537529650435, 60.37424268646414, 50.33895399022943, 62.30120779215627, 69.02876326336657, 42.356531335006416, 23.431873916078235, 80.35195177841464, 67.66038566996644, 67.62982450736945, 31.588049086077707, 84.14409667511705, 9.181723289893506, 0.0, 67.83124617677747, 92.11267892504605, 75.83927244592232, 52.12952569000178, 15.96670110221934, 67.81260683188304, 24.485194688509704, 66.94864997002925, 24.44529246497003, 82.7537814167421, 33.22563509854789, 27.267529644157687, 3.480628714175478, 46.78528708145288], [79.15302517877208, 70.9107742953342, 60.46492946673401, 64.59052738861443, 22.19104021256219, 84.56036971159494, 36.83220377401359, 94.69268109306574, 58.82361251058004, 60.405290699063954, 44.23929231753923, 3.310112224099849, 36.69508770802541, 41.54227681412067, 66.56131645497953, 67.83124617677747, 0.0, 81.38188469018462, 90.49383329444765, 82.14177805758453, 82.8670672839384, 11.113983766480077, 50.17378762036839, 32.56712901609464, 44.75739043206384, 49.592438004317664, 94.28757194254945, 94.93744250025358, 65.09468073657233, 84.2938362960767], [94.10259549277588, 15.624555289069166, 36.73967326915044, 31.784435722643988, 67.16731914446912, 41.59495165490969, 44.55285365112204, 78.18205962222729, 68.68532079620944, 21.082472048865487, 37.495156478598766, 78.1188904023348, 76.67798928634281, 45.62559790568412, 83.50396991256522, 92.11267892504605, 81.38188469018462, 0.0, 32.03663027546878, 51.072418766204194, 105.29776840480183, 70.44683130063117, 97.34308654921898, 48.82510359799805, 76.20333903774444, 34.69400090084003, 90.10415632326287, 111.16255285878755, 92.54755475640765, 59.392659085427], [73.93412477520309, 45.09161680346952, 30.525362732155788, 25.92726553566154, 70.6500465292618, 14.03039905547135, 57.70261138001507, 50.33305314364357, 54.409154311588225, 41.544887341114624, 49.384673523571685, 87.64574520286969, 71.9011891813689, 66.22888847970907, 66.65771969744651, 75.83927244592232, 90.49383329444765, 32.03663027546878, 0.0, 25.097765441717414, 85.78608060394103, 81.07990676161702, 88.66018904667325, 60.774396124112485, 68.03015072564632, 55.99917175361444, 64.17319042437616, 88.75321132881533, 77.38044753267431, 32.94793052433638], [49.07172510981084, 59.66390385624902, 25.891008068382536, 25.82402378830639, 60.20836216073549, 11.08633036417138, 57.16914443426931, 27.110217164056767, 33.15440931256805, 50.88151733246738, 50.07247235823144, 79.87258200744148, 55.18105529424779, 70.00996236987204, 43.03506221351285, 52.12952569000178, 82.14177805758453, 51.072418766204194, 25.097765441717414, 0.0, 60.941868631486265, 74.84427506484823, 68.1936938217955, 58.652140039754755, 49.36662709255653, 62.101258684428224, 39.69974275770453, 63.66177551723026, 54.08504256361384, 8.372634107255656], [11.870180007277176, 107.64135690802273, 68.9727478901491, 73.56556614348133, 66.17557116525707, 71.81651533912247, 84.82147977131811, 44.006676143662524, 37.53422904977917, 95.02575068925222, 83.10642587650604, 82.88818006597928, 47.20602633364299, 99.99666196523131, 22.39684585912458, 15.96670110221934, 82.8670672839384, 105.29776840480183, 85.78608060394103, 60.941868631486265, 0.0, 83.47643196023694, 35.630269862358055, 82.84139105722278, 40.35363225095387, 98.2645959510995, 30.68953773053136, 12.457848009223461, 18.005218450821467, 54.12398326388837], [78.25249691157461, 59.798125778781625, 51.68206368712289, 55.36335558632617, 17.947903037253724, 76.1803073567022, 25.91405486621313, 89.94409970261826, 55.147391856295755, 49.41864786492374, 33.5928784992747, 7.803877312399258, 36.271700934591045, 30.784612167729456, 65.05615193247752, 67.81260683188304, 11.113983766480077, 70.44683130063117, 81.07990676161702, 74.84427506484823, 83.47643196023694, 0.0, 53.58495775048247, 21.743943167489235, 43.584470119935794, 38.497913802610626, 91.23180635858834, 95.06807775615462, 65.47214350318468, 77.86899623804342], [36.70726485897232, 94.42794731258319, 62.050830507172606, 67.59112309202696, 39.16514516524801, 76.6066644053115, 63.730746493192264, 65.09135673215752, 35.053549134006886, 81.22315225474007, 65.40061838195696, 50.9557001012015, 21.68629195239588, 77.23571083826253, 29.477564006160932, 24.485194688509704, 50.17378762036839, 97.34308654921898, 88.66018904667325, 68.1936938217955, 35.630269862358055, 53.58495775048247, 0.0, 60.402087769806954, 21.310965590622533, 79.10331678368303, 57.540193922887205, 48.07897042703957, 21.005350421845577, 65.0331030322369], [74.94431957802239, 39.225599350564266, 33.342346032057655, 35.88388994137812, 22.17298124673023, 57.79689088876115, 4.383618730812899, 78.36132160682749, 48.08451425165694, 27.92501734069172, 11.937832869639205, 29.319822456777526, 39.07957517056564, 17.284394103176776, 61.48173441816196, 66.94864997002925, 32.56712901609464, 48.82510359799805, 60.774396124112485, 58.652140039754755, 82.84139105722278, 21.743943167489235, 60.402087769806954, 0.0, 43.39772775806142, 19.530749947238043, 82.98913006515103, 92.97214928684792, 65.56508364650642, 63.34802437412675], [34.715336741736756, 74.12506412871866, 40.7459246059436, 46.29053957345727, 25.925490021042247, 56.67233915815038, 45.97230552555733, 52.81261224152733, 17.326825590516187, 60.91317022536683, 46.0595350772933, 44.11439878063922, 8.222684048778387, 60.68174594103403, 21.81250501566532, 24.44529246497003, 44.75739043206384, 76.20333903774444, 68.03015072564632, 49.36662709255653, 40.35363225095387, 43.584470119935794, 21.310965590622533, 43.39772775806142, 0.0, 60.627704407724735, 50.00038285146801, 51.582935563586396, 22.510454771577418, 47.79968189897262], [89.14598104397967, 21.67850630761662, 36.7776402015519, 36.343103448534904, 41.64878590317169, 57.6994504079869, 15.578006628155944, 86.0197909487556, 61.4721581924785, 14.956436243656652, 15.191084388934078, 46.287438716000324, 57.48130165288082, 11.009201855768607, 76.10808647229825, 82.7537814167421, 49.592438004317664, 34.69400090084003, 55.99917175361444, 62.101258684428224, 98.2645959510995, 38.497913802610626, 79.10331678368303, 19.530749947238043, 60.627704407724735, 0.0, 93.4511404128605, 107.34478059412257, 81.86542887429465, 68.65081424641201], [21.953868236521313, 96.61307224986469, 57.96892516249825, 60.79909897308487, 73.40189512837246, 50.53391661136312, 83.42318875965432, 15.063481788733347, 36.121298282712765, 85.75174289789649, 78.85396649448485, 93.24457075448211, 58.22154658587838, 98.4596130143359, 29.22191452390083, 33.22563509854789, 94.28757194254945, 90.10415632326287, 64.17319042437616, 39.69974275770453, 30.68953773053136, 91.23180635858834, 57.540193922887205, 82.98913006515103, 50.00038285146801, 93.4511404128605, 0.0, 27.247195375154483, 36.67717316795711, 31.408449002089913], [18.199701584592628, 114.97975449884852, 75.77097194781196, 79.87338958015026, 77.50830463923755, 74.74670891944609, 94.61572826560275, 42.16427453051463, 45.88386564618922, 102.79342961332483, 92.15818648406668, 94.83510262656921, 58.85541498715102, 109.91395948980008, 31.503036730416863, 27.267529644157687, 94.93744250025358, 111.16255285878755, 88.75321132881533, 63.66177551723026, 12.457848009223461, 95.06807775615462, 48.07897042703957, 92.97214928684792, 51.582935563586396, 107.34478059412257, 27.247195375154483, 0.0, 29.844896766984796, 55.98221042473225], [15.784123780039934, 93.06350084534358, 55.809542213525916, 60.92146389161924, 48.20810162790544, 64.01847230087307, 67.82795136334406, 45.50632619225489, 23.995035622298076, 80.08915854262547, 66.86563495205465, 65.00377585831139, 29.201054688964586, 82.82003719834366, 11.12974488250417, 3.480628714175478, 65.09468073657233, 92.54755475640765, 77.38044753267431, 54.08504256361384, 18.005218450821467, 65.47214350318468, 21.005350421845577, 65.56508364650642, 22.510454771577418, 81.86542887429465, 36.67717316795711, 29.844896766984796, 0.0, 49.09935771455948], [42.305384351415064, 67.57017910478818, 31.916152385468454, 32.846663279900845, 62.11932453656304, 19.141277471095126, 62.336180480093, 18.83767174814993, 30.677479712446853, 58.232287049065654, 55.78141010114853, 82.27169893444055, 54.47049221588868, 75.91409761708962, 37.9736970745688, 46.78528708145288, 84.2938362960767, 59.392659085427, 32.94793052433638, 8.372634107255656, 54.12398326388837, 77.86899623804342, 65.0331030322369, 63.34802437412675, 47.79968189897262, 68.65081424641201, 31.408449002089913, 55.98221042473225, 49.09935771455948, 0.0]]",Route_3,1539.8501787438418
