instance_id,num_cities,city_coordinates,distance_matrix,best_route,total_distance
872,95,"[[30.921210222765072, 47.62243595441045], [59.033282963942725, 25.514943061128136], [55.11206585703212, 42.98941522650092], [23.139463902074553, 9.238802094862642], [72.36471682153626, 88.04166062349056], [98.45444537316472, 32.306863102217406], [51.87973311598255, 2.8351719212134974], [74.65839652554668, 72.56020091784833], [45.99139489446637, 60.58754572993277], [45.13429896188216, 10.830910806013527], [1.032351226754935, 9.105444330273848], [30.52058780080349, 52.57352950184774], [24.36137576004267, 47.24460046920325], [54.76860735839354, 16.609854216123665], [28.51427851640157, 16.3361321353242], [57.94606639913719, 2.434082404152016], [79.75963274400915, 48.29969256751029], [99.44029590979159, 54.731747864774746], [41.243257853919104, 77.42794889220035], [2.429467668637253, 1.2088987589744193], [71.90933494945213, 25.5894890914495], [28.67741330939578, 23.256257838178882], [31.486908156355742, 11.961569013532557], [35.73482060924557, 62.9612868182027], [70.06070105201219, 59.37030079154414], [79.72071383054494, 58.61438077810695], [54.54472252292067, 25.122331050155832], [79.68107316045942, 80.0525543378561], [0.8771353769143619, 55.37395432176879], [37.43547995717089, 42.930659374328215], [34.400467326221396, 19.0459990827332], [28.263257784253536, 13.218770961213277], [93.83415921652237, 74.99508490363786], [22.8085843130875, 24.21502506760835], [95.38678216921494, 20.787165651075455], [11.805694968626334, 46.68591014827159], [53.21808911767688, 79.05690469967229], [63.810831448646134, 55.66872940976677], [50.90075860624539, 6.678089943847065], [88.83174918610082, 98.3317070039863], [64.60678247945089, 34.17981766391192], [86.52942558028631, 80.37441678003431], [5.193707058036767, 34.00203746224146], [47.74468248189934, 86.98051871269269], [45.744556244606706, 34.88693722180196], [92.29805719280066, 99.64375439419752], [9.50583686270755, 81.44235363779632], [89.13420268400051, 8.455585137309484], [86.90094197619594, 75.5897576430888], [29.547029351281072, 56.59394171648372], [15.797056536101483, 45.761147359798635], [27.617611487046855, 40.37190572878917], [93.84633089569387, 80.94424482382685], [28.024027211306645, 4.630727434035997], [76.49107909314064, 72.18088767238906], [11.508213191033356, 2.15064374104571], [34.06161359475295, 34.52283433322321], [26.442814079320986, 18.30451610948912], [45.16057820754521, 52.896509538725645], [69.56219901781944, 2.392629240601729], [62.063681047608696, 1.0306491350333236], [24.72054133183832, 91.1319147379961], [90.50238916060918, 34.574756863537374], [78.0429408519005, 44.19771990435212], [5.559652456383879, 37.87501090449547], [48.51402840543434, 56.47183982640846], [2.715281159361682, 54.08860870840074], [23.019922759372456, 31.521207600960054], [36.16927363162393, 1.0032849591711024], [48.211858444266696, 92.24052808957725], [61.506381410657994, 95.49565617625572], [48.674020933434, 16.284964858386886], [88.09631146806008, 87.42557482020837], [28.766415475871852, 82.092552258367], [27.733203022666885, 52.98480814944123], [76.43250177926187, 8.072114863632752], [79.82505704815891, 66.77691668368044], [10.540344913412202, 19.88830754517137], [0.4898866174370964, 44.62802904514677], [2.661939660082979, 52.80635731976895], [3.9652259722871785, 19.545717269116615], [4.853215908924158, 74.16936145262247], [37.36921565129771, 89.52357550312429], [68.32421164907737, 62.32134614452078], [29.09003928507905, 50.54787883088589], [96.9732170305642, 95.68670009661136], [71.71878646185667, 9.161249601194044], [71.6336820212513, 41.05686524136155], [80.6899762218959, 48.84670978748199], [85.06799993907505, 81.55610430109344], [82.72919102725467, 58.76728020190555], [60.634171730156126, 54.37415325065304], [26.368443441124224, 52.222190284069455], [54.76952352002491, 92.06441858696188], [50.46671690441412, 91.46142188115513]]","[[0.0, 35.76352717269078, 24.630517196826972, 39.164511028013685, 57.89022337193013, 69.24813803756753, 49.44854599929929, 50.34713087213508, 19.879751948415382, 39.44145299366062, 48.75348742251354, 4.967275474589014, 6.570706798526493, 39.12133147297392, 31.3787527938774, 52.65292155176911, 48.843118152750534, 68.88691762029224, 31.54224577902743, 54.46095692110837, 46.53468723518529, 24.469271762362844, 35.665353567952565, 16.076417224446907, 40.864557633777, 50.02213913231729, 32.62399506648543, 58.55968589453873, 31.02793048758768, 8.027980919882895, 28.787462101979507, 34.50618605597451, 68.60977380511284, 24.773404763454565, 69.82794353721121, 19.138443092811254, 38.53928688690551, 33.85956323923325, 45.55899278781928, 76.97441583671409, 36.26874363366405, 64.53654672548333, 29.110473616493845, 42.80289589807743, 19.542889122428154, 80.45703770458428, 40.03005181437638, 70.16263032570043, 62.57716396277555, 9.076138424818478, 15.23825514848245, 7.967681793300152, 71.20332687475052, 43.08921757125233, 51.76611342999889, 49.44237394026952, 13.470771914504535, 29.657991436556298, 15.184711152298974, 59.48833020372999, 56.04148542016459, 43.94909599427725, 60.993104637178504, 47.246017583583985, 27.17022096783904, 19.69312571681275, 28.937619536067412, 17.93543693555081, 46.913616456848956, 47.851234693599615, 56.80931183355428, 36.01665424248834, 69.66550126123926, 34.537400863549784, 6.238463389803383, 60.295153681901105, 52.521237288639334, 34.41745994953936, 30.578291795167985, 28.730809481410216, 38.922065965787844, 37.20590787703025, 42.394366011147966, 40.18759107577424, 3.4512900525088908, 81.6886839829655, 56.06875317573355, 41.23847813305654, 49.78382182491201, 63.90124164713052, 52.99315454225468, 30.470408070586842, 6.471895028600907, 50.43641410168117, 47.998786635994314], [35.76352717269078, 0.0, 17.9090234534973, 39.411660858175935, 63.932132279651306, 40.001977745341634, 23.7811962353906, 49.57217425752388, 37.4189564576645, 20.218866426157074, 60.277522601545485, 39.308280115466744, 40.9184452322931, 9.873604476481189, 31.869424257126052, 23.106452962874588, 30.801402326424064, 49.8632969040394, 54.87663590119395, 61.60175075112165, 12.876267776191105, 30.439784516652104, 30.70010933391118, 44.102687093489415, 35.606027533881395, 39.03258347894238, 4.505698505655677, 58.31536919004162, 65.3735271774997, 27.74477012738051, 25.468074965289006, 33.13593665296684, 60.492854327616605, 36.24801483026552, 36.65963425495039, 51.755723502432694, 53.85682998072743, 30.52991648666988, 20.517431315604835, 78.67801281363825, 10.302618537601843, 61.36448252445109, 54.50440996012358, 62.49359560004045, 16.261135642042323, 81.25038999383747, 74.70504113593654, 34.59894594877593, 57.30701069014993, 42.840906964369886, 47.7418062522048, 34.751600740865484, 65.45499064394339, 37.386152579414656, 49.82454246804391, 52.957744850383385, 26.546682961417563, 33.378569755824174, 30.69531104297961, 25.40668159529082, 24.67111593756735, 74.04695274185457, 32.747287993838455, 26.653578438755677, 54.88351698599108, 32.69532342404526, 63.15197301575716, 36.51078370764681, 33.5199090937848, 67.59738845564848, 70.0243987766331, 13.874682246445081, 68.39287938550015, 64.16470314757116, 41.64478949761159, 24.63706701112565, 46.20441901806889, 48.81827596302452, 61.584408023594236, 62.63026136076998, 55.39063600819401, 72.81986058144365, 67.57541594116441, 37.9609360233574, 39.0287806018152, 79.77163708002033, 20.69698743240373, 20.00803342309919, 31.833688153308085, 61.793351107534484, 40.83153174041916, 28.90357862972968, 42.1932316287671, 66.68592308245529, 66.50055731204466], [24.630517196826972, 17.9090234534973, 0.0, 46.490334076361194, 48.24270701995878, 44.63943079843766, 40.28413124754065, 35.44700846343045, 19.821221859996644, 33.670836621272976, 63.818014840549374, 26.39310590727967, 31.043703756008185, 26.38179680841513, 37.65421345554589, 40.65423199870023, 25.213123544821737, 45.85710801389724, 37.12622302996529, 67.23888538764693, 24.184823308604383, 32.98770006876116, 38.998401467206875, 27.827204104406384, 22.17645386637905, 29.150044658167364, 17.87608948912937, 44.466981015845114, 55.63096703083117, 17.67668354995748, 31.658450535917222, 40.08927231690798, 50.237072024781476, 37.362984967722966, 45.98904935129976, 43.46384513858428, 36.11718351126713, 15.37639525297833, 36.554718608453626, 64.8057582549344, 12.952167886296454, 48.83327587965044, 50.72095724907745, 44.60376131817828, 12.385490953349931, 67.7680758038197, 59.653638577589284, 48.47773937491416, 45.53366853876725, 28.95952749195034, 39.41259261864941, 27.61876856548483, 54.23017958523964, 46.959032856651916, 36.182927887454746, 59.74195530579291, 22.689304362825, 37.83213239973188, 14.042173056518218, 43.091824987454245, 42.530730133355874, 56.932811472645284, 36.376935809618466, 22.96268773956561, 49.815648198108306, 15.010325489638094, 53.559454278424816, 34.079692409750095, 46.061529632874475, 49.732132274724215, 52.894164234564194, 27.469548447350444, 55.34015484226671, 47.15027698475616, 29.14635500001589, 40.9118424486683, 34.30127051856867, 50.20258443526896, 54.64675214620813, 53.36092287562565, 56.263720141071374, 59.145084705073025, 49.80197592539479, 23.415472437030846, 27.09753197193877, 67.30051864774057, 37.684585161839024, 16.634258328006414, 26.239996154860705, 48.83387648860159, 31.806392845618948, 12.653296533021178, 30.19006400874206, 49.076198814515955, 48.694093030063016], [39.164511028013685, 39.411660858175935, 46.490334076361194, 0.0, 92.91402497614621, 78.76853351833901, 29.445025961760972, 81.63210133006177, 56.20412994594964, 22.05238262538233, 22.107514901785173, 43.95883971906097, 38.02543594305888, 32.47668587086362, 8.902849310283834, 35.465529566857896, 68.78660250517798, 88.83369338203845, 70.55144999501934, 22.212232926311035, 51.43778073787974, 15.071759988597185, 8.780278200133257, 55.17923862677324, 68.66418030717375, 75.09584285280563, 35.19341928707506, 90.61755395208995, 51.22561412381471, 36.59941696239777, 14.932893586895483, 6.487943890338074, 96.54858193899192, 14.979877697491544, 73.16447018614937, 39.12467533156641, 76.02164919413676, 61.72437353732799, 27.879145079650176, 110.69336949873757, 48.39000689825512, 95.28149305191627, 30.582151895599665, 81.5425734450903, 34.18796623527267, 113.82427872030237, 73.47944366733896, 65.99938617667017, 92.02160283520031, 47.786673284181354, 37.25308912800505, 31.45352043370666, 100.70318543626185, 6.715155307336456, 82.51121730009959, 13.620865682910214, 27.54225190756433, 9.648797489247507, 48.897084724025575, 46.92483796857515, 39.78025207819389, 81.9083738345467, 71.9699541713572, 65.08853751307299, 33.601818781948836, 53.6174260579972, 49.28135949808504, 22.282726162275537, 15.414268846770794, 86.70589072364707, 94.40479455583377, 26.48890357258722, 101.64921777817842, 73.07072941267364, 43.98653754088047, 53.30580686261898, 80.77060790138536, 16.496962315124186, 42.01667211133553, 48.140013163236816, 21.768874582700953, 67.45638890556303, 81.53606978546634, 69.70952525834738, 41.73546655030319, 113.68668422449264, 48.5793844625128, 58.000675283869604, 69.8630647771837, 95.20995627597664, 77.48551943720359, 58.6775343642668, 43.10450056650286, 88.65970572211141, 86.64489575950273], [57.89022337193013, 63.932132279651306, 48.24270701995878, 92.91402497614621, 0.0, 61.53894369125109, 87.63435555983777, 15.65044923323331, 38.06941730651439, 81.87182387237014, 106.39188232208807, 54.85361846556504, 62.997784645958895, 73.56715323334485, 84.05084030109194, 86.81333381793095, 40.424111696647074, 42.92595101983912, 32.88154626820347, 111.49380075635518, 62.453831761685386, 78.13916369028371, 86.36651886377447, 44.39340544198156, 28.763785621492282, 30.332746184529103, 65.39414523304518, 10.833046169996006, 78.59804918582267, 57.05308073740512, 78.75078127351664, 86.85276913622528, 25.12270078565353, 80.80624775089076, 71.08574109388883, 73.33275683587654, 21.149921783325418, 33.48396079231123, 84.1470863191893, 19.4177292546881, 54.41767793886853, 16.106694334196206, 86.21035566599848, 24.64289173452972, 59.44793998997388, 23.0639683970681, 63.20434828688506, 81.33362814594895, 19.140316862066282, 53.12544950167071, 70.62253175870704, 65.3812585343598, 22.62372768277505, 94.46417591154002, 16.38874565678877, 105.26528779816184, 65.81331540265565, 83.49904476359117, 44.443748744904404, 85.69486964146233, 87.61864789107494, 47.74428896303046, 56.45958692335312, 44.210104794292576, 83.5440564544271, 39.56651264746308, 77.48453795698973, 75.02979615399094, 94.26446279482724, 24.51511892262002, 13.17063011384709, 75.56634474941998, 15.743653700445227, 44.00231551370162, 56.75345742213356, 80.07293627375164, 22.535439004435993, 92.01702286888052, 83.96865262518064, 78.10252072068141, 96.79971386549711, 68.92200983546324, 35.026863603049705, 26.03574963287536, 57.25802466899996, 25.768680817676778, 78.88305565250367, 46.99048211052701, 40.06936629297255, 14.26309373086117, 31.054978258383663, 35.652583929372796, 58.29829860538186, 18.049194135756363, 22.163419578885044], [69.24813803756753, 40.001977745341634, 44.63943079843766, 78.76853351833901, 61.53894369125109, 0.0, 55.11609930780459, 46.760914726484195, 59.600072780324794, 57.482645558024146, 100.14674363604153, 70.89250151896015, 75.58385384683686, 46.420346089004255, 71.74044317934445, 50.33201559383593, 24.602166846543717, 22.446544453312715, 72.86310698995264, 100.93502726729017, 27.381855324423046, 70.3615495798215, 69.98987092744042, 69.81006391549847, 39.22543022248516, 32.29610168082501, 44.493609221913474, 51.303903709227825, 100.26675482648993, 61.936896819824334, 65.4122512850731, 72.74034696593894, 42.93752816286156, 76.07742200087259, 11.921157112407913, 87.83372325377441, 65.05301158775953, 41.784647696527344, 54.02024748859896, 66.7223822578412, 33.89944309508144, 49.524699026146045, 93.27614339794317, 74.5700252802774, 52.77299682988856, 67.61773468769324, 101.61767260727112, 25.60762355909312, 44.7983526547569, 73.06226228654913, 83.74521893365176, 71.2944734714962, 48.85519030534038, 75.67306183826427, 45.52282168070375, 92.02741361587971, 64.43094996148575, 73.36034871035757, 57.132913612445094, 41.58873990619813, 47.984260839563234, 94.32430919507208, 8.269131763388287, 23.62248912181913, 93.06152169935548, 55.47964804314703, 98.18570163730578, 75.43861382963895, 69.70908565912364, 78.20717192256065, 73.19824451946317, 52.295237648713275, 56.08353875645752, 85.64482678900539, 73.68223348252859, 32.745824494744674, 39.18212224054224, 88.78687730611375, 98.73634539721233, 97.96138736240023, 95.34704728496231, 102.53613472993354, 83.69681874564503, 42.52881583779223, 71.72276825922427, 63.39714327033097, 35.36261983734464, 28.211981217460938, 24.272265913969367, 51.036111529239065, 30.78046941378626, 43.78742277101148, 74.78644216237566, 74.02254950234587, 76.1714113557136], [49.44854599929929, 23.7811962353906, 40.28413124754065, 29.445025961760972, 87.63435555983777, 55.11609930780459, 0.0, 73.35153151303511, 58.05178039951067, 10.461009618636593, 51.232534205061306, 54.13055794478727, 52.24420863146668, 14.074354930659426, 26.985559014926487, 6.0795782997676975, 53.33208641021262, 70.39361993767383, 75.34730905774853, 49.476999880865165, 30.31408747580941, 30.909034188004174, 22.341853855950898, 62.25598680011538, 59.38660111065315, 62.34132135148865, 22.44592681485641, 82.06971826165031, 73.2228695986855, 42.61789018028368, 23.83937184176168, 25.798392122720546, 83.46991620372404, 36.08642145297142, 47.06524616101962, 59.403836378585304, 76.23348178155088, 54.16397238312521, 3.9656537946972894, 102.39648287153976, 33.82993647992, 84.92900376871849, 56.133399476031286, 84.24688736330101, 32.63366442995747, 104.90730461510887, 89.3008180315678, 37.67604739770406, 80.74475099715393, 58.213013900181885, 56.076723482406784, 44.695155563864674, 88.6691750210288, 23.923183814242122, 73.58360309097547, 40.37732284191232, 36.35372515176837, 29.771420182668688, 50.51024219639137, 17.688002837906463, 10.342586618439116, 92.37930769615551, 49.99110733172978, 48.94255627457808, 58.08046305158089, 53.74216326284957, 71.0215327819182, 40.69124349094277, 15.816900677799513, 89.48056222554368, 93.15920619975411, 13.826551292718635, 92.01726365278664, 82.55881412811631, 55.6600478743144, 25.10505965765996, 69.78171574949083, 44.7186141508423, 66.23865359233659, 70.13922271314668, 50.74487482147888, 85.4403880885892, 87.89445052261927, 61.71730549814278, 52.876011059407844, 103.22222907911521, 20.82323933670232, 43.02460153925215, 54.28712300942911, 85.43094433212366, 63.87558054642173, 52.2772110190057, 55.58690028817585, 89.2760289725986, 88.63751348484573], [50.34713087213508, 49.57217425752388, 35.44700846343045, 81.63210133006177, 15.65044923323331, 46.760914726484195, 73.35153151303511, 0.0, 31.06672584559053, 68.42643929549342, 97.1972256802017, 48.452174288809694, 56.3087020269601, 59.380510347731054, 72.73531148832673, 72.09004422284033, 24.79102410900718, 30.528614042509155, 33.7678317750179, 101.52845159650279, 47.05109041273924, 67.41757649698805, 74.40411007925535, 40.0896983526246, 13.968259340706663, 14.83620422704208, 51.525832156968036, 9.020124187016515, 75.75646222431413, 47.57578428082347, 66.96619043567676, 75.32538886804412, 19.329731886523142, 70.89188285310179, 55.768388466291015, 67.97014797565106, 22.40298957221384, 20.074647638400123, 70.03483351800902, 29.411808029910084, 39.6747875060562, 14.212082900099883, 79.44856859558189, 30.533482751358786, 47.48984056936339, 32.32145568136022, 65.75521779722344, 65.71872433566891, 12.611825128135207, 47.85349392903896, 64.67493035914516, 56.999314067946095, 20.939651802512174, 82.39646696991865, 1.871524494027168, 94.58039647313856, 55.632185297929304, 72.58389438885742, 35.45112190291313, 70.35239401839361, 72.62990868933144, 53.27943257548125, 41.15733303584068, 28.563708959761986, 77.31557953089438, 30.697937178392017, 74.2765882855717, 65.96007084110404, 81.25149107961457, 32.96565870828132, 26.438808775976792, 61.984594605918744, 20.038884681019344, 46.87152276961781, 50.84456497326059, 64.51248477920514, 7.7550472267481805, 82.97862914027317, 79.25385850238139, 74.65724437774246, 88.36322673722299, 69.82372547025808, 40.96631650017904, 12.039769313345872, 50.606496670438005, 32.1369908117807, 63.46706496583916, 31.648207794090013, 24.46854338172535, 13.758129266278258, 15.98068790024646, 22.965435133372644, 52.39803665630444, 27.856449456345533, 30.700057276742477], [19.879751948415382, 37.4189564576645, 19.821221859996644, 56.20412994594964, 38.06941730651439, 59.600072780324794, 58.05178039951067, 31.06672584559053, 0.0, 49.7640164414995, 68.34999906393523, 17.42326973427605, 25.414403711013165, 44.845031046044284, 47.577696476537504, 59.36951631576188, 35.9344573189098, 53.7687212827646, 17.496970709912297, 73.64417980893082, 43.55001245883081, 41.15092968555114, 50.743134975678466, 10.527676040912045, 24.100066061023696, 33.78698471037068, 36.48206224711461, 38.90862348853598, 45.414512517347504, 19.620634958863338, 43.12829349433802, 50.577541147115696, 49.965060622575464, 43.132388825374704, 63.43480541819211, 36.90416712601556, 19.832859858045733, 18.485861437865683, 54.13253435048522, 57.0956886823736, 32.30945305244428, 45.10933603853892, 48.69538564022508, 26.451144403086634, 25.701793848042406, 60.57800267785793, 42.025218116777545, 67.66862773246932, 43.573586089734334, 16.922353002290674, 33.63807600813907, 27.3179065332357, 52.00471226418745, 58.770671386856385, 32.62876512547751, 67.85249689179294, 28.665115769045016, 46.58327603088457, 7.735780119789113, 62.78718907724483, 61.68745670072674, 37.22106512962124, 51.55476500933995, 35.99899983130618, 46.374400640613594, 4.82728856760847, 43.76137797674516, 37.04781429829794, 60.388394561373374, 31.730769776920898, 38.20066729168863, 44.383726233213125, 49.93099042798736, 27.552953049700555, 19.77784591772479, 60.70034157601324, 34.39513057880872, 53.97411355065631, 48.21922260153648, 44.02259174540843, 58.74206804056696, 43.3222285734657, 30.193307104991906, 22.400017144472447, 19.658350207450923, 61.89585467196206, 57.502718286899736, 32.23312534395536, 36.631117574594775, 44.34705751641852, 36.78286328287725, 15.906513117631485, 21.33165243191107, 32.67795995811896, 31.196550060763766], [39.44145299366062, 20.218866426157074, 33.670836621272976, 22.05238262538233, 81.87182387237014, 57.482645558024146, 10.461009618636593, 68.42643929549342, 49.7640164414995, 0.0, 44.1356888310446, 44.22676530660187, 41.92220334424959, 11.234593237689785, 17.508070753023873, 15.31822809846545, 51.017872811539064, 69.83140267076304, 66.71061147041657, 43.77540098751667, 30.573161189890218, 20.620822831515536, 13.69414706292426, 52.970994860148814, 54.56553767100869, 58.98711805166626, 17.111422038884708, 77.36352849228741, 62.7915540039667, 33.01008440183582, 13.516760594795219, 17.039187379039856, 80.55257678343835, 26.030214158681645, 51.22927950931071, 48.952801982854815, 68.70323068139145, 48.57203766440348, 7.106192928939849, 97.80519664811902, 30.403109475854606, 80.93117897888536, 46.17523137081694, 76.19433631486366, 24.06376572501131, 100.55914317795158, 79.09085389814963, 44.06397280759066, 77.05946218572318, 48.34478226268289, 45.61573433424492, 34.34391825518033, 85.37412759269725, 18.199001984303678, 68.8989645909494, 34.72838436477639, 26.15170360910717, 20.13023555120882, 42.065606941304246, 25.844281706405173, 19.56141882952774, 82.85513100021296, 51.205798830632666, 46.864940632101955, 47.93261933351711, 45.765893118744465, 60.585489179709896, 30.284220582493152, 13.302402375424409, 81.4677676055011, 86.23319657949288, 6.50202562607201, 87.82070982421165, 73.11722883353411, 45.604267356531615, 31.419555290448205, 65.8285976629042, 35.76000688476105, 55.99436359894442, 59.7146499168359, 42.081354808417736, 75.06214080501712, 79.0748505907676, 56.47155905222322, 42.835217026010554, 99.43730890697852, 26.63686813751159, 40.197333544091144, 52.05196593422459, 81.22040056939112, 60.92020535312092, 46.21969297199341, 45.44662088930809, 81.8029360028308, 80.80664574991572], [48.75348742251354, 60.277522601545485, 63.818014840549374, 22.107514901785173, 106.39188232208807, 100.14674363604153, 51.232534205061306, 97.1972256802017, 68.34999906393523, 44.1356888310446, 0.0, 52.526474512670816, 44.70837300399532, 54.25773116137375, 28.417233744464436, 57.3033859791231, 87.944152449035, 108.47065571370909, 79.27724542006352, 8.019187384753304, 72.76860967007632, 31.056319493600242, 30.588191937161245, 64.06803533219434, 85.39009822379992, 92.96769975352254, 55.85798548046854, 105.92031854291766, 46.268770340188524, 49.69238326081531, 34.81732041404271, 27.539820767681398, 113.81397234547592, 26.504787444692237, 95.07481922934339, 39.09419837364895, 87.27289411398895, 78.16186471908479, 49.92744840149678, 125.18011117083225, 68.3405626782398, 111.30595741943908, 25.241973614067504, 90.81062218351775, 51.61265981592427, 128.55588152516356, 72.83150696633584, 88.10424817887753, 108.59824489360557, 55.39173451468541, 39.51755416850287, 41.04104861589559, 117.3680027875516, 27.36007426445517, 98.34902726523349, 12.57429660579642, 41.67704268702471, 27.0243324428337, 62.168784840617754, 68.85783851308867, 61.56318329283268, 85.37840592329835, 93.02458582978143, 84.62918361522594, 29.123605842896062, 67.06776490980273, 45.014634627281474, 31.399358988829967, 36.05895592721083, 95.58947668521695, 105.45319828946509, 48.17960364567042, 117.1075403757586, 78.07878228738754, 51.36471605880938, 75.40723090743579, 97.64368496768262, 14.37609415163606, 35.526726455975165, 43.731285764055215, 10.844401934201509, 65.1760102969129, 88.2464930608655, 85.79118069475962, 50.047070209111574, 129.2322079872525, 70.68645726356989, 77.49478181265751, 89.0208144200377, 110.955344101615, 95.60685945856292, 74.84405797815664, 50.009712560053515, 98.8426785138809, 96.05344110605195], [4.967275474589014, 39.308280115466744, 26.39310590727967, 43.95883971906097, 54.85361846556504, 70.89250151896015, 54.13055794478727, 48.452174288809694, 17.42326973427605, 44.22676530660187, 52.526474512670816, 0.0, 8.144530532695816, 43.374559277556585, 36.29289523920632, 57.149987153194424, 49.42417656431247, 68.9534920967038, 27.068760893316085, 58.54431075374893, 49.40816559441138, 29.375154638012322, 40.62345516735409, 11.622982656965458, 40.120028114183214, 49.569590330002974, 36.479135757040744, 56.319180806674645, 29.775437037588688, 11.865946141391328, 33.75127791856789, 39.419443915347905, 67.16646836069972, 29.38842921187382, 72.2356982294365, 19.61915582721337, 34.879015580979605, 33.43382396021594, 50.21695664097019, 74.12153769599907, 38.73238054712969, 62.529027202275095, 31.406228756975697, 38.47740043374234, 23.33633993707006, 77.66634918608915, 35.70754491676138, 73.36176704952129, 60.89738167435731, 4.136608566232814, 16.223160091423836, 12.542204518245585, 69.39054133238072, 48.00776067356613, 49.977340506340866, 53.88819719334767, 18.39474000207723, 34.510773932342744, 14.643552684158006, 63.57963634254088, 60.42876176196556, 38.99217371552116, 62.62405536894571, 48.254825934061856, 28.967132102177576, 18.410886132366223, 27.846553510744148, 22.34860696961537, 51.87868323123459, 43.43330328145902, 52.937967130278295, 40.575941866868895, 67.30251866521307, 29.571097799125717, 2.817563491272909, 63.93965709923456, 51.30952051228374, 38.30840430240275, 31.06403050269039, 27.859621049491473, 42.37951890623541, 33.54391058720107, 37.57937736220517, 39.04015759907938, 2.4798648545050934, 79.21298763637967, 59.84912379549348, 42.69566807145872, 50.30762089117142, 61.76900365860152, 52.574716343423816, 30.16736950671913, 4.166982364921334, 46.34157101618071, 43.704876614887006], [6.570706798526493, 40.9184452322931, 31.043703756008185, 38.02543594305888, 62.997784645958895, 75.58385384683686, 52.24420863146668, 56.3087020269601, 25.414403711013165, 41.92220334424959, 44.70837300399532, 8.144530532695816, 0.0, 43.16349628408618, 31.186215160711267, 55.9992319106429, 55.408303495031326, 75.45131958405622, 34.583702304056274, 50.9930821237844, 52.247031225330566, 24.373525848978993, 35.995354153456454, 19.40024426471702, 47.280661379135374, 56.51484951653765, 37.422309202627495, 64.31664448275679, 24.851477630772315, 13.767435793473576, 29.93233167708709, 34.248821250338835, 74.81013987112121, 23.081865272448887, 75.79316732228288, 12.568104670579565, 42.9503504788562, 40.33888325839386, 48.476598664315894, 82.25765316243626, 42.312897699874256, 70.4446672732699, 23.297317409161284, 46.10555532581409, 24.69721135212664, 85.79664338510736, 37.285028600099714, 75.49905176979965, 68.66327459214929, 10.691173224975064, 8.691846575807167, 7.605064372162393, 77.22580540099, 42.77098538391184, 57.786887691556586, 46.88996397339549, 15.99806074711911, 29.014838759233704, 21.553442847543987, 63.677419437914345, 59.642209230660264, 43.88878391611861, 67.34358611364524, 53.767963620429555, 21.00699901933703, 25.855223378731466, 22.70228755521861, 15.780512648267422, 47.725105680805285, 50.92621158782976, 60.89265819152031, 39.36500669988204, 75.34356461902532, 35.125263255923265, 6.65726695433186, 65.1604618877739, 58.80247714792349, 30.649431580519526, 24.014463140006374, 22.40086307089636, 34.39812577302141, 33.24922637883544, 44.23477849560733, 46.476221872742656, 5.768180533562578, 87.28755071032263, 60.77060113012035, 47.675559844677004, 56.35137961273715, 69.73215552684496, 59.49431911779321, 36.96682634948471, 5.367002985046858, 54.16153197890434, 51.34799053556487], [39.12133147297392, 9.873604476481189, 26.38179680841513, 32.47668587086362, 73.56715323334485, 46.420346089004255, 14.074354930659426, 59.380510347731054, 44.845031046044284, 11.234593237689785, 54.25773116137375, 43.374559277556585, 43.16349628408618, 0.0, 26.255755687486285, 14.527517076936912, 40.35835978532204, 58.72681272972484, 62.30389810634976, 54.557996411680264, 19.35041045675893, 26.924432918999887, 23.741189377510025, 50.107288314945926, 45.412596499911785, 48.85680985383654, 8.515420498688776, 68.15869094308641, 66.38483418169419, 31.515426217698256, 20.513311048713746, 26.721395953226267, 70.24921710890736, 32.852422996436125, 40.8324142782058, 52.44407479825059, 62.46629667996707, 40.091863861523485, 10.658339248192652, 88.53676555112905, 20.136864335571392, 71.23671113331237, 52.53721326694874, 70.72033613013525, 20.3834555878215, 91.12128282490109, 79.06940858642062, 35.319771322774514, 67.16484151879283, 47.27425568325014, 48.66805590367222, 36.08062733512894, 75.27271943886579, 29.30481267139042, 59.66578196641903, 45.61283230712575, 27.37981825000038, 28.3764417047236, 37.53712267429231, 20.517793258302422, 17.202608264148502, 80.35187475324916, 39.995510860837996, 36.09411216249421, 53.60716492717204, 40.34969212612845, 64.14207516657999, 35.07602362776588, 24.27962559537948, 75.91435823923956, 79.1730216050426, 6.103239859785267, 78.26622608697363, 70.45635333727608, 45.32163237624173, 23.285560219363457, 56.07637495130625, 44.34960490390969, 61.08353007173406, 63.44518622838429, 50.88814058430615, 76.18820890966212, 74.96098707791516, 47.679082436698806, 42.557941362900216, 89.63468431353282, 18.514596467355936, 29.699951034502895, 41.36583398030754, 71.66637001312188, 50.586982563205545, 38.217105162069075, 45.55005807618777, 75.45456437640019, 74.9750854843849], [31.3787527938774, 31.869424257126052, 37.65421345554589, 8.902849310283834, 84.05084030109194, 71.74044317934445, 26.985559014926487, 72.73531148832673, 47.577696476537504, 17.508070753023873, 28.417233744464436, 36.29289523920632, 31.186215160711267, 26.255755687486285, 0.0, 32.549917430038555, 60.39665160764287, 80.65186451986769, 62.40382191525357, 30.153781629941438, 44.370660776971924, 6.922048302633787, 5.288981894738675, 47.18094188670759, 59.81676100759282, 66.40443754661663, 27.473283505025655, 81.71794987907177, 47.83056807077427, 28.05096636861039, 6.480015245160145, 3.127451374173923, 87.79270786661763, 9.72789289518182, 67.02047033671039, 34.645140923485506, 67.41048560344572, 52.847893593332834, 24.380981723165416, 101.79131380443225, 40.26246335690181, 86.40983271064172, 29.25633716247307, 73.21501069841426, 25.318270871992244, 104.9215437775626, 67.8243387909595, 61.13001085451699, 83.18650494991178, 40.27105420224114, 32.05556513082838, 24.052493093187657, 91.88299784650503, 11.71566667173009, 73.62343454753199, 22.145752162319997, 19.013917621220838, 2.8575339689737516, 40.17163787159438, 43.3515057462351, 36.87574026474804, 74.89193238908777, 64.61558088584451, 56.82742705556108, 31.47758180337715, 44.84266971856188, 45.72567935011184, 16.148512689466326, 17.13753636732375, 78.41856910320836, 85.75960062740509, 20.159807350550892, 92.75628017498305, 65.75690351928411, 36.656998411144215, 48.6256115862427, 71.95185014569635, 18.321578515700914, 39.82207895204334, 44.70369950402347, 24.757976846760936, 62.48622485782106, 73.72117591559366, 60.82327419253034, 34.21659118649934, 104.800471841804, 43.79621497558274, 49.70309451044248, 61.475532452611645, 86.32478309302068, 68.84518185615902, 49.78532505099467, 35.95015685119352, 80.15055370427318, 78.26697075123413], [52.65292155176911, 23.106452962874588, 40.65423199870023, 35.465529566857896, 86.81333381793095, 50.33201559383593, 6.0795782997676975, 72.09004422284033, 59.36951631576188, 15.31822809846545, 57.3033859791231, 57.149987153194424, 55.9992319106429, 14.527517076936912, 32.549917430038555, 0.0, 50.78863920542945, 66.75939555833376, 76.83139868650986, 55.530116239458366, 27.039706497341193, 35.91959136032899, 28.122234193045095, 64.47388551746556, 58.21080086229229, 60.25247875522397, 22.941790836531695, 80.6042040109443, 77.84274485572111, 45.39445894043432, 28.815811830288883, 31.58130197665415, 80.95093754737893, 41.340683480758216, 41.69703660986295, 63.93088560657308, 76.76855258310451, 53.556727970427296, 8.224838107438366, 100.74859703791256, 32.43696727324108, 83.01628843006004, 61.47639549129519, 85.15966255394042, 34.67080379608433, 103.1008224986599, 92.6755780174642, 31.764104585028544, 78.67742776265466, 61.153868773586744, 60.44645225408272, 48.57050150004712, 86.32887462539084, 30.002561199760606, 72.17017625685922, 46.438718199936815, 40.00193852965539, 35.2749992589866, 52.05694248233843, 11.616206583027958, 4.350215550311999, 94.71663516363121, 45.74862955819908, 46.34744631604045, 63.248682031706835, 54.85474061502146, 75.62162207939292, 45.45213264259735, 21.823745887628494, 90.33245535884595, 93.12965347257531, 16.667866446522133, 90.1808796853561, 84.83468540354525, 58.89136597822049, 19.32707176676498, 67.96094874957852, 50.51685268161032, 71.28493338883158, 74.79104725483057, 56.62807767301408, 89.24573397837028, 89.48735438560468, 60.7798507495481, 56.103544517262435, 101.08990648380319, 15.327837304166362, 40.976458796594294, 51.68575640009162, 83.64145878692506, 61.54374412118284, 52.00958440335971, 58.95762849657985, 89.68660763406291, 89.34096397072157], [48.843118152750534, 30.801402326424064, 25.213123544821737, 68.78660250517798, 40.424111696647074, 24.602166846543717, 53.33208641021262, 24.79102410900718, 35.9344573189098, 51.017872811539064, 87.944152449035, 49.42417656431247, 55.408303495031326, 40.35835978532204, 60.39665160764287, 50.78863920542945, 0.0, 20.705067930148243, 48.2904385069219, 90.54003143418002, 24.028743566556088, 56.89083199785598, 60.421148305370615, 46.40200889480071, 14.718275796304026, 10.314761633874381, 34.24882164927278, 31.752958952117446, 79.19907556428598, 42.66333820217447, 53.97436863826684, 62.31009304071774, 30.17840730398564, 61.83440082965158, 31.640906062963193, 67.97309727294503, 40.625849359875694, 17.56892047740858, 50.647728690055, 50.84786883745093, 20.711826052605566, 32.781367091010466, 75.92430582438786, 50.211187513931506, 36.564018313418835, 52.852859643738604, 77.67903075187951, 40.9320834855639, 28.20896930727931, 50.89302612756147, 64.01293124770957, 52.7412569524249, 35.5542101140225, 67.70193051652214, 24.10383626325676, 82.38926494746592, 47.729558734325536, 61.17510738258715, 34.903084406454106, 47.026015330887056, 50.47285580847127, 69.74167218771825, 17.42930507807445, 4.44670785882416, 74.9287065313367, 32.296621824950705, 77.2615276912451, 59.16850722228366, 64.3200558162139, 54.093059533038364, 50.602768355066395, 44.62351456269534, 40.004185708498525, 61.174059644929436, 52.23695720048994, 40.364932904416996, 18.477339943258965, 74.82323574039425, 79.35473372138955, 77.22929694133262, 81.06530203075721, 79.24778262700382, 59.12999226774218, 18.093524384489104, 50.71944442487598, 50.41662391070446, 39.955887260337434, 10.885293878673913, 1.0792436359747428, 33.67740613039042, 10.880655645747483, 20.066946244594845, 53.535082735650136, 50.396991999367636, 52.16329931791073], [68.88691762029224, 49.8632969040394, 45.85710801389724, 88.83369338203845, 42.92595101983912, 22.446544453312715, 70.39361993767383, 30.528614042509155, 53.7687212827646, 69.83140267076304, 108.47065571370909, 68.9534920967038, 75.45131958405622, 58.72681272972484, 80.65186451986769, 66.75939555833376, 20.705067930148243, 0.0, 62.46609303897583, 110.79619204845001, 40.09021149621423, 77.44735002782042, 80.2929081932897, 64.2348261821768, 29.743516390327798, 20.09817792039458, 53.78038744596165, 32.11806538546436, 98.56525271799961, 63.117849225696176, 74.18660235052671, 82.39841022568291, 21.024547476085694, 82.48448091925854, 34.18575193421426, 88.00317486703298, 52.232228133360124, 35.64178267432316, 68.30256745704284, 44.87201466983232, 40.44447419466427, 28.709528762466977, 96.49943214115103, 60.9296288261105, 57.24551482558922, 45.476366437847666, 93.81718064860726, 47.40990185981766, 24.33704930726454, 69.91806973994882, 84.12290512306562, 73.24413330676802, 26.802750631367388, 87.23758182695977, 28.829482002341372, 102.45400764308332, 68.4307846467982, 81.58171098318039, 54.31073423872079, 60.26677370028473, 65.42797064969528, 83.11446247547974, 22.049727056837796, 23.849791373184445, 95.38199408784611, 50.95598730237984, 96.72715289124014, 79.86740644209917, 83.00584308543112, 63.49221526385522, 55.68373272378932, 63.681785453263046, 34.6059576374659, 75.7852953590101, 71.72836934359891, 52.02384013655756, 23.018333724986324, 95.48437893427605, 99.46491156739937, 96.79750702960439, 101.75237456025265, 96.56363976715552, 71.15680062280072, 32.02831094153719, 70.47455829769807, 41.029191930969695, 53.33996998558358, 30.987258522019815, 19.652179562823918, 30.432038868477857, 17.19146729162981, 38.807771744243915, 73.11493351192739, 58.21688938057056, 61.2166676154911], [31.54224577902743, 54.87663590119395, 37.12622302996529, 70.55144999501934, 32.88154626820347, 72.86310698995264, 75.34730905774853, 33.7678317750179, 17.496970709912297, 66.71061147041657, 79.27724542006352, 27.068760893316085, 34.583702304056274, 62.30389810634976, 62.40382191525357, 76.83139868650986, 48.2904385069219, 62.46609303897583, 0.0, 85.53276513569692, 60.22984475277382, 55.61000414286512, 66.18937417621642, 15.479896396350606, 34.00770041332484, 42.830654485039226, 53.97042356864269, 38.527317571887494, 45.99785343188497, 34.706802742270206, 58.781594447251, 65.50800662805787, 52.647143638737994, 56.31565013847276, 78.35623492389821, 42.563400413486505, 12.085118154911324, 31.34898739095312, 71.4059511665034, 51.97722203493749, 49.155418192373126, 45.38191997210673, 56.43916987436593, 11.555090322826947, 42.77849180538018, 55.678851906590424, 31.990300664964987, 83.96862246491176, 45.69467218919423, 23.89262681631583, 40.62382897757698, 39.48174988325177, 52.72046690344333, 73.98772540639163, 35.63622529893654, 80.93729394984652, 43.50200994878474, 60.94779274048251, 24.84224054923671, 80.20138168299864, 79.18356794279202, 21.46622559211977, 65.29056657845143, 49.58290821781987, 53.27057909978296, 22.181582711568307, 45.045863166238505, 49.39148548028295, 76.59291464074573, 16.36990826688885, 27.14841105438722, 61.59286270748462, 47.90784024735353, 13.320289797534024, 27.928277979742546, 77.77219684331598, 40.02498864673882, 65.2187027575455, 52.313210655738374, 45.76833933117582, 68.84768985693188, 36.53564759053637, 12.700881311884743, 31.009474439785283, 29.499811661825444, 58.6447810582929, 74.76028408200374, 47.39655691088417, 48.712737746543866, 44.0187424389931, 45.489594494031415, 30.12449226854898, 29.267565167373505, 19.92952854424172, 16.79317006964087], [54.46095692110837, 61.60175075112165, 67.23888538764693, 22.212232926311035, 111.49380075635518, 100.93502726729017, 49.476999880865165, 101.52845159650279, 73.64417980893082, 43.77540098751667, 8.019187384753304, 58.54431075374893, 50.9930821237844, 54.557996411680264, 30.153781629941438, 55.530116239458366, 90.54003143418002, 110.79619204845001, 85.53276513569692, 0.0, 73.63331543750849, 34.27886656130267, 30.983136789236834, 70.16127112243625, 89.20051802176226, 96.27733948915267, 57.33979449275895, 110.38175834849456, 54.18729537137398, 54.46215387945885, 36.61020304594173, 28.488975798575545, 117.4700766269391, 30.73418687613075, 94.99668864575042, 46.43352456236038, 92.95050348242756, 82.05818042100842, 48.778869373684145, 129.99305417144552, 70.37826348041695, 115.49884053220579, 32.90943581123229, 97.00638887752275, 54.867177556784995, 133.288349779678, 80.54490848441469, 87.00704303417227, 112.55195307070902, 61.66737496453973, 46.51446320790122, 46.56375955541653, 121.30444466035098, 25.82228474912169, 102.57750970422309, 9.127458784989596, 45.93920938954301, 29.477125681360395, 67.06382717983985, 67.14316671303642, 59.63447977686342, 92.64470177954941, 94.18131442693333, 86.97951523379135, 36.79948147288717, 71.9567883783471, 52.88048235111833, 36.64427524423841, 33.740432472845704, 101.89595106635353, 111.26578252790662, 48.639967883361905, 121.54062430974452, 85.06350700042175, 57.62832477242938, 74.32060813043387, 101.43590207603073, 20.364347332572674, 43.46243032162127, 51.597982258608866, 18.401018087082115, 73.00071007876227, 94.9750920900607