instance_id,num_cities,city_coordinates,distance_matrix,best_route,total_distance
624,46,"[[95.51051938582802, 13.193698940623044], [68.87374358348686, 24.74423911792767], [65.43756586367111, 56.724503290134244], [27.06367502370056, 38.315162897765596], [94.37312336197068, 15.627711054400029], [39.447955268881095, 67.34150226550095], [69.37563679918134, 69.06783609239426], [61.94640842890228, 34.57761436849026], [27.190291565994773, 43.81448680278203], [21.1240750132785, 36.94611866096715], [28.73903444328265, 35.85848988664776], [30.668491357594043, 80.6738505033848], [99.11005093032763, 87.30331048890054], [53.611048857152, 3.463070131335666], [80.83214296823135, 35.90869910349792], [86.64189796039598, 59.14769586537224], [88.35224874661453, 9.405769395136277], [71.49980957837796, 42.759976519041345], [67.99883975538286, 29.65683350611854], [84.47970362221056, 90.20285612846727], [88.89615586879063, 94.76705296775543], [30.037664908626404, 21.871835398552484], [0.24021263544814486, 93.17501537331606], [96.83520069575495, 51.217221375904984], [59.7430707004804, 37.56041726194], [42.397074320130976, 38.24831678607442], [90.3384343376458, 91.98230565421844], [34.84952363642826, 43.200916492257846], [0.5704412157552463, 91.50926024243046], [64.7742025805654, 15.955617796225008], [16.32531924651871, 0.9929219687911828], [44.882320927750015, 51.04031278260035], [76.70126102948561, 20.5421626796518], [76.8263189809799, 27.00700553048554], [10.135153539576326, 75.20634313000912], [39.523919254983916, 47.022357308853834], [20.033693487184845, 69.79077906954572], [23.600784443301293, 64.66616529667199], [63.478824076085246, 57.227108675031836], [11.407560487650748, 33.89000126343254], [44.17911923182879, 13.470454013848144], [79.7049769781938, 56.35460654108776], [15.385003868565406, 25.25589143794752], [20.199833132597934, 7.28557083728536], [90.68715089727755, 94.15808692037115], [37.40425683513241, 83.38622790283586]]","[[0.0, 29.03330507420256, 52.90853863849608, 72.91130539555104, 2.6866493416706954, 77.94225875785513, 61.684287223512186, 39.79725346496916, 74.8684591710906, 78.08662208702458, 70.513289173457, 93.58450434632638, 74.1969753505925, 43.01454135065866, 27.044887994888494, 46.80194738840993, 8.098718959551405, 38.08777960582185, 32.06130558492376, 77.79517457524581, 81.84107704552397, 66.04547468052043, 124.39229207076315, 38.046590372321916, 43.27871702360617, 58.72624559878171, 78.95818520973768, 67.67709738530337, 123.07292791250511, 30.860158238712888, 80.11962855517275, 63.21060558493551, 20.193764365255362, 23.235894295551983, 105.52024039368334, 65.41312957813213, 94.33970917304009, 88.43316556744443, 54.45154430550638, 86.61203510636166, 51.33214621599751, 45.96388925771379, 81.0283575345669, 75.54207729218139, 81.10793428827736, 91.12260350605361], [29.03330507420256, 0.0, 32.16433760931939, 43.957386241816074, 27.080056370333445, 51.77261675441559, 44.32643844879604, 12.0284346929399, 45.83867928787061, 49.28404115885374, 41.64518517090285, 67.73302538180576, 69.48288776937164, 26.188509001949217, 16.359965850039448, 38.720861898141735, 24.79275734618842, 18.20612580192199, 4.989893819643407, 67.29321310253171, 72.82919368749262, 38.94215851704976, 96.91920712279077, 38.50534863460386, 15.736060800452215, 29.721610470303823, 70.5810919489798, 38.70783490077857, 95.51392128948048, 9.697736909759973, 57.66681859281758, 35.59595273656958, 8.884113673323188, 8.268226369095839, 77.43801328593543, 36.847343706743075, 66.44201423062076, 60.360591606859046, 32.92782973648867, 58.189407668632526, 27.14632023760253, 33.414531950601905, 53.49118679172483, 51.710295461490645, 72.76061438290722, 66.55232110793848], [52.90853863849608, 32.16433760931939, 0.0, 42.56124189776506, 50.261444664916915, 28.074552999322343, 12.956321521190283, 22.420367283833215, 40.36734468484891, 48.5270024819904, 42.215787612784354, 42.21918727249461, 45.48515912100922, 54.558654369720806, 25.88997312019919, 21.34234199718684, 52.57513926801801, 15.223626598057146, 27.188579798968554, 38.51497266237009, 44.69385898535244, 49.67757488835248, 74.69494426727861, 31.876976442750667, 19.992235204189452, 29.533603205514, 43.164405223552045, 33.444218142681834, 73.60518443913155, 40.774282032438734, 74.28338928967547, 21.326699606400616, 37.89502079220118, 31.825043136840154, 58.308963399557854, 27.670358096743183, 47.24657860124781, 42.58387341520128, 2.0221972117879914, 58.657104972375116, 48.195791641950166, 14.272205278644247, 59.12302845911639, 67.01239068057014, 45.15323607197232, 38.68738779515992], [72.91130539555104, 43.957386241816074, 42.56124189776506, 0.0, 71.0301506879106, 31.557863905564204, 52.30706470358835, 35.082393858274045, 5.500781322782039, 6.095336775447013, 2.9735620841571837, 42.51179973221015, 87.12358398097403, 43.811316205437834, 53.82229290075959, 63.11544246966029, 67.76460950731531, 44.6578819727187, 41.84082192625075, 77.38819708992014, 83.72617022133907, 16.710105777104445, 61.0663700258428, 70.95441429241365, 32.688110113225186, 15.333545003893294, 82.96901456495182, 9.191845669200923, 59.42645395710683, 43.84099845766392, 38.83634834478839, 21.89597180865486, 52.72351924174619, 51.031315451025954, 40.589826540234576, 15.20108288299608, 32.25112484545273, 26.577564572379252, 41.033215491716604, 16.26947995038205, 30.169487731285013, 55.64645719562684, 17.519587067365624, 31.779677609218655, 84.65446736959679, 46.24206453966112], [2.6866493416706954, 27.080056370333445, 50.261444664916915, 71.0301506879106, 0.0, 75.43931529036756, 58.99763807588649, 37.55783110036906, 72.85620917407087, 76.28825326922083, 68.68127867436344, 91.04548531382444, 71.83195693479908, 42.53851439253, 24.385992419241106, 44.20136789916355, 8.658145826048544, 35.487297906243306, 29.87338468479994, 75.22853193413555, 79.32863676756537, 64.63776220776231, 121.96142541384975, 35.67457175246876, 40.99126917922709, 56.68510807670377, 76.4611197408567, 65.59985199987044, 120.65219718264316, 29.60073705594575, 79.4080397618794, 60.85550005334932, 18.34247946912425, 20.913600521149565, 103.17775419052025, 63.19856805824151, 91.97819725848892, 86.1016489417619, 51.81667309626592, 84.9517266848159, 50.240340450236914, 43.28781045882885, 79.5727646786424, 74.640929032621, 78.61683233672784, 88.52495895990282], [77.94225875785513, 51.77261675441559, 28.074552999322343, 31.557863905564204, 75.43931529036756, 0.0, 29.97743068144684, 39.74484551135595, 26.528678369569636, 35.491462805700536, 33.254489226207625, 15.96341116759812, 62.912951339635796, 65.42971276040635, 51.9679911691445, 47.8999654498078, 75.81674659191421, 40.39273168159179, 47.27882469421103, 50.50247380282828, 56.54454327245755, 46.43322269297678, 46.95335432001819, 59.60946545550332, 36.03893359092723, 29.24227666442474, 56.542108657971085, 24.57465065781506, 45.777086239541696, 57.288113300949014, 70.26229717289063, 17.18316352339472, 59.81627684639622, 54.99103291138396, 30.34956452810436, 20.319286953444564, 19.568150586886425, 16.071410985719037, 26.072660265726242, 43.649360347874904, 54.0784037502606, 41.72936225924383, 48.47911167525904, 63.065086263984504, 57.83238177005078, 16.174360082100893], [61.684287223512186, 44.32643844879604, 12.956321521190283, 52.30706470358835, 58.99763807588649, 29.97743068144684, 0.0, 35.28128156320032, 49.16640115756181, 57.96566177939528, 52.48041659938077, 40.40968545713159, 34.88076705274912, 67.47227245163192, 35.08247282404526, 19.913135278279253, 62.607299922545174, 26.393476188769384, 39.43504399585783, 25.977334476803815, 32.272285521075645, 61.44052826884876, 73.21791425041968, 32.75167316560411, 32.946984247477126, 40.959560589789604, 31.056590217511292, 43.14104796741906, 72.37245648142215, 53.31117077318961, 86.30486733304373, 30.412400744809215, 49.075510700590385, 42.715642714721795, 59.55767058475666, 37.10967764794077, 49.34723919686377, 45.98599584652409, 13.227820155397719, 67.806916568394, 61.040424240905686, 16.380521180901848, 69.5303885984597, 78.96396625237992, 32.91961907076308, 35.03120724215639], [39.79725346496916, 12.0284346929399, 22.420367283833215, 35.082393858274045, 37.55783110036906, 39.74484551135595, 35.28128156320032, 0.0, 35.96258433087731, 40.890985780240555, 33.23206778269782, 55.70611350761775, 64.50686285470404, 32.211691701557974, 18.93258449503864, 34.83613221876874, 36.481367603847914, 12.578494499961998, 7.800385199286457, 60.01597215012568, 65.94738361730874, 34.345374248589295, 85.0958871145983, 38.653645975519616, 3.7083433291241317, 19.890965796934733, 64.04221823775718, 28.435936857687395, 83.7151220106919, 18.83547652972016, 56.649936820524346, 23.710831308094704, 20.364173918297272, 16.6950847921149, 65.8414742695193, 25.644485715377783, 54.741598826206406, 48.7412328096334, 22.70127507559411, 50.54352543116864, 27.589649937051036, 28.09989581840578, 47.48535472148403, 49.876168548508126, 66.15030602452948, 54.63147407856286], [74.8684591710906, 45.83867928787061, 40.36734468484891, 5.500781322782039, 72.85620917407087, 26.528678369569636, 49.16640115756181, 35.96258433087731, 0.0, 9.163703628770763, 8.105337218739756, 37.02310854322736, 84.04599676740021, 48.23166224826713, 54.22130301833204, 61.39707487357932, 70.17652627341417, 44.322064239250246, 43.19463800281392, 73.71538199346904, 80.02360706785872, 22.126623908763534, 56.238496913815176, 70.03723186172239, 33.14810424745722, 16.193470609674414, 79.42182765722288, 7.683768895191576, 54.62058079266954, 46.783190885997364, 44.17843408649364, 19.110742110860766, 54.70774321160352, 52.404452523232735, 35.725710304617486, 12.74397132585934, 26.94410243429818, 21.158380311271948, 38.687931157194846, 18.64376607641502, 34.776149748862395, 53.9911732322356, 21.99514218037097, 37.191776116816015, 81.03288972840862, 40.86866501623021], [78.08662208702458, 49.28404115885374, 48.5270024819904, 6.095336775447013, 76.28825326922083, 35.491462805700536, 57.96566177939528, 40.890985780240555, 9.163703628770763, 0.0, 7.692239171485547, 44.7572386931547, 92.83134819946248, 46.65316718477083, 59.717079786703295, 69.1772733930226, 72.65052085982292, 50.710113154747035, 47.4381412757322, 82.76603024257695, 89.0859999528321, 17.51245558732308, 59.98186837123498, 77.0443958040301, 38.62388109265142, 21.312818196249385, 88.42855543001227, 15.083449068997528, 58.30598838474055, 48.43485070889721, 36.272033432043806, 27.624274775472067, 57.947505358876484, 56.58202853254591, 39.80704926990533, 20.978199479654712, 32.86275474191558, 27.83047026347947, 46.96001835736354, 10.185799334085118, 32.90352404444397, 61.71232840215807, 13.022993132529395, 29.674944317638047, 90.06792347200006, 49.21105634457892], [70.513289173457, 41.64518517090285, 42.215787612784354, 2.9735620841571837, 68.68127867436344, 33.254489226207625, 52.48041659938077, 33.23206778269782, 8.105337218739756, 7.692239171485547, 0.0, 44.85687629775806, 87.17023303982805, 40.84213904935183, 52.09313272167014, 62.410966332856205, 65.21872231941533, 43.31413635167269, 39.74660809435405, 77.8481364114755, 84.1967817822282, 14.046812622615661, 64.01067831462653, 69.80672239292896, 31.050713695958777, 13.86554455788889, 83.3328792473768, 9.552450294993433, 62.373695462189545, 41.16621989119194, 37.00956837388188, 22.160628261934658, 50.3484365022196, 48.89515016355755, 43.52422244613213, 15.522424946581598, 35.031174835476584, 29.262326899814774, 40.785669697268176, 17.44290506006596, 27.195962356924536, 54.932850794258606, 17.05125292917983, 29.821630774084376, 85.0671037857305, 48.3111991161017], [93.58450434632638, 67.73302538180576, 42.21918727249461, 42.51179973221015, 91.04548531382444, 15.96341116759812, 40.40968545713159, 55.70611350761775, 37.02310854322736, 44.7572386931547, 44.85687629775806, 0.0, 68.76188491051997, 80.54728766557773, 67.23325607739216, 59.96997232133946, 91.68726875290412, 55.719461484723595, 63.21622366766025, 54.64840815239241, 59.908924795310796, 58.805398752135375, 32.89618927927368, 72.42738725229954, 52.00095470114285, 44.01687823446537, 60.73206116328544, 37.705461332795394, 31.98904072574931, 73.15496690425607, 80.96157704950507, 32.86608447774993, 75.72869841873884, 70.78612364196393, 21.24880229158232, 34.79714927213772, 15.2164440516996, 17.498527558156248, 40.327008759186825, 50.59359650868197, 68.54803837664443, 54.735752017461195, 57.48682611525685, 74.13118370417001, 61.51474721308397, 7.261372303184194], [74.1969753505925, 69.48288776937164, 45.48515912100922, 87.12358398097403, 71.83195693479908, 62.912951339635796, 34.88076705274912, 64.50686285470404, 84.04599676740021, 92.83134819946248, 87.17023303982805, 68.76188491051997, 0.0, 95.39048743385835, 54.54803386857695, 30.792750336893516, 78.63686931890533, 52.40643117655812, 65.50590636956657, 14.91490621063568, 12.65034007917388, 95.14343089898401, 99.0440399151069, 36.15772076695089, 63.435909065812076, 74.98502599301425, 9.94154180225983, 77.938671558637, 98.62932979610814, 79.17981898480404, 119.59429320186003, 65.23535624091885, 70.42162112326325, 64.28226117078148, 89.79347963508714, 71.92400348370852, 80.99233953399279, 78.82949744773713, 46.6279126992303, 102.68743074136823, 92.0255288087541, 36.52915508381141, 104.21019967536223, 112.38176512156589, 10.859705561947804, 61.82999725784144], [43.01454135065866, 26.188509001949217, 54.558654369720806, 43.811316205437834, 42.53851439253, 65.42971276040635, 67.47227245163192, 32.211691701557974, 48.23166224826713, 46.65316718477083, 40.84213904935183, 80.54728766557773, 95.39048743385835, 0.0, 42.352175906362284, 64.74422395566265, 35.2458032154123, 43.177014854959346, 29.885142908564642, 92.06880210925176, 97.8849123134716, 29.909648434043696, 104.38716050407743, 64.41107252061406, 34.64434691593981, 36.548140988947296, 95.83608872334251, 43.944183483279204, 102.78831476411918, 16.753499581045467, 37.367462645223554, 48.37132114758539, 28.72025940755638, 33.06456806010989, 83.88832275249628, 45.78054957994475, 74.34247619384878, 68.16476236301604, 54.66209681579587, 52.02819013450298, 13.751691846060982, 58.978027337053476, 44.00179059960358, 33.629166624221824, 97.98072980363654, 81.54980843517113], [27.044887994888494, 16.359965850039448, 25.88997312019919, 53.82229290075959, 24.385992419241106, 51.9679911691445, 35.08247282404526, 18.93258449503864, 54.22130301833204, 59.717079786703295, 52.09313272167014, 67.23325607739216, 54.54803386857695, 42.352175906362284, 0.0, 23.95421097776729, 27.54917919003088, 11.577238389361591, 14.275135544036116, 54.41654330970028, 59.40819912832355, 52.698316330020475, 98.86602153358362, 22.146076645655224, 21.153655523085117, 38.50621135459593, 56.873710334434925, 46.55725201360626, 97.63894288227213, 25.612163187604384, 73.35013155805937, 39.004556621962486, 15.912090599831483, 9.761494469836524, 80.88491293380831, 42.77712876116363, 69.60206032959816, 64.05013864513202, 27.488402340481407, 69.45392568870692, 42.97579541700749, 20.476953731343656, 66.30844838699088, 67.0489408398694, 59.07717293779436, 64.343585809942], [46.80194738840993, 38.720861898141735, 21.34234199718684, 63.11544246966029, 44.20136789916355, 47.8999654498078, 19.913135278279253, 34.83613221876874, 61.39707487357932, 69.1772733930226, 62.410966332856205, 59.96997232133946, 30.792750336893516, 64.74422395566265, 23.95421097776729, 0.0, 49.77132255408008, 22.31233259753343, 34.88946233360373, 31.130339916592586, 35.690618922969875, 67.77557799768925, 92.86070051365647, 12.91494662330308, 34.48996238706243, 48.93248884798672, 33.042033550829245, 54.19178729741969, 91.95415441987949, 48.41230947968061, 91.24910393525717, 42.53929870597666, 39.86481475118054, 33.606094178053986, 78.17392208302363, 48.65313712797826, 67.45315502803456, 63.28218942435073, 23.24256110943322, 79.36092660477051, 62.36584001289394, 7.478116118832926, 78.90626947816736, 84.28658250878507, 35.243319269718285, 54.880340185820614], [8.098718959551405, 24.79275734618842, 52.57513926801801, 67.76460950731531, 8.658145826048544, 75.81674659191421, 62.607299922545174, 36.481367603847914, 70.17652627341417, 72.65052085982292, 65.21872231941533, 91.68726875290412, 78.63686931890533, 35.2458032154123, 27.54917919003088, 49.77132255408008, 0.0, 37.369878763296434, 28.71178948082937, 80.88983762089003, 85.36301639540777, 59.632151477196224, 121.57720789444163, 42.66330965257563, 40.13937300181854, 54.25652584313744, 82.60041933155988, 63.28233214359472, 120.19413023395337, 24.470896491252397, 72.5165813799212, 60.191941550841506, 16.11721967871914, 21.039262592939583, 102.21364628299548, 61.637759913982, 91.17990121794534, 85.12616216309598, 53.903318500472466, 80.7462857439871, 44.35974562798606, 47.73854436819372, 74.66890379445246, 68.18538696781273, 84.78447436855055, 89.82653350108701], [38.08777960582185, 18.20612580192199, 15.223626598057146, 44.6578819727187, 35.487297906243306, 40.39273168159179, 26.393476188769384, 12.578494499961998, 44.322064239250246, 50.710113154747035, 43.31413635167269, 55.719461484723595, 52.40643117655812, 43.177014854959346, 11.577238389361591, 22.31233259753343, 37.369878763296434, 0.0, 13.56278535252365, 49.18642571913112, 54.83948272001065, 46.426542840113186, 87.2903562780382, 26.709680522975393, 12.855206163697892, 29.450369659100843, 52.70418833747658, 36.652938322686445, 86.06664835965273, 27.63525711894944, 69.20051465982029, 27.87570036257238, 22.81855273675347, 16.629124973440057, 69.41460737491612, 32.25872675681865, 58.13282542622989, 52.67065326775336, 16.54188989344579, 60.74335240844975, 40.053667117933706, 15.878877085465657, 58.78149721107981, 62.3708348654352, 54.86273616686683, 53.03771317059876], [32.06130558492376, 4.989893819643407, 27.188579798968554, 41.84082192625075, 29.87338468479994, 47.27882469421103, 39.43504399585783, 7.800385199286457, 43.19463800281392, 47.4381412757322, 39.74660809435405, 63.21622366766025, 65.50590636956657, 29.885142908564642, 14.275135544036116, 34.88946233360373, 28.71178948082937, 13.56278535252365, 0.0, 62.7490217388516, 68.38156549163094, 38.75121922315248, 92.87513648384443, 36.00536123105907, 11.429101402698723, 27.004888045526492, 66.20817143361873, 35.80948677501273, 91.50033673593605, 14.075567371805946, 59.09122224493019, 31.490103662516432, 12.601958590108126, 9.216614225342987, 73.64077681188745, 33.35239893092258, 62.54109723228212, 56.540610431049565, 27.938335931667318, 56.749384123706655, 28.798923016113196, 29.151410492564665, 52.797575870605634, 52.77516866408829, 68.37522324995405, 61.82941311626755], [77.79517457524581, 67.29321310253171, 38.51497266237009, 77.38819708992014, 75.22853193413555, 50.50247380282828, 25.977334476803815, 60.01597215012568, 73.71538199346904, 82.76603024257695, 77.8481364114755, 54.64840815239241, 14.91490621063568, 92.06880210925176, 54.41654330970028, 31.130339916592586, 80.88983762089003, 49.18642571913112, 62.7490217388516, 0.0, 6.351137160705169, 87.36740795790752, 84.29190692044858, 40.896674987027446, 58.1646574658571, 66.85971767257543, 6.12300303859799, 68.35449579206201, 83.91943165503658, 76.81770089808118, 112.26500996482962, 55.692526586324576, 70.0936258224538, 63.65759836240331, 75.84199054021614, 62.33440483700167, 67.60133957388115, 66.01791710612252, 39.095228120879646, 92.25332365464165, 86.67178685411932, 34.183358738640955, 94.82713618241348, 104.91509877143817, 7.360451907998655, 47.56641788667192], [81.84107704552397, 72.82919368749262, 44.69385898535244, 83.72617022133907, 79.32863676756537, 56.54454327245755, 32.272285521075645, 65.94738361730874, 80.02360706785872, 89.0859999528321, 84.1967817822282, 59.908924795310796, 12.65034007917388, 97.8849123134716, 59.40819912832355, 35.690618922969875, 85.36301639540777, 54.83948272001065, 68.38156549163094, 6.351137160705169, 0.0, 93.69116661974685, 88.67023657516513, 44.26755317885871, 64.20670949058695, 73.18833325362287, 3.1360779298312593, 74.70009964297152, 88.38577420835668, 82.42033089132597, 118.57535145496044, 62.04228778371429, 75.22000929555067, 68.82662995672113, 81.15366200769382, 68.68168396167098, 73.25198279293512, 71.89957557718816, 45.335286179324626, 98.54185830576169, 92.78335177748122, 39.4967569539648, 101.17159208801284, 111.2303666865254, 1.891693114363875, 52.734607661864274], [66.04547468052043, 38.94215851704976, 49.67757488835248, 16.710105777104445, 64.63776220776231, 46.43322269297678, 61.44052826884876, 34.345374248589295, 22.126623908763534, 17.51245558732308, 14.046812622615661, 58.805398752135375, 95.14343089898401, 29.909648434043696, 52.698316330020475, 67.77557799768925, 59.632151477196224, 46.426542840113186, 38.75121922315248, 87.36740795790752, 93.69116661974685, 0.0, 77.27892103598406, 72.959320620415, 33.59379011280098, 20.516923347252632, 92.47519036586179, 21.86512485027658, 75.61539665340955, 35.23675183884188, 24.979140288740734, 32.728640137191995, 46.68253669703538, 47.06960932689222, 56.92696789529524, 26.8800627581919, 48.95206437674352, 43.27572184902257, 48.665249150886424, 22.170184967478843, 16.448827907984086, 60.46406696447286, 15.038361308090968, 17.593807089561732, 94.35921952709879, 61.95391159388322], [124.39229207076315, 96.91920712279077, 74.69494426727861, 61.0663700258428, 121.96142541384975, 46.95335432001819, 73.21791425041968, 85.0958871145983, 56.238496913815176, 59.98186837123498, 64.01067831462653, 32.89618927927368, 99.0440399151069, 104.38716050407743, 98.86602153358362, 92.86070051365647, 121.57720789444163, 87.2903562780382, 92.87513648384443, 84.29190692044858, 88.67023657516513, 77.27892103598406, 0.0, 105.31404557560211, 81.44675340980294, 69.23975162285876, 90.10611583223633, 60.78827984847364, 1.6981728626153894, 100.6353378312278, 93.57493787938122, 61.38608144514253, 105.46005505372577, 101.21085520698863, 20.512996799189978, 60.60756926477854, 30.636651118205428, 36.857439518805855, 72.741830970415, 60.32762680614233, 91.01343095604433, 87.58077002756106, 69.58715468851027, 88.17813296446084, 90.45228062689083, 38.431582603612824], [38.046590372321916, 38.50534863460386, 31.876976442750667, 70.95441429241365, 35.67457175246876, 59.60946545550332, 32.75167316560411, 38.653645975519616, 70.03723186172239, 77.0443958040301, 69.80672239292896, 72.42738725229954, 36.15772076695089, 64.41107252061406, 22.146076645655224, 12.91494662330308, 42.66330965257563, 26.709680522975393, 36.00536123105907, 40.896674987027446, 44.26755317885871, 72.959320620415, 105.31404557560211, 0.0, 39.526376082225866, 55.96161264249392, 41.27953572086122, 62.50188240757812, 104.35685082333498, 47.658034864571235, 94.89110212188226, 51.95318096939938, 36.692434540427435, 31.40843674488843, 89.95763524802567, 57.46459662195762, 79.01549566323713, 74.45907477548712, 33.89345964255425, 87.16716278709185, 64.78797235151652, 17.88399538551536, 85.48757345565146, 88.33441843691267, 43.37875574555452, 67.57871017631359], [43.27871702360617, 15.736060800452215, 19.992235204189452, 32.688110113225186, 40.99126917922709, 36.03893359092723, 32.946984247477126, 3.7083433291241317, 33.14810424745722, 38.62388109265142, 31.050713695958777, 52.00095470114285, 63.435909065812076, 34.64434691593981, 21.153655523085117, 34.48996238706243, 40.13937300181854, 12.855206163697892, 11.429101402698723, 58.1646574658571, 64.20670949058695, 33.59379011280098, 81.44675340980294, 39.526376082225866, 0.0, 17.35963122253465, 62.43250925817408, 25.52457476624038, 80.0742014575867, 22.182868343579166, 56.76515527445031, 20.06363543966111, 24.025012138651235, 20.080136229288634, 62.2748840184169, 22.32358382131584, 51.14323866276915, 45.177277833201224, 20.01835668632975, 48.47466865422248, 28.680357644439496, 27.417134294098755, 46.03302563179978, 49.80194738548299, 64.50451387298962, 50.98065835006358], [58.72624559878171, 29.721610470303823, 29.533603205514, 15.333545003893294, 56.68510807670377, 29.24227666442474, 40.959560589789604, 19.890965796934733, 16.193470609674414, 21.312818196249385, 13.86554455788889, 44.01687823446537, 74.98502599301425, 36.548140988947296, 38.50621135459593, 48.93248884798672, 54.25652584313744, 29.450369659100843, 27.004888045526492, 66.85971767257543, 73.18833325362287, 20.516923347252632, 69.23975162285876, 55.96161264249392, 17.35963122253465, 0.0, 72.01191262569543, 9.027389720885518, 67.72145402093206, 31.586394182241918, 45.47197879584835, 13.03117846842017, 38.60421115669442, 36.217950889878125, 49.05840645281657, 9.23248650818161, 38.66584706408993, 32.422264465374596, 28.366083873827804, 31.29448644359553, 24.841863207629675, 41.46947467036437, 29.974240048865163, 38.097364121770504, 73.87715406197357, 45.41320563914381], [78.95818520973768, 70.5810919489798, 43.164405223552045, 82.96901456495182, 76.4611197408567, 56.542108657971085, 31.056590217511292, 64.04221823775718, 79.42182765722288, 88.42855543001227, 83.3328792473768, 60.73206116328544, 9.94154180225983, 95.83608872334251, 56.873710334434925, 33.042033550829245, 82.60041933155988, 52.70418833747658, 66.20817143361873, 6.12300303859799, 3.1360779298312593, 92.47519036586179, 90.10611583223633, 41.27953572086122, 62.43250925817408, 72.01191262569543, 0.0, 73.88263083687762, 89.76923950381557, 80.20964538000702, 117.29027729929842, 61.17601676010733, 72.7300936618627, 66.3654042975782, 81.93899663400605, 67.84918494944449, 73.72394752187859, 72.1116179089977, 43.9245077430014, 98.00407479363066, 91.07575538549006, 37.18068530179421, 100.35153757289734, 109.96799656104781, 2.203548809784458, 53.62760204013796], [67.67709738530337, 38.70783490077857, 33.444218142681834, 9.191845669200923, 65.59985199987044, 24.57465065781506, 43.14104796741906, 28.435936857687395, 7.683768895191576, 15.083449068997528, 9.552450294993433, 37.705461332795394, 77.938671558637, 43.944183483279204, 46.55725201360626, 54.19178729741969, 63.28233214359472, 36.652938322686445, 35.80948677501273, 68.35449579206201, 74.70009964297152, 21.86512485027658, 60.78827984847364, 62.50188240757812, 25.52457476624038, 9.027389720885518, 73.88263083687762, 0.0, 59.23471589775826, 40.46965172750729, 46.09404462587479, 12.732366460551983, 47.591880054876206, 44.992155978972406, 40.43695616077758, 6.037663812561787, 30.438948978082085, 24.234088381253247, 31.880572623656775, 25.223377622099186, 31.159938272625705, 46.744317904917516, 26.474354647344082, 38.788213227398955, 75.59413890085213, 40.2664365803791], [123.07292791250511, 95.51392128948048, 73.60518443913155, 59.42645395710683, 120.65219718264316, 45.777086239541696, 72.37245648142215, 83.7151220106919, 54.62058079266954, 58.30598838474055, 62.373695462189545, 31.98904072574931, 98.62932979610814, 102.78831476411918, 97.63894288227213, 91.95415441987949, 120.19413023395337, 86.06664835965273, 91.50033673593605, 83.91943165503658, 88.38577420835668, 75.61539665340955, 1.6981728626153894, 104.35685082333498, 80.0742014575867, 67.72145402093206, 89.76923950381557, 59.23471589775826, 0.0, 99.14875622154089, 91.8772206601404, 60.01065232204015, 104.07800277674252, 99.8774236585501, 18.901556237832256, 59.13085475430013, 29.16351510772078, 35.36874970147488, 71.64307747571954, 58.62953316718564, 89.39671177337449, 86.59171107674217, 67.88947005638555, 86.4808816099799, 90.15563014362189, 37.718876275313036], [30.860158238712888, 9.697736909759973, 40.774282032438734, 43.84099845766392, 29.60073705594575, 57.288113300949014, 53.31117077318961, 18.83547652972016, 46.783190885997364, 48.43485070889721, 41.16621989119194, 73.15496690425607, 79.17981898480404, 16.753499581045467, 25.612163187604384, 48.41230947968061, 24.470896491252397, 27.63525711894944, 14.075567371805946, 76.81770089808118, 82.42033089132597, 35.23675183884188, 100.6353378312278, 47.658034864571235, 22.182868343579166, 31.586394182241918, 80.20964538000702, 40.46965172750729, 99.14875622154089, 0.0, 50.70677038365166, 40.33141180242274, 12.77854127870812, 16.35196259114191, 80.59822661003861, 40.03397447128716, 69.99955530758263, 63.780622440513156, 41.29181474371531, 56.2995612649166, 20.74448112551012, 43.069784254398385, 50.257218777249705, 45.40973602603427, 82.3839005363161, 72.77362921730449], [80.11962855517275, 57.66681859281758, 74.28338928967547, 38.83634834478839, 79.4080397618794, 70.26229717289063, 86.30486733304373, 56.649936820524346, 44.17843408649364, 36.272033432043806, 37.00956837388188, 80.96157704950507, 119.59429320186003, 37.367462645223554, 73.35013155805937, 91.24910393525717, 72.5165813799212, 69.20051465982029, 59.09122224493019, 112.26500996482962, 118.57535145496044, 24.979140288740734, 93.57493787938122, 94.89110212188226, 56.76515527445031, 45.47197879584835, 117.29027729929842, 46.09404462587479, 91.8772206601404, 50.70677038365166, 0.0, 57.62155562193716, 63.46201350848693, 65.85668920029377, 74.47113556225469, 51.54497026944308, 68.89772986945708, 64.08755190925234, 73.38757914132532, 33.262624330144845, 30.52086138294729, 84.15400841829664, 24.2811836711316, 7.3898097157898315, 119.20331357353663, 85.0469192422968], [63.21060558493551, 35.59595273656958, 21.326699606400616, 21.89597180865486, 60.85550005334932, 17.18316352339472, 30.412400744809215, 23.710831308094704, 19.110742110860766, 27.624274775472067, 22.160628261934658, 32.86608447774993, 65.23535624091885, 48.37132114758539, 39.004556621962486, 42.53929870597666, 60.191941550841506, 27.87570036257238, 31.490103662516432, 55.692526586324576, 62.04228778371429, 32.728640137191995, 61.38608144514253, 51.95318096939938, 20.06363543966111, 13.03117846842017, 61.17601676010733, 12.732366460551983, 60.01065232204015, 40.33141180242274, 57.62155562193716, 0.0, 44.074733225509355, 39.97522819321122, 42.324492486663594, 6.6974946566393125, 31.12931530981501, 25.2698961587529, 19.598631910433166, 37.61240183405648, 37.5764391677702, 35.22582990589444, 39.178158427479104, 50.23646729676499, 62.90647737024498, 33.199091366162065], [20.193764365255362, 8.884113673323188, 37.89502079220118, 52.72351924174619, 18.34247946912425, 59.81627684639622, 49.075510700590385, 20.364173918297272, 54.70774321160352, 57.947505358876484, 50.3484365022196, 75.72869841873884, 70.42162112326325, 28.72025940755638, 15.912090599831483, 39.86481475118054, 16.11721967871914, 22.81855273675347, 12.601958590108126, 70.0936258224538, 75.22000929555067, 46.68253669703538, 105.46005505372577, 36.692434540427435, 24.025012138651235, 38.60421115669442, 72.7300936618627, 47.591880054876206, 104.07800277674252, 12.77854127870812, 63.46201350848693, 44.074733225509355, 0.0, 6.466052317852685, 86.1348900891351, 45.643788723314024, 75.07755608356034, 69.04048247678107, 38.99510356019839, 66.64407044370468, 33.28210886588918, 35.9381892257947, 61.49717579719318, 58.035752615627324, 74.93269925212448, 74.11903313202909], [23.235894295551983, 8.268226369095839, 31.825043136840154, 51.031315451025954, 20.913600521149565, 54.99103291138396, 42.715642714721795, 16.6950847921149, 52.404452523232735, 56.58202853254591, 48.89515016355755, 70.78612364196393, 64.28226117078148, 33.06456806010989, 9.761494469836524, 33.606094178053986, 21.039262592939583, 16.629124973440057, 9.216614225342987, 63.65759836240331, 68.82662995672113, 47.06960932689222, 101.21085520698863, 31.40843674488843, 20.080136229288634, 36.217950889878125, 66.3654042975782, 44.992155978972406, 99.8774236585501, 16.35196259114191, 65.85668920029377, 39.97522819321122, 6.466052317852685, 0.0, 82.28540388772186, 42.33300523385762, 71.10452579632359, 65.2009957064827, 33.03649882029278, 65.77985704657843, 35.34229588500938, 29.48844446461061, 61.46626394460704, 59.962437291150565, 68.5666857390883, 68.79473598424511], [105.52024039368334, 77.43801328593543, 58.308963399557854, 40.589826540234576, 103.17775419052025, 30.34956452810436, 59.55767058475666, 65.8414742695193, 35.725710304617486, 39.80704926990533, 43.52422244613213, 21.24880229158232, 89.79347963508714, 83.88832275249628, 80.88491293380831, 78.17392208302363, 102.21364628299548, 69.41460737491612, 73.64077681188745, 75.84199054021614, 81.15366200769382, 56.92696789529524, 20.512996799189978, 89.95763524802567, 62.2748840184169, 49.05840645281657, 81.93899663400605, 40.43695616077758, 18.901556237832256, 80.59822661003861, 74.47113556225469, 42.324492486663594, 86.1348900891351, 82.28540388772186, 0.0, 40.71899565365284, 11.28314792898615, 17.10025041903551, 56.292095874062575, 41.33593019005786, 70.50043691366874, 72.0787645960895, 50.22557667879749, 68.66242847547862, 82.75139195814552, 28.46953651608031], [65.41312957813213, 36.847343706743075, 27.670358096743183, 15.20108288299608, 63.19856805824151, 20.319286953444564, 37.10967764794077, 25.644485715377783, 12.74397132585934, 20.978199479654712, 15.522424946581598, 34.79714927213772, 71.92400348370852, 45.78054957994475, 42.77712876116363, 48.65313712797826, 61.637759913982, 32.25872675681865, 33.35239893092258, 62.33440483700167, 68.68168396167098, 26.8800627581919, 60.60756926477854, 57.46459662195762, 22.32358382131584, 9.23248650818161, 67.84918494944449, 6.037663812561787, 59.13085475430013, 40.03397447128716, 51.54497026944308, 6.6974946566393125, 45.643788723314024, 42.33300523385762, 40.71899565365284, 0.0, 29.971151628733367, 23.766577005156105, 26.037941843270477, 31.03205448624222, 33.8733095746759, 41.25055485067389, 32.50332709957554, 44.18633842662704, 69.56617912529813, 36.42559612895857], [94.33970917304009, 66.44201423062076, 47.24657860124781, 32.25112484545273, 91.97819725848892, 19.568150586886425, 49.34723919686377, 54.741598826206406, 26.94410243429818, 32.86275474191558, 35.031174835476584, 15.2164440516996, 80.99233953399279, 74.34247619384878, 69.60206032959816, 67.45315502803456, 91.17990121794534, 58.13282542622989, 62.54109723228212, 67.60133957388115, 73.25198279293512, 48.95206437674352, 30.636651118205428, 79.01549566323713, 51.14323866276915, 38.66584706408993, 73.72394752187859, 30.438948978082085, 29.16351510772078, 69.99955530758263, 68.89772986945708, 31.12931530981501, 75.07755608356034, 71.10452579632359, 11.28314792898615, 29.971151628733367, 0.0, 6.243861322157538, 45.225271537809405, 36.922567863158704, 61.2778964943278, 61.16529085746953, 44.776852630900024, 62.505429032524894, 74.73738512884086, 22.05839296058689], [88.43316556744443, 60.360591606859046, 42.58387341520128, 26.577564572379252, 86.1016489417619, 16.071410985719037, 45.98599584652409, 48.7412328096334, 21.158380311271948, 27.83047026347947, 29.262326899814774, 17.498527558156248, 78.82949744773713, 68.16476236301604, 64.05013864513202, 63.28218942435073, 85.12616216309598, 52.67065326775336, 56.540610431049565, 66.01791710612252, 71.89957557718816, 43.27572184902257, 36.857439518805855, 74.45907477548712, 45.177277833201224, 32.422264465374596, 72.1116179089977, 24.234088381253247, 35.36874970147488, 63.780622440513156, 64.08755190925234, 25.2698961587529, 69.04048247678107, 65.2009957064827, 17.10025041903551, 23.766577005156105, 6.243861322157538, 0.0, 40.56596613386468, 33.10357961057251, 55.17670447229499, 56.71650931554072, 40.25753017848796, 57.48129339472422, 73.28269922059097, 23.25890354360537], [54.45154430550638, 32.92782973648867, 2.0221972117879914, 41.033215491716604, 51.81667309626592, 26.072660265726242, 13.227820155397719, 22.70127507559411, 38.687931157194846, 46.96001835736354, 40.785669697268176, 40.327008759186825, 46.6279126992303, 54.66209681579587, 27.488402340481407, 23.24256110943322, 53.903318500472466, 16.54188989344579, 27.938335931667318, 39.095228120879646, 45.335286179324626, 48.665249150886424, 72.741830970415, 33.89345964255425, 20.01835668632975, 28.366083873827804, 43.9245077430014, 31.880572623656775, 71.64307747571954, 41.29181474371531, 73.38757914132532, 19.598631910433166, 38.99510356019839, 33.03649882029278, 56.292095874062575, 26.037941843270477, 45.225271537809405, 40.56596613386468, 0.0, 57.061695330902566, 47.82387933045064, 16.249593778810066, 57.75096773019549, 66.0850078208781, 45.87145302436514, 36.93484229799062], [86.61203510636166, 58.189407668632526, 58.657104972375116, 16.26947995038205, 84.9517266848159, 43.649360347874904, 67.806916568394, 50.54352543116864, 18.64376607641502, 10.185799334085118, 17.44290506006596, 50.59359650868197, 102.68743074136823, 52.02819013450298, 69.45392568870692, 79.36092660477051, 80.7462857439871, 60.74335240844975, 56.749384123706655, 92.25332365464165, 98.54185830576169, 22.170184967478843, 60.32762680614233, 87.16716278709185, 48.47466865422248, 31.29448644359553, 98.00407479363066, 25.223377622099186, 58.62953316718564, 56.2995612649166, 33.262624330144845, 37.61240183405648, 66.64407044370468, 65.77985704657843, 41.33593019005786, 31.03205448624222, 36.922567863158704, 33.10357961057251, 57.061695330902566, 0.0, 38.612601212572066, 71.89711808941688, 9.50620367585919, 28.019631984785104, 99.58662362119864, 55.908001864870336], [51.33214621599751, 27.14632023760253, 48.195791641950166, 30.169487731285013, 50.240340450236914, 54.0784037502606, 61.040424240905686, 27.589649937051036, 34.776149748862395, 32.90352404444397, 27.195962356924536, 68.54803837664443, 92.0255288087541, 13.751691846060982, 42.97579541700749, 62.36584001289394, 44.35974562798606, 40.053667117933706, 28.798923016113196, 86.67178685411932, 92.78335177748122, 16.448827907984086, 91.01343095604433, 64.78797235151652, 28.680357644439496, 24.841863207629675, 91.07575538549006, 31.159938272625705, 89.39671177337449, 20.74448112551012, 30.52086138294729, 37.5764391677702, 33.28210886588918, 35.34229588500938, 70.50043691366874, 33.8733095746759, 61.2778964943278, 55.17670447229499, 47.82387933045064, 38.612601212572066, 0.0, 55.687854210720985, 31.112660041055356, 24.764065533278167, 93.13157957133659, 70.24325020235202], [45.96388925771379, 33.414531950601905, 14.272205278644247, 55.64645719562684, 43.28781045882885, 41.72936225924383, 16.380521180901848, 28.09989581840578, 53.9911732322356, 61.71232840215807, 54.932850794258606, 54.735752017461195, 36.52915508381141, 58.978027337053476, 20.476953731343656, 7.478116118832926, 47.73854436819372, 15.878877085465657, 29.151410492564665, 34.183358738640955, 39.4967569539648, 60.46406696447286, 87.58077002756106, 17.88399538551536, 27.417134294098755, 41.46947467036437, 37.18068530179421, 46.744317904917516, 86.59171107674217, 43.069784254398385, 84.15400841829664, 35.22582990589444, 35.9381892257947, 29.48844446461061, 72.0787645960895, 41.25055485067389, 61.16529085746953, 56.71650931554072, 16.249593778810066, 71.89711808941688, 55.687854210720985, 0.0, 71.44360728497409, 77.12737781738784, 39.36637235986912, 50.200194004271694], [81.0283575345669, 53.49118679172483, 59.12302845911639, 17.519587067365624, 79.5727646786424, 48.47911167525904, 69.5303885984597, 47.48535472148403, 21.99514218037097, 13.022993132529395, 17.05125292917983, 57.48682611525685, 104.21019967536223, 44.00179059960358, 66.30844838699088, 78.90626947816736, 74.66890379445246, 58.78149721107981, 52.797575870605634, 94.82713618241348, 101.17159208801284, 15.038361308090968, 69.58715468851027, 85.48757345565146, 46.03302563179978, 29.974240048865163, 100.35153757289734, 26.474354647344082, 67.88947005638555, 50.257218777249705, 24.2811836711316, 39.178158427479104, 61.49717579719318, 61.46626394460704, 50.22557667879749, 32.50332709957554, 44.776852630900024, 40.25753017848796, 57.75096773019549, 9.50620367585919, 31.112660041055356, 71.44360728497409, 0.0, 18.604166289634342, 102.068241336039, 62.16094850247055], [75.54207729218139, 51.710295461490645, 67.01239068057014, 31.779677609218655, 74.640929032621, 63.065086263984504, 78.96396625237992, 49.876168548508126, 37.191776116816015, 29.674944317638047, 29.821630774084376, 74.13118370417001, 112.38176512156589, 33.629166624221824, 67.0489408398694, 84.28658250878507, 68.18538696781273, 62.3708348654352, 52.77516866408829, 104.91509877143817, 111.2303666865254, 17.593807089561732, 88.17813296446084, 88.33441843691267, 49.80194738548299, 38.097364121770504, 109.96799656104781, 38.788213227398955, 86.4808816099799, 45.40973602603427, 7.389