instance_id,num_cities,city_coordinates,distance_matrix,best_route,total_distance
2506,93,"[[28.37621317093497, 30.38415577702056], [50.26828294627693, 67.58340730666401], [95.55500994520379, 72.24388021257553], [73.5450835584668, 29.210887715136625], [42.723526443039916, 18.026735207033273], [99.23288432766233, 87.77305507771052], [77.81174301635046, 90.45478808777412], [86.2391882915152, 67.46510802635456], [43.69024726403112, 42.437166438729676], [93.59919333046845, 83.71411599667744], [65.28862445909418, 60.26004176433798], [97.14420612932133, 10.406230921318816], [95.75471713647687, 94.29264285251759], [21.904589108596838, 28.447008777219462], [29.317576459091278, 5.456089268788333], [58.16747787266171, 31.043079617630898], [90.40952653152972, 1.3034948197196305], [8.502897847935609, 25.29097855141228], [35.18918679086327, 39.74261692853518], [72.263463453704, 43.34377954207367], [23.433858163161315, 37.2712579859129], [1.3434929071810098, 29.132546528840596], [34.84799713706346, 24.753375850773363], [20.522560106948774, 16.720197790744162], [93.25740667984648, 76.78654242015035], [94.33531595926826, 7.75124236179513], [27.937198792065786, 34.77338361563916], [77.30840004879246, 46.74199177123285], [13.021605818360527, 38.627230867158225], [73.09469173557329, 61.6891547571424], [72.5124932685544, 22.80850633585584], [28.723616572756537, 60.06817528157956], [83.26687351423526, 78.67380424953826], [67.7741998560782, 82.66414079252084], [28.611693842579477, 2.9251132739901986], [59.057532229720834, 35.498840190683886], [42.22156877573845, 44.06705187371009], [42.08326672051646, 70.97913736075847], [91.0378495025796, 3.829766469097362], [7.102664757479338, 55.35644869811548], [26.263458864177526, 42.764837420482515], [10.770597262721815, 57.05897041588034], [91.9146758660094, 95.38490300457289], [42.545748333773524, 86.70658763292764], [97.81405193187076, 57.41482252623871], [58.50819365187133, 92.63451669684574], [26.85960099475536, 21.5958630246317], [40.06014349175222, 83.88926121913211], [16.352680464100455, 82.23685692692578], [62.744160191661926, 68.41273829816222], [63.30474878793271, 43.861253064552564], [54.08764296772166, 81.06568216542563], [18.125029274795924, 75.82910761070907], [89.71162622978213, 73.82276955118188], [77.58695074836828, 48.51444139532756], [42.267196577431186, 29.333442730170532], [13.61628005579706, 36.73211614422406], [75.49520002901158, 68.57552829434545], [21.911284107437133, 18.741372804200317], [70.46972496745373, 17.256033041221308], [86.09176812852095, 66.23083045878828], [58.40506819970647, 82.64838554666571], [37.74298016799493, 90.36221050871204], [84.08777203418848, 12.236732328191845], [11.882283379895108, 52.44212821663658], [75.93940119136563, 9.925892574770456], [2.8737229906746986, 86.60259332672942], [19.656678416377503, 56.76443471755472], [9.70293559842318, 63.32342723657926], [27.968586613365908, 87.37201093454698], [86.99063259810835, 87.66648714687182], [30.37433953463926, 42.71990679034151], [52.88913309513564, 11.614742168357562], [70.05362915737298, 87.8447855935756], [37.89595079169087, 7.875345912070264], [27.19838529343014, 74.91054854295707], [45.15720773222588, 24.446019065793333], [91.59281741354516, 54.503318297668116], [3.967600507104818, 15.815613231830582], [70.15306576479368, 17.643978272785088], [2.495808989621806, 28.219102143064944], [65.84446764271931, 15.665815423319406], [4.3922768551451945, 26.069834817601624], [79.54368864493696, 3.4601474317253356], [56.953413279281605, 47.018142514570116], [15.584704503620605, 78.8984910207531], [49.34653900860751, 99.7908546371478], [28.19002165273885, 26.983810043472246], [2.598677715450015, 53.9141259187383], [94.22382391606237, 58.164620503630815], [2.3977686518091734, 44.28725440166453], [25.215629687278273, 43.29666988355959], [19.097284681950743, 87.61223530525292]]","[[0.0, 43.16302854775279, 79.15318860197047, 45.184105723480755, 18.93544932848079, 91.1819807328034, 77.79686675767036, 68.72496569313276, 19.48832230377425, 84.25035191571061, 47.4878370810191, 71.61113277322697, 92.86634221779985, 6.755328008547942, 24.945834615805854, 29.798550856645267, 68.5114356017098, 20.515582277352404, 11.575724801076051, 45.76071006348284, 8.476971738692718, 27.061679374504898, 8.578442182708127, 15.760190807861, 79.7668524972581, 69.73415239538663, 4.411128500073244, 51.59396971607356, 17.427342135087073, 54.587043208818756, 44.781711504931735, 29.68605233220875, 73.1086502578381, 65.4629527905949, 27.460052190954517, 31.1047156527493, 19.465752423583957, 42.84665502457706, 68.05597886501988, 32.8051714800671, 12.55965798568886, 31.960967562404242, 90.8968282273563, 58.0774659992515, 74.51355847560231, 69.15955235794999, 8.91819499644557, 54.765961473466234, 53.22845061894721, 51.25747624480527, 37.438412782134364, 56.83040330011472, 46.58680519673709, 75.15947087174148, 52.44429377459855, 13.930664661328047, 16.06711630588797, 60.6529459901881, 13.31727085961129, 44.0932119711172, 67.94166151782434, 60.27671065804137, 60.705052288709794, 58.59271941807154, 27.542764351070723, 51.77641729512944, 61.732404180663394, 27.78397745673441, 37.864058149999856, 56.98931298818793, 81.95679137173468, 12.496529999483018, 30.87351827089582, 70.98401920306974, 24.439147405433744, 44.541968201410576, 17.80065296744194, 67.66145913785935, 28.42574192635788, 43.67628115451711, 25.97080626060801, 40.25542989373949, 24.3688852133359, 57.818792548445025, 33.06578111609434, 50.17233718023556, 72.50547849920409, 3.4054395295039956, 34.901874291059386, 71.4679093108806, 29.46482192377674, 13.293694313799039, 57.9754396308762], [43.16302854775279, 0.0, 45.52590086952774, 44.88050474918699, 50.12770790973249, 52.96370517209773, 35.8014280646215, 35.97109987303437, 25.992383177097675, 46.235998502951254, 16.71054583274255, 73.9363352734199, 52.7484498235093, 48.333806160628, 65.56474471003114, 37.38439284122377, 77.48771667721023, 59.43901851840082, 31.662102737233393, 32.731445426687145, 40.48348737305375, 62.226230601934894, 45.52138847783987, 58.92261119039522, 43.963194325449535, 74.30875695742773, 39.68847407129773, 34.13989652061448, 47.17812110573122, 23.575138416001042, 49.99596633536944, 22.817786078784145, 34.81240991115471, 23.10596566526293, 68.18872955864548, 33.26665522691382, 24.854950850713152, 8.861459993491057, 75.67485895087113, 44.86389539971103, 34.5281477986847, 40.87579902858173, 50.07339818971336, 20.62361672045205, 48.62098584837779, 26.37146583174739, 51.6025253238577, 19.237644942606025, 36.94579377280404, 12.503411651840247, 27.068247884323508, 14.012824352735096, 33.184037278385915, 39.93378232272457, 33.31568806746657, 39.07783480676399, 47.90794800733372, 25.246418549041117, 56.477107906529845, 54.23046063043271, 35.849010512591086, 17.121940416674533, 25.99532813805727, 64.86148528472043, 41.26431018679905, 63.11414514205075, 51.068324333690704, 32.46722192887555, 40.78841545892099, 29.813843933339225, 41.85523933535112, 31.84278006692587, 56.02999493902041, 28.319310986997277, 60.97644789952905, 24.205519544298408, 43.439122390850564, 43.34519439822245, 69.45255717183795, 53.7526851419481, 61.90119376031648, 54.20381791592927, 61.87070902841016, 70.490012312455, 21.624548169573302, 36.482622343312144, 32.2206343114551, 46.21446656274538, 49.590730147127026, 44.95334388883077, 53.23811490830566, 34.89242109648508, 37.05111447435401], [79.15318860197047, 45.52590086952774, 0.0, 48.33503183855593, 75.70115231349791, 15.958760351765582, 25.42559118186852, 10.470014168621377, 59.81967731416088, 11.635786504287822, 32.552518709728794, 61.858066688024415, 22.049667047707334, 85.68868324892392, 94.06384328730249, 55.635721655603184, 71.126747987289, 98.9072555225258, 68.55920594755766, 37.117542439267694, 80.1532584476593, 103.60693526302182, 77.07586787462121, 93.34210110347121, 5.090654250399365, 64.50417033317488, 77.30592797685347, 31.357376911765176, 89.1170124610199, 24.81669042232319, 54.5418533341573, 67.9314575927049, 13.868749765829913, 29.670780909204673, 96.36648286983288, 51.79057680507714, 60.31906499784883, 53.486698327417045, 68.5630782401868, 90.05000117914459, 75.3016136291416, 86.13349011532728, 23.42560496695625, 54.946808119450964, 15.000140751413952, 42.28764185557732, 85.34799854677088, 56.703572210878335, 79.83024852051255, 33.03376318129487, 42.96106223705227, 42.39536193666101, 77.51293932058095, 6.052935220966758, 29.764700870032275, 68.41707899676771, 89.3030841748224, 20.392468699736813, 91.02701057516602, 60.43951405293677, 11.212034294566518, 38.579423310113846, 60.58469014264893, 61.09300567598651, 85.98392031642652, 65.3322561221429, 93.7869585488427, 77.46076401438955, 86.314269683188, 69.25882584863433, 17.64101368950337, 71.55546661022778, 74.13682908898937, 29.894960625377365, 86.41686936277908, 68.40861973295273, 69.45915345082686, 18.177637544923016, 107.57510344885667, 60.21966506033891, 102.94753987619642, 63.9045674361777, 102.18946311918062, 70.62268973246336, 46.113133786017045, 80.24670458921304, 53.79645514572779, 81.15735086457721, 94.74629066132778, 14.142051131151216, 97.26173210532004, 76.0629305305898, 77.98698667525056], [45.184105723480755, 44.88050474918699, 48.33503183855593, 0.0, 32.78801077137856, 63.948342860155485, 61.39234248489868, 40.305404930267116, 32.65341787687353, 58.07554745206663, 32.12816652145979, 30.17505100654337, 68.76701735157259, 51.64614388372905, 50.20321536965479, 15.486370904626769, 32.60723869037153, 65.16019958421765, 39.77552183279827, 14.19088374573043, 50.75533941883478, 72.20163315270166, 38.95297048398874, 54.473895839696446, 51.49775338257365, 29.87892471242106, 45.94584326692047, 17.930481321817062, 61.25160304933875, 32.48138979240216, 6.485116038482483, 54.41632198806961, 50.40925819760953, 53.76386670675185, 52.057194020909684, 15.793273563064433, 34.66797069126321, 52.291802390085245, 30.82528468776336, 71.40157824054367, 49.18598973637383, 68.67424437008489, 68.67635853095207, 65.32009103950777, 37.208127670418705, 65.18178251070283, 47.302461703843754, 64.11681324203428, 77.99182253645633, 40.66257535756259, 17.874497505775558, 55.385121664794596, 72.41989259200109, 47.4507861146338, 19.722167098592767, 31.278127081558882, 60.39892686417627, 39.41291516976363, 52.68453272279701, 12.344082822865083, 39.08830329451103, 55.540851988047265, 70.86095459832653, 19.981747456022486, 65.89378924527708, 19.43305931888124, 91.0398213833409, 60.52402961776768, 72.38428841091199, 73.89136165973818, 59.981996414765035, 45.235016701059045, 27.1347125956223, 58.737758165034926, 41.54595059754451, 65.0882127565981, 28.784986836397344, 31.07133312357093, 70.85520112345793, 12.054010899288095, 71.0561964601265, 15.58102913393137, 69.22410626546271, 26.440194555394758, 24.33889574621545, 76.34306427199371, 74.6130101861848, 45.40970728190219, 75.12418039343879, 35.5798952382434, 72.72714246341427, 50.340295696227315, 79.84535179231868], [18.93544932848079, 50.12770790973249, 75.70115231349791, 32.78801077137856, 0.0, 89.76556502376158, 80.4798470823034, 65.86171523072454, 24.429566145617837, 83.0852903722693, 47.8835653563664, 54.95163749230259, 92.89131205528975, 23.28111365491326, 18.37772113938087, 20.197545830516468, 50.53336891096147, 34.98314812606815, 22.985773707591875, 38.90450632582816, 27.247806505011948, 42.84444211965411, 10.35720310698357, 22.239378279898375, 77.50089028850311, 52.62473344616576, 22.340226460880476, 44.951968164627516, 36.1467081521621, 53.18660134090291, 30.170314543604665, 44.31117421055015, 72.95087371088692, 69.32193332033897, 20.668884932477262, 23.918072614636703, 26.045154128946315, 52.95627277633998, 50.3570028302668, 51.59799702069957, 29.713759873563276, 50.443087421381975, 91.67363474055782, 68.68008251522971, 67.72287221685798, 76.2592733883897, 16.26046752117187, 65.91635564440442, 69.41441672252502, 54.21784838220454, 33.03042576383776, 64.05506988529129, 62.818789533302294, 72.94572619490641, 46.31369757336503, 11.315912334408356, 34.599466300119175, 60.24253540654952, 20.824508107783515, 27.756900302169377, 64.84164700198913, 66.49713109964816, 72.50673643405587, 41.76751065914564, 46.212569174256366, 34.18944261974958, 79.31365047736004, 45.08535062803209, 56.054881398029224, 70.89764111098621, 82.51831152893487, 27.60896847296754, 12.01886905383192, 74.976627519206, 11.240826984140789, 58.96438100541317, 6.86512999707007, 60.98154404348822, 38.81894969651949, 27.432209722775728, 41.49883848098344, 23.241167444518865, 39.166007536063766, 39.59684108599774, 32.2953770227837, 66.647477912556, 82.03191770052496, 17.07196389157593, 53.83222359801372, 65.29418408934002, 48.12256861191643, 30.742414468715953, 73.4870132994447], [91.1819807328034, 52.96370517209773, 15.958760351765582, 63.948342860155485, 89.76556502376158, 0.0, 21.58835304085184, 24.109103055079903, 71.69607611765328, 6.943591341330587, 43.69414926058981, 77.39501312527999, 7.389362067408302, 97.4640703599791, 108.00107932027504, 70.03326154775061, 86.9185624248865, 110.16324402290259, 80.05322094073892, 51.974129977309275, 91.08196241291581, 114.10978133158562, 90.09380482814674, 106.03689767044231, 12.506390106432658, 80.17154536532355, 88.83715411402018, 46.52129799301166, 99.23556106327464, 36.92661598243836, 70.24508446563694, 75.756961421714, 18.376884037520174, 31.870830454446963, 110.3925983653699, 65.92914725861856, 71.83665371541977, 59.56605127861636, 84.34236360343029, 97.66685070800499, 85.73375478276614, 93.6425716721514, 10.559185761690504, 56.6971669486265, 30.391369975974932, 41.013829859124144, 98.06789937800906, 59.300059972732875, 83.0649004238874, 41.30676524345132, 56.736912846963804, 45.640789529013965, 81.98257151597087, 16.889784546823684, 44.83062779821176, 81.61052549878345, 99.67637821598993, 30.529046668057454, 103.65328271756373, 76.15753234759816, 25.23403210926537, 41.148181096867354, 61.54439080380085, 77.0396682294348, 94.22527197519054, 81.2574123780723, 96.36626979539118, 85.40437391536497, 92.80838335533063, 71.26542615544118, 12.242715553897785, 82.28782025072985, 89.1506135901556, 29.179343336678503, 100.72667643436577, 73.17385547768667, 83.27359899337178, 34.13569990296807, 119.38738517286728, 75.91918901806375, 113.59900992130042, 79.46219465445928, 113.14604816883171, 86.58135377985886, 58.724071471246646, 84.11763117846498, 51.31349681655689, 93.50091255640609, 102.39432099176223, 30.029153903075866, 106.15109273291851, 86.35220219796334, 80.13576101577239], [77.79686675767036, 35.8014280646215, 25.42559118186852, 61.39234248489868, 80.4798470823034, 21.58835304085184, 0.0, 24.485653415670345, 58.90643819826767, 17.166253163123105, 32.68870147215635, 82.34995831477781, 18.348826923560814, 83.48996678099532, 97.85940420319271, 62.57514088179773, 90.03697707532156, 95.1316881584183, 66.24504964809644, 47.43659486407452, 76.06209460172836, 98.01943982991683, 78.50196831873876, 93.37473043975949, 20.624971894195568, 84.3380396882037, 74.75218368428857, 43.715694160729214, 82.9690156961656, 29.1498239050913, 67.85352962631663, 57.73205691447215, 12.982681885717112, 12.706158269648846, 100.40960517653798, 58.06786229487901, 58.467790906983225, 40.69182951972886, 87.62890084453467, 78.94090939513445, 70.2250453448189, 74.89857049325879, 14.93983761808779, 35.464621633414566, 38.62294248577326, 19.426225440782055, 85.66021443727689, 38.318264701425434, 62.00605423961293, 26.699887848202263, 48.79969659233057, 25.51447105347137, 61.45253718670595, 20.450703193163324, 41.94094910998507, 70.70525892656032, 83.70891795665551, 22.00155404785156, 90.92675754617792, 73.56604494870963, 25.599979278684494, 20.917909744350364, 40.0688697969621, 78.46943855439432, 76.10293002528736, 80.5506590690222, 75.03696588912429, 67.20901315178851, 73.31384855216683, 49.93839960580274, 9.59305144837346, 67.29729668840085, 82.68548437217228, 8.185379873199594, 91.72041615132703, 52.94653305944548, 73.64425478215763, 38.50228813473194, 104.99506562739934, 73.21249458362975, 97.70245914677385, 75.74038626831047, 97.65162681183895, 87.01187929550446, 48.1851854626755, 63.29101297945865, 29.957135674439233, 80.56599955929399, 83.6195263303322, 36.221696841406356, 88.42346236216807, 70.64162547597043, 58.783226551656554], [68.72496569313276, 35.97109987303437, 10.470014168621377, 40.305404930267116, 65.86171523072454, 24.109103055079903, 24.485653415670345, 0.0, 49.364058207099234, 17.838159495672013, 22.154888957889128, 58.09160757398991, 28.46509993041106, 75.24196117222169, 84.17356058096476, 45.98461785473314, 66.29291653819809, 88.43974247417141, 58.09164454450605, 27.877578312844776, 69.68628324710822, 93.14861440596071, 66.82324890120186, 83.02843569987759, 11.668098752759617, 60.260211050224555, 66.842133602542, 22.565604932277893, 78.6920424329049, 14.357556403416684, 46.71867111548904, 57.98927145745492, 11.596099609732985, 23.91581892697423, 86.5236328357596, 41.960513647994304, 49.84997351612129, 44.29552812584182, 63.81601558016105, 80.05753548405275, 64.86286679098085, 76.18264849583137, 28.49080747950089, 47.74255159489221, 15.329243521017728, 37.450062703901494, 75.0328129857971, 49.012824716785516, 71.43058547914073, 23.51413082690792, 32.910947789470754, 34.909847946107114, 68.62576154478728, 7.244148348797468, 20.832402172177872, 58.20274867704857, 78.8581231747284, 10.801218308893702, 80.69746979127984, 52.62724754717515, 1.2430502074552687, 31.705995608780633, 53.62983781858169, 55.270263923467006, 75.859338452157, 58.45380166500911, 85.53387719756253, 67.43689665557328, 76.64823217834335, 61.577169497547835, 20.215350279349153, 61.099969810462305, 65.04990044630107, 26.02505681509086, 76.73335885259691, 59.50841119661117, 59.48420917916373, 14.023884545550443, 97.14053978178988, 52.35368475920967, 92.48352585564626, 55.669662694480856, 91.7196028976374, 64.3542127310821, 35.71743295237311, 71.57358679031297, 49.05121267672025, 70.77034148451834, 84.73112843285996, 12.257792387584631, 86.98618594839552, 65.63526572648918, 70.099514676695], [19.48832230377425, 25.992383177097675, 59.81967731416088, 32.65341787687353, 24.429566145617837, 71.69607611765328, 58.90643819826767, 49.364058207099234, 0.0, 64.76642233651566, 28.00258527944156, 62.31618207570703, 73.4826473203009, 25.89091370846833, 39.67585833622666, 18.42323045999825, 62.24684727867811, 39.142576793021526, 8.917882384924477, 28.58759574957187, 20.90473414202441, 44.38761669098737, 19.77123761595495, 34.61364188654393, 60.30574535536273, 61.384332791162244, 17.518336202949943, 33.89264990824586, 30.90438766878628, 35.146271621500716, 34.87127990452041, 23.126878454855365, 53.66007142354611, 46.88545870647469, 42.29143079368172, 16.86101474825979, 2.1939788132830627, 28.587173532568272, 61.092771832312266, 38.801534090437904, 17.429868680100682, 36.020834356729196, 71.6174442537098, 44.284213108857024, 56.157959485705646, 52.338757227210614, 26.788627845411906, 41.61074158292519, 48.284137369294264, 32.214622941736884, 19.666130599306648, 40.00335066799679, 42.0547512900748, 55.704787986686014, 34.437185976835664, 13.180768122036271, 30.610310395433373, 41.16757195752195, 32.1840623934655, 36.75907922202649, 48.62126509173942, 42.8190156042316, 48.29264783609764, 50.43834085316857, 33.34435224489867, 45.79291274079727, 60.137954620661525, 27.980047317478448, 39.89201980811398, 47.605786029409884, 62.614813117979885, 13.31890914317338, 32.16584117408589, 52.50599758280682, 35.044162277423474, 36.42117593577274, 18.050854739041043, 49.39886889000675, 47.8183621689755, 36.262693535315826, 43.57906718895869, 34.74931245043262, 42.57017762064956, 52.95920382262585, 14.031996100181821, 46.03639564662865, 57.63192853151046, 21.887512829917533, 42.66424365755987, 52.92442895875489, 41.33390394593044, 18.494600314117086, 51.435402746150665], [84.25035191571061, 46.235998502951254, 11.635786504287822, 58.07554745206663, 83.0852903722693, 6.943591341330587, 17.166253163123105, 17.838159495672013, 64.76642233651566, 0.0, 36.76386687927313, 73.39354964822195, 10.79590261710434, 90.52386102535549, 101.27410831471946, 63.47948120082445, 82.47232540107196, 103.2213277079833, 73.11102238552239, 45.66155313644258, 84.14340924486352, 107.19263960815432, 83.23504029378967, 99.13818335973328, 6.93599983944201, 75.96644027064667, 81.89440037483412, 40.402078108533054, 92.3340393351979, 30.09208373074352, 64.4526353817863, 69.05049581246824, 11.496154804684664, 25.8463292535254, 103.68335474228608, 59.3113747323979, 64.89645597763779, 53.066659734142604, 79.92540135432068, 91.02640688170578, 78.80954607168891, 87.01191362386776, 11.791728816069716, 51.14107089731614, 26.634899475576702, 36.207068468668744, 91.17483500087205, 53.53933631902331, 77.26063709530953, 34.44074954860111, 50.060004534833055, 39.60021229521876, 75.88493129172195, 10.627883724766482, 38.67051854512604, 74.78122435192144, 92.76084694546257, 23.59939429477783, 96.75026453051774, 70.3679550425475, 19.02699940511379, 35.210257384912914, 56.250455193648214, 72.1074442146386, 87.49623187077907, 75.87206451756522, 90.7714397245247, 78.70057708090113, 86.33864864331014, 65.73246331479962, 7.700280037906463, 75.35188999591725, 82.79872408920467, 23.905146382067937, 94.09766350595423, 66.98186402216511, 76.54628196397925, 29.279621693807076, 112.445671814264, 70.10694685036566, 106.67484802411796, 73.49078859914542, 106.21081441966092, 81.47549743566663, 51.860463412502284, 78.16297531966855, 47.08246955974284, 86.58341269037028, 95.75559122497488, 25.557129794201636, 99.35883090420027, 79.43476396924099, 74.60381844393736], [47.4878370810191, 16.71054583274255, 32.552518709728794, 32.12816652145979, 47.8835653563664, 43.69414926058981, 32.68870147215635, 22.154888957889128, 28.00258527944156, 36.76386687927313, 0.0, 59.16232364537457, 45.677135854320326, 53.79817460781261, 65.55447737075612, 30.072273039921228, 64.08536610308069, 66.6892354788, 36.427199588172236, 18.297767803017294, 47.75254591431055, 71.11892018884562, 46.769168434517354, 62.447726386357076, 32.48658188911904, 60.00736872920499, 45.21834520355851, 18.089021002884493, 56.5669492274768, 7.935808104479369, 38.141863962412025, 36.565511270528404, 25.73488076424778, 22.541555809631166, 68.06240713082316, 25.53318651759092, 28.183363523486882, 25.561448280184948, 62.02740168858195, 58.39221807190622, 42.76734413947078, 54.61192312272397, 44.07609885946633, 34.88062790190419, 32.64963559979958, 33.07689328046257, 54.51337966076455, 34.56611438912909, 53.64426362036962, 8.540536234971986, 16.518354442826205, 23.629148500727663, 49.666895635191466, 27.936188009659695, 17.006115298502127, 38.55438586634181, 56.77670702073663, 13.165162402916662, 60.044929246398425, 43.314992424512994, 21.643038237839594, 23.422666032965772, 40.803223923196796, 51.57175776284939, 53.97552259781353, 51.44866975577051, 67.74621722376655, 45.76563960299175, 55.67003805160243, 46.128560535669806, 34.958409657357805, 39.07254313059279, 50.20072269268218, 27.993273511672083, 59.114422353461634, 40.810582801129556, 41.08428119466986, 26.92676051916933, 75.73358043894142, 42.892792596573415, 70.4951025703011, 44.59769035049659, 69.83792238148013, 58.56137678656862, 15.646841251609706, 53.08362694488844, 42.62435049236206, 49.835869890315614, 63.01031717616072, 29.01097305976406, 64.88751559665307, 43.51552476470401, 53.68223506810408], [71.61113277322697, 73.9363352734199, 61.858066688024415, 30.17505100654337, 54.95163749230259, 77.39501312527999, 82.34995831477781, 58.09160757398991, 62.31618207570703, 73.39354964822195, 59.16232364537457, 0.0, 83.89791884398566, 77.37227950029164, 68.0070260693897, 44.10288958456085, 11.323237779904991, 89.88235224918868, 68.549602224908, 41.278728968257674, 78.45345802750674, 97.61378770493073, 63.92697570223266, 76.88135545635211, 66.49400698290293, 3.865078037843796, 73.37143855075534, 41.39742406728336, 88.7301342330819, 56.64201108475913, 27.577848246614543, 84.54398732559008, 69.66377773731159, 77.99873593491819, 68.93962838299605, 45.60957979064854, 64.41697727355826, 81.85831688412114, 8.974267432179913, 100.63797121762035, 77.91764721443346, 98.16760367345094, 85.13943091076027, 93.82289714121475, 47.01336382431423, 90.85280646044676, 71.1697519001531, 93.0502334707402, 108.10601024767968, 67.43973649542876, 47.58515923861053, 82.7443392710772, 102.58744126393799, 63.85061171011558, 42.833654333563075, 58.04933698342625, 87.57834587906828, 62.06727496839902, 75.69324372860946, 27.539929817206332, 56.90819184687185, 81.97346956450151, 99.60654756334144, 13.184127073155503, 95.06109683962008, 21.210244632816362, 121.21390033742225, 90.29617937807545, 102.20668010421595, 103.48428686743154, 77.92459334184458, 74.17808795891075, 44.27157088578774, 82.04041144704942, 59.30228612358123, 95.14843584757335, 53.849453604296976, 44.445146323879186, 93.33349480363064, 27.944706921012624, 96.31000707235356, 31.738570517012274, 94.0652373148626, 18.921582691797298, 54.3666432698107, 106.50418770621762, 101.36186629597397, 70.91893743128013, 104.07590436870885, 47.847595632042015, 100.6221206631815, 79.09172576260882, 109.78200699724927], [92.86634221779985, 52.7484498235093, 22.049667047707334, 68.76701735157259, 92.89131205528975, 7.389362067408302, 18.348826923560814, 28.46509993041106, 73.4826473203009, 10.79590261710434, 45.677135854320326, 83.89791884398566, 0.0, 98.94184623561628, 110.93163171080431, 73.57518470842746, 93.142647130457, 111.23897538849722, 81.5100533330251, 56.103704621127186, 92.0963895858228, 114.71406807094431, 92.44099845970302, 108.06184194329389, 17.68332864211158, 86.55303979986768, 90.23169074389148, 51.003245311974844, 99.71662749950794, 39.704712404888, 75.16769747610577, 75.26275721296541, 19.997358766584092, 30.300683283352495, 113.38523289356479, 69.30652647131645, 73.4057760846059, 58.51618688933156, 90.58576512806897, 96.82568670677125, 86.51098027943664, 92.78279470804685, 3.992361356222814, 53.74702405567889, 36.93527435686416, 37.283413122156546, 100.15667139799231, 56.657884560558024, 80.3120501668654, 41.94599300945698, 59.96937153053366, 43.71610182532774, 79.79517887145514, 21.34325796778255, 49.25151230356245, 84.14637565628998, 100.29923768899228, 32.73863183802628, 105.64490999299511, 81.08002269489982, 29.678913362035615, 39.12269167509924, 58.1447325603065, 82.88118037284437, 93.73393579456848, 86.66253687974017, 93.19879792798625, 84.84855863753276, 91.45491469428745, 68.13849600218857, 10.987043152328665, 83.2726898826845, 93.12944516502348, 26.497561898056382, 103.99800985323704, 71.24349946204666, 86.2476597498011, 40.00639646150208, 120.76224143837399, 80.81127603752799, 114.29320509386044, 84.12372445606374, 114.02388798111075, 92.26776072454432, 61.1589696056187, 81.63461787851863, 46.732743659844104, 95.37015806805748, 101.53064714845173, 36.160442930002574, 105.9058955133736, 87.04224329149832, 76.94796810519291], [6.755328008547942, 48.333806160628, 85.68868324892392, 51.64614388372905, 23.28111365491326, 97.4640703599791, 83.48996678099532, 75.24196117222169, 25.89091370846833, 90.52386102535549, 53.79817460781261, 77.37227950029164, 98.94184623561628, 0.0, 24.156464172178627, 36.35569673824691, 73.68647637986864, 13.768291667171061, 17.437640295858515, 52.5159976057478, 8.955782374442515, 20.57252145491102, 13.460116477456685, 11.807967652137016, 86.18546912427918, 75.32944271424275, 8.74159014077377, 58.3462823961234, 13.510896118877335, 61.036602758597965, 50.921043520775505, 32.3480649599544, 79.29729460010978, 71.01773436325658, 26.388489990720696, 37.816259847391024, 25.627434696654095, 47.076119126500664, 73.38539576481837, 30.711804267293015, 14.9666282977817, 30.701956342165122, 96.86120963199245, 61.80805758639868, 81.2488817124019, 73.89086573110718, 8.455196089693814, 58.339245031046474, 54.075608674940476, 57.141316946583245, 44.17660182069337, 61.680416218067506, 47.53260315198252, 81.5889327603301, 59.18806678431556, 20.381892652125632, 11.71917535654777, 66.94962029361808, 9.705638282141612, 49.83784063252467, 74.4822873668658, 65.34580489659606, 63.90889481755917, 64.26135153660783, 26.004083699131968, 57.12086013187088, 61.19024333579233, 28.40650831000822, 36.9492207351482, 59.23620468074316, 87.99511165679776, 16.596755404970853, 35.261411844189745, 76.46192482761798, 26.05603503061981, 46.764140167534734, 23.594325409447034, 74.40013729898638, 21.938270522402732, 49.44310839463182, 19.41011816400436, 45.7610295900695, 17.672918165845665, 62.82204259063114, 39.66493519518392, 50.8457766386728, 76.43955099554097, 6.453496168852894, 31.957663716546598, 78.18700767940334, 25.12825950550696, 15.214316438369018, 59.231790351612545], [24.945834615805854, 65.56474471003114, 94.06384328730249, 50.20321536965479, 18.37772113938087, 108.00107932027504, 97.85940420319271, 84.17356058096476, 39.67585833622666, 101.27410831471946, 65.55447737075612, 68.0070260693897, 110.93163171080431, 24.156464172178627, 0.0, 38.56178012857415, 61.23291928621195, 28.751933474805686, 34.78565490041487, 57.26976762654487, 32.35464574809872, 36.64865589563058, 20.074133164413396, 14.290992037953558, 95.79319096594315, 65.05823681466639, 29.34977325846853, 63.305962549029886, 36.95785835330105, 71.26425103898806, 46.55005065782308, 54.61531586482937, 90.94701996077991, 86.25540622586514, 2.6275672692697998, 42.27329951865667, 40.71018854029978, 66.75501987950626, 61.74169604417704, 54.62186533876753, 37.433545422923885, 54.83473151198486, 109.57001594453212, 82.32027706201636, 85.97370012923696, 91.93568589467584, 16.325867213507763, 79.16542937825454, 77.86767500274946, 71.28026484966453, 51.28434935816038, 79.56360180910112, 71.25752467652094, 91.22195032194665, 64.68349234643536, 27.162854590950012, 34.99600785599806, 78.20764989095557, 15.210257230384352, 42.81048936752414, 83.16777023840794, 82.49080421726993, 85.32313198463024, 55.188327059564266, 50.116636965843774, 46.83560272870498, 85.3465436153365, 52.20995368396392, 61.101251538503924, 81.92702848239144, 100.42276098418628, 37.2787988604442, 24.362825940018116, 91.90932091760443, 8.912985408731874, 69.48678208309678, 24.728755580579506, 79.27065227022342, 27.385050986024076, 42.615511556355635, 35.178998924085, 37.9269335392557, 32.34496971551673, 50.26575503384083, 49.91135889511913, 74.71531400752023, 96.43758239355317, 21.557229450791812, 55.33607201492394, 83.61226120539938, 47.24971362831427, 38.06225832214622, 82.78941173589038], [29.798550856645267, 37.38439284122377, 55.635721655603184, 15.486370904626769, 20.197545830516468, 70.03326154775061, 62.57514088179773, 45.98461785473314, 18.42323045999825, 63.47948120082445, 30.072273039921228, 44.10288958456085, 73.57518470842746, 36.35569673824691, 38.56178012857415, 0.0, 43.86334011076866, 49.99657163954761, 24.569977827903582, 18.708394589919752, 35.28759759336601, 56.85609381623521, 24.15281671467657, 40.277596470174984, 57.652124790494724, 43.01885859261408, 30.459562393578018, 24.75541848887239, 45.77847871783246, 34.08817441820087, 16.54048559871571, 41.34485634936256, 53.839256964902745, 52.50736199894628, 40.79417116372111, 4.54378686151688, 20.58873163297003, 43.05334547336843, 42.67347822253372, 56.557537557184766, 33.98920468152253, 54.067465869775475, 72.65496272904313, 57.81405156495414, 47.61638015084782, 61.59237946958279, 32.70218732680098, 55.862281265993005, 66.1005303875294, 37.6488699823575, 13.809312907319356, 50.18870210023574, 60.07650117233448, 53.15200058687148, 26.12210575618786, 15.991929325582419, 44.912964314530804, 41.339262920350556, 38.286336686409605, 18.477768720313772, 44.92152931004072, 51.60585285791507, 62.73690617301076, 32.02405889001377, 50.99253386698723, 27.60030519847643, 78.38532319599614, 46.31057960054611, 58.2308569424459, 63.91339090203728, 63.53726881562926, 30.146423195759166, 20.132590981621654, 58.03201180504356, 30.784390447860172, 53.69766778078424, 14.587266263825024, 40.83670067901741, 56.29833424686813, 17.97749242718431, 55.743246810709635, 17.187100570812497, 54.004679503866406, 34.89642581917239, 16.021129404572676, 64.05804390052194, 69.31136654674683, 30.25104214557049, 60.09139963272223, 45.118045946521434, 57.32075219576656, 35.1564328855733, 68.74990451753295], [68.5114356017098, 77.48771667721023, 71.126747987289, 32.60723869037153, 50.53336891096147, 86.9185624248865, 90.03697707532156, 66.29291653819809, 62.24684727867811, 82.47232540107196, 64.08536610308069, 11.323237779904991, 93.142647130457, 73.68647637986864, 61.23291928621195, 43.86334011076866, 0.0, 85.3469108878018, 67.28188485447669, 45.789356238770424, 76.02249759491616, 93.31245610636633, 60.30738320490048, 71.56719085256387, 75.53675195815654, 7.548858920213327, 70.87330378357012, 47.289496934619166, 85.91828411256029, 62.81903716302351, 27.978014938969423, 85.19647385441708, 77.6993067754877, 84.45065261332147, 61.81910523020144, 46.39255534824724, 64.42671095581258, 84.7945903394089, 2.603236101931332, 99.30636959239185, 76.37906079183196, 97.21641895295393, 94.09344738377938, 97.90112116531364, 56.597774632865836, 96.74218623030421, 66.71111783723379, 96.72367437326066, 109.70244095475299, 72.58803658295201, 50.45623611958622, 87.64294470061085, 103.82251926018384, 72.52263282871408, 48.921282958236326, 55.70782631975406, 84.57180329895867, 68.90546874403287, 70.68301637445443, 25.53584073656474, 65.07074573735133, 87.41439584240234, 103.46603281287604, 12.629341326503056, 93.71065970688828, 16.844294891931938, 122.22296473106732, 89.89928459535746, 101.78421212071954, 106.3327816060129, 86.43063854575952, 72.93519629281789, 38.91146033634046, 88.90307962445557, 52.92319778475051, 97.02394928283707, 50.826654278969976, 53.21298145562171, 87.65162950920694, 26.025671985065486, 91.94167526004128, 28.45555079999876, 89.51166872972576, 11.077796868808598, 56.64927649857102, 107.79488590349114, 106.7048686242349, 67.31081174189761, 102.36514872962105, 56.988915400972466, 97.94729762927098, 77.54786223798311, 111.95818202262834], [20.515582277352404, 59.43901851840082, 98.9072555225258, 65.16019958421765, 34.98314812606815, 110.16324402290259, 95.1316881584183, 88.43974247417141, 39.142576793021526, 103.2213277079833, 66.6892354788, 89.88235224918868, 111.23897538849722, 13.768291667171061, 28.751933474805686, 49.99657163954761, 85.3469108878018, 0.0, 30.348111462306093, 66.2669853696086, 19.14316251990677, 8.124944530943214, 26.35058392555541, 14.762471462061637, 99.17217283844163, 87.6062003766856, 21.624247015540096, 72.07179130054305, 14.080992420679047, 74.14126427790698, 64.05771596156322, 40.22848341855658, 91.86608806816335, 82.49101155450218, 30.07649590564034, 51.57491150474709, 38.593907531393604, 56.70140235485041, 85.27955129265467, 30.098058871792876, 24.915322020552665, 31.848826787445883, 108.95266383793378, 70.21960344558082, 94.91271566825701, 83.8789707756632, 18.724914664070358, 66.5553790781044, 57.48436440528694, 69.29358342803009, 57.862751074789465, 72.03323226724518, 51.44597070723724, 94.60545598982037, 72.883026773128, 34.0054317033494, 12.53181180122511, 79.75914240993977, 14.922538575185564, 62.48558243796712, 87.72744305868818, 76.02696063263548, 71.33896300426966, 76.70388875544798, 27.360650115028825, 69.16478764702487, 61.56948689026493, 33.39139505937183, 38.05137636922553, 65.0612605232055, 100.25481823212148, 27.966542528754307, 46.445423036344195, 87.75802698440043, 34.165125809557836, 53.02473929186692, 36.66404764378746, 88.07551036962626, 10.504830789178778, 62.12261920941616, 6.682740779027025, 58.14378205597267, 4.18375692766103, 74.31943988243994, 53.099172304707736, 54.0732593678154, 84.96137098735919, 19.75977029639162, 29.225748588949962, 91.80824310038786, 19.95322276426223, 24.566650685071885, 63.21534683735336], [11.575724801076051, 31.662102737233393, 68.55920594755766, 39.77552183279827, 22.985773707591875, 80.05322094073892, 66.24504964809644, 58.09164454450605, 8.917882384924477, 73.11102238552239, 36.427199588172236, 68.549602224908, 81.5100533330251, 17.437640295858515, 34.78565490041487, 24.569977827903582, 67.28188485447669, 30.348111462306093, 0.0, 37.24876323103902, 12.012300619304705, 35.46977006345547, 14.993123706123491, 27.297284136731232, 68.87793969700054, 67.24368105833521, 8.791166569500218, 42.69683095565182, 22.195624168704505, 43.80043182179742, 40.98528160196969, 21.329133142448175, 61.86357011112219, 53.88914814011183, 37.4004276558057, 24.242680441513897, 8.255612271433714, 31.988256388699124, 66.39884001101976, 32.134785862994576, 9.423504428988409, 29.93532382725382, 79.45970746599905, 47.53665472093781, 65.0705815604631, 57.80423117804398, 19.9671399249757, 44.414551909283404, 46.48197934295607, 39.76496471100995, 28.41562932669209, 45.4394912652083, 39.91766878824189, 64.29738101317554, 43.295672913959066, 12.587657845312268, 21.781951702549588, 49.55715368120387, 24.846628633286336, 41.837337737373545, 57.38203763253044, 48.78403560901892, 50.683972958277096, 56.103879780690264, 26.5422179473535, 50.493732530634894, 56.92228551859649, 23.04346105180497, 34.721803159227086, 48.1736052242635, 70.56973235336041, 5.661007774414607, 33.23349872791552, 59.4083156789323, 31.982018907395464, 36.06433588197673, 18.25780237766533, 58.303068978645214, 39.335594008179015, 41.362092105466154, 34.66479979843616, 38.97997710142647, 33.695617404074895, 57.30392157182581, 22.948089837548995, 43.789475923747176, 61.694582207251514, 14.552507198454343, 35.53833069875401, 61.84220723926963, 33.1048460702124, 10.587876732640423, 50.501976961455846], [45.76071006348284, 32.731445426687145, 37.117542439267694, 14.19088374573043, 38.90450632582816, 51.974129977309275, 47.43659486407452, 27.877578312844776, 28.58759574957187, 45.66155313644258, 18.297767803017294, 41.278728968257674, 56.103704621127186, 52.5159976057478, 57.26976762654487, 18.708394589919752, 45.789356238770424, 66.2669853696086, 37.24876323103902, 0.0, 49.20575038428163, 72.3298096643154, 41.7794235132221, 58.1887977570253, 39.48625129208593, 41.88072797787657, 45.14719731267316, 6.082699368115255, 59.42931538802337, 18.36419702133032, 20.536783134237268, 46.64143736279954, 37.00386032281307, 39.57580443294407, 59.49071837752006, 15.360328542044849, 30.050599972507804, 40.92135477499062, 43.74739764424345, 66.25884021760744, 46.00364764034054, 63.00380189390947, 55.62776896939722, 52.5687713140946, 29.168935912076876, 51.17405804293849, 50.34364507105888, 51.778276342463585, 68.10790793274036, 26.81547739103658, 8.97364738047871, 41.87245380753679, 63.13688775249248, 35.11989772530433, 7.4212708465024315, 33.106880917651395, 59.01869376218179, 25.43787071258027, 56.04123822877561, 26.1493406274382, 26.740215216857386, 41.67621830483464, 58.33006614811488, 33.27856156406391, 61.06281074197009, 33.61945400524254, 81.7695606664368, 54.29169197310622, 65.67347994074876, 62.45415337549531, 46.705373571231895, 41.893769464171115, 37.17655833325104, 44.55584032664014, 49.38760685374004, 55.0211066296083, 33.04352357508244, 22.319480946976377, 73.63507884171146, 25.786305739409148, 71.38824466145427, 28.412553651167777, 70.03489941907894, 40.54264161532486, 15.744795317722751, 66.90754235849496, 60.92173432208902, 47.0118801387291, 70.4621500841374, 26.493673932553836, 69.87206491125187, 47.04785735220207, 69.18337040681514], [8.476971738692718, 40.48348737305375, 80.1532584476593, 50.75533941883478, 27.247806505011948, 91.08196241291581, 76.06209460172836, 69.68628324710822, 20.90473414202441, 84.14340924486352, 47.75254591431055, 78.45345802750674, 92.0963895858228, 8.955782374442515, 32.35464574809872, 35.28759759336601, 76.02249759491616, 19.14316251990677, 12.012300619304705, 49.20575038428163, 0.0, 23.541938351038596, 16.94048233270816, 20.75624560265068, 80.22958077530117, 76.80135441553938, 5.149704184670429, 54.7006495557322, 10.500174348384995, 55.33924533129468, 51.16525783282587, 23.402584947337534, 72.76098242267959, 63.455336347221944, 34.7342430304072, 35.66773918881472, 19.979011102338504, 38.52300055146654, 75.4230269