instance_id,num_cities,city_coordinates,distance_matrix,best_route,total_distance
1579,98,"[[86.37183831419483, 75.41666629016235], [63.54270044152681, 27.589901993085853], [42.64466500854083, 35.0165722603962], [1.2337629438368913, 4.998732678161044], [26.562199676803676, 79.09977030969611], [17.508248950454675, 54.14507893679308], [77.29105844337492, 4.553345624728533], [77.16544006734291, 35.39223559320106], [72.94490865533874, 9.007807023950631], [80.1441947140045, 49.65610930448279], [94.38348161641744, 63.9393988158524], [0.10185758020088143, 42.42858559670209], [54.4974603818069, 14.2626142311161], [30.270334084275564, 40.08368799257822], [53.991127480364234, 31.94881147041392], [70.69847279488413, 10.060821933951514], [58.61912609056672, 21.62394139467334], [24.633311901666865, 32.53552853393151], [59.336805885377444, 72.47181701432079], [74.40964535571177, 13.45908496805367], [79.35684753720912, 27.603483662906747], [79.26293988213664, 73.778777085887], [84.12272518290655, 74.81212616483202], [34.4339629618337, 27.065089912573182], [92.96430188135298, 70.29063131865327], [30.094200691641305, 46.06698408711133], [16.40357364875139, 2.368703817919504], [58.922097360697876, 87.28453923383961], [64.44111292641243, 33.800103239043324], [85.0115880939548, 2.0888025185615833], [88.82311719713229, 72.13010913819613], [2.04077745369593, 64.3511962067311], [47.16168127062132, 27.54004941468462], [36.96442290255386, 55.89302912786466], [53.676033109219304, 37.647763728987584], [67.96068806331729, 69.89481130861755], [87.470632423971, 66.30385289830893], [30.40238502403183, 98.20207664759444], [76.42232845927349, 93.33950923815465], [11.822479751790526, 95.69381259418431], [5.207587596387608, 36.54401083819357], [1.6266400070770959, 47.197865619949454], [15.969972926970023, 20.7057254108048], [81.37794973615846, 66.61658752083784], [69.06574192276967, 71.04943804453346], [25.211465825123025, 88.13739671032266], [32.96645523290196, 22.39219816019753], [64.64019792099116, 93.66280393889433], [89.27299615512287, 20.195397615090016], [16.75451822951356, 66.21219476631022], [70.0247827683289, 52.236211456727524], [26.62696635204108, 99.69373249459163], [92.3028301966549, 33.77452800969456], [23.23595327018654, 74.94451891527987], [77.21780494436143, 85.90388691557904], [77.98563800549168, 43.20308157858834], [93.78788345297436, 4.2280032140380674], [97.30766982469262, 49.2550030430603], [43.07161132967777, 47.1988299289731], [15.57102151895473, 62.532083946886466], [66.44716658060177, 7.83583911204685], [95.09262503286776, 41.816326111661354], [20.17009894203823, 33.11543760129755], [88.2348409166545, 15.855630004599275], [33.63385603718216, 89.11848139983734], [5.5891389380359975, 9.64899543744886], [4.533704011040395, 76.64313646164722], [21.361763074935347, 70.78205561236037], [85.02716899467178, 46.505789972148705], [54.50678694243799, 26.720865600041865], [50.25239651422751, 76.06546869950552], [9.758776660778057, 34.55956478320387], [43.86902302441238, 64.83940372755794], [71.09638439212742, 51.626082261749815], [67.07374470911391, 39.14576792669583], [30.725539181283512, 8.651952587648292], [89.2840426105609, 89.0710512870563], [47.03973793842855, 31.94971172768364], [5.554126010897376, 20.802335577205422], [90.35966059468758, 21.658051032992464], [17.090754478826685, 85.16892202305935], [62.456784583458415, 87.46664284195923], [56.974272513951675, 98.58581094163219], [98.29456414356255, 63.23480646838281], [63.139596102061304, 33.71234316711186], [5.912635127486654, 90.0737494522587], [49.445963342897834, 9.506923137345535], [17.964188703155447, 2.756315798173059], [30.07801193811638, 31.94666732531475], [30.31338724913479, 68.08151384322517], [81.83225281304732, 51.42125778201832], [52.03092388276528, 95.04781099774266], [91.30670064364752, 56.36560825303697], [32.60543663522553, 9.845235014784205], [20.49832688128861, 11.110780733671055], [14.78413236911088, 28.752259341392506], [81.19973740178122, 39.635263249597294], [17.27129032550997, 75.09654328856998]]","[[0.0, 52.995933043370385, 59.53346355552184, 110.48609528783689, 59.92293491772595, 72.07408943989405, 71.4427797527111, 41.06960946120009, 67.7526311600028, 26.502638378535746, 13.996931702301815, 92.36191338252976, 68.96226541970064, 66.30081547188693, 54.20299656600991, 67.2089337678792, 60.52991233637532, 75.1693928328496, 27.194946510052787, 63.10179033642146, 48.32505073508451, 7.2951434504608095, 2.328943674816503, 70.96067808522717, 8.350856867019198, 63.47106696594553, 101.15118823642034, 29.905429049277235, 47.04141830580887, 73.34047917738269, 4.1000275700384545, 85.05393849801715, 61.883817422836614, 53.12499511250339, 49.95503656967152, 19.22137705778645, 9.178818900622339, 60.4297495175705, 20.499293785191092, 77.25781206001524, 89.99288269896985, 89.31992693334405, 89.16114457489584, 10.11831554539382, 17.84863173631855, 62.46925760263526, 75.25775151122507, 28.37579484835616, 55.29742517425657, 70.22316962232885, 28.364761788256537, 64.48895773129216, 42.06238634789291, 63.13765044277336, 13.920421092128947, 33.28728579484137, 71.57390219951932, 28.355335206637335, 51.683226929222926, 71.96365833553635, 70.45680056438665, 34.713613771884525, 78.5624862417591, 59.590165481452836, 54.488847592422246, 104.16924233136052, 81.8473240570679, 65.17506807628955, 28.942130278442686, 58.19503848075575, 36.12526844893469, 86.82663162567202, 43.799175687170624, 28.272449149979252, 41.08521005037437, 86.91396667376375, 13.96148858493161, 58.62073233000372, 97.54090291340749, 53.90632097360396, 69.96409843114633, 26.779315335588105, 37.430283713329764, 17.045500870310587, 47.73874365078163, 81.78333243553114, 75.54875568046201, 99.79545610359955, 71.12408662375861, 56.53631043173528, 24.421045554908982, 39.55603931786807, 19.67982923057441, 84.79645363460617, 92.0574083151692, 85.45388533214981, 36.1532769109461, 69.10128950368936], [52.995933043370385, 0.0, 22.178442601266873, 66.2779346623492, 63.4099674404917, 53.14459658888637, 26.827230141397102, 15.698899468442587, 20.825363688008736, 27.6138935535838, 47.67011330745715, 65.153104868791, 16.106922947239504, 35.54075198433843, 10.499173199064414, 18.93340238025416, 7.735261485641105, 39.222439220773886, 45.078551939817245, 17.82611796109489, 15.8141529278565, 48.7907584528924, 51.51190031519367, 29.113468109820623, 51.85540392494648, 38.21262485393339, 53.46219329747304, 59.87319674224645, 6.274850158234066, 33.334954798861766, 51.214544065786924, 71.65109408420271, 16.38109502924473, 38.82617470915885, 14.089418261409529, 42.53497345504819, 45.511711939329395, 78.00230583392954, 66.9992214190309, 85.51680459042792, 59.018314580011186, 64.94667641469297, 48.068246175518986, 42.908953619072385, 43.80907738141268, 71.66088656827804, 31.014881850369452, 66.08201625448372, 26.771754005019904, 60.669724688391426, 25.484465100704647, 81.0045294804895, 29.417591038307627, 62.185959921690454, 59.89598751756423, 21.268987334749603, 38.21713503074805, 40.11794811492393, 28.347408068817924, 59.34844613250507, 19.966444947989014, 34.60908673919159, 43.723152958027335, 27.3385248384623, 68.41275507839325, 60.667053818172114, 76.73513844100898, 60.37212611292831, 28.625045101231365, 9.077607449953456, 50.26442823696027, 54.23363031054944, 42.12575177464632, 25.195160311720027, 12.083307125751102, 37.889470844335186, 66.65244493018075, 17.069145037188033, 58.38446559099979, 27.465181733769274, 73.98058415107103, 59.8865870452971, 71.29911172567321, 49.78203738114697, 6.135697110997648, 85.0026800836404, 22.928412965685478, 51.90479491901513, 33.74710033159, 52.38089236983674, 30.040659857754065, 68.4331095802274, 39.986009778200525, 35.66493373036754, 46.09099188210024, 48.77242084495685, 21.374322960404083, 66.31684824614649], [59.53346355552184, 22.178442601266873, 0.0, 51.14619734640401, 46.92519623187874, 31.58700967034029, 46.134377150855386, 34.52281902742049, 39.9319500422889, 40.25581663556381, 59.274235886601616, 43.18365901104714, 23.900115732808445, 13.371601537084258, 11.753866040118446, 37.547378146402444, 20.845766197640053, 18.181430601389103, 41.00637665813154, 38.38931146576696, 37.45314711172461, 53.323602444429056, 57.48143688521679, 11.42986000034741, 61.4518111812588, 16.722014116420716, 41.88649173170369, 54.74390537325611, 21.83036735184272, 53.65812326103721, 59.244105749971816, 50.091874057968454, 8.735091858380589, 21.635424694743065, 11.340822312207116, 43.09747768042633, 54.664991397097246, 64.36055767225574, 67.39803799742648, 68.05684828528072, 37.46822432104965, 42.78857654716034, 30.27110066051574, 49.988281729329735, 44.68154789088272, 55.908303712495375, 15.90731171138099, 62.63532516232962, 48.92717530557001, 40.53969121455003, 32.34481137047629, 66.6310867854504, 49.673695692697606, 44.39525892950471, 61.52089724506153, 36.27675987720039, 59.695600983467855, 56.486963156850194, 12.189736874302618, 38.601626328052426, 36.12964621428974, 52.88690918508276, 22.5548316967699, 49.453067118862634, 54.84716265086702, 44.90685878827418, 56.43771961511088, 41.61888650739101, 43.912171066373546, 14.475105725668863, 41.747927823202666, 32.88906365732733, 29.847953518956054, 32.945047554487196, 24.77559670053457, 28.933695425483393, 71.39410512043308, 5.359318947976679, 39.72093412322369, 49.549681060214716, 56.28730345359541, 56.06719170835807, 65.1642981836763, 62.395352515671206, 20.536387561007942, 66.18560855290825, 26.40075486447475, 40.618346318739995, 12.93619285968038, 35.28952781003897, 42.482711130520194, 60.76060796267795, 53.1392044536561, 27.099489387512687, 32.587530758954856, 28.55610084202565, 38.830734138073346, 47.43640184947337], [110.48609528783689, 66.2779346623492, 51.14619734640401, 0.0, 78.3102387009903, 51.77086289944328, 76.05859956856564, 81.78865820047982, 71.82312368844951, 90.670488745233, 110.23099479518316, 37.44696381892454, 54.06330517264732, 45.542030620168944, 59.24226751018795, 69.64890998661622, 59.74510413707264, 36.1360487246774, 89.04257806746742, 73.66333774426482, 81.32767741344612, 104.01560922475647, 108.37199809542439, 39.86448799159081, 112.59451053158615, 50.19488161938069, 15.396110178504243, 100.49327285102292, 69.45997435937511, 83.8283465208367, 110.35631691900663, 59.357949756787946, 51.161358876089864, 62.18447935132829, 61.775002457764366, 93.08052190179822, 105.80697246845536, 97.66100471089652, 116.00609116547207, 91.31110800232842, 31.794588479221506, 42.20096175948543, 21.537537124061245, 101.09327728398026, 94.67773260695313, 86.52726560175053, 36.18696452297822, 109.00318127944927, 89.34117309301733, 63.15046940011718, 83.44809051050343, 98.04059245824772, 95.50717987282734, 73.32468473498973, 110.99197547984211, 85.73460561748357, 92.55732951596435, 105.77718586709706, 59.424353303461395, 59.292862063323774, 65.27508856224414, 100.82172969594521, 33.89887780991437, 87.67587916861234, 90.14376383009198, 6.371361218865634, 71.7203611573326, 68.79376400185306, 93.51027057391325, 57.53143614261152, 86.33253966978896, 30.765543284924544, 73.47565116268409, 83.99342596190097, 74.16820892482632, 29.717181584845747, 121.74155619862886, 53.146426191541444, 16.383510051936494, 90.66950159848425, 81.72333473456393, 102.70936951159739, 108.92908530337125, 113.19116317112756, 68.24077671249869, 85.20358163847297, 48.42251592529547, 16.880034939292187, 39.47381260774363, 69.46266500255113, 93.0116519916482, 103.38852966195783, 103.69035640887127, 31.743826094184993, 20.210901888164937, 27.3467098661292, 87.14497301069433, 71.90900734185303], [59.92293491772595, 63.4099674404917, 46.92519623187874, 78.3102387009903, 0.0, 26.546386670731607, 90.16976513815635, 66.86580986585238, 84.04902741518053, 61.13885315866281, 69.49505844133041, 45.22085240377249, 70.59911896769422, 39.19189890985121, 54.5486846763203, 81.94136316648948, 65.81122579443714, 46.604175995300395, 33.43807077288938, 81.22855181595061, 73.75054156487604, 52.96867930275231, 57.71999643842424, 52.626729152078944, 66.98387945578341, 33.22107759835314, 77.40060883315624, 33.37893677835959, 59.049740945099586, 96.67998844883134, 62.64980468699545, 28.615041253064312, 55.522459065728675, 25.43145855665476, 49.53209881448476, 42.40950495938193, 62.23803244090583, 19.484484363923425, 51.85366531842404, 22.19508014869989, 47.61315071806769, 40.49090834837093, 59.34694387391507, 56.21918095374301, 43.2592065696325, 9.13800705271002, 57.06805786355799, 40.76782921335772, 86.03702178417282, 16.19506772934269, 51.09449014555916, 20.59406402813995, 79.85116211240413, 5.322596106068121, 51.110530693870494, 62.71317462385729, 100.62342702969404, 76.78301686991404, 35.919781044690396, 19.8820076630607, 81.66614031935363, 78.01585999494618, 46.42647742872684, 88.33649280127734, 12.263070398028393, 72.5484624723888, 22.165055180620037, 9.80963397055807, 66.93668793407458, 59.367075185069474, 23.88372693817888, 47.604463376848074, 22.425079474603805, 52.32683005126952, 56.899100057256554, 70.57073343552861, 63.50949555252645, 51.4048402151346, 61.96716917482319, 85.84676541974399, 11.249127817662192, 36.85682815425366, 36.11924630666397, 73.46583688816258, 58.29171872465113, 23.38445497115143, 73.25865830794196, 76.82609478202029, 47.28399366500752, 11.639303405433687, 61.81325771570378, 30.04989042354269, 68.61991350813614, 69.5177054558753, 68.25886943723161, 51.706815123424434, 67.39961310085492, 10.116660672209544], [72.07408943989405, 53.14459658888637, 31.58700967034029, 51.77086289944328, 26.546386670731607, 0.0, 77.67447665585992, 62.53518677853479, 71.48843651227094, 62.79659664387999, 77.49664572960074, 20.982342021872633, 54.39496992657362, 18.989300467603847, 42.704504625006216, 69.08416336696202, 52.418781045183195, 22.75388298011025, 45.66724760504382, 69.95083286203608, 67.30308630982884, 64.80064779828437, 69.7467940829533, 31.93439525569354, 77.16407704123674, 14.955326731032443, 51.788158182855895, 53.04083963255226, 51.15282745975809, 85.24410073461812, 73.5477514570389, 18.53125749189114, 39.83909693051496, 19.534534412798532, 39.75261022902365, 52.8535966819781, 71.01106171254297, 45.90509549465593, 70.76066796617818, 41.93596594706402, 21.473329223922782, 17.33462648862386, 33.474716688277624, 65.07593414479145, 54.25801727333718, 34.85422811991094, 35.31574123649939, 61.5066760856328, 79.38992255440942, 12.090632507965562, 52.55121406114591, 46.452457932582526, 77.51895722252694, 21.573671458352884, 67.63026660617926, 61.45927019662103, 91.16083088996747, 79.94911140288072, 26.490297684437575, 8.607828016444536, 67.37628182050554, 78.55783575379674, 21.19743522403773, 80.42594550693451, 38.51199921787476, 46.06480902238445, 25.97116494839087, 17.077428495266556, 67.9497115506955, 46.054090922347775, 39.40409480025343, 21.062922053430974, 28.447477788173217, 53.647307522036385, 51.78530390544494, 47.37426839609468, 79.82222810814979, 36.942430447847265, 35.4208919988949, 79.7667547326566, 31.02665211515918, 55.952636011518514, 59.435222528736546, 81.29607536086053, 49.997165258682905, 37.7535114253005, 54.886998039508626, 51.390785730277415, 25.51016306570003, 18.9260609940247, 64.38164858558712, 53.524280233664236, 73.8318510045415, 46.801722698032634, 43.138050348476476, 25.538521847462345, 65.32335304025548, 20.95280429617272], [71.4427797527111, 26.827230141397102, 46.134377150855386, 76.05859956856564, 90.16976513815635, 77.67447665585992, 0.0, 30.839145812813175, 6.223443125570175, 45.1929162383945, 61.79687891427328, 85.98084980290676, 24.77535084440381, 58.93516563165844, 35.96384756645455, 8.590371402293338, 25.29913630400657, 59.63087146113881, 70.25150490071526, 9.360274281932433, 23.142522510722, 69.2535102171152, 70.59014034142761, 48.40980545297871, 67.57988820848111, 62.85638837877026, 60.92666464233513, 84.74590920655183, 31.94517069510483, 8.104353818018934, 68.55368222098093, 96.11653199763893, 37.89680619716162, 65.28399984869493, 40.655995021550275, 66.00426462849126, 62.583934639577706, 104.73123945231862, 88.7904135646149, 112.217287060892, 78.86335923702764, 86.8542417094638, 63.412734538607374, 62.19765811583268, 67.00288157211882, 98.48135642426075, 47.779651626482995, 90.00299902225959, 19.703822517404568, 86.40883275758782, 48.233333454553836, 107.78934753112839, 32.851648225743915, 88.75174179983672, 81.35057427203259, 38.65597664102142, 16.50003282062006, 48.978596418605065, 54.67730692262271, 84.68114935085055, 11.329817042909601, 41.296797549079805, 63.86389521812254, 15.732387200483325, 95.1693937702551, 71.88275807009619, 102.42348640279256, 86.68522427170619, 42.65975847546811, 31.788708210374363, 76.4530770183959, 73.89845919199207, 68.9306989165503, 47.478590133865225, 36.069782098897726, 46.745546987758104, 85.36436164851375, 40.813028164302345, 73.55417832657464, 21.525782431604835, 100.61286078558305, 84.22986724662361, 96.20226776992682, 62.32704949252085, 32.41158780551077, 111.39398002534058, 28.282278043469518, 59.354079803923334, 54.58448345546117, 79.01094701389007, 47.08740422115638, 93.95383260499679, 53.67447051393119, 44.99787650209219, 57.170047345539146, 67.0276303647985, 35.298990289213165, 92.6213544576092], [41.06960946120009, 15.698899468442587, 34.52281902742049, 81.78865820047982, 66.86580986585238, 62.53518677853479, 30.839145812813175, 0.0, 26.71986070932242, 14.571584419561317, 33.33768862483352, 77.38414545063034, 30.9886786089525, 47.12919149294566, 23.42874161299302, 26.143874687564338, 23.098304856901855, 52.60974496077219, 41.14311066460332, 22.105598857259157, 8.091163286613906, 38.44380409432395, 40.029134250675504, 43.53527869217168, 38.30798949081571, 48.26646694935151, 69.15604139613394, 55.00573361245469, 12.823548129226014, 34.215211433111094, 38.54312894239988, 80.51295754492114, 31.014228504251605, 45.12653672324709, 23.597449998160194, 35.709315177606825, 32.584123034455764, 78.30619036999504, 57.952038253586736, 88.91559284852892, 71.96706968083906, 76.45575985413576, 62.93312943010293, 31.50722759956482, 36.56557392806119, 74.03558239679326, 46.071154029985344, 59.60151697863786, 19.43030619809414, 67.81850308528229, 18.29504057259847, 81.78520544225462, 15.223585574782513, 66.87879082485462, 50.51167846541861, 7.853791419765622, 35.320178423827265, 24.451702210004544, 36.08025537330253, 67.30857125935051, 29.567488455449613, 19.04344768621248, 57.04079872412187, 22.454634111633315, 69.14845115149036, 76.0649807537605, 83.52847361834625, 66.07941984355982, 13.613150724965397, 24.26122871977067, 48.77113700347438, 67.41180617876776, 44.449826760403, 17.33122080082119, 10.767140761682812, 53.58831150096143, 55.02977177760571, 30.321756204493372, 73.08245674146171, 19.04508547783589, 78.01721835912582, 54.11181420404534, 66.34087135761001, 34.95209059795713, 14.12608712636512, 89.81664750877488, 37.92649193920157, 67.60097206367087, 47.21332257439355, 57.12883480159264, 16.694570780138832, 64.73431532564273, 25.29540692329932, 51.363831091770635, 61.650229252911, 62.73369776098078, 5.854813291267226, 71.85917633027559], [67.7526311600028, 20.825363688008736, 39.9319500422889, 71.82312368844951, 84.04902741518053, 71.48843651227094, 6.223443125570175, 26.71986070932242, 0.0, 41.280918086254026, 58.9668736444423, 80.14398623941801, 19.181275937463354, 52.79043182999683, 29.757948616150713, 2.4809906238880903, 19.089130219925075, 53.736059218560264, 64.9065561022585, 4.686078204327993, 19.670082610031393, 65.07838413288279, 66.74692502219811, 42.53420274940903, 64.46984301728352, 56.65302973000454, 56.92978355577573, 79.52286490100678, 26.210160118095516, 13.909614517301103, 65.08872813858608, 89.94602018820221, 31.752461674663273, 59.10007958319264, 34.51864257004077, 61.09066823722734, 59.10865861986025, 98.82046372394522, 84.4033675088736, 106.06797290790416, 73.12036094510852, 80.89978997841368, 58.16343005563931, 58.22274274035297, 62.16278560548277, 92.41197719104957, 42.15944335659558, 85.06137033372032, 19.793145900426172, 80.1854223234179, 43.326921019150554, 101.8297051831059, 31.434369641929216, 82.57499755085198, 77.01470473485205, 34.564805138298496, 21.38401559287049, 47.04658243906367, 48.48678297886232, 78.46407550759552, 6.60258743647815, 39.58434369126443, 58.020327406254005, 16.753349161583316, 89.2360857888042, 67.35882152169766, 96.20099120606717, 80.47905750337618, 39.39644324162745, 25.56788564625126, 70.79322069709545, 68.15702165603778, 62.94898184797721, 42.65834532886253, 30.704515196609904, 42.22086914271925, 81.71346511035019, 34.603596074792975, 68.41511886435542, 21.524457219575904, 94.44682089239977, 79.15674111826726, 90.99054898524764, 59.85960659842397, 26.579282539531036, 105.19036417896146, 23.50424531210774, 55.33498630167337, 48.61853706242618, 72.85018500166782, 43.334578472446104, 88.54533891107754, 50.79288082276464, 40.348163384487876, 52.48872677257377, 61.420837632943275, 31.72039206073903, 86.4133834483401], [26.502638378535746, 27.6138935535838, 40.25581663556381, 90.670488745233, 61.13885315866281, 62.79659664387999, 45.1929162383945, 14.571584419561317, 41.280918086254026, 0.0, 20.168531199738613, 80.36798387907966, 43.70874598309537, 50.7841828120354, 31.58371926027282, 40.706368599130826, 35.34304764684924, 58.091069851794366, 30.87885924328221, 36.64846009254328, 22.066676534183955, 24.138759515987708, 25.46868447663045, 50.98803236057261, 24.29276942910351, 50.17851852600437, 79.36602227297803, 43.20041845887306, 22.315907016634096, 47.81568982228667, 24.091582845340163, 79.473828187665, 39.711034966267135, 43.62787941869557, 29.06482310624891, 23.62293150985939, 18.188569385297967, 69.50509748580978, 43.84166646220497, 82.38523447541196, 76.07510902055766, 78.55602687997838, 70.40209847414222, 17.00529249328409, 24.09162989146846, 67.07021830581888, 54.48908104776831, 46.65793704402407, 30.84264173181164, 65.51606711813338, 10.443152074077052, 73.26566362261288, 20.001425979737856, 62.27400424632524, 36.365713781354025, 6.8044789583794145, 47.4327214628319, 17.168161349083455, 37.15393196846282, 65.84440309904645, 44.00617659665029, 16.879507383462226, 62.21322997608736, 34.75530113347184, 60.99582293259869, 84.611024705576, 80.28228907501673, 62.46342831453589, 5.811019679999032, 34.39915814417085, 39.887013717144406, 71.98619819806025, 39.32455353398396, 9.259787528503493, 16.7721179106267, 64.21482992829974, 40.46077694584995, 37.5422638309633, 79.97636280451344, 29.803473121989793, 72.36640237483023, 41.74303443108532, 54.138350520282394, 22.667530238169793, 23.310084783125017, 84.52165446654399, 50.54046457243387, 77.88416898474117, 53.10599771176656, 53.128193127728544, 2.4423941724238674, 53.39253299329876, 13.023782659809905, 62.00676762566209, 71.0167015859625, 68.62148856595702, 10.076285328504405, 67.82490536332118], [13.996931702301815, 47.67011330745715, 59.274235886601616, 110.23099479518316, 69.49505844133041, 77.49664572960074, 61.79687891427328, 33.33768862483352, 58.9668736444423, 20.168531199738613, 0.0, 96.7043934692507, 63.70775162102408, 68.40753339627055, 51.5261094141452, 58.85474228721944, 55.4047566815618, 76.49372029075472, 36.070370667768614, 54.288269645861256, 39.320458564880575, 18.040070595176637, 14.949893731832498, 70.38223812874055, 6.507858743477137, 66.72731712020877, 99.35701550053798, 42.455922489887506, 42.48438043133565, 62.55660357249921, 9.8997670709871, 92.34362235246698, 59.622236327787334, 57.98010321430862, 48.45974039867578, 27.085622701144125, 7.306033606927415, 72.57762612104315, 34.452423943431725, 88.45711855637423, 93.28905271637207, 94.25556004337236, 89.54232999584255, 13.278222729361577, 26.297159561988654, 73.2824049191337, 74.14998996705721, 42.04930126762021, 44.04151113100462, 77.66222735640332, 27.024263244992454, 76.61147262376761, 30.23654314042452, 71.99363484489828, 27.87649893893781, 26.43641669464365, 59.71436595902755, 14.97272039041036, 53.97364800511032, 78.82502395657464, 62.67413429173804, 22.13443539510366, 80.3600818375033, 48.47529892170671, 65.76095504011792, 104.07633348017023, 90.74341566146218, 73.34162072647582, 19.785633757630833, 54.546952186700345, 45.766737300357875, 89.57965916777641, 50.522475549843044, 26.342108148268483, 36.8855779758685, 84.3150955968822, 25.64379523603752, 57.13816715161648, 98.74948426268851, 42.47238521616216, 80.15521395374975, 39.65911238162465, 50.98845750619829, 3.9740428923518816, 43.472465713670424, 92.25017594375952, 70.58523186243812, 97.89421830175252, 71.82428766630782, 64.20384808664113, 17.72673685192817, 52.54971412920072, 8.174893555502184, 82.11397809773295, 90.82884442018906, 87.02982928277969, 27.64963141056062, 77.91515846400236], [92.36191338252976, 65.153104868791, 43.18365901104714, 37.44696381892454, 45.22085240377249, 20.982342021872633, 85.98084980290676, 77.38414545063034, 80.14398623941801, 80.36798387907966, 96.7043934692507, 0.0, 61.25523281416127, 30.25946991192562, 54.89880760190216, 77.6630813469162, 62.10558698126331, 26.45117821900202, 66.41818165780761, 79.75512078082276, 80.62962904809186, 85.14288847356781, 90.04554343463707, 37.612902833625974, 96.95219003919753, 30.212225818191218, 43.24974074962387, 73.97213789348116, 64.91525619067863, 94.0051085564489, 93.56090213706186, 22.008186345875725, 49.35884434847215, 39.244616977983185, 53.78706667354982, 73.20665563590659, 90.57224302414386, 63.472862448280374, 91.7427731280736, 54.53950303387873, 7.790808628548497, 5.007094306027885, 26.90129623855349, 84.79895396303955, 74.66706461657468, 52.1515852072984, 38.490759935075886, 82.40232098114168, 91.90106964869146, 29.033965830279453, 70.60740040445327, 63.110050266140824, 92.60622043977037, 39.90579284980578, 88.52666921690391, 77.88763122191396, 101.17487799947514, 97.44521491208957, 43.233724894811544, 25.36623107361258, 74.82217676404706, 94.99274058012885, 22.12394713746322, 92.0518588659864, 57.48340013105193, 33.23570049974359, 34.500387732262695, 35.43871955324957, 85.02312693828675, 56.627103107994934, 60.386393005750755, 12.457029127849216, 49.171226752189924, 71.58782565599348, 67.05229718259004, 45.59244249031619, 100.64284243037474, 48.09336139308723, 22.30295767260812, 92.61687811119603, 45.99303181646475, 76.91920125695947, 79.92562504502533, 100.37283720807942, 63.637483922935196, 47.99819553407063, 59.31843417191683, 43.50806665565996, 31.755951264882935, 39.633436042792646, 82.22363199196352, 73.92841678855055, 92.26355726261112, 46.02344387950999, 37.37406669589362, 20.06517113853586, 81.14597193508943, 36.90507933270652], [68.96226541970064, 16.106922947239504, 23.900115732808445, 54.06330517264732, 70.59911896769422, 54.39496992657362, 24.77535084440381, 30.9886786089525, 19.181275937463354, 43.70874598309537, 63.70775162102408, 61.25523281416127, 0.0, 35.40736503654857, 17.69344358214164, 16.73702069417356, 8.43666200719765, 35.010952023072534, 58.410021002899605, 19.92839104673532, 28.212903553839737, 64.46318806758524, 67.40845429133114, 23.800153619159087, 67.96202317259659, 40.08786631192285, 39.90750946060164, 73.15585378832199, 21.9223562297194, 32.85290978963663, 67.28222412067268, 72.52978442094167, 15.169177308673333, 45.171881162115845, 23.39957178672186, 57.2380979005605, 61.60779655642521, 87.32929638594507, 82.06007046163506, 91.93581477649303, 54.09207145196697, 62.290082927722885, 39.062526432073525, 58.851501485946, 58.62574678307187, 79.4679367010633, 23.01465440935732, 80.04539493574848, 35.27797906630049, 64.21283828093866, 41.02550215107612, 89.86234141847827, 42.54363367344284, 68.26108249206005, 75.15774084477776, 37.272578906910546, 40.551581515094966, 55.29178336163538, 34.86178898246333, 62.00975204905306, 13.568305593131521, 49.06296394881623, 39.163716530020196, 33.774969202172194, 77.70901386473953, 49.125445390556, 79.92312872023402, 65.51657568936675, 44.403665274992214, 12.458254859974327, 61.9484736509363, 49.127548512053274, 51.6814794334242, 40.884630627860425, 27.880714935580674, 24.425064209565022, 82.50096095143638, 19.195078585292503, 49.37831441662575, 36.61679791570102, 80.16836116073377, 73.63545780807053, 84.35956437665104, 65.69978622828081, 21.28329075803382, 90.0433976952847, 6.9378829705808505, 38.30241302025376, 30.1502105487258, 59.00290966337767, 46.12976986504491, 80.82284218538516, 55.924791231293945, 22.33324747683963, 34.14491372344763, 42.274084700508226, 36.83453428871449, 71.32008596200421], [66.30081547188693, 35.54075198433843, 13.371601537084258, 45.542030620168944, 39.19189890985121, 18.989300467603847, 58.93516563165844, 47.12919149294566, 52.79043182999683, 50.7841828120354, 68.40753339627055, 30.25946991192562, 35.40736503654857, 0.0, 25.07692675290941, 50.35679582716166, 33.82922187510109, 9.420760600948329, 43.518394783048855, 51.547534235211074, 50.64821125247542, 59.461201231312394, 64.07920446544233, 13.668200371619774, 69.59161604134287, 5.985887998188407, 40.183417926689316, 55.21633722683739, 34.74371258275496, 66.63494738300514, 66.74879413520178, 37.22660100631107, 21.039498058235402, 17.168170905453454, 23.53211579659173, 48.05482136507814, 62.92353437175853, 58.11853867146186, 70.47119327307173, 58.5901808128183, 25.311471230914506, 29.513941344759836, 24.08330880610021, 57.58457375892701, 49.63830522525176, 48.31926188998844, 17.895750382068357, 63.65539416061419, 62.26442182808649, 29.417276292083788, 41.57042237841384, 59.72128208573813, 62.352514573367266, 35.56346504572938, 65.60149121401112, 47.81716056645839, 72.93907874893351, 67.66178687360096, 14.64574832122611, 26.832820776325434, 48.46325377942377, 64.84544269781523, 12.270748283787311, 62.82422181125506, 49.15001774587947, 39.184587592215465, 44.70981323925503, 31.964862144982668, 55.13215362418187, 27.676175123025953, 41.157883349315995, 21.24240864802728, 28.24481903715656, 42.42632731222744, 36.81535994215525, 31.435031449735618, 76.69667239568183, 18.637984748935423, 31.347431991988238, 62.85086521155741, 46.97211562362949, 57.28099166385675, 64.3086208622309, 71.85589858765628, 33.48107555737793, 55.608486251760056, 36.09215020577636, 39.30361216327216, 8.139293160181426, 27.99785895275135, 52.79367340622253, 59.11495653474661, 63.17071291459323, 30.328480713905087, 30.5764857334597, 19.189156282642603, 50.931377431081465, 37.34802772062215], [54.20299656600991, 10.499173199064414, 11.753866040118446, 59.24226751018795, 54.5486846763203, 42.704504625006216, 35.96384756645455, 23.42874161299302, 29.757948616150713, 31.58371926027282, 51.5261094141452, 54.89880760190216, 17.69344358214164, 25.07692675290941, 0.0, 27.53578532395431, 11.314650379793422, 29.363677774853556, 40.87407804368598, 27.546067929161325, 25.735221540855598, 48.87136713313879, 52.39443602808005, 20.157713666469917, 54.671779485990086, 27.755826559128955, 47.83102520098803, 55.554992854546555, 10.612703568611256, 43.05681260014523, 53.17710212014149, 61.22706431386104, 8.128869441429739, 29.38084797971979, 5.7076563761520465, 40.43572092348232, 47.97026290089906, 70.32726297325227, 65.36035916185212, 76.4304914253862, 48.99948592425415, 54.539647970953325, 39.64864660637065, 44.18023007582478, 41.905882630913794, 63.13023076349913, 23.0947115390995, 62.626029473766664, 37.18807597116896, 50.6018231231054, 25.858397090654222, 73.06279243793593, 38.3551796489501, 52.86314027167589, 58.742052333145594, 26.50273817944478, 48.4997422295236, 46.64576194486623, 18.756302832687954, 49.10642623380465, 27.140161127414494, 42.26938544920763, 33.841143419209736, 37.836786327572895, 60.685992291884105, 53.29197209670289, 66.66047871599788, 50.721753440612524, 34.28033687083297, 5.2533154011887015, 44.274795926196084, 44.30933188265413, 34.412905393803975, 26.07268301907157, 14.931545659696312, 32.92462957583301, 67.14566359830894, 6.951389600230729, 49.70298820182759, 37.79642775803069, 64.7612360512707, 56.15956686430648, 66.70373942155388, 54.23659265830551, 9.316894448657997, 75.43241904061549, 22.897529757386966, 46.36962498479529, 23.913115638374144, 43.19962457267124, 33.97505592561231, 63.12943956264679, 44.59407993925044, 30.755745236519918, 39.44605451695874, 39.337086968500806, 28.27348572089303, 56.65750790257662], [67.2089337678792, 18.93340238025416, 37.547378146402444, 69.64890998661622, 81.94136316648948, 69.08416336696202, 8.590371402293338, 26.143874687564338, 2.4809906238880903, 40.706368599130826, 58.85474228721944, 77.6630813469162, 16.73702069417356, 50.35679582716166, 27.53578532395431, 0.0, 16.721732818880568, 51.255355670146095, 63.436738424074555, 5.03199696196105, 19.56303743581456, 64.29096285818632, 66.12822356435541, 40.05321214235119, 64.2136829922202, 54.2692419887529, 54.837074633861654, 78.1164869408497, 24.550112614931965, 16.383478358512424, 64.66141932211936, 87.52898873083079, 29.317297770767087, 56.908499702628, 32.41608875936152, 59.89659213781739, 58.69057735856105, 96.91571323645879, 83.47515967506745, 103.92012146945326, 70.64287181747652, 78.42243364243737, 55.75412691293621, 57.55524171487811, 61.01046717723682, 90.36049652296832, 39.695944237805406, 83.8212031028094, 21.15945515122681, 77.86479888312378, 42.18076978493593, 99.881711717978, 32.07940327671604, 80.39020396539081, 76.12274428502025, 33.93393804378165, 23.814757163517402, 47.37333848679855, 46.28687840258825, 76.10695908660416, 4.798348995786632, 40.04356014380426, 55.539462256867395, 18.469001258267564, 87.31494336950169, 65.1106362766156, 93.86682713336218, 78.23796485989665, 39.16053153483778, 23.23204135887205, 69.09888153884972, 65.67979115459318, 60.99600313385374, 41.56716492325239, 29.309942632093723, 39.99775411835363, 81.16674040395867, 32.23133927422527, 66.02398074382167, 22.826695522453146, 92.2768343737972, 77.84334611909304, 89.58251700059076, 59.90840415995524, 24.830043767579927, 102.95277233914712, 21.259726289010594, 53.237773512373465, 46.14121876057086, 70.69197849946163, 42.832776130375905, 87.01302024706018, 50.68364914962921, 38.093646210106655, 50.211124895060756, 58.95577408198068, 31.383501039186907, 84.1671484531309], [60.52991233637532, 7.735261485641105, 20.845766197640053, 59.74510413707264, 65.81122579443714, 52.418781045183195, 25.29913630400657, 23.098304856901855, 19.089130219925075, 35.34304764684924, 55.4047566815618, 62.10558698126331, 8.43666200719765, 33.82922187510109, 11.314650379793422, 16.721732818880568, 0.0, 35.69451358374353, 50.85294012462817, 17.776540133845774, 21.582585955721846, 56.09183482324773, 58.98657953981852, 24.789679561407628, 59.565407815751755, 37.56505963097366, 46.39953708933844, 65.66129682078515, 13.496460572203814, 32.83570772054801, 58.84856887726629, 70.89942057767335, 12.894703405140246, 40.537594208661396, 16.768931105586727, 49.16646888215244, 53.18556110147918, 81.61124478422416, 73.89233171103817, 87.61433631586009, 55.4562973566992, 62.46734403075677, 42.65903639517614, 50.421248092103106, 50.51743759763521, 74.43192529041679, 25.664172314521597, 72.2900478811039, 30.687138792413958, 61.161734197887505, 32.66802844683345, 84.37055509548472, 35.80822080745752, 63.992600400107996, 66.91653197287793, 28.995190546502457, 39.23595493422309, 47.54239144263079, 29.929920460668068, 59.38531328771981, 15.85528247839811, 41.68990915860679, 40.129567325541146, 30.17223858040722, 71.97066520568806, 54.365235841261836, 77.15144008596494, 61.68169333212003, 36.28348272502884, 6.549043412934725, 55.080686806596525, 50.54368505412865, 45.663352101079305, 32.4932367013778, 19.454947468532833, 30.76239074381767, 74.09082087555379, 15.51463060945872, 53.07136016322367, 31.74055283190123, 75.9115947124333, 65.95444607139451, 76.9794447073478, 57.49438648146064, 12.90597173934286, 86.39068475687363, 15.197665815632204, 44.81976382829392, 30.350516761701734, 54.401478740672026, 37.77207058292516, 73.71885129205016, 47.70179185586991, 28.556084519110296, 39.54392341989026, 44.4108048937372, 28.8841084707458, 67.59410237407747], [75.1693928328496, 39.222439220773886, 18.181430601389103, 36.1360487246774, 46.604175995300395, 22.75388298011025, 59.63087146113881, 52.60974496077219, 53.736059218560264, 58.091069851794366, 76.49372029075472, 26.45117821900202, 35.010952023072534, 9.420760600948329, 29.363677774853556, 51.255355670146095, 35.69451358374353, 0.0, 52.90784093370575, 53.30660438679613, 54.94534028527137, 68.44999491893995, 72.9815113558989, 11.224012647587232, 78.06773967452156, 14.591833187236942, 31.269248554419935, 64.60011595093393, 39.82788183685573, 67.62055427905932, 75.41924102705734, 39.021267563327285, 23.07557665703887, 26.412669923954745, 29.489228606886044, 57.20994261919956, 71.33602582707134, 65.91947925958762, 79.87005887993067, 64.44444325004203, 19.83498664401616, 27.281698636436182, 14.662799327633174, 66.19269222985724, 58.801037944674356, 55.604873947020025, 13.127392309580081, 73.05542229976759, 65.80704834195679, 34.58602663295394, 49.48234569079739, 67.18778919780827, 67.68086011552055, 42.43200532982468, 74.92203003729384, 54.40833933000927, 74.7239637344093, 74.57280420760281, 23.558083402492993, 31.335577920681054, 48.56411330034399, 71.06791125817203, 4.500729324166289, 65.75236503726032, 57.29433086929874, 29.773711912441897, 48.47138655394565, 38.38619368062793, 61.98859717095103, 30.434106131876547, 50.50933762388886, 15.011612883724771, 37.59724637421081, 50.232124650352084, 42.95213151536348, 24.64833530298514, 85.8835392503303, 22.41408282913567, 22.398284559633225, 66.6203604711051, 53.17108502427054, 66.69364591047514, 73.54303188924408, 79.80241692794067, 38.52426268733009, 60.50711202271642, 33.85239043340499, 30.516859527128304, 5.47645104149822, 35.9969488646112, 60.236115500716295, 68.25257944650984, 70.80404978359779, 24.05003519233342, 21.820126475882716, 10.550803914760925, 57.01023352778707, 43.1930473413529], [27.194946510052787, 45.078551939817245, 41.00637665813154, 89.04257806746742, 33.43807077288938, 45.66724760504382, 70.25150490071526, 41.14311066460332, 64.9065561022585, 30.87885924328221, 36.070370667768614, 66.41818165780761, 58.410021002899605, 43.518394783048855, 40.87407804368598, 63.436738424074555, 50.85294012462817, 52.90784093370575, 0.0, 60.90724943110623, 49.1321626378759, 19.968949914441442, 24.89616119693139, 51.787280791399674, 33.698161047723886, 39.39981168014092, 82.20528517140195, 14.818526334054557, 39.00711982043976, 74.91971149816403, 29.48829121950486, 57.86863879809785, 46.5520933902285, 27.845641097202964, 35.281142776886064, 9.0006834310632, 28.802013419899673, 38.720110683947475, 26.969902861741406, 52.8854636610105, 64.96752672840853, 63.00187191493588, 67.53081104759531, 22.80560752692579, 9.832362806231394, 37.549290558408565, 56.59826515105187, 21.84453922427428, 60.24117788581721, 43.03991278679043, 22.88476746949823, 42.55544953013214, 50.83541024914918, 36.185436493632935, 22.364047692215156, 34.70501135932828, 76.44667989897428, 44.506257529409304, 30.054624105966017, 44.88030943142057, 65.02589383160708, 47.09817114698903, 55.524368823852974, 63.56484138412268, 30.622754057446674, 82.67719524247194, 54.96162189183111, 38.0126185634516, 36.52710386880136, 46.00520229605414, 9.769382071403887, 62.4124975548252, 17.248363377837297, 23.93391618667871, 34.21236282622159, 69.93982898071492, 34.2399118853325, 42.34688768909924, 74.58090886052015, 59.53533679689875, 44.11287040136771, 15.315974297369781, 26.22064535374286, 40.03784824798855, 38.945577750812475, 56.24917818704558, 63.73701143871495, 81.06753087596405, 49.98364513082881, 29.353595883106546, 30.80862178787436, 23.728704477395993, 35.79782299968701, 68.09298697320192, 72.61958568310799, 62.42067318255662, 39.44904355791834, 42.14732242185958], [63.10179033642146, 17.82611796109489, 38.38931146576696, 73.66333774426482, 81.22855181595061, 69.95083286203608, 9.360274281932433, 22.105598857259157, 4.686078204327993, 36.64846009254328, 54.288269645861256, 79.75512078082276, 19.92839104673532, 51.547534235211074, 27.546067929161325, 5.03199696196105, 17.776540133845774, 53.30660438679613, 60.90724943110623, 0.0, 14.98461957687193, 60.51462405857306, 62.11714404110221, 42.22769888836595, 59.78377655