instance_id,num_cities,city_coordinates,distance_matrix,best_route,total_distance
2041,24,"[[36.50460307088533, 49.79358462128973], [1.5266892302052137, 86.04825141272573], [3.4798515251725726, 54.38740179548005], [68.17041410283508, 70.53359919345], [6.618656158142555, 76.67987892526959], [98.08879942277822, 53.923135491447795], [48.018448045158124, 45.412157855698666], [52.290745422244946, 26.942788522709026], [58.81755877013065, 19.766060875603564], [93.04193161202696, 24.247282683602943], [24.908375941773297, 25.296248622173255], [25.478172414672418, 69.83434642902601], [93.8574770482583, 96.04799652906351], [28.664137928842937, 24.712621854542547], [85.43179633143599, 20.769002092294375], [11.180591275635965, 8.668377578398523], [43.45183818107543, 62.45708853690438], [97.7133079051955, 77.73906882262513], [99.4226497213549, 28.031547116151057], [48.56170098361542, 49.97545405842709], [13.498896840165875, 93.25491012709647], [65.16998505403325, 91.5472213243725], [10.886127595816175, 55.10687986597925], [20.366950615517197, 19.282362420419798]]","[[0.0, 50.37713093065239, 33.342725906649314, 37.85329302404972, 40.200032888935546, 61.72249533758111, 12.319315183638441, 27.7733896504604, 37.41016137808324, 62.040978887026334, 27.10335688957296, 22.8738782643148, 73.6805454268522, 26.27789160017486, 56.88845780417796, 48.29687596239116, 14.443974767945477, 67.28637034898519, 66.57527221638472, 12.058469495310128, 49.17468183827782, 50.64652310053279, 26.16366549289224, 34.516061579518414], [50.37713093065239, 0.0, 31.721037836683845, 68.42580286985212, 10.662763725176172, 101.76573194252651, 61.747677991024155, 77.9130614500015, 87.61034479466522, 110.42825419276353, 65.09615285515125, 28.92342064065483, 92.87071272200976, 67.07086234103352, 106.3082658569316, 77.97975826661153, 48.10676751129913, 96.54485034140156, 113.79612057500434, 59.27511315558774, 13.973892975166784, 63.88041776169347, 32.32595798601309, 69.37318921600618], [33.342725906649314, 31.721037836683845, 0.0, 66.67509712800334, 22.512366181859772, 94.61008701767967, 45.433925471487186, 55.99741208951729, 65.27556273383632, 94.49758181859606, 36.13138319557738, 26.87999666051392, 99.51743741047092, 38.92095638862389, 88.57944488498445, 46.36303018641528, 40.77842028971201, 97.08369922016949, 99.49699292738084, 45.29722324191838, 40.13806762827728, 72.01753093676926, 7.441140633566691, 38.955588882875965], [37.85329302404972, 68.42580286985212, 66.67509712800334, 0.0, 61.85786660258981, 34.2201298148929, 32.205411825900406, 46.393131521139, 51.62188343840724, 52.54536591612792, 62.59410381623623, 42.69796780631426, 36.205105636659816, 60.50047786115751, 52.673242173633156, 84.11388441485138, 26.004576904558377, 30.408902755517357, 52.75534723548799, 28.410191157127468, 59.20500629461819, 21.22674938699022, 59.325147701685395, 70.08466588454665], [40.200032888935546, 10.662763725176172, 22.512366181859772, 61.85786660258981, 0.0, 94.25845575101347, 51.880758949466895, 67.5256832580065, 77.22634342558443, 101.0849132601874, 54.541647508019174, 20.063466016305384, 89.36294450057075, 56.449969654175305, 96.63093299874178, 68.16432767563738, 39.48380762244036, 91.10080932766469, 104.78187538449029, 49.72268412606525, 17.94629129330356, 60.40940312142578, 21.991034556916645, 59.02110217042022], [61.72249533758111, 101.76573194252651, 94.61008701767967, 34.2201298148929, 94.25845575101347, 0.0, 50.78855016039112, 53.154500023885966, 52.04744075082376, 30.101945361920887, 78.58036034967935, 74.33350380555443, 42.33683982627361, 75.31957070031221, 35.48797386021224, 97.98484452769061, 55.29942032525649, 23.818893221870326, 25.925923420677115, 49.68417925757795, 93.28687000283215, 49.99220113384863, 87.21070590532491, 85.0921203224905], [12.319315183638441, 61.747677991024155, 45.433925471487186, 32.205411825900406, 51.880758949466895, 50.78855016039112, 0.0, 18.957060121143286, 27.827020730984835, 49.75003531201261, 30.638623286875646, 33.23412884685604, 68.30230404680424, 28.338315241765144, 44.80004191928549, 52.03011705193773, 17.646064365116807, 59.28413168101853, 54.26304064136831, 4.595519120728161, 58.996002917964034, 49.22011075795519, 38.37703553961975, 38.044336235384094], [27.7733896504604, 77.9130614500015, 55.99741208951729, 46.393131521139, 67.5256832580065, 53.154500023885966, 18.957060121143286, 0.0, 9.700758331123755, 40.84023662520744, 27.431829177237187, 50.58260383686619, 80.64318292125218, 23.731629211140998, 33.71119835090359, 44.98887495058625, 36.59770193217431, 68.14302073451978, 47.14447791772917, 23.332583528309257, 76.82515856208835, 65.87569772774842, 50.0755271419552, 32.83002898156948], [37.41016137808324, 87.61034479466522, 65.27556273383632, 51.62188343840724, 77.22634342558443, 52.04744075082376, 27.827020730984835, 9.700758331123755, 0.0, 34.516503955551734, 34.35717765764929, 60.152704850385284, 83.94480079180883, 30.55646010175534, 26.63312846914033, 48.912567369098575, 45.37211932452425, 69.81224069748316, 41.43780488816792, 31.902822060307606, 86.3388214155781, 72.06169797516796, 59.55162114777855, 38.45365043341365], [62.040978887026334, 110.42825419276353, 94.49758181859606, 52.54536591612792, 101.0849132601874, 30.101945361920887, 49.75003531201261, 40.84023662520744, 34.516503955551734, 0.0, 68.14162999086415, 81.50485836934739, 71.80534536562212, 64.37947545653522, 8.367352918382805, 83.33055457602211, 62.60324775790382, 53.69537168895717, 7.418505300001764, 51.385111842332314, 105.30501899765984, 72.84316814899668, 87.76041745461654, 72.84437724397691], [27.10335688957296, 65.09615285515125, 36.13138319557738, 62.59410381623623, 54.541647508019174, 78.58036034967935, 30.638623286875646, 27.431829177237187, 34.35717765764929, 68.14162999086415, 0.0, 44.541742492557596, 98.79164122167644, 3.80083784281997, 60.69250675994638, 21.562424893509483, 41.53056723653914, 89.72629218225536, 74.56446107060387, 34.183957736047134, 68.90976626655143, 77.52540585057238, 32.94384895287555, 7.536004992142783], [22.8738782643148, 28.92342064065483, 26.87999666051392, 42.69796780631426, 20.063466016305384, 74.33350380555443, 33.23412884685604, 50.58260383686619, 60.152704850385284, 81.50485836934739, 44.541742492557596, 0.0, 73.23171958748433, 45.2340624400797, 77.4715756625278, 62.814779883903626, 19.42875691054985, 72.666356971119, 84.94268511502906, 30.450367770853603, 26.3063841533827, 45.24255659021816, 20.732246462001402, 50.809720285458546], [73.6805454268522, 92.87071272200976, 99.51743741047092, 36.205105636659816, 89.36294450057075, 42.33683982627361, 68.30230404680424, 80.64318292125218, 83.94480079180883, 71.80534536562212, 98.79164122167644, 73.23171958748433, 0.0, 96.6380212209117, 75.74905345252144, 120.29407819598875, 60.572910854164476, 18.710538884727402, 68.24374357859232, 64.6094923289672, 80.4071063072741, 29.038408605877287, 92.52253705762475, 106.2723861379972], [26.27789160017486, 67.07086234103352, 38.92095638862389, 60.50047786115751, 56.449969654175305, 75.31957070031221, 28.338315241765144, 23.731629211140998, 30.55646010175534, 64.37947545653522, 3.80083784281997, 45.2340624400797, 96.6380212209117, 0.0, 56.90447414169371, 23.729563374985325, 40.537893925138725, 87.0608520087077, 70.83630605828623, 32.157793868365296, 70.19992748511626, 76.15471463159953, 35.21176751409947, 9.916200624951712], [56.88845780417796, 106.3082658569316, 88.57944488498445, 52.673242173633156, 96.63093299874178, 35.48797386021224, 44.80004191928549, 33.71119835090359, 26.63312846914033, 8.367352918382805, 60.69250675994638, 77.4715756625278, 75.74905345252144, 56.90447414169371, 0.0, 75.23075545190784, 59.16260168146175, 58.27884718999449, 15.763519239108726, 47.036377065069516, 102.12026680757819, 73.62131018872999, 82.07403107707874, 65.08182730647863], [48.29687596239116, 77.97975826661153, 46.36303018641528, 84.11388441485138, 68.16432767563738, 97.98484452769061, 52.03011705193773, 44.98887495058625, 48.912567369098575, 83.33055457602211, 21.562424893509483, 62.814779883903626, 120.29407819598875, 23.729563374985325, 75.23075545190784, 0.0, 62.72685870828799, 110.71888473176982, 90.34153647844066, 55.71016002783446, 84.61829606711818, 98.91287773201432, 46.43943586621584, 14.037302880114845], [14.443974767945477, 48.10676751129913, 40.77842028971201, 26.004576904558377, 39.48380762244036, 55.29942032525649, 17.646064365116807, 36.59770193217431, 45.37211932452425, 62.60324775790382, 41.53056723653914, 19.42875691054985, 60.572910854164476, 40.537893925138725, 59.16260168146175, 62.72685870828799, 0.0, 56.37238701771247, 65.710346571826, 13.487101138313408, 42.961430489140724, 36.30308153845752, 33.38489289228003, 48.95885016161961], [67.28637034898519, 96.54485034140156, 97.08369922016949, 30.408902755517357, 91.10080932766469, 23.818893221870326, 59.28413168101853, 68.14302073451978, 69.81224069748316, 53.69537168895717, 89.72629218225536, 72.666356971119, 18.710538884727402, 87.0608520087077, 58.27884718999449, 110.71888473176982, 56.37238701771247, 0.0, 49.73690343843354, 56.45085267512188, 85.63181863311864, 35.351562026401204, 89.72834121640048, 96.9517689852857], [66.57527221638472, 113.79612057500434, 99.49699292738084, 52.75534723548799, 104.78187538449029, 25.925923420677115, 54.26304064136831, 47.14447791772917, 41.43780488816792, 7.418505300001764, 74.56446107060387, 84.94268511502906, 68.24374357859232, 70.83630605828623, 15.763519239108726, 90.34153647844066, 65.710346571826, 49.73690343843354, 0.0, 55.392880033396295, 107.87482742347818, 72.16291226756935, 92.58395861919023, 79.5383668046608], [12.058469495310128, 59.27511315558774, 45.29722324191838, 28.410191157127468, 49.72268412606525, 49.68417925757795, 4.595519120728161, 23.332583528309257, 31.902822060307606, 51.385111842332314, 34.183957736047134, 30.450367770853603, 64.6094923289672, 32.157793868365296, 47.036377065069516, 55.71016002783446, 13.487101138313408, 56.45085267512188, 55.392880033396295, 0.0, 55.70019346467106, 44.7665827752982, 38.02341858536471, 41.67744980944117], [49.17468183827782, 13.973892975166784, 40.13806762827728, 59.20500629461819, 17.94629129330356, 93.28687000283215, 58.996002917964034, 76.82515856208835, 86.3388214155781, 105.30501899765984, 68.90976626655143, 26.3063841533827, 80.4071063072741, 70.19992748511626, 102.12026680757819, 84.61829606711818, 42.961430489140724, 85.63181863311864, 107.87482742347818, 55.70019346467106, 0.0, 51.699299398079006, 38.237400224483544, 74.29069912766788], [50.64652310053279, 63.88041776169347, 72.01753093676926, 21.22674938699022, 60.40940312142578, 49.99220113384863, 49.22011075795519, 65.87569772774842, 72.06169797516796, 72.84316814899668, 77.52540585057238, 45.24255659021816, 29.038408605877287, 76.15471463159953, 73.62131018872999, 98.91287773201432, 36.30308153845752, 35.351562026401204, 72.16291226756935, 44.7665827752982, 51.699299398079006, 0.0, 65.38069796314753, 85.02659423560988], [26.16366549289224, 32.32595798601309, 7.441140633566691, 59.325147701685395, 21.991034556916645, 87.21070590532491, 38.37703553961975, 50.0755271419552, 59.55162114777855, 87.76041745461654, 32.94384895287555, 20.732246462001402, 92.52253705762475, 35.21176751409947, 82.07403107707874, 46.43943586621584, 33.38489289228003, 89.72834121640048, 92.58395861919023, 38.02341858536471, 38.237400224483544, 65.38069796314753, 0.0, 37.05782043426308], [34.516061579518414, 69.37318921600618, 38.955588882875965, 70.08466588454665, 59.02110217042022, 85.0921203224905, 38.044336235384094, 32.83002898156948, 38.45365043341365, 72.84437724397691, 7.536004992142783, 50.809720285458546, 106.2723861379972, 9.916200624951712, 65.08182730647863, 14.037302880114845, 48.95885016161961, 96.9517689852857, 79.5383668046608, 41.67744980944117, 74.29069912766788, 85.02659423560988, 37.05782043426308, 0.0]]",Route_1,1112.9819858582111
