instance_id,num_cities,city_coordinates,distance_matrix,best_route,total_distance
848,98,"[[67.38962362765258, 47.62253811842132], [35.703781446880434, 68.11047552568161], [9.357358676119375, 80.75684493240325], [33.08293370768095, 96.1209677877693], [73.44059075806379, 33.633074443824206], [77.3740094160783, 14.272111036914325], [27.9893453886194, 45.05570633541378], [53.09867260056716, 24.89620851212021], [97.62063585128742, 12.10156144816149], [53.33911519374437, 42.960141353286076], [39.7064614654994, 51.13153737086699], [44.164052291609, 70.55029652418429], [11.67638578154806, 92.89780462860924], [52.52430126677453, 8.852097834627504], [53.734701942217434, 74.16631489733328], [57.68262426811302, 54.82795662089224], [87.55481837244048, 66.04685861380116], [75.09518651669305, 95.43835297833337], [19.161999227881555, 82.23089489628667], [2.011799569169259, 51.13756749492755], [98.68380340599707, 71.24579370237652], [5.253941104094295, 6.9356929355848145], [7.344619753243286, 37.139491076975496], [23.429749644349506, 1.400763030276675], [67.31151633735205, 0.752321600010164], [34.45586965190602, 33.12935786971592], [39.6482305427893, 13.004058364225134], [23.163631276630102, 86.58394666601059], [70.68218265848289, 38.22941761316573], [7.299766634764837, 64.21259872925994], [87.74532853516223, 67.72103940828497], [96.04075378358208, 61.30310688351586], [73.10683160712853, 0.7750858601065946], [80.81938294953027, 28.082187073666297], [40.27430934459703, 73.53509971790017], [77.69098357114518, 22.325800163647024], [50.092929919160234, 28.71247928933174], [23.394317704964486, 49.14119003498675], [13.751976479185712, 22.734175066915242], [71.13401660385613, 16.28697035629808], [82.68300339071844, 64.60705906612057], [92.40440270994988, 13.55647768219399], [70.34364887944649, 10.540437000176384], [37.65486072091326, 6.794919309520797], [39.769994877665646, 79.7448462012379], [85.57406208133006, 79.6105429956796], [66.32174257408839, 91.2771201128019], [1.579661505288743, 81.96650704011374], [99.31823390743114, 89.86556522845666], [41.181149029730555, 39.99001399029659], [74.50909456057441, 79.8653610651358], [6.001292786153078, 81.04586351718825], [21.017144011960532, 20.104075798121922], [79.00732407251982, 16.006543451246714], [3.8194451622493797, 23.55586151038711], [55.014159810575144, 36.12051608923637], [33.50582745752351, 25.510821553141373], [0.8708644425194811, 57.129735088957624], [43.839106755042664, 20.336259846226433], [30.20123369790395, 67.9062186414306], [46.01538322781409, 1.797790823344081], [20.275691434562216, 59.12916100157112], [76.82299874141533, 23.083130063490298], [26.489814232193034, 39.54403541911541], [28.180403343405025, 34.36587583244087], [68.45041412016661, 39.63601930004409], [73.84409015683543, 36.49570144464391], [71.11362616908114, 7.039632294799358], [88.00242603718276, 91.32899706754829], [41.63812136194876, 6.580400049955582], [56.16898246296028, 43.18252134898943], [32.1903698150518, 36.25920305535144], [6.915194974962047, 67.52629726783384], [19.262469552799256, 7.812095086524529], [71.63255519472894, 29.889729670197408], [77.20554251780031, 20.661358888210312], [14.244709149641277, 3.2040777759429484], [77.61887015560916, 24.67813010012182], [22.985944578542338, 79.11144773477758], [2.580878794837471, 82.72362954259926], [61.83539471670906, 52.9867314428832], [38.86564588992736, 35.17277646815354], [45.74482057186322, 14.388638655947684], [89.95357555426851, 11.781577097637241], [76.24640183927961, 56.587459294734934], [31.465934913000105, 53.38291349741171], [68.06884309539514, 36.3844059717122], [46.73745753810158, 39.860522774438614], [82.20468568902146, 13.07716291261497], [68.39881734138025, 52.805067162874074], [72.58252870101516, 8.950650307786168], [61.53321619313532, 52.42257808695773], [25.719234351876775, 24.792069327256993], [64.95255911944419, 50.36970763816855], [0.36880550616675833, 85.5438591489745], [61.935449667506305, 30.04686439296226], [6.253762101519045, 75.64666721135738], [31.00408451535265, 51.137981387705054]]","[[0.0, 37.73258769165739, 66.8253399800408, 59.40577963176459, 15.242024049193368, 34.81291349615875, 39.48380111786971, 26.84617921851808, 46.64390510747038, 14.80387553469933, 27.90466883963567, 32.63601184885622, 71.79007333096378, 41.52258239430736, 29.850108407241553, 12.088998815528596, 27.31466025437064, 48.43271466843815, 59.36027387158359, 65.47224839685668, 39.209487275201845, 74.27154511386263, 60.95323425012813, 63.78811027869469, 46.870281599661205, 35.98172348090718, 44.36241687262532, 58.94005221786677, 9.953474659522431, 62.33795813544906, 28.60602168041308, 31.749727887786577, 47.19502357426746, 23.71041447119428, 37.50601441523296, 27.31378713832837, 25.627445018281232, 44.021508911833116, 59.13059958267807, 31.558489915312162, 22.855227332060974, 42.263881106458165, 37.199576456352005, 50.50792593964722, 42.36374120464916, 36.795465181229645, 43.66764132682985, 74.23246807052247, 52.951954579761846, 27.297244646966302, 33.01948663952692, 69.89739511753824, 53.92283963388345, 33.68296427604734, 67.9733220688743, 16.895224634424036, 40.46034666636124, 67.19473281267145, 36.04397074289595, 42.360406526927186, 50.564469910479396, 48.49871108462722, 26.2901333911293, 41.69000616991576, 41.389636991198486, 8.056659314213414, 12.863383401782734, 40.7534101642738, 48.32330883793093, 48.4520068332732, 12.067167731477996, 36.98800958039624, 63.665659104003474, 62.458741051517926, 18.233347573725847, 28.69246328117404, 69.26313271915629, 25.121372252325667, 54.43563301665046, 73.70386710324932, 7.7216597190864515, 31.12256209136263, 39.66093257609701, 42.352171295460145, 12.602076495064916, 36.3825966002171, 11.25863904884855, 22.062657283079552, 37.58814988785896, 5.279874927346655, 39.018984737423736, 7.572178797322216, 47.51475189474338, 3.6723594305837297, 77.00530274192523, 18.40250853800453, 67.25284660116716, 36.55496953729084], [37.73258769165739, 0.0, 29.22438454419429, 28.132837034976433, 51.11514415853561, 68.08066825340566, 24.311209474510328, 46.58385033214826, 83.4906899928343, 30.717166297470285, 17.44436264804396, 8.80505021399077, 34.52140533806925, 61.599392964436504, 19.020706727259384, 25.68063161638619, 51.892085572029096, 47.94262904181634, 21.748949450089448, 37.72571072714805, 63.05801603317319, 68.3340822858314, 41.99337959354846, 67.82947440389853, 74.40544204008725, 35.0033694993575, 55.24740619289453, 22.327662266009785, 46.00397997229109, 28.67021975791195, 52.04300417761627, 60.71977024487362, 77.02624788151672, 60.31319404030632, 7.093396428412029, 62.12215096268608, 41.94341070057072, 22.613197244994566, 50.407245358816695, 62.777203277302156, 47.109672269476825, 78.68353787372105, 67.18801791669335, 61.346590324407906, 12.324474539749852, 51.179062539023384, 38.39469969947893, 36.82994937706366, 67.23155873420944, 28.64894260877224, 40.54663561748988, 32.396945768566695, 50.20270644046029, 67.74966082238267, 54.787996225115926, 37.36640492868508, 42.656318644715384, 36.52271577486268, 48.46193559544155, 5.506337494608379, 67.10962139455253, 17.851889872200957, 60.97747018601787, 30.015640792682873, 34.57309975320287, 43.39512194688339, 49.53965168111017, 70.59394447246422, 57.221044804974376, 61.815585237673794, 32.252555744682006, 32.044463160956234, 28.794512937156348, 62.499691362308155, 52.456669707231704, 63.03820144693276, 68.36177479195092, 60.35928504071054, 16.815610727980168, 36.20318978237789, 30.192529658275795, 33.08911310326237, 54.65215662137898, 78.20476301869942, 42.14835668612529, 15.325156656336631, 45.321525844298996, 30.328235005246295, 72.04859188425746, 36.10015093174723, 69.71317607774219, 30.220354487645547, 44.45419548551135, 34.20856384851136, 39.40156582279074, 46.22703657060302, 30.39897736052002, 17.611152958050763], [66.8253399800408, 29.22438454419429, 0.0, 28.265866017036156, 79.5443925058745, 95.11300972546043, 40.270612436070905, 70.94866626735235, 111.82108051705697, 57.991255442724274, 42.41140045124627, 36.272297292174414, 12.360452623614194, 83.86702324406183, 44.86405779129055, 54.84194146460843, 79.56900401821821, 67.35732096587284, 9.914827262503573, 30.516533789273232, 89.83136325126146, 73.93511018391584, 43.66376845075627, 80.59416804223335, 98.78971679211578, 53.835980320861, 74.21574634938406, 14.985602348034691, 74.62785077208707, 16.671705594775467, 79.46449549506272, 88.83951210712056, 102.27940693649127, 88.77747740158293, 31.749195935964725, 89.90923914738954, 66.09086744540868, 34.591702088362354, 58.18885532431823, 89.2900901140733, 75.08305905021713, 106.83024328962273, 93.0036103367462, 79.19037229246943, 30.429468975969378, 76.225323128787, 57.92768960304306, 7.871204208758492, 90.42083751998418, 51.71738718780079, 65.15783477252282, 3.3684877913013724, 61.76333052656994, 95.09847118445407, 57.46843473188451, 63.850961953807506, 60.29321391092368, 25.104997588750525, 69.56750716199527, 24.486847939128722, 87.05367878401226, 24.227395700653847, 88.75736575744426, 44.63201430990302, 50.064248966505986, 71.99244059205193, 78.21500725506581, 96.1668550682612, 79.35248591565893, 80.89618418057573, 60.02631018405027, 50.01386338095636, 13.454053480185577, 73.61418172850357, 80.40934968354101, 90.63577380649609, 77.70661418615009, 88.3428333635777, 13.727552062828838, 7.056126507108716, 59.372750230204545, 54.301439318364196, 75.68874544850355, 106.0817503058248, 71.12174981948519, 35.186947372990254, 73.59315010267677, 55.40560402143083, 99.43476460083942, 65.32377608343576, 95.67419563887313, 59.37298026295179, 58.30752167742439, 63.357749528152695, 10.183790708705699, 73.04764047256452, 5.978814935967201, 36.68593486935261], [59.40577963176459, 28.132837034976433, 28.265866017036156, 0.0, 74.38734635111386, 93.06414314239917, 51.31866686851391, 73.98375590156503, 105.94515392238098, 56.88924639678037, 45.47438805740971, 27.868448430822408, 21.647842268096632, 89.40817879515359, 30.141372144488397, 48.06513858189576, 62.222489997898826, 42.01779800354138, 19.665364011926357, 54.67103143859115, 70.15873709634494, 93.42626011882405, 64.35274197890182, 95.21082476200846, 101.3250933605403, 63.00657007943812, 83.3757983749165, 13.760353650815922, 69.02995801304694, 41.023355790134275, 61.599783605425856, 71.94421829902302, 103.40575227534106, 83.11464532368198, 23.703107813549774, 86.22995348075759, 69.52153833711196, 47.96841458448399, 75.89009983669484, 88.43840825941943, 58.7647288386374, 101.66578436711535, 93.34017433558594, 89.44297319159692, 17.688814129499374, 55.026472581423576, 33.58989840943037, 34.53700795545178, 66.53003121696308, 56.712124502757746, 44.50136574230874, 30.99474219559608, 76.96850751279428, 92.34376328239233, 78.24350714849366, 63.88296237968502, 70.6114126073059, 50.57601836558945, 76.54421739367216, 28.361527891444236, 95.20561938905217, 39.14612655103666, 85.13353645064574, 56.9597972316027, 61.94938406783168, 66.64389001542848, 72.22634049680968, 96.85978475252084, 55.12815633697234, 89.94834354566927, 57.75330950242332, 59.868418612669004, 38.76087889260902, 89.38379174783886, 76.63321877215637, 87.41256879582721, 94.80731593062302, 84.18746160894415, 19.78062086758327, 33.3146218042711, 51.838849901711505, 61.221906090183005, 82.70729716460191, 101.72218404077634, 58.531899635295915, 42.768633010976075, 69.22767274211202, 57.89372758886347, 96.4842994785112, 55.888092504350055, 95.70204937303322, 52.14372288153337, 71.70798995783346, 55.75706976843879, 34.38152717873326, 72.09892382442077, 33.7490952940393, 45.03099687362927], [15.242024049193368, 51.11514415853561, 79.5443925058745, 74.38734635111386, 0.0, 19.756484666633387, 46.86461591610668, 22.138799891476975, 32.37716220722132, 22.15995254950943, 38.002469445241864, 47.1168440232199, 85.59862884565628, 32.428197109752674, 45.06956440531108, 26.410917030618375, 35.35342734966841, 61.82742224816374, 72.8554297992274, 73.54236525760389, 45.2983049882824, 73.22683504310193, 66.18891403154545, 59.49795061984137, 33.4471143872025, 38.987975198924275, 39.5914121159024, 73.01758366166355, 5.360521035700356, 72.86779755991475, 36.967754574626944, 35.72671359072357, 32.85968364026882, 9.233575948733252, 51.88616235346634, 12.079747129499458, 23.860543231931782, 52.39399866105118, 60.67550314715713, 17.498788853636395, 32.32351952765209, 27.616949528787543, 23.299376667698628, 44.731477119638626, 57.09644929020455, 47.55153773317301, 58.08195933810838, 86.60319774472767, 61.901093971025844, 32.87981540430591, 46.24463240864919, 82.4380463054497, 54.14103409704084, 18.484672424107753, 70.34667109806561, 18.59356672082842, 40.75237799062018, 76.27881907178143, 32.45078016972789, 55.17508869196239, 42.01936804943257, 58.96233501005689, 11.078899322314436, 47.32139976832545, 45.266119368521025, 7.806228911851839, 2.8909246117170038, 26.695054402115584, 59.50518073326851, 41.752176608549505, 19.73576421864778, 41.333730527640334, 74.661762887681, 60.01659597396732, 4.157117113159389, 13.507045058372265, 66.55881788022008, 9.881753231221646, 67.92609040929707, 86.20314019464296, 22.56644886541745, 34.609211128807864, 33.72542060524285, 27.389169449804502, 23.125232100612383, 46.38887664035582, 6.035354018426476, 27.419672435562056, 22.346249323717363, 19.823843825163625, 24.69733450648105, 22.24479750829019, 48.533403226205905, 18.76596844770438, 89.63378474996927, 12.05110675591821, 79.24147854602423, 45.90510678782471], [34.81291349615875, 68.08066825340566, 95.11300972546043, 93.06414314239917, 19.756484666633387, 0.0, 58.193425578898434, 26.49836645284358, 20.362641467259202, 37.42564927575533, 52.7016269035145, 65.34627314505894, 102.4606141109816, 25.43392494717513, 64.39046912328841, 45.083558644776126, 52.76621416831317, 81.19822574847147, 89.48203413979596, 83.89591499511297, 60.82851170592262, 72.49225671671942, 73.66839543824591, 55.45858600638617, 16.853440995168878, 46.878166334981906, 37.74708398243515, 90.37569734210297, 24.874345895765153, 86.04912441346387, 54.44586489640683, 50.6000189288975, 14.155511120287217, 14.233369205001406, 69.91773432253453, 8.059924389535727, 30.867159470586014, 64.26242904995658, 64.18231534208532, 6.557222611250278, 50.61415227113518, 15.047420166488612, 7.959356782522936, 40.41681790043388, 75.50325131610428, 65.85097990571668, 77.79411304927949, 101.62339506953992, 78.71416203667356, 44.39970354929465, 65.65578562772716, 97.73841977151305, 56.65781579935651, 2.3824299710240346, 74.13812747449421, 31.262048520707193, 45.28494233645908, 87.68983481699368, 34.07878514951224, 71.42750357873365, 33.74866073203464, 72.6111069179505, 8.828231365923548, 56.81435981766777, 53.13915940331855, 26.88788566223978, 22.50218435146473, 9.565623197389048, 77.78641863853794, 36.55428993872237, 35.853381883652204, 50.2493134582222, 88.32017257436213, 58.46950377214398, 16.639540508996074, 6.391468469851494, 64.09219852989857, 10.408899534802005, 84.62978896458912, 101.3884745612642, 41.71654803496707, 43.8147449716507, 31.629403497837526, 12.823737502296003, 42.33036967743012, 60.30925446135299, 23.99040865719181, 39.91697791943961, 4.976277150013112, 39.56441305747959, 7.160742401069533, 41.308459981806195, 52.715133589547165, 38.17497750960218, 104.92599062270514, 22.072425570253326, 93.94107580656045, 59.239027102242716], [39.48380111786971, 24.311209474510328, 40.270612436070905, 51.31866686851391, 46.86461591610668, 58.193425578898434, 0.0, 32.20067802894899, 77.03565587925152, 25.43623835725608, 13.198732209210707, 30.192636060651825, 50.5468002967321, 43.734029409845405, 38.86194687502408, 31.260001379677117, 63.15595020075913, 68.97370043087881, 38.20885610402316, 26.679991041325966, 75.38983400074518, 44.38506538897901, 22.110431035551677, 43.89241379015171, 59.23700724323054, 13.56664010626538, 34.10627128120464, 41.80768184970867, 43.23513122300586, 28.196545802657297, 63.91005277039051, 69.96407799084088, 63.21677714306191, 55.48975783706544, 31.01606336777894, 54.65255229725347, 27.489443780814327, 6.1486141912655, 26.47552514368444, 51.856560087485, 58.083144020026054, 71.704260790124, 54.636899998783484, 39.462767395097224, 36.63495771820235, 67.15680407224126, 60.04824531628776, 45.3858855976121, 84.23617863687483, 14.13099155194045, 58.1016275626085, 42.175417854689464, 25.907440215239316, 58.70850034928321, 32.34853017453664, 28.463629762848782, 20.308473491841873, 29.684915010243635, 29.36436565131895, 22.957316100541362, 46.86347505925526, 16.048756449124895, 53.54922789178694, 5.712014528926089, 10.691537743672653, 40.822433666555725, 46.64687879685242, 57.488481266194356, 75.78118027658064, 40.82448137245533, 28.24182656336046, 9.748183224972188, 30.806610857243175, 38.25238477156962, 46.20320995764237, 54.930121492977584, 44.05080973627778, 53.650119681342616, 34.421323942094695, 45.436357835875825, 34.76285682125088, 14.695789034820013, 35.43622354370935, 70.3330185371977, 49.61577192382497, 9.023804842740295, 41.00679927066941, 19.45460463236886, 62.94386676501714, 41.14581408521579, 57.37706047447064, 34.343297278417396, 20.390399430062228, 37.343242750949116, 49.01208770958856, 37.11607915939608, 37.52655683837765, 6.788425576964157], [26.84617921851808, 46.58385033214826, 70.94866626735235, 73.98375590156503, 22.138799891476975, 26.49836645284358, 32.20067802894899, 0.0, 46.323948506034675, 18.065532993265503, 29.455793987139852, 46.52013749204252, 79.62426087385163, 16.054388492269588, 49.27421147551377, 30.280722543185362, 53.67123983329953, 73.89208868582892, 66.62555112248657, 57.43237342641111, 65.00990845907246, 51.10477914779158, 47.36381867964824, 37.84548781258158, 28.016641524476558, 20.379863839758283, 17.95376358008873, 68.56736641879111, 22.067040827646704, 60.35990662162098, 55.08499712930299, 56.29817568406435, 31.33935201667908, 27.90319411188872, 50.30115337294738, 24.726276669800342, 4.8578196458730325, 38.34276762060943, 39.40605136633863, 19.984809604813222, 49.51953432760897, 40.9087999668386, 22.43830168622948, 23.794284947656678, 56.444899735875815, 63.62632568289686, 67.68511656532885, 76.88450740109948, 79.7324598863821, 19.231493230492358, 58.991642636073976, 73.28674465803036, 32.43746310256332, 27.39131917213243, 49.2974521349989, 11.386578583464454, 19.60248275064877, 61.3738069584535, 10.321467506279825, 48.725287886523326, 24.16008874286936, 47.42618610819258, 23.793505506717963, 30.3741695650348, 26.656982986264236, 21.282339856049447, 23.768058100644048, 25.3652491862529, 75.04390314485428, 21.605857407557313, 18.54227709368395, 23.796528535908177, 62.85091942776008, 37.90455867344187, 19.194792459683885, 24.476011287453073, 44.49920237174248, 24.52116731177509, 62.016679634582225, 76.78579369931987, 29.417814192397167, 17.555252726769766, 12.825293912515946, 39.118760574237115, 39.24477984490831, 35.769647758653086, 18.870206292322134, 16.26025087175364, 31.4141661800605, 31.82764239269992, 25.17700289928826, 28.789625693736852, 27.37963629750538, 28.096508383199502, 80.36526868967131, 10.228288465507527, 69.06558258529937, 34.304540024741385], [46.64390510747038, 83.4906899928343, 111.82108051705697, 105.94515392238098, 32.37716220722132, 20.362641467259202, 77.03565587925152, 46.323948506034675, 0.0, 53.97318802429008, 69.83831767242418, 79.20770769224406, 117.95951437728091, 45.21325476819839, 76.01321474439652, 58.48580694214727, 54.876368026743826, 86.32738088386967, 105.2325095713391, 103.2708058615988, 59.153787150020385, 92.51103986017227, 93.68381398422976, 74.95861980420274, 32.36430087057163, 66.57293677891079, 57.979429782779725, 105.31605403721983, 37.52792464552324, 104.2756904678181, 56.489362035206035, 49.22690423513444, 27.003993181893414, 23.187550419381175, 84.0397571876037, 22.399243230935546, 50.34685116962992, 82.95468878495726, 84.5399579917055, 26.81526891319024, 54.58901119856038, 5.4153365022719875, 27.32162381345729, 60.200121576074885, 89.00736280356061, 68.57537844721065, 85.1374759447061, 118.76438597447984, 77.78253096359094, 62.953804157299444, 71.59661918946857, 114.66220306392158, 77.02035573729289, 19.018524123023532, 94.49795957901301, 48.91034637638341, 65.5020374639756, 106.71482881528011, 54.408300190663134, 87.51877256439288, 52.62385188696615, 90.51980748202111, 23.518855384714264, 76.24095462318076, 72.9221885693977, 40.11294311116864, 34.064617880263185, 26.98600913522106, 79.80912551113575, 56.25411230953744, 51.809899025021146, 69.7474828333898, 106.29853406914428, 78.47548500856264, 31.49284466203772, 22.13698642610724, 83.84933135723662, 23.627118106156807, 100.302851412725, 118.40621572909266, 54.333972876619384, 63.1223400061993, 51.92620661149162, 7.67373465678245, 49.35436137582816, 77.97816670869075, 38.248725380620776, 57.96255488817944, 15.446789880842932, 50.10678651134588, 25.235590951730373, 54.11179391195292, 73.01274222907146, 50.31554680391885, 121.8675083730318, 39.94328993400265, 111.29189586516111, 77.21144341086772], [14.80387553469933, 30.717166297470285, 57.991255442724274, 56.88924639678037, 22.15995254950943, 37.42564927575533, 25.43623835725608, 18.065532993265503, 53.97318802429008, 0.0, 15.894054251523384, 29.07573630387341, 65.0350154568556, 34.11777475754084, 31.208680781743386, 12.637686113571133, 41.27603248714198, 56.809236350900534, 52.060228001605296, 51.974644082732816, 53.443604649013096, 60.082816603681074, 46.36133712982607, 51.203047508545346, 44.460409827653606, 21.288994013203013, 32.93641192621418, 53.043342839554455, 17.97669981369801, 50.70787473610777, 42.38973447646504, 46.47466323385587, 46.58692433679873, 31.24929822373844, 33.24931925429151, 31.91848257359188, 14.612788684079792, 30.57607331639548, 44.454822728508525, 32.06425684824395, 36.46440484887614, 48.89449995660557, 36.60862461512612, 39.41978087005772, 39.207595398126, 48.809258767105156, 50.030781026727546, 64.8115546042672, 65.68255587746813, 12.515502299056307, 42.54601354265651, 60.75682400388125, 39.586734567756736, 37.220335663576, 53.185748055749656, 7.041750366279736, 26.416624763876456, 54.34790449987371, 24.537525848807146, 34.02452545123347, 41.808804707365226, 36.805260317865965, 30.76667619836826, 27.065748500225105, 26.58612761970412, 15.472593275483582, 21.499836780065028, 40.07762731790885, 59.50706951057117, 38.215164973462684, 2.83859148590785, 22.1849499698669, 52.523103344125964, 48.95511142372116, 22.483007108370604, 32.66254816512659, 55.75766472070861, 30.3930655984062, 47.20415150687525, 64.47893885067407, 13.142270525185378, 16.435460612429715, 29.563559954578338, 48.0907639421128, 26.654222474835976, 24.22953145981781, 16.130876599402516, 7.293114501819055, 41.54772629763782, 17.992142534223117, 39.07626446560304, 12.517228132736031, 33.05959253926075, 13.775839442496457, 67.96489336194614, 15.51288781106915, 57.31875302629932, 23.785093294608814], [27.90466883963567, 17.44436264804396, 42.41140045124627, 45.47438805740971, 38.002469445241864, 52.7016269035145, 13.198732209210707, 29.455793987139852, 69.83831767242418, 15.894054251523384, 0.0, 19.92381296407796, 50.30016126706944, 44.179724135282726, 26.970215174640835, 18.35227354792933, 50.119178629282615, 56.70498893415823, 37.27257660971111, 37.694662378658336, 62.313001613917265, 56.037923093211575, 35.25714336839447, 52.32667832208993, 57.44653545832459, 18.752258028958476, 38.12752347376203, 39.12209804558224, 33.55532741112074, 34.94721785942909, 50.82267532495934, 57.245203443868, 60.42645889304943, 47.133267042240476, 22.410757618857925, 47.67173602508838, 24.70815436656778, 16.433122545085695, 38.47135917441288, 46.923715458254534, 45.03968073609492, 64.72216098069418, 50.85542922777072, 44.38405982706939, 28.613379365545832, 53.98972631558208, 48.16680394398985, 49.03517339328257, 71.09070493208787, 11.23869417022702, 45.131539907737846, 45.06556672773203, 36.22145715632274, 52.70979984319099, 45.258102460354934, 21.43959860961492, 26.360366862271142, 39.29608087324478, 31.07133526111834, 19.280541658440647, 49.73551087722168, 21.01230134310766, 46.52258045116327, 17.576972594036537, 20.345452136901713, 30.95741833438903, 37.14277030495775, 54.13414900000617, 62.83578566370927, 44.59299436618107, 18.281177568961645, 16.663671914988885, 36.661359905664035, 47.90126183257625, 38.34696670141948, 48.317831662151264, 54.27100712366763, 46.22914112243297, 32.59526144916602, 48.74801715376104, 22.20656281105513, 15.980895481233201, 37.23576757194923, 63.821562561210754, 36.945017614811825, 8.542538985900004, 31.967210954723345, 13.284226579136954, 57.04589799066731, 28.741120153413117, 53.47955712515327, 21.864903568755587, 29.822979380813248, 25.25758957806821, 52.2652759156099, 30.63807028959474, 41.473783114552674, 8.70237933600912], [32.63601184885622, 8.80505021399077, 36.272297292174414, 27.868448430822408, 47.1168440232199, 65.34627314505894, 30.192636060651825, 46.52013749204252, 79.20770769224406, 29.07573630387341, 19.92381296407796, 0.0, 39.43170797399314, 62.26203887171366, 10.230978624239341, 20.735085249850535, 43.623841349589, 39.70076093118465, 27.595996733798255, 46.40761206892438, 54.524187090681984, 74.57086926112241, 49.718734226431195, 72.19119952385611, 73.5361298632489, 38.65973952249699, 57.72315109581123, 26.421499194346524, 41.807301416561714, 37.405106206629, 43.67301609512175, 52.69442735183453, 75.53982060955192, 56.099497198662284, 4.902973618024667, 58.733782189215546, 42.25582256801307, 29.82837098242976, 56.66812001855088, 60.596101704699514, 38.97475676971591, 74.66878058919892, 65.47178413326671, 64.08679816224283, 10.190558587282512, 42.38958571287335, 30.34080511008165, 44.088095912457554, 58.43854340098952, 30.705513843946118, 31.74258996533505, 39.579706158281425, 55.503158004288935, 64.7230607100746, 61.93677620516248, 36.09895585708606, 46.28338862141707, 45.32561729721114, 50.21508806222519, 14.210962350621536, 68.77742701191588, 26.47821974873654, 57.61717343829485, 35.68987137405534, 39.55741819806357, 39.31310096085799, 45.17322319375418, 68.99191259151324, 48.51347657020063, 64.0197468128776, 29.88500403980284, 36.321455963901606, 37.371405417756655, 67.49941290507763, 49.0693422477441, 59.838500773445155, 73.69314943556684, 56.775703348794444, 22.84306363771937, 43.32840124952494, 24.91495858857165, 35.77208458717829, 56.18390021051155, 74.50129410726933, 34.98911224931289, 21.353248580692558, 41.69828654292979, 30.79747761381205, 68.92206378518878, 30.036927307950794, 67.8389726883993, 25.105816664220438, 49.335855774836666, 28.972714472712635, 46.290717872823, 44.23065203114869, 38.25131496403631, 23.45256341703581], [71.79007333096378, 34.52140533806925, 12.360452623614194, 21.647842268096632, 85.59862884565628, 102.4606141109816, 50.5468002967321, 79.62426087385163, 117.95951437728091, 65.0350154568556, 50.30016126706944, 39.43170797399314, 0.0, 93.4464179623176, 46.04096725551842, 59.71505092531835, 80.48919079193642, 63.46966734276549, 13.03139946074276, 42.863989922985816, 89.66102998976189, 86.20169628469593, 55.92632409738975, 92.2488492250088, 107.63855161853115, 63.962271014798745, 84.64889125974875, 13.108074284049241, 80.43827822593174, 29.017164448719885, 80.1271087623406, 90.08646687481105, 110.72621635200132, 94.77245557861326, 34.536293570346956, 96.63506059151062, 74.80365534107275, 45.29846850895335, 70.19432306116171, 96.97643935978162, 76.43497909188186, 113.19036566249925, 101.1166838957987, 89.93657776704272, 31.02017387826218, 75.08274025506319, 54.66938482627924, 14.880763020727521, 87.69428726376759, 60.57858833415338, 64.17003878559726, 13.140593160697582, 73.39057651610005, 102.20431153619707, 69.78564745924436, 71.42704775975426, 70.83452556414991, 37.36461012778744, 79.37013545172148, 31.108670181778244, 97.35696821971278, 34.846367818237, 95.48910914222736, 55.37203582425256, 60.81421942508024, 77.84669594902805, 83.94057845206808, 104.42418925415504, 76.3421612103588, 91.36957881146672, 66.71731822418867, 60.239146151826276, 25.814382108712177, 85.4232207029473, 86.97562739449994, 97.530377194851, 89.73049047923344, 94.88063679274104, 17.831706496764973, 13.647054115305886, 64.10007753656731, 63.807795302506015, 85.58240117445219, 112.72604316470489, 74.0792018852857, 44.19335782599629, 79.8365421949588, 63.578549992878344, 106.51561355872498, 69.46122543949402, 103.71442987304437, 64.21796868702546, 69.5384266208766, 68.16883216806552, 13.488583535776927, 80.4749289605011, 18.083323526501385, 46.01567966961123], [41.52258239430736, 61.599392964436504, 83.86702324406183, 89.40817879515359, 32.428197109752674, 25.43392494717513, 43.734029409845405, 16.054388492269588, 45.21325476819839, 34.11777475754084, 44.179724135282726, 62.26203887171366, 93.4464179623176, 0.0, 65.32543165038682, 46.26432629273547, 67.06994699026724, 89.47974318680134, 80.60701616826219, 65.87544134305843, 77.61232454821882, 47.30919104832148, 53.304598658196014, 30.033569958905726, 16.860252210284006, 30.26307280882893, 13.528930982468871, 83.09205295944469, 34.536004024870074, 71.48456890816676, 68.60082392976929, 68.15269613077778, 22.110601024127476, 34.21122592914809, 65.83276566212959, 28.546498080502783, 20.00865608071566, 49.71686728506103, 41.182584155410595, 20.039930996405705, 63.38898181644878, 40.156614409934335, 17.89915189273403, 15.011070768971253, 72.0309246257384, 78.09637796664418, 83.57184743791606, 89.11269917298459, 93.5566888637543, 33.13965789187078, 74.33851418219609, 85.88556410431535, 33.45606023384317, 27.43240035087683, 50.875963621292605, 27.38185584792278, 25.282709941043574, 70.70224745096856, 14.398561762039613, 63.132468112286375, 9.598398900199296, 59.73069492985243, 28.159349730827362, 40.246609147155404, 35.264404628819975, 34.65964355569625, 34.90991576707793, 18.67747390994246, 89.7838306394978, 11.120680003719002, 34.52334977514905, 34.12650267553345, 74.31589504181134, 33.27808670408911, 28.42019214263284, 27.36096336613542, 38.694021543868935, 29.668176300287385, 76.21607943362707, 89.17033500605605, 45.10612314274402, 29.653616818742876, 8.752979079080438, 37.54374012323309, 53.30481018912979, 49.25899244891887, 31.617412481370387, 31.54377874618038, 29.979599636512617, 46.73182826910048, 20.058469542656773, 44.49210376650114, 31.186444226586445, 43.33789931516677, 92.74600795469068, 23.19025320437234, 81.25562929955206, 47.446977531689136], [29.850108407241553, 19.020706727259384, 44.86405779129055, 30.141372144488397, 45.06956440531108, 64.39046912328841, 38.86194687502408, 49.27421147551377, 76.01321474439652, 31.208680781743386, 26.970215174640835, 10.230978624239341, 46.04096725551842, 65.32543165038682, 0.0, 19.737228567336917, 34.781113347534344, 30.14581074338404, 35.50083412447328, 56.617857932066634, 45.04388045507789, 82.88751836559489, 59.355079038980236, 78.82395367078053, 74.65885279710196, 45.33988549350856, 62.76344717037646, 32.996786819064646, 39.73257717592704, 47.4897850338562, 34.615954376189755, 44.21836883932931, 75.90488724284354, 53.45396881931191, 13.475184654943359, 57.108164016522565, 45.59949204702998, 39.329324810377585, 65.14509454278073, 60.438023422300766, 30.485792244910737, 71.8950493755422, 65.75796116477159, 69.26374403071114, 15.037721067614816, 32.301462407373094, 21.241780692542665, 52.73510444136772, 48.21125229013386, 36.408944428737904, 21.54192460956981, 48.22661649829062, 63.19148908943366, 63.41344056272358, 71.08411110397596, 38.06730643719215, 52.69311525696886, 55.54124923659553, 54.73205304858964, 24.351856864298416, 72.77905713913921, 36.68271229661484, 56.05855172813883, 44.05662427603441, 47.29796112556523, 37.535230103736026, 42.702021173103255, 69.33987687113671, 38.325377674909916, 68.65990931753349, 31.079272583187365, 43.60169004759037, 47.288011871688354, 74.7744427770022, 47.75718951555109, 58.42654084286191, 81.21021258456442, 54.95028594801435, 31.143866461795223, 51.864643607485725, 22.675889811222767, 41.732300045816565, 60.3092760786618, 72.13641463271206, 28.56208669814572, 30.460593539059918, 40.40965533957384, 35.01212364924745, 67.39751082017271, 25.91021391677233, 67.88463361752763, 23.099933225025783, 56.76867578092363, 26.308151525631544, 54.56525832085229, 44.87513984447819, 47.504011316199986, 32.35714933113168], [12.088998815528596, 25.68063161638619, 54.84194146460843, 48.06513858189576, 26.410917030618375, 45.083558644776126, 31.260001379677117, 30.280722543185362, 58.48580694214727, 12.637686113571133, 18.35227354792933, 20.735085249850535, 59.71505092531835, 46.26432629273547, 19.737228567336917, 0.0, 31.909430307247924, 44.18598891469039, 47.27324380254844, 55.79300757766663, 44.1660736893265, 71.01011011972926, 53.3553794086161, 63.46435562550348, 54.92622202002157, 31.785394724087407, 45.54643589156057, 46.904197902657955, 21.083169010745376, 51.24942780953148, 32.71082040564898, 38.90081838276739, 56.210488429821844, 35.3644707433245, 25.553994429995498, 38.167061930026534, 27.195985302352554, 34.75668685549625, 54.40507907897182, 40.82092083745446, 26.8449213243078, 53.93456101565508, 46.06176221513984, 52.04117587120937, 30.68735371514881, 37.310975472538225, 37.45898936656725, 62.32209359146622, 54.416523290031606, 22.191512489053043, 30.16623482981781, 57.95117484375161, 50.49856772036474, 44.29271883996731, 62.28311164345294, 18.89679956517991, 38.00015674443039, 56.8583699959555, 37.16611526014223, 30.434647445801502, 54.29846220665814, 37.653405996511815, 37.068692290634885, 34.735999269333156, 35.903729467610866, 18.620962860673107, 24.438996696252115, 49.639860535255835, 47.45119948962413, 50.84538119211661, 11.743392788559191, 31.538130034569317, 52.33144114412341, 60.71737415408775, 28.57473947915741, 39.350994112104445, 67.46760212752162, 36.14506798055937, 42.35029541997098, 61.760593601069765, 4.542643784721295, 27.210380043684058, 42.16455376925128, 53.7996755285153, 18.646975287456343, 26.256483968178394, 21.166910546347076, 18.542404123945598, 48.41962692547239, 10.905451652403109, 48.23623520400591, 4.540143617173346, 43.86129068385142, 8.528067585013405, 65.02569099357478, 25.143370018493865, 55.482849371675805, 26.93251567457355], [27.31466025437064, 51.892085572029096, 79.56900401821821, 62.222489997898826, 35.35342734966841, 52.76621416831317, 63.15595020075913, 53.67123983329953, 54.876368026743826, 41.27603248714198, 50.119178629282615, 43.623841349589, 80.48919079193642, 67.06994699026724, 34.781113347534344, 31.909430307247924, 0.0, 31.92338276187354, 70.2815818044326, 86.8325689338058, 12.283453664680247, 101.32899045671444, 85.26025956118235, 91.05570884670864, 68.36057227034556, 62.474476472098594, 71.47432976808182, 67.5869585147302, 32.534533341662524, 80.27601035640119, 1.6849852980719702, 9.72184551824661, 66.85169137711156, 38.55752034929788, 47.86982649608314, 44.81993071156, 52.889025005471424, 66.3503690720549, 85.5736409623515, 52.399324519714334, 5.080118497991219, 52.713931352080415, 58.11357152736389, 77.46481836900112, 49.7093977067954, 13.70755009095303, 32.9758942739469, 87.43662164304351, 26.56517889726875, 53.19282244852639, 19.003734363883083, 82.92133430936254, 80.85790871739104, 50.7650746121283, 93.89940128399292, 44.2095061783942, 67.56081497069113, 87.14139636752435, 63.249682069601704, 57.38371628547228, 76.50795634492775, 67.63383370604826, 44.28378849576505, 66.56826847633346, 67.29788874870442, 32.596176080813464, 32.57690835911877, 61.2549227322156, 25.286100478641917, 75.13057139726052, 38.83102643886554, 62.86912268938209, 80.65319336776565, 89.75039047481287, 39.507675686437146, 46.55052197405572, 96.55872419255459, 42.54520849409555, 65.87733261078716, 86.59494844359993, 28.8453752775648, 57.652792346668775, 66.45786338198246, 54.31827329772085, 14.743151629316461, 57.5007682873682, 35.490341351440854, 48.495166049540515, 53.239201556808226, 23.287280140278863, 59.02665890027086, 29.372517764947297, 74.33436009169213, 27.507002491228214, 89.3394306529127, 44.18542335137002, 81.86585415102714, 58.482990004940646], [48.43271466843815, 47.94262904181634, 67.35732096587284, 42.01779800354138, 61.82742224816374, 81.19822574847147, 68.97370043087881, 73.89208868582892, 86.32738088386967, 56.809236350900534, 56.70498893415823, 39.70076093118465, 63.46966734276549, 89.47974318680134, 30.14581074338404, 44.18598891469039, 31.92338276187354, 0.0, 57.47137017049693, 85.4619274423894, 33.78909248664493, 112.7409437401744, 89.38062763128407, 107.29578598644483, 95.00542121183175, 74.39062405089956, 89.73237774817663, 52.6809922153656, 57.37888887621044, 74.64091830484453, 30.46761501377863, 40.04911751943514, 94.68414701914541, 67.59896086611644, 41.13691760967119, 73.15861905085555, 71.25626326527005, 69.4003395704254, 95.12563746688313, 79.25043998652748, 31.75127791467604, 83.69140019881031, 85.03077823560345, 96.22596493821877, 38.65430531385544, 18.982265458741775, 9.710261457613058, 74.73970197081024, 24.855824029774578, 64.99754022422185, 15.584016841287868, 70.57697856763438, 92.73450274524893, 79.52809054040644, 101.22906640518285, 62.62470284778474, 81.36052137353683, 83.52724221453052, 81.34658514584565, 52.66389105298736, 98.05197519694495, 65.75358897478633, 72.37584968855654, 74.07197142189172, 77.01197533456852, 56.196560785734725, 58.95592770810746, 88.48834183827347, 13.545613239746503, 94.94793840516289, 55.5776316440155, 73.09579387220721, 73.672207111071, 103.90213354735343, 65.64001701145233, 74.80676739176548, 110.4986068595816, 70.80521252622229, 54.6071509071914, 73.62057468145144, 44.47428751051577, 70.31727615693603, 86.2003490296632, 84.9660395425429, 38.867946134742276, 60.59844540441453, 59.47048140829901, 62.3943587433688, 82.66747006847814, 43.15597779629981, 86.52419408770974, 45.10303679978283, 86.19096266947345, 46.19584054129748, 75.37859793780703, 66.70251459540759, 71.6299695728599, 62.50238554455623], [59.36027387158359, 21.748949450089448, 9.914827262503573, 19.665364011926357, 72.8554297992274, 89.48203413979596, 38.20885610402316, 66.62555112248657, 105.2325095713391, 52.060228001605296, 37.27257660971111, 27.595996733798255, 13.03139946074276, 80.60701616826219, 35.50083412447328, 47.27324380254844, 70.2815818044326, 57.47137017049693, 0.0, 35.509496718790665, 80.27695676832174, 76.56893311962448, 46.614216244015005, 80.94271993881739, 94.64213598747598, 51.42823554156364, 72.19446356698467, 5.912877367531652, 67.75292837818758, 21.572472247192504, 70.10141913794327, 79.6763152583195, 97.69899572750832, 82.0592196298389, 22.833013210017125, 83.75119332391945, 61.81377906670521, 33.35927288625148, 59.742179543402386, 83.96244263874361, 65.92053973704847, 100.40231694301364, 88.08565725706711, 77.66963588769805, 20.757406456869163, 66.4637370039739, 48.019533349960994, 17.58432542720368, 80.51900489377613, 47.63543825462619, 55.39762370420333, 13.213950711834872, 62.15451080513773, 89.25876780505344, 60.647782383969115, 58.40842792077973, 58.50565894281728, 31.058554947217903, 66.63261576650895, 18.084829208222235, 84.79733759415237, 23.128562844964463, 82.60295969041016, 43.3112554050466, 48.707203397169216, 65.14346682249425, 71.28701837236262, 91.39309335744906, 69.4390367617918, 78.91877746569743, 53.79862716511138, 47.782160801648075, 19.13659859598952, 74.41886763053871, 74.1131352777282, 84.61595997149996, 79.17965373683957, 82.03369121491289, 4.934927419758806, 16.588440018482416, 51.732386168001796, 51.01666592182354, 72.86438171278104, 99.87268724265796, 62.57966771205422, 31.3622841026187, 67.03566158241806, 50.55347994710712, 93.57680782922172, 57.3597733236301, 90.68487865206853, 51.8059434632932, 57.81190202043843, 55.78450168890687, 19.082973101733597, 67.47400315738594, 14.490501713791446, 33.27167345367342], [65.47224839685668, 37.72571072714805, 30.516533789273232, 54.67103143859115, 73.54236525760389, 83.89591499511297, 26.679991041325966, 57.43237342641111, 103.2708058615988, 51.974644082732816, 37.694662378658336, 46.40761206892438, 42.863989922985816, 65.87544134305843, 56.617857932066634, 55.79300757766663, 86.8325689338058, 85.4619274423894, 35.509496718790665, 0.0, 98.74116207052451, 44