instance_id,num_cities,city_coordinates,distance_matrix,best_route,total_distance
1594,90,"[[2.5488474649261184, 87.87224100038283], [62.94452092815877, 49.5707859933026], [47.29640353071664, 2.084471767866014], [27.098941572590817, 33.14625051095609], [60.59489765941183, 9.070382158760125], [45.31588167921401, 5.100770874761107], [97.31467843289896, 86.49877544534654], [12.929075532677526, 37.6018018700493], [66.38321637949002, 64.43218255290356], [90.83622508778626, 98.83990886709888], [33.049784120998204, 90.22054931575971], [59.51237332164063, 52.8371245172358], [5.504022111886242, 1.299787080613235], [57.82959769723498, 17.835275070458223], [42.440066653979414, 17.669001217348313], [8.733634764950404, 24.991998324682452], [80.40339176080013, 56.6645709411275], [83.12062850588964, 82.28621333765076], [9.395738587670422, 84.02790023474408], [66.17820676977733, 99.33267728383551], [98.1801015401107, 74.04520193083839], [61.49192091348694, 75.94221648699812], [83.87051023433875, 58.56621777069443], [15.32889622763982, 17.779659153604744], [48.04069670063799, 82.46357726014784], [14.133456871302364, 20.941982605089137], [65.73920566156158, 76.71535123655654], [81.84965914081182, 1.5175165402665947], [39.58367087913337, 49.7495365005879], [93.99685745446544, 11.984288201028647], [83.42483621584041, 69.14873238569473], [20.70982777444571, 71.31755799746944], [62.07877751557621, 97.98154449275349], [88.27424313338368, 99.70318055460265], [98.22330561499423, 44.760029499663666], [33.20439035193964, 26.397199298381935], [32.31138240126713, 75.349073321611], [86.58342636835376, 12.817693348181203], [39.952561873231005, 53.17071884678721], [58.64016622534268, 62.04105190642183], [40.81103219154332, 11.664607550427085], [19.088505595988902, 17.080248337949612], [90.87042516146735, 20.57458434433511], [98.21782498826957, 65.59568252804094], [85.57433604526724, 31.5575345454435], [12.100992153156687, 3.0766386424832426], [56.33871054280712, 66.87581692639928], [13.558486636690992, 87.67652140652935], [0.5657281950900761, 42.77852978006328], [54.68351364064178, 48.039186720301274], [19.8786501050334, 35.40940759664157], [48.5605795416807, 12.860118268148469], [99.6789227963437, 56.52622590919392], [45.51080954830664, 30.175424088116653], [41.63403425026073, 39.506695206246825], [92.34558275064681, 0.6519566390359222], [24.325449188855973, 72.30314311691373], [40.06870316688615, 17.31509552235232], [25.568705481110886, 63.736578568523036], [96.41416118440198, 19.386060596110788], [38.25338338532085, 30.647182859865552], [1.1252158349401187, 9.196857465841102], [32.1543319082928, 37.65475040455802], [43.590588686466155, 82.85025426721924], [25.978585027853295, 63.8144344727213], [95.3895757493294, 76.94798901306524], [57.3993180385343, 11.446646884255928], [95.38614619012013, 45.31479409143538], [20.394042216735365, 74.96107766331423], [52.141812341895225, 35.97424148554029], [37.55114527897899, 6.764819905153063], [52.1378336356243, 44.196835771265505], [47.40524436970007, 53.7808238254502], [27.792171987433424, 5.555941143528642], [54.72863166390823, 14.884730490127051], [80.23628372470742, 36.80441064126126], [89.64428390521732, 73.69030446437623], [6.4743436509186125, 71.93480211654216], [57.56784227593443, 68.99911644453532], [86.47205956463644, 24.995047871172716], [23.87104067218454, 14.990213400364127], [62.821088518268574, 47.60050463567486], [78.90261948477242, 95.23439063054401], [79.1020005307598, 27.244238636797192], [2.585731976305994, 73.89732252437217], [99.31271806836767, 7.2278224703315015], [18.592331340033, 15.705130560227376], [96.16659808163695, 19.572120018935635], [89.86011428357925, 61.284678312185505], [80.24788895304407, 21.67238257563453]]","[[0.0, 71.51670314504727, 96.75683502343709, 59.980339743486105, 97.8727587231288, 93.16724468525814, 94.77578344008174, 51.33094763488302, 68.00193375737109, 88.96600916055583, 30.59120280148837, 66.87527693412763, 86.62287708731837, 89.22520912228974, 80.74530478252797, 63.18367283485119, 83.87638963406539, 80.76518807730083, 7.852316471530338, 64.65320537570379, 96.62568895186837, 60.138268951245976, 86.44105409538405, 71.24815559945833, 45.81224716535603, 67.92541986590206, 64.16772988209313, 117.24230110773537, 53.14996466320743, 118.834843001217, 83.01503075517299, 24.573944232249488, 60.38220424045607, 86.53793730641611, 104.93933829976191, 68.69456355462398, 32.28990886558144, 112.67207096149876, 51.02189227492961, 61.75343205272585, 85.27366636949881, 72.69846295631311, 111.03907275460047, 98.22829692982395, 100.32236997355245, 85.33192630770688, 57.742525003949574, 11.011378698958532, 45.13729670305886, 65.61017932099587, 55.25098142380621, 87.9994207111549, 102.06284434594157, 71.93506007407923, 62.18422505755911, 125.18319245029667, 26.769706601823387, 79.91276712706089, 33.35332163533332, 116.19403610350282, 67.4501383577257, 78.68826279264994, 58.294777389301174, 41.3478520995218, 33.58170122537026, 93.48122864971776, 94.0714917397892, 102.12688344407064, 22.026100754479096, 71.78345574664742, 88.33784358349808, 66.08031909249004, 56.3411134809555, 86.09993411769925, 89.72127155550706, 92.96914031121081, 88.24252020786875, 16.41375881638323, 58.16600915065683, 104.8648985358826, 75.9369861810274, 72.48831486122961, 76.70788583213297, 97.65316131554526, 13.974967151243103, 125.96336330143646, 73.92891994431143, 115.88438098645125, 91.26968720871604, 102.07625729634191], [71.51670314504727, 0.0, 49.99813613327033, 39.42931555514474, 40.56850305675648, 47.836713582903506, 50.44783575011833, 51.427632252039906, 15.254039927465948, 56.61619582488228, 50.458879763042496, 4.737995836412089, 75.02999560369881, 32.145063278709195, 37.92303412140464, 59.52257539673035, 18.844998159640202, 38.43662970802061, 63.677035201057734, 49.866848195300044, 42.90155214610386, 26.411406495800986, 22.777506915904336, 57.2531524141547, 36.111766696315016, 56.587351570854786, 27.28805022357561, 51.63836709236262, 23.361533912757196, 48.75440923682303, 28.332654291933657, 47.504646071616094, 48.418499048902646, 56.168067542365485, 35.60528088670536, 37.7026588849854, 40.036349403867455, 43.69882915355235, 23.272079789590627, 13.192232614366617, 43.89498476816006, 54.58007986389749, 40.25712157265478, 38.74278369278721, 28.923792281758445, 68.89680802601937, 18.522981035531313, 62.37810075996923, 62.74749817563591, 8.401787770318112, 45.33446666552435, 39.428047055824486, 37.38708901528551, 26.079002203096724, 23.56740897551045, 57.07428757051311, 44.812863804947895, 39.54405904816434, 39.970254685402665, 45.07032800175979, 31.108761285386603, 73.83549679489546, 33.01556669256644, 38.49802205062817, 39.615173090505856, 42.452241725662354, 38.52530672029804, 32.719604470504976, 49.55007719125731, 17.365613589830147, 49.7712191894087, 12.069127194108054, 16.09948864120777, 56.329336967517975, 35.64580315790068, 21.49384563639817, 35.98094654546443, 60.73738666491545, 20.15858867707711, 34.02222771275358, 52.17808793132894, 1.9741439126939844, 48.371744831139694, 27.559732654195813, 65.07659935285315, 55.81731203790415, 55.80321979216638, 44.76188524440519, 29.354121327894305, 32.82875962109407], [96.75683502343709, 49.99813613327033, 0.0, 37.05093208320976, 15.021747237939492, 3.608396750155883, 98.12034697015794, 49.422605873347656, 65.20386081252235, 106.10056865768945, 89.28008921441385, 52.20212331918003, 41.79974730444442, 18.948244879843774, 16.323650511516686, 44.85356070406458, 63.83619580950878, 87.8390257567691, 90.28391812516453, 99.06430219627472, 88.13340688240376, 75.20956833250021, 67.28932242708319, 35.61264424675205, 80.38255141547923, 38.14953140093786, 76.87590728380194, 34.55790664213729, 48.28503537255996, 47.73823166074024, 76.17662830881642, 74.1624314550139, 97.02972296070214, 105.87065525296232, 66.44360453513634, 28.10148671163025, 74.78136598831998, 40.72679964025119, 51.61140039660623, 61.02026265088553, 11.568882531138337, 31.946186326944968, 47.33476126661707, 81.40433069242134, 48.31005637628168, 35.209393308359694, 65.41927639123726, 92.00133693428367, 61.96581617976006, 46.54465836307895, 43.15419505567881, 10.849548307913402, 75.55020131408376, 28.14764551660784, 37.8481866532645, 45.071949680302446, 73.88048828615997, 16.85857504358058, 65.36876268902802, 52.07589742777179, 29.960051373037857, 46.7157853787709, 38.65911348324637, 80.85075563278737, 65.30725596182899, 88.98033169398386, 13.773859461393636, 64.66439605569167, 77.68356796072432, 34.2344048884224, 10.810907319890733, 42.3897469609754, 51.69646663351296, 19.810758383266588, 14.801507976575373, 47.85927143790186, 83.19097456078772, 80.90432140898905, 67.69839086789041, 45.3831083452137, 26.745201291796068, 48.09080049225813, 98.36595077087347, 40.553789828179085, 84.5939104464536, 52.26998215542453, 31.7717816035851, 51.904852921455614, 72.91319447084622, 38.333883723814786], [59.980339743486105, 39.42931555514474, 37.05093208320976, 0.0, 41.25077588461231, 33.44257518302865, 88.185835709091, 14.853856115588483, 50.2201532339093, 91.53195102318105, 57.38369203088927, 37.92573106588049, 38.47775694520773, 34.333645230162475, 21.79209408155381, 20.094186294948887, 58.26213011659895, 74.5195635619364, 53.87342271045668, 76.86242292117628, 82.00765531079426, 54.903294361685205, 62.202779228919745, 19.356293482121718, 53.579434725738146, 17.805840296305, 58.23518306748011, 63.22988128111385, 20.77348241174663, 70.16523211780293, 66.84897238180508, 38.70231892736659, 73.6695613418749, 90.4004560712434, 72.06632377771794, 9.100889905234576, 42.523496946746825, 62.862183924340066, 23.79485000931363, 42.775675333988254, 25.484944838590692, 17.952256414119283, 64.99883775369612, 78.17199764956962, 58.49697237596312, 33.602381533285815, 44.63908309996317, 56.18624710563732, 28.227508144610578, 31.34817642404614, 7.566669602339648, 29.53183139747617, 76.25271748641177, 18.65000514717974, 15.865817844356643, 72.89035134537836, 39.254993294575094, 20.46558535898869, 30.62857804673987, 70.66783211848387, 11.430962832513597, 35.329985223943986, 6.77373919906263, 52.36852503108346, 30.688641323786385, 81.13077721844088, 37.26909727285865, 69.36292790350146, 42.348972185328634, 25.20204176888077, 28.376547413817548, 27.36898884393811, 28.950501708245397, 27.59901700058206, 33.11922233406732, 53.26311356398593, 74.53683759379173, 43.93092048989936, 47.050843836443775, 59.930036247045464, 18.44074368847515, 38.53566198614661, 80.86135163808873, 52.33690748572666, 47.55572851880217, 76.72414501236914, 19.405027255439876, 70.38890675572381, 68.78034544245558, 54.37334138203563], [97.8727587231288, 40.56850305675648, 15.021747237939492, 41.25077588461231, 0.0, 15.78626437980793, 85.69421443128617, 55.552430277704445, 55.66357495244253, 94.72647892785469, 85.69762487638191, 43.780127862022695, 55.636199694636524, 9.190768827162982, 20.088159162813454, 54.25023917314467, 51.551753068313396, 76.60265325289834, 90.77435433956522, 90.43481222332525, 75.06247234915564, 66.87785042255516, 54.69544664468625, 46.09622968740627, 74.45917706302991, 47.95414869710733, 67.84029588936811, 22.556831884868643, 45.78498933906763, 33.52881994006868, 64.26985499034923, 73.92922087797102, 88.9235440533566, 94.76523788251113, 51.86181651841555, 32.41077726236413, 72.06123880157953, 26.257303090870913, 48.69235794975213, 53.006724370547374, 19.95322876713164, 42.272195806831476, 32.3875629440424, 67.90135670684298, 33.61018245315944, 48.86290855637345, 57.96191350746918, 91.60430715494779, 68.84577258362219, 39.41461898804757, 48.49285592669082, 12.616929592319737, 61.47859893466919, 25.941328203919742, 35.85921768729895, 32.84776844770304, 72.89619297843544, 22.120125650474662, 64.9247808500117, 37.27509706352904, 31.05964566048097, 59.469816313044056, 40.322845736072544, 75.71404131327283, 64.7703664028506, 76.2760718420174, 3.982256038855793, 50.24030623583982, 77.18609027795641, 28.200572654830804, 23.158802669308308, 36.13017679577466, 46.61534669970074, 32.990454788629584, 8.259523185297754, 33.98470806751431, 70.8491439612495, 82.95161036902549, 60.00513525849006, 30.384576454531945, 37.19793104390879, 38.59438124683575, 88.0875078223946, 25.93842547216284, 86.99192778882788, 38.76163881243387, 42.523351981759255, 37.08951831734101, 59.85637498927794, 23.346316225359566], [93.16724468525814, 47.836713582903506, 3.608396750155883, 33.44257518302865, 15.78626437980793, 0.0, 96.58938871275707, 45.882700750173996, 62.96069411223697, 104.20713821797858, 85.99903389662211, 49.80260870710385, 39.99289486911397, 17.853870328024176, 12.89304952304515, 41.64038567017186, 62.36953455822494, 85.94644501560893, 86.71648302787915, 96.51367153762675, 86.87899812467577, 72.66481033994565, 65.91671559479815, 32.5572342876406, 77.41077721301997, 34.975528673433175, 74.46986157422336, 36.7090807190704, 45.015225341728254, 49.1652337857926, 74.52807383517094, 70.64078698328915, 94.3813158665288, 103.89916619520903, 66.12149652115626, 24.499511949690906, 71.44187146298883, 41.98286718568567, 48.36822404610847, 58.47847606282763, 7.961006268769337, 28.833715273997722, 48.110865042812115, 80.36323750206098, 48.173680489141894, 33.27650819304721, 62.75076948403165, 88.47195440235107, 58.49948506592794, 43.948379764097076, 39.568500225525504, 8.410442092420777, 74.83259760960597, 25.075410876876784, 34.60236450871545, 47.23965210469187, 70.40424057615509, 13.29370561344689, 61.871713340578836, 53.057550554216235, 26.504679727624172, 44.38009546093721, 35.113928512755066, 77.76862351684609, 61.81606049302368, 87.57509687143124, 13.64842762290314, 64.21992721471524, 74.17250532902551, 31.619053068780815, 7.94104467565087, 39.686790231602934, 48.72487036139027, 17.529620113835175, 13.576661151751296, 47.16519112081399, 81.66719881293392, 77.30105308746371, 65.06234782896996, 45.712287575076424, 23.61529756924477, 45.96367735752477, 96.18803650506327, 40.3959774182914, 80.98661131638076, 54.03871471942359, 28.75066237618681, 52.86979576934496, 71.69951264303592, 38.66346397496532], [94.77578344008174, 50.44783575011833, 98.12034697015794, 88.185835709091, 85.69421443128617, 96.58938871275707, 0.0, 97.52868296894599, 37.9959190787944, 13.938218389675729, 64.372573675924, 50.61739834217723, 125.25200290801371, 79.2069939111073, 88.0270460606531, 107.84101691413177, 34.29389705626164, 14.805969500226166, 87.95365374909267, 33.6777211822348, 12.48360726856444, 37.34582832574043, 30.99957155831261, 106.97656485289718, 49.438933040115444, 105.9094363500243, 33.056404371658545, 86.37697139166698, 68.43519413424575, 74.58831507232583, 22.225024431630075, 78.09463814887455, 37.05971800285956, 16.00268054714806, 41.74863490551878, 87.87678017071961, 65.95259170361689, 74.45845573124669, 66.34132778925748, 45.75913171377809, 93.7700097210897, 104.58616554052703, 66.23841311919415, 20.92259465768979, 56.18163036972138, 119.25026305269928, 45.43226216650633, 83.7644718824888, 106.16882429955952, 57.41564400443678, 92.77101912975995, 88.31542328243461, 30.065651117300003, 76.52424935614854, 72.86006959776768, 85.99051233166891, 74.35686627907008, 89.79690001244064, 75.27019490779853, 67.11875613976818, 81.28737274036865, 123.4017797205304, 81.4346949487252, 53.847836779855974, 74.85597870347914, 9.742871333304945, 85.00622328372486, 41.22911055032281, 77.78112075567496, 67.77400949280904, 99.6452887051126, 61.89023675852786, 59.677600209045565, 106.7010840023256, 83.31952240776985, 52.54713559358202, 14.929563994994865, 92.00041164268993, 43.4286662198283, 62.45214879762418, 102.50581628994588, 51.98926059467712, 20.379275928578508, 61.99033609170705, 95.56343397186808, 79.29612946387704, 105.87231974378393, 66.93650196311793, 26.29298805569276, 67.03533781258906], [51.33094763488302, 51.427632252039906, 49.422605873347656, 14.853856115588483, 55.552430277704445, 45.882700750173996, 97.52868296894599, 0.0, 59.809819438431234, 99.09404472713874, 56.33449650837023, 49.01141386513032, 37.05357872154914, 49.05886741832579, 35.61200835142376, 13.28942695108608, 70.11542280490038, 83.20787665237681, 46.560359527555924, 81.52405140115567, 92.7138546459523, 61.873559332560994, 73.97427858103981, 19.96688461525897, 56.96845471130511, 16.703296451597975, 65.71742225830124, 77.79538863356234, 29.292232925082587, 85.01907005078932, 77.23251322633969, 34.60191203808612, 77.85503531687438, 97.6395182049809, 85.59407636123281, 23.16530832536456, 42.43265631074799, 77.71238918118921, 31.18749733188988, 51.83416590100967, 38.080724209246775, 21.425982779691978, 79.77957206343767, 89.76540613171997, 72.8962759160804, 34.535092557766774, 52.358040158432914, 50.07867505231136, 13.403390214574387, 43.03919265302367, 7.287192833101533, 43.37919991655192, 88.79003224170359, 33.4173679158785, 28.76809471620333, 87.5915103266156, 36.524791811077755, 33.88376960376737, 29.03079052165854, 85.4492408183644, 26.261898137649183, 30.759908490924158, 19.225329288608872, 54.658492782173454, 29.28125349139524, 91.36660516115106, 51.591613667926524, 82.81701969048176, 38.097784914497645, 39.24649896327315, 39.46093986836945, 39.75954205135649, 38.08368376499611, 35.32490376387368, 47.57381869104464, 67.31193138944242, 84.77973351658368, 34.93448825431788, 54.57481890806539, 74.61568700154916, 25.11992305395433, 50.88405464140721, 87.60150563109801, 66.97861687831899, 37.74055611001924, 91.56807479852559, 22.617176675923194, 85.1678025297172, 80.49387156713381, 69.17780741960095], [68.00193375737109, 15.254039927465948, 65.20386081252235, 50.2201532339093, 55.66357495244253, 62.96069411223697, 37.9959190787944, 59.809819438431234, 0.0, 42.21186166234062, 42.1444844128748, 13.477902476873044, 87.70390899351239, 47.3754807837239, 52.536364048154695, 69.8498560649017, 16.02813488444904, 24.472584251599788, 60.26246573564286, 34.901096851014344, 33.218248711788675, 12.506224550189026, 18.44491770629373, 69.15924772356725, 25.721182384515522, 67.98113606114805, 12.300039947735137, 64.78785419483269, 30.55807150530391, 59.2730528601573, 17.682269338857317, 46.189466566307324, 33.82436814641513, 41.51217113540979, 37.42706090885265, 50.4727099305971, 35.77804319265482, 55.426563843148266, 28.729776581682735, 8.103846707470797, 58.63747586470832, 66.92529672696523, 50.23059142152692, 31.855863470738406, 38.0662784579814, 81.92107564907485, 10.337477760773501, 57.71266205211759, 69.2879674208326, 20.139844998041294, 54.81784518327181, 54.56486230573068, 34.22145841792146, 40.11462161657741, 35.125516872127406, 68.8619030031422, 42.787939904391024, 53.96733730564111, 40.82043807674038, 54.13881000928923, 43.96263991775774, 85.49589330807618, 43.45857112931597, 29.30408235769334, 40.40935346367514, 31.591364251017925, 53.74176606229234, 34.736788556039734, 47.179039545313024, 31.82250773832166, 64.47335138405705, 24.746720770485464, 21.76269432642171, 70.396594447208, 50.899698926475075, 30.90633034950703, 25.035776076729388, 60.376836054275486, 9.92812700141237, 44.258888513183216, 65.2057773287726, 17.204480126089663, 33.2492327215353, 39.30280706252498, 64.4957974666102, 66.00523383743412, 68.25169806496805, 53.846773683919935, 23.686948265751063, 44.95141421210147], [88.96600916055583, 56.61619582488228, 106.10056865768945, 91.53195102318105, 94.72647892785469, 104.20713821797858, 13.938218389675729, 99.09404472713874, 42.21186166234062, 0.0, 58.425731648678074, 55.654648120417335, 129.59807183304332, 87.47107035029666, 94.50346236955802, 110.42802737167841, 43.446554988842934, 18.26349545668204, 82.7764969124721, 24.662941594298864, 25.85942794034798, 37.22086113737194, 40.87164515832641, 110.77960459944029, 45.82184508327919, 109.32246598020537, 33.456784579924715, 97.73641294695229, 70.96963415428888, 86.91310855242486, 30.602200016683277, 75.33386620597332, 28.77025513038692, 2.703514294604355, 54.582069501914276, 92.57091630030142, 63.06327430531155, 86.1272770946065, 68.37267070433639, 48.89521530667702, 100.50897016664152, 108.77673162085432, 78.26533199507026, 34.05387792856093, 67.48781646086302, 123.97516214703305, 47.02958306613556, 78.07989548988068, 106.26213264561645, 62.35167933277038, 95.17565833160536, 95.81103588720516, 43.227781208697536, 82.2751770814842, 77.07973680894742, 98.19955256158151, 71.60923995657213, 96.03976506054583, 74.10865613178171, 79.64940286133428, 86.11157368091779, 126.82248162566758, 84.77728589201071, 49.87804339776367, 73.710903743578, 22.36043732001697, 93.57141119499128, 53.718150506001365, 74.37943067338857, 73.81971087100068, 106.3819615234707, 66.95842694046323, 62.58251537710275, 112.58974760417665, 91.39053714238274, 62.93458347386286, 25.177834009226267, 88.54835858911765, 44.69069463906827, 73.97370773606733, 107.30846822911838, 58.39798303880025, 12.466382973517748, 72.55089263186795, 91.70759045948053, 92.00339834603184, 110.13887391820082, 79.44680752006695, 37.567913627652906, 77.89056410147593], [30.59120280148837, 50.458879763042496, 89.28008921441385, 57.38369203088927, 85.69762487638191, 85.99903389662211, 64.372573675924, 56.33449650837023, 42.1444844128748, 58.425731648678074, 0.0, 45.80162744781947, 93.08958567499421, 76.50926145533334, 73.15671218367673, 69.61349713885367, 58.03764158874043, 50.69559295273632, 24.45123254016754, 34.35874362229695, 67.10886759689235, 31.824926295146902, 59.8727225725713, 74.57688941766328, 16.878924001308427, 71.81467288864037, 35.369318000424634, 101.24058388571075, 40.99505524394296, 99.17387912715431, 54.604645794036976, 22.574268613050982, 30.048552438341755, 56.03267946852554, 79.46223484069664, 63.82353727683355, 14.889796349992272, 94.11191722733926, 37.68737558488682, 38.0650985876726, 78.93841243812084, 74.46086841541357, 90.51953914559932, 69.6653257710839, 78.7412081237491, 89.62651980493212, 32.97499998804069, 19.656621165009607, 57.497470440210925, 47.4055440147947, 56.371446919692936, 78.90007012959164, 74.66424546223358, 61.324499331860544, 51.435244229251026, 107.41752431152328, 19.92855902725136, 73.24254513187938, 27.520306033121546, 95.03982887614688, 59.80019595446084, 87.08626011743617, 52.57342531962447, 12.861952028752485, 27.336509611115805, 63.737041641830324, 82.45136449016061, 76.82674591754876, 19.824713825402416, 57.50797731444267, 83.57703646176367, 49.825052360218116, 39.16545458386986, 84.82769808443716, 78.39297180817478, 71.27306374601908, 58.959192673175814, 32.25868234774069, 32.426600019069504, 84.31076771251566, 75.78820998837747, 51.98844846739859, 46.12614351565954, 78.0180898445016, 34.561629098721575, 106.20060792930194, 75.90497726253648, 94.7361217627692, 63.75498603181521, 83.22567069822145], [66.87527693412763, 4.737995836412089, 52.20212331918003, 37.92573106588049, 43.780127862022695, 49.80260870710385, 50.61739834217723, 49.01141386513032, 13.477902476873044, 55.654648120417335, 45.80162744781947, 0.0, 74.65252273334423, 35.042277301810415, 39.09297317154016, 57.91227281058756, 21.238738134669482, 37.74385440303242, 59.03000564897562, 46.97094594140037, 44.10187924747455, 23.189736600478234, 25.022816455478626, 56.402176605502426, 31.769892455355574, 55.46662181711408, 24.676773538061425, 55.97013936624732, 20.166466740669833, 53.46151775797111, 28.946060749622784, 42.97864542490232, 45.21730957733521, 54.987929253294, 39.54460447322106, 37.298520259021835, 35.30838067684571, 48.315595661780414, 19.562655982101333, 9.245162227037513, 45.22075091643681, 53.96891027250589, 44.99109815949474, 40.75405245166214, 33.64590391675199, 68.73096113684664, 14.392950357479094, 57.66752359051764, 59.79868142160127, 6.807208893667748, 43.29615841012915, 41.45000380745865, 40.33560667430101, 26.638251715115945, 22.30101687292539, 61.65477587247305, 40.21250439912131, 40.495318902315525, 35.650675801229, 49.80678292083752, 30.730085646968853, 72.89398512698982, 31.288446968038592, 33.97486104987361, 35.2847883824085, 43.22623556098316, 41.44438009327285, 36.653963426267815, 44.94121862213877, 18.403314736666054, 51.03873812517634, 11.359508140512547, 12.143851935989735, 56.93576620983301, 38.25269136461962, 26.201686522497102, 36.64406021887422, 56.37156979399666, 16.278549813967153, 38.75572105233018, 51.98743380969645, 6.194334834052484, 46.62091612301843, 32.22963390858506, 60.69740056180457, 60.53326255179107, 55.256083927472105, 49.49841125761773, 31.501532448620594, 37.432642823968195], [86.62287708731837, 75.02999560369881, 41.79974730444442, 38.47775694520773, 55.636199694636524, 39.99289486911397, 125.25200290801371, 37.05357872154914, 87.70390899351239, 129.59807183304332, 93.08958567499421, 74.65252273334423, 0.0, 54.87611705833743, 40.40077422364302, 23.91132099074478, 93.14061877465763, 112.17459082166614, 82.81960011477095, 115.29008736876254, 117.81659933947307, 93.30668293271084, 97.06055091863205, 19.186305921999942, 91.63476153391179, 21.454206797007444, 96.51831253302288, 76.34594749867247, 59.23513044602218, 89.13551745045851, 103.3205335334411, 71.64987627353504, 112.01814658923476, 128.58513652496669, 102.39950295022112, 37.3790114992781, 78.75234192381771, 81.89341829092349, 62.26793279032176, 80.70285660300398, 36.79693552643316, 20.822131231556302, 87.5153733876575, 112.82646593413897, 85.59664978861983, 6.832072540476987, 82.97217146853652, 86.751453195847, 41.77167512484802, 67.84684123601781, 37.01480976161881, 44.58148040241248, 109.17358409713583, 49.33908646876253, 52.58465180677432, 86.84397698433993, 73.45558308005825, 38.094714606069815, 65.58158621146615, 92.69178321653727, 43.9748826359095, 9.029820877529398, 45.07684960741837, 90.00591787095786, 65.7821318076535, 117.48218251429749, 52.87797748769476, 100.08055291103139, 75.15117051005876, 58.11541332398563, 32.50976294992184, 63.36299522276165, 67.15632244630167, 22.69088963179111, 51.0647909325859, 82.73747167970791, 110.99536324432287, 70.64167943229418, 85.40398448783964, 84.36402356978111, 22.907971180592796, 73.68176536665794, 119.21016668216566, 78.03702322549312, 72.65616677077908, 93.99581395273583, 19.463241231029667, 92.4855709420649, 103.50911777492225, 77.47056394252267], [89.22520912228974, 32.145063278709195, 18.948244879843774, 34.333645230162475, 9.190768827162982, 17.853870328024176, 79.2069939111073, 49.05886741832579, 47.3754807837239, 87.47107035029666, 76.50926145533334, 35.042277301810415, 54.87611705833743, 0.0, 15.390429257351945, 49.61483915106261, 44.914256046785674, 69.23553771644865, 82.0201337135267, 81.92390274501777, 69.19334533048114, 58.22224018470517, 48.343963625410495, 42.50073785874611, 65.3654344944101, 43.806441932499695, 59.4089662212269, 29.03846750782225, 36.76185425250177, 36.63747706506576, 57.34271650756443, 65.10170432642825, 80.25883148563614, 87.34546573287943, 48.54476326462273, 26.071198347668922, 62.92071440444452, 29.18833310738694, 39.6002777354254, 44.21320760824502, 18.102726576797355, 38.74844877622889, 33.15418668613543, 62.548104881176, 30.952720576705293, 48.051250912115265, 49.06319893801815, 82.69057361217655, 62.46052117831644, 30.367319997699415, 41.82253647489457, 10.519832830209987, 56.99434786061117, 17.4365082294648, 27.054513968408894, 38.55670702385003, 63.94745199613198, 17.768510384397523, 56.104320951258586, 38.61571539207572, 23.396007095020888, 57.35860163128729, 32.43502544860748, 66.55596815886629, 55.933622334011496, 70.0361685198034, 6.403101645783082, 46.536204189025554, 68.29918107863021, 19.009813382984394, 23.103476146383336, 26.969020388501132, 37.42658971366204, 32.450408086199644, 4.280385924232521, 29.357923684028368, 64.28031243785165, 74.59303549777057, 51.16451094315574, 29.523769549015885, 34.07752882957097, 30.180852732925043, 80.21655276027225, 23.260346465700994, 78.70729232108631, 42.817838880422485, 39.29504532152217, 38.376323805814025, 53.97966871749304, 22.744299875717576], [80.74530478252797, 37.92303412140464, 16.323650511516686, 21.79209408155381, 20.088159162813454, 12.89304952304515, 88.0270460606531, 35.61200835142376, 52.536364048154695, 94.50346236955802, 73.15671218367673, 39.09297317154016, 40.40077422364302, 15.390429257351945, 0.0, 34.492750503892495, 54.42305128572164, 76.3563501929424, 74.13117492765636, 85.04384330949189, 79.2794266881065, 61.30857010719189, 58.21566779722299, 27.111396258121548, 65.03617563699196, 28.495202483106628, 63.47693541031647, 42.59091965727205, 32.20744853107334, 51.86924560587897, 65.80208246859719, 57.88238874088974, 82.67879759448144, 93.97009265230072, 62.01365625710914, 12.707445002746152, 58.562624280714104, 44.40913639009534, 35.58875713866191, 47.23687234010942, 6.221454539508281, 23.358981865613476, 48.5174405597785, 73.53995584887966, 45.31508086637164, 33.665954421088294, 51.13201554968231, 75.73109366260086, 48.82569657476908, 32.74523112758537, 28.700862969561108, 7.783703053664275, 69.18215494792605, 12.877890935457504, 21.852564311508583, 52.7270361679376, 57.558916138245735, 2.3976267492814043, 49.05980545040758, 54.00139973453639, 13.63677071517436, 42.17456719334147, 22.477244266873075, 65.19140625955653, 48.99368722247155, 79.48363924433322, 16.201755936714413, 59.729198905428674, 61.387370174800324, 20.717280001709444, 11.950009301258477, 28.24487016345242, 36.451566795238136, 19.00755224941367, 12.600039423974357, 42.36411121076858, 73.25724908701886, 65.10230701260781, 53.51289867410017, 44.63728664757931, 18.761253425104517, 36.211613456375105, 85.70826910957345, 37.89172161863632, 68.92018651749221, 57.823150143603165, 23.92846145413339, 53.760227309973565, 64.42816314031172, 38.019185805294725], [63.18367283485119, 59.52257539673035, 44.85356070406458, 20.094186294948887, 54.25023917314467, 41.64038567017186, 107.84101691413177, 13.28942695108608, 69.8498560649017, 110.42802737167841, 69.61349713885367, 57.91227281058756, 23.91132099074478, 49.61483915106261, 34.492750503892495, 0.0, 78.35627558778005, 93.8938331934892, 59.03961463124974, 93.94900425723313, 102.01415197210063, 73.34413056351833, 82.2968909905553, 9.77319344328649, 69.62777824511858, 6.749867117892046, 76.97363412035862, 76.7919547581544, 39.555788764450256, 86.24974009272628, 86.76746358579577, 47.848580731278034, 90.40563093583064, 109.12593243502124, 91.64701983907722, 24.51106829117513, 55.603463793617436, 78.7959628049191, 42.0554598126691, 62.15540405877609, 34.73584273503807, 13.031467215170325, 82.25549150613061, 98.26535234155136, 77.12068230453495, 22.17255253190462, 63.40739310582798, 62.86993422601008, 19.572312049096784, 51.40587769539448, 15.255614798171367, 41.63373684831632, 96.25722271323254, 37.14065814832267, 35.95987641603768, 87.08269331630603, 49.814145567107566, 32.261762946101015, 42.24407774220579, 87.85955412480061, 30.056557865744328, 17.53209951389674, 26.624694268978182, 67.5469097546199, 42.480229025260066, 101.03799818038505, 50.515594365794094, 89.0037851108947, 51.31153858433909, 44.77588129111234, 34.098078323616804, 47.46314634487149, 48.210889466341754, 27.22109769663691, 47.092426172523524, 72.47180067446305, 94.43547090566506, 46.99714059577434, 65.73740387664036, 77.7384248595003, 18.143229020014278, 58.62249748289061, 99.28585041918699, 70.40439962796536, 49.290236799749486, 92.30458426249321, 13.543995386665639, 87.60078855344945, 88.87442995463773, 71.5912592486024], [83.87638963406539, 18.844998159640202, 63.83619580950878, 58.26213011659895, 51.551753068313396, 62.36953455822494, 34.29389705626164, 70.11542280490038, 16.02813488444904, 43.446554988842934, 58.03764158874043, 21.238738134669482, 93.14061877465763, 44.914256046785674, 54.42305128572164, 78.35627558778005, 0.0, 25.765324267786404, 76.09755974527943, 44.976918379336084, 24.86157163532375, 27.005024484362202, 3.9543863207778163, 75.80716545036312, 41.38759184352111, 75.28484301427703, 24.84093686656497, 55.16601579256924, 41.4012960445809, 46.70235513654564, 12.844586936484667, 61.465694587032154, 45.19827198800884, 43.75239672052739, 21.430525814884444, 56.07013037396733, 51.59410812722421, 44.2802608664558, 40.601436440724385, 22.417505063618464, 59.93789820660797, 72.9824215914779, 37.577199480101456, 19.927839456244786, 25.633999714583446, 86.81523069258236, 26.141507735694105, 73.6884143724079, 81.03625523651915, 27.127649796336552, 64.1484709194076, 54.15528380501169, 19.276027496609977, 43.80830052006117, 42.39641236606731, 57.271536443445, 58.2176999099032, 56.349519249952856, 55.28884255682951, 40.571320795350765, 49.53309690120299, 92.40245126999335, 51.858895606090705, 45.176016661986175, 54.892441523756524, 25.219095130853947, 50.73310619144512, 18.796285931723723, 62.73662559411982, 35.02579912338631, 65.77461654765449, 30.893141575332017, 33.12391475462918, 73.34870473177766, 49.038233799189854, 19.860863330482633, 19.371878835813185, 75.48962918562908, 25.953869327161765, 32.24573491784174, 70.23288970305777, 19.781169967976556, 38.59900657139501, 29.449101379003867, 79.70292279123206, 52.929714912993965, 74.15040759602228, 40.30296005169449, 10.524969975868926, 34.992533885521375], [80.76518807730083, 38.43662970802061, 87.8390257567691, 74.5195635619364, 76.60265325289834, 85.94644501560893, 14.805969500226166, 83.20787665237681, 24.472584251599788, 18.26349545668204, 50.69559295273632, 37.74385440303242, 112.17459082166614, 69.23553771644865, 76.3563501929424, 93.8938331934892, 25.765324267786404, 0.0, 73.74545997348615, 24.033884150358784, 17.166886644806706, 22.53990435114463, 23.73184595228719, 93.57785260404924, 35.08038017784457, 92.31654507351193, 18.25235230436716, 80.77869611150419, 54.35165148358819, 71.13826701612192, 13.141002552842046, 63.367337390107295, 26.25076976332108, 18.163438296894597, 40.45127104683208, 74.93472307097319, 51.28063378432679, 69.55477150105244, 52.06912709321294, 31.767272385991877, 82.32565301440962, 91.38889777150662, 62.1963383263954, 22.505536215209798, 50.787986105886674, 106.38583303741035, 30.899052531318734, 69.7706743733206, 91.52141074859217, 44.51436098596436, 78.7209168425691, 77.55243168984511, 30.62277032085011, 64.26533154222057, 59.592152792849326, 82.15382917158036, 59.63669006538098, 77.94045435821197, 60.467452351807346, 64.28955767450678, 68.40803427518462, 109.84216695256583, 67.74607643563016, 39.534063670402446, 60.05347406504182, 13.379974043394274, 75.36464680115623, 38.95290445065164, 63.15284823456623, 55.717912629182685, 88.20464085043257, 49.0992287247732, 45.696235022568935, 94.5979533166483, 73.13730494569865, 45.573169972364624, 10.791094899351833, 77.34212756536928, 28.800899776931047, 57.389108118604696, 89.66194993431282, 40.18917406301545, 13.617888797843175, 55.18848022705374, 80.97063077504, 76.78506237537732, 92.71969434235214, 64.05665322946426, 22.05640818387084, 60.68186806769242], [7.852316471530338, 63.677035201057734, 90.28391812516453, 53.87342271045668, 90.77435433956522, 86.71648302787915, 87.95365374909267, 46.560359527555924, 60.26246573564286, 82.7764969124721, 24.45123254016754, 59.03000564897562, 82.81960011477095, 82.0201337135267, 74.13117492765636, 59.03961463124974, 76.09755974527943, 73.74545997348615, 0.0, 58.808884476534494, 89.3438155123087, 52.71992502454153, 78.7069811752648, 66.51339568782731, 38.67660654610054, 63.26356753859736, 56.816015829672104, 109.80680316324131, 45.67622440969771, 111.11989627595091, 75.5095817199467, 17.016504162575618, 54.49960347340443, 80.42097296398653, 97.120040856976, 62.35502858028896, 24.504056153619878, 105.01824941292507, 43.426778518723324, 53.92990963069182, 78.88831852900444, 67.64567855208428, 103.26881353916328, 90.71444031764072, 92.50036749211058, 80.99645146691441, 49.97836109554965, 5.535422998725955, 42.18387898760106, 57.84608949335446, 49.73579455766329, 81.2326163372682, 94.37899894344005, 64.8412487357767, 54.96767599615322, 117.6104783475383, 18.983313412238278, 73.42635132342845, 25.948074940125576, 108.40098386587708, 60.68166651241559, 75.28669542810879, 51.65677685557203, 34.215122728172965, 26.145267146677863, 86.28479108564136, 87.01943448462043, 94.30299458075828, 14.253769826221165, 64.31470236723915, 82.23326886345829, 58.42431330689398, 48.57579810053364, 80.59948588821958, 82.67919397886347, 85.13777542723533, 80.91164880222072, 12.44096340614094, 50.46202449333261, 97.08571941085623, 70.53890113887412, 64.66237828396007, 70.40448791827889, 89.90743672549416, 12.206752016515752, 118.2510682554367, 68.9389452649942, 108.09130242785626, 83.6168039304966, 94.38346144284516], [64.65320537570379, 49.866848195300044, 99.06430219627472, 76.86242292117628, 90.43481222332525, 96.51367153762675, 33.6777211822348, 81.52405140115567, 34.901096851014344, 24.662941594298864, 34.35874362229695, 46.97094594140037, 115.29008736876254, 81.92390274501777, 85.04384330949189, 93.94900425723313, 44.976918379336084, 24.033884150358784, 58.808884476534494, 0.0, 40.786979277950046, 23.855291476216635, 44.440092519241034, 96.10695681770642, 24.769654965649206, 94.094404744444, 22.621586140276243, 99.06260692465057, 56.26506188719694, 91.67125177108748, 34.7637276031183, 53.40618313540515, 4.3163503135562395, 22.09914241900493, 63.285561119223686, 80.04284176691783, 41.499097000107696, 88.88878125080042, 53.09153281817658, 38.04585888817474, 91.26436323595517, 94.77817271996068, 82.53812968907097, 46.52657252301366, 70.49595594132282, 110.40638620848682, 33.91553435024541, 53.89527731369782, 86.62198880533869, 52.565674582605446, 78.92929338878919, 88.24899008980017, 54.3570625915547, 72.1794082650088, 64.66501787068303, 102.0912150613419, 49.82217412365866, 86.07316594845902, 54.00197995133579, 85.47323826308, 74.14508011539468, 111.15915456600938, 70.43997959053836, 27.961951991522476, 53.64284817739488, 36.801879661765874, 88.3234013540657, 61.40875694695504, 51.86679662253123, 64.89462038830166, 96.89332726910581, 56.895457613464046, 49.268605325997655, 101.32898848523088, 85.22058722971786, 64.08910716335187, 34.75899969703622, 65.6901426014437, 31.53194078879948, 77.05792371945795, 94.35861125061125, 51.84098696836042, 13.368120003728114, 73.23774594936833, 68.49058418569696, 97.8836049561573, 96.21840838126771, 85.21179559591846, 44.816101673828655, 78.92450399529136], [96.62568895186837, 42.90155214610386, 88.13340688240376, 82.00765531079426, 75.06247234915564, 86.87899812467577, 12.48360726856444, 92.7138546459523, 33.218248711788675, 25.85942794034798, 67.10886759689235, 44.10187924747455, 117.81659933947307, 69.19334533048114, 79.2794266881065, 102.01415197210063, 24.86157163532375, 17.166886644806706, 89.3438155123087, 40.786979277950046, 0.0, 36.73719180773148, 21.079927750545345, 100.15055429574971, 50.84121321174059, 99.41725394942047, 32.550597885717735, 74.34344959087235, 63.43359555397591, 62.20174068351281, 15.546487345896898, 77.51827757860933, 43.31574877069285, 27.503779700827817, 29.285204300392415, 80.57403551561256, 65.88162294293859, 62.31605477145198, 61.856207608326486, 41.321980863757474, 84.74991842576685, 97.47043904091227, 53.967937832036625, 8.449603611814672, 44.31824910308319, 111.56231464103129, 42.45117291584666, 85.71248788543602, 102.49961302817259, 50.678062177108885, 87.31461447360415, 78.77633798395965, 17.582974321914076, 68.54642023393835, 66.25983830883453, 73.62479245449384, 73.87519504431692, 81.21108048788513, 73.33950199764796, 54.68766110183949, 73.99053728746765, 116.72599804282964, 75.39010026363174, 55.29506180704231, 72.92275083574293, 4.026562682209069, 74.71045038629107, 28.865940502886282, 77.7914510304121, 59.74045615431787, 90.56776547335362, 54.87089753397911, 54.66928882538839, 98.21018007266244, 73.40294010112777, 41.338325240220215, 8.543192313641196, 91.73003770525388, 40.92454741687133, 50.42812568573617, 94.91748098958168, 44.15406908668362, 28.646169589416697, 50.540123697644304, 95.59448394452541, 66.82697822114545, 98.68017578494863, 54.510282049886264, 15.23329087791091, 55.3577136041633], [60.138268951245976, 26.411406495800986, 75.20956833250021, 54.903294361685205, 66.87785042255516, 72.66481033994565, 37.34582832574043, 61.873559332560994, 12.506224550189026, 37.22086113737194, 31.824926295146902, 23.189736600478234, 93.30668293271084, 58