instance_id,num_cities,city_coordinates,distance_matrix,best_route,total_distance
56,100,"[[95.23071606903974, 54.76838118336207], [26.979155609351025, 55.57732295670018], [69.40886266333018, 84.45838683111774], [88.94490258299008, 49.74509247304504], [23.06198912236742, 83.37556361567535], [37.480486090137596, 57.88840949381002], [50.25634492261306, 13.870316003461392], [15.592938003757128, 37.30256912093801], [56.946769677285225, 60.56598887565593], [21.870105480681435, 34.34813843170264], [31.863303727748548, 37.6042978964645], [62.61059904521051, 37.84499193416416], [41.79292651813464, 62.76683786968293], [2.866187541587417, 69.67596818056684], [45.437516034337285, 96.17461601210958], [46.265773261817515, 11.842833474608517], [74.53966280542888, 23.471792833987028], [56.692068374552306, 33.64686650765144], [59.97750943485134, 9.014018496705411], [64.49691668776967, 46.924378030927905], [84.15424941136368, 15.42367785094032], [98.37629827069313, 58.93155707738874], [98.49806805849256, 9.109345596979889], [1.0602511949972304, 0.46745304046277303], [1.3818260221702183, 40.35735903178648], [96.29845548101117, 38.78201159815462], [71.02498378583273, 71.90467631408205], [20.987967932309136, 97.18158538872876], [44.85502007641418, 4.845215306581108], [62.33409035781279, 66.0197364292563], [58.37718699384284, 98.006980430065], [15.271169001164232, 37.23594420234178], [99.44651565077223, 42.844044158897944], [86.81007906174504, 22.521523971344504], [83.82174085466158, 90.48020924411057], [21.33441414837791, 4.737617244432268], [69.86756922318811, 45.95992250902262], [84.29855130338825, 1.9687768060222655], [94.18588351808265, 54.81656649186745], [31.998250620452517, 54.739565131574366], [83.10875238864324, 59.65292225944515], [58.26982167285942, 70.35414771656721], [21.747614668438942, 90.00446268365239], [97.21555037376042, 91.56090752871614], [20.544829735592717, 13.822445534464789], [90.90602532774106, 40.27774719331332], [83.16924390320814, 96.37377352456681], [95.82506262775786, 51.419293168844284], [39.75447105312182, 83.19287044559476], [45.05655366321834, 5.4135217495563825], [70.88386026667153, 29.106296115762163], [23.690113391001933, 92.22079279183308], [19.83914694187857, 14.409661326291756], [90.73572202808134, 42.75271352391782], [7.922369320879941, 33.747701005454545], [19.245036826927997, 62.42314375883997], [11.36616118069017, 59.40226344346018], [67.60795446002041, 12.117149739389433], [21.102472069354228, 49.21613812696136], [96.98620745254688, 79.80181924105624], [64.73956267934786, 54.32307977116005], [63.25601438466568, 88.92046901175136], [53.951071638673454, 30.961272975054023], [12.326645051288631, 90.27851504722855], [56.548031350685, 86.72381661436145], [18.849930350391375, 66.68817542522815], [16.64345214983578, 6.667084534133405], [5.284127603108901, 12.33638280241911], [47.41466812286432, 62.417091059451366], [8.232720999615806, 59.90626620839256], [27.28012851775209, 68.08272924601054], [18.91993724807407, 23.53494056803691], [36.65207175089339, 88.85828173067205], [5.353245504827731, 25.094069256895214], [14.155369746075364, 51.977245176636], [18.897340709895893, 99.68167071885766], [29.461122244696327, 33.5361610407358], [91.6074481920762, 56.81964538334023], [29.449901013103762, 7.051770396626322], [0.814345960946572, 13.350693450324325], [60.43467038476762, 99.09071517710531], [57.47101544215643, 80.83209190042089], [83.89278799638586, 81.1087945848562], [74.37197549204427, 35.69767491636598], [70.20977650115454, 35.13894739176225], [30.0092883331287, 82.36984573618811], [22.44511210121729, 80.1922436104385], [38.9786429973158, 44.753878489499996], [26.13822016518733, 13.784650411627952], [73.95376351969328, 57.638112303320646], [91.12810179152304, 98.80399785126326], [55.5553579456613, 4.565327814841391], [34.405221195628855, 30.65867280211423], [61.514373585898184, 95.18013847689413], [15.138270889475313, 99.15018715649971], [98.7647614087114, 92.6196350940158], [33.11094917277902, 94.37573769121661], [69.34807874694422, 70.30470308206564], [33.06826276475968, 95.0285846881642], [63.22232184575894, 7.3704331659139815]]","[[0.0, 68.25635422416872, 39.347992943347414, 8.046420362409753, 77.63179783966748, 57.834450280728745, 60.78935593897949, 81.5305481778157, 38.72044429342823, 76.14962573731698, 65.65085454059817, 36.748784174829254, 54.03307007240819, 93.55983262157848, 64.75985679716469, 65.11657446619118, 37.51794407304083, 43.94707895089367, 57.760282918757454, 31.718997617572246, 40.87412132309254, 5.2179230458069545, 45.77579185226068, 108.70449508540844, 94.94889005397908, 16.021987391292097, 29.657546867086424, 85.50359958422892, 70.92272723113528, 34.76752763792488, 56.81337052238111, 81.8591199182672, 12.647639289066623, 33.3281701817077, 37.48999038253756, 89.23979369016116, 26.849174328864926, 53.91948116281306, 1.0459430593943784, 63.23247201455608, 13.069075904316833, 40.11263931721735, 81.49446380550081, 36.84602505143221, 85.1736535765386, 15.122216221223352, 43.318446217203004, 3.401417110682947, 62.334303163546636, 70.3800307108235, 35.373888639475936, 80.75110505019238, 85.51441377894724, 12.828922040860094, 89.80320933596293, 76.37027458358408, 83.99247842171017, 50.81480593878159, 74.33588609436401, 25.094915241657596, 30.494404870097533, 46.784042694520636, 47.65278003998884, 90.1889937761035, 50.174694324972286, 77.305277450938, 92.13952892023984, 99.45281928261194, 48.42393214062167, 87.14957836174507, 69.24271956602051, 82.45521679635186, 67.77594624553305, 94.64948231939809, 81.12337654213276, 88.56629026113269, 69.11184156137107, 4.16362281268944, 81.26494062260848, 103.10128903917669, 56.34921548624152, 45.88149962429714, 28.676924366854347, 28.262676730636134, 31.80191956216738, 70.82143377093956, 77.09809936484557, 57.136555628353555, 80.3333005558333, 21.469607972387376, 44.2263154607347, 63.988128662595436, 65.42949537344872, 52.62985728644757, 91.5671582843913, 38.01587693413944, 73.67230231766928, 30.187550627489937, 74.06115437295641, 57.19355538010963], [68.25635422416872, 0.0, 51.32636643290343, 62.23960724824293, 28.0728761800612, 10.752630508331785, 47.76297699393275, 21.531664569179053, 30.38000461776789, 21.835307847924973, 18.624836446484725, 39.79994126648489, 16.466236158330936, 27.93218620490429, 44.596538800735324, 47.79831786508411, 57.3826359555625, 36.92969137504516, 57.07041858464926, 38.50267331271626, 69.8663478832854, 71.47589010806671, 85.28908346213746, 60.90063520378927, 29.7803724602369, 71.32494527391964, 46.97464685773549, 42.033426963485184, 53.78934166791857, 36.86482619245357, 52.78363579868856, 21.75966739241, 73.57754182028324, 68.35514060936802, 66.70300569361397, 51.152114160328075, 43.953502860210754, 78.48177714042271, 67.21103351829274, 5.088531507618225, 56.2773679580208, 34.60433979549119, 34.82236307885395, 78.91748543987816, 42.247725832234075, 65.73219675723327, 69.43829203982371, 68.97135727897354, 30.42740783897374, 53.32165856336248, 51.26732246821753, 36.790782544985056, 41.7822460847593, 65.03360953083705, 28.977465351178747, 10.328690904254932, 16.074693302102244, 59.49357908318181, 8.660258764457824, 74.07977813146239, 37.781231690620416, 49.272465652254496, 36.51621791740927, 37.66787488242307, 42.946740036621904, 13.76718365855202, 49.99038096029438, 48.37823007942465, 21.54977028623208, 19.23976507791744, 12.50902758620008, 33.0403581962433, 34.65815233961738, 37.37524239353634, 13.319536173968691, 44.838702296056475, 22.18046385864655, 64.64023180009539, 48.58841254981125, 49.675804003619014, 54.887947414846295, 39.59238399571529, 62.37802173030078, 51.3933826736572, 47.81855056799913, 26.96332659767871, 25.029020542631763, 16.15966112604135, 41.801132172237686, 47.01978988746689, 77.35394442899116, 58.47070196533277, 26.001645632889204, 52.54583026096496, 45.15308456266922, 80.77936672479849, 39.27996789988555, 44.85556122930902, 39.91840776076278, 60.31145266150456], [39.347992943347414, 51.32636643290343, 0.0, 39.833022242013556, 46.35952106243005, 41.53775302426262, 73.14023980668037, 71.55295165736032, 26.94717873275394, 69.0722116999443, 60.04144106932835, 47.10652791323923, 35.11642387148556, 68.16485541331367, 26.681369631802152, 76.2143108367349, 61.20204046818227, 52.37869275349588, 76.0315930196048, 37.85404905528011, 70.59190799466232, 38.60999045509572, 80.76917658008993, 108.28670116258654, 81.0714398980005, 53.003598522394, 12.657309952281771, 50.064586566644266, 83.31355391518441, 19.749334971511846, 17.471755967451976, 71.83904901156863, 51.32264717485761, 64.33488410695101, 15.620288183378026, 93.09432691367499, 38.501196953701154, 83.82266155336637, 38.633382915054575, 47.7782613395669, 28.337220243034462, 17.972417622228924, 47.98284607849551, 28.699436957633957, 85.89022014657554, 49.133053247540765, 18.202322157384444, 42.30126866401417, 29.68138260751381, 82.71109749845644, 55.371739763988046, 46.37304153627368, 85.81363913479014, 46.84226848019598, 79.70045495767447, 54.79015750843628, 63.2199692709541, 72.36365008979574, 59.79568099740465, 27.9677236711204, 30.494902753384093, 7.60050783349329, 55.68558605501609, 57.37816187331585, 13.05883433370385, 53.590913875715316, 93.99827264220542, 96.50681380948805, 31.13781162474229, 65.91909386461329, 45.199473470976145, 79.12520391226674, 33.05096709641377, 87.3340958080507, 64.09347113970063, 52.75568426604849, 64.7216736804696, 35.4496435566586, 87.11201343098863, 98.80036325626801, 17.165114618825108, 12.476466294607762, 14.866198615306722, 49.01264648418773, 49.32594215610962, 39.45489147502856, 47.15711870799261, 50.024456534494014, 82.86812126320713, 27.20263313616113, 26.029250927541966, 81.08526667613968, 64.18460988120079, 13.314612880117917, 56.224070719624144, 30.469242923934473, 37.62834532436737, 14.153814268693528, 37.846641643943684, 77.33579952115369], [8.046420362409753, 62.23960724824293, 39.833022242013556, 0.0, 73.97004039024978, 52.104700143561594, 52.76176722384221, 74.39977886392388, 33.77828160826405, 68.8192894475603, 58.35844258392645, 28.89823412693901, 48.91701851089823, 88.35601275322287, 63.62855758508472, 57.07967516373875, 29.963264291007373, 36.047166236888124, 49.981299033387344, 24.610169530030962, 34.65414635326107, 13.165954448686325, 41.74358507337351, 100.75712231716733, 88.06487333755796, 13.200904608903988, 28.498607785375448, 82.87560453629665, 62.92786909634885, 31.192937713288384, 57.12788343282939, 74.7281594202901, 12.566158715359489, 27.307144732352423, 41.056016909180975, 81.2210008114959, 19.44922003005649, 48.001717874764275, 7.29299183364375, 57.165251043611974, 11.498945176286904, 36.955293895105356, 78.33449044211508, 42.6258841978564, 77.25934589810578, 9.668331245134198, 46.98502027018703, 7.080928626347932, 59.484892244969565, 62.38169069298544, 27.42555677883755, 77.86123958724458, 77.61570818497992, 7.218060518803821, 82.58672671789991, 70.84351961060604, 78.1775035973697, 43.25653048465127, 67.84449255980732, 31.11381378121362, 24.634456510192326, 46.84686866606382, 39.716496309374016, 86.67938470461966, 49.16282441807157, 72.11361308527914, 84.1618351910342, 91.64353130175363, 43.42050117728838, 81.34928215803443, 64.33360927955205, 74.76943114027142, 65.30223373160547, 87.15066309946384, 74.82283560288325, 86.0251287198405, 61.652652672141244, 7.558997817239394, 73.22823882711913, 95.34960561395224, 56.98968169807609, 44.238073027106424, 31.767997606940963, 20.241050961096793, 23.755934488833645, 67.36305480372329, 73.13857495537466, 50.214931185978166, 72.37287302286174, 16.942078162262952, 49.10745926733644, 56.17893578254076, 57.782940922817104, 53.0733202883726, 88.8160022891329, 43.98472498850636, 71.47954145071105, 28.403047245948233, 71.92213528930442, 49.57078687270158], [77.63179783966748, 28.0728761800612, 46.35952106243005, 73.97004039024978, 0.0, 29.282897398333287, 74.63586559440124, 46.67448496046325, 40.846726344659096, 49.04191071711379, 46.609783354157535, 60.30858566136692, 27.84901421231426, 24.403879129676945, 25.77750854591957, 75.20204172643777, 78.98362261687427, 60.03270397516525, 83.02044948337736, 55.186430876473885, 91.37681897616083, 79.18178211011276, 105.85874146265724, 85.77780173784097, 48.17255855435197, 85.74476594078548, 49.3156173293355, 13.960938403088662, 81.49817055438545, 42.936262911109445, 38.226189434703876, 46.79274898708359, 86.47196055626183, 88.13077278654016, 61.17371510768058, 78.65692038706611, 59.922387535846596, 101.86747020723709, 76.643490726418, 29.997952909216853, 64.56297307027066, 37.53863003521879, 6.757949619416138, 74.60395767812085, 69.59865175559975, 80.37558727008884, 61.49663029893999, 79.47117771130526, 16.693481656112247, 81.005190211962, 72.33315114606552, 8.867503553740455, 69.04116446229122, 78.93003278202355, 51.88576717166803, 21.297253876562813, 26.67417313410952, 84.03632890617865, 34.21558207600818, 74.01055130576424, 50.80420214050543, 40.574692144706454, 60.83907693299338, 12.7631638237088, 33.653020997525296, 17.210763019612376, 76.97654434872426, 73.22989533528262, 32.1295898883138, 27.7617563177827, 15.863905036809102, 59.98380415127815, 14.654369443230108, 60.91249613342301, 32.63713022790851, 16.82954025693971, 50.2485318566043, 73.50984119313271, 76.5906445309606, 73.4740775233836, 40.54236418044307, 34.50290336540147, 60.87301810728924, 70.04209999764538, 67.45135283631006, 7.019717571025533, 3.2425396705305247, 41.7728911204425, 69.65887163888077, 57.029721210647175, 69.79278097949707, 85.2459517189506, 53.92345955997994, 40.22354855784482, 17.65287677657659, 76.26508106161506, 14.899175406275964, 48.096252326178515, 15.359635813465868, 85.96296981339555], [57.834450280728745, 10.752630508331785, 41.53775302426262, 52.104700143561594, 29.282897398333287, 0.0, 45.834649812477174, 30.04732242797991, 19.649570683384905, 28.245855349937187, 21.047515791320876, 32.14437998476629, 6.511236891984911, 36.566326091116935, 39.10432118186907, 46.87618096249894, 50.575548253324875, 30.931170366163187, 53.80355150648009, 29.156431677345903, 63.10066256440393, 60.9047461041471, 78.11877100873998, 67.99705692038738, 40.13042472993126, 61.843414878326755, 36.35504175810495, 42.61404495111118, 53.5533771213247, 26.14995454728969, 45.234631010170055, 30.327843447463668, 63.76614891805643, 60.697819848027855, 56.654543543428254, 55.54909860551289, 34.5139385699947, 72.93103968989674, 56.78854036590288, 6.322193176632336, 45.6623717157512, 24.240278534070796, 35.76260778612888, 68.57196970249073, 47.20832167982197, 56.253210303864826, 59.737641693335064, 58.702121574779284, 25.406431305326553, 53.01896494315884, 44.093031840465855, 36.998471888761, 46.92140651300182, 55.364333711325976, 38.16354377235988, 18.79083352822669, 26.158167352799346, 54.79664743289439, 18.53234021717818, 63.41236789153515, 27.49125010849165, 40.34063183425703, 31.565026048007017, 41.01017747790512, 34.56952394915169, 20.604210434266538, 55.29743315972343, 55.78165142337089, 10.91773462685049, 29.31729026548891, 14.421215268299271, 39.0468283033678, 30.980949899656444, 45.90891350490568, 24.06247942437916, 45.738495559520416, 25.638685637251893, 54.137512716309075, 51.46702023020941, 57.68894159493339, 47.164865845791894, 30.43080390244976, 51.89689828894609, 43.05125655979815, 39.85905764993941, 25.596084005448137, 26.898391908974435, 13.219696623663765, 45.53886868919171, 36.474136249360356, 67.46963792017932, 56.30321511544046, 27.40284318224082, 44.3655361593509, 46.92237074102226, 70.44161009669742, 36.74803357810349, 34.20099133373056, 37.40134126124797, 56.69839539471334], [60.78935593897949, 47.76297699393275, 73.14023980668037, 52.76176722384221, 74.63586559440124, 45.834649812477174, 0.0, 41.840438159556626, 47.17253065487303, 35.001711401833695, 30.02675242002342, 26.970589183552054, 49.62357606726006, 73.21268900614466, 82.4452479635306, 4.4760861904959075, 26.112600114216946, 20.79736728998698, 10.866676812536816, 35.99117809566921, 33.93347700660312, 65.92454290584045, 48.4760836942326, 50.98913976192658, 55.590305325066254, 52.34948444898396, 61.63865132280054, 88.30291896778463, 10.517925303166702, 53.529748603405594, 84.5276663393753, 42.070359106894216, 57.088964077924764, 37.56353123466838, 83.64037031493132, 30.32959390319663, 37.60775138517621, 36.06270165336301, 60.05330790447888, 44.76218863999336, 56.35004624580639, 57.049443946643315, 81.29671574809218, 90.77992612988321, 29.711553750861675, 48.474209009387785, 88.82611903175611, 59.04603051397802, 70.11352158573443, 9.92749707600856, 25.644287458453437, 82.73186732303543, 30.421979330353526, 49.726983191989206, 46.768321808309494, 57.61144255136268, 59.87991841309852, 17.439952565535428, 45.817850712687104, 80.81239491090146, 42.96730958570983, 76.16768916470001, 17.4857603698324, 85.30460136147809, 73.12467346505966, 61.44989137646847, 34.376054226087966, 44.99836976711456, 48.62987245892303, 62.33212397225374, 58.88032158424342, 32.792917130366774, 76.21201514483192, 46.28456518557217, 52.49207997123316, 91.36178491746301, 28.621438595120143, 59.62011938752831, 21.895220308369733, 49.44472943523059, 85.82607263838158, 67.34931998157215, 75.18259974619025, 32.52686942935088, 29.16323220925542, 71.4291878306235, 71.91705467099575, 32.87827538884764, 24.118276895507606, 49.771353619438734, 94.25619778972053, 10.708050439215935, 23.089111013788177, 82.085506881815, 92.22762898218603, 92.49065751314959, 82.3109197891854, 59.57629012750664, 82.95839164402555, 14.50396616354971], [81.5305481778157, 21.531664569179053, 71.55295165736032, 74.39977886392388, 46.67448496046325, 30.04732242797991, 41.840438159556626, 0.0, 47.44814108863166, 6.9376863744948905, 16.273163215749282, 47.0207897883193, 36.535850627319746, 34.785156949485135, 66.00467212993102, 39.862525784865824, 60.5475576513513, 41.261394533297214, 52.63299609125131, 49.841532258014645, 71.96762678548724, 85.56224551229127, 87.5677934063915, 39.5982924195424, 14.535729949081492, 80.71907643992684, 65.34537108159962, 60.12156798627529, 43.70067807090945, 54.85809896085525, 74.26653024097273, 0.3285942342884031, 84.03648273101584, 72.73486424121289, 86.50451402983107, 33.0672139594249, 54.96076201883861, 77.25890355313133, 80.52075004945411, 23.94124290688462, 71.11907956006159, 53.978914840603686, 53.06005682189244, 98.01131637151288, 23.996612997668603, 75.37183032693562, 89.75502386335526, 81.46456726409292, 51.86231227937428, 43.41677083780724, 55.89512479509298, 55.51194052110107, 23.283374275228187, 75.34017563650596, 8.454271774506497, 25.384662612542424, 22.50026958640573, 57.79158490965465, 13.125855860905038, 91.82075240562811, 52.0104652911095, 70.25792794575109, 38.878766091067014, 53.076543938321805, 64.18550751424958, 29.565551863896786, 30.65349076107734, 27.01077620446168, 40.538398093330756, 23.7718303117251, 32.92428707558478, 14.163916123104626, 55.69092041686205, 15.934201310481926, 14.744921832114615, 62.46656220257298, 14.37053805420127, 78.48007406343656, 33.273506687772155, 28.14425573555569, 76.34497990037346, 60.40358204068769, 81.14095697248845, 58.800943304145505, 54.65967715270328, 47.31691640771449, 43.433586861750356, 24.544107426259664, 25.773930167552912, 61.80226752655677, 97.40629704652518, 51.65967456291899, 19.95102396335736, 73.88227988143194, 61.84928923486143, 99.88758679823404, 59.70114978766668, 63.07738106728963, 60.31318138491908, 56.25380847550489], [38.72044429342823, 30.38000461776789, 26.94717873275394, 33.77828160826405, 40.846726344659096, 19.649570683384905, 47.17253065487303, 47.44814108863166, 0.0, 43.79210034998102, 34.00616880310758, 23.416290592752972, 15.312827916052756, 54.84251167727333, 37.42241635651944, 49.88015193102212, 41.05471067485495, 26.920327297735696, 51.64098211140338, 15.591608843186405, 52.707449171179306, 41.46175595383281, 66.13846486480496, 82.06788018223155, 59.12572776349258, 44.97884882499618, 18.07655789447837, 51.319950613213244, 57.01767283523831, 7.665936765538962, 37.46830583675807, 47.76135128086653, 46.046669069051575, 48.3652618854416, 40.21348848380698, 66.21968699194609, 19.500877816444603, 64.66647679018588, 37.68033250112157, 25.619832489201453, 26.17791110908268, 9.877171663887518, 45.88686362654221, 50.81593924243291, 59.245759980005346, 39.55810656356243, 44.38260465533732, 39.939750939330814, 28.417440095167763, 56.41960534208534, 34.40864371990958, 45.913307420786076, 59.22315626439934, 38.19693809353324, 55.88033996491164, 37.74744606168529, 45.595461701812084, 49.60797188581138, 37.59830824682901, 44.42042038528571, 9.985065691320907, 29.04794506614605, 29.75589706753762, 53.60773948914332, 26.160866657297344, 38.58562342177367, 67.3011834437925, 70.67618756033787, 9.71017710130179, 48.71851570571549, 30.60410076254201, 53.07860702166664, 34.81850942986343, 62.611091812663496, 43.644821301045575, 54.56918187771361, 38.54960969418502, 34.86255476393131, 60.165184000022464, 73.34939068848436, 38.682295536160225, 20.272882514146154, 33.883547182360616, 30.36561932292058, 28.678245912776013, 34.655967381698595, 39.69325195056234, 23.934836770937242, 56.0148226054973, 17.25718113651634, 51.28848599366579, 56.017944141633144, 37.45088734160502, 34.91421426987689, 56.891923221717256, 52.689473980496366, 41.367202638011975, 15.768164796048172, 41.92676475126411, 53.564444385128226], [76.14962573731698, 21.835307847924973, 69.0722116999443, 68.8192894475603, 49.04191071711379, 28.245855349937187, 35.001711401833695, 6.9376863744948905, 43.79210034998102, 0.0, 10.51030854281374, 40.8902898045381, 34.706501924519124, 40.114890649240884, 66.16597441438562, 33.190922820846154, 53.78082522931203, 34.829023559290064, 45.76015591108828, 44.44329911406066, 65.09569719613401, 80.35883279099755, 80.6773903431468, 39.76117299541833, 21.351354228491566, 74.56030119995337, 61.860290970095136, 62.83963894832356, 37.39958250970135, 51.385058060250934, 73.38402527240568, 7.203151034765245, 78.04024493172453, 66.00809782370033, 83.59912977537365, 29.615366453672195, 49.38208232923704, 70.32591206038656, 75.15669165422878, 22.768170915304335, 66.2608780479613, 51.199336357933966, 55.65645904328854, 94.60569229113112, 20.56843272376971, 69.29010383305405, 87.20529674289993, 75.89967068891238, 52.01594349271797, 37.07861137993446, 49.293255817468086, 57.90126554299788, 20.041648182455706, 69.37658124276668, 13.960654321566507, 28.197462821248802, 27.166928901922166, 50.85437726975503, 14.887802926973455, 87.79786941928766, 47.29469993586022, 68.49038414804667, 32.259250568661216, 56.738740427700314, 62.81536601611826, 32.48075507989649, 28.170173054508783, 27.56106035766078, 37.952480580315274, 28.968882459184, 34.165640147235976, 11.208422754316091, 56.478865509922066, 18.932629499202665, 19.243246921428383, 65.40112974176479, 7.634320061079208, 73.26844882433382, 28.329225337443756, 29.736134663047828, 75.35799167889117, 58.550685052926696, 77.67478426308841, 52.51921175544696, 48.34613917552132, 48.70657727600293, 45.847711090660304, 20.024522019477374, 21.001758081452373, 57.05374937429944, 94.61092889569741, 44.96345229037974, 13.066800779802069, 72.609918214363, 65.15077218187314, 96.47981878898865, 61.07101800175737, 59.556968416195424, 61.705066926811405, 49.37410636874297], [65.65085454059817, 18.624836446484725, 60.04144106932835, 58.35844258392645, 46.609783354157535, 21.047515791320876, 30.02675242002342, 16.273163215749282, 34.00616880310758, 10.51030854281374, 0.0, 30.748237395971216, 27.050893269228105, 43.23684518932782, 60.1227195319058, 29.514135220912987, 44.95552606152062, 25.14217208364335, 40.09753906036604, 33.938423483380575, 56.80072980244794, 69.84862509198082, 72.47174707404051, 48.24907554756028, 30.60555225331654, 64.44591368759646, 52.059131231355686, 60.56175454525301, 35.241200118823805, 41.66420507900962, 65.96567336958671, 16.59622304107471, 67.78602713485292, 56.9792785921423, 74.13191748171297, 34.511972022143986, 38.91196035300516, 63.398308744839426, 64.65575103517749, 17.13579860649862, 55.78743447010463, 42.06966666405552, 53.36763471308319, 84.74804932674475, 26.337888208416768, 59.10321738346436, 78.01378572335759, 65.43669227550241, 46.26649401915334, 34.789479915631425, 39.93519584116379, 55.22465531749845, 26.12606958640312, 59.09710500525694, 24.24957071483396, 27.842337716518983, 29.92129934649298, 43.90073777458414, 15.831308585170298, 77.59911982217729, 36.88314072887859, 60.15689237587261, 23.06510939478425, 56.180549878817864, 54.97329257827287, 31.86251431959869, 34.47832728947406, 36.67315280507665, 29.28343625838406, 32.49280275164592, 30.821101092182236, 19.117467182190744, 51.477210084237306, 29.3136317708494, 22.806852904727677, 63.41700413541087, 4.724427304389093, 62.758205653251714, 30.64769892327029, 39.39892266337347, 67.80046093249592, 50.2433784064797, 67.82115057539693, 42.551408746983604, 38.42564153365045, 44.80392445393674, 43.61691705806887, 10.086850627294707, 24.498003757453155, 46.61502467215558, 85.19225061058877, 40.65571272427658, 7.396151185906307, 64.76236069103655, 63.777921009153594, 86.6169288695803, 56.785147666671335, 49.743591120286105, 57.436927492826875, 43.56001140806704], [36.748784174829254, 39.79994126648489, 47.10652791323923, 28.89823412693901, 60.30858566136692, 32.14437998476629, 26.970589183552054, 47.0207897883193, 23.416290592752972, 40.8902898045381, 30.748237395971216, 0.0, 32.47266380016125, 67.69494630113317, 60.80509703283741, 30.71262890807802, 18.67863524374005, 7.256256775793876, 28.950961819042103, 9.273265128461315, 31.094118355689442, 41.51901336288161, 45.97442552762363, 72.01059459713144, 61.28029564501303, 33.70088540513173, 35.083670996958666, 72.47947808554463, 37.47326836543004, 28.176101299113952, 60.31075059537536, 47.34334774849356, 37.17358303039287, 28.64303586350816, 56.748380048472974, 52.91334140350439, 10.88649229085424, 41.922190842961854, 35.84735600445982, 34.9648749404518, 29.929251837678674, 32.797676104883784, 66.26004739692686, 63.89759185299819, 48.44183814777977, 28.39981420117108, 62.03447551849156, 35.881224130263476, 50.78220822569859, 36.87742897231509, 12.033771472198035, 66.86951414861875, 48.77101429873998, 28.55010112073411, 54.841501286303604, 49.84633921989204, 55.59413968195022, 26.208689878381193, 43.037513529266235, 54.24073940346775, 16.61504935049039, 51.07955481074145, 11.062233120513183, 72.64812712872308, 49.25336769367318, 52.41111865355394, 55.54314092258244, 62.74562508923024, 28.891250786694187, 58.68265027539488, 46.50336445282035, 45.97446572145193, 57.23810684458652, 58.659957070987325, 50.4740510375492, 75.7272988915577, 33.42833881328821, 34.65335097739344, 45.25322515176629, 66.4736605992918, 61.28436408323316, 43.29325678580594, 48.21502033963646, 11.95579132885237, 8.066608647529087, 55.184309964312384, 58.36570967598877, 24.621170973049345, 43.693643191533496, 22.813044387873468, 67.29969067749765, 34.01929556689421, 29.10646873643965, 57.34562528505522, 77.53675839093663, 65.63067110349753, 63.7648379472931, 33.1515682967861, 64.36391002077613, 30.480697775875228], [54.03307007240819, 16.466236158330936, 35.11642387148556, 48.91701851089823, 27.84901421231426, 6.511236891984911, 49.62357606726006, 36.535850627319746, 15.312827916052756, 34.706501924519124, 27.050893269228105, 32.47266380016125, 0.0, 39.535137397017046, 33.60599162582789, 51.120060461838584, 51.15123949453192, 32.71019963533074, 56.74543722977991, 27.684918337705998, 63.52839111629287, 56.713202498571476, 78.06791629156764, 74.43362270559854, 46.20867651297822, 59.54934574618236, 30.62700219639394, 40.21468821907719, 58.00250664671384, 20.797133478616125, 38.94746902177584, 36.81345071087546, 60.99880366955962, 60.384015384126954, 50.3433430303471, 61.53000223271169, 32.720910240346484, 74.18310028224337, 52.99272363428127, 12.66383763132709, 41.433005415850175, 18.13988270779114, 33.81867431846074, 62.45611004994977, 53.357615744559176, 54.017179435177276, 53.30502569609962, 55.210854940911574, 20.527496376203604, 57.446097623052644, 44.48948749456669, 34.57234883070488, 53.107296682579694, 52.876860777245525, 44.60184916791367, 22.550508978039744, 30.612226478475957, 56.848980424774, 24.732900533792062, 57.76234803596534, 24.450872416776228, 33.83306906979921, 34.050175492037226, 40.313200376612095, 28.136274614677216, 23.275694648658966, 61.47908900846873, 62.25851906774767, 5.632610540558948, 33.681898175052424, 15.455743493110324, 45.41272293130204, 26.593078619990834, 52.41266876723798, 29.669004951475053, 43.438608792005915, 31.72547658454855, 50.168273520953505, 57.06591821871521, 64.19656839549026, 40.82816034349114, 23.919780005356, 45.92195240437008, 42.35721916081872, 39.63354255195261, 22.872080060401025, 26.038100697659033, 18.231480942799816, 51.42299601513945, 32.56721146453717, 61.095306029137525, 59.80652382024217, 32.947116018529144, 37.94150142917432, 45.10231448616502, 64.31935535215099, 32.77955580164289, 28.56756598509784, 33.42065327591968, 59.39680663311253], [93.55983262157848, 27.93218620490429, 68.16485541331367, 88.35601275322287, 24.403879129676945, 36.566326091116935, 73.21268900614466, 34.785156949485135, 54.84251167727333, 40.114890649240884, 43.23684518932782, 67.69494630113317, 39.535137397017046, 0.0, 50.14475392837961, 72.30626190452055, 85.27551158365446, 64.77130240161775, 83.31611625516004, 65.69613100805272, 97.72952475354958, 96.11255704350046, 113.1979343556334, 69.23207330411209, 29.356160708431783, 98.40744507210947, 68.1952245058915, 32.9386991627095, 77.24045944869525, 59.580193822941844, 62.32268700296479, 34.730947593180666, 100.23827574525814, 96.28145476792845, 83.58599199899486, 67.51344174536159, 71.07486172718389, 105.90322767349188, 92.52074735855543, 32.73794793924822, 80.86612803127693, 55.40778467358985, 27.744476551353138, 96.85428662227193, 58.58455753696787, 92.8184703312204, 84.62478166118804, 94.73467495996329, 39.28679303875105, 76.87450172050386, 79.19786672873484, 30.690470907672136, 57.81389127290106, 91.9016688215177, 36.28230086959069, 17.91284918722589, 13.334112677290888, 86.6285978419663, 27.407420878296538, 94.66314492841774, 63.74971163424764, 63.382032141439254, 64.09752731633625, 22.67080046416214, 56.32379151802533, 16.26059469167246, 64.49753823562168, 57.390543519633994, 45.13599914879318, 11.14660297943926, 24.46587264518146, 48.854040864382654, 38.85160389146349, 44.65121688098758, 20.99262801118521, 34.019701008711976, 44.87066092634261, 89.66769974580856, 68.03296237867185, 56.36263502808703, 64.64795091676072, 55.73281193788315, 81.82920933781628, 79.1681888359443, 75.68331902685988, 29.96468668244129, 22.224453555230554, 43.87732892521544, 60.54276921633501, 72.09960771435809, 92.9441101929539, 83.75884530426843, 50.17030977062209, 63.95367408360642, 31.927004462347366, 98.60501164334156, 39.048997682486345, 66.48486418589769, 39.43248041358106, 86.7458508610373], [64.75985679716469, 44.596538800735324, 26.681369631802152, 63.62855758508472, 25.77750854591957, 39.10432118186907, 82.4452479635306, 66.00467212993102, 37.42241635651944, 66.16597441438562, 60.1227195319058, 60.80509703283741, 33.60599162582789, 50.14475392837961, 0.0, 84.33584976738685, 78.31114508647866, 63.532546041150475, 88.36504494045862, 52.80953223113313, 89.5527747046217, 64.72681131867532, 101.9597150524056, 105.49503627518354, 71.10886020219692, 76.68602351677228, 35.26681838328646, 24.470275636347807, 91.33125825680922, 34.56603805073867, 13.0687659670093, 66.21008630129813, 75.90205487177958, 84.47761205563424, 38.80431655752531, 94.56047939898126, 55.84212516030389, 101.9064286623057, 63.92880096207876, 43.56004242809437, 52.46862074636031, 28.833394718651423, 24.48024139633152, 51.983181376520406, 86.0321208244152, 72.05446052195563, 37.73225346683251, 67.39394464274245, 14.171193252942585, 90.76189378844117, 71.73336719065432, 22.103896484297675, 85.67837717281758, 70.04161000226607, 72.8320393108717, 42.7224513141954, 50.130461148848404, 86.93207679663757, 52.88944138547516, 54.08637592810236, 46.08817733881082, 19.238542880464255, 65.76671452259727, 33.631737746422864, 14.586334695572893, 39.7032730512845, 94.02497703411392, 92.95775357780303, 33.81537551633146, 51.95757857195056, 33.44913785894599, 77.32854863054067, 11.432968930913574, 81.60387779329561, 54.147763251759436, 26.77088603255805, 64.64380248502171, 60.66692961277597, 90.54548826235593, 94.07990994850788, 15.278032365154889, 19.49867057303478, 41.301173312062296, 67.04225047242768, 65.87122082190892, 20.70270253786459, 28.001551139346716, 51.8247941460212, 84.62014684868808, 47.939946691079825, 45.7661804795945, 92.16633012631394, 66.4383198470847, 16.1075862344806, 30.44500418761293, 53.44560775729578, 12.457135056097169, 35.22736726242204, 12.422230646804955, 90.56755604923056], [65.11657446619118, 47.79831786508411, 76.2143108367349, 57.07967516373875, 75.20204172643777, 46.87618096249894, 4.4760861904959075, 39.862525784865824, 49.88015193102212, 33.190922820846154, 29.514135220912987, 30.71262890807802, 51.120060461838584, 72.30626190452055, 84.33584976738685, 0.0, 30.571972878870817, 24.168646761535165, 14.000496528984009, 39.535924917404685, 38.057312981636464, 70.23428441466234, 52.303772098233125, 46.614788483434324, 53.175623057585305, 56.82419034195703, 64.96494032203928, 89.003764080719, 7.1384091067711255, 56.50953572676718, 87.01118642536598, 40.06838611306211, 61.55701767412116, 41.92702187758053, 87.14520967757564, 25.924057647691804, 41.48518454562193, 39.29362799047497, 64.36675148251041, 45.20720948224518, 60.35900678899279, 59.729984702625494, 81.91691144948109, 94.60893783703973, 25.797011450685012, 52.92727484671186, 92.2352750909847, 63.42254586806237, 71.64652700734398, 6.5420380078022475, 30.067879042943314, 83.48818337108648, 26.55099214481196, 54.15715121696136, 44.15925551140802, 57.34533970544508, 58.990527225778166, 21.343944052354722, 45.05502888180411, 84.79968272877176, 46.3233442322436, 78.92800639449312, 20.605303687970714, 85.46356280574877, 75.58363888687846, 61.315903126549415, 30.07108719611228, 40.984617502606184, 50.587305617711785, 61.29116274418646, 59.358070914796606, 29.7405466589763, 77.61315949517545, 43.005001769843176, 51.398920383716494, 92.0037631228787, 27.44078637172284, 63.86533562860748, 17.485074918405857, 45.476432197268096, 88.39089606545247, 69.89331320279194, 78.82617335861083, 36.8647808079445, 33.40694860005004, 72.37632735074145, 72.38139100655656, 33.708146663144056, 20.221005085666807, 53.51478643813981, 97.85127812579046, 11.800782695493023, 22.242043631673837, 84.72087238034989, 92.69031994159374, 96.33813074950532, 83.57469518485458, 62.8536635726831, 84.22614492117951, 17.536445033152443], [37.51794407304083, 57.3826359555625, 61.20204046818227, 29.963264291007373, 78.98362261687427, 50.575548253324875, 26.112600114216946, 60.5475576513513, 41.05471067485495, 53.78082522931203, 44.95552606152062, 18.67863524374005, 51.15123949453192, 85.27551158365446, 78.31114508647866, 30.571972878870817, 0.0, 20.544311894866542, 20.520320406270013, 25.51235978900285, 12.53843811578467, 42.72680739888629, 27.933583245008933, 76.99625692169172, 75.08123219970608, 26.60541030139628, 48.560242697161755, 91.10937131956723, 35.04464872607098, 44.26402041116713, 76.2674230215145, 60.845757623002264, 31.55369138555901, 12.307157511569274, 67.64824345616493, 56.40716106735822, 22.968335480013167, 23.613885809296892, 36.99282124891342, 52.796262511145855, 37.18203091261832, 49.625224733145934, 84.93289412131693, 71.76575378914089, 54.85026801708694, 23.458429703189925, 73.41095598432715, 35.13020097527552, 69.11307167487526, 34.573904599427046, 6.716585399942399, 85.51082779890605, 55.44608789807702, 25.180671893241197, 67.40517843574749, 67.63655373371226, 72.67661264636016, 13.303251496964878, 59.31529877129097, 60.63760583677572, 32.370416558348396, 66.41422991426799, 21.90850061084136, 91.28854096190928, 65.76106229917809, 70.49114855913604, 60.28573155664598, 70.14503911703895, 47.46052665531127, 75.65765910804897, 64.98922394247914, 55.61976140466429, 75.57024868393667, 69.20543417742024, 66.77442370801054, 94.36108040611835, 46.18837869515042, 37.46182814089637, 47.98649555168673, 74.41679243660857, 76.92315794038532, 59.84599094177054, 58.39096609636983, 12.227032008108301, 12.444694085551387, 73.83721884194827, 77.01332189535474, 41.442892027965435, 49.36132471852493, 34.17134273120667, 77.13700422469302, 26.792876861747647, 40.772842027588844, 72.88171920375547, 96.2067810956506, 73.26854367023124, 82.1200810373027, 47.119783821033174, 82.70581286581526, 19.680853374741453], [43.94707895089367, 36.92969137504516, 52.37869275349588, 36.047166236888124, 60.03270397516525, 30.931170366163187, 20.79736728998698, 41.261394533297214, 26.920327297735696, 34.829023559290064, 25.14217208364335, 7.256256775793876, 32.71019963533074, 64.77130240161775, 63.532546041150475, 24.168646761535165, 20.544311894866542, 0.0, 24.8509823566608, 15.401557370703499, 32.95839789972636, 48.753365004291574, 48.475061031578456, 64.77478337073849, 55.715829160084425, 39.93789697426731, 40.85452821134933, 72.87964936583678, 31.139216822530567, 32.8608447703455, 64.38217058213502, 41.576103516309274, 43.732491795502085, 32.107130272013045, 62.97656687592482, 45.671746247988445, 18.033445891046604, 42.01927256443851, 43.05743108267074, 32.47593833151452, 37.06961194921967, 36.74117307899599, 66.31209159388578, 70.68372330833817, 41.226575508329766, 34.850587212587065, 68.08601683080013, 42.979650866996316, 52.361137394461025, 30.53697691041343, 14.900460952363941, 67.23119717126143, 41.57171973003469, 35.24041435575195, 48.76980329447433, 47.22662706742924, 52.13231564267666, 24.13887472838157, 38.84612701316333, 61.269056675124354, 22.187112464306985, 55.661984522696685, 3.83737875748897, 71.94049209563815, 53.077145545841375, 50.23699339357781, 48.28871811151334, 55.64991545466359, 30.229058473445907, 55.11682520472353, 45.28676240001202, 39.10223696982201, 58.73586498558655, 52.04637426816106, 46.318176910995064, 76.08572012183286, 27.231171161511277, 41.90538663016395, 38.07144362516131, 59.449596322472594, 65.5507772530368, 47.19165449420675, 54.70387339806349, 17.79845304548677, 13.599806556004276, 55.55087268120466, 57.78690287278229, 20.90768169261847, 36.44235542121351, 29.555811511646894, 73.69730091681383, 29.10374552081841, 22.486281568958894, 61.721942506633425, 77.57192212042077, 72.44238354642579, 65.1464886086602, 38.781072456322704, 65.7708105338619, 27.075730083618765], [57.760282918757454, 57.07041858464926, 76.0315930196048, 49.981299033387344, 83.02044948337736, 53.80355150648009, 10.866676812536816, 52.63299609125131, 51.64098211140338, 45.76015591108828, 40.09753906036604, 28.950961819042103, 56.74543722977991, 83.31611625516004, 88.36504494045862, 14.000496528984009, 20.520320406270013, 24.8509823566608, 0.0, 38.17879518701114, 25.01196691444359, 62.97799331523334, 38.520676576787004, 59.533915540635306, 66.45193082595276, 46.9610959729006, 63.853594497396536, 96.40385987209162, 15.686574018377494, 57.054406934539415, 89.0073497279162, 52.86902652316558, 51.98339242466778, 30.040630767836806, 84.8839655464686, 38.87899717057924, 38.24673980752128, 25.320910490171265, 57.16717817303398, 53.60657178798781, 55.67183286797162, 61.363895331064185, 89.55990678562556, 90.55749876090309, 39.72476807788535, 43.97719667454756, 90.38574747258954, 55.527059979237194, 76.88610640319973, 15.349218154852675, 22.8614983845765, 90.77523010294988, 40.499396355523004, 45.654870321462745, 57.63239247791816, 67.16895850034899, 70.0145585425024, 8.237300212536207, 55.92386747118093, 79.87838545681113, 45.558623603832736, 79.97367959909963, 22.759611851887865, 94.20468818541185, 77.78543593383428, 70.83633346499786, 43.39756467597789, 54.794197875073, 54.86085253595753, 72.57784791074347, 67.51467476351317, 43.549757883071045, 83.18162305775935, 56.94188478042467, 62.813273536799514, 99.53995892076688, 39.1482485187933, 57.322168380216894, 30.59060793050406, 59.3218