instance_id,num_cities,city_coordinates,distance_matrix,best_route,total_distance
18,82,"[[26.321368630831365, 82.64715762585466], [57.682469621497376, 24.080368819825225], [31.143841709828003, 36.2845315516071], [47.97359180216518, 45.15356853294416], [41.91084368909714, 44.930585690787815], [54.38234543849105, 41.73878708413954], [21.809409564003545, 37.634854192049325], [44.97585935526811, 89.77237897446584], [44.653279829291606, 76.0166846049408], [28.422807527352035, 86.29048471485949], [56.009923208174705, 29.038706942317948], [59.12297460007861, 95.93763452855403], [61.336860558437664, 12.158381653392446], [48.54835296747214, 38.834250321738054], [21.283087643536625, 18.38583449709803], [20.265083150541873, 56.85005757426822], [16.010286534981987, 82.02680861644623], [2.3742348424210635, 61.32176435726171], [41.45705957538519, 93.87718064574102], [17.21146953492382, 81.64285288282203], [30.175665903476922, 69.4396325402063], [40.59340715414006, 1.3624084652290036], [90.88402874654622, 23.498402655816907], [83.59158441576523, 91.07106270103165], [59.65873251544139, 17.186098991746015], [67.42443785363588, 18.478833513021385], [74.90497506458831, 25.235027388961086], [12.139603510253938, 0.2541020153103535], [80.47587982326964, 40.172537673688794], [40.31938789869507, 68.23762482310659], [99.41040016734705, 65.96771194036924], [74.19517991021647, 61.352341823519815], [4.971994311182371, 86.93425427405455], [36.343906975999786, 55.658729209274185], [58.38557138341244, 33.4216200594723], [83.13040949706725, 64.20807998639049], [4.113412517581139, 20.905534545609783], [91.86350533108023, 34.572468688716086], [33.02658177320039, 19.647714826757667], [75.43831897505112, 73.84016901203424], [16.5316567283736, 99.74854802548346], [14.269753055493418, 10.313468733295272], [71.83805380086716, 39.161381356344414], [31.395929406923884, 13.881892070813773], [99.6153065120123, 92.60453433294931], [19.448505308160712, 65.32244222108524], [57.08517133767212, 39.75798358060183], [59.788657719179504, 83.36699596881549], [11.86694514258777, 39.78994256488328], [53.252990434515254, 48.20339548270465], [12.183370138679816, 18.344137583324414], [26.71462319210508, 8.320586607346314], [55.90191858546666, 13.476896510405744], [32.83673267397881, 79.50492727548483], [39.343559820961715, 39.01063922270496], [72.27345544091473, 89.62783989585924], [65.99304878635398, 49.291667729216684], [50.09205396619771, 22.812936135715066], [20.606769705419524, 25.563198857258783], [80.85246257801958, 97.7410483835308], [52.34012422688824, 96.11332099474893], [94.90281140844806, 32.17847544944705], [48.3222224052068, 96.65335724296055], [50.294094305520645, 34.25694633724407], [96.52463030289819, 68.77640966559586], [30.245942556407947, 83.4726632514914], [79.04121415511166, 81.396409061175], [9.094199101092693, 71.12063378076554], [60.860520941889405, 4.646316870186428], [7.755582950858219, 95.39120200860029], [73.92527500375782, 38.84027219937071], [42.93117159199484, 30.02718686182292], [5.404699036293936, 25.770815776145884], [94.78637494402678, 0.966452616131519], [38.95540019355981, 30.894215436972782], [54.2876355390156, 10.781113171464607], [30.500982587615045, 12.081648325951688], [81.18004082781542, 38.66807252680078], [27.592049891725402, 24.94790825168527], [19.89921893148694, 15.629444275108673], [55.51876092373388, 22.849348966235127], [16.438083191024468, 20.908359725030913]]","[[0.0, 66.43483578964283, 46.61275944522215, 43.296512461505046, 40.81141422599029, 49.60759215864322, 45.237873900501704, 19.96894597756229, 19.494156577531083, 4.205933631583647, 61.28030888940658, 35.39183705973655, 78.70674820514583, 49.12850169850887, 64.45852872634782, 26.49847099155584, 10.329726370084526, 32.066144369726956, 18.846818230041542, 9.165090809942638, 13.75842746660946, 82.52818627424597, 87.56090620661075, 57.88643876391499, 73.4610783222865, 76.203911441502, 75.20983654049661, 83.60465342776963, 68.82444640222577, 20.089280201564122, 74.9680627955721, 52.39628790734655, 21.775559269775247, 28.789347739698094, 58.74748204696051, 59.72659967163581, 65.61418547319684, 81.2831310890319, 63.35526557659823, 49.90027915313212, 19.705228055864747, 73.33078471407012, 62.95062641967955, 68.95225097069384, 73.96722707400488, 18.638186985551098, 52.78155745399535, 33.47502959166822, 45.22909728437922, 43.72282016922691, 65.83890482043368, 74.32761134678907, 75.22987410861498, 7.233504004942826, 45.53815105755537, 46.47928793727583, 51.83079116323428, 64.38306875758629, 57.3692861169901, 56.58149649206645, 29.296982756678048, 85.14988064632126, 26.080858776421973, 54.00281589723153, 71.56043319023236, 4.010453844052251, 52.734680088875336, 20.727665617665792, 85.30582747361156, 22.518860209701696, 64.69292938746429, 55.17922505450969, 60.60053901684358, 106.5795227065279, 53.27274893164204, 77.11575993466036, 70.68918075336872, 70.31097952216264, 57.71323946209721, 67.32471989933228, 66.54521498348406, 62.52486303322429], [66.43483578964283, 0.0, 29.210278318048434, 23.20219934962453, 26.143368721680314, 17.964146381632847, 38.34840950540708, 66.9096266811828, 53.54568781865226, 68.7475551968007, 5.232831780373147, 71.87170298335896, 12.469496826920452, 17.352495682806744, 36.84213253233602, 49.738449024672164, 71.37479056571362, 66.6777502316419, 71.65792958372978, 70.3657688049395, 53.04796938655412, 28.427834576102455, 33.20665916574814, 71.82642477603947, 7.171929411834958, 11.237577266891908, 17.261168272992876, 51.39886811464406, 27.9015671073779, 47.448286214067195, 59.125034472188176, 40.766034546756046, 82.03051337235864, 38.1120335414124, 9.367674567885892, 47.516637584933406, 53.663054811214124, 35.75510259863, 25.051172168384788, 52.83282976932675, 86.13398136661564, 45.543292564687206, 20.683749722568997, 28.19558696768905, 80.33631849267525, 56.238284518185836, 15.688988808306963, 59.32402706329204, 48.43400655044948, 24.52632669695769, 45.859267357274, 34.747348788924775, 10.75192945515063, 60.73872178824739, 23.64801444044065, 67.15182671860799, 26.545721289014388, 7.695504884604318, 37.10534070975458, 77.21880786047011, 72.23078881855125, 38.0911167297856, 73.17412709841238, 12.575802947635944, 59.215281082559734, 65.42329596750005, 61.166366877559646, 67.62844490123588, 19.69219097450319, 87.0513006376134, 21.947288544590354, 15.904887248259092, 52.30509447722369, 43.714447411063084, 19.928161859057823, 13.72570942603812, 29.71199304764347, 27.657493596464867, 30.102923183300362, 38.71682009624069, 2.4893865125187755, 41.36618248912553], [46.61275944522215, 29.210278318048434, 0.0, 19.023677487458826, 13.808786470911537, 23.870001235049134, 9.431595555275463, 55.24739391206415, 41.966044661811424, 50.079929899986816, 25.900269947454227, 65.88872871795705, 38.64827934208225, 17.590283622620177, 20.43521047126683, 23.26560225698, 48.18070571615381, 38.138606501413975, 58.50876594513417, 47.44985045714887, 33.16923402727617, 36.178017744847196, 61.09316687913499, 75.84411453985773, 34.31980658307411, 40.41441004383687, 45.13455809835128, 40.73515584990679, 49.485013650916606, 33.2444103193481, 74.44067571983517, 49.81779634500948, 57.01192864759798, 20.059915594308936, 27.39175236855883, 59.011251363506226, 31.099158368475923, 60.74379564634163, 16.743009911078037, 58.07259785181308, 65.12447571327304, 30.97145414453513, 40.79577383148277, 22.404057755536765, 88.65824386624833, 31.3046506065274, 26.172838055094267, 55.11155903989012, 19.593025484495143, 25.117200774337054, 26.10282011464494, 28.3125448083246, 33.662302160616846, 43.25353726974352, 8.641009208215948, 67.35839718088872, 37.197484127363616, 23.249056556383582, 15.032526772601841, 79.0433453854917, 63.47256445721122, 63.89104721119882, 62.765371652435704, 19.25729150946042, 73.00938063308055, 47.19667357150647, 65.79695874127069, 41.227912361570446, 43.405732948642765, 63.565785925198135, 42.85770461587505, 13.345242909658618, 27.803627190992987, 72.78556681209936, 9.490835250938076, 34.43921517515363, 24.211419295153362, 50.09293852186465, 11.879993811592293, 23.51752903319041, 27.832369963528443, 21.276418722467326], [43.296512461505046, 23.20219934962453, 19.023677487458826, 0.0, 6.066847289194462, 7.261739152174242, 27.223069215863784, 44.719398978962396, 31.04120495842172, 45.54644924380174, 18.00753693741193, 51.99355821465642, 35.59858577343923, 6.345402512971592, 37.80072218431235, 30.076058711056167, 48.798449953443445, 48.38090440820267, 49.15745690717683, 47.726051992082354, 30.10945152705429, 44.4087021372523, 48.06507888190342, 58.11245708536867, 30.31042503870428, 33.01328369764371, 33.496980247957744, 57.44594685852912, 32.88174866134227, 24.319960777174053, 55.488501697029996, 30.821614802403907, 59.956343182134816, 15.671884698129075, 15.685915140166625, 39.98845129736955, 50.11668862890662, 45.147360758843526, 29.56284292972111, 39.71438386438835, 63.00164336725917, 48.47454280662323, 24.60526069048847, 35.39401982316726, 70.13173927350225, 34.93514026504868, 10.589297361478328, 39.998272700455416, 36.5028549092373, 6.097006998744972, 44.71784380494935, 42.52778272958677, 32.65378869298758, 37.53851824093866, 10.593065302696408, 50.67982030477249, 18.488501696006136, 22.440849757719953, 33.65598811066078, 62.01986117794192, 51.1464854744153, 48.68988286471985, 51.50096873335208, 11.140965269845472, 53.99298067969724, 42.2211151893172, 47.73615661341068, 46.75356301276751, 42.507768465567125, 64.35299568161665, 26.708567381859655, 15.94469893213312, 46.77394291422754, 64.3734252508968, 16.87177911795638, 34.94757267519111, 37.40379631724645, 33.83385752968185, 28.699755365658717, 40.74118708719696, 23.545865614859864, 39.778366652021354], [40.81141422599029, 26.143368721680314, 13.808786470911537, 6.066847289194462, 0.0, 12.873458518616403, 21.38446520227154, 44.94642083559029, 31.206834214376, 43.503659234390256, 21.24466647046596, 53.832856896462694, 38.09707979460599, 9.012315704215055, 33.61737847319529, 24.710579905650867, 45.24343727264465, 42.79969833037769, 48.94869842708903, 44.24759480454453, 27.173659582895798, 43.5880913298729, 53.45756564150343, 62.17899779070556, 32.935453541519394, 36.75103645431999, 38.425612838884255, 53.687195264714404, 38.857445013318234, 23.361309994267078, 61.22711552928391, 36.220884027328744, 55.93555906413364, 12.086515118960977, 20.096590320366317, 45.50466340623312, 44.78670434061776, 51.01528195498929, 26.798389297073022, 44.27025645801415, 60.407881317883266, 44.29869837663194, 30.47821556007815, 32.780860236858764, 74.8505872309406, 30.337838721502948, 16.031719563933482, 42.39072858013979, 30.48051921507994, 11.80489630317291, 39.88184933853502, 39.638581587675276, 34.42505976482692, 35.74527362785186, 6.452651597952199, 54.0345512229387, 24.473897092458532, 23.582252297843514, 28.79165228085327, 65.61550618193598, 52.234493256193225, 54.50472418401948, 52.118623102300326, 13.572231502125318, 59.592692583363984, 40.26861881329808, 52.04248922778156, 41.98631659208447, 44.518676781722405, 60.93320634326219, 32.58858282934168, 14.938285232402809, 41.228574806721255, 68.76530231517293, 14.344139435933318, 36.323153082355326, 34.774094040737296, 39.7654236120858, 24.58323114333975, 36.647899158498376, 25.937548587915124, 35.01326702468732], [49.60759215864322, 17.964146381632847, 23.870001235049134, 7.261739152174242, 12.873458518616403, 0.0, 32.8304495349402, 48.94596950025903, 35.631853390957104, 51.56308146667499, 12.803946462128758, 54.4057775346572, 30.386932487517363, 6.517039355109574, 40.50828632649695, 37.314046709658186, 55.63757348664639, 55.57280420001017, 53.71661845115952, 54.53447059158067, 36.787228396438984, 42.66599078173688, 40.80544704343463, 57.33108283621129, 25.113238603337706, 26.666863608151417, 26.33538324851495, 59.20665791003222, 26.14049873099899, 29.99925292873489, 51.13283203924536, 27.879023284875988, 66.9627736360929, 22.784864514238006, 9.230443395758613, 36.48726230677146, 54.41497981568216, 38.160103069022504, 30.72595181940855, 38.390789823249044, 69.26620388257237, 50.956556998451425, 17.64496457117436, 36.11622795586136, 68.06867863164737, 42.14928203267363, 3.3509476810167036, 41.97780350878946, 42.56004296615697, 6.562515102596241, 48.25000664891217, 43.38523916506977, 28.302712968030335, 43.4798203118488, 15.284235787367887, 51.121944371497676, 13.851152958178478, 19.406041199564957, 37.44915447090967, 61.942879913882415, 54.41287168927157, 41.63301239371084, 55.24794210562614, 8.525945008510153, 50.0700030801888, 48.210811692379636, 46.6988949254367, 53.984341377677666, 37.65392548494551, 71.08190070126588, 19.75670733017535, 16.379589806525846, 51.51491002410429, 57.40094823480982, 18.857236642749108, 30.957818786997457, 38.07709772209022, 26.97305629830755, 31.617298231335518, 43.25255825517771, 18.923591428828722, 43.285953165751344], [45.237873900501704, 38.34840950540708, 9.431595555275463, 27.223069215863784, 21.38446520227154, 32.8304495349402, 0.0, 57.052658889558145, 44.66550474965299, 49.10302856437511, 35.264272019484565, 69.22077961615372, 47.02626962805288, 26.765829809849144, 19.25621390566138, 19.277162267599238, 44.76913496510135, 30.63977365505954, 59.57540965778896, 44.247542319071975, 32.88674764875927, 40.84763009614365, 70.50632792345337, 81.68516088757546, 43.02002832546919, 49.474073352810805, 54.52425864304322, 38.61121316943962, 58.721329771509254, 35.76519073411814, 82.61152807451717, 57.50467941233232, 52.095387519832805, 23.154085722737314, 36.81802486955943, 66.83114065993365, 24.351970090728564, 70.12099927064486, 21.19816347982067, 64.7061414846579, 62.33751387910488, 28.342627324440766, 50.05192832810737, 25.614538298231267, 95.26501632119218, 27.78806218092348, 35.33959602362699, 59.44621167006925, 10.173347760980286, 33.17216970553323, 21.55904409513608, 29.72183380555249, 41.78404110095894, 43.297862244965685, 17.588041667114688, 72.45612802699009, 45.695462321450606, 31.93113260204925, 12.131413979888409, 84.25459447056872, 65.96859569083551, 73.29677661518389, 64.70017733455674, 28.684273152708126, 80.9454179516897, 46.60772283969468, 72.04549355315905, 35.81862660376862, 51.11978965610077, 59.441616360751524, 52.12980398109078, 22.45006533118532, 20.245244751100916, 81.67134840450402, 18.42338745983678, 42.14212345485905, 26.990920170678468, 59.37962105630839, 13.942651342320625, 22.088161848943976, 36.8093946415359, 17.56777630095107], [19.96894597756229, 66.9096266811828, 55.24739391206415, 44.719398978962396, 44.94642083559029, 48.94596950025903, 57.052658889558145, 0.0, 13.759476194185659, 16.91529226625291, 61.72786634590996, 15.432149746459977, 79.31970083482226, 51.06325157342691, 75.21559787572944, 41.16432565970169, 29.9832998347135, 51.22827230378046, 5.406602320441893, 28.93009741723583, 25.148882753918446, 88.51852220151045, 80.62133684046131, 38.63755687630303, 74.05642987592319, 74.74428607633112, 71.13945260411364, 95.35062457926165, 60.99504660454647, 22.032438875107857, 59.411963492432164, 40.76109916763751, 40.1044158451474, 35.18880080622408, 57.924333461624585, 45.9271496968272, 80.07734900176864, 72.42569599740075, 71.13546061256773, 34.377270984967886, 30.14293635355246, 85.18558200075564, 57.29791069781397, 77.09591753053674, 54.71279822463138, 35.34749229988857, 51.459451836382385, 16.138399140527238, 59.9536833712541, 42.3850361264604, 78.5960623520748, 83.47375171886767, 77.07385688237943, 15.89902390007946, 51.07325151847735, 27.297978745693865, 45.611514275491764, 67.15461586944592, 68.67802662923779, 36.750923130633176, 9.718021547823923, 76.22177027968912, 7.651536289758514, 55.76958744588305, 55.660637019623124, 16.020513945926776, 35.079983888644776, 40.439845961214964, 86.59543246097405, 37.641999786270546, 58.58453863382993, 59.780170028412336, 75.24677282660367, 101.82131417134562, 59.18516765259328, 79.53822507987338, 79.0276640559413, 62.62901000011096, 67.11489280296433, 78.26884859748965, 67.74839274082379, 74.5429930683429], [19.494156577531083, 53.54568781865226, 41.966044661811424, 31.04120495842172, 31.206834214376, 35.631853390957104, 44.66550474965299, 13.759476194185659, 0.0, 19.208831298197, 48.331188006348675, 24.621460407921507, 66.00170241590487, 37.385893248342576, 62.189072729473665, 31.018441756063257, 29.2667499987877, 44.76000811089596, 18.144231665598898, 28.012617188029875, 15.901538254117796, 74.76458728624658, 69.96750734689576, 41.747165938888024, 60.71409567726198, 61.87996401134661, 59.10957430239655, 82.44457573685322, 50.67604502679484, 8.904852068139057, 55.67157335058523, 32.98131000433976, 41.15577417385874, 21.988452085287285, 44.7539423398655, 40.24838693051025, 68.4157854775723, 62.820605097693765, 57.5555458799692, 30.861883535068156, 36.797106234612734, 72.38833659568485, 45.79656442825871, 63.533375350916636, 57.41063608488494, 27.3796909921515, 38.33073605409299, 16.825776089548224, 48.86021470506889, 29.112438480668295, 66.18472418373472, 70.03254304997637, 63.54334716377689, 12.320658407826064, 37.38503071282619, 30.79184387415599, 34.19959453193184, 53.4810164010457, 55.8908657405576, 42.2176362822496, 21.516560389082244, 66.68436102929576, 20.960281419727075, 42.13899059234536, 52.3742167593276, 16.222299000833424, 34.806198620675566, 35.894561369481515, 73.1874583181842, 41.675075999420294, 47.31738941280467, 46.0217292096376, 63.75812441269686, 90.25444336628073, 45.48079876340687, 65.94316181526078, 65.48264183134657, 52.24100968785603, 53.84334206938994, 65.26394353381603, 54.266234974728675, 61.911426993776985], [4.205933631583647, 68.7475551968007, 50.079929899986816, 45.54644924380174, 43.503659234390256, 51.56308146667499, 49.10302856437511, 16.91529226625291, 19.208831298197, 0.0, 63.55167196623213, 32.18023862281309, 81.11044070432047, 51.54737395869183, 68.27896543750411, 30.54974987178235, 13.124389938515527, 36.082753986053355, 15.081434998013645, 12.136497897937126, 16.94177474465899, 85.79569704092754, 88.5677691121474, 55.3755168756499, 75.83600158256232, 78.22753483798307, 76.73565513002612, 87.56370184663116, 69.54413975840272, 21.620230683392002, 73.8393756884864, 52.12505198486123, 23.459647903261974, 31.63934673518597, 60.769104550286805, 58.99622286103322, 69.75771207813757, 81.85032265974515, 66.80159815202948, 48.63608411240301, 17.958812193372047, 77.28399516294601, 64.07835822153659, 72.4696056454162, 71.47194648434134, 22.80782555050141, 54.65166750433912, 31.501799070916714, 49.35987236151413, 45.46607910719051, 69.860041620512, 77.98860753096679, 77.82621776594287, 8.094845579940172, 48.524701136847675, 43.97746311513872, 52.72983488118185, 67.07425299505815, 61.228209959663445, 53.66548366559538, 25.85587265375945, 85.71872877481691, 22.436038855258282, 56.443266218634705, 70.31785754830089, 3.356179246343763, 50.85444981549999, 24.570703715162384, 87.8520084836585, 22.582232550299867, 65.74189846822507, 58.10379775136672, 64.74923665154377, 108.09400322798807, 56.38867047714805, 79.81638001658173, 74.23792972447968, 71.07193403959741, 61.34820164755873, 71.17326884849157, 68.98527665766284, 66.4714667026637], [61.28030888940658, 5.232831780373147, 25.900269947454227, 18.00753693741193, 21.24466647046596, 12.803946462128758, 35.264272019484565, 61.72786634590996, 48.331188006348675, 63.55167196623213, 0.0, 66.97131924306922, 17.700893858603987, 12.313720012857171, 36.324052632760264, 45.28978709067899, 66.39058557517912, 62.60178002680752, 66.45158773200272, 65.36448712844955, 47.954599775740405, 31.680379805760282, 35.311445859501376, 67.88785750004139, 12.401537186605417, 15.54998621974345, 19.274100829900846, 52.470548226616465, 26.880201261272678, 42.22260130928504, 56.985549136862296, 37.07930097176564, 77.18007895134468, 33.09649195817305, 4.985341677862621, 44.41177295334138, 52.529956359143, 36.27811833750243, 24.827901974011468, 48.83270999707685, 80.98404256553701, 45.74796553246306, 18.788247798869186, 28.90636137422114, 77.08465388733441, 51.509676029258095, 10.77307060164586, 54.4595429934122, 45.43337517630412, 19.361972140474407, 45.112532269066605, 35.881124748896795, 15.562185223075126, 55.53229829792652, 19.42182025349988, 62.733926329756194, 22.579752366785495, 8.589609915559963, 35.5733388141872, 73.05589286188544, 67.17493040447175, 39.01941694640403, 68.0502878679741, 7.7395556995976476, 56.74968289510389, 60.2232371970622, 57.1993822855582, 63.02359665179617, 24.870001845704365, 82.04349428924817, 20.42132491900971, 13.116052622225636, 50.71062833529329, 47.87133455604677, 17.155164441933085, 18.338647854104188, 30.630832318141795, 26.949202261777067, 28.710802109259216, 38.52001153474138, 6.208815712014423, 40.39842903154255], [35.39183705973655, 71.87170298335896, 65.88872871795705, 51.99355821465642, 53.832856896462694, 54.4057775346572, 69.22077961615372, 15.432149746459977, 24.621460407921507, 32.18023862281309, 66.97131924306922, 0.0, 83.80849899238673, 58.07425514411725, 86.2910118900156, 55.11600856431093, 45.30137911537897, 66.47313691859372, 17.785669058623796, 44.282220349996585, 39.24399049728291, 96.37332750643519, 79.09618748591502, 24.947873409666606, 78.75335793443355, 77.90237574627646, 72.44259931143694, 106.59632054239552, 59.71342050747955, 33.4793281073311, 50.21227856590441, 37.72683188930447, 54.89434872785667, 46.27392500687473, 62.52036331150344, 39.78846015840873, 93.03691712626062, 69.55304401029818, 80.62985530609166, 27.46795304218588, 42.76147120632891, 96.66079479841659, 58.18261048936502, 86.61370506700565, 40.62928132000545, 50.113406525785415, 56.21659739587608, 12.588251976133991, 73.38729885296569, 48.09380720415317, 90.6866982262665, 93.41867226315043, 82.52362398941864, 31.0000061655239, 60.265313768008454, 14.585906027805812, 47.14916900614272, 73.68024865959073, 80.22505366492834, 21.80419568146928, 6.785125269255735, 73.11242772954827, 10.824440261692313, 62.30936063714053, 46.22354362625645, 31.452479848005282, 24.661376787698526, 55.84587633875636, 91.30785150845968, 51.37029796821563, 58.98488689648225, 67.87018193788411, 88.36874777533062, 101.44655498308047, 68.0982923762817, 85.29369046697339, 88.60612195989937, 61.37032591120425, 77.67715526349166, 89.37509961131765, 73.17709916814019, 86.32144595722046], [78.70674820514583, 12.469496826920452, 38.64827934208225, 35.59858577343923, 38.09707979460599, 30.386932487517363, 47.02626962805288, 79.31970083482226, 66.00170241590487, 81.11044070432047, 17.700893858603987, 83.80849899238673, 0.0, 29.582898702037394, 40.53499591265598, 60.69791426449781, 83.28322399496425, 76.76997740141763, 84.10213193420037, 82.31124999057798, 65.20860185192186, 23.384693631001664, 31.64855801251934, 81.99075535749346, 5.3003825676144904, 8.775346661807712, 18.843895429172314, 50.61701270093603, 33.927790908768515, 59.88836006680228, 65.91690560307082, 50.84665272928403, 93.63989146326722, 50.168994072598274, 21.467077474784745, 56.42809470376031, 57.88813081629456, 37.8717221512591, 29.284159477088025, 63.27316983708166, 98.38467124173444, 47.103251611501854, 28.97304009717432, 29.990495934189685, 89.08884837937522, 67.68346653074673, 27.92516585036504, 71.2254426785412, 56.66370698830753, 36.940384109207, 49.541186873851885, 34.834293319459384, 5.592591141655784, 73.1287528723079, 34.70949457854092, 78.2376256541872, 37.42407011006137, 15.490810389184427, 42.87924235762781, 87.77956235268344, 84.43561514213224, 39.082952959930466, 85.4914130550036, 24.704033023029602, 66.66168491404805, 77.79699185740982, 71.4657160853854, 78.777172150812, 7.5271519672036264, 98.98815936435426, 29.502397552651704, 25.65275006517366, 57.564790065503395, 35.27221694488195, 29.188375008392445, 7.1825094393086495, 30.835973443934016, 33.11367562513548, 36.087175527335155, 41.582765893185545, 12.17156791229507, 45.74344024385015], [49.12850169850887, 17.352495682806744, 17.590283622620177, 6.345402512971592, 9.012315704215055, 6.517039355109574, 26.765829809849144, 51.06325157342691, 37.385893248342576, 51.54737395869183, 12.313720012857171, 58.07425514411725, 29.582898702037394, 0.0, 34.08126175660151, 33.53375407701317, 54.07700860076218, 51.358908400822195, 55.49784338715966, 53.05258444692367, 35.69656917254136, 38.30691967533116, 45.027743306801625, 62.90240566057993, 24.33275548938446, 27.760575896156123, 29.658226392445645, 53.04738335096693, 31.955562648216063, 30.533167182113328, 57.64696509593575, 34.12952061066332, 64.90384745109078, 20.78488854422642, 11.227975441677364, 42.89230543660375, 47.915579743613144, 43.52430593323858, 24.67890851126659, 44.14164264320462, 68.81584485281881, 44.592122559272326, 23.291998188709425, 30.279131696317183, 74.15576300576068, 39.35003740648507, 8.586649580559053, 45.92940110407003, 36.693855448550195, 10.484011386085463, 41.740348539168444, 37.520600064214555, 26.402089303902454, 43.599988258289024, 9.206483037209683, 56.06129885401893, 20.339001722000777, 16.095512449770826, 30.933038682985487, 67.18308087326074, 57.40443768949844, 46.82985326164052, 57.8195491179147, 4.898910550911898, 56.55312628969937, 48.24485605473605, 52.35792146342024, 50.98078867745485, 36.33736745993013, 69.73334116287865, 25.37692275077362, 10.445912760117299, 45.0780234333787, 59.76558189608036, 12.452666256420821, 28.634208010840364, 32.270873728064686, 32.63211099016436, 25.139553191913933, 36.86781665183786, 17.438568129920423, 36.77508638740856], [64.45852872634782, 36.84213253233602, 20.43521047126683, 37.80072218431235, 33.61737847319529, 40.50828632649695, 19.25621390566138, 75.21559787572944, 62.189072729473665, 68.27896543750411, 36.324052632760264, 86.2910118900156, 40.53499591265598, 34.08126175660151, 0.0, 38.477692109559655, 63.85903239472019, 46.91522980025943, 78.14046638484601, 63.38792037189899, 51.82246851256363, 25.742678055402624, 69.78846147897343, 95.73657174284406, 38.39439392173489, 46.141443930895676, 54.057545762510244, 20.306723637423804, 63.074932273748274, 53.36273724344419, 91.47629213746929, 68.16018089668701, 70.46231347049722, 40.20070844139522, 40.03335043617324, 76.97252368303373, 17.35357692999702, 72.41272324254473, 11.811096322519314, 77.51111079751273, 81.50133280163999, 10.693453654851556, 54.65736867495158, 11.070459155364462, 107.908998318875, 46.9724476366809, 41.69601843449078, 75.53297473993501, 23.383746102273797, 43.71683460172972, 9.099813036585733, 11.437254631139163, 34.9651416119415, 62.20152904505254, 27.41465347658007, 87.60959388873468, 54.352103484260546, 29.14713998832246, 7.209158419116944, 99.22580511664543, 83.70245921466193, 74.90060528234923, 82.80652103206526, 33.06857569633299, 90.55661106497169, 65.701050566128, 85.47709450503223, 54.12511486721132, 41.89448139201365, 78.18452537933554, 56.47640137070338, 24.579679076814244, 17.511743866745586, 75.53918260805672, 21.65110215676627, 33.86933669597781, 11.167468400695803, 63.23775913371066, 9.102956476316574, 3.0842794406584826, 34.52541507881706, 5.462343972180849], [26.49847099155584, 49.738449024672164, 23.26560225698, 30.076058711056167, 24.710579905650867, 37.314046709658186, 19.277162267599238, 41.16432565970169, 31.018441756063257, 30.54974987178235, 45.28978709067899, 55.11600856431093, 60.69791426449781, 33.53375407701317, 38.477692109559655, 0.0, 25.53374409050877, 18.441220532742925, 42.66272035092357, 24.980137215902868, 16.022392091249937, 59.09416181352543, 78.09845301214922, 71.981407004728, 55.90249744618468, 60.79766090871131, 63.1270775657844, 57.176267847912804, 62.47783371723757, 23.061912903716724, 79.66876945723632, 54.11770412692064, 33.748147465008756, 16.122897967901192, 44.74442208250231, 63.29446856141879, 39.4066644109014, 74.98416516369495, 39.330270187215426, 57.72997348011359, 43.060642770896365, 46.92119013731814, 54.52211081792282, 44.386472997023155, 87.0335599398434, 8.511645021750414, 40.59381587770501, 47.594757783845, 19.015158325243693, 34.102298929862584, 39.34488479529539, 48.956165281576574, 56.13568508967952, 25.909254966502502, 26.119592630549317, 61.475635842304456, 46.3484206660787, 45.25675445566993, 31.28872445594249, 73.09516861771608, 50.69923189236071, 78.60965235925448, 48.69810805022494, 37.57911901993428, 77.18650404111312, 28.432036288746204, 63.69581577454771, 18.1228583758657, 66.13032672662501, 40.52045667997747, 56.601842363776605, 35.11720317013192, 34.44924217989631, 93.14719659596204, 31.984897877353433, 57.27025152219125, 45.92367694240769, 63.570564328864954, 32.73272938553688, 41.22223692845444, 48.978260303775876, 36.1448692482905], [10.329726370084526, 71.37479056571362, 48.18070571615381, 48.798449953443445, 45.24343727264465, 55.63757348664639, 44.76913496510135, 29.9832998347135, 29.2667499987877, 13.124389938515527, 66.39058557517912, 45.30137911537897, 83.28322399496425, 54.07700860076218, 63.85903239472019, 25.53374409050877, 0.0, 24.79194957112053, 28.070795774300443, 1.261056146542318, 18.949801429768304, 84.32719176595275, 95.03500185224394, 68.18379833360486, 78.16331915383184, 81.74203383549337, 81.81620103616322, 81.8642640714089, 76.86086594724696, 27.947701136189682, 84.93217022979569, 61.748808848909974, 12.080021444532862, 33.29762351673626, 64.4835569788501, 69.44507179373504, 62.26833670035046, 89.4741592847081, 64.6583764539211, 59.989266604205426, 17.72940705608567, 71.73445876278396, 70.38596772144942, 69.86020081272417, 84.27151147744537, 17.054536200163998, 58.938949188673966, 43.79887995920473, 42.43960569740956, 50.30946501170603, 63.79755386389904, 74.47946016267676, 79.31224847018986, 17.014381421798745, 48.93702556908479, 56.774288651185515, 59.74835538476306, 68.3216624900168, 56.650391742457735, 66.71915111460652, 38.96520162535192, 93.32141662254497, 35.468255164376345, 58.79914299903689, 81.5973812369912, 14.308892269705675, 63.03407999053616, 12.914213678719895, 89.43871661225648, 15.708187101062833, 72.24418881157035, 58.555057124699246, 57.2469668772089, 113.03297492292857, 56.044806414712404, 80.87709543632033, 71.43042573128604, 78.27564672284608, 58.24206477540021, 66.51115535502981, 71.1539969304538, 61.11994604768125], [32.066144369726956, 66.6777502316419, 38.138606501413975, 48.38090440820267, 42.79969833037769, 55.57280420001017, 30.63977365505954, 51.22827230378046, 44.76000811089596, 36.082753986053355, 62.60178002680752, 66.47313691859372, 76.76997740141763, 51.358908400822195, 46.91522980025943, 18.441220532742925, 24.79194957112053, 0.0, 50.86572833277605, 25.161283198280376, 28.96237823242949, 71.10435634460315, 96.25274181730634, 86.4943849256437, 72.31507886262071, 77.89124235191412, 81.01210318338134, 61.84352681671119, 80.91450264339306, 38.57024457333784, 97.14732219629809, 71.82095157690914, 25.743892362953858, 34.43847545914565, 62.57545743297181, 80.8077382604084, 40.453632360692126, 93.40157574342994, 51.73289839778708, 74.12874506721852, 40.95180457002061, 52.3769947211511, 72.9129941714035, 55.612950271944605, 102.14909552611007, 17.53670822324751, 58.80716974630934, 61.50128609288015, 23.531487384813435, 52.54273853282682, 44.082825889229944, 58.32306017255576, 71.79376230689279, 35.47662875539761, 43.18005667132456, 75.41309536594869, 64.7462486366033, 61.318187456300855, 40.138514349044534, 86.5170299854689, 60.88548690156211, 97.00963235524334, 57.96153049144474, 55.0346918354222, 94.44505652514218, 35.601887768997614, 79.25160614726292, 11.88174068125973, 81.44170927460384, 34.491817715838444, 74.99979225180921, 51.22709926520291, 35.67987749765248, 110.37557380837397, 47.58169177051117, 72.4524574750201, 56.70716855476606, 81.99722440764144, 44.26054229051087, 48.937850196059266, 65.60843999385321, 42.790595980202575], [18.846818230041542, 71.65792958372978, 58.50876594513417, 49.15745690717683, 48.94869842708903, 53.71661845115952, 59.57540965778896, 5.406602320441893, 18.144231665598898, 15.081434998013645, 66.45158773200272, 17.785669058623796, 84.10213193420037, 55.49784338715966, 78.14046638484601, 42.66272035092357, 28.070795774300443, 50.86572833277605, 0.0, 27.157455923201827, 26.9158615056419, 92.51880331649757, 86.00114925279738, 42.22786380394138, 78.82146219829029, 79.74468938425842, 76.35776485924754, 98.10603489271547, 66.3826559448499, 25.664783646583313, 64.32362030532843, 46.14812741021418, 37.13979286339382, 38.55897249287351, 62.780963020923195, 51.155875787925204, 81.97200198934168, 77.83224674919467, 74.70667006194795, 39.448800052684554, 25.607589929427505, 87.8751590860169, 62.58453085233046, 80.62550796399739, 58.17216959491161, 36.05203943515371, 56.33050122473527, 21.13081807334121, 61.65228459158211, 47.1724351285004, 81.00734218270316, 86.81745339484301, 81.68757335644008, 16.759227393467484, 54.907233120397535, 31.10799175372194, 50.8908904283501, 71.58693998146671, 71.42502849462977, 39.58443193523318, 11.11041942814296, 81.62829541219476, 7.405242546933472, 60.27159796970458, 60.51847692752474, 15.295199476320802, 39.60225163824508, 39.56280024589196, 91.31616156591889, 33.73546779519638, 63.9002840716484, 63.86700801230548, 77.06003916551721, 107.12805076486782, 63.032628107604594, 84.08079512735347, 82.52602456461626, 68.01441655171172, 70.30990745479555, 81.16309962264683, 72.40638312954441, 77.13882294849888], [9.165090809942638, 70.3657688049395, 47.44985045714887, 47.726051992082354, 44.24759480454453, 54.53447059158067, 44.247542319071975, 28.93009741723583, 28.012617188029875, 12.136497897937126, 65.36448712844955, 44.282220349996585, 82.31124999057798, 53.05258444692367, 63.38792037189899, 24.980137215902868, 1.261056146542318, 25.161283198280376, 27.157455923201827, 0.0, 17.804184177120717, 83.61617524567338, 93.85319958845668, 67.04633317318618, 77.1779972318015, 80.69098791268162, 80.68694663480144, 81.54662833462879, 75.645043807754, 26.714715615924096, 83.6801902524109, 60.4884128340536, 13.334304722621209, 32.26801582866407, 63.40815371885082, 68.18561396425798, 62.13357334344629, 88.25274792714025, 63.98058234886398, 58.747322248002966, 18.118453081070236, 71.39001848295118, 69.2007162652175, 69.2296664156841, 83.12972277567536, 16.473012269116822, 57.82952854657005, 42.612083064061785, 42.19277240312253, 49.1649116745871, 63.49810345282261, 73.93554396366987, 78.38079137071027, 15.770845699176018, 48.034727666462366, 55.63795745271311, 58.53410676781885, 67.39504386090766, 56.1823429457569, 65.64547123671521, 37.99232590728775, 92.10140735613217, 34.5426429982067, 57.79173124987999, 80.35000206638861, 13.162282968128574, 61.830235761760406, 13.289363194962776, 88.5082269999406, 16.68624867293424, 71.05291439427452, 57.668709476594195, 57.105904773999626, 111.92205997578195, 55.21071203215751, 79.9751726505366, 70.8192935334744, 77.06367406179143, 57.63742877047585, 66.06810208283305, 70.17210753808753, 60.73941706643805], [13.75842746660946, 53.04796938655412, 33.16923402727617, 30.10945152705429, 27.173659582895798, 36.787228396438984, 32.88674764875927, 25.148882753918446, 15.901538254117796, 16.94177474465899, 47.954599775740405, 39.24399049728291, 65.20860185192186, 35.69656917254136, 51.82246851256363, 16.022392091249937, 18.949801429768304, 28.96237823242949, 26.9158615056419, 17.804184177120717, 0.0, 68.86971591723344, 76.1321346237978, 57.62967222979919, 59.99735815138529, 63.122690447129074, 62.88686837971643, 71.49781241872748, 58.195140366723436, 10.214691305577457, 69.32173296478014, 44.75624967002644, 30.680398487351347, 15.098360657543388, 45.75036601218843, 53.21253622208052, 55.08901632539589, 70.85978159924314, 49.87346780482666, 45.476064960785386, 33.2383715645634, 61.22827214652821, 51.50268983330523, 55.571139713723895, 73.20161448294691, 11.490136229025705, 40.06397094240872, 32.72461972811034, 34.846999462406856, 31.361452005180983, 54.170769902011536, 61.21696327320549, 61.592758511035385, 10.411120711292083, 31.780086739950793, 46.68819551206972, 41.09532093320954, 50.7021827051014, 44.90774106079362, 58.044016573026, 34.680669955181635, 74.68599060710076, 32.709086276870714, 40.52866355832954, 66.35227909768493, 14.033206681005515, 50.30711988084023, 21.14838073495912, 71.69193876750182, 34.294957026874705, 53.38866124652016, 41.4251590186608, 50.205242326953886, 94.14414528603098, 39.532681592154916, 63.42088752326148, 57.35890675446717, 59.56790383319785, 44.56667591218748, 54.78267722093703, 53.03703412436277, 50.438136561955325], [82.52818627424597, 28.427834576102455, 36.178017744847196, 44.4087021372523, 43.5880913298729, 42.66599078173688, 40.84763009614365, 88.51852220151045, 74.76458728624658, 85.79569704092754, 31.680379805760282, 96.37332750643519, 23.384693631001664, 38.30691967533116, 25.742678055402624, 59.09416181352543, 84.32719176595275, 71.10435634460315, 92.51880331649757, 83.61617524567338, 68.86971591723344, 0.0, 54.946782061885386, 99.48108308930362, 24.77651737051162, 31.825716249818818, 41.799349597224996, 28.475380330941295, 55.64923858761422, 66.87577774848896, 87.3686666043989, 68.75951742619469, 92.6899446976739, 54.462360379479016, 36.6654354400144, 75.88791074517681, 41.38506718222198, 61.08625923332286, 19.789120118908606, 80.41886379256489, 101.28573587194664, 27.803889027036323, 49.040700399791525, 15.53483397597292, 108.66788917003824, 67.3646256734673, 41.787539701751626, 84.22119695117149, 47.97796365709209, 48.52157369257594, 33.0984792257921, 15.525362711456324, 19.522073220838696, 78.52655121041781, 37.66897128306548, 93.77852550071184, 54.24348521840612, 23.459527459062368, 31.3870025982979, 104.44919231915907, 95.47628389900777, 62.443105102434345, 95.60386762127031, 34.29510100615529, 87.59537248484786, 82.7596759579582, 88.79006202597138, 76.54025154872649, 20.531438227696803, 99.59787504574373, 50.1557941260955, 28.759948941066217, 42.82540748736187, 54.19441427776606, 29.57719881630517, 16.62058631337642, 14.722742163832923, 55.12701156453129, 26.931600228019704, 25.13558706286734, 26.16208701998573, 31.07288024006816], [87.56090620661075, 33.20665916574814, 61.09316687913499, 48.06507888190342, 53.45756564150343, 40.80544704343463, 70.50632792345337, 80.62133684046131, 69.96750734689576, 88.5677691121474, 35.311445859501376, 79.09618748591502, 31.64855801251934, 45.027743306801625, 69.78846147897343, 78.09845301214922, 95.03500185224394, 96.25274181730634, 86.00114925279738, 93.85319958845668, 76.1321346237978, 54.946782061885386, 0.0, 67.96502137058225, 31.856934916399165, 23.99059147336778, 16.07314599058506, 82.10348359272143, 19.65594929285597, 67.51578263048043, 43.316754734310514, 41.36953451507543, 106.79412404881744, 63.31596549663475, 33.97969944869486, 41.44148211424523, 86.80934745631525, 11.117297912742186, 57.98544616565772, 52.65798505648725, 106.50051593125744, 77.74052818321924, 24.659238905623447, 60.26036208713197, 69.65552847258347, 82.77852556353764, 37.50648922513321, 67.46236406031748, 80.67907891072916, 45.0159051338315, 78.86925962470708, 65.93996291484818, 36.38926513059064, 80.66113922645631, 53.82424565543154, 68.69829625579503, 35.844851883155506, 40.79773364821592, 70.3075850935524, 74.9173061745039, 82.21045518053211, 9.565264125277514, 84.63542248777831, 41.9915353383504, 45.62799913096248, 85.2871000257396, 59.09679689426478, 94.64382246480926, 35.451546642777934, 109.90410865470959, 22.86858739843726, 48.39526353367035, 85.50952969759255, 22.867380226774323, 52.452650172207164, 38.743069672252496, 61.45286439914831, 18.007950064388485, 63.3085748839092, 71.41963126814261, 35.37122331601221, 74.49098691814348], [57.88643876391499, 71.82642477603947, 75.84411453985773, 58.11245708536867, 62.17899779070556, 57.33108283621129, 81.68516088757546, 38.63755687630303, 41.747165938888024, 55.3755168756499, 67.88785750004139, 24.947873409666606, 81.99075535749346, 62.90240566057993, 95.73657174284406, 71.981407004728, 68.18379833360486, 86.4943849256437, 42.22786380394138, 67.04633317318618, 57.62967222979919, 99.48108308930362, 67.96502137058225, 0.0, 77.66446589274462, 74.3707494008631, 66.40663165401598, 115.55563994679532, 50.99379830005552, 48.92697493956684, 29.671756793208978, 31.168811145556305, 78.72835024420448, 59.04554502063274, 62.919006109