instance_id,num_cities,city_coordinates,distance_matrix,best_route,total_distance
1574,85,"[[18.029330828282696, 31.330950160090353], [58.45795112475087, 23.57229959799322], [52.59977875163897, 46.4338266919002], [7.8130198917325755, 40.45964636800932], [75.78112802695371, 39.23701608865665], [75.30612597906516, 10.839670829513704], [95.75509469241287, 58.145057120096276], [62.255532633767274, 34.431604816391236], [98.1726016850557, 93.30807358530274], [54.00431113905706, 45.571878178141375], [32.931465118812596, 83.38496913579169], [42.920638619030846, 61.054170198059865], [9.10082594442725, 2.1330465861345793], [15.036939437599528, 44.8866868959508], [5.583514815983126, 52.45150947437601], [34.449720007187814, 80.1197484062846], [63.16405686503999, 54.18885460120415], [75.56342605878362, 28.643879940443618], [0.23198545992023645, 30.902571925768708], [21.685971396644167, 98.29886304379731], [68.6222692677272, 4.436254462179445], [9.761406349553514, 54.918870647288955], [52.59419613442691, 0.39857923985211485], [97.322952689711, 71.04959713114408], [14.560393606228928, 37.35947586318403], [65.99576646183031, 33.33003911301326], [45.960668879379774, 47.73884759592805], [58.41104925409668, 75.36262594520394], [55.16723699867691, 48.408836001276136], [26.42344223729903, 97.8776270842571], [48.04576217510832, 49.77816321491163], [47.65836112209474, 14.711405368604735], [52.542555062889086, 57.621469062685314], [57.66267184351449, 93.17731664485386], [78.89580602397828, 16.559888841778736], [4.728840635519771, 81.68636026081886], [49.19411442987751, 33.0375645340371], [81.77154106264783, 21.316345289022507], [26.83036640971288, 79.03353706319548], [73.83306555962895, 25.187327534858728], [20.29933423758008, 27.08336130179324], [35.046897081956864, 99.64716684670904], [55.36953971698679, 11.5264159263738], [44.940860644217025, 29.044685696916638], [40.71534971095539, 15.812412458415427], [99.53149607049195, 73.25174027652228], [11.290272687106096, 60.79466371983596], [81.33373772276308, 66.52093099325583], [79.65760430051742, 91.4133989754928], [19.956939735237434, 18.73319011025465], [43.05597690575706, 27.597010338231964], [45.695612188477476, 53.049884677949166], [75.86597145893984, 12.104439683723722], [70.60019943626207, 62.01288109405155], [40.83121329218453, 12.414561835689685], [0.1163260925020504, 46.343761802064066], [8.646280580291188, 76.38992090774221], [95.99072949133188, 10.746405318802177], [59.35486431336263, 72.25474660721183], [92.8744500028215, 63.061146531035874], [33.90809681408046, 83.52560142915719], [1.104024030749351, 16.191094382239502], [48.30649083466688, 26.57109965456671], [26.486915694581747, 84.44217451443666], [29.977208628024567, 66.55341997801006], [46.920869874964545, 44.7190361474501], [19.90521689933349, 30.227267243330147], [65.83012971421007, 73.72445364169982], [69.14087182625114, 87.38005945427297], [65.37901976056102, 1.464501903686266], [12.933902807220399, 1.330584342362684], [91.38041851677842, 22.00921110532752], [23.886534933007752, 6.72526485887971], [56.456197956927745, 39.531202033917424], [22.81738782694451, 49.39568999336493], [35.5871789254191, 6.521267162598788], [42.364678171475056, 80.71228304674783], [68.73676414110446, 54.19858619736342], [73.75026449722121, 88.33665577146762], [25.457902239254537, 67.7690514225704], [87.90585155304733, 36.36381425858474], [6.615842026497864, 29.836800390068042], [48.717251861070835, 60.02965161163639], [54.633345879298965, 65.71425009295862], [66.14350017596297, 32.18074511723344]]","[[0.0, 41.16636974061143, 37.725492033326496, 13.70058771034103, 58.29044482711778, 60.831930688976286, 82.22098698218821, 44.33476046441537, 101.31193262240184, 38.691126103745205, 54.14512441518315, 38.76915027388802, 30.532536294501476, 13.882089348761275, 24.514819231645806, 51.47791774241214, 50.59275926308256, 57.59680946335189, 17.80250010735608, 67.06767012686478, 57.29720827946724, 24.994970856081686, 46.38471175267873, 88.68511366128126, 6.955332314376591, 48.00807540434177, 32.394115879116576, 59.74505548969792, 40.87637776914166, 67.07399880726066, 35.23188641399527, 33.97188109639836, 43.38610412604391, 73.4559375911664, 62.63315460055918, 52.082342168726754, 31.211476568012518, 64.52411701283187, 48.50768005742902, 56.140902281026065, 4.816111147736473, 70.40385659586575, 42.26713588672064, 27.008469823918077, 27.486004896006403, 91.65127158503759, 30.22458140919235, 72.42777563407901, 86.06941818569477, 12.744380501672401, 25.303662195034597, 35.17293335638215, 60.94863168716437, 60.86934460000204, 29.626940293204694, 23.372211107669752, 46.025563296868825, 80.6331393895952, 58.159752694383904, 81.2932790948285, 54.55654708952197, 22.708616055690232, 30.649022739512002, 53.7804136669509, 37.19373823631915, 31.84276801553031, 2.176479848817971, 63.89151361157529, 75.85441500570839, 55.98212012273189, 30.43000716259051, 73.94103653648952, 25.293212312132706, 39.29208887443814, 18.68850756658572, 30.394052053619614, 55.052022378625644, 55.62528715528088, 79.71494791561527, 37.187617520118955, 70.05753256882785, 11.510873562146596, 42.016234509051515, 50.2201675836372, 48.1216733238407], [41.16636974061143, 0.0, 23.600161114249506, 53.38624860886861, 23.35542336841439, 21.11825824440691, 50.85619412607401, 11.50417902955051, 80.25167688426352, 22.445854112202646, 65.03196848511698, 40.57460663494526, 53.81233479205884, 48.3703148824056, 60.24711427159065, 61.43296450701901, 30.976133901819033, 17.84147415122282, 58.68556866897846, 83.28407877586253, 21.66798529516623, 57.91339214371186, 23.90407784926816, 61.35619062242771, 46.01175703512509, 12.330131406391969, 27.206692295406945, 51.79034758462295, 25.053589363026212, 80.91657093884511, 28.198598664323487, 13.969487849233428, 34.55919344840112, 69.60956017120726, 21.60740191452333, 79.14582339382528, 13.24424065844411, 23.42248504400363, 63.84553998580057, 15.459704367239768, 38.31980685011039, 79.5956209744252, 12.435497515330644, 14.582823618031899, 19.36532347645663, 64.45993267558772, 60.0857244278215, 48.66093454922472, 71.0762974522489, 38.803928391978104, 15.919142765398613, 32.12172656116669, 20.845886475965607, 40.31268410579354, 20.861375759770972, 62.62814624683497, 72.6009892718401, 39.66374939382152, 48.69070855998383, 52.38190934975079, 64.78498087623235, 57.826941329635545, 10.585128615206207, 68.755281824894, 51.56092902854186, 24.08918243644451, 39.12290774745852, 50.69109953807036, 64.69586549843203, 23.16583497208764, 50.66688141902358, 32.959552557870396, 38.45783921391861, 16.083954199892435, 44.012466912191115, 28.5273540326929, 59.36304526279451, 32.3051610101532, 66.54529794693602, 55.157557036986454, 32.10610046310499, 52.21923252910821, 37.73618605519308, 42.31514618672199, 11.540060592402204], [37.725492033326496, 23.600161114249506, 0.0, 45.183454933390934, 24.272804475031183, 42.21992581670778, 44.71615157960621, 15.404120000220127, 65.37642703562355, 1.6479279315787443, 41.85964033610398, 17.53397268005087, 62.08637542410921, 37.594687641747434, 47.39980570147686, 38.26442151888177, 13.105129908984761, 29.04843030297149, 54.622391460413596, 60.37918085702505, 44.9501532314268, 43.67060934982057, 46.03524779054539, 51.04996024888362, 39.10675984025606, 18.739309903093798, 6.76615544130337, 29.506716033653802, 3.2392134264979733, 57.720578584423656, 5.650102101596405, 32.104978162307496, 11.187788716593664, 47.01687717662287, 39.79865843191869, 59.45054952769613, 13.82238724948458, 38.49518915856764, 41.554827983527375, 30.03774617211693, 37.65314364856572, 56.03359015216902, 35.0171229851676, 19.00108552476973, 32.84677553857772, 54.0535528853468, 43.73452790917732, 35.058981122784836, 52.49083583110932, 42.812150215553366, 21.116576522137343, 9.562412833936815, 41.470743126334455, 23.805925331492546, 35.997354268480116, 52.483529937574204, 53.190953950526925, 56.181550800556494, 26.68990607362911, 43.57197389863975, 41.535270876861595, 59.71964175903788, 20.32142333837956, 46.11416399801189, 30.275050999070633, 5.9321591887698935, 36.49091590895279, 30.32854275935353, 44.16108850032335, 46.749857461515184, 60.064000739870124, 45.83121062273354, 49.00224743249002, 7.906844898941166, 29.929307432813854, 43.38710593053108, 35.77387110667876, 17.907925274511953, 46.93815220207883, 34.52351770781372, 36.71408349755547, 48.88745972952051, 14.139323544784745, 19.38737016170013, 19.661707056962218], [13.70058771034103, 53.38624860886861, 45.183454933390934, 0.0, 67.97910376197308, 73.70659617847652, 89.70274395869103, 54.77521774137137, 104.67955999719243, 46.473328922895995, 49.73449130476872, 40.70232554151991, 38.34822936289702, 8.472526272676587, 12.19735519055796, 47.77486249825425, 57.0283127291249, 68.77303157540153, 12.198760385828262, 59.47969207323102, 70.6784944242088, 14.58990666685465, 60.08529641373145, 94.59266968000016, 7.425503969567653, 58.61794348192977, 38.83593559837685, 61.46851680918229, 48.01678345784166, 60.35869721433492, 41.29780027878643, 47.4407328392745, 47.90886634884219, 72.55439724187565, 74.99307230761517, 41.341916986081195, 42.04143532189486, 76.39586919454125, 43.00702863427218, 67.76348686816911, 18.298443871433232, 65.15248765188262, 55.66645670130785, 38.84299017923875, 41.11021098130188, 97.40431353620015, 20.630177355079223, 78.0031185704015, 88.07910770242646, 24.890031954290414, 37.5168418810393, 39.919981210196894, 73.72395786389396, 66.38352086408837, 43.32121722498807, 9.688235643314778, 35.93993533488444, 93.04936949748533, 60.559806188630205, 88.01292349514902, 50.355034752366734, 25.178825249576324, 42.809028473182416, 47.78260317947256, 34.236475921857725, 39.339119608910686, 15.840543267887075, 66.87699481218627, 77.21807163538762, 69.53032167832521, 39.462728451553325, 85.57995486292175, 37.36798605204199, 48.65203779045429, 17.463789188188077, 43.85450368113579, 53.04801456671703, 62.45367147732378, 81.48575492429873, 32.513773658128, 80.19749075997512, 10.690093147960454, 45.344694267764396, 53.19716096641068, 58.91506713998627], [58.29044482711778, 23.35542336841439, 24.272804475031183, 67.97910376197308, 0.0, 28.401317658032468, 27.504060791080978, 14.35387432841049, 58.52398953751429, 22.679511270346445, 61.523453817169305, 39.44363038009635, 76.3083693880368, 61.00635399374247, 71.43057983775753, 58.1350418478493, 19.563945399895527, 10.595372933574486, 76.00747267287767, 80.09112145931147, 35.529456349871765, 67.85664457339077, 45.2333724969436, 38.41992350832845, 61.249518204726996, 11.430034031050624, 31.00872333312287, 40.084651976569845, 22.562242438090987, 76.6479119379492, 29.670967319470133, 37.31481742654728, 29.63139187686644, 56.90197253667131, 22.890026631619325, 82.76698837218619, 27.300228782726155, 18.89538277588136, 63.086766794509664, 14.184100106644758, 56.79736584353913, 72.86057840348892, 34.41671539658439, 32.48085114422157, 42.17014185582791, 41.485918620419795, 67.9985484687375, 27.843194625534718, 52.32018730330798, 59.47055471560346, 34.73363283296289, 33.1048878858133, 27.132709057104385, 23.357697827607453, 44.05610731919176, 75.99781632662108, 76.72956456401066, 34.93054384615768, 36.87807842315498, 29.3218493193418, 60.949401427881604, 78.15231518360943, 30.253613469520303, 66.88367302839193, 53.33090055258657, 29.3763007290651, 56.59764145790508, 35.89436886748782, 48.59882330792158, 39.17865087314192, 73.39394583721689, 23.240807394097903, 61.237756004062774, 19.32716915592614, 53.929179777521846, 51.82541627589315, 53.26215251178504, 16.536978039351837, 49.141622110572044, 57.84897660266302, 12.460505982524813, 69.80115215886373, 34.12897720579569, 33.88617137245265, 11.944656990317563], [60.831930688976286, 21.11825824440691, 42.21992581670778, 73.70659617847652, 28.401317658032468, 0.0, 51.536005797313315, 26.96103365795756, 85.57986424564885, 40.74424551744768, 84.01447607030754, 59.75211911205045, 66.77534768454466, 69.22119725487423, 81.19598279967049, 80.42993881622843, 45.01756963721559, 17.80606821835587, 77.7087290790837, 102.58767606402695, 9.25622394452196, 78.98788595656075, 24.99696283254171, 64.10909361123716, 66.28230578771479, 24.341311794305746, 47.145573476505376, 66.69824101431723, 42.626482626033905, 99.82546067411936, 47.53244811675254, 27.91754340782009, 52.026116583740475, 84.20676571538466, 6.753273053319317, 100.00203302853413, 34.27219911330799, 12.311064126774028, 83.6678113597035, 14.423077339241498, 57.35507490929059, 97.50680417403662, 19.9484107290118, 35.40440516627968, 34.946386968301006, 66.94874882120514, 81.20055903360378, 56.00656065815058, 80.69114592645349, 55.909212697813565, 36.34392029846319, 51.560495343559644, 1.3831367307377225, 51.38913497428089, 34.51086620833179, 83.15074553344989, 93.4899474484115, 20.68481377521115, 63.45277205534927, 55.097445797862214, 83.64831932490404, 74.3948228547452, 31.24833036833064, 88.32125362272497, 71.82431755609687, 44.198802681085965, 58.695311751158826, 63.594735745558104, 76.78828979472044, 13.654348401196737, 63.09292313103369, 19.57400088282953, 51.58393819625422, 34.32963369005026, 65.12783004649509, 39.953014470509764, 77.2484363707134, 43.85375761362313, 77.51260142740738, 75.66901469375242, 28.464626860850476, 71.26882937880214, 55.916209065065814, 58.639434567476755, 23.224882418682913], [82.22098698218821, 50.85619412607401, 44.71615157960621, 89.70274395869103, 27.504060791080978, 51.536005797313315, 0.0, 41.043251312257674, 35.24602200237436, 43.60289848193104, 67.70422137031773, 52.91448466602045, 103.18094599442647, 81.79978587221764, 90.35114997721632, 65.12477272451025, 32.830280002396236, 35.74944666978142, 99.33185489562689, 84.25297119960835, 60.173297221222, 86.05418475568838, 72.09381992866159, 12.999435818389406, 83.81300539094433, 38.74793846680623, 50.870168455692635, 41.122042823117916, 41.7392883724857, 79.90966867728604, 48.43743720375129, 64.80569330393752, 43.21571156057744, 51.75221624152191, 44.87272930345996, 94.02112465394913, 52.899064896907426, 39.394083150300474, 72.02046072594428, 39.58266414369135, 81.59902409297486, 73.53849582953123, 61.678932849249264, 58.556963709467006, 69.43649135487773, 15.571547237092494, 84.50637000558916, 16.677253970157782, 36.95824355573049, 85.4321693281484, 60.91289007819932, 50.318113744227624, 50.15292291500755, 25.450517040748323, 71.46965053100149, 96.36412522557706, 88.99899185187394, 47.399237507989326, 39.03921245454051, 5.69789864108018, 66.85224884763906, 103.5324111899684, 56.99372595369053, 74.09196316016529, 66.31312736592953, 50.64621952998092, 80.82454424757582, 33.73753288140697, 39.534822881215014, 64.30700792220068, 100.43522361350972, 36.39968624651513, 88.3690269159837, 43.48423721069038, 73.46060514256139, 79.27921403066428, 57.96392207488864, 27.305032842385327, 37.359673192423756, 70.95291772105243, 23.15238990802082, 93.52627312649118, 47.07558129883877, 41.81256877673582, 39.38263611782041], [44.33476046441537, 11.50417902955051, 15.404120000220127, 54.77521774137137, 14.35387432841049, 26.96103365795756, 41.043251312257674, 0.0, 68.96719817370887, 13.863201171781633, 57.06428667572714, 32.90287394836979, 62.198229130603465, 48.36221960079486, 59.467928898038025, 53.48429377410867, 19.778127700525637, 14.51198768781369, 62.12386399097793, 75.66317448044889, 30.66360021651275, 56.350344768855244, 35.377793216180855, 50.70109772522981, 47.78492142635435, 3.8990763120828666, 21.03818659408615, 41.11117297163724, 15.671851409650362, 72.86519363725868, 20.914933209718207, 24.534948184205792, 25.1418324124144, 58.92497796750895, 24.419191845312657, 74.44684146673984, 13.135600245353423, 23.513498622416297, 56.95853546353172, 14.815395070914215, 42.594826758774964, 70.66384775485604, 23.91787148843578, 18.133305371759363, 28.47198279733081, 53.81914498836784, 57.38003656479527, 37.332328669706534, 59.5798368903854, 45.11774800986198, 20.379760102460846, 24.917289382226564, 26.14854389588775, 28.815972396386112, 30.720541024926234, 63.270692059035774, 68.07681099283992, 41.21956067523318, 37.93420529856291, 41.918596823409395, 56.69036620948518, 63.81397358982885, 16.011349365750533, 61.48537256344186, 45.537909590767455, 18.465728399320263, 42.55849735639738, 39.45511010117783, 53.39425759700545, 33.1147406193696, 59.39950105151537, 31.663462274538098, 47.32674992435134, 7.722575637376061, 42.18164424234367, 38.602953740125535, 50.37407337809692, 20.802401658640314, 55.116997188545064, 49.65330753203672, 25.72299154432233, 55.82909097046828, 28.9576422730153, 32.197851270225094, 4.492511657687707], [101.31193262240184, 80.25167688426352, 65.37642703562355, 104.67955999719243, 58.52398953751429, 85.57986424564885, 35.24602200237436, 68.96719817370887, 0.0, 65.03523846120997, 65.99146840593176, 63.977290551905774, 127.46241321224014, 96.20898620317573, 101.20275608005413, 65.07332456820593, 52.49677613283418, 68.50279382798526, 116.1327298565627, 76.64928305141002, 93.65587210756065, 96.3860485903864, 103.48702910058299, 22.274686922056286, 100.6044080887537, 68.06403855298143, 69.30108429581112, 43.623619092453005, 62.1723646601551, 71.89452483075061, 66.38940530017048, 93.42978515665332, 57.92784215810905, 40.51014086798596, 79.13203341495165, 94.16369098372925, 77.66225901365698, 73.83633070938272, 72.75628445023388, 72.33843419144513, 102.22503753963447, 63.44319258213997, 92.30569670006611, 83.44699681313928, 96.47234473106066, 20.102315780617577, 92.7667015323267, 31.640138239066694, 18.61168772644001, 108.06989876725734, 85.76587992973973, 66.14042788434429, 84.21173262002354, 41.70882926711974, 99.15540865735406, 108.72294957531314, 91.11084491197879, 82.59049360076153, 44.159475897072724, 30.707442216409067, 65.00479480620919, 123.97313115847236, 83.30937942857938, 72.23186099125246, 73.25587432997567, 70.62318721688051, 100.52348805105079, 37.80943881202704, 29.630772688748642, 97.52261622144253, 125.40133298263395, 71.6216555458602, 114.08331376869309, 68.06034273982436, 87.21643015124593, 106.9994621998369, 57.21169693505705, 48.94916276772539, 24.923192989583026, 77.06924917580118, 57.86237835192746, 111.40575730274914, 59.609437132639655, 51.54692901663263, 69.01024292902468], [38.691126103745205, 22.445854112202646, 1.6479279315787443, 46.473328922895995, 22.679511270346445, 40.74424551744768, 43.60289848193104, 13.863201171781633, 65.03523846120997, 0.0, 43.28850525444912, 19.040723797198883, 62.47603598743334, 38.97339534108804, 48.90708377456931, 39.698077681862685, 12.57589855399137, 27.41081101422347, 55.737344347116654, 61.84343147601962, 43.655746910948196, 45.21947470317824, 45.19530242507875, 50.25553570346491, 40.28977763799725, 17.136441417475332, 8.330422393809872, 30.114913138431703, 3.066060378599563, 59.132019228211625, 7.2936369231222296, 31.50618770409924, 12.137931096817875, 47.745799549822884, 38.22671896539486, 61.09278033814639, 13.425610262099086, 36.869363072403104, 43.10575237126911, 28.437816491423956, 38.442824092619766, 57.30201036893263, 34.07282420062251, 18.849250016482554, 32.59175195906348, 53.281322558345494, 45.345587222167175, 34.434871442255044, 52.53129047569488, 43.353646636874274, 21.046659980772677, 11.178329904888736, 39.97501258685938, 23.360866534747235, 35.6782585605953, 53.89351293714872, 54.83705584596461, 54.54972855962539, 27.21403841538694, 42.623493554703934, 42.94581398471909, 60.51174127888667, 19.836701861021588, 47.62464686818203, 31.898695135934645, 7.134597372743761, 37.392583659200085, 30.535511952541214, 44.463912232899496, 45.55046254474791, 60.36613720296759, 44.18339826558414, 49.15424508599341, 6.519318771700337, 31.42046661769733, 43.17569894815644, 37.01795658798041, 17.072353754138454, 47.10338498058767, 36.16091759231118, 35.12980050595301, 49.93255128499539, 15.394161505688265, 20.152191718501733, 18.074356285319766], [54.14512441518315, 65.03196848511698, 41.85964033610398, 49.73449130476872, 61.523453817169305, 84.01447607030754, 67.70422137031773, 57.06428667572714, 65.99146840593176, 43.28850525444912, 0.0, 24.463200289718177, 84.67451967076771, 42.45387832429497, 41.28909435178328, 3.600939366120745, 42.02883186112613, 69.38350625242478, 61.83573389936391, 18.678473185851587, 86.6414049367369, 36.70381978116252, 85.2840190126691, 65.56237544572502, 49.556455679430066, 59.98953277770322, 37.95268279672873, 26.712678599769625, 41.445861556212364, 15.886834053313507, 36.849143541060066, 70.23489037777009, 32.37827643361534, 26.599298032056716, 81.10679374224806, 28.253730724556792, 52.90874136423451, 78.98016893139263, 7.4938886127695525, 71.13301910175633, 57.70131519553038, 16.3992111633352, 75.28026873639581, 55.65152275637103, 68.01940366734352, 67.36650836935947, 31.283591684017193, 51.25598282834931, 47.410840200518, 65.94081315919533, 56.69922473651821, 32.91110450107188, 83.21229304398211, 43.309348786866884, 71.40871608945974, 49.486204037653636, 25.272532278795836, 96.19164088733562, 28.671900504330967, 63.294701216405976, 0.9867050775885459, 74.35054008284133, 58.85751592781374, 6.530689128567523, 17.088846610119216, 41.11882560689653, 54.73047060973706, 34.28771925590923, 36.42913505365614, 88.11246650591339, 84.4560510693824, 84.7541375221981, 77.19145692296318, 49.76510769736285, 35.46217218512832, 76.90956700467386, 9.804527496391144, 46.19377000315423, 41.11804449670124, 17.312164166874304, 72.34066746862968, 59.66505170329834, 28.189748486394336, 27.98617408709364, 61.0320557574467], [38.76915027388802, 40.57460663494526, 17.53397268005087, 40.70232554151991, 39.44363038009635, 59.75211911205045, 52.91448466602045, 32.90287394836979, 63.977290551905774, 19.040723797198883, 24.463200289718177, 0.0, 67.93731328980458, 32.23178860014642, 38.315357044022505, 20.86271158172884, 21.3758868945194, 45.99976615614275, 52.26318003061501, 42.872814664059895, 62.17847055273444, 33.722048948408165, 61.422133058801286, 55.312931000079445, 36.955947245461765, 36.070610881746745, 13.657950065170086, 21.087549111049896, 17.60351240010634, 40.3500243557182, 12.38608997824043, 46.58430923126607, 10.21590491035382, 35.34436420752187, 57.21847379322432, 43.408532571363565, 28.710393443535924, 55.57416080504279, 24.12787791416988, 47.349852607844944, 40.81346921035887, 39.388008278095135, 51.068322683863485, 32.073172513176424, 45.29547375335375, 57.91001551725445, 31.63143045452902, 38.800150210341265, 47.658025761074434, 48.149733353549735, 33.45743358863517, 8.471662469585363, 59.00399201205387, 27.696158824228593, 48.684465693290896, 45.26152103106715, 37.54885975362288, 73.1252743744662, 19.888104134619937, 49.994111910988664, 24.211384333819385, 61.32964069094913, 34.901139783625936, 28.584366270050896, 14.063218979819771, 16.81780171581112, 38.47086667487283, 26.179779693157716, 37.15579462979381, 63.68129592691807, 66.82896850999683, 62.23229947777345, 57.56671832303693, 25.425371682325846, 23.23920939044148, 55.02378707934258, 19.665972968327736, 26.710884840492753, 41.16794688653282, 18.709270208344503, 51.31552454313196, 47.8807104516434, 5.886455929650753, 12.60570727851385, 37.05369043415962], [30.532536294501476, 53.81233479205884, 62.08637542410921, 38.34822936289702, 76.3083693880368, 66.77534768454466, 103.18094599442647, 62.198229130603465, 127.46241321224014, 62.47603598743334, 84.67451967076771, 67.93731328980458, 0.0, 43.16377188273708, 50.44124487965782, 82.00300049992103, 75.05091662116645, 71.55488452300645, 30.10551311317382, 96.9858244333796, 59.56598846497122, 52.7899572673324, 43.52794076750784, 111.94925004877773, 35.646994244462704, 64.88672128564485, 58.63904080844304, 88.28402695819729, 65.29596399023161, 97.29901196821852, 61.536697966185855, 40.557349871972775, 70.47090788217501, 103.18581291850012, 71.27042178754218, 79.67335798222648, 50.62174445008555, 75.16004114499802, 78.9178182714318, 68.71508361096998, 27.34821369673394, 100.9068989597219, 47.212596430711024, 44.81901836175252, 34.44710675299297, 115.04596773323402, 58.70246163305245, 96.7646278471718, 113.79472876525703, 19.834817157221405, 42.44249906373123, 62.70329163222444, 67.50565410305045, 85.83570073450626, 33.354565460601485, 45.114394349179314, 74.25826550292625, 87.31577914127556, 86.27004802498011, 103.586936680129, 85.08906317426927, 16.173359226956315, 46.19851293344055, 84.12531519773357, 67.71859317721137, 56.95544073944336, 30.10016774441056, 91.34299902236587, 104.2682133367215, 56.28216459233553, 3.9161746499306687, 84.64628326079136, 15.482430654116444, 60.341969551373154, 49.21281877433908, 26.847409075391237, 85.32983222599142, 79.16606305486174, 107.75255051166592, 67.6434703116526, 85.91843525472588, 27.814980134836073, 70.153247080145, 78.20345140078962, 64.47271415491137], [13.882089348761275, 48.3703148824056, 37.594687641747434, 8.472526272676587, 61.00635399374247, 69.22119725487423, 81.79978587221764, 48.36221960079486, 96.20898620317573, 38.97339534108804, 42.45387832429497, 32.23178860014642, 43.16377188273708, 0.0, 12.107591739055088, 40.227163370463366, 49.017851400191965, 62.66804896036137, 20.36521872655614, 53.82443856503271, 67.13884908964907, 11.334723648315453, 58.22146729009852, 86.34515532965035, 7.542280945523212, 52.25282920248768, 31.05498129522736, 53.01034109782116, 40.28456673045842, 54.20048143742102, 33.36928106949912, 44.43765034261203, 39.60865915764056, 64.41225026876728, 69.85959010543053, 38.21613351288193, 36.154035794095016, 70.7747699220647, 36.12606117598248, 62.008460762988115, 18.564783899696977, 58.30187449273282, 52.34143983938951, 33.84100331730411, 38.79038783301748, 89.12859447939104, 16.343232188539705, 69.73740732580644, 79.62766644991017, 26.61224900394884, 32.924145791691366, 31.72683427121983, 69.10026677905675, 58.142775900278735, 41.47027211888735, 14.991589971578264, 32.1448949886632, 87.8582662601008, 52.08732242737124, 79.93115183718035, 43.0010034421563, 31.899265844959615, 37.97793815044279, 41.17934624325214, 26.318414958571584, 31.88437120139276, 15.446640734996965, 58.40860355596761, 68.796236897785, 66.48166063468895, 43.606843874871316, 79.69758902541268, 39.17409185065819, 41.764053854941, 8.99257950044097, 43.52261221851251, 45.05861342592517, 54.5012168835413, 73.04214081501294, 25.143569198556044, 73.36564394102746, 17.24569411323346, 36.9279409840724, 44.73994626529642, 52.66233480380629], [24.514819231645806, 60.24711427159065, 47.39980570147686, 12.19735519055796, 71.43057983775753, 81.19598279967049, 90.35114997721632, 59.467928898038025, 101.20275608005413, 48.90708377456931, 41.28909435178328, 38.315357044022505, 50.44124487965782, 12.107591739055088, 0.0, 39.98486273246308, 57.606746052462626, 73.91881493622043, 22.203503685737992, 48.59288978082701, 79.24234522471903, 4.852076753708403, 70.1392308485379, 93.60562657167786, 17.560006587017938, 63.36616429689934, 40.651245395926615, 57.58183439896577, 49.7482533793968, 49.978342669925176, 42.54631865403313, 56.52086472796898, 47.24277662304878, 66.11225277046015, 81.62659170760571, 29.247341220362728, 47.736628042101124, 82.30439716206777, 34.02988235916686, 73.49378744860402, 29.327432259834215, 55.637406206234566, 64.44774284143774, 45.79170306935786, 50.76090280159094, 96.22303665557483, 10.108180259728275, 77.04573247301091, 83.69587544473161, 36.65406395817962, 44.965893101084184, 40.11656027758012, 81.0401736946612, 65.71597299182562, 53.341891830831436, 8.197239423537086, 24.13354669500807, 99.5629458080759, 57.30206128673438, 87.9333370472591, 42.046178615673696, 36.53605808443264, 49.950458379621594, 38.21458907271876, 28.176518195975405, 42.054346588954594, 26.439139420723297, 63.89203988167335, 72.52269461229929, 78.58229668691679, 51.646657103578704, 91.03758682343087, 49.25332468007021, 52.48775318409924, 17.502697268091854, 54.86170812880717, 46.384537301694095, 63.177410341014635, 77.03537815100437, 25.092197328751098, 83.87956284582546, 22.638258909144284, 43.79437760406344, 50.81128040165515, 63.862475010163635], [51.47791774241214, 61.43296450701901, 38.26442151888177, 47.77486249825425, 58.1350418478493, 80.42993881622843, 65.12477272451025, 53.48429377410867, 65.07332456820593, 39.698077681862685, 3.600939366120745, 20.86271158172884, 82.00300049992103, 40.227163370463366, 39.98486273246308, 0.0, 38.690107194431086, 65.8794494482884, 59.943171573261914, 22.212462438842387, 83.0406790588287, 35.27884736044495, 81.75993411931601, 63.52409804243296, 47.1595824053195, 56.43075351851422, 34.366039650043575, 24.428989201121038, 37.878720620564245, 19.487518825674066, 33.248521088271225, 66.72870101416042, 28.870802790629828, 26.633460557361197, 77.55843158594458, 29.76213942793781, 49.336894967883474, 75.47976527637198, 7.6963890445591225, 67.59155842040077, 54.89163665373965, 19.53654758154721, 71.71251018748458, 52.14140449423851, 64.61185318729716, 65.44315939213624, 30.163204377354408, 48.81637995783044, 46.59720319352283, 63.07416443713636, 53.22316856378842, 29.31292570221953, 79.63283308372255, 40.43161889925674, 68.0052626280167, 48.1622176481676, 26.071614821993787, 92.73595084680512, 26.117512634452957, 60.86415178905345, 3.448650532704376, 72.10276170493833, 55.31245683297871, 9.060332222456985, 14.284558973260422, 37.53318541580694, 51.969243281484765, 32.02545719433998, 35.44274440625109, 84.51786429872988, 81.67412542338008, 81.35071590463004, 74.15073225600452, 46.17050106262862, 32.85238069473845, 73.60727038932932, 7.937106528361967, 42.98264819322271, 40.150346995525375, 15.277188967714173, 69.08067582896163, 57.472598902829105, 24.640910178398464, 24.797119489984965, 57.468632641940445], [50.59275926308256, 30.976133901819033, 13.105129908984761, 57.0283127291249, 19.563945399895527, 45.01756963721559, 32.830280002396236, 19.778127700525637, 52.49677613283418, 12.57589855399137, 42.02883186112613, 21.3758868945194, 75.05091662116645, 49.017851400191965, 57.606746052462626, 38.690107194431086, 0.0, 28.39524760979654, 67.10213537719478, 60.5485294530692, 50.05110691309963, 53.40763995447401, 54.81893540843922, 38.09350079241408, 51.434852686516216, 21.050148759829387, 18.37278282006482, 21.700683728345332, 9.867002735915955, 57.08398728452785, 15.74855653184542, 42.41338937629548, 11.162398603089951, 39.374679804211475, 40.785132042495164, 64.58163294073111, 25.34830099133259, 37.77354016561983, 44.01585292528941, 30.901720319509412, 50.71579845505228, 53.45121912994358, 43.36863118954708, 31.053407387756263, 44.46004683340605, 41.06073848133389, 52.29269737784296, 21.959449232868007, 40.714908950895726, 55.892388705111316, 33.33858216773896, 17.50553660714817, 43.95948831933074, 10.79405423834434, 47.369266809911096, 63.533942397694375, 58.86489001247873, 54.45031529172084, 18.46310921455231, 31.00685447590084, 41.431339743613805, 72.7686571062787, 31.360606764528868, 47.54446392809697, 35.41538327992514, 18.80208991419882, 49.45184429207502, 19.7166826395339, 33.72504109232391, 52.7708577531273, 72.91820836683397, 42.79827707260434, 61.60775990367576, 16.119620030088424, 40.63038431306619, 55.06980197089723, 33.70617763176653, 5.572715773181483, 35.75108553310653, 40.07712367886058, 30.494072663380297, 61.568848825749754, 15.58284584213623, 14.33902964511884, 22.208871324347957], [57.59680946335189, 17.84147415122282, 29.04843030297149, 68.77303157540153, 10.595372933574486, 17.80606821835587, 35.74944666978142, 14.51198768781369, 68.50279382798526, 27.41081101422347, 69.38350625242478, 45.99976615614275, 71.55488452300645, 62.66804896036137, 73.91881493622043, 65.8794494482884, 28.39524760979654, 0.0, 75.36529461353318, 88.0601884622068, 25.183105227392694, 70.85394085341137, 36.405803589328976, 47.66258332969067, 61.622492490128394, 10.65364716676084, 35.226992809303816, 49.767913943697415, 28.401725585996648, 84.90023411951977, 34.69697040290962, 31.18984605309491, 37.00893368832826, 66.9701534592657, 12.535054730835556, 88.49318171827171, 26.732846090350048, 9.603825069678278, 70.10013300777956, 3.865475648557302, 55.286119987244454, 81.74995946068405, 26.472639079970545, 30.62518829042251, 37.13536027678219, 50.63920994495523, 71.8659247624938, 38.31406390813692, 62.902899896320264, 56.48276811701902, 32.52430147444587, 38.57122467122862, 16.542207160012307, 33.73609130435822, 38.33689306411779, 77.49548832827242, 82.20455453951853, 27.15868780625635, 46.52553240191625, 38.52557318923303, 68.89970833065513, 75.49353891910916, 27.335634909861078, 74.30984824970184, 59.28942945841436, 32.845192522238186, 55.68072702639613, 46.11935800686824, 59.08627579015796, 29.024829407117004, 68.32622702261735, 17.15214508357264, 56.13311646006351, 21.991360760612192, 56.68140938285814, 45.689280263386706, 61.75172437532141, 26.450828433448866, 59.72030677467431, 63.57155465092248, 14.557913757055431, 68.95790312276206, 41.30113475983664, 42.57088910939178, 10.062028568664616], [17.80250010735608, 58.68556866897846, 54.622391460413596, 12.198760385828262, 76.00747267287767, 77.7087290790837, 99.33185489562689, 62.12386399097793, 116.1327298565627, 55.737344347116654, 61.83573389936391, 52.26318003061501, 30.10551311317382, 20.36521872655614, 22.203503685737992, 59.943171573261914, 67.10213537719478, 75.36529461353318, 0.0, 70.7285908882625, 73.33278175138234, 25.837810796835598, 60.59946102486286, 105.06397836774195, 15.716071025043592, 65.80856698494762, 48.72958716959085, 73.22226346800508, 57.657186399510245, 71.9141879019979, 51.4047195331774, 50.114019824112326, 58.739213106749894, 84.71379798071848, 79.96067298229858, 50.982495663997184, 49.00865501835456, 82.10112586938968, 54.99148728858389, 73.82264564679029, 20.42755141358193, 77.05775367926576, 58.443009083754795, 44.747460950140926, 43.204348089424315, 107.95297526006179, 31.871976220872853, 88.57856243337874, 99.8498328413896, 23.17687802390819, 42.95137926495614, 50.571185644163805, 77.93503457296535, 76.93852659601933, 44.61057966073706, 15.441623032734539, 46.25904538336847, 97.85708002368152, 72.14926995336413, 98.06528517893196, 62.47610511269323, 14.737300389921412, 48.26924195657868, 59.630616355857356, 46.43017626678076, 48.69031332318954, 19.684818304542247, 78.33792238309498, 89.09624693431401, 71.48941211671765, 32.18448623064791, 91.58126836533286, 33.82424999584449, 56.88246942997382, 29.19068029255981, 42.94691754873015, 65.23933719069879, 72.357508132193, 93.29314733570317, 44.67084270355776, 87.84379297100804, 6.4722093313602, 56.561540193115576, 64.58607398112346, 65.92390688415317], [67.06767012686478, 83.28407877586253, 60.37918085702505, 59.47969207323102, 80.09112145931147, 102.58767606402695, 84.25297119960835, 75.66317448044889, 76.64928305141002, 61.84343147601962, 18.678473185851587, 42.872814664059895, 96.9858244333796, 53.82443856503271, 48.59288978082701, 22.212462438842387, 60.5485294530692, 88.0601884622068, 70.7285908882625, 0.0, 104.94381995900969, 44.989098589362946, 102.6634498024214, 80.39574262301598, 61.354565997943084, 78.64035873308319, 56.0854357205782, 43.298987469441364, 60.08335830009301, 4.756161235667361, 55.218628032297495, 87.52958419101968, 51.05662676525525, 36.339416788941044, 99.77086288934848, 23.73856635023139, 70.82185408697553, 97.65543365298419, 19.94035067869515, 89.80320737099532, 71.22900007002964, 13.428784692346317, 93.08082699212147, 73.05430140594105, 84.6530080339962, 81.77581592784992, 38.91831854783702, 67.58470975822947, 58.379104455081816, 79.58445740126416, 73.86087673091197, 51.22433888402914, 101.80840350936634, 60.90381097081707, 87.99234899264658, 56.25461886445638, 25.495789497622756, 114.83305242480111, 45.7956492969979, 79.4323369371436, 19.173669665824054, 84.64810825973821, 76.50832697145844, 14.66481786970484, 32.81033023713978, 59.224977428899614, 68.09488410594346, 50.52334421857109, 48.69484414812848, 106.2354741729194, 97.36244542385467, 103.3316357766297, 91.6000347402244, 68.2832822558026, 48.91625943936524, 92.82440776267123, 27.14584148395584, 64.4872973213661, 53.00883124347917, 30.761938494006472, 90.66985604904785, 70.10109002031352, 46.85320338232948, 46.338822670157, 79.6748227692724], [57.29720827946724, 21.66798529516623, 44.9501532314268, 70.6784944242088, 35.529456349871765, 9.25622394452196, 60.173297221222, 30.66360021651275, 93.65587210756065, 43.655746910948196, 86.6414049367369, 62.17847055273444, 59.56598846497122, 67.13884908964907, 79.24234522471903, 83.0406790588287, 50.05110691309963, 25.183105227392694, 73.33278175138234, 104.94381995900969, 0.0, 77.54415336029606, 16.528821784005622, 72.53321067222821, 63.297906027441904, 29.01291623463839, 48.87394709114581, 71.6576526681886, 45.985060841252476, 102.52819670823222, 49.79238228357513, 23.346609408826964, 55.562795655106626, 89.41526096260132, 15.891131742334899, 100.24943425416407, 34.57583170698875, 21.397215123916624, 85.50624372494417, 21.39531331070831, 53.36663281613991, 100.95753292601583, 15.030144048990842, 34.15236451885068, 30.136574621271365, 75.43839466351847, 80.39420455464345, 63.372616249068955, 87.67441067367217, 50.72195449143324, 34.497187101093246, 53.74864321622556, 10.548567960955115, 57.6105905373101, 28.913598544317416, 80.30755519731416, 93.67203069216956, 28.08648462952186, 68.44875945854679, 63.44325212733616, 86.37244104924046, 68.53385806611882, 30.044670492986747, 90.42309032621122, 73.15724819570094, 45.75645567466274, 55.122840381662975, 69.3444344473816, 82.94542624629851, 4.3988612884068585, 55.774898887696985, 28.753124394125457, 44.79425738934399, 37.14389096745917, 64.18284823133813, 33.100822827920275, 80.6690375969112, 49.7624634518683, 84.05696684352415, 76.64336730464551, 37.29913699146064, 67.00734849743456, 59.04943288954214, 62.85445669237072, 27.85500059089327], [24.994970856081686, 57.91339214371186, 43.67060934982057, 14.58990666685465, 67.85664457339077, 78.98788595656075, 86.05418475568838, 56.350344768855244, 96.3860485903864, 45.21947470317824, 36.70381978116252, 33.722048948408165, 52.7899572673324, 11.334723648315453, 4.852076753708403, 35.27884736044495, 53.40763995447401, 70.85394085341137, 25.837810796835598, 44.989098589362946, 77.54415336029606, 0.0, 69.33332572368779, 89.03496355014974, 18.203368476020703, 60.2360432320431, 36.90446231448654, 52.77058731358402, 45.870142882153324, 46.076872664442746, 38.627953270694945, 55.25232524671366, 42.86642886254273, 61.304485366664046, 79.06311847820429, 27.23646852799568, 45.09689594384387, 79.46438958332803, 29.544314747270175, 70.63385993826432, 29.763459219257886, 51.38070184886065, 62.952418189996905, 43.66998341328277, 49.87445921209561, 91.62293990779713, 6.071439410015784, 72.5065957169965, 78.85004176218554, 37.59457908990203, 43.06985580739318, 35.98277723894788, 78.75842194352924, 61.250989612137, 52.649303613667655, 12.905815157223433, 21.49998848297791, 96.88499813018319, 52.5361177487063, 83.510925524012, 37.43538040966011, 39.68363545656661, 47.846835404448136, 33.9318159561578, 23.324695065342613, 38.53391173136274, 26.69404748493974, 59.138411303501044, 67.67310912807974, 77.14070559252963, 53.68211213125521, 88.00402739830388, 50.22094081543783, 49.16486457431817, 14.176183438212748, 54.857073857449095, 41.57250842447039, 58.97975615692433, 72.18948905241064, 20.28563849556661, 80.317149063882, 25.278544722721804, 39.28966761863404, 46.15226077384638, 60.79443113370338], [46.38471175267873, 23.90407784926816, 46.03524779054539, 60.08529641373145, 45.2333724969436, 24.99696283254171, 72.09381992866159, 35.377793216180855, 103.48702910058299, 45.19530242507875, 85.2840190126691, 61.422133058801286, 43.52794076750784, 58.22146729009852, 70.1392308485379, 81.75993411931601, 54.81893540843922, 36.405803589328976, 60.59946102486286, 102.6634498024214, 16.528821784005622, 69.33332572368779, 0.0, 83.61954312275049, 53.03468689409402, 35.55394685007506, 47.802768663213826, 75.1893880721075, 48.07915653988702, 100.93103154231522, 49.588623342781325, 15.139995345470481, 57.22291312469488, 92.91707894935075, 30.87009249794163, 94.33342779921337, 32.81560477321172, 35.90084112591521, 82.74800006020114, 32.64309446872302, 41.89314620113538, 100.78784572552769, 11