instance_id,num_cities,city_coordinates,distance_matrix,best_route,total_distance
1149,85,"[[98.13792486391083, 70.30419281705369], [16.899034040594607, 29.36267192153513], [18.636559625673332, 16.718695478788547], [56.420557514341255, 33.197725046605406], [10.611670961342545, 18.157480213828148], [27.785375169293324, 91.0041926267252], [35.80152874104125, 24.331045908207848], [33.270899536259535, 8.807153252520516], [85.2590406296685, 78.8609977010103], [47.18747117409475, 60.52152141839184], [44.71039442470188, 17.97384514165764], [49.8598476195123, 88.50274712186015], [88.1552066802328, 92.52593959920439], [41.82445322170663, 33.16852602805543], [17.774634919277087, 54.901694563107604], [18.955934707817267, 13.814001731497495], [46.265909056280954, 24.89695428981117], [70.36570338275942, 35.07131162008753], [67.82844115855944, 54.878694403407025], [89.11406767757667, 27.84304630940886], [74.56625212422945, 56.72565614645488], [80.57580083138376, 36.02928943199798], [78.05656950816615, 16.934032735138473], [53.8873567517719, 96.5215264153773], [38.45008444450344, 0.10641786536792486], [83.97340257245511, 91.85756743901713], [20.093793879284416, 22.036428870060863], [55.59094395135801, 31.04728640333503], [49.450706051463754, 39.77483959844794], [77.53219372456594, 24.28685560960605], [48.61752458293177, 18.183947103837927], [90.76749109000299, 42.279403257508186], [1.3362563057402577, 75.2141660952988], [14.766457351223927, 63.47621168788229], [79.29186859290813, 42.87963688666475], [94.08611059555166, 15.619638348685893], [61.68772239315796, 87.95030432548126], [8.623799127818799, 87.44975532210472], [98.7833085715268, 9.245908268085412], [69.82217687061411, 44.17235592135916], [34.475492162623155, 62.81330273796549], [90.98469993635044, 29.547266459192667], [67.36453049551801, 85.64886968993787], [18.88857123824108, 94.78142643824616], [61.12783804807079, 21.550242453302893], [98.28743944152245, 68.23950514165116], [62.23520661289855, 8.234717860948383], [75.80861108461384, 13.957928536374853], [13.6363087845629, 77.96469983150465], [79.64141368069987, 88.21318969319155], [42.446531279175126, 22.965166543696824], [39.76958550021135, 72.19769193910109], [49.966563203597026, 29.85304359401404], [14.047942669861024, 10.601359715066149], [43.64478950914214, 73.66901816902627], [26.425345023802205, 56.138683479338894], [78.60859645841724, 44.24530028867745], [23.963405485180523, 71.82683202523499], [40.612187281980674, 88.67631608651207], [82.04373474042356, 73.7003062622026], [91.65823143019051, 85.30186745406697], [18.55064315211986, 8.628410938798247], [64.49511672598447, 27.168795225239293], [46.491855931852854, 12.291773590441435], [49.27843802424685, 94.05290922545379], [85.21759708191843, 0.8171604420547096], [31.648470092618552, 9.725036577761536], [4.345460456737548, 21.67793301093267], [11.790466420596468, 29.980882568619172], [66.53912340811145, 53.184797614915944], [16.01898470127989, 22.658046109484697], [97.6525175851118, 78.36130970968307], [91.18763499344618, 15.614983378403014], [65.79771983471288, 91.25042156644805], [32.15346325420315, 39.98574227548346], [70.74694499399098, 5.448199130558374], [87.77331503051678, 55.346744313354556], [55.20837414229681, 70.79444700724335], [62.72425099462041, 22.057516549172306], [13.414019160411106, 41.89544924598129], [61.684068339001094, 89.12814416222511], [88.3134489550375, 73.68523826514486], [19.157543652733445, 96.35205987570934], [93.76810583121386, 62.04659334166466], [44.579979803509296, 76.65935697048397]]","[[0.0, 90.97233379132841, 95.87425410261537, 55.83214745089294, 101.88289727692401, 73.3346523865357, 77.45551315619586, 89.38465668144568, 15.462359746853622, 51.881108227294916, 74.78613706202792, 51.59418689349703, 24.361048671696405, 67.45565088456893, 81.82600639887103, 97.2673082487757, 68.9385475232609, 44.8625924734367, 34.008981222529684, 43.40943401224016, 27.202948624394278, 38.51229936771846, 57.023107773015596, 51.434048637578925, 92.14318152799024, 25.791115705603808, 91.76417284315347, 57.89084803272966, 57.467266192481205, 50.42014953816492, 71.89429780722791, 28.977786731777357, 96.92611037919033, 83.65060024601932, 33.27581862176844, 54.83445719863709, 40.49694447148745, 91.14136832367345, 61.06169529412718, 38.531214410696535, 64.10162846311289, 41.37989455042603, 34.386929337843725, 82.94332411853824, 61.210245892228635, 2.0700941538677564, 71.70512463651502, 60.60940316685527, 84.8481377977146, 25.745933563577836, 73.09250801497724, 58.399044332944214, 62.90290579673861, 103.12881937557218, 54.59692162056775, 73.09826100613364, 32.5647132303523, 74.19014594421505, 60.388288581257754, 16.448603048991007, 16.33758462909097, 100.68782190794535, 54.703757318937704, 77.67082605881757, 54.32541748833514, 70.67802019212395, 89.94821713879765, 105.6481875012688, 95.29875617767215, 35.938251842987654, 94.94037934152648, 8.071725518611546, 55.1290863184588, 38.530940296760406, 72.6165106374895, 70.40288129968172, 18.19753837032086, 42.93234997447296, 59.84872653464075, 89.35992898913058, 41.0271227334319, 10.389985332332783, 83.16484831085968, 9.34255144350117, 53.93367770243407], [90.97233379132841, 0.0, 12.762802805165242, 39.70715867646561, 12.84862855314945, 62.595443109053654, 19.560714870331434, 26.27864774984345, 84.3989025747923, 43.454151999064, 30.052905713703396, 67.70497564052633, 95.22100883193173, 25.21430242608874, 25.554028144022638, 15.684131631473452, 29.704477476522513, 53.77056162764413, 56.96377719817041, 72.23102065727358, 63.829781036744194, 64.02479533711418, 62.407653508947966, 76.6710359517286, 36.33698081721732, 91.67651214836236, 7.992516980037035, 38.7285659235521, 34.17637468245205, 60.84524603035485, 33.63073788714918, 74.9892718678212, 48.42065229621717, 34.18013280732239, 63.84022356900789, 78.40099335394459, 73.74643906686588, 58.67357813229351, 84.31914726410501, 54.9562170020944, 37.78725422854304, 74.08589586662829, 75.59697342926918, 65.4490007622616, 44.91348525919409, 90.19689958601957, 50.017586769975104, 60.89042934869057, 48.711420560868504, 86.02319248258078, 26.336337828459545, 48.55822344332887, 33.071164922378905, 18.97671092979164, 51.75314244938092, 28.42015826649145, 63.478836795530654, 43.04776692489096, 63.87818110105329, 78.80138227339054, 93.3709333313285, 20.799937287345806, 47.64661773885969, 34.16358700895254, 72.34122341220021, 74.04236815267652, 24.559775767457033, 14.718947715425898, 5.145837884374275, 55.06025921630131, 6.762136801281176, 94.4562947064341, 75.54995150104986, 78.87442569365132, 18.588900838347858, 58.91943247278671, 75.48732161033239, 56.428694170436025, 46.40383393533228, 13.008298742696995, 74.68340491208292, 84.05063084151057, 67.02744933341104, 83.5289944710732, 54.801561792971604], [95.87425410261537, 12.762802805165242, 0.0, 41.22121919531062, 8.152848556712417, 74.84674951103278, 18.77722140764748, 16.635997265466184, 91.10554703532407, 52.28615601228462, 26.104027693121086, 78.280545370107, 102.8570879882798, 28.430183511904314, 38.19272618277734, 2.9221988653488626, 28.814317051401495, 54.88827591636621, 62.25774431082759, 71.35005481854112, 68.76545211694057, 64.87964734772305, 59.420400070762874, 87.24167882107224, 25.856208795021605, 99.57285335726829, 5.5137845524240445, 39.635022880949684, 38.485028278754804, 59.379902018076265, 30.016749026053247, 76.52595021338135, 61.00016866869059, 46.9174062972194, 66.05650127926127, 75.45755540786818, 83.2306717173464, 71.43625269669575, 80.49437194789529, 58.08330986128068, 48.73996924791619, 73.47670134003492, 84.41435933460507, 78.06313774568333, 42.765086088264084, 94.86124858842919, 44.416437220208195, 57.23866963979916, 61.449780777859125, 93.984333381944, 24.615709433313015, 59.36770023217394, 33.97175627789412, 7.647038800299454, 62.199283086114654, 40.18209342408181, 65.98756833091966, 55.36498894096101, 75.23847004301548, 85.24889338580935, 100.17892009458494, 8.090740731134197, 47.03415614245958, 28.20487847360072, 83.18356404727963, 68.45358548150992, 14.772307836750253, 15.127113153426993, 14.924965613972773, 60.203257569113546, 6.490576584492636, 100.21643329048698, 72.55947021182551, 88.19950808178353, 26.90840296900865, 53.31525439468562, 79.19606748238682, 65.28157872176111, 44.40976852748846, 25.712717848666937, 84.23904240352725, 90.0003105752765, 79.63506859122572, 87.74604013801763, 65.31419409734583], [55.83214745089294, 39.70715867646561, 41.22121919531062, 0.0, 48.214759688869016, 64.51016479614344, 22.444650732356425, 33.62746878586867, 54.00733818569044, 28.841631915224493, 19.20662487128399, 55.69280367398037, 67.28242712388904, 14.596133498435512, 44.32346586174131, 42.182065994825045, 13.115627337784373, 14.07044490909199, 24.499066135071182, 33.12911395090672, 29.71245150967166, 24.32064013495842, 27.067040891072732, 63.374450103296034, 37.655975798228695, 64.80845917238747, 38.002740539832594, 2.3049175738746706, 9.583176156297789, 22.91516479530792, 16.920427034900513, 35.52729549483475, 69.27958976522744, 51.49612425887014, 24.836189066184392, 41.565406540452045, 55.005344863478726, 72.30361610094822, 48.665102528658736, 17.321833742636077, 36.860118492541005, 34.75637767759106, 53.580715924747686, 72.11936127645714, 12.56273619815819, 54.59635660494276, 25.631267465549133, 27.314215914040798, 61.92393697725739, 59.71523684436398, 17.319892110996477, 42.40580486951164, 7.269177159928596, 48.02118506404289, 42.4399082836377, 37.76241976045756, 24.786246002835437, 50.45467890900171, 57.68690174707424, 47.92709355140649, 62.90099616871546, 45.141794487260626, 10.077028393990462, 23.14385277782401, 61.27285950771634, 43.33324880465446, 34.12657936542817, 53.33405424401932, 44.74587250869218, 22.402420529877592, 41.75370543875938, 61.15409970636964, 38.960267979171114, 58.80515918189108, 25.198592058485588, 31.229498343432134, 38.387165281470395, 37.61625832951726, 12.800031127290067, 43.87724635202708, 56.17754292108359, 51.54022944331392, 73.32804517888736, 47.19212399528982, 45.04567382127779], [101.88289727692401, 12.84862855314945, 8.152848556712417, 48.214759688869016, 0.0, 74.84370130872414, 25.93533975764091, 24.51263457675839, 96.21406775371437, 55.96875153498723, 34.09921793341283, 80.55355949523995, 107.44146165769136, 34.63479858277985, 37.435883064360375, 9.407047506906817, 36.28560602982131, 62.1017075728124, 67.98681021608571, 79.09763890777569, 74.68395173322268, 72.210671186485, 67.45599427570868, 89.51932035996752, 33.17857919151199, 103.98868458626342, 10.244847373614116, 46.78976493116186, 44.449756731566886, 67.20063697350993, 38.00586283722465, 83.70676598593084, 57.80569799604683, 45.508786759954056, 72.99420920365661, 83.51300924752796, 86.4858446645785, 69.3207834931747, 88.62084288363437, 64.67347035771446, 50.63224711223019, 81.17604953021892, 88.1814873923194, 77.06968413842259, 50.62997109171456, 100.97152865764286, 52.5685328488365, 65.33205366226463, 59.88365346535433, 98.35094209288305, 32.195841024926146, 61.40462900765954, 41.05598307408321, 8.300778291616744, 64.59657705439494, 41.14175602535401, 72.82963842634699, 55.30522704637967, 76.6350911289561, 90.4850554576759, 105.2469177776612, 12.402840025343165, 54.631762974537004, 36.3564875601271, 85.17766737799062, 76.59458794259673, 22.663914564017738, 7.187418311512352, 11.88202011351755, 65.9908546807976, 7.035206838697925, 105.83293469874344, 80.61606707016291, 91.58645132240659, 30.6679285218459, 61.463623458394316, 85.65606037941657, 68.98924704489266, 52.25831303383028, 23.90281006911707, 87.43697681860779, 95.50339374905494, 78.66018197637064, 94.02790496132083, 67.64847071181853], [73.3346523865357, 62.595443109053654, 74.84674951103278, 64.51016479614344, 74.84370130872414, 0.0, 67.15331124698758, 82.37987775825559, 58.742483812442174, 36.13356574398501, 74.96591179053092, 22.215750349004335, 60.38900786159241, 59.51520850567726, 37.46472056197413, 77.69352990632132, 68.6418028120012, 70.29631233904938, 53.93049930886683, 88.03714516550961, 57.99541802506554, 76.21724885388035, 89.51861016918181, 26.67872588163559, 91.52126245026994, 56.19450748986697, 69.39533745386558, 66.09069722112585, 55.62223632621929, 83.22228676879212, 75.7414457691807, 79.62946706417338, 30.803909273361857, 30.45130466372407, 70.49036622103095, 100.3923231216479, 34.03961487802054, 19.488458660081054, 108.28260990877614, 62.93102276678996, 28.973849211049174, 88.1538905833061, 39.939817476982796, 9.66543405411696, 77.04265718103757, 74.08624746158097, 89.6525339267964, 90.7874330403638, 19.24121752686449, 51.93109307025486, 69.60070810563165, 22.300353480814792, 65.04973582293773, 81.5679630240735, 23.495303715463216, 34.89202502153068, 69.06079810489015, 19.554503622078116, 13.036338372436393, 56.950803915891925, 64.12689201341325, 82.8917950350094, 73.63805460877339, 80.9047423397636, 21.708210976180105, 106.92128360667863, 81.37090825607399, 73.1816908389534, 63.08471666201635, 54.14941958707371, 69.35159470698466, 71.00183151022442, 98.50573293923911, 38.01314214391396, 51.20510198954445, 95.73674584462599, 69.7854322119915, 34.065447166850994, 77.29404366495928, 51.16839405306555, 33.95056636427653, 62.957079795611506, 10.150820695436463, 72.05736119202317, 22.08694308464162], [77.45551315619586, 19.560714870331434, 18.77722140764748, 22.444650732356425, 25.93533975764091, 67.15331124698758, 0.0, 15.728805655783189, 73.61766856359326, 37.93929628685851, 10.94449127898289, 65.69355802773238, 85.97354895133101, 10.694703089310124, 35.489906452997076, 19.859059810249544, 10.47967116270091, 36.19441222378078, 44.25925832620363, 53.42809143772254, 50.51845753250031, 46.27725513426571, 42.89760219539023, 74.42152007779563, 24.368985434939397, 82.94793872351805, 15.874451229538787, 20.898058301064772, 20.610938959641118, 41.73068838097048, 14.213956983544069, 57.82214583086365, 61.45687043784007, 44.43892699304188, 47.28065024634257, 58.93200406929345, 68.68409614575052, 68.7211791590146, 64.76315285899224, 39.383779430041855, 38.50509659407091, 55.42915604632022, 68.9644734126231, 72.4520824291388, 25.478516655608946, 76.37042508932018, 30.948846544550086, 41.32999155159872, 58.03331636984945, 77.47815050766144, 6.783928446718955, 48.030836726948905, 15.20331081598484, 25.72397305857694, 49.95750440410048, 33.160799582577106, 47.21252560592439, 48.94885965061228, 64.52484970859273, 67.64366550971219, 82.68864683426023, 23.327361586441384, 28.833570931051714, 16.10053332619583, 71.01243066010682, 54.72522836851036, 15.184972989713327, 31.567756333836353, 24.666815117594957, 42.158495151860706, 19.85316037842906, 82.12681795519867, 56.06773146673723, 73.3346733722646, 16.074137617547375, 39.72082601759573, 60.52305443116645, 50.353483396067915, 27.01854750518175, 28.455383494776402, 69.7751373927757, 72.06481851615702, 73.91920381421095, 69.15624756850428, 53.05952639900281], [89.38465668144568, 26.27864774984345, 16.635997265466184, 33.62746878586867, 24.51263457675839, 82.37987775825559, 15.728805655783189, 0.0, 87.23707890777523, 53.554148680996555, 14.659136519354439, 81.40381367414908, 100.10555607974862, 25.819368004627833, 48.629630429532995, 15.165314033378051, 20.68216550182903, 45.451407977827735, 57.59175797798518, 58.99851398580058, 63.25732420013314, 54.57836920168522, 45.51705619828169, 90.10465896651482, 10.125549495757292, 97.3042399419679, 18.672167706507274, 31.50885439456546, 34.93971574711484, 46.890119943200894, 17.984525661057944, 66.53006508860787, 73.68658489142695, 57.71585857273828, 57.261363360577036, 61.19558684555384, 84.09015508986667, 82.41443088936991, 65.5138782516182, 50.859546149970065, 54.01958187212965, 61.327278208372405, 84.06559972446853, 87.16895672821698, 30.633239228490506, 88.08720061578808, 28.969963180980493, 42.84842342252233, 71.89077411470105, 91.9540276727285, 16.871323547212448, 63.72278489075107, 26.864003528123348, 19.30650790582435, 65.68621707494285, 47.82400412131179, 57.54449606662401, 63.703291580003864, 80.20584565708495, 81.17826532632088, 96.2316051329724, 14.72134154313117, 36.22294348952639, 13.672463820161749, 86.73569161447486, 52.55758147985368, 1.8640780826855665, 31.659722006560475, 30.161827199092073, 55.46305111281658, 22.124099945726428, 94.77749428559369, 58.31547647958143, 88.62779772176518, 31.198606977031545, 37.62627480821614, 71.66900885890858, 65.75467572062713, 32.296625824116454, 38.58926055279664, 85.1984139648734, 85.0814207769471, 88.67523605808958, 80.58752974561158, 68.78820281033013], [15.462359746853622, 84.3989025747923, 91.10554703532407, 54.00733818569044, 96.21406775371437, 58.742483812442174, 73.61766856359326, 87.23707890777523, 0.0, 42.25849963180545, 73.15352387849433, 36.688774818256746, 13.96847933289309, 63.042567768799394, 71.61140426593116, 92.88279463680043, 66.57764107555403, 46.253087479820536, 29.647540697003194, 51.163391186823326, 24.582698626450224, 43.08698142420767, 62.34440295760633, 36.00106698148902, 91.61529470690618, 13.060003452106368, 86.46121099580873, 56.27030254557922, 53.00909903481812, 55.11842838931163, 70.88233325289937, 36.99400057445564, 84.00198277089054, 72.15189490192328, 36.47280450100344, 63.85441799055432, 25.263066684797117, 77.1150244603523, 70.9166165303824, 37.96838989518209, 53.25877682158762, 49.6450124734239, 19.13867025368487, 68.2531996203534, 62.183901494653185, 16.80938070808199, 74.28437478284724, 65.58749122794298, 71.62833983017326, 10.909685036535093, 70.40777583231116, 45.97488631472174, 60.39319935740461, 98.64278306401054, 41.936887674012844, 63.069067713357725, 35.24875763792417, 61.69792844594092, 45.71303959330109, 6.080372364255033, 9.079341720484235, 96.86395891834208, 55.70659146523047, 77.03477272036113, 39.05634314187382, 78.04384826281951, 87.48642405392606, 99.08032268695399, 88.24339664626321, 31.775817088520327, 89.17935362271781, 12.40354623217814, 63.52327572493144, 23.07034526836672, 65.81403978469557, 74.83341441952786, 23.64829144233555, 31.114494957018927, 61.110164578923246, 80.79702273289007, 25.71368536328023, 6.009816632480031, 68.37649565889541, 18.844850346015804, 40.7385960927064], [51.881108227294916, 43.454151999064, 52.28615601228462, 28.841631915224493, 55.96875153498723, 36.13356574398501, 37.93929628685851, 53.554148680996555, 42.25849963180545, 0.0, 42.6197215590641, 28.108550082394114, 51.98690350072034, 27.8737926802472, 29.94490591797026, 54.57666210522936, 35.63648495342575, 34.42301013997011, 21.39839102878099, 53.1575227960653, 27.640662790138656, 41.408332313426236, 53.41133214657083, 36.61814886824488, 61.0436455676186, 48.32341594974036, 47.06558931755686, 30.648799070126806, 20.869763742029527, 47.262598245753104, 42.36171917654549, 47.24397327561051, 48.147769548607904, 32.55537331826196, 36.63234122269423, 64.92812551421285, 31.02572186396611, 47.034950652315956, 72.74145269845884, 27.92176775237216, 12.91691418276212, 53.643282128621024, 32.225725034819625, 44.43612077520829, 41.389544727573806, 51.67953201882359, 54.40904491066641, 54.656544272938916, 37.81461319173345, 42.66247620642265, 37.85440928823575, 13.833220373415742, 30.794137178573393, 59.91870237220683, 13.616433607488208, 21.21968780827521, 35.386473240441056, 25.829581394985933, 28.91239908872846, 37.26445330022751, 50.9088800446734, 59.2702525252548, 37.57604208887962, 48.23476397903204, 33.59651932322778, 70.78771924675699, 53.12008496580651, 57.82959659788616, 46.75124134043313, 20.69574739783063, 49.04199538634479, 53.525498181186464, 62.86979859095086, 35.9250143983165, 25.450729245773573, 59.900915139002265, 40.9144111484534, 13.033337430581343, 41.48338459878651, 38.5691149171515, 32.07008254073521, 43.181355810813606, 45.49180500918904, 46.605593756878164, 16.347132701304112], [74.78613706202792, 30.052905713703396, 26.104027693121086, 19.20662487128399, 34.09921793341283, 74.96591179053092, 10.94449127898289, 14.659136519354439, 73.15352387849433, 42.6197215590641, 0.0, 70.71663794849523, 86.28711665089583, 15.466317721636527, 45.70778055241104, 26.088244335441303, 7.095707578973619, 30.83047579448655, 43.54781261810134, 45.48722161264205, 48.9190667851091, 40.153784942867354, 33.362383046446254, 79.0819503491809, 18.932417661822118, 83.66832273521368, 24.94958133842999, 17.008857234527714, 22.310399226007032, 33.423414105219464, 3.912775090375312, 52.07702284654797, 71.81761761878913, 54.47113665756748, 42.6166260758871, 49.43180794800439, 72.00648932460082, 78.28885269003867, 54.772775412598556, 36.289992900040126, 45.9927187916239, 47.699637646197715, 71.36609018802545, 81.03191406664969, 16.802472224563857, 73.4652048793806, 20.04918059226915, 31.356445359884336, 67.56109416512605, 78.44578783651802, 5.480726747442231, 54.44848165321916, 12.990098771860772, 31.536320156024026, 55.7053661004449, 42.31900184237202, 42.88679816284328, 57.71119255689815, 70.8211458498988, 67.07620120541338, 82.08021678817751, 27.778943951909525, 21.817019585141022, 5.954791534101018, 76.21608107344345, 43.990741037113715, 15.448518051284928, 40.534530479350956, 35.041270062141564, 41.42830654401891, 29.071269848843308, 80.308868013978, 46.53706178631259, 76.25045537887526, 25.34166797688684, 28.89279795282062, 57.01884533731406, 53.85372373006115, 18.470933941903148, 39.391702776185056, 73.15080228717447, 70.74592347361903, 82.43841778850204, 65.9474501580299, 58.685656736418444], [51.59418689349703, 67.70497564052633, 78.280545370107, 55.69280367398037, 80.55355949523995, 22.215750349004335, 65.69355802773238, 81.40381367414908, 36.688774818256746, 28.108550082394114, 70.71663794849523, 0.0, 38.50611124612905, 55.91460978301065, 46.45956959632091, 80.82982445384903, 63.707246653656405, 57.23118398533428, 38.124103595819825, 72.25297983490401, 40.25158300501846, 60.80241396230607, 76.92292248890595, 8.973385713796867, 89.12964558289218, 34.27811912704457, 72.82712006674164, 57.74058738480999, 48.72962516203996, 69.9245268963006, 70.32977322942128, 61.72546324095838, 50.31029019679235, 43.10305692582078, 54.29283604778078, 85.25203740244652, 11.840769177055785, 41.249490747640145, 93.1404935386135, 48.61767346468618, 29.943712955763047, 71.88186265149162, 17.735798233684406, 31.60129387609156, 67.89407551245739, 52.496005802610625, 81.21641479187427, 78.93204864508904, 37.72525952754807, 29.78297366888297, 65.95552840513949, 19.1746763766437, 58.649800614495966, 85.7386651168903, 16.083111078439394, 39.95758410321512, 52.775109284533286, 30.801166528666496, 9.249289048561836, 35.424777283918345, 41.92076478110172, 85.7914673208576, 63.0558859827999, 76.285358061785, 5.580531918521178, 94.54592830168814, 80.85531491495682, 80.85242865717126, 69.81465759893297, 39.05836399808894, 74.03194347347444, 48.85681175870792, 83.78909304167884, 16.172986292008783, 51.647030955858476, 85.64069580970488, 50.36617449601399, 18.498395306465557, 67.67910711626702, 59.165349887929615, 11.840748163916219, 41.20968362400203, 31.689796142863152, 51.26268830276861, 12.966992497575479], [24.361048671696405, 95.22100883193173, 102.8570879882798, 67.28242712388904, 107.44146165769136, 60.38900786159241, 85.97354895133101, 100.10555607974862, 13.96847933289309, 51.98690350072034, 86.28711665089583, 38.50611124612905, 0.0, 75.2983483344167, 79.8060692926001, 104.80509722528805, 79.55119678173384, 60.14566238549156, 42.78425490067084, 64.68999999034861, 38.292557778533606, 57.00279706415529, 76.26348311006167, 34.5000036626823, 104.93792057202137, 4.234879802348546, 97.98534092044146, 69.57051103630879, 65.4271879283543, 69.06099469306623, 84.20190112941846, 50.31439599334296, 88.52811782693183, 78.92905181109137, 50.4312813150265, 77.13465364729556, 26.86008493368352, 79.69323957578364, 83.95546538685784, 51.71236831252991, 61.354319651838075, 63.042202551646696, 21.898545768032303, 69.30334772819327, 75.94753610569276, 26.315262479975004, 88.18648686515668, 79.53219967516718, 75.9282282629966, 9.543819098804713, 83.23451300391612, 52.48243506076138, 73.39117374904833, 110.46955855934019, 48.340052984749946, 71.65618066890495, 49.21542338495599, 67.44657437575219, 47.69861942123745, 19.792790601891106, 8.028598928640463, 109.01188274340913, 69.50795765495086, 90.40661585693972, 38.90674462571418, 91.75581575380909, 100.2447047027842, 109.74294327918524, 98.708954577996, 44.888534267173696, 100.42488268396225, 17.05390437205083, 76.97071396494127, 22.393842106692695, 76.78976234870366, 88.80079087520306, 37.18115656263911, 39.46836131076707, 74.91683491874089, 90.27564270212075, 26.688315400417917, 18.841365857515957, 69.10366632550428, 30.991856755704156, 46.37401041178063], [67.45565088456893, 25.21430242608874, 28.430183511904314, 14.596133498435512, 34.63479858277985, 59.51520850567726, 10.694703089310124, 25.819368004627833, 63.042567768799394, 27.8737926802472, 15.466317721636527, 55.91460978301065, 75.2983483344167, 0.0, 32.41487891312964, 29.959418381640052, 9.38857970895468, 28.604607212213928, 33.87534205740369, 47.58853191283115, 40.33563901549655, 38.85680003319067, 39.70295987799009, 64.49121102640007, 33.23385865056617, 72.2560552003051, 24.416083686607735, 13.928959923664845, 10.089752782587432, 36.79574433601661, 16.452459513847792, 49.783823072034686, 58.37062564484168, 40.62869614671302, 38.70546329274908, 55.129341463909206, 58.27171436988828, 63.62967299880729, 61.77866009595361, 30.082499926724147, 30.542102331508733, 49.29344153038747, 58.365075327815184, 65.74347252249107, 22.530094961585736, 66.46835629715376, 32.22256420135038, 39.03805888666037, 52.92701270842807, 66.78351215955189, 10.222305311260984, 39.08322239868115, 8.791267185544774, 35.788427373033706, 40.54137994518928, 27.65430647525843, 38.4157275302658, 42.58499323491825, 55.52102616020635, 57.1000509179371, 72.11997461711599, 33.82140570332917, 23.451135440111557, 21.39213501266534, 61.33897624483265, 54.12555578792803, 25.556757037024987, 39.200875329024925, 30.20267262998005, 31.803554057081843, 27.863818720294134, 71.82729611685866, 52.39132155407961, 62.83489557109993, 11.8322645472348, 40.06154082935347, 51.021282498928905, 39.93543875733313, 23.669729161706154, 29.72056446978748, 59.37914763895793, 61.667095722084795, 67.12635651430544, 59.43135383100837, 43.578036931531464], [81.82600639887103, 25.554028144022638, 38.19272618277734, 44.32346586174131, 37.435883064360375, 37.46472056197413, 35.489906452997076, 48.629630429532995, 71.61140426593116, 29.94490591797026, 45.70778055241104, 46.45956959632091, 79.8060692926001, 32.41487891312964, 0.0, 41.104670919679556, 41.37677054601872, 56.20555639612073, 50.05381152366888, 76.29865733807733, 56.820899505475694, 65.57556035103842, 71.242227523163, 55.10298614015715, 58.56617250130006, 75.81565391671982, 32.946990566003706, 44.71136340420486, 35.102638412136464, 67.14338536681325, 47.95286040777006, 74.07617221322717, 26.130763310474926, 9.086884845974037, 62.680937370398695, 85.82844085921421, 54.95971123208684, 33.809969755289664, 92.98847256038478, 53.141935708680236, 18.480048067445686, 77.47619404875732, 58.34849202457976, 39.895286294945286, 54.69752809185298, 81.61010282475083, 64.4557922132955, 71.0234775691159, 23.43134556971426, 70.2648847015096, 40.35646530517954, 27.98087518803002, 40.78915495611879, 44.45680940835109, 31.960559035047996, 8.738702815144364, 61.76025919211877, 18.021130908722146, 40.771054155717444, 66.96196676945682, 79.89340614335877, 46.27979004007274, 54.33154816435118, 51.38369535156049, 50.25243496203755, 86.45050593468385, 47.259006857338626, 35.83519301498321, 25.62922439492151, 48.794703326369024, 32.29141020904433, 83.25160468124497, 83.26412346022951, 60.22828770236231, 20.718019618968235, 72.46870942102393, 70.0000949041918, 40.66773183332983, 55.670530936320645, 13.717776315632957, 55.673047297611674, 72.99688897191395, 41.47342789200342, 76.32861324430836, 34.524228996401824], [97.2673082487757, 15.684131631473452, 2.9221988653488626, 42.182065994825045, 9.407047506906817, 77.69352990632132, 19.859059810249544, 15.165314033378051, 92.88279463680043, 54.57666210522936, 26.088244335441303, 80.82982445384903, 104.80509722528805, 29.959418381640052, 41.104670919679556, 0.0, 29.473149413043327, 55.631264041999, 63.83440193983348, 71.54703147979983, 70.241849974092, 65.50211377278039, 59.18293358112532, 89.78161774744018, 23.831066476415135, 101.57789757557079, 8.300784995593808, 40.48592351490708, 40.048672662840794, 59.50511565192899, 29.98176673374561, 77.24751590872583, 63.87826900358551, 49.83860770801542, 66.97190504054181, 75.1518705856031, 85.56983721552682, 74.35709268455898, 79.95797080883759, 59.236848843278146, 51.39832840390315, 73.7270550024812, 86.62355569210699, 80.96745272935321, 42.87562071673606, 96.20614878874706, 43.6374126769923, 56.85285855724342, 64.37088228913458, 96.01024178454952, 25.210155586555288, 61.9827664884777, 34.91289079367141, 5.865957259508625, 64.74691146408253, 42.97872468471582, 66.96643924987886, 58.22854319211613, 77.93176108715227, 86.98528601607555, 101.96145788618426, 5.201404917370579, 47.45700799823196, 27.57796468504731, 85.77724921678568, 67.52426070741048, 13.334919966872679, 16.59238900849249, 17.683663980545976, 61.75936702542865, 9.318948240048709, 101.78166398617006, 72.25414909225225, 90.50166822069626, 29.311000713629504, 52.462323620103135, 80.37910512595842, 67.53525382178462, 44.53786082796143, 28.623076746626843, 86.59049285966807, 91.62439493181556, 82.53830437066154, 89.01260495923903, 67.86847841362338], [68.9385475232609, 29.704477476522513, 28.814317051401495, 13.115627337784373, 36.28560602982131, 68.6418028120012, 10.47967116270091, 20.68216550182903, 66.57764107555403, 35.63648495342575, 7.095707578973619, 63.707246653656405, 79.55119678173384, 9.38857970895468, 41.37677054601872, 29.473149413043327, 0.0, 26.15946546974368, 36.93030640139604, 42.94932077953801, 42.59079336714327, 36.070729952930456, 32.772766310656905, 72.02892333740334, 25.99341860113276, 76.8477636668103, 26.327974067804956, 11.17062491094601, 15.214940129933973, 31.272236526315496, 7.112985383375507, 47.775938877416976, 67.45736060773852, 49.805366770116706, 37.60439969862723, 48.71180828431568, 64.91191937786321, 73.0053515631021, 54.79993150924664, 30.437458195422156, 39.70722113379512, 44.959933952888356, 64.31132910631209, 75.05569980666665, 15.234087221544582, 67.71127186788726, 23.079180818718736, 31.502913001327467, 62.29668073637656, 71.57422702754734, 4.2801227202368155, 47.744758894690186, 6.185277868396999, 35.247147151535025, 48.84244550305228, 37.00937210867915, 37.688299527627265, 51.95974489737971, 64.02945854132821, 60.512973604228186, 75.55935722912294, 32.13722867488952, 18.370227910972268, 12.607205576746338, 69.22153880002573, 45.79378202111111, 21.067904711138247, 42.04385934688719, 34.84827788672541, 34.80237492098694, 30.329674293949964, 74.15538305853255, 45.87064905987281, 69.16844838447795, 20.659928591191978, 31.266198966743815, 51.47867969546141, 46.760533781826666, 16.701479756065563, 36.98912678754794, 66.05577482774251, 64.40723767400156, 76.42444366264047, 60.30385045855235, 51.78985121354834], [44.8625924734367, 53.77056162764413, 54.88827591636621, 14.07044490909199, 62.1017075728124, 70.29631233904938, 36.19441222378078, 45.451407977827735, 46.253087479820536, 34.42301013997011, 30.83047579448655, 57.23118398533428, 60.14566238549156, 28.604607212213928, 56.20555639612073, 55.631264041999, 26.15946546974368, 0.0, 19.969229136831842, 20.09350599404541, 22.057997338744993, 10.254940828621, 19.700515402124573, 63.621260645150905, 47.34079136950283, 58.393906592812925, 51.93431479698681, 15.312945347020769, 21.437357318739735, 12.9484777198409, 27.534820889447584, 21.637687646901842, 79.85307338591907, 62.43488213440162, 11.859442180285606, 30.676135861578896, 53.58633429889534, 80.9664381436632, 38.39937164796139, 9.117259919686054, 45.36215749510174, 21.346149390852773, 50.666521678601505, 78.83649500974717, 16.375514262300772, 43.3561115186674, 28.041179403116843, 21.80367376133001, 71.12008832765343, 53.9453242335976, 30.43088759073876, 48.10915240445227, 21.056002499075138, 61.40414251456771, 46.94454376260633, 48.72975733337441, 12.333181031191582, 59.195789803235726, 61.308794020146046, 40.355614769832734, 54.55713051509551, 58.17239433911359, 9.844468145387498, 32.99799910529804, 62.63786088606212, 37.33531330226983, 46.275888021348976, 67.36508789112582, 58.79601052028593, 18.513267922957905, 55.746345100648504, 51.17220108526587, 28.497395401128976, 56.364517810946346, 38.52696360095279, 29.625565627232042, 26.72298849639275, 38.8057602888134, 15.091410031801955, 57.35907243060348, 54.74953818546525, 42.58118013955339, 79.85991315863517, 35.71187847646606, 48.93331234008308], [34.008981222529684, 56.96377719817041, 62.25774431082759, 24.499066135071182, 67.98681021608571, 53.93049930886683, 44.25925832620363, 57.59175797798518, 29.647540697003194, 21.39839102878099, 43.54781261810134, 38.124103595819825, 42.78425490067084, 33.87534205740369, 50.05381152366888, 63.83440193983348, 36.93030640139604, 19.969229136831842, 0.0, 34.40936157747766, 6.986369893541665, 22.755114730638642, 39.29900709503228, 43.914454253859866, 62.15376191653847, 40.34968190754361, 57.94144420222555, 26.78978061056414, 23.78797128037326, 32.093977856416984, 41.419364976481226, 26.171399449329897, 69.53230943549342, 53.75398988937274, 16.594804904929358, 47.230696443839264, 33.63688168950256, 67.5726545827353, 55.141227652514125, 10.890393279478067, 34.28377482349883, 34.3204539928735, 30.773672193404494, 63.145379020652484, 33.995349556000896, 33.26051472819871, 46.97813129932061, 41.69163214834805, 58.90459114421317, 35.36573053159671, 40.776397702319, 32.9734295531628, 30.74621736916013, 69.66221633565965, 30.62556569791258, 41.42226384464539, 15.142021618272038, 47.025320025229234, 43.393590615535395, 23.586598834544617, 38.64490086493073, 67.58246885783417, 27.909667934911408, 47.63292656835517, 43.3442236429132, 56.7893669447137, 57.86054892038094, 71.64062671297556, 61.32010801436246, 2.1287617508027217, 61.01139200902882, 37.959303949353256, 45.686879298884406, 36.428373089088424, 38.65881622037763, 49.51657831026434, 19.95036502138466, 20.31199823851614, 33.21569618371651, 55.94188034210495, 34.796237240936435, 27.80866117678512, 63.944478320037746, 26.911799986601242, 31.85731026370756], [43.40943401224016, 72.23102065727358, 71.35005481854112, 33.12911395090672, 79.09763890777569, 88.03714516550961, 53.42809143772254, 58.99851398580058, 51.163391186823326, 53.1575227960653, 45.48722161264205, 72.25297983490401, 64.68999999034861, 47.58853191283115, 76.29865733807733, 71.54703147979983, 42.94932077953801, 20.09350599404541, 34.40936157747766, 0.0, 32.33951280358501, 11.828633784124639, 15.533024268639144, 77.18584580294572, 57.759499257558545, 64.22059913435936, 69.26409604750623, 33.67591095936216, 41.419197802180626, 12.115539466189375, 41.632537756897456, 14.530733323328702, 99.74450941780617, 82.4456768795601, 17.960363332819416, 13.195943048999977, 66.06880415045254, 100.15809048966707, 20.960624103143427, 25.274956049629424, 64.87135553526136, 2.5305397381772514, 61.7620885684306, 97.01735455280078, 28.68498612945202, 41.424927709105354, 33.271004142901575, 19.231008052575994, 90.60393059520617, 61.10879957848155, 46.92177175368462, 66.34917113489738, 39.199071361760296, 77.02076914892196, 64.555983100228, 68.77876875035044, 19.478163700334267, 78.60777436108611, 77.8017937690547, 46.39911527411156, 57.51511885177604, 73.13274979915195, 24.62818224070559, 45.37064047682177, 77.26980870455621, 27.30532896740272, 60.254105108551826, 84.99250197602109, 77.35314896770308, 33.93865742777152, 73.2787512337985, 51.23475445245123, 12.402628933338349, 67.55847329326207, 58.24049726436548, 28.963431699954953, 27.536358175198924, 54.72128357425706, 27.016564903159306, 76.99329434303361, 67.14363769221563, 45.84918269331992, 97.9152704815036, 34.518729709003566, 66.07811414783075], [27.202948624394278, 63.829781036744194, 68.76545211694057, 29.71245150967166, 74.68395173322268, 57.99541802506554, 50.51845753250031, 63.25732420013314, 24.582698626450224, 27.640662790138656, 48.9190667851091, 40.25158300501846, 38.292557778533606, 40.33563901549655, 56.820899505475694, 70.241849974092, 42.59079336714327, 22.057997338744993, 6.986369893541665, 32.33951280358501, 0.0, 21.55120114617604, 39.94440648136651, 44.84783165645748, 67.15739506115905, 36.36957066867872, 64.58011455766085, 31.92868605063188, 30.300508843539284, 32.57410919497371, 46.46288623125174, 21.706551235917225, 75.52785769306875, 60.179609960612694, 14.630232409347654, 45.50526973803089, 33.77625174494747, 72.74872766817984, 53.29908330886298, 13.419821032836229, 40.55032028630927, 31.752642323939305, 29.806326108720075, 67.44068357707785, 37.65502225954306, 26.367848725792648, 50.034246064184025, 42.7857684366712, 64.52561485201385, 31.893918443508042, 46.59878888321189, 38.08138521262036, 36.43188164761033, 76.09150084277033, 35.25924512640842, 48.14448538891975, 13.118682481594696, 52.808082723168006, 46.62320441493495, 18.548625092646063, 33.29768174051608, 73.83152067431452, 31.225563177080797, 52.559886230547775, 45.086554141771714, 56.91406716565439, 63.64742142737522, 78.48122373786943, 68.23549065140625, 8.77339584000963, 67.73761566755536, 31.63980338179044, 44.343632958147815, 35.620872895226064, 45.596813223524386, 51.41949732321587, 13.278851925301936, 23.930280321132837, 36.63485899918729, 62.924801415435276, 34.86935457803218, 21.831464594606746, 68.12031155971842, 19.925450017999538, 36.00734586489659], [38.51229936771846, 64.02479533711418, 64.87964734772305, 24.32064013495842, 72.210671186485, 76.21724885388035, 46.27725513426571, 54.57836920168522, 43.08698142420767, 41.408332313426236, 40.153784942867354, 60.80241396230607, 57.00279706415529, 38.85680003319067, 65.57556035103842, 65.50211377278039, 36.070729952930456, 10.254940828621, 22.755114730638642, 11.828633784124639, 21.55120114617604, 0.0, 19.26072051556843, 66.117953557592, 55.36270118681418, 55.931568213487, 62.07957241846635, 25.476723248741724, 31.349651849875414, 12.130469747455203, 36.603110026083726, 11.955520614321568, 88.39886863387753, 71.30359900180505, 6.969629993238988, 24.476158343708942, 55.24989859409592, 88.43729338636187, 32.3861520511282, 13.488882835127454, 53.31624356731491, 12.26221033897853, 51.34822693006511, 85.18877800319743, 24.245949307717062, 36.758674327545386, 33.30038445882167, 22.580324839703923, 78.99034270631724, 52.19226499987869, 40.30524163710743, 54.52797951116319, 31.22613393946694, 71.2217348935626, 52.73185732250109, 57.76382599101338, 8.448238126502678, 66.9807984615698, 66.09689723040826, 37.699606615757524, 50.5035366377271, 67.8080255378126, 18.360194957724318, 41.535345890487136, 65.92621157488934, 35.51676083817162, 55.54995419836208, 77.56949287418905, 69.05074551073874, 22.166185375457992, 65.92702523886464, 45.64662305009427, 23.007714270065144, 57.16436925353554, 48.58370401215989, 32.121791530004266, 20.614758638896756, 43.03629303341357, 22.669103843418874, 67.41748102816207, 56.35943514821197, 38.44270647353095, 86.08739134662827, 29.170824704428558, 54.28168677972988], [57.023107773015596, 62.407653508947966, 59.420400070762874, 27.067040891072732, 67.45599427570868, 89.51861016918181, 42.89760219539023, 45.51705619828169, 62.34440295760633, 53.41133214657083, 33.362383046446254, 76.92292248890595, 76.26348311006167, 39.70295987799009, 71.242227523163, 59.18293358112532, 32.772766310656905, 19.700515402124573, 39.29900709503228, 15.533024268639144, 39.94440648136651, 19.26072051556843, 0.0, 83.1764389449675, 43.03303709132624, 75.15680252667734, 58.186921253162694, 26.53089257378226, 36.605981509454246, 7.371497418145107, 29.46556722751234, 28.354106129021474, 96.34614887143333, 78.56088542339346, 25.97499448732303, 16.083339829628617, 72.8783231590014, 98.96149117031342, 22.106672522601414, 28.45578099624712, 63.27888841146393, 18.061844350612773, 69.5417034301911, 97.7807175553365