instance_id,num_cities,city_coordinates,distance_matrix,best_route,total_distance
711,50,"[[65.30616841040558, 78.56696825772987], [46.10312851276679, 23.308087419123822], [30.835471066775668, 84.2071949967679], [34.13215177975183, 98.12109357178042], [63.089830942735546, 34.356834335874964], [87.34760499416441, 57.39134825065987], [22.304983382110056, 34.82209098653375], [24.56045177032702, 66.77312640206596], [81.76307541105366, 17.458239069284552], [61.02720723040773, 12.40857601048081], [99.87372314362615, 41.83297699324766], [36.927548350325836, 28.893914422631937], [27.046888956665793, 98.75188404585829], [16.005381518879357, 27.844048094281902], [71.73689522268516, 22.250353778561305], [87.33680720464709, 15.736219554403764], [77.75143481805328, 19.147915024085126], [64.20558773455771, 55.561355948216594], [50.64667015531204, 92.82976094866584], [22.652658786859913, 22.74974349686506], [34.42093755123371, 65.07028413888145], [46.62683920004116, 97.70164698052139], [82.22413773224216, 81.95462692255745], [14.596702579099984, 6.240432935318507], [10.464449940035326, 64.63495771374309], [35.62275581165855, 59.29288103410707], [6.661263061775379, 17.554793330558937], [13.516669146052006, 97.93245062914022], [50.61164979955418, 74.71505819276003], [27.576038637947654, 6.249106842852359], [8.368556519515124, 62.923688961905135], [99.59699215341561, 45.22579492387953], [58.918940693112454, 87.13796298162552], [67.81740034245016, 65.9045496977834], [40.62095585403438, 14.84117619414681], [74.29195516272299, 80.22505184514692], [1.5612647360180198, 13.281418424822377], [72.43298047013415, 67.41562160532904], [37.587936346745884, 54.99221197209644], [58.76568466158481, 50.792372731533476], [37.1524380157544, 77.13064946290363], [0.38234703112932644, 58.03626094995591], [63.86916008290775, 62.22812981580119], [84.71705638822333, 20.60018540434092], [63.567312146531265, 39.47041730011273], [58.075000115341524, 77.80054602005376], [80.41812154161683, 21.214054929642256], [43.71338011842853, 22.770138501980508], [3.5277892073351635, 66.0143803077245], [68.27727760500402, 13.566276203446492]]","[[0.0, 58.50043292870207, 34.92908720570713, 36.79922729740217, 44.26565365109775, 30.565205861562358, 61.340983048119774, 42.41825232408785, 63.285911315669054, 66.29662414875129, 50.441074081082526, 57.20802700512313, 43.25740733901179, 70.73458996863698, 56.682583866029525, 66.58116872136486, 60.70838939668909, 23.031922967040302, 20.453071760391076, 70.24873282281183, 33.70545901524436, 26.740479980240142, 17.253808773832667, 88.33220045170599, 56.58369908888167, 35.392024833446214, 84.62688941875093, 55.291718561913804, 15.190987076331611, 81.56859550260717, 59.047471029374734, 47.82775796806739, 10.689182778379488, 12.909032868646563, 68.33985874351988, 9.137483501543784, 91.24481224399554, 13.234197455709355, 36.387766112553614, 28.53429663251571, 28.190344921889068, 68.09267600150291, 16.401909479226635, 61.13043829762172, 39.13520049633026, 7.271670919255354, 59.31043579893049, 59.82921290652433, 63.04074556349237, 65.06855966887545], [58.50043292870207, 0.0, 62.783777105567594, 75.76470268891589, 20.26383152009324, 53.50491107491985, 26.437170609014295, 48.510787821039706, 36.13658172136314, 18.480461967101434, 56.87221097064615, 10.742101034271665, 77.81328109953711, 30.43762989055883, 25.655580215479382, 41.92313730419043, 31.92056275114333, 36.98611037519854, 69.6699853667687, 23.457115728520378, 43.36536245117132, 74.39540292987984, 68.87774606330572, 35.83238346373559, 54.57128932651998, 37.47990906428501, 39.8592667158294, 81.42894398528696, 51.60429641333076, 25.184556329846924, 54.711002633019895, 57.809855124090696, 65.10374840334731, 47.811799796186804, 10.086763740258563, 63.51496506630905, 45.65645321121353, 51.3686254058267, 32.80841730886368, 30.260969372376458, 54.56173609160393, 57.414596541987734, 42.78319270356537, 38.708760756353655, 23.795348645812147, 55.79205816281201, 34.378826603551076, 2.4495482084861964, 60.30329152923226, 24.219739340601123], [34.92908720570713, 62.783777105567594, 0.0, 14.299114562763828, 59.37509738121726, 62.55166598690937, 50.11644159594609, 18.528966914957117, 83.95858503843687, 77.88827011118165, 81.00527514450283, 55.647752995982096, 15.030014435780647, 58.28152267013826, 74.23999374811181, 88.77316860061697, 80.21108131221719, 43.978958391677395, 21.606301231827114, 61.99981259383974, 19.469897973380963, 20.771796789448462, 51.43801244783258, 79.63989947471677, 28.24979599942498, 25.37008347362351, 70.90088138057718, 22.098043853319457, 21.936223612481747, 78.02619693648899, 30.947534286433015, 79.04237049703792, 28.235981782726224, 41.26317871773125, 70.05283917906007, 43.6385549034489, 76.72968746599524, 44.85877534577349, 29.985180014284463, 43.55051295299364, 9.485861485776814, 40.15358704291615, 39.67749886577666, 83.36112346917801, 55.432415599090746, 27.982799965308963, 80.16592121111549, 62.772226759024086, 32.81292420443946, 79.95016125568947], [36.79922729740217, 75.76470268891589, 14.299114562763828, 0.0, 70.03162098945059, 67.01340623143011, 64.39445349246503, 32.77670646578022, 93.67604273485149, 89.83306559608188, 86.54655552562376, 69.28359528008832, 7.113286574741137, 72.57715150883813, 84.67872156675017, 98.07141696611129, 90.21864986077776, 52.11278937760294, 17.34149699723621, 76.24053496329428, 33.05207106054951, 12.501725847804185, 50.736513052977585, 93.93449618997236, 41.00587037335817, 38.85681393591953, 85.12096370174676, 20.616345708689185, 28.62544929164648, 92.10561635996184, 43.61903405629887, 84.16387552982516, 27.111142768166257, 46.611175375825326, 83.53232438248025, 43.966784249479836, 90.87702218854355, 49.08950485646138, 43.26711077727555, 53.35558788556614, 21.20662332468955, 52.400793189510296, 46.6110985711558, 92.56524065410704, 65.62263704654048, 31.403576853967362, 89.76125884533714, 75.95766167022828, 44.35615002549525, 91.18885215756698], [44.26565365109775, 20.26383152009324, 59.37509738121726, 70.03162098945059, 0.0, 33.45188235691073, 40.78750120189323, 50.35205110749536, 25.184371760232676, 22.04496450659177, 37.53594856241319, 26.726550926440385, 73.7957728746194, 47.532744105262374, 14.877452475010442, 30.571934068449867, 21.12519478796032, 21.23385622129811, 59.78223312194436, 42.07005407304525, 42.01453852055377, 65.44918170691962, 51.29982022814315, 56.05457631816736, 60.714046817559165, 37.09779833349468, 58.87692124288132, 80.61859188542466, 42.24323895636429, 45.29099014914148, 61.7291102943023, 38.09077478768553, 52.945669006951555, 31.899972680005718, 29.760901539712407, 47.21632095491888, 65.03797056549558, 34.35371681228026, 32.80496057267004, 16.994856969564495, 50.0234706150007, 67.02942475731085, 27.8821890395657, 25.631665382792256, 5.135827005665289, 43.732191954273624, 21.74861617667138, 22.57650032431898, 67.45247981097022, 21.42794694626081], [30.565205861562358, 53.50491107491985, 62.55166598690937, 67.01340623143011, 33.45188235691073, 0.0, 68.84703333930366, 63.48420568327082, 40.32170853964748, 52.11730170350525, 19.974147092623127, 57.9161967566131, 73.12229670832922, 77.21888238590745, 38.45235691160451, 41.655130095750714, 39.42900793837407, 23.214259296194143, 51.01803320983551, 73.385808196709, 53.48082070228539, 57.29835033009688, 25.09192252294128, 88.9331768228452, 77.22363245231944, 51.75978989408189, 89.98464803694361, 84.22937771508533, 40.61577686341147, 78.66491594662823, 79.17257663930297, 17.26407175390453, 41.146689318758185, 21.305010974349376, 63.19728539979925, 26.302623678296953, 96.46233505429349, 17.970311098640867, 49.8174716217514, 29.333814068408444, 53.93695208609911, 86.96764918615975, 23.97147954048321, 36.88508437773429, 29.776871797646418, 35.68502136726162, 36.83496020025102, 55.70075174509173, 84.26219911914923, 47.79450100872698], [61.340983048119774, 26.437170609014295, 50.11644159594609, 64.39445349246503, 40.78750120189323, 68.84703333930366, 0.0, 32.03054482482056, 61.94165045529935, 44.7412144821687, 77.88492736588348, 15.778551379086931, 64.10541403880067, 9.400960921167913, 51.00551425719291, 67.77468995140657, 57.61934370452525, 46.7523021492123, 64.56114143651685, 12.07735285972791, 32.58449837591549, 67.41951670272678, 76.23503788807034, 29.602850705542714, 32.07811176935506, 27.86005434376709, 23.29990458780648, 63.719321726857956, 48.91539835456217, 29.05511050375065, 31.36755971486871, 77.98904843322246, 63.85555835304185, 55.11351319874639, 27.10556775891102, 69.022272417293, 29.904889862346785, 59.792594276007954, 25.30617379003605, 39.804932317562894, 44.83816487599081, 31.92960494068151, 49.786260646150645, 64.01194775437801, 41.52332733031751, 55.91638126849735, 59.685136106668814, 24.567641512964585, 36.40799272376974, 50.64841061878685], [42.41825232408785, 48.510787821039706, 18.528966914957117, 32.77670646578022, 50.35205110749536, 63.48420568327082, 32.03054482482056, 0.0, 75.52548089239514, 65.46242122824763, 79.33536347356315, 39.84695443822421, 32.07527568583028, 39.8580276092632, 64.86828268805827, 80.90510899932733, 71.39636850975586, 41.20000730985551, 36.8705708326328, 44.06470147959362, 10.006440506431366, 37.99340520893313, 59.628672941530844, 61.347235278249386, 14.257244928081692, 13.353974744162514, 52.37198933363276, 33.05856350388165, 27.2348893760567, 60.599098242137536, 16.643186005659395, 78.06900720832645, 39.940359662493485, 43.26566797430184, 54.358690600681086, 51.518702699059695, 58.226501067484996, 47.87683995628861, 17.564318922038943, 37.75423744460244, 16.30449022695333, 25.708239276696645, 39.57058937105577, 75.83374947563453, 47.61274073937114, 35.28213335672174, 72.08126154353761, 47.990599167363776, 21.04634386596298, 68.86312343422867], [63.285911315669054, 36.13658172136314, 83.95858503843687, 93.67604273485149, 25.184371760232676, 40.32170853964748, 61.94165045529935, 75.52548089239514, 0.0, 21.341867917606734, 30.36648498188782, 46.27093210213529, 97.99243732905389, 66.57281228189639, 11.11254482809854, 5.833681283421681, 4.35296049598887, 41.95369935297557, 81.54199523223353, 59.346789067251684, 67.14301790095172, 87.5988562042063, 64.49803581958001, 68.09670193085897, 85.49348967093896, 62.282151223759236, 75.10187441649893, 105.51621057575971, 65.18247198263634, 55.33425340166418, 86.33575468633376, 33.00129913369396, 73.32883754370792, 50.413558361140005, 41.22527161507239, 63.209891819280756, 80.31049910348128, 50.821164306411305, 57.96759468202858, 40.49746224513868, 74.50439940701067, 90.93623486485058, 48.21343509050036, 4.3125201896170156, 28.559092969565555, 64.82529536651705, 3.9893675799338912, 38.418687997440706, 92.0785472265124, 14.03617175068458], [66.29662414875129, 18.480461967101434, 77.88827011118165, 89.83306559608188, 22.04496450659177, 52.11730170350525, 44.7412144821687, 65.46242122824763, 21.341867917606734, 0.0, 48.73240371447506, 29.19862908938459, 92.78916355090654, 47.59431256830001, 14.54503374104766, 26.519205537872125, 18.031042087013542, 43.26967204617817, 81.0883625240342, 39.74349900584559, 59.00126345462267, 86.50016505712797, 72.7046288771544, 46.838421740818546, 72.69241618367047, 53.32470543224795, 54.608968476362215, 97.83447428617987, 63.1710500033527, 34.01352290822216, 72.97061142122182, 50.641861796511996, 74.75912027890223, 53.925188207844016, 20.55073329322609, 69.10157691646201, 59.47234794949951, 56.1771014584214, 48.608286035089556, 38.4503619625666, 68.98515345372346, 75.8925866045296, 49.900547465704676, 25.06614085936711, 27.18079077161189, 65.45857673814132, 21.296572889092985, 20.17747720922414, 78.61148343178898, 7.341920060405961], [50.441074081082526, 56.87221097064615, 81.00527514450283, 86.54655552562376, 37.53594856241319, 19.974147092623127, 77.88492736588348, 79.33536347356315, 30.36648498188782, 48.73240371447506, 0.0, 64.26227712519238, 92.43110817121445, 85.02698900129037, 34.28060993362016, 28.951943114113803, 31.686080182069258, 38.21889941234409, 70.88000225528977, 79.54409205635132, 69.45530638607981, 77.1786170895055, 43.8321190252516, 92.40670662283256, 92.27105970764718, 66.58104123704875, 96.32233861607529, 102.97908388291353, 59.22822920000269, 80.5801898717223, 93.90427919030738, 3.4040848331614826, 61.07238296461027, 40.08800873082805, 65.11104162776739, 46.134350157584294, 102.37446446665251, 37.51621068046266, 63.660699824420576, 42.073050755040406, 71.97141995172039, 100.80218416155486, 41.379835908912945, 26.087467983541103, 36.38319897691238, 55.14344266087594, 28.348904401425138, 59.307469513139736, 99.33417967806217, 42.39506745147672], [57.20802700512313, 10.742101034271665, 55.647752995982096, 69.28359528008832, 26.726550926440385, 57.9161967566131, 15.778551379086931, 39.84695443822421, 46.27093210213529, 29.19862908938459, 64.26227712519238, 0.0, 70.55326604724361, 20.94849121608242, 35.43765691621945, 52.09816035607557, 41.97111161985557, 38.14765877702303, 65.39118269385108, 15.5410201857596, 36.26310554192649, 69.4879867512753, 69.76546581678994, 31.809540964219018, 44.47153868498145, 30.426956052397713, 32.32063879796655, 72.89985422930869, 47.82083070039166, 24.499756003396158, 44.42568592139101, 64.76256254423275, 62.25745360771492, 48.207572844581506, 14.529993486123036, 63.4900351671932, 38.65907458759557, 52.38852578841834, 26.10665139933118, 30.926472056408674, 48.23725927855968, 46.74214480080299, 42.86047548298312, 48.50384540975191, 28.66250910571119, 53.28295534558499, 44.16344866899666, 9.140467401142132, 49.93468632459915, 34.89616050111902], [43.25740733901179, 77.81328109953711, 15.030014435780647, 7.113286574741137, 73.7957728746194, 73.12229670832922, 64.10541403880067, 32.07527568583028, 97.99243732905389, 92.78916355090654, 92.43110817121445, 70.55326604724361, 0.0, 71.76235841884213, 88.59842432738297, 102.59861009441606, 94.38083944863475, 56.975350917912586, 24.33148607467857, 76.12906558479588, 34.4793672356195, 19.60809652736498, 57.67734936097639, 93.34546441800971, 37.93338827591392, 40.38017348892839, 83.71703102568186, 13.555010853848845, 33.66105985667562, 92.5042906553753, 40.40469855854044, 90.1585253348404, 33.92212912505585, 52.35629830720076, 85.00154224665286, 50.74780578712781, 89.18922320209292, 55.15304748253399, 45.01136056689563, 57.49953675012729, 23.86629226915654, 48.6699061041448, 51.86390145324671, 97.12639297399254, 69.62782209356975, 37.439314191724456, 94.1307782380049, 77.78815837606459, 40.30995167478235, 94.63895990327762], [70.73458996863698, 30.43762989055883, 58.28152267013826, 72.57715150883813, 47.532744105262374, 77.21888238590745, 9.400960921167913, 39.8580276092632, 66.57281228189639, 47.59431256830001, 85.02698900129037, 20.94849121608242, 71.76235841884213, 0.0, 56.01152591936073, 72.35172287040089, 62.355415389515265, 55.6013402167943, 73.64211942621614, 8.374857276913644, 41.532220672979015, 76.27422757832367, 85.5153694699134, 21.649493395734943, 37.20581881089022, 37.065758692087044, 13.898968067205095, 70.13257345316083, 58.26221238474968, 24.4994202751767, 35.90128548495634, 85.37963745135102, 73.1938652051383, 64.28908987444288, 27.83884296268193, 78.36513396330885, 20.51103830932894, 68.92012299425951, 34.68183205706612, 48.529054477835786, 53.63177297975008, 33.99483672159279, 58.933915314175934, 69.09245841639415, 48.962329457858345, 65.31082983594254, 64.75305310639749, 28.168737013637426, 40.157995109039994, 54.18676859349839], [56.682583866029525, 25.655580215479382, 74.23999374811181, 84.67872156675017, 14.877452475010442, 38.45235691160451, 51.00551425719291, 64.86828268805827, 11.11254482809854, 14.54503374104766, 34.28060993362016, 35.43765691621945, 88.59842432738297, 56.01152591936073, 0.0, 16.90536005340613, 6.767555893343372, 34.15177093545083, 73.66308648078667, 49.08677679965086, 56.798126139866824, 79.51988782253449, 60.61833457879851, 59.340704248879, 74.50347107120275, 51.73374035266459, 65.24481733488783, 95.48494388182192, 56.5581223473407, 46.97042854600423, 75.298516220018, 36.11171412175941, 66.1415284553644, 43.82979878427478, 31.985896818300127, 58.030974032915836, 70.74645514498091, 45.1706315268602, 47.30941418233961, 31.35122245355393, 64.86857123984518, 79.82545145315957, 40.744617228701514, 13.084633718473826, 19.059713411393314, 57.20551753101119, 8.742860270230947, 28.028335215584953, 81.04179268413647, 9.347842392294691], [66.58116872136486, 41.92313730419043, 88.77316860061697, 98.07141696611129, 30.571934068449867, 41.655130095750714, 67.77468995140657, 80.90510899932733, 5.833681283421681, 26.519205537872125, 28.951943114113803, 52.09816035607557, 102.59861009441606, 72.35172287040089, 16.90536005340613, 0.0, 10.174430193751359, 46.05534499880808, 85.37903888781946, 65.0632659388214, 72.34596871700903, 91.5184833139306, 66.41548662404584, 73.35729537306251, 91.10678298015871, 67.61305991252081, 80.69603852313791, 110.4791074632734, 69.47834622066156, 60.50912961929209, 91.992618646029, 31.93661206906585, 76.84909954914376, 53.83185482246654, 46.7244247693782, 65.79496679092777, 85.81066212524749, 53.78554311033368, 63.37178467057778, 45.22436200709816, 79.29531470822715, 96.69731974637824, 52.079057030483106, 5.524604793965613, 33.59019258578624, 68.61657215109565, 8.824675161275609, 44.18686916390101, 97.73354053962497, 19.182656820837778], [60.70838939668909, 31.92056275114333, 80.21108131221719, 90.21864986077776, 21.12519478796032, 39.42900793837407, 57.61934370452525, 71.39636850975586, 4.35296049598887, 18.031042087013542, 31.686080182069258, 41.97111161985557, 94.38083944863475, 62.355415389515265, 6.767555893343372, 10.174430193751359, 0.0, 38.85136616831714, 78.50912485995649, 55.216376995262344, 63.137912370504125, 84.49514339101637, 62.96576951690735, 64.46024587329558, 81.2195135827923, 58.193160171704555, 71.10802034276777, 101.6518970380834, 61.840725503331235, 51.806849299361915, 82.03841895627242, 34.01887998392516, 70.55004930001519, 47.80029212224707, 37.379412347530945, 61.1750328299409, 76.41569079370167, 48.55983376478916, 53.832334457572294, 36.902986499771664, 70.78330335860022, 86.59260472945098, 45.26171073128424, 7.1154039320467595, 24.7829262743513, 61.86512107285769, 3.373448115943936, 34.23024496930256, 87.78163324937655, 10.996105984467125], [23.031922967040302, 36.98611037519854, 43.978958391677395, 52.11278937760294, 21.23385622129811, 23.214259296194143, 46.7523021492123, 41.20000730985551, 41.95369935297557, 43.26967204617817, 38.21889941234409, 38.14765877702303, 56.975350917912586, 55.6013402167943, 34.15177093545083, 46.05534499880808, 38.85136616831714, 0.0, 39.65826845940563, 52.94570630173998, 31.26571767732516, 45.65979115509745, 31.95736060352979, 69.9542345624024, 54.501744379874744, 28.82538048663596, 68.9626573158004, 66.0656955774474, 23.48743192120748, 61.42818391300904, 56.32031607079357, 36.869707463267865, 32.01610139731495, 10.95567648553062, 47.05707067108568, 26.646438846348893, 75.57714152392566, 14.429608639696765, 26.623735467973585, 7.234344916047706, 34.5992388995872, 63.871207978676836, 6.6752571011387705, 40.533983176197566, 16.103592838348625, 23.068716470757263, 37.98135515888806, 38.66774514487341, 61.57159208897133, 42.19200612877628], [20.453071760391076, 69.6699853667687, 21.606301231827114, 17.34149699723621, 59.78223312194436, 51.01803320983551, 64.56114143651685, 36.8705708326328, 81.54199523223353, 81.0883625240342, 70.88000225528977, 65.39118269385108, 24.33148607467857, 73.64211942621614, 73.66308648078667, 85.37903888781946, 78.50912485995649, 39.65826845940563, 0.0, 75.46438576270086, 32.15373930497054, 6.3161946151415576, 33.39767954002034, 93.79398641730181, 49.087246315972976, 36.7483376033389, 87.18392504981172, 37.478986337985056, 18.11473660752866, 89.60169476076065, 51.786214712785004, 68.28082897129349, 10.041266053051531, 31.934322852757386, 78.63036499510632, 26.79511512694106, 93.47361030508654, 33.47419596788344, 40.02762347725976, 42.814254690125885, 20.70160386247068, 61.13174152019945, 33.3360775718632, 79.86177309184346, 54.901389272673626, 16.76476624845953, 77.55738950126106, 70.40185514677609, 54.21488338738902, 81.20060549651556], [70.24873282281183, 23.457115728520378, 61.99981259383974, 76.24053496329428, 42.07005407304525, 73.385808196709, 12.07735285972791, 44.06470147959362, 59.346789067251684, 39.74349900584559, 79.54409205635132, 15.5410201857596, 76.12906558479588, 8.374857276913644, 49.08677679965086, 65.0632659388214, 55.216376995262344, 52.94570630173998, 75.46438576270086, 0.0, 43.926308122907066, 78.69275165037182, 83.9879713125037, 18.36996912460493, 43.62251259255448, 38.776594975558076, 16.81404902058561, 75.73576274425713, 59.009313755468426, 17.21948544950877, 42.63779393697543, 80.15986105884575, 73.89916110296156, 62.46752098508535, 19.631737984087266, 77.26595628039753, 23.11917132333598, 66.88139572474863, 35.533636025139934, 45.722420017116654, 56.280782966957815, 41.72655149499797, 57.07313698610123, 62.10161068453265, 44.199432032286104, 65.4624558326265, 57.7858722063335, 21.06073120673219, 47.30316516692518, 46.53968106713063], [33.70545901524436, 43.36536245117132, 19.469897973380963, 33.05207106054951, 42.01453852055377, 53.48082070228539, 32.58449837591549, 10.006440506431366, 67.14301790095172, 59.00126345462267, 69.45530638607981, 36.26310554192649, 34.4793672356195, 41.532220672979015, 56.798126139866824, 72.34596871700903, 63.137912370504125, 31.26571767732516, 32.15373930497054, 43.926308122907066, 0.0, 34.83948730913129, 50.697406036031445, 62.08020364708645, 23.96044256189617, 5.901080728658711, 55.03018621190069, 38.9475342478746, 18.845711174118204, 59.218101452376814, 26.140666178880533, 68.13018307410397, 32.97172436264132, 33.40688141667633, 50.610310331777924, 42.65401539839543, 61.3338789697168, 38.08432767819135, 10.563968003061262, 28.222782747684985, 12.36582009154886, 34.75777793268267, 29.585057908870116, 67.1363482140961, 38.79258091713023, 26.862134005881874, 63.55399102730277, 43.30879598612323, 30.90757079057081, 61.635335605883405], [26.740479980240142, 74.39540292987984, 20.771796789448462, 12.501725847804185, 65.44918170691962, 57.29835033009688, 67.41951670272678, 37.99340520893313, 87.5988562042063, 86.50016505712797, 77.1786170895055, 69.4879867512753, 19.60809652736498, 76.27422757832367, 79.51988782253449, 91.5184833139306, 84.49514339101637, 45.65979115509745, 6.3161946151415576, 78.69275165037182, 34.83948730913129, 0.0, 38.92475181033988, 96.90760200613043, 49.00126871885927, 39.95401297422969, 89.55872613013217, 33.110974484727805, 23.329423044979652, 93.41573796576586, 51.703022712484355, 74.56240442055532, 16.207627178106428, 38.21119308707958, 83.07784454176381, 32.72292802843943, 95.69577311025223, 39.789449107505774, 43.6554418547125, 48.45442786480921, 22.64796274879156, 60.925330568773504, 39.44195798212147, 85.99709310567492, 60.645327385902284, 22.95896791629224, 83.619390693964, 74.98812710482822, 53.49402751211313, 86.87636099033476], [17.253808773832667, 68.87774606330572, 51.43801244783258, 50.736513052977585, 51.29982022814315, 25.09192252294128, 76.23503788807034, 59.628672941530844, 64.49803581958001, 72.7046288771544, 43.8321190252516, 69.76546581678994, 57.67734936097639, 85.5153694699134, 60.61833457879851, 66.41548662404584, 62.96576951690735, 31.95736060352979, 33.39767954002034, 83.9879713125037, 50.697406036031445, 38.92475181033988, 0.0, 101.5190088433181, 73.82021222902132, 51.81933542241539, 99.28286153783931, 70.5408186082423, 32.430861053752544, 93.36884118997334, 76.26810261132707, 40.63032329094113, 23.874655635922693, 21.56754647936667, 78.96226954100318, 8.118555922365958, 105.93634242024018, 17.52853205906662, 52.147505156885714, 39.004936953342515, 45.32911728530008, 85.26527391596218, 26.94512743726459, 61.405066056780626, 46.40027163906976, 24.503820840525076, 60.767415450283174, 70.61077907511934, 80.29450001896348, 69.79599860657393], [88.33220045170599, 35.83238346373559, 79.63989947471677, 93.93449618997236, 56.05457631816736, 88.9331768228452, 29.602850705542714, 61.347235278249386, 68.09670193085897, 46.838421740818546, 92.40670662283256, 31.809540964219018, 93.34546441800971, 21.649493395734943, 59.340704248879, 73.35729537306251, 64.46024587329558, 69.9542345624024, 93.79398641730181, 18.36996912460493, 62.08020364708645, 96.90760200613043, 101.5190088433181, 0.0, 58.54055035589518, 57.06712857515297, 13.81976669435856, 91.69837828980737, 77.36827985317464, 12.979338957172482, 57.02439229939317, 93.51421109701268, 92.24354264135981, 79.95154469716586, 27.408658178068734, 95.06443612758184, 14.81546882229035, 84.18692742403842, 53.90113903628903, 62.735749918275694, 74.392096357182, 53.71085275217683, 74.5814807472026, 71.57559995758496, 59.18067642643383, 83.7329812042426, 67.50310029819421, 33.48151844002563, 60.79017706596021, 54.17815163606902], [56.58369908888167, 54.57128932651998, 28.24979599942498, 41.00587037335817, 60.714046817559165, 77.22363245231944, 32.07811176935506, 14.257244928081692, 85.49348967093896, 72.69241618367047, 92.27105970764718, 44.47153868498145, 37.93338827591392, 37.20581881089022, 74.50347107120275, 91.10678298015871, 81.2195135827923, 54.501744379874744, 49.087246315972976, 43.62251259255448, 23.96044256189617, 49.00126871885927, 73.82021222902132, 58.54055035589518, 0.0, 25.71921728166047, 47.23352738022654, 33.43709132882971, 41.39330963123422, 60.841713073223154, 2.705773451565542, 91.22130059160219, 53.42492789163483, 57.36700082510672, 58.213705662518585, 65.70389225896935, 52.119600001110484, 62.030886401354614, 28.786560410946233, 50.24566085360917, 29.46847501686781, 12.04954762827992, 53.458917740396984, 86.32792559010313, 58.7636628262001, 49.39734004424341, 82.33402072732903, 53.46171008900886, 7.072486748900329, 77.1384033657651], [35.392024833446214, 37.47990906428501, 25.37008347362351, 38.85681393591953, 37.09779833349468, 51.75978989408189, 27.86005434376709, 13.353974744162514, 62.282151223759236, 53.32470543224795, 66.58104123704875, 30.426956052397713, 40.38017348892839, 37.065758692087044, 51.73374035266459, 67.61305991252081, 58.193160171704555, 28.82538048663596, 36.7483376033389, 38.776594975558076, 5.901080728658711, 39.95401297422969, 51.81933542241539, 57.06712857515297, 25.71921728166047, 0.0, 50.801929367403076, 44.516237556162785, 21.506057083836886, 53.650644336545604, 27.494984001894462, 65.50256351581628, 36.305107336226115, 32.86653767865227, 44.73182387118317, 43.971158198470405, 57.24718216420388, 37.69577633893247, 4.728391789649152, 24.65469117946667, 17.90323742134084, 35.26280625609217, 28.39850418006698, 62.50899970564089, 34.261177697773256, 29.097026265656456, 58.793042006472085, 37.40813980594736, 32.79124019944767, 56.18932445662134], [84.62688941875093, 39.8592667158294, 70.90088138057718, 85.12096370174676, 58.87692124288132, 89.98464803694361, 23.29990458780648, 52.37198933363276, 75.10187441649893, 54.608968476362215, 96.32233861607529, 32.32063879796655, 83.71703102568186, 13.898968067205095, 65.24481733488783, 80.69603852313791, 71.10802034276777, 68.9626573158004, 87.18392504981172, 16.81404902058561, 55.03018621190069, 89.55872613013217, 99.28286153783931, 13.81976669435856, 47.23352738022654, 50.801929367403076, 0.0, 80.66947616904744, 72.10362247153262, 23.774910817076968, 45.40100815795642, 96.96769601765476, 87.02116047324272, 77.96006713608385, 34.06793877691513, 92.20342627222952, 6.653699422705149, 82.53496838971417, 48.559442284864105, 61.80297270105035, 66.92528956960882, 40.9655221758516, 72.58409243287514, 78.11517960488992, 60.980267270745266, 79.2017870690871, 73.84757523619773, 37.41736500125306, 48.56078900094122, 61.74497159335837], [55.291718561913804, 81.42894398528696, 22.098043853319457, 20.616345708689185, 80.61859188542466, 84.22937771508533, 63.719321726857956, 33.05856350388165, 105.51621057575971, 97.83447428617987, 102.97908388291353, 72.89985422930869, 13.555010853848845, 70.13257345316083, 95.48494388182192, 110.4791074632734, 101.6518970380834, 66.0656955774474, 37.478986337985056, 75.73576274425713, 38.9475342478746, 33.110974484727805, 70.5408186082423, 91.69837828980737, 33.43709132882971, 44.516237556162785, 80.66947616904744, 0.0, 43.761683025548564, 92.75506130850378, 35.38525762360332, 100.93469950757738, 46.66783930294354, 63.04249238832721, 87.4002416768964, 63.30234878820477, 85.49110449551998, 66.3506487813397, 49.22692353347991, 65.34263806518192, 31.485941336120703, 42.00257573454275, 61.72658963759439, 105.11790707692887, 76.96022482897087, 48.895178105392986, 101.7915348707385, 81.0013241734345, 33.44459501134585, 100.58019499892225], [15.190987076331611, 51.60429641333076, 21.936223612481747, 28.62544929164648, 42.24323895636429, 40.61577686341147, 48.91539835456217, 27.2348893760567, 65.18247198263634, 63.1710500033527, 59.22822920000269, 47.82083070039166, 33.66105985667562, 58.26221238474968, 56.5581223473407, 69.47834622066156, 61.840725503331235, 23.48743192120748, 18.11473660752866, 59.009313755468426, 18.845711174118204, 23.329423044979652, 32.430861053752544, 77.36827985317464, 41.39330963123422, 21.506057083836886, 72.10362247153262, 43.761683025548564, 0.0, 72.23728867999307, 43.85789915402278, 57.17674714135419, 14.944552364772036, 19.33036243023965, 60.70169446643895, 24.312895593537707, 78.61318191002003, 23.009829350273776, 23.63488470766895, 25.27416000993883, 13.674262796420466, 52.926034558321696, 18.212220051507323, 63.96560181445352, 37.550418086894126, 8.076003533217458, 61.24363728478671, 52.400961883109275, 47.881016320945626, 63.64941432988427], [81.56859550260717, 25.184556329846924, 78.02619693648899, 92.10561635996184, 45.29099014914148, 78.66491594662823, 29.05511050375065, 60.599098242137536, 55.33425340166418, 34.01352290822216, 80.5801898717223, 24.499756003396158, 92.5042906553753, 24.4994202751767, 46.97042854600423, 60.50912961929209, 51.806849299361915, 61.42818391300904, 89.60169476076065, 17.21948544950877, 59.218101452376814, 93.41573796576586, 93.36884118997334, 12.979338957172482, 60.841713073223154, 53.650644336545604, 23.774910817076968, 92.75506130850378, 72.23728867999307, 0.0, 59.84091934202851, 81.8913912389018, 86.74897438401675, 71.95928747597868, 15.62029195988376, 87.49181273543421, 26.948503991027568, 75.85174855416611, 49.76071134310663, 54.377353329391894, 71.52552348107214, 58.4927875358974, 66.71462865987156, 58.91561223831368, 48.97986563137296, 77.78042876924957, 54.920263990976615, 23.09455081051726, 64.42209413708859, 41.353740107819085], [59.047471029374734, 54.711002633019895, 30.947534286433015, 43.61903405629887, 61.7291102943023, 79.17257663930297, 31.36755971486871, 16.643186005659395, 86.33575468633376, 72.97061142122182, 93.90427919030738, 44.42568592139101, 40.40469855854044, 35.90128548495634, 75.298516220018, 91.992618646029, 82.03841895627242, 56.32031607079357, 51.786214712785004, 42.63779393697543, 26.140666178880533, 51.703022712484355, 76.26810261132707, 57.02439229939317, 2.705773451565542, 27.494984001894462, 45.40100815795642, 35.38525762360332, 43.85789915402278, 59.84091934202851, 0.0, 92.92923609709652, 56.050623604027685, 59.52352948717357, 57.89771409041069, 68.15593625128274, 50.10682833210043, 64.22170875177416, 30.276731737884866, 51.83666037129968, 32.099058563554124, 9.363038746281536, 55.50496192617917, 87.2947443182537, 59.97464943134625, 51.88498251781201, 83.2516269569512, 53.4935899877361, 5.743291840555613, 77.62222011967809], [47.82775796806739, 57.809855124090696, 79.04237049703792, 84.16387552982516, 38.09077478768553, 17.26407175390453, 77.98904843322246, 78.06900720832645, 33.00129913369396, 50.641861796511996, 3.4040848331614826, 64.76256254423275, 90.1585253348404, 85.37963745135102, 36.11171412175941, 31.93661206906585, 34.01887998392516, 36.869707463267865, 68.28082897129349, 80.15986105884575, 68.13018307410397, 74.56240442055532, 40.63032329094113, 93.51421109701268, 91.22130059160219, 65.50256351581628, 96.96769601765476, 100.93469950757738, 57.17674714135419, 81.8913912389018, 92.92923609709652, 0.0, 58.406623784531625, 37.91508083429118, 66.34303213553898, 43.189036596585545, 103.10890863631425, 35.07523255635263, 62.7734490369486, 41.20900945158842, 70.12304959574696, 100.03826191286242, 39.56712494275351, 28.772089472004627, 36.486466161998166, 52.77490153271337, 30.73097355267114, 60.226527373038266, 98.29271100624199, 44.533691122603294], [10.689182778379488, 65.10374840334731, 28.235981782726224, 27.111142768166257, 52.945669006951555, 41.146689318758185, 63.85555835304185, 39.940359662493485, 73.32883754370792, 74.75912027890223, 61.07238296461027, 62.25745360771492, 33.92212912505585, 73.1938652051383, 66.1415284553644, 76.84909954914376, 70.55004930001519, 32.01610139731495, 10.041266053051531, 73.89916110296156, 32.97172436264132, 16.207627178106428, 23.874655635922693, 92.24354264135981, 53.42492789163483, 36.305107336226115, 87.02116047324272, 46.66783930294354, 14.944552364772036, 86.74897438401675, 56.050623604027685, 58.406623784531625, 0.0, 23.02260679882568, 74.57641469637225, 16.855797645430624, 93.51305879432078, 23.90815803147748, 38.579282709653235, 36.345913360910124, 23.956772793208795, 65.37156766277069, 25.396938011427817, 71.36398684450388, 47.89365582692626, 9.375478185834382, 69.34101549590287, 66.13944285094009, 59.282252048159066, 74.16448992033152], [12.909032868646563, 47.811799796186804, 41.26317871773125, 46.611175375825326, 31.899972680005718, 21.305010974349376, 55.11351319874639, 43.26566797430184, 50.413558361140005, 53.925188207844016, 40.08800873082805, 48.207572844581506, 52.35629830720076, 64.28908987444288, 43.82979878427478, 53.83185482246654, 47.80029212224707, 10.95567648553062, 31.934322852757386, 62.46752098508535, 33.40688141667633, 38.21119308707958, 21.56754647936667, 79.95154469716586, 57.36700082510672, 32.86653767865227, 77.96006713608385, 63.04249238832721, 19.33036243023965, 71.95928747597868, 59.52352948717357, 37.91508083429118, 23.02260679882568, 0.0, 57.85425400420764, 15.71612680889797, 84.61128441566889, 4.856636513560085, 32.13875554695657, 17.615659210670437, 32.65524813003421, 67.89253554640503, 5.394873890621129, 48.35373613794888, 26.773617710176396, 15.376250865690125, 46.432946248976904, 49.41235898202643, 64.28970495084872, 52.340293841978216], [68.33985874351988, 10.086763740258563, 70.05283917906007, 83.53232438248025, 29.760901539712407, 63.19728539979925, 27.10556775891102, 54.358690600681086, 41.22527161507239, 20.55073329322609, 65.11104162776739, 14.529993486123036, 85.00154224665286, 27.83884296268193, 31.985896818300127, 46.7244247693782, 37.379412347530945, 47.05707067108568, 78.63036499510632, 19.631737984087266, 50.610310331777924, 83.07784454176381, 78.96226954100318, 27.408658178068734, 58.213705662518585, 44.73182387118317, 34.06793877691513, 87.4002416768964, 60.70169446643895, 15.62029195988376, 57.89771409041069, 66.34303213553898, 74.57641469637225, 57.85425400420764, 0.0, 73.54445859200511, 39.09082135916069, 61.44979430778201, 40.26543035128004, 40.270581271808744, 62.38596874372985, 59.033558143350156, 52.78259536445918, 44.47057756994392, 33.66206744331092, 65.33395679086789, 40.30419308387429, 8.510671601587104, 63.20284670115487, 27.685691300371097], [9.137483501543784, 63.51496506630905, 43.6385549034489, 43.966784249479836, 47.21632095491888, 26.302623678296953, 69.022272417293, 51.518702699059695, 63.209891819280756, 69.10157691646201, 46.134350157584294, 63.4900351671932, 50.74780578712781, 78.36513396330885, 58.030974032915836, 65.79496679092777, 61.1750328299409, 26.646438846348893, 26.79511512694106, 77.26595628039753, 42.65401539839543, 32.72292802843943, 8.118555922365958, 95.06443612758184, 65.70389225896935, 43.971158198470405, 92.20342627222952, 63.30234878820477, 24.312895593537707, 87.49181273543421, 68.15593625128274, 43.189036596585545, 16.855797645430624, 15.71612680889797, 73.54445859200511, 0.0, 98.8493974966969, 12.943619662847276, 44.540781372834125, 33.27683391609621, 37.268204410907785, 77.16846905022962, 20.79720798102886, 60.52939313792831, 42.14211912948902, 16.39719059792566, 59.32813558054551, 65.08545397406635, 72.17693792968899, 66.92958027788522], [91.24481224399554, 45.65645321121353, 76.72968746599524, 90.87702218854355, 65.03797056549558, 96.46233505429349, 29.904889862346785, 58.226501067484996, 80.31049910348128, 59.47234794949951, 102.37446446665251, 38.65907458759557, 89.18922320209292, 20.51103830932894, 70.74645514498091, 85.81066212524749, 76.41569079370167, 75.57714152392566, 93.47361030508654, 23.11917132333598, 61.3338789697168, 95.69577311025223, 105.93634242024018, 14.81546882229035, 52.119600001110484, 57.24718216420388, 6.653699422705149, 85.49110449551998, 78.61318191002003, 26.948503991027568, 50.10682833210043, 103.10890863631425, 93.51305879432078, 84.61128441566889, 39.09082135916069, 98.8493974966969, 0.0, 89.18134359318513, 55.115436727749376, 68.40626690604269, 73.09894609077821, 44.770367168523435, 79.23417430976825, 83.47724261980309, 67.30983269600941, 85.7701586344222, 79.2548458277241, 43.20690500272743, 52.76961708634901, 66.71662099573649], [13.234197455709355, 51.3686254058267, 44.85877534577349, 49.08950485646138, 34.35371681228026, 17.970311098640867, 59.792594276007954, 47.87683995628861, 50.821164306411305, 56.1771014584214, 37.51621068046266, 52.38852578841834, 55.15304748253399, 68.92012299425951, 45.1706315268602, 53.78554311033368, 48.55983376478916, 14.429608639696765, 33.47419596788344, 66.88139572474863, 38.08432767819135, 39.789449107505774, 17.52853205906662, 84.18692742403842, 62.030886401354614, 37.69577633893247, 82.53496838971417, 66.3506487813397, 23.009829350273776, 75.85174855416611, 64.22170875177416, 35.07523255635263, 23.90815803147748, 4.856636513560085, 61.44979430778201, 12.943619662847276, 89.18134359318513, 0.0, 36.99348870917654, 21.52039446289347, 36.59369402163087, 72.65855892642932, 10.012446788427566, 48.400243675524685, 29.317819129062375, 17.719995907678893, 46.88653582020547, 53.0851637078861, 68.91943746242437, 54.00946089820282], [36.387766112553614, 32.80841730886368, 29.985180014284463, 43.26711077727555, 32.80496057267004, 49.8174716217514, 25.30617379003605, 17.564318922038943, 57.96759468202858, 48.608286035089556, 63.660699824420576, 26.10665139933118, 45.01136056689563, 34.68183205706612, 47.30941418233961, 63.37178467057778, 53.832334457572294, 26.623735467973585, 40.02762347725976, 35.533636025139934, 10.563968003061262, 43.6554418547125, 52.147505156885714, 53.90113903628903, 28.786560410946233, 4.728391789649152, 48.559442284864105, 49.22692353347991, 23.63488470766895, 49.76071134310663, 30.276731737884866, 62.7734490369486, 38.579282709653235, 32.13875554695657, 40.26543035128004, 44.540781372834125, 55.115436727749376, 36.99348870917654, 0.0, 21.59017538912631, 22.142720549441837, 37.32990906099194, 27.259149438510413, 58.343512469864145, 30.26308108546941, 30.658439032372687, 54.54712326980809, 32.79913230732781, 35.79918739269412, 51.55525018050185], [28.53429663251571, 30.260969372376458, 43.55051295299364, 53.35558788556614, 16.994856969564495, 29.333814068408444, 39.804932317562894, 37.75423744460244, 40.49746224513868, 38.4503619625666, 42.073050755040406, 30.926472056408674, 57.49953675012729, 48.529054477835786, 31.35122245355393, 45.22436200709816, 36.902986499771664, 7.234344916047706, 42.814254690125885, 45.722420017116654, 28.222782747684985, 48.45442786480921, 39.004936953342515, 62.735749918275694, 50.24566085360917, 24.65469117946667, 61.80297270105035, 65.34263806518192, 25.27416000993883, 54.377353329391894, 51.83666037129968, 41.20900945158842, 36.345913360910124, 17.615659210670437, 40.270581271808744, 33.27683391609621, 68.40626690604269, 21.52039446289347, 21.59017538912631, 0.0, 34.07106179372363, 58.83101247975219, 12.522859157014686, 39.812584318208486, 12.29806087540922, 27.017003340954744, 36.65658067569104, 31.80907862978513, 57.296898771785465, 38.422033562003875]