instance_id,num_cities,city_coordinates,distance_matrix,best_route,total_distance
2709,83,"[[99.10972916116127, 51.01124548842978], [15.970165399022996, 9.880860196850538], [39.775613005192746, 31.59196279033003], [67.0369638513278, 47.94706139047644], [45.86741183993115, 37.317827751632635], [80.22928865825443, 21.478593852021177], [48.23256762097577, 11.679220998265173], [11.83500271691954, 13.123239800082033], [65.73265745535683, 61.72578976111407], [48.29592917339306, 13.204423175824376], [78.44839611494368, 36.02068649891137], [68.84401208825824, 31.18323305967564], [61.08328518469229, 5.5642586104368235], [36.24790099219069, 78.15398137728063], [36.16065991765102, 78.97415646112638], [78.7036792668598, 60.400510382132275], [24.17221205372352, 92.03083094888242], [9.002334143448243, 83.55891521968505], [38.02978567697613, 82.88955646379257], [51.13048369032549, 92.49678006151896], [73.55102572401442, 79.42200479165747], [23.440678188053234, 23.90355660639042], [19.304779089261736, 44.71941823890737], [12.679198701483841, 19.85558002603536], [63.98081349133089, 25.401295387610222], [35.912091502362586, 77.1431939743468], [55.941127765837194, 31.618675411363494], [78.78188570372102, 41.79288909394013], [54.495921454922744, 50.628306513573996], [45.66353520666262, 78.6163054915233], [74.8286383775775, 65.01438451369222], [8.114872789293626, 35.163402343869876], [41.16308588593816, 85.44921416589156], [25.251605145356816, 47.53139158598584], [82.28052604259638, 16.68762296875338], [93.41295693659337, 34.69786898612859], [33.59126640215091, 12.709202154893962], [90.8131244979085, 62.62945253919132], [35.59657628826434, 94.42563770600036], [66.82269665273586, 8.84886789972441], [34.37428561455208, 30.37158930985102], [23.939379124765694, 49.26490390196317], [23.08248645741633, 52.29225608967112], [65.39409534701811, 65.59281056606832], [47.85707737216916, 78.0788901035796], [11.087349592773277, 93.60008964833605], [85.63108340317353, 40.745003690466454], [84.89843410255251, 48.83968201682023], [61.11601467009531, 76.33084359416688], [92.99347565932166, 83.97715641805465], [43.93843222611184, 94.10766782415551], [0.4268598593903161, 57.69956760196394], [0.6064375632506502, 39.21514745077393], [66.51706497781583, 82.39171012930726], [83.39971406366072, 52.76287250420243], [48.415109639072476, 64.06630058574851], [92.02823876623938, 86.33961341445567], [79.00782557202814, 35.601519674331506], [98.77866435681224, 29.93648633547056], [36.60214153506478, 17.49765135833553], [36.935250393067975, 55.25307284350405], [97.42273750800295, 26.105423098125392], [4.298633446680455, 96.49460740898947], [54.32022181276647, 64.7652998813247], [79.25495082492975, 96.18981693746164], [77.32839285218644, 53.035205897816475], [10.251112670150652, 23.00744116743063], [44.04748872885915, 81.41540318484748], [48.36429037602724, 18.611254016174282], [10.5092604386411, 80.55349050810484], [8.93110923956919, 85.88017744536309], [18.36394549143612, 90.09643896239339], [42.83230707292353, 38.51194925189147], [26.013309797622043, 86.15247514240139], [86.41921998137182, 85.31369242120948], [41.6191873175191, 30.339496346253647], [99.02784509542519, 66.52696581165365], [16.361933728644175, 21.966208244174723], [18.08511812643617, 38.45858328595128], [71.8546652182048, 53.44992959081202], [54.05717723472865, 54.97746867019778], [47.92130847887892, 49.957415480631454], [71.78183754183037, 27.737922258049043]]","[[0.0, 92.75718655065177, 62.43112909854091, 32.21880660120433, 54.97503108729445, 35.052083336961196, 64.30780447878033, 95.14399009373896, 35.0546769294159, 63.335598856992185, 25.52660459334446, 36.18236734670415, 59.25739665040979, 68.47143603194762, 68.88040148468362, 22.462528075282073, 85.42972469565206, 95.80549797278361, 68.89837593639771, 63.4275773994695, 38.21542313744492, 80.37805715303314, 80.05258987763112, 91.87443652042641, 43.47309812176402, 68.38728052294104, 47.324411466201056, 22.320378900144696, 44.61545113867719, 60.15425991562262, 28.029614200011107, 92.36459288315731, 67.40761940237763, 73.94005589879077, 38.227387309089686, 17.279452152323604, 75.89278941920558, 14.276427564789193, 76.93328304106765, 53.104788410582, 67.94610407040399, 75.19063261823815, 76.0380340441192, 36.73371753039436, 57.961122318462095, 97.78419581792423, 16.943128758395538, 14.376251081351722, 45.65746805359098, 33.52849296223625, 70.0083825240566, 98.90926319776524, 99.20708837848733, 45.24395340424718, 15.807364472488121, 52.348628559718485, 36.03111275731053, 25.32876186418298, 21.077359352155977, 70.9250273341563, 62.31900921383731, 24.962891054026837, 105.156455256808, 46.85375097849289, 49.348916309845805, 21.87516919119553, 93.16687598682975, 62.89883247448463, 60.2068019819855, 93.3958633915485, 96.68518969718272, 89.7080482974366, 57.6487696599538, 81.10482442717921, 36.57467551214211, 61.094055472465, 15.515936392906612, 87.69727383141314, 81.99120026989499, 27.36394874074021, 45.226799150630825, 51.19926727631605, 35.89514221372686], [92.75718655065177, 0.0, 32.21911407153656, 63.693434335745515, 40.578720203458374, 65.2973379854139, 32.31248518302373, 5.254768872073506, 71.86238471676357, 32.49617015082826, 67.72606464643967, 57.003813497901874, 45.3191640043368, 71.22082305410484, 71.98291226096471, 80.54643888496442, 82.55841122433, 74.00680012238061, 76.2685818499733, 89.78662593856068, 90.28580324348906, 15.888504521357165, 34.99778242850381, 10.503594502599794, 50.45697413394901, 70.15626815835041, 45.499565303743154, 70.45345836766492, 56.0766284740172, 74.87494674716102, 80.64753774891707, 26.47475324531426, 79.6571363046043, 38.7776693168773, 66.65880248034559, 81.32201354109898, 17.846644468752785, 91.56354362286281, 86.79294561463493, 50.86300171058695, 27.542360474186154, 40.18222574687455, 43.003623247526754, 74.47513857285875, 75.28443689330673, 83.8615005240679, 76.19211803576206, 79.17636026028295, 80.33522266048683, 106.87774060652039, 88.74896659904428, 50.281439169878816, 33.11411393510897, 88.39011491652121, 79.91001822452944, 63.15644351037141, 107.84605448473076, 68.08302963326331, 85.20255653121146, 21.993043147228935, 49.98172135151684, 83.05274194453789, 87.39660098792663, 66.95542208377144, 107.02429668096745, 75.01419618360659, 14.318334124220513, 76.84742628006317, 33.549949467417335, 70.88329957117928, 76.32459979492852, 80.25128821284954, 39.2595710086902, 76.92999412331635, 103.21425031910589, 32.8089639956698, 100.53536411568604, 12.091696318096012, 28.655876918993666, 70.86142200023905, 59.02816756745509, 51.25432496407863, 58.598783373323684], [62.43112909854091, 32.21911407153656, 0.0, 31.791044339193697, 8.360355410985413, 41.69868229483357, 21.634171281813874, 33.49285643494257, 39.772046521306216, 20.265670496707244, 38.92554106420086, 29.071272508183807, 33.637156220243256, 46.695463665523356, 47.51989228609406, 48.428573768198824, 62.42053272392979, 60.395023277564334, 51.327293224439686, 61.95425615010643, 58.55332118825958, 18.053855132060786, 24.318411292023463, 29.528940863300082, 24.984316950143743, 45.71478383173842, 16.165536831195432, 40.31808784260033, 24.063870495094555, 47.39152281083434, 48.43317934651124, 31.86153874977228, 53.87512047991381, 21.56414140753945, 45.04227989161162, 53.727193462086404, 19.869695320304462, 59.734021706894666, 62.97249440263245, 35.33826678036552, 5.537476773110797, 23.730131711620114, 26.592529338496995, 42.571872016242665, 47.184154939365584, 68.32294090610367, 46.76005050403242, 48.30686082017932, 49.567935187975074, 74.67495843244862, 62.65414942158521, 47.22214949713478, 39.90410065605873, 57.40835813109474, 48.489891846366945, 33.60392116015279, 75.68118754211855, 39.4365699484045, 59.02627102481099, 14.447163594068108, 23.830983796662046, 57.90762541528221, 73.96600135934821, 36.221760574523614, 75.7066765556315, 43.243773531036126, 30.747197132875833, 50.00624095994902, 15.564837913056742, 57.041656611709094, 62.43871926119651, 62.29954444365698, 7.565024206960227, 56.2694455072879, 71.14527606441325, 2.2287750982561985, 68.78431102929405, 25.31512448809821, 22.75144050639983, 38.81798943191322, 27.401550359417413, 20.090848843932186, 32.23743224132668], [32.21880660120433, 63.693434335745515, 31.791044339193697, 0.0, 23.688194108296997, 29.573927835945497, 40.85292601886661, 65.26833124298751, 13.840324081696393, 39.47502110086522, 16.5063383086997, 16.860941955749478, 42.79892827112946, 43.13263737395485, 43.772443079270026, 17.064601969421542, 61.48793121539268, 68.08981112092775, 45.413592101784964, 47.30426560873126, 32.14195177939166, 49.78680795086392, 47.8411866750176, 61.18740031521466, 22.75195858995237, 42.67518994210003, 19.741675894385658, 13.259601275086622, 12.824461774225203, 37.38216133074961, 18.761761924597185, 60.29290798877206, 45.56170567218101, 41.7874261419991, 34.77813506674228, 29.51667512782235, 48.583139064582916, 27.944201991394817, 56.11377750992724, 39.098780603398325, 37.091073972803564, 43.11772858289593, 44.16873102032459, 17.72206198190138, 35.71827469166449, 72.21189877571406, 19.940183475148995, 17.88376054184242, 28.994770759453708, 44.406173590333594, 51.61728150112242, 67.32025944113575, 67.00194880718978, 34.44857212686932, 17.05671806633058, 24.629318434274353, 45.80995386143322, 17.196334801381475, 36.49542936850958, 43.0516547966271, 30.975651025845302, 37.42128276807984, 79.32819376730026, 21.084797224786456, 49.76587855602751, 11.480536808324288, 62.02110569185746, 40.60352039997822, 34.77439185690174, 65.25764685395572, 69.39172597504927, 64.38658824601882, 25.978582540778188, 56.05884258414461, 42.094381659285254, 30.920700359292844, 36.99499062135336, 56.94702282072864, 49.8629563565343, 7.313809191568581, 14.761486616571014, 19.22107707403611, 20.758688080238404], [54.97503108729445, 40.578720203458374, 8.360355410985413, 23.688194108296997, 0.0, 37.83675341522081, 25.7474681885895, 41.756232551097824, 31.47024932881019, 24.235386868699575, 32.606795484348424, 23.78145098613647, 35.21096356035312, 41.95386075067848, 42.772312942300445, 40.13764686616724, 58.857407457564165, 59.13773857526001, 46.24079196645468, 55.42938483619607, 50.38992163023041, 26.132375564620055, 27.57457162655934, 37.50183444783914, 21.681767985284882, 41.05080020897167, 11.574112922960804, 33.21729615347284, 15.862535202422544, 41.29898097185738, 40.07308197579592, 37.813962416117214, 48.36073863000979, 23.00713741138744, 41.851167669730245, 47.61767573571481, 27.500694547047253, 51.58289867504172, 58.024064151984085, 35.349761479185766, 13.429154065784667, 24.971408596616318, 27.265111933344752, 34.362276146125346, 40.80959412919324, 66.16151248365843, 39.91109007663324, 40.69611559563721, 41.88717337565186, 66.31710822035637, 56.82259143873373, 49.802199586191136, 45.30072421623173, 49.57885685765049, 40.58599657051998, 26.869528522718525, 67.33466723829817, 33.18482689047469, 53.423635630749665, 21.878862540901213, 20.036380027797602, 52.76049301186385, 72.31773356323156, 28.719570378873822, 67.68041718378493, 35.16858402102116, 38.38369355260923, 44.13511390285843, 18.872474754100416, 55.852675893890236, 61.01304989558928, 59.51489277919804, 3.261562065037675, 52.71629874798818, 62.833527427007866, 8.169731990470789, 60.656453985715366, 33.260268490759316, 27.805703860394928, 30.587285722931515, 19.466257334025023, 12.805376580270433, 27.628464465569706], [35.052083336961196, 65.2973379854139, 41.69868229483357, 29.573927835945497, 37.83675341522081, 0.0, 33.463679795628586, 68.90275967447411, 42.77837181073782, 32.98789699826621, 14.650735025982744, 14.960098419664508, 24.89649604243913, 71.7388459077153, 72.4415885994687, 38.95180445617439, 90.11112027279414, 94.48410104650779, 74.51244446917106, 76.748441176668, 58.3269926118123, 56.840361746705334, 65.20683847883109, 67.56958507381216, 16.715278417885944, 71.15168072879658, 26.319878676887175, 20.36579403039919, 38.8833117914691, 66.77955827253672, 43.869489306248134, 73.40138254542622, 74.95604353478842, 60.83826061132261, 5.211619403912933, 18.669717307568185, 47.45531951950647, 42.4901253442749, 85.51812802287378, 18.418650516054456, 46.70938527053139, 62.77446090154701, 64.92487029080374, 46.5418851882438, 65.20393852609767, 99.91054946116839, 20.009346179452656, 27.756621998037083, 58.08688788634801, 63.788672917835605, 81.19118576931949, 87.63781479242748, 81.57440621946674, 62.43743118412669, 31.444517614976526, 53.15876928130035, 65.9254661138564, 14.17564833979361, 20.38664474767333, 43.80839952847475, 54.90982772194379, 17.80511814680049, 106.73737251234067, 50.44817800150274, 74.7175761727848, 31.68966645906037, 69.99487473191063, 70.01102598255765, 31.99374553347226, 91.38230545280987, 96.07806387385853, 92.38901099556821, 41.09342317052535, 84.39243618345621, 64.13450755344502, 39.613829890003665, 48.81333363267557, 63.869216321325304, 64.42218540428513, 33.04997165936929, 42.510634321888396, 43.067956355335944, 10.513734943343469], [64.30780447878033, 32.31248518302373, 21.634171281813874, 40.85292601886661, 25.7474681885895, 33.463679795628586, 0.0, 36.42619828152516, 53.018036451249024, 1.5265177263157033, 38.80081486639207, 28.376718089298382, 14.231433761465064, 67.54647290311048, 68.36913992839348, 57.46523021934611, 83.87658750616133, 81.88834874428805, 71.93753287755813, 80.86949839394028, 72.31949306233844, 27.641855269036032, 43.9143664765428, 36.481432105613585, 20.88785708347978, 66.61325611019525, 21.37764584323943, 42.896315010700135, 39.44947228706688, 66.9863658366639, 59.598579235645424, 46.48587110167157, 74.10795816883416, 42.58524124807595, 34.41435111953145, 50.706269177488714, 14.677484885475877, 66.40052648905495, 83.70566142699379, 18.80435577412607, 23.26922029775698, 44.75312912690832, 47.76971008776794, 56.57908777964923, 66.40073079584437, 89.94885181448879, 47.365268987112934, 52.20426829250998, 65.92279963829186, 85.03252527345819, 82.54022319401648, 66.35704933246113, 55.01341209081036, 73.03820207740628, 54.07952117005613, 52.38739761902364, 86.55769755951016, 38.9793903992961, 53.742307661856685, 13.004650814029084, 45.014552548912555, 51.26195587900063, 95.51879576309466, 53.43399016297814, 90.0246026686655, 50.565645777514504, 39.63482676110298, 69.86164893053585, 6.933284405357999, 78.52842100339733, 83.96658006951073, 83.91301842474037, 27.370752995118796, 77.71718600822965, 82.9473073717896, 19.797542147976223, 74.75583806513637, 33.48969111975417, 40.32372695524263, 47.98745243515726, 43.688263053280565, 38.279459963319695, 28.503508555198096], [95.14399009373896, 5.254768872073506, 33.49285643494257, 65.26833124298751, 41.756232551097824, 68.90275967447411, 36.42619828152516, 0.0, 72.57523716129633, 36.46101683723135, 70.4388901483098, 59.80125839844802, 49.82500900803675, 69.46212602763555, 70.2002907639798, 81.89359081899464, 79.86622987925726, 70.49261225875235, 74.52184642871919, 88.56801746999454, 90.57810847671978, 15.840042095450674, 32.467153416813325, 6.78506240047531, 53.57178576761416, 68.39781236894252, 47.82709906822512, 72.82742568758907, 56.80302823577275, 73.71371150656468, 81.6142697905002, 22.351915614439104, 78.04603148355854, 36.93137054110698, 70.535640523083, 84.3826240358915, 21.76020304852301, 93.21163457327991, 84.70355531994335, 55.153574131887204, 28.38176940133682, 38.114771575808064, 40.75190458845862, 74.97754503667296, 74.27534159341604, 80.48032272979817, 78.79608724466117, 81.32606747202705, 80.14873246982177, 107.7356729706982, 87.11548524021443, 46.012984295290224, 28.40542765498209, 88.25105616849746, 81.80958618071574, 62.7160239862848, 108.58909923791374, 70.83403981440624, 88.55442145038215, 25.150479950057786, 49.04024128887019, 86.56672241602328, 83.71130030501845, 66.872237969555, 106.98366996979972, 76.69647442481943, 10.0103019110589, 75.50803821343065, 36.939236008854714, 67.44328212012836, 72.8148650541022, 77.2495985946449, 40.067685795003705, 74.39283303086773, 103.79916625192261, 34.40199328216592, 102.24749245806443, 9.934344230402594, 26.094895519607938, 72.30907132750326, 59.451564279877104, 51.56527864378511, 61.70260893084141], [35.0546769294159, 71.86238471676357, 39.772046521306216, 13.840324081696393, 31.47024932881019, 42.77837181073782, 53.018036451249024, 72.57523716129633, 0.0, 51.559310589680145, 28.67825558466581, 30.700623731648495, 56.353653330549164, 33.75257536055142, 34.23461979032588, 13.038549469432558, 51.436039343776066, 60.78663463594097, 34.86192946201923, 34.059907849725334, 19.346392655779063, 56.73740240050045, 49.44456048877615, 67.58538265785275, 36.36671347214382, 33.5702622335764, 31.659317556285096, 23.82441787085949, 15.792984846851592, 26.23088236167885, 9.672214037338453, 63.44579998020831, 34.15354612033688, 42.89751199870501, 47.981959347207265, 38.68730387077699, 58.61480085604111, 25.096741491456676, 44.46867935669184, 52.88815605584421, 44.344485231471126, 43.61137225556019, 43.68098721049941, 3.881813262787351, 24.227262621295083, 63.262000163582364, 28.916098273159644, 23.094994420604248, 15.317342722322227, 35.18913933660821, 39.03298963995383, 65.4297918728172, 68.90684679085992, 20.68080172105985, 19.810572302567607, 17.474995086967148, 36.018022035017886, 29.303712667391633, 45.85409888350952, 52.959561784041625, 29.51587230299452, 47.67674165616685, 70.59043835059984, 11.810262870365317, 37.0219068550611, 14.490939489153067, 67.65583736511454, 29.290398076378814, 46.48143035131374, 58.3447160716722, 61.723984998632815, 55.21493103520945, 32.60841055350348, 46.62927768122081, 31.373922627635583, 39.57977837750109, 33.63957210571555, 63.39000460405042, 53.025002604987186, 10.294116795857853, 13.485424573530695, 21.348039384622783, 34.52198889294318], [63.335598856992185, 32.49617015082826, 20.265670496707244, 39.47502110086522, 24.235386868699575, 32.98789699826621, 1.5265177263157033, 36.46101683723135, 51.559310589680145, 0.0, 37.81207657203909, 27.303137481173145, 14.895925226246074, 66.05755137468691, 66.87991160527294, 56.14358301117009, 82.43516415992792, 80.5837524636757, 70.43728773633265, 79.34300573962282, 70.87021953423542, 27.060209860776993, 42.821509747167646, 36.232435426765555, 19.86905352093365, 65.12699783260716, 19.9382483411148, 41.79346754123558, 37.93398144630381, 65.4648290769855, 58.20873432351175, 45.78989034977955, 72.59605553032398, 41.344668702764466, 34.16263317075726, 49.97513788861289, 14.712999390862707, 65.19620714299784, 82.20802426441045, 19.031867354434667, 22.10257343507063, 43.51551218211176, 46.51425991556397, 55.10798871172098, 64.87595124592659, 88.58860864674789, 46.39393620339815, 51.084391351506916, 64.41505683437751, 83.70573715366011, 81.0205083560532, 65.35492081314014, 54.32168431981186, 71.54642175529675, 52.888057507229725, 50.862017042637525, 85.21309144471493, 38.01118929951988, 53.18334785605, 12.456985091001247, 43.55633089718402, 50.79251023665503, 94.19669219701075, 51.91161824143622, 88.57221121432107, 49.288692410196894, 39.28749450536572, 68.34315649720973, 5.407262985114046, 77.22518504087854, 82.65200727791644, 82.51245808275812, 25.890578258269077, 76.27537880577131, 81.56673349554437, 18.38993241874326, 73.60041335665153, 33.1141803861912, 39.37595341046179, 46.6338378286403, 42.16846344247361, 36.75490149656188, 27.6190240135972], [25.52660459334446, 67.72606464643967, 38.92554106420086, 16.5063383086997, 32.606795484348424, 14.650735025982744, 38.80081486639207, 70.4388901483098, 28.67825558466581, 37.81207657203909, 0.0, 10.753843420322983, 35.059108336433574, 59.633013724891654, 60.27647314240212, 24.381160392083903, 77.99384871612679, 84.15841439367412, 61.889862186961786, 62.736093943849546, 43.67675201173054, 56.32649348536236, 59.77989100663323, 67.72664169800588, 17.94665468954714, 59.16416002244544, 22.933705111769115, 5.78182826655027, 28.055366774143536, 53.75159404277326, 29.21878112874542, 70.33874778187514, 61.91424477613056, 54.42788716332391, 19.70920001531103, 15.022913391116182, 50.552817808621555, 29.341317935138015, 72.43905568103877, 29.55443475982414, 44.43466569528996, 56.09493941395081, 57.70743391585193, 32.325304180823814, 52.006934853668845, 88.6165800265728, 8.59710239597748, 14.350248643482262, 43.878470935002994, 50.113694196875734, 67.5650427890617, 80.9773672426865, 77.90747776649216, 47.88140030569836, 17.45899028194504, 41.092028010911626, 52.1191570573224, 0.6990437356004132, 21.221152146270068, 45.762559513023774, 45.751786328332166, 21.408831813233725, 95.68323998484867, 37.52894341252708, 60.17453604500393, 17.051342401239413, 69.4277611860468, 56.95702530840573, 34.75833364074414, 81.23359397050145, 85.54894512472036, 80.83519166316425, 35.70311175168761, 72.54401773889096, 49.93330017098147, 37.26481641166304, 36.798733644614586, 63.657341844112906, 60.41248770131962, 18.634800827891226, 30.891603207864765, 33.55794234231137, 10.632365055737042], [36.18236734670415, 57.003813497901874, 29.071272508183807, 16.860941955749478, 23.78145098613647, 14.960098419664508, 28.376718089298382, 59.80125839844802, 30.700623731648495, 27.303137481173145, 10.753843420322983, 0.0, 26.768652074814742, 57.17305008570882, 57.89796083344618, 30.836055697999566, 75.485097119975, 79.52508095548653, 60.19186348084669, 63.82100073057159, 48.467876738902476, 45.983218879478414, 51.35527154377939, 57.29574143007255, 7.555230230562493, 56.540511146909864, 12.910229815128089, 14.537060678222272, 24.16564889362403, 52.79423139684009, 34.35640494183609, 60.85942907655223, 60.918227000122656, 46.55706423601996, 19.765187050801487, 24.81905954414968, 39.800074073802776, 38.360221840100465, 71.44923885335791, 22.425645658217388, 34.479280861826986, 48.40839681330928, 50.395516480566805, 34.5820900133282, 51.37756395895823, 85.03937940170283, 19.31924483327197, 23.864087160193424, 45.80424304656979, 58.05510256937383, 67.67401568326676, 73.37590010805073, 68.70864738766072, 51.2613188149289, 26.02977715141857, 38.71222268486551, 59.830883835166404, 11.082615266357937, 29.960603862965804, 35.02618111174752, 39.96906629056539, 29.026327715072426, 91.82418811718867, 36.5881906628378, 65.83497241465477, 23.441276284924413, 59.160556414605935, 56.01909037281336, 24.030681606659915, 76.42228451536036, 81.1252836844805, 77.58223349037854, 27.024412645436634, 69.68562716843708, 56.912165335513535, 27.23789594368529, 46.478416709778145, 53.285289671674214, 51.27763681316121, 22.469308104135692, 28.014570017663978, 28.11102011491687, 4.527801333479772], [59.25739665040979, 45.3191640043368, 33.637156220243256, 42.79892827112946, 35.21096356035312, 24.89649604243913, 14.231433761465064, 49.82500900803675, 56.353653330549164, 14.895925226246074, 35.059108336433574, 26.768652074814742, 0.0, 76.72068925235487, 77.52515948161629, 57.5976804739536, 94.01540007700532, 93.78481711319272, 80.6886951664386, 87.50040881863997, 74.90267835748912, 41.87237409662614, 57.25879929842171, 50.46976774345082, 20.0475359679613, 75.87577333526266, 26.557003177254327, 40.3206414512764, 45.54296624424594, 74.66170533078791, 61.01845789849231, 60.677524846037116, 82.33116338421961, 55.18287365323345, 23.93850986665347, 43.51982225501715, 28.405304346073958, 64.34516068606881, 92.44412920860208, 6.612828606790311, 36.45235677521892, 57.35343194861539, 60.22928234945412, 60.18313828760978, 73.71095138231728, 101.24179533297924, 42.89847575102523, 49.3955826869328, 70.76659255240925, 84.65720760050525, 90.18803300970362, 79.98307556530908, 69.20860797597216, 77.01936944512428, 52.208544812155225, 59.85792835486181, 86.49998899352089, 34.97893938240263, 44.88816208323524, 27.234761920554746, 55.24586721362751, 41.74320583841694, 107.20459414425174, 59.58609161314454, 92.42943932657799, 50.17364207917993, 53.74173778605169, 77.74068750746113, 18.22078258638149, 90.44952669647547, 95.7627081598549, 94.7134177341496, 37.66495082488839, 87.88835996565484, 83.67724771501753, 31.506562977404215, 71.80697247566209, 47.6342652703183, 54.137592911283576, 49.08217714269711, 49.91023463513875, 46.303239710695, 24.619715313054787], [68.47143603194762, 71.22082305410484, 46.695463665523356, 43.13263737395485, 41.95386075067848, 71.7388459077153, 67.54647290311048, 69.46212602763555, 33.75257536055142, 66.05755137468691, 59.633013724891654, 57.17305008570882, 76.72068925235487, 0.0, 0.8248018993965921, 46.01824465669502, 18.395358582302308, 27.77650486922467, 5.059721773958083, 20.668989860740904, 37.324670100851634, 55.74166793142125, 37.482521154151016, 62.88232921718825, 59.59832476512856, 1.0651099414559628, 50.53076174074353, 55.95774197980383, 33.025036374102285, 9.426977842731192, 40.75686816890874, 51.377593963642724, 8.796559780945469, 32.537079276988095, 76.79268054337449, 71.80722335029483, 65.49867811499657, 56.73072017763927, 16.284686780835226, 75.74969890251074, 47.8191115169331, 31.401887012340097, 29.019940984161718, 31.737732394073554, 11.60941923271083, 29.523475531242795, 61.95264575955547, 56.7996700599317, 24.93485330362711, 57.043576429414294, 17.710572602406625, 41.249606431209024, 52.78775144777943, 30.564368689119355, 53.55372896196271, 18.61461029247881, 56.377749636137395, 60.32514523027971, 78.96216305971662, 60.65736441463144, 22.911221287205258, 80.32068875249377, 36.83930319549474, 22.49145553409049, 46.63579847788168, 48.15142462115641, 60.96699025027855, 8.454019225721083, 60.76300908694194, 25.850246838545587, 28.388399344424876, 21.50484032782357, 40.18513549145228, 12.989332524445498, 50.67960843718827, 48.11523350843227, 63.84754398227532, 59.60299945190864, 43.65330813417993, 43.3374183969867, 29.22877112614555, 30.517450265616034, 61.68013994656363], [68.88040148468362, 71.98291226096471, 47.51989228609406, 43.772443079270026, 42.772312942300445, 72.4415885994687, 68.36913992839348, 70.2002907639798, 34.23461979032588, 66.87991160527294, 60.27647314240212, 57.89796083344618, 77.52515948161629, 0.8248018993965921, 0.0, 46.42078008839237, 17.725677162391488, 27.54259740351129, 4.33866203858414, 20.173174584651374, 37.39304779315039, 56.520517545062745, 38.17732061281427, 63.61120263411205, 60.36565570310155, 1.8477580699520915, 51.32064393348527, 56.55984026265763, 33.75898435808328, 9.509610721525528, 41.110677335720325, 52.018730780093485, 8.182336942966382, 33.281450374319434, 77.50260838113377, 72.3755148272801, 66.31474913052575, 57.04420418405378, 15.46177425141223, 76.53572102334692, 48.63538492543267, 32.1247473428616, 29.71468371846235, 32.15049245293394, 11.730630124648536, 29.027380388942124, 62.520324066653664, 57.301458816796206, 25.094956340527425, 57.0525981327381, 17.01519639196656, 41.587409125000214, 53.33743080343701, 30.548175088729877, 54.02369520201423, 19.298075157276312, 56.35100995132726, 60.967739227011414, 79.53431694115096, 61.47809028972829, 23.733727022927464, 80.92060997109695, 36.361448434479406, 23.057781626338272, 46.405784924270144, 48.658107148707174, 61.67315347325814, 8.256013218459723, 61.58415857948708, 25.699972592664288, 28.091663460267785, 20.98638159393457, 41.00854896247266, 12.4296811523222, 50.656811742033454, 48.94002131041939, 64.08756140813028, 60.34812108602809, 44.364815797644454, 43.881068488851085, 29.93536966559393, 31.309489163987422, 62.40208322360663], [22.462528075282073, 80.54643888496442, 48.428573768198824, 17.064601969421542, 40.13764686616724, 38.95180445617439, 57.46523021934611, 81.89359081899464, 13.038549469432558, 56.14358301117009, 24.381160392083903, 30.836055697999566, 57.5976804739536, 46.01824465669502, 46.42078008839237, 0.0, 63.040923974611395, 73.44786740697728, 46.47712139778258, 42.31372876069572, 19.707031438149055, 66.22708602335462, 61.43391565831181, 77.47982583555834, 37.96982784892522, 45.950380164648, 36.69506472430966, 18.60778563536102, 26.105775352018654, 37.72885250025366, 6.025261520920707, 74.96459979258354, 45.130186268596475, 54.97943657841518, 43.85898264747868, 29.61399372419879, 65.64747272288096, 12.312873220466592, 54.917498273434376, 52.90302061802439, 53.54279823044885, 55.88497384569981, 56.209081803713005, 14.286532305616037, 35.55331149169106, 75.32715381618836, 20.840534335134898, 13.11593458227594, 23.72975900035092, 27.569122569301882, 48.42308194059499, 78.32340358061141, 80.91970566089152, 25.142124694426272, 8.96583823003482, 30.50959632499665, 29.161292014826703, 24.80085573323099, 36.4837194852361, 60.109856028754024, 42.084412361337364, 39.071167799964215, 82.69760990311127, 24.7710392351197, 35.79355198973802, 7.492604545087611, 77.99997114725343, 40.529955121068376, 51.64126708252746, 71.10992453431766, 74.27937103844013, 67.25125758179526, 42.022189988483376, 58.64672815953951, 26.08057146286277, 47.73807817671347, 21.227462701814776, 73.23720924218397, 64.46749661208662, 9.758051382081547, 25.236074255502302, 32.505577712917066, 33.38797022626355], [85.42972469565206, 82.55841122433, 62.42053272392979, 61.48793121539268, 58.857407457564165, 90.11112027279414, 83.87658750616133, 79.86622987925726, 51.436039343776066, 82.43516415992792, 77.99384871612679, 75.485097119975, 94.01540007700532, 18.395358582302308, 17.725677162391488, 63.040923974611395, 0.0, 17.37522811174805, 16.601061590621885, 26.96229808841199, 50.96321944842602, 68.1312017443828, 47.56113619623818, 73.08458251704457, 77.61584733499411, 18.959601898619553, 68.25608062445984, 74.20287904104391, 51.31955164910046, 25.33429422956543, 57.41046860886565, 59.09096868726389, 18.22107222587033, 44.512528495451434, 95.148174671753, 89.89632517159556, 79.87890447014111, 72.8385355686355, 11.672668827967026, 93.47888966628817, 62.497555027705054, 42.76656085489254, 39.753513476375744, 48.97154871972188, 27.488715839481088, 13.17862657820593, 80.04641744093442, 74.5194564553128, 40.14142691404563, 69.2908940461857, 19.875027328530273, 41.74299215231694, 57.83461031863353, 43.4280925132267, 71.06243420225789, 37.00990464408625, 68.09427522364736, 78.68425306787269, 97.06611333633485, 75.5625436760028, 38.92940583812321, 98.54845954968903, 20.36871196065489, 40.64863683848826, 55.239526382746476, 65.92600647849224, 70.41324694238675, 22.532508283070364, 77.30259329757526, 17.843923067240336, 16.435381148971803, 6.12191414640706, 56.678654220280194, 6.159927588062832, 62.60838558807166, 64.1109796439658, 79.0810529457711, 70.49859432831443, 53.91695866921696, 61.33597875133412, 47.60318056627455, 48.31347503725424, 80.00159090321662], [95.80549797278361, 74.00680012238061, 60.395023277564334, 68.08981112092775, 59.13773857526001, 94.48410104650779, 81.88834874428805, 70.49261225875235, 60.78663463594097, 80.5837524636757, 84.15841439367412, 79.52508095548653, 93.78481711319272, 27.77650486922467, 27.54259740351129, 73.44786740697728, 17.37522811174805, 0.0, 29.03516804971861, 43.06583811067589, 64.6811225370477, 61.37774507124846, 40.18266911967591, 63.80935862216941, 80.03088113933084, 27.663993208022756, 70.0074200215318, 81.32396174737907, 56.161298740518376, 36.99287842710202, 68.38860978430294, 48.40364918235308, 32.216256498049205, 39.52241474492952, 99.20414878077376, 97.53232838071885, 74.99531606031337, 84.44553171432831, 28.72872034831526, 94.47108283097104, 58.92900439419412, 37.405808707123775, 34.290737267329554, 59.18455582383935, 39.239288304491204, 10.255363149616834, 87.77810794008724, 83.46042860659931, 52.612552850598824, 83.99218284364022, 36.49393279370988, 27.24416668592888, 45.13159446915758, 57.52657325682417, 80.51935410773156, 43.96963608600411, 83.07245705336524, 84.856824225577, 104.57128834446678, 71.59497154837884, 39.76768188911033, 105.44700796187949, 13.764335532861915, 49.06027843678833, 71.37905735437606, 74.83413077891575, 60.56434972580482, 35.110646587023155, 75.94446849021647, 3.362053621838983, 2.3223546902427183, 11.418361691470922, 56.33556790618679, 17.207551998457365, 77.4367706962854, 62.419273114997445, 91.62248590167297, 62.03084118908508, 46.005835558270086, 69.69194025947685, 53.35576794350443, 51.417383714416374, 84.00743599331246], [68.89837593639771, 76.2685818499733, 51.327293224439686, 45.413592101784964, 46.24079196645468, 74.51244446917106, 71.93753287755813, 74.52184642871919, 34.86192946201923, 70.43728773633265, 61.889862186961786, 60.19186348084669, 80.6886951664386, 5.059721773958083, 4.33866203858414, 46.47712139778258, 16.601061590621885, 29.03516804971861, 0.0, 16.245831271242682, 35.69008838708926, 60.7633955313624, 42.51570678957119, 67.94066856866903, 63.074210309640165, 6.124157940264242, 54.30947817201466, 57.87633130648585, 36.22046211478053, 8.748417328522283, 40.910601710635, 56.32661715526903, 4.045913710325043, 37.59629930225608, 79.62929122745678, 73.41481049976856, 70.3205701361667, 56.53806388726969, 11.789897300491363, 79.44215055938099, 52.64503352348506, 36.45760300280746, 34.05314294075168, 32.37256341979105, 10.941579999784976, 28.993281691601645, 63.577093938632935, 57.93154714915582, 23.99980590815122, 54.97444943003887, 12.67904280835574, 45.26052992290205, 57.51487622065725, 28.491629173088903, 54.4614311987292, 21.49813749253672, 54.10855596849894, 62.57282299083123, 80.58817467142704, 65.40748750041567, 27.65814951116932, 82.17031416084856, 36.37152790308353, 24.36938624917324, 43.31756191365684, 49.35243432321944, 66.01153237417626, 6.195633777949336, 65.1037798666268, 27.619495171765156, 29.251953511933383, 20.94479471257332, 44.63671396521376, 12.451599530273729, 48.4501164853034, 52.67250347661565, 63.154553483229584, 64.6618138188502, 48.70216772620716, 44.8421019400178, 32.18636240930093, 34.38558030738122, 64.65990844914606], [63.4275773994695, 89.78662593856068, 61.95425615010643, 47.30426560873126, 55.42938483619607, 76.748441176668, 80.86949839394028, 88.56801746999454, 34.059907849725334, 79.34300573962282, 62.736093943849546, 63.82100073057159, 87.50040881863997, 20.668989860740904, 20.173174584651374, 42.31372876069572, 26.96229808841199, 43.06583811067589, 16.245831271242682, 0.0, 25.95439179487344, 73.97131628353563, 57.40689658989514, 82.19029906192253, 68.31496936705257, 21.617864522724187, 61.06787962764498, 57.75365436540389, 42.0035147170132, 14.918280732420872, 36.28890464905398, 71.67606979811039, 12.207260300498055, 51.88065646752021, 81.95946216065526, 71.61369746998295, 81.69260511997128, 49.666580663355944, 15.653203218143071, 85.10710168185106, 64.34523680806281, 51.072020556958336, 49.02136163531331, 30.451177187509124, 14.784814498768478, 40.058330973705225, 62.197570194546984, 55.19254193029219, 19.00127182097048, 42.72111987790716, 7.370248547213986, 61.49555646178339, 73.42759434107313, 18.40813195442267, 51.186781874432754, 28.559856782911627, 41.35863962183898, 63.35784754010505, 78.63929979288734, 76.39333761537716, 39.85722488714919, 80.93692014748908, 47.002178893572356, 27.914322887619196, 28.365898063916603, 47.366087868120474, 80.62190269984062, 13.151643665602679, 73.93728953951027, 42.34059451424691, 42.71494626258196, 32.85434009277051, 54.61887670684653, 25.906034610936562, 36.01238199657692, 62.88078146422281, 54.484754580921454, 78.63468463292445, 63.34132060516308, 44.20574885331365, 37.633286627423, 42.660243136712545, 67.97196539684653], [38.21542313744492, 90.28580324348906, 58.55332118825958, 32.14195177939166, 50.38992163023041, 58.3269926118123, 72.31949306233844, 90.57810847671978, 19.346392655779063, 70.87021953423542, 43.67675201173054, 48.467876738902476, 74.90267835748912, 37.324670100851634, 37.39304779315039, 19.707031438149055, 50.96321944842602, 64.6811225370477, 35.69008838708926, 25.95439179487344, 0.0, 74.78866905537893, 64.39662093161044, 85.1677068167237, 54.86188118079004, 37.70785525700084, 50.943761207220376, 37.99094950536895, 34.52787365644261, 27.899126845075696, 14.464156254914421, 78.99818986234735, 32.94398123778762, 57.877847565954035, 63.33882567994169, 48.936128116603264, 77.76490468529502, 24.082563510379902, 40.81236617251275, 70.89314538697613, 62.77547470582914, 58.05830011600364, 57.29831341616509, 16.05559485364007, 25.729029110571247, 64.0525481618941, 40.51960275858269, 32.61965884575811, 12.813460791681614, 19.968932515945795, 33.05411309317044, 76.2824220306175, 83.29168217279322, 7.63516558900514, 28.420168830102206, 29.45525299651343, 19.729691099101885, 44.15893545477596, 55.54502937135463, 72.10995486715674, 43.87313841749662, 58.41674851428225, 71.32578493268109, 24.179388286336827, 17.711416818364075, 26.655799711976435, 84.79081307275365, 29.57080202460644, 65.82035435461796, 63.05191852927733, 64.94183243858882, 56.2099401303934, 51.15928380882221, 48.01180757522698, 14.152823272029584, 58.55540059901962, 28.5543403982531, 81.0663974786141, 68.95265627281694, 26.027414954313887, 31.265723646136465, 39.05181723470785, 51.71435404377423], [80.37805715303314, 15.888504521357165, 18.053855132060786, 49.78680795086392, 26.132375564620055, 56.840361746705334, 27.641855269036032, 15.840042095450674, 56.73740240050045, 27.060209860776993, 56.32649348536236, 45.983218879478414, 41.87237409662614, 55.74166793142125, 56.520517545062745, 66.22708602335462, 68.1312017443828, 61.37774507124846, 60.7633955313624, 73.97131628353563, 74.78866905537893, 0.0, 21.222765061590717, 11.497632588274723, 40.56779254365252, 54.680847992033094, 33.4036267631664, 58.16078976546232, 40.971214187108885, 59.05370661217775, 65.80898588843256, 19.017477150044993, 64.04648077015185, 23.69713151982074, 59.28066627331855, 70.79997862298244, 15.111188327789352, 77.70934009224668, 71.56206943096795, 45.919964918591575, 12.703512050209836, 25.366250004108476, 28.39095911849261, 59.14459490966734, 59.423289278276776, 70.7828471131953, 64.43043411856384, 66.32394825800749, 64.5604476435361, 91.90445598778804, 73.13532082708791, 40.88772668268105, 27.4926782816297, 72.63910242687146, 66.5428140164067, 47.29448414194961, 92.74974207945975, 56.78512312508711, 75.57915321753839, 14.637613858883748, 34.130567638077856, 74.01481822762238, 75.07248852613208, 51.21746067443411, 91.3265375596545, 61.25796913187444, 13.219972066195409, 61.09216919973174, 25.47930358551691, 58.10711295597488, 63.65240860869754, 66.38727957574817, 24.278393820301726, 62.30205688660272, 87.96306899606958, 19.284177828085504, 86.77657986670266, 7.339069545807172, 15.509056232289446, 56.71774234479227, 43.62290711110745, 35.75059190663786, 48.49298967498183], [80.05258987763112, 34.99778242850381, 24.318411292023463, 47.8411866750176, 27.57457162655934, 65.20683847883109, 43.9143664765428, 32.467153416813325, 49.44456048877615, 42.821509747167646, 59.77989100663323, 51.35527154377939, 57.25879929842171, 37.482521154151016, 38.17732061281427, 61.43391565831181, 47.56113619623818, 40.18266911967591, 42.51570678957119, 57.40689658989514, 64.39662093161044, 21.222765061590717, 0.0, 25.731474231974772, 48.67379089810733, 36.42943944845163, 38.90824471734821, 59.54906199147136, 35.68377028345959, 42.9392942358532, 59.11670327719014, 14.715007400211366, 46.22447243908154, 6.578140637454555, 68.93276615948518, 74.78270838420875, 35.05363966104767, 73.71711328938268, 52.30803867173995, 59.53695382873549, 20.807455920732707, 6.491606688805099, 8.462797768667853, 50.595687369093696, 43.91000000371186, 49.5665833497357, 66.44527533951901, 65.72293474581143, 52.41623444875745, 83.49367646197429, 55.19072443772964, 22.909825663605716, 19.49166418581158, 60.40034366705253, 64.59766130356678, 34.95301419422591, 83.79106297117688, 60.39527989468432, 80.83708007580081, 32.25249354207633, 20.537560656593957, 80.30502003370174, 53.905979451672586, 40.34747327832121, 79.01408123444975, 58.61648299324286, 23.524005270805212, 44.25829856040661, 39.06522027720888, 36.89772193140767, 42.44786360468862, 45.38677315692841, 24.332637428909198, 41.972640953759225, 78.43623698679366, 26.546468093065446, 82.65189885635229, 22.94273095951984, 6.378528605595285, 53.27018266000802, 36.23474541806454, 29.091964000581555, 55.156258661934395], [91.87443652042641, 10.503594502599794, 29.528940863300082, 61.18740031521466, 37.50183444783914, 67.56958507381216, 36.481432105613585, 6.78506240047531, 67.58538265785275, 36.2324354267655