instance_id,num_cities,city_coordinates,distance_matrix,best_route,total_distance
365,45,"[[18.238944166734093, 15.596747226595841], [11.498938218635057, 19.657491678450047], [27.53217876537921, 27.955310361713803], [86.43892238636917, 91.9170600813292], [83.98174260143736, 31.24545122173956], [68.94994782213635, 71.45773128898155], [30.718478943786522, 26.016999889163973], [8.97491883970407, 68.3819532846738], [77.15747088954285, 82.75658121021691], [94.52435819298822, 72.48073573413654], [74.96904051441251, 45.675727624078554], [52.745940583483055, 50.51513504603607], [38.98469282194426, 69.94842353920384], [8.417210925150155, 93.2111384590829], [21.10075983897809, 89.39116105496677], [46.66989256191098, 19.879211150068187], [0.4822508563235517, 5.5504427793663265], [17.195145103434626, 10.990792988804854], [38.90146300629714, 75.29711177025429], [22.483260994901023, 28.80779667161463], [56.17209815322609, 71.75844981950584], [78.07131679629997, 34.405499465586544], [5.69011128880994, 38.599843341079676], [82.1071521375315, 91.33856989940412], [13.595633615760129, 56.89152111680641], [75.36278830625321, 93.86946363495706], [76.10604445608922, 40.64281997654914], [81.91308130166341, 94.63675437329714], [52.37502954445612, 26.670571228053763], [52.413708199051904, 1.3536316751259325], [6.967681283338544, 69.33463477122893], [45.743940084611836, 16.615790886468396], [23.190753158055866, 66.40806852954755], [15.570040482377923, 67.95000837899188], [56.98781627365469, 22.971298555706255], [48.97757305568842, 40.48186977629624], [78.96813020046002, 90.64695572635459], [16.815716266280546, 2.5271006521993544], [32.81659818879689, 63.524921412711535], [43.54555277660344, 53.1344491319367], [28.90097201657802, 19.41089724843331], [63.42883280821019, 72.44964095499473], [42.89223699589243, 59.90595208358038], [55.379985382059175, 12.717158281547448], [20.432944122525708, 66.9565589846937]]","[[0.0, 7.868756298404158, 15.462803499694077, 102.35246544858154, 67.57956409117811, 75.44571182086051, 16.25793510269429, 53.59197835360814, 89.34112206533939, 95.159090693864, 64.21097175225606, 49.09202185298908, 58.17637669411587, 78.23336992778977, 73.84988490996288, 28.751666454399704, 20.40167616560958, 4.722746121185174, 63.1749413251885, 13.87609645313091, 67.77212560852277, 62.7190718623208, 26.203351645357344, 99.07558574744922, 41.55500792343087, 96.90073118000613, 63.05479407701081, 101.49738159001136, 35.88735017983904, 37.02405754745321, 54.9072119556825, 27.523866923511996, 51.05203996745213, 52.42124569454021, 39.44437978805311, 39.549116681494475, 96.54308795649823, 13.14690987404505, 50.096086449957454, 45.271442473896755, 11.323717510602703, 72.62491005654759, 50.70592157113853, 37.25250293672791, 51.406652289691664], [7.868756298404158, 0.0, 18.053215706075243, 104.1030568851396, 73.40325427099604, 77.35556429999122, 20.244359470427646, 48.789792299635714, 91.06337360451015, 98.40485493350589, 68.5959363749694, 51.51222532842958, 57.31181844555549, 73.61817708855274, 70.39161614242306, 35.171653201703414, 17.899056653356155, 10.371038475077398, 62.021493763845626, 14.296273231899562, 68.63090453838997, 68.18640130683958, 19.813004739599418, 100.61658336345543, 37.293016501815906, 97.9081617113055, 67.9298327699744, 102.85932811553884, 41.47334236405277, 44.822424003747365, 49.88337233261302, 34.379821065687565, 48.1904033235668, 48.46381168370854, 45.60942164426333, 42.87543343700733, 97.93669318743147, 17.936510962842668, 48.772881994955036, 46.34319998629299, 17.40378088570597, 74.05217739757126, 51.04388085854654, 44.42650704049119, 48.13541554335353], [15.462803499694077, 18.053215706075243, 0.0, 86.95464260879784, 56.545364833556555, 60.065732495092846, 3.729551757908021, 44.48241623349141, 73.9313797045583, 80.43920442828949, 50.63861215070189, 33.83311210644725, 43.52679212339577, 67.99783155517812, 61.77157032009582, 20.771987575441724, 35.123734016582475, 19.865777473431667, 48.687850484042436, 5.120381192999087, 52.3350743660611, 50.949086472518616, 24.297777552686025, 83.64128949384593, 32.11746539766966, 81.43981096969806, 50.20351908348332, 86.04474147866775, 24.876048510023445, 36.42443981591459, 46.207651371572126, 21.453506759459337, 38.697061736232996, 41.74528262923743, 29.874319317791123, 24.835853660260817, 81.09192005716648, 27.594137376001317, 35.960009996687354, 29.839858854114798, 8.653357175970898, 57.169180739405995, 35.451021075334886, 31.744316218471027, 39.6421054772042], [102.35246544858154, 104.1030568851396, 86.95464260879784, 0.0, 60.7213459510452, 26.91557849911029, 86.29939600465957, 80.96031804166606, 13.040694576441632, 21.05100891435447, 47.6426176608572, 53.379175896576434, 52.29268490977629, 78.03244260040489, 65.38696851025193, 82.28625287265078, 121.85131088629235, 106.50709552860424, 50.359038177618125, 89.85046328281712, 36.365508615280866, 58.117092389151736, 96.76309262624902, 4.370227039788538, 80.82656183875224, 11.246894051111399, 52.305029056914805, 5.280149104502032, 73.60334980981457, 96.74424926153657, 82.61745635967183, 85.59417460842317, 68.19853048799678, 74.81188401333286, 74.97256620664947, 63.63121478795019, 7.577987922764633, 113.30470280258372, 60.67509530711559, 57.826741811482975, 92.56219196576409, 30.140415223338803, 54.04650630466967, 85.07221645715343, 70.56780981128801], [67.57956409117811, 73.40325427099604, 56.545364833556555, 60.7213459510452, 0.0, 42.929969980112126, 53.51926717362206, 83.69673468119312, 51.961208579935615, 42.56166623065335, 17.013573285978573, 36.70144469081828, 59.351954938861006, 97.7227959191348, 85.64427339397862, 39.00468647148664, 87.3635998602734, 69.79040611354267, 63.02999607692821, 61.54677407968052, 49.13938725420313, 6.702166672164637, 78.63629325596034, 60.12235026855857, 74.9127842174237, 63.21434413068993, 12.261205519463061, 63.42504769273616, 31.936089886255253, 43.474839526299625, 85.91828410864927, 40.94089035232569, 70.22787234026586, 77.63623833582437, 28.233555584279227, 36.2022556383231, 59.612708768508696, 73.04805783242966, 60.49658005686109, 45.98057934674831, 56.337802193278755, 46.04570938255404, 50.09762250406387, 34.07870530571584, 72.89535654464314], [75.44571182086051, 77.35556429999122, 60.065732495092846, 26.91557849911029, 42.929969980112126, 0.0, 59.38438584970462, 60.05384676917354, 13.965222677945741, 25.594862842210006, 26.47529395144242, 26.479467290437743, 30.00324177668267, 64.3228027976702, 51.09943927108341, 56.18491436425784, 95.03471053510938, 79.5915211052604, 30.2927760729798, 63.072735056964504, 12.781387788337808, 38.15844932721245, 71.28427399237545, 23.84029717203042, 57.238750685512024, 23.311161914893322, 31.634924975848232, 26.55767197536844, 47.75581244450714, 72.02799458225572, 62.01861739921544, 59.54961983276512, 46.036974165221004, 53.4950336724304, 49.94023178141658, 36.85647501138036, 21.64694695963451, 86.42574813042748, 36.99389717586132, 31.322930205141656, 65.67186152926203, 5.6095094065819415, 28.503471653721206, 60.28763387185469, 48.72535479707583], [16.25793510269429, 20.244359470427646, 3.729551757908021, 86.29939600465957, 53.51926717362206, 59.38438584970462, 0.0, 47.61902647265655, 73.32093876531042, 78.93078598009205, 48.42084030116848, 32.94491906884391, 44.70235201640659, 70.79829668426014, 64.09980362097957, 17.091519739983845, 36.511771374252625, 20.215525023357834, 49.954886199250645, 8.695249355054909, 52.34660421258597, 48.09010478081819, 28.013338551627434, 83.11259375820387, 35.304785697744414, 81.22235649638463, 47.6859068946175, 85.61283791607336, 21.666410395226546, 32.847598148110386, 49.40159796285372, 17.724198520858874, 41.08655596928674, 44.585338271982, 26.445309231752823, 23.294355080983813, 80.6539524010313, 27.295827084552762, 37.56655801884018, 29.998164552967093, 6.851563582885261, 56.797512324784876, 36.009185855093335, 28.019202104853935, 42.21184342688365], [53.59197835360814, 48.789792299635714, 44.48241623349141, 80.96031804166606, 83.69673468119312, 60.05384676917354, 47.61902647265655, 0.0, 69.68134852330843, 85.64757201012335, 69.79109383987398, 47.277114320428765, 30.050630002105905, 24.8354479432736, 24.25742836895563, 61.42822672431556, 63.402871558427854, 57.976869525122254, 30.71510154037817, 41.816135395524135, 47.317802823065264, 76.99812741032628, 29.962710714131642, 76.65069988932632, 12.384709784489278, 71.11232239326291, 72.6364064585301, 77.51961121890609, 60.194758926820676, 79.87317646618777, 2.2218471195177116, 63.49564152558704, 14.352218169793423, 6.60925153729298, 66.08604907933719, 48.771169804486455, 73.44916589260566, 66.31997979138364, 24.33138781060826, 37.783794326229774, 52.86976380231156, 54.605630016260655, 34.96036423249966, 72.4706809926641, 11.546345408491625], [89.34112206533939, 91.06337360451015, 73.9313797045583, 13.040694576441632, 51.961208579935615, 13.965222677945741, 73.32093876531042, 69.68134852330843, 0.0, 20.179241186398787, 37.14537562313003, 40.4404953313068, 40.26425074832098, 69.53072060062448, 56.447962793380505, 69.87886732027341, 108.81119969261556, 93.51902946844531, 38.976477823024155, 76.8097687849396, 23.692715398820184, 48.35971691622299, 84.00833879767036, 9.90706184082989, 68.62294434993716, 11.256866409479224, 42.126884323331375, 12.796653655414808, 61.3172888730574, 85.08051472044524, 71.46156457267281, 73.22167754348719, 56.38865568161736, 63.34229379461841, 63.09591895997673, 50.806081021347595, 8.095461515264342, 100.38872895710611, 48.33187075244184, 44.80213999458086, 79.63269027266769, 17.167076658328774, 41.18564683563509, 73.34698111858246, 58.883891169564116], [95.159090693864, 98.40485493350589, 80.43920442828949, 21.05100891435447, 42.56166623065335, 25.594862842210006, 78.93078598009205, 85.64757201012335, 20.179241186398787, 0.0, 33.180098090425986, 47.20088761393467, 55.597365356464, 88.56743423936145, 75.3457847512545, 71.11237775102377, 115.4278218946027, 98.79686359330319, 55.69415088612484, 84.24514996047546, 38.35906082140188, 41.478020542294956, 95.07596064401561, 22.578859927560647, 82.41651578465338, 28.716605679285422, 36.78161443844022, 25.493792710550046, 62.25059901395597, 82.65816217853583, 87.613181786359, 74.16482490818014, 71.59162307321587, 79.08420686530685, 62.130317470513695, 55.66360623361717, 23.916684096278487, 104.5568940398963, 62.354264127601695, 54.52630014017162, 84.39689905533788, 31.0955409317906, 53.14133159010868, 71.44205423063237, 74.29706701963285], [64.21097175225606, 68.5959363749694, 50.63861215070189, 47.6426176608572, 17.013573285978573, 26.47529395144242, 48.42084030116848, 69.79109383987398, 37.14537562313003, 33.180098090425986, 0.0, 22.743923028707567, 43.40549557188105, 81.7848476487599, 69.37456870480565, 38.29232347392177, 84.60685739015297, 67.3859605675531, 46.672224567072234, 55.129702941226356, 32.15017012791068, 11.689403786063156, 69.6393435712345, 46.217397181206195, 62.38981565944132, 48.19534446406444, 5.159741985017122, 49.4510044669742, 29.524317119077825, 49.73118946058412, 71.99950516962635, 41.213910495436366, 55.77473443216046, 63.43803896680877, 28.962312140386267, 26.505330407313988, 45.14868852296812, 72.41279673280653, 45.775780855366364, 32.2965649588315, 53.02931500389749, 29.15508238633022, 35.09160315707372, 38.34055782177418, 58.541093200111234], [49.09202185298908, 51.51222532842958, 33.83311210644725, 53.379175896576434, 36.70144469081828, 26.479467290437743, 32.94491906884391, 47.277114320428765, 40.4404953313068, 47.20088761393467, 22.743923028707567, 0.0, 23.812279219199986, 61.5466081971092, 50.127466149800995, 31.23264626188415, 68.94430226300871, 53.16044275889026, 28.38689714894703, 37.24296329755205, 21.517829311002224, 30.01491360733191, 48.54096462807079, 50.285520551633674, 39.666167384692564, 48.89907574086759, 25.360541354043853, 52.89082519429879, 23.847448472922697, 49.16262596775394, 49.49568258401738, 34.614932405466405, 33.55733062183954, 41.06120256962236, 27.868556438697958, 10.717602614274542, 47.93919335393469, 59.94858183867694, 23.79985776409536, 9.565978364891727, 39.19255203385599, 24.39767890097904, 13.611866845687581, 37.8896455445248, 36.255346659720495], [58.17637669411587, 57.31181844555549, 43.52679212339577, 52.29268490977629, 59.351954938861006, 30.00324177668267, 44.70235201640659, 30.050630002105905, 40.26425074832098, 55.597365356464, 43.40549557188105, 23.812279219199986, 0.0, 38.412561161088945, 26.416947231769235, 50.65558532197175, 75.03024698920025, 62.85528291157831, 5.349335752707077, 44.32661087203441, 17.282450554165024, 52.830517936279996, 45.73032516727551, 48.136107640058164, 28.549729039749764, 43.53828189453658, 47.29495900534556, 49.52131073426193, 45.302026645702824, 69.8969521858769, 32.02289438065996, 53.75925156872538, 16.185877909490895, 23.499778878434668, 50.30867445811586, 31.11487499618597, 45.02337725342477, 70.97251793024736, 8.905434912036165, 17.421572227966347, 51.533707307653486, 24.571773811209084, 10.775905270944449, 59.53338005794722, 18.79145107007205], [78.23336992778977, 73.61817708855274, 67.99783155517812, 78.03244260040489, 97.7227959191348, 64.3228027976702, 70.79829668426014, 24.8354479432736, 69.53072060062448, 88.56743423936145, 81.7848476487599, 61.5466081971092, 38.412561161088945, 0.0, 13.246306670820497, 82.70936594641502, 88.01909541881099, 82.68758877661246, 35.358195332270256, 65.92150027083876, 52.352145171261974, 91.15809147926895, 54.67934369478267, 73.71372971770535, 36.686927718903036, 66.948814201048, 85.70417896964115, 73.50969557232636, 79.74921256786747, 101.85034769178327, 23.920463301085842, 85.20640808949425, 30.604936003119022, 26.254288480132736, 85.39753400170382, 66.52457254264704, 70.59750168156172, 91.07211211411142, 38.42657389575184, 53.29297729210819, 76.59020871626318, 58.79896530396626, 47.934985783718744, 93.1921833069275, 28.873530917564132], [73.84988490996288, 70.39161614242306, 61.77157032009582, 65.38696851025193, 85.64427339397862, 51.09943927108341, 64.09980362097957, 24.25742836895563, 56.447962793380505, 75.3457847512545, 69.37456870480565, 50.127466149800995, 26.416947231769235, 13.246306670820497, 0.0, 74.06545569821391, 86.33880329050437, 78.49758938573946, 22.704784925008802, 60.59913654048339, 39.254442763406914, 79.17744211863187, 53.077735858359866, 61.037466383299275, 33.35496238547575, 54.446514373110446, 73.49817748561621, 61.038141280205195, 70.08532181453435, 93.4403944464437, 24.535854499693812, 76.83450289928838, 23.077924822344205, 22.14298725727712, 75.4948935621896, 56.29596334108861, 57.880994918968035, 86.96968775427186, 28.395831057915196, 42.64173881870283, 70.41363953416692, 45.59255273162925, 36.663960843949255, 83.9879039215275, 22.444539377822874], [28.751666454399704, 35.171653201703414, 20.771987575441724, 82.28625287265078, 39.00468647148664, 56.18491436425784, 17.091519739983845, 61.42822672431556, 69.87886732027341, 71.11237775102377, 38.29232347392177, 31.23264626188415, 50.65558532197175, 82.70936594641502, 74.06545569821391, 0.0, 48.35919611971382, 30.785787551245686, 55.9597373734845, 25.782024473920803, 52.74227257162982, 34.598590956477366, 45.053352181855885, 79.76364660104377, 49.63685821958264, 79.35892973681851, 36.02241649079433, 82.64848831841243, 8.869676414529481, 19.39557972724369, 63.420063906912524, 3.3922411186544723, 52.117219382710665, 57.253841317357335, 10.771283778894169, 20.731496128602252, 77.78977970768847, 34.53067594213631, 45.7915034620918, 33.40168187868338, 17.7750908649385, 55.17709822067247, 40.204610075636495, 11.276556133283039, 53.894843376275624], [20.40167616560958, 17.899056653356155, 35.123734016582475, 121.85131088629235, 87.3635998602734, 95.03471053510938, 36.511771374252625, 63.402871558427854, 108.81119969261556, 115.4278218946027, 84.60685739015297, 68.94430226300871, 75.03024698920025, 88.01909541881099, 86.33880329050437, 48.35919611971382, 0.0, 17.576070223928223, 79.62809615675344, 32.01482402242851, 86.51508127592257, 82.78090027175949, 33.45720681367224, 118.41548574376034, 52.98931149058882, 115.79008737228153, 83.36925749800892, 120.69528184825049, 56.02606809035024, 52.10076280808458, 64.11305604850264, 46.59466107323343, 64.95634448409872, 64.19771945187809, 59.13006966943574, 59.766218445389825, 115.76463092049873, 16.610920802778036, 66.38185136183854, 64.17698678528494, 31.618600703911202, 91.85736168629919, 68.94293521513953, 55.363553599343206, 64.565790239292], [4.722746121185174, 10.371038475077398, 19.865777473431667, 106.50709552860424, 69.79040611354267, 79.5915211052604, 20.215525023357834, 57.976869525122254, 93.51902946844531, 98.79686359330319, 67.3859605675531, 53.16044275889026, 62.85528291157831, 82.68758877661246, 78.49758938573946, 30.785787551245686, 17.576070223928223, 0.0, 67.87095750113981, 18.585203520942045, 72.1935660965677, 65.22389714953455, 29.910290276593837, 103.29246783609186, 46.041647729318, 101.25388270996712, 65.9525341971066, 105.75943514265754, 38.51596701259946, 36.51331352679245, 59.23347778177395, 29.09766822661239, 55.740665086660364, 56.98239362202239, 41.55705947850279, 43.357194750420796, 100.80181521117727, 8.472192998933556, 54.80752179908971, 49.70343788565061, 14.419588741135632, 76.90737202709475, 55.25426065921633, 38.22384549241551, 56.059346285830124], [63.1749413251885, 62.021493763845626, 48.687850484042436, 50.359038177618125, 63.02999607692821, 30.2927760729798, 49.954886199250645, 30.71510154037817, 38.976477823024155, 55.69415088612484, 46.672224567072234, 28.38689714894703, 5.349335752707077, 35.358195332270256, 22.704784925008802, 55.9597373734845, 79.62809615675344, 67.87095750113981, 0.0, 49.30328361912234, 17.62943466989263, 56.6250951681801, 49.49427636672281, 46.087524908744335, 31.291384891775802, 40.91895033374567, 50.84388675718521, 47.15952803410692, 50.45867061626247, 75.16793876865167, 32.48565140324988, 59.078904130265556, 18.051080124767594, 24.46089134172229, 55.36340761798739, 36.24402114591183, 42.90635768186851, 76.04771349084726, 13.251794054446929, 22.64400991464502, 56.7739270582408, 24.692103179833648, 15.900128098123185, 64.71315382777446, 20.264525914240988], [13.87609645313091, 14.296273231899562, 5.120381192999087, 89.85046328281712, 61.54677407968052, 63.072735056964504, 8.695249355054909, 41.816135395524135, 76.8097687849396, 84.24514996047546, 55.129702941226356, 37.24296329755205, 44.32661087203441, 65.92150027083876, 60.59913654048339, 25.782024473920803, 32.01482402242851, 18.585203520942045, 49.30328361912234, 0.0, 54.586595011143544, 55.86918850626957, 19.439497293607378, 86.40084487696566, 29.45650181443678, 83.84071157093626, 54.91330151023358, 88.68683788355503, 29.968075674236662, 40.614810666736936, 43.39536634409484, 26.26221995147305, 37.606927406415274, 39.74802328669831, 34.994700245059526, 28.952246103330825, 83.75334048124012, 26.884866496150273, 36.22232195555159, 32.177727623666385, 11.379311645575921, 59.84271403916817, 37.19706401634164, 36.62107479586788, 38.20382003539632], [67.77212560852277, 68.63090453838997, 52.3350743660611, 36.365508615280866, 49.13938725420313, 12.781387788337808, 52.34660421258597, 47.317802823065264, 23.692715398820184, 38.35906082140188, 32.15017012791068, 21.517829311002224, 17.282450554165024, 52.352145171261974, 39.254442763406914, 52.74227257162982, 86.51508127592257, 72.1935660965677, 17.62943466989263, 54.586595011143544, 0.0, 43.29917640463285, 60.39804782747709, 32.49627867175058, 45.09746003447694, 29.27762832772775, 36.95327638693663, 34.43856897003942, 45.247480879019434, 70.5050630308976, 49.264079397609045, 56.12004378926748, 33.412508101583384, 40.78028093714786, 48.79397016526588, 32.093389515263056, 29.604640387810434, 79.6360753851959, 24.764296247096166, 22.500734427091192, 59.025253755847345, 7.289577699608231, 17.799899295731347, 59.04660489064924, 36.06030069785303], [62.7190718623208, 68.18640130683958, 50.949086472518616, 58.117092389151736, 6.702166672164637, 38.15844932721245, 48.09010478081819, 76.99812741032628, 48.35971691622299, 41.478020542294956, 11.689403786063156, 30.01491360733191, 52.830517936279996, 91.15809147926895, 79.17744211863187, 34.598590956477366, 82.78090027175949, 65.22389714953455, 56.6250951681801, 55.86918850626957, 43.29917640463285, 0.0, 72.50263051271583, 57.075936049473306, 68.28422139335322, 59.525617689508906, 6.539607215091142, 60.35365127539743, 26.83520622929987, 41.84183126211932, 79.21976695471871, 36.898956846899424, 63.52984095639587, 70.93407939143754, 23.984472992665296, 29.72151074553997, 56.24860599707131, 69.05418819448015, 53.81384850369829, 39.278517496825785, 51.40584501209357, 40.76467881644077, 43.44928928447495, 31.389180694408026, 66.194814602787], [26.203351645357344, 19.813004739599418, 24.297777552686025, 96.76309262624902, 78.63629325596034, 71.28427399237545, 28.013338551627434, 29.962710714131642, 84.00833879767036, 95.07596064401561, 69.6393435712345, 48.54096462807079, 45.73032516727551, 54.67934369478267, 53.077735858359866, 45.053352181855885, 33.45720681367224, 29.910290276593837, 49.49427636672281, 19.439497293607378, 60.39804782747709, 72.50263051271583, 0.0, 92.84900328527439, 19.926935517357485, 88.9326309641537, 70.44556336173213, 94.60484425024447, 48.18494708602453, 59.75261326248251, 30.76133269781555, 45.69034650263127, 32.85680833507939, 30.96845473417427, 53.62560907645328, 43.328355262135446, 89.88086539003496, 37.749461601629335, 36.83891703636396, 40.54983619857634, 30.115771746218538, 66.9295806142386, 42.87130073688963, 56.02675230007442, 31.96020090762372], [99.07558574744922, 100.61658336345543, 83.64128949384593, 4.370227039788538, 60.12235026855857, 23.84029717203042, 83.11259375820387, 76.65069988932632, 9.90706184082989, 22.578859927560647, 46.217397181206195, 50.285520551633674, 48.136107640058164, 73.71372971770535, 61.037466383299275, 79.76364660104377, 118.41548574376034, 103.29246783609186, 46.087524908744335, 86.40084487696566, 32.49627867175058, 57.075936049473306, 92.84900328527439, 0.0, 76.68394447333606, 7.203600946007206, 51.049704736118855, 3.3038892707176934, 71.1754814950165, 94.75753120546563, 78.29503969839375, 83.10100417095829, 63.97399446072738, 70.52809395839705, 72.83587594877307, 60.69574085182432, 3.2143100170610404, 110.22907360572742, 56.59644644952909, 54.28214981822259, 89.46780256633421, 26.564473449233752, 50.257527121035245, 83.04015780066456, 66.31885395966417], [41.55500792343087, 37.293016501815906, 32.11746539766966, 80.82656183875224, 74.9127842174237, 57.238750685512024, 35.304785697744414, 12.384709784489278, 68.62294434993716, 82.41651578465338, 62.38981565944132, 39.666167384692564, 28.549729039749764, 36.686927718903036, 33.35496238547575, 49.63685821958264, 52.98931149058882, 46.041647729318, 31.291384891775802, 29.45650181443678, 45.09746003447694, 68.28422139335322, 19.926935517357485, 76.68394447333606, 0.0, 71.98992729149651, 64.58770589030183, 78.05111332904245, 49.16449288636121, 67.75913280134515, 14.098256258762252, 51.53298025926868, 13.514103510403332, 11.233362052514192, 55.07688275865522, 39.00202937858311, 73.57304312991329, 54.45970202570676, 20.33340794366868, 30.184652518134808, 40.48518925639363, 52.20539085816554, 29.45127779343751, 60.8054798881723, 12.16773611843765], [96.90073118000613, 97.9081617113055, 81.43981096969806, 11.246894051111399, 63.21434413068993, 23.311161914893322, 81.22235649638463, 71.11232239326291, 11.256866409479224, 28.716605679285422, 48.19534446406444, 48.89907574086759, 43.53828189453658, 66.948814201048, 54.446514373110446, 79.35892973681851, 115.79008737228153, 101.25388270996712, 40.91895033374567, 83.84071157093626, 29.27762832772775, 59.525617689508906, 88.9326309641537, 7.203600946007206, 71.98992729149651, 0.0, 53.23183281499337, 6.595079484195959, 71.02202611588284, 95.31966974862246, 72.66256596108052, 82.73696950642565, 58.95803145153464, 65.16894086215859, 73.24062676413601, 59.551782188579, 4.835602071627507, 108.49510090196522, 52.25867905131528, 51.688276072147026, 87.76547431235069, 24.51995304788122, 46.98783692935086, 83.57636673653751, 61.16855580085857], [63.05479407701081, 67.9298327699744, 50.20351908348332, 52.305029056914805, 12.261205519463061, 31.634924975848232, 47.6859068946175, 72.6364064585301, 42.126884323331375, 36.78161443844022, 5.159741985017122, 25.360541354043853, 47.29495900534556, 85.70417896964115, 73.49817748561621, 36.02241649079433, 83.36925749800892, 65.9525341971066, 50.84388675718521, 54.91330151023358, 36.95327638693663, 6.539607215091142, 70.44556336173213, 51.049704736118855, 64.58770589030183, 53.23183281499337, 0.0, 54.30530939573204, 27.53878726135164, 45.87992060478326, 74.85541729507206, 38.718929592126806, 58.85470317785581, 66.41001668085691, 26.03438722464854, 27.128948846008132, 50.08597734788752, 70.4851124455926, 48.9649540412693, 34.87443787884747, 51.760152692512236, 34.240116178541314, 38.39564121845033, 34.77660285082297, 61.578461829927015], [101.49738159001136, 102.85932811553884, 86.04474147866775, 5.280149104502032, 63.42504769273616, 26.55767197536844, 85.61283791607336, 77.51961121890609, 12.796653655414808, 25.493792710550046, 49.4510044669742, 52.89082519429879, 49.52131073426193, 73.50969557232636, 61.038141280205195, 82.64848831841243, 120.69528184825049, 105.75943514265754, 47.15952803410692, 88.68683788355503, 34.43856897003942, 60.35365127539743, 94.60484425024447, 3.3038892707176934, 78.05111332904245, 6.595079484195959, 54.30530939573204, 0.0, 74.10734479755851, 97.83636335110346, 79.10126573111262, 85.99696227072258, 65.15497315685603, 71.50931042118884, 75.87625711814958, 63.38374578024852, 4.958954550267991, 112.79120197590959, 58.12409830887158, 56.51998394787763, 92.02832885054613, 28.87794044256519, 52.23844291345804, 86.10938045831205, 67.42403491572462], [35.88735017983904, 41.47334236405277, 24.876048510023445, 73.60334980981457, 31.936089886255253, 47.75581244450714, 21.666410395226546, 60.194758926820676, 61.3172888730574, 62.25059901395597, 29.524317119077825, 23.847448472922697, 45.302026645702824, 79.74921256786747, 70.08532181453435, 8.869676414529481, 56.02606809035024, 38.51596701259946, 50.45867061626247, 29.968075674236662, 45.247480879019434, 26.83520622929987, 48.18494708602453, 71.1754814950165, 49.16449288636121, 71.02202611588284, 27.53878726135164, 74.10734479755851, 0.0, 25.31696909910274, 62.30609596277483, 12.044498957698053, 49.30304939842997, 55.304603346900024, 5.912902816168002, 14.223033367807114, 69.28326476123063, 42.98106481071149, 41.722600166185934, 27.89796576285937, 24.57100411282593, 47.09468963331114, 34.56174033712712, 14.273313996464687, 51.41262131646317], [37.02405754745321, 44.822424003747365, 36.42443981591459, 96.74424926153657, 43.474839526299625, 72.02799458225572, 32.847598148110386, 79.87317646618777, 85.08051472044524, 82.65816217853583, 49.73118946058412, 49.16262596775394, 69.8969521858769, 101.85034769178327, 93.4403944464437, 19.39557972724369, 52.10076280808458, 36.51331352679245, 75.16793876865167, 40.614810666736936, 70.5050630308976, 41.84183126211932, 59.75261326248251, 94.75753120546563, 67.75913280134515, 95.31966974862246, 45.87992060478326, 97.83636335110346, 25.31696909910274, 0.0, 81.77260020554628, 16.655909176408446, 71.31662397908362, 76.10869359606629, 22.096288965296544, 39.27882434118075, 93.15811852944755, 35.61732807336632, 65.18677771134921, 52.53472410789135, 29.64647707184731, 71.94425276336167, 59.321434904146635, 11.744298074439325, 72.982966111983], [54.9072119556825, 49.88337233261302, 46.207651371572126, 82.61745635967183, 85.91828410864927, 62.01861739921544, 49.40159796285372, 2.2218471195177116, 71.46156457267281, 87.613181786359, 71.99950516962635, 49.49568258401738, 32.02289438065996, 23.920463301085842, 24.535854499693812, 63.420063906912524, 64.11305604850264, 59.23347778177395, 32.48565140324988, 43.39536634409484, 49.264079397609045, 79.21976695471871, 30.76133269781555, 78.29503969839375, 14.098256258762252, 72.66256596108052, 74.85541729507206, 79.10126573111262, 62.30609596277483, 81.77260020554628, 0.0, 65.44367614345238, 16.484927995571994, 8.713080628306892, 68.20244020182156, 50.963840657640425, 75.0884789349292, 67.52947806765984, 26.493759161233154, 40.00483342954112, 54.529338989518294, 56.547014908299225, 37.14126761930389, 74.49355564212678, 13.673644275572622], [27.523866923511996, 34.379821065687565, 21.453506759459337, 85.59417460842317, 40.94089035232569, 59.54961983276512, 17.724198520858874, 63.49564152558704, 73.22167754348719, 74.16482490818014, 41.213910495436366, 34.614932405466405, 53.75925156872538, 85.20640808949425, 76.83450289928838, 3.3922411186544723, 46.59466107323343, 29.09766822661239, 59.078904130265556, 26.26221995147305, 56.12004378926748, 36.898956846899424, 45.69034650263127, 83.10100417095829, 51.53298025926868, 82.73696950642565, 38.718929592126806, 85.99696227072258, 12.044498957698053, 16.655909176408446, 65.44367614345238, 0.0, 54.66184367023907, 59.5454960746436, 12.915774443999323, 24.084146315929903, 81.14468668005581, 32.176595932457765, 48.65781227325585, 36.58476878162991, 17.07331815774261, 58.56768942104393, 43.38398629653748, 10.394840314435315, 56.34571367293202], [51.05203996745213, 48.1904033235668, 38.697061736232996, 68.19853048799678, 70.22787234026586, 46.036974165221004, 41.08655596928674, 14.352218169793423, 56.38865568161736, 71.59162307321587, 55.77473443216046, 33.55733062183954, 16.185877909490895, 30.604936003119022, 23.077924822344205, 52.117219382710665, 64.95634448409872, 55.740665086660364, 18.051080124767594, 37.606927406415274, 33.412508101583384, 63.52984095639587, 32.85680833507939, 63.97399446072738, 13.514103510403332, 58.95803145153464, 58.85470317785581, 65.15497315685603, 49.30304939842997, 71.31662397908362, 16.484927995571994, 54.66184367023907, 0.0, 7.775142454292583, 55.03630130196043, 36.56675897896924, 60.81644055903017, 64.19827997943784, 10.04835458436661, 24.300346487732543, 47.342799957740255, 40.6891097384065, 20.746710189556612, 62.60080282575947, 2.8118236886117547], [52.42124569454021, 48.46381168370854, 41.74528262923743, 74.81188401333286, 77.63623833582437, 53.4950336724304, 44.585338271982, 6.60925153729298, 63.34229379461841, 79.08420686530685, 63.43803896680877, 41.06120256962236, 23.499778878434668, 26.254288480132736, 22.14298725727712, 57.253841317357335, 64.19771945187809, 56.98239362202239, 24.46089134172229, 39.74802328669831, 40.78028093714786, 70.93407939143754, 30.96845473417427, 70.52809395839705, 11.233362052514192, 65.16894086215859, 66.41001668085691, 71.50931042118884, 55.304603346900024, 76.10869359606629, 8.713080628306892, 59.5454960746436, 7.775142454292583, 0.0, 61.14340920216833, 43.24999272755661, 67.33846745205108, 65.43476571049224, 17.805200009547313, 31.656438269763786, 50.33645840654907, 48.06985225904244, 28.481735621391717, 68.08450222188912, 4.963342977509614], [39.44437978805311, 45.60942164426333, 29.874319317791123, 74.97256620664947, 28.233555584279227, 49.94023178141658, 26.445309231752823, 66.08604907933719, 63.09591895997673, 62.130317470513695, 28.962312140386267, 27.868556438697958, 50.30867445811586, 85.39753400170382, 75.4948935621896, 10.771283778894169, 59.13006966943574, 41.55705947850279, 55.36340761798739, 34.994700245059526, 48.79397016526588, 23.984472992665296, 53.62560907645328, 72.83587594877307, 55.07688275865522, 73.24062676413601, 26.03438722464854, 75.87625711814958, 5.912902816168002, 22.096288965296544, 68.20244020182156, 12.915774443999323, 55.03630130196043, 61.14340920216833, 0.0, 19.255755006811054, 71.15566578846718, 45.07508010997014, 47.21063556587623, 33.02287238579508, 28.311610300195067, 49.89582207539671, 39.53294811166738, 10.379427389701924, 57.19232302495881], [39.549116681494475, 42.87543343700733, 24.835853660260817, 63.63121478795019, 36.2022556383231, 36.85647501138036, 23.294355080983813, 48.771169804486455, 50.806081021347595, 55.66360623361717, 26.505330407313988, 10.717602614274542, 31.11487499618597, 66.52457254264704, 56.29596334108861, 20.731496128602252, 59.766218445389825, 43.357194750420796, 36.24402114591183, 28.952246103330825, 32.093389515263056, 29.72151074553997, 43.328355262135446, 60.69574085182432, 39.00202937858311, 59.551782188579, 27.128948846008132, 63.38374578024852, 14.223033367807114, 39.27882434118075, 50.963840657640425, 24.084146315929903, 36.56675897896924, 43.24999272755661, 19.255755006811054, 0.0, 58.446294717719724, 49.74886462428946, 28.145325319967455, 13.769335810530931, 29.104222933340154, 35.08243581293183, 20.355006471155985, 28.493334097355124, 38.93205632397532], [96.54308795649823, 97.93669318743147, 81.09192005716648, 7.577987922764633, 59.612708768508696, 21.64694695963451, 80.6539524010313, 73.44916589260566, 8.095461515264342, 23.916684096278487, 45.14868852296812, 47.93919335393469, 45.02337725342477, 70.59750168156172, 57.880994918968035, 77.78977970768847, 115.76463092049873, 100.80181521117727, 42.90635768186851, 83.75334048124012, 29.604640387810434, 56.24860599707131, 89.88086539003496, 3.2143100170610404, 73.57304312991329, 4.835602071627507, 50.08597734788752, 4.958954550267991, 69.28326476123063, 93.15811852944755, 75.0884789349292, 81.14468668005581, 60.81644055903017, 67.33846745205108, 71.15566578846718, 58.446294717719724, 0.0, 107.83335020361608, 53.531006457323386, 51.59406111506789, 87.07064003485722, 23.929313160488626, 47.39703973321987, 81.42145850918247, 63.14746952139644], [13.14690987404505, 17.936510962842668, 27.594137376001317, 113.30470280258372, 73.04805783242966, 86.42574813042748, 27.295827084552762, 66.31997979138364, 100.38872895710611, 104.5568940398963, 72.41279673280653, 59.94858183867694, 70.97251793024736, 91.07211211411142, 86.96968775427186, 34.53067594213631, 16.610920802778036, 8.472192998933556, 76.04771349084726, 26.884866496150273, 79.6360753851959, 69.05418819448015, 37.749461601629335, 110.22907360572742, 54.45970202570676, 108.49510090196522, 70.4851124455926, 112.79120197590959, 42.98106481071149, 35.61732807336632, 67.52947806765984, 32.176595932457765, 64.19827997943784, 65.43476571049224, 45.07508010997014, 49.74886462428946, 107.83335020361608, 0.0, 63.061575938362665, 57.23275181238593, 20.763332922560856, 84.03537514730068, 63.02632406341318, 39.88784435042376, 64.53091846845683], [50.096086449957454, 48.772881994955036, 35.960009996687354, 60.67509530711559, 60.49658005686109, 36.99389717586132, 37.56655801884018, 24.33138781060826, 48.33187075244184, 62.354264127601695, 45.775780855366364, 23.79985776409536, 8.905434912036165, 38.42657389575184, 28.395831057915196, 45.7915034620918, 66.38185136183854, 54.80752179908971, 13.251794054446929, 36.22232195555159, 24.764296247096166, 53.81384850369829, 36.83891703636396, 56.59644644952909, 20.33340794366868, 52.25867905131528, 48.9649540412693, 58.12409830887158, 41.722600166185934, 65.18677771134921, 26.493759161233154, 48.65781227325585, 10.04835458436661, 17.805200009547313, 47.21063556587623, 28.145325319967455, 53.531006457323386, 63.061575938362665, 0.0, 14.935607813703646, 44.287461614853115, 31.88666692055502, 10.705859908304504, 55.59258256301419, 12.850331686711996], [45.271442473896755, 46.34319998629299, 29.839858854114798, 57.826741811482975, 45.98057934674831, 31.322930205141656, 29.998164552967093, 37.783794326229774, 44.80213999458086, 54.52630014017162, 32.2965649588315, 9.565978364891727, 17.421572227966347, 53.29297729210819, 42.64173881870283, 33.40168187868338, 64.17698678528494, 49.70343788565061, 22.64400991464502, 32.177727623666385, 22.500734427091192, 39.278517496825785, 40.54983619857634, 54.28214981822259, 30.184652518134808, 51.688276072147026, 34.87443787884747, 56.51998394787763, 27.89796576285937, 52.53472410789135, 40.00483342954112, 36.58476878162991, 24.300346487732543, 31.656438269763786, 33.02287238579508, 13.769335810530931, 51.59406111506789, 57.23275181238593, 14.935607813703646, 0.0, 36.766039999927266, 27.72041594162721, 6.802945959909217, 42.114263554976624, 26.930343473083127], [11.323717510602703, 17.40378088570597, 8.653357175970898, 92.56219196576409, 56.337802193278755, 65.67186152926203, 6.851563582885261, 52.86976380231156, 79.63269027266769, 84.39689905533788, 53.02931500389749, 39.19255203385599, 51.533707307653486, 76.59020871626318, 70.41363953416692, 17.7750908649385, 31.618600703911202, 14.419588741135632, 56.7739270582408, 11.379311645575921, 59.025253755847345, 51.40584501209357, 30.115771746218538, 89.46780256633421, 40.48518925639363, 87.76547431235069, 51.760152692512236, 92.02832885054613, 24.57100411282593, 29.64647707184731, 54.529338989518294, 17.07331815774261, 47.342799957740255, 50.33645840654907, 28.311610300195067, 29.104222933340154, 87.07064003485722, 20.763332922560856, 44.287461614853115, 36.766039999927266, 0.0, 63.28729339145922, 42.843960622507325, 27.31198070748689, 48.293865514714625], [72.62491005654759, 74.05217739757126, 57.169180739405995, 30.140415223338803, 46.04570938255404, 5.6095094065819415, 56.797512324784876, 54.605630016260655, 17.167076658328774, 31.0955409317906, 29.15508238633022, 24.39767890097904, 24.571773811209084, 58.79896530396626, 45.59255273162925, 55.17709822067247, 91.85736168629919, 76.90737202709475, 24.692103179833648, 59.84271403916817, 7.289577699608231, 40.76467881644077, 66.9295806142386, 26.564473449233752, 52.20539085816554, 24.51995304788122, 34.240116178541314, 28.87794044256519, 47.09468963331114, 71.94425276336167, 56.547014908299225, 58.56768942104393, 40.6891097384065, 48.06985225904244, 49.89582207539671, 35.08243581293183, 23.929313160488626, 84.03537514730068, 31.88666692055502, 27.72041594162721, 63.28729339145922, 0.0, 24.064411442238754, 60.2723272424679, 43.345361844195246], [50.70592157113853, 51.04388085854654, 35.451021075334886, 54.04650630466967, 50.09762250406387, 28.503471653721206, 36.009185855093335, 34.96036423249966, 41.18564683563509, 53.14133159010868, 35.09160315707372, 13.611866845687581, 10.775905270944449, 47.934985783718744, 36.663960843949255, 40.204610075636495, 68.94293521513953, 55.25426065921633, 15.900128098123185, 37.19706401634164, 17.799899295731347, 43.44928928447495, 42.87130073688963, 50.257527121035245, 29.45127779343751, 46.98783692935086, 38.39564121845033, 52.23844291345804, 34.56174033712712, 59.321434904146635, 37.14126761930389, 43.38398629653748, 20.746710189556612, 28.481735621391717, 39.53294811166738, 20.355006471155985, 47.39703973321987, 63.02632406341318, 10.705859908304504, 6.802945959909217, 42.843960622507325, 24.064411442238754, 0.0, 48.813175682872675, 23.539985005213747], [37.25250293672791, 44.42650704049119, 31.744316218471027, 85.07221645715343, 34.07870530571584, 60.28763387185469, 28.019202104853935, 72.4706809926641, 73.34698111858246, 71.44205423063237, 38.34055782177418, 37.8896455445248, 59.53338005794722, 93.1921833069275, 83.9879039215275, 11.276556133283039, 55.363553599343206, 38.22384549241551, 64.71315382777446, 36.62107479586788, 59.04660489064924, 31.389180694408026, 56.02675230007442, 83.04015780066456, 60.8054798881723, 83.57636673653751, 34.77660285082297, 86.10938045831205, 14.273313996464687, 11.744298074439325, 74.49355564212678, 10.394840314435315, 62.60080282575947, 68.08450222188912, 10.379427389701924, 28.493334097355124, 81.42145850918247, 39.88784435042376, 55.59258256301419, 42.114263554976624, 27.31198070748689, 60.2723272424679, 48.813175682872675, 0.0, 64.52292833894008], [51.406652289691664, 48.13541554335353, 39.6421054772042, 70.56780981128801, 72.89535654464314, 48.72535479707583, 42.21184342688365, 11.546345408491625, 58.883891169564116, 74.29706701963285, 58.541093200111234, 36.255346659720495, 18.79145107007205, 28.873530917564132, 22.444539377822874, 53.894843376275624, 64.565790239292, 56.059346285830124, 20.264525914240988, 38.20382003539632, 36.06030069785303, 66.194814602787, 31.96020090762372, 66.31885395966417, 12.16773611843765, 61.16855580085857, 61.5784