instance_id,num_cities,city_coordinates,distance_matrix,best_route,total_distance
914,81,"[[97.56353080439727, 45.36759480898909], [57.4714071442405, 96.13445839386806], [81.95535453645161, 60.43673295056128], [78.94054556870954, 20.04540383240799], [31.837031715337105, 52.847109357130876], [28.414311072396913, 10.572253824372046], [71.29497153716675, 32.019418865602724], [99.61933645923658, 71.16193237044853], [62.50206961263075, 82.56564700361386], [10.334912876518832, 23.777738199390754], [17.807326564169536, 95.00232853877074], [45.96661788577712, 38.07336121190984], [52.82502131556902, 31.389856412210925], [25.493881622862492, 44.50706128353457], [74.53735744518525, 23.81982517433657], [99.86831799796767, 41.09642281437122], [70.98950300211139, 25.85473124280724], [77.56380732755034, 93.26911732697013], [6.153084273206611, 62.54565204105603], [85.42563838882407, 91.47975954498726], [31.27693899763605, 10.16778656252837], [30.246571267786294, 2.2001481439093418], [71.36131769481877, 15.610971372307947], [98.21381776838071, 94.78471808246796], [23.33099335053417, 34.34335106419694], [18.721052024755824, 64.86452526231419], [78.26554772592071, 50.142333860224106], [28.111414950205983, 90.19991875749047], [83.07742160079515, 63.81081183048877], [70.74468691123776, 28.64393610983108], [9.277288493366797, 29.342467358671907], [45.83435413804866, 33.79672156437772], [21.267876013468058, 44.36349309611308], [1.2159567538761795, 76.06081731263605], [63.84857531859196, 19.178147191776496], [22.51286591246071, 56.27601572760093], [86.7833861270598, 4.464477059623184], [27.58221725759762, 92.46366642128784], [60.03619633499525, 3.5385092691591624], [30.979328287614806, 13.404502952873942], [75.55580016293668, 82.75205252352126], [53.753987852842954, 99.62207028791352], [65.73807477691146, 88.75800276907636], [23.86378467620329, 52.70621455978157], [5.693655752729587, 15.79818426556805], [20.71297853327384, 34.21750024942383], [74.0304011682425, 10.861229137770112], [75.63525804649186, 49.485090880693264], [27.61484852685092, 88.8641758562485], [87.50382309678221, 35.6715917798358], [96.8876179260814, 29.231092757887957], [46.18011219538701, 99.57434386175524], [42.89761268315891, 61.736783022293515], [96.17293003588237, 77.86048061949913], [38.22031256671337, 98.46535686256092], [39.84549540817365, 14.53355578607084], [67.15640198570617, 36.61716193095651], [19.175330413316782, 69.56666131573941], [37.25774213881896, 26.988554285065025], [80.59916888000525, 37.96419300500272], [93.68419809661994, 20.54504840481126], [86.26079730689513, 32.8225274720948], [4.636917745551495, 21.483830485232748], [54.96846168319915, 47.7415857405082], [30.269715364558923, 49.28034312803845], [47.10590540402424, 24.907359725205914], [13.307842472327325, 17.60491496867118], [88.3928198449294, 94.09652066505593], [41.44713469558884, 89.04717027431475], [6.503286571025235, 8.24633557670651], [17.294765819881697, 50.06576584271277], [16.978911788340202, 52.62469745783651], [27.808715695051166, 59.036620405410424], [77.01557272852078, 9.115109300564072], [59.91693502845435, 16.297238908178745], [70.71499686209027, 40.29380547970034], [6.779870337300253, 71.94620509747206], [32.93497320754336, 71.77208308859603], [68.67415583825498, 77.82617742835956], [78.7095593368388, 59.31235539736824], [46.21394842846799, 45.51755071491418]]","[[0.0, 64.68889253826357, 21.695485492172054, 31.43292755921867, 66.15070536570333, 77.41014367497479, 29.46542052969211, 25.876131610520655, 51.11752290531867, 89.860746124383, 93.93965566913285, 52.10995362212896, 46.87122146873007, 72.07478651441104, 31.535869035061307, 4.853344642126092, 32.96863355052936, 51.90900498652414, 93.0105122300691, 47.68291275637283, 75.05290636573503, 79.96875322797163, 39.64861422789212, 49.42140169766267, 75.04667592228037, 81.21740427531533, 19.8798964762032, 82.66519017849883, 23.45207056873277, 31.60587205016787, 89.72884313976692, 53.00747896496464, 76.30226182903388, 101.11839067686464, 42.691748499031476, 75.83927707764208, 42.29984114488871, 84.35297390754079, 56.195847083897384, 73.85861673358333, 43.38130803233954, 69.73395272833238, 53.810660229179845, 74.0642148355531, 96.5112634975546, 77.65521227235118, 41.767181641905715, 22.311497485502766, 82.36971964967425, 13.971764165773756, 16.150651895953434, 74.69020920320378, 57.064112424539836, 32.52262902645232, 79.63033269993987, 65.43782982699356, 31.641168729195652, 82.03843477511207, 63.04424856525325, 18.509455253276105, 25.12385384938371, 16.88580762068457, 95.9468061629004, 42.6611737576755, 67.4074713652667, 54.44807784236319, 88.71182225739082, 49.584374096968936, 71.11227197236614, 98.335934260227, 80.40614058143515, 80.91073081377387, 71.08147783842625, 41.67086856098087, 47.5641857463893, 27.32374632090584, 94.59437368402101, 69.81437859322222, 43.45291211867011, 23.45055624002812, 51.34980133317041], [64.68889253826357, 0.0, 43.287310862772166, 79.05990215492213, 50.30820798098733, 90.36152767035666, 65.58833147928374, 48.990560330866515, 14.471358174517079, 86.35591496332395, 39.68023445332909, 59.18995845457616, 64.91111142964724, 60.728496365861496, 74.30109580180957, 69.47433634363733, 71.56800237571356, 20.295682411683547, 61.33333656750125, 28.339111945320806, 89.86889799725334, 97.80003236520612, 81.71267696761883, 40.76476201787852, 70.59538794448565, 49.79356122972149, 50.47446682877288, 29.953762740756037, 41.23695070569049, 68.78335957152044, 82.36408889182357, 63.41462320073907, 63.17379610406643, 59.7296138015379, 77.22008875776514, 53.01693179385386, 96.24228587118058, 30.11375741726287, 92.63146300204208, 86.86815164037132, 22.497423357650526, 5.097317226889257, 11.079254999031786, 54.913428689774875, 95.57642219699623, 72.00619264902423, 86.86612637184861, 50.06085265932319, 30.728994462078255, 67.51077134156252, 77.65113010008389, 11.803650014050135, 37.357670644220825, 42.798903465280624, 19.39169229603877, 83.48281302720235, 60.30014679362994, 46.60941251040843, 72.03990774546556, 62.59930621274751, 83.81601953716518, 69.55019470124397, 91.45599771023059, 48.45755730147003, 54.17785666691183, 71.97737985702005, 90.09611331850081, 30.98849711736342, 17.521614092262684, 101.59759567573576, 61.126810332938575, 59.4368696758016, 47.498682586232434, 89.18711524098126, 79.8746657072103, 57.389643547379556, 56.16674729214778, 34.57689865856727, 21.46380046061843, 42.507956639208246, 51.85365676321259], [21.695485492172054, 43.287310862772166, 0.0, 40.50368552419589, 50.68972942018336, 73.16494798567109, 30.351070911824934, 20.665095208220645, 29.46386144915062, 80.45725299642154, 72.86803065199669, 42.37109346279271, 41.13754185891306, 58.66559778090761, 37.36073628742589, 26.361370528438485, 36.278984853332034, 33.12478151970613, 75.83160104331365, 31.236394960979023, 71.3811513810739, 77.88002360726507, 46.06063957081238, 38.00160140422602, 64.16915382584182, 63.38913439144499, 10.935690509984955, 61.52249230602625, 3.5557619134100165, 33.71143722179406, 79.05032976820497, 44.8822556968499, 62.779925843347506, 82.23723223969891, 45.056923468644776, 59.58792681091302, 56.18009717471629, 63.10437801835501, 60.97423516830153, 69.35838745730368, 23.214818194913885, 48.27843975384295, 32.63578537330339, 58.60368080093855, 88.36541591641868, 66.61889207988226, 50.204934659656324, 12.644448729339866, 61.32707480008772, 25.379080372837375, 34.5942837730725, 53.02471642920789, 39.07937216572783, 22.48836223278234, 57.956277768116514, 62.29239046302534, 28.042484914094366, 63.4404210330817, 55.82702938620291, 22.51342468705008, 41.580190802310334, 27.947829641253584, 86.57637829259095, 29.82380171201933, 52.87599011346434, 49.767664870076445, 80.91381553373844, 34.26984488705341, 49.59307409842723, 91.74340378632236, 65.48701162769213, 65.44437340778954, 54.1647377263118, 51.55880621563999, 49.335452452855826, 23.0669280083833, 76.05143899807136, 50.313894188220225, 21.88111098887369, 3.4350271265237406, 38.73022216765942], [31.43292755921867, 79.05990215492213, 40.50368552419589, 0.0, 57.39941552546929, 51.4066235367693, 14.206753263394665, 55.14083679519614, 64.64521867814584, 68.70708229085811, 96.72544146858355, 37.58040917973609, 28.473096272653034, 58.778555376910745, 5.7995105067196215, 29.68361600327347, 9.847200762504626, 73.23665493534226, 84.28692436932924, 71.72812283168165, 48.67634655859357, 51.860932153277645, 8.78116657441093, 77.18435149595958, 57.41823397622914, 75.06757654566292, 30.104498321464003, 86.63288338619762, 43.960489994349665, 11.878840703500563, 70.2808990875663, 35.848551580351874, 62.58998545347016, 95.80625373009757, 15.116868065546958, 67.05773832816264, 17.44349240039351, 88.78109395194404, 25.096852154651735, 48.418797254539236, 62.797932223382944, 83.46741000980835, 69.96946825322972, 64.03263345966357, 73.36992395909414, 59.92743845451223, 10.414345051661412, 29.624653569375347, 85.85074583078463, 17.818739343487028, 20.16120748458352, 86.01219853601822, 55.11137913123864, 60.32858508469848, 88.3619058700538, 39.481684563107585, 20.334434008883747, 77.61595122976202, 42.25711111733893, 17.995389317841155, 14.75211627402966, 14.725521179715594, 74.31754960248583, 36.6297597330439, 56.77615158127978, 32.20377197656366, 65.67806103739576, 74.6519483547172, 78.53024659966437, 73.39192396170233, 68.56693296386199, 70.0046743715339, 64.30224720856592, 11.098507061236726, 19.389339810486867, 21.85537510076268, 88.88676066664034, 69.22544355329947, 58.68574405632254, 39.26763094260014, 41.471199972796015], [66.15070536570333, 50.30820798098733, 50.68972942018336, 57.39941552546929, 0.0, 42.41318694598696, 44.617504481918544, 70.21305846068812, 42.70288080548995, 36.15756427174149, 44.42853959878487, 20.442818778395303, 30.015153029790117, 10.478165629801724, 51.63236431216212, 69.03864531909232, 47.55527819420577, 61.03176825394663, 27.454086879771467, 66.0622465992716, 42.68299776325813, 50.67192757897404, 54.30192587940711, 78.51522624517484, 20.365209540459457, 17.78896310305616, 46.507235022453074, 37.53814846766177, 52.40019396469888, 45.821383960787394, 32.57929111747149, 23.63984581294096, 13.552815099253605, 38.425596531984944, 46.457915764217745, 9.934659874247316, 73.2118909138022, 39.84438529689464, 56.80256092714574, 39.45193094299767, 52.968257856567895, 51.655105618027704, 49.38494696065622, 7.974491813963835, 45.34422738521936, 21.698085046919076, 59.523899095941964, 43.927073633363804, 36.26369961930244, 58.25624487343227, 69.20473254320974, 48.87901801496575, 14.190234290484007, 69.02736091305107, 46.06268315995304, 39.14158757590152, 38.86989979086406, 20.97288958532404, 26.420616418060867, 50.98281298644038, 69.77460233610402, 57.99077634275446, 41.515075112129786, 23.68817054476766, 3.8959340184878406, 31.83972539479154, 39.81636748018646, 70.00050788536973, 37.45395158990393, 51.29354408548443, 14.80585590634061, 14.859784480872197, 7.384942584480054, 62.87756672317622, 46.090931862018124, 40.85439526160272, 31.506138995816364, 18.956795780325173, 44.50761233041303, 47.316310633747044, 16.137477004352185], [77.41014367497479, 90.36152767035666, 73.16494798567109, 51.4066235367693, 42.41318694598696, 0.0, 47.945092868829256, 93.49473133100796, 79.65565857965262, 22.38860104392373, 85.09374616642943, 32.625057578675914, 32.08200978868536, 34.06024171171045, 47.98784797611562, 77.7007078362195, 45.23495422675927, 96.2000219090551, 56.54021878976945, 98.97634022488495, 2.891060774916753, 8.570258511179475, 43.24157781989718, 109.37874689090093, 24.308541359913274, 55.150793365606845, 63.64697188342406, 79.62824102516528, 76.3046506525686, 46.02658383243422, 26.805718593492738, 29.031600062961147, 34.5386650809139, 70.91193429453311, 36.4643453707908, 46.08319549556834, 58.68776584386967, 81.89563991590106, 32.394709290699325, 3.8211187419738613, 86.21045953898624, 92.5849287493807, 86.63760543271478, 42.37897990437578, 23.313912737491023, 24.86781456782199, 45.617005407677254, 61.18845251272573, 78.29600370266131, 64.19927723177697, 70.97003608443302, 90.7578961885086, 53.1749478005692, 95.49311969493546, 88.43842619013652, 12.098094418141482, 46.68283246136152, 59.713473177134475, 18.64674754058485, 58.93706572671964, 66.02737904762292, 61.97814652824443, 26.1615545915252, 45.68021617454394, 38.75253156411832, 23.555699094831485, 16.663244472053552, 102.82861793222024, 79.54977689106815, 22.03413012566036, 41.02903579375899, 43.57954075402253, 48.46815009738181, 48.62310052567894, 32.01860038050653, 51.698342827200115, 65.07542486064355, 61.36656653349862, 78.3833231032085, 70.03720082447491, 39.21735412767892], [29.46542052969211, 65.58833147928374, 30.351070911824934, 14.206753263394665, 44.617504481918544, 47.945092868829256, 0.0, 48.3156911542784, 51.305324316627974, 61.51466534179835, 82.63035202427638, 26.04180709210236, 18.4806766670222, 47.47295072455802, 8.817392079201689, 29.98046244898373, 6.17225117056627, 61.56966675056174, 71.93967186603395, 61.11634690801634, 45.59535900334266, 50.73618108459596, 16.408581625260815, 68.2942681943541, 48.02024431790647, 61.9904672277017, 19.417234105440876, 72.45543545634925, 33.90455420957047, 3.4200434213684368, 62.075430562273915, 25.52257516841409, 51.5275310406546, 82.7690346093695, 14.844092253991711, 54.48005433647692, 31.609584059891247, 74.59431579737786, 30.62551600371531, 44.405699916374545, 50.91124412589766, 69.84128140247839, 57.01005178892274, 51.746120657807076, 67.57707514089971, 50.629730179172114, 21.334281516505982, 17.99688267233374, 71.68876860095934, 16.61521097901277, 25.74409275292082, 72.07235288925409, 41.1039137103107, 52.15664638172551, 74.22260937414829, 35.98367624943626, 6.186032591838282, 64.23591212466947, 34.40701358071431, 11.041214958643007, 25.158271868353914, 14.987358820141987, 67.48551517034198, 22.66586542036452, 44.50855143027729, 25.212939249719447, 59.751862395886874, 64.38868677473504, 64.3665891193196, 69.0153745901051, 56.93586617174937, 58.093130854703155, 51.195543030702574, 23.60789432883929, 19.407386671244957, 8.294687725483573, 75.87059075580211, 55.242771334128065, 45.88167177593204, 28.282158629885846, 28.482578598162025], [25.876131610520655, 48.990560330866515, 20.665095208220645, 55.14083679519614, 70.21305846068812, 93.49473133100796, 48.3156911542784, 0.0, 38.82957900359999, 101.0790292382088, 85.21484291209542, 63.03544837340748, 61.41275075904593, 78.77223627242873, 53.57593475646941, 30.06654048395333, 53.594867644236835, 31.227775969167507, 93.86256220888724, 24.78457516296086, 91.60223312582072, 97.81772965069187, 62.32515457106484, 23.6645618507154, 84.70843655549405, 81.14302040673451, 29.963441304331454, 73.9988362355441, 18.10176567014786, 51.395772127069236, 99.55176183543274, 65.49032983481308, 82.80765484860125, 98.52524656713184, 63.10199104690257, 78.53023821738108, 67.92136752060911, 75.12063908436767, 78.35657173480294, 89.70714227265526, 26.709261769019477, 53.97786262040339, 38.17802491826494, 77.97125846014546, 109.02833622687892, 87.12694408668965, 65.50548389014645, 32.32833856356776, 74.14860556231397, 37.50133249997263, 42.019728661173694, 60.52285367258674, 57.4994555484196, 7.533144488179954, 67.19610944058532, 82.33884325505083, 47.404464761770384, 80.45982226213263, 76.42156618166486, 38.26037994738307, 50.963661659796294, 40.60000660399638, 107.1894289173129, 50.420365474002, 72.71983150247887, 69.97961082904482, 101.57769492967712, 25.534878412368798, 60.85956615774084, 112.37869489674893, 84.98460550664508, 84.69397185155188, 72.82711339046162, 66.03588712101602, 67.72307781015131, 42.288321145329135, 92.84277868265531, 66.68715458154313, 31.654642090174814, 24.033960425807983, 59.24331001228466], [51.11752290531867, 14.471358174517079, 29.46386144915062, 64.64521867814584, 42.70288080548995, 79.65565857965262, 51.305324316627974, 38.82957900359999, 0.0, 78.59663137503871, 46.39279150660029, 47.46561554200866, 52.08269200414655, 53.08542102403118, 59.96598815670118, 55.82054346969725, 57.342519058462855, 18.47755990264947, 59.79973534292169, 24.59575995648713, 78.84452408614293, 86.5969432511531, 67.53824742673697, 37.74433274505988, 62.12699124534916, 47.22401096825772, 36.052163283532416, 35.22781902590901, 27.840419389943662, 54.548067295221266, 75.27007490836793, 51.538537305975204, 56.210882264429955, 61.63035322505161, 63.401799737955926, 47.85688169116757, 81.78859992868199, 36.29554899557195, 79.06559953305755, 76.0062304488985, 13.055061405364674, 19.16899866266184, 6.986916297574205, 48.83137074357366, 87.6646449017741, 63.90517528184618, 72.62524333821985, 35.59218779228109, 35.4512293270001, 53.142639119759814, 63.45818000389649, 23.573333721441827, 28.603781327856993, 33.99802100629235, 29.02420539542223, 71.70554922817458, 46.183612789725245, 45.23472071936483, 61.04170135777036, 48.13309361222726, 69.41815171369664, 55.12581139881026, 84.13895714700368, 35.62962940153786, 46.33396286162657, 59.678471530509185, 81.4860030339407, 28.342406301995805, 22.029989293449688, 93.05495018058119, 55.67712808400409, 54.486864086659004, 41.91949306360228, 74.87071030491222, 66.31881205451012, 43.062289300823, 56.725091789062475, 31.475612969651706, 7.7818519795291365, 28.34428149883857, 40.470536570778684], [89.860746124383, 86.35591496332395, 80.45725299642154, 68.70708229085811, 36.15756427174149, 22.38860104392373, 61.51466534179835, 101.0790292382088, 78.59663137503871, 0.0, 71.61549577662568, 38.392489359025255, 43.166580346932655, 25.680715896941845, 64.20245836341584, 91.19302314012099, 60.690140907778684, 96.6890687831924, 38.992804901702854, 101.10480083677517, 24.97597328664669, 29.360969542795115, 61.57043255861503, 112.9809413888406, 16.749038267794383, 41.93389322454577, 72.86743480734042, 68.75980000020799, 83.03083499432203, 60.60545091845597, 5.664342852616856, 36.88618111906804, 23.308860710507023, 53.07236307466013, 53.71097006572749, 34.705051252608406, 78.8503082948414, 70.81826208060446, 53.664177671051156, 23.104023397353885, 87.93027856449089, 87.39324219728765, 85.39288689409356, 31.935671539925192, 9.23117265963051, 14.720491786527669, 64.99193361533442, 70.17836604822381, 67.34122469141505, 78.08011563500746, 86.72433238334705, 83.84511759276965, 50.01218354125822, 101.45495659419987, 79.72349652051788, 30.92457582325655, 58.25403356287176, 46.63452007236499, 27.113614208050333, 71.68208403551859, 83.41195136195859, 76.46272385628491, 6.142406785096627, 50.65984275589725, 32.36941779494737, 36.7883396778034, 6.8514273709458, 105.06078244398611, 72.30538783453231, 15.997056840959011, 27.193748369235514, 29.602192148533746, 39.351271381734534, 68.27373641835557, 50.1431430040125, 62.5982030134442, 48.299477541348296, 53.04922118476324, 79.52798911349396, 77.05713009177374, 41.9514557595817], [93.93965566913285, 39.68023445332909, 72.86803065199669, 96.72544146858355, 44.42853959878487, 85.09374616642943, 82.63035202427638, 85.21484291209542, 46.39279150660029, 71.61549577662568, 0.0, 63.512620861038, 72.61394876850136, 51.07695315744709, 91.02332222561797, 98.1827530020713, 87.23378991240216, 59.781611004798215, 34.48560877603548, 67.7100035912876, 85.89720584178873, 93.63214989968378, 95.76542987296888, 80.40678567187959, 60.90995356284258, 30.151651373477353, 75.2835681181654, 11.368261836120228, 72.34014114344242, 84.88698584746962, 66.21162224020186, 67.31746132862445, 50.75694097834898, 25.180436845132384, 88.70796505279824, 39.011144619286576, 113.81915191778388, 10.09917290748157, 100.74178714667279, 82.65413945924838, 59.033511376482615, 36.24230223966718, 48.33578621012937, 42.72753143567345, 80.12513644654989, 60.854237022009805, 101.19663396746071, 73.5927209956669, 11.569978625841655, 91.52998390297316, 102.85692946043717, 28.738794139431562, 41.66676104572527, 80.21851879443528, 20.704650750771513, 83.43203386183566, 76.447098864396, 25.472428262968414, 70.74031491490979, 84.83020904480472, 106.30703738934172, 92.47813426652044, 74.68888287086374, 60.12094288331065, 47.38998928583216, 75.9717801226864, 77.52809158255975, 70.5913050565881, 24.37836004420799, 87.48933440711698, 44.93948581652146, 42.38572739817703, 37.33041583054464, 104.31793154741035, 89.26203145108724, 76.10679386006431, 25.557574591027226, 27.721652126850987, 53.68849492551114, 70.58934862661945, 57.05856116322672], [52.10995362212896, 59.18995845457616, 42.37109346279271, 37.58040917973609, 20.442818778395303, 32.625057578675914, 26.04180709210236, 63.03544837340748, 47.46561554200866, 38.392489359025255, 63.512620861038, 0.0, 9.57637374027245, 21.45985616686383, 31.92883412443882, 53.98640733033454, 27.84671790116594, 63.59995183750158, 46.73339787716697, 66.40224154327332, 31.535817134631206, 39.16640501110571, 33.903535740355906, 77.10997272514452, 22.94089086767412, 38.21108910071692, 34.48015327118306, 55.099784694889294, 45.16224215778469, 26.511634472174762, 37.713862156258834, 4.278684420918053, 25.487126342442437, 58.699816803349826, 26.015255418612472, 29.688636092677825, 52.87310907847587, 57.4133389311813, 37.290870685013694, 28.864708855340773, 53.58829317256927, 62.039396514847695, 54.404442809171705, 26.507652347776116, 46.02276596382183, 25.546310189699135, 39.09061350433897, 31.787667152834086, 54.00457657309044, 41.60658497336683, 51.68301419729368, 61.50135321045237, 23.861607756181044, 64.06003941980971, 60.88676691009644, 24.322635134215652, 21.23976145222575, 41.347321991416585, 14.09671810675743, 34.63272305299154, 50.83511789149027, 40.63486372789295, 44.53489242619016, 13.21013842806261, 19.287021346725883, 13.215202276057816, 38.54287097659571, 70.27500983842982, 51.173771979764275, 49.46722123488395, 31.078817057885185, 32.43498869019998, 27.733871853418826, 42.45724850467463, 25.861377592238373, 24.847789332284325, 51.797400864558135, 36.130701891078544, 45.78120440750821, 39.02813201880905, 7.448297104304294], [46.87122146873007, 64.91111142964724, 41.13754185891306, 28.473096272653034, 30.015153029790117, 32.08200978868536, 18.4806766670222, 61.41275075904593, 52.08269200414655, 43.166580346932655, 72.61394876850136, 9.57637374027245, 0.0, 30.31587472824287, 22.99414954173848, 48.034250218648424, 18.98910228477638, 66.64120695713312, 56.11553535833552, 68.36370888171189, 30.24394320000652, 36.90291960467049, 24.342709310219792, 77.96827130074, 29.641538695917387, 47.78738511378085, 31.604996353014265, 63.79173749505322, 44.34327540057804, 18.128830446766717, 43.59583507504426, 7.393404320580292, 34.11991600845178, 68.25679667769569, 16.451279127837033, 39.21922603332657, 43.33758869562373, 66.08486533037622, 28.769751177992042, 28.29677089225716, 56.167281369002005, 68.2385374198993, 58.80349620658809, 35.96026073816542, 49.64338687223512, 32.23629726445151, 29.51427912839963, 29.116050731342202, 62.76025977951571, 34.94213145672492, 44.115447187759116, 68.50751160254286, 31.92944404202161, 63.54966644003427, 68.6470704276869, 21.274467410009542, 15.254940016227165, 50.889784146321475, 16.17750417651916, 28.54163931112578, 42.27389487547286, 33.46645578049711, 49.19575871292869, 16.49161570724602, 28.789083720620088, 8.644712262806413, 41.8525033221499, 72.09156700990901, 58.76922788101162, 51.78151857957916, 40.13961445561139, 41.663677735781675, 37.284837483819416, 32.88384309277859, 16.67580112720314, 19.983281363469168, 61.35937864167178, 45.014866933964434, 49.06655658014941, 38.074601221164116, 15.598013688582157], [72.07478651441104, 60.728496365861496, 58.66559778090761, 58.778555376910745, 10.478165629801724, 34.06024171171045, 47.47295072455802, 78.77223627242873, 53.08542102403118, 25.680715896941845, 51.07695315744709, 21.45985616686383, 30.31587472824287, 0.0, 53.2280401534047, 74.45259727425166, 49.17073296822195, 71.33733435218099, 26.44725313974581, 76.14623990070595, 34.822830743129686, 42.57303087947532, 54.21075266008294, 88.40832475621049, 10.391298816858438, 21.45454638094918, 53.07169716813523, 45.76776927986551, 60.73301294657794, 47.95074680881453, 22.202315231380457, 22.98795769616763, 4.228443594878938, 39.81277628460745, 45.96342478058929, 12.140623681350622, 73.21073632807594, 48.00205331089169, 53.587253706703486, 31.582578422668234, 62.99900826885835, 61.93785451307264, 59.81421992283478, 8.359625021668114, 34.87475539901329, 11.346016949869606, 59.05790167589781, 50.38787957759567, 44.40779339062778, 62.63623841634921, 73.00973084274524, 58.82453353703073, 24.489858431893577, 78.15355696301162, 55.438792432395026, 33.23221103160639, 42.40302011388076, 25.843909208200923, 21.101812758488453, 55.49235811354964, 72.27791724995468, 61.880096736681104, 31.065770529174536, 29.651526405835433, 6.752244626448048, 29.175809724719752, 29.53345605452727, 80.09613543245985, 47.31096693699073, 40.93266335347221, 9.905791050033205, 11.764383891269446, 14.71280208042817, 62.50659900803881, 44.50551296427618, 45.41696586021641, 33.21326288755886, 28.26218777805578, 54.540806576258355, 55.236809179702924, 20.744692268618607], [31.535869035061307, 74.30109580180957, 37.36073628742589, 5.7995105067196215, 51.63236431216212, 47.98784797611562, 8.817392079201689, 53.57593475646941, 59.96598815670118, 64.20245836341584, 91.02332222561797, 31.92883412443882, 22.99414954173848, 53.2280401534047, 0.0, 30.6616762187306, 4.090001693977361, 69.51520394411799, 78.58815740155083, 68.53044127209724, 45.36344301874977, 49.28574007876982, 8.801846922037885, 74.81036558457929, 52.27653700225879, 69.28295141013184, 26.585218943766385, 81.004228041846, 40.892685281288095, 6.136480758303674, 65.49332925033129, 30.38751158662239, 57.093606854745936, 90.02860133829341, 11.653121377706624, 61.318447668449124, 22.904032813437748, 83.16707359990885, 24.93221707729357, 44.78594468210591, 58.9410268480736, 78.59980162742586, 65.53162812567797, 58.32867621419896, 69.30946533907942, 54.819480225738225, 12.968508623031703, 25.688737795155262, 80.20280168935933, 17.566832473877316, 22.995998791631173, 80.88807365563646, 49.38389556373532, 58.21074163992503, 83.01134350028704, 35.91323002385734, 14.77329792419925, 71.81731722938206, 37.414042304565776, 15.388589902928011, 19.424872453163097, 14.781329130128636, 69.93946197526583, 30.906185625675672, 51.0672312726, 27.453001520523234, 61.54411923714497, 71.62951743105644, 73.14075054584521, 69.79375600981597, 62.97272185279271, 64.36377345759591, 58.5131491731539, 14.912083017437059, 16.44220349513513, 16.911607479146134, 83.10971967033207, 63.483678322321985, 54.32368927888756, 35.73691327265876, 35.67922073087492], [4.853344642126092, 69.47433634363733, 26.361370528438485, 29.68361600327347, 69.03864531909232, 77.7007078362195, 29.98046244898373, 30.06654048395333, 55.82054346969725, 91.19302314012099, 98.1827530020713, 53.98640733033454, 48.034250218648424, 74.45259727425166, 30.6616762187306, 0.0, 32.65417458040515, 56.74047275932523, 96.13851708085299, 52.41251391035365, 75.24199501319686, 79.75028401831266, 38.238165508945336, 53.71378240083304, 76.83466693003642, 84.55649867930376, 23.420251708218654, 86.94944766266084, 28.246728486607125, 31.67412686725065, 91.35036998041129, 54.52480984610758, 78.66831146265012, 104.66516737513494, 42.164353059859344, 78.83074278709122, 38.89877751093347, 88.67848710944071, 54.74664177868319, 74.24644994158771, 48.23162872995813, 74.51028692020253, 58.62166584213727, 76.88612586046321, 97.51342411523052, 79.45368047753017, 39.7714078549072, 25.64392611396999, 86.61594588344212, 13.502204483516746, 12.233994861361841, 79.38570836318293, 60.59443649032113, 36.949314452221046, 84.21206070081351, 65.63783311786774, 33.01716564538724, 85.56817589303519, 64.18034094529573, 19.522063705176468, 21.46164786488123, 15.925512974247038, 97.23000242674517, 45.388933534527595, 70.07811384607598, 55.190197919906886, 89.69150943143708, 54.22819773920703, 75.57981767917562, 98.97553902291278, 83.05925977076335, 83.68724381911376, 74.25925513806355, 39.307154315959465, 47.02246828474527, 29.164367434208298, 98.06716144962868, 73.62790760366259, 48.18869812362904, 27.919764826161924, 53.8362122164386], [32.96863355052936, 71.56800237571356, 36.278984853332034, 9.847200762504626, 47.55527819420577, 45.23495422675927, 6.17225117056627, 53.594867644236835, 57.342519058462855, 60.690140907778684, 87.23378991240216, 27.84671790116594, 18.98910228477638, 49.17073296822195, 4.090001693977361, 32.65417458040515, 0.0, 67.73419320009694, 74.49822053319959, 67.19409456615534, 42.698571090982426, 47.11184339304228, 10.250505472910337, 74.11144581108043, 48.408575776215194, 65.22081720598557, 25.35406215430632, 77.32291763304525, 39.83443020336778, 2.799928339900885, 61.81069262504032, 26.379096357553184, 53.05482499961879, 85.95928591202741, 9.775971704732592, 57.231450210757764, 26.589278256202313, 79.50435649269102, 24.859378313244765, 41.90253292052877, 57.08026137538049, 75.75409752783226, 63.122096504409335, 54.23868991830998, 66.06573851187937, 50.967291649877254, 15.298763578490007, 24.08271032396934, 76.49542967617447, 19.211806760237756, 26.1172773024999, 77.78230619420162, 45.57056003164533, 57.782375906469575, 79.66255578804517, 33.137866900774746, 11.424647815980324, 67.78968440524197, 33.75081103661809, 15.459131361587948, 23.30755064936724, 16.78578607144134, 66.49639346356774, 27.123940804127745, 46.9772327563561, 23.90237952630902, 58.26863161281762, 70.42597007270861, 69.75697725610695, 66.84704711152797, 58.900755491475174, 60.280801706803025, 54.45748948360415, 17.791246699340007, 14.62694162351577, 14.441683365848293, 79.03986898423626, 59.63682116289927, 52.022995406905764, 34.336742476234235, 31.62996323147168], [51.90900498652414, 20.295682411683547, 33.12478151970613, 73.23665493534226, 61.03176825394663, 96.2000219090551, 61.56966675056174, 31.227775969167507, 18.47755990264947, 96.6890687831924, 59.781611004798215, 63.59995183750158, 66.64120695713312, 71.33733435218099, 69.51520394411799, 56.74047275932523, 67.73419320009694, 0.0, 77.73945385915022, 8.062889612784684, 95.12258067678766, 102.62786159908386, 77.9054459634226, 20.70555425137103, 80.08398117926343, 65.33980947312341, 43.13249229727287, 49.54754375043956, 29.969846597507857, 64.98395533206818, 93.53964523484481, 67.40715138208407, 74.57205886878585, 78.26314507227144, 75.34971429696141, 66.32567916447508, 89.28193975409172, 49.98807954985129, 91.42646864847634, 92.4579380937369, 10.707041834843222, 24.642798435691393, 12.656939002526677, 67.29815386513644, 105.67433064274385, 81.97017880954814, 82.48360440045238, 43.82647914420851, 50.14281598229652, 58.448942356944066, 66.89004594674962, 32.010813826010896, 46.86185183947299, 24.16041252041409, 39.68515446999347, 87.30383556985417, 57.59998382066928, 63.016034922298246, 77.57378376842411, 55.38815824716203, 74.48930929430355, 61.069041746079016, 102.33014527037263, 50.82623119161983, 64.58903459665957, 74.8399204434739, 99.26681488792349, 10.860575877246477, 36.36260275227424, 110.80826244798487, 74.15448026738079, 72.95545513527709, 60.39398139585586, 84.15579378797392, 78.96886835492708, 53.41619482991351, 73.92585692291009, 49.536403946561634, 17.818818600379476, 33.97608612554496, 57.12290054696093], [93.0105122300691, 61.33333656750125, 75.83160104331365, 84.28692436932924, 27.454086879771467, 56.54021878976945, 71.93967186603395, 93.86256220888724, 59.79973534292169, 38.992804901702854, 34.48560877603548, 46.73339787716697, 56.11553535833552, 26.44725313974581, 78.58815740155083, 96.13851708085299, 74.49822053319959, 77.73945385915022, 0.0, 84.38791627396986, 58.09172805400934, 64.97750346203311, 80.34287744065936, 97.54248321060925, 33.021967546744996, 12.780101189749994, 73.17137204613552, 35.31185004703301, 76.93474054405739, 72.94793673868222, 33.34984445333702, 49.00106306642035, 23.644192378904478, 14.3887080886455, 72.17693650897372, 17.520011266750675, 99.37136642044982, 36.800751689584715, 79.90765084499915, 55.05628870138159, 72.28440767778595, 60.336612530152394, 65.09576348746012, 20.26039088252286, 46.74972532524351, 31.850819530964873, 85.31476847366363, 70.69901505738665, 33.95985896157193, 85.67472102122835, 96.65720592607872, 54.527855103931294, 36.75343027744901, 91.31328821985895, 48.15114043189343, 58.65441121420974, 66.28492567184254, 14.794372773754361, 47.242003998199536, 78.39941097753088, 97.08628426804827, 85.4441912690955, 41.089803484828884, 51.01079739340512, 27.52417693145727, 55.62170985349268, 45.50670734624854, 88.08422910961863, 44.136158236591044, 54.300445763777816, 16.729752754034312, 14.68413706111898, 21.93808732088426, 88.74860656721924, 70.91873775908486, 68.28898324418641, 9.421425504488944, 28.326605952110807, 64.36131482306686, 72.62848119605394, 43.529634407374246], [47.68291275637283, 28.339111945320806, 31.236394960979023, 71.72812283168165, 66.0622465992716, 98.97634022488495, 61.11634690801634, 24.78457516296086, 24.59575995648713, 101.10480083677517, 67.7100035912876, 66.40224154327332, 68.36370888171189, 76.14623990070595, 68.53044127209724, 52.41251391035365, 67.19409456615534, 8.062889612784684, 84.38791627396986, 0.0, 97.69195768361574, 104.95512593616128, 77.16137722575142, 13.208341409056027, 84.38195373724733, 71.81833009700946, 41.95294579102059, 57.328511238415906, 27.768413525285027, 64.5280639959186, 98.28333669574164, 69.96286628846862, 79.60000651440899, 85.60966219197377, 75.45258643420206, 72.09244426028867, 87.02587468637356, 57.85178857136265, 91.53298458960336, 95.18480117939721, 13.175225859837658, 32.70153928957603, 19.87481121722474, 72.75472234332209, 109.93129623477051, 86.4100381044499, 81.41989238713549, 43.12080406800598, 57.869929173086206, 55.84684808459365, 63.29513007873375, 40.07160617520866, 51.896797809221596, 17.34903559847562, 47.71940229984994, 89.43303476370026, 57.82447246375933, 69.78027787888372, 80.49386178478876, 53.73277091324316, 71.4138435668284, 58.66317724835229, 106.89362688259259, 53.297912347750355, 69.44758160360742, 76.81332146048092, 103.23986220946023, 3.956210883276882, 44.04572939180024, 114.70196372310278, 79.73038737757078, 78.70622740366689, 66.12312044912994, 82.7929031638387, 79.39209882873406, 53.25790896854407, 81.03527985864012, 56.068372925233994, 21.610934090351503, 32.861034789378934, 60.41590246024914], [75.05290636573503, 89.86889799725334, 71.3811513810739, 48.67634655859357, 42.68299776325813, 2.891060774916753, 45.59535900334266, 91.60223312582072, 78.84452408614293, 24.97597328664669, 85.89720584178873, 31.535817134631206, 30.24394320000652, 34.822830743129686, 45.36344301874977, 75.24199501319686, 42.698571090982426, 95.12258067678766, 58.09172805400934, 97.69195768361574, 0.0, 8.033985289292586, 40.452264169173155, 107.89147713985341, 25.44790701022453, 56.119368510955205, 61.69192639134835, 80.09471097498727, 74.57120193358308, 43.57833438150093, 29.18309452309659, 27.753286380029582, 35.63043203712369, 72.42619798729105, 33.79494180041917, 46.93375942518501, 55.79868647394347, 82.37877645646167, 29.51342406480193, 3.2503699983618817, 85.0240743036472, 92.23495325559105, 85.81370498113696, 43.17954044997321, 26.19552938734979, 26.26758437912125, 42.75908546939042, 59.27487568681415, 78.78154983551012, 61.74063958254055, 68.32401358636346, 90.6401514752822, 52.86209845222448, 93.77521251123237, 88.57014935862395, 9.616657416888446, 44.57471617063093, 60.61909973164994, 17.85240132276648, 56.61556828015156, 63.2641569262644, 59.46815921358472, 28.943800413423453, 44.419349745664995, 39.12552338994655, 21.62894344420203, 19.447347090678424, 101.51973331828145, 79.53232082170045, 24.848054822167384, 42.27706136209962, 44.79980875907731, 48.9917492445392, 45.7507458407607, 29.288556787641255, 49.627990327211954, 66.45810236252522, 61.62660487089075, 77.30594855493244, 68.30111359418134, 38.376035182989696], [79.96875322797163, 97.80003236520612, 77.88002360726507, 51.860932153277645, 50.67192757897404, 8.570258511179475, 50.73618108459596, 97.81772965069187, 86.5969432511531, 29.360969542795115, 93.63214989968378, 39.16640501110571, 36.90291960467049, 42.57303087947532, 49.28574007876982, 79.75028401831266, 47.11184339304228, 102.62786159908386, 64.97750346203311, 104.95512593616128, 8.033985289292586, 0.0, 43.24664788654186, 114.85403426776273, 32.87872734617887, 63.71547499202314, 67.85481022996441, 88.02566966824733, 81.16016650309176, 48.36704759086496, 34.298925820346554, 35.23240591735815, 43.10875347337756, 79.36104226323735, 37.647670949206656, 54.62608949441593, 56.58214046737987, 90.30283225958226, 29.819674246149376, 11.228290142994886, 92.42042805708742, 100.21791031914309, 93.55163824674472, 50.90778633449099, 28.06692442458645, 33.40658956367803, 44.63225386124142, 65.54386849367663, 86.70397720929671, 66.32292534321792, 71.91454002103501, 98.66920349424579, 60.865916090497684, 100.35322959793824, 96.59488060941825, 15.628572830576653, 50.46648830306401, 68.2701946019493, 25.76085394550619, 61.761241819804255, 66.03686745490577, 63.83826152457207, 32.05799055103082, 51.81886147028502, 47.0802006728182, 28.28170089147906, 22.89601218840071, 108.7470896444602, 87.56630558622052, 24.5010193800985, 49.58696020173424, 52.14082816349591, 56.8887310363476, 47.27743843983331, 32.849025156104915, 55.577155372494374, 73.58803240426046, 69.62385824512604, 84.82909619495568, 74.90304019159149, 46.16659505410764], [39.64861422789212, 81.71267696761883, 46.06063957081238, 8.78116657441093, 54.30192587940711, 43.24157781989718, 16.408581625260815, 62.32515457106484, 67.53824742673697, 61.57043255861503, 95.76542987296888, 33.903535740355906, 24.342709310219792, 54.21075266008294, 8.801846922037885, 38.238165508945336, 10.250505472910337, 77.9054459634226, 80.34287744065936, 77.16137722575142, 40.452264169173155, 43.24664788654186, 0.0, 83.60346241828276, 51.55399213968083, 72.08959800561074, 35.214817727687205, 86.2210250428977, 49.60334374747049, 13.047543959411717, 63.58443727760961, 31.342421388224537, 57.7586392235895, 92.5988959747605, 8.316612371546187, 63.559555331604585, 19.02851886488907, 88.44742150783027, 16.553027368028314, 40.44222510408512, 67.27197381769885, 85.83637227406454, 73.36285888018281, 60.26667993171912, 65.66792880552812, 53.957920425808034, 5.448307799918816, 34.14267913620767, 85.32165921868825, 25.748960596252076, 28.93267547349351, 87.65809164136695, 54.20122695438485, 67.01206987162358, 89.23662597761388, 31.534233441592704, 21.42291665266422, 75.06393105757783, 35.9514013445992, 24.186864449118346, 22.861673289499077, 22.764712958585466, 66.98235605553184, 36.07079300342162, 53.12387764926239, 25.97590925847107, 58.087707791527684, 80.31222517944325, 79.29523096433053, 65.27481950688814, 64.11181555410126, 65.78344769705775, 61.502976634439044, 8.612016258766888, 11.464940372499656, 24.69129462364969, 85.6996026925493, 68.0489119667916, 62.27321015846487, 44.31486907275381, 39.074207208768875], [49.42140169766267, 40.76476201787852, 38.00160140422602, 77.18435149595958, 78.51522624517484, 109.37874689090093, 68.2942681943541, 23.6645618507154, 37.74433274505988, 112.9809413888406, 80.40678567187959, 77.10997272514452, 77.96827130074, 88.40832475621049, 74.81036558457929, 53.71378240083304, 74.11144581108043, 20.70555425137103, 97.54248321060925, 13.208341409056027, 107.89147713985341, 114.85403426776273, 83.60346241828276, 0.0, 96.23199176901294, 84.93713995635834, 48.89658420312562, 70.252169117629, 34.474532012030195, 71.61812752368446, 110.41917595817128, 80.39368090522952, 91.99444484138718, 98.78850895437003, 83.05012613164364, 84.9326454842192, 91.04065413831167, 70.66972669770784, 98.91107825270558, 105.56143230497692, 25.654839743449458, 44.72221430651746, 33.03021617120652, 85.43142208529954, 121.65053597831209, 98.3603983226039, 87.33836290603725, 50.61469730952332, 70.84678735284272, 60.07549989085909, 65.56703896941764, 52.25367959065284, 64.43639155610613, 17.04684828464253, 60.10630389744499, 99.23260605802771, 65.9395758534824, 82.96404564910358, 91.16996754305191, 59.48821669490189, 74.3777252154056, 63.10457799073621, 118.86823099728996, 63.