instance_id,num_cities,city_coordinates,distance_matrix,best_route,total_distance
2414,91,"[[66.342724830135, 0.083515216243224], [91.05242392857336, 20.50465438559399], [61.114079634772324, 67.66026442511684], [91.97540819456958, 87.57417404616766], [71.00105873803369, 59.405404168531085], [21.664572834534802, 77.30429672577132], [91.33534565834837, 72.31528136373224], [71.6046648621031, 42.4671444703265], [66.88885277681139, 44.26613621921063], [73.2291283631474, 36.42748451081669], [39.08911102822127, 91.1899669237507], [46.538984758742096, 0.5711945768288151], [20.67382238984844, 4.2735830501731575], [17.020204372596936, 72.8439953465548], [81.74344905272662, 90.91760943010172], [42.90828769336939, 91.37653086084377], [18.84827437672405, 15.442129488459145], [38.401825965290314, 56.095617914592424], [17.89466923251708, 37.29082460148215], [88.30551072086728, 75.38582601941718], [19.280361813109593, 99.54153774868261], [62.279900427372056, 18.402093374981387], [88.44321121627779, 3.716849864964533], [15.034781842091672, 16.391553657127066], [92.61560779785431, 65.17003179007853], [7.939076922018784, 96.34247654960824], [67.48663497751927, 61.20592942845177], [24.915708018937334, 3.153154441809114], [42.653689153716854, 91.14459245045835], [90.57094790899596, 81.58803529523627], [90.52328548171211, 61.12120730910577], [21.93006501179736, 22.32805389514878], [25.217401822241925, 44.99278028273096], [83.32338675486464, 45.81298264605327], [57.17046074987895, 24.134512170727895], [2.4291640381338353, 1.3868262203530324], [75.66232158090982, 84.02345847379048], [51.33489282571369, 93.11304242912834], [28.982445758467744, 80.65607820881588], [8.614845981212016, 12.097833975514538], [44.665267534853335, 92.3394496887757], [16.62655724384091, 11.105230653188602], [97.01570226315398, 25.782159433146624], [33.612978400372086, 90.50509127319653], [70.88443332960223, 82.55315656224394], [24.245019266845002, 10.894555399228834], [61.451780544485345, 39.32064218456524], [27.640377394172468, 40.943374357397445], [98.06504426262624, 79.20486547653172], [73.45559524448385, 70.10447352857115], [94.05902824448967, 31.087012436118243], [41.60140468185747, 17.170455013064277], [38.77721493254229, 62.76584711705616], [36.46582513474513, 24.35568643318331], [26.96559547399513, 46.00951195056656], [14.410976440804435, 4.576582660242645], [58.13291761046625, 28.788161600045427], [10.448285954708968, 81.10196829805096], [90.42981035944094, 37.02883444158689], [19.181159227339307, 16.861928493672373], [39.60454524139105, 79.34723174986483], [86.7571647904556, 35.203311527229644], [93.39675268366767, 4.8547771338380175], [54.290181782923476, 58.69561564010177], [19.334288335422578, 41.80980707779882], [83.13989137534479, 20.545771949869017], [15.436173194406788, 98.18668004027127], [28.982043074239737, 22.988082219598848], [65.3667548964343, 24.962960882761998], [52.00033468042729, 24.360589741724446], [94.08710939689004, 27.20437433081844], [99.2604261327981, 41.09891621738786], [38.189965420072426, 41.574273428005235], [43.403831974115334, 35.049081649637614], [6.183514015322089, 62.137922079666076], [38.561535472859845, 34.48941052009289], [69.07847407814094, 60.87371466345278], [63.42980906647403, 8.321300240012341], [21.905665781163243, 31.86174966430093], [3.3783729671265195, 49.09415655544923], [6.971645906713231, 41.38810086307026], [79.33512591620553, 5.619764611577816], [64.0637142026291, 12.367302061997453], [92.07854332455376, 50.34643873949014], [25.168186267820182, 19.10232303230117], [39.454760871994935, 46.686018899687895], [31.561906158425014, 47.74798861964415], [36.412678069532156, 35.952265730048126], [49.64347283859081, 72.59637760848277], [96.8012699822851, 94.07485678905], [17.711097726696824, 51.83006770716497]]","[[0.0, 32.056078277128, 67.77872648713598, 91.16825016942902, 59.50450893558447, 89.21427219164111, 76.43336402807601, 42.709015929281406, 44.185996134816264, 36.99062932290264, 95.09545208892092, 19.80974386442273, 45.86071650719541, 87.9022098304572, 92.13042373848305, 94.25278536681184, 49.916028049457445, 62.5943246474143, 61.08680678246953, 78.43979842133683, 110.03074233508335, 18.763710930556485, 22.39715649750391, 53.83732099068126, 70.18916596706084, 112.59117960992089, 61.13311745326, 41.54058746395369, 94.09192419296303, 85.02936896664605, 65.65287023007977, 49.67196244539476, 60.894451974835896, 48.78039637821757, 25.74064651213303, 63.92684782379202, 84.45572187647979, 94.23230844527721, 88.81288397245608, 58.96483572134589, 94.76850531790066, 50.92323173799439, 40.01564518027261, 96.16287078691009, 82.59460551290334, 43.463725145592235, 39.54078234852659, 56.27965694715027, 85.2437306620743, 70.38130098618585, 41.58617937271187, 30.068196392529945, 68.47577723865537, 38.49373235986401, 60.49591302204844, 52.1257531919594, 29.85561351912323, 98.42854279612098, 44.10379010877237, 50.05725144487073, 83.65205918829639, 40.6220316062443, 27.47153733204627, 59.83846680857863, 62.85599839468888, 26.473548205337515, 110.52469383776403, 43.82282203232115, 24.898580963274746, 28.197171892269658, 38.79809111413386, 52.59123670666097, 50.14041163959231, 41.81846053441071, 86.42846786234455, 44.22171540956143, 60.85172694985314, 8.737630133166505, 54.63065441267864, 79.79067971893102, 72.32560962748428, 14.12276684466147, 12.493410611686844, 56.46852074104151, 45.354797723765635, 53.80293630815806, 59.005146998358406, 46.71589625077798, 74.4108878417195, 98.80331605488553, 71.01225844474729], [32.056078277128, 0.0, 55.85656646495304, 67.07587023256093, 43.76443281569026, 89.67091640783278, 51.81139944619297, 29.335410401585484, 33.8893226508816, 23.89992435153786, 87.73026442566324, 48.772831439992544, 72.22600107469701, 90.66518705992951, 71.02563798614563, 85.67777266570917, 72.38140901391691, 63.55157079737496, 75.05886078728558, 54.94987290314536, 106.76168709821171, 28.849243862370635, 16.98936054125851, 76.12883491812381, 44.692722925485505, 112.51312688398899, 47.03126831162413, 68.3749935401172, 85.62965828271636, 61.08527844341776, 40.6199994938993, 69.1464047365519, 70.2418567927641, 26.462227702363478, 34.07584623135134, 90.66186379820387, 65.35666548307255, 82.76146622182988, 86.43422920347155, 82.86512467398215, 85.51026894207185, 75.01705671562218, 7.963212167374555, 90.55026817763947, 65.24388451928596, 67.49506145018064, 35.07476992943772, 66.62453691971766, 59.11760842651046, 52.62879856840016, 11.001180455841183, 49.56329478550476, 67.22132017942312, 54.72227348813214, 68.97549811908631, 78.27908368081718, 33.945697636074044, 100.84176472035097, 16.53590560505657, 71.96351951981315, 78.16222317898351, 15.313385413779047, 15.824491628706154, 53.00954601879469, 74.81577710747729, 7.912639386449618, 108.40809234049958, 62.120041799798685, 26.06971596414656, 39.241991694049155, 7.3549686087739845, 22.169684719928696, 56.90666363577575, 49.81895903851763, 94.53074023168244, 54.32188118071357, 45.962109391831824, 30.190113780119024, 70.07323151864807, 92.21767100892613, 86.63541752389108, 18.943468961498326, 28.18877357228619, 29.859420865771128, 65.89916012638578, 57.860026622185835, 65.43180392399788, 56.78142763078363, 66.54508891498017, 73.79447074567824, 79.75106048710147], [67.77872648713598, 55.85656646495304, 0.0, 36.72853654682062, 12.880026150753185, 40.61121699479165, 30.57767327261099, 27.29002879200287, 24.096332487671063, 33.500163385661466, 32.229584883981616, 68.65403617962859, 75.18833541024998, 44.39753261051964, 31.08818070044182, 29.898363732218524, 67.17984750186808, 25.487006800726594, 52.82253601181921, 28.26761798343078, 52.59729589545844, 49.27196518634973, 69.5387783802012, 68.93317335563722, 31.599802771315794, 60.41730055088251, 9.070165480604429, 73.9695163296114, 29.871385630982775, 32.583583135307734, 30.127407065894868, 59.91991583360963, 42.454520552256, 31.153764521938378, 43.704041451789465, 88.5216805650753, 21.895329712016284, 27.266763701766266, 34.66025203978566, 76.44182893990705, 29.65848284684229, 71.95562169439972, 55.16069420401819, 35.751876633590484, 17.811739037224264, 67.68805901801034, 28.34163422672708, 42.82850635479765, 38.71242178377945, 12.581222742093159, 49.22369754445217, 54.12915423580441, 22.86680663125426, 49.82793317966905, 40.433575815071016, 78.49032267074925, 38.98625020514398, 52.41852775725774, 42.399252007048155, 65.86987738944103, 24.479486822026708, 41.36449694747045, 70.61657180206966, 11.266344115601093, 49.130409178865264, 52.00876641520468, 54.939359179771394, 55.027916883436546, 42.90856530658114, 44.248414375889915, 52.19099285332147, 46.482781433125005, 34.72742344070452, 37.10986545674235, 55.20745696238043, 40.11137989353464, 10.463691342786415, 59.384133178501166, 53.092686652647735, 60.64744170895071, 60.17997763565718, 64.66088574017422, 55.371581438254346, 35.47628181571541, 60.41507197923722, 30.150374203790182, 35.63466970422679, 40.19398488000074, 12.487595190091826, 44.399394642859335, 46.199718252839844], [91.16825016942902, 67.07587023256093, 36.72853654682062, 0.0, 35.11983672433761, 71.05690641452038, 15.272311087204681, 49.49354807520911, 50.04918983509517, 54.47390988302167, 53.00975746125313, 98.1528757152943, 109.64900637283482, 76.3888784085484, 10.764364730298121, 49.21422793893463, 102.71616013309851, 62.13717252181724, 89.53418965144051, 12.728863856946495, 73.67352008958775, 75.27682197019737, 83.93168194624035, 104.81805869678122, 22.413287259193474, 84.49253282120108, 35.98589081703861, 107.8142473826404, 49.45078216496188, 6.148688139689306, 26.49279354023088, 95.7256825327118, 79.18210978273176, 42.6480313982967, 72.36003776600592, 124.2851108048424, 16.69504045939054, 41.0162230393045, 63.37170793414772, 112.45292901026605, 47.54952430037729, 107.3543135753462, 61.99723892427478, 58.43597767877531, 21.68040214868147, 102.30918580528731, 57.09724320875454, 79.45708066435778, 10.350313684867627, 25.45925976694285, 56.5255773899946, 86.56918553152094, 58.69838883108874, 84.13020258830122, 77.16149872239174, 113.59947732780051, 67.83147815174574, 81.7836237150148, 50.56896507157681, 101.48509424432486, 53.013110321950585, 52.63019385487845, 82.73160729549632, 47.47786247620661, 85.85516628838646, 67.6082320804641, 77.27146807124237, 90.21932889693409, 68.03076101392507, 74.79280542322256, 60.40672147732619, 47.042757961368174, 70.77333333487641, 71.54078101197537, 89.48324994638133, 75.3062674533155, 35.17362823451798, 84.2369825914741, 89.51895348129543, 96.59268293809207, 96.74085465388869, 82.92347051257028, 80.21930101380273, 37.227878168371085, 95.66399156858904, 66.56019551101745, 72.35963152130527, 75.8421940422717, 44.90353145479197, 8.096160702316947, 82.41862014886277], [59.50450893558447, 43.76443281569026, 12.880026150753185, 35.11983672433761, 0.0, 52.48294195337924, 24.086264836060728, 16.949011238324072, 15.687819220938065, 23.085690070923416, 45.0403245567158, 63.71700935895129, 74.64816419894541, 55.628485246971714, 33.29291261095322, 42.56003673569653, 68.21057423327206, 32.76682258654731, 57.52689141383343, 23.554573673884885, 65.46708874819178, 41.920521207542876, 58.3561801653912, 70.58622730682427, 22.37006174945657, 73.08324614197379, 3.9488055890459774, 72.71984014159827, 42.55525155777463, 29.581238748017565, 19.59748242629136, 61.503596062144275, 47.99861422850105, 18.346489871337653, 37.88563399272404, 89.823494308911, 25.055457869835035, 39.02515802400008, 47.086675226575316, 78.29460862477445, 42.16900820065675, 72.72890191907317, 42.51216607366228, 48.63187318357717, 23.1480461889666, 67.37528979788857, 22.239298054802397, 47.127436078690536, 33.53323695324341, 10.977013921483593, 36.51850583020945, 51.45999017477273, 32.39859080903054, 49.20533582205556, 46.027947523149585, 78.79490518044256, 33.21151304256527, 64.3224625366234, 29.63422451003451, 67.04662040547427, 37.19432143524743, 28.8789917786841, 58.968958081220094, 16.72594416958049, 54.58076768254105, 40.71145138614354, 67.76019379928289, 55.60412768209159, 34.90024755317477, 39.86435165561604, 39.6216109923933, 33.67074912528122, 37.343233231814416, 36.80811556849235, 64.87511663199838, 40.90390457108915, 2.419146023693508, 51.64212907858076, 56.29396515647057, 68.40430876932489, 66.51608020565128, 54.427490280930435, 47.54692207690831, 22.941778726584175, 61.03270064436266, 34.01399227773927, 41.125929697419416, 41.79002009910761, 25.102753947437563, 43.21599061984352, 53.82569708877635], [89.21427219164111, 89.67091640783278, 40.61121699479165, 71.05690641452038, 52.48294195337924, 0.0, 69.84917222236854, 60.8903930763387, 56.006745539753226, 65.80134621510442, 22.280627641749483, 80.6641514799182, 73.03743373374263, 6.4392893088976715, 61.60189648401011, 25.481820864211564, 61.92624057942358, 27.017470260532054, 40.19067210945561, 66.66854679848032, 22.364689814655026, 71.54770712644323, 99.37051312945736, 61.272476665711416, 71.98117634420662, 23.47001340113049, 48.56767246507638, 74.22238060048781, 25.141535148175503, 69.03940137366374, 70.73481950563193, 54.97688388648236, 32.506256146544466, 69.23519478220098, 63.935076963171916, 78.31643045686975, 54.414189365207754, 33.61910660758787, 8.048956655425053, 66.4994598124448, 27.478860626274162, 66.39049593107622, 91.28156077417053, 17.8052063242486, 49.49894136985997, 66.45985590451056, 55.00708963088698, 36.84870303842319, 76.42410742698263, 52.28907587956385, 85.88943206946101, 63.352633593539935, 22.454599453110898, 54.97847216475589, 31.740579628457617, 73.08854256202156, 60.69394976629796, 11.841765102443725, 79.69172324690639, 60.49336509609172, 18.055918516415375, 77.52121311117254, 101.95311920196593, 37.55946446638097, 35.57090132702332, 83.67045430993412, 21.7914408649555, 54.80690220209046, 68.18721401261459, 61.01880493735779, 88.06262559171164, 85.62678334985166, 39.36652340460165, 47.51945484817932, 21.67215037946045, 46.02848929962992, 50.18009623391549, 80.6411108657608, 45.443186609687324, 33.61840439431983, 38.80535049389722, 92.00306971605154, 77.5532105377633, 75.39796646712539, 58.30733271986714, 35.41143498142121, 31.169416994684173, 43.903269530797004, 28.372228461153632, 76.9855502228099, 25.779183647289926], [76.43336402807601, 51.81139944619297, 30.57767327261099, 15.272311087204681, 24.086264836060728, 69.84917222236854, 0.0, 35.78003690175306, 37.207332040143356, 40.19663005398799, 55.55108268986179, 84.58089582603452, 98.09548195517542, 74.31702202589142, 20.929670087743283, 52.043358611205804, 92.13539443240673, 55.36275814569508, 81.36489123310115, 4.313715826400303, 77.02720125823522, 61.24418941157318, 68.65937114278091, 94.60041944558797, 7.259040061581897, 86.788500088677, 26.30928926367666, 95.89039610156416, 52.196232009941475, 9.304207080317937, 11.22349035153236, 85.5325428806043, 71.54090831430534, 27.68687997576109, 59.06459075316207, 113.73282234831302, 19.563361034660186, 45.08417784710217, 62.90829053420138, 102.31726167557399, 50.78448098743162, 96.58195159734022, 46.87854400218192, 60.520582171746646, 22.87037174289832, 90.9594276220177, 44.51599351331961, 71.00172907323099, 9.63095076053027, 18.015913691680986, 41.31813894160422, 74.25911902452388, 53.41861847542027, 72.87514684988602, 69.53745928069768, 102.49824330962538, 54.74496673847857, 81.36290490624, 35.298064119253745, 91.00165363361366, 52.206551677084576, 37.39328877224652, 67.49199233891093, 39.469475053267686, 78.1967788149166, 52.41419250410021, 80.18736590131624, 79.50538924217906, 54.0056474925751, 62.02334671069465, 45.1947578487256, 32.20665076465432, 61.395773548147126, 60.71408111132545, 85.75787470640385, 64.92974315807554, 25.025542573434628, 69.81367052765137, 80.35526538320497, 90.97059790045465, 89.8539054771943, 67.76649045580437, 65.85971533963534, 21.981410078058452, 84.91002247199197, 57.86582905502072, 64.62519587919809, 65.8693276195162, 41.692820416921336, 22.435584489936872, 76.42103023419999], [42.709015929281406, 29.335410401585484, 27.29002879200287, 49.49354807520911, 16.949011238324072, 60.8903930763387, 35.78003690175306, 0.0, 5.047301748096361, 6.254308442404414, 58.576229555613814, 48.82170558801174, 63.66081093489657, 62.46772283417311, 49.49992423915863, 56.70635008274768, 59.27552759626817, 35.89099886083927, 53.95885393440768, 36.91284122536009, 77.42944567575938, 25.80848534852048, 42.250703844125894, 62.290353194978664, 30.933490195947023, 83.40178951563026, 19.185938388235986, 61.036452248352056, 56.63614514006062, 43.47601627966118, 26.56855785589087, 53.60176153339746, 46.45596849260783, 12.18700438573972, 23.333059280463736, 80.45397728991449, 41.7539436652656, 54.55154111902397, 57.22803702208413, 69.92862291349488, 56.683136435430136, 63.29424899277031, 30.399170177630225, 61.24551063744874, 40.09248182507239, 56.91892841191624, 10.629277332031071, 43.990685922362005, 45.2748475729008, 27.699240075390406, 25.173514653783954, 39.244338686499425, 38.596357315401825, 39.531796943930466, 44.77940244354966, 68.60621451090549, 19.199024620470393, 72.33776533225276, 19.59493095074919, 58.34253189782918, 48.82774307180546, 16.803616369815803, 43.46936010890577, 23.73087863538611, 52.27450960734658, 24.771112689834148, 79.11741970232858, 46.862797123506915, 18.58246387880124, 26.68664621139245, 27.173745869703538, 27.689586129334124, 33.42662647500435, 29.160154862207087, 68.3144675004744, 33.99253798725511, 18.579113707372056, 35.110781043437484, 50.81795852490471, 68.54738649222821, 64.64202560559305, 37.64956082830068, 31.030089427116792, 21.937706750598974, 51.98328024536451, 32.42553358117477, 40.38947684150378, 35.789936845557854, 37.283570705968515, 57.430173953719724, 54.70083098196474], [44.185996134816264, 33.8893226508816, 24.096332487671063, 50.04918983509517, 15.687819220938065, 56.006745539753226, 37.207332040143356, 5.047301748096361, 0.0, 10.081842843260135, 54.540549403876035, 48.20129721785495, 61.116555389241285, 57.47674421855756, 48.95936052755309, 52.86262181363704, 56.02428524335982, 30.84553993273085, 49.488230856804904, 37.77708737785077, 72.95161702173043, 26.271489375509873, 45.92205343378762, 58.87135997676083, 33.148737139603185, 78.65762070859813, 16.950337386947062, 58.753911797380766, 52.77246265300846, 44.201422833330646, 29.028948150559977, 50.025713921511304, 41.67778588473886, 16.507169380121557, 22.35462883652047, 77.41890401100576, 40.71386038821422, 51.26349496904058, 52.54639446286651, 66.56319957195076, 52.961601268746044, 60.21581196166249, 35.34521831592633, 56.967752105916006, 38.494942404187164, 54.14941313486517, 7.3498071883719565, 39.3888761740156, 46.82595132697871, 26.65974083799437, 30.197810162899195, 37.06252785739393, 33.6526891286745, 36.35913394996975, 39.96130419052352, 65.79656652476197, 17.782972162964256, 67.39744882516497, 24.628341822533635, 55.01831172323257, 44.44228505959478, 21.83768791949137, 47.496568112107774, 19.15558370737247, 47.61796039375427, 28.753294360842908, 74.5305526758558, 43.47047048097564, 19.363092728877977, 24.857569303407754, 32.10683543901274, 32.526144008811976, 28.82485491379736, 25.22895751000333, 63.281426058434796, 29.967003037249853, 16.75130153823555, 36.11088778971644, 46.662146522519436, 63.6937267399508, 59.98628815508867, 40.601129953434196, 32.02369479858192, 25.91313544573753, 48.72198177476096, 27.540610574734714, 35.498119013783324, 31.589834872932997, 33.166333930478494, 58.100441890562756, 49.756051404060756], [36.99062932290264, 23.89992435153786, 33.500163385661466, 54.47390988302167, 23.085690070923416, 65.80134621510442, 40.19663005398799, 6.254308442404414, 10.081842843260135, 0.0, 64.53270692955599, 44.699410437431695, 61.61114805851168, 66.9746623554379, 55.151313407064784, 62.75946999218117, 58.28947079625173, 39.99720570115493, 55.34119372936896, 41.773791761066065, 83.029230566004, 21.090289661107384, 36.07566958486481, 61.546896690138176, 34.66943335234823, 88.6148807379081, 25.435163903939333, 58.663170958426655, 62.68029502266226, 48.375758932681514, 30.147434651730226, 53.20138949700335, 48.76976703962261, 13.783382303530704, 20.223698338029696, 78.99672576665587, 47.65812802365452, 60.766849731402814, 62.56146914852587, 69.04301110831142, 62.785683045416114, 62.00860906153523, 26.060008517069708, 67.0360118967387, 46.18522725933205, 55.23923798330155, 12.127501101501243, 45.81187047062872, 49.464401753704706, 33.67775046748664, 21.50361297659946, 37.028989863853084, 43.36638887211687, 38.69455740915776, 47.24542015097117, 66.88837675003572, 16.919067161767536, 77.05351176402695, 17.211190629263683, 57.48037882586784, 54.522631018465006, 13.583312153974902, 37.46423523636862, 29.23274468057371, 54.162931769145345, 18.720363707805014, 84.58264538060668, 46.243076135882866, 13.90151856986489, 24.41867380903072, 22.806164390277367, 26.447130993009058, 35.415143313411185, 29.85713146203626, 71.80627412182741, 34.72172414498215, 24.796090410976007, 29.765487614728652, 51.526146237546385, 70.989947246642, 66.44292058646224, 31.40698666710818, 25.746790017481764, 23.431554178227202, 51.08830957613526, 35.29795216772595, 43.17767038106258, 36.81951717651709, 43.179531892245464, 62.28053781959423, 57.615026641235666], [95.09545208892092, 87.73026442566324, 32.229584883981616, 53.00975746125313, 45.0403245567158, 22.280627641749483, 55.55108268986179, 58.576229555613814, 54.540549403876035, 64.53270692955599, 0.0, 90.92448801210793, 88.8458251202254, 28.698629132520242, 42.655207547415706, 3.823730704722233, 78.40552496142061, 35.10107823321581, 57.9165080621031, 51.69163247983482, 21.497331944012057, 76.39297905375464, 100.43591694883274, 78.57107215635602, 59.51573641307015, 31.57329536589636, 41.29723805498918, 89.17043066422931, 3.5648669057326936, 52.36961542361524, 59.57855827791935, 70.96756953815233, 48.23488747618745, 63.369881262308766, 69.45048034313068, 96.99771024880052, 37.268734530362586, 12.395861859152035, 14.598201749992127, 84.75993348544367, 5.69340249881779, 83.17530466455572, 87.37088332406229, 5.518793637609255, 32.947488727812384, 81.65598674997736, 56.48465133815313, 51.53439207318261, 60.181420368491835, 40.319390733303315, 81.44972029973964, 74.06213447436112, 28.42583096340061, 66.885743455319, 46.778768057501075, 90.06047224111565, 65.24302167128351, 30.36551625057033, 74.62771388411413, 76.94792941833744, 11.853946550701988, 73.53059861015728, 101.99551430448606, 35.87416086035518, 53.18508443196901, 83.25306920887863, 24.66607918995606, 68.94671783214066, 71.24977822013054, 68.06515518776709, 84.37378671144731, 78.2924039883927, 49.62384007599989, 56.30644560085519, 43.895325769357534, 56.703010788237656, 42.64313599220754, 86.36947087327749, 61.76656177692842, 55.20248240280612, 59.26008293073205, 94.5621554222938, 82.68460134527719, 66.90346575197799, 73.4194834359735, 44.5054501104835, 44.089276384698685, 55.30250379998295, 21.38027401248714, 57.7842182665305, 44.79085977138575], [19.80974386442273, 48.772831439992544, 68.65403617962859, 98.1528757152943, 63.71700935895129, 80.6641514799182, 84.58089582603452, 48.82170558801174, 48.20129721785495, 44.699410437431695, 90.92448801210793, 0.0, 26.128802207081474, 78.0686628973878, 96.96302894952345, 90.87789092421517, 31.43119702790124, 56.11751010354111, 46.570677911249675, 85.68355600017549, 102.65554710996709, 23.784814021490245, 42.0221291963676, 35.253348250103286, 79.34774703791143, 103.25740329735761, 64.1511895463744, 21.776882552618744, 90.65669266145345, 92.20923087661625, 74.83931287744137, 32.8475243893468, 49.27359511487735, 58.308761073383856, 25.850690856939842, 44.11736097028153, 88.38805969804724, 92.66603659434776, 81.98671019145155, 39.6371507281325, 91.78738182629715, 31.71307673330147, 56.422440207834796, 90.85806191730903, 85.52042421021102, 24.568123168515783, 41.520009249179985, 44.57656627146959, 94.01164293405681, 74.56125536645662, 56.4745046238448, 17.318058322041182, 62.677108065341635, 25.829645713317785, 49.474824444850384, 32.37672083729643, 30.506007719129396, 88.24819576797093, 57.057550564490214, 31.840832736536136, 79.0806580910108, 53.074339652317484, 47.053156051734696, 58.638974916418235, 49.403630114498, 41.69664382643812, 102.45080716846546, 28.473901258900092, 30.813036070485357, 24.4082294580875, 54.49908641815177, 66.49847067363777, 41.84445720992532, 34.62013691463841, 73.61403367790442, 34.843723536423546, 64.37718934200981, 18.58397383729264, 39.82335045589803, 64.94086732871058, 56.84711199886138, 33.1824491895344, 21.124968494250865, 67.4642596181233, 28.28628201041642, 46.65579546429054, 49.49709869839132, 36.801661417836904, 72.09205807147674, 106.15663974989953, 58.80917568988926], [45.86071650719541, 72.22600107469701, 75.18833541024998, 109.64900637283482, 74.64816419894541, 73.03743373374263, 98.09548195517542, 63.66081093489657, 61.116555389241285, 61.61114805851168, 88.8458251202254, 26.128802207081474, 0.0, 68.66768065918458, 106.0032386678307, 89.89602307467159, 11.316759920240996, 54.77047935028473, 33.13399963676872, 98.13763990753428, 95.27814505339708, 43.93950993880926, 67.77167560085319, 13.36577681731383, 94.25496250502404, 92.94544040640578, 73.70706537710402, 4.387362984380421, 89.6085197801071, 104.22635310608162, 90.05886895862288, 18.098123190465795, 40.9719066840001, 75.169738817642, 41.55070537445243, 18.471624816601885, 96.86990076059664, 93.98165131033886, 76.8330579174202, 14.374902245467803, 91.27533241217972, 7.94051409758046, 79.31394253605363, 87.19687361759031, 92.99890902679996, 7.5226805050613335, 53.7693056048792, 37.32568128170809, 107.72232038449707, 84.3778506887747, 78.13032979428112, 24.58237187530969, 61.22971318914401, 25.547567926922756, 42.207513190439045, 6.270171301101682, 44.76771578074059, 77.50588606797997, 77.06363832138115, 12.676532819410015, 77.42367206976581, 72.96338976843334, 72.72525267802497, 63.96731391940446, 37.56011802078194, 64.55070802158698, 94.0590386691576, 20.475815248799794, 49.24945249581825, 37.213414384039176, 76.91119488042544, 86.78686220118661, 41.20869773868326, 38.25943870140417, 59.65107516305943, 35.113622841172244, 74.47539999023499, 42.947158359322266, 27.615654532703008, 48.041819075424144, 39.56307714092573, 58.67674783257556, 44.138316675731716, 84.97848082386372, 15.494864830813437, 46.384678127150714, 44.81712069924161, 35.373019583266036, 74.2108139247866, 117.72704465017323, 47.64868277676042], [87.9022098304572, 90.66518705992951, 44.39753261051964, 76.3888784085484, 55.628485246971714, 6.4392893088976715, 74.31702202589142, 62.46772283417311, 57.47674421855756, 66.9746623554379, 28.698629132520242, 78.0686628973878, 68.66768065918458, 0.0, 67.1993595800207, 31.837834892021768, 57.43096763881658, 27.160299860947752, 35.56392327653862, 71.33060916840859, 26.793041670727064, 70.79802806048369, 99.3972240509031, 56.48734438193105, 75.98391103183319, 25.192171296335285, 51.7909760123861, 70.13666861093384, 31.495831412796665, 74.06868507933214, 74.43202732630706, 50.75398577666833, 29.032468488914866, 71.6015896585469, 63.12413831821897, 72.93164935453287, 59.698226996174085, 39.85388454429564, 14.287192083144737, 61.32492291885975, 33.82783258287124, 61.74001963009746, 92.81215481982235, 24.232920980906332, 54.732284555323744, 62.369311845197515, 55.65950204899248, 33.62198231071553, 81.29407568581439, 56.501843533232304, 87.62776960157666, 60.858676471878574, 23.977835186716092, 52.242207726165546, 28.618181341401467, 68.31725774124207, 60.259204084350046, 10.553872699583659, 81.68045054841718, 56.02375866545222, 23.50201132233624, 79.24685941227193, 102.25414869378035, 39.86512090141233, 31.120344247575385, 84.30253364989095, 25.39214095460659, 51.270826586341464, 68.04397408203664, 59.785032703807126, 89.56719743568769, 88.15443337736416, 37.76180996285308, 46.092855268176024, 15.233314238715197, 43.989807032782224, 53.41676763308883, 79.47974327873598, 41.27241444760904, 27.388946797910688, 33.02191431456385, 91.66376953243586, 76.61933338109095, 78.35747762348478, 54.35583641245438, 34.4608336683767, 29.004665908524107, 41.67814475458043, 32.624208188836064, 82.55766413488088, 21.025282125580418], [92.13042373848305, 71.02563798614563, 31.08818070044182, 10.764364730298121, 33.29291261095322, 61.60189648401011, 20.929670087743283, 49.49992423915863, 48.95936052755309, 55.151313407064784, 42.655207547415706, 96.96302894952345, 106.0032386678307, 67.1993595800207, 0.0, 38.837872839367854, 98.2463794241099, 55.59736850750756, 83.38164507602772, 16.861107592708624, 63.05560567584795, 75.08215363075273, 87.45775712756998, 100.02089416764764, 27.948910356367723, 74.00347646477364, 32.95513125592851, 104.55616533899595, 39.09041890609209, 12.843896978541483, 31.06301831882782, 91.00641756991692, 72.83051522348431, 45.13228955493991, 71.16047943688176, 119.60985306205787, 9.192900996795958, 30.487706011843887, 53.74962782775541, 107.5190661692273, 37.105433219321746, 103.00594839561246, 66.90193244166603, 48.13223843170954, 13.707016241825821, 98.53810737105701, 55.44365463951051, 73.65165669550517, 20.089371347001105, 22.402570093683114, 61.08497219026175, 83.96443598859695, 51.36748967781766, 80.50188085197678, 70.83325816256357, 109.49171097260638, 66.46446782043509, 71.96768088528451, 54.58436536695801, 96.9447470838621, 43.69852233296127, 55.939434536905424, 86.8482042898396, 42.33129773099379, 79.41334644322157, 70.38569145433384, 66.70452922618489, 86.01271201322024, 67.95742620561671, 72.90054679056061, 64.89793739024852, 52.80858528162113, 65.8154293791028, 67.75853181770567, 80.85526690850521, 71.05504410417747, 32.604251315685154, 84.60224406817419, 84.0723193419363, 88.82728387303176, 89.68832011247518, 85.33183667901967, 80.51536382575321, 41.86686117700125, 91.42316839608729, 61.194499335294424, 66.19519172999897, 71.24652837855221, 36.96046547880029, 15.385258594909466, 75.01985026832853], [94.25278536681184, 85.67777266570917, 29.898363732218524, 49.21422793893463, 42.56003673569653, 25.481820864211564, 52.043358611205804, 56.70635008274768, 52.86262181363704, 62.75946999218117, 3.823730704722233, 90.87789092421517, 89.89602307467159, 31.837834892021768, 38.837872839367854, 0.0, 79.65499075751349, 35.56755566000576, 59.58980391039259, 48.13118012197507, 24.998924354489862, 75.50184041660316, 98.78081257276855, 79.99799456663354, 56.192510760027005, 35.320055472137945, 38.914783129455216, 90.03941953453203, 0.34440650778596005, 48.65741283985607, 56.41429444391053, 72.1649360711955, 49.64292256301837, 60.904984673440424, 68.7378982644634, 98.67475053517293, 33.56924797244336, 8.603670523865812, 17.574332950648138, 86.37795971369691, 2.003544567152614, 84.46425866867698, 85.03078192290855, 9.33606886261026, 29.33456423185628, 82.61758869977076, 55.26008209364598, 52.693570383922875, 56.48377849850273, 37.22416448719659, 79.06468422003176, 74.21758306447455, 28.907386364773284, 67.32977730258686, 48.08675326955591, 91.35823857897329, 64.41345606966458, 34.047295762374155, 72.19395558204066, 78.20103957864728, 12.474724497575188, 71.26117170646081, 100.1753411028543, 34.60620945337921, 54.887098231853635, 81.45905930421837, 28.303625331221586, 69.79197802575904, 70.10809529822292, 67.62988749433299, 82.08128571528854, 75.52087155834731, 50.02526772023726, 56.32962896003478, 46.942573908580655, 57.05294659813442, 40.190800581544785, 85.55293199503033, 63.11195851864725, 57.88275507580406, 61.56529344155475, 93.17262205414161, 81.79248318872057, 64.04047546921231, 74.41956944132465, 44.8237515928349, 45.07981889968799, 55.80360301695597, 19.951362738484228, 53.96049020170419, 46.89158911981828], [49.916028049457445, 72.38140901391691, 67.17984750186808, 102.71616013309851, 68.21057423327206, 61.92624057942358, 92.13539443240673, 59.27552759626817, 56.02428524335982, 58.28947079625173, 78.40552496142061, 31.43119702790124, 11.316759920240996, 57.43096763881658, 98.2463794241099, 79.65499075751349, 0.0, 45.111500761341055, 21.869495671205893, 91.74723120815014, 84.10051824615843, 43.53237332851084, 70.5757565737032, 3.929902233357421, 88.96338430716091, 81.63257158585733, 66.78334752676491, 13.705205532929766, 79.35717151724555, 97.56752919704327, 84.9934430850101, 7.544096264833156, 30.229236622552126, 71.27011181199313, 39.29564206262349, 21.613392474788274, 89.057479445096, 84.19115805883209, 65.99667065311607, 10.766028478690433, 81.11544236282576, 4.872855274468703, 78.84835446372523, 76.50127264825647, 84.92144483855347, 7.057285987267734, 48.83894047135517, 26.974331601264517, 101.69062460148736, 77.26533083028923, 76.82069942277, 22.818677608515845, 51.348777218825, 19.744102717477176, 31.626820459555436, 11.736682702036472, 41.48975496584547, 66.1949713950506, 74.76564802353005, 1.4583009082400022, 67.1914047720997, 70.7256793024544, 75.29653144575616, 55.91952132180634, 26.372156358997564, 64.49386934175406, 82.81487233884843, 12.634661476879526, 47.482789095643966, 34.330715630022176, 76.15269331365349, 84.40607119926632, 32.51138199605637, 31.42304857854409, 48.38277793526075, 27.411887526079916, 67.72814698156833, 45.14664377867879, 16.701843279076993, 37.03750498265374, 28.53502644797812, 61.27918130110637, 45.31986939911192, 81.12325865288624, 7.303307681427721, 37.42736847843932, 34.71750231921424, 27.00322139546452, 64.92266419726616, 110.72386972378497, 36.40570310461974], [62.5943246474143, 63.55157079737496, 25.487006800726594, 62.13717252181724, 32.76682258654731, 27.017470260532054, 55.36275814569508, 35.89099886083927, 30.84553993273085, 39.99720570115493, 35.10107823321581, 56.11751010354111, 54.77047935028473, 27.160299860947752, 55.59736850750756, 35.56755566000576, 45.111500761341055, 0.0, 27.823797886185908, 53.50224183070697, 47.46765574107619, 44.62022223426256, 72.44084193488136, 46.069854239149166, 54.96798275152965, 50.475624902127635, 29.53034708645529, 54.633138440235506, 35.30593373059088, 58.06445236361213, 52.36318449907569, 37.57083029048253, 17.23664826650693, 46.08339410066523, 37.06445645153535, 65.47582985170307, 46.565102940094405, 39.21165561546141, 26.304770163314636, 53.13256222055983, 36.78105547657146, 49.98296983796001, 65.98857673694442, 34.741112788978256, 41.89416585249102, 47.3661401046671, 28.5078974469524, 18.58492023564726, 63.982317404690484, 37.749367892618224, 61.01765739132962, 39.05644134933459, 6.680783972718661, 31.798920573824784, 15.248504889581396, 56.8310817638153, 33.68995618698879, 37.50623892932307, 55.411671984559874, 43.68885916831189, 23.282699147687655, 52.67567995840184, 75.16691911125744, 16.09968443045923, 23.825519564766505, 57.14268146271991, 47.948709242903995, 34.421522765702896, 41.18676639556966, 34.525808497533845, 62.73399992567472, 62.67910557868162, 14.522889884205421, 21.632770346499303, 32.78001013619019, 21.60679765955461, 31.046528758963245, 53.93315647525956, 29.315587512326363, 35.71642088841159, 34.70111347399953, 64.98728192145788, 50.702052376703406, 53.98372947151469, 39.28909627225617, 9.46832749428585, 10.792007126120096, 20.241327688217112, 19.96621383486371, 69.66288572100082, 21.125840897238017], [61.08680678246953, 75.05886078728558, 52.82253601181921, 89.53418965144051, 57.52689141383343, 40.19067210945561, 81.36489123310115, 53.95885393440768, 49.488230856804904, 55.34119372936896, 57.9165080621031, 46.570677911249675, 33.13399963676872, 35.56392327653862, 83.38164507602772, 59.58980391039259, 21.869495671205893, 27.823797886185908, 0.0, 80.0557039325122, 62.266133903294055, 48.23725650954573, 78.1300745913043, 21.094039013225487, 79.75254763046497, 59.884984896512044, 55.057200304214675, 34.85219519013183, 59.27256852026736, 85.1121868918198, 76.43823021410584, 15.497384498867577, 10.62744249086012, 65.98139324351828, 41.4207237514133, 39.09320849801942, 74.30370600776239, 65.07202591867079, 44.760295002577834, 26.847754026278512, 61.212874932210575, 26.216281933957223, 79.95365683814592, 55.487146444060414, 69.68926598545097, 27.14940097601263, 43.60438172092097, 10.407686932820054, 90.46588227029945, 64.5271420041016, 76.41660074282136, 31.094028012458324, 32.940210792929726, 22.63196038742206, 12.581621992788515, 32.8992057845928, 41.126778510376056, 44.439452470990474, 72.53561426738347, 20.469363758809482, 47.32927316736668, 68.89412896105357, 82.17458111111836, 42.22319757211384, 4.74275297508816, 67.35974911452857, 60.945462607082625, 18.096914055955413, 49.04666289514131, 36.47447585878746, 76.85716893864961, 81.4548215743596, 20.742395743742826, 25.60747537809007, 27.46869872439551, 20.8558692231138, 56.35543081327568, 53.969271825991925, 6.7500331841244074, 18.70939610142808, 11.666195238372637, 69.12297561870666, 52.46677700439039, 75.32394198277004, 19.588916238397246, 23.518231808614367, 17.208882720608077, 18.5663241149147, 47.48124475566295, 97.21459742940888, 14.540401940245482], [78.43979842133683, 54.94987290314536, 28.26761798343078, 12.728863856946495, 23.554573673884885, 66.66854679848032, 4.313715826400303, 36.91284122536009, 37.77708737785077, 41.773791761066065, 51.69163247983482, 85.68355600017549, 98.13763990753428, 71.33060916840859, 16.861107592708624, 48.13118012197507, 91.74723120815014, 53.50224183070697, 80.0557039325122, 0.0, 73.12981328354047, 62.64565569328348, 71.66910843908929, 94.06871893452737, 11.08780359445644, 83.05386735721133, 25.189185269623877, 96.10320457626891, 48.2952123075057, 6.602999739089252, 14.435992236088474, 84.97544925370198, 70.02747113495612, 29.989575262049502, 59.96739537375948, 113.36048205099924, 15.312051660230942, 41.0009852221405, 59.55670906516693, 101.76429621236133, 46.8176908962485, 96.2801501463231, 50.36259698928578, 56.743856702224164, 18.83784925575591, 90.90033306615123, 44.96465622494618, 69.76059688704092, 10.48015063478174, 15.761112707810248, 44.67088368034038, 74.63446216266576, 51.11082029464845, 72.74220334756511, 68.01141838518889, 102.34427752232259, 55.513311055513554, 78.0667773821725, 38.41577087416297, 90.57164319479183, 48.861813044486574, 40.21233450118363, 70.71456428221656, 37.8893880296624, 76.70970320181392, 55.082802702602216, 76.35325334015258, 79.1504729545684, 55.3954135950105, 62.62300331764446, 48.52709727638119, 35.99447673539725, 60.45485066922121, 60.359039924682854, 83.18370815070969, 64.39704864485444, 24.08900815867378, 71.52937264379466, 79.39322786348171, 88.90371539055836, 88.1535188260434, 70.34039470962698, 67.52036033822354, 25.32205936298731, 84.58223482262711, 56.65752103213452, 63.11645359868622, 65.17569913453002, 38.762535980606906, 20.52943731660099, 74.42072893795613], [110.03074233508335, 106.76168709821171, 52.59729589545844, 73.67352008958775, 65.46708874819178, 22.364689814655026, 77.02720125823522, 77.42944567575938, 72.95161702173043, 83.029230566004, 21.497331944012057, 102.65554710996709, 95.27814505339708, 26.793041670727064, 63.05560567584795, 24.998924354489862, 84.10051824615843, 47.46765574107619, 62.266133903294055, 73.12981328354047, 0.0, 91.82902457454507, 118.17728438907923, 83.25830171049762, 80.9904854010974, 11.783833651927875, 61.59110031233277, 96.55297801400177, 24.835883743336968, 73.51650097931002, 80.94242375872247, 77.25893486090179, 54.87089743342325, 83.59585322913175, 84.39122646313709, 99.5907137320591, 58.47851034046336, 32.69278988571531, 21.231839649797653, 88.09173943980234, 26.38680562183441, 88.47611593746866, 107.15982943425522, 16.943472582141975, 54.328494295489456, 88.78589585794188, 73.51860186620364, 59.191507949598375, 81.36710900465893, 61.65627840895733, 101.37983521896318, 85.34180819379539, 41.62425618547232, 77.12491418222551, 54.080870947799745, 95.08971347550396, 80.71902705321251, 20.44561775768126, 94.71051738433292, 82.67966876877409, 28.651045823849408, 93.2337186503168, 120.244842015823, 53.796624868285484, 57.73175585693954, 101.57938043742439, 4.075957009857418, 77.16575777335417, 87.66937752018517, 81.99250921677513, 104.06111038907008, 99.05731017967159, 60.97357494354205, 68.856508089622, 39.630264790358275, 67.84941351745107, 63.04801763189148, 101.3425153818269, 67.7306868123415, 52.89434297269574, 59.44179261