instance_id,num_cities,city_coordinates,distance_matrix,best_route,total_distance
2762,97,"[[23.88058931198602, 6.253360918324502], [98.12136894008661, 50.009755368992856], [59.560637559445254, 89.35055922969906], [48.086348052750935, 44.11358144546325], [60.918162479588474, 54.430513648209676], [8.476007960501608, 46.53914910647276], [24.203417852767195, 66.78669023159125], [54.087655082958406, 74.39030045898124], [14.13863321550185, 68.4649334931604], [77.86014191438368, 38.16567269769647], [31.52244757168967, 60.658891843867025], [70.1252807782473, 32.788620378827545], [11.04651178011965, 67.05969362699871], [54.5792721657001, 1.4414054872991078], [19.72042705922631, 78.6298354755862], [69.98776249015552, 55.456307569391846], [52.13102417927972, 46.06449654543787], [87.78907958383512, 15.756151881366664], [71.50760754510954, 18.516024346646663], [22.56354954277264, 49.274501773209735], [6.953346335090127, 85.44964336304302], [73.16958689677614, 49.44818266226616], [97.49638028936685, 8.66581800560251], [73.62789986356024, 52.18934395953695], [44.76431969367663, 61.79051858972757], [89.36147665638782, 21.50628743643982], [82.74563178608331, 16.666836754936664], [20.65565353792982, 88.85411634595765], [31.934338496969694, 89.37629956250316], [46.22475499060603, 67.23093997167521], [76.62273543459011, 79.02832834457483], [0.3467605753848524, 24.37876947363964], [57.41290068851925, 72.31562531431521], [60.00846819359856, 31.90488305141308], [39.414281368961944, 90.04442572047651], [40.671813153165424, 52.6297055631694], [8.96760698052067, 56.74589473182811], [15.825246577323338, 58.93867430907523], [70.85357029392333, 68.03501183788167], [56.89816333836855, 64.21072638413096], [60.47583728383882, 18.7813091251548], [48.78736829601385, 70.53269405747368], [86.02795585199101, 35.41689453698233], [55.64137062673612, 47.281761345412576], [58.66715749963012, 13.652843559383355], [17.51866701903103, 40.49131025066283], [43.70344962790133, 95.68677568579714], [6.277576818663777, 44.75046146775148], [75.8721309825231, 72.71566216309596], [86.10150397814517, 73.9306095891035], [91.03704270022442, 24.049447015628044], [29.01214431051491, 54.05167005888906], [14.764208170619487, 94.56921767673035], [37.300990874798245, 20.361644912557107], [39.019035892430345, 56.69728210296662], [86.56024341834772, 6.778238153064498], [37.75604189832238, 62.8456938254318], [32.83955692659525, 23.81042624468126], [39.01667536759089, 10.74536748605549], [13.632669690651145, 84.39944983473532], [6.977843520009319, 28.918065303954922], [84.09628681845642, 18.41500956430384], [49.90891224463032, 6.906346620815674], [43.27475604207171, 39.413043667531845], [55.9465110562879, 19.621935286816505], [39.502222228434334, 42.09479269458838], [29.82215728965425, 39.60485878456732], [56.609028985680865, 51.03446697286643], [3.666367062019693, 67.31533038904624], [20.175556981053845, 1.0978415166238653], [7.026256892114835, 98.59242910007563], [91.27354013417434, 52.01280837206461], [68.25107758995986, 62.31066495786397], [23.055180935996678, 40.00190074255375], [56.56602150133918, 40.753815864095785], [93.43924892112877, 27.529909225232842], [60.13131976028318, 25.19606485829241], [57.43235849256868, 67.72005127556773], [86.47574440883244, 58.24197050131534], [33.60167079792209, 13.592874766479301], [12.062868414458283, 82.2526316088205], [27.419682318230244, 73.20075946640948], [58.16176467166972, 9.110019921694635], [2.2447601681336415, 94.27495097747945], [15.243468583509168, 70.97410334389774], [66.46346823503154, 22.578965214594415], [68.54393689910167, 79.20631590656238], [48.00432937170375, 20.980176291107956], [88.28469045309346, 49.08995423607257], [19.075276773648987, 76.00418848319764], [75.51233937593011, 71.94159349426813], [0.6035584575566411, 84.67536453307264], [40.80838869465852, 80.7871767751273], [28.1505184340171, 7.97612885331116], [65.07616507848844, 29.78291686437987], [15.343875097009052, 93.5624731653142], [36.2652351335608, 19.38106455849168]]","[[0.0, 86.1760721726784, 90.43345736032063, 44.93678954464476, 60.76857634751852, 43.13056754269351, 60.534190140904194, 74.53260596852202, 62.969718681441634, 62.70715862051843, 54.939601317734045, 53.3168967912229, 62.145986544361335, 31.073526417564732, 72.49593795039303, 67.42997388127547, 48.816120186999896, 64.61113034852669, 49.180339365793216, 43.04129591693964, 80.98507706894216, 65.53775940939957, 73.6553095874519, 67.71195939475777, 59.33385270546176, 67.23390792432984, 59.77904067879462, 82.66368615034327, 83.51218955804305, 64.94248907365082, 89.87730448511414, 29.704739189239927, 74.08534729201558, 44.30828613508763, 85.21876629944482, 49.32251555529204, 52.64877028883393, 53.29756836530632, 77.61078103379364, 66.70244677914526, 38.68024897017106, 68.93605956372132, 68.64988609593112, 51.88522787199513, 35.564837545375404, 34.824003643253945, 91.60393805986227, 42.330754771829305, 84.3822131259304, 91.93286795015108, 69.47438313557937, 48.07297799595843, 88.78512803440631, 19.471796408371073, 52.666514497841526, 62.68185171965402, 58.26851918784729, 19.71074944271718, 15.788578912847559, 78.81517030050068, 28.27351481857537, 61.43155479050645, 26.0365125355466, 38.41481827605646, 34.74107249290951, 39.097872662701725, 33.87660903861618, 55.46618990829291, 64.32090559697046, 6.348751442178565, 93.86464741314275, 81.46003223540667, 71.49238816970085, 33.7586320702534, 47.52492892019932, 72.7399383727866, 40.901607432867166, 70.02767480518195, 81.36933677971638, 12.18063581195436, 76.9125976202803, 67.04087821369122, 34.39999251021605, 90.64165388652115, 65.29452009622001, 45.60511959213725, 85.53916213760438, 28.263650250682073, 77.34896231278178, 69.91615674917898, 83.55107128946254, 81.80361126716612, 76.43193114213324, 4.604370105127009, 47.44170597430273, 87.72546136068841, 18.047605242522017], [86.1760721726784, 0.0, 55.087465480057574, 50.381228469863935, 37.46493927268153, 89.71251781657644, 75.79794876070997, 50.33268257242407, 85.98658906701787, 23.46912045457985, 67.44494373260619, 32.86865440986252, 88.72841227042476, 65.22881879768069, 83.46146819409455, 28.655972200420553, 46.15925560927858, 35.778003790441204, 41.23284357519699, 75.56139669121548, 97.81407877568532, 24.958100709825885, 41.348661012437546, 24.59025485485629, 54.642118245423426, 29.8191783422026, 36.717346237610535, 86.65922595128978, 77.00940072885703, 54.679317283055816, 36.1146621213993, 101.07829380652704, 46.4190825136226, 42.19454472971021, 71.05840528210344, 57.50926533294036, 89.40787909943109, 82.77908763320279, 32.68704198573071, 43.60069102496326, 48.912185685019615, 53.4325241024651, 18.95263114667061, 42.5675017835784, 53.651279916885215, 81.16277690200846, 71.04716832702947, 91.99425157901317, 31.789727791140052, 26.770962259939264, 26.909576140745564, 69.22732121973952, 94.51963781512003, 67.66187140215399, 59.479482054685846, 44.75068383969693, 61.714941666638886, 70.34287331584363, 70.95813524973987, 91.2194682417557, 93.55213314403845, 34.567772433024736, 64.67105091401936, 55.86090981418558, 51.982095445117814, 59.15108617210195, 69.08722157536188, 41.52498527827872, 96.02723731608819, 92.02132860730963, 103.24047474655167, 7.1347726444643405, 32.30397316205916, 75.73037525121156, 42.57369277938346, 22.962267538704616, 45.37579832294643, 44.37623409322456, 14.261484379537366, 74.08765511995743, 91.90031872053771, 74.40800469184467, 57.180051879545054, 105.60175970062105, 85.4883047763124, 41.888792361988294, 41.56036132377875, 57.91747677979443, 9.87958894795706, 83.21054764700098, 31.498789522554368, 103.49602803984008, 65.0540342563289, 81.62564351110836, 38.74416722741988, 93.53583652476067, 69.02389434287306], [90.43345736032063, 55.087465480057574, 0.0, 46.66951337580969, 34.94642266845214, 66.65175330027225, 41.94354741256483, 15.929936587280295, 49.9936780106043, 54.35774525245128, 40.11672812142953, 57.54011307696838, 53.39010291664434, 88.05017497365301, 41.25743921420421, 35.4618841847536, 43.91904345138364, 78.82246971566306, 71.83495962229485, 54.54241379852246, 52.75172257436567, 42.15925945501482, 89.15799483428407, 39.73466734588455, 31.280774646126392, 74.10084497520586, 76.29198824304895, 38.90815129572707, 27.626311054030918, 25.82873051487063, 19.94150531797525, 87.9068637342331, 17.16979170427614, 57.44742173376782, 20.158301477576156, 41.29417369859769, 60.18902632688723, 53.26975848250429, 24.12224886610408, 25.280426509080147, 70.57518438412507, 21.683527855550828, 60.07794208181008, 42.25096932283062, 75.70298847681805, 64.457377372311, 17.076242211763994, 69.48563363948759, 23.297738476246842, 30.695153317319924, 72.4913742246701, 46.682138088063944, 45.09938449662949, 72.49111786407539, 38.577116353629876, 86.87443193781995, 34.321251172464294, 70.7779992785971, 81.24549557726455, 46.19406581800181, 80.1064076780306, 75.05897874933396, 83.00725266054411, 52.52604494267222, 69.82222359212544, 51.33660970898079, 57.95698337157938, 38.429609925249416, 60.08095192737308, 96.64226174873042, 53.341103389421505, 48.98791513037721, 28.40210608662658, 61.383535722271525, 48.68892267320948, 70.49505709459848, 64.15703255470285, 21.73495907841199, 41.135960781117674, 80.08180012059314, 48.02518766503372, 35.97022430027557, 80.25273200206681, 57.52703221287775, 47.976094015295516, 67.12745219843944, 13.550104782800553, 69.34015807668492, 49.45692599717376, 42.62851217271322, 23.61204944132242, 59.14215604522475, 20.615003190641584, 87.22610562529539, 59.8224461283212, 44.41691458960805, 73.74554873840198], [44.93678954464476, 50.381228469863935, 46.66951337580969, 0.0, 16.464949181848763, 39.68453629188314, 32.93120430480626, 30.86576421043775, 41.77841176040643, 30.362088521489426, 23.411751222965567, 24.77840387998729, 43.571476166764675, 43.1633254573954, 44.676585210631984, 24.664334377424545, 4.490598478579541, 48.78986270232829, 34.6956816568802, 26.039361405577846, 58.3146109063507, 25.64423601998566, 60.81032164453458, 26.787848160835434, 17.986383161179614, 47.06087529633496, 44.210742393841194, 52.480076836336615, 48.05830900096946, 23.19219252158905, 45.092848167258325, 51.65782628094528, 29.704206140686672, 17.06426866671079, 46.74234906788063, 11.291576407452945, 41.10780025787156, 35.5043947536436, 33.023949500298336, 21.944095408871647, 28.199706812616125, 26.428411616810287, 38.92554387000262, 8.192419054947608, 32.246086291449856, 30.781552468774546, 51.75909739121963, 41.81362180279321, 39.876418525218575, 48.313634176603514, 47.40602979705225, 21.50792536923621, 60.46599237444374, 26.085981264257953, 15.510179626630647, 53.61127198047211, 21.39175681097735, 25.39060359171598, 34.578847081080546, 53.009500512236244, 43.827079023422016, 44.23948786594365, 37.25184644457222, 6.72654986445447, 25.72203129619679, 8.818317537283292, 18.812475761144857, 10.978831757885091, 50.11442771555891, 51.27734528886487, 68.21932224739713, 43.90365982370609, 27.16155676072475, 25.36661675173806, 9.121013461037862, 48.28978982647314, 22.426630983300548, 25.38923647888639, 40.90668808273099, 33.78341917806916, 52.462160007128624, 35.68157784914548, 36.424762722535874, 67.95302916802586, 42.428084666732495, 28.310037838278923, 40.62035146775011, 23.13355055108473, 40.505197418186874, 43.112098928216525, 39.07151461931735, 62.44896760545979, 37.38878557565093, 41.271694688214886, 22.226601852365054, 59.30651252247963, 27.41233485518112], [60.76857634751852, 37.46493927268153, 34.94642266845214, 16.464949181848763, 0.0, 53.03256739904609, 38.73819268851361, 21.096182612664045, 48.83942360996784, 23.48564919934117, 30.048306938904293, 23.518983218855908, 51.445871850192944, 53.366910291867065, 47.77929029057574, 9.127425569152125, 12.132767271839652, 47.093019059048906, 37.44311536968809, 38.699622633665314, 62.24458040484462, 13.225771142113224, 58.586460768679785, 12.905822947141147, 17.75151569559974, 43.50892773907337, 43.618043386028866, 52.972200718580154, 45.40121150171062, 19.4871018291524, 29.1836615169462, 67.61658122512826, 18.225369119252267, 22.54399204837736, 41.60249554907871, 20.326277839454463, 52.002126939425295, 45.3177071034373, 16.84620727136926, 10.574164470788505, 35.65194854009233, 20.160267395467084, 31.496340024065972, 8.885335769968169, 40.83975270851867, 45.58308455544807, 44.7037525928207, 55.49141385462478, 23.621342684068765, 31.850501263512193, 42.7803243966006, 31.90826723390698, 61.16619212803408, 41.454295453393435, 22.01613009835873, 54.11335948483603, 24.643439030221057, 41.545130188751386, 48.8678537785912, 55.982630917497, 59.66944804486968, 42.82921879144962, 48.782681787531615, 23.169251074214028, 35.16183222495744, 24.71462134621155, 34.44940610385408, 5.486507494702463, 58.683784651129066, 67.11433393474492, 69.67504764423867, 30.451506553121973, 10.76421983605683, 40.51901086837676, 14.352462972345288, 42.205018441645265, 29.245035775584526, 13.739091665204382, 25.840224407173864, 49.13149160395158, 56.22197084774322, 38.398832029067734, 45.404238574064735, 70.92353153141727, 48.578472830254974, 32.330659652105595, 25.9228241718046, 35.85654967843691, 27.88276220461662, 47.07707010940791, 22.795348575021762, 67.47297580055361, 33.15232560269152, 56.84829252466399, 24.99585991380805, 60.069342647295926, 42.85126262108566], [43.13056754269351, 89.71251781657644, 66.65175330027225, 39.68453629188314, 53.03256739904609, 0.0, 25.63814235729059, 53.442576518014704, 22.645205800568075, 69.88757508812697, 27.027865504370414, 63.16415026933106, 20.680914808237045, 64.49277052441656, 34.00366322190255, 62.15473964525319, 43.65759654533764, 85.07735449864977, 68.98027303149159, 14.35064395919711, 38.940275573191414, 64.758950206228, 96.74200689589783, 65.39643507428697, 39.363000896258455, 84.67055692236939, 80.05205848959257, 44.032944699059655, 48.83968397472261, 43.04785838519837, 75.49518682004312, 23.604387060877322, 55.310452859897765, 53.57010547540476, 53.38432218130737, 32.766823922317634, 10.21857748696922, 14.413866014950935, 65.97751433047085, 51.545996691484525, 58.94471927225249, 46.911576091783694, 78.34544765634337, 47.171208468459355, 60.00550461912377, 10.878696506229442, 60.46868482785749, 2.8341670653503686, 72.3010873652881, 82.31652166701846, 85.56933538031403, 21.867118402908773, 48.43995198951143, 38.93765999430326, 32.18795149159133, 87.62464189302696, 33.51453099882717, 33.31932414007473, 47.05238748842152, 38.20986170393276, 17.684656939452125, 80.68081432126375, 57.33624150818466, 35.52089873259799, 54.570917749110194, 31.34291428242642, 22.444208015676455, 48.342482308320356, 21.32562670260141, 46.92325524470317, 52.073464799768274, 82.97826389968743, 61.82070576641185, 15.977731404081355, 48.436757561621455, 87.06378992093163, 55.890951703809606, 53.34186792862991, 78.87277676491841, 41.43375346146961, 35.89315255535038, 32.706333716220016, 62.20622261070187, 48.14078550790272, 25.35479268045808, 62.74261678654162, 68.37616451452644, 47.07174614313622, 79.84943586533677, 31.313464274099506, 71.68789235647958, 38.94029260599428, 47.0989409979822, 43.291949522032645, 59.02837542006174, 47.52221169671646, 38.85617972975702], [60.534190140904194, 75.79794876070997, 41.94354741256483, 32.93120430480626, 38.73819268851361, 25.63814235729059, 0.0, 30.836383110222513, 10.203743932475707, 60.81288253075959, 9.545580606074523, 57.13743298626553, 13.159738153108286, 72.0603827602459, 12.663226118384392, 47.16549358532165, 34.775860971299004, 81.5306827034555, 67.58508376428234, 17.588800774242547, 25.413988017462728, 51.945255371188644, 93.54086877425566, 51.53505544987279, 21.159215854716262, 79.34662881526374, 77.06614382941108, 22.35079253509042, 23.87587870069244, 22.02581774123096, 53.82975533506781, 48.657700721090215, 33.66658392779235, 49.98741943794056, 27.79015345368315, 21.717003906434922, 18.246849240428585, 11.479769502944627, 46.66685150742266, 32.796066412173154, 60.1681396301879, 24.867713285695036, 69.32775476487735, 36.99712320536811, 63.33210096493286, 27.131769239224848, 34.863536517278966, 28.40653366590555, 52.00777465581065, 62.308977280736585, 79.32972562634416, 13.612662816090563, 29.342247880206077, 48.23723926534156, 17.924806673522284, 86.54125036927233, 14.114002663791808, 43.83539853103969, 57.96604569288632, 20.541421994229697, 41.60232162996876, 76.98685110796029, 65.16462224915186, 33.36214121642773, 56.85189596775165, 29.047258378421542, 27.75648021046705, 36.03132207524905, 20.543853474891623, 65.81222157547755, 36.14775074106794, 68.67800876584991, 44.27449751916502, 26.80939007118753, 41.53370514110639, 79.59079820373636, 54.95993317334166, 33.24204655074449, 62.8558262213949, 54.01767453489178, 19.661848421445892, 7.175279873345848, 66.93106615548102, 35.182198995299515, 9.890152652047073, 61.15745914841401, 46.047027387278234, 51.620927040415864, 66.47995158671831, 10.547990564354258, 51.567222685710426, 29.613477197691402, 21.71954603843725, 58.94286837800612, 55.134931841706724, 28.203440385083443, 48.91605852451001], [74.53260596852202, 50.33268257242407, 15.929936587280295, 30.86576421043775, 21.096182612664045, 53.442576518014704, 30.836383110222513, 0.0, 40.38606593673322, 43.32845239093974, 26.41477186314226, 44.58593077904338, 43.66094150772072, 72.95055150542423, 34.62773482617967, 24.724673957474675, 28.39330153120168, 67.629500906114, 58.52682696730627, 40.30598682246811, 48.41437933722784, 31.404288909835238, 78.76563348193149, 29.575389018169403, 15.67415343595333, 63.56855607737575, 64.44592997784268, 36.426648175740034, 26.746020356116578, 10.633985163122707, 23.007415089966997, 73.41142263961333, 3.9193794525660217, 42.89599888318752, 21.455990628567736, 25.5638084976559, 48.44733010425538, 41.26456900694049, 17.930019696551998, 10.560430152180947, 55.97471562229887, 6.555468493770006, 50.38957414363774, 27.153027913344374, 60.909855631209744, 49.86413967134428, 23.69328132655375, 56.25232118823189, 21.848748331214782, 32.01714910449867, 62.44564653117251, 32.28685687784557, 44.19866714221492, 56.576388320497024, 23.24018465622468, 75.00573286395401, 19.999988288395848, 54.861692926821455, 65.40498392866732, 41.6747995114308, 65.47563299037729, 63.511819131406504, 67.6132081574343, 36.61048044376639, 54.79990117838872, 35.43634678284134, 42.41274968262376, 23.491536437373604, 50.915238261064175, 80.75775464616598, 52.91992281208671, 43.39979492050926, 18.615051193904577, 46.32036794692632, 33.72766514310951, 61.19186387244869, 49.56408678739097, 7.461853996634301, 36.190563557403266, 64.1560793920736, 42.753934855667715, 26.69448967770861, 65.40728855385821, 55.52553538141145, 38.994117858121875, 53.26889534222825, 15.237391139532201, 53.755448238637676, 42.5387440706154, 35.04955448260234, 21.564166175684672, 54.464035242015235, 14.739706320531003, 71.29920930566655, 45.940897064356236, 43.22791567819466, 57.8243433789645], [62.969718681441634, 85.98658906701787, 49.9936780106043, 41.77841176040643, 48.83942360996784, 22.645205800568075, 10.203743932475707, 40.38606593673322, 0.0, 70.55831542499587, 19.0560039830208, 66.38752912066384, 3.39645610196867, 78.27897920293012, 11.596622561166864, 57.34413299685959, 44.10443681301739, 90.56822792378406, 76.0663706282735, 20.958336878664838, 18.442036680310146, 62.018467448696825, 102.5887333498408, 61.67550292450631, 31.34454476559875, 88.67688884265392, 85.96489445445826, 21.405380895647255, 27.458557087926568, 32.10984195815797, 63.37072148013118, 46.193133784982535, 43.445253513217764, 58.65730175537341, 33.23451330117995, 30.89925696839974, 12.809191302048397, 9.674413608826212, 56.71656654310965, 42.97063758492374, 67.93819994091531, 34.71037995226835, 79.12172639662444, 46.596180045868394, 70.61978956235046, 28.177086893896615, 40.18839461660174, 24.983442339240828, 61.87966904223252, 72.17013498384681, 88.80372075716157, 20.711433922333335, 26.111778889249397, 53.38933586968436, 27.5229369182731, 95.13221329473397, 24.276693500860887, 48.41228733754078, 62.85272692071251, 15.942547165631893, 40.189945168380916, 86.01783642312395, 71.19671677501513, 41.14518144091025, 64.29258995665832, 36.58819445331325, 32.846260663431565, 45.90812215709469, 10.535176585437801, 67.63704258707813, 30.95564388783042, 78.86993271426356, 54.4612858587029, 29.82698537589691, 50.6753324311648, 89.24272442674159, 63.1468305502974, 43.3001327698221, 73.05591439526924, 58.221582431595266, 13.943077810793005, 14.100152939524566, 73.89886242888457, 28.418677284626863, 2.7416408463270847, 69.59461505520785, 55.45551699385428, 58.323987712450354, 76.63568114848849, 9.011704357389727, 61.4720991396088, 21.118151510085244, 29.378793998698885, 62.09048569736505, 63.96038275965856, 25.12646225771294, 53.84062315794633], [62.70715862051843, 23.46912045457985, 54.35774525245128, 30.362088521489426, 23.48564919934117, 69.88757508812697, 60.81288253075959, 43.32845239093974, 70.55831542499587, 0.0, 51.50851215628918, 9.420231867378137, 72.79371962732218, 43.4818433187444, 70.83484250532757, 18.998431831740717, 26.91428835404141, 24.510618647055217, 20.650989642937784, 56.40141143039845, 85.22644860138827, 12.218688042249774, 35.43759704570585, 14.648386547225211, 40.66284288987754, 20.243908173339626, 22.04694895399771, 76.43083023162049, 68.78740962866253, 42.96030106417948, 40.88138697881464, 78.7299370450311, 39.803378467989305, 18.917709735281893, 64.57158204873583, 39.90213080508275, 71.35408902404379, 65.42053068744073, 30.680115165103924, 33.432758895289695, 26.03781094101545, 43.50689873536442, 8.617944412456582, 24.016179333228877, 31.132771208312075, 60.38627478636384, 66.89810847042783, 71.88479024681938, 34.60713740725188, 36.7021901187427, 19.310581084653528, 51.36625139201211, 84.63129882732143, 44.29478680867443, 43.03547448510491, 32.57088904946922, 47.089725853562896, 47.25384823873593, 47.546693168624834, 79.13741426536319, 71.48299425862007, 20.71178885256769, 41.93347954596732, 34.60787266321211, 28.706748588939092, 38.55863050710847, 48.05953831861458, 24.84382552678083, 79.7146082620127, 68.56774349064611, 93.10656344565872, 19.2785481348322, 25.98681912882881, 54.83571355672544, 21.450828637025136, 18.863404776704698, 21.966380277133865, 35.927087672850895, 21.84688398472294, 50.622471924384485, 79.20190115177238, 61.414145513573956, 35.10351868738879, 94.15910506004849, 70.69116564672031, 19.30879646993637, 42.08474867317372, 34.44866948554778, 15.100037727291319, 69.91003966859112, 33.85742167407098, 90.17611170395038, 56.47499470099901, 58.1588791509248, 15.287271146339668, 83.52897173334667, 45.63987043198988], [54.939601317734045, 67.44494373260619, 40.11672812142953, 23.411751222965567, 30.048306938904293, 27.027865504370414, 9.545580606074523, 26.41477186314226, 19.0560039830208, 51.50851215628918, 0.0, 47.612296343573924, 21.453069943657017, 63.54783907222394, 21.499825654898554, 38.81555532141422, 25.25291674079885, 71.9874290006951, 58.09332404836421, 14.486759167371208, 34.90303849895886, 43.12962107783459, 83.99904478854401, 42.948834140963, 13.290137560875824, 69.8446828136906, 67.52122267857114, 30.21684790469466, 28.720361422041865, 16.10433668409072, 48.69776342574699, 47.83482767702046, 28.39357317767205, 40.47525654654134, 30.426807947879325, 12.172868309220965, 22.89175354777064, 15.791176885354067, 40.01680098105679, 25.62308488985444, 50.91198984705046, 19.888928019645057, 60.06670342989344, 27.5802478181022, 54.28078713868508, 24.55274357552673, 37.085434573929184, 29.83926367001535, 45.959331252443114, 56.16949252154836, 69.87301685160936, 7.068026752846374, 37.82524006420235, 40.70945434354122, 8.478985091970765, 77.02132051456014, 6.60604277427895, 36.87199742442978, 50.472996384945326, 29.726389729509297, 40.123779202494774, 67.4429697091881, 56.81019451758174, 24.279679139455247, 47.75527908582397, 20.20649847936729, 21.122577851798038, 26.869427257355955, 28.640345589167797, 60.63225743909138, 45.15547150211429, 60.37340326511324, 36.76575332342725, 22.325005837393537, 31.990508669452048, 70.22264434419762, 45.56401722535096, 26.85485908448937, 55.00642091653671, 47.11192134432067, 29.06827855262652, 13.195875347485392, 58.02533422567958, 44.57827286217884, 19.27196785976949, 51.681290009894965, 41.40769990450002, 42.96571767800929, 57.92920277632445, 19.758800313395756, 45.41376374493469, 39.15058958027852, 22.16701506322499, 52.79056186884705, 45.598002033641464, 36.66594975035532, 41.549405040966796], [53.3168967912229, 32.86865440986252, 57.54011307696838, 24.77840387998729, 23.518983218855908, 63.16415026933106, 57.13743298626553, 44.58593077904338, 66.38752912066384, 9.420231867378137, 47.612296343573924, 0.0, 68.29939537005903, 34.99037389393052, 68.13271079285778, 22.66810432852365, 22.36162244875493, 24.538027047040334, 14.33938020934689, 50.337883978820194, 82.24279082712732, 16.935430765678287, 36.48406066743778, 19.71437079675363, 38.52646424171979, 22.300723496897533, 20.474011985357034, 74.77020701680746, 68.26941853953696, 41.92264915128293, 46.69397723228151, 70.28347938135087, 41.52094323008306, 10.155337933164647, 64.97224584419045, 35.51303164239933, 65.68266178204166, 60.26872352038306, 35.25391491031212, 34.0926000999758, 17.00930710843476, 43.358062767592855, 16.11840251239228, 20.4898703840301, 22.303958024341025, 53.16753936823705, 68.22236511846434, 64.95856327804123, 40.33850459440831, 44.135053913090644, 22.664398023188433, 46.28614557198677, 82.9559555592766, 35.097916275826904, 39.232927195606074, 30.767645027070028, 44.17233625064681, 38.35144290704163, 38.1267665648508, 76.51857829717689, 63.26594683453908, 20.044692505073566, 32.841949570201955, 27.655626236191168, 19.349395523905606, 32.0058831797516, 40.87545558083314, 22.706826736760377, 74.89246234749344, 59.154715554290426, 91.1681307124662, 28.58003285136103, 29.58147653038301, 47.61959379042581, 15.725706701352296, 23.89968940309127, 12.550942441147397, 37.1660482247442, 30.25244937840632, 41.26076508753683, 76.27537044461698, 58.79548558743502, 26.52926379002772, 91.58784815021468, 66.85913863529932, 10.846470839595913, 46.444624086858596, 25.07540314538255, 24.402820436667955, 66.885635494125, 39.52183831900133, 86.74966336167135, 56.24359143555432, 48.760028810065606, 5.876038033089514, 81.81970172840985, 36.41792476426513], [62.145986544361335, 88.72841227042476, 53.39010291664434, 43.571476166764675, 51.445871850192944, 20.680914808237045, 13.159738153108286, 43.66094150772072, 3.39645610196867, 72.79371962732218, 21.453069943657017, 68.29939537005903, 0.0, 78.74554568464812, 14.4604629478297, 60.07253618139631, 46.13822124410864, 92.31183623324625, 77.53729379017219, 21.188563143886295, 18.839964295470946, 64.5712147973897, 104.32365252114796, 64.3238480944881, 34.127038782597694, 90.599925712625, 87.63677215277677, 23.818741926776166, 30.566848143597454, 35.17866001835056, 66.65950289181507, 44.00165863269263, 46.663335053408886, 60.275483261776635, 36.51065955107623, 32.95273944554601, 10.521230575166479, 9.422699243003125, 59.81501060508153, 45.940075805009315, 69.09457742732424, 37.90031639107242, 81.38478782520917, 48.78389120277978, 71.55429779466694, 27.345343089245173, 43.42793360033441, 22.81325448509675, 65.0718901297353, 75.36883533665609, 90.82051723289821, 22.180456022491796, 27.759596176722365, 53.572431588171135, 29.830214176354755, 96.62389735456877, 27.03991112157702, 48.42970107138296, 62.87792442358783, 17.531553213618725, 38.35802227101973, 87.76431461995821, 71.61502164986246, 42.46171195547036, 65.31730897198257, 37.854639552944995, 33.2609804504451, 48.298559641291305, 7.3845708212602865, 66.590580415789, 31.787982883152093, 81.62588336059494, 57.401355583231684, 29.602910172360293, 52.57399518903799, 91.38471966602248, 64.51264828026811, 46.39054696222973, 75.94288232663864, 58.02961241798836, 15.226895459273607, 17.486949508534376, 74.6860879788594, 28.603165280996336, 5.739080923046051, 71.06035647830421, 58.76643879048088, 59.06946926324512, 79.30099481403768, 12.019361694944173, 64.65041279007276, 20.478455399964357, 32.77519048088533, 61.5094681328257, 65.64115722130478, 26.848922785354, 53.937331018782174], [31.073526417564732, 65.22881879768069, 88.05017497365301, 43.1633254573954, 53.366910291867065, 64.49277052441656, 72.0603827602459, 72.95055150542423, 78.27897920293012, 43.4818433187444, 63.54783907222394, 34.99037389393052, 78.74554568464812, 0.0, 84.69470353105812, 56.16966459768923, 44.69020221240842, 36.16356278184004, 24.043942021011294, 57.558766451040505, 96.56921270368905, 51.48058329630115, 43.52091802723286, 54.20519787210192, 61.14203745605622, 40.15471624684914, 32.0180819467736, 93.76456644416292, 90.80384692775168, 66.31787696315266, 80.65757789165106, 58.883681780570996, 70.93084298592213, 30.943490992592025, 89.89144642459591, 53.04393915276914, 71.68689232742017, 69.33837625203051, 68.55334555178646, 62.81213976708747, 18.315068614738287, 69.33363041643516, 46.29636661516242, 45.852658356298306, 12.877500778167665, 53.83663730086687, 94.87082438624445, 64.87471081489203, 74.3868637682792, 79.04641554017854, 42.89863137787353, 58.49374295645714, 101.28192693724948, 25.622538209096618, 57.40498979571245, 32.42320627521366, 63.6671634592099, 31.192760511400095, 18.131688503137863, 92.51303354771628, 54.962376620657686, 34.049337576140054, 7.188730304103514, 39.618649533772384, 18.231867868517366, 43.359143513641925, 45.49026164530714, 49.63458129429037, 83.25561775674592, 34.40543059908138, 108.1647384808011, 62.48148598965508, 62.38577571893908, 49.80642651495066, 39.36258099459858, 46.80499781771856, 24.39485753851487, 66.34002554352344, 65.14360388762965, 24.24289514039653, 91.31319102518688, 76.7271021489933, 8.46415382059825, 106.56907766468099, 79.88805614529458, 24.249341175365764, 79.00881693603792, 20.615368957845448, 58.364710397571514, 82.58415281936506, 73.542299473473, 99.20317338037616, 80.5319107735148, 27.224651205851135, 30.222938771068318, 100.12845496298885, 25.636601178884682], [72.49593795039303, 83.46146819409455, 41.25743921420421, 44.676585210631984, 47.77929029057574, 34.00366322190255, 12.663226118384392, 34.62773482617967, 11.596622561166864, 70.83484250532757, 21.499825654898554, 68.13271079285778, 14.4604629478297, 84.69470353105812, 0.0, 55.35176064900483, 45.945055286873355, 92.66305383065014, 79.34470587961908, 29.492693370296422, 14.47439566401402, 60.89648223220368, 104.61387403875834, 60.04261166671779, 30.17878644790474, 90.07205742945465, 88.38319773190747, 10.266964881731681, 16.268562412838897, 28.851589519525564, 56.9037037020582, 57.60657180717045, 38.21768986026813, 61.695603064449514, 22.762705639528832, 33.39112658656273, 24.38298591479991, 20.07272425636609, 52.219236158470416, 39.87599254981293, 72.40752425607944, 30.173676806245762, 79.1457303912636, 47.67615691780416, 75.75524596010344, 38.20202682589914, 29.42999457805397, 36.4488985533574, 56.46229980668301, 66.547202021179, 89.80578194596264, 26.27588675436895, 16.692154163736138, 60.862617882924404, 29.21426364534673, 98.13364911547356, 23.967113515322644, 56.36735932170602, 70.57369334957384, 8.387445357910886, 51.31893928026001, 88.14803786395987, 77.81775820010334, 45.74672855569445, 69.24060547431665, 41.54670589981646, 40.311211336089976, 46.06813774062638, 19.64054143213085, 77.533329804016, 23.656861593374742, 76.34339606374543, 51.200970374815, 38.77161236211425, 52.84118366769111, 89.69764299856747, 66.99408997275731, 39.258287834852005, 69.79926527303654, 66.50184347829011, 8.471296017790834, 9.420902178492144, 79.44017366597937, 23.455672498481317, 8.868674741214878, 72.98364169714715, 48.826913098942725, 64.21419106481265, 74.65696751401144, 2.7037457387150203, 56.19136998468208, 20.050014631376616, 21.19802461127372, 71.15485015129914, 66.65706586013036, 15.560780039916791, 61.51542513388743], [67.42997388127547, 28.655972200420553, 35.4618841847536, 24.664334377424545, 9.127425569152125, 62.15473964525319, 47.16549358532165, 24.724673957474675, 57.34413299685959, 18.998431831740717, 38.81555532141422, 22.66810432852365, 60.07253618139631, 56.16966459768923, 55.35176064900483, 0.0, 20.17595641878627, 43.50849631880155, 36.97153572097996, 47.82541893784548, 69.80643102208195, 6.798644824830215, 54.277748358256034, 4.891180974506465, 26.006620229422065, 39.088932802299915, 40.83364146188101, 59.57407661685007, 50.976748958892095, 26.520228008683233, 24.488018078216076, 76.26062235378113, 21.03244503510086, 25.578426681157417, 46.16357509012243, 29.451902560455252, 61.033780920647054, 54.27434944904869, 12.608466370942555, 15.74729991898041, 37.8884181777935, 26.01449871754234, 25.668382842878426, 16.51187952556462, 43.309187253833144, 54.561498552619895, 48.05575582077515, 64.60342792025791, 18.234887264394686, 24.514332539501886, 37.80824099591996, 40.999686483430644, 67.67171261869682, 47.95894479272409, 30.993580704359278, 51.42180049566602, 33.06791256718441, 48.800112514319025, 54.39003953564643, 63.35299494603757, 68.37052136091557, 39.63720747762127, 52.538166462967645, 31.160408054454155, 38.487127441721256, 33.28510544971456, 43.18036903154545, 14.090535278861228, 67.37331752090171, 73.72990335875198, 76.32087635687913, 21.562514153794886, 7.070946870926834, 49.41159683421687, 19.90744568032705, 36.467189915028676, 31.825017709687135, 17.550999379903928, 16.721646621098945, 55.466157922462884, 63.82269451932288, 46.11840221266377, 47.83129313666861, 78.07689440318259, 56.90113971649908, 33.06569657985836, 23.79385484433012, 40.8885675903535, 19.37286833810641, 54.9026102465213, 17.386362523304268, 75.28559662434861, 38.64050711126103, 63.28287573367578, 26.138989640506193, 66.61857312986167, 49.38250712156867], [48.816120186999896, 46.15925560927858, 43.91904345138364, 4.490598478579541, 12.132767271839652, 43.65759654533764, 34.775860971299004, 28.39330153120168, 44.10443681301739, 26.91428835404141, 25.25291674079885, 22.36162244875493, 46.13822124410864, 44.69020221240842, 45.945055286873355, 20.17595641878627, 0.0, 46.79842595120562, 33.68041424063138, 29.74121197837795, 59.93506790884359, 21.30892894904028, 58.79350892335788, 22.35239181902929, 17.365946686423122, 44.60058549269818, 42.44380520260415, 53.119210458019666, 47.78931254097608, 21.975039090868126, 41.06650858175419, 56.14161304798958, 26.777228779301193, 16.203357013251807, 45.78154342030403, 13.206645553944533, 44.46541185562492, 38.520824762360064, 28.8658496363863, 18.76196346656697, 28.53082931778033, 24.69560131184689, 35.52989453059106, 3.7154092337759006, 33.06412388178177, 35.05817556098559, 50.33283818644421, 45.872271832101006, 35.69208288994704, 43.937612064465654, 44.702803971921846, 24.45971273585107, 61.228971170921355, 29.674340260128968, 16.881361483804177, 52.23773766047049, 22.09635032596816, 29.451729214299363, 37.67528397063455, 54.32947581216596, 48.299170054646005, 42.26431291185799, 39.22114846571044, 11.075888709495514, 26.71641791154954, 13.238020523368496, 23.225254829617956, 6.689778254596053, 52.91900347268676, 55.164770898982745, 69.2360002491036, 39.59190534523399, 22.88654867052025, 29.701173851838185, 6.918997799237589, 45.27582532051089, 22.349410964597705, 22.29500383877304, 36.43968550347714, 37.386403379931664, 53.99109394853578, 36.701868915489236, 37.443332830042486, 69.37497570113972, 44.510451229850965, 27.513435527089037, 36.98329209945892, 25.421501384785685, 36.280035546786856, 44.598963999994666, 34.87563686621758, 64.38849936488586, 36.522138445754635, 45.008759250275, 20.80063724531071, 60.0778837891576, 31.043981778200383], [64.61113034852669, 35.778003790441204, 78.82246971566306, 48.78986270232829, 47.093019059048906, 85.07735449864977, 81.5306827034555, 67.629500906114, 90.56822792378406, 24.510618647055217, 71.9874290006951, 24.538027047040334, 92.31183623324625, 36.16356278184004, 92.66305383065014, 43.50849631880155, 46.79842595120562, 0.0, 16.51372846368783, 73.33382267828101, 106.73143175638914, 36.72713580675806, 12.021003346535831, 39.088572448668096, 63.010260131550304, 5.961249152274109, 5.1250085490267026, 99.24822064665766, 92.41037953862715, 66.16076547194326, 64.24994596146156, 87.86642525856027, 64.20036042961632, 32.13322093438145, 88.6502607572266, 59.83055872230763, 88.84246485944661, 83.92570228606174, 54.95353194528626, 57.46385382767472, 27.48026166702113, 67.2428662100999, 19.739461962505718, 45.025984089966144, 29.197778199305354, 74.49670423301919, 91.2822402791305, 86.51471014473586, 58.19277855112898, 58.19892989578229, 8.906627228608412, 70.15179849874856, 107.44361863312778, 50.697708701201876, 63.67647372054718, 9.061620894434189, 68.70756741831141, 55.53666694876516, 49.029127804693935, 101.0498663144136, 81.87607610961268, 4.550411254617246, 38.90020733615483, 50.410053852015686, 32.07636905526235, 55.00313257577909, 62.68113672560808, 47.08242847388609, 98.66600047845647, 69.18420702375609, 115.69132358387579, 36.42370938291898, 50.488178910537385, 69.12549437066164, 39.99703189758395, 13.059317575292212, 29.224367152587146, 60.18120433876004, 42.50611289084286, 54.23057291609079, 100.77817657713763, 83.33274906549033, 30.36361076897792, 116.11646048597625, 91.16955544000997, 22.390455135621746, 66.30459133257659, 40.12626048456621, 33.337486551273244, 91.38606354916875, 57.51106153923045, 111.1358311553561, 80.22605259613162, 60.14388359873061, 26.695067357395313, 106.31148237551254, 51.65120074938089], [49.180339365793216, 41.23284357519699, 71.83495962229485, 34.6956816568802, 37.44311536968809, 68.98027303149159, 67.58508376428234, 58.52682696730627, 76.0663706282735, 20.650989642937784, 58.09332404836421, 14.33938020934689, 77.53729379017219, 24.043942021011294, 79.34470587961908, 36.97153572097996, 33.68041424063138, 16.51372846368783, 0.0, 57.80661508284764, 92.99119310452745, 30.976775065004986, 27.792856523103172, 33.74000730983238, 50.87126199632796, 18.102549974764223, 11.38914762350758, 86.7949791891896, 81.16170418875758, 54.88502197910114, 60.72811102334252, 71.40194620507661, 55.615266120495875, 17.649128682223033, 78.39830220192465, 45.98466550845823, 73.29921323102008, 68.80781898107122, 49.52330650191916, 47.97334316393167, 11.034959497486389, 56.762163448387135, 22.281829551087867, 32.851257191044084, 13.730538399496913, 58.28995530699688, 82.0268008624867, 70.3079127810964, 54.375084407015066, 57.30408424093073, 20.298216766786044, 55.39536543528524, 94.88889075269013, 34.25637078417575, 50.13298048077545, 19.08815002713844, 55.71613572124073, 39.02882050605546, 33.407241457641625, 87.69341016120853, 65.36277917295621, 12.589084551048389, 24.521179734682406, 35.12519495305377, 15.60034496227581, 39.753025118533394, 46.71633227202308, 35.7689355995704, 83.56917003598998, 54.20675703462504, 102.81087092457413, 38.89378653668153, 43.91555002063018, 53.00264643215153, 26.791236721676835, 23.7117484393438, 13.192530651865761, 51.1776211044734, 42.45227813739535, 38.22430434253157, 87.15521852192083, 70.24361469862951, 16.327413795355387, 102.64870671870231, 76.92531043273151, 6.476946030029441, 60.762610488075524, 23.63209956186469, 34.87457096201898, 77.80770094225169, 53.57545441509639, 96.97650473652548, 69.4272170175282, 44.619800237088064, 12.9732925353439, 93.73544859227326, 35.2529872175735], [43.04129591693964, 75.56139669121548, 54.54241379852246, 26.039361405577846, 38.699622633665314, 14.35064395919711, 17.588800774242547, 40.30598682246811, 20.958336878664838, 56.40141143039845, 14.486759167371208, 50.337883978820194, 21.188563143886295, 57.558766451040505, 29.492693370296422, 47.82541893784548, 29.74121197837795, 73.33382267828101, 57.80661508284764, 0.0, 39.3994836670435, 50.60633539119406, 85.2290696947659, 51.14747480233324, 25.485777842644453, 72.33973178087295, 68.44810326871387, 39.62557200713416, 41.18210620594193, 29.70330479963283, 61.70644840634525, 33.36739724271735, 41.777633361836514, 41.27742224639954, 44.11500721686517, 18.41647641259411, 15.513586525950306, 11.781381822908543, 51.80620466732938, 37.442709705904214, 48.65363665372598, 33.757953273230065, 