instance_id,num_cities,city_coordinates,distance_matrix,best_route,total_distance
1977,45,"[[35.933576174024104, 68.24739717829189], [36.95814731585264, 33.38413363635861], [15.79547088873362, 1.6384938460394682], [33.812972555256415, 83.57081776481874], [88.56843130940894, 15.401629850741083], [48.75354383619636, 9.017213933974244], [81.05869618739192, 5.849852242434794], [59.92952603426197, 31.68822802530841], [35.485879450937055, 59.097855045354045], [83.12216230112996, 89.89825911147736], [30.337723735994725, 65.29932580759859], [47.10651838693556, 27.00991087083846], [6.600892520385859, 60.61725888657789], [62.97508860851085, 0.24875260431873603], [62.15854088969305, 98.67963430456174], [9.932587935484582, 0.920054480248178], [64.60990697348912, 75.37085721530808], [57.982758436173484, 99.17184975420554], [0.14863845050404612, 56.18885239856242], [27.706891719928407, 45.327902208971615], [57.60558103670319, 64.27820863954105], [66.5371774520325, 56.16643558672988], [2.226357207780383, 6.7935348415275705], [91.75456318987568, 65.95062409343973], [85.92982566574172, 17.430472220169825], [57.059140888634104, 95.94419766003631], [42.25155957877264, 56.553122429387734], [19.930970957153626, 92.63828227437875], [51.39408460867894, 1.755287151334095], [4.776249351457085, 51.329985219162126], [64.1520185369702, 47.62209492417986], [99.20059941156994, 7.328557954505833], [7.1527627549599515, 64.05254916001249], [23.59744290017908, 10.689127609974026], [50.79433100282381, 93.80885947332348], [82.13083428887849, 61.5767463081697], [66.61323638067842, 1.2960297664136422], [29.068396243165772, 65.70312759353844], [32.831628624323564, 28.317861824271308], [84.13002481054139, 13.746707198344888], [57.5924494873754, 44.16278986612626], [33.31546050181677, 27.550923689528428], [33.68375765758122, 4.779022273633105], [61.45094513178216, 98.08139803068964], [0.5451611917190569, 23.78617920914714]]","[[0.0, 34.87831548138416, 69.5865596764691, 15.469459530944366, 74.58621252993467, 60.60170111485806, 77.00474056993605, 43.73074958026113, 9.160488720492358, 51.91842142366375, 6.324926032365976, 42.72428951604073, 30.308832717132088, 73.17826903283536, 40.17299877837848, 72.17355792920624, 29.54785323876021, 37.98010275854207, 37.762021530645704, 24.351213250184422, 22.03248175817098, 32.90182432875285, 70.09103941692034, 55.86821778101725, 71.2880412512329, 34.83392371577932, 13.291838706722832, 29.17188114430611, 68.26586274921817, 35.45388331513434, 34.952590497191906, 87.82836217141738, 29.084909677691037, 58.865393737315756, 29.567387249163822, 46.67637775536509, 73.64595812884833, 7.321475479912605, 40.049842349116346, 72.75453848017142, 32.390972547687156, 40.78060181133531, 63.50823801992345, 39.2581676264599, 56.8255208357973], [34.87831548138416, 0.0, 38.152909708902065, 50.28514082792772, 54.65337918459646, 27.071722421275382, 51.990336242909635, 23.033895373257653, 25.75583509353741, 72.97234173149697, 32.59462378527963, 11.984162518126498, 40.78242304732545, 42.128787193130684, 69.98972955932729, 42.24094335210808, 50.274295311409425, 69.06560551217324, 43.301214079184746, 15.107592058870848, 37.15858433201107, 37.33567069110888, 43.741938553050616, 63.743419215869174, 51.50480164982082, 65.71005671325854, 23.765989461344564, 61.652079166617106, 34.76751667139401, 36.847362804178786, 30.69570285274834, 67.47603920652442, 42.765788424325756, 26.33574986630591, 61.98860759439574, 53.24842774792268, 43.69291381232347, 33.26808594423776, 6.534161505923254, 51.09613041593583, 23.27990241013088, 6.87717278457866, 28.79190899728816, 69.17827090179384, 37.65668981287619], [69.5865596764691, 38.152909708902065, 0.0, 83.89002365618288, 74.06299805620273, 33.773955684023264, 65.39896112268391, 53.392896042762665, 60.73952896409217, 111.007520201337, 65.30067874005248, 40.30000616973797, 59.691163475666364, 47.200081662040134, 107.547743822939, 5.906737817595831, 88.42686570432394, 106.26628225979945, 56.75002188157153, 45.284062862345586, 75.31148106362383, 74.4850133612934, 14.515346835394435, 99.52805534205918, 71.89029351001594, 102.93811846791249, 60.955238177061545, 91.09370919453447, 35.59880530942072, 50.89860074867189, 66.72965808821239, 83.59899696449295, 63.00960803418223, 11.949256830290766, 98.5915640871615, 89.40343699010313, 50.818919422200715, 65.42513159838131, 31.65468916463726, 69.39899199756002, 59.62636306181427, 31.279451025174318, 18.161875517937343, 106.70358989240842, 26.890368402051877], [15.469459530944366, 50.28514082792772, 83.89002365618288, 0.0, 87.43682544696216, 76.0359159500782, 90.9544220104538, 58.08508830758631, 24.530073822757334, 49.71350628742621, 18.599053005423162, 58.102104518239784, 35.600044452234464, 88.27794489743226, 32.12082784477742, 86.031514232346, 31.86989994610051, 28.767529415353835, 43.39423254345276, 38.727313531656364, 30.631568441922155, 42.68341303936387, 83.02087353306099, 60.561531934774436, 84.20636369601445, 26.334100938044305, 28.30486905448649, 16.58097949464563, 83.6831915655769, 43.38896838657413, 47.04007211892447, 100.4411465828808, 33.04133163062877, 73.59414247044771, 19.828868670447417, 53.088180810323536, 88.57199358262064, 18.48689688504045, 55.26167004424364, 86.06516231356474, 46.026689931270354, 56.0221032312253, 78.79190144434008, 31.2156125647579, 68.41747057698203], [74.58621252993467, 54.65337918459646, 74.06299805620273, 87.43682544696216, 0.0, 40.32351709738184, 12.150414687630928, 32.94601911397886, 68.75403557658042, 74.69544576024785, 76.68504004239337, 43.05627029170453, 93.61159396269467, 29.742711366833344, 87.36537264724494, 79.9581883757982, 64.57800801401352, 89.17921914764315, 97.37380187903291, 67.82115288360187, 57.858603950560074, 46.33730174730797, 86.77011616829128, 50.64930656295412, 3.3284292245414706, 86.48664990699808, 61.95722676462066, 103.32764122545929, 39.599933354688034, 91.17004155288107, 40.42671866751984, 13.34981229809593, 94.84420401798484, 65.14166878612733, 87.03204186424857, 46.6217120583944, 26.09594869127261, 77.91338041731224, 57.21381146148353, 4.736899960375326, 42.26956085967233, 56.57292748166589, 55.90319484255675, 87.01322958541311, 88.42169841252397], [60.60170111485806, 27.071722421275382, 33.773955684023264, 76.0359159500782, 40.32351709738184, 0.0, 32.46005311947267, 25.276025360427056, 51.80831528207324, 87.88029019179145, 59.21839703097473, 18.06792284387875, 66.62890252782961, 16.707430975485423, 90.65894094195122, 39.65640690057628, 68.2219189751226, 90.62580626957732, 67.73182636682637, 41.9693655933377, 55.96549024575626, 50.39153427950947, 46.580294591829656, 71.347745989915, 38.11638552722468, 87.32286895257462, 47.97852014983487, 88.44898969325953, 7.727097525434062, 61.02764163909744, 41.56260169164475, 50.47531055121727, 68.9892245934926, 25.21159871255856, 84.81620107933456, 62.261930273296265, 19.457268634955334, 60.00664832482285, 25.020439504518997, 35.69122458904882, 36.240002217344134, 24.121210880517026, 15.654415479952135, 89.96473135887616, 50.41994141701875], [77.00474056993605, 51.990336242909635, 65.39896112268391, 90.9544220104538, 12.150414687630928, 32.46005311947267, 0.0, 33.37758970412494, 70.08731288752763, 84.07373305394894, 78.14638157707944, 40.00623024669135, 92.43069488778796, 18.931169541871114, 94.73428264350304, 71.2967473384172, 71.44041432579795, 96.13269018749581, 95.29140769085713, 66.36965774429486, 62.959681078756525, 52.37015434218987, 78.83798707377181, 61.045100933828984, 12.563385748418462, 93.23609671561883, 63.84994486615622, 106.15474732310912, 29.945861874408834, 88.81134044061054, 45.063910259073985, 18.202066453519844, 94.07253012967428, 57.664670426701484, 93.01999114743253, 55.73720662468025, 15.146240727338606, 79.28055157821262, 53.20396132152433, 8.473097291195176, 44.92823080806665, 52.443808554301604, 47.38703913018227, 94.29274595614297, 82.48721805562514], [43.73074958026113, 23.033895373257653, 53.392896042762665, 58.08508830758631, 32.94601911397886, 25.276025360427056, 33.37758970412494, 0.0, 36.72573364370693, 62.66024334504293, 44.78147672185908, 13.649768368774588, 60.66986054895456, 31.586643793551083, 67.02847918980197, 58.705828693170844, 43.932653672266284, 67.51169606616209, 64.60677298071148, 34.990554068087505, 32.67273414925261, 25.35436259657884, 62.84426339238944, 46.76264293520731, 29.652979302688777, 64.32004932043597, 30.508580296818486, 72.90263041359405, 31.126109774502837, 58.5464136776313, 16.48385747591803, 46.21266850295773, 61.90990247730758, 41.96406180430116, 62.78873019708658, 37.23199717126973, 31.11844628195245, 45.928452234096255, 27.30669171409528, 30.12577485484925, 12.691596428597789, 26.933729250368415, 37.58917014072498, 66.4105996015226, 59.90780552853895], [9.160488720492358, 25.75583509353741, 60.73952896409217, 24.530073822757334, 68.75403557658042, 51.80831528207324, 70.08731288752763, 36.72573364370693, 0.0, 56.72636366293938, 8.059885041380388, 34.12734110105376, 28.9249210545308, 64.95285581269162, 47.729949900991365, 63.54232594001362, 33.36194806598827, 45.95687778778525, 35.45677506375509, 15.815316981817963, 22.718214313720857, 31.189362410848254, 61.98336657384338, 56.6844353710884, 65.42753626129111, 42.69728999758389, 7.228422488963419, 36.97181949749671, 59.508327854352395, 31.676824059295292, 30.87783348064642, 82.09522313108343, 28.763075208984304, 49.84716456865237, 37.936822709802385, 46.71077727598268, 65.6503111569829, 9.209436256244178, 30.894223248699387, 66.50548465207662, 26.67876703829725, 31.62150528333327, 54.34871881323674, 46.83909968712153, 49.676636790662556], [51.91842142366375, 72.97234173149697, 111.007520201337, 49.71350628742621, 74.69544576024785, 87.88029019179145, 84.07373305394894, 62.66024334504293, 56.72636366293938, 0.0, 58.23490769568723, 72.47117324143385, 81.93217745811461, 91.88546454882243, 22.728527734188457, 115.21212911504252, 23.531872071056938, 26.795318809342135, 89.55964359647207, 71.11518071413813, 36.15913308707302, 37.58853070751103, 115.97640483169663, 25.455992773041874, 72.522155997274, 26.75508284571679, 52.74755261844857, 63.25056830103794, 93.67953042167115, 87.32464615989214, 46.3372464959262, 84.12057827348762, 80.24556305678755, 99.08218171288108, 32.56349906938463, 28.33885704639116, 90.12713065421659, 59.221735994645435, 79.50649726624947, 76.15822112954311, 52.37842478965208, 79.7991088818836, 98.4349548359539, 23.16474511347279, 105.78170078626901], [6.324926032365976, 32.59462378527963, 65.30067874005248, 18.599053005423162, 76.68504004239337, 59.21839703097473, 78.14638157707944, 44.78147672185908, 8.059885041380388, 58.23490769568723, 0.0, 41.80038002512431, 24.19419159243019, 72.7789437948712, 46.11734380557419, 67.53562129482384, 35.72139819157237, 43.721800307027024, 31.5338167070113, 20.14395784478696, 27.286969821559556, 37.33376666137506, 64.90898631660494, 61.4202927212247, 73.36149494620506, 40.658852732187356, 14.779565555918307, 29.25267584499609, 66.94187913368987, 29.129563147893453, 38.15614006412297, 90.01502969941687, 23.218459632393163, 55.024586622068334, 35.0894042512321, 51.92671661941285, 73.5685715626596, 1.3320090714329416, 37.06545885244325, 74.50694021610232, 34.49019030663827, 37.865667546130126, 60.612730369516626, 45.196203434174016, 51.097339690624786], [42.72428951604073, 11.984162518126498, 40.30000616973797, 58.102104518239784, 43.05627029170453, 18.06792284387875, 40.00623024669135, 13.649768368774588, 34.12734110105376, 72.47117324143385, 41.80038002512431, 0.0, 52.632305359844594, 31.11223413133141, 73.23327548655666, 45.41565491866146, 51.431019271880686, 72.97696911365566, 55.285197990082764, 26.681347819838045, 38.718940263137725, 35.037885855348364, 49.22327424324233, 59.24379335432718, 39.98768351538417, 69.64905304307226, 29.939471842738943, 71.03234130443225, 25.615995848679926, 48.819234866228484, 26.74717194048097, 55.68796037222414, 54.48357220779677, 28.618955195641355, 66.90066887772751, 49.20943828729029, 32.27562126961938, 42.69120367035096, 14.3346856760555, 39.32750436471692, 20.104129149758187, 13.801665568353842, 25.968883561271024, 72.50461272051015, 46.672823245301224], [30.308832717132088, 40.78242304732545, 59.691163475666364, 35.600044452234464, 93.61159396269467, 66.62890252782961, 92.43069488778796, 60.66986054895456, 28.9249210545308, 81.93217745811461, 24.19419159243019, 52.632305359844594, 0.0, 82.59786035566255, 67.34535406980294, 59.790102929081016, 59.855780184254996, 64.23824890171069, 7.825750226361941, 26.061995891070094, 51.1359052304765, 60.10131512249963, 54.001202109573086, 85.32052750023114, 90.32263379989637, 61.59567705200996, 35.88157280346845, 34.684822760574555, 73.9673020598924, 9.464817740843865, 59.00005417104615, 106.83815499792676, 3.479336146244454, 52.74183365779614, 55.26972366866943, 75.5360359011782, 84.38299378389591, 23.035945477396186, 41.60892412864048, 90.59588825782194, 53.580672193084155, 42.50941855398785, 62.059570189316645, 66.42356504496209, 37.325598617172226], [73.17826903283536, 42.128787193130684, 47.200081662040134, 88.27794489743226, 29.742711366833344, 16.707430975485423, 18.931169541871114, 31.586643793551083, 64.95285581269162, 91.88546454882243, 72.7789437948712, 31.11223413133141, 82.59786035566255, 0.0, 98.43426853725454, 53.04674847581724, 75.13989108503483, 99.04899045561027, 84.12168331914462, 57.23613754308105, 64.25420493423108, 56.03102486168332, 61.100266295087295, 71.72861405570579, 28.67283457079767, 95.87813432600873, 59.99705590147355, 101.92458612640418, 11.678582961364516, 77.43640756336855, 47.38795972197208, 36.91085581152364, 84.776509238234, 40.73819352634099, 94.34969238523298, 64.25002260163421, 3.785882812023289, 73.7152561712129, 41.188627947771295, 25.09434406264435, 44.2426883511818, 40.31255493507522, 29.639591970092944, 97.84451708940908, 66.7196094746033], [40.17299877837848, 69.98972955932729, 107.547743822939, 32.12082784477742, 87.36537264724494, 90.65894094195122, 94.73428264350304, 67.02847918980197, 47.729949900991365, 22.728527734188457, 46.11734380557419, 73.23327548655666, 67.34535406980294, 98.43426853725454, 0.0, 110.83539871991047, 23.4373267475901, 4.204692039613595, 75.17110181114109, 63.50845178490944, 34.701405320374015, 42.7380921821145, 109.70379170937132, 44.1260993675244, 84.65518483424268, 5.786751593684712, 46.593249593503465, 42.657538568934136, 97.5202675863087, 74.39567629028983, 51.09644097889246, 98.57552054060834, 64.99746651843705, 96.06918104432444, 12.364049248099942, 42.13688172250005, 97.4854386293657, 46.71624629173734, 76.2289105890202, 87.72883341589606, 54.70772813980574, 76.75426216190633, 98.12307689783651, 0.9265950550212653, 96.98060720543876], [72.17355792920624, 42.24094335210808, 5.906737817595831, 86.031514232346, 79.9581883757982, 39.65640690057628, 71.2967473384172, 58.705828693170844, 63.54232594001362, 115.21212911504252, 67.53562129482384, 45.41565491866146, 59.790102929081016, 53.04674847581724, 110.83539871991047, 0.0, 92.37170153828788, 109.37199897460457, 56.12811854017652, 47.83286333598671, 79.29041537097379, 79.09641066255475, 9.689363425062924, 104.51703506484645, 77.77000730728999, 106.06837313873952, 64.33936724520406, 92.2615899101247, 41.469908608485696, 50.67296068610194, 71.55995553643075, 89.4977473999993, 63.19366512970068, 16.79770969567183, 101.47912169280347, 94.29645295562712, 56.681895395121195, 67.55017188423899, 35.707224923386455, 75.29795919398279, 64.3536833972887, 35.4395531051835, 24.062620297844166, 109.97485080113644, 24.718079233369426], [29.54785323876021, 50.274295311409425, 88.42686570432394, 31.86989994610051, 64.57800801401352, 68.2219189751226, 71.44041432579795, 43.932653672266284, 33.36194806598827, 23.531872071056938, 35.72139819157237, 51.431019271880686, 59.855780184254996, 75.13989108503483, 23.4373267475901, 92.37170153828788, 0.0, 24.706402886140616, 67.25477268106732, 47.58583487044534, 13.118972301754368, 19.300885512993098, 92.70683052142424, 28.732788816544755, 61.73837660992637, 21.915209456514148, 29.223326995673535, 47.89959594529397, 74.79244692228005, 64.48278926012449, 27.752539892951006, 76.3300104286805, 58.56131418422429, 76.58817372220136, 23.039749709313373, 22.299336082260194, 74.10191219055818, 36.832919800544346, 56.77889881026201, 64.64186619897039, 31.987312754285593, 57.14970185730062, 77.06902018283685, 22.929188909433158, 82.25126538286283], [37.98010275854207, 69.06560551217324, 106.26628225979945, 28.767529415353835, 89.17921914764315, 90.62580626957732, 96.13269018749581, 67.51169606616209, 45.95687778778525, 26.795318809342135, 43.721800307027024, 72.97696911365566, 64.23824890171069, 99.04899045561027, 4.204692039613595, 109.37199897460457, 24.706402886140616, 0.0, 72.05777887356807, 61.77215224252542, 34.89567957540984, 43.84796155370288, 107.90055302938654, 47.372825868061824, 86.38687034437447, 3.3572023196580916, 45.42935764765183, 38.60862642418068, 97.63911763306898, 71.55261428607241, 51.91759810726068, 100.66827038981974, 61.78230924121787, 94.92914221967445, 8.96856475236532, 44.68245036371808, 98.25559163647243, 44.22890123094132, 75.18555005044381, 89.33719561045815, 55.01044456142674, 75.74980288914462, 97.47023811715624, 3.6355747711903605, 94.77381970114028], [37.762021530645704, 43.301214079184746, 56.75002188157153, 43.39423254345276, 97.37380187903291, 67.73182636682637, 95.29140769085713, 64.60677298071148, 35.45677506375509, 89.55964359647207, 31.5338167070113, 55.285197990082764, 7.825750226361941, 84.12168331914462, 75.17110181114109, 56.12811854017652, 67.25477268106732, 72.05777887356807, 0.0, 29.62123498915113, 58.0235980937691, 66.38854278616843, 49.438995861512524, 92.12457670990042, 94.13088820418338, 69.42112621255436, 42.10449691171436, 41.47169658545087, 74.76034227767195, 6.709945820770295, 64.57415888819258, 110.44736005623868, 10.530692476200711, 51.18663288356038, 63.08923130304545, 82.15905205917825, 86.20188370647293, 30.444602531022717, 42.95311353434355, 94.09680623777946, 58.689160894272874, 43.81973351958176, 61.38057391151508, 74.24929753193183, 32.405099291691], [24.351213250184422, 15.107592058870848, 45.284062862345586, 38.727313531656364, 67.82115288360187, 41.9693655933377, 66.36965774429486, 34.990554068087505, 15.815316981817963, 71.11518071413813, 20.14395784478696, 26.681347819838045, 26.061995891070094, 57.23613754308105, 63.50845178490944, 47.83286333598671, 47.58583487044534, 61.77215224252542, 29.62123498915113, 0.0, 35.398386074417346, 40.3145742358471, 46.19691664422966, 67.28596345930121, 64.56141755908584, 58.51122880653983, 18.372613644251473, 47.94514579852923, 49.59491798470821, 23.70315084312526, 36.51726425849524, 80.9648096599213, 27.80439930927621, 34.88168968559722, 53.69760767398575, 56.79780329650453, 58.75805855930544, 20.420663653238407, 17.765258293320844, 64.6602027994056, 29.90826056197287, 18.64073520711877, 40.98700514122949, 62.62261941243005, 34.667065567887725], [22.03248175817098, 37.15858433201107, 75.31148106362383, 30.631568441922155, 57.858603950560074, 55.96549024575626, 62.959681078756525, 32.67273414925261, 22.718214313720857, 36.15913308707302, 27.286969821559556, 38.718940263137725, 51.1359052304765, 64.25420493423108, 34.701405320374015, 79.29041537097379, 13.118972301754368, 34.89567957540984, 58.0235980937691, 35.398386074417346, 0.0, 12.065416552553692, 79.8207125598234, 34.189910142440155, 54.74461837865434, 31.670703457320744, 17.18787165081508, 47.15580580606713, 62.83071222973562, 54.392966236948304, 17.896423331044257, 70.52239549783484, 50.45332293091612, 63.469229277709104, 30.305980691784203, 24.673588020617377, 63.623051721859916, 28.572737180150668, 43.66801187603268, 57.06994616620129, 20.115423059618603, 44.03298099605265, 64.12805011839166, 34.02120571110882, 69.96782089130508], [32.90182432875285, 37.33567069110888, 74.4850133612934, 42.68341303936387, 46.33730174730797, 50.39153427950947, 52.37015434218987, 25.35436259657884, 31.189362410848254, 37.58853070751103, 37.33376666137506, 35.037885855348364, 60.10131512249963, 56.03102486168332, 42.7380921821145, 79.09641066255475, 19.300885512993098, 43.84796155370288, 66.38854278616843, 40.3145742358471, 12.065416552553692, 0.0, 81.07752418817503, 27.048972035661727, 43.319160456732796, 40.89136256787846, 24.288696181563207, 59.18052115899837, 56.47907873647639, 61.950008006475606, 8.871005602963333, 58.75404178205005, 59.90575511755609, 62.54603380068425, 40.801829497969266, 16.50556256683911, 54.87045853505165, 38.66339431181192, 43.72192907889777, 45.923214551293654, 14.96982528112751, 43.84666461954807, 60.9919129000024, 42.22243285143711, 73.50800781669614], [70.09103941692034, 43.741938553050616, 14.515346835394435, 83.02087353306099, 86.77011616829128, 46.580294591829656, 78.83798707377181, 62.84426339238944, 61.98336657384338, 115.97640483169663, 64.90898631660494, 49.22327424324233, 54.001202109573086, 61.100266295087295, 109.70379170937132, 9.689363425062924, 92.70683052142424, 107.90055302938654, 49.438995861512524, 46.19691664422966, 79.8207125598234, 81.07752418817503, 0.0, 107.30731976492184, 84.37662631730475, 104.66362714511061, 63.859481533698755, 87.65143472770144, 49.42518950451086, 44.6093864806936, 74.17384208385234, 96.97571809855631, 57.47055065283212, 21.723235180088178, 99.65196836657493, 96.88098738247129, 64.62114802196162, 64.73666023038973, 37.41629712492065, 82.19828083729715, 66.79719601454933, 37.38183429708038, 31.52183852419358, 108.81647752252867, 17.075607826628413], [55.86821778101725, 63.743419215869174, 99.52805534205918, 60.561531934774436, 50.64930656295412, 71.347745989915, 61.045100933828984, 46.76264293520731, 56.6844353710884, 25.455992773041874, 61.4202927212247, 59.24379335432718, 85.32052750023114, 71.72861405570579, 44.1260993675244, 104.51703506484645, 28.732788816544755, 47.372825868061824, 92.12457670990042, 67.28596345930121, 34.189910142440155, 27.048972035661727, 107.30731976492184, 0.0, 48.86852468645059, 45.86269490507871, 50.38710553352654, 76.62153418194505, 75.82881718986333, 88.19858365793908, 33.13360005831015, 59.093062992303274, 84.62308978808451, 87.74523371543474, 49.53606665146322, 10.571043696833689, 69.37076388017633, 62.686655525624026, 69.91521303567689, 52.75777217328182, 40.518634391344555, 69.92614471065626, 84.34561828791422, 44.166683158433685, 100.48380678130127], [71.2880412512329, 51.50480164982082, 71.89029351001594, 84.20636369601445, 3.3284292245414706, 38.11638552722468, 12.563385748418462, 29.652979302688777, 65.42753626129111, 72.522155997274, 73.36149494620506, 39.98768351538417, 90.32263379989637, 28.67283457079767, 84.65518483424268, 77.77000730728999, 61.73837660992637, 86.38687034437447, 94.13088820418338, 64.56141755908584, 54.74461837865434, 43.319160456732796, 84.37662631730475, 48.86852468645059, 0.0, 83.65358044905102, 58.63763883169999, 100.06029939988831, 37.9266243858156, 87.94930318181758, 37.22642831160768, 16.67819257724857, 91.53930139035296, 62.695866437796575, 84.07235588825043, 44.30943298366941, 25.16844959272208, 74.58868153261994, 54.20289458544409, 4.09992778648609, 38.95668999541102, 53.578866725104234, 53.75603043438993, 84.28396897565892, 85.62088494445244], [34.83392371577932, 65.71005671325854, 102.93811846791249, 26.334100938044305, 86.48664990699808, 87.32286895257462, 93.23609671561883, 64.32004932043597, 42.69728999758389, 26.75508284571679, 40.658852732187356, 69.64905304307226, 61.59567705200996, 95.87813432600873, 5.786751593684712, 106.06837313873952, 21.915209456514148, 3.3572023196580916, 69.42112621255436, 58.51122880653983, 31.670703457320744, 40.89136256787846, 104.66362714511061, 45.86269490507871, 83.65358044905102, 0.0, 42.08231543148231, 37.27505974506303, 94.35912105075678, 68.73084241596104, 48.839886631204735, 98.1256038292795, 59.2260400708197, 91.58663767991268, 6.61872435420757, 42.540704300455296, 95.12915655197668, 41.20684536062725, 71.83518392187071, 86.54051186879605, 51.784154054891154, 72.39752953462076, 94.11428023648827, 4.884216409461607, 91.65483908633624], [13.291838706722832, 23.765989461344564, 60.955238177061545, 28.30486905448649, 61.95722676462066, 47.97852014983487, 63.84994486615622, 30.508580296818486, 7.228422488963419, 52.74755261844857, 14.779565555918307, 29.939471842738943, 35.88157280346845, 59.99705590147355, 46.593249593503465, 64.33936724520406, 29.223326995673535, 45.42935764765183, 42.10449691171436, 18.372613644251473, 17.18787165081508, 24.288696181563207, 63.859481533698755, 50.38710553352654, 58.63763883169999, 42.08231543148231, 0.0, 42.430501263290545, 55.555274412814875, 37.83754800393896, 23.651497941535865, 75.27450355611346, 35.89104261187313, 49.5124437879387, 38.2226227029291, 40.19444424643232, 60.3890518733737, 16.047379538020337, 29.76516488490241, 59.88484812622405, 19.719615721815867, 30.347675338639505, 52.47823050274164, 45.75165658236648, 53.0386296431016], [29.17188114430611, 61.652079166617106, 91.09370919453447, 16.58097949464563, 103.32764122545929, 88.44898969325953, 106.15474732310912, 72.90263041359405, 36.97181949749671, 63.25056830103794, 29.25267584499609, 71.03234130443225, 34.684822760574555, 101.92458612640418, 42.657538568934136, 92.2615899101247, 47.89959594529397, 38.60862642418068, 41.47169658545087, 47.94514579852923, 47.15580580606713, 59.18052115899837, 87.65143472770144, 76.62153418194505, 100.06029939988831, 37.27505974506303, 42.430501263290545, 0.0, 96.1750816125682, 44.00046582194539, 63.102758835130246, 116.45352317055043, 31.31176683843289, 82.03113413039905, 30.885550736345305, 69.52439870337139, 102.57992492832737, 28.442839143416187, 65.6013982711048, 101.71233520890014, 61.38615747304029, 66.44929501450024, 88.92912183253628, 41.87524047212649, 71.52916689551819], [68.26586274921817, 34.76751667139401, 35.59880530942072, 83.6831915655769, 39.599933354688034, 7.727097525434062, 29.945861874408834, 31.126109774502837, 59.508327854352395, 93.67953042167115, 66.94187913368987, 25.615995848679926, 73.9673020598924, 11.678582961364516, 97.5202675863087, 41.469908608485696, 74.79244692228005, 97.63911763306898, 74.76034227767195, 49.59491798470821, 62.83071222973562, 56.47907873647639, 49.42518950451086, 75.82881718986333, 37.9266243858156, 94.35912105075678, 55.555274412814875, 96.1750816125682, 0.0, 68.05051985536767, 47.608076346244346, 48.130283658467285, 76.4083988390169, 29.197034020789605, 92.05552607870679, 67.25589012537264, 15.226079534954453, 67.73302487129624, 32.40578876414669, 34.86310278279554, 42.85809157760717, 31.50002403186138, 17.966598309212653, 96.84967775229327, 55.41636236281538], [35.45388331513434, 36.847362804178786, 50.89860074867189, 43.38896838657413, 91.17004155288107, 61.02764163909744, 88.81134044061054, 58.5464136776313, 31.676824059295292, 87.32464615989214, 29.129563147893453, 48.819234866228484, 9.464817740843865, 77.43640756336855, 74.39567629028983, 50.67296068610194, 64.48278926012449, 71.55261428607241, 6.709945820770295, 23.70315084312526, 54.392966236948304, 61.950008006475606, 44.6093864806936, 88.19858365793908, 87.94930318181758, 68.73084241596104, 37.83754800393896, 44.00046582194539, 68.05051985536767, 0.0, 59.49143145706744, 104.17333385085442, 12.942621418632884, 44.78746067605036, 62.626820107464404, 78.0303013172187, 79.54375942272095, 28.225797106945343, 36.28583923910355, 87.80389778592301, 53.30027847981619, 37.147413642337476, 54.796315456649566, 73.46914823016704, 27.866886380304724], [34.952590497191906, 30.69570285274834, 66.72965808821239, 47.04007211892447, 40.42671866751984, 41.56260169164475, 45.063910259073985, 16.48385747591803, 30.87783348064642, 46.3372464959262, 38.15614006412297, 26.74717194048097, 59.00005417104615, 47.38795972197208, 51.09644097889246, 71.55995553643075, 27.752539892951006, 51.91759810726068, 64.57415888819258, 36.51726425849524, 17.896423331044257, 8.871005602963333, 74.17384208385234, 33.13360005831015, 37.22642831160768, 48.839886631204735, 23.651497941535865, 63.102758835130246, 47.608076346244346, 59.49143145706744, 0.0, 53.40385887601987, 59.3201060863753, 54.8517791845662, 48.07956983769634, 22.75895672234901, 46.39139905495187, 39.46877621164283, 36.79157838223066, 39.32763186669775, 7.4158436877456735, 36.79327691557365, 52.57227211329688, 50.53154527159091, 67.9263069753779], [87.82836217141738, 67.47603920652442, 83.59899696449295, 100.4411465828808, 13.34981229809593, 50.47531055121727, 18.202066453519844, 46.21266850295773, 82.09522313108343, 84.12057827348762, 90.01502969941687, 55.68796037222414, 106.83815499792676, 36.91085581152364, 98.57552054060834, 89.4977473999993, 76.3300104286805, 100.66827038981974, 110.44736005623868, 80.9648096599213, 70.52239549783484, 58.75404178205005, 96.97571809855631, 59.093062992303274, 16.67819257724857, 98.1256038292795, 75.27450355611346, 116.45352317055043, 48.130283658467285, 104.17333385085442, 53.40385887601987, 0.0, 108.12222441036046, 75.6778085233387, 99.10605113738104, 56.87040373514545, 33.141026321573726, 91.24755504558239, 69.6088439804578, 16.38031924357272, 55.56976498630606, 68.91876090788695, 65.56642956273618, 98.2909679479091, 100.0187421822132], [29.084909677691037, 42.765788424325756, 63.00960803418223, 33.04133163062877, 94.84420401798484, 68.9892245934926, 94.07253012967428, 61.90990247730758, 28.763075208984304, 80.24556305678755, 23.218459632393163, 54.48357220779677, 3.479336146244454, 84.776509238234, 64.99746651843705, 63.19366512970068, 58.56131418422429, 61.78230924121787, 10.530692476200711, 27.80439930927621, 50.45332293091612, 59.90575511755609, 57.47055065283212, 84.62308978808451, 91.53930139035296, 59.2260400708197, 35.89104261187313, 31.31176683843289, 76.4083988390169, 12.942621418632884, 59.3201060863753, 108.12222441036046, 0.0, 55.839791050877636, 52.82068233746149, 75.01893634747562, 86.45188633103334, 21.977702344753634, 44.004227425554795, 91.95747174126709, 54.21959537319456, 44.909413438397046, 64.94031629175558, 64.08006839017911, 40.80491327571345], [58.865393737315756, 26.33574986630591, 11.949256830290766, 73.59414247044771, 65.14166878612733, 25.21159871255856, 57.664670426701484, 41.96406180430116, 49.84716456865237, 99.08218171288108, 55.024586622068334, 28.618955195641355, 52.74183365779614, 40.73819352634099, 96.06918104432444, 16.79770969567183, 76.58817372220136, 94.92914221967445, 51.18663288356038, 34.88168968559722, 63.469229277709104, 62.54603380068425, 21.723235180088178, 87.74523371543474, 62.695866437796575, 91.58663767991268, 49.5124437879387, 82.03113413039905, 29.197034020789605, 44.78746067605036, 54.8517791845662, 75.6778085233387, 55.839791050877636, 0.0, 87.45604923333143, 77.56099305859631, 44.02940807977855, 55.28536447083227, 19.900815460335522, 60.609753882307956, 47.70897753780175, 19.461758223095266, 11.690298989847676, 95.23810456159586, 26.513024206182205], [29.567387249163822, 61.98860759439574, 98.5915640871615, 19.828868670447417, 87.03204186424857, 84.81620107933456, 93.01999114743253, 62.78873019708658, 37.936822709802385, 32.56349906938463, 35.0894042512321, 66.90066887772751, 55.26972366866943, 94.34969238523298, 12.364049248099942, 101.47912169280347, 23.039749709313373, 8.96856475236532, 63.08923130304545, 53.69760767398575, 30.305980691784203, 40.801829497969266, 99.65196836657493, 49.53606665146322, 84.07235588825043, 6.61872435420757, 38.2226227029291, 30.885550736345305, 92.05552607870679, 62.626820107464404, 48.07956983769634, 99.10605113738104, 52.82068233746149, 87.45604923333143, 0.0, 44.95426072452082, 93.85553488065165, 35.52391315268185, 67.9097154301705, 86.72494859349159, 50.10934685637674, 68.52463037711682, 90.65916187571061, 11.481202481347296, 86.1867438651926], [46.67637775536509, 53.24842774792268, 89.40343699010313, 53.088180810323536, 46.6217120583944, 62.261930273296265, 55.73720662468025, 37.23199717126973, 46.71077727598268, 28.33885704639116, 51.92671661941285, 49.20943828729029, 75.5360359011782, 64.25002260163421, 42.13688172250005, 94.29645295562712, 22.299336082260194, 44.68245036371808, 82.15905205917825, 56.79780329650453, 24.673588020617377, 16.50556256683911, 96.88098738247129, 10.571043696833689, 44.30943298366941, 42.540704300455296, 40.19444424643232, 69.52439870337139, 67.25589012537264, 78.0303013172187, 22.75895672234901, 56.87040373514545, 75.01893634747562, 77.56099305859631, 44.95426072452082, 0.0, 62.2459687982131, 53.22263948609972, 59.46902619237498, 47.87180176251233, 30.089503279915146, 59.5037588967772, 74.65320280886927, 41.95530256037094, 89.91300804879286], [73.64595812884833, 43.69291381232347, 50.818919422200715, 88.57199358262064, 26.09594869127261, 19.457268634955334, 15.146240727338606, 31.11844628195245, 65.6503111569829, 90.12713065421659, 73.5685715626596, 32.27562126961938, 84.38299378389591, 3.785882812023289, 97.4854386293657, 56.681895395121195, 74.10191219055818, 98.25559163647243, 86.20188370647293, 58.75805855930544, 63.623051721859916, 54.87045853505165, 64.62114802196162, 69.37076388017633, 25.16844959272208, 95.12915655197668, 60.3890518733737, 102.57992492832737, 15.226079534954453, 79.54375942272095, 46.39139905495187, 33.141026321573726, 86.45188633103334, 44.02940807977855, 93.85553488065165, 62.2459687982131, 0.0, 74.551252648525, 43.259408576254, 21.490864231356152, 43.80563568333076, 42.40355331093032, 33.113166652862695, 96.92294238718692, 69.79109815105701], [7.321475479912605, 33.26808594423776, 65.42513159838131, 18.48689688504045, 77.91338041731224, 60.00664832482285, 79.28055157821262, 45.928452234096255, 9.209436256244178, 59.221735994645435, 1.3320090714329416, 42.69120367035096, 23.035945477396186, 73.7152561712129, 46.71624629173734, 67.55017188423899, 36.832919800544346, 44.22890123094132, 30.444602531022717, 20.420663653238407, 28.572737180150668, 38.66339431181192, 64.73666023038973, 62.686655525624026, 74.58868153261994, 41.20684536062725, 16.047379538020337, 28.442839143416187, 67.73302487129624, 28.225797106945343, 39.46877621164283, 91.24755504558239, 21.977702344753634, 55.28536447083227, 35.52391315268185, 53.22263948609972, 74.551252648525, 0.0, 37.574193465639844, 75.70503656147139, 35.74363947459019, 38.38786549875191, 61.09867568136475, 45.79281460038169, 50.70113903710451], [40.049842349116346, 6.534161505923254, 31.65468916463726, 55.26167004424364, 57.21381146148353, 25.020439504518997, 53.20396132152433, 27.30669171409528, 30.894223248699387, 79.50649726624947, 37.06545885244325, 14.3346856760555, 41.60892412864048, 41.188627947771295, 76.2289105890202, 35.707224923386455, 56.77889881026201, 75.18555005044381, 42.95311353434355, 17.765258293320844, 43.66801187603268, 43.72192907889777, 37.41629712492065, 69.91521303567689, 54.20289458544409, 71.83518392187071, 29.76516488490241, 65.6013982711048, 32.40578876414669, 36.28583923910355, 36.79157838223066, 69.6088439804578, 44.004227425554795, 19.900815460335522, 67.9097154301705, 59.46902619237498, 43.259408576254, 37.574193465639844, 0.0, 53.32770385466473, 29.39659834851142, 0.9068006331060269, 23.55425845319716, 75.40567791206664, 32.602946593841025], [72.75453848017142, 51.09613041593583, 69.39899199756002, 86.06516231356474, 4.736899960375326, 35.69122458904882, 8.473097291195176, 30.12577485484925, 66.50548465207662, 76.15822112954311, 74.50694021610232, 39.32750436471692, 90.59588825782194, 25.09434406264435, 87.72883341589606, 75.29795919398279, 64.64186619897039, 89.33719561045815, 94.09680623777946, 64.6602027994056, 57.06994616620129, 45.923214551293654, 82.19828083729715, 52.75777217328182, 4.09992778648609, 86.54051186879605, 59.88484812622405, 101.71233520890014, 34.86310278279554, 87.80389778592301, 39.32763186669775, 16.38031924357272, 91.95747174126709, 60.609753882307956, 86.72494859349159, 47.87180176251233, 21.490864231356152, 75.70503656147139, 53.32770385466473, 0.0, 40.36559164543509, 52.65620892944129, 51.23714709638634, 87.33086930096759, 84.18563074796559], [32.390972547687156, 23.27990241013088, 59.62636306181427, 46.026689931270354, 42.26956085967233, 36.240002217344134, 44.92823080806665, 12.691596428597789, 26.67876703829725, 52.37842478965208, 34.49019030663827, 20.104129149758187, 53.580672193084155, 44.2426883511818, 54.70772813980574, 64.3536833972887, 31.987312754285593, 55.01044456142674, 58.689160894272874, 29.90826056197287, 20.115423059618603, 14.96982528112751, 66.79719601454933, 40.518634391344555, 38.95668999541102, 51.784154054891154, 19.719615721815867, 61.38615747304029, 42.85809157760717, 53.30027847981619, 7.4158436877456735, 55.56976498630606, 54.21959537319456, 47.70897753780175, 50.10934685637674, 30.089503279915146, 43.80563568333076, 35.74363947459019, 29.39659834851142, 40.36559164543509, 0.0, 29.416428948363702, 46.07284118427668, 54.05649170119743, 60.57721819094902], [40.78060181133531, 6.87717278457866, 31.279451025174318, 56.0221032312253, 56.57292748166589, 24.121210880517026, 52.443808554301604, 26.933729250368415, 31.62150528333327, 79.7991088818836, 37.865667546130126, 13.801665568353842, 42.50941855398785, 40.31255493507522, 76.75426216190633, 35.4395531051835, 57.14970185730062, 75.74980288914462, 43.81973351958176, 18.64073520711877, 44.03298099605265, 43.84666461954807, 37.38183429708038, 69.92614471065626, 53.578866725104234, 72.39752953462076, 30.347675338639505, 66.44929501450024, 31.50002403186138, 37.147413642337476, 36.79327691557365, 68.91876090788695, 44.909413438397046, 19.461758223095266, 68.52463037711682, 59.5037588967772, 42.40355331093032, 38.38786549875191, 0.9068006331060269, 52.65620892944129, 29.416428948363702, 0.0, 22.77487951428502, 75.93519148690032, 32.98584268858311], [63.50823801992345, 28.79190899728816, 18.161875517937343, 78.79190144434008, 55.90319484255675, 15.654415479952135, 47.38703913018227, 37.58917014072498, 54.34871881323674, 98.4349548359539, 60.612730369516626, 25.968883561271024, 62.059570189316645, 29.639591970092944, 98.12307689783651, 24.062620297844166, 77.06902018283685, 97.47023811715624, 61.38057391151508, 40.98700514122949, 64.12805011839166, 60.9919129000024, 31.52183852419358, 84.34561828791422, 53.75603043438993, 94.11428023648827, 52.47823050274164, 88.92912183253628, 17.966598309212653, 54.796315456649566, 52.57227211329688, 65.56642956273618, 64.94031629175558, 11.690298989847676, 90.65916187571061, 74.65320280886927, 33.113166652862695, 61.09867568136475, 23.55425845319716, 51.23714709638634, 46.07284118427668, 22.77487951428502, 0.0, 97.34654602058767, 38.202599263643194], [39.2581676264599, 69.17827090179384, 106.70358989240842, 31.2156125647579, 87.01322958541311, 89.96473135887616, 94.29274595614297, 66.4105996015226, 46.83909968712153, 23.16474511347279, 45.196203434174016, 72.50461272051015, 66.42356504496209, 97.84451708940908, 0.9265950550212653, 109.97485080113644, 22.929188909433158, 3.6355747711903605, 74.24929753193183, 62.62261941243005, 34.02120571110882, 42.22243285143711, 108.81647752252867, 44.166683158433685, 84.28396897565892, 4.884216409461607, 45.75165658236648, 41.87524047212649, 96.84967775229327, 73.46914823016704, 50.53154527159091, 98.2909679479091, 64.08006839017911, 95.23810456159586, 11.481202481347296, 41.95530256037094, 96.92294238718692, 45.79281460038169, 75.40567791206664, 87.33086930096759, 54.05649170119743, 75.93519148690032, 97.34654602058767, 0.0, 96.0692149291048], [56.8255208357973, 37.65668981287619, 26.890368402051877, 68.41747057698203, 88.42169841252397, 50.41994141701875, 82.48721805562514, 59.90780552853895, 49.676636790662556, 105.78170078626901, 51.097339690624786, 46.672823245301224, 37.325598617172226, 66.7196094746033, 96.98060720543876, 24.718079233369426, 82.25126538286283, 94.77381970114028, 32.405099291691, 34.667065567887725, 69.96782089130508, 73.50800781669614, 17.075607826628413, 100.48380678130127, 85.62088494445244, 91.65483908633624, 53.0386296431016, 71.52916689551819, 55.41636236281538, 27.866886380304724, 67.9263069753779, 100.0187421822132, 40.80491327571345, 26.513024