instance_id,num_cities,city_coordinates,distance_matrix,best_route,total_distance
1333,57,"[[46.097448589315285, 29.77572736887599], [88.90782352424806, 83.11065680399476], [67.68152248383973, 86.42055383774824], [11.796193147079626, 48.92911400091209], [26.594559127370488, 81.81659165021433], [12.624233268131658, 64.54046201319692], [39.025880257207646, 14.36989297847646], [42.925436410777394, 75.04760458397499], [85.52560790188333, 0.7213735046756264], [29.30560411662797, 3.3843246833891505], [14.655487810481183, 43.29218149354013], [17.951707806452266, 42.564479061635794], [9.614730414504535, 94.28657019883643], [24.74650220368284, 56.29500457511318], [26.60214615535589, 62.95200180685848], [2.830388298964359, 31.112551063403092], [54.10760116185157, 91.78308832436107], [39.866765383454265, 87.4971441999685], [47.935621525818675, 27.82784715832365], [92.95489160377176, 4.575630371767914], [24.50305764396987, 8.539538591049912], [66.73867739748232, 83.68599962612059], [12.018042970019094, 90.52735825757034], [90.85413070486773, 64.78354940976108], [55.89116789666526, 23.905889932712967], [21.447281797485395, 10.62828638636818], [18.978567500243148, 52.15103211814376], [86.64210201872969, 2.3356493932919387], [26.83829351857543, 66.86185203734726], [32.0967441418634, 19.11525064660038], [83.70205322110982, 44.96413097255072], [44.46710483794703, 61.992792993211424], [51.1202412188827, 80.26183347691135], [67.90523877116831, 49.754746587494026], [59.49383684378967, 7.617271310097573], [79.30674756417197, 3.62305903921859], [23.78192062990371, 67.0922538869582], [85.60648537978162, 35.92778925875535], [70.40312299943504, 61.48816886828767], [29.40738341401693, 61.989524988784], [12.688158904253132, 3.3831667231029927], [46.81827556873232, 45.22696166586413], [21.502367544287015, 95.17713752027034], [91.88277981808727, 80.93245293476679], [67.71698356534401, 7.453633666648196], [34.19301164610691, 54.283094135437494], [27.952006767348557, 30.647143526947396], [17.543921141920983, 74.3800284532218], [54.91797184380869, 56.07158526745253], [87.65062360284152, 45.82568660787605], [19.624984569864544, 41.70828321296253], [86.04901100719896, 80.62313263265521], [0.3163251068704076, 53.39033064823063], [69.39386559451623, 34.30586828004446], [63.63571082491547, 45.597509358591246], [32.32248751679556, 27.11472934256133], [7.975783641591416, 51.05627625637046]]","[[0.0, 68.39110249088414, 60.61772522598437, 39.286490609238186, 55.57530254090854, 48.26015871118091, 16.951307086478153, 45.38286601614967, 48.97688460124246, 31.28053990107015, 34.224135193192126, 30.914962301047453, 74.1123307422896, 34.046071360781156, 38.48028069772717, 43.28770730541306, 62.52259876955792, 58.056725486376926, 2.6782675480905436, 53.20399284373956, 30.286852495891388, 57.72675100472346, 69.65749452141297, 56.82172294148508, 11.418052784872758, 31.213061673659197, 35.15804280880605, 48.95739781705578, 41.788702982554966, 17.597314822752907, 40.556058653938535, 32.258290999220044, 50.73534621692693, 29.576019366264187, 25.893249953867002, 42.27078895836323, 43.47994870606465, 39.98514541185674, 39.955534715285175, 36.2806702343286, 42.57637719089314, 15.468039075289346, 69.8731884302013, 68.65352959864649, 31.07539476548556, 27.245672037327093, 18.166354203167103, 52.96081197368553, 27.735785063797792, 44.54511808580492, 29.037514360450306, 64.66518353557082, 51.51272420825919, 23.732787909456782, 23.620318109093233, 14.029628043732458, 43.65916970510961], [68.39110249088414, 0.0, 21.482813461744016, 84.34797808972078, 62.32669993203073, 78.51138947268244, 84.93233115493724, 46.683966581213284, 82.45867683325773, 99.54251650284512, 84.25509085508855, 81.723698443427, 80.0768109699647, 69.53958842315029, 65.48563814829973, 100.56404852417519, 35.86455834034045, 49.23684245809994, 68.81068506358302, 78.63923408039315, 98.53337272022327, 22.176610637175017, 77.24665568248865, 18.43016486852753, 67.7886713921524, 99.01827463365697, 76.47613489683944, 80.80677766214703, 64.16112694981068, 85.57400744292323, 38.5000971097225, 49.20306544602417, 37.89481720280091, 39.41732249508528, 81.02119392954135, 80.06534117835258, 67.0669252300722, 47.29822220058293, 28.45972463048112, 63.13798050671806, 110.29918381104733, 56.6277706114101, 68.47697023629708, 3.6871312759614687, 78.56867599857387, 61.844474355191764, 80.424074889747, 71.8959695298257, 43.432953005943716, 37.30615973492641, 80.7110172934925, 3.789536318685323, 93.44384077423842, 52.56141110121431, 45.2318019931591, 79.60806581837305, 87.0487127524574], [60.61772522598437, 21.482813461744016, 0.0, 67.29619674333198, 41.344105089844284, 59.24562020970767, 77.53994816659693, 27.243490458929315, 87.53719720305727, 91.4752778771518, 68.35069022505097, 66.3054278518378, 58.59715483379987, 52.44963951099126, 47.31054949970226, 85.2328855310653, 14.594797572273372, 27.83558440847738, 61.830460783218044, 85.65824352521193, 89.04960618545337, 2.892532384122751, 55.81477218558004, 31.703781042361346, 63.61678759927152, 88.7810386133507, 59.551473055036, 86.19614104896016, 45.284789592378736, 76.13330603159123, 44.44426174301794, 33.69903094327522, 17.66934842092384, 36.666489745952106, 79.22749228186522, 83.60963463071066, 47.966219591727395, 53.5800669059912, 25.080489022981034, 45.4068815506533, 99.59657472335108, 46.17561161332085, 47.00204366535809, 24.815723001350904, 78.96692813322035, 46.4144015823386, 68.47705978474737, 51.56310037087179, 32.92367109271738, 45.24055973252177, 65.64006383834045, 19.260704226091924, 75.02709818183948, 52.14280937681648, 41.02303685158765, 69.04666663101531, 69.3931364008826], [39.286490609238186, 84.34797808972078, 67.29619674333198, 0.0, 36.06352481136564, 15.633292589942188, 43.99767741362069, 40.635025981387265, 88.09093508323285, 48.79454176932181, 6.3206466492617155, 8.854317513620574, 45.40988452308858, 14.898551896497988, 20.392587547965686, 19.945314524486854, 60.22224143543092, 47.701676900428296, 41.84879623004862, 92.48765239330622, 42.34125892237113, 65.013211534038, 41.59883583203429, 80.63200737315479, 50.70038008668075, 39.49806208027174, 7.8719284615097225, 88.16383055973066, 23.40615041115397, 36.06908397508019, 72.01509427475051, 35.18590882052501, 50.28041434311318, 56.11511979862551, 63.10097907900406, 81.30383492735862, 21.76137205721652, 74.94660555707567, 59.93748481443527, 21.925518415544765, 45.55468050974494, 35.217214385310704, 47.255576399787124, 86.24427556381931, 69.62291483384878, 23.027865340913895, 24.39755639697926, 26.0918650839964, 43.7092975665708, 75.9178890733394, 10.650369590285164, 80.73408064254734, 12.316242291986999, 59.425004726756825, 51.946464581946174, 29.953232522963543, 4.37268202030189], [55.57530254090854, 62.32669993203073, 41.344105089844284, 36.06352481136564, 0.0, 22.21789053551999, 68.58275954457756, 17.678142966630045, 100.24621147822258, 78.47910719732427, 40.332017081091195, 40.192377655743925, 21.06691596132102, 25.58840990028806, 18.86459136904477, 55.99674586072543, 29.26257914037826, 14.436763355217398, 58.05364309072357, 101.83250868753541, 73.30689519745509, 40.1876214507043, 16.980938671738812, 66.47869634167442, 64.89946578204272, 71.37414987409164, 30.627581537158576, 99.6138925518818, 14.95672568920456, 62.94229264640104, 67.96594544082511, 26.69102627045349, 24.574913123577367, 52.29277351086262, 81.16588946840501, 94.301661448692, 14.990565629217688, 74.75419469797251, 48.29529005331177, 20.025597440884265, 79.65670161990346, 41.80669478794357, 14.298062843081109, 65.29420695764588, 84.97589841668321, 28.56273737014214, 51.18745046722867, 11.713945540530966, 38.27559354933819, 70.87445417778882, 40.70935242926813, 59.4664291239808, 38.711728168464234, 63.94567592281334, 51.806069539465206, 55.00093547895172, 35.95630408869349], [48.26015871118091, 78.51138947268244, 59.24562020970767, 15.633292589942188, 22.21789053551999, 0.0, 56.69332377805553, 32.07121695375061, 96.88904211286788, 63.39038780830552, 21.3451498017194, 22.61251449184189, 29.897960793635406, 14.660728921478617, 14.06788024223799, 34.83309675793166, 49.62892805748927, 35.62533948019049, 50.93829826532663, 100.24368160847979, 57.246920377302224, 57.40143442385816, 25.993965513044667, 78.23027511420763, 59.35651674680587, 54.629377318155086, 13.923919586733499, 96.68548809132756, 14.402373431051926, 49.422955268048995, 73.72441404501598, 31.94462532644811, 41.5824981073093, 57.224181515130795, 73.73607922286587, 90.31881142893592, 11.445769044937169, 78.3906510078925, 57.859455510958405, 16.975906706914053, 61.15732869972901, 39.27141230617624, 31.89713395198943, 80.93586700335217, 79.33547192762711, 23.883588434276444, 37.1980870268034, 11.000927074713916, 43.13330726993145, 77.32530029122323, 23.881350622495944, 75.16548596453973, 16.607529399704404, 64.31890711666104, 54.41512930978747, 42.29310447790379, 14.262936214366366], [16.951307086478153, 84.93233115493724, 77.53994816659693, 43.99767741362069, 68.58275954457756, 56.69332377805553, 0.0, 60.802888285630765, 48.46139447906691, 14.668554087405822, 37.820824963980435, 35.200219159614036, 85.15686133843319, 44.29013005158067, 50.14549299036024, 39.88019856831224, 78.86863203521197, 73.13208570119379, 16.14001301673753, 54.81118357440395, 15.649453950172015, 74.65066487396875, 80.8045963585466, 72.30286508318314, 19.37454941599545, 17.972388369336382, 42.7704246350963, 49.11341561640771, 53.88824580880188, 8.398294273445678, 54.14764841743878, 47.932739654139176, 66.99269654014961, 45.67390078709586, 21.55307741893177, 41.68983941824737, 54.88192457342469, 51.32733838429991, 56.60974549433186, 48.581321866737795, 28.537409130409664, 31.825777487270162, 82.68545378866327, 84.99662475136093, 29.512947191132987, 40.20472914481826, 19.687040394307655, 63.73924165793108, 44.62723064185544, 57.912283828943764, 33.52286285632854, 81.24448652188542, 54.96384462422703, 36.327092433495395, 39.75937355335091, 14.400219726778804, 48.06245122600014], [45.38286601614967, 46.683966581213284, 27.243490458929315, 40.635025981387265, 17.678142966630045, 32.07121695375061, 60.802888285630765, 0.0, 85.6689164021878, 72.94604525147656, 42.515842806134195, 40.973656953004955, 38.46740089868237, 26.117688565381055, 20.316333608811586, 59.480264045682574, 20.12752405401352, 12.819770087781524, 47.4848127955069, 86.42479699874227, 69.01236759847468, 25.33164651567381, 34.56717725092718, 49.01541150858243, 52.759692668127364, 67.90552026630083, 33.13163988246541, 84.84206079256572, 18.05000585010283, 56.970946922361954, 50.6729500130587, 13.145525748697402, 9.713032934716022, 35.548828273156104, 69.43602622799507, 80.15650633301762, 20.73069707378614, 57.89673472808139, 30.641174213668005, 18.794978040358753, 77.78228978965161, 30.073658586197695, 29.396359908869474, 49.30976489107492, 71.99698406662267, 22.525988023570754, 46.85727838194764, 25.390292933196783, 22.447944565450634, 53.42530167970071, 40.67457935210083, 43.48251601500027, 47.797216241498894, 48.584635642491016, 36.00310507571635, 49.091578240644466, 42.39176881907133], [48.97688460124246, 82.45867683325773, 87.53719720305727, 88.09093508323285, 100.24621147822258, 96.88904211286788, 48.46139447906691, 85.6689164021878, 0.0, 56.28303593974244, 82.67313720063207, 79.48004439328284, 120.48612929844178, 82.35610578351874, 85.70079021268663, 88.10291152158987, 96.3292637437783, 98.0549044152548, 46.344017841450054, 8.369561059020539, 61.52134056811, 85.06513942413979, 116.05376770983955, 64.2834001664196, 37.62607920611451, 64.83963910438594, 84.10421137681162, 1.9627648248123117, 88.42377378316318, 56.506443871464725, 44.280322266611705, 73.75627105535767, 86.66264494686602, 52.10325406518786, 26.929658574958317, 6.862507037616455, 90.64974727300282, 35.20650865132105, 62.620228108718024, 83.0845443265486, 72.88606944828379, 58.983090406677746, 114.10901218421034, 80.46260558863705, 19.038656140822116, 74.18822922328268, 64.88660307817327, 100.23525918337631, 63.24929507312945, 45.15434366969424, 77.60682265744349, 79.9034734073327, 100.17305486521873, 37.25790384855372, 49.93030305555272, 59.39007704234267, 92.45311069847642], [31.28053990107015, 99.54251650284512, 91.4752778771518, 48.79454176932181, 78.47910719732427, 63.39038780830552, 14.668554087405822, 72.94604525147656, 56.28303593974244, 0.0, 42.511915305748595, 40.792100442677146, 93.01047654379387, 53.10673645458841, 59.628993307234836, 38.33786106152985, 91.81220218840032, 84.77325364955956, 30.733749196109752, 63.66043517652265, 7.045614455516258, 88.59793436563808, 88.8412520786859, 86.93725278718426, 33.584622102752405, 10.687759860034333, 49.848163850869206, 57.346087151101905, 63.52546025460786, 15.976623369802029, 68.46790464312957, 60.5377870568953, 79.91263823827337, 60.33363757497703, 30.48355675333571, 50.00171337218882, 63.94694146453352, 65.0297341035302, 71.16925436862219, 58.60528868507372, 16.61744525272015, 45.35967295998212, 92.12388935292853, 99.64745412735552, 38.6263297085612, 51.13288065513204, 27.29640117452575, 71.96337360193269, 58.58276886973956, 72.14853082947653, 39.52771422920427, 95.84178461909245, 57.8012018046453, 50.62815981960429, 54.41056135554129, 23.921406537623735, 52.22620231525516], [34.224135193192126, 84.25509085508855, 68.35069022505097, 6.3206466492617155, 40.332017081091195, 21.3451498017194, 37.820824963980435, 42.515842806134195, 82.67313720063207, 42.511915305748595, 0.0, 3.375591369114319, 51.24292062862874, 16.459100205493982, 23.005025111073657, 16.975758477075345, 62.51269705559611, 50.88896977477751, 36.69758761202293, 87.3485430053047, 36.12091942812973, 65.91144954318248, 47.30875224750342, 79.1714094472027, 45.56544318506642, 33.36253151567246, 9.857395822075555, 82.8221597571922, 26.532058428715693, 29.81143082099024, 69.06680541377733, 35.19155268319274, 51.927193347100065, 53.640476554266286, 57.2990118643375, 75.8513326450838, 25.489904314049, 71.33216896370551, 58.64207351128248, 23.816151613490277, 39.95747543291805, 32.220929389102466, 52.334772608514584, 85.91184240253075, 64.03064767815289, 22.416846306504908, 18.349234358602132, 31.22174363642686, 42.241931553263974, 73.03908883268939, 5.215805959268271, 80.56447770197036, 17.538078668742447, 55.47110804372659, 49.03444486388216, 23.9548082171434, 10.242051321395179], [30.914962301047453, 81.723698443427, 66.3054278518378, 8.854317513620574, 40.192377655743925, 22.61251449184189, 35.200219159614036, 40.973656953004955, 79.48004439328284, 40.792100442677146, 3.375591369114319, 0.0, 52.38969272327083, 15.319809456285334, 22.146809416147395, 18.968420032365383, 61.071434583476375, 49.99214083270341, 33.4096303748504, 84.07514617600236, 34.64991715315428, 63.80554721504579, 48.32852324616318, 76.2131901418275, 42.27937535275115, 32.12692702576149, 9.641392033102612, 79.60357399968106, 25.871485058646044, 27.385185158961505, 65.79412018896778, 32.87135016943565, 50.21197206486128, 50.46835843314361, 54.286792266480106, 72.66962981214148, 25.21117052912176, 67.97951588556899, 55.760711900450524, 22.551383835533667, 39.533279444229066, 28.9890936041837, 52.73233367355184, 83.2940863922453, 60.90446728860913, 20.027628158619112, 15.5572769324728, 31.818162628477122, 39.356658838559504, 69.77516992348936, 1.8796080597456497, 78.01092112552764, 20.693133777552617, 52.10086611500702, 45.78457605540544, 21.100096584263685, 13.100751220428476], [74.1123307422896, 80.0768109699647, 58.59715483379987, 45.40988452308858, 21.06691596132102, 29.897960793635406, 85.15686133843319, 38.46740089868237, 120.48612929844178, 93.01047654379387, 51.24292062862874, 52.38969272327083, 0.0, 40.89412642448109, 35.64305640463606, 63.537264590669864, 44.56324683902595, 31.004546846497547, 76.715399782187, 122.44850016112467, 87.02997022427606, 58.099203225011486, 4.46179175431255, 86.4307144203869, 84.2315191645184, 84.49093278381042, 43.163468515838204, 119.95077245788335, 32.38466137289421, 78.46125301358332, 89.00356404032809, 47.513956361877234, 43.81096514859797, 73.35439099760833, 99.9974631080684, 114.3540533176664, 30.663335080675555, 95.81489516518339, 69.07216373402079, 37.87939072977914, 90.95534468162707, 61.57068264564844, 11.920949068064548, 83.34485227398783, 104.47885282681499, 46.9507189024265, 66.22863679079703, 21.42760998948891, 59.26861528083577, 91.85890193181143, 53.522719013740506, 77.64591924787597, 41.939989874171076, 84.68311287110959, 72.72476173908787, 70.90626514376143, 43.26135065941021], [34.046071360781156, 69.53958842315029, 52.44963951099126, 14.898551896497988, 25.58840990028806, 14.660728921478617, 44.29013005158067, 26.117688565381055, 82.35610578351874, 53.10673645458841, 16.459100205493982, 15.319809456285334, 40.89412642448109, 0.0, 6.910790592894952, 33.38370880465552, 46.05950738148432, 34.672696402133454, 36.71667613399297, 85.59952133359052, 47.756086487574315, 50.135909160910415, 36.522153730357665, 66.65038589130974, 44.93378404325836, 45.785740197346634, 7.10222348756114, 82.11380692735155, 10.771901234006135, 37.89934245781253, 60.03453749605874, 20.527224876148317, 35.63682080727661, 43.65147782889171, 59.8071816792229, 75.83636476211807, 10.84024955038453, 64.1775740577494, 45.95101715808928, 7.358761879457645, 54.26846439696188, 24.691390267036116, 39.01723557677003, 71.51421979993195, 65.0533763971642, 9.658381037372834, 25.847399015252996, 19.466516448070756, 30.172296837199372, 63.769390052745585, 15.45970190432319, 65.95343357543514, 24.60224956387383, 49.768556064610095, 40.333694984383264, 30.147703330634968, 17.56989685474775], [38.48028069772717, 65.48563814829973, 47.31054949970226, 20.392587547965686, 18.86459136904477, 14.06788024223799, 50.14549299036024, 20.316333608811586, 85.70079021268663, 59.628993307234836, 23.005025111073657, 22.146809416147395, 35.64305640463606, 6.910790592894952, 0.0, 39.73470894857334, 39.84697736207953, 27.900074164139486, 41.0952967035929, 88.37696289457978, 54.45293679674544, 45.1756550115143, 31.19449228797236, 64.27808401914609, 48.81030267321829, 52.57702751157104, 13.220434853938233, 85.31786729637332, 3.916975159738532, 44.179761874864404, 59.86620819852779, 17.890691162693155, 30.012784908930108, 43.36026989025116, 64.3723210354634, 79.3580396657331, 5.00952685402345, 64.8985370494294, 43.82543073795856, 2.965757525946937, 61.17225804610705, 26.886222056254848, 32.62617221847711, 67.7115776966601, 69.06879701772768, 11.522638548279488, 32.33304798742224, 14.582566078163602, 29.13976863625678, 63.40526217082505, 22.360151240246495, 62.01772815393771, 27.970876703077042, 51.4949727507052, 40.89820680997415, 36.29094105932869, 22.100897422202202], [43.28770730541306, 100.56404852417519, 85.2328855310653, 19.945314524486854, 55.99674586072543, 34.83309675793166, 39.88019856831224, 59.480264045682574, 88.10291152158987, 38.33786106152985, 16.975758477075345, 18.968420032365383, 63.537264590669864, 33.38370880465552, 39.73470894857334, 0.0, 79.43718682405073, 67.4604741364938, 45.22467627515942, 93.95016900321347, 31.292898373512063, 82.75407488019218, 60.12098063300883, 94.2439141630974, 53.54794390234225, 27.680206337635838, 26.521338137569433, 88.61440868377527, 43.062652416676265, 31.629966829167007, 82.04932938945494, 51.83826295113568, 68.90255334013493, 67.69244875123177, 61.3414588323277, 81.2668794664149, 41.63539026220046, 82.91603443732015, 74.0861163236987, 40.73971266631836, 29.429481769113362, 46.196870165766406, 66.73015845048758, 102.04092834616638, 69.06529242426642, 38.99343803087556, 25.125929209604404, 45.700794833342194, 57.758720103029006, 86.08686702717856, 19.857693815943023, 96.83303595767855, 22.41918769634619, 66.64003139646279, 62.50680974340538, 29.761829493262574, 20.596778092811736], [62.52259876955792, 35.86455834034045, 14.594797572273372, 60.22224143543092, 29.26257914037826, 49.62892805748927, 78.86863203521197, 20.12752405401352, 96.3292637437783, 91.81220218840032, 62.51269705559611, 61.071434583476375, 44.56324683902595, 46.05950738148432, 39.84697736207953, 79.43718682405073, 0.0, 14.871809597513545, 64.25236342138406, 95.4685953454444, 88.3511039495512, 15.00356398518331, 42.10828620098774, 45.59915059578148, 67.90062718264605, 87.480273996926, 52.959879957673486, 95.18055514302038, 36.94161822953635, 75.92820595480799, 55.38814277621494, 31.311353616353504, 11.902253260989651, 44.23523835980668, 84.33798840676644, 91.69071786698345, 39.10606353164431, 64.12483248073883, 34.39950838034077, 38.70086785876369, 97.62231474432014, 47.12331903680505, 32.78140981105318, 39.30267689189174, 85.42056082859524, 42.459868579046606, 66.4960063793471, 40.49406363256631, 35.72069639894727, 56.89654758425274, 60.79915257612169, 33.834867724719906, 66.08710329255824, 59.47521083887085, 47.158165551203666, 68.2391957010553, 61.53712545239669], [58.056725486376926, 49.23684245809994, 27.83558440847738, 47.701676900428296, 14.436763355217398, 35.62533948019049, 73.13208570119379, 12.819770087781524, 98.0549044152548, 84.77325364955956, 50.88896977477751, 49.99214083270341, 31.004546846497547, 34.672696402133454, 27.900074164139486, 67.4604741364938, 14.871809597513545, 0.0, 60.21238617502398, 98.45977148635286, 80.4384671596732, 27.140826779087547, 28.013095817768054, 55.8177284624967, 65.57918187342801, 79.04491556793062, 41.05684413236242, 97.16178423151221, 24.404023475047655, 68.82191944459949, 61.07855330649056, 25.915922780680106, 13.378730867976882, 47.01749214336796, 82.25579631254595, 92.68427243048336, 25.982335911765215, 68.93127268805686, 40.11154365335557, 27.568774165809035, 88.39591538713717, 42.837971769477214, 19.905612409446025, 52.428626999678, 84.75021080372969, 33.695171807860476, 58.085144825528026, 25.891467717093715, 34.84400335973537, 63.40195173793992, 50.06345454513469, 46.69102532478209, 52.22558814149092, 60.83717186772892, 48.17200605372288, 60.85188700887905, 48.42490653519717], [2.6782675480905436, 68.81068506358302, 61.830460783218044, 41.84879623004862, 58.05364309072357, 50.93829826532663, 16.14001301673753, 47.4848127955069, 46.344017841450054, 30.733749196109752, 36.69758761202293, 33.4096303748504, 76.715399782187, 36.71667613399297, 41.0952967035929, 45.22467627515942, 64.25236342138406, 60.21238617502398, 0.0, 50.66952006720279, 30.350023022450753, 58.93800223309706, 72.25857140434339, 56.63675802029116, 8.869750083187807, 31.582543157760245, 37.8170372243744, 46.34699320387018, 44.37060722979628, 18.077039988893713, 39.659675479959084, 34.3405610308693, 52.53060749550964, 29.65762181131046, 23.282175960452637, 39.62346926765775, 46.09875163950718, 38.531844564388, 40.46981443106984, 38.862782192218155, 42.89435886965464, 17.434954764332566, 72.35083847689647, 68.93077597588142, 28.39737416634052, 29.81173290712975, 20.1815086361025, 55.594613368002406, 29.094019288166322, 43.602793658546624, 31.53028179256815, 65.11507218820812, 54.046627587736, 22.414749522697207, 23.711889395643542, 15.629411076648786, 46.22065081861907], [53.20399284373956, 78.63923408039315, 85.65824352521193, 92.48765239330622, 101.83250868753541, 100.24368160847979, 54.81118357440395, 86.42479699874227, 8.369561059020539, 63.66043517652265, 87.3485430053047, 84.07514617600236, 122.44850016112467, 85.59952133359052, 88.37696289457978, 93.95016900321347, 95.4685953454444, 98.45977148635286, 50.66952006720279, 0.0, 68.56650888612587, 83.34110876914274, 118.06131031509864, 60.24455752381209, 41.80165726057085, 71.76331169225105, 87.95405265932531, 6.698419748638465, 90.83489391050706, 62.570877173264094, 41.43484039929556, 75.15181986449414, 86.47854828394682, 51.65885837944973, 33.59901434935618, 13.681345981637111, 93.23748242574783, 32.20181580140601, 61.21780219267424, 85.64251918422755, 80.27558998730163, 61.49079667029063, 115.3867249385794, 76.36434885205463, 25.401474467468965, 76.96616457882995, 70.03641078223521, 102.75927431386529, 64.02062664051527, 41.58969101241047, 82.195554457806, 76.36042029044745, 104.71284050049307, 37.93427200687446, 50.422305750062975, 64.68616086754251, 96.86020458319155], [30.286852495891388, 98.53337272022327, 89.04960618545337, 42.34125892237113, 73.30689519745509, 57.246920377302224, 15.649453950172015, 69.01236759847468, 61.52134056811, 7.045614455516258, 36.12091942812973, 34.64991715315428, 87.02997022427606, 47.756086487574315, 54.45293679674544, 31.292898373512063, 88.3511039495512, 80.4384671596732, 30.350023022450753, 68.56650888612587, 0.0, 86.20230960977024, 82.93297393123342, 86.9819156451955, 34.94764968908198, 3.7014366638380887, 43.960008632982344, 62.447970959723165, 58.369046354366645, 13.019591395670064, 69.50735218306566, 57.05973700031877, 76.50203948363124, 59.85351031299912, 35.00293139078579, 55.02377849669393, 58.55715590016944, 66.96077326093716, 70.07405688178467, 53.67451403763901, 12.891082307948956, 42.941075474422504, 86.6895477511262, 98.8977300418871, 43.227567396776465, 46.758615060820645, 22.37501834764328, 66.20724798800286, 56.43015565308387, 73.33397521246692, 33.52553081921252, 94.78369535602484, 50.956761857261405, 51.75991097456407, 53.89487677310451, 20.153937456265812, 45.61604726027215], [57.72675100472346, 22.176610637175017, 2.892532384122751, 65.013211534038, 40.1876214507043, 57.40143442385816, 74.65066487396875, 25.33164651567381, 85.06513942413979, 88.59793436563808, 65.91144954318248, 63.80554721504579, 58.099203225011486, 50.135909160910415, 45.1756550115143, 82.75407488019218, 15.00356398518331, 27.140826779087547, 58.93800223309706, 83.34110876914274, 86.20230960977024, 0.0, 55.14664105880054, 30.640785114005084, 60.756316357446856, 85.95778021341242, 57.23182919604718, 83.74978086334053, 43.302339148976245, 73.2764980294703, 42.27456955851765, 31.090483403973305, 15.98938593199814, 33.95130039055766, 76.41295140396915, 81.04338864544495, 46.05035667228736, 51.35017853474738, 22.49826330904374, 43.17826446452554, 96.79877851314487, 43.311892245055674, 46.67301125100735, 25.294424403795734, 76.23864310660966, 43.86058835098194, 65.70788441944606, 50.06720625833755, 30.03805852845459, 43.251737490363254, 63.101733154634054, 19.55172980424524, 73.00518093009592, 49.45146505531862, 38.21467640069905, 66.21769210263221, 67.2144071591243], [69.65749452141297, 77.24665568248865, 55.81477218558004, 41.59883583203429, 16.980938671738812, 25.993965513044667, 80.8045963585466, 34.56717725092718, 116.05376770983955, 88.8412520786859, 47.30875224750342, 48.32852324616318, 4.46179175431255, 36.522153730357665, 31.19449228797236, 60.12098063300883, 42.10828620098774, 28.013095817768054, 72.25857140434339, 118.06131031509864, 82.93297393123342, 55.14664105880054, 0.0, 82.93293931442014, 79.7701142821613, 80.453540821675, 39.00245261128442, 115.52717299971937, 27.923037280736523, 74.18115228404704, 84.93883096855546, 43.21068190777106, 40.42725450628271, 69.17936482011694, 95.54074273095351, 109.90963100926135, 26.221993334951033, 91.6317182592976, 65.20806767899147, 33.418514161379285, 87.14676800410469, 57.12426910071069, 10.562805490109968, 80.43903529981412, 100.01807687038337, 42.48971543256558, 61.96395176616901, 17.06668067847713, 55.02366935894714, 87.85514612962332, 49.408173905888376, 74.69054768678009, 38.936987821422356, 80.32957710041053, 68.43299611198896, 66.58402191416315, 39.67752732748988], [56.82172294148508, 18.43016486852753, 31.703781042361346, 80.63200737315479, 66.47869634167442, 78.23027511420763, 72.30286508318314, 49.01541150858243, 64.2834001664196, 86.93725278718426, 79.1714094472027, 76.2131901418275, 86.4307144203869, 66.65038589130974, 64.27808401914609, 94.2439141630974, 45.59915059578148, 55.8177284624967, 56.63675802029116, 60.24455752381209, 86.9819156451955, 30.640785114005084, 82.93293931442014, 0.0, 53.79025759976662, 88.03467037698879, 72.97723671875357, 62.58978672371217, 64.04956481096274, 74.41790098918153, 21.070395333806882, 46.47089939042371, 42.64222380866023, 27.432035200750164, 65.20315469991645, 62.24104465514091, 67.11193247629765, 29.32904150070828, 20.714807483556022, 61.51023756327637, 99.39781758973653, 48.18315744900332, 75.7194641536281, 16.181631687134306, 61.82270470359893, 57.6258793768836, 71.5679495475958, 73.9356425291263, 36.977098762668525, 19.226622682307685, 74.87362131735551, 16.55238870930458, 91.25184752238633, 37.2750858570608, 33.30084854183859, 69.60526746986082, 84.00749038132659], [11.418052784872758, 67.7886713921524, 63.61678759927152, 50.70038008668075, 64.89946578204272, 59.35651674680587, 19.37454941599545, 52.759692668127364, 37.62607920611451, 33.584622102752405, 45.56544318506642, 42.27937535275115, 84.2315191645184, 44.93378404325836, 48.81030267321829, 53.54794390234225, 67.90062718264605, 65.57918187342801, 8.869750083187807, 41.80165726057085, 34.94764968908198, 60.756316357446856, 79.7701142821613, 53.79025759976662, 0.0, 36.914442235352595, 46.47933008447028, 37.56188528692388, 51.858308784261816, 24.27189375785755, 34.88402009833891, 39.7633172850226, 56.55752924343188, 28.504408243936616, 16.68227562940942, 30.978744329288812, 53.815107466459324, 32.05504884613185, 40.28677861155131, 46.387003563577665, 47.82972040412432, 23.171220836296953, 79.13393913083458, 67.43459806753104, 20.261457313674043, 37.33074496775639, 28.74093291164537, 63.38887909607456, 32.18041433736648, 38.589383423851984, 40.400015589078585, 64.23660265427894, 62.91180648667854, 17.04354407816971, 23.03267892548868, 23.786116648302446, 55.072929156121944], [31.213061673659197, 99.01827463365697, 88.7810386133507, 39.49806208027174, 71.37414987409164, 54.629377318155086, 17.972388369336382, 67.90552026630083, 64.83963910438594, 10.687759860034333, 33.36253151567246, 32.12692702576149, 84.49093278381042, 45.785740197346634, 52.57702751157104, 27.680206337635838, 87.480273996926, 79.04491556793062, 31.582543157760245, 71.76331169225105, 3.7014366638380887, 85.95778021341242, 80.453540821675, 88.03467037698879, 36.914442235352595, 0.0, 41.596069085757314, 65.72010660352964, 56.49138795604074, 13.617621326016659, 71.09575787945583, 56.2869859894684, 75.69224135428138, 60.738963228218324, 38.165515359824376, 58.28199541017473, 56.51221252424578, 68.9671534130883, 70.59321521127347, 51.974417250410774, 11.367233295475966, 42.904028435994846, 84.54886907878928, 99.5180145273969, 46.3784833902253, 45.47742152961449, 21.04913509264646, 63.87112681772603, 56.439175271903174, 74.9782598394349, 31.133373892447143, 95.25052187744969, 47.698110655602804, 53.474318902978524, 54.7969898724698, 19.750263309260646, 42.61342074386028], [35.15804280880605, 76.47613489683944, 59.551473055036, 7.8719284615097225, 30.627581537158576, 13.923919586733499, 42.7704246350963, 33.13163988246541, 84.10421137681162, 49.848163850869206, 9.857395822075555, 9.641392033102612, 43.163468515838204, 7.10222348756114, 13.220434853938233, 26.521338137569433, 52.959879957673486, 41.05684413236242, 37.8170372243744, 87.95405265932531, 43.960008632982344, 57.23182919604718, 39.00245261128442, 72.97723671875357, 46.47933008447028, 41.596069085757314, 0.0, 84.02336734241187, 16.678834365101295, 35.545033631104076, 65.12128033090073, 27.322624192005016, 42.70016794425491, 48.98531765741216, 60.2058377708374, 77.4238560197999, 15.694340038151159, 68.5745802016842, 52.26535210806826, 14.337229276572934, 49.17188155331581, 28.687838834022212, 43.100061632638315, 78.37980835590781, 66.13085988301256, 15.363105126021717, 23.301069435178604, 22.27524384239957, 36.15261431164906, 68.96275288286193, 10.462736722510117, 72.86360476896675, 18.703346010692155, 53.480390372014135, 45.1354529220689, 28.370348219202114, 11.057112780337103], [48.95739781705578, 80.80677766214703, 86.19614104896016, 88.16383055973066, 99.6138925518818, 96.68548809132756, 49.11341561640771, 84.84206079256572, 1.9627648248123117, 57.346087151101905, 82.8221597571922, 79.60357399968106, 119.95077245788335, 82.11380692735155, 85.31786729637332, 88.61440868377527, 95.18055514302038, 97.16178423151221, 46.34699320387018, 6.698419748638465, 62.447970959723165, 83.74978086334053, 115.52717299971937, 62.58978672371217, 37.56188528692388, 65.72010660352964, 84.02336734241187, 0.0, 87.97798780822856, 57.06795146258055, 42.72974758509101, 73.05960012004199, 85.64048552243176, 50.98667299472481, 27.657256409140487, 7.447472629719744, 90.24865777276258, 33.608099657132094, 61.34105476619098, 82.6704172441575, 73.96136149866015, 58.52864103652853, 113.41396265466068, 78.77132873535822, 19.604945077632866, 73.82035014922252, 65.16185986216321, 99.82460195069666, 62.40169260226226, 43.50172930713825, 77.72707588127096, 78.28972977920887, 100.29317143993147, 36.32625160145802, 48.998801652897384, 59.70446652279055, 92.53155747605577], [41.788702982554966, 64.16112694981068, 45.284789592378736, 23.40615041115397, 14.95672568920456, 14.402373431051926, 53.88824580880188, 18.05000585010283, 88.42377378316318, 63.52546025460786, 26.532058428715693, 25.871485058646044, 32.38466137289421, 10.771901234006135, 3.916975159738532, 43.062652416676265, 36.94161822953635, 24.404023475047655, 44.37060722979628, 90.83489391050706, 58.369046354366645, 43.302339148976245, 27.923037280736523, 64.04956481096274, 51.858308784261816, 56.49138795604074, 16.678834365101295, 87.97798780822856, 0.0, 48.03529168563911, 60.93436924543659, 18.28886886904943, 27.733959088112886, 44.48760556887569, 67.64839137342845, 82.17106309276426, 3.0650449012880157, 66.4124733361543, 43.89499787558725, 5.508157020185683, 65.03668041058286, 29.449417041949825, 28.813668596388762, 66.54898201762254, 72.11382467960247, 14.571102535165195, 36.2318295107178, 11.95442740143288, 30.08152575608606, 64.34795836896315, 26.16741963955583, 60.78883046366649, 29.747213263916098, 53.58048892196073, 42.499672821993556, 40.12368560245283, 24.609154894622446], [17.597314822752907, 85.57400744292323, 76.13330603159123, 36.06908397508019, 62.94229264640104, 49.422955268048995, 8.398294273445678, 56.970946922361954, 56.506443871464725, 15.976623369802029, 29.81143082099024, 27.385185158961505, 78.46125301358332, 37.89934245781253, 44.179761874864404, 31.629966829167007, 75.92820595480799, 68.82191944459949, 18.077039988893713, 62.570877173264094, 13.019591395670064, 73.2764980294703, 74.18115228404704, 74.41790098918153, 24.27189375785755, 13.617621326016659, 35.545033631104076, 57.06795146258055, 48.03529168563911, 0.0, 57.717177159575776, 44.626331480826806, 64.0374736608452, 47.12777311871416, 29.7120214280447, 49.68694420000307, 48.69218756597759, 56.08880335623294, 57.12129952829864, 42.9585388659031, 24.983827679151727, 29.975739188647697, 76.79616820046583, 85.9984683620284, 37.48059187330413, 35.230264732253865, 12.254117728645273, 57.14875609567446, 43.434768359373464, 61.64155183320984, 25.806780259583828, 81.81727596491363, 46.74158900976622, 40.27195218436074, 41.18272023462613, 8.002663274089374, 40.0256149541724], [40.556058653938535, 38.5000971097225, 44.44426174301794, 72.01509427475051, 67.96594544082511, 73.72441404501598, 54.14764841743878, 50.6729500130587, 44.280322266611705, 68.46790464312957, 69.06680541377733, 65.79412018896778, 89.00356404032809, 60.03453749605874, 59.86620819852779, 82.04932938945494, 55.38814277621494, 61.07855330649056, 39.659675479959084, 41.43484039929556, 69.50735218306566, 42.27456955851765, 84.93883096855546, 21.070395333806882, 34.88402009833891, 71.09575787945583, 65.12128033090073, 42.72974758509101, 60.93436924543659, 57.717177159575776, 0.0, 42.77097736600533, 48.03646818235931, 16.507251277424096, 44.50646769648341, 41.57406571908564, 63.87547348914798, 9.234843442931863, 21.21097294846999, 56.90145174658759, 82.2918572761579, 36.88471409518271, 79.93839456016671, 36.88691465048451, 40.77450011999909, 50.37845047345747, 57.55904628391702, 72.40299347955681, 30.852858565267926, 4.0414707931951765, 64.15973247738815, 35.736152706258395, 83.81038416638052, 17.841602976758473, 20.07633595408311, 54.39173568211088, 75.9709295624916], [32.258290999220044, 49.20306544602417, 33.69903094327522, 35.18590882052501, 26.69102627045349, 31.94462532644811, 47.932739654139176, 13.145525748697402, 73.75627105535767, 60.5377870568953, 35.19155268319274, 32.87135016943565, 47.513956361877234, 20.527224876148317, 17.890691162693155, 51.83826295113568, 31.311353616353504, 25.915922780680106, 34.3405610308693, 75.15181986449414, 57.05973700031877, 31.090483403973305, 43.21068190777106, 46.47089939042371, 39.7633172850226, 56.2869859894684, 27.322624192005016, 73.05960012004199, 18.28886886904943, 44.626331480826806, 42.77097736600533, 0.0, 19.442789509182997, 26.440799951970273, 56.41365112351974, 67.97666178293034, 21.304491243105, 48.701468674395095, 25.940926806505793, 15.059721778513449, 66.670755929256, 16.92988788806238, 40.35566726814666, 51.058368094995494, 59.28808278977248, 12.845094292848776, 35.4301877604873, 29.636150604822166, 12.011716035013256, 46.110645428065155, 32.071674051082645, 45.56472841737896, 44.98103721857533, 37.25465342595222, 25.22381376682135, 36.93197874330607, 38.09493300940159], [50.73534621692693, 37.89481720280091, 17.66934842092384, 50.28041434311318, 24.574913123577367, 41.5824981073093, 66.99269654014961, 9.713032934716022, 86.66264494686602, 79.91263823827337, 51.927193347100065, 50.21197206486128, 43.81096514859797, 35.63682080727661, 30.012784908930108, 68.90255334013493, 11.902253260989651, 13.378730867976882, 52.53060749550964, 86.47854828394682, 76.50203948363124, 15.98938593199814, 40.42725450628271, 42.64222380866023, 56.55752924343188, 75.69224135428138, 42.70016794425491, 85.64048552243176, 27.733959088112886, 64.0374736608452, 48.03646818235931, 19.442789509182997, 0.0, 34.819800305410894, 73.12557361209231, 81.65770562086949, 30.345042415556165, 56.167682105126495, 26.912450884299755, 28.378256668435625, 85.94971991159471, 35.29800491913934, 33.161494774966776, 40.76805469370469, 74.67587171319813, 31.006870186810158, 54.757506758729505, 34.08760625575346, 24.48654459769133, 50.2027593694213, 49.78280254608362, 34.930638356679594, 57.472737507344966, 49.45579930602061, 36.85447525117512, 56.37348864592092, 52.09998840883724], [29.576019366264187, 39.41732249508528, 36.666489745952106, 56.11511979862551, 52.29277351086262, 57.224181515130795, 45.67390078709586, 35.548828273156104, 52.10325406518786, 60.33363757497703, 53.640476554266286, 50.46835843314361, 73.35439099760833, 43.65147782889171, 43.36026989025116, 67.69244875123177, 44.23523835980668, 47.01749214336796, 29.65762181131046, 51.65885837944973, 59.85351031299912, 33.95130039055766, 69.17936482011694, 27.432035200750164, 28.504408243936616, 60.738963228218324, 48.98531765741216, 50.98667299472481, 44.48760556887569, 47.12777311871416, 16.507251277424096, 26.440799951970273, 34.819800305410894, 0.0, 42.968808514282856, 47.519753774705634, 47.40734503380487, 22.46149773433874, 11.996358782449299, 40.39523077825922, 72.10582034862988, 21.56758802920319, 64.93396689059193, 39.33156299631958, 42.30153182054605, 34.014999474447905, 44.28725823835179, 56.05949357887992, 14.442006548645137, 20.132504426283035, 48.946179815999805, 35.8057778575757, 67.68662143867574, 15.520433330856996, 5.959151807196163, 42.1746673689481, 59.9435865761045], [25.893249953867002, 81.02119392954135, 79.22749228186522, 63.10097907900406, 81.16588946840501, 73.73607922286587, 21.55307741893177, 69.43602622799507, 26.929658574958317, 30.48355675333571, 57.2990118643375, 54.286792266480106, 99.9974631080684, 59.8071816792229, 64.3723210354634, 61.3414588323277, 84.33798840676644, 82.25579631254595, 23.282175960452637, 33.59901434935618, 35.00293139078579, 76.41295140396915, 95.54074273095351, 65.20315469991645, 16.68227562940942, 38.165515359824376, 60.2058377708374, 27.657256409140487, 67.64839137342845, 29.7120214280447, 44.50646769648341, 56.41365112351974, 73.12557361209231, 42.968808514282856, 0.0, 20.211510653058074, 69.37300996919109, 38.51435888192242, 54.96440783043849, 62.14126366659527, 46.996799136039314, 39.68826857264466, 95.44674908177022, 80.1508545409875, 8.224774725338287,