instance_id,num_cities,city_coordinates,distance_matrix,best_route,total_distance
2185,47,"[[30.03256665779762, 65.77200898040844], [59.0461543365395, 38.39418764219249], [29.509646192009985, 93.71204385375766], [68.27043764838925, 74.82517105032545], [99.10958118734723, 17.278623037300367], [0.8644428149790273, 0.7753774849057704], [42.89285611216255, 48.218820079510884], [51.23089502431186, 21.252839631492947], [87.63714286247468, 66.04968624093506], [50.47776825337503, 71.08277962776401], [65.74570925904636, 32.87643322416901], [76.91207682115915, 75.03676060988346], [10.935743299794442, 24.774946853923762], [62.26682649103766, 11.813840630808192], [24.64215417795127, 27.737551186967437], [41.33986569191316, 19.038942071804133], [60.30748251616789, 47.21606911030768], [79.88002329132861, 86.10575789766139], [7.419518791753388, 54.42286890841322], [56.28495059375259, 91.810135060381], [1.3179249154971928, 9.565901845185431], [47.834130990647594, 60.486087725977185], [48.215444392174604, 77.99315263298448], [89.41841674496413, 76.2302675696114], [32.474046212499296, 98.00910322644204], [34.48878281841129, 43.14817604798421], [65.64013353347481, 41.47463151923837], [19.488409566133424, 90.03775663179368], [78.05755378551682, 40.59765713712768], [63.69559752224638, 8.677528585949245], [78.18789907718705, 7.385310602108419], [88.33694278887019, 58.614526271813816], [47.58519915739902, 46.75045775005915], [94.54078474140861, 94.20499543035062], [42.998372789669425, 7.0654705660396555], [61.67467200414492, 90.10469365553747], [44.68238181449108, 47.25560705860607], [39.29153712939781, 31.210687528252922], [53.42662689712915, 12.635273134129276], [16.738835100566128, 33.43124823637963], [85.29475350282321, 70.7525445429242], [53.7978141020074, 25.93501512821471], [8.326364970859768, 80.5746281052025], [94.03553948000197, 48.6121565670391], [20.775674151373824, 21.50504677541746], [99.11983545663593, 45.55175342761601], [3.1869749763293265, 34.3649921589911]]","[[0.0, 39.89152004147392, 27.9449278857096, 39.29496814297364, 84.39930341266356, 71.24143144457564, 21.760089279243388, 49.30847356238053, 57.60524545891164, 21.123696484105583, 48.55458226358884, 47.78623333045383, 45.226626729943284, 62.85325320650185, 38.41453535244086, 48.081540679672464, 35.509061304041744, 53.835214106211545, 25.30124333240909, 36.975284611174175, 63.116219228379244, 18.56977803326266, 21.908295115782096, 60.299704504201785, 32.32941490104141, 23.058527251851057, 43.10755583765332, 26.457621923642357, 54.22312587214876, 66.27955445304468, 75.68317242254372, 58.742061887181116, 25.882703082847936, 70.49641777271603, 60.1212922453189, 39.916191880596514, 23.610892068175065, 35.78007091542986, 58.05854589015058, 34.96638534676193, 55.48616971267709, 46.387207991689266, 26.273117908381995, 66.26342177195838, 45.224484538063955, 71.98548079094263, 41.31690330057314], [39.89152004147392, 0.0, 62.70941340193877, 37.58063270756532, 45.28736291299588, 69.28409942568396, 18.906412828827904, 18.838898315487402, 39.77777303514123, 33.79291769097982, 8.67926552061311, 40.76603169207171, 50.000953688638816, 26.774756327039952, 36.01665069729514, 26.23238816152395, 8.91159589603337, 52.06192497274635, 54.05763702575491, 53.48726656590202, 64.52610738361965, 24.77421072043974, 41.05340797352802, 48.518483777630934, 65.26879108940875, 25.013294497962015, 7.2780283133033405, 65.05285073925883, 19.13866732099403, 30.078183911302222, 36.44114222967169, 35.592307911341535, 14.183819786428934, 66.14162874880684, 35.19971315527577, 51.777268538279436, 16.877283997691833, 21.020170667424857, 26.36476370605273, 42.597418096409704, 41.665959961428484, 13.519469477404352, 65.96731456526369, 36.45084308581467, 41.83148016531246, 40.707869834810054, 56.00430639725825], [27.9449278857096, 62.70941340193877, 0.0, 43.117431725671594, 103.37416877083375, 97.25107522421925, 47.420920669474164, 75.64488698754623, 64.3740001699022, 30.850376694460955, 70.80977183463563, 50.948568515614134, 71.39547052449448, 88.20628408617233, 66.15380685302459, 75.60440610939207, 55.770802303653106, 50.94144162833901, 45.073417847390374, 26.842767794404146, 88.7431482620455, 37.94404964866947, 24.433387557106816, 62.407317609519524, 5.220381857091648, 50.80842970437193, 63.51503257448852, 10.673592183576138, 71.95858119773762, 91.64904830484839, 99.10538420214439, 68.50172673232274, 50.320136967020204, 65.03300686795858, 87.69021842674526, 32.36667825013721, 48.87138657713347, 63.26219196991725, 84.5308506781532, 61.61873040072676, 60.32509267529649, 71.99750497959845, 24.926353440580122, 78.72477842387394, 72.73329838992623, 84.64627589792333, 64.92268913708148], [39.29496814297364, 37.58063270756532, 43.117431725671594, 0.0, 65.28903401362173, 100.13460973391265, 36.768458719532966, 56.21690765674486, 21.262135463991505, 18.181984978542275, 42.02464584797309, 8.64422915788708, 76.10710951124646, 63.29669113126102, 64.19245331791737, 61.94642079690277, 28.734494329499928, 16.187467943475053, 64.18012354605402, 20.787998998454498, 93.49551421558688, 24.96501432789211, 20.303666216102, 21.194605825484885, 42.64828661245642, 46.310173994815926, 33.45410268937934, 51.09901196590293, 35.59930267518971, 66.30565410109995, 68.16517306122445, 25.79631044719447, 34.8721754171043, 32.6451945834043, 72.3191141534758, 16.642353663979716, 36.283291426173115, 52.364108396751476, 63.9368604206222, 66.09813088941105, 17.504674146647776, 50.987294284003596, 60.21916726088806, 36.75544314376244, 71.40579957068657, 42.52785351325658, 76.63473878929969], [84.39930341266356, 45.28736291299588, 103.37416877083375, 65.28903401362173, 0.0, 99.62160572671175, 64.1686525586264, 48.04334486935719, 50.10222996165874, 72.52544722823843, 36.829874187589155, 61.87674567994324, 88.49192369128448, 37.245837624662805, 75.1983168923322, 57.79652888821812, 49.008708804274356, 71.46293018035753, 98.92806752101032, 85.95868350506804, 98.09533171654483, 67.05264198894388, 79.22415833665225, 59.74290804198661, 104.67905689751687, 69.60661861354318, 41.29952484851759, 107.85834456246818, 31.416002436279634, 36.443505111241606, 23.142912808437057, 42.716585002518656, 59.35782159837256, 77.06192750326626, 57.03311486539068, 81.88411926159469, 62.1364595272876, 61.41905906067626, 45.91832979329098, 83.93954438591442, 55.229609315499516, 46.1312189349873, 110.6705769577687, 31.7417110866308, 78.4478403089253, 28.27313224985567, 97.43249145986506], [71.24143144457564, 69.28409942568396, 97.25107522421925, 100.13460973391265, 99.62160572671175, 0.0, 63.381919894449894, 54.370083355830154, 108.58285710511625, 86.05006018088412, 72.38823464459776, 106.29203009432383, 26.027109392972356, 62.38670042345049, 35.94910803345425, 44.40515340010043, 75.43349923981248, 116.29589751749657, 54.04648329999455, 106.57748246830869, 8.802213616140007, 75.97052405250822, 90.57981093589684, 116.34107931632528, 102.24267430250843, 54.092978275684146, 76.50045350852085, 91.18456266556787, 86.85960130008385, 63.32612410271362, 77.60546439618469, 104.8656539772507, 65.5479753966137, 132.30400805020662, 42.60086062606532, 108.06299413560392, 63.878192831269445, 49.01989060456892, 53.88358117549636, 36.30980893606676, 109.65984348115637, 58.60843934241047, 80.14736852711606, 104.73399966923768, 28.743283080146107, 107.97706249814858, 33.66981392277117], [21.760089279243388, 18.906412828827904, 47.420920669474164, 36.768458719532966, 64.1686525586264, 63.381919894449894, 0.0, 28.2256442694122, 48.16628473175795, 24.08924113404297, 27.52529257559317, 43.318694716461884, 39.634230800153325, 41.23921988716561, 27.433018363645136, 29.22117485300744, 17.443472197281075, 52.94781008857668, 36.011774220648135, 45.602093552437545, 56.76727042968428, 13.22505398608211, 30.246335728536753, 54.30717247921452, 50.86869268594287, 9.815288015193454, 23.72599227469008, 47.922766744938556, 35.981079570418146, 44.6796126119467, 53.97328556002537, 46.617976373034494, 4.916723622976178, 69.1537190257319, 41.15348478497483, 45.90406314725532, 2.032284813439054, 17.3852256613707, 37.10996012075993, 30.045051108140843, 48.0175971964565, 24.808991754355777, 47.34702337863674, 51.14419591366649, 34.68134112212405, 56.290198531622586, 42.0533654399299], [49.30847356238053, 18.838898315487402, 75.64488698754623, 56.21690765674486, 48.04334486935719, 54.370083355830154, 28.2256442694122, 0.0, 57.724971613709954, 49.83563102806141, 18.595369323478128, 59.60061454626517, 40.4487885082876, 14.521931189521469, 27.368094996777337, 10.135768528294616, 27.50406743496153, 70.8990377797774, 54.951683592248, 70.7380761396462, 51.262940804293, 39.38001729232411, 56.820384212200516, 66.9388108488364, 79.0148301169249, 27.562729870357423, 24.830364910029637, 75.75585911202467, 33.07403187723636, 17.70613611870722, 30.31482193395752, 52.656950247001724, 25.75693359222446, 84.83963450538839, 16.402922402525203, 69.63943049848145, 26.81467768084734, 15.546929011153734, 8.892901146070974, 36.57889875229768, 60.08799581249836, 5.3396480158844755, 73.21115548075385, 50.80127764296587, 30.456265149602427, 53.70091086194071, 49.8010722523252], [57.60524545891164, 39.77777303514123, 64.3740001699022, 21.262135463991505, 50.10222996165874, 108.58285710511625, 48.16628473175795, 57.724971613709954, 0.0, 37.49868198190359, 39.745434718061496, 13.992660479822584, 87.10171528930775, 59.876371815870094, 73.73051126743044, 65.9806633851409, 33.19059307797248, 21.50392788168707, 81.05584551921837, 40.577834878591176, 103.15728421514076, 40.1899661918799, 41.19122114894474, 10.335239369953285, 63.75242400150787, 57.872509402057425, 32.98183945741192, 72.247334698054, 27.19511559792361, 62.16721054757688, 59.420511418256524, 7.468020065814378, 44.45917694804512, 28.989337811411957, 73.97132885378869, 35.393407222054776, 46.88634032424604, 59.59071592958405, 63.43074120771148, 78.0418640305274, 5.25391892978913, 52.48130152197741, 80.6298544332893, 18.574361911064045, 80.34102876686649, 23.495052220230267, 90.19839629984843], [21.123696484105583, 33.79291769097982, 30.850376694460955, 18.181984978542275, 72.52544722823843, 86.05006018088412, 24.08924113404297, 49.83563102806141, 37.49868198190359, 0.0, 41.14407524862063, 26.728386316120673, 60.893243579559325, 60.43003412175001, 50.46075488177991, 52.83996868634492, 25.811686372885713, 33.01791146354771, 46.16887990709738, 21.525487914665952, 78.74653293397368, 10.921478711157913, 7.271269787611825, 39.27939328779105, 32.39075346245962, 32.186794379045104, 33.26469232239441, 36.32673265062261, 41.10945467003957, 63.78970424898484, 69.46379568197473, 39.859433491423935, 24.503649604400366, 49.76129304636391, 64.45275181097263, 22.07269505257592, 24.521840400272424, 41.41153818866104, 58.52184876287076, 50.55643803123507, 34.818551335050564, 45.269673554641244, 43.20689743783844, 49.0123283977445, 57.794169159377816, 54.93527100724263, 59.871654773976715], [48.55458226358884, 8.67926552061311, 70.80977183463563, 42.02464584797309, 36.829874187589155, 72.38823464459776, 27.52529257559317, 18.595369323478128, 39.745434718061496, 41.14407524862063, 0.0, 43.61399969967015, 55.40547310385161, 21.34796084096666, 41.42354824127083, 28.055683232014747, 15.336214247786005, 55.07394881756015, 62.17872132106136, 59.68824982056743, 68.51510978309426, 32.91075292019603, 48.402774264668594, 49.39587059831912, 73.1386919729083, 32.90143083748595, 8.598846443283168, 73.53335752290265, 14.532680907459065, 24.285591280078382, 28.365567507165675, 34.24636135603691, 22.853723628700777, 67.75211372579034, 34.40417285432676, 57.37287805515188, 25.503419441273262, 26.506563937797317, 23.695239016104424, 49.0100146345917, 42.623525657503734, 13.817940652153524, 74.6464928405505, 32.371708065127486, 46.385477116788955, 35.70008461772248, 62.57644159552407], [47.78623333045383, 40.76603169207171, 50.948568515614134, 8.64422915788708, 61.87674567994324, 106.29203009432383, 43.318694716461884, 59.60061454626517, 13.992660479822584, 26.728386316120673, 43.61399969967015, 0.0, 82.94049979932079, 64.89700276524701, 70.49368783912361, 66.34107238843305, 32.399126956569624, 11.459991588418667, 72.48550305095681, 26.586169841817515, 100.0045456453022, 32.51536583058246, 28.84851757991219, 12.563160317080952, 50.02466481315735, 53.0718164321232, 35.40442365832125, 59.35071560364946, 34.458148027470266, 67.66256719830342, 67.66347914926827, 20.00543283797268, 40.7453148592922, 26.042130655344547, 75.96206679231301, 21.42944497241776, 42.55050802120342, 57.75837331898996, 66.67467283249935, 73.15625522828992, 9.41402016450498, 54.270162616271435, 68.8089227237864, 31.487659046837557, 77.56893766682279, 36.91273753259105, 84.19966384109578], [45.226626729943284, 50.000953688638816, 71.39547052449448, 76.10710951124646, 88.49192369128448, 26.027109392972356, 39.634230800153325, 40.4487885082876, 87.10171528930775, 60.893243579559325, 55.40547310385161, 82.94049979932079, 0.0, 52.94214177867399, 14.02293562685877, 30.940465563650367, 54.232578782274004, 92.27557708751384, 29.85570493121928, 80.93372016697076, 17.99492930108797, 51.34955303182442, 64.97656146549816, 93.84657724741706, 76.3357069264043, 29.871746209135512, 57.19658887346105, 65.8208359136057, 68.9615516326847, 55.160938103593736, 69.46403318032385, 84.47522013896968, 42.732957934183204, 108.67536335241311, 36.62837370394883, 82.71888963971963, 40.54892963174236, 29.076963420106082, 44.19102699536769, 10.421488764667501, 87.42540756339496, 42.87776663790842, 55.86065952893702, 86.45107687067336, 10.369015656622343, 90.59861919989142, 12.329330050087089], [62.85325320650185, 26.774756327039952, 88.20628408617233, 63.29669113126102, 37.245837624662805, 62.38670042345049, 41.23921988716561, 14.521931189521469, 59.876371815870094, 60.43003412175001, 21.34796084096666, 64.89700276524701, 52.94214177867399, 0.0, 40.85560579092503, 22.139100684553, 35.45640718017751, 76.3512519393804, 69.45326812052629, 80.21963576153549, 60.990342121100014, 50.76702016762621, 67.65458355477213, 69.904827536296, 91.1988654022381, 41.874339234362004, 29.85199686000484, 89.15701873173063, 32.83070454860936, 3.4464242197310146, 16.52550847957585, 53.57196225872955, 37.89613960419958, 88.48678302633027, 19.844906810407583, 78.29309237906055, 39.564270524111876, 30.06828213939055, 8.878281377476872, 50.399507057472974, 63.2776124810363, 16.466078465492394, 87.39347391601169, 48.61447501226209, 42.60792413402118, 49.963897262958525, 63.23751489619948], [38.41453535244086, 36.01665069729514, 66.15380685302459, 64.19245331791737, 75.1983168923322, 35.94910803345425, 27.433018363645136, 27.368094996777337, 73.73051126743044, 50.46075488177991, 41.42354824127083, 70.49368783912361, 14.02293562685877, 40.85560579092503, 0.0, 18.827622535569848, 40.637769451123724, 80.36211631614057, 31.760436891523135, 71.46021668892044, 29.567355486891376, 40.128972500270926, 55.50968823750416, 80.91667154745144, 70.70664437574027, 18.287795224961254, 43.238197086502105, 62.51301210141293, 54.94167125493418, 43.45636775660608, 57.28316064637161, 70.78427570145696, 29.79721344196162, 96.45589509663961, 27.645717189454967, 72.53321884655514, 27.974367351787265, 15.055467342573278, 32.505763675175096, 9.740669306030519, 74.3574304173864, 29.21132728669337, 55.29883972303336, 72.4651024525087, 7.334424247063451, 76.57852708246655, 22.455460102419828], [48.081540679672464, 26.23238816152395, 75.60440610939207, 61.94642079690277, 57.79652888821812, 44.40515340010043, 29.22117485300744, 10.135768528294616, 65.9806633851409, 52.83996868634492, 28.055683232014747, 66.34107238843305, 30.940465563650367, 22.139100684553, 18.827622535569848, 0.0, 33.96646840835412, 77.35180368166756, 49.016448384248356, 74.2899864834009, 41.127779354665904, 41.952846919471185, 59.35379116244789, 74.71542533879446, 79.46627654439986, 25.06376866031496, 33.07360243688835, 74.28538082113238, 42.578948016678055, 24.640163049270377, 38.646923432451146, 61.440638997567234, 28.406553667794533, 92.08839973205544, 12.087789942444473, 73.91782867425746, 28.413950746193454, 12.34289420503141, 13.678332219070278, 28.5017399976084, 67.86994064393105, 14.239252163927764, 69.83216941682375, 60.426890136443774, 20.711534132583548, 63.572431698033576, 41.11606597463146], [35.509061304041744, 8.91159589603337, 55.770802303653106, 28.734494329499928, 49.008708804274356, 75.43349923981248, 17.443472197281075, 27.50406743496153, 33.19059307797248, 25.811686372885713, 15.336214247786005, 32.399126956569624, 54.232578782274004, 35.45640718017751, 40.637769451123724, 33.96646840835412, 0.0, 43.537251249620184, 53.376724049392145, 44.77512122849406, 69.98073306999954, 18.212026036095345, 33.06729889413302, 41.10073240112837, 57.919189317472025, 26.13719587196446, 7.83589640593393, 59.159898907013236, 18.943822399761316, 38.68718688457499, 43.66003458237358, 30.258477635890525, 12.730800752489994, 58.13671970411726, 43.722715411865046, 42.91041042075597, 15.625150725253716, 26.416703051041022, 35.258724089168815, 45.697355767607654, 34.32680275165032, 22.254416223551534, 61.764310402327155, 33.75693834965606, 47.15740177422867, 38.84802038028594, 58.54829254912063], [53.835214106211545, 52.06192497274635, 50.94144162833901, 16.187467943475053, 71.46293018035753, 116.29589751749657, 52.94781008857668, 70.8990377797774, 21.50392788168707, 33.01791146354771, 55.07394881756015, 11.459991588418667, 92.27557708751384, 76.3512519393804, 80.36211631614057, 77.35180368166756, 43.537251249620184, 0.0, 79.08432314332585, 24.2748300595175, 109.6829652487001, 41.028121003194045, 32.687305196990664, 13.72975815139385, 48.877564309350504, 62.49574825571674, 46.84775237001874, 60.51948134591374, 45.544578491083904, 79.10162028569334, 78.73863160334969, 28.762602519485277, 50.909678014590725, 16.749196246598636, 87.22168976345196, 18.639375061556677, 52.42335534615602, 68.27074014378016, 78.08773471024146, 82.22781533153942, 16.280063377620888, 65.58048430457366, 71.7671193223152, 40.07678604014343, 87.55898563115774, 44.886497420858845, 92.51448804955238], [25.30124333240909, 54.05763702575491, 45.073417847390374, 64.18012354605402, 98.92806752101032, 54.04648329999455, 36.011774220648135, 54.951683592248, 81.05584551921837, 46.16887990709738, 62.17872132106136, 72.48550305095681, 29.85570493121928, 69.45326812052629, 31.760436891523135, 49.016448384248356, 53.376724049392145, 79.08432314332585, 0.0, 61.52753932601165, 45.27004464259197, 40.86689982879384, 47.115452034888634, 84.84917148628793, 50.27414013489461, 29.323433530913878, 59.64307866291256, 37.60423316693098, 71.97824996692431, 72.52332865015707, 84.97467587253735, 81.02591867903334, 40.89190350445974, 95.7743836904106, 59.233251046715914, 64.93700229749265, 37.945890463593194, 39.428808216082345, 62.15188779767421, 22.96732015064559, 79.56890402432697, 54.42889020444106, 26.16747750700118, 86.8107102711486, 35.52421568409166, 92.1284145435781, 20.4995816260843], [36.975284611174175, 53.48726656590202, 26.842767794404146, 20.787998998454498, 85.95868350506804, 106.57748246830869, 45.602093552437545, 70.7380761396462, 40.577834878591176, 21.525487914665952, 59.68824982056743, 26.586169841817515, 80.93372016697076, 80.21963576153549, 71.46021668892044, 74.2899864834009, 44.77512122849406, 24.2748300595175, 61.52753932601165, 0.0, 98.92162457758903, 32.44398701411703, 16.00081040873524, 36.613642952093976, 24.60460066282372, 53.320344940885484, 51.19748396724249, 36.83920136066175, 55.648577203606294, 83.46225462525877, 87.21978065254535, 46.14410738674526, 45.891831455768575, 38.33072139321951, 85.77990038466142, 5.6531077529971165, 46.04047749251131, 62.93702521067912, 79.22643987581232, 70.51233705820566, 35.846768100123185, 65.92205453416832, 49.25710660897783, 57.3687398081032, 78.76366009917133, 63.04494612971765, 78.22620697457842], [63.116219228379244, 64.52610738361965, 88.7431482620455, 93.49551421558688, 98.09533171654483, 8.802213616140007, 56.76727042968428, 51.262940804293, 103.15728421514076, 78.74653293397368, 68.51510978309426, 100.0045456453022, 17.99492930108797, 60.990342121100014, 29.567355486891376, 41.127779354665904, 69.98073306999954, 109.6829652487001, 45.27004464259197, 98.92162457758903, 0.0, 68.96827355937107, 82.95580741239085, 110.48001773186856, 93.77048450786108, 47.202488860729396, 71.80190492533204, 82.49779345677054, 82.7764487979965, 62.38399832394934, 76.90089665139317, 99.89032500593267, 59.35782900020882, 125.91377111753854, 41.755381588165605, 100.64508882898465, 57.45424267379429, 43.70917491600162, 52.19902166056301, 28.414067454478406, 103.9033829295557, 54.97350851729437, 71.35374858463743, 100.60400617438627, 22.828648382927593, 104.21226040927058, 24.869423566343208], [18.56977803326266, 24.77421072043974, 37.94404964866947, 24.96501432789211, 67.05264198894388, 75.97052405250822, 13.22505398608211, 39.38001729232411, 40.1899661918799, 10.921478711157913, 32.91075292019603, 32.51536583058246, 51.34955303182442, 50.76702016762621, 40.128972500270926, 41.952846919471185, 18.212026036095345, 41.028121003194045, 40.86689982879384, 32.44398701411703, 68.96827355937107, 0.0, 17.511217021336645, 44.46495272285074, 40.54514640052529, 21.87924814046626, 26.04782512333644, 40.94851716723285, 36.18017353088435, 54.182219599226464, 61.16407252799805, 40.546029470700944, 13.737885495699206, 57.606217037482445, 53.639042638053674, 32.692849260302864, 13.600703715583403, 30.496310704988176, 48.176513651025196, 41.21749344998559, 38.84196666717529, 35.06197561331322, 44.32169931807746, 47.702834167032336, 47.45188763486713, 53.415894858252656, 51.72697723419083], [21.908295115782096, 41.05340797352802, 24.433387557106816, 20.303666216102, 79.22415833665225, 90.57981093589684, 30.246335728536753, 56.820384212200516, 41.19122114894474, 7.271269787611825, 48.402774264668594, 28.84851757991219, 64.97656146549816, 67.65458355477213, 55.50968823750416, 59.35379116244789, 33.06729889413302, 32.687305196990664, 47.115452034888634, 16.00081040873524, 82.95580741239085, 17.511217021336645, 0.0, 41.24066796805554, 25.464286654269724, 37.45121668477337, 40.46260219024556, 31.149879861481228, 47.84322915967158, 71.02317141581612, 76.7060323318986, 44.55632158562806, 31.24905106724884, 49.08014879112411, 71.11929358124469, 18.106358934137152, 30.9399295266621, 47.625992505249336, 65.56530207119327, 54.55767824925034, 37.77964491147151, 52.35659014911852, 39.9725239720189, 54.43091073723312, 62.80005648280608, 60.36307987541467, 62.69752343018208], [60.299704504201785, 48.518483777630934, 62.407317609519524, 21.194605825484885, 59.74290804198661, 116.34107931632528, 54.30717247921452, 66.9388108488364, 10.335239369953285, 39.27939328779105, 49.39587059831912, 12.563160317080952, 93.84657724741706, 69.904827536296, 80.91667154745144, 74.71542533879446, 41.10073240112837, 13.72975815139385, 84.84917148628793, 36.613642952093976, 110.48001773186856, 44.46495272285074, 41.24066796805554, 0.0, 60.96703222156945, 64.12245677413196, 42.11129290050098, 71.28010001559761, 37.399894831623385, 72.2844103037398, 69.75494697111876, 17.648907257636115, 51.17692136818643, 18.690358358218642, 83.29819701144065, 31.019591735829792, 53.29956634934769, 67.37556416902022, 73.07347161384712, 84.34499181273932, 6.856387393641302, 61.6314834381847, 81.20833903853239, 28.00139063869522, 87.78767511298597, 32.17590332810855, 95.856991579668], [32.32941490104141, 65.26879108940875, 5.220381857091648, 42.64828661245642, 104.67905689751687, 102.24267430250843, 50.86869268594287, 79.0148301169249, 63.75242400150787, 32.39075346245962, 73.1386919729083, 50.02466481315735, 76.3357069264043, 91.1988654022381, 70.70664437574027, 79.46627654439986, 57.919189317472025, 48.877564309350504, 50.27414013489461, 24.60460066282372, 93.77048450786108, 40.54514640052529, 25.464286654269724, 60.96703222156945, 0.0, 54.8979097459207, 65.54491467227022, 15.237097021527827, 73.30709586885565, 94.63041526875544, 101.50087750040659, 68.35638892844206, 53.43964520276739, 62.18320728090728, 91.55056401450041, 30.251549336989786, 52.20115737633985, 67.14541326248631, 87.90734612065712, 66.46725677997124, 59.43859949492526, 75.1623393209435, 29.783744427135915, 78.92956222225406, 77.39329791617668, 84.81411894189712, 70.05929927681639], [23.058527251851057, 25.013294497962015, 50.80842970437193, 46.310173994815926, 69.60661861354318, 54.092978275684146, 9.815288015193454, 27.562729870357423, 57.872509402057425, 32.186794379045104, 32.90143083748595, 53.0718164321232, 29.871746209135512, 41.874339234362004, 18.287795224961254, 25.06376866031496, 26.13719587196446, 62.49574825571674, 29.323433530913878, 53.320344940885484, 47.202488860729396, 21.87924814046626, 37.45121668477337, 64.12245677413196, 54.8979097459207, 0.0, 31.196272255873517, 49.230518634615414, 43.64336089600266, 45.18034485919796, 56.46764831917314, 56.025282877021574, 13.582803627572943, 78.82285036969458, 37.072560693533006, 54.25852114320338, 10.99001592355066, 12.867403822466127, 35.91210356662731, 20.23559561965427, 57.82082511681893, 25.867578123217744, 45.66411524623183, 59.79691724518335, 25.621756263437792, 64.67573076003737, 32.510728896942496], [43.10755583765332, 7.2780283133033405, 63.51503257448852, 33.45410268937934, 41.29952484851759, 76.50045350852085, 23.72599227469008, 24.830364910029637, 32.98183945741192, 33.26469232239441, 8.598846443283168, 35.40442365832125, 57.19658887346105, 29.85199686000484, 43.238197086502105, 33.07360243688835, 7.83589640593393, 46.84775237001874, 59.64307866291256, 51.19748396724249, 71.80190492533204, 26.04782512333644, 40.46260219024556, 42.11129290050098, 65.54491467227022, 31.196272255873517, 0.0, 66.99521435039502, 12.448349681090317, 32.85469800676497, 36.325311020431, 28.44153903193645, 18.80997070019568, 60.13101461343368, 41.19028631950574, 48.791472907885314, 21.74044698945569, 28.27714764107274, 31.318977256941547, 49.5583797461072, 35.26329929490463, 19.537661249419845, 69.38067310044929, 29.278718255348082, 49.10808518450739, 33.727042027422016, 62.856534947423974], [26.457621923642357, 65.05285073925883, 10.673592183576138, 51.09901196590293, 107.85834456246818, 91.18456266556787, 47.922766744938556, 75.75585911202467, 72.247334698054, 36.32673265062261, 73.53335752290265, 59.35071560364946, 65.8208359136057, 89.15701873173063, 62.51301210141293, 74.28538082113238, 59.159898907013236, 60.51948134591374, 37.60423316693098, 36.83920136066175, 82.49779345677054, 40.94851716723285, 31.149879861481228, 71.28010001559761, 15.237097021527827, 49.230518634615414, 66.99521435039502, 0.0, 76.64638342827014, 92.5946120174328, 101.37582011282734, 75.68051224178288, 51.6063933036641, 75.16797788057399, 86.23873042751346, 42.18631554253023, 49.64925537964908, 62.07082986878524, 84.51595735251486, 56.673247237667454, 68.5740060637162, 72.70692338340906, 14.633592896403178, 85.28396636601859, 68.54479827361564, 91.21495749292819, 58.010287654258455], [54.22312587214876, 19.13866732099403, 71.95858119773762, 35.59930267518971, 31.416002436279634, 86.85960130008385, 35.981079570418146, 33.07403187723636, 27.19511559792361, 41.10945467003957, 14.532680907459065, 34.458148027470266, 68.9615516326847, 32.83070454860936, 54.94167125493418, 42.578948016678055, 18.943822399761316, 45.544578491083904, 71.97824996692431, 55.648577203606294, 82.7764487979965, 36.18017353088435, 47.84322915967158, 37.399894831623385, 73.30709586885565, 43.64336089600266, 12.448349681090317, 76.64638342827014, 0.0, 35.00229127402733, 33.21260231082874, 20.74303284716746, 31.0873181854637, 56.08425466768116, 48.51343843037559, 52.14734394288522, 34.032784212468655, 39.886329059220714, 37.26362138215018, 61.73607274273965, 31.011196271741035, 28.346570166303735, 80.37783837157882, 17.87535252701951, 60.37997602553789, 21.63706956241973, 75.12955266705936], [66.27955445304468, 30.078183911302222, 91.64904830484839, 66.30565410109995, 36.443505111241606, 63.32612410271362, 44.6796126119467, 17.70613611870722, 62.16721054757688, 63.78970424898484, 24.285591280078382, 67.66256719830342, 55.160938103593736, 3.4464242197310146, 43.45636775660608, 24.640163049270377, 38.68718688457499, 79.10162028569334, 72.52332865015707, 83.46225462525877, 62.38399832394934, 54.182219599226464, 71.02317141581612, 72.2844103037398, 94.63041526875544, 45.18034485919796, 32.85469800676497, 92.5946120174328, 35.00229127402733, 0.0, 14.549798338021649, 55.68572199789644, 41.34117645410453, 90.91959722417025, 20.75990950583239, 81.45223969431217, 43.00895848764651, 33.21598132792287, 11.005248729954694, 53.081862944495704, 65.72542236556555, 19.894395150153006, 90.74659681007844, 50.15263293176165, 44.79581503960733, 51.13301370842557, 65.73537242018648], [75.68317242254372, 36.44114222967169, 99.10538420214439, 68.16517306122445, 23.142912808437057, 77.60546439618469, 53.97328556002537, 30.31482193395752, 59.420511418256524, 69.46379568197473, 28.365567507165675, 67.66347914926827, 69.46403318032385, 16.52550847957585, 57.28316064637161, 38.646923432451146, 43.66003458237358, 78.73863160334969, 84.97467587253735, 87.21978065254535, 76.90089665139317, 61.16407252799805, 76.7060323318986, 69.75494697111876, 101.50087750040659, 56.46764831917314, 36.325311020431, 101.37582011282734, 33.21260231082874, 14.549798338021649, 0.0, 52.22485640377429, 49.861207891109174, 88.34633293590862, 35.19097978159413, 84.35154415365363, 52.0793646905358, 45.61332654440241, 25.31171085806988, 66.74112922966765, 63.76451769704888, 30.642581208219596, 101.1795935169649, 44.16786767043495, 59.12301176814339, 43.52956832482991, 79.70597112446104], [58.742061887181116, 35.592307911341535, 68.50172673232274, 25.79631044719447, 42.716585002518656, 104.8656539772507, 46.617976373034494, 52.656950247001724, 7.468020065814378, 39.859433491423935, 34.24636135603691, 20.00543283797268, 84.47522013896968, 53.57196225872955, 70.78427570145696, 61.440638997567234, 30.258477635890525, 28.762602519485277, 81.02591867903334, 46.14410738674526, 99.89032500593267, 40.546029470700944, 44.55632158562806, 17.648907257636115, 68.35638892844206, 56.025282877021574, 28.44153903193645, 75.68051224178288, 20.74303284716746, 55.68572199789644, 52.22485640377429, 0.0, 42.443618258744635, 36.12712484957577, 68.65049944268021, 41.26145083795465, 45.10815602036913, 56.18204512284414, 57.730597387870674, 75.89786898955705, 12.51344889316884, 47.54894172357873, 82.9695042488787, 11.511794124252447, 77.08202441815739, 16.938323667460946, 88.53562516391749], [25.882703082847936, 14.183819786428934, 50.320136967020204, 34.8721754171043, 59.35782159837256, 65.5479753966137, 4.916723622976178, 25.75693359222446, 44.45917694804512, 24.503649604400366, 22.853723628700777, 40.7453148592922, 42.732957934183204, 37.89613960419958, 29.79721344196162, 28.406553667794533, 12.730800752489994, 50.909678014590725, 40.89190350445974, 45.891831455768575, 59.35782900020882, 13.737885495699206, 31.24905106724884, 51.17692136818643, 53.43964520276739, 13.582803627572943, 18.80997070019568, 51.6063933036641, 31.0873181854637, 41.34117645410453, 49.861207891109174, 42.443618258744635, 0.0, 66.75897066303115, 39.94918251883874, 45.58621519765658, 2.9464426602621216, 17.61446247778355, 34.61167576725327, 33.59909995217079, 44.70023108824749, 21.72278149761833, 51.820175239957855, 46.48763317884423, 36.82501060865087, 51.548575446342554, 46.09340590952303], [70.49641777271603, 66.14162874880684, 65.03300686795858, 32.6451945834043, 77.06192750326626, 132.30400805020662, 69.1537190257319, 84.83963450538839, 28.989337811411957, 49.76129304636391, 67.75211372579034, 26.042130655344547, 108.67536335241311, 88.48678302633027, 96.45589509663961, 92.08839973205544, 58.13671970411726, 16.749196246598636, 95.7743836904106, 38.33072139321951, 125.91377111753854, 57.606217037482445, 49.08014879112411, 18.690358358218642, 62.18320728090728, 78.82285036969458, 60.13101461343368, 75.16797788057399, 56.08425466768116, 90.91959722417025, 88.34633293590862, 36.12712484957577, 66.75897066303115, 0.0, 101.2418738634398, 33.1208973474914, 68.48434427592748, 83.7899886010111, 91.3454627812843, 98.72482826479308, 25.20925517130654, 79.50333242686833, 87.28523981631069, 45.59563826058435, 103.56917531191404, 48.86824800245332, 109.20780443773519], [60.1212922453189, 35.19971315527577, 87.69021842674526, 72.3191141534758, 57.03311486539068, 42.60086062606532, 41.15348478497483, 16.402922402525203, 73.97132885378869, 64.45275181097263, 34.40417285432676, 75.96206679231301, 36.62837370394883, 19.844906810407583, 27.645717189454967, 12.087789942444473, 43.722715411865046, 87.22168976345196, 59.233251046715914, 85.77990038466142, 41.755381588165605, 53.639042638053674, 71.11929358124469, 83.29819701144065, 91.55056401450041, 37.072560693533006, 41.19028631950574, 86.23873042751346, 48.51343843037559, 20.75990950583239, 35.19097978159413, 68.65049944268021, 39.94918251883874, 101.2418738634398, 0.0, 85.11355193890105, 40.22540189590154, 24.428101292663182, 11.822486387272699, 37.21179318182926, 76.45277766810838, 21.74138092768126, 81.27573049997805, 65.80972193713048, 26.501880987487183, 68.05007377204657, 48.272261963326756], [39.916191880596514, 51.777268538279436, 32.36667825013721, 16.642353663979716, 81.88411926159469, 108.06299413560392, 45.90406314725532, 69.63943049848145, 35.393407222054776, 22.07269505257592, 57.37287805515188, 21.42944497241776, 82.71888963971963, 78.29309237906055, 72.53321884655514, 73.91782867425746, 42.91041042075597, 18.639375061556677, 64.93700229749265, 5.6531077529971165, 100.64508882898465, 32.692849260302864, 18.106358934137152, 31.019591735829792, 30.251549336989786, 54.25852114320338, 48.791472907885314, 42.18631554253023, 52.14734394288522, 81.45223969431217, 84.35154415365363, 41.26145083795465, 45.58621519765658, 33.1208973474914, 85.11355193890105, 0.0, 46.09535929007098, 63.004037049555414, 77.9072613047728, 72.32640495630415, 30.535453579094312, 64.65131501145521, 54.19284097287522, 52.619923772563524, 79.8663857792384, 58.19883803768346, 80.79433783713833], [23.610892068175065, 16.877283997691833, 48.87138657713347, 36.283291426173115, 62.1364595272876, 63.878192831269445, 2.032284813439054, 26.81467768084734, 46.88634032424604, 24.521840400272424, 25.503419441273262, 42.55050802120342, 40.54892963174236, 39.564270524111876, 27.974367351787265, 28.413950746193454, 15.625150725253716, 52.42335534615602, 37.945890463593194, 46.04047749251131, 57.45424267379429, 13.600703715583403, 30.9399295266621, 53.29956634934769, 52.20115737633985, 10.99001592355066, 21.74044698945569, 49.64925537964908, 34.032784212468655, 43.00895848764651, 52.0793646905358, 45.10815602036913, 2.9464426602621216, 68.48434427592748, 40.22540189590154, 46.09535929007098, 0.0, 16.926330055694475, 35.70755302604084, 31.176188025462253, 46.91983381570309, 23.187469591366884, 49.31447175259956, 49.371797598685895, 35.13718864946198, 54.46411181903646, 43.45154474992502], [35.78007091542986, 21.020170667424857, 63.26219196991725, 52.364108396751476, 61.41905906067626, 49.01989060456892, 17.3852256613707, 15.546929011153734, 59.59071592958405, 41.41153818866104, 26.506563937797317, 57.75837331898996, 29.076963420106082, 30.06828213939055, 15.055467342573278, 12.34289420503141, 26.416703051041022, 68.27074014378016, 39.428808216082345, 62.93702521067912, 43.70917491600162, 30.496310704988176, 47.625992505249336, 67.37556416902022, 67.14541326248631, 12.867403822466127, 28.27714764107274, 62.07082986878524, 39.886329059220714, 33.21598132792287, 45.61332654440241, 56.18204512284414, 17.61446247778355, 83.7899886010111, 24.428101292663182, 63.004037049555414, 16.926330055694475, 0.0, 23.341953274206492, 22.661757625121332, 60.66180324445444, 15.435828156551505, 58.272124691764155, 57.44316250060392, 20.905421407952048, 61.5230968975301, 36.24208942608416], [58.05854589015058, 26.36476370605273, 84.5308506781532, 63.9368604206222, 45.91832979329098, 53.88358117549636, 37.10996012075993, 8.892901146070974, 63.43074120771148, 58.52184876287076, 23.695239016104424, 66.67467283249935, 44.19102699536769, 8.878281377476872, 32.505763675175096, 13.678332219070278, 35.258724089168815, 78.08773471024146, 62.15188779767421, 79.22643987581232, 52.19902166056301, 48.176513651025196, 65.56530207119327, 73.07347161384712, 87.90734612065712, 35.91210356662731, 31.318977256941547, 84.51595735251486, 37.26362138215018, 11.005248729954694, 25.31171085806988, 57.730597387870674, 34.61167576725327, 91.3454627812843, 11.822486387272699, 77.9072613047728, 35.70755302604084, 23.341953274206492, 0.0, 42.17187033273925, 66.28117929970828, 13.304920783315659, 81.54624197167884, 54.253294118501124, 33.83426664866903, 56.31486467509341, 54.73758593528369], [34.96638534676193, 42.597418096409704, 61.61873040072676, 66.09813088941105, 83.93954438591442, 36.30980893606676, 30.045051108140843, 36.57889875229768, 78.0418640305274, 50.55643803123507, 49.0100146345917, 73.15625522828992, 10.421488764667501, 50.399507057472974, 9.740669306030519, 28.5017399976084, 45.697355767607654, 82.22781533153942, 22.96732015064559, 70.51233705820566, 28.414067454478406, 41.21749344998559, 54.55767824925034, 84.34499181273932, 66.46725677997124, 20.23559561965427, 49.5583797461072, 56.673247237667454, 61.73607274273965, 53.081862944495704, 66.74112922966765, 75.89786898955705, 33.59909995217079, 98.72482826479308, 37.21179318182926, 72.32640495630415, 31.176188025462253, 22.661757625121332, 42.17187033273925, 0.0, 78.0563457124264, 37.80954159258233, 47.888077003982275, 78.77334882855865, 12.590883638950135, 83.26785613763307, 13.58399022893838], [55.48616971267709, 41.665959961428484, 60.32509267529649, 17.504674146647776, 55.229609315499516, 109.65984348115637, 48.0175971964565, 60.08799581249836, 5.25391892978913, 34.818551335050564, 42.623525657503734, 9.41402016450498, 87.42540756339496, 63.2776124810363, 74.3574304173864, 67.86994064393105, 34.32680275165032, 16.280063377620888, 79.56890402432697, 35.846768100123185, 103.9033829295557, 38.84196666717529, 37.77964491147151, 6.856387393641302, 59.43859949492526, 57.82082511681893, 35.26329929490463, 68.5740060637162, 31.011196271741035, 65.72542236556555, 63.76451769704888, 12.51344889316884, 44.70023108824749, 25.20925517130654, 76.45277766810838, 30.535453579094312, 46.91983381570309, 60.66180324445444, 66.28117929970828, 78.0563457124264, 0.0, 54.77835461618954, 77.59256509944531, 23.803321600599403, 81.16666579772269, 28.743916988939308, 89.809472011861], [46.387207991689266, 13.519469477404352, 71.99750497959845, 50.987294284003596, 46.1312189349873, 58.60843934241047, 24.808991754355777, 5.3396480158844755, 52.48130152197741, 45.269673554641244, 13.817940652153524, 54.270162616271435, 42.87776663790842, 16.466078465492394, 29.21132728669337, 14.239252163927764, 22.254416223551534, 65.58048430457366, 54.42889020444106, 65.92205453416832, 54.97350851729437, 35.06197561331322, 52.35659014911852, 61.6314834381847, 75.1623393209435, 25.867578123217744, 19.537661249419845, 72.70692338340906, 28.346570166303735, 19.894395150153006, 30.642581208219596, 47.54894172357873, 21.72278149761833, 79.50333242686833, 21.74138092768126, 64.65131501145521, 23.187469591366884, 15.435828156551505, 13.304920783315659, 37.80954159258233, 54.77835461618954, 0.0, 71.08544149375145, 46.18795608631491, 33.31795831869076, 49.38524112704728, 51.30810413321354], [26.273117908381995, 65.96731456526369, 24.926353440580122, 60.21916726088806, 110.6705769577687, 80.14736852711606, 47.34702337863674, 73.21115548075385, 80.6298544332893, 43.20689743783844, 74.6464928405505, 68.8089227237864, 55.86065952893702, 87.39347391601169, 55.29883972303336, 69.83216941682375, 61.764310402327155, 71.7671193223152, 26.16747750700118, 49.25710660897783, 71.35374858463743, 44.32169931807746, 39.9725239720189, 81.20833903853239, 29.783744427135915, 45.66411524623183, 69.38067310044929, 14.633592896403178, 80.37783837157882, 90.746596810078