instance_id,num_cities,city_coordinates,distance_matrix,best_route,total_distance
1177,49,"[[46.04005712084261, 22.47489533194139], [5.592618477496314, 1.8101403582436282], [71.50869471581012, 45.17502644164636], [21.189923606864404, 93.10874063453156], [12.15553209286686, 87.04767077036799], [27.72725195775454, 31.405453359046497], [57.1110056492909, 13.249237642648437], [89.75847377035367, 63.87053151031792], [42.2035060645192, 67.44964149566685], [23.810163694349097, 29.866123346391028], [3.7094742950538495, 16.507350285273546], [99.6367662173537, 75.44620515673016], [39.49840086579021, 26.321939283922003], [23.138049728521537, 95.45949612118613], [80.31167126896372, 57.15723061794866], [12.051147580961075, 87.86291160481227], [75.78582822427384, 23.014151533077786], [92.66211092300931, 81.52069153470946], [94.50256367995745, 67.05807711498932], [64.13422322741977, 89.67378588904839], [46.28004081081107, 66.15302211634598], [51.3123652793565, 3.348787468831227], [74.04814989720838, 68.7741412417207], [72.31786420383824, 0.9022151221630192], [67.91920057052798, 38.081537439048205], [98.54153902780358, 92.08469258309216], [30.626041572138373, 57.3230440855664], [51.706167680219174, 56.94316388643692], [44.1047547389372, 13.32174828514161], [12.039300613965075, 70.54090376721652], [60.0479741685572, 58.32477571095475], [54.14997076089999, 7.0106731077647755], [26.45007076290944, 68.0944369639103], [29.458511098866758, 5.486623616701813], [98.416864988864, 32.094663948847355], [98.31157216671714, 2.8986441129877027], [3.3713311705896643, 52.00982845952667], [30.68321572776839, 88.69900878756614], [96.82992200297824, 83.02386529415924], [60.80843236252856, 10.286349575301035], [24.890482867684895, 8.296806997928597], [42.15969843413395, 1.721315783947297], [61.555308443225044, 59.6981871365766], [23.307615610803513, 57.70469288038039], [32.765046614138114, 70.66409356474257], [34.636001126005866, 95.18964174395454], [47.484446354498345, 44.50371823319955], [88.25284414932679, 41.90083650511545], [56.454908716746154, 72.11214691309542]]","[[0.0, 45.42056132337237, 34.11667412485554, 74.87769519618497, 72.92327724528694, 20.37433924368387, 14.411060374572081, 60.20713121344316, 45.13808720470236, 23.42644687772443, 42.74915012318926, 75.35626643172947, 7.589006109349025, 76.49348923250497, 48.75867017473631, 73.69422395148399, 29.75065874544946, 75.23311737493633, 65.8503958977662, 69.5923109200898, 43.678786058749075, 19.839486770318846, 54.1116755680669, 33.99858344879237, 26.87497341303298, 87.18904447104158, 38.10492549383179, 34.930879548272245, 9.355506195270692, 58.876078418487715, 38.48942274450502, 17.461754443580595, 49.647861426399345, 23.739187946299097, 53.25288678265655, 55.81703052813427, 51.8934721238493, 67.98136347967358, 79.0302988620893, 19.14851312611395, 25.462181365643076, 21.113224471701002, 40.32736634556877, 41.927348262337645, 49.98424482047641, 73.60357898157365, 22.076125082842246, 46.46812433459932, 50.718102077024454], [45.42056132337237, 0.0, 78.9014730640797, 92.62132767191373, 85.48981474936438, 36.95706361334541, 52.77307233300906, 104.5723832908415, 75.15917242412539, 33.45171348614735, 14.817361831684263, 119.4427551721871, 41.838144867276654, 95.27876989444513, 92.98514532047594, 86.2947972788312, 73.32596255391125, 118.04604391327658, 110.28268951615628, 105.58001559319437, 76.12800252907375, 45.74563020177035, 95.76187757284995, 66.73142247453612, 72.11253068359765, 129.57236052053787, 60.896262217597275, 71.87565445567962, 40.195792770915844, 69.03243838478308, 78.48114278277211, 48.83504890602046, 69.48842559985282, 24.147408965860237, 97.63960830274254, 92.72534288773468, 50.24880896863052, 90.43900445771989, 122.14710259587608, 55.86261921605403, 20.358890296784605, 36.5671878377341, 80.51613892885538, 58.63464952639342, 74.02167063099637, 97.7918675285002, 59.813600749673064, 91.86934649630825, 86.77179665087102], [34.11667412485554, 78.9014730640797, 0.0, 69.49546519190784, 72.6368794513171, 45.89570647515905, 35.02212787502193, 26.126162085395944, 36.80968021720029, 50.095033442300426, 73.61093631974097, 41.32230229786925, 37.1496676666343, 69.7728255658237, 14.868275391516272, 73.19464086254155, 22.569852630499103, 42.053232792403755, 31.74249386410074, 45.1056805966924, 32.81099328557335, 46.44702347101268, 23.735354473136024, 44.28020525461606, 7.949971977874876, 54.14140235622258, 42.649333649457716, 23.03538877281632, 42.019129638436304, 64.65320229761583, 17.443165461231573, 41.92664025099232, 50.552734557261864, 57.82203093124383, 29.918982442367316, 50.0568351221615, 68.47930219794269, 59.67459068859186, 45.53788701523069, 36.492675811912086, 59.441237750030794, 52.43651926534475, 17.606592369395383, 49.80297750087883, 46.37631735090549, 62.13740641840043, 24.033625694778546, 17.061267830745077, 30.858142073024652], [74.87769519618497, 92.62132767191373, 69.49546519190784, 0.0, 10.879191051105899, 62.04862869208625, 87.5663425821207, 74.54206157810631, 33.16564512146183, 63.296874327017704, 78.57059953686351, 80.41064777166933, 69.25082796751519, 3.0530716899410435, 69.19459602522011, 10.53735970063996, 88.84798378294757, 72.40550007902708, 77.80347205809838, 43.0814552215167, 36.82559900584692, 94.67951565476771, 58.190762275208264, 105.43296285674019, 72.19153978870234, 77.35839374392756, 37.00886920387034, 47.32008129607221, 83.01237036715084, 24.352436470052062, 52.15239504816336, 92.19133332499288, 25.561387603753143, 88.01139090935415, 98.42112592845784, 118.68281337672988, 44.795343713145364, 10.46748920491245, 76.30933146080467, 91.81053695949471, 84.89262763056865, 93.76242785427208, 52.39875359230602, 35.46732604527389, 25.253626565721298, 13.606143835707426, 55.26165152399831, 84.37822442438627, 41.042369847551846], [72.92327724528694, 85.48981474936438, 72.6368794513171, 10.879191051105899, 0.0, 57.78005553821583, 86.4129812863139, 80.99010026712631, 35.87427338989794, 58.357174396699456, 71.04416025588473, 88.24715478885254, 66.59764963793575, 13.833817237123412, 74.42242753294767, 0.8218964317182658, 90.27239983340954, 80.6960763259611, 84.73852409448993, 52.04498835313358, 40.01335324133775, 92.40541462013384, 64.53385173774022, 105.07400122707647, 74.21097584257386, 86.53273243637227, 34.99590193115013, 49.70446770752296, 80.3508834673632, 16.50717621681606, 55.8452389068882, 90.38503124902236, 23.739395685475934, 83.37624059217728, 102.27829931965104, 120.43222960898545, 36.12218957430899, 18.601128409912175, 84.76994347739026, 90.8812694468001, 79.77391501074987, 90.44797871209231, 56.46531819179301, 31.390752113374653, 26.32819194048804, 23.90947885849141, 55.300271973929284, 88.48184868317581, 46.74938119542826], [20.37433924368387, 36.95706361334541, 45.89570647515905, 62.04862869208625, 57.78005553821583, 0.0, 34.54060147341468, 70.01324002595534, 38.842572409557334, 4.208695445285933, 28.26317602555819, 84.32417245343514, 12.821936747899601, 64.21823083264448, 58.55147467219916, 58.59338563357223, 48.785660793919334, 82.02483164408784, 75.69710586462462, 68.70710394753301, 39.39034791378916, 36.652886261084205, 59.51507724929894, 54.02564431283221, 40.74264144523613, 93.25574151787264, 26.079196504030758, 35.030887202665156, 24.397602065523145, 42.16272401085396, 42.06279829152858, 35.961999005317004, 36.71120686878096, 25.97658548436141, 70.69297278885007, 76.12348148076616, 31.902212316263235, 57.36975871877524, 86.25334461968444, 39.24768835997627, 23.282113209792236, 33.006719541193014, 44.10007018350851, 26.668018014839074, 39.58055337915557, 64.15725604318853, 23.70466775013302, 61.428823670352834, 49.82281769396111], [14.411060374572081, 52.77307233300906, 35.02212787502193, 87.5663425821207, 86.4129812863139, 34.54060147341468, 0.0, 60.235974031742536, 56.21314189493647, 37.21648781654788, 53.50083035775796, 75.34522599236092, 21.93397764796773, 88.95329298627746, 49.66067591480086, 87.16416208092701, 21.073740567222337, 76.97319340341039, 65.52495568347112, 76.74657751206924, 54.00111305308278, 11.473584609182529, 58.05068281218604, 19.58819828926039, 27.082470172303907, 89.05907057506712, 51.4193906667111, 44.02694020789484, 13.006453034411466, 72.89577218275691, 45.171118164491936, 6.905607508842098, 62.833819052289556, 28.72139675184792, 45.40180732573289, 42.48083647685293, 66.25961072591839, 79.94433091818696, 80.28755183848979, 4.738108272231975, 32.59890577321195, 18.879474829092143, 46.66108374666902, 55.84762016852731, 62.363381899125436, 84.96679146941483, 32.70341267882135, 42.31699685159662, 58.86656564609292], [60.20713121344316, 104.5723832908415, 26.126162085395944, 74.54206157810631, 80.99010026712631, 70.01324002595534, 60.235974031742536, 0.0, 47.68946405433997, 74.19891762323616, 98.22271247759626, 15.217650345460711, 62.73732307451598, 73.73020808800291, 11.589240111920768, 81.32688882591876, 43.17960871060566, 17.887404999074384, 5.715490884627871, 36.364957753591874, 43.53830377936245, 71.70066080535628, 16.457814696885706, 65.3389908921955, 33.79387620715637, 29.549638244098237, 59.4938158908454, 38.677725126662786, 68.11344615379099, 78.00489562943031, 30.22365288932691, 67.08955942717664, 63.4491549875478, 83.93310550142276, 32.93438169720048, 61.56887643095812, 87.19756122398728, 64.08072562561125, 20.41704129255574, 60.904593021871335, 85.41835341381653, 78.28261894514563, 28.510120870358325, 66.73630283549639, 57.396892114453095, 63.39853039506164, 46.499105910407096, 22.02122655932979, 34.30818662837148], [45.13808720470236, 75.15917242412539, 36.80968021720029, 33.16564512146183, 35.87427338989794, 38.842572409557334, 56.21314189493647, 47.68946405433997, 0.0, 41.842990811165016, 63.85066574150283, 57.98727793377272, 41.216568068607465, 33.882791818894695, 39.47361114624563, 36.41244730404604, 55.69816091988048, 52.38382625836416, 52.30052342115846, 31.222891430759795, 4.277774813212515, 64.74481294409162, 31.872176587238677, 73.0440587801642, 39.03565651819821, 61.48869571109938, 15.381341267216982, 14.166391549570678, 54.16127371039201, 30.32218977736842, 20.042160998880306, 61.60833481385209, 15.766625669364766, 63.2601808513337, 66.4071996013484, 85.5274595953093, 41.78906117136034, 24.171319776732787, 56.803184463611345, 60.11476711863168, 61.63439462938641, 65.72834031051121, 20.84651769446265, 21.260731397423683, 9.970818366657436, 28.753690976454216, 23.545779339689805, 52.661968957627614, 14.994713545895168], [23.42644687772443, 33.45171348614735, 50.095033442300426, 63.296874327017704, 58.357174396699456, 4.208695445285933, 37.21648781654788, 74.19891762323616, 41.842990811165016, 0.0, 24.134923493257205, 88.47156327328537, 16.083594940685558, 65.5968161510625, 62.74730985717156, 59.17686970639007, 52.425368106077386, 86.07429960156428, 79.87901376989322, 72.13172863617652, 42.680609179929235, 38.203929039638105, 63.542813238492776, 56.49694671696689, 44.86758476737898, 97.24160023925882, 28.29025782353876, 38.876125871631906, 26.183711956756007, 42.34372420961005, 46.076825003158746, 37.98520104522092, 38.31935635380694, 25.025263944103322, 74.63997770140188, 79.23196829923306, 30.134524238351535, 59.232991259842045, 90.3196027030463, 41.859759021879874, 21.5963537954055, 33.598149024813274, 48.11078862474921, 27.843105219695524, 41.76917885288899, 66.21450605368493, 27.833987201674258, 65.5567951095471, 53.38919258404139], [42.74915012318926, 14.817361831684263, 73.61093631974097, 78.57059953686351, 71.04416025588473, 28.26317602555819, 53.50083035775796, 98.22271247759626, 63.85066574150283, 24.134923493257205, 0.0, 112.58700612905895, 37.11028728395875, 81.30750811253014, 86.71971720601084, 71.84148971475514, 72.36946357552067, 110.17851924708685, 103.91708744507632, 94.89192580246639, 65.39836286200939, 49.38808566301857, 87.63188188296583, 70.36072348501496, 67.73724602991626, 121.26440190871382, 48.89194672316784, 62.75936262819757, 40.52069523395705, 54.6718474938356, 70.1621239503847, 51.326704171755004, 56.3769655063398, 28.008379328827292, 95.98153051122196, 95.57590598787631, 35.50408845873869, 77.06632393069346, 114.43716420049736, 57.43685108207721, 22.71669309620648, 41.195224876433294, 72.19133546495456, 45.62135662089302, 61.45875955002549, 84.54201944012468, 51.96195528538937, 88.27463128619506, 76.64185710402947], [75.35626643172947, 119.4427551721871, 41.32230229786925, 80.41064777166933, 88.24715478885254, 84.32417245343514, 75.34522599236092, 15.217650345460711, 57.98727793377272, 88.47156327328537, 112.58700612905895, 0.0, 77.65189298851945, 79.0732915696994, 26.607252478309096, 88.46137683157238, 57.60197470871375, 9.249064884148138, 9.83466968126765, 38.24728241648993, 54.159979663320364, 86.79450076634846, 26.44416234380622, 79.39224683492529, 49.011451357957995, 16.674495087826088, 71.35074690056912, 51.37805769370945, 83.32618100230471, 87.73470215290423, 43.132537627057346, 82.17341788998573, 73.5550194555241, 99.09253524222353, 43.368701664979916, 72.55966339962845, 99.077231175664, 70.21558893292351, 8.080798698281914, 75.85147519550598, 100.47909507792274, 93.48247233565182, 41.209191908672814, 78.3638978750374, 67.04249006390879, 67.93307552830457, 60.6407615724806, 35.42436223312489, 43.31037706571861], [7.589006109349025, 41.838144867276654, 37.1496676666343, 69.25082796751519, 66.59764963793575, 12.821936747899601, 21.93397764796773, 62.73732307451598, 41.216568068607465, 16.083594940685558, 37.11028728395875, 77.65189298851945, 0.0, 71.04690601821206, 51.15210878015547, 67.38429332628002, 36.43787650374074, 76.6373428368434, 68.44626251504995, 67.97337869867313, 40.40427947566102, 25.83283684546123, 54.73458330159925, 41.51240236673123, 30.757600761874613, 88.3789108639958, 32.245732405361636, 32.964965747792576, 13.792152189177258, 52.0511191677436, 38.032440130777935, 24.24032800350856, 43.763003563493804, 23.128116341040084, 59.20058922577521, 63.30592290723586, 44.328690653571364, 62.99687523107835, 80.63505273250743, 26.669412811218987, 23.201221135253444, 24.7441544881772, 40.006013205533655, 35.31315265547833, 44.85047051862817, 69.03914377621601, 19.858348579580017, 51.18298329050481, 48.82894913084185], [76.49348923250497, 95.27876989444513, 69.7728255658237, 3.0530716899410435, 13.833817237123412, 64.21823083264448, 88.95329298627746, 73.73020808800291, 33.882791818894695, 65.5968161510625, 81.30750811253014, 79.0732915696994, 71.04690601821206, 0.0, 68.81777781017206, 13.439772897783353, 89.55510333324149, 70.9075832212244, 76.80842696664376, 41.402423654202046, 37.341949197238485, 96.32328225925977, 57.47996576398369, 106.5820507484951, 72.78448744934364, 75.47897387635628, 38.8646239620969, 47.954616171122574, 84.77153023610832, 27.278535092837753, 52.35771177310174, 93.72797628551473, 27.56475913214977, 90.19460082866499, 98.3971645080763, 119.2416445720601, 47.73464970497997, 10.130830121180942, 74.73377384677521, 93.13174872361904, 87.18030395166603, 95.64867783935352, 52.485778906720796, 37.75518401942162, 26.59870404684708, 11.501117672810016, 56.4733417537797, 84.31172203397254, 40.683065369828974], [48.75867017473631, 92.98514532047594, 14.868275391516272, 69.19459602522011, 74.42242753294767, 58.55147467219916, 49.66067591480086, 11.589240111920768, 39.47361114624563, 62.74730985717156, 86.71971720601084, 26.607252478309096, 51.15210878015547, 68.81777781017206, 0.0, 74.84876711761797, 34.441734925246074, 27.31504324526601, 17.303415523484418, 36.318537853764674, 35.20051329629868, 61.125349095204946, 13.197890453218028, 56.82013480999084, 22.74764603793408, 39.39867609236806, 49.6859063767191, 28.60630455216502, 56.85499376450715, 69.57182836335375, 20.297304789582938, 56.56069132883546, 54.96084507836402, 72.49755531852668, 30.918122318120556, 57.16634186166958, 77.11233159121824, 58.803633982142294, 30.69096604514609, 50.766680190411414, 73.88402479655434, 67.2957181748753, 18.927694167021762, 57.00668448881599, 49.42789559277579, 59.43678271126245, 35.18150183343365, 17.199412433042756, 28.156609186259203], [73.69422395148399, 86.2947972788312, 73.19464086254155, 10.53735970063996, 0.8218964317182658, 58.59338563357223, 87.16416208092701, 81.32688882591876, 36.41244730404604, 59.17686970639007, 71.84148971475514, 88.46137683157238, 67.38429332628002, 13.439772897783353, 74.84876711761797, 0.0, 90.92563554656329, 80.86007152081093, 85.03574045587399, 52.11454724420089, 40.53315227492047, 93.1884134087109, 64.86917180121553, 105.80283486395639, 74.82930280763584, 86.59336722438165, 35.745072316006905, 50.284703618899265, 81.14073428856602, 17.3220118888181, 56.35775753668493, 91.15588507122956, 24.456524250752278, 84.19542224696437, 102.80629645113564, 121.07760982170579, 36.88878940735945, 18.650818264255342, 84.91676490361557, 91.62639246194011, 80.59536917787811, 91.25184581718531, 56.95536539298595, 32.19046798568698, 26.923316198642386, 23.743558793553632, 55.995877632301315, 88.98994835017858, 47.114547555693356], [29.75065874544946, 73.32596255391125, 22.569852630499103, 88.84798378294757, 90.27239983340954, 48.785660793919334, 21.073740567222337, 43.17960871060566, 55.69816091988048, 52.425368106077386, 72.36946357552067, 57.60197470871375, 36.43787650374074, 89.55510333324149, 34.441734925246074, 90.92563554656329, 0.0, 60.891905379041674, 47.85586240768214, 67.67027967634249, 52.264267392630885, 31.39549222891086, 45.79297090278658, 22.38223640048898, 16.997351225473786, 72.72250006095501, 56.714252517727864, 41.605383440022514, 33.13054629649056, 79.51359607197419, 38.6590252090027, 26.911366555507527, 66.83000148744502, 49.532156695397134, 24.38482172937044, 30.20004600871032, 78.00390159447817, 79.67901936239201, 63.592606713782644, 19.655007745503696, 52.9805285848749, 39.80077208927966, 39.34750514832662, 62.90784099040046, 64.19738799957524, 83.08194543580281, 35.535470908626486, 22.63036356995877, 52.76644387622447], [75.23311737493633, 118.04604391327658, 42.053232792403755, 72.40550007902708, 80.6960763259611, 82.02483164408784, 76.97319340341039, 17.887404999074384, 52.38382625836416, 86.07429960156428, 110.17851924708685, 9.249064884148138, 76.6373428368434, 70.9075832212244, 27.31504324526601, 80.86007152081093, 60.891905379041674, 0.0, 14.579248341531704, 29.67007455202839, 48.86165870337372, 88.43442796829555, 22.560010847553418, 83.14581837741937, 49.99171652641596, 12.08990458976727, 66.58828757806502, 47.76446537132231, 83.71924927962877, 81.36702822118625, 40.02164948051014, 83.87447636706646, 67.55959276048503, 98.87302217941227, 49.75991757707073, 78.82475977208952, 94.0411313640861, 62.39320225958368, 4.430595958718211, 78.03196980869038, 99.77339743601523, 94.43746098560592, 37.998090198361815, 73.32971984068793, 60.87301563338669, 59.614340707557275, 58.40614426812977, 39.86445216038402, 37.40965388107901], [65.8503958977662, 110.28268951615628, 31.74249386410074, 77.80347205809838, 84.73852409448993, 75.69710586462462, 65.52495568347112, 5.715490884627871, 52.30052342115846, 79.87901376989322, 103.91708744507632, 9.83466968126765, 68.44626251504995, 76.80842696664376, 17.303415523484418, 85.03574045587399, 47.85586240768214, 14.579248341531704, 0.0, 37.864315459206296, 48.23101529530468, 76.96925896162271, 20.526273877227926, 69.77649293895189, 39.323212556951205, 25.350439910360404, 64.61409246189761, 43.97548157993904, 73.67178688049519, 82.53677869277747, 35.54418787668111, 72.34654437703304, 68.06038373357386, 89.56434928063437, 35.181842120094515, 64.27239989910554, 92.36531451942922, 67.38871639005833, 16.13452785010631, 66.0176001765949, 91.0973581438262, 83.71778737742646, 33.75928921243353, 71.80672967911683, 61.84273900861947, 66.14673265173303, 52.14789028713632, 25.921916389700687, 38.38186641792847], [69.5923109200898, 105.58001559319437, 45.1056805966924, 43.0814552215167, 52.04498835313358, 68.70710394753301, 76.74657751206924, 36.364957753591874, 31.222891430759795, 72.13172863617652, 94.89192580246639, 38.24728241648993, 67.97337869867313, 41.402423654202046, 36.318537853764674, 52.11454724420089, 67.67027967634249, 29.67007455202839, 37.864315459206296, 0.0, 29.529614935125874, 87.27201953370168, 23.131819824616457, 89.14798795290365, 51.73090134160035, 34.49167800607455, 46.57648261815069, 35.01071523636924, 78.93550059510304, 55.49728047742291, 31.614203619849, 83.26389080511684, 43.42538021711863, 91.04879627481459, 67.01234818709206, 93.26315677036632, 71.4891791837255, 33.46520720299378, 33.36510396118056, 79.45706972539503, 90.34535876771999, 90.65603530642312, 30.086331149432734, 51.85397571332418, 36.67960800853831, 30.00949471344771, 48.14093977013775, 53.516002915151184, 19.16723858242373], [43.678786058749075, 76.12800252907375, 32.81099328557335, 36.82559900584692, 40.01335324133775, 39.39034791378916, 54.00111305308278, 43.53830377936245, 4.277774813212515, 42.680609179929235, 65.39836286200939, 54.159979663320364, 40.40427947566102, 37.341949197238485, 35.20051329629868, 40.53315227492047, 52.264267392630885, 48.86165870337372, 48.23101529530468, 29.529614935125874, 0.0, 63.00552498961352, 27.891542583791697, 70.2540821620964, 35.443779243956406, 58.3413723619922, 17.97265156253844, 10.68945000539954, 52.87603771201269, 34.52074440984654, 15.83784804595811, 59.66366770214628, 19.924778636437072, 62.95534741995674, 62.275357858777696, 81.90480200716178, 45.17950076974206, 27.415004425494203, 53.29086073683351, 57.72485826650735, 61.68350522490547, 64.563317775696, 16.583084630367427, 24.476653906308627, 14.247976479087923, 31.284324182883367, 21.682780064799896, 48.475609609527275, 11.791484437782282], [19.839486770318846, 45.74563020177035, 46.44702347101268, 94.67951565476771, 92.40541462013384, 36.652886261084205, 11.473584609182529, 71.70066080535628, 64.74481294409162, 38.203929039638105, 49.38808566301857, 86.79450076634846, 25.83283684546123, 96.32328225925977, 61.125349095204946, 93.1884134087109, 31.39549222891086, 88.43442796829555, 76.96925896162271, 87.27201953370168, 63.00552498961352, 0.0, 69.2632140352806, 21.14749870112031, 38.49871295097677, 100.5219165625493, 57.802632862604064, 53.5958231947503, 12.304860712174909, 77.82772064545993, 55.66569990454793, 4.632646252576753, 69.3551210593867, 21.958171279440624, 55.18296211229819, 47.00136250239708, 68.30987967868256, 87.80787032139442, 91.76037269192076, 11.760317088804612, 26.88119728428275, 9.296234423933972, 57.27279221038157, 61.14597662240418, 69.8237313845042, 93.34261425179601, 41.332569355355076, 53.39344027161749, 68.95538670086997], [54.1116755680669, 95.76187757284995, 23.735354473136024, 58.190762275208264, 64.53385173774022, 59.51507724929894, 58.05068281218604, 16.457814696885706, 31.872176587238677, 63.542813238492776, 87.63188188296583, 26.44416234380622, 54.73458330159925, 57.47996576398369, 13.197890453218028, 64.86917180121553, 45.79297090278658, 22.560010847553418, 20.526273877227926, 23.131819824616457, 27.891542583791697, 69.2632140352806, 0.0, 67.89397796387672, 31.29856143717858, 33.81283654089781, 44.90664892277978, 25.28114306287394, 63.02043159337486, 62.03401356718328, 17.469807109086037, 64.8896257415221, 47.6029320019288, 77.41799387289527, 44.03655674206029, 70.20181466448146, 72.6378337257834, 47.72334713994136, 26.871244404565246, 59.967590366902506, 77.93576961203917, 74.24927433034937, 15.441633026109848, 51.93394368516806, 41.326341919699864, 47.445717799891234, 35.981714507754326, 30.396510429038003, 17.90710521262556], [33.99858344879237, 66.73142247453612, 44.28020525461606, 105.43296285674019, 105.07400122707647, 54.02564431283221, 19.58819828926039, 65.3389908921955, 73.0440587801642, 56.49694671696689, 70.36072348501496, 79.39224683492529, 41.51240236673123, 106.5820507484951, 56.82013480999084, 105.80283486395639, 22.38223640048898, 83.14581837741937, 69.77649293895189, 89.14798795290365, 70.2540821620964, 21.14749870112031, 67.89397796387672, 0.0, 37.43861976224341, 94.87847657496364, 70.15353173768759, 59.71122149128875, 30.82570923214604, 92.10348627853935, 58.71882718559139, 19.167305786568456, 81.3550806721393, 43.10383915408728, 40.67095653881399, 26.070262414767505, 85.82314698463526, 97.16851821269725, 85.7018459808195, 14.850218878667244, 48.00038009655804, 30.16928717233967, 59.772894623064836, 75.02350262833535, 80.19442039893634, 101.538375129683, 50.17758180324797, 43.986481345588516, 72.95538186079702], [26.87497341303298, 72.11253068359765, 7.949971977874876, 72.19153978870234, 74.21097584257386, 40.74264144523613, 27.082470172303907, 33.79387620715637, 39.03565651819821, 44.86758476737898, 67.73724602991626, 49.011451357957995, 30.757600761874613, 72.78448744934364, 22.74764603793408, 74.82930280763584, 16.997351225473786, 49.99171652641596, 39.323212556951205, 51.73090134160035, 35.443779243956406, 38.49871295097677, 31.29856143717858, 37.43861976224341, 0.0, 62.08114349867939, 41.96445264872605, 24.872140795337028, 34.3536750466625, 64.62332149914384, 21.71968924281063, 33.985148224531386, 51.19045677556104, 50.414809745963936, 31.07973920677439, 46.49228144578193, 66.03351221026058, 62.83826042251851, 53.438213356932394, 28.690337970977147, 52.331641619589185, 44.560270074618685, 22.533944775684585, 48.73665706727739, 47.9315919209198, 66.09922043839774, 21.420167740293426, 20.689226823293527, 35.9097809640187], [87.18904447104158, 129.57236052053787, 54.14140235622258, 77.35839374392756, 86.53273243637227, 93.25574151787264, 89.05907057506712, 29.549638244098237, 61.48869571109938, 97.24160023925882, 121.26440190871382, 16.674495087826088, 88.3789108639958, 75.47897387635628, 39.39867609236806, 86.59336722438165, 72.72250006095501, 12.08990458976727, 25.350439910360404, 34.49167800607455, 58.3413723619922, 100.5219165625493, 33.81283654089781, 94.87847657496364, 62.08114349867939, 0.0, 76.29473770133824, 58.55321552574183, 95.74426812188096, 89.1446694264307, 51.20045432207254, 95.95936704086552, 75.97836640295661, 110.77766154120587, 59.990158185768244, 89.18634495520612, 103.26356181203289, 67.94273247268899, 9.221074991536701, 90.08194190531904, 111.55665755271363, 106.51033665928489, 49.16164142797507, 82.71715428055714, 69.17650624706275, 63.98092281148846, 69.79094377020286, 51.22769420106155, 46.58526624888736], [38.10492549383179, 60.896262217597275, 42.649333649457716, 37.00886920387034, 34.99590193115013, 26.079196504030758, 51.4193906667111, 59.4938158908454, 15.381341267216982, 28.29025782353876, 48.89194672316784, 71.35074690056912, 32.245732405361636, 38.8646239620969, 49.6859063767191, 35.745072316006905, 56.714252517727864, 66.58828757806502, 64.61409246189761, 46.57648261815069, 17.97265156253844, 57.802632862604064, 44.90664892277978, 70.15353173768759, 41.96445264872605, 76.29473770133824, 0.0, 21.083548697936987, 46.01944959198574, 22.8074276061556, 29.438980688154196, 55.54016490690144, 11.552559748348836, 51.849567157604525, 72.33302775247608, 86.8524401743836, 27.767778077496228, 31.37601679412487, 71.01750484843153, 55.88763140692097, 49.36059720693728, 56.78536282121766, 31.020329683864766, 7.328370511520487, 13.511437516990082, 38.078327088330695, 21.17878483565709, 59.65478071307251, 29.76319775187179], [34.930879548272245, 71.87565445567962, 23.03538877281632, 47.32008129607221, 49.70446770752296, 35.030887202665156, 44.02694020789484, 38.677725126662786, 14.166391549570678, 38.876125871631906, 62.75936262819757, 51.37805769370945, 32.964965747792576, 47.954616171122574, 28.60630455216502, 50.284703618899265, 41.605383440022514, 47.76446537132231, 43.97548157993904, 35.01071523636924, 10.68945000539954, 53.5958231947503, 25.28114306287394, 59.71122149128875, 24.872140795337028, 58.55321552574183, 21.083548697936987, 0.0, 44.2787689278374, 41.9327899467376, 8.455447162777721, 49.99225748912849, 27.60835603118963, 56.0600906161653, 52.908762905668354, 71.36437377916819, 48.58594672173243, 38.08409371613862, 52.118674101510734, 47.53640230403045, 55.547718139355666, 56.04094559267258, 10.227205233020117, 28.408760727070252, 23.388672011829755, 41.8829757144137, 13.136313756602046, 39.521274953934345, 15.89492332460427], [9.355506195270692, 40.195792770915844, 42.019129638436304, 83.01237036715084, 80.3508834673632, 24.397602065523145, 13.006453034411466, 68.11344615379099, 54.16127371039201, 26.183711956756007, 40.52069523395705, 83.32618100230471, 13.792152189177258, 84.77153023610832, 56.85499376450715, 81.14073428856602, 33.13054629649056, 83.71924927962877, 73.67178688049519, 78.93550059510304, 52.87603771201269, 12.304860712174909, 63.02043159337486, 30.82570923214604, 34.3536750466625, 95.74426812188096, 46.01944959198574, 44.2787689278374, 0.0, 65.59134929487695, 47.743677311969826, 11.86322194104114, 57.547678418809625, 16.610286913063778, 57.465012680037, 55.199820255434155, 56.178103769868, 76.5628441888015, 87.39753073491201, 16.977234506260686, 19.86047024826793, 11.762367034046346, 49.55094252511372, 49.013944616394475, 58.452831775035584, 82.41364737933849, 31.36459094676484, 52.59104564536439, 60.07359881103598], [58.876078418487715, 69.03243838478308, 64.65320229761583, 24.352436470052062, 16.50717621681606, 42.16272401085396, 72.89577218275691, 78.00489562943031, 30.32218977736842, 42.34372420961005, 54.6718474938356, 87.73470215290423, 52.0511191677436, 27.278535092837753, 69.57182836335375, 17.3220118888181, 79.51359607197419, 81.36702822118625, 82.53677869277747, 55.49728047742291, 34.52074440984654, 77.82772064545993, 62.03401356718328, 92.10348627853935, 64.62332149914384, 89.1446694264307, 22.8074276061556, 41.9327899467376, 65.59134929487695, 0.0, 49.53853571875514, 76.21941188350313, 14.616959194900469, 67.34603373487528, 94.54732668622293, 109.62837283295738, 20.45811443732198, 26.025225238232807, 85.70457283026447, 77.51799476492683, 63.55690731889652, 75.12239383188057, 50.689244769277146, 17.08049275633769, 20.726112105021127, 33.439066342778645, 43.9806023958343, 81.41718289767921, 44.44339150158664], [38.48942274450502, 78.48114278277211, 17.443165461231573, 52.15239504816336, 55.8452389068882, 42.06279829152858, 45.171118164491936, 30.22365288932691, 20.042160998880306, 46.076825003158746, 70.1621239503847, 43.132537627057346, 38.032440130777935, 52.35771177310174, 20.297304789582938, 56.35775753668493, 38.6590252090027, 40.02164948051014, 35.54418787668111, 31.614203619849, 15.83784804595811, 55.66569990454793, 17.469807109086037, 58.71882718559139, 21.71968924281063, 51.20045432207254, 29.438980688154196, 8.455447162777721, 47.743677311969826, 49.53853571875514, 0.0, 51.65194643154742, 34.989504058399255, 61.05395619963838, 46.477850056056475, 67.35101332333427, 57.02736553890054, 42.247876553481255, 44.30526732492685, 48.04444486364096, 61.14611065409177, 59.36280051058149, 2.0391948312059536, 36.74559088746672, 29.94356192967842, 44.77484474061721, 18.677897658410153, 32.63832823030651, 14.247867349418149], [17.461754443580595, 48.83504890602046, 41.92664025099232, 92.19133332499288, 90.38503124902236, 35.961999005317004, 6.905607508842098, 67.08955942717664, 61.60833481385209, 37.98520104522092, 51.326704171755004, 82.17341788998573, 24.24032800350856, 93.72797628551473, 56.56069132883546, 91.15588507122956, 26.911366555507527, 83.87447636706646, 72.34654437703304, 83.26389080511684, 59.66366770214628, 4.632646252576753, 64.8896257415221, 19.167305786568456, 33.985148224531386, 95.95936704086552, 55.54016490690144, 49.99225748912849, 11.86322194104114, 76.21941188350313, 51.65194643154742, 0.0, 67.07093757158928, 24.738449973533577, 50.87990291957394, 44.35263037498632, 67.84831774638656, 84.99219245272425, 87.17559076021175, 7.420590759524, 29.287740987598013, 13.105110887323047, 53.205386576224655, 59.33914822367292, 67.14963080044117, 90.31237744990278, 38.0809354978344, 48.788620345741464, 65.14226454926518], [49.647861426399345, 69.48842559985282, 50.552734557261864, 25.561387603753143, 23.739395685475934, 36.71120686878096, 62.833819052289556, 63.4491549875478, 15.766625669364766, 38.31935635380694, 56.3769655063398, 73.5550194555241, 43.763003563493804, 27.56475913214977, 54.96084507836402, 24.456524250752278, 66.83000148744502, 67.55959276048503, 68.06038373357386, 43.42538021711863, 19.924778636437072, 69.3551210593867, 47.6029320019288, 81.3550806721393, 51.19045677556104, 75.97836640295661, 11.552559748348836, 27.60835603118963, 57.547678418809625, 14.616959194900469, 34.989504058399255, 67.07093757158928, 0.0, 62.68005269121838, 80.46864686507996, 97.02869054805319, 28.13081676577128, 21.03492087766681, 71.94589141043603, 67.24783996039774, 59.81796439157223, 68.20691766044376, 36.09535598597764, 10.85457537189925, 6.817774933789043, 28.304762461147707, 31.606438691499836, 67.1244180849848, 30.272632754218474], [23.739187946299097, 24.147408965860237, 57.82203093124383, 88.01139090935415, 83.37624059217728, 25.97658548436141, 28.72139675184792, 83.93310550142276, 63.2601808513337, 25.025263944103322, 28.008379328827292, 99.09253524222353, 23.128116341040084, 90.19460082866499, 72.49755531852668, 84.19542224696437, 49.532156695397134, 98.87302217941227, 89.56434928063437, 91.04879627481459, 62.95534741995674, 21.958171279440624, 77.41799387289527, 43.10383915408728, 50.414809745963936, 110.77766154120587, 51.849567157604525, 56.0600906161653, 16.610286913063778, 67.34603373487528, 61.05395619963838, 24.738449973533577, 62.68005269121838, 0.0, 73.91374961084834, 68.90168108489645, 53.3380684451335, 83.22139717195535, 102.71772414807033, 31.71521610387427, 5.36320916588172, 13.2475545970173, 63.00077792404014, 52.579085889081504, 65.26128841772515, 89.85231140109506, 42.97985591126334, 69.15756284840529, 71.88717436970889], [53.25288678265655, 97.63960830274254, 29.918982442367316, 98.42112592845784, 102.27829931965104, 70.69297278885007, 45.40180732573289, 32.93438169720048, 66.4071996013484, 74.63997770140188, 95.98153051122196, 43.368701664979916, 59.20058922577521, 98.3971645080763, 30.918122318120556, 102.80629645113564, 24.38482172937044, 49.75991757707073, 35.181842120094515, 67.01234818709206, 62.275357858777696, 55.18296211229819, 44.03655674206029, 40.67095653881399, 31.07973920677439, 59.990158185768244, 72.33302775247608, 52.908762905668354, 57.465012680037, 94.54732668622293, 46.477850056056475, 50.87990291957394, 80.46864686507996, 73.91374961084834, 0.0, 29.196209699793325, 97.10956325866238, 88.27173441620886, 50.95391974825655, 43.47409320992261, 77.28173693238293, 63.93284811044222, 46.05137178567914, 79.35535850848157, 76.14303748080641, 89.7160789271216, 52.42228434719607, 14.123326089482333, 57.98452135679844], [55.81703052813427, 92.72534288773468, 50.0568351221615, 118.68281337672988, 120.43222960898545, 76.12348148076616, 42.48083647685293, 61.56887643095812, 85.5274595953093, 79.23196829923306, 95.57590598787631, 72.55966339962845, 63.30592290723586, 119.2416445720601, 57.16634186166958, 121.07760982170579, 30.20004600871032, 78.82475977208952, 64.27239989910554, 93.26315677036632, 81.90480200716178, 47.00136250239708, 70.20181466448146, 26.070262414767505, 46.49228144578193, 89.18634495520612, 86.8524401743836, 71.36437377916819, 55.199820255434155, 109.62837283295738, 67.35101332333427, 44.35263037498632, 97.02869054805319, 68.90168108489645, 29.196209699793325, 0.0, 106.89040082403329, 109.24878568169144, 80.13891911262198, 38.22386279760862, 73.61926729049142, 56.1642148140106, 67.65508857875679, 92.89400669868431, 94.2788584541266, 112.12585157348771, 65.68393190788322, 40.278393968980204, 80.88565537241233], [51.8934721238493, 50.24880896863052, 68.47930219794269, 44.795343713145364, 36.12218957430899, 31.902212316263235, 66.25961072591839, 87.19756122398728, 41.78906117136034, 30.134524238351535, 35.50408845873869, 99.077231175664, 44.328690653571364, 47.73464970497997, 77.11233159121824, 36.88878940735945, 78.00390159447817, 94.0411313640861, 92.36531451942922, 71.4891791837255, 45.17950076974206, 68.30987967868256, 72.6378337257834, 85.82314698463526, 66.03351221026058, 103.26356181203289, 27.767778077496228, 48.58594672173243, 56.178103769868, 20.45811443732198, 57.02736553890054, 67.84831774638656, 28.13081676577128, 53.3380684451335, 97.10956325866238, 106.89040082403329, 0.0, 45.73876901719215, 98.47019184075843, 70.99203676142453, 48.72270656546833, 63.509620862460686, 58.689744167184095, 20.73371452617737, 34.81338986930135, 53.31018535607579, 44.74716328392859, 85.48136033015543, 56.76239434967045], [67.98136347967358, 90.43900445771989, 59.67459068859186, 10.46748920491245, 18.601128409912175, 57.36975871877524, 79.94433091818696, 64.08072562561125, 24.171319776732787, 59.232991259842045, 77.06632393069346, 70.21558893292351, 62.99687523107835, 10.130830121180942, 58.803633982142294, 18.650818264255342, 79.67901936239201, 62.39320225958368, 67.38871639005833, 33.46520720299378, 27.415004425494203, 87.80787032139442, 47.72334713994136, 97.16851821269725, 62.83826042251851, 67.94273247268899, 31.37601679412487, 38.08409371613862, 76.5628441888015, 26.025225238232807, 42.247876553481255, 84.99219245272425, 21.03492087766681, 83.22139717195535, 88.27173441620886, 109.24878568169144, 45.73876901719215, 0.0, 66.38971309419588, 84.00043929664925, 80.61060604293883, 87.73157205670758, 42.35721621004213, 31.859803760221123, 18.15467396936327, 7.599528181346167, 47.281127923913296, 74.19117902806398, 30.64806921097798], [79.0302988620893, 122.14710259587608, 45.53788701523069, 76.30933146080467, 84.76994347739026, 86.25334461968444, 80.28755183848979, 20.41704129255574, 56.803184463611345, 90.3196027030463, 114.43716420049736, 8.080798698281914, 80.63505273250743, 74.73377384677521, 30.69096604514609, 84.91676490361557, 63.592606713782644, 4.430595958718211, 16.13452785010631, 33.36510396118056, 53.29086073683351, 91.76037269192076, 26.871244404565246, 85.7018459808195, 53.438213356932394, 9.221074991536701, 71.01750484843153, 52.118674101510734, 87.39753073491201, 85.70457283026447, 44.30526732492685, 87.17559076021175, 71.94589141043603, 102.71772414807033, 50.95391974825655, 80.13891911262198, 98.47019184075843, 66.38971309419588, 0.0, 81.16830606134495, 103.72760550937646, 97.97416956488011, 42.28930861696667, 77.75982271676985, 65.24624292471483, 63.37262745600417, 62.600141346267606, 42.007972592022604, 41.82352562722401], [19.14851312611395, 55.86261921605403, 36.492675811912086, 91.81053695949471, 90.8812694468001, 39.24768835997627, 4.738108272231975, 60.904593021871335, 60.11476711863168, 41.859759021879874, 57.43685108207721, 75.85147519550598, 26.669412811218987, 93.13174872361904, 50.766680190411414, 91.62639246194011, 19.655007745503696, 78.03196980869038, 66.0176001765949, 79.45706972539503, 57.72485826650735, 11.760317088804612, 59.967590366902506, 14.850218878667244, 28.690337970977147, 90.08194190531904, 55.88763140692097, 47.53640230403045, 16.977234506260686, 77.51799476492683, 48.04444486364096, 7.420590759524, 67.24783996039774, 31.71521610387427, 43.47409320992261, 38.22386279760862, 70.99203676142453, 84.00043929664925, 81.16830606134495, 0.0, 35.97300898703524, 20.521575986728887, 49.41748187698154, 60.45502906164902, 66.57254278970852, 88.84573809646835, 36.7199798612788, 41.86491994688102, 61.97888660332976], [25.462181365643076, 20.358890296784605, 59.441237750030794, 84.89262763056865, 79.77391501074987, 23.282113209792236, 32.59890577321195, 85.41835341381653, 61.63439462938641, 21.5963537954055, 22.71669309620648, 100.47909507792274, 23.201221135253444, 87.18030395166603, 73.88402479655434, 80.59536917787811, 52.9805285848749, 99.77339743601523, 91.0973581438262, 90.34535876771999, 61.68350522490547, 26.88119728428275, 77.93576961203917, 48.00038009655804, 52.331641619589185, 111.55665755271363, 49.36059720693728, 55.547718139355666, 19.86047024826793, 63.55690731889652, 61.14611065409177, 29.287740987598013, 59.81796439157223, 5.36320916588172, 77.28173693238293, 73.61926729049142, 48.72270656546833, 80.61060604293883, 103.72760550937646, 35.97300898703524, 0.0, 18.478714538236463, 63.13803381989797, 49.43323432799321