instance_id,num_cities,city_coordinates,distance_matrix,best_route,total_distance
1127,81,"[[60.56034313557808, 3.925656859674864], [5.2588469569308405, 73.48934772433068], [81.37808877433136, 81.78109779750352], [77.688246027157, 94.50041879762995], [11.834699927400704, 6.904764696863131], [19.350989530963545, 64.90675205544292], [78.12248164839222, 27.611940873729758], [48.681440274643116, 91.81796995194162], [28.279915837674885, 23.45781330949068], [81.92412549437374, 23.920437336880518], [66.3015132923186, 28.02925884753118], [98.52779316770827, 13.096981054902933], [5.864094050069502, 1.0666664359603173], [64.66295815164474, 58.29354962614536], [73.87167644229771, 54.21784847093769], [37.26865808515256, 65.70656221651204], [58.53787708205099, 10.721526714633288], [43.59345908503456, 1.9588793479083155], [95.53552088821272, 16.408255586811794], [30.505002914978363, 1.5317930527322665], [71.9758122574499, 14.80355444446676], [5.731544171876735, 57.592096520465354], [80.37884660370077, 64.30448242863417], [73.75103049941288, 94.51432807153257], [18.08364224833977, 65.89257589343646], [44.740488154119305, 7.8211730788479095], [57.25501727316396, 14.185382040811223], [30.552349397625743, 9.013736467477951], [14.16892200289207, 88.01484890395182], [39.10114474114121, 70.33168696072671], [32.71703602687983, 35.366321930951415], [81.8054014921101, 18.13082209337007], [15.614259596506063, 41.5087553042595], [6.631613226590538, 7.6711021211883885], [69.95194845018037, 82.47500215772841], [17.683625806825955, 9.401534302082936], [28.84973038310965, 48.604918118913986], [36.448601794786484, 41.626632834424946], [63.66038711282699, 18.74481071887637], [87.2691313020298, 14.12747599520251], [53.8480967992106, 30.427867274127053], [17.981286581733546, 85.00239286216473], [3.688827136612416, 96.10713435910233], [30.714883310029574, 22.182464666852642], [57.44602745451408, 43.394142263426986], [99.32372616633243, 86.79787974383122], [47.307125802458216, 47.41745013102875], [86.56675816557465, 98.90355352341864], [69.40736373012099, 1.7263987697732186], [37.889203049902086, 5.235843681821972], [15.575329980232787, 23.57606763934158], [62.5840377358802, 36.34515726887073], [3.5740531169746403, 66.69124179700452], [31.557406132224376, 72.91671084651917], [28.570272786388497, 69.07113156161138], [17.464975111895097, 81.47527024313932], [65.75990353948802, 45.50894017280762], [86.20277939310277, 85.25916966890563], [14.596303199435855, 61.70983019958136], [84.19068155166845, 63.95290458852598], [73.93539869166457, 34.237861319639606], [46.84749655510616, 64.01947841291559], [51.34214701710875, 14.82753018312275], [55.975535854926775, 0.13145096518085708], [31.80669417648849, 99.43711054950816], [61.76562107886029, 63.276792735099164], [58.95866337065525, 41.717516532016006], [6.245107158685959, 75.75137718659818], [54.85657742937373, 29.39896219890987], [97.25491405056832, 28.784449297795568], [11.055204818562625, 73.52085465493926], [11.652582020114954, 4.133637398672462], [96.13783277998444, 54.725325153836145], [29.217578381642873, 93.74224568542779], [31.03647184409852, 56.90258225801572], [89.94959223060653, 56.513140073989696], [15.809588342538294, 47.876988199793956], [47.273123678891494, 85.29040060705798], [30.52576825908957, 31.196720107881937], [54.897828485273756, 58.11752567979214], [23.953567845869483, 13.889848741696708]]","[[0.0, 88.86710621096164, 80.59062114851552, 92.18000085474395, 48.816630256053095, 73.59962497041329, 29.486755663140396, 88.69141465716159, 37.72971139719062, 29.260937151869097, 24.777906763034665, 39.05944763352752, 54.770918289425175, 54.52246522156248, 52.02399572761168, 66.02562274752648, 7.090431300224414, 17.080496718930007, 37.13594390628989, 30.150523373603132, 15.7683731290717, 76.72212159258399, 63.548215213354375, 91.54398715950977, 75.12768579425747, 16.292417200901355, 10.77901386255659, 30.43629810394701, 96.03726450378268, 69.78723400102348, 41.99720432211501, 25.55658865907251, 58.588733679749225, 54.058637328400366, 79.10879784915275, 43.224971054403106, 54.78867901134649, 44.7519793968258, 15.13993374369796, 28.590846069929615, 27.33900890178678, 91.57736171037538, 108.31340695407037, 34.98660462958155, 39.591164446471076, 91.48991851428366, 45.466293577078524, 98.47402945640653, 9.116277175813833, 22.708967001897573, 49.089612469403654, 32.482600675086694, 84.77591581699089, 74.83940061916697, 72.57614949201115, 88.71952029300816, 41.90709819940022, 85.27997914581431, 73.83565301280701, 64.51095537627556, 33.1318857047272, 61.63853948798835, 14.276763696267711, 5.951172671879575, 99.74572729900628, 59.36337275310121, 37.82578532645803, 90.05042453929288, 26.10406535651433, 44.32212874080863, 85.40638311009785, 48.908203332690604, 62.01906213572288, 95.128274086703, 60.64827780487442, 60.24260413681894, 62.724393828204576, 82.44253590209043, 40.56829524023785, 54.48690409980833, 37.93864938256197], [88.86710621096164, 0.0, 76.56952457820185, 75.41540265304769, 66.9085087207222, 16.499982749762985, 86.10369167339051, 47.13236683212402, 55.07380546426115, 91.29425945930429, 76.11062208404286, 111.1140597728456, 72.42521031409315, 61.31688761405578, 71.267882341638, 32.94237026574043, 82.33136950991931, 81.15510084500245, 106.80884296586548, 76.25783936733411, 88.8548017374277, 15.904277364778801, 75.67942981703023, 71.64655612810202, 14.905915487389988, 76.62316329213482, 78.87053995850907, 69.25940883852701, 17.040528801766566, 33.98929156091922, 46.98209491544335, 94.46661511476367, 33.61536646348792, 65.83255988875624, 65.31415900409593, 65.28110721114984, 34.289424282342466, 44.58736824483993, 80.04813692099465, 101.23990593411993, 64.92462012825915, 17.158399644272016, 22.672212827429256, 57.27482899043883, 60.24303445230279, 95.0016764335945, 49.47526248527488, 85.18719552556652, 96.25462610625361, 75.65236911581063, 50.96827788745316, 68.30716201420188, 7.003768591430006, 26.304792865374278, 23.72642426205052, 14.586449979752647, 66.65794066992405, 81.79516432429587, 15.031471058967325, 79.50583789995207, 79.10213614783868, 42.65318511172512, 74.59811915641282, 89.18275365619851, 37.122427016894214, 57.42222393006765, 62.394867899376514, 2.467688487984698, 66.36186377579617, 102.28296194393215, 5.79644349120881, 69.64979829715809, 92.79589757770978, 31.371972958424138, 30.65300529243528, 86.3754245210877, 27.70038093962062, 43.64016839576139, 49.265440856579026, 51.96461680932643, 62.46273183344055], [80.59062114851552, 76.56952457820185, 0.0, 13.24371799016924, 102.18976558791715, 64.28144821617819, 54.26690095805078, 34.2024798188187, 78.8734523314452, 57.863236904265364, 55.82618846713961, 70.79279803406133, 110.53136581637412, 28.828120140504236, 28.56709539902401, 46.94712525669735, 74.64005568479747, 88.31344630899751, 66.88827537590693, 95.01590275776087, 67.63426733030987, 79.41981801207876, 17.50515837309011, 14.842748099339708, 65.258195572109, 82.5371688610372, 71.77118758464273, 88.76003975958609, 67.49764255859817, 43.799874489486776, 67.24752391897064, 63.651710058497066, 77.11512690791174, 105.25838240231732, 11.44719118248352, 96.41465565206639, 62.12799154441329, 60.25811029825112, 65.47893127430511, 67.9096232137385, 58.267098291722554, 63.47858906860632, 78.99909301617465, 78.22248691367449, 45.236068730501586, 18.63367925295986, 48.391019815419966, 17.89136048872607, 80.94475334760475, 88.03669183463637, 87.85117301793333, 49.16951338133583, 79.25384355781763, 50.60313997117493, 54.31582339552583, 63.91384535858021, 39.491734942651775, 5.947656976448746, 69.73279477805777, 18.048688352003907, 48.122271044254724, 38.83087588728054, 73.38213688314566, 85.50996738782075, 52.621839084870416, 26.964016669413695, 45.90992462689652, 75.37454780695197, 58.713530756463356, 55.32375920934652, 70.80635299625871, 104.35887311829462, 30.81987794359724, 53.514370997168214, 56.15352999232409, 26.682210534703064, 73.81542451606947, 34.28503828742675, 71.72682739415683, 35.512938914519154, 88.92017376400557], [92.18000085474395, 75.41540265304769, 13.24371799016924, 0.0, 109.58872273757878, 65.41422327560187, 66.8898874236669, 29.13057348858425, 86.53458780543352, 70.70697601977135, 67.43940085355337, 84.02860466149187, 117.8497979956248, 38.478506980403594, 40.46296671675201, 49.626900630760915, 85.93974278171935, 98.62246711755444, 80.1056251140401, 104.25652882902732, 79.90132719360665, 80.8702120388264, 30.315571983106956, 3.9372400967949592, 66.11442707352766, 92.72996488318819, 82.87352995113791, 97.62051837030049, 63.84956649301031, 45.53121988549595, 74.29166266228499, 76.48049600972718, 81.61676415533299, 112.19792912283323, 14.298984074498279, 104.12672370805015, 67.01938221786199, 67.05479474650046, 77.04344865789733, 80.9419748793699, 68.36405908035805, 60.45770011246055, 74.01685977555225, 86.23446697589095, 54.969072340117535, 22.96569417039139, 56.03408252633171, 9.910377046584845, 93.14285696577342, 97.73498960204124, 94.27766398822395, 60.084703141354176, 79.1597367111579, 50.93045099280735, 55.3102517135186, 61.61571921676789, 50.422716431679405, 12.565745656305149, 71.10426112676306, 31.231911438556512, 60.37929857916207, 43.36172914834365, 83.91594671590697, 96.83462125079583, 46.14637283339446, 35.0491770193948, 56.00742841863108, 73.86236289688978, 68.98901899747551, 68.56707041168924, 69.85774325243773, 111.92347430837695, 43.84569905615226, 48.47659691510902, 59.916486436427775, 39.917088515426286, 77.47717442938567, 31.7789883811714, 78.94084859580532, 42.93155067496851, 96.87868518920484], [48.816630256053095, 66.9085087207222, 102.18976558791715, 109.58872273757878, 0.0, 58.48696561584877, 69.4467936675957, 92.56313899662322, 23.333421195948652, 72.12531242012398, 58.41984261576204, 86.91395721630352, 8.350540452352671, 73.69960707843313, 78.01996123635591, 64.06666542838062, 46.85887779961169, 32.14157066973545, 84.23861210044502, 19.428047712948036, 60.65759863176619, 51.05344373861712, 89.40373392241024, 107.28032245571838, 59.31788221011439, 32.91854649197355, 46.00013713782644, 18.836086738477977, 81.14366489615027, 69.03936182097102, 35.300597745093384, 70.86553070518342, 34.80978651541982, 5.2592189785241965, 95.33349550787541, 6.359543411642058, 45.03791798952614, 42.56115943086522, 53.16096821959744, 75.77942329757325, 48.150408841137434, 78.33913487232886, 89.57353402028123, 24.287227938460017, 58.41119647790879, 118.47885694985652, 53.84766177420432, 118.52703351584809, 57.80507841890628, 26.107899768362834, 17.085802731860188, 58.67053777487544, 60.35446238491677, 68.89529863863629, 64.37962851773034, 74.78275400171046, 66.31900141575255, 108.02788539048524, 54.874599382495276, 92.14053582387128, 67.84979703727845, 66.99243577120997, 40.29402670987782, 44.65748733738355, 94.66316909590081, 75.30539444274191, 58.58835738384488, 69.07314672600208, 48.547614411584206, 88.177851975902, 66.6206503565313, 2.7771052257578672, 96.92174271637604, 88.5602200075987, 53.55828419226276, 92.53608651277263, 41.16458230915154, 86.02435582459107, 30.650532345634524, 66.91173236949196, 13.987793204743927], [73.59962497041329, 16.499982749762985, 64.28144821617819, 65.41422327560187, 58.48696561584877, 0.0, 69.60597120067084, 39.80564017196866, 42.399767076676056, 74.80157310180357, 59.70176870717602, 94.62144897041065, 65.24916000697198, 45.79201837277393, 55.55859934449908, 17.935510662134025, 66.87040302836444, 67.45466632104885, 90.31161042657533, 64.34902830009197, 72.66156052438348, 15.459413879074758, 61.030828829320505, 61.93523241998445, 1.6056206819576564, 62.47711554984189, 63.31960751017554, 57.0043827646521, 23.682017731298984, 20.481663739859478, 32.42357492428867, 78.02910480858633, 23.694501526123325, 58.631920972869175, 53.563984683747364, 55.530255713768135, 18.867322742519562, 28.884118405602052, 63.98630745736355, 84.80217484732783, 48.773393419365426, 20.14226565215323, 34.91084626246591, 44.209759269699155, 43.74956336308162, 82.9147759836532, 32.97607067304559, 75.3242461840444, 80.60643671114677, 62.48425935071026, 41.50278399512961, 51.81564584023821, 15.877535269958862, 14.599864591093837, 10.116187049237215, 16.675516343578703, 50.299725697907405, 69.88120427185274, 5.729515814072038, 64.84670759822743, 62.61021148652562, 27.510818836331424, 59.42526920965875, 74.4123445724581, 36.708176690557856, 42.445938989846994, 45.89671525449685, 17.010880253274976, 50.21404098962205, 85.8710790200718, 11.959214338289714, 61.258770337708036, 77.45889716425394, 30.47679885475585, 14.163941225401784, 71.0958186199247, 17.394090357260644, 34.57077817537006, 35.513968146747, 36.189381791120695, 51.224097365097336], [29.486755663140396, 86.10369167339051, 54.26690095805078, 66.8898874236669, 69.4467936675957, 69.60597120067084, 0.0, 70.63419205429473, 50.01537905900204, 5.299027674419108, 11.828332391615971, 25.04118201568147, 76.98003749860047, 33.5040279428579, 26.94334173727021, 55.859064394118526, 25.861995794713145, 43.01549679857764, 20.705953239970146, 54.291789354304775, 14.206910555179679, 78.35341448418995, 36.76185235498794, 67.04505200171482, 71.20441878154253, 38.80762785281538, 24.813777454173387, 51.07651798519685, 87.96913714387568, 57.85880606931568, 46.06283662203965, 10.171308268976022, 64.03436011552304, 74.21981755473544, 55.46812693966576, 63.12269166426846, 53.55846441849531, 43.96730436137677, 16.964025923663762, 16.29392503194437, 24.437168438643475, 83.13018298718433, 101.15315345839508, 47.71749775598642, 26.01141362434003, 62.86865776398345, 36.63119371317969, 71.78997033076361, 27.313267295310517, 46.03701154859455, 62.67722436869545, 17.82448618689024, 84.17042210394183, 64.96790315312458, 64.60871377451939, 81.12084411532396, 21.751687783019296, 58.21077391176421, 72.09883081442219, 36.844113421091535, 7.838015402003578, 47.996181954948156, 29.67536823140747, 35.293973049127736, 85.46348441350206, 39.236826400519874, 23.795360800663712, 86.50874113090649, 23.33443259102717, 19.16832662566931, 81.27513756333806, 70.4945266716512, 32.5528567642731, 82.24905335636517, 55.45298902667816, 31.227549694733195, 65.52532957013156, 65.41014909277888, 47.731517549948386, 38.340255853437036, 55.87993410004294], [88.69141465716159, 47.13236683212402, 34.2024798188187, 29.13057348858425, 92.56313899662322, 39.80564017196866, 70.63419205429473, 0.0, 71.33956276521913, 75.59861808149262, 66.17753876890671, 93.17538832582171, 100.34502592338481, 37.13887009365773, 45.25833772431845, 28.496617540167897, 81.69322158098797, 90.00302059803145, 88.78023367154057, 92.09764716954034, 80.46022596308912, 54.9190676121314, 41.97281934400617, 25.214176590699044, 40.10425539948632, 84.08919662213468, 78.10457687183867, 84.76558864879503, 34.72142922121169, 23.525356942835266, 58.66558418077646, 80.7898048411261, 60.20345103453051, 94.06850333930794, 23.23199443115684, 88.05301452538983, 47.54644640712783, 51.66055225138876, 74.59259647365849, 86.7457362068429, 61.60713470398921, 31.447599715001473, 45.1965946538027, 71.91592845449719, 49.21061954944802, 50.89049445655997, 44.42178407758668, 38.542221086041764, 92.44487601351437, 87.25214595509973, 75.84834718085892, 57.1884180856602, 51.63360188834305, 25.504708213995272, 30.3624392053147, 32.88524189546916, 49.35787826247575, 38.090271072745125, 45.47852953629135, 45.13721395674998, 62.87472724263979, 27.85892103818328, 77.03640163043396, 91.97620123838533, 18.515084642600783, 31.397365880606166, 51.1436872687856, 45.37596028092263, 62.7237183827041, 79.57767953840543, 41.83919242514376, 95.18234352518452, 60.23266130380956, 19.558751414348276, 39.12070051433215, 54.30922001439179, 54.87593759371039, 6.677762887834079, 63.28162734152986, 34.26898636559769, 81.75732230334067], [37.72971139719062, 55.07380546426115, 78.8734523314452, 86.53458780543352, 23.333421195948652, 42.399767076676056, 50.01537905900204, 71.33956276521913, 0.0, 53.64620443873528, 38.29543037113228, 71.00782431805051, 31.683316188898104, 50.371165290705896, 54.99807631329203, 43.194377775355534, 32.82921282779273, 26.395241394486902, 67.62405396602094, 22.03863373263786, 44.544669270638344, 40.90939201584394, 66.20233353207384, 84.36024276108505, 43.642560312892016, 22.70363316051976, 30.422598259012418, 14.621741007908716, 66.0812453858869, 48.10674615948635, 12.708289151607103, 53.78991029886345, 22.05119849164592, 26.793082243070696, 72.24670844824888, 17.602850392818773, 25.153559766210225, 19.920678532508493, 35.692998488092876, 59.72254796555894, 26.501198651226716, 62.400296769059956, 76.698406062141, 2.748741666964008, 35.328731635957176, 95.17976151431007, 30.595733618659203, 95.3384272210579, 46.51581825619015, 20.60045091348134, 12.705136201381167, 36.6450053013272, 49.79466830453898, 49.56737322280805, 45.614242393433585, 59.01684718747609, 43.48564905885805, 84.7022182137169, 40.62582984990162, 69.03525288157115, 46.91090011641284, 44.609457849885644, 24.624140468550827, 36.21003380774504, 76.06110553060645, 52.02733491153072, 35.70157296208461, 56.746362143213794, 27.23263100557725, 69.18036881529729, 52.943354431392244, 25.492979514227425, 74.7151536750455, 70.29068676186083, 33.55817591939071, 69.97001939342817, 27.419065814851855, 64.68392996727188, 8.05819654345565, 43.70136079468501, 10.500630119986113], [29.260937151869097, 91.29425945930429, 57.863236904265364, 70.70697601977135, 72.12531242012398, 74.80157310180357, 5.299027674419108, 75.59861808149262, 53.64620443873528, 0.0, 16.153898174192744, 19.819913877068537, 79.41928750436065, 38.46373287246186, 31.349243326791342, 61.1571009940152, 26.853823869552343, 44.17635132836382, 15.546799002157533, 56.08188263349414, 13.493942712711533, 83.30120095629363, 40.413599008536124, 71.06544090380815, 76.40201382226698, 40.519244754826445, 26.520486459476697, 53.49083201955505, 93.26768569178293, 63.149123289549216, 50.5207475004353, 5.790832414826216, 68.60282242236701, 77.02599105851358, 59.7659609187068, 65.86076484098618, 58.533879146227385, 48.80094891238269, 18.982919969240164, 11.15666522413741, 28.820305891502894, 88.42902204028184, 106.45036935636239, 51.23872592187063, 31.27942562156763, 65.240469550602, 41.838335028039126, 75.1267046473062, 25.480280080511395, 47.83501264497886, 66.34968919795989, 22.987228190772075, 89.26407763322176, 70.26692847376232, 69.89434016971995, 86.41493423534132, 26.969344191204243, 61.48777897505269, 77.20799095890452, 40.09657978699587, 13.048716165521274, 53.275726113874896, 31.905146420142913, 35.202914323523366, 90.63401599292474, 44.218638722841405, 29.05423339952154, 91.72655091061921, 27.6164152799555, 16.083895364950347, 86.50205382463464, 73.00415929280545, 33.92595743993445, 87.48179827602874, 60.64136523553154, 33.5662388128897, 70.3210377628828, 70.47669344258061, 51.910841039704415, 43.587401633465014, 58.83194932725234], [24.777906763034665, 76.11062208404286, 55.82618846713961, 67.43940085355337, 58.41984261576204, 59.70176870717602, 11.828332391615971, 66.17753876890671, 38.29543037113228, 16.153898174192744, 0.0, 35.51768622367121, 66.17902261454063, 30.308615264995854, 27.260770285897948, 47.56559545131843, 18.969228734704128, 34.57340615466325, 31.45909911142475, 44.53656754557502, 14.391557445354126, 67.39942529819922, 38.910964508975624, 66.90111909631295, 61.307372034140506, 29.550711251076876, 16.53759399865106, 40.49188573721798, 79.47375723449433, 50.29269801464181, 34.37658516901965, 18.3942817062195, 52.44897055186702, 63.04721658525704, 54.56798183405393, 52.064297798905514, 42.73164866384817, 32.803733083582735, 9.652798793597524, 25.157515208670056, 12.682306759219756, 74.70463378406811, 92.4929489301857, 36.063738515128584, 17.734127320159466, 67.41081029886615, 27.14201019380208, 73.71462402791973, 26.485595239905614, 36.42525426442085, 50.92127831612273, 9.108995063493808, 73.68502687544282, 56.762983795018755, 55.75017332704088, 72.39809110430632, 17.488070229661677, 60.59144399200842, 61.7074520406546, 40.13141742246122, 9.839865392728623, 40.911546922309356, 19.951648530498655, 29.74749560346304, 79.30305057515363, 35.53819020894797, 15.533378364313712, 76.70836001672662, 11.526605926190925, 30.962611826475243, 71.56563343590267, 59.64483559891162, 40.03605770802989, 75.45472064501205, 45.57731840632042, 37.02111731423692, 54.25280495582621, 60.340019612898736, 35.91568937829865, 32.176821287189945, 44.64606815472561], [39.05944763352752, 111.1140597728456, 70.79279803406133, 84.02860466149187, 86.91395721630352, 94.62144897041065, 25.04118201568147, 93.17538832582171, 71.00782431805051, 19.819913877068537, 35.51768622367121, 0.0, 93.44136987434973, 56.47616188517258, 47.94632237225478, 80.74930130386728, 40.06040653638723, 56.052104070607044, 4.46298469864123, 68.99893888526431, 26.606767616392112, 102.91238568797294, 54.328560245269585, 85.10389158873598, 96.221807567166, 54.045428395240414, 41.28712446692557, 68.09797237877487, 112.82334008196004, 82.50659430215832, 69.47646578880321, 17.463617579203657, 87.64635169394832, 92.0562222230177, 75.03258434483223, 80.92858409101989, 78.20387476305912, 68.32105848255448, 35.32186270441056, 11.305723631314603, 47.92321863903588, 107.9728112553173, 126.03616556145319, 68.41883334162212, 51.045366600790246, 73.70519640360487, 61.65591101384279, 86.63621781401184, 31.26163066975882, 61.146022702002064, 83.6117360453282, 42.80690659016098, 109.03466207639967, 89.79661915698435, 89.59442048950604, 106.05079397845145, 46.08980022247817, 73.20715422762393, 96.9933199259489, 52.83822222547328, 32.430274196085314, 72.55311016864363, 47.21736971639535, 44.48370008127308, 109.11609877438502, 62.20507050835994, 48.83493712387389, 111.54222290983442, 46.614693748685255, 15.739024147596188, 106.31320808503644, 87.33638326286822, 41.69689368614977, 106.33703297072897, 80.46122762407306, 44.2554900016701, 89.73266019960316, 88.53773755321131, 70.3695668983285, 62.693087788943075, 74.57844005824433], [54.770918289425175, 72.42521031409315, 110.53136581637412, 117.8497979956248, 8.350540452352671, 65.24916000697198, 76.98003749860047, 100.34502592338481, 31.683316188898104, 79.41928750436065, 66.17902261454063, 93.44136987434973, 0.0, 82.05012236004647, 86.31384254307655, 71.86489246324815, 53.55131880636515, 37.739912954614645, 90.97433236282636, 24.64529838444594, 67.52378378386626, 56.525585496379215, 97.73162087907974, 115.50368654564056, 65.96753667644977, 39.458806096006136, 53.03892616600517, 25.935802940953746, 87.34389848073607, 76.82671805392432, 43.560840899654536, 77.83487383112302, 41.60082066755808, 6.648883846679945, 103.60777097591625, 14.462757458199238, 52.80364429380441, 50.7988482963072, 60.439459602843456, 82.44613293742671, 56.25428547665274, 84.80585195341206, 95.0653581973716, 32.610407261650415, 66.72564022671743, 126.8248547034329, 62.176523141588746, 126.8265605869059, 63.54669439383947, 32.29535021266325, 24.5149188419231, 66.79613706771734, 65.66451993879663, 76.30580035325156, 71.69503350882512, 81.24114725698121, 74.58299866118004, 116.37302936366491, 61.26862808884852, 100.44766427661143, 75.72338268738312, 75.11787947416866, 47.51436280474354, 50.120167874203915, 101.7337838498889, 83.6365980794618, 66.8694616762426, 74.68568263660299, 56.59489739252692, 95.50160976203189, 72.63991341873965, 6.550794140062743, 105.01713936152716, 95.57273784740798, 61.24784159048368, 100.720814349179, 47.85518864611409, 93.8527843621295, 38.93607978552442, 75.22704070426835, 22.17347664790267], [54.52246522156248, 61.31688761405578, 28.828120140504236, 38.478506980403594, 73.69960707843313, 45.79201837277393, 33.5040279428579, 37.13887009365773, 50.371165290705896, 38.46373287246186, 30.308615264995854, 56.47616188517258, 82.05012236004647, 0.0, 10.070344207779971, 28.379577724094993, 47.96471601086078, 60.14581337279903, 52.033575570825, 66.24698419739202, 44.10053872772099, 58.935588485347836, 16.826183851173855, 37.34351148711239, 47.195104303633656, 54.26200885642258, 44.72592129621241, 59.93357668722039, 58.59183661016678, 28.254611222234857, 39.32174602162031, 43.66815826838832, 51.841143413131576, 77.00824102135263, 24.753102127111433, 67.80476996504959, 37.10063158066032, 32.769437284975155, 39.56144458741626, 49.615331546600146, 29.890759090661415, 53.78234624453747, 71.74755635835163, 49.56291196438281, 16.555253801963087, 44.876114747446785, 20.482052064203558, 46.1405339326149, 56.76576380443268, 59.430245854466904, 60.12402843288897, 22.04662870290952, 61.663405291399954, 36.19135834128905, 37.66746884582326, 52.583664514608124, 12.831583224929155, 34.51244070483108, 50.18307394988852, 20.33126360505061, 25.78089008292694, 18.71301505286909, 45.461399621032314, 58.80732120075936, 52.652888694350075, 5.764310366060002, 17.53008420077027, 60.970657350614495, 30.513313249470038, 43.966152794007265, 55.72846701516657, 75.78519690608339, 31.676489053468156, 50.12968181968686, 33.65524285472912, 25.349235120940403, 49.95154145423608, 32.112868228723514, 43.584239166265164, 9.766716020788591, 60.240709750994256], [52.02399572761168, 71.267882341638, 28.56709539902401, 40.46296671675201, 78.01996123635591, 55.55859934449908, 26.94334173727021, 45.25833772431845, 54.99807631329203, 31.349243326791342, 27.260770285897948, 47.94632237225478, 86.31384254307655, 10.070344207779971, 0.0, 38.36367417728982, 46.12001094046121, 60.39677392158798, 43.57622597518222, 68.23847014958142, 39.45986409774482, 68.22362622823714, 12.003476500831335, 40.29666020459629, 56.99652638201617, 54.7839175170985, 43.344108370369774, 62.60971041000414, 68.60507361646897, 38.32291306328546, 45.26681434130475, 36.94884931823022, 59.62757471727016, 81.77912751430036, 28.52772339341327, 71.87210202780929, 45.370481748523545, 39.48449350413857, 36.91350480690407, 42.269726305734984, 31.095127384650738, 63.80770997411898, 81.73337512231414, 53.747321876875134, 19.671160635213756, 41.34326151741607, 27.421173721743443, 46.45403465790675, 52.68094892579273, 60.778081448787226, 65.85880915531862, 21.138682039594062, 71.39566783955294, 46.26170042286481, 47.674282288958665, 62.647290417422965, 11.901510129895128, 33.400894025441396, 59.74696363249696, 14.18637318202974, 19.980088765846382, 28.746795440444593, 45.3781541155634, 56.970257530343716, 61.75956926625449, 15.120219827892583, 19.45909189705944, 70.9721475793097, 31.265813698913284, 34.54900280102491, 65.71541033117816, 79.87267310818956, 22.271938636723842, 59.63360167539246, 42.91925615009029, 16.24092791804061, 58.40729905998388, 40.90215771031668, 49.079935893758055, 19.37045143071067, 64.17293142756112], [66.02562274752648, 32.94237026574043, 46.94712525669735, 49.626900630760915, 64.06666542838062, 17.935510662134025, 55.859064394118526, 28.496617540167897, 43.194377775355534, 61.1571009940152, 47.56559545131843, 80.74930130386728, 71.86489246324815, 28.379577724094993, 38.36367417728982, 0.0, 58.95535434446045, 64.06067575981525, 76.3239827149146, 64.5302102002267, 61.60927487789902, 32.56430726287992, 43.13298252887622, 46.48495316261456, 19.185917589387287, 58.3656279003175, 55.26198114698056, 57.089274770279665, 32.113197629620906, 4.974915702192684, 30.679756256315184, 65.16880052265743, 32.47224712377868, 65.62578110881002, 36.733881460402465, 59.61400555060644, 19.061599473631162, 24.093889087602076, 53.8695597234271, 71.83626839791263, 38.980304063861105, 27.28244453520632, 45.29679716193377, 44.01475924409113, 30.082724591208102, 65.5414002718745, 20.862944542579765, 59.43351666669359, 71.59858738275037, 60.473902438613834, 47.387541164157184, 38.76803512379562, 33.70898986676698, 9.198078176261584, 9.32642662994445, 25.31477853219947, 34.92413211175799, 52.69585075097075, 23.021936123598312, 46.95478251752915, 48.3190335462337, 9.726273602661019, 52.78957275232058, 68.19122004714194, 34.169912797432424, 24.61716831091447, 32.340850980423696, 32.609186127076725, 40.34323643310009, 70.43857840083676, 27.353396470510845, 66.68889280527243, 59.88461652776379, 29.168809231120516, 10.786575381129458, 53.47709634159542, 27.89955884661999, 21.99127231251814, 35.16241979114923, 19.19325726790997, 53.500125452295535], [7.090431300224414, 82.33136950991931, 74.64005568479747, 85.93974278171935, 46.85887779961169, 66.87040302836444, 25.861995794713145, 81.69322158098797, 32.82921282779273, 26.853823869552343, 18.969228734704128, 40.06040653638723, 53.55131880636515, 47.96471601086078, 46.12001094046121, 58.95535434446045, 0.0, 17.323960809904897, 37.43213235274322, 29.500732852653076, 14.044253350226661, 70.60707549065836, 57.86329659373215, 85.16263027958315, 68.41337430262428, 14.098935862015448, 3.6937816678776403, 28.037587401629455, 89.12273464093336, 62.69894551471425, 35.694281951745005, 24.41874997173415, 52.82319928095302, 51.99582019386725, 72.65564164853, 40.875570053864905, 48.130420720245006, 37.98765150666909, 9.519096345144511, 28.932429202451363, 20.256700060672948, 84.6314605134398, 101.48458145320612, 30.09106314477048, 32.690854109497174, 86.31973688415029, 38.37604161043756, 92.52939007093718, 14.108793950475519, 21.364935235624152, 44.844394029365006, 25.941122928983745, 78.4450823905853, 67.79518229102734, 65.59522614504732, 81.81121866558183, 35.5291683164958, 79.50601887315591, 67.31024444729414, 59.090151188752074, 28.108747125639287, 54.56497642350086, 8.284793036084917, 10.895654957062513, 92.65533419449389, 52.65429059241872, 30.99884587948349, 83.44708046818715, 19.03676872271436, 42.72327379622085, 78.72966248521546, 47.34586759881114, 57.879970158635615, 88.04612253988697, 53.74957842777051, 55.52988116885162, 56.623625606123326, 75.41492970770662, 34.69743196838011, 47.53557269763602, 34.72913344457366], [17.080496718930007, 81.15510084500245, 88.31344630899751, 98.62246711755444, 32.14157066973545, 67.45466632104885, 43.01549679857764, 90.00302059803145, 26.395241394486902, 44.17635132836382, 34.57340615466325, 56.052104070607044, 37.739912954614645, 60.14581337279903, 60.39677392158798, 64.06067575981525, 17.323960809904897, 0.0, 53.914397502509175, 13.095422391775278, 31.153549556027542, 67.2947208468844, 72.3888040956463, 97.34469786303087, 68.83508051144703, 5.9734549025784975, 18.333726850458078, 14.827054692573656, 90.94742040722795, 68.52022846593425, 35.13337157859008, 41.49318347251933, 48.44613805229101, 37.40063553303546, 84.72081204720912, 26.957606964852538, 48.92065483067585, 40.306074633547034, 26.161977992182678, 45.33915623355765, 30.259558294730443, 86.90344364368615, 102.25592194387497, 23.976052993459238, 43.68952578489793, 101.50624935013705, 45.61000962652903, 106.04232308310398, 25.814951486393014, 6.578528115018392, 35.3881108306253, 39.281779322627706, 76.10408400524607, 71.97138613135154, 68.77318171903579, 83.69918814264437, 48.86674797451534, 93.5654452491837, 66.41544381491973, 74.10393807038668, 44.30085751115589, 62.14585035353698, 15.021462611454897, 12.516202284619018, 98.18825482307894, 63.953998887394704, 42.624391297429305, 82.70569586725834, 29.66169215854718, 59.993024195770474, 78.6120493343971, 32.01482781861665, 74.4661601667795, 92.90238039063074, 56.3603443747745, 71.58951350288156, 53.66950897827703, 83.41272305162681, 32.02523810728129, 57.285096887119536, 22.97984679152036], [37.13594390628989, 106.80884296586548, 66.88827537590693, 80.1056251140401, 84.23861210044502, 90.31161042657533, 20.705953239970146, 88.78023367154057, 67.62405396602094, 15.546799002157533, 31.45909911142475, 4.46298469864123, 90.97433236282636, 52.033575570825, 43.57622597518222, 76.3239827149146, 37.43213235274322, 53.914397502509175, 0.0, 66.7103995295713, 23.614295173108243, 98.79707985622193, 50.23717071103918, 81.08712956128223, 91.91023588836138, 51.515758137255446, 38.34498824909547, 65.40253427797144, 108.38831865404566, 78.05495027380688, 65.61684478685568, 13.837753213609131, 83.77018021063844, 89.33220386953464, 70.84725951762546, 78.16656389355441, 74.05146678828561, 64.2435254244039, 31.960657738599703, 8.575263980546294, 43.98171027869903, 103.5365390932797, 121.60479608412045, 65.07731207219759, 46.68026981240456, 70.49148663629975, 57.337145366932276, 82.98140084636142, 29.9706108725525, 58.718998187045806, 80.28081750742818, 38.51337807332068, 104.81073540842509, 85.36043980421354, 85.1922705371561, 101.6303424873637, 41.63456775170471, 69.48056155324606, 92.75445877405322, 48.879433591933164, 28.00821521435984, 68.09810755416103, 44.22163482858863, 42.77764351299115, 104.66687207741256, 57.767342915821345, 44.4794918524497, 107.21186531908255, 42.7028675759489, 12.49505836795289, 101.97437313141305, 84.77625661005344, 38.32180319112285, 101.87549029515165, 76.157191519575, 40.492028335189, 85.71175795971516, 84.1071274445901, 66.67058286673917, 58.23302547116256, 71.62624082271631], [30.150523373603132, 76.25783936733411, 95.01590275776087, 104.25652882902732, 19.428047712948036, 64.34902830009197, 54.291789354304775, 92.09764716954034, 22.03863373263786, 56.08188263349414, 44.53656754557502, 68.99893888526431, 24.64529838444594, 66.24698419739202, 68.23847014958142, 64.5302102002267, 29.500732852653076, 13.095422391775278, 66.7103995295713, 0.0, 43.542710962441916, 61.290145072356324, 80.17362917924187, 102.54740718495079, 65.54845969722706, 15.562947699799741, 29.59183303620052, 7.482093219873392, 88.01242235577539, 69.3348329200179, 33.9067609024984, 53.91900091122346, 42.66018925692502, 24.650149108101754, 90.04368168990162, 15.04395354556727, 47.102218956766194, 40.532980950870886, 37.35729484962662, 58.144797706492156, 37.14677829228851, 84.40488435713901, 98.30362387314422, 20.65173813252686, 49.782276812918255, 109.57336450780575, 48.86517020366341, 112.35737687814931, 38.90284756128592, 8.261138099285557, 26.624146483752373, 47.33956910541268, 70.50553040492667, 71.39267498110281, 67.56704394072183, 81.0000115456678, 56.36397330622463, 100.5610058602918, 62.245344255509195, 82.33193339188605, 54.36806212105786, 64.58937931309518, 24.717669796592705, 25.508998533991196, 97.91397037340884, 69.20745070990199, 49.23924415423542, 78.08386011917044, 37.00781400666382, 72.0989452698217, 74.57023291071103, 19.0311157738474, 84.48207036691278, 92.21943958111879, 55.37333976236719, 80.97288261619211, 48.6192587631189, 85.42057254193935, 29.664934322982532, 61.6194374872407, 13.987238536476601], [15.7683731290717, 88.8548017374277, 67.63426733030987, 79.90132719360665, 60.65759863176619, 72.66156052438348, 14.206910555179679, 80.46022596308912, 44.544669270638344, 13.493942712711533, 14.391557445354126, 26.606767616392112, 67.52378378386626, 44.10053872772099, 39.45986409774482, 61.60927487789902, 14.044253350226661, 31.153549556027542, 23.614295173108243, 43.542710962441916, 0.0, 78.86166614511001, 50.209091383115066, 79.73053889214552, 74.25937045857657, 28.116125774160317, 14.73376876735954, 41.826131395407515, 93.28199288895966, 64.52997183519582, 44.317929981275114, 10.377453181276515, 62.368200000595024, 65.7323073011164, 67.70170500304319, 54.56027246273643, 54.79407927946722, 44.515842321270554, 9.202162591282558, 15.308255598495535, 23.93184529312304, 88.56232674303257, 106.17619527855109, 41.91554095647698, 32.07080227018497, 77.01357848118967, 40.89266784239733, 85.35634450685859, 13.326999976652942, 35.40392656903627, 57.078642142722124, 23.499916614923865, 85.85530124754264, 70.78690910551946, 69.49108419746455, 86.11938837363026, 31.328233814184816, 71.87767602345758, 74.11212292839524, 50.644463186593036, 19.53285085980919, 55.259745041981425, 20.633679169903434, 21.708972003851585, 93.68242560046902, 49.536883574603074, 29.896613861623482, 89.63906899219192, 22.49653592483239, 28.887686102674937, 84.6111207509377, 61.259605255263054, 46.66423697332726, 89.77518331373092, 58.722719081512516, 45.41746690327359, 65.18049347180494, 74.69014864731521, 44.57400619121172, 46.5591842056678, 48.030936035401616], [76.72212159258399, 15.904277364778801, 79.41981801207876, 80.8702120388264, 51.05344373861712, 15.459413879074758, 78.35341448418995, 54.9190676121314, 40.90939201584394, 83.30120095629363, 67.39942529819922, 102.91238568797294, 56.525585496379215, 58.935588485347836, 68.22362622823714, 32.56430726287992, 70.60707549065836, 67.2947208468844, 98.79707985622193, 61.290145072356324, 78.86166614511001, 0.0, 74.948488209759, 77.39445524695229, 14.88194492368792, 63.23640194414198, 67.37069943482317, 54.55208004734789, 31.571081819447368, 35.718726275412656, 34.96000324313947, 85.69961462567815, 18.877021185587317, 49.9291078041246, 68.8724859332208, 49.65060465223235, 24.803626938787623, 34.61840059447335, 69.74856599692656, 92.39887094771453, 55.254845826285774, 30.023000094054932, 38.569169456935384, 43.33600422858969, 53.628068082629376, 98.04322671237192, 42.80248143590766, 90.77977914223956, 84.70883178031538, 61.44340677256915, 35.41172602235365, 60.69298519603405, 9.351428362317044, 30.03030053524648, 25.561216133102445, 26.60976115435094, 61.23239825197954, 85.09457464862865, 9.774440304632137, 78.71655555002222, 72.09151179696451, 41.615295005218776, 62.523077546826364, 76.32944705601135, 49.304347139514924, 56.32169693706343, 55.543933134147544, 18.166541257289616, 56.64028350408793, 95.95002747502255, 16.794841421925977, 53.78536548984929, 90.45172965709936, 43.10947793178827, 25.314319947699513, 84.22495928070201, 13.998225029916618, 49.928938274421405, 36.21421604907236, 49.169091805597354, 47.34900851857873], [63.548215213354375, 75.67942981703023, 17.50515837309011, 30.315571983106956, 89.40373392241024, 61.030828829320505, 36.76185235498794, 41.97281934400617, 66.20233353207384, 40.413599008536124, 38.910964508975624, 54.328560245269585, 97.73162087907974, 16.826183851173855, 12.003476500831335, 43.13298252887622, 57.86329659373215, 72.3888040956463, 50.23717071103918, 80.17362917924187, 50.209091383115066, 74.948488209759, 0.0, 30.928348162810202, 62.315443724081234, 66.78665157113738, 55.1963378005504, 74.42947274277921, 70.32734599029483, 41.71541520260861, 55.75899318002798, 46.19569208926289, 68.65928127603321, 92.98383835821014, 20.949653752014374, 83.33681313654644, 53.867672476079996, 49.43835829787146, 48.53030572795615, 50.64788246160613, 43.02912664132327, 65.74084721852506, 83.02269422075449, 65.12122258034594, 31.034763088413943, 29.408525709765403, 37.1336852005791, 35.14805784278162, 63.532589990182636, 72.76313553393825, 76.53952925134017, 33.1418026973737, 76.84186959477985, 49.57523099322623, 52.027389564928264, 65.21496132221652, 23.8114658306719, 21.748956537569043, 65.8336937815563, 3.828014191222771, 30.749304478426197, 33.53256124083517, 57.36809850767769, 68.65638748660315, 59.9462721951246, 18.641574787146364, 31.128688988652193, 75.01228381872698, 43.24097092243069, 39.32523879249934, 69.93360299146583, 91.34456762847317, 18.441960291672245, 59.02590339547866, 49.89446936337568, 12.341158273930885, 66.6262086497144, 39.1969087067557, 59.84524497670105, 26.22137902864088, 75.66668601628497], [91.54398715950977, 71.64655612810202, 14.842748099339708, 3.9372400967949592, 107.28032245571838, 61.93523241998445, 67.04505200171482, 25.214176590699044, 84.36024276108505, 71.06544090380815, 66.90111909631295, 85.10389158873598, 115.50368654564056, 37.34351148711239, 40.29666020459629, 46.48495316261456, 85.16263027958315, 97.34469786303087, 81.08712956128223, 102.54740718495079, 79.73053889214552, 77.39445524695229, 30.928348162810202, 0.0, 62.5944311615663, 91.41834985249798, 82.0052316792479, 95.79393098509549, 59.93555607768224, 42.25416800926644, 71.98802214798027, 76.8069845626294, 78.6732157433758, 109.75774263579666, 12.62451555013487, 101.92027046767087, 64.21682547691007, 64.71923589441482, 76.43847750844937, 81.51555088479427, 67.10589562335073, 56.575093884771796, 70.08030659122525, 84.16655172038082, 53.6574926860117, 26.71153942525536, 54.01292444743514, 13.546518950664366, 92.88954335720972, 96.21184149023594, 91.7422962653687, 59.231361281419474, 75.4912729020718, 47.399989525711916, 51.852262401610574, 57.776613436051285, 49.652655046776054, 15.514638493024055, 67.64182761106842, 32