instance_id,num_cities,city_coordinates,distance_matrix,best_route,total_distance
656,24,"[[74.3881596363671, 43.04331566722935], [59.76515870223653, 68.56936161689542], [40.44779060227134, 92.89336953975395], [82.65131376114697, 2.5119714041528463], [80.22467943733258, 2.0840072836922796], [6.3834412465200385, 93.4205593720858], [31.749539860385735, 73.01296310750851], [59.12856040132228, 57.17357468651362], [42.11302528127195, 22.128489489783064], [44.05706560141027, 61.068409200346515], [4.735035784970565, 2.993406756503225], [77.16138880902817, 12.37374668429223], [98.32148055980154, 66.83769773833038], [33.052023887856194, 3.0292475614437153], [62.905957528058146, 55.245284042325025], [63.33124399298704, 93.05471274036834], [7.822083787322976, 62.831348764931946], [33.107188097812, 2.389634940542018], [16.364665547316946, 31.547209831987423], [32.104547778027616, 26.19266022710278], [2.6550654328146406, 22.095287942762663], [6.5520844849924265, 36.29315162846743], [45.30387171264593, 84.6041175716288], [66.701839438098, 9.233066265172486]]","[[0.0, 29.417871747358735, 60.30735047458321, 41.36507686275817, 41.37305773863895, 84.631604064799, 52.11747944879281, 20.797105297763075, 38.45925443469017, 35.28284657216614, 80.34645521748577, 30.794695349089544, 33.748725436224085, 57.5308766228516, 16.75496933697253, 51.219090393641295, 69.44500491623907, 57.93824615739094, 59.15138473169603, 45.51756167182701, 74.72922232674952, 68.17109216151043, 50.72667995213808, 34.672935884052364], [29.417871747358735, 0.0, 31.061520757053046, 69.90961947471199, 69.56216162197232, 58.88284799828832, 28.365833202979324, 11.413554098500065, 49.68251622289612, 17.40713865112691, 85.60677709236342, 58.82666027900835, 38.59518901330154, 70.77498231729116, 13.689253466769184, 24.743673614495158, 52.25904537116632, 71.34706454860778, 57.04596855935561, 50.60527855253955, 73.63017232840615, 62.23652463680012, 21.592642726705783, 59.7403840437787], [60.30735047458321, 31.061520757053046, 0.0, 99.74935837371481, 99.13899918170173, 34.06842858351392, 21.700002900460156, 40.30973709468605, 70.7844704368332, 32.028970739383205, 96.73367647862096, 88.49462106858796, 63.468590832976844, 90.16794210930331, 43.83774176766205, 22.884022170795117, 44.363970045982114, 90.80093843971584, 65.90408351007827, 67.22049035550904, 80.25371289571792, 65.97350650673388, 9.606936137062819, 87.68307376152434], [41.36507686275817, 69.90961947471199, 99.74935837371481, 0.0, 2.464083486799032, 118.66406256415962, 86.95619826901842, 59.50807339366094, 45.03510424859062, 70.13110863514734, 77.91776532767919, 11.286890079019322, 66.20689689086143, 49.601987163395236, 56.308803526329605, 92.58106234281065, 96.11368759790412, 49.54427670230594, 72.36687641445675, 55.8189087539484, 82.35839989496883, 83.26019957802383, 90.1884243678111, 17.307768409371057], [41.37305773863895, 69.56216162197232, 99.13899918170173, 2.464083486799032, 0.0, 117.4516675273201, 85.9113259777857, 58.99073380634887, 43.06134518824817, 69.189998988653, 75.4951210752175, 10.736036810933385, 67.23492127132509, 47.18212490734419, 55.911174868524526, 92.52598236386136, 94.51124458971604, 47.118482556152294, 70.32909553260909, 53.82168910072091, 80.10927768009141, 81.22756184826206, 89.60486266982247, 15.296282096169037], [84.631604064799, 58.88284799828832, 34.06842858351392, 118.66406256415962, 117.4516675273201, 0.0, 32.5562427836252, 63.99915228696699, 79.74435656144914, 49.65846949683557, 90.44217584029882, 107.60159714433354, 95.70397904690213, 94.24331568311092, 68.20664552153099, 56.94897787852258, 30.623022351313107, 94.87248204107117, 62.67324965129869, 71.98031498023033, 71.4226513836811, 57.127656665117215, 39.90651016675582, 103.56564660168127], [52.11747944879281, 28.365833202979324, 21.700002900460156, 86.95619826901842, 85.9113259777857, 32.5562427836252, 0.0, 31.630633748506725, 51.9291005643456, 17.150730535667584, 75.05012792815364, 75.75850178927762, 66.85773845162807, 69.99583492090316, 35.866597012342964, 37.40422120918178, 26.003623300403902, 70.63637653585883, 44.22785380656981, 46.82164875818149, 58.643823940796736, 44.53376598100878, 17.834650929364756, 72.72921343579326], [20.797105297763075, 11.413554098500065, 40.30973709468605, 59.50807339366094, 58.99073380634887, 63.99915228696699, 31.630633748506725, 0.0, 38.95749519499129, 15.566621065405258, 76.77334249017551, 48.292934156151496, 40.366821337697445, 60.096538306001534, 4.241112337764424, 36.12642547238004, 51.61748686312885, 60.64974749039059, 49.85440079613553, 41.11099997574033, 66.48113894056624, 56.57099863767123, 30.717368056377474, 48.535006985325005], [38.45925443469017, 49.68251622289612, 70.7844704368332, 45.03510424859062, 43.06134518824817, 79.74435656144914, 51.9291005643456, 38.95749519499129, 0.0, 38.98841673922463, 41.99125492284175, 36.38052766487901, 71.82133211665203, 21.139602373004042, 39.10330053658788, 74.03203326864688, 53.222095239796836, 21.6962550291769, 27.416971420523634, 10.80218060000081, 39.457973817027074, 38.278168240128416, 62.55705879570846, 27.7651169956252], [35.28284657216614, 17.40713865112691, 32.028970739383205, 70.13110863514734, 69.189998988653, 49.65846949683557, 17.150730535667584, 15.566621065405258, 38.98841673922463, 0.0, 70.135069243121, 58.88180001143691, 54.57024299937641, 59.073303842461286, 19.727886695448, 37.34457881439738, 36.2778425898732, 59.691694279664254, 40.476786346032384, 36.86706590933148, 56.85973793923718, 44.94927136557178, 23.56871006264581, 56.56578965524863], [80.34645521748577, 85.60677709236342, 96.73367647862096, 77.91776532767919, 75.4951210752175, 90.44217584029882, 75.05012792815364, 76.77334249017551, 41.99125492284175, 70.135069243121, 0.0, 73.03127678964877, 113.28952350753667, 28.317010784725586, 78.19280540006862, 107.445588331381, 59.91751971813341, 28.3785758499052, 30.831282141402806, 35.87890115835795, 19.21478965588278, 33.34928296854607, 91.13801933483468, 62.28015820282873], [30.794695349089544, 58.82666027900835, 88.49462106858796, 11.286890079019322, 10.736036810933385, 107.60159714433354, 75.75850178927762, 48.292934156151496, 36.38052766487901, 58.88180001143691, 73.03127678964877, 0.0, 58.4300560269953, 45.08831043192939, 45.17948689889761, 81.85774972092976, 85.75493471877434, 45.17139678619436, 63.74843722348905, 47.1283491668924, 75.13787718242408, 74.55073299443625, 78.94382733354449, 10.920899529707603], [33.748725436224085, 38.59518901330154, 63.468590832976844, 66.20689689086143, 67.23492127132509, 95.70397904690213, 66.85773845162807, 40.366821337697445, 71.82133211665203, 54.57024299937641, 113.28952350753667, 58.4300560269953, 0.0, 91.27770970082005, 37.26450491971253, 43.72240307461069, 90.58803258863254, 91.686731535733, 89.2319341024185, 77.69621137040765, 105.61224463841066, 96.71913643634716, 55.91522620505987, 65.71221554493242], [57.5308766228516, 70.77498231729116, 90.16794210930331, 49.601987163395236, 47.18212490734419, 94.24331568311092, 69.99583492090316, 60.096538306001534, 21.139602373004042, 59.073303842461286, 28.317010784725586, 45.08831043192939, 91.27770970082005, 0.0, 60.147916169775236, 94.9811326046217, 64.90640327293403, 0.6419870675307926, 33.04152085557987, 23.18278234592023, 35.881596663744034, 42.529214689853, 82.48980053497766, 34.216917644259404], [16.75496933697253, 13.689253466769184, 43.83774176766205, 56.308803526329605, 55.911174868524526, 68.20664552153099, 35.866597012342964, 4.241112337764424, 39.10330053658788, 19.727886695448, 78.19280540006862, 45.17948689889761, 37.26450491971253, 60.147916169775236, 0.0, 37.81182046727813, 55.60379055658738, 60.676900889282294, 52.22729727369848, 42.34125403360291, 68.76839564562836, 59.45538100110335, 34.2311923726666, 46.16852720465621], [51.219090393641295, 24.743673614495158, 22.884022170795117, 92.58106234281065, 92.52598236386136, 56.94897787852258, 37.40422120918178, 36.12642547238004, 74.03203326864688, 37.34457881439738, 107.445588331381, 81.85774972092976, 43.72240307461069, 94.9811326046217, 37.81182046727813, 0.0, 63.20378625311766, 95.57013072714311, 77.3888390203508, 73.79458396649474, 93.36401133345214, 80.28541445551836, 19.909764188456254, 83.88938747819844], [69.44500491623907, 52.25904537116632, 44.363970045982114, 96.11368759790412, 94.51124458971604, 30.623022351313107, 26.003623300403902, 51.61748686312885, 53.222095239796836, 36.2778425898732, 59.91751971813341, 85.75493471877434, 90.58803258863254, 64.90640327293403, 55.60379055658738, 63.20378625311766, 0.0, 65.51745774999027, 32.429508967943946, 43.95488090339823, 41.062449147405964, 26.568567998327904, 43.346717148923254, 79.62161460570236], [57.93824615739094, 71.34706454860778, 90.80093843971584, 49.54427670230594, 47.118482556152294, 94.87248204107117, 70.63637653585883, 60.64974749039059, 21.6962550291769, 59.691694279664254, 28.3785758499052, 45.17139678619436, 91.686731535733, 0.6419870675307926, 60.676900889282294, 95.57013072714311, 65.51745774999027, 0.0, 33.62255544874724, 23.824132731403015, 36.27181460925237, 43.06532214782585, 83.11426018137699, 34.28459057609284], [59.15138473169603, 57.04596855935561, 65.90408351007827, 72.36687641445675, 70.32909553260909, 62.67324965129869, 44.22785380656981, 49.85440079613553, 27.416971420523634, 40.476786346032384, 30.831282141402806, 63.74843722348905, 89.2319341024185, 33.04152085557987, 52.22729727369848, 77.3888390203508, 32.429508967943946, 33.62255544874724, 0.0, 16.625735896729857, 16.652085836301943, 10.900032598128577, 60.43602495508976, 55.06134831650201], [45.51756167182701, 50.60527855253955, 67.22049035550904, 55.8189087539484, 53.82168910072091, 71.98031498023033, 46.82164875818149, 41.11099997574033, 10.80218060000081, 36.86706590933148, 35.87890115835795, 47.1283491668924, 77.69621137040765, 23.18278234592023, 42.34125403360291, 73.79458396649474, 43.95488090339823, 23.824132731403015, 16.625735896729857, 0.0, 29.73315439097388, 27.476322659536372, 59.884225814836846, 38.53051281212747], [74.72922232674952, 73.63017232840615, 80.25371289571792, 82.35839989496883, 80.10927768009141, 71.4226513836811, 58.643823940796736, 66.48113894056624, 39.457973817027074, 56.85973793923718, 19.21478965588278, 75.13787718242408, 105.61224463841066, 35.881596663744034, 68.76839564562836, 93.36401133345214, 41.062449147405964, 36.27181460925237, 16.652085836301943, 29.73315439097388, 0.0, 14.722978324065098, 75.67215114337102, 65.32553870399624], [68.17109216151043, 62.23652463680012, 65.97350650673388, 83.26019957802383, 81.22756184826206, 57.127656665117215, 44.53376598100878, 56.57099863767123, 38.278168240128416, 44.94927136557178, 33.34928296854607, 74.55073299443625, 96.71913643634716, 42.529214689853, 59.45538100110335, 80.28541445551836, 26.568567998327904, 43.06532214782585, 10.900032598128577, 27.476322659536372, 14.722978324065098, 0.0, 61.9326282640954, 65.95635860769951], [50.72667995213808, 21.592642726705783, 9.606936137062819, 90.1884243678111, 89.60486266982247, 39.90651016675582, 17.834650929364756, 30.717368056377474, 62.55705879570846, 23.56871006264581, 91.13801933483468, 78.94382733354449, 55.91522620505987, 82.48980053497766, 34.2311923726666, 19.909764188456254, 43.346717148923254, 83.11426018137699, 60.43602495508976, 59.884225814836846, 75.67215114337102, 61.9326282640954, 0.0, 78.34965473963469], [34.672935884052364, 59.7403840437787, 87.68307376152434, 17.307768409371057, 15.296282096169037, 103.56564660168127, 72.72921343579326, 48.535006985325005, 27.7651169956252, 56.56578965524863, 62.28015820282873, 10.920899529707603, 65.71221554493242, 34.216917644259404, 46.16852720465621, 83.88938747819844, 79.62161460570236, 34.28459057609284, 55.06134831650201, 38.53051281212747, 65.32553870399624, 65.95635860769951, 78.34965473963469, 0.0]]",Route_1,1219.3126845344918
