instance_id,num_cities,city_coordinates,distance_matrix,best_route,total_distance
2567,30,"[[1.0335873322502076, 21.577000993944594], [92.18159768608618, 83.14045401280724], [49.03869998705069, 35.75092447623505], [92.4658766957614, 67.07776671790187], [79.08716818562228, 9.699036995933186], [14.737924527261349, 26.366300505325547], [16.695771497544044, 93.76500211602192], [11.568923805017084, 81.23627984227333], [29.05924741503204, 4.120787857864339], [86.93585864506225, 32.47550307542512], [24.66334078423298, 2.4543328039477896], [34.927862211148394, 28.14114599642218], [59.560955516272784, 20.59729632117808], [38.98566971033366, 40.72070509059499], [61.38134983177375, 66.79994061411203], [73.21356571868618, 83.95994087463356], [93.16885036957689, 90.42288400319822], [23.04784497127287, 8.574351652523548], [37.32167335232744, 17.229512084971887], [54.860796805736754, 74.09532762916957], [65.31705815441435, 9.607756677970814], [9.392628191379515, 59.8356493111073], [7.044028350465115, 19.363418844574642], [29.79170171817752, 83.80035941991413], [72.21700298757598, 70.4545760100949], [32.324079142215936, 70.45708435697105], [43.7907019708192, 32.878446410832595], [27.178633941104422, 0.8086683524979099], [96.34967371710104, 81.91553986588018], [80.6436382758974, 62.34088692347797]]","[[0.0, 109.99099299064764, 50.053880447792565, 102.1282684652946, 78.95218497782025, 14.517101906519763, 73.86752682220123, 60.58236432574299, 33.01752565120366, 86.59086305332687, 30.39805399867247, 34.52404769403292, 58.535567373981934, 42.506963704467786, 75.41197986121442, 95.40220368536578, 115.01592195118558, 25.567487739182056, 36.54758332385556, 75.2033450869493, 65.38828205756364, 39.16117637585635, 6.405103212708562, 68.54761466922649, 86.34868848927746, 58.03755187192124, 44.225484968812154, 33.38992517040041, 112.80911132051536, 89.43967021029377], [109.99099299064764, 0.0, 64.0864816600747, 16.065202696799577, 74.59963684488696, 96.02513743193487, 76.22985620978382, 80.63516025610248, 101.13623852497321, 50.935793226118115, 105.20914965341848, 79.39089436525668, 70.53901664760433, 68.03853211103967, 34.866425770646686, 18.985726097071296, 7.349044456662756, 101.68372232386687, 85.75467079827325, 38.40125635505521, 78.28640406600253, 86.00655435593177, 106.37629400965078, 62.39338581959464, 23.654102015834003, 61.18652132664805, 69.77068292848223, 104.89951489709821, 4.34433797806555, 23.78542617769699], [50.053880447792565, 64.0864816600747, 0.0, 53.5470888258537, 39.76947676757738, 35.56141679149266, 66.42061598383863, 58.93133020649102, 37.41181721828463, 38.03844134166626, 41.26525358285611, 16.03198276102037, 18.448585519870626, 11.214371899462636, 33.41230923356821, 53.930820457727705, 70.26018311463667, 37.60439674949829, 21.916464818169256, 38.78388923923089, 30.79691814375548, 46.38841427769466, 45.07885076942786, 51.760942232235834, 41.732207703016776, 38.521371777933794, 5.982692823017733, 41.216789668167735, 66.10219322654412, 41.30252083332926], [102.1282684652946, 16.065202696799577, 53.5470888258537, 0.0, 58.91781110925626, 87.74427633462126, 80.33254244043067, 82.12661250106633, 89.35312990560016, 35.04137195979242, 93.66628041544774, 69.47433730551086, 56.948818829972886, 59.622371949041465, 31.085768410993428, 25.605844688590732, 23.355698941592827, 90.78277756719073, 74.33526519984588, 38.25425720986474, 63.55989617817799, 83.3883258112584, 97.84452548662948, 64.86676588052, 20.528510112667302, 60.2366632598235, 59.48836982107656, 93.02697170535595, 15.337646211000985, 12.735907955184416], [78.95218497782025, 74.59963684488696, 39.76947676757738, 58.91781110925626, 0.0, 66.47272246790126, 104.68893385769633, 98.36813731231963, 50.337955064492036, 24.090856128380963, 54.90390448634399, 47.85557113370523, 22.3616868220837, 50.6998429123694, 59.78301763537894, 74.49282549897792, 81.94286575890689, 56.05060805597029, 42.43895160977248, 68.80261126989575, 13.770412570726423, 85.85457937379445, 72.68847414703627, 89.00027527612346, 61.142740294737955, 76.67024726716141, 42.22707127040972, 52.664357795671066, 74.25104298250226, 52.66485510220329], [14.517101906519763, 96.02513743193487, 35.56141679149266, 87.74427633462126, 66.47272246790126, 0.0, 67.4271321024907, 54.96141553867278, 26.45681617663284, 72.45594555949727, 25.890077003089228, 20.26779860262353, 45.192759556355824, 28.178042470349336, 61.729153376540765, 82.07574564837925, 101.2652754793208, 19.636909679644685, 24.361991167225693, 62.35306656503342, 53.28318261596964, 33.89350236256908, 10.403671944741484, 59.37413015041298, 72.4404617436378, 47.46862179159631, 29.77367833304303, 28.42470425490708, 98.72282207960573, 75.08484515982086], [73.86752682220123, 76.22985620978382, 66.42061598383863, 80.33254244043067, 104.68893385769633, 67.4271321024907, 0.0, 13.537113764576736, 90.4927659358734, 93.22055854337212, 91.65762647241715, 68.10946794532333, 84.79939370207963, 57.53726626507587, 52.19114343321443, 57.36201085710598, 76.54607465865392, 85.42713716266984, 79.26606500650902, 42.93559422197065, 97.19296001197786, 34.70643865208217, 75.02500742469333, 16.45592575350276, 60.21613663636681, 28.06248438929078, 66.64313860400587, 93.54555249591658, 80.53045321131802, 71.25169949647727], [60.58236432574299, 80.63516025610248, 58.93133020649102, 82.12661250106633, 98.36813731231963, 54.96141553867278, 13.537113764576736, 0.0, 79.07408250482894, 89.76518377461286, 79.86275061112727, 58.00632070361199, 77.33253797882128, 48.92023869009154, 51.86217963971099, 61.70478268403257, 82.11541701380489, 73.56304397857302, 68.99326364206594, 43.8768670989654, 89.55170169650536, 21.511002992176216, 62.03809802786647, 18.402286242552645, 61.598982508307266, 23.38733692367763, 58.1095778882374, 81.92840618785968, 84.78347097067326, 71.6125132416766], [33.01752565120366, 101.13623852497321, 37.41181721828463, 89.35312990560016, 50.337955064492036, 26.45681617663284, 90.4927659358734, 79.07408250482894, 0.0, 64.44914276032718, 4.701177251862257, 24.726872926631415, 34.66741305945606, 37.92212811838749, 70.52229785592195, 91.23537789309307, 107.50857170508702, 7.481389564374593, 15.495364895079048, 74.57986435471007, 36.67063766074553, 59.08402236173666, 26.776998895654682, 79.68293803329549, 79.13762263730476, 66.41658948955617, 32.31127788835239, 3.8087849317265023, 102.8592480621109, 77.78514842626706], [86.59086305332687, 50.935793226118115, 38.03844134166626, 35.04137195979242, 24.090856128380963, 72.45594555949727, 93.22055854337212, 89.76518377461286, 64.44914276032718, 0.0, 69.13130365613203, 52.18829700573012, 29.84086320814543, 48.65392044991986, 42.79252192890318, 53.28178543046239, 58.28163640655871, 68.21248661735451, 51.90383052861132, 52.54540310894023, 31.469133447756743, 82.2285241946544, 80.96067749653301, 76.80947565025336, 40.73149509707301, 66.52102657892605, 43.147038227166064, 67.62924164655772, 50.32829375264072, 30.521028645274544], [30.39805399867247, 105.20914965341848, 41.26525358285611, 93.66628041544774, 54.90390448634399, 25.890077003089228, 91.65762647241715, 79.86275061112727, 4.701177251862257, 69.13130365613203, 0.0, 27.661756489938995, 39.33205612694855, 40.858834465115386, 74.08487992076896, 94.86985025896394, 111.49650597055852, 6.329649076261195, 19.45608661038711, 77.7452152207331, 41.27827769100874, 59.37853271333293, 24.420429180668563, 81.5075219355509, 82.97821319505988, 68.43289509418463, 35.93720404715367, 3.005812893672882, 107.01875423074824, 81.97678373519338], [34.52404769403292, 79.39089436525668, 16.03198276102037, 69.47433730551086, 47.85557113370523, 20.26779860262353, 68.10946794532333, 58.00632070361199, 24.726872926631415, 52.18829700573012, 27.661756489938995, 0.0, 25.762355360130496, 13.217832980645127, 46.843242934144776, 67.68702205536101, 85.27032069140411, 22.890920700490906, 11.17112735569445, 50.09100409342655, 35.59479947559053, 40.701225003787634, 29.232801520252362, 55.89569020534035, 56.399524637768124, 42.39597062933966, 10.049474803290705, 28.4097672101844, 81.63531322105881, 57.092507920742214], [58.535567373981934, 70.53901664760433, 18.448585519870626, 56.948818829972886, 22.3616868220837, 45.192759556355824, 84.79939370207963, 77.33253797882128, 34.66741305945606, 29.84086320814543, 39.33205612694855, 25.762355360130496, 0.0, 28.78009670757076, 46.238492353485, 64.81680715791687, 77.49260152821188, 38.441623797349045, 22.49283534437614, 53.704104552027175, 12.405752663601046, 63.69073254359632, 52.531420050918264, 69.86297772610483, 51.438544648684974, 56.814134663742436, 19.988185120528385, 37.95002697601736, 71.50759944416644, 46.765445242351674], [42.506963704467786, 68.03853211103967, 11.214371899462636, 59.622371949041465, 50.6998429123694, 28.178042470349336, 57.53726626507587, 48.92023869009154, 37.92212811838749, 48.65392044991986, 40.858834465115386, 13.217832980645127, 28.78009670757076, 0.0, 34.37576200745141, 55.14689815707023, 73.52634667255413, 35.8803887489869, 23.550053772908754, 36.957882648868456, 40.75975437020787, 35.22966362166747, 38.42397856231073, 44.04980890508399, 44.59175474502697, 30.473415311891035, 9.197247209062905, 41.62183045276925, 70.62324948521889, 46.934194437493225], [75.41197986121442, 34.866425770646686, 33.41230923356821, 31.085768410993428, 59.78301763537894, 61.729153376540765, 52.19114343321443, 51.86217963971099, 70.52229785592195, 42.79252192890318, 74.08487992076896, 46.843242934144776, 46.238492353485, 34.37576200745141, 0.0, 20.84387060350361, 39.604149338229774, 69.71138217546616, 55.100775102154536, 9.784696391039958, 57.32744284708949, 52.453107926561444, 72.1302162990995, 35.87366872113171, 11.435372280359646, 29.286510210029604, 38.211237367445, 74.32814937158281, 38.09547238306942, 19.771669527902215], [95.40220368536578, 18.985726097071296, 53.930820457727705, 25.605844688590732, 74.49282549897792, 82.07574564837925, 57.36201085710598, 61.70478268403257, 91.23537789309307, 53.28178543046239, 94.86985025896394, 67.68702205536101, 64.81680715791687, 55.14689815707023, 20.84387060350361, 0.0, 20.97577219987706, 90.55156873556727, 75.77056198874592, 20.835899818695292, 74.77032918562729, 68.22824569272176, 92.47225710397845, 43.422157241659015, 13.542083200207907, 43.061319610805256, 58.949334074108705, 95.04393229352982, 23.226258174723448, 22.86021592086128], [115.01592195118558, 7.349044456662756, 70.26018311463667, 23.355698941592827, 81.94286575890689, 101.2652754793208, 76.54607465865392, 82.11541701380489, 107.50857170508702, 58.28163640655871, 111.49650597055852, 85.27032069140411, 77.49260152821188, 73.52634667255413, 39.604149338229774, 20.97577219987706, 0.0, 107.77818724597486, 92.06615487547963, 41.64247909283414, 85.47986391068547, 89.1853930223988, 111.65541884052614, 63.72221593006457, 28.943276124621626, 64.0368592392161, 75.82587841305498, 111.28978529481877, 9.082540472737483, 30.748650343991876], [25.567487739182056, 101.68372232386687, 37.60439674949829, 90.78277756719073, 56.05060805597029, 19.636909679644685, 85.42713716266984, 73.56304397857302, 7.481389564374593, 68.21248661735451, 6.329649076261195, 22.890920700490906, 38.441623797349045, 35.8803887489869, 69.71138217546616, 90.55156873556727, 107.77818724597486, 0.0, 16.692932000197512, 72.83585790909684, 42.281843728348484, 53.04889803707335, 19.30093565884918, 75.52768928308531, 79.03649958453089, 62.57412506271477, 31.952388620015462, 8.795979458228578, 103.69227544050581, 78.79159676914676], [36.54758332385556, 85.75467079827325, 21.916464818169256, 74.33526519984588, 42.43895160977248, 24.361991167225693, 79.26606500650902, 68.99326364206594, 15.495364895079048, 51.90383052861132, 19.45608661038711, 11.17112735569445, 22.49283534437614, 23.550053772908754, 55.100775102154536, 75.77056198874592, 92.06615487547963, 16.692932000197512, 0.0, 59.5091743264906, 29.014353787411316, 50.94422924075454, 30.352748556225954, 66.99535944901922, 63.64425708723518, 53.46167223216867, 16.933324446249973, 19.300915972667028, 87.57046886443027, 62.544614353749324], [75.2033450869493, 38.40125635505521, 38.78388923923089, 38.25425720986474, 68.80261126989575, 62.35306656503342, 42.93559422197065, 43.8768670989654, 74.57986435471007, 52.54540310894023, 77.7452152207331, 50.09100409342655, 53.704104552027175, 36.957882648868456, 9.784696391039958, 20.835899818695292, 41.64247909283414, 72.83585790909684, 59.5091743264906, 0.0, 65.32978041121632, 47.6517867752956, 72.67754250599205, 26.882097584981143, 17.733949514372398, 22.82850098348442, 42.67760884844145, 78.34051677643565, 42.219457916860264, 28.335874621741524], [65.38828205756364, 78.28640406600253, 30.79691814375548, 63.55989617817799, 13.770412570726423, 53.28318261596964, 97.19296001197786, 89.55170169650536, 36.67063766074553, 31.469133447756743, 41.27827769100874, 35.59479947559053, 12.405752663601046, 40.75975437020787, 57.32744284708949, 74.77032918562729, 85.47986391068547, 42.281843728348484, 29.014353787411316, 65.32978041121632, 0.0, 75.16902995952705, 59.08399907623774, 82.2593049541843, 61.23679173125273, 69.21833097587452, 31.700299859561646, 39.140303484181864, 78.68569589328935, 54.91527186229584], [39.16117637585635, 86.00655435593177, 46.38841427769466, 83.3883258112584, 85.85457937379445, 33.89350236256908, 34.70643865208217, 21.511002992176216, 59.08402236173666, 82.2285241946544, 59.37853271333293, 40.701225003787634, 63.69073254359632, 35.22966362166747, 52.453107926561444, 68.22824569272176, 89.1853930223988, 53.04889803707335, 50.94422924075454, 47.6517867752956, 75.16902995952705, 0.0, 40.54031771149403, 31.471090406130823, 63.715490053608136, 25.271848471058057, 43.70261168331196, 61.648410211596556, 89.7164942107813, 71.29503947371448], [6.405103212708562, 106.37629400965078, 45.07885076942786, 97.84452548662948, 72.68847414703627, 10.403671944741484, 75.02500742469333, 62.03809802786647, 26.776998895654682, 80.96067749653301, 24.420429180668563, 29.232801520252362, 52.531420050918264, 38.42397856231073, 72.1302162990995, 92.47225710397845, 111.65541884052614, 19.30093565884918, 30.352748556225954, 72.67754250599205, 59.08399907623774, 40.54031771149403, 0.0, 68.33429559418875, 82.81197355190486, 57.00564554082471, 39.15321177473873, 27.38030511359991, 109.0333258165383, 85.22889969751427], [68.54761466922649, 62.39338581959464, 51.760942232235834, 64.86676588052, 89.00027527612346, 59.37413015041298, 16.45592575350276, 18.402286242552645, 79.68293803329549, 76.80947565025336, 81.5075219355509, 55.89569020534035, 69.86297772610483, 44.04980890508399, 35.87366872113171, 43.422157241659015, 63.72221593006457, 75.52768928308531, 66.99535944901922, 26.882097584981143, 82.2593049541843, 31.471090406130823, 68.33429559418875, 0.0, 44.47489317155274, 13.581455180618093, 52.811108988336244, 83.03281826745996, 66.58465424826322, 55.19445997104844], [86.34868848927746, 23.654102015834003, 41.732207703016776, 20.528510112667302, 61.142740294737955, 72.4404617436378, 60.21613663636681, 61.598982508307266, 79.13762263730476, 40.73149509707301, 82.97821319505988, 56.399524637768124, 51.438544648684974, 44.59175474502697, 11.435372280359646, 13.542083200207907, 28.943276124621626, 79.03649958453089, 63.64425708723518, 17.733949514372398, 61.23679173125273, 63.715490053608136, 82.81197355190486, 44.47489317155274, 0.0, 39.89292392421869, 47.11708931115996, 82.93978020115978, 26.715903298284566, 11.697868732237959], [58.03755187192124, 61.18652132664805, 38.521371777933794, 60.2366632598235, 76.67024726716141, 47.46862179159631, 28.06248438929078, 23.38733692367763, 66.41658948955617, 66.52102657892605, 68.43289509418463, 42.39597062933966, 56.814134663742436, 30.473415311891035, 29.286510210029604, 43.061319610805256, 64.0368592392161, 62.57412506271477, 53.46167223216867, 22.82850098348442, 69.21833097587452, 25.271848471058057, 57.00564554082471, 13.581455180618093, 39.89292392421869, 0.0, 39.28915205219378, 69.83822347575712, 65.04285482139608, 48.99645350076656], [44.225484968812154, 69.77068292848223, 5.982692823017733, 59.48836982107656, 42.22707127040972, 29.77367833304303, 66.64313860400587, 58.1095778882374, 32.31127788835239, 43.147038227166064, 35.93720404715367, 10.049474803290705, 19.988185120528385, 9.197247209062905, 38.211237367445, 58.949334074108705, 75.82587841305498, 31.952388620015462, 16.933324446249973, 42.67760884844145, 31.700299859561646, 43.70261168331196, 39.15321177473873, 52.811108988336244, 47.11708931115996, 39.28915205219378, 0.0, 36.116913889959044, 71.88241819489328, 47.18235173523378], [33.38992517040041, 104.89951489709821, 41.216789668167735, 93.02697170535595, 52.664357795671066, 28.42470425490708, 93.54555249591658, 81.92840618785968, 3.8087849317265023, 67.62924164655772, 3.005812893672882, 28.4097672101844, 37.95002697601736, 41.62183045276925, 74.32814937158281, 95.04393229352982, 111.28978529481877, 8.795979458228578, 19.300915972667028, 78.34051677643565, 39.140303484181864, 61.648410211596556, 27.38030511359991, 83.03281826745996, 82.93978020115978, 69.83822347575712, 36.116913889959044, 0.0, 106.59717327575252, 81.51515571221277], [112.80911132051536, 4.34433797806555, 66.10219322654412, 15.337646211000985, 74.25104298250226, 98.72282207960573, 80.53045321131802, 84.78347097067326, 102.8592480621109, 50.32829375264072, 107.01875423074824, 81.63531322105881, 71.50759944416644, 70.62324948521889, 38.09547238306942, 23.226258174723448, 9.082540472737483, 103.69227544050581, 87.57046886443027, 42.219457916860264, 78.68569589328935, 89.7164942107813, 109.0333258165383, 66.58465424826322, 26.715903298284566, 65.04285482139608, 71.88241819489328, 106.59717327575252, 0.0, 25.096744551750934], [89.43967021029377, 23.78542617769699, 41.30252083332926, 12.735907955184416, 52.66485510220329, 75.08484515982086, 71.25169949647727, 71.6125132416766, 77.78514842626706, 30.521028645274544, 81.97678373519338, 57.092507920742214, 46.765445242351674, 46.934194437493225, 19.771669527902215, 22.86021592086128, 30.748650343991876, 78.79159676914676, 62.544614353749324, 28.335874621741524, 54.91527186229584, 71.29503947371448, 85.22889969751427, 55.19445997104844, 11.697868732237959, 48.99645350076656, 47.18235173523378, 81.51515571221277, 25.096744551750934, 0.0]]",Route_2,1740.1751336116645
