instance_id,num_cities,city_coordinates,distance_matrix,best_route,total_distance
1669,78,"[[96.93141924236366, 40.88607019497221], [12.28068812058325, 73.56069723211618], [72.4322661705484, 32.48088581025787], [71.25531847165595, 57.12625409477064], [74.38810315167777, 40.90316225185623], [61.88747933273619, 91.97916376179249], [22.134931685170123, 59.37800037315699], [24.432411342686077, 36.80919641102349], [99.31232115549103, 72.98908833763309], [32.55473969595185, 39.48095539498917], [61.269149149432025, 76.71898591573513], [30.193506485254716, 33.45083584644354], [55.00526034708675, 75.99709203837097], [5.179355173509759, 4.273178252217602], [26.687275610712845, 78.54240901741198], [18.637175650667114, 93.7457456799762], [90.84454660053454, 74.88592790366701], [12.602652468381725, 19.12125385606549], [4.629079618087117, 50.15678002559763], [86.70912121120648, 69.57138036303976], [37.77591235730269, 97.76868332380924], [47.65432722603084, 59.53790630758144], [44.096424418891566, 22.504561777390077], [78.71437963771226, 34.80087821857566], [15.155841627373977, 84.38272916788972], [98.6656839903703, 7.990562305162752], [47.12496437848361, 28.58455573360904], [94.31916019966948, 59.50297370859947], [10.726610588117103, 77.82120257972292], [51.06400847985208, 38.15209340261847], [97.46875021056914, 8.748495294349745], [80.25931363663798, 59.62013582709702], [49.697293736689595, 34.1743758356593], [58.12124822556258, 11.43641323416692], [81.76885356118774, 33.027636889635545], [12.827257828829586, 98.39889947080862], [9.43996200058448, 93.76450127798414], [22.84141499486224, 8.551748792868297], [31.817663757980007, 9.600221923715047], [35.91829364659145, 53.79329149753216], [43.84563785908813, 44.54416036581683], [91.69014848604475, 28.399632211460922], [41.30504804822921, 69.41529231208644], [58.465171760443624, 58.91994750316096], [49.3218672455245, 27.8990812719514], [44.06072748344574, 74.70848651820295], [75.9671113059933, 92.02130338268809], [52.33902378743094, 14.621648917387652], [9.339204443349292, 90.62695006088074], [78.46858123810135, 88.42050824292784], [38.30005429740566, 75.65290536722023], [0.7037720222307087, 68.62840998400227], [31.767635834806953, 33.65713570695112], [24.627409631669607, 59.65096914409127], [39.718118409225426, 47.86299902405122], [36.92424866462043, 21.43652952817603], [78.85831349411808, 9.02484477109583], [47.604554506273864, 85.6356954346548], [72.19877692866584, 46.15565865637337], [8.452257996443823, 75.2762629376392], [23.2063944719634, 92.53984492650956], [76.86392145811416, 95.68304867213324], [18.562383910259094, 95.97711168337464], [48.953483275739984, 32.06261318551409], [83.63290999568068, 88.07581045398037], [94.40507796960362, 27.73330845010571], [10.31718117991758, 57.08131770606176], [28.448120588419933, 95.18996818250845], [43.10181663194044, 34.630633041476855], [71.37848307517257, 28.5267420227296], [51.41094392089411, 96.90633805694185], [28.52489921607322, 54.13639239248177], [7.088433713255227, 58.36888370264116], [32.87126302488096, 83.24374085794344], [39.03295808833867, 92.70411888128965], [11.990608528870561, 65.55806068123941], [76.7033737361602, 74.60841280175757], [87.4766208933597, 16.738218342934218]]","[[0.0, 90.73796080730723, 25.9008807915345, 30.381009263795182, 22.54332257017554, 61.95629051692356, 77.04846547860812, 72.61354588702964, 32.191186181747746, 64.39201205912522, 50.55487471285538, 67.15081316702744, 54.68625654220292, 98.78737326858578, 79.70093831351282, 94.46763399162617, 34.540416076957456, 87.0921818298691, 92.76673951842301, 30.452297064031796, 82.06708031356689, 52.688924718177404, 55.94118813273424, 19.20651174333952, 92.62399492610696, 32.94119174445112, 51.30312080323036, 18.799281734732432, 93.7841833114429, 45.948819344549996, 32.14206659601265, 25.078363591694522, 47.7085888856357, 48.71869938188471, 17.078008433374144, 101.88834819735423, 102.22956306319085, 80.83833910917105, 72.23991594217306, 62.363433650808, 53.21166985512627, 13.541862968481011, 62.51567552890451, 42.48379604163362, 49.349076208439776, 62.763571385067436, 55.265850942630394, 51.75230968232762, 100.73009095216493, 50.9941093432032, 68.16428524677062, 100.1468796642829, 65.56352767979361, 74.69933894188078, 57.63713497485115, 63.08046569973728, 36.63024483808884, 66.60081488829199, 25.287786743205665, 94.92758993917032, 90.01939636218708, 58.35591930170672, 95.79524284201973, 48.78253512493173, 49.02776696828816, 13.393190125719656, 88.1153350846692, 87.40066093094488, 54.191850043871106, 28.384952697401708, 72.1829902734664, 69.67799523841863, 91.52819684079611, 76.79762938138794, 77.70033445012773, 88.45139026165684, 39.32391404591421, 25.93283557361792], [90.73796080730723, 0.0, 72.84067029041186, 61.221711396205755, 70.17011894554211, 52.915722083998254, 17.270060984933803, 38.70836072309663, 87.03351012943868, 39.6543310492805, 49.090162979807985, 43.92800976761393, 42.79398429206679, 69.65047893600587, 15.243595882288195, 21.162256840010414, 78.57503481125944, 54.44039544433419, 24.62296597254373, 74.53526884238948, 35.15726168938944, 38.05171492686847, 60.15787599121858, 76.91397102318587, 11.197449839428323, 108.45187921729159, 56.894436389076, 83.2341906414344, 4.535092368838995, 52.51585630306333, 107.04030756060592, 69.3933194143292, 54.325727689339224, 77.20611124124876, 80.44584586557592, 24.844215199843973, 20.402534715389496, 65.8611594894131, 66.87776774633575, 30.813742461421963, 42.87546458882573, 91.35307432885689, 29.318899214679725, 48.44954160470905, 58.79653155637293, 31.800759773161786, 66.30802724857426, 71.2634666055739, 17.31788993609638, 67.83547138933318, 26.103347508014476, 12.58381674398516, 44.40760468218841, 18.598980282669043, 37.592343290048895, 57.656169965720956, 92.72247005580327, 37.330699404450414, 65.88788588011626, 4.195240506262414, 21.899294657184416, 68.26706718151578, 23.27993425344282, 55.38036551008795, 72.8136531040482, 94.04554731964411, 16.595942548399712, 27.00391146570331, 49.65371950419116, 74.30078391440914, 45.5652923234289, 25.32149309614037, 16.05461628768366, 22.753749333882723, 32.8961174132406, 8.00789222798091, 64.43120462817946, 94.2508483393091], [25.9008807915345, 72.84067029041186, 0.0, 24.673455043126737, 8.646388769622611, 60.42547152197464, 57.0375019451566, 48.1946089947056, 48.61534560190216, 40.48725838980987, 45.62482528809689, 42.24989494454025, 46.87601451124696, 72.9289298101619, 64.91739429061091, 81.53094393479353, 46.22985686303011, 61.303037785267776, 70.06931812840588, 39.74334379518044, 73.91589385104773, 36.68826265348126, 30.04075513338029, 6.696813749013306, 77.29417929165241, 35.888273236442615, 25.6054859758772, 34.77397539292388, 76.57239878450373, 22.108030945600994, 34.497128760025504, 28.245381277527898, 22.79795780403267, 25.449460910352308, 9.35258257626449, 88.87036370111761, 87.8846511595591, 55.06229307544372, 46.616206506106344, 42.278704162488765, 31.027695873531737, 19.685595297455446, 48.3016986417326, 29.901567006796082, 23.56020949187404, 50.873514415886454, 59.64525509066866, 26.88290780147052, 85.80034513887297, 56.26436223316176, 55.03481770642878, 80.32197941209293, 40.681638661218834, 54.98652323133582, 36.150032789357596, 37.18598005817311, 24.32036071762939, 58.66727412016205, 13.676766051188151, 76.97327945094507, 77.65478101580831, 63.35734337081084, 83.26905136284007, 23.482508345791306, 56.71199227887041, 22.479856519722933, 66.8091687783449, 76.59656698938655, 29.409125850575055, 4.092152478164549, 67.76824393706517, 48.95730628014251, 70.28516824396769, 64.35790877960412, 68.8647339492296, 68.90060577323894, 42.343486987452536, 21.77531143319206], [30.381009263795182, 61.221711396205755, 24.673455043126737, 0.0, 16.52280390233496, 36.08991164287137, 49.17197127791603, 51.040841146407914, 32.230806844031356, 42.53341467339518, 21.990878062059302, 47.398289345078524, 24.903271145484155, 84.61371373362964, 49.44655838504271, 64.106599643788, 26.44132887136439, 69.8893072825566, 66.9897699098428, 19.841904821516042, 52.65622173501633, 23.723887838455752, 44.00303518041283, 23.53847916693765, 62.37039951462305, 56.26405909204262, 37.37515931740511, 23.185978335572056, 63.968784347098605, 27.70754000550629, 55.02319102053571, 9.342985337987587, 31.488682825651647, 47.54014471051396, 26.292161784046, 71.53509297413393, 71.85749405805835, 68.58125556728191, 61.758014404928346, 35.493858104773786, 30.159570187374275, 35.25338398712404, 32.37343291563376, 12.915308317560154, 36.54181049023202, 32.3833394820182, 35.21172328245099, 46.523839758403994, 70.39816621603164, 32.11481749017487, 37.80590223980355, 71.48300704716887, 45.93557007298369, 46.696210433720886, 32.86948253749939, 49.521498298566584, 48.69857402671349, 37.04250101786477, 11.011088871364468, 65.37313841364326, 59.689375211389624, 38.96258250604862, 65.4670488724033, 33.5493360401358, 33.33286382487272, 37.414657802565095, 60.93815386000617, 57.2826546239573, 36.0371007770084, 28.599777276726833, 44.45508161446018, 42.83489235140774, 64.178915758528, 46.42691921036333, 48.000676781064286, 59.861516911235256, 18.311394791805768, 43.52383351852165], [22.54332257017554, 70.17011894554211, 8.646388769622611, 16.52280390233496, 0.0, 52.58349100341, 55.42304188617327, 50.12316530727947, 40.62909420456658, 41.85753182358683, 38.142891589850755, 44.81851786215852, 40.090878052847785, 78.30457537410797, 60.762503611777525, 76.81474168791277, 37.757686533092986, 65.51254421483436, 70.37009880810568, 31.203753230879524, 67.63238870207421, 32.58755070981993, 35.44142068074244, 7.480276643042413, 73.47743561454328, 40.89792374473719, 29.91699855128928, 27.26169512845262, 73.5916254547369, 23.485778081075658, 39.580789226659824, 19.616223193442945, 25.59126093419519, 33.65857790903787, 10.793487681859968, 84.23477592547194, 83.74116193735057, 60.857826224162594, 52.84048053679737, 40.57193211233425, 30.75872320846409, 21.347108380845356, 43.67413531541634, 24.044631310992926, 28.238666835296065, 45.41530208723621, 51.14252261497314, 34.30568238587749, 81.87682393231478, 47.69222653063067, 50.09882151001277, 78.72782237432247, 43.2320382933528, 53.17524689985668, 35.36166243175617, 42.219547399588066, 32.190214443364844, 52.1378749374281, 5.690506813125976, 74.35755326185742, 72.70429355284317, 54.835806117033925, 78.41970947923201, 26.927220354649535, 48.07000303707384, 23.960891678336193, 66.08188674827484, 71.11637853592329, 31.908875675745147, 12.737095064921125, 60.533507634797715, 47.734179108827384, 69.52910852525979, 59.29901020094901, 62.71622908126885, 67.09181285199004, 33.78467688924957, 27.481881500284324], [61.95629051692356, 52.915722083998254, 60.42547152197464, 36.08991164287137, 52.58349100341, 0.0, 51.4110970391074, 66.68288697727621, 41.96715084531571, 60.13710581931656, 15.272699830379853, 66.55879418546816, 17.400906721749404, 104.4420951525964, 37.677589096604606, 43.28636714099315, 33.62574098593673, 87.9617484755756, 70.90582570748374, 33.43983645875751, 24.79689897486761, 35.42623045291462, 71.71639949020424, 59.6028599274837, 47.34502910723231, 91.68817542343945, 65.09076873736824, 45.896806470883355, 53.08372966867655, 54.904471810178656, 90.51724151132252, 37.21062999424257, 59.07617228672907, 80.63075814667732, 62.21375701378579, 49.47846340162553, 52.47789538799241, 92.11258713484531, 87.69540391070217, 46.179643196801244, 50.75024720074248, 70.21791737741285, 30.54119795260677, 33.23588375166724, 65.30047150695866, 24.8207448306537, 14.079695033984688, 77.9445835591094, 52.565670125505896, 16.95868419123518, 28.686466024306284, 65.48819544199235, 65.64041383758526, 49.32975736174167, 49.37323723359056, 74.82931330706806, 84.67247635060276, 15.62822869092249, 46.96931421958593, 55.98490667313875, 38.68514817568591, 15.427656405424829, 43.50916548211916, 61.29666619778045, 22.092983541444422, 72.00641739344206, 62.26841342847983, 33.59315374089145, 60.346956003489154, 64.15831182778146, 11.57734169705471, 50.449351799113124, 64.28519523545481, 30.30261411385715, 22.866016295714978, 56.46036135211029, 22.83098149202012, 79.47329132062696], [77.04846547860812, 17.270060984933803, 57.0375019451566, 49.17197127791603, 55.42304188617327, 51.4110970391074, 0.0, 22.6854430209752, 78.36843217157217, 22.460293805842895, 42.80416750887751, 27.150662758095372, 36.83276685397394, 57.654427373993926, 19.697674834873812, 34.545277748938354, 70.43796560172092, 41.369916451549365, 19.785999122936328, 65.37377875389035, 41.45461149020125, 25.519896525628113, 42.91803393643624, 61.68686135649663, 25.96043451356246, 92.18256255709018, 39.6577604862123, 72.18433669826186, 21.68643580410906, 35.88078330965702, 90.76635388811606, 58.12488629509892, 37.34844697823721, 59.94506448032817, 65.19621380132953, 40.11562487367129, 36.655063767100806, 50.83116139111591, 50.71077329084569, 14.871786717978415, 26.2944399433334, 76.1418904295018, 21.638867596076366, 36.33312753340566, 41.59389153401143, 26.753772198161638, 62.95624507624825, 53.99461246600628, 33.76725473343911, 63.37939203966988, 22.938694854642296, 23.34233669680095, 27.465466834039223, 2.507380757621717, 21.018175740127933, 40.721973265046934, 75.84841674635715, 36.5809818975912, 51.78048784088544, 20.975469287750855, 33.17914957747112, 65.67586203132785, 36.77306142139547, 38.280087338287295, 67.86431786819222, 78.89461686882221, 12.038852863862589, 36.36417732475384, 32.43520393369237, 58.10961620338434, 47.5968593683916, 8.264752825649055, 15.080298991517113, 26.16949329893935, 37.36540473673854, 11.878570524729449, 56.65404072630242, 78.02363334377954], [72.61354588702964, 38.70836072309663, 48.1946089947056, 51.040841146407914, 50.12316530727947, 66.68288697727621, 22.6854430209752, 0.0, 83.16240420643787, 8.550468639008415, 54.31147715311504, 6.668493302347521, 49.70302063200749, 37.805722443614336, 41.79408387938713, 57.23072076587826, 76.55330946908585, 21.279250617718585, 23.881581516778898, 70.36866695734415, 62.40278891201235, 32.49387066594299, 24.3165783420062, 54.319107355923514, 48.46953439689378, 79.63097663417737, 24.13703953584748, 73.47901192742759, 43.241572870391565, 26.665433399934514, 78.24135570389575, 60.30739570552048, 25.401900752644305, 42.174824915591955, 57.46101111788218, 62.67352799286697, 58.895503137030026, 28.302201597606743, 28.19344331380271, 20.503291887078387, 20.897440780131138, 67.78144270869198, 36.71298624882693, 40.58465344820556, 26.436247217236794, 42.68052231580299, 75.52616802511982, 35.65201651973609, 55.89414551116164, 74.72372558950907, 41.24494207285667, 39.692703062440806, 7.983796404716694, 22.842605059883716, 18.863705699883827, 19.808202512309567, 61.10768381348127, 54.04604727173374, 48.67218957266277, 41.65429759499608, 55.74413243852617, 78.83650000505612, 59.45838393139836, 24.976249139186038, 78.31324764171588, 70.55881105263093, 24.702198775588247, 58.518718658054084, 18.79608555549716, 47.67108874156259, 65.87493949965348, 17.80393713687185, 27.67008630493476, 47.19513889911828, 57.77039313722082, 31.325638925410047, 64.50607932042936, 66.16204741752605], [32.191186181747746, 87.03351012943868, 48.61534560190216, 32.230806844031356, 40.62909420456658, 41.96715084531571, 78.36843217157217, 83.16240420643787, 0.0, 74.69517826224735, 38.225581385058405, 79.6284117101147, 44.40905002072537, 116.54566308289532, 72.8370552051191, 83.30256854534532, 8.677626763858905, 102.07992082462559, 97.39728194814379, 13.058383385213233, 66.33820871456116, 53.38054547137685, 74.81632625596299, 43.38910677655297, 84.92424917498698, 65.0017424844676, 68.52213308962658, 14.38078384922656, 88.71740215298887, 59.51063679837796, 64.26704091820088, 23.275437412483562, 62.99391123258898, 74.06373135017941, 43.64276408596315, 90.14058287164717, 92.24239113829726, 99.99985108306414, 92.59415296037291, 66.23655591986608, 62.3351175760925, 45.23623673373689, 58.11725863607706, 43.20220292440575, 67.32127612655388, 55.278340544956144, 30.12015990060982, 74.92161670775813, 91.68563626362139, 25.934344295495713, 61.07039076614249, 98.70492124443665, 78.1619281543927, 75.86660288257386, 64.67448774561036, 80.93168668036428, 67.15497661715628, 53.23184951620914, 38.146785303602144, 90.88884554727804, 78.57699510388507, 31.920941161517405, 83.95833241824931, 64.89213296676311, 21.758977883491394, 45.52105720338409, 90.40570836920972, 74.26044699499641, 68.05139169406691, 52.50904255196301, 53.540421880173255, 73.25491962475623, 93.3755631764929, 67.22776289471051, 63.421479335623225, 87.6373303340316, 22.666863813288735, 57.48255540470978], [64.39201205912522, 39.6543310492805, 40.48725838980987, 42.53341467339518, 41.85753182358683, 60.13710581931656, 22.460293805842895, 8.550468639008415, 74.69517826224735, 0.0, 47.02327325193472, 6.475937310154509, 42.86553525695399, 44.59819782330481, 39.4996746048402, 56.02112149563079, 68.19980694484238, 28.50619637009852, 29.89675103297939, 61.95264895109518, 58.52110620164138, 25.10535447845046, 20.528234860878786, 46.3962873722688, 48.15486415673398, 73.2277393646116, 18.194036739546906, 64.92861354988725, 44.11849696595281, 18.55690990195918, 71.82139559302115, 51.78139591918497, 17.94510924065695, 37.94921215789327, 49.63541400322901, 62.132903319730886, 58.99996865708891, 32.418582599883585, 29.889822912149523, 14.702260366726566, 12.374183848114109, 60.16470972479795, 31.187055374405375, 32.39174129234501, 20.378331002943543, 37.05896253273902, 68.15513315574132, 31.771103467768835, 56.16826370316464, 67.105593493492, 36.62538197293326, 43.17474088829035, 5.87676852079515, 21.67191769518888, 11.025998820482465, 18.565934220776235, 55.42197777792718, 48.546441207920715, 40.20200681230162, 43.15360548260154, 53.8761293779068, 71.56800176870345, 58.20310726924369, 17.99862750691069, 70.50134338700549, 62.956108149303375, 28.359861816219645, 55.86016851258447, 11.608895676447592, 40.339531982666514, 60.44196399559189, 15.199389720667845, 31.706254527448234, 43.76393010795898, 53.615971920957726, 33.209921872342676, 56.418438045381684, 59.444470919347026], [50.55487471285538, 49.090162979807985, 45.62482528809689, 21.990878062059302, 38.142891589850755, 15.272699830379853, 42.80416750887751, 54.31147715311504, 38.225581385058405, 47.02327325193472, 0.0, 53.27127159558306, 6.305349609523839, 91.621285934442, 34.629912637136336, 45.90637986673063, 29.632148691350217, 75.40508363249904, 62.559158068708385, 26.424996568415796, 31.543968297323364, 21.92151620001774, 56.86920308324434, 45.403345908642926, 46.74580292666755, 78.24383062008015, 50.16952592752597, 37.26518894004245, 50.55455553949988, 39.89423635319028, 77.00908201178169, 25.55380640149052, 44.090267458466464, 65.3584239111588, 48.261494596518766, 53.07198400731328, 54.56018909859945, 78.25255886691146, 73.29610133956243, 34.179721170347854, 36.5895906625425, 57.09813607322878, 21.25815779965485, 18.01854759991074, 50.26052759690822, 17.32546923064029, 21.21770514016822, 62.73616501881024, 53.76012112932286, 20.802550058743698, 22.993821910619946, 61.10337409233025, 52.198297206487034, 40.42195284006784, 36.01548146920104, 60.40549779496692, 69.941943407763, 16.316520934519694, 32.45880060253991, 52.83659187209305, 41.21981166230581, 24.55264954313984, 46.84808646333434, 46.32350646629476, 25.08217021672354, 59.14039546318703, 54.60532073598361, 37.66161310541844, 45.841917700606636, 49.24115152862551, 22.465827311742952, 39.77636778207322, 57.20381260376762, 29.137816723269463, 27.385628874135897, 50.526634736367804, 15.577862737327273, 65.45627589338652], [67.15081316702744, 43.92800976761393, 42.24989494454025, 47.398289345078524, 44.81851786215852, 66.55879418546816, 27.150662758095372, 6.668493302347521, 79.6284117101147, 6.475937310154509, 53.27127159558306, 0.0, 49.252482634373465, 38.432323225805156, 45.22768649818816, 61.39238498537318, 73.45349223049824, 22.688654985739095, 30.53896677957152, 67.07241194431303, 64.76324870580649, 31.39132851896987, 17.694972253842995, 48.53965127484361, 53.105452843235554, 73.052478541723, 17.616893838777354, 69.21570162535242, 48.452961518525356, 21.393449373955203, 71.66703598623342, 56.492630556533044, 19.517203366907566, 35.561124302603965, 51.57708331575174, 67.22973717746754, 63.78438560074873, 25.961852502944, 23.905850148814967, 21.13264512452507, 17.590978936390528, 61.70374085527873, 37.64184486412473, 38.05210514563763, 19.917734917164232, 43.525780373999034, 74.33520408056616, 29.068233812708943, 60.86057796568637, 73.15837426959226, 42.97360572801819, 45.90322604025895, 1.5875902624944496, 26.784854283680534, 17.275088415410085, 13.771218050494127, 54.45082626758645, 55.012763641100236, 43.88456753410954, 47.13860665328522, 59.500678385631915, 77.78801930195189, 63.59888507191433, 18.81127032754205, 76.41765305493338, 64.46561899196752, 30.878276839249487, 61.763798729830455, 12.962113726720577, 41.478295489289565, 66.90874690294108, 20.752746802245486, 33.98166412586569, 49.8648550541337, 59.90899310663504, 36.90825626608046, 62.105667153082315, 59.671322929114375], [54.68625654220292, 42.79398429206679, 46.87601451124696, 24.903271145484155, 40.090878052847785, 17.400906721749404, 36.83276685397394, 49.70302063200749, 44.40905002072537, 42.86553525695399, 6.305349609523839, 49.252482634373465, 0.0, 87.33235732058219, 28.432145505629713, 40.46791680548454, 35.85650742739489, 70.94252690632759, 56.616970156997205, 32.34848627410486, 27.764232733019075, 18.02612028892691, 54.593529790903226, 47.53157235589208, 40.722169421175956, 80.81534927886364, 48.06295520880037, 42.63377371398653, 44.316207009902975, 38.04967001198682, 79.5331486578147, 30.099367141145642, 42.15820323625821, 64.6358308379989, 50.62276165430979, 47.75798229270292, 48.906822064959954, 74.72206684337289, 70.32928974902023, 29.280045359991675, 33.37400312927719, 60.094086229363505, 15.199207369816573, 17.424116978048843, 48.43262946437554, 11.02013175011649, 26.38511976153895, 61.43332837873187, 47.95228261055013, 26.549363409060653, 16.708751408375775, 54.799170700959074, 48.2976096211836, 34.4965150089551, 32.019117701253315, 57.47850002296835, 71.09324896545483, 12.152083046667197, 34.44021136307435, 46.558582693757195, 35.84453297313416, 29.416627171603327, 41.560611497000636, 44.34932285608661, 31.071494379353915, 62.303598892379355, 48.52660031613617, 32.7665708740717, 43.04504503681438, 50.2147045506693, 21.215929855575986, 34.33802141412158, 51.05659608497769, 23.290078500804242, 23.113614718923007, 44.263231318076464, 21.74250571271145, 67.5722085429933], [98.78737326858578, 69.65047893600587, 72.9289298101619, 84.61371373362964, 78.30457537410797, 104.4420951525964, 57.654427373993926, 37.805722443614336, 116.54566308289532, 44.59819782330481, 91.621285934442, 38.432323225805156, 87.33235732058219, 0.0, 77.3208204818518, 90.47902107179434, 111.01659981987859, 16.600322041021865, 45.88690134324847, 104.45553096446041, 99.01487266480879, 69.70160269244722, 42.97582604083106, 79.6199741785115, 80.72837437899267, 93.56020852825874, 48.481720334772504, 104.86293504501745, 73.75692459094402, 57.03667505045584, 92.39784033695808, 93.27532297248057, 53.62768381012809, 53.42430135567166, 81.80935248984133, 94.43591377196051, 89.59268757793242, 18.172906289428713, 27.16572985434962, 58.2848518423156, 55.828607515456504, 89.81204340294032, 74.4886616195211, 76.32593031796078, 50.067401226005664, 80.4542961141805, 112.74147365625778, 48.281727277332855, 86.45390824902279, 111.58890537016792, 78.68955555515535, 64.51067117768747, 39.62768759624387, 58.693496626727196, 55.6147340259162, 36.087655642669624, 73.83202038354744, 91.7592324547626, 79.03002630140001, 71.07847724686792, 90.08872621842622, 116.1655777483055, 92.67533040089332, 51.850043249956705, 114.79477962076194, 92.25837261401941, 53.05748626394556, 93.84720632582919, 48.57662137642016, 70.50219777078586, 103.52903985604645, 55.05773833932076, 54.12938138432678, 83.68507345228119, 94.68948036005571, 61.662224956694025, 100.313161900566, 83.23591273859356], [79.70093831351282, 15.243595882288195, 64.91739429061091, 49.44655838504271, 60.762503611777525, 37.677589096604606, 19.697674834873812, 41.79408387938713, 72.8370552051191, 39.4996746048402, 34.629912637136336, 45.22768649818816, 28.432145505629713, 77.3208204818518, 0.0, 17.203068186867057, 64.26138245475731, 61.06758788236444, 35.948684867600115, 60.688559913768465, 22.194762639024862, 28.29820447815312, 58.67979878562418, 67.97161959275184, 12.926070910070809, 100.78915788604176, 53.97671930466175, 70.26074230985897, 15.976951107432084, 47.17629384379411, 99.40426318479686, 56.81562884400807, 49.97982895703912, 74.10336904899822, 71.45330441174612, 24.215290748614844, 23.003954432998903, 70.09624214281442, 69.13281452251117, 26.414588999103103, 38.08267724861478, 82.09550260433261, 17.233210101070718, 37.34803448083094, 55.47135642481463, 17.791452771038887, 51.08994812547875, 68.87579949653305, 21.14217835179695, 52.71508756310809, 11.96686509369009, 27.8106065300114, 45.1718697881915, 19.003408861015213, 33.332102567648974, 58.0161795497219, 86.91667810364359, 22.087264850852943, 55.8587356745771, 18.525214644022796, 14.423756290626791, 53.023554353405416, 19.234934941263194, 51.53790279354629, 57.738124479906645, 84.65970385476456, 26.991821575196923, 16.740424164008022, 46.87943287091128, 67.0736235010033, 30.797624331768674, 24.475099754880425, 28.126246236340165, 7.7681543118931735, 18.787493236379543, 19.61084712677079, 50.170573027614125, 86.68969076435828], [94.46763399162617, 21.162256840010414, 81.53094393479353, 64.106599643788, 76.81474168791277, 43.28636714099315, 34.545277748938354, 57.23072076587826, 83.30256854534532, 56.02112149563079, 45.90637986673063, 61.39238498537318, 40.46791680548454, 90.47902107179434, 17.203068186867057, 0.0, 74.62973365922825, 74.86808565747127, 45.784546315067686, 72.23703835895914, 19.556974970891815, 44.85723308536979, 75.65368220836599, 84.16512246140385, 9.98928249612265, 117.29669058727028, 71.11634679753487, 83.06822628152798, 17.781116741100966, 64.35956541857371, 115.92648412123205, 70.4403658266548, 67.18243104150109, 91.28974857438465, 87.5916519473937, 7.44358685699599, 9.197232773922979, 85.29767132849425, 85.17155883839703, 43.52970978985904, 55.28347460444118, 98.01454680569866, 33.253622360867936, 52.9065732473068, 72.6452580140958, 31.761206277257497, 57.355864769703516, 86.00254215038628, 9.807097158986457, 60.067921957805375, 26.720397962217067, 30.8623965071519, 61.50650399053429, 34.617000017030456, 50.49388664265612, 74.5857880558047, 103.94333309054626, 30.081255837246733, 71.6495744186761, 21.09157036336539, 4.7256700333497275, 58.25896557791318, 2.2326190999710693, 68.73054155430043, 65.24257542827814, 100.4908796400922, 37.596576794272934, 9.91667379762177, 63.97745853505798, 83.87588417948355, 32.92581404922088, 40.824844704657885, 37.21418820423669, 17.68901774149015, 20.422363419363915, 28.96070510351151, 61.138538335451464, 103.29098938381286], [34.540416076957456, 78.57503481125944, 46.22985686303011, 26.44132887136439, 37.757686533092986, 33.62574098593673, 70.43796560172092, 76.55330946908585, 8.677626763858905, 68.19980694484238, 29.632148691350217, 73.45349223049824, 35.85650742739489, 111.01659981987859, 64.26138245475731, 74.62973365922825, 0.0, 96.08065814211648, 89.69190321192268, 6.73395565119687, 57.79187171272418, 45.83619548491851, 70.20822205956289, 41.88021201954674, 76.28216891755427, 67.35102173410759, 63.680600927605035, 15.77048570687788, 80.17168769780085, 54.14670636632938, 66.46833882096934, 18.576640294332808, 57.883735971577536, 71.3908619385741, 42.830885243709304, 81.48347795231135, 83.5649862474703, 94.99815380564989, 88.01361430715929, 58.83700004352659, 55.942115442730156, 46.49398595229276, 49.840643761790744, 36.101751275865496, 62.704837590183914, 46.78415561518407, 22.692711908238255, 71.51544314934051, 83.01144847979545, 18.33983052299153, 52.55008968425429, 90.35771008658593, 72.04092372826518, 67.94713530944033, 57.82862911079477, 75.92257053208671, 66.94290145696411, 44.55619393846388, 34.25044667852327, 82.39321320872565, 69.90408006416466, 25.059491447973286, 75.29640812424488, 59.9057382053833, 15.032654596295657, 47.28685763467998, 82.47218152731408, 65.61682734428805, 62.44883529174877, 50.28023214660742, 45.165334977327404, 65.68319171640134, 85.36919347824083, 58.572644177310416, 54.78985885975744, 79.40373200504531, 14.143895666042825, 58.24516332476359], [87.0921818298691, 54.44039544433419, 61.303037785267776, 69.8893072825566, 65.51254421483436, 87.9617484755756, 41.369916451549365, 21.279250617718585, 102.07992082462559, 28.50619637009852, 75.40508363249904, 22.688654985739095, 70.94252690632759, 16.600322041021865, 61.06758788236444, 74.86808565747127, 96.08065814211648, 0.0, 32.04343534358745, 89.6492274038152, 82.577909729654, 53.49883829301946, 31.67498136007688, 67.94564805387775, 65.31139973050216, 86.77982305326589, 35.795867108423025, 91.14971713640229, 58.729920085902705, 42.91210505309325, 85.49765298630224, 78.85165338367851, 40.03259786919879, 46.16274834852909, 70.55034275385802, 79.27796378429974, 74.71022016220311, 14.715525656754934, 21.44450297666575, 41.78240440379551, 40.279626506801804, 79.62989596407706, 57.90783898780684, 60.72319731231309, 37.75382083965832, 63.8713622736199, 96.58919124191587, 39.99031945620754, 71.58012770837601, 95.6070459290153, 62.09818099864896, 50.917009571926975, 24.053865564982726, 42.27591047114745, 39.51374961314714, 24.43154810835285, 67.02051994999992, 75.16185259013889, 65.44124917506224, 56.30817719678305, 74.18038055475053, 99.9560859459213, 77.08658301696126, 38.585770455947774, 98.9950926056916, 82.25450931233915, 38.02880259101235, 77.70153254100677, 34.21607600810729, 59.5236211194466, 86.92872258120771, 38.46528133549521, 39.63310556912247, 67.24960901891578, 78.18567055723628, 46.440840064563986, 84.78046517278567, 74.9118816074022], [92.76673951842301, 24.62296597254373, 70.06931812840588, 66.9897699098428, 70.37009880810568, 70.90582570748374, 19.785999122936328, 23.881581516778898, 97.39728194814379, 29.89675103297939, 62.559158068708385, 30.53896677957152, 56.616970156997205, 45.88690134324847, 35.948684867600115, 45.784546315067686, 89.69190321192268, 32.04343534358745, 0.0, 84.3448868289644, 58.01384193724621, 44.03609271998816, 48.19041896136709, 75.6599986737032, 35.80821572057075, 103.05761921719531, 47.65774944825617, 90.17572783787732, 28.32843375804019, 47.96160046655144, 101.65554820128938, 76.21999344480778, 47.818209580982405, 66.03543675022914, 79.01868303486803, 48.93375332570655, 43.872291279622786, 45.41660251221482, 48.826770450270544, 31.499827463131663, 39.61615755869292, 89.73852680670356, 41.42483501207482, 54.54464154616954, 49.928453007471454, 46.45041598389275, 82.71489032224537, 59.48936304516612, 40.74334226047587, 83.16480563665016, 42.234901956687914, 18.88409788796701, 31.76065956761457, 22.137588629972267, 35.16393144358384, 43.21840733274201, 84.86350958806165, 55.7283130954832, 67.68805630873509, 25.40876058923542, 46.27570439847421, 85.38450393678148, 47.8919592596392, 47.87537606372747, 87.6325172693344, 92.53400433088578, 8.961234371774111, 50.944428039994, 41.487500931119506, 70.16652624921862, 66.13670693172035, 24.22493568309633, 8.572459936793647, 43.50135515939896, 54.716568765748804, 17.070194894556604, 76.10904163132449, 89.33373024953102], [30.452297064031796, 74.53526884238948, 39.74334379518044, 19.841904821516042, 31.203753230879524, 33.43983645875751, 65.37377875389035, 70.36866695734415, 13.058383385213233, 61.95264895109518, 26.424996568415796, 67.07241194431303, 32.34848627410486, 104.45553096446041, 60.688559913768465, 72.23703835895914, 6.73395565119687, 89.6492274038152, 84.3448868289644, 0.0, 56.47607301327871, 40.323039752058214, 63.491159539641615, 35.67777616675596, 73.07015719581443, 62.73082612376022, 56.9809201870355, 12.62083618327663, 76.42906179716437, 47.51574112578129, 61.76724831399729, 11.85863759304126, 51.21350703198129, 64.78380109964554, 36.87616345966315, 79.3067184717725, 80.96808053005562, 88.33164401445681, 81.29951996103028, 53.18511307637047, 49.63506770285221, 41.47196014863197, 45.404341458374255, 30.185653919465672, 55.98559877889605, 42.95666825077938, 24.8875434784519, 64.81339817405897, 80.18379534523038, 20.57173111045148, 48.78957579074979, 86.01051843962689, 65.6384017521947, 62.86933649560684, 51.76299995841371, 69.2495299577867, 61.05340411473572, 42.275635487839125, 27.547161636762286, 78.46452909056448, 67.52885803656349, 27.906041999223135, 73.08379061957616, 53.22025752560639, 18.758385016654145, 42.54000484037302, 77.40626697444642, 63.64476597044068, 55.87891226624032, 43.81427623668884, 44.64483432767715, 60.19669877020017, 80.40491159794065, 55.54681283020206, 52.99188731751325, 74.82621781387002, 11.202083659886243, 52.83873640431637], [82.06708031356689, 35.15726168938944, 73.91589385104773, 52.65622173501633, 67.63238870207421, 24.79689897486761, 41.45461149020125, 62.40278891201235, 66.33820871456116, 58.52110620164138, 31.543968297323364, 64.76324870580649, 27.764232733019075, 99.01487266480879, 22.194762639024862, 19.556974970891815, 57.79187171272418, 82.577909729654, 58.01384193724621, 56.47607301327871, 0.0, 39.48639501883201, 75.52904649785305, 75.10594239499193, 26.284051599617527, 108.47891639929789, 69.81295212288225, 68.2744711361346, 33.60902727298368, 61.07954888826159, 107.18128926159025, 57.097732532649104, 64.70205003622495, 88.69720148022289, 78.27376296793403, 24.956613054920734, 28.617469428209525, 90.45828109447439, 88.36955534589518, 44.01460931950869, 53.56950076090766, 87.85675904319115, 28.572181936082778, 44.01442637946082, 70.81716151587715, 23.901288205515016, 38.621238371213174, 84.41275700454872, 29.31980066409591, 41.75262480353938, 22.121988142988492, 47.15399367330338, 64.39246791822349, 40.321746715794106, 49.943462933353345, 76.33690479791302, 97.79178168044733, 15.614467701811066, 62.03900322071392, 36.95653771531249, 15.479392830350191, 39.14361157794963, 19.296875506883566, 66.65002434099524, 46.87020393466268, 90.06562125275987, 49.086083962607574, 9.677679012222447, 63.36228097059747, 76.96479191157216, 13.662273789506015, 44.602220304096996, 49.94062029768018, 15.330673132995065, 5.218235042842514, 41.26022424256306, 45.2961960881602, 95.05838565851465], [52.688924718177404, 38.05171492686847, 36.68826265348126, 23.723887838455752, 32.58755070981993, 35.42623045291462, 25.519896525628113, 32.49387066594299, 53.38054547137685, 25.10535447845046, 21.92151620001774, 31.39132851896987, 18.02612028892691, 69.70160269244722, 28.29820447815312, 44.85723308536979, 45.83619548491851, 53.49883829301946, 44.03609271998816, 40.323039752058214, 39.48639501883201, 0.0, 37.20386108291589, 39.70701971305146, 40.90741728789785, 72.52094313122528, 30.9578768131731, 46.66484604864849, 41.20600901161084, 21.65592112699759, 71.14099386678176, 32.6050901015433, 25.44567527427394, 49.2271273903138, 43.20411197657222, 52.18334554654254, 51.30104787284368, 56.70334092015052, 52.388665104418806, 13.066563568649807, 15.469923466521905, 53.93278842901619, 11.74206542136674, 10.82849170619822, 31.68273882340072, 15.590396500307767, 43.09042617447202, 45.15989990926166, 49.34143568388055, 42.23414430145447, 18.63318589815947, 47.82250402306538, 30.367766632441672, 23.027195163599547, 14.116900171885003, 39.58344980443535, 59.37388436684734, 26.097836589357765, 27.955581972183, 42.24332019735447, 41.07102833573689, 46.472268201118325, 46.627854918571074, 27.505990958062522, 45.92243886360564, 56.54348008359072, 37.4178741035071, 40.49627006701029, 25.319905494723184, 39.04520304796014, 37.55678181632091, 19.87740849716498, 40.58273438718381, 27.937529935634174, 34.268435363943176, 36.1682608096222, 32.72563626789652, 58.46048548206], [55.94118813273424, 60.15787599121858, 30.04075513338029, 44.00303518041283, 35.44142068074244, 71.71639949020424, 42.91803393643624, 24.3165783420062, 74.81632625596299, 20.528234860878786, 56.86920308324434, 17.694972253842995, 54.593529790903226, 42.97582604083106, 58.67979878562418, 75.65368220836599, 70.20822205956289, 31.67498136007688, 48.19041896136709, 63.491159539641615, 75.52904649785305, 37.20386108291589, 0.0, 36.73693266392889, 68.31152854328013, 56.4664526144439, 6.7925238898736975, 62.379529292367124, 64.60243977401211, 17.12870320862247, 55.11655400602252, 51.82007712860219, 12.944276622107136, 17.86615781255217, 39.11453728857451, 82.08356274650667, 79.24045283174407, 25.425507188581605, 17.81263457288379, 32.33985823142929, 22.041025380811135, 47.95742305423606, 46.993706188611945, 39.147684704488434, 7.510399011478135, 52.20393694555664, 76.47429663667035, 11.405295239871577, 76.47695159899419, 74.33947244130799, 53.463485978075674, 63.32717943666874, 16.62464836336034, 41.93921931841341, 25.733633694197362, 7.251261816781681, 37.28393357262791, 63.228530060103566, 36.73032262535505, 63.68170100820007, 73.08443224764693, 80.17979674718288, 77.7830496598319, 10.72135100904877, 76.56841610462435, 50.57964426380446, 48.33828011368115, 74.35077482479907, 12.166792878633833, 27.938814925334874, 74.76046086734382, 35.25684479932739, 51.53485192786055, 61.76772720200345, 70.38193311400518, 53.706491058601856, 61.465636215274024, 43.76176599233113], [19.20651174333952, 76.91397102318587, 6.696813749013306, 23.53847916693765, 7.480276643042413, 59.6028599274837, 61.68686135649663, 54.319107355923514, 43.38910677655297, 46.3962873722688, 45.403345908642926, 48.53965127484361, 47.53157235589208, 79.6199741785115, 67.97161959275184, 84.16512246140385, 41.88021201954674, 67.94564805387775, 75.6599986737032, 35.67777616675596, 75.10594239499193, 39.70701971305146, 36.73693266392889, 0.0, 80.61046890802467, 33.41926966211849, 32.19524532686603, 29.218191216861673, 80.4554848874793, 27.852713842230617, 32.100670890411905, 24.867295174569794, 29.023848459898076, 31.144426232726264, 3.531882750014931, 91.57412913840905, 90.97062044009158, 61.73171772750783, 53.238848954462085, 46.82111423618718, 36.20442929014509, 14.468812240434884, 50.966810308365694, 31.492220036248064, 30.191962271726275, 52.853503269181516, 57.286338155342555, 33.20934644672933, 89.04754477575878, 53.62019340511241, 57.4648224122005, 85.02915268234521, 46.96067397970907, 59.522494432281235, 41.125750932198464, 43.87505968846943, 25.776435309030205, 59.598656537717794, 13.091375689847364, 81.08651247703655, 80.0932250172316, 60.91028545829087, 85.79507055148993, 29.88660314688409, 53.50149853573468, 17.208967330278973, 71.93465604721051, 78.5718714648094, 35.61296993035533, 9.652987277537836, 67.8422121077824, 53.78518432954759, 75.40375993324328, 66.69559416838794, 70.19544497631783, 73.4715312486863, 39.858298437430825, 20.075770311628826], [92.62399492610696, 11.197449839428323, 77.29417929165241, 62.37039951462305, 73.47743561454328, 47.34502910723231, 25.96043451356246, 48.46953439689378, 84.92424917498698, 48.15486415673398, 46.74580292666755, 53.105452843235554, 40.722169421175956, 80.72837437899267, 12.926070910070809, 9.98928249612265, 76.28216891755427, 65.31139973050216, 35.80821572057075, 73.07015719581443, 26.284051599617527, 40.90741728789785, 68.31152854328013, 80.61046890802467, 0.0, 113.17975494528699, 64.30754985285617, 82.98092093422939, 7.916547149252405, 58.53774961481338, 111.78529533468517, 69.65377302503069, 60.94251929608948, 84.65926513058196, 84.11087243515203, 14.208283938156253, 10.985851256670678, 76.21945698195395, 76.61618436359899, 36.970165144870506, 49.09395046250378, 94.82408592319827, 30.129805217972372, 50.23993756645068, 66.01302739741948, 30.48086936420213, 61.289137177486424, 79.0518649575389, 8.533672286363252, 63.44136392665737, 24.735893024234855, 21.378982408424164, 53.376376223517845, 26.483401487247665, 44.011318208922866, 66.60396079830338, 98.67530421890716, 32.472894727186464, 68.66735314310442, 11.30777434774712, 11.460800085641967