instance_id,num_cities,city_coordinates,distance_matrix,best_route,total_distance
252,38,"[[75.90721299281715, 26.47333490032242], [44.097545154203196, 49.10293368582327], [45.60018582133245, 49.87591303312083], [12.882012295106648, 29.10603198033491], [75.98091785886479, 69.79527344920889], [53.15917602825593, 35.240911107276915], [21.177110591399195, 67.71263569031818], [75.57527625997335, 43.06159347504982], [26.489653689275794, 93.92963985650363], [21.721886390230672, 64.01613233765666], [12.582767105739489, 59.722218924884395], [76.89265553723732, 11.837615818815351], [9.891823054104766, 30.501761567392204], [89.68112236926976, 46.723259071208226], [44.558163428239276, 64.53813342005962], [58.448390967716094, 70.73860925628892], [56.02138487931415, 38.630477950191974], [41.720286170004414, 56.478962531987754], [25.113089439551082, 20.16665349133747], [86.55527894601477, 25.867292332941126], [16.65376119982328, 6.0342375098003], [57.535858898687685, 72.7941815109934], [84.8683609006998, 76.09886586870205], [15.987415228777024, 94.47478868017136], [36.35308546406806, 32.88561819938104], [93.85992408632798, 50.601988579347115], [89.28577122838993, 89.62887346184453], [11.170996609449135, 59.732517043856994], [58.73801174932489, 37.239012293182874], [21.771123821238557, 17.179447933201242], [42.11688201706723, 32.1347126362279], [62.838869129824324, 21.834429047350113], [95.01536013128096, 72.9913446596634], [18.55440008544592, 59.260991985498734], [32.432758099515965, 52.44806602867247], [4.769115774773425, 54.72334066366435], [80.3369281072708, 68.98455851840416], [22.334757517076696, 92.8715422729903]]","[[0.0, 39.037849699947515, 38.290946178370234, 63.08016341847725, 43.322001246950435, 24.379162788861276, 68.52783404221557, 16.591579326171097, 83.62086011193824, 65.92049194635669, 71.52254005405707, 14.668857148433323, 66.13818813796011, 24.490406457169186, 49.31218708342338, 47.58387311172914, 23.307558578598016, 45.487181217992735, 51.18415006561011, 10.665298689540972, 62.67956805470102, 49.83098917321627, 50.428122072119194, 90.63431954980629, 40.0705176116797, 30.074769558042814, 64.55701256609169, 72.78015463360225, 20.26527278540022, 54.92806646652268, 34.2613144131881, 13.867265730278735, 50.289626356091816, 66.06342108552236, 50.6430141822123, 76.54209104429205, 42.7413910571681, 85.31547296946786], [39.037849699947515, 0.0, 1.6898005935196097, 37.071357804864654, 38.009503810333406, 16.561063494405015, 29.524012756464565, 32.052228426577116, 48.16089106269916, 26.890027875604474, 33.25583338953441, 49.64094258537535, 38.936294489443384, 45.64564998982245, 15.44207110559157, 25.96245814543887, 15.869791521153982, 7.749655593470232, 34.60806077022199, 48.399939956740695, 51.06930455799507, 27.237171288678805, 48.8982593867856, 53.37400706385544, 17.971588062242212, 49.784952772481105, 60.69866201541441, 34.59979250567023, 18.843988243830566, 38.95610391369907, 17.083429165443935, 33.08789158555775, 56.243044555704934, 27.488877904039384, 12.134956424411858, 39.7280043804035, 41.33487489762832, 48.88056897577295], [38.290946178370234, 1.6898005935196097, 0.0, 38.7539267409007, 36.32863606746556, 16.471843075922624, 30.242937668764203, 30.739892612763143, 48.02023828970038, 27.75101774172838, 34.45431291369727, 49.255768351378535, 40.62566819798693, 44.19353113235961, 14.699201248464869, 24.501601359579567, 15.331705711056605, 7.658582374621439, 36.088242138921714, 47.473503354782004, 52.53558804335243, 25.840033317187302, 47.218988018391116, 53.53481008790815, 19.343706561947332, 48.265199917794824, 59.06545720812619, 35.81231230194614, 18.22892565197617, 40.45841106413571, 18.079922480904678, 32.91651601149052, 54.554400659928056, 28.627857639261972, 13.416300676482567, 41.117804364780554, 39.645700863043594, 48.88664733761953], [63.08016341847725, 37.071357804864654, 38.7539267409007, 0.0, 75.08053179524238, 40.741706644286566, 39.48770068976984, 64.22774356305243, 66.23645553919374, 36.01192137301092, 30.617649333463888, 66.29902446491018, 3.299892843289087, 78.79384492810858, 47.526964588999384, 61.72168464951292, 44.178281292868334, 39.76082704206768, 15.14964474444537, 73.7444211687868, 23.378062150033365, 62.47095665914939, 85.96720783197306, 65.44247764153539, 23.77344206651497, 83.78244653967464, 97.47075828232387, 30.674242647907498, 46.571644320492226, 14.874801200599439, 29.39133399788768, 50.48330173452873, 93.12254021310001, 30.683832813992122, 30.448024813152962, 26.87127823767639, 78.36110352766636, 64.46235098966076], [43.322001246950435, 38.009503810333406, 36.32863606746556, 75.08053179524238, 0.0, 41.41057663255233, 54.84336487711409, 26.736757284074393, 55.06226358392469, 54.565932301221245, 64.19339488114035, 57.96482850484489, 76.88789584921041, 26.833066375008098, 31.85948865398625, 17.557886593601502, 37.00847788355142, 36.757516512461045, 71.06712240564953, 45.18279138513478, 87.09294587573099, 18.687259018043434, 10.895958939577241, 64.87140224984854, 54.15429577578537, 26.23053655145721, 23.882856040385647, 65.58646932736134, 36.8405747995573, 75.54552842050161, 50.64672510876482, 49.728825046805426, 19.300903186230425, 58.38472428244789, 46.87609010697118, 72.78931181125269, 4.430810759132903, 58.39884161731518], [24.379162788861276, 16.561063494405015, 16.471843075922624, 40.741706644286566, 41.41057663255233, 0.0, 45.57702718480301, 23.741200944686767, 64.46417845586548, 42.6182652936788, 47.389654920749535, 33.33155081843878, 43.526122866058, 38.28442084321886, 30.5336642575086, 35.889585795243995, 4.4363727176224925, 24.12266630179739, 31.840480769184975, 34.6866605342763, 46.751204202945274, 37.80745258494652, 51.718902468647634, 69.93133813430373, 16.97032954110406, 43.5030297058676, 65.2930419710723, 48.60911408633812, 5.925859967278492, 36.2136199977155, 11.47086422075865, 16.53572555903399, 56.365196540591185, 42.124278076287546, 26.93827352756113, 52.16476773412555, 43.32740413035232, 65.35621183262401], [68.52783404221557, 29.524012756464565, 30.242937668764203, 39.48770068976984, 54.84336487711409, 45.57702718480301, 0.0, 59.72297975155444, 26.749849001752914, 3.7364311457901045, 11.734969110944721, 78.9065256759702, 38.88453250061848, 71.64742535863705, 23.595573661663416, 37.393914704293515, 45.386069993699984, 23.41404440675714, 47.70861927114313, 77.62304849786071, 61.844041684165354, 36.71213268662522, 64.24098553545718, 27.260700112233536, 37.989884978108556, 74.66971020497391, 71.54796385518493, 12.798617528130684, 48.367995810720714, 50.53667892346367, 41.28271594992258, 61.97186433607528, 74.02669696465522, 8.849231136728877, 18.96567129795858, 20.927113494026642, 59.17348896416227, 25.185526137846573], [16.591579326171097, 32.052228426577116, 30.739892612763143, 64.22774356305243, 26.736757284074393, 23.741200944686767, 59.72297975155444, 0.0, 70.68915394753787, 57.786506205229294, 65.15851939636069, 31.25175625204436, 66.87350299330926, 14.573355461157279, 37.72668891416426, 32.54761746071587, 20.049674633800283, 36.41683877551662, 55.41309029062528, 20.40108945010038, 69.59001384366, 34.777109857631785, 34.3194229169443, 78.70215895052117, 40.52074436188728, 19.778420171053238, 48.5436838079632, 66.52691883696357, 17.815609106089333, 59.70571394347481, 35.197455450352464, 24.754970737722772, 35.68903006382146, 59.27732139537957, 44.15181468779405, 71.76007741179664, 26.356658455764876, 72.90805055181617], [83.62086011193824, 48.16089106269916, 48.02023828970038, 66.23645553919374, 55.06226358392469, 64.46417845586548, 26.749849001752914, 70.68915394753787, 0.0, 30.291080157332757, 36.926266278088875, 96.33048845453864, 65.56358536605632, 78.87714561760563, 34.50118396215625, 39.48651401089319, 62.69067278807234, 40.42926412671931, 73.77582996240238, 90.77644236199825, 88.44403052073626, 37.557615171622814, 61.04105140543723, 10.516377699622902, 61.83574909751828, 80.10017914191458, 62.94322020335206, 37.47138192531148, 65.22103840857086, 76.89510052259058, 63.74028000697911, 80.74023089364866, 71.6532249736597, 35.56519921160048, 41.90514833841807, 44.820928857998524, 59.34463788086718, 4.287508915208395], [65.92049194635669, 26.890027875604474, 27.75101774172838, 36.01192137301092, 54.565932301221245, 42.6182652936788, 3.7364311457901045, 57.786506205229294, 30.291080157332757, 0.0, 10.09758355709643, 75.93689060252134, 35.54101077155103, 70.12489729521296, 22.842242317397584, 37.336682155778135, 42.67185308001569, 21.371591481009116, 43.98041670124913, 75.22434967480798, 58.20297261114966, 36.87403929766893, 64.29206554998505, 30.99377204686378, 34.39739665805594, 73.37462596437648, 72.25573362937166, 11.387301486808656, 45.68596824492546, 46.836710285065585, 37.8468065865184, 58.90587714379186, 73.84096240742755, 5.713521616281813, 15.765244397148528, 19.332677223719724, 58.82523586186367, 28.861917704031256], [71.52254005405707, 33.25583338953441, 34.45431291369727, 30.617649333463888, 64.19339488114035, 47.389654920749535, 11.734969110944721, 65.15851939636069, 36.926266278088875, 10.09758355709643, 0.0, 80.17915542519424, 29.344101759468593, 78.18650357714566, 32.336032570582496, 47.170078526351645, 48.28845670988291, 29.317464577457354, 41.49279135653361, 81.35163527861953, 53.842105654779886, 46.815132890955894, 74.1174853554305, 34.918945193659404, 35.85012096710943, 81.7872535814896, 82.32714514078822, 1.4118080554559407, 51.340054426860576, 43.52370920293966, 40.4145326191232, 62.93775029709445, 83.4937248580989, 5.989418230006365, 21.140847731594764, 9.27587898758959, 68.3843349588713, 34.55400057041285], [14.668857148433323, 49.64094258537535, 49.255768351378535, 66.29902446491018, 57.96482850484489, 33.33155081843878, 78.9065256759702, 31.25175625204436, 96.33048845453864, 75.93689060252134, 80.17915542519424, 0.0, 69.55186474823597, 37.155793478907405, 61.829312913745966, 61.7212923020233, 33.962735462080204, 56.832608626304776, 52.44517455224027, 17.03520220692629, 60.51779565377179, 63.9561449517635, 64.7543059110267, 102.65646903896963, 45.677950325399884, 42.31506584580033, 78.77226086776004, 81.32194055466837, 31.222140123860793, 55.379765520053816, 40.265699585895455, 17.24659929120503, 63.782528743715865, 75.18197028679963, 60.215373007397254, 83.9106094801832, 57.25064255924794, 97.68859438521409], [66.13818813796011, 38.936294489443384, 40.62566819798693, 3.299892843289087, 76.88789584921041, 43.526122866058, 38.88453250061848, 66.87350299330926, 65.56358536605632, 35.54101077155103, 29.344101759468593, 69.55186474823597, 0.0, 81.42155283750918, 48.58219595518917, 63.06143194923996, 46.84028719188015, 41.08364679863715, 18.398407793079535, 76.80340991372651, 25.384710772340146, 63.70716550158088, 87.75293241895923, 64.2627764878884, 26.568424506748862, 86.34037941131466, 98.99199143203538, 29.258731187622757, 49.308627007768294, 17.84942092292565, 32.26640597215034, 53.65176922672121, 95.13874728986296, 30.035538534636984, 31.460038655867177, 24.757363021668567, 80.2710314317962, 63.59886919839228], [24.490406457169186, 45.64564998982245, 44.19353113235961, 78.79384492810858, 26.833066375008098, 38.28442084321886, 71.64742535863705, 14.573355461157279, 78.87714561760563, 70.12489729521296, 78.18650357714566, 37.155793478907405, 81.42155283750918, 0.0, 48.51238163252023, 39.39823035763982, 34.618940396340854, 48.94298273447816, 69.81607391094157, 21.08891286184307, 83.59779874492808, 41.38853658266299, 29.767246222556714, 87.8121349934301, 55.094099730009354, 5.701484577528565, 42.907435821341885, 79.58065493461194, 32.36397737894137, 74.05811690390071, 49.75120749657909, 36.60546979519618, 26.804223789993852, 72.2233021224472, 57.533891110046206, 85.2880423587606, 24.14289583881147, 81.64065715852969], [49.31218708342338, 15.44207110559157, 14.699201248464869, 47.526964588999384, 31.85948865398625, 30.5336642575086, 23.595573661663416, 37.72668891416426, 34.50118396215625, 22.842242317397584, 32.336032570582496, 61.829312913745966, 48.58219595518917, 48.51238163252023, 0.0, 15.211322154701204, 28.330408715402363, 8.544225110327544, 48.44521785987293, 57.08933054607096, 64.8179103366013, 15.381251893246803, 41.93521855216515, 41.38225441949545, 32.69870064992518, 51.23358016973614, 51.28454090043633, 33.731244521080875, 30.762153902301492, 52.55563019405428, 32.49525401381857, 46.452024370308486, 51.160389750184706, 26.53382614151911, 17.12294320244375, 40.98168456787453, 36.053996978319915, 36.00919087565876], [47.58387311172914, 25.96245814543887, 24.501601359579567, 61.72168464951292, 17.557886593601502, 35.889585795243995, 37.393914704293515, 32.54761746071587, 39.48651401089319, 37.336682155778135, 47.170078526351645, 61.7212923020233, 63.06143194923996, 39.39823035763982, 15.211322154701204, 0.0, 32.19972755354777, 21.98106036625844, 60.57033133363138, 52.947447854076486, 77.0288699160453, 2.2490202469778025, 26.958248500425274, 48.64504778850065, 43.82980101773093, 40.736472234320765, 36.163325387705875, 48.541591270740675, 33.50084889801576, 64.91383278598339, 41.91633355694988, 49.10086700253175, 36.636294171309416, 41.51224164905332, 31.80184153621109, 56.01743847529604, 21.95870561077632, 42.35636014731354], [23.307558578598016, 15.869791521153982, 15.331705711056605, 44.178281292868334, 37.00847788355142, 4.4363727176224925, 45.386069993699984, 20.049674633800283, 62.69067278807234, 42.67185308001569, 48.28845670988291, 33.962735462080204, 46.84028719188015, 34.618940396340854, 28.330408715402363, 32.19972755354777, 0.0, 22.87115707960623, 36.003271249138905, 33.09407188571533, 51.11090573466524, 34.19725533643999, 47.28665899374104, 68.71175857803829, 20.490129707843654, 39.68717823258158, 60.88805912445825, 49.566655948008155, 3.052251337209983, 40.413204170619366, 15.346992111170561, 18.12692335319509, 51.97306289778448, 42.77140468706799, 27.33768559448986, 53.719412866103895, 38.892362355765236, 63.85046532259722], [45.487181217992735, 7.749655593470232, 7.658582374621439, 39.76082704206768, 36.757516512461045, 24.12266630179739, 23.41404440675714, 36.41683877551662, 40.42926412671931, 21.371591481009116, 29.317464577457354, 56.832608626304776, 41.08364679863715, 48.94298273447816, 8.544225110327544, 21.98106036625844, 22.87115707960623, 0.0, 39.92972290296631, 54.28858931304165, 56.329396913555, 22.722647536525667, 47.399335015458675, 45.889687856433035, 24.196130686842245, 52.46980717408196, 57.977512567347475, 30.722055751794286, 25.686157149031587, 44.0729046707572, 24.34748018282613, 40.57386161802909, 55.79447707496073, 23.332337344615592, 10.124539707095344, 36.992853387133174, 40.59107002145318, 41.23370685930032], [51.18415006561011, 34.60806077022199, 36.088242138921714, 15.14964474444537, 71.06712240564953, 31.840480769184975, 47.70861927114313, 55.41309029062528, 73.77582996240238, 43.98041670124913, 41.49279135653361, 52.44517455224027, 18.398407793079535, 69.81607391094157, 48.44521785987293, 60.57033133363138, 36.003271249138905, 39.92972290296631, 0.0, 61.706076966135164, 16.470744237667695, 61.8133697905234, 81.84805952997414, 74.86639356242024, 16.973790792737354, 75.18269013456965, 94.56813993731016, 41.95044113164691, 37.71075225180841, 4.482424705507388, 20.793349939699205, 37.762626081143594, 87.61720975292977, 39.64068249084155, 33.100863201694324, 40.10039766385401, 73.70793857129664, 72.75795476113899], [10.665298689540972, 48.399939956740695, 47.473503354782004, 73.7444211687868, 45.18279138513478, 34.6866605342763, 77.62304849786071, 20.40108945010038, 90.77644236199825, 75.22434967480798, 81.35163527861953, 17.03520220692629, 76.80340991372651, 21.08891286184307, 57.08933054607096, 52.947447854076486, 33.09407188571533, 54.28858931304165, 61.706076966135164, 0.0, 72.66066505915586, 55.17481008406289, 50.259891288881306, 98.42160303840743, 50.6904046972043, 25.790754913880903, 63.820018929500804, 82.64165697830525, 30.05189460160872, 65.3640986746177, 44.878187116602035, 24.05685101690914, 47.87744021303722, 75.75789531326082, 60.29746920927429, 86.72743517214117, 43.56336224927756, 92.8108015407327], [62.67956805470102, 51.06930455799507, 52.53558804335243, 23.378062150033365, 87.09294587573099, 46.751204202945274, 61.844041684165354, 69.59001384366, 88.44403052073626, 58.20297261114966, 53.842105654779886, 60.51779565377179, 25.384710772340146, 83.59779874492808, 64.8179103366013, 77.0288699160453, 51.11090573466524, 56.329396913555, 16.470744237667695, 72.66066505915586, 0.0, 78.28305075367165, 97.78693041210487, 88.44306139133894, 33.3025527760959, 89.1463741441826, 110.74056185853769, 53.97745763252612, 52.39104993789355, 12.26389479655396, 36.463753558552206, 48.8130130920957, 103.07179238265374, 53.26067799220945, 49.022650080751276, 50.11859498037403, 89.5448974674051, 87.02293500963862], [49.83098917321627, 27.237171288678805, 25.840033317187302, 62.47095665914939, 18.687259018043434, 37.80745258494652, 36.71213268662522, 34.777109857631785, 37.557615171622814, 36.87403929766893, 46.815132890955894, 63.9561449517635, 63.70716550158088, 41.38853658266299, 15.381251893246803, 2.2490202469778025, 34.19725533643999, 22.722647536525667, 61.8133697905234, 55.17481008406289, 78.28305075367165, 0.0, 27.531556519639068, 46.86493250412242, 45.18189146084301, 42.566784455386724, 35.93694180121384, 48.16957062038345, 35.575486357651336, 66.12196961743443, 43.484908385024454, 51.23493230860501, 37.480019823249215, 41.263801932703956, 32.313001794220774, 55.775303395272076, 23.117136163466732, 40.52428844095635], [50.428122072119194, 48.8982593867856, 47.218988018391116, 85.96720783197306, 10.895958939577241, 51.718902468647634, 64.24098553545718, 34.3194229169443, 61.04105140543723, 64.29206554998505, 74.1174853554305, 64.7543059110267, 87.75293241895923, 29.767246222556714, 41.93521855216515, 26.958248500425274, 47.28665899374104, 47.399335015458675, 81.84805952997414, 50.259891288881306, 97.78693041210487, 27.531556519639068, 0.0, 71.28996574435602, 64.97012178549707, 27.035882823195685, 14.23287109032035, 75.49277367625206, 46.828232581249, 86.32936427960044, 61.32320699528155, 58.56558384598898, 10.612176093998801, 68.41823876652838, 57.52262836655381, 82.90236515042524, 8.434883059999493, 64.7439126551929], [90.63431954980629, 53.37400706385544, 53.53481008790815, 65.44247764153539, 64.87140224984854, 69.93133813430373, 27.260700112233536, 78.70215895052117, 10.516377699622902, 30.99377204686378, 34.918945193659404, 102.65646903896963, 64.2627764878884, 87.8121349934301, 41.38225441949545, 48.64504778850065, 68.71175857803829, 45.889687856433035, 74.86639356242024, 98.42160303840743, 88.44306139133894, 46.86493250412242, 71.28996574435602, 0.0, 64.86899447844458, 89.38092763255612, 73.45836839019229, 35.074539580271924, 71.43911814604117, 77.51142487577384, 67.59463082083528, 86.43888349711354, 81.89599771964131, 35.30723564523431, 45.129754253288084, 41.304090137040376, 69.21424449778601, 6.546690245228981], [40.0705176116797, 17.971588062242212, 19.343706561947332, 23.77344206651497, 54.15429577578537, 16.97032954110406, 37.989884978108556, 40.52074436188728, 61.83574909751828, 34.39739665805594, 35.85012096710943, 45.677950325399884, 26.568424506748862, 55.094099730009354, 32.69870064992518, 43.82980101773093, 20.490129707843654, 24.196130686842245, 16.973790792737354, 50.6904046972043, 33.3025527760959, 45.18189146084301, 64.97012178549707, 64.86899447844458, 0.0, 60.17396669463286, 77.59939587397271, 36.80887904633129, 22.804318997337564, 21.431691248783455, 5.812504612397267, 28.698876599323665, 71.06146469105826, 31.81907515256535, 19.951399242133494, 38.39834975309937, 56.90089547466201, 61.602147733615695], [30.074769558042814, 49.784952772481105, 48.265199917794824, 83.78244653967464, 26.23053655145721, 43.5030297058676, 74.66971020497391, 19.778420171053238, 80.10017914191458, 73.37462596437648, 81.7872535814896, 42.31506584580033, 86.34037941131466, 5.701484577528565, 51.23358016973614, 40.736472234320765, 39.68717823258158, 52.46980717408196, 75.18269013456965, 25.790754913880903, 89.1463741441826, 42.566784455386724, 27.035882823195685, 89.38092763255612, 60.17396669463286, 0.0, 39.29402776503687, 83.19149762636657, 37.578156706159994, 79.45980963294105, 54.93980964055661, 42.30695370788839, 22.41915025475257, 75.80171690031281, 61.454899911400574, 89.18608450094142, 22.820830348914136, 83.08167440668805], [64.55701256609169, 60.69866201541441, 59.06545720812619, 97.47075828232387, 23.882856040385647, 65.2930419710723, 71.54796385518493, 48.5436838079632, 62.94322020335206, 72.25573362937166, 82.32714514078822, 78.77226086776004, 98.99199143203538, 42.907435821341885, 51.28454090043633, 36.163325387705875, 60.88805912445825, 57.977512567347475, 94.56813993731016, 63.820018929500804, 110.74056185853769, 35.93694180121384, 14.23287109032035, 73.45836839019229, 77.59939587397271, 39.29402776503687, 0.0, 83.64036191241202, 60.645388633122394, 99.03103995183733, 74.36721480916107, 72.77036020304618, 17.59646423687267, 76.97489908484634, 67.93141793908426, 91.44102618075847, 22.50043405559895, 67.0294945377871], [72.78015463360225, 34.59979250567023, 35.81231230194614, 30.674242647907498, 65.58646932736134, 48.60911408633812, 12.798617528130684, 66.52691883696357, 37.47138192531148, 11.387301486808656, 1.4118080554559407, 81.32194055466837, 29.258731187622757, 79.58065493461194, 33.731244521080875, 48.541591270740675, 49.566655948008155, 30.722055751794286, 41.95044113164691, 82.64165697830525, 53.97745763252612, 48.16957062038345, 75.49277367625206, 35.074539580271924, 36.80887904633129, 83.19149762636657, 83.64036191241202, 0.0, 52.617285042899816, 43.853464944544164, 41.46428139716378, 64.07678303857584, 84.88624036984294, 7.3984446182979005, 22.47500229706577, 8.128709997857472, 69.78199159817738, 34.96890834355295], [20.26527278540022, 18.843988243830566, 18.22892565197617, 46.571644320492226, 36.8405747995573, 5.925859967278492, 48.367995810720714, 17.815609106089333, 65.22103840857086, 45.68596824492546, 51.340054426860576, 31.222140123860793, 49.308627007768294, 32.36397737894137, 30.762153902301492, 33.50084889801576, 3.052251337209983, 25.686157149031587, 37.71075225180841, 30.05189460160872, 52.39104993789355, 35.575486357651336, 46.828232581249, 71.43911814604117, 22.804318997337564, 37.578156706159994, 60.645388633122394, 52.617285042899816, 0.0, 42.0587318567731, 17.387231768298545, 15.941085792159456, 50.93402865736326, 45.822377021736905, 30.385550597443448, 56.73044571725822, 38.39652188643139, 66.48439900196036], [54.92806646652268, 38.95610391369907, 40.45841106413571, 14.874801200599439, 75.54552842050161, 36.2136199977155, 50.53667892346367, 59.70571394347481, 76.89510052259058, 46.836710285065585, 43.52370920293966, 55.379765520053816, 17.84942092292565, 74.05811690390071, 52.55563019405428, 64.91383278598339, 40.413204170619366, 44.0729046707572, 4.482424705507388, 65.3640986746177, 12.26389479655396, 66.12196961743443, 86.32936427960044, 77.51142487577384, 21.431691248783455, 79.45980963294105, 99.03103995183733, 43.853464944544164, 42.0587318567731, 0.0, 25.25093699054997, 41.33072167170507, 92.08521036977984, 42.20430856462247, 36.844889304324695, 41.214222775257895, 78.19029936261234, 75.69419283199082], [34.2613144131881, 17.083429165443935, 18.079922480904678, 29.39133399788768, 50.64672510876482, 11.47086422075865, 41.28271594992258, 35.197455450352464, 63.74028000697911, 37.8468065865184, 40.4145326191232, 40.265699585895455, 32.26640597215034, 49.75120749657909, 32.49525401381857, 41.91633355694988, 15.346992111170561, 24.34748018282613, 20.793349939699205, 44.878187116602035, 36.463753558552206, 43.484908385024454, 61.32320699528155, 67.59463082083528, 5.812504612397267, 54.93980964055661, 74.36721480916107, 41.46428139716378, 17.387231768298545, 25.25093699054997, 0.0, 23.140799292863157, 66.83945965594249, 35.93084449484395, 22.50365708272386, 43.6474713981338, 53.09127107799762, 63.87718625658322], [13.867265730278735, 33.08789158555775, 32.91651601149052, 50.48330173452873, 49.728825046805426, 16.53572555903399, 61.97186433607528, 24.754970737722772, 80.74023089364866, 58.90587714379186, 62.93775029709445, 17.24659929120503, 53.65176922672121, 36.60546979519618, 46.452024370308486, 49.10086700253175, 18.12692335319509, 40.57386161802909, 37.762626081143594, 24.05685101690914, 48.8130130920957, 51.23493230860501, 58.56558384598898, 86.43888349711354, 28.698876599323665, 42.30695370788839, 72.77036020304618, 64.07678303857584, 15.941085792159456, 41.33072167170507, 23.140799292863157, 0.0, 60.434729983116185, 57.9815644140938, 43.14772713842095, 66.73662234502264, 50.292313300497064, 81.77318945088507], [50.289626356091816, 56.243044555704934, 54.554400659928056, 93.12254021310001, 19.300903186230425, 56.365196540591185, 74.02669696465522, 35.68903006382146, 71.6532249736597, 73.84096240742755, 83.4937248580989, 63.782528743715865, 95.13874728986296, 26.804223789993852, 51.160389750184706, 36.636294171309416, 51.97306289778448, 55.79447707496073, 87.61720975292977, 47.87744021303722, 103.07179238265374, 37.480019823249215, 10.612176093998801, 81.89599771964131, 71.06146469105826, 22.41915025475257, 17.59646423687267, 84.88624036984294, 50.93402865736326, 92.08521036977984, 66.83945965594249, 60.434729983116185, 0.0, 77.68398159007894, 65.868113484271, 92.07662347443191, 15.215475735752538, 75.35046286194135], [66.06342108552236, 27.488877904039384, 28.627857639261972, 30.683832813992122, 58.38472428244789, 42.124278076287546, 8.849231136728877, 59.27732139537957, 35.56519921160048, 5.713521616281813, 5.989418230006365, 75.18197028679963, 30.035538534636984, 72.2233021224472, 26.53382614151911, 41.51224164905332, 42.77140468706799, 23.332337344615592, 39.64068249084155, 75.75789531326082, 53.26067799220945, 41.263801932703956, 68.41823876652838, 35.30723564523431, 31.81907515256535, 75.80171690031281, 76.97489908484634, 7.3984446182979005, 45.822377021736905, 42.20430856462247, 35.93084449484395, 57.9815644140938, 77.68398159007894, 0.0, 15.460426296189226, 14.512902640223924, 62.543013317935156, 33.82248058523924], [50.6430141822123, 12.134956424411858, 13.416300676482567, 30.448024813152962, 46.87609010697118, 26.93827352756113, 18.96567129795858, 44.15181468779405, 41.90514833841807, 15.765244397148528, 21.140847731594764, 60.215373007397254, 31.460038655867177, 57.533891110046206, 17.12294320244375, 31.80184153621109, 27.33768559448986, 10.124539707095344, 33.100863201694324, 60.29746920927429, 49.022650080751276, 32.313001794220774, 57.52262836655381, 45.129754253288084, 19.951399242133494, 61.454899911400574, 67.93141793908426, 22.47500229706577, 30.385550597443448, 36.844889304324695, 22.50365708272386, 43.14772713842095, 65.868113484271, 15.460426296189226, 0.0, 27.757052821506903, 50.67805331694213, 41.66565789037623], [76.54209104429205, 39.7280043804035, 41.117804364780554, 26.87127823767639, 72.78931181125269, 52.16476773412555, 20.927113494026642, 71.76007741179664, 44.820928857998524, 19.332677223719724, 9.27587898758959, 83.9106094801832, 24.757363021668567, 85.2880423587606, 40.98168456787453, 56.01743847529604, 53.719412866103895, 36.992853387133174, 40.10039766385401, 86.72743517214117, 50.11859498037403, 55.775303395272076, 82.90236515042524, 41.304090137040376, 38.39834975309937, 89.18608450094142, 91.44102618075847, 8.128709997857472, 56.73044571725822, 41.214222775257895, 43.6474713981338, 66.73662234502264, 92.07662347443191, 14.512902640223924, 27.757052821506903, 0.0, 76.90173337071077, 41.99806014382957], [42.7413910571681, 41.33487489762832, 39.645700863043594, 78.36110352766636, 4.430810759132903, 43.32740413035232, 59.17348896416227, 26.356658455764876, 59.34463788086718, 58.82523586186367, 68.3843349588713, 57.25064255924794, 80.2710314317962, 24.14289583881147, 36.053996978319915, 21.95870561077632, 38.892362355765236, 40.59107002145318, 73.70793857129664, 43.56336224927756, 89.5448974674051, 23.117136163466732, 8.434883059999493, 69.21424449778601, 56.90089547466201, 22.820830348914136, 22.50043405559895, 69.78199159817738, 38.39652188643139, 78.19029936261234, 53.09127107799762, 50.292313300497064, 15.215475735752538, 62.543013317935156, 50.67805331694213, 76.90173337071077, 0.0, 62.72830131659743], [85.31547296946786, 48.88056897577295, 48.88664733761953, 64.46235098966076, 58.39884161731518, 65.35621183262401, 25.185526137846573, 72.90805055181617, 4.287508915208395, 28.861917704031256, 34.55400057041285, 97.68859438521409, 63.59886919839228, 81.64065715852969, 36.00919087565876, 42.35636014731354, 63.85046532259722, 41.23370685930032, 72.75795476113899, 92.8108015407327, 87.02293500963862, 40.52428844095635, 64.7439126551929, 6.546690245228981, 61.602147733615695, 83.08167440668805, 67.0294945377871, 34.96890834355295, 66.48439900196036, 75.69419283199082, 63.87718625658322, 81.77318945088507, 75.35046286194135, 33.82248058523924, 41.66565789037623, 41.99806014382957, 62.72830131659743, 0.0]]",Route_2,1816.3638969726921
