instance_id,num_cities,city_coordinates,distance_matrix,best_route,total_distance
1292,49,"[[82.59277903233698, 86.20864894106674], [53.89652455243119, 73.54636951824506], [30.280576737942855, 42.33279495611399], [13.71129106850033, 68.52304328328594], [94.04155621774196, 63.809568924164616], [95.74748127606105, 26.596588064034165], [55.61832554817659, 86.01279559353966], [33.21877361603611, 13.39385440730444], [71.06819894019866, 17.24954890280854], [35.51118173837554, 46.130256871792305], [69.99281920347659, 86.06366932776488], [44.27557726020757, 65.80055175689479], [27.46222106030326, 80.56857384244078], [83.96415512705056, 23.67005587115485], [7.4772315194356676, 64.69893899868133], [70.53616735074759, 58.46770970772038], [14.025617975137983, 51.34258864554327], [46.571680239774224, 62.03504294709362], [67.12509624428287, 64.95666016623812], [84.33131716003388, 45.163137566198465], [87.26252255511822, 94.15782980569294], [81.22885519211076, 59.65716985147297], [38.39217149432452, 59.68057583224209], [56.30906845343172, 12.516391974768371], [25.673096510887518, 89.84511284940011], [28.67155860806928, 76.62996275285393], [21.443509559996, 27.485764087623245], [8.444016625463446, 88.95629949651645], [36.29240637437247, 81.53844891932816], [58.54148995453738, 52.30964856107383], [5.996050280709763, 20.06968986966874], [82.68201350985096, 92.56832373410984], [47.45488826166496, 62.73038604201322], [75.97495636140114, 60.70710429355211], [39.941135310233044, 83.31458476299485], [47.8153962671199, 0.09535727906506697], [93.52995450192206, 25.606359117816158], [32.5396862888154, 29.892458542523958], [37.30696087142991, 48.33622829887023], [77.76563793174472, 10.271225533382367], [93.81190253256942, 84.52892318600755], [12.002752811031382, 60.55830138666679], [14.56462732014433, 88.85003773480884], [90.55570525404832, 54.28979862323806], [8.030944011090568, 4.850511692808402], [95.32357437689663, 76.77825306890878], [8.629468234853888, 95.59658817562675], [77.2525913181019, 92.47691794547598], [38.39321077116749, 43.79001317078954]]","[[0.0, 31.365719206757024, 68.276328780907, 71.11568063088971, 25.155382816499408, 61.046244709466585, 26.975164490747222, 87.97605761707516, 69.91547342603505, 61.830043786247124, 12.600793894718251, 43.41311302273409, 55.41830807076224, 62.55362735730985, 78.13458325203052, 30.247670898580818, 76.92267374431901, 43.380672942860386, 26.284905130460462, 41.08231394220507, 9.219326493139114, 26.58648773507085, 51.550289713992385, 78.23926238521557, 57.0357267692734, 54.76540186225902, 84.7797756691521, 74.19965330138574, 46.53531214582571, 41.564488846449706, 101.19990495301077, 6.36030079990286, 42.25991240607049, 26.346239889463057, 42.74971718811818, 92.8706915709331, 61.581322972746825, 75.34471045930493, 59.034952119928185, 76.09069302485659, 11.344170781757343, 75.10587281688511, 68.07941216062905, 32.8971305682482, 110.3567566497041, 15.84315361317549, 74.55672167683387, 8.234609956452383, 61.261264230223176], [31.365719206757024, 0.0, 39.14077449568866, 40.497985093345896, 41.308943985748286, 62.89502808077364, 12.584767687952573, 63.607345943369836, 58.85744143849737, 33.01006002771479, 20.390524662565156, 12.351531062657546, 27.3511198067772, 58.238381428356185, 47.254923473449985, 22.455371164536448, 45.63657608035686, 13.644192304140255, 15.772704769899649, 41.61591591100051, 39.218900008750325, 30.658867650000193, 20.800124958596314, 61.07764343056733, 32.591577510011156, 25.412741964037327, 56.345164430806754, 47.99371228386373, 19.333347097186103, 21.73876768815379, 71.79283182666848, 34.50274071299542, 12.588891002015888, 25.54024045801734, 17.03440395109327, 73.70231556866162, 62.201715143189034, 48.598132516532225, 30.178880751724684, 67.62749751262152, 41.398718390338935, 43.86089402316177, 42.204269935325726, 41.40906968706552, 82.60007482300976, 41.55292442709409, 50.351946640592345, 30.064456065563586, 33.55284609801495], [68.276328780907, 39.14077449568866, 0.0, 30.991455839223278, 67.28086150086143, 67.33159583103182, 50.496969913609746, 29.087717012202432, 47.883184496069326, 6.46374084192572, 59.071580095257765, 27.32390251920071, 38.33950854888149, 56.83506328678392, 31.941148265008962, 43.36874507784769, 18.58494193444162, 25.56518392668911, 43.23607168440416, 54.12479449814774, 77.0245180852927, 53.813205098362005, 19.150547533110228, 39.57903823653714, 47.73519902163792, 34.33488980934695, 17.27796521345794, 51.48384730354614, 39.66390548421504, 29.97026565932787, 32.94516767816121, 72.59145216459808, 26.664933872436468, 49.250295154451464, 42.105029244782784, 45.73260365913361, 65.42367647406589, 12.643794764473906, 9.241822649901692, 57.29550829190494, 76.26757236740005, 25.811778942050836, 49.10035582187607, 61.44966276822558, 43.5886191007526, 73.60082286538137, 57.49610567285009, 68.70810158992123, 8.242470253644642], [71.11568063088971, 40.497985093345896, 30.991455839223278, 0.0, 80.46843070099949, 92.12906246686225, 45.41025186843606, 58.47879394674668, 76.9336474280749, 31.251753814614734, 58.951539176177384, 30.685298605681798, 18.280669629173833, 83.3501972896401, 7.313499302031531, 57.70767971257035, 17.18332979849278, 33.4947656336032, 53.53273458262727, 74.38328629658746, 77.89047395700857, 68.09717451476803, 26.217076290399007, 70.36558554385834, 24.44821956756229, 17.015632463753466, 41.759376032012234, 21.101235497804215, 26.063529161029066, 47.67201380873157, 49.063758492786484, 73.04201575833324, 34.23719073535995, 62.752314044962695, 30.113027551070118, 76.45546548998807, 90.62483551464544, 42.974766363362306, 31.052586569622722, 86.58079246140456, 81.68412421259167, 8.145932509970573, 20.34489828410583, 78.15145069077624, 63.925406700567684, 82.02873444967065, 27.54635649863995, 67.90644261586618, 34.94166479655145], [25.155382816499408, 41.308943985748286, 67.28086150086143, 80.46843070099949, 0.0, 37.252062020793375, 44.37711042438743, 79.00098197908629, 51.91927011226882, 61.14215249187768, 32.76563347098327, 49.8057895654911, 68.65618774631575, 41.38519688095503, 86.56889331395688, 24.10474570861375, 80.98133099740795, 47.503032195923424, 26.94089151866483, 21.023276265729443, 31.096177191614537, 13.468768526895888, 55.802353033255415, 63.676766834112236, 73.15801958890526, 66.61530669006416, 81.17816933340764, 89.21489137319028, 60.40925006582065, 37.316254810060265, 98.31168870185222, 30.920950644359998, 46.59916594685896, 18.331047901124897, 57.509140014806746, 78.71695261719063, 38.20663523294754, 70.23425361883614, 58.80679024752293, 55.95766014659455, 20.720626965486883, 82.10320337846322, 83.32831034678811, 10.13790824201359, 104.27845339174007, 13.031896984190025, 91.13528058051632, 33.22177361778006, 59.13984243725864], [61.046244709466585, 62.89502808077364, 67.33159583103182, 92.12906246686225, 37.252062020793375, 0.0, 71.69822073539947, 63.907366223647536, 26.390038228367445, 63.3243712885091, 64.80460147628541, 64.70168214388532, 87.03937046876132, 12.141308241285756, 96.1427383573197, 40.63715965304844, 85.38634250367448, 60.614713494819966, 47.86163449563383, 21.79553999194294, 68.09196656119545, 36.108067955645204, 66.21315433360574, 41.876488963143856, 94.39700889192747, 83.68104913607526, 74.30929179303703, 107.28759737239253, 80.95377697061383, 45.22662125719449, 89.98844240097121, 67.25307692048156, 60.314392116372204, 39.426895121795404, 79.56933705643779, 54.77043003685981, 2.428575376625419, 63.29366563377931, 62.35307837392002, 24.28711905139725, 57.96466093885901, 90.36911816262364, 102.30419234977313, 28.17567123138593, 90.37191348699074, 50.183455438228016, 111.13302034790433, 68.42717895576736, 59.87592347555159], [26.975164490747222, 12.584767687952573, 50.496969913609746, 45.41025186843606, 44.37711042438743, 71.69822073539947, 0.0, 75.99506922011814, 70.47753318100638, 44.66446156710834, 14.374583680339885, 23.17741874403215, 28.677617934674753, 68.48432850373568, 52.6483182754232, 31.32528947198566, 54.147729158970286, 25.627610370656658, 23.995137236232537, 49.931257226844465, 32.67562985668801, 36.74939777600062, 31.4662705296372, 73.49964945939878, 30.189458386086798, 28.53359074215356, 67.77412090702865, 47.26605163923059, 19.837109922401435, 33.82967646961208, 82.52795523475588, 27.846331092061043, 24.672095631620312, 32.47722941133047, 15.907691078303658, 86.2710375032474, 71.31780407178906, 60.68044018284091, 41.89068869611194, 78.91317305110134, 38.22239134570961, 50.49999465858318, 41.15162306843477, 47.19077280030517, 94.08440470948997, 40.764979580392165, 47.956248725982185, 22.579334205962866, 45.601183478063746], [87.97605761707516, 63.607345943369836, 29.087717012202432, 58.47879394674668, 79.00098197908629, 63.907366223647536, 75.99506922011814, 0.0, 38.04530690390101, 32.81656870113472, 81.44465869190641, 53.56038493063062, 67.42092278007027, 51.77541946932008, 57.40068548753918, 58.51700869656888, 42.526270160222374, 50.440711115780154, 61.71192471398282, 60.1812218218196, 97.17791169572456, 66.67280021738989, 46.57493559713058, 23.10696120216526, 76.8227320547458, 63.39938929531382, 18.364061697449532, 79.52025963112865, 68.21387673737105, 46.42929029587628, 28.02933186703319, 93.35528208930829, 51.349394484707496, 63.77017153617799, 70.24313973777633, 19.746174786219314, 61.5352241497041, 16.512573936508936, 35.18071585703087, 44.65617461725092, 93.44370113628015, 51.71657952405085, 77.72781211627203, 70.42728152480997, 26.59728303690254, 88.73887688741262, 85.8016513717231, 90.51578889896082, 30.83344397642593], [69.91547342603505, 58.85744143849737, 47.883184496069326, 76.9336474280749, 51.91927011226882, 26.390038228367445, 70.47753318100638, 38.04530690390101, 0.0, 45.80826088251405, 68.82252255939581, 55.4530833644498, 76.88159874877536, 14.40585282806219, 79.34264778779978, 41.221594313560274, 66.45443101897114, 51.04723210156392, 47.869787172827365, 30.904348188924086, 78.59478219819503, 43.60785766344321, 53.55478331512354, 15.499506677016138, 85.62027347124813, 72.96237839088444, 50.66941777237458, 95.2031842497793, 73.09184916196489, 37.230753766999406, 65.13323058344017, 76.2089137237012, 51.24543870515515, 43.73368711794229, 73.0306993902676, 28.89565923140099, 23.96594959279244, 40.54983910308163, 45.893385490826525, 9.672263752284728, 71.01964697910289, 73.24189353195109, 91.21010693340956, 41.8538289966893, 64.2450903395141, 64.28055582577247, 100.18409881269125, 75.48114838928689, 42.09573725932714], [61.830043786247124, 33.01006002771479, 6.46374084192572, 31.251753814614734, 61.14215249187768, 63.3243712885091, 44.66446156710834, 32.81656870113472, 45.80826088251405, 0.0, 52.76040895077943, 21.534510204088654, 35.366416891848246, 53.405535847819046, 33.625857919277635, 37.13438244572836, 22.108773207570806, 19.372579776595092, 36.79501394743503, 48.82971372371859, 70.60346335876025, 47.67686064310673, 13.853203452768891, 39.52776246042379, 44.808219715653856, 31.2571992250727, 23.35629490517034, 50.66262285101646, 35.4168092296168, 23.844915143086027, 39.37380013962919, 66.19351496877854, 20.450340192341194, 43.00931919363844, 37.447279332005905, 47.65087276936112, 61.541923694370446, 16.507449221146995, 2.8444916297640463, 55.41939368782756, 69.80996791170297, 27.582869668603944, 47.57875386115188, 55.64600336646865, 49.590128328024534, 67.20730603173347, 56.29870738787996, 62.37273656319223, 3.712523659983704], [12.600793894718251, 20.390524662565156, 59.071580095257765, 58.951539176177384, 32.76563347098327, 64.80460147628541, 14.374583680339885, 81.44465869190641, 68.82252255939581, 52.76040895077943, 0.0, 32.74096007846348, 42.88412121996821, 63.9387302631372, 66.0655008723575, 27.60130820378392, 65.86259224381234, 33.55480049261131, 21.300931217096153, 43.34104315806324, 19.072443149637518, 28.697590827964763, 41.16635225559139, 74.80940476055098, 44.48075015841472, 42.384447583224194, 76.0815775939325, 61.61673805128286, 34.002874063775515, 35.64360895708825, 91.92818804517812, 14.259248966579786, 32.44072194065674, 26.052665032784713, 30.177163066857197, 88.78281795821005, 64.87744674291136, 67.51253280838488, 49.917182828073834, 76.18996815399747, 23.868476624156543, 63.35117673738189, 55.4981828923729, 37.84720785311362, 102.15111820434035, 26.978993916674796, 62.099415326219365, 9.686797664288473, 52.77875763935183], [43.41311302273409, 12.351531062657546, 27.32390251920071, 30.685298605681798, 49.8057895654911, 64.70168214388532, 23.17741874403215, 53.56038493063062, 55.4530833644498, 21.534510204088654, 32.74096007846348, 0.0, 22.378190789785375, 57.880583071275375, 36.81483124946309, 27.265163935349978, 33.52749221277322, 4.4103452800733285, 22.865097218695542, 45.05957349333093, 51.49769591083169, 37.46045770073221, 8.4893208635529, 54.62606149068942, 30.40054618193633, 18.9937237164196, 44.60186397011236, 42.662505680073906, 17.646881438026764, 19.63468191851482, 59.63752103099729, 46.81418547857157, 4.419721253746922, 32.10597829786565, 18.042415003442898, 65.8004779615705, 63.573318297667036, 37.77727220412227, 18.80330311994272, 64.8466671049523, 52.958468802223145, 32.69581604535204, 37.60344864752434, 47.69012145958815, 70.91248707510358, 52.215016381509336, 46.45910970857924, 42.41594003675786, 22.78302096654019], [55.41830807076224, 27.3511198067772, 38.33950854888149, 18.280669629173833, 68.65618774631575, 87.03937046876132, 28.677617934674753, 67.42092278007027, 76.88159874877536, 35.366416891848246, 42.88412121996821, 22.378190789785375, 0.0, 80.18671897896688, 25.519504639056994, 48.412942944355834, 32.1667609994781, 26.62072871994031, 42.624822773744754, 66.98984258162913, 61.324904700338124, 57.69001441096293, 23.574822955098224, 73.91373391645969, 9.447493985230157, 4.120091579012935, 53.42293121488265, 20.785717249433564, 8.883289387697038, 42.00580689688021, 64.19432568295744, 56.50857877909987, 26.793799391421267, 52.421021155981116, 12.777475370076157, 83.00717032314343, 85.9406216497678, 50.929846996012216, 33.70226997086271, 86.44160415116728, 66.46777112551818, 25.286481809547027, 15.327444943198545, 68.3473611394598, 78.17160266656205, 67.96712297519872, 24.09385385908436, 51.19462500775811, 38.368594724557624], [62.55362735730985, 58.238381428356185, 56.83506328678392, 83.3501972896401, 41.38519688095503, 12.141308241285756, 68.48432850373568, 51.77541946932008, 14.40585282806219, 53.405535847819046, 63.9387302631372, 57.880583071275375, 80.18671897896688, 0.0, 86.79642120300436, 37.2986268949674, 75.21414793174924, 53.57302876945208, 44.588536624070834, 21.49621754421655, 70.56490276289684, 36.090916286047516, 58.08238321633603, 29.819591500202105, 88.1872194859718, 76.5638489545105, 62.63697591131363, 99.82777632507381, 74.97563966460265, 38.295406694774435, 78.0511883873311, 68.91019664492367, 53.466213257574275, 37.88891992073743, 74.13161336785707, 43.15668176332948, 9.759804708257393, 51.799558784793525, 52.77607259014739, 14.763138888492328, 61.65046520351448, 80.8652340657013, 95.20884672953356, 31.321193771637706, 78.23060650066368, 54.30945603934265, 104.15729018408432, 69.13341708086068, 49.81489386946553], [78.13458325203052, 47.254923473449985, 31.941148265008962, 7.313499302031531, 86.56889331395688, 96.1427383573197, 52.6483182754232, 57.40068548753918, 79.34264778779978, 33.625857919277635, 66.0655008723575, 36.81483124946309, 25.519504639056994, 86.79642120300436, 0.0, 63.36606036873402, 14.875263356626549, 39.18510256361269, 59.6484214915523, 79.29815897775813, 85.05009649158549, 73.92375416934418, 31.319602208860424, 71.46724083278484, 31.039000662355672, 24.32177683810579, 39.74767048856122, 24.27661862292953, 33.37489170451561, 52.54572301409744, 44.653821512625605, 80.2026298805546, 40.02609448026023, 68.61394211702668, 37.42255090931873, 76.16291949639569, 94.51614113177901, 42.89076498282667, 34.02280198130276, 88.89789687637507, 88.5827505320062, 6.133940234035182, 25.169559976250728, 83.72802996266189, 59.850988701188314, 88.67293714453007, 30.91912634777952, 75.1013778129396, 37.32266003877259], [30.247670898580818, 22.455371164536448, 43.36874507784769, 57.70767971257035, 24.10474570861375, 40.63715965304844, 31.32528947198566, 58.51700869656888, 41.221594313560274, 37.13438244572836, 27.60130820378392, 27.265163935349978, 48.412942944355834, 37.2986268949674, 63.36606036873402, 0.0, 56.95796292779343, 24.228547396258524, 7.330885631794841, 19.165536729494754, 39.415170062178866, 10.758642512250868, 32.16686981746523, 48.10336728783876, 54.74702323503805, 45.634558186236454, 58.05144273285978, 69.1736170009989, 41.29036417346217, 13.48310064209987, 75.09883247359838, 36.199080870892224, 23.471596748390667, 5.881778133647877, 39.4134898933415, 62.63836657105414, 40.1071391418799, 47.54237638406215, 34.73941678818176, 48.735678220875485, 34.942047682057144, 58.57073664592533, 63.68594153926773, 20.45083956446617, 82.35111940775721, 30.81706581201305, 72.18720808917848, 34.66607269172951, 35.33559725414307], [76.92267374431901, 45.63657608035686, 18.58494193444162, 17.18332979849278, 80.98133099740795, 85.38634250367448, 54.147729158970286, 42.526270160222374, 66.45443101897114, 22.108773207570806, 65.86259224381234, 33.52749221277322, 32.1667609994781, 75.21414793174924, 14.875263356626549, 56.95796292779343, 0.0, 34.257477255692976, 54.81694569953697, 70.57674513265037, 84.83389103453233, 67.7156359570721, 25.753659171638805, 57.405258750989105, 40.225714739570854, 29.222506159917792, 24.9834583985501, 38.02559029926171, 37.51799359361084, 44.52637491382498, 32.287275437941496, 80.08284386441095, 35.315691150432315, 62.65312984853622, 41.156075790579834, 61.38426377949515, 83.56609980648842, 28.33511614516464, 23.474648657408498, 75.82642687058119, 86.41286943338378, 9.43511233632448, 37.5113218676422, 76.58681548132328, 46.876959535727664, 85.18409910165343, 44.58177773965723, 75.42998876486178, 25.511193131152464], [43.380672942860386, 13.644192304140255, 25.56518392668911, 33.4947656336032, 47.503032195923424, 60.614713494819966, 25.627610370656658, 50.440711115780154, 51.04723210156392, 19.372579776595092, 33.55480049261131, 4.4103452800733285, 26.62072871994031, 53.57302876945208, 39.18510256361269, 24.228547396258524, 34.257477255692976, 0.0, 20.760027857148792, 41.35760355160481, 51.84224227302664, 34.73865363159227, 8.511631965246469, 50.46695476589056, 34.78722164595013, 23.09601780754435, 42.72092732398856, 46.674112598804484, 22.046458121832757, 15.422698874427388, 58.3735608429695, 47.288871888582676, 1.1240811490210654, 29.433247658935045, 22.28862997039866, 61.95217098868173, 59.43171314384735, 35.071962968226195, 16.53761009760945, 60.43637803284113, 52.32220609335301, 34.60045533240829, 41.75518389452, 44.660757562904216, 68.95983587437902, 50.93240055851661, 50.65558972071291, 43.22066702416087, 19.994211021872182], [26.284905130460462, 15.772704769899649, 43.23607168440416, 53.53273458262727, 26.94089151866483, 47.86163449563383, 23.995137236232537, 61.71192471398282, 47.869787172827365, 36.79501394743503, 21.300931217096153, 22.865097218695542, 42.624822773744754, 44.588536624070834, 59.6484214915523, 7.330885631794841, 54.81694569953697, 20.760027857148792, 0.0, 26.226657719196854, 35.47145678903732, 15.066539551427354, 29.21331940376183, 53.544077031598356, 48.349802056051914, 40.18632292233748, 59.083630685058374, 63.39914662843394, 35.0087200975154, 15.284802893021508, 75.83930618631565, 31.69261175405184, 19.7957919406029, 9.817267909537803, 32.80215126427157, 67.67461211879719, 47.388424031692125, 49.25087630993207, 34.13736885835819, 55.711021247029336, 33.09469911607543, 55.29754339504745, 57.736438971931854, 25.744424129236908, 84.29037852845178, 30.576203619023236, 66.03441288175439, 29.324575780493912, 35.686806916144114], [41.08231394220507, 41.61591591100051, 54.12479449814774, 74.38328629658746, 21.023276265729443, 21.79553999194294, 49.931257226844465, 60.1812218218196, 30.904348188924086, 48.82971372371859, 43.34104315806324, 45.05957349333093, 66.98984258162913, 21.49621754421655, 79.29815897775813, 19.165536729494754, 70.57674513265037, 41.35760355160481, 26.226657719196854, 0.0, 49.08229653053076, 14.822356160509338, 48.17843001078024, 43.02390521891552, 73.73781773915324, 63.93879737210054, 65.32507847557794, 87.61691283239364, 60.256951677875826, 26.761685423179937, 82.25627729452268, 47.433868471218354, 40.84702225753395, 17.647766641079638, 58.53222332927676, 58.00445929984074, 21.61209180590094, 53.99598750041194, 47.13129097696493, 35.50427677103934, 40.4913148276356, 73.9488491448437, 82.31607532892635, 11.047124023699196, 86.29516062605079, 33.47155877713772, 90.96319514542361, 47.84038224474948, 45.958623665206446], [9.219326493139114, 39.218900008750325, 77.0245180852927, 77.89047395700857, 31.096177191614537, 68.09196656119545, 32.67562985668801, 97.17791169572456, 78.59478219819503, 70.60346335876025, 19.072443149637518, 51.49769591083169, 61.324904700338124, 70.56490276289684, 85.05009649158549, 39.415170062178866, 84.83389103453233, 51.84224227302664, 35.47145678903732, 49.08229653053076, 0.0, 35.024286989518274, 59.80796146296121, 87.31231695428735, 61.74023751171402, 61.156579201802884, 93.68728205453861, 78.98995375704627, 52.50906128882775, 50.75596503984649, 109.96950484160189, 4.848462917809598, 50.71816212719628, 35.303826816170144, 48.547807919991385, 101.99913975227395, 68.8373796470976, 84.40750412505712, 67.78773714900687, 84.42246853704826, 11.645180152305926, 82.41942278318815, 72.89140297910983, 40.00381185154394, 119.38777201662815, 19.158033406985336, 78.64621578550805, 10.150083154911249, 70.17924612593268], [26.58648773507085, 30.658867650000193, 53.813205098362005, 68.09717451476803, 13.468768526895888, 36.108067955645204, 36.74939777600062, 66.67280021738989, 43.60785766344321, 47.67686064310673, 28.697590827964763, 37.46045770073221, 57.69001441096293, 36.090916286047516, 73.92375416934418, 10.758642512250868, 67.7156359570721, 34.73865363159227, 15.066539551427354, 14.822356160509338, 35.024286989518274, 0.0, 42.836690092304295, 53.322122143834875, 63.227796301092205, 55.22992959524814, 67.89172925455416, 78.46063804947022, 49.98074435214596, 23.847486461594258, 85.01260792462887, 32.94321962078117, 33.91350026129189, 5.357780814478688, 47.58517724397271, 68.29398768737039, 36.20462340432722, 57.06639298044604, 45.3574306851094, 49.507225432072474, 27.873593135908322, 69.23196724721466, 72.77597689498485, 10.760985362853564, 91.44235331499968, 22.17639735025356, 81.00810315053697, 33.05974197342686, 45.67996381442136], [51.550289713992385, 20.800124958596314, 19.150547533110228, 26.217076290399007, 55.802353033255415, 66.21315433360574, 31.4662705296372, 46.57493559713058, 53.55478331512354, 13.853203452768891, 41.16635225559139, 8.4893208635529, 23.574822955098224, 58.08238321633603, 31.319602208860424, 32.16686981746523, 25.753659171638805, 8.511631965246469, 29.21331940376183, 48.17843001078024, 59.80796146296121, 42.836690092304295, 0.0, 50.452704938237446, 32.73643477677112, 19.53898748321005, 36.38355459044105, 41.88030534888972, 21.95849788692589, 21.455199911628107, 51.17158348563401, 55.16515265833221, 9.562122019753659, 37.59680144702263, 23.684713784251127, 60.325744381221654, 64.81687557800497, 30.35759402104698, 11.396135443823205, 63.17874449729184, 60.73538469924092, 26.404011448850557, 37.664431086341935, 52.44134564653124, 62.674875889969606, 59.443378109483064, 46.64524035699101, 50.85009621316865, 15.890562695438014], [78.23926238521557, 61.07764343056733, 39.57903823653714, 70.36558554385834, 63.676766834112236, 41.876488963143856, 73.49964945939878, 23.10696120216526, 15.499506677016138, 39.52776246042379, 74.80940476055098, 54.62606149068942, 73.91373391645969, 29.819591500202105, 71.46724083278484, 48.10336728783876, 57.405258750989105, 50.46695476589056, 53.544077031598356, 43.02390521891552, 87.31231695428735, 53.322122143834875, 50.452704938237446, 0.0, 83.1762817693305, 69.81677383243293, 37.943237848195714, 90.18937103909467, 71.86592450977935, 39.85582737194326, 50.87683271134079, 84.2843046441695, 50.98864292225844, 52.04893755880702, 72.66562693226493, 15.047410744722573, 39.45556485517314, 29.44335609020571, 40.5480057073516, 21.57371424041764, 81.19277809889886, 65.35345947801893, 87.0024358311297, 54.01712353663196, 48.88295224480126, 75.17791207352514, 95.78968252257928, 82.65783001927385, 36.04188312510004], [57.0357267692734, 32.591577510011156, 47.73519902163792, 24.44821956756229, 73.15801958890526, 94.39700889192747, 30.189458386086798, 76.8227320547458, 85.62027347124813, 44.808219715653856, 44.48075015841472, 30.40054618193633, 9.447493985230157, 88.1872194859718, 31.039000662355672, 54.74702323503805, 40.225714739570854, 34.78722164595013, 48.349802056051914, 73.73781773915324, 61.74023751171402, 63.227796301092205, 32.73643477677112, 83.1762817693305, 0.0, 13.55105040292007, 62.50262221513649, 17.25199069309361, 13.482225618341621, 49.8923076927374, 72.49686752091415, 57.07392132066365, 34.78009289397401, 58.13175248537915, 15.691549581445333, 92.4407922046849, 93.44073339503773, 60.34460053408374, 43.1084016937385, 95.10855068954638, 68.34587594432861, 32.32020455575558, 11.152948589739372, 73.9860344054147, 86.80626573349525, 70.86559032059527, 17.987905193207098, 51.646594104850585, 47.779425626532316], [54.76540186225902, 25.412741964037327, 34.33488980934695, 17.015632463753466, 66.61530669006416, 83.68104913607526, 28.53359074215356, 63.39938929531382, 72.96237839088444, 31.2571992250727, 42.384447583224194, 18.9937237164196, 4.120091579012935, 76.5638489545105, 24.32177683810579, 45.634558186236454, 29.222506159917792, 23.09601780754435, 40.18632292233748, 63.93879737210054, 61.156579201802884, 55.22992959524814, 19.53898748321005, 69.81677383243293, 13.55105040292007, 0.0, 49.67289960822716, 23.687381285744664, 9.064797687959572, 38.51870300295193, 60.93638606386602, 56.31305878272121, 23.366893366816914, 49.91141012358678, 13.10295884387999, 78.89253675313398, 82.52284317586968, 46.89729961911631, 29.582183516478256, 82.54520355539877, 65.61751277309045, 23.15485663459734, 18.6637547917571, 65.79308884251608, 74.68818223402202, 66.65218073000946, 27.593808480452736, 51.100320234321735, 34.24869062216544], [84.7797756691521, 56.345164430806754, 17.27796521345794, 41.759376032012234, 81.17816933340764, 74.30929179303703, 67.77412090702865, 18.364061697449532, 50.66941777237458, 23.35629490517034, 76.0815775939325, 44.60186397011236, 53.42293121488265, 62.63697591131363, 39.74767048856122, 58.05144273285978, 24.9834583985501, 42.72092732398856, 59.083630685058374, 65.32507847557794, 93.68728205453861, 67.89172925455416, 36.38355459044105, 37.943237848195714, 62.50262221513649, 49.67289960822716, 0.0, 62.83003692511214, 56.05517348220075, 44.63726458582557, 17.135406472897454, 89.36382901462362, 43.80382630170001, 63.85402207639347, 58.81342853803571, 38.0225037791002, 72.11094027542472, 11.354176156658975, 26.199063825540133, 58.89416339467934, 92.14719909664318, 34.393612944698724, 61.74862833388627, 74.12794251184513, 26.31067398567843, 88.8144889492677, 69.30572857296437, 85.66506689694485, 23.51852268561776], [74.19965330138574, 47.99371228386373, 51.48384730354614, 21.101235497804215, 89.21489137319028, 107.28759737239253, 47.26605163923059, 79.52025963112865, 95.2031842497793, 50.66262285101646, 61.61673805128286, 42.662505680073906, 20.785717249433564, 99.82777632507381, 24.27661862292953, 69.1736170009989, 38.02559029926171, 46.674112598804484, 63.39914662843394, 87.61691283239364, 78.98995375704627, 78.46063804947022, 41.88030534888972, 90.18937103909467, 17.25199069309361, 23.687381285744664, 62.83003692511214, 0.0, 28.819391367491328, 62.07039438203573, 68.93009157912643, 74.32581584146448, 47.00687867045934, 73.20139924368955, 31.99839731262953, 97.19245128434962, 106.07936543127254, 63.789800162438986, 49.830309397470295, 104.8657620251498, 85.48261580721262, 28.620113554727478, 6.121533046373533, 89.12965663702899, 84.1068021688324, 87.72891410406025, 6.6428778433255795, 68.89858275389676, 54.19361263502017], [46.53531214582571, 19.333347097186103, 39.66390548421504, 26.063529161029066, 60.40925006582065, 80.95377697061383, 19.837109922401435, 68.21387673737105, 73.09184916196489, 35.4168092296168, 34.002874063775515, 17.646881438026764, 8.883289387697038, 74.97563966460265, 33.37489170451561, 41.29036417346217, 37.51799359361084, 22.046458121832757, 35.0087200975154, 60.256951677875826, 52.50906128882775, 49.98074435214596, 21.95849788692589, 71.86592450977935, 13.482225618341621, 9.064797687959572, 56.05517348220075, 28.819391367491328, 0.0, 36.733424704754285, 68.52939173565676, 47.682845852715126, 21.871082073851884, 44.81796171615659, 4.058063747964519, 82.25421856654314, 80.0283423870441, 51.78215165519386, 33.21771778670325, 82.4563282286673, 57.59718200252948, 32.096010043607684, 22.925001933173682, 60.72062704109405, 81.72973737245114, 59.22278497568805, 31.03013738062265, 42.39559947990493, 37.806848329041415], [41.564488846449706, 21.73876768815379, 29.97026565932787, 47.67201380873157, 37.316254810060265, 45.22662125719449, 33.82967646961208, 46.42929029587628, 37.230753766999406, 23.844915143086027, 35.64360895708825, 19.63468191851482, 42.00580689688021, 38.295406694774435, 52.54572301409744, 13.48310064209987, 44.52637491382498, 15.422698874427388, 15.284802893021508, 26.761685423179937, 50.75596503984649, 23.847486461594258, 21.455199911628107, 39.85582737194326, 49.8923076927374, 38.51870300295193, 44.63726458582557, 62.07039438203573, 36.733424704754285, 0.0, 61.64769393042504, 46.941727750613055, 15.215272154748227, 19.350530063493856, 36.15631703836948, 53.304608617583085, 44.01429675087393, 34.331096722920535, 21.6030852880191, 46.22550027965847, 47.7711592991158, 47.26409132046768, 57.17660787535657, 32.07539517312498, 69.30862084752374, 44.17730572380352, 66.06791243364745, 44.31156557871451, 21.87549636544051], [101.19990495301077, 71.79283182666848, 32.94516767816121, 49.063758492786484, 98.31168870185222, 89.98844240097121, 82.52795523475588, 28.02933186703319, 65.13323058344017, 39.37380013962919, 91.92818804517812, 59.63752103099729, 64.19432568295744, 78.0511883873311, 44.653821512625605, 75.09883247359838, 32.287275437941496, 58.3735608429695, 75.83930618631565, 82.25627729452268, 109.96950484160189, 85.01260792462887, 51.17158348563401, 50.87683271134079, 72.49686752091415, 60.93638606386602, 17.135406472897454, 68.93009157912643, 68.52939173565676, 61.64769393042504, 0.0, 105.53098534833966, 59.48756378134997, 80.92247368505654, 71.77872615008874, 46.344704780278086, 87.70883133739584, 28.302851392240115, 42.18258309764346, 72.43537543872515, 108.93400142494833, 40.93174975324362, 69.31202467775996, 91.22143987197401, 15.354614188346284, 105.80769207045888, 75.57279442921065, 101.58888383201933, 40.15258080564896], [6.36030079990286, 34.50274071299542, 72.59145216459808, 73.04201575833324, 30.920950644359998, 67.25307692048156, 27.846331092061043, 93.35528208930829, 76.2089137237012, 66.19351496877854, 14.259248966579786, 46.81418547857157, 56.50857877909987, 68.91019664492367, 80.2026298805546, 36.199080870892224, 80.08284386441095, 47.288871888582676, 31.69261175405184, 47.433868471218354, 4.848462917809598, 32.94321962078117, 55.16515265833221, 84.2843046441695, 57.07392132066365, 56.31305878272121, 89.36382901462362, 74.32581584146448, 47.682845852715126, 46.941727750613055, 105.53098534833966, 0.0, 46.16549446251847, 32.55951350729838, 43.73115999170507, 98.82778214119219, 67.83496538689486, 80.26529173095462, 63.36697616686176, 82.44381796766316, 13.729762956105844, 77.58994408823546, 68.2187947129692, 39.079924594941104, 115.1833179180989, 20.227095509915983, 74.11443750871517, 5.430191557804649, 65.88491200144189], [42.25991240607049, 12.588891002015888, 26.664933872436468, 34.23719073535995, 46.59916594685896, 60.314392116372204, 24.672095631620312, 51.349394484707496, 51.24543870515515, 20.450340192341194, 32.44072194065674, 4.419721253746922, 26.793799391421267, 53.466213257574275, 40.02609448026023, 23.471596748390667, 35.315691150432315, 1.1240811490210654, 19.7957919406029, 40.84702225753395, 50.71816212719628, 33.91350026129189, 9.562122019753659, 50.98864292225844, 34.78009289397401, 23.366893366816914, 43.80382630170001, 47.00687867045934, 21.871082073851884, 15.215272154748227, 59.48756378134997, 46.16549446251847, 0.0, 28.591746246902183, 21.912684007214036, 62.636066241083014, 59.170136928290006, 36.066504299039146, 17.611706545703235, 60.58634389722271, 51.22644818578524, 35.51861286368123, 42.000065111309986, 43.91951663423571, 70.03090200013231, 49.88741001900091, 50.86846255732372, 42.10414786839082, 20.99646930897608], [26.346239889463057, 25.54024045801734, 49.250295154451464, 62.752314044962695, 18.331047901124897, 39.426895121795404, 32.47722941133047, 63.77017153617799, 43.73368711794229, 43.00931919363844, 26.052665032784713, 32.10597829786565, 52.421021155981116, 37.88891992073743, 68.61394211702668, 5.881778133647877, 62.65312984853622, 29.433247658935045, 9.817267909537803, 17.647766641079638, 35.303826816170144, 5.357780814478688, 37.59680144702263, 52.04893755880702, 58.13175248537915, 49.91141012358678, 63.85402207639347, 73.20139924368955, 44.81796171615659, 19.350530063493856, 80.92247368505654, 32.55951350729838, 28.591746246902183, 0.0, 42.538622835299215, 66.8337093153718, 39.24589496502333, 53.25565771859193, 40.5986754474605, 50.46765703692722, 29.759632122358322, 63.97237661205841, 67.55185575270627, 15.930475521360837, 87.95651056757886, 25.15255140277433, 75.84649534790954, 31.79549355742967, 41.21377892968441], [42.74971718811818, 17.03440395109327, 42.105029244782784, 30.113027551070118, 57.509140014806746, 79.56933705643779, 15.907691078303658, 70.24313973777633, 73.0306993902676, 37.447279332005905, 30.177163066857197, 18.042415003442898, 12.777475370076157, 74.13161336785707, 37.42255090931873, 39.4134898933415, 41.156075790579834, 22.28862997039866, 32.80215126427157, 58.53222332927676, 48.547807919991385, 47.58517724397271, 23.684713784251127, 72.66562693226493, 15.691549581445333, 13.10295884387999, 58.81342853803571, 31.99839731262953, 4.058063747964519, 36.15631703836948, 71.77872615008874, 43.73115999170507, 21.912684007214036, 42.538622835299215, 0.0, 83.59093137798625, 78.75278312208654, 53.932411567929805, 35.077404349601075, 82.25585283802582, 53.88445210753057, 36.033340807860746, 25.973224624104734, 58.346147268315725, 84.70461068626328, 55.766819785494484, 33.63432923171331, 38.41995703763772, 39.5548711276627], [92.8706915709331, 73.70231556866162, 45.73260365913361, 76.45546548998807, 78.71695261719063, 54.77043003685981, 86.2710375032474, 19.746174786219314, 28.89565923140099, 47.65087276936112, 88.78281795821005, 65.8004779615705, 83.00717032314343, 43.15668176332948, 76.16291949639569, 62.63836657105414, 61.38426377949515, 61.95217098868173, 67.67461211879719, 58.00445929984074, 101.99913975227395, 68.29398768737039, 60.325744381221654, 15.047410744722573, 92.4407922046849, 78.89253675313398, 38.0225037791002, 97.19245128434962, 82.25421856654314, 53.304608617583085, 46.344704780278086, 98.82778214119219, 62.636066241083014, 66.8337093153718, 83.59093137798625, 0.0, 52.3510463068302, 33.48454209103202, 49.37214651212633, 31.631713050333698, 96.14939230379741, 70.27313171811748, 94.77872619088284, 69.02008030207674, 40.067619530124574, 90.20694814717045, 103.22801004818565, 96.95824463980007, 44.69899923953945], [61.581322972746825, 62.201715143189034, 65.42367647406589, 90.62483551464544, 38.20663523294754, 2.428575376625419, 71.31780407178906, 61.5352241497041, 23.96594959279244, 61.541923694370446, 64.87744674291136, 63.573318297667036, 85.9406216497678, 9.759804708257393, 94.51614113177901, 40.1071391418799, 83.56609980648842, 59.43171314384735, 47.388424031692125, 21.61209180590094, 68.8373796470976, 36.20462340432722, 64.81687557800497, 39.45556485517314, 93.44073339503773, 82.52284317586968, 72.11094027542472, 106.07936543127254, 80.0283423870441, 44.01429675087393, 87.70883133739584, 67.83496538689486, 59.170136928290006, 39.24589496502333, 78.75278312208654, 52.3510463068302, 0.0, 61.140685839996664, 60.64381226277083, 21.99272604697283, 58.92323863351458, 88.70356748131518, 101.16958921501393, 28.837230457338922, 87.98230502346205, 51.203318279167945, 110.03056271758965, 68.82313702630458, 58.05777970219942], [75.34471045930493, 48.598132516532225, 12.643794764473906, 42.974766363362306, 70.23425361883614, 63.29366563377931, 60.68044018284091, 16.512573936508936, 40.54983910308163, 16.507449221146995, 67.51253280838488, 37.77727220412227, 50.929846996012216, 51.799558784793525, 42.89076498282667, 47.54237638406215, 28.33511614516464, 35.071962968226195, 49.25087630993207, 53.99598750041194, 84.40750412505712, 57.06639298044604, 30.35759402104698, 29.44335609020571, 60.34460053408374, 46.89729961911631, 11.354176156658975, 63.789800162438986, 51.78215165519386, 34.331096722920535, 28.302851392240115, 80.26529173095462, 36.066504299039146, 53.25565771859193, 53.932411567929805, 33.48454209103202, 61.140685839996664, 0.0, 19.04992256601469, 49.298879163806646, 82.09401776110111, 36.907445780121286, 61.636830622134894, 62.937180264040144, 35.03965681995067, 78.35875402166043, 69.91946208482702, 76.91591795537347, 15.079979227808021], [59.034952119928185, 30.178880751724684, 9.241822649901692, 31.052586569622722, 58.80679024752293, 62.35307837392002, 41.89068869611194, 35.18071585703087, 45.893385490826525, 2.8444916297640463, 49.917182828073834, 18.80330311994272, 33.70226997086271, 52.77607259014739, 34.02280198130276, 34.73941678818176, 23.474648657408498, 16.53761009760945, 34.13736885835819, 47.13129097696493, 67.78773714900687, 45.3574306851094, 11.396135443823205, 40.5480057073516, 43.1084016937385, 29.582183516478256, 26.199063825540133, 49.830309397470295, 33.21771778670325, 21.6030852880191, 42.18258309764346, 63.36697616686176, 17.611706545703235, 40.5986754474605, 35.077404349601075, 49.37214651212633, 60.64381226277083, 19.04992256601469, 0.0, 55.55041840533195, 67.1023069299573, 28.101281396537395, 46.46054767616798, 53.58053543902514, 52.422253976241755, 64.61328203753614, 55.28055896607241, 59.53195674812022, 4.6741855799133205], [76.09069302485659, 67.62749751262152, 57.29550829190494, 86.58079246140456, 55.95766014659455, 24.28711905139725, 78.91317305110134, 44.65617461725092, 9.672263752284728, 55.41939368782756, 76.18996815399747, 64.8466671049523, 86.44160415116728, 14.763138888492328, 88.89789687637507, 48.735678220875485, 75.82642687058119, 60.43637803284113, 55.711021247029336, 35.50427677103934, 84.42246853704826, 49.507225432072474, 63.17874449729184, 21.57371424041764, 95.10855068954638, 82.54520355539877, 58.89416339467934, 104.8657620251498, 82.4563282286673, 46.22550027965847, 72.43537543872515, 82.44381796766316, 60.58634389722271, 50.46765703692722, 82.25585283802582, 31.631713050333698, 21.99272604697283, 49.298879163806646, 55.55041840533195, 0.0, 75.97162804829429, 82.78615256958207, 100.84144717979149, 45.83907284158381, 69.9450618324747, 68.78565143853231, 109.81906697103103, 82.20729336123114, 51.70780545717019], [11.344170781757343, 41.398718390338935, 76.26757236740005, 81.68412421259167, 20.720626965486883, 57.96466093885901, 38.22239134570961, 93.44370113628015, 71.01964697910289, 69.80996791170297, 23.868476624156543, 52.958468802223145, 66.46777112551818, 61.65046520351448, 88.5827505320062, 34.942047682057144, 86.41286943338378, 52.32220609335301, 33.09469911607543, 40.4913148276356, 11.645180152305926, 27.873593135908322, 60.73538469924092, 81.19277809889886, 68.34587594432861, 65.61751277309045, 92.14719909664318, 85.48261580721262, 57.59718200252948, 47.7711592991158, 108.93400142494833, 13.729762956105844, 51.22644818578524, 29.759632122358322, 53.88445210753057, 96.14939230379741, 58.92323863351458, 82.09401776110111, 67