instance_id,num_cities,city_coordinates,distance_matrix,best_route,total_distance
1249,79,"[[10.96850940328884, 17.12515478483215], [6.498477410982584, 84.84096355875559], [56.71819129307666, 8.557220660272835], [82.6163821959386, 67.18212509806641], [21.768554075134205, 44.579163623329585], [20.973694635419626, 77.1875108661241], [77.78038915590044, 89.84259423152236], [88.23121552863013, 38.73005234535846], [86.98047664030351, 23.114899069704798], [43.6283483253486, 39.99794769544113], [25.82421810400678, 33.39713739729766], [4.724167260835244, 72.04251808055014], [78.28091831234164, 52.34958130896128], [60.10103312175925, 85.80975091797197], [15.484516023422913, 53.13719683664946], [54.42375418587568, 21.091182306986212], [97.33409165152032, 71.77915374699762], [24.196535282948737, 14.360983029318664], [23.446267505865425, 28.04987569553181], [68.85539051705403, 65.90052166578728], [21.4667577571262, 10.763232839737435], [6.372824380845432, 56.00348434482455], [58.57716869751576, 96.24942426453235], [81.82109242147841, 33.68398846534036], [48.810513035521595, 52.246173084578075], [46.082404305781864, 83.99246993150845], [85.56866466666823, 24.056668717138272], [98.23642154778378, 57.49363010485094], [71.66667635548293, 52.66442715946913], [70.9125321956194, 26.976144088551777], [54.68657673857683, 93.8233985919303], [32.940159230081264, 50.7725287730687], [1.7888610583317144, 82.24226821301119], [71.37084203260409, 98.66603889904434], [93.42741899832045, 7.348385887881337], [34.376618138445735, 42.68073290113821], [10.22848437511371, 53.25385771179681], [86.32935389848808, 71.0211606363157], [30.48097789338068, 42.25206475308675], [77.41356466284603, 25.455617420071608], [78.78803889645805, 29.87868298235562], [20.494213337727384, 85.4118668493698], [19.16833528381481, 81.01316649430646], [64.15864283374201, 52.89543023201657], [80.77287477053862, 24.945235225015583], [44.80139345944828, 70.57737795973551], [94.79067133695037, 13.91888114226133], [10.703461949206316, 98.87616988457222], [12.76019483251064, 59.41730642680783], [19.583721990717663, 95.95590492107017], [95.46989665204553, 85.401883877184], [47.5498951545433, 55.00141057845025], [41.19942038717214, 44.968228972694014], [13.190165966119615, 82.93114351685368], [32.676854589923835, 55.67249200186972], [3.957272739377349, 32.248054895482824], [54.10087413425329, 33.6627514602071], [72.73992015658577, 32.11883033268488], [94.40096473431538, 5.964642989968761], [36.006066354964986, 68.96320308297564], [14.581274101714559, 1.3090958663905639], [21.899181272586844, 54.77576225183773], [63.692579546814784, 39.70635006991412], [44.2180318719829, 37.299667146916434], [68.95876194823359, 86.62811083698591], [56.65552386237807, 85.15619633569106], [52.02151235625787, 61.01663516093052], [40.47968632464109, 38.4585323515598], [76.89888331637721, 74.1376018197863], [44.86374846292323, 45.40651383923703], [57.44130358882632, 13.671295482107748], [74.75094570759906, 40.11716294219488], [42.86759729538021, 76.33491033439478], [22.804474573753243, 72.3073883902799], [21.56943802757806, 96.15820585518142], [35.70841188317008, 61.58825693351976], [96.40215649047337, 86.95354300040901], [26.752273624749414, 63.630856667775184], [24.37838131373037, 59.26002295512488]]","[[0.0, 67.86318548313812, 46.54506298394672, 87.40204776005959, 29.501924788361702, 60.88998562625184, 98.7504596230341, 80.22653773167384, 76.24759799389851, 39.87266900956711, 22.033372396003443, 55.27122759760177, 75.97184094842841, 84.448674548027, 36.29409715828392, 43.635853073144155, 102.2060340666461, 13.513745378944007, 16.584449772093556, 75.69628405312218, 12.275474301807103, 39.14900803597569, 92.34302605226881, 72.7618271706269, 51.62851116692215, 75.52630965529994, 74.92148590834317, 96.15249497398523, 70.33709798019152, 60.74806876592411, 88.28301090598261, 40.185808097081306, 65.76096414253223, 101.47589649364927, 83.03647982462877, 34.655838287589425, 36.136281106765686, 92.6500746344694, 31.813488194940195, 66.96522960583896, 69.00826807100636, 68.94790845291574, 64.41207328335946, 64.09916458049088, 70.24103560181499, 63.25981509534472, 83.88346095568555, 81.7514447578197, 42.33008654828326, 79.30012014472982, 108.63791319108974, 52.65746420428609, 41.09920630798429, 65.84348039769856, 44.2396819299835, 16.669119572253805, 46.19407961072845, 63.56506503486647, 84.17559994491886, 57.567894780590024, 16.223433313506938, 39.20520157005699, 57.35623726328682, 38.89140899278506, 90.51812133608433, 81.94831239677679, 60.098345243957525, 36.41459270248552, 87.16210943542553, 44.14433713256926, 46.60096290308112, 67.79993820072127, 67.25583216782269, 56.43730129269696, 79.74084805910778, 50.88251396500238, 110.33998303155076, 49.111175109376376, 44.21732443717504], [67.86318548313812, 0.0, 91.3303295351616, 78.13942669761754, 43.06028071633228, 16.373980939679484, 71.4571707486171, 93.84272275002334, 101.42711292970371, 58.21961341193323, 54.954085411953805, 12.920850713769331, 78.79345621470956, 53.611309699300335, 32.95265868354164, 79.75504224560697, 91.769928026638, 72.66807351147595, 59.265970419698796, 65.16996970399062, 75.57486093272097, 28.837752965477172, 53.31362923111949, 91.05236093988819, 53.4109419945744, 39.593019711159855, 99.73377066992833, 95.72735785284115, 72.67890786414297, 86.58815037935312, 49.01812986978688, 43.125639545043896, 5.379005827209161, 66.32915196024497, 116.45488602704171, 50.54380060426541, 31.806574913678528, 81.01824358487683, 48.87713812067688, 92.4963184994447, 90.81097392893246, 14.007375010986507, 13.235457260116632, 65.91822036515984, 95.41584970933503, 40.872524413796405, 113.24951780273815, 14.65158392717128, 26.183419315091488, 17.168737495785116, 88.97318738458576, 50.75054502979038, 52.85821040110297, 6.958887002344709, 39.19320304195323, 52.65426633090941, 69.89418836644194, 84.66139656848671, 118.1030110712623, 33.508224110108735, 83.92201452848045, 33.78014222969358, 72.8580719887036, 60.68722809005796, 62.48584671642406, 50.15803704722803, 51.38039834641387, 57.49828244325177, 71.20940320041696, 55.01790479080527, 87.52310091128072, 81.60035398312016, 37.35057995026778, 20.56638154795625, 18.847117209350127, 37.33508587466719, 89.92849661773161, 29.327204015991875, 31.210182404753382], [46.54506298394672, 91.3303295351616, 0.0, 64.09052747779121, 50.1902133537954, 77.38078427522314, 83.96980490289548, 43.62878027594959, 33.581719954603614, 34.05676592719488, 39.641632697320816, 82.05949989858802, 48.81313396712135, 77.32656109031751, 60.72553212718323, 12.74223827277542, 75.14428910535605, 33.03546226825715, 38.56143815816002, 58.61369955233632, 35.32039150512744, 69.1795049646295, 87.71190552006678, 35.51774352900381, 44.39882813046101, 76.18134153093239, 32.75030845576551, 64.17581797538907, 46.571481303730586, 23.25373204271523, 85.2903778674425, 48.45128530645111, 91.90602566147106, 91.2923835710435, 36.72912577536227, 40.786762297051894, 64.49094675249975, 69.1271636057404, 42.705197405236554, 26.718051799593038, 30.68685270255774, 84.96359938091669, 81.607939399428, 44.95817108331763, 29.106611252000842, 63.15465130976233, 38.448161722184835, 101.3650230877062, 67.22390777845655, 94.96051190303466, 86.06274997435789, 47.34047350037363, 39.580219513756525, 86.17522491958378, 52.894561762686564, 57.83571693504187, 25.241593171912093, 28.492898170086207, 37.77185292251739, 63.858240125326255, 42.75576105531742, 57.866372321566736, 31.920375224806808, 31.342977133487658, 79.02465098276792, 76.59900131026635, 52.66924114497352, 34.02612943708704, 68.61520766977519, 38.70914908135586, 5.164944595597339, 36.34845510627279, 69.1784227317348, 72.20958431761362, 94.38944571951617, 57.04122753822331, 87.86808550461726, 62.698178640147326, 60.138485764534174], [87.40204776005959, 78.13942669761754, 64.09052747779121, 0.0, 64.91033857905373, 62.44940891674966, 23.17075074380645, 29.000806838418995, 44.282792709516954, 47.52942547676835, 66.08158061204352, 78.04370933932161, 15.453174506932056, 29.222070214455393, 68.58532981383777, 54.029614855969605, 15.418937836894411, 78.75881895244497, 70.93966038640573, 13.820542657361898, 83.20076906294037, 77.05869267898005, 37.719910742943, 33.50757591486056, 36.958347531247384, 40.21590772191637, 43.22639193652777, 18.380766158861636, 18.184048268437383, 41.87482553715804, 38.59833527836311, 52.31636435861106, 82.21858721659541, 33.43200565016371, 60.80258929202681, 54.10538841844012, 73.71569970706109, 5.340819480929328, 57.78934409210319, 42.049622510605424, 37.49937340941663, 64.74169713536494, 64.93806559382229, 23.340903850502364, 42.277102381498764, 37.96710569869084, 54.636860019446246, 78.58740721859905, 70.28640922647762, 69.28958549341698, 22.29736405592784, 37.12180383053513, 46.99810535051019, 71.19010521936936, 51.248688485862516, 86.06767547353839, 44.007756237854906, 36.42772491137498, 62.341450907554844, 46.64433279170841, 94.69969331286121, 61.971738131497894, 33.36208207082739, 48.65587940633151, 23.76293231461098, 31.575835733522638, 31.209923528774134, 50.99554803330765, 9.003801967178811, 43.58254925397167, 59.137073558491544, 28.18469917616402, 40.7889614804448, 60.03109708492213, 67.57471900302494, 47.24033276667197, 24.10304003168334, 55.97687141952108, 58.774351966816994], [29.501924788361702, 43.06028071633228, 50.1902133537954, 64.91033857905373, 0.0, 32.618033531093936, 72.01460837592354, 66.71954339040475, 68.65354686739522, 22.33468477591849, 11.894793871049496, 32.3225456905607, 57.044076841403786, 56.296894039734326, 10.617394535178654, 40.22495942309284, 80.31182933999114, 30.31556582282044, 16.61421324516142, 51.68917173724865, 33.81727747436595, 19.17142657099842, 63.44044408064014, 61.03287805406531, 28.107838381742372, 46.3095241519571, 67.01960092888214, 77.550745968798, 50.54892771912637, 52.201502681900806, 59.23335963554389, 12.773509056482588, 42.634464701447364, 73.38785354339291, 80.75347505133014, 12.750188964541966, 14.4368807645495, 69.76586615147795, 9.017855506750703, 58.83941895272848, 58.88400275426961, 40.85258372564567, 36.526671118034855, 43.19814712773465, 62.185215325479504, 34.73354054491584, 79.19774322048156, 55.413005266712375, 17.358600695349114, 51.423176074723926, 84.2518984151912, 27.8082861652125, 19.43476106059364, 39.299657814059394, 15.558051119439208, 21.663286576128264, 34.12545933640283, 52.47227902353108, 82.25903161299787, 28.236291121319532, 43.8629200704469, 10.197435317549633, 42.20625811033799, 23.600214454561936, 63.20624716658305, 53.51258024685522, 34.43010245858775, 19.686761979144833, 62.55441208149593, 23.110008917988843, 47.20001452226235, 53.169947086435286, 38.126068168474134, 27.747568902625968, 51.57942656481894, 21.991564085871993, 85.82402132901706, 19.692751671846008, 14.911030445119463], [60.88998562625184, 16.373980939679484, 77.38078427522314, 62.44940891674966, 32.618033531093936, 0.0, 58.199241209215124, 77.47612685580674, 85.32726772331648, 43.546491737415906, 44.05819318195667, 17.044591243587373, 62.45831113825728, 40.066090906604344, 24.668779595893003, 65.31236147731764, 76.55168554110699, 62.90913528151738, 49.19980494633991, 49.194033436076836, 66.42610798901815, 25.728357737057998, 42.15895876260647, 74.79948047019019, 37.375911881497025, 26.014510742893066, 83.63848719816944, 79.73316693430534, 56.313053816626564, 70.81715082192953, 37.594031176863794, 28.999095742311138, 19.839566810201998, 54.78320574988723, 100.63322290268668, 37.018320922926875, 26.235077603274284, 65.64591436538122, 36.205991632104805, 76.56139842130963, 74.7035715215136, 8.238321045819106, 4.230243890589565, 49.54840998887623, 79.40527255160058, 24.72757748524383, 97.22070538979638, 23.997408390229875, 19.57656110831219, 18.819793818072366, 74.94771536789342, 34.619611205318165, 38.04158393013383, 9.673294918089809, 24.49203931178318, 48.053234200013144, 54.697483515157316, 68.63620086902709, 102.29497007517264, 17.1350937559893, 76.14720548484706, 22.430849325550337, 56.830806282370936, 46.166430337800826, 48.904924218580724, 36.56081078278644, 35.00663089043585, 43.363780837947694, 56.00829112008007, 39.75885365429975, 73.24067257669978, 65.31618044620633, 21.91049751490217, 5.2122308622934765, 18.980046853396992, 21.45806644656099, 76.05805835982919, 14.736853401915043, 18.247923557941867], [98.7504596230341, 71.4571707486171, 83.96980490289548, 23.17075074380645, 72.01460837592354, 58.199241209215124, 0.0, 52.17002693058344, 67.35894084180006, 60.42226974550488, 76.71722953546977, 75.19344564894877, 37.49635378870564, 18.133489872982874, 72.30533871888906, 72.61052980622186, 26.62020216724844, 92.56728917689274, 82.28327193025903, 25.551486051623968, 97.08125709656593, 79.01978021373944, 20.243792802861886, 56.30378570293388, 47.463086767386876, 32.23330882618102, 66.24534120385911, 38.27407400952314, 37.677494489993514, 63.24047764529839, 23.43439726816913, 59.4736600078403, 76.37065731150436, 10.905753991658653, 83.96501624565813, 64.09468388783912, 76.82444584650366, 20.671989762690487, 67.09763633555828, 64.38802173639908, 59.97237706059008, 57.457264858376185, 59.273363775569415, 39.37822876249785, 64.96631570416505, 38.19375230512617, 77.80591178785434, 67.68249147727585, 71.78665480332039, 58.51687480310276, 18.238382162552178, 46.127983328053574, 57.89538784256839, 64.95894921169057, 56.58555219072407, 93.63217117411155, 60.966336329732954, 57.94341417608894, 85.50879625534583, 46.701638303284035, 108.77641507422929, 65.97266175916765, 52.07791622381066, 62.34734166804184, 9.389036696317604, 21.63844400384459, 38.65818995140098, 63.4953876040594, 15.72971198712172, 55.29982346391539, 78.83999717705052, 49.817627849146774, 37.434750697189465, 57.70471928740567, 56.5646353911306, 50.678978361707735, 18.84454392334729, 57.36657354916058, 61.53915913831717], [80.22653773167384, 93.84272275002334, 43.62878027594959, 29.000806838418995, 66.71954339040475, 77.47612685580674, 52.17002693058344, 0.0, 15.665163886436995, 44.62088436340464, 62.634441878252545, 89.90632616094456, 16.86712731566625, 54.843460685226404, 74.15961233241347, 38.132324590462915, 34.27981121833246, 68.51490212717675, 65.6593912824649, 33.371499786068675, 72.38532872608175, 83.66102828882691, 64.7135274841217, 8.157967818645995, 41.6734604381174, 61.84827186948977, 14.912993133286633, 21.264430343233496, 21.64603334282865, 20.93062712148233, 64.50208982815828, 56.58729667620867, 96.77599690048112, 62.26230543907856, 31.80895345884184, 53.99931052256753, 79.3433487428527, 32.347067136272706, 57.85753640043771, 17.12402385070971, 12.942964285924077, 82.2647753974767, 80.97865873082037, 27.93110607946803, 15.673162728214976, 53.85537664661674, 25.66360607885615, 98.12292306139672, 78.25495157716566, 89.37156467274602, 47.22984610330205, 43.814688474627964, 47.44369928517281, 87.09130599660331, 58.080403586946446, 84.52285918132708, 34.504459740117206, 16.843054616214445, 33.341233562771976, 60.344921987977244, 82.61139059469284, 68.24517253951218, 24.558049863436132, 44.03642057898985, 51.62994745567639, 56.146336924267075, 42.51863564869712, 47.75230114273501, 37.17682494717536, 43.878381211872615, 39.69836234396059, 13.551448271519064, 58.923536923606626, 73.53975746390618, 87.98741611814478, 57.28125714205118, 48.910830366695635, 66.3303124787154, 67.072081602656], [76.24759799389851, 101.42711292970371, 33.581719954603614, 44.282792709516954, 68.65354686739522, 85.32726772331648, 67.35894084180006, 15.665163886436995, 0.0, 46.52358928904016, 62.014614271023135, 95.70795335185699, 30.50162226393719, 68.21399366803544, 77.5436054600096, 32.61955864984003, 49.75346246339958, 63.391279671622755, 63.725581398963904, 46.466420648782645, 66.66791597583126, 87.0589033021927, 78.45639985090888, 11.76116049420284, 48.01642684873591, 73.33983197903913, 1.6970984407885472, 36.17448608269579, 33.2819333797053, 16.525375994906298, 77.73408438739925, 60.70667497570565, 103.69984159715615, 77.14684324130381, 17.03367264215812, 56.124751962059825, 82.45741412817581, 47.91068626218424, 59.65253112020265, 9.849099815727492, 10.623785060128888, 91.11166446992448, 89.16667475084564, 37.51954336880629, 6.471819791600071, 63.49615705193595, 12.065068873462446, 107.50792122290125, 82.62272696751928, 99.23776836837432, 62.86285650957099, 50.7101604464286, 50.72941099107362, 94.98943651350737, 63.315718627581234, 83.52404995755836, 34.530065899266525, 16.84827074670945, 18.686758069657106, 68.5598824738734, 75.61175557785505, 72.37392668756974, 28.593747521604573, 45.0536827347993, 66.02052915145308, 69.05595794303257, 51.562300012141634, 48.966831450168925, 52.00917918860294, 47.65222850403289, 31.012004019166383, 20.943696035412575, 69.12536237238463, 80.86074601931867, 98.05064323375301, 64.10166838528352, 64.53015194550788, 72.58773490453767, 72.28756684222893], [39.87266900956711, 58.21961341193323, 34.05676592719488, 47.52942547676835, 22.33468477591849, 43.546491737415906, 60.42226974550488, 44.62088436340464, 46.52358928904016, 0.0, 18.988358263172042, 50.40227966537471, 36.78808855629892, 48.683371482486564, 31.059864208229556, 21.771691830162837, 62.404742802996395, 32.169073897250954, 23.453631077493473, 36.157253712517225, 36.685210224391874, 40.54813519527384, 58.20391607720514, 38.711132542872384, 13.299393078876244, 44.062913856608745, 44.867744653303475, 57.34231041768176, 30.766662814449994, 30.232334654193384, 54.94964585736195, 15.176593278287513, 59.456919788684466, 64.89677097183969, 59.547807063881976, 9.632852532409949, 35.93424637105833, 52.78082623578506, 13.339205110686065, 36.782063737770784, 36.586928805102794, 50.966775987353266, 47.755004042621536, 24.245371689925424, 40.078672602204854, 30.601921347776162, 57.42561282414544, 67.45882589427842, 36.46853977875879, 60.90514783199657, 68.91344973011462, 15.50749586540004, 5.532032800324373, 52.6283407374148, 19.121363817762603, 40.42097322626818, 12.2396285955538, 30.158980501690845, 61.123844824974896, 29.951380637645606, 48.3793321244055, 26.278137374442547, 20.06635003391677, 2.76196390340604, 53.06601519723823, 46.99973109207343, 22.63250815136648, 3.5048355162085247, 47.67016343919095, 5.547864565013705, 29.730293471014516, 31.122825708677574, 36.34492531226762, 38.43870023863561, 60.33713715526917, 22.997105170955994, 70.6392437579375, 29.03990846739761, 27.232127593306238], [22.033372396003443, 54.954085411953805, 39.641632697320816, 66.08158061204352, 11.894793871049496, 44.05819318195667, 76.71722953546977, 62.634441878252545, 62.014614271023135, 18.988358263172042, 0.0, 44.03041668821597, 55.77544734891756, 62.625730365631604, 22.284061249789552, 31.134707237789847, 81.15935678558581, 19.10561499893404, 5.852166842663721, 53.92728241017248, 23.049535704551236, 29.82287109058078, 70.87429531940337, 55.99760902808219, 29.726350280835927, 54.500291581175595, 60.4701848041144, 76.31623790772261, 49.72684821419725, 45.54322367482207, 66.96542979711626, 18.776071036587414, 54.43845325426916, 79.58972581016839, 72.4481209304717, 12.622546962796369, 25.249084185189293, 71.24913039608829, 10.004756379454303, 52.19701541196297, 53.08055985391374, 52.287101954313954, 48.078966327109356, 43.00827295798085, 55.594869545545485, 41.743304526018605, 71.66431565478497, 67.20223926449545, 29.11559548356298, 62.86925469443224, 86.91958465647427, 30.639021900022822, 19.242842968087167, 51.11983016085895, 23.30557979470906, 21.897116024163218, 28.277903512871877, 46.93311376882855, 73.86008345382284, 36.99479777162596, 34.00067939215182, 21.735949825097624, 38.39034986701023, 18.803247681654558, 68.51368772724412, 60.24590937942808, 38.06750428980535, 15.50485303539032, 65.33304575722599, 22.510638347508266, 37.265921883370204, 49.38606501150087, 46.1966353651286, 39.02725308454828, 62.90512592367927, 29.873675826212175, 88.59759572363605, 30.247959732445175, 25.90326800620695], [55.27122759760177, 12.920850713769331, 82.05949989858802, 78.04370933932161, 32.3225456905607, 17.044591243587373, 75.19344564894877, 89.90632616094456, 95.70795335185699, 50.40227966537471, 44.03041668821597, 0.0, 76.14727430409498, 57.06254439278498, 21.75307511198369, 71.17645367416183, 92.61029886800169, 60.879656719261106, 47.810768887365434, 64.4246685385182, 63.52531098823034, 16.123544073035056, 59.04337448638272, 86.11220972351562, 48.32702307161856, 43.0500304379244, 94.01316131228538, 94.63726455871581, 69.69081669511895, 80.07420132306555, 54.503661497852995, 35.334892782473965, 10.613714018527862, 71.76761887443894, 109.78887743740792, 41.729872657019186, 19.578336633812913, 81.61157796045268, 39.38126970295117, 86.33705929562778, 85.22467994569267, 20.674473143701654, 17.003132736037035, 62.44251644277249, 89.45143915147841, 40.10399849576617, 107.1929677144302, 27.491759385493687, 14.965751181765574, 28.154154879071182, 91.7238249160546, 46.091672941259674, 45.425336777244986, 13.792581265665726, 32.39337096898788, 39.801852059856714, 62.53851347366234, 78.86725230008233, 111.39216122145241, 31.433093894645534, 71.41694178133837, 24.354095408210867, 67.2525197233631, 52.600675213540306, 65.86974017491595, 53.561500687116315, 48.56551191156805, 49.05447218110913, 72.20511764115143, 48.17325711452637, 78.65301068783641, 76.96088617175774, 38.384187969280944, 18.082247338495634, 29.41648422310832, 32.70038212233909, 92.88268069640485, 23.57951478939045, 23.4452620302811], [75.97184094842841, 78.79345621470956, 48.81313396712135, 15.453174506932056, 57.044076841403786, 62.45831113825728, 37.49635378870564, 16.86712731566625, 30.50162226393719, 36.78808855629892, 55.77544734891756, 76.14727430409498, 0.0, 38.080062707491955, 62.80134137620925, 39.322408221315875, 27.21271209228678, 66.0927687944918, 59.97761767499205, 16.50662166447135, 70.40790593816517, 72.00086791321597, 48.11895635201947, 18.99834700511691, 29.470586699977535, 45.14439837465498, 29.216436296262028, 20.607846743273193, 6.621731236878471, 26.421665926719445, 47.71551607517817, 45.36817749101833, 82.12555968329403, 46.82908709216692, 47.481828864909815, 44.95635887494692, 68.05844165563518, 20.332368036262707, 48.85482724002182, 26.90794670743561, 22.47661991696001, 66.57640720990143, 65.6954989933254, 14.132820516098587, 27.517413237406952, 38.119957438558096, 41.826913109101994, 82.04532925764653, 65.90081899082831, 73.1223106512864, 37.2547403886291, 30.845226256256513, 37.809018113228866, 71.91688249689636, 45.7249643353758, 76.99399752842677, 30.55932175704485, 20.975841952736925, 49.106195123460026, 45.42219211429713, 81.62582818430542, 56.43391378938408, 19.304686583878834, 37.23949716273963, 35.52351595606123, 39.29289598169837, 27.652743510171693, 40.27274985551496, 21.83180841135709, 34.13082809768937, 43.93517197335564, 12.731565720281107, 42.771477808332335, 58.95718678308774, 71.66161860243467, 43.56341849485259, 39.06166199551373, 52.74910802147756, 54.34369971424184], [84.448674548027, 53.611309699300335, 77.32656109031751, 29.222070214455393, 56.296894039734326, 40.066090906604344, 18.133489872982874, 54.843460685226404, 68.21399366803544, 48.683371482486564, 62.625730365631604, 57.06254439278498, 38.080062707491955, 0.0, 55.30035613070754, 64.96710413101924, 39.788921881030745, 79.96286261674106, 68.40888120754474, 21.74893521119135, 84.4072692877638, 61.44211862832151, 10.550305321001769, 56.46995738666265, 35.41171558673804, 14.135928128846487, 66.79852856021729, 47.49853206475997, 35.10522169800031, 59.81874125040477, 9.671343596818522, 44.331929872169276, 58.42119772484105, 17.096570812277637, 85.24572598071171, 50.218101530524784, 59.5580162609402, 30.110250966833263, 52.67465895258203, 62.788097428123294, 58.97023440043424, 39.60881827493501, 41.2127768346882, 33.1634844790575, 64.2791903160762, 21.589445563408344, 79.82272957378139, 51.09649050921368, 54.20070198943891, 41.76837251251492, 35.371215174870315, 33.26687389503094, 45.003342973327285, 46.99910464959777, 40.747269149259154, 77.59495544608454, 52.49106076584353, 55.15846642877874, 86.90067070316837, 29.40023124823578, 95.98129591430452, 49.21879658459626, 46.243083542082594, 51.04407856132994, 8.895452373005147, 3.5069456295331745, 26.076373305009746, 51.25558652339192, 20.454995373529254, 43.18097277985828, 72.18747061547816, 47.98366945844051, 19.666314206432432, 39.665439280992, 39.897046758994364, 34.37558351109296, 36.319138455619346, 40.050506989934796, 44.50838018956491], [36.29409715828392, 32.95265868354164, 60.72553212718323, 68.58532981383777, 10.617394535178654, 24.668779595893003, 72.30533871888906, 74.15961233241347, 77.5436054600096, 31.059864208229556, 22.284061249789552, 21.75307511198369, 62.80134137620925, 55.30035613070754, 0.0, 50.43026190599852, 83.94567045385315, 39.74284887637246, 26.32039453932528, 54.87579343307039, 42.79415895857819, 9.55188613148926, 60.956056862985314, 69.13008523177606, 33.33790635563616, 43.45432826656107, 75.87796127175653, 82.86649732390671, 56.184149461791804, 61.29164427288621, 56.49927944306929, 17.61508259444379, 32.166382214136824, 72.08437344076022, 90.39751839655953, 21.592803439088154, 5.257326169053818, 73.06727868705691, 18.530514539367314, 67.83418684100474, 67.44104443769581, 32.66116029186561, 28.118325140339497, 48.67472723948374, 71.11509324611701, 34.112156487167155, 88.47340027668218, 45.9881738443612, 6.845560781678361, 43.01447723245211, 86.2477312404754, 32.11952415117026, 26.98125909588183, 29.88215689953287, 17.3782688136645, 23.85861665662493, 43.24901312705219, 60.99141769910569, 91.94050094249492, 25.91517898295842, 51.83597106404473, 6.620636440606182, 50.04403094822509, 32.80917980828876, 63.0962463051889, 52.15619057595113, 37.376966828940844, 28.98657843645454, 64.90563549838838, 30.37931464567082, 57.601470402541004, 60.67974101891126, 35.888257849470676, 20.52018609519509, 43.44920589342526, 21.918630899461125, 87.69954279596934, 15.397378283773921, 10.797677503945955], [43.635853073144155, 79.75504224560697, 12.74223827277542, 54.029614855969605, 40.22495942309284, 65.31236147731764, 72.61052980622186, 38.132324590462915, 32.61955864984003, 21.771691830162837, 31.134707237789847, 71.17645367416183, 39.322408221315875, 64.96710413101924, 50.43026190599852, 0.0, 66.41210364172271, 30.967407785001647, 31.749458179408368, 47.07599198070696, 34.537373290432065, 59.39495507792893, 75.27291801341669, 30.152825893071807, 31.65662531862584, 63.451951133475916, 31.285772461382155, 56.962163117647435, 35.974826691201336, 17.50750054762517, 72.7326911465133, 36.640512827528255, 80.68387250271284, 79.40442155045973, 41.35396380298392, 29.46177792601142, 54.65948740009603, 59.2534389633949, 31.95370843094971, 23.40042050099417, 25.9005509126338, 72.72113999496285, 69.52401564139724, 33.26076131214008, 26.6294926628368, 50.41302794052026, 40.9991451652256, 89.2298618496352, 56.61045811543432, 82.57453926873211, 76.29319856844484, 34.59990634966269, 27.294621482920785, 74.32623762786812, 40.85088275973794, 51.685022545663145, 12.575714790895608, 21.37968561146992, 42.74329836294285, 51.29270511694269, 44.483189669806436, 46.824125931542326, 20.795085823663687, 19.15389643791928, 67.12939335192962, 64.10387522129302, 39.99765682387526, 22.272446567215418, 57.61123200002493, 26.127170856144264, 8.010014038268148, 27.84210218881035, 56.439474204177635, 60.190353120379605, 81.9418337274354, 44.61252168186045, 78.10273245000573, 50.74775592247164, 48.57555792216131], [102.2060340666461, 91.769928026638, 75.14428910535605, 15.418937836894411, 80.31182933999114, 76.55168554110699, 26.62020216724844, 34.27981121833246, 49.75346246339958, 62.404742802996395, 81.15935678558581, 92.61029886800169, 27.21271209228678, 39.788921881030745, 83.94567045385315, 66.41210364172271, 0.0, 92.98359253185752, 85.85837359210593, 29.079111634513307, 97.35910309983609, 92.31914150691507, 45.83550169970844, 41.13264838237462, 52.30750438762554, 52.68681569432871, 49.15140740163028, 14.31399262861423, 32.00295268401375, 52.01354129970866, 48.00790829679084, 67.73372000334955, 96.11642863441445, 37.37639527768167, 64.5490971132408, 69.3567701588838, 89.05376697357282, 11.030811691296993, 73.08343043134397, 50.42516646812914, 45.8214526514838, 78.03984729489221, 78.70929081088812, 38.173360057129855, 49.675847538844934, 52.54644273765998, 57.916147427042866, 90.7695669604049, 85.47256455916238, 81.42257229862295, 13.749690876378084, 52.53531085545566, 62.208737370322865, 84.87972140374409, 66.633196358958, 101.3998919455015, 57.63654413810543, 46.66706038363821, 65.87983803637877, 61.392640152685544, 108.69249224361153, 77.32749204658975, 46.480276165270254, 63.3257514973851, 32.02578433747627, 42.82162007439186, 46.57318594110658, 65.89906839441042, 20.57085358007157, 58.7252335034401, 70.48374090205166, 38.89061766606261, 54.656691498215075, 74.5314890069758, 79.59033182773828, 62.46261909953989, 15.202979719727404, 71.0506001470464, 74.02205284018761], [13.513745378944007, 72.66807351147595, 33.03546226825715, 78.75881895244497, 30.31556582282044, 62.90913528151738, 92.56728917689274, 68.51490212717675, 63.391279671622755, 32.169073897250954, 19.10561499893404, 60.879656719261106, 66.0927687944918, 79.96286261674106, 39.74284887637246, 30.967407785001647, 92.98359253185752, 0.0, 13.709437777109374, 68.19631510338968, 4.516136818910337, 45.296606783882446, 88.8129763149501, 60.77802336776177, 45.178927901481664, 72.98996664675519, 62.13328082476407, 85.68739698375796, 60.996459943818515, 48.38932378216343, 85.11121027814788, 37.44665035991966, 71.48407334746923, 96.60619888241202, 69.58514050197365, 30.093891734822314, 41.32507891378818, 84.08842295802651, 28.5903245634904, 54.36122817123735, 56.75413005778772, 71.14727879122626, 66.84157655143753, 55.51462565053178, 57.557871610728775, 59.873560437360474, 70.59552039109445, 85.58551184148035, 46.48507460462397, 81.72520617893854, 100.63151412021034, 46.87242012813523, 35.01287771814378, 69.44787307632069, 42.17293669093274, 27.010647682958904, 35.59252374717595, 51.689470454239746, 70.7047412883203, 55.864724638441544, 16.211261705899275, 40.48002241913763, 46.92893715945172, 30.447389949084943, 85.00702734247359, 77.88162919902416, 54.32291620445424, 29.083206342912245, 79.69179156134909, 37.295558500927456, 33.251921577921784, 56.73737055141383, 64.7253908623727, 57.963123857112144, 81.8393994480227, 48.61006792096837, 102.38814138913199, 49.33611503575471, 44.89940817246985], [16.584449772093556, 59.265970419698796, 38.56143815816002, 70.93966038640573, 16.61421324516142, 49.19980494633991, 82.28327193025903, 65.6593912824649, 63.725581398963904, 23.453631077493473, 5.852166842663721, 47.810768887365434, 59.97761767499205, 68.40888120754474, 26.32039453932528, 31.749458179408368, 85.85837359210593, 13.709437777109374, 0.0, 59.115648123072084, 17.399611491902352, 32.75525448933509, 76.71609116445495, 58.64608606404515, 35.05432581904621, 60.34872441962347, 62.250605868351286, 80.37724687578056, 54.13948626829673, 47.478407546606, 72.81561120500528, 24.62626530664426, 58.35973492745001, 85.34288106897989, 72.9788547763405, 18.2629282296677, 28.459629308334186, 76.1630742796277, 15.848953412220892, 54.029615382951235, 55.37198024940914, 57.43790258134962, 53.13577774279799, 47.69485386352843, 57.41061481058402, 47.588127230699456, 72.7303854319327, 71.96348408746843, 33.13771054043443, 68.01579274724554, 92.06875690403767, 36.15757318144123, 24.523562441821415, 55.83136373463607, 29.124090878919308, 19.936038362801696, 31.164230808586954, 49.461303900009334, 74.3123580734717, 42.7977675240427, 28.171925988938806, 26.770627337321287, 41.900346391624225, 22.738180155316208, 74.18083837928822, 66.06047657116359, 43.62742082577579, 19.961900962556065, 70.57804641877291, 27.567397015268902, 36.91078497181661, 52.704738182415056, 52.04452536885403, 44.26216587666601, 68.13418470948636, 35.70970737480897, 93.76675188731932, 35.73423965058223, 31.224063286451003], [75.69628405312218, 65.16996970399062, 58.61369955233632, 13.820542657361898, 51.68917173724865, 49.194033436076836, 25.551486051623968, 33.371499786068675, 46.466420648782645, 36.157253712517225, 53.92728241017248, 64.4246685385182, 16.50662166447135, 21.74893521119135, 54.87579343307039, 47.07599198070696, 29.079111634513307, 68.19631510338968, 59.115648123072084, 0.0, 72.70352903362082, 63.26153980656977, 32.04212434779797, 34.72771857363931, 24.25362546974815, 29.084832697272365, 45.05820194357876, 30.560117966821508, 13.531353437315, 38.97869933259555, 31.31201589999749, 38.97127156456268, 69.02877699808518, 32.86193262560722, 63.499111709050716, 41.56854983050053, 59.97543024390106, 18.208798415112195, 45.0759920419262, 41.340447798189274, 37.36616605920456, 52.14878760856414, 51.93453081971505, 13.827213819184006, 42.653978927852805, 24.504443663171575, 58.09242414225764, 66.8508801109538, 56.46860241516652, 57.715018686569834, 32.99447021713778, 23.93145952791178, 34.68448588654941, 58.212192064377476, 37.59652979513705, 73.10440623390386, 35.45376681705527, 34.00429737320573, 65.1527890019456, 32.991788605184745, 84.36665217646599, 48.25604478848681, 26.69811309266014, 37.74928238013904, 20.727846933600578, 22.79512564968767, 17.52802901996833, 39.47459139671362, 11.512917348620558, 31.55318122231482, 53.46188780945819, 26.44880258299439, 28.004318656593675, 46.49445988978005, 56.13812212162152, 33.426304307780086, 34.6706507425282, 42.16424825904368, 44.969996339769104], [12.275474301807103, 75.57486093272097, 35.32039150512744, 83.20076906294037, 33.81727747436595, 66.42610798901815, 97.08125709656593, 72.38532872608175, 66.66791597583126, 36.685210224391874, 23.049535704551236, 63.52531098823034, 70.40790593816517, 84.4072692877638, 42.79415895857819, 34.537373290432065, 97.35910309983609, 4.516136818910337, 17.399611491902352, 72.70352903362082, 0.0, 47.69179364430677, 93.19373114368403, 64.56010185265536, 49.68415526183167, 77.25575201919372, 65.46579188298388, 89.87386331456955, 65.38915745520474, 52.03597890867701, 89.45695896878063, 41.62190171580926, 74.13819606911235, 101.08076444345937, 72.04164036149174, 34.42951212600437, 43.95170065682239, 88.53346395874868, 32.75366696924212, 57.84385332602195, 60.4245786547928, 74.65496903858272, 70.28752324799311, 59.98098955916736, 60.978231417978996, 64.20465076453787, 73.39178713501086, 88.76788952834129, 49.42694725123484, 85.21348015458038, 105.10657826696884, 51.35510126690906, 39.48872921387552, 72.64096160690045, 46.28723181928535, 27.716053910212672, 39.86694752254192, 55.54276484585672, 73.09189429709545, 59.98856583397374, 11.695750984000352, 44.014653643391505, 51.19300792895734, 34.954296153528475, 89.50402323709005, 82.29557872522929, 58.81324233086332, 33.593467635285464, 84.19638464706159, 41.80402005187351, 36.09189349603374, 60.83467677239088, 68.97565383818734, 61.55869206465366, 85.39503474761484, 52.78264664053345, 106.86569770373028, 53.131180367179894, 48.584114721082585], [39.14900803597569, 28.837752965477172, 69.1795049646295, 77.05869267898005, 19.17142657099842, 25.728357737057998, 79.01978021373944, 83.66102828882691, 87.0589033021927, 40.54813519527384, 29.82287109058078, 16.123544073035056, 72.00086791321597, 61.44211862832151, 9.55188613148926, 59.39495507792893, 92.31914150691507, 45.296606783882446, 32.75525448933509, 63.26153980656977, 47.69179364430677, 0.0, 65.9168358278384, 78.6803726900522, 42.60369474890183, 48.58224008818978, 85.39660501054438, 91.87568241289775, 65.37917411969157, 70.76694402876127, 61.356047628107774, 27.077410828679767, 26.63618776445988, 77.74854249277031, 99.72873733216393, 31.011420006966148, 4.735668972009796, 81.35463855061785, 27.754361937756663, 77.33019431934125, 76.98356019028122, 32.623098988373116, 28.092869210639954, 57.869342614542155, 80.62246793777155, 41.09931017094683, 97.92256883410683, 43.09085270841815, 7.242422418931561, 42.07996822194311, 93.82192804650566, 41.18926206349634, 36.53311717491442, 27.77723842960767, 26.306112619906497, 23.877925329794696, 52.69796086268997, 70.53416263758939, 101.25630419004355, 32.343211647403, 55.30691437650349, 15.574821343031, 59.59153394452211, 42.21483753160743, 69.67687800822738, 58.12254711876051, 45.92313572679449, 38.354965416476404, 72.8201291235728, 39.92301367117178, 66.33252431895458, 70.19930686184793, 41.77601384590005, 23.147708637908472, 42.93412076545154, 29.862457684758425, 95.20077085239281, 21.76002665526336, 18.297680841673287], [92.34302605226881, 53.31362923111949, 87.71190552006678, 37.719910742943, 63.44044408064014, 42.15895876260647, 20.243792802861886, 64.7135274841217, 78.45639985090888, 58.20391607720514, 70.87429531940337, 59.04337448638272, 48.11895635201947, 10.550305321001769, 60.956056862985314, 75.27291801341669, 45.83550169970844, 88.8129763149501, 76.71609116445495, 32.04212434779797, 93.19373114368403, 65.9168358278384, 0.0, 66.74364199553548, 45.0740909750392, 17.50291594925756, 77.07356750649716, 55.451491572266, 45.50810019519987, 70.3629770473809, 4.585008871865405, 52.205404681649895, 58.490275304312554, 13.019911816010415, 95.48787656281563, 58.78155613582106, 64.7009584078783, 37.50532054420901, 60.869621092221934, 73.25689660703303, 69.37978504250452, 39.59500144794263, 42.25162365956604, 43.71180220609505, 74.67889087729657, 29.134617637535353, 89.94296028163886, 47.94571503664877, 58.786052755382265, 38.99455141017639, 38.45442118121265, 42.69659699365696, 54.14561041208523, 47.30070421266209, 48.138484632574766, 84.1398140929214, 62.74654433299701, 65.67584492751426, 97.13231229761809, 35.41175690821814, 104.63892534631583, 55.36550733341538, 56.77399640271264, 60.67337698365142, 14.154403925790565, 11.25843793577225, 35.83749514242812, 60.55828643821905, 28.716161275542675, 52.65984651558657, 82.5859403455082, 58.41593809852823, 25.364906834294477, 43.04540308414204, 37.007843089497285, 41.5256132884529, 38.95052130606305, 45.57186520712976, 50.37631256602406], [72.7618271706269, 91.05236093988819, 35.51774352900381, 33.50757591486056, 61.03287805406531, 74.79948047019019, 56.30378570293388, 8.157967818645995, 11.76116049420284, 38.711132542872384, 55.99760902808219, 86.11220972351562, 18.99834700511691, 56.46995738666265, 69.13008523177606, 30.152825893071807, 41.13264838237462, 60.77802336776177, 58.64608606404515, 34.72771857363931, 64.56010185265536, 78.6803726900522, 66.74364199553548, 0.0, 37.87153349463449, 61.710591762377454, 10.33100107768066, 28.919925057420972, 21.526012604821346, 12.80593075041433, 65.97750064771945, 51.78188717602602, 93.61124178760423, 65.81697814210719, 28.77969387825688, 48.289952893292494, 74.21914381885449, 37.6083614010255, 52.05016129687624, 9.33447325786154, 4.866185724412109, 80.22941792301599, 78.52018256377544, 26.09677413386032, 8.801395823335556, 52.26452238014313, 23.64041972422417, 96.47661831857855, 73.69946559575503, 88.0413644669659, 53.48860217611547, 40.360221105163525, 42.15986625560547, 84.4718079999988, 53.83911589003263, 77.87705901421673, 27.72022642226786, 9.215064280018506, 30.440356453075356, 57.82421290006873, 74.62792264607387, 63.525572466499135, 19.10266521569933, 37.77649130103839, 54.48412281487829, 57.29479927490254, 40.43622815557164, 41.61620029970364, 40.751968981944266, 38.77193409687742, 31.54174985579962, 9.558907280930777, 57.76223609607874, 70.53175316087253, 86.79452572412116, 53.89830707148705, 55.22909441362214, 62.68484441075829, 62.87923822400242], [51.62851116692215, 53.4109419945744, 44.39882813046101, 36.958347531247384, 28.107838381742372, 37.375911881497025, 47.463086767386876, 41.6734604381174, 48.01642684873591, 13.299393078876244, 29.726350280835927, 48.32702307161856, 29.470586699977535, 35.41171558673804, 33.33790635563616, 31.65662531862584, 52.30750438762554, 45.178927901481664, 35.05432581904621, 24.25362546974815, 49.68415526183167, 42.60369474890183, 45.0740909750392, 37.87153349463449, 0.0, 31.863300844932933, 46.32288708425108, 49.70368434474574, 22.859989898945912, 33.571917079805566, 41.990401349970256, 15.938624704368264, 55.