instance_id,num_cities,city_coordinates,distance_matrix,best_route,total_distance
2242,94,"[[4.441749485534485, 28.824757570829284], [91.91160322978956, 89.92412230982613], [91.79255947900297, 78.09020919432143], [90.99007030665798, 61.10823975421079], [94.83148556408995, 32.597848140925144], [12.720962234631017, 79.8375566455216], [79.54202019457625, 10.22535250050316], [39.87904647439249, 64.29393457396962], [1.4626026830445449, 27.380936963367418], [76.63187289522097, 69.27598502908542], [44.116371370249205, 1.8436850132286464], [10.186970154658814, 29.2244939879019], [5.396309631911156, 29.831594178514422], [98.8951045009191, 15.09553442878312], [53.670565316278044, 32.28286346183212], [76.99351762892351, 84.61592924178808], [74.20369903981857, 98.75898302732132], [12.203810098846613, 94.2784575371879], [32.149823926691724, 29.765428820461835], [40.76991203630654, 68.52163516472679], [50.42773567930189, 6.247008219732775], [54.043309168983185, 48.53786610691772], [68.03583026836955, 81.3175523468051], [47.3000998622676, 47.366656733311075], [14.187826947943027, 14.153062757399193], [71.51507008680483, 83.1704955058793], [68.95130834292476, 93.60642637885736], [44.09647745916211, 34.42709054847668], [56.860943584232295, 21.032365275579522], [37.47126238736658, 51.86349242505718], [81.02326265789029, 96.69550501284249], [38.231173093600255, 28.720552601207284], [96.33053484228645, 61.0072912871989], [85.21468334114812, 8.3352040259844], [47.61055720915442, 33.648528435577184], [61.346713786039246, 23.296327437292597], [20.18506145679574, 92.2802992264273], [74.57702045123642, 67.04305839501929], [93.53864804131285, 79.82079798203553], [33.930062092518156, 94.20618597474802], [23.600254448493864, 75.62459304790971], [18.303700003466595, 51.76106081044875], [97.27672243137779, 93.27998505177393], [96.69494938300213, 97.5250914461097], [51.01423756122302, 15.899212128587504], [82.47215624964652, 92.58625583883166], [9.830305048705235, 84.36695180323257], [94.83248982871054, 45.073178340088496], [4.159520537205186, 54.517144247383534], [29.172682393490433, 84.73215757739464], [79.63960812619241, 9.087069140724957], [17.478356656439487, 72.55159833132635], [93.5132833690493, 83.9534359850866], [68.27951086072426, 39.90231039802084], [92.94199976248458, 2.4208871356797945], [9.191780398335414, 31.61116353388391], [44.99047323903598, 37.08301172422126], [43.0320511299328, 33.72584661692362], [19.42979844469537, 39.15964463357159], [40.26154776684312, 98.3157163628405], [13.09362111104948, 14.470169689291556], [44.12107835469309, 5.175726365140731], [82.75346327580434, 40.689648965863746], [38.646545524695384, 6.7858812493439835], [32.05494992431874, 85.46829075369192], [78.35940518421697, 33.98212151838261], [93.58061363281413, 33.500375491435584], [4.928628269409119, 27.35013200890216], [42.00011748510051, 85.9316903439996], [52.78212151675498, 3.989391349843452], [81.32965100889481, 74.16826767698794], [44.62705904085127, 40.97761387340404], [89.78372029217341, 4.161665110385182], [88.40590546076388, 60.44507143645163], [10.920657292075898, 52.12582749327112], [80.55781993349221, 62.19188401164144], [21.192510053558845, 11.616553854755207], [20.435033062765573, 50.47291557224981], [47.15003189961201, 73.04951442902237], [4.848708405781055, 17.869841090994186], [17.890795759569166, 35.40472977203125], [28.790477117589496, 89.88231970284536], [48.25073670639698, 34.92775597538637], [16.08355931180703, 94.25098391798046], [22.22132153964671, 98.48060987492109], [99.87899637538044, 28.855778115247123], [87.85968419474001, 38.859829278625256], [21.698742682331375, 90.70845592952593], [22.017104255585174, 51.25251171458226], [63.60875346967257, 76.4757325730899], [24.201964148399767, 2.055421225681131], [97.39994303425648, 29.67350318996157], [42.21029179659411, 76.1898950408838], [73.76422914815124, 35.884807228226975]]","[[0.0, 106.69633398364887, 100.28583514226563, 92.37334604116509, 90.46845085885496, 51.68027702305525, 77.36917040747839, 50.13845365741373, 3.310579045622924, 82.75092580017059, 47.97972382218966, 5.759110151756733, 1.387409466460989, 95.44594198679366, 49.350124664996095, 91.52275070795498, 98.78018776968354, 65.91233893779544, 27.724037433905547, 53.810570383709916, 51.22953925202046, 53.3752880197037, 82.4602971981454, 46.69732563612676, 17.613763215216082, 86.32664460168674, 91.42290630650581, 40.04851539638942, 52.99521947911927, 40.27073411567894, 102.32871795398027, 33.78958428926, 97.36151370405301, 83.3311985279847, 43.43748065478083, 57.17288257367401, 65.37933648049507, 79.87236537952732, 102.65891812151558, 71.72371825654288, 50.569485988069275, 26.799770119562154, 113.01685074127566, 115.02342703074503, 48.332870497618984, 100.76841291373627, 55.802973677102464, 91.83951827662408, 25.69393676175096, 61.13310410891895, 77.74505957746928, 45.62882564149946, 104.75165550989985, 64.79175838048302, 92.3550684750922, 5.506982101252083, 41.38112806219512, 38.90028348024468, 18.20580957282158, 78.17960925168813, 16.760342355488483, 46.19227009440513, 79.20543014582462, 40.690049663207866, 63.01570193142766, 74.09735640950012, 89.26140545838763, 1.5529235325913913, 68.35080670738436, 54.34691328352778, 89.26244064226155, 41.982746698705476, 88.83422826182273, 89.72080994726429, 24.185038885562843, 83.10849118685533, 24.014792415117512, 26.915197648098317, 61.48029363891246, 10.962472834307544, 14.972403943579563, 65.7334498623418, 44.23204664995414, 66.45391508451368, 71.88915733708957, 95.43725193124322, 84.01936976275104, 64.24481252789558, 28.493810752964798, 75.96940028146251, 33.272563049488475, 92.9620681620609, 60.57985668404526, 69.68106261918538], [106.69633398364887, 0.0, 11.83451186318707, 28.830614117417475, 57.400587304784295, 79.83042294842495, 80.65296332798, 58.00252999549991, 109.96668465124593, 25.68687860097934, 100.21251230693233, 101.80059199083522, 105.33759045820058, 75.15375475832758, 69.1729116221377, 15.83433584468683, 19.789508197495252, 79.82664042208866, 84.7970439804328, 55.439507881345065, 93.39577447290057, 56.09661217550021, 25.379629253274185, 61.65487903651006, 108.54602187647394, 21.485577470942314, 23.25369872834414, 73.25439772997353, 77.29568505973903, 66.425614474121, 12.822152086150632, 81.409247169373, 29.25252250639423, 81.86330266195156, 71.6207033225857, 73.30399386312513, 71.7652308877729, 28.705937469101876, 10.233495848986811, 58.13944600599098, 69.79195447494097, 82.91286197195818, 6.328216082755403, 8.980820242727765, 84.57116438815828, 9.807655898184189, 82.26920234894361, 44.945953694412815, 94.62601181704984, 62.95338502007832, 81.76326209788112, 76.43371497469347, 6.181785701310809, 55.323209023700535, 87.50930169391452, 101.2075602436493, 70.66664989603879, 74.48125136125257, 88.4909273239209, 52.32730721216246, 109.11266320336934, 97.29452648034412, 50.07898654000621, 98.73770049458237, 60.022274030462825, 57.56013832867576, 56.448426025454786, 107.1519584288514, 50.07090894166045, 94.42401349389526, 18.979585559659306, 68.05577717778556, 85.78885096958776, 29.68677074460531, 89.37697922241983, 29.966405125850223, 105.51429010808924, 81.64127507512663, 47.836708280121634, 113.01224312922422, 91.93173609387348, 63.12113995429911, 70.22016502092119, 75.9513921913457, 70.21359442090316, 61.585891372975844, 51.22479937142699, 70.21724122666599, 79.8794995783351, 31.335451026830725, 110.93017558242164, 60.500074199427935, 51.5640316194772, 57.005041536229655], [100.28583514226563, 11.83451186318707, 0.0, 17.000919826191247, 45.5937494176909, 79.09090158729629, 68.96168854394281, 53.715454255549446, 103.59020892416773, 17.536731888430587, 89.92525430755946, 95.11745545171199, 98.96062808453162, 63.393810380858916, 59.59529647546558, 16.1739500994133, 27.13975356020771, 81.21839946900984, 76.76288362447504, 51.91211959669466, 82.90050768394276, 47.94107717734497, 23.974943724881744, 54.069544464247926, 100.55074940403873, 20.90420735302132, 27.612963426243883, 64.66362323535932, 66.90153467354324, 60.3211736475098, 21.497320449672443, 72.84356597290129, 17.675386972263304, 70.06446460595905, 62.666676258080265, 62.68428030984336, 72.99994813778763, 20.45517843478945, 2.458406561086089, 60.06490915158543, 68.23686487783158, 78.06302916000068, 16.149468532674607, 20.043654230496678, 74.36794776286501, 17.23384126298065, 82.20224236038445, 33.15668112101153, 90.74821709084539, 62.971140092332035, 70.06516655114743, 74.5203123412992, 6.110508907261537, 44.84617118330209, 75.6780517308666, 94.77969397628526, 62.22560181119262, 65.92255942663753, 82.17029902298651, 55.358073560254724, 101.19798578462175, 87.11539427008478, 38.47735912940454, 88.93146790038017, 60.19151171722325, 46.108275100418076, 44.62566982475418, 100.59770364162075, 50.40611179546484, 83.7421367963996, 11.17381219276775, 60.01607420546156, 73.95583185421584, 17.967201004426304, 84.93770470438754, 19.467308911857852, 96.96965418665054, 76.51543297434667, 44.926204740592055, 105.76259250766704, 85.34354594434063, 64.0961484967667, 61.309768375339566, 77.41461971737206, 72.49776264361489, 49.89408447260269, 39.42702393449732, 71.22052586014695, 74.7587864912826, 28.230009846474935, 101.73385650107564, 48.74033412532524, 49.61867050225955, 45.89462549839489], [92.37334604116509, 28.830614117417475, 17.000919826191247, 0.0, 28.768018720845895, 80.47882075183368, 52.15482783637827, 51.21020805139391, 95.66973613762286, 16.518774039892715, 75.56077752794738, 86.86607069658803, 91.12914146920053, 46.68681416606918, 47.15556988441789, 27.359001295824886, 41.22330323161706, 85.4841397295609, 66.66743126357777, 50.76438444630061, 68.22798337853183, 39.026624914242284, 30.58289474854456, 45.80005045141309, 90.01873822562268, 29.428196723810835, 39.2662598522504, 53.952690137613736, 52.639082496396156, 54.311399855664746, 36.95660567876532, 61.90689391545032, 5.341418542793427, 53.08811914707508, 51.34021720132451, 48.04653264150098, 77.3630827331, 17.45308791749591, 18.88531397407281, 65.96452517387873, 68.9355626244158, 73.28491101215427, 32.78022560063491, 36.86099201629643, 60.34835028851543, 32.610126594453504, 84.4267444765301, 16.489007924618274, 87.08034745707862, 66.17763173250896, 53.24504844309545, 74.39705974913366, 22.984116145404514, 31.071867504335952, 58.71980403554086, 86.95422782978272, 51.89580438028275, 55.2246960813737, 74.85060678930897, 62.91088391251733, 90.79078354472074, 72.97361482489306, 22.017278332316156, 75.43714748140474, 63.771157267044636, 29.92256660080111, 27.729137813435756, 92.44556043463966, 54.92011632036219, 68.71979477394376, 16.244630816128563, 50.544741684831344, 56.95935080408, 2.6679018288599825, 80.57167387193346, 10.488380843823311, 85.56358098195386, 71.35210859492837, 45.43724252626432, 96.38409282188168, 77.48660764748105, 68.53274450783384, 50.12053837986667, 81.91109131324534, 78.26771272638338, 33.45495910067798, 22.467556295686304, 75.34892754092228, 69.67356328675577, 31.398986405068584, 89.15091979542457, 32.081601132857415, 51.058036758936595, 30.544249082453526], [90.46845085885496, 57.400587304784295, 45.5937494176909, 28.768018720845895, 0.0, 94.7297635436554, 27.097902362844604, 63.438257046343374, 93.51451466317354, 40.94522715633019, 59.31139314987698, 84.71170820576778, 89.47794619348572, 17.96785975407175, 41.16212544311573, 54.99157991431033, 69.30224632973177, 103.11076727618659, 62.74562379028687, 64.90895320702215, 51.63390134769133, 43.79223111916668, 55.60230859088052, 49.77298799523627, 82.72611306499284, 55.688848903612524, 66.27088494665523, 50.767973912622104, 39.69285139861755, 60.5091749453438, 65.5681068530833, 56.732960371017015, 28.448964983278785, 26.099018840627853, 47.23261588969559, 34.7526722487386, 95.57239977932642, 39.9589272435654, 47.240643735625866, 86.62892514345405, 83.2177208503945, 78.89062480821244, 60.731383348349155, 64.95397925158264, 46.89131761016409, 61.24836389025514, 99.52507615173046, 12.475330239585025, 93.28376484490329, 83.83951725894586, 27.991960797421, 87.06209683944313, 51.37250295485313, 27.538382841290932, 30.236056821394, 85.64538894412901, 50.04241403005162, 51.81171477822752, 75.68666721201286, 85.42081897774348, 83.7238986872293, 57.64996237664686, 14.538083195070834, 61.83045464851803, 82.0742172000521, 16.530143520990187, 1.5424772954157442, 90.05588417393969, 75.0709809263214, 50.85855696687132, 43.708114998935066, 50.89896773273991, 28.88072782300916, 28.578941984180812, 86.15317219279324, 32.856422350148684, 76.5696638634614, 76.5137254383566, 62.52885996914815, 91.18012051310687, 76.99187185727159, 87.42382672223397, 46.63898192135575, 100.01172451357395, 98.04475617469315, 6.283347313906205, 9.371148387608724, 93.40899752684427, 75.16602023778205, 53.852834110027736, 76.95043298957101, 3.892141719963501, 68.33195874877681, 21.322133873899826], [51.68027702305525, 79.83042294842495, 79.09090158729629, 80.47882075183368, 94.7297635436554, 0.0, 96.49307100934286, 31.291623906042627, 53.65116595444095, 64.77770678617004, 84.0756547817943, 50.676456342620284, 50.5395569628609, 107.78456399709151, 62.756026295004354, 64.44993577639272, 64.32843307105988, 14.45015795396282, 53.70939072060256, 30.2455561022843, 82.68838843039636, 51.838277208789776, 55.33466375488087, 47.434967062071685, 65.70087084221905, 58.888501420735174, 57.89156758278424, 55.195410921159464, 73.5281475735562, 37.35138051881309, 70.35193434628802, 57.12896778811532, 85.70378944422268, 101.82301326320156, 57.88531907543855, 74.57462245507361, 14.509811168068449, 63.16542664763837, 80.817687544252, 25.618029307160494, 11.666535961862015, 28.626152018258527, 85.61761187925627, 85.81654505348494, 74.52842970842963, 70.90668796130474, 5.373203835817129, 89.1676228392153, 26.728665659740773, 17.16438797241876, 97.38447848670019, 8.70160848584015, 80.89709276002958, 68.42204482684284, 111.48432885406523, 48.355352516467654, 53.56559018521967, 55.181989016167144, 41.22743029762366, 33.16513588085895, 65.36844921002553, 80.99602578626794, 80.23160149079013, 77.51569613387063, 20.13723532617894, 80.06950807607913, 93.19558777937013, 53.06270077568947, 29.90664470842593, 85.7778564767634, 68.84252328853533, 50.28015677839669, 108.00698699192125, 78.12988617505437, 27.77014638949312, 70.09428667985438, 68.74498050204201, 30.360978806743983, 35.091855965866074, 62.46575182764282, 44.7325751845916, 18.950635172769285, 57.26478036494885, 14.800471102025556, 20.924154956380455, 100.9735839583304, 85.5862236458313, 14.0988294907796, 30.058660152734195, 50.99871721793748, 78.62489424739701, 98.42236559012196, 29.714070626489722, 75.2205066242894], [77.36917040747839, 80.65296332798, 68.96168854394281, 52.15482783637827, 27.097902362844604, 96.49307100934286, 0.0, 67.05641693203691, 79.94191339468023, 59.12229832583982, 36.40369410501878, 71.91029372278804, 76.69413998200315, 19.95646622483446, 33.99802887417104, 74.43421775788431, 88.69442714742839, 107.70032035794779, 51.2624116647227, 70.0123770736548, 29.384839391303178, 46.022092116812786, 72.01731240198063, 49.18351255074136, 65.47211225232012, 73.38546052255465, 84.05097654776102, 42.919816219909414, 25.124146977060843, 59.19191970910923, 86.48283849841162, 45.26210904239111, 53.485133738377186, 5.979278253284438, 39.60130678746341, 22.403561348560757, 101.27320885995876, 57.03422591363099, 70.98895423129564, 95.56793977549557, 86.06126782105352, 73.99558719706029, 84.92697834996027, 88.9689125465418, 29.086544398657185, 82.4130092643553, 101.76787300393748, 38.05482134209087, 87.43159652404027, 89.93516661065235, 1.1424589321043774, 87.95714440077765, 75.04016583803697, 31.74217929736615, 15.507067164718423, 73.52896812103417, 43.762349754078265, 43.41947794270602, 66.71336046811462, 96.45137489712052, 66.58384348871634, 35.77906992826003, 30.63309853399341, 41.039856371123165, 88.97483689125566, 23.78618616827011, 27.18103752531475, 76.55335608443224, 84.50351500808333, 27.476888264863582, 63.96789839595661, 46.52693942130017, 11.902131139178287, 50.995966821090846, 80.40237093031664, 51.97645857893466, 58.36609268149416, 71.50875653382779, 70.68321036654959, 75.08348041872006, 66.59485351074481, 94.45078903095657, 39.866692360584956, 105.29616798685363, 105.23617699495735, 27.580524990744916, 29.818061552965407, 99.11293906915157, 70.65651949371258, 68.13942946847384, 55.93987468907371, 26.403332618967898, 75.79563851398306, 26.30191031655794], [50.13845365741373, 58.00252999549991, 53.715454255549446, 51.21020805139391, 63.438257046343374, 31.291623906042627, 67.05641693203691, 0.0, 53.27656657644259, 37.08896165514569, 62.593838294770485, 45.95089835026757, 48.75153377771865, 76.83344116877913, 34.85562602668912, 42.31391539859384, 48.641765373278666, 40.80429298216184, 35.38302687393924, 4.320543222153082, 58.99763133479147, 21.18678907290581, 32.90300952339116, 18.48255308339577, 56.3395579258656, 36.8396870592193, 41.28460470882732, 30.163141350900744, 46.47524295373392, 12.661489494810402, 52.37087255583624, 35.611528914933935, 56.547082710294994, 72.01874405081185, 31.60565100783023, 46.27812151262039, 34.22118718474942, 34.80671027088314, 55.86086579720528, 30.4980851700423, 19.83388240550828, 24.9513226124958, 64.30151108306015, 65.82063969896782, 49.65925534183735, 51.1334376204163, 36.13658647346343, 58.217852989426895, 37.03336552714894, 23.072650289261556, 68.03455191173796, 23.87425213592472, 57.123789816554336, 37.437116706552445, 81.51043498200158, 44.83159401673544, 27.686838134847964, 30.730269112189042, 32.402226401716064, 34.02393192046259, 56.567363021258984, 59.27020648096251, 48.94259816489333, 57.52125916371259, 22.57365381258913, 48.985140779154854, 61.90397076311006, 50.8564281155285, 21.741467682655, 61.66950039540891, 42.61050422730372, 23.794840498370096, 78.14324218830595, 48.679254210952315, 31.411003389924616, 40.733048335514255, 55.89358713523586, 23.855611997964495, 11.381010836123483, 58.15772554800652, 36.30522446682112, 27.88766436767876, 30.536169419632984, 38.25767915993167, 38.4775781203005, 69.6839789428959, 54.305021022239735, 32.06634348370222, 22.11623137031629, 26.673867296910945, 64.18257905429664, 67.13589062688737, 12.122234949986405, 44.2185947467875], [3.310579045622924, 109.96668465124593, 103.59020892416773, 95.66973613762286, 93.51451466317354, 53.65116595444095, 79.94191339468023, 53.27656657644259, 0.0, 86.05587857119357, 49.71413501597335, 8.917022500951289, 4.634627400958305, 98.20398935851281, 52.437584285600494, 94.76689007070178, 101.91218062181483, 67.7543489059855, 30.77972301813485, 56.90010208328604, 53.33129656667083, 56.67756474431164, 85.6805293526386, 50.00505116863694, 18.355053489458445, 89.55346465504982, 94.55443321160102, 43.212215388367, 55.76092302929708, 43.54330138650928, 105.51970412922095, 36.79296590509031, 100.6511612316638, 85.89034263340437, 46.57162666051532, 60.02325214095213, 67.54596719780312, 83.17933614811308, 105.96196087500037, 74.29501885011432, 53.08037281417583, 29.631284105737816, 116.28856384918534, 118.27680358413366, 50.86447212231653, 103.99173706939953, 57.59708612603258, 95.03131710402926, 27.269893869855448, 63.694670290991276, 80.28891442764862, 47.9259118197571, 108.04524728241972, 67.9800265601193, 94.82343685723751, 8.811072862736564, 44.59602863265229, 42.050884921607675, 21.483902762710734, 80.85234114153732, 17.37724089946211, 48.09175526366479, 82.37308924082485, 42.50649274069652, 65.6508368575224, 77.17962083629128, 92.32104564637835, 3.4661624760754504, 71.21433021356388, 56.399090591188894, 92.5624098843013, 45.25527500370454, 91.3222557819739, 93.01814278060154, 26.49083623301343, 86.41675431473489, 25.254405945184544, 29.886327820367015, 64.5984532024985, 10.095873248957917, 18.282964168753846, 68.21462867638412, 47.39286826714923, 68.44980315860892, 74.06813010126129, 98.42744385499468, 87.1563001883618, 66.48214813376522, 31.50142244404867, 79.19875638894044, 34.036161758222356, 95.96472859112141, 63.582140233773494, 72.80000686113551], [82.75092580017059, 25.68687860097934, 17.536731888430587, 16.518774039892715, 40.94522715633019, 64.77770678617004, 59.12229832583982, 37.08896165514569, 86.05587857119357, 0.0, 74.86235986695155, 77.58251758498668, 81.42705596430233, 58.576212823814025, 43.539782831617366, 15.344206573239449, 29.582819325345614, 69.10932576152062, 59.495686670156495, 35.86989378802463, 68.25912924191627, 30.664520013270632, 14.79497523856736, 36.61108541997503, 83.29342971709185, 14.806724565883917, 25.513946149443083, 47.675962525169034, 52.13766865463948, 42.85730175866434, 27.768946328359853, 55.8512027145914, 21.363721087438844, 61.54220847856075, 45.95163139076398, 48.45374083857212, 60.954417339969375, 3.0345312520504972, 19.925665009058413, 49.446532386214336, 53.41027409455906, 60.9011356484834, 31.66073008412448, 34.64879581623176, 59.20593826109867, 24.030764342477497, 68.48493808810122, 30.28264038000289, 73.95988938285416, 49.91260394852844, 60.26401967207097, 59.24414001331778, 22.369836524921254, 30.538086267592945, 68.81587282570122, 77.24509598837892, 45.13940299129044, 48.91584982173972, 64.6457367524103, 46.541449761267536, 83.90939658255418, 71.8734646614523, 29.234439934896972, 73.12932493773516, 47.426710050696904, 35.33611706627714, 39.587296578328406, 83.06101637554784, 38.428778309018206, 69.50647419523649, 6.7825915926201175, 42.72125840746682, 66.42925370969905, 14.717774211307539, 67.91238296177114, 8.099231282823178, 79.98833012156703, 59.25909405444222, 29.722356444645456, 88.29164365160352, 67.80690286206202, 52.0904998885495, 44.556590202729275, 65.49693769403068, 61.752880185490824, 46.62855216559146, 32.42231141072237, 58.9660885923809, 57.511899150345855, 14.880793133079113, 85.24963066927354, 44.717662115969716, 35.10907855499189, 33.514088613427184], [47.97972382218966, 100.21251230693233, 89.92525430755946, 75.56077752794738, 59.31139314987698, 84.0756547817943, 36.40369410501878, 62.593838294770485, 49.71413501597335, 74.86235986695155, 0.0, 43.5994606268937, 47.7762099843112, 56.35886014047555, 31.90338863795287, 89.06262493743687, 101.4781862049989, 97.78854093633423, 30.37798602533876, 66.76187404858706, 7.695620488467572, 47.7377276592651, 82.99539808286829, 45.634165724140445, 32.36106536699055, 85.81805635335782, 95.06405628507567, 32.58341160839562, 23.03539821943966, 50.459276718070434, 101.7791058211699, 27.513661517457255, 78.90913238926153, 41.60782457603741, 31.996209147286695, 27.51546050387167, 93.54939221887378, 71.96394536025103, 92.32004970915708, 92.92250793305278, 76.5802418641336, 56.19642701783107, 105.76681847196365, 109.17618056525569, 15.656896259449626, 98.51588904209403, 89.36231815200115, 66.6401813081995, 66.11386568781398, 84.22477500269503, 36.2541992497043, 75.55920085398442, 95.82309804884065, 45.08121866383055, 48.82904002933934, 45.889321546882286, 35.250165972958115, 31.900595275130552, 44.74268348228292, 96.54901603710869, 33.49386733298393, 3.3320446765544225, 54.788993295439724, 7.371858545642421, 84.48995545355834, 46.96237287212341, 58.726972633047524, 46.757438420860296, 84.11463113522029, 8.927445395221062, 81.33679019331281, 39.137260889466624, 45.726139015748814, 73.45532874256818, 60.25155006755532, 70.49740630505151, 24.920120045066664, 54.08888840414387, 71.27042331148685, 42.41210951273192, 42.59254091286229, 89.3626556938383, 33.3413966138467, 96.56576744776632, 99.0862677357915, 61.960661077937196, 57.30333631768674, 91.64877296502856, 54.12586962820704, 77.13556561591619, 19.915532812890362, 60.11354081256081, 74.37063993819952, 45.14192588354156], [5.759110151756733, 101.80059199083522, 95.11745545171199, 86.86607069658803, 84.71170820576778, 50.676456342620284, 71.91029372278804, 45.95089835026757, 8.917022500951289, 77.58251758498668, 43.5994606268937, 0.0, 4.828974931147876, 89.82628010452943, 43.59101595533951, 86.78321199930691, 94.5155370461872, 65.0852196495664, 21.969514248266318, 49.79539776733939, 46.33879651259533, 47.92060949473543, 77.84714089573083, 41.31007704876264, 15.593424717365357, 81.6780687887814, 87.16811722813823, 34.306292376272125, 47.38745370394771, 35.45358730618548, 97.82697820300403, 28.048730370584607, 91.81971433880466, 77.88144953136896, 37.684173718148955, 51.50206332837873, 63.84353063517645, 74.67477747547079, 97.50634945677803, 69.18348580581196, 48.299952260077646, 23.953666683529818, 108.10980939329265, 110.22069716400645, 42.94681478896047, 96.12419567227047, 55.14361127014921, 86.116460659885, 26.000928945701116, 58.66479341461981, 72.31310255189311, 43.93634358824524, 99.69218407695718, 59.06571805179444, 86.98751787285696, 2.5858449630263993, 35.679687890399165, 33.15209676269521, 13.569712345928739, 75.3530173769738, 15.037908940103689, 41.591668919450676, 73.46662985716675, 36.241395832304335, 60.34544899027389, 68.33824637476525, 83.50319116772688, 5.582418132896455, 65.02140002827846, 49.509164047812675, 84.15000791766724, 36.390322196043044, 83.44931410022265, 84.21951256473491, 22.913083012544558, 77.71039379370367, 20.76442785628245, 23.59063825322867, 57.33149527289384, 12.546919179973473, 9.876448921464904, 63.446530967297704, 38.48866744124959, 65.29329334866487, 70.29392008569155, 89.69278409645541, 78.26806623723935, 62.55236592462309, 25.00371248060665, 71.32016881914008, 30.570877831744408, 87.21412871640106, 56.8440148568895, 63.92517214356848], [1.387409466460989, 105.33759045820058, 98.96062808453162, 91.12914146920053, 89.47794619348572, 50.5395569628609, 76.69413998200315, 48.75153377771865, 4.634627400958305, 81.42705596430233, 47.7762099843112, 4.828974931147876, 0.0, 94.6529244075664, 48.336450872803695, 90.15255715337467, 97.39323267376456, 64.805403010697, 26.753596112964598, 52.423382364924144, 50.83367020694828, 52.119623688388764, 81.08337335158346, 45.42472954757516, 17.97518078465376, 84.95133241392968, 90.0359210723078, 38.97206148953024, 52.21144488646767, 38.912814529544264, 100.94661260317073, 32.853655381620335, 96.12989859988251, 82.66237095061574, 42.38645639394178, 56.330785866959054, 64.17591403867378, 78.55357292067198, 101.3311024177052, 70.41493519428178, 49.278619626950054, 25.446065176463787, 111.65889378193891, 113.65672524192054, 47.698077719642086, 99.39232209754212, 54.715313638980945, 90.72560948237667, 24.71651329511158, 59.827984783143386, 77.08698132859024, 44.395659868045456, 103.41070941216446, 63.68450613734263, 91.73655062747065, 4.191952460292378, 40.252712308240206, 37.83667850327199, 16.850855573253007, 76.84829094757552, 17.182024512407455, 45.907728437197875, 78.11546949004388, 40.4559398771, 61.693801212426074, 73.08105219394355, 88.26058819453739, 2.52514957102516, 66.98551738346052, 53.97438850995883, 87.9295908644171, 40.783396796072815, 88.20533054360452, 88.47473079637894, 22.968483976161224, 81.83178471045747, 24.110322307199397, 25.538742163802976, 60.09294429454728, 11.97428093998379, 13.681082703425291, 64.44669664417643, 43.15637594773593, 65.29988575890204, 70.68074972565678, 94.48772571743844, 82.95611594880924, 63.021913807938276, 27.112847914030905, 74.59466645904945, 33.543530310616326, 92.00376922710186, 59.197646420001796, 68.6353684859657], [95.44594198679366, 75.15375475832758, 63.393810380858916, 46.68681416606918, 17.96785975407175, 107.78456399709151, 19.95646622483446, 76.83344116877913, 98.20398935851281, 58.576212823814025, 56.35886014047555, 89.82628010452943, 94.6529244075664, 0.0, 48.38040123596976, 72.88871519287233, 87.23094711766409, 117.41088466193561, 68.33840999317545, 78.94863038011142, 49.26847122210028, 55.947056156407676, 73.05922572334394, 60.85614051561495, 84.71252046355536, 73.37483635529446, 84.02732343201079, 58.10850701636072, 42.45134443658285, 71.58750669779191, 83.53417223018127, 62.17518551633581, 45.98332779780372, 15.259619597608403, 54.53731179236271, 38.43350948385658, 110.23955185356753, 57.35777591634906, 64.94652698829739, 102.36675203967552, 96.60787432572391, 88.5400209154969, 78.20119871038999, 82.45891433080834, 47.88761130754012, 79.21190020390706, 112.83203342370575, 30.251677184048305, 102.61040000719159, 98.54174459622783, 20.17116247901723, 99.64881388528771, 69.06789851611978, 39.40419657764245, 14.00307609175009, 91.2110320070463, 58.21647901837585, 58.887768374741796, 83.02900858469594, 101.801240937553, 85.8037623473439, 55.66503868935111, 30.2590693904741, 60.81890491182878, 97.05632950296864, 27.900145489208956, 19.15677393844458, 94.76219613969269, 90.85593284081686, 47.43156769270535, 61.62899455446301, 60.12406169275041, 14.232597109142946, 46.546791546935744, 95.45022769036964, 50.540302228395824, 77.78043770566867, 86.06707794883168, 77.69309066051288, 94.0873073051811, 83.51144502494347, 102.50718039329821, 54.38905221439682, 114.55713509181881, 113.27815235406351, 13.795374207737298, 26.20156886608631, 108.05828138511089, 84.95618828647716, 70.80010800369385, 75.82288419778601, 14.654442364460254, 83.34079967174422, 32.61525347940824], [49.350124664996095, 69.1729116221377, 59.59529647546558, 47.15556988441789, 41.16212544311573, 62.756026295004354, 33.99802887417104, 34.85562602668912, 52.437584285600494, 43.539782831617366, 31.90338863795287, 43.59101595533951, 48.336450872803695, 48.38040123596976, 0.0, 57.294937634202306, 69.57502463523828, 74.58515584899361, 21.66748225177593, 38.46654948893335, 26.237029219063707, 16.259275782502407, 51.095611858454944, 16.373870939929088, 43.44624612834636, 53.92566592593633, 63.19873793268949, 9.811262308942462, 11.69411060882818, 25.412958229575075, 69.97970022399916, 15.845027323214342, 51.42923053920476, 39.604567595446355, 6.211983506008216, 11.8186752662963, 68.70932445491026, 40.562926646177765, 62.042882255883036, 64.99373307147292, 52.751579305247844, 40.37592517833122, 74.98096945628878, 78.15142952418358, 16.597593444581168, 66.8283680218772, 68.07878288191797, 43.10331987506458, 54.27436593057627, 57.88846794413712, 34.820052536581166, 54.14283863695099, 65.24791373456722, 16.47656704334949, 49.335415206182056, 44.48385649389907, 9.918942575210218, 10.735929604787223, 34.92449334261077, 67.38055664572136, 44.31456262300845, 28.740034495600444, 30.273569268175414, 29.59421012025501, 57.410142875547805, 24.747248169594172, 39.928614954321596, 48.990899835251625, 54.90351517355708, 28.30741769460421, 50.19374570221384, 12.545265659730504, 45.77075222272908, 44.717488893707475, 47.13064669226091, 40.21783150668147, 38.495719585738385, 37.88771040791432, 41.28482998776393, 50.90490080582927, 35.915706296687915, 62.74325579721633, 6.030754394662464, 72.47641666947843, 73.28844768647797, 46.33534304304433, 34.81597807100743, 66.60140612432731, 36.902427453405636, 45.296548036876196, 42.21488740872492, 43.80715965033622, 45.3780265241869, 20.41394927701644], [91.52275070795498, 15.83433584468683, 16.1739500994133, 27.359001295824886, 54.99157991431033, 64.44993577639272, 74.43421775788431, 42.31391539859384, 94.76689007070178, 15.344206573239449, 89.06262493743687, 86.78321199930691, 90.15255715337467, 72.88871519287233, 57.294937634202306, 0.0, 14.41558386402027, 65.50626424161513, 70.84867155656127, 39.63806130436252, 82.74919064713553, 42.75907749143342, 9.545650998794464, 47.63619801239324, 94.39052036678162, 5.665921474627891, 12.06259379119829, 60.009455765855165, 66.69475349913148, 51.32962864479661, 12.73400941601376, 68.02067688333813, 30.517011989720803, 76.72246480084438, 58.830555903974464, 63.28440594616958, 57.32314767981605, 17.73824253997521, 17.22598688497198, 44.118411428110655, 54.14503374831316, 67.26021909382997, 22.05616150051622, 23.554041733386285, 73.46366587403362, 9.671689986761256, 67.16367406463482, 43.38038817275196, 78.80817210477494, 47.820976481460896, 75.57519767149604, 60.72563269244552, 16.533044408813783, 45.55481998715305, 83.72800624157625, 86.06149405649155, 57.30247026047763, 61.18154718808278, 73.34749877605817, 39.20359393105352, 94.88742992721252, 85.97292071879876, 44.30231453021479, 86.76408611901932, 44.946650459053366, 50.6522273289586, 53.739478868402315, 92.04737807844965, 35.0181278897631, 84.18331375125068, 11.311749858510112, 54.33130046045224, 81.46458065375741, 26.729627065676247, 73.62899961782419, 22.705551202338516, 91.88395536394178, 66.06517659749805, 32.006492967780545, 98.28486038692414, 76.90821728280049, 48.48987505681597, 57.40263075602296, 61.667311444606405, 56.49975958799261, 60.273871545713895, 47.02865360261781, 55.629407850839755, 64.30803726200045, 15.665717774933057, 97.99584482397536, 58.60966113435432, 35.789256092543134, 48.838003202348766], [98.78018776968354, 19.789508197495252, 27.13975356020771, 41.22330323161706, 69.30224632973177, 64.32843307105988, 88.69442714742839, 48.641765373278666, 101.91218062181483, 29.582819325345614, 101.4781862049989, 94.5155370461872, 97.39323267376456, 87.23094711766409, 69.57502463523828, 14.41558386402027, 0.0, 62.16157444402926, 80.79999340424062, 45.07898977527957, 95.51838522776926, 54.116558505479, 18.499894847405717, 58.00840327587321, 103.73074109283509, 15.818649400411445, 7.357747484688964, 71.02842516356655, 79.63791982414942, 59.56894275755985, 7.124913294712073, 78.73629632834508, 43.75828026637475, 91.09172072239467, 70.33183126841925, 76.55007810913843, 54.405758427926855, 31.718121699717432, 27.064646786903964, 40.53015906661213, 55.6408896786057, 73.03159990693999, 23.71463318804428, 22.525071152694263, 86.04355151350926, 10.318427475845104, 65.96259861990167, 57.51271715305741, 82.84640753065865, 47.165074922071234, 89.83652513137669, 62.48673044027392, 24.33237082956567, 59.15406933232886, 98.14353078018023, 93.46325068266178, 68.2446920856731, 72.11782348900499, 80.9460395780864, 33.94504556446182, 104.11073757491806, 98.29949132515746, 58.69536631483015, 98.60711240453304, 44.19456474628594, 64.91002758054272, 68.07459641207583, 99.48999665301041, 34.6642481893806, 97.16048317239115, 25.602391937213667, 64.91120284611722, 95.87173524716091, 40.86145480298173, 78.60912522035504, 37.115058706055635, 101.99994666583235, 72.26765356110307, 37.321276523452575, 106.55124592909605, 84.76381587320239, 46.27262556991686, 68.9056006492627, 58.29470557412057, 51.983122859081405, 74.46931549469852, 61.43610136036762, 53.11856011465271, 70.5712795105904, 24.673794244914202, 108.86575383138342, 72.87571104152424, 39.15280117144067, 62.875711655623455], [65.91233893779544, 79.82664042208866, 81.21839946900984, 85.4841397295609, 103.11076727618659, 14.45015795396282, 107.70032035794779, 40.80429298216184, 67.7543489059855, 69.10932576152062, 97.78854093633423, 65.0852196495664, 64.805403010697, 117.41088466193561, 74.58515584899361, 65.50626424161513, 62.16157444402926, 0.0, 67.52610118928614, 38.463438206014104, 95.971894613537, 61.98988132615568, 57.31666022688436, 58.58725637730979, 80.14995453195522, 60.34245919622572, 56.75147736261515, 67.8183482678038, 85.78606881497487, 49.37077486343413, 68.86188473332712, 70.53554085746946, 90.4669902212564, 112.76892495583351, 70.21129569947867, 86.33358428981825, 8.227576184613937, 68.06015233671393, 82.60980439959856, 21.726372197660016, 21.859679874118942, 42.952737762189436, 85.07877150054921, 84.55349341850476, 87.46173672317505, 70.28871899072108, 10.191735482108832, 96.16994444609463, 40.56689079879683, 19.469834870236557, 108.65155089782186, 22.357934885394624, 81.96240914912862, 78.11049605293768, 122.29664145114369, 62.73963707747521, 65.9263551367149, 67.9485035474046, 55.590452808717096, 28.346712364424555, 79.81324810362074, 94.64675755266934, 88.59466105518462, 91.40114420665435, 21.71835148263932, 89.51095406927665, 101.56849615193754, 67.3225744358574, 30.94331036643321, 98.9884580671475, 71.9916774199253, 62.38787548255137, 118.91038114016833, 83.37540016448632, 42.17215551456719, 75.5103890937209, 83.14918548777025, 44.57217224147483, 40.888952586707575, 76.76180162122877, 59.1477609624493, 17.159357524371092, 69.43980626217324, 3.87984648603773, 10.863177239467156, 109.39408243305914, 93.78185135341715, 10.143897487831278, 44.13085945386148, 54.40041561518756, 93.00023724222592, 106.92137856086232, 35.036909639121355, 84.8498885675827], [27.724037433905547, 84.7970439804328, 76.76288362447504, 66.66743126357777, 62.74562379028687, 53.70939072060256, 51.2624116647227, 35.38302687393924, 30.77972301813485, 59.495686670156495, 30.37798602533876, 21.969514248266318, 26.753596112964598, 68.33840999317545, 21.66748225177593, 70.84867155656127, 80.79999340424062, 67.52610118928614, 0.0, 39.70326748791295, 29.785871912519227, 28.839713898170924, 62.81263321363224, 23.223567446974048, 23.79872495642671, 66.34548781130624, 73.68868450779473, 12.823947157226025, 26.208888446636582, 22.729762919209936, 82.87489434400565, 6.170459788656172, 71.38079310305858, 57.22878505977439, 15.940913908943827, 29.90497701327644, 63.64954487532247, 56.47732882874559, 79.20939153962307, 64.46534286378032, 46.649309554403565, 25.990824810618125, 90.97038947976526, 93.58122193748311, 23.412348603262863, 80.49095252072648, 58.98717856435274, 64.52475338922065, 37.36448180305483, 55.047294592440565, 51.79646862827343, 45.23171733722383, 81.86460941827848, 37.524800413441994, 66.65892740511762, 23.032118862194036, 14.779353650143133, 11.580491268745526, 15.81298007985585, 69.02855920415604, 24.435298599373393, 27.3489378115708, 51.769362572473916, 23.880263777756635, 55.702942728628074, 46.401572142595846, 61.544225972489514, 27.328138460202368, 57.02347952131007, 33.01659903036127, 66.25909364271459, 16.774817130312826, 63.06519425474341, 64.0779773448962, 30.83285495712742, 58.26499011979656, 21.200103533596316, 23.7915180802109, 45.80958749214032, 29.780126193748252, 15.333675341977417, 60.21067829171362, 16.908252836829334, 66.45684069311908, 69.4287495710291, 67.73528079951917, 56.447290907349206, 61.83265846130458, 23.75640417302316, 56.31622079519374, 28.8272960223153, 65.2501838608362, 47.50204287830618, 42.061924754262726], [53.810570383709916, 55.439507881345065, 51.91211959669466, 50.76438444630061, 64.90895320702215, 30.2455561022843, 70.0123770736548, 4.320543222153082, 56.90010208328604, 35.86989378802463, 66.76187404858706, 49.79539776733939, 52.423382364924144, 78.94863038011142, 38.46654948893335, 39.63806130436252, 45.07898977527957, 38.463438206014104, 39.70326748791295, 0.0, 63.019066310580754, 23.990291728063575, 30.11919310951329, 22.13992921117848, 60.51899630079651, 34.05662715015553, 37.72847529449338, 34.25644479659277, 50.14132079314037, 16.98160207523598, 49.133483272435704, 39.88196796357107, 56.066462082943275, 74.81807394980339, 35.537698283983815, 49.68634852038255, 31.43581065246331, 33.83942624576755, 53.96490137059552, 26.57968580638425, 18.580881366958995, 28.02940484187642, 61.69275087199451, 62.99849425577873, 53.61031254949795, 48.14751437631649, 34.76108945245727, 58.928706459726904, 39.19753221277358, 19.931803036349212, 71.01634257395632, 23.637621604923858, 54.95456028486488, 39.69689884087412, 84.20947469084211, 48.57531588941332, 31.72065857922702, 34.86924395426925, 36.297753870653146, 29.798417888711143, 60.7251018889358, 63.434489651442476, 50.371003865847655, 61.77225912044447, 19.05622471174146, 51.04848673607084, 63.367648151240886, 54.58653949619212, 17.453464607107858, 65.64071654381694, 40.950908222565964, 27.812779291388868, 80.89844958426973, 48.315822989904994, 34.055844109129644, 40.28825343068268, 60.178592101249514, 27.189402012483118, 7.823529900382744, 62.09619242073938, 40.251501641469424, 24.490522756952235, 34.4167322204278, 35.6569123467661, 35.23620829628013, 71.1847179307013, 55.65311644784992, 29.256871264325646, 25.492948523013485, 24.184299526762516, 68.50003279274677, 68.67414192225154, 7.80236524280462, 46.408916163100194], [51.22953925202046, 93.39577447290057, 82.90050768394276, 68.22798337853183, 51.63390134769133, 82.68838843039636, 29.384839391303178, 58.99763133479147, 53.33129656667083, 68.25912924191627, 7.695620488467572, 46.33879651259533, 50.83367020694828, 49.26847122210028, 26.237029219063707, 82.749190