instance_id,num_cities,city_coordinates,distance_matrix,best_route,total_distance
1726,22,"[[99.25248672063331, 98.74005481060615], [59.32888078222198, 58.76249560791521], [34.95800587009753, 82.79369904404129], [64.19175664897938, 95.94174073715293], [70.81942424311339, 76.4258328750335], [4.802633048906713, 63.01581293415206], [24.389173714584132, 12.90466476536678], [49.633502905241514, 3.883694407667393], [66.64885221853517, 30.05802187289246], [89.85302067135856, 15.491352474282005], [74.0663875477252, 86.65148299694768], [66.95864969321093, 66.08809883858979], [48.76290078745201, 28.11363295876791], [7.765744606468317, 31.98620887083814], [46.0364722080266, 28.446921403506174], [64.200277934264, 17.367716309249957], [9.29454159522175, 58.032295570872904], [34.05827428209901, 8.074531727862432], [52.41689890114174, 36.83720288003425], [62.52076734177001, 1.500934837130885], [43.16537084951977, 16.64594113002782], [67.39436397655868, 86.30030279544312]]","[[0.0, 56.49866857661525, 66.24248281936427, 35.17222419482545, 36.14365148183762, 100.98017783831618, 113.89569710248088, 107.05032771441815, 76.027749086788, 83.77766052291847, 27.936949726867837, 45.92430879993963, 86.81756591438113, 113.2514897492038, 88.16500895930496, 88.60087366376543, 98.73982759508266, 111.67149327983518, 77.6243219843859, 103.94549370580467, 99.42438366788821, 34.20069319436784], [56.49866857661525, 0.0, 34.22628058336013, 37.49591751211641, 21.07192616821263, 54.69188605408059, 57.65174567657191, 55.72865666202411, 29.623112500766222, 52.95389451270748, 31.54345769329775, 10.577231978564301, 32.41901779721551, 58.101002949221844, 33.10169429268498, 41.68043022088578, 50.03966716489912, 56.63808996770276, 22.988996383653888, 57.350453195378066, 45.11167492383119, 28.69464834870069], [66.24248281936427, 34.22628058336013, 0.0, 32.05437856152537, 36.42239760464532, 36.06260235979599, 70.68364255991025, 80.2630615223533, 61.52529064522906, 86.85084054761161, 39.29819352680611, 36.09872966349574, 56.395786640218645, 57.626557508926425, 55.46444497432923, 71.66358693428583, 35.66147081303379, 74.72458418320956, 49.16108710699793, 85.83833253474025, 66.65498268664075, 32.62535206062815], [35.17222419482545, 37.49591751211641, 32.05437856152537, 0.0, 20.610595270905417, 67.90570464749727, 92.08366627254584, 93.20207425840245, 65.92952092972344, 84.44385971089272, 13.557921089382, 29.981588212198858, 69.56077772704961, 85.28894940919842, 69.89395531813545, 78.57402488996598, 66.71454304328034, 92.89065172899494, 60.26602417851527, 94.45558757591023, 82.03616723812162, 10.159430066618214], [36.14365148183762, 21.07192616821263, 36.42239760464532, 20.610595270905417, 0.0, 67.36501580489922, 78.68104576172416, 75.5725156148253, 46.5549950933567, 63.83798786539937, 10.728778640520968, 11.035140467317193, 53.1089341608298, 77.14043490514509, 54.00158013952989, 59.42789101218074, 64.21552304074449, 77.6098093991182, 43.65675851277627, 75.38307537077748, 65.86639603121098, 10.451612030620252], [100.98017783831618, 54.69188605408059, 36.06260235979599, 67.90570464749727, 67.36501580489922, 0.0, 53.80297153542904, 74.20521769731465, 70.07974612693286, 97.4276284055558, 73.18546704496686, 62.23189974414753, 56.13080532718814, 31.17076127444729, 53.80741355480423, 74.91214149524367, 6.709149551065537, 62.244975094812716, 54.33634085041863, 84.35320535427435, 60.18192970227444, 66.78242469856983], [113.89569710248088, 57.65174567657191, 70.68364255991025, 92.08366627254584, 78.68104576172416, 53.80297153542904, 0.0, 26.80772393323923, 45.60831160343039, 65.51493121177369, 88.91804526363282, 68.1222279796818, 28.72962382159815, 25.306989563391394, 26.648963834828262, 40.060489865621584, 47.58519707784083, 10.808408344650362, 36.855389833010946, 39.800295084647125, 19.14530563053869, 85.0668329686172], [107.05032771441815, 55.72865666202411, 80.2630615223533, 93.20207425840245, 75.5725156148253, 74.20521769731465, 26.80772393323923, 0.0, 31.218864977930224, 41.86104794591803, 86.29874089413305, 64.57204226157359, 24.245574240211482, 50.42480048663766, 24.825203932411302, 19.8496796293671, 67.52260960228931, 16.129192915564527, 33.07084840018997, 13.105690665813666, 14.307748729015849, 84.30863256000903], [76.027749086788, 29.623112500766222, 61.52529064522906, 65.92952092972344, 46.5549950933567, 70.07974612693286, 45.60831160343039, 31.218864977930224, 0.0, 27.397468696129916, 57.07748831509434, 36.03140880716973, 17.991328657006857, 58.91466937150111, 20.675247384736895, 12.924371215815878, 63.81282736256906, 39.311825309791345, 15.764066428306425, 28.853913161265304, 27.04362784579787, 56.2472217194099], [83.77766052291847, 52.95389451270748, 86.85084054761161, 84.44385971089272, 63.83798786539937, 97.4276284055558, 65.51493121177369, 41.86104794591803, 27.397468696129916, 0.0, 72.89020483839383, 55.53542081536019, 42.98511273339697, 83.72813851565381, 45.69175730390983, 25.721274291464137, 91.10104494794645, 56.285548363912305, 43.094182237736625, 30.704785583597776, 46.701924166469, 74.28525227876352], [27.936949726867837, 31.54345769329775, 39.29819352680611, 13.557921089382, 10.728778640520968, 73.18546704496686, 88.91804526363282, 86.29874089413305, 57.07748831509434, 72.89020483839383, 0.0, 21.757129991170697, 63.772614258157425, 85.93059670284349, 64.60222244037273, 69.98271533271743, 70.81278074630055, 88.17588331181815, 54.315401703613155, 85.92972243558943, 76.52221066503397, 6.681259317533666], [45.92430879993963, 10.577231978564301, 36.09872966349574, 29.981588212198858, 11.035140467317193, 62.23189974414753, 68.1222279796818, 64.57204226157359, 36.03140880716973, 55.53542081536019, 21.757129991170697, 0.0, 42.10873231408401, 68.31353388590551, 43.06501769906756, 48.798404569880745, 58.22409577678935, 66.6933930093751, 32.66615114268722, 64.73945129143881, 54.86936373799094, 20.2168997556537], [86.81756591438113, 32.41901779721551, 56.395786640218645, 69.56077772704961, 53.1089341608298, 56.13080532718814, 28.72962382159815, 24.245574240211482, 17.991328657006857, 42.98511273339697, 63.772614258157425, 42.10873231408401, 0.0, 41.17965103206578, 2.7467242282587647, 18.809235439307468, 49.526535814892966, 24.855414275453292, 9.45792653735854, 29.95854791941366, 12.760889361051602, 61.0968081592589], [113.2514897492038, 58.101002949221844, 57.626557508926425, 85.28894940919842, 77.14043490514509, 31.17076127444729, 25.306989563391394, 50.42480048663766, 58.91466937150111, 83.72813851565381, 85.93059670284349, 68.31353388590551, 41.17965103206578, 0.0, 38.43403630805758, 58.297142954859204, 26.09091513570479, 35.53963168821292, 44.9138923132252, 62.669485777798045, 38.58053074424305, 80.65725662848897], [88.16500895930496, 33.10169429268498, 55.46444497432923, 69.89395531813545, 54.00158013952989, 53.80741355480423, 26.648963834828262, 24.825203932411302, 20.675247384736895, 45.69175730390983, 64.60222244037273, 43.06501769906756, 2.7467242282587647, 38.43403630805758, 0.0, 21.27610453022562, 47.17270216745334, 23.63284762039843, 10.540714778495163, 31.58826013080863, 12.14521957091946, 61.669873352206956], [88.60087366376543, 41.68043022088578, 71.66358693428583, 78.57402488996598, 59.42789101218074, 74.91214149524367, 40.060489865621584, 19.8496796293671, 12.924371215815878, 25.721274291464137, 69.98271533271743, 48.798404569880745, 18.809235439307468, 58.297142954859204, 21.27610453022562, 0.0, 68.32457749197751, 31.54209352327245, 22.75761254543576, 15.955422592782698, 21.047286653465907, 69.00654798873859], [98.73982759508266, 50.03966716489912, 35.66147081303379, 66.71454304328034, 64.21552304074449, 6.709149551065537, 47.58519707784083, 67.52260960228931, 63.81282736256906, 91.10104494794645, 70.81278074630055, 58.22409577678935, 49.526535814892966, 26.09091513570479, 47.17270216745334, 68.32457749197751, 0.0, 55.758592385220034, 48.04965820682467, 77.64551405993127, 53.47956065897576, 64.61168310136529], [111.67149327983518, 56.63808996770276, 74.72458418320956, 92.89065172899494, 77.6098093991182, 62.244975094812716, 10.808408344650362, 16.129192915564527, 39.311825309791345, 56.285548363912305, 88.17588331181815, 66.6933930093751, 24.855414275453292, 35.53963168821292, 23.63284762039843, 31.54209352327245, 55.758592385220034, 0.0, 34.12228523576489, 29.211738860493313, 12.506329078824693, 85.03273566829779], [77.6243219843859, 22.988996383653888, 49.16108710699793, 60.26602417851527, 43.65675851277627, 54.33634085041863, 36.855389833010946, 33.07084840018997, 15.764066428306425, 43.094182237736625, 54.315401703613155, 32.66615114268722, 9.45792653735854, 44.9138923132252, 10.540714778495163, 22.75761254543576, 48.04965820682467, 34.12228523576489, 0.0, 36.75241484127862, 22.20985867463413, 51.68097051456227], [103.94549370580467, 57.350453195378066, 85.83833253474025, 94.45558757591023, 75.38307537077748, 84.35320535427435, 39.800295084647125, 13.105690665813666, 28.853913161265304, 30.704785583597776, 85.92972243558943, 64.73945129143881, 29.95854791941366, 62.669485777798045, 31.58826013080863, 15.955422592782698, 77.64551405993127, 29.211738860493313, 36.75241484127862, 0.0, 24.5764641269671, 84.9393003873228], [99.42438366788821, 45.11167492383119, 66.65498268664075, 82.03616723812162, 65.86639603121098, 60.18192970227444, 19.14530563053869, 14.307748729015849, 27.04362784579787, 46.701924166469, 76.52221066503397, 54.86936373799094, 12.760889361051602, 38.58053074424305, 12.14521957091946, 21.047286653465907, 53.47956065897576, 12.506329078824693, 22.20985867463413, 24.5764641269671, 0.0, 73.74804544505959], [34.20069319436784, 28.69464834870069, 32.62535206062815, 10.159430066618214, 10.451612030620252, 66.78242469856983, 85.0668329686172, 84.30863256000903, 56.2472217194099, 74.28525227876352, 6.681259317533666, 20.2168997556537, 61.0968081592589, 80.65725662848897, 61.669873352206956, 69.00654798873859, 64.61168310136529, 85.03273566829779, 51.68097051456227, 84.9393003873228, 73.74804544505959, 0.0]]",Route_1,930.384164094622
