instance_id,num_cities,city_coordinates,distance_matrix,best_route,total_distance
911,61,"[[20.212444271367435, 96.83747989001505], [73.87131762641972, 78.08135906056522], [93.43970537983877, 2.836000164510355], [72.99464439243714, 31.1634180708519], [86.99024823763703, 55.16747645911384], [45.99449813717287, 59.776666873067356], [74.52708201247522, 49.35984606018982], [77.92123721906364, 3.268855151232175], [79.60068571956839, 20.87490554723763], [98.06237427087517, 18.154596848342173], [70.36030516934062, 51.74579803512736], [20.507607143990892, 51.04750990107897], [48.410899321855496, 63.28188693552072], [30.787375734122758, 35.5308242154194], [61.04119765472554, 31.427698679609662], [36.19985201187398, 6.293428442784599], [70.4667699536112, 65.63568113307764], [33.28717210512022, 90.56863433989216], [9.29047424176106, 66.32029551862736], [49.12531492970204, 40.67505404293785], [22.532894400656247, 85.86810944423962], [97.31239489185008, 85.9050977794318], [62.3319584855759, 98.06909021749817], [49.106078988892264, 70.94057138461892], [47.23700091865675, 23.681678548800612], [1.2125811893435645, 71.09351795623138], [12.766615458414032, 95.42535347953212], [55.36910090362075, 34.76458414882757], [27.52513599690598, 1.4566886740747576], [14.938774452383663, 8.306869134626849], [71.37073103668925, 26.988341907606184], [39.29965726857797, 5.674720484094364], [10.753140981094965, 61.18967398229576], [81.22085628593041, 24.332962545940763], [93.56545991389987, 48.77972775088255], [14.779517663623952, 64.80604233672645], [31.365219833435056, 81.51713824510841], [41.07620300082287, 51.799900057904836], [7.439965491837553, 94.97318402521311], [16.579968689988956, 7.993812611703611], [49.92700297918166, 93.76872316568424], [12.841567337086634, 66.9881823996798], [46.8013070545159, 67.09125198371471], [33.94867938199073, 80.13667891085385], [50.94644792548371, 92.83821118860435], [59.293275820406855, 91.608678958012], [12.385745905175416, 52.6634611498395], [91.16294248879375, 32.22922489552169], [6.817834048378235, 84.49121987507334], [95.12564927146374, 78.39702200381986], [98.65168852818242, 95.84854315497941], [21.581193712001323, 45.384021851032074], [59.8008567230326, 17.19291699907807], [53.32509166819314, 63.805425835623794], [8.697645164175738, 76.37298144875328], [24.859637060881788, 68.99276038098411], [75.09269591078537, 77.01105248453553], [22.06810121552354, 91.38719436831218], [50.46827382728106, 69.3289827725465], [16.625272638087107, 10.060082448958363], [33.042214608738405, 84.70689908466355]]","[[0.0, 56.842473189530224, 119.15750064529178, 84.25581905986027, 78.71254212950342, 45.146629586453656, 72.14018011501452, 109.9335813979843, 96.42238289469826, 110.68698064667691, 67.43936332102251, 45.79092129133287, 43.83070482848873, 62.21201817531242, 77.10659233056651, 91.94467063805233, 59.15276405583637, 14.499894222304015, 32.41277481618766, 63.16780957682505, 11.212117408374201, 77.87117158674744, 42.13751703220863, 38.80067006285606, 77.98780630238154, 31.996036835579435, 7.578553141001947, 71.3374718591463, 95.66070663157133, 88.68754497719348, 86.57986129377024, 93.13952116315964, 36.8814924423048, 94.75722332274115, 87.6938563670221, 32.48891631395781, 18.949862027321288, 49.6354714438639, 12.907819848644415, 88.91789524223242, 29.87260060713268, 30.74590033560323, 39.897439751877045, 21.624081676683332, 30.993114247479483, 39.42907244345104, 44.86202334907258, 95.95936541440075, 18.216633041875635, 77.14945735673707, 78.4454781070661, 51.471660350144305, 88.9409849199545, 46.77140165398867, 23.48161610561309, 28.22985663016237, 58.35177155554563, 5.757523335817117, 40.891718425351996, 86.8515083747526, 17.656556787348045], [56.842473189530224, 0.0, 77.74822078134177, 46.92613070213016, 26.403642859556914, 33.34934513472639, 28.7289981718951, 74.92204341774757, 57.49264285384088, 64.6252586131427, 26.568571339052586, 59.82068703074498, 29.449232170353078, 60.553893884594984, 48.38570042305482, 81.07185889031524, 12.902939352379265, 42.46180532661917, 65.64303426801133, 44.85082278551569, 51.92559273465508, 24.712243744851815, 23.079562521486498, 25.77417105178418, 60.56989405861202, 72.99398539559212, 63.51849155518285, 47.10281321122515, 89.55059275892141, 91.33194451770147, 51.15417221581546, 80.23665627281365, 65.33936981494274, 54.24855616881372, 35.30502567408909, 60.564633714415415, 42.64472919590083, 42.0265943256714, 68.54530105751347, 90.52382465504427, 28.62557591547314, 62.02974277560698, 29.215884821850327, 39.975509803910384, 27.26379165731918, 19.887375053176797, 66.5322858775223, 49.00427020036339, 67.359156583289, 21.25667558136182, 30.491631846684296, 61.671491951947715, 62.49304158631442, 25.01898620187258, 65.19605920820982, 49.84724122573698, 1.6239830911103614, 53.48475001111092, 24.98612714590789, 88.90446410995871, 41.36318935768086], [119.15750064529178, 77.74822078134177, 0.0, 34.934841119133374, 52.72740187608095, 74.11671346946306, 50.22106688990863, 15.524503776176596, 22.735887327402402, 16.000889726451426, 54.081670109390615, 87.42677292547526, 75.37438956662453, 70.67012048776601, 43.210514076929854, 57.3441768960504, 66.86969187794612, 106.3735980340869, 105.41038306418581, 58.27142695508416, 109.1884014658994, 83.15932120101624, 100.18499567239601, 81.26317154804426, 50.6875942103055, 114.73853394364134, 122.80446158330003, 49.68707478236397, 65.92899936389988, 78.6913372854043, 32.71658967915025, 54.214418216397505, 101.20384963083222, 24.726901641902877, 45.943899690096124, 100.1384604354211, 100.21957516128684, 71.6896078533532, 126.03656576797391, 77.032604481956, 100.80731810050483, 103.01243779997114, 79.39696206216485, 97.5426937751979, 99.52926664206689, 95.11344359148954, 95.14473298488397, 29.48127048398315, 119.04168807163488, 75.57982818322833, 93.1584559870572, 83.51035773216071, 36.57448837578188, 72.9825533939446, 112.20028692474077, 95.28873329503763, 76.4104125308587, 113.73310809041985, 79.16982168597293, 77.15338257192334, 101.73839482436851], [84.25581905986027, 46.92613070213016, 34.934841119133374, 0.0, 27.78617904820421, 39.34114773139118, 18.26084216651763, 28.32627680010191, 12.226744127703567, 28.242176099896305, 20.750279712238882, 56.12723213407807, 40.446959884595124, 42.432626174050704, 11.956367891273391, 44.41140766097067, 34.56482416865103, 71.45392274339797, 72.76144120661844, 25.694670806727085, 74.42440104220255, 59.89995397885082, 67.7499951006854, 46.39919700583585, 26.822241211319493, 82.14059577668829, 88.07389971919554, 17.989668712828497, 54.31358913922575, 62.393155584330366, 4.479771819621948, 42.24956641133983, 69.10557713356887, 10.692318962434634, 27.083072535456417, 67.23709651335778, 65.33380537287701, 38.008568634873306, 91.48279705447943, 60.98726302880784, 66.71986440624394, 70.01290179990396, 44.46234553606449, 62.63359849872809, 65.49735165304733, 61.97868233887734, 64.30933391225196, 18.199532958446703, 84.98955625595339, 52.161237690951936, 69.58770955371935, 53.34387015152238, 19.215903134168972, 38.11026076120764, 78.60030999035263, 61.22122238591815, 45.89561418593753, 78.86961412024648, 44.31757777494125, 60.190172340261626, 66.80644433509231], [78.71254212950342, 26.403642859556914, 52.72740187608095, 27.78617904820421, 0.0, 41.254044196560756, 13.749875752403023, 52.685043935769045, 35.07971000385413, 38.633472947398694, 16.97830644357542, 66.6101770844808, 39.42346788583211, 59.53453610288797, 35.17001955038893, 70.48643073863552, 19.560384548844397, 64.32155443857594, 78.49611615860017, 40.54359976498442, 71.3952332397138, 32.424498083738264, 49.4831255739792, 41.036578843716164, 50.71169630818021, 87.24360699796748, 84.43840551038413, 37.63210030472261, 80.13081990278302, 85.9495863483171, 32.218518613720846, 68.73081813117696, 76.47459307412963, 31.369621160512626, 9.167155619229648, 72.85116033537, 61.550373363648895, 46.037377432106155, 88.95359374288627, 84.7523570572902, 53.51392712546825, 75.08499163098428, 41.920489216866734, 58.62481639838411, 52.13674132511569, 45.77208232805791, 74.6465127178983, 23.314689835129144, 85.36684324056439, 24.612934327193898, 42.31947987822414, 66.13667967176748, 46.70471257933439, 34.75567487873484, 81.11353239678435, 63.65022639957747, 24.873551514581717, 74.34213569290853, 39.171454860600846, 83.58173715299692, 61.50583567008593], [45.146629586453656, 33.34934513472639, 74.11671346946306, 39.34114773139118, 41.254044196560756, 0.0, 30.374635774750654, 64.903385535683, 51.40742045731312, 66.65928621143263, 25.655163352062896, 26.94030055400188, 4.257412638159607, 28.62022812558925, 32.09465943120749, 54.37271269405552, 25.163865679911858, 33.31098010210567, 37.28276338961417, 19.356487969168136, 35.088605348946416, 57.586642799805325, 41.63198645542573, 11.58942187254516, 36.116367415493876, 46.18973050322758, 48.73316164665804, 26.71118603194, 61.17464503370082, 60.1132103020788, 41.4611559198629, 54.514598937634275, 35.269673138448184, 49.971516735569566, 48.82549615129231, 31.617552459330184, 26.20427215487487, 9.371149122264677, 52.20389647470308, 59.553996826853584, 34.21877387243525, 33.92820031811117, 7.358946661717847, 23.656539046561917, 33.430338305709206, 34.49832577450889, 34.35325198948064, 52.90604809142067, 46.32083914627642, 52.54129458793219, 63.827579919440765, 28.34003640940529, 44.7659612957415, 8.36471758611222, 40.822700782585294, 23.056858681546128, 33.81906505326616, 39.64464551714316, 10.548052330589046, 57.743312800840464, 28.094094160963134], [72.14018011501452, 28.7289981718951, 50.22106688990863, 18.26084216651763, 13.749875752403023, 30.374635774750654, 0.0, 46.215795271054546, 28.933255789887426, 39.085515988174166, 4.801541011716039, 54.04583123892771, 29.595239827786656, 45.87378064319184, 22.437267805805703, 57.65147774268877, 16.77465175004244, 58.30003774139507, 67.40528049984079, 26.845397805031357, 63.53147913225523, 43.06652883892275, 50.21266278751418, 33.34599076730918, 37.471546710139314, 76.46808827890075, 77.04794742740907, 24.084225344164306, 67.11106776686984, 72.36099303027059, 22.593068616976574, 56.1191736457886, 64.8618561509043, 25.90659206572261, 19.047214241727005, 61.711882365014745, 53.82413759112806, 33.5397550701249, 81.12495179268244, 71.1970270844952, 50.767236030881136, 64.1549761348702, 32.91080906091823, 50.929561164017734, 49.46124278851391, 44.9113875573401, 62.229089065010136, 23.87907107227818, 76.28076878207676, 35.60138424140838, 52.37552479077227, 53.094955184729024, 35.377578160439626, 25.65539260287119, 71.15633660669378, 53.4069884261153, 27.656990722125556, 67.21787464705487, 31.266478412650773, 69.97921797738705, 54.501453017516724], [109.9335813979843, 74.92204341774757, 15.524503776176596, 28.32627680010191, 52.685043935769045, 64.903385535683, 46.215795271054546, 0.0, 17.68597064943091, 25.044973699585597, 49.06303786792013, 74.69353899837894, 66.87618430165874, 57.11773407953231, 32.83072043908367, 41.830874090827656, 62.81074800749866, 98.04820862710615, 93.19691925836324, 47.206237469436125, 99.45101975309419, 84.88089061501147, 96.07346241314333, 73.55116941151807, 36.85384262732348, 102.39337280555687, 112.86250449510354, 38.73731789218621, 50.4286720599987, 63.18363871330228, 24.607380665790647, 38.696442031169035, 88.69258371641855, 21.32097808080689, 48.12464263251454, 88.16860073246232, 91.0508460254508, 60.93290462694858, 115.66025072821836, 61.522974958622676, 94.73068806522322, 91.07972385191923, 71.0052701627788, 88.55646883359216, 93.54308525157043, 90.28247568649607, 82.06538687845426, 31.844085387656488, 107.9479804062388, 77.07290865601884, 94.87228384702733, 70.34122382024363, 22.852301583507508, 65.3425341273657, 100.67829447654275, 84.46990665317547, 73.79642480145287, 104.32839741799127, 71.53744236646213, 61.67103081773249, 92.98538417494214], [96.42238289469826, 57.49264285384088, 22.735887327402402, 12.226744127703567, 35.07971000385413, 51.40742045731312, 28.933255789887426, 17.68597064943091, 0.0, 18.661029542411054, 32.22416229651089, 66.3504181526599, 52.64175952607535, 50.966019893097055, 21.349848714304333, 45.78484291848812, 45.683207508509426, 83.67889444979396, 83.71863178352642, 36.34273111960105, 86.4919034292585, 67.39903963380793, 79.10215602111185, 58.621599563632905, 32.48516690083433, 93.0945968578531, 100.12273585244597, 27.930142755595252, 55.57814341493131, 65.87198424211905, 10.252134324837954, 43.07224767946692, 79.78261070238588, 3.8187839517817106, 31.20407057605948, 78.3053549111028, 77.48638948767093, 49.40132644202702, 103.42980429829908, 64.32366073332726, 78.70219878992252, 81.13700875233319, 56.67230292435598, 74.80684102972697, 77.45826426142476, 73.59115162666866, 74.35294480753389, 16.205133429266027, 96.6663278812662, 59.580352255859374, 77.35623468183293, 62.98379342981067, 20.139271783280485, 50.33325357042005, 90.04042197130157, 72.88285369038587, 56.316862173615384, 91.00539079912627, 56.53755408945526, 63.89728516478832, 79.0076871648574], [110.68698064667691, 64.6252586131427, 16.000889726451426, 28.242176099896305, 38.633472947398694, 66.65928621143263, 39.085515988174166, 25.044973699585597, 18.661029542411054, 0.0, 43.54048035652883, 84.24182828737842, 67.09501676894858, 69.48279431364575, 39.32865050147716, 62.98935605473686, 54.917854496412644, 97.15770500295913, 100.99695422722282, 53.87027723350898, 101.43876042983061, 67.75465183647938, 87.53849931681054, 71.99359662831938, 51.12501548670608, 110.37396336094307, 115.09186027582545, 45.810558487464455, 72.48670306142341, 83.70490181529513, 28.115456075140134, 60.073323726584164, 97.33920115541629, 17.939033717858962, 30.95352777199562, 95.45884752509669, 91.99631548224447, 66.1772630446677, 118.80032116440391, 82.11348217894282, 89.63542864361253, 98.22069543760048, 70.86955078168964, 89.17591810073445, 88.30375284385917, 83.0574811394869, 92.36528765447214, 15.674734880757873, 112.81007789646057, 60.313963079335934, 77.69618127033333, 81.18381960499381, 38.273601257215724, 63.9173109720541, 106.65568486393568, 89.12440522330006, 63.17981081026734, 105.53740036941055, 69.88573654011472, 81.83839371414179, 93.04208776378798], [67.43936332102251, 26.568571339052586, 54.081670109390615, 20.750279712238882, 16.97830644357542, 25.655163352062896, 4.801541011716039, 49.06303786792013, 32.22416229651089, 43.54048035652883, 0.0, 49.85758825620089, 24.796325618433734, 42.766132863032475, 22.35332025202618, 56.85819608009383, 13.89029111376053, 53.680814207163024, 62.78487259220728, 23.94757154740634, 58.75196470533474, 43.51175587621622, 47.01384635496242, 28.63881028373923, 36.36319570682037, 71.80349572102563, 72.28372332924835, 22.65166286145011, 66.05941445667682, 70.41652228726822, 24.77806679988459, 55.56354951520329, 60.35064884050528, 29.48584609797161, 23.393947500368995, 57.09460500759316, 49.060670381202414, 29.28415214488981, 76.33856197668534, 69.32936477657766, 46.727358955142584, 59.504079548652115, 28.11599809828081, 46.17194612941603, 45.44759918698571, 41.37062259722764, 57.981821525943, 28.524486788692297, 71.4836225133726, 36.38145142137645, 52.39708483745623, 49.1922139244012, 36.13036865825771, 20.871826027355247, 66.39865813253256, 48.65972162348982, 25.704641692174025, 62.47861446896614, 26.549224026771274, 68.00847450918045, 49.79030091781976], [45.79092129133287, 59.82068703074498, 87.42677292547526, 56.12723213407807, 66.6101770844808, 26.94030055400188, 54.04583123892771, 74.69353899837894, 66.3504181526599, 84.24182828737842, 49.85758825620089, 0.0, 30.467584344416867, 18.61293036934846, 45.03231009017871, 47.425461053839534, 52.0454867258657, 41.53596703465421, 18.94946044260575, 30.439465163459076, 34.87944869141671, 84.3446907261553, 62.93095725156106, 34.83685529796737, 38.253747753161214, 27.823379836708366, 45.04792950791219, 38.47671267411033, 50.08488056459941, 43.10190565014524, 56.26633928613205, 49.11039775203438, 14.071712844334396, 66.33072939265135, 73.09304130510952, 14.903295738790606, 32.3463445343869, 20.582352306521578, 45.82824571821096, 43.232478463656484, 51.871021911155026, 17.68822224048221, 30.801953103640685, 32.04437823685111, 51.70092593198159, 56.12073173027787, 8.28105841187852, 73.11842629075744, 36.137122522885115, 79.47230978897797, 90.07569059405674, 5.764346017722772, 51.86610572465482, 35.21010805847046, 27.943777680849465, 18.465432006428905, 60.44532619782769, 40.36985613874819, 35.097774836268705, 41.17088449813267, 35.91755649410626], [43.83070482848873, 29.449232170353078, 75.37438956662453, 40.446959884595124, 39.42346788583211, 4.257412638159607, 29.595239827786656, 66.87618430165874, 52.64175952607535, 67.09501676894858, 24.796325618433734, 30.467584344416867, 0.0, 32.87415498141921, 34.26680238102647, 58.282021908860656, 22.181113057040143, 31.197655502235914, 39.23824136177841, 22.618118469357732, 34.34834182191293, 53.88103504824546, 37.46925940583063, 7.690170496180173, 39.61760393729901, 47.8403889380253, 47.99705630143972, 29.353928654958896, 65.25772176327416, 64.36331039875212, 42.94619055360726, 58.32324029334923, 37.715833787585304, 50.92653519619869, 47.42622653424149, 33.665900878019855, 24.961562041382287, 13.624749274005477, 51.797256009665745, 63.79638945368793, 30.52451070245957, 35.7619071626549, 4.135462409148638, 22.209003087054043, 29.664883449539804, 30.345234626571916, 37.557457912661725, 52.83942670694061, 46.68853052500723, 49.09923798784814, 59.87256464684792, 32.251615117602995, 47.47551241853998, 4.942001557742025, 41.81529996719928, 24.233778689986902, 30.00680349329606, 38.520790723487096, 6.387500130547912, 61.99101980517628, 26.3671692716931], [62.21201817531242, 60.553893884594984, 70.67012048776601, 42.432626174050704, 59.53453610288797, 28.62022812558925, 45.87378064319184, 57.11773407953231, 50.966019893097055, 69.48279431364575, 42.766132863032475, 18.61293036934846, 32.87415498141921, 0.0, 30.530793962263076, 29.734158993031954, 49.807195621298014, 55.09455077586138, 37.551408986925765, 19.045816193040757, 51.009594649361304, 83.44546489197567, 70.04352515050935, 39.86759440351194, 20.272948027862295, 46.253363753014646, 62.546801970078505, 24.593664553058815, 34.229941878317625, 31.50114113533909, 41.47267451700762, 31.045867147455677, 32.55375759414814, 51.66166921943521, 64.16090163156366, 33.36599940141668, 45.98994435569892, 19.249488182612414, 63.863101277486855, 30.98608434411939, 61.30235073160783, 36.216259096654184, 35.39076994432382, 44.717738246295895, 60.749689656086886, 62.90717075390156, 25.142538230820296, 60.46577229323116, 54.51292756561974, 77.31057078175002, 90.79533120751158, 13.484779978586047, 34.32289207174967, 36.15801067960065, 46.43315630156127, 33.98292597359097, 60.692427313583096, 56.53282086352728, 39.11078203777042, 29.143161294487, 49.227742563477186], [77.10659233056651, 48.38570042305482, 43.210514076929854, 11.956367891273391, 35.17001955038893, 32.09465943120749, 22.437267805805703, 32.83072043908367, 21.349848714304333, 39.32865050147716, 22.35332025202618, 45.03231009017871, 34.26680238102647, 30.530793962263076, 0.0, 35.33870390500153, 35.48277718412545, 65.32944362981992, 62.41498768673577, 15.083164201592055, 66.68318936380444, 65.4475878982235, 66.65389058133528, 41.27607257200941, 15.828982133889452, 71.78328891216528, 80.16317799412941, 6.580842361625996, 44.96207101327335, 51.575247783951376, 11.243093366073046, 33.70327082496849, 58.43512486448521, 21.39050965447874, 36.86353955324761, 57.04609417735519, 58.220405491850336, 28.524158191402847, 83.13315101202481, 50.2588091512158, 63.32399748325462, 59.89784942017892, 38.401347874530146, 55.73660647658957, 62.23467697926471, 60.206358617743525, 53.08776311585206, 30.132407074834042, 75.86771673411275, 58.033328144678755, 74.5962078571167, 41.85535649860115, 14.288717756300976, 33.28446345345973, 68.99221644888081, 52.155912297974965, 47.69996590507274, 71.51253994442426, 39.34836787154519, 49.2884308784936, 60.18817365073781], [91.94467063805233, 81.07185889031524, 57.3441768960504, 44.41140766097067, 70.48643073863552, 54.37271269405552, 57.65147774268877, 41.830874090827656, 45.78484291848812, 62.98935605473686, 56.85819608009383, 47.425461053839534, 58.282021908860656, 29.734158993031954, 35.33870390500153, 0.0, 68.52535749329837, 84.32552420969039, 65.78251578432938, 36.73096473752442, 80.73980175124379, 100.36314458915966, 95.42357718582717, 65.92286238721945, 20.59538535060371, 73.64211241239487, 92.1608194197881, 34.32297787651121, 9.932006319498674, 21.356201965944905, 40.80772199835032, 3.1609479855948774, 60.50729606103936, 48.500676454081976, 71.3855629582499, 62.3101653688412, 75.37891074249498, 45.766994196966515, 93.22676720129596, 19.693428545743185, 88.54581786023216, 65.0343187927455, 61.71520231138543, 73.87755692968972, 87.7921494870722, 88.38550895750119, 52.12764701110572, 60.77505123331348, 83.53560656687014, 93.11915907638578, 109.18035746128554, 41.73463386082782, 25.99627423622285, 60.00753017247342, 75.28290065486289, 63.71661243844679, 80.70709793231025, 86.25923359246029, 64.63024811002003, 19.93368606311706, 78.4770224465384], [59.15276405583637, 12.902939352379265, 66.86969187794612, 34.56482416865103, 19.560384548844397, 25.163865679911858, 16.77465175004244, 62.81074800749866, 45.683207508509426, 54.917854496412644, 13.89029111376053, 52.0454867258657, 22.181113057040143, 49.807195621298014, 35.48277718412545, 68.52535749329837, 0.0, 44.765775451663046, 61.18012629833839, 32.840380741863484, 52.02891101005749, 33.63832382132159, 33.43802001401774, 22.009565626588888, 47.955818231564486, 69.46891854768567, 64.93637199042412, 34.36516026085159, 77.21999093450094, 79.81197259520692, 38.65790960267231, 67.57740535911748, 59.878915025676065, 42.679795401702634, 28.594975822760798, 55.69343200181779, 42.20369535718312, 32.484369530074666, 69.52026435945643, 78.90736567051577, 34.833175011363466, 57.64107247676496, 23.71018390332898, 39.29185507898739, 33.48164591987128, 28.27443345424975, 59.51204790467641, 39.29787368239896, 66.38311820876868, 27.765304789101297, 41.318357501353844, 52.9143578639136, 49.603055369448235, 17.239111603984444, 62.695409683021126, 45.73052100918823, 12.279994476579642, 54.82309339615564, 20.33667436713646, 77.37928664879166, 42.0036748025496], [14.499894222304015, 42.46180532661917, 106.3735980340869, 71.45392274339797, 64.32155443857594, 33.31098010210567, 58.30003774139507, 98.04820862710615, 83.67889444979396, 97.15770500295913, 53.680814207163024, 41.53596703465421, 31.197655502235914, 55.09455077586138, 65.32944362981992, 84.32552420969039, 44.765775451663046, 0.0, 34.11485664540016, 52.34707368115699, 11.736670023451293, 64.1948418966909, 29.99760747556742, 25.209098959971183, 68.3261485737811, 37.52411945098185, 21.08745992034182, 60.01419496409913, 89.29803984668396, 84.28322318889535, 74.11350110923982, 85.10656019130614, 37.02574604774034, 81.76064026866291, 73.34701558388755, 31.721355892322986, 9.253295741978699, 39.543441429920456, 26.21980449279102, 84.24803754032905, 16.9447496296147, 31.20994181403263, 27.08909975854919, 10.452908014078883, 17.80452194168338, 26.02689230887786, 43.28593041346837, 82.17719569212376, 27.15807106072297, 63.02495858873702, 65.57741565749907, 46.67632307614448, 78.01904490121095, 33.433329924779, 28.392981459951226, 23.163369444287532, 43.94894590807305, 11.24889292979192, 27.318730846975434, 82.21463264787295, 5.866851317139685], [32.41277481618766, 65.64303426801133, 105.41038306418581, 72.76144120661844, 78.49611615860017, 37.28276338961417, 67.40528049984079, 93.19691925836324, 83.71863178352642, 100.99695422722282, 62.78487259220728, 18.94946044260575, 39.23824136177841, 37.551408986925765, 62.41498768673577, 65.78251578432938, 61.18012629833839, 34.11485664540016, 0.0, 47.3760798608334, 23.61098729267953, 90.17440321136247, 61.81735205925522, 40.082780972103734, 57.078809938014246, 9.382750588454396, 29.31190810346094, 55.84803268779625, 67.37796659301344, 58.2877425886538, 73.49122980726169, 67.66414735446068, 5.335041831084676, 83.28815036473925, 86.08103581889597, 5.694081171356211, 26.799970555777307, 34.94530636695607, 28.712582649500156, 58.78022913873689, 49.03818561206079, 3.613355097074036, 37.518754672530186, 28.265164616160305, 49.38036041807517, 56.03376216791771, 14.003207905577966, 88.68653873667049, 18.338387101749543, 86.68058949371448, 94.1134635810278, 24.27734211524373, 70.46132313977235, 44.10637257148593, 10.07015097826156, 15.796863591511535, 66.66501827108071, 28.13569208356092, 41.287569287827374, 56.736327358750515, 30.036850053806834], [63.16780957682505, 44.85082278551569, 58.27142695508416, 25.694670806727085, 40.54359976498442, 19.356487969168136, 26.845397805031357, 47.206237469436125, 36.34273111960105, 53.87027723350898, 23.94757154740634, 30.439465163459076, 22.618118469357732, 19.045816193040757, 15.083164201592055, 36.73096473752442, 32.840380741863484, 52.34707368115699, 47.3760798608334, 0.0, 52.43633364470429, 66.08896679237468, 58.893894610720416, 30.265523454601215, 17.09796889952295, 56.753088033329306, 65.72328594676452, 8.597587897619187, 44.773294631224616, 47.07885878041162, 26.11866433890602, 36.353361573641465, 43.511761223816954, 36.016492464502846, 45.173136067011924, 41.97544979958523, 44.53646618003764, 13.731365616731344, 68.45403769923969, 46.122262556702786, 53.09972132360349, 44.82065442720579, 26.51823007386109, 42.27942884860415, 52.19493738660697, 51.938632785859554, 38.64605849331555, 42.87766505751276, 60.907957827797645, 59.48930682396349, 74.14159144915101, 27.943746911841632, 25.79492106457702, 23.508556398066055, 53.9327220130907, 37.29229967005492, 44.66105303017962, 57.478813404203, 28.68538251866407, 44.6489555830473, 46.87717454916331], [11.212117408374201, 51.92559273465508, 109.1884014658994, 74.42440104220255, 71.3952332397138, 35.088605348946416, 63.53147913225523, 99.45101975309419, 86.4919034292585, 101.43876042983061, 58.75196470533474, 34.87944869141671, 34.34834182191293, 51.009594649361304, 66.68318936380444, 80.73980175124379, 52.02891101005749, 11.736670023451293, 23.61098729267953, 52.43633364470429, 0.0, 74.7795096390007, 41.62726791257104, 30.478935868594377, 66.91371358971139, 25.939242646345704, 13.664593588095395, 60.7436149329635, 84.55891693129203, 77.93212852318517, 76.49811313003634, 81.9274311203657, 27.345708392268687, 85.03441170515977, 80.13222460424639, 22.4438303697863, 9.845858160982244, 38.78784841457648, 17.62665272170938, 78.1014944266667, 28.510645064388115, 21.222004275302986, 30.684299386345543, 12.773779499392054, 29.25597959793914, 37.20591055824328, 34.720502458117565, 87.10461202606184, 15.775263762023734, 72.9761961688573, 76.77030595538345, 40.495272346970175, 78.13567093870788, 37.88035665852147, 16.780094668570943, 17.03499742922294, 53.30084607932236, 5.538621769363819, 32.46425934426664, 76.0378652501954, 10.573278618063123], [77.87117158674744, 24.712243744851815, 83.15932120101624, 59.89995397885082, 32.424498083738264, 57.586642799805325, 43.06652883892275, 84.88089061501147, 67.39903963380793, 67.75465183647938, 43.51175587621622, 84.3446907261553, 53.88103504824546, 83.44546489197567, 65.4475878982235, 100.36314458915966, 33.63832382132159, 64.1948418966909, 90.17440321136247, 66.08896679237468, 74.7795096390007, 0.0, 37.035032647572045, 50.47559750173161, 79.87051384786135, 97.23454679544454, 85.08010395270159, 66.14069885467684, 109.55270560098324, 113.16756793850747, 64.37510424095991, 99.00702584917299, 90.0186459077152, 63.64012454353866, 37.31397354190102, 85.18712322965133, 66.0929957488696, 65.76985472105653, 90.32875375217552, 112.19577976432987, 48.03344637783651, 86.5631006565227, 53.90112047198935, 63.625742427556446, 46.88143662082409, 38.444560775605595, 91.20055983336782, 54.0269848752189, 90.50560531249576, 7.820042088161014, 10.033235439319636, 85.89046761159157, 78.28460438287124, 49.22680514632119, 89.12595082825173, 74.4004655468759, 23.93363876465078, 75.44373475550563, 49.6904343614894, 110.73787991502023, 64.28134841255137], [42.13751703220863, 23.079562521486498, 100.18499567239601, 67.7499951006854, 49.4831255739792, 41.63198645542573, 50.21266278751418, 96.07346241314333, 79.10215602111185, 87.53849931681054, 47.01384635496242, 62.93095725156106, 37.46925940583063, 70.04352515050935, 66.65389058133528, 95.42357718582717, 33.43802001401774, 29.99760747556742, 61.81735205925522, 58.893894610720416, 41.62726791257104, 37.035032647572045, 0.0, 30.18079559134717, 75.90352270293765, 66.80763264704136, 49.63579931198747, 63.68627697004232, 102.69114384281374, 101.5055182073088, 71.65313802985165, 95.2218801420317, 63.40714279172229, 76.11706105800756, 58.35214532336007, 58.031586075548155, 35.112761452871965, 50.9180233242829, 54.979228168245946, 101.02870981070899, 13.129207055109907, 58.440753304609174, 34.65295940481191, 33.5735298701623, 12.5296426975749, 7.139363135553093, 67.5003355706945, 71.87568089562564, 57.15047309571782, 38.24155361859711, 36.38754759013961, 66.60586504513257, 80.91577022180685, 35.427705919799514, 57.8563799521136, 47.43003088463413, 24.622700355525996, 40.814530922240394, 31.092455509638143, 99.1699883007149, 32.19374548326342], [38.80067006285606, 25.77417105178418, 81.26317154804426, 46.39919700583585, 41.036578843716164, 11.58942187254516, 33.34599076730918, 73.55116941151807, 58.621599563632905, 71.99359662831938, 28.63881028373923, 34.83685529796737, 7.690170496180173, 39.86759440351194, 41.27607257200941, 65.92286238721945, 22.009565626588888, 25.209098959971183, 40.082780972103734, 30.265523454601215, 30.478935868594377, 50.47559750173161, 30.18079559134717, 0.0, 47.295839192258704, 47.89374201426679, 43.81850252939207, 36.71413210180118, 72.75814082943585, 71.3469365623443, 49.26980014988347, 65.9984636239826, 39.57306980739017, 56.60060178564878, 49.6763479212577, 34.87040663738871, 20.65434216159339, 20.75678701584299, 48.100223328819304, 70.85366815622191, 22.842907650673286, 36.479256900767794, 4.48656143607401, 17.728935570907055, 21.97483985852588, 23.042344714663255, 41.01750382840707, 57.16072178032994, 44.4062578322106, 46.61973299826071, 55.45425576394362, 37.56003905174602, 54.80135603003098, 8.28917185208791, 40.771958541029186, 24.32455372405145, 26.686232402301858, 33.89862288516267, 2.110164124492358, 69.00316452340134, 21.155602500732325], [77.98780630238154, 60.56989405861202, 50.6875942103055, 26.822241211319493, 50.71169630818021, 36.116367415493876, 37.471546710139314, 36.85384262732348, 32.48516690083433, 51.12501548670608, 36.36319570682037, 38.253747753161214, 39.61760393729901, 20.272948027862295, 15.828982133889452, 20.59538535060371, 47.955818231564486, 68.3261485737811, 57.078809938014246, 17.09796889952295, 66.91371358971139, 79.87051384786135, 75.90352270293765, 47.295839192258704, 0.0, 66.07669579674817, 79.59498958065254, 13.746339392891494, 29.707032730062675, 35.77094068358881, 24.359206718990183, 19.678718529506316, 52.32515415536507, 33.99009556427733, 52.69001980094569, 52.38989899028629, 59.97377621177814, 28.785236004233795, 81.6473072541701, 34.43781007453732, 70.13864793546182, 55.30369903587295, 43.41175986923877, 57.99781508937429, 69.25594562098404, 68.9886305785205, 45.32718498592857, 44.749847948037036, 73.01718542096162, 72.71238856246933, 88.60883956508884, 33.60375199636171, 14.140526833265675, 40.58300069378115, 65.28135524991043, 50.53553749616286, 60.16611893642419, 72.23233614284193, 45.76152868409466, 33.50560831608142, 62.654365369341605], [31.996036835579435, 72.99398539559212, 114.73853394364134, 82.14059577668829, 87.24360699796748, 46.18973050322758, 76.46808827890075, 102.39337280555687, 93.0945968578531, 110.37396336094307, 71.80349572102563, 27.823379836708366, 47.8403889380253, 46.253363753014646, 71.78328891216528, 73.64211241239487, 69.46891854768567, 37.52411945098185, 9.382750588454396, 56.753088033329306, 25.939242646345704, 97.23454679544454, 66.80763264704136, 47.89374201426679, 66.07669579674817, 0.0, 26.935737001682625, 65.2128826164403, 74.44218248394658, 64.26952350641648, 82.86997371957368, 75.6983779678658, 13.75166922958971, 92.67078086543772, 95.01031229314493, 14.953063731658087, 31.90350258400868, 44.287154294843496, 24.678305590478168, 64.94404832747354, 53.733228282032805, 12.33235982512215, 45.7640695188332, 33.96219788131865, 54.279730879013705, 61.5973937740535, 21.552415262655405, 97.98724801223041, 14.52299130068795, 94.19663225386607, 100.53452596785051, 32.800283018312946, 79.61068278537587, 52.61967346123186, 9.159635226154037, 23.74018605195859, 74.11672258098757, 29.09958793317594, 49.28728884466493, 62.94943452895051, 34.618632401656335], [7.578553141001947, 63.51849155518285, 122.80446158330003, 88.07389971919554, 84.43840551038413, 48.73316164665804, 77.04794742740907, 112.86250449510354, 100.12273585244597, 115.09186027582545, 72.28372332924835, 45.04792950791219, 47.99705630143972, 62.546801970078505, 80.16317799412941, 92.1608194197881, 64.93637199042412, 21.08745992034182, 29.31190810346094, 65.72328594676452, 13.664593588095395, 85.08010395270159, 49.63579931198747, 43.81850252939207, 79.59498958065254, 26.935737001682625, 0.0, 74.12624840029338, 95.12057555442719, 87.14555977930596, 90.10031584632634, 93.59048258654117, 34.29483678497837, 98.69200137765063, 93.2966648115518, 30.685403535682603, 23.223835508063843, 52.00589325320624, 5.345807430299781, 87.51466163673108, 37.19729593250539, 28.43726985504948, 44.285229361685026, 26.123234909356828, 38.26738706061619, 46.68294258980956, 42.7635884513076, 100.69624997913787, 12.447621376975691, 84.10097813620123, 85.88611567477516, 50.81172759257584, 91.28271451379295, 51.427714480280144, 19.48202759608449, 29.06756180678317, 64.98943595454415, 10.140235021795089, 45.85232390881818, 85.45243550276116, 22.93436690906274], [71.3374718591463, 47.10281321122515, 49.68707478236397, 17.989668712828497, 37.63210030472261, 26.71118603194, 24.084225344164306, 38.73731789218621, 27.930142755595252, 45.810558487464455, 22.65166286145011, 38.47671267411033, 29.353928654958896, 24.593664553058815, 6.580842361625996, 34.32297787651121, 34.36516026085159, 60.01419496409913, 55.84803268779625, 8.597587897619187, 60.7436149329635, 66.14069885467684, 63.68627697004232, 36.71413210180118, 13.746339392891494, 65.2128826164403, 74.12624840029338, 0.0, 43.41315794414664, 48.31792608055796, 17.791068273425342, 33.23322414049805, 51.854307945582406, 27.877087107741215, 40.686436214398945, 50.497559125683544, 52.55461560088976, 22.237106794317125, 76.95633515439611, 47.13036162156507, 59.25457662442397, 53.35683082310092, 33.442795109677746, 50.174310570834976, 58.241789266128464, 56.979384547861535, 46.561127615423246, 35.88352187241079, 69.49794107669459, 59.02857588739884, 74.86409312442846, 35.417441035462886, 18.121918939904702, 29.11268554482864, 62.525862702624416, 45.85188580801188, 46.62385963052205, 65.68924240919766, 34.91010968546972, 45.94993615782294, 54.70580108886835], [95.66070663157133, 89.55059275892141, 65.92899936389988, 54.31358913922575, 80.13081990278302, 61.17464503370082, 67.11106776686984, 50.4286720599987, 55.57814341493131, 72.48670306142341, 66.05941445667682, 50.08488056459941, 65.25772176327416, 34.229941878317625, 44.96207101327335, 9.932006319498674, 77.21999093450094, 89.29803984668396, 67.37796659301344, 44.773294631224616, 84.55891693129203, 109.55270560098324, 102.69114384281374, 72.75814082943585, 29.707032730062675, 74.44218248394658, 95.12057555442719, 43.41315794414664, 0.0, 14.329740725901493, 50.73757504286111, 12.507243642281594, 62.042963748055556, 58.36569440705532, 81.24527315805241, 64.61881611553571, 80.15249109907687, 52.13511627858562, 95.6490929229188, 12.74875196842128, 94.99134358599036, 67.15641338321042, 68.40662739449573, 78.94176824267188, 94.33525592019781, 95.58554315376682, 53.397890218007, 70.68747697152033, 85.57760060761875, 102.41896449328095, 118.18971472733449, 44.32765558797006, 35.907534450133944, 67.47594192214221, 77.24587583915333, 67.58865190384218, 89.28121105229235, 90.09592156710806, 71.64520835124307, 13.886158780837421, 83.43282141829104], [88.68754497719348, 91.33194451770147, 78.6913372854043, 62.393155584330366, 85.9495863483171, 60.1132103020788, 72.36099303027059, 63.18363871330228, 65.87198424211905, 83.70490181529513, 70.41652228726822, 43.10190565014524, 64.36331039875212, 31.50114113533909, 51.575247783951376, 21.356201965944905, 79.81197259520692, 84.28322318889535, 58.2877425886538, 47.07885878041162, 77.93212852318517, 113.16756793850747, 101.5055182073088, 71.3469365623443, 35.77094068358881, 64.26952350641648, 87.14555977930596, 48.31792608055796, 14.329740725901493, 0.0, 59.44378141488409, 24.502669611755593, 53.04819107295371, 68.19200863896843, 88.43193965550924, 56.49939765383004, 75.03047121727143, 50.74257492498759, 86.99012744295194, 1.6707851184678433, 92.34665467611266, 58.71877727095253, 66.86422549293512, 74.3027459648811, 91.88090301249731, 94.37432548875462, 44.43000348826102, 79.88994240825123, 76.61595767716264, 106.50147615163681, 121.12554096204374, 37.66745262393217, 45.733666727125566, 67.48036118224712, 68.3516447523496, 61.4914702317435, 91.3168061016231, 83.3856566864503, 70.61192306310609, 2.4327007740226296, 78.51559795264392], [86.57986129377024, 51.15417221581546, 32.71658967915025, 4.479771819621948, 32.218518613720846, 41.4611559198629, 22.593068616976574, 24.607380665790647, 10.252134324837954, 28.115456075140134, 24.77806679988459, 56.26633928613205, 42.94619055360726, 41.47267451700762, 11.243093366073046, 40.80772199835032, 38.65790960267231, 74.11350110923982, 73.49122980726169, 26.11866433890602, 76.49811313003634, 64.37510424095991, 71.65313802985165, 49.26980014988347, 24.359206718990183, 82.86997371957368, 90.10031584632634, 17.791068273425342, 50.73757504286111, 59.44378141488409, 0.0, 38.50745682104205, 69.60045502603609, 10.201764895354962, 31.104187610407585, 68.0642629930163, 67.63010096584577, 39.15829218392377, 93.32246000243852, 57.98982481181928, 70.13881089652575, 70.89182070426894, 47.0308408535106, 65.00119749864389, 68.94459097660398, 65.73927962040167, 64.3307097665478, 20.474337319137792, 86.4503180105482, 56.63169191870977, 74.0673879482826, 53.079177344674946, 15.159562684075848, 41.001741050600636, 79.79196899057249, 62.67099037124789, 50.16098679239917, 81.10463307073572, 47.219091332267226, 57.30297709170421, 69.28569126572194], [93.13952116315964, 80.23665627281365, 54.214418216397505, 42.24956641133983, 68.73081813117696, 54.514598937634275, 56.1191736457886, 38.696442031169035, 43.07224767946692, 60.073323726584164, 55.56354951520329, 49.11039775203438, 58.32324029334923, 31.045867147455677, 33.70327082496849, 3.1609479855948774, 67.57740535911748, 85.10656019130614, 67.66414735446068, 36.353361573641465, 81.9274311203657, 99.00702584917299, 95.2218801420317, 65.9984636239826, 19.678718529506316, 75.6983779678658, 93.59048258654117, 33.23322414049805, 12.507243642281594, 24.502669611755593, 38.50745682104205, 0.0, 62.42446358647381, 45.88591204161606, 69.30237361166563, 64.01367408832272, 76.25632845376425, 46.1593793876718, 94.81168467500942, 22.837741512776766, 88.73270978233816, 66.77852300625425, 61.872975449340736, 74.65397656582805, 87.93817057683759, 88.2291901911892, 54.15071905551891, 58.2661313145979, 85.24734257416179, 91.67919350339058, 107.95360998929719, 43.48301468224134, 23.515272272059995, 59.79876014403844, 77.0371809470271, 64.94373226095645, 79.81236670165669, 87.4274253501856, 64.6266439119532, 23.094569013824785, 79.27951086499868], [36.8814924423048, 65.33936981494274, 101.20384963083222, 69.10557713356887, 76.47459307412963, 35.269673138448184, 64.8618561509043, 88.69258371641855, 79.78261070238588, 97.33920115541629, 60.35064884050528, 14.071712844334396, 37.715833787585304, 32.55375759414814, 58.43512486448521, 60.50729606103936, 59.878915025676065, 37.02574604774034, 5.335041831084676, 43.511761223816954, 2