instance_id,num_cities,city_coordinates,distance_matrix,best_route,total_distance
2428,40,"[[58.308351177203534, 26.232823256556316], [32.873255893715246, 43.07375018012457], [22.63948233605262, 89.27979445384456], [83.22725755130168, 61.30335504977088], [19.43145101370022, 15.827666635074355], [50.82747712594974, 96.08475494760097], [58.45513256397958, 61.56345055258935], [7.970869632932609, 41.259974838061375], [4.836516981773842, 72.9590128591184], [48.13921987602191, 1.6536513689227261], [46.413047900218544, 17.500251659040302], [34.57840265226954, 6.584845228837932], [55.834113037530464, 34.10621701754559], [5.382229677349359, 77.45743149754078], [94.57603432258269, 84.92101868664876], [90.3276388642748, 3.141846326357478], [98.20664838543233, 1.8643489033979166], [16.672716137853016, 29.73325094042488], [35.51327369580104, 87.13681893061913], [33.376081680823944, 8.647570708664066], [10.223743844315647, 0.216733714540307], [30.582187578959584, 28.70597253187147], [19.316513825056713, 89.04839651510463], [83.30814958982786, 92.42644055795361], [15.668576302433724, 6.977598676510266], [20.57638823695649, 39.53976524023497], [52.287230482293964, 79.98409999338392], [86.89571675814685, 8.561396121534404], [62.68104952458275, 26.83125834601484], [79.94063719382275, 90.70027387478149], [1.237942558126548, 68.05986836708551], [76.13770803817546, 47.446878343335385], [64.99912275800081, 90.73246410313925], [5.133679929974, 32.692173784927306], [16.635917911750276, 55.14060790790237], [17.105102977544885, 39.86305586868879], [8.081514939661416, 57.140929952668316], [67.19472604482606, 34.4067706274251], [69.52375505217016, 80.94281889278004], [85.79314384684568, 6.007905505314925]]","[[0.0, 30.50509615990571, 72.43748188306189, 43.022018724601274, 40.24525625015418, 70.25137605443106, 35.33093219696727, 52.532631124600506, 71.01108256461174, 26.59975417372328, 14.756559448502664, 30.80833487181223, 8.253010583259764, 73.6555145692409, 68.9902103459204, 39.47692996648053, 46.751434870137366, 41.78252145455066, 65.03008724005686, 30.509984749475883, 54.67144023543015, 27.836246428255727, 73.9334810751957, 70.7572250170659, 46.78583199002729, 40.00969547848578, 54.087462921287894, 33.60828480965506, 4.413458439077923, 68.00005873172552, 70.75686003933937, 27.711407385782188, 64.8457407520694, 53.56555676457872, 50.71737086750706, 43.39920394734808, 58.974961958199835, 12.073983348905442, 55.84772964583462, 34.12420147252817], [30.50509615990571, 0.0, 47.32577150617289, 53.55225463634234, 30.38142832350467, 55.968926079686625, 31.564242963140092, 24.968352418065002, 40.97789226166752, 44.14379052413611, 28.936651399000365, 36.52872445093366, 24.649900847683835, 44.02265397913389, 74.55485730184883, 69.96830045037697, 77.24420320038932, 20.986338612194853, 44.142085606664985, 34.42985139052142, 48.47395441272827, 14.54929649751213, 47.931757334179096, 70.56462675922009, 39.98666219141747, 12.794608384909877, 41.70463202886647, 64.1056070910691, 33.945884907032635, 66.95986963612927, 40.312518550614726, 43.48490622379397, 57.475423744219185, 29.618595562542936, 20.230180428335114, 16.09171228767212, 28.504665693285613, 35.39886789009644, 52.70033637205483, 64.60953012078787], [72.43748188306189, 47.32577150617289, 0.0, 66.73499582125824, 73.52215003704768, 28.997767803692284, 45.28748746068666, 50.210270608377414, 24.15188372091093, 91.26104079258857, 75.61405413985439, 83.55233357389487, 64.38949568467496, 20.918437685374702, 72.06848435966609, 109.55105039114305, 115.55023455414371, 59.84474198506967, 13.05093284280769, 81.34390002687967, 89.92429788743529, 61.09234378226628, 3.331015570531522, 60.7502145515043, 82.59688226985452, 49.78279686229432, 31.070869084162993, 103.17133076315638, 74.18319732206535, 57.318758795175064, 30.138201140639914, 67.91209777045746, 42.38454182584411, 59.23353721372664, 34.663047237878395, 49.72568156674677, 35.28230471694495, 70.68393371766311, 47.619745795468816, 104.51120729986845], [43.022018724601274, 53.55225463634234, 66.73499582125824, 0.0, 78.34502644439937, 47.53410933702023, 24.773490389085147, 77.8797856496228, 79.25252403556382, 69.20446182952976, 57.21885964341595, 73.21766453534705, 38.6014077916372, 79.50347508490938, 26.202838965827183, 58.593314565514305, 61.29745183472311, 73.66259876103611, 54.258567170964504, 72.5104913805337, 95.18974902645738, 61.920051190313536, 69.67331260644099, 31.123190631288928, 86.69177133738246, 66.32333878236902, 36.14215691791588, 52.869384567441955, 40.13068795112186, 29.58007284944474, 82.26723676687544, 15.564821200870172, 34.61700965880493, 83.16974545511167, 66.87589974964597, 69.51133543854624, 75.26093551998856, 31.31243075991558, 23.947745630529983, 55.35495021048375], [40.24525625015418, 30.38142832350467, 73.52215003704768, 78.34502644439937, 0.0, 86.17952587503456, 60.12162383275453, 27.89529039312762, 58.966115869776225, 32.01622560230338, 27.033388822139383, 17.744291800146325, 40.734005529848794, 63.21082610724747, 102.08133863928498, 72.02221524397187, 80.00316220644717, 14.176596664518131, 73.10006991711931, 15.684594414741527, 18.124102680313577, 17.034954908049848, 73.22082009047489, 99.73767987813751, 9.616804508977587, 23.73972412447242, 72.08016499528898, 67.85444598265656, 44.627422084337454, 96.2666553228696, 55.31009535063686, 64.92591266033678, 87.67634454017886, 22.10967795717701, 39.41221075815111, 24.147708603440464, 42.843981780801165, 51.24952240614103, 82.15364859473196, 67.0842901455049], [70.25137605443106, 55.968926079686625, 28.997767803692284, 47.53410933702023, 86.17952587503456, 0.0, 35.35394722820006, 69.58768080536885, 51.47784340982235, 94.46936037747291, 78.70839435853581, 90.96299390916033, 62.18042752424949, 49.11463829224117, 45.15047357549158, 100.9883510130285, 105.46217703219423, 74.62620037338307, 17.7366960188187, 89.16172043324397, 104.112154197042, 70.35461654125966, 32.287012065856906, 32.6860420956596, 95.79265945696682, 64.12849787712088, 16.166693224531485, 94.66391208038044, 70.26061464402042, 29.606903342989906, 56.96065489883422, 54.82928806214751, 15.148681698555187, 78.14436927030077, 53.343096069749905, 65.5597282294913, 57.82593525804432, 63.812699260980324, 24.05886605355213, 96.62523818695112], [35.33093219696727, 31.564242963140092, 45.28748746068666, 24.773490389085147, 60.12162383275453, 35.35394722820006, 0.0, 54.41407841525491, 54.81619083112527, 60.791463979845304, 45.67906850825278, 59.93951346667386, 27.58204881360265, 55.401729675996236, 43.0150616992686, 66.55028548570496, 71.72283979196375, 52.5255359778126, 34.35587371215926, 58.55808341174297, 78.03644356731729, 43.08729422950471, 47.82524157129945, 39.62570639570125, 69.35635963456902, 43.81600148951976, 19.425842115849367, 60.15051623401106, 34.98833447925678, 36.201952744398355, 57.58480942563231, 22.626336122751184, 29.894065617971897, 60.6360283428544, 42.30956891493507, 46.69830913679943, 50.56738119596212, 28.528332562003577, 22.317578745259606, 61.91756977144575], [52.532631124600506, 24.968352418065002, 50.210270608377414, 77.8797856496228, 27.89529039312762, 69.58768080536885, 54.41407841525491, 0.0, 31.853621112869494, 56.410612653946025, 45.19209571902483, 43.70726972474429, 48.3948997329509, 36.28990114941803, 96.98835652216034, 90.75036726900518, 98.46070845699826, 14.44255851321156, 53.509521072937694, 41.339977047616436, 41.1050250472592, 25.862611491497585, 49.11676789567059, 91.0698246707905, 35.135964527130454, 12.722351211031954, 58.85148857909961, 85.43025543576087, 56.580841663805025, 87.31546605045904, 27.632708882078255, 68.44702793511246, 75.49668104347434, 9.025345439187333, 16.363222057217353, 9.240432966090914, 15.881340552234924, 59.61905380202922, 73.23582330871216, 85.43427155460648], [71.01108256461174, 40.97789226166752, 24.15188372091093, 79.25252403556382, 58.966115869776225, 51.47784340982235, 54.81619083112527, 31.853621112869494, 0.0, 83.42408917809652, 69.3129289314748, 72.73314163329815, 64.11157889315362, 4.531398525027141, 90.53325662970046, 110.3773919939763, 117.35600828808586, 44.81698454731135, 33.794579261957026, 70.35956469935344, 72.94149291326723, 51.197374275481536, 21.645751892946535, 80.85034239496319, 66.86464332263485, 36.94035271274451, 47.967927419813186, 104.31090695329733, 73.98486116441136, 77.17111645720685, 6.078762590885142, 75.72799253653099, 62.73304315039471, 40.26793556720516, 21.371041558891058, 35.29675015419969, 16.147500072210033, 73.31317493222132, 65.1780632418551, 105.05439642999711], [26.59975417372328, 44.14379052413611, 91.26104079258857, 69.20446182952976, 32.01622560230338, 94.46936037747291, 60.791463979845304, 56.410612653946025, 83.42408917809652, 0.0, 15.940339094410863, 14.429568138377684, 33.35236720152271, 87.03087551344781, 95.34061147260084, 42.21465883978824, 50.06787184408738, 42.17350791195938, 86.41056910660234, 16.33600799159088, 37.94269435683724, 32.25023198960612, 92.02494152818807, 97.3475879227157, 32.90421111373091, 46.85154546259391, 78.44020125993495, 39.36728322022481, 29.07536246757176, 94.55491062404869, 81.29892662303243, 53.674341878558025, 90.66030665802634, 53.03646236147299, 62.07505581515637, 49.224739754467784, 68.43579333505758, 37.8929958766922, 82.12228949150304, 37.90484823191969], [14.756559448502664, 28.936651399000365, 75.61405413985439, 57.21885964341595, 27.033388822139383, 78.70839435853581, 45.67906850825278, 45.19209571902483, 69.3129289314748, 15.940339094410863, 0.0, 16.09984241169165, 19.09226423998347, 72.65253924140865, 82.85670212910897, 46.202327898472674, 54.10229668143343, 32.157947769624904, 70.48444210658413, 15.758567454397314, 40.10468452174189, 19.395471605274658, 76.50724927241059, 83.5175569063311, 32.49536520209837, 33.95987546282961, 62.75936044668408, 41.457805250411866, 18.75408122630058, 80.51299582195166, 67.80165915620024, 42.19426347367115, 75.55394839501591, 43.98614233939897, 47.99451936306255, 36.86530411795819, 55.14245002432508, 26.79008268248555, 67.52084213241756, 41.02274950417884], [30.80833487181223, 36.52872445093366, 83.55233357389487, 73.21766453534705, 17.744291800146325, 90.96299390916033, 59.93951346667386, 43.70726972474429, 72.73314163329815, 14.429568138377684, 16.09984241169165, 0.0, 34.774000763707974, 76.65076647233339, 98.67254875627157, 55.85545255088746, 63.80310917689076, 29.265377095482453, 80.55739848778933, 2.3875535854723413, 25.173443346319868, 22.479190556360468, 83.86395257389756, 98.70849874882167, 18.913904616752284, 35.80618885952833, 75.5053189060491, 52.35463789087313, 34.636339375594076, 95.56745083391993, 69.93400281077308, 58.28277287852111, 89.47760599147652, 39.35205586152351, 51.7648031775394, 37.586639979027325, 57.078916957644516, 42.87055031758257, 82.16012355005772, 51.21799073638084], [8.253010583259764, 24.649900847683835, 64.38949568467496, 38.6014077916372, 40.734005529848794, 62.18042752424949, 27.58204881360265, 48.3948997329509, 64.11157889315362, 33.35236720152271, 19.09226423998347, 34.774000763707974, 0.0, 66.51857132771167, 63.89898695227862, 46.352945712884186, 53.244434557043476, 39.40479462509245, 56.79067926002697, 33.94857646941238, 56.8225558778029, 25.822904171883415, 65.971040162975, 64.46759773933054, 48.468879441472176, 35.67394853953372, 46.01478590850291, 40.21642823904056, 9.990273416188781, 61.5143217345193, 64.29301883550227, 24.294221834824018, 57.36313504486152, 50.7201482209735, 44.485324560432986, 39.154532480729436, 53.01800283960267, 11.364587998424993, 48.79624548782625, 41.07381936065664], [73.6555145692409, 44.02265397913389, 20.918437685374702, 79.50347508490938, 63.21082610724747, 49.11463829224117, 55.401729675996236, 36.28990114941803, 4.531398525027141, 87.03087551344781, 72.65253924140865, 76.65076647233339, 66.51857132771167, 0.0, 89.50553011306879, 112.86509088850103, 119.71084681255249, 49.04153845836217, 31.64759634982581, 74.28628871990465, 77.3922841983214, 54.87934611057485, 18.124975717154417, 79.35061579128883, 71.2265102428288, 40.848645861704036, 46.97300452600132, 106.72915378003923, 76.46021294669531, 75.72535246283742, 10.270798825673118, 76.85682154949369, 61.07700411177295, 44.765947717585746, 24.99372149176939, 39.37972622220294, 20.49503295801547, 75.32691490120267, 64.23615183604691, 107.56834981576998], [68.9902103459204, 74.55485730184883, 72.06848435966609, 26.202838965827183, 102.08133863928498, 45.15047357549158, 43.0150616992686, 96.98835652216034, 90.53325662970046, 95.34061147260084, 82.85670212910897, 98.67254875627157, 63.89898695227862, 89.50553011306879, 0.0, 81.88944923434521, 83.13598350869097, 95.47050169032518, 59.10431002539229, 97.79096619731217, 119.5413100211224, 85.17830613031738, 75.37261222258627, 13.538706873882393, 110.91241433707242, 86.80671509258703, 42.5760037629922, 76.74489713444996, 66.26998047152973, 15.735140280470127, 94.8488153027171, 41.76461505438078, 30.142438446946283, 103.57503077026375, 83.43581132993783, 89.62123195299328, 90.84621738603303, 57.45803077020936, 25.366173740686207, 79.40036899837932], [39.47692996648053, 69.96830045037697, 109.55105039114305, 58.593314565514305, 72.02221524397187, 100.9883510130285, 66.55028548570496, 90.75036726900518, 110.3773919939763, 42.21465883978824, 46.202327898472674, 55.85545255088746, 46.352945712884186, 112.86509088850103, 81.88944923434521, 0.0, 7.981903952075551, 78.30804838063716, 100.29840503025686, 57.21706796571979, 80.15728464188672, 64.98494824139988, 111.45633783983394, 89.56010270636611, 74.75753218709539, 78.6768419888354, 85.74266510026101, 6.414796124970146, 36.40772093876052, 88.17237684476125, 110.233042113525, 46.52193030039619, 91.17921940148456, 90.17334690366127, 90.19058123196174, 81.91451026488076, 98.38864737917771, 38.89250759547017, 80.53442067804788, 5.364321045610131], [46.751434870137366, 77.24420320038932, 115.55023455414371, 61.29745183472311, 80.00316220644717, 105.46217703219423, 71.72283979196375, 98.46070845699826, 117.35600828808586, 50.06787184408738, 54.10229668143343, 63.80310917689076, 53.244434557043476, 119.71084681255249, 83.13598350869097, 7.981903952075551, 0.0, 86.16529352646725, 105.83880845189935, 65.18446499972302, 87.99833025291903, 72.75672105296388, 117.57853328271499, 91.77939698652838, 82.6963038256276, 86.28959547288447, 90.61615998774411, 13.144870319599075, 43.42136273239051, 90.69436989346858, 117.40858872710297, 50.643905044867424, 94.869814258546, 98.04556208231449, 97.42763388035823, 89.56205892330566, 105.72625071908382, 44.95273672341018, 84.11963377136699, 13.086793199359475], [41.78252145455066, 20.986338612194853, 59.84474198506967, 73.66259876103611, 14.176596664518131, 74.62620037338307, 52.5255359778126, 14.44255851321156, 44.81698454731135, 42.17350791195938, 32.157947769624904, 29.265377095482453, 39.40479462509245, 49.04153845836217, 95.47050169032518, 78.30804838063716, 86.16529352646725, 0.0, 60.41635728094839, 26.899968983219615, 30.212812394557933, 13.94735446956301, 59.374036082755175, 91.49162265339915, 22.77779635446059, 10.55492200680321, 61.591732095579715, 73.34519242997433, 46.09976466363446, 87.86243634354094, 41.31781502968215, 62.04722280227017, 77.82252619445177, 11.912370922971682, 25.4073836154428, 10.139028861967919, 28.722632310879483, 50.73771054457483, 73.59111470951873, 73.07889943540046], [65.03008724005686, 44.142085606664985, 13.05093284280769, 54.258567170964504, 73.10006991711931, 17.7366960188187, 34.35587371215926, 53.509521072937694, 33.794579261957026, 86.41056910660234, 70.48444210658413, 80.55739848778933, 56.79067926002697, 31.64759634982581, 59.10431002539229, 100.29840503025686, 105.83880845189935, 60.41635728094839, 0.0, 78.51833974401495, 90.52436983530774, 58.63854893468757, 16.309174080009726, 48.086695235644875, 82.57912936318145, 49.88577018765927, 18.235323262015815, 93.88425067433643, 66.14263890189379, 44.57004418355929, 39.22662829508476, 56.79468328514566, 29.704275098468475, 62.34692536458379, 37.149859773730725, 50.73134556886888, 40.647936528593846, 61.51562742101163, 34.56990712398114, 95.44614154577656], [30.509984749475883, 34.42985139052142, 81.34390002687967, 72.5104913805337, 15.684594414741527, 89.16172043324397, 58.55808341174297, 41.339977047616436, 70.35956469935344, 16.33600799159088, 15.758567454397314, 2.3875535854723413, 33.94857646941238, 74.28628871990465, 97.79096619731217, 57.21706796571979, 65.18446499972302, 26.899968983219615, 78.51833974401495, 0.0, 24.639597393571577, 20.25204503139578, 81.62085664000668, 97.53004890234382, 17.786077513434332, 33.4388970397261, 73.80062302840699, 53.51970445424077, 34.4880796278436, 94.34460200239398, 67.54762097455931, 57.74030621373257, 87.96559810830125, 37.09145715325106, 49.41493287484223, 35.20158038694122, 54.693884460615685, 42.51161120298253, 80.82856673333046, 52.48348538828533], [54.67144023543015, 48.47395441272827, 89.92429788743529, 95.18974902645738, 18.124102680313577, 104.112154197042, 78.03644356731729, 41.1050250472592, 72.94149291326723, 37.94269435683724, 40.10468452174189, 25.173443346319868, 56.8225558778029, 77.3922841983214, 119.5413100211224, 80.15728464188672, 87.99833025291903, 30.212812394557933, 90.52436983530774, 24.639597393571577, 0.0, 35.01575302185563, 89.29581614967091, 117.66036035693108, 8.680754318086027, 40.662981374848236, 90.17854307542663, 77.12473546914741, 58.82263034404656, 114.22660048446039, 68.43563066296866, 81.0884531694022, 105.79905284509555, 32.87191747399869, 55.29690708058946, 40.23908502775631, 56.96449123828671, 66.44284338433522, 100.16582330044558, 75.790974973625], [27.836246428255727, 14.54929649751213, 61.09234378226628, 61.920051190313536, 17.034954908049848, 70.35461654125966, 43.08729422950471, 25.862611491497585, 51.197374275481536, 32.25023198960612, 19.395471605274658, 22.479190556360468, 25.822904171883415, 54.87934611057485, 85.17830613031738, 64.98494824139988, 72.75672105296388, 13.94735446956301, 58.63854893468757, 20.25204503139578, 35.01575302185563, 0.0, 61.38504327034109, 82.70625801857125, 26.354089468347482, 14.747443335040135, 55.682629637928414, 59.80817274726828, 32.1535611011102, 79.24361139788192, 49.08985468761913, 49.25979085363841, 70.93525980609981, 25.75881095839522, 29.88793042507672, 17.49606578458071, 36.260544297395626, 37.05370523767927, 65.15469127395032, 59.694655864293956], [73.9334810751957, 47.931757334179096, 3.331015570531522, 69.67331260644099, 73.22082009047489, 32.287012065856906, 47.82524157129945, 49.11676789567059, 21.645751892946535, 92.02494152818807, 76.50724927241059, 83.86395257389756, 65.971040162975, 18.124975717154417, 75.37261222258627, 111.45633783983394, 117.57853328271499, 59.374036082755175, 16.309174080009726, 81.62085664000668, 89.29581614967091, 61.38504327034109, 0.0, 64.08073524396053, 82.15183081363668, 49.52465905228184, 34.193999887780016, 105.09569877700206, 75.83834939123528, 60.64662425100656, 27.701138115132807, 70.4225420302406, 45.71363956809141, 58.11348051621811, 34.01358144449288, 49.23502891682363, 33.82767539142802, 72.65005495531577, 50.85732454847668, 106.37135651198953], [70.7572250170659, 70.56462675922009, 60.7502145515043, 31.123190631288928, 99.73767987813751, 32.6860420956596, 39.62570639570125, 91.0698246707905, 80.85034239496319, 97.3475879227157, 83.5175569063311, 98.70849874882167, 64.46759773933054, 79.35061579128883, 13.538706873882393, 89.56010270636611, 91.77939698652838, 91.49162265339915, 48.086695235644875, 97.53004890234382, 117.66036035693108, 82.70625801857125, 64.08073524396053, 0.0, 108.97989013290787, 82.05043758929868, 33.42318448324304, 83.94174358750102, 68.76194577321881, 3.784149991126348, 85.61103154710322, 45.547516387442855, 18.38722436253032, 98.38409593786228, 76.38991944846441, 84.5325546209255, 83.09099722271556, 60.21565010184722, 17.94110083909712, 86.45425609593522], [46.78583199002729, 39.98666219141747, 82.59688226985452, 86.69177133738246, 9.616804508977587, 95.79265945696682, 69.35635963456902, 35.135964527130454, 66.86464332263485, 32.90421111373091, 32.49536520209837, 18.913904616752284, 48.468879441472176, 71.2265102428288, 110.91241433707242, 74.75753218709539, 82.6963038256276, 22.77779635446059, 82.57912936318145, 17.786077513434332, 8.680754318086027, 26.354089468347482, 82.15183081363668, 108.97989013290787, 0.0, 32.929945479887984, 81.67542511964581, 71.24474683683528, 51.03273891077954, 105.54801823616414, 62.76373842287045, 72.76179278732894, 97.20277926189968, 27.78890812149492, 48.1727226551736, 32.916817945040066, 50.73384772362578, 58.37211304371541, 91.49444835511795, 70.13127175616494], [40.00969547848578, 12.794608384909877, 49.78279686229432, 66.32333878236902, 23.73972412447242, 64.12849787712088, 43.81600148951976, 12.722351211031954, 36.94035271274451, 46.85154546259391, 33.95987546282961, 35.80618885952833, 35.67394853953372, 40.848645861704036, 86.80671509258703, 78.6768419888354, 86.28959547288447, 10.55492200680321, 49.88577018765927, 33.4388970397261, 40.662981374848236, 14.747443335040135, 49.52465905228184, 82.05043758929868, 32.929945479887984, 0.0, 51.39379076827717, 73.19776423331545, 43.980775909778735, 78.3677975826698, 34.45826118130813, 56.12114303610137, 67.77958217040869, 16.892801679808727, 16.090792346094783, 3.486307241574437, 21.58524630273341, 46.900075198913875, 64.1097306958827, 73.33219504121205], [54.087462921287894, 41.70463202886647, 31.070869084162993, 36.14215691791588, 72.08016499528898, 16.166693224531485, 19.425842115849367, 58.85148857909961, 47.967927419813186, 78.44020125993495, 62.75936044668408, 75.5053189060491, 46.01478590850291, 46.97300452600132, 42.5760037629922, 85.74266510026101, 90.61615998774411, 61.591732095579715, 18.235323262015815, 73.80062302840699, 90.17854307542663, 55.682629637928414, 34.193999887780016, 33.42318448324304, 81.67542511964581, 51.39379076827717, 0.0, 79.36592436727368, 54.15954255229763, 29.657162463890117, 52.4234403434395, 40.34248470716689, 16.646907708792398, 66.78310874911635, 43.453598090422744, 53.36178667751067, 49.758976116326906, 47.95337710818714, 17.263166603378565, 81.2103662184173], [33.60828480965506, 64.1056070910691, 103.17133076315638, 52.869384567441955, 67.85444598265656, 94.66391208038044, 60.15051623401106, 85.43025543576087, 104.31090695329733, 39.36728322022481, 41.457805250411866, 52.35463789087313, 40.21642823904056, 106.72915378003923, 76.74489713444996, 6.414796124970146, 13.144870319599075, 73.34519242997433, 93.88425067433643, 53.51970445424077, 77.12473546914741, 59.80817274726828, 105.09569877700206, 83.94174358750102, 71.24474683683528, 73.19776423331545, 79.36592436727368, 0.0, 30.333776140364396, 82.43281124836729, 104.29440292008138, 40.34619535025553, 85.03849270797758, 85.24860759526572, 84.29746321554065, 76.48871599654274, 92.58320320411924, 32.497883291625264, 74.43692239677644, 2.781363218253967], [4.413458439077923, 33.945884907032635, 74.18319732206535, 40.13068795112186, 44.627422084337454, 70.26061464402042, 34.98833447925678, 56.580841663805025, 73.98486116441136, 29.07536246757176, 18.75408122630058, 34.636339375594076, 9.990273416188781, 76.46021294669531, 66.26998047152973, 36.40772093876052, 43.42136273239051, 46.09976466363446, 66.14263890189379, 34.4880796278436, 58.82263034404656, 32.1535611011102, 75.83834939123528, 68.76194577321881, 51.03273891077954, 43.980775909778735, 54.15954255229763, 30.333776140364396, 0.0, 66.15999177090349, 73.99360565590048, 24.618802696828492, 63.94323702104734, 57.8450523125408, 54.051581085664886, 47.40247514983182, 62.448261543402445, 8.81825731395911, 54.542493560007976, 31.109177544407437], [68.00005873172552, 66.95986963612927, 57.318758795175064, 29.58007284944474, 96.2666553228696, 29.606903342989906, 36.201952744398355, 87.31546605045904, 77.17111645720685, 94.55491062404869, 80.51299582195166, 95.56745083391993, 61.5143217345193, 75.72535246283742, 15.735140280470127, 88.17237684476125, 90.69436989346858, 87.86243634354094, 44.57004418355929, 94.34460200239398, 114.22660048446039, 79.24361139788192, 60.64662425100656, 3.784149991126348, 105.54801823616414, 78.3677975826698, 29.657162463890117, 82.43281124836729, 66.15999177090349, 0.0, 81.89445710469393, 43.420254434567674, 14.941549111343083, 94.66266703991514, 72.60838331114402, 80.82528747145922, 79.30928707043823, 57.71842651076208, 14.273029155679097, 84.89434076634966], [70.75686003933937, 40.312518550614726, 30.138201140639914, 82.26723676687544, 55.31009535063686, 56.96065489883422, 57.58480942563231, 27.632708882078255, 6.078762590885142, 81.29892662303243, 67.80165915620024, 69.93400281077308, 64.29301883550227, 10.270798825673118, 94.8488153027171, 110.233042113525, 117.40858872710297, 41.31781502968215, 39.22662829508476, 67.54762097455931, 68.43563066296866, 49.08985468761913, 27.701138115132807, 85.61103154710322, 62.76373842287045, 34.45826118130813, 52.4234403434395, 104.29440292008138, 73.99360565590048, 81.89445710469393, 0.0, 77.68442718257984, 67.67225944130548, 35.58160465363011, 20.099874024555895, 32.35470622406109, 12.886337689162984, 74.04612262223117, 69.49044971950588, 104.8810190643396], [27.711407385782188, 43.48490622379397, 67.91209777045746, 15.564821200870172, 64.92591266033678, 54.82928806214751, 22.626336122751184, 68.44702793511246, 75.72799253653099, 53.674341878558025, 42.19426347367115, 58.28277287852111, 24.294221834824018, 76.85682154949369, 41.76461505438078, 46.52193030039619, 50.643905044867424, 62.04722280227017, 56.79468328514566, 57.74030621373257, 81.0884531694022, 49.25979085363841, 70.4225420302406, 45.547516387442855, 72.76179278732894, 56.12114303610137, 40.34248470716689, 40.34619535025553, 24.618802696828492, 43.420254434567674, 77.68442718257984, 0.0, 44.69574942444817, 72.52084744538064, 59.99713745556401, 59.51775217169531, 68.74314551769245, 15.812062995571285, 34.142677214785294, 42.54898248519638], [64.8457407520694, 57.475423744219185, 42.38454182584411, 34.61700965880493, 87.67634454017886, 15.148681698555187, 29.894065617971897, 75.49668104347434, 62.73304315039471, 90.66030665802634, 75.55394839501591, 89.47760599147652, 57.36313504486152, 61.07700411177295, 30.142438446946283, 91.17921940148456, 94.869814258546, 77.82252619445177, 29.704275098468475, 87.96559810830125, 105.79905284509555, 70.93525980609981, 45.71363956809141, 18.38722436253032, 97.20277926189968, 67.77958217040869, 16.646907708792398, 85.03849270797758, 63.94323702104734, 14.941549111343083, 67.67225944130548, 44.69574942444817, 0.0, 83.3819317671285, 60.04814577006365, 69.86797424323879, 66.09088625782336, 56.36847008136043, 10.784685936185125, 87.23899439264241], [53.56555676457872, 29.618595562542936, 59.23353721372664, 83.16974545511167, 22.10967795717701, 78.14436927030077, 60.6360283428544, 9.025345439187333, 40.26793556720516, 53.03646236147299, 43.98614233939897, 39.35205586152351, 50.7201482209735, 44.765947717585746, 103.57503077026375, 90.17334690366127, 98.04556208231449, 11.912370922971682, 62.34692536458379, 37.09145715325106, 32.87191747399869, 25.75881095839522, 58.11348051621811, 98.38409593786228, 27.78890812149492, 16.892801679808727, 66.78310874911635, 85.24860759526572, 57.8450523125408, 94.66266703991514, 35.58160465363011, 72.52084744538064, 83.3819317671285, 0.0, 25.223672872184338, 13.954802744686964, 24.625828095598994, 62.08472668218889, 80.46245414829217, 84.95880939005356], [50.71737086750706, 20.230180428335114, 34.663047237878395, 66.87589974964597, 39.41221075815111, 53.343096069749905, 42.30956891493507, 16.363222057217353, 21.371041558891058, 62.07505581515637, 47.99451936306255, 51.7648031775394, 44.485324560432986, 24.99372149176939, 83.43581132993783, 90.19058123196174, 97.42763388035823, 25.4073836154428, 37.149859773730725, 49.41493287484223, 55.29690708058946, 29.88793042507672, 34.01358144449288, 76.38991944846441, 48.1727226551736, 16.090792346094783, 43.453598090422744, 84.29746321554065, 54.051581085664886, 72.60838331114402, 20.099874024555895, 59.99713745556401, 60.04814577006365, 25.223672872184338, 0.0, 15.284754853671805, 8.785163543819737, 54.64508292802271, 58.84621830754903, 84.83362743876424], [43.39920394734808, 16.09171228767212, 49.72568156674677, 69.51133543854624, 24.147708603440464, 65.5597282294913, 46.69830913679943, 9.240432966090914, 35.29675015419969, 49.224739754467784, 36.86530411795819, 37.586639979027325, 39.154532480729436, 39.37972622220294, 89.62123195299328, 81.91451026488076, 89.56205892330566, 10.139028861967919, 50.73134556886888, 35.20158038694122, 40.23908502775631, 17.49606578458071, 49.23502891682363, 84.5325546209255, 32.916817945040066, 3.486307241574437, 53.36178667751067, 76.48871599654274, 47.40247514983182, 80.82528747145922, 32.35470622406109, 59.51775217169531, 69.86797424323879, 13.954802744686964, 15.284754853671805, 0.0, 19.49230807111577, 50.38592449937123, 66.59776284107531, 76.57818334610315], [58.974961958199835, 28.504665693285613, 35.28230471694495, 75.26093551998856, 42.843981780801165, 57.82593525804432, 50.56738119596212, 15.881340552234924, 16.147500072210033, 68.43579333505758, 55.14245002432508, 57.078916957644516, 53.01800283960267, 20.49503295801547, 90.84621738603303, 98.38864737917771, 105.72625071908382, 28.722632310879483, 40.647936528593846, 54.693884460615685, 56.96449123828671, 36.260544297395626, 33.82767539142802, 83.09099722271556, 50.73384772362578, 21.58524630273341, 49.758976116326906, 92.58320320411924, 62.448261543402445, 79.30928707043823, 12.886337689162984, 68.74314551769245, 66.09088625782336, 24.625828095598994, 8.785163543819737, 19.49230807111577, 0.0, 63.33414345666406, 65.89141664253843, 93.02517646605975], [12.073983348905442, 35.39886789009644, 70.68393371766311, 31.31243075991558, 51.24952240614103, 63.812699260980324, 28.528332562003577, 59.61905380202922, 73.31317493222132, 37.8929958766922, 26.79008268248555, 42.87055031758257, 11.364587998424993, 75.32691490120267, 57.45803077020936, 38.89250759547017, 44.95273672341018, 50.73771054457483, 61.51562742101163, 42.51161120298253, 66.44284338433522, 37.05370523767927, 72.65005495531577, 60.21565010184722, 58.37211304371541, 46.900075198913875, 47.95337710818714, 32.497883291625264, 8.81825731395911, 57.71842651076208, 74.04612262223117, 15.812062995571285, 56.36847008136043, 62.08472668218889, 54.64508292802271, 50.38592449937123, 63.33414345666406, 0.0, 46.59429325864375, 33.94696871536966], [55.84772964583462, 52.70033637205483, 47.619745795468816, 23.947745630529983, 82.15364859473196, 24.05886605355213, 22.317578745259606, 73.23582330871216, 65.1780632418551, 82.12228949150304, 67.52084213241756, 82.16012355005772, 48.79624548782625, 64.23615183604691, 25.366173740686207, 80.53442067804788, 84.11963377136699, 73.59111470951873, 34.56990712398114, 80.82856673333046, 100.16582330044558, 65.15469127395032, 50.85732454847668, 17.94110083909712, 91.49444835511795, 64.1097306958827, 17.263166603378565, 74.43692239677644, 54.542493560007976, 14.273029155679097, 69.49044971950588, 34.142677214785294, 10.784685936185125, 80.46245414829217, 58.84621830754903, 66.59776284107531, 65.89141664253843, 46.59429325864375, 0.0, 76.68072936624438], [34.12420147252817, 64.60953012078787, 104.51120729986845, 55.35495021048375, 67.0842901455049, 96.62523818695112, 61.91756977144575, 85.43427155460648, 105.05439642999711, 37.90484823191969, 41.02274950417884, 51.21799073638084, 41.07381936065664, 107.56834981576998, 79.40036899837932, 5.364321045610131, 13.086793199359475, 73.07889943540046, 95.44614154577656, 52.48348538828533, 75.790974973625, 59.694655864293956, 106.37135651198953, 86.45425609593522, 70.13127175616494, 73.33219504121205, 81.2103662184173, 2.781363218253967, 31.109177544407437, 84.89434076634966, 104.8810190643396, 42.54898248519638, 87.23899439264241, 84.95880939005356, 84.83362743876424, 76.57818334610315, 93.02517646605975, 33.94696871536966, 76.68072936624438, 0.0]]",Route_3,2081.4685917823344
