instance_id,num_cities,city_coordinates,distance_matrix,best_route,total_distance
1604,42,"[[4.479046169664747, 49.228331335317876], [61.84775274149117, 62.40336788256028], [22.897389590528626, 79.90275001044124], [90.39337948277227, 42.30878159034043], [77.30218217644344, 21.293478631624662], [35.96510428842996, 98.14580519267754], [82.4838932085537, 50.45907342736607], [8.132122745204429, 57.80105315933285], [98.8475482493105, 92.521203936389], [98.44949789442126, 93.63775882566198], [68.5699311961287, 73.290831210585], [47.79868585533625, 73.77147219266222], [66.07513353147753, 43.81671440827629], [46.18746494469564, 57.441795276751215], [69.99592139091212, 72.92714575482482], [70.9241732654046, 25.92490654808296], [75.20113319822399, 69.77189986557508], [24.235789497289083, 37.18784949391992], [86.25621376258951, 53.22740261457709], [97.75008189810337, 63.12358390662869], [30.05259125796317, 81.18542030709399], [76.50469787914163, 41.37343746207949], [14.97749760366992, 30.570738179640912], [99.16994909309705, 22.173258790643857], [34.451103919963366, 60.96534642586325], [32.27293264226707, 47.627123893203716], [98.49695456967228, 63.56010035791198], [62.15976433477104, 78.19603346891292], [5.83060198709383, 65.46576617873711], [84.67471931042665, 0.8280373819414266], [93.47665863442579, 16.9955875024036], [23.5174857565029, 56.4213246855836], [5.910682601792228, 49.38152678687846], [32.284926275425555, 50.88364028101287], [3.002196935569046, 6.347497676218472], [72.31319039434061, 70.65739767522987], [31.079347619011198, 43.67840923142444], [31.33925118835741, 84.39026209656406], [58.18309098599387, 50.56902551430339], [28.046703047857225, 90.99599353380474], [74.73240701856791, 30.749265458004118], [37.20870999292719, 98.79674527659873]]","[[0.0, 58.8621277371579, 35.77925845270744, 86.19253353573589, 77.99721234402435, 58.17466032942287, 78.01455561404937, 9.31861191051003, 103.82527150365985, 103.93576404383106, 68.45907860702373, 49.78912477278397, 61.833353265443364, 42.50944820425896, 69.67133372949544, 70.41309907668699, 73.64544657772456, 23.13659676544203, 81.8748905991202, 94.30039315865123, 40.92996144553825, 72.45270086017987, 21.40848581462335, 98.48017083074366, 32.18822407376532, 27.839971094176594, 95.10397837750637, 64.5460534420433, 16.29358749391648, 93.66928229293299, 94.65476638514336, 20.351936891575036, 1.4398096124743565, 27.855107541735364, 42.90625803958673, 71.13842848204109, 27.173105684764632, 44.24739527367541, 53.72077708406546, 47.95802389856281, 72.6430353596565, 59.39914607667303], [58.8621277371579, 0.0, 42.70080988048658, 34.90909916208112, 43.918815824019106, 44.12973278655122, 23.84358327535353, 53.912430910779904, 47.70816404123882, 48.117303808781244, 12.795489083855923, 18.072356680217798, 19.061333524091616, 16.427471400102267, 13.309491088849757, 37.59068436272309, 15.251492818965817, 45.28224979714534, 26.076259471360363, 35.90955235019022, 36.92827896127242, 25.633650037760113, 56.658072068220285, 54.8762974156905, 27.4343629844041, 33.060661976652334, 36.66745184304859, 15.795747451662672, 56.1007973380531, 65.67032609177254, 55.33763824953732, 38.794254831752816, 57.43277950208215, 31.72798185634508, 81.27152036659665, 13.328705604219639, 36.01831242948229, 37.60574669110238, 12.38876124038738, 44.27244291908583, 34.17596401192049, 43.9495204263991], [35.77925845270744, 42.70080988048658, 0.0, 77.25940145448574, 79.96829464151514, 22.440459661242805, 66.46413697739288, 26.580032142793286, 76.99124612431862, 76.79043909444269, 46.14865682694527, 25.645021414428793, 56.271836093296855, 32.35617557054063, 47.61229623198936, 72.25080992625749, 53.27584555910181, 42.73586363286379, 68.74528899609167, 76.71027285071924, 7.2692608972008514, 66.01705406483799, 49.96370763221773, 95.65666463749142, 22.183632915538716, 33.60977311400221, 77.34582356340307, 39.299452310566, 22.354009511889405, 100.3456458676749, 94.54493277581554, 23.489611630291414, 34.92983368674597, 30.4997471218843, 76.19838473832067, 50.27323252869486, 37.13687254002671, 9.56048073895841, 45.8862519256613, 12.230105516734987, 71.4348239685086, 23.702256195933984], [86.19253353573589, 34.90909916208112, 77.25940145448574, 0.0, 24.759289274125763, 77.97570355821749, 11.357254516419841, 83.70737624852103, 50.919154818114066, 51.957337767505635, 37.89657364183605, 52.954780947073765, 24.36495326346987, 46.724415281315515, 36.790494977890326, 25.44565487730067, 31.38514318224307, 66.35548702423526, 11.676147706635014, 22.076618080990066, 71.78024631821935, 13.920141713549489, 76.32389470352116, 21.96514176011566, 58.97122693829011, 58.363268463909876, 22.743932785469738, 45.662149223635424, 87.67616137246694, 41.87308460394814, 25.500282454525507, 68.34873103651867, 84.77823893487471, 58.73772668154092, 94.50096680855009, 33.623463108399406, 59.32984287700824, 72.51373021855164, 33.252583579762074, 79.10469435695839, 19.465057712175188, 77.58543104323192], [77.99721234402435, 43.918815824019106, 79.96829464151514, 24.759289274125763, 0.0, 87.26416278270483, 29.62232349107125, 78.21317101113664, 74.41499614529867, 75.3717708354342, 52.72548608030011, 60.20295759646601, 25.166302293485042, 47.69514047246278, 52.14802994606444, 7.882202878297412, 48.523929479641396, 55.39560503403124, 33.165496869407605, 46.56043717948727, 76.28609650271504, 20.09578880853408, 63.01137874873849, 21.885457341561175, 58.39582178569392, 52.16410821986519, 47.283038068147, 58.882880067999345, 84.02010332002345, 21.75289841230813, 16.73575683524538, 64.23985629946415, 76.71821596393701, 53.87143023249572, 75.78832465171345, 49.61538614528258, 51.3579161617915, 78.06276390595588, 34.96565877012253, 85.34953314386216, 9.79875751654083, 87.2596289951564], [58.17466032942287, 44.12973278655122, 22.440459661242805, 77.97570355821749, 87.26416278270483, 0.0, 66.61848173781651, 49.014017160579726, 63.13349267849455, 62.64680300187399, 40.998103240656064, 27.095050505512265, 62.11492547268243, 41.96800067459251, 42.35654962936653, 80.2371155062897, 48.42049636384953, 62.076156360082194, 67.4303980583698, 71.0206972792919, 17.961416029995256, 69.76073670940066, 70.75923484726623, 98.82651574143051, 37.21127129280179, 50.653423296975056, 71.45910213900838, 32.926487920422005, 44.4530446527783, 108.82726922630867, 99.4632430321437, 43.5416522504973, 57.28196148314514, 47.40523117067133, 97.53708281489497, 45.57187632090616, 54.68608452826643, 14.512528476198977, 52.50894111918162, 10.66868712466803, 77.75086706383135, 1.403665964933739], [78.01455561404937, 23.84358327535353, 66.46413697739288, 11.357254516419841, 29.62232349107125, 66.61848173781651, 0.0, 74.71338860886439, 45.13304808287341, 46.03584913641116, 26.737380244795556, 41.79152480261842, 17.702212502354726, 36.96199547020256, 25.705324627985696, 27.12107058404132, 20.640345404097346, 59.74083168696191, 4.679107698179802, 19.83548191459656, 60.771291057598596, 10.8765600113718, 70.37513287013374, 32.84070295601348, 49.168390447126384, 50.29075958019756, 20.68949107131053, 34.38617697308749, 78.10843669166596, 49.67936652123181, 35.22280201742062, 59.267070518690126, 76.58079190887146, 50.20076232654747, 90.90198654419063, 22.614497521653778, 51.84982848771515, 61.37670544985889, 24.30105096742506, 67.87230336674615, 21.179283943104977, 66.22969677578666], [9.31861191051003, 53.912430910779904, 26.580032142793286, 83.70737624852103, 78.21317101113664, 49.014017160579726, 74.71338860886439, 0.0, 97.13278176996957, 97.16736966111348, 62.39120061697536, 42.76085257651208, 59.606662624931985, 38.057037931854, 63.68617008490981, 70.41967289978895, 68.1289463738549, 26.157833400608506, 78.25785504726163, 89.77587613767172, 32.052075856645196, 70.31838726778746, 28.077557066919955, 97.76106360779141, 26.508517913190186, 26.19709028114223, 90.54816097138485, 57.748950445517416, 8.002800976523105, 95.4185182012237, 94.59796950054175, 15.447104765965227, 8.707652993041135, 25.12386354242932, 51.708650249898156, 65.45605425699314, 26.944836257129943, 35.29244738587473, 50.57075880090177, 38.710393631369215, 71.88460950113445, 50.26026957894366], [103.82527150365985, 47.70816404123882, 76.99124612431862, 50.919154818114066, 74.41499614529867, 63.13349267849455, 45.13304808287341, 97.13278176996957, 0.0, 1.18538555153454, 35.868389001911865, 54.38325838142318, 58.703990210476114, 63.27439676171435, 34.87611630326372, 72.21344539850955, 32.8128599862097, 92.89076734490763, 41.26190163424993, 29.418098099744594, 69.72263691177724, 55.81484549807744, 104.26910186042811, 70.34868391471755, 71.71244093940263, 80.2973092086498, 28.963225587138545, 39.385327185161096, 96.87181738878589, 92.78203421413289, 75.71634693372867, 83.53334422308872, 102.46117674977613, 78.51286105596847, 128.88847512120188, 34.381654570440666, 83.53530757266543, 67.99619391754588, 58.42587918789593, 70.81727153747383, 66.31223431581859, 61.9574757451372], [103.93576404383106, 48.117303808781244, 76.79043909444269, 51.957337767505635, 75.3717708354342, 62.64680300187399, 46.03584913641116, 97.16736966111348, 1.18538555153454, 0.0, 36.149494732995855, 54.40748206637781, 59.41578859818119, 63.572540182631386, 35.19283321375217, 73.09359656972688, 33.31764825059163, 93.24305216806485, 42.20986930833057, 30.52218953032802, 69.52120231999282, 56.68450877714688, 104.61846837774313, 71.46813146560345, 71.85597374841183, 80.59972900364224, 30.077695906412764, 39.43845387212422, 96.8086827138493, 93.8263764593895, 76.8033303669147, 83.66522224401207, 102.57702671667745, 78.77604451897238, 129.34363900813892, 34.80235004052256, 83.87296203193598, 67.74438285720397, 58.960150223349814, 70.45234166487757, 67.21207479067606, 61.45770288577935], [68.45907860702373, 12.795489083855923, 46.14865682694527, 37.89657364183605, 52.72548608030011, 40.998103240656064, 26.737380244795556, 62.39120061697536, 35.868389001911865, 36.149494732995855, 0.0, 20.77680554755818, 29.579512786110683, 27.425658342663255, 1.4716368935134487, 47.424395355708725, 7.507044545191253, 57.174657051937295, 26.745948441732313, 30.9007137899719, 39.318062171410745, 32.8889122047384, 68.5357956613522, 59.57656674736057, 36.27687899860201, 44.45332357980945, 31.46925246852531, 8.071632324725483, 63.22543058257733, 74.23086076328994, 61.55891110025549, 48.10720414332478, 67.06590991280392, 42.646028976327344, 93.70452326732585, 4.5767850736222035, 47.774882442814075, 38.8499794058335, 24.983332516909133, 44.22222057346761, 42.98558973590231, 40.42372877035236], [49.78912477278397, 18.072356680217798, 25.645021414428793, 52.954780947073765, 60.20295759646601, 27.095050505512265, 41.79152480261842, 42.76085257651208, 54.38325838142318, 54.40748206637781, 20.77680554755818, 0.0, 35.09011333096488, 16.408972576030536, 22.213287747550183, 53.14209265670917, 27.692791465999527, 43.51518740099834, 43.60092026054457, 51.073667300999844, 19.232537536747476, 43.285884312497345, 54.25434376633023, 72.81059203799637, 18.49742686636617, 30.40684069147149, 51.716405186154944, 15.027219223122493, 42.782061847947226, 81.73485502138497, 72.86959777279402, 29.842994098397217, 48.471375609384424, 27.650128135673892, 80.94885891186411, 24.71150325036878, 34.425698387246435, 19.58753911495144, 25.420255737889672, 26.20734554010423, 50.75761625626615, 27.173735144289676], [61.833353265443364, 19.061333524091616, 56.271836093296855, 24.36495326346987, 25.166302293485042, 62.11492547268243, 17.702212502354726, 59.606662624931985, 58.703990210476114, 59.41578859818119, 29.579512786110683, 35.09011333096488, 0.0, 24.107305749298337, 29.373283619997355, 18.537259097484704, 27.512824683049736, 42.361215271330046, 22.267398855968505, 37.09524988263084, 51.90417837129745, 10.71192861803526, 52.786591892831545, 39.543722487014776, 35.97436349603053, 34.016290294465755, 37.96018661952282, 34.60155625141116, 64.01628717414293, 46.83984354823377, 38.34340134193146, 44.385015313522246, 60.42125695878524, 34.521291222920695, 73.36305291729218, 27.556045283408054, 34.99605920604663, 53.41155581116175, 10.386435423777552, 60.597408392208216, 15.675031301348247, 62.09729625505978], [42.50944820425896, 16.427471400102267, 32.35617557054063, 46.724415281315515, 47.69514047246278, 41.96800067459251, 36.96199547020256, 38.057037931854, 63.27439676171435, 63.572540182631386, 27.425658342663255, 16.408972576030536, 24.107305749298337, 0.0, 28.401385138407623, 40.06518455815583, 31.524980962676786, 29.86801591539253, 40.28977211827412, 51.874716279883934, 28.70703534794793, 34.31219514490115, 41.18392612347752, 63.647570985918165, 12.253880316179997, 17.02768285946019, 52.666083601229516, 26.18879055518193, 41.14681636305013, 68.45718612084941, 62.22671101022864, 22.692935390128135, 41.07538343127733, 15.371726591332473, 66.89988505454922, 29.27807502253011, 20.437367848119344, 30.768316751042228, 13.824977697279998, 38.144088177218734, 39.08074802412853, 42.31843487150481], [69.67133372949544, 13.309491088849757, 47.61229623198936, 36.790494977890326, 52.14802994606444, 42.35654962936653, 25.705324627985696, 63.68617008490981, 34.87611630326372, 35.19283321375217, 1.4716368935134487, 22.213287747550183, 29.373283619997355, 28.401385138407623, 0.0, 47.01140438223773, 6.086855229147995, 58.062784708852085, 25.54362910402842, 29.434728644414946, 40.78809533050549, 32.21801791540558, 69.43408542429053, 58.541275475861575, 37.503582391945024, 45.421525583459946, 30.000840516969088, 9.442803352404308, 64.59768106807302, 73.57817975817782, 60.66040083978113, 49.32227801097317, 68.27381638111517, 43.6810632445483, 94.45109133657219, 3.2436849383186757, 48.68252563660909, 40.32048099183999, 25.28692355477382, 45.67515932816481, 42.44299568166608, 41.76406841620099], [70.41309907668699, 37.59068436272309, 72.25080992625749, 25.44565487730067, 7.882202878297412, 80.2371155062897, 27.12107058404132, 70.41967289978895, 72.21344539850955, 73.09359656972688, 47.424395355708725, 53.14209265670917, 18.537259097484704, 40.06518455815583, 47.01140438223773, 0.0, 44.05509288664752, 48.02769058241309, 31.312900812097325, 45.86252251234209, 68.73289312040384, 16.42557038173199, 56.139240012206436, 28.49383640375849, 50.57783323063278, 44.32724488847166, 46.65475411955748, 53.00080729080344, 76.16201548078688, 28.61695928079531, 24.255872174371444, 56.36865742399702, 69.11560606183443, 45.999236923061, 70.68712617363151, 44.754051559884, 43.62106129289959, 70.6056927963759, 27.74288696714781, 77.92768323105746, 6.146306468967193, 80.29344520789094], [73.64544657772456, 15.251492818965817, 53.27584555910181, 31.38514318224307, 48.523929479641396, 48.42049636384953, 20.640345404097346, 68.1289463738549, 32.8128599862097, 33.31764825059163, 7.507044545191253, 27.692791465999527, 27.512824683049736, 31.524980962676786, 6.086855229147995, 44.05509288664752, 0.0, 60.49121090850294, 19.89812040301527, 23.508619537518015, 46.56886608239951, 28.428365196755312, 71.85831449284343, 53.29291479720779, 41.690769597904975, 48.3034316155589, 24.10978528510428, 15.525570160207504, 69.50405303177149, 69.59170214894522, 55.850997991300986, 53.380120555472026, 72.22834525409665, 46.8888810569655, 96.10068257060495, 3.020648938457631, 51.26014256878863, 46.233766964891174, 25.658607602283766, 51.71075743830876, 39.02544939316441, 47.81072967592311], [23.13659676544203, 45.28224979714534, 42.73586363286379, 66.35548702423526, 55.39560503403124, 62.076156360082194, 59.74083168696191, 26.157833400608506, 92.89076734490763, 93.24305216806485, 57.174657051937295, 43.51518740099834, 42.361215271330046, 29.86801591539253, 58.062784708852085, 48.02769058241309, 60.49121090850294, 0.0, 64.06091078308401, 77.95520192212312, 44.380417079870355, 52.436227267698214, 11.379900304177255, 76.42359719561047, 25.878987791308063, 13.174753125444466, 78.8049253127054, 55.85605625535012, 33.7400577847595, 70.53297224543815, 72.12506778645081, 19.246883597413106, 22.01125413637758, 15.885946246823616, 37.44319368479047, 58.58026231143762, 9.431948551148032, 47.7339179568023, 36.48938407336446, 53.9429274984858, 50.90543925238121, 62.95992936580477], [81.8748905991202, 26.076259471360363, 68.74528899609167, 11.676147706635014, 33.165496869407605, 67.4303980583698, 4.679107698179802, 78.25785504726163, 41.26190163424993, 42.20986930833057, 26.745948441732313, 43.60092026054457, 22.267398855968505, 40.28977211827412, 25.54362910402842, 31.312900812097325, 19.89812040301527, 64.06091078308401, 0.0, 15.16718196903212, 62.773385570141336, 15.349545656525596, 74.7929129034371, 33.63219304214236, 52.379816534932445, 54.27299293638438, 16.01875083023952, 34.69973201290615, 81.3514386608578, 52.42322578290436, 36.944272228181056, 62.81997397338986, 80.43752319901903, 54.02215374175982, 95.5455744912518, 22.320677150613406, 55.99705199434923, 63.142668533042496, 28.198709034937618, 69.38885787842669, 25.259944020192602, 66.94940340797507], [94.30039315865123, 35.90955235019022, 76.71027285071924, 22.076618080990066, 46.56043717948727, 71.0206972792919, 19.83548191459656, 89.77587613767172, 29.418098099744594, 30.52218953032802, 30.9007137899719, 51.073667300999844, 37.09524988263084, 51.874716279883934, 29.434728644414946, 45.86252251234209, 23.508619537518015, 77.95520192212312, 15.16718196903212, 0.0, 70.06554198126953, 30.40452618398273, 88.94373769807608, 40.97493319038211, 63.33576084725306, 67.28593722033412, 0.865081152133969, 38.65034851157805, 91.9493154129288, 63.652967123368974, 46.32552426750013, 74.53454641029248, 92.86182960177854, 66.5995707242898, 110.4567140219037, 26.529112297138084, 69.4485538183663, 69.73284761712239, 41.51100704951955, 75.06951606055576, 39.72291343636505, 70.26971007688006], [40.92996144553825, 36.92827896127242, 7.2692608972008514, 71.78024631821935, 76.28609650271504, 17.961416029995256, 60.771291057598596, 32.052075856645196, 69.72263691177724, 69.52120231999282, 39.318062171410745, 19.232537536747476, 51.90417837129745, 28.70703534794793, 40.78809533050549, 68.73289312040384, 46.56886608239951, 44.380417079870355, 62.773385570141336, 70.06554198126953, 0.0, 61.17836372114786, 52.811973032152764, 90.88258557586013, 20.69295294055939, 33.63166921318913, 70.67731441174223, 32.246038464474765, 28.87580804329598, 97.16422110818014, 90.23827878493792, 25.61187294725879, 39.92892931958117, 30.38389692549653, 79.57662028951671, 43.55223874730929, 37.521062197855635, 3.453477185680515, 41.57750166925318, 10.013537564122666, 67.38020222856974, 19.009702852238487], [72.45270086017987, 25.633650037760113, 66.01705406483799, 13.920141713549489, 20.09578880853408, 69.76073670940066, 10.8765600113718, 70.31838726778746, 55.81484549807744, 56.68450877714688, 32.8889122047384, 43.285884312497345, 10.71192861803526, 34.31219514490115, 32.21801791540558, 16.42557038173199, 28.428365196755312, 52.436227267698214, 15.349545656525596, 30.40452618398273, 61.17836372114786, 0.0, 62.46834947015012, 29.704553078724466, 46.39340105800205, 44.67166495608611, 31.23951607812612, 39.51810591456622, 74.66771814612962, 41.36035200341162, 29.70398997669127, 55.08251590496581, 71.04677675737724, 45.23087616155654, 81.42133690159262, 29.582411341209458, 45.48379207050583, 62.3727887496789, 20.499758993052637, 69.35831121185336, 10.77098164823671, 69.58168540869457], [21.40848581462335, 56.658072068220285, 49.96370763221773, 76.32389470352116, 63.01137874873849, 70.75923484726623, 70.37513287013374, 28.077557066919955, 104.26910186042811, 104.61846837774313, 68.5357956613522, 54.25434376633023, 52.786591892831545, 41.18392612347752, 69.43408542429053, 56.139240012206436, 71.85831449284343, 11.379900304177255, 74.7929129034371, 88.94373769807608, 52.811973032152764, 62.46834947015012, 0.0, 84.6102035684123, 36.097833084595415, 24.290993532257247, 89.79865092987234, 67.03980194835844, 36.073933504377464, 75.77816944465124, 79.66431446037954, 27.224698719209986, 20.881879759840885, 26.68634630307848, 27.02171731363613, 69.95943065306821, 20.762480928788587, 56.25165006477851, 47.609398188156476, 61.82245235800889, 59.75517610359612, 71.7566362693403], [98.48017083074366, 54.8762974156905, 95.65666463749142, 21.96514176011566, 21.885457341561175, 98.82651574143051, 32.84070295601348, 97.76106360779141, 70.34868391471755, 71.46813146560345, 59.57656674736057, 72.81059203799637, 39.543722487014776, 63.647570985918165, 58.541275475861575, 28.49383640375849, 53.29291479720779, 76.42359719561047, 33.63219304214236, 40.97493319038211, 90.88258557586013, 29.704553078724466, 84.6102035684123, 0.0, 75.45432382337403, 71.57590417648896, 41.39231301271665, 67.14391304129907, 102.89059682071564, 25.8017472943005, 7.695572507348931, 83.0435140540118, 97.14721114808769, 72.78662159107921, 97.46122957300811, 55.42560068400752, 71.4058926460792, 92.0432456979486, 49.862231250880654, 98.97012147885444, 25.89867473449152, 98.54112761731382], [32.18822407376532, 27.4343629844041, 22.183632915538716, 58.97122693829011, 58.39582178569392, 37.21127129280179, 49.168390447126384, 26.508517913190186, 71.71244093940263, 71.85597374841183, 36.27687899860201, 18.49742686636617, 35.97436349603053, 12.253880316179997, 37.503582391945024, 50.57783323063278, 41.690769597904975, 25.878987791308063, 52.379816534932445, 63.33576084725306, 20.69295294055939, 46.39340105800205, 36.097833084595415, 75.45432382337403, 0.0, 13.514903271785842, 64.09839103606815, 32.629226744724576, 28.972174734414505, 78.35118047568487, 73.60268887165168, 11.840276167407868, 30.8016318796139, 10.311795400356296, 63.024940718354976, 39.082904825685226, 17.612692528897526, 23.63070675207679, 25.90927823383693, 30.70596222645283, 50.35469122512686, 37.93176940583021], [27.839971094176594, 33.060661976652334, 33.60977311400221, 58.363268463909876, 52.16410821986519, 50.653423296975056, 50.29075958019756, 26.19709028114223, 80.2973092086498, 80.59972900364224, 44.45332357980945, 30.40684069147149, 34.016290294465755, 17.02768285946019, 45.421525583459946, 44.32724488847166, 48.3034316155589, 13.174753125444466, 54.27299293638438, 67.28593722033412, 33.63166921318913, 44.67166495608611, 24.290993532257247, 71.57590417648896, 13.514903271785842, 0.0, 68.11373443929199, 42.75138525549722, 31.896927893901236, 70.2573963672432, 68.44112138900236, 12.409505137036389, 26.420563141421688, 3.256538473794827, 50.60418470270401, 46.19107869846261, 4.125165777019314, 36.7749927480176, 26.076638789253963, 43.57430286864163, 45.69101738493449, 51.407120621323315], [95.10397837750637, 36.66745184304859, 77.34582356340307, 22.743932785469738, 47.283038068147, 71.45910213900838, 20.68949107131053, 90.54816097138485, 28.963225587138545, 30.077695906412764, 31.46925246852531, 51.716405186154944, 37.96018661952282, 52.666083601229516, 30.000840516969088, 46.65475411955748, 24.10978528510428, 78.8049253127054, 16.01875083023952, 0.865081152133969, 70.67731441174223, 31.23951607812612, 89.79865092987234, 41.39231301271665, 64.09839103606815, 68.11373443929199, 0.0, 39.17399561184812, 92.68594533789579, 64.23679562978735, 46.83435948903602, 75.3185426147165, 93.66562712873629, 67.41457802967653, 111.32174379342717, 27.128603642646084, 70.2880883863182, 70.31395851117384, 42.3553493981064, 75.60400897998733, 40.51301774908545, 70.69561562377498], [64.5460534420433, 15.795747451662672, 39.299452310566, 45.662149223635424, 58.882880067999345, 32.926487920422005, 34.38617697308749, 57.748950445517416, 39.385327185161096, 39.43845387212422, 8.071632324725483, 15.027219223122493, 34.60155625141116, 26.18879055518193, 9.442803352404308, 53.00080729080344, 15.525570160207504, 55.85605625535012, 34.69973201290615, 38.65034851157805, 32.246038464474765, 39.51810591456622, 67.03980194835844, 67.14391304129907, 32.629226744724576, 42.75138525549722, 39.17399561184812, 0.0, 57.74975529013345, 80.57747834270712, 68.74767236114525, 44.35497307314344, 63.19996037287, 40.478052951229834, 93.06895226736583, 12.646070155465118, 46.44845192496447, 31.436801664607493, 27.911744829854914, 36.43542133731356, 49.08428606728868, 32.356520822748706], [16.29358749391648, 56.1007973380531, 22.354009511889405, 87.67616137246694, 84.02010332002345, 44.4530446527783, 78.10843669166596, 8.002800976523105, 96.87181738878589, 96.8086827138493, 63.22543058257733, 42.782061847947226, 64.01628717414293, 41.14681636305013, 64.59768106807302, 76.16201548078688, 69.50405303177149, 33.7400577847595, 81.3514386608578, 91.9493154129288, 28.87580804329598, 74.66771814612962, 36.073933504377464, 102.89059682071564, 28.972174734414505, 31.896927893901236, 92.68594533789579, 57.74975529013345, 0.0, 101.95308146644506, 100.15582592512041, 19.865240481697246, 16.08443874431023, 30.207112891656788, 59.18588975314453, 66.68498780777244, 33.349483935060825, 31.76204857714587, 54.430653007320636, 33.842985316657504, 77.1537047645019, 45.777066634373064], [93.66928229293299, 65.67032609177254, 100.3456458676749, 41.87308460394814, 21.75289841230813, 108.82726922630867, 49.67936652123181, 95.4185182012237, 92.78203421413289, 93.8263764593895, 74.23086076328994, 81.73485502138497, 46.83984354823377, 68.45718612084941, 73.57817975817782, 28.61695928079531, 69.59170214894522, 70.53297224543815, 52.42322578290436, 63.652967123368974, 97.16422110818014, 41.36035200341162, 75.77816944465124, 25.8017472943005, 78.35118047568487, 70.2573963672432, 64.23679562978735, 80.57747834270712, 101.95308146644506, 0.0, 18.408253930262337, 82.64877984092978, 92.52683292988279, 72.458635067463, 81.85881353288549, 70.9150686110725, 68.61937215087255, 99.13282785766455, 56.35576520342584, 106.47531423967799, 31.529818637103, 108.86179204421371], [94.65476638514336, 55.33763824953732, 94.54493277581554, 25.500282454525507, 16.73575683524538, 99.4632430321437, 35.22280201742062, 94.59796950054175, 75.71634693372867, 76.8033303669147, 61.55891110025549, 72.86959777279402, 38.34340134193146, 62.22671101022864, 60.66040083978113, 24.255872174371444, 55.850997991300986, 72.12506778645081, 36.944272228181056, 46.32552426750013, 90.23827878493792, 29.70398997669127, 79.66431446037954, 7.695572507348931, 73.60268887165168, 68.44112138900236, 46.83435948903602, 68.74767236114525, 100.15582592512041, 18.408253930262337, 0.0, 80.30364015535214, 93.36299706996047, 69.94875431500782, 91.09890249967012, 57.684332872744015, 67.86307830755311, 91.66842186801021, 48.71151462737859, 98.77823232308101, 23.24888440215922, 99.28500117097792], [20.351936891575036, 38.794254831752816, 23.489611630291414, 68.34873103651867, 64.23985629946415, 43.5416522504973, 59.267070518690126, 15.447104765965227, 83.53334422308872, 83.66522224401207, 48.10720414332478, 29.842994098397217, 44.385015313522246, 22.692935390128135, 49.32227801097317, 56.36865742399702, 53.380120555472026, 19.246883597413106, 62.81997397338986, 74.53454641029248, 25.61187294725879, 55.08251590496581, 27.224698719209986, 83.0435140540118, 11.840276167407868, 12.409505137036389, 75.3185426147165, 44.35497307314344, 19.865240481697246, 82.64877984092978, 80.30364015535214, 0.0, 18.962021827414475, 10.369858331600899, 54.11344774425446, 50.829977033927854, 14.817680287396737, 29.042063879316437, 35.156131634710306, 34.87006646446858, 57.28894120913623, 44.53230166247283], [1.4398096124743565, 57.43277950208215, 34.92983368674597, 84.77823893487471, 76.71821596393701, 57.28196148314514, 76.58079190887146, 8.707652993041135, 102.46117674977613, 102.57702671667745, 67.06590991280392, 48.471375609384424, 60.42125695878524, 41.07538343127733, 68.27381638111517, 69.11560606183443, 72.22834525409665, 22.01125413637758, 80.43752319901903, 92.86182960177854, 39.92892931958117, 71.04677675737724, 20.881879759840885, 97.14721114808769, 30.8016318796139, 26.420563141421688, 93.66562712873629, 63.19996037287, 16.08443874431023, 92.52683292988279, 93.36299706996047, 18.962021827414475, 0.0, 26.416984580103918, 43.132203170806804, 69.72772564193707, 25.806728746594555, 43.26919976548303, 52.285895148810354, 47.13562605736388, 71.29930514336085, 58.49299391348528], [27.855107541735364, 31.72798185634508, 30.4997471218843, 58.73772668154092, 53.87143023249572, 47.40523117067133, 50.20076232654747, 25.12386354242932, 78.51286105596847, 78.77604451897238, 42.646028976327344, 27.650128135673892, 34.521291222920695, 15.371726591332473, 43.6810632445483, 45.999236923061, 46.8888810569655, 15.885946246823616, 54.02215374175982, 66.5995707242898, 30.38389692549653, 45.23087616155654, 26.68634630307848, 72.78662159107921, 10.311795400356296, 3.256538473794827, 67.41457802967653, 40.478052951229834, 30.207112891656788, 72.458635067463, 69.94875431500782, 10.369858331600899, 26.416984580103918, 0.0, 53.3005275368441, 44.64597865271825, 7.305393512655913, 33.51996430279531, 25.90007563361848, 40.33563461262834, 46.98065209160948, 48.165436533003295], [42.90625803958673, 81.27152036659665, 76.19838473832067, 94.50096680855009, 75.78832465171345, 97.53708281489497, 90.90198654419063, 51.708650249898156, 128.88847512120188, 129.34363900813892, 93.70452326732585, 80.94885891186411, 73.36305291729218, 66.89988505454922, 94.45109133657219, 70.68712617363151, 96.10068257060495, 37.44319368479047, 95.5455744912518, 110.4567140219037, 79.57662028951671, 81.42133690159262, 27.02171731363613, 97.46122957300811, 63.024940718354976, 50.60418470270401, 111.32174379342717, 93.06895226736583, 59.18588975314453, 81.85881353288549, 91.09890249967012, 54.11344774425446, 43.132203170806804, 53.3005275368441, 0.0, 94.55039424626807, 46.71106237331074, 83.0280779140107, 70.71403391504921, 88.27567692949309, 75.76720470907809, 98.57458555540383], [71.13842848204109, 13.328705604219639, 50.27323252869486, 33.623463108399406, 49.61538614528258, 45.57187632090616, 22.614497521653778, 65.45605425699314, 34.381654570440666, 34.80235004052256, 4.5767850736222035, 24.71150325036878, 27.556045283408054, 29.27807502253011, 3.2436849383186757, 44.754051559884, 3.020648938457631, 58.58026231143762, 22.320677150613406, 26.529112297138084, 43.55223874730929, 29.582411341209458, 69.95943065306821, 55.42560068400752, 39.082904825685226, 46.19107869846261, 27.128603642646084, 12.646070155465118, 66.68498780777244, 70.9150686110725, 57.684332872744015, 50.829977033927854, 69.72772564193707, 44.64597865271825, 94.55039424626807, 0.0, 49.275710116360294, 43.21406321176421, 24.560179261675735, 48.71529927543104, 39.981390998094476, 44.99052597696411], [27.173105684764632, 36.01831242948229, 37.13687254002671, 59.32984287700824, 51.3579161617915, 54.68608452826643, 51.84982848771515, 26.944836257129943, 83.53530757266543, 83.87296203193598, 47.774882442814075, 34.425698387246435, 34.99605920604663, 20.437367848119344, 48.68252563660909, 43.62106129289959, 51.26014256878863, 9.431948551148032, 55.99705199434923, 69.4485538183663, 37.521062197855635, 45.48379207050583, 20.762480928788587, 71.4058926460792, 17.612692528897526, 4.125165777019314, 70.2880883863182, 46.44845192496447, 33.349483935060825, 68.61937215087255, 67.86307830755311, 14.817680287396737, 25.806728746594555, 7.305393512655913, 46.71106237331074, 49.275710116360294, 0.0, 40.712682466009724, 27.965934585869537, 47.4146677443575, 45.5274900873637, 55.45809275028791], [44.24739527367541, 37.60574669110238, 9.56048073895841, 72.51373021855164, 78.06276390595588, 14.512528476198977, 61.37670544985889, 35.29244738587473, 67.99619391754588, 67.74438285720397, 38.8499794058335, 19.58753911495144, 53.41155581116175, 30.768316751042228, 40.32048099183999, 70.6056927963759, 46.233766964891174, 47.7339179568023, 63.142668533042496, 69.73284761712239, 3.453477185680515, 62.3727887496789, 56.25165006477851, 92.0432456979486, 23.63070675207679, 36.7749927480176, 70.31395851117384, 31.436801664607493, 31.76204857714587, 99.13282785766455, 91.66842186801021, 29.042063879316437, 43.26919976548303, 33.51996430279531, 83.0280779140107, 43.21406321176421, 40.712682466009724, 0.0, 43.17948331134149, 7.380823875317782, 68.99509035636471, 15.556262541984934], [53.72077708406546, 12.38876124038738, 45.8862519256613, 33.252583579762074, 34.96565877012253, 52.50894111918162, 24.30105096742506, 50.57075880090177, 58.42587918789593, 58.960150223349814, 24.983332516909133, 25.420255737889672, 10.386435423777552, 13.824977697279998, 25.28692355477382, 27.74288696714781, 25.658607602283766, 36.48938407336446, 28.198709034937618, 41.51100704951955, 41.57750166925318, 20.499758993052637, 47.609398188156476, 49.862231250880654, 25.90927823383693, 26.076638789253963, 42.3553493981064, 27.911744829854914, 54.430653007320636, 56.35576520342584, 48.71151462737859, 35.156131634710306, 52.285895148810354, 25.90007563361848, 70.71403391504921, 24.560179261675735, 27.965934585869537, 43.17948331134149, 0.0, 50.423621658976984, 25.820587712817236, 52.591231317709315], [47.95802389856281, 44.27244291908583, 12.230105516734987, 79.10469435695839, 85.34953314386216, 10.66868712466803, 67.87230336674615, 38.710393631369215, 70.81727153747383, 70.45234166487757, 44.22222057346761, 26.20734554010423, 60.597408392208216, 38.144088177218734, 45.67515932816481, 77.92768323105746, 51.71075743830876, 53.9429274984858, 69.38885787842669, 75.06951606055576, 10.013537564122666, 69.35831121185336, 61.82245235800889, 98.97012147885444, 30.70596222645283, 43.57430286864163, 75.60400897998733, 36.43542133731356, 33.842985316657504, 106.47531423967799, 98.77823232308101, 34.87006646446858, 47.13562605736388, 40.33563461262834, 88.27567692949309, 48.71529927543104, 47.4146677443575, 7.380823875317782, 50.423621658976984, 0.0, 76.21826027324616, 12.033041968438978], [72.6430353596565, 34.17596401192049, 71.4348239685086, 19.465057712175188, 9.79875751654083, 77.75086706383135, 21.179283943104977, 71.88460950113445, 66.31223431581859, 67.21207479067606, 42.98558973590231, 50.75761625626615, 15.675031301348247, 39.08074802412853, 42.44299568166608, 6.146306468967193, 39.02544939316441, 50.90543925238121, 25.259944020192602, 39.72291343636505, 67.38020222856974, 10.77098164823671, 59.75517610359612, 25.89867473449152, 50.35469122512686, 45.69101738493449, 40.51301774908545, 49.08428606728868, 77.1537047645019, 31.529818637103, 23.24888440215922, 57.28894120913623, 71.29930514336085, 46.98065209160948, 75.76720470907809, 39.981390998094476, 45.5274900873637, 68.99509035636471, 25.820587712817236, 76.21826027324616, 0.0, 77.70770456096434], [59.39914607667303, 43.9495204263991, 23.702256195933984, 77.58543104323192, 87.2596289951564, 1.403665964933739, 66.22969677578666, 50.26026957894366, 61.9574757451372, 61.45770288577935, 40.42372877035236, 27.173735144289676, 62.09729625505978, 42.31843487150481, 41.76406841620099, 80.29344520789094, 47.81072967592311, 62.95992936580477, 66.94940340797507, 70.26971007688006, 19.009702852238487, 69.58168540869457, 71.7566362693403, 98.54112761731382, 37.93176940583021, 51.407120621323315, 70.69561562377498, 32.356520822748706, 45.777066634373064, 108.86179204421371, 99.28500117097792, 44.53230166247283, 58.49299391348528, 48.165436533003295, 98.57458555540383, 44.99052597696411, 55.45809275028791, 15.556262541984934, 52.591231317709315, 12.033041968438978, 77.70770456096434, 0.0]]",Route_4,1962.8889010472722
