instance_id,num_cities,city_coordinates,distance_matrix,best_route,total_distance
1774,41,"[[21.063521325608036, 6.6208256464156285], [21.177784767642503, 55.3608685228471], [9.88902680986169, 58.77836296595162], [68.50679278880524, 31.317387169440003], [49.7473650930256, 93.5454081468235], [16.951007191528777, 20.01675030622485], [64.81036325958951, 90.85078486943651], [96.6401961713633, 46.206357097322794], [77.69997594901886, 81.88557703934916], [21.328624809296347, 24.503068697696207], [64.06820415148785, 13.466253170185393], [95.37895189580578, 7.351016002221799], [99.34362346564807, 17.906394031808702], [64.2873767843217, 77.65412635862529], [62.32026344503026, 4.163961004572714], [91.5152915878002, 67.23918065992869], [74.31124661303059, 26.594179646957983], [68.97305143860028, 9.1271509773607], [62.54426518164262, 30.672865430339247], [73.27757928149023, 98.2094816855928], [60.71057542653596, 95.64361584242893], [86.48386188614012, 71.6416088557739], [45.94497457786883, 53.30289054010866], [75.65677276679654, 88.99185382657693], [9.992244941882255, 24.714921465821583], [64.17436910741094, 33.04672003442805], [92.80741964065386, 12.799442155574404], [4.999174302015907, 51.9251038486719], [18.590970903868886, 71.74136784888823], [88.12571000251927, 30.54012377506843], [14.363453230872302, 25.764630421361957], [94.50189874674835, 64.16143088576706], [95.55496118843541, 18.22583985476296], [29.855336472787986, 25.83374395370772], [19.915522687590503, 97.87674564272409], [31.300862291387133, 18.64396001451889], [51.21223545938294, 86.68881745582688], [5.414563336531186, 32.11494370864227], [24.798023019225457, 52.88555528838855], [98.44597166473095, 87.42455984148121], [86.97141924327734, 31.732164417590635]]","[[0.0, 48.74017681267236, 53.34114759659033, 53.48629878942037, 91.53494379822295, 14.01297862676906, 94.91297176839697, 85.31616541425063, 94.19379382183182, 17.884208017190367, 43.54609767749237, 74.31901774639917, 79.08943320593771, 83.15065538398946, 41.32983128657611, 92.9410398996106, 56.870511852064425, 47.97504291099954, 47.949481004671945, 105.42670327427929, 97.45227587473424, 92.23623587405531, 52.89897823855776, 98.82008594601483, 21.212483689721207, 50.56553263510794, 72.00945943004214, 48.06808576094773, 65.16746521334137, 71.2002104849769, 20.28241045180167, 93.2958548358968, 75.3899924898071, 21.128943264272884, 91.26314061682044, 15.791102244083048, 85.55599497587545, 29.913875407821084, 46.41520991813437, 111.88068233771921, 70.5296415899488], [48.74017681267236, 0.0, 11.794715956648126, 53.0860056498784, 47.68941167873159, 35.59595961887397, 56.24354245727975, 76.01566032275497, 62.436513818673895, 30.85816849340298, 59.95620793937533, 88.37849932101025, 86.67604051156508, 48.53273399239956, 65.67972968240694, 71.33343651403365, 60.420916548472796, 66.4977003679359, 48.173469861922264, 67.45659521763444, 56.44059947319103, 67.30487511611136, 24.852544426541417, 64.02345902801301, 32.62346352268072, 48.44200127626886, 83.32034329296597, 16.539404931701522, 16.583496740321245, 71.40093881097805, 30.370584848712113, 73.85035943531047, 83.13227247290419, 30.775818249348752, 42.53461076383816, 38.08684902903742, 43.39940797639959, 28.086512249724258, 4.385578708324596, 83.65675709313649, 69.90792512446073], [53.34114759659033, 11.794715956648126, 0.0, 64.73135005589478, 52.89077954902836, 39.399672370385794, 63.60026292539472, 87.65740537540894, 71.63985040036853, 36.13392034590451, 70.62981347532323, 99.7662232768595, 98.34959434284907, 57.58016085076554, 75.70843728866757, 82.0635883790664, 72.01419346405537, 77.1761933387841, 59.68662429484, 74.65200404497418, 62.7843664732201, 77.66744398513654, 36.46933187947683, 72.3757655451119, 34.063597884186564, 60.07508498801742, 94.81308469050306, 8.418896488083417, 15.612921783262257, 83.17678011073643, 33.315567357059024, 84.78393431327264, 94.77953072070778, 38.52273930314103, 40.36352496407436, 45.48886675831663, 49.86583041445581, 27.036248812755517, 16.03132403438872, 93.07490036234235, 81.6896081467922], [53.48629878942037, 53.0860056498784, 64.73135005589478, 0.0, 64.9941745253747, 52.77976337637937, 59.64804299363398, 31.83032848399663, 51.39704702934225, 47.66775083992434, 18.394674613883957, 36.00694213616064, 33.626847356388744, 46.52845226423798, 27.849267455577507, 42.658718505795136, 7.483339728890772, 22.19513413766123, 5.9972613531802885, 67.06200647547541, 64.79694977735765, 44.149947541746336, 31.50234910994774, 58.115973001154124, 58.885863015644915, 4.66481372758162, 30.552164455719595, 66.76747406181455, 64.23151476044369, 19.634308009777033, 54.42733068954376, 41.88647444467835, 30.049825704439282, 39.03851198837421, 82.40909980350676, 39.30517803076077, 58.00945617035965, 63.09727025546844, 48.74056247908266, 63.59535562456526, 18.469284508848038], [91.53494379822295, 47.68941167873159, 52.89077954902836, 64.9941745253747, 0.0, 80.51127011445604, 15.302121041638099, 66.632749911802, 30.286962791297164, 74.6623696109531, 81.34960044837837, 97.52802136471875, 90.44915312403612, 21.53937735532175, 90.26140297055444, 49.361698595825835, 71.3151545814075, 86.57984268285531, 64.16164960094297, 23.98800870706175, 11.162188689978601, 42.77086181050247, 40.42175648034741, 26.306506095509842, 79.48651127691684, 62.19509392349198, 91.509995746392, 61.11178535224888, 38.02810897460066, 73.77372985526611, 76.46080726579505, 53.53864400823469, 88.15539250518131, 70.57309877304262, 30.1446397524686, 77.1394866325099, 7.011325202420258, 75.7568430748753, 47.70422732195832, 49.08175899458733, 72.15613146303244], [14.01297862676906, 35.59595961887397, 39.399672370385794, 52.77976337637937, 80.51127011445604, 0.0, 85.486714849453, 83.88243167753367, 86.70749060163062, 6.268220538322113, 47.57036117261291, 79.44408937105851, 82.41963855841176, 74.58417395420635, 48.05913380033456, 88.25978946291713, 57.7361207843439, 53.149566895577465, 46.821981629267455, 96.36797167094272, 87.37461074560127, 86.6022164972865, 44.143145294257515, 90.57555860949232, 8.396260137226099, 48.98801916546822, 76.1989819262254, 34.073293577355194, 51.750609087358505, 71.94845175121964, 6.303456299308942, 89.23504695173997, 78.62435337853641, 14.154827066906183, 77.91641178805703, 14.415370080991089, 74.95996465062568, 16.716932147430885, 33.79251393956407, 105.76030456097355, 70.99372529806732], [94.91297176839697, 56.24354245727975, 63.60026292539472, 59.64804299363398, 15.302121041638099, 85.486714849453, 0.0, 54.829400820097575, 15.700861973794872, 79.32642069238668, 77.38809046910343, 88.91934554464788, 80.7058251623261, 13.207017479517441, 86.72258084757618, 35.646332916042255, 64.95520070951324, 81.82958089469675, 60.22057114074355, 11.218028614406418, 6.3070983036361, 28.96088717285716, 42.020795550283964, 11.004554685226386, 85.90098092592287, 57.80756351907134, 82.92072880433005, 71.36236380227948, 50.01401852078341, 64.66050754040498, 82.34742395657622, 39.923788593404126, 78.86452269677889, 73.81781293904312, 45.44128997699101, 79.60346858502275, 14.22079647638272, 83.5329880069307, 55.15746575625403, 33.809660908181385, 63.13575600593973], [85.31616541425063, 76.01566032275497, 87.65740537540894, 31.83032848399663, 66.632749911802, 83.88243167753367, 54.829400820097575, 0.0, 40.3947852790728, 78.37643464958755, 46.18277892572715, 38.8758056989083, 28.42879576494484, 45.11836780960341, 54.27173160642392, 21.64819424354687, 29.71900894584415, 46.26379171825728, 37.467610991682434, 57.00997136366686, 61.11448436416445, 27.388011211641302, 51.1895133725462, 47.65399026466028, 89.27345214434963, 35.031499747706704, 33.626063430909795, 91.81928421450623, 82.12014575570754, 17.83051713290305, 84.77810223395146, 18.08195206897179, 28.001554959133227, 69.82306818851336, 92.50137606340937, 70.91483825567931, 60.848411738738804, 92.3075512480224, 72.15198910423256, 41.257739426572996, 17.406536157866086], [94.19379382183182, 62.436513818673895, 71.63985040036853, 51.39704702934225, 30.286962791297164, 86.70749060163062, 15.700861973794872, 40.3947852790728, 0.0, 80.43930316019505, 69.76409593088327, 76.60252593436024, 67.54097523826883, 14.064245134959561, 79.2286889691011, 20.134047608522668, 55.395145203491516, 73.27992750015781, 53.408214716576914, 16.912346235357862, 21.861458364445657, 13.494277909634839, 42.72411590186046, 7.394176696599541, 88.6161424168401, 50.67717428962356, 70.71866011227192, 78.63228671433993, 59.97315614112198, 52.393239081667346, 84.62313962105911, 24.422325167239933, 66.116281174234, 73.6947591004348, 59.95632170191699, 78.43710774964315, 26.919723526529456, 87.7627302372554, 60.32924568849064, 21.472695888468657, 51.00318086518739], [17.884208017190367, 30.85816849340298, 36.13392034590451, 47.66775083992434, 74.6623696109531, 6.268220538322113, 79.32642069238668, 78.37643464958755, 80.43930316019505, 0.0, 44.14162365994013, 76.010814054892, 78.29339775484344, 68.34097820288463, 45.76017635231608, 82.17386116719359, 53.02387158817864, 50.06406130726565, 41.67487736064394, 90.17388306098637, 81.31368570216601, 80.41919476576734, 37.8865993998326, 84.3228976488058, 11.338359232872891, 43.68926392860217, 72.43060806579467, 31.91581059116419, 47.31756180957987, 67.0693419105772, 7.078499353641603, 83.22928397004027, 74.49129220395936, 8.629919375595907, 73.38728313570196, 11.566100248592878, 68.99346008206372, 17.640804792900283, 28.593745277768182, 99.52989115727408, 66.039656919379], [43.54609767749237, 59.95620793937533, 70.62981347532323, 18.394674613883957, 81.34960044837837, 47.57036117261291, 77.38809046910343, 46.18277892572715, 69.76409593088327, 44.14162365994013, 0.0, 31.902336120239756, 35.553762932506665, 64.18824737518717, 9.46509039828519, 60.372761569715905, 16.651197327775392, 6.548689544456223, 17.273965828815623, 85.24216896290044, 82.24592759778484, 62.34447626551858, 43.76538731830059, 76.40949729621605, 55.2335215504514, 19.58075467441362, 28.746950166268533, 70.48569700916583, 73.9200090278289, 29.500519405676577, 51.20363607296545, 59.1287646609668, 31.844458452166762, 36.37959789608367, 95.2606451789452, 33.17389547132755, 74.34258437515662, 61.54691901020782, 55.641967125964136, 81.55772204322551, 29.295064008103125], [74.31901774639917, 88.37849932101025, 99.7662232768595, 36.00694213616064, 97.52802136471875, 79.44408937105851, 88.91934554464788, 38.8758056989083, 76.60252593436024, 76.010814054892, 31.902336120239756, 0.0, 11.275399150549019, 76.87140800517254, 33.21195871434684, 60.01266647170638, 28.533270982135402, 26.46556695795043, 40.27437538143857, 93.50792189848475, 94.85504474490519, 64.90302732339423, 67.492909901826, 83.98922996586755, 87.134349928051, 40.42270640009806, 6.024792584630893, 100.77377389601907, 100.21233175490711, 24.29700058161959, 83.0817201308724, 56.817184561247075, 10.876248116648044, 68.08050683295605, 117.85430359052924, 65.06559883545822, 90.80300424692481, 93.31046738867488, 83.99441522556339, 80.1322596289458, 25.79005628833668], [79.08943320593771, 86.67604051156508, 98.34959434284907, 33.626847356388744, 90.44915312403612, 82.41963855841176, 80.7058251623261, 28.42879576494484, 67.54097523826883, 78.29339775484344, 35.553762932506665, 11.275399150549019, 0.0, 69.2728803326304, 39.491564323591284, 49.9500412060425, 26.497122669947654, 31.614027801897862, 38.95093788452466, 84.42762904489146, 86.80776495006603, 55.25257261032718, 64.06502687194019, 74.92802873600301, 89.6104061474837, 38.28976264721384, 8.294752431992283, 100.29031710785004, 97.05253887276241, 16.895345799715724, 85.34272794026194, 46.507749167366185, 3.802105664572866, 69.93900847156986, 112.71237877883115, 68.04675856935701, 83.95029650626951, 94.99763797410071, 82.34432747998795, 69.5239610227784, 18.553257505904796], [83.15065538398946, 48.53273399239956, 57.58016085076554, 46.52845226423798, 21.53937735532175, 74.58417395420635, 13.207017479517441, 45.11836780960341, 14.064245134959561, 68.34097820288463, 64.18824737518717, 76.87140800517254, 69.2728803326304, 0.0, 73.51648752936724, 29.151851372636404, 52.03456663162677, 68.68698495253807, 47.013586509338886, 22.43538217989583, 18.341625877793373, 22.9963979265741, 30.48649544621838, 16.056376588254903, 75.83218812925111, 44.60754946987195, 70.84859142992528, 64.63028355887492, 46.077350440162576, 52.80147128693692, 72.0063742427983, 33.09033346071405, 67.15194018979288, 62.216697377850046, 48.76285232316917, 67.60406696606123, 15.892921817242254, 74.43000281933931, 46.61428079082942, 35.528453029182586, 51.21906257238156], [41.32983128657611, 65.67972968240694, 75.70843728866757, 27.849267455577507, 90.26140297055444, 48.05913380033456, 86.72258084757618, 54.27173160642392, 79.2286889691011, 45.76017635231608, 9.46509039828519, 33.21195871434684, 39.491564323591284, 73.51648752936724, 0.0, 69.50419413840099, 25.43419716996145, 8.300171250846132, 26.50985082252312, 94.68169163309301, 91.49381588266058, 71.67365240556617, 51.79560291551155, 85.8698659688659, 56.218889141867734, 28.9422092623207, 31.686562256036172, 74.61121917189026, 80.49196818287284, 36.90017661918579, 52.597001484592056, 68.08343442304898, 36.08713858001113, 39.032691123923875, 102.86033270091154, 34.23263967704913, 83.26908320637396, 63.39965409181367, 61.49562810581461, 90.76009097095242, 36.98222980853079], [92.9410398996106, 71.33343651403365, 82.0635883790664, 42.658718505795136, 49.361698595825835, 88.25978946291713, 35.646332916042255, 21.64819424354687, 20.134047608522668, 82.17386116719359, 60.372761569715905, 60.01266647170638, 49.9500412060425, 29.151851372636404, 69.50419413840099, 0.0, 44.13609940670206, 62.33105634249964, 46.652071556319825, 35.94125339756506, 41.901580827134815, 6.685555987524162, 47.6536879442655, 26.919721564145977, 91.94737491870075, 43.779566074883235, 54.45507068517537, 87.86102377498602, 73.06316607359199, 36.85525796357265, 87.59306182195554, 4.288632182203586, 49.179533419560016, 74.27220377515529, 77.87931236624043, 77.37747065566819, 44.75069502010789, 92.98950170212221, 68.24383112456286, 21.34206782464667, 35.796577745882054], [56.870511852064425, 60.420916548472796, 72.01419346405537, 7.483339728890772, 71.3151545814075, 57.7361207843439, 64.95520070951324, 29.71900894584415, 55.395145203491516, 53.02387158817864, 16.651197327775392, 28.533270982135402, 26.497122669947654, 52.03456663162677, 25.43419716996145, 44.13609940670206, 0.0, 18.26453991385615, 12.453815870093218, 71.62276142566124, 70.37615289027639, 46.663084348448514, 38.96152752070568, 62.4121797701086, 64.34644968671192, 12.016304049743, 23.07386398338957, 73.79579316573746, 71.71483617526785, 14.366971629459439, 59.95353270081445, 42.64927665535025, 22.832532050539246, 44.462413439228584, 89.66659911200739, 43.73898891949256, 64.38112929776453, 69.11752167379164, 56.06064344768931, 65.44325868973378, 13.66304719053923], [47.97504291099954, 66.4977003679359, 77.1761933387841, 22.19513413766123, 86.57984268285531, 53.149566895577465, 81.82958089469675, 46.26379171825728, 73.27992750015781, 50.06406130726565, 6.548689544456223, 26.46556695795043, 31.614027801897862, 68.68698495253807, 8.300171250846132, 62.33105634249964, 18.26453991385615, 0.0, 22.48437466390685, 89.18626914699958, 86.91010989866786, 64.92061249219363, 49.81755001823646, 80.14388867522334, 61.00585319298655, 24.39617051898684, 24.11561382359257, 76.96961560162404, 80.36724577489788, 28.728726635572112, 57.08777398584614, 60.667075171954345, 28.095979520852158, 42.535936254229355, 101.40577735229117, 38.85567512466023, 79.56920692808524, 67.58786891504437, 62.179024467258685, 83.66084664579435, 28.895118554271615], [47.949481004671945, 48.173469861922264, 59.68662429484, 5.9972613531802885, 64.16164960094297, 46.821981629267455, 60.22057114074355, 37.467610991682434, 53.408214716576914, 41.67487736064394, 17.273965828815623, 40.27437538143857, 38.95093788452466, 47.013586509338886, 26.50985082252312, 46.652071556319825, 12.453815870093218, 22.48437466390685, 0.0, 68.38419822426353, 64.99662166011427, 47.45041863074637, 28.065182789665336, 59.77493005208141, 52.88867485165908, 2.8796570091173845, 35.14708775089164, 61.344071613597286, 60.154085220963516, 25.581789215584603, 48.430170463656665, 46.29011081585403, 35.279377779829616, 33.045168433496855, 79.58373704611247, 33.47902014195722, 57.15069359988476, 57.14789954733317, 43.79705912631264, 67.15420572781328, 24.450111858542268], [105.42670327427929, 67.45659521763444, 74.65200404497418, 67.06200647547541, 23.98800870706175, 96.36797167094272, 11.218028614406418, 57.00997136366686, 16.912346235357862, 90.17388306098637, 85.24216896290044, 93.50792189848475, 84.42762904489146, 22.43538217989583, 94.68169163309301, 35.94125339756506, 71.62276142566124, 89.18626914699958, 68.38419822426353, 0.0, 12.82627199990514, 29.66913829108132, 52.570649683945334, 9.519728199262287, 96.9870296708459, 65.79554651707035, 87.6144366926691, 82.48747916073057, 60.75513300059574, 69.27921034431192, 93.37628565650182, 40.12158396712235, 83.02809587814454, 84.40224275913828, 53.36309396207066, 89.95952983457254, 24.89186819591524, 94.73054884002478, 66.3666006319842, 27.38179165687236, 67.87307981850873], [97.45227587473424, 56.44059947319103, 62.7843664732201, 64.79694977735765, 11.162188689978601, 87.37461074560127, 6.3070983036361, 61.11448436416445, 21.861458364445657, 81.31368570216601, 82.24592759778484, 94.85504474490519, 86.80776495006603, 18.341625877793373, 91.49381588266058, 41.901580827134815, 70.37615289027639, 86.91010989866786, 64.99662166011427, 12.82627199990514, 0.0, 35.21872562027553, 44.84149849802862, 16.35954622993999, 87.19649495891865, 62.6926569181861, 88.8446088536782, 70.8171483908061, 48.4291084399723, 70.64031627324546, 83.85182370883456, 46.18421268546857, 84.89784012565038, 76.32472721217255, 40.856128018674355, 82.42498543711332, 13.053998478485708, 84.22316270563647, 55.83872458026604, 38.62011148094079, 69.0963496951666], [92.23623587405531, 67.30487511611136, 77.66744398513654, 44.149947541746336, 42.77086181050247, 86.6022164972865, 28.96088717285716, 27.388011211641302, 13.494277909634839, 80.41919476576734, 62.34447626551858, 64.90302732339423, 55.25257261032718, 22.9963979265741, 71.67365240556617, 6.685555987524162, 46.663084348448514, 64.92061249219363, 47.45041863074637, 29.66913829108132, 35.21872562027553, 0.0, 44.493931874515596, 20.451329036155183, 89.73896284302256, 44.57890657223679, 59.180976374581185, 83.83611918724175, 67.89296427309147, 41.13426480535068, 85.47543796245988, 10.965490301899315, 54.180524365508525, 72.83646324044444, 71.55156312676296, 76.51087652729831, 38.34717874162614, 90.19195321634349, 64.47427597218591, 19.80387871535013, 39.91242247146789], [52.89897823855776, 24.852544426541417, 36.46933187947683, 31.50234910994774, 40.42175648034741, 44.143145294257515, 42.020795550283964, 51.1895133725462, 42.72411590186046, 37.8865993998326, 43.76538731830059, 67.492909901826, 64.06502687194019, 30.48649544621838, 51.79560291551155, 47.6536879442655, 38.96152752070568, 49.81755001823646, 28.065182789665336, 52.570649683945334, 44.84149849802862, 44.493931874515596, 0.0, 46.43805607562022, 45.933329337973554, 27.251114994966816, 61.94043984588079, 40.968974314682775, 32.98816397533487, 47.93076247843321, 41.90164985962429, 49.7562336112834, 60.75812913744882, 31.834422698356757, 51.61744786811209, 37.625675938602654, 33.798877987525074, 45.734487275195235, 21.151069214957847, 62.61503821788289, 46.35154136958671], [98.82008594601483, 64.02345902801301, 72.3757655451119, 58.115973001154124, 26.306506095509842, 90.57555860949232, 11.004554685226386, 47.65399026466028, 7.394176696599541, 84.3228976488058, 76.40949729621605, 83.98922996586755, 74.92802873600301, 16.056376588254903, 85.8698659688659, 26.919721564145977, 62.4121797701086, 80.14388867522334, 59.77493005208141, 9.519728199262287, 16.35954622993999, 20.451329036155183, 46.43805607562022, 0.0, 91.88772631955837, 57.11132627437845, 78.09883663944858, 79.78997540251966, 59.61614721470477, 59.76687328113137, 88.05993867398429, 31.171921285345118, 73.51031652715157, 78.01742375461743, 56.44491352617369, 83.16413264079128, 24.55278763600037, 90.38224875609633, 62.372086865959886, 22.843029502352184, 58.366884927168385], [21.212483689721207, 32.62346352268072, 34.063597884186564, 58.885863015644915, 79.48651127691684, 8.396260137226099, 85.90098092592287, 89.27345214434963, 88.6161424168401, 11.338359232872891, 55.2335215504514, 87.134349928051, 89.6104061474837, 75.83218812925111, 56.218889141867734, 91.94737491870075, 64.34644968671192, 61.00585319298655, 52.88867485165908, 96.9870296708459, 87.19649495891865, 89.73896284302256, 45.933329337973554, 91.88772631955837, 0.0, 54.81898801032905, 83.66798555947783, 27.664503966683974, 47.806116215279246, 78.35031170534958, 4.495481153010983, 93.26257926755063, 85.80842960713795, 19.894576369567126, 73.83172731360459, 22.156573432975225, 74.43017803581314, 8.70146528316987, 31.824450889853395, 108.42767412596473, 77.29835040134245], [50.56553263510794, 48.44200127626886, 60.07508498801742, 4.66481372758162, 62.19509392349198, 48.98801916546822, 57.80756351907134, 35.031499747706704, 50.67717428962356, 43.68926392860217, 19.58075467441362, 40.42270640009806, 38.28976264721384, 44.60754946987195, 28.9422092623207, 43.779566074883235, 12.016304049743, 24.39617051898684, 2.8796570091173845, 65.79554651707035, 62.6926569181861, 44.57890657223679, 27.251114994966816, 57.11132627437845, 54.81898801032905, 0.0, 35.06855919969851, 62.11358189393327, 59.792323598165915, 24.08214598994708, 50.34040295421099, 43.44979039520585, 34.704467272321665, 35.068832671153444, 78.49699170532317, 35.89020683381829, 55.18597217116123, 58.767193070222504, 44.09167739483662, 64.27668476149373, 22.834919561210743], [72.00945943004214, 83.32034329296597, 94.81308469050306, 30.552164455719595, 91.509995746392, 76.1989819262254, 82.92072880433005, 33.626063430909795, 70.71866011227192, 72.43060806579467, 28.746950166268533, 6.024792584630893, 8.294752431992283, 70.84859142992528, 31.686562256036172, 54.45507068517537, 23.07386398338957, 24.11561382359257, 35.14708775089164, 87.6144366926691, 88.8446088536782, 59.180976374581185, 61.94043984588079, 78.09883663944858, 83.66798555947783, 35.06855919969851, 0.0, 96.13066811571191, 94.77463725879387, 18.348029579768383, 79.50818808692758, 51.389932338556626, 6.082333149914159, 64.28730666732527, 112.03292466976207, 61.7836142189995, 84.79268322995453, 89.50195491294926, 78.94412261155058, 74.83783440589168, 19.811786211465737], [48.06808576094773, 16.539404931701522, 8.418896488083417, 66.76747406181455, 61.11178535224888, 34.073293577355194, 71.36236380227948, 91.81928421450623, 78.63228671433993, 31.91581059116419, 70.48569700916583, 100.77377389601907, 100.29031710785004, 64.63028355887492, 74.61121917189026, 87.86102377498602, 73.79579316573746, 76.96961560162404, 61.344071613597286, 82.48747916073057, 70.8171483908061, 83.83611918724175, 40.968974314682775, 79.78997540251966, 27.664503966683974, 62.11358189393327, 96.13066811571191, 0.0, 24.02959121151277, 85.83320051306184, 27.785969297442435, 90.33529422317976, 96.62293171059237, 36.0359245618628, 48.31201540743997, 42.419492288331504, 57.82873684678611, 19.814514700683798, 19.822131002871618, 99.96256956047965, 84.4227679217963], [65.16746521334137, 16.583496740321245, 15.612921783262257, 64.23151476044369, 38.02810897460066, 51.750609087358505, 50.01401852078341, 82.12014575570754, 59.97315614112198, 47.31756180957987, 73.9200090278289, 100.21233175490711, 97.05253887276241, 46.077350440162576, 80.49196818287284, 73.06316607359199, 71.71483617526785, 80.36724577489788, 60.154085220963516, 60.75513300059574, 48.4291084399723, 67.89296427309147, 32.98816397533487, 59.61614721470477, 47.806116215279246, 59.792323598165915, 94.77463725879387, 24.02959121151277, 0.0, 80.82464014610798, 46.17068648130753, 76.28842907238123, 93.74095976153038, 47.269396689312615, 26.168920685696772, 54.597399734894495, 35.882769555216996, 41.75968398495446, 19.851175362669334, 81.38048695844607, 79.22513536943602], [71.2002104849769, 71.40093881097805, 83.17678011073643, 19.634308009777033, 73.77372985526611, 71.94845175121964, 64.66050754040498, 17.83051713290305, 52.393239081667346, 67.0693419105772, 29.500519405676577, 24.29700058161959, 16.895345799715724, 52.80147128693692, 36.90017661918579, 36.85525796357265, 14.366971629459439, 28.728726635572112, 25.581789215584603, 69.27921034431192, 70.64031627324546, 41.13426480535068, 47.93076247843321, 59.76687328113137, 78.35031170534958, 24.08214598994708, 18.348029579768383, 85.83320051306184, 80.82464014610798, 0.0, 73.91668188452235, 34.220579696053484, 14.381771853750507, 58.460126944074624, 95.84805839496859, 58.05671390641371, 67.19583621700394, 82.72613759039989, 67.15440602202153, 57.813033715333766, 1.6593215632589318], [20.28241045180167, 30.370584848712113, 33.315567357059024, 54.42733068954376, 76.46080726579505, 6.303456299308942, 82.34742395657622, 84.77810223395146, 84.62313962105911, 7.078499353641603, 51.20363607296545, 83.0817201308724, 85.34272794026194, 72.0063742427983, 52.597001484592056, 87.59306182195554, 59.95353270081445, 57.08777398584614, 48.430170463656665, 93.37628565650182, 83.85182370883456, 85.47543796245988, 41.90164985962429, 88.05993867398429, 4.495481153010983, 50.34040295421099, 79.50818808692758, 27.785969297442435, 46.17068648130753, 73.91668188452235, 0.0, 88.86216706565496, 81.54075255741805, 15.492037408343078, 72.32553240005379, 18.373344081198187, 71.20104857047166, 10.973108456023274, 29.058988494283724, 104.26800469115283, 72.8527843699519], [93.2958548358968, 73.85035943531047, 84.78393431327264, 41.88647444467835, 53.53864400823469, 89.23504695173997, 39.923788593404126, 18.08195206897179, 24.422325167239933, 83.22928397004027, 59.1287646609668, 56.817184561247075, 46.507749167366185, 33.09033346071405, 68.08343442304898, 4.288632182203586, 42.64927665535025, 60.667075171954345, 46.29011081585403, 40.12158396712235, 46.18421268546857, 10.965490301899315, 49.7562336112834, 31.171921285345118, 93.26257926755063, 43.44979039520585, 51.389932338556626, 90.33529422317976, 76.28842907238123, 34.220579696053484, 88.86216706565496, 0.0, 45.9476600478605, 75.15443832138584, 81.85261109334753, 77.88588552200471, 48.80039029772595, 94.67592445223949, 70.61002522252426, 23.59510288158435, 33.29212287037564], [75.3899924898071, 83.13227247290419, 94.77953072070778, 30.049825704439282, 88.15539250518131, 78.62435337853641, 78.86452269677889, 28.001554959133227, 66.116281174234, 74.49129220395936, 31.844458452166762, 10.876248116648044, 3.802105664572866, 67.15194018979288, 36.08713858001113, 49.179533419560016, 22.832532050539246, 28.095979520852158, 35.279377779829616, 83.02809587814454, 84.89784012565038, 54.180524365508525, 60.75812913744882, 73.51031652715157, 85.80842960713795, 34.704467272321665, 6.082333149914159, 96.62293171059237, 93.74095976153038, 14.381771853750507, 81.54075255741805, 45.9476600478605, 0.0, 66.13864900763888, 109.84348614991131, 64.25545929755428, 81.56872333857969, 91.20415851683204, 78.78984815965383, 69.25908452596158, 16.00306206701487], [21.128943264272884, 30.775818249348752, 38.52273930314103, 39.03851198837421, 70.57309877304262, 14.154827066906183, 73.81781293904312, 69.82306818851336, 73.6947591004348, 8.629919375595907, 36.37959789608367, 68.08050683295605, 69.93900847156986, 62.216697377850046, 39.032691123923875, 74.27220377515529, 44.462413439228584, 42.535936254229355, 33.045168433496855, 84.40224275913828, 76.32472721217255, 72.83646324044444, 31.834422698356757, 78.01742375461743, 19.894576369567126, 35.068832671153444, 64.28730666732527, 36.0359245618628, 47.269396689312615, 58.460126944074624, 15.492037408343078, 75.15443832138584, 66.13864900763888, 0.0, 72.72547002562456, 7.333657885697588, 64.4938532363507, 25.23499280482089, 27.520481751865297, 92.18516061577273, 57.41984217162342], [91.26314061682044, 42.53461076383816, 40.36352496407436, 82.40909980350676, 30.1446397524686, 77.91641178805703, 45.44128997699101, 92.50137606340937, 59.95632170191699, 73.38728313570196, 95.2606451789452, 117.85430359052924, 112.71237877883115, 48.76285232316917, 102.86033270091154, 77.87931236624043, 89.66659911200739, 101.40577735229117, 79.58373704611247, 53.36309396207066, 40.856128018674355, 71.55156312676296, 51.61744786811209, 56.44491352617369, 73.83172731360459, 78.49699170532317, 112.03292466976207, 48.31201540743997, 26.168920685696772, 95.84805839496859, 72.32553240005379, 81.85261109334753, 109.84348614991131, 72.72547002562456, 0.0, 80.04661314695893, 33.236335048185516, 67.34160983907707, 45.25534243587679, 79.22297396951822, 94.18916545089064], [15.791102244083048, 38.08684902903742, 45.48886675831663, 39.30517803076077, 77.1394866325099, 14.415370080991089, 79.60346858502275, 70.91483825567931, 78.43710774964315, 11.566100248592878, 33.17389547132755, 65.06559883545822, 68.04675856935701, 67.60406696606123, 34.23263967704913, 77.37747065566819, 43.73898891949256, 38.85567512466023, 33.47902014195722, 89.95952983457254, 82.42498543711332, 76.51087652729831, 37.625675938602654, 83.16413264079128, 22.156573432975225, 35.89020683381829, 61.7836142189995, 42.419492288331504, 54.597399734894495, 58.05671390641371, 18.373344081198187, 77.88588552200471, 64.25545929755428, 7.333657885697588, 80.04661314695893, 0.0, 70.89827505407385, 29.181635925141588, 34.853604770512064, 96.1209479006269, 57.18839048120027], [85.55599497587545, 43.39940797639959, 49.86583041445581, 58.00945617035965, 7.011325202420258, 74.95996465062568, 14.22079647638272, 60.848411738738804, 26.919723526529456, 68.99346008206372, 74.34258437515662, 90.80300424692481, 83.95029650626951, 15.892921817242254, 83.26908320637396, 44.75069502010789, 64.38112929776453, 79.56920692808524, 57.15069359988476, 24.89186819591524, 13.053998478485708, 38.34717874162614, 33.798877987525074, 24.55278763600037, 74.43017803581314, 55.18597217116123, 84.79268322995453, 57.82873684678611, 35.882769555216996, 67.19583621700394, 71.20104857047166, 48.80039029772595, 81.56872333857969, 64.4938532363507, 33.236335048185516, 70.89827505407385, 0.0, 71.24418900967207, 42.89954722365188, 47.23946605090337, 65.5664009844632], [29.913875407821084, 28.086512249724258, 27.036248812755517, 63.09727025546844, 75.7568430748753, 16.716932147430885, 83.5329880069307, 92.3075512480224, 87.7627302372554, 17.640804792900283, 61.54691901020782, 93.31046738867488, 94.99763797410071, 74.43000281933931, 63.39965409181367, 92.98950170212221, 69.11752167379164, 67.58786891504437, 57.14789954733317, 94.73054884002478, 84.22316270563647, 90.19195321634349, 45.734487275195235, 90.38224875609633, 8.70146528316987, 58.767193070222504, 89.50195491294926, 19.814514700683798, 41.75968398495446, 82.72613759039989, 10.973108456023274, 94.67592445223949, 91.20415851683204, 25.23499280482089, 67.34160983907707, 29.181635925141588, 71.24418900967207, 0.0, 28.410153372822975, 108.23121810406752, 81.55775417076792], [46.41520991813437, 4.385578708324596, 16.03132403438872, 48.74056247908266, 47.70422732195832, 33.79251393956407, 55.15746575625403, 72.15198910423256, 60.32924568849064, 28.593745277768182, 55.641967125964136, 83.99441522556339, 82.34432747998795, 46.61428079082942, 61.49562810581461, 68.24383112456286, 56.06064344768931, 62.179024467258685, 43.79705912631264, 66.3666006319842, 55.83872458026604, 64.47427597218591, 21.151069214957847, 62.372086865959886, 31.824450889853395, 44.09167739483662, 78.94412261155058, 19.822131002871618, 19.851175362669334, 67.15440602202153, 29.058988494283724, 70.61002522252426, 78.78984815965383, 27.520481751865297, 45.25534243587679, 34.853604770512064, 42.89954722365188, 28.410153372822975, 0.0, 81.34471817647149, 65.67341275863244], [111.88068233771921, 83.65675709313649, 93.07490036234235, 63.59535562456526, 49.08175899458733, 105.76030456097355, 33.809660908181385, 41.257739426572996, 21.472695888468657, 99.52989115727408, 81.55772204322551, 80.1322596289458, 69.5239610227784, 35.528453029182586, 90.76009097095242, 21.34206782464667, 65.44325868973378, 83.66084664579435, 67.15420572781328, 27.38179165687236, 38.62011148094079, 19.80387871535013, 62.61503821788289, 22.843029502352184, 108.42767412596473, 64.27668476149373, 74.83783440589168, 99.96256956047965, 81.38048695844607, 57.813033715333766, 104.26800469115283, 23.59510288158435, 69.25908452596158, 92.18516061577273, 79.22297396951822, 96.1209479006269, 47.23946605090337, 108.23121810406752, 81.34471817647149, 0.0, 56.86218656826059], [70.5296415899488, 69.90792512446073, 81.6896081467922, 18.469284508848038, 72.15613146303244, 70.99372529806732, 63.13575600593973, 17.406536157866086, 51.00318086518739, 66.039656919379, 29.295064008103125, 25.79005628833668, 18.553257505904796, 51.21906257238156, 36.98222980853079, 35.796577745882054, 13.66304719053923, 28.895118554271615, 24.450111858542268, 67.87307981850873, 69.0963496951666, 39.91242247146789, 46.35154136958671, 58.366884927168385, 77.29835040134245, 22.834919561210743, 19.811786211465737, 84.4227679217963, 79.22513536943602, 1.6593215632589318, 72.8527843699519, 33.29212287037564, 16.00306206701487, 57.41984217162342, 94.18916545089064, 57.18839048120027, 65.5664009844632, 81.55775417076792, 65.67341275863244, 56.86218656826059, 0.0]]",Route_4,2198.2209910584343
