instance_id,num_cities,city_coordinates,distance_matrix,best_route,total_distance
2190,95,"[[38.689469840019996, 35.182861641753085], [48.744550499680074, 96.61526000450316], [90.9798485912259, 6.403005280899121], [24.959410659876514, 53.25498667400153], [92.63706996965165, 84.753459796649], [50.04880283526251, 44.10696629914814], [90.84197950954979, 67.4670385493438], [18.855345369385933, 18.20400617033219], [81.46843715881495, 2.9109469857526493], [96.9174048480928, 52.787314140128075], [92.53022616548017, 62.098299476978355], [45.70800387056272, 20.181547394106047], [44.19684110684325, 70.80721229664663], [49.72026976788288, 42.083475527138724], [1.3176446666990471, 0.4872879727370605], [13.634642105459637, 24.255625668175718], [89.71529678617426, 2.1546795472341285], [29.928366640621185, 75.82185876785637], [34.3524036769175, 63.969518171238384], [93.79149530575363, 19.17426516911308], [76.27941539548513, 68.93295230160106], [48.790580526946684, 36.4735675409178], [47.63010074022904, 82.84334330972469], [98.65959961732797, 60.332961707666335], [16.60307364636059, 50.4471445053566], [88.98971791426703, 11.957777506357736], [49.26419494467782, 73.4560070854099], [58.88774755916304, 13.773121028907232], [41.8375074238578, 16.358234129818417], [83.64301623153612, 68.54975950704502], [26.039713405816855, 59.678455125433125], [83.97619240470262, 77.08012040008676], [30.370776313200288, 22.37702367443577], [51.598889813041104, 60.93229483485908], [95.95706372028926, 66.66803863595784], [97.85625170140126, 63.821372973670506], [51.34323889032696, 33.685326709422306], [41.00574031404055, 99.85443093654723], [54.403210884024176, 83.60145139660943], [70.73360310952158, 87.71359432238822], [75.43559082011329, 53.86968056298429], [91.86945777411094, 44.934328761274514], [34.90991161965078, 35.21836577354057], [94.98589202453886, 81.06162002500902], [67.6552564941851, 81.61136953971577], [68.06370734364194, 72.48920092134759], [8.256402999166612, 62.612824575526545], [22.83256460997064, 48.77911571747301], [29.745142539211823, 61.576100583220196], [28.72230505559159, 83.14552230915609], [85.99478562276107, 8.01784488536984], [44.65795954470079, 96.56044230727233], [88.36937780089303, 39.97478090075136], [22.63026698441022, 84.9209965364688], [14.297623481189149, 0.45310599598740176], [7.463977454555182, 65.72348155335112], [77.133898479301, 89.04164506818374], [98.2398537813917, 3.8652085016197546], [83.08727904748451, 42.05227188338784], [84.75442231627478, 74.5270531180186], [4.4542998839679715, 89.44483297832718], [70.32678593890623, 24.546067120100858], [22.17504139032478, 57.40701067353318], [99.88556553304367, 58.40539716037371], [8.340684840962808, 60.19214708392905], [35.31887981892208, 13.327050390357698], [67.48709712303726, 0.356912629008832], [69.91463294561538, 26.576499981146874], [66.79280099118026, 51.962044989025266], [10.518829045903022, 83.80859288158413], [99.17556248203509, 50.970739820013286], [0.6201631471222546, 97.34298426727312], [6.520836295233179, 92.50841655484297], [11.76185929055208, 92.70381542343867], [17.256870192674235, 17.35223177140236], [38.76814366233495, 73.00288850143077], [85.16668052490655, 78.71455035185696], [74.39571969010117, 45.34542013078393], [35.20541035947502, 49.20994854878181], [26.21965573009448, 60.34500333012844], [39.78153589184754, 71.60071617037669], [38.413664425708426, 10.173603013535393], [96.23542084767752, 8.10701334034637], [74.25444740506121, 56.56104188679688], [15.212129574692135, 24.618860390923537], [39.89415702207911, 76.15911597566709], [26.63618002693925, 83.33087058242869], [12.726324514820464, 43.47959360279434], [64.6453933411516, 23.809300316506267], [83.41782525141299, 48.493807369866616], [56.98583056547416, 53.720895337984075], [32.8329983964656, 49.55774526426773], [73.65855061539014, 10.50716841170598], [81.77181354951365, 8.563213126594139], [25.76160003772673, 37.15291388596829]]","[[0.0, 62.24985313775357, 59.687216739398664, 22.696172106138583, 73.26382300413215, 14.445556065203766, 61.33638678167318, 26.108887885852287, 53.58653301368453, 60.83098850973813, 60.19358633242794, 16.561982040038092, 36.04754496291591, 13.011418794417347, 50.994471749468914, 27.334024197522368, 60.78236444897142, 41.57264745822603, 29.111539585698438, 57.38038315879548, 50.51804258293061, 10.18323911276187, 48.491817801736715, 65.0303313756943, 26.847853325049893, 55.40324439441237, 39.70715896649354, 29.43378018415187, 19.086035250736153, 55.98366910382899, 27.569012277598407, 61.69495548351827, 15.270564758329595, 28.80427804695103, 65.35207478873072, 65.73334319156936, 12.742075264730518, 64.71303565712384, 50.904631335931526, 61.532953390503906, 41.224684455778885, 54.066646166126915, 3.779724974721641, 72.62332697946827, 54.72314996530986, 47.48272085046734, 40.97040912522153, 20.88778514745633, 27.86761655910599, 48.98735747247852, 54.55026156380402, 61.66709234030093, 49.910477308733235, 52.266433388577056, 42.439581713388776, 43.67792164583177, 66.17206846983046, 67.28330867139698, 44.926097754983104, 60.58007304023871, 64.15924247722191, 33.377554848081616, 27.688249262220875, 65.4541693399535, 39.325730880013325, 22.11418916774807, 45.1901544782693, 32.38950867185527, 32.73130329811434, 56.196501148732104, 62.51259473474139, 72.89137779530304, 65.73461972379903, 63.511859789008106, 27.879879648535955, 37.82010868885836, 63.67997357883181, 37.12430300220322, 14.453298501079678, 28.082550423385243, 36.43422479934964, 25.010779391287365, 63.597468806679, 41.49571327006521, 25.744584447248574, 40.99395919454748, 49.6337844645106, 27.25657125191637, 28.338452004577565, 46.66698033925779, 26.046410676301203, 15.522098341719392, 42.79867342170496, 50.64280824138361, 13.07711449326584], [62.24985313775357, 0.0, 99.60959445353723, 49.45549696944538, 45.46708226390696, 52.52448935499228, 51.20363603534452, 83.91477409352653, 99.25397239605013, 65.1268971682513, 55.75487384587418, 76.49400655502092, 26.20566708200146, 54.54051289065832, 107.19094366517376, 80.42774613737208, 102.963116267897, 28.043079538561603, 35.67742073093469, 89.58981480869546, 39.04457637865201, 60.14171007834654, 13.816934816168828, 61.708324382678306, 56.25450580224671, 93.7366675487876, 23.165082044312875, 83.46079580641113, 80.5536929401817, 44.783649121195495, 43.35708917966425, 40.285112271008735, 76.47817539177233, 35.79694478882005, 55.9093683768906, 59.05419732346005, 62.98356679225946, 8.389362992287156, 14.190829849879607, 23.722522770450034, 50.39440638779459, 67.31029848095747, 62.93628408278348, 48.78706163144433, 24.139832855468285, 30.907871943010115, 52.8720692154663, 54.403379610076314, 39.858753063767395, 24.1313933747054, 96.10973926984117, 4.086958601851529, 69.12503751719413, 28.613136870600147, 102.14573238552231, 51.55955475766788, 29.38221778408919, 105.1301911951849, 64.47125465518066, 42.24452333389176, 44.86692906072691, 75.2313860670091, 47.362702941361164, 63.838836433709425, 54.397752848739664, 84.36334804853347, 98.06606188376308, 73.16830117186667, 48.162734110746214, 40.31397404696052, 68.0199176156274, 48.129889265005076, 42.42296788696928, 37.18896137001478, 85.28834419659897, 25.633430932735696, 40.583333545223276, 57.32869230596856, 49.300830317044934, 42.69546115930741, 26.571846644327415, 87.05680484842932, 100.44447468115666, 47.48784296158296, 79.4223193466976, 22.288635966268707, 25.79253859699123, 64.19276942966476, 74.52210792214217, 59.31197337533736, 43.678887546126624, 49.67481438174463, 89.63989535647144, 94.04234718440618, 63.74940484315944], [59.687216739398664, 99.60959445353723, 0.0, 80.95558279147136, 78.36797882759069, 55.650149893260945, 61.06418890719339, 73.08356577911073, 10.132197124676319, 46.76279164733223, 55.71686877607685, 47.32217394813192, 79.60246020451292, 54.547674576213105, 89.85714509082473, 79.37881972552896, 4.4325345804606595, 92.44598784051502, 80.75005216020996, 13.077095869481779, 64.23470254118274, 51.80900553410835, 87.87676551117549, 54.474019275393346, 86.43952135003143, 5.900518162678531, 78.97025269146911, 32.92751971818053, 50.14056518273759, 62.578336266787844, 83.99699229160923, 71.02327647715168, 62.678775562705276, 67.2629417550905, 60.47021511229571, 57.828659574954024, 48.1184568654342, 105.97443302595664, 85.42511638062965, 83.7933311569564, 49.94706409779968, 38.54159173733749, 63.04096154340675, 74.76601593972367, 78.74220374729289, 69.94665670285356, 100.01356025938215, 80.24828378074236, 82.42426627223061, 98.82011762249483, 5.240091578181295, 101.36114075918361, 33.673115032869866, 104.09966501692729, 76.91270993357954, 102.43934613666534, 83.79054314416689, 7.690779404855861, 36.512502835304396, 68.40790762783931, 119.92754365207934, 27.4903563058346, 85.64759226064103, 52.759459392929955, 98.60275432891953, 56.08997990148685, 24.25828946775352, 29.166988164995686, 51.58138589388122, 111.64945435639241, 45.31503821171237, 128.19887882348854, 120.61287911607809, 117.14657340315307, 74.53162486283024, 84.62627592284815, 72.54483078425672, 42.326646521424884, 70.30805325143858, 84.28298602300465, 82.89757975050435, 52.7012440553775, 5.524914769428131, 52.873128155961595, 77.92666181967385, 86.46191567597099, 100.28960137602026, 86.59265229780101, 31.567113269742734, 42.764702939275814, 58.262989804759535, 72.41124063710032, 17.800885331127954, 9.45803400638859, 72.1039307084302], [22.696172106138583, 49.45549696944538, 80.95558279147136, 0.0, 74.64863949669906, 26.70512828108213, 67.39803629735334, 35.57851665456529, 75.68218025393894, 71.95951393103144, 68.14704167771058, 39.04300841409979, 26.041492939348196, 27.16436645811976, 57.82182222572712, 31.132191081858018, 82.48979437755919, 23.107449873124956, 14.248842164311503, 76.80723569424276, 53.661359396525576, 29.14688122858742, 37.27507259714107, 74.03928405205734, 8.815460619132557, 76.19278005249433, 31.603856802498992, 52.05717779104784, 40.573889370887265, 60.644007444301735, 6.513677990922123, 63.644461853191, 31.348548247670486, 27.723688610079662, 72.25355841078607, 73.658658372707, 32.84932241649999, 49.28481410077761, 42.28291963429209, 57.29461000375688, 50.479922861924365, 67.42542363923046, 20.59932433011854, 75.34531804055753, 51.25446030087545, 47.20101047980733, 19.145746136020705, 4.955491392333936, 9.599175293277993, 30.126458384445865, 75.97181052248712, 47.575154395682176, 64.7857067431132, 31.75155257417879, 53.8675441149758, 21.483797327247046, 63.268176030617205, 88.37065990475969, 59.197549796988326, 63.46608724182926, 41.59524664505542, 53.687994949156526, 4.999201488429014, 75.10296540254562, 18.008504724082307, 41.249953904555305, 67.87348785482028, 52.275363824472954, 41.853365991422564, 33.794278356518575, 74.2512961164965, 50.360207518153025, 43.36833847417512, 41.597902012582026, 36.71970777722771, 24.096902990197062, 65.36898903354196, 50.06505661070863, 11.01557276216964, 7.2011494791571815, 23.585189995978443, 45.13338633977824, 84.37185030819195, 49.40577545974925, 30.249582097179182, 27.34311225831359, 30.122588673344588, 15.659077441821657, 49.41685609630027, 58.65198261714678, 32.02980866088393, 8.698446866401863, 64.79955399995399, 72.28418737806489, 16.122042546434873], [73.26382300413215, 45.46708226390696, 78.36797882759069, 74.64863949669906, 0.0, 58.87187725181243, 17.379375975541624, 99.36082056299026, 82.60106090157095, 32.25144546846717, 22.655412260836684, 79.82398835096087, 50.407872317849105, 60.51924732776172, 124.25789774303519, 99.50563573322432, 82.6504401514403, 63.341573789620085, 61.87951643592455, 65.58935482113594, 22.756566537345183, 65.21857582525281, 45.04748410523959, 25.15216869916282, 83.41517767022859, 72.88699840935243, 44.82007056771199, 78.59532590905451, 85.19684529875916, 18.532482448917136, 71.16153287101147, 11.571125169570662, 88.13575386311722, 47.4508180193264, 18.38762673821307, 21.572948725515914, 65.67446004515377, 53.7943633792094, 38.25121048977901, 22.102584846648355, 35.35107784333799, 39.82652915953217, 76.06674931298345, 4.375688053893613, 25.178636494173325, 27.463834337356833, 87.23706028047204, 78.52911816922865, 67.02674478164684, 63.934987581004876, 77.02255862510071, 49.41052391116485, 44.981588234623196, 70.00700345518008, 115.0809216466196, 87.2731101802014, 16.085299474434063, 81.08205956935787, 43.75602765175041, 12.911836723875663, 88.30747376249825, 64.20809066185193, 75.58257571131747, 27.32692980591855, 87.80170059820169, 91.58114916744783, 88.06417153420085, 62.45692753959197, 41.75168408719849, 82.1236766462511, 34.409650584600186, 92.87414746624864, 86.46470410860435, 81.26504695735534, 101.11923683319766, 55.1356250283528, 9.605995301818414, 43.42511312970469, 67.54063012295973, 70.76048092930799, 54.467441169457906, 92.20809479960351, 76.73086656242229, 33.656102566339136, 98.03464408488517, 53.438540510650775, 66.01621947144847, 89.94030948209507, 67.06507686729053, 37.41332472911004, 47.26553636567738, 69.39211265104727, 76.63351734912042, 76.96107772581642, 82.08617697036826], [14.445556065203766, 52.52448935499228, 55.650149893260945, 26.70512828108213, 58.87187725181243, 0.0, 47.00825713333751, 40.546209836561545, 51.81028303624107, 47.66565108416631, 46.134145680578676, 24.316007185261405, 27.334018958027695, 2.0499875318569942, 65.40185099635275, 41.47368836386287, 57.73582168872752, 37.55883859978046, 25.315961633119322, 50.34940645337949, 36.116126817233564, 7.73640097069019, 38.81181551705669, 51.24736569604841, 34.041366903575515, 50.49718019082573, 29.359526641545564, 31.59539701777912, 28.938167000322434, 41.54541266515931, 28.616562328453032, 47.31063996989259, 29.315783023420604, 16.896581014314332, 51.15242323169487, 51.712764358685405, 10.50172064181826, 56.476161282976655, 39.73380453176757, 48.26384744239952, 27.199257232231066, 41.82883823581482, 17.55543353329553, 58.180653286150545, 41.43147925038265, 33.61678191908926, 45.70636142382711, 27.614355022759298, 26.78449689750335, 44.4840236814616, 50.93661122392787, 52.72976708386121, 38.542722034947566, 49.16870114633289, 56.42522790893267, 47.75710506762867, 52.46644415360289, 62.78356840708687, 33.102306257536135, 46.15042476108356, 64.29915127273937, 28.17490684003255, 30.88426391303358, 51.847353271774644, 44.70235058143488, 34.122922726805314, 47.09735983903034, 26.494687303306293, 18.494965138370464, 56.02533338659072, 49.6039302912329, 72.6447797885197, 65.09519381616751, 61.867146295953404, 42.321704432669044, 31.019793540514176, 49.3046671968294, 24.378394701651718, 15.696073650131135, 28.83577809560937, 29.34830578532637, 35.87268584428621, 58.55937411261052, 27.221631614991303, 39.91716517682484, 33.62227134619517, 45.68003474154516, 37.32775086286337, 25.00111394997249, 33.6561440392285, 11.855377905975764, 18.0580982886208, 41.06539429152245, 47.64145042258827, 25.263156269434788], [61.33638678167318, 51.20363603534452, 61.06418890719339, 67.39803629735334, 17.379375975541624, 47.00825713333751, 0.0, 87.2291342041485, 65.23306105164608, 15.88726224919619, 5.627924661756187, 65.36813773370591, 46.7645773772181, 48.325151668465146, 111.80739473022037, 88.4771108943765, 65.32207630181092, 61.48391052648954, 56.59774577265403, 48.382761436139376, 14.636159902969792, 52.23902182798044, 45.86607913108101, 10.583488863909501, 76.16489963908585, 55.54015605447764, 42.006903164228795, 62.48287539982905, 70.80641336482638, 7.279928361627929, 65.26864273087216, 11.813144172411059, 75.43126578172752, 39.78345088528927, 5.1771118729023975, 7.905118080777172, 51.97455690374027, 59.43562839572485, 39.85101174212018, 28.535413473720855, 20.548599871018254, 22.556123824307644, 64.56293916978304, 14.212130608405731, 27.160379661492943, 23.325346680273437, 82.7281139689281, 70.53026991833404, 61.38018114913618, 64.06768926122156, 59.6464744630628, 54.58378735792727, 27.60322426504269, 70.40936283640555, 101.73448577577925, 83.39623023662976, 25.561203648784574, 64.03062805534202, 26.5715212952014, 9.32213271152555, 89.13952343968873, 47.571871475388306, 69.39994633666198, 12.80233544423164, 82.82142034417535, 77.54968031597897, 71.0578604542175, 45.93462722831456, 28.614119114764403, 81.9686214255138, 18.481787709164077, 95.03971948757139, 87.96093340445853, 83.00939899098161, 89.02955785337211, 52.36726090349483, 12.598235603161474, 27.565294547767436, 58.55552204600068, 65.0135994721143, 51.227494503549345, 77.66122570515084, 59.604545147837804, 19.851624228786008, 86.92433820665424, 51.683970689180036, 66.13656971732901, 81.7156843593647, 50.91423410486772, 20.374041519504562, 36.540323951911596, 60.71066360820831, 59.49535305095017, 59.59805835743617, 71.79416373426992], [26.108887885852287, 83.91477409352653, 73.08356577911073, 35.57851665456529, 99.36082056299026, 40.546209836561545, 87.2291342041485, 0.0, 64.45368044304774, 85.37968329872696, 85.75953034624536, 26.92537720947558, 58.389114576084225, 39.024000498252285, 24.928960059136493, 7.992361423049551, 72.65475620938031, 58.672214361001004, 48.31812190981891, 74.94243103750036, 76.622123397564, 35.06986137144051, 70.7547203547008, 90.24171923637566, 32.32170629168362, 70.41197046516189, 63.06727945307675, 40.276866415109446, 23.056162888120586, 82.04960191727585, 42.09210211206092, 87.79021326658355, 12.248233542487341, 53.83164826505648, 91.06831180762735, 91.22547536379393, 35.98797731273675, 84.60160672651273, 74.43437770795654, 86.73486306682217, 66.88321542171275, 77.7532684590536, 23.39310860470306, 98.72659091407985, 80.01203069067391, 73.26899246847246, 45.65611384593261, 30.83270336359332, 44.71829889609419, 65.68681307430231, 67.90774859513306, 82.49549067896096, 72.84344402381919, 66.82369966347825, 18.32668234595945, 48.86577333521263, 91.72982523262323, 80.66908512187361, 68.5162833313962, 86.68894946833342, 72.68181007212063, 51.86068772579323, 39.34330875446845, 90.45467603891485, 43.284663143058495, 17.170692014327493, 51.80314687836555, 51.741177995907954, 58.63109103859393, 66.13213516865966, 86.7467354491928, 81.21268204478447, 75.3212155816019, 74.83674981918884, 1.8112544043385426, 58.3046914115259, 89.77036887109269, 61.81738858491007, 35.05271869564292, 42.77962959997194, 57.35079850020585, 21.142734429812986, 78.03605157383917, 67.38191667883387, 7.377220072503259, 61.65570815671428, 65.59001338709868, 26.00807983476937, 46.13185250693641, 71.31469599756046, 52.10934002111686, 34.32829356836735, 55.34105724250556, 63.65081978084188, 20.168228904880873], [53.58653301368453, 99.25397239605013, 10.132197124676319, 75.68218025393894, 82.60106090157095, 51.81028303624107, 65.23306105164608, 64.45368044304774, 0.0, 52.2141992486949, 60.212173776974545, 39.71249460092572, 77.45369400763695, 50.42254580054788, 80.18742831719692, 71.11272079871856, 8.281463285671943, 89.28818469382216, 77.12372998163606, 20.4047367154309, 66.22560783251618, 46.84326859414201, 86.79989051646285, 59.94016884693151, 80.4189371866207, 11.764982221443669, 77.54817032690755, 25.05742141042468, 41.8502105513469, 65.67482396892196, 79.34036423709475, 74.21155652146668, 54.67996969222966, 65.25846048497031, 65.38262028498492, 63.07646517927128, 43.06495115627466, 105.04888822100918, 85.10865981428755, 85.47938732447521, 51.314596000959234, 43.29140614130102, 56.669794503867, 79.31109180017405, 79.90344467071523, 70.85774623951797, 94.4685986639892, 74.44497600487144, 78.21060959307711, 96.01948515367904, 6.824092362664934, 100.62424775447782, 37.7008059094775, 100.93353504550969, 67.21576595148858, 97.06737121672329, 86.2396972265737, 16.798542513227414, 39.17478734853257, 71.69145246124552, 115.8416624758332, 24.335464144613574, 80.53277431717747, 58.47071589895509, 92.89135613041967, 47.31043069771702, 14.212704200519616, 26.33531451064826, 51.19945812458802, 107.60239775610542, 51.21802392209479, 124.31352732429491, 116.8111699641384, 113.6739469727861, 65.81546959877602, 82.07432808206703, 75.89376316457435, 43.01985406168447, 65.45124287872478, 79.6937806703099, 80.3497487729664, 43.663023574614506, 15.654485390087851, 54.13293203825482, 69.72181723885494, 84.22419503481676, 97.33416940351083, 79.82038047452565, 26.828268211497395, 45.62452492610952, 56.40078791258788, 67.38938858041904, 10.894811048076068, 5.660401908110105, 65.38932634024391], [60.83098850973813, 65.1268971682513, 46.76279164733223, 71.95951393103144, 32.25144546846717, 47.66565108416631, 15.88726224919619, 85.37968329872696, 52.2141992486949, 0.0, 10.292802569573148, 60.708638376869025, 55.715119768034754, 48.39567874131433, 108.97066983298663, 88.03451491946932, 51.142292149971844, 70.83870048334384, 63.556439945473244, 33.75808601794152, 26.20321049579914, 50.81662668203889, 57.728703741420404, 7.744161660725224, 80.34841747228779, 41.59205791793845, 51.94249976815969, 54.482677041726575, 66.03690612575511, 20.60737919019328, 71.21190187227012, 27.524814540498628, 73.16583584958724, 46.044636120831136, 13.913905548438926, 11.073928289276708, 49.41548873125535, 73.08507176227002, 52.50683520529229, 43.65130606126858, 21.509064391693652, 9.335477975026764, 64.44840698716378, 28.34020315839967, 41.0743167437342, 34.938520323825195, 89.20377740976791, 74.1931884185028, 67.74478275731197, 74.64711942830237, 46.08263217411012, 68.16990811901876, 15.402265236314816, 80.93918949635386, 97.80029455573843, 90.38395930580737, 41.30089145872035, 48.939976412811546, 17.507527292985994, 24.910929225866358, 99.46456387568232, 38.7895481698329, 74.88499510124743, 6.35396212406561, 88.8856955766624, 73.15388370394845, 60.12561862807433, 37.63185444930762, 30.135905938061196, 91.79887600293289, 2.898140465925064, 106.10544990571458, 98.73857191175148, 94.04676503688434, 87.18627096088878, 61.5630248055344, 28.46578823251354, 23.719361053831374, 61.81559518711553, 71.10056537218308, 60.15356695439593, 72.3782841699803, 44.68550527560135, 22.975000787173844, 86.42461335825145, 61.627038819552894, 76.63132128904951, 84.7040239261667, 43.37289489838281, 14.165904477772493, 39.942486133705806, 64.16573279704117, 48.255414442679076, 46.74569548352928, 72.85316073800908], [60.19358633242794, 55.75487384587418, 55.71686877607685, 68.14704167771058, 22.655412260836684, 46.134145680578676, 5.627924661756187, 85.75953034624536, 60.212173776974545, 10.292802569573148, 0.0, 62.84373163499797, 49.111722365714776, 47.25765064523685, 110.0711213818027, 87.5018922376608, 60.00967753364542, 64.08844588208098, 58.20790744316838, 42.94256071902328, 17.629558415210234, 50.693031941080854, 49.460874505267796, 6.378529325163922, 76.81589615329887, 50.26536722399626, 44.731945852131986, 58.88241875818642, 68.27814666040442, 10.98197782412356, 66.53453188930283, 17.251853574402112, 73.76704519851499, 40.94794088134278, 5.71189387227743, 5.597814777597278, 50.03663600096947, 63.87721115583748, 43.77276364077453, 33.633853580296545, 18.97199849311631, 17.176684941995404, 63.58169142340843, 19.121658427519, 31.61524979216753, 26.581598448662927, 84.27539384152485, 70.9588943144256, 62.78725521666122, 67.18955562669774, 54.47391625284937, 58.98638147798668, 22.51139118992312, 73.53148845620169, 99.60155622311807, 85.1434590255517, 31.032092708474146, 58.51232974388194, 22.15880124366512, 14.660731310919946, 92.2236503554634, 43.62525544773302, 70.51141904247558, 8.230342929186694, 84.21111735025337, 75.17827404413474, 66.62700024875105, 42.110132938622364, 27.661502302789632, 84.83634891494953, 12.960828626266155, 98.43600708077182, 91.227136130329, 86.37260383936575, 87.56876551899514, 54.8568279876553, 18.174751649959752, 24.68844449319784, 58.755800537825735, 66.33374555115071, 53.59776346638544, 74.99850903421489, 54.11827275810503, 19.096211952107232, 85.92320067727762, 54.48176149390449, 69.23039355843763, 81.94704953259478, 47.366774835863424, 16.37431085301479, 36.51828252639718, 61.000200846124585, 54.93436941170781, 54.60539270583522, 71.27637544987745], [16.561982040038092, 76.49400655502092, 47.32217394813192, 39.04300841409979, 79.82398835096087, 24.316007185261405, 65.36813773370591, 26.92537720947558, 39.71249460092572, 60.708638376869025, 62.84373163499797, 0.0, 50.64821378610287, 22.266403696495907, 48.56302960487767, 32.331078681331114, 47.556385419089814, 57.83460210701243, 45.23644593175851, 48.094040858289965, 57.54398911337906, 16.581079557936008, 62.69126832140997, 66.45304781203058, 41.98932402237755, 44.05606838708633, 53.393019678193646, 14.655155139928585, 5.440447321758859, 61.46990406556254, 44.12309338818594, 68.5704153684473, 15.493568512250754, 41.17433611082672, 68.4540859537264, 67.99907446753497, 14.632427328530987, 79.81152582504855, 64.013208392438, 72.019844345796, 44.929052318596305, 52.37919445638936, 18.51228519754664, 78.32428425756474, 65.23269844615001, 56.88469122094441, 56.59536810620542, 36.6211228033041, 44.365774822607776, 65.21484571273602, 42.083018459591244, 76.38611248939674, 47.02940482583268, 68.7297476719001, 37.09209344596427, 59.469936299556394, 75.69213898181928, 55.00743740539386, 43.30749129698131, 66.91828439093052, 80.61805518948569, 25.002669116860094, 44.040157123519265, 66.30438053889144, 54.746366262969126, 12.446607077222819, 29.4507223420663, 25.037098669128678, 38.13880827973349, 72.70955193305808, 61.69889945623647, 89.36890242939143, 82.26062305362947, 80.07384149624237, 28.591467861058753, 53.27528259977694, 70.59107307984584, 38.160261137082344, 30.86992944688929, 44.64189630794042, 51.75957824736734, 12.384116385974131, 51.950112983463576, 46.24248109706089, 30.817009843611785, 56.27867268762646, 65.96644210403824, 40.38056624500417, 19.281735171575043, 47.15521915451869, 35.384703410668465, 32.073770705436594, 29.577468992966367, 37.88910212331821, 26.189431197788142], [36.04754496291591, 26.20566708200146, 79.60246020451292, 26.041492939348196, 50.407872317849105, 27.334018958027695, 46.7645773772181, 58.389114576084225, 77.45369400763695, 55.715119768034754, 49.111722365714776, 50.64821378610287, 0.0, 29.249979797900277, 82.36211048942859, 55.687505110466255, 82.37171881380392, 15.124022045224857, 11.986117355689688, 71.59323260046422, 32.13727467467105, 34.63959589938078, 12.516218337589669, 55.46081490540983, 34.29210350983325, 73.95713479997389, 5.717883240395536, 58.89575790434858, 54.500070448022406, 39.51071785054302, 21.296256068314356, 40.27090967128394, 50.3650994008841, 12.34116363743881, 51.92546007101745, 54.11223795410613, 37.803510297732316, 29.22197862883373, 16.36650659657, 31.464670517695094, 35.5350455870982, 54.24098526335209, 36.78060706602439, 51.81390325945127, 25.826867139048048, 23.926060889725758, 36.862760090581645, 30.68663144002977, 17.14832396928163, 19.79129000258141, 75.42925709341205, 25.757357903983948, 53.86883907946933, 25.77432879720927, 76.44385840596145, 37.08298249019237, 37.64763321719281, 86.0341739719444, 48.366442513223284, 40.727811250986456, 43.89567732164692, 53.130665062392154, 25.77838370213589, 57.052949502121095, 37.39443209400945, 58.1617332049434, 74.2002745854746, 51.16405700292849, 29.42308165279103, 36.10047636100147, 58.44780102251246, 51.02032983117926, 43.47900188390281, 39.13424681676368, 59.85981102384568, 5.855915807136087, 41.725936023788265, 39.50031807446544, 23.394179367516927, 20.79992813759421, 4.486041522232372, 60.90878185633181, 81.48207613090625, 33.26278803295284, 54.52960071712361, 6.867019973962171, 21.568932157672823, 41.679637211057475, 51.25375126731952, 45.12398072749169, 21.342457182453288, 24.097235739942473, 67.11249972763473, 72.70621697454033, 38.372775698291974], [13.011418794417347, 54.54051289065832, 54.547674576213105, 27.16436645811976, 60.51924732776172, 2.0499875318569942, 48.325151668465146, 39.024000498252285, 50.42254580054788, 48.39567874131433, 47.25765064523685, 22.266403696495907, 29.249979797900277, 0.0, 63.8205056055396, 40.24928265677257, 56.51469662484885, 39.115188010495984, 26.742665738650523, 49.669959126600254, 37.76615706595756, 5.6864215196006915, 40.813424607818106, 52.231233490757766, 34.15698519671453, 49.49391113016672, 31.375846452631077, 29.75766827003001, 26.905872725536746, 43.025770363147984, 29.501729723549804, 48.97176112886914, 27.617877209802064, 18.94220690862503, 52.36641918490124, 52.816748689217334, 8.553533324709653, 58.424535192997055, 41.781242894332365, 50.236121659572866, 28.28767162504323, 42.24548986278822, 16.324106113593285, 59.73501742511778, 43.40642986865149, 35.5104187365315, 46.267768692302376, 27.708848518428915, 27.9100007054563, 46.119477533762385, 49.76251291411269, 54.71167054988829, 38.706590456595954, 50.684528773910415, 54.661243466028374, 48.419460188944235, 54.37441241772655, 61.76395362408248, 33.36702386986896, 47.74911068993262, 65.51416800319406, 27.058994850915823, 31.520633492279597, 52.753786830970945, 45.16850710700873, 32.16103261882804, 45.3515843776097, 25.461315652144673, 19.724539461893176, 57.25153598744004, 50.247481967297425, 73.92180853016959, 66.39929013178784, 63.27131844036816, 40.81062030507875, 32.80181648791183, 50.973362439314805, 24.890120760276613, 16.169964791985574, 29.761758312513457, 31.14556029756844, 33.853792818502704, 57.60259770797364, 28.487291904126774, 38.675890700138034, 35.46409118630604, 47.26756602592414, 37.020279997154965, 23.594592458998637, 34.301860006411914, 13.719253389210035, 18.467394035847406, 39.62454366907285, 46.37789829419997, 24.46075005669454], [50.994471749468914, 107.19094366517376, 89.85714509082473, 57.82182222572712, 124.25789774303519, 65.40185099635275, 111.80739473022037, 24.928960059136493, 80.18742831719692, 108.97066983298663, 110.0711213818027, 48.56302960487767, 82.36211048942859, 63.8205056055396, 0.0, 26.770175619723624, 88.41337622157896, 80.58455788024101, 71.56318085327624, 94.3430769518996, 101.50899485373014, 59.570898569271634, 94.48472595203741, 114.26705937582307, 52.245876429170984, 88.41925445098384, 87.31154363830072, 59.083247262191975, 43.51719441531079, 106.81744630277849, 64.1465116092845, 112.68938500763896, 36.376434508609485, 78.62443938133057, 115.48381443799148, 115.45955556430191, 60.03890283299262, 106.99987867704718, 98.62069510130303, 111.47647198372783, 91.34084398920176, 100.87204911122588, 48.31861095110081, 123.55550796609289, 104.79406163070516, 98.1799997511391, 62.511828203796156, 52.86768774112061, 67.3792672967764, 87.0827142126662, 85.01133740806102, 105.39655533987707, 95.58904926510623, 87.08202461979504, 12.980023822479925, 65.52509717372746, 116.57606316377633, 96.9810546796211, 91.72742770981856, 111.55080764975746, 89.01282727435193, 73.08273690269867, 60.62083660279062, 114.32472346690797, 60.11649769220267, 36.34478629484166, 66.16958089713017, 73.39069276248547, 83.28653375907274, 83.82780950074485, 110.11244702380073, 96.85820762934631, 92.16811438153498, 92.8060857604452, 23.205284736456868, 81.61526937442044, 114.67417056025577, 85.7476359431255, 59.34878530565685, 64.83098212126635, 80.84918427665737, 38.33978848442451, 95.22312980479118, 92.00023408507879, 27.845816530183235, 84.93746440063899, 86.62613585054186, 44.480291357692195, 67.4857022778718, 95.10554955768679, 77.02443686504866, 58.319184660900795, 73.03153207682693, 80.8584804316477, 44.06671167434446], [27.334024197522368, 80.42774613737208, 79.37881972552896, 31.132191081858018, 99.50563573322432, 41.47368836386287, 88.4771108943765, 7.992361423049551, 71.11272079871856, 88.03451491946932, 87.5018922376608, 32.331078681331114, 55.687505110466255, 40.24928265677257, 26.770175619723624, 0.0, 79.22573973202717, 54.07921833124371, 44.79306756939731, 80.31775233094434, 76.94433790519267, 37.21851837326539, 67.73634080930402, 92.36242512841109, 26.35919658888367, 76.35197783661036, 60.74654366401402, 46.451334283487334, 29.287717652248414, 82.84408693631889, 37.53215475728631, 87.96795406386707, 16.841239077644808, 52.78695070909993, 92.60558230624902, 93.05228574717268, 38.86975087662633, 80.40122122921353, 72.00002244195603, 85.36512832218085, 68.52991689287232, 80.92153696217332, 23.933632476480582, 99.22170558030669, 78.79027943847564, 72.72551769774967, 38.7324174807426, 26.191665517812595, 40.649305924091664, 60.79191969071331, 74.1596648765009, 78.67930308632191, 76.36997159022712, 61.3286922210994, 23.811751028630297, 41.92445794458884, 90.71595157263715, 87.02764477426383, 71.69650894367273, 87.09328076883699, 65.83244969640434, 56.69288781380953, 34.23379540334908, 92.76544984572814, 36.32436585796395, 24.282502400223954, 58.91719100864082, 56.327824621093114, 59.945271103751494, 59.634421225860834, 89.61554766343468, 74.23704364769695, 68.62251596177991, 68.47380518303548, 7.79598509553565, 54.84513227483278, 89.90332028431484, 64.31708932874596, 32.98509168545661, 38.220750227583146, 54.08528126337378, 28.500935233658403, 84.16451941843044, 68.69061589198306, 1.6187668699955642, 58.168156492672274, 60.48904487593306, 19.245414622623997, 51.012703789832514, 73.87274261989907, 52.41686424816182, 31.761204957169866, 61.5783214267934, 69.9208548558411, 17.70319609742226], [60.78236444897142, 102.963116267897, 4.4325345804606595, 82.48979437755919, 82.6504401514403, 57.73582168872752, 65.32207630181092, 72.65475620938031, 8.281463285671943, 51.142292149971844, 60.00967753364542, 47.556385419089814, 82.37171881380392, 56.51469662484885, 88.41337622157896, 79.22573973202717, 0.0, 94.87534089821507, 82.98267414068239, 17.500905379765065, 68.11652237747676, 53.40990988591248, 91.00452838184428, 58.86181332811832, 87.62168307090084, 9.829913239471223, 81.97664880255438, 32.94428590525013, 49.9402010108369, 66.67217736060462, 85.81121532526998, 75.14492002854048, 62.69541699491434, 70.05475386753962, 64.8146060342144, 62.20173811945973, 49.66484206789208, 109.1689622248264, 88.77229328706689, 87.63921834621962, 53.6502687088909, 42.83385105775915, 64.00654333833876, 79.08276948697346, 82.46217898070313, 73.59168582328849, 101.44327812755772, 81.52998167267343, 84.4234841637112, 101.38866628737797, 6.943983806101382, 104.60693897441263, 37.84404265277768, 106.539497142919, 75.43686631407594, 103.95322082689347, 87.79314529503361, 8.694479930881556, 40.44438766215032, 72.54219966181948, 122.02052482587426, 29.619057890367834, 87.2611379356628, 57.162729101895756, 99.95086346453775, 55.53190118419717, 22.300780841857296, 31.4402862873908, 54.82895645298794, 113.75166840688257, 49.72428347992446, 130.3792782371322, 122.82148039988323, 119.48173260089271, 74.03505371114385, 87.26443217853102, 76.69487419321327, 45.827170047451354, 72.01059685254431, 86.12671023022185, 85.53439354852907, 51.92456659816038, 8.828493380074521, 56.56049970261273, 77.81620233293351, 89.21212125313174, 102.80344820144704, 87.37877530097754, 33.12737024582168, 46.765082220535014, 61.076121111856295, 74.04489522897077, 18.099258764494113, 10.2062837785794, 72.903715506285], [41.57264745822603, 28.043079538561603, 92.44598784051502, 23.107449873124956, 63.341573789620085, 37.55883859978046, 61.48391052648954, 58.672214361001004, 89.28818469382216, 70.83870048334384, 64.08844588208098, 57.83460210701243, 15.124022045224857, 39.115188010495984, 80.58455788024101, 54.07921833124371, 94.87534089821507, 0.0, 12.651090123651805, 85.36655705501799, 46.86018302329376, 43.63566356976208, 19.04344074228487, 70.45486724591503, 28.66076686493925, 86.98772378700508, 19.480028500679676, 68.47402133789205, 60.64445802617436, 54.20467699685952, 16.60515296956816, 54.06247027430071, 53.44666616807183, 26.29278776929526, 66.6601924768127, 68.97977405099995, 47.26609871126091, 26.462666769316716, 25.68151207012908, 42.502714004893804, 50.5252964410998, 69.2151593273813, 40.907938517084276, 65.26819062231654, 38.16852961538366, 38.28068467069741, 25.38016139370803, 27.958189464756867, 14.24693641898025, 7.422306394446871, 87.9819733585084, 25.437172687648417, 68.55920636242304, 11.664328815846025, 76.97252124039616, 24.62977880269082, 49.02167873501413, 99.21803663105385, 62.978210252659906, 54.84134300526128, 28.887947373629327, 65.27816703082343, 19.98050757047684, 72.09259886977911, 26.65175215264459, 62.726857935542355, 84.29481793793691, 63.43506014063249, 43.912153597235225, 20.98852237400624, 73.57140915368537, 36.361100571599714, 28.74636825146271, 24.79964616322326, 59.82695131238759, 9.278375458915761, 55.31400351971444, 53.908800758562045, 27.130074749598087, 15.915011494126805, 10.71928118492887, 66.19436352202764, 94.77302215762182, 48.32991312697931, 53.27583576227416, 9.971495391934935, 8.199009155421964, 36.632395080106456, 62.534615850586725, 60.06616831201054, 34.936498659328656, 26.424241593023005, 78.60240305987435, 84.92036505392588, 38.89279164834397], [29.111539585698438, 35.67742073093469, 80.75005216020996, 14.248842164311503, 61.87951643592455, 25.315961633119322, 56.59774577265403, 48.31812190981891, 77.12372998163606, 63.556439945473244, 58.20790744316838, 45.23644593175851, 11.986117355689688, 26.742665738650523, 71.56318085327624, 44.79306756939731, 82.98267414068239, 12.651090123651805, 0.0, 74.42862557635733, 42.21978197498605, 31.056211163272085, 23.076362682693944, 64.4099370643311, 22.31352294222861, 75.4351196331104, 17.673567572280135, 55.87182998158083, 48.19606982083945, 49.502960484235274, 9.354893992254897, 51.326487299472745, 41.78263939640551, 17.511881955933543, 61.663734494092346, 63.50402082479733, 34.724929571493284, 36.49649096256666, 28.06149803239287, 43.44390434142072, 42.30644141919705, 60.58506373597933, 28.75655715314084, 62.99650668871096, 37.687065758374395, 34.77120919773451, 26.131243156149694, 19.064496291161646, 5.191849664777264, 19.985423317590573, 76.14148249495123, 34.18146892374174, 59.10652172298706, 24.00776820794769, 66.60727305869345, 26.945572034403238, 49.58697252971689, 87.71621470237469, 53.43644601044308, 51.49587388397837, 39.279616532423795, 53.37007281157789, 13.833100047218904, 65.76894970641372, 26.28455913900784, 50.65168920253897, 71.72497119999161, 51.60339097311287, 34.59131090503501, 31.010130039308397, 66.11361551222089, 47.45157837652127, 39.86307644764692, 36.55123163793733, 49.65308305025197, 10.054876386172767, 52.91036482194726, 44.16247485311655, 14.7841981805112, 8.903858545595849, 9.365396922140759, 53.94899745615713, 83.3674232547583, 40.5839699208915, 43.7587061103476, 13.39019509836743, 20.84231452134787, 29.791346205665405, 50.304158087944764, 51.44816050249671, 24.845649170386782, 14.491645549362518, 66.35658240867576, 72.92776612076801, 28.159051343394005], [57.38038315879548, 89.58981480869546, 13.077095869481779, 76.80723569424276, 65.58935482113594, 50.34940645337949, 48.382761436139376, 74.94243103750036, 20.4047367154309, 33.75808601794152, 42.94256071902328, 48.094040858289965, 71.59323260046422, 49.669959126600254, 94.3430769518996, 80.31775233094434, 17.500905379765065, 85.36655705501799, 74.42862557635733, 0.0, 52.750354386794925, 48.21149441243834, 78.64239225449178, 41.44558770654706, 83.28292394151099, 8.668030935806119, 70.20817604035099, 35.319172764674256, 52.03024973653739, 50.40764891001146, 78.93600797249795, 58.73183328544974, 63.501537458362634, 59.36285875721449, 47.54311942519129, 44.83175749251562, 44.860064419664546, 96.41382202934294, 75.51357013729088, 72.31394079507803, 39.25189267843306, 25.831668636486576, 61.028305413050134, 61.89887942912562, 67.68674154811173, 59.19798516578307, 95.93310408404845, 76.88704066017667, 76.81048723437017, 91.24867812680513, 13.61081905795487, 91.66637741528362, 21.49559985063565, 96.88422524690799, 81.66858305643483, 98.07787663043894, 71.8256660671776, 15.9422429154841, 25.258334009237302, 56.085647200809476, 113.66216250828451, 24.071743640028494, 81.18287565876501, 39.701629805977184, 94.78558775397973, 58.7642466346651, 32.34214155515154, 24.997952643716076, 42.473144458714344, 105.41315508449392, 32.24909269396661, 121.61926566815418, 113.99151584041543, 110.16104549880525, 76.55631030099332, 76.97460565620224, 60.16172362595995, 32.57492077903685, 65.8367042417547, 79.12637477075202, 75.27023635195837, 56.10451026626769, 11.333879966534324, 42.18373281268377, 78.76776203387578, 78.43593752