instance_id,num_cities,city_coordinates,distance_matrix,best_route,total_distance
1623,26,"[[17.845489809227754, 44.64024706547026], [6.260081726253208, 78.81215441807211], [49.823724688491325, 71.63416931914462], [58.627055088052494, 47.23796338307127], [44.444261079342695, 24.941678993172754], [4.930571230942416, 33.15273602442442], [14.621888757006207, 44.48373780610693], [84.93529640925871, 8.450018592673391], [52.341855179729045, 86.95639232238423], [78.12678488065498, 36.86954153651797], [47.48664716399718, 61.156557208147014], [16.735521227408157, 93.55888852379917], [45.477206263655766, 87.02920525584383], [92.76435962188107, 22.778307163678026], [77.86754961830083, 34.44746001309835], [10.332612949214969, 57.609423930266914], [38.25871584147582, 63.22840784126746], [25.46803983006709, 51.255934385858325], [28.36017768978908, 0.9326141792340481], [14.604488402246197, 97.20279571019312], [31.745264889721902, 77.73484944627702], [28.83140396932071, 63.88450253224194], [10.640047956133468, 79.67871368637886], [80.83232358788949, 33.99658735963287], [74.32623252516986, 34.17828128949125], [66.73463241270426, 19.69447303183085]]","[[0.0, 36.082418607458344, 41.84828962610975, 40.86421657951825, 33.09876458689706, 17.284618358583735, 3.2273981613910485, 76.2284381746261, 54.59537867969563, 60.780082263075016, 33.93208968011385, 48.93123248377423, 50.59975820775378, 78.04345885642736, 60.88136473190253, 14.988090847872929, 27.60832334768875, 10.093096033494438, 44.95459747059938, 52.66237376105365, 35.89507562371232, 22.159234607795064, 35.77167224834266, 63.87979900871972, 57.441509604485525, 54.88569856201576], [36.082418607458344, 0.0, 44.15104141718272, 61.14923906795671, 66.03074795406751, 45.678770629290305, 35.3321383998223, 105.54913340870623, 46.79592349403423, 83.21061108785834, 44.84807477062645, 18.088698115878074, 40.068725727837496, 103.06688184073865, 84.23690145985512, 21.590305479554996, 35.59165270972899, 33.590041931823336, 80.95453680560647, 20.1951679841942, 25.50794281940044, 27.0610306275449, 4.46486608314066, 87.00261092082147, 81.39523029661575, 84.56992097201743], [41.84828962610975, 44.15104141718272, 0.0, 25.935949764740414, 47.001354039677736, 59.128808002352244, 44.45576660334795, 72.28457215566837, 15.527765419786142, 44.829037030766294, 10.735096036087397, 39.69285225938021, 15.996854500485252, 65.04454931380957, 46.57582490634162, 41.90753380511501, 14.29707157618337, 31.7564457066449, 73.8877104055019, 43.521825100877685, 19.08006830987013, 22.377105811175454, 40.00094019322949, 48.76597975497592, 44.75842309975211, 54.62335444180667], [40.86421657951825, 61.14923906795671, 25.935949764740414, 0.0, 26.424911418748913, 55.513115642716876, 44.091273766493224, 46.86820054661557, 40.212651433284556, 22.084918690649342, 17.827953970711025, 62.454212949091186, 41.90777319164044, 41.995599093312805, 23.103973818930037, 49.39554975282248, 25.895241988332394, 33.40156259606048, 55.319700219097506, 66.59182267428685, 40.65329880611432, 34.130456944407506, 57.92370096705147, 25.853587529469532, 20.421054541513506, 28.711960413808068], [33.09876458689706, 66.03074795406751, 47.001354039677736, 26.424911418748913, 0.0, 40.357813902713296, 35.65481669536726, 43.720690809431474, 62.51557135529305, 35.732146793593394, 36.342447870410666, 74.00064667252627, 62.09611818118477, 48.368503189919686, 34.74875666203364, 47.23119834842947, 38.783173874468105, 32.44282678455964, 28.89866660802924, 78.17979932573141, 54.29901795350008, 41.95598660898162, 64.33403292103331, 37.497766048804806, 31.2769410184178, 22.899646822164943], [17.284618358583735, 45.678770629290305, 59.128808002352244, 55.513115642716876, 40.357813902713296, 0.0, 14.910172258142541, 83.73159678025287, 71.7123648801339, 73.2905200955014, 50.943435295529824, 61.54884324011926, 67.42924847067584, 88.4443506239425, 72.9484689797177, 25.046190090505572, 44.89221823896735, 27.37724250857736, 39.838206668163956, 64.77649897291285, 52.024923192380776, 38.93187997360197, 46.87499036667828, 75.90644304623457, 69.40323875406563, 63.252405656518505], [3.2273981613910485, 35.3321383998223, 44.45576660334795, 44.091273766493224, 35.65481669536726, 14.910172258142541, 0.0, 79.00888694333322, 56.80424498741611, 63.95973590085597, 36.8520725599379, 49.120645966682346, 52.55632615539995, 81.10099550709047, 64.03702436653604, 13.808748067267688, 30.16723801325142, 12.786775966382466, 45.66662842781137, 52.71906077565056, 37.40115553682149, 24.047868814675486, 35.41950569074077, 67.03582627954714, 60.58721893933504, 57.708281029447264], [76.2284381746261, 105.54913340870623, 72.28457215566837, 46.86820054661557, 43.720690809431474, 83.73159678025287, 79.00888694333322, 0.0, 85.00343009180182, 29.22370807393953, 64.65586240333539, 109.06295922909962, 87.92968471786938, 16.327709091027398, 26.941046845093506, 89.34320070707845, 71.96787548740906, 73.27142029433202, 57.072370086034454, 113.2407965399016, 87.34739400498326, 78.87096269577553, 102.92381137260546, 25.873955278192085, 27.829763525641894, 21.393969373394956], [54.59537867969563, 46.79592349403423, 15.527765419786142, 40.212651433284556, 62.51557135529305, 71.7123648801339, 56.80424498741611, 85.00343009180182, 0.0, 56.33431655152412, 26.252705323411046, 36.21331210499667, 6.865035066496385, 75.84725097202896, 58.384493222366, 51.24471667001331, 27.592608813897495, 44.68472499999728, 89.30403832556183, 39.10367800711293, 22.566709653609234, 32.94014897667378, 42.33208395582359, 60.13690823287353, 57.173786401349275, 68.78457547391687], [60.780082263075016, 83.21061108785834, 44.829037030766294, 22.084918690649342, 35.732146793593394, 73.2905200955014, 63.95973590085597, 29.22370807393953, 56.33431655152412, 0.0, 39.09830136373843, 83.56176945701205, 59.849702157182605, 20.318008771906907, 2.4359149877076045, 70.89564492672443, 47.7938569461015, 54.58856775478146, 61.38548638866232, 87.6081258164798, 61.81600753226255, 56.212478123580595, 79.91923974160414, 3.9463661004556756, 4.656938900609481, 20.609806306555413], [33.93208968011385, 44.84807477062645, 10.735096036087397, 17.827953970711025, 36.342447870410666, 50.943435295529824, 36.8520725599379, 64.65586240333539, 26.252705323411046, 39.09830136373843, 0.0, 44.67149897929608, 25.95056395787874, 59.35453918526027, 40.452133527324236, 37.32297433115764, 9.457657296557773, 24.142108466226052, 63.18817253646103, 48.79106142501296, 22.861121788698597, 18.85364114286082, 41.24005521079051, 43.00695406953537, 38.05510102342123, 45.71202643045233], [48.93123248377423, 18.088698115878074, 39.69285225938021, 62.454212949091186, 74.00064667252627, 61.54884324011926, 49.120645966682346, 109.06295922909962, 36.21331210499667, 83.56176945701205, 44.67149897929608, 0.0, 29.4740771238503, 103.87624832120964, 85.03696770088054, 36.51521927882378, 37.191208165754176, 43.19487018087345, 93.3528753538048, 4.221298435904669, 21.810378665564603, 32.04496158964816, 15.159618989875048, 87.49895880985929, 82.72089544545126, 89.19564448609432], [50.59975820775378, 40.068725727837496, 15.996854500485252, 41.90777319164044, 62.09611818118477, 67.42924847067584, 52.55632615539995, 87.92968471786938, 6.865035066496385, 59.849702157182605, 25.95056395787874, 29.4740771238503, 0.0, 79.77626701202679, 61.75738235551104, 45.83302272905641, 24.871360267279492, 40.98894546221463, 87.78163624706214, 32.505794112481304, 16.58165443530847, 28.508945932566416, 35.60417567162798, 63.73729584737532, 60.21201275771066, 70.61051147075612], [78.04345885642736, 103.06688184073865, 65.04454931380957, 41.995599093312805, 48.368503189919686, 88.4443506239425, 81.10099550709047, 16.327709091027398, 75.84725097202896, 20.318008771906907, 59.35453918526027, 103.87624832120964, 79.77626701202679, 0.0, 18.923109588698757, 89.48854426525412, 67.8754436357034, 73.07372927206848, 68.00833002149508, 107.92576135696363, 82.11912969333825, 76.00751355064047, 99.91025387327099, 16.37752406413821, 21.677729145454496, 26.211767043389223], [60.88136473190253, 84.23690145985512, 46.57582490634162, 23.103973818930037, 34.74875666203364, 72.9484689797177, 64.03702436653604, 26.941046845093506, 58.384493222366, 2.4359149877076045, 40.452133527324236, 85.03696770088054, 61.75738235551104, 18.923109588698757, 0.0, 71.39638816773335, 48.96123641257383, 55.02938702899508, 59.78482053611672, 89.10918624295327, 63.25395823601693, 57.19338294227628, 81.02717623484953, 2.9988615907363116, 3.5515326183697558, 18.48222038544386], [14.988090847872929, 21.590305479554996, 41.90753380511501, 49.39554975282248, 47.23119834842947, 25.046190090505572, 13.808748067267688, 89.34320070707845, 51.24471667001331, 70.89564492672443, 37.32297433115764, 36.51521927882378, 45.83302272905641, 89.48854426525412, 71.39638816773335, 0.0, 28.48578949127482, 16.414870582996695, 59.47481697349194, 39.82315920152076, 29.38595609004012, 19.53412093406073, 22.07143100532239, 74.34900975163225, 68.14838069891618, 67.96124852583745], [27.60832334768875, 35.59165270972899, 14.29707157618337, 25.895241988332394, 38.783173874468105, 44.89221823896735, 30.16723801325142, 71.96787548740906, 27.592608813897495, 47.7938569461015, 9.457657296557773, 37.191208165754176, 24.871360267279492, 67.8754436357034, 48.96123641257383, 28.48578949127482, 0.0, 17.519746387128528, 63.077309434717016, 41.397844229078, 15.90163171943233, 9.450114781228933, 32.14659201468403, 51.64311575821124, 46.31172219214873, 52.02000869438451], [10.093096033494438, 33.590041931823336, 31.7564457066449, 33.40156259606048, 32.44282678455964, 27.37724250857736, 12.786775966382466, 73.27142029433202, 44.68472499999728, 54.58856775478146, 24.142108466226052, 43.19487018087345, 40.98894546221463, 73.07372927206848, 55.02938702899508, 16.414870582996695, 17.519746387128528, 0.0, 50.406358904587385, 47.21367190954927, 27.212800245958274, 13.068777745492197, 32.05813042239893, 57.99214581120752, 51.7568278463011, 51.952454284500696], [44.95459747059938, 80.95453680560647, 73.8877104055019, 55.319700219097506, 28.89866660802924, 39.838206668163956, 45.66662842781137, 57.072370086034454, 89.30403832556183, 61.38548638866232, 63.18817253646103, 93.3528753538048, 87.78163624706214, 68.00833002149508, 59.78482053611672, 59.47481697349194, 63.077309434717016, 50.406358904587385, 0.0, 97.24796573594347, 76.87679856345065, 62.953652010158166, 80.71524753952463, 62.020580597295826, 56.728763239958525, 42.71540849489598], [52.66237376105365, 20.1951679841942, 43.521825100877685, 66.59182267428685, 78.17979932573141, 64.77649897291285, 52.71906077565056, 113.2407965399016, 39.10367800711293, 87.6081258164798, 48.79106142501296, 4.221298435904669, 32.505794112481304, 107.92576135696363, 89.10918624295327, 39.82315920152076, 41.397844229078, 47.21367190954927, 97.24796573594347, 0.0, 25.938526371564066, 36.22863214150618, 17.96692068297026, 91.54862602699816, 86.82612590141991, 93.40820091921384], [35.89507562371232, 25.50794281940044, 19.08006830987013, 40.65329880611432, 54.29901795350008, 52.024923192380776, 37.40115553682149, 87.34739400498326, 22.566709653609234, 61.81600753226255, 22.861121788698597, 21.810378665564603, 16.58165443530847, 82.11912969333825, 63.25395823601693, 29.38595609004012, 15.90163171943233, 27.212800245958274, 76.87679856345065, 25.938526371564066, 0.0, 14.153540020170308, 21.19454623241023, 65.74629192583657, 60.91234221705639, 67.77124120147816], [22.159234607795064, 27.0610306275449, 22.377105811175454, 34.130456944407506, 41.95598660898162, 38.93187997360197, 24.047868814675486, 78.87096269577553, 32.94014897667378, 56.212478123580595, 18.85364114286082, 32.04496158964816, 28.508945932566416, 76.00751355064047, 57.19338294227628, 19.53412093406073, 9.450114781228933, 13.068777745492197, 62.953652010158166, 36.22863214150618, 14.153540020170308, 0.0, 24.091129894215975, 59.97818865672693, 54.334510266030364, 58.2186691163455], [35.77167224834266, 4.46486608314066, 40.00094019322949, 57.92370096705147, 64.33403292103331, 46.87499036667828, 35.41950569074077, 102.92381137260546, 42.33208395582359, 79.91923974160414, 41.24005521079051, 15.159618989875048, 35.60417567162798, 99.91025387327099, 81.02717623484953, 22.07143100532239, 32.14659201468403, 32.05813042239893, 80.71524753952463, 17.96692068297026, 21.19454623241023, 24.091129894215975, 0.0, 83.74850580217648, 78.2701696258869, 82.12619272959195], [63.87979900871972, 87.00261092082147, 48.76597975497592, 25.853587529469532, 37.497766048804806, 75.90644304623457, 67.03582627954714, 25.873955278192085, 60.13690823287353, 3.9463661004556756, 43.00695406953537, 87.49895880985929, 63.73729584737532, 16.37752406413821, 2.9988615907363116, 74.34900975163225, 51.64311575821124, 57.99214581120752, 62.020580597295826, 91.54862602699816, 65.74629192583657, 59.97818865672693, 83.74850580217648, 0.0, 6.508627628044769, 20.082215284086946], [57.441509604485525, 81.39523029661575, 44.75842309975211, 20.421054541513506, 31.2769410184178, 69.40323875406563, 60.58721893933504, 27.829763525641894, 57.173786401349275, 4.656938900609481, 38.05510102342123, 82.72089544545126, 60.21201275771066, 21.677729145454496, 3.5515326183697558, 68.14838069891618, 46.31172219214873, 51.7568278463011, 56.728763239958525, 86.82612590141991, 60.91234221705639, 54.334510266030364, 78.2701696258869, 6.508627628044769, 0.0, 16.352770221349633], [54.88569856201576, 84.56992097201743, 54.62335444180667, 28.711960413808068, 22.899646822164943, 63.252405656518505, 57.708281029447264, 21.393969373394956, 68.78457547391687, 20.609806306555413, 45.71202643045233, 89.19564448609432, 70.61051147075612, 26.211767043389223, 18.48222038544386, 67.96124852583745, 52.02000869438451, 51.952454284500696, 42.71540849489598, 93.40820091921384, 67.77124120147816, 58.2186691163455, 82.12619272959195, 20.082215284086946, 16.352770221349633, 0.0]]",Route_3,1333.6312714565431
