instance_id,num_cities,city_coordinates,distance_matrix,best_route,total_distance
557,59,"[[72.7107043796918, 19.95751811515708], [96.55496253269233, 39.18476554109691], [39.68084979306453, 90.72594359652908], [99.79655753554228, 65.20422614128373], [84.70845882552476, 27.84374189834441], [37.154321107075404, 92.87901439587355], [86.00321775887471, 94.89682896250089], [67.51936161022162, 53.993359799138005], [58.10100176174249, 91.04869712446036], [29.62749845609317, 18.780802745461845], [52.46817326255076, 51.21173740088702], [47.410108335223846, 22.272891169246922], [94.71251127051335, 45.30654921182465], [74.3185730966853, 92.97888299114622], [17.487952107835948, 26.246059448213256], [64.8576214817178, 52.216083468466756], [7.383413062649979, 40.51409533770642], [85.82320322643162, 64.60001210845108], [55.37025266123673, 36.53106784883548], [26.47310690440633, 23.99926248760006], [7.864223258137992, 11.909857330480778], [94.0995558233576, 0.3491398207096208], [22.15196350905828, 90.22542431179245], [24.254050075629085, 17.96883883442657], [7.773723202885662, 49.119508015319845], [87.25690196876106, 19.94681353532426], [61.10961651793514, 40.65346047917134], [81.0685060698486, 99.84570857919176], [54.958897524868675, 20.31195155083302], [2.9399076450763117, 66.3288118102529], [61.382083631515606, 1.151322989349235], [84.11441267147025, 32.6796667588131], [44.6743760340777, 29.194135798757546], [86.84393433696313, 76.52973737940736], [72.13149683364544, 83.2544178602921], [97.66336507149896, 63.60156708783212], [63.3445273822991, 60.95492497653724], [77.22101831387378, 95.39467293261104], [19.42907360824371, 6.78458019287419], [74.99279501302992, 43.82662484401396], [62.10927910193976, 68.19824243678238], [11.000069786289302, 2.016606832763479], [75.6096960073891, 81.51144935882596], [93.58968624241155, 14.557535862948011], [30.99140045727249, 94.45004848741874], [54.770092978021026, 33.498897095674096], [95.09197325139581, 49.54158777752385], [0.18817494219387498, 38.03918799355663], [16.203411796866273, 25.92053776862018], [61.847921767340544, 93.58575885666585], [47.64077215294537, 62.54811682310958], [98.1916081335114, 37.25871520464988], [91.98465564956346, 57.28886660033139], [53.70333670804004, 1.4028365533528042], [19.612166407454048, 99.3446898832521], [83.71583599953203, 34.33426379501475], [95.1962289255295, 65.55539768691459], [71.1604879148828, 5.800334575170963], [95.06587467189469, 41.04367451779636]]","[[0.0, 30.630633203465475, 78.09699955264762, 52.734315472772074, 14.357528941326008, 81.12829969405091, 76.10907450633322, 34.429472242355736, 72.57684991454038, 43.09927251957371, 37.236894193647736, 25.406320327527816, 33.565650358675036, 73.03906468571067, 55.57965563563989, 33.200692005682704, 68.48523824831365, 46.52837731908393, 23.98695096453034, 46.41391082271241, 65.34394354454935, 29.01674456959917, 86.56653464060473, 48.49744520719671, 71.18450097664568, 14.54620152783102, 23.725666901286427, 80.32419202649892, 17.755344819835813, 83.7750616588246, 21.954740334742446, 17.085011820752573, 29.518651956620335, 58.31092677627001, 63.29954975137714, 50.273634107051734, 42.053687601731546, 75.57186817022188, 54.88586768166504, 23.97795224143068, 49.39187889719129, 64.26568850921278, 61.62216000764477, 21.565984604185193, 85.3793733933057, 22.477421608355073, 37.09633909289806, 74.74265222484532, 56.821049958872074, 74.42525029029309, 49.42125656188342, 30.79947851572964, 42.013269061986996, 26.56230851536274, 95.50799849293355, 18.105351096107288, 50.84058846573247, 14.241805253289302, 30.73076033276684], [30.630633203465475, 0.0, 76.75387765619178, 26.22060769866282, 16.399953272781183, 80.07189620493199, 56.702498432100214, 32.59387342474456, 64.5644987454991, 69.96861543213595, 45.69784502868875, 51.973341136198584, 6.3930322981112635, 58.208797336652346, 80.11867605547643, 34.271514069646614, 89.18145744826312, 27.588139043562208, 41.27011556366042, 71.70820030715933, 92.78991244184094, 38.91317061358856, 90.22724151528445, 75.34943588472797, 89.33536570119104, 21.367094505967483, 35.4757610056076, 62.6065519258691, 45.67729996449212, 97.47090719529311, 51.804190588541516, 14.038646338476621, 52.83377648899187, 38.58692771162857, 50.384917706465146, 24.441946607434605, 39.70985828132564, 59.44203132480402, 83.6550940050011, 22.05615392433736, 45.036506842650404, 93.27974964919443, 47.22554767095871, 24.805106431902267, 85.748656964144, 42.16994692526363, 10.459641699127943, 96.3735964796877, 81.43900443922539, 64.52942547712917, 54.20741834502777, 2.5275044453389404, 18.67206952024735, 57.12911686566619, 97.66990515211849, 13.72481465533312, 26.405612978782873, 41.945197246326636, 2.381790343592126], [78.09699955264762, 76.75387765619178, 0.0, 65.30893031771669, 77.34117186590382, 3.3194971107256306, 46.509763047085016, 46.08975431293111, 18.4229793570145, 72.64415437724145, 41.53177256974461, 68.88803832468874, 71.35408293322705, 34.71091487664955, 68.19222952395128, 46.00955509180128, 59.70221206054398, 53.02528714198075, 56.4202261575382, 68.02127934716904, 84.99572447105889, 105.49579245991012, 17.536030734234465, 74.37460885870543, 52.432434704245935, 85.28285872814975, 54.46508614596141, 42.38051681402934, 72.052404667066, 44.103479106741055, 92.165916731899, 73.10069606228109, 61.73409653652983, 49.25331272771378, 33.29967252360921, 64.01331017061555, 38.03003006466262, 37.82937068184389, 86.34979402815347, 58.706725123003174, 31.788862213141037, 93.23053990439085, 37.09162835936499, 93.3155345266344, 9.453860957177499, 59.1829376687722, 69.04016053820312, 65.84501182962867, 68.92699557782352, 22.35078574088267, 29.280544490295387, 79.26066712741917, 62.07838774584907, 90.41707577182193, 21.841127269140213, 71.5478969714715, 60.95501375284348, 90.57221805790789, 74.40315075075945], [52.734315472772074, 26.22060769866282, 65.30893031771669, 0.0, 40.292139500777935, 68.48316354912589, 32.739989072893, 34.16871231028457, 49.05564240417516, 84.13578960158966, 49.353477071449376, 67.7306399076428, 20.5369197693832, 37.6903071650292, 91.06286443737046, 37.27493933814896, 95.6545442227677, 13.986411449882823, 52.8757654436183, 84.1081294653378, 106.26308781808615, 65.10482355523094, 81.57661024721108, 89.09462524394972, 93.41798646838454, 46.96249948117717, 45.81942273638735, 39.37984531708526, 63.44865698450351, 96.86317835447663, 74.68899656250741, 36.107847215828286, 65.84209519720116, 17.20574475369304, 33.0327868145059, 2.6681503200272645, 36.69887004638788, 37.69771940859365, 99.35686944314477, 32.74489994637666, 37.80601922061608, 108.98390463954627, 29.170701048291665, 51.02560619335311, 74.76274316306932, 55.069141998401385, 16.3539400084677, 103.24615818726788, 92.36353277483525, 47.38787140125567, 52.22337470506479, 27.991560229694255, 11.121093819346394, 78.7096075431953, 87.14991592135299, 34.80724321716341, 4.613712688774941, 65.94578695047728, 24.619334172710822], [14.357528941326008, 16.399953272781183, 77.34117186590382, 40.292139500777935, 0.0, 80.56663504809617, 67.06558644736388, 31.293251340099623, 68.57713275237118, 55.821582397024045, 39.81832777740624, 37.7120846300389, 20.125374644707144, 65.9585955781166, 67.23949072230026, 31.433529500534853, 78.35624135006114, 36.773170312576106, 30.597385069779147, 58.36211301277695, 78.47882018327003, 29.054188101376784, 88.34471918010372, 61.2556058481282, 79.82237636897071, 8.297953966188302, 26.851336063191802, 72.09391418124979, 30.68817790974824, 90.37254322123562, 35.44862489441542, 4.872274631960526, 40.05685145688201, 48.73280631814708, 56.820093131788724, 38.0322449787538, 39.405177471348225, 67.96462351114556, 68.59217467090043, 18.704188583640736, 46.25157984205173, 78.10228882980988, 54.433540293503924, 15.981222457792933, 85.56823264025024, 30.467794963286444, 24.05439435173741, 85.13298719532412, 68.53203763586268, 69.60328259742379, 50.7780172335942, 16.444969979294736, 30.330816160098873, 40.74848552993038, 96.69494738257758, 6.565986183798969, 39.14284486322056, 25.873912000525504, 16.778387412761294], [81.12829969405091, 80.07189620493199, 3.3194971107256306, 68.48316354912589, 80.56663504809617, 0.0, 48.89055409507508, 49.33690118130983, 21.026494994711737, 74.47951415663604, 44.392297079749, 71.34707988952763, 74.67318594099243, 37.16438617391043, 69.47457631875976, 49.2031178204666, 60.23613295820068, 56.28820531088051, 59.21917968406646, 69.7030025163092, 86.10408949568293, 108.64868819174966, 15.235231335070553, 76.01283704303887, 52.70781661079692, 88.48375292315114, 57.457503079475416, 44.46336097044998, 74.71935192018935, 43.30749757127653, 94.87335689070574, 76.34927410043925, 64.1273341722119, 52.310195200333396, 36.27720607048022, 67.21988784849083, 41.29254642175204, 40.14559456446903, 87.90014789310327, 61.95068222609808, 35.09829672536982, 94.55168941016107, 40.100341564570044, 96.53602663017693, 6.360010931795981, 61.937983089495624, 72.35263700721019, 66.1354861032989, 70.1596621511752, 24.703712297982822, 32.09250696201415, 82.57825433895275, 65.36837313372342, 92.96107265967544, 18.69577896246999, 74.80282409105433, 64.15171933209604, 93.48323839211422, 77.72162180864932], [76.10907450633322, 56.702498432100214, 46.509763047085016, 32.739989072893, 67.06558644736388, 48.89055409507508, 0.0, 44.88593017552693, 28.16632344118704, 94.71996185587804, 55.07255608846402, 82.24150068903359, 50.349256590561495, 11.841006613910286, 96.99108094116828, 47.631736036418275, 95.59579178487864, 30.29735164531262, 65.91616357958468, 92.57590955755323, 113.98482321010931, 94.89371007662831, 64.02190789632375, 98.64519945095498, 90.63893717154201, 74.96049984246457, 59.68278149651856, 6.988761615215488, 80.78770795922509, 87.83874481726261, 96.92481692466393, 62.24582602342266, 77.62033913403322, 18.38632256832284, 18.1099524488685, 33.39689283685228, 40.81015922259916, 8.796298977999191, 110.4349811093821, 52.24361355942117, 35.829245415060704, 119.38261124915515, 16.946789711714764, 80.69669460261406, 55.01363154362541, 68.88551459559464, 46.25692790653385, 102.94179379718489, 98.13124710914997, 24.190850114475946, 50.18083707895964, 58.91272373169916, 38.08065693071123, 98.91617123857914, 66.53987651263955, 60.6057457257889, 30.747862423430245, 90.32437069436598, 54.61038357279967], [34.429472242355736, 32.59387342474456, 46.08975431293111, 34.16871231028457, 31.293251340099623, 49.33690118130983, 44.88593017552693, 0.0, 38.233539288547064, 51.72733771952309, 15.306067223278312, 37.557558458689954, 28.546944961359404, 39.5739850835403, 57.210616266212654, 3.200558024353223, 61.628101367293446, 21.154944838546786, 21.272811013401718, 50.837396657467345, 73.00518277379845, 59.86826422656701, 58.059997496715354, 56.299674003694555, 59.94410513061952, 39.354006300489694, 14.799923851660106, 47.81231226614687, 35.94721852422561, 65.74700944343279, 53.197246500124244, 27.01239031893778, 33.71787177440578, 29.687159269818814, 29.622311020198566, 31.638245715842316, 8.117427582049077, 42.52282765728787, 67.38949971639477, 12.618031006220894, 15.200252744466717, 76.78550121739354, 28.682725875916994, 47.274158225757375, 54.507206914423925, 24.136421693359754, 27.92968289915661, 69.1955511295835, 58.4928204312626, 39.99654101321701, 21.641214997086593, 34.940449861003394, 24.686250778685842, 54.37504647688289, 65.96849621292235, 25.471667364798147, 29.99482796262613, 48.33037844880194, 30.438540220298368], [72.57684991454038, 64.5644987454991, 18.4229793570145, 49.05564240417516, 68.57713275237118, 21.026494994711737, 28.16632344118704, 38.233539288547064, 0.0, 77.67489265181452, 40.233221557798615, 69.60177215449585, 58.58964690260782, 16.33203102752112, 76.47745845665662, 39.41603472441159, 71.59622742293138, 38.31518488960853, 54.58597706814805, 74.13467756879578, 93.73734516380003, 97.58230162085432, 35.95846394685165, 80.53745604458534, 65.50489956095527, 76.84753975765709, 50.48496448731901, 24.59458608469653, 70.80649683032955, 60.446828155787244, 89.9572308078917, 63.90337434740199, 63.29503167884443, 32.201806860829244, 16.050095987580153, 48.151069955928754, 30.547171440651372, 19.60771630452679, 92.71439709866748, 50.152335834973265, 23.19934409998618, 100.72343766306398, 19.937739820015643, 84.32285856932964, 27.322146218436433, 57.64611380378352, 55.598310208916324, 78.51053157717374, 77.44084959467199, 4.525051575548332, 30.35950396469778, 67.08665198226586, 47.83124666792154, 89.75366162702787, 39.37275635237452, 62.23059280538445, 45.01071199776041, 86.24287504437193, 62.18443627755004], [43.09927251957371, 69.96861543213595, 72.64415437724145, 84.13578960158966, 55.821582397024045, 74.47951415663604, 94.71996185587804, 51.72733771952309, 77.67489265181452, 0.0, 39.666887302116415, 18.12224863732119, 70.28281524420458, 86.61782301972265, 14.251268125309416, 48.57035685916659, 31.098799685693752, 72.50763533093932, 31.269175002012442, 6.097746152610042, 22.822139212562448, 67.05499518559017, 71.83465440510264, 5.4344487200024085, 37.390166224142604, 57.64119820395802, 38.33453943894146, 96.00883408390055, 25.37763179348597, 54.525596460027145, 36.320135409086, 56.231683609647426, 18.298798597878342, 81.2936651053784, 77.22329262634581, 81.47257245443755, 53.99532040438593, 90.19328266288076, 15.745387416905498, 51.81991254615487, 59.13670112180926, 25.060314512151752, 77.77850934658736, 64.10146214848139, 75.68153658472774, 29.13369802472433, 72.33134421544746, 35.17895921314414, 15.204667666060553, 81.44898487492114, 47.3292278708323, 71.01035406689967, 73.28905808578709, 29.692418165383447, 81.18403036801699, 56.28017776120592, 80.54266662651892, 43.51415594153085, 69.1217515787338], [37.236894193647736, 45.69784502868875, 41.53177256974461, 49.353477071449376, 39.81832777740624, 44.392297079749, 55.07255608846402, 15.306067223278312, 40.233221557798615, 39.666887302116415, 0.0, 29.377556774305873, 42.65507403907809, 47.1373994156387, 42.97558548372992, 12.430090031809268, 46.3365422533284, 35.94167391116598, 14.964762722235548, 37.63326010154587, 59.44871851490787, 65.72804459686382, 49.40789754887276, 43.60191569537707, 44.743393813363426, 46.77340172912096, 13.64374410092999, 56.420228546686815, 31.00000762790384, 51.78392640359948, 50.847840555139, 36.67317972319099, 23.35632795515272, 42.693021354285065, 37.594942011992885, 46.86270630596492, 14.602218429830158, 50.644201349565066, 55.36564280808739, 23.7043977455628, 19.53182723507453, 64.3410015272738, 38.126140896816956, 55.08638053218516, 48.27839388116834, 17.861790113380184, 42.65650859193105, 53.913952575053145, 44.2128680703047, 43.399739358064245, 12.321416309727166, 47.8050135948905, 39.98104400274991, 49.824213314176546, 58.27776849821703, 35.5143005258592, 45.071358212722785, 49.108025145196365, 43.79444791470841], [25.406320327527816, 51.973341136198584, 68.88803832468874, 67.7306399076428, 37.7120846300389, 71.34707988952763, 82.24150068903359, 37.557558458689954, 69.60177215449585, 18.12224863732119, 29.377556774305873, 0.0, 52.612419886134205, 75.65317412598961, 30.184789206969672, 34.655598105719335, 43.98724660579372, 57.1589977704556, 16.329712181092415, 21.008055284649437, 40.881163105683456, 51.580571729476695, 72.49496976031028, 23.552662283118213, 47.87257944208653, 39.914628897595136, 22.924263403763035, 84.56021368811005, 7.799327048968, 62.598106145063326, 25.324627066518744, 38.15110660229119, 7.442301958739919, 67.07333295586594, 65.80192737952702, 65.0649618902941, 41.835456849855795, 78.96508926104131, 31.98165226021471, 35.00525731499209, 48.22036406203915, 41.66542886201178, 65.60810560639803, 46.819655308304576, 74.02105110651716, 13.423583091052416, 54.92851769889958, 49.78440628277089, 31.419153943909084, 72.75971106666057, 40.27588617605282, 52.946535710880454, 56.68340853961247, 21.79825458661363, 81.93160399035158, 38.25679770776083, 64.47393807984105, 28.903730744021892, 51.219277353878695], [33.565650358675036, 6.3930322981112635, 71.35408293322705, 20.5369197693832, 20.125374644707144, 74.67318594099243, 50.349256590561495, 28.546944961359404, 58.58964690260782, 70.28281524420458, 42.65507403907809, 52.612419886134205, 0.0, 51.85136567348024, 79.54203170587608, 30.644022385203275, 87.46049970091754, 21.242822506580353, 40.309085646183675, 71.48857793934205, 93.04818192365674, 44.96158775600029, 85.33896197920917, 75.57608856397313, 87.02236221515153, 26.43297757806226, 33.92352827326181, 56.21991446467021, 46.958276353298544, 94.14959533077587, 55.32270247697997, 16.48507975101153, 52.56828743580493, 32.19940965774801, 44.15815833976067, 18.53146559876536, 35.054558580659844, 53.054429256387024, 84.56676701486121, 19.77517093251272, 39.83717317460523, 94.2432595490631, 40.93546562128477, 30.76950695043919, 80.47026459707733, 41.65113957082639, 4.25200459170669, 94.80329476018247, 80.86715117919677, 58.403453041259326, 50.130033684876864, 8.76765345968701, 12.288902566448265, 60.07735333295791, 92.5212540218485, 15.53441065130413, 20.254625331931628, 45.99389958528758, 4.277495336107638], [73.03906468571067, 58.208797336652346, 34.71091487664955, 37.6903071650292, 65.9585955781166, 37.16438617391043, 11.841006613910286, 39.5739850835403, 16.33203102752112, 86.61782301972265, 47.1373994156387, 75.65317412598961, 51.85136567348024, 0.0, 87.65266236681275, 41.84633114607436, 85.04627912085542, 30.622162350150074, 59.54321692405377, 83.94865502180339, 104.82541454262731, 94.71830128044924, 52.23922559310013, 90.18294289786124, 79.69856849817612, 74.1692896217969, 53.96690073513574, 9.628857086842348, 75.2015954830559, 76.19147049112124, 92.73431692510637, 61.0897205036051, 70.33684947368377, 20.675083205531287, 9.967373007044042, 37.523406055826484, 33.85208363251628, 3.7762718758138867, 102.18764597040014, 49.15688208333406, 27.62511549540945, 110.83035931270146, 11.539888755192322, 80.7544641941035, 43.35214200985811, 62.60999758086064, 48.14906820970794, 92.26963756822498, 88.73665328874796, 12.485409200111876, 40.468958385008314, 60.61896485444824, 39.822954972499694, 93.86778069463783, 55.07553386246155, 59.392759750027544, 34.466274227700914, 87.2357312454711, 55.925990396442664], [55.57965563563989, 80.11867605547643, 68.19222952395128, 91.06286443737046, 67.23949072230026, 69.47457631875976, 96.99108094116828, 57.210616266212654, 76.47745845665662, 14.251268125309416, 42.97558548372992, 30.184789206969672, 79.54203170587608, 87.65266236681275, 0.0, 54.02154870237823, 17.483665446912237, 78.36282428617089, 39.253663434373344, 9.261808856835279, 17.266813491000182, 80.87019395338133, 64.14913975025483, 10.690765304648197, 24.85077247430836, 70.05274344211888, 45.939338375450795, 97.25942213646731, 37.937914900320976, 42.64120817480464, 50.56125572172756, 66.93636194374864, 27.34580041004411, 85.66621584530895, 78.96752439478891, 88.45072523675273, 57.511136679479584, 91.37598122695886, 19.55804508342636, 60.132214637306205, 61.245803776431295, 25.08304190210118, 80.2022470751119, 76.99412654152867, 69.52788820456121, 37.98107004554703, 81.02509326000063, 20.93705258310882, 1.3251445862211289, 80.63772085452887, 47.1914391211268, 81.45157262275737, 80.70572913038846, 43.91742029701219, 73.12948829213212, 66.7199494478795, 87.08501799241884, 57.43490894519522, 78.97660084545704], [33.200692005682704, 34.271514069646614, 46.00955509180128, 37.27493933814896, 31.433529500534853, 49.2031178204666, 47.631736036418275, 3.200558024353223, 39.41603472441159, 48.57035685916659, 12.430090031809268, 34.655598105719335, 30.644022385203275, 41.84633114607436, 54.02154870237823, 0.0, 58.653398534193244, 24.349893356121733, 18.331117863455944, 47.63989867329816, 69.80572545685644, 59.542174694920135, 57.170649937025246, 53.11801743244132, 57.16782506134974, 39.281465710373524, 12.15490812804121, 50.31276147577176, 33.4044663090383, 63.50568783979337, 51.18289876646135, 27.431652972049683, 30.616555510156825, 32.780355694679756, 31.879263863115597, 34.72529409127163, 8.868867157471204, 44.913741431130816, 64.24775834044877, 13.156928156724696, 16.216744159201486, 73.62488254064839, 31.206178382743552, 47.36768680408429, 54.135281727341564, 21.26243864251582, 30.352412657538512, 66.20514844809935, 55.305405194340814, 41.47901076563529, 20.079113876142635, 36.53597585232109, 27.59726637633511, 52.023111506989245, 65.33189686115784, 25.988299860393997, 33.14164156236367, 46.841732147731335, 32.20809343259629], [68.48523824831365, 89.18145744826312, 59.70221206054398, 95.6545442227677, 78.35624135006114, 60.23613295820068, 95.59579178487864, 61.628101367293446, 71.59622742293138, 31.098799685693752, 46.3365422533284, 43.98724660579372, 87.46049970091754, 85.04627912085542, 17.483665446912237, 58.653398534193244, 0.0, 82.05444575174056, 48.151856481734896, 25.241951490305627, 28.60827870421598, 95.56627578271404, 51.8587148959354, 28.158604085117272, 8.614259652320715, 82.47901133484355, 53.72638421075208, 94.60302987387195, 51.68707125965177, 26.194356776870265, 66.82278256817406, 77.1299200837558, 38.971238154565135, 87.24162374039992, 77.58253361002392, 93.18530509974697, 59.57746077352191, 88.82099360160362, 35.81589214141036, 67.6904821924214, 61.32970254577766, 38.66699919886284, 79.59653711807196, 90.02924255657352, 58.876345937843475, 47.90313601192351, 88.17191814933943, 7.608982715987155, 17.051812226089385, 76.04593465210986, 45.89284327369788, 90.86652734554302, 86.24826489943536, 60.62364134734438, 60.08811249282545, 76.5821722681662, 91.31351188686394, 72.61239882407035, 87.68406085466536], [46.52837731908393, 27.588139043562208, 53.02528714198075, 13.986411449882823, 36.773170312576106, 56.28820531088051, 30.29735164531262, 21.154944838546786, 38.31518488960853, 72.50763533093932, 35.94167391116598, 57.1589977704556, 21.242822506580353, 30.622162350150074, 78.36282428617089, 24.349893356121733, 82.05444575174056, 0.0, 41.415550581582416, 71.90865596858777, 94.09492530537061, 64.78173046503395, 68.63445576194495, 77.23488163141752, 79.56988965006394, 44.67620882410293, 34.41218829037372, 35.56495838263277, 53.98182726061407, 82.90132348060109, 67.99341496046085, 31.96605093534202, 54.28445501765237, 11.97331353638164, 23.139785606193087, 11.882185193666496, 22.772297378719404, 31.973562837833537, 88.03865409773961, 23.427150072238774, 23.985359260971677, 97.54580418296989, 19.75632657117209, 50.64156086870984, 62.430371348740664, 43.94968727008106, 17.682370913029057, 89.65955301530649, 79.64306055082149, 37.61632139901879, 38.2375249845428, 30.008731334851266, 9.561189497307126, 70.8912464504695, 74.77361854503735, 30.339026312676626, 9.42159075525388, 60.60030774117615, 25.30470343895915], [23.98695096453034, 41.27011556366042, 56.4202261575382, 52.8757654436183, 30.597385069779147, 59.21917968406646, 65.91616357958468, 21.272811013401718, 54.58597706814805, 31.269175002012442, 14.964762722235548, 16.329712181092415, 40.309085646183675, 59.54321692405377, 39.253663434373344, 18.331117863455944, 48.151856481734896, 41.415550581582416, 0.0, 31.497478922977148, 53.507259666677214, 53.00085696718446, 63.13904220186449, 36.23222887612546, 49.233103114721885, 35.941562225315934, 7.0664289763800445, 68.33113462446913, 16.224331928814365, 60.30627350204791, 35.88688420492294, 29.001034896191783, 12.97044134680341, 50.896819178027776, 49.63880279076227, 50.21473176663991, 25.692680948498985, 62.78837442604444, 46.654280399397024, 20.93488285655822, 32.376294163353606, 56.213531712446525, 49.32412987318079, 44.08583912324515, 62.84056614158815, 3.0909951668815054, 41.798190337112274, 55.202682251512016, 40.578624568583805, 57.42123268484552, 27.14095993618931, 42.82753734640052, 42.08919950770263, 35.16775856866556, 72.27857113706324, 28.430582878990148, 49.28001732907184, 34.55010125748691, 39.951295670626045], [46.41391082271241, 71.70820030715933, 68.02127934716904, 84.1081294653378, 58.36211301277695, 69.7030025163092, 92.57590955755323, 50.837396657467345, 74.13467756879578, 6.097746152610042, 37.63326010154587, 21.008055284649437, 71.48857793934205, 83.94865502180339, 9.261808856835279, 47.63989867329816, 25.241951490305627, 71.90865596858777, 31.497478922977148, 0.0, 22.191085318508772, 71.6426192677689, 66.36698569475095, 6.425746855120984, 31.316029221304902, 60.91873344822818, 38.432409616761355, 93.45234611693117, 28.723449117702117, 48.431417625733715, 41.72127749062326, 58.291247617835815, 18.92809833685636, 80.0255434049051, 74.80549451191615, 81.46407421401695, 52.203664986797705, 87.59369352319115, 18.600099235912584, 52.414544090077214, 56.77575712784881, 26.88218791872689, 75.64427293183651, 67.77744037428243, 70.59552552833726, 29.84899459843266, 73.21857141437741, 29.799616716846337, 10.447867548322533, 78.0618857286248, 43.97822441452745, 72.9339187546153, 73.48442529523844, 35.38479730280539, 75.65716049348002, 58.16822402551254, 80.31052155872163, 48.251041426453, 70.67870804888621], [65.34394354454935, 92.78991244184094, 84.99572447105889, 106.26308781808615, 78.47882018327003, 86.10408949568293, 113.98482321010931, 73.00518277379845, 93.73734516380003, 22.822139212562448, 59.44871851490787, 40.881163105683456, 93.04818192365674, 104.82541454262731, 17.266813491000182, 69.80572545685644, 28.60827870421598, 94.09492530537061, 53.507259666677214, 22.191085318508772, 0.0, 87.00679727455065, 79.60821284944213, 17.473914271636662, 37.20976074026471, 79.7984341819236, 60.50840127916012, 114.41844675056699, 47.838306111077365, 54.64129840083006, 54.58852846627805, 79.02832637262597, 40.66612385705033, 102.04667392733755, 96.02254303037921, 103.61427859158393, 74.05054224052422, 108.53607444773847, 12.649673092914815, 74.32984053773156, 78.17229932253808, 10.378339889341754, 97.12790891859935, 85.7663407490336, 85.71901470166364, 51.63571682626028, 94.99909212895247, 27.23350213705657, 16.30463835306135, 97.90399682774732, 64.39260179883877, 93.81684845457482, 95.57981810002346, 47.02788329793283, 88.22054245905952, 79.09690993178585, 102.4925519929281, 63.590434719337544, 91.93969389328126], [29.01674456959917, 38.91317061358856, 105.49579245991012, 65.10482355523094, 29.054188101376784, 108.64868819174966, 94.89371007662831, 59.86826422656701, 97.58230162085432, 67.05499518559017, 65.72804459686382, 51.580571729476695, 44.96158775600029, 94.71830128044924, 80.87019395338133, 59.542174694920135, 95.56627578271404, 64.78173046503395, 53.00085696718446, 71.6426192677689, 87.00679727455065, 0.0, 115.12689761192507, 72.03366203720283, 99.14987741523227, 20.757907572737732, 52.08430050519602, 100.34627772064987, 43.937512266984605, 112.53176694531969, 32.72730487620396, 33.837347057048035, 57.22658639283181, 76.52533885945292, 85.76643132715706, 63.352744940844985, 67.96273220497137, 96.53257684836038, 74.94728685563825, 47.49063078771145, 75.01252249137646, 83.11621397694434, 83.2417888177277, 14.217541457040655, 113.30322275032722, 51.43649536167652, 49.202457543656806, 101.19232772438102, 81.98600885032937, 98.65715903338833, 77.63460130817471, 37.135719289274626, 56.97898988647562, 40.409959114271956, 123.88902338053124, 35.53604211119462, 65.21547942633745, 23.577878631477553, 40.7060060228148], [86.56653464060473, 90.22724151528445, 17.536030734234465, 81.57661024721108, 88.34471918010372, 15.235231335070553, 64.02190789632375, 58.059997496715354, 35.95846394685165, 71.83465440510264, 49.40789754887276, 72.49496976031028, 85.33896197920917, 52.23922559310013, 64.14913975025483, 57.170649937025246, 51.8587148959354, 68.63445576194495, 63.13904220186449, 66.36698569475095, 79.60821284944213, 115.12689761192507, 0.0, 72.28715593230405, 43.54802118207737, 95.80050179676512, 63.04822222856682, 59.696807759736934, 77.22815932686181, 30.661884801321335, 97.33035421297566, 84.56275373088774, 65.05441755567763, 66.12581137610636, 50.46333998350068, 80.06748116061847, 50.53305304240186, 55.311137471576274, 83.48525975697491, 70.32070865742355, 45.626569131854545, 88.91096790977241, 54.163294982340425, 104.06237346723465, 9.79709625280576, 65.4357796626206, 83.51897734263383, 56.61988404503032, 64.57943713600235, 39.837933559570544, 37.62595800651186, 92.66876403758594, 77.21024365633734, 94.25996629984088, 9.46633899034503, 83.15005844817863, 77.0978269726461, 97.61880577774392, 87.95045738289957], [48.49744520719671, 75.34943588472797, 74.37460885870543, 89.09462524394972, 61.2556058481282, 76.01283704303887, 98.64519945095498, 56.299674003694555, 80.53745604458534, 5.4344487200024085, 43.60191569537707, 23.552662283118213, 75.57608856397313, 90.18294289786124, 10.690765304648197, 53.11801743244132, 28.158604085117272, 77.23488163141752, 36.23222887612546, 6.425746855120984, 17.473914271636662, 72.03366203720283, 72.28715593230405, 0.0, 35.24152897151205, 63.03389350647249, 43.27730163663695, 99.65793600672428, 30.79412012191387, 52.848648551997464, 40.75928992176461, 61.641475228343545, 23.302296114046545, 85.7138988160189, 80.95959941112126, 86.43652825057242, 58.10222902677867, 93.80969838002258, 12.180641989319026, 56.94774214260151, 62.89683100826932, 20.739857746500856, 81.70107539882086, 69.41950324379778, 76.77738807845688, 34.2404962583542, 77.55546296476915, 31.336644065813555, 11.31557743270474, 84.44653801324596, 50.34134280602684, 76.4124454649975, 78.31666179634699, 33.78894663546705, 81.50813590010208, 61.672774539505724, 85.42407929496557, 48.459120985375854, 74.47659058030787], [71.18450097664568, 89.33536570119104, 52.432434704245935, 93.41798646838454, 79.82237636897071, 52.70781661079692, 90.63893717154201, 59.94410513061952, 65.50489956095527, 37.390166224142604, 44.743393813363426, 47.87257944208653, 87.02236221515153, 79.69856849817612, 24.85077247430836, 57.16782506134974, 8.614259652320715, 79.56988965006394, 49.233103114721885, 31.316029221304902, 37.20976074026471, 99.14987741523227, 43.54802118207737, 35.24152897151205, 0.0, 84.66771409428313, 54.00362466167123, 89.13625872315599, 55.28395775675365, 17.87528768868398, 71.9361041656528, 78.09077569776089, 41.93660259649933, 83.68643236857139, 72.84994918894935, 91.04876578102139, 56.81717497194476, 83.45248759836446, 43.910059289453976, 67.42713272327708, 57.58776555818026, 47.21326733122703, 75.17284795944923, 92.51437418835302, 50.93052558713161, 49.524360243664056, 87.31927016907439, 13.428106128563735, 24.68302798075518, 70.00904523183843, 42.06791088821864, 91.19250145393269, 84.60626196227696, 66.2299791041954, 51.60152741125656, 77.36800335198411, 88.95410601047334, 76.77520907292786, 87.66492340022968], [14.54620152783102, 21.367094505967483, 85.28285872814975, 46.96249948117717, 8.297953966188302, 88.48375292315114, 74.96049984246457, 39.354006300489694, 76.84753975765709, 57.64119820395802, 46.77340172912096, 39.914628897595136, 26.43297757806226, 74.1692896217969, 70.05274344211888, 39.281465710373524, 82.47901133484355, 44.67620882410293, 35.941562225315934, 60.91873344822818, 79.7984341819236, 20.757907572737732, 95.80050179676512, 63.03389350647249, 84.66771409428313, 0.0, 33.35334711995341, 80.13819110157547, 32.30006837187906, 96.23224665233462, 31.98088005120075, 13.114907174452185, 43.575044280204345, 56.584430835789284, 65.08940502008039, 44.87796766832076, 47.4706947741258, 76.11240666518954, 69.09311605843888, 26.844994087543352, 54.41142643677283, 78.3364332025796, 62.656697892460045, 8.3155559337045, 93.36240506042203, 35.20016657954237, 30.614359448643185, 88.92860754315099, 71.30416430211503, 77.89936163355716, 58.174812276460585, 20.47607721996155, 37.64014588144086, 38.336938114739304, 104.3064380454054, 14.816810492595895, 46.29444740829257, 21.429358654984277, 22.495723993506854], [23.725666901286427, 35.4757610056076, 54.46508614596141, 45.81942273638735, 26.851336063191802, 57.457503079475416, 59.68278149651856, 14.799923851660106, 50.48496448731901, 38.33453943894146, 13.64374410092999, 22.924263403763035, 33.92352827326181, 53.96690073513574, 45.939338375450795, 12.15490812804121, 53.72638421075208, 34.41218829037372, 7.0664289763800445, 38.432409616761355, 60.50840127916012, 52.08430050519602, 63.04822222856682, 43.27730163663695, 54.00362466167123, 33.35334711995341, 0.0, 62.46662714826095, 21.251078316483998, 63.584107262173795, 39.50307715346733, 24.34752620617808, 20.035799257662948, 44.151583865509856, 44.003675022455894, 43.1600756514586, 20.424110441080664, 57.062926744978625, 53.706319079733596, 14.241194374523834, 27.562915999113613, 63.27537541054133, 43.35467172624495, 41.664759820290094, 61.653708890916405, 9.559149330437553, 35.125480438449515, 60.97750785572905, 47.261255104425885, 52.9374471066126, 25.705753148808373, 37.23705678026331, 35.07142395448906, 39.943265504819436, 71.87975218818093, 23.472822710172434, 42.21378474057915, 36.273411765618114, 33.95850018499469], [80.32419202649892, 62.6065519258691, 42.38051681402934, 39.37984531708526, 72.09391418124979, 44.46336097044998, 6.988761615215488, 47.81231226614687, 24.59458608469653, 96.00883408390055, 56.420228546686815, 84.56021368811005, 56.21991446467021, 9.628857086842348, 97.25942213646731, 50.31276147577176, 94.60302987387195, 35.56495838263277, 68.33113462446913, 93.45234611693117, 114.41844675056699, 100.34627772064987, 59.696807759736934, 99.65793600672428, 89.13625872315599, 80.13819110157547, 62.46662714826095, 0.0, 83.70979730842797, 85.01447089077855, 100.63864553628002, 67.23507061677454, 79.47438227133064, 24.02061790749275, 18.845186701304577, 39.86260324828715, 42.739121068936484, 5.883441200480238, 111.62344400135409, 56.34759983685916, 36.89192866272554, 120.3333657458987, 19.12965416460992, 86.2023918356655, 50.36695002041571, 71.36880218399241, 52.2222385715198, 101.792307912836, 98.34841805751157, 20.2142976988658, 50.08516492558103, 64.8870739357814, 43.93457773622505, 102.17559173744077, 61.45838188915561, 65.56491251780079, 37.086627969875494, 94.56585639286139, 60.44506214356183], [17.755344819835813, 45.67729996449212, 72.052404667066, 63.44865698450351, 30.68817790974824, 74.71935192018935, 80.78770795922509, 35.94721852422561, 70.80649683032955, 25.37763179348597, 31.00000762790384, 7.799327048968, 46.958276353298544, 75.2015954830559, 37.937914900320976, 33.4044663090383, 51.68707125965177, 53.98182726061407, 16.224331928814365, 28.723449117702117, 47.838306111077365, 43.937512266984605, 77.22815932686181, 30.79412012191387, 55.28395775675365, 32.30006837187906, 21.251078316483998, 83.70979730842797, 0.0, 69.45161435307978, 20.208587447710695, 31.67024538789391, 13.589134604845887, 64.63044960369743, 65.24302439446835, 60.80840699921676, 41.49903706097683, 78.31358165808764, 38.01786637099063, 30.891696435307505, 48.41719541145971, 47.61405438001568, 64.58973610347236, 39.05702416785506, 77.91596969212289, 13.188297083380943, 49.649122864516336, 57.568107178580675, 39.159212369195444, 73.59693942077813, 42.86547113780797, 46.43554742768709, 52.32780342500745, 18.950753624927074, 86.57693185258665, 31.993542334491543, 60.54760322684226, 21.75036915581253, 45.148354931835364], [83.7750616588246, 97.47090719529311, 44.103479106741055, 96.86317835447663, 90.37254322123562, 43.30749757127653, 87.83874481726261, 65.74700944343279, 60.446828155787244, 54.525596460027145, 51.78392640359948, 62.598106145063326, 94.14959533077587, 76.19147049112124, 42.64120817480464, 63.50568783979337, 26.194356776870265, 82.90132348060109, 60.30627350204791, 48.431417625733715, 54.64129840083006, 112.53176694531969, 30.661884801321335, 52.848648551997464, 17.87528768868398, 96.23224665233462, 63.584107262173795, 85.01447089077855, 69.45161435307978, 0.0, 87.54194984708168, 87.87243725408378, 55.86367347562533, 84.5218585785966, 71.2316794312814, 94.76271023240774, 60.64319207710019, 79.76532884013172, 61.78517713064292, 75.4848792561966, 59.19889601561581, 64.81532166709702, 74.23887541951771, 104.39179744097657, 39.72014855518382, 61.35284355116652, 93.66863982270932, 28.423139315675556, 42.529391641642825, 64.90836071046503, 44.860460790507695, 99.58893996121073, 89.50244553408025, 82.4154596740815, 36.98665187835783, 86.88153833941675, 92.25956311195267, 91.20166735727446, 95.53288422592925], [21.954740334742446, 51.804190588541516, 92.165916731899, 74.68899656250741, 35.44862489441542, 94.87335689070574, 96.92481692466393, 53.197246500124244, 89.9572308078917, 36.320135409086, 50.847840555139, 25.324627066518744, 55.32270247697997, 92.73431692510637, 50.56125572172756, 51.18289876646135, 66.82278256817406, 67.99341496046085, 35.88688420492294, 41.72127749062326, 54.58852846627805, 32.72730487620396, 97.33035421297566, 40.75928992176461, 71.9361041656528, 31.98088005120075, 39.50307715346733, 100.63864553628002, 20.208587447710695, 87.54194984708168, 0.0, 38.868949618252564, 32.642715013077556, 79.56262437417347, 82.80379261590116, 72.22440287664121, 59.83579193189463, 95.56506087687129, 42.329524409492464, 44.79322328988654, 67.05086293734625, 50.389443688437844, 81.6098944003506, 34.88633270427886, 98.12362510303697, 33.016419717559906, 58.97435361624712, 71.45214514096602, 51.5230665772583, 92.43560969279024, 62.91573677718762, 51.56243658568301, 63.93700975800111, 7.682864920565975, 106.70830936185604, 39.99880067387247, 72.7411936911559, 10.82730340639249, 52.21108588528992], [17.085011820752573, 14.038646338476621, 73.10069606228109, 36.107847215828286, 4.872274631960526, 76.34927410043925, 62.24582602342266, 27.01239031893778, 63.90337434740199, 56.231683609647426, 36.67317972319099, 38.15110660229119, 16.48507975101153, 61.0897205036051, 66.93636194374864, 27.431652972049683, 77.1299200837558, 31.96605093534202, 29.001034896191783, 58.291247617835815, 79.02832637262597, 33.837347057048035, 84.56275373088774, 61.641475228343545, 78.09077569776089, 13.114907174452185, 24.34752620617808, 67.23507061677454, 31.67024538789391, 87.87243725408378, 38.868949618252564, 0.0, 39.59375476047166, 43.93494033173938, 51.97495282299873, 33.76000638471549, 35.08387610005919, 63.0927165776594, 69.67602599159952, 14.403422623112721, 41.78271319103761, 79.28385951478597, 49.566855835641, 20.449753970428265, 81.47167904006558, 29.355753041204466, 20.120417906374986, 84.09719286193018, 68.24653738100217, 64.84865975342753, 47.14287604631216, 14.803213054801045, 25.83705558638618, 43.624232359489326, 92.76187299362697, 1.7019267656455226, 34.69323184060056, 29.83794003006758, 13.780099627327544], [29.518651956620335, 52.83377648899187, 61.73409653652983, 65.84209519720116, 40.05685145688201, 64.1273341722119, 77.62033913403322, 33.71787177440578, 63.29503167884443, 18.298798597878342, 23.35632795515272, 7.442301958739919, 52.56828743580493, 70.33684947368377, 27.34580041004411, 30.616555510156825, 38.971238154565135, 54.28445501765237, 12.97044134680341, 18.92809833685636, 40.66612385705033, 57.22658639283181, 65.05441755567763, 23.302296114046545, 41.93660259649933, 43.575044280204345, 20.035799257662948, 79.47438227133064, 13.589134604845887, 55.86367347562533, 32.642715013077556, 39.59375476047166, 0.0, 63.3950378536244, 60.63338667083284, 63.17993579547496, 36.84185500976927, 73.76852337209772, 33.75668047994349, 33.66476295836403, 42.72348510615864, 43.27328254208695, 60.779069752618604, 51.058178879181234, 66.6750175212997, 10.975175189292194, 54.36867582713344, 45.35699544630625, 28.65854582248533, 66.6424173712525, 33.485632084625024, 54.12145205534122, 55.02341734305813, 29.221198548307232, 74.49305061366746, 39.378376198772855, 62.2462768821127, 35.33813886230012, 51.76596085092125], [58.31092677627001, 38.58692771162857, 49.25331272771378, 17.20574475369304, 48.73280631814708, 52.310195200333396, 18.38632256832284, 29.687159269818814, 32.201806860829244, 81.2936651053784, 42.693021354285065, 67.07333295586594, 32.19940965774801, 20.675083205531287, 85.66621584530895, 32.780355694679756, 87.24162374039992, 11.97331353638164, 50.896819178027776, 80.0255434049051, 102.04667392733755, 76.52533885945292, 66.12581137610636, 85.7138988160189, 83.68643236857139, 56.584430835789284, 44.151583865509856, 24.02061790749275, 64.63044960369743, 8