instance_id,num_cities,city_coordinates,distance_matrix,best_route,total_distance
1073,46,"[[22.31701135693762, 80.52094082802206], [84.75201503755257, 1.0081644164745995], [14.316504897661908, 64.30784293744045], [72.87811298261192, 77.54802937421448], [98.82818627982098, 21.60820569866434], [63.22119232760769, 17.60320784663003], [85.75044932079562, 15.356119999253204], [53.21524731393345, 91.99955111143764], [38.438758383790706, 48.90519201536826], [64.1957189310924, 98.70460684849274], [96.3123727831094, 7.7089343979822145], [47.47971452457593, 59.2625215441864], [3.3210823169944947, 83.13548530449492], [21.17700749438751, 59.786746564732205], [72.30357537493694, 63.2690197592354], [93.84811402703957, 55.13285788344493], [83.1900112145921, 36.14343624192976], [88.58522319245988, 97.30183109282355], [10.785064759813235, 36.00732007943839], [46.39030793326228, 18.514235677323764], [3.761107264719088, 5.048514771758894], [94.1072094231925, 94.25236580798388], [40.777422795253884, 27.985236022175442], [65.77637886232085, 62.753777659551766], [7.675782106951923, 78.38715649742147], [87.97014587455072, 29.9260037637613], [57.16056203371672, 24.77359606691516], [66.66594052223101, 16.553090481678943], [55.570426359210735, 77.13890173236383], [59.8222530226644, 13.72120296669288], [18.486128340516895, 46.3223571158992], [60.17690230786532, 48.308234756099765], [83.13625207358646, 14.637446153007295], [33.07196943081399, 32.36516243436453], [50.842423337017415, 0.18207722343538402], [59.77199992336737, 33.26791034095131], [41.96109802538548, 20.40646752331793], [81.21135281876761, 66.1304918778517], [89.96413326625651, 98.85493258026519], [7.043553606731534, 58.32409269813641], [48.01954357938516, 91.59108706511057], [72.75448352578161, 25.102967761880567], [11.788822304573044, 40.186817460990035], [60.51868081711249, 53.53689159497711], [11.42301873097038, 33.996520371935105], [75.47052865373706, 29.999872602448075]]","[[0.0, 101.096049859879, 18.07961965347983, 50.648427419950025, 96.56433217550834, 75.04527396444811, 90.94094196543254, 32.96148478592438, 35.48896025784169, 45.65601666840406, 103.81185767029676, 32.94058319383601, 19.17501402633149, 20.76551036104028, 52.87991455069864, 75.90292092404214, 75.33183274657962, 68.35988719970918, 45.98312978112373, 66.51582587397769, 77.72006608011682, 73.09161764780161, 55.68471127624685, 46.95091810628422, 14.795899077790216, 82.8865593961066, 65.74069874650701, 77.83773760869698, 33.42495770764659, 76.60840770272453, 34.41248018670807, 49.70945358070431, 89.66389971411225, 49.34215353903691, 85.25275440658596, 60.29697387699835, 63.24270741942882, 60.62696163597584, 70.08757633265377, 26.94398965536727, 27.985144279715243, 74.9339064612442, 41.6855403288633, 46.770786422251355, 47.782850209142936, 73.33263077017119], [101.096049859879, 0.0, 94.69957966920585, 77.45540960939644, 24.949955865082924, 27.184035627842732, 14.382652760299221, 96.30161042851672, 66.62614347751489, 99.83564580593999, 13.361968026841305, 69.15775090250278, 115.65419854023422, 86.58350480012322, 63.493131581659824, 54.883708509174625, 35.16997557848977, 96.36993165264072, 81.8293995487559, 42.16732269121773, 81.091624554334, 93.71232979247421, 51.58999084411187, 64.59563083536246, 109.21654681519391, 29.09635369938167, 36.41543656740427, 23.848497180041203, 81.53192185918873, 27.9841809474263, 80.27791601520903, 53.303215848673936, 13.724722605922066, 60.44905655681097, 33.91965255346089, 40.80064168878613, 46.98251528140163, 65.21850828510539, 97.98548982644608, 96.55941493574824, 97.74732904276132, 26.916543437628164, 82.81663086706942, 57.849128484646165, 80.40754521793903, 30.441174961449732], [18.07961965347983, 94.69957966920585, 0.0, 60.03969085842979, 94.68623611889244, 67.62389660161901, 86.59722625156307, 47.748747241799606, 28.620355844682724, 60.58938322961737, 99.63312098968755, 33.54480199255721, 21.803197811998935, 8.21625269152516, 57.99637485336508, 80.05908568956525, 74.40963430160339, 81.26774127259608, 28.52000461927568, 55.90870510985118, 60.192062548457955, 85.22459139605792, 44.938980285537866, 51.4833346564354, 15.566832352900843, 81.2832682297973, 58.29725471664312, 70.85887236134911, 43.20326498951694, 68.04249595617583, 18.462487911764963, 48.571221032399585, 84.87229181588773, 37.04189908166039, 73.79875707792048, 55.04252395763228, 51.88019171561631, 66.91967369576635, 83.16288282991619, 9.41812547201496, 43.36208282026798, 70.37058748988676, 24.253103911189893, 47.44106293616925, 30.449113909389038, 70.12026418992815], [50.648427419950025, 77.45540960939644, 60.03969085842979, 0.0, 61.66579422161173, 60.71768889303182, 63.51008293575691, 24.402351665893352, 44.79376381985181, 22.868859545045094, 73.66589251136784, 31.2959812249941, 69.7810875437641, 54.666877318381005, 14.290563636445484, 30.69496468093594, 42.66937517232652, 25.237392763168554, 74.70727652854104, 64.70388407645561, 100.16656177087692, 27.013133683007357, 59.050188783454956, 16.41050003236059, 65.20773026220087, 49.956248658741586, 55.065254187533725, 61.31046939293206, 17.312521528685146, 65.14844010833765, 62.71786508874183, 31.87924625699026, 63.741437847307886, 60.21644733268918, 80.44291249298226, 46.178990256627046, 64.96937666797488, 14.135170626764367, 27.311466701096958, 68.58388257850513, 28.550935923098525, 52.44520732883126, 71.60839050817154, 27.00537540763139, 75.32239073379021, 47.618776038495255], [96.56433217550834, 24.949955865082924, 94.68623611889244, 61.66579422161173, 0.0, 35.83152279917438, 14.495370970149024, 83.8777784048084, 66.272229957835, 84.51782572283798, 14.12512160089965, 63.6750583305075, 113.6099161299761, 86.52922367286885, 49.388039157724904, 33.89252755038251, 21.35006900027778, 76.38352713851559, 89.21281153476481, 52.52907514873496, 96.49856411397147, 72.7974011931008, 58.39997993910725, 52.77670002522024, 107.38999041019494, 13.677821686738437, 41.78768486645259, 32.5570920388878, 70.39099370897021, 39.79532185264845, 84.05733492204298, 46.97673152049483, 17.170564573599837, 66.63026468885859, 52.55199736108949, 40.759470127264926, 56.87978464428149, 47.88096477532536, 77.75363817692337, 98.85583014214166, 86.48191636065103, 26.306868631300375, 89.00008818102887, 49.87042401927914, 88.27872707898898, 24.81935219141337], [75.04527396444811, 27.184035627842732, 67.62389660161901, 60.71768889303182, 35.83152279917438, 0.0, 22.641042918976503, 75.06620295973254, 39.924719724496384, 81.10725381961984, 34.538715538004524, 44.5341727348196, 88.78345886536609, 59.558076002097366, 46.560241187689996, 48.44050954179706, 27.24873935966697, 83.63733980138221, 55.572104705362925, 16.855522572857787, 60.771062471296034, 82.63800256669647, 24.72871407613489, 45.22281429387935, 82.34064008837301, 27.647097512831458, 9.38859450550681, 3.6012548652563394, 60.02527023145321, 5.159723857586202, 53.16028108164659, 30.85557290402438, 20.134680208765772, 33.569196364090764, 21.371235666493636, 16.039944902557004, 21.44411048643253, 51.754643945684265, 85.53962626898996, 69.38384217772122, 75.5334124471601, 12.129717220759067, 56.17212929380696, 36.03516610466201, 54.330391895325945, 17.42766586490497], [90.94094196543254, 14.382652760299221, 86.59722625156307, 63.51008293575691, 14.495370970149024, 22.641042918976503, 0.0, 83.26316654004631, 57.99945113930948, 86.09051435687122, 13.039696117780524, 58.244495349067044, 106.71758480132851, 78.38245955766864, 49.764087275121554, 40.59262310324922, 20.944411184579618, 81.99472854723264, 77.75783527804653, 39.48663602641646, 82.63473202179692, 79.33758908689288, 46.712607360192514, 51.434438291508286, 100.34224047023199, 14.737997343670166, 30.10100514223506, 19.12200863973993, 68.76006038859317, 25.97969047116962, 74.04996095949214, 41.711487311901756, 2.7111841222229542, 55.356388683499006, 38.06339254778118, 31.55490558280424, 44.07962451049991, 50.97685981620422, 83.60506464820895, 89.67174644667368, 85.06110422278539, 16.244881293903266, 78.01849657179463, 45.76476222453574, 76.62918154423397, 17.891793069018945], [32.96148478592438, 96.30161042851672, 47.748747241799606, 24.402351665893352, 83.8777784048084, 75.06620295973254, 83.26316654004631, 0.0, 45.5573090843128, 12.86578910802788, 94.66926792597766, 33.23566519967484, 50.67543155584943, 45.4325168519089, 34.49358925864876, 54.86513398226574, 63.390788283597544, 35.765197701795906, 70.25276028396854, 73.8015676120843, 100.0309686474716, 40.95397098209223, 65.21144082984833, 31.82918928554301, 47.53041319477013, 71.14090422733614, 67.34162561065997, 76.63608529499318, 15.04612137074136, 78.55668216456871, 57.3804649334229, 44.242465631073856, 82.94674080050628, 62.944514906104374, 91.84812902176833, 59.096502708491734, 72.47223947046497, 38.118107889408456, 37.38284197088273, 57.147719107044416, 5.21173485265137, 69.69171124019438, 66.3378327757878, 39.14992104736011, 71.4908521763331, 65.87304215482895], [35.48896025784169, 66.62614347751489, 28.620355844682724, 44.79376381985181, 66.272229957835, 39.924719724496384, 57.99945113930948, 45.5573090843128, 0.0, 56.06605688254592, 71.03862952872237, 13.748205806872775, 49.04043383772274, 20.405300124688075, 36.78512440239008, 55.75823271019663, 46.53533109742748, 69.69148159424198, 30.51363419070989, 31.413967711491466, 55.91017461952853, 71.80071456541334, 21.05027101931394, 30.645208724569596, 42.60923537368857, 53.04307620651119, 30.542427128926427, 42.93521031883768, 33.024784813887926, 41.17240493762842, 20.11910737984337, 21.746338984600957, 56.32179283933252, 17.38893332571815, 50.277160016251635, 26.45055335434356, 28.715573722712545, 46.11079906108209, 71.7623915381807, 32.77765356253143, 43.74788087624059, 41.762601348981896, 28.039777957337982, 22.560487930389613, 30.856420387995044, 41.57839717245747], [45.65601666840406, 99.83564580593999, 60.58938322961737, 22.868859545045094, 84.51782572283798, 81.10725381961984, 86.09051435687122, 12.86578910802788, 56.06605688254592, 0.0, 96.49710803630789, 42.83810099048342, 62.834058666858745, 58.01042477642092, 36.35131591117897, 52.70447649677679, 65.38106153171954, 24.42981166394771, 82.36290273663877, 82.14333989661912, 111.46212751581137, 30.24102699548721, 74.49594622512025, 35.98556106538568, 60.06081956960858, 72.77169517591896, 74.26498359089857, 82.18864663733187, 23.226607783023024, 85.09586440826192, 69.52169991452902, 50.556356743005644, 86.17442371795991, 73.27762051357351, 99.42333401643222, 65.58605446037589, 81.39396162249989, 36.75057499849413, 25.768852810599157, 69.97825322419962, 17.671185945423993, 74.09759596385852, 78.55453194324825, 45.317139257838534, 83.4990679101846, 69.62371608942937], [103.81185767029676, 13.361968026841305, 99.63312098968755, 73.66589251136784, 14.12512160089965, 34.538715538004524, 13.039696117780524, 94.66926792597766, 71.03862952872237, 96.49710803630789, 0.0, 71.0098645276555, 119.73531093293283, 91.4189347845673, 60.52557672865587, 47.487904670261976, 31.316405736424414, 89.9255023837442, 90.08728572827701, 51.07804904858526, 92.58949498535553, 86.57152110054196, 59.12071614678626, 62.94745185010426, 113.36602791767183, 23.731643874744957, 42.70909695640273, 30.937518365758436, 80.50109665377937, 36.98210666625043, 86.87877035289293, 54.351406753053595, 14.886719991033615, 67.87693420553923, 46.08871750825995, 44.59215289691948, 55.81476879158951, 60.341686936455, 91.36680540331955, 102.61976577099811, 96.79056198086417, 29.283554137517683, 90.54856969467873, 58.14972094005497, 88.86641439670768, 30.516690396377648], [32.94058319383601, 69.15775090250278, 33.54480199255721, 31.2959812249941, 63.6750583305075, 44.5341727348196, 58.244495349067044, 33.23566519967484, 13.748205806872775, 42.83810099048342, 71.0098645276555, 0.0, 50.19863740327473, 26.307930534120118, 25.145100824321162, 46.55193437840063, 42.540773322801726, 56.005820356303325, 43.44308594615048, 40.762845923815895, 69.64535268819036, 58.29590450559383, 31.987330367667994, 18.62677629519351, 44.159989787151, 50.00106305258139, 35.82184792932948, 46.82100778193665, 19.622043385523394, 47.18421297800306, 31.75021094801684, 16.76946560388144, 57.12080202213915, 30.513129072082048, 59.17606536172063, 28.75447951072487, 39.24599421772604, 34.42371912670514, 58.073099172235274, 40.447048822786876, 32.33307229523825, 42.49340022486494, 40.468781470777415, 14.24069802689415, 44.0279016850544, 40.494299582789], [19.17501402633149, 115.65419854023422, 21.803197811998935, 69.7810875437641, 113.6099161299761, 88.78345886536609, 106.71758480132851, 50.67543155584943, 49.04043383772274, 62.834058666858745, 119.73531093293283, 50.19863740327473, 0.0, 29.39383718874339, 71.78621595926381, 94.75911888949605, 92.66767763545191, 86.43297444971857, 47.715563408461755, 77.6586382739367, 78.08821030690231, 91.46423293873728, 66.66728911486707, 65.69686501720298, 6.442828316875969, 99.98356308416332, 79.40276879018056, 91.90095952373335, 52.592328027759244, 89.50265294159357, 39.81438217435419, 66.67474520082546, 105.1781474017884, 58.845058997306786, 95.60097156726027, 75.32251410664769, 73.67482939061291, 79.72492734571519, 88.05747725464394, 25.089081202183912, 45.4912039888984, 90.49182446914331, 43.77545762215339, 64.40218958825707, 49.802402033430596, 89.60432993957612], [20.76551036104028, 86.58350480012322, 8.21625269152516, 54.666877318381005, 86.52922367286885, 59.558076002097366, 78.38245955766864, 45.4325168519089, 20.405300124688075, 58.01042477642092, 91.4189347845673, 26.307930534120118, 29.39383718874339, 0.0, 51.245020927360194, 72.81997256617088, 66.36730183925248, 77.14433946018133, 25.95098452406313, 48.364560103160365, 57.442036877456204, 80.66407665867794, 37.35655702490241, 44.69795520974599, 22.98387122802468, 73.16411207209015, 50.206940805706, 62.756609582731286, 38.52277962677074, 60.12893903041751, 13.730645063163673, 40.65400384713968, 76.66425057673999, 29.890356232200837, 66.57892687931735, 46.82757857562919, 44.52847175213149, 60.36858225206754, 79.107470130824, 14.20893645309055, 41.61775844682662, 62.15465023483097, 21.732354728146028, 39.835009062067286, 27.57310399415534, 61.9277345001877], [52.87991455069864, 63.493131581659824, 57.99637485336508, 14.290563636445484, 49.388039157724904, 46.560241187689996, 49.764087275121554, 34.49358925864876, 36.78512440239008, 36.35131591117897, 60.52557672865587, 25.145100824321162, 71.78621595926381, 51.245020927360194, 0.0, 23.029639072313106, 29.22861211972357, 37.72697049752942, 67.2883899178345, 51.71545347110752, 89.9316247803686, 37.886226918060174, 47.316420947500596, 6.5475009534626265, 66.37250726862666, 36.84017028861037, 41.366755955762635, 47.054871958152226, 21.734118384029568, 51.09569019563878, 56.42257509233031, 19.258278416974044, 49.82345668332785, 49.941638965005126, 66.63740215006906, 32.513181167431696, 52.515372186482665, 9.356095428886821, 39.727226134460764, 65.44709882665718, 37.3075554911588, 38.16871550400001, 64.76745635042525, 15.283915020196554, 67.5523604151529, 33.41954137342512], [75.90292092404214, 54.883708509174625, 80.05908568956525, 30.69496468093594, 33.89252755038251, 48.44050954179706, 40.59262310324922, 54.86513398226574, 55.75823271019663, 52.70447649677679, 47.487904670261976, 46.55193437840063, 94.75911888949605, 72.81997256617088, 23.029639072313106, 0.0, 21.775979652818037, 42.49612125206246, 85.23647311956398, 59.94303004944941, 103.07332444586945, 39.12036593236793, 59.61117043425679, 29.08781073563223, 89.25487769625673, 25.883121995089475, 47.61996691837752, 47.1939509812421, 44.15254623548225, 53.59742885655256, 75.87525163312851, 34.3558725615833, 41.88821263467209, 64.90075275405822, 69.77877705198291, 40.487744854986495, 62.435443595764006, 16.752184553359555, 43.89424930836001, 86.86320100828318, 58.56159444839663, 36.69789569494181, 83.40930093402365, 33.367622427870344, 85.09195671722766, 31.135230740879802], [75.33183274657962, 35.16997557848977, 74.40963430160339, 42.66937517232652, 21.35006900027778, 27.24873935966697, 20.944411184579618, 63.390788283597544, 46.53533109742748, 65.38106153171954, 31.316405736424414, 42.540773322801726, 92.66767763545191, 66.36730183925248, 29.22861211972357, 21.775979652818037, 0.0, 61.395908438787345, 72.40507439903011, 40.80449575893595, 85.29856343405935, 59.12556902084331, 43.19009015102633, 31.801648731826422, 86.52705183204505, 7.842585924803229, 28.40432168289097, 25.628627728622618, 49.43146425467268, 32.385315622447536, 65.49964037413163, 26.030472612751776, 21.50605728045178, 50.260257313363034, 48.36926486886548, 23.593895440200782, 44.130210369017085, 30.052264386552373, 63.07630698260562, 79.31118790595667, 65.66128064155102, 15.19184591821844, 71.51558368248753, 28.574840526416494, 71.79909789055188, 9.8657886253308], [68.35988719970918, 96.36993165264072, 81.26774127259608, 25.237392763168554, 76.38352713851559, 83.63733980138221, 81.99472854723264, 35.765197701795906, 69.69148159424198, 24.42981166394771, 89.9255023837442, 56.005820356303325, 86.43297444971857, 77.14433946018133, 37.72697049752942, 42.49612125206246, 61.395908438787345, 0.0, 99.0448470770434, 89.37503043404992, 125.32280325286865, 6.308055996568433, 84.20437121080643, 41.39820498167423, 83.09092953998788, 67.37863480646233, 79.04336913944917, 83.67086746928891, 38.68488762211422, 88.39134488708207, 86.67635125007054, 56.63395781232251, 82.84377963210297, 85.43121373165305, 104.19580381463797, 70.21783848860366, 89.92611403858989, 32.03164611353682, 2.0769008695436715, 90.37869200864085, 40.96568026800831, 73.91405945200361, 95.70690660290694, 51.99135245555101, 99.8076558327313, 68.56784107352534], [45.98312978112373, 81.8293995487559, 28.52000461927568, 74.70727652854104, 89.21281153476481, 55.572104705362925, 77.75783527804653, 70.25276028396854, 30.51363419070989, 82.36290273663877, 90.08728572827701, 43.44308594615048, 47.715563408461755, 25.95098452406313, 67.2883899178345, 85.23647311956398, 72.40507439903011, 99.0448470770434, 0.0, 39.670408913193036, 31.745607648487262, 101.66152243216436, 31.046664444797504, 61.15077775307079, 42.49374275620341, 77.4242801375636, 47.71669836222296, 59.17042610305514, 60.80736487350905, 53.863873316809624, 12.872698603540696, 50.90055125689378, 75.44114141066702, 22.582547069049706, 53.74048754779126, 49.063470957868184, 34.86160711519017, 76.59809089631113, 101.08979813315544, 22.62824000719686, 66.90262749162136, 62.921488870316644, 4.29834009485747, 52.73251789601215, 2.109573590328257, 64.96382581376285], [66.51582587397769, 42.16732269121773, 55.90870510985118, 64.70388407645561, 52.52907514873496, 16.855522572857787, 39.48663602641646, 73.8015676120843, 31.413967711491466, 82.14333989661912, 51.07804904858526, 40.762845923815895, 77.6586382739367, 48.364560103160365, 51.71545347110752, 59.94303004944941, 40.80449575893595, 89.37503043404992, 39.670408913193036, 0.0, 44.705417894764054, 89.51629484897434, 11.009283678089874, 48.300691722415365, 71.29923672442602, 43.117413814866545, 12.457044829137509, 20.370256929190944, 59.33907687501892, 14.261497517788634, 39.394604410842184, 32.82914201675002, 36.94988373161241, 19.21526248831132, 18.865030218550537, 19.918348239706226, 4.816476073544688, 58.989940002280825, 91.39642133585205, 55.97313455623073, 73.09501089365317, 27.175009570472284, 40.8284656689679, 37.765028106324145, 38.241501716351515, 31.266261252783487], [77.72006608011682, 81.091624554334, 60.192062548457955, 100.16656177087692, 96.49856411397147, 60.771062471296034, 82.63473202179692, 100.0309686474716, 55.91017461952853, 111.46212751581137, 92.58949498535553, 69.64535268819036, 78.08821030690231, 57.442036877456204, 89.9316247803686, 103.07332444586945, 85.29856343405935, 125.32280325286865, 31.745607648487262, 44.705417894764054, 0.0, 126.96355861002925, 43.546535995133084, 84.71004235787866, 73.44304629633433, 87.80689974107568, 56.926097720876214, 63.94820802352995, 88.77628871024412, 56.72801410432183, 43.821870196645406, 71.09251228838282, 79.95224336103995, 40.06651819715249, 47.332151203081715, 62.71805467892939, 41.17166509669141, 98.63847354643957, 127.39939448005937, 53.376602152794575, 97.20301437799836, 71.84891824261202, 36.04364749357542, 74.64947985422103, 29.944814501754827, 75.92635493386234], [73.09161764780161, 93.71232979247421, 85.22459139605792, 27.013133683007357, 72.7974011931008, 82.63800256669647, 79.33758908689288, 40.95397098209223, 71.80071456541334, 30.24102699548721, 86.57152110054196, 58.29590450559383, 91.46423293873728, 80.66407665867794, 37.886226918060174, 39.12036593236793, 59.12556902084331, 6.308055996568433, 101.66152243216436, 89.51629484897434, 126.96355861002925, 0.0, 85.06114642908734, 42.36504473753529, 87.875460137575, 64.61845249496824, 78.69151287181295, 82.40267365278758, 42.165795398497224, 87.52557582762104, 89.53118807061543, 57.115049847243625, 80.36726533132288, 86.92138092745054, 103.54255603114463, 69.98578727146935, 90.40151341311565, 30.937726337016706, 6.192632795142908, 94.18556669035317, 46.16443812587472, 72.37111408143721, 98.48553384062059, 52.78199592959208, 102.31051900777724, 66.90073806192285], [55.68471127624685, 51.58999084411187, 44.938980285537866, 59.050188783454956, 58.39997993910725, 24.72871407613489, 46.712607360192514, 65.21144082984833, 21.05027101931394, 74.49594622512025, 59.12071614678626, 31.987330367667994, 66.66728911486707, 37.35655702490241, 47.316420947500596, 59.61117043425679, 43.19009015102633, 84.20437121080643, 31.046664444797504, 11.009283678089874, 43.546535995133084, 85.06114642908734, 0.0, 42.82288280853025, 60.29985243639053, 47.232612579297125, 16.694965783405635, 28.300341018424195, 51.33143098718553, 23.79428917616133, 28.86436935866912, 28.095623910127365, 44.41209195953725, 8.863281950144065, 29.56890047150311, 19.715491579823873, 7.670646583548356, 55.58743780245145, 86.26613690895145, 45.369815459541364, 64.01681498128438, 32.10669530313205, 31.451829009078725, 32.289384800529774, 29.963587527245288, 34.75155183093976], [46.95091810628422, 64.59563083536246, 51.4833346564354, 16.41050003236059, 52.77670002522024, 45.22281429387935, 51.434438291508286, 31.82918928554301, 30.645208724569596, 35.98556106538568, 62.94745185010426, 18.62677629519351, 65.69686501720298, 44.69795520974599, 6.5475009534626265, 29.08781073563223, 31.801648731826422, 41.39820498167423, 61.15077775307079, 48.300691722415365, 84.71004235787866, 42.36504473753529, 42.82288280853025, 0.0, 60.16711624482546, 39.626077690660786, 38.9451729156992, 46.209250325605204, 17.63783606585391, 49.39276258243965, 50.063553364671854, 15.492832131646225, 51.15219013452798, 44.64354747965395, 64.32915919782279, 30.091010916429155, 48.58458888491776, 15.800019618603596, 43.45504400773815, 58.89963388138317, 33.8658472951326, 38.29200217597388, 58.51430556436168, 10.611049781333532, 61.492012524184474, 34.158378718378565], [14.795899077790216, 109.21654681519391, 15.566832352900843, 65.20773026220087, 107.38999041019494, 82.34064008837301, 100.34224047023199, 47.53041319477013, 42.60923537368857, 60.06081956960858, 113.36602791767183, 44.159989787151, 6.442828316875969, 22.98387122802468, 66.37250726862666, 89.25487769625673, 86.52705183204505, 83.09092953998788, 42.49374275620341, 71.29923672442602, 73.44304629633433, 87.875460137575, 60.29985243639053, 60.16711624482546, 0.0, 93.7852236608658, 72.95997057589796, 85.45929153637378, 47.91090781866816, 83.07189642112185, 33.83806946424136, 60.507100041824124, 98.78414901481948, 52.56415383251918, 89.32745008862415, 68.9185191694043, 67.35906161414755, 74.55002339039913, 84.79565197753038, 20.07302273925563, 42.44953323866993, 84.10970305241797, 38.421127028830824, 58.394414200451976, 44.548516899462776, 83.29139752744929], [82.8865593961066, 29.09635369938167, 81.2832682297973, 49.956248658741586, 13.677821686738437, 27.647097512831458, 14.737997343670166, 71.14090422733614, 53.04307620651119, 72.77169517591896, 23.731643874744957, 50.00106305258139, 99.98356308416332, 73.16411207209015, 36.84017028861037, 25.883121995089475, 7.842585924803229, 67.37863480646233, 77.4242801375636, 43.117413814866545, 87.80689974107568, 64.61845249496824, 47.232612579297125, 39.626077690660786, 93.7852236608658, 0.0, 31.2374416609283, 25.153607600976496, 57.260802991805626, 32.4792155212213, 71.3923602069443, 33.32222687955876, 16.03454156177672, 54.95233636405307, 47.572775269689316, 28.395488632085627, 46.98355088985816, 36.8299639312098, 68.95776398281009, 85.76458937817245, 73.47539127019898, 15.961768604612327, 76.86922894502632, 36.208520516281894, 76.65527887492729, 12.49983548980507], [65.74069874650701, 36.41543656740427, 58.29725471664312, 55.065254187533725, 41.78768486645259, 9.38859450550681, 30.10100514223506, 67.34162561065997, 30.542427128926427, 74.26498359089857, 42.70909695640273, 35.82184792932948, 79.40276879018056, 50.206940805706, 41.366755955762635, 47.61996691837752, 28.40432168289097, 79.04336913944917, 47.71669836222296, 12.457044829137509, 56.926097720876214, 78.69151287181295, 16.694965783405635, 38.9451729156992, 72.95997057589796, 31.2374416609283, 0.0, 12.566977850175835, 52.38944329632839, 11.368376848191053, 44.27257530611837, 23.727147466139197, 27.883292634203055, 25.256527344431348, 25.390188569995896, 8.886674453224744, 15.814408552230415, 47.84175340121794, 81.01924897956361, 60.3104498231616, 67.43986448441571, 15.597399565765043, 47.91828627770323, 28.958662458719044, 46.65817399027446, 19.041240612211197], [77.83773760869698, 23.848497180041203, 70.85887236134911, 61.31046939293206, 32.5570920388878, 3.6012548652563394, 19.12200863973993, 76.63608529499318, 42.93521031883768, 82.18864663733187, 30.937518365758436, 46.82100778193665, 91.90095952373335, 62.756609582731286, 47.054871958152226, 47.1939509812421, 25.628627728622618, 83.67086746928891, 59.17042610305514, 20.370256929190944, 63.94820802352995, 82.40267365278758, 28.300341018424195, 46.209250325605204, 85.45929153637378, 25.153607600976496, 12.566977850175835, 0.0, 61.59343276231159, 7.4064597136052965, 56.63482619205737, 32.41136845054185, 16.581340590937895, 37.129186809407344, 22.76826236699534, 18.080697439772237, 25.003554895633847, 51.66708573234482, 85.53595149385072, 72.79866515032276, 77.32004300441942, 10.496225865166624, 59.74990506107457, 37.491203590577996, 57.931456518644694, 16.072856671074174], [33.42495770764659, 81.53192185918873, 43.20326498951694, 17.312521528685146, 70.39099370897021, 60.02527023145321, 68.76006038859317, 15.04612137074136, 33.024784813887926, 23.226607783023024, 80.50109665377937, 19.622043385523394, 52.592328027759244, 38.52277962677074, 21.734118384029568, 44.15254623548225, 49.43146425467268, 38.68488762211422, 60.80736487350905, 59.33907687501892, 88.77628871024412, 42.165795398497224, 51.33143098718553, 17.63783606585391, 47.91090781866816, 57.260802991805626, 52.38944329632839, 61.59343276231159, 0.0, 63.56007037999123, 48.21726435248951, 29.196352151626353, 68.31037034633627, 50.108565085064356, 77.10192508022014, 44.071726833429295, 58.34194810752878, 27.904160930393942, 40.675706147463146, 52.046656166652575, 16.305872918881906, 54.799910993399166, 57.29123306052836, 24.115142643273963, 61.72729274593762, 51.167393314919394], [76.60840770272453, 27.9841809474263, 68.04249595617583, 65.14844010833765, 39.79532185264845, 5.159723857586202, 25.97969047116962, 78.55668216456871, 41.17240493762842, 85.09586440826192, 36.98210666625043, 47.18421297800306, 89.50265294159357, 60.12893903041751, 51.09569019563878, 53.59742885655256, 32.385315622447536, 88.39134488708207, 53.863873316809624, 14.261497517788634, 56.72801410432183, 87.52557582762104, 23.79428917616133, 49.39276258243965, 83.07189642112185, 32.4792155212213, 11.368376848191053, 7.4064597136052965, 63.56007037999123, 0.0, 52.645137055556766, 34.58884999702847, 23.331996342423476, 32.60636282808318, 16.24639243262838, 19.54677197260146, 19.07127735703324, 56.605893282068934, 90.31215235247073, 69.10143909089523, 78.75927119840226, 17.227511591600482, 54.84194760500792, 39.82177887309106, 52.474511678581706, 22.58015977215575], [34.41248018670807, 80.27791601520903, 18.462487911764963, 62.71786508874183, 84.05733492204298, 53.16028108164659, 74.04996095949214, 57.3804649334229, 20.11910737984337, 69.52169991452902, 86.87877035289293, 31.75021094801684, 39.81438217435419, 13.730645063163673, 56.42257509233031, 75.87525163312851, 65.49964037413163, 86.67635125007054, 12.872698603540696, 39.394604410842184, 43.821870196645406, 89.53118807061543, 28.86436935866912, 50.063553364671854, 33.83806946424136, 71.3923602069443, 44.27257530611837, 56.63482619205737, 48.21726435248951, 52.645137055556766, 0.0, 41.73804432407423, 71.99702828192002, 20.187868725788242, 56.35472699299914, 43.30059783600647, 34.967235164942075, 65.77853744645448, 88.70612534139546, 16.58234523594904, 54.050721798011566, 58.2693475085442, 9.082882526822244, 42.647215330517966, 14.20611730189934, 59.27601015376438], [49.70945358070431, 53.303215848673936, 48.571221032399585, 31.87924625699026, 46.97673152049483, 30.85557290402438, 41.711487311901756, 44.242465631073856, 21.746338984600957, 50.556356743005644, 54.351406753053595, 16.76946560388144, 66.67474520082546, 40.65400384713968, 19.258278416974044, 34.3558725615833, 26.030472612751776, 56.63395781232251, 50.90055125689378, 32.82914201675002, 71.09251228838282, 57.115049847243625, 28.095623910127365, 15.492832131646225, 60.507100041824124, 33.32222687955876, 23.727147466139197, 32.41136845054185, 29.196352151626353, 34.58884999702847, 41.73804432407423, 0.0, 40.75357342392028, 31.446127604611956, 49.02305107310264, 15.04577364092265, 33.3215266812604, 27.56956577839838, 58.67067230819865, 54.06912385559187, 44.95783219036028, 26.394695784689002, 49.06489279807224, 5.2398153486665935, 50.81108473988064, 23.85563102406658], [89.66389971411225, 13.724722605922066, 84.87229181588773, 63.741437847307886, 17.170564573599837, 20.134680208765772, 2.7111841222229542, 82.94674080050628, 56.32179283933252, 86.17442371795991, 14.886719991033615, 57.12080202213915, 105.1781474017884, 76.66425057673999, 49.82345668332785, 41.88821263467209, 21.50605728045178, 82.84377963210297, 75.44114141066702, 36.94988373161241, 79.95224336103995, 80.36726533132288, 44.41209195953725, 51.15219013452798, 98.78414901481948, 16.03454156177672, 27.883292634203055, 16.581340590937895, 68.31037034633627, 23.331996342423476, 71.99702828192002, 40.75357342392028, 0.0, 53.11030334207956, 35.38147912901446, 29.882812357562365, 41.57733659656643, 51.52901119914993, 84.4938162335362, 87.74179076316341, 84.58750537222177, 14.741379200264252, 75.78407556259741, 44.99690417389249, 74.28029073089616, 17.168793258820063], [49.34215353903691, 60.44905655681097, 37.04189908166039, 60.21644733268918, 66.63026468885859, 33.569196364090764, 55.356388683499006, 62.944514906104374, 17.38893332571815, 73.27762051357351, 67.87693420553923, 30.513129072082048, 58.845058997306786, 29.890356232200837, 49.941638965005126, 64.90075275405822, 50.260257313363034, 85.43121373165305, 22.582547069049706, 19.21526248831132, 40.06651819715249, 86.92138092745054, 8.863281950144065, 44.64354747965395, 52.56415383251918, 54.95233636405307, 25.256527344431348, 37.129186809407344, 50.108565085064356, 32.60636282808318, 20.187868725788242, 31.446127604611956, 53.11030334207956, 0.0, 36.763296992060255, 26.715287422861966, 14.900570161786439, 58.8004906901261, 87.50775874134553, 36.76063779031476, 61.08305920051683, 40.34155917113713, 22.67489005381844, 34.663584372841484, 21.710329226539468, 42.464484221154535], [85.25275440658596, 33.91965255346089, 73.79875707792048, 80.44291249298226, 52.55199736108949, 21.371235666493636, 38.06339254778118, 91.84812902176833, 50.277160016251635, 99.42333401643222, 46.08871750825995, 59.17606536172063, 95.60097156726027, 66.57892687931735, 66.63740215006906, 69.77877705198291, 48.36926486886548, 104.19580381463797, 53.74048754779126, 18.865030218550537, 47.332151203081715, 103.54255603114463, 29.56890047150311, 64.32915919782279, 89.32745008862415, 47.572775269689316, 25.390188569995896, 22.76826236699534, 77.10192508022014, 16.24639243262838, 56.35472699299914, 49.02305107310264, 35.38147912901446, 36.763296992060255, 0.0, 34.26966137987947, 22.088546857885813, 72.60485709164607, 106.14537470873321, 72.79309687814447, 91.45258733552332, 33.18417042725629, 55.90673479175442, 54.22514338794109, 51.935594970485916, 38.67356322807746], [60.29697387699835, 40.80064168878613, 55.04252395763228, 46.178990256627046, 40.759470127264926, 16.039944902557004, 31.55490558280424, 59.096502708491734, 26.45055335434356, 65.58605446037589, 44.59215289691948, 28.75447951072487, 75.32251410664769, 46.82757857562919, 32.513181167431696, 40.487744854986495, 23.593895440200782, 70.21783848860366, 49.063470957868184, 19.918348239706226, 62.71805467892939, 69.98578727146935, 19.715491579823873, 30.091010916429155, 68.9185191694043, 28.395488632085627, 8.886674453224744, 18.080697439772237, 44.071726833429295, 19.54677197260146, 43.30059783600647, 15.04577364092265, 29.882812357562365, 26.715287422861966, 34.26966137987947, 0.0, 21.96918154530997, 39.23767472522974, 72.2026481648357, 58.3789459076032, 59.495488680358946, 15.336595704603974, 48.47944523334077, 20.28272993048848, 48.35447088863664, 16.035082630236868], [63.24270741942882, 46.98251528140163, 51.88019171561631, 64.96937666797488, 56.87978464428149, 21.44411048643253, 44.07962451049991, 72.47223947046497, 28.715573722712545, 81.39396162249989, 55.81476879158951, 39.24599421772604, 73.67482939061291, 44.52847175213149, 52.515372186482665, 62.435443595764006, 44.130210369017085, 89.92611403858989, 34.86160711519017, 4.816476073544688, 41.17166509669141, 90.40151341311565, 7.670646583548356, 48.58458888491776, 67.35906161414755, 46.98355088985816, 15.814408552230415, 25.003554895633847, 58.34194810752878, 19.07127735703324, 34.967235164942075, 33.3215266812604, 41.57733659656643, 14.900570161786439, 22.088546857885813, 21.96918154530997, 0.0, 60.26001082408975, 91.96984865773881, 51.545913583199784, 71.4419682108531, 31.149473592130338, 36.07808844478173, 37.97379199184322, 33.42549660693454, 34.855636015551156], [60.62696163597584, 65.21850828510539, 66.91967369576635, 14.135170626764367, 47.88096477532536, 51.754643945684265, 50.97685981620422, 38.118107889408456, 46.11079906108209, 36.75057499849413, 60.341686936455, 34.42371912670514, 79.72492734571519, 60.36858225206754, 9.356095428886821, 16.752184553359555, 30.052264386552373, 32.03164611353682, 76.59809089631113, 58.989940002280825, 98.63847354643957, 30.937726337016706, 55.58743780245145, 15.800019618603596, 74.55002339039913, 36.8299639312098, 47.84175340121794, 51.66708573234482, 27.904160930393942, 56.605893282068934, 65.77853744645448, 27.56956577839838, 51.52901119914993, 58.8004906901261, 72.60485709164607, 39.23767472522974, 60.26001082408975, 0.0, 33.87477210030675, 74.57749196714755, 41.83226156775442, 41.89005100647697, 74.11182081990968, 24.223654609759045, 76.8310074090732, 36.58385861712739], [70.08757633265377, 97.98548982644608, 83.16288282991619, 27.311466701096958, 77.75363817692337, 85.53962626898996, 83.60506464820895, 37.38284197088273, 71.7623915381807, 25.768852810599157, 91.36680540331955, 58.073099172235274, 88.05747725464394, 79.107470130824, 39.727226134460764, 43.89424930836001, 63.07630698260562, 2.0769008695436715, 101.08979813315544, 91.39642133585205, 127.39939448005937, 6.192632795142908, 86.26613690895145, 43.45504400773815, 84.79565197753038, 68.95776398281009, 81.01924897956361, 85.53595149385072, 40.675706147463146, 90.31215235247073, 88.70612534139546, 58.67067230819865, 84.4938162335362, 87.50775874134553, 106.14537470873321, 72.2026481648357, 91.96984865773881, 33.87477210030675, 0.0, 92.29610778696136, 42.56890949587535, 75.73324473942782, 97.74112223421842, 54.04405155684621, 101.85931624859158, 70.3639386277718], [26.94398965536727, 96.55941493574824, 9.41812547201496, 68.58388257850513, 98.85583014214166, 69.38384217772122, 89.67174644667368, 57.147719107044416, 32.77765356253143, 69.97825322419962, 102.61976577099811, 40.447048822786876, 25.089081202183912, 14.20893645309055, 65.44709882665718, 86.86320100828318, 79.31118790595667, 90.37869200864085, 22.62824000719686, 55.97313455623073, 53.376602152794575, 94.18556669035317, 45.369815459541364, 58.89963388138317, 20.07302273925563, 85.76458937817245, 60.3104498231616, 72.79866515032276, 52.046656166652575, 69.10143909089523, 16.58234523594904, 54.06912385559187, 87.74179076316341, 36.76063779031476, 72.79309687814447, 58.3789459076032, 51.545913583199784, 74.57749196714755, 92.29610778696136, 0.0, 52.779964649962594, 73.63130755905827, 18.747755280105338, 53.68897954486111, 24.718626378926885, 74.05749359863938], [27.985144279715243, 97.74732904276132, 43.36208282026798, 28.550935923098525, 86.48191636065103, 75.5334124471601, 85.06110422278539, 5.21173485265137, 43.74788087624059, 17.671185945423993, 96.79056198086417, 32.33307229523825, 45.4912039888984, 41.61775844682662, 37.3075554911588, 58.56159444839663, 65.66128064155102, 40.96568026800831, 66.90262749162136, 73.09501089365317, 97.20301437799836, 46.16443812587472, 64.01681498128438, 33.8658472951326, 42.44953323866993, 73.47539127019898, 67.43986448441571, 77.32004300441942, 16.305872918881906, 78.75927119840226, 54.050721798011566, 44.95783219036028, 84.58750537222177, 61.08305920051683, 91.45258733552332, 59.495488680358946, 71.4419682108531, 41.83226156775442, 42.56890949587535, 52.779964649962594, 0.0, 70.94002581499662, 62.889300342953675, 40.054340895421916, 68.23811063881588, 67.43170085751936], [74.9339064612442, 26.916543437628164, 70.37058748988676, 52.44520732883126, 26.306868631300375, 12.129717220759067, 16.244881293903266, 69.69171124019438, 41.762601348981896, 74.09759596385852, 29.283554137517683, 42.49340022486494, 90.49182446914331, 62.15465023483097, 38.16871550400001, 36.69789569494181, 15.19184591821844, 73.91405945200361, 62.921488870316644, 27.175009570472284, 71.84891824261202, 72.37111408143721, 32.10669530313205, 38.29200217597388, 84.10970305241797, 15.961768604612327, 15.597399565765043, 10.496225865166624, 54.799910993399166, 17.227511591600482, 58.2693475085442, 26.394695784689002, 14.741379200264252, 40.34155917113713, 33.18417042725629, 15.336595704603974, 31.149473592130338, 41.89005100647697, 75.73324473942782, 73.63130755905827, 70.94002581499662, 0.0, 62.80393594261827, 30.95485248667501, 61.97292837929297, 5.599694469760297], [41.6855403288633, 82.81663086706942, 24.253103911189893, 71.60839050817154, 89.00008818102887, 56.17212929380696, 78.01849657179463, 66.3378327757878, 28.039777957337982, 78.55453194324825, 90.54856969467873, 40.468781470777415, 43.77545762215339, 21.732354728146028, 64.76745635042525, 83.40930093402365, 71.51558368248753, 95.70690660290694, 4.29834009485747, 40.8284656689679, 36.04364749357542, 98.48553384062059, 31.451829009078725, 58.51430556436168, 38.421127028830824, 76.86922894502632, 47.91828627770323, 59.74990506107457, 57.29123306052836, 54.84194760500792, 9.082882526822244, 49.06489279807224, 75.78407556259741, 22.67489005381844, 55.90673479175442, 48.47944523334077, 36.07808844478173, 74.11182081990968, 97.74112223421842, 18.747755280105338, 62.889300342953675, 62.80393594261827, 0.0, 50.52547466412427, 6.20109589550286, 64.49134491613685], [46.770786422251355, 57.849128484646165, 47.44106293616925, 27.00537540763139, 49.87042401927914, 36.03516610466201, 45.76476222453574, 39.14992104736011, 22.560487930389613, 45.317139257838534, 58.14972094005497, 14.24069802689415, 64.40218958825707, 39.835009062067286, 15.283915020196554, 33.367622427870344, 28.574840526416494, 51.99135245555101, 52.73251789601215, 37.765028106324145, 74.64947985422103, 52.78199592959208, 32.289384800529774, 10.611049781333532, 58.394414200451976, 36.208520516281894, 28.958662458719044, 37.491203590577996, 24.115142643273