instance_id,num_cities,city_coordinates,distance_matrix,best_route,total_distance
501,99,"[[62.24241434501009, 14.65483531791122], [65.00995609295751, 0.6439600386372368], [16.009181772778536, 14.232470363541127], [46.08154440013128, 75.90447393731435], [92.01781780226935, 4.680416207186799], [78.69127022896902, 8.6334312594315], [77.46954513162946, 98.93832099267621], [3.3579116755140026, 15.883162282619656], [20.011190878931494, 27.544081012309395], [49.31945151912418, 81.56768316607015], [51.84072212486757, 94.67164920219291], [11.40697610639907, 94.09074122051015], [79.3466032730123, 58.03129022107682], [88.94822673335199, 6.4236587713961235], [22.780093253077695, 8.67994380205811], [32.32326806105809, 23.88958138848919], [4.5656567459053, 82.56361334094343], [93.71419711956594, 61.286255649167686], [30.369293881957294, 97.78583994506671], [14.04840243559532, 76.72946219224059], [36.80251731740252, 91.83234682999812], [57.41186954203269, 74.44126210195728], [93.59812318272161, 58.09028208507555], [2.77027627890859, 33.87248557407517], [23.185941405614365, 55.66032977094786], [99.51922205080996, 72.44602123156112], [16.43220850377225, 75.69996074494374], [83.99179481340204, 66.37018174817739], [41.261360708873916, 90.98187685748093], [78.6957403107043, 13.139319754793844], [88.78224396358637, 27.280168811156315], [99.8151434614009, 90.15653865500323], [35.29842487587894, 58.18804751558546], [79.85211983970234, 0.40468759787952724], [67.99173044061571, 90.9426562320843], [9.290805636923272, 34.10376453473548], [26.272902456442647, 62.31084837030737], [4.730362157342604, 45.60169632565552], [60.81229105312783, 44.49421779738104], [8.562383288505027, 68.8079115883986], [99.81535416668824, 29.0168642753715], [48.85944074938053, 27.732939853680392], [81.97902992414704, 6.43538181835811], [91.58098633429275, 27.247437984840197], [79.06133906234619, 1.6833252583261404], [9.760442410004423, 15.379739989997876], [59.10691553567485, 64.5601402217209], [78.82268855402612, 65.46073046894311], [11.825953467575923, 58.874822426957216], [78.00700834735451, 50.2981597963657], [31.22380311301871, 15.678834274273811], [44.7807128686146, 81.3437946647562], [0.9845885644279573, 5.197781151023573], [27.86839892377724, 94.99703394222378], [23.87640998304117, 51.97785056488631], [48.051896177676646, 89.95390362672464], [47.11830008785878, 64.71128477251578], [48.20218401147977, 2.4359694892062467], [99.54045006193078, 62.83606926958466], [52.26963712630241, 78.58421539773357], [32.196763870076474, 25.675126912890565], [1.329000936178737, 84.25702009357926], [3.4711987744318384, 34.563287276370836], [27.97860338294371, 65.1894005418796], [54.02190531353763, 10.557580680317935], [17.987824759405, 65.34941508630443], [74.77275185913474, 27.92825512790361], [71.89121386904542, 96.06692656316092], [60.652066811576276, 54.88224191228663], [12.338602121803754, 90.44911675995883], [24.335420604666737, 55.2888050953944], [40.96401080437785, 97.0816075278711], [98.40647473018326, 33.89439568107926], [5.435918879873947, 76.6448245424388], [80.7363553480709, 90.83285872161288], [28.5579426400264, 1.4546843251373454], [45.13219560081105, 78.23153368472136], [85.54057645326432, 79.29833659665931], [69.14821584116733, 54.55121456334729], [53.20427601158714, 51.682542663384645], [23.958347238266953, 63.17947792896901], [21.143697224979363, 41.95295771043524], [6.720913465159894, 88.26364539815688], [92.79022121942494, 85.76917322284874], [37.98965250253571, 35.39891724950772], [5.072653612960631, 47.23267376564279], [46.40101236622029, 59.04250715245142], [79.61275633907341, 9.508953333267801], [56.62264018579173, 56.26517790311888], [79.30067083688239, 2.0804588221299936], [97.32027362322772, 36.89174528054413], [92.21273057342184, 16.895294690810037], [42.390102388112226, 43.64825465830167], [74.9126994853161, 85.09352765932445], [36.200788130555, 96.74947026833028], [82.67036899597859, 7.055713001929265], [88.36093641254891, 9.09992135214427], [48.274632678150354, 27.12528379010196], [50.26205584462146, 50.587089224099]]","[[0.0, 14.281593518161852, 46.2351617952477, 63.3458123981591, 31.40165103364712, 17.516339992325058, 85.64795076054725, 58.89731268713473, 44.154375660996834, 68.14933730675668, 80.69005951933825, 94.30962266639703, 46.62692482730502, 27.945530638390384, 39.912079807859996, 31.311912259531102, 89.09663573742476, 56.257999192285084, 89.03179060522383, 78.58703509811289, 81.26227072863261, 59.981255327791125, 53.570687064648574, 62.50002630016789, 56.62913255386991, 68.77049921326169, 76.32222676009076, 56.10269696869583, 79.15820792479843, 16.522975602337436, 29.38982140127284, 84.33396219825043, 51.1968664349722, 22.653221352657965, 76.50415841900448, 56.41040429260702, 59.70679496968454, 65.30960383488505, 29.873633849702223, 76.25025510635732, 40.2242921953684, 18.712049607400687, 21.379742990736517, 31.926876582238165, 21.23996944144073, 52.48697805142086, 50.00370796576543, 53.44290855617617, 67.06136583257192, 38.973952890810885, 31.035508963509095, 68.9371330794652, 61.98352275306398, 87.386737071295, 53.52530016570251, 76.62454237405122, 52.29136605659436, 18.61259653993711, 60.930901630015136, 64.70256504068723, 32.00293641683918, 92.49274597859787, 62.051609479736086, 61.05531118600359, 9.185002139455381, 67.29345523365797, 18.253575859819303, 81.98187563833781, 40.25883066590853, 90.74780203247548, 55.570312886539035, 85.12897999031003, 40.9633976436335, 84.08172626134396, 78.390797313968, 36.1785519372442, 65.83886512310717, 68.71380221758945, 40.48964276453905, 38.11481412516813, 61.808662295543144, 49.33854512518107, 92.20029274021249, 77.39778782687641, 31.91415661070443, 65.80043388980259, 47.12977219915707, 18.116536158730717, 41.98812298327903, 21.191957408416968, 41.532353367328966, 30.053943385729113, 35.13876285644839, 71.56916587682802, 86.12604358459734, 21.795595683423763, 26.702701439359746, 18.72460973667081, 37.876851249497776], [14.281593518161852, 0.0, 50.85000980164243, 77.6043150959152, 27.307829875512528, 15.843295328817428, 99.08088995550806, 63.507541803186065, 52.42618982135966, 82.43082492967608, 94.9454319740794, 107.7291992762047, 59.151036489935784, 24.626118628282185, 42.98765346609449, 40.10958098055139, 101.80541695178161, 67.09263349898102, 103.1335072135714, 91.57556218303105, 95.45146142352941, 74.18741612335778, 64.16668305449001, 70.55432412414267, 69.10896572145614, 79.66445523884651, 89.4047023531966, 68.41232653126625, 93.40736051235598, 18.53199136873521, 35.7016706664726, 96.04115158776239, 64.76184903797994, 14.844092292427069, 90.34791371413512, 64.99370926835378, 72.82420230218044, 75.19858706847955, 44.0507150599724, 88.50227548708665, 44.90475954615225, 31.538103514367045, 17.930143137158353, 37.60006232601296, 14.089770878631253, 57.18087069097272, 64.1881918815084, 66.2722061429679, 78.86299176257552, 51.32701940385714, 36.98042152903663, 83.19666814309679, 64.18710909432596, 101.40018650873948, 65.78097697767598, 90.90567539927092, 66.51866995935075, 16.903032278672104, 71.13517740425897, 78.97467399624551, 41.27062997995618, 105.10189275855602, 70.26762705947066, 74.41394340640097, 14.799227485185416, 79.98672857465506, 28.978352949922005, 95.67075963386796, 54.41307213890998, 104.11165978359824, 68.1210461492278, 99.39027788510857, 47.12662652364102, 96.56706123306782, 91.54975193401279, 36.461027942741715, 80.09342636240297, 81.28971228950302, 54.065860615877796, 52.38617182546204, 74.80591946744931, 60.25514049208652, 105.23697901862458, 89.54353717691902, 44.022765211285844, 75.91434960081996, 61.29178649402583, 17.08302903883874, 56.25003950980593, 14.362731517619068, 48.55778571815532, 31.687486763893308, 48.59040169996027, 85.02819413592132, 100.33063966304388, 18.78831445253878, 24.834886019900967, 31.326211986578944, 52.075106476805146], [46.2351617952477, 50.85000980164243, 0.0, 68.61328602242061, 76.6064911718944, 62.931656994862585, 104.65398891111285, 12.758503787108067, 13.900181831549252, 75.12393063289606, 88.05884836993945, 79.99077272573808, 77.00626976559207, 73.35585742285461, 8.756471520539616, 18.958090746950344, 69.28274940877326, 90.84122478120995, 84.7784075588542, 62.5277429885779, 80.33743604746613, 73.0703849525806, 89.12660364962385, 23.68541357345547, 42.04489759658549, 101.79756545174341, 61.46894602482588, 85.67366353937938, 80.79693025228488, 62.69608918889757, 73.93349048575405, 113.08361225430252, 48.001746450101464, 65.32326015464474, 92.66411377653435, 20.976293999202348, 49.16171675230411, 33.33526825120407, 54.06562640843475, 55.081154604394875, 85.10025167211833, 35.51622433880044, 66.42902569582098, 76.68433364688751, 64.28884492460665, 6.353185910995588, 66.25925602398075, 81.05474241267167, 44.837919184630316, 71.72492212778035, 15.283215338702838, 73.01870206365984, 17.531799971571527, 81.63060554405814, 38.556542975952254, 82.22208341963015, 59.294923446087424, 34.28624835147769, 96.64255071454751, 73.86452268437542, 19.823526504210353, 71.54680478043625, 23.886044754413266, 52.343822814941134, 38.18994586497919, 51.155225205823946, 60.338476029858775, 99.09429717544644, 60.377074387158835, 76.30498242507313, 41.89210993372887, 86.52585174888667, 84.71071475262634, 63.301625906090585, 100.28572428642794, 17.909305272583804, 70.31379694210952, 95.22700139603009, 66.7035087200875, 52.782411376303756, 49.588292783758625, 28.191996518129148, 74.61157286346555, 104.94202149038458, 30.514907295912874, 34.765227926342895, 54.14427729542575, 63.778729297043185, 58.44828061947784, 64.4475288312451, 84.40933833218044, 76.25005890627182, 39.512546592043634, 92.14615477591842, 84.9514934571157, 67.04639981560517, 72.53357470032705, 34.745992001654905, 49.94915109066379], [63.3458123981591, 77.6043150959152, 68.61328602242061, 0.0, 84.75262599837554, 74.75819287276481, 38.932822914480944, 73.6740568038572, 54.939884752165284, 6.523494560424636, 19.630970314474226, 39.154386779166096, 37.762611641286405, 81.6402849724188, 71.1484017913579, 53.80371004575919, 42.046558305232054, 49.82531395796891, 26.938244091088773, 32.04376366379082, 18.4335964610139, 11.424414938907473, 50.746139661559326, 60.353574807428885, 30.561969987406933, 53.54947514043229, 29.650041226632005, 39.0907893747969, 15.829158209914736, 70.73295098077563, 64.71223062304507, 55.591555265116185, 20.73999594577698, 82.70833998346278, 26.574483608517617, 55.685346055326455, 24.024340817372, 51.26576444234469, 34.69292561504416, 38.18440319937207, 71.31458652925956, 48.25156374769506, 78.19580696417775, 66.61611189494997, 81.21850630977113, 70.58658420104094, 17.27293260188906, 34.36647055109484, 38.255124371811654, 40.9257690475133, 62.0312836315449, 5.592707094901948, 83.86400795587032, 26.386445681142863, 32.642783283400625, 14.186922172372677, 11.24110074836977, 73.49910379183478, 55.03306092810683, 6.743404620989449, 52.11309272023471, 45.52532453245663, 59.36948095508784, 21.036379710903812, 65.82754582829618, 30.01110378843158, 55.900831449129925, 32.751542467250395, 25.578005447190794, 36.74415311905891, 29.964974585795634, 21.786696335515213, 67.10249629588895, 40.65236761803059, 37.7334413233873, 76.48429768223129, 2.513258882561188, 39.604715809113905, 31.432992496111794, 25.247480275223637, 25.52178238436976, 42.12602136251735, 41.255404334432725, 47.739006925188995, 41.30591770039118, 50.037998048266836, 16.864992844207723, 74.38217078290083, 22.289384223913284, 80.95366309777356, 64.40031342815482, 74.90106523341888, 32.46675878962741, 30.260109250496207, 23.06822959177489, 77.96726215305684, 79.05944115059528, 48.82846534157189, 25.660215210603038], [31.40165103364712, 27.307829875512528, 76.6064911718944, 84.75262599837554, 0.0, 13.900474748249072, 95.37402608807953, 89.36487270754486, 75.5493314940494, 87.94772483501905, 98.55263077682186, 120.38402725405382, 54.8349836846189, 3.5300543859901548, 69.35314500245734, 62.709100581721835, 117.10539214401629, 56.6312525176644, 111.66539495727162, 106.16164448602584, 103.17067615808986, 77.87263495570245, 53.4332400120894, 93.90048233041843, 85.6549986588812, 68.17952984598479, 103.7157656259428, 62.20967945199698, 100.12072735976281, 15.780709677292185, 22.83019395069163, 85.83103049683524, 77.97535599260698, 12.895195308984496, 89.54566951016024, 87.80371272679523, 87.42803100343711, 96.4035843705992, 50.5858052891791, 105.24801762384196, 25.55512234229932, 48.9291769429189, 10.191033625610762, 22.571249270797956, 13.29860502059608, 82.95029436857604, 68.3279506209436, 62.196125583799045, 96.78723454561229, 47.720868723756524, 61.780882334386, 90.04786326749584, 91.03469938410569, 110.78013983356871, 82.94756630792288, 95.9404498686029, 74.96447072910254, 43.873081787793694, 58.6401737653299, 83.914774633827, 63.39823634119897, 120.65196803476988, 93.45314186584885, 88.10424603082683, 38.447762328848135, 95.71398693462163, 28.945713220901233, 93.57657004254553, 59.19487848906682, 117.06855857131423, 84.51104020347934, 105.56737832521777, 29.904373159181795, 112.58464055123497, 86.88794361881848, 63.54180593736954, 87.22401304349604, 74.89852267396813, 54.86451697171917, 60.956467398803944, 89.74537177916861, 80.07735833377383, 119.42243546119899, 81.09243566069463, 62.150373707182275, 96.7995671437999, 70.96569502324046, 13.311661079054389, 62.560420696540234, 12.980200512448263, 32.64484275357028, 12.216433495830126, 63.098356323923014, 82.21224705632903, 107.66731870482705, 9.644523526299281, 5.736271195191981, 49.165417984774024, 62.0561542809853], [17.516339992325058, 15.843295328817428, 62.931656994862585, 74.75819287276481, 13.900474748249072, 0.0, 90.31315364855196, 75.68139474700496, 61.651961741721735, 78.62638765392325, 90.13061011807685, 108.76639215013235, 49.40220573408862, 10.492294848205619, 55.91119632279443, 48.813335696341625, 104.69134824256523, 54.75407061193366, 101.4059434773509, 93.89233081223239, 93.14895153787047, 69.16273197173224, 51.65456764483477, 80.00629465899945, 72.74868185335859, 67.12563009792954, 91.51016415750189, 57.97954741001241, 90.45587111457947, 4.505890712641558, 21.202088864912383, 84.21540868374251, 65.8680424798845, 8.310222263349608, 83.0017389413097, 73.92673645405195, 75.02633129529111, 82.68535870869869, 40.07061151879948, 92.40686590491872, 29.35491890166144, 35.4221580178429, 3.9548432533591193, 22.641246159374756, 6.95995146305187, 69.26017402010956, 59.256592241752934, 56.827451167754475, 83.63712077809569, 41.67034699134446, 47.987478971554374, 80.22918949499781, 77.7825948845995, 100.20796433445443, 69.88138227530766, 86.90103836142981, 64.35509380123983, 31.112584443772846, 58.074213442515784, 74.77442676059282, 49.51927414958973, 108.18432371784019, 79.56391507891554, 75.9628345976713, 24.744290580346302, 83.0759358257639, 19.688702708154484, 87.69753056686038, 49.64237450744797, 105.33984506757555, 71.63296933782108, 96.15833811429648, 32.04380770190166, 99.9594723754345, 82.22486392968243, 50.64469313449212, 77.26646977246607, 70.99606920156592, 46.89896278803944, 50.02812076129611, 77.27201347435879, 66.49747364801657, 107.3345389727334, 78.41366658483815, 48.71358050722279, 83.12401719423895, 59.86431061351202, 1.2710922676540632, 52.49578764349623, 6.581247363908945, 33.84630081381292, 15.845765276734353, 50.43622353293435, 76.55340579194183, 97.82575018661198, 4.280469822072456, 9.680911997764865, 35.59663537350034, 50.67869026649666], [85.64795076054725, 99.08088995550806, 104.65398891111285, 38.932822914480944, 95.37402608807953, 90.31315364855196, 0.0, 111.31349245211155, 91.64387582267973, 33.07819264857026, 25.981552241535407, 66.24018460014165, 40.950073428685215, 93.22404656112754, 105.53440576352492, 87.5813887164954, 74.72019802193944, 41.0069109156128, 47.114348985710755, 67.19728231177517, 41.28319294875042, 31.660957729557985, 43.91689097086711, 99.06333179260402, 69.4240171530792, 34.46781395552988, 65.31139142313347, 33.21480746234196, 37.072059862769436, 85.80776286581143, 72.54562653208272, 24.00927874263925, 58.64288679867881, 98.56243489392772, 12.399984930675007, 94.08432510352037, 62.94972574930838, 90.19858242033199, 56.93526575134, 75.2066388302517, 73.40534919814243, 76.73815462931618, 92.61279182154883, 73.06651407628158, 97.2680214829433, 107.54793838353542, 38.974933980684426, 33.50492597210624, 76.90360878321879, 48.643130531569696, 95.24080419370536, 37.12313445041234, 120.98445102942429, 49.75748635880632, 71.25664823617637, 30.759028355648905, 45.74590784019034, 100.84285930414964, 42.3142697434313, 32.393286002612044, 86.12270507786411, 77.54304009045049, 98.08109007130393, 59.90277912389377, 91.43821450137506, 68.31024563289608, 71.06125630801861, 6.273968890979133, 47.15682008981309, 65.6818569001665, 68.76420164092534, 36.55272112180616, 68.33057325206192, 75.40453099750934, 8.739025553108156, 109.06605464683004, 38.398896016620085, 21.2337121971312, 45.16037796928715, 53.12167044601687, 64.35948381736327, 80.12448296751784, 71.54940657843366, 20.20271191624283, 74.80586708301793, 88.96507099267853, 50.56609229680671, 89.45504543759037, 47.49305830289968, 96.87516960293264, 65.14467729023215, 83.35718134473947, 65.47945279593624, 14.078911964434358, 41.32676338533181, 92.02968119063142, 90.49619027343648, 77.52067611563139, 55.480528898356084], [58.89731268713473, 63.507541803186065, 12.758503787108067, 73.6740568038572, 89.36487270754486, 75.68139474700496, 111.31349245211155, 0.0, 20.329995913610176, 80.16806988124517, 92.51058631391173, 78.62068965316263, 86.89502827789552, 86.11146403574159, 20.714909937302593, 30.051532697025824, 66.69138776106378, 101.12219937530269, 86.24188876051629, 61.77830367841869, 82.98686811751118, 79.69241755328349, 99.6229729273546, 17.998918518729045, 44.445177650362226, 111.56323151276969, 61.22896876345134, 95.1354941355233, 84.12186623833897, 75.38777815589742, 86.18125262883169, 121.73960736568053, 53.00848703818187, 78.04451973862302, 99.05280490783557, 19.162191346167454, 51.774770283864285, 29.750208167207045, 64.18409621810947, 53.18003021670802, 97.34748245318211, 47.01921284478862, 79.18674630496206, 88.95199640527765, 77.02366058316022, 6.422291943753648, 74.00945623826713, 90.29323239641589, 43.81769703850637, 82.20024140957821, 27.866640549980055, 77.46575275921845, 10.945776926152147, 82.8237204798214, 41.51909554638676, 86.51027091591413, 65.56795817994929, 46.81704556425463, 107.03109905527984, 79.52219154624474, 30.455902009631846, 68.40395391160888, 18.680468509888843, 55.11155587924557, 50.94312584398873, 51.58434378064973, 72.42350212537089, 105.48103888257502, 69.3076361212549, 75.10482253496575, 44.64146689302076, 89.48411144966481, 96.74003239244456, 60.79718508712144, 107.72595110503455, 29.038294315987923, 75.04938516714007, 103.80498409639162, 76.31239997139565, 61.36982705834558, 51.587977466598225, 31.558967049948343, 72.45856827922928, 113.49974676401582, 39.75200830948819, 31.396372563343, 60.954389232141054, 76.52079373865364, 66.84189172104449, 77.18689844695028, 96.28232455842473, 88.86058323796726, 47.900023658186164, 99.54979826239118, 87.28123682144343, 79.80219136724052, 85.27324651944386, 46.3022366805068, 58.34690467707737], [44.154375660996834, 52.42618982135966, 13.900181831549252, 54.939884752165284, 75.5493314940494, 61.651961741721735, 91.64387582267973, 20.329995913610176, 0.0, 61.46156304082489, 74.29151681331781, 67.10059982382866, 66.70952772516677, 72.09984152567965, 19.06626583903465, 12.842998561050466, 57.146421255543935, 81.059653824398, 71.00137319650153, 49.54549997562961, 66.4449378463785, 59.9846343542726, 79.67500866558127, 18.365670163178386, 28.294919776601457, 91.31106864056325, 48.28869295876255, 74.83972059121652, 66.90234420029734, 60.42659587380549, 68.77155947062955, 101.43466222077716, 34.245469865827964, 65.70756009616566, 79.50793367034387, 12.568059024823842, 35.32615382977732, 23.655468653639655, 44.181861803883315, 42.82264481620444, 79.8177522146477, 28.84886805838016, 65.46441978353172, 71.57041021684866, 64.46470886190686, 15.907515100740955, 53.839245219733066, 69.97474233468033, 32.382301787732494, 62.29978286592725, 16.325034556363622, 59.22785162980898, 29.349083684585008, 67.90903163221542, 24.73760322406375, 68.4197859717045, 46.0021347876097, 37.751150420298046, 87.00820364395722, 60.37965445724809, 12.328064671644794, 59.71081711292284, 17.967765453565736, 38.479211848640176, 38.016705405401346, 37.85944129144035, 54.76290853067989, 85.94717649719857, 48.98015759433273, 63.37122486309584, 28.079684420723986, 72.62567216026733, 78.6520630785406, 51.218371401852046, 87.7098340195765, 27.45366250915172, 56.57104150229778, 83.50211581055773, 56.06988928812847, 41.04200569543545, 35.85333396956155, 14.453314440834419, 62.1570347824129, 93.20380153313639, 19.61946825641851, 24.71438002971979, 41.092256295279675, 62.27047804296121, 46.532780133579635, 64.5262620080263, 77.87215870923364, 72.98259370819879, 27.57100087330915, 79.53687482315706, 71.07382754043255, 65.9237880133765, 70.7945954157513, 28.266544420058857, 38.027556569164574], [68.14933730675668, 82.43082492967608, 75.12393063289606, 6.523494560424636, 87.94772483501905, 78.62638765392325, 33.07819264857026, 80.16806988124517, 61.46156304082489, 0.0, 13.344314570004874, 39.9272184725578, 38.15221665004746, 84.95330615818999, 77.56906655858198, 60.13013950428876, 44.764874885523994, 48.80809091791352, 24.942675954708356, 35.60133825636764, 16.18755577422955, 10.783000817978555, 50.11775260135427, 66.6457619724146, 36.798794963866335, 51.02177650652101, 33.406599940164575, 37.8567753363002, 12.391927629131722, 74.4674913120619, 67.11517117872589, 51.2209268106219, 27.261631486028264, 86.71606358902928, 20.893638268871886, 62.08958095368818, 30.032800569542086, 57.28646523846468, 38.81400771625817, 42.70773210403123, 72.87952216003667, 53.836708642144664, 81.92381074753084, 68.82387929696088, 85.24136620776447, 77.10874803531954, 19.622715634670914, 33.61361213444781, 43.82611464259895, 42.43535092987258, 68.32856576515681, 4.544257320910659, 90.38042327095553, 25.30800505210394, 39.02443537032826, 8.481473348324105, 16.999506887718365, 79.13960068209094, 53.60057885698242, 4.195792540331905, 58.45651611960549, 48.065745393822745, 65.66182690648175, 26.901299985119294, 71.1656358555562, 35.28034941603468, 59.3722051002018, 26.8274582223028, 28.99208416578309, 38.0323952023791, 36.25991220877414, 17.62087508159914, 68.4271743341024, 44.15879271366465, 32.754622945048744, 82.75948788038842, 5.353784221217004, 36.29214550487041, 33.512228668070435, 30.136580499494197, 31.32589507398422, 48.61275144413602, 43.12158803370505, 43.67333668308154, 47.53860843582431, 56.005999638220146, 22.713450674296652, 78.16741560286587, 26.335400837705475, 84.95347165174235, 65.5745251497956, 77.60380930807978, 38.547359672683434, 25.83497475999538, 20.064545564775134, 81.63527052867391, 82.31533298847431, 54.45242415377736, 30.994930293706837], [80.69005951933825, 94.9454319740794, 88.05884836993945, 19.630970314474226, 98.55263077682186, 90.13061011807685, 25.981552241535407, 92.51058631391173, 74.29151681331781, 13.344314570004874, 0.0, 40.437918729445016, 45.81582045539421, 95.73230757347643, 90.76945272528351, 73.42364835062791, 48.800987069960584, 53.553453771180884, 21.696092154428314, 41.83517063663368, 15.303896294474029, 20.98347554074791, 55.51465539174124, 78.13096027439973, 48.40433350264336, 52.60435242332158, 40.17073312467939, 42.832984195291914, 11.204343261700641, 85.84120657866383, 76.85237579317902, 48.18642262949769, 40.05871678300395, 98.34072631442044, 16.575899920863577, 74.02002462997062, 41.24239121435686, 68.02386560300273, 50.973166189860386, 50.417730371271226, 81.31491931580122, 67.00506583747577, 93.24138822881017, 78.26437796160594, 96.89061036213187, 89.76612282702257, 30.9758057161441, 39.765616877206405, 53.68979901129079, 51.51389226923326, 81.6389745144904, 15.082288860429964, 102.9170509913461, 23.974531379916037, 51.03688073979818, 6.050811959808175, 30.330260576768687, 92.30741883358691, 57.34778282475563, 16.09315054584766, 71.73844982946154, 51.57420359941411, 77.15326281210642, 37.92892955149433, 84.1423441758382, 44.78629336731849, 70.57307305402811, 20.098980523831894, 40.75336461778385, 39.727160293207135, 48.03696515869374, 11.140500360431519, 76.56529149209312, 49.78325191788991, 29.149509973988998, 96.080645092703, 17.756174316326668, 37.04077378002003, 43.69437737683923, 43.010726106484135, 42.06166521690511, 61.004653677465285, 45.57257559367444, 41.90603243756148, 60.8696055746836, 66.61612884883081, 36.04200612422926, 89.57661889163965, 38.70302026958606, 96.57731265293904, 73.53167277906138, 87.63024812957251, 51.89124207600297, 24.981123906081777, 15.777353254882081, 92.88174956602657, 93.03895237405114, 67.64043520207203, 44.11281690944872], [94.30962266639703, 107.7291992762047, 79.99077272573808, 39.154386779166096, 120.38402725405382, 108.76639215013235, 66.24018460014165, 78.62068965316263, 67.10059982382866, 39.9272184725578, 40.437918729445016, 0.0, 76.9160382879861, 117.03915111590516, 86.16468017284072, 73.25089836236472, 13.404414487181125, 88.60368448609073, 19.318986774814846, 17.561068946678724, 25.49576158154274, 50.02551598588915, 89.72969249743242, 60.8344548509278, 40.19503138079092, 90.73181244066693, 19.06498799234041, 77.69803938445052, 30.015817790295173, 105.26590343251048, 102.22810113484938, 88.4956609382429, 43.12545349992647, 116.02505912110092, 56.6722583117878, 60.02429132739141, 35.08500186426232, 48.94654889407387, 70.00500182591566, 25.442350176546046, 109.77545614536095, 76.19740750231212, 112.53389183697311, 104.38342350909039, 114.52616885141637, 78.72822103872961, 56.1011641314712, 73.2431280084076, 35.2184110729501, 79.70793236740384, 80.87727606414249, 35.725214512566666, 89.5018687625592, 16.486352163833264, 43.9201814724903, 36.877684204782696, 46.24339003239682, 98.76479385841667, 93.51130279399574, 43.705942487492074, 71.50462611850868, 14.080754764352108, 60.05409507214468, 33.3152566193776, 93.77537577191018, 29.485104662295957, 91.61165920722284, 60.51651283936346, 62.947481097849305, 3.758903529523544, 40.89908219266479, 29.707971681116643, 105.79467272548457, 18.439455879733714, 69.40588321181554, 94.21037464186391, 37.2680143502372, 75.59501263274227, 69.98160425697937, 59.543845897160665, 33.36230081347607, 53.03915730367939, 7.477581748165942, 81.80758570613456, 64.43111736905435, 47.28426934040306, 49.527379145712075, 108.65591239941952, 58.951077330431, 114.34791581478747, 103.21249840380459, 111.75288327333912, 59.197960815953515, 64.13989985761681, 24.935957066832255, 112.4880762709708, 114.65317906058036, 76.44342084153749, 58.32910901504041], [46.62692482730502, 59.151036489935784, 77.00626976559207, 37.762611641286405, 54.8349836846189, 49.40220573408862, 40.950073428685215, 86.89502827789552, 66.70952772516677, 38.15221665004746, 45.81582045539421, 76.9160382879861, 0.0, 52.49322620034148, 75.06880476739558, 58.110673171673085, 78.70212729747259, 14.73168533731265, 63.080908830995064, 67.92257848217231, 54.33701020186716, 27.3937898250728, 14.251642002831066, 80.29683491819516, 56.210687549969364, 24.79352775340718, 65.34832046243227, 9.54541336703958, 50.360965646544464, 44.89668846297383, 32.166174519350115, 38.091898408784644, 44.048457327755166, 57.62881984641961, 34.81509945053147, 74.02932707987547, 53.245960751209964, 75.64441977196238, 22.951537187485805, 71.59986988053635, 35.507839642903896, 42.98205571779751, 51.66301804942626, 33.125906589746286, 56.34868703983497, 81.61732978214039, 21.266660340444577, 7.4478902401543134, 67.52591870334481, 7.848300499499296, 64.10565045270634, 41.69260897191976, 94.50917960623607, 63.37563989325173, 55.79952038591281, 44.70360096042933, 32.913308150373325, 63.724520699787746, 20.75758535666644, 33.99389399623592, 57.18416441418602, 82.30756454745678, 79.4218116768683, 51.864341855178985, 53.80607237384051, 61.79364572692714, 30.448527691450824, 38.759417734430045, 18.95790596978093, 74.43781092821986, 55.07950111642872, 54.75537130158639, 30.754973223835595, 76.21845529394194, 32.830996130569794, 76.02894438039415, 39.732549985498004, 22.15067866452081, 10.77580775596592, 26.902190806600785, 55.626996532674646, 60.3828704912155, 78.66693155080803, 30.82403310582661, 47.144688813861485, 75.05484471675004, 32.96110616893789, 48.523066829175235, 22.792491112403795, 55.950850252896636, 27.7476699229145, 43.10112945128552, 39.656710272735374, 27.42305960250676, 57.97118965899039, 51.083822208272956, 49.75476923208558, 43.8252049642603, 30.02210897984554], [27.945530638390384, 24.626118628282185, 73.35585742285461, 81.6402849724188, 3.5300543859901548, 10.492294848205619, 93.22404656112754, 86.11146403574159, 72.09984152567965, 84.95330615818999, 95.73230757347643, 117.03915111590516, 52.49322620034148, 0.0, 66.20659114018018, 59.2574417057071, 113.65610762092403, 55.06922016785001, 108.52898010586304, 102.72725867307686, 100.06907117778312, 74.97290302323927, 51.87544218247689, 90.4437794288362, 82.1518590334076, 66.86328055684318, 100.28847847585932, 60.15107508916913, 97.0779554643092, 12.256164991158764, 20.857170501256316, 84.43509372753088, 74.5510105994927, 10.907207461505644, 87.07833064906151, 84.329668508796, 83.9736520253847, 92.88469917239338, 47.339183993312695, 101.75302858330619, 25.0708474846231, 45.400398917988205, 6.969206669002037, 20.98954987241535, 10.964547853615342, 79.69263815958912, 65.34794816534463, 59.89910147942363, 93.2682668569728, 45.21816117402548, 58.461674248081174, 86.97008706027212, 87.97217978346063, 107.59176620169171, 79.4325230944109, 93.0043636530577, 71.74392035576076, 40.940709120677525, 57.39821646409077, 80.94729685533186, 59.92785297943449, 117.1971026263258, 89.9897827594222, 84.68002938902299, 35.170118542155166, 92.23677902869385, 25.756392456356917, 91.25161449661687, 56.11512226077124, 113.70713334399936, 81.0099823545767, 102.57362551382329, 29.053396385458797, 109.11149199446567, 84.80771113456647, 60.594365413956986, 84.12024419707518, 72.9543058946303, 52.04134950054623, 57.6714538081749, 86.28387708623664, 76.5492345157767, 116.01342361284655, 79.43847673008773, 58.62031978342484, 93.27640361353329, 67.66837263708315, 9.832092860422277, 59.40640180150364, 10.58010966742834, 31.597396485394246, 10.96868926310662, 59.60981027893171, 79.91210356369173, 104.59944790358848, 6.309595099610897, 2.739943671322772, 45.63878319787285, 58.71139929675315], [39.912079807859996, 42.98765346609449, 8.756471520539616, 71.1484017913579, 69.35314500245734, 55.91119632279443, 105.53440576352492, 20.714909937302593, 19.06626583903465, 77.56906655858198, 90.76945272528351, 86.16468017284072, 75.06880476739558, 66.20659114018018, 0.0, 17.955647048386997, 76.09574443952188, 88.31234985831304, 89.42850045502286, 68.60742946407402, 84.32645199438147, 74.32301738673478, 86.35146143730377, 32.17230076128486, 46.98213893075506, 99.7747789743496, 67.31996963617216, 84.11323297906266, 84.35144000805187, 56.09318692819034, 68.57297039506005, 112.12865142072226, 51.06624090265315, 57.66884847080949, 93.86823740500701, 28.780749487090375, 53.744521962147644, 41.097549830155536, 52.2408871604819, 61.786048479830036, 79.6744736936864, 32.2978176410737, 59.241473323035706, 71.26229528299261, 56.71447170599226, 14.64235558356205, 66.65008904008674, 79.77988607773385, 51.376249557637685, 69.15264314094799, 10.967255994137131, 75.92142310088754, 22.0719161234636, 86.46693532711772, 43.31178408256766, 85.11239961745456, 61.08894730538637, 26.177660585850415, 93.94167500676639, 75.86989116357559, 19.429614882435857, 78.56235626788781, 32.29211785245322, 56.7480678842908, 31.298184309440398, 56.871740020430764, 55.44126656041211, 100.24164266533849, 59.74059534254778, 82.43313886577143, 46.63480453729878, 90.25247368911393, 79.71899496907979, 70.14303528321446, 100.53869775267209, 9.251373846467176, 73.05504865900598, 94.47664077650883, 65.22404674351026, 52.676886822887944, 54.51226928411566, 33.31322930170286, 81.18782430387922, 104.1353317109789, 30.744661888664364, 42.42483242457734, 55.62675261932881, 56.83870908323954, 58.39240093835591, 56.904559504552736, 79.70034022685226, 69.91697301431007, 40.09158543154684, 92.50321308190921, 89.08623093939805, 59.912296352691996, 65.58218790685271, 31.467476984517102, 50.1145398592773], [31.311912259531102, 40.10958098055139, 18.958090746950344, 53.80371004575919, 62.709100581721835, 48.813335696341625, 87.5813887164954, 30.051532697025824, 12.842998561050466, 60.13013950428876, 73.42364835062791, 73.25089836236472, 58.110673171673085, 59.2574417057071, 17.955647048386997, 0.0, 64.90860506497363, 71.88433359520026, 73.92208765824427, 55.91085509079052, 68.09025664322586, 56.43500994265512, 70.1733268294894, 31.193552206415767, 33.058602378046515, 82.90370367376065, 54.19263033764773, 66.8897455794027, 67.68504717793606, 47.60225107846382, 56.560693445475174, 94.58574348398069, 34.427261534202, 53.014450744608794, 75.94968106913079, 25.195711195841326, 38.89473846727427, 35.111029481574846, 35.159287145579476, 50.81570655931724, 67.68656230517185, 16.976937635214956, 52.634055219389694, 59.35277900715102, 51.74519390474686, 24.11428004289827, 48.69761932427402, 62.372722740402956, 40.54758927561396, 52.7675765984259, 8.284032311957953, 58.789238422759766, 36.489672904944285, 71.24686426581813, 29.33087582592617, 67.91085638709244, 43.42009258220791, 26.6907743478081, 77.68512389390108, 58.2182156055313, 1.790021265249576, 67.85920903179746, 30.76312564583256, 41.52771572417641, 25.46709841142826, 43.86824301137905, 42.6411721262046, 82.3115513881711, 41.988877634329704, 69.49502587645759, 32.39933573983973, 73.70030614281191, 66.83626644796614, 59.21186727526223, 82.61494659418133, 22.74867648390694, 55.831141884118885, 76.82585545394275, 47.91881183791321, 34.7629859111368, 40.17048506718798, 21.243078125053895, 69.27842866271507, 86.51783810199528, 12.828590125198746, 35.881693794011234, 37.867018294132514, 49.4277064495124, 40.48010295607442, 51.792993721897396, 66.28474181834434, 60.29649879080173, 22.175353948732308, 74.56395045975545, 72.96299452100457, 53.08681283903842, 57.95648642095494, 16.276234305859134, 32.16453064753424], [89.09663573742476, 101.80541695178161, 69.28274940877326, 42.046558305232054, 117.10539214401629, 104.69134824256523, 74.72019802193944, 66.69138776106378, 57.146421255543935, 44.764874885523994, 48.800987069960584, 13.404414487181125, 78.70212729747259, 113.65610762092403, 76.09574443952188, 64.90860506497363, 0.0, 91.65254061452944, 29.959036570562812, 11.133722892242531, 33.5428770381623, 53.46676347548109, 92.33484728195668, 48.72421691757358, 32.71852178287079, 95.491074107503, 13.708565846969865, 81.06009274030377, 37.64892893525255, 101.5627974666904, 100.74072067278124, 95.55164694755533, 39.2259001966441, 111.43671120608303, 63.97714579518544, 48.68967014021375, 29.688027979195002, 36.96228398405038, 67.91879524802123, 14.324564697095905, 109.26920515059142, 70.4864671863569, 108.57411285195965, 103.10939258575262, 109.96011860724437, 67.38440944708073, 57.43582466307228, 76.20115074909059, 24.776414660988728, 80.21652957766865, 72.0016002497698, 40.233551875958376, 77.448667127067, 26.412264970212497, 36.171730331555814, 44.109742806158565, 46.14578085483651, 91.23916823946863, 97.00199668310525, 47.86967048271521, 63.24379786968979, 3.6528847860984226, 48.012801840307226, 29.155262657296735, 87.35438891038332, 21.828495498605278, 88.96099466229694, 68.66636811364437, 62.54553315965782, 11.072481383502282, 33.686180072288685, 39.1868898150592, 105.7108881221874, 5.982425680534913, 76.61824681306454, 84.58302517950226, 40.7971933938406, 81.0407283643848, 70.39603273315963, 57.61385085432441, 27.41935721716129, 43.86407159470658, 6.093890135139708, 88.28278082785285, 57.8071972139866, 35.33457707539103, 47.99416023026696, 104.73323496476166, 58.322699108820714, 109.83105431742764, 103.38925710239621, 109.51866336319848, 54.2687187018353, 70.39252011853844, 34.670161154634656, 108.6360395507552, 111.4386061247904, 70.59662145197375, 55.77328200119014], [56.257999192285084, 67.09263349898102, 90.84122478120995, 49.82531395796891, 56.6312525176644, 54.75407061193366, 41.0069109156128, 101.12219937530269, 81.059653824398, 48.80809091791352, 53.553453771180884, 88.60368448609073, 14.73168533731265, 55.06922016785001, 88.31234985831304, 71.88433359520026, 91.65254061452944, 0.0, 73.1081145971871, 81.14882297951445, 64.59104414956909, 38.61234494717287, 3.198080702732551, 94.98584909133459, 70.7522854474664, 12.579295779428103, 78.61463387308794, 10.971390576544668, 60.27545077786181, 50.43492322723003, 34.36186991371609, 29.50787669594317, 58.49787466622447, 62.43975107971316, 39.257450090194624, 88.69158276081068, 67.44907720704883, 90.35556588144956, 36.939246852373046, 85.48337093720522, 32.84109829084407, 56.015838562859926, 56.09217868034568, 34.10559625984772, 61.377647074651954, 95.68511435849791, 34.76179308984405, 15.465550988519128, 81.92374172724817, 19.169090473891785, 77.36333904092196, 52.88469298672309, 108.37295453349088, 73.97354738799615, 70.45539665163783, 53.91548727288652, 46.72160575884822, 74.39556114621327, 6.028859395146399, 44.90958655452336, 71.08127097539192, 95.19811181427697, 94.11650115135696, 65.85136918819343, 64.41177293717435, 75.83530006165559, 38.360585857499174, 41.06017129993486, 33.676636596380135, 86.4433914733053, 69.63751893806445, 63.74864212206604, 27.790852122352526, 89.60435283742542, 32.27113462781545, 88.45990292163476, 51.45243744732139, 19.779866906922898, 25.47249918241867, 41.6327396562845, 69.78153683649462, 75.10162357857509, 91.08024461234619, 24.500346617623634, 61.44411413792131, 89.7486846644024, 47.366357880047474, 53.66320589750327, 37.42986531505664, 60.93501553151584, 24.659601048580324, 44.41634627696906, 54.27026606676095, 30.3361585217426, 67.56797913702934, 55.34363464245264, 52.460183830768024, 56.848271873307105, 44.74998037506889], [89.03179060522383, 103.1335072135714, 84.7784075588542, 26.938244091088773, 111.66539495727162, 101.4059434773509, 47.114348985710755, 86.24188876051629, 71.00137319650153, 24.942675954708356, 21.696092154428314, 19.318986774814846, 63.080908830995064, 108.52898010586304, 89.42850045502286, 73.92208765824427, 29.959036570562812, 73.1081145971871, 0.0, 26.640993631500354, 8.765297715510343, 35.72492425469784, 74.65669540343383, 69.61768912859243, 42.73358351728969, 73.64658157844674, 26.11567362487983, 62.14753563969027, 12.84254777913041, 97.47039963369816, 91.55939274199025, 69.8636691133902, 39.90340208106975, 109.23204153191757, 38.23972928695894, 67.07987325020189, 35.71071897820424, 58.14240849217366, 61.374042297176416, 36.266536662259476, 97.73396187472201, 72.45201406719232, 104.92126121193951, 93.39452577095612, 107.73397139697498, 84.94404080803909, 43.929466425375104, 58.24640896991542, 43.10362813056754, 67.26389525883889, 82.11145210169886, 21.86389375680297, 97.13912465040657, 3.7459197152826422, 46.26585601044819, 19.339432526399136, 37.073648441277555, 97.0031430744437, 77.49926010964924, 29.126060830068997, 72.13386569820264, 32.03697209398287, 68.70661311954991, 32.68399092564619, 90.37817901402724, 34.719194046677515, 82.77529363776429, 41.55748431544724, 52.514427164972815, 19.466210531188867, 42.92325241335591, 10.618096343679204, 93.33367360129152, 32.68968830149142, 50.844712887624496, 96.34818387698179, 24.501309362642576, 58.18640907136633, 58.07785826126959, 51.44852212749816, 35.19517763639579, 56.589949393010315, 25.49349103843501, 63.567070475068114, 62.850600545483076, 56.529130717387424, 41.92924794744117, 101.08277451988448, 49.124368378134946, 107.48860231015912, 90.50151630402577, 101.82284111800324, 55.45609053858202, 46.31640933734113, 5.922869851540456, 104.7251564486792, 105.96330855568068, 72.89386362057772, 51.21956704349684], [78.58703509811289, 91.57556218303105, 62.5277429885779, 32.0437636