instance_id,num_cities,city_coordinates,distance_matrix,best_route,total_distance
949,45,"[[9.624149054074705, 77.00031805195516], [26.259122503870035, 43.13322224628732], [76.47098463305262, 88.93511995233061], [18.983527439301906, 1.4293085924726445], [13.564207490304414, 79.44262575646897], [27.850585137421536, 9.553635617461554], [74.8191106445814, 11.967550010257144], [72.48116937773588, 31.65197192149687], [42.26155411212255, 41.56291220236942], [73.45320795226155, 88.32757630891072], [10.819372240198543, 81.08792713672216], [52.58720698968465, 70.41587465567305], [59.673661273674284, 3.133640251875136], [94.11071481104152, 20.857323202489464], [17.702431815023477, 59.25146916064142], [46.435125821692914, 21.52936222813907], [12.98681618631542, 12.548362479620245], [26.078821038593137, 58.7674784519771], [60.78090115825925, 82.19165616825342], [44.68069799823985, 52.172841050980445], [96.49179362276568, 61.7616440128669], [15.283199125897696, 2.8118002423210386], [17.475605616635125, 66.98794620954828], [67.56101026012695, 24.977556179098737], [41.10263180193103, 68.52326057423667], [80.76502012876084, 5.353416290305713], [28.9306965725065, 43.1519509052579], [45.62511766758727, 62.56392181409207], [60.22543660513598, 65.33625914343438], [86.15214149994206, 78.12798408740859], [74.82471479294051, 16.311580495868583], [3.0441044603807144, 97.97085114777056], [78.1126328273129, 41.78481726424944], [44.3774599668614, 41.34714159872932], [74.24107769580634, 54.77512529540371], [53.7882774377553, 99.65816036370087], [41.44363739163005, 67.36605182303681], [6.7581391145088325, 71.54000880265123], [28.131721062949776, 42.20766286135472], [97.11538828507567, 39.82538907001128], [88.04905502133857, 6.913174178523662], [5.950655436915908, 59.15107804378308], [65.940523262577, 43.997006353833335], [54.422119269330736, 53.14813066022215], [22.121364729353022, 54.11814043048155]]","[[0.0, 37.73198272004375, 67.90389475813676, 76.14837775345615, 4.635615105294271, 69.86599991211573, 92.08498214124246, 77.50791895501392, 48.176861067024085, 64.82634911398276, 4.25876818980767, 43.4646895999203, 89.22577969757778, 101.43971443213654, 19.500776634086428, 66.57383082408495, 64.53961657261753, 24.55998106669922, 51.41948344048898, 42.957714535442584, 88.1941316606837, 74.4040390201083, 12.723716440741486, 77.86557416014656, 32.5999291347026, 100.96683648262216, 38.967354741874374, 38.78761757890918, 51.92822519638652, 76.53630026648953, 89.07433209864509, 21.978631558349818, 77.01171277984936, 49.78897077270905, 68.33232514817936, 49.63716404181604, 33.246036212359165, 6.16676495998708, 39.408870535397384, 95.06151843405834, 105.1792451594385, 18.223334607712093, 65.27444053406698, 50.7521918618035, 26.072484583082787], [37.73198272004375, 0.0, 67.96355591017067, 42.33380088756971, 38.4647065563595, 33.61727816877513, 57.70070687738315, 47.626638829864454, 16.079293859210008, 65.34379343478494, 40.97493760244843, 37.914524330176604, 52.120034160833534, 71.41466415819714, 18.248694176205564, 29.560072353844877, 33.34048232904993, 15.635295831020608, 52.12786646218349, 20.519969586452316, 72.66117388267641, 41.78861048684265, 25.420425336168506, 45.11622925925556, 29.410607177961502, 66.3189762735124, 2.671639715021025, 27.43344408519293, 40.57937088080509, 69.36719023270759, 55.47988122352126, 59.54916125602715, 51.87103940407383, 18.20615930124796, 49.3741018211573, 62.87227529325856, 28.597194297210184, 34.45626032538875, 2.0888478974076428, 70.93343471719754, 71.62323395759526, 25.865141386795646, 39.690801064699606, 29.890680443088822, 11.738375820956541], [67.90389475813676, 67.96355591017067, 0.0, 104.69992720317606, 63.61894416402913, 93.08793317246777, 76.98529411817402, 57.42192677099899, 58.43296333125529, 3.078325092284162, 66.1189280377933, 30.22246318346036, 87.43022355471356, 70.32600152905704, 65.83966832122131, 73.79491167355879, 99.32359417866621, 58.73207595023881, 17.077851833680512, 48.60131144675225, 33.75249008940212, 105.64644477284658, 62.94547784064101, 64.57520892055413, 40.83582232865879, 83.69193466448812, 66.00134511411521, 40.582109359882004, 28.65002726359968, 14.509272341651192, 72.64219632948029, 73.98074864536156, 47.178872945115934, 57.3986934457767, 34.232699570878914, 25.089615408998856, 41.13562634429323, 71.85033557473514, 67.23198382235098, 53.27247947563067, 82.83508497271812, 76.55198222346439, 46.15544031277922, 42.034046514950475, 64.54535805696237], [76.14837775345615, 42.33380088756971, 104.69992720317606, 0.0, 78.20132149548296, 12.026196482294297, 56.82135939990522, 61.444341250211444, 46.39582593829825, 102.55854438954191, 80.07589486539192, 76.73560826967572, 40.7258116906757, 77.59859556767441, 57.83635066953687, 34.02355669098632, 12.633048135623758, 57.775504446932594, 90.93721590060589, 56.879263893819704, 98.22180014663564, 3.9501535145967908, 65.57597726630019, 53.984181031192776, 70.64597065888567, 61.90598888768242, 42.892016218932824, 66.68744457278952, 76.05914409435579, 101.95248666660717, 57.79031252788633, 97.84852908376986, 71.58783544810083, 47.31051892686909, 76.80607410910177, 104.21265730586072, 69.6570932994194, 71.16860546374026, 41.791908588316524, 87.05657169485241, 69.28289747081124, 59.17481238855609, 63.37955781992824, 62.69553689833846, 52.78218471523149], [4.635615105294271, 38.4647065563595, 63.61894416402913, 78.20132149548296, 0.0, 71.33422410685017, 91.13204160665379, 75.86273783630001, 47.52273563330935, 60.54448548506823, 3.200177679768234, 40.05342339132014, 89.15796653659747, 99.59908391602241, 20.61086376741467, 66.59161632255669, 66.89675507877999, 24.167690587340967, 47.2966524094296, 41.374837031874, 84.79151878091567, 76.65010339994998, 13.05442752169347, 76.6948402008303, 29.624269603656646, 100.0257975653778, 39.40992346947352, 36.23248001683309, 48.7468961219906, 72.5998377856696, 87.96805460320414, 21.30651787390616, 74.73024658010998, 48.997167687496365, 65.49937524077602, 45.01825899114283, 30.382663635576506, 10.429473690209507, 39.98318288342915, 92.46796880472372, 103.9640027024687, 21.67286514159732, 63.242947343662834, 48.58774976585401, 26.731152183172988], [69.86599991211573, 33.61727816877513, 93.08793317246777, 12.026196482294297, 71.33422410685017, 0.0, 47.03051531731789, 49.80186258603227, 35.10370086299913, 91.02160699335361, 73.53378186869689, 65.69712780180163, 32.46420359823863, 67.21739460426036, 50.72336418989293, 22.108893692336295, 15.162454168464981, 49.2457254445733, 79.75391992102647, 45.821931110466835, 86.2397335509752, 14.261540428303709, 58.36386067803451, 42.60064775232517, 60.44032932025645, 53.080874831231704, 33.61567239979547, 55.910861639887074, 64.49676034497384, 90.00840373192875, 47.457756751379385, 91.83117926779289, 59.70864684724609, 35.83245197037014, 64.78472758684553, 93.76347509351628, 59.388942885964084, 65.4767267040976, 32.65523744598315, 75.59095192002304, 60.25635081031198, 54.217277837598665, 51.35357021728211, 51.054151879709984, 44.931270354997885], [92.08498214124246, 57.70070687738315, 76.98529411817402, 56.82135939990522, 91.13204160665379, 47.03051531731789, 0.0, 19.822775672112968, 43.99863578165308, 76.37224172758027, 94.19975079549937, 62.533704463885265, 17.533470799187125, 21.241329024444628, 74.14906614879885, 29.951274552446012, 61.835022285904266, 67.57106727753911, 71.61352114839345, 50.247281961419816, 54.30614131950102, 60.23580757467768, 79.47025586228517, 14.897660276168006, 65.843369772085, 8.89385205967884, 55.48164926559344, 58.41474185214452, 55.32806192621659, 67.12406889965521, 4.344034100510767, 112.01883466315772, 29.998611882287918, 42.30667202569538, 42.81147771198001, 90.17726481510088, 64.67546844019782, 90.44984075270028, 55.62532490866154, 35.68169269669207, 14.162561324156739, 83.48143171017587, 33.23725902605299, 45.95516815147479, 67.4812914615561], [77.50791895501392, 47.626638829864454, 57.42192677099899, 61.444341250211444, 75.86273783630001, 49.80186258603227, 19.822775672112968, 0.0, 31.80333133576909, 56.68393945086219, 79.03221428172544, 43.57074585868216, 31.262237684691627, 24.1735739314277, 61.33875069495683, 27.94393694394812, 62.486206120817094, 53.744103172270535, 51.87635261050595, 34.5539039581864, 38.51106892941093, 64.05749997786755, 65.37769591812143, 8.291911193745523, 48.415953437992485, 27.57238131812544, 45.04323698610003, 40.948701562082434, 35.84458385088829, 48.444970694718286, 15.518370217410606, 96.01926747359653, 11.592581046689487, 29.729022818135185, 23.19003016904534, 70.52847563584763, 47.31621175667091, 76.88024579313849, 45.588333782270226, 25.95475850510589, 29.229559989504242, 71.98965288674755, 13.970680969062169, 28.075151492705487, 55.14379975751924], [48.176861067024085, 16.079293859210008, 58.43296333125529, 46.39582593829825, 47.52273563330935, 35.10370086299913, 43.99863578165308, 31.80333133576909, 0.0, 56.2125704649831, 50.50581755033725, 30.644943297054013, 42.18993266705231, 55.83060881823046, 30.266078954332716, 20.463670867782028, 41.21716118607121, 23.6194400773228, 44.65043170295901, 10.882226211319411, 57.86974722714903, 47.217373030516725, 35.50740200419002, 30.25122337697169, 26.98524569562977, 52.85493817516181, 13.42523023045846, 21.268661558812713, 29.79719951611287, 57.12607235935185, 41.2066643454248, 68.7012658781118, 35.85176546418965, 2.126879060857328, 34.60133672931053, 59.227723319003, 25.81609966755855, 46.46631895336029, 14.144535531778951, 54.8813457388694, 57.420376040501516, 40.346312598132116, 23.803747485771318, 16.795732543085975, 23.73311998524017], [64.82634911398276, 65.34379343478494, 3.078325092284162, 102.55854438954191, 60.54448548506823, 91.02160699335361, 76.37224172758027, 56.68393945086219, 56.2125704649831, 0.0, 63.05085166864972, 27.49943730851337, 86.30111614317414, 70.56180017449306, 62.87741285073736, 72.0553826330466, 96.94675745881452, 55.840235679637395, 14.0796617663153, 46.206300551172724, 35.16426010106202, 103.42484171189415, 59.9071930240697, 63.623447282356366, 37.931131000498674, 83.29570113815882, 63.427842074057516, 37.92319213647992, 26.524980675117625, 16.287866488074254, 72.02905444303799, 71.06640981608804, 46.775406568576685, 55.2499806920158, 33.561700012761285, 22.695630133640794, 38.26222832308566, 68.77539262010644, 64.66129901469746, 53.9662945277872, 82.71241518606658, 73.53817136087892, 44.962649652668716, 39.99719655934164, 61.68665683745243], [4.25876818980767, 40.97493760244843, 66.1189280377933, 80.07589486539192, 3.200177679768234, 73.53378186869689, 94.19975079549937, 79.03221428172544, 50.50581755033725, 63.05085166864972, 0.0, 43.10968248338935, 91.99789345790163, 102.78702932537706, 22.89557612404041, 69.39527762857955, 68.57382690680616, 27.037995619482665, 49.973718989137296, 44.52720051202462, 87.82521850206557, 78.40330217569841, 15.592142409183396, 79.799669261136, 32.78637911556723, 103.09272424228932, 42.03758272908031, 39.428145885255866, 51.85628448513359, 75.39089724361249, 91.06403768464182, 18.587305135783076, 77.93020830264051, 52.01418351802844, 68.66350022856658, 46.81004567377609, 33.557942103018014, 10.375758238089745, 42.56045549430868, 95.65353852798366, 107.08089408893304, 22.470641989870888, 66.43852568016834, 51.786405316788866, 29.242168681631952], [43.4646895999203, 37.914524330176604, 30.22246318346036, 76.73560826967572, 40.05342339132014, 65.69712780180163, 62.533704463885265, 43.57074585868216, 30.644943297054013, 27.49943730851337, 43.10968248338935, 0.0, 67.65439306273232, 64.65486620454898, 36.62774206860353, 49.27209352184046, 70.12018195373705, 28.954786475646895, 14.34592814565035, 19.882684917629742, 44.74939592263344, 77.21334003906006, 35.278538014091296, 47.841985434976486, 11.639478308945696, 70.90213425451911, 36.096426739865954, 10.493991192833834, 9.173060852874222, 34.4395333964462, 58.4959947332338, 56.690349599461534, 38.35733061023996, 30.205813806527516, 26.711854243167032, 29.266941139298396, 11.553378843314894, 45.84285265870651, 37.33328279894292, 54.02348320722934, 72.73331859409872, 47.97774049954108, 29.601818488630776, 17.364961438668, 34.55117487881399], [89.22577969757778, 52.120034160833534, 87.43022355471356, 40.7258116906757, 89.15796653659747, 32.46420359823863, 17.533470799187125, 31.262237684691627, 42.18993266705231, 86.30111614317414, 91.99789345790163, 67.65439306273232, 0.0, 38.73034461077508, 70.07706346376311, 22.664099539610383, 47.626657439260235, 64.99028576099471, 79.06576921017297, 51.27993918476792, 69.23017907440422, 44.3916288356818, 76.53788794166395, 23.22427473721642, 67.97562490733685, 21.207848170307816, 50.463799561347905, 61.06815818424943, 62.20506613600674, 79.5315127632756, 20.080152684128965, 110.4581516927682, 42.82416556569183, 41.16121304826391, 53.65680384365796, 96.70377823908613, 66.76927786779642, 86.48400860090689, 50.21626464745304, 52.42296589214978, 28.625999494125494, 77.6151705074894, 41.341120550495724, 50.28944167745373, 63.321356857027006], [101.43971443213654, 71.41466415819714, 70.32600152905704, 77.59859556767441, 99.59908391602241, 67.21739460426036, 21.241329024444628, 24.1735739314277, 55.83060881823046, 70.56180017449306, 102.78702932537706, 64.65486620454898, 38.73034461077508, 0.0, 85.51219886224102, 47.680325312788014, 81.54830320962552, 77.88143836181992, 69.80527829959844, 58.5148546971879, 40.97356461507735, 80.86666883208161, 89.44816566178412, 26.867510705727696, 71.28743542748663, 20.456751846134175, 68.88748218639441, 63.955402415329004, 55.915899541456874, 57.82099521232361, 19.81447888421467, 119.32989446457552, 26.34195579039456, 53.78874692077381, 39.30928360966693, 88.5181952653258, 70.26295525952493, 100.99112386969122, 69.34741970368935, 19.20457199315337, 15.204703594896811, 96.11767646325234, 36.45551574483303, 51.165230990838594, 79.30162979320033], [19.500776634086428, 18.248694176205564, 65.83966832122131, 57.83635066953687, 20.61086376741467, 50.72336418989293, 74.14906614879885, 61.33875069495683, 30.266078954332716, 62.87741285073736, 22.89557612404041, 36.62774206860353, 70.07706346376311, 85.51219886224102, 0.0, 47.41861508213878, 46.94057098519958, 8.390360149052443, 48.805806016295996, 27.891465041610104, 78.82933788799734, 56.491494177564064, 7.739801499556559, 60.50271858051419, 25.170130620330262, 82.95715850992865, 19.628255590336156, 28.118476626629658, 42.9561474705848, 71.00482780579149, 71.46180274211054, 41.40117271649547, 62.88462701499427, 32.1266567253051, 56.715572221678386, 54.17461534969155, 25.089665083765922, 16.455568943302588, 19.981526652999168, 81.7544509063695, 87.68092448284543, 11.75220517253639, 50.592609164055055, 37.223462864068814, 6.77333241124557], [66.57383082408495, 29.560072353844877, 73.79491167355879, 34.02355669098632, 66.59161632255669, 22.108893692336295, 29.951274552446012, 27.94393694394812, 20.463670867782028, 72.0553826330466, 69.39527762857955, 49.27209352184046, 22.664099539610383, 47.680325312788014, 47.41861508213878, 0.0, 34.633044537651934, 42.43885536065411, 62.33550493967357, 30.693660768204793, 64.22076369020147, 36.34267001133983, 53.89931973691305, 21.40544404653882, 47.29547519831206, 37.95000487639181, 27.819802020137384, 41.04255344910749, 45.92621134876309, 69.14365719829166, 28.86510017585248, 87.89813401334523, 37.59983921256834, 19.924315997080853, 43.34110891001994, 78.47405900548387, 46.10766823172105, 63.83829606876132, 27.615335283860446, 53.88166294349007, 44.10614533752459, 55.26649838056474, 29.753244560647357, 32.611939247678954, 40.65940780651944], [64.53961657261753, 33.34048232904993, 99.32359417866621, 12.633048135623758, 66.89675507877999, 15.162454168464981, 61.835022285904266, 62.486206120817094, 41.21716118607121, 96.94675745881452, 68.57382690680616, 70.12018195373705, 47.626657439260235, 81.54830320962552, 46.94057098519958, 34.633044537651934, 0.0, 48.03756105713773, 84.46574994698503, 50.74053060779339, 96.92795435751579, 10.00370025570566, 54.62433072576355, 55.9716670720571, 62.63935108567129, 68.15902126887427, 34.5077809529241, 59.722817240335075, 70.83819092313784, 98.25401568622789, 61.95230031178068, 85.99918073287274, 71.38726974419522, 42.59979102892834, 74.39881753746852, 96.19187142195605, 61.76382224298113, 59.31956468119456, 33.30228585031751, 88.44010867807208, 75.27346840763268, 47.130888555655886, 61.588248023836464, 58.01056384745758, 42.561560309380404], [24.55998106669922, 15.635295831020608, 58.73207595023881, 57.775504446932594, 24.167690587340967, 49.2457254445733, 67.57106727753911, 53.744103172270535, 23.6194400773228, 55.840235679637395, 27.037995619482665, 28.954786475646895, 64.99028576099471, 77.88143836181992, 8.390360149052443, 42.43885536065411, 48.03756105713773, 0.0, 41.86796467844385, 19.736237454805288, 70.47660417149406, 56.98757212221317, 11.899218703338619, 53.50262488718004, 17.91340767887526, 76.44372052392762, 15.873811597196175, 19.911571864380125, 34.7726938045031, 63.11602815221739, 64.64259763630807, 45.4697987521812, 54.73507422376499, 25.264764449876775, 48.32744406692826, 49.39495764896294, 17.607187327340153, 23.16087825559579, 16.686578166461317, 73.51868222648184, 80.8033339136456, 20.131820561871102, 42.510259352250536, 28.89497576052339, 6.10555521452951], [51.41948344048898, 52.12786646218349, 17.077851833680512, 90.93721590060589, 47.2966524094296, 79.75391992102647, 71.61352114839345, 51.87635261050595, 44.65043170295901, 14.0796617663153, 49.973718989137296, 14.34592814565035, 79.06576921017297, 69.80527829959844, 48.805806016295996, 62.33550493967357, 84.46574994698503, 41.86796467844385, 0.0, 34.063848914045444, 41.141867207028696, 91.4942753239094, 45.89663842217466, 57.61443497077983, 23.959535115998023, 79.39445899159584, 50.38386764804648, 24.79809930405254, 16.864547125080325, 25.694615530419426, 67.36032268334833, 59.854161819657755, 43.96705076375042, 44.01530703448192, 30.54247071741011, 18.814238100601845, 24.36654087434439, 55.06284055909958, 51.620622639232785, 55.813040972593335, 80.06498651582123, 59.47456671698173, 38.541574626700765, 29.731472904089834, 47.7774218933677], [42.957714535442584, 20.519969586452316, 48.60131144675225, 56.879263893819704, 41.374837031874, 45.821931110466835, 50.247281961419816, 34.5539039581864, 10.882226211319411, 46.206300551172724, 44.52720051202462, 19.882684917629742, 51.27993918476792, 58.5148546971879, 27.891465041610104, 30.693660768204793, 50.74053060779339, 19.736237454805288, 34.063848914045444, 0.0, 52.69093633686578, 57.451938954777646, 30.97748202083363, 35.54000856027274, 16.73734675184948, 59.111224302493426, 18.150454648074156, 10.433910481567242, 20.369449531920854, 48.92392130805055, 46.84753736452768, 61.895586678393975, 35.008646140761805, 10.829945610858095, 29.67470187134278, 48.35083818795807, 15.534227207524507, 42.581776137350154, 19.31769691127167, 53.86888077451334, 62.68374459370403, 39.35367820585114, 22.777718131218123, 9.790121460061505, 22.64304986552367], [88.1941316606837, 72.66117388267641, 33.75249008940212, 98.22180014663564, 84.79151878091567, 86.2397335509752, 54.30614131950102, 38.51106892941093, 57.86974722714903, 35.16426010106202, 87.82521850206557, 44.74939592263344, 69.23017907440422, 40.97356461507735, 78.82933788799734, 64.22076369020147, 96.92795435751579, 70.47660417149406, 41.141867207028696, 52.69093633686578, 0.0, 100.34899053168648, 79.18883887058333, 46.79806987193282, 55.800346824527864, 58.559538585375265, 70.0772610209184, 50.87300239222632, 36.442098247245056, 19.35886085121127, 50.35047744279134, 100.21764959890089, 27.14529717076951, 55.9701320457237, 23.32178816153911, 57.09409992365648, 55.33271086211311, 90.26486121060232, 71.10174188623644, 21.945116796700333, 55.494454482055126, 90.57876549538574, 35.34066314853327, 42.942404595926526, 74.76218188900111], [74.4040390201083, 41.78861048684265, 105.64644477284658, 3.9501535145967908, 76.65010339994998, 14.261540428303709, 60.23580757467768, 64.05749997786755, 47.217373030516725, 103.42484171189415, 78.40330217569841, 77.21334003906006, 44.3916288356818, 80.86666883208161, 56.491494177564064, 36.34267001133983, 10.00370025570566, 56.98757212221317, 91.4942753239094, 57.451938954777646, 100.34899053168648, 0.0, 64.21358390113018, 56.78283431843589, 70.60197676173905, 65.53112767217104, 42.5861707842304, 67.01453613297812, 77.00073162325967, 103.41631661494549, 61.05273257457669, 95.94290180861437, 73.93533522634525, 48.28507582407782, 78.58892158591071, 104.22024047449841, 69.65357081587086, 69.25491534981488, 41.438128667504806, 89.81376810093651, 72.88134913927314, 57.107010032894095, 65.28694885761121, 63.76206732795091, 51.76003334932788], [12.723716440741486, 25.420425336168506, 62.94547784064101, 65.57597726630019, 13.05442752169347, 58.36386067803451, 79.47025586228517, 65.37769591812143, 35.50740200419002, 59.9071930240697, 15.592142409183396, 35.278538014091296, 76.53788794166395, 89.44816566178412, 7.739801499556559, 53.89931973691305, 54.62433072576355, 11.899218703338619, 45.89663842217466, 30.97748202083363, 79.18883887058333, 64.21358390113018, 0.0, 65.37140528405985, 23.676856982274423, 88.34231866808612, 26.445676035099567, 28.495035015916223, 42.7817264694841, 69.57418360894584, 76.5311333070562, 34.17906704452143, 65.66617681563193, 37.16396949426935, 58.064376471741554, 48.84621815111757, 23.971013975677327, 11.644112764643184, 26.974344092525122, 84.14451553033659, 92.68004097678106, 13.937036244933642, 53.64169607569312, 39.453584951537586, 13.682652466693028], [77.86557416014656, 45.11622925925556, 64.57520892055413, 53.984181031192776, 76.6948402008303, 42.60064775232517, 14.897660276168006, 8.291911193745523, 30.25122337697169, 63.623447282356366, 79.799669261136, 47.841985434976486, 23.22427473721642, 26.867510705727696, 60.50271858051419, 21.40544404653882, 55.9716670720571, 53.50262488718004, 57.61443497077983, 35.54000856027274, 46.79806987193282, 56.78283431843589, 65.37140528405985, 0.0, 50.95364718943935, 23.652753391220624, 42.69203390875396, 43.51917124071694, 41.01994083139652, 56.30806467649614, 11.307543415010734, 97.41895218260593, 19.844917837692574, 28.380280671814283, 30.537164671694654, 75.93998163532598, 49.78857025973185, 76.58362183829654, 43.02958776094136, 33.074452406624, 27.314499358401424, 70.45328536042888, 19.088359360050834, 31.083946388200896, 53.980876581196085], [32.5999291347026, 29.410607177961502, 40.83582232865879, 70.64597065888567, 29.624269603656646, 60.44032932025645, 65.843369772085, 48.415953437992485, 26.98524569562977, 37.931131000498674, 32.78637911556723, 11.639478308945696, 67.97562490733685, 71.28743542748663, 25.170130620330262, 47.29547519831206, 62.63935108567129, 17.91340767887526, 23.959535115998023, 16.73734675184948, 55.800346824527864, 70.60197676173905, 23.676856982274423, 50.95364718943935, 0.0, 74.58910292156844, 28.139995763121963, 7.481082599679158, 19.386558272716027, 46.06201295857213, 62.154954893864975, 48.1208072874304, 45.658345639545104, 27.372722591674215, 35.877121120658394, 33.620047443418116, 1.2064066089256615, 34.47673052698065, 29.338629967755093, 62.93644983404365, 77.45817838539033, 36.379929188368706, 34.90641772360324, 20.342157365113515, 23.82847007335036], [100.96683648262216, 66.3189762735124, 83.69193466448812, 61.90598888768242, 100.0257975653778, 53.080874831231704, 8.89385205967884, 27.57238131812544, 52.85493817516181, 83.29570113815882, 103.09272424228932, 70.90213425451911, 21.207848170307816, 20.456751846134175, 82.95715850992865, 37.95000487639181, 68.15902126887427, 76.44372052392762, 79.39445899159584, 59.111224302493426, 58.559538585375265, 65.53112767217104, 88.34231866808612, 23.652753391220624, 74.58910292156844, 0.0, 64.15236798102002, 67.14055918197272, 63.402018328023985, 72.97368563203423, 12.46469374829782, 120.90711299137119, 36.52782686283363, 51.182055411189815, 49.85044779992541, 98.08735596887745, 73.42845569719732, 99.28586740243007, 64.25340194005905, 38.153000487141185, 7.449161629750563, 92.14867103971676, 41.3895247657359, 54.57364883706842, 76.26976228540339], [38.967354741874374, 2.671639715021025, 66.00134511411521, 42.892016218932824, 39.40992346947352, 33.61567239979547, 55.48164926559344, 45.04323698610003, 13.42523023045846, 63.427842074057516, 42.03758272908031, 36.096426739865954, 50.463799561347905, 68.88748218639441, 19.628255590336156, 27.819802020137384, 34.5077809529241, 15.873811597196175, 50.38386764804648, 18.150454648074156, 70.0772610209184, 42.5861707842304, 26.445676035099567, 42.69203390875396, 28.139995763121963, 64.15236798102002, 0.0, 25.603287098833658, 38.36019141918204, 67.06427258043173, 53.16640285114981, 60.62365441787659, 49.20093401719338, 15.55184349182163, 46.77743922493436, 61.73209079428473, 27.256125388603383, 36.02088471170529, 1.2369485740037518, 68.26579082953494, 69.34139632524492, 28.00097069367647, 37.019473123482214, 27.38131188971272, 12.908304026993978], [38.78761757890918, 27.43344408519293, 40.582109359882004, 66.68744457278952, 36.23248001683309, 55.910861639887074, 58.41474185214452, 40.948701562082434, 21.268661558812713, 37.92319213647992, 39.428145885255866, 10.493991192833834, 61.06815818424943, 63.955402415329004, 28.118476626629658, 41.04255344910749, 59.722817240335075, 19.911571864380125, 24.79809930405254, 10.433910481567242, 50.87300239222632, 67.01453613297812, 28.495035015916223, 43.51917124071694, 7.481082599679158, 67.14055918197272, 25.603287098833658, 0.0, 14.86119669965405, 43.41289779726675, 54.69822254607896, 55.378636048501605, 38.56435954539752, 21.253432956705808, 29.65701467690508, 37.98183396057349, 6.367513637286293, 39.89000074544548, 26.840197527552625, 56.28755492660721, 69.97711177944356, 39.82098009709838, 27.52173784842329, 12.885820122691925, 24.975140146980095], [51.92822519638652, 40.57937088080509, 28.65002726359968, 76.05914409435579, 48.7468961219906, 64.49676034497384, 55.32806192621659, 35.84458385088829, 29.79719951611287, 26.524980675117625, 51.85628448513359, 9.173060852874222, 62.20506613600674, 55.915899541456874, 42.9561474705848, 45.92621134876309, 70.83819092313784, 34.7726938045031, 16.864547125080325, 20.369449531920854, 36.442098247245056, 77.00073162325967, 42.7817264694841, 41.01994083139652, 19.386558272716027, 63.402018328023985, 38.36019141918204, 14.86119669965405, 0.0, 28.910590684810533, 51.15230239297151, 65.83860069243806, 29.57401229592099, 28.751280390636044, 17.54923768539552, 34.920336789898286, 18.891163013923197, 53.82600125204785, 39.55930413040898, 44.85167808289182, 64.71020474846007, 54.62607743645575, 22.091308814114118, 13.499221015427032, 39.72110875809909], [76.53630026648953, 69.36719023270759, 14.509272341651192, 101.95248666660717, 72.5998377856696, 90.00840373192875, 67.12406889965521, 48.444970694718286, 57.12607235935185, 16.287866488074254, 75.39089724361249, 34.4395333964462, 79.5315127632756, 57.82099521232361, 71.00482780579149, 69.14365719829166, 98.25401568622789, 63.11602815221739, 25.694615530419426, 48.92392130805055, 19.35886085121127, 103.41631661494549, 69.57418360894584, 56.30806467649614, 46.06201295857213, 72.97368563203423, 67.06427258043173, 43.41289779726675, 28.910590684810533, 0.0, 62.845670883479734, 85.444047152182, 37.2217607648168, 55.65927048899711, 26.21506160026163, 38.871174249357615, 45.985536048478096, 79.66686282972834, 68.23956817469062, 39.84070236753478, 71.2400690009932, 82.4160259276457, 39.66652433504601, 40.3830086546162, 68.38430350800603], [89.07433209864509, 55.47988122352126, 72.64219632948029, 57.79031252788633, 87.96805460320414, 47.457756751379385, 4.344034100510767, 15.518370217410606, 41.2066643454248, 72.02905444303799, 91.06403768464182, 58.4959947332338, 20.080152684128965, 19.81447888421467, 71.46180274211054, 28.86510017585248, 61.95230031178068, 64.64259763630807, 67.36032268334833, 46.84753736452768, 50.35047744279134, 61.05273257457669, 76.5311333070562, 11.307543415010734, 62.154954893864975, 12.46469374829782, 53.16640285114981, 54.69822254607896, 51.15230239297151, 62.845670883479734, 0.0, 108.72300815887762, 25.68455170834682, 39.4184556544174, 38.4679725330956, 85.96036337908059, 60.99881450461905, 87.65408158109408, 53.39328371011654, 32.400205530125945, 16.22384713261119, 81.1101633726315, 29.075963682826508, 42.10934969945462, 64.86122942108429], [21.978631558349818, 59.54916125602715, 73.98074864536156, 97.84852908376986, 21.30651787390616, 91.83117926779289, 112.01883466315772, 96.01926747359653, 68.7012658781118, 71.06640981608804, 18.587305135783076, 56.690349599461534, 110.4581516927682, 119.32989446457552, 41.40117271649547, 87.89813401334523, 85.99918073287274, 45.4697987521812, 59.854161819657755, 61.895586678393975, 100.21764959890089, 95.94290180861437, 34.17906704452143, 97.41895218260593, 48.1208072874304, 120.90711299137119, 60.62365441787659, 55.378636048501605, 65.83860069243806, 85.444047152182, 108.72300815887762, 0.0, 93.76648844196463, 70.10485547035455, 83.27592527134566, 50.772217831683065, 49.10374599809393, 26.690512930339455, 61.146722517758576, 110.59069219722996, 124.56862427957775, 38.92843205710021, 82.88024746573393, 68.18193805996995, 47.822610725726214], [77.01171277984936, 51.87103940407383, 47.178872945115934, 71.58783544810083, 74.73024658010998, 59.70864684724609, 29.998611882287918, 11.592581046689487, 35.85176546418965, 46.775406568576685, 77.93020830264051, 38.35733061023996, 42.82416556569183, 26.34195579039456, 62.88462701499427, 37.59983921256834, 71.38726974419522, 54.73507422376499, 43.96705076375042, 35.008646140761805, 27.14529717076951, 73.93533522634525, 65.66617681563193, 19.844917837692574, 45.658345639545104, 36.52782686283363, 49.20093401719338, 38.56435954539752, 29.57401229592099, 37.2217607648168, 25.68455170834682, 93.76648844196463, 0.0, 33.738011914052244, 13.55496373586318, 62.77736938279847, 44.71034318604395, 77.30999415662616, 49.98270039919854, 19.103509463863134, 36.259674261032366, 74.22222035452008, 12.371500791092767, 26.27480397597724, 57.3335239065273], [49.78897077270905, 18.20615930124796, 57.3986934457767, 47.31051892686909, 48.997167687496365, 35.83245197037014, 42.30667202569538, 29.729022818135185, 2.126879060857328, 55.2499806920158, 52.01418351802844, 30.205813806527516, 41.16121304826391, 53.78874692077381, 32.1266567253051, 19.924315997080853, 42.59979102892834, 25.264764449876775, 44.01530703448192, 10.829945610858095, 55.9701320457237, 48.28507582407782, 37.16396949426935, 28.380280671814283, 27.372722591674215, 51.182055411189815, 15.55184349182163, 21.253432956705808, 28.751280390636044, 55.65927048899711, 39.4184556544174, 70.10485547035455, 33.738011914052244, 0.0, 32.74364686498295, 59.06554321158272, 26.18379277651559, 48.237148872895794, 16.268513434776334, 52.759878829047416, 55.61390407890836, 42.35090860090434, 21.72527288471608, 15.497048858803959, 25.659933483578243], [68.33232514817936, 49.3741018211573, 34.232699570878914, 76.80607410910177, 65.49937524077602, 64.78472758684553, 42.81147771198001, 23.19003016904534, 34.60133672931053, 33.561700012761285, 68.66350022856658, 26.711854243167032, 53.65680384365796, 39.30928360966693, 56.715572221678386, 43.34110891001994, 74.39881753746852, 48.32744406692826, 30.54247071741011, 29.67470187134278, 23.32178816153911, 78.58892158591071, 58.064376471741554, 30.537164671694654, 35.877121120658394, 49.85044779992541, 46.77743922493436, 29.65701467690508, 17.54923768539552, 26.21506160026163, 38.4679725330956, 83.27592527134566, 13.55496373586318, 32.74364686498295, 0.0, 49.323461712837286, 35.13123284671721, 69.53422408123032, 47.791357807946675, 27.32633707878115, 49.813919766838545, 68.4304810355269, 13.603935159270693, 19.885628595879936, 52.12385354919779], [49.63716404181604, 62.87227529325856, 25.089615408998856, 104.21265730586072, 45.01825899114283, 93.76347509351628, 90.17726481510088, 70.52847563584763, 59.227723319003, 22.695630133640794, 46.81004567377609, 29.266941139298396, 96.70377823908613, 88.5181952653258, 54.17461534969155, 78.47405900548387, 96.19187142195605, 49.39495764896294, 18.814238100601845, 48.35083818795807, 57.09409992365648, 104.22024047449841, 48.84621815111757, 75.93998163532598, 33.620047443418116, 98.08735596887745, 61.73209079428473, 37.98183396057349, 34.920336789898286, 38.871174249357615, 85.96036337908059, 50.772217831683065, 62.77736938279847, 59.06554321158272, 49.323461712837286, 0.0, 34.57123677091157, 54.79474753946635, 62.91914293981328, 73.87285736357401, 98.87079115249597, 62.68382404390936, 56.97228400105695, 46.514348522643296, 55.467889593886504], [33.246036212359165, 28.597194297210184, 41.13562634429323, 69.6570932994194, 30.382663635576506, 59.388942885964084, 64.67546844019782, 47.31621175667091, 25.81609966755855, 38.26222832308566, 33.557942103018014, 11.553378843314894, 66.76927786779642, 70.26295525952493, 25.089665083765922, 46.10766823172105, 61.76382224298113, 17.607187327340153, 24.36654087434439, 15.534227207524507, 55.33271086211311, 69.65357081587086, 23.971013975677327, 49.78857025973185, 1.2064066089256615, 73.42845569719732, 27.256125388603383, 6.367513637286293, 18.891163013923197, 45.985536048478096, 60.99881450461905, 49.10374599809393, 44.71034318604395, 26.18379277651559, 35.13123284671721, 34.57123677091157, 0.0, 34.935736826348034, 28.463163061913406, 62.111447837075495, 76.33226950603542, 36.43127176247749, 33.85571891890497, 19.250721390166607, 23.42770533151665], [6.16676495998708, 34.45626032538875, 71.85033557473514, 71.16860546374026, 10.429473690209507, 65.4767267040976, 90.44984075270028, 76.88024579313849, 46.46631895336029, 68.77539262010644, 10.375758238089745, 45.84285265870651, 86.48400860090689, 100.99112386969122, 16.455568943302588, 63.83829606876132, 59.31956468119456, 23.16087825559579, 55.06284055909958, 42.581776137350154, 90.26486121060232, 69.25491534981488, 11.644112764643184, 76.58362183829654, 34.47673052698065, 99.28586740243007, 36.02088471170529, 39.89000074544548, 53.82600125204785, 79.66686282972834, 87.65408158109408, 26.690512930339455, 77.30999415662616, 48.237148872895794, 69.53422408123032, 54.79474753946635, 34.935736826348034, 0.0, 36.293477702289906, 95.76142011508526, 103.85008792728873, 12.415217889252219, 65.27764990672611, 51.08929619602541, 23.22821988163989], [39.408870535397384, 2.0888478974076428, 67.23198382235098, 41.791908588316524, 39.98318288342915, 32.65523744598315, 55.62532490866154, 45.588333782270226, 14.144535531778951, 64.66129901469746, 42.56045549430868, 37.33328279894292, 50.21626464745304, 69.34741970368935, 19.981526652999168, 27.615335283860446, 33.30228585031751, 16.686578166461317, 51.620622639232785, 19.31769691127167, 71.10174188623644, 41.438128667504806, 26.974344092525122, 43.02958776094136, 29.338629967755093, 64.25340194005905, 1.2369485740037518, 26.840197527552625, 39.55930413040898, 68.23956817469062, 53.39328371011654, 61.146722517758576, 49.98270039919854, 16.268513434776334, 47.791357807946675, 62.91914293981328, 28.463163061913406, 36.293477702289906, 0.0, 69.0247895457127, 69.53982916331893, 27.911986499541108, 37.85111985007329, 28.475934989182257, 13.341059147664403], [95.06151843405834, 70.93343471719754, 53.27247947563067, 87.05657169485241, 92.46796880472372, 75.59095192002304, 35.68169269669207, 25.95475850510589, 54.8813457388694, 53.9662945277872, 95.65353852798366, 54.02348320722934, 52.42296589214978, 19.20457199315337, 81.7544509063695, 53.88166294349007, 88.44010867807208, 73.51868222648184, 55.813040972593335, 53.86888077451334, 21.945116796700333, 89.81376810093651, 84.14451553033659, 33.074452406624, 62.93644983404365, 38.153000487141185, 68.26579082953494, 56.28755492660721, 44.85167808289182, 39.84070236753478, 32.400205530125945, 110.59069219722996, 19.103509463863134, 52.759878829047416, 27.32633707878115, 73.87285736357401, 62.111447837075495, 95.76142011508526, 69.0247895457127, 0.0, 34.138135390097176, 93.190615244172, 31.452735968969275, 44.72371476890421, 76.34386884700373], [105.1792451594385, 71.62323395759526, 82.83508497271812, 69.28289747081124, 103.9640027024687, 60.25635081031198, 14.162561324156739, 29.229559989504242, 57.420376040501516, 82.71241518606658, 107.08089408893304, 72.73331859409872, 28.625999494125494, 15.204703594896811, 87.68092448284543, 44.10614533752459, 75.27346840763268, 80.8033339136456, 80.06498651582123, 62.68374459370403, 55.494454482055126, 72.88134913927314, 92.68004097678106, 27.314499358401424, 77.45817838539033, 7.449161629750563, 69.34139632524492, 69.97711177944356, 64.71020474846007, 71.2400690009932, 16.22384713261119, 124.56862427957775, 36.259674261032366, 55.61390407890836, 49.813919766838545, 98.87079115249597, 76.33226950603542, 103.85008792728873, 69.53982916331893, 34.138135390097176, 0.0, 97.30850843867465, 43.17404064174098, 57.170289564897395, 81.08495042906821], [18.223334607712093, 25.865141386795646, 76.55198222346439, 59.17481238855609, 21.67286514159732, 54.217277837598665, 83.48143171017587, 71.98965288674755, 40.346312598132116, 73.53817136087892, 22.470641989870888, 47.97774049954108, 77.6151705074894, 96.11767646325234, 11.75220517253639, 55.26649838056474, 47.130888555655886, 20.131820561871102, 59.47456671698173, 39.35367820585114, 90.57876549538574, 57.107010032894095, 13.937036244933642, 70.45328536042888, 36.379929188368706, 92.14867103971676, 28.00097069367647, 39.82098009709838, 54.62607743645575, 82.4160259276457, 81.1101633726315, 38.92843205710021, 74.22222035452008, 42.35090860090434, 68.4304810355269, 62.68382404390936, 36.43127176247749, 12.415217889252219, 27.911986499541108, 93.190615244172, 97.30850843867465, 0.0, 61.87430913169394, 48.84176679182377, 16.935828885528373], [65.27444053406698, 39.690801064699606, 46.15544031277922, 63.37955781992824, 63.242947343662834, 51.35357021728211, 33.23725902605299, 13.970680969062169, 23.803747485771318, 44.962649652668716, 66.43852568016834, 29.601818488630776, 41.341120550495724, 36.45551574483303, 50.592609164055055, 29.753244560647357, 61.588248023836464, 42.510259352250536, 38.541574626700765, 22.777718131218123, 35.34066314853327, 65.28694885761121, 53.64169607569312, 19.088359360050834, 34.90641772360324, 41.3895247657359, 37.019473123482214, 27.52173784842329, 22.091308814114118, 39.66652433504601, 29.075963682826508, 82.88024746573393, 12.371500791092767, 21.72527288471608, 13.603935159270693, 56.97228400105695, 33.85571891890497, 65.27764990672611, 37.85111985007329, 31.452735968969275, 43.17404064174098, 61.87430913169394, 0.0, 14.711108273091178, 44.972836352150466], [50.7521918618035, 29.890680443088822, 42.034046514950475, 62.69553689833846, 48.58774976585401, 51.054151879709984, 45.95516815147479, 28.075151492705487, 16.795732543085975, 39.99719655934164, 51.786405316788866, 17.364961438668, 50.28944167745373, 51.165230990838594, 37.223462864068814, 32.611939247678954, 58.01056384745758, 28.89497576052339, 29.731472904089834, 9.790121460061505, 42.942404595926526, 63.76206732795091, 39.453584951537586, 31.083946388200896, 20.342157365113515, 54.57364883706842, 27.38131188971272, 12.885820122691925, 13.499221015427032, 40.3830086546162, 42.10934969945462, 68.18193805996995, 26.27480397597724, 15.497048858803959, 19.885628595879936, 46.514348522643296, 19.250721390166607, 51.08929619602541, 28.475934989182257, 44.72371476890421, 57.170289564897395, 48.84176679182377, 14.711108273091178, 0.0, 32.31531622630808], [26.072484583082787, 11.738375820956541, 64.54535805696237, 52.78218471523149, 26.731152183172988, 44.931270354997885, 67.4812914615561, 55.14379975751924, 23.73311998524017, 61.68665683745243, 29.242168681631952, 34.55117487881399, 63.321356857027006, 79.30162979320033, 6.77333241124557, 40.65940780651944, 42.561560309380404, 6.10555521452951, 47.7774218933677, 22.64304986552367, 74.76218188900111, 51.76003334932788, 13.682652466693028, 53.980876581196085, 23.82847007335036, 76.26976228540339, 12.908304026993978, 24.975140146980095, 39.72110875