instance_id,num_cities,city_coordinates,distance_matrix,best_route,total_distance
2271,86,"[[72.91184603515923, 62.66631545122099], [66.73542854784837, 82.00089841256461], [95.7005842500887, 22.40294586851279], [18.078240187235462, 47.45636138049563], [89.232705818644, 19.43239946235076], [41.77030642111649, 53.34685823368196], [38.85363201517371, 59.50660204811516], [9.566582567449167, 59.11209192475667], [17.291547267014117, 88.99774448746948], [26.595363649880856, 0.5985990009728881], [75.74298348193702, 83.484338805314], [14.811747784570894, 39.81339515649223], [36.16271286131861, 9.375819502632975], [89.29925807805073, 30.38366954362376], [74.93618761036481, 48.96959372941502], [96.39233363573435, 75.88756093020031], [66.22530419087973, 50.72376040662555], [15.139666538731088, 16.587376918914455], [85.17305896956611, 74.83459231423173], [40.17350633656911, 89.69042479888437], [29.075910166203066, 60.80952212549001], [47.89173695521966, 43.68109798859984], [22.160580332910516, 8.55407548597853], [40.53287265518888, 90.83881176500944], [47.44490049965169, 96.04297606975241], [20.976946806630046, 74.02735131488039], [8.564287369646317, 76.06850176558503], [26.149164205499297, 26.629788362895823], [90.18525476413532, 73.09043621313202], [89.46627492565888, 3.814527155027725], [77.83817314896503, 69.08864754110013], [3.8499053048462684, 35.25940338507403], [27.101431492411045, 59.661877990435016], [72.49440812117378, 80.30907399505301], [45.30663959535233, 87.31159015158744], [28.98026363468943, 83.59693170969888], [50.70131746424287, 19.573033347483225], [44.01159357472567, 48.18924222799295], [33.967103055119686, 66.46522630888643], [3.6852920573455905, 85.76629764906274], [20.938354481891906, 1.274629891916279], [14.5331920174122, 80.57536647329651], [83.2236694891476, 61.36012898476556], [73.20881158933854, 15.719634568717023], [96.15518173100453, 67.55403412124093], [86.32087345916352, 37.578007035564895], [81.88714793789815, 82.93871801025418], [88.94385544671077, 71.66533496998544], [7.74083925369371, 29.583663461842157], [41.287384596901255, 54.28370304799438], [21.7864436022041, 45.32389989685186], [26.078762291325784, 57.17689204170844], [1.2530856369507681, 53.60534442874753], [59.23809683990571, 3.533912512456616], [75.5431573663046, 97.21777175569702], [34.93601296692186, 30.98308151105611], [55.35540231303088, 12.258804124291789], [50.758903242217244, 92.57582141156833], [11.358020808887016, 99.87564765894497], [97.83560493860848, 88.5040755760734], [92.62407027528928, 65.15367014817403], [57.88251388996664, 55.18257264675371], [77.46883277223328, 23.79034139508429], [59.14115484132344, 6.657309820715107], [36.279366352484054, 80.33977599601364], [23.13699672740298, 13.22864533571806], [37.971103659152064, 89.60457711662069], [35.725102408003075, 85.71905394172474], [79.92279848254302, 99.84941941490052], [25.727826463159253, 47.72285707611359], [60.81892900933556, 53.43357574164865], [85.71001731381934, 49.1266712097897], [32.88020117497707, 44.300980341749366], [98.67700710580526, 39.47641261169312], [85.50960917765723, 3.7405252047041704], [49.51973661206024, 12.700372518020275], [85.5227121036805, 1.7240235131043447], [53.50845860476483, 85.29934790478092], [91.52962027776138, 28.092045655930253], [60.617174304800706, 88.13787855339193], [44.961527263880086, 51.36556423830022], [42.76257118607445, 11.573812971250641], [80.23481526242587, 87.57445996665253], [91.95374701571222, 16.484646243525937], [77.61263287016597, 48.297017775149484], [62.97051978667053, 63.75828330088438]]","[[0.0, 20.297148353072618, 46.265165292932195, 56.90401596652941, 46.211924389759616, 32.50611899877519, 34.2044694597198, 63.444896632193164, 61.538295313964575, 77.44428943372262, 21.00965101124027, 62.43298313171687, 64.73311167768122, 36.20381886291568, 13.84550991252028, 26.9468853483328, 13.687018040044101, 73.89785720866062, 17.274382896003814, 42.45116455710902, 43.87524307581346, 31.407711481021494, 74.18777179856684, 42.91954642923493, 41.98293449668727, 53.16302186457083, 65.72843299681313, 59.03710440468436, 20.175057441731663, 61.13576777591461, 8.094136662109772, 74.30134915624865, 45.90883057794228, 17.647696264611717, 37.005904767224365, 48.6628670463314, 48.48029024120851, 32.32352458175782, 39.1295889255922, 72.97893499622853, 80.43744700107092, 61.063912038413626, 10.39422079962591, 46.947620114591885, 23.751683057564954, 28.44688446239376, 22.170393540954663, 18.384985125672003, 73.0870849573314, 32.716582217013354, 53.986721989689634, 47.15370083382449, 72.22935094321389, 60.69277135184293, 34.651506923675484, 49.45696321180514, 53.377391415680435, 37.22004058540792, 71.92640546649909, 35.899632395703996, 19.86853587664741, 16.78949764269125, 39.142144638934674, 57.67703743842974, 40.67296123138752, 70.15425040622367, 44.11944491196649, 43.75251596769484, 37.838296401837084, 49.493824374152425, 15.214536625811835, 18.631026656157303, 44.043366400570925, 34.66432054293112, 60.257384546385495, 55.17051963201096, 62.23340654077052, 29.811836605916856, 39.268328836685335, 28.283554936131228, 30.14842114261457, 59.324721521398075, 25.96231001866198, 49.953383907020296, 15.118667685074852, 10.00111800568261], [20.297148353072618, 0.0, 66.26383774199981, 59.67283316485106, 66.49018382800554, 38.00409637625475, 35.82440434705304, 61.58063342615862, 49.93649217865772, 90.76100021213666, 9.12889047417402, 66.90182400344455, 78.79779839007674, 56.33351328629036, 34.03409376305627, 30.280437819905398, 31.281297746451155, 83.31297288839056, 19.781358867955827, 27.652568191832714, 43.21242591752826, 42.70236313566963, 85.91480018829142, 27.652895829067653, 23.860100949257443, 46.447993547411706, 58.47285691627705, 68.65278349345762, 25.085666947114955, 81.42358397585438, 17.029302987652205, 78.35404514733803, 45.49599494472824, 6.00234250819359, 22.077056930613324, 37.78888460784982, 64.45410037247754, 40.738197920740156, 36.264586903898646, 63.16247258365723, 92.81218897467357, 52.22169702422048, 26.417862364504433, 66.59662622640572, 32.775505567569056, 48.54876858033452, 15.180714939442774, 24.49567506719694, 78.91722299894509, 37.627727274007526, 58.013907537463375, 47.636076700275915, 71.37397788513859, 78.82434813550105, 17.58207386176039, 60.11672373544917, 70.66445154969698, 19.159289059783237, 58.19075483707143, 31.772823052986258, 30.887713911590733, 28.241754457202084, 59.19184837905783, 75.72535463784564, 30.501328694512107, 81.42755093006208, 29.752349758245813, 31.232435189056208, 22.191809925405238, 53.44724077629867, 29.173564941114947, 37.957210553692924, 50.67011193016053, 53.1845497621504, 80.48077952501635, 71.40688298818519, 82.44597423180124, 13.632039573297071, 59.33730992450004, 8.66576945409233, 37.584923534481845, 74.39537790646737, 14.60472629209183, 70.20215726474271, 35.415605937080485, 18.62706482763448], [46.265165292932195, 66.26383774199981, 0.0, 81.56532306457217, 7.117415075370381, 62.17717088428357, 67.88414601578819, 93.63027101340461, 102.87295214832979, 72.46351534754153, 64.2591813791682, 82.74132951043623, 60.946403920644315, 10.230783310152503, 33.71864389884263, 53.48908828452241, 40.87616262164271, 80.7705534505222, 53.47809212697208, 87.24024989888139, 76.90196549222254, 52.33015992054363, 74.83263584166214, 87.90303830711039, 88.04240490957567, 90.8223608505769, 102.33633823710117, 69.67974043932163, 50.986670187162595, 19.60601752066223, 49.986202806448205, 92.74608197965638, 78.06453600667335, 62.38306088301145, 82.17470267990845, 90.53344733386085, 45.08816270530889, 57.764044499815846, 75.8452850087316, 111.72165567239689, 77.69039024177671, 99.86078349819321, 40.90642392467275, 23.463727055880234, 45.153376720631876, 17.839883854587477, 62.09179278735457, 49.72359966964669, 88.25236226292179, 63.06487909157287, 77.3864996060973, 77.82303916780678, 99.46818421078385, 41.05549181205498, 77.48277247946665, 61.36735166903902, 41.60092928362471, 83.33058954426302, 114.52374221331733, 66.13560056396373, 42.86128048335412, 50.04708160806094, 18.28446412387942, 39.805991172739255, 82.991309314033, 73.14124708007449, 88.59318355102722, 87.2123154361183, 79.03729998233683, 74.41293392864632, 46.686506216018266, 28.530140620475112, 66.52762165818667, 17.330965340872293, 21.263628993186245, 47.189094271753994, 23.047926397176013, 75.73726200212595, 7.05427507612553, 74.51125437458911, 58.42332724763006, 54.034279364791274, 66.98146206394557, 7.004645580757778, 31.586024520799068, 52.740127549379544], [56.90401596652941, 59.67283316485106, 81.56532306457217, 0.0, 76.47418140052847, 24.413356090632103, 24.017185633456617, 14.432753374075434, 41.54883146601236, 47.62553188462845, 67.99439518494925, 8.311732991255324, 42.156563209200435, 73.23872060570568, 56.87808064020055, 83.31524674689106, 48.25780422446686, 31.008537804563186, 72.4657314631873, 47.664629433557664, 17.2990071058412, 30.051575719299528, 39.11589637070502, 48.84923254909611, 56.77199895077806, 26.72863644405562, 30.152443941269105, 22.335755151013014, 76.52795138848583, 83.67114913981743, 63.554743270071455, 18.740632269683218, 15.178689569435912, 63.56429861761455, 48.268260738543326, 37.7491051413, 42.91555840506066, 25.943706987573663, 24.774844280040103, 40.924420249667236, 46.270212632553786, 33.30819516070089, 66.61262427291074, 63.612889667486826, 80.62211390445694, 68.95388952373081, 73.01078235667627, 74.88664652900805, 20.646917177928284, 24.19249839254899, 4.277635391896933, 12.589561957177711, 17.91356519983264, 60.19398071430285, 76.0158843198346, 23.570181432233756, 51.268458655947356, 55.711681101980915, 52.84830103641136, 89.70034600136945, 76.61772328342533, 40.547189119996844, 63.93217491644631, 57.88545212803078, 37.58457064354149, 34.59953125946378, 46.60684613714228, 42.13603432068439, 81.0541912607745, 7.654226946503776, 43.15661678707873, 67.65239989997212, 15.134545866404578, 80.99284419716753, 80.36207971718409, 46.86732827077708, 81.48744393405265, 51.840061788071544, 75.96105555272094, 58.860400570733574, 27.1660264122075, 43.553110993384315, 73.97906230310294, 80.1051661735366, 59.54032763849424, 47.76054256321117], [46.211924389759616, 66.49018382800554, 7.117415075370381, 76.47418140052847, 0.0, 58.33412269266372, 64.37385175815095, 89.00095048810255, 100.0743100011914, 65.40755823133678, 65.45703585036595, 77.16128550117529, 54.014432821022616, 10.951472302673158, 32.815183651016675, 56.90734158999363, 38.8392816540952, 74.14764071099889, 55.55073091630963, 85.69127830771937, 73.01305597665399, 47.92781120376284, 67.94856841544858, 86.43234040615611, 87.26626565573068, 87.40398964627504, 98.56491170373465, 63.49279982362606, 53.666491011074584, 15.619618751288375, 50.9468188213816, 86.83730003143164, 74.01828282284862, 63.135886086834134, 80.85223449280026, 88.01956593651076, 38.531645000016894, 53.590157663743895, 72.56978469026812, 108.2522334637575, 70.66698677799083, 96.53227324082874, 42.35614501479073, 16.448398384869215, 48.616996976375574, 18.377753994729712, 63.92972482411581, 52.23373417899671, 82.12169309644702, 59.2736635334344, 72.24519417731909, 73.57355029577468, 94.38328101412552, 33.94758393587624, 78.98080703337632, 55.51170246375569, 34.62848773604832, 82.6449856865566, 111.96241666643199, 69.60536124773212, 45.846874986242184, 47.54902119581129, 12.545133197425445, 32.6910439657792, 80.70789723956239, 66.3862133694766, 86.9015901620934, 85.18793450259459, 80.95413190600942, 69.52136142187368, 44.31052584821223, 29.90249335611956, 61.59586913559784, 22.15755604604635, 16.127503412367297, 40.27952469906096, 18.092833722911333, 74.93114663553538, 8.959089698762831, 74.42641668755292, 54.58630105837662, 47.129935226003035, 68.73356126546625, 4.011647321890913, 31.115788366543224, 51.52170798066732], [32.50611899877519, 38.00409637625475, 62.17717088428357, 24.413356090632103, 58.33412269266372, 0.0, 6.815382120595278, 32.715711050746926, 43.245755172098065, 54.887682955207296, 45.413770179146105, 30.164855488162456, 44.327162695341734, 52.78550255915357, 33.453491889482194, 59.09017799167036, 24.59527511798624, 45.39218486783861, 48.43058583889287, 36.37862835772274, 14.725455804111995, 11.441102783353562, 48.89718543574286, 37.512368919068244, 43.071562500422026, 29.326551078141666, 40.23571530416071, 30.948697979091232, 52.28590722640096, 68.76305136969792, 39.353461612633126, 42.01324605073093, 15.97045291161727, 40.87702905102313, 34.14833329130996, 32.84284000787778, 34.934713476656164, 5.623555011473881, 15.26373361034736, 50.01488149637246, 56.08464305026063, 38.51301159342429, 42.22077471790608, 49.032515415238706, 56.20995026836537, 47.25896413930251, 49.85016688356108, 50.60543762886197, 41.50534979328688, 1.0539884697696866, 21.534220061093936, 16.15220468381313, 40.518045303122285, 52.78686639250796, 55.36481296114001, 23.38474024481583, 43.2756631478789, 40.24557646281473, 55.58628753155122, 66.17663960277554, 52.20637993310936, 16.21644464503949, 46.34622391599652, 49.8162654746879, 27.545744356639098, 44.23427671238894, 36.456221968557436, 32.93180144662581, 60.15065125923567, 16.999722121899225, 19.04881997485928, 44.1419094721891, 12.683133608189674, 58.57270562787165, 66.13557954845625, 41.37862333763413, 67.66971307460771, 34.04035565131737, 55.8013877410003, 39.56791027981538, 3.7562503062794583, 41.78482858479753, 51.488320625108926, 62.26716938097091, 36.19631547460133, 23.61878105819577], [34.2044694597198, 35.82440434705304, 67.88414601578819, 24.017185633456617, 64.37385175815095, 6.815382120595278, 0.0, 29.28970644425947, 36.5328753462563, 60.16990914333894, 43.997228454027834, 31.077879513151686, 50.202952149400595, 58.248659954858866, 37.589617749964056, 59.825061622003126, 28.74624749413048, 49.034804417973625, 48.7897181687029, 30.21266661640663, 9.864149496224414, 18.224541685458625, 53.61732870567079, 31.377176655501092, 37.532872536236205, 23.031023279776925, 34.5216007929393, 35.24611156453544, 53.09855030661753, 75.25454689440063, 40.14486322360435, 42.58153973984824, 11.753226269645554, 39.553061273650634, 28.54397782832795, 26.035118328529393, 41.654022130739975, 12.437330933441162, 8.502976942226828, 43.89058838115292, 60.92552626194405, 32.17726893458339, 44.40873548691446, 55.65587915588957, 57.86388133203134, 52.28768774316252, 48.999464804572185, 51.544788967330895, 43.16697959154275, 5.762102532455334, 22.190943211933394, 12.985562951802974, 38.06081882239318, 59.56902198329225, 52.61419571945689, 28.791300124087055, 50.04660659439049, 35.14695936062829, 48.84330536661638, 65.7246270506378, 54.06615770342482, 19.513984105473213, 52.60023768523537, 56.60946273688415, 20.991616908792402, 48.873938886110864, 30.11091097133334, 26.39849108903271, 57.56925696423647, 17.639257834570756, 22.789381750297004, 47.992330715058564, 16.33685427123946, 63.08759542170987, 72.70925341035625, 48.006134088214715, 74.2753621227265, 29.665294220646715, 61.33216197687833, 35.963895330094545, 10.177567537973225, 48.09191277261682, 50.00206970794172, 68.3411361796279, 40.34742776001972, 24.488794769406724], [63.444896632193164, 61.58063342615862, 93.63027101340461, 14.432753374075434, 89.00095048810255, 32.715711050746926, 29.28970644425947, 0.0, 30.86790094432576, 60.941022630860715, 70.52178710158915, 19.99878634088389, 56.40080620927489, 84.75034983165355, 66.15176137571314, 88.43148426281459, 57.27630261861767, 42.88835099743357, 77.22393600717922, 43.26451460457725, 19.58303175307292, 41.31504608135096, 52.10299229353537, 44.33391335783404, 52.90233617813218, 18.779280463996795, 16.98600689843494, 36.47029007928885, 81.82154004784495, 97.1688299219401, 68.99667921353982, 24.528170528921812, 17.54346577900874, 66.40198248402272, 45.52541462307402, 31.24737415967639, 57.05614400050671, 36.13540409057979, 25.484387089751642, 27.2953523673512, 58.944797996722, 22.030419055806913, 73.69138432960676, 77.02751891545213, 86.99914880707536, 79.71786488802132, 76.14441730107004, 80.36376895530313, 29.584817493727805, 32.08617491283331, 18.42387698360743, 16.625194068670353, 9.971885438481994, 74.53987762872077, 76.19023072262677, 37.8794037129383, 65.51218658697454, 53.07191793914587, 40.80290096386729, 93.03391324307225, 83.27692916869404, 48.475461228526974, 76.53980430699778, 72.17438868269036, 34.12019033615023, 47.848164137841636, 41.672634565444035, 37.312177476274876, 81.29899734271349, 19.771203167591306, 51.565963210638905, 76.7953858108, 27.620532922113657, 91.24816526096032, 93.9859228382208, 61.239711106454884, 95.19834037495214, 51.15330727765442, 87.6366522707377, 58.725285917948554, 36.2327310764789, 57.981562812925745, 76.1846802630536, 92.76175931455492, 68.90015087546156, 53.605667655744575], [61.538295313964575, 49.93649217865772, 102.87295214832979, 41.54883146601236, 100.0743100011914, 43.245755172098065, 36.5328753462563, 30.86790094432576, 0.0, 88.88740024339158, 58.71088517305139, 49.246823497406695, 81.82769597867578, 92.84783356529458, 70.17946575333693, 80.17986852730058, 62.124153306943825, 72.44233515067, 69.34330905362097, 22.892441042287558, 30.55236633827534, 54.680618676617726, 80.59088884866718, 23.314131648411127, 30.965464621416736, 15.41735520471988, 15.599050697962559, 62.993803893602774, 74.60921557830954, 111.64842958011343, 63.73590861444482, 55.39392604858871, 30.93261857081486, 55.88245557784215, 28.065789043063237, 12.876135638633622, 77.04546230312441, 48.77801483607088, 28.03191995405232, 13.984721287894187, 87.79888403167232, 8.862560301438325, 71.49043664288006, 92.17603724698444, 81.72701851371183, 86.07576473180451, 64.87914478385107, 73.71882857967832, 60.176814868149265, 42.20029481205077, 43.90454184238259, 33.01184330294788, 38.85684281276125, 95.20283397527766, 58.82872535972682, 60.638505012096466, 85.66050448735122, 33.658082988276874, 12.390944824237213, 80.54557054983967, 79.01600409974016, 52.830790435150426, 88.73168041251932, 92.36523607523414, 20.86858145685946, 75.99424758270786, 20.688458096615513, 18.722867484192594, 63.564396304482635, 42.128222576978196, 56.2089233122553, 79.18831686467199, 47.337161467079746, 95.26780874945256, 109.1901891685964, 82.82478589108841, 110.77993603392123, 36.405257918731174, 96.0249740146135, 43.33415890082524, 46.70983604480888, 81.50606254085329, 62.95935772202114, 104.07974581180675, 72.76800480467863, 52.188111016213846], [77.44428943372262, 90.76100021213666, 72.46351534754153, 47.62553188462845, 65.40755823133678, 54.887682955207296, 60.16990914333894, 60.941022630860715, 88.88740024339158, 0.0, 96.36147777026491, 40.94696375044331, 12.983596214776583, 69.41850476414601, 68.38558614355424, 102.6647203648205, 63.8988575267652, 19.66911323907768, 94.56388894378281, 90.12058245942195, 60.26199776414776, 48.05868532304254, 9.1080683556919, 91.31018649072857, 97.69509865339879, 73.64338581435335, 77.59398130733884, 26.03501322335858, 96.4299782967772, 62.95310698082181, 85.53778273013872, 41.45753533289972, 59.065447002865234, 91.98087903015278, 88.70881963927903, 83.0325898690744, 30.677779712198625, 50.67735576721195, 66.27786308246769, 88.19528487049031, 5.697259910888808, 80.88126680395933, 83.05858503608684, 49.00468595395256, 96.5484261064024, 70.24680163941677, 99.18203772969804, 94.54002004774863, 34.57784047633922, 55.65919399386959, 44.98308851392776, 56.580651466442184, 58.753264724009576, 32.774442718768675, 108.31043834050713, 31.508462489233104, 31.03385582591626, 95.09829697738309, 100.4395788874652, 113.14833092349035, 92.34255416352993, 62.91498986019942, 55.9103458746033, 33.1049316730037, 80.32705158848073, 13.094975073985404, 89.72999276207321, 85.6086676634564, 112.67005218188879, 47.13224289064556, 62.950672697760886, 76.48212908981768, 44.15197976955852, 81.89778821468204, 58.99796629017657, 25.922573135532108, 58.9380944392337, 88.87368308400715, 70.51487284810511, 93.91809764255125, 53.98704219814409, 19.540571158789987, 102.18606147619055, 67.26131706402731, 69.84197099346332, 72.8855109390084], [21.00965101124027, 9.12889047417402, 64.2591813791682, 67.99439518494925, 65.45703585036595, 45.413770179146105, 43.997228454027834, 70.52178710158915, 58.71088517305139, 96.36147777026491, 0.0, 74.96510390032518, 84.01589406557092, 54.8037741124154, 34.524173375081396, 22.00242477223696, 34.115124448022065, 90.26608185885252, 12.796266567338035, 36.10683048613434, 51.884130939235284, 48.57972738298688, 92.11741577101344, 35.96998994921708, 30.959665218022753, 55.576554278897916, 67.58677274694595, 75.44525708375205, 17.79360589887213, 80.84310494062818, 14.547362190974155, 86.56938885116145, 54.161888992410546, 4.5426367332023965, 30.676031067431015, 46.762855394792574, 68.64211536852493, 47.46182621692821, 45.109581860196805, 72.09381547404881, 98.8027509711049, 61.27887638623165, 23.35468525418675, 67.81207243149777, 25.89271026151251, 47.109267166074495, 6.168343287617661, 17.718687092723908, 86.77312038944524, 45.16486934729393, 66.08727028316179, 56.201571345380536, 80.2589508149177, 81.63627837840187, 13.734886642384595, 66.49504387615052, 74.0859653140609, 26.586826087455062, 66.4386816872909, 22.655720692034816, 24.919560685183555, 33.46619700144501, 59.71894073562697, 78.60033776525833, 39.58870233035794, 87.76817365829163, 38.2645034246375, 40.080229008682366, 16.890432700128077, 61.4849535014944, 33.552582055778196, 35.77416785909111, 58.07369187143212, 49.625265817356876, 80.33967130284456, 75.485287041643, 82.34313722828685, 22.308481672779447, 57.597951714193286, 15.825471097255914, 44.487231051064605, 79.11277596530522, 6.075001552151151, 68.93292143614758, 35.23695716310877, 23.50006584268943], [62.43298313171687, 66.90182400344455, 82.74132951043623, 8.311732991255324, 77.16128550117529, 30.164855488162456, 31.077879513151686, 19.99878634088389, 49.246823497406695, 40.94696375044331, 74.96510390032518, 0.0, 37.17942604980483, 75.0820145897488, 60.81763096892468, 89.20054609747645, 52.558442254656065, 23.228332998336864, 78.59515482542797, 55.954775335067865, 25.38313763402481, 33.30532703228919, 32.111530734097684, 57.141660849879635, 65.01298659350037, 34.76498921313951, 36.78944844480186, 17.388056222295184, 82.39251796057539, 82.88073913791013, 69.49367378687094, 11.87016560981522, 23.345204999058655, 70.4782896224345, 56.44481335201094, 46.018962553506604, 41.20356122899598, 30.377389755112056, 32.82145242545904, 47.28072825731006, 39.0227079755076, 40.762923091301886, 71.72484067587456, 63.1721961014427, 85.94357041902754, 71.54405646030888, 79.74272867773071, 80.68528649210766, 12.435640634746564, 30.17199289230481, 8.888871933042804, 20.698711070458913, 19.340506300554036, 57.35766166176345, 83.56773637312206, 21.9763620330199, 49.02084668255878, 63.84411961816482, 60.1614694442461, 96.2483413698949, 81.83451025119912, 45.730761087400104, 64.67339909879577, 55.35722468473828, 45.86116211924136, 27.857830012283422, 54.91372838837406, 50.44499886125112, 88.56507851151088, 13.480369489560434, 47.98093416577683, 71.50735439859932, 18.617395862907884, 83.86593634040811, 79.36900876358895, 44.042712053680546, 80.3171258644538, 59.71940493442032, 77.60813097862722, 66.58372769887104, 32.28717722480016, 39.733141466778754, 81.0018337447511, 80.59229846096731, 63.37131070342407, 53.78312922281176], [64.73311167768122, 78.79779839007674, 60.946403920644315, 42.156563209200435, 54.014432821022616, 44.327162695341734, 50.202952149400595, 56.40080620927489, 81.82769597867578, 12.983596214776583, 84.01589406557092, 37.17942604980483, 0.0, 57.138622672537124, 55.4170488355011, 89.7296994665507, 51.12153767687613, 22.225549195688846, 81.7732533512683, 80.41468950505103, 51.91963537945917, 36.254960187470246, 14.026224672805274, 81.58012873833901, 87.39841981029261, 66.41105372103179, 72.17746848599268, 19.949200437946903, 83.53434872079504, 53.59288853311144, 72.81803226219961, 41.40141841508547, 51.09593426374704, 79.69641568691411, 78.4703494497368, 74.56782868065137, 17.75821483138933, 39.5990746370516, 57.1316118441531, 83.00775875494111, 17.24558961514521, 74.41244291625362, 70.12205124681209, 37.58533517954675, 83.56913890479572, 57.54306610011203, 86.61537969618857, 81.6445512558985, 34.873483577749326, 45.19933920890018, 38.716167189428575, 48.85313290858646, 56.346543355685206, 23.803386797703926, 96.26540388446861, 21.6420554507089, 19.408011972342468, 84.47064041004, 93.8375811929206, 100.3236090180223, 79.3665767415001, 50.69525017524299, 43.748988370964874, 23.13869250236775, 70.9640523732363, 13.583576395833232, 80.2491359801567, 76.34448865197132, 100.50083270631119, 39.74144115157911, 50.48776960367982, 63.52216613083313, 35.07907841732901, 69.3835909304459, 49.66762243030909, 13.764546350315976, 49.949569638499725, 77.87976027459283, 58.444773575421735, 82.47110178969353, 42.90172255116592, 6.9562421748336885, 89.76289645769391, 56.24210975460247, 56.859084970727295, 60.63093996397443], [36.20381886291568, 56.33351328629036, 10.230783310152503, 73.23872060570568, 10.951472302673158, 52.78550255915357, 58.248659954858866, 84.75034983165355, 92.84783356529458, 69.41850476414601, 54.8037741124154, 75.0820145897488, 57.138622672537124, 0.0, 23.489026610306603, 46.05340217821441, 30.759171710279563, 75.43197403929805, 44.64202117110529, 77.01058825299977, 67.47284001022118, 43.49027947469365, 70.59839393419206, 77.67228957755192, 77.86483019818775, 81.07224664470337, 92.76442955376628, 63.26156795425704, 42.71595614628771, 26.569667327478445, 40.36622089738951, 85.5883442406278, 68.74433156146212, 52.67778461279421, 71.94538641018528, 80.436511367747, 40.083299197949536, 48.66221300746692, 66.05699143986612, 101.965615153638, 74.30039925820047, 90.05093600215316, 31.56665671575488, 21.770080154914417, 37.7973503299915, 7.786479749281682, 53.07515893579241, 41.28319526640869, 81.56234235761086, 53.63162869687944, 69.14615391659615, 68.66373030466067, 91.05698581656597, 40.306114518996516, 68.23509013173177, 54.36654958445844, 38.479814067447975, 73.1657208318037, 104.42208334173552, 58.7439427949858, 34.92860315253578, 40.02495984380177, 13.543667855896668, 38.37253362156274, 72.84724765201032, 68.35012569560679, 78.36896917670764, 77.02074345424157, 70.09570885385907, 65.8936593448389, 36.63915009385518, 19.08357305961123, 58.110253154532785, 13.062164955683054, 26.911309500891196, 43.53285336109862, 28.90739715178797, 65.54931774475632, 3.197820442824402, 64.48418866605766, 49.05175102611882, 50.19436154743961, 57.90466848854703, 14.150235341393778, 21.38843738129257, 42.5096142473949], [13.84550991252028, 34.03409376305627, 33.71864389884263, 56.87808064020055, 32.815183651016675, 33.453491889482194, 37.589617749964056, 66.15176137571314, 70.17946575333693, 68.38558614355424, 34.524173375081396, 60.81763096892468, 55.4170488355011, 23.489026610306603, 0.0, 34.42300336235253, 8.88575211669198, 68.00170510974414, 27.81711140678353, 53.54091979347914, 47.364004810400836, 27.556677928211904, 66.4731437378257, 54.19058496470745, 54.513064415452284, 59.49362052629998, 71.69086384133398, 53.658555296624, 28.53680239943659, 47.43525560938212, 20.32726854114261, 72.39633175305181, 49.015189845420075, 31.434460555163774, 48.45635980149368, 57.541285040037685, 38.098381767313356, 30.934438167435005, 44.54843486196441, 80.1915677391175, 72.04564912630546, 68.17218455748748, 14.906633416208965, 33.294798574343424, 28.20686328128446, 16.105257504285387, 34.67300468494242, 26.67042235646691, 69.9358930243518, 34.065843628019636, 53.27463159566478, 49.541979718138535, 73.82878639779265, 48.071105473939745, 48.25199576328866, 43.85805049574263, 41.60636040669638, 49.86024641020205, 81.4469742870338, 45.68761942645762, 23.974685038522765, 18.15017615311472, 25.306304345594107, 45.16428267719433, 49.78391472356669, 62.93307213389812, 54.93286180783491, 53.740413365018014, 51.123604624242965, 49.22415219256188, 14.806219159997593, 10.774974701310434, 42.31432317805649, 25.568476647015107, 46.448529398170116, 44.28828726232596, 48.417129261366945, 42.17817692575091, 26.668596161929692, 41.70358111837761, 30.070266669362468, 49.331389726319934, 38.96679550835797, 36.67245752980702, 2.7596589722225224, 19.023210709769245], [26.9468853483328, 30.280437819905398, 53.48908828452241, 83.31524674689106, 56.90734158999363, 59.09017799167036, 59.825061622003126, 88.43148426281459, 80.17986852730058, 102.6647203648205, 22.00242477223696, 89.20054609747645, 89.7296994665507, 46.05340217821441, 34.42300336235253, 0.0, 39.28443104229699, 100.59079348602832, 11.26857874539372, 57.88847548407878, 68.9844049255019, 58.219963359440854, 100.22051416989699, 57.82576659727445, 52.934789789503924, 75.43832547449848, 87.82823265046387, 85.79295431384212, 6.808210837003019, 72.40505843387312, 19.760619793955794, 101.0680376127347, 71.16531392959212, 24.30351048063115, 52.34746010303298, 67.85146704118908, 72.51892839561337, 59.25317534333505, 63.13231979548128, 93.23188830747613, 106.11499634016022, 81.99325940160205, 19.60765142322857, 64.47988102591843, 8.336900509275711, 39.611314415129264, 16.128212185369634, 8.561951844729817, 100.01569065366297, 59.18853000343009, 80.62367024302868, 72.76047996996728, 97.71373333360904, 81.33564871099863, 29.827270156249458, 76.11367565721848, 75.71425509803112, 48.58917582521811, 88.35305689584207, 12.698798126721691, 11.376125002571897, 43.72302318766603, 55.427602944931685, 78.61601611793583, 60.2776165304284, 96.39753155049972, 60.00997121341781, 61.45869506973498, 29.07604254713844, 76.070514111128, 42.06719110614812, 28.814182282852137, 70.93308849178558, 36.48275558037214, 72.96319932408697, 78.67439946501074, 74.95584669968768, 43.904538167787344, 48.04224455138198, 37.814445745280565, 56.97768129554522, 83.74013134056008, 19.941138610220552, 59.56850950339242, 33.375368648675796, 35.55470456592907], [13.687018040044101, 31.281297746451155, 40.87616262164271, 48.25780422446686, 38.8392816540952, 24.59527511798624, 28.74624749413048, 57.27630261861767, 62.124153306943825, 63.8988575267652, 34.115124448022065, 52.558442254656065, 51.12153767687613, 30.759171710279563, 8.88575211669198, 39.28443104229699, 0.0, 61.441313885257216, 30.665120681811654, 46.87320242207475, 38.49415625585777, 19.6397245784848, 60.99165692933523, 47.63736331601423, 49.05644576532726, 50.896671749654516, 62.98530602776423, 46.7612712078258, 32.77723933015429, 52.35092057402307, 21.72850213198441, 64.26380570960448, 40.13187462439285, 30.24222948485146, 42.145697454265594, 49.67734330208756, 34.80462555756029, 22.35783356535365, 35.89408432133619, 71.6884407282666, 67.05314550865711, 59.69248567210162, 20.051851768437782, 35.69395188628551, 34.33738025644561, 24.013386598086175, 35.82034118988274, 30.897930616087937, 62.18791150877943, 25.19073292473983, 44.76573269750827, 40.661870768477286, 65.03608775361613, 47.70432696140158, 47.4185140965674, 36.99613694097842, 39.97133508698339, 44.61843305928884, 73.6636057099068, 49.26015963904982, 30.085164881193656, 9.459553720854181, 29.186058223250473, 44.632244389536424, 42.11730727874155, 57.11817481544468, 48.06264407752987, 46.42125459747881, 50.99952669258271, 40.608510476331105, 6.047478131712677, 19.550057273212907, 33.9580329068533, 34.34553616554498, 50.78689603492337, 41.53136182041036, 52.6627398431503, 36.840051744041936, 33.94853347615559, 37.83209427879093, 21.273460493289626, 45.642285484486834, 39.42385646441944, 42.828375043473734, 11.643038016321958, 13.43474631687703], [73.89785720866062, 83.31297288839056, 80.7705534505222, 31.008537804563186, 74.14764071099889, 45.39218486783861, 49.034804417973625, 42.88835099743357, 72.44233515067, 19.66911323907768, 90.26608185885252, 23.228332998336864, 22.225549195688846, 75.43197403929805, 68.00170510974414, 100.59079348602832, 61.441313885257216, 0.0, 91.09014302700278, 77.27062018882074, 46.366119237172605, 42.50609177480964, 10.668981320524905, 78.4735018562113, 85.7719090243913, 57.735816436032366, 59.84346099819465, 14.90164643537024, 93.93846933872616, 75.41611502453932, 81.77705147593379, 21.819791040958485, 44.70454633890732, 85.73226382320686, 76.88927493987381, 68.4239911232295, 35.68676450530935, 42.80497706791739, 53.312964891735014, 70.12079412091647, 16.37391228066769, 63.990863555328865, 81.48638404851756, 58.07562813861606, 95.71370773431016, 74.21166196322146, 94.11549679915342, 92.09038909376095, 14.95480220864513, 45.87718565125276, 29.495209749941353, 42.037751531069745, 39.53690741194544, 45.98983026755173, 100.74642562241208, 24.477165738891212, 40.44801535683356, 83.92242679851503, 83.37407802962903, 109.59301881771906, 91.44680235218931, 57.58940990287403, 62.743985055210786, 45.10806142385098, 67.16587895874886, 8.6740053028923, 76.50350348641328, 72.13146981667616, 105.49607530639581, 32.8865816892636, 58.68762550608802, 77.71087492408758, 32.905476502521736, 86.61636810652263, 71.53300235536506, 34.59910434476004, 71.93533469348532, 78.69878754700791, 77.25142351439005, 84.78017455017586, 45.81337894471951, 28.074199625519835, 96.31481893761938, 76.81414917263486, 70.05978051264509, 67.17800928371196], [17.274382896003814, 19.781358867955827, 53.47809212697208, 72.4657314631873, 55.55073091630963, 48.43058583889287, 48.7897181687029, 77.22393600717922, 69.34330905362097, 94.56388894378281, 12.796266567338035, 78.59515482542797, 81.7732533512683, 44.64202117110529, 27.81711140678353, 11.26857874539372, 30.665120681811654, 91.09014302700278, 0.0, 47.388347681491574, 57.82380736051361, 48.58433059984023, 91.453153991294, 47.42237103320503, 43.28059014214581, 64.20118733222385, 76.61870801953539, 76.20710778599569, 5.3069941763771125, 71.14971088109377, 9.317533543654845, 90.44142248303132, 60.02103945948468, 13.810073751037232, 41.77327936317745, 56.87186333529696, 65.1317193220419, 49.0330594055569, 51.885414216749396, 82.21774953054818, 97.65841147689888, 70.87275422165693, 13.614744998107561, 60.31352621617535, 13.17624938853349, 37.27426222917234, 8.744945088733752, 4.925758640666999, 89.68497762797938, 48.45917317471196, 69.91955359327672, 61.676010561726144, 86.56351939431649, 75.87100368956628, 24.366816098894272, 66.68369958837634, 69.31682274945416, 38.71802324900384, 77.94686851592887, 18.633165138104715, 12.216293360233365, 33.629982571398905, 51.62238519476365, 72.97809178611608, 49.20264449299308, 87.42863216151203, 49.45884184035375, 50.63172832359758, 25.55986717606236, 65.33591550871992, 32.421091228701336, 25.713528186067332, 60.55447494951327, 37.849141167842234, 71.09486369785496, 71.63672706658326, 73.1114049088005, 33.34903335679318, 47.17278388825845, 27.927923238763924, 46.55923711731383, 76.16151047028308, 13.663472425130738, 58.74260750795306, 27.593530133381577, 24.812040777154415], [42.45116455710902, 27.652568191832714, 87.24024989888139, 47.664629433557664, 85.69127830771937, 36.37862835772274, 30.21266661640663, 43.26451460457725, 22.892441042287558, 90.12058245942195, 36.10683048613434, 55.954775335067865, 80.41468950505103, 77.01058825299977, 53.54091979347914, 57.88847548407878, 46.87320242207475, 77.27062018882074, 47.388347681491574, 0.0, 30.93967000455241, 46.65221578251393, 83.1118083249255, 1.203302445324648, 9.65546895411707, 24.77578997230568, 34.419464127496276, 64.6012851259263, 52.69473030417063, 99.01740670869793, 42.93087877353728, 65.43806296080635, 32.75046204496211, 33.654872382384816, 5.65755347580619, 12.744384654079383, 70.90333836350017, 41.67828053591177, 24.040159870345885, 36.69861789188386, 90.48394253072496, 27.212313511791525, 51.53564017628096, 81.01240152235381, 60.19940009834978, 69.60807120935216, 42.25651949940699, 51.99471911324236, 68.29861384052228, 35.42423845227709, 48.025749425491995, 35.43715030942632, 53.074779064585044, 88.24059848177193, 36.16176386977695, 58.94050807985975, 78.90593035845974, 10.971606138692417, 30.562574677293753, 57.674301379988776, 57.906079009711306, 38.78660604744373, 75.72161096127417, 85.17200169526242, 10.129114435639359, 78.33674985814187, 2.2040751752251615, 5.963227649249904, 41.0269594012794, 44.38416843391786, 41.722806483940566, 60.983538247776515, 45.97166484158963, 77.09803254423167, 97.17380028108077, 77.55527171361527, 98.96786457673365, 14.039320079155807, 80.1985707614534, 20.502535449053397, 38.622792252614076, 78.15950550140494, 40.11715069673035, 89.66760473373961, 55.81310187251073, 34.52795657024026], [43.87524307581346, 43.21242591752826, 76.90196549222254, 17.2990071058412, 73.01305597665399, 14.725455804111995, 9.864149496224414, 19.58303175307292, 30.55236633827534, 60.26199776414776, 51.884130939235284, 25.38313763402481, 51.91963537945917, 67.47284001022118, 47.364004810400836, 68.9844049255019, 38.49415625585777, 46.366119237172605, 57.82380736051361, 30.93967000455241, 0.0, 25.444414930736304, 52.7110376505534, 32.140632005736556, 39.73431870200858, 15.50174880391263, 25.56488078214058, 34.30481077050735, 62.33115471429096, 83.03869945671804, 49.4601072466229, 35.90487277396416, 2.283780439093397, 47.59620245124157, 31.077261582419833, 22.787610313885146, 46.56292782401889, 19.55367238067535, 7.477349643200874, 35.602305156883304, 60.08846150284182, 24.53934094340933, 54.150558700802044, 63.093668049231574, 67.41748375403232, 61.77935833096527, 57.260179404930064, 60.844223592914524, 37.81850737567408, 13.845808838915898, 17.11551397404562, 4.709447601309129, 28.740385193518286, 64.73216326899549, 59.03190411540874, 30.396666997573014, 55.20673804824061, 38.461018695130505, 42.89622089967548, 74.12748421484152, 63.69646988093647, 29.351030280625586, 60.92860330176355, 61.938526256896594, 20.81635408218195, 47.95008372168936, 30.137678397966255, 25.781709267859327, 64.10553511064447, 13.508162961600586, 32.588707098207614, 57.8265604884655, 16.94120957620646, 72.7970758803096, 80.25978316479596, 52.272749264815175, 81.71497779013977, 34.593366270177995, 70.50460391516825, 41.733564531576185, 18.480832533980244, 51.102639323167224, 57.737297029611845, 76.9305985211672, 50.123609366831104, 34.0226359030778], [31.407711481021494, 42.70236313566963, 52.33015992054363, 30.051575719299528, 47.92781120376284, 11.441102783353562, 18.224541685458625, 41.31504608135096, 54.680618676617726, 48.05868532304254, 48.57972738298688, 33.30532703228919, 36.254960187470246, 43.49027947469365, 27.556677928211904, 58.219963359440854, 19.6397245784848, 42.50609177480964, 48.58433059984023, 46.65221578251393, 25.444414930736304, 0.0, 43.54308361865829, 47.72842813674089, 52.363784613065455, 40.56231033466178, 50.94695490722962, 27.63126181933263, 51.51359843243331, 57.600222894392644, 39.272542761690644, 44.83980235365548, 26.22255004197618, 44.12369040356189, 43.7070083023823, 44.16919293810511, 24.271228303836217, 5.948014554148688, 26.70228328377742, 61.0358402987114, 50.24732195041376, 49.739115064389736, 39.50814591379129, 37.71999078222302, 53.84493644920009, 38.91074725085304, 51.93119195286983, 49.6829342135685, 42.55387463527407, 12.491305140709864, 26.156932908060057, 25.650386367686508, 47.68285293679322, 41.719736148358585, 60.25592492689126, 18.140849112567118, 32.29654551601955, 48.97871600119667, 67.02641142201851, 67.10804176065137, 49.61907898586925, 15.234813522719204, 35.643327493814134, 38.6950939148181, 38.45394419648682, 39.2447325933391, 46.98281494564594, 43.763189291028525, 64.6596414652556, 22.529419540271462, 16.193304688287355, 38.20833151276022, 15.024328957169763, 50.9590329910874, 54.86668993888101, 31.023470688594635, 56.360326375619515, 41.995550814034765, 46.33878951270172, 46.24221117036022, 8.224180833250488, 32.514398236360876, 54.522490223048635, 51.77941403775327, 30.077206809524924, 25.109023512312692], [74.18777179856684, 85.91480018829142, 74.83263584166214, 39.11589637070502, 67.94856841544858, 48.89718543574286, 53.61732870567079, 52.10299229353537, 80.59088884866718, 9.1080683556919, 92.11741577101344, 32.111530734097684, 14.026224672805274, 70.59839393419206, 66.4731437378257, 100.22051416989699, 60.99165692933523, 10.668981320524905, 91.453153991294, 83.1118083249255, 52.