instance_id,num_cities,city_coordinates,distance_matrix,best_route,total_distance
1098,43,"[[61.423167935260736, 95.78787858223806], [78.87467747933817, 40.67946138346558], [65.39792454468196, 36.37386902069514], [41.83761266930778, 38.45752311592203], [1.650628432844714, 2.101958919770308], [18.73126478300008, 63.273084099609655], [16.94906519269712, 73.75366837054213], [46.39546774762312, 44.66969551931966], [60.29505055055117, 37.26121320827469], [97.80983705682736, 36.16040580352713], [39.43050769574641, 19.239244989255376], [25.700259529344606, 9.945179444567353], [12.957299733583982, 74.35401009663136], [16.18807312071936, 5.595028811210712], [86.35790454372561, 0.5225087127263106], [46.81136642217205, 22.36573473467103], [46.47587263939306, 28.290907674956355], [48.625389368293526, 29.325353712638137], [69.05772647367252, 55.69385634357384], [94.95475849637549, 83.27559752932638], [16.076054042824072, 17.37766136535167], [17.08067082061653, 99.83961993530603], [87.90611009740837, 4.033571690311932], [10.831284168811717, 92.7191079701281], [36.443604863040726, 4.985133851297308], [69.09312413740525, 83.55331642817441], [34.733605679866564, 38.658609724728585], [95.26550456881347, 82.23871581605205], [38.548609893329164, 57.55675478254854], [96.95593165559964, 56.584327004279054], [76.83609154155825, 80.49537477176489], [34.899027933361815, 81.18749372198329], [7.5135828549362955, 52.32099829784409], [21.221474246872507, 83.72629430692056], [44.15239972758389, 54.11310901384139], [91.2322201318762, 31.571863695415715], [56.2332793490871, 97.63140684403373], [30.64820550998546, 38.682148009253524], [61.37142152490572, 37.48317225882389], [18.435954421311763, 24.509131076734857], [23.51058059258945, 33.15892207096836], [85.2455440427054, 98.06911157953687], [69.77163167485809, 53.17629738950811]]","[[0.0, 57.80564705563799, 59.546815383219716, 60.583526085643534, 111.12969009931706, 53.66386544975647, 49.63317675113401, 53.28133268400446, 58.5375367489064, 69.85288254423209, 79.64527863824341, 92.97900397518853, 52.99387793698992, 100.90076289453741, 98.474523538367, 74.86197933952005, 69.13221187203763, 67.68345697651174, 40.814422736955834, 35.79000897883784, 90.57882148920315, 44.52722378898544, 95.49973329167689, 50.68487009066549, 94.17598962554844, 14.439970195414595, 63.05621375866271, 36.45385522113274, 44.55181514372769, 52.9102613292651, 21.712182913905725, 30.27707451039303, 69.25036494626275, 41.97210967589764, 45.11170416934238, 70.79743046753275, 5.507589308303112, 64.87035360279306, 58.30472928631568, 83.23797433651973, 73.21031670950612, 23.931352393722246, 43.4216961731804], [57.80564705563799, 0.0, 14.14782652056888, 37.10365452899709, 86.3236783708366, 64.2471935433876, 70.20459119530126, 32.72340192057771, 18.891451966434534, 19.46694972407217, 44.89460333879089, 61.41754481107401, 74.0207803249319, 71.83681350763761, 40.84825008610741, 36.9249035166696, 34.686579797458684, 32.30998595211285, 17.9389125385505, 45.530207775401074, 66.98239313136902, 85.54778558686974, 37.74239004802858, 85.66229152944562, 55.44800214023237, 43.975518554939, 44.18730656006007, 44.674722625546714, 43.71538355579298, 24.081040322268205, 39.86806731671685, 59.78928362950109, 72.30443421894454, 71.95082812382245, 37.23035671232646, 15.351130123110412, 61.2874946545873, 48.26781390663523, 17.792701682843948, 62.564517317035126, 55.87254903471038, 57.74218466940488, 15.46080053167958], [59.546815383219716, 14.14782652056888, 0.0, 23.6522707166448, 72.37597380026146, 53.864133754979115, 61.19265782708927, 20.734370056005275, 5.1794500390685805, 32.41261543350138, 31.111124674385767, 47.69046278220903, 64.74959649856022, 58.04262642066992, 41.52879479941734, 23.274191049673952, 20.576158835486144, 18.19339177534253, 19.663571911421304, 55.438060665442976, 52.85359793890071, 79.76502082110396, 39.40194472730443, 78.43662533649858, 42.703692156080244, 47.32393430078659, 30.749316927823624, 54.73259091308816, 34.1994202647805, 37.47493061659944, 45.58002779716255, 54.20741326955104, 60.0408856117007, 64.75963975658287, 27.67766175615941, 26.276797438625128, 61.939298201859685, 34.82629932794135, 4.1765153228965985, 48.43757471578408, 42.010539954283594, 64.80918880940138, 17.362341810644217], [60.583526085643534, 37.10365452899709, 23.6522707166448, 0.0, 54.1915191708282, 33.90745315676475, 43.188628889219714, 7.704876954530815, 18.496166374010954, 56.01934175651965, 19.36843743071851, 32.7622939977853, 46.0720115994686, 41.68743708818983, 58.49035566958044, 16.842917790605526, 11.174682325443403, 11.378507394450658, 32.218407450667414, 69.49885592539943, 33.28691145614018, 66.18661480725322, 57.50925914177363, 62.49569583556039, 33.904220434875576, 52.69244234089913, 7.106852406675615, 69.07483237092352, 19.380355763397738, 58.0224965602272, 54.69985827413095, 43.289656341125664, 37.018035696368756, 49.74220349558301, 15.825789362060082, 49.87223227444735, 60.8997843561321, 11.191661579935207, 19.558094181176354, 27.24326062047016, 19.077611951568958, 73.74137227684996, 31.57454249738585], [111.12969009931706, 86.3236783708366, 72.37597380026146, 54.1915191708282, 0.0, 63.51105961872958, 73.26670208568846, 61.75850422827575, 68.37646823025777, 102.01260317884406, 41.48500754425382, 25.296261859775495, 73.13138666240856, 14.951215178690399, 84.72200002998953, 49.49861478887291, 51.91496465450455, 54.293106275022716, 86.11508773594353, 123.67222926763743, 21.01047332248821, 98.94815101292295, 86.27710730594296, 91.08101965699058, 34.91223147491379, 105.74882442288201, 49.303875117505946, 123.2300484452008, 66.6085236290421, 109.77900188322518, 108.62035496082434, 85.79031346427186, 50.56012411586871, 83.93777536526947, 67.16814942588715, 94.30449013073341, 110.02336661709154, 46.679435623913285, 69.41472023201119, 27.996937914903384, 37.978842381004746, 127.27059481845235, 85.14140668804889], [53.66386544975647, 64.2471935433876, 53.864133754979115, 33.90745315676475, 63.51105961872958, 0.0, 10.631033912079918, 33.337579281302396, 49.03229256926869, 83.59735592262348, 48.65632172654901, 53.78133786613959, 12.495022742810434, 57.7340963875135, 92.25506553415846, 49.61757088100316, 44.64880661910901, 45.233915187031464, 50.89398235234284, 78.8043243570997, 45.97216518754572, 36.6037703447599, 91.0740306276364, 30.4873418895071, 60.919718772009695, 54.29184746288757, 29.358938382223606, 78.84912837816348, 20.62531425416293, 78.51011386318014, 60.60345030308309, 24.131362112495598, 15.67751801939464, 20.60424594491162, 27.02108890186766, 79.12872993808892, 50.861532009220994, 27.32631724346445, 49.832745456474534, 38.76507786873857, 30.4910579399117, 75.06605673553071, 52.02945468025547], [49.63317675113401, 70.20459119530126, 61.19265782708927, 43.188628889219714, 73.26670208568846, 10.631033912079918, 0.0, 41.388018800582834, 56.66192487388155, 89.17240501912825, 58.968106749429346, 64.40579679915479, 4.036657239431224, 68.16288766999584, 100.89791734662016, 59.43464274381223, 54.209731304059765, 54.56431669707961, 55.1495185014779, 78.58470158174833, 56.382766110905614, 26.086283542898716, 99.47760603628264, 19.927748088074484, 71.47830731685781, 53.056912700256625, 39.344034130892844, 78.77474663053803, 26.997784002609052, 81.82838727583471, 60.26530121147222, 19.428405023238014, 23.417678650782673, 10.849274039912887, 33.55254061410325, 85.42418716832255, 45.97168559552251, 37.652064828971014, 57.34888517047111, 49.26697974160122, 41.12161124603196, 72.49586058361868, 56.68907942675923], [53.28133268400446, 32.72340192057771, 20.734370056005275, 7.704876954530815, 61.75850422827575, 33.337579281302396, 41.388018800582834, 0.0, 15.750682913718988, 52.11377344743456, 26.36699608765256, 40.42380066029955, 44.71319281889753, 49.38943478614927, 59.54805166937652, 22.3078380483326, 16.37898520047209, 15.505527269803105, 25.20139068475037, 62.03563804804548, 40.79365116858396, 62.47461787748113, 58.08982689024159, 59.77923711871292, 40.91337201522991, 45.0235447357507, 13.119915370051512, 61.64180225269853, 15.088057351411015, 51.94534583590894, 47.011816289768824, 38.284692946050846, 39.6275586810089, 46.46663165790547, 9.706153335438184, 46.71067932340628, 53.86766565898551, 16.847165730953925, 16.610999612092936, 34.47002674915988, 25.616712620433844, 66.03655096767166, 24.87583798248523], [58.5375367489064, 18.891451966434534, 5.1794500390685805, 18.496166374010954, 68.37646823025777, 49.03229256926869, 56.66192487388155, 15.750682913718988, 0.0, 37.53093368880968, 27.57028267949617, 44.07907969072124, 60.13932351972509, 54.297078119034644, 45.04447542463732, 20.09191421023624, 16.47531667377965, 14.112365430471804, 20.409478736286765, 57.607455414514575, 48.48376311756946, 76.04958648103714, 43.202393106705756, 74.31179096270057, 40.1327392541571, 47.1207482894908, 25.599612905300845, 56.97287420409837, 29.745868436661187, 41.44156042153619, 46.2903744115788, 50.739295270449006, 54.88788991250486, 60.71036259703229, 23.336057246971315, 31.455955868215668, 60.506679506580795, 29.680877287707457, 1.099017877267551, 43.758422360117635, 37.012511704333306, 65.72767780647496, 18.522837101840427], [69.85288254423209, 19.46694972407217, 32.41261543350138, 56.01934175651965, 102.01260317884406, 83.59735592262348, 89.17240501912825, 52.11377344743456, 37.53093368880968, 0.0, 60.78216662765498, 76.72697872484974, 93.05216009900383, 87.15706866757375, 37.43269249385016, 52.83121195819509, 51.93365867725853, 49.657102528352254, 34.75974040447391, 47.201618244983656, 83.86419244474953, 102.82140143780727, 33.61870428533453, 103.75044796656836, 68.83103976373758, 55.414236242795134, 63.12568405610984, 46.14850248296165, 63.00552987282789, 20.441763907470655, 49.04576917894016, 77.36412961434709, 91.73101041992236, 90.15703559360485, 56.58109342615534, 8.019960292253039, 74.2111455224013, 67.20895725858192, 36.46241678183505, 80.2244691312806, 74.35985755591128, 63.17079475363006, 32.797584171815906], [79.64527863824341, 44.89460333879089, 31.111124674385767, 19.36843743071851, 41.48500754425382, 48.65632172654901, 58.968106749429346, 26.36699608765256, 27.57028267949617, 60.78216662765498, 0.0, 16.580089537150787, 61.14301327747209, 26.951352472327404, 50.52224056564462, 8.015735379092975, 11.470386417417535, 13.648276013916217, 46.975640299090145, 84.75610227946667, 23.428529595672106, 83.64170998843142, 50.80449319379357, 78.84926030110495, 14.563697087803133, 70.82492922139316, 19.979304674490468, 84.18123425248535, 38.327657122409995, 68.58447019894301, 71.77388897626844, 62.11376522067252, 45.9683858022472, 67.00856981641373, 35.192082296528646, 53.24951544818995, 80.17271465717046, 21.334369208558165, 28.534971208604716, 21.645853334255136, 21.147139027040918, 91.17656180244323, 45.5226024073023], [92.97900397518853, 61.41754481107401, 47.69046278220903, 32.7622939977853, 25.296261859775495, 53.78133786613959, 64.40579679915479, 40.42380066029955, 44.07907969072124, 76.72697872484974, 16.580089537150787, 0.0, 65.65729578898777, 10.45970844743428, 61.38514985247942, 24.493856943219637, 27.716273999253744, 30.019206065341884, 63.03024177201114, 100.86394719452554, 12.160062448423432, 90.30674249827966, 62.4861180674272, 84.09880897983498, 11.833068969898205, 85.44646586659358, 30.100870770275566, 100.3278561442261, 49.31472612962542, 85.16208601990043, 87.13325069275825, 71.83372942951553, 46.11361221966017, 73.91692923774801, 47.867394751875, 69.00834248188872, 92.85009302560614, 29.159827360859, 45.06409708794362, 16.27509802878946, 23.316786669068623, 106.35538690026847, 61.73504192561725], [52.99387793698992, 74.0207803249319, 64.74959649856022, 46.0720115994686, 73.13138666240856, 12.495022742810434, 4.036657239431224, 44.71319281889753, 60.13932351972509, 93.05216009900383, 61.14301327747209, 65.65729578898777, 0.0, 68.83484149824018, 104.10926655728663, 62.03933112523361, 56.96757090092362, 57.44382050262159, 59.12240876780806, 82.48137951001375, 57.06164160966454, 25.817019540809266, 102.7729936929419, 18.48774626840083, 73.23692729883209, 56.88460264850432, 41.813503899775476, 82.68499965217367, 30.611483821905146, 85.85762518246646, 64.17333093208968, 22.981208298322322, 22.695542786643646, 12.495450840386834, 37.186399937059534, 89.20356054583266, 49.13906400225201, 39.81770827120038, 60.85545063251795, 50.14506577616066, 42.52536906754807, 76.07888211349936, 60.63302589710271], [100.90076289453741, 71.83681350763761, 58.04262642066992, 41.68743708818983, 14.951215178690399, 57.7340963875135, 68.16288766999584, 49.38943478614927, 54.297078119034644, 87.15706866757375, 26.951352472327404, 10.45970844743428, 68.83484149824018, 0.0, 70.35293669835428, 34.9147915617147, 37.84777030527937, 40.19089206863224, 72.83606775340701, 110.62758011200232, 11.78316503235505, 94.24881795970583, 71.73503311583634, 87.28860382183109, 20.26471164429231, 94.21485568235708, 37.90959193564516, 110.12490600279352, 56.56867128260694, 95.51625779170828, 96.37553612502043, 77.87374770284997, 47.52434119308714, 78.29322943178332, 56.000068474282195, 79.41297092562002, 100.37087935887186, 36.108903134000016, 55.30270034591119, 19.047210684303845, 28.519946130925746, 115.41399513916924, 71.66013443222727], [98.474523538367, 40.84825008610741, 41.52879479941734, 58.49035566958044, 84.72200002998953, 92.25506553415846, 100.89791734662016, 59.54805166937652, 45.04447542463732, 37.43269249385016, 50.52224056564462, 61.38514985247942, 104.10926655728663, 70.35293669835428, 0.0, 45.17803891765613, 48.59691810952396, 47.46942786207938, 57.820184716579476, 83.19843512092815, 72.27471674641401, 121.0917986237076, 3.837252098706386, 119.1825629019879, 50.113394773659316, 84.80676666609911, 64.18278923187025, 82.20026667572661, 74.42199862756615, 57.05476008905037, 80.53771929068496, 95.68101059533338, 94.3372173951768, 105.66751860918023, 68.21478635471372, 31.42962610808387, 101.67414194078106, 67.52576277000485, 44.61406710240169, 72.03297412203129, 70.81611119448097, 97.5529449926525, 55.20440118051935], [74.86197933952005, 36.9249035166696, 23.274191049673952, 16.842917790605526, 49.49861478887291, 49.61757088100316, 59.43464274381223, 22.3078380483326, 20.09191421023624, 52.83121195819509, 8.015735379092975, 24.493856943219637, 62.03933112523361, 34.9147915617147, 45.17803891765613, 0.0, 5.934663465654375, 7.19214679824704, 40.07074026666852, 77.63889222595988, 31.137442139549837, 82.98263161067818, 44.998290629959946, 79.02001926452627, 20.23797832823557, 65.11832983407594, 20.281274121465312, 77.023226153578, 36.14804334213752, 60.70740876831388, 65.42582952731135, 60.01585739313769, 49.41288909218392, 66.48278613718773, 31.85852911709291, 45.36479973218, 75.85310699817421, 22.966782813885978, 20.98885708873415, 28.45624982491085, 25.67916496213392, 84.90104401644585, 38.42479084629275], [69.13221187203763, 34.686579797458684, 20.576158835486144, 11.174682325443403, 51.91496465450455, 44.64880661910901, 54.209731304059765, 16.37898520047209, 16.47531667377965, 51.93365867725853, 11.470386417417535, 27.716273999253744, 56.96757090092362, 37.84777030527937, 48.59691810952396, 5.934663465654375, 0.0, 2.3854770534839562, 35.508614705837886, 73.30428699820763, 32.29934853396275, 77.35176866808486, 48.00919625342066, 73.63103748088756, 25.37332241264412, 59.71158921459122, 15.664293126140066, 72.73784563098353, 30.320476605259593, 57.86841915608712, 60.390804570308156, 54.14861169760576, 45.776689270765104, 60.91688377784521, 25.926523260125467, 44.87644497145569, 70.02365179505567, 18.933909328093186, 17.503574057332486, 28.293795219368207, 23.47556608379788, 79.82534159569897, 34.08775455033037], [67.68345697651174, 32.30998595211285, 18.19339177534253, 11.378507394450658, 54.293106275022716, 45.233915187031464, 54.56431669707961, 15.505527269803105, 14.112365430471804, 49.657102528352254, 13.648276013916217, 30.019206065341884, 57.44382050262159, 40.19089206863224, 47.46942786207938, 7.19214679824704, 2.3854770534839562, 0.0, 33.35833225126086, 71.11286277239992, 34.6728507993684, 77.24850166296716, 46.71883195097642, 73.80489459845143, 27.218416130091548, 57.962057476044606, 16.735929069916253, 70.53456057143032, 29.975881821177524, 55.48777291169179, 58.43128248036422, 53.64787567640773, 47.10605380076783, 60.913355690888466, 25.188101341669753, 42.66601498639514, 68.72842850195904, 20.266443668897274, 15.133120602502458, 30.57119531350763, 25.405705386746757, 77.88928022546268, 31.87524239853188], [40.814422736955834, 17.9389125385505, 19.663571911421304, 32.218407450667414, 86.11508773594353, 50.89398235234284, 55.1495185014779, 25.20139068475037, 20.409478736286765, 34.75974040447391, 46.975640299090145, 63.03024177201114, 59.12240876780806, 72.83606775340701, 57.820184716579476, 40.07074026666852, 35.508614705837886, 33.35833225126086, 0.0, 37.83396244675861, 65.38492495353087, 68.19430150282344, 54.99133182314793, 69.00136115679851, 60.291421157837966, 27.85948257236753, 38.31898870837618, 37.30250926007212, 30.565938315499427, 27.912412836773576, 25.992658184056605, 42.62325929289852, 61.63649718438154, 55.44478880178833, 24.955441539870492, 32.76551080504484, 43.85458454973563, 42.00820778266908, 19.766342570136796, 59.45629399558467, 50.816982993712955, 45.36196307437876, 2.6168232121173873], [35.79000897883784, 45.530207775401074, 55.438060665442976, 69.49885592539943, 123.67222926763743, 78.8043243570997, 78.58470158174833, 62.03563804804548, 57.607455414514575, 47.201618244983656, 84.75610227946667, 100.86394719452554, 82.48137951001375, 110.62758011200232, 83.19843512092815, 77.63889222595988, 73.30428699820763, 71.11286277239992, 37.83396244675861, 0.0, 102.78320877916781, 79.61620670188695, 79.5548999328344, 84.65186839276386, 97.73920299667117, 25.863125478252762, 74.94840123248093, 1.0824448294755402, 61.992842106669315, 26.76618419301599, 18.330731867583715, 60.092020692996634, 92.7585382115237, 73.73466168501311, 58.57755878225731, 51.83756730637585, 41.29699999314875, 78.25540554550003, 56.78720572711641, 96.48121556241688, 87.26942027621253, 17.69510958601645, 39.24484355193041], [90.57882148920315, 66.98239313136902, 52.85359793890071, 33.28691145614018, 21.01047332248821, 45.97216518754572, 56.382766110905614, 40.79365116858396, 48.48376311756946, 83.86419244474953, 23.428529595672106, 12.160062448423432, 57.06164160966454, 11.78316503235505, 72.27471674641401, 31.137442139549837, 32.29934853396275, 34.6728507993684, 65.38492495353087, 102.78320877916781, 0.0, 82.46807786084923, 73.05902875114222, 75.52377895425867, 23.841389737192387, 84.79402717413198, 28.30164299406262, 102.36173825734322, 46.036673579678876, 89.88168463697265, 87.61066089524549, 66.52818238510125, 35.97711368107643, 66.54785077139059, 46.236071426377265, 76.48480032654844, 89.73999335666932, 25.81140735299194, 49.5570568499013, 7.511790069002337, 17.444780723121962, 106.28042380660708, 64.53493161403227], [44.52722378898544, 85.54778558686974, 79.76502082110396, 66.18661480725322, 98.94815101292295, 36.6037703447599, 26.086283542898716, 62.47461787748113, 76.04958648103714, 102.82140143780727, 83.64170998843142, 90.30674249827966, 25.817019540809266, 94.24881795970583, 121.0917986237076, 82.98263161067818, 77.35176866808486, 77.24850166296716, 68.19430150282344, 79.61620670188695, 82.46807786084923, 0.0, 119.14294661906203, 9.473991987013614, 96.81062309990922, 54.50265114613723, 63.67685701675065, 80.1415001983889, 47.420597777294795, 90.83544275229542, 62.808519537431664, 25.79526434202685, 48.47214225168236, 16.63687217662254, 53.139366829716344, 100.79156119085198, 39.214830863337056, 62.64434826808505, 76.48527416947232, 75.34267944073683, 66.98999333744406, 68.18786285858575, 70.38325814251844], [95.49973329167689, 37.74239004802858, 39.40194472730443, 57.50925914177363, 86.27710730594296, 91.0740306276364, 99.47760603628264, 58.08982689024159, 43.202393106705756, 33.61870428533453, 50.80449319379357, 62.4861180674272, 102.7729936929419, 71.73503311583634, 3.837252098706386, 44.998290629959946, 48.00919625342066, 46.71883195097642, 54.99133182314793, 79.5548999328344, 73.05902875114222, 119.14294661906203, 0.0, 117.49746013068565, 51.471301863694265, 81.71485938252651, 63.45241118285658, 78.5506540692917, 72.80723834015929, 53.324301723543904, 77.25899715433637, 93.60811099693876, 93.77970998467323, 103.91232215943545, 66.50073104609652, 27.738430642697697, 98.8115527308173, 66.92526786402836, 42.69619978209652, 72.42479590477303, 70.67581096104954, 94.07317031964773, 52.3819319689946], [50.68487009066549, 85.66229152944562, 78.43662533649858, 62.49569583556039, 91.08101965699058, 30.4873418895071, 19.927748088074484, 59.77923711871292, 74.31179096270057, 103.75044796656836, 78.84926030110495, 84.09880897983498, 18.48774626840083, 87.28860382183109, 119.1825629019879, 79.02001926452627, 73.63103748088756, 73.80489459845143, 69.00136115679851, 84.65186839276386, 75.52377895425867, 9.473991987013614, 117.49746013068565, 0.0, 91.39606767267236, 58.978417502647126, 59.10886942040661, 85.08217318721526, 44.77321997586374, 93.3979512632551, 67.1271498696179, 26.687720342585592, 40.53411411517437, 13.741424505465405, 50.99725382306248, 101.01136562846848, 45.66696668902286, 57.55608928041785, 74.86864549246354, 68.63258670228377, 60.89482984740569, 74.60633090562804, 70.97604125864093], [94.17598962554844, 55.44800214023237, 42.703692156080244, 33.904220434875576, 34.91223147491379, 60.919718772009695, 71.47830731685781, 40.91337201522991, 40.1327392541571, 68.83103976373758, 14.563697087803133, 11.833068969898205, 73.23692729883209, 20.26471164429231, 50.113394773659316, 20.23797832823557, 25.37332241264412, 27.218416130091548, 60.291421157837966, 97.73920299667117, 23.841389737192387, 96.81062309990922, 51.471301863694265, 91.39606767267236, 0.0, 85.08202173362241, 33.71686632243594, 97.09856750426891, 52.61374700129912, 79.52495474936255, 85.6349780401751, 76.21801209526019, 55.47639350472648, 80.19902499652906, 49.72910075433855, 60.89865816978736, 94.73628193943605, 34.19174486367865, 40.95752121240526, 26.560533543029486, 31.000410633198992, 105.10117115145334, 58.59305090482826], [14.439970195414595, 43.975518554939, 47.32393430078659, 52.69244234089913, 105.74882442288201, 54.29184746288757, 53.056912700256625, 45.0235447357507, 47.1207482894908, 55.414236242795134, 70.82492922139316, 85.44646586659358, 56.88460264850432, 94.21485568235708, 84.80676666609911, 65.11832983407594, 59.71158921459122, 57.962057476044606, 27.85948257236753, 25.863125478252762, 84.79402717413198, 54.50265114613723, 81.71485938252651, 58.978417502647126, 85.08202173362241, 0.0, 56.534159572972925, 26.205374872643056, 40.109706653145615, 38.7770864473097, 8.32493551901637, 34.27584181735742, 69.04706800692887, 47.871962405862156, 38.58452470467413, 56.49965486319741, 19.067465425083213, 59.08835353560034, 46.71276993521818, 77.79694510364946, 67.95118290835437, 21.716559987103256, 30.384595737871443], [63.05621375866271, 44.18730656006007, 30.749316927823624, 7.106852406675615, 49.303875117505946, 29.358938382223606, 39.344034130892844, 13.119915370051512, 25.599612905300845, 63.12568405610984, 19.979304674490468, 30.100870770275566, 41.813503899775476, 37.90959193564516, 64.18278923187025, 20.281274121465312, 15.664293126140066, 16.735929069916253, 38.31898870837618, 74.94840123248093, 28.30164299406262, 63.67685701675065, 63.45241118285658, 59.10886942040661, 33.71686632243594, 56.534159572972925, 0.0, 74.58777667977978, 19.279370938263057, 64.75298595290229, 59.35431092460653, 42.529205712943885, 30.45637050130107, 47.049695955047895, 18.09848694202097, 56.94133300407371, 62.76963253005151, 4.085467977955884, 26.6637372892562, 21.58289096843848, 12.498114113680279, 77.98117495787947, 37.92659384597822], [36.45385522113274, 44.674722625546714, 54.73259091308816, 69.07483237092352, 123.2300484452008, 78.84912837816348, 78.77474663053803, 61.64180225269853, 56.97287420409837, 46.14850248296165, 84.18123425248535, 100.3278561442261, 82.68499965217367, 110.12490600279352, 82.20026667572661, 77.023226153578, 72.73784563098353, 70.53456057143032, 37.30250926007212, 1.0824448294755402, 102.36173825734322, 80.1415001983889, 78.5506540692917, 85.08217318721526, 97.09856750426891, 26.205374872643056, 74.58777667977978, 0.0, 61.854711559341744, 25.710021568278854, 18.51168556684833, 60.375628934774575, 92.71175538181616, 74.05897188108275, 58.340374051792686, 50.827131407976104, 41.95771136139758, 77.92669591844795, 56.14149574503926, 96.10142938604756, 86.93443085966368, 18.73502172332132, 38.65956181764964], [44.55181514372769, 43.71538355579298, 34.1994202647805, 19.380355763397738, 66.6085236290421, 20.62531425416293, 26.997784002609052, 15.088057351411015, 29.745868436661187, 63.00552987282789, 38.327657122409995, 49.31472612962542, 30.611483821905146, 56.56867128260694, 74.42199862756615, 36.14804334213752, 30.320476605259593, 29.975881821177524, 30.565938315499427, 61.992842106669315, 46.036673579678876, 47.420597777294795, 72.80723834015929, 44.77321997586374, 52.61374700129912, 40.109706653145615, 19.279370938263057, 61.854711559341744, 0.0, 58.41541621203554, 44.63307672537436, 23.91090277062405, 31.473577001048056, 31.38589537719736, 6.577321391480826, 58.743317514227044, 43.803256404159235, 20.461357977096007, 30.394562772101356, 38.68674634467378, 28.660016857499542, 61.82115100997123, 31.528804229498967], [52.9102613292651, 24.081040322268205, 37.47493061659944, 58.0224965602272, 109.77900188322518, 78.51011386318014, 81.82838727583471, 51.94534583590894, 41.44156042153619, 20.441763907470655, 68.58447019894301, 85.16208601990043, 85.85762518246646, 95.51625779170828, 57.05476008905037, 60.70740876831388, 57.86841915608712, 55.48777291169179, 27.912412836773576, 26.76618419301599, 89.88168463697265, 90.83544275229542, 53.324301723543904, 93.3979512632551, 79.52495474936255, 38.7770864473097, 64.75298595290229, 25.710021568278854, 58.41541621203554, 0.0, 31.249738743765178, 66.7560867047361, 89.54389834398901, 80.45119283175337, 52.86132709674665, 25.658998312171878, 57.820387185216134, 68.68189397047594, 40.387021106430744, 84.81865961369252, 77.09065565331761, 43.10592220681255, 27.397095307679994], [21.712182913905725, 39.86806731671685, 45.58002779716255, 54.69985827413095, 108.62035496082434, 60.60345030308309, 60.26530121147222, 47.011816289768824, 46.2903744115788, 49.04576917894016, 71.77388897626844, 87.13325069275825, 64.17333093208968, 96.37553612502043, 80.53771929068496, 65.42582952731135, 60.390804570308156, 58.43128248036422, 25.992658184056605, 18.330731867583715, 87.61066089524549, 62.808519537431664, 77.25899715433637, 67.1271498696179, 85.6349780401751, 8.32493551901637, 59.35431092460653, 18.51168556684833, 44.63307672537436, 31.249738743765178, 0.0, 41.942774499538835, 74.82917679823156, 55.70838803875956, 42.00294819548453, 50.99763185116178, 26.79775112616849, 62.303023589218796, 45.70782847322983, 80.90139367614677, 71.30462728507413, 19.482174333423103, 28.217699803951973], [30.27707451039303, 59.78928362950109, 54.20741326955104, 43.289656341125664, 85.79031346427186, 24.131362112495598, 19.428405023238014, 38.284692946050846, 50.739295270449006, 77.36412961434709, 62.11376522067252, 71.83372942951553, 22.981208298322322, 77.87374770284997, 95.68101059533338, 60.01585739313769, 54.14861169760576, 53.64787567640773, 42.62325929289852, 60.092020692996634, 66.52818238510125, 25.79526434202685, 93.60811099693876, 26.687720342585592, 76.21801209526019, 34.27584181735742, 42.529205712943885, 60.375628934774575, 23.91090277062405, 66.7560867047361, 41.942774499538835, 0.0, 39.789912794768846, 13.911181950390668, 28.61201140931152, 75.0675648080314, 26.936082904441008, 42.717372407882884, 51.0965295986018, 59.020924947085135, 49.360312272819144, 53.101419056715095, 44.729471399602865], [69.25036494626275, 72.30443421894454, 60.0408856117007, 37.018035696368756, 50.56012411586871, 15.67751801939464, 23.417678650782673, 39.6275586810089, 54.88788991250486, 91.73101041992236, 45.9683858022472, 46.11361221966017, 22.695542786643646, 47.52434119308714, 94.3372173951768, 49.41288909218392, 45.776689270765104, 47.10605380076783, 61.63649718438154, 92.7585382115237, 35.97711368107643, 48.47214225168236, 93.77970998467323, 40.53411411517437, 55.47639350472648, 69.04706800692887, 30.45637050130107, 92.71175538181616, 31.473577001048056, 89.54389834398901, 74.82917679823156, 39.789912794768846, 0.0, 34.26658582104195, 36.68261935366392, 86.25159021292028, 66.53301397881194, 26.855707076636445, 55.86437028880465, 29.879728227655914, 24.961752781867627, 90.19505340611224, 62.263923578585754], [41.97210967589764, 71.95082812382245, 64.75963975658287, 49.74220349558301, 83.93777536526947, 20.60424594491162, 10.849274039912887, 46.46663165790547, 60.71036259703229, 90.15703559360485, 67.00856981641373, 73.91692923774801, 12.495450840386834, 78.29322943178332, 105.66751860918023, 66.48278613718773, 60.91688377784521, 60.913355690888466, 55.44478880178833, 73.73466168501311, 66.54785077139059, 16.63687217662254, 103.91232215943545, 13.741424505465405, 80.19902499652906, 47.871962405862156, 47.049695955047895, 74.05897188108275, 31.38589537719736, 80.45119283175337, 55.70838803875956, 13.911181950390668, 34.26658582104195, 0.0, 37.4535457147141, 87.30171345274293, 37.6719876192542, 46.01997803120491, 61.240873631782975, 59.28264115007909, 50.61915786252624, 65.61095884482518, 57.362183517855165], [45.11170416934238, 37.23035671232646, 27.67766175615941, 15.825789362060082, 67.16814942588715, 27.02108890186766, 33.55254061410325, 9.706153335438184, 23.336057246971315, 56.58109342615534, 35.192082296528646, 47.867394751875, 37.186399937059534, 56.000068474282195, 68.21478635471372, 31.85852911709291, 25.926523260125467, 25.188101341669753, 24.955441539870492, 58.57755878225731, 46.236071426377265, 53.139366829716344, 66.50073104609652, 50.99725382306248, 49.72910075433855, 38.58452470467413, 18.09848694202097, 58.340374051792686, 6.577321391480826, 52.86132709674665, 42.00294819548453, 28.61201140931152, 36.68261935366392, 37.4535457147141, 0.0, 52.1978661422655, 45.16403323958762, 20.50555580792021, 23.938452500788898, 39.21391422558039, 29.413647302548068, 60.17288983636095, 25.63635429595481], [70.79743046753275, 15.351130123110412, 26.276797438625128, 49.87223227444735, 94.30449013073341, 79.12872993808892, 85.42418716832255, 46.71067932340628, 31.455955868215668, 8.019960292253039, 53.24951544818995, 69.00834248188872, 89.20356054583266, 79.41297092562002, 31.42962610808387, 45.36479973218, 44.87644497145569, 42.66601498639514, 32.76551080504484, 51.83756730637585, 76.48480032654844, 100.79156119085198, 27.738430642697697, 101.01136562846848, 60.89865816978736, 56.49965486319741, 56.94133300407371, 50.827131407976104, 58.743317514227044, 25.658998312171878, 50.99763185116178, 75.0675648080314, 86.25159021292028, 87.30171345274293, 52.1978661422655, 0.0, 74.75820421145296, 60.99982762868334, 30.44028354627915, 73.13807827285373, 67.74023336375879, 66.76619104575987, 30.451739066331402], [5.507589308303112, 61.2874946545873, 61.939298201859685, 60.8997843561321, 110.02336661709154, 50.861532009220994, 45.97168559552251, 53.86766565898551, 60.506679506580795, 74.2111455224013, 80.17271465717046, 92.85009302560614, 49.13906400225201, 100.37087935887186, 101.67414194078106, 75.85310699817421, 70.02365179505567, 68.72842850195904, 43.85458454973563, 41.29699999314875, 89.73999335666932, 39.214830863337056, 98.8115527308173, 45.66696668902286, 94.73628193943605, 19.067465425083213, 62.76963253005151, 41.95771136139758, 43.803256404159235, 57.820387185216134, 26.79775112616849, 26.936082904441008, 66.53301397881194, 37.6719876192542, 45.16403323958762, 74.75820421145296, 0.0, 64.26205039151954, 60.367297676278, 82.31345567454164, 72.30128841674704, 29.015566306519904, 46.47089132253181], [64.87035360279306, 48.26781390663523, 34.82629932794135, 11.191661579935207, 46.679435623913285, 27.32631724346445, 37.652064828971014, 16.847165730953925, 29.680877287707457, 67.20895725858192, 21.334369208558165, 29.159827360859, 39.81770827120038, 36.108903134000016, 67.52576277000485, 22.966782813885978, 18.933909328093186, 20.266443668897274, 42.00820778266908, 78.25540554550003, 25.81140735299194, 62.64434826808505, 66.92526786402836, 57.55608928041785, 34.19174486367865, 59.08835353560034, 4.085467977955884, 77.92669591844795, 20.461357977096007, 68.68189397047594, 62.303023589218796, 42.717372407882884, 26.855707076636445, 46.01997803120491, 20.50555580792021, 60.99982762868334, 64.26205039151954, 0.0, 30.746602172428275, 18.708647348813667, 9.02506034477213, 80.67019782394603, 41.72197072449208], [58.30472928631568, 17.792701682843948, 4.1765153228965985, 19.558094181176354, 69.41472023201119, 49.832745456474534, 57.34888517047111, 16.610999612092936, 1.099017877267551, 36.46241678183505, 28.534971208604716, 45.06409708794362, 60.85545063251795, 55.30270034591119, 44.61406710240169, 20.98885708873415, 17.503574057332486, 15.133120602502458, 19.766342570136796, 56.78720572711641, 49.5570568499013, 76.48527416947232, 42.69619978209652, 74.86864549246354, 40.95752121240526, 46.71276993521818, 26.6637372892562, 56.14149574503926, 30.394562772101356, 40.387021106430744, 45.70782847322983, 51.0965295986018, 55.86437028880465, 61.240873631782975, 23.938452500788898, 30.44028354627915, 60.367297676278, 30.746602172428275, 0.0, 44.85287147996593, 38.106986443293096, 65.12011800793995, 17.79993558782377], [83.23797433651973, 62.564517317035126, 48.43757471578408, 27.24326062047016, 27.996937914903384, 38.76507786873857, 49.26697974160122, 34.47002674915988, 43.758422360117635, 80.2244691312806, 21.645853334255136, 16.27509802878946, 50.14506577616066, 19.047210684303845, 72.03297412203129, 28.45624982491085, 28.293795219368207, 30.57119531350763, 59.45629399558467, 96.48121556241688, 7.511790069002337, 75.34267944073683, 72.42479590477303, 68.63258670228377, 26.560533543029486, 77.79694510364946, 21.58289096843848, 96.10142938604756, 38.68674634467378, 84.81865961369252, 80.90139367614677, 59.020924947085135, 29.879728227655914, 59.28264115007909, 39.21391422558039, 73.13807827285373, 82.31345567454164, 18.708647348813667, 44.85287147996593, 0.0, 10.028495152421394, 99.37098166442576, 58.79760355222375], [73.21031670950612, 55.87254903471038, 42.010539954283594, 19.077611951568958, 37.978842381004746, 30.4910579399117, 41.12161124603196, 25.616712620433844, 37.012511704333306, 74.35985755591128, 21.147139027040918, 23.316786669068623, 42.52536906754807, 28.519946130925746, 70.81611119448097, 25.67916496213392, 23.47556608379788, 25.405705386746757, 50.816982993712955, 87.26942027621253, 17.444780723121962, 66.98999333744406, 70.67581096104954, 60.89482984740569, 31.000410633198992, 67.95118290835437, 12.498114113680279, 86.93443085966368, 28.660016857499542, 77.09065565331761, 71.30462728507413, 49.360312272819144, 24.961752781867627, 50.61915786252624, 29.413647302548068, 67.74023336375879, 72.30128841674704, 9.02506034477213, 38.106986443293096, 10.028495152421394, 0.0, 89.5797879782344, 50.40615202412849], [23.931352393722246, 57.74218466940488, 64.80918880940138, 73.74137227684996, 127.27059481845235, 75.06605673553071, 72.49586058361868, 66.03655096767166, 65.72767780647496, 63.17079475363006, 91.17656180244323, 106.35538690026847, 76.07888211349936, 115.41399513916924, 97.5529449926525, 84.90104401644585, 79.82534159569897, 77.88928022546268, 45.36196307437876, 17.69510958601645, 106.28042380660708, 68.18786285858575, 94.07317031964773, 74.60633090562804, 105.10117115145334, 21.716559987103256, 77.98117495787947, 18.73502172332132, 61.82115100997123, 43.10592220681255, 19.482174333423103, 53.101419056715095, 90.19505340611224, 65.61095884482518, 60.17288983636095, 66.76619104575987, 29.015566306519904, 80.67019782394603, 65.12011800793995, 99.37098166442576, 89.5797879782344, 0.0, 47.48480525250436], [43.4216961731804, 15.46080053167958, 17.362341810644217, 31.57454249738585, 85.14140668804889, 52.02945468025547, 56.68907942675923, 24.87583798248523, 18.522837101840427, 32.797584171815906, 45.5226024073023, 61.73504192561725, 60.63302589710271, 71.66013443222727, 55.20440118051935, 38.42479084629275, 34.08775455033037, 31.87524239853188, 2.6168232121173873, 39.24484355193041, 64.53493161403227, 70.38325814251844, 52.3819319689946, 70.97604125864093, 58.59305090482826, 30.384595737871443, 37.92659384597822, 38.65956181764964, 31.528804229498967, 27.397095307679994, 28.217699803951973, 44.729471399602865, 62.263923578585754, 57.362183517855165, 25.63635429595481, 30.451739066331402, 46.47089132253181, 41.72197072449208, 17.79993558782377, 58.79760355222375, 50.40615202412849, 47.48480525250436, 0.0]]",Route_3,2214.7198300111854
