instance_id,num_cities,city_coordinates,distance_matrix,best_route,total_distance
407,71,"[[26.960145162627434, 34.700844317952075], [11.67256459028586, 78.73459464188612], [85.6377782651299, 88.74662883252665], [66.95851550778005, 18.193890636247268], [82.2436704622802, 88.08942364793143], [95.28283246643687, 5.346872253956658], [6.645904050056039, 19.49899372763191], [12.613979016597165, 14.751326817185728], [2.0703688521502395, 96.22430810476504], [73.58779029421571, 48.80800935680279], [36.684549636711914, 18.866755382802225], [15.488043733633617, 18.331157994566595], [9.211533057449973, 61.58644451884386], [98.99428777261421, 18.503018998877184], [48.24129890729263, 8.062347174298512], [50.14733009985308, 16.687185463548595], [61.788606592161145, 3.9094570655432093], [77.29403824662445, 31.402196793973538], [28.148982990914828, 6.217376654185857], [4.77464187930321, 74.8922491616608], [60.64990812383806, 21.49632502855202], [73.20401551294559, 53.01519495143425], [78.08583106505085, 40.603553380969245], [98.66369218851871, 97.31255024636255], [58.283769485723425, 85.91958118929301], [31.954810446371262, 86.06806626910965], [85.85474750492563, 29.191120288142724], [54.20152609483261, 98.68249249629163], [49.858141711821624, 60.34037390076177], [32.26221499972275, 17.343599001819264], [92.78911676277008, 96.50152351730588], [44.94475004544838, 26.420862483209007], [27.602878452251247, 73.44051564414164], [85.53673167008365, 23.28545896206221], [54.96746807117242, 99.08279357782655], [43.214662790895666, 89.68414477125185], [96.84525372183332, 36.814870827724256], [52.91106980782394, 37.86280123314892], [96.56436418023875, 76.66498727920306], [39.808249345117616, 7.281667245834456], [73.69931859100996, 19.09596006969505], [42.09467399946897, 46.40261690362686], [88.7833353778626, 79.02831283491409], [49.41452912134833, 6.971262511268883], [63.756565827422484, 76.9078395641296], [79.70556749164894, 23.849383523665225], [68.56311091892, 29.22903932652654], [69.04888348690815, 83.56018305548211], [60.95861008915965, 73.86258456146521], [33.50380101658729, 25.108067997680493], [29.718028006169828, 24.087787381315007], [39.230955875309945, 36.93591242534443], [19.74215778053591, 31.314410016757055], [48.465571269431386, 60.972459375829324], [24.795416801828363, 90.85744316242962], [91.4426119399376, 37.05087573453021], [80.92829743829375, 53.60289771179338], [99.75222026686001, 48.61201958150628], [83.41985225060237, 93.70319810021195], [68.74291937653223, 40.986038163688356], [51.444155116345826, 37.52476272534469], [49.242728870783814, 56.866964546208166], [27.682650721251235, 32.458802975659594], [39.26126462940777, 38.88873108192974], [52.34429486771519, 98.40254326120017], [41.14288267270262, 51.524317446952075], [89.44541429178142, 91.46434726877663], [74.50646359816757, 94.3870963625933], [44.376528782092514, 92.6541718805158], [39.75303882603427, 70.65548378687143], [2.4283194262051166, 32.81773218345209]]","[[0.0, 46.61202942746, 79.77475446723557, 43.270649984925484, 76.85446358169997, 74.36158468152723, 25.372517678584902, 24.572255321864287, 66.36744353305225, 48.71498122703835, 18.581776416204914, 19.989390724160543, 32.21565969869691, 73.83283312065966, 34.09541075828999, 29.362177212119892, 46.4879689218224, 50.441866227159885, 28.508266617505576, 45.90801214652278, 36.185072309540814, 49.73842562951871, 51.4653061127191, 95.1925647062834, 60.03772520199371, 51.609477543142404, 59.151764504045815, 69.53951494445681, 34.375917779670736, 18.1489919698547, 90.29273199673288, 19.799093715997767, 38.74500278155603, 59.678534748173625, 70.21001016240177, 57.33561434279324, 69.91707592867434, 26.142847233502106, 81.27568270721517, 30.280109847823574, 49.27537666187767, 19.130746058636547, 76.07253981241462, 35.680934210572424, 55.994705298370924, 53.85010471704567, 41.96126081975423, 64.48795915206559, 51.86075121188506, 11.612096686896225, 10.96553214937632, 12.47270319502418, 7.972909075384133, 33.95115770904562, 56.1983064038021, 64.52527543022047, 57.182594227204625, 74.10942581880902, 81.66380028082752, 42.252856503301985, 24.64632342937567, 31.430087856773483, 2.355581385304053, 12.994457883417125, 68.57303773719319, 22.004074427293656, 84.41862428037473, 76.30924635920749, 60.51378846142572, 38.162733492547524, 24.60399531119475], [46.61202942746, 0.0, 74.63975926140097, 81.98605497491603, 71.1884387364169, 111.2494255787846, 59.44849646424624, 63.99019317559065, 19.9522489962179, 68.76842066525842, 64.88264462484669, 60.52382208601887, 17.32384855763888, 106.07980978475918, 79.572852730487, 73.00814041434165, 90.05786406112668, 80.91065251783982, 74.3654440448534, 7.895882250648003, 75.33259379533081, 66.69038141355092, 76.58131803181432, 88.95277800751322, 47.16172657453161, 21.567320257138718, 89.20511259463272, 46.97479319236026, 42.384969703633914, 64.75174167280393, 83.03950143164143, 61.99810398175525, 16.786964352588758, 92.36082408701108, 47.838246909307735, 33.38857000430545, 94.9297119902659, 58.06132799913734, 84.91702368934276, 76.79282251674763, 86.0469926580917, 44.39438619208064, 77.1113301780686, 81.0828694925954, 52.11602650801535, 87.4121037572518, 75.41441684885322, 57.57888739515838, 49.52626336743749, 57.899976198810016, 57.54921627327356, 50.06590421891858, 48.101894392398485, 40.85607408576289, 17.865405296774817, 90.00440475950687, 73.67468169527895, 93.088104891936, 73.29210309511394, 68.42498747983605, 57.27154319172986, 43.470800430461416, 48.967047616299375, 48.46472132064007, 45.17762550922679, 40.11108117346088, 78.80775820078404, 64.754147933931, 35.54298671132112, 29.21960070760972, 46.83817168379204], [79.77475446723557, 74.63975926140097, 0.0, 72.98358530622389, 3.4571500447657737, 83.9556220149126, 105.04737578650264, 103.96047314740119, 83.90129679149796, 41.71684954219153, 85.32066166231755, 99.39478753018693, 81.10885628892594, 71.50217527240339, 88.92946629248058, 80.32518465350178, 88.12564157444409, 57.94826902782037, 100.57852179862648, 82.0413960279645, 71.7425746396444, 37.83297270076043, 48.7317927070935, 15.590043079079253, 27.499708992659524, 53.74975098766518, 59.55590376806656, 32.969066369241425, 45.68476454065677, 89.14787391129623, 10.54893520123466, 74.43402244080009, 60.0193860117422, 65.46124785874596, 32.365169998557896, 42.433473375103006, 53.127346965399724, 60.49959799546354, 16.289761888476168, 93.47130943424018, 70.66641690718635, 60.737280769927686, 10.214704860098287, 89.43899773313859, 24.878592988462888, 65.167810868093, 61.918395696177896, 17.380755155088508, 28.820064464201664, 82.26674910850662, 85.4855791747204, 69.55532689122923, 87.41105511977351, 46.40234328070508, 60.8789658713612, 52.02063996493306, 35.45787707611291, 42.54414569305973, 5.430172622604211, 50.66073704459846, 61.58638998628787, 48.382978571241985, 80.79056967443809, 68.09251783502573, 34.665439852795664, 58.01117305024679, 4.678042925218583, 12.478823669427607, 41.44586350377249, 49.3223969658474, 100.25894234755113], [43.270649984925484, 81.98605497491603, 72.98358530622389, 0.0, 71.54733745549524, 31.1016528899891, 60.32673035172322, 54.453465381826895, 101.48506110119699, 31.32365797971782, 30.28144244466823, 51.47065481398954, 72.23314830860399, 32.037263693219806, 21.28338248941926, 16.87856970531371, 15.191214587110965, 16.771475243442346, 40.61547366878948, 84.15187460133441, 7.120716258931026, 35.376962907030084, 25.020194560459778, 85.23485511724732, 68.2789892971044, 76.3686001303333, 21.863363046578105, 81.49328689080339, 45.483500695609415, 34.70671786281433, 82.45790034089484, 23.500828402446746, 67.83108242398474, 19.263285903233665, 81.77285513982747, 75.33011999279331, 35.21303770433233, 24.1701629030945, 65.53911365166911, 29.26112731980238, 6.800893725801235, 37.60243146630766, 64.63087255025415, 20.826397680800618, 58.80119284896793, 13.945319432665958, 11.151198727043822, 65.39970812568724, 55.991091687624625, 34.1617296147689, 37.70400414013221, 33.46761037055347, 49.00543302371096, 46.60466639736648, 84.01023008070555, 30.90399432267705, 38.06510986799042, 44.729069299015244, 77.28279964551068, 22.861891568272664, 24.78664951300092, 42.537697890375696, 41.78613739963066, 34.5747614206049, 81.52915675282593, 42.15879801487796, 76.64346307455901, 76.56615518120572, 77.80925142587286, 59.096164997253666, 66.16647903526575], [76.85446358169997, 71.1884387364169, 3.4571500447657737, 71.54733745549524, 0.0, 83.76365295851893, 102.0767817046008, 101.12749565561711, 80.5849529142687, 40.22379606893384, 82.86984549365864, 96.5532460712731, 77.69234837894176, 71.57409372293287, 86.95110258231416, 78.28444725742213, 86.62953544688236, 56.90290456086, 98.1288300733825, 78.58508639691873, 70.00665222433875, 36.22039315437114, 47.66755189291679, 18.83303421493287, 24.057952346401315, 50.329467783323544, 59.00889777033306, 29.976240063604916, 42.64776939439712, 86.62053795153933, 13.48962052427144, 72.07094352364388, 56.57036907416056, 64.88758040739171, 29.408253931442385, 39.06157415253714, 53.31309408201588, 58.16455157869731, 18.31938904294302, 91.27244085775055, 69.52052909336571, 57.87686734359269, 11.174566943460446, 87.5094771289169, 21.605574752903664, 64.29016038132787, 60.42931864486733, 13.95049904733657, 25.60188949041828, 79.6380941078237, 82.79584868960167, 66.83393843354959, 84.43838736218427, 43.31616022244349, 57.51490050993969, 51.8609091456939, 34.51160206852405, 43.18581651518531, 5.735666238568823, 48.99999187710674, 59.20637701937704, 45.430211294733574, 77.92092678839974, 65.33142704821287, 31.62804289080275, 55.01165102424021, 7.9533152604619985, 9.97622431980498, 38.14128138191335, 45.92816168677123, 97.08475749754176], [74.36158468152723, 111.2494255787846, 83.9556220149126, 31.1016528899891, 83.76365295851893, 0.0, 89.75961018908383, 83.20206185151251, 130.18168734450518, 48.57515098408696, 60.1377251848628, 80.84429469731623, 102.81613720855758, 13.669641460683412, 47.1198438414125, 46.53833127192612, 33.525055247394945, 31.66191172952705, 67.13949302245936, 114.14154376295924, 38.21314267943765, 52.53325753136418, 39.22716432895855, 92.02780091398078, 88.66167202703336, 102.59799966961289, 25.640533347753525, 101.97652543217474, 71.32802922785393, 64.15231623681872, 91.1887551453222, 54.5713808328583, 96.00687707405112, 20.415175086608933, 102.03799073265645, 99.11543688557028, 31.50676267752614, 53.410222880809066, 71.32962816591542, 55.50831292828809, 25.590730489293037, 67.19043361853095, 73.96754794157737, 45.89705759049388, 78.19768238612875, 24.186651429671855, 35.837151444541156, 82.49570937689144, 76.63259799073798, 64.86257460279597, 68.19065539884407, 64.3403475925991, 79.87932491867707, 72.70530853136985, 110.8175685718121, 31.935734379975766, 50.345771111996825, 43.49538366982347, 89.14914815437622, 44.43553908259777, 54.38056883661691, 69.09421863586401, 72.83434189611758, 65.29527055273246, 102.48451550222197, 71.15820829827126, 86.3150911131648, 91.43204587378884, 101.06441669986755, 85.72498306854814, 96.83289078202988], [25.372517678584902, 59.44849646424624, 105.04737578650264, 60.32673035172322, 102.0767817046008, 89.75961018908383, 0.0, 7.62615629913264, 76.86162494130076, 73.0769083300395, 30.045298367721255, 8.918927877459351, 42.16557797903722, 92.35375434615078, 43.13900506172224, 43.592204969236505, 57.30402513773088, 71.64387697978735, 25.27417171783199, 55.424853357417746, 54.04092697508713, 74.52058739691226, 74.49205065018053, 120.50818607874191, 84.13182266838312, 71.21785002378246, 79.79961277301412, 92.36646396453625, 59.45852182978515, 25.70683008645904, 115.54238482252964, 38.919325169486356, 57.86953052136819, 78.9816434467178, 93.1050736965644, 79.14056824954872, 91.84640592291595, 49.77645014154206, 106.55177281923343, 35.341253682229805, 67.05462577429272, 44.50191266588812, 101.44110339752208, 44.565674458244295, 80.97779491272594, 73.18907236450164, 62.67706353841303, 89.4313581507899, 76.84575489666638, 27.437353072622177, 23.524028801256854, 36.95716082337927, 17.638478501799177, 58.89764782409828, 73.63038176503859, 86.59416972837134, 81.73707992365404, 97.55180364212572, 106.77313833014274, 65.70945435060074, 48.28883563058067, 56.664404416756526, 24.708325848857225, 37.94369065325332, 91.18175833092809, 47.07082847601672, 109.70310390582182, 101.06079090551043, 82.31208983648723, 60.934955881299025, 13.970569570131596], [24.572255321864287, 63.99019317559065, 103.96047314740119, 54.453465381826895, 101.12749565561711, 83.20206185151251, 7.62615629913264, 0.0, 82.15238520691945, 69.84026981135526, 24.419850987600714, 4.590799413638317, 46.95854436237444, 86.46174260915055, 36.24980512026105, 37.58324084266345, 50.35563659519159, 66.78893271331509, 17.724690515397754, 60.6496970082814, 48.50716942955142, 71.66084096090412, 70.39105787640787, 119.2514517777139, 84.56151720414472, 73.89279455027086, 74.65063833782547, 93.66944349273126, 58.86840297525373, 19.81850277714782, 114.50391859288544, 34.372326339376485, 60.57299721376051, 73.42042812479225, 94.36956247168413, 80.94028078770069, 87.07300162951731, 46.454233132364756, 104.3118810152024, 28.201492031673208, 61.23964850503415, 43.25408120408026, 99.66595095624531, 37.61395869376823, 80.49221243427093, 67.70565618868201, 57.79195030561473, 88.99189367237707, 76.36323818207826, 23.31623363819782, 19.486353884276113, 34.64995376191683, 18.031823467597203, 58.49555335294458, 77.07482320233538, 81.92205594636765, 78.58938008662288, 93.48593264587308, 106.05125960365372, 61.957388787484106, 45.015685699548285, 55.81569902099979, 23.25122746965335, 35.9540278017691, 92.60682485752847, 46.54192930762788, 108.57235814539091, 100.8589878928457, 84.1291438002716, 62.143409415894325, 20.739881006158242], [66.36744353305225, 19.9522489962179, 83.90129679149796, 101.48506110119699, 80.5849529142687, 130.18168734450518, 76.86162494130076, 82.15238520691945, 0.0, 85.80819865652705, 84.74864290664232, 79.04034940025947, 35.36633738463652, 124.2370509919713, 99.52028003006201, 92.93841014810307, 109.94680368781158, 99.30008334315637, 93.70881401740091, 21.50278659517089, 94.95174498618756, 83.22873990852094, 94.19139478469131, 96.59945333242302, 57.15009892898752, 31.56309708540536, 107.29990855117356, 52.1890814822796, 59.76058875918795, 84.46131565623546, 90.71917146257202, 81.91906727587764, 34.22002696328584, 110.8454303808545, 52.97427720117359, 41.66085284949066, 111.8559790070979, 77.40053202653027, 96.49705790448783, 96.61749834818845, 105.25914929976861, 63.907322872009395, 88.40158831723583, 101.03254752459831, 64.63987046826011, 106.13837089344413, 94.39094652680623, 68.16525130843688, 62.99104409211825, 77.75332960462057, 77.25328911303116, 69.97158773491827, 67.27248318387689, 58.26841036229028, 23.35018294627344, 107.18625347038356, 89.63904018218525, 108.66772342433366, 81.3885400093287, 86.58230454030156, 76.70337279294242, 61.43477876344846, 68.71701846640505, 68.34128416452468, 50.32109245053438, 59.36960923794112, 87.50460440878386, 72.459389792073, 42.45653118988349, 45.53842765577188, 63.40758628649012], [48.71498122703835, 68.76842066525842, 41.71684954219153, 31.32365797971782, 40.22379606893384, 48.57515098408696, 73.0769083300395, 69.84026981135526, 85.80819865652705, 0.0, 47.52186718302686, 65.60807129736179, 65.63223979878121, 39.545954972839304, 47.985973078787566, 39.76433705853712, 46.42306252161528, 17.796027221182786, 62.27878614067339, 73.59101141423533, 30.221133266318695, 4.224653087581679, 9.356573552080166, 54.60303418968294, 40.14326614495694, 55.871431448633636, 23.13656361566045, 53.50973096586675, 26.383548923878298, 51.94046873496235, 51.413638571201275, 36.35392825861278, 52.16677566333797, 28.18115999486184, 53.61222181704895, 50.92529156277176, 26.16763223649856, 23.39496422186774, 36.11002861407025, 53.530313616202335, 29.712258604833554, 31.584842675059164, 33.825601734459816, 48.318318910625905, 29.770008938478167, 25.697474609696492, 20.213447758138088, 35.0473287397, 28.057582421475033, 46.56622613906849, 50.35519255972557, 36.35022361469115, 56.616059194086446, 27.91235806940413, 64.41157189818003, 21.378139465643677, 8.767781901318326, 26.165164012201952, 45.95919292829846, 9.20086993468157, 24.852610193637755, 25.644273716670465, 48.729645889402505, 35.730973198488265, 53.95279317264463, 32.55841458377739, 45.50854208726829, 45.5883442660601, 52.685707427968595, 40.275334211972826, 72.93393763054225], [18.581776416204914, 64.88264462484669, 85.32066166231755, 30.28144244466823, 82.86984549365864, 60.1377251848628, 30.045298367721255, 24.419850987600714, 84.74864290664232, 47.52186718302686, 0.0, 21.203271612218668, 50.79112599504401, 62.310799792024085, 15.820672881993683, 13.638071081778783, 29.22215680907072, 42.50021007632227, 15.259838799437428, 64.4755625508708, 24.109190030739686, 49.99787308334135, 46.76060832711269, 99.97578128343372, 70.4457787714887, 67.36754869851497, 50.24242101151093, 81.71533733151938, 43.51556688283665, 4.677290775913251, 95.7855922135501, 11.193544786032092, 55.32424478079039, 49.051611907694266, 82.27319059199502, 71.11782489363507, 62.78092993928802, 24.982988508422675, 83.22396169443807, 11.998823567733847, 37.01547859380667, 28.062307733230494, 79.5845240657132, 17.42283353349749, 64.04421530141522, 43.30859684248532, 33.52043552750864, 72.33733261330018, 60.114650775811434, 7.00507993823506, 8.705837050985112, 18.247701799405416, 21.023528431127733, 43.72279473522961, 72.96581806948579, 57.69841956388471, 56.250411584537844, 69.73027908278834, 88.23084307093559, 38.94870653970209, 23.790064983282576, 40.0215412264155, 16.30269737959556, 20.187099124194056, 81.06274837517812, 32.96047774886774, 89.74474461935395, 84.46193863162073, 74.18725885608676, 51.87955296275627, 36.98809351571813], [19.989390724160543, 60.52382208601887, 99.39478753018693, 51.47065481398954, 96.5532460712731, 80.84429469731623, 8.918927877459351, 4.590799413638317, 79.04034940025947, 65.60807129736179, 21.203271612218668, 0.0, 43.70828752725929, 83.50642088907047, 34.32527057625731, 34.69825322834491, 48.494613914358084, 63.17304023897738, 17.52264481290199, 57.56677872961724, 45.27264381005647, 67.33584348662826, 66.44202416421095, 114.70069231666687, 79.99793180200045, 69.70970627226588, 71.19980183016422, 89.19120288873211, 54.277784185461776, 16.803216788110735, 109.93662691484833, 30.54735447553632, 56.42526491571128, 70.22366965414645, 89.88576970463716, 76.55072910364962, 83.43046959692039, 42.21336243594897, 99.88095602350687, 26.712612129688384, 58.21629877220928, 38.67711958491641, 95.16482744651881, 35.77783722018797, 75.90176446447452, 64.45417884513972, 54.182345595665616, 84.40135819685308, 71.7726392244785, 19.248221207909147, 15.350284502021559, 30.163931514259023, 13.66244192652851, 53.90545339631213, 73.12105875656304, 78.2273881940973, 74.34058398755069, 89.5398348517024, 101.46760585562824, 57.87335635003263, 40.75826797506677, 51.22877272874776, 18.662764861998735, 31.428965032300226, 88.14652566140172, 41.95183661558882, 104.01036502816734, 96.26878852643515, 79.73992075169144, 57.67690227858536, 19.504287495730832], [32.21565969869691, 17.32384855763888, 81.10885628892594, 72.23314830860399, 77.69234837894176, 102.81613720855758, 42.16557797903722, 46.95854436237444, 35.36633738463652, 65.63223979878121, 50.79112599504401, 43.70828752725929, 0.0, 99.58476087623981, 66.24312506850738, 60.75922105500805, 78.04475346339834, 74.47359480749073, 58.51803727214022, 14.02606290159592, 65.2159804819056, 64.56395379748466, 71.99965726684893, 96.32260068988944, 54.77395300957496, 33.41566204510252, 83.20840914747735, 58.311373239264775, 40.66570406481225, 49.88750662688128, 90.5774543663523, 50.13462831433323, 21.880598430447385, 85.3961441628296, 59.15726313592494, 44.11001690255521, 91.06755657542227, 49.72384501367713, 88.64468149270118, 62.331114880605064, 77.22768772756172, 36.21946409406567, 81.46097528801113, 67.81665723282421, 56.65603009398983, 79.9593313088839, 67.59890136256612, 63.74444047675311, 53.183301850033224, 43.8267753344721, 42.739508913882204, 38.84346121048042, 32.051367052810754, 39.25883968870628, 33.16095285348568, 85.81342826007881, 72.15976242254287, 91.4655768188603, 80.86012922373493, 62.99494185305155, 48.60616109816889, 40.308437447482206, 34.49060291758068, 37.6586319827339, 56.70855550962309, 33.479209809408474, 85.61638143871326, 73.07058721326933, 46.923135101283535, 31.85955190923899, 29.55758441760133], [73.83283312065966, 106.07980978475918, 71.50217527240339, 32.037263693219806, 71.57409372293287, 13.669641460683412, 92.35375434615078, 86.46174260915055, 124.2370509919713, 39.545954972839304, 62.310799792024085, 83.50642088907047, 99.58476087623981, 0.0, 51.815765042234084, 48.88069685788596, 39.96541957747441, 25.244595803453176, 71.90267183793347, 109.80476743116532, 38.461036538772156, 43.083969550264186, 30.423628676837428, 78.81022464686036, 78.7549309996617, 95.18049764949009, 16.93762166349838, 91.84301535253036, 64.53468148905509, 66.7421440417976, 78.24494139797635, 54.626410956264536, 90.08252806397061, 14.282070867147619, 91.8229869053363, 90.4329543326092, 18.43752328142437, 49.984639101916024, 58.212705510965705, 60.240400728303754, 25.30191781292027, 63.371552062260655, 61.38057300764218, 50.90318138984311, 68.21158342353577, 20.015952230889074, 32.26614381623502, 71.61816691959095, 67.16691355212123, 65.82272045287957, 69.5010057849047, 62.541405480999906, 80.28095569993104, 66.00609485032813, 103.63703560686493, 20.02625270409173, 39.47634091986221, 30.118538771836075, 76.79602840448281, 37.69126477847002, 51.213688111911324, 62.82523323570615, 72.66438938952108, 63.11585625625269, 92.52111010668143, 66.61224529492239, 73.58353353611786, 79.73736094291726, 92.09502196548334, 78.92658082175889, 97.62119265936226], [34.09541075828999, 79.572852730487, 88.92946629248058, 21.28338248941926, 86.95110258231416, 47.1198438414125, 43.13900506172224, 36.24980512026105, 99.52028003006201, 47.985973078787566, 15.820672881993683, 34.32527057625731, 66.24312506850738, 51.815765042234084, 0.0, 8.83293781381527, 14.16954627939424, 37.26674446994536, 20.17684502353164, 79.7219296858105, 18.28784688468027, 51.4188267428233, 44.15457168969631, 102.50861667494739, 78.50222992873684, 79.68777771958702, 43.141587461556, 90.81594048572224, 52.3030234218574, 18.478981519851573, 99.02522904752279, 18.65213979000875, 68.55836426979761, 40.282656782623164, 91.26863105754708, 81.7764325072003, 56.471692378170495, 30.16411481176106, 83.9132937426274, 8.469107749273642, 27.74619577062772, 38.82985038182776, 81.73019639842238, 1.6021656834022078, 70.57212856362749, 35.202708904922886, 29.34288499965731, 78.31269883473553, 67.01791733487345, 22.533318496555772, 24.49339296024631, 30.24680234108071, 36.78123803506942, 52.91058751583655, 86.05078330490184, 52.025842000220905, 56.05694975847146, 65.55647147035448, 92.58448013918218, 38.78512434206669, 29.635995309731, 48.814890543667964, 31.90368428418868, 32.107739883907314, 90.4333213194732, 44.03782888631674, 93.02511888934941, 90.23204086498755, 84.68006409567741, 63.166061379567594, 52.07358424274222], [29.362177212119892, 73.00814041434165, 80.32518465350178, 16.87856970531371, 78.28444725742213, 46.53833127192612, 43.592204969236505, 37.58324084266345, 92.93841014810307, 39.76433705853712, 13.638071081778783, 34.69825322834491, 60.75922105500805, 48.88069685788596, 8.83293781381527, 0.0, 17.285533297632377, 30.878395710601897, 24.362761995101078, 73.80047612624544, 11.55127562243987, 43.02714277744019, 36.777064735291, 94.0972201325859, 69.7088678993284, 71.72638561016296, 37.833424955160694, 82.09547417829747, 43.65414631691489, 17.89715678196218, 90.49116271087014, 11.036816005785129, 61.06711706539347, 35.99926327940928, 82.5364765820799, 73.3254249506075, 50.850956615618855, 21.35520920981953, 75.84113503539889, 13.97713718172265, 23.67484650406, 30.787207342353174, 73.34273696675899, 9.743518670825916, 61.73927823833362, 30.413590362896933, 22.280912941264504, 69.49292429718611, 58.18857307937036, 18.652568804300437, 21.728444324898614, 23.003872930087827, 33.740631320373296, 44.31719528861719, 78.38333135934566, 46.04324254116435, 48.064932758564865, 58.99017004501628, 83.89592917849347, 30.59787873513512, 20.877892165271927, 40.18996081753453, 27.448237439436895, 24.726808311463913, 81.74488579837544, 35.982021042423256, 84.4746313919223, 81.42876358209176, 76.18585940399143, 54.96015388442937, 50.37160427418128], [46.4879689218224, 90.05786406112668, 88.12564157444409, 15.191214587110965, 86.62953544688236, 33.525055247394945, 57.30402513773088, 50.35563659519159, 109.94680368781158, 46.42306252161528, 29.22215680907072, 48.494613914358084, 78.04475346339834, 39.96541957747441, 14.16954627939424, 17.285533297632377, 0.0, 31.563731537421937, 33.71870058085229, 91.04476341909876, 17.623693113251463, 50.41512723525113, 40.1504200466884, 100.41867233479796, 82.08498243854056, 87.40762242924184, 34.90475087626292, 95.07624327470474, 57.67828332331302, 32.43892677068752, 97.64385490467726, 28.115456198410715, 77.48052733117086, 30.649680164898296, 95.41746126156805, 87.76268249856777, 48.08050293866201, 35.094732361440585, 80.6394474962193, 22.23753372583657, 19.30012781860871, 46.835025504321315, 79.82203877572361, 12.747252482050893, 73.02490473093118, 26.807054202748365, 26.210210887056522, 79.98093379870434, 69.95805129258328, 35.34701305485577, 37.89046087305669, 39.994929172288835, 50.188995844974485, 58.5976919585953, 94.49046712323913, 44.47149271790902, 53.25190896998831, 58.64771997900148, 92.36247461895434, 37.72314054039246, 35.17096033572838, 54.423309770395605, 44.477875148931446, 41.60565762754247, 94.96387925273673, 51.89817766838795, 91.81915818953055, 91.3671007507206, 90.43674508326083, 70.28938988111813, 66.02523807391741], [50.441866227159885, 80.91065251783982, 57.94826902782037, 16.771475243442346, 56.90290456086, 31.66191172952705, 71.64387697978735, 66.78893271331509, 99.30008334315637, 17.796027221182786, 42.50021007632227, 63.17304023897738, 74.47359480749073, 25.244595803453176, 37.26674446994536, 30.878395710601897, 31.563731537421937, 0.0, 55.22238333828238, 84.5603187341724, 19.36887614130517, 21.99659008383823, 9.23536133068766, 69.28807113648904, 57.736777877438854, 71.02114377420199, 8.841640250530466, 71.13299028771401, 39.87664119421605, 47.17530367492891, 66.91800802513993, 32.730568871291396, 65.08787608655187, 11.568207635805908, 71.26807782463253, 67.51436359382132, 20.286622852354846, 25.224364404421262, 49.19416290676681, 44.575602242156904, 12.820509807197285, 38.2623554798972, 48.99235529870973, 37.069361728956004, 47.47659089936546, 7.928458967274391, 8.997316565508687, 52.80566359650629, 45.49429351526904, 44.24026371945875, 48.1349907599018, 38.46323242129231, 57.55194741884238, 41.29746889840843, 79.31602344002007, 15.234490845729024, 22.496198814793573, 28.29395589224513, 62.60144056626215, 12.84412898293631, 26.565057339163605, 37.885753976585626, 49.62263786636029, 38.762611685272155, 71.49500766768148, 41.373974777665794, 61.27901646933234, 63.04655538639551, 69.5368023520635, 54.31525731545013, 74.87909985394425], [28.508266617505576, 74.3654440448534, 100.57852179862648, 40.61547366878948, 98.1288300733825, 67.13949302245936, 25.27417171783199, 17.724690515397754, 93.70881401740091, 62.27878614067339, 15.259838799437428, 17.52264481290199, 58.51803727214022, 71.90267183793347, 20.17684502353164, 24.362761995101078, 33.71870058085229, 55.22238333828238, 0.0, 72.54376566128832, 35.91317861067755, 64.96146359914873, 60.630833290207406, 115.19832839503985, 85.20884205787422, 79.94133445595966, 62.110773257988356, 96.06525204190918, 58.31454709866473, 11.862187879445305, 111.03861521490967, 26.27315418052606, 67.22535716402005, 59.87213986598345, 96.66031658546133, 84.81554154601393, 75.20228894146351, 40.182008913330655, 98.20147771828353, 11.707741301451655, 47.335937553528204, 42.536288408973356, 94.75208238819154, 21.278904955638698, 79.15201514731565, 54.48824709629319, 46.50632596891271, 87.49120848754204, 75.18208418995134, 19.63497633111, 17.939160566096426, 32.656370939441786, 26.467636723362254, 58.40276400250912, 84.70647711187446, 70.40446101685723, 70.92985012980267, 83.21255516645492, 103.48254897714605, 53.44836287896864, 39.023293902002266, 54.866445746705544, 26.245569553184865, 34.50942195048256, 95.30749214609848, 47.13343094810295, 104.99665941917752, 99.61383177908048, 87.94687493824476, 65.47460395197541, 37.00177628833986], [45.90801214652278, 7.895882250648003, 82.0413960279645, 84.15187460133441, 78.58508639691873, 114.14154376295924, 55.424853357417746, 60.6496970082814, 21.50278659517089, 73.59101141423533, 64.4755625508708, 57.56677872961724, 14.02606290159592, 109.80476743116532, 79.7219296858105, 73.80047612624544, 91.04476341909876, 84.5603187341724, 72.54376566128832, 0.0, 77.28628657094585, 71.84138554350008, 80.93358461213303, 96.52887479244269, 54.63358663723081, 29.388100506044626, 93.07296443423297, 54.85428480234061, 47.373822209712536, 63.776279377761135, 90.62840905141147, 62.953259777487276, 22.874350597041456, 95.84245375656587, 55.71806027023625, 41.18780624661508, 99.63375083697083, 60.73134040681173, 91.80683918160048, 76.14817423330274, 88.67827770230716, 46.95150629796889, 84.11044885175743, 81.27717982647539, 59.01635330391272, 90.66431351784095, 78.44805615734307, 64.85608076518679, 56.193402575347356, 57.478946396949596, 56.59740142678441, 51.26325265365093, 46.076616594458834, 45.85474739495251, 25.60700779045839, 94.56905718723523, 79.07348316694633, 98.54638939682228, 80.86359449291554, 72.39869936816216, 59.786056136450114, 47.98251396237967, 48.222134174287945, 49.85559610340198, 53.062282405535186, 43.228568921836526, 86.27730951181518, 72.40563533054032, 43.40271126245332, 35.23405219108496, 42.13988856183041], [36.185072309540814, 75.33259379533081, 71.7425746396444, 7.120716258931026, 70.00665222433875, 38.21314267943765, 54.04092697508713, 48.50716942955142, 94.95174498618756, 30.221133266318695, 24.109190030739686, 45.27264381005647, 65.2159804819056, 38.461036538772156, 18.28784688468027, 11.55127562243987, 17.623693113251463, 19.36887614130517, 35.91317861067755, 77.28628657094585, 0.0, 33.927050764144155, 25.8669206540579, 84.81242706817166, 64.46669331063313, 70.66058588461385, 26.35325031781549, 77.45505844778599, 40.315286865879365, 28.689828412907026, 81.6009101191535, 16.459133009047836, 61.565453858665315, 24.951051810575077, 77.79428145371422, 70.38157813720018, 39.30344626568581, 18.103899078293736, 65.82878890237572, 25.227588797354137, 13.268340720543918, 31.05833363811668, 64.0423246768017, 18.363310770679963, 55.49853390148037, 19.200391616408837, 11.06407017738916, 62.629587738834694, 52.36716943249668, 27.3853212205623, 31.040246209390595, 26.40364320331417, 42.069452468335676, 41.31371742636989, 78.08014636731794, 34.4983283069032, 37.97426869148228, 47.584153938253806, 75.71197312395692, 21.10321656113447, 18.483958002411615, 37.1645782755474, 34.74213556172441, 27.56755083168262, 77.35340725790937, 35.80788140382976, 75.66178237179342, 74.19615000311448, 72.99494533053561, 53.416308710684476, 59.31212060315634], [49.73842562951871, 66.69038141355092, 37.83297270076043, 35.376962907030084, 36.22039315437114, 52.53325753136418, 74.52058739691226, 71.66084096090412, 83.22873990852094, 4.224653087581679, 49.99787308334135, 67.33584348662826, 64.56395379748466, 43.083969550264186, 51.4188267428233, 43.02714277744019, 50.41512723525113, 21.99659008383823, 64.96146359914873, 71.84138554350008, 33.927050764144155, 0.0, 13.337202463727989, 51.092571109211505, 36.12910703578249, 52.85819918392141, 26.97457235054889, 49.46308390240172, 24.468103117685224, 54.30187645797447, 47.693154258287635, 38.80521362127749, 49.96656308600954, 32.18622515627295, 49.54589090730355, 47.37059380645153, 28.65935529216652, 25.325850050589573, 33.24181955014042, 56.62890387721722, 33.922851001968176, 31.804360044504342, 30.321568387423767, 51.82647371113053, 25.692659888556705, 29.8816789081866, 24.23466927488751, 30.826310522510266, 24.177750258146702, 48.527464037076854, 52.22859387507239, 37.58606267881973, 57.69830412569789, 25.986701997544905, 61.4445130083766, 24.23852074046388, 7.746607373347, 26.910873805844812, 41.95088700475118, 12.82973077513692, 26.710391517733036, 24.268897514289044, 49.94757154817642, 36.76502847813835, 49.95136967080144, 32.09577783343281, 41.73871521998928, 41.39239782121062, 49.01298280253682, 37.81729275749302, 73.60120011811408], [51.4653061127191, 76.58131803181432, 48.7317927070935, 25.020194560459778, 47.66755189291679, 39.22716432895855, 74.49205065018053, 70.39105787640787, 94.19139478469131, 9.356573552080166, 46.76060832711269, 66.44202416421095, 71.99965726684893, 30.423628676837428, 44.15457168969631, 36.777064735291, 40.1504200466884, 9.23536133068766, 60.630833290207406, 80.93358461213303, 25.8669206540579, 13.337202463727989, 0.0, 60.327097509294425, 49.45365526547303, 64.76953755799809, 13.805784720471287, 62.79827380327995, 34.44335248568168, 51.38899947481693, 57.79939165485686, 36.04830054592403, 60.22287435168782, 18.852912616576173, 62.88306800338593, 60.2071659192187, 19.138183140127648, 25.323513316563226, 40.520157957315305, 50.74959465778082, 21.950354478415214, 36.455349739910645, 39.886071975266624, 44.19473435027176, 39.02984803351293, 16.832283080409603, 14.834479059145995, 43.89690711796605, 37.40995660813055, 47.198172321667535, 51.10983172832832, 39.027591729310174, 59.07852737476714, 35.94790844802292, 73.2483562307922, 13.821183516589603, 13.30648594161307, 23.099089850671962, 53.366881596339425, 9.350737587402913, 26.818983001914315, 33.112280001814284, 51.05700292745727, 38.86241853555883, 63.272031079883774, 38.523298453073394, 52.11391835184766, 53.90251726143394, 62.01277244720799, 48.70853602769024, 76.05707119723836], [95.1925647062834, 88.95277800751322, 15.590043079079253, 85.23485511724732, 18.83303421493287, 92.02780091398078, 120.50818607874191, 119.2514517777139, 96.59945333242302, 54.60303418968294, 99.97578128343372, 114.70069231666687, 96.32260068988944, 78.81022464686036, 102.50861667494739, 94.0972201325859, 100.41867233479796, 69.28807113648904, 115.19832839503985, 96.52887479244269, 84.81242706817166, 51.092571109211505, 60.327097509294425, 0.0, 41.956380938053584, 67.64993217441175, 69.31520961131112, 44.48326601667947, 61.22845401497272, 103.94320245213889, 5.930295168712436, 88.94580450408547, 74.9634129753317, 75.1819615098375, 43.732067908640545, 55.97130900051529, 60.52500254851256, 75.01716545194537, 20.754012493230427, 107.56171738191814, 82.10392760386527, 76.10436999170831, 20.783040884915998, 102.89328613885223, 40.4333981853513, 75.86993710916654, 74.44064381733374, 32.65217447254919, 44.40241104649915, 97.25892593658531, 100.57519826571395, 84.72065002256414, 102.88033391798982, 61.97139298326224, 74.14978432921409, 60.69277893560709, 47.170731938767666, 48.71269424304042, 15.665314518634313, 63.78031521610841, 76.18572187732218, 63.86138910078163, 96.14737012955766, 83.31861164033981, 46.33222046195126, 73.52010466700797, 10.916873428254082, 24.333720915481443, 54.48666442089668, 64.66114963268535, 115.8482996321887], [60.03772520199371, 47.16172657453161, 27.499708992659524, 68.2789892971044, 24.057952346401315, 88.66167202703336, 84.13182266838312, 84.56151720414472, 57.15009892898752, 40.14326614495694, 70.4457787714887, 79.99793180200045, 54.77395300957496, 78.7549309996617, 78.50222992873684, 69.7088678993284, 82.08498243854056, 57.736777877438854, 85.20884205787422, 54.63358663723081, 64.46669331063313, 36.12910703578249, 49.45365526547303, 41.956380938053584, 0.0, 26.329377735047444, 63.073584844597725, 13.399873735703068, 26.93115387230921, 73.34702877993504, 36.09150168866601, 60.97562600985533, 33.12165683488641, 68.30634827743214, 13.574535552194625, 15.532221848232583, 62.43605245517456, 48.35617852541859, 39.38339038994014, 80.77912077910185, 68.57868104413411, 42.70453464232667, 31.26840416684234, 79.44495230490048, 10.543385932252383, 65.66279668165818, 57.614949422821766, 11.020636960372745, 12.350139267929006, 65.66648288118562, 68.11146975208358, 52.55862928244409, 66.83696994639568, 26.809623328017796, 33.85043938188528, 59.05640698288172, 39.46064719666463, 55.78070063477466, 26.31363427918667, 46.134771108918166, 48.875748371562665, 30.42687872935767, 61.5993772439676, 50.73220429697319, 13.823953878201293, 38.42973027022157, 31.651106424501393, 18.299579707632645, 15.45205668404802, 24.007928863035165, 77.06904481820489], [51.609477543142404, 21.567320257138718, 53.74975098766518, 76.3686001303333, 50.329467783323544, 102.59799966961289, 71.21785002378246, 73.89279455027086, 31.56309708540536, 55.871431448633636, 67.36754869851497, 69.70970627226588, 33.41566204510252, 95.18049764949009, 79.68777771958702, 71.72638561016296, 87.40762242924184, 71.02114377420199, 79.94133445595966, 29.388100506044626, 70.66058588461385, 52.85819918392141, 64.76953755799809, 67.64993217441175, 26.329377735047444, 0.0, 78.35936573912497, 25.574207831026, 31.343953563658786, 68.7251547741603, 61.72252307826844, 61.04529015628013, 13.356434661524586, 82.53894875932845, 26.437956386161552, 11.826254629177688, 81.4656178376698, 52.563412975297666, 65.29021617501304, 79.17684745928624, 78.91683577680666, 40.94099053810397, 57.26289701284245, 81.00090209939465, 33.094733698926326, 78.4302191822476, 67.6080072718321, 37.178753784249956, 31.467350975807523, 60.97967498305697, 62.020626945344524, 49.66800613705445, 56.099124397241056, 30.039885291031926, 8.613654763443243, 77.08101902830046, 58.7570387068899, 77.4560792438607, 52.028316962876744, 58.18723413907371, 52.30952948179873, 33.93488566770755, 53.77921958882807, 47.74174212817421, 23.830031423324584, 35.744807370086555, 57.743305924905755, 43.357230627048395, 14.05972522976851, 17.273102345357014, 60.888519050787366], [59.151764504045815, 89.20511259463272, 59.55590376806656, 21.863363046578105, 59.00889777033306, 25.640533347753525, 79.79961277301412, 74.65063833782547, 107.29990855117356, 23.13656361566045, 50.24242101151093, 71.19980183016422, 83.20840914747735, 16.93762166349838, 43.141587461556, 37.833424955160694, 34.90475087626292, 8.841640250530466, 62.110773257988356, 93.07296443423297, 26.35325031781549, 26.97457235054889, 13.805784720471287, 69.31520961131112, 63.073584844597725, 78.35936573912497, 0.0, 76.36083575372824, 47.60285316288709, 54.886458265688034, 67.66665249498216, 41.00368544948406, 73.15250670688887, 5.9142175957241605, 76.41249914804945, 74.01069406196439, 13.375828916132873, 34.06587663076496, 48.66686692624698, 50.99317724357165, 15.800845291230011, 47.02318203766937, 49.92316484232021, 42.68034202612844, 52.585310990002455, 8.1453401707143, 17.2916781625139, 56.90722319346626, 51.140564902506014, 52.509931577097994, 56.368211634217204, 47.262667626471135, 66.14667700903138, 49.071417482841916, 86.78120328012278, 9.643649963633555, 24.90391108321898, 23.88118670693894, 64.5580118848931, 20.78303995055924, 35.405345144541656, 45.89544927183349, 58.263801749932846, 47.59197728166955, 76.89714888021653, 49.97922120350847, 62.376659789986995, 66.1762710035003, 75.81557587880863, 62.00533028271095, 83.50521669819871], [69.53951494445681, 46.97479319236026, 32.969066369241425, 81.49328689080339, 29.976240063604916, 101.97652543217474, 92.36646396453625, 93.66944349273126, 52.1890814822796, 53.50973096586675, 81.71533733151938, 89.19120288873211, 58.311373239264775, 91.84301535253036, 90.81594048572224, 82.09547417829747, 95.07624327470474, 71.13299028771401, 96.06525204190918, 54.85428480234061, 77.45505844778599, 49.46308390240172, 62.79827380327995, 44.48326601667947, 13.399873735703068, 25.574207831026, 76.36083575372824, 0.0, 38.58734308412877, 84.24576527181131, 38.64917566059583, 72.85211784825543, 36.6694075738711, 81.6492