instance_id,num_cities,city_coordinates,distance_matrix,best_route,total_distance
2290,33,"[[58.77981115076443, 11.397693895086903], [86.88495709752817, 21.97224118549994], [61.067083400219516, 29.860597941183485], [87.22528062503785, 71.89505204562542], [16.776455863084372, 49.95369694555397], [93.28959208311116, 70.45607684966839], [75.20772640111518, 23.89356788574919], [58.78845384194482, 7.497768405766669], [40.61522178936903, 41.294050095783554], [46.19504437134771, 2.049345876172304], [53.556079717741234, 84.0883378587643], [90.96202366696424, 94.88876840892033], [91.03796242434295, 82.8479534509161], [63.21751453709699, 66.4710526912181], [58.94494444964291, 91.03912001859075], [8.857910629534537, 36.095434288889784], [18.905849586038126, 47.86930216116099], [6.672962257980375, 41.35616951450255], [48.13042715657314, 10.692847107114044], [4.853837975616326, 85.1328417816007], [95.06671371512223, 44.526290421771655], [87.63219932641509, 43.249711425326694], [41.94269380035004, 19.617115469930635], [33.3628715978436, 18.50605268146608], [19.125937967158436, 29.88722903246128], [64.04457561667907, 93.26761047860545], [15.892454149459533, 16.77921025600897], [54.48616912194373, 40.06536154116389], [85.10683628167256, 57.76087852297292], [19.140060801583235, 41.65261698472862], [34.458105117681335, 93.24401194019556], [93.94563360395391, 91.35890441798382], [55.426956274262906, 27.422456817245056]]","[[0.0, 30.02865763043816, 18.604043650736173, 66.85114117804086, 57.016201440035495, 68.401882848417, 20.640331059922875, 3.899935065915906, 34.98205855502292, 15.676988408972406, 72.87809746376797, 89.47879260423854, 78.39469315064915, 55.25186024409015, 79.64159732195179, 55.697168080713546, 54.03805159680754, 60.10519081555729, 10.672684219551016, 91.35032904556422, 49.13494892175086, 42.97686964153077, 18.736259277044386, 26.392225765795605, 43.75262927022453, 82.0390211196711, 43.22367532846146, 28.98742020493691, 53.31657473134329, 49.86652362964102, 85.38363521132601, 87.35233401058203, 16.371764185152884], [30.02865763043816, 0.0, 26.996088134304205, 49.923970838458345, 75.48618291973617, 48.90502704230565, 11.834239013402616, 31.605756713647043, 50.14200539520357, 45.30552676187103, 70.49271971855815, 73.03042115540222, 61.017209023899895, 50.40131012952684, 74.50421503853883, 79.29492142599095, 72.74487490700515, 82.52091125044338, 40.36258566692558, 103.52954154275704, 23.992212867964327, 21.290587374596903, 45.00392924411179, 53.63420642631941, 68.21973106167569, 74.86462922389322, 71.18218207575673, 37.10852282820506, 35.83278214301736, 70.54564597299539, 88.47734238225432, 69.74497965636324, 31.92664508258074], [18.604043650736173, 26.996088134304205, 0.0, 49.50905587779805, 48.63529906593223, 51.82936400949051, 15.34806933008956, 22.478618674063444, 23.43080176863158, 31.537965792039838, 54.745437735824076, 71.57073709228708, 60.876214019873416, 36.6735565643528, 61.21531701544445, 52.58013793897762, 45.84629826296456, 55.59558058545561, 23.12487290350467, 78.83495354423195, 37.02779223077218, 29.748508266188328, 21.694958186326613, 29.940759002501522, 41.94115388794403, 63.47688318450948, 47.0305202152119, 12.142719335861267, 36.82845876688171, 43.55372472142754, 68.74223516449511, 69.73550575577656, 6.144555812846956], [66.85114117804086, 49.923970838458345, 49.50905587779805, 0.0, 73.78658397004067, 6.232697896986404, 49.482967686626985, 70.39647191219214, 55.75768023329822, 81.00557361899988, 35.80909533424151, 23.295369513211018, 11.597525240186839, 24.61285439622748, 34.150735757035584, 86.15716633885131, 72.4208624292992, 86.14696361774747, 72.62311930133731, 83.42837431737976, 28.46993476862216, 28.648230697243182, 69.16281748271795, 75.83893696063377, 80.01360924705621, 31.52984837666835, 90.14503951506704, 45.66156611004312, 14.292049104463205, 74.49967809877234, 56.922340953303475, 20.591374245887227, 54.67124617076555], [57.016201440035495, 75.48618291973617, 48.63529906593223, 73.78658397004067, 0.0, 79.21242071769431, 63.979244316436166, 59.72866851312944, 25.362891090152345, 56.216369512777085, 50.17882462915863, 86.73326419432108, 81.22070836793047, 49.2909217969385, 58.87438678037454, 15.961040143952648, 2.979768320618152, 13.266426080752083, 50.24426182072382, 37.14459649378529, 78.47815757338452, 71.17218419858106, 39.41633807879929, 35.55367093123984, 20.20354425996941, 64.11216928625039, 33.18626261187738, 38.984633525725336, 68.77494436443966, 8.631022930181132, 46.76207964470657, 87.57552853986596, 44.73832768168732], [68.401882848417, 48.90502704230565, 51.82936400949051, 6.232697896986404, 79.21242071769431, 0.0, 49.95018626148255, 71.79190164672849, 60.20808160236098, 83.05045012915843, 42.007029710622504, 24.543308488494077, 12.594778355365964, 30.33496770192647, 40.04018590317504, 91.15570519867545, 77.73740115735968, 91.37420406864825, 74.90656717620688, 89.64535700987803, 25.990613411216355, 27.78835030019473, 72.2572069584113, 79.30962639677601, 84.5344841177042, 37.089581483565034, 94.18876242755398, 49.287941836374394, 15.103825775614228, 79.54742163930572, 63.0906795355195, 20.913120064394917, 57.31903386736787], [20.640331059922875, 11.834239013402616, 15.34806933008956, 49.482967686626985, 63.979244316436166, 49.95018626148255, 0.0, 23.20376590039039, 38.722321165645546, 36.316742058781585, 63.970337940375614, 72.72218629597172, 61.042738715734714, 44.23355505613333, 69.08692530446898, 67.4624606477023, 61.19425763047761, 70.72451026199938, 30.12373090196443, 93.27335248546962, 28.637189393974793, 23.0006047789235, 33.538790067543104, 42.19024998246944, 56.40116105092776, 70.26644804678469, 59.74040179620383, 26.285163992398726, 35.284374816986, 58.81298284121373, 80.43640795866123, 70.01914595130297, 20.093081493444586], [3.899935065915906, 31.605756713647043, 22.478618674063444, 70.39647191219214, 59.72866851312944, 71.79190164672849, 23.20376590039039, 0.0, 38.3725816085879, 13.721489356302268, 76.76908927498157, 93.12532135158838, 81.96146161547165, 59.13936792065007, 83.54149818268645, 57.54029578868286, 56.74929832161989, 62.1483369743577, 11.126637440570196, 94.53119806032053, 51.83843730395005, 45.93651143966818, 20.752306007782632, 27.706363080458, 45.545615734909006, 85.93074319072623, 43.88863124360485, 32.850536927799624, 56.73656222312179, 52.331145144500816, 89.1312748103036, 90.93248826507393, 20.20625829271794], [34.98205855502292, 50.14200539520357, 23.43080176863158, 55.75768023329822, 25.362891090152345, 60.20808160236098, 38.722321165645546, 38.3725816085879, 0.0, 39.639389870823344, 44.708129787132876, 73.53362693602365, 65.33895971921764, 33.834081887122544, 53.014627362903674, 32.18000028605087, 22.68327095429596, 33.94231637526122, 31.510505169943073, 56.57487276827942, 54.547340452723354, 47.05763262165836, 21.717543063464596, 23.914209362959475, 24.329095461240943, 57.01039904817472, 34.816556580838885, 13.92525961938644, 47.44112349620575, 21.478154242512662, 52.3135605875249, 73.14794913472522, 20.29306725303469], [15.676988408972406, 45.30552676187103, 31.537965792039838, 81.00557361899988, 56.216369512777085, 83.05045012915843, 36.316742058781585, 13.721489356302268, 39.639389870823344, 0.0, 82.36856831881109, 103.06910696939349, 92.40834532402953, 66.6327306922622, 89.89849750649428, 50.52917664340691, 53.33074672258811, 55.74066163143875, 8.85752900388355, 92.80066076339003, 64.75130023696167, 58.433791013027836, 18.07509374465438, 20.868345812844456, 38.82891010760563, 92.94825206940453, 33.69296482656363, 38.90964143590675, 67.95515005890248, 47.96239379407618, 91.94684802413276, 101.27347144733582, 27.000425111675057], [72.87809746376797, 70.49271971855815, 54.745437735824076, 35.80909533424151, 50.17882462915863, 42.007029710622504, 63.970337940375614, 76.76908927498157, 44.708129787132876, 82.36856831881109, 0.0, 38.93396900909484, 37.50240105260838, 20.092587176451495, 8.795068830435344, 65.58387845275081, 50.1244151591243, 63.43551776527137, 73.5957591739503, 48.71344105227216, 57.34359887791644, 53.18811273728855, 65.50884862960658, 68.62070957990721, 64.21210835166502, 13.937990961806548, 77.13019739111085, 44.03280038970741, 41.0924002077538, 54.63746667019265, 21.179211545993045, 41.03872806532043, 56.69675699104273], [89.47879260423854, 73.03042115540222, 71.57073709228708, 23.295369513211018, 86.73326419432108, 24.543308488494077, 72.72218629597172, 93.12532135158838, 73.53362693602365, 103.06910696939349, 38.93396900909484, 0.0, 12.04105442009838, 39.71554297084993, 32.247684480244416, 100.98386759583227, 86.04023726957584, 99.85181529445558, 94.46427273572218, 86.6590892371556, 50.52947327449082, 51.74630360029346, 89.82603429262393, 95.66598967753781, 96.87942676326692, 26.966222623401, 108.3353282285447, 65.84902357193353, 37.586745359234214, 89.40068326526166, 56.527851854332916, 4.621890095038356, 76.25250300409057], [78.39469315064915, 61.017209023899895, 60.876214019873416, 11.597525240186839, 81.22070836793047, 12.594778355365964, 61.042738715734714, 81.96146161547165, 65.33895971921764, 92.40834532402953, 37.50240105260838, 12.04105442009838, 0.0, 32.282815848992556, 33.12185098184899, 94.54818327706265, 80.16575171835056, 94.01606983540837, 83.94888893987991, 86.21440727440685, 38.532852143103185, 39.744433494470165, 80.0530091441893, 86.40773285112104, 89.30944850606916, 28.93461912524232, 100.05961343741619, 56.27062967603714, 25.778665321550363, 82.86352638114329, 57.527022215257325, 8.993933402720485, 65.8796587431213], [55.25186024409015, 50.40131012952684, 36.6735565643528, 24.61285439622748, 49.2909217969385, 30.33496770192647, 44.23355505613333, 59.13936792065007, 33.834081887122544, 66.6327306922622, 20.092587176451495, 39.71554297084993, 32.282815848992556, 0.0, 24.93681590248688, 62.270737351591926, 48.0577649658968, 61.87118674654481, 57.78259620171232, 61.27463679065793, 38.677436307801536, 33.69432479734164, 51.457841292820135, 56.49726480959785, 57.29261102374171, 26.809318142805285, 68.62172065242304, 27.81181255996756, 23.558640463293177, 50.584352113311766, 39.292429004847506, 39.5426663865806, 39.81815713685752], [79.64159732195179, 74.50421503853883, 61.21531701544445, 34.150735757035584, 58.87438678037454, 40.04018590317504, 69.08692530446898, 83.54149818268645, 53.014627362903674, 89.89849750649428, 8.795068830435344, 32.247684480244416, 33.12185098184899, 24.93681590248688, 0.0, 74.34729018909046, 58.87921782208392, 72.1162651073748, 81.07081691365642, 54.412608117946554, 58.89164229303897, 55.73855188340319, 73.41784020856379, 76.9122117009167, 72.97333107671325, 5.565285955832196, 85.8373527026211, 51.16839581946991, 42.330673763495426, 63.430713728833624, 24.58590752555737, 35.002149981662534, 63.71386095407784], [55.697168080713546, 79.29492142599095, 52.58013793897762, 86.15716633885131, 15.961040143952648, 91.15570519867545, 67.4624606477023, 57.54029578868286, 32.18000028605087, 50.52917664340691, 65.58387845275081, 100.98386759583227, 94.54818327706265, 62.270737351591926, 74.34729018909046, 0.0, 15.478534877284817, 5.696431734020882, 46.77202144331841, 49.20060905541756, 86.62007310423483, 79.09849708461233, 36.961302311460024, 30.16420821752041, 11.998924864842609, 79.46210243047446, 20.55726911392078, 45.80063640866206, 79.26720719796702, 11.68780953282058, 62.620522877074954, 101.4592121577967, 47.369785206230894], [54.03805159680754, 72.74487490700515, 45.84629826296456, 72.4208624292992, 2.979768320618152, 77.73740115735968, 61.19425763047761, 56.74929832161989, 22.68327095429596, 53.33074672258811, 50.1244151591243, 86.04023726957584, 80.16575171835056, 48.0577649658968, 58.87921782208392, 15.478534877284817, 0.0, 13.85873115598697, 47.28810362619536, 39.82499736777781, 76.23419805034027, 68.8814326738579, 36.45383716689658, 32.729282079762015, 17.983419944532468, 64.01961407065032, 31.235786635332104, 36.42609816433249, 66.93589412562682, 6.2210955205945115, 47.965997744789405, 86.73127861338203, 41.85528303871225], [60.10519081555729, 82.52091125044338, 55.59558058545561, 86.14696361774747, 13.266426080752083, 91.37420406864825, 70.72451026199938, 62.1483369743577, 33.94231637526122, 55.74066163143875, 63.43551776527137, 99.85181529445558, 94.01606983540837, 61.87118674654481, 72.1162651073748, 5.696431734020882, 13.85873115598697, 0.0, 51.56511162479438, 43.814452500694415, 88.45057921366978, 80.98137790672038, 41.43115293862391, 35.13515475778547, 16.929654449928496, 77.37118147184748, 26.24930393611806, 47.830627591953956, 80.13106184256517, 12.470622566596585, 58.85883413156889, 100.58226812758865, 50.706018203655354], [10.672684219551016, 40.36258566692558, 23.12487290350467, 72.62311930133731, 50.24426182072382, 74.90656717620688, 30.12373090196443, 11.126637440570196, 31.510505169943073, 8.85752900388355, 73.5957591739503, 94.46427273572218, 83.94888893987991, 57.78259620171232, 81.07081691365642, 46.77202144331841, 47.28810362619536, 51.56511162479438, 0.0, 86.1056094472068, 57.859458020555174, 51.189251008318216, 10.85958608323932, 16.70709066615877, 34.78052171309354, 84.09430222713124, 32.80747963479688, 30.052288766562178, 59.85527890797112, 42.4140152811707, 83.67572649958744, 92.76877677266552, 18.251552761850274], [91.35032904556422, 103.52954154275704, 78.83495354423195, 83.42837431737976, 37.14459649378529, 89.64535700987803, 93.27335248546962, 94.53119806032053, 56.57487276827942, 92.80066076339003, 48.71344105227216, 86.6590892371556, 86.21440727440685, 61.27463679065793, 54.412608117946554, 49.20060905541756, 39.82499736777781, 43.814452500694415, 86.1056094472068, 0.0, 98.93055626311805, 92.77097453602639, 75.28541439438014, 72.46995255874744, 57.05936002266809, 59.74711611656993, 69.23922291425433, 67.040629995853, 84.79250031543788, 45.767085454720714, 30.69533701330594, 89.30908074901251, 76.7341438160551], [49.13494892175086, 23.992212867964327, 37.02779223077218, 28.46993476862216, 78.47815757338452, 25.990613411216355, 28.637189393974793, 51.83843730395005, 54.547340452723354, 64.75130023696167, 57.34359887791644, 50.52947327449082, 38.532852143103185, 38.677436307801536, 58.89164229303897, 86.62007310423483, 76.23419805034027, 88.45057921366978, 57.859458020555174, 98.93055626311805, 0.0, 7.543318774256989, 58.673916595762854, 66.96578905751855, 77.33888762816882, 57.77620040364014, 83.89555313302482, 40.8249982970825, 16.563619190798796, 75.98101487658471, 77.76130031104476, 46.846030294293506, 43.17234640301006], [42.97686964153077, 21.290587374596903, 29.748508266188328, 28.648230697243182, 71.17218419858106, 27.78835030019473, 23.0006047789235, 45.93651143966818, 47.05763262165836, 58.433791013027836, 53.18811273728855, 51.74630360029346, 39.744433494470165, 33.69432479734164, 55.73855188340319, 79.09849708461233, 68.8814326738579, 80.98137790672038, 51.189251008318216, 92.77097453602639, 7.543318774256989, 0.0, 51.43958112978109, 59.644015459589305, 69.79730497033836, 55.30068912749718, 76.46749943740392, 33.298639649398524, 14.729271164710138, 68.51075645733994, 72.98571352593814, 48.52168487162757, 35.88425376787482], [18.736259277044386, 45.00392924411179, 21.694958186326613, 69.16281748271795, 39.41633807879929, 72.2572069584113, 33.538790067543104, 20.752306007782632, 21.717543063464596, 18.07509374465438, 65.50884862960658, 89.82603429262393, 80.0530091441893, 51.457841292820135, 73.41784020856379, 36.961302311460024, 36.45383716689658, 41.43115293862391, 10.85958608323932, 75.28541439438014, 58.673916595762854, 51.43958112978109, 0.0, 8.651462855872012, 25.021582270886853, 76.8953093162763, 26.204363985260773, 23.9889462155622, 57.60286326212044, 31.70998894173748, 74.00634399557812, 88.60694120487544, 15.580394347174618], [26.392225765795605, 53.63420642631941, 29.940759002501522, 75.83893696063377, 35.55367093123984, 79.30962639677601, 42.19024998246944, 27.706363080458, 23.914209362959475, 20.868345812844456, 68.62070957990721, 95.66598967753781, 86.40773285112104, 56.49726480959785, 76.9122117009167, 30.16420821752041, 32.729282079762015, 35.13515475778547, 16.70709066615877, 72.46995255874744, 66.96578905751855, 59.644015459589305, 8.651462855872012, 0.0, 18.226943088104125, 80.81248347721059, 17.55555383869051, 30.18273507817837, 64.9490510557958, 27.16710853203351, 74.74598377586909, 94.75130109097205, 23.797606924242142], [43.75262927022453, 68.21973106167569, 41.94115388794403, 80.01360924705621, 20.20354425996941, 84.5344841177042, 56.40116105092776, 45.545615734909006, 24.329095461240943, 38.82891010760563, 64.21210835166502, 96.87942676326692, 89.30944850606916, 57.29261102374171, 72.97333107671325, 11.998924864842609, 17.983419944532468, 16.929654449928496, 34.78052171309354, 57.05936002266809, 77.33888762816882, 69.79730497033836, 25.021582270886853, 18.226943088104125, 0.0, 77.68369687745086, 13.500947146150414, 36.79592815359544, 71.62694519739168, 11.765396428587078, 65.18556044055573, 96.833639453889, 36.38459883255051], [82.0390211196711, 74.86462922389322, 63.47688318450948, 31.52984837666835, 64.11216928625039, 37.089581483565034, 70.26644804678469, 85.93074319072623, 57.01039904817472, 92.94825206940453, 13.937990961806548, 26.966222623401, 28.93461912524232, 26.809318142805285, 5.565285955832196, 79.46210243047446, 64.01961407065032, 77.37118147184748, 84.09430222713124, 59.74711611656993, 57.77620040364014, 55.30068912749718, 76.8953093162763, 80.81248347721059, 77.68369687745086, 0.0, 90.38308564331028, 54.05406947418575, 41.28373576227409, 68.41434794070692, 29.58647991024073, 29.961916286917067, 66.40668357792721], [43.22367532846146, 71.18218207575673, 47.0305202152119, 90.14503951506704, 33.18626261187738, 94.18876242755398, 59.74040179620383, 43.88863124360485, 34.816556580838885, 33.69296482656363, 77.13019739111085, 108.3353282285447, 100.05961343741619, 68.62172065242304, 85.8373527026211, 20.55726911392078, 31.235786635332104, 26.24930393611806, 32.80747963479688, 69.23922291425433, 83.89555313302482, 76.46749943740392, 26.204363985260773, 17.55555383869051, 13.500947146150414, 90.38308564331028, 0.0, 45.07460124119206, 80.43710479553258, 25.084523341280256, 78.6863983956301, 107.95568351990185, 40.94210003919372], [28.98742020493691, 37.10852282820506, 12.142719335861267, 45.66156611004312, 38.984633525725336, 49.287941836374394, 26.285163992398726, 32.850536927799624, 13.92525961938644, 38.90964143590675, 44.03280038970741, 65.84902357193353, 56.27062967603714, 27.81181255996756, 51.16839581946991, 45.80063640866206, 36.42609816433249, 47.830627591953956, 30.052288766562178, 67.040629995853, 40.8249982970825, 33.298639649398524, 23.9889462155622, 30.18273507817837, 36.79592815359544, 54.05406947418575, 45.07460124119206, 0.0, 35.366037077405025, 35.38172908773374, 56.825101900667654, 64.71535272300683, 12.677859453553584], [53.31657473134329, 35.83278214301736, 36.82845876688171, 14.292049104463205, 68.77494436443966, 15.103825775614228, 35.284374816986, 56.73656222312179, 47.44112349620575, 67.95515005890248, 41.0924002077538, 37.586745359234214, 25.778665321550363, 23.558640463293177, 42.330673763495426, 79.26720719796702, 66.93589412562682, 80.13106184256517, 59.85527890797112, 84.79250031543788, 16.563619190798796, 14.729271164710138, 57.60286326212044, 64.9490510557958, 71.62694519739168, 41.28373576227409, 80.43710479553258, 35.366037077405025, 0.0, 67.90501864387488, 61.84130274845993, 34.74121014222434, 42.44190274774229], [49.86652362964102, 70.54564597299539, 43.55372472142754, 74.49967809877234, 8.631022930181132, 79.54742163930572, 58.81298284121373, 52.331145144500816, 21.478154242512662, 47.96239379407618, 54.63746667019265, 89.40068326526166, 82.86352638114329, 50.584352113311766, 63.430713728833624, 11.68780953282058, 6.2210955205945115, 12.470622566596585, 42.4140152811707, 45.767085454720714, 75.98101487658471, 68.51075645733994, 31.70998894173748, 27.16710853203351, 11.765396428587078, 68.41434794070692, 25.084523341280256, 35.38172908773374, 67.90501864387488, 0.0, 53.81741832456222, 89.81419004081796, 38.97738115160402], [85.38363521132601, 88.47734238225432, 68.74223516449511, 56.922340953303475, 46.76207964470657, 63.0906795355195, 80.43640795866123, 89.1312748103036, 52.3135605875249, 91.94684802413276, 21.179211545993045, 56.527851854332916, 57.527022215257325, 39.292429004847506, 24.58590752555737, 62.620522877074954, 47.965997744789405, 58.85883413156889, 83.67572649958744, 30.69533701330594, 77.76130031104476, 72.98571352593814, 74.00634399557812, 74.74598377586909, 65.18556044055573, 29.58647991024073, 78.6863983956301, 56.825101900667654, 61.84130274845993, 53.81741832456222, 0.0, 59.517389692218444, 69.08089343393355], [87.35233401058203, 69.74497965636324, 69.73550575577656, 20.591374245887227, 87.57552853986596, 20.913120064394917, 70.01914595130297, 90.93248826507393, 73.14794913472522, 101.27347144733582, 41.03872806532043, 4.621890095038356, 8.993933402720485, 39.5426663865806, 35.002149981662534, 101.4592121577967, 86.73127861338203, 100.58226812758865, 92.76877677266552, 89.30908074901251, 46.846030294293506, 48.52168487162757, 88.60694120487544, 94.75130109097205, 96.833639453889, 29.961916286917067, 107.95568351990185, 64.71535272300683, 34.74121014222434, 89.81419004081796, 59.517389692218444, 0.0, 74.64286861469665], [16.371764185152884, 31.92664508258074, 6.144555812846956, 54.67124617076555, 44.73832768168732, 57.31903386736787, 20.093081493444586, 20.20625829271794, 20.29306725303469, 27.000425111675057, 56.69675699104273, 76.25250300409057, 65.8796587431213, 39.81815713685752, 63.71386095407784, 47.369785206230894, 41.85528303871225, 50.706018203655354, 18.251552761850274, 76.7341438160551, 43.17234640301006, 35.88425376787482, 15.580394347174618, 23.797606924242142, 36.38459883255051, 66.40668357792721, 40.94210003919372, 12.677859453553584, 42.44190274774229, 38.97738115160402, 69.08089343393355, 74.64286861469665, 0.0]]",Route_0,1537.063132881236
