instance_id,num_cities,city_coordinates,distance_matrix,best_route,total_distance
1109,27,"[[83.57026971162652, 56.12223940686989], [23.135644984533922, 51.80935407652692], [22.281211102982134, 23.80530454638352], [93.09445524255906, 99.85964696323742], [24.109960967416534, 85.62814315254022], [10.503232840271748, 58.96117030527004], [74.14309316027575, 6.324733797895998], [53.44898160942593, 28.722618857534133], [57.305595644513154, 9.119113903353892], [3.7185230723379092, 61.24322763291129], [12.728255724844505, 5.360782392386487], [50.872012898731825, 19.92656237025652], [39.59782998204309, 41.14172272985829], [82.89959553977245, 11.240971416946744], [59.56603877224548, 63.02199677044099], [52.02273706135249, 6.107564860527992], [9.004174506054829, 34.97086753476384], [30.40419179380266, 94.83216382972611], [88.7054163659007, 3.1297481253986903], [94.64188164595927, 80.08736928702304], [80.34893414358366, 25.433104574864174], [9.980942152524165, 76.48754212065303], [11.89749415226432, 66.39412841403664], [59.35402400638041, 71.92823386353831], [24.21870110458154, 84.9123725785331], [33.76587802659575, 81.50040220474824], [96.18548988652981, 88.52608144859634]]","[[0.0, 60.58832268496298, 69.28732195655108, 44.76238297699778, 66.37866126855481, 73.12216767715388, 50.68198124191796, 40.71892929809615, 53.843541032801454, 80.01578570354975, 87.15111280951417, 48.77809995008862, 46.454185340850294, 44.8862787522879, 24.976183749069673, 59.13302365258017, 77.50795498707537, 65.7654171277531, 53.24071621773794, 26.399015909633235, 30.857738082674892, 76.35531864398763, 72.40509968336666, 28.91809151415569, 65.96575220642049, 55.897482752907386, 34.7728738980034], [60.58832268496298, 0.0, 28.01708134950299, 84.87087709701736, 33.83282113868686, 14.516415258327928, 68.34186455820642, 38.103749427135135, 54.68127772966367, 21.58755645345093, 47.60024750670348, 42.25894594115158, 19.61636799819587, 72.23242663501705, 38.11688533588647, 54.065863779266394, 21.982563246838676, 43.632487114287926, 81.66455139509324, 76.8946553781524, 63.00053169752619, 27.965320876752592, 18.41226972985471, 41.43115135805841, 33.12073134010382, 31.536648418639825, 81.75816723190734], [69.28732195655108, 28.01708134950299, 0.0, 103.91717156481593, 61.84988035064876, 37.07634918939198, 54.728650305096245, 31.55328664936498, 37.978832369050636, 41.78721660933869, 20.771599696363687, 28.852705041169195, 24.503401495199903, 61.90679283175607, 54.111988720828904, 34.60879015973721, 17.347896058128647, 71.48984232014499, 69.56761946572318, 91.6719011087848, 58.09053444454378, 54.09911988272429, 43.83639465264684, 60.74709690704774, 61.13777580998555, 58.82705047981402, 98.23757623914761], [44.76238297699778, 84.87087709701736, 103.91717156481593, 0.0, 70.43717875604518, 92.16287436297975, 95.43549709422467, 81.43856793502127, 97.54325610374332, 97.36162022682016, 124.05144670700592, 90.39929562793317, 79.43351648102285, 89.20316597485899, 49.81131581010113, 102.35398835878173, 106.21548385269068, 62.89153136895479, 96.82942213727878, 19.832737909307074, 75.50998953762839, 86.33719559344141, 87.82304607599158, 43.801604282826716, 70.47900765197227, 62.104282803786035, 11.747518991041847], [66.37866126855481, 33.83282113868686, 61.84988035064876, 70.43717875604518, 0.0, 29.937776991003826, 93.76750531126653, 64.023564626798, 83.40013020534266, 31.78733779869412, 81.07029306490423, 70.94297104622393, 47.105367938673844, 94.81388322377595, 42.04962910122968, 84.27719407506547, 52.86155841092485, 11.150396330260861, 104.77861442198903, 70.74921914504105, 82.37878836980764, 16.827945801425663, 22.783583315013615, 37.813112725896296, 0.723983378293419, 10.501189436717482, 72.13376404526305], [73.12216767715388, 14.516415258327928, 37.07634918939198, 92.16287436297975, 29.937776991003826, 0.0, 82.58708294730138, 52.5233979384491, 68.37171747463735, 7.158217116135693, 53.646549854100265, 56.1545992777844, 34.11785888262651, 86.70900019063066, 49.23057218333694, 67.2114040864555, 24.037092230757498, 41.02165700824007, 96.08709180115288, 86.75038043872456, 77.47614589132505, 17.534152291273145, 7.562594188028238, 50.54250226174926, 29.352665452001165, 32.39085728540168, 90.63957823960689], [50.68198124191796, 68.34186455820642, 54.728650305096245, 95.43549709422467, 93.76750531126653, 82.58708294730138, 0.0, 30.494450446331662, 17.067802517227886, 89.30655651841853, 61.422401935553054, 26.954645556028044, 49.046895175349704, 10.042197281924958, 58.541183308928034, 22.12142211275146, 71.15953696808131, 98.72515719706585, 14.908695133798462, 76.55799581808954, 20.090851053656127, 95.0768178562864, 86.50344944229553, 67.24980139228241, 93.1045750285482, 85.33288124965944, 85.10539823670925], [40.71892929809615, 38.103749427135135, 31.55328664936498, 81.43856793502127, 64.023564626798, 52.5233979384491, 30.494450446331662, 0.0, 19.979261205164747, 59.41976524213276, 46.94627695133579, 9.165772060403587, 18.60345511985145, 34.2483088357851, 34.84057567758611, 22.659983247972907, 44.88186148087408, 70.0109582428103, 43.56617063788551, 65.84217949083634, 27.100338569025826, 64.582957106023, 56.086261616979954, 43.607277990685034, 63.33796429960788, 56.328669269723505, 73.50417183806336], [53.843541032801454, 54.68127772966367, 37.978832369050636, 97.54325610374332, 83.40013020534266, 68.37171747463735, 17.067802517227886, 19.979261205164747, 0.0, 74.75625444701875, 44.73549250941599, 12.57743731097759, 36.59251891865701, 25.68180503676724, 53.95025842863613, 6.0809557182255425, 54.78449096061609, 89.83547437855381, 31.96593880613269, 80.19034558214265, 28.23369867397592, 82.32938690775131, 73.09119624366049, 62.84251434281206, 82.70042715064525, 76.1128714587806, 88.41443700551166], [80.01578570354975, 21.58755645345093, 41.78721660933869, 97.36162022682016, 31.78733779869412, 7.158217116135693, 89.30655651841853, 59.41976524213276, 74.75625444701875, 0.0, 56.60408968025099, 62.69384683710275, 41.12657490830329, 93.64757265289948, 55.87583582816502, 73.30237648566712, 26.798787588349665, 42.89920220639842, 102.95605145964716, 92.85558038689733, 84.58477885754968, 16.480504146932326, 9.66578226442487, 56.65225787495484, 31.312708631010164, 36.2380554304593, 96.40795643589229], [87.15111280951417, 47.60024750670348, 20.771599696363687, 124.05144670700592, 81.07029306490423, 53.646549854100265, 61.422401935553054, 46.94627695133579, 44.73549250941599, 56.60408968025099, 0.0, 40.830235827193064, 44.74650502773178, 70.41728164581937, 74.28723688728341, 39.30157690932894, 29.84335643092074, 91.20069523978323, 76.00991022871513, 110.87788282820877, 70.53690004251479, 71.17979826683421, 61.038999757441594, 81.27230686530089, 80.37714747469792, 78.9925519101778, 117.82010397647421], [48.77809995008862, 42.25894594115158, 28.852705041169195, 90.39929562793317, 70.94297104622393, 56.1545992777844, 26.954645556028044, 9.165772060403587, 12.57743731097759, 62.69384683710275, 40.830235827193064, 0.0, 24.024783651941057, 33.184417126671114, 43.96365034923656, 13.866825818200871, 44.48872901711331, 77.65166341288689, 41.39443666346777, 74.39841462710062, 29.986845334685054, 69.79415517861166, 60.64855979783703, 52.68888260843525, 70.23926649689854, 63.90584951494933, 82.21438569072451], [46.454185340850294, 19.61636799819587, 24.503401495199903, 79.43351648102285, 47.105367938673844, 34.11785888262651, 49.046895175349704, 18.60345511985145, 36.59251891865701, 41.12657490830329, 44.74650502773178, 24.024783651941057, 0.0, 52.62221802141315, 29.62221724280803, 37.17217418369056, 31.209793482531897, 54.47188677322137, 62.10044487584705, 67.42856226656085, 43.67394159821323, 46.11384817072837, 37.48323088957045, 36.58027433073002, 46.39382925783199, 40.77786988756953, 73.80677953041916], [44.8862787522879, 72.23242663501705, 61.90679283175607, 89.20316597485899, 94.81388322377595, 86.70900019063066, 10.042197281924958, 34.2483088357851, 25.68180503676724, 93.64757265289948, 70.41728164581937, 33.184417126671114, 52.62221802141315, 0.0, 56.79550561516834, 31.300674950707656, 77.6121203132139, 98.70792705473397, 9.974943546229031, 69.84058836152795, 14.41951861644719, 97.84807101012979, 89.90644653298023, 65.0948366776933, 94.18557597013147, 85.73511422568069, 78.41876829686491], [24.976183749069673, 38.11688533588647, 54.111988720828904, 49.81131581010113, 42.04962910122968, 49.23057218333694, 58.541183308928034, 34.84057567758611, 53.95025842863613, 55.87583582816502, 74.28723688728341, 43.96365034923656, 29.62221724280803, 56.79550561516834, 0.0, 57.41214122752856, 57.8218641127156, 43.15437460482706, 66.60469033262738, 39.006944156536704, 42.951758479795515, 51.380956767714196, 47.78767014627176, 8.908760262764252, 41.576710225934875, 31.734835148398055, 44.62558162289852], [59.13302365258017, 54.065863779266394, 34.60879015973721, 102.35398835878173, 84.27719407506547, 67.2114040864555, 22.12142211275146, 22.659983247972907, 6.0809557182255425, 73.30237648566712, 39.30157690932894, 13.866825818200871, 37.17217418369056, 31.300674950707656, 57.41214122752856, 0.0, 51.80431416000609, 91.32040276811165, 36.80334704165296, 85.37800037542502, 34.2906682115089, 81.9808131107011, 72.41895375938931, 66.22769991683374, 83.56591491126731, 77.5718558797392, 93.50486946504661], [77.50795498707537, 21.982563246838676, 17.347896058128647, 106.21548385269068, 52.86155841092485, 24.037092230757498, 71.15953696808131, 44.88186148087408, 54.78449096061609, 26.798787588349665, 29.84335643092074, 44.48872901711331, 31.209793482531897, 77.6121203132139, 57.8218641127156, 51.80431416000609, 0.0, 63.57149938478067, 85.82624796204888, 96.79522516395966, 71.97946686393279, 41.528163259477374, 31.55618200704861, 62.457619796664275, 52.2076215284139, 52.70805970479704, 102.31687392031776], [65.7654171277531, 43.632487114287926, 71.48984232014499, 62.89153136895479, 11.150396330260861, 41.02165700824007, 98.72515719706585, 70.0109582428103, 89.83547437855381, 42.89920220639842, 91.20069523978323, 77.65166341288689, 54.47188677322137, 98.70792705473397, 43.15437460482706, 91.32040276811165, 63.57149938478067, 0.0, 108.66630495519522, 65.90819193126444, 85.50267079948934, 27.45240010561877, 33.929628879481264, 36.91453362880859, 11.690276024700474, 13.74906550835304, 66.08287110713202], [53.24071621773794, 81.66455139509324, 69.56761946572318, 96.82942213727878, 104.77861442198903, 96.08709180115288, 14.908695133798462, 43.56617063788551, 31.96593880613269, 102.95605145964716, 76.00991022871513, 41.39443666346777, 62.10044487584705, 9.974943546229031, 66.60469033262738, 36.80334704165296, 85.82624796204888, 108.66630495519522, 0.0, 77.18624926032766, 23.81744117330437, 107.60533806472039, 99.50798323793634, 74.79796703991029, 104.1486154859337, 95.70952039249298, 85.72330631118176], [26.399015909633235, 76.8946553781524, 91.6719011087848, 19.832737909307074, 70.74921914504105, 86.75038043872456, 76.55799581808954, 65.84217949083634, 80.19034558214265, 92.85558038689733, 110.87788282820877, 74.39841462710062, 67.42856226656085, 69.84058836152795, 39.006944156536704, 85.37800037542502, 96.79522516395966, 65.90819193126444, 77.18624926032766, 0.0, 56.49227380387869, 84.73743819315531, 83.86977111756278, 36.218840230603014, 70.58827816519232, 60.89240082876792, 8.57872888872486], [30.857738082674892, 63.00053169752619, 58.09053444454378, 75.50998953762839, 82.37878836980764, 77.47614589132505, 20.090851053656127, 27.100338569025826, 28.23369867397592, 84.58477885754968, 70.53690004251479, 29.986845334685054, 43.67394159821323, 14.41951861644719, 42.951758479795515, 34.2906682115089, 71.97946686393279, 85.50267079948934, 23.81744117330437, 56.49227380387869, 0.0, 86.93796575703085, 79.77095405495943, 51.01552018003701, 81.78255549483006, 72.89391593759008, 65.05013626879457], [76.35531864398763, 27.965320876752592, 54.09911988272429, 86.33719559344141, 16.827945801425663, 17.534152291273145, 95.0768178562864, 64.582957106023, 82.32938690775131, 16.480504146932326, 71.17979826683421, 69.79415517861166, 46.11384817072837, 97.84807101012979, 51.380956767714196, 81.9808131107011, 41.528163259477374, 27.45240010561877, 107.60533806472039, 84.73743819315531, 86.93796575703085, 0.0, 10.27376132780101, 49.583147374193416, 16.543625606889, 24.30744619980496, 87.04108500687991], [72.40509968336666, 18.41226972985471, 43.83639465264684, 87.82304607599158, 22.783583315013615, 7.562594188028238, 86.50344944229553, 56.086261616979954, 73.09119624366049, 9.66578226442487, 61.038999757441594, 60.64855979783703, 37.48323088957045, 89.90644653298023, 47.78767014627176, 72.41895375938931, 31.55618200704861, 33.929628879481264, 99.50798323793634, 83.86977111756278, 79.77095405495943, 10.27376132780101, 0.0, 47.77811788801246, 22.24269560322528, 26.578670416615257, 87.14522115425214], [28.91809151415569, 41.43115135805841, 60.74709690704774, 43.801604282826716, 37.813112725896296, 50.54250226174926, 67.24980139228241, 43.607277990685034, 62.84251434281206, 56.65225787495484, 81.27230686530089, 52.68888260843525, 36.58027433073002, 65.0948366776933, 8.908760262764252, 66.22769991683374, 62.457619796664275, 36.91453362880859, 74.79796703991029, 36.218840230603014, 51.01552018003701, 49.583147374193416, 47.77811788801246, 0.0, 37.45769311615304, 27.319949147742417, 40.39858194711079], [65.96575220642049, 33.12073134010382, 61.13777580998555, 70.47900765197227, 0.723983378293419, 29.352665452001165, 93.1045750285482, 63.33796429960788, 82.70042715064525, 31.312708631010164, 80.37714747469792, 70.23926649689854, 46.39382925783199, 94.18557597013147, 41.576710225934875, 83.56591491126731, 52.2076215284139, 11.690276024700474, 104.1486154859337, 70.58827816519232, 81.78255549483006, 16.543625606889, 22.24269560322528, 37.45769311615304, 0.0, 10.138546691307697, 72.05746026181556], [55.897482752907386, 31.536648418639825, 58.82705047981402, 62.104282803786035, 10.501189436717482, 32.39085728540168, 85.33288124965944, 56.328669269723505, 76.1128714587806, 36.2380554304593, 78.9925519101778, 63.90584951494933, 40.77786988756953, 85.73511422568069, 31.734835148398055, 77.5718558797392, 52.70805970479704, 13.74906550835304, 95.70952039249298, 60.89240082876792, 72.89391593759008, 24.30744619980496, 26.578670416615257, 27.319949147742417, 10.138546691307697, 0.0, 62.81375735921438], [34.7728738980034, 81.75816723190734, 98.23757623914761, 11.747518991041847, 72.13376404526305, 90.63957823960689, 85.10539823670925, 73.50417183806336, 88.41443700551166, 96.40795643589229, 117.82010397647421, 82.21438569072451, 73.80677953041916, 78.41876829686491, 44.62558162289852, 93.50486946504661, 102.31687392031776, 66.08287110713202, 85.72330631118176, 8.57872888872486, 65.05013626879457, 87.04108500687991, 87.14522115425214, 40.39858194711079, 72.05746026181556, 62.81375735921438, 0.0]]",Route_4,1413.8791277590394
