instance_id,num_cities,city_coordinates,distance_matrix,best_route,total_distance
1846,60,"[[7.638858658737046, 50.87198092960041], [64.3234786448096, 98.9874266223069], [51.46175013181885, 56.98397153245617], [4.589001766099754, 91.48923236641568], [55.07296100012796, 65.51766853134534], [29.251506186140208, 4.123464231427365], [76.30165869463077, 84.0001757262055], [10.651564289745341, 31.33327378695473], [85.84870877559943, 63.750201239966785], [70.53805066901657, 82.10956997362373], [56.688083967685785, 76.41666969352006], [15.323512891306013, 55.10697153782252], [15.900232621689126, 99.43574738104614], [19.35305055794998, 95.89956246447584], [29.380130654777325, 36.481175873237845], [26.319212716208806, 31.695280664691406], [56.32351194377541, 85.43139457076782], [75.21599826046341, 92.47023486118626], [30.003123860374426, 24.499788382798815], [83.76479852397733, 18.141635977361382], [57.450902715755305, 68.52500990198362], [53.79807254227313, 79.76731095117013], [3.7999141716900553, 4.150093194986226], [53.69286593017093, 65.70467652402947], [45.67290706584962, 68.37606452263623], [3.5435230372325544, 18.84382534558292], [28.28575292946207, 39.99286433200287], [51.12992402682773, 75.77558908346242], [85.47636536548511, 72.25558774857926], [66.83074294187679, 93.75798443923924], [1.8951155776829598, 89.75588312958598], [36.53826534450846, 82.50897398773543], [97.39082955862075, 93.75063774669972], [13.14670746168478, 21.421271951080854], [64.88482073508303, 96.6508471598566], [99.21901552694462, 36.25816600451473], [45.02965512600427, 41.464423823019516], [23.10477585204298, 87.07099641134647], [50.37234211595896, 57.837743437550316], [48.99820078397784, 78.48867252970518], [75.20173885363663, 87.61435033837631], [60.445541959603865, 76.70903186817802], [7.472843226431392, 93.3107300018233], [70.18916942454116, 55.986095725140636], [19.74178561153512, 42.850875162178916], [78.8339457269082, 91.92098336203067], [6.787029598611049, 11.189528777020241], [36.08737580974422, 9.371784116064074], [90.77212585703656, 29.702378640813855], [88.93810068321284, 76.31663867847783], [81.93076801276553, 90.36550836094904], [80.2693122833102, 5.557435038043379], [69.86726066320423, 54.43738063830234], [6.9350862565047855, 67.76771412746626], [46.18321114995588, 53.66018363660785], [92.31274093452711, 6.306120842771401], [39.03567778129544, 38.22691200752324], [30.306388922075634, 88.64296553245316], [70.9388702370699, 93.51639073593098], [13.00843873297939, 93.12886353246216]]","[[0.0, 74.35215031976709, 44.24705918127106, 40.73159389647106, 49.643632323405306, 51.502721739954005, 76.23685066456339, 19.76960980963414, 79.26303813041999, 70.22887814018743, 55.302419725121794, 8.774340780130983, 49.26144244443425, 46.52639455977048, 26.072556034574664, 26.771280521533946, 59.70384021740733, 79.3541714524694, 34.57821420684918, 82.86394994844706, 52.84760320996714, 54.45744323232095, 46.879337540760105, 48.38367952475588, 41.868625254079795, 32.288922620099825, 23.33772527412687, 50.116488962542455, 80.7213484210449, 73.09506455306924, 39.30583207208823, 42.849446163866496, 99.46856534027295, 29.96131935969418, 73.2994186018834, 92.7388199119989, 38.55611224138377, 39.36449309311485, 43.297487868302696, 49.73205038974379, 76.90737604418256, 58.78859585362369, 42.43907378747636, 62.75902761388702, 14.51960669429198, 82.181269297463, 39.69159384037746, 50.314853310462915, 85.78631695165178, 85.18801184269884, 84.13695088626561, 85.6071893188259, 62.33045877508353, 16.910384261973768, 38.64506673952952, 95.68585174900818, 33.84757035680302, 44.050700404287674, 76.32455144674836, 42.59667261049554], [74.35215031976709, 0.0, 43.92851351715633, 60.20324447297006, 34.724584711153184, 101.13957985200389, 19.185788665797045, 86.358316255046, 41.29161639884417, 17.985631779216277, 23.82726002321353, 65.77606694129693, 48.42532134037283, 45.07631647963961, 71.61053659523847, 77.28232098192208, 15.740567721655106, 12.693335732919925, 82.01399272703, 83.1505068153555, 31.228050408939197, 21.913398185475227, 112.5043184421676, 34.93925272230395, 35.84549218268684, 100.5842921596685, 69.13086180975313, 26.699424813792906, 34.08864658781082, 5.799434438063364, 63.10722550151432, 32.30414028221532, 33.47945122287417, 92.92776904246908, 2.403062322674359, 71.78202164851125, 60.67246061452947, 42.90667510878834, 43.4503237807553, 25.594199750346863, 15.737960774225288, 22.61338687050796, 57.13334956043071, 43.3995482378678, 71.68570124891512, 16.139649168782153, 104.97101426059098, 93.95871904788348, 74.16163976851264, 33.46407393141953, 19.604951246878173, 94.78097350134303, 44.89365340718437, 65.33068214227178, 48.8224155636471, 96.81540809459186, 65.81271160472029, 35.55517217570505, 8.584616449729218, 51.64838896452065], [44.24705918127106, 43.92851351715633, 0.0, 58.20367311927661, 9.266327665490998, 57.33697034417387, 36.700086463756676, 48.20196638411808, 35.046323476562776, 31.546805531024724, 20.12322844831176, 36.18694957897727, 55.37846874302494, 50.451876138685456, 30.132416905593907, 35.66041325476641, 28.859878818818068, 42.7029178065526, 38.931925156072204, 50.51944147356256, 13.002519575858274, 22.90281549229082, 71.1552479250041, 9.00158726312797, 12.77851660950244, 61.24399757563517, 28.737163572992817, 18.794547048206294, 37.28560461286519, 39.856416864337675, 59.42095127775514, 29.5674846501879, 58.83254270812265, 52.27569316928611, 41.87648321504408, 52.06068970732644, 16.799649022205948, 41.344250584172336, 1.3841012574764486, 21.645351472552502, 38.753156907614596, 21.674559300083683, 57.04960395675487, 18.753985962782775, 34.726078992302064, 44.38278818726531, 63.97625842452118, 50.0329069350254, 47.84967032658735, 42.169051087614406, 45.19610659848339, 58.94543487771726, 18.580848826227648, 45.81389418310382, 6.237831334657486, 65.09261094847048, 22.499656799211838, 38.07678044434106, 41.40019155091907, 52.7741449502331], [40.73159389647106, 60.20324447297006, 58.20367311927661, 0.0, 56.772812753836284, 90.78004497732448, 72.10264303830661, 60.460681578749444, 85.86380978680035, 66.61272489398755, 54.23556500835945, 37.93281734984842, 13.823568437497768, 15.408703654168622, 60.33644297380869, 63.620112606347796, 52.08797310399403, 70.63380918306474, 71.64819053581773, 107.92903542743421, 57.6345042956658, 50.585927769683465, 87.34270370464824, 55.461994156653674, 47.13921724481152, 72.65292965183833, 56.68696443128708, 49.122052380809855, 83.14264053627596, 62.28307619699239, 3.2033611056140474, 33.187354274640356, 92.82937679380758, 70.58862092106047, 60.51634533261465, 109.5687464373413, 64.32672783516504, 19.03561658986525, 56.820216127014106, 46.27301063770753, 70.71897446742867, 57.778952994638495, 3.4109229255618314, 74.5912508822896, 50.9440541161912, 74.24619931461677, 80.32978104599353, 87.95125283100013, 106.04313354188817, 85.70284760349669, 77.34992929404882, 114.50669496612784, 75.06058087384812, 23.837251099842213, 56.22379551462388, 122.27680443379232, 63.43065708716208, 25.874412786002857, 66.38082868697961, 8.577605096991253], [49.643632323405306, 34.724584711153184, 9.266327665490998, 56.772812753836284, 0.0, 66.60327206925255, 28.147125572829754, 56.05205910349335, 30.8264592803898, 22.68171492495762, 11.018023803451273, 41.09015985423851, 51.816394330997866, 46.89319226669482, 38.771631859380136, 44.39292692960628, 19.952953727100926, 33.64792388596563, 48.07247888443337, 55.38691182085456, 3.8338895292474566, 14.306559672850833, 79.96814761975482, 1.392707575712664, 9.82504155769173, 69.5250358827741, 37.00094790185677, 10.98965307124655, 31.141075003624845, 30.590208870933854, 58.4412037066642, 25.14437122217997, 50.87143157066667, 60.84655230277045, 32.642723583874286, 52.962181020066346, 26.06581235794909, 38.55529541275848, 9.00428050099, 14.323046338303433, 29.890316906267064, 12.414154804219486, 55.120100489490675, 17.870384363249762, 41.97708274737533, 35.52069015707003, 72.68478479350046, 59.2689866776499, 50.568422572031494, 35.54525906493732, 36.5890276138315, 65.03910914639599, 18.483616591825687, 48.19043151931073, 14.819838070220682, 69.94861391935328, 31.654065215759974, 33.884545944822804, 32.18160221313472, 50.31701623658876], [51.502721739954005, 101.13957985200389, 57.33697034417387, 90.78004497732448, 66.60327206925255, 0.0, 92.70386124802053, 32.95954451440938, 82.21065081385632, 88.24064508019852, 77.3244680314527, 52.851745614333254, 96.24285856616018, 92.30835081781828, 32.35796728702979, 27.7273043483028, 85.69640034335441, 99.58858575337713, 20.390181829743074, 56.28683843145745, 70.3048010408337, 79.5268851800193, 25.451605944846055, 66.25425098485118, 66.31786373997564, 29.624135918464575, 35.88239879004678, 74.9179028205097, 88.33584235571429, 97.19334466941828, 89.89595804858081, 78.72347171452952, 112.58773299963106, 23.634269480170634, 99.15164999801102, 76.99409991292072, 40.53760287917197, 83.17496852141771, 57.717532007247634, 76.94229105496221, 95.30032500007844, 79.00463592084603, 91.80783482858003, 66.07287504622018, 39.87790293892549, 100.83066337331401, 23.549564253168896, 8.61823503522532, 66.62632743183282, 93.67146843836836, 101.05837324158998, 51.0379546146068, 64.66165553045445, 67.44340696691765, 52.35044605740514, 63.0989961716841, 35.479221581375505, 84.5260840081964, 98.6353467604506, 90.47540187821538], [76.23685066456339, 19.185788665797045, 36.700086463756676, 72.10264303830661, 28.147125572829754, 92.70386124802053, 0.0, 84.1649419607061, 22.38766696066927, 6.06577015593401, 21.028596655916715, 67.47704434756405, 62.342514738794065, 58.17851298763272, 66.78087406302117, 72.34671349399274, 20.0293468435629, 8.539353624741597, 75.3913152943645, 66.28005517470893, 24.389172972084847, 22.898221195549617, 107.85424720015571, 29.08406438796193, 34.3836193155849, 97.66829730912082, 65.13194809458625, 26.481315141628926, 14.903375096280097, 13.59827474630222, 74.62882704644059, 39.79134495517044, 23.234126567264457, 88.90819457694603, 17.040647778672216, 52.95757487315311, 52.79420798880857, 53.285441575052204, 36.83479769858187, 27.854182475237526, 3.7778408891683943, 17.452140747577424, 69.45568558206497, 28.673179164212378, 69.94486528748546, 8.315748385899294, 100.66615105146361, 84.7737304963177, 56.19292827593726, 14.789063786954314, 8.497313179260995, 78.54301905115442, 30.254922433154192, 71.24053748652044, 42.750859669697654, 79.32667217728721, 59.0249523921291, 46.22899889284995, 10.923270945640445, 63.94814019326977], [19.76960980963414, 86.358316255046, 48.20196638411808, 60.460681578749444, 56.05205910349335, 32.95954451440938, 84.1649419607061, 0.0, 81.8869203494689, 78.5151164126436, 64.43503496177766, 24.228409119982285, 68.30443198572598, 65.14999230134063, 19.42318444486808, 15.671830020606775, 70.79924769976367, 88.91734444612769, 20.52265530053112, 74.29377045411793, 59.777950051521145, 64.86506864568977, 28.033380396160222, 55.081276065613174, 50.97708107894058, 14.370475733847794, 19.64568953712243, 60.11336786371941, 85.28415231447046, 83.98181120962768, 59.07517817534436, 57.350445356063794, 106.8626570092079, 10.22122888124726, 84.89777085407002, 88.70427262543927, 35.83982883049703, 57.111961983186795, 47.75172355610597, 60.77907667124102, 85.64043796020553, 67.3676453027124, 62.05891834752122, 64.43980178975387, 14.672670687972506, 91.21243166365274, 20.51109678696488, 33.60487369780676, 80.13715870203914, 90.2900044160461, 92.55014641904627, 74.23627616539898, 63.56334203290573, 36.623498629948685, 41.96413745131963, 85.41022278101022, 29.209247621554365, 60.58640853600507, 86.61004151873138, 61.84051882977885], [79.26303813041999, 41.29161639884417, 35.046323476562776, 85.86380978680035, 30.8264592803898, 82.21065081385632, 22.38766696066927, 81.8869203494689, 0.0, 23.90570375360349, 31.792789469827422, 71.05285831127406, 78.52545778052658, 73.85969123237936, 62.708054183164506, 67.6112330472697, 36.63074381179725, 30.62506920976116, 68.25924306628183, 45.656148624803556, 28.79642663198667, 35.83003051159367, 101.41093419808273, 32.215185902550786, 40.44123704996034, 93.75887262224717, 62.272826679883934, 36.74240012870737, 8.513532714211102, 35.526751568179996, 87.88914211314908, 52.758045702748035, 32.14415565486776, 84.12680458564887, 39.012012300332174, 30.570853831916505, 46.50646208782437, 66.93773678681703, 35.965674588899425, 39.68856857079894, 26.13150551939748, 28.517576606927243, 83.76515481548286, 17.47863001303867, 69.33186223321286, 29.031015586749252, 94.93878766890899, 73.71026053026718, 34.401951390890254, 12.940621787798268, 26.902134357059552, 58.459624557893704, 18.496900046439286, 79.01582264893143, 40.92872044330274, 57.806626648085064, 53.318834984615286, 60.86541718276832, 33.29158035231535, 78.54177702330334], [70.22887814018743, 17.985631779216277, 31.546805531024724, 66.61272489398755, 22.68171492495762, 88.24064508019852, 6.06577015593401, 78.5151164126436, 23.90570375360349, 0.0, 14.974334416833893, 61.46369256960861, 57.31917292255999, 53.01007573346452, 61.44855350680474, 67.05897550978094, 14.597521358969546, 11.367786529518145, 70.44123243047729, 65.3210795882071, 18.863025046119972, 16.903048394065316, 102.62387092063281, 23.513416977937915, 28.405713129200223, 92.14565196441092, 59.65797145708947, 20.415550290799633, 17.895647841366916, 12.224143738784766, 69.067493387498, 34.00213119319325, 29.267493794162156, 83.52745531868386, 15.601530402264341, 54.08279755264264, 47.98652049047468, 47.69204663420805, 31.555940246554194, 21.842070217114923, 7.21474839114506, 11.44659529632906, 64.05221600970287, 26.125803814120367, 64.19895374605473, 12.8485683050588, 95.36165335630054, 80.48375295498779, 56.17767797006378, 19.290409366190364, 14.06963137860654, 77.16817229791779, 27.68031831178559, 65.19989195674485, 37.45031095934968, 78.86887875640579, 54.01932217019009, 40.75870292892553, 11.413860706594338, 58.57543068597012], [55.302419725121794, 23.82726002321353, 20.12322844831176, 54.23556500835945, 11.018023803451273, 77.3244680314527, 21.028596655916715, 64.43503496177766, 31.792789469827422, 14.974334416833893, 0.0, 46.53096792266215, 46.83510174012097, 42.11279889096246, 48.379416912668425, 54.058033424798396, 9.022093846391076, 24.515312819399604, 58.3733643107909, 64.25829149442367, 7.928441631730622, 4.424812185447253, 89.55231199242439, 11.122865132485764, 13.637648393062085, 78.35162259202073, 46.18859172369878, 5.595009050640677, 29.087450022155448, 20.08966719925531, 56.393297474795446, 21.050685550837976, 44.24002652699283, 70.1451726128493, 21.831363479480682, 58.49432073148824, 36.84533151497587, 35.23284351000341, 19.623075598957872, 7.9641383169953395, 21.636623328520553, 3.76881495993101, 52.034115683080586, 24.4885210086427, 49.916846101711116, 27.03373698529588, 82.12609292597742, 70.13847630725125, 57.82687005252805, 32.250171850018795, 28.840305094948025, 74.68002051977165, 25.62771635835917, 50.499160524035986, 25.064117989171706, 78.6422611841644, 42.07214085691939, 29.077072469914917, 22.25950064632937, 46.767604500767234], [8.774340780130983, 65.77606694129693, 36.18694957897727, 37.93281734984842, 41.09015985423851, 52.851745614333254, 67.47704434756405, 24.228409119982285, 71.05285831127406, 61.46369256960861, 46.53096792266215, 0.0, 44.33252726166398, 40.991128897801545, 23.334711634969874, 25.86527951092773, 50.995789577018165, 70.5912406029654, 33.945406742125805, 77.7858959718945, 44.21267608914002, 45.699278772397854, 52.24362906515351, 39.806012153891125, 33.12332343532958, 38.128518627423944, 19.91120045190107, 41.34357059633272, 72.21840311311075, 64.39639388807345, 37.16004479150099, 34.6545157218463, 90.71040405067345, 33.75596004451119, 64.67006136447274, 85.98681778341899, 32.68905007213884, 32.89752178172993, 35.15505006662954, 40.99620160383966, 68.13319030310132, 50.026458177214934, 39.00205347110193, 54.87269927896437, 13.028163040098361, 73.40876341117914, 44.739393443081056, 50.22793417809521, 79.61084435373957, 76.60912162392773, 75.36372372516477, 81.68912673060838, 54.547857638748496, 15.187498290655434, 30.893594349735654, 91.15297177411043, 29.1067547747339, 36.730770034962696, 67.58958097098278, 38.09230682448352], [49.26144244443425, 48.42532134037283, 55.37846874302494, 13.823568437497768, 51.816394330997866, 96.24285856616018, 62.342514738794065, 68.30443198572598, 78.52545778052658, 57.31917292255999, 46.83510174012097, 44.33252726166398, 0.0, 4.942322881514725, 64.3815635466723, 68.53704091335983, 42.780409170391984, 59.72334901843935, 76.25148845942086, 105.89774244062394, 51.787371788549436, 42.697700901129146, 96.05089067914355, 50.656374461171694, 43.02459811343936, 81.53371185665954, 60.71949817378675, 42.437415651380284, 74.69671562544569, 51.24601324491592, 17.0247782758839, 26.691647610753687, 81.68866421170068, 78.06305321609855, 49.06368862897318, 104.56302584279658, 64.87832928262189, 14.310573353319095, 54.025181768023906, 39.16957290167405, 60.468289784135216, 50.00788119900057, 10.418096271156468, 69.53532115553645, 56.71512402701176, 63.38078512823514, 88.71553171372736, 92.29863611717715, 102.31589863020542, 76.60955135081862, 66.65058769368719, 113.8266925850633, 70.26587454197201, 32.91258390796777, 54.88589094352572, 120.46575764846233, 65.43523783494777, 18.000596639625144, 55.35603321815317, 6.9382458715664175], [46.52639455977048, 45.07631647963961, 50.451876138685456, 15.408703654168622, 46.89319226669482, 92.30835081781828, 58.17851298763272, 65.14999230134063, 73.85969123237936, 53.01007573346452, 42.11279889096246, 40.991128897801545, 4.942322881514725, 0.0, 60.25850147799895, 64.58109024042012, 38.4239190366062, 55.96810889984075, 72.18969317195864, 100.97112660367083, 46.91281772644488, 38.03562906524696, 93.05839651897415, 45.726951098392604, 38.0825128576211, 78.66084021521925, 56.615828773704926, 37.61308272525403, 70.22343128545023, 47.52596796006324, 18.507411746248675, 21.786221953646784, 78.06736084177689, 74.73643323323785, 45.537967940574326, 99.67782367268529, 60.18697816852743, 9.592654545891111, 49.10090138072005, 34.379849043363436, 56.45990368680443, 45.35272113294241, 12.159004061170126, 64.63277658100574, 53.050111587429896, 59.61380697267211, 85.6369937006222, 88.13111861053797, 97.37942011924436, 72.28810486479466, 62.821942636912205, 108.96096058004603, 65.35134233008868, 30.750719150102416, 50.04021024293332, 115.54263802366536, 60.93882526881376, 13.139019002683103, 51.64083945342496, 6.923212533312722], [26.072556034574664, 71.61053659523847, 30.132416905593907, 60.33644297380869, 38.771631859380136, 32.35796728702979, 66.78087406302117, 19.42318444486808, 62.708054183164506, 61.44855350680474, 48.379416912668425, 23.334711634969874, 64.3815635466723, 60.25850147799895, 0.0, 5.681022053630694, 55.87548394260532, 72.3581473333995, 11.99757336840534, 57.39364793107021, 42.60018243342613, 49.6983437954035, 41.22676779071519, 38.014761433661356, 35.815338685243724, 31.282685735376717, 3.6782629646464438, 44.91218566561596, 66.53266937186112, 68.43377207333391, 59.94681381889864, 46.581080832300145, 88.91145274184397, 22.143277415744816, 69.86395608923324, 69.83924092936137, 16.423774727648155, 50.97754427175007, 29.946217126041297, 46.36268381939666, 68.66018721800909, 50.82656960181051, 60.905890231750064, 45.230736714553295, 11.552954782397789, 74.29166897831094, 33.91335471718706, 27.926801804230074, 61.765112861813336, 71.65204735955338, 75.26679729055165, 59.54818682431969, 44.290326098192004, 38.504902207040125, 24.030435324008945, 69.79288919878978, 9.812093811361668, 52.17001298475936, 70.57013936575713, 58.96603101379046], [26.771280521533946, 77.28232098192208, 35.66041325476641, 63.620112606347796, 44.39292692960628, 27.7273043483028, 72.34671349399274, 15.671830020606775, 67.6112330472697, 67.05897550978094, 54.058033424798396, 25.86527951092773, 68.53704091335983, 64.58109024042012, 5.681022053630694, 0.0, 61.54533215333371, 78.00314541187986, 8.083706482603354, 59.02284822937712, 48.22458997150852, 55.37154353279868, 35.57887237783636, 43.65725480370267, 41.47342992100586, 26.151327770728336, 8.527436609343754, 50.5830503828392, 71.72661444895515, 74.11452813742042, 62.98865040321684, 51.83107625496818, 94.35063361297672, 16.705392833687227, 75.54158947608451, 73.04246143489785, 21.107269203243266, 55.468932735433526, 35.52437745761971, 51.9995963639214, 74.2727656328128, 56.48755743558039, 64.43329294675137, 50.14595495044343, 12.950283236658173, 79.90577231072444, 28.319463939455147, 24.36709889130185, 64.48371632292807, 76.8907713657413, 80.8383615644992, 59.94831288120323, 49.12876541501452, 40.95076085412964, 29.614783408656052, 70.70894712244676, 14.29582777422252, 57.08709474035731, 76.24148141083865, 62.85906305381805], [59.70384021740733, 15.740567721655106, 28.859878818818068, 52.08797310399403, 19.952953727100926, 85.69640034335441, 20.0293468435629, 70.79924769976367, 36.63074381179725, 14.597521358969546, 9.022093846391076, 50.995789577018165, 42.780409170391984, 38.4239190366062, 55.87548394260532, 61.54533215333371, 0.0, 20.1611336948164, 66.37336409665085, 72.67004761754107, 16.943932616770134, 6.2015874919616385, 96.7748845324263, 19.90134928451852, 20.10770169155085, 84.96841533354366, 53.392658304338674, 10.963937935784843, 31.992041948636565, 13.406491042968456, 54.599922456719796, 19.999913126259717, 41.901484258900375, 77.21095934562685, 14.11283545638267, 65.25358714494286, 45.39433575407477, 33.259175000709135, 28.228106652434708, 10.092649450333232, 19.004019236560023, 9.647317894986175, 49.48203472945286, 32.546613978756824, 56.13664876488566, 23.42721476796784, 89.25086957374481, 78.7055623711331, 65.51664076451105, 33.86429053765447, 26.078286797205212, 83.38615451821823, 33.8239860013703, 52.4520943211053, 33.35019556782274, 86.92544820637465, 50.270591642560476, 26.21459285146731, 16.70257049175591, 43.99371086499599], [79.3541714524694, 12.693335732919925, 42.7029178065526, 70.63380918306474, 33.64792388596563, 99.58858575337713, 8.539353624741597, 88.91734444612769, 30.62506920976116, 11.367786529518145, 24.515312819399604, 70.5912406029654, 59.72334901843935, 55.96810889984075, 72.3581473333995, 78.00314541187986, 20.1611336948164, 0.0, 81.6344633472258, 74.81859794180848, 29.815640493865438, 24.901642876195453, 113.58126822021485, 34.34589259878136, 38.12247738062587, 102.75111621186393, 70.40115300536759, 29.306145594941018, 22.669518985127183, 8.483560911177616, 73.37110836497493, 39.93987658602474, 22.211766581048202, 94.34273682093857, 11.14498758423348, 61.12234880174498, 59.268946940978125, 52.39018301874969, 42.621786832963615, 29.71290947967067, 4.855905459288537, 21.600506918181647, 67.74836888107589, 36.828812316500176, 74.42760997074936, 3.659401737890899, 106.25006792310937, 91.84988628806474, 64.66681436642915, 21.195158988184968, 7.036903187285744, 87.05958164217886, 38.40712166022693, 72.61196509317323, 48.46775013819449, 87.84391358905604, 65.20240535579974, 45.072397334080954, 4.403210901462807, 62.21104607778344], [34.57821420684918, 82.01399272703, 38.931925156072204, 71.64819053581773, 48.07247888443337, 20.390181829743074, 75.3913152943645, 20.52265530053112, 68.25924306628183, 70.44123243047729, 58.3733643107909, 33.945406742125805, 76.25148845942086, 72.18969317195864, 11.99757336840534, 8.083706482603354, 66.37336409665085, 81.6344633472258, 0.0, 54.1363442120527, 51.88063891190226, 60.17224138769991, 33.17707479911461, 47.529429683774, 46.590446591612086, 27.05735378041176, 15.587968606657759, 55.45763628903981, 73.19765635694226, 78.44087740588179, 71.05222045243566, 58.37613972134193, 96.62703046712734, 17.135227959568283, 80.1405519041983, 70.20754306691875, 22.66264542140973, 62.95032390223133, 39.06820061861397, 57.232967411813355, 77.62965108870178, 60.436296420643636, 72.4055193472226, 51.05199122602069, 21.025162273843016, 83.2470221484754, 26.76097986891181, 16.30566266294488, 60.99129896192668, 78.4749480259357, 83.87355540012273, 53.716873036390055, 49.85387480518956, 49.033129179561854, 33.348521347382764, 64.91146215025962, 16.43231430270286, 64.14389405508203, 80.24354635599991, 70.70197506772665], [82.86394994844706, 83.1505068153555, 50.51944147356256, 107.92903542743421, 55.38691182085456, 56.28683843145745, 66.28005517470893, 74.29377045411793, 45.656148624803556, 65.3210795882071, 64.25829149442367, 77.7858959718945, 105.89774244062394, 100.97112660367083, 57.39364793107021, 59.02284822937712, 72.67004761754107, 74.81859794180848, 54.1363442120527, 0.0, 56.8410545348542, 68.5253856759673, 81.17971420808102, 56.27223077122879, 63.04355642036787, 80.22434861455119, 59.62718072058239, 66.23222466504473, 54.141012526093775, 77.48931792941404, 108.77152835603017, 79.83420093351734, 76.8270126343129, 70.69420625059989, 80.74744455279544, 23.812632853163297, 45.214641068520216, 91.8199056871538, 51.873279175817245, 69.64539567742334, 69.99845735160874, 63.03909571168292, 107.10207812914342, 40.2057314203677, 68.62574359144871, 73.94393423272845, 77.29106483450803, 48.477282703765184, 13.518631856930236, 58.40457169182611, 72.24715503047031, 13.060648427234588, 38.865442736238656, 91.46339333122809, 51.710182144074594, 14.599545813318445, 49.03175048497871, 88.47733622911777, 76.45821140554756, 103.0996932452935], [52.84760320996714, 31.228050408939197, 13.002519575858274, 57.6345042956658, 3.8338895292474566, 70.3048010408337, 24.389172972084847, 59.777950051521145, 28.79642663198667, 18.863025046119972, 7.928441631730622, 44.21267608914002, 51.787371788549436, 46.91281772644488, 42.60018243342613, 48.22458997150852, 16.943932616770134, 29.815640493865438, 51.88063891190226, 56.8410545348542, 0.0, 11.820850272160706, 83.8007068752303, 4.698629677321637, 11.778937399240482, 73.30911050293514, 40.80060407498267, 9.619026460758402, 28.272668211559207, 26.919962976671368, 59.47432607888321, 25.15729821290169, 47.239073407228894, 64.665476462005, 29.09168022948212, 52.779962702827504, 29.775202948475798, 39.03344778704144, 12.818880007504166, 13.066091340050004, 26.067126843793325, 8.714704799587317, 55.78654274272601, 17.874221870570928, 45.619499201738705, 31.695521806085484, 76.51264885665066, 62.89280088168944, 51.161514927451215, 32.43690976083502, 32.80657217534066, 66.97458696728633, 18.77837167994359, 50.521492549555454, 18.652719188413066, 71.31996859053135, 35.455538994761554, 33.786931909316756, 28.398844762479847, 50.79844700707244], [54.45744323232095, 21.913398185475227, 22.90281549229082, 50.585927769683465, 14.306559672850833, 79.5268851800193, 22.898221195549617, 64.86506864568977, 35.83003051159367, 16.903048394065316, 4.424812185447253, 45.699278772397854, 42.697700901129146, 38.03562906524696, 49.6983437954035, 55.37154353279868, 6.2015874919616385, 24.901642876195453, 60.17224138769991, 68.5253856759673, 11.820850272160706, 0.0, 90.65196887898266, 14.063027962093793, 13.992098099100469, 78.97588773979541, 47.253413166534436, 4.801339393295316, 32.55672314078162, 19.120393364009676, 52.85535465618903, 17.476202697098635, 45.780584231275384, 71.11113660964236, 20.1982618163247, 62.89759737546298, 39.293718408134566, 31.550313516915875, 22.195530187138676, 4.967261328833735, 22.796775182305097, 7.317234491514843, 48.264387189178294, 28.882767433724798, 50.22602822114713, 27.8299604596852, 83.14415413350473, 72.58924835775437, 62.23807569136054, 35.30904582227565, 30.062773371266125, 78.78979766739556, 29.997069465542992, 48.37488819161814, 27.195003413181766, 82.94532014229365, 44.08551965755061, 25.112475854795875, 21.973714764273925, 42.922317198386565], [46.879337540760105, 112.5043184421676, 71.1552479250041, 87.34270370464824, 79.96814761975482, 25.451605944846055, 107.85424720015571, 28.033380396160222, 101.41093419808273, 102.62387092063281, 89.55231199242439, 52.24362906515351, 96.05089067914355, 93.05839651897415, 41.22676779071519, 35.57887237783636, 96.7748845324263, 113.58126822021485, 33.17707479911461, 81.17971420808102, 83.8007068752303, 90.65196887898266, 0.0, 79.23555618525201, 76.67022190455991, 14.695968866573832, 43.40807001528821, 85.85069303248257, 106.3456678384309, 109.55573717838092, 85.62697897281295, 84.92298768064546, 129.5666509057297, 19.638130268201827, 110.85014792018967, 100.67637877370403, 55.60801029867943, 85.13843946605165, 71.07288395156067, 87.0006292516946, 109.83853052735812, 92.0517611394094, 89.23625700152306, 84.228880862412, 41.85563032468553, 115.47222632366993, 7.64699365027564, 32.70697532796462, 90.64813785702262, 111.60878589740013, 116.35088368454632, 76.48234736602083, 83.02834185286666, 63.6948270828183, 65.173559963266, 88.53908152203758, 49.01824780155312, 88.55302750063554, 111.77644902986351, 89.45400212044824], [48.38367952475588, 34.93925272230395, 9.00158726312797, 55.461994156653674, 1.392707575712664, 66.25425098485118, 29.08406438796193, 55.081276065613174, 32.215185902550786, 23.513416977937915, 11.122865132485764, 39.806012153891125, 50.656374461171694, 45.726951098392604, 38.014761433661356, 43.65725480370267, 19.90134928451852, 34.34589259878136, 47.529429683774, 56.27223077122879, 4.698629677321637, 14.063027962093793, 79.23555618525201, 0.0, 8.45316828322412, 68.63596699808362, 36.14718076460233, 10.391917579525778, 32.451583539583226, 30.97728034157099, 57.10925915087529, 24.01384464225431, 51.92386701871161, 60.041742872130534, 32.90783082150697, 54.219251921100025, 25.74181564004859, 37.31153816388206, 8.538999624539704, 13.61875305261142, 30.702856888062904, 12.911021264747761, 53.83664818089079, 19.14624876373704, 40.926422901218494, 36.32311437046855, 71.91702730119849, 59.019895369509484, 51.6820759025395, 36.80815553059508, 37.49047533594401, 65.75711489363577, 19.71200145993549, 46.80327001571901, 14.1938269622099, 70.84972238739972, 31.142586714274472, 32.75808922211644, 32.72485465144288, 49.06433174350862], [41.868625254079795, 35.84549218268684, 12.77851660950244, 47.13921724481152, 9.82504155769173, 66.31786373997564, 34.3836193155849, 50.97708107894058, 40.44123704996034, 28.405713129200223, 13.637648393062085, 33.12332343532958, 43.02459811343936, 38.0825128576211, 35.815338685243724, 41.47342992100586, 20.10770169155085, 38.12247738062587, 46.590446591612086, 63.04355642036787, 11.778937399240482, 13.992098099100469, 76.67022190455991, 8.45316828322412, 0.0, 65.0255927810236, 33.28541996165991, 9.194128443668427, 39.9920741281501, 33.043847802726475, 48.71952043326651, 16.82797698257153, 57.60739946631546, 57.120103344862436, 34.18422092159094, 62.439932227283045, 26.91932722419677, 29.30564834306023, 11.53866981426206, 10.645300325329398, 35.24292195433753, 16.96081031336744, 45.617786223079605, 27.46922727058608, 36.38623849432108, 40.6696162784196, 69.15498056526158, 59.77781792403573, 59.41038221776743, 43.98783578072859, 42.40481247174904, 71.71535026961307, 27.922278818556613, 38.74259737369468, 14.724726160782446, 77.63988673175295, 30.871090197064426, 25.433779829287147, 35.642739752722925, 40.98375959193985], [32.288922620099825, 100.5842921596685, 61.24399757563517, 72.65292965183833, 69.5250358827741, 29.624135918464575, 97.66829730912082, 14.370475733847794, 93.75887262224717, 92.14565196441092, 78.35162259202073, 38.128518627423944, 81.53371185665954, 78.66084021521925, 31.282685735376717, 26.151327770728336, 84.96841533354366, 102.75111621186393, 27.05735378041176, 80.22434861455119, 73.30911050293514, 78.97588773979541, 14.695968866573832, 68.63596699808362, 65.0255927810236, 0.0, 32.54934392716767, 74.20034556151525, 97.80494371441776, 98.06836103437462, 70.9312144708836, 71.70707197725281, 120.07642352025437, 9.94305697933159, 99.0791978513309, 97.2474119127819, 47.25241402472916, 70.9759782132088, 60.938197745512234, 74.99090294614247, 99.31910693202371, 81.15554129783428, 74.57049983895, 76.2967262163348, 28.960700117962844, 104.92339478186406, 8.313157689663763, 33.894275598286804, 87.90186192317253, 102.93375619170388, 106.11272928449596, 77.86767559673143, 75.27110568508083, 49.041304984802466, 55.04835880386752, 89.65025421211688, 40.44004323589176, 74.75406986376368, 100.5888902720496, 74.88558958540489], [23.33772527412687, 69.13086180975313, 28.737163572992817, 56.68696443128708, 37.00094790185677, 35.88239879004678, 65.13194809458625, 19.64568953712243, 62.272826679883934, 59.65797145708947, 46.18859172369878, 19.91120045190107, 60.71949817378675, 56.615828773704926, 3.6782629646464438, 8.527436609343754, 53.392658304338674, 70.40115300536759, 15.587968606657759, 59.62718072058239, 40.80060407498267, 47.253413166534436, 43.40807001528821, 36.14718076460233, 33.28541996165991, 32.54934392716767, 0.0, 42.45302749821775, 65.66315156205876, 66.1543981546405, 56.327824205109586, 43.30962412003561, 87.55232617371043, 23.960274231288523, 67.45086198383093, 71.03151212187983, 16.808442762581308, 47.362358931506606, 28.394667319493024, 43.71421673689602, 66.84994887576629, 48.80910764404232, 57.23610757110868, 44.85175319153661, 9.009306490247038, 72.46826437196161, 35.94199832993992, 31.59930178274672, 63.32804195144896, 70.69741063727545, 73.58798074247439, 62.3545446118752, 44.01892589255457, 35.03274537543813, 22.51920575260925, 72.3481297609691, 10.894010828542429, 48.69204572236312, 68.44016580027072, 55.28861311417806], [50.116488962542455, 26.699424813792906, 18.794547048206294, 49.122052380809855, 10.98965307124655, 74.9179028205097, 26.481315141628926, 60.11336786371941, 36.74240012870737, 20.415550290799633, 5.595009050640677, 41.34357059633272, 42.437415651380284, 37.61308272525403, 44.91218566561596, 50.5830503828392, 10.963937935784843, 29.306145594941018, 55.45763628903981, 66.23222466504473, 9.619026460758402, 4.801339393295316, 85.85069303248257, 10.391917579525778, 9.194128443668427, 74.20034556151525, 42.45302749821775, 0.0, 34.52634417408556, 23.87220679649508, 51.181197569420505, 16.070313480775507, 49.63037129689065, 66.31075728388312, 24.999471658633762, 62.2429710739065, 34.849237325826486, 30.215809718117065, 17.953836268838018, 3.4503718307427307, 26.82552025790044, 9.362267508557846, 47.047017663600194, 27.4750592812704, 45.48903186457069, 32.06534850534068, 78.34316480829298, 68.08629503072963, 60.78030015095017, 37.81204777243214, 34.081633393510586, 76.02429286424325, 28.397304869899152, 44.91447146361665, 22.66188708746416, 80.75909500543867, 39.448370592468486, 24.47833717675456, 26.591923458683826, 41.88536468877169], [80.7213484210449, 34.08864658781082, 37.28560461286519, 83.14264053627596, 31.141075003624845, 88.33584235571429, 14.903375096280097, 85.28415231447046, 8.513532714211102, 17.895647841366916, 29.087450022155448, 72.21840311311075, 74.69671562544569, 70.22343128545023, 66.53266937186112, 71.72661444895515, 31.992041948636565, 22.669518985127183, 73.19765635694226, 54.141012526093775, 28.272668211559207, 32.55672314078162, 106.3456678384309, 32.451583539583226, 39.9920741281501, 97.80494371441776, 65.66315156205876, 34.52634417408556, 0.0, 28.460715012210613, 85.3937096893762, 50.00069562548537, 24.576241198181833, 88.4064877431548, 31.923978323657536, 38.53147811439776, 50.833376290457196, 64.10703169136848, 37.94952809825627, 37.0068620275245, 18.478623819097816, 25.42391167587712, 80.79522561019422, 22.3247559995075, 72.01161085350905, 20.756915071573285, 99.6045938787452, 79.96027168931964, 42.88147250915115, 5.336267053402926, 18.453739056731777, 66.90109847228632, 23.68823873215334, 78.66939388169855, 43.47115160992271, 66.3028522469527, 57.57332920704033, 57.55234531622287, 25.755785918423836, 75.41415008050058], [73.09506455306924, 5.799434438063364, 39.856416864337675, 62.28307619699239, 30.590208870933854, 97.19334466941828, 13.59827474630222, 83.98181120962768, 35.526751568179996, 12.224143738784766, 20.08966719925531, 64.39639388807345, 51.24601324491592, 47.52596796006324, 68.43377207333391, 74.11452813742042, 13.406491042968456, 8.483560911177616, 78.44087740588179, 77.48931792941404, 26.919962976671368, 19.120393364009676, 109.55573717838092, 30.97728034157099, 33.043847802726475, 98.06836103437462, 66.1543981546405, 23.87220679649508, 28.460715012210613, 0.0, 65.0588388773898, 32.3136880458592, 30.560087499822124, 90.0809393769459, 3.486440585357908, 65.99416126500087, 56.656013907418796, 44.23433063612934, 39.511298021780895, 23.47661487531543, 10.383535646396446, 18.205427085193968, 59.35958469498132, 37.920899323060766, 69.34625928920248, 12.14295886743635, 102.09210244917132, 89.81194479357485, 68.38355394459673, 28.159115899648565, 15.476422425200198, 89.21845134621708, 39.43767644197853, 65.29152962407127, 45.10159862250884, 91.08875160080224, 62.09883777251755, 36.88077893673809, 4.115225071729235, 53.825980933657306], [39.30583207208823, 63.10722550151432, 59.42095127775514, 3.2033611056140474, 58.4412037066642, 89.89595804858081, 74.62882704644059, 59.07517817534436, 87.88914211314908, 69.067493387498, 56.393297474795446, 37.16004479150099, 17.0247782758839, 18.507411746248675, 59.94681381889864, 62.98865040321684, 54.599922456719796, 73.37110836497493, 71.05222045243566, 108.77152835603017, 59.47432607888321, 52.85535465618903, 85.62697897281295, 57.10925915087529, 48.71952043326651, 70.9312144708836, 56.327824205109586, 51.181197569420505, 85.3937096893762, 65.0588388773898, 0.0, 35.39301510011458, 95.57923128577687, 69.25472839338563, 63.365948937855556, 111.05830558282453, 64.75070303868105, 21.37892199442115, 58.041443247421356, 48.43191789154692, 73.33789728931707, 59.98643811181026, 6.614225730096318, 76.18711395097601, 50.18548997190042, 76.96928766558688, 78.71850391770082, 87.35395831897196, 107.26390985592171, 88.07436941300311, 80.03797413498204, 115.02996727060538, 76.60032066351917, 22.558388251583093, 57.134358588385, 123.0414962559237, 63.51894383330681, 28.43306242084742, 69.14608792204368, 11.613911845378995], [42.849446163866496, 32.30414028221532, 29.5674846501879, 33.187354274640356, 25.14437122217997, 78.72347171452952, 39.79134495517044, 57.350445356063794, 52.758045702748035, 34.00213119319325, 21.050685550837976, 34.6545157218463, 26.691647610753687, 21.786221953646784, 46.581080832300145, 51.83107625496818, 19.999913126259717, 39.93987658602474, 58.37613972134193, 79.83420093351734, 25.15729821290169, 17.476202697098635, 84.92298768064546, 24.01384464225431, 16.82797698257153, 71.70707197725281, 43.30962412003561, 16.070313480775507, 50.00069562548537, 32.3136880458592, 35.39301510011458, 0.0, 61.88222342080374, 65.41308982386158, 31.67838031413968, 77.89745620065986, 41.91370657249455, 14.18699011551465, 28.285178043964535, 13.09247169060087, 38.999090392889144, 24.60075616197404, 31.007687690150117, 42.84677837056113, 43.06839367654418, 43.33024924313193, 77.27612369659965, 73.13857972163163, 75.69576037154178, 52.76445546109247, 46.06739010238383, 88.50956904815239, 43.57563863134516, 33.07042416396259, 30.418377410922655, 94.43339957226225, 44.35243039675247, 8.744263034421069, 36.118760228482074, 25.815398395353455], [99.46856534027295, 33.47945122287417, 58.83254270812265, 92.82937679380758, 50.87143157066667, 112.58773299963106, 23.234126567264457, 106.8626570092079, 32.14415565486776, 29.267493794162156, 44.24002652699283, 90.71040405067345, 81.68866421170068, 78.06736084177689, 88.91145274184397, 94.35063361297672, 41.901484258900375, 22.211766581048202, 96.62703046712734, 76.8270126343129, 47.239073407228894, 45.780584231275384, 129.5666509057297, 51.92386701871161, 57.60739946631546, 120.07642352025437, 87.55232617371043, 49.63037129689065, 24.576241198181833, 30.560087499822124, 95.57923128577687, 61.88222342080374, 0.0, 111.03427067477814, 32.635131749022804, 57.521531368355596, 73.99689692436934, 74.58575858476951, 59.164804901697096, 50.742231937560135, 23.021941044828548, 40.686245915455714, 89.91906241092482, 46.54128219278103, 92.844815994524, 18.646864956635834, 122.5780783072436, 104.29719258714914, 64.38933710781667, 19.375059972859866, 15.826326293865684, 89.83978716481305, 47.99040559540726