instance_id,num_cities,city_coordinates,distance_matrix,best_route,total_distance
685,37,"[[24.262251191566953, 78.23625938843803], [76.8140295297004, 56.80328144848311], [30.679205861794735, 61.07551119317605], [48.564409292809074, 31.232496607240734], [35.20762614962371, 68.78293982361582], [99.54451699728392, 99.94029532335732], [80.86916765804622, 95.3515726687985], [63.29144139849296, 45.822711555803274], [32.106715963116926, 19.63659498986685], [10.984368169952962, 66.29549082736456], [65.82694995573671, 7.270711620277337], [16.714035928594306, 77.73087109470008], [73.27364937327391, 81.99050136791564], [79.18742508615121, 22.90582009709089], [55.781327995473184, 25.086279697104864], [54.13005603757409, 86.47172446654818], [81.79004704301587, 85.622854245127], [1.7959737116938768, 37.31437927329833], [22.45562999712166, 87.82270833364163], [15.277200507525812, 62.39784270359176], [46.67086146330411, 24.07658947316357], [53.47050755647944, 77.63082623000143], [97.00463915201003, 44.526461649695925], [83.81237115296797, 36.57538780502955], [16.66965593120552, 83.71847041578285], [49.49913386756077, 63.130703285180324], [17.28334453720014, 38.090050864922596], [84.51244344493524, 76.68946263906204], [28.45787740763499, 98.51766073414363], [77.19698987375514, 34.45927246186184], [52.10130585453039, 71.71569506084656], [21.376736698348598, 44.31381285128968], [70.30896565809425, 81.62176295286363], [44.87230421708324, 43.529067058387625], [48.21822673992363, 64.47646837169727], [49.261017943207094, 78.71825527303356], [36.815180772122936, 62.36098463116283]]","[[0.0, 56.75440026883296, 18.321260487776094, 52.914540572217355, 14.462589110083513, 78.34848256799165, 59.13777929993521, 50.7337734779004, 59.122384045108156, 17.857327105834894, 82.24191846857217, 7.565115397905083, 49.15497415894245, 77.96301840952395, 61.79298134707265, 30.982392602443397, 58.00007826807519, 46.68333638420157, 9.75519776935425, 18.209518908461167, 58.61241898814695, 29.214530446128776, 80.17359583911971, 72.67630293642146, 9.3649420999814, 29.412209580215883, 40.74829072370949, 60.27004435664305, 20.710830980203244, 68.69141972416331, 28.592494184273686, 34.04494930171377, 46.17100331968792, 40.365374829793204, 27.626447714062746, 25.00341294974899, 20.238586652070754], [56.75440026883296, 0.0, 46.33221235663357, 38.10388537834024, 43.29670907829537, 48.759378857354825, 38.760997165271796, 17.41933709801551, 58.138683066043974, 66.51049807084256, 50.73648974210466, 63.63940005416018, 25.43482531730614, 33.98044868062384, 38.05709833821826, 37.346742354690896, 29.24600017906515, 77.50823186415406, 62.58626402036754, 61.79061774850218, 44.4932236270475, 31.28428742580532, 23.630087204502548, 21.40430953632535, 65.89213210012848, 28.038184537039616, 62.402623779371666, 21.32430020316767, 63.86240589924776, 22.34729057893441, 28.863450784539108, 56.82675657038092, 25.656829113453473, 34.59015154087802, 29.607393244768947, 35.205603605337686, 40.3831148699345], [18.321260487776094, 46.33221235663357, 0.0, 34.7920396261144, 8.939297869326412, 79.0752965424305, 60.777303785128815, 36.00285826818367, 41.46349673139325, 20.374857523166494, 64.26756858613085, 21.735385543220985, 47.45232799412526, 61.724975906749364, 43.87871145888301, 34.56747058425672, 56.70000120954298, 37.400969099081536, 27.98284751187705, 15.458665193229551, 40.30698769842392, 28.169520565793707, 68.35886293617939, 58.50973679562692, 26.626511067248494, 18.931811975541425, 26.604144172092482, 56.05187729628096, 37.50798398140639, 53.59410782526107, 23.919027589695208, 19.170040788721927, 44.63929124532403, 22.568157716086272, 17.865714737831684, 25.623234746929782, 6.269180972020726], [52.914540572217355, 38.10388537834024, 34.7920396261144, 0.0, 39.855231045375845, 85.55543808533884, 71.79730724772475, 20.730649938849037, 20.1325756934876, 51.397208625332894, 29.532396616270315, 56.36084734472941, 56.45282625908774, 31.734880462733162, 9.479446073864398, 55.518904151468995, 63.73581416978323, 47.16222920376659, 62.322711907857446, 45.59952923024953, 7.4021976665149545, 46.65699081547311, 50.23131867034992, 35.650600298545115, 61.41703948114473, 31.91189902370579, 32.02391391822133, 57.95340300811149, 70.22510901403986, 28.813829199541246, 40.63740880423294, 30.171018805807602, 54.88081535813028, 12.838897333892008, 33.24577418313349, 47.490867960879896, 33.272017334191894], [14.462589110083513, 43.29670907829537, 8.939297869326412, 39.855231045375845, 0.0, 71.48437819328791, 52.82867236820846, 36.274960524343506, 49.24407430851498, 24.350639204313175, 68.71169630334553, 20.544545585030637, 40.29220527608217, 63.55259891538102, 48.29777752499304, 25.902730647722024, 49.53286438328556, 45.89780846338984, 22.915632018096236, 20.928242437131047, 46.152611253472884, 20.29329769015327, 66.38710378845394, 58.30735497233655, 23.806016338071284, 15.368635942668432, 35.543400286862514, 49.93473852495098, 30.491191116566082, 54.233023215728444, 17.146354342934835, 28.10750216225575, 37.37565269842152, 27.040046075958667, 13.704795660151312, 17.21070347148529, 6.62010123473898], [78.34848256799165, 48.759378857354825, 79.0752965424305, 85.55543808533884, 71.48437819328791, 0.0, 19.23083587738784, 65.13830181398562, 104.86439479430057, 94.73580542694818, 98.6130116713985, 85.7563240737324, 31.81750443955446, 79.6788652307785, 86.70836388136645, 47.369564756137414, 22.808119659139017, 116.08954765853775, 78.03545612974344, 92.25191801308199, 92.47121343883552, 51.1910808362037, 55.47201043662581, 65.2886813902154, 84.44755887563478, 62.124765099095555, 102.91915873186966, 27.68690043678263, 71.10087353417728, 69.18942349466822, 55.20404281856914, 95.94012418731732, 34.50052304408181, 78.55747911336039, 62.38646562869296, 54.578432196417026, 73.12437497407944], [59.13777929993521, 38.760997165271796, 60.777303785128815, 71.79730724772475, 52.82867236820846, 19.23083587738784, 0.0, 52.555537706374565, 90.05850620691768, 75.6844838224263, 89.35606524714797, 66.53097061659902, 15.369128938283588, 72.46526977635013, 74.60972520612117, 28.17502075149326, 9.772204511201517, 98.08611429812144, 58.89673318819516, 73.40473059207228, 79.05471128356221, 32.62991617686638, 53.324903660828305, 58.84982883537098, 65.24497202079158, 44.96958354101561, 85.56891246972395, 19.014410567286113, 52.50683250159328, 61.00292709510863, 37.232305636963574, 78.38496200601303, 17.32124536849383, 63.0979101502451, 44.93724522259471, 35.71753597301949, 55.03755681000103], [50.7337734779004, 17.41933709801551, 36.00285826818367, 20.730649938849037, 36.274960524343506, 65.13830181398562, 52.555537706374565, 0.0, 40.72099951234742, 56.170851879225715, 38.63528830839299, 56.458704780281984, 37.520041257239036, 27.89025298430801, 22.054509959567447, 41.6686120761079, 43.88906206427866, 62.08127144516022, 58.579546107381184, 50.79470741034158, 27.370376376934836, 33.28974167301613, 33.73810852117872, 22.508255253122613, 60.0806076844392, 22.131297402818323, 46.65339235423715, 37.457806266397455, 63.16751419213099, 17.958062992416053, 28.20754736386519, 41.94185553120875, 36.48037455486802, 18.561395949338372, 23.98258625523571, 35.76268416641633, 31.21709232248632], [59.122384045108156, 58.138683066043974, 41.46349673139325, 20.1325756934876, 49.24407430851498, 104.86439479430057, 90.05850620691768, 40.72099951234742, 0.0, 51.21724452828207, 35.9161419424097, 60.09891442272305, 74.71764214025208, 47.19407806419644, 24.29375060156195, 70.37017862844992, 82.59915131342004, 35.08910305214055, 68.86573540777106, 45.953856165772685, 15.225895217107196, 61.80406498264357, 69.50716435429905, 54.40953483211171, 65.91501786794457, 46.842647843255776, 23.66986214922503, 77.46863868621412, 78.96541366799067, 47.46413981918528, 55.78544872212584, 26.90906048903388, 72.81190101321567, 27.08893621046881, 47.646563615960204, 61.52164381938802, 42.983056092824846], [17.857327105834894, 66.51049807084256, 20.374857523166494, 51.397208625332894, 24.350639204313175, 94.73580542694818, 75.6844838224263, 56.170851879225715, 51.21724452828207, 0.0, 80.57067293609862, 12.790504856454286, 64.23618846642756, 80.83514395852676, 60.86843756486273, 47.63014576329905, 73.39612481158368, 30.402819271077437, 24.392846112539218, 5.7982816743636025, 55.280751036252674, 43.9722852335608, 88.7320553755221, 78.6587728238386, 18.32710328084306, 38.644573447365055, 28.900241292246275, 74.25909037731222, 36.65503728794582, 73.46874214730227, 41.47265579258313, 24.31451192752681, 61.27236313701986, 40.82526498092854, 37.278265339240235, 40.24210474536507, 26.128743151869607], [82.24191846857217, 50.73648974210466, 64.26756858613085, 29.532396616270315, 68.71169630334553, 98.6130116713985, 89.35606524714797, 38.63528830839299, 35.9161419424097, 80.57067293609862, 0.0, 85.88778957103602, 75.0899481431864, 20.565964912742395, 20.452603415423788, 80.06008845366028, 79.9617328634309, 70.72897486045134, 91.48604029830132, 74.7949045774766, 25.48319557543835, 71.43687700802488, 48.5802348066983, 34.38370867045902, 90.88838969125814, 58.19739037974407, 57.50055041916646, 71.88957267881695, 98.60250151843914, 29.470250225844282, 65.8904332710616, 57.86201523830906, 74.48602082952922, 41.87798368007717, 59.854538163732755, 73.3429042065847, 62.26251626442012], [7.565115397905083, 63.63940005416018, 21.735385543220985, 56.36084734472941, 20.544545585030637, 85.7563240737324, 66.53097061659902, 56.458704780281984, 60.09891442272305, 12.790504856454286, 85.88778957103602, 0.0, 56.71978775591528, 83.11865356056964, 65.55689370965172, 38.42344438573575, 65.55280787739714, 43.08179884193262, 11.610817426220944, 15.40020310482205, 61.450739071553826, 36.75660778018664, 86.88563616945817, 78.71442304107154, 5.987763790765219, 35.88910067045091, 39.64490813183161, 67.80640525292068, 23.874849448725627, 74.36813138820885, 35.8948633585546, 33.74078481766169, 53.73597986602608, 44.301822449475374, 34.17884185018842, 32.561955803900226, 25.303941074910508], [49.15497415894245, 25.43482531730614, 47.45232799412526, 56.45282625908774, 40.29220527608217, 31.81750443955446, 15.369128938283588, 37.520041257239036, 74.71764214025208, 64.23618846642756, 75.0899481431864, 56.71978775591528, 0.0, 59.37989814791843, 59.53210689321381, 19.661091685416867, 9.258672512502642, 84.29124511712462, 51.1515955900307, 61.216503939493634, 63.73169945589041, 20.277356660181848, 44.34765098499381, 46.62185320940855, 56.63036244471784, 30.34665667339553, 71.14888467152672, 12.42624254511458, 47.76610109264566, 47.69287496054731, 23.533800685895756, 64.13129035632824, 2.9875269956582047, 47.81127833291235, 30.569847155791074, 24.234563389954104, 41.40697839808612], [77.96301840952395, 33.98044868062384, 61.724975906749364, 31.734880462733162, 63.55259891538102, 79.6788652307785, 72.46526977635013, 27.89025298430801, 47.19407806419644, 80.83514395852676, 20.565964912742395, 83.11865356056964, 59.37989814791843, 0.0, 23.507441057791453, 68.32639271865287, 62.77101252470189, 78.72130158590663, 86.21310197609442, 75.12746937866808, 32.53763376108676, 60.46640508145855, 28.0161606615694, 14.430772932968049, 87.21611031738679, 49.99435831146624, 63.73912497533826, 54.046609751250045, 91.05293763624495, 11.72365531222143, 55.82169604201436, 61.6472046863071, 59.383406665987295, 40.035557139689956, 51.83830672561575, 63.32943837390364, 57.89747055457941], [61.79298134707265, 38.05709833821826, 43.87871145888301, 9.479446073864398, 48.29777752499304, 86.70836388136645, 74.60972520612117, 22.054509959567447, 24.29375060156195, 60.86843756486273, 20.452603415423788, 65.55689370965172, 59.53210689321381, 23.507441057791453, 0.0, 61.40765040792002, 65.88725464384028, 55.352912266568886, 71.0384517366799, 55.07029215055006, 9.166246493636066, 52.59533497800926, 45.577209842842535, 30.29420712962985, 70.4801864365741, 38.559617856115864, 40.6348716613998, 59.06238637840006, 78.35010321009673, 23.376987980770444, 46.7744047543331, 39.4128650762344, 58.372194776439464, 21.427627154003037, 40.109692898620935, 54.02687523219064, 41.82246248631089], [30.982392602443397, 37.346742354690896, 34.56747058425672, 55.518904151468995, 25.902730647722024, 47.369564756137414, 28.17502075149326, 41.6686120761079, 70.37017862844992, 47.63014576329905, 80.06008845366028, 38.42344438573575, 19.661091685416867, 68.32639271865287, 61.40765040792002, 0.0, 27.67301362471995, 71.80042311393667, 31.703224164132546, 45.70663153171112, 62.83941799968797, 8.865465911495553, 59.980288012075135, 58.05759418757505, 37.56144278375465, 23.795980961788146, 60.815018612888906, 31.918366359080313, 28.357809086219504, 56.89796657300289, 14.894839076912879, 53.386041616673836, 16.89021146087819, 43.92923621057449, 22.77588672966729, 9.155534746762596, 29.683879141173083], [58.00007826807519, 29.24600017906515, 56.70000120954298, 63.73581416978323, 49.53286438328556, 22.808119659139017, 9.772204511201517, 43.88906206427866, 82.59915131342004, 73.39612481158368, 79.9617328634309, 65.55280787739714, 9.258672512502642, 62.77101252470189, 65.88725464384028, 27.67301362471995, 0.0, 93.4492403513304, 59.37518340339553, 70.45111720447092, 70.86113111687438, 29.42564916062258, 43.82233788150592, 49.08914094785302, 65.1482311066434, 39.35225442728549, 80.12791065137657, 9.339000361735478, 54.868901505372136, 51.36933204795406, 32.78460660025968, 73.18609818591811, 12.158287761696528, 55.98934412086111, 39.676652504604085, 33.253739957208424, 50.63450576456507], [46.68333638420157, 77.50823186415406, 37.400969099081536, 47.16222920376659, 45.89780846338984, 116.08954765853775, 98.08611429812144, 62.08127144516022, 35.08910305214055, 30.402819271077437, 70.72897486045134, 43.08179884193262, 84.29124511712462, 78.72130158590663, 55.352912266568886, 71.80042311393667, 93.4492403513304, 0.0, 54.5702547391886, 28.476720555210093, 46.786692867867565, 65.54138649196051, 95.48143331103695, 82.01972663716458, 48.7295197752556, 54.24088932109024, 15.506783080471445, 91.61010618480408, 66.75851084518804, 75.45505200565523, 60.94322743271573, 20.794190283640773, 81.59150883502359, 43.52232293979351, 53.78479952929405, 62.9858029376538, 43.05435289368325], [9.75519776935425, 62.58626402036754, 27.98284751187705, 62.322711907857446, 22.915632018096236, 78.03545612974344, 58.89673318819516, 58.579546107381184, 68.86573540777106, 24.392846112539218, 91.48604029830132, 11.610817426220944, 51.1515955900307, 86.21310197609442, 71.0384517366799, 31.703224164132546, 59.37518340339553, 54.5702547391886, 0.0, 26.418812279192082, 68.19050597212922, 32.64654791607308, 86.20974273765529, 79.94333960141914, 7.093818772554313, 36.620297853836384, 50.000897549742554, 63.04757929526408, 12.264133920747014, 76.44784345672971, 33.738731061089766, 43.52227012512517, 48.25342948948917, 49.64306538183128, 34.76720166037121, 28.309360439136693, 29.23176478355712], [18.209518908461167, 61.79061774850218, 15.458665193229551, 45.59952923024953, 20.928242437131047, 92.25191801308199, 73.40473059207228, 50.79470741034158, 45.953856165772685, 5.7982816743636025, 74.7949045774766, 15.40020310482205, 61.216503939493634, 75.12746937866808, 55.07029215055006, 45.70663153171112, 70.45111720447092, 28.476720555210093, 26.418812279192082, 0.0, 49.53867577314681, 41.11900400607387, 83.65859482540618, 73.23843794339251, 21.366050129792015, 34.22977954253752, 24.390435788232022, 70.69490268033498, 38.4495968523111, 67.93102400457602, 37.98469569654191, 19.084980415030813, 58.29283219519947, 35.0984452352025, 33.00654319845731, 37.699545274956684, 21.538011802292203], [58.61241898814695, 44.4932236270475, 40.30698769842392, 7.4021976665149545, 46.152611253472884, 92.47121343883552, 79.05471128356221, 27.370376376934836, 15.225895217107196, 55.280751036252674, 25.48319557543835, 61.450739071553826, 63.73169945589041, 32.53763376108676, 9.166246493636066, 62.83941799968797, 70.86113111687438, 46.786692867867565, 68.19050597212922, 49.53867577314681, 0.0, 53.984177882041315, 54.329425254208076, 39.18815767254249, 66.76246172627846, 39.15639067169799, 32.557691122995315, 64.8081765647162, 76.6367136475356, 32.243520616941794, 47.94761837130818, 32.393486346506606, 62.21098745987345, 19.535447073757435, 40.42950103965514, 54.70302141541238, 39.53263657410619], [29.214530446128776, 31.28428742580532, 28.169520565793707, 46.65699081547311, 20.29329769015327, 51.1910808362037, 32.62991617686638, 33.28974167301613, 61.80406498264357, 43.9722852335608, 71.43687700802488, 36.75660778018664, 20.277356660181848, 60.46640508145855, 52.59533497800926, 8.865465911495553, 29.42564916062258, 65.54138649196051, 32.64654791607308, 41.11900400607387, 53.984177882041315, 0.0, 54.691128787425484, 51.050736633025906, 37.30096636922567, 15.03414029440869, 53.60022093103274, 31.05620628977961, 32.58667707156266, 49.261841397854425, 6.071531112407125, 46.260496196771015, 17.304948632276478, 35.16900736819779, 14.164165504550162, 4.34767808466514, 22.595751210068787], [80.17359583911971, 23.630087204502548, 68.35886293617939, 50.23131867034992, 66.38710378845394, 55.47201043662581, 53.324903660828305, 33.73810852117872, 69.50716435429905, 88.7320553755221, 48.5802348066983, 86.88563616945817, 44.34765098499381, 28.0161606615694, 45.577209842842535, 59.980288012075135, 43.82233788150592, 95.48143331103695, 86.20974273765529, 83.65859482540618, 54.329425254208076, 54.691128787425484, 0.0, 15.403100669731627, 89.38525090980042, 51.018534271011035, 79.98069891449852, 34.5038198787587, 87.25656493477487, 22.219164432399225, 52.49346392371695, 75.62820141357318, 45.702520303223466, 52.14187512679381, 52.70784385886105, 58.72420384569355, 62.77611894694217], [72.67630293642146, 21.40430953632535, 58.50973679562692, 35.650600298545115, 58.30735497233655, 65.2886813902154, 58.84982883537098, 22.508255253122613, 54.40953483211171, 78.6587728238386, 34.38370867045902, 78.71442304107154, 46.62185320940855, 14.430772932968049, 30.29420712962985, 58.05759418757505, 49.08914094785302, 82.01972663716458, 79.94333960141914, 73.23843794339251, 39.18815767254249, 51.050736633025906, 15.403100669731627, 0.0, 82.04032207027835, 43.38874316288724, 66.54626651155232, 40.12018321249717, 83.07204796697242, 6.945589508094278, 47.33321092420202, 62.91336640132556, 47.02677826428672, 39.55606739970198, 45.22624695112716, 54.496030011840354, 53.606276753504225], [9.3649420999814, 65.89213210012848, 26.626511067248494, 61.41703948114473, 23.806016338071284, 84.44755887563478, 65.24497202079158, 60.0806076844392, 65.91501786794457, 18.32710328084306, 90.88838969125814, 5.987763790765219, 56.63036244471784, 87.21611031738679, 70.4801864365741, 37.56144278375465, 65.1482311066434, 48.7295197752556, 7.093818772554313, 21.366050129792015, 66.76246172627846, 37.30096636922567, 89.38525090980042, 82.04032207027835, 0.0, 38.75088098350222, 45.63254632840965, 68.20594378760757, 18.920311827673892, 78.03862336853781, 37.409469823964535, 39.684803730437885, 53.68027319381079, 49.09763245371748, 36.95357848351488, 32.97270127349469, 29.359570333304724], [29.412209580215883, 28.038184537039616, 18.931811975541425, 31.91189902370579, 15.368635942668432, 62.124765099095555, 44.96958354101561, 22.131297402818323, 46.842647843255776, 38.644573447365055, 58.19739037974407, 35.88910067045091, 30.34665667339553, 49.99435831146624, 38.559617856115864, 23.795980961788146, 39.35225442728549, 54.24088932109024, 36.620297853836384, 34.22977954253752, 39.15639067169799, 15.03414029440869, 51.018534271011035, 43.38874316288724, 38.75088098350222, 0.0, 40.803080224541105, 37.54692800719571, 41.17002830831075, 39.86504951453359, 8.970695783384153, 33.83702983631923, 27.838254018241198, 20.1403002803347, 1.8579038558869472, 15.589370614859929, 12.70728660783291], [40.74829072370949, 62.402623779371666, 26.604144172092482, 32.02391391822133, 35.543400286862514, 102.91915873186966, 85.56891246972395, 46.65339235423715, 23.66986214922503, 28.900241292246275, 57.50055041916646, 39.64490813183161, 71.14888467152672, 63.73912497533826, 40.6348716613998, 60.815018612888906, 80.12791065137657, 15.506783080471445, 50.000897549742554, 24.390435788232022, 32.557691122995315, 53.60022093103274, 79.98069891449852, 66.54626651155232, 45.63254632840965, 40.803080224541105, 0.0, 77.5220377006152, 61.452145767086186, 60.02355745310862, 48.40428057399449, 7.449233024137427, 68.60558616150732, 28.11998565737526, 40.65968477175153, 51.70321643658634, 31.15398614291698], [60.27004435664305, 21.32430020316767, 56.05187729628096, 57.95340300811149, 49.93473852495098, 27.68690043678263, 19.014410567286113, 37.457806266397455, 77.46863868621412, 74.25909037731222, 71.88957267881695, 67.80640525292068, 12.42624254511458, 54.046609751250045, 59.06238637840006, 31.918366359080313, 9.339000361735478, 91.61010618480408, 63.04757929526408, 70.69490268033498, 64.8081765647162, 31.05620628977961, 34.5038198787587, 40.12018321249717, 68.20594378760757, 37.54692800719571, 77.5220377006152, 0.0, 60.15467235143234, 42.859127655081686, 32.790550526428525, 70.95280237997278, 15.03550357077583, 51.68125843156591, 38.2939602966973, 35.309757850423544, 49.80295321064912], [20.710830980203244, 63.86240589924776, 37.50798398140639, 70.22510901403986, 30.491191116566082, 71.10087353417728, 52.50683250159328, 63.16751419213099, 78.96541366799067, 36.65503728794582, 98.60250151843914, 23.874849448725627, 47.76610109264566, 91.05293763624495, 78.35010321009673, 28.357809086219504, 54.868901505372136, 66.75851084518804, 12.264133920747014, 38.4495968523111, 76.6367136475356, 32.58667707156266, 87.25656493477487, 83.07204796697242, 18.920311827673892, 41.17002830831075, 61.452145767086186, 60.15467235143234, 0.0, 80.4921001839778, 35.74013252180323, 54.664427912969906, 45.132969651721254, 57.386225193160485, 39.360820408004166, 28.7191071023491, 37.109968288075166], [68.69141972416331, 22.34729057893441, 53.59410782526107, 28.813829199541246, 54.233023215728444, 69.18942349466822, 61.00292709510863, 17.958062992416053, 47.46413981918528, 73.46874214730227, 29.470250225844282, 74.36813138820885, 47.69287496054731, 11.72365531222143, 23.376987980770444, 56.89796657300289, 51.36933204795406, 75.45505200565523, 76.44784345672971, 67.93102400457602, 32.243520616941794, 49.261841397854425, 22.219164432399225, 6.945589508094278, 78.03862336853781, 39.86504951453359, 60.02355745310862, 42.859127655081686, 80.4921001839778, 0.0, 44.92031145558668, 56.683442298905504, 47.66283024443015, 33.573002201558005, 41.7229045376296, 52.338094034689135, 49.08356189498868], [28.592494184273686, 28.863450784539108, 23.919027589695208, 40.63740880423294, 17.146354342934835, 55.20404281856914, 37.232305636963574, 28.20754736386519, 55.78544872212584, 41.47265579258313, 65.8904332710616, 35.8948633585546, 23.533800685895756, 55.82169604201436, 46.7744047543331, 14.894839076912879, 32.78460660025968, 60.94322743271573, 33.738731061089766, 37.98469569654191, 47.94761837130818, 6.071531112407125, 52.49346392371695, 47.33321092420202, 37.409469823964535, 8.970695783384153, 48.40428057399449, 32.790550526428525, 35.74013252180323, 44.92031145558668, 0.0, 41.16870532891977, 20.72797762936768, 29.09887390988207, 8.21490757508486, 7.55665831862959, 17.92139021555637], [34.04494930171377, 56.82675657038092, 19.170040788721927, 30.171018805807602, 28.10750216225575, 95.94012418731732, 78.38496200601303, 41.94185553120875, 26.90906048903388, 24.31451192752681, 57.86201523830906, 33.74078481766169, 64.13129035632824, 61.6472046863071, 39.4128650762344, 53.386041616673836, 73.18609818591811, 20.794190283640773, 43.52227012512517, 19.084980415030813, 32.393486346506606, 46.260496196771015, 75.62820141357318, 62.91336640132556, 39.684803730437885, 33.83702983631923, 7.449233024137427, 70.95280237997278, 54.664427912969906, 56.683442298905504, 41.16870532891977, 0.0, 61.53248062406149, 23.508669017766525, 33.570794826554135, 44.285424226188205, 23.749651885265763], [46.17100331968792, 25.656829113453473, 44.63929124532403, 54.88081535813028, 37.37565269842152, 34.50052304408181, 17.32124536849383, 36.48037455486802, 72.81190101321567, 61.27236313701986, 74.48602082952922, 53.73597986602608, 2.9875269956582047, 59.383406665987295, 58.372194776439464, 16.89021146087819, 12.158287761696528, 81.59150883502359, 48.25342948948917, 58.29283219519947, 62.21098745987345, 17.304948632276478, 45.702520303223466, 47.02677826428672, 53.68027319381079, 27.838254018241198, 68.60558616150732, 15.03550357077583, 45.132969651721254, 47.66283024443015, 20.72797762936768, 61.53248062406149, 0.0, 45.80477295843355, 27.963581176697506, 21.247269468227106, 38.63691508836362], [40.365374829793204, 34.59015154087802, 22.568157716086272, 12.838897333892008, 27.040046075958667, 78.55747911336039, 63.0979101502451, 18.561395949338372, 27.08893621046881, 40.82526498092854, 41.87798368007717, 44.301822449475374, 47.81127833291235, 40.035557139689956, 21.427627154003037, 43.92923621057449, 55.98934412086111, 43.52232293979351, 49.64306538183128, 35.0984452352025, 19.535447073757435, 35.16900736819779, 52.14187512679381, 39.55606739970198, 49.09763245371748, 20.1403002803347, 28.11998565737526, 51.68125843156591, 57.386225193160485, 33.573002201558005, 29.09887390988207, 23.508669017766525, 45.80477295843355, 0.0, 21.212939902561764, 35.46180727734621, 20.483123728453347], [27.626447714062746, 29.607393244768947, 17.865714737831684, 33.24577418313349, 13.704795660151312, 62.38646562869296, 44.93724522259471, 23.98258625523571, 47.646563615960204, 37.278265339240235, 59.854538163732755, 34.17884185018842, 30.569847155791074, 51.83830672561575, 40.109692898620935, 22.77588672966729, 39.676652504604085, 53.78479952929405, 34.76720166037121, 33.00654319845731, 40.42950103965514, 14.164165504550162, 52.70784385886105, 45.22624695112716, 36.95357848351488, 1.8579038558869472, 40.65968477175153, 38.2939602966973, 39.360820408004166, 41.7229045376296, 8.21490757508486, 33.570794826554135, 27.963581176697506, 21.212939902561764, 0.0, 14.279912732111478, 11.597617376006212], [25.00341294974899, 35.205603605337686, 25.623234746929782, 47.490867960879896, 17.21070347148529, 54.578432196417026, 35.71753597301949, 35.76268416641633, 61.52164381938802, 40.24210474536507, 73.3429042065847, 32.561955803900226, 24.234563389954104, 63.32943837390364, 54.02687523219064, 9.155534746762596, 33.253739957208424, 62.9858029376538, 28.309360439136693, 37.699545274956684, 54.70302141541238, 4.34767808466514, 58.72420384569355, 54.496030011840354, 32.97270127349469, 15.589370614859929, 51.70321643658634, 35.309757850423544, 28.7191071023491, 52.338094034689135, 7.55665831862959, 44.285424226188205, 21.247269468227106, 35.46180727734621, 14.279912732111478, 0.0, 20.55381146504332], [20.238586652070754, 40.3831148699345, 6.269180972020726, 33.272017334191894, 6.62010123473898, 73.12437497407944, 55.03755681000103, 31.21709232248632, 42.983056092824846, 26.128743151869607, 62.26251626442012, 25.303941074910508, 41.40697839808612, 57.89747055457941, 41.82246248631089, 29.683879141173083, 50.63450576456507, 43.05435289368325, 29.23176478355712, 21.538011802292203, 39.53263657410619, 22.595751210068787, 62.77611894694217, 53.606276753504225, 29.359570333304724, 12.70728660783291, 31.15398614291698, 49.80295321064912, 37.109968288075166, 49.08356189498868, 17.92139021555637, 23.749651885265763, 38.63691508836362, 20.483123728453347, 11.597617376006212, 20.55381146504332, 0.0]]",Route_0,1734.5025411054798
