instance_id,num_cities,city_coordinates,distance_matrix,best_route,total_distance
836,80,"[[52.02966844510998, 92.29265211292054], [39.46807079525213, 9.846651417825525], [83.89486559851848, 81.69732608301258], [56.78250470487094, 12.01542940697381], [76.33126093198408, 32.08398890595483], [38.23629730739345, 9.480865372286274], [95.0993840293447, 14.665802408406403], [71.36068852942324, 89.3825068458167], [14.160423114177235, 41.91606219924942], [18.265244798840573, 29.959947015527543], [39.74597934564994, 79.58507941110898], [59.07649255319708, 12.875305600926467], [73.11581018779405, 16.89543274603992], [74.24251026958228, 93.87992953093537], [87.66262764784555, 32.24370677450781], [40.89189997888937, 52.91656205713725], [32.863377288422235, 66.86493411656402], [20.62631190420685, 82.88613235503416], [18.759866300148598, 50.922196311353176], [42.12588400524028, 63.68255938192444], [5.373811737097201, 10.96962671723799], [0.20286135008200645, 29.007158994073954], [91.2519606658263, 25.387923700879067], [13.38911507769993, 61.40566553407339], [28.93728425817148, 87.42387994182569], [34.06199050550662, 6.9052669185113995], [44.20516108616802, 61.45753578030425], [79.13014835061792, 33.55122604662187], [72.37716314711983, 75.78246958677813], [46.53465167298189, 52.429545384472945], [28.070929216143693, 54.18146420497762], [18.757604153093265, 11.90452150792739], [71.41632500802501, 13.814238686765156], [42.07048302302706, 55.153999037893364], [18.725830960740765, 32.08068093098887], [43.02147775148435, 97.73688121962549], [27.14455784876201, 67.80376469716995], [28.418407759708654, 53.94961213644479], [65.35328239951473, 86.47404497833284], [3.674329914536778, 14.329734601949928], [99.76377578766302, 23.59140639186291], [60.09750328838162, 11.510560086552236], [52.6361109862411, 94.41797670509888], [93.4505471771168, 99.7664975886327], [30.13441052367365, 35.62243949051661], [74.75086221586083, 2.112347969599637], [47.9324116639023, 42.34043698442894], [4.531336633826677, 33.76035970751584], [33.77303739524755, 98.2532435635408], [46.52928385818226, 95.73251343459692], [67.44491413150192, 87.03047046569667], [9.587423735155621, 68.25606594723797], [34.58350284566075, 62.380843276068134], [55.782524309761946, 91.02408437257591], [3.4743878288101215, 80.47280289073723], [43.24926276343519, 43.242173709841715], [27.381105747998724, 36.10033045031663], [71.67316656139387, 3.218081306550502], [53.569714728425865, 68.67346429560108], [21.709719323294486, 23.572630153198837], [65.20772351996315, 63.94851681086102], [15.865748801400493, 36.0916445517847], [49.32263003870262, 73.70533431890833], [85.2706630272215, 95.88718910716267], [82.32029436373108, 24.663549116936213], [29.842996940244817, 74.17215651188125], [94.39535117716619, 26.09024820808238], [99.44774210842039, 19.448197105352893], [96.27352171334181, 87.28244747653422], [90.6224018486921, 24.534927049958554], [26.05377180420024, 65.62249795720147], [11.199254631081523, 23.428566500191327], [4.315908185764938, 28.07762768704467], [27.378847193418387, 8.189536522640672], [71.81267989350619, 35.91732917643916], [47.80261536529626, 6.8216956006089795], [48.27708724940797, 31.607760588466117], [79.22400625124901, 33.312003759202625], [20.419885613751067, 49.38188557889829], [10.644073658137131, 99.93727664238524]]","[[0.0, 83.3974625880939, 33.58052595338016, 80.41779615167447, 64.9280411114329, 83.95265993712813, 88.77459206075856, 19.548843520161743, 63.02285738733656, 70.8900728517281, 17.674032416628062, 79.72937135721348, 78.2902679893873, 22.269481168647957, 69.82537946763696, 40.92097694933851, 31.842040751264044, 32.78190683884313, 53.088551948553985, 30.27577170457593, 93.75608473408779, 81.79897048839197, 77.55405141535994, 49.46815444770047, 23.600066734888586, 87.25733780536574, 31.81237675270612, 64.69150753701194, 26.203180488155574, 40.240060727707316, 45.01648397194234, 87.0016195505436, 80.83751497030931, 38.45081177944952, 68.80862638360865, 10.525546548232866, 34.91381297214295, 45.0297717714802, 14.538737145731874, 91.74124084199399, 83.65647713964243, 81.1839660968528, 2.2101532023395167, 42.089756011723786, 60.75290378339696, 92.99860161179772, 50.11996916773051, 75.37984332092077, 19.2050313129661, 6.487439904652467, 16.28865725774243, 48.776035207055635, 34.627806774553406, 3.9614632716580553, 49.97323394941307, 49.830161102546, 61.36064420185766, 91.2148353207058, 23.669342527931928, 75.11152197162637, 31.257817287477383, 66.83099830829646, 18.78340862861071, 33.43477855483633, 74.10275022280412, 28.646129813503247, 78.59776940939594, 86.91828539086974, 44.526629139418304, 77.97761459077797, 37.22961628850134, 80.05863463426105, 80.00107674339195, 87.64129757354591, 59.74566576882325, 85.57541927953972, 60.80080529865649, 64.94804761453057, 53.29645630980578, 42.08571895629213], [83.3974625880939, 0.0, 84.47638454819244, 17.449734083268194, 43.051062305334725, 1.2849378804062028, 55.839656413876156, 85.69183954496647, 40.85246796727368, 29.225066125410997, 69.7389817256946, 19.840941257870394, 34.37812799501162, 90.9442327538647, 53.14455192085215, 43.09343908325807, 57.39953430327133, 75.43061483035352, 46.00032740873951, 53.901474538069145, 34.11274797268127, 43.69075100467548, 54.06572291483545, 57.7792684962132, 78.28872109413018, 6.15446560409434, 51.82782466109725, 46.205922286434514, 73.69220092406617, 43.16525713900281, 45.77630894956547, 20.812454392591736, 32.19367478217751, 45.3820261531913, 30.407113998941245, 87.96203269371283, 59.25281386581629, 45.46609942965341, 80.88140468410727, 36.07339630630269, 61.842463807873706, 20.696426673376504, 85.59034024536474, 104.87939021418937, 27.413654715005194, 36.12055952306689, 33.57813524883575, 42.33722756665244, 88.58983542284078, 86.17564635257452, 82.09778124818952, 65.60878580189387, 52.76078390483617, 82.80058583488461, 79.26915216755762, 33.6089024196983, 28.902428735222042, 32.88017845186442, 60.49339034121691, 22.444632749178602, 59.912782954849085, 35.296873347408784, 64.61457822924886, 97.47231186874716, 45.34152095142833, 65.04162246069616, 57.278796834761145, 60.743317742986136, 96.0372936168727, 53.22133995466899, 57.366265998453756, 31.36230834342825, 39.598523101912036, 12.202268521507694, 41.54339871161639, 8.866509509731793, 23.476469990740227, 46.164457805614504, 43.88471372675925, 94.58934170567258], [33.58052595338016, 84.47638454819244, 0.0, 74.77062817442108, 50.18656534767091, 85.43958131907719, 67.96150674761422, 14.702639156165379, 80.28350655515426, 83.5703507177166, 44.19938623297491, 73.16024975253582, 65.69226298129674, 15.542965938500386, 49.596940365015115, 51.74540974807449, 53.14332178731264, 63.27972145104932, 72.03941106131505, 45.48823631043797, 105.6785851394861, 98.89694273828985, 56.78798855799022, 73.36765189330568, 55.255127960025064, 89.87306356245995, 44.55246071515353, 48.38129265704445, 12.947702388068752, 47.4593359791271, 62.236922546945756, 95.46673975299309, 69.02048630453976, 49.53612003826327, 81.90735346574024, 43.90787131112738, 58.426265306574635, 62.02880785249541, 19.146993260835703, 104.75555702388455, 60.233879285211835, 74.11137951733058, 33.747958340613096, 20.440303552811475, 70.80311931239875, 80.10856096057694, 53.31287661079266, 92.71743350101414, 52.785377388631645, 39.91457356389794, 17.292869405444403, 75.51333253349777, 52.959767791927725, 29.619118030884437, 80.42979983660643, 55.95412204539644, 72.6146752603791, 79.42519617878135, 33.00357179384493, 85.12034242297379, 25.772650419452912, 81.90139754682883, 35.48395981229979, 14.256403165208527, 57.055507968903086, 54.57318647949327, 56.58981628505204, 64.16265289254778, 13.580305894545454, 57.55692492838283, 60.033259370098236, 93.16598197437499, 95.95771213912619, 92.7224647128059, 47.34751659988384, 83.12045817387545, 61.46210788737094, 48.610249365961465, 71.2275282390283, 75.48757723163061], [80.41779615167447, 17.449734083268194, 74.77062817442108, 0.0, 28.016083780415066, 18.71859566517158, 38.40843290493649, 78.72857241847049, 52.06428411591058, 42.492176019502566, 69.68429376837155, 2.4498504683336284, 17.046738708262723, 83.70572366849147, 36.91564977392536, 43.879539316447406, 59.8380549755059, 79.56083718885193, 54.400896520259444, 53.70576179686202, 51.41932920527734, 59.076009652956806, 36.97251679132447, 65.74482251878185, 80.38526428265627, 23.288098379687508, 51.01677621267978, 31.035587853649105, 65.64623968837198, 41.693156057151015, 51.013028312690395, 38.0250622949477, 14.743961865457598, 45.578281799215944, 43.02237482042519, 86.81896776442689, 63.172353512409856, 50.626057289732, 74.95027460319564, 53.15857633624304, 44.51283979985035, 3.353223619053873, 82.50680203528454, 95.10412875248147, 35.60072820286759, 20.516649180556065, 31.590033735444358, 56.59528742363578, 89.25467033368739, 84.34262680174884, 75.76901319024147, 73.41924043595168, 55.040626792855264, 79.01498288466665, 86.7650120104137, 34.03319258021688, 38.006903568809484, 17.295234723048097, 56.74905229934374, 36.92789140352678, 52.61206971201544, 47.4746779806183, 62.139312018065205, 88.5779162083052, 28.49830929823247, 67.74360341016919, 40.160014243429906, 43.30783437623385, 84.9980260561789, 36.081525188621065, 61.78974691831623, 46.99034353564784, 54.87019194323068, 29.651518197441273, 28.23485397147707, 10.373682248959808, 21.358875607507287, 30.93808447199179, 52.139161040567465, 99.29252761784863], [64.9280411114329, 43.051062305334725, 50.18656534767091, 28.016083780415066, 0.0, 44.2959077910947, 25.605383524974975, 57.51370921887904, 62.943488465549464, 58.10485163501213, 59.95695479200228, 25.820545039143987, 15.525184756105205, 61.83123124324635, 11.332492287527419, 41.10893344351201, 55.67019901341856, 75.39163829767922, 60.575106587634984, 46.56691386408847, 74.03226247306824, 76.19055128563116, 16.35434406444067, 69.43683780981053, 72.86077521423961, 49.20019576493216, 43.53035202342091, 3.160151200360448, 43.87701110039921, 36.080182812095416, 53.07879079174535, 61.007678691797246, 18.91931204373469, 41.30407086976565, 57.60543006622306, 73.6195892727088, 60.78843757468788, 52.66637426637384, 55.48688324474336, 74.79467341171676, 24.924018741372237, 26.20688574818165, 66.68572685286621, 69.8139810003953, 46.3321661503884, 30.01327906976721, 30.19419425879194, 71.81949142318858, 78.67383715405839, 70.28010039961926, 55.660425755230165, 75.91547247588771, 51.582697583182174, 62.41943151282187, 87.46199904659089, 34.913087674131084, 49.11464844562378, 29.2393307841112, 43.09150374338593, 55.28070219821674, 33.75027737899608, 60.59818034387916, 49.61655506697238, 64.4264019306972, 9.535798241837648, 62.710226768767114, 19.032505981594127, 26.344542820263428, 58.690404613017, 16.162457845478343, 60.437219512275504, 65.70460091807121, 72.12670768431593, 54.47277912434964, 5.925544045115925, 38.10599796508443, 28.05821545327721, 3.142609737451721, 58.52605504631372, 94.43979684747453], [83.95265993712813, 1.2849378804062028, 85.43958131907719, 18.71859566517158, 44.2959077910947, 0.0, 57.09898601215856, 86.49565078080333, 40.39417917684941, 28.604819930387915, 70.12046752452312, 21.114828020825247, 35.65888708462399, 91.75864756378148, 54.41607372483049, 43.51680103186849, 57.635055436585255, 75.48804413090157, 45.78990363367488, 54.3410757916561, 32.89619078556287, 42.75299279960617, 55.35065551557572, 57.56359384712811, 78.49576526078992, 4.904951036592125, 52.31827215718518, 47.45196851699655, 74.57547480037469, 43.74302001423865, 45.841883081215215, 19.628896965015933, 33.46180453139543, 45.8337879619215, 29.856489417733673, 88.38564524360447, 59.36823451879531, 45.53965737624073, 81.62892003656101, 34.90044588355952, 63.124780997681015, 21.955226885102142, 86.14910049181088, 105.83056634725914, 27.368274823874884, 37.250617433384555, 34.2602697033755, 41.539357471934096, 88.88450831711054, 86.64941095816094, 82.86787403403984, 65.38564184577429, 53.0259424206706, 83.40963161978263, 79.04584456643414, 34.13144830397559, 28.74771477581535, 34.01832873265752, 61.14636094735343, 21.71878483030467, 60.779790104722856, 34.76456542226597, 65.17429849952293, 98.37827168660161, 46.62523653723638, 65.2335085700671, 58.563733912158256, 62.01764810524633, 97.0639253001363, 54.50622645172781, 57.44821004118026, 30.422689615385362, 38.6837480959939, 10.93397243344724, 42.7347643732512, 9.929029411758217, 24.298496961076882, 47.41218663257976, 43.69800841189238, 94.57110100752696], [88.77459206075856, 55.839656413876156, 67.96150674761422, 38.40843290493649, 25.605383524974975, 57.09898601215856, 0.0, 78.3971401648384, 85.40311500580903, 78.34153311338774, 85.31419539930332, 36.067361826447815, 22.096351967901985, 81.91390064460882, 19.086331951990545, 66.34434369850489, 81.22850414812359, 100.99629641616936, 84.5118220485861, 72.17225345660701, 89.8016705741676, 95.9740825709373, 11.391512259074426, 94.13385606229147, 98.34206268169146, 61.528768224902656, 69.13528940372312, 24.732078646114406, 65.20388277405323, 61.51937509766796, 77.80939070489067, 76.39170129592205, 23.698363770086058, 66.71850124400154, 78.33388540267339, 98.04546117564739, 86.26413760906246, 77.39231423740014, 77.72550587261281, 91.42567178569755, 10.070896531320463, 35.14380755573053, 90.35230413544076, 85.11666689387606, 68.26147098022294, 23.909235837663783, 54.686457930997776, 92.55902618051775, 103.67150577834055, 94.50326061697889, 77.46879945095637, 100.9168553786551, 77.06423943983604, 85.885986532897, 112.80824988106794, 59.20341267230309, 71.02960091236083, 26.07370290698277, 68.12885566898376, 73.92817099145546, 57.63937288765405, 82.07944726292865, 74.70727899027604, 81.81391943799342, 16.225291120029606, 88.31422441832675, 11.446118297775918, 6.463707683771339, 72.62613675703419, 10.837111729440311, 85.813060712211, 84.35649202979923, 91.7688211951453, 68.02950190299195, 31.526147552190572, 47.94282363057738, 49.79314634287903, 24.4889453511516, 82.3543193421278, 120.01634791949436], [19.548843520161743, 85.69183954496647, 14.702639156165379, 78.72857241847049, 57.51370921887904, 86.49565078080333, 78.3971401648384, 0.0, 74.32989796145442, 79.68793360184317, 33.09802745048296, 77.4871170783148, 72.50831927153058, 5.341507965984255, 59.41881598121724, 47.51959811560029, 44.5991485838428, 51.148605582887534, 65.16166039630298, 38.925070266012504, 102.48340196765754, 93.31998176759323, 67.01469524737675, 64.36930152060856, 42.46859368181503, 90.51899237345502, 38.951594058922616, 56.36928615471106, 13.637970307038318, 44.51801283481712, 55.79531041587496, 93.64786542106276, 75.56828863998493, 45.05004867216006, 77.8069886607156, 29.544990077747546, 49.20069435574152, 55.67341829985325, 6.67443472095354, 101.06612570012148, 71.66033955223364, 78.6822688656837, 19.389836535525003, 24.408791834541304, 67.74769988902763, 87.33598289310301, 52.5532158267331, 86.94817724978635, 38.62022122800021, 25.630474861470685, 4.567862111406638, 65.28600729393584, 45.62511613521474, 15.664417551607093, 68.46847922497786, 54.02946048680673, 69.0883059791551, 86.16499214316806, 27.30170676229632, 82.43881739451092, 26.16766759774102, 76.93896502721076, 27.04532788632584, 15.355724725667192, 65.64035686645842, 44.216212775125676, 67.35358703707753, 75.36371977035495, 25.001190103758365, 67.6477804911136, 51.15911185246834, 89.27105004321866, 90.84762396453213, 92.34013643701016, 53.467088189009445, 85.85610266412736, 62.215544304907986, 56.619193582921845, 64.76893625367643, 61.62718950987979], [63.02285738733656, 40.85246796727368, 80.28350655515426, 52.06428411591058, 62.943488465549464, 40.39417917684941, 85.40311500580903, 74.32989796145442, 0.0, 12.641133309529929, 45.53652979072103, 53.486622978590546, 64.04505885105267, 79.43614230949755, 74.13587883590333, 28.906450015386365, 31.180870815140448, 41.47715475312832, 10.112632163100631, 35.43793733349864, 32.169650426047966, 19.01192553002253, 78.8434177613999, 19.504859759452675, 47.84680868104399, 40.271927825985344, 35.84069571764266, 65.50599729153737, 67.35074141686401, 34.038566413168766, 18.545680531459812, 30.361598247975135, 63.780489073107105, 30.890361212836485, 10.84332391370443, 62.840467144056184, 28.96136901851658, 18.65734306494857, 67.86842175231025, 29.51209279087258, 87.54271528459904, 55.08820103848476, 65.0909331935563, 98.15088715165828, 17.16909900252856, 72.49508243329649, 33.77465476597884, 12.618826790939766, 59.65343781385197, 62.800904208708054, 69.81795482687127, 26.734025524873413, 28.91209868274267, 64.37388561918118, 40.010168743342525, 29.11905156214342, 14.443309353460995, 69.31990611647602, 47.6345550255561, 19.836163250010507, 55.5990641551751, 6.0689353787630615, 47.401884115516594, 89.27232919668218, 70.30943931230817, 35.86640129864523, 81.78080502022483, 88.19711867801193, 93.81188557258172, 78.41261410688537, 26.52257226228972, 18.723141189660744, 16.982836745500205, 36.224373967725256, 57.96350153008905, 48.61493254568006, 35.63997550244692, 65.63002112047802, 9.742658236830584, 58.12767016622416], [70.8900728517281, 29.225066125410997, 83.5703507177166, 42.492176019502566, 58.10485163501213, 28.604819930387915, 78.34153311338774, 79.68793360184317, 12.641133309529929, 0.0, 54.07472350321798, 44.24299849165934, 56.38498077134999, 84.96598386620339, 69.43495016868745, 32.23308391707952, 39.687322221473295, 52.9788234341595, 20.96808398423419, 41.31034601830689, 22.952588338072864, 18.087495704596943, 73.12977567474002, 31.821531298870713, 58.44652268167549, 27.94736927327552, 40.8041340428705, 60.97076159477046, 70.90700446446466, 36.11152469610584, 26.131079997783612, 18.062137414885825, 55.54926844559364, 34.66164485733395, 2.17017325407947, 72.15666206326472, 38.871541479080754, 26.049774485083304, 73.56035993408445, 21.38219673594259, 81.74698075777063, 45.71999265519215, 73.04925758646594, 102.59524451273712, 13.150700210743919, 62.97708906899991, 32.14680888781163, 14.250030530299265, 70.03189262477528, 71.58831187630342, 75.33713906531237, 39.2670001864803, 36.29600611664245, 71.66850865659946, 52.63381098284261, 28.295206300967987, 10.991052250381617, 59.72883297530579, 52.39410288575942, 7.256874082509675, 57.955320594534726, 6.584473837587406, 53.64904554845304, 94.00067724101412, 64.27364316312544, 45.70299566983831, 76.22839146955364, 81.86021472970855, 96.80475363468271, 72.56024405942763, 36.5031326406475, 9.622221598309881, 14.075763496140187, 23.601027978358342, 53.877808116408886, 37.5211265625128, 30.05704537789501, 61.05085488528768, 19.5410893913473, 70.39111386575573], [17.674032416628062, 69.7389817256946, 44.19938623297491, 69.68429376837155, 59.95695479200228, 70.12046752452312, 85.31419539930332, 33.09802745048296, 45.53652979072103, 54.07472350321798, 0.0, 69.45403273153306, 71.01786683240012, 37.34104157270015, 67.3588208598832, 26.69312555615725, 14.462790442804923, 19.402541936817872, 35.5243269936086, 16.07961720524948, 76.74324891803376, 64.20112315624499, 74.76762533900126, 32.0183600915427, 13.351954285962996, 72.90173436272978, 18.66794417930638, 60.58241018476387, 32.85200142702737, 27.99123256020838, 27.958012466333727, 70.86021317572678, 72.99872796125507, 24.54141409024062, 51.94722815590489, 18.444966757961016, 17.250947803848504, 28.026613431254994, 26.517764164402486, 74.56154450414348, 82.08183299574372, 71.05156372706396, 19.651217159398097, 57.37133644617938, 45.001066254115, 85.01391616532798, 38.13372606489669, 57.79252544433618, 19.60041806607751, 17.51436112601991, 28.68213444335367, 32.216222971910426, 17.962096330973893, 19.698264108658183, 36.28245311635873, 36.51136521025383, 45.20855550964909, 82.77236062243725, 17.611331703252638, 58.84472064224603, 29.879800975736867, 49.61798350103306, 11.23759942541128, 48.35551266245986, 69.49062374962932, 11.285778432821875, 76.47385701675854, 84.73927714134977, 57.04921139915807, 74.95952002043457, 19.555823383717033, 62.99578901992904, 62.51645803707477, 72.45874344763284, 54.176984915952914, 73.20805561894946, 48.729897634563976, 60.825259051205464, 35.85708879148209, 35.512432284844415], [79.72937135721348, 19.840941257870394, 73.16024975253582, 2.4498504683336284, 25.820545039143987, 21.114828020825247, 36.067361826447815, 77.4871170783148, 53.486622978590546, 44.24299849165934, 69.45403273153306, 0.0, 14.603556481487093, 82.412117988897, 34.529727535419106, 43.977057947134305, 60.0167259948501, 79.8744781186936, 55.43461233885515, 53.56024801018754, 53.73648238248982, 61.04376417733762, 34.52283823763744, 66.65232400921484, 80.41058271714935, 25.717050269489352, 50.80737730688619, 28.80352056812076, 64.29789358128986, 41.49500762162754, 51.64826905590407, 40.330573806669875, 12.375502428301948, 45.57073928385693, 44.68805581492104, 86.36695268892719, 63.535691329016, 51.25443220423429, 73.8659091104836, 55.42125033558504, 42.0748123366363, 1.7044040719168267, 81.79661194408494, 93.44332440753936, 36.81135982811017, 19.01386655300732, 31.50213494851115, 58.40684479839322, 89.04862230084407, 83.80184566003493, 74.6258598331268, 74.27110170862171, 55.23318572487333, 78.21816828773841, 87.52722827570669, 34.24394664115368, 39.29375680672354, 15.872560509907215, 56.06923501999545, 38.867833669907746, 51.43991540100369, 49.05269380843997, 61.6070631322591, 87.04658161051003, 26.062175807098868, 67.91097994692993, 37.71016418169433, 40.902820115232636, 83.18678825653433, 33.63169882141443, 62.23155459359908, 49.02653594390299, 56.831612655921795, 32.04211530485025, 26.32765311268615, 12.796347169556407, 21.622488866356424, 28.698099934066686, 53.170138628358664, 99.62673336836035], [78.2902679893873, 34.37812799501162, 65.69226298129674, 17.046738708262723, 15.525184756105205, 35.65888708462399, 22.096351967901985, 72.50831927153058, 64.04505885105267, 56.38498077134999, 71.01786683240012, 14.603556481487093, 0.0, 76.99274120524532, 21.14661707860151, 48.3311715769269, 64.16548465910034, 84.3203407544539, 64.12791338135517, 56.11961104322113, 68.00068772582524, 73.91205599168603, 20.02604196489796, 74.4878441869482, 83.22261722130034, 40.31134139467626, 53.11879759853135, 17.708408003220114, 58.891669252392205, 44.376019976902136, 58.4746906251503, 54.58684601896045, 3.5188075689308023, 49.26997293966746, 56.470006222399014, 86.26128121060174, 68.59310682324724, 58.059193881025585, 70.01028580027075, 69.4888623414412, 27.476355902436477, 14.088050542434443, 80.18206096921129, 85.32944929255169, 46.88391513829157, 14.873230672651646, 35.80016483069301, 70.62758507899564, 90.37116327691153, 83.1993309694807, 70.36392952371935, 81.69314859952321, 59.612593302034945, 76.12818000778638, 94.29745332032162, 39.826642018442236, 49.60333946446719, 13.753223732350765, 55.344506492099875, 51.837931509497515, 47.713001946608294, 60.38264714665006, 61.59123588893241, 79.92144906446025, 12.04434144720508, 71.78551004001969, 23.181102132974264, 26.455382147054284, 74.09866021576443, 19.10085403328947, 67.74335643376145, 62.260273759895256, 69.70271156266047, 46.558161615354685, 19.066480859684784, 27.244045444774976, 28.86892356415348, 17.51610296212661, 61.905008556454945, 103.91662861513481], [22.269481168647957, 90.9442327538647, 15.542965938500386, 83.70572366849147, 61.83123124324635, 91.75864756378148, 81.91390064460882, 5.341507965984255, 79.43614230949755, 84.96598386620339, 37.34104157270015, 82.412117988897, 76.99274120524532, 0.0, 63.08029411889519, 52.82291814690944, 49.41702766770815, 54.73171204612679, 70.16901470879958, 44.08354394238057, 107.78226176053883, 98.43955490173214, 70.57248943750498, 68.97618087801975, 45.762911623300994, 95.80744284791373, 44.197895453147105, 60.52637003909461, 18.193338789723413, 49.85839722552768, 60.891567940155056, 98.98758673335885, 80.11555512812032, 50.346171946882045, 83.0737552359272, 31.458368486382415, 53.83477960084498, 60.780577638421335, 11.570025848392152, 106.33955798225706, 74.77841586123834, 83.57508148463569, 21.613097527952622, 20.089807498806724, 73.07160603821785, 91.76898957337218, 57.866575677086644, 92.05438830076208, 40.70508703287955, 27.775078492231586, 9.64999496076686, 69.54755638935227, 50.64611835809561, 18.67958600197791, 72.02692689917036, 59.36972044379186, 74.39404078051233, 90.6982483323256, 32.59954547453956, 87.76565655424136, 31.265265695824844, 82.14214606610011, 32.06266867699149, 11.209337369005436, 69.68613860365008, 48.57687825758848, 70.72183460926584, 78.58362745459823, 22.99765715661507, 71.25328215057938, 55.86266153728485, 94.54018528853774, 96.01912625588211, 97.66804170675385, 58.01350804348541, 90.98463682192244, 67.46870546717219, 60.77243564730222, 69.83516907976893, 63.88624729508376], [69.82537946763696, 53.14455192085215, 49.596940365015115, 36.91564977392536, 11.332492287527419, 54.41607372483049, 19.086331951990545, 59.41881598121724, 74.13587883590333, 69.43495016868745, 67.3588208598832, 34.529727535419106, 21.14661707860151, 63.08029411889519, 0.0, 51.1357791787727, 64.8196515157641, 84.01501590287282, 71.38961053763862, 55.335309476348094, 84.99432749469906, 87.51963186848107, 7.738544634918191, 79.79332370695047, 80.5823644913099, 59.28798222574817, 52.36410225659593, 8.632080259391008, 46.14400602706791, 45.81460998607892, 63.501462369405566, 71.84416970165809, 24.568020747747763, 51.02475029908632, 68.93698945344855, 79.26025588507778, 70.19226803337982, 63.09535575409081, 58.63988802095777, 85.87749737351513, 14.876158382234467, 34.492020128386145, 71.36173141710938, 67.77040129588573, 57.627351147281566, 32.781282311720396, 40.993097261157445, 83.14512482266592, 85.21353698031557, 75.64906174197277, 58.39816277575104, 85.98039008514579, 61.03802492118818, 66.86907939712013, 97.02425179312603, 45.754926022051535, 60.4047632951121, 33.13834334485181, 49.89442798927337, 66.5204756916188, 38.85122519089499, 71.89991959125479, 56.47142618439593, 63.6884160438401, 9.273581564433378, 71.42201756141294, 9.12110840035257, 17.39580381995287, 55.708262176019254, 8.257454096852037, 70.06992806604656, 76.96982597847466, 83.45077507161791, 64.90560293521187, 16.270105880640713, 47.27683609645232, 39.39067427740353, 8.505973755109116, 69.39238811998788, 102.53914891456256], [40.92097694933851, 43.09343908325807, 51.74540974807449, 43.879539316447406, 41.10893344351201, 43.51680103186849, 66.34434369850489, 47.51959811560029, 28.906450015386365, 32.23308391707952, 26.69312555615725, 43.977057947134305, 48.3311715769269, 52.82291814690944, 51.1357791787727, 0.0, 16.09391996064175, 36.17829741507053, 22.221710318624726, 10.836485360789919, 54.96435187247662, 47.19382819149765, 57.39304524192474, 28.78312101150991, 36.519417090432505, 46.51544844187077, 9.161109720161335, 42.862336349505775, 38.91235695671514, 5.663729506309158, 12.883216552662253, 46.603803725810714, 49.60576797430385, 2.5288697544128094, 30.421514722648407, 44.87088266701293, 20.263716788589683, 12.516197529933729, 41.5266648062954, 53.610547232344054, 65.7712894509165, 45.64331492858148, 43.13112460819038, 70.40829393340688, 20.366891140485198, 61.0532349087009, 12.705244048831684, 41.098061453430596, 45.89218772839066, 43.18548123339026, 43.229865920407654, 34.860731668869285, 11.374027140003443, 40.91349349523737, 46.46952360828214, 9.957456964117355, 21.57144423082749, 58.458749228320386, 20.223920366142455, 35.0574156818048, 26.701372627055086, 30.15602911227615, 22.433240102428837, 61.77337127575591, 50.14523508275887, 23.955762437916956, 59.85207101558293, 67.44566776335147, 65.17774241715568, 57.259409898314225, 19.53486254942799, 41.84728270410347, 44.212846959820084, 46.72375636382882, 35.28552889018921, 46.61002789955286, 22.552295028485926, 43.05448963038106, 20.7749202157853, 55.90955729781578], [31.842040751264044, 57.39953430327133, 53.14332178731264, 59.8380549755059, 55.67019901341856, 57.635055436585255, 81.22850414812359, 44.5991485838428, 31.180870815140448, 39.687322221473295, 14.462790442804923, 60.0167259948501, 64.16548465910034, 49.41702766770815, 64.8196515157641, 16.09391996064175, 0.0, 20.15997426124154, 21.285673842330063, 9.793954238752175, 62.28933779922329, 49.99920437950591, 71.62100991917737, 20.224996961872108, 20.93046726492813, 59.9716463351257, 12.564872322542465, 57.01243066113702, 40.50755129293225, 19.881755232989335, 13.558686054467213, 56.74169357586141, 65.57976870541484, 14.8968720349284, 37.547496399168004, 32.50021727545661, 5.795368723603062, 13.658817516950103, 37.94879659379114, 60.0994814839133, 79.6759783190498, 61.691201505855815, 33.91358361734245, 68.94431110706743, 31.361452932887264, 77.11976923115395, 28.784140713134054, 43.57312674640028, 31.40148804514082, 31.938912599779155, 40.031631826312896, 23.3174883206605, 4.802697429412369, 33.30092853477729, 32.38652179583831, 25.805065904459376, 31.24925823094397, 74.546103962796, 20.78516758623283, 44.70601378404769, 32.47556347543179, 35.15557885770861, 17.82408696191321, 59.9067181812481, 65.01494860784545, 7.906844919579627, 73.81570850151341, 81.7424283176917, 66.61622375813357, 71.60959723677216, 6.922020980959086, 48.539182545825525, 48.16028584035404, 58.931166229491744, 49.74738611175908, 61.87383393488227, 38.479224783664726, 57.228551033508055, 21.459204813505703, 39.84315868452254], [32.78190683884313, 75.43061483035352, 63.27972145104932, 79.56083718885193, 75.39163829767922, 75.48804413090157, 100.99629641616936, 51.148605582887534, 41.47715475312832, 52.9788234341595, 19.402541936817872, 79.8744781186936, 84.3203407544539, 54.73171204612679, 84.01501590287282, 36.17829741507053, 20.15997426124154, 0.0, 32.01838263556479, 28.827223512872084, 73.5161379868315, 57.619971389856154, 91.07154474058511, 22.66688052538325, 9.4690767569915, 77.15963563911123, 31.861369711740227, 76.52863424502122, 52.23612379466163, 39.98556939033943, 29.65434707637415, 71.00620499019207, 85.73535983482358, 35.05600794860866, 50.840984670022905, 26.871698777081903, 16.430622153792537, 29.967298179551655, 44.870647495668784, 70.62116797573651, 98.88681771071869, 81.56253592145991, 34.02367809902862, 74.75503978665134, 48.21058600088733, 97.231019692192, 48.88329466364105, 51.695161931943, 20.223365151017518, 28.913551544038736, 47.00167074576358, 18.327462866020102, 24.80463785642045, 36.08580792699975, 17.320873493892208, 45.6447298451945, 47.270905425426314, 94.61912982191167, 35.87851338902423, 59.32339601778423, 48.436923355560054, 47.03601864342117, 30.129150785515392, 65.93875650016211, 84.82933850168423, 12.683873936955484, 93.10018051158325, 101.17899726811122, 75.774850303744, 91.12801856768067, 18.096695653849856, 60.200262011172, 57.18392653009751, 75.00118773579517, 69.47022916304195, 80.77344866091313, 58.258362388769086, 76.75470023930403, 33.50488268670109, 19.758203407935714], [53.088551948553985, 46.00032740873951, 72.03941106131505, 54.400896520259444, 60.575106587634984, 45.78990363367488, 84.5118220485861, 65.16166039630298, 10.112632163100631, 20.96808398423419, 35.5243269936086, 55.43461233885515, 64.12791338135517, 70.16901470879958, 71.38961053763862, 22.221710318624726, 21.285673842330063, 32.01838263556479, 0.0, 26.623253916218747, 42.13542777684364, 28.71639415620521, 76.85767901301944, 11.77913815341156, 37.89396712078839, 46.600912849112966, 27.54008722704896, 62.81975455850967, 59.10031902202423, 27.815657528363214, 9.865025079949378, 39.0176748690026, 64.41818968833658, 23.691623125427558, 18.84154612108129, 52.72798605367367, 18.84914861553162, 10.121890619052136, 58.60785243846164, 39.58006647285677, 85.49038208994472, 57.11459797360892, 55.13150520431093, 89.24384335701122, 19.064700760034555, 74.27915534507837, 30.408617136356575, 22.29304133765095, 49.655043453002165, 52.717217986139026, 60.6138708939331, 19.611138140402353, 19.536838633372575, 54.57873791296045, 33.26986927096781, 25.665410308346146, 17.146821198686585, 71.24254299874576, 39.07471129321651, 27.50818790646567, 48.23990532814277, 15.110300512888541, 38.120255833480144, 80.2840996611235, 68.77095730107808, 25.75648334131776, 79.60748846173387, 86.6091561468555, 85.61795746401748, 76.55398091895039, 16.410360324531727, 28.514251331634867, 27.02780497267231, 43.593199518461546, 55.133901257828384, 52.80469142225419, 35.27483181903114, 62.97643290747798, 2.264557633192168, 49.68243341529936], [30.27577170457593, 53.901474538069145, 45.48823631043797, 53.70576179686202, 46.56691386408847, 54.3410757916561, 72.17225345660701, 38.925070266012504, 35.43793733349864, 41.31034601830689, 16.07961720524948, 53.56024801018754, 56.11961104322113, 44.08354394238057, 55.335309476348094, 10.836485360789919, 9.793954238752175, 28.827223512872084, 26.623253916218747, 0.0, 64.26015940000912, 54.40517641367093, 62.28844619996367, 28.826830106503742, 27.158598366196532, 57.34707767489976, 3.0453445136861403, 47.72015117647578, 32.58140139228881, 12.085841152975787, 16.965039454270396, 56.80705686206013, 57.8340673227542, 8.528740282750418, 39.3222736386529, 34.066096400733, 15.537839832395875, 16.81145939843129, 32.54172478307864, 62.563754089354035, 70.20987905697314, 55.18058182127563, 32.48277619326662, 62.73971346931797, 30.51500884121283, 69.67984024523763, 22.117910205995642, 48.04880878249366, 35.565464305631195, 32.3510353009499, 34.44093840925764, 32.85830730653731, 7.653886488355176, 30.562441218291195, 42.14084044916315, 20.471232162667892, 31.2759946075396, 67.29780839953523, 12.484806505440439, 45.00695727388942, 23.083371693438302, 38.090068024197215, 12.338929082687374, 53.83874192990851, 56.01851288749112, 16.152429000005885, 64.383841589548, 72.40493230724059, 59.06709225487507, 62.32535086254246, 16.188766237075264, 50.76258806807627, 51.93558926657484, 57.41907941433946, 40.64743360256775, 57.143530770259154, 32.65930218164336, 47.944147953766446, 25.9934537411228, 48.01571520207655], [93.75608473408779, 34.11274797268127, 105.6785851394861, 51.41932920527734, 74.03226247306824, 32.89619078556287, 89.8016705741676, 102.48340196765754, 32.169650426047966, 22.952588338072864, 76.74324891803376, 53.73648238248982, 68.00068772582524, 107.78226176053883, 84.99432749469906, 54.96435187247662, 62.28933779922329, 73.5161379868315, 42.13542777684364, 64.26015940000912, 0.0, 18.764095995887246, 87.0800996286376, 51.06896414824962, 80.00306289999654, 28.974654814539583, 63.69381958895251, 77.13576225668486, 93.22099388553355, 58.42208144290357, 48.81006085761887, 13.416405170690542, 66.10374706775595, 57.43609005527697, 24.979051770723324, 94.58278495695147, 60.86119146205169, 48.76815100534968, 96.42849204405387, 3.7654433287617852, 95.23011412164685, 54.72636499814468, 95.90282605852734, 125.06956305321592, 34.94064152107315, 69.94016385415668, 52.87118463350286, 22.806299010005326, 91.78750344003667, 94.2258979801691, 98.17369150736933, 57.441192934362554, 59.12968157124329, 94.60314209223614, 69.52912561932477, 49.76009525551919, 33.40468918882549, 66.75096183855287, 75.18362811423556, 20.63243980414384, 79.91783151958, 27.224924672817444, 76.59809161062569, 116.59545123341213, 78.15551611562569, 67.77389465678293, 90.29655407904082, 94.45523030163434, 118.68615709511306, 86.32114161160999, 58.4345538457256, 13.753580094881833, 17.140678431929928, 22.17995687380949, 70.96838070505433, 42.631076808691766, 47.6090707677852, 77.15590088686261, 41.25392066164047, 89.12361299857585], [81.79897048839197, 43.69075100467548, 98.89694273828985, 59.076009652956806, 76.19055128563116, 42.75299279960617, 95.9740825709373, 93.31998176759323, 19.01192553002253, 18.087495704596943, 64.20112315624499, 61.04376417733762, 73.91205599168603, 98.43955490173214, 87.51963186848107, 47.19382819149765, 49.99920437950591, 57.619971389856154, 28.71639415620521, 54.40517641367093, 18.764095995887246, 0.0, 91.12100389216405, 34.979143977397506, 65.10130832900698, 40.4343203291899, 54.67384507817856, 79.05798617877271, 86.00615978483077, 51.91572958888574, 37.5549577211738, 25.234474226114635, 72.81608499243424, 49.36147271735251, 18.77623338942305, 80.97659308548313, 47.23379747922548, 37.65956754867427, 86.87358832030698, 15.082369866188635, 99.70810428393314, 62.39790947017223, 83.8320985126384, 117.05560606155008, 30.653867161872896, 79.25109016995505, 49.556899369589175, 6.428733569238419, 76.95438225276818, 81.23059982304967, 88.81552981541125, 40.355256264549546, 47.914833947345954, 83.2778359956255, 51.56951994346246, 45.33903746880451, 28.088610678717227, 75.98079398750181, 66.49388555182807, 22.182854721659172, 73.80061376307106, 17.190578202320076, 66.4129396533027, 108.21030131234637, 82.23223061255187, 54.02235313818508, 94.23764379672696, 99.70416294782694, 112.36361079258171, 90.53007324940016, 44.82134110768623, 12.33050523714316, 4.2167739710908085, 34.233136168343435, 71.94245313979353, 52.51601059002559, 48.14451499882597, 79.13831581442132, 28.702918901814343, 71.69449423815725], [77.55405141535994, 54.06572291483545, 56.78798855799022, 36.97251679132447, 16.35434406444067, 55.35065551557572, 11.391512259074426, 67.01469524737675, 78.8434177613999, 73.12977567474002, 74.76762533900126, 34.52283823763744, 20.02604196489796, 70.57248943750498, 7.738544634918191, 57.39304524192474, 71.62100991917737, 91.07154474058511, 76.85767901301944, 62.28844619996367, 87.0800996286376, 91.12100389216405, 0.0, 85.78986216239683, 87.92939646397771, 60.10242331780855, 59.28252918228734, 14.614302548980833, 53.813271935630844, 52.25788961334106, 69.43277835292886, 73.73760140452178, 22.965248240656205, 57.48771159211308, 72.83428100379709, 86.95142975362742, 76.86912685449194, 69.020471000249, 66.34949697372022, 88.27301373668448, 8.699337394878008, 34.10544583152755, 79.09697885660182, 74.41106124914262, 61.968542413283245, 28.5313630182292, 46.51850204337012, 87.1238447107602, 92.80722740731504, 83.35753790537521, 66.0800956138852, 92.23217557747911, 67.67414728249102, 74.60687973060999, 103.63033440319947, 51.215556711713745, 64.76296600912882, 29.57754368390192, 57.38980469965078, 69.5659300348036, 46.53194203451588, 76.14230479386742, 63.97375192741081, 70.75254302332316, 8.960992214584596, 78.4280702096376, 3.2208948477403005, 10.121817301471633, 62.09789166122361, 1.0601639452051839, 76.61347659794446, 80.07668090102854, 86.97765074057345, 66.14800938948724, 22.107781811250298, 47.249872305816346, 43.422645198851804, 14.403566647531107, 74.78564743844008, 109.7963454393708], [49.46815444770047, 57.7792684962132, 73.36765189330568, 65.74482251878185, 69.43683780981053, 57.56359384712811, 94.13385606229147, 64.36930152060856, 19.504859759452675, 31.821531298870713, 32.0183600915427, 66.65232400921484, 74.4878441869482, 68.97618087801975, 79.79332370695047, 28.78312101150991, 20.224996961872108, 22.66688052538325, 11.77913815341156, 28.826830106503742, 51.06896414824962, 34.979143977397506, 85.78986216239683, 0.0, 30.309949617779548, 58.28946069152437, 30.81608966300666, 71.39855219086034, 60.71476187724087, 34.33944276090162, 16.36290778679377, 49.79140422653158, 75.04732507998342, 29.354798605929805, 29.80663111435851, 46.88319689207209, 15.170625522000762, 16.777138337325884, 57.69487267869594, 48.06787205496488, 94.28944907695394, 68.34614163842026, 51.28488448556418, 88.77717243597954, 30.743774406960718, 85.32855043682115, 39.455320030288924, 29.02969467983848, 42.10995482882291, 47.713763984667274, 59.82190267058349, 7.834592707005373, 21.216810422096184, 51.715103024262085, 21.49087116423538, 34.9505487090382, 28.916012633469006, 82.35791167573979, 40.83260323724145, 38.73720461187555, 51.88096253452179, 25.434884959305858, 37.98024946823344, 79.72410177318325, 78.11203874290717, 20.8257897865371, 88.3696157506152, 95.74192625678536, 86.82990675475877, 85.58289514742009, 13.348228559806497, 38.04018322517585, 34.541007368587785, 55.02425821063847, 63.74141680310074, 64.52672915731698, 45.8812133819641, 71.5785353842469, 13.928496643251751, 38.62926749237288], [23.600066734888586, 78.28872109413018, 55.255127960025064, 80.38526428265627, 72.86077521423961, 78.49576526078992, 98.34206268169146, 42.46859368181503, 47.84680868104399