instance_id,num_cities,city_coordinates,distance_matrix,best_route,total_distance
2500,100,"[[79.8864539028328, 92.71421745585295], [96.1867201180945, 29.48311611808029], [95.31441643664928, 1.447458142487834], [82.19085831027242, 74.81084553897452], [64.93980957379028, 45.17291414141717], [48.592915033800836, 19.177536161324184], [17.857827911682843, 10.262463531230859], [6.215993737758351, 55.474565135142065], [17.131003527923372, 80.08640023546985], [42.599786917663266, 56.09094493564055], [12.407175226700717, 22.759996766872092], [4.511320914827365, 0.8502813552046962], [63.5852418315273, 63.00626101676799], [32.93526374265296, 85.15065601550113], [11.535562813462763, 50.46123536048022], [80.0736952741844, 84.29055059770364], [87.85178026714013, 56.598744893465415], [56.85085557515649, 17.314932253694735], [12.750806782373413, 71.76742184873905], [75.71967001517024, 37.46462727978286], [92.35645058810678, 37.817751434432054], [52.12574890267058, 31.60238579710749], [14.04614517051922, 93.49201482028167], [65.41955877434856, 1.5197251918445787], [97.85007901017023, 20.04920862576036], [39.07033393527921, 75.83236114018769], [11.882648324094824, 99.08002386624464], [76.37809351969277, 9.437310059094973], [62.80746722716588, 52.197398089521926], [2.775853247609883, 76.90228639050487], [26.22484301561151, 42.73423806505442], [81.08973800048955, 1.1731053254884327], [85.21827912822485, 48.408347489045575], [31.674118827170293, 37.125007928566575], [88.30909795599456, 38.29878309632365], [40.240980079079755, 26.26845768063042], [53.45376501833322, 25.632441852814726], [36.174233466964445, 53.13247202728115], [82.65036854566016, 27.682634434445262], [73.33298182528468, 45.26910035393254], [73.79159216997853, 3.015505960680609], [49.38943664383586, 31.601017131420996], [5.677163779266204, 37.213689442268105], [78.07320154651404, 2.7827968248602897], [30.492687986800227, 0.07218834375987138], [89.1503697602463, 5.489781401047267], [11.352230956038124, 78.7890357386855], [24.284308055004587, 89.88008689038402], [11.613646080753314, 63.25637681439847], [31.655520544889313, 23.83977274251905], [20.268285664502137, 82.90654612112745], [57.35085768922094, 22.187094639590967], [44.57090570319714, 46.682290140519264], [30.365421631383615, 67.76514310027615], [79.99580348776813, 54.523603905316754], [97.62730450977264, 88.71798968189425], [43.20815645707423, 51.69544631145262], [62.32728708156141, 84.80937620909307], [76.88737089261947, 6.419231776927092], [59.61233686289702, 78.5295041267242], [24.543733043995818, 99.35551249238806], [90.21944015358318, 99.96582760921115], [50.233988648197595, 4.56359997439848], [15.656904935715755, 76.48177222008464], [59.798138244132424, 23.514738233092057], [69.05393014333912, 1.1422650324851236], [46.02752093282264, 60.65541504570792], [91.60247367739225, 8.013676465835328], [55.88561681479577, 3.719983363693702], [61.73423411514223, 22.272173325481546], [23.115096819638158, 82.1324999008344], [69.33200347214887, 23.763754168271234], [78.26256777386827, 78.65240551186432], [78.18472931274339, 74.06693249600596], [61.5925574248942, 92.25046721573415], [79.36001427661024, 19.28645152118944], [16.700283407722793, 99.47548108675312], [0.4787130320341282, 36.27480664781181], [43.52274207547817, 26.723642319844654], [6.63571139989233, 28.36187089201987], [16.303496516383852, 38.55145967521981], [22.407084809193066, 79.85501341960962], [86.91756681128616, 98.02316479509247], [42.28224138725329, 27.54258538277258], [45.30658156325475, 33.240057221691764], [39.75375276676586, 49.48194054717526], [77.15804949490906, 24.080341477947485], [91.85421807684209, 43.27960285679935], [29.755268432806602, 24.19026274917977], [64.58322349918856, 9.30182039458306], [87.3517184214324, 59.702577208333565], [9.058890977520095, 50.63993969106445], [6.154567029294588, 96.09308994560301], [21.464869420399758, 93.4933272386723], [63.6380204813661, 45.6574835859191], [33.93159393448181, 93.43327282892305], [28.39339100481316, 55.221537275879015], [40.16577902289305, 70.11420928188011], [7.552239969524943, 36.51469540928408], [63.64198135255539, 63.96991791481057]]","[[0.0, 65.29832199280527, 92.56156536872398, 18.0510666074639, 49.83550639387625, 79.91826493837758, 103.1786904723858, 82.5477341051906, 64.01334485487479, 52.264324590993006, 97.1959157724939, 118.82926166926852, 33.88646028696779, 47.556510796307855, 80.35644845725085, 8.425747602926911, 36.98342578094269, 78.83965372393791, 70.32754339865038, 55.406491520310006, 56.29496246531978, 67.1216262525937, 65.84490278454726, 92.33486055628634, 74.85249050816144, 44.16959046525668, 68.30110588010547, 83.35077623001594, 43.96935793744895, 78.71506779152631, 73.33189499062595, 91.54902021695067, 44.625536117225195, 73.58389408910419, 55.063421882248676, 77.37443109203755, 72.10167584544149, 58.970100785111526, 65.09029124549279, 47.89558573695642, 89.90554033782774, 68.3000096309635, 92.66783341823847, 89.94969872554454, 104.98709287037966, 87.71500659574804, 69.93461518287701, 55.67432908392597, 74.35684678069616, 84.0827691453396, 60.41950348276536, 74.04004422907282, 58.018327078647765, 55.45077951147316, 38.19077009825966, 18.18536820301191, 55.02578568013571, 19.25644968818796, 86.3470847928763, 24.743603496228616, 55.73978428215753, 12.623646647244374, 93.00430128783857, 66.2489791532783, 72.05628599022366, 92.21044431965143, 46.62825488735732, 85.50699832972458, 92.17382428095588, 72.74327917055854, 57.74911022242492, 69.7535863699202, 14.155266204064997, 18.724772440653332, 18.29977356774516, 73.42965306220498, 63.546886845255, 97.42174501908053, 75.34637048089341, 97.50331166429051, 83.52482744915142, 58.9002292003062, 8.810304795081608, 75.24239779529772, 68.79639021475032, 58.988672363305945, 68.68808573809352, 50.862643461401646, 84.90387579652865, 84.80458032614729, 33.845214819296146, 82.38196719772905, 73.80926717719277, 58.42677935238041, 49.78300705218212, 45.960485151271946, 63.696440981401906, 45.70002606543585, 91.60035362165546, 33.01692966558043], [65.29832199280527, 0.0, 28.04922515573405, 47.439300186632735, 34.96482776415259, 48.69676848258856, 80.652643107018, 93.64981061065653, 93.86425671708433, 59.82922332950737, 84.04886957014745, 96.04279278340738, 46.76171115739803, 84.25925309332693, 87.21181066783247, 57.12691523142721, 28.367737770282655, 41.17493093980682, 93.53883763063223, 21.968264845908855, 9.17262833264983, 44.111908691631776, 104.13555188208736, 41.57606822735377, 9.57942448049451, 73.55633273011809, 109.32019982214793, 28.18183862471292, 40.37465949125423, 104.75766205304791, 71.20573348092493, 32.08388349523715, 21.873981809282487, 64.96363779657766, 11.82255958750467, 56.038021533441785, 42.90609681450169, 64.50419047606222, 13.655568394821612, 27.775720553224495, 34.67096974785349, 46.84518380017769, 90.8390970484195, 32.26463397286395, 71.97713894156823, 25.003806454257568, 98.12219046179432, 93.90288035497575, 91.06721687955037, 64.77748870411178, 92.83141474293538, 39.51526464556413, 54.40591773665127, 76.1443164283603, 29.81898405299747, 59.25238838655007, 57.44663454201801, 64.8649077792751, 30.073370968831135, 61.18197191324026, 100.0743192431897, 70.73486445393705, 52.27461921793091, 93.24121839992519, 36.87479390282823, 39.23508802169388, 59.056392400324896, 21.95340871961526, 47.83218515584776, 35.19902680106019, 90.0634206777382, 27.457001060694026, 52.334446177911474, 48.081060260528155, 71.6693550707676, 19.675111140151852, 105.91045639982781, 95.94868253726587, 52.73622359362039, 89.55802785515368, 80.39629511284221, 89.33511417169798, 69.1639752737819, 53.939396425788686, 51.01865448848779, 59.87180290104759, 19.78080583539868, 14.46076140004762, 66.64196928212297, 37.497542527750355, 31.48448957130088, 89.65974455934784, 111.99409450104218, 98.39035572347193, 36.34594903186112, 89.24865981895127, 72.51483845364272, 69.20427423849925, 88.91295843990152, 47.41834581134334], [92.56156536872398, 28.04922515573405, 0.0, 74.52794367338585, 53.240325359519986, 49.972536056221855, 77.95657397506339, 104.19912292061747, 110.89061848307867, 75.92590344696207, 85.60277418203492, 90.80505920079776, 69.2547957360124, 104.39053608919596, 97.06310664506006, 84.23335176220544, 55.653889072436094, 41.607958959982426, 108.45112694108865, 41.002323836419116, 36.49037950067369, 52.67428846425826, 122.78734596283488, 29.89494501041343, 18.773777076781446, 93.2550835633004, 128.4249890799713, 20.55290877867566, 60.268218420121734, 119.40191281143525, 80.48582081258422, 14.22732392547324, 48.03391631722528, 72.95872147016547, 37.51126014770239, 60.40832235961975, 48.34488157224655, 78.54235737459807, 29.13181395065112, 49.025705437877896, 21.579868821986164, 54.939429271420295, 96.50937967551604, 17.292848819221813, 64.83631579790189, 7.371285420845209, 114.15501835552047, 113.42665526220645, 104.04884134655848, 67.48237384165368, 110.75876831286072, 43.259268542144994, 67.97862831394953, 92.8246048436237, 55.242530279800654, 87.3011748283454, 72.38730996581853, 89.65132507014442, 19.08597758968228, 84.94869215595064, 120.80760213846732, 98.6500273984088, 45.18799961833219, 109.43247885164989, 41.81352493207701, 26.262259674207858, 77.03752481134563, 7.542794052462591, 39.494235155289346, 39.5132560946129, 108.2719618216344, 34.25058907184277, 79.06560213598945, 74.6124268225085, 96.86253265305807, 23.93266874064859, 125.65697431599709, 101.02848531062627, 57.63040013483554, 92.67307236003516, 87.28936015567746, 107.06644539523475, 96.94005466823765, 59.104714331061864, 59.25835725815974, 73.44589060882937, 29.015531506412977, 41.9750080891989, 69.39190909874088, 31.719035700137134, 58.79679801704683, 99.29710928892912, 130.02797531974807, 118.00931154861117, 54.386766868648486, 110.58589874780509, 85.8491422874607, 88.07096525321602, 94.50878661676096, 70.08709667362358], [18.0510666074639, 47.439300186632735, 74.52794367338585, 0.0, 34.29293892384841, 64.99143716458622, 91.1330479029614, 78.39688633273319, 65.27339566512578, 43.793693753934235, 87.05775831368878, 107.25798610990178, 22.03445439070525, 50.329169245082845, 74.73335465229782, 9.713248031522307, 19.071618896252623, 62.83228296921969, 69.50671322941083, 37.90272148822361, 38.36441421143688, 52.63916599791084, 70.65895565755346, 75.18553590858528, 56.956545456539125, 43.13262241619335, 74.37901187930154, 65.63145111644015, 29.783952985287364, 79.44253995145274, 64.50661683112953, 73.64597239283002, 26.575499620618114, 63.02510074884171, 37.021123162034435, 64.15727318552281, 56.95907232380556, 50.867294404973386, 47.13045121330265, 30.841152449304644, 72.28498085258114, 54.24963165174113, 85.25193016785155, 72.14565058814661, 90.87666198831552, 69.6695394906335, 70.95024399321785, 59.83519530654921, 71.5167716944619, 71.7765325512658, 62.449542600299075, 58.19179314623505, 46.97314618973862, 52.30217786872927, 20.405647227574438, 20.777211783153476, 45.320775867399504, 22.238077199240433, 68.59693733517757, 22.882702035420458, 62.65486196074313, 26.405136798900806, 77.17458796785822, 66.55493180539911, 55.970747151499744, 74.83073322842877, 38.8350767055372, 67.4569514579791, 75.8015594493947, 56.38071967807474, 59.52774326558036, 52.641767496512344, 5.494456257329878, 4.074613620988094, 26.989449857177103, 55.59651076268337, 69.98113779991867, 90.34323981014366, 61.70577223068724, 88.6909661149463, 75.20563481133193, 59.99619324287491, 23.688679543222747, 61.8626391524212, 55.57499718822233, 49.421264198665625, 50.97953713852137, 32.9787778284821, 72.88301920047125, 67.83407093053611, 15.965407888231686, 77.02283645430936, 78.95854303841463, 63.534878996599026, 34.556132663704666, 51.727665675747176, 57.25302163823792, 42.28670809181032, 83.8899187183511, 21.484565346892328], [49.83550639387625, 34.96482776415259, 53.240325359519986, 34.29293892384841, 0.0, 30.707989797924583, 58.61273376184803, 59.620554840933075, 59.19994465175564, 24.865236952417696, 57.11406601427708, 74.94062995937416, 17.884717345962287, 51.2104559558715, 53.665444313393564, 41.943104061559225, 25.602890645928507, 29.008590652575403, 58.57439587872264, 13.252285745367573, 28.386099114780215, 18.66438829500847, 70.1776358023482, 43.65582509542711, 41.40394200088403, 40.115227284435726, 75.63754913243008, 37.52156365019418, 7.340998475710848, 69.79334158388205, 38.79169726380021, 46.8700689569131, 20.534954502435003, 34.22535573607086, 24.359337370210753, 31.10322575693018, 22.666258553003075, 29.846489416613288, 24.891239087763267, 8.393723383024573, 43.07668881944637, 20.64002148038133, 59.79473592532011, 44.378012921047514, 56.7510321765547, 46.485505790857296, 63.25877182933682, 60.42847920434495, 56.308892149741474, 39.53412219975041, 58.47539679863931, 24.206199389347404, 20.42475118076423, 41.30129672203455, 17.72338432124165, 54.44856223093248, 22.689384590473622, 39.72246718186966, 40.553570968226374, 33.77934370193118, 67.58399931243818, 60.34337650927364, 43.190016973963154, 58.387064352951406, 22.260129553490476, 44.22243829793518, 24.44140944975632, 45.73517903902735, 42.430223621609194, 23.124005793541627, 55.81503002305968, 21.855056577289673, 36.03293255456167, 31.785093920997358, 47.19639923143948, 29.631929580431958, 72.63484467925434, 65.0723388571009, 28.267762751472336, 60.67931310590651, 49.08497333263988, 54.88060391653301, 57.23784418849655, 28.708777199063423, 22.97513256502159, 25.55200904140772, 24.375848874116556, 26.98091941890803, 40.966127407282904, 35.87286607204339, 26.709638092515085, 56.14771083066051, 77.77254685905804, 64.99948263817392, 1.3890508945677607, 57.36350458070513, 37.90271147447525, 35.15424288788581, 58.037039006981225, 18.841754402093226], [79.91826493837758, 48.69676848258856, 49.972536056221855, 64.99143716458622, 30.707989797924583, 0.0, 32.0019390100666, 55.796754124744155, 68.55466139079397, 37.39675563409499, 36.36264277218383, 47.73966075286193, 46.32199245783826, 67.8057120547287, 48.49656883909903, 72.32388383885011, 54.236568497499725, 8.465392802539156, 63.642382109113456, 32.71511175885022, 47.567895366946864, 12.917345068428641, 81.9519435177665, 24.391273599490212, 49.26487608712925, 57.449532149214036, 87.93208301486276, 29.442964321131445, 35.949475320443014, 73.69769290650105, 32.4845940469034, 37.1510838691242, 46.859978936465275, 24.66490234964369, 44.079442717193906, 10.956093531950705, 8.08044986731342, 36.154686024355584, 35.10337357502703, 35.95609304226592, 29.93634162050933, 12.448988958530343, 46.55174036397345, 33.73239942225066, 26.31791280445852, 42.80492686905512, 70.28797502020866, 74.7646912174782, 57.53616710922738, 17.567349885854778, 69.74002680932121, 9.26061562692969, 27.797266961187223, 51.89409469091119, 47.28092541623127, 85.08963525088035, 32.96073581492769, 67.05349657998624, 31.03788915360647, 60.36624685048286, 83.70705491727325, 90.88187733875547, 14.705789794615107, 66.09505451589631, 12.015338072842615, 27.274972850646243, 41.557137577568305, 44.43482753445871, 17.091501916392854, 13.500779472882716, 67.914995990554, 21.240131469952498, 66.46464005755247, 62.35800912717792, 74.22023952520541, 30.76729202208894, 86.39965226367484, 51.06165971014781, 9.091224999028842, 42.95065705228185, 37.655749368658014, 66.08671538956773, 87.66648212697719, 10.478485117157158, 14.44141565958522, 31.56719364726876, 28.98282951600659, 49.52221683219546, 19.493187458918666, 18.794140755131895, 56.076053640594886, 50.525457879674846, 87.84654686038529, 79.112373635575, 30.4555875585691, 75.68929094941453, 41.31816534338959, 51.62907407591873, 44.55237480225492, 47.252850286689934], [103.1786904723858, 80.652643107018, 77.95657397506339, 91.1330479029614, 58.61273376184803, 32.0019390100666, 0.0, 46.686897887689504, 69.82771949994071, 52.08084334271039, 13.634439910324886, 16.33151622880793, 69.80619282694148, 76.39090551104978, 40.69290223800981, 96.70042309312645, 83.94167223029447, 39.625667457416434, 61.71662306424123, 63.937082230986604, 79.43134565215733, 40.36932859682255, 83.31678782271928, 48.35859506151541, 80.58871270437787, 68.91575933159406, 89.01832280473353, 58.52608277584112, 61.47364322211734, 68.3251926487087, 33.532418390638675, 63.88185099127319, 77.41149043274649, 30.20738628481805, 75.8249079499114, 27.517219148370682, 38.77250278362963, 46.61896975392072, 67.09348460247685, 65.59693074660083, 56.40127993345497, 38.07330060535566, 29.575955721066848, 60.6781396882, 16.232110075839866, 71.45211695915626, 68.83468522665581, 79.87656475082338, 53.36051585022018, 19.357676705105167, 72.68406319067367, 41.25404499052161, 45.16627387051235, 58.847243421229145, 76.29008163522116, 111.88583011405252, 48.57294740311153, 86.80308167722106, 59.15452117003005, 80.02392048271417, 89.34356552451577, 115.25144881151743, 32.87389283118188, 66.25587449559356, 43.98422916859823, 52.0021048071203, 57.731976990621824, 73.77892532678592, 38.58648436437731, 45.49035228125948, 72.06206355731626, 53.21536994605517, 91.24646164061761, 87.80857186249091, 92.92340562938858, 62.16068924094373, 89.22052684579133, 31.283791784481043, 30.490297245938596, 21.296113396955434, 28.33166512792769, 69.74108357550827, 111.67447435831585, 29.919134092245336, 35.79670220604953, 44.917690308648254, 60.88883338322459, 81.02837309682626, 18.31755120121617, 46.73526963701919, 85.28613989732386, 41.32507558625033, 86.6248390818982, 83.30898764198433, 57.8673783438395, 84.70979561649743, 46.1770116147206, 63.87390822691614, 28.202567638649928, 70.57392834936749], [82.5477341051906, 93.64981061065653, 104.19912292061747, 78.39688633273319, 59.620554840933075, 55.796754124744155, 46.686897887689504, 0.0, 26.9235931057711, 36.38901386705276, 33.29525058850336, 54.65087636904251, 57.86153359268757, 39.932314727971765, 7.309671030949457, 79.28001699307556, 81.64352651863965, 63.40383911829972, 17.554513989794003, 71.79915652449664, 87.93145840055378, 51.74540139615761, 38.81543187988623, 80.10110402702709, 98.243378746501, 38.65032377610162, 43.97211622552113, 83.917513671147, 56.68628313399295, 21.702115214639466, 23.720665742694763, 92.49176242985264, 79.31766845248744, 31.381879847222862, 83.87064593069013, 44.84078955785222, 55.87449648590605, 30.049651042873556, 81.33022233061428, 67.88844969022092, 85.54773166450602, 49.33449570686122, 18.26882368393662, 89.10600856134852, 60.48786025142357, 96.83279057831417, 23.873530788007315, 38.86134209619159, 9.470546120855461, 40.594699332487906, 30.82175350640992, 61.014998183452995, 39.349756942802436, 27.09710638253549, 73.78593805060872, 97.2684584675494, 37.184699027098596, 63.316730659903115, 86.02830510855264, 58.160980657508844, 47.554637723851876, 95.05814771113974, 67.30163630651117, 23.03114312745633, 62.38971666477539, 83.06988073999497, 40.147215387859134, 97.69026005575905, 71.73289476211387, 64.68905499760518, 31.56303488170787, 70.63431331136655, 75.68303056081649, 74.33152106840969, 66.47579092900445, 81.60653961248651, 45.23274184110956, 20.038640569362126, 47.09998974803657, 27.11594276504025, 19.701502752745224, 29.2670068274002, 91.23117465847231, 45.61764694064654, 44.97162881969177, 34.068942310263736, 77.57817060287408, 86.50215357389338, 39.15105399533025, 74.4221463470411, 81.24581162149842, 5.608535272276321, 40.618571257720824, 40.96284269273165, 58.25516496833304, 47.00019131925449, 22.17884065135807, 36.97170677220447, 19.006899116200323, 58.050969607628815], [64.01334485487479, 93.86425671708433, 110.89061848307867, 65.27339566512578, 59.19994465175564, 68.55466139079397, 69.82771949994071, 26.9235931057711, 0.0, 34.992010550975735, 57.520701390576676, 80.23477378582673, 49.494721052838145, 16.595822593064334, 30.148952729064458, 63.082940043510234, 74.51911309229956, 74.2827290777682, 9.401676708365414, 72.45168990879354, 86.2873487648678, 59.79407880302799, 13.755975191958056, 92.2198839469974, 100.59837733825353, 22.34795443317615, 19.705404613280102, 92.20364209315363, 53.51762117998992, 14.704044360246, 38.443230033815446, 101.57769355957008, 75.09577967154112, 45.35618404975046, 82.53802803907593, 58.569974876475705, 65.45667716764378, 33.00240676622511, 83.8984020256409, 66.11283336522472, 95.65743593458863, 58.236061695827146, 44.37634252330217, 98.4367746302261, 81.12218387241589, 103.68917327297768, 5.922614884921168, 12.12790435119788, 17.71132184659446, 58.091692167700735, 4.218502343354533, 70.49798761128588, 43.22942056775887, 18.082123767100974, 67.86338946890426, 80.95775940657012, 38.54950284512098, 45.44238714139338, 94.85607597473044, 42.50985306267913, 20.645756126821006, 75.74372053900538, 82.45908672273043, 3.8943946626977146, 70.85786707629863, 94.48897708863707, 34.822003152839926, 103.63627443032327, 85.63731474566985, 73.02008635996148, 6.324230891148016, 76.79313026038172, 61.148380910890985, 61.34974673195027, 46.09549110741307, 87.0004801275218, 19.393864392625446, 46.869547805047176, 59.53240962638846, 52.778576076416925, 41.543183017164814, 5.281152672013789, 72.05478428092152, 58.25321660759276, 54.66665392530992, 38.058136264614916, 82.09704541013436, 83.29645326061754, 57.30401600476977, 85.21836611583336, 73.11941630891957, 30.532819057853178, 19.408664912479498, 14.089999476336715, 57.86409013861293, 21.45690672102611, 27.29657087765488, 25.10070665376799, 44.61217516293016, 49.22410040412658], [52.264324590993006, 59.82922332950737, 75.92590344696207, 43.793693753934235, 24.865236952417696, 37.39675563409499, 52.08084334271039, 36.38901386705276, 34.992010550975735, 0.0, 44.972724028575115, 67.09889831626208, 22.09549534280053, 30.624660263344683, 31.570233592684165, 46.89895059602939, 45.254842424852896, 41.31188833000748, 33.71518268560677, 37.99824161470428, 53.00599192870786, 26.276100936425777, 47.05476049816911, 59.15031709058569, 65.96666986090986, 20.054439710847472, 52.83562728574537, 57.59805243317468, 20.57935981837093, 44.93392511352381, 21.131502696734675, 67.06299606940293, 43.30540591921667, 21.887827433985183, 49.049996315141144, 29.915626615148646, 32.33464474300488, 7.073916814416469, 49.10276157481537, 32.58284194757249, 61.56241497279862, 25.41369526967697, 41.468432263375405, 64.0321934688423, 57.31215346348522, 68.7563416278007, 38.621407013185944, 38.43387672361848, 31.80384156000559, 34.057525956366895, 34.89659603971458, 36.97384418483483, 9.612912894666389, 16.910546908521493, 37.42884734021199, 63.97305480609745, 4.43740032583506, 34.84139144070766, 60.35658624343479, 28.158760523340472, 46.881167726083255, 64.75057300077617, 52.08981008620911, 33.789121427423666, 36.83737954138199, 60.98507290234233, 5.708217573321729, 68.64901349028874, 54.029907384946284, 38.85661311505684, 32.52407928322169, 41.94828560055586, 42.20015926190565, 39.86758400043301, 40.844049542925184, 52.01812233227809, 50.52724274199625, 46.549588633209005, 29.38180234687909, 45.412732522548446, 31.608992898682114, 31.184550170752647, 61.011283194512636, 28.550125539543803, 23.01064550526339, 7.195752177140884, 47.10575597613882, 50.893314636358404, 34.38946319833156, 51.69616677523134, 44.89743044976184, 33.98095288016375, 54.11493008504777, 42.960713908852554, 23.48327888556118, 38.33519299655475, 14.232974197668462, 14.232931439317667, 40.144241088855225, 22.46891545763383], [97.1959157724939, 84.04886957014745, 85.60277418203492, 87.05775831368878, 57.11406601427708, 36.36264277218383, 13.634439910324886, 33.29525058850336, 57.520701390576676, 44.972724028575115, 0.0, 23.28905632984267, 65.10726754733695, 65.68102297922368, 27.71494773256689, 91.4591000943338, 82.68584706274054, 44.77599189820788, 49.00862980946169, 64.99767807284509, 81.35491753079438, 40.69094418436949, 70.75100423587355, 57.109210693055864, 85.4858946218452, 59.39360144403455, 76.32182954385016, 65.34349522609153, 58.36737128193199, 54.992271172904395, 24.28782119834373, 71.9950575475673, 77.19646848221853, 24.032658225408245, 77.4761624927051, 28.05405479683265, 41.14697405999991, 38.56631056816621, 70.41547109301278, 64.95085568320924, 64.48171493269973, 38.024351416055616, 15.94372246488868, 68.63756646441898, 29.014176239203554, 78.66243224052758, 56.038969615074016, 68.16284018737436, 40.50415392844493, 19.27860766875599, 60.65809473218876, 44.94733373782355, 40.08468134361989, 48.455771693601356, 74.68031473325627, 107.76329275036841, 42.2606280727202, 79.6375731471428, 66.51854052496778, 73.06548594418584, 77.55107391203755, 109.61518548589522, 41.97590582529316, 53.819976783969764, 47.396972586869, 60.631519591097316, 50.65955360963098, 80.55649731160656, 47.46469207023897, 49.32947101169591, 60.33037139975901, 56.933677201588125, 86.37646718209083, 83.42115004874809, 85.13593427681721, 67.04288309296443, 76.8355146549294, 18.026044947451336, 31.367004740496625, 8.043058399524268, 16.265042895060557, 57.96411923107603, 105.9072373151731, 30.25545788723639, 34.5282870185355, 38.23476928860011, 64.76433454188648, 82.05417022746607, 17.40695259566946, 53.88378721471442, 83.55500466363972, 28.080281780451106, 73.59916891127713, 71.3109098507337, 56.11501054206354, 73.8783632063593, 36.18439867017647, 54.89045024073427, 14.586367988465756, 65.7515243912506], [118.82926166926852, 96.04279278340738, 90.80505920079776, 107.25798610990178, 74.94062995937416, 47.73966075286193, 16.33151622880793, 54.65087636904251, 80.23477378582673, 67.09889831626208, 23.28905632984267, 0.0, 85.75018332435907, 88.96332780278539, 50.10575547343946, 112.56976037144403, 100.26725962113096, 54.86812934362664, 71.39418704027086, 80.07021486845764, 95.30666635327167, 56.68179319865599, 93.13111001701468, 60.91191668468844, 95.29282539163701, 82.56293157240309, 98.50593272265293, 72.37796672054878, 77.68505050392373, 76.07180369830387, 47.17777942733006, 76.57909753099358, 93.67701296716217, 45.31747321286733, 91.78484471684723, 43.848514589482704, 54.859076858384135, 61.12256124178403, 82.6177095810734, 81.91124765083067, 69.31409800884293, 54.40269315176362, 36.38209226104062, 73.5872604335219, 25.993015670811552, 84.76611085883665, 78.23840160075157, 91.19910796755339, 62.80894660177442, 35.57139704599829, 83.55544581568402, 56.98487735939469, 60.871531627795754, 71.7358574648959, 92.62144817952787, 128.0285927730142, 63.89582052381644, 101.94025481858068, 72.58998428975903, 95.23751156396716, 100.52153051512285, 131.03348126595307, 45.873206557028766, 76.44832538133912, 59.75206921917903, 64.54326967618056, 72.80280818535199, 87.38525687450613, 51.454382406506795, 61.101221352089034, 83.38404841224686, 68.75134997621635, 107.20269090163487, 103.86745933756114, 107.76020386421656, 77.08579161139455, 99.37555448268468, 35.6533156739023, 46.81155614354459, 27.59348824949888, 39.502332236660685, 81.00620997140462, 127.41019833109769, 46.250638132186246, 52.089834632626705, 60.05886511250861, 76.27045867630733, 97.10318742317351, 34.38039583485904, 60.663514506160276, 101.61753877277555, 49.99690461095315, 95.2569831874806, 94.18150963696154, 74.18660238463458, 97.1450604754231, 59.38507171145335, 77.9020673333609, 35.793820954433436, 86.49001978967648], [33.88646028696779, 46.76171115739803, 69.2547957360124, 22.03445439070525, 17.884717345962287, 46.32199245783826, 69.80619282694148, 57.86153359268757, 49.494721052838145, 22.09549534280053, 65.10726754733695, 85.75018332435907, 0.0, 37.8126352785467, 53.5401415257792, 26.92378279320714, 25.098230027582765, 46.18494865630189, 51.58389017794517, 28.277542348978727, 38.23929220440809, 33.42937865109856, 58.1678887613875, 61.51389116611232, 54.948952828991075, 27.66748187922988, 63.043433770021444, 55.07530808829829, 10.836810006417203, 62.3769289171678, 42.50593269461433, 64.26310394675339, 26.097650891280782, 41.087212521838694, 34.95323342485788, 43.52724147854428, 38.722721770507945, 29.135117788865145, 40.140224856785736, 20.239202142503906, 60.85277544558406, 34.46462285336969, 63.392446333395775, 61.94163878988889, 71.1042517939513, 62.94220518378258, 54.56540481882058, 47.61056513833939, 51.97219759442632, 50.532374822278676, 47.66948750312688, 41.29251614229267, 25.06026742813688, 33.55895428666706, 18.47327814828045, 42.66093086582453, 23.305796224452997, 21.83937458451497, 58.12949781090976, 16.02357795689122, 53.34329846611255, 45.556449411250696, 59.94831600035706, 49.78669380255253, 39.67269243894665, 62.10523770983503, 17.71440204851577, 61.71830875758366, 59.784169671876306, 40.77612205209724, 44.76210061127281, 39.66105915263024, 21.45287240392643, 18.31620834905012, 29.312017797348737, 46.478653035816656, 59.3986812893593, 68.53469653978813, 41.460008634439546, 66.65945381939056, 53.23157661295292, 44.491809058390466, 42.078271580252846, 41.37015974590838, 34.93044960450604, 27.401589647465514, 41.22436560833754, 34.471380304804, 51.489307838303304, 53.7137124945835, 23.99499398217509, 55.91107976586432, 66.27986614957668, 51.99602849132665, 17.34885771257032, 42.48696131072418, 36.04258992264098, 24.474357331388973, 61.979838221818426, 0.9653258467437529], [47.556510796307855, 84.25925309332693, 104.39053608919596, 50.329169245082845, 51.2104559558715, 67.8057120547287, 76.39090551104978, 39.932314727971765, 16.595822593064334, 30.624660263344683, 65.68102297922368, 88.96332780278539, 37.8126352785467, 0.0, 40.759086167869064, 47.1462777807814, 61.895358597433614, 71.9280261858131, 24.218242288485044, 64.06608117151825, 75.9689495925995, 56.883143057139165, 20.64889990150123, 89.71823679797474, 91.93547570690586, 11.15659919741423, 25.243611165660088, 87.29140974317748, 44.47769945665195, 31.2670056589862, 42.94394320600852, 96.80435119839551, 63.9023546800992, 48.04220395306535, 72.53522945108395, 59.333690024600564, 62.955752014533964, 32.181594596578215, 75.98792765969272, 56.767192182373996, 91.73561166248021, 56.0205643534355, 55.14487082093171, 93.92495758228729, 85.11352323629073, 97.49868249832404, 22.50105590443441, 9.859338249089097, 30.560936527797494, 61.324237870237376, 12.864228031653484, 67.53170580476768, 40.189592395612145, 17.57441742426496, 56.149004639989066, 64.79032341408752, 34.996905306953515, 29.39400462443321, 90.16886871618419, 27.486467262947823, 16.498355523974556, 59.16896294874236, 82.42280925041034, 19.33109488155544, 67.23541021933403, 91.44379595204553, 27.774521211026943, 96.91210004727135, 84.60303277461058, 69.15984586387253, 10.273506934264175, 71.36577878323828, 45.790738696228125, 46.58715554136579, 29.523682024252636, 80.58133093842937, 21.65121705118534, 58.67091558382251, 59.37853675226826, 62.58300543462684, 49.47828595079751, 11.785006667726973, 55.49586044809489, 58.36142384412927, 53.36440547546821, 36.314584614619186, 75.40051788552702, 72.28159013506202, 61.043279051466456, 82.18661218106236, 60.072916150154285, 41.96511310178157, 28.929959847319676, 14.183444893463179, 50.023693785138384, 8.342326721552524, 30.2717815216933, 16.684576158560567, 54.861230025917926, 37.3031657217499], [80.35644845725085, 87.21181066783247, 97.06310664506006, 74.73335465229782, 53.665444313393564, 48.49656883909903, 40.69290223800981, 7.309671030949457, 30.148952729064458, 31.570233592684165, 27.71494773256689, 50.10575547343946, 53.5401415257792, 40.759086167869064, 0.0, 76.43231103808691, 76.56261535308505, 56.144039467470705, 21.34081536812586, 65.48672719630693, 81.80387268626004, 44.757339215043196, 43.103955789342976, 72.79255757492948, 91.51550183649212, 37.44138945152215, 48.620027397359024, 76.73015206241949, 51.30129085344367, 27.854293946364216, 16.59763356809508, 85.24730522599451, 73.71130871266898, 24.154014168103853, 77.73095228645698, 37.54053105990671, 48.71965376657247, 24.783050597167954, 74.67382576563045, 62.01515349048897, 78.27458354739655, 42.29212214601607, 14.485106561534629, 81.8565261256849, 53.83705651399266, 89.702229228776, 28.32839361554753, 41.42917282749361, 12.795379706066097, 33.36937175066224, 33.59997974326824, 53.83742451174017, 33.250779040765195, 25.573204847460968, 68.58066339266406, 94.2091674918804, 31.696631757725267, 61.315528488978295, 78.80708660310086, 55.67049411074472, 50.59508700455344, 92.96158995514344, 60.034665786695065, 26.344900822563158, 55.275581359560725, 75.76756175638918, 35.96688024227824, 90.62287498974405, 64.43346900600847, 57.571953404996265, 33.72172304887858, 63.66462168914049, 72.43780273786797, 70.70601340977299, 65.20768826281949, 74.64598692296428, 49.28560259276775, 17.98634723084988, 39.83281261100123, 22.63604324489852, 12.828715784078732, 31.339817789722467, 89.13239398933982, 38.348699588391106, 37.90845135173274, 28.23517774996399, 70.7266733297845, 80.6390862345023, 31.970637697725827, 67.14277135003304, 76.37729931282429, 2.4831106742795783, 45.94802790661453, 44.16279045879831, 52.32343763694486, 48.45800464487687, 17.51704443263297, 34.726483613431824, 14.504235156992829, 53.82901965784595], [8.425747602926911, 57.12691523142721, 84.23335176220544, 9.713248031522307, 41.943104061559225, 72.32388383885011, 96.70042309312645, 79.28001699307556, 63.082940043510234, 46.89895059602939, 91.4591000943338, 112.56976037144403, 26.92378279320714, 47.1462777807814, 76.43231103808691, 0.0, 28.763426592096497, 70.88747235054365, 68.47773410783945, 47.027913312541635, 48.06856707008713, 59.64168354800015, 66.66561569903483, 84.05803504081585, 66.65545616890776, 41.86665272013108, 69.77641008041478, 74.94441334388182, 36.44301124886717, 77.65013090755639, 68.01930608935106, 83.12365518552085, 36.2491274786338, 67.58037744437769, 46.723276161165735, 70.3790342807558, 64.41579315939217, 53.83296951835543, 56.666528193409086, 39.59937874420862, 81.5174686810254, 60.973032273199586, 88.04018829331585, 81.53229973604884, 97.72926288665101, 79.32179552752595, 68.94132522496395, 56.068695742444156, 71.61853672278768, 77.45073393721603, 59.821421639518555, 66.1299220463314, 51.71875213051084, 52.383218319454144, 29.767048602738463, 18.103353668310945, 49.20882822936791, 17.753990643070367, 77.93648027689974, 21.25692462413003, 57.53720346153838, 18.672183818325646, 85.12810785642954, 64.8883648835521, 64.06869423874163, 83.87533973686259, 41.44588785203681, 77.14320617396682, 84.12300187206623, 64.67313936313661, 56.999465968695674, 61.47257135324558, 5.921896894693077, 10.396660978066144, 20.12244340954808, 65.00801671575262, 65.16725746533639, 92.95629545754173, 68.19033002123867, 92.31010068861234, 78.4774024036514, 57.836942801113736, 15.343509061185346, 68.18009638393794, 61.76491779095108, 53.26666028062284, 60.28076204358214, 42.669410027689864, 78.38359955543325, 76.57195552738843, 25.642504876245, 78.58413353650695, 74.85544372684714, 59.32693794443477, 41.983869195588895, 47.03916331994668, 59.29469946697773, 42.3510381528341, 86.84407762473245, 26.132916695908985], [36.98342578094269, 28.367737770282655, 55.653889072436094, 19.071618896252623, 25.602890645928507, 54.236568497499725, 83.94167223029447, 81.64352651863965, 74.51911309229956, 45.254842424852896, 82.68584706274054, 100.26725962113096, 25.098230027582765, 61.895358597433614, 76.56261535308505, 28.763426592096497, 0.0, 50.04273441044811, 76.61752396764778, 22.656181408617606, 19.313667958439478, 43.60237705824233, 82.5129392150618, 59.471867066649224, 37.89240793535249, 52.436261309845555, 87.04003717452632, 48.53706236696983, 25.42812359048162, 87.46511965094679, 63.16726956738672, 55.836607500234685, 8.603367822602689, 59.45717850892306, 18.305675110341795, 56.450993055574074, 46.28320837045077, 51.79366651307082, 29.380199590448736, 18.416198130650947, 55.39722361143625, 45.871976960475784, 84.43013662061169, 54.69713766110878, 80.53146628859807, 51.125458276097014, 79.65293499047719, 71.75284836545852, 76.5282769113231, 65.04744317155863, 72.52330072562178, 45.98334428137212, 44.40236680501384, 58.56082204095059, 8.12542806741446, 33.573899981939974, 44.91208616707814, 38.04391504047561, 51.36342871679147, 35.7550606813723, 76.39404439297707, 43.43166674918433, 64.20867973284048, 74.88280710410764, 43.3769331264751, 58.55578816691138, 42.02053357096193, 48.729627283360244, 61.78995894791047, 43.1328150323354, 69.59030700146693, 37.69772869099523, 24.04822120059277, 19.964705163674573, 44.2785736990577, 38.26639944307159, 83.07195683216125, 89.70571522419012, 53.45638765182498, 85.98471315078658, 73.78930418039893, 69.45402932403246, 41.434952865514575, 54.044826572358836, 48.535782908082986, 48.62169426840383, 34.23159999946438, 13.907517859539741, 66.52453984969259, 52.71076551442184, 3.1438570082547335, 79.01788887363722, 90.74270186592038, 75.95019511627541, 26.57098722221622, 65.3006044564413, 59.47433694033366, 49.5643268117387, 82.77309475724203, 25.307085078989935], [78.83965372393791, 41.17493093980682, 41.607958959982426, 62.83228296921969, 29.008590652575403, 8.465392802539156, 39.625667457416434, 63.40383911829972, 74.2827290777682, 41.31188833000748, 44.77599189820788, 54.86812934362664, 46.18494865630189, 71.9280261858131, 56.144039467470705, 70.88747235054365, 50.04273441044811, 0.0, 70.07059245235662, 27.60511488865844, 41.000156970207456, 15.048520253551462, 87.37958080227591, 17.969731234566797, 41.090297997860965, 61.15910752514219, 93.31489629090906, 21.05635184886946, 35.38739387353221, 80.46588500569538, 39.8006752860907, 29.12184743125487, 42.08932394369296, 32.0360292720797, 37.81458726308215, 18.869382119347577, 8.984497213684858, 41.35721046247463, 27.804749918384925, 32.45144064446935, 22.168945592528445, 16.117226610129574, 54.90634999406325, 25.72102114322022, 31.49706678659888, 34.396116194720115, 76.47999896387812, 79.53792607824862, 64.47496763213407, 26.02649516727155, 75.1035567133961, 4.897751364515249, 31.831413385375605, 56.979838413727336, 43.819788451745474, 82.22600195687565, 36.98841691803273, 67.7162555587117, 22.807416226884698, 61.27682750029437, 88.17259762616108, 89.13267044039542, 14.365911138041508, 72.09477457411926, 6.8646973212966, 20.260064016794555, 44.67149002915321, 35.97482897742293, 13.629171698465136, 6.958564867025623, 73.07132470745319, 14.048713710248332, 64.96727672434125, 60.62939633671601, 75.08540561573093, 22.59533389152137, 91.4462915044764, 59.475165337666795, 16.31448542152581, 51.41590763393647, 45.772026649103246, 71.39772473137683, 86.12680142971257, 17.80026426446276, 19.669262002123826, 36.42838655490418, 21.404506228036194, 43.58210075193869, 27.954266436642957, 11.135505169467448, 52.22082993564783, 58.26343622549632, 93.68090414623705, 83.99592775028971, 29.143881407318702, 79.49398924497468, 47.399767869476236, 55.37287634080385, 52.9054288883716, 47.14665498594122], [70.32754339865038, 93.53883763063223, 108.45112694108865, 69.50671322941083, 58.57439587872264, 63.642382109113456, 61.71662306424123, 17.554513989794003, 9.401676708365414, 33.71518268560677, 49.00862980946169, 71.39418704027086, 51.58389017794517, 24.218242288485044, 21.34081536812586, 68.47773410783945, 76.61752396764778, 70.07059245235662, 0.0, 71.70606286828668, 86.54269840353585, 56.24603264236167, 21.763176269078997, 87.79940957655266, 99.58242672619582, 26.631583523998504, 27.326396177969233, 89.07005362781916, 53.746209957740966, 11.219025442656568, 32.00742746663376, 98.25358540745118, 76.13922053146086, 39.47389746353043, 82.63900498564462, 53.15886914009533, 61.523712407352555, 29.931893900932245, 82.6402880928123, 66.12383061326729, 91.93912887891818, 54.366619041840714, 35.27033950153312, 95.004703817271, 73.85784221059725, 101.14157822836005, 7.159544396223713, 21.473012981801432, 8.586677007893245, 51.521332972775554, 13.438473808396687, 66.68863011833112, 40.51891568329218, 18.063579143109166, 69.42073781784833, 86.55253674119322, 36.47649039006389, 51.263241922388524, 91.56355607734643, 47.34689808447919, 30.002930776413454, 82.44112592532407, 76.95026054084902, 5.538095873191982, 67.3926767073719, 90.32139544715072, 35.082993028550426, 101.4008156893776, 80.56715038344844, 69.63587997321257, 14.657876756289571, 74.20096986983287, 65.8725574746286, 65.47431532232584, 52.962928103840326, 84.79999274487845, 27.98812091497888, 37.55436084954992, 54.5513893125617, 43.834190369997565, 33.405414942173735, 12.5