instance_id,num_cities,city_coordinates,distance_matrix,best_route,total_distance
273,59,"[[12.833419861344685, 29.76748290411557], [30.744338426155515, 75.79218381995376], [66.52013933497324, 63.94903291796502], [83.34135906651734, 74.51225623138362], [3.16056972939317, 40.66182958712484], [41.928702395305116, 63.26625147705468], [81.0015643649943, 42.669464450153264], [5.3624906927022264, 64.43389721661768], [57.70893052702295, 8.609477542907563], [70.76711790744639, 40.95230980746545], [73.30116539168685, 97.67057698564201], [83.08040514187168, 3.374014716843221], [5.463598305502593, 43.63062109970283], [49.7488085497472, 82.34515664934959], [87.23378126261062, 50.831126668254], [59.273175159924506, 25.961668443259956], [72.62098656450605, 93.20108807003501], [14.28406771003422, 77.86519424991553], [76.43761248933953, 40.16190310621152], [94.67388723941721, 64.0073162614195], [48.87731613200218, 70.05884562209395], [5.4715799430950955, 4.050352391365997], [33.38676265126709, 79.87861931316988], [37.0322479559342, 99.51134145069874], [76.53748814984625, 58.30447803893767], [71.98498065604213, 76.24735219689154], [15.382537421901276, 13.01884583062619], [45.973495482947136, 4.696569029384667], [36.60680245103536, 85.37615378860862], [8.06942480621614, 82.68192568898407], [15.823273849211205, 41.89768541764353], [25.916119747581202, 63.021169133464724], [50.9223086968704, 92.21253455615548], [48.01464574676416, 22.2244112530514], [33.485947642725996, 91.95852364739333], [64.87243616152455, 12.828287691944452], [6.40807505621559, 55.849674506472326], [44.86706540668249, 40.87646216879822], [82.22286360103178, 28.091323108959042], [68.60035083754855, 22.09232356728662], [70.9877124513282, 5.864387804138893], [98.27051117009427, 69.86811821990855], [11.432441347284495, 35.18774331730273], [58.35565916379879, 25.508911853080306], [36.20590557494432, 86.48105275576518], [7.767319154658859, 1.1594584713801592], [93.34273021479248, 49.69814060437575], [93.81780928416916, 94.7213386028978], [46.16157370386913, 98.69042557316516], [62.95133530819829, 65.46391287319284], [38.38872007076497, 38.63092791607632], [54.22739771687992, 82.135478906558], [72.5224966822189, 72.6323070491086], [9.040175957931151, 98.54208721801272], [64.96382751667664, 3.536024343673083], [10.834912327933456, 80.6242231186249], [66.73520853084942, 19.455262878584477], [2.328197721654479, 78.51419399059499], [10.698084283775987, 93.27523944163374]]","[[0.0, 49.38698308489436, 63.644655778701306, 83.50727052819366, 14.568830403460312, 44.370068307749044, 69.37836156097052, 35.46230483103043, 49.61323057784395, 59.00350601578509, 90.92402562231199, 75.04168244352691, 15.700346187103808, 64.24295835713131, 77.32458124853642, 46.59544072012228, 87.16866063345664, 48.11958245750686, 64.44794249001913, 88.7143071268513, 54.06067302616215, 26.75009324828099, 54.16240293826432, 73.82268679828239, 69.80378505375572, 75.22822205743218, 16.941512451873972, 41.554967629871925, 60.47725189933544, 53.12846604334075, 12.49323976748871, 35.73464263363129, 73.14470540340542, 35.980780768821525, 65.53054594990616, 54.72655253098286, 26.861976372688005, 33.905218878920245, 69.40968530516544, 56.29261640171292, 62.87511194423387, 94.37985761819012, 5.598389388352882, 45.72099844170742, 61.34086805507693, 29.053131299642537, 82.93961761397696, 103.81461698781106, 76.55806858007897, 61.53080985388706, 27.048734282284784, 66.75229140648558, 73.4859104911234, 68.87913252824767, 58.3581084384964, 50.895992549582836, 54.87936500750453, 49.86583533796394, 63.543644831387454], [49.38698308489436, 0.0, 37.68511846809878, 52.612591600059304, 44.66549097503046, 16.79252745876264, 60.190558209058395, 27.80735278532877, 72.39202476705584, 53.06260169473502, 47.85130728503255, 89.35018240338745, 40.90821357205207, 20.102520677300372, 61.75849355435697, 57.4192893380697, 45.35111472159989, 16.590294882573076, 57.94300819213063, 65.00669438480473, 19.017782398896315, 76.06314940936252, 4.866349846206389, 24.538464600842676, 49.01869454707806, 41.243153974749205, 64.62566744271709, 72.70841538026677, 11.234810403522104, 23.698528449960378, 37.03343340892866, 13.653223492298535, 26.014964972986874, 56.28294388824776, 16.39716330688461, 71.6182886604647, 31.463588360664993, 37.6637629000008, 70.18127005654777, 65.7019989562534, 80.68101268922791, 67.78553355014547, 44.96298430173685, 57.365429245945435, 12.003359315111885, 78.08960947244101, 67.81930216288093, 65.85268124285714, 27.60472095488181, 33.82253433599586, 37.939366245127346, 24.324708964495656, 41.89748594457195, 31.44246766823644, 79.9495216738537, 20.487407140594144, 66.85201112941212, 28.54621501893158, 26.59905146826902], [63.644655778701306, 37.68511846809878, 0.0, 19.8629081462418, 67.50354731105796, 24.60091382964717, 25.73969123894863, 61.15957063975827, 56.036629000738, 23.385596011563, 34.39658193324026, 62.79789195236865, 64.34857466408971, 24.89367198000088, 24.518042872190772, 38.67244948911982, 29.881483690369908, 54.05799408989048, 25.771763976274272, 28.15380823290355, 18.670806673811104, 85.52647854700464, 36.763737203753614, 46.19754891938911, 11.498185816083742, 13.45782849314397, 72.17297476321144, 62.71378676534786, 36.79577737101268, 61.37920902465878, 55.28502597142724, 40.614619755155935, 32.281850093619695, 45.64424767726407, 43.31038434004098, 51.14729238397178, 60.65525433572354, 31.641730855301386, 39.14525389013012, 41.90836906350109, 58.2562031679812, 32.29739436053829, 62.1439156239448, 39.297603539509815, 37.770950298194734, 85.99083985125148, 30.373332270919505, 41.1351137329433, 40.26705301085203, 3.8770121821160335, 37.846838582705026, 21.951271356921755, 10.555924562094091, 67.08670207747694, 60.43305148239034, 58.12836205376629, 44.49428982550786, 65.82362254661605, 63.05654779012063], [83.50727052819366, 52.612591600059304, 19.8629081462418, 0.0, 87.03338648313432, 42.91247785320824, 31.92863961505511, 78.62745851985359, 70.7120755719597, 35.83826927605087, 25.241103565122135, 71.13872013701024, 83.77721056203833, 34.493677379768094, 23.99889263983593, 54.188901549430554, 21.545273775825404, 69.13864102548092, 35.03724413571813, 15.452506546257112, 34.75058447633706, 105.01705763108419, 50.24200986959112, 52.625925489770864, 17.577961582227026, 11.488162978101828, 91.65064627181151, 79.18704065873199, 47.98065289446956, 75.71398540780663, 74.9826784049215, 58.56366786266932, 36.936359859142776, 63.103053859968846, 52.819828615648, 64.38954175986258, 79.16452580069398, 51.10418686217268, 46.434406037580864, 54.45316027665418, 69.75057293167761, 15.63482012692704, 81.95919572251252, 55.00557208035656, 48.631297187082026, 105.31888932104795, 26.753836345392905, 22.763194403720718, 44.34997533632296, 22.307523089588646, 57.517036383608215, 30.095452636959536, 10.980983208179687, 78.09032327107894, 73.3168408951412, 72.76359637817414, 57.50684092056729, 81.1119462034871, 75.0272944341524], [14.568830403460312, 44.66549097503046, 67.50354731105796, 87.03338648313432, 0.0, 44.876809148820826, 77.86688027398381, 23.873827831117513, 63.26829330142258, 67.60717221796693, 90.38639521415438, 88.19048265066955, 3.7573479566752512, 62.51370850748451, 84.68600534110337, 58.006199891546856, 87.09261271107718, 38.83069081999326, 73.27874809335462, 94.44415826164231, 54.35260300483037, 36.684343127053594, 49.51342580520129, 67.90107239553186, 75.46810717962973, 77.47986163391396, 30.22434524086105, 55.914636532534715, 55.839244909522606, 42.305854613454336, 12.722869772967247, 31.902274551805487, 70.2755924343685, 48.49563413543247, 59.5900945384318, 67.69830509671557, 15.531159780965785, 41.70704795145383, 80.0553804897769, 68.02346290291385, 76.23242908672162, 99.49325734216897, 9.919147168599274, 57.23730264020796, 56.492436953303184, 39.77008252484781, 90.63375191734482, 105.55172001781155, 72.22467926494373, 64.73081942806441, 35.28664248794098, 65.78665904706575, 76.37531237092483, 58.17812297436741, 72.09693535855824, 40.69260904742098, 67.01830474056621, 37.86151521125853, 53.15058816397112], [44.370068307749044, 16.79252745876264, 24.60091382964717, 42.91247785320824, 44.876809148820826, 0.0, 44.16917679031292, 36.584849799509804, 56.88917767710765, 36.46321711101122, 46.56059544464798, 72.66734247984441, 41.41571919689571, 20.619376393095994, 46.98066091684132, 41.139550931043345, 42.873193832176966, 31.262676740281673, 41.52921609565287, 52.75039053176931, 9.717127563279025, 69.53879839357236, 18.679815301901975, 36.57433271126608, 34.96265503440683, 32.739713480502566, 56.828695647462354, 58.709182017319414, 22.74138076817845, 39.03100157514233, 33.73587133913445, 16.01445810526627, 30.31125629865895, 41.490617679781316, 29.9086373830201, 55.41121826781332, 36.28664465782207, 22.581776778073642, 53.487335070778634, 49.05781456756307, 64.33816921983451, 56.72727792257714, 41.453884720087174, 41.17598334167753, 23.909776282038905, 70.88197120822761, 53.17420323123168, 60.678677637357424, 35.676172859576866, 21.137190215407895, 24.888363582448573, 22.523446681164202, 31.995362880405043, 48.2290343926239, 64.01809918111125, 35.610714121782735, 50.346454379907264, 42.43465236459533, 43.31155580542475], [69.37836156097052, 60.190558209058395, 25.73969123894863, 31.92863961505511, 77.86688027398381, 44.16917679031292, 0.0, 78.70806819919021, 41.26293129712862, 10.377500390716406, 55.53754157765369, 39.350399600495855, 75.54408076421272, 50.506388680372204, 10.269043656607343, 27.409366006074517, 51.22186125016766, 75.43184841989809, 5.2074485707420655, 25.342382143398165, 42.21546547791172, 84.83050372938678, 60.429219321926645, 71.86306260120828, 16.25981630819129, 34.76741761064658, 72.00705438690721, 51.66145948617856, 61.60159250902882, 83.18710257612072, 65.18285969052631, 58.72476557820224, 57.95927377975516, 38.8089809214061, 68.46272846627235, 33.921152794659335, 75.74897084705228, 36.178956205910374, 14.629209711661865, 24.0251706313742, 38.14303209064306, 32.2177480691062, 69.97027246311809, 28.4134050725787, 62.65864917387712, 84.18037341260323, 14.202347095222002, 53.60647103327573, 65.97100146589635, 29.075722655050452, 42.80378810550892, 47.69090371102385, 31.139468932190525, 91.10538620977208, 42.292258603476796, 79.77419860877261, 27.24753316158852, 86.45428419011282, 86.62288250813761], [35.46230483103043, 27.80735278532877, 61.15957063975827, 78.62745851985359, 23.873827831117513, 36.584849799509804, 78.70806819919021, 0.0, 76.52787462901784, 69.4920873794514, 75.63293199343211, 98.83513280820078, 20.803521815932175, 47.863957498030366, 82.99363581729506, 66.23046343272841, 73.15228319426804, 16.124338016577987, 75.10527702167417, 89.31241528721476, 43.876874063417695, 60.38364336579676, 31.998425890148606, 47.25886815304722, 71.43843533057097, 67.66176089554781, 52.38233333366773, 72.23435532364415, 37.61362954540563, 18.44771084506692, 24.8457003623509, 20.602122899412436, 53.36056323741804, 60.0070582187149, 39.35141536175788, 78.76910907275294, 8.647665939350277, 45.995262466526725, 85.01940729255962, 76.10411168130713, 87.96054322073778, 93.06680948082462, 29.86941276375347, 65.75279758426726, 37.91297019445291, 63.32012159224153, 89.2057457190937, 93.49691167544128, 53.273585477185875, 57.59805514425413, 41.910918048368906, 51.97234969488258, 67.65855694805647, 34.30588862107126, 85.2107403538672, 17.09017411751421, 76.08999961726462, 14.403530507393858, 29.330727578933356], [49.61323057784395, 72.39202476705584, 56.036629000738, 70.7120755719597, 63.26829330142258, 56.88917767710765, 41.26293129712862, 76.52787462901784, 0.0, 34.879436012578765, 90.41569123787903, 25.906018511824914, 62.897179864940654, 74.1641012564792, 51.52071880149383, 17.422554069763528, 85.89592532150903, 81.74394783270277, 36.6922210689601, 66.59826243552787, 62.08077198419547, 52.43592678856365, 75.305102209918, 93.22378486232017, 53.142333938738616, 69.12805288010298, 42.555447148232744, 12.370581583293594, 79.61420973135178, 89.1673039996119, 53.50245806356143, 63.01916374408102, 83.87806255407837, 16.71363447405645, 86.79755979485044, 8.313493372172301, 69.73818165964079, 34.72854440682018, 31.31254096071514, 17.33234471436694, 13.559556300526543, 73.47014959735891, 53.36588481770762, 16.911804691796487, 80.7859041431205, 50.4942306668234, 54.38792064757527, 93.37614117275005, 90.81805243249387, 57.095618261082706, 35.70095257248376, 73.6083823163886, 65.7142635979013, 102.25713644671121, 8.852878497715238, 85.92611455467932, 14.110448403574777, 89.18349033140157, 96.84167957237214], [59.00350601578509, 53.06260169473502, 23.385596011563, 35.83826927605087, 67.60717221796693, 36.46321711101122, 10.377500390716406, 69.4920873794514, 34.879436012578765, 0.0, 56.77484679281316, 39.54421960837441, 65.35841968545128, 46.42345417923599, 19.202656707375382, 18.889945695886464, 52.281657002516575, 67.47515096289193, 5.725316721078979, 33.21245161808932, 36.4191412432596, 75.0017449076597, 53.968032489725495, 67.5810745522638, 18.286468086202092, 35.31604744228609, 62.030074684020825, 43.9226872162442, 56.03931714557615, 75.31508190153647, 54.95197662450356, 49.986464046649424, 54.9675094386709, 29.468783037089327, 63.17847344302902, 28.735133423041873, 66.060713527041, 25.90016355945687, 17.22321364482421, 18.984044893407948, 35.08861542529597, 39.906899367214436, 59.6140425513866, 19.812694125806658, 57.16068432362095, 74.51473451839921, 24.21049002766737, 58.50164810113434, 62.76243157915041, 25.72751722359711, 32.461507364201154, 44.38035332246336, 31.728592465998865, 84.42036380302567, 37.86365800167227, 71.87301281700353, 21.87188423258502, 78.06907799880842, 79.66164551390948], [90.92402562231199, 47.85130728503255, 34.39658193324026, 25.241103565122135, 90.38639521415438, 46.56059544464798, 55.53754157765369, 75.63293199343211, 90.41569123787903, 56.77484679281316, 0.0, 94.802295255996, 86.73091917146274, 28.099502153847972, 48.86769782833827, 73.0681330970084, 4.520948396484846, 62.2516747089935, 57.59413921370008, 39.87490892487947, 36.86369652588496, 115.60968434871923, 43.70026663469536, 36.315599757917504, 39.498905444033475, 21.463618115492014, 102.56940603047045, 96.90700541287634, 38.69921334301268, 66.93160425018178, 80.08947153043471, 58.701993281323084, 23.034831324088447, 79.57092433485106, 40.222868094358525, 85.25994093963976, 78.89026187560629, 63.51432531158668, 70.1489078245309, 75.72430288382684, 91.835333268504, 37.369037210262476, 87.93090195208828, 73.69310735144646, 38.746145012925275, 116.65796586385486, 51.99056619150617, 20.727534432468886, 27.158746806930132, 33.82880719164077, 68.58978787358822, 24.599753771923602, 25.050374974714796, 64.26689889118961, 94.50304335811467, 64.75037414551711, 78.49042712563138, 73.51278221741023, 62.75718888166865], [75.04168244352691, 89.35018240338745, 62.79789195236865, 71.13872013701024, 88.19048265066955, 72.66734247984441, 39.350399600495855, 98.83513280820078, 25.906018511824914, 39.54421960837441, 94.802295255996, 0.0, 87.4354794173322, 85.71718958006142, 47.63851391436408, 32.81746943744798, 90.43396786703677, 101.39956544415588, 37.38282261110247, 61.73172671602201, 74.94476613265891, 77.61177218298934, 91.22725814373854, 106.59652138673614, 55.31876321416178, 73.71317222858993, 68.38145992185314, 37.13047123785543, 94.2557508028601, 109.162227504211, 77.50867637872464, 82.61681762595423, 94.47976383440997, 39.81136686334521, 101.52253659705947, 20.516174396729348, 92.91039269705354, 53.54150631616218, 24.732179678411388, 23.66531341175803, 12.346464053398046, 68.20707530619539, 78.3935204170228, 33.185339156200115, 95.41487557636228, 75.34563809724908, 47.44723337715552, 91.97622208407336, 102.21652651738275, 65.27124102876219, 56.92448192854494, 83.88005888633099, 70.05840768832772, 120.5774338804666, 18.117302005787256, 105.76864341593637, 22.929718591654808, 110.30396885211945, 115.41850189558693], [15.700346187103808, 40.90821357205207, 64.34857466408971, 83.77721056203833, 3.7573479566752512, 41.41571919689571, 75.54408076421272, 20.803521815932175, 62.897179864940654, 65.35841968545128, 86.73091917146274, 87.4354794173322, 0.0, 58.821723106364466, 82.08660122871245, 56.63622912259923, 83.4706295257639, 35.3526049859631, 71.058727077579, 91.50784314683663, 50.82520975780467, 39.5802695131133, 45.75609775280322, 64.18126321363505, 72.57285921802328, 74.0874176719164, 32.17865967251085, 56.18640565066763, 52.08251783401827, 39.13814918818516, 10.503615732169026, 28.183310422807196, 66.53342517514416, 47.63210533188061, 55.86446300678505, 66.91930781744395, 12.25550090735269, 39.49960266901996, 78.31637498476654, 66.70942797601923, 75.62868445193364, 96.44443649370717, 10.339694023808121, 55.910342941685066, 52.7375478132956, 42.53359595369605, 88.08834552918995, 102.06237314825674, 68.46829390441937, 61.49416667747807, 33.302561090519085, 62.133181213898744, 73.06157430145292, 55.027820409008996, 71.74854678117795, 37.38151421039492, 65.86849144109966, 35.024197270678194, 49.91981544209398], [64.24295835713131, 20.102520677300372, 24.89367198000088, 34.493677379768094, 62.51370850748451, 20.619376393095994, 50.506388680372204, 47.863957498030366, 74.1641012564792, 46.42345417923599, 28.099502153847972, 85.71718958006142, 58.821723106364466, 0.0, 48.972004910290394, 57.18226387273688, 25.317736355161045, 35.74657894020557, 49.9171226655811, 48.523593079719916, 12.317180590242659, 89.94748104800767, 16.546913682458683, 21.363258505438445, 35.99427152708998, 23.057115367738124, 77.37685676587581, 77.74031224614242, 13.487003668597994, 41.68074426670639, 52.791475010241584, 30.68246321687623, 9.936913472050517, 60.14575086931545, 18.891730199221968, 71.14294892525015, 50.79793060490615, 41.75504805453074, 63.23007753674091, 63.133070106273976, 79.37505302105406, 50.10022068960519, 60.76154727920834, 57.484229141861576, 14.160362198333361, 91.39782842318664, 54.46336073709447, 45.773864873722594, 16.73427829430755, 21.430891354249546, 45.16619758176727, 4.483494806931386, 24.758439339182583, 43.81247912800145, 80.2644138889561, 38.95193103530636, 65.14350714243216, 47.5751048995396, 40.55152001519917], [77.32458124853642, 61.75849355435697, 24.518042872190772, 23.99889263983593, 84.68600534110337, 46.98066091684132, 10.269043656607343, 82.99363581729506, 51.52071880149383, 19.202656707375382, 48.86769782833827, 47.63851391436408, 82.08660122871245, 48.972004910290394, 0.0, 37.42038810640921, 44.819051731126194, 77.79782463162317, 15.178589908084225, 15.131660488563575, 42.90598552047765, 94.19924843945482, 61.18217258554013, 69.9282293326972, 13.048435425899529, 29.639676787398514, 81.1934099764304, 61.893526245914096, 61.28988401305493, 85.33152249558205, 71.96712403325064, 62.51761950822632, 55.05400946958704, 48.5436376619709, 67.67785753930542, 44.093599592108355, 80.98135962162507, 43.52050043041414, 23.285359385812505, 34.25089098230587, 47.81152952891638, 22.004918868028366, 77.3986987980007, 38.40781820280457, 62.24758089468968, 93.71335668630626, 6.213124392872413, 44.381303818799836, 63.06693844969781, 28.350584008947756, 50.34565375906627, 45.49048058470795, 26.30044410278714, 91.60008551919933, 52.27597482341786, 82.00253514739092, 37.478477991871536, 89.30459301068197, 87.51694476588733], [46.59544072012228, 57.4192893380697, 38.67244948911982, 54.188901549430554, 58.006199891546856, 41.139550931043345, 27.409366006074517, 66.23046343272841, 17.422554069763528, 18.889945695886464, 73.0681330970084, 32.81746943744798, 56.63622912259923, 57.18226387273688, 37.42038810640921, 0.0, 68.55146695029816, 68.68766832772776, 22.276996505774896, 51.9680837980252, 45.30601417107791, 58.09231807219908, 59.809229586048474, 76.83887845611989, 36.66215808645534, 51.867523456796874, 45.75920386362172, 25.081585527876904, 63.59123776614925, 76.41342573334877, 46.28013138398126, 49.86080361555988, 66.77510188230768, 11.862612522238186, 70.85595246596512, 14.277164064444442, 60.729002259297694, 20.73612958335789, 23.048289058822274, 10.097922355142298, 23.262224163636596, 58.72451402846556, 48.7222358817134, 1.02314423865732, 64.76646357236788, 57.16644839697822, 41.52294175864838, 76.94948984392371, 73.90119218526296, 39.67311655363759, 24.42684179259916, 56.399972091936995, 48.514874303442895, 88.26817885481692, 23.136400703798856, 73.0360198109009, 9.900265420726713, 77.48869851048207, 83.0099770761274], [87.16866063345664, 45.35111472159989, 29.881483690369908, 21.545273775825404, 87.09261271107718, 42.873193832176966, 51.22186125016766, 73.15228319426804, 85.89592532150903, 52.281657002516575, 4.520948396484846, 90.43396786703677, 83.4706295257639, 25.317736355161045, 44.819051731126194, 68.55146695029816, 0.0, 60.31903298872761, 53.17632720559771, 36.586975012851376, 33.15607442274558, 111.61046761686603, 41.434436159453405, 36.14384613564847, 35.11569985534186, 16.96566130664858, 98.51615111640218, 92.42910078302506, 36.854457720438745, 65.40303435340928, 76.53769851127336, 55.607302500702566, 21.721184572974487, 75.1209735055491, 39.15476009061548, 80.7454461500086, 76.02156105738028, 59.22960927896677, 65.81396155764456, 71.2223413035279, 87.35197077149294, 34.67456696946028, 84.31836238447316, 69.1789728663025, 37.0299473143208, 112.59511426204536, 48.18606746880363, 21.25126949364427, 27.022830258004245, 29.37436030484632, 64.418556709439, 21.465596121569575, 20.569016820055726, 63.80474707486776, 89.99142035625565, 63.05312443942226, 73.98032925196708, 71.8107305422136, 61.92294667806721], [48.11958245750686, 16.590294882573076, 54.05799408989048, 69.13864102548092, 38.83069081999326, 31.262676740281673, 75.43184841989809, 16.124338016577987, 81.74394783270277, 67.47515096289193, 62.2516747089935, 101.39956544415588, 35.3526049859631, 35.74657894020557, 77.79782463162317, 68.68766832772776, 60.31903298872761, 0.0, 72.69526319988132, 81.57551021177133, 35.463106396409785, 74.33902621937638, 19.208509429498807, 31.401200504724795, 65.25419507696358, 57.723589352285735, 64.8556515580852, 79.73623736568695, 23.552473320417615, 7.862740500492664, 36.00042842992906, 18.858677479134727, 39.34726008850603, 65.06649389045066, 23.81877676236383, 82.39528043045914, 23.381923998185922, 47.99464604601091, 84.22065207225106, 77.851600606343, 91.64834671607049, 84.36631976149947, 42.772614965866914, 68.43599549714092, 23.554192687677237, 76.98206228116045, 83.92648585584878, 81.30034225776578, 38.077101360973344, 50.22245230229164, 46.04738776723726, 40.17094650471328, 58.473051208266604, 21.331486200495306, 89.96256751010404, 4.416889533172224, 78.50377224190306, 11.973471837459734, 15.82178150349057], [64.44794249001913, 57.94300819213063, 25.771763976274272, 35.03724413571813, 73.27874809335462, 41.52921609565287, 5.2074485707420655, 75.10527702167417, 36.6922210689601, 5.725316721078979, 57.59413921370008, 37.38282261110247, 71.058727077579, 49.9171226655811, 15.178589908084225, 22.276996505774896, 53.17632720559771, 72.69526319988132, 0.0, 30.019417804196117, 40.66198602014222, 79.6255101734707, 58.57297344376782, 71.24000691898232, 18.142849840561016, 36.35911943816782, 66.81667269294563, 46.75309985616036, 60.25630168769171, 80.51187122104585, 60.63918690923249, 55.45238743426897, 57.96808571929804, 33.60979994632118, 67.28844932514788, 29.679619861253446, 71.7651885290086, 31.578632613718245, 13.385366334001022, 19.69599895694978, 34.727812576092695, 36.866443836981944, 65.19520335740553, 23.27374462202792, 61.35188559044899, 78.97341245105325, 19.40934905999728, 57.26083515234543, 65.89557243627226, 28.6717870118866, 38.079680924517604, 47.48762686959852, 32.705584599546185, 89.16647547107056, 38.381020527430856, 77.07732227610335, 22.86704161211299, 83.4452130040372, 84.51456717850343], [88.7143071268513, 65.00669438480473, 28.15380823290355, 15.452506546257112, 94.44415826164231, 52.75039053176931, 25.342382143398165, 89.31241528721476, 66.59826243552787, 33.21245161808932, 39.87490892487947, 61.73172671602201, 91.50784314683663, 48.523593079719916, 15.131660488563575, 51.9680837980252, 36.586975012851376, 81.57551021177133, 30.019417804196117, 0.0, 46.1946634666779, 107.47971503266271, 63.308845360217525, 67.69855525731806, 19.01187354597095, 25.779933313543854, 94.27058010193619, 76.7430315693613, 61.874175170942955, 88.59499958020102, 81.89172734812585, 68.76483895581632, 52.05511467683412, 62.63302617316226, 67.2698591229538, 59.22347044595726, 88.64198056994373, 54.91589853705313, 38.012978754252075, 49.36290016853531, 62.78244185821666, 6.876387372403327, 88.08919399616576, 52.92580497772962, 62.6384363784284, 107.25019722624172, 14.370959849931433, 30.725950560695267, 59.63524659211044, 31.75597541752278, 61.74124333585126, 44.32323087936295, 23.771297181795873, 92.3351661766267, 67.37555042394915, 85.4698502848194, 52.587595767515, 93.47821069083577, 88.93001073500218], [54.06067302616215, 19.017782398896315, 18.670806673811104, 34.75058447633706, 54.35260300483037, 9.717127563279025, 42.21546547791172, 43.876874063417695, 62.08077198419547, 36.4191412432596, 36.86369652588496, 74.94476613265891, 50.82520975780467, 12.317180590242659, 42.90598552047765, 45.30601417107791, 33.15607442274558, 35.463106396409785, 40.66198602014222, 46.1946634666779, 0.0, 79.00113361649981, 18.340807029230223, 31.745159483450077, 30.054122401705225, 23.921993507688427, 66.14727339089096, 65.42674816727262, 19.62614163463544, 42.715642858703205, 43.42373377881335, 24.015524765504324, 22.24787468450697, 47.842212653678615, 26.767333105568518, 59.42373789787231, 44.783222096520646, 29.456639572346262, 53.60222459842307, 51.863140437409925, 67.89549351716119, 49.39356327511663, 51.16749381779805, 45.54706999854008, 20.742553667442188, 80.23189765436888, 48.905330572163, 51.262915297397655, 28.76008740304077, 14.805114749263506, 33.131928085639956, 13.208650364525246, 23.7848116866348, 48.972367607254405, 68.44020455382922, 39.482295891146265, 53.662155262419496, 47.310816319455796, 44.683942154923784], [26.75009324828099, 76.06314940936252, 85.52647854700464, 105.01705763108419, 36.684343127053594, 69.53879839357236, 84.83050372938678, 60.38364336579676, 52.43592678856365, 75.0017449076597, 115.60968434871923, 77.61177218298934, 39.5802695131133, 89.94748104800767, 94.19924843945482, 58.09231807219908, 111.61046761686603, 74.33902621937638, 79.6255101734707, 107.47971503266271, 79.00113361649981, 0.0, 80.8033631106711, 100.5429072466213, 89.40846413529805, 98.16536688323494, 13.366411362694075, 40.507070473444024, 87.08207653428288, 78.67447563976215, 39.237458938212086, 62.41423263204803, 99.18840208566111, 46.262391458757534, 92.26403075516023, 60.045931316148895, 51.8077870081462, 53.927420077834384, 80.42840180051587, 65.65633585996972, 65.54124154542049, 113.77003091998432, 31.702822939835535, 57.07184602931285, 87.97396850551819, 3.6915696098167365, 99.02050100262579, 126.59496032369317, 103.0165959644762, 84.1162748098554, 47.742583903731564, 92.05659536222299, 95.9130332136023, 94.55909701380628, 59.4944707909648, 76.76146827950346, 63.17074841140892, 74.53015871112268, 89.37783179713074], [54.16240293826432, 4.866349846206389, 36.763737203753614, 50.24200986959112, 49.51342580520129, 18.679815301901975, 60.429219321926645, 31.998425890148606, 75.305102209918, 53.968032489725495, 43.70026663469536, 91.22725814373854, 45.75609775280322, 16.546913682458683, 61.18217258554013, 59.809229586048474, 41.434436159453405, 19.208509429498807, 58.57297344376782, 63.308845360217525, 18.340807029230223, 80.8033631106711, 0.0, 19.968308432011952, 48.243431498746645, 38.76865401344112, 69.24147193876503, 76.22838400654773, 6.371149160138159, 25.472065526712388, 41.84528024134006, 18.43865862679912, 21.438769562142003, 59.48094376264519, 12.080311518604201, 74.07492562879041, 36.12810225952511, 40.65667981119781, 71.18208204399669, 67.67017636288313, 83.017696256516, 65.6514352774758, 49.792234547130725, 59.8290137170022, 7.179115139626902, 82.78322395697973, 67.12361239959068, 62.227146110533184, 22.739389881729036, 32.891453572891535, 41.549869116717275, 20.96247803009747, 39.80093867699208, 30.67704871481645, 82.61539101275815, 22.564172443073385, 69.01522183840594, 31.088520581524076, 26.34853993924183], [73.82268679828239, 24.538464600842676, 46.19754891938911, 52.625925489770864, 67.90107239553186, 36.57433271126608, 71.86306260120828, 47.25886815304722, 93.22378486232017, 67.5810745522638, 36.315599757917504, 106.59652138673614, 64.18126321363505, 21.363258505438445, 69.9282293326972, 76.83887845611989, 36.14384613564847, 31.401200504724795, 71.24000691898232, 67.69855525731806, 31.745159483450077, 100.5429072466213, 19.968308432011952, 0.0, 57.08475799207891, 41.986982735205565, 89.16087575161924, 95.23542920911784, 14.141588811733403, 33.4973784001449, 61.39343567642102, 38.14578590206227, 15.690964580634592, 78.06332455520992, 8.343938079910927, 91.04409859109911, 53.33086466709886, 59.156009271160244, 84.51633429294819, 83.60771166331654, 99.61287816532001, 68.03561982518575, 69.23059565847235, 77.01329399454458, 13.056464498628003, 102.61349298859916, 75.18128351379289, 56.987227539552, 9.166160127877667, 42.79049522866803, 60.89552338838176, 24.445731211281537, 44.52011056831978, 28.00884768263354, 99.95716397813725, 32.2958764069947, 85.38876731315132, 40.561697500533086, 27.062467451795335], [69.80378505375572, 49.01869454707806, 11.498185816083742, 17.577961582227026, 75.46810717962973, 34.96265503440683, 16.25981630819129, 71.43843533057097, 53.142333938738616, 18.286468086202092, 39.498905444033475, 55.31876321416178, 72.57285921802328, 35.99427152708998, 13.048435425899529, 36.66215808645534, 35.11569985534186, 65.25419507696358, 18.142849840561016, 19.01187354597095, 30.054122401705225, 89.40846413529805, 48.243431498746645, 57.08475799207891, 0.0, 18.51140344569562, 76.09675737535625, 61.70871539838418, 48.24246353859371, 72.67830248401582, 62.89196023548312, 50.84063447478827, 42.49580820719843, 45.99264895638293, 54.64457819264626, 46.94845392945551, 70.17236379971891, 36.149016776401226, 30.743425717441358, 37.07179898781533, 52.73294107232878, 24.61792159857518, 69.08726759218517, 37.498374187807485, 49.199145478037494, 89.41414544132915, 18.880815790081208, 40.308773633543375, 50.534354024432695, 15.357117443796719, 42.92292022204767, 32.64439825574454, 14.879745986737017, 78.58086500911551, 55.97797013667181, 69.39019736285827, 40.06677182285112, 76.91197179049819, 74.55052819748366], [75.22822205743218, 41.243153974749205, 13.45782849314397, 11.488162978101828, 77.47986163391396, 32.739713480502566, 34.76741761064658, 67.66176089554781, 69.12805288010298, 35.31604744228609, 21.463618115492014, 73.71317222858993, 74.0874176719164, 23.057115367738124, 29.639676787398514, 51.867523456796874, 16.96566130664858, 57.723589352285735, 36.35911943816782, 25.779933313543854, 23.921993507688427, 98.16536688323494, 38.76865401344112, 41.986982735205565, 18.51140344569562, 0.0, 84.86271617962151, 76.1322003674774, 36.536974582005996, 64.23863335732918, 65.8334027625932, 47.929864008052405, 26.42958943729984, 59.10207360054797, 41.581443593356255, 63.81665951668993, 68.67602058368544, 44.569958367166144, 49.23227990569917, 54.26069336897165, 70.3900292696602, 27.048544148220998, 73.16079208212173, 52.53710815091955, 37.21385280762427, 98.8033391785922, 34.07365701533188, 28.600010133467915, 34.21315374516559, 14.067313599920636, 50.43514747661746, 18.708334719859817, 3.6547879417150626, 66.77652018595563, 73.04952970132419, 61.30650744902921, 57.03421356085325, 69.69365810808097, 63.60843191719587], [16.941512451873972, 64.62566744271709, 72.17297476321144, 91.65064627181151, 30.22434524086105, 56.828695647462354, 72.00705438690721, 52.38233333366773, 42.555447148232744, 62.030074684020825, 102.56940603047045, 68.38145992185314, 32.17865967251085, 77.37685676587581, 81.1934099764304, 45.75920386362172, 98.51615111640218, 64.8556515580852, 66.81667269294563, 94.27058010193619, 66.14727339089096, 13.366411362694075, 69.24147193876503, 89.16087575161924, 76.09675737535625, 84.86271617962151, 0.0, 31.70279177374052, 75.4058979188845, 70.04588718462804, 28.88220255609045, 51.09979150929548, 86.80274002722001, 33.90570642933334, 80.98892637539073, 49.49026560509029, 43.76095131293185, 40.56333539700768, 68.51867464449687, 53.985772783024224, 56.063551080055326, 100.50997942130897, 22.518065520232337, 44.751435077427494, 76.35645688184533, 14.09385035376732, 86.15777576866977, 113.25806460164755, 91.03278887317968, 70.80448848375846, 34.427651514802925, 79.28450125396137, 82.57566047400569, 85.75809213330739, 50.47997851441391, 67.75815768044419, 51.754461589693356, 66.7836538054408, 80.39298984767431], [41.554967629871925, 72.70841538026677, 62.71378676534786, 79.18704065873199, 55.914636532534715, 58.709182017319414, 51.66145948617856, 72.23435532364415, 12.370581583293594, 43.9226872162442, 96.90700541287634, 37.13047123785543, 56.18640565066763, 77.74031224614242, 61.893526245914096, 25.081585527876904, 92.42910078302506, 79.73623736568695, 46.75309985616036, 76.7430315693613, 65.42674816727262, 40.507070473444024, 76.22838400654773, 95.23542920911784, 61.70871539838418, 76.1322003674774, 31.70279177374052, 0.0, 81.2214893687309, 86.70890627375911, 47.88485068470174, 61.677040288023726, 87.65577547605884, 17.646289905168015, 88.15093632410955, 20.574129560674276, 64.66886958571396, 36.196807249991636, 43.14314786155703, 28.540968084159143, 25.041462641625227, 83.56020987093432, 46.073811761769534, 24.217175541966842, 82.36569426042324, 38.36955903744272, 65.33747656054456, 101.94870033440318, 93.99404471236447, 63.094509451801706, 34.77167713964961, 77.87754275176057, 72.93911135298742, 100.85163050357217, 19.02576081839637, 83.66438120034792, 25.47288308805747, 85.75519676139633, 95.34429971043083], [60.47725189933544, 11.234810403522104, 36.79577737101268, 47.98065289446956, 55.839244909522606, 22.74138076817845, 61.60159250902882, 37.61362954540563, 79.61420973135178, 56.03931714557615, 38.69921334301268, 94.2557508028601, 52.08251783401827, 13.487003668597994, 61.28988401305493, 63.59123776614925, 36.854457720438745, 23.552473320417615, 60.25630168769171, 61.874175170942955, 19.62614163463544, 87.08207653428288, 6.371149160138159, 14.141588811733403, 48.24246353859371, 36.536974582005996, 75.4058979188845, 81.2214893687309, 0.0, 28.664277208676204, 48.1905828251522, 24.779750515242338, 15.864104798992813, 64.17383792432248, 7.284732506577381, 77.85973878863875, 42.23477376599834, 45.25985526219301, 73.22825179421078, 70.91142577780586, 86.62660043206886, 63.583898434973364, 56.14824131367189, 63.69536423696307, 1.1753808033497835, 89.01779354127392, 67.02153477792463, 57.96923133934159, 16.387906725601567, 33.023200174054836, 46.77917669516605, 17.91611987049254, 38.10961455889755, 30.54931585613359, 86.61366900286129, 26.206319192316368, 72.47954684793139, 34.95867895763066, 27.086107716397773], [53.12846604334075, 23.698528449960378, 61.37920902465878, 75.71398540780663, 42.305854613454336, 39.03100157514233, 83.18710257612072, 18.44771084506692, 89.1673039996119, 75.31508190153647, 66.93160425018178, 109.162227504211, 39.13814918818516, 41.68074426670639, 85.33152249558205, 76.41342573334877, 65.40303435340928, 7.862740500492664, 80.51187122104585, 88.59499958020102, 42.715642858703205, 78.67447563976215, 25.472065526712388, 33.4973784001449, 72.67830248401582, 64.23863335732918, 70.04588718462804, 86.70890627375911, 28.664277208676204, 0.0, 41.51477362929961, 26.552775159397974, 43.899910741650736, 72.46193295627852, 27.056513130497617, 90.03395381994925, 26.883634176078754, 55.69347478743519, 92.08076007042244, 85.64515684775316, 99.29574536143372, 91.10669373365677, 47.61309945183179, 76.14104594071563, 28.391810729831224, 81.52302698667418, 91.43011918296926, 86.58945030366324, 41.319291816085034, 57.51942337743251, 53.47663106561236, 46.16120738572157, 65.23184275382773, 15.889842086233479, 97.47331306332906, 3.4470365679575994, 86.25129025217775, 7.094482077379679, 10.914584138254742], [12.49323976748871, 37.03343340892866, 55.28502597142724, 74.9826784049215, 12.722869772967247, 33.73587133913445, 65.18285969052631, 24.8457003623509, 53.50245806356143, 54.95197662450356, 80.08947153043471, 77.50867637872464, 10.503615732169026, 52.791475010241584, 71.96712403325064, 46.28013138398126, 76.53769851127336, 36.00042842992906, 60.63918690923249, 81.89172734812585, 43.42373377881335, 39.237458938212086, 41.84528024134006, 61.39343567642102, 62.89196023548312, 65.8334027625932, 28.88220255609045, 47.88485068470174, 48.1905828251522, 41.51477362929961, 0.0, 23.410833018515323, 61.34758586177952, 37.72694184534138, 53.08538000053587, 57.0162275819309, 16.831635923059405, 29.061739881807192, 67.81976967970873, 56.37084542080649, 65.89016484415664, 87.06257550171621, 8.018898493552705, 45.58065049447048, 49.021712732958996, 41.52711813701907, 77.91093130193912, 94.19918202166586, 64.38810272436777, 52.691756977431965, 22.800681300169096, 55.62334721049939, 64.49355655177021, 57.04909002187815, 62.341086412567684, 39.046491173631665, 55.638902060061014, 39.02416917452028, 51.6325539322788], [35.73464263363129, 13.653223492298535, 40.614619755155935, 58.56366786266932, 31.902274551805487, 16.01445810526627, 58.72476557820224, 20.602122899412436, 63.01916374408102, 49.986464046649424, 58.701993281323084, 82.61681762595423, 28.183310422807196, 30.68246321687623, 62.51761950822632, 49.86080361555988, 55.607302500702566, 18.858677479134727, 55.45238743426897, 68.76483895581632, 24.015524765504324, 62.41423263204803, 18.43865862679912, 38.14578590206227, 50.84063447478827, 47.929864008052405, 51.09979150929548, 61.677040288023726, 24.779750515242338, 26.552775159397974, 23.410833018515323, 0.0, 38.437550663493354, 46.39741700665708, 29.91108123466781, 63.53676050874628, 20.784468789586587, 29.14663596240841, 66.26117676795191, 59.136401506363164, 72.78973911741153, 72.67763528015057, 31.37636901661845, 49.59327740537106, 25.617295562663983, 64.4689864120813, 68.73027635826851, 74.936908038122, 41.01431775438043, 37.115686557025384, 27.39433564560886, 34.15970284350653, 47.58706066786491, 39.325985052641684, 71.15620797009318, 23.179955281210137, 59.70080566378771, 28.220983057378692, 33.86587328844877], [73.14470540340542, 26.014964972986874, 32.281850093619695, 36.936359859142776, 70.2755924343685, 30.31125629865895, 57.95927377975516, 53.36056323741804, 83.87806255407837, 54.9675094386709, 23.034831324088447, 94.47976383440997, 66.53342517514416, 9.936913472050517, 55.05400946958704, 66.77510188230768, 21.721184572974487, 39.34726008850603, 57.96808571929804, 52.05511467683412, 22.24787468450697, 99.18840208566111, 21.438769562142003, 15.690964580634592, 42.49580820719843, 26.42958943729984, 86.80274002722001, 87.65577547605884, 15.864104798992813, 43.899910741650736, 61.34758586177952, 38.437550663493354, 0.0, 70.04849682414263, 17.43821115688917, 80.6006495412915, 57.478470644299925, 51.69195584869419, 71.35302722915472, 72.31429432035603, 88.64887407822619, 52.355756310580986, 69.36336525229025, 67.11652539336635, 15.79311256450865, 100.762174385472, 60.05802073699491, 42.968803432023776, 8.039133641247766, 29.32893184475516, 55.02798755161427, 10.605218715107753, 29.153960798322217, 42.35771806485037, 89.78133277152588, 41.72874680137736, 74.45581497185648, 50.48794069598879, 40.238260043254854], [35.980780768821525, 56.28294388824776, 45.64424767726407, 63.103053859968846, 48.49563413543247, 41.490617679781316, 38.8089809214061, 60.0070582187149, 16.71363447405645, 29.468783037089327, 79.57092433485106, 39.81136686334521, 47.63210533188061, 60.14575086931545, 48.5436376619709, 11.862612522238186, 75.1209735055491, 65.06649389045066, 33.60979994632118, 62.63302617316226, 47.842212653678615, 46.262391458757534, 59.48094376264519, 78.06332455520992, 45.99264895638293, 59.10207360054797, 33.90570642933334, 17.646289905168015, 64.17383792432248, 72.46193295