instance_id,num_cities,city_coordinates,distance_matrix,best_route,total_distance
2733,84,"[[38.27430663830452, 50.43241132953753], [18.892571015341208, 66.46875118786016], [15.919903580887906, 29.92733680354994], [62.30723409760738, 43.89599826588948], [58.08069541665232, 96.42427061512036], [0.5934665363550695, 74.10671541742751], [22.409703056526254, 68.6598829121168], [22.97750262574889, 78.52759052458319], [68.35391056877957, 67.94700180865709], [72.81050946901516, 69.63638689729044], [50.181120746650734, 50.4938079643612], [23.656732738378427, 65.21183920774662], [93.95604352299551, 49.092848381883215], [41.450573576024, 89.06290712330912], [61.61679344747976, 95.26136004144146], [28.578347158558902, 77.01041293998946], [88.30719602519136, 22.256909705494365], [64.70866422211175, 23.13749351044333], [6.581578547737332, 94.99632902543794], [8.031408963888742, 30.928753393353404], [35.0322830502797, 28.42030659486977], [68.68976423344186, 37.13783634280446], [72.9158658811223, 71.84398203914341], [17.23939876230739, 90.43214017618465], [34.13285107831945, 77.71501656293556], [40.34980722110335, 93.39040593429516], [31.22416917055738, 28.703341178428943], [50.04576425136036, 86.20169651299705], [12.850411251354188, 10.48353913741542], [19.213362359405185, 57.505740241790136], [48.929638611048055, 18.07311441083945], [48.98914911230885, 16.59011532628757], [22.125442649829964, 58.61168739541996], [56.332837192010444, 20.020127229078444], [81.81724922657624, 69.11587436550818], [16.945448047887822, 86.62408665431789], [16.82911896024758, 65.35555204063405], [90.56189615727092, 59.5708478953396], [56.43862278440056, 60.13517713570424], [49.95276783925237, 50.27806686968279], [8.345275354891136, 97.91638860355097], [8.829818047449878, 80.12880707454212], [17.764520044390643, 48.639375171310164], [60.56185369339673, 36.45168669007217], [13.692589764720786, 53.9373919529371], [43.51729923114347, 50.01250077270446], [19.389609544466225, 84.19046741536665], [75.16695202681171, 59.230022886529], [14.753129560033251, 4.393634881923014], [70.14530987382457, 17.23718914143715], [51.07167437382365, 20.835026339920148], [84.37634575224314, 71.00977979564149], [90.0447296572809, 48.33213263496678], [99.99403182083442, 37.7734671281156], [24.64405862333887, 9.350271109541753], [59.544752403352064, 13.600340983498604], [99.21077023152598, 77.78799441294096], [22.9099816436937, 77.6801837278668], [5.688439519091581, 93.97052265073015], [9.504849669033566, 41.270699216712835], [78.62189947639145, 87.95767070731443], [26.32886123890352, 53.24759539556787], [10.097460485863753, 9.942064945070307], [49.49168950530045, 9.352505823948142], [67.41158184430509, 61.288199600279725], [24.902115888163824, 26.862321120317702], [70.8247160147871, 58.13245939583152], [78.84934135072345, 98.22502378120423], [21.01994206248109, 34.301147129963915], [96.44395264488253, 34.11866134999566], [2.0181722749632147, 30.640631009928356], [84.2851901078685, 80.54974492616697], [15.49617108617889, 52.834292518198424], [47.54147811426866, 87.11456046317466], [82.56931456082486, 10.831781288966436], [87.45879068186295, 93.1893899528984], [66.36724810548351, 14.763355602299043], [42.15786356628123, 53.784944876771426], [61.16203305192378, 48.161354073359384], [25.090844968520475, 80.57964987135502], [75.56049375198991, 21.765237232402757], [72.7496670861725, 64.2214929452604], [22.46593141448149, 87.57564757433259], [74.59562883543894, 35.69904274605648]]","[[0.0, 25.155831765419176, 30.33442627395057, 24.905949048424997, 50.075384741247, 44.500768362294224, 24.1645684236385, 31.98954996557883, 34.80723275794149, 39.51635083823955, 11.906972400970789, 20.78713436544308, 55.6978478164703, 38.760854956157175, 50.5421243424832, 28.29137324058439, 57.4208055687737, 37.99720778714789, 54.684291841712756, 35.98646318599344, 22.24957239578532, 33.1940624931548, 40.724599286255796, 45.193424932803886, 27.595148169139605, 43.00810392393024, 22.844188056175913, 37.65645996202546, 47.35279132288932, 20.331049621311095, 34.06846337189034, 35.49801188819333, 18.102109409683937, 35.36972646156833, 47.382060320990774, 42.00901774124584, 26.12654212157192, 53.08015674968484, 20.59334954165162, 11.679481077271028, 56.12909237928725, 41.81929971461617, 20.58801410511952, 26.309606898954286, 24.830338169735786, 5.259781003454792, 38.68123750631577, 37.927104461978786, 51.69927183182389, 46.01829661510605, 32.245586041840426, 50.4859000459825, 51.813008696259146, 63.0045501920435, 43.28424547112806, 42.53273173709148, 66.79506359815066, 31.28104191377227, 54.38203631096912, 30.193022756011228, 55.10057476285957, 12.272690296577263, 49.32953283209211, 42.58389736429637, 31.093873116892325, 27.099163048494855, 33.448765161061516, 62.693438626934544, 23.62055845215934, 60.41395662366105, 41.30643832615356, 54.991410062122064, 22.90442080637388, 37.8346472459744, 59.415971139638216, 65.1711031948178, 45.40368814040539, 5.130447894498546, 23.000124378914215, 32.90379390428877, 47.03261230457217, 37.13070494638481, 40.36737204666461, 39.19579819272413], [25.155831765419176, 0.0, 36.662129191875, 48.93221990695927, 49.32587797748357, 19.829163429277614, 4.143823841354064, 12.731939067188724, 49.48342485437334, 54.01090633457127, 35.1307864313147, 4.927176133345134, 77.04834133990252, 31.927407692500726, 51.520612448088954, 14.31575677331907, 82.29870650575229, 63.06117893473116, 31.070616872158464, 37.16256563184862, 41.33006702772932, 57.79327831200406, 54.29004968555212, 24.02034534106352, 18.94055493602634, 34.4265664839832, 39.727754860326286, 36.87696543922223, 56.31031577736718, 8.968749762692541, 56.95931081748077, 58.25532017385389, 8.496170339838814, 59.659435121732045, 62.98033335181006, 20.249168763577266, 2.3445781550323836, 72.00050858245798, 38.076504090042555, 35.02676241720002, 33.16925300301026, 16.966323235164424, 17.86502583632587, 51.355167996688145, 13.567415718606677, 29.617316175312713, 17.72868504282542, 56.73803967044196, 62.21298128170315, 71.06750271415684, 55.8384413863191, 65.64103666617405, 73.42728792445564, 86.0282876271194, 57.407319883114276, 66.69084381787637, 81.11188810845968, 11.909483941629013, 30.5073191573134, 26.889982060547418, 63.47728995886332, 15.168960833660046, 57.206819757932124, 64.79638521424762, 48.794800200151414, 40.05975452088543, 52.59697182429153, 67.8474403207118, 32.23787304394929, 84.02823992663814, 39.60302423216685, 66.89147192608786, 14.051120798481806, 35.313019109043026, 84.55885576382703, 73.5888511621793, 70.19467855523412, 26.49816559722653, 46.06374072923438, 15.41220495758207, 72.17795804296878, 53.90396058539376, 21.407241289139215, 63.636511595960044], [30.33442627395057, 36.662129191875, 0.0, 48.444895866508205, 78.73610718443626, 46.762347751031186, 39.27247923528961, 49.110023070925436, 64.76743020922508, 69.37830855292893, 39.9601143352724, 36.12277170046558, 80.35518633618759, 64.41141814495101, 79.72916866447797, 48.755022841537475, 72.79255153711607, 49.25895996518378, 65.73566812010728, 7.951803726750201, 19.171702820352284, 53.26020556565241, 70.74987538035909, 60.5191895079154, 51.14072538916311, 68.00280387869282, 15.353133573621266, 65.813204808828, 19.684589171294498, 27.774362403629198, 35.073710885750614, 35.65748836851739, 29.347924696875594, 41.60959029610238, 76.66943093171052, 56.706024239884336, 35.43988018449305, 80.31291804947617, 50.53988744967714, 39.65334870919308, 68.40969344636247, 50.699673867203316, 18.80273889022437, 45.11619278362802, 24.1131432026665, 34.132536652651055, 54.37394783596986, 66.09735366284536, 25.560346152551144, 55.690524645762515, 36.308636705970144, 79.83765776222744, 76.37556121202417, 84.43945049783923, 22.350089793561263, 46.58001961453888, 96.06253699657184, 48.26174034057783, 64.8553198304063, 13.031683986667048, 85.43453600425381, 25.53783194253083, 20.81614601342267, 39.37497276181618, 60.29010404484786, 9.490756506803793, 61.72574316156335, 92.86919933177658, 6.718676155700378, 80.63305574709575, 13.920018747364518, 85.06727106266521, 22.91087447785307, 65.3475517970344, 69.33097593704478, 95.49816614112044, 52.67713826182224, 35.46288210468157, 48.77837292150777, 51.47584856079916, 60.19651040855001, 66.37553137669478, 58.01877467788265, 58.95891216461108], [24.905949048424997, 48.93221990695927, 48.444895866508205, 0.0, 52.69803625579024, 68.7115458814202, 46.95809798049411, 52.40395939259657, 24.799457005371057, 27.800834527459365, 13.804843998303511, 44.13871690906196, 32.07264237902205, 49.74987380734776, 51.37000193327508, 47.26734891397404, 33.82673756010827, 20.89694681824973, 75.60815095079377, 55.80335683030472, 31.359527855670756, 9.295667997162527, 29.89369273455971, 64.78211393359162, 44.017290433345366, 54.146329381439664, 34.59730848832565, 44.04674502123562, 59.6855908160221, 45.19188929486368, 29.08232094578106, 30.380629203274854, 42.79167992156489, 24.61200187209562, 31.885464412686733, 62.31678081343646, 50.286890982224264, 32.31140416341672, 17.26706486671482, 13.905525383542928, 76.35506246205237, 64.59605608368068, 44.79456439897044, 7.646183858190314, 49.64084236585175, 19.76039612967893, 58.86906438293845, 20.012612430292013, 61.820947673822204, 27.78718294119981, 25.65241174776861, 34.9600177069163, 28.08999729553951, 38.18088671265299, 51.10696676155182, 30.421343745521483, 50.10527299615469, 51.8990817668934, 75.58535500936786, 52.86760819670682, 46.98509641106553, 37.17385751352323, 62.279451254359614, 36.84414544108556, 18.12575607182177, 41.10096136785635, 16.58988618748887, 56.79158675206492, 42.387517642749195, 35.50932089385517, 61.729050993393834, 42.7378952994269, 47.65678046617068, 45.67134405904987, 38.77878735848952, 55.33931028319642, 29.414190152179955, 22.445231072135304, 4.416417733791951, 52.25657771916175, 25.79572591317752, 22.851042441906415, 59.12056463868583, 14.771415809829715], [50.075384741247, 49.32587797748357, 78.73610718443626, 52.69803625579024, 0.0, 61.66729079777828, 45.20266497098227, 39.40209769007691, 30.273648413058226, 30.57054360159733, 46.604835363722856, 46.46746260379627, 59.391111560336014, 18.186550659559238, 3.7224118909647657, 35.31694242954883, 80.09019143026647, 73.58587954816302, 51.51890968820778, 82.42932639890705, 71.80367981571624, 60.22817969924884, 28.71015271969457, 41.27853121909047, 30.389725823742065, 17.988572236412107, 72.8518859452281, 13.002351329831937, 97.11636284682723, 55.00292342596713, 78.88374686338767, 80.35016219576342, 52.178267998016715, 76.42413319710143, 36.18248875488317, 42.286548472948425, 51.642597088055474, 49.1243642983318, 36.32622617458896, 46.856539851112515, 49.75779762822341, 51.87669085088728, 62.52031853104103, 60.02388665390809, 61.44459928929572, 48.643035353085025, 40.57913339019431, 40.93106679582196, 101.71979097754833, 80.10086637683735, 75.91350489915943, 36.56989978363399, 57.74559048479985, 72.0877556746039, 93.27320124207952, 82.83686849757261, 45.155219465317884, 39.85373132513808, 52.4496840515578, 73.49509662620825, 22.21765915263583, 53.594815576378046, 98.9017832598588, 87.49436122627822, 36.353939647384564, 77.06933863116843, 40.35681934270017, 20.846567244991927, 72.33797004845181, 73.16917691936783, 86.43201802988412, 30.637821526198927, 60.9387225247036, 14.06221193340877, 89.02677516700304, 29.555658245260062, 82.08027775413532, 45.5153674439328, 48.36118024551847, 36.59757149188815, 76.67799303245889, 35.3864044443006, 36.69754139786865, 62.930885307428255], [44.500768362294224, 19.829163429277614, 46.762347751031186, 68.7115458814202, 61.66729079777828, 0.0, 22.485910260537825, 22.81642409240225, 68.0398401468831, 72.35527020898769, 54.92271705284552, 24.719083128039763, 96.65538953239107, 43.5085148677135, 64.58610854100375, 28.135120450098164, 101.89259390753561, 81.90616677691035, 21.73093284129412, 43.81391778998645, 57.21258632487828, 77.48421632877479, 72.35778748224125, 23.315371608122362, 33.73292386690537, 44.18628004926532, 54.769574913007006, 50.90990391854715, 64.79306485808522, 24.94579919031193, 74.0010133214393, 75.16848660201025, 26.527756949166516, 77.66747364852675, 81.37697075287207, 20.59300565812673, 18.443949416455734, 91.13511822054866, 57.56635613208702, 54.81008225429091, 25.039789879093235, 10.203091401188328, 30.715313734151067, 70.81037103895724, 24.049711814638314, 49.22384170862908, 21.3301909587633, 76.04288736531669, 71.13655638765384, 89.84209442402519, 73.38884331867679, 83.84009697006306, 93.09058809320643, 105.8327799414096, 69.07841963402751, 84.47647869384238, 98.68598888975264, 22.600808001082335, 20.50681807342673, 34.02376682954113, 79.24825114486882, 33.127230922344, 64.86469202294934, 81.14273762695558, 68.03657017414218, 53.131377036643556, 72.02503216761001, 81.88818438146201, 44.740632193872194, 103.85740298765838, 43.489427222733845, 83.93936635227303, 25.973189617430233, 48.71673043066497, 103.55557420193301, 88.93667975774036, 88.58794893240967, 46.26633180152077, 65.89167644722006, 25.338122079064274, 91.43131579575544, 72.8301785052715, 25.68690042204753, 83.3754720824484], [24.1645684236385, 4.143823841354064, 39.27247923528961, 46.95809798049411, 45.20266497098227, 22.485910260537825, 0.0, 9.884030042241704, 45.949737794645394, 50.41026529450369, 33.185206335456655, 3.6666181168301604, 74.17376675382808, 27.907671832361405, 47.37968470121326, 10.381884308927027, 80.59600177409415, 62.140888732985644, 30.726827355677205, 40.37788349797539, 42.17289446896256, 55.995388046310985, 50.60643210615958, 22.377739672888616, 14.813090324947861, 30.55235025961784, 40.91723402420235, 32.73327210611006, 58.956484247355405, 11.603081166745083, 57.11679375820928, 58.461334650130325, 10.052215532935092, 59.300968478429716, 59.4092961593738, 18.776866056153832, 6.485485437796649, 68.75559600481543, 35.08045020264869, 33.113616212116305, 32.46153495827703, 17.774968306672186, 20.55233454904653, 49.92949531185135, 17.109640679608077, 28.16479144115911, 15.821504980063422, 53.593372528838536, 64.72073665824259, 70.16396220887752, 55.75594592458064, 62.01118304259194, 70.62375134906783, 83.50627970272927, 59.35168402809727, 66.41208510038254, 77.34162099924141, 9.034163241352154, 30.335278773504214, 30.277097358453368, 59.432446021798434, 15.902779862378296, 59.99477863889525, 65.19815156191027, 45.60165358054416, 41.87180785997394, 49.54634321158124, 63.71444361672473, 34.386831202778225, 81.69556964190025, 43.14253171543706, 63.00749730432066, 17.269807052225474, 31.179821055716182, 83.44619939629092, 69.52036044607713, 69.54927334479518, 24.72354394245312, 43.839853610904726, 12.217584307660786, 70.88098718964704, 50.53524793650437, 18.915848233282325, 61.7234787893129], [31.98954996557883, 12.731939067188724, 49.110023070925436, 52.40395939259657, 39.40209769007691, 22.81642409240225, 9.884030042241704, 0.0, 46.59363964521253, 50.61997701484076, 39.06315147938867, 13.333063664354773, 76.83981593490024, 21.266105571290858, 42.10717085544493, 5.8026965545254425, 86.22272530782665, 69.35093867726358, 23.238882808376456, 49.89022962459118, 51.53695406110617, 61.66621937915629, 50.38363570656917, 13.215299404670583, 11.184903912927282, 22.862638711595498, 50.502112153938825, 28.13507935218879, 68.79353827856849, 21.35619210573075, 65.78949037944184, 67.1777983182037, 19.93412159220407, 67.34761766612148, 59.5877183747504, 10.09648116965033, 14.536341338894061, 70.19265161065665, 38.18281593255189, 39.06021659012694, 24.29048303045903, 14.23800805474214, 30.339423270674907, 56.417773162960096, 26.28473839759244, 35.142475555212066, 6.703816185046054, 55.64292179182697, 74.58876384249825, 77.33896393344541, 64.16941988526767, 61.85737963596616, 73.55119726328495, 87.13463343052501, 69.19739106602049, 74.51651823097941, 76.23685520968436, 0.8500925609242922, 23.181800097463544, 39.61803033491892, 56.437800392330495, 25.50117170400223, 69.78445245570988, 74.08234910708363, 47.66113716060376, 51.70110442558452, 52.0126638700147, 59.242309538104664, 44.26974518445215, 85.84563045867502, 52.27288417823869, 61.34102748429546, 26.7603416280484, 26.021624555874176, 90.18817349170831, 66.12718708558305, 77.12682845819859, 31.306305426579435, 48.78695194495255, 2.9457025342734298, 77.37529132125222, 51.78738053835664, 9.062507460946858, 67.07246423247797], [34.80723275794149, 49.48342485437334, 64.76743020922508, 24.799457005371057, 30.273648413058226, 68.0398401468831, 45.949737794645394, 46.59363964521253, 0.0, 4.766056623171588, 25.196512958856772, 44.7807862867092, 31.795413399509044, 34.200453192949354, 28.132950658880173, 40.79510835793974, 49.856976612110635, 44.95753390540436, 67.43505843549305, 70.77538354264983, 51.69807051530342, 30.810995997960752, 5.999824263144155, 55.841514705645686, 35.58784939961128, 37.83644562862462, 54.024833141430186, 25.853860453106183, 79.89172659699265, 50.23756982006177, 53.522957553353756, 54.88646258804627, 47.16162996894134, 49.41145122435011, 13.513983530724085, 54.696101479849034, 51.589919191668, 23.735091705704946, 14.247760796192734, 25.51065102325181, 67.07607952985542, 60.757830524334565, 54.148599981867676, 32.44489212138275, 56.42808839889684, 30.63500595961065, 51.588302450419214, 11.063600473520825, 83.13888484019783, 50.741444719426894, 50.18180866075989, 16.312542358744928, 29.244396479173236, 43.72115583973705, 73.1035430448962, 55.05597887993941, 32.38812936376531, 46.47456838337165, 67.85414430156123, 64.612979259271, 22.491297561024194, 44.52165001519692, 82.20940747148073, 61.5556524061733, 6.725149089444857, 59.799744549865714, 10.120776764911502, 32.04547833733525, 58.07364386376143, 43.97052515065455, 76.1064746073416, 20.31341433237003, 54.975763799227, 28.294039115120167, 58.8576768626655, 31.657141427485566, 53.22073892333827, 29.77913254443576, 21.052196049883896, 45.06968651109421, 46.74066987702583, 5.762125619200759, 49.90982233448308, 32.846459636062974], [39.51635083823955, 54.01090633457127, 69.37830855292893, 27.800834527459365, 30.57054360159733, 72.35527020898769, 50.41026529450369, 50.61997701484076, 4.766056623171588, 0.0, 29.63996562331509, 49.35251147755636, 29.48169915663042, 36.88950077331528, 27.963163751786738, 44.8426185981255, 49.8493947123563, 47.19943837172371, 70.91824839713951, 75.46265800863615, 55.910282299777656, 32.75875958333863, 2.210107753912681, 59.33474277026749, 39.51234637252002, 40.223756796673904, 58.35184599686233, 28.153918155186837, 84.22750605576839, 54.95276850687119, 56.82488066372771, 58.14949816489086, 51.87022264818044, 52.280846465333845, 9.021767806598316, 58.390812895705096, 56.14482728057053, 20.406538284475822, 18.92912202262751, 29.953645966797872, 70.39548924394886, 64.835327992982, 58.91464548952855, 35.37306738399347, 61.16687724926154, 35.25888643549125, 55.36798541102356, 10.66982818290274, 87.33427764878223, 52.46693448581901, 53.42424303203918, 11.6470930701044, 27.402364773343226, 41.88304601707868, 77.16490616752405, 57.5848830178353, 27.63010085790095, 50.54468661192066, 71.39693576918596, 69.37015785121926, 19.22086611641839, 49.28626694196644, 86.5813986148206, 64.63678273061723, 9.941863539740853, 64.22487741203207, 11.674062000935143, 29.219473803883133, 62.6964276630272, 42.662026023149764, 80.82217506738534, 15.835708990446863, 59.726407558015524, 30.72475381197277, 59.6088577106663, 27.736548008505807, 55.25002425791218, 34.508736791836746, 24.43080100259609, 48.95836378556074, 47.95007178091274, 5.415235757313018, 53.44523938694544, 33.9842607568809], [11.906972400970789, 35.1307864313147, 39.9601143352724, 13.804843998303511, 46.604835363722856, 54.92271705284552, 33.185206335456655, 39.06315147938867, 25.196512958856772, 29.63996562331509, 0.0, 30.334198570172397, 43.79733498543816, 39.54488416763027, 46.20506821869847, 34.20248771846679, 47.44386197841132, 30.974464643203213, 62.300838363110415, 46.469232441868655, 26.771752767794865, 22.824369907556367, 31.188115835248542, 51.77091294497078, 31.599701848507692, 44.00878143088892, 28.882355440773267, 35.708145092998265, 54.7211429250769, 31.75168111760489, 32.444839004487285, 33.924639583554075, 29.206523927534334, 31.08840350966985, 36.71002563669876, 49.091821905010136, 36.513387409946915, 41.388400267122236, 11.494012843675055, 0.3141484843992211, 63.23874693669751, 50.87399539235502, 32.46959996787322, 17.46255383366071, 36.650663894473155, 6.681180569575862, 45.64627060638458, 26.469099265501615, 58.14093667760956, 38.78880692981975, 29.672148779775846, 39.877543973582156, 39.92217623839393, 51.411410996730964, 48.424499654759224, 38.06317779259081, 56.11487452092861, 38.5073246944962, 62.20790466441643, 41.70880918643857, 47.03635728218025, 24.010698216444876, 57.018801125635754, 41.14707835612762, 20.332429280028688, 34.604555438491126, 22.01152019480085, 55.678863457849296, 33.355308530245885, 49.075401596787984, 52.094320618186885, 45.45818841140498, 34.76382603937916, 36.715762647751724, 51.20616621603529, 56.679250146226586, 39.22570515457878, 8.672037705094457, 11.22589756811216, 39.17498974952329, 38.33331906377634, 26.415688876384547, 46.29464924348851, 28.547386624387602], [20.78713436544308, 4.927176133345134, 36.12277170046558, 44.13871690906196, 46.46746260379627, 24.719083128039763, 3.6666181168301604, 13.333063664354773, 44.7807862867092, 49.35251147755636, 30.334198570172397, 0.0, 72.12360890884794, 29.757254787164726, 48.41425318409155, 12.783920784176473, 77.61963908536943, 58.783600131340364, 34.33186164970269, 37.675996549722235, 38.509998921098116, 53.06716086711401, 49.70359661544239, 26.023945824932692, 16.311912807753664, 32.75195197920805, 37.28453462914298, 33.71876471473901, 55.78497479312092, 8.895364050889228, 53.486251941292075, 54.825207273178854, 6.775459636146143, 55.76754104160925, 58.291398753906805, 22.4393779528313, 6.8291260994111616, 67.14254742780737, 33.172651579022116, 30.240684818163672, 36.111331717190296, 21.03219745036363, 17.588767286827423, 46.78818574751993, 15.046504780213008, 25.00923809868048, 19.452420646158522, 51.85638646920233, 61.46647970215203, 66.80385357943936, 52.1620604000739, 60.9957991964549, 68.50029656057959, 81.11872467922935, 55.8702926678704, 62.862522256310164, 76.59355234783855, 12.49068662123199, 33.91049151203805, 27.811040586045802, 59.485648732650674, 12.25901304023191, 56.90871471984771, 61.54437518759187, 43.93041962071037, 38.36973438437914, 47.6962919406207, 64.31247469283608, 31.022951983910197, 79.15026905204759, 40.78474880621153, 62.53847771437379, 14.825600444207822, 32.40694771286073, 80.1740793288974, 69.66667742559063, 66.10020893320106, 21.74547667820709, 41.199109152106494, 15.434580735515912, 67.68757367908862, 49.10292240382888, 22.395489109425036, 58.87084414696529], [55.6978478164703, 77.04834133990252, 80.35518633618759, 32.07264237902205, 59.391111560336014, 96.65538953239107, 74.17376675382808, 76.83981593490024, 31.795413399509044, 29.48169915663042, 43.79733498543816, 72.12360890884794, 0.0, 65.98810476249008, 56.36806333648081, 71.0889132901643, 27.42402382394588, 39.103575827181615, 98.69866597328365, 87.82355703835037, 62.4448839552273, 27.951872602604745, 30.98875857294221, 87.14574361029926, 66.31774171107753, 69.54065124489092, 65.96226242155282, 57.49068824889003, 89.82651249223503, 75.21466038591552, 54.67724421483742, 55.48377464651403, 72.45856414507288, 47.54712157273684, 23.41520652293508, 85.66928073523755, 78.82282678767717, 11.014023340462256, 39.10869319197738, 44.019234588567336, 98.5542576762147, 90.60742240945751, 76.19287294716943, 35.70673442494833, 80.40952438373544, 50.44712763140019, 82.41356646871866, 21.349291936493046, 90.94570505383653, 39.77102038614522, 51.3573132462914, 23.91908217249028, 3.984603443724112, 12.82909562880351, 79.89758256028941, 49.43536222124036, 29.172308076754444, 76.58184282675172, 99.02108646329185, 84.8126768880787, 41.780502486558724, 67.75468770818391, 92.54753261277011, 59.635338557209025, 29.211898896708338, 72.54406429284052, 24.834912513948883, 51.40217028483695, 74.4208930488239, 15.179458786950146, 93.77129889023419, 32.909903463465895, 78.5490291921339, 59.99968726313168, 39.91950465056668, 44.57262919108402, 44.041522533773204, 52.01026068330652, 32.807237073907565, 75.72208554962465, 32.94229170101487, 26.04968882549741, 81.18966660218705, 23.541870917249977], [38.760854956157175, 31.927407692500726, 64.41141814495101, 49.74987380734776, 18.186550659559238, 43.5085148677135, 27.907671832361405, 21.266105571290858, 34.200453192949354, 36.88950077331528, 39.54488416763027, 29.757254787164726, 65.98810476249008, 0.0, 21.09732785170199, 17.6339680441312, 81.60014925435422, 69.90778884022197, 35.37021783579149, 67.05535320368627, 60.981304119580216, 58.63605105420708, 35.86859351716191, 24.249861546273465, 13.502728713990614, 4.465303184243027, 61.21973985667111, 9.058908814087463, 83.62228386058322, 38.60503003859155, 71.38268055458222, 72.86381593061611, 36.06573814897911, 70.62851567078907, 45.0261326222636, 24.62618570606666, 34.17974125725321, 57.28615507420058, 32.579981296932814, 39.705807393742624, 34.2687161217214, 33.82206136438726, 46.85179897696225, 55.97482955042682, 44.769492751790324, 39.105058382271636, 22.592627175900112, 45.01994177830382, 88.7785964006692, 77.3454695170423, 68.90289759330705, 46.56755655210663, 63.406529598060764, 77.83278973724646, 81.46510470820124, 77.60153475183725, 58.850352372001005, 21.755917381217028, 36.09729799404645, 57.48586271883709, 37.18775358537497, 38.876763473338436, 85.10655302289095, 80.11496502335397, 38.018526119453725, 64.36430960526518, 42.65598247180538, 38.50470377393881, 58.44879007824641, 77.73764779699371, 70.48458426234775, 43.672397507178566, 44.56617018334106, 6.394933369634633, 88.37906940833842, 46.19289882439624, 78.36621737604953, 35.28505178398434, 45.403509518184734, 18.42841213219416, 75.44841301946762, 39.95909299424074, 19.042809114409547, 62.81955674329041], [50.5421243424832, 51.520612448088954, 79.72916866447797, 51.37000193327508, 3.7224118909647657, 64.58610854100375, 47.37968470121326, 42.10717085544493, 28.132950658880173, 27.963163751786738, 46.20506821869847, 48.41425318409155, 56.36806333648081, 21.09732785170199, 0.0, 37.74435061417678, 77.73047895525977, 72.19010865948502, 55.03585304599425, 83.72620681956099, 71.93373769592604, 58.55229220863254, 26.000819801752662, 44.63938310002229, 32.60738041635715, 21.34912579999311, 73.16885597989969, 14.695789189630935, 97.80306206726713, 56.77620799680895, 78.22396794700293, 79.6782413616616, 53.87731705350195, 75.42654246904021, 33.040048954468354, 45.49869878769674, 53.85436972201443, 45.95249316556616, 35.50580483446728, 46.47091733510083, 53.337639773002834, 54.913194508964544, 64.00493227752084, 58.81913445112483, 63.280325830437185, 48.73449451886371, 43.65432079321591, 38.49498739701078, 102.24063022410093, 78.4888962660803, 75.1696659865387, 33.258628437320375, 54.868022947042085, 69.12069340493704, 93.52913087290516, 81.6873024874139, 41.45630949357009, 42.51252804271595, 55.94324833532919, 75.03763149686178, 18.507228559240566, 54.86706279067552, 99.66756636213967, 86.76029840065772, 34.46382455452236, 77.62986586113581, 38.25364167183436, 17.485537166469125, 73.24105338256913, 70.36590524561, 87.90810125482963, 27.023838114758917, 62.66711949352347, 16.262990041741265, 86.99058517636006, 25.924927793721736, 80.6380526683398, 45.8142223226966, 47.102201320222115, 39.36619775652721, 74.80713098457457, 32.975964349866764, 39.89812243770298, 60.959985315154555], [28.29137324058439, 14.31575677331907, 48.755022841537475, 47.26734891397404, 35.31694242954883, 28.135120450098164, 10.381884308927027, 5.8026965545254425, 40.79510835793974, 44.8426185981255, 34.20248771846679, 12.783920784176473, 71.0889132901643, 17.6339680441312, 37.74435061417678, 0.0, 81.0276588788229, 64.8667191938611, 28.413922762456075, 50.45489090016616, 49.01685141994009, 56.55747646645489, 44.63751308850973, 17.57027355323981, 5.599015990341877, 20.171054570784904, 48.37947453513456, 23.35229518389452, 68.36075559738023, 21.63643217705411, 62.35206669949527, 63.77470658594607, 19.49751466887943, 63.38930810813626, 53.82104079922566, 15.091290998606492, 16.549324633933484, 64.39020713914739, 32.57251205231332, 34.22695116217478, 29.093590583800438, 19.99321845103316, 30.362059233967447, 51.652250340907166, 27.458151260730666, 30.855462246082368, 11.661307011224153, 49.866224782144734, 73.92112754267933, 72.80556759372259, 60.51135289249628, 56.11973133572394, 67.82742762874507, 81.48458708507702, 67.7744304202895, 70.56738254542321, 70.63670308066261, 5.707798219839842, 28.48847474231825, 40.51080650276784, 51.22694194671297, 23.869052862486992, 69.56799892893699, 70.8163842866528, 41.895203883709506, 50.28265893434496, 46.2723763335305, 54.56402267257088, 43.37292788857852, 80.28351488620224, 53.43781026659503, 55.81916536716959, 27.48869093714166, 21.48706896749036, 85.40864036052987, 61.06280313484825, 72.81962085851724, 26.904007742772468, 43.51970569624469, 4.990202781225088, 72.52138675927792, 45.98545399122612, 12.205974320273208, 61.84027425739228], [57.4208055687737, 82.29870650575229, 72.79255153711607, 33.82673756010827, 80.09019143026647, 101.89259390753561, 80.59600177409415, 86.22272530782665, 49.856976612110635, 49.8493947123563, 47.44386197841132, 77.61963908536943, 27.42402382394588, 81.60014925435422, 77.73047895525977, 81.0276588788229, 0.0, 23.614955665816908, 109.40795069405934, 80.74281925507842, 53.630250919610404, 24.622867576481603, 51.920812649902466, 98.4809314412192, 77.5271647013744, 85.78977460419908, 57.44587394776151, 74.51760141899693, 76.36974939685538, 77.56570056933558, 39.59919406972482, 39.724317131699564, 75.50956456450449, 32.05250097324413, 47.30625728650786, 96.10219842822195, 83.46621155913533, 37.3819964143328, 49.501203055260646, 47.49997273989218, 110.08299371114896, 98.31485195691637, 75.31469722827809, 31.165617509530836, 81.06165815498464, 52.69257718418842, 92.65742979885806, 39.23871953357486, 75.6921216572989, 18.842815689711227, 37.26265992860373, 48.91108183116684, 26.133049457427013, 19.42538764513661, 64.95826647697491, 30.0368830796093, 56.59142425543516, 85.72359623941676, 109.40155944168846, 81.06376491881423, 66.41080458371572, 69.29456387352549, 79.17334232306293, 40.90436634313944, 44.272658411792136, 63.57211654084414, 39.90854761699597, 76.55459079156142, 68.35669828904305, 14.38429561584151, 86.69534245089442, 58.43142279342056, 78.97101805310696, 76.60521273776446, 12.785024170226453, 70.93755384614663, 23.18436257085815, 55.89076746802015, 37.52199502762441, 86.01074968499432, 12.75618127271775, 44.75559130629, 92.74486315864355, 19.20151076033515], [37.99720778714789, 63.06117893473116, 49.25895996518378, 20.89694681824973, 73.58587954816302, 81.90616677691035, 62.140888732985644, 69.35093867726358, 44.95753390540436, 47.19943837172371, 30.974464643203213, 58.783600131340364, 39.103575827181615, 69.90778884022197, 72.19010865948502, 64.8667191938611, 23.614955665816908, 0.0, 92.42537709183077, 57.21027000608205, 30.142921449999747, 14.555368656405042, 49.39311879065805, 82.35229585846616, 62.55866344439771, 74.35607317784452, 33.943925364058735, 64.7463847322734, 53.37978046464558, 57.017531294905446, 16.57183106657525, 17.028544164833367, 55.42336322583608, 8.937138858178628, 49.05828357075266, 79.44729276898934, 63.834280136471406, 44.67414143806878, 37.91071324858396, 30.892510424533988, 93.64141581556488, 79.81513184586588, 53.423764757114625, 13.945026984037604, 59.5925632701765, 34.224844273232634, 76.03474429174253, 37.57720666267708, 53.35623374695858, 8.02313577033328, 13.829998090876579, 51.75493687507157, 35.7307437978856, 38.200378143602016, 42.37051006675687, 10.845425929585899, 64.63027593921251, 68.7170642667829, 92.19926757400903, 58.10571650359826, 66.29655712836602, 48.78142589718406, 56.182763447038184, 20.53246709601402, 38.246334972457724, 39.980440605203626, 35.52539551996811, 76.40743387798125, 45.09247837586705, 33.58146182638372, 63.1379034567325, 60.658115519507895, 57.478425099868936, 66.24030023132131, 21.689476337606187, 73.65348904918979, 8.53680772905187, 38.05003134651077, 25.273942908252646, 69.77945922548881, 10.938249011526361, 41.86350124654986, 77.05014065021795, 15.985762054525814], [54.684291841712756, 31.070616872158464, 65.73566812010728, 75.60815095079377, 51.51890968820778, 21.73093284129412, 30.726827355677205, 23.238882808376456, 67.43505843549305, 70.91824839713951, 62.300838363110415, 34.33186164970269, 98.69866597328365, 35.37021783579149, 55.03585304599425, 28.413922762456075, 109.40795069405934, 92.42537709183077, 0.0, 64.08397815061477, 72.40034080973999, 84.8824593463002, 70.25858557501608, 11.594004984376463, 32.52255184454395, 33.806393725320724, 70.72494263191439, 44.34502226753202, 84.74496986914905, 39.561423250551705, 87.80967565006348, 89.1399819824188, 39.565816783799136, 89.98121233067369, 79.56257962069468, 13.323071467830813, 31.362202485936965, 91.14635735506434, 60.8360482863218, 62.295931093380986, 3.411359606856795, 15.036548467265911, 47.68674188022603, 79.63256401106896, 41.67016671494906, 58.204744365678806, 16.75745515134027, 77.3510317325262, 90.97044812470624, 100.43322047806, 86.48275806556664, 81.40872403100727, 95.62240750944814, 109.54607409769906, 87.52999727530299, 97.11027059062087, 94.21408563547025, 23.800538557575386, 1.3601382440330954, 53.805100245169854, 72.38335824222837, 46.18345952159362, 85.12690094239164, 95.79218170058776, 69.54514569978024, 70.55412901919313, 74.06838458937032, 72.33985077655728, 62.38887277638988, 108.5418661161529, 64.51728872072864, 79.03515067123652, 43.09416761656078, 41.71133716592428, 113.39227098916164, 80.89739471330475, 100.05826457012999, 54.443091748812655, 71.92037884108643, 23.46132096168712, 100.60260209336244, 72.9746975094244, 17.5322325787112, 90.23347048981837], [35.98646318599344, 37.16256563184862, 7.951803726750201, 55.80335683030472, 82.42932639890705, 43.81391778998645, 40.37788349797539, 49.89022962459118, 70.77538354264983, 75.46265800863615, 46.469232441868655, 37.675996549722235, 87.82355703835037, 67.05535320368627, 83.72620681956099, 50.45489090016616, 80.74281925507842, 57.21027000608205, 64.08397815061477, 0.0, 27.117144148489558, 60.97531283298583, 76.70755298262104, 60.21162773713228, 53.57461807447979, 70.32735530401571, 23.299282940261644, 69.4284112689413, 21.00546521783812, 28.833527562223125, 42.87111663953382, 43.395080593124995, 31.06423378265137, 49.51793709019284, 83.08192602132439, 56.40416863886002, 35.53314180142866, 87.35932058937803, 56.53559531553997, 46.17137925124492, 66.98837050687158, 49.20653146988278, 20.20889841300671, 52.819981216201676, 23.694860548761856, 40.29190765027802, 54.45933254265382, 72.85700376270587, 27.37323587353693, 63.60499679988733, 44.20800574994137, 86.22666670281731, 83.83950369715106, 92.21699468557665, 27.23253617238765, 54.349778554821256, 102.51567875259914, 49.06188095977465, 63.08529287337568, 10.446380757223013, 90.7486350354557, 28.86048281086538, 21.088140290617247, 46.738520748402266, 66.69108565092779, 17.35386480170828, 68.43274823253604, 97.69323188256708, 13.419203835099857, 88.47007060534926, 6.0201353792809815, 90.97737047999091, 23.14250025153924, 68.68690181071628, 77.19966100017713, 100.92123578005045, 60.534206975040526, 41.0733538057927, 55.85540029559032, 52.499865503307326, 68.14798104676734, 72.77952625054424, 58.45704456032412, 66.73493109022135], [22.24957239578532, 41.33006702772932, 19.171702820352284, 31.359527855670756, 71.80367981571624, 57.21258632487828, 42.17289446896256, 51.53695406110617, 51.69807051530342, 55.910282299777656, 26.771752767794865, 38.509998921098116, 62.4448839552273, 60.981304119580216, 71.93373769592604, 49.01685141994009, 53.630250919610404, 30.142921449999747, 72.40034080973999, 27.117144148489558, 0.0, 34.768108440078265, 57.62622178479972, 64.51398480486121, 49.30291480945025, 65.1873444119493, 3.818617537332627, 59.70003047441318, 28.526532620119823, 33.108921792374716, 17.32630594430553, 18.29610711940274, 32.83452457043519, 22.897087590396055, 62.00775996834456, 60.94927082100621, 41.1772696888403, 63.67019832798079, 38.2630944153043, 26.464741649393797, 74.44395068970394, 57.968424112449334, 26.589215357478114, 26.763072384453846, 33.264157207009205, 23.19953337898929, 57.922396983840066, 50.59674171157994, 31.44081773559159, 36.85087202073041, 17.74256324705947, 65.1820508380532, 58.50512881738867, 65.63162663906279, 21.715926417175023, 28.64424086107949, 80.96941902580213, 50.72953465733823, 71.8184654399746, 28.57940596949975, 73.78856541249033, 26.308626349925756, 31.035315219718495, 23.930220669084, 46.13802532627346, 10.249273411872965, 46.517849064487656, 82.41743225537073, 15.196380666380643, 61.6754765633143, 33.088689167039746, 71.7169937627059, 31.26823275048292, 60.01246035871174, 50.68654246711809, 83.32810367147279, 34.181754569131215, 26.34651348588142, 32.748630363671694, 53.09829829822872, 41.07098502472841, 52.00313454597152, 60.47534671112719, 40.227333116609536], [33.1940624931548, 57.79327831200406, 53.26020556565241, 9.295667997162527, 60.22817969924884, 77.48421632877479, 55.995388046310985, 61.66621937915629, 30.810995997960752, 32.75875958333863, 22.824369907556367, 53.06716086711401, 27.951872602604745, 58.63605105420708, 58.55229220863254, 56.55747646645489, 24.622867576481603, 14.555368656405042, 84.8824593463002, 60.97531283298583, 34.768108440078265, 0.0, 34.96250111522392, 74.07714173885186, 53.29810316913418, 62.98813181153017, 38.403274887617435, 52.486770810672525, 61.87475172452326, 53.504820826160106, 27.457716346337545, 28.46617422702996, 51.277308076496574, 21.111835808602667, 34.567698477429076, 71.59862587650935, 59.040376077355965, 31.330977677205624, 26.05701729571499, 22.8853816261686, 85.64747371012076, 73.69828167499553, 52.207910235309356, 8.156821138956122, 57.505775955471506, 28.273839118069372, 68.1502409622121, 23.02213430577849, 63.09788656685369, 19.953805956371475, 24.003722717356304, 37.327970652289515, 24.111134725061774, 31.31072013988678, 52.07852690202257, 25.251632207875733, 50.83273707230578, 61.15120951752042, 84.84763490362054, 59.329037304938964, 51.78129850940849, 45.32075064747693, 64.59619215066994, 33.77263189787539, 24.18416415111158, 44.97715376385313, 21.102895920876932, 61.926258375072024, 47.75414905012201, 27.917922415805755, 66.98742308385528, 46.12820303301397, 55.461131329811565, 54.26714438389038, 29.74307398010358, 59.11051527373759, 22.494698699290787, 31.3220046541366, 13.348583441588788, 61.54719265505529, 16.838162831086137, 27.386260535775328, 68.41502409779933, 6.078598827950825], [40.724599286255796, 54.29004968555212, 70.74987538035909, 29.89369273455971, 28.71015271969457, 72.35778748224125, 50.60643210615958, 50.38363570656917, 5.999824263144155, 2.210107753912681, 31.188115835248542, 49.70359661544239, 30.98875857294221, 35.86859351716191, 26.000819801752662, 44.63751308850973, 51.920812649902466, 49.39311879065805, 70.25858557501608, 76.70755298262104, 57.62622178479972, 34.96250111522392, 0.0, 58.697432769756894, 39.224880924917855, 39.04864350162963, 59.994270297078174, 27.00343521606734, 85.8659582895163, 55.58366722643809, 58.87822436310592, 60.21193870036952, 52.485814403056686, 54.4123953514142, 9.310058911826077, 57.889024563058186, 56.46080856675545, 21.494469200670128, 20.213749091528406, 31.50226291517647, 69.63570596300418, 64.61934580918411, 59.83414349260355, 37.48648005895408, 61.87117586142158, 36.618155269758226, 54.93173780759816, 12.81324917181976, 89.0643207349951, 54.67703184301939, 55.489478859806034, 11.490800331544776, 29.089603583873036, 43.5204211487108, 78.9660134594954, 59.75875165240822, 26.95836192903302, 50.34530473160897, 70.7750708561882, 70.39660929043464, 17.0941446666712, 50.16148520260807, 88.19296681892807, 66.73737062875587, 11.904691749666759, 65.79262882270727, 13.870067085689548, 27.040072014414346, 64.05194268722938