instance_id,num_cities,city_coordinates,distance_matrix,best_route,total_distance
2313,81,"[[46.39155487178148, 38.41106497986453], [31.106837889180174, 50.206358430117405], [18.642982166626865, 52.786161792315575], [32.55705551642675, 90.62894613284172], [69.37720633534707, 68.57887566622907], [35.70568494008043, 87.01930845069121], [17.912495672070406, 23.03933906308656], [87.63005258067678, 62.54008827165324], [1.5283747077891041, 38.89446985371624], [76.98481457567725, 39.968594921490954], [84.18231746763668, 42.13954520570532], [4.105207852492931, 68.22185326290831], [19.883173179140236, 84.70249060010836], [66.82463790365647, 45.50439661038441], [4.65960869632106, 28.096041430860865], [80.21070169913651, 85.5546894308175], [1.499515597801604, 97.20814044049662], [19.85293497497793, 69.70683587776642], [15.773667294289396, 61.94495424477261], [37.558819818600185, 93.10515147571553], [99.16998109801547, 94.8686635430068], [30.87753881760794, 75.11733384984247], [83.29225940524898, 94.45323297514034], [32.0040620573699, 54.41965790047283], [77.87106532136707, 87.51539449787778], [23.66231476841808, 61.94661458771456], [36.18124651676599, 27.36858066429848], [51.34990882996055, 62.7908537379829], [45.60905650587369, 74.109868546591], [54.68099532395472, 16.393325665180814], [85.20359180073014, 68.59164149697634], [13.653418979695731, 95.62576421358456], [70.12815085883612, 54.36468842483628], [34.40577788322544, 11.25091083122759], [57.400330591075324, 64.40589519958213], [63.283802405528654, 35.28078852531028], [2.097849681670849, 66.85130128708091], [10.997050808720621, 18.381557508736968], [68.8463863793168, 74.04009509043294], [37.37126416192614, 8.422384024377683], [91.31296369210528, 26.479042540576547], [1.9348269205973323, 49.41614276890112], [16.95800703242165, 70.29017201221444], [33.28713419900351, 91.80309198986815], [14.477609674181979, 62.7779104291173], [90.00051967584497, 9.834628714021875], [86.59344193314156, 37.08248576242025], [22.097016626750953, 42.24310281563937], [18.251706321725326, 51.56941923286641], [86.81381617828082, 76.43246719440889], [33.62764305267255, 34.31371313458389], [58.04808027899504, 51.66078230797652], [22.905027373442145, 96.77008071265838], [10.39300749153529, 95.3442051402901], [19.25832375253004, 27.064025041312888], [44.54959789754265, 80.42795976359129], [91.45212371098879, 94.63073827168083], [45.71454802760492, 69.07331677515292], [59.264391030344285, 47.43701313653146], [81.80004473441353, 56.77677210055698], [96.83739882727997, 90.82349629715492], [53.31667772034242, 28.367601400141673], [39.73917112822417, 64.22340947077883], [86.42744120999656, 39.336702813812465], [92.41876522210963, 45.878542763743205], [32.247737602372204, 38.27978497236192], [15.462039164686537, 33.1301617925153], [17.58597353530107, 16.63427970405934], [18.782014701422135, 43.82279785250901], [44.65156238439468, 45.79224199207316], [15.471279488258427, 6.758942499960541], [82.65223773890719, 27.429163131090796], [29.689532678484476, 62.53720529615253], [24.234480370199996, 87.00179325367986], [6.559259488386804, 57.231945015419264], [78.36042507715915, 48.68041725921768], [12.351049326529617, 91.77921077689317], [30.292986527013554, 82.3625478091889], [0.7498401835557167, 47.103163464592356], [28.876417025145905, 79.9305772748854], [35.15201319034248, 88.35397114532802]]","[[0.0, 19.306773961897395, 31.251027111770135, 54.019445429583605, 37.9267316653155, 49.76895768967236, 32.36273737744061, 47.77890181138788, 44.86578445429103, 30.63288166054698, 37.974245250837754, 51.737976789705975, 53.344075452830985, 21.629291153619235, 42.98784761311069, 58.01944517575714, 73.9756126902631, 41.033201460780276, 38.61734045271502, 55.40271027788558, 77.28533308742965, 39.85015518770618, 67.09982554878206, 21.523823934944623, 58.328335785955666, 32.71911445959247, 15.039509851189344, 24.878894144737725, 35.707378506246734, 23.526488635992727, 49.1654493468667, 65.91894530477347, 28.59972185313366, 29.687250182479342, 28.2298484053609, 17.17983286948171, 52.63819298455013, 40.66880976136364, 42.11469155356111, 31.31591655916016, 46.479093471090174, 45.79860693589211, 43.38906778892473, 54.976671319806975, 40.152746546446295, 52.1378415446767, 40.223834302952476, 24.594899928929593, 31.06434230862759, 55.49401981737377, 13.405436847414304, 17.647367901301493, 62.907803102880095, 67.35931904357773, 29.410330605720855, 42.057249705154426, 72.04933399519737, 30.66972486711819, 15.721884457406537, 39.88809787888074, 72.74507632116544, 12.199528152550826, 26.655793696477687, 40.04658537611056, 46.62903941843619, 14.144426513323541, 31.377107584186085, 36.110800227648156, 28.13491711563315, 7.583491804025349, 44.248393047383594, 37.88719163789214, 29.3432818871135, 53.40407123664252, 44.05493480670183, 33.57779412715701, 63.30019750039669, 46.80701598743033, 46.46201347067959, 45.062733550052585, 51.1920030225532], [19.306773961897395, 0.0, 12.728043245535972, 40.44859364367092, 42.45197864171453, 37.09909275730121, 30.201615980454324, 57.85321677197396, 31.667717115981414, 47.00638835844904, 53.68500729329096, 32.45991495226761, 36.27607729913587, 36.02595845815, 34.47204736866135, 60.503668860671546, 55.54962687018491, 22.514860681082567, 19.310638316530707, 43.38126917906644, 81.40831014990576, 24.912030716631072, 68.41859488335591, 4.3077724678632965, 59.823550042059075, 13.90160203507349, 23.39473693377745, 23.835927573038887, 27.95875785321529, 41.21968077899454, 57.13560551193386, 48.6574172491019, 39.242254958409546, 39.094883331635124, 29.882680651708515, 35.47012380116023, 33.44511204249428, 37.64600231242243, 44.63541781402569, 42.25095920409597, 64.712928410942, 29.182711744153405, 24.56723392271884, 41.653834575456834, 20.846466143930733, 71.40267722332548, 57.017534690034445, 12.024571475210152, 12.927193909296978, 61.57171599865296, 16.091321672315587, 26.980472388808245, 47.280544926445955, 49.66374910710473, 25.999132330233145, 33.07647175564316, 74.93383111267755, 23.860999825689245, 28.29341040335342, 51.117233454621875, 77.26744806027428, 31.148166782977704, 16.46192264063987, 56.3783519180562, 61.4644809765814, 11.98101859604597, 23.159365680777423, 36.19251639309761, 13.879881564966404, 14.245840992369537, 46.17519504578929, 56.353605664218485, 12.41203200502937, 37.43171545259068, 25.533164163704242, 47.27821907167166, 45.60791221765882, 32.166486743541185, 30.51519504596601, 29.80778360030111, 38.36148848893682], [31.251027111770135, 12.728043245535972, 0.0, 40.3196944907471, 53.135405461003614, 38.24976020930164, 29.755790579362955, 69.6732012044617, 22.042887591852637, 59.73323555051896, 66.39845567812911, 21.203948999750533, 31.940415124332098, 48.728801070069665, 28.374932195040973, 69.7449675032474, 47.6152353035862, 16.96387919387793, 9.597731347761352, 44.535714243356686, 90.85997199258203, 25.463024602527785, 76.91341799992254, 13.46056333821816, 68.6591977705967, 10.445458112698423, 30.881129299536497, 34.202878719318186, 34.37833089334207, 51.2169592391448, 68.41146061558636, 43.1291928559853, 51.50936168886994, 44.42569978293846, 40.4617135246401, 47.95040067422927, 21.715652372239585, 35.243964905206816, 54.517075079130535, 48.15488889342837, 77.28512624197876, 17.04463199789305, 17.584922944989376, 41.67459694811758, 10.825219111955453, 83.28704793156753, 69.74145412401896, 11.09443313727193, 1.2781076804316298, 72.15545973114953, 23.785950081556983, 39.42116482587917, 44.18993271024778, 43.35030721630161, 25.72949599787421, 37.88432042038177, 83.97701872038787, 31.593371070530537, 40.97209110376205, 63.28301132866199, 86.95519313492935, 42.409094012699654, 23.997079471509306, 69.10586686104662, 74.09845724503009, 19.8877937164717, 19.911723541013256, 36.16733119501464, 8.964442155714778, 26.93252975708532, 46.136369749542595, 68.84883572016926, 14.734623430028421, 34.66950083950537, 12.875610363452422, 59.85841733577447, 39.49742128263517, 31.788130039625305, 18.773944711201434, 29.009351611056886, 39.2124618905042], [54.019445429583605, 40.44859364367092, 40.3196944907471, 0.0, 42.91770163825903, 4.789921861982571, 69.15792157720496, 61.82247925783098, 60.32607287566227, 67.38172571168109, 70.826475796863, 36.21581762674311, 13.991074607793674, 56.661205178413546, 68.4735840273287, 47.9230432629745, 31.746757055404462, 24.477119443618946, 33.23331928727242, 5.581150332554509, 66.74771200765112, 15.602272012745596, 50.87913210239087, 36.213510684004774, 45.42085081089756, 30.02986106925708, 63.36409550858119, 33.58765731408928, 21.05313881892899, 77.46222343068726, 57.07276564481878, 19.552894037580998, 52.21765594452749, 79.39956084723518, 36.122523675443574, 63.305225099789936, 38.64116476628472, 75.39574899156273, 39.90119689161631, 82.34740711507045, 86.99118849886858, 51.344094551273045, 25.631934112279545, 1.3826183046399143, 33.20461642200967, 99.13361338016173, 76.07334930958173, 49.50355792355116, 41.596750560978194, 56.083296013760474, 56.32540834579748, 46.56511715144076, 11.440069108199777, 22.660068233723795, 64.94116922184541, 15.74424325486919, 59.030868178984015, 25.25400495342798, 50.78213117042958, 59.75651992740923, 64.28063772184893, 65.63106704887117, 27.36485247672224, 74.38355113512982, 74.73970089975253, 52.350074993048885, 59.986246629386905, 75.49399946745676, 48.7910572369111, 46.439284389255356, 85.59264718341309, 80.64576773378703, 28.237715744405243, 9.078628479754164, 42.32310340644559, 62.10980387811812, 20.23872018921938, 8.57084299436833, 53.909115222894386, 11.313805545632638, 3.4509877605154005], [37.9267316653155, 42.45197864171453, 53.135405461003614, 42.91770163825903, 0.0, 38.39037528274717, 68.72019963361383, 19.225851067053824, 74.05827368813465, 29.604456884581957, 30.302302071628564, 65.27297488962937, 52.05410912313952, 23.215236145623784, 76.33627782316324, 20.138095112677302, 73.66828151502506, 49.53711485355491, 54.01248291971267, 40.17397074738942, 39.73364285671603, 39.050938969445, 29.378751983149265, 39.965427070914735, 20.754213691098467, 46.193486532082126, 52.91748446801865, 18.933690955267373, 24.403213488368902, 54.215405993161, 15.826390613949952, 61.94089648488241, 14.234009857054746, 67.15278371076681, 12.683032703921475, 33.851029211770616, 67.30153300607688, 76.99359265236022, 5.4869561165569465, 68.14091150743802, 47.47181690247764, 70.11194529620037, 52.447125667128795, 42.916867670575236, 55.205225397971056, 62.25919693605325, 35.894586571397035, 54.12013738451424, 53.8807791313498, 19.123657147789277, 49.519012896280664, 20.3610161848387, 54.35446126526451, 64.77282281251426, 65.0798372290474, 27.51019692200148, 34.14676444928193, 23.66782352053421, 23.436027492254958, 17.135243285817975, 35.33957156938692, 43.29996717661441, 29.956355197493004, 33.84989191136841, 32.34530181982893, 47.92319214397289, 64.524852315528, 73.35238813168675, 56.32705216139532, 33.62421958929968, 82.02166229677121, 43.238007591585706, 40.14490280414546, 48.75725176830999, 63.83453047733501, 21.83224372204575, 61.5649099117461, 41.44352610204321, 71.9091204194542, 42.061562787909764, 39.52743663609302], [49.76895768967236, 37.09909275730121, 38.24976020930164, 4.789921861982571, 38.39037528274717, 0.0, 66.40808736265528, 57.40533229108276, 59.02616898206403, 62.591822046328666, 66.06191830500921, 36.76866157068882, 15.99123270351195, 51.8833030816052, 66.60187870040565, 44.5291098675601, 35.69137596659924, 23.47405776691219, 32.031368473357375, 6.361728869043663, 63.94786362488858, 12.843986701145202, 48.163734314982655, 32.80913330099044, 42.16829856734565, 27.81515311189628, 59.652623448257046, 28.840245471952098, 16.27053800609363, 73.1306491738148, 52.81686939740549, 23.67220975714312, 47.44713235761317, 75.7795476113285, 31.337263900788585, 58.62957450815331, 39.19483516622865, 72.94969126053337, 35.591657327746205, 78.61457042698818, 82.2027569286626, 50.54175423018321, 25.12646877112835, 5.3604078797106425, 32.22229907276974, 94.36844740185248, 71.29691488405831, 46.79855173330331, 39.51374463608895, 52.1931248963581, 52.746545249059636, 41.825924980392145, 16.091438526218916, 26.646492161381772, 62.170344206322476, 11.029989751314456, 56.26365878218803, 20.548380897854216, 46.062682672471304, 55.1298558835285, 61.249965615970815, 61.23863001937521, 23.149989657283143, 69.6155689442159, 70.06380004242025, 48.86203586308062, 57.566008388857526, 72.67995743708637, 46.39341701368542, 42.186487552674976, 82.77171924355522, 75.86148060052693, 25.210463361552463, 11.471217941708375, 41.674946155167504, 57.35239693293874, 23.834757703755216, 7.140218748964331, 53.05854985950447, 9.843221522286061, 1.4449487585769474], [32.36273737744061, 30.201615980454324, 29.755790579362955, 69.15792157720496, 68.72019963361383, 66.40808736265528, 0.0, 80.130187378683, 22.799662106272, 61.45029344574968, 68.96743547143566, 47.245113888631344, 61.69463369949274, 53.82449691623981, 14.184824709112231, 88.25664567493449, 75.96312929757468, 46.70782122553378, 38.96436165902171, 72.76809824031567, 108.453818710958, 53.667586910303925, 96.82178344509218, 34.39907925406321, 88.04653200904525, 39.32984246586861, 18.77470612998322, 51.944619717925974, 58.09731890325114, 37.36431533877959, 81.25948483238794, 72.71127044963785, 60.89131431673065, 20.273021439205667, 57.18812003540966, 46.993707660044564, 46.57886926191284, 8.337763888841554, 72.07869545114305, 24.337194697529117, 73.48101976410793, 30.838639277161235, 47.26047252143812, 70.46157269327246, 39.88674586916822, 73.28743125646767, 70.10194254466242, 19.65438266351863, 28.532096634472982, 87.16775836940707, 19.34107980176127, 49.29555928438242, 73.8995780568814, 72.69481660297072, 4.243742504616092, 63.269178917358005, 102.63237955317406, 53.778073777097156, 48.012766530535174, 72.24841391443206, 104.03764852202356, 35.80288376708874, 46.61042176181223, 70.42657046377072, 77.92825821191687, 20.922962331224294, 10.384095552879685, 6.413376809330837, 20.801639901556467, 35.109432925383665, 16.462407135918827, 64.88840233992963, 41.216259384078256, 64.27412416056039, 36.02818721021084, 65.66138180409169, 68.96448106587128, 60.601317227787746, 29.55713768692681, 57.93807518987894, 67.5514776174539], [47.77890181138788, 57.85321677197396, 69.6732012044617, 61.82247925783098, 19.225851067053824, 57.40533229108276, 80.130187378683, 0.0, 89.28949659894604, 24.955829063357253, 20.68982925969389, 83.7178722871232, 71.27981303016058, 26.890148200792726, 89.8358888258903, 24.18095601953772, 92.84580357851438, 68.15497004757952, 71.85884977464988, 58.66303298485661, 34.32647271801838, 58.129466923079534, 32.2066026537804, 56.21558690534339, 26.81424534498518, 63.97049078935848, 62.321862879539445, 36.281010375839, 43.584675365648366, 56.70241681943433, 6.519893277925462, 81.03828892238712, 19.317187335021202, 73.9148370733862, 30.28724693762873, 36.54872528901485, 85.64078637203835, 88.44542271774192, 22.024447162099047, 73.85574944658221, 36.24862553909442, 86.69434610452487, 71.09572293718068, 61.720954017654826, 73.1528294911862, 52.75873938439385, 25.478698694256135, 68.60427406466869, 70.24037662758906, 13.91633694612277, 60.93429648571359, 31.519079674203013, 73.21899528529757, 83.9146662844658, 77.02755588276663, 46.64655959679838, 32.31745728162157, 42.42160530457951, 32.13586211267942, 8.197853668827628, 29.744350630697095, 48.42691971713105, 47.92045593013796, 23.23452970933619, 17.3360568606121, 60.46290704663268, 77.93051992588555, 83.74673885925002, 71.34696405915159, 46.12635878276499, 91.20539873168664, 35.46203187671458, 57.940519973917134, 67.9512589031394, 81.24438366706707, 16.673826034444435, 80.75800032079997, 60.666869424417946, 88.24097661329299, 61.27331228817061, 58.48334093799087], [44.86578445429103, 31.667717115981414, 22.042887591852637, 60.32607287566227, 74.05827368813465, 59.02616898206403, 22.799662106272, 89.28949659894604, 0.0, 75.46408458463829, 82.71762066082563, 29.44037171445698, 49.34848925373304, 65.62997119512168, 11.243250539522302, 91.47723581173965, 58.313677727886144, 35.84956637096016, 27.0971067004825, 65.09217293042953, 112.54773946032907, 46.6204816580324, 98.85397817185725, 34.202324238515615, 90.5107768355444, 31.957983031548206, 36.51941464777498, 55.25597184948368, 56.42012772833922, 57.71916984987999, 88.78887294678351, 58.012554316645314, 70.32252093470476, 42.95451076417941, 61.42074793912534, 61.861066454386375, 27.962630876572483, 22.59281744221279, 75.94030332233127, 47.04530517715943, 90.6389279197986, 10.529520612802456, 34.982333651408595, 61.70851724654308, 27.16802200995806, 93.12247205864418, 85.08436371273422, 20.839442725374223, 20.98390245006152, 93.18104834764694, 32.42447162864359, 57.943557463583545, 61.6972253143014, 57.141528928747874, 21.314561163402622, 59.79846510435097, 105.79608807488987, 53.50869755615727, 58.36456653259004, 82.23939288753681, 108.5377071158823, 52.84735838581624, 45.84343077485297, 84.90021827379033, 91.15832579780225, 30.725512105617614, 15.078934067825648, 27.44745062121791, 17.943703906762895, 43.67137020823184, 35.0299402229181, 81.93005804547857, 36.769957267468946, 53.19663334329773, 19.015067630216965, 77.4527516011191, 53.98079388462784, 52.12366731393441, 8.245530110469653, 49.31407031338696, 59.806281717060386], [30.63288166054698, 47.00638835844904, 59.73323555051896, 67.38172571168109, 29.604456884581957, 62.591822046328666, 61.45029344574968, 24.955829063357253, 75.46408458463829, 0.0, 7.5177837835558154, 78.16446560319389, 72.53770655847988, 11.570405798649888, 73.29319840120999, 45.70009146978322, 94.73328841015493, 64.4081876928881, 65.03664290697779, 66.16572152576721, 59.213167017742144, 57.97684646549913, 54.84851542307476, 47.245119518694345, 47.55505851475039, 57.674277924773925, 42.704701446323874, 34.32206127374525, 46.36879078861983, 32.45386993443202, 29.77964228021306, 84.31243183388482, 15.945574479550967, 51.35834640217034, 31.316667412493373, 14.48078945688502, 79.56593123048758, 69.42899359218248, 35.030003386661676, 50.63987360122405, 19.679021330849537, 75.64229509577794, 67.25039524868039, 67.79603496247802, 66.53882730048643, 32.824754357762075, 10.03271377906713, 54.93490465853837, 59.86783050916273, 37.76537109098303, 43.72438690821339, 22.25549711203577, 78.42851631851279, 86.60789212211525, 59.151294715731275, 51.85560224685204, 56.54425655407785, 42.71901689138597, 19.229942310385116, 17.484314729622078, 54.5925461523411, 26.358371590165557, 44.446979477070784, 9.463745843528491, 16.526775730754395, 44.76894163546529, 61.901664452021606, 63.81780773112109, 58.330273387290575, 32.8535243538312, 69.90562218384132, 13.76070619325961, 52.40406343002623, 70.67332951081731, 72.51056520134507, 8.819759219837104, 82.83636596083859, 63.066425679360734, 76.5680964166123, 62.54101013329557, 63.96192542495202], [37.974245250837754, 53.68500729329096, 66.39845567812911, 70.826475796863, 30.302302071628564, 66.06191830500921, 68.96743547143566, 20.68982925969389, 82.71762066082563, 7.5177837835558154, 0.0, 84.21775512269716, 77.11020864243476, 17.680816293977696, 80.75321175409402, 43.59642737541565, 99.34282010381868, 69.98732004359573, 71.21795873053493, 69.07418877916277, 54.8177889167971, 62.68120907246398, 52.32125888577564, 53.60383853284413, 45.812657668375245, 63.6788090672019, 50.222347674257726, 38.78715768197859, 50.09988059611568, 39.156044601749365, 26.471803857427425, 88.51610670200708, 18.62723076026569, 58.5816663002908, 34.82908501678048, 21.99523755275263, 85.72357167273576, 76.94494938165825, 35.39542153010318, 57.68987493241514, 17.207482654445236, 82.56875058629647, 72.8804891798176, 71.11109308068951, 72.69586238339735, 32.82467222182486, 5.602443342067362, 62.085387207312, 66.60156162014144, 34.393739023075554, 51.15680553756676, 27.814606044124467, 82.09385903381892, 90.97031441906744, 66.65130357424533, 55.106761380780206, 52.992220488533945, 46.95952870980101, 25.47481549319733, 14.829822471858096, 50.30187052281304, 33.79873005296729, 49.62751572892427, 3.5911705741024997, 9.04539520149207, 52.07781038830678, 69.30833744594356, 71.31333391073079, 65.4219606965849, 39.699153533348856, 77.28514597272438, 14.789742552100396, 58.18529136510601, 74.87566008108911, 79.07666951804585, 8.756565435530026, 87.31453189921477, 67.24544540463576, 83.57999624299251, 66.98436182131243, 67.37762167406123], [51.737976789705975, 32.45991495226761, 21.203948999750533, 36.21581762674311, 65.27297488962937, 36.76866157068882, 47.245113888631344, 83.7178722871232, 29.44037171445698, 78.16446560319389, 84.21775512269716, 0.0, 22.815687517346415, 66.70689426665056, 40.129641606629335, 78.05429778855925, 29.103169526149188, 15.817587770917553, 13.249619127685218, 41.693197089289875, 98.72873751003898, 27.646073099636443, 83.41866946449184, 31.126301784308026, 76.24724559945574, 20.539207661240848, 51.94094857054755, 47.555835880468656, 41.91942481742345, 72.41620365157837, 81.09922701452679, 29.01969453874787, 67.46147063745602, 64.52761289356057, 53.431560370829764, 67.72901740996406, 2.4306171118484614, 50.314536470055806, 65.00209331248983, 68.42957711101502, 96.68327117749926, 18.930538834749218, 13.018156137038288, 37.51879056141121, 11.714232075905052, 103.86083277036136, 88.1701138145706, 31.600643312612235, 21.850102472640536, 83.11514947541596, 44.959272092760685, 56.42785266866148, 34.18237125395087, 27.841666538863233, 43.8586792482208, 42.246156298794, 91.25192007512896, 41.6180511307398, 58.94527180297674, 78.53328950783265, 95.44680985151825, 63.32558849387107, 35.857591825093074, 87.24277632809597, 91.09614667667717, 41.09171977708628, 36.88366071456133, 53.31987236560522, 28.47319027085849, 46.336749212557464, 62.505015669811925, 88.50807574548064, 26.208260135075506, 27.529507045152435, 11.26057071021985, 76.78349436023801, 24.958825987146156, 29.76170348210745, 21.383581341563055, 27.399033228637386, 37.00278762631224], [53.344075452830985, 36.27607729913587, 31.940415124332098, 13.991074607793674, 52.05410912313952, 15.99123270351195, 61.69463369949274, 71.27981303016058, 49.34848925373304, 72.53770655847988, 77.11020864243476, 22.815687517346415, 0.0, 61.15547140616475, 58.617804489021545, 60.33354738599435, 22.23398623725202, 14.995685209442318, 23.125602685812368, 19.57123383728045, 79.93590546349955, 14.585996905233706, 64.15441678399343, 32.61849020896747, 58.05607688637443, 23.06754872636555, 59.605405988435194, 38.3441688199948, 27.82129966247739, 76.66179257054506, 67.27790534583876, 12.574885439651599, 58.693611431390735, 74.87349743357373, 42.65546723603644, 65.77324116399117, 25.19886290686907, 66.9135960541072, 50.110706689196576, 78.25910800301156, 92.15305136926867, 39.58875442195038, 14.706172991803852, 15.168543473856438, 22.58112779469509, 102.57504093654106, 81.96294783603457, 42.51706379610948, 33.17321362686455, 67.43963418798492, 52.22967879065105, 50.480834192818975, 12.440190267682206, 14.258658181361586, 57.64185240585513, 25.034059244576152, 72.25430632189523, 30.191571688346503, 54.21804247694996, 67.9230795599581, 77.19727686808702, 65.50892280505848, 28.524610750292215, 80.53691271233137, 82.27217657643979, 48.04112874586374, 51.76148688563972, 68.10696337961825, 40.894520771506514, 46.124619787723674, 78.06831301097584, 84.97169825937054, 24.23766818891907, 4.921449681109148, 30.53125530925855, 68.68172069277868, 10.335030633315945, 10.669561668706802, 42.18760283025659, 10.180844348930956, 15.6993880600426], [21.629291153619235, 36.02595845815, 48.728801070069665, 56.661205178413546, 23.215236145623784, 51.8833030816052, 53.82449691623981, 26.890148200792726, 65.62997119512168, 11.570405798649888, 17.680816293977696, 66.70689426665056, 61.15547140616475, 0.0, 64.55649995473196, 42.2281027153612, 83.3105559357562, 52.84031550351817, 53.632951955752915, 55.87772339615271, 59.017387913699324, 46.573812219425115, 51.64466225451924, 35.943766999822714, 43.439008991892536, 46.18801435919034, 35.60793809981783, 23.20105256079108, 35.614237584694266, 31.542392215560035, 29.50943616547467, 73.07071925384943, 9.456107491049508, 47.16231305870398, 21.12070588875793, 10.819412105192926, 68.1560522096882, 62.06744623211513, 28.60722906265266, 47.35585372684998, 31.010356292741335, 65.00760976551754, 55.6867626704763, 57.16933923513407, 55.123367496038874, 42.53767550888077, 21.48800118873886, 44.84636152806527, 48.95011932441209, 36.82543683576767, 35.03244016325165, 10.720496658108678, 67.50631493127038, 75.28967675098559, 51.01569901049158, 41.42261062016734, 54.953712360611114, 31.640636724127493, 7.80335436992088, 18.74377920639615, 54.35610926729418, 21.82051187281811, 32.92451902322429, 20.550190856421022, 25.59686188846718, 35.32360468249527, 52.832170469782895, 57.07827711979776, 48.07204404364716, 22.174943809323302, 64.33022333836013, 24.02554852393188, 40.85501942002444, 59.46390036732898, 61.39585675864526, 11.965011194067655, 71.47538232577006, 51.89494062139881, 66.09413702595977, 51.23699232965462, 53.284530532379804], [42.98784761311069, 34.47204736866135, 28.374932195040973, 68.4735840273287, 76.33627782316324, 66.60187870040565, 14.184824709112231, 89.8358888258903, 11.243250539522302, 73.29319840120999, 80.75321175409402, 40.129641606629335, 58.617804489021545, 64.55649995473196, 0.0, 94.91819574719587, 69.1843075986817, 44.29780330797851, 35.62683254518809, 72.8597452733148, 115.718596410596, 53.83662137055091, 102.89009003376593, 37.95592066666018, 94.28985576435997, 38.81963602495543, 31.530030923711315, 58.16970111317199, 61.59650608389714, 51.37210017551846, 90.1511333208746, 68.12600151575643, 70.54198627611152, 34.18468964631156, 64.03115824882238, 59.06281976731127, 38.83983490917904, 11.598895223305497, 78.93540711239766, 38.172047352062755, 86.66844072346395, 21.49351429593639, 43.94991760117098, 69.8435645377199, 36.044766338727996, 87.27284962249001, 82.42517340353812, 22.45445481762829, 27.124612131682305, 95.3190634793685, 29.62779870132168, 58.35774079365643, 71.05644920752309, 67.49212831164209, 14.635147389783212, 65.80152669092976, 109.36090044559408, 58.005561269048364, 57.92888260846748, 82.29964267173148, 111.49654069714478, 48.65782681979637, 50.35635433493448, 82.53684572547382, 89.54265412512531, 29.407711387592865, 11.91783838787448, 17.276078543245596, 21.13701064291652, 43.73227497045718, 23.9199501692679, 77.99548007186797, 42.57570742746093, 62.07304728189499, 29.197766195729407, 76.52141441090235, 64.14596103359472, 60.01602930484617, 19.405076084070696, 57.21252408171225, 67.53373101865972], [58.01944517575714, 60.503668860671546, 69.7449675032474, 47.9230432629745, 20.138095112677302, 44.5291098675601, 88.25664567493449, 24.18095601953772, 91.47723581173965, 45.70009146978322, 43.59642737541565, 78.05429778855925, 60.33354738599435, 42.2281027153612, 94.91819574719587, 0.0, 79.56917580265595, 62.403641449573264, 68.62616846689474, 43.315037862648445, 21.1235505795614, 50.42518568551968, 9.417009881396046, 57.38702199928744, 3.0525829620467206, 61.27855466852817, 72.96722673259247, 36.75782339159718, 36.445270957320034, 73.72286039978184, 17.682588802898312, 67.31491981927674, 32.77917012677947, 87.2876999350899, 31.10602076001697, 53.04700775682548, 80.32082157422043, 96.45081192919841, 16.17818115586252, 88.230436618079, 60.10983510924777, 86.21546918726972, 65.06849371718616, 47.337762108907185, 69.5673849505171, 76.35029882700069, 48.890632040968455, 72.47823071665371, 70.66764251484412, 11.261263665997395, 69.25040797461828, 40.49665082774481, 58.392853257289445, 70.50067405558704, 84.47692109725367, 36.02773489173125, 14.447983645142093, 38.23114257702496, 43.49373721249457, 28.821771929412883, 17.44154188097424, 63.19534447410045, 45.748970387166516, 46.634216376771526, 41.511846855182654, 67.34510016700254, 83.3109860588578, 93.12292657825196, 74.26327733790677, 53.343271507511844, 101.98020652356999, 58.17678150133196, 55.51750260145754, 55.99492355330284, 78.90952281533184, 36.920664562857716, 68.14453085992157, 50.019676689656116, 88.27541198957722, 51.6414506044593, 45.145557790880375], [73.9756126902631, 55.54962687018491, 47.6152353035862, 31.746757055404462, 73.66828151502506, 35.69137596659924, 75.96312929757468, 92.84580357851438, 58.313677727886144, 94.73328841015493, 99.34282010381868, 29.103169526149188, 22.23398623725202, 83.3105559357562, 69.1843075986817, 79.56917580265595, 0.0, 33.06311775205957, 38.0426564178771, 36.29198174987442, 97.69847994304904, 36.75693110325139, 81.83912545166521, 52.54884958571293, 76.9841732506571, 41.64810767061927, 77.97683354220409, 60.57731695415295, 49.791382423122926, 96.74349628286046, 88.46059227006207, 12.256479182045469, 80.90396132705926, 92.04057485531968, 64.81426085173935, 87.47739714673047, 30.362735170966936, 79.39668350617819, 71.220497958135, 95.75851339400678, 114.31999277608733, 47.79398013756067, 31.040972628772725, 32.243871434570615, 36.79499510112571, 124.36461825711632, 104.19246925585145, 58.69763546974906, 48.616136904514654, 87.80750812068727, 70.62524732625843, 72.61061906054212, 21.409993710934142, 9.086718487290268, 72.35725390180623, 46.204805481292354, 89.98952554772386, 52.40741737052631, 76.2492357131839, 89.90478588740275, 95.55142939545573, 86.16285804103941, 50.5001359624906, 102.77089005048907, 104.40803393371893, 66.46806928609557, 65.58154780093992, 82.16398945371219, 56.11309631898286, 67.12446465433383, 91.52195143405187, 107.02742632268638, 44.685017699364366, 24.920837588252088, 40.29512636662516, 90.89851111625994, 12.133798315369974, 32.39530195454446, 50.110585019361146, 32.37296589292078, 34.79780033455385], [41.033201460780276, 22.514860681082567, 16.96387919387793, 24.477119443618946, 49.53711485355491, 23.47405776691219, 46.70782122553378, 68.15497004757952, 35.84956637096016, 64.4081876928881, 69.98732004359573, 15.817587770917553, 14.995685209442318, 52.84031550351817, 44.29780330797851, 62.403641449573264, 33.06311775205957, 0.0, 8.768536439755309, 29.342452707925435, 83.21244724883003, 12.28069127503706, 68.09502223709235, 19.5281258671151, 60.689770217200056, 8.644790852371402, 45.377765616284314, 32.24732812155548, 26.12976258975593, 63.68142711073175, 65.36017140479498, 26.650043989701707, 52.56404494172797, 60.24018932372886, 37.91974274207775, 55.42014960358393, 17.983245857497778, 52.08369115207303, 49.18470713457053, 63.7391237504298, 83.5175300224777, 27.069739989268697, 2.9531151075340576, 25.85966440158113, 8.769499983597386, 92.22453485935107, 74.28757291419188, 27.555263311527163, 18.20796023036884, 67.29779883569925, 37.97914849150373, 42.243687981031044, 27.23480290000406, 27.32700003101305, 42.64695626348286, 26.923366373579427, 75.8132227134309, 25.869371390452898, 45.26817726980069, 63.28215354134423, 79.82807164083427, 53.186035627070126, 20.628387079544698, 73.17451648462601, 76.37792398450839, 33.782993662239974, 36.839286816597244, 53.12095003838199, 25.906182557939417, 34.45112076709136, 63.100207491797654, 75.70438587367744, 12.172191957796402, 17.841342177231354, 18.230323912927783, 62.17102764133215, 23.312400605042694, 16.406148874745426, 29.59483463667518, 13.636279421633592, 24.120063182474908], [38.61734045271502, 19.310638316530707, 9.597731347761352, 33.23331928727242, 54.01248291971267, 32.031368473357375, 38.96436165902171, 71.85884977464988, 27.0971067004825, 65.03664290697779, 71.21795873053493, 13.249619127685218, 23.125602685812368, 53.632951955752915, 35.62683254518809, 68.62616846689474, 38.0426564178771, 8.768536439755309, 0.0, 38.02039928747129, 89.66000105958166, 20.040921122866912, 74.93696328686808, 17.890103388045656, 67.15604407997043, 7.888647648856905, 40.149656283686504, 35.58629662885739, 32.22011156680414, 59.906018401000956, 69.74735026077097, 33.74748009956832, 54.88050941335617, 54.009643422380876, 41.69934445056713, 54.48110380492634, 14.52928864993655, 43.82448630881426, 54.43350019201955, 57.715870550950356, 83.45068120325269, 18.66774276356032, 8.428838603351354, 34.61545771223624, 1.5406431642909932, 90.69240123292609, 75.05719698292611, 20.691730147959632, 10.667352258399786, 72.50235020277306, 32.89756732146492, 43.50735783321061, 35.54779501013772, 33.82989004260433, 35.05455823040318, 34.20052156169447, 82.43536403187625, 30.777749941331884, 45.846738229519026, 66.22833702080646, 86.05404558255228, 50.367809719140766, 24.07356916269911, 74.18280664208771, 78.31092270075041, 28.83461858959655, 28.816477511275117, 45.34690376691281, 18.370158040356174, 33.08841093122536, 55.18684019477625, 75.26010245089374, 13.928462610744212, 26.446749120143217, 10.349771360249871, 63.97695046821755, 30.02993800489122, 25.053717447585438, 21.11857321449202, 22.25229620265701, 32.756014154974636], [55.40271027788558, 43.38126917906644, 44.535714243356686, 5.581150332554509, 40.17397074738942, 6.361728869043663, 72.76809824031567, 58.66303298485661, 65.09217293042953, 66.16572152576721, 69.07418877916277, 41.693197089289875, 19.57123383728045, 55.87772339615271, 72.8597452733148, 43.315037862648445, 36.29198174987442, 29.342452707925435, 38.02039928747129, 0.0, 61.63639484111318, 19.18856687603036, 45.753303926107314, 39.08225616499248, 40.697942460849724, 34.116964601362966, 65.7510034162702, 33.30391543724501, 20.630731549768516, 78.59944728318376, 53.58112045027522, 24.0379216623027, 50.612101337575545, 81.91494604119552, 34.890297512882135, 63.28847983415285, 44.1219339193044, 79.30411759975692, 36.63861618927872, 84.68297515050895, 85.60692948243438, 56.371964235611514, 30.739498619384694, 4.465720203657431, 38.11146561376598, 98.40788507494248, 74.45087803068209, 53.160279832252904, 45.80373002857806, 52.00031795610756, 58.92272374037076, 46.2325159376573, 15.105142810896208, 27.257929501379152, 68.52983683760675, 14.476952989319749, 53.91489237223211, 25.378041328958403, 50.56392667697939, 57.24541143250722, 59.32247364736356, 66.62777555523623, 28.963925028785443, 72.65802246279037, 72.38761068103973, 55.08201527299616, 63.91609423898762, 79.03612350168358, 52.73820995304316, 47.8415969728433, 89.12646768681695, 79.66650353052246, 31.564616483180195, 14.655681605530457, 47.41159860634928, 60.31855437493294, 25.242618959166997, 12.969034927750025, 58.91590517634978, 15.778261109544413, 5.326014708737333], [77.28533308742965, 81.40831014990576, 90.85997199258203, 66.74771200765112, 39.73364285671603, 63.94786362488858, 108.453818710958, 34.32647271801838, 112.54773946032907, 59.213167017742144, 54.8177889167971, 98.72873751003898, 79.93590546349955, 59.017387913699324, 115.718596410596, 21.1235505795614, 97.69847994304904, 83.21244724883003, 89.66000105958166, 61.63639484111318, 0.0, 71.09129832314831, 15.88315550228182, 78.4052468782817, 22.532518254975738, 82.37274416915145, 92.3246547395634, 57.582507705112, 57.44301709405866, 90.20891591324846, 29.758056348002594, 85.51991345857307, 49.83974221456897, 105.76545081743319, 51.698007298319354, 69.55956203336618, 101.03450542013783, 116.72507453541627, 36.7879010062744, 106.2640139349152, 68.839472567509, 107.33408989052259, 85.8074060072387, 65.95412985148134, 90.5682848065987, 85.5269904887907, 59.13891848736467, 93.32572793318379, 91.77467924542378, 22.19387634749136, 89.2339626791087, 59.6484008820843, 76.28865285128816, 88.77824723735216, 104.80144074414085, 56.49708122205358, 7.721523883354754, 59.35388141999621, 61.9856239698457, 41.86534226468193, 4.6695094064218905, 80.77695647134851, 66.86667907722686, 56.97517867656525, 49.45311769514555, 87.64067464581363, 104.01279796788955, 113.03348665175645, 95.22555090663512, 73.35361702928235, 121.52693361326358, 69.43286009870388, 76.63456077349952, 75.34730862796314, 99.96633602658943, 50.6595668808678, 86.87388348828411, 70.00316644182229, 109.3986614879868, 71.86328388976152, 64.34859308535208], [39.85015518770618, 24.912030716631072, 25.463024602527785, 15.602272012745596, 39.050938969445, 12.843986701145202, 53.667586910303925, 58.129466923079534, 46.6204816580324, 57.97684646549913, 62.68120907246398, 27.646073099636443, 14.585996905233706, 46.573812219425115, 53.83662137055091, 50.42518568551968, 36.75693110325139, 12.28069127503706, 20.040921122866912, 19.18856687603036, 71.09129832314831, 0.0, 55.86752123787287, 20.728310213686935, 48.60147570899338, 15.017566512647603, 48.04240570716777, 23.89686267840914, 14.765926985358629, 63.36492467384264, 54.71658517679311, 26.7818225700795, 44.39913104720673, 63.96380586000813, 28.604080153310296, 51.35286032075821, 29.943242995537574, 60.11806817005566, 37.984126006913186, 67.01033353945274, 77.57656837761016, 38.70699930157876, 14.732781696796563, 16.858845589466565, 20.523621665420876, 88.07586761090667, 67.46044418036999, 34.0266459709783, 26.719205246834722, 55.95173545730387, 40.89619220390083, 35.89495972335349, 23.073846351064645, 28.787885400792927, 49.43810924961066, 14.667240608955916, 63.64002896868938, 16.02082971311642, 39.64862586949879, 54.12465070673856, 67.80403137953449, 51.85607427114802, 14.043009491747648, 66.07605627714487, 68.13390823625703, 36.86302282790354, 44.727622862396956, 59.97443897088514, 33.550703225620055, 32.39883852370335, 70.07297977442362, 70.3902058165196, 12.636098805167675, 13.615087251176071, 30.187180114951683, 54.34643545217229, 24.916840802863028, 7.268756888020641, 41.13966416195077, 5.212657738331325, 13.909697985772493], [67.09982554878206, 68.41859488335591, 76.91341799992254, 50.87913210239087, 29.378751983149265, 48.163734314982655, 96.82178344509218, 32.2066026537804, 98.85397817185725, 54.84851542307476, 52.32125888577564, 83.41866946449184, 64.15441678399343, 51.64466225451924, 102.89009003376593, 9.417009881396046, 81.83912545166521, 68.09502223709235, 74.93696328686808, 45.753303926107314, 15.88315550228182, 55.86752123787287, 0.0, 65.06278752446771, 8.804711694979066, 67.91472989254426, 81.97437472189313, 44.97577146900549, 42.823781442421144, 83.13815947908056, 25.932124967103267, 69.64871086618041, 42.194610532430005, 96.50137038271832, 39.66402003222471, 62.46372174052617, 85.75779150183719, 104.94520948705257, 25.007587764145335, 97.51945844459053, 68.44576146476521, 92.99124321536722, 70.59806337967085, 50.07530123857575, 75.75474952769652, 84.8840912241972, 57.465645753165376, 80.44100589867924, 77.90568032237894, 18.36162741778811, 77.99574324346993, 49.68362319577795, 60.431660376843205, 72.90469642607506, 92.96047687660162, 41.20318081604023, 8.16179475473296, 45.345612121790836, 52.80022146311646, 37.70599963742994, 14.023044972963987, 72.56615049742523, 53.016164776143164, 55.20562708613485, 49.424625821126774, 75.90124812284192, 91.44100741545068, 101.84844373396191, 82.00617435568252, 62.136909399419, 110.86015469430865, 67.0271255999645, 62.38497523723248, 59.52600455662408, 85.28409906671729, 46.03774156497625, 70.99158881268761, 54.3609013299432, 95.15923525135898, 56.32043528351294, 48.52508939198799], [21.523823934944623, 4.3077724678632965, 13.46056333821816, 36.213510684004774, 39.965427070914735, 32.80913330099044, 34.39907925406321, 56.21558690534339, 34.202324238515615, 47.245119518694345, 53.60383853284413, 31.126301784308026, 32.61849020896747, 35.943766999822714, 37.95592066666018, 57.38702199928744, 52.54884958571293, 19.5281258671151, 17.890103388045656, 39.08225616499248, 78.4052468782817, 20.728310213686935, 65.06278752446771, 0.0, 56.560673345924165, 11.235649727734845, 27.37169431447915, 21.079343137263596, 23.933246107294437, 44.27465692296158, 55.054837062461964, 45.10753040071754, 38.12412843050099, 43.235505807572494, 27.28910754917057, 36.6704032866802, 32.387147079547034, 41.71377711794641, 41.74108787476303, 46.309351781942034, 65.56084044464644, 30.482684681346313, 21.869087543488416, 37.40544637398143, 19.417438514715204, 73.15335893756526, 57.276329604521365, 15.697708205286888, 14.044612801427993, 59.06498895120449, 20.171391379309576, 26.189736151080524, 43.316864435808455, 46.28019280676688, 30.17920631926249, 28.87598024864524, 71.77048849626301, 20.06756447493073, 28.14041335187144, 49.85173896