instance_id,num_cities,city_coordinates,distance_matrix,best_route,total_distance
423,52,"[[82.06698296874656, 71.08219195816743], [20.892779127858617, 15.373438432656705], [52.45021066922302, 93.1164761621436], [10.956680870243506, 31.19517709117191], [72.36132758588289, 92.58969899951394], [96.07063778031639, 34.67631686425807], [83.88490022430483, 92.8661699642594], [35.51024949690576, 47.06715732324231], [82.45926977852234, 22.51099916927667], [57.4708810868553, 82.67960167336507], [16.80849705210601, 55.62868141614244], [90.03114552041129, 34.85142827138505], [6.473722677356896, 69.13820610427325], [90.44438227242183, 68.16774741699058], [40.61322822268776, 24.510625407068133], [50.172106811627124, 38.10817289073487], [65.80505292657158, 40.09687316492878], [13.65421760663682, 71.90701911486303], [33.80039481814081, 18.616797114793716], [95.43510087279593, 61.78593997000611], [41.093456157982, 45.829933406828125], [21.976423541094814, 30.702070957481897], [43.003677891294664, 46.95342244382111], [13.92387221655551, 66.45453060659698], [72.71587740223607, 18.985553866470962], [57.230727994409705, 15.262543038830657], [28.49560656536505, 4.523831415597101], [95.78724532953981, 9.665431820442205], [31.846124312276036, 5.802170674703766], [83.11608583743944, 49.06518948863765], [42.19022928841728, 90.08421330541445], [27.73185457521269, 89.29457964839041], [96.8230716853415, 4.891920128042182], [88.0792026658065, 65.75987719192345], [68.89410947590294, 26.70937293316712], [5.107404465706422, 72.04986606917174], [10.612857762455885, 85.4723662560808], [33.03109882353639, 86.29059647122959], [73.68441520138227, 71.01053471497781], [94.38176391620712, 67.88819935695405], [75.33065976803725, 65.10229901226413], [68.22861592206479, 68.64341416043428], [2.982123827516203, 31.332033340653854], [27.925444569024904, 28.23912527243422], [87.75647504168961, 5.999476101032353], [8.152054014399512, 51.931245650202605], [24.051052721296916, 14.994370631577869], [9.908325445007415, 85.34959946849784], [94.76538205331632, 3.73415757985901], [78.15795869350954, 52.28430097441422], [52.88989023571666, 67.84312149400607], [9.957035878750576, 99.69937906962481]]","[[0.0, 82.73903815571349, 36.91426393446602, 81.53311609119505, 23.596029444473924, 39.006282691829696, 21.859700842370994, 52.385602221265664, 48.57277692161235, 27.193163476994275, 67.06326097204676, 37.09576960351149, 75.61825231041729, 8.869881965213208, 62.348412919414905, 45.875582378182315, 34.993432946986225, 68.41773749788504, 71.29011984680136, 16.282717135784143, 48.13009932730381, 72.39771753555598, 45.91447834671028, 68.30006436724781, 52.92922515749897, 61.095603496718866, 85.43949746965723, 62.93062867208521, 82.36270893409626, 22.041983000002062, 44.172755170612646, 57.30617107189064, 67.81514756422706, 8.029559150831027, 46.286841156897836, 76.96566193147892, 72.88874484665372, 51.34017434461441, 8.38287403787963, 12.722241096620653, 9.007617326956034, 14.051620535205327, 88.51265477605864, 69.04226635421752, 65.33092853609737, 76.35558569493605, 80.69505476570654, 73.5556304622162, 68.5347143711332, 19.200030630742816, 29.35633352146736, 77.58084729811979], [82.73903815571349, 0.0, 83.90382232590078, 18.68297253552915, 92.7974265607877, 77.61643864101278, 99.86556343634372, 34.9021812657237, 61.978847555494305, 76.60337559864865, 40.461907366482265, 71.82969995474338, 55.66470543985353, 87.31932524425582, 21.734403564558686, 37.06949123595871, 51.26753907426683, 56.99510959414014, 13.308866155650247, 87.81046651783724, 36.54675688193254, 15.366888438960789, 38.55109900213374, 51.55427859277045, 51.948829560087134, 36.33811808028112, 13.248281302460695, 75.11166625178709, 14.545959481018423, 70.75926785300113, 77.68707270472592, 74.23683769942687, 76.65031998520887, 83.98100212942124, 49.32171049529753, 58.8336256137733, 70.84868711043617, 71.94846842916397, 76.69708809366645, 90.32403334748855, 73.73223462733493, 71.26269542366282, 23.988920874546153, 14.662342277637597, 67.51759030839276, 38.71432996930179, 3.180940818189551, 70.83305256746087, 74.78391753413727, 68.13011495853183, 61.4563484093146, 85.03208067970513], [36.91426393446602, 83.90382232590078, 0.0, 74.5383142673318, 19.918084020506768, 72.92457665366626, 31.435686100625652, 49.06630259196636, 76.71816610174986, 11.581687292316435, 51.72684510467361, 69.33355947880972, 51.853590840310865, 45.453230268183844, 69.61951530474248, 55.05545555151886, 54.675681191009716, 44.21504433959866, 76.7985534332348, 53.191195548700115, 48.63119368038247, 69.45653085910766, 47.119682831330714, 46.85230085466902, 76.85109555849289, 78.00056569452362, 91.77406910974561, 94.03284200145241, 89.71240893744017, 53.67412558602176, 10.6986838427341, 25.01207750172177, 98.75486358742067, 44.92002424209119, 68.41275588096322, 51.818368944159495, 42.52994844226059, 20.58384168298326, 30.652309690773624, 48.935887733481735, 36.17055532264135, 29.118530801920855, 79.14801949853567, 69.35801908024695, 93.99948937939057, 60.48594791633012, 83.12385665186682, 43.24507338419755, 98.89273281900043, 48.250956871772296, 25.277178922946703, 43.000052493723395], [81.53311609119505, 18.68297253552915, 74.5383142673318, 0.0, 86.832125153231, 85.18511604153338, 95.50830613149043, 29.236919960752473, 72.02801654054798, 69.38455733339072, 25.12448778034413, 79.15894853017846, 38.2069413176221, 87.665646810478, 30.400559733090816, 39.82008466451218, 55.56603378160914, 40.80111255108338, 26.077785752695906, 89.84652591857244, 33.50225838898454, 11.030769791400047, 35.71179517556562, 35.38398274376906, 62.95453324079562, 48.94012939393784, 31.921381465798092, 87.52002398254547, 32.881204694850645, 74.33920276883094, 66.65923141645705, 60.4726965690932, 89.8047793743717, 84.51391519248168, 58.11082577609663, 41.27129324295248, 54.27827814119339, 59.35305522583563, 74.29691350944185, 91.13793043636173, 72.75783171662971, 68.42839326022285, 7.975731293162646, 17.224319545925283, 80.82717199779421, 20.924876847554987, 20.830955429717665, 54.16456878919504, 88.19300418170536, 70.43268337386081, 55.6908060333286, 68.51149523119231], [23.596029444473924, 92.7974265607877, 19.918084020506768, 86.832125153231, 0.0, 62.57868023728243, 11.526888675932202, 58.56879507884534, 70.80249011456013, 17.88673882948331, 66.72506126720927, 60.38153999786761, 69.93674999310122, 30.387967781598583, 75.11792112659245, 58.82684936073186, 52.90067581334306, 62.243859209774556, 83.42023584937152, 38.487278210388524, 56.25082632206095, 79.80424211952278, 54.26362808970513, 64.01549200754654, 73.60499905806894, 78.79355362569532, 98.38596705810171, 86.1696449413519, 95.77868640272435, 44.833556107136815, 30.274950553860027, 44.7509516407002, 91.04546854938447, 31.094869918607827, 65.97150115034786, 70.32051558301444, 62.157300061339704, 39.83146478803342, 21.619687603138203, 33.09174671680614, 27.647316174758064, 24.300285251218654, 92.55255542726873, 78.20194395596705, 87.94815101407623, 75.99960948146853, 91.40523859177696, 62.87126941320031, 91.63650417579086, 40.72009383780466, 31.488568889639247, 62.807986547637356], [39.006282691829696, 77.61643864101278, 72.92457665366626, 85.18511604153338, 62.57868023728243, 0.0, 59.4520916670198, 61.814994591259655, 18.25552775189177, 61.59753703889984, 81.98468474741907, 6.042030350996231, 95.99598432204341, 33.960722482135424, 56.381429191227, 46.0266529401193, 30.747163400027137, 90.43556548348496, 64.30778594503012, 27.11707159883841, 56.09718050948581, 74.20072246450968, 54.468610715482534, 88.07920277364724, 28.136184456501475, 43.42157535514137, 73.997008199206, 25.012490518861355, 70.4166489431459, 19.361303454088958, 77.28604924103588, 87.48339224967616, 29.7938994715653, 32.09440383981349, 28.32023810425563, 98.34171035334028, 99.41464076984603, 81.47402856880234, 42.67690649727486, 33.25479564871083, 36.82237197167783, 43.919720853885906, 93.14856768746863, 68.44855581671607, 29.857771152645906, 89.59581429292643, 74.66056281317103, 99.95861962260426, 30.96967732628142, 25.11782587109081, 54.44826799686404, 107.90528740995204], [21.859700842370994, 99.86556343634372, 31.435686100625652, 95.50830613149043, 11.526888675932202, 59.4520916670198, 0.0, 66.61573681863689, 70.36961332677005, 28.310185102513966, 76.71945265635377, 58.33940850686475, 80.96608350504489, 25.554625433823247, 80.90066791767353, 64.30389321954003, 55.78063788632393, 73.29143732572972, 89.56241985519956, 33.15701783206816, 63.58864076836263, 87.73274582822536, 61.47564334203036, 74.78047962844519, 74.72009439092464, 82.05344483470539, 104.27052619164598, 84.04777597700101, 101.43063723902209, 43.807727242887744, 41.78737688948228, 56.26651573585692, 88.92055395126792, 27.428876769389937, 67.83395610367651, 81.48136195381512, 73.64414803503446, 51.27716142368876, 24.118845056355983, 27.093969126464042, 29.05180820573294, 28.842002997092827, 101.64501561179146, 85.48751711702948, 86.95292746247371, 86.08793192806253, 98.20441150133036, 74.35746397030184, 89.79365521307368, 40.983971867134905, 39.835205521464644, 74.24299208256845], [52.385602221265664, 34.9021812657237, 49.06630259196636, 29.236919960752473, 58.56879507884534, 61.814994591259655, 66.61573681863689, 0.0, 52.983161558048025, 41.839162663945366, 20.56830667069807, 55.87264213793984, 36.47260731065202, 58.84720763215887, 23.126554519884024, 17.18235903417104, 31.086331016858978, 33.086324422868, 28.50169466914151, 61.70599950592488, 5.718646661547936, 21.236301390802012, 7.4942914758255075, 29.0145123501629, 46.613680401071605, 38.513798513529316, 43.117743386465975, 70.9380384363297, 41.427345274259395, 47.64774691646639, 43.53262265690334, 42.93784605431712, 74.4178258025732, 55.793481817888605, 39.101425707639855, 39.3505873180447, 45.769424164540574, 39.30170946227567, 45.06164941672576, 62.444943761617715, 43.71420146707849, 39.19217218572411, 36.13409866471046, 20.298375715811908, 66.45466518345782, 27.787231155901384, 34.058432684302026, 46.05435801055105, 73.40926100321296, 42.96563379719944, 27.086760593230693, 58.50741399323209], [48.57277692161235, 61.978847555494305, 76.71816610174986, 72.02801654054798, 70.80249011456013, 18.25552775189177, 70.36961332677005, 52.983161558048025, 0.0, 65.15121101484473, 73.53097875711936, 14.478242043658817, 89.15099435689109, 46.34976463905029, 41.89379069723219, 35.85711534058751, 24.220361333860275, 84.70007078415374, 48.81445402799445, 41.36294437643335, 47.48582136242913, 61.03497641532953, 46.41309930077347, 81.41335685352622, 10.361585765767138, 26.249179736283526, 56.88246787176235, 18.510632965999882, 53.29986344868494, 26.562312227140463, 78.66215666177766, 86.34313288528341, 22.732152372347194, 43.61248784322396, 14.199997052713956, 91.85537763842427, 95.53031280709637, 80.6906507344847, 49.286945746299644, 46.91733329309836, 43.18374581942668, 48.27744009471394, 79.96516349242421, 54.83383554552511, 17.34043764249597, 79.91941702499048, 58.88989322776624, 95.98087940444212, 22.450171032620656, 30.082399795060585, 54.123465530310646, 105.89910250846172], [27.193163476994275, 76.60337559864865, 11.581687292316435, 69.38455733339072, 17.88673882948331, 61.59753703889984, 28.310185102513966, 41.839162663945366, 65.15121101484473, 0.0, 48.83832267955209, 57.859355258704355, 52.76437775433435, 36.025625523962965, 60.562449256596224, 45.1650790948694, 43.390634789976424, 45.1214863841879, 68.29593580958615, 43.33390223981236, 40.32515466374184, 62.94060863852821, 38.544258335621635, 46.471441904374394, 65.49306557707376, 67.4174863699327, 83.35400985064084, 82.45733907960856, 81.03559438117473, 42.280080809101285, 16.98018235492741, 30.4658436855153, 87.17521611728962, 34.97351035295692, 57.12404618073219, 53.431497853500794, 46.941174717772356, 24.705105555504964, 19.976131060900034, 39.764291188553436, 25.058596596392775, 17.684553109503053, 74.87053787271483, 61.94108725062432, 82.44427729676457, 58.11891346136771, 75.48625987001539, 47.63743892580593, 87.31129907095789, 36.76723384323843, 15.52760835707574, 50.4701724692711], [67.06326097204676, 40.461907366482265, 51.72684510467361, 25.12448778034413, 66.72506126720927, 81.98468474741907, 76.71945265635377, 20.56830667069807, 73.53097875711936, 48.83832267955209, 0.0, 76.11340550096507, 17.00925685255493, 74.6958617886771, 39.17905863962982, 37.68419662371074, 51.399412011345966, 16.581126531502537, 40.725964313049765, 78.86732315271553, 26.187300382515765, 25.45669603765181, 27.594340315264617, 11.203574034045557, 66.84574761520439, 57.126017556357084, 52.42417593394434, 91.37977343409696, 52.04624296029938, 66.63164230909588, 42.79504654850188, 35.393678014042116, 94.74466264515, 71.98718362682321, 59.575476705566345, 20.163602682169188, 30.480017569434292, 34.68898734583926, 58.91919446351982, 78.5360268418904, 59.2840025580888, 53.04160530193287, 27.955244664459606, 29.559673676197338, 86.58333327505815, 9.41302487558109, 41.274711695636476, 30.511396855637972, 93.64997342918213, 61.44055113871504, 38.09277464934823, 44.600099908796764], [37.09576960351149, 71.82969995474338, 69.33355947880972, 79.15894853017846, 60.38153999786761, 6.042030350996231, 58.33940850686475, 55.87264213793984, 14.478242043658817, 57.859355258704355, 76.11340550096507, 0.0, 90.31847012840076, 33.31888182435079, 50.488243719932534, 39.99186607679139, 24.787461638830614, 84.89141258281164, 58.52743436484687, 27.471269608333017, 50.154012951533346, 68.18109965232668, 48.55966406965032, 82.40796761817194, 23.484984152364316, 38.20460462475982, 68.6031025940898, 25.83538469308238, 65.03349952070467, 15.806614386393333, 73.07129264308912, 82.73607667839963, 30.71973940678683, 30.970022531169942, 22.65099021847496, 92.71335162382152, 94.17931722440878, 76.77886003671725, 39.68244663477964, 33.322006605036925, 33.63360613935303, 40.21502961844585, 87.12013727243877, 62.45671014080848, 28.941480090470282, 83.64153147535983, 68.90337715881834, 94.70866692699487, 31.475347985990535, 21.0921221337857, 49.67821117772251, 103.03940876012258], [75.61825231041729, 55.66470543985353, 51.853590840310865, 38.2069413176221, 69.93674999310122, 95.99598432204341, 80.96608350504489, 36.47260731065202, 89.15099435689109, 52.76437775433435, 17.00925685255493, 90.31847012840076, 0.0, 83.97626725982761, 56.188315491436754, 53.59488536399285, 66.0575943252192, 7.69583217833042, 57.4383127935715, 89.26467737991902, 41.734895739752126, 41.44478518574985, 42.738767576912686, 7.918765202558372, 83.08616966186833, 74.01932625670422, 68.26405193354366, 107.30291799181188, 68.22911510974863, 79.22738053737206, 41.4053627223356, 29.294838559661326, 110.86293396760829, 81.67537860570509, 75.47523151565457, 3.2163005466965346, 16.850437000790073, 31.61484972398446, 67.23676675737423, 87.91692801343626, 68.97511385684871, 61.75687539645247, 37.96706416831365, 46.18345141938583, 102.92417139983974, 17.28861718428777, 56.925543046754534, 16.571233236581328, 109.877689631446, 73.63887432155495, 46.43423149954655, 30.759043611223326], [8.869881965213208, 87.31932524425582, 45.453230268183844, 87.665646810478, 30.387967781598583, 33.960722482135424, 25.554625433823247, 58.84720763215887, 46.34976463905029, 36.025625523962965, 74.6958617886771, 33.31888182435079, 83.97626725982761, 0.0, 66.25019408362199, 50.25369828668979, 37.350642991631936, 76.88115206101484, 75.25847454321361, 8.101526920186489, 54.170950177244535, 78.04830738333332, 51.96795181883485, 76.53968624869947, 52.279900988553656, 62.466851055533326, 88.8155327383429, 58.74578381301302, 85.57582017346871, 20.460001174121544, 52.99806371219767, 66.17555568566793, 63.596525044433996, 3.375190897166242, 46.724844274168824, 85.42523413145234, 81.68550751970321, 60.20567061519035, 16.999351041846516, 3.9472929111845136, 15.42146497131777, 22.220858070391312, 94.90266847563929, 74.18161792468524, 62.22635136094368, 83.87878921246424, 85.06163769671817, 82.34848200925387, 64.5783132205092, 20.080838509749622, 37.555895064887295, 86.44337293380119], [62.348412919414905, 21.734403564558686, 69.61951530474248, 30.400559733090816, 75.11792112659245, 56.381429191227, 80.90066791767353, 23.126554519884024, 41.89379069723219, 60.562449256596224, 39.17905863962982, 50.488243719932534, 56.188315491436754, 66.25019408362199, 0.0, 16.621235136073825, 29.623624880838385, 54.527116097412005, 9.008435543251956, 66.29394238262388, 21.324715999479743, 19.63834226057747, 22.56974497975179, 49.71531863932012, 32.574629696649986, 19.017579397833043, 23.37324728589331, 57.13625763323673, 20.660793533862226, 49.085838310614186, 65.59254806930025, 66.05218023795736, 59.53520050290684, 62.884970403469154, 28.366225253670677, 59.33500588515371, 67.94377142235581, 62.24350175652156, 57.060888302090056, 69.08450877297375, 53.413331848676066, 52.0606634699957, 38.24436722181041, 13.224279386348025, 50.647293800041055, 42.49256694410252, 19.1014335140301, 68.14816079274715, 58.001011886613796, 46.7010047070387, 45.03800225705663, 81.19821923144069], [45.875582378182315, 37.06949123595871, 55.05545555151886, 39.82008466451218, 58.82684936073186, 46.0266529401193, 64.30389321954003, 17.18235903417104, 35.85711534058751, 45.1650790948694, 37.68419662371074, 39.99186607679139, 53.59488536399285, 50.25369828668979, 16.621235136073825, 0.0, 15.758931848743297, 49.75859963936093, 25.45479686103602, 51.08204464625142, 11.918367470372267, 29.152133728732604, 11.385289317458346, 46.01576367958008, 29.561734570034027, 23.911230339157456, 39.97222354641856, 53.75621249306981, 37.14188220525084, 34.71832321382873, 52.58535105886361, 55.88929376181155, 57.268071132557125, 46.92083403839188, 21.919079000582965, 56.416894041994006, 61.711433288202244, 51.14059148013449, 40.44000568036989, 53.30425646825266, 36.90034731442945, 35.474476467653076, 47.67400299159753, 24.337462518280514, 49.43230871389665, 44.235304651322735, 34.87918178033091, 62.071929847887944, 56.30393525654649, 31.371492042928786, 29.85889340178962, 73.55765499733405], [34.993432946986225, 51.26753907426683, 54.675681191009716, 55.56603378160914, 52.90067581334306, 30.747163400027137, 55.78063788632393, 31.086331016858978, 24.220361333860275, 43.390634789976424, 51.399412011345966, 24.787461638830614, 66.0575943252192, 37.350642991631936, 29.623624880838385, 15.758931848743297, 0.0, 61.08678261230553, 38.54467288429271, 36.719958607964976, 25.367912696763483, 44.82422405716049, 23.809976302239953, 58.19263714317878, 22.213673659592665, 26.272856731888094, 51.5503257708372, 42.720071203025086, 48.26318940480277, 19.496219072508733, 55.28466396553153, 62.209185462717315, 46.92021106142633, 33.981281940141756, 13.73926609467862, 68.59444791101804, 71.45007893836801, 56.63913965136596, 31.90201906288518, 39.86209004175153, 26.7583352902374, 28.649234900799705, 63.43140261518843, 39.692202186362486, 40.55240337401849, 58.855081817011516, 48.71890974333237, 71.9183799946438, 46.48599517973188, 17.353030787106565, 30.604831704652046, 81.67900414606578], [68.41773749788504, 56.99510959414014, 44.21504433959866, 40.80111255108338, 62.243859209774556, 90.43556548348496, 73.29143732572972, 33.086324422868, 84.70007078415374, 45.1214863841879, 16.581126531502537, 84.89141258281164, 7.69583217833042, 76.88115206101484, 54.527116097412005, 49.75859963936093, 61.08678261230553, 0.0, 56.97118760438468, 82.40478815487363, 37.85401182572101, 42.03697020799662, 38.523665529408575, 5.459152364737938, 79.30297057391907, 71.46683795652277, 68.99826672271386, 103.05265368664777, 68.56235451676896, 73.12113455620677, 33.8336275226841, 22.372016536872415, 106.80862222207656, 74.67841558896649, 71.37417512023508, 8.548006792132059, 13.902104616335665, 24.13194611423654, 60.03689122150996, 80.8275178723829, 62.05068680815134, 54.67189468812617, 41.955012289446685, 45.94075392987826, 99.17131028221205, 20.719684594780237, 57.85450490483356, 13.954736638521172, 105.95546256690645, 67.42242713980127, 39.445573522629026, 28.037197159917074], [71.29011984680136, 13.308866155650247, 76.7985534332348, 26.077785752695906, 83.42023584937152, 64.30778594503012, 89.56241985519956, 28.50169466914151, 48.81445402799445, 68.29593580958615, 40.725964313049765, 58.52743436484687, 57.4383127935715, 75.25847454321361, 9.008435543251956, 25.45479686103602, 38.54467288429271, 56.97118760438468, 0.0, 75.24899923120225, 28.173454359654347, 16.90739899018095, 29.793703267003874, 51.80274989191334, 38.91722968422764, 23.669210657668366, 15.058302049219229, 62.629837752906944, 12.96278612062798, 57.958105376750275, 71.95818855003257, 70.93783281540553, 64.4998453316677, 71.89338620848571, 36.01469966356169, 60.64965418902411, 70.76248299709515, 67.67817178132441, 65.84708666029019, 78.0882408606117, 62.33510081381374, 60.72861616579001, 33.33831218179769, 11.274051605474773, 55.411689945843904, 42.04390404331249, 10.400559838181596, 70.88087110715527, 62.75525976451626, 55.687469767399016, 52.79810457947413, 84.51562495760474], [16.282717135784143, 87.81046651783724, 53.191195548700115, 89.84652591857244, 38.487278210388524, 27.11707159883841, 33.15701783206816, 61.70599950592488, 41.36294437643335, 43.33390223981236, 78.86732315271553, 27.471269608333017, 89.26467737991902, 8.101526920186489, 66.29394238262388, 51.08204464625142, 36.719958607964976, 82.40478815487363, 75.24899923120225, 0.0, 56.63575280470141, 79.76455471016398, 54.489060296812646, 81.64481695479495, 48.45653893662776, 60.1996724994952, 88.08998225809499, 52.12169774179629, 84.72154604658715, 17.708066643498245, 60.297666818894875, 73.07841552870723, 56.91094760021365, 8.360706637320217, 43.98624534351401, 90.90897049895827, 88.06735897297749, 67.042804699736, 23.62594919544184, 6.1925025934358695, 20.376132838001347, 28.05740144145121, 97.3395777344669, 75.38529346368904, 56.31243952856641, 87.83760737304831, 85.35299228292156, 88.7134452269566, 58.055645392762266, 19.717524831627046, 42.97422944240105, 93.50897528840073], [48.13009932730381, 36.54675688193254, 48.63119368038247, 33.50225838898454, 56.25082632206095, 56.09718050948581, 63.58864076836263, 5.718646661547936, 47.48582136242913, 40.32515466374184, 26.187300382515765, 50.154012951533346, 41.734895739752126, 54.170950177244535, 21.324715999479743, 11.918367470372267, 25.367912696763483, 37.85401182572101, 28.173454359654347, 56.63575280470141, 0.0, 24.378538888979136, 2.216117029099203, 34.11099970981404, 41.4800944822429, 34.56554492890727, 43.18448652083499, 65.56890840127298, 41.08205125847359, 42.14698431788096, 44.2678687158312, 45.4720559218606, 69.14991668860755, 51.03785883219047, 33.74125305512758, 44.52505794737345, 50.005893260263406, 41.25611301854926, 41.18535290134811, 57.673311336022664, 39.288804856676066, 35.450977412723844, 40.77576189762716, 21.973462631728463, 61.35065330157514, 33.501671395265824, 35.23173919302218, 50.341994231567746, 68.21092267216957, 37.62228340895373, 24.97471334593878, 62.22052590441468], [72.39771753555598, 15.366888438960789, 69.45653085910766, 11.030769791400047, 79.80424211952278, 74.20072246450968, 87.73274582822536, 21.236301390802012, 61.03497641532953, 62.94060863852821, 25.45669603765181, 68.18109965232668, 41.44478518574985, 78.04830738333332, 19.63834226057747, 29.152133728732604, 44.82422405716049, 42.03697020799662, 16.90739899018095, 79.76455471016398, 24.378538888979136, 0.0, 26.5753993505373, 36.64808253914442, 52.07464787082898, 38.48694590166683, 26.977768121477986, 76.75009836650125, 26.784622965517915, 63.837782134879504, 62.728277296771125, 58.87450263979032, 79.17186763154633, 74.82397467377731, 47.087268884388045, 44.6565108933076, 55.936713116710564, 56.67706779988537, 65.56286031000873, 81.39620052667014, 63.482676484072435, 59.8231629395377, 19.0047434661314, 6.438707373242658, 70.26544931944, 25.333595302378125, 15.844113599812125, 55.964197162284826, 77.62409956474133, 60.1843629573811, 48.3228730316828, 70.03637773685683], [45.91447834671028, 38.55109900213374, 47.119682831330714, 35.71179517556562, 54.26362808970513, 54.468610715482534, 61.47564334203036, 7.4942914758255075, 46.41309930077347, 38.544258335621635, 27.594340315264617, 48.55966406965032, 42.738767576912686, 51.96795181883485, 22.56974497975179, 11.385289317458346, 23.809976302239953, 38.523665529408575, 29.793703267003874, 54.489060296812646, 2.216117029099203, 26.5753993505373, 0.0, 35.01325916930435, 40.80461337321942, 34.737886983784634, 44.8414353965237, 64.62584031358483, 42.637032308006084, 40.16795776846904, 43.138461017704685, 45.01113396504998, 68.30590842247078, 48.84143398683183, 32.865422380171715, 45.452821938657976, 50.32766894095938, 40.58159180866752, 38.9878480134213, 55.47947916109116, 37.073109904023745, 33.26790103572723, 42.96222279156998, 24.03285332081452, 60.66332148697777, 35.20531793253057, 37.15619724315286, 50.69091401478459, 67.43277299012668, 35.556177024940574, 23.110965382828567, 62.24320435739479], [68.30006436724781, 51.55427859277045, 46.85230085466902, 35.38398274376906, 64.01549200754654, 88.07920277364724, 74.78047962844519, 29.0145123501629, 81.41335685352622, 46.471441904374394, 11.203574034045557, 82.40796761817194, 7.918765202558372, 76.53968624869947, 49.71531863932012, 46.01576367958008, 58.19263714317878, 5.459152364737938, 51.80274989191334, 81.64481695479495, 34.11099970981404, 36.64808253914442, 35.01325916930435, 0.0, 75.56324256215925, 67.05298910937681, 63.62190616618138, 99.63239231484572, 63.24488821628578, 71.34389679765738, 36.842215549024516, 26.689477646602924, 103.25808579234767, 74.15858397653052, 67.83365346813297, 10.442120595956972, 19.30390865876739, 27.54188841740089, 59.933960917637584, 80.4706638647813, 61.421674412844894, 54.348839915248504, 36.787384685585174, 40.69964659792257, 95.42571380505775, 15.628169799543718, 52.447191055672114, 19.317045404783467, 102.31908377863952, 65.77851680721905, 38.99075204355755, 33.48067711174035], [52.92922515749897, 51.948829560087134, 76.85109555849289, 62.95453324079562, 73.60499905806894, 28.136184456501475, 74.72009439092464, 46.613680401071605, 10.361585765767138, 65.49306557707376, 66.84574761520439, 23.484984152364316, 83.08616966186833, 52.279900988553656, 32.574629696649986, 29.561734570034027, 22.213673659592665, 79.30297057391907, 38.91722968422764, 48.45653893662776, 41.4800944822429, 52.07464787082898, 40.80461337321942, 75.56324256215925, 0.0, 15.926413965655682, 46.52498005515247, 24.88277904475083, 42.94343151187697, 31.82685681398643, 77.37463774896499, 83.46808621326342, 27.924672391209338, 49.232804975018745, 8.617615160693115, 85.94606938281215, 90.97956512376886, 78.13354216256162, 52.03399559668543, 53.487188881115614, 46.19081369344495, 49.86019057891984, 70.81830231674702, 45.73632535689397, 19.871028989006945, 72.48383197351251, 48.8282162774869, 91.37272640962335, 26.810179858577786, 33.74052174670078, 52.72695403307647, 102.2418396171315], [61.095603496718866, 36.33811808028112, 78.00056569452362, 48.94012939393784, 78.79355362569532, 43.42157535514137, 82.05344483470539, 38.513798513529316, 26.249179736283526, 67.4174863699327, 57.126017556357084, 38.20460462475982, 74.01932625670422, 62.466851055533326, 19.017579397833043, 23.911230339157456, 26.272856731888094, 71.46683795652277, 23.669210657668366, 60.1996724994952, 34.56554492890727, 38.48694590166683, 34.737886983784634, 67.05298910937681, 15.926413965655682, 0.0, 30.676165517693253, 38.96065557719991, 27.09015964085354, 42.57547014035606, 76.31840500695982, 79.69269714071048, 40.92802827523747, 59.17439603511743, 16.342104583336695, 77.08204014314995, 84.27719205788007, 75.03736686747145, 58.12540235240238, 64.417848248571, 53.0246056628559, 54.50202694001863, 56.578614092399654, 32.04982563302972, 31.90024516972636, 61.26426357051365, 33.180758997787024, 84.56716420705514, 39.26517447576699, 42.52716244207097, 52.7594551064371, 96.76973310460947], [85.43949746965723, 13.248281302460695, 91.77406910974561, 31.921381465798092, 98.38596705810171, 73.997008199206, 104.27052619164598, 43.117743386465975, 56.88246787176235, 83.35400985064084, 52.42417593394434, 68.6031025940898, 68.26405193354366, 88.8155327383429, 23.37324728589331, 39.97222354641856, 51.5503257708372, 68.99826672271386, 15.058302049219229, 88.08998225809499, 43.18448652083499, 26.977768121477986, 44.8414353965237, 63.62190616618138, 46.52498005515247, 30.676165517693253, 0.0, 67.48778187413845, 3.586101007185776, 70.47928301921014, 86.64941800530528, 84.77418871950407, 68.32845658305058, 85.44037819778701, 46.08944879080852, 71.46169151013876, 82.90028949026025, 81.89245726980559, 80.3897390315609, 91.41131688728471, 76.57201149805046, 75.43230689771863, 37.0083435439784, 23.722146770859652, 59.2792380164075, 51.58801270455544, 11.374807705900439, 82.93546768897197, 66.27448021667402, 68.90146349228378, 67.85582931350322, 96.9642381207974], [62.93062867208521, 75.11166625178709, 94.03284200145241, 87.52002398254547, 86.1696449413519, 25.012490518861355, 84.04777597700101, 70.9380384363297, 18.510632965999882, 82.45733907960856, 91.37977343409696, 25.83538469308238, 107.30291799181188, 58.74578381301302, 57.13625763323673, 53.75621249306981, 42.720071203025086, 103.05265368664777, 62.629837752906944, 52.12169774179629, 65.56890840127298, 76.75009836650125, 64.62584031358483, 99.63239231484572, 24.88277904475083, 38.96065557719991, 67.48778187413845, 0.0, 64.05772196718007, 41.3871862680561, 96.6427469810335, 104.74892550536919, 4.884603373545608, 56.62155705418234, 31.83923184840055, 110.06657610566528, 114.02353970105045, 99.04418096003037, 65.2054963083278, 58.23972903108256, 59.090761857322306, 65.0990050286098, 95.30074605395806, 70.35770100641714, 8.82793876014619, 97.29504496906925, 71.93385099367163, 114.46956850234443, 6.018655885851921, 46.121142172096114, 72.282962375646, 124.39025890975124], [82.36270893409626, 14.545959481018423, 89.71240893744017, 32.881204694850645, 95.77868640272435, 70.4166489431459, 101.43063723902209, 41.427345274259395, 53.29986344868494, 81.03559438117473, 52.04624296029938, 65.03349952070467, 68.22911510974863, 85.57582017346871, 20.660793533862226, 37.14188220525084, 48.26318940480277, 68.56235451676896, 12.96278612062798, 84.72154604658715, 41.08205125847359, 26.784622965517915, 42.637032308006084, 63.24488821628578, 42.94343151187697, 27.09015964085354, 3.586101007185776, 64.05772196718007, 0.0, 67.08425859832197, 84.91444646090773, 83.59371729800432, 64.98332282962927, 82.20149434115748, 42.54014939983891, 71.44029874035768, 82.45114718638293, 80.49714809727847, 77.4762758870764, 88.12140022835518, 73.535093966449, 72.61341183672074, 38.534457459869444, 22.77693265718098, 55.910698869870124, 51.85846628445453, 12.052372428515723, 82.5170312532175, 62.95323401417839, 65.61535217427445, 65.5127442777636, 96.41482218419495], [22.041983000002062, 70.75926785300113, 53.67412558602176, 74.33920276883094, 44.833556107136815, 19.361303454088958, 43.807727242887744, 47.64774691646639, 26.562312227140463, 42.280080809101285, 66.63164230909588, 15.806614386393333, 79.22738053737206, 20.460001174121544, 49.085838310614186, 34.71832321382873, 19.496219072508733, 73.12113455620677, 57.958105376750275, 17.708066643498245, 42.14698431788096, 63.837782134879504, 40.16795776846904, 71.34389679765738, 31.82685681398643, 42.57547014035606, 70.47928301921014, 41.3871862680561, 67.08425859832197, 0.0, 57.943818040861295, 68.45302699759469, 46.25104525346762, 17.416805854181828, 26.496172279971937, 81.32434891758014, 81.13076236218255, 62.4038207900962, 23.886284518323773, 21.93675461587614, 17.826994725834144, 24.595602082090437, 82.07263060470643, 58.9892518545222, 43.31499603544121, 75.01879994432721, 68.1872336629196, 81.70639258505003, 46.80393740103444, 5.911489113009777, 35.58417669346651, 88.97228638953415], [44.172755170612646, 77.68707270472592, 10.6986838427341, 66.65923141645705, 30.274950553860027, 77.28604924103588, 41.78737688948228, 43.53262265690334, 78.66215666177766, 16.98018235492741, 42.79504654850188, 73.07129264308912, 41.4053627223356, 52.99806371219767, 65.59254806930025, 52.58535105886361, 55.28466396553153, 33.8336275226841, 71.95818855003257, 60.297666818894875, 44.2678687158312, 62.728277296771125, 43.138461017704685, 36.842215549024516, 77.37463774896499, 76.31840500695982, 86.64941800530528, 96.6427469810335, 84.91444646090773, 57.943818040861295, 0.0, 14.479921293285368, 101.20510997566531, 51.93718518549903, 68.77112482194413, 41.23558629471922, 31.91237261149733, 9.913687485356796, 36.81968171089592, 56.71524770292408, 41.501616524237136, 33.72988951151035, 70.63352026088432, 63.46888211476301, 95.63747060006139, 51.12970092699933, 77.24968737357257, 32.627256763937154, 101.09638377340211, 52.177686138705326, 24.680942229798696, 33.63673839804068], [57.30617107189064, 74.23683769942687, 25.01207750172177, 60.4726965690932, 44.7509516407002, 87.48339224967616, 56.26651573585692, 42.93784605431712, 86.34313288528341, 30.4658436855153, 35.393678014042116, 82.73607667839963, 29.294838559661326, 66.17555568566793, 66.05218023795736, 55.88929376181155, 62.209185462717315, 22.372016536872415, 70.93783281540553, 73.07841552870723, 45.4720559218606, 58.87450263979032, 45.01113396504998, 26.689477646602924, 83.46808621326342, 79.69269714071048, 84.77418871950407, 104.74892550536919, 83.59371729800432, 68.45302699759469, 14.479921293285368, 0.0, 109.07522732438738, 64.7741047123133, 74.90820601307061, 28.447247479972944, 17.540506466220652, 6.091461608847011, 49.456487210767826, 70.00316801648601, 53.39393877737016, 45.458314042591205, 63.02543888431066, 61.05576128540346, 102.66951513039155, 42.18278461009131, 74.39132585342072, 18.254891379436394, 108.69259234512215, 62.55040131026092, 33.06193907266317, 20.59621398918303], [67.81514756422706, 76.65031998520887, 98.75486358742067, 89.8047793743717, 91.04546854938447, 29.7938994715653, 88.92055395126792, 74.4178258025732, 22.732152372347194, 87.17521611728962, 94.74466264515, 30.71973940678683, 110.86293396760829, 63.596525044433996, 59.53520050290684, 57.268071132557125, 46.92021106142633, 106.80862222207656, 64.4998453316677, 56.91094760021365, 69.14991668860755, 79.17186763154633, 68.30590842247078, 103.25808579234767, 27.924672391209338, 40.92802827523747, 68.32845658305058, 4.884603373545608, 64.98332282962927, 46.25104525346762, 101.20510997566531, 109.07522732438738, 0.0, 61.49279179352063, 35.44048782113617, 113.67476992092188, 118.00597138629652, 103.41740816721456, 70.05047193829891, 63.04356573283802, 63.93131858021264, 69.87056527437082, 97.49463103961575, 72.74596215813858, 9.13399446748168, 100.37553247868865, 73.46990030127749, 118.4382171381909, 2.361038064013273, 50.93549062574568, 76.76573575302848, 128.58523417450314], [8.029559150831027, 83.98100212942124, 44.92002424209119, 84.51391519248168, 31.094869918607827, 32.09440383981349, 27.428876769389937, 55.793481817888605, 43.61248784322396, 34.97351035295692, 71.98718362682321, 30.970022531169942, 81.67537860570509, 3.375190897166242, 62.884970403469154, 46.92083403839188, 33.981281940141756, 74.67841558896649, 71.89338620848571, 8.360706637320217, 51.03785883219047, 74.82397467377731, 48.84143398683183, 74.15858397653052, 49.232804975018745, 59.17439603511743, 85.44037819778701, 56.62155705418234, 82.20149434115748, 17.416805854181828, 51.93718518549903, 64.7741047123133, 61.49279179352063, 0.0, 43.50873111880454, 83.20987475434654, 79.93507876889468, 58.75205673638181, 15.322509930502658, 6.652220197288413, 12.765490788787831, 20.058927676213973, 91.7975449511456, 70.8962723827563, 59.76127250706386, 81.11461114904507, 81.71132505133602, 80.58810870309937, 62.385053403811376, 16.733864955584504, 35.25092362087319, 85.1760690053907], [46.286841156897836, 49.32171049529753, 68.41275588096322, 58.11082577609663, 65.97150115034786, 28.32023810425563, 67.83395610367651, 39.101425707639855, 14.199997052713956, 57.12404618073219, 59.575476705566345, 22.65099021847496, 75.47523151565457, 46.724844274168824, 28.366225253670677, 21.919079000582965, 13.73926609467862, 71.37417512023508, 36.01469966356169, 43.98624534351401, 33.74125305512758, 47.087268884388045, 32.865422380171715, 67.83365346813297, 8.617615160693115, 16.342104583336695, 46.08944879080852, 31.83923184840055, 42.54014939983891, 26.496172279971937, 68.77112482194413, 74.90820601307061, 35.44048782113617, 43.50873111880454, 0.0, 78.25921066477679, 82.76348038570498, 69.54191348635962, 44.55939815753489, 48.42846553948132, 38.928729141575914, 41.93932158869933, 66.07388925556059, 40.997215106291705, 28.01229482807577, 65.7703593197019, 46.34804222427371, 83.1745086300746, 34.60033620220628, 27.201026573302666, 44.137515835786104, 93.81428270789202], [76.96566193147892, 58.8336256137733, 51.818368944159495, 41.27129324295248, 70.32051558301444, 98.34171035334028, 81.48136195381512, 39.3505873180447, 91.85537763842427, 53.431497853500794, 20.163602682169188, 92.71335162382152, 3.2163005466965346, 85.42523413145234, 59.33500588515371, 56.416894041994006, 68.59444791101804, 8.548006792132059, 60.64965418902411, 90.90897049895827, 44.52505794737345, 44.6565108933076, 45.452821938657976, 10.442120595956972, 85.94606938281215, 77.08204014314995, 71.46169151013876, 110.06657610566528, 71.44029874035768, 81.32434891758014, 41.23558629471922, 28.447247479972944, 113.67476992092188, 83.20987475434654, 78.25921066477679, 0.0, 14.507705789347375, 31.345352270689187, 68.58488617111506, 89.37130817617467, 70.56609861163194, 63.21306233939982, 40.77325986352611, 49.39680114456372, 105.79944651092055, 20.34769712859219, 60.118145088324475, 14.139722442206658, 112.71907101949125, 75.67734823911512, 47.96730809918268, 28.07159585781699], [72.88874484665372, 70.84868711043617, 42.52994844226059, 54.27827814119339, 62.157300061339704, 99.41464076984603, 73.64414803503446, 45.769424164540574, 95.53031280709637, 46.941174717772356, 30.480017569434292, 94.17931722440878, 16.850437000790073, 81.68550751970321, 67.94377142235581, 61.711433288202244, 71.45007893836801, 13.902104616335665, 70.76248299709515, 88.06735897297749, 50.005893260263406, 55.936713116710564, 50.32766894095938, 19.30390865876739, 90.97956512376886, 84.27719205788007, 82.90028949026025, 114.02353970105045, 82.45114718638293, 81.13076236218255, 31.91237261149733, 17.540506466220652, 118.00597138629652, 79.93507876889468, 82.76348038570498, 14.507705789347375, 0.0, 22.433168143570324, 64.7083142207787, 85.59458256065233, 67.8478705336523, 60.02323897411823, 54.675440085829244, 59.7943938461387, 110.75684157884461, 33.63127007094016, 71.7477034545307, 0.7151485653084617, 117.31488440143234, 75.25814465508957, 45.80543358190473, 14.242120486075525], [51.34017434461441, 71.94846842916397, 20.58384168298326, 59.35305522583563, 39.83146478803342, 81.47402856880234, 51.27716142368876, 39.30170946227567, 80.6906507344847, 24.705105555504964, 34.68898734583926, 76.77886003671725, 31.61484972398446, 60.20567061519035, 62.24350175652156, 51.14059148013449, 56.63913965136596, 24.13194611423654, 67.67817178132441, 67.042804699736, 41.25611301854926, 56.67706779988537, 40.58159180866752, 27.54188841740089, 78.13354216256162, 75.03736686747145, 81.89245726980559, 99.04418096003037, 80.49714809727847, 62.4038207900962, 9.913687485356796, 6.091461608847011, 103.41740816721456, 58.75205673638181, 69.54191348635962, 31.345352270689187, 22.433168143570324, 0.0, 43.430086573619676, 64.05116959794367, 47.30958470867341, 39.373700021862895, 62.636926486609525, 58.275561033002326, 97.16753991184459, 42.420889423224594, 71.85953692431484, 23.14191271424984, 103.08582506008908, 56.50541226414438, 27.104998236262126, 26.68722225243692], [8.38287403787963, 76.69708809366645, 30.652309690773624, 74.29691350944185, 21.619687603138203, 42.67690649727486, 24.118845056355983, 45.06164941672576, 49.286945746299644, 19.976131060900034, 58.91919446351982, 39.68244663477964, 67.23676675737423, 16.999351041846516, 57.060888302090056, 40.44000568036989, 31.90201906288518, 60.03689