instance_id,num_cities,city_coordinates,distance_matrix,best_route,total_distance
565,48,"[[22.28367445836542, 73.65077662434358], [55.41100708707526, 87.39204164867766], [74.13487533205165, 77.25201922866488], [12.999812243728371, 59.011369400084234], [95.88808015599808, 93.74166753266358], [17.045054957012706, 32.47950245489661], [81.90833596658925, 47.534345380189656], [50.584647821408254, 36.847192327193746], [53.007484443373855, 63.172812214832994], [31.295000488731915, 44.94541917629504], [11.655827386382779, 79.69309935682578], [28.5069914530941, 50.7594422366626], [35.32542473814725, 70.48316307317889], [29.05815995260569, 78.88368573500577], [83.61873674689352, 95.47976341998249], [60.69021841102506, 2.7775367890253144], [29.600033743336784, 81.43493799975874], [77.0292281936226, 35.91118932445136], [97.85548964892119, 35.35954072954499], [21.527398816730546, 58.81780235535762], [39.537655315918784, 51.60607911843385], [96.53553453497726, 4.038743532734634], [30.021442695622312, 40.00760776414889], [21.5408544041371, 67.00411425242933], [89.8300650288569, 49.17882269014767], [37.23217997032056, 16.442817621243066], [14.003504598851046, 26.14034074273952], [49.919160924788606, 75.62789644676641], [20.16453547321897, 79.93519811169888], [27.27969948807012, 16.04534468142742], [50.71845274656758, 50.61292045433239], [70.04806575875239, 30.09166039442531], [37.6069651963362, 76.80297096880557], [27.285286338550662, 14.85489006786489], [78.99439542870152, 91.19566985118419], [32.152437586648766, 43.91833229288533], [79.79788126806243, 10.163301449920715], [64.61978849930736, 37.48744685511161], [5.880311414267947, 24.539896221504044], [39.571253027061395, 1.7498748155512445], [82.08775192962602, 36.74679214417078], [65.57688166611766, 27.80850020012222], [0.6389903893926463, 0.17222753655472545], [68.4888268226093, 49.53521339711451], [81.1186057233135, 73.7013173160506], [42.614127039868286, 32.99265463730533], [42.2607685275817, 10.953153807081184], [11.67247997565588, 27.12208951676124]]","[[0.0, 35.86422356000713, 51.976109707619884, 17.335003360197604, 76.29713255156916, 41.50321615267573, 65.09353455529119, 46.42681240848949, 32.46136531573917, 30.0865674852715, 12.225416041547268, 23.722201931218454, 13.420917478686453, 8.560198097714979, 65.10372132575678, 80.61066147317065, 10.682803073411586, 66.49324855461731, 84.71905333245071, 14.85224153151738, 27.99408050927697, 101.7800269010772, 34.52152760596025, 6.6880417402394015, 71.84282433520265, 59.12874419722934, 48.2265770147791, 27.70612053370295, 6.632096461082315, 57.82167461624906, 36.59616691962883, 64.64389903949181, 15.644154442654902, 59.008240080198306, 59.3626915774256, 31.327475666025638, 85.66529921135836, 55.678837740077334, 51.77788034574678, 73.94998345967652, 70.27397635470312, 63.054072811263275, 76.60019271837533, 52.11982823042948, 58.834952972809305, 45.45778465435397, 65.8033144635285, 47.72332943440959], [35.86422356000713, 0.0, 21.293268812786753, 51.03108861588605, 40.97207821301601, 66.98756036425563, 47.86172154843752, 50.77475294565994, 24.338200333385235, 48.81902839635706, 44.427350394246524, 45.45077993736377, 26.255300283495714, 27.692321543099933, 29.344288303031455, 84.77903340359012, 26.489496575721127, 55.83570219707428, 67.1484568090912, 44.32365125539736, 39.14841517439615, 92.9462159779435, 53.757925504478074, 39.5329587342035, 51.428801782389186, 73.24112332177845, 73.9347829251077, 12.98289207387453, 36.02663288126382, 76.69238316395233, 37.07726826597336, 59.140317706627116, 20.71502656311399, 77.79906507845577, 23.888151732079574, 49.30440609477083, 80.98764069292547, 50.74712047602595, 80.0230091825522, 87.09465281264278, 57.24150603162283, 60.44454828608238, 102.9916005647281, 40.05207627955726, 29.12587441423698, 55.88428621853973, 77.56179696623693, 74.46828777311767], [51.976109707619884, 21.293268812786753, 0.0, 63.79825424713569, 27.296710814714174, 72.55222842002561, 30.717532928297704, 46.76711721648994, 25.388791146908087, 53.65604610419111, 62.52671672484724, 52.761353498074726, 39.39531531863106, 45.10623687459966, 20.54736687850877, 75.67831482251893, 44.7308498105893, 41.442025718543235, 48.14194946581306, 55.74376141813707, 43.06601765873253, 76.56352441504967, 57.73336231596908, 53.583118552094994, 32.16276330648404, 71.13063984734568, 78.91885341223743, 24.270117409374198, 54.036996894685615, 77.08219322581496, 35.467878851301656, 47.33710445161014, 36.53067017209767, 78.02746770445344, 14.766188684038521, 53.606527249759324, 67.32730270423194, 40.887138484934596, 86.23951186972752, 83.03744816539515, 41.27858606278418, 50.17868899754183, 106.5032365273641, 28.286024628336175, 7.834537270960995, 54.336441978934104, 73.56288629990006, 80.09095258878553], [17.335003360197604, 51.03108861588605, 63.79825424713569, 0.0, 89.8702318116185, 26.838478947334547, 69.85776064273259, 43.63336579636822, 40.22351850764314, 23.07736702091968, 20.725352814858304, 17.566072666985086, 25.100498467739776, 25.549549656586798, 79.47940777568922, 73.73343048122963, 27.899530149813813, 68.06896816032423, 88.09026613284065, 8.529783171971676, 27.551686683027416, 100.00103246203136, 25.512327599736782, 11.697579726617317, 77.45687004927215, 48.982540217761965, 32.886348586240295, 40.4863838608343, 22.116506661500402, 45.276864509761964, 38.64233153003093, 63.95977484393171, 30.365326654148866, 46.409798934390494, 73.42420721591085, 24.384889309684382, 82.75334294059358, 55.92764245298133, 35.19900218986699, 63.12622456124455, 72.58687767376945, 61.1389178458098, 60.12349401150247, 56.292346473813645, 69.68475152347301, 39.42056771219462, 56.26540365650226, 31.916891803977013], [76.29713255156916, 40.97207821301601, 27.296710814714174, 89.8702318116185, 0.0, 99.84625928167472, 48.27576895403964, 72.72813960359898, 52.6611849858317, 80.95270097135854, 85.39575325761538, 79.92298046359883, 64.87521299350936, 68.46165245954356, 12.391842679926683, 97.53646781262869, 67.42077342335381, 60.82779387031312, 58.41526709832168, 82.15343747015541, 70.36176654029371, 89.7052605553871, 85.00448876114065, 79.00890286804105, 44.972732713710194, 97.03415287526593, 106.1839116718358, 49.40900968687538, 76.97190277755173, 103.65244079363897, 62.45305488807923, 68.6951945389752, 60.69273269695294, 104.5440910732877, 17.084457493856558, 80.89868273428921, 85.11308816694591, 64.36026264059673, 113.53538473298444, 107.86136910487785, 58.641835575853385, 72.5668747321657, 133.52014530606337, 52.00893837087641, 24.89483905997835, 80.79948420862598, 98.63988319834036, 107.37986537872057], [41.50321615267573, 66.98756036425563, 72.55222842002561, 26.838478947334547, 99.84625928167472, 0.0, 66.58748770476731, 33.822788240031, 47.27975886762647, 18.933040626423566, 47.5201799894097, 21.576194907007896, 42.17167461370957, 47.93394327122591, 91.65744917206256, 52.79305879889942, 50.53970876164799, 60.08225622969148, 80.86173987466907, 26.71698800619888, 29.525294338441896, 84.42519239897138, 15.001966814052418, 34.81610306221964, 74.67613398856373, 25.7816849091919, 7.031073872042003, 54.244730133517905, 47.55811401813609, 19.360513691541897, 38.245503880010006, 53.05677095107738, 48.86063869612712, 20.38355465910072, 85.35402215822103, 18.949402048104062, 66.60277800001484, 47.837587509572224, 13.699957865504071, 38.101700937673165, 65.182529797204, 48.75609157619897, 36.23422370144338, 54.19740712897655, 76.18830571845642, 25.574220855005056, 33.15442499848674, 7.587254794719996], [65.09353455529119, 47.86172154843752, 30.717532928297704, 69.85776064273259, 48.27576895403964, 66.58748770476731, 0.0, 33.09665661958489, 32.8606278653525, 50.6795053950149, 77.2631892892197, 53.49864339946042, 51.928950037748336, 61.44853330545119, 47.975916685768055, 49.53161039041496, 62.33304630320181, 12.605691149487578, 20.06333917495471, 61.42616683796616, 42.565873589487815, 45.889239675891176, 52.4299673131067, 63.42952569688215, 8.090617835427809, 54.43015720157605, 71.19529168075793, 42.57411104633093, 69.72884738108083, 63.05430269623826, 31.34144922886819, 21.092967285697657, 53.0967409166515, 63.65237112769169, 43.758454086265566, 49.887122328738506, 37.43058833992093, 19.995850657115703, 79.42924656220622, 62.35901167203263, 10.789045134196709, 25.60908759867055, 94.06315291962187, 13.567855338501893, 26.178886419198182, 41.89863511904039, 53.94546487647607, 73.14188715239167], [46.42681240848949, 50.77475294565994, 46.76711721648994, 43.63336579636822, 72.72813960359898, 33.822788240031, 33.09665661958489, 0.0, 26.436875756511107, 20.920606404177974, 57.88976429088591, 26.095471029680205, 36.93538164320891, 47.22770858289366, 67.29806404412979, 35.536797624872996, 49.27901269472567, 26.461140048827204, 47.29424483335931, 36.42844252407037, 18.435313469886594, 56.46129915315355, 20.804654065359838, 41.86862639339722, 41.137232274367136, 24.384972931196177, 38.11583280371522, 38.78641366276873, 52.74428383969211, 31.23839756289099, 13.766378413667587, 20.602471926892253, 42.01052836104993, 32.03937583934102, 61.325938788458835, 19.742021035161855, 39.56568008715292, 14.04973664197794, 46.36752345161314, 36.78473272173109, 31.503264095168905, 17.506142665431323, 61.96468138150045, 21.944145104738112, 47.85968150593571, 8.853624248392904, 27.19904772927294, 40.10903178997826], [32.46136531573917, 24.338200333385235, 25.388791146908087, 40.22351850764314, 52.6611849858317, 47.27975886762647, 32.8606278653525, 26.436875756511107, 0.0, 28.349070821843977, 44.529534340849466, 27.46572247332463, 19.13364745915731, 28.642655085221655, 44.50604300273894, 60.88196526868093, 29.688617119345857, 36.33511050512981, 52.77235679435907, 31.779897764733644, 17.754594088465453, 73.42703333021333, 32.63410505087234, 31.69901704043024, 39.39205736936565, 49.32091469077271, 53.78396031386457, 12.832258779342135, 36.87325423679942, 53.69280319389695, 12.766775127042647, 37.212148786799325, 20.565923775431838, 54.7380404832347, 38.21779811379184, 28.384291015646042, 59.3947269844692, 28.188359284460407, 60.938269058637516, 62.87534933047121, 39.293720794129655, 37.531644126216165, 81.92394545727626, 20.631433866218508, 30.018070545620358, 31.919645823871615, 53.314019049374096, 54.84739922183668], [30.0865674852715, 48.81902839635706, 53.65604610419111, 23.07736702091968, 80.95270097135854, 18.933040626423566, 50.6795053950149, 20.920606404177974, 28.349070821843977, 0.0, 39.913636743254585, 6.4479344389722115, 25.853833042183577, 34.01190074950473, 72.7426513412397, 51.40242350050936, 36.5288638782526, 46.61798893966506, 67.24721394109604, 16.966114979264475, 10.597440703535902, 77.00443750100871, 5.099404964729806, 24.11906702800686, 58.687950092226735, 29.114401858919383, 25.546561510346983, 35.89253074667447, 36.71746017101384, 29.177678933301284, 20.233414648767923, 41.502219431886274, 32.47683027455932, 30.356510827027634, 66.44033387280112, 1.337948370811198, 59.6852172436803, 34.14912659341863, 32.592818040331835, 43.98126201803662, 51.45018060365123, 38.32651000360334, 54.262598950102856, 37.47595133340978, 57.526457533863685, 16.46181053241624, 35.71725316444302, 26.508760654517722], [12.225416041547268, 44.427350394246524, 62.52671672484724, 20.725352814858304, 85.39575325761538, 47.5201799894097, 77.2631892892197, 57.88976429088591, 44.529534340849466, 39.913636743254585, 0.0, 33.48310386971902, 25.398282720363028, 17.42114603453545, 73.67414122928103, 91.2160910600687, 18.028548018045242, 78.67996682248253, 96.93217316626215, 23.09168567696962, 39.57621804270959, 113.70200631822358, 43.72909864883339, 16.08490292545553, 83.9186064676517, 68.22571326947406, 53.604193338511614, 38.47867679860169, 8.512151614844667, 65.5373332892755, 48.698516456162956, 76.61563971720378, 26.111575895193194, 66.695377433047, 68.31392152385688, 41.23038913448242, 97.35364556188327, 67.72369068403492, 55.45477798017244, 82.79140801189335, 82.49267420849473, 74.82975159847798, 80.2803821146501, 64.33885226266531, 69.72072164220424, 56.0298835839946, 75.24521603688905, 52.57101247753264], [23.722201931218454, 45.45077993736377, 52.761353498074726, 17.566072666985086, 79.92298046359883, 21.576194907007896, 53.49864339946042, 26.095471029680205, 27.46572247332463, 6.4479344389722115, 33.48310386971902, 0.0, 20.869024799916918, 28.12964377785385, 70.97331608476463, 57.77562935885423, 30.69496345917337, 50.743256427321285, 71.0378150596255, 10.660763629879181, 11.06310712522489, 82.52700383042419, 10.857969749926987, 17.675305776271202, 61.34344065121585, 35.408468473752976, 28.57361176504095, 32.81647476930751, 30.34503752932048, 34.73578579277857, 22.211944566475214, 46.398470456972355, 27.587586174757153, 35.925331311329856, 64.68436027270873, 7.75177803961755, 65.41255250170406, 38.47440671289032, 34.632805875649616, 50.24296550743824, 55.38277941615152, 43.599569960840846, 57.755448006238126, 40.00057369296842, 57.39609384162477, 22.686339856052278, 42.11540077398917, 29.019393864948793], [13.420917478686453, 26.255300283495714, 39.39531531863106, 25.100498467739776, 64.87521299350936, 42.17167461370957, 51.928950037748336, 36.93538164320891, 19.13364745915731, 25.853833042183577, 25.398282720363028, 20.869024799916918, 0.0, 10.480810507015013, 54.37898503716246, 72.30093075885765, 12.358053086385413, 54.170366359621596, 71.71943853854282, 18.068374581156288, 19.341333590908516, 90.34123327366389, 30.933666075995156, 14.216826649798875, 58.52034460233213, 54.073973888368705, 49.20274556013553, 15.474023955344995, 17.865988068753076, 55.02917195500076, 25.135072170173622, 53.264765916068455, 6.7190325717307235, 56.20630376602267, 48.332048768921474, 26.75365548573141, 74.94187811934133, 44.12342956881751, 54.56920805417922, 68.86430114772875, 57.66158138503087, 52.30943985165479, 78.40137998699883, 39.22534682379019, 45.906120958659805, 38.192452186569795, 59.932637157890234, 49.39275752478829], [8.560198097714979, 27.692321543099933, 45.10623687459966, 25.549549656586798, 68.46165245954356, 47.93394327122591, 61.44853330545119, 47.22770858289366, 28.642655085221655, 34.01190074950473, 17.42114603453545, 28.12964377785385, 10.480810507015013, 0.0, 57.028820210935116, 82.41803825440535, 2.6081632087521807, 64.40387283338956, 81.40899073075352, 21.43249959970249, 29.22135598835463, 100.77182867146449, 38.88801038931071, 14.058239623746637, 67.64320612678455, 62.97361839731231, 54.84982305161567, 21.113538913475182, 8.955570035384989, 62.86350314761138, 35.61466626932063, 63.7246743015029, 8.79837740913163, 64.05333524053133, 51.43163001890103, 35.102001302047476, 85.42254114377528, 54.573601844617585, 59.0801161267808, 77.84696469966143, 67.73223329209372, 62.7876708678679, 83.6847826691876, 49.15394509478531, 52.31774991601408, 47.8513424982106, 69.20163322635393, 54.60333974512457], [65.10372132575678, 29.344288303031455, 20.54736687850877, 79.47940777568922, 12.391842679926683, 91.65744917206256, 47.975916685768055, 67.29806404412979, 44.50604300273894, 72.7426513412397, 73.67414122928103, 70.97331608476463, 54.37898503716246, 57.028820210935116, 0.0, 95.49565317550115, 55.81467007222234, 59.93193341406911, 61.782896577784285, 72.10709836806474, 62.19358418933726, 92.34881581871153, 77.13514103651762, 68.29733575824667, 46.715711612839584, 91.64361107452663, 98.25597225736053, 39.11212130416944, 65.33046127116734, 97.38538904570439, 55.6368788215731, 66.78148791655704, 49.65788655878354, 98.3556192495082, 6.303807605991526, 72.85163779302557, 85.40197667313744, 61.02514903770949, 105.2412824481627, 103.56385875317685, 58.75292187964805, 70.03505122813384, 126.36916040603438, 48.371643047562195, 21.92148192611378, 74.73966002895382, 94.10222775195828, 99.2423067287938], [80.61066147317065, 84.77903340359012, 75.67831482251893, 73.73343048122963, 97.53646781262869, 52.79305879889942, 49.53161039041496, 35.536797624872996, 60.88196526868093, 51.40242350050936, 91.2160910600687, 57.77562935885423, 72.30093075885765, 82.41803825440535, 95.49565317550115, 0.0, 84.57887648755596, 36.943229027985126, 49.425139018180104, 68.36839769455116, 53.21332043302027, 35.86749685267213, 48.23538108789456, 75.21785662199137, 54.79242643092622, 27.14810246976661, 52.20603274679588, 73.64231515666819, 87.15294417493871, 35.948539622226896, 48.86368836747775, 28.872662767996246, 77.54096649177401, 35.52114791203299, 90.29290753150032, 50.06965137756172, 20.485416751541493, 34.931638637122674, 58.972249347142586, 21.14395393536365, 40.146790034356805, 25.503501858692744, 60.10771683575328, 47.40357175302178, 73.80719241663728, 35.20935139765937, 20.16148150886425, 54.730210385414956], [10.682803073411586, 26.489496575721127, 44.7308498105893, 27.899530149813813, 67.42077342335381, 50.53970876164799, 62.33304630320181, 49.27901269472567, 29.688617119345857, 36.5288638782526, 18.028548018045242, 30.69496345917337, 12.358053086385413, 2.6081632087521807, 55.81467007222234, 84.57887648755596, 0.0, 65.74146469052522, 82.35137821850464, 24.014625947857336, 31.440692496855764, 102.32561841594273, 41.429473517718534, 16.528733939653986, 68.32359507170021, 65.4387145910243, 57.452103592216275, 21.132644439686054, 9.553944072331285, 65.4307486232041, 37.36287444464879, 65.36188070411086, 9.250192963872077, 66.62027347708239, 50.34952683571177, 37.60333055919862, 87.17493947579094, 56.193996130166454, 61.64147148079347, 80.30650352664637, 68.93468604711, 64.57653147651388, 86.26917261673233, 50.29841604749617, 52.0957977934451, 50.15995854961462, 71.60988834134685, 57.195128240350456], [66.49324855461731, 55.83570219707428, 41.442025718543235, 68.06896816032423, 60.82779387031312, 60.08225622969148, 12.605691149487578, 26.461140048827204, 36.33511050512981, 46.61798893966506, 78.67996682248253, 50.743256427321285, 54.170366359621596, 64.40387283338956, 59.93193341406911, 36.943229027985126, 65.74146469052522, 0.0, 20.83356624240598, 60.043034439719335, 40.64415828245718, 37.3677506391366, 47.18593584384122, 63.60605007684832, 18.43614707060098, 44.30375315999886, 63.778611749169364, 48.087135202260235, 71.91457868809059, 53.56927654733964, 30.13963839930178, 9.08864928960586, 56.80011114317261, 54.016918550244064, 55.319396863781236, 45.585531407444584, 25.896315758153843, 12.509147905825154, 72.05188870327183, 50.69610746945671, 5.127074649352502, 14.028892045759573, 84.33707263987492, 16.079567391895562, 38.01074561491518, 34.538631011422794, 42.79894069291229, 65.94507421374425], [84.71905333245071, 67.1484568090912, 48.14194946581306, 88.09026613284065, 58.41526709832168, 80.86173987466907, 20.06333917495471, 47.29424483335931, 52.77235679435907, 67.24721394109604, 96.93217316626215, 71.0378150596255, 71.71943853854282, 81.40899073075352, 61.782896577784285, 49.425139018180104, 82.35137821850464, 20.83356624240598, 0.0, 79.85153404031897, 60.538581176908615, 31.34859835058898, 67.9931059242077, 82.61538952271346, 15.98061307456547, 63.50612639378721, 84.35727025712663, 62.605367850662596, 89.57049509622146, 73.17089807986234, 49.543575173400654, 28.30200322649744, 73.12621013501376, 73.4887358309052, 58.9356784170028, 66.25816148462307, 30.99883375665191, 33.30375077053133, 92.6093846139613, 67.28047176888116, 15.828645528656736, 33.15006404796971, 103.38856193031944, 32.609056734784076, 41.835572367887785, 55.292045473815726, 60.716099505555555, 86.57578621546058], [14.85224153151738, 44.32365125539736, 55.74376141813707, 8.529783171971676, 82.15343747015541, 26.71698800619888, 61.42616683796616, 36.42844252407037, 31.779897764733644, 16.966114979264475, 23.09168567696962, 10.660763629879181, 18.068374581156288, 21.43249959970249, 72.10709836806474, 68.36839769455116, 24.014625947857336, 60.043034439719335, 79.85153404031897, 0.0, 19.40047141727588, 92.88146052587301, 20.63909402022475, 8.186322955330452, 68.9794472337339, 45.19158641051006, 33.5324541548329, 32.995021123838946, 21.16132793619123, 43.15752655657695, 30.322231391248657, 56.386579542106, 24.1250646633392, 44.33836854815151, 65.96045787574239, 18.299881338543518, 75.91251269368006, 48.08261759016379, 37.680315724547484, 59.852560751001, 64.45685270706988, 53.86959958504552, 62.25455045581078, 47.87005512968447, 61.421746622579455, 33.340491325349355, 52.16222004685826, 33.192433440634204], [27.99408050927697, 39.14841517439615, 43.06601765873253, 27.551686683027416, 70.36176654029371, 29.525294338441896, 42.565873589487815, 18.435313469886594, 17.754594088465453, 10.597440703535902, 39.57621804270959, 11.06310712522489, 19.341333590908516, 29.22135598835463, 62.19358418933726, 53.21332043302027, 31.440692496855764, 40.64415828245718, 60.538581176908615, 19.40047141727588, 0.0, 74.23886886391054, 15.002761092240942, 23.6851077482469, 50.35094883418472, 35.23875956512915, 36.062399862755136, 26.16913002877196, 34.319917764676816, 37.614137166453574, 11.22482050267542, 37.33303307289857, 25.270752328674003, 38.73977855109954, 55.89427550934309, 10.660342028399251, 57.778799006205304, 28.78279315869407, 43.19021943824838, 49.85621562350038, 45.070046940505, 35.275573294989286, 64.48679881660217, 29.02514110983001, 47.086887641801525, 18.865954764679557, 40.74402633434686, 37.09358089425188], [101.7800269010772, 92.9462159779435, 76.56352441504967, 100.00103246203136, 89.7052605553871, 84.42519239897138, 45.889239675891176, 56.46129915315355, 73.42703333021333, 77.00443750100871, 113.70200631822358, 82.52700383042419, 90.34123327366389, 100.77182867146449, 92.34881581871153, 35.86749685267213, 102.32561841594273, 37.3677506391366, 31.34859835058898, 92.88146052587301, 74.23886886391054, 0.0, 75.61668868253923, 97.92262229840262, 45.63540366464424, 60.586705774572316, 85.44013439017361, 85.4288774567085, 107.66987190179, 70.2888978373413, 65.33267895571183, 37.15293365501107, 93.63337587990345, 70.08984164011284, 88.90456324860588, 75.73351155424265, 17.822997687382205, 46.232354460504936, 92.94442823878055, 57.01024721677311, 35.756885577180235, 39.031263360047234, 95.97446079564486, 53.446670463401425, 71.34813158100113, 61.20332633529795, 54.713428832413065, 87.94645468099687], [34.52152760596025, 53.757925504478074, 57.73336231596908, 25.512327599736782, 85.00448876114065, 15.001966814052418, 52.4299673131067, 20.804654065359838, 32.63410505087234, 5.099404964729806, 43.72909864883339, 10.857969749926987, 30.933666075995156, 38.88801038931071, 77.13514103651762, 48.23538108789456, 41.429473517718534, 47.18593584384122, 67.9931059242077, 20.63909402022475, 15.002761092240942, 75.61668868253923, 0.0, 28.29720375481373, 60.50770602673968, 24.643337162890784, 21.18668061577991, 40.801031317361414, 41.126282240835174, 24.118607087925177, 23.255942945954626, 41.23659256142564, 37.569121695502005, 25.301101934882237, 70.84185062251403, 4.453639586365486, 58.03771580906147, 34.69000927297095, 28.671315280434115, 39.431624462259656, 52.16831869783033, 37.58999156349083, 49.49935374734564, 39.62972256615593, 61.20609555302775, 14.414758630155063, 31.527169101653186, 22.42144093055747], [6.6880417402394015, 39.5329587342035, 53.583118552094994, 11.697579726617317, 79.00890286804105, 34.81610306221964, 63.42952569688215, 41.86862639339722, 31.69901704043024, 24.11906702800686, 16.08490292545553, 17.675305776271202, 14.216826649798875, 14.058239623746637, 68.29733575824667, 75.21785662199137, 16.528733939653986, 63.60605007684832, 82.61538952271346, 8.186322955330452, 23.6851077482469, 97.92262229840262, 28.29720375481373, 0.0, 70.57731439370369, 52.940177701352404, 41.553094079002975, 29.65970162215758, 13.004121791765296, 51.28089838417276, 33.46645304120192, 60.9547274886911, 18.818541626153923, 52.46465554352827, 62.33891832995624, 25.407853634712467, 81.39262361586549, 52.220955726795175, 45.2599427718982, 67.69941682900206, 67.68627882462566, 58.95309879858148, 70.02420296793363, 50.09266025375818, 59.9529897596859, 40.01077610758217, 59.75805391852132, 41.08479902442196], [71.84282433520265, 51.428801782389186, 32.16276330648404, 77.45687004927215, 44.972732713710194, 74.67613398856373, 8.090617835427809, 41.137232274367136, 39.39205736936565, 58.687950092226735, 83.9186064676517, 61.34344065121585, 58.52034460233213, 67.64320612678455, 46.715711612839584, 54.79242643092622, 68.32359507170021, 18.43614707060098, 15.98061307456547, 68.9794472337339, 50.35094883418472, 45.63540366464424, 60.50770602673968, 70.57731439370369, 0.0, 61.95307531109612, 79.24922029323935, 47.879366839873654, 76.15274543533452, 70.7840066274889, 39.13789534092711, 27.489038899635258, 59.07914796473204, 71.34410761988963, 43.39155656389425, 57.91702225237283, 40.2846820597724, 27.789320099858887, 87.49078711200063, 69.10465454890146, 14.645777399053431, 32.325030341120154, 101.76784444946567, 21.34421379465204, 26.02387876373499, 49.913293183428316, 61.024910742942254, 81.21026769830473], [59.12874419722934, 73.24112332177845, 71.13063984734568, 48.982540217761965, 97.03415287526593, 25.7816849091919, 54.43015720157605, 24.384972931196177, 49.32091469077271, 29.114401858919383, 68.22571326947406, 35.408468473752976, 54.073973888368705, 62.97361839731231, 91.64361107452663, 27.14810246976661, 65.4387145910243, 44.30375315999886, 63.50612639378721, 45.19158641051006, 35.23875956512915, 60.586705774572316, 24.643337162890784, 52.940177701352404, 61.95307531109612, 0.0, 25.1716768254535, 60.52960466847976, 65.74638293491329, 9.960414272883515, 36.7352076490557, 35.541148956195144, 60.36131688512851, 10.072845021964852, 85.62751635136715, 27.941146883334998, 43.0264017820975, 34.539217138320105, 32.380585909072195, 14.877964614022375, 49.23691417243904, 30.53851428454829, 40.04739224231323, 45.52015631163414, 72.1425959657208, 17.402943989958654, 7.444670017585473, 27.70099478422509], [48.2265770147791, 73.9347829251077, 78.91885341223743, 32.886348586240295, 106.1839116718358, 7.031073872042003, 71.19529168075793, 38.11583280371522, 53.78396031386457, 25.546561510346983, 53.604193338511614, 28.57361176504095, 49.20274556013553, 54.84982305161567, 98.25597225736053, 52.20603274679588, 57.452103592216275, 63.778611749169364, 84.35727025712663, 33.5324541548329, 36.062399862755136, 85.44013439017361, 21.18668061577991, 41.553094079002975, 79.24922029323935, 25.1716768254535, 0.0, 61.146974895590894, 54.14651402243357, 16.67831814705648, 44.123628309895146, 56.183678791938505, 55.89119298780564, 17.42891629207182, 91.95657527477626, 25.40552601605856, 67.70646782881487, 51.872584406572855, 8.27935324645651, 35.335599440699816, 68.90545367334187, 51.60034862380018, 29.205361554756426, 59.29561876177014, 82.2586365772851, 29.419753944791907, 32.07995654231118, 2.5293292488790997], [27.70612053370295, 12.98289207387453, 24.270117409374198, 40.4863838608343, 49.40900968687538, 54.244730133517905, 42.57411104633093, 38.78641366276873, 12.832258779342135, 35.89253074667447, 38.47867679860169, 32.81647476930751, 15.474023955344995, 21.113538913475182, 39.11212130416944, 73.64231515666819, 21.132644439686054, 48.087135202260235, 62.605367850662596, 32.995021123838946, 26.16913002877196, 85.4288774567085, 40.801031317361414, 29.65970162215758, 47.879366839873654, 60.52960466847976, 61.146974895590894, 0.0, 30.06477313062458, 63.73872989802953, 25.027742433515918, 49.78676132898484, 12.368143101859198, 64.8509875261399, 32.98067358664504, 36.34766728420275, 71.96076102608005, 40.87544918576752, 67.44927007185989, 74.59920427190993, 50.46343744758008, 50.31758019029745, 90.12265630065059, 32.02593636861031, 31.258871746803518, 43.256529729175604, 65.12659448811304, 61.77072048758773], [6.632096461082315, 36.02663288126382, 54.036996894685615, 22.116506661500402, 76.97190277755173, 47.55811401813609, 69.72884738108083, 52.74428383969211, 36.87325423679942, 36.71746017101384, 8.512151614844667, 30.34503752932048, 17.865988068753076, 8.955570035384989, 65.33046127116734, 87.15294417493871, 9.553944072331285, 71.91457868809059, 89.57049509622146, 21.16132793619123, 34.319917764676816, 107.66987190179, 41.126282240835174, 13.004121791765296, 76.15274543533452, 65.74638293491329, 54.14651402243357, 30.06477313062458, 0.0, 64.28482659461564, 42.3478196341007, 70.51769172286485, 17.72143339350858, 65.46870693672241, 59.897835070872446, 37.95951027728881, 91.78373218860315, 61.46609722728984, 57.20732932476518, 80.5578392531586, 75.4965108221768, 69.13373866578061, 82.11807587731124, 57.09112194612858, 61.27201604180991, 52.03447462360604, 72.43456323908464, 53.491489472946704], [57.82167461624906, 76.69238316395233, 77.08219322581496, 45.276864509761964, 103.65244079363897, 19.360513691541897, 63.05430269623826, 31.23839756289099, 53.69280319389695, 29.177678933301284, 65.5373332892755, 34.73578579277857, 55.02917195500076, 62.86350314761138, 97.38538904570439, 35.948539622226896, 65.4307486232041, 53.56927654733964, 73.17089807986234, 43.15752655657695, 37.614137166453574, 70.2888978373413, 24.118607087925177, 51.28089838417276, 70.7840066274889, 9.960414272883515, 16.67831814705648, 63.73872989802953, 64.28482659461564, 0.0, 41.764727332142996, 45.015909838327644, 61.62906432103145, 1.1904677231452365, 91.2248932548136, 28.295706652526388, 52.846550029813955, 43.058634360530206, 23.02370986179692, 18.853189308126698, 58.5873069827336, 40.06302522945018, 31.01101786744847, 53.101445199431446, 78.88497325252601, 22.855108467954054, 15.822858068863148, 19.13843193826961], [36.59616691962883, 37.07726826597336, 35.467878851301656, 38.64233153003093, 62.45305488807923, 38.245503880010006, 31.34144922886819, 13.766378413667587, 12.766775127042647, 20.233414648767923, 48.698516456162956, 22.211944566475214, 25.135072170173622, 35.61466626932063, 55.6368788215731, 48.86368836747775, 37.36287444464879, 30.13963839930178, 49.543575173400654, 30.322231391248657, 11.22482050267542, 65.33267895571183, 23.255942945954626, 33.46645304120192, 39.13789534092711, 36.7352076490557, 44.123628309895146, 25.027742433515918, 42.3478196341007, 41.764727332142996, 0.0, 28.19141808506911, 29.288732504677107, 42.75219321889048, 49.46199028719932, 19.736119921851973, 49.81751540109954, 19.118713160520066, 51.86773091991716, 50.11843264393019, 34.2972658611455, 27.217907581001757, 71.07894239512324, 17.803023543871216, 38.173857162379505, 19.39468645332941, 40.55156609629894, 45.56761051190119], [64.64389903949181, 59.140317706627116, 47.33710445161014, 63.95977484393171, 68.6951945389752, 53.05677095107738, 21.092967285697657, 20.602471926892253, 37.212148786799325, 41.502219431886274, 76.61563971720378, 46.398470456972355, 53.264765916068455, 63.7246743015029, 66.78148791655704, 28.872662767996246, 65.36188070411086, 9.08864928960586, 28.30200322649744, 56.386579542106, 37.33303307289857, 37.15293365501107, 41.23659256142564, 60.9547274886911, 27.489038899635258, 35.541148956195144, 56.183678791938505, 49.78676132898484, 70.51769172286485, 45.015909838327644, 28.19141808506911, 0.0, 56.871535422186454, 45.39619448505766, 61.7554595663824, 40.339254955266554, 22.18554467860996, 9.174085860590074, 64.40747458987842, 41.6184204899878, 13.756628282380683, 5.020389194383237, 75.58301532861789, 19.50597291673422, 44.99287756888645, 27.586894736970873, 33.740425631684616, 58.45106814008731], [15.644154442654902, 20.71502656311399, 36.53067017209767, 30.365326654148866, 60.69273269695294, 48.86063869612712, 53.0967409166515, 42.01052836104993, 20.565923775431838, 32.47683027455932, 26.111575895193194, 27.587586174757153, 6.7190325717307235, 8.79837740913163, 49.65788655878354, 77.54096649177401, 9.250192963872077, 56.80011114317261, 73.12621013501376, 24.1250646633392, 25.270752328674003, 93.63337587990345, 37.569121695502005, 18.818541626153923, 59.07914796473204, 60.36131688512851, 55.89119298780564, 12.368143101859198, 17.72143339350858, 61.62906432103145, 29.288732504677107, 56.871535422186454, 0.0, 62.802084215038185, 43.818593797128294, 33.33393664556695, 78.87280236277672, 47.701185091483765, 61.13926350757958, 75.07879639999283, 59.85848185882709, 56.41608275332415, 85.08173717259345, 41.19732977381901, 43.622048515980325, 44.09552683428831, 66.01406142390002, 56.042729283233236], [59.008240080198306, 77.79906507845577, 78.02746770445344, 46.409798934390494, 104.5440910732877, 20.38355465910072, 63.65237112769169, 32.03937583934102, 54.7380404832347, 30.356510827027634, 66.695377433047, 35.925331311329856, 56.20630376602267, 64.05333524053133, 98.3556192495082, 35.52114791203299, 66.62027347708239, 54.016918550244064, 73.4887358309052, 44.33836854815151, 38.73977855109954, 70.08984164011284, 25.301101934882237, 52.46465554352827, 71.34410761988963, 10.072845021964852, 17.42891629207182, 64.8509875261399, 65.46870693672241, 1.1904677231452365, 42.75219321889048, 45.39619448505766, 62.802084215038185, 0.0, 92.20491646773709, 29.46816647229624, 52.7217567043342, 43.65887857377345, 23.494090654996633, 17.9634741137278, 59.01326640154369, 40.42328893334473, 30.42376812326925, 53.85588709363865, 79.7554278770912, 23.747670639934785, 15.475419627354224, 19.855576165003388], [59.3626915774256, 23.888151732079574, 14.766188684038521, 73.42420721591085, 17.084457493856558, 85.35402215822103, 43.758454086265566, 61.325938788458835, 38.21779811379184, 66.44033387280112, 68.31392152385688, 64.68436027270873, 48.332048768921474, 51.43163001890103, 6.303807605991526, 90.29290753150032, 50.34952683571177, 55.319396863781236, 58.9356784170028, 65.96045787574239, 55.89427550934309, 88.90456324860588, 70.84185062251403, 62.33891832995624, 43.39155656389425, 85.62751635136715, 91.95657527477626, 32.98067358664504, 59.897835070872446, 91.2248932548136, 49.46199028719932, 61.7554595663824, 43.818593797128294, 92.20491646773709, 0.0, 66.55310406793949, 81.03635183183, 55.59858399069572, 98.93766441270388, 97.74832175733994, 54.53667699810022, 64.79168891101419, 120.10344104012519, 42.96464364682601, 17.622844265307187, 68.63756193244741, 88.25089646229551, 92.93903376482228], [31.327475666025638, 49.30440609477083, 53.606527249759324, 24.384889309684382, 80.89868273428921, 18.949402048104062, 49.887122328738506, 19.742021035161855, 28.384291015646042, 1.337948370811198, 41.23038913448242, 7.75177803961755, 26.75365548573141, 35.102001302047476, 72.85163779302557, 50.06965137756172, 37.60333055919862, 45.585531407444584, 66.25816148462307, 18.299881338543518, 10.660342028399251, 75.73351155424265, 4.453639586365486, 25.407853634712467, 57.91702225237283, 27.941146883334998, 25.40552601605856, 36.34766728420275, 37.95951027728881, 28.295706652526388, 19.736119921851973, 40.339254955266554, 33.33393664556695, 29.46816647229624, 66.55310406793949, 0.0, 58.39084184020858, 33.09811418796369, 32.645802152652166, 42.81609076686752, 50.44766205322676, 37.10417971170584, 53.9149240526786, 36.76795528780836, 57.31240545360321, 15.126710761075744, 34.48015874401315, 26.486646355145947], [85.66529921135836, 80.98764069292547, 67.32730270423194, 82.75334294059358, 85.11308816694591, 66.60277800001484, 37.43058833992093, 39.56568008715292, 59.3947269844692, 59.6852172436803, 97.35364556188327, 65.41255250170406, 74.94187811934133, 85.42254114377528, 85.40197667313744, 20.485416751541493, 87.17493947579094, 25.896315758153843, 30.99883375665191, 75.91251269368006, 57.778799006205304, 17.822997687382205, 58.03771580906147, 81.39262361586549, 40.2846820597724, 43.0264017820975, 67.70646782881487, 71.96076102608005, 91.78373218860315, 52.846550029813955, 49.81751540109954, 22.18554467860996, 78.87280236277672, 52.7217567043342, 81.03635183183, 58.39084184020858, 0.0, 31.25673402998063, 75.30267996769373, 41.09704815885953, 26.68193181045873, 22.662521232480426, 79.78691348262252, 40.96391293355414, 63.55174091471666, 43.63268207957303, 37.54542181994593, 70.20449269062088], [55.678837740077334, 50.74712047602595, 40.887138484934596, 55.92764245298133, 64.36026264059673, 47.837587509572224, 19.995850657115703, 14.04973664197794, 28.188359284460407, 34.14912659341863, 67.72369068403492, 38.47440671289032, 44.12342956881751, 54.573601844617585, 61.02514903770949, 34.931638637122674, 56.193996130166454, 12.509147905825154, 33.30375077053133, 48.08261759016379, 28.78279315869407, 46.232354460504936, 34.69000927297095, 52.220955726795175, 27.789320099858887, 34.539217138320105, 51.872584406572855, 40.87544918576752, 61.46609722728984, 43.058634360530206, 19.118713160520066, 9.174085860590074, 47.701185091483765, 43.65887857377345, 55.59858399069572, 33.09811418796369, 31.25673402998063, 0.0, 60.14952398509652, 43.64175964127857, 17.483658536009816, 9.726152151806241, 74.06732153638113, 12.653779522252774, 39.795167841747215, 22.46001543518379, 34.6986236276712, 53.95236892528845], [51.77788034574678, 80.0230091825522, 86.23951186972752, 35.19900218986699, 113.53538473298444, 13.699957865504071, 79.42924656220622, 46.36752345161314, 60.938269058637516, 32.592818040331835, 55.45477798017244, 34.632805875649616, 54.56920805417922, 59.0801161267808, 105.2412824481627, 58.972249347142586, 61.64147148079347, 72.05188870327183, 92.6093846139613, 37.680315724547484, 43.19021943824838, 92.94442823878055, 28.671315280434115, 45.2599427718982, 87.49078711200063, 32.380585909072195, 8.27935324645651, 67.44927007185989, 57.20732932476518, 23.02370986179692, 51.86773091991716, 64.40747458987842, 61.13926350757958, 23.494090654996633, 98.93766441270388, 32.645802152652166, 75.30267996769373, 60.14952398509652, 0.0, 40.67511060145312, 77.17889800955088, 59.785987252892845, 24.924981910229334, 67.41358974528714, 89.87572672624063, 37.693797039453315, 38.83474255366628, 6.341682651915182], [73.94998345967652, 87.09465281264278, 83.03744816539515, 63.12622456124455, 107.86136910487785, 38.101700937673165, 62.35901167203263, 36.78473272173109, 62.87534933047121, 43.98126201803662, 82.79140801189335, 50.24296550743824, 68.86430114772875, 77.84696469966143, 103.56385875317685, 21.14395393536365, 80.30650352664637, 50.69610746945671, 67.28047176888116, 59.852560751001, 49.85621562350038, 57.01024721677311, 39.431624462259656, 67.69941682900206, 69.10465454890146, 14.877964614022375, 35.335599440699816, 74.59920427190993, 80.5578392531586, 18.853189308126698, 50.11843264393019, 41.6184204899878, 75.07879639999283, 17.9634741137278, 97.74832175733994, 42.81609076686752, 41.09704815885953, 43.64175964127857, 40.67511060145312, 0.0, 55.06756669254607, 36.815006150290266, 38.96421492889782, 55.85395829818687, 83.08545356420359, 31.39060963486405, 9.588213484454513, 37.710619414405365], [70.27397635470312, 57.24150603162283, 41.27858606278418, 72.58687767376945, 58.641835575853385, 65.182529797204, 10.789045134196709, 31.503264095168905, 39.293720794129655, 51.45018060365123, 82.49267420849473, 55.38277941615152, 57.66158138503087, 67.73223329209372, 58.75292187964805, 40.146790034356805, 68.93468604711, 5.127074649352502, 15.828645528656736, 64.45685270706988, 45.070046940505, 35.756885577180235, 52.16831869783033, 67.68627882462566, 14.645777399053431, 49.23691417243904, 68.90545367334187, 50.46343744758008, 75.4965108221768, 58.5873069827336, 34.2972658611455, 13.756628282380683, 59.85848185882709, 59.01326640154369, 54.53667699810022, 50.44766205322676, 26.68193181045873, 17.483658536009816, 77.17889800955088, 55.06756669254607, 0.0, 18.775033947651018, 89.28381450562291, 18.66747123230655, 36.96723109793739, 39.65174158038655, 47.44997771939722, 71.07000369366557], [63.054072811263275, 60.44454828608238, 50.17868899754183, 61.1389178458098, 72.5668747321657, 48.75609157619897, 25.60908759867055, 17.506142665431323, 37.531644126216165, 38.32651000360334, 74.82975159847798, 43.599569960840846, 52.30943985165479, 62.7876708678679, 70.03505122813384, 25.503501858692744, 64.57653147651388, 14.028892045759573, 33.15006404796971, 53.86959958504552, 35.275573294989286, 39.031263360047234, 37.58999156349083, 58.95309879858148, 32.325030341120154, 30.53851428454829, 51.60034862380018, 50.31758019029745, 69.13373866578061, 40.06302522945018, 27.217907581001757, 5.020389194383237, 56.41608275332415, 40.42328893334473, 64.791