instance_id,num_cities,city_coordinates,distance_matrix,best_route,total_distance
1400,74,"[[23.30298934705921, 7.688396959042743], [53.650664713761444, 44.32750334708055], [75.71805714694685, 81.84119416005386], [60.94028580883622, 44.58636696125121], [17.784646068069378, 28.553030031037874], [44.4454299261551, 4.519996146407679], [30.208811648055224, 13.64867755686201], [17.604766031963702, 39.8818059325631], [27.18304400738264, 73.7997094963841], [42.93550655951248, 46.07415534899859], [9.542244096024321, 4.641078624124861], [56.42295141578193, 80.61423470112845], [39.24393710303926, 77.33987762892926], [59.2063981076999, 16.779190348692406], [65.17693776097387, 28.356103637131447], [34.18639458102979, 3.8195366079184057], [12.502403374839165, 21.836867249732173], [40.21471189055473, 40.53303537865588], [72.55182262401341, 25.350240527832657], [97.75665767595882, 32.593505190591266], [85.12490705262019, 85.79303890764466], [41.46392818107096, 15.108914618629543], [27.490069976478882, 69.08736698392944], [86.65152164241302, 36.58233920824587], [84.52743049093591, 93.22514144498766], [70.36399933154455, 67.22161767862389], [42.34932389262315, 21.33160521234929], [46.723584252104814, 77.97628754871442], [28.388323529044012, 9.019897412124667], [34.36155948569633, 65.75319324744184], [81.45713730492704, 33.48852442163095], [68.48357126331722, 72.95701853878175], [57.42593808291831, 80.07281565245368], [64.85019125230795, 55.28750997678126], [69.00529343256588, 93.5223327364308], [94.55092144719242, 86.39198205947899], [88.03061760419581, 30.091862556850735], [29.387720587492772, 25.34010863088224], [79.04415900714154, 12.2717135986653], [44.718579195274884, 36.7127864815614], [55.9920250575929, 23.17502543736444], [2.302387920759019, 27.927203111353272], [44.73507560159358, 4.076758457254892], [63.395489504146376, 76.7765801564171], [79.15344989285855, 76.99389095855138], [31.352370953396314, 56.59942620354686], [35.29293035535086, 44.109817562354245], [10.307651133276208, 26.201885795013336], [33.217942475641784, 71.89647315479137], [64.95832143021615, 66.74651419316704], [26.896650965984335, 15.22366834689588], [78.2704993974757, 76.63311530510627], [6.369477691713721, 36.866137980793326], [79.29297507914742, 90.52559613682695], [72.43405798122578, 61.95663337959255], [87.01135423988707, 85.32186286790314], [95.26129419842734, 74.55303583741942], [24.049882525496734, 70.42744972820294], [41.25516256055673, 17.916237306365446], [51.33667095821427, 87.0192802412485], [35.60141364173216, 0.8952131286318665], [31.618822080674036, 63.49444903870337], [74.88977857197229, 85.49147435760146], [11.749811043027435, 49.350748889596595], [54.6072556421446, 37.86473371911456], [32.351297094273214, 55.97388808592759], [6.367853904567832, 32.77807700145884], [12.041467748302692, 82.44139593519789], [42.127840200182554, 17.501821668896522], [97.04115840049487, 33.51269874441273], [66.96628540668577, 94.95126896115352], [11.36364593406184, 49.65421716975391], [97.37555154603731, 97.06759287686516], [59.81496341780746, 58.08414681340284]]","[[0.0, 47.5752616080742, 90.80736019288909, 52.70698507062957, 21.582053326172773, 21.37853028975816, 9.122243499143984, 32.69381180414788, 66.2250743267014, 43.11498787277273, 14.09412143051868, 80.09437993903595, 71.45237977049092, 37.03643186224813, 46.696698546071744, 11.550609936419812, 17.79977159712556, 36.942883378308494, 52.32005635881556, 78.50868196355697, 99.61066510526099, 19.618455129519134, 61.54157265064159, 69.62683708654134, 105.19014616699536, 75.88770012331507, 23.428614791844485, 74.08719072317362, 5.2567591916522485, 59.10848113024427, 63.62037017961607, 79.38058922186752, 80.0242444513729, 63.1810536967448, 97.2428153117797, 106.16271537694767, 68.4951175675043, 18.671017091044156, 55.92928380100289, 36.06996916691071, 36.17193272843063, 29.16563962503007, 21.7342645122718, 79.87856800393953, 89.00856948459409, 49.568955264370615, 38.344211611997416, 22.61919724858105, 64.96909530154356, 72.2705189008468, 8.348336284549976, 88.17483398884664, 33.73550634145082, 99.98439913256134, 73.20453120765049, 100.42763955375975, 98.22870033456694, 62.743498402555346, 20.66129815035202, 84.13843561066824, 14.04986073545064, 56.42223429439191, 93.35157028792673, 43.23456368821218, 43.480666836317965, 49.12596590859836, 30.270296613781973, 75.5965126487215, 21.229185433697342, 78.12945755638471, 97.57710926670951, 43.63115844314952, 116.08352653860048, 62.23227341119902], [47.5752616080742, 0.0, 43.52294575521705, 7.294215933224126, 39.18169600580956, 40.85797323689197, 38.60972451366026, 36.31901757041172, 39.6124460386351, 10.856583601040075, 59.33434988842505, 36.39247787550393, 36.01903186059296, 28.102948646035067, 19.696207225094327, 44.94166420083947, 46.89358296483215, 13.961476119337714, 26.784142219960845, 45.640172303770925, 52.057838700138284, 31.65821338293709, 36.01982182526294, 33.897553386089996, 57.83038713697487, 28.345652666180843, 25.62287328498628, 34.35440469532823, 43.41443215097029, 28.829321327527165, 29.84431909274501, 32.243825095973094, 35.94412387053724, 15.670071474332559, 51.535384559927486, 58.67070282693388, 37.210678970652246, 30.809278079551795, 40.89502670035235, 11.737378951519759, 21.281665582860157, 53.90376032739078, 41.22632888583257, 33.88073487947868, 41.442549770423504, 25.45219038154867, 18.359024970701473, 46.98036651498086, 34.31536440602984, 25.109264181455554, 39.532397642114006, 40.617592541113936, 47.86629941141351, 52.837409647756196, 25.76047531284004, 52.8533170026348, 51.42982889758313, 39.4640786951191, 29.175391128544167, 42.75444282740828, 47.03338492901296, 29.20229266606899, 46.32032455453059, 42.20088309640772, 6.533181267072314, 24.275529622962974, 48.67292313936915, 56.42689146434426, 29.1957648002239, 44.717948756314144, 52.345691316348386, 42.62119000477728, 68.50826791055974, 15.07460838536813], [90.80736019288909, 43.52294575521705, 0.0, 40.078730959626576, 78.71409375375637, 83.40590432071393, 81.98360047323479, 71.67806404082123, 49.1966764736573, 48.51779764508306, 101.6813457410524, 19.334077032294037, 36.75082697696416, 67.12450539242697, 54.51394414417783, 88.3869789203811, 87.1592687543657, 54.4688122351109, 56.579615439944284, 53.95400617294599, 10.20322998157581, 75.010282521836, 49.885858258160425, 46.56076242312205, 14.394419561063817, 15.56913458054271, 69.10052614574205, 29.25093095209287, 86.85070491591651, 44.37548503587566, 48.692070318407296, 11.457153331872714, 18.37739868421912, 28.691612934947326, 13.472571956595045, 19.374892212784527, 53.193913809680225, 73.06759029615698, 69.6489452839439, 54.74980194368207, 61.89374519763111, 91.08555823361017, 83.70933404115968, 13.322762037851865, 5.941234858677021, 51.04371617539953, 55.29780878184999, 85.8734758246882, 43.64810675099882, 18.537024464477152, 82.5919151427868, 5.799917827145224, 82.65579925683632, 9.391425659406009, 20.15391793057411, 11.817513015995083, 20.85798087510259, 52.91383401973693, 72.6229386077055, 24.925179396513503, 90.34155705578587, 47.763433607501284, 3.7430723902123573, 71.74653680481157, 48.78109278284631, 50.495479015439585, 84.95081020848063, 63.67941802195123, 72.58000776444285, 52.82346179690145, 15.762854116055907, 71.9547894884781, 26.474332503954617, 28.588558704293067], [52.70698507062957, 7.294215933224126, 40.078730959626576, 0.0, 46.03777942682072, 43.328908835360316, 43.60692754342142, 43.590138435251156, 44.64270103966391, 18.066144860030175, 65.09519761278949, 36.30996507710739, 39.287708105987015, 27.86118155646291, 16.77410705026705, 48.76171810843743, 53.51418682755187, 21.11821278329714, 22.469008597903894, 38.72045933235314, 47.779553342439016, 35.330563299445735, 41.46342896267226, 26.92827711459987, 54.05630192247778, 24.5185838007907, 29.772601649306306, 36.29051391190636, 48.21414734757797, 33.977392895720236, 23.326022042921274, 29.356345589691863, 35.66004319475806, 11.39306027438271, 49.596099587773686, 53.641255408085954, 30.72420437882575, 36.95920496664436, 37.04034350170639, 18.031556644577638, 21.975687254664255, 60.958435092366955, 43.630691250631955, 32.28370875125249, 37.17481617422078, 31.933654627237182, 25.651782415399797, 53.86699213749063, 38.91490999843056, 22.52147276700316, 44.957058881013374, 36.43254564866751, 55.1141999312927, 49.46952577798442, 20.828657042520852, 48.364049002305336, 45.56240621841972, 45.04068619565953, 33.14815067403264, 43.50610931382921, 50.50718133024698, 34.88930786085615, 43.21823873616015, 49.42066513964391, 9.23512991430129, 30.773461181452465, 55.8353475472352, 61.83928869525831, 32.97697232118445, 37.76107956157754, 50.724116794805276, 49.83499099035627, 63.88902615431049, 13.544608204776585], [21.582053326172773, 39.18169600580956, 78.71409375375637, 46.03777942682072, 0.0, 35.894067944819895, 19.403597940417576, 11.330203892885953, 46.212464622279896, 30.6521714706759, 25.292659218740553, 64.83276696119125, 53.29782050200007, 43.06256893054812, 47.39270082945222, 29.677652386836346, 8.544526340013231, 25.428888708120567, 54.8607463357161, 80.07401626075323, 88.38059382953612, 27.229627992487742, 41.680063884937574, 69.33337116594956, 92.93589870042453, 65.26751152192304, 25.6041475748773, 57.27233648872723, 22.225688866814288, 40.726480351027085, 63.8634891404102, 67.3950681530124, 65.00554086447684, 54.12853186129251, 82.73188629822891, 96.11662399050263, 70.26282461299705, 12.039692779588293, 63.3861908486651, 28.14282109228992, 38.584021856963744, 15.494901634839762, 36.40622916747943, 66.37665120842787, 78.18341953562891, 31.15579395279868, 23.421222363036225, 7.837941851883959, 46.009137134117616, 60.69676992736948, 16.14622296905065, 77.26728319895906, 14.121396278160228, 87.31479535262865, 64.0496599454003, 89.52674184826543, 90.10344909992311, 42.34052683708367, 25.768323653116532, 67.40950072409568, 32.899727089763786, 37.58040963343766, 80.64107266534522, 21.655584579944318, 37.98173773564497, 31.049811248792086, 12.173502585815378, 54.193542761414605, 26.73425343669077, 79.41154236536615, 82.62904925662926, 22.056503380727417, 105.01884381746756, 51.3676399587656], [21.37853028975816, 40.85797323689197, 83.40590432071393, 43.328908835360316, 35.894067944819895, 0.0, 16.91195211351729, 44.39458108410515, 71.3979597009854, 41.58158264914172, 34.903395852825724, 77.03112463321061, 73.0054153246005, 19.18786137499199, 31.590432687990994, 10.28292029423505, 36.33498273107103, 36.26069455816039, 34.983830428872565, 60.251215043725885, 90.88524269072758, 11.000661210459176, 66.75649487423033, 53.00328311129584, 97.34048269716601, 67.84736975588125, 16.941778533845238, 73.4916099545618, 16.67572418965207, 62.05794768016468, 47.00044801408016, 72.53591022989711, 76.65978168062418, 54.71466663788089, 92.32877565492404, 95.98740728822136, 50.53304796510476, 25.694584923555627, 35.45646876775989, 32.19394912225569, 21.939324897904168, 48.20719165610434, 0.5294849066646898, 74.70019203994704, 80.35615769342604, 53.70004868098903, 40.63400310257548, 40.44122005634653, 68.30553512353659, 65.52036527737806, 20.55549176177588, 79.65197599266654, 49.960494694605, 92.79716931513506, 63.89311854230914, 91.32797807003433, 86.5267514130793, 68.99109211636674, 13.770878079474404, 82.78659963498434, 9.558016319566216, 60.35319347613149, 86.50571454056605, 55.486934369017675, 34.858775447150116, 52.85613535512217, 47.417517114357295, 84.39052855544966, 13.187077615388342, 60.057368054909325, 93.19336904774897, 55.9598279079179, 106.61451793859459, 55.725584756264176], [9.122243499143984, 38.60972451366026, 81.98360047323479, 43.60692754342142, 19.403597940417576, 16.91195211351729, 0.0, 29.103934274742468, 60.22708620882092, 34.83360982467442, 22.54426430193951, 71.91360766505825, 64.3288617854179, 29.16607842724801, 37.935184535673116, 10.603451220375868, 19.508032816874163, 28.686002425453097, 43.93013947705729, 70.15424432691927, 90.6674495571348, 11.349446702298913, 55.50531363453056, 60.923988282509306, 96.34794215724753, 66.95146758052535, 14.367303676054005, 66.41369679085284, 4.973910194180795, 52.26974143759382, 54.9546213366107, 70.58637640248826, 71.78396821793537, 54.164726032539434, 88.79734112348478, 97.11588666827218, 60.11438743739663, 11.720228286526735, 48.85475597549119, 27.248605005848408, 27.486822254711736, 31.347165378350567, 17.396378350027092, 71.31961633199441, 80.05119408116427, 42.965969524677696, 30.882508211997173, 23.529539453746, 58.32547093985346, 63.45792846883859, 3.667561093226371, 79.22730102550037, 33.27708388694529, 91.21028291854337, 64.16096962848846, 91.45257972046339, 89.11322204663553, 57.11183219983175, 11.842040985307584, 76.35202536475359, 13.846696760756338, 49.8657103031737, 84.6036421048675, 40.19169815750617, 34.37588464877792, 42.37940172084759, 30.566733375316588, 71.15118049795736, 12.526370630575032, 69.72188974904361, 89.22568714316292, 40.63913327820119, 107.09848916622978, 53.39508545421187], [32.69381180414788, 36.31901757041172, 71.67806404082123, 43.590138435251156, 11.330203892885953, 44.39458108410515, 29.103934274742468, 0.0, 35.24439801073437, 26.07664869129527, 36.15125338346111, 56.26706203347328, 43.2592286090885, 47.585992037374055, 48.94847634418616, 39.691783459330885, 18.752437621598606, 22.61932252566102, 56.836127781912374, 80.48257613804469, 81.65054045590608, 34.394123953218475, 30.83316445648312, 69.12554477900329, 85.58127401411642, 59.42223493499419, 30.925767419414896, 47.94888011352208, 32.69162751862848, 30.823997282110017, 64.17163988599933, 60.684615107262324, 56.57776069990812, 49.69372114612851, 74.29212833710247, 89.91055175306883, 71.10304888662456, 18.716275763927385, 67.35811909372688, 27.2983799617445, 41.86523820564622, 19.418426930911632, 44.922768414836426, 58.804886881406915, 71.87174229128274, 21.64429413495865, 18.186457584499394, 15.504454224976334, 35.618958379091346, 54.443289382464066, 26.350766114494164, 70.92947162760889, 11.632968549939799, 79.8137119905003, 59.10625400474589, 82.95826216207274, 85.04487374312554, 31.218197922130653, 32.27735213786725, 57.96363423868092, 42.93988523097992, 27.45816238196483, 73.22441201915439, 11.132896237997729, 37.057425944954836, 21.82693946485149, 13.294027188381405, 42.92166106973677, 33.20007322735789, 79.69131670954737, 73.95407597447452, 11.595326707997835, 98.15086576271982, 45.967662295293856], [66.2250743267014, 39.6124460386351, 49.1966764736573, 44.64270103966391, 46.212464622279896, 71.3979597009854, 60.22708620882092, 35.24439801073437, 0.0, 31.888029560257543, 71.37306246503641, 30.023489787462413, 12.56972285579701, 65.39751380371108, 59.23391997876116, 70.32973422925009, 53.99683494180302, 35.72808383712213, 66.37527488831577, 81.72261755188818, 59.1700890950831, 60.40325368856352, 4.722333840421167, 70.15434757299438, 60.54523984232745, 43.679127677532094, 54.61609664483359, 19.981904746115028, 64.79102370234091, 10.783204913979933, 67.60672189510119, 41.30912344347456, 30.886639553525217, 41.97041234756299, 46.239403266597954, 68.53463532440006, 74.91864318518637, 48.509725982184584, 80.46905944652217, 41.02358898284245, 58.247884298289605, 52.18557165870213, 71.89828728620027, 36.334597393980424, 52.068473024608295, 17.698390676460143, 30.777588268597853, 50.50080896146332, 6.327899184891921, 38.428103626868676, 58.57674126921622, 51.1659680521306, 42.3944954879051, 54.728422233908965, 46.77512926298617, 60.927717203204004, 68.08241806553713, 4.603133369311244, 57.62800521089702, 27.53460995834905, 73.38892653483995, 11.219381454257212, 49.118528972132395, 28.912563955559307, 45.204091273923005, 18.559923192934917, 46.00050512293346, 17.434049332163532, 58.247739072694486, 80.64241676618211, 45.05657292811897, 28.866211304872397, 73.94851257173303, 36.21907059618142], [43.11498787277273, 10.856583601040075, 48.51779764508306, 18.066144860030175, 30.6521714706759, 41.58158264914172, 34.83360982467442, 26.07664869129527, 31.888029560257543, 0.0, 53.21475194760078, 37.08002495147943, 31.482901307498953, 33.51025046373185, 28.436079517995065, 43.15089530202211, 38.905268330340746, 6.173065215625027, 36.147016789043, 56.45428715718243, 57.94424238104354, 31.0001883286796, 27.715869479318695, 44.73460124308968, 62.87371172550152, 34.63433814479983, 24.749492871240122, 32.12624427930009, 39.80751895527193, 21.465719206049595, 40.5254752115997, 37.08627702251052, 36.95783419201194, 23.77265884754855, 54.138372020182324, 65.4956350048128, 47.843523313258, 24.767785489475745, 49.46149866177068, 9.529668152492345, 26.359871509561913, 44.501260721763764, 42.03593456103789, 36.895118798425045, 47.621103194509395, 15.650889975694021, 7.890981813212869, 38.203194198150825, 27.590272716801778, 30.20514517447907, 34.77064044588419, 46.71629001170689, 37.70758612022072, 57.426440820148834, 33.50250206136496, 59.01747956523608, 59.573775152382034, 30.81801003105781, 28.208011352282025, 41.79811976268738, 45.77035873879372, 20.773395962845154, 50.74249242668552, 31.357354322027938, 14.26969972161753, 14.492418647923623, 38.90988203678592, 47.71810790384546, 28.583746725632178, 55.54468249226468, 54.46513166290202, 31.77419119337754, 74.59255438073748, 20.71607971615538], [14.09412143051868, 59.33434988842505, 101.6813457410524, 65.09519761278949, 25.292659218740553, 34.903395852825724, 22.54426430193951, 36.15125338346111, 71.37306246503641, 53.21475194760078, 0.0, 89.27329479246032, 78.53219686360436, 51.12594204446032, 60.478273376149765, 24.657840221965667, 17.448715981771247, 47.21263432891275, 66.32553334145761, 92.53713262364158, 110.89805948468324, 33.594188563401374, 66.8987932416587, 83.46307453855702, 116.05996021251345, 87.26746116555248, 36.80866966589026, 82.22228970185253, 19.348094582511937, 65.95975265376185, 77.48501141696977, 90.22830872107086, 89.34648902414386, 74.99353323721719, 106.93798001166974, 117.93932947703067, 82.51161844703165, 28.675647863545635, 69.91954495294472, 47.602195284540436, 50.01089217214278, 24.385633292437284, 35.19735567667157, 90.02056777371911, 100.40243734685902, 56.35025746807806, 47.12620498406776, 21.57438883938339, 71.30095923084224, 83.23476890296254, 20.326501003581857, 99.53103245851142, 32.38087239709777, 110.64047550995812, 85.09085186257002, 111.85191984348342, 110.61391102321538, 67.36704087195595, 34.37934024347687, 92.37392607446333, 26.327017030462677, 62.85773225839368, 103.9571390157741, 44.76413706386741, 55.98809269409692, 56.172148133382535, 28.315498066848658, 77.84044894890931, 35.031696863368964, 92.13919064562751, 107.02079704038321, 45.049973877723865, 127.50431535646358, 73.37239157537803], [80.09437993903595, 36.39247787550393, 19.334077032294037, 36.30996507710739, 64.83276696119125, 77.03112463321061, 71.91360766505825, 56.26706203347328, 30.023489787462413, 37.08002495147943, 89.27329479246032, 0.0, 17.48828027547816, 63.895699878506896, 52.98626745897182, 79.94929715196025, 73.37433791683044, 43.23435633422698, 57.56951917844886, 63.359811678435115, 29.165429370891513, 67.19166120321225, 31.144506863178485, 53.40949614668257, 30.804167136737874, 19.33170990112019, 60.93026465365534, 10.051690830638751, 76.88751194179392, 26.59991667244538, 53.362374689282795, 14.286060004902176, 1.1397880683360515, 26.691971761658795, 18.025934802841793, 38.56325275768452, 59.59492133532094, 61.5315587220765, 71.98902154865009, 45.434892812149386, 57.44082571109729, 75.53117694542284, 77.42474869723115, 7.958886844165874, 23.01700349373913, 34.71663912155767, 42.17878922700239, 71.32548376019948, 24.788541834702134, 16.28392499891338, 71.74767303807846, 22.207311058698565, 66.47741118980028, 24.92534990470443, 24.585801197507823, 30.94854035792857, 39.30845967177666, 33.93797544727399, 64.5065942060996, 8.178927635334986, 82.39331790717229, 30.138544974834723, 19.100030677548204, 54.526094815708944, 42.78804255108676, 34.446933435234115, 69.23735097709049, 44.419079354507254, 64.71110324679523, 62.196410090412506, 17.796416577976608, 54.67050115041922, 44.13420955095577, 22.783998895069445], [71.45237977049092, 36.01903186059296, 36.75082697696416, 39.287708105987015, 53.29782050200007, 73.0054153246005, 64.3288617854179, 43.2592286090885, 12.56972285579701, 31.482901307498953, 78.53219686360436, 17.48828027547816, 0.0, 63.76595246067636, 55.425000113702886, 73.69409257333768, 61.60920213157871, 36.81964204232009, 61.744130116004065, 73.66122667479152, 46.65318144691015, 62.27054775394088, 14.361661616076043, 62.51924511677466, 47.98891934517232, 32.723652875679925, 56.0942956654485, 7.506672968800856, 69.17704852689569, 12.573339498897484, 60.867852347490384, 29.566292625741603, 18.38624784649517, 33.793300676649565, 33.87639567426495, 56.04286851925034, 67.91549986986246, 52.925617425322336, 76.27531470852887, 40.994295226709454, 56.6950585418829, 61.69514129140749, 73.46861392984943, 24.1581205275982, 39.91101248899643, 22.191059948160138, 33.4641202834986, 58.757151518173146, 8.12054576481702, 27.81094946613481, 63.33150030213779, 39.0329614236981, 52.142628267972654, 42.16383065355032, 36.581803229794225, 48.429724635608025, 56.08663640407696, 16.692541867195676, 59.457666091315744, 15.489514099011252, 76.53139687559087, 15.806273183497245, 36.56602990830704, 39.23414705828023, 42.359397342674725, 22.450256021749485, 55.376808517963894, 27.676701899333597, 59.907510698991004, 72.5350977023018, 32.84341182224277, 39.29130222743585, 61.38784363905465, 28.177123573617298], [37.03643186224813, 28.102948646035067, 67.12450539242697, 27.86118155646291, 43.06256893054812, 19.18786137499199, 29.16607842724801, 47.585992037374055, 65.39751380371108, 33.51025046373185, 51.12594204446032, 63.895699878506896, 63.76595246067636, 0.0, 13.025830685194451, 28.177175187646867, 46.977049924855805, 30.41265031328283, 15.860745779879391, 41.667914115045896, 73.72028485326076, 17.820916365657776, 61.172467769662845, 33.84375142606531, 80.53035527035784, 51.66169315852664, 17.46096882144429, 62.457228144245875, 31.779873310179607, 54.91556214844857, 27.826197009007277, 56.93868914819258, 63.31866266743775, 38.91970043099225, 77.36619580367363, 78.07160879516502, 31.75000584100807, 31.023263059975456, 20.34340443867375, 24.64234468607948, 7.158135273012278, 57.985727243106304, 19.255413551319744, 60.14345575761214, 63.4326023780733, 48.595246807161274, 36.31552180314625, 49.798339782997054, 60.936973095707216, 50.29729688647999, 32.34717003169937, 62.8166561564276, 56.526326824056255, 76.43299641580258, 47.07411544086533, 73.9676519945619, 68.10119495771315, 64.14137761486678, 17.987210274330202, 70.67957861731853, 28.45164360746107, 54.2530160039198, 70.47940405897386, 57.55896178363876, 21.581293998378033, 47.51232241381787, 55.20757310038551, 80.84587743534793, 17.09383913067404, 41.37003008994431, 78.55628380648974, 58.04908547112231, 88.89944800011551, 41.30943936061455], [46.696698546071744, 19.696207225094327, 54.51394414417783, 16.77410705026705, 47.39270082945222, 31.590432687990994, 37.935184535673116, 48.94847634418616, 59.23391997876116, 28.436079517995065, 60.478273376149765, 52.98626745897182, 55.425000113702886, 13.025830685194451, 0.0, 39.5279254219981, 53.0764261783975, 27.773915587175818, 7.963927408944228, 32.85412792426746, 60.80232735783713, 27.162379134171672, 55.49176350803979, 22.99627588442168, 67.69367500002782, 39.21012355816208, 23.88395974377543, 52.940427908571046, 41.56069066175083, 48.45750560614973, 17.07005097532212, 44.72332093195978, 52.29432376161865, 26.933388400129967, 65.27858547924104, 65.046092133592, 22.919501334101355, 35.91607288900492, 21.23693546629723, 22.099289204974422, 10.545434684299652, 62.876012701750376, 31.738877278610516, 48.45323626184784, 50.606098910076014, 44.06570763429163, 33.78214618784735, 54.91155861513805, 54.010565238499844, 38.39103301242418, 40.47025097227437, 50.021107663851765, 59.42001383648385, 63.751927870753555, 34.37530207671203, 61.00688049484981, 55.12916693524174, 58.83394287532244, 26.10061565832412, 60.27371960031499, 40.35854475136152, 48.58858349008084, 57.95506762989185, 57.404120049107654, 14.217321341557044, 42.89830652880738, 58.9750980708351, 75.81950287646816, 25.476976575190903, 32.27877057857862, 66.61920000668762, 57.874692373237494, 75.88161492233621, 30.207736094368787], [11.550609936419812, 44.94166420083947, 88.3869789203811, 48.76171810843743, 29.677652386836346, 10.28292029423505, 10.603451220375868, 39.691783459330885, 70.32973422925009, 43.15089530202211, 24.657840221965667, 79.94929715196025, 73.69409257333768, 28.177175187646867, 39.5279254219981, 0.0, 28.192546498792787, 37.20512869986153, 43.99405960136397, 69.77907722200932, 96.51107258807974, 13.431773939746618, 65.61044463499134, 61.854593942528716, 102.60400612434506, 72.9975545452091, 19.321127341652815, 75.20907415294886, 7.788541610455724, 61.93390434556998, 55.81014204926475, 77.17698968032178, 79.71598928207523, 59.910105232719005, 96.22342412586947, 102.28433336355387, 59.91189751406131, 22.04908824173513, 45.647106427367866, 34.538280211939565, 29.15682541545338, 39.97210858777688, 10.551816637592733, 78.58690367717237, 85.88668230901148, 52.855921481407485, 40.3054730875005, 32.72864103162066, 68.08382472428673, 70.04795493107603, 13.534939330970397, 85.11889061870438, 43.19558689871936, 97.73711865644393, 69.59027070369605, 97.12417592313922, 93.45250813394473, 67.37479474470656, 15.769732126132727, 84.94898069115169, 3.2486838494469645, 59.7301230717503, 91.25278562379461, 50.75915260026511, 39.699962378037014, 52.18662626456724, 40.15555088767033, 81.68105379159454, 15.819971018046324, 69.51550339647176, 96.84789044808153, 51.20249796648772, 112.64133147244408, 60.01226092536938], [17.79977159712556, 46.89358296483215, 87.1592687543657, 53.51418682755187, 8.544526340013231, 36.33498273107103, 19.508032816874163, 18.752437621598606, 53.99683494180302, 38.905268330340746, 17.448715981771247, 73.37433791683044, 61.60920213157871, 46.977049924855805, 53.0764261783975, 28.192546498792787, 0.0, 33.42930968439498, 60.152111716500606, 85.93016429770579, 96.76993300382969, 29.732730545786414, 49.57055451871891, 75.60106271169717, 101.4095174214504, 73.53733649072294, 29.851196862459883, 65.74742376808625, 20.411692114175942, 49.05574782852601, 69.93222752222808, 75.81003248893437, 73.54964076752812, 62.122752631521, 91.2764073949025, 104.39981880237566, 75.97799742159661, 17.24490178419519, 67.22571983249836, 35.48485532568977, 43.510204107130676, 11.879920293117367, 36.80172038367248, 74.88977413528528, 86.51392527427262, 39.544364740505024, 31.866792051883152, 4.88572658900333, 54.176542004881775, 69.05432446716421, 15.840731152433074, 85.60415442832684, 16.232429151001124, 95.80773426354028, 72.12072419335453, 97.88732516342097, 98.1225175019274, 49.94385828439711, 29.01883009262588, 75.87389078025309, 31.17879331593552, 45.83439303232474, 89.12964484415421, 27.524172614456013, 45.05231501279338, 39.48815991479254, 12.543634562378044, 60.60628151305149, 29.940927294930844, 85.34123354147162, 91.17033609457627, 27.840648790605783, 113.41566628502042, 59.60154036253071], [36.942883378308494, 13.961476119337714, 54.4688122351109, 21.11821278329714, 25.428888708120567, 36.26069455816039, 28.686002425453097, 22.61932252566102, 35.72808383712213, 6.173065215625027, 47.21263432891275, 43.23435633422698, 36.81964204232009, 30.41265031328283, 27.773915587175818, 37.20512869986153, 33.42930968439498, 0.0, 35.72402539006702, 58.08710411423152, 63.76043874487443, 25.454792432092106, 31.26125981571089, 46.60456308304126, 68.8482031099006, 40.26487251167687, 19.319717617784253, 38.00477012809766, 33.659193783792674, 25.890456851917197, 41.839727397339814, 43.01677689233757, 43.1233177195924, 28.715873033047345, 60.30558199700824, 71.10180489732608, 48.94260852376603, 18.656065068491667, 48.02528784017834, 5.905854919846809, 23.45685656461173, 39.95311397052944, 36.73545719124714, 43.02258696113442, 53.34434653109977, 18.348569454444537, 6.084184766252237, 33.16344571253546, 32.134405415115175, 36.04708982164925, 28.599559547987955, 52.45434904245814, 34.043296175618025, 63.45365856273651, 38.69181843511852, 64.77626728233787, 64.7107924151116, 33.984963111703486, 22.640717582255824, 47.79821058290376, 39.90538150998044, 24.5176638139001, 56.77694501101946, 29.79937334610556, 14.637798652384161, 17.327816497933004, 34.723899189976116, 50.49794421593878, 23.110535798066362, 57.25845046283722, 60.638196145896664, 30.258551916642695, 80.39600600551076, 26.30991015808451], [52.32005635881556, 26.784142219960845, 56.579615439944284, 22.469008597903894, 54.8607463357161, 34.983830428872565, 43.93013947705729, 56.836127781912374, 66.37527488831577, 36.147016789043, 66.32553334145761, 57.56951917844886, 61.744130116004065, 15.860745779879391, 7.963927408944228, 43.99405960136397, 60.152111716500606, 35.72402539006702, 0.0, 26.224961257751048, 61.73665303554671, 32.73136015007697, 62.797275277707605, 18.026690022741253, 68.92327152925857, 41.92849621990838, 30.46867833396258, 58.62251037306566, 47.08603570686445, 55.5958162727815, 12.063842435234, 47.780288631585236, 56.77457715756527, 30.912056350954543, 68.2642807433243, 64.88493321448604, 16.188763804089223, 43.164103225649214, 14.6013115283746, 30.063214903167193, 16.702049458992374, 70.29668421969609, 35.01902988828355, 52.23511121646521, 52.0638849146607, 51.709829078761956, 41.71506662588413, 62.249997463690015, 60.940182960747826, 42.08696631684752, 46.76475342883595, 51.600741365419005, 67.1767718403095, 65.52305025853286, 36.60658227871688, 61.690141357031195, 54.19072951590712, 66.21474898097891, 32.16745770222368, 65.21620288990857, 44.31005629711513, 55.95079245553009, 60.18666002181484, 65.3674920271342, 21.877386132749436, 50.53602717497397, 66.59947800197448, 83.19196519455696, 31.419999763062908, 25.813819765983297, 69.82479061896349, 65.83825823373358, 75.89200317259655, 35.12458118115011], [78.50868196355697, 45.640172303770925, 53.95400617294599, 38.72045933235314, 80.07401626075323, 60.251215043725885, 70.15424432691927, 80.48257613804469, 81.72261755188818, 56.45428715718243, 92.53713262364158, 63.359811678435115, 73.66122667479152, 41.667914115045896, 32.85412792426746, 69.77907722200932, 85.93016429770579, 58.08710411423152, 26.224961257751048, 0.0, 54.67862024157264, 58.94558763345862, 79.17825014181592, 11.799781487127463, 62.05809992900511, 44.1527338412657, 56.54027792731388, 68.29327578648756, 73.26445772686104, 71.54371661145835, 16.32407497378062, 49.86107497769712, 62.296483567103365, 39.97315831563071, 67.37182624782342, 53.8939037200004, 10.042612774795614, 68.75262409725921, 27.624858731515012, 53.19780303055122, 42.81345931607277, 95.56825827435149, 60.20376242330624, 55.971724929354835, 48.1401453691706, 70.61029343383693, 63.51647566913081, 87.68227610982777, 75.56433716047916, 47.35144015147607, 72.9578767708753, 48.15804837711541, 91.48700485004807, 60.80324610116403, 38.774055144431514, 53.81209203589644, 42.033665685817944, 82.84984044858415, 58.3767174721321, 71.53307037126481, 69.77145605904715, 73.00055909329117, 57.62889294399379, 87.62409990481177, 43.47018226411811, 69.45864594960695, 91.3889901548276, 99.15596803027239, 57.63960656763909, 1.164841621241437, 69.5452207340351, 88.06145792042904, 64.47521403500417, 45.709353238934035], [99.61066510526099, 52.057838700138284, 10.20322998157581, 47.779553342439016, 88.38059382953612, 90.88524269072758, 90.6674495571348, 81.65054045590608, 59.1700890950831, 57.94424238104354, 110.89805948468324, 29.165429370891513, 46.65318144691015, 73.72028485326076, 60.80232735783713, 96.51107258807974, 96.76993300382969, 63.76043874487443, 61.73665303554671, 54.67862024157264, 0.0, 83.08144499541883, 60.00711557154001, 49.23437332809443, 7.456079825708836, 23.723028542237895, 77.3629559203291, 39.18881466230791, 95.46284704019082, 54.57575350176178, 52.43295500484129, 21.016600004810467, 28.28345516505604, 36.62855984249414, 17.87691042522594, 9.445024100859257, 55.776914585442796, 82.22646006058804, 73.77235777702487, 63.57312725612395, 69.06330736578128, 101.03476940019642, 91.15310732656945, 23.52581806034616, 10.634063439762858, 61.18621299981879, 64.96704428614301, 95.64897967356306, 53.73497474940382, 27.739165080531173, 91.49079663130671, 11.440590225475392, 92.71601419456432, 7.510561128883745, 27.004293707680365, 1.9443996119043105, 15.135521576356636, 62.97824983135136, 80.81964289341022, 33.8104801234699, 98.28640405275736, 57.966613142121496, 10.239570117598324, 81.92646224619052, 56.81944637055331, 60.61547379806619, 94.93818834631023, 73.16025294627275, 80.6996784991296, 53.621180645048895, 20.337372440735574, 82.13852980424713, 16.64913984892184, 37.52833526667196], [19.618455129519134, 31.65821338293709, 75.010282521836, 35.330563299445735, 27.229627992487742, 11.000661210459176, 11.349446702298913, 34.394123953218475, 60.40325368856352, 31.0001883286796, 33.594188563401374, 67.19166120321225, 62.27054775394088, 17.820916365657776, 27.162379134171672, 13.431773939746618, 29.732730545786414, 25.454792432092106, 32.73136015007697, 58.94558763345862, 83.08144499541883, 0.0, 55.75788762924037, 50.03025650977079, 89.19983253784042, 59.58983078279027, 6.285364252865799, 63.08700786307695, 14.423854115915804, 51.139872887188645, 44.01439347003513, 63.84719445244801, 66.89614486380489, 46.489104372865626, 83.10951173501968, 88.87915704941129, 48.917740061752795, 15.827574696066073, 37.687178968031446, 21.847655084567716, 16.617091881364757, 41.20600387616745, 11.506905536057399, 65.45146564400409, 72.45861124432342, 42.70487256914248, 29.650186942351347, 33.072157610277316, 57.383125435550724, 56.7311925131647, 14.567729194329946, 71.69345126870472, 41.291612024490306, 84.37246375704628, 56.15921734626225, 83.69244961427819, 80.17331312774591, 57.994735215910154, 2.8150743786595456, 72.58492773243198, 15.375252413236051, 49.37697900078763, 77.91657198417336, 45.336872096933924, 26.278781548675568, 41.86867685761094, 39.29292212259881, 73.48023011779318, 2.483300892026225, 58.54509192930928, 83.81629776493368, 45.8192636311228, 99.21358056809983, 46.729338497935366], [61.54157265064159, 36.01982182526294, 49.885858258160425, 41.46342896267226, 41.680063884937574, 66.75649487423033, 55.50531363453056, 30.83316445648312, 4.722333840421167, 27.715869479318695, 66.8987932416587, 31.144506863178485, 14.361661616076043, 61.172467769662845, 55.49176350803979, 65.61044463499134, 49.57055451871891, 31.26125981571089, 62.797275277707605, 79.17825014181592, 60.00711557154001, 55.75788762924037, 0.0, 67.50299396262822, 61.934583637811414, 42.914506158330774, 50.01410010515399, 21.188227396310527, 60.074185472666954, 7.6376752078344605, 64.65076912000794, 41.175737405782876, 31.887870448415306, 39.82731117163689, 48.172412540112106, 69.25754473622379, 72.01254941040608, 43.78839676500773, 76.71924507824598, 36.6733553497147, 54.03984224379527, 48.25534599769602, 67.25897293312444, 36.71952002232278, 52.26488252876355, 13.07157350018121, 26.167969069062305, 46.19956725022566, 6.37962387965319, 37.54130337093406, 53.8669674010259, 51.33800083668415, 38.52644568256747, 56.06370168199945, 45.50614705187479, 61.69556010745184, 67.99126685507208, 3.6919793416803737, 52.990209344050584, 29.836452393843977, 68.67287487414823, 6.951785747556358, 50.158021428926524, 25.244600315585206, 41.35449898638976, 13.985523154287753, 42.006101352299254, 20.420318313770874, 53.6221297839918, 78.12112980056656, 47.194417150543984, 25.252898132611175, 75.27863956813249, 34.146296872638054], [69.62683708654134, 33.897553386089996, 46.56076242312205, 26.92827711459987, 69.33337116594956, 53.00328311129584, 60.923988282509306, 69.12554477900329, 70.15434757299438, 44.73460124308968, 83.46307453855702, 53.40949614668257, 62.51924511677466, 33.84375142606531, 22.99627588442168, 61.854593942528716, 75.60106271169717, 46.60456308304126, 18.026690022741253, 11.799781487127463, 49.23437332809443, 50.03025650977079, 67.50299396262822, 0.0, 56.68261469313518, 34.69940587693697, 46.85370436662487, 57.51259986696612, 64.45376988324465, 59.876363180531754, 6.0459340535104005, 40.65946036750367, 52.398056030135336, 28.725971180424683, 59.61167866302497, 50.432142907506396, 6.635374355235054, 58.35692469289394, 25.473093329898493, 41.933145347876234, 33.46282703815479, 84.79202639664416, 53.043390056180634, 46.437269904848364, 41.10127242347963, 58.81054190112538, 51.90730034747585, 77.04635213545245, 64.04869584125944, 37.154708826303604, 63.45736671593139, 40.91828686334484, 80.28254556655084, 54.44284319896104, 29.085925765758564, 48.74085192185807, 38.93458598689639, 71.16499649569816, 49.08413978160583, 61.57128957244469, 62.287113391964525, 61.260588281367596, 50.30349988930185, 75.98222513525727, 32.06991610805155, 57.65888096255358, 80.37375016993242, 87.57689892870066, 48.43990461116367, 10.833616411064556, 61.599029912460935, 76.41425405064618, 61.42858234349098, 34.38791339456103], [105.19014616699536, 57.83038713697487, 14.394419561063817, 54.05630192247778, 92.93589870042453, 97.34048269716601, 96.34794215724753, 85.58127401411642, 60.54523984232745, 62.87371172550152, 116.05996021251345, 30.804167136737874, 47.98891934517232, 80.53035527035784, 67.69367500002782, 102.60400612434506, 101.4095174214504, 68.8482031099006, 68.92327152925857, 62.05809992900511, 7.456079825708836, 89.19983253784042, 61.934583637811414, 56.68261469313518, 0.0, 29.610572950800254, 83.35270378489423, 40.7634436180148, 101.20337174774735, 57.19547666977677, 59.81546717733836, 25.849607831777913, 30.124318490130037, 42.73707553719188, 15.524981852566977, 12.1310526393187, 63.23039793578549, 87.4572197614813, 81.13891634865918, 69.12590617845339, 75.63919695453365, 104.99894464369879, 97.62615273054064, 26.778986133403514, 17.097753063544634, 64.56802593984106, 69.54387854942306, 100.00346216917444, 55.56595766676605, 32.92518383504034, 96.98214554301174, 17.732583515517874, 96.35871967415565, 5.889572847738135, 33.52565070650071, 8.28442450974156, 21.537487270133973, 64.63179214230061, 86.85574370413688, 33.76594781194551, 104.49196518217067, 60.689660691649316, 12.356938987047874, 84.97966941927429, 62.92846419989251, 64.1093189251549, 98.80671541955265, 73.28372235323695, 86.7856348408877, 61.00958284945012, 17.64577379635554, 85.15494590969358, 13.410393269881292, 42.96039492995299], [75.88770012331507, 28.345652666180843, 15.56913458054271, 24.5185838007907, 65.26751152192304, 67.84736975588125, 66.95146758052535, 59.42223493499419, 43.679127677532094, 34.63433814479983, 87.26746116555248, 19.33170990112019, 32.723652875679925, 51.66169315852664, 39.21012355816208, 72.9975545452091, 73.53733649072294, 40.26487251167687, 41.92849621990838, 44.1527338412657, 23.723028542237895, 59.58983078279027, 42.914506158330774, 34.69940587693697, 29.610572950800254, 0.0, 53.765372537563096, 25.971756758887814, 71.75930323697726, 36.032373571054286, 35.510270215551486, 6.035795949705124, 18.23586351768874, 13.146292487763777, 26.335787329637036, 30.86276189719861, 41.118464424081004, 58.592800068150815, 55.631260370321556, 39.85569413492429, 46.33201843864462, 78.59029179241735, 68.14774374579216, 11.826133652491041, 13.143506618378815, 40.43189459384681, 42.00160929949395, 72.72814697704696, 37.439068012772616, 5.426516091822034, 67.77312969487187, 12.29182780817617, 70.82904734355941, 24.95600168059124, 5.6573140696064, 24.591732378105096, 25.95428642647732, 46.42493699138804, 57.2568328831861, 27.458817672472488, 74.88410581939769, 38.92403558563501, 18.822070576944192, 61.2779815267798, 33.31818733823226, 39.64185858874264, 72.67643444673298, 60.2756944419351, 57.17813216379579, 42.987928906883816, 27.93703671053672, 61.56017593921329, 40.25426919682312, 13.956200504509754], [23.428614791844485, 25.62287328498628, 69.10052614574205, 29.772601649306306, 25.6041475748773, 16.941778533845238, 14.367303676054005, 30.925767419414896, 54.61609664483359, 24.749492871240122, 36.80866966589026, 60.93