instance_id,num_cities,city_coordinates,distance_matrix,best_route,total_distance
2712,78,"[[40.53723287429531, 15.930776254590839], [70.59834412817374, 73.12354889985943], [70.56488222441114, 22.15573113149848], [89.08124432502223, 22.122726117667934], [3.545766886329904, 48.48624320300859], [31.12788001580614, 56.14086771267234], [75.82112360956856, 15.781379064775415], [37.98198190046978, 53.305242375663845], [56.15244358940613, 85.18181671205322], [25.401393599769882, 31.531000065085145], [23.80361052703287, 76.38050138742439], [2.5243319116828977, 93.64129172176966], [84.99360039540767, 92.95206621853531], [67.48346000038715, 85.38350901014415], [50.65896892968064, 49.78862592058053], [13.823927644105593, 20.334508658213778], [7.912003857325978, 29.893435049620585], [69.34105702300158, 21.688527202470944], [5.317327464043564, 25.00942298083224], [71.86189714477017, 48.52509374502242], [68.0276874431958, 35.35541481599066], [1.6375124031640431, 73.79116162122628], [24.185448155462062, 28.72629761733854], [39.609433822944794, 51.38904661044735], [84.8295475089457, 19.53891655101797], [36.56925362982268, 23.27177749340523], [86.21896218972722, 6.1579462598879475], [0.46881202085653495, 84.12680744251155], [4.556888091550915, 22.869909814808665], [59.0822001624914, 11.294992558768946], [42.581191522550974, 99.96621453967579], [20.53144253116914, 45.10064900997447], [89.83153058269981, 14.431491503142379], [75.53727720742889, 42.89832265576907], [93.21889405450476, 8.233414239968695], [16.83397888409306, 77.51014207295545], [39.81255564015519, 34.149510678034154], [88.72895052363515, 79.24577730134605], [20.426203221515827, 55.81896485940918], [16.896108358159434, 10.76517261301808], [70.92432182074222, 60.2211129456015], [66.20372389471716, 47.88329920713809], [63.230866602927314, 65.80095545091827], [77.03883653170128, 82.8547447457218], [85.6731795749088, 55.58433145418539], [92.17726992505668, 33.5904480441894], [35.07052326718737, 17.503693092102157], [23.634989371454253, 85.50117441928658], [76.94995077003107, 97.99506220987976], [44.909995563594826, 24.69682845302106], [34.63388860688639, 20.271444401892335], [31.949661760606496, 54.523858455071206], [7.729662164931539, 0.21040121496456177], [27.07142583523399, 47.21223887053867], [34.30760408360239, 31.107150883003097], [77.3845974294505, 35.27657588319488], [52.85640714499633, 75.2403864108179], [36.149029360841645, 12.96200212671671], [78.26678073893056, 4.950359625206591], [13.48966331880378, 71.74247912585771], [81.07151677305777, 49.95974284517416], [64.31044156858168, 61.19666594076028], [33.832888123912895, 3.6587662706608293], [59.00239834604054, 12.372861015915483], [98.44157183383001, 93.56919818916354], [92.37858316668776, 5.445434120134706], [39.29233710187249, 79.55598272730874], [88.54775321177326, 41.474921726256284], [84.32595436264772, 68.95050168875362], [85.04634807508369, 90.10190876555939], [43.632553432300966, 90.64051897416437], [79.51100205793587, 21.828980200289514], [27.010877286626002, 78.3465711092006], [76.67541565422724, 48.11460335384109], [45.62257104546694, 0.5880889497242081], [92.44838424793683, 61.34231554863433], [66.54964093997752, 36.46115904714171], [80.18767466197764, 72.81069891438369]]","[[0.0, 64.61179190110299, 30.666101622362234, 48.937320020973424, 49.27704317598939, 41.29633611209155, 35.28420701870776, 37.46171412755255, 70.98972749714147, 21.73615912441248, 62.72306900571694, 86.50956509986638, 88.93057809821224, 74.49685391709663, 35.33841429350849, 27.073853353447863, 35.487482427415436, 29.373661357879932, 36.371191394934726, 45.20646109047929, 33.66068442034123, 69.72096132088046, 20.763097804412553, 35.47040664707271, 44.439034779049436, 8.344768329488844, 46.71540002348001, 79.09599875766246, 36.64337300592978, 19.11560363145017, 84.06029178346992, 35.371077504345166, 49.317092790742834, 44.18429203032472, 53.24102559765857, 65.98380516699541, 18.233141284091435, 79.56903296851299, 44.67125590207349, 24.198889011053186, 53.71228070788245, 40.98453957694845, 54.790836687197185, 76.23112637344566, 60.080430462238816, 54.576161777101454, 5.688495522207335, 71.59417669212793, 89.77991453496637, 9.796158669730355, 7.32740564623985, 39.5369747371457, 36.379484427853136, 34.056686019138375, 16.405201057339877, 41.61716278088407, 60.57550587156111, 5.298108143273588, 39.29488938048637, 62.02029664754701, 52.924462570804714, 51.12891765627896, 13.98393605454695, 18.80481578597702, 96.85368878277909, 52.891095657162744, 63.637384171414375, 54.38302520964597, 68.76440514320257, 86.50097244491941, 74.77383677852623, 39.417553122495384, 63.86465174740094, 48.391806965541214, 16.163499560741506, 68.97083106641227, 33.138225525580545, 69.33601615136538], [64.61179190110299, 0.0, 50.96782875273238, 54.24667293159244, 71.43559999589499, 42.968930607490535, 57.57952645608418, 38.1653292722042, 18.81716942067948, 61.42234492137262, 46.90793997084073, 71.09886714819719, 24.502928438379914, 12.64947133422221, 30.69360379224245, 77.52430029829686, 76.14735714427076, 51.450386080919316, 81.09611735252463, 24.630886346826365, 37.85551780083204, 68.9640632427559, 64.22828686814758, 37.851038977470395, 55.44222193983031, 60.35874512037448, 68.76333067529151, 70.98748461628769, 82.987361427676, 62.891906880470096, 38.8006383810593, 57.375757544128824, 61.76303961637651, 30.626089555602903, 68.71985779342378, 53.94301780365243, 49.666290662231994, 19.136367703070395, 53.07251974393661, 82.29518345461963, 12.906553180837246, 25.619970561014036, 10.387497287772796, 11.669452214668224, 23.127360687133685, 45.03905085380861, 65.99844252106294, 48.56709074573708, 25.66973083737741, 54.818231503866826, 63.92798300280315, 42.891364321866114, 96.2745982963034, 50.655588077879734, 55.5193256019338, 38.45057347287845, 17.867773475249763, 69.32652449153761, 68.60312424322115, 57.12537770122104, 25.421433008165, 13.482887514140801, 78.59424139797426, 61.84749014272565, 34.543738997541176, 71.09645583791364, 31.96001065199036, 36.38429452970246, 14.347878093145095, 22.293710363668417, 32.155840969219156, 52.0631179382089, 43.89928503588976, 25.736708329863802, 76.71494112137825, 24.823813415977718, 36.88526571977988, 9.594432510573828], [30.666101622362234, 50.96782875273238, 0.0, 18.516391515948367, 72.00595591093125, 52.060221394482724, 8.261987519330821, 45.0770168075737, 64.65296475039017, 46.12630889552268, 71.60266922443587, 98.68992785367833, 72.25170565332037, 63.302820303633105, 34.056163297145, 56.77017507443053, 63.12887793716351, 1.3099723794431326, 65.30993002123122, 26.401241113764858, 13.441317150059195, 86.12316757025647, 46.842547416860654, 42.57730052067177, 14.502702997318147, 34.01394306785271, 22.382567778493186, 93.56213634332566, 66.0118575760098, 15.805303846503822, 82.68952940676111, 55.04374936345898, 20.757350909935848, 21.330255858987773, 26.590132749315064, 77.1435077271075, 33.008428289690386, 59.909988723535925, 60.39122814759871, 54.86421521966562, 38.067078814598524, 26.094586815340254, 44.257128138059755, 61.04328249785187, 36.68421960959505, 24.45093153637289, 35.797918594580906, 78.83565201427837, 76.1076424463969, 25.78042639633371, 35.98036740810152, 50.38681293655367, 66.55721136788068, 50.1947141515303, 37.345925262973395, 14.787328442824416, 55.96043884533457, 35.622683522444376, 18.850571593388818, 75.60705119087167, 29.722927798469474, 39.5387483198232, 41.126355292708595, 15.145810679390745, 76.66154903715483, 27.478565737808683, 65.36635955675928, 26.39346082242131, 48.776199707438295, 69.47226718816331, 73.59019296089176, 8.952085022319132, 71.09403521759289, 26.66836451402318, 32.97396057843724, 44.882915002202864, 14.858244526924597, 51.56087562659914], [48.937320020973424, 54.24667293159244, 18.516391515948367, 0.0, 89.50616142911107, 67.1998987524125, 14.698417732315002, 59.862207948867514, 71.13898245320073, 64.37110382042606, 84.88271703643679, 112.28091695652783, 70.94719340481097, 66.8460241143964, 47.34631198372552, 75.27855893741636, 81.54035513417774, 19.74496197557279, 83.81364320128763, 31.52127747481105, 24.866771152745564, 101.56787621983227, 65.23090921512869, 57.48023616461174, 4.9752384558478395, 52.524560786710126, 16.21933583502748, 108.15114081598108, 84.52765866957414, 31.89329811555999, 90.67449255628556, 72.29841123027066, 7.727743484623173, 24.80049307567109, 14.492519785043731, 91.03534044477516, 50.71535498828543, 57.12413752045282, 76.47843600822767, 73.07316796311387, 42.20380212394721, 34.45269317392995, 50.75460320072447, 61.91443831691376, 33.634713274202575, 11.878300412941655, 54.20787263192047, 91.104555300865, 76.83605707873693, 44.246188762160884, 54.47881963376579, 65.6799140001003, 84.25099348133303, 66.89320772180794, 55.50559930007471, 17.60213942263102, 64.29404843170065, 53.71906779768811, 20.293910259146994, 90.42238112112202, 28.966450175058736, 46.264083720496664, 58.252027227870336, 31.61956427482316, 72.05701980053814, 17.00013269970979, 76.00996150021562, 19.359547712717408, 47.06860256649042, 68.09882275945124, 82.22086986761863, 9.574749276858517, 83.74873855714554, 28.80073379741244, 48.50151421527081, 39.36386447484617, 26.70699926936712, 51.462279074988736], [49.27704317598939, 71.43559999589499, 72.00595591093125, 89.50616142911107, 0.0, 28.624574076677025, 79.33054473386458, 34.7717652345423, 64.1406855973623, 27.661321170604474, 34.47419134120505, 45.16659978500815, 92.79525311011656, 73.82030089880276, 47.13119993720315, 29.969330096671726, 19.0986004805479, 71.04321070316486, 23.543566310669622, 68.31614130535178, 65.8052941094505, 25.376767550757435, 28.573622319195135, 36.18030321234647, 86.28441755382357, 41.549006699539845, 92.8791792802815, 35.77313895305103, 25.63628097729961, 66.83924405257882, 64.60612838852187, 17.319798646392837, 92.76291893857874, 72.20804951219193, 98.29323463823644, 31.92120429605373, 38.99771616399155, 90.56668102858609, 18.404291286450324, 40.01388238935955, 68.39281272856996, 62.66085794119852, 62.145879898896666, 81.13214642908746, 82.43357793849327, 89.87451276261437, 44.201003113586026, 42.11510409583023, 88.53980670346724, 47.717247072856054, 41.98268909323946, 29.03849241887215, 48.456804469103204, 23.560129796316975, 35.33162149716272, 75.01112055339416, 56.10101087773359, 48.21767754702012, 86.47891691077352, 25.292955255544666, 77.53975171932747, 62.07979168306097, 54.100022190200825, 66.17865476004496, 105.06039513973694, 98.7105895778574, 47.36186225522151, 85.29065780096451, 83.33201404070611, 91.51070076400204, 58.17158603109337, 80.50668683701706, 37.97697445510099, 73.13059308588655, 63.75492631254307, 89.8273564672826, 64.14117861969464, 80.40933511194793], [41.29633611209155, 42.968930607490535, 52.060221394482724, 67.1998987524125, 28.624574076677025, 0.0, 60.219385141755694, 7.417511961381271, 38.33543401128764, 25.26733528302513, 21.52411890954731, 47.164019813910855, 65.24247211327501, 46.65683514843106, 20.53812089619859, 39.76835571681192, 35.04147010625159, 51.45105114197488, 40.43947915241877, 41.43983789289081, 42.35127908692503, 34.36880354314224, 28.27995780844609, 9.721962701581345, 64.98901384375557, 33.316446969171785, 74.38628752699613, 41.51133908802673, 42.57903534933892, 52.84502373150061, 45.297233568703454, 15.30264409731926, 72.01243402127206, 46.34176904809983, 78.42460151376693, 25.709171442274087, 23.64409809921057, 62.06222821288868, 10.706517064684984, 47.55519982391183, 40.005064448073384, 36.03473687209788, 33.52490183316711, 53.117296188165504, 54.54813870884372, 65.08109891140747, 38.83781274052511, 30.301336936093655, 62.05993687730646, 34.3318265452785, 36.04036105380545, 1.8138478919840222, 60.62749938145395, 9.806897242230212, 25.234849384440317, 50.74448324134702, 28.929578387953843, 43.46983291933814, 69.58839040844009, 23.54818394140935, 50.32467741742514, 33.56551037786964, 52.55176534270291, 51.89053075802874, 77.01956263462766, 79.50896568068794, 24.797700914779785, 59.263241638619604, 54.71856939662494, 63.7224725450544, 36.695950654231055, 59.3146872469714, 22.584131039441463, 46.249312668309834, 57.4126057267077, 61.5407125314047, 40.52150145452801, 51.814541617369024], [35.28420701870776, 57.57952645608418, 8.261987519330821, 14.698417732315002, 79.33054473386458, 60.219385141755694, 0.0, 53.29015821946391, 72.13374882375955, 52.82234125741106, 79.8628530267179, 106.93262211391814, 77.71389377820572, 70.09973699944861, 42.303981690217675, 62.1641640873153, 69.35992120557685, 8.76844695981116, 71.1051479531997, 32.98221225541099, 21.068472248105213, 94.17188032459423, 53.23357865045623, 50.78575061221179, 9.760675648303613, 39.96017224095131, 14.167762917596418, 101.73037128556352, 71.61590976983854, 17.32972077237214, 90.50955534685599, 62.58249295026982, 14.075286852558865, 27.11842913033754, 18.96455086341923, 85.38104839707842, 40.422830506656226, 64.76373861331302, 68.34914396729017, 59.13814124188762, 44.708708493510464, 33.51160476763018, 51.57976922537032, 67.08441852271424, 41.004122056908294, 24.180290738681805, 40.78698069081854, 87.0875563498793, 82.22143240689627, 32.171152837114086, 41.431256484660786, 58.529350535200955, 69.84914081694771, 58.00372385647757, 44.25213650500003, 19.557789992081638, 63.73971883272572, 39.77215041204999, 11.103703026230347, 83.76667393436158, 34.57928829626901, 46.85129756022454, 43.70319965580214, 17.160638530644466, 81.01005790637986, 19.51874035085978, 73.49525369735143, 28.672726335823914, 53.84503455976375, 74.89089331450288, 81.4861637213972, 7.084397113233911, 79.3526521400648, 32.34450815555237, 33.80515702502979, 48.500151851540195, 22.663046816604446, 57.196241927264936], [37.46171412755255, 38.1653292722042, 45.0770168075737, 59.862207948867514, 34.7717652345423, 7.417511961381271, 53.29015821946391, 0.0, 36.69171118130716, 25.147342408125414, 27.08309054120175, 53.70513773912885, 61.49766592596232, 43.58156032489792, 13.155705660698823, 40.87396319566326, 38.109267925098266, 44.53098102314162, 43.2161201946226, 34.215471323540186, 34.999153289504015, 41.72041886626131, 28.186324145052044, 2.5140417599159384, 57.748239480841335, 30.0666728122775, 67.4512698060968, 48.55107401064007, 45.20560102713908, 47.01149115251364, 46.88708833398105, 19.283067094625423, 64.80389035736825, 38.970555341812094, 71.29225873687983, 32.14210946619133, 19.243000210154356, 56.9926852909307, 17.734829171709016, 47.47917015337433, 33.660466799539556, 28.7378528932241, 28.17177708234037, 48.97561621871858, 47.745623701552525, 57.66976989376903, 35.91973722727674, 35.24789688456889, 59.29319180676459, 29.435331159776492, 33.20303506118814, 6.154178370732392, 61.1086328374406, 12.49659655130633, 22.50014040528691, 43.33126961007888, 26.502812495996785, 40.384857914777875, 62.93695022215264, 30.65624517922117, 43.21921311921913, 27.485675439747776, 49.81955006632736, 46.014321154669844, 72.63985237224487, 72.45378855223461, 26.283424429920103, 51.93124026031768, 48.91357605562007, 59.74152007462992, 37.760453351659876, 52.10964014241631, 27.33922605321807, 39.04003777036193, 53.26797225178285, 55.056185209873064, 33.16374957955999, 46.49498183957797], [70.98972749714147, 18.81716942067948, 64.65296475039017, 71.13898245320073, 64.1406855973623, 38.33543401128764, 72.13374882375955, 36.69171118130716, 0.0, 61.838800136740154, 33.5247692302399, 54.2912247012201, 29.86953470178861, 11.332811332102482, 35.81698226035568, 77.4395029940218, 73.3753717019224, 64.84857235936998, 78.77135265325954, 39.881101660934384, 51.22198495270283, 55.692232363579144, 64.87768825511198, 37.62475891315747, 71.63355799318998, 64.93346044257662, 84.55038522670405, 55.693625032141625, 80.9004022752862, 73.94488661858836, 20.068814159972966, 53.622343484345045, 78.35744647363445, 46.51521948788635, 85.4106456660264, 40.05990836923028, 53.58440255656355, 33.1129184446394, 46.244365275615976, 84.13617993913488, 29.004225881722448, 38.62910358577317, 20.633028269784052, 21.015629281000415, 41.80293036038808, 62.9242197689985, 70.88565285859868, 32.519022404767426, 24.427762179858348, 61.52094311946402, 68.38424264389732, 39.0600185962491, 97.80034362138673, 47.826712568200925, 58.320378064256104, 54.234098304237165, 10.473580699894248, 74.93889643929859, 83.22337780840999, 44.72950497348953, 43.14573786385013, 25.334569042118844, 84.52319391413836, 72.8647121155159, 43.112858125110456, 87.57981444098574, 17.773947192305933, 54.403572996895285, 32.514647417364856, 29.30981102365609, 13.65815067761211, 67.52187903053337, 29.932448430267886, 42.369454663904364, 85.2465658693571, 43.42484454788793, 49.817709662811964, 27.032145461944424], [21.73615912441248, 61.42234492137262, 46.12630889552268, 64.37110382042606, 27.661321170604474, 25.26733528302513, 52.82234125741106, 25.147342408125414, 61.838800136740154, 0.0, 44.87795315753643, 66.18948769373391, 85.57907733903515, 68.34466352410861, 31.165461867672843, 16.105872772958005, 17.565886619894126, 45.02852755529746, 21.116360486837717, 49.47097744796911, 42.797512486276986, 48.48343329713301, 3.056939506095721, 24.417420412097755, 60.626030251543355, 13.890135173546653, 65.89816771804507, 58.20612148109948, 22.572281546303756, 39.29240041676189, 70.55865671092964, 14.417066133513485, 66.66060114264698, 51.40839277784712, 71.70767652913202, 46.77052591847027, 14.647122215110004, 79.29110563393222, 24.79229221250418, 22.440130721771176, 53.80947473176606, 43.95711369879917, 51.04408751112718, 72.80489187267331, 64.89415178232032, 66.80762669777032, 17.036942490940977, 53.99907317464545, 84.11138628701114, 20.671029297209586, 14.560788364266834, 23.907140206393965, 35.962063403470445, 15.769916237607312, 8.916290333512011, 52.11797020805137, 51.6167436350754, 21.45505439023168, 59.17161146671132, 41.93867387676243, 58.641121873508936, 48.92816924519549, 29.11960708185642, 38.67895825621759, 95.83113096977243, 71.87767854453294, 49.99357229770127, 63.92452041472004, 69.80202692516751, 83.59468846979182, 61.857177550403065, 54.97252874802938, 46.84322928583038, 53.88915693977608, 36.96430393749481, 73.37583720704714, 41.442547300561266, 68.59701254220919], [62.72306900571694, 46.90793997084073, 71.60266922443587, 84.88271703643679, 34.47419134120505, 21.52411890954731, 79.8628530267179, 27.08309054120175, 33.5247692302399, 44.87795315753643, 0.0, 27.39968213968764, 63.39425542620973, 44.598020093605484, 37.793360736759, 56.9275624934576, 49.128306496764615, 71.16790761024822, 54.59606540897616, 55.54748101900728, 60.32268816357844, 22.31682294731479, 47.655733515867205, 29.5702022639562, 83.39742652645094, 54.62140786796846, 93.95149478224226, 24.586949359831717, 56.86668387518106, 74.03176579112555, 30.147693327077736, 31.450536531961014, 90.53930667130389, 61.623279374087424, 97.27541865179626, 7.060584488317872, 45.1635129272687, 64.98853421748565, 20.83707427880084, 65.97791264041643, 49.8145286802839, 51.08679032486376, 40.82199546686564, 53.62746604894344, 65.27115946619948, 80.65944436080541, 59.945157250093025, 9.122231615577792, 57.37353676366964, 55.82724726602577, 57.14473903250096, 23.325329386149956, 77.84764592606551, 29.350743689768304, 46.475909313671714, 67.53113984891931, 29.075158700936296, 64.60894221903452, 89.82484100570773, 11.308791160549596, 63.068768560606806, 43.2591287464271, 73.41006175932561, 73.04746874365969, 76.59162203385605, 98.6626101456085, 15.810892847973415, 73.55408556609329, 60.97670865895136, 62.76105418821588, 24.42406760379023, 77.96910885092728, 3.7619131061304705, 59.95322150687938, 78.87050666270272, 70.27269734766193, 58.48740897787381, 56.496957246121596], [86.50956509986638, 71.09886714819719, 98.68992785367833, 112.28091695652783, 45.16659978500815, 47.164019813910855, 106.93262211391814, 53.70513773912885, 54.2912247012201, 66.18948769373391, 27.39968213968764, 0.0, 82.4721484868376, 65.48190053256783, 65.11527914956044, 74.17253741677865, 63.975122034168336, 98.19203163480822, 68.68867614846548, 82.72345055865166, 87.68085898623144, 19.86992989039438, 68.433620512909, 56.21883137095559, 110.74886238900491, 78.17240707263818, 121.07075150746142, 9.733990606212469, 70.80056342745618, 99.89847569867231, 40.553133670990995, 51.77306276179313, 117.88443234988777, 88.91422321761964, 124.57932869551233, 21.56339457199275, 70.21170586576267, 87.39832438588722, 41.84501649751204, 84.11301371818439, 76.12796443482814, 78.41465961348048, 66.78598414258298, 75.29117474467529, 91.44431689575266, 107.90622373532966, 82.802104422783, 22.62567939492612, 74.55285413658721, 80.93135053011802, 80.08843940859752, 48.949194294621044, 93.57578086203709, 52.518727790703764, 70.14766682076464, 94.92365041604883, 53.59021471830968, 87.40576667537378, 116.63189954084343, 24.490742862944426, 89.87623691446699, 69.78665408660927, 95.27371399632646, 98.96630647627472, 95.91726701569523, 125.90590044428185, 39.373622326822435, 100.60496593449868, 85.44671174518466, 82.5978836495421, 41.21759956221344, 105.28036600556663, 28.87073575466501, 87.01185306579964, 102.54928942985535, 95.54872605328707, 85.8417600521837, 80.4083851588681], [88.93057809821224, 24.502928438379914, 72.25170565332037, 70.94719340481097, 92.79525311011656, 65.24247211327501, 77.71389377820572, 61.49766592596232, 29.86953470178861, 85.57907733903515, 63.39425542620973, 82.4721484868376, 0.0, 19.075850567406395, 55.153871090272524, 101.67808016260948, 99.58897273170776, 72.96227865903847, 104.71156210447356, 46.32707106460623, 60.04345472312763, 85.52998111982629, 88.44535449219973, 61.54028903425268, 73.4133329678939, 84.85434577257143, 86.80276937358073, 84.98426349758195, 106.68445684564281, 85.66958819036591, 42.9884950081918, 80.28155407926381, 78.66947452559167, 50.93917247936668, 85.11701033779248, 69.88695891139851, 74.15569663397311, 14.206167550114072, 74.48366260031948, 106.7330965646912, 35.62667402054978, 48.828815456027684, 34.796542903538224, 12.854344364947973, 37.373913753847305, 59.79470562004668, 90.4697222134329, 61.809343431174945, 9.49379312311667, 79.15473996381905, 88.42269708099164, 65.50104257036307, 120.7092895286745, 73.8045399118765, 79.96163939652241, 58.175244834533295, 36.69472430234881, 93.72407627159636, 88.25842999979709, 74.5832394180945, 43.170853697609, 37.897209737095736, 102.91118450250077, 84.66729530968223, 13.462124188915901, 87.81770112988006, 47.62415899025345, 51.599693868481936, 24.01084861270702, 2.850645510137203, 41.425589392877406, 71.33408897076376, 59.79395175516036, 45.60252485917024, 100.40509075234854, 32.47691702888737, 59.42560250801467, 20.706800791913576], [74.49685391709663, 12.64947133422221, 63.302820303633105, 66.8460241143964, 73.82030089880276, 46.65683514843106, 70.09973699944861, 43.58156032489792, 11.332811332102482, 68.34466352410861, 44.598020093605484, 65.48190053256783, 19.075850567406395, 0.0, 39.37079122837114, 84.3250725435814, 81.41195670876014, 63.722063480228314, 86.65828464954168, 37.117563062295346, 50.03105427840393, 66.8585920653554, 71.3074851087341, 43.96117388315673, 68.09109418979098, 69.3797906275978, 81.41074152334906, 67.02643017982159, 88.7000763052264, 74.56332501189532, 28.85789798137186, 61.86437386915853, 74.38833945630131, 43.24182039612139, 81.32926711215889, 51.25777837828566, 58.228871989827816, 22.11430799511045, 55.573803958280465, 90.14974360944721, 25.396568779575105, 37.52203965364393, 20.03898586515968, 9.884324426090448, 34.91213086036561, 57.378614594801896, 75.22145888466721, 43.84862850357922, 15.769138264392092, 64.74901152698341, 72.92924857891971, 47.063455565084176, 104.04313839581053, 55.58937281024354, 63.6125810461809, 51.07579925735637, 17.799820541212195, 78.90957611577201, 81.15276659566193, 55.6902843985929, 37.940459883451496, 24.394085833078062, 88.38152840638418, 73.5015858830406, 32.02202672579407, 83.72492445255496, 28.787140755140918, 48.69977911409913, 23.531114422560904, 18.185662863261822, 24.423388337439683, 64.68260894698625, 41.07978148121013, 38.38571840620651, 87.56804056916211, 34.658713561522106, 48.93126141783052, 17.87379713076734], [35.33841429350849, 30.69360379224245, 34.056163297145, 47.34631198372552, 47.13119993720315, 20.53812089619859, 42.303981690217675, 13.155705660698823, 35.81698226035568, 31.165461867672843, 37.793360736759, 65.11527914956044, 55.153871090272524, 39.37079122837114, 0.0, 47.163177270146555, 47.149990908684565, 33.743680348979545, 51.67081719043748, 21.24054327113387, 22.5829574146386, 54.58227661102027, 33.83000111936935, 11.164836427800532, 45.63631621181456, 30.027709332229133, 56.286315639847416, 60.81251976990815, 53.385570469824415, 39.40444941621406, 50.823625288504296, 30.49007993442101, 52.7694659881297, 25.814850412964788, 59.482626408482446, 43.73342439565512, 19.03225175371639, 48.13571715507489, 30.828316692319405, 51.601944362780436, 22.79301018572336, 15.661087982895213, 20.35797897863909, 42.29971192406043, 35.49063467649835, 44.56624601711311, 35.85131135553993, 44.78483662397207, 54.90970975923932, 25.74196952288204, 33.58671171995251, 19.299238376227912, 65.58144359696942, 23.72783090516285, 24.82669212579864, 30.41149149573719, 25.54644489478992, 39.58204853650372, 52.656067050909016, 43.16861070446466, 30.413029236292545, 17.79061781705983, 49.10275905286296, 38.33473982991073, 64.80675619455307, 60.883863799333675, 31.86370741718562, 38.79017468129878, 38.73813871494753, 52.987287326574545, 41.45175123928142, 40.17687897831444, 37.07814007949345, 26.070248401676658, 49.45763987362025, 43.357156002938005, 20.739692143362248, 37.442760410479764], [27.073853353447863, 77.52430029829686, 56.77017507443053, 75.27855893741636, 29.969330096671726, 39.76835571681192, 62.1641640873153, 40.87396319566326, 77.4395029940218, 16.105872772958005, 56.9275624934576, 74.17253741677865, 101.67808016260948, 84.3250725435814, 47.163177270146555, 0.0, 11.239391292104044, 55.53363864083883, 9.70654781821295, 64.52220541252964, 56.246557211603694, 54.8281174438135, 13.333537761665095, 40.36429927950775, 71.01007688484225, 22.93419722612335, 73.7700206608035, 65.17527520076513, 9.6076157861082, 46.15218394248097, 84.66515698542236, 25.65837999335282, 76.23648284124907, 65.70892798122038, 80.3118744484755, 57.25481171783097, 29.43234727174667, 95.29585523896696, 36.09344365247825, 10.0503973396919, 69.65196491633193, 59.18258963550077, 67.14345389711914, 88.90953056958946, 80.03040053731725, 79.46676145156877, 21.434349589854538, 65.90107175633204, 100.08024966818407, 31.390658685144935, 20.810056520175188, 38.69694919233246, 21.02664433803195, 29.9651228879588, 23.143699379773103, 65.29336962140574, 67.36608841079735, 23.51093403545631, 66.25370447356863, 51.409057181019385, 73.48396249719127, 64.95078125804098, 26.046859381862536, 45.87463403827554, 111.9082903940249, 79.95322660701082, 64.46567203733285, 77.65672650939315, 85.639071397158, 99.70016694963681, 76.36418832101351, 65.70407285882779, 59.49197450657999, 68.71712454974003, 37.43093391128208, 88.67607006520848, 55.1368270335281, 84.604358410509], [35.487482427415436, 76.14735714427076, 63.12887793716351, 81.54035513417774, 19.0986004805479, 35.04147010625159, 69.35992120557685, 38.109267925098266, 73.3753717019224, 17.565886619894126, 49.128306496764615, 63.975122034168336, 99.58897273170776, 81.41195670876014, 47.149990908684565, 11.239391292104044, 0.0, 61.97458419071174, 5.530453821697387, 66.60876486782684, 60.36330537640111, 44.34387941039674, 16.31524437789308, 38.298673381714664, 77.61136884978083, 29.41231567413634, 81.825137649502, 54.74175541413038, 7.783746432521568, 54.445303314378556, 78.18022127641038, 19.761315464281992, 83.36594362894068, 68.86439353776879, 88.01376038204519, 48.44535505210342, 32.1832158710677, 94.69441670022847, 28.787814811911765, 21.13302054902314, 69.93082483200837, 61.004588657932324, 65.95094083359456, 87.08283022684452, 81.8951928201581, 84.3463275462984, 29.8511454103475, 57.7878270164417, 96.97458293695536, 37.361157776719935, 28.40144060771846, 34.416082789982276, 29.6835938882427, 25.826815837710065, 26.42348987983243, 69.68083999832156, 63.84626367015966, 32.92420128277962, 74.64550650701197, 42.21910438608392, 75.86152541712447, 64.50330255494204, 36.88021267703752, 54.011100002527414, 110.68064640855529, 87.93354177828188, 58.74601225936481, 81.46321198918157, 85.8169347290116, 97.85074023790737, 70.47102856687854, 72.05173124462615, 52.0814108898424, 71.13661347239514, 47.758666100363456, 90.19662795352885, 59.00430053093051, 84.05750488742858], [29.373661357879932, 51.450386080919316, 1.3099723794431326, 19.74496197557279, 71.04321070316486, 51.45105114197488, 8.76844695981116, 44.53098102314162, 64.84857235936998, 45.02852755529746, 71.16790761024822, 98.19203163480822, 72.96227865903847, 63.722063480228314, 33.743680348979545, 55.53363864083883, 61.97458419071174, 0.0, 64.1097987472222, 26.954701606812705, 13.72984911401935, 85.43099242935669, 45.70075737458406, 42.02487681378422, 15.636948662895243, 32.81002558860501, 22.936055180242008, 92.96195442743951, 64.79493968679553, 14.603756587750649, 82.7253693643214, 54.13414739672808, 21.737618863206283, 22.096347384684428, 27.407866865860257, 76.63580065109349, 32.05009365189157, 60.73489485737477, 59.645198441072125, 53.570442558792145, 38.56509939662379, 26.381981342088853, 44.53359128729661, 61.648698103957116, 37.62530761231142, 25.751666731117034, 34.525096964957356, 78.49266567639036, 76.68495647055225, 24.615577191026244, 34.73608589245887, 49.76218863893196, 65.2477882559418, 49.37794627224335, 36.27744887519764, 15.790301112388574, 56.03164557882477, 34.320007870386014, 18.969311998532806, 74.99850853083693, 30.60825574683921, 39.827127920729694, 39.82338933120127, 13.916518951879976, 77.54786150341216, 28.188041501715997, 65.2040487839332, 27.575325686900943, 49.580655306498, 70.19292659468859, 73.58875135614645, 10.170914858466801, 70.72466370263466, 27.42499438996202, 31.74578824859268, 45.89522308130289, 15.034049865779556, 52.26017178261509], [36.371191394934726, 81.09611735252463, 65.30993002123122, 83.81364320128763, 23.543566310669622, 40.43947915241877, 71.1051479531997, 43.2161201946226, 78.77135265325954, 21.116360486837717, 54.59606540897616, 68.68867614846548, 104.71156210447356, 86.65828464954168, 51.67081719043748, 9.70654781821295, 5.530453821697387, 64.1097987472222, 0.0, 70.57737970116818, 63.558074198075126, 48.92033384659173, 19.230734138078002, 43.26468653960574, 79.70018555227821, 31.300196499563462, 83.06896337290028, 59.3158768593437, 2.2706352914603527, 55.48645905157326, 83.70851907283296, 25.20171939828351, 85.17360602398016, 72.46277715864551, 89.48809908770448, 53.74903501571873, 35.68559891657343, 99.49412541158252, 34.31480726191711, 18.35665643669665, 74.45898749442489, 65.04127523295881, 70.83732869645144, 92.14150049258865, 85.97608967973112, 87.2827794898196, 30.68531638524834, 63.20434106804649, 102.26502948403322, 39.59390208832721, 29.69695604361725, 39.754032895379275, 24.91607592003779, 31.08385158527865, 29.624625298009292, 72.79495744203261, 69.16005916724286, 33.10187594516661, 75.65704696728473, 47.44223445388194, 79.75722951055243, 69.20768790237047, 35.62285420488194, 55.15223960908768, 115.6398186874254, 89.2323478603062, 64.26218530416234, 84.8434818892053, 90.4056498368248, 102.92593664004505, 75.99669270622638, 74.26181095303755, 57.58004406365433, 75.0055071993204, 47.12657653614174, 94.40286086036525, 62.293968187517606, 88.82866018585848], [45.20646109047929, 24.630886346826365, 26.401241113764858, 31.52127747481105, 68.31614130535178, 41.43983789289081, 32.98221225541099, 34.215471323540186, 39.881101660934384, 49.47097744796911, 55.54748101900728, 82.72345055865166, 46.32707106460623, 37.117563062295346, 21.24054327113387, 64.52220541252964, 66.60876486782684, 26.954701606812705, 70.57737970116818, 0.0, 13.716472109454019, 74.63134996944693, 51.62398779962362, 32.37937022767841, 31.75465988307425, 43.39701220104165, 44.733661852482676, 79.77753206077739, 72.02883246413913, 39.36243246164466, 59.19078163316631, 51.444556491259135, 38.53934923842237, 6.720786523603207, 45.60198191241669, 62.19489379906018, 35.125740980018, 35.04651035200586, 51.95027589147135, 66.68620232723926, 11.733537941667066, 5.694455615462606, 19.31191564541081, 34.71780003464763, 15.510782037006534, 25.21424227319584, 48.1241362547847, 60.77059466062193, 49.730936745727114, 35.974869362755975, 46.735354079126246, 40.3605216939451, 80.29478860911999, 44.809707743432554, 41.396976470131776, 14.353516780551429, 32.785904171619386, 50.399825503709486, 44.042933456655526, 62.82009762612216, 9.320692664083845, 14.751041428690558, 58.81490345265473, 38.37122151631401, 52.3015339330592, 47.7157361749573, 44.9854677914868, 18.114157948492572, 23.92801730186526, 43.61721327166367, 50.701133011681016, 27.770331009296363, 53.860323936064795, 4.830989836683369, 54.64850101228778, 24.25045620213838, 13.181752022401573, 25.673121931470362], [33.66068442034123, 37.85551780083204, 13.441317150059195, 24.866771152745564, 65.8052941094505, 42.35127908692503, 21.068472248105213, 34.999153289504015, 51.22198495270283, 42.797512486276986, 60.32268816357844, 87.68085898623144, 60.04345472312763, 50.03105427840393, 22.5829574146386, 56.246557211603694, 60.36330537640111, 13.72984911401935, 63.558074198075126, 13.716472109454019, 0.0, 76.7135058143104, 44.340581193714286, 32.62935009075605, 23.075184052027087, 33.699367188927404, 34.40079427845233, 83.32376844011205, 64.68717187720688, 25.669547364241826, 69.4411952343387, 48.485697584326964, 30.219499374643053, 10.643749203474538, 37.01621004072935, 66.31603747317416, 28.24088999045346, 48.52737590496165, 51.81368719253959, 56.73727514897223, 25.033845773075207, 12.659965653355227, 30.82110372336886, 48.34653195078966, 26.843480790042424, 24.213992685093555, 37.481443929383595, 66.97244842679973, 63.27189114057005, 25.4564950670168, 36.64248850956078, 40.85404715200418, 69.79272049056767, 42.63800700736744, 33.986641025883266, 9.357242118711964, 42.67292707334138, 38.95784610324061, 32.08280556113174, 65.56229499097151, 19.58131458228895, 26.107243756967968, 46.62576358079502, 24.69116486641689, 65.6798975208211, 38.56906879564057, 52.72011535383464, 21.413114298754696, 37.33983618826133, 57.33073703933638, 60.42818303730167, 17.74347620828402, 59.419005670301246, 15.41363342487042, 41.36128852788485, 35.660754929156575, 1.845885091331422, 39.379735855542144], [69.72096132088046, 68.9640632427559, 86.12316757025647, 101.56787621983227, 25.376767550757435, 34.36880354314224, 94.17188032459423, 41.72041886626131, 55.692232363579144, 48.48343329713301, 22.31682294731479, 19.86992989039438, 85.52998111982629, 66.8585920653554, 54.58227661102027, 54.8281174438135, 44.34387941039674, 85.43099242935669, 48.92033384659173, 74.63134996944693, 76.7135058143104, 0.0, 50.390985050687945, 44.087657833754, 99.31878372291693, 61.420149118840314, 108.29715355497613, 10.401511194372544, 51.004868786641666, 84.88617849361498, 48.59545508702386, 34.352963621474316, 106.30971394552819, 80.09708320202012, 112.62756193256298, 15.64491639818963, 55.03448387736573, 87.2620846995398, 26.00028382754861, 64.84674271681334, 70.60317401028531, 69.57020196347924, 62.10945722047105, 75.94411247352471, 85.98535934524976, 99.06333864869522, 65.46789540569516, 24.920140302598508, 79.10620820434112, 65.44280975096119, 62.87384968184343, 35.91734079750933, 73.83253070756479, 36.787539834257025, 53.75183404414214, 84.97643323034711, 51.2393933518505, 69.93733943701713, 103.0101974812693, 12.027908433885312, 82.9318851293992, 63.925874038754706, 77.16926263356544, 84.0412862138815, 98.80382914006204, 113.60052988857176, 38.09355569483633, 92.7239414518154, 82.83000918911424, 84.988671836614, 45.24913606076808, 93.61810022124034, 25.779049654950956, 79.30934729761901, 85.40126013306852, 91.66017790593054, 74.88066187849141, 78.556281085636], [20.763097804412553, 64.22828686814758, 46.842547416860654, 65.23090921512869, 28.573622319195135, 28.27995780844609, 53.23357865045623, 28.186324145052044, 64.87768825511198, 3.056939506095721, 47.655733515867205, 68.433620512909, 88.44535449219973, 71.3074851087341, 33.83000111936935, 13.333537761665095, 16.31524437789308, 45.70075737458406, 19.230734138078002, 51.62398779962362, 44.340581193714286, 50.390985050687945, 0.0, 27.413491674636546, 61.33608038710152, 13.531830172197607, 66.01126681433037, 60.26354883700733, 20.483594613157823, 39.008123470439074, 73.57668881601909, 16.777101675554167, 67.18444477619916, 53.27153687169468, 72.01093612649774, 49.33464888207584, 16.541394386201286, 81.96390379608094, 27.3522310015649, 19.383923392888384, 56.35996543700508, 46.1792832990255, 53.843058561105856, 75.65295401621646, 67.09765343654894, 68.16559093064004, 15.63431202572591, 56.777545215950205, 87.0761418778976, 21.112638087603546, 13.4407756755963, 26.940622822845583, 32.92338439767494, 18.709860800789198, 10.39838943809146, 53.600892052616565, 54.640500964643785, 19.78990367771787, 59.07694780038518, 44.32597077161375, 60.71971672372411, 51.617244361371746, 26.859899958144524, 38.466282758410465, 98.58282638626598, 72.05763157247604, 53.027115535524885, 65.61275583933461, 72.35238130176077, 86.4350321504181, 64.89653850453415, 55.7538330715213, 49.70064980644034, 55.95626048400234, 35.37384662181054, 75.65469628291362, 43.064520334282705, 71.27190057383058], [35.47040664707271, 37.851038977470395, 42.57730052067177, 57.48023616461174, 36.18030321234647, 9.721962701581345, 50.78575061221179, 2.5140417599159384, 37.62475891315747, 24.417420412097755, 29.5702022639562, 56.21883137095559, 61.54028903425268, 43.96117388315673, 11.164836427800532, 40.36429927950775, 38.298673381714664, 42.02487681378422, 43.26468653960574, 32.37937022767841, 32.62935009075605, 44.087657833754, 27.413491674636546, 0.0, 55.310844023368624, 28.281151288567134, 64.94844550484846, 51.02694640434154, 45.18873892708018, 44.572657529179125, 48.66798319069353, 20.087650338222755, 62.354790372959144, 36.91750700595267, 68.82138353458986, 34.655922666019535, 17.2407325145306, 56.468791076971506, 19.688080454937342, 46.54239242054793, 32.536557993481125, 26.82436447108076, 27.670836687842968, 48.89836752156948, 46.25439533300246, 55.49925678224256, 34.187993390902534, 37.66722898197238, 59.71963576521691, 27.21342435141305, 31.512873836051668, 8.276421530357931, 60.2957178038676, 13.21542156709581, 20.963413197375495, 41.06792785659925, 27.283121384253043, 38.58253681130826, 60.42302640133184, 33.11351123557208, 41.48671150881295, 26.576854226532177, 48.07856218240741, 43.570056361462356, 72.3905080113085, 69.96712550278353, 28.168720960346523, 49.932444130267854, 48.04135628440399, 59.6925361581909, 39.45711056464762, 49.658158179543776, 29.75620530073857, 37.2103344214708, 51.15559713759059, 53.76822709157002, 30.7996199101761, 45.88551859815136], [44.439034779049436, 55.44222193983031, 14.502702997318147, 4.9752384558478395, 86.28441755382357, 64.98901384375557, 9.760675648303613, 57.748239480841335, 71.63355799318998, 60.626030251543355, 83.39742652645094, 110.74886238900491, 73.4133329678939, 68.09109418979098, 45.63631621181456, 71.01007688484225, 77.61136884978083, 15.636948662895243, 79.70018555227821, 31.75465988307425, 23.075184052027087, 99.31878372291693, 61.33608038710152, 55.310844023368624, 0.0, 48.40444417731205, 13.452911918513237, 106.24654978822994, 80.34174111919954, 27.03494365018996, 90.84863149937645, 69.19283539526648, 7.148819852940042, 25.139772093699147, 14.078192993655978, 89.35356926912534, 47.32862788692643, 59.83405856642216, 73.91909537233545, 68.49766957746203, 42.99298087975919, 33.916446356670626, 51.055648659633064, 63.7933325474709, 36.05528602860065, 15.856688242120685, 49.80062879140798, 89.97662701347936, 78.8508391611177, 40.251393549868446, 50.20100367188083, 63.40527167978533, 79.48574605019557, 64.04540098613927, 51.82943963649721, 17.40980192138413, 64.22566036464715, 49.12279155862856, 15.996746570951668, 88.4001754623149