instance_id,num_cities,city_coordinates,distance_matrix,best_route,total_distance
2491,64,"[[50.7903302104235, 40.55682161404203], [27.04379596841506, 45.143460036230906], [50.36866829289459, 78.77399725025255], [50.7868881967478, 41.99621284068914], [21.43100461313846, 36.53560866286275], [98.61369209801461, 94.45547304626395], [59.45910546454507, 61.07772430205753], [66.87347787369681, 91.31466338409945], [97.23332487792423, 93.7792521709256], [45.50505659342788, 99.6765893890008], [35.28799492511418, 13.978884713825291], [97.50246686405241, 40.87740967811988], [81.70812258939178, 32.630115596951455], [44.97149483568508, 85.23066223032488], [50.90028398718983, 57.826757584433075], [61.499965313831886, 4.031582884175943], [65.68623311770307, 98.35992466943169], [89.59542302620855, 2.63683277955048], [36.225595004538, 8.872484065857943], [15.443953060728443, 33.56383048304351], [34.343908594492, 39.17891786047443], [65.7948019133562, 56.81460119806686], [3.6835330523075194, 18.030163806629098], [22.876355594560017, 46.61542039471903], [79.39675354139275, 78.0892826633015], [3.2993803147940315, 98.04379545365337], [36.62298773318439, 87.28964885817977], [57.84172772155054, 6.921610295755332], [66.26040780549737, 50.58182885791359], [24.409455852070106, 39.326993162495214], [45.543855173255864, 44.57562839084901], [94.04151295755157, 45.15599582966018], [42.92993665343601, 24.801886081649037], [45.3011927401888, 49.32305188080755], [77.79623871204446, 74.30731739241872], [74.26177745917269, 11.855660543311686], [44.7106177817663, 51.91839511781126], [96.37085763827194, 50.26096164343129], [71.43467952192478, 86.3191313699805], [5.851853968963772, 67.32225582502063], [5.300085695623302, 84.10131456799034], [72.98195431233873, 44.03412044175431], [48.3226582998734, 22.18256061587952], [95.2294596606856, 62.13506505329893], [25.698489379197408, 61.562262777066245], [16.376732084327205, 93.90833246045558], [89.82450500330434, 8.933586238296998], [18.806536531791295, 83.35787075108512], [14.080415304050032, 39.72889947297957], [50.66385125700739, 29.56174922076985], [95.2248741806254, 50.34035935212886], [54.59449251274204, 44.50005996572597], [10.522706416113648, 41.71602620066217], [73.37100876315145, 85.35438560171335], [6.550248330550179, 9.481273910890176], [8.207082384511411, 31.58567759388653], [1.1866310124157953, 96.44582103055957], [29.55851088712411, 77.0607265494959], [11.075950884283092, 43.31922688506289], [71.31728152612854, 26.329440341439103], [89.0871931391222, 78.09705423290976], [89.80904183211786, 9.981981038232501], [29.10398919666998, 51.478799975551794], [76.58406044753391, 82.28574950048242]]","[[0.0, 24.18543240305574, 38.21950172858952, 1.4393953420818124, 29.633429655139963, 72.05649567140814, 22.276784138144187, 53.24496351687021, 70.63695115212573, 59.355547836504414, 30.768638727932846, 46.71323674777986, 31.917746691619207, 45.0512028754766, 17.270285992259414, 38.062965574451326, 59.691596110801875, 54.256435393874305, 34.87160388460543, 36.03149042943837, 16.504042011673217, 22.123507138038548, 52.2159041908513, 28.563903760520752, 47.19123952816668, 74.56636294754725, 48.833090574914536, 34.366402885459664, 18.434317753507553, 26.40952498496445, 6.608805355352271, 43.495025146458715, 17.60692422033416, 10.342989087159012, 43.225166966527105, 37.07648153154265, 12.885971274867865, 46.60209023542656, 50.20336794174017, 52.3054023539296, 62.97209868372471, 22.46240831740698, 18.53922522347452, 49.40097991154615, 32.72352417990545, 63.48763222533536, 50.23639932748909, 53.43119749087503, 36.71924982219602, 10.99579982806859, 45.49886051883471, 5.479122148718041, 40.28430564517291, 50.16680957696168, 54.063615396944755, 43.517978128968934, 74.72688425129158, 42.22943555523662, 39.810335443725315, 24.975470129575886, 53.62759341288995, 49.570966632224504, 24.281412600878383, 49.0573128299601], [24.18543240305574, 0.0, 40.927529882182796, 23.950774381488383, 10.276114638513128, 86.91331692613818, 36.11998155347114, 60.97691021416349, 85.39326814865474, 57.57326064129582, 32.23658746616229, 70.58770069946797, 56.078270247760585, 43.91339392970768, 27.0184762206564, 53.64153287263238, 65.7664812567419, 75.62750431103521, 37.41509229419488, 16.390368393421134, 9.426951135960435, 40.470433624614955, 35.788723306983286, 4.419754129654449, 61.85676515315362, 57.98484941782401, 43.22108451996077, 49.08586759806007, 39.59189941668667, 6.38522002297877, 18.50877152487739, 66.99771816190867, 25.80986433156907, 18.72969633681299, 58.53495554228645, 57.77209855234898, 18.92131967766338, 69.51568385965744, 60.54739013736453, 30.675680731630788, 44.615057616737865, 45.95155085921777, 31.30483803364345, 70.27089991035743, 16.473825702047915, 49.917922978206136, 72.47463271645968, 39.09211722725966, 14.048726075425833, 28.296585019624086, 68.37885044865206, 27.558208282258057, 16.872868834088774, 61.344349211329614, 41.131217025805135, 23.208516613432273, 57.45019776427382, 32.016178610214624, 16.071711272315028, 48.10518538063311, 70.2518505305127, 71.94307258977575, 6.661901251482329, 61.917586123065995], [38.21950172858952, 40.927529882182796, 0.0, 36.78016223406722, 51.200291500166465, 50.72958707793203, 19.89457524625101, 20.728652787365498, 49.20826873673921, 21.46096635480447, 66.52693678378671, 60.479304868349786, 55.7800968951838, 8.415343367450868, 20.953984462715002, 75.56675379185361, 24.86435893063731, 85.64815293131724, 71.31793650623887, 57.128757322094366, 42.71490647624527, 26.836182169844584, 76.61145576125395, 42.308407236343285, 29.036159650677988, 50.86101644250881, 16.169726539344705, 72.23996212819485, 32.36272150790808, 47.222312967996395, 34.53704177087638, 55.11340472714608, 54.48232293505829, 29.883732893186302, 27.788897927946028, 71.05592482865303, 27.445161713541868, 54.12203455233189, 22.376458119780906, 45.96617385884652, 45.382347307416055, 41.45141427342162, 56.6284103364539, 47.84709674368229, 30.080916395769908, 37.208867618648455, 80.21499897673377, 31.893260378595354, 53.304380358645886, 49.21313329892363, 53.10885962590529, 34.53346735155204, 54.415015356040826, 23.92507425204063, 81.98497079210188, 63.2798296323667, 52.26056014606647, 20.88056387521695, 52.92408131466556, 56.47367480302125, 38.72444212789481, 79.29618250223835, 34.60078570394383, 26.44955934771919], [1.4393953420818124, 23.950774381488383, 36.78016223406722, 0.0, 29.859439026232888, 70.98857057813204, 20.959757441111154, 51.875696924834955, 69.5611575712721, 57.921702183558544, 32.01853163425591, 46.72897399620176, 32.3086136184142, 43.62380558787675, 15.830950871282772, 39.44721978861843, 58.29972976084133, 55.27443508898691, 36.18304392084883, 36.33494373539617, 16.682587605217105, 21.090806234832037, 52.84976416377125, 28.29019103090317, 46.056857081857935, 73.46015873652651, 47.45641603210518, 35.777066738426115, 17.695835992616406, 26.512141950217956, 5.843182340628571, 43.36988346462704, 18.90440584230544, 9.152891617511665, 42.1130917009302, 38.203708179626446, 11.634894210796062, 46.327144772997116, 48.896343355738296, 51.58067229395453, 61.9829718006703, 22.28842810217741, 19.96630269905655, 48.79257655390374, 31.816003289873898, 62.28103248259534, 51.15733382209, 52.283167823984314, 36.776430796499966, 12.435072320000273, 45.214592548287705, 4.55709348738131, 40.265156637186955, 48.88735671861057, 54.900833875818506, 43.83399487991802, 73.65422828855301, 40.98980513292108, 39.73297004247369, 25.82527465105334, 52.63253849003616, 50.47414696895679, 23.665746720055942, 47.84078657795622], [29.633429655139963, 10.276114638513128, 51.200291500166465, 29.859439026232888, 0.0, 96.49807219618246, 45.25982649560602, 71.17417517743922, 94.98855973012402, 67.57472475569703, 26.473042436019117, 76.19526629029073, 60.40350840481902, 54.08662424163501, 36.355899785679554, 51.59489609888996, 76.0313836495912, 76.12827952856365, 31.3708203163179, 6.684029611040404, 13.180674214388072, 48.77893038123808, 25.64028541435542, 10.182909407883574, 71.3213563510128, 64.1249783000907, 52.97894815176701, 46.93324681464617, 46.97841730359733, 4.082033709743447, 25.41793617430342, 73.12042804127704, 24.492536097477068, 27.079597214008512, 67.85087763157445, 58.311151580919756, 27.902876346346414, 76.18639567448909, 70.56037583172085, 34.50402263912271, 50.22651613815693, 52.0934553834515, 30.482306773705535, 78.11238144424148, 25.387887710097583, 57.59492257786593, 73.7532544200312, 46.89575737492887, 8.014254138025672, 30.053186826392093, 75.07400566997921, 34.106442415221686, 12.07591385449377, 71.2813931745769, 30.87675398116812, 14.119983594055363, 63.2381863151385, 41.332088478072215, 12.379200859185023, 50.91960816860985, 79.4022266925521, 73.35292164561449, 16.79802545023485, 71.6584604532778], [72.05649567140814, 86.91331692613818, 50.72958707793203, 70.98857057813204, 96.49807219618246, 0.0, 51.45051764238378, 31.89523294066892, 1.5371038789045437, 53.36466266194741, 102.40422448347866, 53.589585702834604, 64.09503182108686, 54.42961015587509, 60.15174236822977, 97.7440976624999, 33.158140740665125, 92.26045673786592, 105.90903012380653, 103.0776291227989, 84.7708831191306, 49.93911078949108, 121.87109168632674, 89.58133052338589, 25.241690021477403, 95.38183311516063, 62.40349720922949, 96.56360705328139, 54.51267429578567, 92.44142994966617, 72.83135653047259, 49.51104195957624, 89.17568501250108, 69.85097012951441, 28.970925800336715, 86.114718672828, 68.66545288159283, 44.25138579241237, 28.370738102567515, 96.6486941963284, 93.88630218308532, 56.56234419100693, 88.04863401357113, 32.49710451750412, 79.99118744799243, 82.23878011688561, 85.97233818490999, 80.57505107831659, 100.70190038225265, 80.68694211963559, 44.245082699930435, 66.5825294516155, 102.67166606220499, 26.833241597271375, 125.28484424312161, 110.11796520147595, 97.44738948209742, 71.21232518150035, 101.37934606349155, 73.39107821941191, 18.930188812763554, 84.93110571713821, 81.72266041716993, 25.167575207727303], [22.276784138144187, 36.11998155347114, 19.89457524625101, 20.959757441111154, 45.25982649560602, 51.45051764238378, 0.0, 31.132706327473432, 49.96280193552466, 41.04373114006053, 52.939052459100736, 43.07377459057419, 36.11488895262658, 28.164787808541934, 9.15544699511385, 57.082636235490874, 37.79867171001858, 65.75359638926881, 57.141780829919625, 51.907109283942816, 33.32162717196513, 7.636443418978301, 70.45570908393674, 39.33771501190822, 26.208833028470345, 67.23395827467267, 34.7642526451585, 54.18026019711548, 12.506859506184785, 41.25011809756176, 21.585952842808428, 38.07156872997356, 39.8641425366129, 18.401598203454615, 22.61133762237608, 51.39971457946604, 17.361198116330062, 38.464006589897544, 27.938199741078115, 53.969728430406086, 58.84968250605958, 21.756651247543065, 40.45805499064561, 35.785977823465785, 33.764092998272574, 54.16585389452268, 60.34126799762333, 46.35769932408654, 50.14975415956558, 32.72022588399346, 37.34275321826322, 17.276672538973738, 52.62743110961142, 27.980302665410562, 73.9022385059727, 59.1316386449187, 68.1658532182407, 33.90430528597977, 51.539245994163814, 36.71593084364447, 34.16842358885806, 59.42973680909615, 31.83665233441165, 27.258841060955245], [53.24496351687021, 60.97691021416349, 20.728652787365498, 51.875696924834955, 71.17417517743922, 31.89523294066892, 31.132706327473432, 0.0, 30.459719434168232, 22.946268422610586, 83.53720964715565, 59.008910581137435, 60.53051158567019, 22.73129848989019, 37.102328198959064, 87.44833205263066, 7.144596327941559, 91.5425826172871, 87.95456585705352, 77.33146011329033, 61.451678893214726, 34.516920961573796, 96.76562925362742, 62.71976636331635, 18.213816971166676, 63.92923508723054, 30.51709186136687, 84.87496639400138, 40.73744792505, 67.12608301788116, 51.37596905795018, 53.56047722639155, 70.69117845001377, 47.208674229687574, 20.21278115481586, 79.80175501338965, 45.20241498818213, 50.55197166864321, 6.7646064615678005, 65.56885087029991, 61.994475765649526, 47.67350653480805, 71.57779362355528, 40.68796704003404, 50.79945884951481, 50.56331134917752, 85.5183694770114, 48.7210570387279, 73.8119129529674, 63.84492464335782, 49.826652139762366, 48.39814639750295, 75.06952946648204, 8.817188832197173, 101.6641316059362, 83.72154861934274, 65.88695340786528, 39.94473027188791, 73.59976863324641, 65.13698338736359, 25.84868154407506, 84.50470585514465, 54.894720041444096, 13.259588977079229], [70.63695115212573, 85.39326814865474, 49.20826873673921, 69.5611575712721, 94.98855973012402, 1.5371038789045437, 49.96280193552466, 30.459719434168232, 0.0, 52.06334916211716, 101.02139649228148, 52.90252712812803, 63.08921310210167, 52.95637137622281, 58.64582291326673, 96.59977809571043, 31.877916479380897, 91.46189456385514, 104.55191234191652, 101.56474955072237, 83.28430336674411, 48.525932734352864, 120.37228891500827, 88.0533128781733, 23.755387182560302, 94.03069855424597, 60.95677091148966, 95.37267888994919, 53.15391775644562, 90.93054718308883, 71.36384148461423, 48.727904947406074, 87.78801174006372, 68.36153957165027, 27.512843594188165, 85.0832936361775, 67.16372617663549, 43.52683609194304, 26.855604714273817, 95.13435699647324, 92.44124048711407, 55.34173023191407, 86.70835915145474, 31.707570927843534, 78.45487298717622, 80.85669582607684, 85.16852493430761, 79.11615714243791, 99.17583877826928, 79.32593244634778, 43.48529962557912, 65.16524234485065, 101.1400556281259, 25.30589866158432, 123.81263873622235, 108.59886081891312, 96.08370305092255, 69.70932181311045, 99.84641828994195, 72.25730702735392, 17.671751313127576, 84.12551710408874, 80.19310840902807, 23.632450680191152], [59.355547836504414, 57.57326064129582, 21.46096635480447, 57.921702183558544, 67.57472475569703, 53.36466266194741, 41.04373114006053, 22.946268422610586, 52.06334916211716, 0.0, 86.30460553022488, 78.49251053141388, 76.19640172249656, 14.455777378719414, 42.19617163559992, 96.9732147259337, 20.224081978861584, 106.58646619059209, 91.2770176491109, 72.62621314484812, 61.51861088343608, 47.4217650117255, 91.73428280462133, 57.68488332254727, 40.1828188867097, 42.23724808947836, 15.242291263199366, 93.5717884894366, 53.301783418016626, 63.93041635513593, 55.100974657891854, 72.99508694733706, 74.91897248407305, 50.35395019320412, 41.064831720758654, 92.40922323161229, 47.76480140302224, 70.9170923080068, 29.16791096297302, 51.17791885907535, 43.116457074338975, 62.056943679178865, 77.54523437881603, 62.30475350920831, 42.953486446306684, 29.693973743862323, 100.98765334517056, 31.290758243690224, 67.68481075125722, 70.3043666794428, 70.04372816430705, 55.92018637780843, 67.69927406580983, 31.33108379309456, 98.24801280938698, 77.63704753002287, 44.43602941494223, 27.672541840939257, 66.04177184427847, 77.75651245639533, 48.63207751515983, 100.0398214474005, 50.9119034813684, 35.613842710266745], [30.768638727932846, 32.23658746616229, 66.52693678378671, 32.01853163425591, 26.473042436019117, 102.40422448347866, 52.939052459100736, 83.53720964715565, 101.02139649228148, 86.30460553022488, 0.0, 67.78031546028471, 50.02695939014793, 71.90678667399054, 46.544382314461856, 28.035980549093683, 89.68953556130734, 55.47917527356839, 5.1917647757286645, 27.881106475509757, 25.217711426532798, 52.588628802585994, 31.863064393706374, 34.91693360136324, 77.81854349645292, 89.9454316926816, 73.32291828089475, 23.63209650591741, 47.94857536620013, 27.583857857255538, 32.269852696702905, 66.51306742826601, 13.249023812605257, 36.73519134578452, 73.80020717657015, 39.0315744736276, 39.09209985652935, 71.04579666356291, 80.86837511422299, 60.92619827214779, 76.2655221486648, 48.209457256301015, 15.401387846529769, 76.88951098513802, 48.54005031440006, 82.1361825221664, 54.76938897062578, 71.30976212503535, 33.35902716627747, 21.891610817407045, 70.10411066950158, 36.11485826994639, 37.184251139357926, 80.89980265726886, 29.08756748626556, 32.301315446172644, 89.23955740687306, 63.34150106148531, 38.04048836911071, 38.08734326897606, 83.6988255051896, 54.667355842656804, 38.006388561478694, 79.81975197039041], [46.71323674777986, 70.58770069946797, 60.479304868349786, 46.72897399620176, 76.19526629029073, 53.589585702834604, 43.07377459057419, 59.008910581137435, 52.90252712812803, 78.49251053141388, 67.78031546028471, 0.0, 17.817945188146158, 68.75110205811097, 49.58874714426437, 51.51499849561241, 65.70016940258773, 39.049495051651874, 69.13154336721963, 82.3837855906911, 63.18139249133455, 35.487604739811324, 96.56080460251417, 74.84638434948255, 41.382850868295975, 110.19172917258437, 76.5532946707905, 52.210827814017364, 32.714553425583986, 73.10945253638333, 52.090058077162475, 5.503135597009743, 56.89097918378036, 52.88007084309334, 38.805852107195484, 37.18052671571274, 53.93405871067325, 9.451538865474287, 52.38778108714765, 95.38954204617318, 101.83115950953744, 24.722871165056727, 52.61322031456775, 21.378832376826292, 74.723987650356, 96.9209142275101, 32.85359880271383, 89.4295198680604, 83.4299572226368, 48.18609844727581, 9.73318267394724, 43.06063002371192, 86.98380312019411, 50.601666547490815, 96.21862292342512, 89.77751374633975, 111.19617158892366, 76.97800707740605, 86.46100355462828, 29.955088766392052, 38.15912436954496, 31.838911720791756, 69.21518058528703, 46.3921365519082], [31.917746691619207, 56.078270247760585, 55.7800968951838, 32.3086136184142, 60.40350840481902, 64.09503182108686, 36.11488895262658, 60.53051158567019, 63.08921310210167, 76.19640172249656, 50.02695939014793, 17.817945188146158, 0.0, 64.15915620427147, 39.799418171433686, 35.01779110391538, 67.65433277291052, 31.013005696726825, 51.31359830955332, 66.27074759508862, 47.81480501310639, 28.95035610711723, 79.37880803281323, 60.47119610211656, 45.517889859289085, 102.11209711625446, 70.85431505093908, 35.078940246383546, 23.683240932109648, 57.68869368431336, 38.08608031361274, 17.57868577503961, 39.56044592554297, 40.05145019623716, 41.86038682298516, 22.068666443037205, 41.72353159627178, 22.93125664738704, 54.663095842963806, 83.41293714178003, 92.1274792093855, 14.359573089048782, 34.98200438667327, 32.45564047461033, 63.04084511483275, 89.57237546976123, 25.047977306250537, 80.8078874339594, 67.99926121062215, 31.195539020462288, 22.2790329109438, 29.598049179822763, 71.76292390407062, 53.379360379145815, 78.64206847810001, 73.50846047865298, 102.7431499700591, 68.51029988486151, 71.43641074346881, 12.151875850148535, 46.0618409434957, 24.053334312876657, 55.87904573991364, 49.919314810953836], [45.0512028754766, 43.91339392970768, 8.415343367450868, 43.62380558787675, 54.08662424163501, 54.42961015587509, 28.164787808541934, 22.73129848989019, 52.95637137622281, 14.455777378719414, 71.90678667399054, 68.75110205811097, 64.15915620427147, 0.0, 28.037912380277728, 82.86423126421413, 24.52504667248245, 93.87776962889886, 76.85741432323191, 59.50913565221471, 47.26212806063698, 35.22900285616953, 78.87079799658925, 44.48968509786317, 35.158181680445324, 43.59749432755308, 8.598662499144256, 79.3596277046933, 40.66644156433366, 50.2985514806592, 40.659062616407574, 63.35491745401355, 60.463252861868774, 35.90912393418974, 34.5945555398014, 79.00513609084518, 33.31328859498441, 62.16731018508792, 26.48556038308448, 43.02391569254005, 39.68748076283751, 49.817074336322655, 63.13710013731339, 55.31066477013668, 30.522809045119313, 29.882476761964366, 88.50444240844543, 26.231896442484164, 54.996992723743894, 55.959188676148386, 61.17789936340352, 41.85193000483483, 55.499933084377844, 28.399783428557765, 84.93622321351975, 65.03388654788917, 45.19838588862125, 17.444423843379884, 53.90247037438544, 64.5248356552894, 44.68873683447173, 87.594347088191, 37.29565579084717, 31.749438035181594], [17.270285992259414, 27.0184762206564, 20.953984462715002, 15.830950871282772, 36.355899785679554, 60.15174236822977, 9.15544699511385, 37.102328198959064, 58.64582291326673, 42.19617163559992, 46.544382314461856, 49.58874714426437, 39.799418171433686, 28.037912380277728, 0.0, 54.82949995447296, 43.14582164741495, 67.40357249595593, 51.106432006832854, 42.963252138241195, 24.93703054724801, 14.928868838708214, 61.75103598452625, 30.18335044584528, 34.965964874794835, 62.31577782073336, 32.739932048390955, 51.3762363510531, 16.983003149210262, 32.31107022293828, 14.292786801173445, 44.96347229162129, 33.97305659483812, 10.181494658748138, 31.54364012199641, 51.56647302662552, 8.556910351963934, 46.09570843776416, 35.12088785768794, 46.0383050724504, 52.62822844170593, 26.035303026816553, 35.73727650111234, 44.53804361596875, 25.47713583799453, 49.937517774952205, 62.49509729565954, 41.01032022868504, 41.02724945771971, 28.265997209259282, 44.952368728562604, 13.829246040573448, 43.4730311368818, 35.53454342206706, 65.60648942272412, 50.11290993503775, 62.95140469880083, 28.730068590306022, 42.38450134287817, 37.535780024009554, 43.23337780922492, 61.66858259917373, 22.701872883077215, 35.46686705665292], [38.062965574451326, 53.64153287263238, 75.56675379185361, 39.44721978861843, 51.59489609888996, 97.7440976624999, 57.082636235490874, 87.44833205263066, 96.59977809571043, 96.9732147259337, 28.035980549093683, 51.51499849561241, 35.01779110391538, 82.86423126421413, 54.82949995447296, 0.0, 94.42118884065034, 28.130056379650185, 25.733793322829932, 54.71114980421115, 44.41606210010225, 52.95746069951955, 59.48697426574918, 57.4905770093758, 76.18948697449835, 110.56945421968419, 86.8951642111321, 4.662076867798372, 46.793025259454346, 51.20031131592781, 43.57082827839482, 52.442060058308066, 27.861289621316622, 48.10111637753799, 72.14046983034083, 14.969303272001511, 50.74474333812243, 57.906256932816696, 82.88509626102945, 84.27586592587352, 97.82427306665339, 41.617773635879416, 22.429877680382447, 67.18402659168345, 67.76079108183748, 100.56806795142062, 28.74559419292484, 90.08545280960135, 59.35412483367502, 27.734649105886707, 57.28762742540798, 41.053418760275385, 63.39399177207929, 82.18466958266086, 55.21929489616295, 59.9946623141589, 110.3543823630529, 79.70892255816403, 63.92261104125654, 24.363377122161225, 79.0363788719763, 28.927686591049238, 57.45204677206786, 79.6946956755293], [59.691596110801875, 65.7664812567419, 24.86435893063731, 58.29972976084133, 76.0313836495912, 33.158140740665125, 37.79867171001858, 7.144596327941559, 31.877916479380897, 20.224081978861584, 89.68953556130734, 65.70016940258773, 67.65433277291052, 24.52504667248245, 43.14582164741495, 94.42118884065034, 0.0, 98.66387222808368, 94.21216070026742, 81.99280777687004, 66.96814820076872, 41.54546533045125, 101.47514619686169, 67.15786875848775, 24.471969631173984, 62.38765374922276, 31.10021284200376, 91.77418809452654, 47.781545767657065, 72.03234928654852, 57.432272420994416, 60.288306816360254, 76.99762379224008, 53.10522351031576, 26.929169172427077, 86.9282904051037, 50.958729436821905, 57.05310181002301, 13.342613662334614, 67.40541384347709, 62.04671435705581, 54.813507028229694, 78.131200711379, 46.74444019109133, 54.342318408780116, 49.510034996508665, 92.62681131736667, 49.221616935612005, 78.10734631136147, 70.41917992871981, 56.37738881064708, 54.99010579685428, 79.06671810501078, 15.106284227526794, 106.75429385933462, 88.10591831151253, 64.52799752418109, 41.938862098561344, 77.53554886762592, 72.25025521548845, 30.954625635780697, 91.61097543827195, 59.465119379860646, 19.4201376893387], [54.256435393874305, 75.62750431103521, 85.64815293131724, 55.27443508898691, 76.12827952856365, 92.26045673786592, 65.75359638926881, 91.5425826172871, 91.46189456385514, 106.58646619059209, 55.47917527356839, 39.049495051651874, 31.013005696726825, 93.87776962889886, 67.40357249595593, 28.130056379650185, 98.66387222808368, 0.0, 53.73287531881314, 80.34251480376601, 66.24238695170689, 59.17516502864985, 87.28005201073667, 79.90963726343601, 76.13859108704648, 128.64484254857612, 99.86079396297563, 32.04148067528145, 53.322092835006735, 74.80226056312777, 60.82271950208711, 42.750987616187345, 51.66195124356309, 64.35512326615131, 72.63524705763037, 17.891547493533725, 66.6582187605654, 48.10368139992896, 85.63024992376393, 105.81677236155414, 117.22698362039438, 44.60653280063342, 45.6670185670935, 59.7643874937203, 86.91964352137366, 117.01052669415773, 6.3009191926627945, 107.36364572014789, 84.13285804528128, 47.33517091748065, 48.03454140262667, 54.56734304737452, 88.20248222439683, 84.29368400459548, 83.32675089449242, 86.38343364611899, 128.90399831663885, 95.62084910246439, 88.43282589402445, 29.92373823202257, 75.46193291592888, 7.348253937926863, 77.74799885738997, 80.7046807252943], [34.87160388460543, 37.41509229419488, 71.31793650623887, 36.18304392084883, 31.3708203163179, 105.90903012380653, 57.141780829919625, 87.95456585705352, 104.55191234191652, 91.2770176491109, 5.1917647757286645, 69.13154336721963, 51.31359830955332, 76.85741432323191, 51.106432006832854, 25.733793322829932, 94.21216070026742, 53.73287531881314, 0.0, 32.27288691416011, 30.364793315503135, 56.32747635332993, 33.80604819166738, 40.03412838503383, 81.5764312623034, 95.05608022853818, 78.41817171451359, 21.70398816131207, 51.398048824554145, 32.66647009989979, 36.89911228285928, 68.25813940229818, 17.282767299418165, 41.45618061050954, 77.52313093994098, 38.1529883183204, 43.87420734124731, 73.0099903675526, 85.0744545160393, 65.87063050551693, 81.33734729344408, 50.86620314309795, 17.98602452291182, 79.48810337279846, 53.73111513344179, 87.32166324237252, 53.59894482665989, 76.49507453244807, 37.98061815905261, 25.22912872578487, 72.11448969559183, 40.08416844800153, 41.705356271702264, 85.02507292463129, 29.681590680028833, 36.06835468496268, 94.32294707426402, 68.51340324079719, 42.650705624032994, 39.19402741920166, 87.09988330735786, 53.59493219937671, 43.1974006704025, 83.77537391553753], [36.03149042943837, 16.390368393421134, 57.128757322094366, 36.33494373539617, 6.684029611040404, 103.0776291227989, 51.907109283942816, 77.33146011329033, 101.56474955072237, 72.62621314484812, 27.881106475509757, 82.3837855906911, 66.27074759508862, 59.50913565221471, 42.963252138241195, 54.71114980421115, 81.99280777687004, 80.34251480376601, 32.27288691416011, 0.0, 19.716427806132216, 55.45995238929396, 19.483384695386345, 15.019474246705716, 77.92609691994139, 65.61369163362453, 57.74958934689683, 50.073737554708195, 53.590338135845236, 10.658061942556914, 32.050956309384624, 79.44781129243272, 28.84876017702871, 33.76103997717615, 74.48381872244292, 62.69594172750338, 34.54602302473483, 82.6314593450341, 76.92907916596796, 35.094723913375866, 51.54546869276774, 58.48289117211791, 34.79285216810766, 84.74693214671765, 29.81723873918868, 60.3517107927253, 78.3525075465878, 49.90744848031417, 6.314056609229824, 35.44654966828359, 81.52574621329433, 40.649303249644596, 9.522445250852975, 77.7033164147554, 25.672310275441927, 7.502358698247511, 64.47802701081355, 45.72964804205723, 10.688648276277219, 56.3397305151829, 86.06122719784788, 78.01455025323392, 22.5287087768636, 78.17888541039697], [16.504042011673217, 9.426951135960435, 42.71490647624527, 16.682587605217105, 13.180674214388072, 84.7708831191306, 33.32162717196513, 61.451678893214726, 83.28430336674411, 61.51861088343608, 25.217711426532798, 63.18139249133455, 47.81480501310639, 47.26212806063698, 24.93703054724801, 44.41606210010225, 66.96814820076872, 66.24238695170689, 30.364793315503135, 19.716427806132216, 0.0, 36.05795359332545, 37.24685794020515, 13.667711650019378, 59.52961722452586, 66.54950450731326, 48.16468248472099, 39.908412584978144, 33.89231920511822, 9.935556229345313, 12.432348447329664, 59.99607843632878, 16.74571349923105, 14.932030366698907, 55.87583955808324, 48.37351181295122, 16.424461639996597, 63.00915887461954, 59.98270598858567, 40.048029271997294, 53.49360124845108, 38.94189991512588, 22.00639913551498, 65.06946305735659, 23.99494536487428, 57.60319656237879, 63.18921318400006, 46.8315044508031, 20.270955579495517, 18.942820834086643, 61.895635927515805, 20.938020497037634, 23.95593020429446, 60.45898087709364, 40.674778512288135, 27.217475674221888, 66.17328203547683, 38.18286868177016, 23.633451183082823, 39.14255201764529, 67.16731750961789, 62.680476425036645, 13.369512157908813, 60.35254230443019], [22.123507138038548, 40.470433624614955, 26.836182169844584, 21.090806234832037, 48.77893038123808, 49.93911078949108, 7.636443418978301, 34.516920961573796, 48.525932734352864, 47.4217650117255, 52.588628802585994, 35.487604739811324, 28.95035610711723, 35.22900285616953, 14.928868838708214, 52.95746069951955, 41.54546533045125, 59.17516502864985, 56.32747635332993, 55.45995238929396, 36.05795359332545, 0.0, 73.22596741115703, 44.11367501669712, 25.251240752458976, 74.87004861589793, 42.18676655597851, 50.522885213321956, 6.250139189728195, 44.928424225852815, 23.662064560096997, 30.55813744243111, 39.3397507933036, 21.81997543801228, 21.213901222760718, 45.74927343347927, 21.64522243995471, 31.27051926503999, 30.038733663471824, 60.85694548712976, 66.36396173222629, 14.662736714838598, 38.78987029285402, 29.911643424212755, 40.376411050335385, 61.79069933730399, 53.572551032863544, 53.96704774334572, 54.463740101240155, 31.171519190782536, 30.13378438126189, 16.646166418503384, 57.29722076687973, 29.528261107581457, 75.83113477524228, 62.87164724069554, 75.79478433623572, 41.50872654133785, 56.358475722733864, 30.981330080032965, 31.55120118465278, 52.63058074837451, 37.07676512989147, 27.662022622378394], [52.2159041908513, 35.788723306983286, 76.61145576125395, 52.84976416377125, 25.64028541435542, 121.87109168632674, 70.45570908393674, 96.76562925362742, 120.37228891500827, 91.73428280462133, 31.863064393706374, 96.56080460251417, 79.37880803281323, 78.87079799658925, 61.75103598452625, 59.48697426574918, 101.47514619686169, 87.28005201073667, 33.80604819166738, 19.483384695386345, 37.24685794020515, 73.22596741115703, 0.0, 34.43081949860233, 96.64155169837008, 80.01455381786131, 76.69344133809301, 55.285712538915234, 70.53705516597235, 29.71731509599411, 49.56761299539883, 94.34180036176004, 39.82632820374824, 52.06989957662064, 93.05810634181934, 70.84781629735606, 53.21309897758612, 98.1313633253953, 96.19563887628166, 49.33976034748434, 66.09092377459358, 74.01673425526296, 44.831840271500646, 101.61643072143916, 48.78218878696203, 76.93252745051993, 86.61994442459024, 67.05530947554568, 24.060970264616273, 48.37486703628732, 97.07608290284223, 57.38101773108751, 24.653485953294016, 96.89631113341291, 9.016738597518335, 14.290362227648696, 78.45540018161768, 64.45247718817163, 26.34738227580709, 68.14104433908636, 104.41176409632676, 86.50073125965297, 42.012032230641005, 97.1764744542746], [28.563903760520752, 4.419754129654449, 42.308407236343285, 28.29019103090317, 10.182909407883574, 89.58133052338589, 39.33771501190822, 62.71976636331635, 88.0533128781733, 57.68488332254727, 34.91693360136324, 74.84638434948255, 60.47119610211656, 44.48968509786317, 30.18335044584528, 57.4905770093758, 67.15786875848775, 79.90963726343601, 40.03412838503383, 15.019474246705716, 13.667711650019378, 44.11367501669712, 34.43081949860233, 0.0, 64.6928078705047, 55.02849918275973, 42.934400615968315, 52.897786420147284, 43.56499032868295, 7.447923732087973, 22.759092437292583, 71.18012041687236, 29.6306664203219, 22.58770880971398, 61.506379514399654, 62.037911676101125, 22.469013021791174, 73.58486122599702, 62.72396262866356, 26.806840342299253, 41.40190243853493, 50.17204532719634, 35.277173332664745, 73.99885835830297, 15.210934760925204, 47.73745528861233, 76.82431473594572, 36.967162257789035, 11.171066914121148, 32.60326081390812, 72.4443463069043, 31.78859794494075, 13.28972202466578, 63.64288981437798, 40.564598031761804, 21.001922416060538, 54.34623243590717, 31.16998341693554, 12.25211993817499, 52.5170857134112, 73.31417514692723, 76.30198795615185, 7.901637882704455, 64.47394775479184], [47.19123952816668, 61.85676515315362, 29.036159650677988, 46.056857081857935, 71.3213563510128, 25.241690021477403, 26.208833028470345, 18.213816971166676, 23.755387182560302, 40.1828188867097, 77.81854349645292, 41.382850868295975, 45.517889859289085, 35.158181680445324, 34.965964874794835, 76.18948697449835, 24.471969631173984, 76.13859108704648, 81.5764312623034, 77.92609691994139, 59.52961722452586, 25.251240752458976, 96.64155169837008, 64.6928078705047, 0.0, 78.67015185372772, 43.7520488609998, 74.36031689220037, 30.483169030606494, 67.27642970995493, 47.63595019118311, 36.042618662134764, 64.57070054126774, 44.60945303161986, 4.106690763757026, 66.43237673377776, 43.451621015261715, 32.59655903123275, 11.4509839064734, 74.328871376168, 74.34016890934052, 34.65405781557143, 63.96218386802247, 22.476913547175677, 56.184036525982435, 64.97511401247283, 69.93746026686114, 60.81884919750894, 75.74789131879047, 56.39593226199976, 31.945768857541108, 41.75389842350831, 77.88869079084652, 9.438819885887364, 100.06833758189582, 85.03266762766543, 80.33545771840853, 49.84885513775626, 76.65956466438841, 52.38663135981828, 9.690442714063021, 68.89862322352528, 56.8988570562612, 5.051888395026206], [74.56636294754725, 57.98484941782401, 50.86101644250881, 73.46015873652651, 64.1249783000907, 95.38183311516063, 67.23395827467267, 63.92923508723054, 94.03069855424597, 42.23724808947836, 89.9454316926816, 110.19172917258437, 102.11209711625446, 43.59749432755308, 62.31577782073336, 110.56945421968419, 62.38765374922276, 128.64484254857612, 95.05608022853818, 65.61369163362453, 66.54950450731326, 74.87004861589793, 80.01455381786131, 55.02849918275973, 78.67015185372772, 0.0, 35.01591752863171, 106.19849475670347, 78.84623805750164, 62.396299253148484, 68.14279525469418, 105.02977666178035, 83.2763969211395, 64.32622405604921, 78.18697015367366, 111.64253852273237, 61.98744344371425, 104.62073933073674, 69.13672501587126, 30.8273923468866, 14.085297130978748, 88.162952047979, 88.21577246520945, 98.69435853941835, 42.80913819865955, 13.715654686241589, 124.2063870691312, 21.357628105851582, 59.30310117250503, 83.26574183827685, 103.56598977641855, 74.14930981068679, 56.7890308861159, 71.21133502326133, 88.62216632913157, 66.63907989361626, 2.6490058270154284, 33.61296058146769, 55.27434716792777, 98.84019230229994, 88.07622445648586, 123.44555356098479, 53.23698567182605, 74.95972488223424], [48.833090574914536, 43.22108451996077, 16.169726539344705, 47.45641603210518, 52.97894815176701, 62.40349720922949, 34.7642526451585, 30.51709186136687, 60.95677091148966, 15.242291263199366, 73.32291828089475, 76.5532946707905, 70.85431505093908, 8.598662499144256, 32.739932048390955, 86.8951642111321, 31.10021284200376, 99.86079396297563, 78.41817171451359, 57.74958934689683, 48.16468248472099, 42.18676655597851, 76.69344133809301, 42.934400615968315, 43.7520488609998, 35.01591752863171, 0.0, 83.12193783271196, 47.17881640858195, 49.49329957068712, 43.63564392061699, 71.21890027562185, 62.80523944304841, 38.94577933725048, 43.171489740974785, 84.3028177768977, 36.28409225774098, 70.2917607906001, 34.82521772206393, 36.68186824135611, 31.48475293853592, 56.50677118087932, 66.14994505485036, 63.776732733699696, 27.950725551458202, 21.300653521099207, 94.71047454813993, 18.24513119972148, 52.63261777457578, 59.41091015160006, 69.2779264282696, 46.410385708662986, 52.5183755171467, 36.798944189891245, 83.41770116178431, 62.53315993453353, 36.6001484490408, 12.431318703404417, 50.85321130718375, 70.14157856931668, 53.26346444628793, 93.83619693047021, 36.5916962805296, 40.2731466521241], [34.366402885459664, 49.08586759806007, 72.23996212819485, 35.777066738426115, 46.93324681464617, 96.56360705328139, 54.18026019711548, 84.87496639400138, 95.37267888994919, 93.5717884894366, 23.63209650591741, 52.210827814017364, 35.078940246383546, 79.3596277046933, 51.3762363510531, 4.662076867798372, 91.77418809452654, 32.04148067528145, 21.70398816131207, 50.073737554708195, 39.908412584978144, 50.522885213321956, 55.285712538915234, 52.897786420147284, 74.36031689220037, 106.19849475670347, 83.12193783271196, 0.0, 44.464467378472804, 46.55991453057932, 39.61139669236295, 52.652565828151914, 23.282306050705483, 44.217047234176015, 70.27813336868769, 17.145345876691906, 46.873624700604324, 57.98959585457462, 80.5526827075258, 79.69432196312273, 93.3666476764071, 40.08197687935672, 17.98636392737585, 66.68109241618598, 63.39391670118442, 96.36407886839217, 32.045999591955834, 85.82684931660995, 54.693424537690994, 23.750743169092626, 57.294741545808364, 37.71848904847385, 58.73449715003973, 79.95535511686458, 51.35530874155135, 55.424852128087856, 105.94519475092322, 75.62695275732665, 59.26064779071638, 23.6274081824948, 77.73173694709054, 32.11347132474293, 53.020757894298015, 77.65969684515225], [18.434317753507553, 39.59189941668667, 32.36272150790808, 17.695835992616406, 46.97841730359733, 54.51267429578567, 12.506859506184785, 40.73744792505, 53.15391775644562, 53.301783418016626, 47.94857536620013, 32.714553425583986, 23.683240932109648, 40.66644156433366, 16.983003149210262, 46.793025259454346, 47.781545767657065, 53.322092835006735, 51.398048824554145, 53.590338135845236, 33.89231920511822, 6.250139189728195, 70.53705516597235, 43.56499032868295, 30.483169030606494, 78.84623805750164, 47.17881640858195, 44.464467378472804, 0.0, 43.33789918695806, 21.56965454092854, 28.30599702395198, 34.7694741652019, 20.9969811075771, 26.38132295593573, 39.54412761290396, 21.591198656721115, 30.112159419433276, 36.109941548476705, 62.68520775799042, 69.56807309396775, 9.3835852927692, 33.58989869007523, 31.18786994930797, 42.02188900412129, 66.07243765652926, 47.852301826036985, 57.67268695877106, 53.29669496024555, 26.174344769680683, 28.965472893052286, 13.156043952333224, 56.43840725011146, 35.49213079655496, 72.48833534767451, 61.08225892418102, 79.61219883992862, 45.25661565305319, 55.66030608167197, 24.773984753778183, 35.75122034426549, 46.934910328038036, 37.167243656481865, 33.34241125029398], [26.40952498496445, 6.38522002297877, 47.222312967996395, 26.512141950217956, 4.082033709743447, 92.44142994966617, 41.25011809756176, 67.12608301788116, 90.93054718308883, 63.93041635513593, 27.583857857255538, 73.10945253638333, 57.68869368431336, 50.2985514806592, 32.31107022293828, 51.20031131592781, 72.03234928654852, 74.80226056312777, 32.66647009989979, 10.658061942556914, 9.935556229345313, 44.928424225852815, 29.71731509599411, 7.447923732087973, 67.27642970995493, 62.396299253148484, 49.49329957068712, 46.55991453057932, 43.33789918695806, 0.0, 21.776386440997356, 69.87560839688517, 23.53692725960232, 23.16000561533454, 63.826104905192395, 56.9203661749624, 23.888921677130654, 72.7873272883218, 66.4803182491725, 33.587487539196225, 48.6816996940193, 48.80004768333677, 29.424017717760453, 74.40215778341637, 22.272602503226334, 55.169260015772686, 72.13104629712709, 44.38593117341284, 10.336856742987687, 28.011663058808125, 71.66671269058774, 30.625105034216567, 14.090751887478904, 67.19936397182947, 34.78100416811369, 17.9567500599366, 61.65922551050111, 38.08342688198194, 13.91834346542747, 48.675255405637046, 75.40774055742953, 71.68148703071654, 13.027089166249242, 67.5843481199571], [6.608805355352271, 18.50877152487739, 34.53704177087638, 5.843182340628571, 25.41793617430342, 72.83135653047259, 21.585952842808428, 51.37596905795018, 71.36384148461423, 55.100974657891854, 32.269852696702905, 52.090058077162475, 38.08608031361274, 40.659062616407574, 14.292786801173445, 43.57082827839482, 57.432272420994416, 60.82271950208711, 36.89911228285928, 32.050956309384624, 12.432348447329664, 23.662064560096997, 49.56761299539883, 22.759092437292583, 47.63595019118311, 68.14279525469418, 43.63564392061699, 39.61139669236295, 21.56965454092854, 21.776386440997356, 0.0, 48.50113026442467, 19.945762831711964, 4.753621235377521, 43.86558531262501, 43.53521972338987, 7.389892269658617, 51.143984922683416, 49.1208186660441, 45.74783075983531, 56.407808409321234, 27.443442116926086, 22.564822870806598, 52.6