instance_id,num_cities,city_coordinates,distance_matrix,best_route,total_distance
1722,71,"[[28.634581479701403, 95.11845350381054], [94.25136426506381, 78.12197361596223], [46.426149301533705, 18.761272812868], [86.67409516824085, 83.39571441794034], [23.67761675093767, 61.87596753513495], [75.21778680810581, 68.0368216198612], [8.896880568349086, 3.020639699397687], [4.681117521903488, 49.03267636098302], [15.90589412275184, 78.56282086700045], [71.14506715772836, 43.89156320413976], [24.501371379007086, 81.73992665723769], [14.576602075528378, 73.14695265259724], [31.60737769065225, 73.25521816724626], [84.62043828140297, 82.54487824813059], [1.195996993714954, 34.29268917496311], [93.779693510024, 7.5210433123782945], [73.11866776582939, 32.594424457509476], [92.56597391633136, 78.60582118919743], [75.06516380941267, 87.23717610194586], [8.848762923539633, 2.173220730574832], [47.12689938753057, 89.29094641817586], [2.9993592095568733, 90.73351677284079], [0.5275321519371268, 20.437053098098946], [57.62907009437354, 66.63509678800396], [15.40164795905853, 50.12631506065265], [82.46946305706484, 3.326377495916033], [61.5518289849068, 65.11779986763482], [46.17319276286659, 5.903418209925581], [94.18916676857609, 86.38115527437076], [18.977555705629335, 80.8990989445837], [54.776324322472014, 71.67722887860322], [31.736761435185233, 10.156202851586361], [33.94113841006799, 99.83583552591736], [14.565753444012064, 43.94131024553133], [98.9980527672567, 6.2638650176644495], [50.09636913835674, 10.817124232498653], [75.34528031772693, 81.13647362138153], [58.268522190646365, 3.145845546255144], [40.050613635354914, 21.76512585360849], [79.44004693723849, 89.74801684213882], [64.64641134877213, 40.95462304199635], [44.36038204980887, 4.7031762417651946], [3.704022361154735, 43.05778964396575], [78.11592520379544, 99.99704646327612], [10.175908978464355, 14.419678328669438], [77.08826378951619, 12.904340167728801], [4.660685357201244, 21.66841148537554], [57.67028572123961, 41.20009326748896], [47.79616688422267, 13.293704256842675], [13.813161963195764, 50.792167902822385], [50.78112662381379, 0.45195732652645315], [82.02095169609056, 22.55591401651811], [15.70285267876821, 74.42710997041961], [15.24540814510187, 20.796899840411097], [47.88279926713223, 56.46009795029345], [44.60126067219156, 60.59424773389709], [94.68238759525363, 59.60807164758217], [91.95969812816836, 72.53752299507443], [61.496273549228455, 45.18561019913447], [23.32098804549163, 72.97785373047577], [98.12611474671176, 57.36350171376712], [95.9346036880553, 71.01121596982087], [67.46484157360261, 45.47082580848746], [69.36200321438449, 60.53910311128459], [0.2536060323696576, 80.11067230455726], [68.09584017263064, 11.12003264132435], [76.62673939400419, 41.403280060280125], [1.5693094401873497, 20.79474635534152], [6.744429192030554, 35.62134607070158], [60.13565368120708, 88.20768505321765], [89.87592371837404, 92.14523408101229]]","[[0.0, 67.78231710172989, 78.4025441463994, 59.21155090755137, 33.61003380985805, 53.883298007509026, 94.18908718539689, 51.93907286846664, 20.883209854712927, 66.5682783490473, 14.002442869762122, 26.083972753072334, 22.064418793474644, 57.38040568461398, 66.72817639335804, 109.16589162228887, 76.73387870357121, 66.02946285442576, 47.09472909956314, 95.02786386743799, 19.388802449799257, 26.007542963039047, 79.79547473680194, 40.644581186503025, 46.89779367145154, 106.41418933717358, 44.53744943209854, 90.92263419100388, 66.13428787509937, 17.18860642641216, 35.112415621642654, 85.01886588497624, 7.100228137019141, 53.07571868921072, 113.34088400342122, 86.99035835318392, 48.75843667889045, 96.6288313940202, 74.23635543005065, 51.088520337684685, 65.04285065105192, 91.77267112786534, 57.72214046179421, 49.721263519806975, 82.78293849143009, 95.43018265212821, 77.2635513538065, 61.23938023343985, 84.03841945529396, 46.73857156209017, 97.2225023351279, 90.08566290884603, 24.400026782724723, 75.51796674650022, 43.18520976091831, 38.03755550083658, 74.98866522517073, 67.2307133770148, 59.77607921369342, 22.769287066288854, 79.08545745248308, 71.48742470368568, 63.029168126617606, 53.42709382629586, 32.10472338872752, 92.80584919616673, 72.03170884645131, 79.09830841973985, 63.39625036296967, 32.25021349421092, 61.313473502406744], [67.78231710172989, 0.0, 76.22954798595055, 9.231865955055722, 72.41951775430366, 21.540365864916975, 113.69080104907374, 94.17545495732507, 78.34671044861197, 41.299176298980385, 69.8437620107468, 79.8299352595563, 62.83274912442287, 10.597963044284024, 102.860621972724, 70.60250585519381, 50.193113010691896, 1.7534677361520206, 21.24140306770978, 114.28830815418063, 48.429961216693656, 92.11937606957655, 110.05319968597807, 38.381515988627385, 83.67218569801435, 75.71786047576964, 35.190455274334276, 86.75845964474863, 8.259415850722199, 75.32502027967377, 39.99766884705826, 92.34403912853907, 64.10004010704834, 86.70706038360912, 72.01471254585141, 80.49600204463724, 19.14490063976364, 83.16360203885823, 78.19089242701483, 18.8292326472022, 47.51699891474554, 88.76615297666272, 97.09952689630069, 27.182185448841203, 105.48300624516934, 67.43820675642168, 105.89378841274753, 51.97499933522282, 79.7545601943329, 84.95423868103475, 89.0072636979026, 56.89613318158164, 78.6353653884915, 97.61201353215563, 51.178908520232234, 52.653147687291806, 18.518918629497648, 6.036374940320354, 46.451049535268346, 71.11666640138799, 21.117003741280506, 7.307268248618674, 42.23286932053907, 30.473556220030115, 94.01879320245523, 71.92615334437613, 40.729471618002414, 108.97877899826305, 97.28189465474564, 35.57531846430976, 14.690007285507141], [78.4025441463994, 76.22954798595055, 0.0, 76.14136975448298, 48.748052619564206, 57.07046609709981, 40.69660357401422, 51.56554616267695, 67.13949006247124, 35.24991340600633, 66.6858810169068, 63.02535862754828, 56.472879086703465, 74.34481846772525, 47.822500687450855, 48.66930149826607, 30.064042083366186, 75.56621854936981, 74.22359788664012, 41.075825480273984, 70.5331546831296, 84.0588484237469, 45.929198728146886, 49.167148140734646, 44.116726519026315, 39.2091374544879, 48.76180663658119, 12.860342608222457, 82.7874044868206, 67.93036674984504, 53.570736687403524, 17.024257544062745, 82.03023964412264, 40.609347560731734, 54.03693399526764, 8.751000532373062, 68.75304949334345, 19.598044911767776, 7.0477363827745245, 78.2881553300243, 28.714504060888608, 14.209063077513282, 49.14774522227516, 87.19800925087631, 36.509305199435204, 31.216484825871134, 41.866519245651695, 25.098431568918258, 5.636599514930414, 45.71198074240773, 18.820118518648076, 35.79649786462343, 63.58149402004869, 31.247118210479282, 37.72695648822549, 41.87275975205063, 63.22282427497121, 70.46409832252718, 30.419635946937255, 58.93459190546091, 64.52145769548311, 71.98016126438657, 34.00039402337297, 47.65963175639241, 76.78315290435597, 22.977468394236006, 37.74567702565805, 44.902907444779245, 43.11497397782425, 70.7866843650193, 85.28240538516027], [59.21155090755137, 9.231865955055722, 76.14136975448298, 0.0, 66.57068272807301, 19.160965247747495, 111.84564250308964, 88.9025689607262, 70.93303277944253, 42.44677460154191, 62.19476840121561, 72.82228798916223, 55.99261592359213, 2.2229324768677086, 98.57795065604857, 76.20666140943298, 52.5787093195128, 7.5932412265749685, 12.228005363249846, 112.48944759306208, 39.98417755130684, 83.99586169065155, 106.70062490308331, 33.53403919718761, 78.65503585137049, 80.17965855703663, 31.067835754917983, 87.43785831800977, 8.086356303392098, 67.7425608021628, 33.982211350423235, 91.55400970015039, 55.23624091576363, 82.1964899178667, 78.11019218264146, 81.27473035835649, 11.551892264649132, 85.1288319555021, 77.27922409699327, 9.627211428910572, 47.81699584490551, 89.34744474509468, 92.25606298061935, 18.67743287552731, 103.0032331769936, 71.14015748439645, 102.64725673958438, 51.20245508479431, 80.16099510537467, 79.82297183689356, 90.37683348829334, 61.01748156927908, 71.53567729626677, 94.97720208745586, 47.22596819737566, 47.85426089153911, 25.09949593451477, 12.076337177538282, 45.759531967567305, 64.20395629094797, 28.43984617927809, 15.463919938263702, 42.51226410934297, 28.67286536505066, 86.48290261184538, 74.62523524221935, 43.17770143646474, 105.64897423161484, 93.11896570541471, 26.971168642746765, 9.316963045914193], [33.61003380985805, 72.41951775430366, 48.748052619564206, 66.57068272807301, 0.0, 51.907082874836064, 60.682944694134555, 22.930702369154442, 18.4078990308141, 50.76019747067433, 19.88103225921216, 14.486668824822072, 13.869695508893793, 64.35239984768191, 35.58455384015754, 88.70602546162493, 57.46152008487037, 70.89071699618502, 57.30506864716476, 61.51676911089976, 36.07561397022089, 35.501387056765665, 47.46693635216911, 34.28338512132395, 14.371708065336751, 82.97310218283923, 38.01270089346163, 60.32393569779302, 74.64839524078944, 19.595155075956416, 32.60666092292759, 52.3439000454043, 39.322912592088905, 20.11660968005368, 93.62624647021825, 57.48874635188115, 55.14086101204136, 68.15979729993019, 43.323834633808865, 62.34019371845205, 46.00157373612484, 60.79888851519744, 27.442089789067772, 66.45860430263379, 49.33959361426644, 72.4632148340915, 44.477986050726514, 39.78684858663769, 54.23966045038527, 14.837724978872478, 67.13798684453037, 70.35631699591154, 14.870374522437832, 41.93556896764411, 24.803679243255463, 20.962864322232065, 71.04097996516236, 69.10941616040552, 41.33786194314228, 11.107612755576568, 74.58512721458476, 72.83216957632266, 46.759488157399616, 45.703942642066664, 29.684823330644598, 67.4473387086857, 56.7691863700157, 46.65237384924463, 31.241606699173015, 44.97274512703213, 72.7904138096515], [53.883298007509026, 21.540365864916975, 57.07046609709981, 19.160965247747495, 51.907082874836064, 0.0, 92.87392807444621, 73.05189423287818, 60.2386692587886, 24.486333929613426, 52.535034801951895, 60.856114934674515, 43.921514613198816, 17.28853845347745, 81.35042619301194, 63.298529244929014, 35.50450418422323, 20.31411695936184, 19.200961070150594, 93.50326867812333, 35.22549896052243, 75.7009990401325, 88.5684599839507, 17.64448322111391, 62.44002492004592, 65.11550036003675, 13.974229539242053, 68.58679364538442, 26.389919189578904, 57.69230254061657, 20.763091136944794, 72.39313224663603, 52.10507641653346, 65.26302796828847, 66.19213863039049, 62.491434571782115, 13.100272407699428, 67.06799793387287, 58.118842882897276, 22.117944718664848, 29.07231430266788, 70.45090535469214, 75.75071315721596, 32.091356752281555, 84.29260896611397, 55.16420211702249, 84.42946182200329, 32.06438496295525, 61.22707030285808, 63.780138241969375, 71.86698993634725, 45.986911278285916, 59.857022726015, 76.34328007249424, 29.68538486842829, 31.508150987945257, 21.211188318862032, 17.336317588164, 26.654414071749894, 52.13148300331957, 25.27273722335074, 20.92925042581392, 23.86068579836177, 9.513463319440936, 75.93027241972456, 57.360639741078984, 26.670783329239548, 87.49806794387713, 75.75858867677708, 25.18599752450977, 28.21482817734591], [94.18908718539689, 113.69080104907374, 40.69660357401422, 111.84564250308964, 60.682944694134555, 92.87392807444621, 0.0, 46.20476356189748, 75.86664225181393, 74.46656378400077, 80.2510203836105, 70.35594505661336, 73.81505735348661, 109.80966127567271, 32.20628333465818, 85.00203271434809, 70.70393691837512, 112.75476416772524, 107.10119845599925, 0.8487839633633518, 94.36153962429309, 87.9109183359971, 19.322977218579908, 80.13504505944012, 47.5526723754531, 73.57321774707903, 81.41622008979569, 37.38761643597912, 119.26336253094141, 78.52817599834773, 82.57512093185169, 23.928569107034807, 100.00198494914913, 41.31146811268799, 90.15952385678536, 41.93069316747666, 102.55473337969379, 49.37180038224902, 36.35809188056564, 111.79434810136006, 67.43142646032256, 35.50339232442306, 40.37250490177507, 119.14570747230938, 11.470570837822832, 68.90393516021969, 19.122885306586543, 61.93961353581442, 40.23295081504391, 48.02383501599927, 41.96293837146548, 75.68855079164972, 71.73008610711504, 18.875890098052928, 66.14890441222259, 67.74601907647295, 102.76814034686771, 108.31448990841696, 67.41350665260379, 71.42875241457202, 104.47489116514974, 110.44584060727173, 72.33411613484509, 83.45300887244674, 77.5730579632444, 59.750455933466235, 77.84960409415073, 19.225300155137663, 32.67168656245634, 99.4094792573863, 120.41926238430848], [51.93907286846664, 94.17545495732507, 51.56554616267695, 88.9025689607262, 22.930702369154442, 73.05189423287818, 46.20476356189748, 0.0, 31.5915343768742, 66.6624905451704, 38.24404116855175, 26.06566583878755, 36.21815868085119, 86.67965550701665, 15.146395192917431, 98.29431276260543, 70.38404939353755, 92.72712051228461, 80.08431664351932, 47.04442421979434, 58.50104876138775, 41.73473855286956, 28.895708006871804, 55.797230097076884, 10.77616900662674, 90.22246093429551, 59.10168373686505, 59.84751637672442, 96.98762682470654, 34.92645176678716, 54.97549911656088, 47.36441765808084, 58.62686929653907, 11.118814515685065, 103.56087822047728, 59.354641805596515, 77.61493221134326, 70.54935280603972, 44.66005559772263, 85.1271782559688, 60.506953395184944, 59.49410571052584, 6.054253565415644, 89.38701247496734, 35.046431572073615, 80.92003155407357, 27.36427250368187, 53.56492606523436, 56.00162148166553, 9.300002481910498, 66.97236072516051, 81.74636930369465, 27.68313393046659, 30.147359952259134, 43.8355095451323, 41.56065160401696, 90.62045906021407, 90.38820967325569, 56.94525329176191, 30.344954974305004, 93.81561787571948, 93.86295829992423, 62.88467846111814, 65.69638369441539, 31.391793352065292, 73.88366262363027, 72.3490165411837, 28.40887256722699, 13.569120649589017, 67.89614780442383, 95.48218491434426], [20.883209854712927, 78.34671044861197, 67.13949006247124, 70.93303277944253, 18.4078990308141, 60.2386692587886, 75.86664225181393, 31.5915343768742, 0.0, 65.21857362371976, 9.163854563728092, 5.576615986653075, 16.574294333439497, 68.82982899817367, 46.65003358602411, 105.40997480850437, 73.39206317030563, 76.66009185349107, 59.79183580223216, 76.71488844915237, 33.01278309360064, 17.739912127684264, 60.125692475261104, 43.39463117556806, 28.440976190490574, 100.45511993125801, 47.58487111586493, 78.71148684564936, 78.67272163237982, 3.859183869099986, 39.4755838581521, 70.21454085992907, 27.889266558689986, 34.64743821339916, 110.14284291368095, 75.88457019899798, 59.49507811353414, 86.50036082785246, 61.71665609198675, 64.5112174963145, 61.56309416447994, 79.15115278602757, 37.543213989150296, 65.79904250075718, 64.39856725460905, 89.74585475539934, 57.995073403391295, 56.03782489771649, 72.6432865437088, 27.84939306247898, 85.54290645659451, 86.6485686718742, 4.1406920252625055, 57.76969684684895, 38.872262899726145, 33.85695913466518, 81.02480139928856, 76.29210521502041, 56.5023971900061, 9.283074695332, 84.90922100698657, 80.38420921555925, 61.26504059569568, 56.41285315381804, 15.728635240766014, 85.27789955400318, 71.18885111744453, 59.520484651461985, 43.90788878274618, 45.26913999370143, 75.20669669047687], [66.5682783490473, 41.299176298980385, 35.24991340600633, 42.44677460154191, 50.76019747067433, 24.486333929613426, 74.46656378400077, 66.6624905451704, 65.21857362371976, 0.0, 60.0677365311504, 63.68570525272525, 49.24888954268218, 40.93487988025336, 70.60460891073664, 42.8385460456474, 11.468236273329563, 40.79135881303666, 43.522515038138614, 74.97499329763393, 51.361234206863365, 82.69223739801593, 74.41068669625702, 26.456577565833705, 56.09100564859685, 42.116222931639854, 23.293418416694074, 45.46090266255381, 48.33627996825272, 63.9609799228023, 32.24870476437484, 51.87570816902703, 67.18551867682649, 56.57933558361439, 46.81487453979845, 39.2041605138984, 37.48099708622744, 42.73194259269446, 38.16338912730403, 46.60065482154129, 7.131489664809975, 47.46734697708745, 67.44619857043905, 56.53687392878783, 67.71875845879848, 31.55201384559109, 70.10022464809563, 13.740951392863487, 38.48896096468184, 57.745698527616355, 47.975925555128015, 23.947751267061513, 63.295013726569984, 60.48252105866508, 26.440521422224876, 31.361653866501058, 28.30219233613434, 35.40960144903421, 9.735182367304864, 55.97459101695967, 30.157421245958147, 36.74230106457037, 4.004763504071722, 16.742756702109507, 79.60793380383761, 32.91308251495433, 6.01999032474083, 73.30926960839876, 64.92948992424854, 45.66317817278301, 51.761585568730595], [14.002442869762122, 69.8437620107468, 66.6858810169068, 62.19476840121561, 19.88103225921216, 52.535034801951895, 80.2510203836105, 38.24404116855175, 9.163854563728092, 60.0677365311504, 0.0, 13.127842472078184, 11.067321440225436, 60.12445552583768, 52.861903294697896, 101.52796935941738, 69.1297468129865, 68.13672090472751, 50.861742561600124, 81.0917063791373, 23.852304230295225, 23.307106008740313, 65.82391111057707, 36.40879437106628, 32.89719447763436, 97.51402127320316, 40.60826895862719, 78.87232629746096, 69.84217801110537, 5.5874440342450535, 31.903458469469275, 71.9484564333997, 20.410073968123292, 39.082629215413746, 106.04900479723058, 75.39991919146652, 50.84748992561305, 85.54092622608019, 61.957692550494436, 55.51925414216336, 57.22818558334217, 79.55527147460954, 43.91853196640238, 56.637821333832825, 68.82757229489836, 86.62401064802484, 63.26325755807352, 52.37990998379956, 72.30167949995456, 32.7414354058848, 85.43043657641927, 82.53029426889421, 11.440770044601814, 61.64191247020042, 34.43487925839204, 29.17439436778907, 73.58800203371113, 68.08311156930185, 52.00808435525582, 8.841223149990912, 77.55522502697693, 72.23442331141533, 56.22550531154623, 49.61805324371278, 24.302440084306745, 82.99184984212035, 65.90977961870857, 65.11677561732076, 49.4189485030636, 36.216487596972364, 66.19745097929291], [26.083972753072334, 79.8299352595563, 63.02535862754828, 72.82228798916223, 14.486668824822072, 60.856114934674515, 70.35594505661336, 26.06566583878755, 5.576615986653075, 63.68570525272525, 13.127842472078184, 0.0, 17.031119736363788, 70.6714935170792, 41.093726805254164, 102.85859064517514, 71.21573560878878, 78.1801852506306, 62.10797450800102, 71.20448556299075, 36.333873861766776, 21.055160648475848, 54.55006761465338, 43.54215508349263, 23.035417422950736, 97.38764442919855, 47.65647109923121, 74.29695463076503, 80.70504678171537, 8.914267495798983, 40.22658022630383, 65.28633570466619, 32.97395542663187, 29.205644421964266, 107.70482230837213, 71.74023531517383, 61.29163646546321, 82.5175065029199, 57.34995545030051, 66.95417695374493, 59.525892571355676, 74.64331235236229, 31.993291800085323, 68.97951232968083, 58.8919251617097, 86.81520724646158, 52.42485674820808, 53.64389429122871, 68.45400521228058, 22.36781710435519, 81.21163674760443, 84.31010310762214, 1.7050639811081152, 52.35432485475651, 37.25256892110661, 32.543056473265366, 81.24184988415874, 77.38549579345974, 54.61952254459722, 8.746020834479692, 85.02728027598371, 81.38602949869276, 59.69199170991794, 56.217417656823706, 15.92612969441837, 81.9246461852547, 69.69849561425217, 53.94388905049226, 38.334241630899776, 47.983881081588144, 77.65901452571997], [22.064418793474644, 62.83274912442287, 56.472879086703465, 55.99261592359213, 13.869695508893793, 43.921514613198816, 73.81505735348661, 36.21815868085119, 16.574294333439497, 49.24888954268218, 11.067321440225436, 17.031119736363788, 0.0, 53.8208359059666, 49.426012800635206, 90.47860851159271, 58.10754984346931, 61.19296860345878, 45.65166286162679, 74.63648508407132, 22.31591661208517, 33.52476164808667, 61.28389152119898, 26.850595573092733, 28.241314329323554, 86.46961596686161, 31.030432480016035, 68.9088377946464, 63.94349497121607, 14.76283565957154, 23.222621260813444, 63.09914796539832, 26.68287200178376, 33.90755306132331, 95.02286295461982, 65.11803420679755, 44.442303200315834, 75.0076046501856, 52.17775234412515, 50.59621186792402, 46.205045076351745, 69.72819782797761, 41.11547066570967, 53.64858220304281, 62.617318684675794, 75.56943479774395, 58.20071177697372, 41.31351119609534, 62.10845390107038, 28.656984149370864, 75.28577181110518, 71.49788727906473, 15.947640773857113, 54.950788976038254, 23.387291647261055, 18.14224813114622, 64.53449839112986, 60.35658761521217, 41.00303631596444, 8.291030357091339, 68.39070866258781, 64.36635417967229, 45.36221086832678, 39.838565869691, 32.09448938102146, 72.0568468269288, 55.147882002369165, 60.45152311519735, 45.105149783857264, 32.209296747512795, 61.25402972382361], [57.38040568461398, 10.597963044284024, 74.34481846772525, 2.2229324768677086, 64.35239984768191, 17.28853845347745, 109.80966127567271, 86.67965550701665, 68.82982899817367, 40.93487988025336, 60.12445552583768, 70.6714935170792, 53.8208359059666, 0.0, 96.37380948429718, 75.58086903979094, 51.25757074698227, 8.868354246389126, 10.645230358427618, 110.45791107320792, 38.095602036734114, 82.03081341630669, 104.54185193579679, 31.33137569141791, 76.43431279752035, 79.2476974797649, 28.91130913248884, 85.74441139077457, 10.309102108491139, 65.66351058520088, 31.761249043648238, 89.64822141259376, 53.547816379670806, 79.98683848107433, 77.62415073783662, 79.60390723024115, 9.381479565814296, 83.65781419358125, 75.37007078488706, 8.872522757546761, 46.1379570420802, 87.6367656809567, 90.03719526846538, 18.62489908124346, 100.91100439101098, 70.04668583669124, 100.49629989813657, 49.35283140926738, 78.43310565765468, 77.60093423326802, 88.79384369932524, 60.04525926406597, 69.39403264767873, 92.87468785332673, 45.05629682440957, 45.64389068090062, 25.046754700468902, 12.410152870098475, 43.93679441786218, 62.04152284838259, 28.57455198163196, 16.156599407028477, 40.850946900874874, 26.77823706049091, 84.4019415790434, 73.31146508297695, 41.91098093999878, 103.49187789665932, 90.92024342078187, 25.13109742589308, 10.944722897184779], [66.72817639335804, 102.860621972724, 47.822500687450855, 98.57795065604857, 35.58455384015754, 81.35042619301194, 32.20628333465818, 15.146395192917431, 46.65003358602411, 70.60460891073664, 52.861903294697896, 41.093726805254164, 49.426012800635206, 96.37380948429718, 0.0, 96.37666669280314, 71.94271800567805, 101.54864032447905, 90.88329055446235, 33.01855659362989, 71.65511910883144, 56.46963020256886, 13.871751740108124, 65.04400871557932, 21.272146766068175, 86.97291960693497, 67.77177808324376, 53.18739366788821, 106.58770062894352, 49.88327637434257, 65.33341630061751, 38.92696064051146, 73.26764852211082, 16.4877614036495, 101.73916206246118, 54.24341937278959, 87.7066494555978, 65.01845123028967, 40.824270687170326, 95.90320494247536, 63.799188432747094, 52.33262283599619, 9.116862260417877, 101.16193910020819, 21.807690830318364, 78.84857406865602, 13.091082943740588, 56.89514494732622, 51.1129455364845, 20.77078838557108, 60.032326395630385, 81.67267103358968, 42.675761205322786, 19.48133166555415, 51.68221665456846, 50.75223046947901, 96.8533624477666, 98.4922167359041, 61.27625217904768, 44.565201511137495, 99.63789499387501, 101.60538277261494, 67.20498865821678, 73.04436082678176, 45.82767372219322, 70.79944228727726, 75.76514635237726, 13.503104181797058, 5.7052983275109, 79.87934595996414, 105.88222870716946], [109.16589162228887, 70.60250585519381, 48.66930149826607, 76.20666140943298, 88.70602546162493, 63.298529244929014, 85.00203271434809, 98.29431276260543, 105.40997480850437, 42.8385460456474, 101.52796935941738, 102.85859064517514, 90.47860851159271, 75.58086903979094, 96.37666669280314, 0.0, 32.489266332918206, 71.09513880040483, 81.88342597155443, 85.09913146826278, 94.1424466081442, 123.14781701318438, 94.14238634504387, 69.29169424728556, 89.20945692656987, 12.06302342743484, 66.00016376899978, 47.63397552547114, 78.86117502933529, 104.78405827448506, 75.08181507121658, 62.098868638970686, 110.0121517736989, 87.18534363219457, 5.3676596950855355, 43.807499102234544, 75.8884653246068, 35.779681999241944, 55.585141104614905, 83.4679617559716, 44.34582712075448, 49.49958302884375, 96.83226152866013, 93.79320229268257, 83.88792495399711, 17.53806463517221, 90.23494689068768, 49.377806115050944, 46.344453123599635, 90.9232445029961, 43.57578147254803, 19.087046553538563, 102.8222487102841, 79.64849241719477, 67.09363583825248, 72.35525747278852, 52.09484981650144, 65.04194810674427, 49.60684230156181, 96.17184206330083, 50.0316103784488, 63.52673186893256, 46.180704021677435, 58.37069696529391, 118.39080739694295, 25.93478448814641, 37.976700777544515, 93.16086153948747, 91.4590851146698, 87.4199952609103, 84.71418465541858], [76.73387870357121, 50.193113010691896, 30.064042083366186, 52.5787093195128, 57.46152008487037, 35.50450418422323, 70.70393691837512, 70.38404939353755, 73.39206317030563, 11.468236273329563, 69.1297468129865, 71.21573560878878, 58.10754984346931, 51.25757074698227, 71.94271800567805, 32.489266332918206, 0.0, 49.95244083838283, 54.677409906864106, 71.10604970487843, 62.37040665145178, 91.08716423108345, 73.60213752388658, 37.39913112273684, 60.32098775298494, 30.725493413851474, 34.51900501827653, 37.92714644741751, 57.76658497946927, 72.55757432837277, 43.17299114506128, 47.07372898331639, 77.8221444634633, 59.642229943761265, 36.91938418320805, 31.690330373519068, 48.59308943135885, 32.98098881926528, 34.796119212182866, 57.502112631598905, 11.902606822390803, 40.06196106478723, 70.19882483120257, 67.58761746913088, 65.51421434018883, 20.08624185680183, 69.32440490135691, 17.68360945798842, 31.83939150114839, 62.03467486017509, 39.14209929906115, 13.41724081355325, 71.03906952750468, 59.063489282459194, 34.73354905775837, 39.96539266481943, 34.56488315316033, 44.16373564244993, 17.135285399029087, 64.11419706565785, 35.1977214124452, 44.6812802201047, 14.062981986882342, 28.196056348625017, 86.98914317823214, 22.053986054816423, 9.481693075546627, 72.51581262128904, 66.44322238350557, 57.10861063629239, 61.86359635418692], [66.02946285442576, 1.7534677361520206, 75.56621854936981, 7.5932412265749685, 70.89071699618502, 20.31411695936184, 112.75476416772524, 92.72712051228461, 76.66009185349107, 40.79135881303666, 68.13672090472751, 78.1801852506306, 61.19296860345878, 8.868354246389126, 101.54864032447905, 71.09513880040483, 49.95244083838283, 0.0, 19.513550215894956, 113.36010686868218, 46.678489641299066, 90.38395582292974, 108.87920069349235, 36.93082034499179, 82.25214568487603, 75.95350007933283, 33.820170091209405, 86.24343187810717, 7.9429575833965345, 73.62414289902824, 38.41956543003967, 91.57261239934702, 62.35049997292541, 85.35609358853043, 72.62733824854467, 79.99359202513978, 17.405645341369414, 82.88861875377786, 77.38687040883615, 17.217388972457588, 46.87339006177868, 88.23480048953458, 95.70845825179373, 25.814500315153186, 104.4412932502181, 67.49995643838683, 104.7339886591015, 51.155620766069745, 79.18338360968058, 83.52008560616193, 88.62279559979994, 57.033232309692394, 76.97662654228405, 96.54191462102453, 49.87002260381445, 51.235051428960624, 19.115273853813132, 6.098509105027979, 45.6315327763804, 69.4733192381739, 21.95794395543237, 8.308170374825412, 41.56915639950917, 29.408001605746545, 92.3246329059763, 71.78522899150519, 40.473303097307614, 107.80776094154639, 95.98438748086978, 33.82190799194937, 13.804059965190412], [47.09472909956314, 21.24140306770978, 74.22359788664012, 12.228005363249846, 57.30506864716476, 19.200961070150594, 107.10119845599925, 80.08431664351932, 59.79183580223216, 43.522515038138614, 50.861742561600124, 62.10797450800102, 45.65166286162679, 10.645230358427618, 90.88329055446235, 81.88342597155443, 54.677409906864106, 19.513550215894956, 0.0, 107.79836849276175, 28.013650090961555, 72.15056888695716, 100.09053385028267, 26.990054392267897, 70.26344092664147, 84.23684330535232, 25.920590716150887, 86.31295478543316, 19.143151800038925, 56.44458348554144, 25.568515117621725, 88.42413069703086, 43.010599674117216, 74.39563599309965, 84.43613137644515, 80.39567796252702, 6.107129932676562, 85.75242879531585, 74.24693992086422, 5.044197022792409, 47.4407537944239, 88.0604607972568, 83.9299153854085, 13.119505963389425, 97.53462654092067, 74.36036196491196, 96.20838570244854, 49.21376615957216, 78.81139017815629, 71.2744438968354, 90.1187475497133, 65.0541977899063, 60.728755767474034, 89.4019769213573, 41.06226347465937, 40.47091580850337, 33.88514249658549, 22.394309351037574, 44.18652484379612, 53.67297271421679, 37.73915578790075, 26.435114962064937, 42.452242754936066, 27.300423846295118, 75.15022444013084, 76.4355349334264, 45.860490017711484, 99.07692506378481, 85.62661203430307, 14.961021365290934, 15.602808792226325], [95.02786386743799, 114.28830815418063, 41.075825480273984, 112.48944759306208, 61.51676911089976, 93.50326867812333, 0.8487839633633518, 47.04442421979434, 76.71488844915237, 74.97499329763393, 81.0917063791373, 71.20448556299075, 74.63648508407132, 110.45791107320792, 33.01855659362989, 85.09913146826278, 71.10604970487843, 113.36010686868218, 107.79836849276175, 0.0, 95.1562602256731, 88.7532622437223, 20.070138372798677, 80.83843041848516, 48.39875574968916, 73.62973080675964, 82.09526913903406, 37.51036438193843, 119.89145410981607, 79.374784055073, 83.30755094644122, 24.24022440930531, 100.83458551618283, 42.15752936713192, 90.24205133977178, 42.143588909859, 103.23266020331427, 49.42932940118507, 36.842885801635575, 112.4832178268594, 67.95126735408384, 35.60162591592993, 41.206993710874606, 119.86425927415229, 12.318158967679844, 69.07811811863492, 19.939971320634687, 62.50310286936866, 40.50389399964679, 48.87174318522654, 41.96767652846874, 75.95803706886234, 72.57825470935828, 19.69158433637798, 66.86345064040378, 68.49275502847195, 103.27716700289338, 108.89702743306566, 67.98401299479957, 72.2685364057632, 104.95909995594556, 111.00726665503046, 72.87336469378407, 84.07394647913452, 78.4099679876907, 59.91879175956477, 78.31252549524274, 19.993790526314214, 33.51425531355867, 100.16124108093416, 121.07998997688779], [19.388802449799257, 48.429961216693656, 70.5331546831296, 39.98417755130684, 36.07561397022089, 35.22549896052243, 94.36153962429309, 58.50104876138775, 33.01278309360064, 51.361234206863365, 23.852304230295225, 36.333873861766776, 22.31591661208517, 38.095602036734114, 71.65511910883144, 94.1424466081442, 62.37040665145178, 46.678489641299066, 28.013650090961555, 95.1562602256731, 0.0, 44.15111336520113, 83.14060170632777, 24.971646161609588, 50.401983369411745, 92.94624207962926, 28.149948633047188, 83.39298182106013, 47.152135641406396, 29.373604711404223, 19.203040056177382, 80.61739257469259, 16.883689728532094, 55.82846698724891, 97.89848210687549, 78.52998484038028, 29.372988423300214, 86.86261660185183, 67.8955835306288, 32.31638002533168, 51.41335873959884, 84.632998774693, 63.427525842937065, 32.78628218046118, 83.49300855485833, 82.0524038117678, 79.85102732468468, 49.233049389031095, 76.00018904654414, 50.9113057026803, 88.91411226301815, 75.30710083493342, 34.76211077452182, 75.5504063552147, 32.839549262269706, 28.807626877212677, 56.05887541970169, 47.86080901230418, 46.3870628170566, 28.85893982568508, 60.16877672518547, 52.11852400396598, 48.30978019626716, 36.34650376219152, 47.76382588068242, 80.93446879023168, 56.244725527045475, 82.26313527247851, 67.16524324788871, 13.05377889570902, 42.84420660137455], [26.007542963039047, 92.11937606957655, 84.0588484237469, 83.99586169065155, 35.501387056765665, 75.7009990401325, 87.9109183359971, 41.73473855286956, 17.739912127684264, 82.69223739801593, 23.307106008740313, 21.055160648475848, 33.52476164808667, 82.03081341630669, 56.46963020256886, 123.14781701318438, 91.08716423108345, 90.38395582292974, 72.15056888695716, 88.7532622437223, 44.15111336520113, 0.0, 70.33990854541311, 59.708786264035204, 42.458940131853865, 118.13342203673533, 63.91053645026712, 95.18469165723448, 91.29361452623246, 18.762157053170704, 55.17242268209814, 85.54847634786918, 32.25284339055693, 48.20054011399893, 127.87052526843677, 92.76183558390554, 72.97969264282042, 103.56775814666788, 78.29070443234792, 76.44704016765037, 79.23570721916873, 95.45655400382248, 47.680934422724675, 75.68560939235658, 76.65053688441257, 107.45485802367442, 69.08508357769792, 73.7730997708945, 89.46328040237478, 41.37933880031348, 102.14625432823532, 104.36760798593947, 20.670695419563, 71.00067677483908, 56.47291766136846, 51.37211056116535, 96.82236842908752, 90.80218108655063, 74.13838938438003, 26.98577715426224, 100.81000706313056, 95.00488837550978, 78.76870958549242, 72.90886870385971, 10.971963593968754, 102.83899401168335, 88.62541039082647, 69.9533891234338, 55.23926962474574, 57.19209710988906, 86.88803373660186], [79.79547473680194, 110.05319968597807, 45.929198728146886, 106.70062490308331, 47.46693635216911, 88.5684599839507, 19.322977218579908, 28.895708006871804, 60.125692475261104, 74.41068669625702, 65.82391111057707, 54.55006761465338, 61.28389152119898, 104.54185193579679, 13.871751740108124, 94.14238634504387, 73.60213752388658, 108.87920069349235, 100.09053385028267, 20.070138372798677, 83.14060170632777, 70.33990854541311, 0.0, 73.44960773323352, 33.206800462025804, 83.7093498960771, 75.63288924695249, 47.90357894428023, 114.54748539752131, 63.21441573782219, 74.62229603797287, 32.85896946414432, 86.14311193701705, 27.377395075096025, 99.48528881505771, 50.49368902709973, 96.34373405915842, 60.27443727859481, 39.54538844402478, 105.02949435690918, 67.32162613797325, 46.57116716488464, 22.842675235768013, 111.12943480751035, 11.371014664594997, 76.93040616669566, 4.312678853810176, 60.79801084375816, 47.805347631014136, 33.135192081678724, 54.081677214586804, 81.52096049845717, 56.08223064544135, 14.722274397256959, 59.499420870918534, 59.62460756008768, 101.97796574631103, 105.23449975455172, 65.80029259929626, 57.27195965446428, 104.35059143040172, 107.9826617993529, 71.46532843783186, 79.6640371918656, 59.67424791915162, 68.20764707106729, 78.93460594631968, 1.1014737330462265, 16.407698250667337, 90.25512011982684, 114.56525780264971], [40.644581186503025, 38.381515988627385, 49.167148140734646, 33.53403919718761, 34.28338512132395, 17.64448322111391, 80.13504505944012, 55.797230097076884, 43.39463117556806, 26.456577565833705, 36.40879437106628, 43.54215508349263, 26.850595573092733, 31.33137569141791, 65.04400871557932, 69.29169424728556, 37.39913112273684, 36.93082034499179, 26.990054392267897, 80.83843041848516, 24.971646161609588, 59.708786264035204, 73.44960773323352, 0.0, 45.3397734259383, 68.00763972485231, 4.205975185116935, 61.80270146478679, 41.551744783751914, 41.19953060492573, 5.793207613934858, 62.13112833341905, 40.78488887104524, 48.677070459967204, 73.18523316118736, 56.32395266580569, 22.894410556764086, 63.49247138221453, 48.19041837476728, 31.779329512575003, 26.62197983058493, 63.33735757804872, 58.85405835789272, 39.15010751466512, 70.55673195929533, 57.14590471986879, 69.48131093157876, 25.435036913999333, 54.24011562214469, 46.59219034366952, 66.53647329663154, 50.37795392703277, 42.64414586101528, 62.43008168852938, 14.089726625642717, 14.36021154562834, 37.713756378079694, 34.83433157568393, 21.795314576471107, 34.889469177734526, 41.54483241985806, 38.55469261957808, 23.338139743476138, 13.222059540981217, 58.936703435402876, 56.49314669126734, 31.584110153676537, 72.41570611679444, 59.59110179645424, 21.717723769728224, 41.11723085709747], [46.89779367145154, 83.67218569801435, 44.116726519026315, 78.65503585137049, 14.371708065336751, 62.44002492004592, 47.5526723754531, 10.77616900662674, 28.440976190490574, 56.09100564859685, 32.89719447763436, 23.035417422950736, 28.241314329323554, 76.43431279752035, 21.272146766068175, 89.20945692656987, 60.32098775298494, 82.25214568487603, 70.26344092664147, 48.39875574968916, 50.401983369411745, 42.458940131853865, 33.206800462025804, 45.3397734259383, 0.0, 81.78218619041442, 48.524054091105604, 53.875342926823336, 86.728810432764, 30.97985384373386, 44.886601844116974, 43.17922882918691, 53.054209362402545, 6.241234189113459, 94.4048379090276, 52.43029812306497, 67.48976955296813, 63.59821870288509, 37.57563788079978, 75.30468641292907, 50.09158268405942, 53.869006119462675, 13.66742463652472, 80.12596595962098, 36.08700949930756, 72.04660982686086, 30.41743831282093, 43.200870058035065, 49.051463535941075, 1.7223959377790095, 60.98564853215727, 72.09895036781981, 24.302661531810276, 29.32983136741161, 33.09292969791409, 31.019268157848895, 79.84572239785885, 79.77090501414553, 46.35865693510305, 24.184887160849183, 83.0404375949065, 83.19697136575543, 52.270926044241165, 54.95585586876404, 33.593523982202555, 65.56041459003508, 61.84337604655151, 32.429531473874775, 16.89205618566383, 58.74795322783466, 85.51027602290914], [106.41418933717358, 75.71786047576964, 39.2091374544879, 80.17965855703663, 82.97310218283923, 65.11550036003675, 73.57321774707903, 90.22246093429551, 100.45511993125801, 42.116222931639854, 97.51402127320316, 97.38764442919855, 86.46961596686161, 79.2476974797649, 86.97291960693497, 12.06302342743484, 30.725493413851474, 75.95350007933283, 84.23684330535232, 73.62973080675964, 92.94624207962926, 118.13342203673533, 83.7093498960771, 68.00763972485231, 81.78218619041442, 0.0, 65.23593560221893, 36.38764043066219, 83.87757487501715, 100.24345071911608, 73.74787330975447, 51.19036558028887, 108.02348717889508, 79.12323641933241, 16.787587996739962, 33.228429041125594, 78.13555553496539, 24.201614214856253, 46.253067220023446, 86.47471948098858, 41.63587437622259, 38.13394327897614, 88.2189308442305, 96.76864952264636, 73.13972439571742, 10.986112802065385, 79.94145419003384, 45.270493070869016, 36.07748702790587, 83.46669358998457, 31.818437378619016, 19.234766368170213, 97.53509327323266, 69.45712857436676, 63.398971296400084, 68.6557332890412, 57.59153255780909, 69.85876625743168, 46.81954763380153, 91.37762438282219, 56.259590612324864, 69.0112119256787, 44.73581551098606, 58.694986803533126, 112.49566691906604, 16.350599235180344, 38.52256389051702, 82.76459850590301, 82.3240289897608, 87.77035612252224, 89.12712799485584], [44.53744943209854, 35.190455274334276, 48.76180663658119, 31.067835754917983, 38.01270089346163, 13.974229539242053, 81.41622008979569, 59.10168373686505, 47.58487111586493, 23.293418416694074, 40.60826895862719, 47.65647109923121, 31.030432480016035, 28.91130913248884, 67.77177808324376, 66.00016376899978, 34.51900501827653, 33.820170091209405, 25.920590716150887, 82.09526913903406, 28.149948633047188, 63.91053645026712, 75.63288924695249, 4.205975185116935, 48.524054091105604, 65.23593560221893, 0.0, 61.17879900059087, 38.95287025057966, 45.40504537840158, 9.430459818089963, 62.527717050512614, 44.35867709917949, 51.5377047165444, 69.75675825955778, 55.49586412272711, 21.138997339037896, 62.05886903510573, 48.39169976012662, 30.440695289714842, 24.360532718186153, 62.81299702750834, 61.91132999901873, 38.61257731139112, 72.17883820129053, 54.47592294097996, 71.58527484099386, 24.230622507859362, 53.61860801722405, 49.8417902989154, 65.55668707998197, 47.228160156510306, 46.78452610544077, 64.09857089059224, 16.180178488352364, 17.543782090264035, 33.58557754293457, 31.300012733568984, 19.932267091013635, 39.03047073328253, 37.387264126240176, 34.88420200665303, 20.517487847075337, 9.053357691012184, 63.10513735860797, 54.39285750768995, 28.1003803094501, 74.58173853957996, 62.240596547999026, 23.133273663150366, 39.15017934350843], [90.92263419100388, 86.75845964474863, 12.860342608222457, 87.43785831800977, 60.32393569779302, 68.58679364538442, 37.38761643597912, 59.84751637672442, 78.71148684564936, 45.46090266255381, 78.87232629746096, 74.29695463076503, 68.9088377946464, 85.74441139077457, 53.18739366788821, 47.63397552547114, 37.92714644741751, 86.24343187810717, 86.31295478543316, 37.51036438193843, 83.39298182106013, 95.18469165723448, 47.90357894428023, 61.80270146478679, 53.875342926823336, 36.38764043066219, 61.17879900059087, 0.0, 93.71339244062688, 79.77439942615518, 