instance_id,num_cities,city_coordinates,distance_matrix,best_route,total_distance
406,50,"[[67.45404922572041, 46.52202998747248], [20.21332763716729, 41.907444041916555], [53.77112697555333, 30.8486022851585], [56.517952087162726, 6.2599366109538535], [87.179873493928, 48.14896534915153], [57.57572584414168, 39.53731762755588], [8.592720536980092, 3.5888065028584326], [72.77874616726686, 7.229095362533067], [74.19236045329349, 84.74814539603828], [12.025411599019343, 72.52118859055828], [97.14102692620213, 50.33222629886917], [19.704087257991286, 6.4497079182277535], [39.3982172221275, 68.73461995444275], [76.472938431927, 72.5724100522334], [91.98771514707529, 2.9713012933343386], [47.85980805261665, 97.75797673144582], [38.752108254063565, 47.38610173166637], [56.50703075380022, 99.61431529526197], [70.71823018401786, 80.24300883774235], [53.897172449710865, 91.33518319474211], [73.3797145174384, 8.099276981324355], [6.664742028884407, 41.627945079742844], [41.2159417335116, 37.958693188414614], [67.86497264963721, 94.11396359133887], [41.73170083188153, 78.8880043938506], [63.98003693773152, 21.110989878270303], [11.95730877695641, 57.01372510338177], [30.40197999786429, 7.66413553307369], [96.21322357840421, 61.194842619798266], [20.53536126238017, 46.888895210986405], [49.517417069913996, 80.50996188376651], [10.497760451639305, 3.403040622951825], [4.371491961565566, 1.6583432872921855], [80.12832594349244, 41.53017898195168], [87.8495360724276, 17.565679219551235], [41.63739453371643, 37.364147142299664], [2.965008400397784, 12.285552615007278], [59.76449010510015, 82.2208246462602], [14.154063517321259, 35.900441596690214], [11.272576379796927, 97.0012874833881], [15.762450089532676, 59.31258371729], [41.08822911184442, 8.88691883056193], [52.97999395682219, 26.91125337581095], [85.73348885981626, 63.71751160175807], [21.241041848362986, 51.27790193318391], [43.467335716474246, 2.393505794556161], [19.726929645382395, 85.37999422849099], [32.82187287839567, 96.73877136973525], [37.46877629001543, 60.26959618091921], [96.51667912062301, 5.791995657687188]]","[[0.0, 47.46556835913915, 20.805737123298, 41.720910628646095, 19.79280328127598, 12.098242830337668, 72.85545754288925, 39.65207572068676, 38.81547033630572, 61.22328084332423, 29.930490155028867, 62.33658527655213, 35.78447795419931, 27.567420336918047, 49.98566527846836, 54.854867841432515, 28.71494446311168, 54.20911337246056, 33.878596369224915, 46.81888089540509, 38.877004227704276, 60.98599787291641, 27.600163439856708, 47.59370759055393, 41.34241775910486, 25.647411581065633, 56.47976510966271, 53.69163617822648, 32.28593408887847, 46.92012223229509, 38.430486435638954, 71.43714772255511, 77.40903962275536, 13.621889251494345, 35.418161068992546, 27.39281799472412, 73.01351086919085, 36.51757466699842, 54.34801391457423, 75.52822868620838, 53.25053695477327, 45.95169270081659, 24.373773512519787, 25.096264687873134, 46.457080933090246, 50.22637825305995, 61.54526243661779, 61.000891416480634, 32.986545276399, 50.03570877796751], [47.46556835913915, 0.0, 35.33304228956796, 50.879962092121765, 67.25678294576915, 37.4374985675669, 40.04193417189828, 62.97389214883763, 68.91343610847943, 31.68979842689523, 77.38764677893518, 35.46139276425743, 32.98116668386278, 64.07405049777742, 81.65528711945362, 62.318615846839876, 19.331375451396724, 68.17122469024945, 63.406314429099496, 59.813901386845544, 63.00521291051698, 13.55146824719839, 21.370597375436024, 70.68380264147271, 42.785537613661376, 48.45634477321556, 17.215155384954866, 35.7269200262061, 78.40910614833531, 4.991849497490396, 48.46528697132372, 39.711224211636825, 43.25452426196214, 59.91618605162061, 71.88308706618908, 21.900506594731578, 34.27770365997574, 56.47533185662118, 8.532218940639577, 55.814591445244375, 17.965221904092832, 39.065542320709994, 36.03526267696407, 69.05483743813147, 9.426647208414467, 45.84866636630431, 43.47527116339408, 56.26233082294493, 25.197601857854615, 84.41876011646771], [20.805737123298, 35.33304228956796, 0.0, 24.74161530360493, 37.62242557405072, 9.48518565195618, 52.765375715724986, 30.317827999465056, 57.63842055707255, 58.9856694602984, 47.54534495023598, 41.903093459154, 40.52074616313774, 47.499982926150174, 47.30382143189357, 67.1699938975891, 22.339646624324843, 68.82011664674609, 52.22079763695962, 60.48671223990572, 30.0337894240377, 48.32396645378889, 14.42865444573914, 64.81622040111903, 49.52506372362925, 14.108257794732983, 49.325541501721226, 32.91863498147149, 52.17495439857561, 36.90402579241594, 49.84320099214726, 51.242981034157175, 57.37939664964874, 28.439374433433056, 36.57559311536539, 13.772428535138742, 54.09111292744185, 51.72064995648343, 39.93786170394108, 78.62763230363821, 47.48534255530487, 25.36082487580348, 4.016043810426745, 45.84711307032788, 38.41305406357404, 30.263189365963463, 64.28592442465897, 69.14033286889347, 33.63571791546372, 49.54811564399508], [41.720910628646095, 50.879962092121765, 24.74161530360493, 0.0, 51.91188835887404, 33.29418827130432, 47.99961203169245, 16.289649867364005, 80.45361166152676, 79.81315476156615, 59.93830934981169, 36.81435395072919, 64.77786181033079, 69.24987807873839, 35.62189233854137, 91.90677235119348, 44.7994047353107, 93.35437932314008, 75.33354414961656, 85.11560413461481, 16.9617866173682, 61.124778741220425, 35.19890182122673, 88.58377352718406, 74.11794287526703, 16.620363818694187, 67.53960303816972, 26.153695203200204, 67.77579565718088, 54.272084162918276, 74.5793117663407, 46.108783250662356, 52.34909707671052, 42.44337110250066, 33.30897733280865, 34.48047136974365, 53.89086959537879, 76.03023425068648, 51.703564582796474, 101.39594065373085, 66.89988272088573, 15.65175346972992, 20.952184417251352, 64.45867290549938, 57.193335256390164, 13.611314224308831, 87.25573247480064, 93.53033576960487, 57.270537149691314, 40.00146413611645], [19.79280328127598, 67.25678294576915, 37.62242557405072, 51.91188835887404, 0.0, 30.83125094042103, 90.34128827001305, 43.380044121698, 38.83523496884092, 79.00758449947855, 10.197607860467507, 79.32092913253273, 52.02745286485626, 26.6672666313292, 45.43277089174745, 63.3018290149472, 48.43377341304624, 59.91248222896644, 36.069562347085224, 54.523275769211985, 42.360617631668894, 80.77877258406005, 47.079981622618604, 49.85826368847064, 54.86733928040179, 35.62701971535376, 75.74310667050302, 69.73342552239305, 15.868091489195653, 66.65642345141256, 49.65576220947692, 88.78256720907022, 94.96634136212654, 9.67122824829837, 30.59061683676948, 46.80202659710535, 91.53320640981104, 43.73208024229339, 74.04589966266927, 90.2688602624415, 72.28467846502544, 60.54707242032723, 40.25757283065041, 15.635589561297124, 66.01302722136792, 63.27991812571769, 77.0457600731491, 72.90926882115996, 51.16740052979868, 43.37382644815088], [12.098242830337668, 37.4374985675669, 9.48518565195618, 33.29418827130432, 30.83125094042103, 0.0, 60.75878752085098, 35.70648474537186, 48.167743285786614, 56.238482123305815, 41.011499642613515, 50.289670166713364, 34.39337556668483, 38.05813940663597, 50.21213556840392, 59.02579270982336, 20.394410780663307, 60.08650229428972, 42.774743917675494, 51.92832206409115, 35.186879055406386, 50.95389088363347, 16.43577169670711, 55.538084991116776, 42.420627972345805, 19.50755635407904, 48.85145641612708, 41.884510265086035, 44.29339250898203, 37.76286934695258, 41.757561203293285, 59.34661574296473, 65.31085055411708, 22.640478520099357, 37.40663684522272, 16.08580352108251, 61.032689241254985, 42.73958891245715, 43.57370338275485, 73.79762517797876, 46.25376934100357, 34.80351268065166, 13.436452287315888, 37.11524482846551, 38.18442851360559, 39.7329765997937, 59.44814859718626, 62.32783926038555, 28.881080215020127, 51.52809521931899], [72.85545754288925, 40.04193417189828, 52.765375715724986, 47.99961203169245, 90.34128827001305, 60.75878752085098, 0.0, 64.28917163250512, 104.35588649773423, 69.01779964771441, 100.12866651776417, 11.47376256148162, 72.06216508187394, 96.78048119389987, 83.3972807632335, 102.02811761226084, 53.17698502950998, 107.31579316388452, 98.66836212536167, 98.751810037421, 64.94381366197287, 38.087966141539965, 47.38737882617897, 108.20353014759013, 82.26883503497946, 58.092871579209344, 53.53076107713332, 22.186755169169786, 104.86089809999908, 44.916860415970035, 87.13033301581336, 1.9140757661551062, 4.64170861995349, 80.97462927654274, 80.4797849137197, 47.25171017921862, 10.358790316992225, 93.81654586498611, 32.78673966990209, 93.45091348015863, 56.183132423355936, 32.924581573287234, 50.14146557281223, 97.80674472810105, 49.337914983901314, 34.895093175130974, 82.54555713083106, 96.24950793580147, 63.61240849379126, 87.95155789109201], [39.65207572068676, 62.97389214883763, 30.317827999465056, 16.289649867364005, 43.380044121698, 35.70648474537186, 64.28917163250512, 0.0, 77.53193808648629, 89.18534128015968, 49.511621063060765, 53.080381150894965, 69.97992046282486, 65.44765718591829, 19.675195033415715, 93.8958563445078, 52.634563247041925, 93.80723631210728, 73.04298246294829, 86.19946540722142, 1.0575344001923206, 74.52746074486394, 44.05132014212406, 87.02370652482865, 78.09557137005984, 16.43545799337414, 78.59870612584442, 42.37899917324861, 58.8343148899359, 65.59169909629969, 76.88416501125694, 62.39839642635438, 68.63370678207056, 35.07963312740674, 18.274946626424477, 43.33480272637281, 69.99661235322222, 76.1126160489538, 65.26024448840005, 108.82120841136063, 77.22401036998757, 31.733850221666575, 27.917341083101494, 57.95486629650785, 67.79699349352725, 29.70760355674556, 94.456647356493, 98.023129015234, 63.71882531715117, 23.78139433380011], [38.81547033630572, 68.91343610847943, 57.63842055707255, 80.45361166152676, 38.83523496884092, 48.167743285786614, 104.35588649773423, 77.53193808648629, 0.0, 63.35793559273385, 41.36540559679901, 95.39191384636588, 38.30228975217437, 12.387476219109674, 83.69066184512731, 29.371057647114846, 51.49692983784038, 23.103547217956883, 5.689098042466107, 21.337378542415117, 76.65317620733789, 80.12072718959831, 57.242440806379676, 11.302848618170636, 32.98538578859865, 64.4513701481907, 68.13515778308629, 88.65405798374296, 32.24401470729253, 65.66883878026185, 25.036274292647374, 103.31518833121847, 108.53049751756302, 43.62371267177922, 68.55656210346824, 57.48973035712663, 101.60788863575836, 14.647552456179682, 77.39958181696343, 64.101784053708, 63.72615022916833, 82.76961524551413, 61.60414410524712, 23.98927265852318, 62.64263196469003, 87.89945283656868, 54.46909569690342, 43.073104757213294, 44.13412518079829, 82.05150081177915], [61.22328084332423, 31.68979842689523, 58.9856694602984, 79.81315476156615, 79.00758449947855, 56.238482123305815, 69.01779964771441, 89.18534128015968, 63.35793559273385, 0.0, 87.96032071398417, 66.51618312944478, 27.633468651555045, 64.44754718774401, 105.97715231014654, 43.82920766864979, 36.68908428258728, 52.08312545602556, 59.19859340711879, 45.904365257606614, 88.96366214355766, 31.354892327334035, 45.23995068472006, 59.86906138031575, 30.38091446055429, 73.09098183581125, 15.507613027171057, 67.41020395621717, 84.94629950107073, 27.0080304200321, 38.333679355885884, 69.13502799956063, 71.2749979325936, 74.82278809808805, 93.64510591795896, 45.96615164139115, 60.91323950916325, 48.7145004718597, 36.682560834519, 24.491672108494946, 13.727079054835544, 69.95689851381177, 61.29880917599872, 74.23197008032818, 23.156102195749558, 76.85366931086949, 14.98873786056003, 31.92153062449994, 28.239446229891833, 107.66410486731189], [29.930490155028867, 77.38764677893518, 47.54534495023598, 59.93830934981169, 10.197607860467507, 41.011499642613515, 100.12866651776417, 49.511621063060765, 41.36540559679901, 87.96032071398417, 0.0, 89.00648877809672, 60.60429163661325, 30.361087849261818, 47.640464310004184, 68.39473910878878, 58.4631976004314, 63.873671734034154, 39.91013780690997, 59.592561819314064, 48.45845618099259, 90.89401872709908, 57.277565201789166, 52.66809161485925, 62.334788688472976, 44.19877730168541, 85.44535250091042, 79.21279160906427, 10.902167325256942, 76.68301337830987, 56.37999592742024, 98.53630850395618, 104.76322591911537, 19.154843557083563, 34.058455775136586, 56.9984586262755, 101.57101871980468, 49.1313363272405, 84.23249079492413, 97.73122362420726, 81.87258141358619, 69.71104398845128, 49.98738646484019, 17.586864057465622, 75.9058761705676, 71.96517249105891, 84.97816481104336, 79.31280478485034, 60.494039509364555, 44.544606359827874], [62.33658527655213, 35.46139276425743, 41.903093459154, 36.81435395072919, 79.32092913253273, 50.289670166713364, 11.47376256148162, 53.080381150894965, 95.39191384636588, 66.51618312944478, 89.00648877809672, 0.0, 65.32433713711397, 87.14880493220143, 72.36727280653642, 95.55074341485674, 45.15102924979392, 100.17035847830755, 89.71005539556366, 91.51344703292474, 53.70096870438211, 37.51710135119228, 38.15201221079716, 100.02246049976898, 75.71342388276246, 46.640249878777006, 51.154006790619796, 10.76660315538415, 94.07804055138813, 40.4477302869912, 79.83580557565996, 9.697351951613339, 16.063799474301106, 69.86936432210605, 69.04612235377745, 37.904782291819245, 17.727206331671763, 85.70938108798688, 29.96912540802157, 90.94327318408259, 53.009623101045115, 21.52258162621097, 39.06354834295066, 87.40413728554533, 44.85453386287072, 24.10694408189621, 78.9302896155512, 91.23700608050022, 56.67596094477016, 76.81540766065687], [35.78447795419931, 32.98116668386278, 40.52074616313774, 64.77786181033079, 52.02745286485626, 34.39337556668483, 72.06216508187394, 69.97992046282486, 38.30228975217437, 27.633468651555045, 60.60429163661325, 65.32433713711397, 0.0, 37.272826370146085, 84.2049248756899, 30.23166813108116, 21.35829316932483, 35.302508194225524, 33.367442614354395, 26.851539275621388, 69.50817920143587, 42.50002612927842, 30.829560339181185, 38.137478259702924, 10.418078581552361, 53.59361904333925, 29.839283376212133, 61.729541968622286, 57.3131153360187, 28.862484725418845, 15.526006669840523, 71.43844664807423, 75.67098766374743, 48.97982610299836, 70.46836733076967, 31.450285841151636, 67.18538463490317, 24.42668188955074, 41.41679085468341, 39.875508347652534, 25.44453290592046, 59.87155810567109, 43.97338571501755, 46.60610232534988, 25.18769583799565, 66.46578934531763, 25.7687415224367, 28.765966026156022, 8.68212933541238, 84.99583897469574], [27.567420336918047, 64.07405049777742, 47.499982926150174, 69.24987807873839, 26.6672666313292, 38.05813940663597, 96.78048119389987, 65.44765718591829, 12.387476219109674, 64.44754718774401, 30.361087849261818, 87.14880493220143, 37.272826370146085, 0.0, 71.30934466806579, 38.11855190135728, 45.35648968037405, 33.61401654941609, 9.58930408042237, 29.35484399006464, 64.54729213657463, 76.35930982846469, 49.408149239985576, 23.197749972512845, 35.310626189161255, 52.956117248764066, 66.36519529930537, 79.59659108333555, 22.784378383968193, 61.552054995747795, 28.099908558146847, 95.58831401784985, 101.13072455125067, 31.256710762338255, 56.170876891615194, 49.52915197960865, 95.06798071473183, 19.294148067962794, 72.30819760598816, 69.62655574043012, 62.14166387541337, 72.85546956689204, 51.35036191828794, 12.812767881910224, 59.19475041124657, 77.55287495263171, 58.17339362315492, 49.894173440259934, 40.898458327236845, 69.72356335919014], [49.98566527846836, 81.65528711945362, 47.30382143189357, 35.62189233854137, 45.43277089174745, 50.21213556840392, 83.3972807632335, 19.675195033415715, 83.69066184512731, 105.97715231014654, 47.640464310004184, 72.36727280653642, 84.2049248756899, 71.30934466806579, 0.0, 104.55518172308372, 69.3303998203107, 102.95023613567855, 80.14554121984735, 96.22403581052752, 19.301653351181695, 93.67147831947993, 61.65947264758418, 94.28091851676989, 91.04401564353857, 33.3688228835931, 96.56836705169631, 61.764273387375276, 58.376670734957855, 83.87010153314169, 88.40797534680438, 81.49109837959571, 87.62606018770148, 40.341444705015334, 15.169719612013237, 60.97559045600724, 89.5086453600334, 85.55012088694976, 84.51275410930594, 123.92163624292048, 94.78729418159674, 51.242094117018844, 45.76815069639363, 61.067318700655974, 85.66574255916217, 48.52381959128837, 109.60298258990314, 110.87351052388942, 79.09114546600313, 5.33552540719141], [54.854867841432515, 62.318615846839876, 67.1699938975891, 91.90677235119348, 63.3018290149472, 59.02579270982336, 102.02811761226084, 93.8958563445078, 29.371057647114846, 43.82920766864979, 68.39473910878878, 95.55074341485674, 30.23166813108116, 38.11855190135728, 104.55518172308372, 0.0, 51.18863141962256, 8.844232770985595, 28.797249220277894, 8.814876384750027, 93.21989093994738, 69.62480820742587, 60.16722755725064, 20.334341452802374, 19.840099650214334, 78.32383017306644, 54.305464687909485, 91.76968988869251, 60.62108188638503, 57.74330131822747, 17.327483482606226, 101.48288805988763, 105.48162486677889, 64.8291792839597, 89.61017200817477, 60.71353294318342, 96.54573175523201, 19.573567628026087, 70.44453043087248, 36.59505567831137, 50.0828177344611, 89.12866662176299, 71.03150367212766, 50.92316726335007, 53.56263686086355, 95.46557562963022, 30.73553803530505, 15.072434238483579, 38.90182794410167, 104.04437888222277], [28.71494446311168, 19.331375451396724, 22.339646624324843, 44.7994047353107, 48.43377341304624, 20.394410780663307, 53.17698502950998, 52.634563247041925, 51.49692983784038, 36.68908428258728, 58.4631976004314, 45.15102924979392, 21.35829316932483, 45.35648968037405, 69.3303998203107, 51.18863141962256, 0.0, 55.16360725166735, 45.84113104863373, 46.485424930168655, 52.36912940364202, 32.599930050490286, 9.744049838533526, 55.05499021243847, 31.642500584933508, 36.425676226759485, 28.471958324041964, 40.59013723279483, 59.09704814314114, 18.22353108711955, 34.82932651195705, 52.27636018539617, 57.21061675073092, 41.788553714308335, 57.444016374036124, 10.429019642654888, 50.12748811009028, 40.681422192326316, 27.147452801450015, 56.716764093226324, 25.8991381145278, 38.569995394280916, 24.93295302939543, 49.73896934967113, 17.938326440150075, 45.23899931676581, 42.49109657507659, 49.70768242450244, 12.947253382624297, 71.18156578420567], [54.20911337246056, 68.17122469024945, 68.82011664674609, 93.35437932314008, 59.91248222896644, 60.08650229428972, 107.31579316388452, 93.80723631210728, 23.103547217956883, 52.08312545602556, 63.873671734034154, 100.17035847830755, 35.302508194225524, 33.61401654941609, 102.95023613567855, 8.844232770985595, 55.16360725166735, 0.0, 24.025105683775035, 8.680748165065184, 93.05745373149435, 76.46353952119347, 63.52348495484765, 12.619695439116542, 25.453690064183427, 78.85821404870367, 61.639987126139154, 95.58404277529138, 55.25067989885134, 63.8273525149155, 20.342837037180633, 106.6464360764485, 110.9661518535394, 62.70352843103639, 87.8312661956584, 64.00148057966871, 102.4356429616005, 17.69589100278038, 76.50641499516112, 45.309864012810856, 57.30925249634572, 92.02825605941278, 72.78856504308054, 46.29002450671922, 59.83392708311983, 98.09138314163478, 39.43845501255543, 23.859074928640293, 43.70883269105171, 101.99705694093363], [33.878596369224915, 63.406314429099496, 52.22079763695962, 75.33354414961656, 36.069562347085224, 42.774743917675494, 98.66836212536167, 73.04298246294829, 5.689098042466107, 59.19859340711879, 39.91013780690997, 89.71005539556366, 33.367442614354395, 9.58930408042237, 80.14554121984735, 28.797249220277894, 45.84113104863373, 24.025105683775035, 0.0, 20.149052465735753, 72.19280812537897, 74.79286392346658, 51.559173516929626, 14.161372261677958, 29.01818259169976, 59.514694945430584, 63.18580147009517, 83.02465223804116, 31.82494814522453, 60.25626298595704, 21.20249373606651, 97.62625512657105, 102.8466787622951, 39.840094096850216, 64.97637485663262, 51.810151345240676, 95.96204936497222, 11.130865963118554, 71.87327890269832, 61.76265586401213, 58.80663620303644, 77.26337130005287, 56.20428066529316, 22.328234412905637, 57.33209906844822, 82.48124861659318, 51.24940340653937, 41.33090948125004, 38.78741287336829, 78.79411990162319], [46.81888089540509, 59.813901386845544, 60.48671223990572, 85.11560413461481, 54.523275769211985, 51.92832206409115, 98.751810037421, 86.19946540722142, 21.337378542415117, 45.904365257606614, 59.592561819314064, 91.51344703292474, 26.851539275621388, 29.35484399006464, 96.22403581052752, 8.814876384750027, 46.485424930168655, 8.680748165065184, 20.149052465735753, 0.0, 85.48558667161178, 68.56903094312658, 54.86222104393018, 14.241526003823216, 17.404911944206276, 70.94435483696354, 54.193308169978266, 86.9072395439557, 51.95275077510137, 55.574121326693515, 11.677657026067346, 98.05901620475301, 102.44378284503293, 56.29042421451807, 81.20777494990784, 55.34595637554335, 94.03685144420079, 10.839600925289096, 68.20942224982244, 42.99954567124093, 49.796625656576275, 83.43731375169277, 64.43045824532358, 42.14601792319488, 51.681801902796224, 89.5511221205001, 34.68529614880808, 21.756999268869865, 35.142038883555095, 95.57227256308012], [38.877004227704276, 63.00521291051698, 30.0337894240377, 16.9617866173682, 42.360617631668894, 35.186879055406386, 64.94381366197287, 1.0575344001923206, 76.65317620733789, 88.96366214355766, 48.45845618099259, 53.70096870438211, 69.50817920143587, 64.54729213657463, 19.301653351181695, 93.21989093994738, 52.36912940364202, 93.05745373149435, 72.19280812537897, 85.48558667161178, 0.0, 74.66631863566344, 43.88727624180287, 86.19129126824525, 77.54121935413538, 16.051747914635147, 78.51964825464924, 42.97993732562878, 57.797129915824534, 65.55272803894826, 76.24117344004415, 63.05707559875392, 69.30815541602442, 34.105263006688794, 17.291284138812156, 43.17415318784768, 70.53903700243126, 75.36164915952735, 65.42616059618925, 108.44751762468854, 77.08794942782765, 32.30108991013089, 27.749577561071966, 56.97371115519863, 67.69663832441269, 30.45170324248094, 94.07938447270816, 97.47768197823949, 63.335122086891126, 23.251724197474527], [60.98599787291641, 13.55146824719839, 48.32396645378889, 61.124778741220425, 80.77877258406005, 50.95389088363347, 38.087966141539965, 74.52746074486394, 80.12072718959831, 31.354892327334035, 90.89401872709908, 37.51710135119228, 42.50002612927842, 76.35930982846469, 93.67147831947993, 69.62480820742587, 32.599930050490286, 76.46353952119347, 74.79286392346658, 68.56903094312658, 74.66631863566344, 0.0, 34.745486188439585, 80.62413017969826, 51.166430594501364, 60.876830413773575, 16.27063273872913, 41.43666040257582, 91.66130059718614, 14.83481291435973, 57.86331297912745, 38.4166025431711, 40.03533518428855, 73.46364896864662, 84.67563653270679, 35.2316107505047, 29.57471934738055, 66.83835064735933, 9.428373799629604, 55.56472969750494, 19.887552280193013, 47.5073811402004, 48.597156047004674, 82.09638039855675, 17.481137940666375, 53.793792654513844, 45.66029511559323, 61.00326768824905, 36.00555071845067, 96.73461567669499], [27.600163439856708, 21.370597375436024, 14.42865444573914, 35.19890182122673, 47.079981622618604, 16.43577169670711, 47.38737882617897, 44.05132014212406, 57.242440806379676, 45.23995068472006, 57.277565201789166, 38.15201221079716, 30.829560339181185, 49.408149239985576, 61.65947264758418, 60.16722755725064, 9.744049838533526, 63.52348495484765, 51.559173516929626, 54.86222104393018, 43.88727624180287, 34.745486188439585, 0.0, 62.15774483356165, 40.9325606723911, 28.320472052800177, 34.91649816013677, 32.16678398523575, 59.704435770921954, 22.5263160944458, 43.35348844493291, 46.235265604200265, 51.72261480185794, 39.075940880273166, 50.897614282997935, 0.7287712012363099, 46.06782008904102, 47.9915089144399, 27.140037807688355, 66.20145821495834, 33.22452223267174, 29.072054877968874, 16.138117954888028, 51.43275929010963, 24.00828913122401, 35.63637648845332, 52.063014058516735, 59.376409313350976, 22.623387040889398, 63.97552645810402], [47.59370759055393, 70.68380264147271, 64.81622040111903, 88.58377352718406, 49.85826368847064, 55.538084991116776, 108.20353014759013, 87.02370652482865, 11.302848618170636, 59.86906138031575, 52.66809161485925, 100.02246049976898, 38.137478259702924, 23.197749972512845, 94.28091851676989, 20.334341452802374, 55.05499021243847, 12.619695439116542, 14.161372261677958, 14.241526003823216, 86.19129126824525, 80.62413017969826, 62.15774483356165, 0.0, 30.24529268141211, 73.10627125244879, 67.09764955319933, 94.21809056508418, 43.442972461138794, 66.86029612256992, 22.840789351742295, 107.3287872900219, 112.15820886449897, 53.994853809009754, 79.11398495502297, 62.51741773958972, 104.44086461947728, 14.389738406979353, 79.2065395206819, 56.66600351904332, 62.6562758090844, 89.33444550196864, 68.83143795532517, 35.25944079403873, 63.31444623261947, 94.90988919166345, 48.923955329783496, 35.141264312069346, 45.49032818681528, 92.85305758763427], [41.34241775910486, 42.785537613661376, 49.52506372362925, 74.11794287526703, 54.86733928040179, 42.420627972345805, 82.26883503497946, 78.09557137005984, 32.98538578859865, 30.38091446055429, 62.334788688472976, 75.71342388276246, 10.418078581552361, 35.310626189161255, 91.04401564353857, 19.840099650214334, 31.642500584933508, 25.453690064183427, 29.01818259169976, 17.404911944206276, 77.54121935413538, 51.166430594501364, 40.9325606723911, 30.24529268141211, 0.0, 61.912614755092065, 36.945886330115584, 72.1193598811991, 57.282495531729886, 38.382649721488384, 7.952868880992362, 81.69173022509945, 85.79164155946368, 53.5715217206634, 76.72862759137988, 41.52396434259441, 77.06324042648615, 18.3381891092654, 51.07305194614117, 35.4379639182234, 32.52074843516524, 70.00404299676805, 53.179946827877444, 46.54354091826524, 34.382915284591, 76.51418655654697, 22.942447275372714, 19.950812409224145, 19.10020026159399, 91.34779876524203], [25.647411581065633, 48.45634477321556, 14.108257794732983, 16.620363818694187, 35.62701971535376, 19.50755635407904, 58.092871579209344, 16.43545799337414, 64.4513701481907, 73.09098183581125, 44.19877730168541, 46.640249878777006, 53.59361904333925, 52.956117248764066, 33.3688228835931, 78.32383017306644, 36.425676226759485, 78.85821404870367, 59.514694945430584, 70.94435483696354, 16.051747914635147, 60.876830413773575, 28.320472052800177, 73.10627125244879, 61.912614755092065, 0.0, 63.2089443190943, 36.170482435791456, 51.43630596783695, 50.516732355517, 61.13432136493143, 56.33760169694612, 62.70234519991331, 26.03287386105267, 24.13135339362639, 27.62894841724823, 61.649996352793416, 61.25506297824805, 51.97456598590222, 92.3981258958188, 61.51664370969068, 25.951161409786035, 12.435594164444055, 47.838565654715104, 52.313136822197535, 27.76895968193014, 78.0310350129796, 81.79481964567961, 47.288935161377815, 35.96254535579723], [56.47976510966271, 17.215155384954866, 49.325541501721226, 67.53960303816972, 75.74310667050302, 48.85145641612708, 53.53076107713332, 78.59870612584442, 68.13515778308629, 15.507613027171057, 85.44535250091042, 51.154006790619796, 29.839283376212133, 66.36519529930537, 96.56836705169631, 54.305464687909485, 28.471958324041964, 61.639987126139154, 63.18580147009517, 54.193308169978266, 78.51964825464924, 16.27063273872913, 34.91649816013677, 67.09764955319933, 36.945886330115584, 63.2089443190943, 0.0, 52.68384844717827, 84.35959295014952, 13.270085334790714, 44.30389235517129, 53.63054886698577, 55.87273854718175, 69.90727989283093, 85.53232422844746, 35.59513175389681, 45.623139745221806, 54.04557756104191, 21.2272577556134, 39.99342450391835, 4.4456553325032635, 56.25655518763234, 50.882408585635766, 74.08012892155614, 10.912715848078646, 63.05751465981946, 29.411090298001614, 44.87103003059983, 25.718391690450055, 98.86330300129214], [53.69163617822648, 35.7269200262061, 32.91863498147149, 26.153695203200204, 69.73342552239305, 41.884510265086035, 22.186755169169786, 42.37899917324861, 88.65405798374296, 67.41020395621717, 79.21279160906427, 10.76660315538415, 61.729541968622286, 79.59659108333555, 61.764273387375276, 91.76968988869251, 40.59013723279483, 95.58404277529138, 83.02465223804116, 86.9072395439557, 42.97993732562878, 41.43666040257582, 32.16678398523575, 94.21809056508418, 72.1193598811991, 36.170482435791456, 52.68384844717827, 0.0, 84.83310900127297, 40.44665544963407, 75.31211291134238, 20.355217649963638, 26.714337871401202, 60.16326437275142, 58.294616100591305, 31.75413720101044, 27.8234596390415, 80.13024953984527, 32.57735056871459, 91.36225041764511, 53.68312617363684, 10.755980620968844, 29.668472484829966, 78.76266146872914, 44.56549570443901, 14.08840153794458, 78.44559511402849, 89.10750041936491, 53.07800014890147, 66.14120007836209], [32.28593408887847, 78.40910614833531, 52.17495439857561, 67.77579565718088, 15.868091489195653, 44.29339250898203, 104.86089809999908, 58.8343148899359, 32.24401470729253, 84.94629950107073, 10.902167325256942, 94.07804055138813, 57.3131153360187, 22.784378383968193, 58.376670734957855, 60.62108188638503, 59.09704814314114, 55.25067989885134, 31.82494814522453, 51.95275077510137, 57.797129915824534, 91.66130059718614, 59.704435770921954, 43.442972461138794, 57.282495531729886, 51.43630596783695, 84.35959295014952, 84.83310900127297, 0.0, 77.01817302420761, 50.532882142815424, 103.37810695248051, 109.45089501300991, 25.405175219140606, 44.423587965213756, 59.5518527239603, 105.29647801639207, 42.07852293017254, 85.86915903307916, 92.17925493454354, 80.47278952250745, 75.99265692209218, 55.17677622843582, 10.779086165557809, 75.62521898113191, 78.99193565661538, 80.21891745681977, 72.67622867590248, 58.75173332073656, 55.40367800763054], [46.92012223229509, 4.991849497490396, 36.90402579241594, 54.272084162918276, 66.65642345141256, 37.76286934695258, 44.916860415970035, 65.59169909629969, 65.66883878026185, 27.0080304200321, 76.68301337830987, 40.4477302869912, 28.862484725418845, 61.552054995747795, 83.87010153314169, 57.74330131822747, 18.22353108711955, 63.8273525149155, 60.25626298595704, 55.574121326693515, 65.55272803894826, 14.83481291435973, 22.5263160944458, 66.86029612256992, 38.382649721488384, 50.516732355517, 13.270085334790714, 40.44665544963407, 77.01817302420761, 0.0, 44.38846340037612, 44.62928387603227, 48.03200493520769, 59.833412731580125, 73.42376404433365, 23.152033041539447, 38.80861526142457, 52.79459998312225, 12.706969494912348, 50.961270029740014, 13.30897130380679, 43.20382605343976, 38.10197322937237, 67.33496990301033, 4.445375698062871, 50.05711869138091, 38.499587858244716, 51.34168404652384, 21.58202267964947, 86.38353903591413], [38.430486435638954, 48.46528697132372, 49.84320099214726, 74.5793117663407, 49.65576220947692, 41.757561203293285, 87.13033301581336, 76.88416501125694, 25.036274292647374, 38.333679355885884, 56.37999592742024, 79.83580557565996, 15.526006669840523, 28.099908558146847, 88.40797534680438, 17.327483482606226, 34.82932651195705, 20.342837037180633, 21.20249373606651, 11.677657026067346, 76.24117344004415, 57.86331297912745, 43.35348844493291, 22.840789351742295, 7.952868880992362, 61.13432136493143, 44.30389235517129, 75.31211291134238, 50.532882142815424, 44.38846340037612, 0.0, 86.4176539193789, 90.86106046691542, 49.56259897482313, 73.69758522051788, 43.85950392874911, 82.59356375048124, 10.388915110853814, 56.926057958800776, 41.64890946285591, 39.858833863765355, 72.1173453881496, 53.710436531632645, 39.91979762430015, 40.67021913666557, 78.35039372154276, 30.185929769179516, 23.283372891031277, 23.55508752749673, 88.27063560591793], [71.43714772255511, 39.711224211636825, 51.242981034157175, 46.108783250662356, 88.78256720907022, 59.34661574296473, 1.9140757661551062, 62.39839642635438, 103.31518833121847, 69.13502799956063, 98.53630850395618, 9.697351951613339, 71.43844664807423, 95.58831401784985, 81.49109837959571, 101.48288805988763, 52.27636018539617, 106.6464360764485, 97.62625512657105, 98.05901620475301, 63.05707559875392, 38.4166025431711, 46.235265604200265, 107.3287872900219, 81.69173022509945, 56.33760169694612, 53.63054886698577, 20.355217649963638, 103.37810695248051, 44.62928387603227, 86.4176539193789, 0.0, 6.369861411799178, 79.38573127559867, 78.63763427079088, 46.07638838694011, 11.646517623499836, 92.94866179290632, 32.70244061467046, 93.60145380852637, 56.1568692681581, 31.078122418300826, 48.55281897503555, 96.42743509272776, 49.06547096118763, 32.98502772036671, 82.49483915040659, 95.96835222967263, 62.93838921025328, 86.05208582677831], [77.40903962275536, 43.25452426196214, 57.37939664964874, 52.34909707671052, 94.96634136212654, 65.31085055411708, 4.64170861995349, 68.63370678207056, 108.53049751756302, 71.2749979325936, 104.76322591911537, 16.063799474301106, 75.67098766374743, 101.13072455125067, 87.62606018770148, 105.48162486677889, 57.21061675073092, 110.9661518535394, 102.8466787622951, 102.44378284503293, 69.30815541602442, 40.03533518428855, 51.72261480185794, 112.15820886449897, 85.79164155946368, 62.70234519991331, 55.87273854718175, 26.714337871401202, 109.45089501300991, 48.03200493520769, 90.86106046691542, 6.369861411799178, 0.0, 85.60876810600158, 84.98015759597511, 51.61057956901189, 10.71987752275696, 97.76859232925314, 35.61207664366064, 95.59237403751104, 58.76874481076736, 37.42153245589262, 54.77678280222087, 102.32846579106989, 52.40879996332902, 39.10275518196024, 85.1181784507958, 99.2457151652068, 67.31054297566583, 92.23785881348827], [13.621889251494345, 59.91618605162061, 28.439374433433056, 42.44337110250066, 9.67122824829837, 22.640478520099357, 80.97462927654274, 35.07963312740674, 43.62371267177922, 74.82278809808805, 19.154843557083563, 69.86936432210605, 48.97982610299836, 31.256710762338255, 40.341444705015334, 64.8291792839597, 41.788553714308335, 62.70352843103639, 39.840094096850216, 56.29042421451807, 34.105263006688794, 73.46364896864662, 39.075940880273166, 53.994853809009754, 53.5715217206634, 26.03287386105267, 69.90727989283093, 60.16326437275142, 25.405175219140606, 59.833412731580125, 49.56259897482313, 79.38573127559867, 85.60876810600158, 0.0, 25.17765546505992, 38.715728355296065, 82.5192446984256, 45.50180715786242, 66.21402604965441, 88.4203490513156, 66.777091076347, 50.8892090126754, 30.834151772609864, 22.88439599597194, 59.68861139978435, 53.62562253813495, 74.6400359855016, 72.70412075694635, 46.594022509270765, 39.316610575901656], [35.418161068992546, 71.88308706618908, 36.57559311536539, 33.30897733280865, 30.59061683676948, 37.40663684522272, 80.4797849137197, 18.274946626424477, 68.55656210346824, 93.64510591795896, 34.058455775136586, 69.04612235377745, 70.46836733076967, 56.170876891615194, 15.169719612013237, 89.61017200817477, 57.444016374036124, 87.8312661956584, 64.97637485663262, 81.20777494990784, 17.291284138812156, 84.67563653270679, 50.897614282997935, 79.11398495502297, 76.72862759137988, 24.13135339362639, 85.53232422844746, 58.294616100591305, 44.423587965213756, 73.42376404433365, 73.69758522051788, 78.63763427079088, 84.98015759597511, 25.17765546505992, 0.0, 50.27465920005796, 85.04859067064902, 70.49154301854784, 75.9419922476793, 110.33606217376315, 83.30277306697903, 47.559864492567414, 36.10020392826235, 46.20031696905677, 74.65390454015665, 46.90388635149664, 96.12216615612557, 96.41795598962541, 66.04426909351432, 14.619815088871329], [27.39281799472412, 21.900506594731578, 13.772428535138742, 34.48047136974365, 46.80202659710535, 16.08580352108251, 47.25171017921862, 43.33480272637281, 57.48973035712663, 45.96615164139115, 56.9984586262755, 37.904782291819245, 31.450285841151636, 49.52915197960865, 60.97559045600724, 60.71353294318342, 10.429019642654888, 64.00148057966871, 51.810151345240676, 55.34595637554335, 43.17415318784768, 35.2316107505047, 0.7287712012363099, 62.51741773958972, 41.52396434259441, 27.62894841724823, 35.59513175389681, 31.75413720101044, 59.5518527239603, 23.152033041539447, 43.85950392874911, 46.07638838694011, 51.61057956901189, 38.715728355296065, 50.27465920005796, 0.0, 46.09218320614501, 48.38091680144557, 27.52228038664305, 66.92242292074665, 33.93002531793882, 28.482522974262952, 15.42457616164988, 51.370860934476646, 24.690155431794654, 35.018487131868795, 52.77868928864591, 60.02548978729461, 23.281687518788534, 63.3130051895975], [73.01351086919085, 34.27770365997574, 54.09111292744185, 53.89086959537879, 91.53320640981104, 61.032689241254985, 10.358790316992225, 69.99661235322222, 101.60788863575836, 60.91323950916325, 101.57101871980468, 17.727206331671763, 67.18538463490317, 95.06798071473183, 89.5086453600334, 96.54573175523201, 50.12748811009028, 102.4356429616005, 95.96204936497222, 94.03685144420079, 70.53903700243126, 29.57471934738055, 46.06782008904102, 104.44086461947728, 77.06324042648615, 61.649996352793416, 45.623139745221806, 27.8234596390415, 105.29647801639207, 38.80861526142457, 82.59356375048124, 11.646517623499836, 10.71987752275696, 82.5192446984256, 85.04859067064902, 46.09218320614501, 0.0, 90.09507975471338, 26.131550585963353, 85.12209713125101, 48.73721543217128, 38.27441271939319, 52.10959511408542, 97.44674321277215, 43.0629388679158, 41.69281842615813, 74.99172886798947, 89.57554640911474, 59.101424987185744, 93.77676352115915], [36.51757466699842, 56.47533185662118, 51.72064995648343, 76.03023425068648, 43.73208024229339, 42.73958891245715, 93.81654586498611, 76.1126160489538, 14.647552456179682, 48.7145004718597, 49.1313363272405, 85.70938108798688, 24.42668188955074, 19.294148067962794, 85.55012088694976, 19.573567628026087, 40.681422192326316, 17.69589100278038, 11.130865963118554, 10.839600925289096, 75.36164915952735, 66.83835064735933, 47.9915089144399, 14.389738406979353, 18.3381891092654, 61.25506297824805, 54.04557756104191, 80.13024953984527, 42.07852293017254, 52.79459998312225, 10.388915110853814, 92.94866179290632, 97.76859232925314, 45.50180715786242, 70.49154301854784, 48.38091680144557, 90.09507975471338, 0.0, 65.00683732791542, 50.6944551052871, 49.608134695746685, 75.67472805946454, 55.72412459704417, 31.88669769583062, 49.41174487525125, 81.4739104021547, 40.16200443223479, 30.605153162341352, 31.288261147941032, 84.80618667289113], [54.34801391457423, 8.532218940639577, 39.93786170394108, 51.703564582796474, 74.04589966266927, 43.57370338275485, 32.78673966990209, 65.26024448840005, 77.39958181696343, 36.682560834519, 84.23249079492413, 29.96912540802157, 41.41679085468341, 72.30819760598816, 84.51275410930594, 70.44453043087248, 27.147452801450015, 76.50641499516112, 71.87327890269832, 68.20942224982244, 65.42616059618925, 9.428373799629604, 27.140037807688355, 79.2065395206819, 51.07305194614117, 51.97456598590222, 21.2272577556134, 32.57735056871459, 85.86915903307916, 12.706969494912348, 56.926057958800776, 32.70244061467046, 35.61207664366064, 66.21402604965441, 75.9419922476793, 27.52228038664305, 26.131550585963353, 65.00683732791542, 0.0, 61.16875293966458, 23.467324219877153, 38.14681754103907, 39.852959480612725, 76.79455394771598, 16.931968233642888, 44.519463989023585, 49.79239867213101, 63.63795625187216, 33.72582877889404, 87.69332338256496], [75.52822868620838, 55.814591445244375, 78.62763230363821, 101.39594065373085, 90.2688602624415, 73.79762517797876, 93.45091348015863, 108.82120841136063, 64.101784053708, 24.491672108494946, 97.73122362420726, 90.94327318408259, 39.875508347652534, 69.62655574043012, 123.92163624292048, 36.59505567831137, 56.716764093226324, 45.309864012810856, 61.76265586401213, 42.99954567124093, 108.44751762468854, 55.56472969750494, 66.20145821495834, 56.66600351904332, 35.4379639182234, 92.3981258958188, 39.99342450391835, 91.36225041764511, 92.17925493454354, 50.961270029740014, 41.64890946285591, 93.60145380852637, 95.59237403751104, 88.4203490513156, 110.33606217376315, 66.92242292074665, 85.12209713125101, 50.6944551052871, 61.16875293966458, 0.0, 37.955201982048166, 93.02212162128, 81.56053924629045, 81.56124830025394, 46.79741755664104, 99.93565372192377, 14.371170657104896, 21.550895440664355, 45.11605075442664,