instance_id,num_cities,city_coordinates,distance_matrix,best_route,total_distance
1128,43,"[[38.30373258424561, 57.275347325717405], [86.81265455095972, 18.619922511510822], [91.58920914834395, 96.06550670175416], [2.612751556963866, 84.62098207735987], [50.04564498685168, 9.77112053019108], [6.818669960416123, 5.995600380052524], [21.736957393329448, 46.53997326455196], [77.15808467288095, 49.82420686980799], [83.5474058899297, 19.98870381994652], [91.53287122263201, 84.80914893409116], [17.91918281382382, 92.83695025469444], [14.089977283049858, 32.515293647015206], [77.45088161007291, 86.18567739786221], [81.84285594164135, 12.594674566854092], [22.428955022731955, 69.13203566692967], [96.28666169734745, 81.7343716516848], [76.63241739680974, 97.3609667587085], [23.943185554846615, 70.79286247258749], [35.15691980194615, 25.216430637431387], [51.915323433607306, 98.35633401680057], [21.095461646849856, 51.82701625525106], [72.47080815590347, 32.79374956295684], [60.48534063629144, 98.35685974237293], [82.00665554262513, 70.42849822827013], [15.258425287780032, 25.962773589078648], [68.20180600938, 18.441756878575845], [26.882730137788013, 48.37072749791575], [53.702506210025206, 79.9047939465395], [78.29548097246587, 38.59467630964966], [25.81100632757163, 39.79921811624545], [53.605291779180234, 79.85767478954942], [28.975645198493684, 61.13747410469962], [76.48799301388215, 57.765204082823], [65.69722242165967, 44.897543010629335], [19.468772600889352, 7.735701443550525], [81.64737109664024, 24.96262076952538], [7.658259598659756, 89.50832480965511], [31.302777126247573, 63.397970528085246], [3.9478943586864546, 76.23304833392365], [97.53073353845836, 9.796653009702139], [64.59872418293348, 78.19599616686702], [16.07006722724773, 94.86046744151358], [94.38488428275022, 12.563934315880942]]","[[0.0, 62.027069719111644, 65.909168384083, 44.962538481051325, 48.93387446658271, 60.17409422033614, 19.7409801291501, 39.5623579974871, 58.62835285182348, 59.928719585803314, 40.98972398322574, 34.63186688526046, 48.665249015397954, 62.386038349258506, 19.813874458272316, 62.93062799236361, 55.46120233809828, 19.721777980938796, 32.21298759682664, 43.27727894592473, 18.050177287445912, 42.03257881854244, 46.687411560445355, 45.63935641276484, 38.87883051740328, 49.00961682722128, 14.482111419253366, 27.37177530856634, 44.13963534916517, 21.482162402103526, 27.27818226128402, 10.096001066420095, 38.18740242803625, 30.060161761625977, 52.999360672607416, 54.06277182117447, 44.47594689256551, 9.300531823667155, 39.23924117127312, 75.90826078882283, 33.602085219666954, 43.668949258320765, 71.72312060393678], [62.027069719111644, 0.0, 77.59274440558126, 106.98487523016075, 37.81685191540698, 80.98401743523813, 70.81225596324411, 32.66371200344773, 3.54053824844207, 66.35732167475673, 101.26439480403776, 74.03829501012284, 68.21124559747635, 7.810410425308839, 81.83357709624427, 63.82155201558023, 79.39640594922341, 81.69813826541788, 52.07522301359624, 87.03860659991655, 73.63056782411459, 20.16397607873236, 83.97086766801883, 52.03101137079016, 71.93000199774097, 18.611701330893407, 66.90819260380279, 69.65714170109683, 21.714811421296194, 64.57370709725994, 69.6619784841271, 71.78343711690542, 40.48396849559739, 33.71015890058619, 68.21777410881452, 8.179851731889, 106.25715891481495, 71.31914242250261, 100.92492630045427, 13.882625900160502, 63.58275909854766, 104.00545347469422, 9.696063950728691], [65.909168384083, 77.59274440558126, 0.0, 89.70945964272121, 95.77363315634884, 123.6876402031024, 85.62777316668559, 48.44084189786809, 76.50065709759922, 11.256498752076544, 73.7407374309529, 100.22355271598254, 17.248284919187633, 84.03791536040424, 74.21962417516652, 15.081362414366485, 15.012789089903514, 72.21281779813076, 90.57701065967986, 39.73996851399542, 83.22507118524892, 66.09711421793465, 31.188153763437246, 27.369353976226165, 103.63774290592755, 81.07044567655834, 80.38482685959094, 41.18945127448251, 58.98830015157394, 86.56019407047565, 41.29735819639968, 71.69676318776807, 41.16989081162877, 57.34592823340697, 114.0329420156632, 71.7945717428403, 84.1867027901539, 68.56837321690529, 89.8572560396297, 86.47321451998302, 32.369826774706276, 75.52875555784958, 83.54835959113956], [44.962538481051325, 106.98487523016075, 89.70945964272121, 0.0, 88.61366233691862, 78.7377952235378, 42.61336035884559, 82.26677491070097, 103.57485054172355, 88.92031875855324, 17.372074456205677, 53.354751214560864, 74.85448537858012, 107.0756667707693, 25.15132960107473, 93.71837579012066, 75.10804311605678, 25.42054889930433, 67.73495123299952, 51.180108309302064, 37.64378788868642, 86.9839646249965, 59.48034046618185, 80.65245556020642, 60.00582044402793, 93.17517862539023, 43.62468128695237, 51.306972830165044, 88.57932238622537, 50.46929312946518, 51.214531674442384, 35.305485520760236, 78.60524226799271, 74.54932645951207, 78.71131953901471, 99.02318496048044, 7.024476520121408, 35.68660513955898, 8.493529230259211, 120.86398770462789, 62.3180651684364, 16.90994989857704, 116.68051455637055], [48.93387446658271, 37.81685191540698, 95.77363315634884, 88.61366233691862, 0.0, 43.39154205994741, 46.403990395964406, 48.36666322021173, 35.0252336450465, 85.74319592529389, 89.06201008047806, 42.54535757041281, 81.18024079575824, 31.92232889219319, 65.47060264305951, 85.53912051450796, 91.53599089710141, 66.37010907090549, 21.453012421113723, 88.6049419951418, 51.05694351071985, 32.139218888127104, 89.19876925732565, 68.5625529349198, 38.37082593808558, 20.12029119475927, 45.016111364352575, 70.22894546322453, 40.35902130857068, 38.587619200767946, 70.17689201750186, 55.51979080132446, 54.79625740175707, 38.455655402970685, 30.644543654061582, 35.06352481767608, 90.30344504143838, 56.80787037318604, 80.88380839429526, 47.485095415945395, 69.95538378125015, 91.62170508069734, 44.427108280648795], [60.17409422033614, 80.98401743523813, 123.6876402031024, 78.7377952235378, 43.39154205994741, 0.0, 43.201868854580276, 82.87689671389697, 77.99426813055305, 115.70683355435419, 87.54793791779815, 27.498473433155755, 106.8613951558006, 75.31385172907028, 65.03760804688919, 117.22151261255864, 114.98517080310224, 67.02189350527604, 34.241739439811575, 102.7823587606327, 48.003598427443166, 70.91081757580125, 106.82094257413513, 99.01934912444796, 21.677580029722368, 62.6322297446877, 46.88515659626475, 87.52521348233661, 78.55974964265044, 38.773617483255734, 87.4333690148453, 59.42691132446401, 86.79807856323848, 70.56943446254971, 12.769222706402086, 77.19509295407984, 83.51694470234999, 62.40595806747684, 70.2960912684926, 90.79166525447225, 92.47395210398281, 89.34513388674218, 87.81221385113523], [19.7409801291501, 70.81225596324411, 85.62777316668559, 42.61336035884559, 46.403990395964406, 43.201868854580276, 0.0, 55.51835317541525, 67.27184739897449, 79.59899116002337, 46.45412232693351, 15.973977062133354, 68.37999128294041, 69.02899639988901, 22.60265790370741, 82.43969971833194, 74.80832111955732, 24.35303015310246, 25.19501659494023, 59.963897625722815, 5.325818282503815, 52.56312661223102, 64.70260372039786, 64.8313052463808, 21.572958182106913, 54.300017688630916, 5.461743146706193, 46.20614212735946, 57.11387163512302, 7.8762716235551835, 46.10488012604759, 16.293729834471453, 55.88990703558642, 43.990936322156564, 38.87050519109344, 63.677624098237835, 45.21602554512288, 19.38290429476402, 34.6140068574247, 84.23044631063266, 53.284470892731015, 48.65165774832565, 80.20032733082974], [39.5623579974871, 32.66371200344773, 48.44084189786809, 82.26677491070097, 48.36666322021173, 82.87689671389697, 55.51835317541525, 0.0, 30.51197581037522, 37.82301758971849, 73.2075377742012, 65.40018843007593, 36.362649367296996, 37.523128298921065, 58.03507461115027, 37.20431527911082, 47.53966624641062, 57.19711536371871, 48.67895337430917, 54.704335846391835, 56.09838630471727, 17.663720933797844, 51.31665215657114, 21.167084396849027, 66.33954951763096, 32.63545763353823, 50.29636046389247, 38.14453931964586, 11.286984847329217, 52.316563859913316, 38.167306014175225, 49.49280239823832, 7.969219508118214, 12.474910032653776, 71.41077661218745, 25.26365286367581, 80.03158690174175, 47.82213180157384, 77.82775130579947, 44.91380511406028, 31.02734219737757, 75.89473395249865, 41.04985427004], [58.62835285182348, 3.54053824844207, 76.50065709759922, 103.57485054172355, 35.0252336450465, 77.99426813055305, 67.27184739897449, 30.51197581037522, 0.0, 65.31047206517212, 98.05065360692339, 70.57796994371141, 66.47711575550002, 7.587961460220815, 78.42532818821208, 63.046142899579394, 77.68065485128778, 78.31810530238742, 48.67204815404403, 84.5107928207661, 70.09938286795985, 16.931042904736316, 81.69104428543442, 50.46332105189543, 68.54979490331998, 15.423374485933468, 63.37526919983978, 66.93770158110881, 19.33300099897239, 61.040546451585165, 66.93895638849098, 68.3468972295798, 38.43044733366518, 30.64440111469299, 65.23961458674688, 5.32447011795713, 102.91812390133481, 67.92544199924858, 97.46542220613152, 17.30350692330052, 61.213898918406784, 100.79172694622355, 13.136899942655942], [59.928719585803314, 66.35732167475673, 11.256498752076544, 88.92031875855324, 85.74319592529389, 115.70683355435419, 79.59899116002337, 37.82301758971849, 65.31047206517212, 0.0, 74.05012299241766, 93.44543393084014, 14.14910817188823, 72.8616957274683, 70.85988367584454, 5.661517395000877, 19.4825987721824, 69.02768933436036, 82.03377336544126, 41.869754196565815, 77.77692295141985, 55.39823120008921, 33.87461621412984, 17.249692748128584, 96.33632229805512, 70.34891137917839, 74.21185416798694, 38.14694240474573, 48.07292357024322, 79.65712395957958, 38.249423245892366, 66.8861324720123, 30.947105089726083, 47.54384330654071, 105.51564158095887, 60.65748136951573, 84.00614697140718, 63.922631325635656, 88.00385033486928, 75.25190294714206, 27.734131792409606, 76.12925712617613, 72.30148693994018], [40.98972398322574, 101.26439480403776, 73.7407374309529, 17.372074456205677, 89.06201008047806, 87.54793791779815, 46.45412232693351, 73.2075377742012, 98.05065360692339, 74.05012299241766, 0.0, 60.443072976906805, 59.90210841183604, 102.59170918605184, 24.130085391259257, 79.15004104986636, 58.887270615348825, 22.852361260252458, 69.78305130746533, 34.4412713782969, 41.13275378410533, 81.12376826042356, 42.92257206318587, 67.89214154072187, 66.92708820288233, 89.794136740081, 45.36066739901882, 38.0484809165318, 81.16354885088828, 53.62165522213957, 37.97314794282147, 33.57234201910421, 68.2666309978355, 67.68255192943195, 85.11535571049681, 93.10320394525309, 10.787320917672568, 32.33843106990889, 21.699918435128524, 115.03777629682232, 48.921744848607865, 2.741140320718927, 110.86370275725044], [34.63186688526046, 74.03829501012284, 100.22355271598254, 53.354751214560864, 42.54535757041281, 27.498473433155755, 15.973977062133354, 65.40018843007593, 70.57796994371141, 93.44543393084014, 60.443072976906805, 0.0, 83.03682489776057, 70.62070256704263, 37.554285319998876, 95.80611968101715, 90.09172068892802, 39.52540940260869, 22.295503320785368, 75.9328611892453, 20.54311177180551, 58.38149493719615, 80.54589726714, 77.78230047661712, 6.655883851857606, 55.91202415652917, 20.37275897375449, 61.765015879776726, 64.49267863541064, 13.799930345330516, 61.666531700534854, 32.261623075120156, 67.31322562588655, 53.07191206372057, 25.356648612173093, 67.97826363242085, 57.35479573215599, 35.35562486765812, 44.87876915546335, 86.47830038155159, 68.10183621682825, 62.376609812118836, 82.73650239918635], [48.665249015397954, 68.21124559747635, 17.248284919187633, 74.85448537858012, 81.18024079575824, 106.8613951558006, 68.37999128294041, 36.362649367296996, 66.47711575550002, 14.14910817188823, 59.90210841183604, 83.03682489776057, 0.0, 73.7219447396947, 57.60415871853127, 19.354604990599015, 11.20522092450822, 55.677753981839466, 74.20261623394144, 28.287622981080748, 66.00341623540419, 53.62368030578157, 20.87982902699128, 16.402553810524406, 86.57193405811323, 68.37239330892784, 63.14355374271715, 24.56491056508634, 47.59849506718887, 69.41455412143318, 24.670949949160565, 54.56428349547072, 28.436780019888502, 42.92852834066843, 97.5516462822895, 61.36671073902697, 69.87166860073607, 51.46772903318098, 74.17374171606711, 78.98407118173131, 15.133174045945948, 61.990776383267466, 75.54416920548864], [62.386038349258506, 7.810410425308839, 84.03791536040424, 107.0756667707693, 31.92232889219319, 75.31385172907028, 69.02899639988901, 37.523128298921065, 7.587961460220815, 72.8616957274683, 102.59170918605184, 70.62070256704263, 73.7219447396947, 0.0, 82.01514995756773, 70.63229599617101, 84.92627957107449, 82.0938542548133, 48.36202393970762, 90.83347088836817, 72.31474640736838, 22.267418134941856, 88.38153577585219, 57.834055621312324, 67.91312448243615, 14.841381836422675, 65.57851318611539, 72.95568143691874, 26.240883365414838, 62.28687952453915, 72.94978566649404, 71.77287341838728, 45.48682549626989, 36.113111074198606, 62.56305533149785, 12.369490999907645, 106.8600202519307, 71.6608292387875, 100.58562350419301, 15.935445651973474, 67.82988630227828, 105.32673170930843, 12.542066012910638], [19.813874458272316, 81.83357709624427, 74.21962417516652, 25.15132960107473, 65.47060264305951, 65.03760804688919, 22.60265790370741, 58.03507461115027, 78.42532818821208, 70.85988367584454, 24.130085391259257, 37.554285319998876, 57.60415871853127, 82.01514995756773, 0.0, 74.9251607105797, 61.11372909520793, 2.2474963365442453, 45.72287668692568, 41.515124185098315, 17.3563216558721, 61.84382024079765, 47.98310982219208, 59.59180492660913, 43.7607322268037, 68.2983034275883, 21.23365323405882, 33.07699086699323, 63.66788074223886, 29.527147787930616, 32.969733213056784, 10.33306183227901, 55.24114814873116, 49.59287850098425, 61.46765438862511, 73.8766405210846, 25.166775767639724, 10.565236473517913, 19.798332863272577, 95.71292896628356, 43.1328739011106, 26.502597147732093, 91.52926223965358], [62.93062799236361, 63.82155201558023, 15.081362414366485, 93.71837579012066, 85.53912051450796, 117.22151261255864, 82.43969971833194, 37.20431527911082, 63.046142899579394, 5.661517395000877, 79.15004104986636, 95.80611968101715, 19.354604990599015, 70.63229599617101, 74.9251607105797, 0.0, 25.109356695544317, 73.16621599821094, 83.25336630244455, 47.38254206121254, 80.92074191356963, 54.427744490647385, 39.472036938089246, 18.213768134166575, 98.36689608858075, 69.24387484702982, 77.00674299789168, 42.623440184335216, 46.740944556983, 82.00838433867773, 42.722609110443834, 70.39179732518534, 31.08871620993389, 47.88178922650525, 106.6620423478191, 58.62883699612268, 88.96869115744587, 67.52132152228343, 92.50250003037706, 71.9484751621527, 31.88487862590924, 81.28343262353155, 69.19657620548173], [55.46120233809828, 79.39640594922341, 15.012789089903514, 75.10804311605678, 91.53599089710141, 114.98517080310224, 74.80832111955732, 47.53966624641062, 77.68065485128778, 19.4825987721824, 58.887270615348825, 90.09172068892802, 11.20522092450822, 84.92627957107449, 61.11372909520793, 25.109356695544317, 0.0, 59.00863765123156, 83.21689127151888, 24.737127763025764, 71.8170878163708, 64.70119417659434, 16.17775913855137, 27.463435633419763, 94.15130851606376, 79.36823606752444, 69.82173676728607, 28.81837601743261, 58.789817771445925, 76.78652700732451, 28.92427603186842, 59.86074971479413, 39.596026066859686, 53.59094438909492, 106.30320065344512, 72.5718282984583, 69.41972651591281, 56.64151657591718, 75.69299060179772, 90.0236005716874, 22.6297562989936, 60.61394851761383, 86.63536686392204], [19.721777980938796, 81.69813826541788, 72.21281779813076, 25.42054889930433, 66.37010907090549, 67.02189350527604, 24.35303015310246, 57.19711536371871, 78.31810530238742, 69.02768933436036, 22.852361260252458, 39.52540940260869, 55.677753981839466, 82.0938542548133, 2.2474963365442453, 73.16621599821094, 59.00863765123156, 0.0, 46.93568977429866, 39.27066922115083, 19.17844764822823, 61.63491492027439, 45.772295588981585, 58.06461321944884, 45.663573340242664, 68.55263482502913, 22.61400139686689, 31.12305353020067, 63.17353250648056, 31.04987511933721, 31.016308097602398, 10.888166723543533, 54.13572456361434, 49.13213983445106, 63.21570950582172, 73.68978276262482, 24.808614308112517, 10.433025206942624, 20.722144971626896, 95.58067161869363, 41.324075423840284, 25.322630217665964, 91.39278414596869], [32.21298759682664, 52.07522301359624, 90.57701065967986, 67.73495123299952, 21.453012421113723, 34.241739439811575, 25.19501659494023, 48.67895337430917, 48.67204815404403, 82.03377336544126, 69.78305130746533, 22.295503320785368, 74.20261623394144, 48.36202393970762, 45.72287668692568, 83.25336630244455, 83.21689127151888, 46.93568977429866, 0.0, 75.03525543786157, 30.097306729520422, 38.07547801657542, 77.40188157672058, 65.10782437472491, 19.912486327221238, 33.73219099022738, 24.588283341906923, 57.74734501817836, 45.16539512867011, 17.32061746366888, 57.671552702365915, 36.448998882008546, 52.60874704504796, 36.33257860860038, 23.488164163080626, 46.491144114050044, 69.92584621746255, 38.37557040861064, 59.80550601999852, 64.25155392771244, 60.61067735057981, 72.21218597699855, 60.56432481012428], [43.27727894592473, 87.03860659991655, 39.73996851399542, 51.180108309302064, 88.6049419951418, 102.7823587606327, 59.963897625722815, 54.704335846391835, 84.5107928207661, 41.869754196565815, 34.4412713782969, 75.9328611892453, 28.287622981080748, 90.83347088836817, 41.515124185098315, 47.38254206121254, 24.737127763025764, 39.27066922115083, 75.03525543786157, 0.0, 55.8107632263713, 68.70939115169004, 8.570017218809387, 41.0542601921692, 81.14527572863241, 81.55727529700964, 55.903413010071915, 18.537889665244393, 65.32509811459656, 64.11217664502986, 18.575693424876572, 43.720388501100274, 47.449509160985166, 55.206730346565294, 96.25423475835304, 79.18732097034298, 45.1328590521402, 40.582807235111204, 52.823423038115855, 99.61718094341346, 23.818225727192008, 36.015322789220825, 95.72878065222291], [18.050177287445912, 73.63056782411459, 83.22507118524892, 37.64378788868642, 51.05694351071985, 48.003598427443166, 5.325818282503815, 56.09838630471727, 70.09938286795985, 77.77692295141985, 41.13275378410533, 20.54311177180551, 66.00341623540419, 72.31474640736838, 17.3563216558721, 80.92074191356963, 71.8170878163708, 19.17844764822823, 30.097306729520422, 55.8107632263713, 0.0, 54.7876945116814, 60.96383273498238, 63.688214556551074, 26.51471369167988, 57.737190985093434, 6.74080177429125, 43.03000064171877, 58.71062111140372, 12.919144310230081, 42.925596945172586, 12.19761936502186, 55.70991479012672, 45.13684374943924, 44.12131184673378, 66.24371277962229, 40.005492288635665, 15.42972041483487, 29.827729811825893, 87.2290216825622, 50.870983407662, 43.32588729700763, 83.14402608534974], [42.03257881854244, 20.16397607873236, 66.09711421793465, 86.9839646249965, 32.139218888127104, 70.91081757580125, 52.56312661223102, 17.663720933797844, 16.931042904736316, 55.39823120008921, 81.12376826042356, 58.38149493719615, 53.62368030578157, 22.267418134941856, 61.84382024079765, 54.427744490647385, 64.70119417659434, 61.63491492027439, 38.07547801657542, 68.70939115169004, 54.7876945116814, 0.0, 66.64962751630297, 38.824047863201315, 57.61873815178918, 14.973445606791634, 48.17587673277963, 50.71192819094491, 8.220557434900448, 47.18276906149442, 50.70424800640189, 51.91527637978849, 25.29251499991484, 13.8702299736908, 58.62696946397164, 12.063825495447736, 86.12322274449834, 51.297418256098574, 81.13175945937665, 34.01273746788015, 46.07964521087119, 83.86489757650513, 29.824019806593128], [46.687411560445355, 83.97086766801883, 31.188153763437246, 59.48034046618185, 89.19876925732565, 106.82094257413513, 64.70260372039786, 51.31665215657114, 81.69104428543442, 33.87461621412984, 42.92257206318587, 80.54589726714, 20.87982902699128, 88.38153577585219, 47.98310982219208, 39.472036938089246, 16.17775913855137, 45.772295588981585, 77.40188157672058, 8.570017218809387, 60.96383273498238, 66.64962751630297, 0.0, 35.258479436300135, 85.36028105572294, 80.28678286981827, 60.230796517018554, 19.65923637855521, 62.35959964144006, 68.05370564904487, 19.73714559390514, 48.76621344566969, 43.63218298803627, 53.71277554892815, 99.47136866869279, 76.384198939363, 53.56301953224849, 45.538400807610536, 60.71199109590873, 95.99620488232495, 20.576208210259406, 44.55267972997375, 92.24752090259001], [45.63935641276484, 52.03101137079016, 27.369353976226165, 80.65245556020642, 68.5625529349198, 99.01934912444796, 64.8313052463808, 21.167084396849027, 50.46332105189543, 17.249692748128584, 67.89214154072187, 77.78230047661712, 16.402553810524406, 57.834055621312324, 59.59180492660913, 18.213768134166575, 27.463435633419763, 58.06461321944884, 65.10782437472491, 41.0542601921692, 63.688214556551074, 38.824047863201315, 35.258479436300135, 0.0, 80.20303554007303, 53.788429488092994, 59.37333072711118, 29.848367626759874, 32.04941551162264, 64.0008108611306, 29.925688534222555, 53.83875172572397, 13.813567776655946, 30.295664426653932, 88.55153059955765, 45.467297021119705, 76.75756485074531, 51.18897934327138, 78.27428057478531, 62.58767971597205, 19.062268974333637, 70.31752838594683, 59.173712943450084], [38.87883051740328, 71.93000199774097, 103.63774290592755, 60.00582044402793, 38.37082593808558, 21.677580029722368, 21.572958182106913, 66.33954951763096, 68.54979490331998, 96.33632229805512, 66.92708820288233, 6.655883851857606, 86.57193405811323, 67.91312448243615, 43.7607322268037, 98.36689608858075, 94.15130851606376, 45.663573340242664, 19.912486327221238, 81.14527572863241, 26.51471369167988, 57.61873815178918, 85.36028105572294, 80.20303554007303, 0.0, 53.47492173525779, 25.243630119824033, 66.23963253370943, 64.29024308350492, 17.401269027135154, 66.1448603076443, 37.75475703063795, 68.9960473450093, 53.875762169643195, 18.707035668306563, 66.39647905781027, 63.99843434357584, 40.728555041625846, 51.52696995574437, 83.84554943156837, 71.8524504517686, 68.90247441726424, 80.25288410363633], [49.00961682722128, 18.611701330893407, 81.07044567655834, 93.17517862539023, 20.12029119475927, 62.6322297446877, 54.300017688630916, 32.63545763353823, 15.423374485933468, 70.34891137917839, 89.794136740081, 55.91202415652917, 68.37239330892784, 14.841381836422675, 68.2983034275883, 69.24387484702982, 79.36823606752444, 68.55263482502913, 33.73219099022738, 81.55727529700964, 57.737190985093434, 14.973445606791634, 80.28678286981827, 53.788429488092994, 53.47492173525779, 0.0, 51.01969534616691, 63.15009596421405, 22.539353048740754, 47.46705223817636, 63.12664414112213, 57.97944430067122, 40.18699285961558, 26.57407681957798, 49.89517179217745, 14.943389387954836, 93.35940279098693, 58.16011931056001, 86.41989661236633, 30.5765238526152, 59.862770663998084, 92.5069592655089, 26.834723511673403], [14.482111419253366, 66.90819260380279, 80.38482685959094, 43.62468128695237, 45.016111364352575, 46.88515659626475, 5.461743146706193, 50.29636046389247, 63.37526919983978, 74.21185416798694, 45.36066739901882, 20.37275897375449, 63.14355374271715, 65.57851318611539, 21.23365323405882, 77.00674299789168, 69.82173676728607, 22.61400139686689, 24.588283341906923, 55.903413010071915, 6.74080177429125, 48.17587673277963, 60.230796517018554, 59.37333072711118, 25.243630119824033, 51.01969534616691, 0.0, 41.39683243137287, 52.333948114242894, 8.638250112461826, 41.29797997994725, 12.937160135561284, 50.48701115446203, 38.96957559093324, 41.30583625588371, 59.55758020571109, 45.407952828691094, 15.663806959611321, 36.08761026423053, 80.49285438548804, 48.08370678294857, 47.73059395440548, 76.41117229954827], [27.37177530856634, 69.65714170109683, 41.18945127448251, 51.306972830165044, 70.22894546322453, 87.52521348233661, 46.20614212735946, 38.14453931964586, 66.93770158110881, 38.14694240474573, 38.0484809165318, 61.765015879776726, 24.56491056508634, 72.95568143691874, 33.07699086699323, 42.623440184335216, 28.81837601743261, 31.12305353020067, 57.74734501817836, 18.537889665244393, 43.03000064171877, 50.71192819094491, 19.65923637855521, 29.848367626759874, 66.23963253370943, 63.15009596421405, 41.39683243137287, 0.0, 48.076399894747944, 48.850721370030705, 0.10803175699750217, 31.042389558948493, 31.770109351752588, 37.00514606223613, 79.87694554454531, 61.64055375273798, 47.03509807629886, 27.824864463185857, 49.88990996505348, 82.68049912991737, 11.02939508608441, 40.49534088609133, 78.67558237120457], [44.13963534916517, 21.714811421296194, 58.98830015157394, 88.57932238622537, 40.35902130857068, 78.55974964265044, 57.11387163512302, 11.286984847329217, 19.33300099897239, 48.07292357024322, 81.16354885088828, 64.49267863541064, 47.59849506718887, 26.240883365414838, 63.66788074223886, 46.740944556983, 58.789817771445925, 63.17353250648056, 45.16539512867011, 65.32509811459656, 58.71062111140372, 8.220557434900448, 62.35959964144006, 32.04941551162264, 64.29024308350492, 22.539353048740754, 52.333948114242894, 48.076399894747944, 0.0, 52.49829520769587, 48.085761779891236, 54.227520072377416, 19.255548494458306, 14.086953083022596, 66.42934553057894, 14.038094801416989, 87.07362773534935, 53.13678216513171, 83.33193075844987, 34.631215503673, 41.9030509746634, 83.89184327131046, 30.601771641967773], [21.482162402103526, 64.57370709725994, 86.56019407047565, 50.46929312946518, 38.587619200767946, 38.773617483255734, 7.8762716235551835, 52.316563859913316, 61.040546451585165, 79.65712395957958, 53.62165522213957, 13.799930345330516, 69.41455412143318, 62.28687952453915, 29.527147787930616, 82.00838433867773, 76.78652700732451, 31.04987511933721, 17.32061746366888, 64.11217664502986, 12.919144310230081, 47.18276906149442, 68.05370564904487, 64.0008108611306, 17.401269027135154, 47.46705223817636, 8.638250112461826, 48.850721370030705, 52.49829520769587, 0.0, 48.75656114629572, 21.571650558363658, 53.767403055715405, 40.21073427622259, 32.684752256427636, 57.773906319836016, 52.919915930212944, 24.229334739123658, 42.49023004520699, 77.7423512905056, 54.57838052833604, 55.91625051642464, 73.78439822549294], [27.27818226128402, 69.6619784841271, 41.29735819639968, 51.214531674442384, 70.17689201750186, 87.4333690148453, 46.10488012604759, 38.167306014175225, 66.93895638849098, 38.249423245892366, 37.97314794282147, 61.666531700534854, 24.670949949160565, 72.94978566649404, 32.969733213056784, 42.722609110443834, 28.92427603186842, 31.016308097602398, 57.671552702365915, 18.575693424876572, 42.925596945172586, 50.70424800640189, 19.73714559390514, 29.925688534222555, 66.1448603076443, 63.12664414112213, 41.29797997994725, 0.10803175699750217, 48.085761779891236, 48.75656114629572, 0.0, 30.936473689975973, 31.807157649249223, 36.992237032409804, 79.7927376452945, 61.64272194110247, 46.94959863522105, 27.71865841304622, 49.78950728335926, 82.6921471881337, 11.118306159706682, 40.42247975473333, 78.6855938002292], [10.096001066420095, 71.78343711690542, 71.69676318776807, 35.305485520760236, 55.51979080132446, 59.42691132446401, 16.293729834471453, 49.49280239823832, 68.3468972295798, 66.8861324720123, 33.57234201910421, 32.261623075120156, 54.56428349547072, 71.77287341838728, 10.33306183227901, 70.39179732518534, 59.86074971479413, 10.888166723543533, 36.448998882008546, 43.720388501100274, 12.19761936502186, 51.91527637978849, 48.76621344566969, 53.83875172572397, 37.75475703063795, 57.97944430067122, 12.937160135561284, 31.042389558948493, 54.227520072377416, 21.571650558363658, 30.936473689975973, 0.0, 47.631873782488306, 40.15232989126651, 54.24140438760902, 63.89781469589433, 35.48712581394667, 3.24428529715109, 29.22780651040177, 85.64858462350035, 39.49679646853765, 36.10809081586435, 81.47243291566409], [38.18740242803625, 40.48396849559739, 41.16989081162877, 78.60524226799271, 54.79625740175707, 86.79807856323848, 55.88990703558642, 7.969219508118214, 38.43044733366518, 30.947105089726083, 68.2666309978355, 67.31322562588655, 28.436780019888502, 45.48682549626989, 55.24114814873116, 31.08871620993389, 39.596026066859686, 54.13572456361434, 52.60874704504796, 47.449509160985166, 55.70991479012672, 25.29251499991484, 43.63218298803627, 13.813567776655946, 68.9960473450093, 40.18699285961558, 50.48701115446203, 31.770109351752588, 19.255548494458306, 53.767403055715405, 31.807157649249223, 47.631873782488306, 0.0, 16.793374629383504, 75.85606522117018, 33.20585271042856, 75.796819956307, 45.53495133014876, 74.85403919755056, 52.38109220739146, 23.638358202633352, 70.89699796190158, 48.61536285613382], [30.060161761625977, 33.71015890058619, 57.34592823340697, 74.54932645951207, 38.455655402970685, 70.56943446254971, 43.990936322156564, 12.474910032653776, 30.64440111469299, 47.54384330654071, 67.68255192943195, 53.07191206372057, 42.92852834066843, 36.113111074198606, 49.59287850098425, 47.88178922650525, 53.59094438909492, 49.13213983445106, 36.33257860860038, 55.206730346565294, 45.13684374943924, 13.8702299736908, 53.71277554892815, 30.295664426653932, 53.875762169643195, 26.57407681957798, 38.96957559093324, 37.00514606223613, 14.086953083022596, 40.21073427622259, 36.992237032409804, 40.15232989126651, 16.793374629383504, 0.0, 59.31333780430963, 25.530537940138384, 73.20275307862305, 39.05436832811069, 69.24516885743654, 47.386125700256784, 33.31656766503176, 70.42122088104195, 43.22550397949546], [52.999360672607416, 68.21777410881452, 114.0329420156632, 78.71131953901471, 30.644543654061582, 12.769222706402086, 38.87050519109344, 71.41077661218745, 65.23961458674688, 105.51564158095887, 85.11535571049681, 25.356648612173093, 97.5516462822895, 62.56305533149785, 61.46765438862511, 106.6620423478191, 106.30320065344512, 63.21570950582172, 23.488164163080626, 96.25423475835304, 44.12131184673378, 58.62696946397164, 99.47136866869279, 88.55153059955765, 18.707035668306563, 49.89517179217745, 41.30583625588371, 79.87694554454531, 66.42934553057894, 32.684752256427636, 79.7927376452945, 54.24140438760902, 75.85606522117018, 59.31333780430963, 0.0, 64.52088700846758, 82.62112411212176, 56.9063429043314, 70.23378241579614, 78.08916228758363, 83.67416364860941, 87.19103192654987, 75.07153669799561], [54.06277182117447, 8.179851731889, 71.7945717428403, 99.02318496048044, 35.06352481767608, 77.19509295407984, 63.677624098237835, 25.26365286367581, 5.32447011795713, 60.65748136951573, 93.10320394525309, 67.97826363242085, 61.36671073902697, 12.369490999907645, 73.8766405210846, 58.62883699612268, 72.5718282984583, 73.68978276262482, 46.491144114050044, 79.18732097034298, 66.24371277962229, 12.063825495447736, 76.384198939363, 45.467297021119705, 66.39647905781027, 14.943389387954836, 59.55758020571109, 61.64055375273798, 14.038094801416989, 57.773906319836016, 61.64272194110247, 63.89781469589433, 33.20585271042856, 25.530537940138384, 64.52088700846758, 0.0, 98.18623391441697, 63.339199972106734, 93.09063018364432, 21.961051444549657, 55.89676750745558, 95.8441012903737, 17.775591915379685], [44.47594689256551, 106.25715891481495, 84.1867027901539, 7.024476520121408, 90.30344504143838, 83.51694470234999, 45.21602554512288, 80.03158690174175, 102.91812390133481, 84.00614697140718, 10.787320917672568, 57.35479573215599, 69.87166860073607, 106.8600202519307, 25.166775767639724, 88.96869115744587, 69.41972651591281, 24.808614308112517, 69.92584621746255, 45.1328590521402, 40.005492288635665, 86.12322274449834, 53.56301953224849, 76.75756485074531, 63.99843434357584, 93.35940279098693, 45.407952828691094, 47.03509807629886, 87.07362773534935, 52.919915930212944, 46.94959863522105, 35.48712581394667, 75.796819956307, 73.20275307862305, 82.62112411212176, 98.18623391441697, 0.0, 35.225187150979075, 13.78404061663746, 120.12914797501561, 58.05329694681754, 9.970152372563208, 115.93940942386024], [9.300531823667155, 71.31914242250261, 68.56837321690529, 35.68660513955898, 56.80787037318604, 62.40595806747684, 19.38290429476402, 47.82213180157384, 67.92544199924858, 63.922631325635656, 32.33843106990889, 35.35562486765812, 51.46772903318098, 71.6608292387875, 10.565236473517913, 67.52132152228343, 56.64151657591718, 10.433025206942624, 38.37557040861064, 40.582807235111204, 15.42972041483487, 51.297418256098574, 45.538400807610536, 51.18897934327138, 40.728555041625846, 58.16011931056001, 15.663806959611321, 27.824864463185857, 53.13678216513171, 24.229334739123658, 27.71865841304622, 3.24428529715109, 45.53495133014876, 39.05436832811069, 56.9063429043314, 63.339199972106734, 35.225187150979075, 0.0, 30.21636698064375, 85.20119394846657, 36.436268376545826, 34.95603185280868, 81.01513118503345], [39.23924117127312, 100.92492630045427, 89.8572560396297, 8.493529230259211, 80.88380839429526, 70.2960912684926, 34.6140068574247, 77.82775130579947, 97.46542220613152, 88.00385033486928, 21.699918435128524, 44.87876915546335, 74.17374171606711, 100.58562350419301, 19.798332863272577, 92.50250003037706, 75.69299060179772, 20.722144971626896, 59.80550601999852, 52.823423038115855, 29.827729811825893, 81.13175945937665, 60.71199109590873, 78.27428057478531, 51.52696995574437, 86.41989661236633, 36.08761026423053, 49.88990996505348, 83.33193075844987, 42.49023004520699, 49.78950728335926, 29.22780651040177, 74.85403919755056, 69.24516885743654, 70.23378241579614, 93.09063018364432, 13.78404061663746, 30.21636698064375, 0.0, 114.76734035701661, 60.68258665024613, 22.224486893179098, 110.60110861274282], [75.90826078882283, 13.882625900160502, 86.47321451998302, 120.86398770462789, 47.485095415945395, 90.79166525447225, 84.23044631063266, 44.91380511406028, 17.30350692330052, 75.25190294714206, 115.03777629682232, 86.47830038155159, 78.98407118173131, 15.935445651973474, 95.71292896628356, 71.9484751621527, 90.0236005716874, 95.58067161869363, 64.25155392771244, 99.61718094341346, 87.2290216825622, 34.01273746788015, 95.99620488232495, 62.58767971597205, 83.84554943156837, 30.5765238526152, 80.49285438548804, 82.68049912991737, 34.631215503673, 77.7423512905056, 82.6921471881337, 85.64858462350035, 52.38109220739146, 47.386125700256784, 78.08916228758363, 21.961051444549657, 120.12914797501561, 85.20119394846657, 114.76734035701661, 0.0, 75.91434241646289, 117.77815027226424, 4.189774858768206], [33.602085219666954, 63.58275909854766, 32.369826774706276, 62.3180651684364, 69.95538378125015, 92.47395210398281, 53.284470892731015, 31.02734219737757, 61.213898918406784, 27.734131792409606, 48.921744848607865, 68.10183621682825, 15.133174045945948, 67.82988630227828, 43.1328739011106, 31.88487862590924, 22.6297562989936, 41.324075423840284, 60.61067735057981, 23.818225727192008, 50.870983407662, 46.07964521087119, 20.576208210259406, 19.062268974333637, 71.8524504517686, 59.862770663998084, 48.08370678294857, 11.02939508608441, 41.9030509746634, 54.57838052833604, 11.118306159706682, 39.49679646853765, 23.638358202633352, 33.31656766503176, 83.67416364860941, 55.89676750745558, 58.05329694681754, 36.436268376545826, 60.68258665024613, 75.91434241646289, 0.0, 51.310185624163815, 72.07484218715693], [43.668949258320765, 104.00545347469422, 75.52875555784958, 16.90994989857704, 91.62170508069734, 89.34513388674218, 48.65165774832565, 75.89473395249865, 100.79172694622355, 76.12925712617613, 2.741140320718927, 62.376609812118836, 61.990776383267466, 105.32673170930843, 26.502597147732093, 81.28343262353155, 60.61394851761383, 25.322630217665964, 72.21218597699855, 36.015322789220825, 43.32588729700763, 83.86489757650513, 44.55267972997375, 70.31752838594683, 68.90247441726424, 92.5069592655089, 47.73059395440548, 40.49534088609133, 83.89184327131046, 55.91625051642464, 40.42247975473333, 36.10809081586435, 70.89699796190158, 70.42122088104195, 87.19103192654987, 95.8441012903737, 9.970152372563208, 34.95603185280868, 22.224486893179098, 117.77815027226424, 51.310185624163815, 0.0, 113.60426899960746], [71.72312060393678, 9.696063950728691, 83.54835959113956, 116.68051455637055, 44.427108280648795, 87.81221385113523, 80.20032733082974, 41.04985427004, 13.136899942655942, 72.30148693994018, 110.86370275725044, 82.73650239918635, 75.54416920548864, 12.542066012910638, 91.52926223965358, 69.19657620548173, 86.63536686392204, 91.39278414596869, 60.56432481012428, 95.72878065222291, 83.14402608534974, 29.824019806593128, 92.24752090259001, 59.173712943450084, 80.25288410363633, 26.834723511673403, 76.41117229954827, 78.67558237120457, 30.601771641967773, 73.78439822549294, 78.6855938002292, 81.47243291566409, 48.61536285613382, 43.22550397949546, 75.07153669799561, 17.775591915379685, 115.93940942386024, 81.01513118503345, 110.60110861274282, 4.189774858768206, 72.07484218715693, 113.60426899960746, 0.0]]",Route_3,2582.0466722945266
