instance_id,num_cities,city_coordinates,distance_matrix,best_route,total_distance
262,24,"[[64.61484757425113, 14.026411252914917], [3.917199941387828, 51.61489081404762], [6.327322006893121, 35.34627473696832], [47.49583347621812, 47.11759135951168], [46.83446174567148, 98.73589472661935], [47.6017201119194, 97.30945283021474], [59.23576411522634, 16.19756047277758], [70.47965039995802, 64.35073218631725], [21.804818909346523, 17.832897804915802], [56.88628074547123, 62.53684336827617], [15.17420321516082, 60.71679270293525], [87.6802060976171, 86.37851267509924], [62.14809377679502, 70.20603595075559], [29.352565300973943, 14.558119994664676], [58.76140746806359, 67.8454967156095], [53.11764011814846, 97.18569925669084], [54.64014172368498, 19.415549182655013], [26.684573258660027, 36.09906724380201], [49.08938721488998, 91.06452073798363], [76.4087865190096, 51.13852570393222], [22.14436165458992, 90.78670972359994], [65.10400807747787, 33.08189874032362], [85.20697984045465, 15.873259448990872], [36.63607565179885, 82.62474680196651]]","[[0.0, 71.39396489816858, 62.06425876254455, 37.25703751690247, 86.55540832666068, 85.00300889036691, 5.800726488472316, 50.664910831782734, 42.97892383669602, 49.122222763694126, 68.00271343549794, 75.93969544327564, 56.23375414719787, 35.26629077896244, 54.13646387710919, 83.95030053897135, 11.337440823708057, 43.88516665284563, 78.5869596841838, 38.941058471208734, 87.72619674624445, 19.06176490728775, 20.674785598118525, 74.0847036734904], [71.39396489816858, 0.0, 16.446171512970384, 43.81007878498741, 63.73602098112201, 63.21653502351202, 65.68508834398973, 67.76991564484366, 38.22551456830774, 54.0833853306756, 14.476351083773565, 90.69041076776911, 61.1266527331949, 44.9462131278699, 57.19545145517162, 67.0625222885561, 60.08006678213198, 27.551661816141458, 59.97332577244534, 72.49315173351873, 43.20487033659494, 63.931973886995, 88.80029576907015, 45.079219116404325], [62.06425876254455, 16.446171512970384, 0.0, 42.818339898087004, 75.22680567623009, 74.45140279637161, 56.26701079942376, 70.4044017813001, 23.372447067639364, 57.40675335901785, 26.868764187707832, 96.03427023127098, 65.8115606323824, 31.021109044351967, 61.68900021370359, 77.54642669964186, 50.87156932584332, 20.371165285420226, 70.2361527867425, 71.83875596616782, 57.65258515213121, 58.82028752134974, 81.24776147282796, 56.15936670145418], [37.25703751690247, 43.81007878498741, 42.818339898087004, 0.0, 51.62254018415527, 50.19197316179019, 33.073770293773805, 28.726938283438866, 38.9566618957759, 18.053637650800773, 35.06602429576909, 56.18010097467072, 27.345292201013365, 37.273279378626185, 23.59150732397347, 50.3827365108608, 28.608465200062177, 23.548172445678063, 43.97581170728331, 29.191210434937528, 50.494445459075585, 22.517737010827243, 48.97283774338239, 37.13074773849411], [86.55540832666068, 63.73602098112201, 75.22680567623009, 51.62254018415527, 0.0, 1.6196980843341777, 83.46477653393697, 41.730496635192296, 84.68635032534563, 37.56874211959594, 49.47548977934502, 42.67411068589161, 32.379934647175915, 85.97391733617141, 33.112969113981435, 6.471586857591365, 79.70348710773615, 65.79810151631442, 7.995915691479432, 56.03704331672699, 25.938207045203693, 68.14854005874635, 91.31629903849444, 19.06767333393721], [85.00300889036691, 63.21653502351202, 74.45140279637161, 50.19197316179019, 1.6196980843341777, 0.0, 81.94199205337489, 40.120779662748696, 83.558380252041, 35.99079653120503, 48.89342110427693, 41.54239390767561, 30.76023721202322, 84.73968808872168, 31.50656013928318, 5.517308081127782, 78.21124985729539, 64.6856888045427, 6.419683033128576, 54.420598918819294, 26.27971227505841, 66.56957855056032, 89.69954933930651, 18.327191535034558], [5.800726488472316, 65.68508834398973, 56.26701079942376, 33.073770293773805, 83.46477653393697, 81.94199205337489, 0.0, 49.44848758918329, 37.46665166778934, 46.39880614168649, 62.636915531600785, 75.7261667570342, 54.086940082731665, 29.92813620079625, 51.650114543651675, 81.2189021406102, 5.610275973830072, 38.15298150784205, 75.5513779063997, 38.93306756172186, 83.30254091237768, 17.875043102980793, 25.973240410090835, 70.16635235108608], [50.664910831782734, 67.76991564484366, 70.4044017813001, 28.726938283438866, 41.730496635192296, 40.120779662748696, 49.44848758918329, 0.0, 67.3286576145323, 13.713857634077169, 55.4247057229831, 27.947848388923205, 10.183291115293574, 64.58127714444323, 12.228270381623604, 37.142623272167775, 47.645154073403354, 52.116843283495086, 34.22235903484181, 14.48161093426484, 55.09229570865443, 31.72755073201411, 50.66517142423522, 38.462022332519126], [42.97892383669602, 38.22551456830774, 23.372447067639364, 38.9566618957759, 84.68635032534563, 83.558380252041, 37.46665166778934, 67.3286576145323, 0.0, 56.82562550022095, 43.39347308188594, 95.06875383182467, 66.10994952557233, 8.227554028922441, 62.18560514862115, 85.30744322917683, 32.873442316028836, 18.9067434657517, 78.14933310675717, 63.959816513689866, 72.95460206691959, 45.905901713676116, 63.43243802046509, 66.46766035462026], [49.122222763694126, 54.0833853306756, 57.40675335901785, 18.053637650800773, 37.56874211959594, 35.99079653120503, 46.39880614168649, 13.713857634077169, 56.82562550022095, 0.0, 41.75176638561577, 38.94471766400986, 9.300709179614541, 55.31783964274168, 5.630088861459762, 34.85320453780449, 43.17975396812812, 40.13849949271552, 29.57397377488082, 22.606412303926824, 44.7778504532207, 30.579810423528784, 54.58527330169536, 28.523580958516817], [68.00271343549794, 14.476351083773565, 26.868764187707832, 35.06602429576909, 49.47548977934502, 48.89342110427693, 62.636915531600785, 55.4247057229831, 43.39347308188594, 41.75176638561577, 0.0, 76.91322594925089, 47.92277258165152, 48.287151682675024, 44.16630837510175, 52.62780205592441, 57.125764928621315, 27.175743325979894, 45.51070536285662, 61.97916900943563, 30.867183517457576, 57.06726537967146, 83.1596793917937, 30.668720568223637], [75.93969544327564, 90.69041076776911, 96.03427023127098, 56.18010097467072, 42.67411068589161, 41.54239390767561, 75.7261667570342, 27.947848388923205, 95.06875383182467, 38.94471766400986, 76.91322594925089, 0.0, 30.223132911108205, 92.52179465225504, 34.34777423256662, 36.212791233132755, 74.67050511094725, 79.04738995250669, 38.87428421983954, 36.998669990217735, 65.68393340900853, 57.88103121020787, 70.54861855909571, 51.18196959086282], [56.23375414719787, 61.1266527331949, 65.8115606323824, 27.345292201013365, 32.379934647175915, 30.76023721202322, 54.086940082731665, 10.183291115293574, 66.10994952557233, 9.300709179614541, 47.92277258165152, 30.223132911108205, 0.0, 64.59285748644776, 4.1281702525953365, 28.450858078142247, 51.34240830125131, 49.20311577448417, 24.60906752985503, 23.810445281442465, 44.98736174359848, 37.24162983774959, 59.0234091601591, 28.374062945163796], [35.26629077896244, 44.9462131278699, 31.021109044351967, 37.273279378626185, 85.97391733617141, 84.73968808872168, 29.92813620079625, 64.58127714444323, 8.227554028922441, 55.31783964274168, 48.287151682675024, 92.52179465225504, 64.59285748644776, 0.0, 60.863983729367256, 85.97729721134712, 25.74987649777745, 21.70554283882271, 79.01121119157047, 59.60213114625451, 76.56863647649786, 40.26532055776734, 55.86989542976145, 68.4552058499211], [54.13646387710919, 57.19545145517162, 61.68900021370359, 23.59150732397347, 33.112969113981435, 31.50656013928318, 51.650114543651675, 12.228270381623604, 62.18560514862115, 5.630088861459762, 44.16630837510175, 34.34777423256662, 4.1281702525953365, 60.863983729367256, 0.0, 29.878078838031804, 48.60498584898994, 45.13046728215884, 25.15295315324599, 24.301293540731386, 43.21003700975063, 35.337463500905706, 58.3136497280103, 26.60745273593285], [83.95030053897135, 67.0625222885561, 77.54642669964186, 50.3827365108608, 6.471586857591365, 5.517308081127782, 81.2189021406102, 37.142623272167775, 85.30744322917683, 34.85320453780449, 52.62780205592441, 36.212791233132755, 28.450858078142247, 85.97729721134712, 29.878078838031804, 0.0, 77.78505160811372, 66.5603758573844, 7.327731430019317, 51.60251634236668, 31.62737810546025, 65.21480090821899, 87.41532240571105, 21.992346478881707], [11.337440823708057, 60.08006678213198, 50.87156932584332, 28.608465200062177, 79.70348710773615, 78.21124985729539, 5.610275973830072, 47.645154073403354, 32.873442316028836, 43.17975396812812, 57.125764928621315, 74.67050511094725, 51.34240830125131, 25.74987649777745, 48.60498584898994, 77.78505160811372, 0.0, 32.555392534867636, 71.86366258793937, 38.47364208902659, 78.42077708911287, 17.21225172086523, 30.77140570422524, 65.72327638514392], [43.88516665284563, 27.551661816141458, 20.371165285420226, 23.548172445678063, 65.79810151631442, 64.6856888045427, 38.15298150784205, 52.116843283495086, 18.9067434657517, 40.13849949271552, 27.175743325979894, 79.04738995250669, 49.20311577448417, 21.70554283882271, 45.13046728215884, 66.5603758573844, 32.555392534867636, 0.0, 59.35635405105606, 51.94884690861488, 54.87578483637325, 38.537725381446364, 61.91894195702574, 47.578054376252645], [78.5869596841838, 59.97332577244534, 70.2361527867425, 43.97581170728331, 7.995915691479432, 6.419683033128576, 75.5513779063997, 34.22235903484181, 78.14933310675717, 29.57397377488082, 45.51070536285662, 38.87428421983954, 24.60906752985503, 79.01121119157047, 25.15295315324599, 7.327731430019317, 71.86366258793937, 59.35635405105606, 0.0, 48.37803900321952, 26.946457678235497, 60.15357458286216, 83.41586342714331, 15.043761264341216], [38.941058471208734, 72.49315173351873, 71.83875596616782, 29.191210434937528, 56.03704331672699, 54.420598918819294, 38.93306756172186, 14.48161093426484, 63.959816513689866, 22.606412303926824, 61.97916900943563, 36.998669990217735, 23.810445281442465, 59.60213114625451, 24.301293540731386, 51.60251634236668, 38.47364208902659, 51.94884690861488, 48.37803900321952, 0.0, 67.20570140935726, 21.30351597542146, 36.34621314185874, 50.727218027022175], [87.72619674624445, 43.20487033659494, 57.65258515213121, 50.494445459075585, 25.938207045203693, 26.27971227505841, 83.30254091237768, 55.09229570865443, 72.95460206691959, 44.7778504532207, 30.867183517457576, 65.68393340900853, 44.98736174359848, 76.56863647649786, 43.21003700975063, 31.62737810546025, 78.42077708911287, 54.87578483637325, 26.946457678235497, 67.20570140935726, 0.0, 71.9400891811735, 97.92302509881158, 16.63211992835009], [19.06176490728775, 63.931973886995, 58.82028752134974, 22.517737010827243, 68.14854005874635, 66.56957855056032, 17.875043102980793, 31.72755073201411, 45.905901713676116, 30.579810423528784, 57.06726537967146, 57.88103121020787, 37.24162983774959, 40.26532055776734, 35.337463500905706, 65.21480090821899, 17.21225172086523, 38.537725381446364, 60.15357458286216, 21.30351597542146, 71.9400891811735, 0.0, 26.462553541981602, 57.13945196317567], [20.674785598118525, 88.80029576907015, 81.24776147282796, 48.97283774338239, 91.31629903849444, 89.69954933930651, 25.973240410090835, 50.66517142423522, 63.43243802046509, 54.58527330169536, 83.1596793917937, 70.54861855909571, 59.0234091601591, 55.86989542976145, 58.3136497280103, 87.41532240571105, 30.77140570422524, 61.91894195702574, 83.41586342714331, 36.34621314185874, 97.92302509881158, 26.462553541981602, 0.0, 82.55237002980621], [74.0847036734904, 45.079219116404325, 56.15936670145418, 37.13074773849411, 19.06767333393721, 18.327191535034558, 70.16635235108608, 38.462022332519126, 66.46766035462026, 28.523580958516817, 30.668720568223637, 51.18196959086282, 28.374062945163796, 68.4552058499211, 26.60745273593285, 21.992346478881707, 65.72327638514392, 47.578054376252645, 15.043761264341216, 50.727218027022175, 16.63211992835009, 57.13945196317567, 82.55237002980621, 0.0]]",Route_2,1156.7666833441353
