instance_id,num_cities,city_coordinates,distance_matrix,best_route,total_distance
148,24,"[[7.965515945225732, 92.63202340239903], [34.32091743008334, 77.7352608970516], [94.13424159510183, 34.13479723912711], [84.48676009877407, 30.17296491922271], [38.32886948063432, 58.18265721464937], [40.75665493131767, 81.90959011701644], [70.57148218474246, 65.31411727477501], [94.16087215242197, 24.51265000284487], [60.16081733114888, 30.84131607087498], [15.0349416766846, 38.35061032074456], [57.623500953089305, 11.511933196927703], [72.92312777953981, 60.10680044806392], [74.02689133315825, 60.902687474792096], [14.10297214217312, 64.35765881518832], [74.10845342068136, 75.38540490718331], [58.09219661536932, 0.0808215185404415], [89.57790020911499, 18.138028227956692], [12.416976771542043, 68.15760339310371], [55.63131351575048, 86.62756489901982], [37.74297151643877, 24.320476005089564], [87.8992588531154, 83.98931304926195], [65.2223199888454, 2.8895516611208927], [8.969806814397629, 21.010220297207084], [35.446286007947435, 46.48121769648596]]","[[0.0, 30.274093224550253, 104.14881059772405, 98.77567915945602, 45.92049726052494, 34.499701035873905, 68.30647849202289, 109.863044123278, 80.88535713772556, 54.739826327033796, 95.11248346029562, 72.64558805217717, 73.28612472052444, 28.93281979655566, 68.35447335326013, 105.25402170536428, 110.49858181120044, 24.875946982569804, 48.04249972631571, 74.51955695057791, 80.39962498365787, 106.45211526091704, 71.6288439121335, 53.71302998849645], [30.274093224550253, 0.0, 74.0177963658442, 69.12874777791386, 19.95915805841031, 7.6709674501620775, 38.31955445874804, 80.08412134479389, 53.54196940959105, 43.8531590855036, 70.20355781956258, 42.43693275515099, 43.12655668619305, 24.243051563811104, 39.85686695384187, 81.21136416349422, 81.27216182467667, 23.906361907154086, 23.091254876932027, 53.52429074004174, 53.942115623745785, 80.97392710699013, 62.13219005075181, 31.2742972873711], [104.14881059772405, 74.0177963658442, 0.0, 10.42928638752554, 60.76626635096576, 71.63517008128768, 39.08137189142461, 9.622184087995672, 34.13269070003387, 79.21156687960955, 42.951462835392974, 33.532913681661334, 33.47873178937774, 85.54779630179281, 45.85460527570438, 49.585302950565584, 16.633005309396097, 88.51701931738816, 65.09966303506631, 57.238939913048696, 50.24288762059614, 42.56952645022299, 86.169806031006, 59.97257897664311], [98.77567915945602, 69.12874777791386, 10.42928638752554, 0.0, 53.99160794790832, 67.74216179613536, 37.795972646578036, 11.208372271614872, 24.33512245286001, 69.93160205835355, 32.7088489077301, 32.08975072951105, 32.46112602692912, 78.24621974179094, 46.38829571313742, 40.02761641575363, 13.067494357599822, 81.46708800997868, 63.40156667137363, 47.108740139385084, 53.92443299471919, 33.39915106348355, 76.07079677749518, 51.68101399643928], [45.92049726052494, 19.95915805841031, 60.76626635096576, 53.99160794790832, 0.0, 23.85081732662381, 33.02186845979924, 65.19878762665354, 34.988324945441974, 30.59276313995944, 50.50187406419877, 34.647727695104145, 35.80149897419615, 25.00049492750733, 39.700291624821276, 61.37110403677117, 65.03872278335902, 27.765549427853404, 33.29395354656283, 33.867249559028465, 55.885659948733974, 61.486463567123785, 47.36818158871247, 12.051264426368038], [34.499701035873905, 7.6709674501620775, 71.63517008128768, 67.74216179613536, 23.85081732662381, 0.0, 34.12233349302381, 78.3991017261594, 54.63048720715227, 50.586473030303154, 72.39005867217315, 38.859279623328, 39.347154774573596, 31.913776001100747, 33.9839293656182, 83.64489449943984, 80.31392218192947, 31.500071381733967, 15.604959277327849, 57.667914405860486, 47.18845570690364, 82.72082714938448, 68.69597482864661, 35.82414814716605], [68.30647849202289, 38.31955445874804, 39.08137189142461, 37.795972646578036, 33.02186845979924, 34.12233349302381, 0.0, 47.12981063604696, 36.01049799068961, 61.73603517284862, 55.33827996533511, 5.713701561796718, 5.603620727987648, 56.47660966464497, 10.67431497092715, 66.41622876633645, 50.86086220140712, 58.22398056779599, 26.028286334089614, 52.51847043894736, 25.4757685160708, 62.65333134200785, 75.87886198298115, 39.85545775655144], [109.863044123278, 80.08412134479389, 9.622184087995672, 11.208372271614872, 65.19878762665354, 78.3991017261594, 47.12981063604696, 0.0, 34.584038833690485, 80.32684494869066, 38.78141477080847, 41.44858660997713, 41.588604338691184, 89.42534361861145, 54.68214231858472, 43.56447633202596, 7.851078563230503, 92.66577787121905, 73.0943878919289, 56.418227932265715, 59.80536136708053, 36.12475859047239, 85.26303200842946, 62.68987631689038], [80.88535713772556, 53.54196940959105, 34.13269070003387, 24.33512245286001, 34.988324945441974, 54.63048720715227, 36.01049799068961, 34.584038833690485, 0.0, 45.74641137524665, 19.495204966606934, 31.927185028007063, 33.10519685658803, 56.96200781578843, 46.67667943141369, 30.82997270141437, 32.04275717021184, 60.5968613947644, 55.96983082991586, 23.346973382767793, 59.9510693889791, 28.406336313792107, 52.12648081193635, 29.247471367355747], [54.739826327033796, 43.8531590855036, 79.21156687960955, 69.93160205835355, 30.59276313995944, 50.586473030303154, 61.73603517284862, 80.32684494869066, 45.74641137524665, 0.0, 50.339844765318134, 61.84152245162524, 63.15573060486304, 26.023741825602382, 69.72270648668078, 57.606457431612625, 77.23471461477233, 29.921740862794476, 63.07717296969288, 26.692682295312434, 85.97732203511278, 61.451278449754156, 18.370492292427187, 21.971111799538868], [95.11248346029562, 70.20355781956258, 42.951462835392974, 32.7088489077301, 50.50187406419877, 72.39005867217315, 55.33827996533511, 38.78141477080847, 19.495204966606934, 50.339844765318134, 0.0, 50.946439563370824, 52.043422486394164, 68.45952924248218, 65.96646152538116, 11.44071631619287, 32.63416564237121, 72.47317973257942, 75.14204506659263, 23.649402097094196, 78.5467510892751, 11.492933223820252, 49.57216367257631, 41.408691371909704], [72.64558805217717, 42.43693275515099, 33.532913681661334, 32.08975072951105, 34.647727695104145, 38.859279623328, 5.713701561796718, 41.44858660997713, 31.927185028007063, 61.84152245162524, 50.946439563370824, 0.0, 1.3607829149466162, 58.97355768529987, 15.324514709894425, 61.831017019324214, 45.15262214250886, 61.039411349246244, 31.660034548251428, 50.182710287847456, 28.189695104404713, 57.733144721001935, 74.95712002180225, 39.87693787758872], [73.28612472052444, 43.12655668619305, 33.47873178937774, 32.46112602692912, 35.80149897419615, 39.347154774573596, 5.603620727987648, 41.588604338691184, 33.10519685658803, 63.15573060486304, 52.043422486394164, 1.3607829149466162, 0.0, 60.02343640754564, 14.482947096520432, 62.87458846107364, 45.50439492574349, 62.03559766191844, 31.625410696587736, 51.52456727892204, 26.93389799164851, 58.677460779182965, 76.31404316111066, 41.18788532841037], [28.93281979655566, 24.243051563811104, 85.54779630179281, 78.24621974179094, 25.00049492750733, 31.913776001100747, 56.47660966464497, 89.42534361861145, 56.96200781578843, 26.023741825602382, 68.45952924248218, 58.97355768529987, 60.02343640754564, 0.0, 61.010400484957586, 77.88814853758552, 88.50264978140602, 4.157181639646992, 47.12273182046062, 46.49543609629387, 76.36290840643655, 79.94695692378161, 43.65031285514961, 27.840693127926723], [68.35447335326013, 39.85686695384187, 45.85460527570438, 46.38829571313742, 39.700291624821276, 33.9839293656182, 10.67431497092715, 54.68214231858472, 46.67667943141369, 69.72270648668078, 65.96646152538116, 15.324514709894425, 14.482947096520432, 61.010400484957586, 0.0, 76.98896519236229, 59.300640136455854, 62.113439816824126, 21.628473370731427, 62.690312153503314, 16.25464702146987, 73.03842896204034, 84.85106942795309, 48.27230290095248], [105.25402170536428, 81.21136416349422, 49.585302950565584, 40.02761641575363, 61.37110403677117, 83.64489449943984, 66.41622876633645, 43.56447633202596, 30.82997270141437, 57.606457431612625, 11.44071631619287, 61.831017019324214, 62.87458846107364, 77.88814853758552, 76.98896519236229, 0.0, 36.29617397109227, 81.97971662660721, 86.58172287149604, 31.648883262355813, 89.04547102579689, 7.663395091917807, 53.39521432670779, 51.63171537640062], [110.49858181120044, 81.27216182467667, 16.633005309396097, 13.067494357599822, 65.03872278335902, 80.31392218192947, 50.86086220140712, 7.851078563230503, 32.04275717021184, 77.23471461477233, 32.63416564237121, 45.15262214250886, 45.50439492574349, 88.50264978140602, 59.300640136455854, 36.29617397109227, 0.0, 91.95523914079494, 76.44074425034735, 52.202322679089704, 65.87267680471729, 28.735175751599773, 80.65924750463607, 61.10292992380147], [24.875946982569804, 23.906361907154086, 88.51701931738816, 81.46708800997868, 27.765549427853404, 31.500071381733967, 58.22398056779599, 92.66577787121905, 60.5968613947644, 29.921740862794476, 72.47317973257942, 61.039411349246244, 62.03559766191844, 4.157181639646992, 62.113439816824126, 81.97971662660721, 91.95523914079494, 0.0, 46.99594001902575, 50.627065364797886, 77.1246908511088, 83.9542902369259, 47.273234641863446, 31.626172401580963], [48.04249972631571, 23.091254876932027, 65.09966303506631, 63.40156667137363, 33.29395354656283, 15.604959277327849, 26.028286334089614, 73.0943878919289, 55.96983082991586, 63.07717296969288, 75.14204506659263, 31.660034548251428, 31.625410696587736, 47.12273182046062, 21.628473370731427, 86.58172287149604, 76.44074425034735, 46.99594001902575, 0.0, 64.8241166998862, 32.37561843606885, 84.28548075556955, 80.51665740847318, 44.93511465654854], [74.51955695057791, 53.52429074004174, 57.238939913048696, 47.108740139385084, 33.867249559028465, 57.667914405860486, 52.51847043894736, 56.418227932265715, 23.346973382767793, 26.692682295312434, 23.649402097094196, 50.182710287847456, 51.52456727892204, 46.49543609629387, 62.690312153503314, 31.648883262355813, 52.202322679089704, 50.627065364797886, 64.8241166998862, 0.0, 77.94885036742535, 34.84822966385617, 28.96295564721175, 22.279435285431017], [80.39962498365787, 53.942115623745785, 50.24288762059614, 53.92443299471919, 55.885659948733974, 47.18845570690364, 25.4757685160708, 59.80536136708053, 59.9510693889791, 85.97732203511278, 78.5467510892751, 28.189695104404713, 26.93389799164851, 76.36290840643655, 16.25464702146987, 89.04547102579689, 65.87267680471729, 77.1246908511088, 32.37561843606885, 77.94885036742535, 0.0, 84.21053885035563, 100.9763562573149, 64.48388618320753], [106.45211526091704, 80.97392710699013, 42.56952645022299, 33.39915106348355, 61.486463567123785, 82.72082714938448, 62.65333134200785, 36.12475859047239, 28.406336313792107, 61.451278449754156, 11.492933223820252, 57.733144721001935, 58.677460779182965, 79.94695692378161, 73.03842896204034, 7.663395091917807, 28.735175751599773, 83.9542902369259, 84.28548075556955, 34.84822966385617, 84.21053885035563, 0.0, 59.09910211044037, 52.790581994995954], [71.6288439121335, 62.13219005075181, 86.169806031006, 76.07079677749518, 47.36818158871247, 68.69597482864661, 75.87886198298115, 85.26303200842946, 52.12648081193635, 18.370492292427187, 49.57216367257631, 74.95712002180225, 76.31404316111066, 43.65031285514961, 84.85106942795309, 53.39521432670779, 80.65924750463607, 47.273234641863446, 80.51665740847318, 28.96295564721175, 100.9763562573149, 59.09910211044037, 0.0, 36.73929312058885], [53.71302998849645, 31.2742972873711, 59.97257897664311, 51.68101399643928, 12.051264426368038, 35.82414814716605, 39.85545775655144, 62.68987631689038, 29.247471367355747, 21.971111799538868, 41.408691371909704, 39.87693787758872, 41.18788532841037, 27.840693127926723, 48.27230290095248, 51.63171537640062, 61.10292992380147, 31.626172401580963, 44.93511465654854, 22.279435285431017, 64.48388618320753, 52.790581994995954, 36.73929312058885, 0.0]]",Route_3,1269.3208536079505
