instance_id,num_cities,city_coordinates,distance_matrix,best_route,total_distance
717,49,"[[18.93266023953838, 56.9666069823498], [85.89296116176054, 15.184749625579519], [84.91473409996895, 28.421843630483025], [72.78316439581833, 51.75604017421068], [88.45480935150218, 83.60011708713321], [44.64353400395399, 35.93631165918326], [12.120866548824205, 54.69461001313377], [29.712907190815507, 96.57742786798953], [90.87316975547243, 57.63528752615821], [55.77216877965987, 41.90048099344366], [29.81303069331388, 25.038199182488064], [52.68325577435051, 71.53200285679817], [85.28298656873847, 83.25233496413183], [14.569120810601232, 83.63633329688875], [84.10879879001004, 29.718061207995284], [95.48108238829701, 7.501255693459452], [71.83308905726706, 24.822890627402316], [80.9588051261515, 20.322502591267533], [90.46572863566146, 57.86916460230941], [40.67130534926648, 86.58404277736324], [59.42080030365165, 95.45546457492163], [59.01695798484514, 47.05405067186316], [86.44729130518141, 49.53619022325654], [41.4726663582488, 68.42505483653211], [92.97534287143733, 10.369475852516995], [15.58998072559491, 36.59015967751053], [50.771092461078325, 39.08399061614549], [72.7218388689204, 43.091195823176264], [13.1483020349068, 96.28219080728492], [86.94226625697102, 35.29878990376139], [97.67840704325188, 83.0824600011227], [28.649267058713658, 61.53704210771185], [78.56371866077976, 5.289983104299512], [87.64366473284393, 24.882426668263047], [14.796689450355693, 64.23518458756321], [96.55654802551683, 90.98611498382469], [89.49914587633882, 8.368336276723397], [3.4206547874889193, 6.41302791330588], [89.05202800617808, 68.78035884206487], [30.413497695130133, 68.78338019017718], [93.00361731127293, 87.00111011920328], [95.35799446854254, 48.505700583495305], [39.30906329394308, 57.442921134979294], [38.167689417968894, 31.720800173091167], [55.320352607734826, 25.89457079114045], [76.76639156082187, 77.17618907608413], [80.55218213545382, 90.64460507344424], [71.2560732411567, 80.68472609123363], [32.5326598213061, 75.50018983714243]]","[[0.0, 78.92658299822719, 71.89184644824051, 54.102003699933384, 74.44913080518623, 33.21629646889182, 7.180703552785079, 41.05156337540328, 71.94361711147047, 39.80122538052412, 33.73137539214289, 36.75939955894109, 71.3673966144456, 27.02433677336597, 70.64285019141974, 91.13990296021763, 61.90051591228378, 72.04188390179463, 71.53876211133213, 36.7390962637685, 55.863061540095785, 41.29176308106707, 67.9222828028012, 25.285329799283193, 87.48492144854988, 20.648804108224503, 36.51675963754768, 55.55000245238235, 39.73882146384047, 71.3778733754206, 82.96342819925358, 10.737845468881861, 78.90713899179832, 75.83268928968488, 8.362922621427412, 84.751370960431, 85.6820915402169, 52.87992690836938, 71.10759782889724, 16.475610997075208, 79.92858099704013, 76.892253505182, 20.38196939963233, 31.73857446303288, 47.849091829943085, 61.26310216554329, 70.22231151211817, 57.448139414615696, 22.988120455129543], [78.92658299822719, 0.0, 13.273190493587958, 38.85004586402322, 68.4633155131031, 46.175129319599016, 83.68602638089622, 98.89876913112104, 42.74167340763987, 40.26155034577647, 56.93899427910853, 65.40563797274399, 68.07031836876654, 98.85701547967099, 14.642417181611464, 12.286909605742412, 17.04622437860454, 7.123370081651876, 42.928655747368204, 84.51542591147505, 84.52315055046238, 41.688990104633405, 34.35591292694225, 69.33752728058795, 8.56428585412165, 73.4894593645864, 42.48198890062834, 30.858519112755754, 108.94301445114466, 20.141391647429856, 68.91295820719574, 73.65714855268527, 12.313577877644935, 9.85443570266686, 86.37490967417389, 76.54775682523328, 7.711553613774719, 82.93747295697703, 53.68863036634207, 77.14132527345768, 72.16752084855571, 34.63917764956786, 62.89525101211613, 50.50883616485948, 32.39420724753089, 62.65965877521483, 75.6486199796168, 67.11546323315932, 80.5311994636782], [71.89184644824051, 13.273190493587958, 0.0, 26.299424172935364, 55.29171723181859, 40.966288420207576, 77.38995675441967, 87.7064727193152, 29.814899961370603, 32.10860910426797, 55.2054958139625, 53.827075190586534, 54.831727948060255, 89.42675873685064, 1.5263393240332623, 23.437549269942654, 13.567678494924277, 9.013806039371419, 29.965951557610417, 73.0775095170863, 71.71782900599884, 31.903823390652303, 21.169892858184596, 59.054806379091396, 19.770214873835315, 69.80431804309754, 35.76967490359477, 19.075025239002976, 98.76966887817973, 7.169607847939429, 56.1310460353389, 65.28720511368857, 23.98787961683205, 4.469287955759163, 78.73458945084579, 63.63819514608856, 20.570852887583687, 84.4137010932553, 40.57002527667241, 67.81915955772128, 59.13510373680441, 22.6367620748834, 54.05645335378173, 46.86330441583187, 29.702096288180883, 49.430574404555315, 62.375507222232315, 54.01821821906275, 70.42905925319062], [54.102003699933384, 38.85004586402322, 26.299424172935364, 0.0, 35.4914875717141, 32.28161409966836, 60.733430438068105, 62.16111204363326, 19.021404872871408, 19.659756321444156, 50.59916419932332, 28.197429432741725, 33.88601687788401, 66.37189134060766, 24.77786333294803, 49.736117969047676, 26.949901440629926, 32.47935323139582, 18.709445966398807, 47.3725791650699, 45.69674460051916, 14.547066516301687, 13.843269050333857, 35.471162049943224, 46.049666425989884, 59.16979119091178, 25.399058070373965, 8.66506136434719, 74.42375225023314, 21.709934407517242, 40.013968631548416, 45.20474414245974, 46.82423803154095, 30.70872145065289, 59.314081986405846, 45.871260488161084, 46.49641799486426, 82.86824783991848, 23.547894795015882, 45.66310287690424, 40.6335042979748, 22.807622854373605, 33.95373410452109, 39.99552412263878, 31.205214214895356, 25.73033363253263, 39.65700589505808, 28.968964018072988, 46.73208492800778], [74.44913080518623, 68.4633155131031, 55.29171723181859, 35.4914875717141, 0.0, 64.73998915239449, 81.62352089322994, 60.15830503395699, 26.07720922901783, 52.98126692609728, 82.8755478586196, 37.75239630009528, 3.190832519944957, 73.88569741686729, 54.05704166492228, 76.4225439134367, 61.08227186212279, 63.72006415277581, 25.809411309513898, 47.876581616239996, 31.361169389021153, 46.92762580308875, 34.12303096288257, 49.37210016343366, 73.37003502069446, 86.71343232935352, 58.32450629588381, 43.456864384988165, 76.36691062278082, 48.32500382087877, 9.238112536549192, 63.74544820206447, 78.93231758577384, 58.723292854868546, 76.16113994738113, 10.963171734126748, 75.2390289855116, 114.84186596161206, 14.831786964616368, 59.90266731177943, 5.67964853305756, 35.76691256581899, 55.673182553483166, 72.25135261486231, 66.5418837802444, 13.337389607439414, 10.586610784623595, 17.44408290659827, 56.505713246827995], [33.21629646889182, 46.175129319599016, 40.966288420207576, 32.28161409966836, 64.73998915239449, 0.0, 37.54460887441472, 62.45213040468, 51.06882390846331, 12.626077293394905, 18.40414855410613, 36.4923328657041, 62.37283997189645, 56.3893819186031, 39.952143413178916, 58.249538483186825, 29.37311748907108, 39.52960852687565, 50.80082242533952, 50.80326040624339, 61.32615398913606, 18.17139063716703, 43.96033236290946, 32.643113130801595, 54.67748020499824, 29.060909747107367, 6.88874846845048, 28.975568527470767, 68.07036629063622, 42.30353630845842, 70.9609544874828, 30.186320985072463, 45.71407202434543, 44.398193838197024, 41.12979867229179, 75.66664966076324, 52.649968500787764, 50.70453681905452, 55.23446184129005, 35.79698094016109, 70.33001705710934, 52.24888552060162, 22.158312862227664, 7.727036960647129, 14.657114830653466, 52.27432894815422, 65.44026573091476, 52.06388228738025, 41.3760042772175], [7.180703552785079, 83.68602638089622, 77.38995675441967, 60.733430438068105, 81.62352089322994, 37.54460887441472, 0.0, 45.42741821205007, 78.80718777235656, 45.48764583730659, 34.53281592154926, 43.91816500555293, 78.53814016250446, 29.045090730857677, 76.19770586164013, 95.79216187531115, 66.76727593632732, 76.94220919752821, 78.40915260507032, 42.802610641432985, 62.43981900853243, 47.51443505949654, 74.50521264845182, 32.404525410826864, 92.20717900337631, 18.433824213291174, 41.683706661307205, 61.70184006174186, 41.60027043167041, 77.29449975257882, 90.14412217330752, 17.888736690561075, 82.79776420153087, 81.19396111369589, 9.908712903834177, 91.90461163331891, 90.18603966239841, 49.05919745322478, 78.21005001436313, 23.08925722833781, 87.09609244968381, 83.46689202463347, 27.326749830042953, 34.73086408575285, 51.919532499266275, 68.44315379379083, 77.29972249467164, 64.59457256068804, 29.14641412612765], [41.05156337540328, 98.89876913112104, 87.7064727193152, 62.16111204363326, 60.15830503395699, 62.45213040468, 45.42741821205007, 0.0, 72.50564123832477, 60.56941170324944, 71.53929874993344, 33.983970163009474, 57.14535696769333, 19.919994845073063, 86.19215702746318, 110.72496248847025, 83.20350554558246, 91.87467379075328, 72.03634470567295, 14.830854182031915, 29.72907187980629, 57.54382922476465, 73.6998533240376, 30.50980240805178, 106.9296346152311, 61.62734293232576, 61.22860845967709, 68.63341185197997, 16.56723600644268, 83.84671138377402, 69.29230352585559, 35.05652527789496, 103.53646387991888, 92.1745402289703, 35.616207716306484, 67.0770832684843, 106.5609599033283, 93.91965478869899, 65.52715700816124, 27.80287599100571, 64.0110916105755, 81.36441757804936, 40.29386838207044, 65.40539349673884, 75.17850454303262, 50.89635014437645, 51.18427750010744, 44.47935043647919, 21.265017467807212], [71.94361711147047, 42.74167340763987, 29.814899961370603, 19.021404872871408, 26.07720922901783, 51.06882390846331, 78.80718777235656, 72.50564123832477, 0.0, 38.46640620237288, 69.21640521419165, 40.639737042288246, 26.219902126068934, 80.61242005145934, 28.725045515332422, 50.34534741794713, 37.93650040838846, 38.60749338665403, 0.4697943729567771, 57.95047558435788, 49.18960597660486, 33.567555790401904, 9.229505792761579, 50.56509482351553, 47.312536234888135, 78.16940550288327, 44.18514705609801, 23.25943714748588, 86.80286974173255, 22.679751505470016, 26.34140925450979, 62.34611259437415, 53.77316692616951, 32.91169392583468, 76.3622255885458, 33.83161953958831, 49.28610785033259, 101.34920943979694, 11.29288147054012, 61.478873734720366, 29.443001602319903, 10.171676875058772, 51.564465283801674, 58.73183389252581, 47.660003210166714, 24.100788875407495, 34.585225608489864, 30.267261088793028, 61.014505111158364], [39.80122538052412, 40.26155034577647, 32.10860910426797, 19.659756321444156, 52.98126692609728, 12.626077293394905, 45.48764583730659, 60.56941170324944, 38.46640620237288, 0.0, 30.95502217828414, 29.792087397374925, 50.8022065799638, 58.647868924927955, 30.844382830142052, 52.53669690052165, 23.44349062904161, 33.16588310862825, 38.19217134023703, 47.16626728967166, 53.67912795873497, 6.08998665157911, 31.61118785174022, 30.133516008879436, 48.76761679332142, 40.53156485124519, 5.7396326005843195, 16.991442491457814, 69.09532819627753, 31.86153326487395, 58.75447387555998, 33.485016502287955, 43.12520494646494, 36.13040862360439, 46.667214304085164, 63.818218830577976, 47.559580668704136, 63.24587214504557, 42.77939764996307, 36.95608838060517, 58.482882173345985, 40.13311003776564, 22.640699807803124, 20.335771320519317, 16.01228588482628, 41.05037114225312, 54.68124627548113, 41.76085445938824, 40.853582596961246], [33.73137539214289, 56.93899427910853, 55.2054958139625, 50.59916419932332, 82.8755478586196, 18.40414855410613, 34.53281592154926, 71.53929874993344, 69.21640521419165, 30.95502217828414, 0.0, 51.81429315702926, 80.4102083670053, 60.54847735659051, 54.49707828671179, 67.96938575823943, 42.020609975152965, 51.36271056588774, 68.96826848691477, 62.49634383153098, 76.38855468358635, 36.5727642659297, 61.70568077646095, 44.92623228564662, 64.84326583245141, 18.32328959719816, 25.22943935285194, 46.551868993196145, 73.1670658417601, 58.04333965268805, 89.30199057748045, 36.517391482379686, 52.5986845422207, 57.83084383346174, 41.97492309904381, 93.82869872493309, 61.970288646562786, 32.30254650582117, 73.6385451670349, 43.74930196032567, 88.5011444495103, 69.61943621074732, 33.76744941464308, 10.69848019136661, 25.521693587573786, 70.16400848653929, 82.93769940743053, 69.38343990195393, 50.53522418496081], [36.75939955894109, 65.40563797274399, 53.827075190586534, 28.197429432741725, 37.75239630009528, 36.4923328657041, 43.91816500555293, 33.983970163009474, 40.639737042288246, 29.792087397374925, 51.81429315702926, 0.0, 34.64258409202123, 39.99002499921448, 52.30650504515246, 77.01681988483318, 50.482247176822426, 58.49717607364919, 40.1769636070724, 19.257488382054415, 24.854104829239667, 25.284104232880967, 40.29672280393383, 11.633161266699902, 73.24142947941864, 50.959233300831414, 32.504305359539224, 34.79115285761165, 46.64315995689372, 49.86507314893276, 46.454027790431624, 26.029442060081426, 71.118236339959, 58.29591026062677, 38.582838991923595, 47.99300211079914, 73.10990726187892, 81.65344299955706, 36.47271772756137, 22.438739970650403, 43.185933288096564, 48.490658059043525, 19.42604561579833, 42.374916233188216, 45.71355909635749, 24.735688132485723, 33.793026203824105, 20.705600480581953, 20.537600277876276], [71.3673966144456, 68.07031836876654, 54.831727948060255, 33.88601687788401, 3.190832519944957, 62.37283997189645, 78.53814016250446, 57.14535696769333, 26.219902126068934, 50.8022065799638, 80.4102083670053, 34.64258409202123, 0.0, 70.71490836577118, 53.547149163486615, 76.43446322841933, 59.95748250692367, 63.07822403670868, 25.906874627201823, 44.73591821099167, 28.596661530811247, 44.723819640922954, 33.73624196182729, 46.25140422655244, 73.28767630216672, 83.87176918327056, 56.05277403787117, 42.079680709765825, 73.30204537452391, 47.982243517167475, 12.396584458754909, 60.65420125086348, 78.25136975628749, 58.417625729420195, 73.0066441490496, 13.671303570353459, 75.0025950132584, 112.27519972244312, 14.95472387691639, 56.745144827568936, 8.582625136043706, 36.177816199471565, 52.72312076765964, 69.82370874943231, 64.71222871146985, 10.461928091021695, 8.776455318351442, 14.25997590543815, 53.31690844404601], [27.02433677336597, 98.85701547967099, 89.42675873685064, 66.37189134060766, 73.88569741686729, 56.3893819186031, 29.045090730857677, 19.919994845073063, 80.61242005145934, 58.647868924927955, 60.54847735659051, 39.99002499921448, 70.71490836577118, 0.0, 87.99401615184877, 111.1003850939803, 82.08643674805309, 91.74002039534592, 80.15136968190814, 26.268099072293268, 46.38280950432708, 57.56625427735722, 79.5568422657041, 30.90604723080674, 107.31061484134287, 47.057248189739276, 57.40639328266778, 70.89179635425107, 12.72542487175218, 87.03097312499652, 83.11113182798329, 26.203610236611794, 101.16056120102292, 93.76518817540465, 19.402483313410265, 82.31620443246094, 106.20630881345836, 78.02388857929722, 75.95000619688778, 21.717607944918026, 78.50663643525856, 88.09655760449527, 36.02998188679435, 57.027318189134256, 70.67371527133656, 62.53186349478038, 66.35420299493711, 56.76374336634726, 19.720181646898904], [70.64285019141974, 14.642417181611464, 1.5263393240332623, 24.77786333294803, 54.05704166492228, 39.952143413178916, 76.19770586164013, 86.19215702746318, 28.725045515332422, 30.844382830142052, 54.49707828671179, 52.30650504515246, 53.547149163486615, 87.99401615184877, 0.0, 24.958270803695047, 13.215738513441602, 9.90953993900403, 28.859923412578528, 71.5580582203174, 70.22039212855773, 30.498147577895224, 19.955620383968338, 57.58533792987824, 21.283405723852614, 68.86257449674049, 34.628359720791664, 17.564270143682418, 97.29427243698389, 6.258839402163435, 55.062630946027156, 63.93908980702804, 25.04952920675048, 5.9898780150899835, 77.43126182306804, 62.51976387117904, 22.019686563438306, 83.98631531052048, 39.373831557726454, 66.40244353071228, 57.96952207056781, 21.897940467490386, 52.68476210906191, 45.984741966180046, 29.04124158085424, 48.0227534056837, 61.030265192082716, 52.56228194584467, 68.96449385542415], [91.13990296021763, 12.286909605742412, 23.437549269942654, 49.736117969047676, 76.4225439134367, 58.249538483186825, 95.79216187531115, 110.72496248847025, 50.34534741794713, 52.53669690052165, 67.96938575823943, 77.01681988483318, 76.43446322841933, 111.1003850939803, 24.958270803695047, 0.0, 29.313249996703313, 19.372168409684594, 50.61699340255486, 96.21953477348711, 95.05938567015924, 53.79643072838617, 42.994710165992586, 81.41632701184837, 3.8085978269142893, 85.02207042805735, 54.7398606546331, 42.244845886937654, 121.08154756363533, 29.079447881579515, 75.61313827792102, 85.9439221449326, 17.061269646561673, 19.066468471150145, 98.63422302388425, 83.49178616528049, 6.044451436728724, 92.06685923688896, 61.61543007190378, 89.38282475192679, 79.53844785336418, 41.00462963344477, 75.16292753884164, 62.22066657126164, 44.172369834432864, 72.1445493065219, 84.4730052080637, 77.08872425744845, 92.66260814562358], [61.90051591228378, 17.04622437860454, 13.567678494924277, 26.949901440629926, 61.08227186212279, 29.37311748907108, 66.76727593632732, 83.20350554558246, 37.93650040838846, 23.44349062904161, 42.020609975152965, 50.482247176822426, 59.95748250692367, 82.08643674805309, 13.215738513441602, 29.313249996703313, 0.0, 10.175076719400245, 37.93720444738874, 69.17728441298367, 71.71488976882634, 25.66082018540972, 28.71100980908532, 53.131007803193256, 25.610468465017792, 57.460907195290986, 25.43593272335018, 18.289911179490602, 92.46802587953499, 18.38563845234847, 63.735060095743286, 56.681314393033084, 20.66000607855108, 15.810687769142252, 69.32878042574681, 70.63159123645038, 24.14211926103668, 70.84620108282866, 47.209648064451756, 60.399562839520996, 65.68350055930513, 33.38108239745793, 46.063853965648754, 34.36481178435526, 16.547476043948823, 52.58521971094473, 66.3966917603759, 55.86481548023052, 64.13043266129038], [72.04188390179463, 7.123370081651876, 9.013806039371419, 32.47935323139582, 63.72006415277581, 39.52960852687565, 76.94220919752821, 91.87467379075328, 38.60749338665403, 33.16588310862825, 51.36271056588774, 58.49717607364919, 63.07822403670868, 91.74002039534592, 9.90953993900403, 19.372168409684594, 10.175076719400245, 0.0, 38.7315559045475, 77.54788421424588, 78.15911737072801, 34.58352669635718, 29.724788066474584, 62.23351739462006, 15.603202256144803, 67.36259993933128, 35.54281121206732, 24.212827274226573, 101.8240568989582, 16.12733669179113, 64.94888253352124, 66.59524037332757, 15.222124730230014, 8.091987119932373, 79.40874757106533, 72.36460253411373, 14.691477543293312, 78.7758734877494, 49.12905544592451, 70.02345864746304, 67.75776119707128, 31.648527655913778, 55.79091742882485, 44.28318835986044, 26.236962315846352, 57.00805204895688, 70.32327807895709, 61.13706757681426, 73.41436316477576], [71.53876211133213, 42.928655747368204, 29.965951557610417, 18.709445966398807, 25.809411309513898, 50.80082242533952, 78.40915260507032, 72.03634470567295, 0.4697943729567771, 38.19217134023703, 68.96826848691477, 40.1769636070724, 25.906874627201823, 80.15136968190814, 28.859923412578528, 50.61699340255486, 37.93720444738874, 38.7315559045475, 0.0, 57.48068213785269, 48.74953867238966, 33.2564559864123, 9.251286428435087, 50.11733203149778, 47.565939441364605, 77.84069421376874, 43.91522404272775, 23.091859719201747, 86.33391592176982, 22.84374315139495, 26.22466386208106, 61.92518265850252, 53.9094441488952, 33.10723371411509, 75.93635296536165, 33.672399430566024, 49.510264462530984, 101.116659775683, 11.002395612205301, 61.03597744636653, 29.24228323043653, 10.564502989312938, 51.158441066729274, 58.47069238805468, 47.513914862212786, 23.673466799795303, 34.241902725880784, 29.825504294655403, 60.556531547638635], [36.7390962637685, 84.51542591147505, 73.0775095170863, 47.3725791650699, 47.876581616239996, 50.80326040624339, 42.802610641432985, 14.830854182031915, 57.95047558435788, 47.16626728967166, 62.49634383153098, 19.257488382054415, 44.73591821099167, 26.268099072293268, 71.5580582203174, 96.21953477348711, 69.17728441298367, 77.54788421424588, 57.48068213785269, 0.0, 20.742364516966457, 43.579619623009705, 58.88959389490601, 18.176661478444476, 92.43577528566806, 55.93264871503702, 48.56192598139336, 54.026516036801695, 29.181668674915215, 69.07372138253163, 57.11454040336188, 27.78275809211597, 89.69146628692272, 77.54670835396385, 34.190162478466796, 56.05834985703997, 92.2055028397516, 88.40250331075792, 51.55255072712697, 20.54473670826919, 52.33397386455946, 66.6377829092599, 29.172944211949357, 54.92033759716578, 62.43241622384448, 37.30097800171313, 40.08706149614125, 31.148514641376497, 13.75097622098995], [55.863061540095785, 84.52315055046238, 71.71782900599884, 45.69674460051916, 31.361169389021153, 61.32615398913606, 62.43981900853243, 29.72907187980629, 49.18960597660486, 53.67912795873497, 76.38855468358635, 24.854104829239667, 28.596661530811247, 46.38280950432708, 70.22039212855773, 95.05938567015924, 71.71488976882634, 78.15911737072801, 48.74953867238966, 20.742364516966457, 0.0, 48.40309862429927, 53.28237018788913, 32.44654931957088, 91.46328664443735, 73.3911770279598, 57.031224097391174, 54.02716232433259, 46.2798830194532, 66.15328106535253, 40.20865224830539, 45.79679727784953, 92.17518848397748, 76.00712963902292, 54.46115268644522, 37.40372768360733, 92.13508988228551, 105.18826847357673, 39.8694233845695, 39.40588395213675, 34.63064693924014, 59.124971571204156, 43.00506277545918, 67.18483585403096, 69.68164475172381, 25.19923508408978, 21.672094205783946, 18.927450986827075, 33.48410202556728], [41.29176308106707, 41.688990104633405, 31.903823390652303, 14.547066516301687, 46.92762580308875, 18.17139063716703, 47.51443505949654, 57.54382922476465, 33.567555790401904, 6.08998665157911, 36.5727642659297, 25.284104232880967, 44.723819640922954, 57.56625427735722, 30.498147577895224, 53.79643072838617, 25.66082018540972, 34.58352669635718, 33.2564559864123, 43.579619623009705, 48.40309862429927, 0.0, 27.542407353340437, 27.649990735719175, 49.98929819253457, 44.669848540342414, 11.468049334032031, 14.266323233351075, 67.28553618606703, 30.298663300867496, 52.84651286596359, 33.644519510849236, 46.111963661400125, 36.20869025790544, 47.440736839677946, 57.78621890323004, 49.25188602393463, 68.8668400616286, 37.06936603036186, 35.92104817319195, 52.44864698598036, 36.37001814923065, 22.278459162318484, 25.880505610049923, 21.479955310400207, 34.96263168457223, 48.61997852996399, 35.78852150369344, 38.86644931847612], [67.9222828028012, 34.35591292694225, 21.169892858184596, 13.843269050333857, 34.12303096288257, 43.96033236290946, 74.50521264845182, 73.6998533240376, 9.229505792761579, 31.61118785174022, 61.70568077646095, 40.29672280393383, 33.73624196182729, 79.5568422657041, 19.955620383968338, 42.994710165992586, 28.71100980908532, 29.724788066474584, 9.251286428435087, 58.88959389490601, 53.28237018788913, 27.542407353340437, 0.0, 48.780181380309635, 39.70701413920205, 72.03025870745827, 37.17579374527025, 15.163310898254688, 86.93635832403962, 14.24600182719558, 35.376407063625194, 59.03077208327795, 44.943047983566956, 24.682774698237278, 73.14279992918424, 42.664895805502766, 41.28081897063791, 93.55762662151803, 19.419646729810673, 59.24728135498332, 38.034269199077, 8.970091402164716, 47.796746058177284, 51.46171471130034, 39.08724193451882, 29.286333953648942, 41.528954761926514, 34.65551028317728, 59.840761726367965], [25.285329799283193, 69.33752728058795, 59.054806379091396, 35.471162049943224, 49.37210016343366, 32.643113130801595, 32.404525410826864, 30.50980240805178, 50.56509482351553, 30.133516008879436, 44.92623228564662, 11.633161266699902, 46.25140422655244, 30.90604723080674, 57.58533792987824, 81.41632701184837, 53.131007803193256, 62.23351739462006, 50.11733203149778, 18.176661478444476, 32.44654931957088, 27.649990735719175, 48.780181380309635, 0.0, 77.60783426427618, 41.0289405827726, 30.77919390716127, 40.22828849342593, 39.72769360049006, 56.25685685626238, 58.08549571200006, 14.556245702368052, 73.22419984911575, 63.464332965115176, 27.003013844636698, 59.52508256611947, 76.89832364280507, 72.75607924914713, 47.58068826489158, 11.064972145395163, 54.776899656587304, 57.44918850090041, 11.193231832614533, 36.85275000558993, 44.728072701598926, 36.36247226404444, 44.95461006516993, 32.20793170674267, 11.400932074064796], [87.48492144854988, 8.56428585412165, 19.770214873835315, 46.049666425989884, 73.37003502069446, 54.67748020499824, 92.20717900337631, 106.9296346152311, 47.312536234888135, 48.76761679332142, 64.84326583245141, 73.24142947941864, 73.28767630216672, 107.31061484134287, 21.283405723852614, 3.8085978269142893, 25.610468465017792, 15.603202256144803, 47.565939441364605, 92.43577528566806, 91.46328664443735, 49.98929819253457, 39.70701413920205, 77.60783426427618, 0.0, 81.70690628516942, 51.04627421086604, 38.48266339818764, 117.27468200603367, 25.648951489321963, 72.86492212580474, 82.19467054465288, 15.280581107026187, 15.461323784004357, 94.93901425790365, 80.69614324850411, 4.01104788684196, 89.64204168864619, 58.542494404924504, 85.5930411414009, 76.63163948283447, 38.2105831591834, 71.38612480342906, 58.819706963889516, 40.72992590973868, 68.74494188175477, 81.23072875524784, 73.59321360972199, 88.85565732380637], [20.648804108224503, 73.4894593645864, 69.80431804309754, 59.16979119091178, 86.71343232935352, 29.060909747107367, 18.433824213291174, 61.62734293232576, 78.16940550288327, 40.53156485124519, 18.32328959719816, 50.959233300831414, 83.87176918327056, 47.057248189739276, 68.86257449674049, 85.02207042805735, 57.460907195290986, 67.36259993933128, 77.84069421376874, 55.93264871503702, 73.3911770279598, 44.669848540342414, 72.03025870745827, 41.0289405827726, 81.70690628516942, 0.0, 35.269389216359585, 57.50054509199299, 59.741948204143085, 71.36397050643677, 94.34004306067676, 28.158336288152206, 70.32348628334296, 72.99866020162504, 27.656404562502406, 97.54232401383162, 79.11406960424394, 32.538466087110315, 80.20524492144084, 35.442066846098015, 92.380382408032, 80.65306027409797, 31.582155377462968, 23.09683077352776, 41.144842587126, 73.41511441809756, 84.51018091968005, 71.01439743576877, 42.438718429798435], [36.51675963754768, 42.48198890062834, 35.76967490359477, 25.399058070373965, 58.32450629588381, 6.88874846845048, 41.683706661307205, 61.22860845967709, 44.18514705609801, 5.7396326005843195, 25.22943935285194, 32.504305359539224, 56.05277403787117, 57.40639328266778, 34.628359720791664, 54.7398606546331, 25.43593272335018, 35.54281121206732, 43.91522404272775, 48.56192598139336, 57.031224097391174, 11.468049334032031, 37.17579374527025, 30.77919390716127, 51.04627421086604, 35.269389216359585, 0.0, 22.31351521909191, 68.46246025784704, 36.36868925608548, 64.31299611689514, 31.520067899921106, 43.75459992717375, 39.5129219939803, 43.894649220215534, 69.21082614101071, 49.429885118560904, 57.527869348784435, 48.44898669753038, 36.00674111502822, 63.872032194792624, 45.57148724073064, 21.643207766493997, 14.596655156841468, 13.951937614618021, 46.11692919955186, 59.54334778468036, 46.37084892072213, 40.728122849682705], [55.55000245238235, 30.858519112755754, 19.075025239002976, 8.66506136434719, 43.456864384988165, 28.975568527470767, 61.70184006174186, 68.63341185197997, 23.25943714748588, 16.991442491457814, 46.551868993196145, 34.79115285761165, 42.079680709765825, 70.89179635425107, 17.564270143682418, 42.244845886937654, 18.289911179490602, 24.212827274226573, 23.091859719201747, 54.026516036801695, 54.02716232433259, 14.266323233351075, 15.163310898254688, 40.22828849342593, 38.48266339818764, 57.50054509199299, 22.31351521909191, 0.0, 79.86418620578968, 16.215490899499535, 47.13948987409979, 47.77699060341228, 38.24995741854237, 23.541881004927713, 61.663532140411554, 53.49781903951403, 38.56364875765601, 78.40881402185025, 30.440239385879384, 49.49832391531862, 48.36766595845941, 23.27471594090511, 36.36462004544044, 36.376848977312015, 24.46498797446406, 34.324119384601, 48.19378597905769, 37.622094397984796, 51.62860646500635], [39.73882146384047, 108.94301445114466, 98.76966887817973, 74.42375225023314, 76.36691062278082, 68.07036629063622, 41.60027043167041, 16.56723600644268, 86.80286974173255, 69.09532819627753, 73.1670658417601, 46.64315995689372, 73.30204537452391, 12.72542487175218, 97.29427243698389, 121.08154756363533, 92.46802587953499, 101.8240568989582, 86.33391592176982, 29.181668674915215, 46.2798830194532, 67.28553618606703, 86.93635832403962, 39.72769360049006, 117.27468200603367, 59.741948204143085, 68.46246025784704, 79.86418620578968, 0.0, 95.73152219288676, 85.55449459892212, 38.04609408105815, 112.0658672165605, 103.18665312241285, 32.08937189659985, 83.57621622422226, 116.4401012268517, 90.39410135752628, 80.73243696163915, 32.46954829592416, 80.39284692450265, 95.08431283937877, 46.82813575544486, 69.23974946260773, 82.054243650492, 66.42515048594164, 67.63922992994023, 60.164723718524215, 28.419093777144667], [71.3778733754206, 20.141391647429856, 7.169607847939429, 21.709934407517242, 48.32500382087877, 42.30353630845842, 77.29449975257882, 83.84671138377402, 22.679751505470016, 31.86153326487395, 58.04333965268805, 49.86507314893276, 47.982243517167475, 87.03097312499652, 6.258839402163435, 29.079447881579515, 18.38563845234847, 16.12733669179113, 22.84374315139495, 69.07372138253163, 66.15328106535253, 30.298663300867496, 14.24600182719558, 56.25685685626238, 25.648951489321963, 71.36397050643677, 36.36868925608548, 16.215490899499535, 95.73152219288676, 0.0, 48.97493080093432, 63.925891736026216, 31.156516900145817, 10.439951287041445, 77.7322274867766, 56.51117224494321, 27.051561247846344, 88.37560086487882, 33.547973906165865, 65.70174626117104, 52.05641067403301, 15.66036305560987, 52.528892740114124, 48.9056372654166, 32.99067686419809, 43.09599734627087, 55.71348518874728, 48.020202570821006, 67.65026111618195], [82.96342819925358, 68.91295820719574, 56.1310460353389, 40.013968631548416, 9.238112536549192, 70.9609544874828, 90.14412217330752, 69.29230352585559, 26.34140925450979, 58.75447387555998, 89.30199057748045, 46.454027790431624, 12.396584458754909, 83.11113182798329, 55.062630946027156, 75.61313827792102, 63.735060095743286, 64.94888253352124, 26.22466386208106, 57.11454040336188, 40.20865224830539, 52.84651286596359, 35.376407063625194, 58.08549571200006, 72.86492212580474, 94.34004306067676, 64.31299611689514, 47.13948987409979, 85.55449459892212, 48.97493080093432, 0.0, 72.31339571066125, 80.1064340343632, 59.058783708964626, 84.99764056527195, 7.98287728461759, 75.1604989149315, 121.50195750265567, 16.70223077481537, 68.76795556835194, 6.0999571954357785, 34.65453226262553, 63.75238225347702, 78.61008594682107, 71.16642078856734, 21.730081172820046, 18.721474773300304, 26.530903705904432, 65.58551060977754], [10.737845468881861, 73.65714855268527, 65.28720511368857, 45.20474414245974, 63.74544820206447, 30.186320985072463, 17.888736690561075, 35.05652527789496, 62.34611259437415, 33.485016502287955, 36.517391482379686, 26.029442060081426, 60.65420125086348, 26.203610236611794, 63.93908980702804, 85.9439221449326, 56.681314393033084, 66.59524037332757, 61.92518265850252, 27.78275809211597, 45.79679727784953, 33.644519510849236, 59.03077208327795, 14.556245702368052, 82.19467054465288, 28.158336288152206, 31.520067899921106, 47.77699060341228, 38.04609408105815, 63.925891736026216, 72.31339571066125, 0.0, 75.20095827360412, 69.45430001049111, 14.112897620161457, 74.01788095836676, 80.80605813837136, 60.62293145367405, 60.83550909946173, 7.458010816823603, 69.20911179984132, 67.96962685317337, 11.418979040000906, 31.29870040933014, 44.51665492729458, 50.59486721249232, 59.50767022214344, 46.711601717358, 14.493109875470404], [78.90713899179832, 12.313577877644935, 23.98787961683205, 46.82423803154095, 78.93231758577384, 45.71407202434543, 82.79776420153087, 103.53646387991888, 53.77316692616951, 43.12520494646494, 52.5986845422207, 71.118236339959, 78.25136975628749, 101.16056120102292, 25.04952920675048, 17.061269646561673, 20.66000607855108, 15.222124730230014, 53.9094441488952, 89.69146628692272, 92.17518848397748, 46.111963661400125, 44.943047983566956, 73.22419984911575, 15.280581107026187, 70.32348628334296, 43.75459992717375, 38.24995741854237, 112.0658672165605, 31.156516900145817, 80.1064340343632, 75.20095827360412, 0.0, 21.594195180156397, 86.83761162207094, 87.56465569886926, 11.36045010732242, 75.15145559407684, 64.35085426198626, 79.68597902106633, 82.97721947066105, 46.36427436236736, 65.27523966406439, 48.27449916374025, 31.061279742157414, 71.90867119980793, 85.37778094144704, 75.74806236231254, 83.95434180166995], [75.83268928968488, 9.85443570266686, 4.469287955759163, 30.70872145065289, 58.723292854868546, 44.398193838197024, 81.19396111369589, 92.1745402289703, 32.91169392583468, 36.13040862360439, 57.83084383346174, 58.29591026062677, 58.417625729420195, 93.76518817540465, 5.9898780150899835, 19.066468471150145, 15.810687769142252, 8.091987119932373, 33.10723371411509, 77.54670835396385, 76.00712963902292, 36.20869025790544, 24.682774698237278, 63.464332965115176, 15.461323784004357, 72.99866020162504, 39.5129219939803, 23.541881004927713, 103.18665312241285, 10.439951287041445, 59.058783708964626, 69.45430001049111, 21.594195180156397, 0.0, 82.79686807882587, 66.70185227945119, 16.61800203796495, 86.22432426308126, 43.920518396819745, 72.12895215721554, 62.34949819622547, 24.85095478538353, 58.27880829404849, 49.94632604656382, 32.33915494354638, 53.413038281157824, 66.14342925812032, 58.15883231108825, 74.82901048778014], [8.362922621427412, 86.37490967417389, 78.73458945084579, 59.314081986405846, 76.16113994738113, 41.12979867229179, 9.908712903834177, 35.616207716306484, 76.3622255885458, 46.667214304085164, 41.97492309904381, 38.582838991923595, 73.0066441490496, 19.402483313410265, 77.43126182306804, 98.63422302388425, 69.32878042574681, 79.40874757106533, 75.93635296536165, 34.190162478466796, 54.46115268644522, 47.440736839677946, 73.14279992918424, 27.003013844636698, 94.93901425790365, 27.656404562502406, 43.894649220215534, 61.663532140411554, 32.08937189659985, 77.7322274867766, 84.99764056527195, 14.112897620161457, 86.83761162207094, 82.79686807882587, 0.0, 86.02491936233346, 93.28216194033182, 58.930602975984456, 74.39431371444721, 16.265631958017863, 81.45312106208634, 82.08252270287242, 25.43602394748626, 40.042338010388946, 55.78682588191562, 63.30650501197989, 70.86072472576092, 58.806882536978094, 21.01106823253587], [84.751370960431, 76.54775682523328, 63.63819514608856, 45.871260488161084, 10.963171734126748, 75.66664966076324, 91.90461163331891, 67.0770832684843, 33.83161953958831, 63.818218830577976, 93.82869872493309, 47.99300211079914, 13.671303570353459, 82.31620443246094, 62.51976387117904, 83.49178616528049, 70.63159123645038, 72.36460253411373, 33.672399430566024, 56.05834985703997, 37.40372768360733, 57.78621890323004, 42.664895805502766, 59.52508256611947, 80.69614324850411, 97.54232401383162, 69.21082614101071, 53.49781903951403, 83.57621622422226, 56.51117224494321, 7.98287728461759, 74.01788095836676, 87.56465569886926, 66.70185227945119, 86.02491936233346, 0.0, 82.91866064759357, 125.80501447034173, 23.43956967497399, 69.77008341205502, 5.338874453597314, 42.4973191890106, 66.35073746141025, 83.19637221121829, 77.0540909875762, 24.132226305800955, 16.00800913798779, 27.317258966273343, 65.87011567041552], [85.6820915402169, 7.711553613774719, 20.570852887583687, 46.49641799486426, 75.2390289855116, 52.649968500787764, 90.18603966239841, 106.5609599033283, 49.28610785033259, 47.559580668704136, 61.970288646562786, 73.10990726187892, 75.0025950132584, 106.20630881345836, 22.019686563438306, 6.044451436728724, 24.14211926103668, 14.691477543293312, 49.510264462530984, 92.2055028397516, 92.13508988228551, 49.25188602393463, 41.28081897063791, 76.89832364280507, 4.01104788684196, 79.11406960424394, 49.429885118560904, 38.56364875765601, 116.4401012268517, 27.051561247846344, 75.1604989149315, 80.80605813837136, 11.36045010732242, 16.61800203796495, 93.28216194033182, 82.91866064759357, 0.0, 86.10069604207195, 60.413677133784404, 84.5049782678992, 78.71082798574066, 40.56271835467755, 70.19515131857658, 56.39375845045875, 38.41039970570878, 69.97602188834266, 82.76129872888033, 74.58196789423519, 88.04468351874395], [52.87992690836938, 82.93747295697703, 84.4137010932553, 82.86824783991848, 114.84186596161206, 50.70453681905452, 49.05919745322478, 93.91965478869899, 101.34920943979694, 63.24587214504557, 32.30254650582117, 81.65344299955706, 112.27519972244312, 78.02388857929722, 83.98631531052048, 92.06685923688896, 70.84620108282866, 78.7758734877494, 101.116659775683, 88.40250331075792, 105.18826847357673, 68.8668400616286, 93.55762662151803, 72.75607924914713, 89.64204168864619, 32.538466087110315, 57.527869348784435, 78.40881402185025, 90.39410135752628, 88.37560086487882, 121.50195750265567, 60.62293145367405, 75.15145559407684, 86.22432426308126, 58.930602975984456, 125.80501447034173, 86.10069604207195, 0.0, 105.93590536968934, 67.9608299785812, 120.49707950055125, 101.11512013615545, 62.38611918801747, 42.986506631324815, 55.435630660557514, 101.91674092401294, 114.21134401588223, 100.5879175001521, 74.9702926483511], [71.10759782889724, 53.68863036634207, 40.57002527667241, 23.547894795015882, 14.831786964616368, 55.23446184129005, 78.21005001436313, 65.52715700816124, 11.29288147054012, 42.77939764996307, 73.6385451670349, 36.47271772756137, 14.95472387691639, 75.95000619688778, 39.373831557726454, 61.61543007190378, 47.209648064451756, 49.12905544592451, 11.002395612205301, 51.55255072712697, 39.8694233845695, 37.06936603036186, 19.419646729810673, 47.58068826489158, 58.542494404924504, 80.20524492144084, 48.44898669753038, 30.440239385879384, 80.73243696163915, 33.547973906165865, 16.70223077481537, 60.83550909946173, 64.35085426198626, 43.920518396819745, 74.39431371444721, 23.43956967497399, 60.413677133784404, 105.93590536968934, 0.0, 58.63853038888537, 18.64432447527882, 21.23268660641532, 51.01862436527176, 62.94939874453622, 54.56204488410193, 14.880417607914653, 23.45831714110062, 21.410510633839838, 56.917441163667256], [16.475610997075208, 77.14132527345768, 67.81915955772128, 45.66310287690424, 59.90266731177943, 35.79698094016109, 23.08925722833781, 27.80287599100571, 61.478873734720366, 36.95608838060517, 43.74930196032567, 22.438739970650403, 56.745144827568936, 21.717607944918026, 66.40244353071228, 89.38282475192679, 60.399562839520996, 70.02345864746304, 61.03597744636653, 20.54473670826919, 39.40588395213675, 35.92104817319195, 59.24728135498332, 11.064972145395163, 85.5930411414009, 35.442066846098015, 36.00674111502822, 49.49832391531862, 32.46954829592416, 65.70174626117104, 68.76795556835194, 7.458010816823603, 79.68597902106633, 72.12895215721554, 16.265631958017863, 69.77008341205502, 84.5049782678992, 67.9608299785812, 58.63853038888537, 0.0, 65.18748927002785, 68.03654864396795, 14.413087764438412, 37.86505416340303, 49.59638488140484, 47.10658139495416, 54.69735670764293, 42.54125070433967, 7.043179676153663], [79.92858099704013, 72.16752084855571, 59.13510373680441, 40.6335042979748, 5.67964853305756, 70.33001705710934, 87.09609244968381, 64.0110916105755, 29.443001602319903, 58.482882173345985, 88.5011444495103, 43.185933288096564, 8.582625136043706, 78.50663643525856, 57.96952207056781, 79.53844785336418, 65.68350055930513, 67.75776119707128, 29.24228323043653, 52.33397386455946, 34.63064693924014, 52.44864698598036, 38.034269199077, 54.776899656587304, 76.63163948283447, 92.380382408032, 63.872032194792624, 48.36766595845941, 80.39284692450265, 52.05641067403301, 6.0999571954357785, 69.20911179984132, 82.97721947066105, 62.34949819622547, 81.45312106208634, 5.338874453597314, 78.71082798574066, 120.49707950055125, 18.64432447527882, 65.18748927002785, 0.0, 38.5