instance_id,num_cities,city_coordinates,distance_matrix,best_route,total_distance
2099,56,"[[45.71699530360775, 72.59343921149491], [56.79509199276664, 33.27884992711914], [69.17704497026567, 75.06727502102108], [74.47778330814346, 71.80830368530032], [35.626278262588905, 34.75247196618696], [77.68400075504408, 19.492033213029003], [20.10239178236557, 62.372338192681156], [88.18923468994521, 64.24129233925937], [28.277567805755453, 11.658330474450796], [95.32906180195698, 87.29947200306474], [83.3810900870534, 16.390099790915734], [26.840150628436565, 68.51877188449525], [90.52752294451767, 34.46188075674391], [36.398880270694065, 74.86412221811514], [82.29556729940853, 1.4818337394350678], [85.99653691499269, 0.15922946163554608], [38.97330254755044, 3.3140039886831563], [70.16981805747795, 3.4944167096311984], [73.3228788004358, 43.00356408151921], [95.26157339377914, 47.63569698023633], [51.66057912824126, 91.18921295186033], [80.1959755493531, 85.87328631896554], [92.15337659058115, 73.65322679512022], [72.52897066789293, 78.3817131185639], [72.10347671766031, 74.6902989300821], [93.67616789597822, 29.430493558766212], [6.470226140938806, 10.178833404196086], [58.829125170536955, 71.9365510071295], [33.07861801992238, 98.42856080990461], [81.21052949014249, 62.84353685852847], [56.85667155196028, 46.091260132339386], [74.01070045318004, 89.75634864955738], [74.34119109038949, 11.736780939788105], [83.42099808557089, 13.021511752689207], [53.40545909099951, 43.51583921580703], [35.11594618765189, 24.785479884821406], [37.10583809618, 90.95243460812061], [65.77438874086572, 22.189772465925806], [95.47096748702533, 4.178037918579625], [53.54979327503349, 36.92982312700293], [31.453094689095153, 43.72236389121028], [89.86026528368059, 7.90769706910639], [97.35150612623407, 26.171961499523945], [63.796355174783336, 61.64661270463911], [81.75524532490351, 8.806364066213835], [64.54995202989696, 27.979543996328605], [32.355617606707376, 42.98650481890805], [85.15586386718688, 44.21956101155865], [68.8462504092876, 92.92338593796826], [44.067104599839666, 11.456098764875588], [0.33340918363004013, 87.168846422699], [33.429868414562655, 80.01697342993859], [27.062932629547408, 81.88637325027356], [31.31113373649963, 79.28050326417814], [85.54772028837084, 87.51012325915602], [2.346149786354046, 0.4236086216058199]]","[[0.0, 40.84557695581625, 23.590120685883534, 28.77150264474099, 39.16326560007959, 61.981035458808456, 27.578593502701114, 43.28567287065951, 63.381551797413714, 51.7457683555221, 67.65648082690383, 19.311607357137763, 58.83875540530106, 9.59079084763952, 79.96782079102738, 82.88037291488205, 69.6068785162779, 73.2981272021684, 40.46783307576522, 55.475707435011934, 19.52252518716032, 36.94799612948304, 46.44847313692431, 27.429657995649364, 26.46966607446295, 64.52226060178913, 73.72850132607012, 13.128573866199298, 28.760773431348987, 36.808308368398166, 28.748180513934063, 33.09228326166188, 67.25234152384074, 70.50110897666428, 30.076889748098328, 48.96920682775837, 20.278183854190658, 54.24784468433145, 84.59388206069589, 36.51364452205786, 32.20245100749695, 78.31266513818296, 69.43397079855747, 21.135190179477323, 73.26354086574821, 48.426025082842806, 32.48225635768195, 48.584990662550176, 30.793979535695968, 61.15959888864719, 47.66668002370056, 14.355568518170893, 20.84064963711214, 15.882243957809333, 42.532271462850154, 84.19925586520807], [40.84557695581625, 0.0, 43.58423145319474, 42.393353005615445, 21.220043276510722, 25.02844031070786, 46.827185567667435, 44.09382083485067, 35.78681387270986, 66.35581691704002, 31.496748654941026, 46.2509525491358, 33.753169626843835, 46.31781864604475, 40.7593483670249, 44.15465598692261, 34.86413875522847, 32.649590493497264, 19.176490871495538, 41.05836393088551, 58.13753837249465, 57.565407065397316, 53.668413402852025, 47.76843315652897, 44.150365246624624, 37.081310744312916, 55.37330481706673, 38.71117595423451, 69.33221448803677, 38.342982428868424, 12.812558187533917, 59.043077804305476, 27.78356222298593, 33.45592062962916, 10.78357829783105, 23.283528459295535, 60.941850061849124, 14.268686310616285, 48.40124590135834, 4.884830506127124, 27.409556932892215, 41.67734495025826, 41.17439241188148, 29.218960473389707, 34.955855283142384, 9.392576725456784, 26.296890914420285, 30.397903551825472, 60.849824117490776, 25.263296130230323, 78.05160695292034, 52.25309427607386, 56.97975626493032, 52.58882236892276, 61.38195696716807, 63.59366468950164], [23.590120685883534, 43.58423145319474, 0.0, 6.222436909579471, 52.44937837594468, 56.22255596058369, 50.69006812570106, 21.8784199375296, 75.45502952646906, 28.87134613024796, 60.37189570209162, 42.84034915637698, 45.87636595335787, 32.778794244657185, 74.74565403223095, 76.77311117055056, 77.85112690371201, 71.57974326068084, 32.33062785284744, 37.853587635582784, 23.806374319510336, 15.433298781467666, 23.019803368228022, 4.713905576574195, 2.950612435630764, 51.796938580989355, 90.23666097077245, 10.811145962976125, 42.99821045112415, 17.15297421310057, 31.486521560750226, 15.463929299892342, 63.54069472175351, 63.65977489671868, 35.273729920687586, 60.73234206251004, 35.78967177088971, 52.98686956104862, 75.60855968925425, 41.21500009116444, 49.04691507681153, 70.27235952501215, 56.43183450672743, 14.45911476147702, 67.44419504095445, 47.31452633317379, 48.836393497581106, 34.740525513443096, 17.85917473232997, 68.38779752336491, 69.89917180276778, 36.088227249947366, 42.66261312796994, 38.099586950417006, 20.562672069749976, 100.19004683415503], [28.77150264474099, 42.393353005615445, 6.222436909579471, 0.0, 53.689608945307086, 52.41442536596826, 55.188048057161225, 15.660892685496108, 75.84509997180443, 25.975991043189833, 56.12883567720754, 47.751073985777396, 40.64910144091755, 38.20132044106548, 70.75966451009198, 72.569081031549, 77.14944747053818, 68.44958523121551, 28.827882823120383, 31.87916004604689, 29.937342076176, 15.18293314853011, 17.771616110171408, 6.856207573004103, 3.734063252886387, 46.52372257142573, 91.7780989069839, 15.649183649099227, 49.21919316629941, 11.211463571256497, 31.174828125088137, 17.954121655831404, 60.07167803881079, 59.463165037553345, 35.27756218433994, 61.32291724690692, 41.9899992583482, 50.376062940267204, 70.81360483442239, 40.67541238735606, 51.38038385301647, 65.72600914132313, 51.04784935387691, 14.742892204536679, 63.420862885744505, 44.93909222228417, 51.03893546376147, 29.583105427648317, 21.853165933745817, 67.58104777418458, 75.71878556542799, 41.860644716573496, 48.474070914562155, 43.808599632808175, 19.211731902046825, 101.48274357672038], [39.16326560007959, 21.220043276510722, 52.44937837594468, 53.689608945307086, 0.0, 44.740731019857684, 31.68356138157918, 60.26985079937968, 24.235158687714492, 79.5337008772022, 51.163451450163016, 34.890672807739925, 54.90201372332364, 40.11909021645354, 57.314552316297615, 61.105281144012096, 31.61613259613918, 46.58671656151544, 38.58904265728417, 61.011031069363106, 58.67030370923815, 67.82179278318326, 68.61910500467984, 57.142973236372164, 54.0889640289837, 58.293337017344726, 38.13055320206805, 43.82953158267536, 63.7270340055544, 53.54467188023905, 24.06860436955711, 67.0730222750173, 45.039610441109, 52.50304633788376, 19.82160125925846, 9.9800485959094, 56.21943523600992, 32.66083256967351, 67.20255088685896, 18.055283118213154, 9.893150271004512, 60.51419079421676, 62.31876855881726, 38.946733358506734, 52.925250281818734, 29.70608451954841, 8.859826078745657, 50.42623945086721, 66.98822121641848, 24.77838884169842, 63.19068696405997, 45.317759311140705, 47.90548547597604, 44.73662977422327, 72.63277596157279, 47.81252775084815], [61.981035458808456, 25.02844031070786, 56.22255596058369, 52.41442536596826, 44.740731019857684, 0.0, 71.79388725393292, 45.96581482333921, 50.02361957484645, 70.06566159406279, 6.486818774416135, 70.6308586982855, 19.724411213356095, 69.06901920683744, 18.591229950483232, 21.044133583978837, 41.95529508054305, 17.67446393535566, 23.91257971200377, 33.18187562678798, 76.2738753156586, 66.42876471289868, 56.06066113868782, 59.1148774385585, 55.47964299364423, 18.828765331464638, 71.82017394484527, 55.73090507037335, 90.66761030268195, 43.49470396778473, 33.783080298258675, 70.36026690449401, 8.445017127023265, 8.647588469578645, 34.15539254922803, 42.89591877229801, 82.17771140836695, 12.211333072391476, 23.471144782541508, 29.774762598081118, 52.195838918946464, 16.80649463055052, 20.770946281729735, 44.38327693937674, 11.434970811629015, 15.637809156373722, 51.0553867371688, 25.83175118712738, 73.96126955500672, 34.564026813506786, 102.77774595049394, 74.97797421556095, 80.34641377715296, 75.66441664730367, 68.47115201617297, 77.71355483427162], [27.578593502701114, 46.827185567667435, 50.69006812570106, 55.188048057161225, 31.68356138157918, 71.79388725393292, 0.0, 68.1124890656878, 51.368707223932915, 79.24906234295307, 78.2212241503065, 9.12008998835403, 75.75415984280725, 20.53339244227098, 87.03817905646058, 90.62289589690141, 61.999984774664995, 77.2874945381076, 56.63540985116819, 76.59028120278562, 42.735599439385496, 64.52544748232481, 72.92875193978264, 54.81647798935924, 53.440106579009445, 80.61182084223746, 53.94439620739962, 39.8902750764966, 38.32014661755659, 61.10995436338767, 40.19888784765794, 60.46478125694424, 74.20112538693134, 80.2792001360908, 38.270900771059175, 40.47442072884574, 33.255662640557695, 60.83230962705805, 95.22078968450809, 42.024400524921084, 21.832544467431266, 88.50174036788916, 85.31056757306536, 43.69998986752672, 81.67244292939326, 56.20008811906432, 22.93364512453291, 67.53871148961984, 57.52677873978495, 56.274069498247854, 31.71245013225013, 22.11232204083565, 20.71826954922231, 20.28600360542597, 70.10705571700493, 64.44322482069893], [43.28567287065951, 44.09382083485067, 21.8784199375296, 15.660892685496108, 60.26985079937968, 45.96581482333921, 68.1124890656878, 0.0, 79.71433815392331, 24.13828454132036, 48.09214990849313, 61.49802392309826, 29.87107206248761, 52.86856651647326, 63.03558486326066, 64.11956570489241, 78.32204314494781, 63.363098681613984, 25.9239202086252, 18.04892716948448, 45.39309531733486, 23.06155578504415, 10.212684818880787, 21.099653292321463, 19.181588783987202, 35.240575303809266, 97.98339565629468, 30.35182098255519, 64.85329132152178, 7.117306137132698, 36.20984923895769, 29.189877211471792, 54.3000186816948, 51.441248076341274, 40.49018957834393, 66.13270816235672, 57.64545540511627, 47.65244634411053, 60.503042602264046, 44.11130526372047, 60.3325451713436, 56.35837381708775, 39.1563681724629, 24.53048987377783, 55.80705593190859, 43.28660390429931, 59.74243708732437, 20.250211453389667, 34.594992904853505, 68.79708587122978, 90.79823132443246, 56.986492335959035, 63.62211631135222, 58.83278196137373, 23.418285392241312, 106.96603190196234], [63.381551797413714, 35.78681387270986, 75.45502952646906, 75.84509997180443, 24.235158687714492, 50.02361957484645, 51.368707223932915, 79.71433815392331, 0.0, 101.08157665407903, 55.3063089409313, 56.87860727449952, 66.29523980087092, 63.72540957966952, 54.96822132008721, 58.85328129455495, 13.565637698535355, 42.68032473063384, 54.87808043735824, 76.0343863347894, 82.89708370107495, 90.57251643646505, 89.01396585775834, 80.06370242962738, 76.77069323215912, 67.77039674117593, 21.857471538742544, 67.57855819710704, 86.90295136315373, 73.63303460581679, 44.7480928728973, 90.50314836858556, 46.063690088660834, 55.160277068033345, 40.57476782002126, 14.801536087047927, 79.78404167928613, 38.947693778445036, 67.6084886493427, 35.73980583408396, 32.220897100141116, 61.696806072915415, 70.58225301471504, 61.32220329123193, 53.553671258240605, 39.77521675780632, 31.592483250541637, 65.53910509720536, 90.82855964769398, 15.79083182850406, 80.5153030166884, 68.5525365561288, 70.23854590418337, 67.69018226493345, 95.04401524575799, 28.26052751821396], [51.7457683555221, 66.35581691704002, 28.87134613024796, 25.975991043189833, 79.5337008772022, 70.06566159406279, 79.24906234295307, 24.13828454132036, 101.08157665407903, 0.0, 71.90892222541808, 71.01722080367554, 53.05530910392267, 60.2279355414217, 86.80172242585488, 87.6385639484406, 101.14114117773904, 87.50014193433951, 49.461091262632685, 39.663832438971205, 43.84137844175691, 15.20014161559945, 14.010888081670622, 24.482046059178135, 26.427619039412807, 57.89257918292385, 117.65834255559248, 39.60132214491109, 63.23744435641576, 28.23872728069581, 56.37589500070602, 21.459468154013226, 78.4232809676416, 75.22644056732896, 60.618437494838396, 86.79641987168284, 58.33770576982683, 71.50350812068247, 83.1215552157493, 65.44164428360992, 77.32466311595323, 79.57990740458679, 61.160958310063215, 40.649486803897325, 79.65812254465237, 66.82968993706973, 77.00190734310652, 44.2648019001113, 27.07337635402908, 91.54237008259604, 94.99574242787985, 62.32611753893889, 68.48040617791033, 64.51820652675734, 9.783609546435123, 127.2526524877783], [67.65648082690383, 31.496748654941026, 60.37189570209162, 56.12883567720754, 51.163451450163016, 6.486818774416135, 78.2212241503065, 48.09214990849313, 55.3063089409313, 71.90892222541808, 0.0, 76.9043320568023, 19.43349607927288, 75.01026155163726, 14.947734155524282, 16.440246766873226, 46.29293548245562, 18.461753729599216, 28.45073102458824, 33.42803056296719, 81.24714238145188, 69.5561511637183, 57.93115504458398, 62.93431988074841, 59.380954715935374, 16.614466488949024, 77.16126504318434, 60.730611918348636, 96.2322595724981, 46.50411969599596, 39.820895322076176, 73.96222463851895, 10.167258735772633, 3.3688244269520062, 40.42702305338211, 48.989861426126545, 87.75500396109499, 18.5373173741808, 17.184283247203464, 36.21859334940873, 58.68193390557798, 10.67384031937651, 17.05454023989308, 49.31241023002121, 7.75605690623335, 22.1116932304621, 57.54100800520933, 27.885995298750185, 77.90125450161236, 39.62239040004801, 109.117131002437, 80.89192540452038, 86.3799554090613, 81.64853460643559, 71.15301837977296, 82.59291973164261], [19.311607357137763, 46.2509525491358, 42.84034915637698, 47.751073985777396, 34.890672807739925, 70.6308586982855, 9.12008998835403, 61.49802392309826, 56.87860727449952, 71.01722080367554, 76.9043320568023, 0.0, 72.22155651752905, 11.473133104350453, 87.0014615625263, 90.40190860124028, 66.32401625232767, 78.13851064243674, 53.02518125891718, 71.53736024407547, 33.61551084102084, 56.10724751979672, 65.51473202884522, 46.741265348560276, 45.68212379841609, 77.42704118495544, 61.793868996134655, 32.17103831688156, 30.553460507071406, 54.66576982139188, 37.46978531757857, 51.73099107518156, 74.03069188257592, 79.25489373600126, 36.48098485164669, 44.50943294703567, 24.67090517963949, 60.516535628877, 94.07400847178717, 41.36745936013456, 25.22183780528715, 87.43704730511415, 82.25024987145932, 37.58972766946713, 81.12483758368141, 55.36657944560322, 26.121199005728364, 63.17573948591025, 48.58083578838251, 59.606347033595384, 32.4103783116208, 13.252660837749605, 13.369457658947022, 11.653521023323233, 61.702918589089975, 72.36647937444177], [58.83875540530106, 33.753169626843835, 45.87636595335787, 40.64910144091755, 54.90201372332364, 19.724411213356095, 75.75415984280725, 29.87107206248761, 66.29523980087092, 53.05530910392267, 19.43349607927288, 72.22155651752905, 0.0, 67.5444377636932, 33.991890135838965, 34.600602888873915, 60.23311271964426, 37.05968129621488, 19.208335017518696, 13.998595199037114, 68.76503137200389, 52.439236202120306, 39.22505582377382, 47.46471909476304, 44.246707313633436, 5.935387280231333, 87.49454574229773, 49.082984137200135, 85.97739722775177, 29.87180560509918, 35.62258691000991, 57.708609450928, 27.90031362874922, 22.58743275808161, 38.21023146387785, 56.25011620002371, 77.74997804803807, 27.628287945610577, 30.68466687111794, 37.059995022292846, 59.79585789658677, 26.56256584185233, 10.737295178748449, 38.12564729171949, 27.11380444153219, 26.774145747335798, 58.79319506569098, 11.13853873711771, 62.3524271123526, 51.84434856201653, 104.4653166693334, 73.04388147740677, 79.22648996463158, 74.26499629232715, 53.28146457342262, 94.52279376957189], [9.59079084763952, 46.31781864604475, 32.778794244657185, 38.20132044106548, 40.11909021645354, 69.06901920683744, 20.53339244227098, 52.86856651647326, 63.72540957966952, 60.2279355414217, 75.01026155163726, 11.473133104350453, 67.5444377636932, 0.0, 86.55325610616846, 89.67022106788215, 71.59641798795013, 78.95638735002098, 48.76963022414441, 64.85525254470329, 22.34788668942704, 45.15957538603956, 55.76764409233845, 36.30092117085573, 35.705019562747445, 73.10883866445386, 71.27349385962947, 22.620489814818775, 23.79720377607664, 46.39588751337776, 35.30437390345457, 40.45278019524747, 73.65242811482015, 77.68904705925131, 35.66424778912435, 50.095072989340885, 16.103837583800306, 60.31175357836228, 92.11967217535509, 41.631296693910166, 31.53204571083995, 85.68128474901384, 78.01377515625404, 30.419141816609994, 80.13006466355681, 54.68680385821255, 32.13301205956608, 57.58760787679113, 37.13446963421041, 63.87001724290261, 38.106750615641886, 5.947008240539039, 11.682120009522324, 6.7371794053767, 50.74967800304937, 81.85950475021937], [79.96782079102738, 40.7593483670249, 74.74565403223095, 70.75966451009198, 57.314552316297615, 18.591229950483232, 87.03817905646058, 63.03558486326066, 54.96822132008721, 86.80172242585488, 14.947734155524282, 87.0014615625263, 33.991890135838965, 86.55325610616846, 0.0, 3.9301982356022114, 43.36099019916768, 12.29163475255035, 42.48015100609163, 47.94055074871212, 94.79407357746277, 84.41756661975066, 72.84151549507553, 77.51759708793415, 73.91453230587837, 30.17690599838455, 76.32247483518323, 74.25995617732642, 108.7243118444795, 61.371295543790616, 51.35307527260163, 88.66244414224742, 12.978291218671155, 11.594428105949126, 51.00486220627648, 52.62106585691981, 100.23522357567106, 26.490905368887443, 13.448445526509353, 45.63857442867337, 66.10007116965531, 9.925541553228436, 28.918570206125754, 62.94459053138513, 7.34443274487791, 31.890994185691408, 64.93563194983756, 42.83333548583464, 92.4253298251511, 39.50824373684629, 118.57512178183798, 92.49661990425017, 97.54759815866475, 93.0163719221023, 86.08973862634585, 79.95642063697392], [82.88037291488205, 44.15465598692261, 76.77311117055056, 72.569081031549, 61.105281144012096, 21.044133583978837, 90.62289589690141, 64.11956570489241, 58.85328129455495, 87.6385639484406, 16.440246766873226, 90.40190860124028, 34.600602888873915, 89.67022106788215, 3.9301982356022114, 0.0, 47.12894198570461, 16.174316176395383, 44.679510058025876, 48.37205669596858, 97.29036895481573, 85.91010449940187, 73.75143604598593, 79.37337267672606, 75.81488928803567, 30.261917220296592, 80.15501586611516, 76.74667516666777, 111.61168229097318, 62.86675004244204, 54.39561742374227, 90.39526559761849, 16.428231326602624, 13.117610529231765, 54.239966474041054, 56.52686726388276, 103.11986487463788, 29.90451641207778, 10.29153322289114, 49.03945076508085, 69.80496953067899, 8.65835707112086, 28.383050467897654, 65.3723670014351, 9.631276718164447, 35.127281478117126, 68.64054005298631, 44.0683508593464, 94.3362128452977, 43.42460765885497, 122.10178088967719, 95.60603489812317, 100.75959381578593, 96.1803997128898, 87.35204681969411, 83.65080491609952], [69.6068785162779, 34.86413875522847, 77.85112690371201, 77.14944747053818, 31.61613259613918, 41.95529508054305, 61.999984774664995, 78.32204314494781, 13.565637698535355, 101.14114117773904, 46.29293548245562, 66.32401625232767, 60.23311271964426, 71.59641798795013, 43.36099019916768, 47.12894198570461, 0.0, 31.197037178408912, 52.48956628812654, 71.64343587863367, 88.78636909659613, 92.27862086260733, 88.18008017821158, 82.22617476820231, 78.69043093098034, 60.61744389853863, 33.22011226347866, 71.43743872322399, 95.29704205786044, 72.99142842486381, 46.364949370487416, 93.27324483723501, 36.35698985816552, 45.495421150142136, 42.71387009067942, 21.81521201468589, 87.65832501773626, 32.78098315712911, 56.50427150441976, 36.640106144341686, 41.10217848541041, 51.09388410196887, 62.69370681848086, 63.39461476610766, 43.133057473658944, 35.53243395282083, 40.22065484425205, 61.693545573209676, 94.4575796179583, 9.60419318279292, 92.32917176498857, 76.9030245380046, 79.46995736102662, 76.351934114748, 96.21934778465368, 36.74102209751437], [73.2981272021684, 32.649590493497264, 71.57974326068084, 68.44958523121551, 46.58671656151544, 17.67446393535566, 77.2874945381076, 63.363098681613984, 42.68032473063384, 87.50014193433951, 18.461753729599216, 78.13851064243674, 37.05968129621488, 78.95638735002098, 12.29163475255035, 16.174316176395383, 31.197037178408912, 0.0, 39.63476400967145, 50.77448975405773, 89.62683311210797, 82.98675793259785, 73.52234679599184, 74.92444704152692, 71.22213617241773, 35.0032650627652, 64.04935157267556, 69.37533468281582, 101.92275916730983, 60.36733695789151, 44.6288128842354, 86.34739880034645, 9.237798497600583, 16.32051813198311, 43.39075928092045, 41.01320889903792, 93.49936719365328, 19.205106761790006, 25.310383252997372, 37.33833989432165, 55.832538925144675, 20.178968147534217, 35.39936728198331, 58.5004181878976, 12.745152399556188, 25.12179039029131, 54.67667490769665, 43.39491845162875, 89.43876323251676, 27.28992544878735, 108.98868836811639, 84.88536733016247, 89.46229608928385, 85.16764797979764, 85.41146775485578, 67.89315017043282], [40.46783307576522, 19.176490871495538, 32.33062785284744, 28.827882823120383, 38.58904265728417, 23.91257971200377, 56.63540985116819, 25.9239202086252, 54.87808043735824, 49.461091262632685, 28.45073102458824, 53.02518125891718, 19.208335017518696, 48.76963022414441, 42.48015100609163, 44.679510058025876, 52.48956628812654, 39.63476400967145, 0.0, 22.422376672676112, 52.83097561226525, 43.41719179813197, 35.972065154535855, 35.387055817208974, 31.710189321456387, 24.463945315961453, 74.47643997701655, 32.3602630817758, 68.49475007700593, 21.350399368519998, 16.75320411300472, 46.75784387128402, 31.283361199716232, 31.636932135488703, 19.92400646694964, 42.328102857035546, 60.089668181397926, 22.140316700462407, 44.69853816735108, 20.684903683059364, 41.875953657160885, 38.796971957218176, 29.33731031707455, 20.93604342644826, 35.221489095291886, 17.397856869207992, 40.96726474556982, 11.895300926156487, 50.1201438139601, 43.024910133329726, 85.31139923374097, 54.419157924769856, 60.43058388421595, 55.50678372757243, 46.15496245516429, 82.76924953451375], [55.475707435011934, 41.05836393088551, 37.853587635582784, 31.87916004604689, 61.011031069363106, 33.18187562678798, 76.59028120278562, 18.04892716948448, 76.0343863347894, 39.663832438971205, 33.42803056296719, 71.53736024407547, 13.998595199037114, 64.85525254470329, 47.94055074871212, 48.37205669596858, 71.64343587863367, 50.77448975405773, 22.422376672676112, 0.0, 61.627554344091685, 41.09848509187744, 26.202533179747757, 38.237268927987884, 35.61248275991249, 18.27410578412976, 96.36866698221247, 43.79331901073031, 80.29093943307853, 20.70531884675282, 38.43594373313714, 47.17784329307313, 41.54990455583659, 36.58334378643227, 42.05838242879156, 64.33994788097071, 72.51502814401567, 38.94854468581596, 43.45816352545836, 43.06377056919113, 63.92836718133646, 40.09349206840129, 21.565244251159744, 34.44366004078752, 41.111287895808964, 36.46324227115918, 63.07752580149276, 10.667490332423602, 52.42846611820035, 62.68841170518341, 102.83105690961811, 69.79761317659012, 76.31620684391764, 71.35161173447698, 41.040575205842956, 104.22215326565838], [19.52252518716032, 58.13753837249465, 23.806374319510336, 29.937342076176, 58.67030370923815, 76.2738753156586, 42.735599439385496, 45.39309531733486, 82.89708370107495, 43.84137844175691, 81.24714238145188, 33.61551084102084, 68.76503137200389, 22.34788668942704, 94.79407357746277, 97.29036895481573, 88.78636909659613, 89.62683311210797, 52.83097561226525, 61.627554344091685, 0.0, 29.02633157800555, 44.1268337501736, 24.485134621481944, 26.270253629333418, 74.69571018856789, 92.76232854760391, 20.543929622119524, 19.942352821090235, 40.94724556766806, 45.39630739374699, 22.396004629136357, 82.6262616340017, 84.37365538548156, 47.70529498349058, 68.433768304671, 14.556666874474793, 70.42813648786563, 97.41814363258877, 54.29226937841407, 51.58918672653084, 91.6243794527606, 79.46636896418664, 31.93810090814636, 87.70759786930543, 64.51045018650736, 51.92477838853515, 57.689533739978586, 17.272945704943545, 80.09388461904086, 51.48438327834764, 21.38171529744576, 26.298042508675902, 23.577898425792114, 34.08627343922347, 103.29718229822294], [36.94799612948304, 57.565407065397316, 15.433298781467666, 15.18293314853011, 67.82179278318326, 66.42876471289868, 64.52544748232481, 23.06155578504415, 90.57251643646505, 15.20014161559945, 69.5561511637183, 56.10724751979672, 52.439236202120306, 45.15957538603956, 84.41756661975066, 85.91010449940187, 92.27862086260733, 82.98675793259785, 43.41719179813197, 41.09848509187744, 29.02633157800555, 0.0, 17.097055139031532, 10.719451145898752, 13.803903226293468, 58.030202828120636, 105.66520869187998, 25.51028981142498, 48.76146324813301, 23.052086237676463, 46.12301723213829, 7.303136386416453, 74.36733107284223, 72.92312272396636, 50.11871005125916, 75.9205449281504, 43.38845114862453, 65.296034356958, 83.11100402411651, 55.72684827817973, 64.44042749755732, 78.56227850022414, 62.117311713972065, 29.255414248393475, 77.08269473587843, 59.97068827428328, 64.24932587595093, 41.94798355237464, 13.361143865436706, 82.72371558112701, 79.8730742021484, 47.131360867228096, 53.28241478888903, 49.32740158852074, 5.596463787104876, 115.59516767543514], [46.44847313692431, 53.668413402852025, 23.019803368228022, 17.771616110171408, 68.61910500467984, 56.06066113868782, 72.92875193978264, 10.212684818880787, 89.01396585775834, 14.010888081670622, 57.93115504458398, 65.51473202884522, 39.22505582377382, 55.76764409233845, 72.84151549507553, 73.75143604598593, 88.18008017821158, 73.52234679599184, 35.972065154535855, 26.202533179747757, 44.1268337501736, 17.097055139031532, 0.0, 20.186032069959516, 20.07670300440949, 44.24894380946874, 106.63301968584514, 33.36843880776251, 64.05969306612195, 15.381654631047711, 44.78302572296389, 24.258343531359998, 64.42763552738461, 61.257320406146725, 49.0883208172792, 75.10875551530606, 57.70176847593105, 57.83025273564446, 69.55435485134744, 53.2808128858027, 67.67851045267264, 65.78550781456356, 47.76495686944794, 30.794146286165414, 65.67523688270863, 53.36697806586032, 67.20282595441765, 30.254022307330764, 30.2417123229064, 78.61788784480419, 92.80936584489174, 59.067314851202376, 65.6090740339816, 61.101921049785716, 15.350839547006496, 115.87888057840651], [27.429657995649364, 47.76843315652897, 4.713905576574195, 6.856207573004103, 57.142973236372164, 59.1148774385585, 54.81647798935924, 21.099653292321463, 80.06370242962738, 24.482046059178135, 62.93431988074841, 46.741265348560276, 47.46471909476304, 36.30092117085573, 77.51759708793415, 79.37337267672606, 82.22617476820231, 74.92444704152692, 35.387055817208974, 38.237268927987884, 24.485134621481944, 10.719451145898752, 20.186032069959516, 0.0, 3.7158557308659486, 53.323783127184974, 94.94941037104925, 15.14020743893869, 44.25162625722415, 17.798999552562144, 35.892817020050664, 11.470739148788384, 66.66956673005562, 66.26154377808545, 39.76603900358344, 65.36276170423675, 37.587516012117014, 56.596453699136696, 77.66930301756184, 45.59022217956498, 53.74474929041194, 72.57382938221204, 57.810175840438745, 18.87649753568292, 70.18442376911663, 51.02982844035335, 53.54175068817504, 36.421025087832696, 15.000755877279849, 72.72630663449377, 72.72834942257816, 39.1332834464773, 45.600912902518495, 41.22763521024197, 15.900179664882995, 104.89563577026837], [26.46966607446295, 44.150365246624624, 2.950612435630764, 3.734063252886387, 54.0889640289837, 55.47964299364423, 53.440106579009445, 19.181588783987202, 76.77069323215912, 26.427619039412807, 59.380954715935374, 45.68212379841609, 44.246707313633436, 35.705019562747445, 73.91453230587837, 75.81488928803567, 78.69043093098034, 71.22213617241773, 31.710189321456387, 35.61248275991249, 26.270253629333418, 13.803903226293468, 20.07670300440949, 3.7158557308659486, 0.0, 50.13811910038578, 92.02962982411856, 13.556973726454665, 45.677616766349, 14.942696603383766, 32.409413569449384, 15.186288438161288, 62.99327577581744, 62.69868899621179, 36.35192982007802, 62.11737581907754, 38.591343147015024, 52.88064517034168, 74.28336676410548, 42.07246964660063, 51.102510306638344, 69.10296268250691, 54.694534060011016, 15.464346694120051, 66.58715724818263, 47.317548136920905, 50.84312013387729, 33.14861504799965, 18.521743575082308, 69.17081922358815, 72.84680323366814, 39.038717197275396, 45.611775862982604, 41.04978954539723, 18.57674839730858, 101.89026425511061], [64.52226060178913, 37.081310744312916, 51.796938580989355, 46.52372257142573, 58.293337017344726, 18.828765331464638, 80.61182084223746, 35.240575303809266, 67.77039674117593, 57.89257918292385, 16.614466488949024, 77.42704118495544, 5.935387280231333, 73.10883866445386, 30.17690599838455, 30.261917220296592, 60.61744389853863, 35.0032650627652, 24.463945315961453, 18.27410578412976, 74.69571018856789, 58.030202828120636, 44.24894380946874, 53.323783127184974, 50.13811910038578, 0.0, 89.30567001086992, 54.96436396895982, 91.83025827783396, 35.66263595721487, 40.41356769509769, 63.450290796645604, 26.208944929463293, 19.350017874732217, 42.66294586563039, 58.74415476078849, 83.5772184517897, 28.82598345182649, 25.316157319617336, 40.82114506225208, 63.84331129341996, 21.858451031165337, 4.9118369565662325, 43.93952140243175, 23.821484258356517, 29.162333673941493, 62.80107745145848, 17.06786737897511, 68.17530480366625, 52.764931813913336, 109.75694964544007, 78.6677096842214, 84.78763133187974, 79.8399709001863, 58.64567372487095, 95.8257354871954], [73.72850132607012, 55.37330481706673, 90.23666097077245, 91.7780989069839, 38.13055320206805, 71.82017394484527, 53.94439620739962, 97.98339565629468, 21.857471538742544, 117.65834255559248, 77.16126504318434, 61.793868996134655, 87.49454574229773, 71.27349385962947, 76.32247483518323, 80.15501586611516, 33.22011226347866, 64.04935157267556, 74.47643997701655, 96.36866698221247, 92.76232854760391, 105.66520869187998, 106.63301968584514, 94.94941037104925, 92.02962982411856, 89.30567001086992, 0.0, 80.96585694671134, 92.17386237739754, 91.43130719104785, 61.874843633435624, 104.37574719707747, 67.88884358783275, 77.00326047037078, 57.56971468193885, 32.15480365986743, 86.38816684779667, 60.50823381014484, 89.20281109142913, 54.14887896054216, 41.82477923943784, 83.42096072619022, 92.27777196074467, 77.04036199372446, 75.29752841636727, 60.74635673784375, 41.789912598518235, 85.73331161471025, 103.62156810982847, 37.61856824302269, 77.23420632696863, 74.861125517701, 74.6058364426187, 73.43099800226838, 110.60460420465768, 10.591148017911392], [13.128573866199298, 38.71117595423451, 10.811145962976125, 15.649183649099227, 43.82953158267536, 55.73090507037335, 39.8902750764966, 30.35182098255519, 67.57855819710704, 39.60132214491109, 60.730611918348636, 32.17103831688156, 49.082984137200135, 22.620489814818775, 74.25995617732642, 76.74667516666777, 71.43743872322399, 69.37533468281582, 32.3602630817758, 43.79331901073031, 20.543929622119524, 25.51028981142498, 33.36843880776251, 15.14020743893869, 13.556973726454665, 54.96436396895982, 80.96585694671134, 0.0, 36.94475878800923, 24.158024870098874, 25.920448176679837, 23.40994267570166, 62.16620066613869, 63.841538701862596, 28.933596604427542, 52.77819971783139, 28.870487187461293, 50.22926100679662, 77.03142673167609, 35.402575360220766, 39.312687513485166, 71.15213133377137, 59.81949086456267, 11.426119384294223, 67.16418307794275, 44.327715092280286, 39.22947586996666, 38.227329292225726, 23.254892785456775, 62.25594232486763, 60.4464358953285, 26.653620209775294, 33.28798508803716, 28.48110755075303, 30.926032363687188, 91.12863126858342], [28.760773431348987, 69.33221448803677, 42.99821045112415, 49.21919316629941, 63.7270340055544, 90.66761030268195, 38.32014661755659, 64.85329132152178, 86.90295136315373, 63.23744435641576, 96.2322595724981, 30.553460507071406, 85.97739722775177, 23.79720377607664, 108.7243118444795, 111.61168229097318, 95.29704205786044, 101.92275916730983, 68.49475007700593, 80.29093943307853, 19.942352821090235, 48.76146324813301, 64.05969306612195, 44.25162625722415, 45.677616766349, 91.83025827783396, 92.17386237739754, 36.94475878800923, 0.0, 59.857955456205815, 57.485553593805896, 41.84068159192766, 96.01075269699938, 99.13989741439015, 58.55414127796341, 73.67125677088303, 8.491817504375236, 82.954000935425, 113.03082029832959, 64.81638491088364, 54.73034174391774, 106.85589472914454, 96.70584413274807, 47.92171827400985, 101.98800024979828, 77.15898414550892, 55.44676998803723, 75.17084005233346, 36.188817017296486, 87.66388076905469, 34.627010697053294, 18.414937596686528, 17.60205783350296, 19.229459390908495, 53.59308697403519, 102.71054111997472], [36.808308368398166, 38.342982428868424, 17.15297421310057, 11.211463571256497, 53.54467188023905, 43.49470396778473, 61.10995436338767, 7.117306137132698, 73.63303460581679, 28.23872728069581, 46.50411969599596, 54.66576982139188, 29.87180560509918, 46.39588751337776, 61.371295543790616, 62.86675004244204, 72.99142842486381, 60.36733695789151, 21.350399368519998, 20.70531884675282, 40.94724556766806, 23.052086237676463, 15.381654631047711, 17.798999552562144, 14.942696603383766, 35.66263595721487, 91.43130719104785, 24.158024870098874, 59.857955456205815, 0.0, 29.559248501678407, 27.85923503366222, 51.56634862570769, 49.87103725669092, 33.86269091595879, 59.775633082755206, 52.30042003324347, 43.485664310445244, 60.37384249603531, 37.90299311823933, 53.30498638614006, 55.612628266132724, 40.06663906641038, 17.455259795141355, 54.039918196895044, 38.640300718347994, 52.73617483815755, 19.037282886357588, 32.521880601083645, 63.40585782410467, 84.45607896692111, 50.77320648227445, 57.39853537870368, 52.536878106708315, 25.044993684963476, 100.57752148052711], [28.748180513934063, 12.812558187533917, 31.486521560750226, 31.174828125088137, 24.06860436955711, 33.783080298258675, 40.19888784765794, 36.20984923895769, 44.7480928728973, 56.37589500070602, 39.820895322076176, 37.46978531757857, 35.62258691000991, 35.30437390345457, 51.35307527260163, 54.39561742374227, 46.364949370487416, 44.6288128842354, 16.75320411300472, 38.43594373313714, 45.39630739374699, 46.12301723213829, 44.78302572296389, 35.892817020050664, 32.409413569449384, 40.41356769509769, 61.874843633435624, 25.920448176679837, 57.485553593805896, 29.559248501678407, 0.0, 46.91375771306713, 38.54787496193728, 42.41782292949114, 4.306235054894624, 30.44002975231479, 49.01653188001426, 25.510915164474596, 56.98931519943704, 9.739988292660238, 25.51378817088384, 50.4700078007953, 45.128816572353, 17.033150103061683, 44.83416610787449, 19.677927378248828, 24.696986657980627, 28.36102154882492, 48.34250726483185, 36.92109729914635, 69.87307982478687, 41.22825642674309, 46.57206246348344, 41.881981351715396, 50.385498909041836, 71.11210429782287], [33.09228326166188, 59.043077804305476, 15.463929299892342, 17.954121655831404, 67.0730222750173, 70.36026690449401, 60.46478125694424, 29.189877211471792, 90.50314836858556, 21.459468154013226, 73.96222463851895, 51.73099107518156, 57.708609450928, 40.45278019524747, 88.66244414224742, 90.39526559761849, 93.27324483723501, 86.34739880034645, 46.75784387128402, 47.17784329307313, 22.396004629136357, 7.303136386416453, 24.258343531359998, 11.470739148788384, 15.186288438161288, 63.450290796645604, 104.37574719707747, 23.40994267570166, 41.84068159192766, 27.85923503366222, 46.91375771306713, 0.0, 78.02026768526596, 77.30969470331092, 50.62371661866077, 75.72328372053316, 36.924239832519106, 68.06672496749712, 88.22805862497333, 56.65060036167159, 62.69192580470793, 83.36912180690344, 67.7330606034646, 29.90802742340817, 81.31960390529271, 62.49703476079359, 62.63037776422738, 46.880845725233144, 6.0581902778012395, 83.83047217230614, 73.72271303059937, 41.733192528429925, 47.60282992015336, 43.96585418629567, 11.753652844204215, 114.52574497980639], [67.25234152384074, 27.78356222298593, 63.54069472175351, 60.07167803881079, 45.039610441109, 8.445017127023265, 74.20112538693134, 54.3000186816948, 46.063690088660834, 78.4232809676416, 10.167258735772633, 74.03069188257592, 27.90031362874922, 73.65242811482015, 12.978291218671155, 16.428231326602624, 36.35698985816552, 9.237798497600583, 31.283361199716232, 41.54990455583659, 82.6262616340017, 74.36733107284223, 64.42763552738461, 66.66956673005562, 62.99327577581744, 26.208944929463293, 67.88884358783275, 62.16620066613869, 96.01075269699938, 51.56634862570769, 38.54787496193728, 78.02026768526596, 0.0, 9.17024690678297, 38.05539934438855, 41.338703194922005, 87.53051638545602, 13.514996645997089, 22.441079444458488, 32.664531188479906, 53.50202173440761, 15.984478318218233, 27.16337673856089, 51.01161506248148, 7.972173056654262, 18.965645627044484, 52.33864368967646, 34.23577293504875, 81.37234913789426, 30.275387616356042, 105.6747286998014, 79.59849878972358, 84.59432028462376, 80.0858305901447, 76.59755676856358, 72.87848681380984], [70.50110897666428, 33.45592062962916, 63.65977489671868, 59.463165037553345, 52.50304633788376, 8.647588469578645, 80.2792001360908, 51.441248076341274, 55.160277068033345, 75.22644056732896, 3.3688244269520062, 79.25489373600126, 22.58743275808161, 77.68904705925131, 11.594428105949126, 13.117610529231765, 45.495421150142136, 16.32051813198311, 31.636932135488703, 36.58334378643227, 84.37365538548156, 72.92312272396636, 61.257320406146725, 66.26154377808545, 62.69868899621179, 19.350017874732217, 77.00326047037078, 63.841538701862596, 99.13989741439015, 49.87103725669092, 42.41782292949114, 77.30969470331092, 9.17024690678297, 0.0, 42.78827629809942, 49.716888328559634, 90.65496556693448, 19.886171724857288, 14.946865625627646, 38.260896874017625, 60.35897038101932, 8.22285003308943, 19.157071352767037, 52.43593283201171, 4.532350634987287, 24.08026386560418, 59.20788708364484, 31.24624836422873, 81.22027313514458, 39.3850155555218, 111.36145952799092, 83.5912969819906, 88.98651971521812, 84.29526628819777, 74.51896531413477, 82.04777992146518], [30.076889748098328, 10.78357829783105, 35.273729920687586, 35.27756218433994, 19.82160125925846, 34.15539254922803, 38.270900771059175, 40.49018957834393, 40.57476782002126, 60.618437494838396, 40.42702305338211, 36.48098485164669, 38.21023146387785, 35.66424778912435, 51.00486220627648, 54.239966474041054, 42.71387009067942, 43.39075928092045, 19.92400646694964, 42.05838242879156, 47.70529498349058, 50.11871005125916, 49.0883208172792, 39.76603900358344, 36.35192982007802, 42.66294586563039, 57.56971468193885, 28.933596604427542, 58.55414127796341, 33.86269091595879, 4.306235054894624, 50.62371661866077, 38.05539934438855, 42.78827629809942, 0.0, 26.178858701432326, 50.15883000019864, 24.65342863992205, 57.59313854545752, 6.587597458760449, 21.95333585757636, 50.95971626378602, 47.244736683152645, 20.897264623087167, 44.81582359689801, 19.12004686217906, 21.056495943474697, 31.758202528127406, 51.76411604226877, 33.39209221333181, 68.7184656375219, 41.60957848609616, 46.542739309826395, 42.03891539232839, 54.48506202040073, 66.81312299429854], [48.96920682775837, 23.283528459295535, 60.73234206251004, 61.32291724690692, 9.9800485959094, 42.89591877229801, 40.47442072884574, 66.13270816235672, 14.801536087047927, 86.79641987168284, 48.989861426126545, 44.50943294703567, 56.25011620002371, 50.095072989340885, 52.62106585691981, 56.52686726388276, 21.81521201468589, 41.01320889903792, 42.328102857035546, 64.33994788097071, 68.433768304671, 75.9205449281504, 75.1