instance_id,num_cities,city_coordinates,distance_matrix,best_route,total_distance
1317,80,"[[68.32977303651481, 45.48101029325341], [82.52235700752809, 76.8543483964874], [4.562442102836773, 35.33348541211655], [96.35860082213429, 29.978836309841363], [72.14489720969458, 74.46550817555531], [81.53549615715951, 46.86525897757373], [79.12747815970175, 62.37811545670279], [63.94011651085725, 92.18281818497537], [68.16693856216526, 82.60026133649133], [45.557582308596864, 65.63658234404376], [37.25138620805366, 1.8863154764121592], [3.3963240727109323, 24.361659243605548], [99.72594784043332, 6.372869659812574], [69.54781999892575, 64.9857150305863], [51.99624280776886, 80.22742788288241], [37.632463545116146, 94.87268114542965], [36.866861168573195, 85.65261225189587], [6.174348194872903, 83.10073149411265], [3.2626641371377385, 53.566949091832925], [62.721094589677136, 10.847267130311433], [80.89820965626996, 17.272259344717977], [59.84662327882791, 81.60077384672664], [87.8716373629764, 36.60274637294598], [9.606877792474167, 17.154194898141228], [35.795311392597874, 91.93183007807582], [92.48706158624572, 17.98724407651704], [95.27462373300169, 54.02531039639602], [98.67884922993994, 4.833924192685024], [53.465668528473905, 8.731895775295161], [46.426236728392745, 67.31047324055237], [13.246013932778666, 31.000734233535542], [18.825340327195907, 7.407304547670157], [38.38142077939277, 88.51393723356743], [24.85110984202421, 66.77753785261073], [43.531872886039444, 77.1080390523867], [35.30008662810139, 93.22801105861622], [51.987940259311515, 21.30486739659858], [15.141770269121114, 7.485016085556628], [47.056760521071936, 47.25736119903491], [33.81066125355397, 9.035914905564802], [15.885255370752215, 57.65959583885819], [42.729913336305835, 59.528208132333525], [28.425344964825115, 38.363688858517556], [78.15865339491187, 26.297666278332677], [62.2150624312919, 85.6610016554887], [12.111982716270687, 51.59983518877639], [98.16009757924536, 92.33700382876535], [49.01893827083431, 76.74098871459674], [3.34656752772029, 32.99772392924493], [51.732460710208706, 14.173560577847066], [28.85871077207748, 24.287574821381664], [84.92774562958874, 52.10061206257875], [25.5543405162306, 10.394563131127054], [0.09910823461173335, 82.66888770353535], [64.19025949295643, 16.04118493344413], [43.032369726252895, 91.26019401082301], [65.76767780633634, 89.20264083934526], [13.26198149537623, 28.51137258078521], [73.21483140181677, 85.03393259618086], [62.56932889717501, 84.16513540864277], [70.46790372240055, 52.88008016707788], [86.47093370016367, 27.72848464550488], [34.84855871761046, 67.01681552964669], [60.038245612330584, 25.5115971952971], [88.01958592096459, 59.688151225484454], [18.848739058895646, 63.80976123145688], [86.79313159079372, 96.24263555518868], [6.9494729956443235, 90.4490667238195], [71.6073929369734, 84.66160215989592], [74.55881602279611, 87.59532504830034], [79.4930313955406, 35.441757541877294], [62.152510697640736, 76.13737357767096], [97.0557665050304, 52.802458493367666], [27.663559939204852, 13.141980232239192], [37.42889700383773, 43.58102171462942], [95.05267028964039, 60.51422756841382], [98.67204806298295, 19.89445703414573], [5.954896102074592, 20.592464376493027], [82.03861032880879, 64.39539716390247], [58.929508615749235, 7.4545593778491686]]","[[0.0, 34.43422401498393, 64.5696891398627, 32.0301824104686, 29.234505125723338, 13.278074693236693, 20.052496074852254, 46.90765337094312, 37.119608202093886, 30.410849301577766, 53.53843053389773, 68.28162112232826, 50.151435234928165, 19.542700562951243, 38.393980583500806, 58.15377854946684, 51.02619353952897, 72.65356330198384, 65.56760684040381, 35.08494605092976, 30.882021131093428, 37.102576042239384, 21.464110314486945, 65.19805899159373, 56.71128505986751, 36.59893128023705, 28.267119473135786, 50.727231683400035, 39.64138015609411, 30.923944692886767, 56.95523603466211, 62.45234925183153, 52.4283950161272, 48.41421526025613, 40.189610597814834, 58.05804221919377, 29.181182016456255, 65.36558126579773, 21.347048602152473, 50.19774951232642, 53.839997948422116, 29.200626428223085, 40.53417871542492, 21.55475763478863, 40.64260562088666, 56.54980076528126, 55.5457684484117, 36.74363332946628, 66.17136417396925, 35.43483009892455, 44.800964982726434, 17.869298301413195, 55.32446476702756, 77.70689702717392, 29.729428006495063, 52.303845710320765, 43.796635824883346, 57.62317475903871, 39.85344976201963, 39.11066673716458, 7.701807439014756, 25.38215666759407, 39.80932829687371, 21.62237004823542, 24.280271516046092, 52.76661666668611, 54.015166465882615, 76.08986353154974, 39.31744614331271, 42.5724850556331, 15.013491699014327, 31.27253075511248, 29.644330056524417, 51.95723003551099, 30.959232810032262, 30.661227295124508, 39.69036862342029, 67.15701743256062, 23.359928308947605, 39.17111104375212], [34.43422401498393, 0.0, 88.32740455211852, 48.874894130652876, 10.648860476914585, 30.005322503075845, 14.868978529755283, 24.08862071461756, 15.462650298560334, 38.62942976216583, 87.57663362468524, 94.95478662238597, 72.55068836650942, 17.584170966007253, 30.711908331431978, 48.37109519246282, 46.49552394769, 76.60310536433606, 82.60993814477185, 68.91316833973137, 59.604221246414916, 23.16716328533965, 40.60549551209477, 94.23786625813986, 49.09936095061119, 59.70453339872432, 26.14928837745374, 73.81039048418927, 74.06051374717423, 37.336516337198354, 83.07686586297801, 94.23482282741377, 45.65488213702967, 58.54498151303682, 38.991309428857974, 49.980392643124276, 63.38844883344896, 96.70702008890734, 46.19296683810531, 83.49951631231423, 69.34653445053047, 43.40084918271219, 66.39290311182558, 50.74465504873301, 22.13466409571896, 74.80248154435394, 22.005716289704782, 33.503610513849424, 90.51082338268486, 69.83479702530173, 75.120254335166, 24.870330856500644, 87.53432447029309, 82.62808726840566, 63.51619202743963, 42.03555023238484, 20.81344760939879, 84.4632637707178, 12.390949543148292, 21.250198528711202, 26.83422033782604, 49.284295137271904, 48.67820966607054, 56.05009693246728, 18.024923052276026, 64.99608355104549, 19.853090300739808, 76.78591774715683, 13.419748581391396, 13.371109320108662, 41.52324041973097, 20.382460390719473, 28.10183978912917, 84.07587925725296, 56.04047112205664, 20.591461813672282, 59.20508208926328, 95.01566009341538, 12.468338969770645, 73.30043117928408], [64.5696891398627, 88.32740455211852, 0.0, 91.95219966170988, 78.0941959676181, 77.83208112349732, 79.31807244512508, 82.2043481503511, 79.24443246140252, 50.979203643796794, 46.76836797902918, 11.03362137886775, 99.47266000777384, 71.4307641121383, 65.31027116682068, 68.10684361180297, 59.7962374827423, 47.794435235783624, 18.27973250678611, 63.10311992943986, 78.44333811758307, 72.09023975123968, 83.31886364010708, 18.86618496194715, 64.64413927803527, 89.61936620940318, 92.61794759843777, 98.93493480612644, 55.67019064133854, 52.6792658550844, 9.704491357163215, 31.357644098882794, 63.022882944681356, 37.421363851571385, 57.129063246395276, 65.54829433932463, 49.456849867486554, 29.790257271166457, 44.13554023247272, 39.332181963825, 25.033204091509013, 45.1900483277665, 24.05452693210307, 74.14882564118071, 76.52897178169772, 17.93292219719167, 109.58979068580109, 60.75328288479634, 2.6332741382699485, 51.698675751045585, 26.689338920745804, 82.09578885094906, 32.597693837685526, 47.54536422522916, 62.671121455330926, 67.88027744518655, 81.53506475108647, 11.055460602153197, 84.75426246953405, 75.82432958460241, 68.20126728135358, 82.26078672374544, 43.83015248593214, 56.33856816753212, 86.9381653887434, 31.859010738813655, 102.33186632137664, 55.16724770921744, 83.23634142749397, 87.35440597989866, 74.93066751741868, 70.58026133545623, 94.12852957251008, 32.0331788531561, 33.88547938012384, 93.92843644414462, 95.36761259059477, 14.80664139204731, 82.74751571888855, 61.09838326865613], [32.0301824104686, 48.874894130652876, 91.95219966170988, 0.0, 50.64945622925069, 22.469439299237145, 36.696387798311235, 70.14480370036341, 59.697438745858314, 62.06624150254669, 65.44350652441877, 93.13182902010367, 23.844930015076976, 44.09421193443729, 67.02939477325619, 87.52125625826328, 81.47905506725752, 104.66678159715434, 96.03776596669063, 38.69752918223247, 20.01201621956519, 63.22933606471758, 10.765906059462896, 87.69454302266223, 86.6376676935194, 12.601075364640469, 24.070893675248314, 25.251735743378916, 47.86685829284262, 62.34494446157119, 83.11886894566804, 80.75196919621636, 82.38756851527579, 80.42055521758314, 70.7942436613467, 87.91245794529907, 45.210543631869086, 84.27422804961964, 52.24192645201684, 65.96097862540005, 85.10102100586532, 61.23072346915842, 68.44876188535241, 18.568497493188236, 65.31680297922532, 86.97677997487683, 62.38418426880381, 66.54128453822125, 93.06101235221851, 47.34236075919305, 67.7393948459815, 24.900550453500927, 73.46282756200361, 109.73664578925958, 35.057956440164624, 81.23479380516092, 66.65780969929453, 83.10957582211714, 59.72183595703449, 63.85820156599783, 34.56580921255532, 10.140514963653512, 71.80039821886106, 36.59404907731351, 30.85745553798601, 84.57133173604605, 66.95064818239936, 107.93813461892525, 60.02355514951063, 61.6026816936278, 17.728252606240723, 57.45143309187848, 22.834267440970425, 70.7282713240274, 60.479165337315834, 30.563304367653103, 10.346339619028067, 90.88967931059551, 37.276826430776325, 43.68386423730335], [29.234505125723338, 10.648860476914585, 78.0941959676181, 50.64945622925069, 0.0, 29.154023811179353, 13.959280048167678, 19.524894373233106, 9.05529480419118, 28.014911118696496, 80.53133752075021, 85.06916001799262, 73.46646700319123, 9.829104135682774, 20.95633538865813, 40.0943984376159, 37.009338342282405, 66.53330308257921, 71.98271879304004, 64.31242997673, 57.859210075954614, 14.21828252204993, 40.9990132462963, 84.82682654803571, 40.32821332363914, 60.029975571903584, 30.867230751949954, 74.51582447894006, 68.3360913669561, 26.695393270629843, 73.20017093626657, 85.6725032898241, 36.569532395937806, 47.91458244902999, 28.73478954823034, 41.346965804401535, 56.85381817898313, 87.95307158719079, 37.00942939850532, 75.83235010084714, 58.71614760280874, 32.99036539435345, 56.6986825816254, 48.54179906524969, 14.964648107643775, 64.24009514090912, 31.56233526136145, 23.23763732666054, 80.32924310192503, 63.65364489933267, 66.2685365162687, 25.760236642356862, 79.21973221295958, 72.51131735613586, 58.96335987291808, 33.60953330201847, 16.05777090597302, 74.69257219618316, 10.622445759331821, 13.6299037769377, 21.650473654532103, 48.88337846318256, 38.032879026565006, 50.42872607118885, 21.688153911975334, 54.350946786340664, 26.245267142713413, 67.12613114365939, 10.21025187645732, 13.349872476846565, 39.70954783843156, 10.13128432771812, 33.01271165145686, 75.7572732137696, 46.46560205408047, 26.8217131828206, 60.67692605160102, 85.34296160083981, 14.117106469469743, 68.3016380071355], [13.278074693236693, 30.005322503075845, 77.83208112349732, 22.469439299237145, 29.154023811179353, 0.0, 15.698639011651194, 48.613563512808454, 38.15375113619269, 40.58044930533889, 63.12042262584417, 81.3150798747054, 44.39060852368051, 21.726833806237078, 44.56009203879445, 65.05527538744946, 59.15864878249525, 83.6200459859387, 78.55920622576393, 40.63591321789061, 29.599860833362325, 40.95074114051626, 12.060922449804332, 77.82334783716706, 64.21183950840255, 30.88489161342821, 15.492900401972705, 45.39303535100297, 47.35048692696851, 40.62839996720955, 70.10803468810282, 74.09111830719432, 59.974049572971616, 60.080100714968374, 48.568519932016905, 65.4768499154314, 39.069062918237975, 77.19410837317992, 34.480965114324896, 60.89925401427215, 66.53173546201948, 40.819401506663056, 53.786288718983464, 20.8429589186089, 43.340383123440844, 69.58477154073985, 48.415461913061314, 44.15751084577094, 79.4091750903897, 44.23763178687233, 57.31139101751726, 6.23829130514662, 66.81318314837222, 88.9594576636919, 35.36920660143792, 58.76564473874855, 45.17829122990396, 70.69751021173911, 39.065088093777014, 41.84490748354843, 12.596415214006004, 19.76296221666742, 50.85032309588369, 30.300340798397126, 14.369063493025934, 64.93647412763174, 49.65650056176536, 86.38647549652545, 39.07852084593969, 41.32326642247653, 11.604656279003423, 35.107788572981086, 16.617133620493764, 63.55662861737481, 44.228704517215036, 19.209589795764757, 31.954429562935413, 80.01679099312392, 17.53735637721648, 45.43384108417564], [20.052496074852254, 14.868978529755283, 79.31807244512508, 36.696387798311235, 13.959280048167678, 15.698639011651194, 0.0, 33.45110250161409, 23.00149152234729, 33.727666890995096, 73.57217505279, 84.73758695142249, 59.67314731064641, 9.928213636653869, 32.476174125185125, 52.704203221030276, 48.24584903948025, 75.83921140873713, 76.37477763887526, 54.079550211557084, 45.140599748209105, 27.226126432470537, 27.218191923346026, 82.93561880221822, 52.450917290869754, 46.35760920521012, 18.17964968146598, 60.774913072385424, 59.468019637913166, 33.071125539610264, 72.97196297967676, 81.59741343429431, 48.40787510303943, 54.454376088371504, 38.52295113218952, 53.596234075848585, 49.22972906337767, 84.30553465122702, 35.45656694009592, 69.9928871682198, 63.4180035216429, 36.50896734818449, 56.10168442525267, 36.09345417576182, 28.777119305381852, 67.87671143376424, 35.49331760287975, 33.35890139770564, 81.2770190307142, 55.445162928127836, 63.070105918431175, 11.801278690822464, 74.64831404226204, 81.59165822184093, 48.6850247182382, 46.228036021756346, 29.96730597644395, 74.06227058267785, 23.4146416146179, 27.365060668420703, 12.853050369391719, 35.41924977504544, 44.521233645598144, 41.51552682992441, 9.290074703851674, 60.29573780299419, 34.72128978057076, 77.44444934598955, 23.51819426334604, 25.62772587077821, 26.938838261584596, 21.85101151840479, 20.32527316600482, 71.22311345657151, 45.73950593918207, 16.033896046674677, 46.76378348325495, 84.26308445088641, 3.541767354332058, 58.519697419291326], [46.90765337094312, 24.08862071461756, 82.2043481503511, 70.14480370036341, 19.524894373233106, 48.613563512808454, 33.45110250161409, 0.0, 10.473367195312694, 32.28962993005084, 94.1580943231826, 90.91347756490174, 92.972969135335, 27.76920521730097, 16.899333605521402, 26.444809836939474, 27.849681225409725, 58.47536479404234, 71.92314351016448, 81.34468562733623, 76.80604630423413, 11.346204176610437, 60.513321450121694, 92.63581997233291, 28.145924219584696, 79.49786972253393, 49.37455562828, 94.00323841551548, 84.10571033860973, 30.419887048918895, 79.45526686656956, 96.03244630108505, 25.820681922234062, 46.61950998371934, 25.372137744901345, 28.65909523743306, 71.87863677830553, 97.74966125977454, 47.99317029404712, 88.43750109007772, 59.170284436989334, 38.938365096596556, 64.48098696069134, 67.40192899972972, 6.746102758015967, 65.8265445052324, 34.22032842527364, 21.473044904316392, 84.70214613828574, 78.95866724155375, 76.42296186363433, 45.244489428699666, 90.34814034313601, 64.54602397462854, 76.14204413937271, 20.92809382088737, 3.49591723302199, 81.37767724612611, 11.710119618102118, 8.134020886604924, 39.84114985266707, 68.27883153097494, 38.46617246992256, 66.78530006493409, 40.44408767521559, 53.27534778303071, 23.210825390823338, 57.01700923765768, 10.740382595158719, 11.567275937051518, 58.83401332829453, 16.144715147363854, 51.45346445067603, 86.9680551752596, 55.362255914063915, 44.39471403531104, 80.19921587655531, 92.12743643605192, 33.16166831570442, 84.87628662922218], [37.119608202093886, 15.462650298560334, 79.24443246140252, 59.697438745858314, 9.05529480419118, 38.15375113619269, 23.00149152234729, 10.473367195312694, 0.0, 28.26569290075124, 86.4321261665106, 87.10319899449726, 82.50203820788673, 17.66859007123268, 16.343859390603534, 32.90845563884179, 31.448556261863974, 61.99461049821652, 71.1020256992381, 71.95935932263968, 66.55699142771351, 8.380132556012054, 50.040449015294286, 87.8206600385288, 33.68976730083468, 69.038470314341, 39.38723672143095, 83.53789490621853, 75.31708153723181, 26.578858821321056, 75.35794025446444, 89.93650019334008, 30.366900273217134, 46.11528592733587, 25.23986859088311, 34.54242348492363, 63.39467883293033, 91.94546504104335, 41.16746539505287, 81.1915442414761, 57.925911238340554, 34.34183878880828, 59.4665334978858, 57.1823099881591, 6.692754349114883, 64.05610428542403, 31.53400929448566, 20.024409874313235, 81.62164062477787, 70.37261853149631, 70.32429296201192, 34.80162725194138, 83.8420918485968, 68.06786492228817, 66.67776711952912, 26.58460051404148, 7.024803717839135, 77.07244771857903, 5.603925224415813, 5.812234064736556, 29.80911956786672, 57.84417097026591, 36.78258037007326, 57.664471058865765, 30.31653669025777, 52.77658284165054, 23.08786350147423, 61.71856962370667, 4.010717179678816, 8.112136522319624, 48.49953462680712, 8.828491418168745, 41.50269189088986, 80.4050775376294, 49.67220811993109, 34.79418713127845, 69.73219915405609, 87.83680954411139, 22.887559003613834, 75.71133755833415], [30.410849301577766, 38.62942976216583, 50.979203643796794, 62.06624150254669, 28.014911118696496, 40.58044930533889, 33.727666890995096, 32.28962993005084, 28.26569290075124, 0.0, 64.28910809270049, 59.00161839288942, 80.28947294328037, 23.99906524634249, 15.948326638297997, 30.29120302232435, 21.821321848267687, 43.08173203101568, 43.98336219496296, 57.414764785832865, 59.90048147143904, 21.425034473327546, 51.31708181825691, 60.35722862806221, 28.04892131315352, 66.87926033236656, 51.05492967616562, 80.739285590099, 57.451555080332916, 1.8858608735655225, 47.367493339202255, 64.07231503574242, 23.976460561026133, 20.737882762747518, 11.648940624624379, 29.436425668662913, 44.795652172458134, 65.6256526088384, 18.44026315457294, 57.8067963889602, 30.72587345561154, 6.731117836373394, 32.20751892766943, 51.09187952307123, 26.04705382185381, 36.2717300771705, 58.990991856897864, 11.631372487359103, 53.357893956308516, 51.832149604108906, 44.59364005889566, 41.63210601665833, 58.75210948488681, 48.54453924999334, 52.97999720056491, 25.7477411326884, 31.045242357432507, 49.20657508761248, 33.781365043593134, 25.15366376219698, 27.98664790091771, 55.775677433911916, 10.797602970981243, 42.65798920370298, 42.87663213860173, 26.77124545318173, 51.352711883287334, 45.893850196050316, 32.257464450384916, 36.37661251542464, 45.42402612677653, 19.638183846010712, 53.0733239070655, 55.460610233146355, 23.50581373749011, 49.759443854394696, 70.09628021685792, 59.97787357223409, 36.50213618492608, 59.69887946689375], [53.53843053389773, 87.57663362468524, 46.76836797902918, 65.44350652441877, 80.53133752075021, 63.12042262584417, 73.57217505279, 94.1580943231826, 86.4321261665106, 64.28910809270049, 0.0, 40.636268402025244, 62.6354533758525, 70.88436964314134, 79.71662743260889, 92.98714653256684, 83.76717934241549, 86.9572519159202, 61.85564742936028, 27.00008702927569, 46.27928765482915, 82.85493112396564, 61.38110785234546, 31.580484283422624, 90.05728651112372, 57.534509090377114, 78.00750530649368, 61.49814314635405, 17.600139794750145, 66.06434969949885, 37.734695939409384, 19.235396723967646, 86.63499194570969, 66.06540392240981, 75.4834565362019, 91.36253565812825, 24.377165216296586, 22.807467318357265, 46.418500141460015, 7.934441392426861, 59.72579299887689, 57.90165842574595, 37.52995833843548, 47.63736513149559, 87.41500543374363, 55.70838042982668, 109.04677044421653, 75.77398885597643, 46.01582842528511, 18.99152208012041, 23.921818936155784, 69.24240629364998, 14.464133436558095, 88.91634121041122, 30.43128691339991, 89.56064947688418, 91.85488316580606, 35.83832033284701, 90.59191808820728, 86.08601763033333, 60.8580403324647, 55.59120040700758, 65.17480814803532, 32.8236941523492, 76.93154306299037, 64.6000817048584, 106.57157066674382, 93.6032416791349, 89.62189065117128, 93.4766208266856, 53.94742144305254, 78.31529627092284, 78.54309341010506, 14.785682319635914, 41.69508410321118, 82.32994909355749, 64.0061783350712, 36.46080497775169, 76.89785912400998, 22.38183038245361], [68.28162112232826, 94.95478662238597, 11.03362137886775, 93.13182902010367, 85.06916001799262, 81.3150798747054, 84.73758695142249, 90.91347756490174, 87.10319899449726, 59.00161839288942, 40.636268402025244, 0.0, 97.99486193633278, 77.62946812815183, 74.04685143010096, 78.38314522659512, 69.83450274864099, 58.8047279295943, 29.205595698382023, 60.844615136284396, 77.82545765964643, 80.39249045159231, 85.35761693953624, 9.514122124358314, 74.93612190361664, 89.31849013181963, 96.54819598615312, 97.26300445985066, 52.45215686990548, 60.79616769912345, 11.878287210765494, 22.92388897496993, 73.07168920229796, 47.53329980740862, 66.28003365629255, 75.89746028359288, 48.68766928105958, 20.56153181640137, 49.29956266432008, 34.0574565354637, 35.56298618604264, 52.76189349426802, 28.679412827928697, 74.78739204518192, 84.95441932133079, 28.598617701055787, 116.62255459673729, 69.46234290679703, 8.636208020208695, 49.398172632821996, 25.462494475791146, 86.12097424308749, 26.19269872553227, 58.400381188494485, 61.36067858675486, 77.75879415892628, 89.96965411106171, 10.702864904414968, 92.49729033563106, 84.13025770421855, 72.882762905045, 83.14280653213804, 52.99722088887693, 56.653593292863334, 91.70091319929077, 42.366612790606546, 110.0995107151459, 66.18285499073292, 91.04302846079449, 95.19767198648172, 76.89913812050018, 78.31356243656859, 97.88243059251357, 26.735368591402356, 39.0845226925578, 98.5286455723287, 95.38039356938457, 4.555559326329694, 88.24573281160431, 58.04984592022453], [50.151435234928165, 72.55068836650942, 99.47266000777384, 23.844930015076976, 73.46646700319123, 44.39060852368051, 59.67314731064641, 92.972969135335, 82.50203820788673, 80.28947294328037, 62.6354533758525, 97.99486193633278, 0.0, 65.92560232926664, 87.93532005303652, 108.1102096238952, 101.17579929354356, 120.99201038873046, 107.38922774775102, 37.274379898718735, 21.755009092961224, 85.14457173446459, 32.47106593549387, 90.76168663154951, 106.80572074790396, 13.685582460840513, 47.8598933812331, 1.8613889037193698, 46.320389098474, 80.95832714915973, 89.91835564629703, 80.9072206391253, 102.519783371303, 96.20273023552944, 90.3395718883823, 108.14114471539882, 50.01881570195985, 84.59148872722108, 66.67521984442736, 65.96905953408279, 98.2832131951334, 77.93611458960446, 78.14850275871842, 29.362317857914604, 87.7135930146605, 98.59860696650875, 85.97839409094692, 86.73449716692708, 99.98933850331787, 48.623302908356, 73.09652488818124, 48.062596828789694, 74.28055836780534, 125.48541564330164, 36.82745533646524, 102.07849741675436, 89.52058476888091, 89.25318362781844, 83.00844605882692, 86.21050366185736, 54.94500682300295, 25.134790456175963, 88.80745346004211, 44.06137310416079, 54.58532914452802, 99.19737604244006, 90.79555362591634, 125.20495676039144, 83.18520761727109, 85.03218086854653, 35.41710251511351, 79.23918970830192, 46.506306966011806, 72.3796145884244, 72.56286324471868, 54.34267346435952, 13.562596722701585, 94.84306520787166, 60.65851635354255, 40.810776837245434], [19.542700562951243, 17.584170966007253, 71.4307641121383, 44.09421193443729, 9.829104135682774, 21.726833806237078, 9.928213636653869, 27.76920521730097, 17.66859007123268, 23.99906524634249, 70.88436964314134, 77.62946812815183, 65.92560232926664, 0.0, 23.24580978518466, 43.724372163857545, 38.667372691034636, 65.9116890238212, 67.26150535919906, 54.56716705917632, 49.04493040937938, 19.239890781026787, 33.783948742141995, 76.686184354013, 43.189407884026124, 52.29784963669082, 27.964243242341528, 66.83453302795515, 58.507501884164576, 23.23816072048294, 65.7637611917532, 76.73358650413934, 39.05024558622084, 44.73261145825931, 28.70157214979723, 44.39070314800105, 47.07829464300258, 79.16027176790712, 28.63812644034244, 66.38919075588856, 54.16034402479647, 27.367581173890215, 48.98765385723778, 39.63472679393897, 21.93711035135575, 58.97505560403484, 39.5822615227409, 23.65631933314975, 73.52440005505507, 53.844796096884835, 57.54947633265196, 20.064097061689115, 70.11148338684721, 71.66462280305464, 49.23688130868139, 37.32850584801764, 24.510180958596173, 67.07065880989256, 20.380824325486614, 20.40954443625388, 12.140549802492224, 40.92056931803444, 34.75865507620037, 40.60342330257985, 19.216407534909347, 50.71271709839072, 35.69868138435824, 67.57910421866004, 19.78338633835143, 23.158250069993617, 31.17294746760407, 13.380959906241358, 30.08519338203423, 66.64881153172709, 38.59774747721119, 25.893852329773807, 53.67906675817663, 77.5552749552721, 12.504731834342783, 58.502841019642496], [38.393980583500806, 30.711908331431978, 65.31027116682068, 67.02939477325619, 20.95633538865813, 44.56009203879445, 32.476174125185125, 16.899333605521402, 16.343859390603534, 15.948326638297997, 79.71662743260889, 74.04685143010096, 87.93532005303652, 23.24580978518466, 0.0, 20.513449193891375, 16.072672902234366, 45.911892789969485, 55.54946281841609, 70.20419611245819, 69.27248323382486, 7.9696017890979105, 56.481472814854996, 75.99401940644627, 19.986575731373357, 74.25191502986034, 50.59218532822231, 88.67607423116529, 71.51063084112536, 14.066722608919905, 62.648604178471295, 80.01924227291336, 15.938306562597706, 30.294517417419907, 9.020872732042005, 21.16073708746983, 58.92256107122371, 81.54575783076433, 33.338023072730984, 73.47752647214374, 42.58298318393934, 22.678680741066426, 48.04331244015778, 59.94072834437215, 11.573590559565107, 49.094737666127784, 47.72570918227492, 4.584713772942376, 67.80439396088138, 66.05439400180892, 60.53604338941337, 43.30821684499161, 74.67130102142463, 51.95453111096513, 65.33427757986574, 14.215236510707797, 16.437970359312246, 64.6134148256095, 21.756171296494706, 11.282539165118093, 33.001207311767416, 62.80639579825893, 21.6463241314394, 55.3036701941298, 41.46737434007799, 36.99049584770247, 38.305487149562516, 46.1919188939049, 20.10619583385001, 23.735113623567063, 52.553112662655856, 10.948895911023234, 52.74930920722939, 71.36201189757264, 39.43560128639958, 47.35468523958349, 76.28039176392043, 75.34012529112451, 33.95875502659011, 73.10239780756147], [58.15377854946684, 48.37109519246282, 68.10684361180297, 87.52125625826328, 40.0943984376159, 65.05527538744946, 52.704203221030276, 26.444809836939474, 32.90845563884179, 30.29120302232435, 92.98714653256684, 78.38314522659512, 108.1102096238952, 43.724372163857545, 20.513449193891375, 0.0, 9.25180076528226, 33.58856680452966, 53.73496637970662, 87.69098932103648, 88.84677962764428, 25.876870290284867, 76.93737638034376, 82.61716868392821, 3.467525491162062, 94.44785524050621, 70.64790391961297, 108.78253057718265, 87.58381862095648, 28.931051681378513, 68.36903192974795, 89.46451803436896, 6.40269951469067, 30.865840003595718, 18.718588068166, 2.853930934252293, 74.95533957947562, 90.23544363858052, 48.53901592624789, 85.9218052142353, 43.10167956603647, 35.71016335648971, 57.25414606675949, 79.65491025520181, 26.251841973926478, 50.237776014904476, 60.58072417216324, 21.410513237326708, 70.73918996016545, 81.92165757866994, 71.12830640820546, 63.767496431003195, 85.33717524701255, 39.467522537359656, 83.18486232859563, 6.496849241192023, 28.700864770898274, 70.69472165408567, 36.91755511006798, 27.138511184147465, 53.30614100235631, 83.02734062166496, 27.9946311869467, 72.89018477669572, 61.45578286057583, 36.30059640220978, 49.17975251851236, 31.00023021866216, 35.4762168393206, 37.6366233749826, 72.6934785323365, 30.85845851659712, 72.80819025810094, 82.3364227475626, 51.29206338705752, 66.91474781233102, 96.68280596360307, 80.75282584745044, 53.858803468565, 89.97495285973817], [51.02619353952897, 46.49552394769, 59.7962374827423, 81.47905506725752, 37.009338342282405, 59.15864878249525, 48.24584903948025, 27.849681225409725, 31.448556261863974, 21.821321848267687, 83.76717934241549, 69.83450274864099, 101.17579929354356, 38.667372691034636, 16.072672902234366, 9.25180076528226, 0.0, 30.79841632361484, 46.462154906424175, 79.14721122409989, 81.33038985124311, 23.334242244082038, 70.76281889088459, 73.72340112633404, 6.369991792067612, 87.59114535620384, 66.4210279237047, 101.74665698542914, 78.69127670234285, 20.68370674238843, 59.53798951149157, 80.29834775385368, 3.237448295411632, 22.37513605589948, 10.836609818376449, 7.735725534268305, 66.10052420995467, 81.13046693452065, 39.72441758196431, 76.67762822479487, 34.98337819244666, 26.774238949478296, 48.03645981463398, 72.30506010500046, 25.34820265102413, 42.099829368998485, 61.6566453875612, 15.069506029390709, 62.419126476103834, 73.00849866935776, 61.88536411479942, 58.61386637886143, 76.10352870250978, 36.888619762649306, 74.78180867901631, 8.334174761659009, 29.118034021913548, 61.82484626375887, 36.353235132421936, 25.745474062425654, 46.93686099383449, 76.26118652814652, 18.744771651224656, 64.45040534456274, 57.36509815197698, 28.315417444571494, 51.03705586960299, 30.29944043362749, 34.75466369501609, 37.7419871461757, 65.86440859014068, 27.01673257694755, 68.56994186638889, 73.09235602584278, 42.07534449788296, 63.38396301563978, 90.24420260988869, 72.03035766842835, 49.9235026364583, 81.25082083074969], [72.65356330198384, 76.60310536433606, 47.794435235783624, 104.66678159715434, 66.53330308257921, 83.6200459859387, 75.83921140873713, 58.47536479404234, 61.99461049821652, 43.08173203101568, 86.9572519159202, 58.8047279295943, 120.99201038873046, 65.9116890238212, 45.911892789969485, 33.58856680452966, 30.79841632361484, 0.0, 29.676964249014365, 91.75019150066879, 99.58435227095514, 53.693230351988404, 94.00271101274132, 66.035808077453, 30.909379854028995, 108.11868819340461, 93.72427227234158, 121.17250445916154, 88.1316782154279, 43.2382560498112, 52.5777345542846, 76.74335466233234, 32.658816892872856, 24.80459788592572, 37.83512936084978, 30.836187031772504, 76.9260296480016, 76.14559130642726, 54.370201689155174, 79.05291174759256, 27.231472630168284, 43.49681827963016, 49.96508622063487, 91.69693786076233, 56.09916786751125, 32.05560749306184, 92.44829266376122, 43.31403037121777, 50.18274315486066, 82.62261498209848, 63.03624118985269, 84.63512871308032, 75.24474081557256, 6.090568908912723, 88.67259299619903, 37.750371915641736, 59.90490991427966, 55.047549013289284, 67.06835062174676, 56.40502463527779, 71.04188235823632, 97.53782530316957, 32.87708475297462, 78.85320433746125, 85.12809085886644, 23.082064843698284, 81.68291056634138, 7.389103403317735, 65.45165896642366, 68.53201304007938, 87.44716750392615, 56.40960051851771, 95.79883893290932, 73.18478735033268, 50.38506011018095, 91.70336034173907, 112.03061015633018, 62.50865233924597, 78.1362643177384, 92.22499827528193], [65.56760684040381, 82.60993814477185, 18.27973250678611, 96.03776596669063, 71.98271879304004, 78.55920622576393, 76.37477763887526, 71.92314351016448, 71.1020256992381, 43.98336219496296, 61.85564742936028, 29.205595698382023, 107.38922774775102, 67.26150535919906, 55.54946281841609, 53.73496637970662, 46.462154906424175, 29.676964249014365, 0.0, 73.2139070038815, 85.70053927422268, 63.14776134224043, 86.2928880280303, 36.96130023246977, 50.30146350293179, 96.05679834937911, 92.0131012614857, 107.14082365506091, 67.30916472378262, 45.29876880078503, 24.675926044891717, 48.712520717368534, 49.544112145404966, 25.309694651639326, 46.64538658638716, 50.98427479328826, 58.43795383560287, 47.58841993689075, 44.24628546513551, 54.00178824375313, 13.269497610944338, 39.91491411361403, 29.39897325006393, 79.70585293479569, 67.1223768544536, 9.065317226803808, 102.51165796241901, 51.290084178478565, 20.5693962859437, 62.459268635237116, 38.89009335302724, 81.67824483577023, 48.587794201119685, 29.273382396089858, 71.55665483736223, 54.79425330422771, 71.94983849954372, 26.977180392541683, 76.7038249104211, 66.7347697294121, 67.20874955414935, 87.1277359318911, 34.330272991104586, 63.3290566950489, 84.97767298432431, 18.65049414879613, 93.8006034529892, 37.06592991655353, 75.08581360114763, 79.00045344134145, 78.35554518394702, 63.066933407218265, 93.79621792838523, 47.21844791225628, 35.59564880549803, 92.05253884444274, 101.17700955495937, 33.08420703591386, 79.51669627218273, 72.28519944871312], [35.08494605092976, 68.91316833973137, 63.10311992943986, 38.69752918223247, 64.31242997673, 40.63591321789061, 54.079550211557084, 81.34468562733623, 71.95935932263968, 57.414764785832865, 27.00008702927569, 60.844615136284396, 37.274379898718735, 54.56716705917632, 70.20419611245819, 87.69098932103648, 79.14721122409989, 91.75019150066879, 73.2139070038815, 0.0, 19.27921256429682, 70.8118725778856, 35.998534870315694, 53.48735704677228, 85.43830609981731, 30.610326068716702, 54.07472311508542, 36.457103725540826, 9.494088031192007, 58.7674743116208, 53.42233467649412, 44.030337096621366, 81.3912241345407, 67.5450288907863, 68.98344819810501, 86.82452791584717, 14.985393061541473, 47.697975165499514, 39.63667887079035, 28.967121924080004, 66.21925667400697, 52.62586193828563, 43.96989773760034, 21.841086412957022, 74.8154458795042, 64.97733457117788, 88.86225362929962, 67.30328098995851, 63.37173818219337, 11.481041008380725, 36.43216859646262, 46.85054768632948, 37.169511017323494, 95.28829076449078, 5.397705777339704, 82.78819176813877, 78.41457937385356, 52.518801294777326, 74.92516162963733, 73.3180253532797, 42.74073494364141, 29.13812558434859, 62.70483572520472, 14.907724671796563, 55.0040509675183, 68.77360948236729, 88.72334480734847, 97.19526878276025, 74.34730899082295, 77.65562467014932, 29.76889018462869, 65.29258217860449, 54.21353869510472, 35.13255532962588, 41.366580084743525, 59.263291727700064, 37.07185860994618, 57.59661587368545, 56.92599269600815, 5.0878866036208334], [30.882021131093428, 59.604221246414916, 78.44333811758307, 20.01201621956519, 57.859210075954614, 29.599860833362325, 45.140599748209105, 76.80604630423413, 66.55699142771351, 59.90048147143904, 46.27928765482915, 77.82545765964643, 21.755009092961224, 49.04493040937938, 69.27248323382486, 88.84677962764428, 81.33038985124311, 99.58435227095514, 85.70053927422268, 19.27921256429682, 0.0, 67.6855011582395, 20.54985213399727, 71.29142962605961, 87.22570110851741, 11.610886797381529, 39.464769647280384, 21.69938536002939, 28.73120468456111, 60.76298023818099, 69.03108436771414, 62.851876979865125, 82.96417301956025, 74.78001068288272, 70.54476349702323, 88.59156304138307, 29.19016280024495, 66.48082017762552, 45.21448896962074, 47.80245374767377, 76.53640424021584, 56.941935793492085, 56.55307178095859, 9.432027291440935, 70.89485217615739, 76.87605270804858, 77.02394847786424, 67.47457089107078, 79.1299401821703, 29.329896788643495, 52.51022848317256, 35.06068044405285, 55.76958451159775, 103.94813029222165, 16.753242756728074, 83.1145974529234, 73.50450854216001, 68.56367132939728, 68.19588450367826, 69.35852318197614, 37.10401845611063, 11.848540028636748, 67.78710217739, 22.428214109251527, 43.009555728282386, 77.56207761059942, 79.1900904371084, 104.03490179694833, 68.02678002355495, 70.6082253111526, 18.22375347399657, 61.77785123412885, 39.031547431067, 53.394635835873984, 50.81074807470731, 45.49963265434958, 17.966225325047727, 75.0168248324032, 47.136934898440124, 24.062648608314753], [37.102576042239384, 23.16716328533965, 72.09023975123968, 63.22933606471758, 14.21828252204993, 40.95074114051626, 27.226126432470537, 11.346204176610437, 8.380132556012054, 21.425034473327546, 82.85493112396564, 80.39249045159231, 85.14457173446459, 19.239890781026787, 7.9696017890979105, 25.876870290284867, 23.334242244082038, 53.693230351988404, 63.14776134224043, 70.8118725778856, 67.6855011582395, 0.0, 53.011544883617944, 81.71532025703536, 26.17625500914921, 71.49880686225254, 44.89487053864235, 86.02959361826865, 73.1477270659534, 19.604067602870735, 68.78939453345698, 84.77863257701136, 22.550981050830423, 38.005450741212925, 16.922049116796234, 27.161095462573122, 60.805881569498105, 86.55443045351245, 36.64765451774323, 77.09429337981004, 50.05778533608566, 27.93170092337086, 53.44850090660764, 58.25602246715544, 4.7005269787513315, 56.379537333988715, 39.789306945409024, 11.86828859451944, 74.52860364423508, 67.91368583280509, 65.15407511464517, 38.721082676814895, 79.03344293110543, 59.757061684540226, 65.70332468025711, 19.39132590713779, 9.635728747281783, 70.6301166420434, 13.802013165422617, 3.7401973349559765, 30.621721762520718, 60.092241172981076, 28.941234804360395, 56.0895039784982, 35.69143950832193, 44.6916842420115, 30.667546763583314, 53.63208736307512, 12.152545943737639, 15.886574817875598, 50.16608553714134, 5.93008088377865, 47.05170886184222, 75.64625561832639, 44.136787417374364, 41.03788712976055, 72.90461675535154, 81.40228548701448, 28.080407333662173, 74.15188614843191], [21.464110314486945, 40.60549551209477, 83.31886364010708, 10.765906059462896, 40.9990132462963, 12.060922449804332, 27.218191923346026, 60.513321450121694, 50.040449015294286, 51.31708181825691, 61.38110785234546, 85.35761693953624, 32.47106593549387, 33.783948742141995, 56.481472814854996, 76.93737638034376, 70.76281889088459, 94.00271101274132, 86.2928880280303, 35.998534870315694, 20.54985213399727, 53.011544883617944, 0.0, 80.6450168646312, 75.98191383627018, 19.17913101548379, 18.930133236350873, 33.55672646517354, 44.27815493533273, 51.581835205202445, 74.83559455470224, 74.96509159419666, 71.72205570156146, 69.87206115365669, 60.05575283782058, 77.26699520100254, 39.00852238937716, 78.3420435307824, 42.18263847499517, 60.68376500394929, 75.00286729026101, 50.6295570292811, 59.472368359802104, 14.161099297733703, 55.362191508215, 77.22977369601716, 56.675919646471606, 55.862426773472926, 84.6019126112082, 42.53361570065513, 60.28423471495084, 15.774990949975367, 67.604100135437, 99.12671812725092, 31.3621661664669, 70.69650984656165, 57.055533701455474, 75.04712571795265, 50.600412646269405, 53.87381241829405, 23.82942592841254, 8.984124440263663, 61.12661017675719, 29.961830491907197, 23.085878930233903, 74.19152342287296, 59.64964003555111, 97.19991204328532, 50.736370251522935, 52.7017484719223, 8.458660238088363, 47.16418370590294, 18.62200045329349, 64.61749093686478, 50.923141907033035, 24.966500893297898, 19.895120103127855, 83.46664979745789, 28.39816265833733, 41.07631460491805], [65.19805899159373, 94.23786625813986, 18.86618496194715, 87.69454302266223, 84.82682654803571, 77.82334783716706, 82.93561880221822, 92.63581997233291, 87.8206600385288, 60.35722862806221, 31.580484283422624, 9.514122124358314, 90.76168663154951, 76.686184354013, 75.99401940644627, 82.61716868392821, 73.72340112633404, 66.035808077453, 36.96130023246977, 53.48735704677228, 71.29142962605961, 81.71532025703536, 80.6450168646312, 0.0, 79.23085748325258, 82.88437027946189, 93.26543761016949, 89.91999313841411, 44.66014607386445, 62.21991200261721, 14.316772101779518, 13.415734158374429, 76.94275242207317, 51.912067737255725, 68.88663673725102, 80.29549480194328, 42.583829536661206, 11.14127702006273, 48.048874468867496, 25.52899535564819, 40.989090382486644, 53.78375666694769, 28.354494190023747, 69.15886788494555, 86.3759437753388, 34.53661369779987, 116.16422639221999, 71.44156009267084, 17.035518682165463, 42.23090002723413, 20.53090797319572, 83.03303682491068, 17.320917670586283, 66.2010019210478, 54.59472821657836, 81.29552641753358, 91.3510482738957, 11.930853615484306, 93.02489211132117, 85.41362523110587, 70.57197287516055, 77.58800612363756, 55.88759604928293, 51.11916502974355, 89.20588678388982, 47.56210539442297, 110.51108189218816, 73.34302990875698, 91.65868160402313, 95.81600647442583, 72.23925119268587, 78.99404347509915, 94.43572859048524, 18.49707102958039, 38.3724110343114, 95.81793093485109, 89.1073150301856, 5.015841631548916, 86.47593347128253, 50.26733373231164], [56.71128505986751, 49.09936095061119, 64.64413927803527, 86.6376676935194, 40.32821332363914, 64.21183950840255, 52.450917290869754, 28.145924219584696, 33.68976730083468, 28.0489213