instance_id,num_cities,city_coordinates,distance_matrix,best_route,total_distance
929,53,"[[11.37566377890218, 7.479997860110988], [69.41089136867927, 23.828447789440645], [23.760586749923952, 67.89167570089583], [47.70107026965999, 79.87396378453795], [70.832233527787, 87.56448741045921], [77.89937956959142, 28.70203691198723], [25.292714631506087, 12.329380412953217], [35.77855592069249, 58.313485965730415], [24.62591045010061, 42.26023119009034], [80.6607628709542, 52.28070428218792], [76.55465064721793, 90.48773511090234], [50.62341115347314, 22.64255611082129], [66.28343368445918, 49.242193219450584], [16.338760075552894, 5.83393529683407], [12.931444807499703, 77.83921778602107], [1.5345650312879933, 79.23262056471422], [76.880188323459, 7.983383278476541], [31.78711876376822, 8.640956343974437], [12.29119855103108, 19.810627468050512], [84.48083507028699, 6.461143865076268], [7.275415942583785, 2.521022226432923], [40.417962089869356, 86.92004670521659], [72.29961394202631, 51.83267233345613], [63.77497542430246, 61.505955472541864], [33.01178247478492, 15.044722825531387], [97.76516210560364, 9.37307344655336], [71.89512226539058, 74.27074199317653], [44.09740395906289, 26.012666204193003], [22.069468311669805, 87.94115665297052], [55.50493908783564, 56.873463585403336], [82.93365073752821, 62.3895683606399], [95.61328453845573, 36.64057063636057], [25.562829568583588, 52.68384080910432], [41.79595711365705, 44.128422492389554], [27.00420191364565, 35.53461288344012], [98.63747502925872, 88.65612154526184], [12.345768779887756, 3.7610096537951], [29.910376431868745, 3.195850082775109], [34.682337494096174, 36.25914526998408], [83.03801930972395, 26.43559211829588], [3.0387380940282593, 97.5738380611851], [58.41929294827695, 28.75644609797645], [80.08075654387486, 21.593295421086324], [47.99591712822115, 66.46464322925584], [67.21038303898357, 9.977830749410732], [39.41462632165128, 98.3685179613978], [85.52233892306184, 41.61437476167513], [19.414306586594034, 23.74042933670788], [26.428735369391255, 6.931579854606207], [41.69088046726458, 89.58353703722055], [53.68166187009207, 5.239308228013373], [60.75448617569707, 67.11864762248962], [42.20675030970795, 62.96463779007544]]","[[0.0, 60.29394212098777, 61.6681209097287, 80.99642868044172, 99.742714785812, 69.82678357277928, 14.737734411291777, 56.38745124465196, 37.218727373936524, 82.50774661880297, 105.53949390003957, 42.074800613720384, 68.98510098009017, 5.228943183096353, 70.37641851637184, 72.4243473532861, 65.50645870971708, 20.44444470266843, 12.36457158364866, 73.11227074168816, 6.434552949090282, 84.58236489774906, 75.35839327120341, 75.26281921939916, 22.920442753681296, 86.41023756659357, 90.1310621114964, 37.60547933971436, 81.16868564708189, 66.23524285187814, 90.19759658728967, 89.14210989128155, 47.377875538073255, 47.62878619700836, 32.114056553732595, 119.18131883495735, 3.843432969579916, 19.023393369903562, 37.032963226100605, 74.12697048920072, 90.478750942151, 51.63129182040884, 70.13968163520657, 69.42788592987755, 55.890563103219584, 95.11522752259863, 81.62649766706629, 18.138947323225757, 15.063058342088143, 87.5214459905087, 42.365294340050944, 77.42762198836974, 63.4752011798926], [60.29394212098777, 0.0, 63.44697286523603, 60.10337923368478, 63.751885933714185, 9.788069414978066, 45.592127271508694, 48.17003057613801, 48.42958966588423, 30.59559622473105, 67.04098658906274, 18.824870568218536, 25.60545739384357, 56.03975017647222, 78.14788007029142, 87.61745281604803, 17.51731904017552, 40.57349087066782, 57.26082594337482, 22.994052465167343, 65.68731757767272, 69.43442807365244, 28.15282064762613, 38.096694525145246, 37.44394413668493, 31.82644366585449, 50.50343005860515, 25.407547203934318, 79.6972381885501, 35.851758364026225, 40.86349276131885, 29.167034468181978, 52.49082043504622, 34.27351115438226, 43.99274498986886, 71.11132453456368, 60.490745485584526, 44.56450121339059, 36.88623990152168, 13.87428619688532, 99.21514660900154, 12.045762871828527, 10.901464533107989, 47.71211883056131, 14.024329905511607, 80.34922512390428, 23.99829036742572, 49.99666225979749, 46.18408687366642, 71.35916736031923, 24.350867956880847, 44.14719416282764, 47.662423968176405], [61.6681209097287, 63.44697286523603, 0.0, 26.771663730111076, 51.01724660288752, 66.83439740415116, 55.58341545380287, 15.367930947019873, 25.646047118739148, 59.00281748560806, 57.426431925134466, 52.62218314183464, 46.432700850194415, 62.49997324193287, 14.704554013791434, 24.952215770176526, 80.0668194216631, 59.79191383859465, 49.430092705012214, 86.37510519656801, 67.41723216081694, 25.289267610864027, 51.12659532876301, 40.52071968535406, 53.65058294697902, 94.34566223932296, 48.55539100914574, 46.555746912952166, 20.120675138270308, 33.60215623401964, 59.42831553110694, 78.35458982883326, 15.314252227040067, 29.832311127510824, 32.519233593415144, 77.70270657846861, 65.13862446301596, 64.98745852502958, 33.464931208361754, 72.33547453973846, 36.19980350914103, 52.276114157586065, 72.90748618731354, 24.27730751587437, 72.4009546527215, 34.26203247159637, 67.11937556433665, 44.36465605377072, 61.018458704267374, 28.14306808122462, 69.43046799715412, 37.00197517882283, 19.092842969263753], [80.99642868044172, 60.10337923368478, 26.771663730111076, 0.0, 24.37611263747724, 59.418044266232826, 71.16463409058565, 24.637381195586265, 44.12772235664128, 42.98522195285071, 30.743800063956815, 57.30596915292821, 35.82749779194495, 80.40845925132129, 34.829112048075324, 46.17095978047503, 77.58657419873644, 72.98900740220579, 69.72419511616634, 82.11085937509576, 87.27949985800714, 10.133654290709377, 37.301506364298845, 24.408075636354436, 66.47259329409077, 86.46842677998904, 24.83441657086598, 53.98171716346753, 26.87114846279064, 24.288338311660713, 39.33241423767471, 64.53453772394953, 35.062864811050446, 36.23001633526936, 48.93197725492883, 51.687944675406804, 83.92365059946604, 78.71494081869398, 45.51636845288748, 64.06527556952753, 48.04174710369706, 52.22911938587848, 66.67143607353309, 13.412561739813713, 72.56778002664471, 20.26607232554681, 53.79818319191794, 62.85789281599682, 75.98094238353954, 11.419202871042588, 74.87388921334475, 18.250746757593046, 17.77956291390013], [99.742714785812, 63.751885933714185, 51.01724660288752, 24.37611263747724, 0.0, 59.285180541694025, 87.94412491025709, 45.65502600263902, 64.71089494080859, 36.62711210145267, 6.425841175044883, 67.99451202436468, 38.5913178328607, 98.2314705055734, 58.711857436972366, 69.79675396596818, 79.81058759385225, 88.05364695989476, 89.54126597968835, 82.24376364385535, 106.16901634688666, 30.421098121565343, 35.76193246983778, 26.99725872563095, 81.78938056560814, 82.69993869074307, 13.336168853461956, 67.10721128073263, 48.76421999007492, 34.30546455419473, 27.932433614871012, 56.633433489491786, 57.14873963745965, 52.24746006806953, 68.02943626451363, 27.826662035526866, 102.19437089594983, 93.7692132456546, 62.76187628965428, 62.335568066672835, 68.52842566100766, 60.103800352732485, 66.61631444682155, 31.091811963475877, 77.67114710626247, 33.22338210815758, 48.24118623085703, 81.95921912714542, 92.05072748008779, 29.211213935633427, 84.09267052251072, 22.794590505816853, 37.74348805839254], [69.82678357277928, 9.788069414978066, 66.83439740415116, 59.418044266232826, 59.285180541694025, 0.0, 55.095599431745335, 51.48787915542911, 54.971694026181595, 23.739814504153397, 61.80033007842344, 27.940933424221537, 23.597207884437243, 65.67084546410808, 81.45732067468781, 91.56923491956628, 20.743706495744163, 50.287051516076765, 66.20793440716837, 23.194242389691635, 75.320579978875, 69.24011352224781, 23.79881656899291, 35.71548495242584, 46.919277498718856, 27.717470021923095, 45.96257160507293, 33.908793401988035, 81.4017954270909, 35.9880569815399, 34.061615658924374, 19.411407649600495, 57.56944835733423, 39.261055578103225, 51.35175949308803, 63.43942675898111, 70.13794071871398, 54.34620491551393, 43.87280037209423, 5.616261245857422, 101.72237037971274, 19.480162605415668, 7.43590015320203, 48.16878140305666, 21.5603929289337, 79.58953960391229, 14.994598295691183, 58.695155775903686, 55.88541862481545, 70.83510757203653, 33.71939334967955, 42.068793041520564, 49.47615185536018], [14.737734411291777, 45.592127271508694, 55.58341545380287, 71.16463409058565, 87.94412491025709, 55.095599431745335, 0.0, 47.164508171197554, 29.938277439752433, 68.27685584991693, 93.46932380823861, 27.349694317543854, 55.16153367851231, 11.061831197708226, 66.66588171101984, 70.99643100347052, 51.77021472826642, 7.4687185745458, 15.000282593679765, 59.478313705563906, 20.514066938589263, 76.10874199854128, 61.401617693232296, 62.44373411573133, 8.182731376911208, 72.53271947035635, 77.51462230886958, 23.256152965412685, 75.68044676803108, 53.82335786880814, 76.34461298962907, 74.4044119801836, 40.35536440107758, 35.82647191106648, 23.268261704009287, 105.85473673710683, 15.525475334144618, 10.234460259086061, 25.70600442726298, 59.44329584617727, 88.10140198357693, 36.9759202454411, 55.56572376806938, 58.7031692823906, 41.98357667635456, 87.19037550019169, 66.97177417619035, 12.83618785632281, 5.516048765610802, 78.97534145860887, 29.26092016500637, 65.26408692696447, 53.385521375845876], [56.38745124465196, 48.17003057613801, 15.367930947019873, 24.637381195586265, 45.65502600263902, 51.48787915542911, 47.164508171197554, 0.0, 19.547083922783074, 45.285836147380635, 51.94104551510464, 38.63657546413841, 31.825083180897686, 55.964353841619264, 30.05402950248915, 40.12805881679327, 64.98048493726148, 49.832637594270494, 45.10128677435434, 71.13773524430123, 62.65164003210518, 28.98032793024448, 37.09162471952265, 28.177852412382915, 43.357132042878774, 78.97786603771013, 39.484685442034916, 33.354852569795966, 32.645642181207066, 19.778874015291954, 47.3309350728977, 63.63890325606979, 11.664217482998845, 15.408606129686113, 24.410373760761395, 69.7991349904103, 59.372284653283536, 55.42913778726035, 22.081567842045597, 57.005762831204265, 51.1201615606038, 37.231996708425825, 57.541788064776625, 14.686908442893948, 57.65670230931587, 40.219728941586204, 52.471937856269555, 38.25029282165223, 52.225658635903464, 31.82407383660364, 56.01240527927904, 26.482597378363693, 7.934412164494477], [37.218727373936524, 48.42958966588423, 25.646047118739148, 44.12772235664128, 64.71089494080859, 54.971694026181595, 29.938277439752433, 19.547083922783074, 0.0, 56.923761003787284, 70.86950114747277, 32.56874603569546, 42.238572842847724, 37.35708625995107, 37.4516329932273, 43.59091429781807, 62.49329451086777, 34.37351517797421, 25.61503122991795, 69.74372125569568, 43.3617848884545, 47.36969513136256, 48.62523659664035, 43.62392911591553, 28.478180158777022, 80.19298770575446, 57.08810022687081, 25.35985858478941, 45.75240264240075, 34.16227408486568, 61.684542572282865, 71.20946471291032, 10.46563208431195, 17.27138214419136, 7.133737582243952, 87.3515330907477, 40.41029495489036, 39.42019091798049, 11.710881995464856, 60.517713631473654, 59.37677252445434, 36.391550014832404, 59.18075860754344, 33.645367798511266, 53.437727158681774, 58.02452896440204, 60.89985329447526, 19.23912356420284, 35.37462060395588, 50.30614751685657, 47.06150685586229, 43.854473562987124, 27.161708024840138], [82.50774661880297, 30.59559622473105, 59.00281748560806, 42.98522195285071, 36.62711210145267, 23.739814504153397, 68.27685584991693, 45.285836147380635, 56.923761003787284, 0.0, 38.427039468846026, 42.19789479615714, 14.694901973651225, 79.33865635861525, 72.39128495797132, 83.59043591142651, 44.45835570525542, 65.5214521239165, 75.68819732040187, 45.97852834123184, 88.66473426389497, 53.097712363207485, 8.37314421461833, 19.241493632736216, 60.47266860189811, 46.19118159460066, 23.672731438442142, 45.02098443378124, 68.59014259659827, 25.571642657924524, 10.361233141409189, 21.63773751288344, 55.09940810255419, 39.71061350486436, 56.209057196332544, 40.57503125180891, 83.7919995255808, 70.60399872170217, 48.689895803100995, 25.95421297091924, 89.87016578371178, 32.37396650765545, 30.692889566605956, 35.611462641271785, 44.38970406247853, 61.84925504784441, 11.722009518448152, 67.5697839374645, 70.69410083789572, 53.945834557520136, 54.2288192158047, 24.827895892284968, 39.91061910396087], [105.53949390003957, 67.04098658906274, 57.426431925134466, 30.743800063956815, 6.425841175044883, 61.80033007842344, 93.46932380823861, 51.94104551510464, 70.86950114747277, 38.427039468846026, 0.0, 72.63193165017015, 42.50520702002949, 103.88560680045663, 64.86830745318531, 75.85967867892187, 82.50499406743421, 93.29001610814592, 95.52510047143717, 84.39959973780466, 111.97211678341381, 36.312376133363564, 38.888548644695334, 31.674337401273057, 87.1070001284197, 83.8419592641305, 16.87311679925854, 72.18384426657165, 54.544662030122865, 39.66118514269544, 28.81316742181831, 57.12047485576946, 63.47676930418697, 57.94266685803308, 73.99386874765217, 22.158653861232047, 107.90878286388562, 98.97252906155562, 68.51299559154917, 64.37943065264923, 73.85663310461854, 64.3400593881131, 68.98461598768333, 37.31903272812814, 81.05035494944376, 37.96693489393561, 49.6892823940749, 87.86479242267797, 97.43838290763101, 34.875493477756756, 88.26362728556872, 28.20920855621791, 44.014760521070954], [42.074800613720384, 18.824870568218536, 52.62218314183464, 57.30596915292821, 67.99451202436468, 27.940933424221537, 27.349694317543854, 38.63657546413841, 32.56874603569546, 42.19789479615714, 72.63193165017015, 0.0, 30.867086029973077, 38.183334495603475, 66.8382808509649, 74.91428574379741, 30.071742475002086, 23.470208925815324, 38.4366796541606, 37.52550141636465, 47.79042597282301, 65.08261663226509, 36.35822675023371, 41.028373751811536, 19.18062916973926, 48.973705730830744, 55.838653915830534, 7.344822117855566, 71.26875110857594, 34.57722287152857, 51.22281293297226, 47.11722739990091, 39.12175271758922, 23.228568595410067, 26.908589203880222, 81.62806595304818, 42.68126875209941, 28.41133898146367, 20.964954799453107, 32.63577705643424, 88.76372076980087, 9.907341910602941, 29.47602662240018, 43.900786374145994, 20.869185532997424, 76.55101668561332, 39.72234965844612, 31.22840907709698, 28.848173446861285, 67.53432484188028, 17.66991608118608, 45.61536360986532, 41.19114529492247], [68.98510098009017, 25.60545739384357, 46.432700850194415, 35.82749779194495, 38.5913178328607, 23.597207884437243, 55.16153367851231, 31.825083180897686, 42.238572842847724, 14.694901973651225, 42.50520702002949, 30.867086029973077, 0.0, 66.17210347099886, 60.532838453092914, 71.35714206873163, 42.597894391913115, 53.277163765782525, 61.49291436647294, 46.49046785157511, 75.26495849187906, 45.70167681940546, 6.550191366031946, 12.517676599245364, 47.7123648078902, 50.80005842367033, 25.649937669478543, 32.1221238452371, 58.75784632553452, 13.206522372211074, 21.2151644117474, 31.922422258411505, 40.86578688454725, 25.015738243244584, 41.60235338503662, 50.99256551119177, 70.5535949040918, 58.67934057366939, 34.164145159665885, 28.29942036970934, 79.59798623981537, 21.94334852850555, 30.900285881385404, 25.120629891284995, 39.27530261225912, 55.99400496259341, 20.695871308179143, 53.35780201664043, 58.125596608503095, 47.246351126452886, 45.77180945113518, 18.71194491704645, 27.712671602028813], [5.228943183096353, 56.03975017647222, 62.49997324193287, 80.40845925132129, 98.2314705055734, 65.67084546410808, 11.061831197708226, 55.964353841619264, 37.35708625995107, 79.33865635861525, 103.88560680045663, 38.183334495603475, 66.17210347099886, 0.0, 72.08585508741315, 74.87677336772708, 60.5795729674793, 15.701310560550255, 14.550968295743495, 68.14496148047955, 9.64984973378655, 84.58584652871238, 72.43963676350882, 73.14074348171039, 19.048051943022912, 81.50327874633173, 88.1482041255576, 34.31797621193781, 82.30696699376722, 64.33523938202016, 87.36944027249055, 85.04997948125528, 47.749315225675325, 45.98409105992443, 31.557596529286926, 116.75869568473512, 4.4989999120722475, 13.825637928126731, 35.527175998386895, 69.80844824357892, 92.69897703816164, 47.91881413683876, 65.66124842929383, 68.39779482588555, 51.040120419678985, 95.36846749273474, 77.88842937462947, 18.168696022048845, 10.149503682716476, 87.50271881506991, 37.347635745620785, 75.6873350689624, 62.71419365762106], [70.37641851637184, 78.14788007029142, 14.704554013791434, 34.829112048075324, 58.711857436972366, 81.45732067468781, 66.66588171101984, 30.05402950248915, 37.4516329932273, 72.39128495797132, 64.86830745318531, 66.8382808509649, 60.532838453092914, 72.08585508741315, 0.0, 11.481743767263458, 94.70627968627738, 71.72123693123913, 58.03212222174705, 101.06505174213538, 75.53026707799414, 28.947712969657957, 64.8145038765405, 53.40262225193328, 65.92699415395151, 109.01546913776707, 59.071560660289876, 60.47568485516133, 13.621770899348926, 47.4559297078723, 71.68682237648213, 92.37756842576951, 28.148621135560717, 44.379925529471514, 44.58387700202908, 86.3859307023415, 74.08052332759745, 76.5500911899325, 46.925512923171446, 86.93252855073027, 22.075345603719963, 66.91982370762139, 87.59357196365013, 36.86323596048035, 86.89862476512425, 33.508373114823456, 81.12753638953458, 54.48583677003028, 72.18081441439095, 31.06499918143006, 83.25459181618328, 49.009936853004795, 32.83742746171524], [72.4243473532861, 87.61745281604803, 24.952215770176526, 46.17095978047503, 69.79675396596818, 91.56923491956628, 70.99643100347052, 40.12805881679327, 43.59091429781807, 83.59043591142651, 75.85967867892187, 74.91428574379741, 71.35714206873163, 74.87677336772708, 11.481743767263458, 0.0, 103.69868255265514, 76.80104208140848, 60.38773408779311, 110.34387855440143, 76.92611187886418, 39.63603269098679, 75.88444709171182, 64.71555718048718, 71.49056884765277, 118.91460859303126, 70.5352979241749, 68.14659785879022, 22.30517548765528, 58.41860300134827, 83.12339960180294, 103.27094548423439, 35.80775339484648, 53.41614376488865, 50.57883231384295, 97.55909747842271, 76.24202371384763, 81.1589621543081, 54.27240917955353, 97.1099339516252, 18.402793153636292, 76.05074923356385, 97.42584874736698, 48.18379897760215, 95.44390490409441, 42.439151882879095, 92.02759684243415, 58.30153038617565, 76.46672612703644, 41.468917772404595, 90.52253851540056, 60.44623562137661, 43.80495313178711], [65.50645870971708, 17.51731904017552, 80.0668194216631, 77.58657419873644, 79.81058759385225, 20.743706495744163, 51.77021472826642, 64.98048493726148, 62.49329451086777, 44.45835570525542, 82.50499406743421, 30.071742475002086, 42.597894391913115, 60.5795729674793, 94.70627968627738, 103.69868255265514, 0.0, 45.09786385907407, 65.66293707216126, 7.751583309348879, 69.81877774965938, 86.9510826548808, 44.087887364796586, 55.103650871799346, 44.4330906859154, 20.931157842893413, 66.47454256310922, 37.41344669364245, 96.94050005656916, 53.35860972985304, 54.74191613739114, 34.23687019961365, 68.05587566863015, 50.37228542917375, 56.97968298522998, 83.55519268279869, 64.67240327104038, 47.213172984150475, 50.79544596533767, 19.452580639177718, 116.09913591477779, 27.790732213389187, 13.981178257324851, 65.22544662867914, 9.87334568188437, 97.84242897516963, 34.72362819650607, 59.587012547002, 50.4624156736375, 88.86434876174299, 23.36025636610479, 61.29451654752355, 65.00142807171741], [20.44444470266843, 40.57349087066782, 59.79191383859465, 72.98900740220579, 88.05364695989476, 50.287051516076765, 7.4687185745458, 49.832637594270494, 34.37351517797421, 65.5214521239165, 93.29001610814592, 23.470208925815324, 53.277163765782525, 15.701310560550255, 71.72123693123913, 76.80104208140848, 45.09786385907407, 0.0, 22.46892204716175, 52.73878383727712, 25.264147893746777, 78.75345988782473, 59.21812725580262, 61.78940934009905, 6.519817969498342, 65.98210513971952, 76.91502264997628, 21.29129928062414, 79.89339459151846, 53.748579104188764, 74.19488544812835, 69.69761716170994, 44.48052886369575, 36.871901208767554, 27.315655870909115, 104.26599059622615, 20.04444982768849, 5.759456916767032, 27.76952738253216, 54.25222455450288, 93.46404036665471, 33.375224790814116, 50.00038537456109, 60.05250960140265, 35.44848212670972, 90.05117536908705, 63.045382128404285, 19.521284943105474, 5.624432467684153, 81.54621919600136, 22.157216155002295, 65.25908942088456, 55.31393212754451], [12.36457158364866, 57.26082594337482, 49.430092705012214, 69.72419511616634, 89.54126597968835, 66.20793440716837, 15.000282593679765, 45.10128677435434, 25.61503122991795, 75.68819732040187, 95.52510047143717, 38.4366796541606, 61.49291436647294, 14.550968295743495, 58.03212222174705, 60.38773408779311, 65.66293707216126, 22.46892204716175, 0.0, 73.41357049788796, 18.002458848339934, 72.76530064199171, 68.01780116337402, 66.25012949828033, 21.26161906353586, 86.10889024763975, 80.7374250037554, 32.40524628733014, 68.82865367366311, 56.93049439662384, 82.48225420329003, 85.0048057485242, 35.45115435684006, 38.2346169417796, 21.534070337297887, 110.43270129988612, 16.04971058597451, 24.217478331958063, 27.78339146051417, 71.05633542534837, 78.31171653246147, 46.987538387116594, 67.8129934296954, 58.74882224626411, 55.792479028376704, 83.10849831872066, 76.40813645307884, 8.135232683408905, 19.124325209529747, 75.71393667300154, 43.880448928442036, 67.72546801849302, 52.509131052603685], [73.11227074168816, 22.994052465167343, 86.37510519656801, 82.11085937509576, 82.24376364385535, 23.194242389691635, 59.478313705563906, 71.13773524430123, 69.74372125569568, 45.97852834123184, 84.39959973780466, 37.52550141636465, 46.49046785157511, 68.14496148047955, 101.06505174213538, 110.34387855440143, 7.751583309348879, 52.73878383727712, 73.41357049788796, 0.0, 77.30589434973004, 91.73424563121212, 46.97826884563318, 58.81040646501765, 52.17989270637614, 13.599730830745372, 68.96768638356511, 44.867399457645895, 102.63611052935529, 58.14640597294314, 55.94982078537425, 32.1672073920731, 74.8857068143061, 56.92822397862105, 64.41141172016714, 83.40518455572267, 72.18558383416472, 54.6680628840281, 58.03284629046529, 20.026489965530082, 122.20612997539843, 34.297003942526345, 15.758892783208175, 70.22513206243457, 17.624857446459036, 102.36175352277237, 35.16865611229604, 67.32181544885258, 58.05400580238183, 93.48963825790138, 30.82339942543005, 65.1327290534369, 70.56729460647503], [6.434552949090282, 65.68731757767272, 67.41723216081694, 87.27949985800714, 106.16901634688666, 75.320579978875, 20.514066938589263, 62.65164003210518, 43.3617848884545, 88.66473426389497, 111.97211678341381, 47.79042597282301, 75.26495849187906, 9.64984973378655, 75.53026707799414, 76.92611187886418, 69.81877774965938, 25.264147893746777, 18.002458848339934, 77.30589434973004, 0.0, 90.67316967049999, 81.60750677326313, 81.67877675183557, 28.621733682215375, 90.74880035885279, 96.55945697782292, 43.67740993080476, 86.69177210639435, 72.66549927234176, 96.48010835664836, 94.69806023229269, 53.39230155449759, 54.06332878796211, 38.459357300407405, 125.5638529801535, 5.219774584670558, 22.645017751973317, 43.46723243355334, 79.44733300797073, 95.1471872275148, 57.48037596339316, 75.26200385906222, 75.80861351958727, 60.39705517816973, 101.09238983451756, 87.4692584189302, 24.44618383672239, 19.654583782333273, 93.61787053564174, 46.48579073083266, 83.86217359338794, 69.81138003988488], [84.58236489774906, 69.43442807365244, 25.289267610864027, 10.133654290709377, 30.421098121565343, 69.24011352224781, 76.10874199854128, 28.98032793024448, 47.36969513136256, 53.097712363207485, 36.312376133363564, 65.08261663226509, 45.70167681940546, 84.58584652871238, 28.947712969657957, 39.63603269098679, 86.9510826548808, 78.75345988782473, 72.76530064199171, 91.73424563121212, 90.67316967049999, 0.0, 47.40847566760838, 34.51704079273888, 72.25589027408449, 96.44809179669893, 33.923686745597955, 61.018417645537504, 18.37688465039789, 33.621630420207325, 49.08490754802757, 74.66290467134324, 37.32013875089366, 42.81380586980546, 53.1073607997744, 58.24539160096672, 87.76943363468098, 84.38098397407713, 50.98454985320535, 73.9921517736912, 38.8678486256671, 60.88556765172189, 76.4246144722975, 21.8139619035064, 81.47354427361314, 11.492352969144006, 63.92971703180322, 66.57940819300991, 81.20254486990007, 2.9520335269419022, 82.75064211256095, 28.3843199236281, 24.02210189777442], [75.35839327120341, 28.15282064762613, 51.12659532876301, 37.301506364298845, 35.76193246983778, 23.79881656899291, 61.401617693232296, 37.09162471952265, 48.62523659664035, 8.37314421461833, 38.888548644695334, 36.35822675023371, 6.550191366031946, 72.43963676350882, 64.8145038765405, 75.88444709171182, 44.087887364796586, 59.21812725580262, 68.01780116337402, 46.97826884563318, 81.60750677326313, 47.40847566760838, 0.0, 12.893481630140922, 53.822736184590084, 49.510722888159805, 22.441715254653165, 38.23659718696666, 61.86186361482685, 17.534841884194222, 14.984351580794437, 27.826735177769443, 46.744534454239854, 31.46154073653248, 48.138353655448455, 45.27305311666959, 76.84626407648456, 64.516571013476, 40.71356325055197, 27.573991972441743, 83.00194675646691, 26.929083314523727, 31.224447092601437, 28.368367085768135, 42.16311225716173, 56.982517837489745, 16.710896480726774, 59.88346892646493, 64.18913932138102, 48.6006414650149, 50.175389565156365, 19.15596553760235, 32.08583950157257], [75.26281921939916, 38.096694525145246, 40.52071968535406, 24.408075636354436, 26.99725872563095, 35.71548495242584, 62.44373411573133, 28.177852412382915, 43.62392911591553, 19.241493632736216, 31.674337401273057, 41.028373751811536, 12.517676599245364, 73.14074348171039, 53.40262225193328, 64.71555718048718, 55.103650871799346, 61.78940934009905, 66.25012949828033, 58.81040646501765, 81.67877675183557, 34.51704079273888, 12.893481630140922, 0.0, 55.72270793427826, 62.23479877821844, 15.12866681628655, 40.583006318609506, 49.377820779896616, 9.479107663218404, 19.17904094300908, 40.39759015460909, 39.21731502835926, 28.018848983781748, 45.017778937354414, 44.18738956401306, 77.32685215165499, 67.43055283389013, 38.51990403858833, 40.01243863513587, 70.63839380583018, 33.18454006097952, 43.11495019482753, 16.539868952918507, 51.64251797658172, 44.18455750200342, 29.47240747417993, 58.258938404722024, 66.12944972042777, 35.721951746687225, 57.16476686424788, 6.3738268309568875, 21.617494968134274], [22.920442753681296, 37.44394413668493, 53.65058294697902, 66.47259329409077, 81.78938056560814, 46.919277498718856, 8.182731376911208, 43.357132042878774, 28.478180158777022, 60.47266860189811, 87.1070001284197, 19.18062916973926, 47.7123648078902, 19.048051943022912, 65.92699415395151, 71.49056884765277, 44.4330906859154, 6.519817969498342, 21.26161906353586, 52.17989270637614, 28.621733682215375, 72.25589027408449, 53.822736184590084, 55.72270793427826, 0.0, 65.00129060481022, 70.84938573987758, 15.594447269788446, 73.71312165417038, 47.4930063059373, 68.8020881193731, 66.22181440655545, 38.36912954420687, 30.38129869505598, 21.352438239783424, 98.61728826493584, 23.545834132170647, 12.248040852196308, 21.28009571698972, 51.30668840521921, 87.8034068304335, 28.871316969627806, 47.52233288629583, 53.558682822094, 34.5719203380527, 83.56943966050743, 58.84985082831989, 16.14021877975791, 10.447947073875547, 75.04239845612464, 22.877719939840212, 59.00297664013118, 48.79411525680533], [86.41023756659357, 31.82644366585449, 94.34566223932296, 86.46842677998904, 82.69993869074307, 27.717470021923095, 72.53271947035635, 78.97786603771013, 80.19298770575446, 46.19118159460066, 83.8419592641305, 48.973705730830744, 50.80005842367033, 81.50327874633173, 109.01546913776707, 118.91460859303126, 20.931157842893413, 65.98210513971952, 86.10889024763975, 13.599730830745372, 90.74880035885279, 96.44809179669893, 49.510722888159805, 62.23479877821844, 65.00129060481022, 0.0, 69.86391303184766, 56.18811539476729, 109.09987056672195, 63.57840445351271, 55.05199780604437, 27.35227559198939, 84.1961958363882, 65.88236634129382, 75.44229339697756, 79.28784677148761, 85.603551422516, 68.13538014361193, 68.57334481459168, 22.539260820927403, 129.4313342457167, 43.86128765881604, 21.495860652194462, 75.73919121479908, 30.56076332825022, 106.41886191211151, 34.487508317816406, 79.65724998915714, 71.37819464269545, 97.86747943359693, 44.276890223866886, 68.5882021173986, 77.19321790201641], [90.1310621114964, 50.50343005860515, 48.55539100914574, 24.83441657086598, 13.336168853461956, 45.96257160507293, 77.51462230886958, 39.484685442034916, 57.08810022687081, 23.672731438442142, 16.87311679925854, 55.838653915830534, 25.649937669478543, 88.1482041255576, 59.071560660289876, 70.5352979241749, 66.47454256310922, 76.91502264997628, 80.7374250037554, 68.96768638356511, 96.55945697782292, 33.923686745597955, 22.441715254653165, 15.12866681628655, 70.84938573987758, 69.86391303184766, 0.0, 55.69160638635973, 51.666972321654775, 23.901953907397957, 16.217626143078917, 44.48124343984533, 51.11433897913083, 42.59717323624717, 59.29319040524701, 30.36597728058032, 92.29164564093858, 82.54913169004672, 53.19466924308578, 49.11583978812647, 72.69275017158914, 47.4673477942449, 53.30964252268547, 25.14174186687529, 64.46336337655819, 40.44360794199558, 35.38558116795302, 72.85292383612543, 81.25118519074883, 33.864109535916654, 71.39376014222262, 13.238815142232065, 31.768339925629466], [37.60547933971436, 25.407547203934318, 46.555746912952166, 53.98171716346753, 67.10721128073263, 33.908793401988035, 23.256152965412685, 33.354852569795966, 25.35985858478941, 45.02098443378124, 72.18384426657165, 7.344822117855566, 32.1221238452371, 34.31797621193781, 60.47568485516133, 68.14659785879022, 37.41344669364245, 21.29129928062414, 32.40524628733014, 44.867399457645895, 43.67740993080476, 61.018417645537504, 38.23659718696666, 40.583006318609506, 15.594447269788446, 56.18811539476729, 55.69160638635973, 0.0, 65.72950538494885, 32.90168191321384, 53.21215156651316, 52.60074433398782, 32.47894706793737, 18.261360394985946, 19.56642595692635, 83.05914669324805, 38.77244583190874, 26.86780318477787, 13.915236605442095, 38.942911938078794, 82.50342635407645, 14.58234659870973, 36.253723965428314, 40.639400219076954, 28.13051279324274, 72.50722508765618, 44.26554581934073, 24.78746369197013, 26.00518613684656, 63.61640491088796, 22.877727188504355, 44.352678569992335, 37.00030777312105], [81.16868564708189, 79.6972381885501, 20.120675138270308, 26.87114846279064, 48.76421999007492, 81.4017954270909, 75.68044676803108, 32.645642181207066, 45.75240264240075, 68.59014259659827, 54.544662030122865, 71.26875110857594, 58.75784632553452, 82.30696699376722, 13.621770899348926, 22.30517548765528, 96.94050005656916, 79.89339459151846, 68.82865367366311, 102.63611052935529, 86.69177210639435, 18.37688465039789, 61.86186361482685, 49.377820779896616, 73.71312165417038, 109.09987056672195, 51.666972321654775, 65.72950538494885, 0.0, 45.64134374187948, 66.01009291486369, 89.66851750110992, 35.429957569625245, 48.048829695224285, 52.63836457936526, 76.57134468913257, 84.73988129202897, 85.10726658650134, 53.198823009575506, 86.60311010310977, 21.32972676170086, 69.4560272013201, 88.1325606822208, 33.66632408024751, 90.08874717945238, 20.238190883765053, 78.5648617973055, 64.25560887364946, 81.1267819054264, 19.690028651738714, 88.53771238562548, 43.93298862431927, 32.08327634106381], [66.23524285187814, 35.851758364026225, 33.60215623401964, 24.288338311660713, 34.30546455419473, 35.9880569815399, 53.82335786880814, 19.778874015291954, 34.16227408486568, 25.571642657924524, 39.66118514269544, 34.57722287152857, 13.206522372211074, 64.33523938202016, 47.4559297078723, 58.41860300134827, 53.35860972985304, 53.748579104188764, 56.93049439662384, 58.14640597294314, 72.66549927234176, 33.621630420207325, 17.534841884194222, 9.479107663218404, 47.4930063059373, 63.57840445351271, 23.901953907397957, 32.90168191321384, 45.64134374187948, 0.0, 27.977877593794865, 44.92270396885858, 30.233803291524005, 18.718233336267698, 35.60391226751536, 53.57754197172087, 68.43717370192648, 59.467367764915835, 29.300697205715615, 41.043081340867815, 66.40197835299384, 28.2676516678011, 42.99605876513625, 12.18097441712375, 48.334436969739215, 44.50547946691927, 33.67319534285787, 48.99318026894051, 57.78942267627301, 35.50742346039559, 51.666336615671, 11.51180005826378, 14.626832465383066], [90.19759658728967, 40.86349276131885, 59.42831553110694, 39.33241423767471, 27.932433614871012, 34.061615658924374, 76.34461298962907, 47.3309350728977, 61.684542572282865, 10.361233141409189, 28.81316742181831, 51.22281293297226, 21.2151644117474, 87.36944027249055, 71.68682237648213, 83.12339960180294, 54.74191613739114, 74.19488544812835, 82.48225420329003, 55.94982078537425, 96.48010835664836, 49.08490754802757, 14.984351580794437, 19.17904094300908, 68.8020881193731, 55.05199780604437, 16.217626143078917, 53.21215156651316, 66.01009291486369, 27.977877593794865, 0.0, 28.70163753395554, 58.18601437548083, 45.008657890599295, 62.04266176934771, 30.60297229986196, 91.76032353532615, 79.46926388014697, 54.8724725214062, 35.95412772455897, 87.29908304600451, 41.61899387244593, 40.89590310824218, 35.174585497767126, 54.719387666058836, 56.46583303630231, 20.93585383012568, 74.35363493909387, 79.17318959026272, 49.40119464090511, 64.20148819090947, 22.67773205868796, 40.73096025514569], [89.14210989128155, 29.167034468181978, 78.35458982883326, 64.53453772394953, 56.633433489491786, 19.411407649600495, 74.4044119801836, 63.63890325606979, 71.20946471291032, 21.63773751288344, 57.12047485576946, 47.11722739990091, 31.922422258411505, 85.04997948125528, 92.37756842576951, 103.27094548423439, 34.23687019961365, 69.69761716170994, 85.0048057485242, 32.1672073920731, 94.69806023229269, 74.66290467134324, 27.826735177769443, 40.39759015460909, 66.22181440655545, 27.35227559198939, 44.48124343984533, 52.60074433398782, 89.66851750110992, 44.92270396885858, 28.70163753395554, 0.0, 71.86412706852934, 54.33574014003881, 68.61799589881112, 52.10339014383961, 89.52398958385182, 73.72531089503818, 60.93214088666723, 16.19502646268639, 110.82828938703621, 38.02042122527104, 21.625908473556553, 56.18619924062809, 38.95672614411873, 83.47831255081628, 11.250151594082336, 77.28323159948287, 75.2935985127359, 75.56840181014418, 52.386069335653616, 46.30387672828135, 59.54170311504113], [47.377875538073255, 52.49082043504622, 15.314252227040067, 35.062864811050446, 57.14873963745965, 57.56944835733423, 40.35536440107758, 11.664217482998845, 10.46563208431195, 55.09940810255419, 63.47676930418697, 39.12175271758922, 40.86578688454725, 47.749315225675325, 28.148621135560717, 35.80775339484648, 68.05587566863015, 44.48052886369575, 35.45115435684006, 74.8857068143061, 53.39230155449759, 37.32013875089366, 46.744534454239854, 39.21731502835926, 38.36912954420687, 84.1961958363882, 51.11433897913083, 32.47894706793737, 35.429957569625245, 30.233803291524005, 58.18601437548083, 71.86412706852934, 0.0, 18.349648837746223, 17.20969414845861, 81.44881086034526, 50.67676098709324, 49.67859086022576, 18.786592249694543, 63.18518809906807, 50.22396390216483, 40.645632034490994, 62.76006990282593, 26.327816711638278, 59.65167227570803, 47.73847504683809, 60.97274670379343, 29.589278506251272, 45.76045427336102, 40.27035643643721, 55.15117770128356, 38.03703908682626, 19.563100066215853], [47.62878619700836, 34.27351115438226, 29.832311127510824, 36.23001633526936, 52.24746006806953, 39.261055578103225, 35.82647191106648, 15.408606129686113, 17.27138214419136, 39.71061350486436, 57.94266685803308, 23.228568595410067, 25.015738243244584, 45.98409105992443, 44.379925529471514, 53.41614376488865, 50.37228542917375, 36.871901208767554, 38.2346169417796, 56.92822397862105, 54.06332878796211, 42.81380586980546, 31.46154073653248, 28.018848983781748, 30.38129869505598, 65.88236634129382, 42.59717323624717, 18.261360394985946, 48.048829695224285, 18.718233336267698, 45.008657890599295, 54.33574014003881, 18.349648837746223, 0.0, 17.107003989358745, 72.20577637483603, 49.968406140040145, 42.623262571178536, 10.607973797802813, 44.87698676193291, 66.01919774926631, 22.64139908532491, 44.424743325446336, 23.18073038081866, 42.5694251959023, 54.29234469819925, 43.79859475067843, 30.27554368185158, 40.24619989958621, 45.45523599526597, 40.66488885789372, 29.798930781638802, 18.840694196093136], [32.114056553732595, 43.99274498986886, 32.519233593415144, 48.93197725492883, 68.02943626451363, 51.35175949308803, 23.268261704009287, 24.410373760761395, 7.133737582243952, 56.209057196332544, 73.99386874765217, 26.908589203880222, 41.60235338503662, 31.557596529286926, 44.58387700202908, 50.57883231384295, 56.97968298522998, 27.315655870909115, 21.534070337297887, 64.41141172016714, 38.459357300407405, 53.1073607997744, 48.138353655448455, 45.017778937354414, 21.352438239783424, 75.44229339697756, 59.29319040524701, 19.56642595692635, 52.63836457936526, 35.60391226751536, 62.04266176934771, 68.61799589881112, 17.20969414845861, 17.107003989358745, 0.0, 89.1808303379376, 34.991877973777854, 32.46908421572811, 7.7122443666504354, 56.767780217845164, 66.50720950952865, 32.138006933936246, 54.876962233726424, 37.38072878961728, 47.641222840411245, 64.0477810804763, 58.833118764424206, 14.025308431888742, 28.60882137020188, 56.008791534172914, 40.36697107652398, 46.223727004286026, 31.36118212238261], [119.18131883495735, 71.11132453456368, 77.70270657846861, 51.687944675406804, 27.826662035526866, 63.43942675898111, 105.85473673710683, 69.7991349904103, 87.3515330907477, 40.57503125180891, 22.158653861232047, 81.62806595304818, 50.99256551119177, 116.75869568473512, 86.3859307023415, 97.55909747842271, 83.55519268279869, 104.26599059622615, 110.43270129988612, 83.40518455572267, 125.5638529801535, 58.24539160096672, 45.27305311666959, 44.18738956401306, 98.61728826493584, 79.28784677148761, 30.36597728058032, 83.05914669324805, 76.57134468913257, 53.57754197172087, 30.60297229986196, 52.10339014383961, 81.44881086034526, 72.20577637483603, 89.1808303379376, 0.0, 121.05138822207859, 109.66709661542649, 82.67830876314282, 64.14621813417891, 96.01377073873188, 72.14896595647873, 69.5828603084638, 55.29040691199428, 84.72269798301826, 60.01396881717065, 48.83577311290525, 102.42244633385074, 109.05504480680491, 56.95414586931198, 94.75964267981693, 43.57732928316248, 62.00386302414331], [3.843432969579916, 60.490745485584526, 65.13862446301596, 83.92365059946604, 102.19437089594983, 70.13794071871398, 15.525475334144618, 59.372284653283536, 40.41029495489036, 83.7919995255808, 107.90878286388562, 42.68126875209941, 70.5535949040918, 4.4989999120722475, 74.08052332759745, 76.24202371384763, 64.67240327104038, 20.04444982768849, 16.04971058597451, 72.18558383416472, 5.219774584670558, 87.76943363468098, 76.84626407648456, 77.32685215165499, 23.545834132170647, 85.603551422516, 92.29164564093858, 38.77244583190874, 84.73988129202897, 68.43717370192648, 91.76032353532615, 89.52398958385182, 50.67676098709324, 49.968406140040145, 34.991877973777854, 121.05138822207859, 0.0, 17.573697599217546, 39.434136486713705, 74.23968598339148, 94.27336630237583, 52.41699602543294, 70.04297954166299, 72.12959684362464, 55.21571119105749, 98.40377877291807, 82.38742420970172, 21.192957263930833, 14.435458543438903, 90.70083674599387, 41.362318893400264, 79.73452331882027, 66.30797691396735], [19.023393369903562, 44.56450121339059, 64.98745852502958, 78.71494081869398, 93.7692132456546, 54.34620491551393, 10.234460259086061, 55.42913778726035, 39.42019091798049, 70.60399872170217, 98.97252906155562, 28.41133898146367, 58.67934057366939, 13.825637928126731, 76.5500911899325, 81.1589621543081, 47.213172984150475, 5.759456916767032, 24.217478331958063, 54.6680628840281, 22.645017751973317, 84.38098397407713, 64.516571013476, 67.43055283389013, 12.248040852196308, 68.13538014361193, 82.54913169004672, 26.86780318477787, 85.1072665865