instance_id,num_cities,city_coordinates,distance_matrix,best_route,total_distance
1052,75,"[[12.331071209004863, 19.95424472019701], [0.4831024856020827, 7.865782502012508], [67.95572535226873, 45.183050050865326], [5.254734622676082, 5.174689194462234], [34.193528921621706, 62.735248043383585], [74.28835093247493, 66.48071866898876], [16.254179590242668, 24.976533108175104], [9.477525081070636, 16.46292376268248], [52.71821789891183, 45.07419987941867], [44.67548187289798, 45.47105838532046], [72.96285641529136, 49.61962201576452], [6.020768029791834, 74.36927325258878], [96.01762370373221, 83.00796288304352], [5.49217027862019, 69.83525787617276], [73.36748218620285, 93.75197238711156], [94.48611651545579, 17.938320688854827], [60.00449286135884, 16.340969707578466], [76.81594402160677, 58.778387911307995], [89.21525202001216, 79.08828485055811], [58.07534684841863, 48.444801543537054], [71.41381913971583, 59.010678967866944], [42.41485195222977, 5.917138043925673], [54.38124420786633, 44.04317030970587], [65.18696253371323, 51.926796705032864], [21.078044687125853, 90.83296524069824], [8.578926383374263, 73.38024982827591], [32.4694287649664, 54.016052381112914], [83.29337081581225, 62.84979316757946], [87.59109436470851, 66.14501214249412], [70.96005681393581, 8.458815149962085], [89.70353258042861, 93.60746245628565], [40.38426494919896, 39.733116690487094], [96.42292026601758, 67.84758652959562], [78.60990533703203, 36.7586820116732], [69.84053523318606, 4.7853903333781584], [57.282813527177154, 75.12862697060153], [16.425991179785683, 19.882430634758176], [43.8283274658168, 69.27878641293889], [55.49662371622074, 0.28058609296539583], [87.00082475676044, 38.92041000766406], [23.078489714146034, 57.11037246440388], [98.35945955738067, 18.211505408051178], [52.16432341196268, 31.25328289586662], [14.662727106349871, 24.55253723592713], [59.14724726795597, 9.240458827877951], [78.28520015440728, 83.68596876268104], [32.5573443527743, 45.05329018142727], [57.06959804281774, 89.65777973196735], [82.84469742075862, 39.74016398495439], [25.565094901288067, 88.08470348783565], [63.44074131835769, 83.53543869156576], [35.05608351920685, 61.78330713864304], [90.01209365756662, 48.701456036313296], [46.888576861515794, 49.86832354602132], [90.3060312452266, 47.04207564291196], [14.25362410446902, 31.371588173919264], [90.6329430060165, 37.00233801660061], [15.525627223197802, 48.62220669776006], [97.57919243005155, 64.66991921468113], [59.301638560750014, 81.33234655542456], [7.043499147105948, 58.70679572702222], [92.66313531082295, 64.00822679881453], [56.378803673445866, 12.962566125841546], [78.9601262093178, 97.45677705829736], [88.02575632089071, 11.322490846276178], [49.653096844236664, 29.625991601646984], [12.968309079305683, 34.85595852972797], [91.79865348745038, 77.9759547786429], [19.120814863702595, 19.19770043042126], [90.47914274871171, 65.2308612062609], [53.249657555783195, 66.29437925453678], [6.473277914189435, 69.02221784852347], [53.461790521976546, 24.446939244024424], [32.525963112947245, 98.5962793816677], [38.46471906411251, 63.264592047485394]]","[[0.0, 16.926466898653263, 61.07859499833375, 16.386268672925286, 48.04353549203535, 77.48172228880765, 6.372923977497136, 4.5091071768842, 47.56189404295596, 41.19792083121664, 67.49998509177342, 54.77969748359876, 104.78172761799854, 50.347651776445765, 95.76819969999175, 82.1797749997233, 47.810154657352314, 75.2702658171295, 96.99490688236584, 53.8910992825219, 70.82496847289447, 33.19750333454989, 48.46125653850788, 61.77369446740588, 71.41640265128365, 53.55760088541102, 39.56968771902279, 82.91969634585037, 88.30434915935791, 59.74531658688764, 106.82365965249525, 34.32470619600395, 96.77402165612061, 68.3759677522278, 59.4763196218218, 71.16791126731988, 4.095549637102084, 58.523393313326515, 47.437514342912785, 77.04081723731957, 38.679255854637, 86.04603850340271, 41.404785288172704, 5.1556680734744145, 48.02644634916435, 91.71521015826168, 32.23451889436652, 82.8258327842038, 73.23697210209079, 69.40388169963423, 81.5767528497653, 47.6035360798448, 82.82960465381565, 45.706381490126255, 82.54601732820288, 11.578080202525461, 80.13626277758733, 28.84540226924938, 96.2638754529181, 77.28845697929538, 39.11161755599432, 91.6187418590856, 44.59917381326406, 102.20603450409872, 76.18525138849054, 38.554847752983505, 14.915332599862172, 98.39520044843584, 6.8317624489512525, 90.31662685132373, 61.82021333899991, 49.41639130093325, 41.37535951852129, 81.19361597261127, 50.58412533419085], [16.926466898653263, 0.0, 77.10469047872567, 5.47818003003728, 64.39760165793443, 94.24927288930841, 23.270252670454873, 12.442285790070462, 64.13246920221496, 58.02691763458058, 83.64626616800338, 66.73364984542124, 121.54502053474982, 62.17159028289131, 112.64355470829494, 94.54111630514137, 60.121749063318326, 91.7539976596302, 113.7806626882859, 70.45227744451407, 87.44693819436526, 41.97700356809742, 64.91388965161094, 78.28130350041646, 85.48511599032066, 66.01278507704227, 56.15133550294022, 99.40212256180745, 104.80587224339322, 70.47944933893547, 123.74134647597315, 51.06495622465835, 113.14709651662615, 83.29824107303558, 69.42580423191522, 88.03690942106056, 19.964356545136816, 75.1689136408721, 55.53397809229545, 91.92228324244377, 54.18100372429348, 98.42161986114044, 56.72674652323909, 21.89770622542779, 58.68024896032628, 108.63639834912041, 49.10873363018431, 99.4583444981452, 88.3142599764212, 84.04868605558487, 98.43556854735432, 64.04990617082632, 98.40219760386299, 62.59138523956175, 97.99459411221757, 27.242433186870908, 94.74139862336224, 43.4437989096821, 112.49160248735087, 94.11140324018963, 51.262534370648154, 107.93114704883995, 56.1275922750019, 119.10159343231686, 87.61087303013522, 53.76983397117729, 29.738022558578542, 115.12587073038775, 21.812305853004005, 106.7241280956835, 78.72871301147724, 61.44909914683231, 55.51284666596241, 96.22249207546325, 67.16867794569546], [61.07859499833375, 77.10469047872567, 0.0, 74.37797507924392, 38.052142675415226, 22.219199699955027, 55.5099374989569, 65.1501769833937, 15.237896237700628, 23.282024938984577, 6.689882830215757, 68.4673247857535, 47.09770875371484, 67.15226774354588, 48.86949282460328, 38.02810714827799, 29.918016255312036, 16.227651906793916, 40.01915067762924, 10.404849935452665, 14.253481473278013, 46.84173416701761, 13.62225620681251, 7.2900045597387155, 65.43265011736915, 65.73192779068411, 36.56910137873427, 23.395665853258453, 28.721970179386428, 36.84691895651905, 53.083809547200254, 28.104931994057694, 36.38766824149446, 13.582397726745183, 40.44160504897263, 31.790700273539386, 57.40587815481499, 34.098912586792544, 46.598932209524676, 20.048353339805203, 46.435194610080934, 40.64297324303933, 21.057226508559538, 57.14684349154238, 37.0062042093564, 39.8644302482389, 35.39861882911655, 45.787654973853726, 15.85264955718001, 60.311834805927745, 38.617234433265665, 36.85044054179094, 22.33523144042581, 21.581856575740765, 22.427486476657876, 55.44972639794777, 24.107680309457674, 52.542772940394826, 35.45825533660896, 37.17075269576441, 62.39544052558882, 31.061928247479933, 34.23718300211503, 53.41946624097017, 39.361702360656764, 24.020996604958416, 55.94876913446862, 40.544541217586044, 55.31805200224407, 30.15325958062898, 25.728518239117854, 65.94237836369783, 25.299415769110972, 64.0955624039585, 34.59279712401998], [16.386268672925286, 5.47818003003728, 74.37797507924392, 0.0, 64.42570721751393, 92.32588711049594, 22.6517286752595, 12.052227965097183, 62.0060738767781, 56.371913961935206, 80.99223302375171, 69.19882419635437, 119.56554908259193, 64.66100461586502, 111.73755625770379, 90.13961284263287, 55.876845362742245, 89.41120291531692, 111.85968042347166, 68.28118114534796, 85.29559343257391, 37.16753355067115, 62.643218054549536, 76.01073278860332, 87.10750482368834, 68.28651954986964, 55.91170123676016, 97.03837569330263, 102.45319134100549, 65.78734564905956, 122.27818637551988, 49.27848224083304, 110.63240996145275, 79.86569772317736, 64.58697387324933, 87.18069972695194, 18.4692888693464, 74.81482035682706, 50.47969557016091, 88.43753120373955, 54.90902878649738, 94.01302240729152, 53.67124527922648, 21.540921922957878, 54.04566034321033, 107.2262557176198, 48.3294456284326, 99.10687492811093, 84.94100525953282, 85.36147377344422, 97.60132395074217, 63.97386983451122, 95.28058218899696, 61.08107539262432, 94.79768512575033, 27.69941385743389, 91.11771340576138, 44.64502225344751, 109.83391054034546, 93.38659753948171, 53.56198379762656, 105.36419533172723, 51.71384208706782, 118.103634531071, 82.99902106721719, 50.68610023827535, 30.66719713717827, 113.09232583659708, 19.72087790577334, 104.25902137054538, 77.71183397909527, 63.859155670776474, 51.91666264746926, 97.32067311971667, 66.9129276005326], [48.04353549203535, 64.39760165793443, 38.052142675415226, 64.42570721751393, 0.0, 40.26938418065604, 41.8035980268635, 52.45959245156691, 25.59446666674699, 20.19711816627172, 40.92774609488981, 30.480403521552017, 65.06305912418776, 29.566503472340127, 49.96634670846364, 75.11298702066829, 53.090817678752764, 42.80568900345191, 57.40045144014774, 27.830883720314294, 37.40618155756409, 57.4098229947115, 27.51249931359063, 32.824008704005365, 31.008025387076508, 27.73849177934433, 8.88801970897559, 49.099975505289066, 53.50632192984602, 65.5569122281579, 63.51735297504891, 23.820647752297727, 62.43903548175274, 51.454800326842474, 68.03598362327529, 26.20516942952191, 46.39018600161629, 11.64676939674974, 65.98792804118558, 57.928896106238845, 12.457259805540048, 78.1001300422115, 36.25001495397681, 42.88789600986831, 59.02864162861582, 48.81606467914072, 17.757497959322226, 35.328985988286384, 53.811802489654966, 26.77769155423058, 35.88937675664641, 1.2845979604271218, 57.555707686367505, 18.075452642106374, 58.26567237239685, 37.165561539206635, 62.028945828832924, 23.402318044272814, 63.41518186479437, 31.245307531164492, 27.447268440088706, 58.48346215999786, 54.493176463468735, 56.65362133043447, 74.43910470562719, 36.54067736753962, 35.039474042012586, 59.58715900288263, 46.0728202004474, 56.34091239011871, 19.385650711284214, 28.424255579448168, 42.86327677411974, 35.89978195437481, 4.30386690175116], [77.48172228880765, 94.24927288930841, 22.219199699955027, 92.32588711049594, 40.26938418065604, 0.0, 71.34817770935726, 81.86710545042114, 30.38930216003367, 36.308784600627966, 16.91311668689285, 68.72184637211915, 27.300386379659717, 68.87791667762862, 27.28679678170539, 52.576745203623595, 52.13466243593635, 8.106455817738238, 19.53875894471733, 24.251923799686246, 8.004025622392703, 68.43878458427068, 29.99560758711373, 17.165427909552147, 58.51810492328995, 66.07065918236269, 43.63702736117854, 9.709480063117947, 13.306978683974993, 58.11728511992574, 31.200770082500505, 43.18473408464751, 22.176733017506592, 30.034568342667363, 61.855449258199044, 19.078118891444323, 74.29302204023436, 30.588269200611826, 68.81559826705845, 30.35090779928392, 52.060092911886784, 53.93825376541109, 41.59861566059415, 72.8916141606036, 59.20895512384585, 17.66339249661173, 46.91067684168049, 28.873198828535024, 28.076116719329207, 53.298103515355535, 20.212226730095267, 39.512485134088955, 23.734748051043727, 32.0424607491559, 25.18783288210315, 69.54724631092961, 33.70638835499244, 61.41648107437741, 23.36112780515868, 21.09910895251196, 67.69271725631846, 18.540386107059913, 56.435312833854034, 31.326373514583143, 56.843173762096875, 44.33020021610904, 68.99473158684079, 20.946387487666613, 72.65769642404032, 16.23896189150823, 21.039518563309162, 67.86268007200252, 46.910385111174406, 52.68307390688589, 35.96770872165051], [6.372923977497136, 23.270252670454873, 55.5099374989569, 22.6517286752595, 41.8035980268635, 71.34817770935726, 0.0, 10.88138733913746, 41.635829515262934, 35.03991994536543, 61.83167358365104, 50.44170388814342, 98.64002158637868, 46.131616406044294, 89.39793275813702, 78.5478986932814, 44.59442640696848, 69.35627368286244, 90.83721575836283, 47.955913651921335, 64.81441907189003, 32.36728778638042, 42.628742774462005, 55.86352973571326, 66.0328655117931, 49.00846155623853, 33.26000579377137, 76.99764274122786, 82.3638213995597, 57.14514860739151, 100.5236883419141, 28.284585527319937, 90.91179353088322, 63.45908576549942, 57.264122778963845, 64.79646071751607, 5.096999041786624, 52.182595555831476, 46.36657438239918, 72.10769380104507, 32.85049224043876, 82.3835092616572, 36.45457470872348, 1.6469649383553593, 45.688502804971876, 85.40869596886716, 25.86250869217126, 76.48242967026245, 68.20749124254647, 63.791334149692496, 75.20450140015338, 41.330983606538176, 77.479686728257, 39.47236409661624, 77.26943057175993, 6.700667992488441, 75.34467752240477, 23.65689472557044, 90.49487617536832, 70.91587574809111, 34.965229165014435, 85.80094187518864, 41.88461364834313, 95.84060467496819, 73.05882627371604, 33.72098957654796, 10.411531668043388, 92.28166791844384, 6.450775527680399, 84.43788300581929, 55.46016408263871, 45.11860350058252, 37.2113797232544, 75.39653825198599, 44.26379469792924], [4.5091071768842, 12.442285790070462, 65.1501769833937, 12.052227965097183, 52.45959245156691, 81.86710545042114, 10.88138733913746, 0.0, 51.84942271997849, 45.61105169368969, 71.62230053315601, 58.00943440991937, 109.16698631523347, 53.52092209242525, 100.27723398740612, 85.02139385912218, 50.52711495684113, 79.53025318408565, 101.39053678118096, 58.17721879671151, 75.14263766144538, 34.5844054140521, 52.69738125384176, 66.03959195332047, 75.26935049920556, 56.92441906665876, 44.032545963661, 87.18096543811694, 92.57450843514704, 62.001350493090044, 111.29911109050188, 38.687574855157315, 100.99448158952045, 72.05000904064006, 61.48217450299647, 75.67701326225216, 7.744301671110522, 63.00391235444536, 48.78140518320908, 80.71059831924394, 42.86258654011959, 88.89913280804032, 45.1765146401403, 9.608754663818889, 50.19208405572387, 96.19477079378953, 36.74353153376243, 87.30688603518405, 76.97124066485372, 73.4063296570448, 86.08571870849119, 52.04036703480473, 86.74756307217092, 50.154835559533474, 86.41951132957847, 15.655011862281846, 83.71421263122934, 32.723065541296336, 100.42817433459352, 81.79538066113204, 42.3139362478456, 95.81441222537401, 47.03171735313719, 106.71380478278657, 78.7162542393394, 42.276978622300874, 18.721359482261914, 102.76488294583014, 10.023574275388114, 94.54931933798085, 66.32626582147107, 52.64508425144396, 44.70302125787895, 85.30602910078483, 55.05137209235775], [47.56189404295596, 64.13246920221496, 15.237896237700628, 62.0060738767781, 25.59446666674699, 30.38930216003367, 41.635829515262934, 51.84942271997849, 0.0, 8.052521310611208, 20.748644559499787, 55.125793855675184, 57.56569220174191, 53.32363047423415, 52.87643758723818, 49.80876724319496, 29.64267732402609, 27.721925869206714, 49.88979330545132, 6.329280066468971, 23.318468113019517, 40.48993506317181, 1.9567009168232605, 14.227708038271881, 55.63241113110646, 52.43576564903775, 22.135270216399935, 35.36681626380796, 40.74428355517479, 40.90783648505266, 61.019595856134096, 13.44074272489502, 49.282128084283826, 27.194251521270182, 43.77627126118341, 30.399080924080668, 44.17862557740651, 25.785502926472127, 44.879698917613, 34.83053635469195, 31.990356943340746, 52.95967611672856, 13.832011616858562, 43.236084664502684, 36.40589809875464, 46.30917055991488, 20.160884389302424, 44.79542500775457, 30.595043835622906, 50.86448180384555, 39.9279275626168, 24.313478900540357, 37.46985663609763, 7.547737167891553, 37.63929126827368, 40.83242024817017, 38.76443387797286, 37.36143939350045, 48.95405245891238, 36.85097865714661, 47.66579069522152, 44.20513321356251, 32.319605668024394, 58.588157025741445, 48.8446530551444, 15.74935256044599, 41.04226732829866, 51.086259612918774, 42.407295533248174, 42.803953571571526, 21.226833037951835, 52.07784595045327, 20.64065845767175, 57.20437175239647, 23.10957801998316], [41.19792083121664, 58.02691763458058, 23.282024938984577, 56.371913961935206, 20.19711816627172, 36.308784600627966, 35.03991994536543, 45.61105169368969, 8.052521310611208, 0.0, 28.589965699480786, 48.26275711982512, 63.60058747408454, 46.14050416200838, 56.16295521807088, 56.91353941336595, 32.91717855858041, 34.78641007988323, 55.80241070037062, 13.72587081875773, 29.970986058410162, 39.61846869846971, 9.810233782095745, 21.5034275442684, 51.13258877949004, 45.627670170717714, 14.89982063186585, 42.34810230741584, 47.635723564369194, 45.39587017719085, 65.91387370958547, 7.165090200377671, 56.37824396024806, 35.0349910506519, 47.83935090967461, 32.22601721950201, 38.11576569579948, 23.822795478836753, 46.46800939140197, 42.82926154399838, 24.53372581848796, 60.20841044695156, 16.069470665387062, 36.5834658794731, 39.01395055542762, 50.891969288996094, 12.125336582083547, 45.89205224218772, 38.59704867172092, 46.70256565894207, 42.438567484705345, 18.937325156348496, 45.45155483696125, 4.922776688227778, 45.65758569223925, 33.53035177752705, 46.73122573275465, 29.31968215696818, 56.2796486117339, 38.72927121282877, 39.891739331004715, 51.4435758406104, 34.55097408397887, 62.27320276989696, 55.18487981036979, 16.608515652579175, 33.436883100954844, 57.24649851785857, 36.65147124164491, 49.884117283449996, 22.519484467085828, 44.87834109416238, 22.78624158004745, 54.49678808892436, 18.84631037772618], [67.49998509177342, 83.64626616800338, 6.689882830215757, 80.99223302375171, 40.92774609488981, 16.91311668689285, 61.83167358365104, 71.62230053315601, 20.748644559499787, 28.589965699480786, 0.0, 71.3707813727471, 40.57466698068853, 70.43412114163003, 44.13420523034058, 38.300856114528045, 35.7125732123159, 9.936260706690003, 33.65326807552415, 14.933792024991227, 9.517954988271049, 53.32061216812933, 19.400338292337356, 8.110954364584025, 66.26140164411986, 68.62840432648485, 40.731391859712566, 16.785617548534994, 22.069749983753336, 41.209504099019185, 47.065702428485444, 34.04566946707448, 29.709144824407808, 14.046100502038598, 44.942821675036384, 29.942830172831023, 63.880495316554395, 35.14688495304952, 52.33937094090209, 17.65043038428155, 50.443645620217886, 40.39130153882763, 27.747096924861243, 63.460726570051605, 42.67725244045018, 34.47960735795082, 40.66271992200587, 43.077253104181736, 13.973348655203342, 61.041873244449185, 35.22716702639895, 39.81053462544635, 17.073942699599513, 26.075465608490873, 17.53366643021091, 61.47979096922204, 21.71238852911587, 57.44588875264856, 28.8526505639828, 34.53007053276311, 66.54275609492923, 24.395346608821473, 40.23394775387135, 48.211623573010556, 41.15290037626875, 30.709772848340993, 61.78439503287828, 34.042162961578164, 61.84220849377701, 23.46339864506544, 25.819716076024186, 69.26272283345197, 31.84266836969017, 63.512638952276575, 37.09860762707088], [54.77969748359876, 66.73364984542124, 68.4673247857535, 69.19882419635437, 30.480403521552017, 68.72184637211915, 50.44170388814342, 58.00943440991937, 55.125793855675184, 48.26275711982512, 71.3707813727471, 0.0, 90.41051371232983, 4.564724637491362, 70.08044615586263, 104.9312645970702, 79.25608215778901, 72.49160399271776, 83.32821393058173, 58.15287963100412, 67.17244637399938, 77.52563549677326, 57.08246820059941, 63.27956483465619, 22.31086583292624, 2.7426887347716162, 33.37342137880751, 78.12652278679127, 81.98388017892185, 92.52729173108092, 85.86566838192404, 48.79050380888194, 90.63708692723195, 81.75414013064174, 94.41863930395229, 51.26766940914188, 55.471476339299, 38.14871697414225, 89.08980783984711, 88.39904690018115, 24.265933435112213, 108.07464477067776, 63.15232638429424, 50.56076190124767, 84.04870769150176, 72.86253471792568, 39.54259407745149, 53.28903710960459, 84.26797336911582, 23.876635847577308, 58.146985487764645, 31.64579100909399, 87.82584825300025, 47.64949459574659, 88.60463489283983, 43.77877158247806, 92.4959891191926, 27.44546928848646, 92.07074751195815, 53.73393298798621, 15.695833242526513, 87.25967620658673, 79.4148313228558, 76.50609651276027, 103.43942612182354, 62.49593083287373, 40.119451230326284, 85.85367659697265, 56.70549951038602, 84.95132509201933, 47.91421416383736, 5.366168716097326, 68.86864343056743, 35.909235474659624, 34.29174686982823], [104.78172761799854, 121.54502053474982, 47.09770875371484, 119.56554908259193, 65.06305912418776, 27.300386379659717, 98.64002158637868, 109.16698631523347, 57.56569220174191, 63.60058747408454, 40.57466698068853, 90.41051371232983, 0.0, 91.47883840003743, 25.069157364929755, 65.08766280599944, 75.77224803400918, 30.915640150672953, 7.850868512580316, 51.324735700693275, 34.36883521927832, 93.89490089360133, 57.024934526985554, 43.77863130758692, 75.34700501734285, 87.96714527450641, 69.8491514231013, 23.838171444831744, 18.851140665212345, 78.64767692796414, 12.337630968566913, 70.48250080197224, 15.165792972396222, 49.41684570926448, 82.48642807809331, 39.52808436839371, 101.58573122961835, 53.96492312934548, 92.11824092195563, 45.000166464019784, 77.40027426722997, 64.83876229905937, 67.83552791167179, 100.17812130378731, 82.46859592017263, 17.74538072021777, 73.94433200177299, 39.51162825052245, 45.22862377236498, 70.63520446510768, 32.58115247622621, 64.55071954004706, 34.82818977725005, 59.26127689320071, 36.41658047348647, 96.70401658446974, 46.31967514532266, 87.52909074048539, 18.404410951448146, 36.7542005095618, 92.23308281610744, 19.293588666925494, 80.4834993043125, 22.354562215417463, 72.12958370460125, 70.70575796066915, 95.99898011348196, 6.566644139027686, 99.92431537945403, 18.619884943677615, 45.917783114379574, 90.62996704759308, 72.3905548220427, 65.37726344713975, 60.845193108474284], [50.347651776445765, 62.17159028289131, 67.15226774354588, 64.66100461586502, 29.566503472340127, 68.87791667762862, 46.131616406044294, 53.52092209242525, 53.32363047423415, 46.14050416200838, 70.43412114163003, 4.564724637491362, 91.47883840003743, 0.0, 71.96573628852401, 103.02045697932624, 76.37559937590778, 72.17572358044407, 84.23284943811709, 56.76743855670251, 66.8044556680745, 73.81605831294571, 55.27543152880482, 62.32319956402223, 26.15001330102835, 4.700535202582, 31.273307115399074, 78.11416979155175, 82.18181824265162, 89.73913242908458, 87.5024071173198, 46.08250399515617, 90.95247182266446, 80.25124952916373, 91.49971223813287, 52.06045029068758, 51.13544161253889, 38.34019572681965, 85.66386478826918, 87.17447202920066, 21.707172548054306, 106.25133051813926, 60.55459248878768, 46.20199022891922, 80.93575821869331, 74.09903771682106, 36.696996750247465, 55.255437990250975, 83.00077187349834, 27.128666904961406, 59.54604806300722, 30.640804114391983, 87.12206969642895, 45.9602104490502, 87.82323250929379, 39.448915829291614, 91.25213316478273, 23.46622676436604, 92.23177528490986, 55.02401225741463, 11.236070979807561, 87.36550483927861, 76.31482506818436, 78.48878181347577, 101.17082944451835, 59.724136908535456, 35.76931693694063, 86.68956102054027, 52.43950969734823, 85.1116088340832, 47.88857287956643, 1.2742080988332471, 66.03926055419797, 39.471791358498734, 33.62086588480361], [95.76819969999175, 112.64355470829494, 48.86949282460328, 111.73755625770379, 49.96634670846364, 27.28679678170539, 89.39793275813702, 100.27723398740612, 52.87643758723818, 56.16295521807088, 44.13420523034058, 70.08044615586263, 25.069157364929755, 71.96573628852401, 0.0, 78.70010482685069, 78.5559216071365, 35.143185685370156, 21.59109864909772, 47.818292870385456, 34.796181798313135, 93.12906872988677, 53.21129801593568, 42.617675002532884, 52.37084949368963, 67.9158600256995, 57.02275083130797, 32.45717094269756, 31.05568220716496, 85.32712563074031, 16.336689554582076, 63.29241178906148, 34.678385656014086, 57.23388985829449, 89.03646487329263, 24.60783534513527, 93.26865816948674, 38.36011591902908, 95.1644242256718, 56.501046562142726, 62.22209903844742, 79.5673367930332, 65.99742517802258, 90.74585441896784, 85.6995391189629, 11.203052217224068, 63.53761876678782, 16.804268536554652, 54.83696796389669, 48.13715993817752, 14.244919972031088, 49.89748315887427, 48.02699360262098, 51.253361478071476, 49.68630493484842, 85.94044770591354, 59.3179326890882, 73.36467771848439, 37.84141553451931, 18.76419629759823, 75.01356632841346, 35.45437393505913, 82.55630419088749, 6.708445782811661, 83.72266376375383, 68.37041380483983, 84.36113181012954, 24.260890484865637, 92.20108666707868, 33.26052780995765, 34.038893761318654, 71.31896889835603, 72.10703280260293, 41.12781285782903, 46.343103408487586], [82.1797749997233, 94.54111630514137, 38.02810714827799, 90.13961284263287, 75.11298702066829, 52.576745203623595, 78.5478986932814, 85.02139385912218, 49.80876724319496, 56.91353941336595, 38.300856114528045, 104.9312645970702, 65.08766280599944, 103.02045697932624, 78.70010482685069, 0.0, 34.518602230973414, 44.49883241947897, 61.3767067339632, 47.50146862869744, 47.10912354092478, 53.44085913789396, 47.85252299028028, 44.87378885215924, 103.45227988736083, 102.24408453837412, 71.74728067042167, 46.28518031188956, 48.69729388134083, 25.36407913450399, 75.82013007714457, 58.326867528181666, 49.94683198692311, 24.622349232015726, 27.935716451828895, 68.22621846356178, 78.0843308923262, 72.12527304741087, 42.8015903886815, 22.27729034005889, 81.44629399611395, 3.8829648738084535, 44.366906473959055, 80.0969497377355, 36.393522509431875, 67.71427410950658, 67.60469208686959, 80.89299512349608, 24.715238409654507, 98.33932194255627, 72.57270293567808, 73.85331176539987, 31.086771735562436, 57.31536324204053, 29.402409174967147, 81.3492809667322, 19.449516774625437, 84.71280735449794, 46.83384907726956, 72.5034482250085, 96.47942728460464, 46.10595958716126, 38.430787469295524, 81.02000542066895, 9.246916153479235, 46.33142890312848, 83.25478604448031, 60.09775340747921, 75.37582324852725, 47.461987182985396, 63.55119155090976, 101.76357063149938, 41.53742214817808, 101.70922726161034, 72.06155596209109], [47.810154657352314, 60.121749063318326, 29.918016255312036, 55.876845362742245, 53.090817678752764, 52.13466243593635, 44.59442640696848, 50.52711495684113, 29.64267732402609, 32.91717855858041, 35.7125732123159, 79.25608215778901, 75.77224803400918, 76.37559937590778, 78.5559216071365, 34.518602230973414, 0.0, 45.64602232299804, 69.21339471718788, 32.16174160226326, 44.16873118489545, 20.446313454123647, 28.267169006101643, 35.96121626137841, 84.04954352028085, 76.7988825717471, 46.66467196123954, 52.01386830462588, 56.93384955686286, 13.496397370748852, 82.77767731653807, 30.531064242752805, 63.08116542264021, 27.623257395222545, 15.174951209602751, 58.85062603637093, 43.72216548056163, 55.354139541991515, 16.68103132537734, 35.194219128598476, 55.00612610951815, 38.40055174160505, 16.84771027827929, 46.0793398721676, 7.152071361511574, 69.7820403604386, 39.72081706417042, 73.37552888905286, 32.69858157696766, 79.58162770755914, 67.28227452678942, 51.84042013624416, 44.1322691573502, 36.00153757720756, 43.13630876745924, 48.15663488545334, 36.945826539202564, 54.95860032855505, 61.217198630267255, 64.99517727298411, 67.82130984809208, 57.78195501403474, 4.9557272774479735, 83.30120189877933, 28.46710972244695, 16.841710311876664, 50.549059297512166, 69.35228932506875, 40.983362929838684, 57.61011869897229, 50.40804425259521, 75.10595768251594, 10.416990737614604, 86.72373127763045, 51.63127142279911], [75.2702658171295, 91.7539976596302, 16.227651906793916, 89.41120291531692, 42.80568900345191, 8.106455817738238, 69.35627368286244, 79.53025318408565, 27.721925869206714, 34.78641007988323, 9.936260706690003, 72.49160399271776, 30.915640150672953, 72.17572358044407, 35.143185685370156, 44.49883241947897, 45.64602232299804, 0.0, 23.795687687526097, 21.400770771817744, 5.40711682641521, 63.06938142321978, 26.841057980251268, 13.497315010907812, 64.29781761449284, 69.78183823605288, 44.601493866344825, 7.650712295929451, 13.052624926808562, 50.65916321726356, 37.13696773460491, 41.10948304113719, 21.602867426034912, 22.09266269845384, 54.441713007728865, 25.472995587650544, 71.83203948584895, 34.61850971265056, 62.26159519207432, 22.317506178130994, 53.76333575009591, 45.9325050228395, 36.95042360775997, 70.9537259583205, 52.5945744620813, 24.950877689000386, 46.33791053058774, 36.65317201454523, 19.969973405534816, 59.03820515754777, 28.139076223097003, 41.86783358071813, 16.60370203382148, 31.225575288990964, 17.88081315159281, 68.30209766368543, 25.78964540182678, 62.126089126000494, 21.582924397991352, 28.555769054548634, 69.77248160418337, 16.687860454422697, 50.167382147048976, 38.73777619146512, 48.761891452568506, 39.8457334902584, 68.1821319352954, 24.35216944265284, 69.9668403603226, 15.110175746113692, 24.735803679297533, 71.08464480379845, 41.52185994483649, 59.557257240698796, 38.6127243702356], [96.99490688236584, 113.7806626882859, 40.01915067762924, 111.85968042347166, 57.40045144014774, 19.53875894471733, 90.83721575836283, 101.39053678118096, 49.88979330545132, 55.80241070037062, 33.65326807552415, 83.32821393058173, 7.850868512580316, 84.23284943811709, 21.59109864909772, 61.3767067339632, 69.21339471718788, 23.795687687526097, 0.0, 43.6888631493601, 26.832839405705283, 86.85789642572655, 49.41222676057101, 36.26437830594773, 69.14200272331773, 80.83810163526545, 62.03793434580808, 17.28459687510307, 13.044776597726596, 72.95049103466928, 14.52738573358402, 62.715983283509104, 13.35304385851271, 43.63792679268724, 76.78736734776686, 32.17700294659204, 93.82755281413388, 46.43489183885191, 85.71813855979798, 40.228868459088346, 69.69289749433658, 61.55971740333204, 60.50585692909504, 92.37005325801736, 76.0447480754869, 11.8576865846845, 66.09462431512124, 33.83869518272907, 39.860488977886725, 64.28279746196037, 26.155354694503572, 56.85664241149401, 30.397274910451422, 51.43300077393405, 32.064767641422016, 88.86016431156703, 42.10981796021559, 79.73921695569675, 16.668676215960527, 29.997667961449896, 84.66169186295997, 15.469196812731052, 73.82982471113586, 21.037326621482755, 67.77623283311785, 63.33784473435624, 88.14814234886491, 2.8126928966470643, 92.19605318258135, 13.914941962926765, 38.17339394873454, 83.35202447342289, 65.29920871483952, 59.951958495235786, 53.160190455206916], [53.8910992825219, 70.45227744451407, 10.404849935452665, 68.28118114534796, 27.830883720314294, 24.251923799686246, 47.955913651921335, 58.17721879671151, 6.329280066468971, 13.72587081875773, 14.933792024991227, 58.15287963100412, 51.324735700693275, 56.76743855670251, 47.818292870385456, 47.50146862869744, 32.16174160226326, 21.400770771817744, 43.6888631493601, 0.0, 17.016245438159004, 45.31945788653849, 5.74636857829131, 7.918293247917024, 56.26328099952342, 55.42266882795657, 26.204997172136, 29.042253984647456, 34.41622882729606, 42.01065172980134, 55.136268221728876, 19.71973204036399, 42.97678969203449, 23.626965146528963, 45.21685354983045, 26.695592304485974, 50.502255984687906, 25.239502507511848, 48.23319876352406, 30.45319862271579, 36.05373945461497, 50.36727044385413, 18.17934298811516, 49.55296001869262, 39.218993590813334, 40.62484507807075, 25.742393064496355, 41.22524835364851, 26.254360453108873, 51.266346737596926, 35.498454519495134, 26.60455253768174, 31.93777807362758, 11.276978213662867, 32.26119428413842, 47.03018178799744, 34.50981076630966, 42.550089456705585, 42.70606817748469, 32.9103996978563, 52.05341491614029, 37.928028111103245, 35.522771414704, 53.27614618957441, 47.697934746409246, 20.617514466150467, 47.10946307015322, 44.8257785438855, 48.71189265127238, 36.49353076571757, 18.490394847327476, 55.55360996444482, 24.437313619209935, 56.28447155842257, 24.580539308068825], [70.82496847289447, 87.44693819436526, 14.253481473278013, 85.29559343257391, 37.40618155756409, 8.004025622392703, 64.81441907189003, 75.14263766144538, 23.318468113019517, 29.970986058410162, 9.517954988271049, 67.17244637399938, 34.36883521927832, 66.8044556680745, 34.796181798313135, 47.10912354092478, 44.16873118489545, 5.40711682641521, 26.832839405705283, 17.016245438159004, 0.0, 60.49681136872521, 22.67454352883856, 9.431602785604019, 59.55122243390169, 64.45702688158413, 39.26336506722247, 12.48449221488322, 17.680580973252773, 50.55390030168094, 39.13375838694657, 36.53022913451928, 26.524442961165562, 23.386642022694502, 54.24810733789856, 21.435334553966154, 67.4883770835268, 29.434561002235018, 60.848836630163234, 25.42781254844922, 48.3726703365181, 48.89417246136868, 33.77893015580401, 66.39314707556817, 51.25957079675967, 25.614171927023502, 41.2872175691709, 33.83787026574841, 22.40575207357863, 54.2900029110253, 25.78824944525302, 36.46330218759964, 21.26442786659942, 26.173845179181455, 22.364327483511136, 63.49178873195759, 29.218860238130354, 56.84549543987043, 26.77038960481852, 25.396097382607767, 64.37103728366553, 21.829084315707878, 48.440482928877586, 39.1797040413493, 50.49871031255681, 36.56485862725919, 63.24024166356539, 27.842829561008738, 65.72390399416524, 20.05435691800082, 19.570106180428564, 65.7077225706628, 38.947752633363315, 55.49130658472356, 33.222567213884474], [33.19750333454989, 41.97700356809742, 46.84173416701761, 37.16753355067115, 57.4098229947115, 68.43878458427068, 32.36728778638042, 34.5844054140521, 40.48993506317181, 39.61846869846971, 53.32061216812933, 77.52563549677326, 93.89490089360133, 73.81605831294571, 93.12906872988677, 53.44085913789396, 20.446313454123647, 63.06938142321978, 86.85789642572655, 45.31945788653849, 60.49681136872521, 0.0, 39.959840839861606, 51.336709189885816, 87.55545130247648, 75.47278523235289, 49.11636186435058, 70.08837652499287, 75.28804484739962, 28.658137467534694, 99.62837101499112, 33.876890285289996, 82.17208706503072, 47.55294653166289, 27.4490246877308, 70.79044060352702, 29.503394404662053, 63.3774123569745, 14.244418920441282, 55.471839082897084, 54.72332368407848, 57.279582653667994, 27.14723613377023, 33.428409123177744, 17.059235446959082, 85.64270495207334, 40.35850418688722, 85.0132733948328, 52.712137960972754, 83.87742916693972, 80.41572370540537, 56.34873842572173, 63.999963156473775, 44.17828563450136, 63.12547462470667, 37.96029221849887, 57.369625780655554, 50.465367285467096, 80.59152409311865, 77.28270981787941, 63.54431963254508, 76.8079720680988, 15.640652305127904, 98.56501702636317, 45.9300820404777, 24.789149362939796, 41.28624732615507, 87.35692830724774, 26.813904996909365, 76.34326299777159, 61.34170089483261, 72.62264000624455, 21.572862218049327, 93.20522175059104, 57.48333698146084], [48.46125653850788, 64.91388965161094, 13.62225620681251, 62.643218054549536, 27.51249931359063, 29.99560758711373, 42.628742774462005, 52.69738125384176, 1.9567009168232605, 9.810233782095745, 19.400338292337356, 57.08246820059941, 57.024934526985554, 55.27543152880482, 53.21129801593568, 47.85252299028028, 28.267169006101643, 26.841057980251268, 49.41222676057101, 5.74636857829131, 22.67454352883856, 39.959840839861606, 0.0, 13.375915433294272, 57.43159416212098, 54.39224717526097, 24.07459309757695, 34.49058028378455, 39.892174167892875, 39.256889326103675, 60.86282208266355, 14.645545075827854, 48.31307025379652, 25.30003537302112, 42.19197752743154, 31.22058167829658, 44.99269467442706, 27.353251577726233, 43.776795780127166, 33.01938382674586, 33.92070475455766, 51.00351298606438, 12.980599287937126, 44.24302632461, 35.1275321031259, 46.292014204151684, 21.847264063043053, 45.693761489806946, 28.78687256777574, 52.63104697361926, 40.518066955863674, 26.233076265507304, 35.93406543125788, 9.490651937018024, 36.04974003896867, 42.08081378712349, 36.92910755936889, 39.124500578312635, 47.86988093776183, 37.612404146400436, 49.556876594645374, 43.17530158588275, 31.144729895322115, 58.79740492857192, 46.93182353022257, 15.172686624072373, 42.419760209748205, 50.51233887884461, 43.13461778035366, 41.85661864739109, 22.27996382083453, 54.02893715725482, 19.617789555912637, 58.7681463137582, 24.955937695733468], [61.77369446740588, 78.28130350041646, 7.2900045597387155, 76.01073278860332, 32.824008704005365, 17.165427909552147, 55.86352973571326, 66.03959195332047, 14.227708038271881, 21.5034275442684, 8.110954364584025, 63.27956483465619, 43.77863130758692, 62.32319956402223, 42.617675002532884, 44.87378885215924, 35.96121626137841, 13.497315010907812, 36.26437830594773, 7.918293247917024, 9.431602785604019, 51.336709189885816, 13.375915433294272, 0.0, 58.81570014649654, 60.53693424438728, 32.784173089909125, 21.146013160850668, 26.53493495991045, 43.84967546106028, 48.356386386114075, 27.638010778020963, 35.059329772432974, 20.254557434120386, 47.37053866663082, 24.51123210264599, 58.34786820633908, 27.518772479651986, 52.54744272544414, 25.39706045997407, 42.42632367822327, 47.29836599741639, 24.433241760215434, 57.463453141988985, 43.11150196703951, 34.35416770284889, 33.34572048350296, 38.59428307997014, 21.45482739141164, 53.64034505477455, 31.656840283985513, 31.702060944277534, 25.033776338095915, 18.413805417535272, 25.5896094692447, 54.92468990632073, 29.49978625921823, 49.77116172985732, 34.808673185761315, 29.988721217661265, 58.5374300881745, 30.01501330315412, 39.94740200734078, 47.567627107137106, 46.58669505260788, 27.177691063037326, 54.93815872960211, 37.23896792019267, 56.50914708352995, 28.577832532940572, 18.679579182972045, 61.151861669733414, 29.87678404350365, 56.96298356360905, 29.02798476084684], [71.41640265128365, 85.48511599032066, 65.43265011736915, 87.10750482368834, 31.008025387076508, 58.51810492328995, 66.0328655117931, 75.26935049920556, 55.63241113110646, 51.13258877949004, 66.26140164411986, 22.31086583292624, 75.34700501734285, 26.15001330102835, 52.37084949368963, 103.45227988736083, 84.04954352028085, 64.29781761449284, 69.14200272331773, 56.26328099952342, 59.55122243390169, 87.55545130247648, 57.43159416212098, 58.81570014649654, 0.0, 21.46684032730905, 38.53892452727734, 68.218800374769, 70.94702816603177, 96.30013362914063, 68.68155082256914, 54.625311556660236, 78.77295164262594, 78.95532342136939, 98.90382010663426, 39.4640536091159, 71.10288294228198, 31.339399985472465, 96.87296811648136, 83.90903600287776, 33.78187448709604, 106.04854318930181, 67.20189932784105, 66.59017522245951, 90.03666635247221, 57.65187070091046, 47.19695932309828, 36.01073414879995, 80.15980121030819, 5.261802189997313, 42.98664862029924, 32.23768300355139, 80.78964769881287, 48.41782151541394, 81.91554269278869, 59.851717427043475, 87.95237522370262, 42.57437582001598, 80.85128683790033, 39.386607927298456, 35.057941128028894, 76.44600573004713, 85.49820257360577, 58.25985104972927, 103.94186659582259, 67.54870263619516, 56.561409918324685, 71.87981098409998, 71.66199769068822, 73.97283381853103, 40.46177055902273, 26.248960251734285, 73.86346486543441, 13.831987663948999, 32.59312268580016], [53.55760088541102, 66.01278507704227, 65.73192779068411, 68.28651954986964, 27.73849177934433, 66.07065918236269, 49.00846155623853, 56.92441906665876, 52.43576564903775, 45.627670170717714, 68.62840432648485, 2.7426887347716162, 87.96714527450641, 4.700535202582, 67.9158600256995, 102.24408453837412, 76.7988825717471, 69.78183823605288, 80.83810163526545, 55.42266882795657, 64.45702688158413, 75.47278523235289, 54.39224717526097, 60.53693424438728, 21.46684032730905, 0.0, 30.752694952110676, 75.4528907619229, 79.34274606717578, 90.03442738466937, 83.60826431236248, 46.300206583543684, 88.01805283253226, 79.02833189783072, 91.9686874321478, 48.73525875121722, 54.0702606280143, 35.48721289166351, 86.86098756767655, 85.65906084558677, 21.793261486489275, 105.37615716049311, 60.616566853163086, 49.205265452366916, 81.67660538159477, 70.46397977546515, 37.1130862520141, 51.14981151235578, 81.52950461840939, 22.46666148641373, 55.793786381724054, 28.905517288957135, 85.09056114125, 44.94930474723212, 85.86628609948599, 42.390209343856895, 89.75641543470235, 25.714146927527807, 89.4254841517644, 51.342276663455735, 14.75356879061718, 84.60489942443994, 77.039760