instance_id,num_cities,city_coordinates,distance_matrix,best_route,total_distance
1770,46,"[[0.7114118916017431, 99.83206065946794], [19.696879520324195, 25.600588050250728], [34.29131167201385, 70.19936515919315], [53.999250265528765, 24.625690728643335], [73.48424090897849, 48.92381959169986], [99.5017546864134, 94.68599784348609], [80.91098244371967, 4.316530382693495], [80.17192083392135, 66.6939933584903], [85.8586171514801, 74.29788251234879], [96.38789909131039, 39.30722979261551], [69.80707667860673, 70.82995659570186], [22.977229495295514, 16.15066079081905], [57.437856710717206, 37.428038110907394], [74.60023660906664, 25.886366456041543], [81.29409362741208, 70.09955054486105], [11.847289917324833, 12.150336082471203], [64.17881801445479, 25.603274322493917], [40.610701156633134, 39.87212481039867], [30.454646733287184, 3.6321988280271555], [17.994512047151655, 20.113508050249795], [0.20939556368043677, 89.6063098699245], [42.98609143520737, 11.725143940921601], [80.86771329700264, 8.86138088237125], [54.56894573618663, 12.13223742389401], [68.2964010052927, 53.89431371452792], [46.22521472534472, 52.17018238467859], [5.542330721432853, 17.978083740714148], [43.222995998421645, 3.7429232455640227], [57.102726194868666, 11.280225105953068], [89.57918515202226, 41.343171348946015], [1.410444036650571, 63.79562268150188], [99.8672970074024, 10.68855955161151], [12.722531893493283, 81.52226699395356], [16.24008782837739, 18.2417957952561], [72.49859509497962, 27.54357200690779], [67.03119593056856, 67.63586146223068], [59.551097005318866, 30.132347941780434], [10.295624253566372, 1.4663168199795296], [0.7722040204543146, 76.86877079704124], [83.42716052739299, 57.218941748697326], [6.235860357569168, 67.01691396835758], [87.84531650921325, 95.47366046588208], [45.45078943330844, 16.70583865683949], [33.11542415530293, 49.70980316316198], [38.371895637320506, 93.04007149933756], [3.3286983246119117, 92.10590280915056]]","[[0.0, 76.62088166299206, 44.785112614288764, 92.17153463373499, 88.81178779760229, 98.9242831261487, 124.7204379434163, 86.09357691382428, 88.89342392560135, 113.21327375505535, 74.93552516986638, 86.59297498953174, 84.33357322002551, 104.53479855701116, 85.89290281187441, 88.38604303961174, 97.66280950814034, 72.02185217612188, 100.6929661656461, 81.57054113523736, 10.238066204286232, 97.7239853063894, 121.246431840696, 102.91692255101451, 81.71907578940838, 65.90266223051742, 81.99641037360293, 105.07310365749805, 104.98289341005314, 106.38811633375224, 36.04321722709567, 133.33586667834075, 21.897843450293216, 83.05486799075439, 101.87750126473782, 73.72183528455717, 91.21490282409752, 98.83155714494784, 22.963370331655575, 93.04715458133515, 33.27691967734125, 87.24283916837226, 94.40116888709397, 59.684677324352656, 38.26804349209502, 8.157432402443794], [76.62088166299206, 0.0, 46.92598820955611, 34.31622158002165, 58.62638804062337, 105.55383435278105, 64.80877646979579, 73.11565209795052, 82.15109259347803, 77.90625463138966, 67.50353796848127, 10.00309058075774, 39.55085250943515, 54.90410083874593, 75.98930483200357, 15.573224936803317, 44.48193857524283, 25.3192554576867, 24.460982818100547, 5.745093727705937, 66.90660996208005, 27.109322028546803, 63.41980732817794, 37.38258245169771, 56.23565061892049, 37.54591737920373, 16.076499110474895, 32.11285828535119, 40.05334143733757, 71.63355058433457, 42.34683451193292, 81.54547463836754, 56.354908399379546, 8.130266431900088, 52.83745219333192, 63.304831733802416, 40.111039615743344, 25.90070748854243, 54.6495187987386, 71.14259629673369, 43.54895049774343, 97.60356403753217, 27.2466592920618, 27.591875497717528, 69.97742603761392, 68.48995726992395], [44.785112614288764, 46.92598820955611, 0.0, 49.652418316810156, 44.59523002932266, 69.65627795360398, 80.70899343350649, 46.01432308019833, 51.72992208486988, 69.35639982459654, 35.52136272109117, 55.22020372473681, 40.121346235320026, 59.90368338964201, 47.00288793791233, 62.23683707640568, 53.68495462682796, 30.978640877738084, 66.67763966438204, 52.67047332567271, 39.21997588756092, 59.11711885920861, 77.01759216877602, 61.50588400037875, 37.712077683117045, 21.621042380124795, 59.61179529828681, 67.05396078328378, 63.18089661556594, 62.36528581796097, 33.49864734843584, 88.55363254418457, 24.360220998462605, 55.00396073430894, 57.26528788029787, 32.84009093269839, 47.36478252652595, 72.80127024087227, 34.176183949045516, 50.821482019461136, 28.23537398440521, 59.21842143583781, 54.64513996288089, 20.523276108876022, 23.202349700291794, 37.92861475337208], [92.17153463373499, 34.31622158002165, 49.652418316810156, 0.0, 31.145849267936555, 83.53995775435078, 33.715031110591866, 49.54544147384291, 59.0114047873025, 44.859170061007354, 48.83361096846961, 32.15885422579295, 13.256097192652705, 20.639523773970296, 53.036594920250735, 43.959324775800695, 10.226400600306087, 20.29056429601258, 31.544810312818175, 36.28637439448946, 84.35537524562493, 16.962127662651394, 31.151689690977424, 12.506435479673652, 32.573928390131016, 28.620528457200795, 48.91077315243493, 23.49931134696715, 13.701569819929388, 39.31165126037461, 65.57336433164053, 47.938724819925035, 70.29216080245787, 38.29501876844704, 18.728048223799945, 44.94114366979197, 7.819608422748086, 49.460727111869005, 74.5818869901287, 43.912662347397976, 63.862017062249656, 78.5174567600134, 11.653335978991628, 32.639652106444444, 70.17650396616604, 84.38651465979257], [88.81178779760229, 58.62638804062337, 44.59523002932266, 31.145849267936555, 0.0, 52.6411244323986, 45.22130847730731, 18.986946528613043, 28.230626215017605, 24.840619104542302, 22.212617477803715, 60.20828962634342, 19.73928665611654, 23.06446820068194, 22.570010653171902, 71.77327369537373, 25.108538924019644, 34.096961657351024, 62.47300926260104, 62.52314819548412, 83.81090606606752, 48.10279193036812, 40.73714103669312, 41.36917825971713, 7.184670813011751, 27.451655321012396, 74.65749612256964, 54.37882251554343, 41.053553197451045, 17.790825106415237, 73.59213764211114, 46.45428677125245, 68.95392704929863, 64.94828439736368, 21.40295504031302, 19.793491366049604, 23.393415864507965, 79.02541264778355, 77.89711552006924, 12.948772225109302, 69.6398215887276, 48.714763448130824, 42.706822606672276, 40.37646760510935, 56.3836897768696, 82.38017034642324], [98.9242831261487, 105.55383435278105, 69.65627795360398, 83.53995775435078, 52.6411244323986, 0.0, 92.26189604450454, 34.01756593075072, 24.531825218537282, 55.46624241373557, 38.0904792041699, 109.6530990063758, 71.04819114972163, 73.16744413743501, 30.5943182961729, 120.39701265514874, 77.58951310717863, 80.45319672166467, 114.27290768961055, 110.47391925978647, 99.422209843005, 100.38188817195247, 87.82421292003906, 93.98979029433457, 51.35889010133039, 68.16145739602935, 121.29500170175687, 106.9483122671154, 93.56388482193239, 54.2578521929447, 102.84026693195815, 83.99823367658223, 87.7719620290113, 113.03194767307686, 72.36902635203032, 42.26165004068452, 75.91593221968614, 129.02574408592432, 100.32436271577681, 40.76975435034238, 97.28363298853532, 11.683020302370831, 94.88104168677273, 80.18729930174894, 61.15201338379896, 96.20765905247072], [124.7204379434163, 64.80877646979579, 80.70899343350649, 33.715031110591866, 45.22130847730731, 92.26189604450454, 0.0, 62.38184110267971, 70.15603135223832, 38.26073697816062, 67.43391275785363, 59.13008010484652, 40.58767763389415, 22.4740592955678, 65.78413574590162, 69.50656182780355, 27.075649466754943, 53.74302714702399, 50.46097623907585, 64.8693051495967, 117.41845089225548, 38.64175090317077, 4.545056466478581, 27.477048139399724, 51.157445840904, 59.102237623800285, 76.59681261377274, 37.69235131228528, 24.80576767225127, 38.027751438074716, 99.28795509881365, 19.998615391242257, 103.00675004157705, 66.15313769700589, 24.703516420101515, 64.82272874548475, 33.506732788883916, 70.67285567795268, 108.10204159179666, 52.9622155926907, 97.50749694444474, 91.42049744961591, 37.562218356314375, 65.91634551325993, 98.39431210491384, 117.1579477464894], [86.09357691382428, 73.11565209795052, 46.01432308019833, 49.54544147384291, 18.986946528613043, 34.01756593075072, 62.38184110267971, 0.0, 9.495137980687963, 31.82754733650146, 11.159578229643135, 76.32732921023045, 37.058518698289646, 41.18623651793102, 3.5856786705018906, 87.42577273855215, 44.09338418276856, 47.79647199078362, 80.30315855182747, 77.69022959798917, 83.18040451641274, 66.36535477462321, 57.83679791417089, 60.27020445063778, 17.460233967167145, 36.92316266011197, 89.12247511287698, 72.99356324267207, 60.02394066737373, 27.039985179548633, 78.81478782480004, 59.367638141597034, 69.06010257337672, 80.21779553288309, 39.89530573767236, 13.174436098385376, 41.97585366550014, 95.58946913964067, 80.04899203602008, 10.018642047213476, 73.93676566149675, 29.785067399653077, 60.86355704536831, 50.02775825735062, 49.41009957326634, 80.9360611071715], [88.89342392560135, 82.15109259347803, 51.72992208486988, 59.0114047873025, 28.230626215017605, 24.531825218537282, 70.15603135223832, 9.495137980687963, 0.0, 36.540546738129336, 16.421889712077697, 85.64559712851621, 46.55239038135134, 49.70338036097635, 6.201682538714787, 96.64364483097171, 53.30270684857613, 56.85513780855787, 89.7955388016164, 86.84171346455749, 87.00653485088452, 75.85117714063928, 65.62655610996734, 69.59605568234996, 26.92094083892343, 45.392088526659464, 98.09498254034614, 82.43663304772207, 69.26850950972158, 33.16407113292881, 85.0987156424046, 65.13362479418063, 73.49203152724498, 89.38134303726885, 48.62566956031937, 19.971337318813863, 51.40700399891777, 104.94857243856184, 85.12524400009652, 17.251150655047123, 79.95496171220945, 21.26876927034951, 70.35364991495715, 58.19293817564035, 51.05152659996908, 84.42933784213137], [113.21327375505535, 77.90625463138966, 69.35639982459654, 44.859170061007354, 24.840619104542302, 55.46624241373557, 38.26073697816062, 31.82754733650146, 36.540546738129336, 0.0, 41.233753470157275, 76.9763151785679, 38.99534796391239, 25.58948630080657, 34.29271031416411, 88.79533476198311, 35.003189845248855, 55.780058406434826, 74.96600296688565, 80.70887241548252, 108.53709963619752, 60.104280387253915, 34.17346752899468, 49.87288912784268, 31.65304538368546, 51.78562012938687, 93.31586019401757, 63.96348037004319, 48.25803354063982, 7.106591554877057, 98.08362939318867, 28.82940332753755, 93.71234195267945, 82.86992313098786, 26.628602853479695, 40.79616884881022, 37.96219757731752, 94.04155720393119, 102.72891757684437, 22.109051750806955, 94.31445639439029, 56.81235474566081, 55.72622382311267, 64.12191214598403, 79.07638670711385, 106.99399384845712], [74.93552516986638, 67.50353796848127, 35.52136272109117, 48.83361096846961, 22.212617477803715, 38.0904792041699, 67.43391275785363, 11.159578229643135, 16.421889712077697, 41.233753470157275, 0.0, 71.99208273782719, 35.618615372848105, 45.19845878744914, 11.51021508840066, 82.4780864532515, 45.57554261917572, 42.55368012836525, 77.87266780844463, 72.5031034284202, 72.08598101471173, 64.90565559628313, 62.94793132695457, 60.643407478395865, 17.00288624876966, 30.071438056552527, 83.20623797059861, 72.16220194349044, 60.88982707903542, 35.50220806756684, 68.7574084035689, 67.23544068890052, 58.07728260668008, 75.06621710765859, 43.369982270628874, 4.2317558588596835, 41.9699948678414, 91.39435153593472, 69.29849146904729, 19.255295614800254, 63.685468033249926, 30.53997767889844, 59.351907054747315, 42.3360159427513, 38.48973643883706, 69.80000484136409], [86.59297498953174, 10.00309058075774, 55.22020372473681, 32.15885422579295, 60.20828962634342, 109.6530990063758, 59.13008010484652, 76.32732921023045, 85.64559712851621, 76.9763151785679, 71.99208273782719, 0.0, 40.50014337877919, 52.5330260718751, 79.44393839618931, 11.827009460615836, 42.27200964091156, 29.557523205833863, 14.581620570597853, 6.366445756433885, 76.90322908415672, 20.49243166437745, 58.347593921081405, 31.846259770981465, 58.978052209088226, 42.87044148486343, 17.530407008755986, 23.74537875652935, 34.47130210411254, 71.20732466201729, 52.29883964854133, 77.08383119671535, 66.17103384776532, 7.054213169936549, 50.81499854211606, 67.76044455916511, 39.155272444820255, 19.402398546596835, 64.65100184116288, 73.08076260289413, 53.55043559978822, 102.46954176873854, 22.48041633845731, 35.05708241898327, 78.41541445868697, 78.45548780823836], [84.33357322002551, 39.55085250943515, 40.121346235320026, 13.256097192652705, 19.73928665611654, 71.04819114972163, 40.58767763389415, 37.058518698289646, 46.55239038135134, 38.99534796391239, 35.618615372848105, 40.50014337877919, 0.0, 20.68229843039701, 40.45426756903978, 52.12928160238906, 13.611230581775558, 17.003726763153207, 43.24641457416268, 43.07633212647336, 77.44461768913149, 29.487154632007503, 36.946069951573726, 25.457968940528005, 19.724254522076272, 18.521721250489186, 55.42063102047005, 36.561581319211854, 26.149960562201837, 32.37890149840541, 61.921890208855984, 50.15233910310682, 62.79937335913715, 45.44632058899351, 18.01467487467682, 31.694553933000705, 7.595582899726912, 59.292794496889925, 69.04033306432237, 32.66686057269301, 59.136672252126125, 65.52791684445256, 23.93949314683367, 27.247430671743313, 58.78953248026514, 76.92509284500095], [104.53479855701116, 54.90410083874593, 59.90368338964201, 20.639523773970296, 23.06446820068194, 73.16744413743501, 22.4740592955678, 41.18623651793102, 49.70338036097635, 25.58948630080657, 45.19845878744914, 52.5330260718751, 20.68229843039701, 0.0, 44.71703667567759, 64.2387021111124, 10.425262907006143, 36.75445492751463, 49.43764843008095, 56.89933169513246, 97.95013231286808, 34.64093529621551, 18.14197888372442, 24.298738227876974, 28.708595454211313, 38.677911612083875, 69.50924615539168, 38.403949088003344, 22.792591687513973, 21.52398004435583, 82.42485938332497, 29.48555028954841, 83.21180066271928, 58.85869881582438, 2.676420611853804, 42.430068466413886, 15.636654424470958, 68.78533269832232, 89.72058820746992, 32.552186721169214, 79.78351884267326, 70.83659809147568, 30.560961393978424, 47.83874790232414, 76.30277053034904, 97.28647986361324], [85.89290281187441, 75.98930483200357, 47.00288793791233, 53.036594920250735, 22.570010653171902, 30.5943182961729, 65.78413574590162, 3.5856786705018906, 6.201682538714787, 34.29271031416411, 11.51021508840066, 79.44393839618931, 40.45426756903978, 44.71703667567759, 0.0, 90.44871476342514, 47.67442980219779, 50.68368267464265, 83.68128945439265, 80.65631700312832, 83.39809302047905, 69.82173285102577, 61.239654014356134, 63.83136313969889, 20.773774674485185, 39.38640006488572, 91.95094825601026, 76.50235591936976, 63.599805843606866, 29.92611043938758, 80.1319972198747, 62.246523875590526, 69.5164551002495, 83.19405266105873, 43.45540361976585, 14.474115330703164, 45.498738290463066, 98.74868821894862, 80.80592211402343, 13.056035284863638, 75.1215084370179, 26.20618200980626, 64.30887127552545, 52.3156381055631, 48.668085867058686, 81.01161894877731], [88.38604303961174, 15.573224936803317, 62.23683707640568, 43.959324775800695, 71.77327369537373, 120.39701265514874, 69.50656182780355, 87.42577273855215, 96.64364483097171, 88.79533476198311, 82.4780864532515, 11.827009460615836, 52.12928160238906, 64.2387021111124, 90.44871476342514, 0.0, 54.03304896330178, 39.94785847072923, 20.464417655093147, 10.059843323921472, 78.32540111834246, 31.141704325988957, 69.09874144887328, 42.7216596525314, 70.20727748009737, 52.758220327814044, 8.585752921556676, 32.48260338546723, 45.26380016947636, 83.03294025670482, 52.68930991987811, 88.03214434945612, 69.37745200642878, 7.510163441618909, 62.574216191482414, 78.2553960410811, 50.980446851679204, 10.796107350956646, 65.65922113098148, 84.58638834500435, 55.15278334419884, 112.77622281387373, 33.910880015502194, 43.163029334722914, 85.12757487683923, 80.40807828388834], [97.66280950814034, 44.48193857524283, 53.68495462682796, 10.226400600306087, 25.108538924019644, 77.58951310717863, 27.075649466754943, 44.09338418276856, 53.30270684857613, 35.003189845248855, 45.57554261917572, 42.27200964091156, 13.611230581775558, 10.425262907006143, 47.67442980219779, 54.03304896330178, 0.0, 27.55097505479828, 40.24981847145509, 46.50943615445516, 90.49019597708526, 25.332472495803888, 23.639167111221795, 16.547461446640906, 28.58911330503374, 32.06450490881337, 59.13020525478654, 30.28236162478563, 15.975631890434416, 29.88181736652798, 73.47465035638692, 38.6796619624169, 75.99133584003518, 48.50065172717282, 8.5430349275751, 42.12925873352032, 6.475207300721352, 59.042283893423615, 81.53864008533623, 37.014174532193515, 71.22131626658617, 73.76973641560997, 20.73411237455547, 39.319958936839626, 72.20608600422945, 90.14064933148906], [72.02185217612188, 25.3192554576867, 30.978640877738084, 20.29056429601258, 34.096961657351024, 80.45319672166467, 53.74302714702399, 47.79647199078362, 56.85513780855787, 55.780058406434826, 42.55368012836525, 29.557523205833863, 17.003726763153207, 36.75445492751463, 50.68368267464265, 39.94785847072923, 27.55097505479828, 0.0, 37.6361219662405, 30.03156582847895, 64.07616294028782, 28.24703543811727, 50.81626969228996, 31.05372673220711, 31.03417080853222, 13.519059978916815, 41.341742093693405, 36.223518465948125, 33.00732674075354, 48.99057463150696, 45.923783692781925, 66.05319547936567, 50.124687817081494, 32.58524094277461, 34.188170381751895, 38.3258087582223, 21.297930612042627, 48.92862122557506, 54.36779992173937, 46.19698313676743, 43.80033399862422, 72.95642298491744, 23.66650098080824, 12.367663186677479, 53.21506182718529, 64.174101467724], [100.6929661656461, 24.460982818100547, 66.67763966438204, 31.544810312818175, 62.47300926260104, 114.27290768961055, 50.46097623907585, 80.30315855182747, 89.7955388016164, 74.96600296688565, 77.87266780844463, 14.581620570597853, 43.24641457416268, 49.43764843008095, 83.68128945439265, 20.464417655093147, 40.24981847145509, 37.6361219662405, 0.0, 20.661280455846843, 91.13903108853579, 14.91753555107564, 50.683543930106936, 25.568536769484155, 62.91485165878283, 51.03573907114381, 28.74765908735099, 12.768829345445049, 27.72386057060968, 70.12723074314269, 66.80720979098113, 69.77039662161862, 79.88298076301548, 20.383670140728228, 48.367833951298174, 73.71779148736135, 39.35557548154989, 20.27503963524297, 79.0230528337977, 75.35002478110225, 67.8540472406289, 108.29839820194466, 19.89483235045998, 46.154364449689304, 89.75773240126819, 92.53871283527539], [81.57054113523736, 5.745093727705937, 52.67047332567271, 36.28637439448946, 62.52314819548412, 110.47391925978647, 64.8693051495967, 77.69022959798917, 86.84171346455749, 80.70887241548252, 72.5031034284202, 6.366445756433885, 43.07633212647336, 56.89933169513246, 80.65631700312832, 10.059843323921472, 46.50943615445516, 30.03156582847895, 20.661280455846843, 0.0, 71.73255797111396, 26.36178470324338, 63.872136344468494, 37.4351423195471, 60.59226736213851, 42.7153712741463, 12.633956496297424, 30.074448445929914, 40.09338226437994, 74.66635137267117, 46.72428116552221, 82.41348537314414, 61.63464488213172, 2.565406615902297, 55.0081895655961, 68.28594613897775, 42.74724442765282, 20.174008378021576, 59.310772573148775, 75.22130480846974, 48.35488989001743, 102.75352770637362, 27.66693655973443, 33.235262408968964, 75.72001993181662, 73.47102146605584], [10.238066204286232, 66.90660996208005, 39.21997588756092, 84.35537524562493, 83.81090606606752, 99.422209843005, 117.41845089225548, 83.18040451641274, 87.00653485088452, 108.53709963619752, 72.08598101471173, 76.90322908415672, 77.44461768913149, 97.95013231286808, 83.39809302047905, 78.32540111834246, 90.49019597708526, 64.07616294028782, 91.13903108853579, 71.73255797111396, 0.0, 88.8556228729842, 114.12934669389192, 94.64244606058108, 76.8842440257378, 59.32047921426945, 71.82647823619146, 96.03484255708432, 96.80819502894649, 101.56913818163295, 25.838616266608152, 127.12084264773496, 14.897326271147403, 73.14285312728073, 95.27597703476735, 70.34098099619727, 84.01541333242896, 88.71522070101064, 12.74996686239788, 89.2980292020803, 23.379458614555396, 87.83211510027276, 85.79779963586859, 51.715935310844216, 38.31666909842514, 3.997250877313495], [97.7239853063894, 27.109322028546803, 59.11711885920861, 16.962127662651394, 48.10279193036812, 100.38188817195247, 38.64175090317077, 66.36535477462321, 75.85117714063928, 60.104280387253915, 64.90565559628313, 20.49243166437745, 29.487154632007503, 34.64093529621551, 69.82173285102577, 31.141704325988957, 25.332472495803888, 28.24703543811727, 14.91753555107564, 26.36178470324338, 88.8556228729842, 0.0, 37.989714578232395, 11.590005990576202, 49.18181218630303, 40.574537020226, 37.96227696714507, 7.985735470291172, 14.123644349366323, 55.20999845722132, 66.63234359440125, 56.89064997468804, 76.07576107154604, 27.52844820049186, 33.48448205881121, 60.86193707022853, 24.76337151251942, 34.262372633128074, 77.62541085646373, 60.87007235328138, 66.39095809691764, 95.00612661492887, 5.5571625920982175, 39.246202475912334, 81.44573805112009, 89.6313294811623], [121.246431840696, 63.41980732817794, 77.01759216877602, 31.151689690977424, 40.73714103669312, 87.82421292003906, 4.545056466478581, 57.83679791417089, 65.62655610996734, 34.17346752899468, 62.94793132695457, 58.347593921081405, 36.946069951573726, 18.14197888372442, 61.239654014356134, 69.09874144887328, 23.639167111221795, 50.81626969228996, 50.683543930106936, 63.872136344468494, 114.12934669389192, 37.989714578232395, 0.0, 26.50139010944616, 46.75471026753595, 55.45948967357687, 75.87507845902546, 37.99109565503308, 23.887767148533353, 33.62969601104456, 96.59828445866646, 19.08724084454887, 99.61611375193037, 65.30484023141601, 20.471111466970836, 60.38119558491621, 30.113986281615865, 70.95848592269691, 105.07281137038068, 48.42524613324731, 94.61490105521686, 86.89288763321943, 36.275253462134856, 62.840072573973785, 94.29711805008615, 113.76268840752084], [102.91692255101451, 37.38258245169771, 61.50588400037875, 12.506435479673652, 41.36917825971713, 93.98979029433457, 27.477048139399724, 60.27020445063778, 69.59605568234996, 49.87288912784268, 60.643407478395865, 31.846259770981465, 25.457968940528005, 24.298738227876974, 63.83136313969889, 42.7216596525314, 16.547461446640906, 31.05372673220711, 25.568536769484155, 37.4351423195471, 94.64244606058108, 11.590005990576202, 26.50139010944616, 0.0, 43.96036901881096, 40.89810367075838, 49.373909091389145, 14.110675668961347, 2.6731944191775607, 45.59600338547102, 74.12780638340509, 45.32135074872961, 81.03146645117376, 38.81273054050837, 23.64279086230859, 56.88549869075946, 18.67687901991769, 45.53996988835688, 84.17189657125363, 53.53136900741134, 73.13285760591552, 89.73911993377001, 10.200911851482577, 43.27039444135503, 82.51316286923367, 94.98078810976655], [81.71907578940838, 56.23565061892049, 37.712077683117045, 32.573928390131016, 7.184670813011751, 51.35889010133039, 51.157445840904, 17.460233967167145, 26.92094083892343, 31.65304538368546, 17.00288624876966, 58.978052209088226, 19.724254522076272, 28.708595454211313, 20.773774674485185, 70.20727748009737, 28.58911330503374, 31.03417080853222, 62.91485165878283, 60.59226736213851, 76.8842440257378, 49.18181218630303, 46.75471026753595, 43.96036901881096, 0.0, 22.138425703891674, 72.3052481686046, 56.06993494386335, 44.05971974151662, 24.708056898861724, 67.61484421981999, 53.51129476253023, 62.06253886577264, 63.09486330563752, 26.68370333572742, 13.79966950269109, 25.320176923496824, 78.18430125145566, 71.32561150585043, 15.491708597866594, 63.43274661331917, 45.94564368521537, 43.64521331388237, 35.428960761981266, 49.273384033013, 75.37193066879489], [65.90266223051742, 37.54591737920373, 21.621042380124795, 28.620528457200795, 27.451655321012396, 68.16145739602935, 59.102237623800285, 36.92316266011197, 45.392088526659464, 51.78562012938687, 30.071438056552527, 42.87044148486343, 18.521721250489186, 38.677911612083875, 39.38640006488572, 52.758220327814044, 32.06450490881337, 13.519059978916815, 51.03573907114381, 42.7153712741463, 59.32047921426945, 40.574537020226, 55.45948967357687, 40.89810367075838, 22.138425703891674, 0.0, 53.143171344532526, 48.52023026543921, 42.3120415724132, 44.68546653807148, 46.29810507974644, 67.81001418979264, 44.541830090844606, 45.27961187541847, 36.01056032257822, 25.924430239485687, 25.753548987902953, 62.14352303074537, 51.730034329218995, 37.542971946481586, 42.65646377126615, 60.061835523307536, 35.472798178030246, 13.338668400707295, 41.61757389544524, 58.608641727478435], [81.99641037360293, 16.076499110474895, 59.61179529828681, 48.91077315243493, 74.65749612256964, 121.29500170175687, 76.59681261377274, 89.12247511287698, 98.09498254034614, 93.31586019401757, 83.20623797059861, 17.530407008755986, 55.42063102047005, 69.50924615539168, 91.95094825601026, 8.585752921556676, 59.13020525478654, 41.341742093693405, 28.74765908735099, 12.633956496297424, 71.82647823619146, 37.96227696714507, 75.87507845902546, 49.373909091389145, 72.3052481686046, 53.143171344532526, 0.0, 40.27992465284849, 51.99361202752068, 87.22453910184007, 46.00347119692688, 94.60621770133719, 63.948561470861335, 10.701007016486491, 67.63608433839866, 79.03654492035189, 55.3594885613726, 17.18232365680755, 59.0835605791462, 87.21176326107663, 49.043734089604506, 113.04576896792719, 39.92873256579679, 42.03781034994428, 81.92729910623328, 74.16086385844694], [105.07310365749805, 32.11285828535119, 67.05396078328378, 23.49931134696715, 54.37882251554343, 106.9483122671154, 37.69235131228528, 72.99356324267207, 82.43663304772207, 63.96348037004319, 72.16220194349044, 23.74537875652935, 36.561581319211854, 38.403949088003344, 76.50235591936976, 32.48260338546723, 30.28236162478563, 36.223518465948125, 12.768829345445049, 30.074448445929914, 96.03484255708432, 7.985735470291172, 37.99109565503308, 14.110675668961347, 56.06993494386335, 48.52023026543921, 40.27992465284849, 0.0, 15.79423406375844, 59.6881473182095, 73.1752431570876, 57.06854387919761, 83.54582350151422, 30.63159542898893, 37.72971751714079, 68.18458724644348, 31.032380158291353, 33.00598047083143, 84.554475456232, 66.90335866322447, 73.29151454911398, 102.00823319100697, 13.152955544226845, 47.06503009584373, 89.42882008038507, 96.9513854683952], [104.98289341005314, 40.05334143733757, 63.18089661556594, 13.701569819929388, 41.053553197451045, 93.56388482193239, 24.80576767225127, 60.02394066737373, 69.26850950972158, 48.25803354063982, 60.88982707903542, 34.47130210411254, 26.149960562201837, 22.792591687513973, 63.599805843606866, 45.26380016947636, 15.975631890434416, 33.00732674075354, 27.72386057060968, 40.09338226437994, 96.80819502894649, 14.123644349366323, 23.887767148533353, 2.6731944191775607, 44.05971974151662, 42.3120415724132, 51.99361202752068, 15.79423406375844, 0.0, 44.25495591687744, 76.54735315155277, 42.768663585719004, 83.08758086996785, 41.451401432675446, 22.394848327465787, 57.223528905632065, 19.01044594538982, 47.824863700683615, 86.45799589577673, 52.94659129452748, 75.45870741971609, 89.63058304475196, 12.853206319784999, 45.301469388889224, 83.87798576292475, 97.07953568889948], [106.38811633375224, 71.63355058433457, 62.36528581796097, 39.31165126037461, 17.790825106415237, 54.2578521929447, 38.027751438074716, 27.039985179548633, 33.16407113292881, 7.106591554877057, 35.50220806756684, 71.20732466201729, 32.37890149840541, 21.52398004435583, 29.92611043938758, 83.03294025670482, 29.88181736652798, 48.99057463150696, 70.12723074314269, 74.66635137267117, 101.56913818163295, 55.20999845722132, 33.62969601104456, 45.59600338547102, 24.708056898861724, 44.68546653807148, 87.22453910184007, 59.6881473182095, 44.25495591687744, 0.0, 90.98263285215604, 32.334972862120864, 86.72545691405965, 76.89146083096402, 21.958494909659127, 34.636936517596496, 32.05259177060165, 88.7470932248686, 95.64908841096798, 17.026082719394527, 87.20808934887572, 54.15825101043469, 50.54021637160788, 57.080266588456766, 72.76507393387323, 100.07997493637839], [36.04321722709567, 42.34683451193292, 33.49864734843584, 65.57336433164053, 73.59213764211114, 102.84026693195815, 99.28795509881365, 78.81478782480004, 85.0987156424046, 98.08362939318867, 68.7574084035689, 52.29883964854133, 61.921890208855984, 82.42485938332497, 80.1319972198747, 52.68930991987811, 73.47465035638692, 45.923783692781925, 66.80720979098113, 46.72428116552221, 25.838616266608152, 66.63234359440125, 96.59828445866646, 74.12780638340509, 67.61484421981999, 46.29810507974644, 46.00347119692688, 73.1752431570876, 76.54735315155277, 90.98263285215604, 0.0, 111.86649208403026, 21.028486637442647, 47.906883419520746, 79.79809771545402, 65.73302452356923, 67.18297101070392, 62.95942182601645, 13.08871849988013, 82.27997639775265, 5.801841106490253, 92.05696745611812, 64.47479958981084, 34.69317044934618, 47.131589099962206, 28.375194456060065], [133.33586667834075, 81.54547463836754, 88.55363254418457, 47.938724819925035, 46.45428677125245, 83.99823367658223, 19.998615391242257, 59.367638141597034, 65.13362479418063, 28.82940332753755, 67.23544068890052, 77.08383119671535, 50.15233910310682, 29.48555028954841, 62.246523875590526, 88.03214434945612, 38.6796619624169, 66.05319547936567, 69.77039662161862, 82.41348537314414, 127.12084264773496, 56.89064997468804, 19.08724084454887, 45.32135074872961, 53.51129476253023, 67.81001418979264, 94.60621770133719, 57.06854387919761, 42.768663585719004, 32.334972862120864, 111.86649208403026, 0.0, 112.30148795445987, 83.9676216932736, 32.14245306816589, 65.73587094446424, 44.75999206400363, 90.04517933194109, 119.16231709135901, 49.349311594876546, 109.2690690012974, 85.63317903792831, 54.748186676744275, 77.32056636015298, 102.77867439184034, 126.28731060068078], [21.897843450293216, 56.354908399379546, 24.360220998462605, 70.29216080245787, 68.95392704929863, 87.7719620290113, 103.00675004157705, 69.06010257337672, 73.49203152724498, 93.71234195267945, 58.07728260668008, 66.17103384776532, 62.79937335913715, 83.21180066271928, 69.5164551002495, 69.37745200642878, 75.99133584003518, 50.124687817081494, 79.88298076301548, 61.63464488213172, 14.897326271147403, 76.07576107154604, 99.61611375193037, 81.03146645117376, 62.06253886577264, 44.541830090844606, 63.948561470861335, 83.54582350151422, 83.08758086996785, 86.72545691405965, 21.028486637442647, 112.30148795445987, 0.0, 63.37816055144089, 80.54115248972174, 56.05589396382308, 69.52581024785971, 80.09272775321459, 12.824404981433236, 74.76493916425251, 15.88968766251038, 76.4072911980815, 72.61066191664081, 37.78760259380315, 28.116715332474424, 14.151235147101584], [83.05486799075439, 8.130266431900088, 55.00396073430894, 38.29501876844704, 64.94828439736368, 113.03194767307686, 66.15313769700589, 80.21779553288309, 89.38134303726885, 82.86992313098786, 75.06621710765859, 7.054213169936549, 45.44632058899351, 58.85869881582438, 83.19405266105873, 7.510163441618909, 48.50065172717282, 32.58524094277461, 20.383670140728228, 2.565406615902297, 73.14285312728073, 27.52844820049186, 65.30484023141601, 38.81273054050837, 63.09486330563752, 45.27961187541847, 10.701007016486491, 30.63159542898893, 41.451401432675446, 76.89146083096402, 47.906883419520746, 83.9676216932736, 63.37816055144089, 0.0, 57.02229985328534, 70.8485030566057, 44.913569734260975, 17.79756562123599, 60.633139679183266, 77.67445297225251, 49.790528417437876, 105.31889524172139, 29.25105558066878, 35.70731667114503, 78.00383942599095, 74.98406686675509], [101.87750126473782, 52.83745219333192, 57.26528788029787, 18.728048223799945, 21.40295504031302, 72.36902635203032, 24.703516420101515, 39.89530573767236, 48.62566956031937, 26.628602853479695, 43.369982270628874, 50.81499854211606, 18.01467487467682, 2.676420611853804, 43.45540361976585, 62.574216191482414, 8.5430349275751, 34.188170381751895, 48.367833951298174, 55.0081895655961, 95.27597703476735, 33.48448205881121, 20.471111466970836, 23.64279086230859, 26.68370333572742, 36.01056032257822, 67.63608433839866, 37.72971751714079, 22.394848327465787, 21.958494909659127, 79.79809771545402, 32.14245306816589, 80.54115248972174, 57.02229985328534, 0.0, 40.463367721834494, 13.20376717542174, 67.44800085682216, 87.04970081661352, 31.623742848095294, 77.12907843664395, 69.64207619112291, 29.138295339273274, 45.19265379391089, 73.85406597903221, 94.6190740698806], [73.72183528455717, 63.304831733802416, 32.84009093269839, 44.94114366979197, 19.793491366049604, 42.26165004068452, 64.82272874548475, 13.174436098385376, 19.971337318813863, 40.79616884881022, 4.2317558588596835, 67.76044455916511, 31.694553933000705, 42.430068466413886, 14.474115330703164, 78.2553960410811, 42.12925873352032, 38.3258087582223, 73.71779148736135, 68.28594613897775, 70.34098099619727, 60.86193707022853, 60.38119558491621, 56.88549869075946, 13.79966950269109, 25.924430239485687, 79.03654492035189, 68.18458724644348, 57.223528905632065, 34.636936517596496, 65.73302452356923, 65.73587094446424, 56.05589396382308, 70.8485030566057, 40.463367721834494, 0.0, 38.24219405722056, 87.16268543177821, 66.89918253408943, 19.425238000563077, 60.79848619360335, 34.758749529148126, 55.31348088436176, 38.36174059207317, 38.29790308761055, 68.24068526001831], [91.21490282409752, 40.111039615743344, 47.36478252652595, 7.819608422748086, 23.393415864507965, 75.91593221968614, 33.506732788883916, 41.97585366550014, 51.40700399891777, 37.96219757731752, 41.9699948678414, 39.155272444820255, 7.595582899726912, 15.636654424470958, 45.498738290463066, 50.980446851679204, 6.475207300721352, 21.297930612042627, 39.35557548154989, 42.74724442765282, 84.01541333242896, 24.76337151251942, 30.113986281615865, 18.67687901991769, 25.320176923496824, 25.753548987902953, 55.3594885613726, 31.032380158291353, 19.01044594538982, 32.05259177060165, 67.18297101070392, 44.75999206400363, 69.52581024785971, 44.913569734260975, 13.20376717542174, 38.24219405722056, 0.0, 56.989849414388615, 75.09494977581318, 36.10747808101567, 64.83043783420317, 71.2042834365102, 19.4702292026545, 32.89561599937397, 66.37725705224832, 83.67603967869951], [98.83155714494784, 25.90070748854243, 72.80127024087227, 49.460727111869005, 79.02541264778355, 129.02574408592432, 70.67285567795268, 95.58946913964067, 104.94857243856184, 94.04155720393119, 91.39435153593472, 19.402398546596835, 59.292794496889925, 68.78533269832232, 98.74868821894862, 10.796107350956646, 59.042283893423615, 48.92862122557506, 20.27503963524297, 20.174008378021576, 88.71522070101064, 34.262372633128074, 70.95848592269691, 45.53996988835688, 78.18430125145566, 62.14352303074537, 17.18232365680755, 33.00598047083143, 47.824863700683615, 88.7470932248686, 62.95942182601645, 90.04517933194109, 80.09272775321459, 17.79756562123599, 67.44800085682216, 87.16268543177821, 56.989849414388615, 0.0, 76.00148418747727, 91.95964758638597, 65.6761940843118, 121.86605527506153, 38.31616714431495, 53.368316837803, 95.78115451846182, 90.90694475774593], [22.963370331655575, 54.6495187987386, 34.176183949045516, 74.5818869901287, 77.89711552006924, 100.32436271577681, 108.10204159179666, 80.04899203602008, 85.12524400009652, 102.72891757684437, 69.29849146904729, 64.65100184116288, 69.04033306432237, 89.72058820746992, 80.80592211402343, 65.65922113098148, 81.53864008533623, 54.36779992173937, 79.0230528337977, 59.310772573148775, 12.74996686239788, 77.62541085646373, 105.07281137038068, 84.17189657125363, 71.32561150585043, 51.730034329218995, 59.0835605791462, 84.554475456232, 86.45799589577673, 95.64908841096798, 13.08871849988013, 119.16231709135901, 12.824404981433236, 60.633139679183266, 87.04970081661352, 66.89918253408943, 75.09494977581318, 76.00148418747727, 0.0, 84.95856411682735, 11.265461532621554, 89.03858061576346, 74.93833730608267, 42.2337946629163, 40.92979081411884, 15.450108578312227], [93.04715458133515, 71.14259629673369, 50.821482019461136, 43.912662347397976, 12.948772225109302, 40.76975435034238, 52.9622155926907, 10.018642047213476, 17.251150655047123, 22.109051750806955, 19.255295614800254, 73.08076260289413, 32.66686057269301, 32.552186721169214, 13.056035284863638, 84.58638834500435, 37.014174532193515, 46.19698313676743, 75.35002478110225, 75.22130480846974, 89.2980292020803, 60.87007235328138, 48.42524613324731, 53.53136900741134, 15.491708597866594, 37.542971946481586, 87.21176326107663, 66.90335866322447, 52.94659129452748, 17.026082719394527, 82.27997639775265, 49.349311594876546, 74.76493916425251, 77.67445297225251, 31.623742848095294, 19.425238000563077, 36.10747808101567, 91.95964758638597, 84.95856411682735, 0.0, 77.81064889541197, 38.5090068219192, 55.5294181817811, 50.86902769929326, 57.55979700213336, 87.36626179071604], [33.27691967734125, 43.54895049774343, 28.23537398440521, 63.862017062249656, 69.6398215887276, 97.28363298853532, 97.50749694444474, 73.93676566149675, 79.95496171220945, 94.31445639439029, 63.685468033249926, 53.55043559978822, 59.136672252126125, 79.78351884267326, 75.1215084370179, 55.15278334419884, 71.22131626658617, 43.80033399862422, 67.8540472406289, 48.35488989001743, 23.379458614555396, 66.39095809691764, 94.61490105521686, 73.13285760591552, 63.43274661331917, 42.65646377126615, 49.043734089604506, 73.29151454911398, 75.45870741971609, 87.20808934887572, 5.801841106490253, 109.2690690012974, 15.88968766251038, 49.790528417437876, 77.12907843664395, 60.79848619360335, 64.83043783420317, 65.6761940843118, 11.265461532621554, 77.81064889541197, 0.0, 86.42852396397552, 63.78883100838662, 31.969470348752388, 41.35129370870544, 25.256859506662796], [87.24283916837226, 97.60356403753217, 59.21842143583781, 78.5174567600134, 48.714763448130824, 11.683020302370831, 91.42049744961591, 29.785067399653077, 21.26876927034951, 56.81235474566081, 30.53997767889844, 102.46954176873854, 65.52791684445256, 70.83659809147568, 26.20618200980626, 112.77622281387373, 73.76973641560997, 72.95642298491744, 108.29839820194466, 102.75352770637362, 87.83211510027276, 95.00612661492887, 86.89288763321943, 89.73911993377001, 45.94564368521537, 60.061835523307536, 113.04576896792719, 102.00823319100697, 89.63058304475196, 54.15825101043469, 92.05696745611812, 85.63317903792831, 76.4072911980815, 105.31889524172139, 69.64207619112291, 34.758749529148126, 71.2042834365102, 121.86605527506153, 89.03858061576346, 38.5090068219192, 86.42852396397552, 0.0, 89.4520300414178, 71.34207560965926, 49.53323861838149, 84.58368956835685], [94.40116888709397, 27.2466592920618, 54.64513996288089, 11.653335978991628, 42.706822606672276, 94.88104168677273, 37.562218356314375, 60.86355704536831, 70.35364991495715, 55.72622382311267, 59.351907054747315, 22.48041633845731, 23.93949314683367, 30.560961393978424, 64.30887127552545, 33.910880015502194, 20.73411237455547, 23.66650098080824, 19.89483235045998, 27.66693655973443, 85.79779963586859, 5.5571625920982175, 36.275253462134856, 10.200911851482577, 43.64521331388237, 35.472798178030246, 39.92873256579679, 13.152955544226845, 12.853206319784999, 50.54021637160788, 64.47479958981084, 54.748186676744275, 72.61066191664081, 29.25105558066878, 29.138295339273274, 55.31348088436176, 19.4702292026545, 38.31616714431495, 74.93833730608267, 55.5294181817811, 63.78883100838662, 89.4520300414178, 0.0, 35.23383189033544, 76.66176257449072, 86.36805100001942], [59.684677324352656, 27.591875497717528, 20.523276108876022, 32.639652106444444, 40.37646760510935, 80.18729930174894, 65.91634551325993, 50.02775825735062, 58.19293817564035, 64.12191214598403, 42.3360159427513, 35.05708241898327, 27.247430671743313, 47.83874790232414, 52.3156381055631, 43.163029334722914, 39.319958936839626, 12.367663186677479, 46.154364449689304, 33.235262408968964, 51.715935310844216, 39.246202475912334, 62.840072573973785, 43.27039444135503, 35.428960761981266, 13.338668400707295, 42.03781034994428, 47.06503009584373, 45.301469388889224, 57.0