instance_id,num_cities,city_coordinates,distance_matrix,best_route,total_distance
1746,89,"[[49.46999999873122, 51.28981853252069], [55.229536485957, 77.81425848044886], [67.33683221008432, 84.66807644085655], [52.32282182286288, 7.753660017170594], [33.67731876486546, 16.237722817384093], [2.9520843122261997, 33.91054639004951], [56.65638004777859, 94.27245746525652], [38.0110103649282, 11.29675414168445], [32.610973122220855, 1.4682337383701616], [27.694529842735182, 38.69115984845659], [41.25879135656304, 89.56557317303529], [31.387526112964014, 33.06895346504314], [44.62248743394248, 24.021202972643362], [29.622992392866752, 0.7782259045309492], [73.9746643477897, 72.66568721012554], [7.988483656207867, 82.33705085212105], [89.71717683598432, 59.594181638250944], [24.579062917600737, 22.260202703491927], [28.588689886137676, 95.05551414371048], [22.300739715501507, 1.5353910014868521], [79.14982271939482, 60.24762385636044], [55.83850355950405, 96.30352505975011], [43.729625684463144, 77.4889752401698], [74.5387834092592, 23.703263258403428], [98.23019158691196, 55.038954165254104], [9.857890900099475, 22.80043835454305], [16.820355672410326, 14.585587851101744], [52.27039093096136, 65.74123871735344], [45.832670919734, 9.544104638041828], [80.30480507618564, 66.76391530867718], [11.639611651989245, 17.95904157119367], [19.897486332689674, 60.35114453209457], [19.488893996630065, 81.26988813342358], [87.36105125262118, 56.75765168362118], [86.74449650728604, 81.74125913828422], [97.76409323583052, 84.21866160474629], [91.23699251058218, 88.01034598635964], [39.303031091326055, 91.11258979598045], [72.95715365102726, 68.65765266140443], [69.05962452210149, 14.446719875777713], [7.270095818051924, 77.62669078150113], [91.82890735617288, 15.325538571531327], [59.09423046376914, 72.71162269177044], [37.59531587440779, 96.42973845494893], [25.028578198638442, 93.74087683273456], [49.218567888755956, 82.79505421472864], [32.93007892932336, 20.277051762335308], [26.611904568289134, 97.06592675115482], [9.322576668422489, 16.33172246041027], [25.089677872612615, 28.517000703650197], [17.43448356323395, 67.28036896535957], [3.2482151578090535, 15.079490253241811], [73.37095073311792, 85.04037682208254], [10.450389507165736, 79.7892957712344], [64.81636575978156, 41.97940576542533], [39.949790051343115, 99.1803455534308], [54.839390985051274, 18.643748218569744], [68.96340958149568, 6.400612015518902], [87.80323009790084, 49.629291927394604], [5.47262168150362, 74.9518291628084], [16.691026743008308, 59.870526588554185], [30.891776079829093, 11.824313153316401], [85.99005115464358, 57.331666697899855], [48.46444512430548, 69.02454803853057], [35.43874466507715, 35.612758961105506], [38.33761042452467, 66.06451463069774], [1.2902389843336137, 58.01876043660768], [11.905287912576512, 60.22228240266634], [19.068521199925303, 42.805066399910494], [50.943205316951264, 8.99574235909072], [30.45213328509151, 13.651823036901433], [58.47559017150539, 97.23535067410373], [69.56033657391009, 7.315654669256199], [26.125871934307398, 25.574762945266816], [6.399773413428855, 87.11877575239103], [37.40156985699763, 99.72698559781554], [16.20327138376687, 36.8550785665375], [43.44597059166141, 48.511749406961535], [59.78388409413571, 53.45551468966347], [13.736078281134102, 76.13511245976426], [62.43920981030463, 18.353960916952406], [40.26274743550776, 30.321969543315852], [3.5417593179832285, 77.85869255446207], [72.60631244171127, 68.17274728724227], [93.24367978391666, 69.32642579009224], [44.147605283727344, 36.26920861721658], [75.6263919667239, 11.656750075072708], [96.69979664909404, 16.762243802868817], [63.46729283679997, 27.277607434119]]","[[0.0, 27.142552847861097, 37.859368645871925, 43.62952773792002, 38.445522425603656, 49.658388818193295, 43.579253181201764, 41.60232737236198, 52.596740380213966, 25.157450211661313, 39.14661339970665, 25.670523672817364, 27.6961328098016, 54.27084577121707, 32.51778492736284, 51.81357768753543, 41.09498375666958, 38.239735144974446, 48.49190885446374, 56.6892561538673, 31.002163681746975, 45.461979861452505, 26.82065825925724, 37.27548703338281, 48.90411334140231, 48.793072973192096, 49.12433027075356, 14.720249139600464, 41.90387561298602, 34.49975181363579, 50.419033859357505, 30.929616767731986, 42.398953883134986, 38.283533855865365, 48.13188470164668, 58.45193023047998, 55.61365659595811, 41.10012612956291, 29.211094621992203, 41.727296912178794, 49.743972023931, 55.56713476173436, 23.48445242030169, 46.67569489204947, 48.984440901353636, 31.506238961472302, 35.147698242191574, 51.16585394920425, 53.23423786483582, 33.36167470077349, 35.80463680075779, 58.71661832883128, 41.35644606182562, 48.3192529515249, 17.949783507486398, 48.8276251294579, 33.08468326140367, 48.93908334743765, 38.36917875642135, 49.95658160700247, 33.8834714638609, 43.619680407092275, 37.016456687316136, 17.763213990064376, 21.03916165259196, 18.499236266002736, 48.647384621920274, 38.61212898697966, 31.563284555097855, 42.3197260538573, 42.169870278031695, 46.81978831790257, 48.3461343974594, 34.73056865275569, 56.02462488560352, 49.917994344696865, 36.263438207473385, 6.633746932437721, 10.538806620225113, 43.52242860469168, 35.39733210299329, 22.900309845001733, 53.059479443568854, 28.64126807241953, 47.34399902099352, 15.93570229798591, 47.48617647417015, 58.50476141602765, 27.794072904647425], [27.142552847861097, 0.0, 13.912635637645332, 70.12087026816877, 65.2393120209128, 68.2676200046068, 16.51993330414611, 68.70994124024627, 79.62609435704755, 47.84133607468404, 18.25582417955111, 50.700924839174256, 54.82884560573645, 81.18032652945699, 19.439331384645286, 47.45706189072818, 39.00472454778304, 63.44844082586859, 31.73319404662972, 83.08291810368125, 29.67771462740716, 18.499292406390328, 11.504510316772352, 57.4529966204138, 48.659745434609626, 71.30993358582087, 73.98060529843065, 12.430380067228151, 68.91382291046979, 27.402174714537313, 74.04544913959904, 39.41210622139095, 35.907309866493755, 38.41633677221929, 31.758684470749216, 43.0140081518419, 37.42321591998083, 20.748474398443296, 19.95274017463897, 64.85920354045363, 47.95980745186531, 72.41791259039957, 6.400996136074382, 25.64179851839181, 34.14315529665821, 7.8064120838677695, 61.70734125080286, 34.49051446094171, 76.73037987097464, 57.780885260997216, 39.23555598876539, 81.47213579833019, 19.52761370916549, 44.82268149551278, 37.09506658078523, 26.267476618745505, 59.17179647571146, 72.7222673712967, 43.0747937327804, 49.8391821005935, 42.511107341676585, 70.3349092973327, 36.95599854980279, 11.091684758604503, 46.61160802395195, 20.576531452109727, 57.45702357216526, 46.759684951561994, 50.331526468493365, 68.95187304226056, 68.78035934353389, 19.690497366087644, 71.94042653813212, 59.799566755163454, 49.70834742156596, 28.248964650823332, 56.57476281034311, 31.583056583982067, 24.7808490815236, 41.527419919303505, 59.89579597754213, 49.794801766537574, 51.68779626713683, 19.87236978080892, 38.95020403614464, 42.997678626984126, 69.23039528928537, 73.8046812484799, 51.20364956401415], [37.859368645871925, 13.912635637645332, 0.0, 78.36611488203155, 76.26058052757243, 81.98611235282061, 14.36371098474052, 79.01490215663641, 90.15597104523154, 60.70740478993348, 26.53393466863945, 62.88737632257819, 64.7609814632152, 91.97739253080505, 13.715617475502956, 59.394108768191394, 33.60922531309199, 75.65031090014169, 40.116298378433385, 94.54783453650225, 27.127573595968414, 16.358338128296143, 24.67467718113113, 61.38873306598457, 42.80519291404286, 84.44781427897203, 86.39137461989178, 24.19137943625954, 78.1411549200004, 22.10717770550964, 86.90383024435107, 53.30858012300128, 47.96845708433106, 34.35056270853205, 19.627116267947134, 30.43057980426612, 24.132725252326797, 28.76500925691599, 16.96825514592378, 70.24248665295303, 60.47804504771699, 73.54080026162656, 14.522302496587566, 31.982721699052725, 43.27012900891201, 18.21482128040486, 73.0070457591121, 42.57025280340741, 89.64101249648009, 70.26923477639157, 52.8448367555929, 94.60402826129696, 6.0455929340204655, 57.095270068673095, 42.76301386902616, 30.994451648649065, 67.19671088957713, 78.28436460441307, 40.578194423646316, 62.62256786089767, 56.390744720089735, 81.45216980675615, 33.09413655964576, 24.51299604678816, 58.51420478882124, 34.453553897856125, 71.22035186814297, 60.582612599360445, 63.89320353106259, 77.42772854794097, 80.02367938505536, 15.377190644585147, 77.38437261868512, 72.0441735794069, 60.986318645271595, 33.509560981094225, 70.00516986986278, 43.33651178224432, 32.11340897996121, 54.27570631557448, 66.49472627876987, 60.716599059070155, 64.15745501670699, 17.31656160435969, 30.108653173197226, 53.6674077262192, 73.48040948885561, 73.9823342893758, 57.52077248937728], [43.62952773792002, 70.12087026816877, 78.36611488203155, 0.0, 20.484972684476723, 55.87174981211781, 86.62725921297323, 14.743861881563971, 20.68969701815949, 39.54341489640523, 82.55665875253165, 32.850429050665504, 17.998002764455332, 23.747398535643754, 68.42787121504769, 86.76529103918395, 63.9200865831161, 31.307442228699795, 90.47056290706679, 30.65929359284979, 58.95171088825749, 88.61962884785966, 70.26277256929215, 27.348469660311558, 65.9043673918801, 45.05192444956251, 36.153842682238796, 57.987602403516604, 6.732588706121244, 65.30851105604856, 41.94369323832453, 61.78913949026927, 80.5152321796268, 60.241752305340015, 81.60279720565266, 88.94833115587355, 89.19331994645103, 84.36958056409648, 64.30452526847303, 18.025471279945464, 83.13836989415687, 40.225167979850546, 65.3099448002894, 89.89074656806893, 90.2151716215478, 75.10557393163784, 23.084926201696796, 92.939400983834, 43.84751120214343, 34.24559016687947, 68.99728418365964, 49.6183918318347, 80.10156256344425, 83.32126623212585, 36.43474045643655, 92.26012542461261, 11.177081076127639, 16.695505378620126, 54.88558935862813, 81.91785635507784, 63.133133945909485, 21.814214141124136, 59.92880006568753, 61.39225349890655, 32.57608717200421, 59.964505364558036, 71.63033457514662, 66.23090956963291, 48.31614222316063, 1.8563701806195751, 22.652049446430322, 89.69297364440055, 17.24307871226516, 31.683937461074606, 91.69377280317435, 93.17583580839056, 46.38442071976146, 41.71355101746999, 46.30687822258664, 78.51725807307491, 14.652907052130336, 25.588551914800448, 85.4067189754979, 63.732927896288025, 73.93052212175841, 29.664299712336707, 23.628171606155757, 45.282120936986814, 22.480741912140047], [38.445522425603656, 65.2393120209128, 76.26058052757243, 20.484972684476723, 0.0, 35.445292003314194, 81.34775392724582, 6.5722183727185595, 14.807933707465702, 23.236837086727245, 73.71873821790113, 16.98627314932263, 13.430535377335488, 15.982290421876337, 69.33968002910109, 70.9157064117926, 70.85370995309044, 10.910935956225762, 78.98188636279684, 18.589919625731874, 63.28206701234703, 83.07617468453746, 62.070643606825946, 41.5378572745578, 75.31672419649065, 24.706970251863297, 16.937731685417837, 52.88005691214948, 13.87649488666675, 68.75331706455735, 22.104829179279616, 46.21555752383318, 66.5619555233811, 67.25925786939544, 84.30206773317687, 93.42656314187857, 92.00231235283772, 75.08591308789279, 65.50385082982638, 35.42760579315769, 66.82773983505729, 58.15874255682508, 61.92996663435304, 80.28767074318338, 77.98422658274579, 68.34770506071709, 4.107863884957934, 81.13641986758111, 24.354923496433745, 14.984266465277406, 53.56474046585865, 30.451138714366873, 79.43166633604837, 67.66308201412899, 40.401416915116606, 83.17945997885451, 21.298409773584286, 36.63163870273412, 63.59725752939521, 65.13717234809931, 46.82259797987765, 5.218949407021083, 66.52318538479287, 54.81886557470805, 19.454938878661316, 50.044255422179965, 52.863768700779474, 49.078129643908255, 30.318982689486933, 18.72317065530837, 4.133847971762508, 84.70873616795978, 36.97559015247833, 12.008524788017787, 75.94858883201805, 83.57228635030384, 27.026240766411217, 33.7200140987206, 45.461156882989236, 63.12963137862534, 28.839640084504843, 15.54779330365043, 68.59515911866123, 64.90541822819316, 79.79073723419512, 22.602816708011225, 42.198460324526984, 63.024660577684145, 31.76982227771113], [49.658388818193295, 68.2676200046068, 81.98611235282061, 55.87174981211781, 35.445292003314194, 0.0, 80.79425529765633, 41.71944265952078, 43.95626617028499, 25.200057060826406, 67.56393868622158, 28.447893226996054, 42.82781350423737, 42.53337511415113, 80.90839149860751, 48.687695085792406, 90.48663105795774, 24.565355922767335, 66.30190515323484, 37.71632474603368, 80.62094633427321, 81.79154680085563, 59.681549421990475, 72.31074689517963, 97.59266028222538, 13.08146265483104, 23.786192907898347, 58.69828227278088, 49.32005871304251, 84.04039063980208, 18.163800187876753, 31.404647422702336, 50.163466037584435, 87.44634881022903, 96.4828763225421, 107.33230404954898, 103.54232628231347, 67.77510679852122, 78.15414977698353, 68.91333263729122, 43.92888006560934, 90.7991860646305, 68.24561595203883, 71.47589012750186, 63.77334884728637, 67.3073740967393, 32.93254221930974, 67.44174644168916, 18.6975459247895, 22.785157092197952, 36.37698375035048, 18.83338441983566, 87.02342390421008, 46.4874631011204, 62.38826661033253, 75.02650806739184, 54.08666859928143, 71.51427517004053, 86.29481967308128, 41.11860892909048, 29.371399541443367, 35.614997889316676, 86.27776546594845, 57.48363330947706, 32.531225438316326, 47.812269679076856, 24.165423944315627, 27.793296074898404, 18.407933728721584, 54.07305387335955, 34.156530347934606, 84.21930028514356, 71.72131855311109, 24.627418021214424, 53.31981087751619, 74.28708315911304, 13.574396065510236, 43.04590521237661, 60.098745846181885, 43.579909427362836, 61.48760404834383, 37.482842294627496, 43.95210197363699, 77.6248021358763, 96.98895156924712, 41.262988689808395, 76.00517379421652, 95.30318908629255, 60.87763416859879], [43.579253181201764, 16.51993330414611, 14.36371098474052, 86.62725921297323, 81.34775392724582, 80.79425529765633, 0.0, 85.04479497683327, 95.8686890270522, 62.674312218537054, 16.10094709152875, 66.21468025357466, 71.27449283739057, 97.32407401681925, 27.690711293753797, 50.11005957092389, 47.912410694985006, 78.83348977524265, 28.078611232957115, 98.89627656765657, 40.78779554394121, 2.189556467295211, 21.18457585058755, 72.79966703898612, 57.16335878062694, 85.43036990595108, 89.08931488645672, 28.86637046414972, 85.41689793068755, 36.27627183028173, 88.60161895936407, 50.01871388057378, 39.376247009986145, 48.47821661974902, 32.59333802467609, 42.319296954887506, 35.1430334273628, 17.63869279997099, 30.361710182461934, 80.7835927351226, 52.11608790488183, 86.42755741123409, 21.698219069322526, 19.18275341784511, 31.632268773790877, 13.676689478383759, 77.70622516828054, 30.174061335672075, 91.187976814113, 72.93995325021197, 47.61228838682935, 95.51941233465274, 19.09471618530301, 48.42267582955731, 52.92587857467565, 17.412567725497606, 75.65053279107794, 88.72950016024186, 54.43471775701369, 54.708900541855, 52.73255458272924, 86.38004004460628, 47.1708202506947, 26.54363818715467, 62.379069244668614, 33.63428844895617, 66.17960504945879, 56.232327615761946, 63.7317775983018, 85.46787995968502, 84.77233772894476, 3.4768177463454943, 87.90903051752294, 75.17636036699672, 50.76319210263232, 20.012485918343078, 70.23680943907834, 47.62937454969123, 40.93658631476272, 46.59523138249322, 76.13842156373627, 66.01830121777134, 55.59293672596218, 30.587500956229874, 44.282445712949375, 59.33671985394383, 84.76565613375148, 87.24281308563761, 67.34016976303418], [41.60232737236198, 68.70994124024627, 79.01490215663641, 14.743861881563971, 6.5722183727185595, 41.71944265952078, 85.04479497683327, 0.0, 11.214286225212534, 29.272567950079438, 78.33617372537398, 22.757398950936327, 14.339568580881132, 13.453560189608599, 71.13037574593426, 77.12376979040052, 70.7542871769525, 17.338235682882072, 84.28706899804995, 18.49585938076536, 63.94207947634482, 86.85603384635488, 66.43878908531964, 38.577191085424886, 74.42936147749823, 30.412709285265755, 21.44435295050259, 56.28083008305068, 8.015619384503218, 69.75221171406062, 27.199940144606842, 52.29180594931909, 72.38306621984631, 67.09783708090328, 85.65851362125866, 94.27637827488005, 93.37012557066042, 79.8262922773633, 67.16774232890502, 31.207991367708743, 73.10721114787819, 53.968482844549186, 64.93295194861012, 85.13399920121212, 83.4600318191243, 72.37137734619246, 10.318023532091061, 86.5233528192019, 29.126914253476574, 21.52899730669925, 59.645272938821044, 34.967999987156624, 81.7829277347715, 73.82964229183943, 40.74251082724582, 87.90497429667579, 18.362263375235678, 31.337249799262544, 62.83827336130049, 71.48926712492253, 53.04670650812559, 7.138754465373118, 66.49211629328376, 58.66662157023618, 24.451679721621133, 54.76873429778028, 59.42525492590452, 55.45463064862443, 36.76399919932718, 13.13530819968706, 7.917257871845463, 88.34161760247383, 31.799514732934533, 18.577353172887545, 82.14772828714312, 88.43233149203759, 33.59769972597087, 37.60976821599367, 47.44912139723818, 69.23355427144071, 25.42717238727062, 19.15800461722188, 74.95746068940515, 66.57111627483357, 80.11298623050627, 25.71538993929425, 37.617104222956435, 58.94272824314299, 30.05677942232072], [52.596740380213966, 79.62609435704755, 90.15597104523154, 20.68969701815949, 14.807933707465702, 43.95626617028499, 95.8686890270522, 11.214286225212534, 0.0, 37.54620676869175, 88.52076578792585, 31.624394220730903, 25.552160326335752, 3.0666169714770315, 82.34095173525124, 84.53420945913678, 81.48462629145149, 22.28940454524677, 93.67367728502533, 10.310452123889668, 74.97253646817128, 97.6383666917156, 76.82953581327496, 47.45880121982253, 84.70952673089502, 31.189192108691817, 20.528238559726866, 67.21243841438155, 15.49299788410647, 80.85930767811436, 26.678544654726352, 60.23977033396866, 80.87331454049483, 77.81060847988265, 96.82043669048724, 105.32123419618081, 104.53012647877227, 89.89379407303642, 78.37239500281991, 38.690377244075826, 80.26375671332217, 60.81766710566773, 76.00646938902075, 95.09222392345282, 92.58365609759166, 83.00520425083769, 18.811524764748942, 95.78573867169052, 27.62739050977312, 28.0750009185005, 67.53934392981309, 32.36414465408077, 92.98214277185338, 81.39582436535439, 51.75270402544302, 97.98732075772908, 28.090939079072168, 36.685528372840736, 73.25075259651668, 78.33472356128155, 60.53323469694692, 10.497810215432638, 77.26609291024972, 69.39155695286668, 34.261419914892585, 64.8496251331696, 64.64480224104865, 62.29577541412714, 43.49864065181663, 19.817520613753185, 12.373376161648945, 99.19838255379271, 37.40919393715925, 24.963599256125665, 89.57143706265816, 98.37546510208384, 39.00565937438899, 48.27514408703288, 58.66041656344007, 77.01561162035563, 34.2761066381504, 29.85109244304272, 81.73445656104599, 77.77608433877884, 91.00032607442486, 36.66335683141964, 44.205566657506864, 65.88842117482919, 40.22730710469116], [25.157450211661313, 47.84133607468404, 60.70740478993348, 39.54341489640523, 23.236837086727245, 25.200057060826406, 62.674312218537054, 29.272567950079438, 37.54620676869175, 0.0, 52.651639305301615, 6.72662070207761, 22.400075512103363, 37.96194842264724, 57.411839887384986, 47.888329035468615, 65.450325132835, 16.72371031982054, 56.37144629423768, 37.5452277998961, 55.788245227349414, 64.11916937866273, 41.98088586276925, 49.18354538256596, 72.40531718536451, 23.888505988593646, 26.444777654694295, 36.54695219907304, 34.32991391145743, 59.631540809111726, 26.22176817787016, 23.020617367763503, 43.362201996715214, 62.341734852235646, 73.07673783050654, 83.56133753278466, 80.43647607397938, 53.69137378556901, 54.28347635809099, 47.94646939475073, 43.967409228503634, 68.25811773476357, 46.29614553247234, 58.58130267878189, 55.11423262840338, 49.075836335999746, 19.1439377048044, 58.38480528724252, 28.939127556806234, 10.502322033250506, 30.374519380354243, 33.98725117964124, 65.07369160746644, 44.56923997826229, 37.26718748527418, 61.71817390389596, 33.74525447368481, 52.40038085971813, 61.09581474816131, 42.5282181786515, 23.867187852305747, 27.056419475621244, 61.20323766461467, 36.76280484257596, 8.333631575599261, 29.36963936286772, 32.72220530817211, 26.699988748564675, 9.556790895479825, 37.71364118158247, 25.19072775264337, 66.1429962610795, 52.317951971595, 13.20986583412865, 52.90274693739907, 61.8029016369345, 11.637019182102623, 18.562108310845236, 35.322978783632415, 39.96108053037878, 40.259091475446844, 15.099782774031551, 46.01577927512839, 53.72366530802284, 72.35475504295647, 16.630380008691457, 55.03019824122296, 72.40582991687347, 37.54943076724816], [39.14661339970665, 18.25582417955111, 26.53393466863945, 82.55665875253165, 73.71873821790113, 67.56393868622158, 16.10094709152875, 78.33617372537398, 88.52076578792585, 52.651639305301615, 0.0, 57.35250575117859, 65.63062483526271, 89.54655131551154, 36.8230157800448, 34.046510972789385, 56.978060986694956, 69.3413746246785, 13.808364245354081, 90.04843527336364, 47.90900134498962, 16.061382367289276, 12.326769240479063, 73.79296537149415, 66.61702383261412, 73.78075478611058, 78.86212866494182, 26.24603279436873, 80.15207920419371, 45.216222628125415, 77.49058765048423, 36.19099602303831, 23.29692729392557, 56.58425646749502, 46.15375676120972, 56.75771845120496, 50.002393164665385, 2.493643648709353, 37.972717999529415, 80.09824246132375, 36.02455186631042, 89.82716387511353, 24.538918781637143, 7.780605222332079, 16.7586687956522, 10.449783222978308, 69.78729576346032, 16.455594683429798, 79.89442220083986, 63.153530632947444, 32.622507083439935, 83.62404230659764, 32.42943388096588, 32.322333213289376, 53.09804742463001, 9.70347011866805, 72.21037280849025, 87.65818065258074, 61.329367659197814, 38.6550314190609, 38.540509204751494, 78.4294492853391, 55.1353818320972, 21.768214437498898, 54.265818936768, 23.681913998832126, 50.9184305783169, 41.5049018511133, 51.758603954357355, 81.1497720954521, 76.67908005711247, 18.847908328249474, 86.98290956025696, 65.75582897239424, 34.94478429719409, 10.868875754335775, 58.362447881911365, 41.11204444955624, 40.58466932978758, 30.624777713529667, 74.29470940777877, 59.25197612340011, 39.492094900331395, 37.95154907989487, 55.785766209606685, 53.37459808534869, 85.15231463800123, 91.5097253587147, 66.12872457480256], [25.670523672817364, 50.700924839174256, 62.88737632257819, 32.850429050665504, 16.98627314932263, 28.447893226996054, 66.21468025357466, 22.757398950936327, 31.624394220730903, 6.72662070207761, 57.35250575117859, 0.0, 16.03203013159957, 32.33890328438152, 58.15123099566422, 54.54228275416854, 64.07757706959808, 12.774359635925011, 62.049715462640954, 32.816691616860396, 54.95377240336226, 67.79720748568728, 46.102773846434935, 44.15594138162854, 70.36066272022587, 23.853041629393626, 23.533747238014865, 38.77592380092426, 27.605809548387068, 59.39907941045551, 24.865429073270985, 29.603022878945794, 49.647835291635154, 60.77984813941785, 73.71151545577708, 83.79821779604394, 81.24355506906994, 58.58087518619521, 54.7228420693077, 42.02350035873861, 50.66598858003677, 62.991978367647874, 48.36530460363747, 63.66416361077366, 61.004249882382176, 52.826424699935075, 12.88457288244347, 64.17491060314191, 27.694708803174247, 7.770660615446413, 36.947372666129716, 33.398227612848814, 66.81045418639785, 51.1972076822315, 34.59600382023952, 66.66354721746356, 27.533189288230375, 46.077624223793094, 58.79605825311467, 49.25198014705785, 30.56650807053397, 21.25042376212761, 59.75043928162441, 39.804848248082976, 4.783651132637369, 33.71958968573396, 39.09398368574827, 33.41946854292276, 15.70190361478389, 31.015223392408608, 19.439647985647827, 69.64976486127271, 46.04775626838289, 9.156849689848574, 59.54637750751103, 66.92878282151013, 15.649164034072603, 19.59300971646671, 34.95661632881602, 46.543180608102105, 34.36186936314808, 9.290612153693825, 52.739998635747774, 54.14115520679613, 71.69928902273865, 13.15527473993458, 49.14834387891848, 67.31717063714939, 32.59833004780511], [27.6961328098016, 54.82884560573645, 64.7609814632152, 17.998002764455332, 13.430535377335488, 42.82781350423737, 71.27449283739057, 14.339568580881132, 25.552160326335752, 22.400075512103363, 65.63062483526271, 16.03203013159957, 0.0, 27.662625227480756, 56.81404875831714, 68.86790505518123, 57.436641818706605, 20.120635881856238, 72.8213981419746, 31.683941693039557, 50.044884373512694, 73.14733832500741, 53.475226725613346, 29.917985402507334, 61.93453667864971, 34.78602360738713, 29.35965536595176, 42.415230878065486, 14.527591688198186, 55.679145558843445, 33.53535292351915, 43.945310707401916, 62.52287158880541, 53.83548933082854, 71.4553604157139, 80.29797191067158, 79.16768600363346, 67.30193757730643, 52.87027473402141, 26.245845302402483, 65.335667767709, 48.000631883869175, 50.79555412382166, 72.74872611131715, 72.420675240423, 58.95328273619618, 12.277258852225152, 75.23239174078944, 36.12771526960551, 20.04352380688849, 51.093473133650214, 42.329477113897006, 67.45230699784936, 65.40498796811663, 27.023874063232963, 75.3042549548728, 11.54565449876136, 30.04938795835187, 50.203095093086105, 64.23893424206467, 45.44601742779561, 18.365635179725746, 53.11179079806945, 45.1670422544343, 14.788688294718325, 42.510466172459225, 55.077378924692724, 48.79480808876803, 31.714960437363214, 16.300795723093053, 17.559128023783675, 74.51321949230704, 30.016190028792543, 18.56174381705228, 73.77180733714962, 76.04937326199902, 31.18269077013898, 24.518789866787177, 33.10961574742941, 60.579120432592234, 18.696342657165758, 7.662048827308237, 67.72076127015852, 52.272873724613774, 66.45738153186505, 12.257208300673131, 33.378462992385785, 52.58078188196675, 19.124091107508487], [54.27084577121707, 81.18032652945699, 91.97739253080505, 23.747398535643754, 15.982290421876337, 42.53337511415113, 97.32407401681925, 13.453560189608599, 3.0666169714770315, 37.96194842264724, 89.54655131551154, 32.33890328438152, 27.662625227480756, 0.0, 84.46820643390303, 84.37946370479143, 84.0870242829079, 22.06618570896554, 94.28296166014707, 7.361296302637923, 77.39196479574454, 99.05723499281716, 77.99702665139736, 50.42802415626344, 87.47099183521037, 29.591165543331666, 18.8295180745443, 68.7975122679754, 18.428084759816997, 83.2031089744096, 24.871317010629074, 60.361561460360335, 81.12710791513985, 80.42001959368785, 99.08521071634988, 107.72890017972303, 106.79760196032689, 90.85152970025592, 80.53239167434437, 41.73818013687946, 80.03335891508794, 63.88427163436664, 77.73652582140677, 95.98317454052611, 93.07611460190611, 84.32524358150137, 19.77728573876083, 96.33477038025393, 25.57377824450298, 28.106770855005742, 67.60987190620133, 30.002583824907916, 94.94205567709491, 81.30398429901136, 54.18589069926633, 98.94250806036561, 30.90378044047918, 39.74015161214664, 75.9695117200608, 78.00617812591905, 60.4907905031843, 11.118716452544435, 79.84695973562603, 70.79944085830542, 35.31667690711155, 65.86534796897463, 63.868800749870154, 62.02832340958773, 43.33188415228104, 22.849049341477226, 12.900270452426058, 100.6799350287277, 40.46886995072847, 25.04192685705835, 89.40921903136015, 99.25403423642217, 38.49192395760708, 49.694707889688274, 60.70070956725236, 77.01333904780309, 37.22647695948962, 31.401228886170177, 81.37339281164047, 79.93489422540154, 93.5224442134644, 38.348066881415335, 47.27213831085941, 68.95495991879494, 42.984344754688195], [32.51778492736284, 19.439331384645286, 13.715617475502956, 68.42787121504769, 69.33968002910109, 80.90839149860751, 27.690711293753797, 71.13037574593426, 82.34095173525124, 57.411839887384986, 36.8230157800448, 58.15123099566422, 56.81404875831714, 84.46820643390303, 0.0, 66.69116370972844, 20.461939237435736, 70.57363749303678, 50.608211072410136, 87.91878937765281, 13.453273268216858, 29.793752807320097, 30.62721781629677, 48.96567358409036, 29.983867653839532, 81.22501881053402, 81.48566095770852, 22.782086635808735, 69.11082390269351, 8.654570654747843, 82.93657740497785, 55.461600621023045, 55.16095942138596, 20.790886192713593, 15.666353092053331, 26.44632572176924, 23.096461342790086, 39.273532661103154, 4.135174598704153, 58.42607101257075, 66.88879591660836, 60.05552963132103, 14.880504784622772, 43.45327521504388, 53.2905523235504, 26.74824083566852, 66.55243884528383, 53.278538865009104, 85.75201470357854, 65.86993565296147, 56.79607112950381, 91.20526681601189, 12.38940729497648, 63.92244748880501, 32.0237771340369, 43.13605426961532, 57.31080682623569, 66.45429154599104, 26.86828499043761, 68.54018014625795, 58.69524062960927, 74.55070796867153, 19.480803504672913, 25.768763635400653, 53.45967262918376, 36.24327650410609, 74.1455201230972, 63.30439016575783, 62.50072984010047, 67.70753268597967, 73.32698599260215, 29.04977905346455, 65.49895451675489, 67.13465635234296, 69.10323909341247, 45.496209853788905, 67.97009295585646, 38.928316863879196, 23.883236222786312, 60.338413658901445, 55.52324129885555, 54.12470570587051, 70.62408523615753, 4.696689907744258, 19.55621698358407, 47.056955982884666, 61.03129209246662, 60.34589151632563, 46.58843892880606], [51.81357768753543, 47.45706189072818, 59.394108768191394, 86.76529103918395, 70.9157064117926, 48.687695085792406, 50.11005957092389, 77.12376979040052, 84.53420945913678, 47.888329035468615, 34.046510972789385, 54.54228275416854, 68.86790505518123, 84.37946370479143, 66.69116370972844, 0.0, 84.83405795406253, 62.32555658557733, 24.21007652229019, 82.05942303065734, 74.51093183061728, 49.8466328505568, 36.06844979512028, 88.69534060369902, 94.28017783699836, 59.56595429547214, 68.32468589089208, 47.28962140155455, 82.04264457075152, 73.97413665851067, 64.48146101490529, 25.00408809497821, 11.549817066355102, 83.39250654986127, 78.75826641036144, 89.79532579381419, 83.44159936241044, 32.52093118011014, 66.39317747898444, 91.31692771189394, 4.764826658011909, 107.33014219836515, 52.00429043866121, 32.789759954405575, 20.503952521674638, 41.23262801354251, 66.88442764793689, 23.743874825261432, 66.01880929146496, 56.47166228836471, 17.774436240923876, 67.42439916787413, 65.4383295352433, 3.5428853172469905, 69.7004139250361, 36.1278518995924, 79.06860513443391, 97.38729041707319, 86.25654319197915, 7.8019908277347305, 24.093131151078246, 74.13910561655254, 81.91162169627214, 42.60899186707868, 54.19110888487032, 34.43638962895061, 25.223911877770693, 22.458947863951803, 41.05538973995991, 84.99444478565515, 72.26531723225094, 52.63940787919908, 97.05309349498101, 59.58961471574685, 5.038739252766795, 34.16927670165995, 46.2178811759631, 49.00392226785289, 59.303512860779506, 8.455701259805133, 84.01617330228935, 61.21435114462494, 6.311026095839759, 66.15203165761933, 86.24224505008428, 58.56388106208293, 97.82940027699135, 110.31660062052526, 78.16291049850128], [41.09498375666958, 39.00472454778304, 33.60922531309199, 63.9200865831161, 70.85370995309044, 90.48663105795774, 47.912410694985006, 70.7542871769525, 81.48462629145149, 65.450325132835, 56.978060986694956, 64.07757706959808, 57.436641818706605, 84.0870242829079, 20.461939237435736, 84.83405795406253, 0.0, 75.07862457414458, 70.6696400149338, 88.97077702382744, 10.587537945991452, 49.95338224196699, 49.346514557454334, 38.96846993615902, 9.655129076312587, 87.92772654297855, 85.67216613609519, 37.94796549685332, 66.56470586760128, 11.832067572892715, 88.48497654101784, 69.82379375827777, 73.49726500101352, 3.6874421958981594, 22.345690191379408, 25.905942892827586, 28.45677838307557, 59.45583355702681, 19.05373675025036, 49.64904602502236, 84.39604584563727, 44.318981991450556, 33.31414270708652, 63.824342034165156, 73.1478747905132, 46.67352370424243, 69.06961119291404, 73.39214583173307, 91.29584935919301, 71.71125990458209, 72.69020031881819, 97.25450674803892, 30.24413921968494, 81.79893769650302, 30.501323271337284, 63.59132929017577, 53.790314584721365, 57.09881526320775, 10.147030061340656, 85.63295166385943, 73.02667296223632, 75.77854649694865, 4.360096294787714, 42.31689596507849, 59.340178905625784, 51.785374901247344, 88.44097065151583, 77.81442390970336, 72.61616165612672, 63.74655225849984, 74.98697020779153, 48.91721929647872, 56.02983661763336, 72.11917156558718, 87.74618506935222, 65.93606514826801, 76.9503807875151, 47.57987843054866, 30.55626361770835, 77.76072099745444, 49.44535660904358, 57.46827810416442, 88.08969828197962, 19.14088474740014, 10.351463629498232, 51.19218903200223, 49.965463703504, 43.39737178895136, 41.6343293240302], [38.239735144974446, 63.44844082586859, 75.65031090014169, 31.307442228699795, 10.910935956225762, 24.565355922767335, 78.83348977524265, 17.338235682882072, 22.28940454524677, 16.72371031982054, 69.3413746246785, 12.774359635925011, 20.120635881856238, 22.06618570896554, 70.57363749303678, 62.32555658557733, 75.07862457414458, 0.0, 72.90565462366574, 20.849666105163177, 66.49069101152813, 80.37142660670793, 58.45478055895549, 49.980557173462756, 80.61597423374236, 14.731081431026332, 10.91316870799211, 51.55007410258741, 24.767216297325113, 71.31576806548473, 13.635592621559507, 38.37755866011253, 59.228817261393154, 71.63555015099182, 86.03799862846951, 95.89003750181057, 93.62884661972775, 70.40913610544271, 67.03106015578632, 45.16160841412506, 58.00903674554162, 67.60644306303396, 61.12808331343087, 75.3030070755627, 71.48208753218434, 65.35727543824834, 8.583260224615001, 74.83334013307079, 16.367872514898647, 6.277598971507045, 45.583553880725994, 22.50705883594271, 79.5109965914311, 59.238635716360896, 44.809457812063926, 78.44085433417312, 30.47566566608921, 47.132757669914064, 68.89384849599043, 56.04876087512169, 38.428603636236424, 12.196644545613102, 70.71999054695402, 52.511098615198655, 17.211143084327894, 45.914217546596916, 42.6736894508465, 40.021794911828316, 21.271048265815647, 29.51294483241929, 10.420995922927274, 82.28151294847365, 47.398887072286506, 3.657721658426162, 67.35815514706348, 78.52081976270466, 16.827486005816596, 32.328066900233544, 47.037505503442496, 54.95522010758522, 38.061127776670304, 17.634342761694327, 59.445438987788705, 66.44229411305753, 83.24697571104662, 24.066160828550615, 52.136963957374654, 72.3299922994735, 39.21056970358147], [48.49190885446374, 31.73319404662972, 40.116298378433385, 90.47056290706679, 78.98188636279684, 66.30190515323484, 28.078611232957115, 84.28706899804995, 93.67367728502533, 56.37144629423768, 13.808364245354081, 62.049715462640954, 72.8213981419746, 94.28296166014707, 50.608211072410136, 24.21007652229019, 70.6696400149338, 72.90565462366574, 0.0, 93.73127412920981, 61.384178577533085, 27.278377453208957, 23.191188540017137, 84.867866717524, 80.31975990781064, 74.64341101499649, 81.32590440753714, 37.684873731362345, 87.23276928731077, 58.94888578245367, 78.93755339578318, 35.776113390740434, 16.518164841355667, 70.1492461085965, 59.66043270129645, 70.01909597776846, 63.04319325739561, 11.416819166174081, 51.62758630514637, 90.19797261379198, 27.53627311077001, 101.76538758535553, 37.81319202539768, 9.110861877461504, 3.795084516434206, 23.998140429480845, 74.90437967800705, 2.819474959107227, 81.04701410609442, 66.63044991506418, 29.93117118277157, 83.89460087982943, 45.88849378807334, 23.707706848911805, 64.26132413660079, 12.086721272638263, 80.79515629035569, 97.41565409028448, 74.6317857037913, 30.63512296454254, 37.14212887711046, 83.26305918184215, 68.68773501573861, 32.75144031423015, 59.83614621759645, 30.58626332894047, 46.01007005861652, 38.62240198300346, 53.11066654864644, 88.91573921284868, 81.42501671546582, 29.966289325953415, 96.83469818667602, 69.52438607685716, 23.565649376265718, 9.974442286529259, 59.503691422058274, 48.85755648651048, 51.997116230147086, 24.053724688101052, 83.83904798203297, 65.77777296471267, 30.382221835448277, 51.577458732513826, 69.58630401300385, 60.8104396119913, 95.74914759515248, 103.77359512486285, 76.22572782023164], [56.6892561538673, 83.08291810368125, 94.54783453650225, 30.65929359284979, 18.589919625731874, 37.71632474603368, 98.89627656765657, 18.49585938076536, 10.310452123889668, 37.5452277998961, 90.04843527336364, 32.816691616860396, 31.683941693039557, 7.361296302637923, 87.91878937765281, 82.05942303065734, 88.97077702382744, 20.849666105163177, 93.73127412920981, 0.0, 81.72480972867695, 100.52751283375632, 78.91859167885262, 56.74705075464194, 92.88655948366302, 24.637912362265478, 14.15423071288111, 70.8559868669498, 24.85741901954168, 87.288212157543, 19.580499217906567, 58.86483237209796, 79.78406174938426, 85.33664050191257, 102.88818723748612, 111.94302551827862, 110.5898946064379, 91.17649069741971, 84.09203459989398, 48.508717996428054, 77.56162813004855, 70.88253850895089, 80.1237600158142, 96.11899520125544, 92.24582765722525, 85.60199962088696, 21.54605996921984, 95.62776481235196, 19.681568553316428, 27.12536521715543, 65.92482519058804, 23.376084286356928, 97.88385520749453, 79.14609536656197, 58.67961134979285, 99.22714410486815, 36.76220495439147, 46.91561717102462, 81.26253474121607, 75.32037538980614, 58.60423980903846, 13.404022711843178, 84.67321166214354, 72.38318726257795, 36.52224227933327, 66.49202221689387, 60.264518281645195, 59.60047517025994, 41.3960546915245, 29.598102609950093, 14.603189459675376, 102.30885634613819, 47.611773158413634, 24.341796152764527, 87.04801246875742, 99.34598290988963, 35.84214627710372, 51.516007588377015, 64.03659388431817, 75.08975873671399, 43.51966309098461, 33.93082412023696, 78.59481983884729, 83.49363987793733, 98.12504850067921, 41.03320145100682, 54.277685078812624, 75.94127151189198, 48.5525159260894], [31.002163681746975, 29.67771462740716, 27.127573595968414, 58.95171088825749, 63.28206701234703, 80.62094633427321, 40.78779554394121, 63.94207947634482, 74.97253646817128, 55.788245227349414, 47.90900134498962, 54.95377240336226, 50.044884373512694, 77.39196479574454, 13.453273268216858, 74.51093183061728, 10.587537945991452, 66.49069101152813, 61.384178577533085, 81.72480972867695, 0.0, 42.935365522642144, 39.39358520791637, 36.834114283271816, 19.77854180852489, 78.76333866246019, 77.26567151398262, 27.43508078191078, 60.67025189632928, 6.617857548786793, 79.66148875118373, 59.25242681792508, 63.25631993245814, 8.922117449987148, 22.795951999792436, 30.34965761905044, 30.279835099097543, 50.40250911913647, 10.444028661966893, 46.89919940787072, 73.95084250094894, 46.67711359503758, 23.613090600194944, 55.09920558370569, 63.646736785281426, 37.4735457556675, 61.10573908843187, 64.15465900232893, 82.48909434877952, 62.68438167928582, 62.1147534079313, 88.32448314947645, 25.457336094986402, 71.4247090642314, 23.2201589277734, 55.24852378044009, 48.18588547692085, 54.802040991223066, 13.697825820621231, 75.13017773486236, 62.45993433529419, 68.36414326904156, 7.4358275394446345, 31.91593326620379, 50.17504273120368, 41.22466362121249, 77.89147971081894, 67.24453958184765, 62.56201405721341, 58.50101385700944, 67.39906238403138, 42.37352742678165, 53.79360191099864, 63.35413672854691, 77.55403586042462, 57.45899947419311, 67.15265817661474, 37.58318514776399, 20.52248342110749, 67.3154533191107, 45.10347634360551, 49.068823199650346, 77.63201009893488, 10.277407657034068, 16.7648874588261, 42.42781661592487, 48.71845214185179, 46.89328164385309, 36.50977576487359], [45.461979861452505, 18.499292406390328, 16.358338128296143, 88.61962884785966, 83.07617468453746, 81.79154680085563, 2.189556467295211, 86.85603384635488, 97.6383666917156, 64.11916937866273, 16.061382367289276, 67.79720748568728, 73.14733832500741, 99.05723499281716, 29.793752807320097, 49.8466328505568, 49.95338224196699, 80.37142660670793, 27.278377453208957, 100.52751283375632, 42.935365522642144, 0.0, 22.374364981069853, 74.96998386076416, 59.159276744395434, 86.70017586906836, 90.55516068218151, 30.76986795884266, 87.33449329288983, 38.356074540427876, 89.95221030603345, 50.83630970972926, 39.33578974173505, 50.57219704685241, 34.16489409987