instance_id,num_cities,city_coordinates,distance_matrix,best_route,total_distance
1924,51,"[[7.219774375676602, 99.395629707908], [85.58946506821883, 6.730804821411063], [7.200482440623368, 61.9946908504424], [52.894927263796276, 30.871509945676824], [6.562131817562866, 43.495884871575576], [95.98843299563912, 17.669641754075993], [31.716941764342987, 28.36215232768887], [0.5463745651702601, 8.831567845337872], [12.967039204342857, 1.4643121287169047], [16.486718606528505, 34.43260256614511], [0.9974296465616317, 17.74405721958753], [98.57249050564565, 71.4194870510823], [74.54514338362027, 78.77859163085257], [45.191242159854426, 29.968535649509796], [30.531229765783475, 56.95748722242284], [40.91089171628774, 12.024259614498966], [87.93613472070646, 5.6223866012037105], [70.629807017002, 81.97608438375876], [43.00106866012388, 11.89623500692053], [33.390769850458724, 39.59054294203585], [17.117642468928473, 44.077329108219566], [83.34986113725515, 75.4597470100142], [75.2942946936894, 37.502654477811994], [1.2163484237896371, 89.47768931527132], [39.63901658516748, 87.70987221897208], [52.587241139465604, 60.56504559157677], [37.408142150284775, 33.45296289933315], [98.90768159060195, 98.3597753138689], [42.30843605183772, 59.38436714166636], [22.635035332327536, 16.990243188151823], [53.6198285777218, 20.324970080962814], [50.69106623536046, 73.32762100157589], [74.51125900687792, 63.0579752903026], [19.569954191814553, 79.88723020568513], [2.4707660647990237, 0.6929448983357123], [12.389816913992425, 98.72262147241881], [33.83601352289812, 22.590110396704667], [63.50632234203939, 46.06224736057065], [71.42343323269587, 33.758486703614174], [93.69162168536388, 94.2878935603395], [50.295137591357076, 20.14458157673151], [49.78829983667631, 25.403813640822392], [50.91729767903862, 59.29969124006489], [86.39383174874166, 59.1100542217361], [29.888612989589625, 93.29531813448591], [67.66252788725802, 61.18178823244336], [48.10926341029494, 29.794434647893876], [81.44867424974551, 75.60162477156679], [91.73072946921387, 72.85098640978224], [32.89801770291495, 97.73211693528992], [23.637956709383968, 78.8175121490379]]","[[0.0, 121.36135377660337, 37.40094383299221, 82.35153052944256, 55.90361317930457, 120.66073039815953, 75.13897869145175, 90.80960062723707, 98.09981659415683, 65.620661005503, 81.88831945853693, 95.5404799144204, 70.41141648288674, 79.13250757481735, 48.419209927706206, 93.64212566819637, 123.72773314862667, 65.75920314962798, 94.53277259082913, 65.28069704908613, 56.19681640474755, 79.80423917845974, 92.00478628506679, 11.593388839838166, 34.46105328523574, 59.71617287953888, 72.5242914803152, 91.69375836870474, 53.21762217883121, 83.83482568617924, 91.67951921663285, 50.688206654637355, 76.4759376042198, 23.089057854950923, 98.81686631620413, 5.213662813515215, 81.28660395788297, 77.54111912125678, 91.81690668060337, 86.62256833933665, 90.20097308817046, 85.36315484346399, 59.30563063036197, 88.8338840373731, 23.475307141685317, 71.50960867165846, 80.72345797408774, 77.94924148075577, 88.58171153599712, 25.73207055636068, 26.32519009256227], [121.36135377660337, 0.0, 95.91105096087325, 40.64119149510219, 87.16071656316988, 15.0929350159255, 58.05311328485318, 85.06903342340507, 72.81313537842168, 74.44850009797918, 85.30594460625149, 65.97866744729129, 72.88937251487097, 46.6048125003531, 74.52602833661837, 44.99106111674131, 2.5952744380496773, 76.71794747922546, 42.9005032326476, 61.68035482868637, 77.99457267255119, 68.76542241658913, 32.448378454350085, 118.1772808357626, 93.10774979759893, 63.14485144129918, 55.09549537361193, 92.59180916714385, 68.15896931240842, 63.7849221914727, 34.7398760279671, 75.18666215780506, 57.40624341105327, 98.5415566721194, 83.33770981057603, 117.56140021561146, 54.1288954273445, 45.10684609763827, 30.515111762708987, 87.93115904095279, 37.75736959701422, 40.378270026166575, 62.9733833517039, 52.38542520108228, 102.93687331279712, 57.32612555474711, 44.00791448241632, 68.99518815982111, 66.40477047413165, 105.1552539433869, 95.04989616655935], [37.40094383299221, 95.91105096087325, 0.0, 55.286840001294685, 18.509816697139946, 99.23714093601858, 41.61976003361983, 53.57793201752044, 60.804440011439276, 29.08440978806967, 44.683290396948856, 91.85679420303155, 69.40463012605044, 49.688755679716635, 23.86833029645348, 60.277986789863434, 98.46868657324124, 66.50214510637117, 61.57545981610856, 34.46559150967147, 20.478816245786355, 77.33068998310735, 72.36454320199954, 28.12694552469598, 41.39479496583031, 45.40926943646119, 41.55878895696832, 98.65409136962326, 35.20486041204789, 47.57757594029634, 62.37885318601292, 44.94292140724186, 67.31917420581074, 21.751937752357296, 61.483935086918194, 37.092722737070794, 47.56230100373524, 58.51658194530717, 70.15604487898621, 92.32317211359019, 60.07146534572136, 56.148147658930284, 43.79980545036326, 79.24586868170046, 38.6585118205751, 60.467509873131576, 52.061356685494935, 75.48471790805102, 85.22453764020241, 44.01734819053346, 23.52015894462971], [82.35153052944256, 40.64119149510219, 55.286840001294685, 0.0, 48.02189892259748, 45.07038451143692, 21.32613292348165, 56.79903183529732, 49.588501977112145, 36.581949623860964, 53.53204903612961, 61.07845963229292, 52.572048976858305, 7.756424869760159, 34.3600520410772, 22.33463572682644, 43.19032819628296, 54.094394241530466, 21.399754603052227, 21.364308853689785, 38.136698428768845, 53.99642471258909, 23.360302632145476, 78.13680164444835, 58.36367529405717, 29.695129733770084, 15.70045899023409, 81.68132909757583, 30.414746779478012, 33.29190031370597, 10.571423037270467, 42.51327286181921, 38.771566249092324, 59.271364611047176, 58.7651412058123, 79.02175206779566, 20.780369858900798, 18.529981346855624, 18.75207103869912, 75.40562304290592, 11.037477002168805, 6.2886275810428485, 28.496885978666235, 43.81314853468595, 66.52835730180622, 33.71639064305814, 4.905371516593157, 53.066935461499064, 57.18825034164534, 69.78694117817149, 56.16751243651844], [55.90361317930457, 87.16071656316988, 18.509816697139946, 48.02189892259748, 0.0, 93.08092272832386, 29.35633362953425, 35.18244178869948, 42.51677252416332, 13.440257031755023, 26.34620537515113, 96.15421813206638, 76.5934674619959, 40.92917471453169, 27.490587376477244, 46.5864841225662, 89.75594810215468, 74.73548527947248, 48.2320846510385, 27.11139085858133, 10.5715127825406, 83.17477897102846, 68.99296358457953, 46.291508292465686, 55.21736124703111, 49.088358454712356, 32.43973851909008, 107.4139052327435, 39.11830946316987, 30.99818169578637, 52.45300865160081, 53.26626825093201, 70.70897586120283, 38.6462605971975, 42.9980341885029, 55.53336248744591, 34.36445881533398, 57.00199163987872, 65.58814942004503, 100.85324065820944, 49.576800618621135, 46.85962700486713, 47.08652709992241, 81.34434582930312, 54.991892831361774, 63.60856528458706, 43.748072892595204, 81.47866452006303, 90.08558160031623, 60.292186507335785, 39.232654119548265], [120.66073039815953, 15.0929350159255, 99.23714093601858, 45.07038451143692, 93.08092272832386, 0.0, 65.15484914771423, 95.85039419773582, 84.5882056513556, 81.24973505184299, 94.99103249742029, 53.81192453970711, 64.76201374592445, 52.2648771916501, 76.34251932062057, 55.366107799632346, 14.490543958971697, 69.12581627155726, 53.300966264156344, 66.32490738877647, 83.1743202539249, 59.1559782618118, 28.66349165332264, 118.90392638027005, 89.89377405235852, 61.02195608892473, 60.66929785237857, 80.74292331998147, 67.98279477962497, 73.35654388780394, 42.45173033982867, 71.76114609822174, 50.21324350944951, 98.54345343768094, 95.04610599240372, 116.44017404654052, 62.346886513912196, 43.14194670664096, 29.364777287827025, 76.65267022121935, 45.760272857892225, 46.84303276560595, 61.35526268327108, 42.53662138177838, 100.44117249826702, 51.91978227384922, 49.390540419194885, 59.72871370394336, 55.34535967297325, 101.93331366119175, 94.7293696415585], [75.13897869145175, 58.05311328485318, 41.61976003361983, 21.32613292348165, 29.35633362953425, 65.15484914771423, 0.0, 36.783800642951405, 32.78799556817909, 16.395428129036517, 32.50280554781697, 79.52105677732808, 66.15188739522898, 13.56971770248387, 28.619907244530303, 18.747145223381846, 60.64399889486393, 66.24699836735604, 19.961411598743823, 11.352464765425404, 21.45008907115357, 69.88663525904109, 44.52566077988311, 68.30369723087006, 59.874127348638275, 38.37441505186236, 7.6358440338517335, 97.02712374442221, 32.7804448292972, 14.553396233105518, 23.33093974161289, 48.804823250412234, 55.09222920982374, 52.937538263700354, 40.26069836474732, 72.9666593263494, 6.148734273892946, 36.38486061106553, 40.07150969732951, 90.48239778204047, 20.314473392974616, 18.311901877322782, 36.41133039598756, 62.729544628125495, 64.95890091282016, 48.67456895176938, 16.454775646878836, 68.59163923376916, 74.70549559884697, 69.38001823315194, 51.098075641065506], [90.80960062723707, 85.06903342340507, 53.57793201752044, 56.79903183529732, 35.18244178869948, 95.85039419773582, 36.783800642951405, 0.0, 14.441238412022592, 30.15804282331403, 8.923895871902698, 116.30291069822938, 101.82535992127781, 49.395704372966286, 56.70269532651357, 40.49058564130342, 87.44866508014772, 101.30058145869543, 42.56516457747312, 44.9985427614669, 38.94702308185028, 106.28137958877674, 80.0579963040939, 80.648904351606, 88.03420676625271, 73.37986449649662, 44.32835440103662, 133.0046865801336, 65.57175684935598, 23.547248625603658, 54.303681420068486, 81.69596670234536, 91.7131800498843, 73.55816566010157, 8.363041678558918, 90.66790307962688, 36.02079337096343, 73.14423094976159, 75.13260762895801, 126.4073600143219, 51.018856340792205, 51.95581329505429, 71.30400672001981, 99.48724590210942, 89.41527872049065, 85.11829187273736, 51.977593055810026, 104.89720013510691, 111.4139691986427, 94.60410372815208, 73.69703905859156], [98.09981659415683, 72.81313537842168, 60.804440011439276, 49.588501977112145, 42.51677252416332, 84.5882056513556, 32.78799556817909, 14.441238412022592, 0.0, 33.15563779300271, 20.206475526163732, 110.55324414470371, 98.84007653400668, 43.021971301200544, 58.20647104969777, 29.87258582901392, 75.08431837514674, 99.03100657604348, 31.794149466332797, 43.2520317388162, 42.81467883279484, 102.12279866176969, 71.99617278789796, 88.7943314497208, 90.27563908765774, 71.15235131201152, 40.25718931245173, 129.51650396620508, 64.9280397183318, 18.29001597574624, 44.814882597502454, 81.16302962305485, 87.07163908394988, 78.7003974960651, 10.524578719550503, 97.26002221862635, 29.69534376915401, 67.40322668104902, 66.78370844953137, 123.01494009480409, 41.74133917162986, 43.91930062287342, 69.17480173625049, 93.35162261478408, 93.37704923267353, 80.98008047947373, 45.139470135270564, 100.92608911671645, 106.30040530991145, 98.30937974673112, 78.08576076201845], [65.620661005503, 74.44850009797918, 29.08440978806967, 36.581949623860964, 13.440257031755023, 81.24973505184299, 16.395428129036517, 30.15804282331403, 33.15563779300271, 0.0, 22.768961730159333, 90.03390234892619, 73.05715183145574, 29.049570837787613, 26.544655252631433, 33.14625266804794, 77.03926016651195, 72.0545396624398, 34.79796864084257, 17.673463083919426, 9.665340914398273, 78.44683811539102, 58.887657654109034, 57.123951025263565, 58.09041541727627, 44.56626869762076, 20.944346659039773, 104.3067522010887, 35.90754304122775, 18.494261251312807, 39.72270321201347, 51.795365196187994, 64.70130796412636, 45.5590772022833, 36.5350711672084, 64.42042482355527, 21.00577670257462, 48.436471521870565, 54.94085043128717, 97.68957426159689, 36.703633853443456, 34.50383082914363, 42.47160079847428, 74.13488442084618, 60.36911509318416, 57.74497717851915, 31.960881425644548, 76.90867357029244, 84.48451566920977, 65.39234861511417, 44.95731759219293], [81.88831945853693, 85.30594460625149, 44.683290396948856, 53.53204903612961, 26.34620537515113, 94.99103249742029, 32.50280554781697, 8.923895871902698, 20.206475526163732, 22.768961730159333, 0.0, 111.36401694106435, 95.57447664909404, 45.85336342454836, 49.09112386235838, 40.321216983551494, 87.77968636620733, 94.73342225359669, 42.40875752733873, 39.07169599577876, 30.875596671141736, 100.56353126463952, 76.87929709254522, 71.73396614624022, 79.92738898313856, 67.04584770906699, 39.654882457068574, 126.82788116026418, 58.65590047577088, 21.65073244503932, 52.68565251060462, 74.55863518148635, 86.35759537028102, 64.85917527045864, 17.114647282174705, 81.7760011011852, 33.19422875137535, 68.62420534239814, 72.22384601233207, 120.21302807718543, 49.356119436191385, 49.38846912328089, 64.95278241325596, 94.8877821427974, 80.88691798301818, 79.56803251926567, 48.62855618611637, 99.09541301812696, 106.15698442156521, 86.11467479717916, 65.13493964610696], [95.5404799144204, 65.97866744729129, 91.85679420303155, 61.07845963229292, 96.15421813206638, 53.81192453970711, 79.52105677732808, 116.30291069822938, 110.55324414470371, 90.03390234892619, 111.36401694106435, 0.0, 25.129063451276828, 67.58505047013402, 69.56121478319692, 82.78075269764308, 66.65126024311334, 29.87030813016147, 81.43218319464205, 72.53784109461505, 85.92139355048393, 15.749671279843694, 41.136673808938745, 99.01675146194655, 61.14352784435883, 47.24893711680289, 71.98982196047777, 26.942373405946835, 57.536839805598326, 93.42932990067975, 68.05432740697715, 47.91942993529954, 25.472686159157803, 79.45504023125608, 119.32219075003884, 90.40417234085501, 81.08711042202009, 43.273846078207235, 46.42652537054546, 23.383474863959712, 70.42598054563653, 67.06220588845893, 49.172216279539946, 17.315942529856702, 72.0834725594584, 32.56126941891672, 65.41545900202122, 17.627119988215007, 6.989913053364423, 70.74949377444273, 75.29883883973952], [70.41141648288674, 72.88937251487097, 69.40463012605044, 52.572048976858305, 76.5934674619959, 64.76201374592445, 66.15188739522898, 101.82535992127781, 98.84007653400668, 73.05715183145574, 95.57447664909404, 25.129063451276828, 0.0, 56.956765023624875, 49.12621692703389, 74.74893797353266, 74.37169477247333, 5.055078512609986, 73.94780779531162, 56.82768357890419, 67.09765630759111, 9.409451861742054, 41.28273507832462, 74.10521480652773, 36.03061838233399, 28.52863001072207, 58.59666782772124, 31.25629572285665, 37.62102129304776, 80.69980992030581, 62.08618744957441, 24.468961510378165, 15.720652857873112, 54.98636654812208, 106.26421830292281, 65.27671050893498, 69.38572387326755, 34.52846293132171, 45.12820539225928, 24.639928524635085, 63.4508464557532, 58.83679314759491, 30.62193091680775, 22.96176778446244, 46.956799882597124, 18.89491693321333, 55.66240549325194, 7.599464247204802, 18.179132893573573, 45.757176474629766, 50.907201552356796], [79.13250757481735, 46.6048125003531, 49.688755679716635, 7.756424869760159, 40.92917471453169, 52.2648771916501, 13.56971770248387, 49.395704372966286, 43.021971301200544, 29.049570837787613, 45.85336342454836, 67.58505047013402, 56.956765023624875, 0.0, 30.7135063188715, 18.447721873998574, 49.192080800888256, 57.89564497729155, 18.204529943809433, 15.226101637065192, 31.419501149236748, 59.37617799512302, 31.03154392507414, 73.99412577437081, 58.00766464580461, 31.477725800022668, 8.52747788142981, 86.96446129278885, 29.556754108517534, 26.023422942778144, 12.80778770429629, 43.70650234723969, 44.21056891345566, 56.10994977126564, 51.788988130860695, 76.17780395563928, 13.541874929594682, 24.381339559560743, 26.504557673626046, 80.55598435982188, 11.070673972246254, 6.478396892798571, 29.884852351753906, 50.46663743034293, 65.14945770627808, 38.46070486936792, 2.9232104229401807, 58.283618664035096, 63.2837140362765, 68.86963275801045, 53.39257081992691], [48.419209927706206, 74.52602833661837, 23.86833029645348, 34.3600520410772, 27.490587376477244, 76.34251932062057, 28.619907244530303, 56.70269532651357, 58.20647104969777, 26.544655252631433, 49.09112386235838, 69.56121478319692, 49.12621692703389, 30.7135063188715, 0.0, 46.11650816651493, 77.01049064039545, 47.26336955289101, 46.75482149767996, 17.600787571410855, 18.596311387402245, 55.96553794258509, 48.80801674787353, 43.78271133969303, 32.07274487354227, 22.349096516477974, 24.489887455821886, 79.93427689895505, 12.024655256875473, 40.73978991386569, 43.301555482661385, 25.969218055756972, 44.40111402559474, 25.415008862618045, 62.87359021125848, 45.535011795093624, 34.52590600639177, 34.72841750008113, 47.014528918740076, 73.36752922641573, 41.782796395362794, 36.96578234272158, 20.520177499819766, 55.9040592890439, 36.343512649642605, 37.37081774873383, 32.35457760463273, 54.22351904597077, 63.229598135436305, 40.84326276585618, 22.921123515707404], [93.64212566819637, 44.99106111674131, 60.277986789863434, 22.33463572682644, 46.5864841225662, 55.366107799632346, 18.747145223381846, 40.49058564130342, 29.87258582901392, 33.14625266804794, 40.321216983551494, 82.78075269764308, 74.74893797353266, 18.447721873998574, 46.11650816651493, 0.0, 47.45900818288336, 76.00310332611593, 2.094094065864706, 28.57362786506043, 39.918892441001475, 76.32252083507449, 42.794474002110235, 87.03269810601353, 75.69629859949258, 49.92539473178574, 21.71309694611981, 104.0069656648126, 47.380723033262015, 18.9385300227058, 15.179554354327394, 62.07861089761975, 61.10175789403549, 71.1394292350147, 40.07545325132305, 91.26914953435765, 12.715781698469694, 40.855086524995656, 37.46187150893237, 97.7400170147508, 12.409822698736352, 16.056800455858205, 48.32281651223297, 65.46579173729377, 82.01509361872463, 55.96528082345328, 19.1727847680658, 75.40154622449765, 79.26251700433042, 86.08160637717704, 68.99052737800613], [123.72773314862667, 2.5952744380496773, 98.46868657324124, 43.19032819628296, 89.75594810215468, 14.490543958971697, 60.64399889486393, 87.44866508014772, 75.08431837514674, 77.03926016651195, 87.77968636620733, 66.65126024311334, 74.37169477247333, 49.192080800888256, 77.01049064039545, 47.45900818288336, 0.0, 78.29046010631028, 45.37093051378643, 64.25754799261851, 80.58561563972218, 69.98779046556874, 34.29529995718062, 120.6318081131624, 95.24162385871809, 65.33176910470367, 57.685518202427495, 93.38414269008562, 70.51409389228633, 66.28319353133463, 37.333293831087715, 77.27350057870714, 58.98367686059498, 100.94157535776387, 85.60740993040345, 119.89537049956705, 56.6985605145136, 47.246143452073014, 32.62375575259552, 88.85211170546762, 40.34524521921925, 42.971643697477816, 65.2046572662618, 53.509898952828166, 105.14778981397596, 59.142761549141774, 46.5882773361237, 70.27930647257898, 67.33560411496583, 107.30049742234279, 97.42577738739847], [65.75920314962798, 76.71794747922546, 66.50214510637117, 54.094394241530466, 74.73548527947248, 69.12581627155726, 66.24699836735604, 101.30058145869543, 99.03100657604348, 72.0545396624398, 94.73342225359669, 29.87030813016147, 5.055078512609986, 57.89564497729155, 47.26336955289101, 76.00310332611593, 78.29046010631028, 0.0, 75.32949270951691, 56.42056373698512, 65.57337421587596, 14.292040777671653, 44.71737260713255, 69.81763609876876, 31.516748159179205, 27.999406522381197, 58.806227009635634, 32.68124108557728, 36.22824507608815, 80.78773214396276, 63.954665672499516, 21.733598478633336, 19.31218582195243, 51.102562384943646, 106.07829008864549, 60.59985933696974, 69.86041186593324, 36.613491005946756, 48.224128489942885, 26.14245476229058, 65.08942709861316, 60.28922157865087, 30.046660886139406, 27.773365138445683, 42.28439361611873, 21.004939844294356, 56.83396390801966, 12.557134368445608, 22.989483277553884, 40.88936887025236, 47.097882902478005], [94.53277259082913, 42.9005032326476, 61.57545981610856, 21.399754603052227, 48.2320846510385, 53.300966264156344, 19.961411598743823, 42.56516457747312, 31.794149466332797, 34.79796864084257, 42.40875752733873, 81.43218319464205, 73.94780779531162, 18.204529943809433, 46.75482149767996, 2.094094065864706, 45.37093051378643, 75.32949270951691, 0.0, 29.314374208160114, 41.29860250603795, 75.28841287030852, 41.21336149568733, 88.11835732597062, 75.8881478326839, 49.603909387555696, 22.270459006764572, 102.9635526376668, 47.49318302216793, 20.993433088929564, 13.557346242387364, 61.910833041814925, 60.086735345772546, 71.91517609896707, 42.0501978321828, 92.06448892011022, 14.083934340965206, 39.846980170515835, 35.85789811388531, 96.73633012052838, 11.010842960886055, 15.116917264938886, 48.059903711176325, 64.12547554064763, 82.44845194253209, 55.11128131297116, 18.612877370084767, 74.40829967577945, 78.03884648784624, 86.42841121451285, 69.66625753367958], [65.28069704908613, 61.68035482868637, 34.46559150967147, 21.364308853689785, 27.11139085858133, 66.32490738877647, 11.352464765425404, 44.9985427614669, 43.2520317388162, 17.673463083919426, 39.07169599577876, 72.53784109461505, 56.82768357890419, 15.226101637065192, 17.600787571410855, 28.57362786506043, 64.25754799261851, 56.42056373698512, 29.314374208160114, 0.0, 16.880341373223683, 61.50211868442202, 41.95550825012479, 59.362620961388856, 48.52329788173935, 28.432978587289522, 7.3354733300579955, 88.01300129833221, 21.709911260184725, 25.029170461482124, 27.935230707054707, 37.91425445661489, 47.34569684230728, 42.600914895041605, 49.68973503324882, 62.750639323938756, 17.00626204244199, 30.8030754950546, 38.47721876532496, 81.41248612268777, 25.766316425527997, 21.682764535796938, 26.374792972830825, 56.483058444028664, 53.81884410826501, 40.50599057082127, 17.68043524298815, 60.05297819246071, 67.1551039608244, 58.14366200276645, 40.42118847005623], [56.19681640474755, 77.99457267255119, 20.478816245786355, 38.136698428768845, 10.5715127825406, 83.1743202539249, 21.45008907115357, 38.94702308185028, 42.81467883279484, 9.665340914398273, 30.875596671141736, 85.92139355048393, 67.09765630759111, 31.419501149236748, 18.596311387402245, 39.918892441001475, 80.58561563972218, 65.57337421587596, 41.29860250603795, 16.880341373223683, 0.0, 73.2909472110432, 58.54698293316663, 48.10450975989691, 49.10204792465664, 39.11441198183271, 22.903744992023633, 98.16412005205412, 29.476795868854676, 27.643296613287987, 43.549789323034496, 44.528129976981596, 60.45074150740094, 35.89377173544834, 45.790127556807086, 54.849433105974015, 27.225071141407255, 46.431126637617595, 55.27745850750708, 91.56787141590425, 40.90871040505581, 37.63073255667364, 37.06935393549993, 70.88845622152492, 50.847892108024205, 53.36054688516887, 34.124502087768946, 71.6398134214113, 79.96896964585656, 55.92724290802606, 35.34677942194802], [79.80423917845974, 68.76542241658913, 77.33068998310735, 53.99642471258909, 83.17477897102846, 59.1559782618118, 69.88663525904109, 106.28137958877674, 102.12279866176969, 78.44683811539102, 100.56353126463952, 15.749671279843694, 9.409451861742054, 59.37617799512302, 55.96553794258509, 76.32252083507449, 69.98779046556874, 14.292040777671653, 75.28841287030852, 61.50211868442202, 73.2909472110432, 0.0, 38.802487345850174, 83.321165481086, 45.394972178556486, 34.17880804640213, 62.2511964125921, 27.684961144562266, 44.0773911541236, 84.29100159386815, 62.63959181705425, 32.72831871269714, 15.229078416205859, 63.93339610420371, 110.14310109011043, 74.6758943998731, 72.43493343132972, 35.4679999091613, 43.373203636632425, 21.48141321596288, 64.43898102551887, 60.26586813772354, 36.235598173055095, 16.630640737947125, 56.35789785684309, 21.212084559290194, 57.68206377448237, 1.906473414569886, 8.777504535285141, 55.1493152089081, 59.806238112190805], [92.00478628506679, 32.448378454350085, 72.36454320199954, 23.360302632145476, 68.99296358457953, 28.66349165332264, 44.52566077988311, 80.0579963040939, 71.99617278789796, 58.887657654109034, 76.87929709254522, 41.136673808938745, 41.28273507832462, 31.03154392507414, 48.80801674787353, 42.794474002110235, 34.29529995718062, 44.71737260713255, 41.21336149568733, 41.95550825012479, 58.54698293316663, 38.802487345850174, 0.0, 90.49279733725368, 61.57973343807443, 32.36486003366373, 38.10197575484671, 65.27772359080632, 39.583787330720455, 56.513331289204274, 27.656017837895305, 43.459717866105976, 25.567314421271075, 70.01181603130075, 81.59792302067623, 87.77731873073554, 44.05874542706993, 14.567872956675508, 5.385383994809133, 59.69107988718586, 30.43452892138002, 28.230085427514833, 32.70089899478754, 24.291550928876685, 71.93397840326061, 24.878610088939258, 28.25672625810495, 38.59284810900087, 38.982829021285994, 73.65481960194603, 66.1460106003563], [11.593388839838166, 118.1772808357626, 28.12694552469598, 78.13680164444835, 46.291508292465686, 118.90392638027005, 68.30369723087006, 80.648904351606, 88.7943314497208, 57.123951025263565, 71.73396614624022, 99.01675146194655, 74.10521480652773, 73.99412577437081, 43.78271133969303, 87.03269810601353, 120.6318081131624, 69.81763609876876, 88.11835732597062, 59.362620961388856, 48.10450975989691, 83.321165481086, 90.49279733725368, 0.0, 38.463315066766235, 58.948363721979455, 66.69794526911524, 98.09428131953261, 50.93297267071269, 75.5856467519993, 86.76533472385537, 52.04394690136012, 77.91113660154134, 20.708253200613573, 88.79360565265189, 14.502247022162264, 74.41767777057731, 75.9272115309012, 89.63071068023423, 92.60029281639501, 84.94590852323908, 80.40333331398992, 58.14547209112673, 90.4289606638636, 28.925301124318953, 72.22016881301671, 75.90149118181174, 81.42340741250884, 92.02880215206352, 32.73933022598353, 24.826757648313983], [34.46105328523574, 93.10774979759893, 41.39479496583031, 58.36367529405717, 55.21736124703111, 89.89377405235852, 59.874127348638275, 88.03420676625271, 90.27563908765774, 58.09041541727627, 79.92738898313856, 61.14352784435883, 36.03061838233399, 58.00766464580461, 32.07274487354227, 75.69629859949258, 95.24162385871809, 31.516748159179205, 75.8881478326839, 48.52329788173935, 49.10204792465664, 45.394972178556486, 61.57973343807443, 38.463315066766235, 0.0, 30.074875423513863, 54.302753242020195, 60.21789673724171, 28.451011197732676, 72.73514493491965, 68.81996905056145, 18.138273113795176, 42.70584636440642, 21.539753791915427, 94.62253688772978, 29.390466631866502, 65.37781140669625, 48.00180142909376, 62.617897925836274, 54.45139560089588, 68.40044893470362, 63.127275294148234, 30.56694305432964, 54.80841477779675, 11.236884637291055, 38.58829389458308, 58.53155550921262, 43.527659370529044, 54.16948438636339, 12.078346537680181, 18.305954898933], [59.71617287953888, 63.14485144129918, 45.40926943646119, 29.695129733770084, 49.088358454712356, 61.02195608892473, 38.37441505186236, 73.37986449649662, 71.15235131201152, 44.56626869762076, 67.04584770906699, 47.24893711680289, 28.52863001072207, 31.477725800022668, 22.349096516477974, 49.92539473178574, 65.33176910470367, 27.999406522381197, 49.603909387555696, 28.432978587289522, 39.11441198183271, 34.17880804640213, 32.36486003366373, 58.948363721979455, 30.074875423513863, 0.0, 31.07201432212605, 59.783148113564415, 10.346392396943381, 52.876252110098385, 40.25332177494868, 12.902666792677879, 22.065295328488215, 38.25556241444131, 78.07899535298385, 55.42412391247043, 42.35214563848046, 18.153718374968648, 32.76268810685224, 53.1676647520493, 40.48540045313437, 35.27245816088255, 2.0951927825173766, 33.83788658455937, 39.83087320935174, 15.087897203163495, 31.094738821711395, 32.54352523337431, 41.02629669382292, 42.06015586993323, 34.22299818024429], [72.5242914803152, 55.09549537361193, 41.55878895696832, 15.70045899023409, 32.43973851909008, 60.66929785237857, 7.6358440338517335, 44.32835440103662, 40.25718931245173, 20.944346659039773, 39.654882457068574, 71.98982196047777, 58.59666782772124, 8.52747788142981, 24.489887455821886, 21.71309694611981, 57.685518202427495, 58.806227009635634, 22.270459006764572, 7.3354733300579955, 22.903744992023633, 62.2511964125921, 38.10197575484671, 66.69794526911524, 54.302753242020195, 31.07201432212605, 0.0, 89.41525400728256, 26.390350628608438, 22.119354089658515, 20.860560209657095, 42.02885236383021, 47.466809869038606, 49.74275957282085, 47.8940395786819, 69.90024984129938, 11.435106795498553, 28.98463496312656, 34.01666315522641, 82.87773438689742, 18.52532496141405, 14.766756858758923, 29.16420149806344, 55.29813849093378, 60.31294055912677, 41.0391960286225, 11.30923627784038, 60.95964374259017, 67.1054971634409, 64.43718542975803, 47.408441608068955], [91.69375836870474, 92.59180916714385, 98.65409136962326, 81.68132909757583, 107.4139052327435, 80.74292331998147, 97.02712374442221, 133.0046865801336, 129.51650396620508, 104.3067522010887, 126.82788116026418, 26.942373405946835, 31.25629572285665, 86.96446129278885, 79.93427689895505, 104.0069656648126, 93.38414269008562, 32.68124108557728, 102.9635526376668, 88.01300129833221, 98.16412005205412, 27.684961144562266, 65.27772359080632, 98.09428131953261, 60.21789673724171, 59.783148113564415, 89.41525400728256, 0.0, 68.72086319122539, 111.52810105797536, 90.22427865188962, 54.32725601233472, 42.911566270499904, 81.45986687675216, 137.2548302958674, 86.51862554117983, 99.87674457436412, 63.15289119804253, 70.20477475146893, 6.617212551351045, 92.09123718039874, 87.95047474304452, 61.877032215773525, 41.19632318150299, 69.20462814778394, 48.56400264982521, 85.33279106101331, 28.683625179432337, 26.499187782004782, 66.01264789118528, 77.76523344848748], [53.21762217883121, 68.15896931240842, 35.20486041204789, 30.414746779478012, 39.11830946316987, 67.98279477962497, 32.7804448292972, 65.57175684935598, 64.9280397183318, 35.90754304122775, 58.65590047577088, 57.536839805598326, 37.62102129304776, 29.556754108517534, 12.024655256875473, 47.380723033262015, 70.51409389228633, 36.22824507608815, 47.49318302216793, 21.709911260184725, 29.476795868854676, 44.0773911541236, 39.583787330720455, 50.93297267071269, 28.451011197732676, 10.346392396943381, 26.390350628608438, 68.72086319122539, 0.0, 46.736542893718386, 40.664285308121705, 16.269075480665414, 32.41168312666578, 30.61708593449918, 70.93463889342873, 49.422889685917866, 37.757108905781465, 25.03655844228958, 38.786193536704836, 62.11672820028775, 40.044327596595124, 34.794056654311795, 8.609278048977405, 44.08624911841149, 36.113773025467154, 25.4177240400571, 30.153170696108205, 42.36694101800983, 51.22414392789412, 39.48551491035793, 26.948727683408755], [83.83482568617924, 63.7849221914727, 47.57757594029634, 33.29190031370597, 30.99818169578637, 73.35654388780394, 14.553396233105518, 23.547248625603658, 18.29001597574624, 18.494261251312807, 21.65073244503932, 93.42932990067975, 80.69980992030581, 26.023422942778144, 40.73978991386569, 18.9385300227058, 66.28319353133463, 80.78773214396276, 20.993433088929564, 25.029170461482124, 27.643296613287987, 84.29100159386815, 56.513331289204274, 75.5856467519993, 72.73514493491965, 52.876252110098385, 22.119354089658515, 111.52810105797536, 46.736542893718386, 0.0, 31.163725963200655, 62.93680170555559, 69.37851629840117, 62.971626136552025, 25.926814047249195, 82.37199864299707, 12.522796220455849, 50.15619132700746, 51.58955088269824, 104.99507234726532, 27.83938051842459, 28.426887641899494, 50.89180442768483, 76.4150678987763, 76.64906295184302, 63.09015564401445, 28.511113887500684, 83.03215144644331, 88.85177309165573, 81.39151665461074, 61.83540279201149], [91.67951921663285, 34.7398760279671, 62.37885318601292, 10.571423037270467, 52.45300865160081, 42.45173033982867, 23.33093974161289, 54.303681420068486, 44.814882597502454, 39.72270321201347, 52.68565251060462, 68.05432740697715, 62.08618744957441, 12.80778770429629, 43.301555482661385, 15.179554354327394, 37.333293831087715, 63.954665672499516, 13.557346242387364, 27.935230707054707, 43.549789323034496, 62.63959181705425, 27.656017837895305, 86.76533472385537, 68.81996905056145, 40.25332177494868, 20.860560209657095, 90.22427865188962, 40.664285308121705, 31.163725963200655, 0.0, 53.08350641649815, 47.5663914922893, 68.60799353472704, 54.787252246505176, 88.57824566724904, 19.913066031464542, 27.570821545962474, 22.303087399767435, 84.12052456135662, 3.3295810798467773, 6.362017321493611, 39.068306370869166, 50.778125562695635, 76.73227670506532, 43.20274289164056, 10.956143831148852, 61.88661571956883, 64.89547871875618, 80.13276377399339, 65.72891386836513], [50.688206654637355, 75.18666215780506, 44.94292140724186, 42.51327286181921, 53.26626825093201, 71.76114609822174, 48.804823250412234, 81.69596670234536, 81.16302962305485, 51.795365196187994, 74.55863518148635, 47.91942993529954, 24.468961510378165, 43.70650234723969, 25.969218055756972, 62.07861089761975, 77.27350057870714, 21.733598478633336, 61.910833041814925, 37.91425445661489, 44.528129976981596, 32.72831871269714, 43.459717866105976, 52.04394690136012, 18.138273113795176, 12.902666792677879, 42.02885236383021, 54.32725601233472, 16.269075480665414, 62.93680170555559, 53.08350641649815, 0.0, 25.93968401325133, 31.804906661356085, 87.18367691925856, 45.9553233966611, 53.46389234164778, 30.126921330653666, 44.67155057083124, 47.83702326385368, 53.18451317776345, 47.93230955338168, 14.029753884512546, 38.429502604674525, 28.834891881782813, 20.869876958371442, 43.60967805352296, 30.84155547167646, 41.04243095726901, 30.202185315910935, 27.604522090329], [76.4759376042198, 57.40624341105327, 67.31917420581074, 38.771566249092324, 70.70897586120283, 50.21324350944951, 55.09222920982374, 91.7131800498843, 87.07163908394988, 64.70130796412636, 86.35759537028102, 25.472686159157803, 15.720652857873112, 44.21056891345566, 44.40111402559474, 61.10175789403549, 58.98367686059498, 19.31218582195243, 60.086735345772546, 47.34569684230728, 60.45074150740094, 15.229078416205859, 25.567314421271075, 77.91113660154134, 42.70584636440642, 22.065295328488215, 47.466809869038606, 42.911566270499904, 32.41168312666578, 69.37851629840117, 47.5663914922893, 25.93968401325133, 0.0, 57.4610371972925, 95.28499167827361, 71.6312819583404, 57.37703098129525, 20.24755291037853, 29.461749769034224, 36.64961265322516, 49.27453598388533, 45.04509517868335, 23.891414988272413, 12.521246572498859, 53.90248083215557, 7.101070047882119, 42.46797037240141, 14.334255214722212, 19.809422752556724, 54.16602210462288, 53.258387965221395], [23.089057854950923, 98.5415566721194, 21.751937752357296, 59.271364611047176, 38.6462605971975, 98.54345343768094, 52.937538263700354, 73.55816566010157, 78.7003974960651, 45.5590772022833, 64.85917527045864, 79.45504023125608, 54.98636654812208, 56.10994977126564, 25.415008862618045, 71.1394292350147, 100.94157535776387, 51.102562384943646, 71.91517609896707, 42.600914895041605, 35.89377173544834, 63.93339610420371, 70.01181603130075, 20.708253200613573, 21.539753791915427, 38.25556241444131, 49.74275957282085, 81.45986687675216, 30.61708593449918, 62.971626136552025, 68.60799353472704, 31.804906661356085, 57.4610371972925, 0.0, 81.0192388260031, 20.157537932478718, 59.04642569404737, 55.448479787135554, 69.40204799372258, 75.50762012590764, 67.18051027000418, 62.302416438631774, 37.503369240202154, 69.97943736277945, 16.91896986495792, 51.60222092183607, 57.65223618787662, 62.026949062038604, 72.50300831959117, 22.272791907355284, 4.2062978025418305], [98.81686631620413, 83.33770981057603, 61.483935086918194, 58.7651412058123, 42.9980341885029, 95.04610599240372, 40.26069836474732, 8.363041678558918, 10.524578719550503, 36.5350711672084, 17.114647282174705, 119.32219075003884, 106.26421830292281, 51.788988130860695, 62.87359021125848, 40.07545325132305, 85.60740993040345, 106.07829008864549, 42.0501978321828, 49.68973503324882, 45.790127556807086, 110.14310109011043, 81.59792302067623, 88.79360565265189, 94.62253688772978, 78.07899535298385, 47.8940395786819, 137.2548302958674, 70.93463889342873, 25.926814047249195, 54.787252246505176, 87.18367691925856, 95.28499167827361, 81.0192388260031, 0.0, 98.53022408869383, 38.25264180381208, 76.05072475645406, 76.47091188447655, 130.6952903328619, 51.62883575463008, 53.381420328248595, 76.03826104148689, 102.25282204170927, 96.5760729112471, 88.93180520721731, 54.12734194100498, 108.85228661640532, 114.77858694776268, 101.697682136157, 80.9413242286886], [5.213662813515215, 117.56140021561146, 37.092722737070794, 79.02175206779566, 55.53336248744591, 116.44017404654052, 72.9666593263494, 90.66790307962688, 97.26002221862635, 64.42042482355527, 81.7760011011852, 90.40417234085501, 65.27671050893498, 76.17780395563928, 45.535011795093624, 91.26914953435765, 119.89537049956705, 60.59985933696974, 92.06448892011022, 62.750639323938756, 54.849433105974015, 74.6758943998731, 87.77731873073554, 14.502247022162264, 29.390466631866502, 55.42412391247043, 69.90024984129938, 86.51862554117983, 49.422889685917866, 82.37199864299707, 88.57824566724904, 45.9553233966611, 71.6312819583404, 20.157537932478718, 98.53022408869383, 0.0, 79.09550298014152, 73.38945516063845, 87.77987617855986, 81.4226643554261, 87.24288904834636, 82.30610005804456, 55.12290088707278, 83.93896410995103, 18.321121298033958, 66.81606647121484, 77.63358678380659, 72.82654917652427, 83.45251287953852, 20.532106536759333, 22.863377397760303], [81.28660395788297, 54.1288954273445, 47.56230100373524, 20.780369858900798, 34.36445881533398, 62.346886513912196, 6.148734273892946, 36.02079337096343, 29.69534376915401, 21.00577670257462, 33.19422875137535, 81.08711042202009, 69.38572387326755, 13.541874929594682, 34.52590600639177, 12.715781698469694, 56.6985605145136, 69.86041186593324, 14.083934340965206, 17.00626204244199, 27.225071141407255, 72.43493343132972, 44.05874542706993, 74.41767777057731, 65.37781140669625, 42.35214563848046, 11.435106795498553, 99.87674457436412, 37.757108905781465, 12.522796220455849, 19.913066031464542, 53.46389234164778, 57.37703098129525, 59.04642569404737, 38.25264180381208, 79.09550298014152, 0.0, 37.832108572926465, 39.211563980198875, 93.39842578479701, 16.639812989040596, 16.19852970435013, 40.48905523864463, 64.00023869990066, 70.81531170737841, 51.31813200243839, 15.988369218414565, 71.25437613091626, 76.6678145776084, 75.14786079991296, 57.14473790813943], [77.54111912125678, 45.10684609763827, 58.51658194530717, 18.529981346855624, 57.00199163987872, 43.14194670664096, 36.38486061106553, 73.14423094976159, 67.40322668104902, 48.436471521870565, 68.62420534239814, 43.273846078207235, 34.52846293132171, 24.381339559560743, 34.72841750008113, 40.855086524995656, 47.246143452073014, 36.613491005946756, 39.846980170515835, 30.8030754950546, 46.431126637617595, 35.4679999091613, 14.567872956675508, 75.9272115309012, 48.00180142909376, 18.153718374968648, 28.98463496312656, 63.15289119804253, 25.03655844228958, 50.15619132700746, 27.570821545962474, 30.126921330653666, 20.24755291037853, 55.448479787135554, 76.05072475645406, 73.38945516063845, 37.832108572926465, 0.0, 14.630897824761867, 56.89345522844772, 29.090562081187898, 24.798286739427787, 18.267825881270085, 26.34546167232909, 57.975109804462434, 15.680387772958149, 22.39890966548014, 34.56157996691173, 38.9134128229233, 60.05533893626733, 51.598390959231494], [91.81690668060337, 30.515111762708987, 70.15604487898621, 18.75207103869912, 65.58814942004503, 29.364777287827025, 40.07150969732951, 75.13260762895801, 66.78370844953137, 54.94085043128717, 72.22384601233207, 46.42652537054546, 45.12820539225928, 26.504557673626046, 47.014528918740076, 37.46187150893237, 32.62375575259552, 48.224128489942885, 35.85789811388531, 38.47721876532496, 55.27745850750708, 43.373203636632425, 5.385383994809133, 89.63071068023423, 62.617897925836274, 32.76268810685224, 34.01666315522641, 70.20477475146893, 38.786193536704836, 51.58955088269824, 22.303087399767435, 44.67155057083124, 29.461749769034224, 69.40204799372258, 76.47091188447655, 87.77987617855986, 39.211563980198875, 14.630897824761867, 0.0, 64.49559141050281, 25.134503963905434, 23.192230575123634, 32.75446113917578, 29.441718824741205, 72.59321999646512, 27.679990530316807, 23.648767900425813, 43.0273594451679, 44.05235310076464, 74.6781963277198, 65.6792778633515], [86.62256833933665, 87.93115904095279, 92.32317211359019, 75.4056230429