instance_id,num_cities,city_coordinates,distance_matrix,best_route,total_distance
971,63,"[[43.77608601106465, 93.9744482402662], [7.78571541747165, 15.731173059092718], [17.622924886377834, 18.75818946408071], [85.63183655731267, 42.39828380750657], [60.28355613707366, 79.05303964193399], [9.39794547402919, 63.4915338376279], [4.858038944077658, 97.8507361710376], [66.25645818101806, 57.74912694263333], [80.6350490259662, 61.395696659416984], [31.12754497685225, 61.84979046257422], [71.8579767905193, 73.88396660924059], [90.54310846672638, 49.030761244801845], [84.2782208805865, 41.25966432151505], [47.22283338101434, 0.27749031458959017], [18.886780019273065, 38.49413794860772], [95.95169599131835, 38.19003903699279], [32.06943780463079, 7.9878406546300855], [40.280950833568184, 7.421782801339861], [49.24994886793551, 23.41689065304571], [26.945684377314404, 68.81082804838093], [39.733422020868645, 16.486264360766846], [37.29003833751045, 21.11054375035858], [32.92235464813533, 13.687903877928765], [15.97731834455699, 65.71280375935648], [82.31202274939727, 17.385930216374224], [15.709758037044452, 59.714682185132475], [73.38391170225034, 75.27883960257893], [96.18742545807571, 42.72110775597472], [56.07834295801391, 46.788860857543625], [79.22615245075467, 53.026663475329386], [6.2543394737902265, 35.38297470672798], [34.33903766432278, 73.17149775180106], [59.12602385321966, 79.9490054369948], [4.872165335260171, 18.521346137240215], [36.73107452943051, 77.66216868342002], [96.74670537359829, 11.421508433195271], [7.442062905462576, 27.293298500592222], [80.22327458986138, 24.564526925367723], [58.73539238145258, 14.528150552500108], [81.9447556388931, 84.97108363284728], [77.83118630637719, 58.26104471789723], [24.03096040628798, 39.75858228942838], [57.48966211488996, 78.85640065080392], [94.59707180407209, 96.24213988640973], [85.25322134930808, 61.619512541387465], [27.085211811903186, 93.20743455289995], [81.37116800261349, 16.490012338502915], [43.18979621694946, 44.334939510288805], [2.3879259024115695, 81.90280409493543], [8.560101406088915, 13.137300100750993], [95.82673261674569, 10.196475274778571], [70.96273697338431, 53.97730680219608], [36.32171348095821, 60.61669219900805], [13.448749439309093, 85.203275464642], [82.10786437904595, 1.7026536689396021], [60.17310285155827, 5.390263007025709], [2.446961610844678, 37.25517189780898], [27.182625865351064, 67.81959186319688], [57.027883953627445, 0.5354664392205999], [17.41091863705365, 44.30609548304106], [59.87956235451133, 40.530477923808064], [59.507125307922635, 28.766850410790212], [32.60643090001613, 20.48989811800378]]","[[0.0, 86.12384621311918, 79.6333687664909, 66.422922183421, 22.251853956905755, 45.94632321810674, 39.110612314696105, 42.63380156655455, 49.19307074274349, 34.52505217415291, 34.52853952769792, 64.86207975477383, 66.47760053273255, 93.76033272103011, 60.80742045845834, 76.38189960304604, 86.77984959836802, 86.62320626998107, 70.76957048936899, 30.273258832091386, 77.59356785894519, 73.15201563824469, 81.01686670159623, 39.64204879344415, 85.73692036338137, 44.28826408991169, 35.01641221617661, 73.30657142049769, 48.762948871467046, 54.16113262971915, 69.57616139195073, 22.843393585986203, 20.7926342146891, 84.89220023605792, 17.76858607534822, 98.08605602449464, 75.93771767470528, 78.39728778624148, 80.84240881725555, 39.21616905579174, 49.3477157249994, 57.69948098508012, 20.411210950667645, 50.87155415726016, 52.60413120607107, 16.70848860695787, 86.12333015487582, 49.642970929187804, 43.11269406510107, 88.17488356118092, 98.63071816769597, 48.36202346639336, 34.18051430165585, 31.570252064188416, 99.91701209636493, 90.0889562305197, 70.17957560787102, 30.974496472299737, 94.37400843837588, 56.2322622368669, 55.817380031047726, 67.07828569701205, 74.32859679807679], [86.12384621311918, 0.0, 10.292401005169005, 82.2870182482448, 82.25376628310617, 47.787564778413945, 82.171734405631, 72.00233473909134, 85.97833519466579, 51.68914662081278, 86.52746428240143, 89.20565384350172, 80.63998547966281, 42.35684813153754, 25.325603760910838, 90.98154093859475, 25.48839676603091, 33.54081530319698, 42.170521819969984, 56.431854340647064, 31.956628734749227, 29.990710228402012, 25.219547592279188, 50.64845275003553, 74.54467590500481, 44.69160465319218, 88.59485282221863, 92.43007580352291, 57.41740020373256, 80.58963735427822, 19.71137793962883, 63.28088039170187, 82.21774300960874, 4.034084764549896, 68.36140748361393, 89.06531840824337, 11.56723137894199, 72.97416062813123, 50.96387785368552, 101.45801330020184, 81.9460674795496, 29.00386834663062, 80.34473645364167, 118.3985953343649, 90.03862602095526, 79.8438579737695, 73.58936519098485, 45.5151007079027, 66.39142177715881, 2.707000292460862, 88.21481502019125, 73.85189773439545, 53.18846692600769, 69.70253199834004, 75.6345237477327, 53.39824700188235, 22.17622191034426, 55.58276269163674, 51.533490681501455, 30.152458084755175, 57.69553198015261, 53.33885192871703, 25.272779452441146], [79.6333687664909, 10.292401005169005, 0.0, 72.00045921541815, 73.8606689427981, 45.483209926036714, 80.11599876249493, 62.333889387533645, 76.08209256070214, 45.15817578690941, 77.33234873520104, 78.9543018182711, 70.35086960965955, 34.895426977540424, 19.77637460155045, 80.70311741583745, 18.019493582631117, 25.33575054831781, 31.96829902728777, 50.91346063445723, 22.226914477934045, 19.80729467110265, 16.11770290581419, 46.983442024915526, 64.70365119353174, 41.00115246432659, 79.3969240132036, 82.13770268971676, 47.58715916959757, 70.4931624869251, 20.140213967270608, 56.923075683060816, 73.93796848225209, 12.752959024943474, 61.925763222213504, 79.46319605414071, 13.28525637462771, 62.86904912365684, 41.32950777262007, 92.3116745897262, 72.01048754468312, 21.956307021977626, 72.11901084382131, 109.21896294488756, 80.06840834936776, 75.04815099758318, 63.78858148508776, 36.164002164586414, 64.95650507008982, 10.664387777536474, 78.67107787101713, 63.91808648225556, 45.84516273408492, 66.57607073329649, 66.70231422246464, 44.60066258061373, 23.92589017140184, 49.984088349947754, 43.41449566138462, 25.548785658097, 47.53583863662069, 43.063436217960145, 15.08324458870859], [66.422922183421, 82.2870182482448, 72.00045921541815, 0.0, 44.56575417901691, 79.09823858045856, 97.97643009414828, 24.719499836846474, 19.643563340172026, 57.871226977142875, 34.366661670384836, 8.252899413201828, 1.768821566512134, 57.00362066982984, 66.8591424350751, 11.144901201275522, 63.663248095888434, 57.27179461622023, 41.035777535300426, 64.35593951586799, 52.70765797080604, 52.82137192334913, 60.021457819971324, 73.45283349222356, 25.231706162823336, 72.0343995419355, 35.0876418792731, 10.56052424568101, 29.877853851240797, 12.409481989043664, 79.68689732336226, 59.81590018329595, 45.9631896412746, 84.21539436708588, 60.28951901822769, 32.910498650032295, 79.6354273225783, 18.635864001623197, 38.7319382029479, 42.73216412338022, 17.677028258099195, 61.657408043790056, 46.056229395243285, 54.58512874836308, 19.2249573085586, 77.51952701447489, 26.256272146757453, 42.486202743527656, 92.14204135062907, 82.4394173117896, 33.77709843135015, 18.688398971414205, 52.56803821833906, 83.9205897062975, 40.847921517357996, 44.919268977459325, 83.3437161397018, 63.73816073417574, 50.70188933919856, 68.24758887515384, 25.819921096615424, 29.467210833621838, 57.373086100024864], [22.251853956905755, 82.25376628310617, 73.8606689427981, 44.56575417901691, 0.0, 53.21189561976154, 58.526415838588385, 22.125375818864168, 26.9437381224077, 33.85298759492429, 12.676219053023155, 42.626021481553956, 44.766987326194176, 79.85092141444278, 57.95444400144143, 54.24021588361704, 76.46109455391145, 74.37164228044846, 56.719675278366616, 34.875730699116055, 65.85521529292939, 62.3380677511267, 70.86068247177074, 46.27099092012015, 65.48347674180273, 48.58801854561676, 13.633191184426465, 51.079321714227724, 32.53707194128634, 32.189970665856244, 69.47107905231597, 26.602830183803757, 1.463774468312384, 82.06404906618664, 23.59351419143843, 76.83479202733399, 73.96819728751748, 58.022326651383494, 64.54345918075636, 22.45508424691405, 27.20710160013047, 53.46311883764042, 2.800805366323491, 38.3781516574728, 30.453440659087438, 36.08984568030401, 66.0213583589547, 38.69810208469901, 57.96572399018501, 83.78663669445925, 77.4889918034383, 27.25504138291731, 30.233570918975417, 47.23689785635688, 80.37028456097333, 73.66285944417764, 71.35918591426605, 34.95514173696132, 78.58504121656692, 55.18526229519386, 38.524680041541814, 50.292183013097144, 64.77395160509853], [45.94632321810674, 47.787564778413945, 45.483209926036714, 79.09823858045856, 53.21189561976154, 0.0, 34.65783513563539, 57.14775327340959, 71.26792726007238, 21.791530828801836, 63.318703168727446, 82.4236096097036, 78.11089339614124, 73.66639290550728, 26.737759484657953, 90.17603544044115, 59.955454476209965, 64.01231913708983, 56.51689305755846, 18.33624911257534, 55.94404790427818, 50.73575824881582, 55.07993631217642, 6.9442197138781045, 86.26812476342876, 7.355514002134366, 65.06261946275684, 89.24026241285169, 49.57861226317699, 70.60801655112631, 28.283800223803652, 26.753687241657335, 52.38062762826423, 45.19735022844343, 30.788095684728564, 101.69116678262094, 36.251037476704596, 80.81793805531727, 69.50968687937784, 75.659835609801, 68.63283811157574, 27.881501308159404, 50.486556048630234, 91.27701421477981, 75.87837202950683, 34.58141330001995, 85.96096663243046, 38.844102291777084, 19.700640773388034, 50.361203697987754, 101.5396401125124, 62.29561837272996, 27.076816617506516, 22.086392581029266, 95.41801726966787, 77.16135223571338, 27.14153393792308, 18.303741226704467, 78.94350804115001, 20.791555588002595, 55.45812592889648, 60.965019008605005, 48.864859258279886], [39.110612314696105, 82.171734405631, 80.11599876249493, 97.97643009414828, 58.526415838588385, 34.65783513563539, 0.0, 73.33420039451396, 84.08998253504669, 44.566299365212146, 71.15755556970267, 98.6170425986271, 97.51981702149564, 106.37346527516509, 60.991895598463245, 108.89193329517354, 93.89249287637901, 97.11940225449072, 86.66625078589814, 36.485344243363315, 88.52383643808746, 83.31201424415609, 88.71858968409599, 34.007132694240894, 111.68574038182467, 39.649948560982146, 72.14766629605194, 106.6786425213883, 72.32450935755361, 86.83210120440556, 62.48336480641196, 38.44728981991599, 57.14443235673127, 79.32939129155902, 37.72888355924753, 126.1488740558374, 70.60473915008677, 105.12272451541872, 99.22410235207133, 78.15527711096193, 83.020623373441, 61.17433497800078, 55.95420037360553, 89.75344896244421, 88.18212358336574, 22.706991513919206, 111.6862851959995, 65.82753305313038, 16.13809145910932, 84.79428941448339, 126.32724441616367, 79.3392015722905, 48.747685543764796, 15.289165089457958, 123.33689350134985, 107.74365592832659, 60.643513284586426, 37.42000547359454, 110.4171836776176, 54.996393836259685, 79.45426384992807, 88.08578723118673, 82.18681476008251], [42.63380156655455, 72.00233473909134, 62.333889387533645, 24.719499836846474, 22.125375818864168, 57.14775327340959, 73.33420039451396, 0.0, 14.833790661384901, 35.36744243240652, 17.07952170875144, 25.804094298026055, 24.42716332963804, 60.54145595980671, 51.133560508802326, 35.55791147284753, 60.3733217178924, 56.6354001510858, 38.31349380649122, 40.837460356869045, 49.05196505342666, 46.70588032451148, 55.249921595406796, 50.90591371477012, 43.43925417835909, 50.58490192593139, 18.923303613206212, 33.49185218549244, 14.957321356068956, 13.802703744211096, 64.03513890978886, 35.44814880660243, 23.31689728217411, 72.84813103360807, 35.61288406102132, 55.4608277130866, 66.2320962805823, 36.004022537825406, 43.87048245549446, 31.41906432678498, 11.586042939011179, 45.89828274829785, 22.85549642113924, 47.800652987391004, 19.38702905437405, 52.83633333885109, 43.940516507066704, 26.683540219293974, 68.28315704037885, 72.93205522450334, 55.99692679825007, 6.031226014939614, 30.07177864306215, 59.51793321023232, 58.244950380902054, 52.711078955869795, 67.01980338615034, 40.35069560180052, 57.953166699242836, 50.66164059882564, 18.361554248363927, 29.75778632896054, 50.20532311038622], [49.19307074274349, 85.97833519466579, 76.08209256070214, 19.643563340172026, 26.9437381224077, 71.26792726007238, 84.08998253504669, 14.833790661384901, 0.0, 49.5095865298338, 15.264137164147863, 15.844913054013286, 20.4629543193384, 69.65494455610215, 65.85840961264995, 27.80471578618284, 72.18737892685917, 67.39166579096283, 49.26879557690852, 54.199004141141735, 60.74372561056134, 59.17502426267825, 67.47247362349859, 64.80169404098933, 44.041705044653426, 64.94704935298383, 15.662715296769342, 24.302606514499722, 28.572564901504624, 8.486795979402485, 78.79817039039085, 47.77018065032631, 28.405341583547102, 87.05299809788247, 46.82047723699674, 52.50718959470247, 80.74767351087739, 36.83347149217103, 51.73163286840624, 23.611738655993367, 4.2056734234572515, 60.59857726650315, 28.992845999284977, 37.5394816909927, 4.62359266773179, 62.28620821222229, 44.91171735168193, 41.14871070194915, 80.88976284107041, 86.73909679505269, 53.4055008469687, 12.189590990522971, 44.320182254519274, 71.27972825926766, 59.71120972252403, 59.626335119951555, 81.82995753023762, 53.83705017300457, 65.27837210905275, 65.49309224492156, 29.43038531609374, 38.8719792157795, 63.08749886783452], [34.52505217415291, 51.68914662081278, 45.15817578690941, 57.871226977142875, 33.85298759492429, 21.791530828801836, 44.566299365212146, 35.36744243240652, 49.5095865298338, 0.0, 42.471042738044176, 60.78270062201388, 56.99954073085611, 63.64123234450023, 26.368974782874062, 69.00691553943423, 53.87018469629108, 55.19232606757164, 42.49128511307708, 8.120591255874212, 46.17261764385995, 41.20270072578895, 48.19531783429157, 15.634968459866654, 67.80033652454655, 15.564923433082095, 44.33892070896621, 67.81367524563788, 29.144020320889634, 48.901161650431064, 36.32036189593195, 11.768378869861762, 33.33911219694792, 50.662600088997564, 16.775900823672526, 82.75799562343488, 41.89454854360706, 61.64885678804305, 54.786228580679065, 55.82994803271765, 46.84131946750484, 23.20308150044809, 31.37173903522117, 72.18874243649336, 54.1261662294385, 31.617120367167967, 67.68996326058821, 21.26659137849787, 35.04410164754719, 53.686089693423455, 82.7891892166598, 40.60564641011756, 5.338531425088387, 29.290358027857234, 78.84586882533468, 63.49269779082263, 37.78188884321171, 7.155481504354794, 66.56030265520627, 22.26942010202676, 35.79373674835866, 43.58763015165669, 41.38632380784972], [34.52853952769792, 86.52746428240143, 77.33234873520104, 34.366661670384836, 12.676219053023155, 63.318703168727446, 71.15755556970267, 17.07952170875144, 15.264137164147863, 42.471042738044176, 0.0, 31.093664348933913, 34.9085600249816, 77.61960862644113, 63.70547590283774, 43.064646410481814, 76.97679683162623, 73.58213400548496, 55.29962641932286, 45.19790641906883, 65.77600810746068, 63.08705516295223, 71.69064541463223, 56.47491381731915, 57.457072612168346, 57.90847166243759, 2.0674012727054905, 39.535374595112074, 31.355088894525405, 22.120513253085853, 76.06683644442083, 37.52570325827434, 14.102741633447703, 86.90292677376452, 35.329507120442806, 67.23843760734171, 79.49905858849694, 50.02384769290394, 60.78910363983575, 14.988904944363027, 16.725875772088912, 58.75342842075189, 15.204393013718219, 31.889721766225893, 18.16175680853147, 48.7647095469667, 58.177029778679774, 41.17049404480585, 69.9313214877158, 87.7312858681356, 68.0484960034712, 19.926779945680764, 37.9321312383429, 59.49592080747496, 72.90543281102647, 69.48326210043304, 78.48284927476334, 45.08507093647944, 74.83270762669392, 61.962348260253485, 35.43921020409512, 46.777106648548, 66.26922668057297], [64.86207975477383, 89.20565384350172, 78.9543018182711, 8.252899413201828, 42.626021481553956, 82.4236096097036, 98.6170425986271, 25.804094298026055, 15.844913054013286, 60.78270062201388, 31.093664348933913, 0.0, 9.981921851932476, 65.21907435632956, 72.42685853366284, 12.115035162889797, 71.44012521874778, 65.25022281225503, 48.592133070513015, 66.60242783534673, 60.338781178951095, 60.12842940842714, 67.59636704348696, 76.40908060565067, 32.69779966456084, 75.59217223490016, 31.359203610391805, 8.465816053275846, 34.53760528636757, 12.001696884331537, 85.3865250243467, 61.169213938565214, 44.07914506362747, 90.94138170954093, 60.95483974537906, 38.11745678334649, 85.89703755037856, 26.55363615438659, 46.9271877182718, 36.954545656908685, 15.709586181834153, 67.15533591751402, 44.52077135125347, 47.385112556390666, 13.65501977011803, 77.32065126746313, 33.808650243096466, 47.585574734232196, 94.08457585645318, 89.49611164516601, 39.192071276729095, 20.195525761134803, 55.44540982153815, 85.15862245734635, 48.073933784652326, 53.16794454844653, 88.87966918999017, 66.0876002854236, 58.94967253890104, 73.28464815937674, 31.81992892375946, 37.06559500294476, 64.5851335486083], [66.47760053273255, 80.63998547966281, 70.35086960965955, 1.768821566512134, 44.766987326194176, 78.11089339614124, 97.51981702149564, 24.42716332963804, 20.4629543193384, 56.99954073085611, 34.9085600249816, 9.981921851932476, 0.0, 55.25070433105233, 65.44989437759162, 12.070319819634198, 61.90937958332716, 55.50461239720235, 39.310868883509706, 63.60885445127587, 50.97019178959326, 51.12608295667132, 58.28916683607621, 72.54632530736977, 23.954563557160796, 71.00860357078321, 35.721005854775804, 11.99854035208513, 28.736825314951325, 12.805688755610566, 78.24488194514933, 59.264552079551535, 46.146485578572864, 82.59753489733681, 59.882163036723696, 32.338501084128, 78.09516340095615, 17.180518097452776, 36.973097194030196, 43.77365918272426, 18.182716798749812, 60.26595757079635, 46.1642877488351, 55.942392723455804, 20.38318045473398, 77.26325852786208, 24.939659496369792, 41.20334887877519, 91.42147024771747, 80.77190715910824, 33.14045619893449, 18.41305357482521, 51.715772547846996, 83.35379406451204, 39.616505892263476, 43.21655546030099, 81.92918254958501, 62.97091964679543, 49.00041995523165, 66.93666298935054, 24.409552447241257, 27.743063552499883, 55.68982912475752], [93.76033272103011, 42.35684813153754, 34.895426977540424, 57.00362066982984, 79.85092141444278, 73.66639290550728, 106.37346527516509, 60.54145595980671, 69.65494455610215, 63.64123234450023, 77.61960862644113, 65.21907435632956, 55.25070433105233, 0.0, 47.5756668529423, 61.74028994038237, 17.00220279435942, 9.96145814822177, 23.228022843553838, 71.47014168624655, 17.855409225260246, 23.079786238911776, 19.60466485123671, 72.51249861581363, 39.03780124959927, 67.27446540174401, 79.43301841141896, 64.79962915622028, 47.34688627198523, 61.69836059913842, 53.95194646565526, 74.02383746014307, 80.55579597593982, 46.11309314283012, 78.09267219174357, 50.762220567718, 48.087041825957826, 40.97425127213244, 18.319943557635085, 91.53478374061197, 65.56648419768216, 45.788858858913734, 79.24678493085727, 107.02117750056277, 72.17446986221586, 95.08679371288216, 37.80151621039269, 44.24165704851419, 93.128195399432, 40.74532551718262, 49.60569809565814, 58.71331461753488, 61.31601502971314, 91.39517344725714, 34.91413006678254, 13.922999819156166, 58.07088451236677, 70.45243359085069, 9.808443730397816, 53.17206347115534, 42.19592160122177, 31.02494910288319, 24.94354928028586], [60.80742045845834, 25.325603760910838, 19.77637460155045, 66.8591424350751, 57.95444400144143, 26.737759484657953, 60.991895598463245, 51.133560508802326, 65.85840961264995, 26.368974782874062, 63.70547590283774, 72.42685853366284, 65.44989437759162, 47.5756668529423, 0.0, 77.06551595834836, 33.23276456863618, 37.72534690667776, 33.90052224588756, 31.36953359643309, 30.313841435903054, 25.315395789463274, 28.50169475542947, 27.373723454325038, 66.84547740155871, 21.457049339782664, 65.74991739495525, 77.41612919158301, 38.10531172897484, 62.06475782285676, 13.009915097831438, 37.96434576348085, 57.77285506886032, 24.39921796864766, 43.04129968075355, 82.43236770261957, 16.013755154721423, 62.898327715978105, 46.50032751563837, 78.33527155362614, 62.17052063289308, 5.297302270513014, 55.85064687655101, 95.22016598361816, 70.28006463336074, 55.32412773074388, 66.24560578270749, 24.995030689868287, 46.438394500378834, 27.378997732248976, 81.97874125956777, 54.32894081827085, 28.16707850266502, 47.024628696890574, 73.14724070753856, 52.91906073580271, 16.48643885674322, 30.476274470456225, 53.810821886389924, 5.996417030325948, 41.0433293493452, 41.76879905159467, 22.635844852078737], [76.38189960304604, 90.98154093859475, 80.70311741583745, 11.144901201275522, 54.24021588361704, 90.17603544044115, 108.89193329517354, 35.55791147284753, 27.80471578618284, 69.00691553943423, 43.064646410481814, 12.115035162889797, 12.070319819634198, 61.74028994038237, 77.06551595834836, 0.0, 70.6619819857765, 63.607526741746206, 48.98264077763178, 75.49478365126954, 60.26232789573374, 61.0974568860171, 67.62434840727504, 84.57779648317512, 24.876728682978335, 83.07875100958306, 43.415250950693896, 4.537196504190031, 40.78999900490449, 22.35775551014766, 89.74126908165935, 70.85070303063287, 55.677117411188185, 93.17906623760842, 71.16973391236311, 26.780333653716074, 89.17787900208465, 20.809560785510374, 44.10145372926243, 48.832985895967134, 27.040675662507848, 71.93783799244049, 55.973931582628495, 58.067903524404485, 25.756505748235117, 88.14480388875681, 26.14350694043512, 53.11852661385913, 103.27141377099811, 90.91166334611081, 27.99384267931321, 29.55817816256972, 63.707845562655656, 94.95778319424763, 39.02538871947049, 48.537954578623214, 93.50940769853513, 74.88054090797571, 54.15653221049505, 78.77854945264876, 36.147980293435225, 37.64310316886773, 65.77170818854731], [86.77984959836802, 25.48839676603091, 18.019493582631117, 63.663248095888434, 76.46109455391145, 59.955454476209965, 93.89249287637901, 60.3733217178924, 72.18737892685917, 53.87018469629108, 76.97679683162623, 71.44012521874778, 61.90937958332716, 17.00220279435942, 33.23276456863618, 70.6619819857765, 0.0, 8.231000408071923, 23.09167694754855, 61.038419415023434, 11.44376946446276, 14.123031064985508, 5.763522177586887, 59.92601834061153, 51.11400423898171, 54.25223734390758, 78.96179008134213, 72.92130130668723, 45.62835407343828, 65.20928842803224, 37.641900477571276, 65.22315720727325, 76.87956871262573, 29.165842479266093, 69.83009983679977, 64.76834886425137, 31.29230411884688, 50.927188464091444, 27.456306872070385, 91.7276786390668, 67.98185546691109, 32.771895625806785, 75.28971111589671, 108.15972608351312, 75.53059685647857, 85.36522531413254, 50.029466555788176, 38.010182404737996, 79.65182966626226, 24.066695462548438, 63.7955383129906, 60.230554677574425, 52.80035855283239, 79.42892047672325, 50.431614186819665, 28.223454762045474, 41.64213940168517, 60.03098686190092, 26.047301503588933, 39.16487990493044, 42.806848376318946, 34.417930530101536, 12.51358471430107], [86.62320626998107, 33.54081530319698, 25.33575054831781, 57.27179461622023, 74.37164228044846, 64.01231913708983, 97.11940225449072, 56.6354001510858, 67.39166579096283, 55.19232606757164, 73.58213400548496, 65.25022281225503, 55.50461239720235, 9.96145814822177, 37.72534690667776, 63.607526741746206, 8.231000408071923, 0.0, 18.3381133415678, 62.82073071687835, 9.081002903970907, 14.011699892534603, 9.665051017285869, 63.15464889055162, 43.196009539101325, 57.77794424698233, 75.50090182242917, 66.11789657266489, 42.41844448605748, 59.97110862984049, 44.04132756172675, 66.01765936609502, 74.93553763307403, 37.107713439564705, 70.33003220984763, 56.607236647844346, 38.38319549673155, 43.46565199274521, 19.77541087965082, 88.03275918833769, 63.20324941238167, 36.19020295631872, 73.47818976582684, 104.1119437432696, 70.42655056380461, 86.79461719927012, 42.07895832762477, 37.02759132976166, 83.56616463240547, 32.23165255460353, 55.61504106108824, 55.75651366184683, 53.342046700894684, 82.27956995872916, 42.216100421213, 19.99561913473842, 48.18134333418362, 61.801791692843, 18.107488008195098, 43.399203848355505, 38.47455349008479, 28.727298796968803, 15.154995682616144], [70.76957048936899, 42.170521819969984, 31.96829902728777, 41.035777535300426, 56.719675278366616, 56.51689305755846, 86.66625078589814, 38.31349380649122, 49.26879557690852, 42.49128511307708, 55.29962641932286, 48.592133070513015, 39.310868883509706, 23.228022843553838, 33.90052224588756, 48.98264077763178, 23.09167694754855, 18.3381133415678, 0.0, 50.57756188982615, 11.772759406110847, 12.180258450924047, 19.006407253262054, 53.81460960967617, 33.60763623243879, 49.421392848435765, 57.20235931263744, 50.75213795109499, 24.349044274660066, 42.13444467209541, 44.6296940920919, 51.94089141007824, 57.388298973401795, 44.64699348645129, 55.67110923356825, 48.9880707229681, 41.98721074865132, 30.9945797727613, 12.99935918509718, 69.69841506938954, 45.066641831932515, 30.050761464018354, 56.04848029325656, 85.78973414393282, 52.494532558272844, 73.2256484204854, 32.85961597283946, 21.77820511766896, 74.94432111610266, 41.968245953234344, 48.41669306300618, 37.48845425622894, 39.38228669440202, 71.4092657056137, 39.38465055751027, 21.077822402662623, 48.805918124716946, 49.583935092511084, 24.167247428084558, 38.07995173936687, 20.146055498483914, 11.568566805378815, 16.898934157178267], [30.273258832091386, 56.431854340647064, 50.91346063445723, 64.35593951586799, 34.875730699116055, 18.33624911257534, 36.485344243363315, 40.837460356869045, 54.199004141141735, 8.120591255874212, 45.19790641906883, 66.60242783534673, 63.60885445127587, 71.47014168624655, 31.36953359643309, 75.49478365126954, 61.038419415023434, 62.82073071687835, 50.57756188982615, 0.0, 53.864517069584466, 48.80904404888484, 55.445985937915594, 11.397491299576942, 75.56422130720533, 14.456344983759347, 46.88650264785875, 73.99386604868798, 36.519567836078224, 54.61123687710416, 39.31352353767917, 8.583537329612064, 34.05338814750649, 54.92059935753505, 13.194699370073767, 90.36435435511945, 45.870431764577795, 69.25486829042735, 62.906236663070004, 57.32409354007691, 51.967607554060095, 29.198092394296108, 32.15350843911225, 73.00128142656433, 58.74933094479914, 24.397005489226398, 75.49570202597441, 29.37584533571215, 27.829540745675608, 58.63080568547006, 90.44468562403854, 46.44926556799581, 12.452059430887465, 21.233925332251523, 86.86986342273674, 71.59769136380928, 39.94930352686354, 1.0191616376077228, 74.60873765324496, 26.294365856975485, 43.40988967718445, 51.611700035140814, 48.65137532003281], [77.59356785894519, 31.956628734749227, 22.226914477934045, 52.70765797080604, 65.85521529292939, 55.94404790427818, 88.52383643808746, 49.05196505342666, 60.74372561056134, 46.17261764385995, 65.77600810746068, 60.338781178951095, 50.97019178959326, 17.855409225260246, 30.313841435903054, 60.26232789573374, 11.44376946446276, 9.081002903970907, 11.772759406110847, 53.864517069584466, 0.0, 5.230113162934809, 7.363522265045583, 54.658985016560315, 42.588104426602555, 49.455359050416604, 67.74158515536016, 62.25208038338373, 34.4296935055774, 53.80405676395757, 38.44391538453446, 56.941330044021335, 66.35956985044776, 34.920606746401404, 61.24953355049947, 57.2378042142124, 34.05178204469584, 41.2878491462246, 19.102593731497176, 80.4485373176025, 56.5382341202894, 28.07433138171024, 64.84842298093554, 96.80402754222493, 64.1019673819368, 77.75676933322546, 41.63774615042997, 28.062345414575297, 75.32602306723588, 31.352694936268467, 56.44484866089862, 48.79393789958407, 44.262110391931294, 73.572492330829, 44.879265928198954, 23.25729559735366, 42.68053010671833, 52.84536873377925, 23.52714109018874, 35.66843367730477, 31.368633636292795, 23.276858366551064, 8.174538867654721], [73.15201563824469, 29.990710228402012, 19.80729467110265, 52.82137192334913, 62.3380677511267, 50.73575824881582, 83.31201424415609, 46.70588032451148, 59.17502426267825, 41.20270072578895, 63.08705516295223, 60.12842940842714, 51.12608295667132, 23.079786238911776, 25.315395789463274, 61.0974568860171, 14.123031064985508, 14.011699892534603, 12.180258450924047, 48.80904404888484, 5.230113162934809, 0.0, 8.61233089739464, 49.432718227994414, 45.175788054683885, 44.2265531342639, 65.0920269311346, 62.73690051533115, 31.81786227844328, 52.69987063758042, 34.160165242045544, 52.14452355246391, 62.759659313065264, 32.5211075191145, 56.554387302033426, 60.240955009175046, 30.481602544709983, 43.07194881675806, 22.432813249372856, 77.92440138589023, 54.98858427685366, 22.881269390942087, 61.17686482580148, 94.49260723828246, 62.78091650442629, 72.81552133859451, 44.32262743881021, 23.96204710474186, 70.09890420138603, 29.815799341615293, 59.54545715527172, 47.05395569904843, 39.51801384526487, 68.38337016356104, 48.83957133822714, 27.7625983690878, 38.401679830441864, 47.79011364801099, 28.511688058145097, 30.548535484514456, 29.78960286099448, 23.499318822668638, 4.724550733087034], [81.01686670159623, 25.219547592279188, 16.11770290581419, 60.021457819971324, 70.86068247177074, 55.07993631217642, 88.71858968409599, 55.249921595406796, 67.47247362349859, 48.19531783429157, 71.69064541463223, 67.59636704348696, 58.28916683607621, 19.60466485123671, 28.50169475542947, 67.62434840727504, 5.763522177586887, 9.665051017285869, 19.006407253262054, 55.445985937915594, 7.363522265045583, 8.61233089739464, 0.0, 54.71493820705791, 49.527918530386955, 49.13998171994589, 73.69247561780912, 69.60887954859605, 40.39644969020851, 60.75837141997747, 34.37817813098471, 59.500461602580295, 71.25423397686869, 28.463578210798335, 64.08754094625016, 63.86457777077065, 28.885152416598345, 48.53532688928402, 25.826709652911426, 86.51293264518706, 63.27375479018114, 27.545184050933265, 69.6454274723208, 103.04839940148888, 70.96448913902545, 79.7334810180658, 48.52977773781662, 32.32121825396064, 74.73703198845843, 24.36847446084887, 63.00119714186935, 55.41034808991074, 47.051746128692805, 74.11929352749455, 50.624703357763764, 28.486033800247434, 38.5248712223443, 54.435136912056564, 27.460210372046884, 34.3231453146889, 38.04227686052992, 30.56345300476342, 6.8093269459352115], [39.64204879344415, 50.64845275003553, 46.983442024915526, 73.45283349222356, 46.27099092012015, 6.9442197138781045, 34.007132694240894, 50.90591371477012, 64.80169404098933, 15.634968459866654, 56.47491381731915, 76.40908060565067, 72.54632530736977, 72.51249861581363, 27.373723454325038, 84.57779648317512, 59.92601834061153, 63.15464889055162, 53.81460960967617, 11.397491299576942, 54.658985016560315, 49.432718227994414, 54.71493820705791, 0.0, 82.07179609900672, 6.004086186700489, 58.19816150609381, 83.44027425814267, 44.34194165798506, 64.50855114711017, 31.850193853147026, 19.818800479615035, 45.43655164379982, 48.480491910250755, 23.947979410998663, 97.32028888797812, 39.35618083273331, 76.29366671146525, 66.69423977564176, 68.72106028626062, 62.3011211347778, 27.17503932965984, 43.543413101767406, 84.33923166826655, 69.3967273732615, 29.65366789716209, 81.84887762432268, 34.60537576456894, 21.137353141126393, 53.09612690270672, 97.25220659717273, 56.22382191401534, 20.97295321364024, 19.653807468353868, 92.03558243102154, 74.78018648683553, 31.510432629668504, 11.401643423210869, 77.0274901380499, 21.454658445799534, 50.611822369850515, 57.09507477096698, 48.18338488554761], [85.73692036338137, 74.54467590500481, 64.70365119353174, 25.231706162823336, 65.48347674180273, 86.26812476342876, 111.68574038182467, 43.43925417835909, 44.041705044653426, 67.80033652454655, 57.457072612168346, 32.69779966456084, 23.954563557160796, 39.03780124959927, 66.84547740155871, 24.876728682978335, 51.11400423898171, 43.196009539101325, 33.60763623243879, 75.56422130720533, 42.588104426602555, 45.175788054683885, 49.527918530386955, 82.07179609900672, 0.0, 78.91504867924098, 58.57730041636859, 28.885948509458338, 39.404800287354, 35.774075288343056, 78.15794774455333, 73.57606161804563, 66.72127790948385, 77.44818064767719, 75.57015127924161, 15.618399075099546, 75.52262464554262, 7.476303871856526, 23.749197967803976, 67.58615129935022, 41.11998152652446, 62.42770049123487, 66.29304882790981, 79.80741966634662, 44.331258210294926, 93.80245820968396, 1.299183011909796, 47.50576502678026, 102.71459619678464, 73.87419549266797, 15.308025514606342, 38.311031414868516, 63.11899340298299, 96.65062197162857, 15.684605315515508, 25.179908777443394, 82.29954286422257, 74.71816799082318, 30.384631051716248, 70.2627113979095, 32.23174472394889, 25.487029873797418, 49.80241437753406], [44.28826408991169, 44.69160465319218, 41.00115246432659, 72.0343995419355, 48.58801854561676, 7.355514002134366, 39.649948560982146, 50.58490192593139, 64.94704935298383, 15.564923433082095, 57.90847166243759, 75.59217223490016, 71.00860357078321, 67.27446540174401, 21.457049339782664, 83.07875100958306, 54.25223734390758, 57.77794424698233, 49.421392848435765, 14.456344983759347, 49.455359050416604, 44.2265531342639, 49.13998171994589, 6.004086186700489, 78.91504867924098, 0.0, 59.73735010119578, 82.25227367926944, 42.387492323965965, 63.86753442540799, 26.104346937262726, 22.981208511013108, 47.899895353556246, 42.59512120330623, 27.6406949746072, 94.33566380040052, 33.45894353994094, 73.46786530719503, 62.39413315148787, 70.88695734340011, 62.138433453926105, 21.621478485922857, 45.95612875964422, 86.93367264470118, 69.56954555083904, 35.371816602381934, 78.61165843573494, 31.49109371097556, 25.880184800491968, 47.12292554346587, 94.18483121724599, 55.5500599245792, 20.631682657675253, 25.58868006066924, 88.17087942380589, 70.20065207056845, 26.08316260328121, 14.046930522195048, 72.17594547742199, 15.502209247165126, 48.15605160915431, 53.62814253163334, 42.70926408814786], [35.01641221617661, 88.59485282221863, 79.3969240132036, 35.0876418792731, 13.633191184426465, 65.06261946275684, 72.14766629605194, 18.923303613206212, 15.662715296769342, 44.33892070896621, 2.0674012727054905, 31.359203610391805, 35.721005854775804, 79.43301841141896, 65.74991739495525, 43.415250950693896, 78.96179008134213, 75.50090182242917, 57.20235931263744, 46.88650264785875, 67.74158515536016, 65.0920269311346, 73.69247561780912, 58.19816150609381, 58.57730041636859, 59.73735010119578, 0.0, 39.749291095659835, 33.334090634874926, 23.006327811313536, 78.09007301420608, 39.101701731685154, 15.003260140265589, 88.96781696053218, 36.7302427207448, 67.99690340159846, 81.55329286784732, 51.173414924454434, 62.49180216917377, 12.931652765591318, 17.589303401260956, 60.8062700814156, 16.291903295781083, 29.8237844730608, 18.09579308188329, 49.64880792555959, 59.3289345454059, 43.234356279020965, 71.30432599279591, 89.7980919227684, 68.84325934393758, 21.43868901573708, 39.85705838968037, 60.75128066687401, 74.09158175426163, 71.12621604613895, 80.48509299238799, 46.799563991776104, 76.51203484126374, 63.9709842895271, 37.28023726674028, 48.53792681203915, 68.29810428977352], [73.30657142049769, 92.43007580352291, 82.13770268971676, 10.56052424568101, 51.079321714227724, 89.24026241285169, 106.6786425213883, 33.49185218549244, 24.302606514499722, 67.81367524563788, 39.535374595112074, 8.465816053275846, 11.99854035208513, 64.79962915622028, 77.41612919158301, 4.537196504190031, 72.92130130668723, 66.11789657266489, 50.75213795109499, 73.99386604868798, 62.25208038338373, 62.73690051533115, 69.60887954859605, 83.44027425814267, 28.885948509458338, 82.25227367926944, 39.749291095659835, 0.0, 40.31482499394096, 19.84664356292018, 90.23196856605387, 68.9380107312676, 52.5305992224049, 94.46748220261321, 68.96329026725489, 31.304595697603933, 90.07639353912441, 24.17675620097688, 46.87747452081249, 44.58603038143863, 24.050803657567762, 72.21725559663564, 52.94597511010922, 53.54465524262771, 21.83360993801763, 85.58028467028608, 30.126265148322823, 53.02219495749976, 101.65407736481387, 92.48648331455347, 32.52663243194208, 27.62221797969666, 62.48324105778226, 93.00765066684438, 43.3675871575574, 51.871219404178724, 93.89968592652272, 73.42748988841015, 57.559517233420564, 78.79245022854337, 36.373888741908665, 39.24494511603954, 67.355545807004], [48.762948871467046, 57.41740020373256, 47.58715916959757, 29.877853851240797, 32.53707194128634, 49.57861226317699, 72.32450935755361, 14.957321356068956, 28.572564901504624, 29.144020320889634, 31.355088894525405, 34.53760528636757, 28.736825314951325, 47.34688627198523, 38.10531172897484, 40.78999900490449, 45.62835407343828, 42.41844448605748, 24.349044274660066, 36.519567836078224, 34.4296935055774, 31.81786227844328, 40.39644969020851, 44.34194165798506, 39.404800287354, 42.387492323965965, 33.334090634874926, 40.31482499394096, 0.0, 23.9735534664904, 51.11287080649357, 34.18539050744543, 33.29990311350931, 58.49038395493379, 36.43457055817978, 53.89587478716136, 52.39813631193368, 32.81613539458072, 32.36994502659121, 46.11890546229892, 24.592624834779027, 32.80944292672413, 32.09858143524255, 62.684282548522816, 32.727996555156004, 54.72920278577793, 39.46830652962576, 13.120074964538732, 64.15333111603239, 58.22723436292675, 54.027189109744796, 16.529335749024654, 24.115002133561013, 57.38422686745944, 52.0605615035191, 41.600612526436265, 54.47216069137022, 35.73869209877934, 46.263140007129934, 38.74704927503536, 7.322337457778131, 18.345283016239755, 35.250051018886296], [54.16113262971915, 80.58963735427822, 70.4931624869251, 12.409481989043664, 32.189970665856244, 70.60801655112631, 86.83210120440556, 13.802703744211096, 8.486795979402485, 48.901161650431064, 22.120513253085853, 12.001696884331537, 12.805688755610566, 61.69836059913842, 62.06475782285676, 22.35775551014766, 65.20928842803224, 59.97110862984049, 42.13444467209541, 54.61123687710416, 53.80405676395757, 52.69987063758042, 60.75837141997747, 64.50855114711017, 35.774075288343056, 63.86753442540799, 23.006327811313536, 19.84664356292018, 23.9735534664904, 0.0, 75.07453125067347, 49.20027867682072, 33.59803069137081, 81.97031367863222, 49.119647437632054, 45.14375594478357, 76.25720677266867, 28.479597426033962, 43.61200230999441, 32.0598936756595, 5.417072783017174, 56.76751890985918, 33.75870753857782, 45.867663589971855, 10.495837964639366, 65.8268338528625, 36.59956240191786, 37.069732074755706, 82.08498374354326, 81.14710149276104, 45.93478293343832, 8.317917893713558, 43.57062564778312, 73.22568610836574, 51.404846524856495, 51.30541246892028, 78.3822945097368, 54.105077300879884, 56.99200725149227, 62.42732925210439, 23.031395999593926, 31.2630542555607, 56.85102934324109], [69.57616139195073, 19.71137793962883, 20.140213967270608, 79.68689732336226, 69.47107905231597, 28.283800223803652, 62.48336480641196, 64.03513890978886, 78.79817039039085, 36.32036189593195, 76.06683644442083, 85.3865250243467, 78.24488194514933, 53.95194646565526, 13.009915097831438, 89.74126908165935, 37.641900477571276, 44.04132756172675, 44.6296940920919, 39.31352353767917, 38.44391538453446, 34.160165242045544, 34.37817813098471, 31.850193853147026, 78.15794774455333, 26.104346937262726, 78.09007301420608, 90.23196856605387, 51.11287080649357, 75.07453125067347, 0.0, 47.08208519576551, 69.14872453031283, 16.918183217017933, 52.118726221680106, 93.61100443923455, 8.17640190244233, 74.75588387948847, 56.472866093378165, 90.48767676382867, 75.14420197148664, 18.307216978435108, 67.19372775380633, 107.27663465055015, 83.2416918084414, 61.46212979443777, 77.45632288764943, 38.00481073061644, 46.68022793659936, 22.364851369133824, 93.04608195400687, 67.32700715940096, 39.252865859286274, 50.33708277563338, 82.99470625142752, 61.69923661836666, 4.242787823299604, 38.602167087386725, 61.58166652097037, 14.286054144333692, 53.87171167112536, 53.662205506252455, 30.269397959222342], [22.843393585986203, 63.28088039170187, 56.923075683060816, 59.81590018329595, 26.602830183803757, 26.753687241657335, 38.44728981991599, 35.44814880660243, 47.77018065032631, 11.768378869861762, 37.52570325827434, 61.169213938565214, 