instance_id,num_cities,city_coordinates,distance_matrix,best_route,total_distance
37,28,"[[3.686530472305638, 32.66772148850531], [63.7396380429682, 1.768363546769658], [57.42094433094952, 68.93351842236478], [40.51368838194801, 31.047830720800253], [82.53938263701156, 10.060173568529308], [86.68719377296358, 65.01602196148964], [14.447872217592872, 16.054419371977026], [66.89726744047844, 62.44039458596434], [82.58110753996519, 58.380129973705486], [31.806537601054842, 12.088769571846802], [29.511225986822666, 39.406560959935135], [40.50984477475694, 50.81314645483742], [40.314789753182744, 60.03421916509454], [41.3217763580094, 85.51789949974268], [88.61790960965676, 97.28587724726853], [11.88601228181846, 2.141988585839061], [13.357813904561855, 88.32188472042371], [59.09016733517741, 0.0589395137973292], [89.32198312525216, 8.697181986392744], [91.39624162548297, 23.8658579036365], [52.258629941857194, 67.55422173421721], [16.22382048358384, 70.0399017552179], [11.139111900852217, 66.86072625137409], [59.9484110088205, 18.260123692698293], [95.77017402515253, 52.894122256607425], [55.41948765283913, 28.259061211079672], [75.39515210943959, 64.57636495232697], [77.81410775759903, 62.925935417023595]]","[[0.0, 67.53625730009823, 64.82742675735287, 36.86276720216525, 82.02971118724592, 89.08155056935001, 19.794147705165404, 69.87137705403902, 82.97880597354163, 34.84577539543422, 26.68945214573009, 41.05134496488396, 45.72258274671198, 64.88106849225635, 106.71853267280368, 31.607781813810536, 56.48822539496219, 64.28760097800355, 88.92703478187825, 88.15024806057235, 59.80231388729091, 39.419075315316036, 34.99575038004878, 58.077345632792245, 94.27886665631722, 51.92046941317714, 78.48750183818393, 80.06533097621669], [67.53625730009823, 0.0, 67.46172188499922, 37.372877005274546, 20.547129002325754, 67.28191888558429, 51.320264703376004, 60.75414367623845, 59.664839485112225, 33.55940530396473, 50.87453288628512, 54.26798343206912, 62.79835545884101, 86.69801205831806, 98.70422392010836, 51.85497179873104, 100.14909001619279, 4.9537569971798145, 26.50405449885581, 35.40038105122783, 66.78018182422637, 83.17905894925902, 83.68889432233648, 16.921925278622776, 60.33074207203619, 27.7665619992149, 63.88032599098256, 62.75618929486825], [64.82742675735287, 67.46172188499922, 0.0, 41.48711409998923, 64.00786418256807, 29.527277810918463, 68.13871178148638, 11.4874434419075, 27.28383808141005, 62.349204517803905, 40.629959328513, 24.785745267007975, 19.28258415536937, 23.11330580294889, 42.15574567644324, 80.83649234487163, 48.14008943365765, 68.89480332557986, 68.16225130806065, 56.43947954121541, 5.343402399760336, 41.21197759601449, 46.328225526904504, 50.73638754618168, 41.568325050461844, 40.72366999997688, 18.49478119972755, 21.25963706444914], [36.86276720216525, 37.372877005274546, 41.48711409998923, 0.0, 46.97489468174837, 57.32216513930882, 30.070403326011085, 41.00714949818058, 50.16694466545352, 20.8628970752138, 13.817472633111134, 19.76531610775536, 28.987070836979065, 54.47606262350257, 81.86265881076012, 40.68281637774389, 63.385793204655386, 36.130277448965685, 53.68240991794355, 51.38691426937066, 38.34918821918102, 45.93886465807632, 46.3187783704141, 23.2644341134711, 59.418344469575615, 15.16443494768089, 48.38263241584701, 49.06663677717089], [82.02971118724592, 20.547129002325754, 64.00786418256807, 46.97489468174837, 0.0, 55.11215482821887, 68.35484455362293, 54.665924684916426, 48.31997442016762, 50.773386406532644, 60.606896065080214, 58.54303418842295, 65.42416585247891, 85.98115764561994, 87.43724533863356, 71.09568479147084, 104.45565989789742, 25.492947669685105, 6.918194521409239, 16.402465397076472, 64.98068604026537, 89.41656209603555, 91.23760982332604, 24.03312674506986, 44.8308041526071, 32.660193131374974, 54.982316728435016, 53.07652021852714], [89.08155056935001, 67.28191888558429, 29.527277810918463, 57.32216513930882, 55.11215482821887, 0.0, 87.26831101215157, 19.956829423100853, 7.803525269156043, 76.24421596013836, 62.649307937693656, 48.31220584034264, 46.63923470294036, 49.78300995145384, 32.32756136498962, 97.7157143216671, 76.94388338797718, 70.57633051047756, 56.380438549833094, 41.41872926183934, 34.52199973290715, 70.64224192011679, 75.57060015953533, 53.861642442740276, 15.147309421705161, 48.257057614629254, 11.300597471659076, 9.115926568342681], [19.794147705165404, 51.320264703376004, 68.13871178148638, 30.070403326011085, 68.35484455362293, 87.26831101215157, 0.0, 70.01855293991085, 80.20974712237305, 17.805887852962393, 27.788975215380148, 43.444165569051336, 51.022742112078866, 74.48074781585366, 109.99883724515189, 14.14633721885653, 72.27568591867357, 47.42140749976686, 75.23470891922359, 77.34384349427567, 63.88961608143231, 54.0146859696017, 50.913934375150255, 45.553969770399355, 89.27754745683634, 42.75074916062272, 77.90346673362839, 78.81763015260353], [69.87137705403902, 60.75414367623845, 11.4874434419075, 41.00714949818058, 54.665924684916426, 19.956829423100853, 70.01855293991085, 0.0, 16.200882352138414, 61.37300271475823, 43.912112077262485, 28.83555052434802, 26.691155841431293, 34.44817813985113, 41.060856763354785, 81.62190858027726, 59.46700443527225, 62.8680900694063, 58.23401732720908, 45.69676811738194, 15.50615799991243, 51.24012817810615, 55.93309611681956, 44.72340485596066, 30.41013071385195, 36.05694080393602, 8.762215088260744, 10.92763251615533], [82.97880597354163, 59.664839485112225, 27.28383808141005, 50.16694466545352, 48.31997442016762, 7.803525269156043, 80.20974712237305, 16.200882352138414, 0.0, 68.70914786501189, 56.359636702030684, 42.746349437513594, 42.29867173217561, 49.38411631719882, 39.37131125760216, 90.3356244253622, 75.42130374798552, 62.87436304540824, 50.138156371832636, 35.62220607251046, 31.67990857496357, 67.37388086996287, 71.94358382874628, 46.06358492626193, 14.284528533443146, 40.558998733888316, 9.488481615084295, 6.5870049380260465], [34.84577539543422, 33.55940530396473, 62.349204517803905, 20.8628970752138, 50.773386406532644, 76.24421596013836, 17.805887852962393, 61.37300271475823, 68.70914786501189, 0.0, 27.414050808473053, 39.690363071351626, 48.69452219072335, 74.0430745618364, 102.40155831703521, 22.265798458127275, 78.43368696730843, 29.81800232567983, 57.61535680872519, 60.74234631040954, 59.116025447359924, 60.00962251254104, 58.541521363707396, 28.81059962207761, 75.87109853113935, 28.619045089693405, 68.2269373750982, 68.56466978611758], [26.68945214573009, 50.87453288628512, 40.629959328513, 13.817472633111134, 60.606896065080214, 62.649307937693656, 27.788975215380148, 43.912112077262485, 56.359636702030684, 27.414050808473053, 0.0, 15.845498032400753, 23.285559325098646, 47.59983867622957, 82.72614642771039, 41.222524332836684, 51.51350910676488, 49.22549222463879, 67.23386517531803, 63.80649349463799, 36.19026379784455, 33.39096754045077, 33.03431197766294, 37.06202964167657, 67.61776767150472, 28.204694169685848, 52.334058790057476, 53.72456944652367], [41.05134496488396, 54.26798343206912, 24.785745267007975, 19.76531610775536, 58.54303418842295, 48.31220584034264, 43.444165569051336, 28.83555052434802, 42.746349437513594, 39.690363071351626, 15.845498032400753, 0.0, 9.223135496635072, 34.714249477754, 66.88871810301569, 56.464195689771074, 46.30484020760988, 54.04829237508982, 64.46998769547875, 57.581088429372926, 20.452323936720145, 30.975459564825808, 33.46886264689135, 37.91513086075827, 55.29949772963294, 27.03671969626933, 37.502144621939976, 39.221520790702414], [45.72258274671198, 62.79835545884101, 19.28258415536937, 28.987070836979065, 65.42416585247891, 46.63923470294036, 51.022742112078866, 26.691155841431293, 42.29867173217561, 48.69452219072335, 23.285559325098646, 9.223135496635072, 0.0, 25.50356809195201, 60.99899521910253, 64.49578086943389, 39.07519122759716, 62.845437166096424, 70.97320894883376, 62.589656347686265, 14.114026962288488, 26.08617420096432, 29.963667618333954, 46.15792603818663, 55.91315255478286, 35.182560475930096, 35.373194814700526, 37.61064840810393], [64.88106849225635, 86.69801205831806, 23.11330580294889, 54.47606262350257, 85.98115764561994, 49.78300995145384, 74.48074781585366, 34.44817813985113, 49.38411631719882, 74.0430745618364, 47.59983867622957, 34.714249477754, 25.50356809195201, 0.0, 48.738173137940315, 88.41949291571609, 28.104190598834577, 87.28659438766594, 90.58389751475681, 79.42560232564449, 21.03113133376706, 29.48687510154521, 35.4835644679756, 69.78939693768275, 63.473922599198694, 58.96880553241376, 39.99428464541849, 42.91954207691811], [106.71853267280368, 98.70422392010836, 42.15574567644324, 81.86265881076012, 87.43724533863356, 32.32756136498962, 109.99883724515189, 41.060856763354785, 39.37131125760216, 102.40155831703521, 82.72614642771039, 66.88871810301569, 60.99899521910253, 48.738173137940315, 0.0, 122.22988021408027, 75.7920521397948, 101.61183486610388, 88.5914930878788, 73.4725688213599, 46.96773954011432, 77.35145325659508, 83.23853619282858, 84.06550942503722, 44.96423909530831, 76.59527761237484, 35.28106447490612, 36.01843607149458], [31.607781813810536, 51.85497179873104, 80.83649234487163, 40.68281637774389, 71.09568479147084, 97.7157143216671, 14.14633721885653, 81.62190858027726, 90.3356244253622, 22.265798458127275, 41.222524332836684, 56.464195689771074, 64.49578086943389, 88.41949291571609, 122.22988021408027, 0.0, 86.19246311473242, 47.250093626765306, 77.712934193632, 82.42452953107389, 76.86812409693275, 68.03633729671088, 64.72304740352875, 50.693080895880605, 98.04249927208797, 50.76677023793572, 89.0587569749129, 89.67274929118604], [56.48822539496219, 100.14909001619279, 48.14008943365765, 63.385793204655386, 104.45565989789742, 76.94388338797718, 72.27568591867357, 59.46700443527225, 75.42130374798552, 78.43368696730843, 51.51350910676488, 46.30484020760988, 39.07519122759716, 28.104190598834577, 75.7920521397948, 86.19246311473242, 0.0, 99.40722130132532, 110.04839067824878, 101.21549088039747, 44.097271052482895, 18.50526667873427, 21.575540813961663, 84.13877879335699, 89.70464566475091, 73.32616972419281, 66.42650856851846, 69.27891496184064], [64.28760097800355, 4.9537569971798145, 68.89480332557986, 36.130277448965685, 25.492947669685105, 70.57633051047756, 47.42140749976686, 62.8680900694063, 62.87436304540824, 29.81800232567983, 49.22549222463879, 54.04829237508982, 62.845437166096424, 87.28659438766594, 101.61183486610388, 47.250093626765306, 99.40722130132532, 0.0, 31.441722582905093, 40.130434825344274, 67.84012842831638, 82.06618529355595, 82.23005793867846, 18.2214074022185, 64.31935498932461, 28.43801598339563, 66.54585421876523, 65.59607548351245], [88.92703478187825, 26.50405449885581, 68.16225130806065, 53.68240991794355, 6.918194521409239, 56.380438549833094, 75.23470891922359, 58.23401732720908, 50.138156371832636, 57.61535680872519, 67.23386517531803, 64.46998769547875, 70.97320894883376, 90.58389751475681, 88.5914930878788, 77.712934193632, 110.04839067824878, 31.441722582905093, 0.0, 15.30984250108898, 69.55460644036499, 95.42678161933581, 97.44516013818003, 30.891043895559918, 44.66484854032847, 39.14136326264357, 57.5885380182841, 55.436349935016416], [88.15024806057235, 35.40038105122783, 56.43947954121541, 51.38691426937066, 16.402465397076472, 41.41872926183934, 77.34384349427567, 45.69676811738194, 35.62220607251046, 60.74234631040954, 63.80649349463799, 57.581088429372926, 62.589656347686265, 79.42560232564449, 73.4725688213599, 82.42452953107389, 101.21549088039747, 40.130434825344274, 15.30984250108898, 0.0, 58.655142847762924, 88.22094550583103, 91.0481497663489, 31.94354874678104, 29.355943452439774, 36.243993456967104, 43.74220216063556, 41.35412936765721], [59.80231388729091, 66.78018182422637, 5.343402399760336, 38.34918821918102, 64.98068604026537, 34.52199973290715, 63.88961608143231, 15.50615799991243, 31.67990857496357, 59.116025447359924, 36.19026379784455, 20.452323936720145, 14.114026962288488, 21.03113133376706, 46.96773954011432, 76.86812409693275, 44.097271052482895, 67.84012842831638, 69.55460644036499, 58.655142847762924, 0.0, 36.12043878278431, 41.12536565076665, 49.890287978570605, 45.914844932831556, 39.42208343058775, 23.327372098555838, 25.97120483583299], [39.419075315316036, 83.17905894925902, 41.21197759601449, 45.93886465807632, 89.41656209603555, 70.64224192011679, 54.0146859696017, 51.24012817810615, 67.37388086996287, 60.00962251254104, 33.39096754045077, 30.975459564825808, 26.08617420096432, 29.48687510154521, 77.35145325659508, 68.03633729671088, 18.50526667873427, 82.06618529355595, 95.42678161933581, 88.22094550583103, 36.12043878278431, 0.0, 5.99678399273687, 67.77156655119758, 81.37321498119151, 57.28820961958701, 59.42303190492338, 61.999774221820196], [34.99575038004878, 83.68889432233648, 46.328225526904504, 46.3187783704141, 91.23760982332604, 75.57060015953533, 50.913934375150255, 55.93309611681956, 71.94358382874628, 58.541521363707396, 33.03431197766294, 33.46886264689135, 29.963667618333954, 35.4835644679756, 83.23853619282858, 64.72304740352875, 21.575540813961663, 82.23005793867846, 97.44516013818003, 91.0481497663489, 41.12536565076665, 5.99678399273687, 0.0, 68.87936010502332, 85.77576990872079, 58.74385261982941, 64.29663295874973, 66.79099977846786], [58.077345632792245, 16.921925278622776, 50.73638754618168, 23.2644341134711, 24.03312674506986, 53.861642442740276, 45.553969770399355, 44.72340485596066, 46.06358492626193, 28.81059962207761, 37.06202964167657, 37.91513086075827, 46.15792603818663, 69.78939693768275, 84.06550942503722, 50.693080895880605, 84.13877879335699, 18.2214074022185, 30.891043895559918, 31.94354874678104, 49.890287978570605, 67.77156655119758, 68.87936010502332, 0.0, 49.82682572794611, 10.976789068796407, 48.82413353096688, 48.10631826810478], [94.27886665631722, 60.33074207203619, 41.568325050461844, 59.418344469575615, 44.8308041526071, 15.147309421705161, 89.27754745683634, 30.41013071385195, 14.284528533443146, 75.87109853113935, 67.61776767150472, 55.29949772963294, 55.91315255478286, 63.473922599198694, 44.96423909530831, 98.04249927208797, 89.70464566475091, 64.31935498932461, 44.66484854032847, 29.355943452439774, 45.914844932831556, 81.37321498119151, 85.77576990872079, 49.82682572794611, 0.0, 47.2764647941624, 23.486513416586018, 20.568363840866674], [51.92046941317714, 27.7665619992149, 40.72366999997688, 15.16443494768089, 32.660193131374974, 48.257057614629254, 42.75074916062272, 36.05694080393602, 40.558998733888316, 28.619045089693405, 28.204694169685848, 27.03671969626933, 35.182560475930096, 58.96880553241376, 76.59527761237484, 50.76677023793572, 73.32616972419281, 28.43801598339563, 39.14136326264357, 36.243993456967104, 39.42208343058775, 57.28820961958701, 58.74385261982941, 10.976789068796407, 47.2764647941624, 0.0, 41.44844655130885, 41.271190640048864], [78.48750183818393, 63.88032599098256, 18.49478119972755, 48.38263241584701, 54.982316728435016, 11.300597471659076, 77.90346673362839, 8.762215088260744, 9.488481615084295, 68.2269373750982, 52.334058790057476, 37.502144621939976, 35.373194814700526, 39.99428464541849, 35.28106447490612, 89.0587569749129, 66.42650856851846, 66.54585421876523, 57.5885380182841, 43.74220216063556, 23.327372098555838, 59.42303190492338, 64.29663295874973, 48.82413353096688, 23.486513416586018, 41.44844655130885, 0.0, 2.9283551831641197], [80.06533097621669, 62.75618929486825, 21.25963706444914, 49.06663677717089, 53.07652021852714, 9.115926568342681, 78.81763015260353, 10.92763251615533, 6.5870049380260465, 68.56466978611758, 53.72456944652367, 39.221520790702414, 37.61064840810393, 42.91954207691811, 36.01843607149458, 89.67274929118604, 69.27891496184064, 65.59607548351245, 55.436349935016416, 41.35412936765721, 25.97120483583299, 61.999774221820196, 66.79099977846786, 48.10631826810478, 20.568363840866674, 41.271190640048864, 2.9283551831641197, 0.0]]",Route_2,1296.3773860080423
