instance_id,num_cities,city_coordinates,distance_matrix,best_route,total_distance
1094,98,"[[83.28241370069857, 51.86630332257389], [52.82220828254323, 80.42734029618303], [21.630978972341207, 41.586799001578115], [24.39154586196318, 22.73521069781157], [40.67532201186923, 54.254665150661985], [46.42823570745169, 67.60472871630844], [61.888010361298825, 99.06796406193506], [57.95810327689143, 3.037848647528163], [31.406795047512492, 44.97723551189904], [18.411799915660076, 26.515323923264443], [57.84096950266877, 80.61170063987801], [84.27532898454932, 14.799463546931557], [8.948938364690207, 70.57075214292313], [66.2045304266294, 69.44072442005783], [83.21755908825833, 63.72211803818184], [34.36574686965898, 94.33841454144275], [82.70649926810388, 63.942947871801856], [30.44106821508804, 66.12607646902863], [35.17767651624744, 56.75264569035397], [5.526873350923578, 75.24110928263559], [68.87458317334986, 27.00976452133118], [99.52938345001098, 70.2665979311674], [78.22296899337215, 40.04949801381519], [92.18831039151122, 69.7156393166916], [21.16941086582218, 82.57190072217527], [77.52063888823926, 52.50035269424216], [89.78986540399818, 29.676807311885746], [86.89162534922966, 65.92792510777521], [78.21072917481723, 63.00474154277843], [92.40466737914306, 3.4767830218329854], [77.77198898319419, 25.26140891861104], [24.308197056838132, 97.94640986146442], [36.30028021711039, 97.32001361250173], [9.054106724492883, 71.48310011974651], [32.116217052106755, 17.933085000823755], [21.335764931144652, 24.659473935696706], [21.79898873899798, 41.49808898517667], [56.342320318055485, 20.88818708144752], [0.01142480404481283, 17.654165391461763], [53.826149173324836, 13.855380407520201], [86.92554962904198, 17.908649924775332], [89.84652069591334, 43.123361221889134], [67.16238780428125, 90.48658826860012], [32.527649584334085, 12.842603905131666], [31.181845236851146, 49.01446424054643], [22.4256619313432, 74.73560550478456], [79.46063113558935, 24.0765657938686], [33.81260947224997, 47.86386732775348], [24.87766378212398, 20.077725293290293], [78.20765522022702, 27.36831560932901], [14.31897050298997, 38.129285391990464], [84.88622791111014, 18.34305212415215], [91.69490333472963, 61.42573445426817], [24.409580869475032, 48.455331034965134], [33.40624747571933, 38.9271202778992], [56.09995324294934, 95.75158426873989], [44.310918203387885, 3.3537059281611548], [49.36818712177317, 78.74466989013105], [79.07686050861868, 47.44785541520049], [0.2741605170594519, 87.25910057514648], [93.67519925104743, 42.66520827063367], [37.80620286362368, 37.54790606376043], [85.03031975790195, 6.263633145229386], [55.07972076163598, 16.419067661328345], [35.0903152401169, 91.14099295228048], [6.751014985353365, 26.43955043668347], [21.223355489806593, 27.187562858567205], [52.26872090983194, 45.18106848190035], [78.80328165571605, 79.77701991102325], [87.59837980358527, 68.2355268159501], [5.444527932805288, 70.45741133959652], [61.58744183610367, 21.31591795309511], [17.364721338025678, 89.82788640089139], [78.02464797886228, 51.86550435932949], [79.49274222590927, 12.588303858296356], [2.7485519090973742, 65.96520430971931], [51.925387350952526, 2.354077255444331], [14.038149972826108, 24.631299974764907], [21.897855008940148, 96.17730114670555], [28.631726452975304, 65.95258547680972], [13.526538916259689, 44.42652693056834], [77.18483903258293, 43.04609684346525], [44.96576621463194, 49.12404673084785], [29.656944615140578, 59.704152155794176], [25.08017468850682, 43.86728563668106], [79.59233412250988, 51.5361961040843], [82.97328486000102, 44.05822185343566], [34.963384377804765, 62.95726231539629], [94.28315451922033, 67.81130553209292], [54.735658995553905, 97.20081496630335], [16.756800948182693, 61.31240751442847], [3.6932541746471093, 85.52353004139876], [26.198284030393992, 9.966372244314082], [17.36357752207556, 91.25094150145323], [52.77899409946153, 82.14124698625744], [87.07931834953584, 26.717154384378105], [93.56612219861317, 16.509857384518988], [25.628673747987385, 91.46912068523858]]","[[0.0, 41.755921102570454, 62.502540853554734, 65.70201574009644, 42.673979594152904, 40.074037348788195, 51.82390636378802, 55.00489691285987, 52.33105259739063, 69.64817793274881, 38.38704143081541, 37.08013608003677, 76.65064879831108, 24.50539479450229, 11.85599210068819, 64.78210034605928, 12.09036893573014, 54.73160807904336, 48.35227069456281, 81.19301453176882, 28.730351576033414, 24.546585663144842, 12.854371569687924, 19.94777660037162, 69.28823011761644, 5.796556529113075, 23.12402778235492, 14.517424563397627, 12.238741353398131, 49.24186417175644, 27.169563611020646, 74.84206335605992, 65.37094649605731, 76.77669094937205, 61.39578963702582, 67.65795488385028, 62.35151492600061, 41.05377348447116, 90.02515189459041, 48.08847866964363, 34.15252060503597, 10.932819271375225, 41.849511875449934, 64.02261472894308, 52.17856092693465, 65.01191597098338, 28.05130182164999, 49.63145196640599, 66.49532694990747, 25.01808497134453, 70.31829178321065, 33.561593986787976, 12.733919483186854, 58.971562447674955, 51.527220138149865, 51.62173999644937, 62.22740206090311, 43.273795232064685, 6.099947504822128, 90.23868457574524, 13.880567050750445, 47.67706211753493, 45.6361556541354, 45.29788521596708, 62.1689600970145, 80.64474410429534, 66.78597859515634, 31.726038287205164, 28.267839046469952, 16.92864558012148, 80.02728133653052, 37.46995930647947, 76.06723313117143, 5.257765782541001, 39.46039599145728, 81.75868090982176, 58.60651526597714, 74.40775138767681, 75.7068594907498, 56.436875901995194, 70.15149563412999, 10.722707641605997, 38.41465144689408, 54.19522865509978, 58.749339655621, 3.704815524295931, 7.814198414991191, 49.57557832327465, 19.371613097980703, 53.57364230823905, 67.192901682403, 86.41321209436464, 70.81103081144258, 76.78829785602346, 42.97709647252063, 25.434153754900443, 36.821636707792884, 69.94524196537904], [41.755921102570454, 0.0, 49.81446008880871, 64.31706136996833, 28.854042530391887, 14.328372308791973, 20.728280722420962, 77.55972430991612, 41.416540816971235, 63.95765562752831, 5.022146246473049, 72.7757996074925, 44.96683381457683, 17.31451051510338, 34.68345140397224, 23.111879078569388, 34.129254918773974, 26.560150183553613, 29.526609455389437, 47.57883666526498, 55.77738019391946, 47.79959097662594, 47.70292225921346, 40.79743292325796, 31.725364044006096, 37.28175305566172, 62.78713459969093, 37.026452977157504, 30.791621269747537, 86.5341512523641, 60.54561538018717, 33.46590256683368, 23.62914553620598, 44.67265546539169, 65.8351731049327, 64.04257203862048, 49.77877819395027, 59.64312160065324, 82.03322704387271, 66.5795294420884, 71.21533919565192, 52.558410977294486, 17.516541282063983, 70.56603790636795, 38.14543347290922, 30.924842360410953, 62.329891377318965, 37.70602894357804, 66.50544036643385, 58.819053179613014, 57.198118572090344, 69.87531890853091, 43.26831918611781, 42.77250019245119, 45.81754899182286, 15.67086677104725, 77.54216384333785, 3.842088217942231, 42.15392255208434, 52.99028469892182, 55.6322342368856, 45.43265674417111, 80.85553724502451, 64.04807044939876, 20.71720019943697, 70.97349016175347, 61.91091502654364, 35.25061737158725, 25.98921103507269, 36.85135576335999, 48.41532896429939, 59.75775740999135, 36.68247057502234, 38.091225219600595, 72.89343074410174, 52.12028817933477, 78.07841372371568, 67.95146278426135, 34.704133646924504, 28.190387337311048, 53.29360368684122, 44.619447992261584, 32.27413623947202, 31.081826965000605, 45.893986802613, 39.38702642008268, 47.24193259258463, 24.982818414166722, 43.337909455918144, 16.88226128634103, 40.81781794075159, 49.392563019699686, 75.32317944292232, 37.07377561643689, 1.7144514014404835, 63.70505208241098, 75.79915001477907, 29.349774013477738], [62.502540853554734, 49.81446008880871, 0.0, 19.05264052898665, 22.872731244395023, 35.942128599008015, 70.17629879772456, 52.968684462022004, 10.347059469535026, 15.411439739206862, 53.23632558775439, 68.13131386676616, 31.63706202658193, 52.56084712470213, 65.44371015786398, 54.266999691011506, 65.03857756520912, 26.07285582918926, 20.335090856289007, 37.30891070990234, 49.44135993416716, 83.01019387285102, 56.6128662838002, 75.95767686328847, 40.98770069380144, 56.945234565478806, 69.19163028612675, 69.6522963415211, 60.49790406016347, 80.38213911485255, 58.46649781199259, 56.42316220267853, 57.63141165958939, 32.43403360803116, 25.873507756368255, 16.929899149615057, 0.18999144375999574, 40.41422711668337, 32.25176078839685, 42.49188818479552, 69.45527842393396, 68.23284514145146, 66.81540676057003, 30.740302245892853, 12.099142833470983, 33.15833068163037, 60.422487008651366, 13.703784455681626, 21.75272888725993, 58.33597145187308, 8.088254954954625, 67.39063946281766, 72.81852001348618, 7.4092753219474385, 12.071902883963208, 64.20229084935825, 44.45389802350896, 46.36874038504049, 57.7441017573543, 50.418972872906075, 72.05229102615911, 16.67184825075699, 72.57549488745347, 41.8596826087096, 51.34950701684379, 21.233286776680572, 14.405004630533977, 30.847852504274172, 68.7543828947046, 71.14669821259805, 33.09854156949267, 44.80432504864878, 48.42936575746721, 57.32275017694564, 64.72168390413599, 30.8358994869086, 49.567707578822265, 18.577943897647586, 54.59115447832253, 25.351568311333008, 8.58754932057486, 55.573023291739815, 24.52187592692199, 19.815514371672986, 4.134920843413857, 58.809091079078435, 61.39207133276989, 25.18828569281527, 77.24029618316824, 64.72123771347401, 20.318888813451988, 47.457331418689655, 31.948578431673827, 49.847144004302095, 51.13572232501832, 67.11625330927129, 76.18082325526322, 50.04225794337633], [65.70201574009644, 64.31706136996833, 19.05264052898665, 0.0, 35.47727969709009, 49.98889223175957, 85.04512970240003, 38.91914501154438, 23.322122308354206, 7.074363404545467, 66.84722903688314, 60.40731382800954, 50.26642171133547, 62.687564079839234, 71.69676705004451, 72.29456055896956, 71.40526166719803, 43.81054613990488, 35.686503022335195, 55.79198199695543, 44.68794489385684, 88.90965869766383, 56.54738421548707, 82.48370720262677, 59.92338130483913, 60.89880297561171, 65.76568985781752, 75.9728274715066, 67.21710799295315, 70.6871398138415, 53.44018511634994, 75.21124534707539, 75.52953581059953, 51.10375487563318, 9.095655897487815, 3.6111751696408105, 18.941144476042474, 32.00411668181903, 24.903962018199714, 30.744873687845892, 62.71999135871144, 68.55676780818574, 80.12236943072955, 12.808585126225077, 27.14235311029511, 52.03754183000705, 55.0854189996557, 26.83665075180943, 2.701580890431579, 54.01517645608261, 18.396584195229106, 60.65391671741861, 77.63181406907815, 25.72012666024715, 18.532209286396245, 79.6041073568942, 27.79251916635657, 61.326112934355656, 60.00998622672401, 68.88381987649218, 72.0931996112772, 19.984217935075716, 62.83608650030263, 31.33141780274591, 69.23737944241344, 18.02527288308307, 5.464510041862039, 35.79040961365286, 78.83149745124476, 77.88056640635278, 51.34586568072069, 37.22296427226458, 67.45964271984285, 61.03346337451282, 56.02768564868574, 48.34512938165923, 34.25643045526447, 10.525586016150259, 73.48441429020153, 43.42488473482435, 24.260288041151586, 56.56557168296554, 33.46145857996396, 37.342028018758, 21.143292101343697, 62.262539178530496, 62.3417271879525, 41.58818589374489, 83.1666476792729, 80.41076682220967, 39.3254299929002, 66.11196809024446, 12.896028003256696, 68.87523289647415, 65.84014250395268, 62.81411222787964, 69.45413619958383, 68.74504249446717], [42.673979594152904, 28.854042530391887, 22.872731244395023, 35.47727969709009, 0.0, 14.536857060438521, 49.580337900433214, 54.05420262079798, 13.11397318859563, 35.568742849001424, 31.453978660229705, 58.80198586449921, 35.676015950033175, 29.70449256287448, 43.58296226326411, 40.577305278913165, 43.13331292202994, 15.673874998441638, 6.038543928151093, 40.93707708881499, 39.210750316150545, 60.99329913303582, 40.144894659636584, 53.78317296296088, 34.38526428646521, 36.88705718697099, 54.92093834377206, 47.667721701348974, 38.54180363911583, 72.48667798717186, 47.0826040838732, 46.656739439951586, 43.287009931913396, 36.01000177359865, 37.31642349279139, 35.353837290016514, 22.78258530751798, 36.86158833622627, 54.709680302042756, 42.48583837925206, 58.82275390901614, 50.41540148784353, 44.88114199879213, 42.20596382728358, 10.843698947139005, 27.432079958396734, 49.14283146717353, 9.377586054776543, 37.65141728485449, 46.1687321433233, 30.897979500623904, 56.95830185844138, 51.5210822219127, 17.268659794461776, 16.963875631431033, 44.27091082084388, 51.03063011014539, 25.987039769050313, 39.00013868811371, 52.16844456008504, 54.252211919349385, 16.951331625409164, 65.34910082011093, 40.48480135454726, 37.306748442191704, 43.8695704763689, 33.33177205109515, 14.72199220603806, 45.88171639244272, 48.961595617674135, 38.77805868663927, 39.01637890025622, 42.53043820481007, 37.42566284617471, 56.94627095270865, 39.69353370291343, 53.105884739855874, 39.83820651814201, 45.93583215642074, 16.789566222601156, 28.872975677018808, 38.19131886414606, 6.6881355269429354, 12.292337006275309, 18.737830002560283, 39.01184314508804, 43.509597987288835, 10.409679579462738, 55.2954085306154, 45.18921176655203, 24.938070838525594, 48.429487433505315, 46.59439362493671, 43.72827340498983, 30.400005336797616, 53.959664336515075, 64.97774432601645, 40.14121727989769], [40.074037348788195, 14.328372308791973, 35.942128599008015, 49.98889223175957, 14.536857060438521, 0.0, 35.05623782955071, 65.58825998595384, 27.159659942931324, 49.73187972238943, 17.304098107125288, 64.96767272369803, 37.59647622150718, 19.861337141390116, 36.99363432396807, 29.32905717473476, 36.462597904281864, 16.055402109485602, 15.631467881072451, 41.6081212117754, 46.387386567377554, 53.167823345460775, 42.07369491488055, 45.808736924887114, 29.360253238576192, 34.567032134283956, 57.60866386230884, 40.49811812472198, 32.11365399638873, 78.90643629169486, 52.68194758074811, 37.54881788577306, 31.393847149979358, 37.57482244772219, 51.692417890721565, 49.73858660870329, 35.89089639844892, 47.75692971693119, 68.18782230656842, 54.256074012666865, 64.10719680440019, 49.84460678685393, 30.87854529839875, 56.49881953104076, 24.042677797217145, 25.03942794174736, 54.64284138954815, 23.42766812272297, 52.18470278424801, 51.27280413908012, 43.58677174482572, 62.495839421571524, 45.68644403068354, 29.18082576679744, 31.49567277030445, 29.762184018917257, 64.28590018609086, 11.521354246563163, 38.369678688833126, 50.16465877334226, 53.42523040802065, 31.269026820909733, 72.47655413234187, 51.91165660309908, 26.12478085475753, 57.17389043106492, 47.632271442353044, 23.171789005327096, 34.587689617567115, 41.17497627368976, 41.08286870590735, 48.707859040646966, 36.58628984982859, 35.2995248096099, 64.1877604802225, 43.710442882725616, 65.4818004659219, 53.81294669223119, 37.65808641585757, 17.87303328840645, 40.24612639447453, 39.35854478465005, 18.538457963518866, 18.539021411379338, 31.92500451412879, 36.85180001022713, 43.47388414905621, 12.37100480795777, 47.855364677973014, 30.739902456007254, 30.3312931933537, 46.339638405335094, 61.08544083207376, 37.468623333572005, 15.863243538641283, 57.65677978106897, 69.5173806991154, 31.656452450524707], [51.82390636378802, 20.728280722420962, 70.17629879772456, 85.04512970240003, 49.580337900433214, 35.05623782955071, 0.0, 96.11049493263668, 62.0879328217576, 84.5817147249032, 18.894766450416423, 87.19158339074984, 60.121846537005055, 29.940034640454623, 41.28290784369012, 27.925680410153674, 40.83106957599672, 45.54204791762015, 50.0402648174684, 61.19065920364085, 72.39610708243625, 47.39611438717476, 61.23732691900116, 42.18610138269619, 43.93318165785853, 49.1214973627005, 74.79068224006063, 41.51437033543821, 39.58518874442047, 100.3441091852746, 75.49641288819859, 37.59654574322905, 25.64736369893568, 59.60156115583174, 86.42469714790103, 84.74141851712166, 70.15283437600273, 78.3762222027478, 102.25907516783307, 85.59309562619411, 84.93357783467005, 62.54180111782216, 10.072689209812678, 91.08701070473214, 58.721558400808796, 46.360981617745715, 77.02276816030951, 58.395955831240826, 87.23086365867387, 73.53346446719912, 77.30676626971365, 83.93705628523826, 48.014459473848845, 62.978339920137095, 66.54421017734134, 6.670830543342364, 97.31481582383229, 23.870112273356604, 54.406729235340904, 62.735283130612274, 64.7433103754028, 66.06550528417877, 95.64627708962601, 82.92884228970702, 27.945542306083734, 91.1864832352233, 82.58575078652918, 54.73872710252465, 25.65671314095658, 40.14551386377384, 63.280569179909975, 77.7526270652607, 45.47199468499302, 49.88449935176924, 88.25337507971942, 67.773654536498, 97.22566409372055, 88.48969487811866, 40.09449410075234, 46.93195838900393, 72.96929883252571, 58.07273520372948, 52.732885615466515, 50.87584187917891, 66.34705468612425, 50.72190892544119, 58.91231228301246, 45.043515237806666, 45.015820190946975, 7.3920481467852674, 58.841380960192545, 59.750157661386126, 95.98359354602651, 45.20543066231739, 19.222068780920864, 76.6109761010541, 88.42705325711701, 37.047022988372376], [55.00489691285987, 77.55972430991612, 52.968684462022004, 38.91914501154438, 54.05420262079798, 65.58825998595384, 96.11049493263668, 0.0, 49.63752752959045, 45.9902376038801, 77.57394042622859, 28.82589034166468, 83.44214342830405, 66.91296938260881, 65.73142824679701, 94.29948363270564, 65.7412672197341, 68.82813166322374, 58.34575618456781, 89.23197138857216, 26.34050652494121, 79.04350742138423, 42.19629096638673, 74.95088290094083, 87.63032197093048, 53.190526469630385, 41.507772752076924, 69.22651527186821, 63.29452661385305, 34.449360543201344, 29.77375854514982, 100.69732459364481, 96.73772754293576, 84.12106352092927, 29.8273557271719, 42.528700262438356, 52.788934929530285, 17.923318241205312, 59.76164540233526, 11.579811660489872, 32.56153680022023, 51.2222557472729, 87.93179695067755, 27.255113294037265, 53.2054243100738, 80.01951465946968, 30.082990600633433, 50.91538885042407, 37.21119284932639, 31.65463593986083, 55.998061056154434, 30.97374936582395, 67.43379632738663, 56.464600079466315, 43.48371466928858, 92.73235408630897, 13.650839763625783, 76.19258128066924, 49.17571156696499, 102.08161699627864, 53.348276218880805, 39.96302232236581, 27.263722981652876, 13.687297329985046, 91.02252339986438, 56.30102608235421, 43.96191978810292, 42.525522333380316, 79.51994635217662, 71.61901445239246, 85.4580191030002, 18.634911213002688, 95.8140559128192, 52.79020911671405, 23.55741644148283, 83.71347951715417, 6.071342912380186, 48.94118345987375, 99.87641922392294, 69.41397905260929, 60.72220847062434, 44.38836887662002, 47.88254876376507, 63.340552057023594, 52.42138030531173, 53.10489290355789, 48.04612708208518, 64.18016228983154, 74.26378703334748, 94.21808941544674, 71.36856117866948, 98.73480380848729, 32.50677710572686, 97.10543379293259, 79.27276203468261, 37.53338097595827, 38.071328200356376, 94.15562589602342], [52.33105259739063, 41.416540816971235, 10.347059469535026, 23.322122308354206, 13.11397318859563, 27.159659942931324, 62.0879328217576, 49.63752752959045, 0.0, 22.576803980710565, 44.36869035798539, 60.8751164386664, 34.04971982746249, 42.53639238434136, 55.09742182180564, 49.44978656245595, 54.69330762020828, 21.17087863421891, 12.364458416045107, 39.8205022900597, 41.553160660045315, 72.66525237160693, 47.07479941305125, 65.62302362983382, 38.963609780874734, 46.72348323815553, 60.35466848019397, 59.308496761873045, 50.15574965531344, 73.77687975149215, 50.382983505842304, 53.44271255005551, 52.57102449443045, 34.67280683584181, 27.05345368795445, 22.676796137730566, 10.218336587543766, 34.67077551487026, 41.61994033550202, 38.356189911884236, 61.766013599483195, 58.469123336539944, 57.87541448423286, 32.154173343368136, 4.043490846376731, 31.084101027435587, 52.402377402575475, 3.7577368570162046, 25.74131240258109, 50.00394557473544, 18.408915462599698, 59.74470239397114, 62.49167239167422, 7.813971763508034, 6.371946669373432, 56.46048665523683, 43.5779142390994, 38.24723819746361, 47.734045541654424, 52.50711424210458, 62.31131223156162, 9.805475839850125, 66.13792717170958, 37.094155373155196, 46.310482852413635, 30.847256902704228, 20.498168072736448, 20.86292162101398, 58.80010150524528, 60.81481983680465, 36.37689753051772, 38.35008981992431, 46.99745439094474, 47.1240114977857, 57.97672989834207, 35.521679775016196, 47.30482269145052, 26.751204171245174, 52.07558604246003, 21.158126378648582, 17.888734982126454, 45.8187582509147, 14.178918943148531, 14.830510792683702, 6.42324792394638, 48.629889368555425, 51.57467845450833, 18.32841213850312, 66.89418012131206, 57.19736133893509, 21.942200697801926, 49.11254776312179, 35.396173998851545, 48.35770698114668, 42.87113995664653, 58.59061711228154, 68.36792792914525, 46.849568543616435], [69.64817793274881, 63.95765562752831, 15.411439739206862, 7.074363404545467, 35.568742849001424, 49.73187972238943, 84.5817147249032, 45.9902376038801, 22.576803980710565, 0.0, 66.94084992130635, 66.89742779633718, 45.06025415319273, 64.23966918893845, 74.72704965570803, 69.67424233109848, 74.39513021195856, 41.397041114811415, 34.57441605917053, 50.40062987172045, 50.465205494653375, 92.16418141429456, 61.32332194814625, 85.49409773829393, 56.12436387670368, 64.56838672999997, 71.44804553011939, 79.01164232909895, 70.05276253477074, 77.49657284251664, 59.373431339045005, 71.67403670477199, 73.02945850466482, 45.93111492133536, 16.16990643051435, 3.463199472761118, 15.360869019212519, 38.3456522572386, 20.422877729984325, 37.60917844311007, 69.05221746695908, 73.33993615940264, 80.42973630086694, 19.6519842398383, 25.870550294147545, 48.387050375922186, 61.09752314564892, 26.3238530707741, 9.12414772240611, 59.80193898546436, 12.31403076162595, 66.97488785866567, 81.17357950819503, 22.745049756626656, 19.464997980485165, 78.82928800799688, 34.745141764465565, 60.71410453083737, 64.17492073550409, 63.393851159930314, 76.97660712158849, 22.312793065745275, 69.62871652802689, 38.03249675834389, 66.74316422582963, 11.661031121308987, 2.8908043746769416, 38.6613646827662, 80.52291180932266, 80.79206746949302, 45.81546888532191, 43.487583028779596, 63.32122030592237, 64.7790344351279, 62.6485706253384, 42.445616977736194, 41.31496560964611, 4.7621801793896195, 69.74914802915237, 40.73996192034131, 18.56547786083393, 61.05355501834916, 34.87502649743905, 35.04214032790544, 18.58918495833034, 66.09918161766032, 66.90245590415024, 40.02461520094156, 86.38182995523934, 79.4723938386879, 34.83641841568688, 60.81614899030121, 18.28926287583066, 64.74410361890816, 65.38614037146658, 68.66781504752937, 75.81742226208918, 65.35349249816394], [38.38704143081541, 5.022146246473049, 53.23632558775439, 66.84722903688314, 31.453978660229705, 17.304098107125288, 18.894766450416423, 77.57394042622859, 44.36869035798539, 66.94084992130635, 0.0, 70.92267558683531, 49.912436882159604, 13.954922466018544, 30.483262611718093, 27.193910204396605, 29.935629095761225, 30.9933524838515, 32.90713223714248, 52.58904741198996, 54.72575432363282, 42.9528230445768, 45.39513393654446, 36.03420567312381, 36.723910429287294, 34.31526293715328, 60.12566263791139, 32.55078906866166, 26.924563464391085, 84.52481722452161, 58.82941722609904, 37.74836382812918, 27.261126486044475, 49.63355041897274, 67.75228222776701, 66.80779620646773, 53.187395067286424, 59.742313490042996, 85.48629998196039, 66.87693977180788, 69.12007935548223, 49.2923006107621, 13.579478813029793, 72.34234332347388, 41.34119319390226, 35.89947777347547, 60.52793769143672, 40.61751681713348, 68.9270751975404, 57.00578862386767, 60.81874712801958, 67.88836859399684, 38.91259608893911, 46.38631104228272, 48.318318270491964, 15.239659245274726, 78.43379396049157, 8.67605008598473, 39.38024500816304, 57.94933496326802, 52.192224562560135, 47.496129079905536, 79.16372848401328, 64.25199314673932, 25.069069906444224, 74.46344949180657, 64.76872820792022, 35.86613513461261, 20.978923297464892, 32.22845243472249, 53.371309524668106, 59.41402106728155, 41.51222404867366, 35.12441711160739, 71.38614551692334, 57.006090297912976, 78.48088767320081, 71.0808853165924, 39.16880644910481, 32.68133315671447, 57.2113236568652, 42.25351910763649, 34.01827756373236, 35.092233364024075, 49.22826130164243, 36.31124931527744, 44.35978005593906, 28.897458256710532, 38.62490082441616, 16.87725296014753, 45.39131658098767, 54.37003902255465, 77.40815181887744, 41.852272431269526, 5.28801541302574, 61.3147874446068, 73.3848270685648, 33.99287525097667], [37.08013608003677, 72.7757996074925, 68.13131386676616, 60.40731382800954, 58.80198586449921, 64.96767272369803, 87.19158339074984, 28.82589034166468, 60.8751164386664, 66.89742779633718, 70.92267558683531, 0.0, 93.72567287287394, 57.55189962395647, 48.93408831912322, 93.90107087882562, 49.16851917912492, 74.38110530671845, 64.5805618577086, 99.26989374388124, 19.65386530498777, 57.526421533362814, 25.965271075835382, 55.4833455725419, 92.60378038870687, 38.30121252382216, 15.866488881351447, 51.19535709658159, 48.58526728864504, 13.938767413486119, 12.318511766168486, 102.51571388361555, 95.45284955077253, 94.18740326294049, 52.25315819160949, 63.70720938872763, 67.94195824944705, 28.58890567059516, 84.31224626566659, 30.463812042329852, 4.08542646447888, 28.866613181775215, 77.59763916816493, 51.78466590570191, 63.16315610331039, 86.12620058602585, 10.452078332891697, 60.33026485900944, 59.63172543673782, 13.956815792890502, 73.7439670706874, 3.595861162931825, 47.21291372349516, 68.67769080094057, 56.30104149018379, 85.71521246277447, 41.571137782758036, 72.85257694345712, 33.059666756930476, 110.93509499777005, 29.408456097414014, 51.73848972847933, 8.569154667437777, 29.240496866387474, 90.81406658105207, 78.39330892268104, 64.25742265401475, 44.13009040182315, 65.20756193124922, 53.53928953989255, 96.499234955261, 23.60517742547625, 100.5300634217428, 37.58939204803938, 5.269000215654243, 96.25252416490301, 34.66130931804881, 70.92197348543343, 102.53439282500769, 75.58341343088954, 76.70172215058113, 29.122969291399226, 52.186384583640816, 70.70784235276444, 65.94698304830638, 37.03401085291268, 29.2877151130076, 68.92634810522452, 53.94823410077599, 87.53613436060311, 81.9890577133384, 107.21643699630432, 58.2777995650695, 101.59729802119037, 74.34335819683332, 12.243108725152894, 9.446919372269036, 96.52806066705013], [76.65064879831108, 44.96683381457683, 31.63706202658193, 50.26642171133547, 35.676015950033175, 37.59647622150718, 60.121846537005055, 83.44214342830405, 34.04971982746249, 45.06025415319273, 49.912436882159604, 93.72567287287394, 0.0, 57.26674239921142, 74.58372351446285, 34.79821734612646, 74.0547471798876, 21.946908378003293, 29.646024538839725, 5.789884694094416, 74.08537337627533, 90.5809557337487, 75.699658342407, 83.24376417104827, 17.12797464302795, 70.91274532075448, 90.595641221963, 78.08084462432636, 69.67381274644943, 107.08155489044593, 82.39871892120458, 31.390021712242426, 38.25727238442169, 0.9183894678823937, 57.51040604919142, 47.55290673564304, 31.785901555658846, 68.66214331103659, 53.66604421859, 72.32286941934463, 94.09383037323158, 85.4270337505001, 61.52598007541727, 62.35779599812509, 30.967332725249893, 14.105604617235967, 84.46069015629863, 33.672017447047686, 52.94591630958655, 81.62855127291337, 32.882913650074286, 92.16400920591263, 83.24978118499054, 26.983760253957808, 39.99349205260258, 53.45364824404766, 75.95130624255194, 41.237465991802566, 73.84168075894412, 18.808315823088382, 89.20346777223034, 43.8548751854281, 99.61818181678929, 71.13686819609474, 33.264190834860905, 44.185900819359176, 45.08616670602641, 50.211946747414345, 70.45838944255287, 78.68410205357827, 3.506242805739866, 72.08918600440332, 21.015770813455735, 71.56353787612137, 91.3147993059699, 7.723720802995627, 80.62561565763568, 46.22048615390022, 28.69442095848675, 20.21730966979382, 26.541946777959915, 73.57815429400561, 41.91864813426928, 23.38598978339302, 31.19762665307751, 73.16285729652465, 78.62899043233878, 27.10565676612737, 85.3788205136736, 52.96776408444986, 12.11113798875555, 15.849535740412408, 63.01135444338474, 22.326584692999162, 45.33155784475961, 89.59628515147618, 100.41239038118334, 26.738649558032208], [24.50539479450229, 17.31451051510338, 52.56084712470213, 62.687564079839234, 29.70449256287448, 19.861337141390116, 29.940034640454623, 66.91296938260881, 42.53639238434136, 64.23966918893845, 13.954922466018544, 57.55189962395647, 57.26674239921142, 0.0, 17.948415060730017, 40.41785634800686, 17.393692035319816, 35.916738721599, 33.520933838831944, 60.954265911017046, 42.51488609413906, 33.33508506193342, 31.753536106165946, 25.985234258397305, 46.91044430543684, 20.37229748761129, 46.23242509084155, 20.983223187705136, 13.622433115182494, 70.97667744491083, 45.66856704161212, 50.67422275987175, 40.88421390303887, 57.18690608725399, 61.76609124156632, 63.39216443719126, 52.46563644537869, 49.544041722923716, 84.04388691621125, 56.946947165272306, 55.54201417462366, 35.37721455396454, 21.067649984924778, 65.85954410021576, 40.54405730589141, 44.09790349244463, 47.26130651884422, 38.92039703158859, 64.37868893851433, 43.75114384730724, 60.601299842478284, 54.40567925282636, 26.7207629970725, 46.76755867064445, 44.797403968001525, 28.18446071930306, 69.61913723488654, 19.236056175554108, 25.482997641653164, 68.29574075458116, 38.360994652497304, 42.70382735872221, 65.92234223609974, 54.1761707351383, 37.934101294787226, 73.37452870223073, 61.71414554734178, 27.97744972520266, 16.296243033563414, 21.427769189274514, 60.76850792426843, 48.3457806280484, 52.92412800834799, 21.180262961814982, 58.38470944137617, 63.55108535386987, 68.58944638036522, 68.7692937928649, 51.748681351589916, 37.73437042975597, 58.3153570306293, 28.587471766299984, 29.39136773918606, 37.82230648843838, 48.42740346211818, 22.35632845565052, 30.421416170048712, 31.906809419096945, 28.12586241958608, 30.035939123628044, 50.11135087275125, 64.54700841484042, 71.67773934382065, 53.48947793503352, 18.4810253808237, 47.55060680390894, 59.584674115334245, 46.16979951463431], [11.85599210068819, 34.68345140397224, 65.44371015786398, 71.69676705004451, 43.58296226326411, 36.99363432396807, 41.28290784369012, 65.73142824679701, 55.09742182180564, 74.72704965570803, 30.483262611718093, 48.93408831912322, 74.58372351446285, 17.948415060730017, 0.0, 57.6529025168454, 0.5567296967047257, 52.8312124129578, 48.54280443422828, 78.53998860215802, 39.41469090125991, 17.575717085751002, 24.193777485832594, 10.788729130938579, 64.8481842850452, 12.58502750095648, 34.67388632325436, 4.285364362370594, 5.057961527956281, 60.94180297612266, 38.844309489929216, 68.12939956989301, 57.70658232555424, 74.56842836873307, 68.61474115954982, 73.179550506824, 65.31575806109778, 50.56702581882483, 95.10792313778603, 57.883905351253695, 45.96327941333882, 21.63912924247483, 31.210661506491466, 71.82055335300113, 54.07430624850058, 61.78148319775077, 39.82316311392298, 51.8876975992877, 72.85860554801374, 36.69738529926868, 73.49835774966697, 45.40973550760023, 8.782866447672328, 60.75732949679797, 55.641339654018786, 41.967264073274954, 71.81971794451412, 37.03318844860612, 16.792766557336453, 86.2183096185847, 23.510756830290372, 52.41450797863707, 57.48707322032539, 55.03922710803883, 55.389767123300444, 85.07127725620326, 71.95870344842653, 36.0777092294246, 16.650697264619836, 6.289868753406008, 78.06413101395, 47.60407312403392, 70.83860092891383, 12.94394119731844, 51.26930088504326, 80.50026430032027, 68.88567660659778, 79.45994401223494, 69.37899551725258, 54.63138392427844, 72.3129181322821, 21.53814206737707, 40.942683643611126, 53.711111258006774, 61.4342724750294, 12.713730744207437, 19.665413371273587, 48.26023602577648, 11.796985064078276, 43.954997223248796, 66.5044290056077, 82.45857528072517, 78.36375395537992, 71.37634768879045, 35.577669257317055, 37.20592049138683, 48.33311819527475, 63.92476727083679], [64.78210034605928, 23.111879078569388, 54.266999691011506, 72.29456055896956, 40.577305278913165, 29.32905717473476, 27.925680410153674, 94.29948363270564, 49.44978656245595, 69.67424233109848, 27.193910204396605, 93.90107087882562, 34.79821734612646, 40.41785634800686, 57.6529025168454, 0.0, 57.1026508711549, 28.484015202457527, 37.59453750052638, 34.58883770781668, 75.65716685526628, 69.46763193959413, 69.79070418151997, 62.84687670845113, 17.680331766829823, 60.10630685930974, 85.16429043218749, 59.71703123825866, 53.89045868172644, 107.81628993946858, 81.582685419368, 10.68512697475659, 3.554202061355171, 34.10343859719984, 76.43843775621426, 70.88677728079541, 54.314118006340856, 76.66750090134545, 84.02793292878448, 82.8023311339884, 92.75797424191857, 75.50561535994996, 33.022056602075864, 81.51653668366801, 45.43564350249169, 22.952902876583675, 83.48817866251869, 46.47783880192629, 74.86436861609556, 80.04440691763985, 59.6769590582081, 91.25576208434714, 66.10504285996078, 46.950852958020015, 55.41960096435181, 21.780100444096316, 91.52662800683187, 21.638809712379473, 64.7904948121836, 34.81885906043085, 78.6621343982336, 56.89462708024471, 101.60741146165891, 80.62563694397147, 3.2784911380555792, 73.29958501764284, 68.42484441280644, 52.315974148444525, 46.7624711862498, 59.28805914084057, 37.50652234905303, 77.93141654584115, 17.58919364933916, 60.91016126559716, 93.37840385544037, 42.481596910047266, 93.64539112939087, 72.61055719943263, 12.60277078255388, 28.959183031044063, 54.087605909353925, 66.81598991624108, 46.4402784942722, 34.95289615568514, 51.3181907675286, 62.269367249869205, 69.93418710634782, 31.38684255584564, 65.52696583726156, 20.570042688553745, 37.427157474404495, 31.914009413965402, 84.76643776058566, 17.28022720616159, 22.086615175601178, 85.74004573939476, 97.78531969686244, 9.196156477936158], [12.09036893573014, 34.129254918773974, 65.03857756520912, 71.40526166719803, 43.13331292202994, 36.462597904281864, 40.83106957599672, 65.7412672197341, 54.69330762020828, 74.39513021195856, 29.935629095761225, 49.16851917912492, 74.0547471798876, 17.393692035319816, 0.5567296967047257, 57.1026508711549, 0.0, 52.31100585564746, 48.06963113690307, 78.00219937912739, 39.43833078683477, 17.97214462080622, 24.310470786074035, 11.100842702149883, 64.29503194906796, 12.562887099586703, 34.990605377544725, 4.631999022263669, 4.592622327985426, 61.23897089577509, 38.99501054672377, 67.57660193025951, 57.162624887839016, 74.03734748976593, 68.3833615443146, 72.86671639058727, 64.91145144959913, 50.485466804069546, 94.76880670414984, 57.81729011365, 46.22723194637271, 22.009886284640416, 30.760108041329808, 71.61816884770491, 53.643728399216904, 61.2393730275203, 39.998300962883796, 51.469887220695384, 72.5832760732587, 36.850282534903805, 73.09719051523734, 45.65196281819287, 9.334225787624055, 60.31912607176151, 55.28387158114361, 41.46923728284954, 71.7305854193468, 36.47648600775674, 16.889711444432212, 85.66640793714083, 23.938558474790135, 52.0839212162298, 57.72610751640721, 54.97052010764381, 54.83643531072083, 84.70974213042798, 71.63194326788776, 35.755649478487996, 16.308063805151953, 6.508204757470874, 77.53612350955994, 47.57182219030971, 70.28213134018063, 12.953160745220993, 51.45510369322106, 79.98351622032102, 68.8524933074658, 79.1248877112561, 68.82401287115437, 54.112103066793026, 71.88016138433575, 21.61404901116461, 40.5458106644669, 53.21863055359266, 61.02315543080125, 12.791618895972286, 19.88651561680762, 47.753288844271324, 12.205864893203373, 43.456341645702636, 66.0021397460748, 81.90735270399962, 78.14505170400271, 70.81965785277886, 35.02618529440952, 37.48174552348458, 48.6603481632387, 63.368512337438105], [54.73160807904336, 26.560150183553613, 26.07285582918926, 43.81054613990488, 15.673874998441638, 16.055402109485602, 45.54204791762015, 68.82813166322374, 21.17087863421891, 41.397041114811415, 30.9933524838515, 74.38110530671845, 21.946908378003293, 35.916738721599, 52.8312124129578, 28.484015202457527, 52.31100585564746, 0.0, 10.502221801181763, 26.52924667084783, 54.8381339255496, 69.21227651203591, 54.434345646077986, 61.8514905061404, 18.8793211045202, 49.011695779222144, 69.6478926447903, 56.45090490609476, 47.87152848958664, 88.11595537016274, 62.53108918580337, 32.40595201270065, 31.739440445533898, 22.04767162751094, 48.222096079293706, 42.454512993908196, 26.100254887181194, 52.12812577433126, 57.23189112404724, 57.26331878417354, 74.26585260504164, 63.70347473405651, 44.0668792576548, 53.3243121875758, 17.127639173392048, 11.76310877748823, 64.58389038248923, 18.5708258612378, 46.383209406948616, 61.51268861769234, 32.30700148961154, 72.43958054729754, 61.433911904744924, 18.671745601195564, 27.36010792987952, 39.192462199557674, 64.28641568805892, 22.747851108069234, 52.09910012423558, 36.83268966463262, 67.44603520219215, 29.511981161955354, 81.01542140049442, 55.47837347938661, 25.443300583135926, 46.21946527756106, 40.01467318469445, 30.25127735721631, 50.25188499681774, 57.196224078086544, 25.36902615089475, 54.57148427487554, 27.06966275547973, 49.674550627372504, 72.61101720388133, 27.692983573627448, 67.29371332025801, 44.61919097396579, 31.24200052035589, 1.8176404310276357, 27.513119626334905, 52.13123410926416, 22.361481775498202, 6.469618358520571, 22.89526039864017, 51.270962048370784, 56.97915402112443, 5.522021968068359, 63.86432478825148, 39.444473806406705, 14.506225540662829, 33.040986078418776, 56.31974428426776, 28.324540697483165, 27.485789410378555, 68.99967042070804, 80.29035830450019, 25.795911122729382], [48.35227069456281, 29.526609455389437, 20.335090856289007, 35.686503022335195, 6.038543928151093, 15.631467881072451, 50.0402648174684, 58.34575618456781, 12.364458416045107, 34.57441605917053, 32.90713223714248, 64.5805618577086, 29.646024538839725, 33.520933838831944, 48.54280443422828, 37.59453750052638, 48.06963113690307, 10.502221801181763, 0.0, 34.9427161845198, 44.94575061662764, 65.75537309190769, 46.172419762727095, 58.465815470374174, 29.37457126378381, 42.55594503898013, 60.95565764560578, 52.52159799823361, 43.4848516573662, 78.18724976808589, 52.97143992705758, 42.60365935343563, 40.58289761956499, 29.990451586481342, 38.94009278595387, 34.95096836432052, 20.290164782785617, 41.643745491578635, 52.58665630337088, 46.77543052915258, 64.70470136500265, 56.34216821407326, 46.48656405942781, 43.98993535253075, 8.708967778304576, 22.045424007286314, 55.033683024309674, 8.992985533961601, 38.09383215763496, 52.10583385356735, 27.96274602663632, 62.81908117520121, 56.71009333308476, 13.594017594095178, 17.913327917383114, 44.25673817250215, 54.174374675136, 26.172881378425245, 44.87446353173099, 46.356220928193146, 60.16989329526003, 19.383786391830245, 70.95369212353526, 44.976537013968766, 34.38845822946146, 41.55669416171256, 32.69276981473705, 20.639893351339772, 49.32864514699598, 53.663644044023734, 32.73958958486967, 44.19544520620301, 37.56691257265267, 43.124785378104065, 62.56447984528026, 33.71230278550115, 56.91827532498192, 38.453353989742, 41.601167256676504, 11.29107409882974, 24.91395117306652, 44.18677612098407, 12.409763173751493, 6.26018139828506, 16.370462634697123, 44.71994137482315, 49.452690255443194, 6.208316082831953, 60.13111912691466, 44.928488472646336, 18.976830203867344, 42.650118833661594, 47.64016028922047, 38.82620940607342, 30.893161968751482, 59.96591667757865, 70.91327520169142, 36.00579244980849], [81.19301453176882, 47.57883666526498, 37.30891070990234, 55.79198199695543, 40.93707708881499, 41.6081212117754, 61.19065920364085, 89.23197138857216, 39.8205022900597, 50.40062987172045, 52.58904741198996, 99.26989374388124, 5.789884694094416, 60.954265911017046, 78.53998860215802, 34.58883770781668, 78.00219937912739, 26.52924667084783, 34.9427161845198, 0.0, 79.6190615194008, 94.13404096348417, 80.76615519728419, 86.83740834619769, 17.2