instance_id,num_cities,city_coordinates,distance_matrix,best_route,total_distance
2057,86,"[[47.00458252165494, 77.0431957750931], [29.104311669555138, 28.610832528862762], [56.72476182939752, 59.30666199149602], [69.9170217507755, 0.1619237077026714], [60.59930175082777, 43.584598833921916], [98.5002758702877, 34.65066990366373], [16.630518657710912, 37.36534225783639], [54.325572075628756, 56.25712497362832], [95.31364924471791, 67.80988085155599], [67.29275666476525, 56.774219395728935], [24.023227343756904, 10.189960807573017], [34.08366340140271, 30.211613701989815], [39.079261923026266, 19.790494807940185], [76.30870206463531, 80.37716204652116], [37.92875320420599, 77.41870886568306], [54.00626006902846, 0.9237512256756952], [54.75056705486091, 51.83144674276049], [76.41444768101897, 4.197439775265632], [56.69336534787571, 8.489487913226013], [77.76337742062273, 26.984613866735064], [15.875090245215894, 59.88691352744597], [93.92954209861799, 24.60201389566875], [33.57734972817282, 76.97084964796636], [8.488627926997061, 48.966837402743415], [90.4048629934623, 6.580353032940856], [15.353021564191828, 71.17473563733071], [5.276052091251682, 94.55006247062903], [69.45566747880619, 90.70318143856736], [55.19781229249189, 5.262216519732599], [91.42553808141955, 15.621605918284375], [50.41007151641412, 72.04639096494154], [48.73285859309924, 13.237322685477693], [35.34904955850673, 59.95213693660026], [67.99744876066104, 96.57644885915622], [6.339295940667911, 47.20215535659861], [83.2385566341602, 97.63523555619201], [69.36381099227832, 67.02709238991005], [21.839836787587764, 21.600242298645135], [57.441217478426566, 32.67736860417547], [14.912209317619185, 90.36911940680336], [34.42278862191353, 28.468804988142594], [32.946601201881585, 48.802523095763625], [22.512068383728632, 75.53951539734302], [53.35795411496055, 64.72222616580702], [32.859113093812454, 70.17445437571027], [68.26805810934037, 39.93119465418534], [16.469044525928034, 44.96656771612068], [88.10639211374853, 45.88024475455641], [61.901657931192744, 95.16312660784463], [66.7919448347395, 52.03138836393158], [70.39893056120852, 56.88383533043269], [3.5107331844835166, 6.593599301013753], [53.31053835225252, 17.809079740619616], [16.081627275672407, 39.03782069176888], [55.35067757235738, 75.90324962891529], [35.004629582305824, 79.72485685039607], [52.3289327255814, 16.712365579652435], [55.06949291601425, 30.902565155769402], [93.5301376032205, 38.59917493573247], [59.05214107004755, 82.45694341694231], [3.2130566893017187, 66.69433400266668], [50.64030174180451, 10.957003998000648], [73.61485526209061, 36.83532473866873], [78.496068547756, 2.228394217132146], [59.802458216775, 46.09531074030616], [99.19850935848584, 55.60736251336363], [15.964248105528833, 61.55724549637106], [9.290905698708373, 65.38282463117045], [63.74699647798893, 98.35292621645338], [95.09861296746182, 51.03709429912989], [96.07461668952804, 32.343378798707235], [41.88842334817365, 26.73226062089571], [41.1693504217785, 89.84593052263999], [40.98484432265003, 63.52299622691162], [34.094856451344825, 90.25504058281231], [95.6580505967813, 40.25073538315743], [32.812609363944844, 25.170704076358994], [77.75554697349301, 25.745326942386548], [88.99067461808154, 83.65224890647724], [2.2586114006670432, 70.69288349573218], [94.7086849439357, 12.964414163499205], [33.32283278228789, 39.18280037066061], [44.091897360972744, 29.007521338960952], [5.0263514772889595, 48.36339716381348], [52.676821803347366, 55.603283714795445], [2.363491980233612, 56.05433179109425]]","[[0.0, 51.63442171839767, 20.225392862225135, 80.22287620204258, 36.115012116733276, 66.7003199633722, 49.96914863541134, 22.0376411490182, 49.183534156570765, 28.67823937288327, 70.69298205221753, 48.58134652705612, 57.798637307684686, 29.493164518042214, 9.083594436161837, 76.4407831395599, 26.374847215822694, 78.55854082070499, 69.23498663438802, 58.75342616658672, 35.544103729730054, 70.37065715346476, 13.427427693064367, 47.662990441120634, 82.7562478145114, 32.19099463254451, 45.252189266115685, 26.280152664692523, 72.24706220280672, 75.80127303271767, 6.04693423183845, 63.82927524974127, 20.68709116516526, 28.674874175397242, 50.43959978005402, 41.67652795437814, 24.50015152655612, 60.88666124901106, 45.57685783136701, 34.74911018292823, 50.17741501969738, 31.54619520906004, 24.538628801849352, 13.862597978574358, 15.72494558800195, 42.77190691641364, 44.28689589847247, 51.57992117145086, 23.457509440287044, 31.89247900810335, 30.881958061844184, 82.79408537767164, 59.5688306190655, 48.996302884699375, 8.423584736413908, 12.295941471452625, 60.5653182701548, 46.84015983766405, 60.353707541003516, 13.208040373445854, 44.99774077340382, 66.18612541799382, 48.215967361467584, 81.17245976493008, 33.48965826093384, 56.424293936859534, 34.68886012396478, 39.475127292000984, 27.10005602519457, 54.67497671238914, 66.37726938462163, 50.57039925468506, 14.069824116721323, 14.799764991620828, 18.471975271575637, 60.99873029358475, 53.77887593790337, 59.80880504989023, 42.50307651009601, 45.19434032714368, 79.88599151754829, 40.2566741809435, 48.12390002253908, 50.83997177416337, 22.177559099731226, 49.3290925931765], [51.63442171839767, 0.0, 41.29313760700925, 49.74954992046086, 34.87331469158024, 69.65830519660521, 15.239322579991137, 37.422312360575454, 76.94310736867014, 47.45032867077907, 19.1087920313683, 5.230338806778337, 13.315329138641426, 70.05717196905631, 49.599189115436296, 37.23817268851041, 34.59663769442046, 53.23779404863237, 34.1470993205348, 48.6862328271943, 33.95888016593206, 64.94906563619634, 48.56644237777599, 28.971940746153447, 65.13907904963972, 44.7301221481555, 70.11253810727533, 74.05195276810242, 35.0146918350142, 63.66046865535804, 48.37957357507446, 24.932401794340436, 31.95737963726334, 78.30709492724277, 29.391890473761208, 87.72049185433839, 55.647428578757, 10.095591646196755, 28.627206403571254, 63.3679869276738, 5.320373005259167, 20.554015588193433, 47.38943919598456, 43.500251979407075, 41.73287906151868, 40.767016494320856, 20.667850621352223, 61.47746005947224, 74.19483653854249, 44.37206473916985, 50.04606115194758, 33.76077337208109, 26.506966509060394, 16.68269735300803, 54.08737780914435, 51.45344724907968, 26.09514397234606, 26.066121222665643, 65.19550621992147, 61.61392816216441, 46.05116902921926, 27.847020131229563, 45.26401178654141, 55.99623825568619, 35.328220727359394, 75.11330894627764, 35.47009159689682, 41.770210190251206, 77.87217245374087, 69.70068163789671, 67.07423988480777, 12.92139867912113, 62.41235764173752, 36.87826229909178, 61.84588849566047, 67.56395121402238, 5.058256177769368, 48.735549846752086, 81.33839182118469, 49.91583552846906, 67.44437856773715, 11.382549118127265, 14.992834517516789, 31.14340984346866, 35.83651287489752, 38.317321010385186], [20.225392862225135, 41.29313760700925, 0.0, 60.59815004182559, 16.192446681508812, 48.508880828317, 45.705249667461835, 3.880178797160571, 39.51464238651732, 10.867188244491512, 59.00712408604851, 36.86653188184165, 43.27691227230154, 28.766242154758068, 26.10241717180658, 58.44616772133883, 7.731512660711089, 58.52102273724719, 50.81718377714618, 38.56602314181108, 40.85379248466987, 50.87836744959672, 29.117455461405328, 49.3319023186465, 62.565268886297076, 43.040353909262855, 62.36238458439939, 33.87945383332609, 54.06601207078867, 55.79003492213051, 14.21886099748266, 46.75740092682013, 21.385455641455682, 38.937263435057886, 51.81905299885951, 46.605373793730834, 14.810489839248165, 51.36859041502014, 26.63892968955434, 52.08805821134056, 38.05721263448767, 25.994958295192305, 37.86837628553717, 6.376811861116261, 26.223617234788918, 22.553412680695033, 42.73360597285824, 34.133200833266216, 36.228252897872984, 12.420860679477123, 13.887151599071595, 74.90260224339634, 41.63779838824503, 45.41685055115259, 16.65337289416122, 29.8105153616499, 42.820525456023404, 28.452286941983207, 42.2307436119343, 23.26697711794921, 54.01925846163746, 48.73099714396867, 28.111141102691047, 61.089429923243074, 13.565102909126502, 42.634540525185045, 40.82259919635328, 47.821443514920084, 39.672692489734835, 39.25478570805022, 47.70146452728537, 35.79397385290451, 34.27269680777403, 16.294860462856192, 38.33946732612574, 43.346618243490205, 41.677987695125836, 39.6062764477512, 40.42025148761284, 55.64357629294353, 59.91979930642811, 30.864544215984886, 32.82723242918435, 52.84392754161825, 5.486422250869565, 54.45847327410182], [80.22287620204258, 49.74954992046086, 60.59815004182559, 0.0, 44.41113172521734, 44.79370525230112, 64.9888126041984, 58.2216876089773, 72.25811230445123, 56.6730870017698, 46.97661006447856, 46.76551549322776, 36.5547293059465, 80.46948514181037, 83.61734376045311, 15.928989875710608, 53.849428582981275, 7.648655676036084, 15.627329082702081, 27.94677091660496, 80.54566884581713, 34.26250343818246, 84.97165919768335, 78.45614806087282, 21.469696639417513, 89.55472949271986, 114.40094273061267, 90.54243314187624, 15.577808377473064, 26.488073708704412, 74.48421134913693, 24.894473826916858, 69.06384220011589, 96.43363220705028, 79.08799284826372, 98.3794176358149, 66.86745714503704, 52.64045229660659, 34.82671171755265, 105.65447244060499, 45.399560716277016, 61.095989266005944, 89.04499386637087, 66.65009658244621, 79.2151692832031, 39.80344197058246, 69.7434039472471, 49.20384206080447, 95.33873614451903, 51.96352056447794, 56.723958732076945, 66.71702640321462, 24.232156464407712, 66.40470664497879, 77.12928649370154, 86.88576095767202, 24.150735013968855, 34.13848486880555, 45.110991146589406, 83.00913143233458, 94.21242261283672, 22.093566773571048, 36.85935859256734, 8.824417505485728, 47.03382229598483, 62.70248959070754, 81.73302466903671, 89.04657132550086, 98.38466438190616, 56.766147649026834, 41.471265048876866, 38.62104519682143, 94.17881760365098, 69.65411977418844, 96.95358288898818, 47.641509081902306, 44.7456871005428, 26.757298046245477, 85.64133718888107, 97.73574975270972, 27.902156292191023, 53.495452907767366, 38.71699307091446, 80.83428190985867, 58.06004558785127, 87.67805122047288], [36.115012116733276, 34.87331469158024, 16.192446681508812, 44.41113172521734, 0.0, 38.93968316942082, 44.40645267355569, 14.140459780325916, 42.33143289283344, 14.790822466967693, 49.52788172274737, 29.697067336967432, 32.082261463141954, 40.00597412852945, 40.727150318258886, 43.16730379896283, 10.110301576873052, 42.44369375425674, 35.31179901562444, 23.878127952360018, 47.6027368873408, 38.3567914792082, 42.95145672189651, 52.38788808861629, 47.515110104974625, 52.994731054684834, 75.22061178028467, 47.943675709925564, 38.70117665657472, 41.61953650762454, 30.23068017890533, 32.58480693276445, 30.091054141030703, 53.5057823816831, 54.380464743447554, 58.6004026586448, 25.027327591375336, 44.560162213649946, 11.355226442316443, 65.39190913434867, 30.22742237069379, 28.140692622108734, 49.71673800778843, 22.343598743379182, 38.42575288084768, 8.494538609409233, 44.15189056798339, 27.602717446418456, 51.594967380025075, 10.47363746408098, 16.519758358140972, 68.02527991414516, 26.786254990378957, 44.74926292297852, 32.74207148265897, 44.28549980424107, 28.116115021204852, 13.835200177929348, 33.30607153931356, 38.90312171989836, 61.86469899572002, 34.11365746965227, 14.66142332849721, 45.062511271448415, 2.634128678447831, 40.428278153178766, 48.117606361621505, 55.74687572724567, 54.85870638627514, 35.29507278758775, 37.21374743129322, 25.181308024904737, 50.17602832292343, 27.969029850936476, 53.67136809947978, 35.216906680627, 33.334243563426796, 24.750280235996275, 49.106889899729715, 64.33113746731884, 45.837165390816466, 27.62936099700622, 22.022388335153444, 55.77803972517313, 14.394946154257303, 59.55588786727992], [66.7003199633722, 69.65830519660521, 48.508880828317, 44.79370525230112, 38.93968316942082, 0.0, 81.91475198056072, 49.175637830497465, 33.31197772480055, 38.25389780258883, 78.39105208317335, 64.56938269743739, 61.25097307305574, 50.82694198614077, 74.14859752378634, 55.832091897351695, 47.002299031318415, 37.618918539201395, 49.317595344519425, 22.108536190192414, 86.3932248027382, 11.039343041073398, 77.49828354515076, 91.14301628390736, 29.214352617661405, 90.81560040191226, 110.80926463565761, 63.13060530348986, 52.33339798069514, 20.301654881829233, 60.91886168084739, 54.1786605734065, 68.0311812237635, 69.03060597245464, 93.01175199222416, 64.80721861397872, 43.55647275199623, 77.7633369977535, 41.10644954316565, 100.45651041643474, 64.37499379339235, 67.06384429259909, 86.29081853144244, 54.24138373501114, 74.63713227250986, 30.689915809369857, 82.67732859465713, 15.301508777772536, 70.71927779203638, 36.159474985887236, 35.832935312002846, 99.04651649836202, 48.22604624234564, 82.53533018168797, 59.69642507940477, 77.86770464343662, 49.53358143529558, 43.5922148694282, 6.347674092298524, 61.98060282414425, 100.5308437651599, 53.40381004786326, 24.981130390656677, 38.09688007299663, 40.354688637434215, 20.968321228498283, 86.81105741385205, 94.35452856437406, 72.56561091770348, 16.73577649745569, 3.347747706177239, 57.162951739347896, 79.58235864548895, 64.35554438762139, 85.0876259461627, 6.2800460093836525, 66.3682098834629, 22.57540498550308, 49.915801713935586, 102.76915461605843, 22.015218594885987, 65.33482451234819, 54.700244768521756, 94.47440621850608, 50.38651573728251, 98.49059832752772], [49.96914863541134, 15.239322579991137, 45.705249667461835, 64.9888126041984, 44.40645267355569, 81.91475198056072, 0.0, 42.16416139757051, 84.36767727723976, 54.252805196019395, 28.162980997828665, 18.862345922365844, 28.510021695522514, 73.5629133210805, 45.36393910828382, 52.20091572952463, 40.7726166534575, 68.3683254479533, 49.384680307265356, 62.00795063905871, 22.53423716344772, 78.3456544793546, 43.078896213348045, 14.173393181175262, 79.93978636290535, 33.833520057974226, 58.301081780908795, 75.06944409305548, 50.18014368719882, 77.89149504661538, 48.4131524563163, 40.15870463313468, 29.33507615372225, 78.38696736801485, 14.236297164352884, 89.82811787668315, 60.503053983584316, 16.6034746996391, 41.079072959508, 53.03162244402485, 19.892542468727253, 19.925452444239276, 38.62460513797713, 45.79632749927247, 36.60334841697798, 51.70124833249618, 7.602940376124506, 71.98127569605968, 73.4170274996819, 52.2614732331533, 57.2015182530077, 33.45188986386677, 41.56767071215632, 1.760245966121046, 54.62985457529, 46.172897123600485, 41.24223821073178, 38.97848419194245, 76.90951655706607, 61.90998742680169, 32.2524114205749, 43.05886290966127, 56.986801426399374, 71.14739194666805, 44.04575706008921, 84.55911773053407, 24.201076396543385, 28.962894139364643, 77.06781351055776, 79.65022679492242, 79.60266847960438, 27.40482027765088, 57.934155806096406, 35.74011807143045, 55.698503422238474, 79.08018903536106, 20.262508729225235, 62.21972229555877, 85.89802033638001, 36.2943070352461, 81.80223311428841, 16.790964976004883, 28.705060369139694, 15.987930061958263, 40.39750585190362, 23.512260205902596], [22.0376411490182, 37.422312360575454, 3.880178797160571, 58.2216876089773, 14.140459780325916, 49.175637830497465, 42.16416139757051, 0.0, 42.58507530102771, 12.977490620690372, 55.13996473114117, 32.98641423642097, 39.52549922405062, 32.63486161317809, 26.770661215642697, 55.33429506633451, 4.446037397003083, 56.55200481382624, 47.82628561068085, 37.49947500823201, 38.62143081161462, 50.700300777606714, 29.318034048410382, 46.41307727086171, 61.39622874070312, 41.730022780730785, 62.227039724279095, 37.622474571657555, 51.00236750600033, 55.02411186496383, 16.267515642336118, 43.38181454260803, 19.332912875439778, 42.57426559174955, 48.833136004828155, 50.47879467127506, 18.497049166340116, 47.50181590162866, 23.784704259644, 52.1252465519677, 34.180572213191894, 22.641366672045084, 37.20093543994704, 8.520224334583734, 25.58321557005797, 21.469255170954376, 39.50434610655274, 35.338696149246935, 39.636776357979954, 13.16310372456396, 16.085571760969046, 71.05359690942812, 38.461441414734765, 41.94167085147385, 19.672850714893805, 30.397915360599196, 39.595133087560164, 25.36547105366163, 42.99768781862649, 26.622752316798817, 52.16727481317534, 45.449776433332076, 27.373029978688816, 59.1888219756659, 11.543775392636011, 44.87764133336326, 38.72573374765883, 45.94996811663951, 43.137219660576406, 41.105833938868045, 48.112887902223314, 32.037482477811814, 36.07345320889802, 15.191046772635042, 39.56185183279269, 44.32356357992293, 37.80440620928314, 38.46990437749798, 44.18327907223408, 54.031097694165936, 59.20350170575966, 27.06746420467852, 29.10788546789112, 49.92718788735467, 1.7736645263690987, 51.96247581587257], [49.183534156570765, 76.94310736867014, 39.51464238651732, 72.25811230445123, 42.33143289283344, 33.31197772480055, 84.36767727723976, 42.58507530102771, 0.0, 30.115714249289734, 91.66449389317552, 71.85221540789627, 73.94706047877655, 22.784305430516305, 58.18381105930956, 78.61332416862886, 43.596719983391104, 66.36054911941154, 70.78442870173184, 44.437759456137506, 79.83268796136254, 43.23003029688434, 62.412290674877255, 88.84618513609078, 61.425981956750846, 80.03139525706811, 93.92447079537303, 34.536045413067754, 74.30673379811573, 52.332909807585814, 45.10298560785791, 71.74910565658588, 60.47724658878397, 39.66976485714375, 91.32969887144833, 32.17700490740087, 25.961642149591828, 86.79707260142014, 51.65863436740015, 83.50635177364309, 72.49425603092038, 65.1991436326746, 73.21077397535547, 42.069156935688326, 62.499282346086886, 38.84179635332893, 82.08707966705705, 23.08361961865461, 43.1805652688684, 32.59522123919704, 27.205177408134475, 110.34132736213435, 65.30192521189679, 84.29439335532179, 40.774277713433804, 61.474746894103944, 66.77306284118578, 54.6053300555687, 29.26510300470654, 39.107971270522675, 92.10734820757163, 72.30461661361319, 37.81878880518126, 67.70348890330496, 41.62411852927864, 12.805998278051801, 79.59536990323525, 86.05697536562296, 43.92415266180349, 16.774164937003032, 35.47466475270465, 67.39158438492994, 58.45675820753524, 54.49767356543873, 65.20372524970915, 27.561297343188613, 75.66028933492446, 45.581944352388206, 17.057568224007685, 93.0996872841368, 54.84880306839856, 68.28155726503567, 64.25955936500519, 92.35779266505895, 44.3497471010194, 93.69057940479013], [28.67823937288327, 47.45032867077907, 10.867188244491512, 56.6730870017698, 14.790822466967693, 38.25389780258883, 54.252805196019395, 12.977490620690372, 30.115714249289734, 0.0, 63.5794409842504, 42.52547350254636, 46.51663326088361, 25.266305096511935, 35.89484147766616, 57.409108916640186, 13.481005960599717, 53.362187007793906, 49.4344251572319, 31.576169758000347, 51.51179753017438, 41.76803975514307, 39.3018134243907, 59.320154839585584, 55.259331152253615, 53.89908116417548, 72.61601728391565, 33.99783299702888, 52.912891809700234, 47.70669486485064, 22.76541856100655, 47.327911337705544, 32.10139535264797, 39.80846720497207, 61.700476369419455, 43.86218392111343, 10.459955576498357, 57.47326848359411, 26.03288386657071, 62.22812103173853, 43.377774077553696, 35.25913125673198, 48.55354134305308, 16.042117494871135, 36.949182766201126, 16.87123870236089, 52.177297302163375, 23.492256257875347, 38.76560514806335, 4.769198956352489, 3.108107451180947, 81.15566001413175, 41.39788083079784, 54.195568197890914, 22.5506773891935, 39.613822209787074, 42.76526812804492, 28.613819559498634, 31.917587622382474, 26.97239437887773, 64.84301521953, 48.74957929831877, 20.9171807569674, 55.68447935970673, 13.043912791445234, 31.927082703197012, 51.55087903804386, 58.6372134364206, 41.72962108845329, 28.39155242497735, 37.75263485853831, 39.34335316529674, 42.14463703246205, 27.159754058487472, 47.14940048337488, 32.82705322997135, 46.772457049292626, 32.74541415107611, 34.54313410635321, 66.50691137438685, 51.68106188822479, 38.25459125251297, 36.183827788255044, 62.83189592546016, 14.662763799573865, 64.93325535222513], [70.69298205221753, 19.1087920313683, 59.00712408604851, 46.97661006447856, 49.52788172274737, 78.39105208317335, 28.162980997828665, 55.13996473114117, 91.66449389317552, 63.5794409842504, 0.0, 22.40711847370135, 17.856495466478318, 87.52150641153419, 68.65178959733281, 31.38223847051626, 51.751161886589614, 52.732819730697024, 32.71436267562884, 56.30332229683861, 50.36049292667724, 71.37646752830935, 67.46086546175768, 41.77283731704454, 66.47970231444275, 61.59801319276663, 86.41807295091282, 92.447202840324, 31.56164461006805, 67.62081233899181, 67.24941261606308, 24.896832949059643, 51.034776593382375, 96.93481039909882, 41.01979979478297, 105.60838649857482, 72.70645124125136, 11.617302527965412, 40.27959252588804, 80.69515551229293, 21.030145490596993, 39.63024813789667, 65.36702445793141, 61.92167762457684, 60.631776698476635, 53.3117814389465, 35.58761113248297, 73.35153969177604, 93.03340480648681, 59.83200026555591, 65.81051410580011, 20.82537473180461, 30.26214730359129, 29.92102992110393, 72.79866389943284, 70.39668289636249, 29.047456363225553, 37.321342216861055, 75.08857450502533, 80.30903792417635, 60.21467755321759, 26.628124319357955, 56.29658052325196, 55.05158464031826, 50.688731643795855, 87.82974099756403, 51.99562561083593, 57.12524414042654, 96.6989467570211, 81.97681840639723, 75.38021381865279, 24.3477496165474, 81.48044580053751, 55.965249196077934, 80.69606379679398, 77.68653725437984, 17.368819913341245, 55.9386412811415, 98.06873598690133, 64.29853933768298, 70.73988625641749, 30.447781647326824, 27.51094510576376, 42.639096331066085, 53.69728459550191, 50.7216389890146], [48.58134652705612, 5.230338806778337, 36.86653188184165, 46.76551549322776, 29.697067336967432, 64.56938269743739, 18.862345922365844, 32.98641423642097, 71.85221540789627, 42.52547350254636, 22.40711847370135, 0.0, 11.556631152423515, 65.57084817827965, 47.3634305069387, 35.42158588223262, 29.908829588135394, 49.68533528937148, 31.35361814673424, 43.79875505922035, 34.81631163858293, 60.108209148409024, 46.761977073122175, 31.731124420691323, 61.07793385746733, 45.042361198359494, 70.4933646476855, 70.07430655868666, 32.68454838533197, 59.16890162025438, 44.907685206194856, 22.421540430525035, 29.767430597802598, 74.5280898912062, 32.53349706861032, 83.4394889285777, 50.990864721581985, 14.968867946358058, 23.487342968048694, 63.13849969955965, 1.7754965863803627, 18.625649586875813, 46.78162548861105, 39.52822605605413, 39.98159774407452, 35.53931759944693, 22.977890810240726, 56.24909969580995, 70.65790718963343, 39.3183702691284, 45.057807708374426, 38.633077359865126, 22.880025547157, 20.049320050777876, 50.39852661959765, 49.52180757786983, 22.696245341030426, 20.99720110700045, 60.03527695011634, 57.9050891901024, 47.791037227817455, 25.394138457286093, 40.082273860447835, 52.49306910080173, 30.22826886145219, 69.89196822028308, 36.20582609544039, 43.03132478473588, 74.31791036086983, 64.47111533586646, 62.02759637450189, 8.54518435667944, 60.05379840789758, 34.01873754020649, 60.04342792410377, 62.38741157169203, 5.198687163112953, 43.89967120780312, 76.62037178066676, 51.493369854412194, 63.03062056614308, 9.00339122081892, 10.080406014054956, 34.260978081487664, 31.471295578654175, 40.914732715994596], [57.798637307684686, 13.315329138641426, 43.27691227230154, 36.5547293059465, 32.082261463141954, 61.25097307305574, 28.510021695522514, 39.52549922405062, 73.94706047877655, 46.51663326088361, 17.856495466478318, 11.556631152423515, 0.0, 71.11100801096967, 57.639697481832044, 24.057624301864706, 35.6680866521395, 40.46059145435023, 20.92771837290607, 39.34737781432835, 46.32662708835202, 55.06091128261942, 57.44444287684564, 42.27346514645265, 52.99835064374294, 56.59747951258951, 82.04663278918358, 77.144897042272, 21.69973585167811, 52.51202016895816, 53.470234048608006, 11.667733007532505, 40.334501146722744, 82.0508639170351, 42.70016986571434, 89.49774841607649, 56.1110511704147, 17.33415602158068, 22.4328537653726, 74.60153270476262, 9.848645144779077, 29.653116411165595, 58.158621015686116, 47.14595988552485, 50.76646169652028, 35.463130334231984, 33.838684634927276, 55.536785530088, 78.75211352082901, 42.514327131614465, 48.547271341684294, 37.93782133498544, 14.368550186920594, 29.989177265331453, 58.424311898662204, 60.07270912942266, 13.602523880593683, 19.472174881718242, 57.60784938261084, 65.77233219740822, 59.04536229944238, 14.549508637086761, 38.51276976080383, 43.15219602352814, 33.48722451719306, 69.97979654467294, 47.736415102651335, 54.46105677690316, 82.3441118531947, 64.14450616539595, 58.3613344727916, 7.4886247411960865, 70.08660744471123, 43.77399827114374, 70.64061515279421, 60.164613953595655, 8.25939380755158, 39.132020789302366, 81.05228407489908, 62.82366973532162, 56.046659870180484, 20.228642848452772, 10.491906028329534, 44.4523504312615, 38.307303272168525, 51.60536440364363], [29.493164518042214, 70.05717196905631, 28.766242154758068, 80.46948514181037, 40.00597412852945, 50.82694198614077, 73.5629133210805, 32.63486161317809, 22.784305430516305, 25.266305096511935, 87.52150641153419, 65.57084817827965, 71.11100801096967, 0.0, 38.49380365399581, 82.52419893602998, 35.77165144780175, 76.17979566434272, 74.51576428385265, 53.41236075593455, 63.81278650798548, 58.492402538729266, 42.86690374472416, 74.74069139539893, 75.13102404145866, 61.646408144260214, 72.43278586850649, 12.393173908224, 78.02515433156158, 66.49662232501414, 27.205529053612235, 72.58226486266035, 45.76980209880424, 18.206971871259512, 77.43577249706426, 18.59741878917523, 15.048450812069415, 80.13478383085223, 51.29573343908117, 62.204248516673694, 66.70012951585102, 53.639813721733994, 54.01370770924699, 27.781537914211512, 44.631401787860916, 41.237461530963735, 69.53196966275267, 36.45850782936134, 20.644313228385084, 29.90069487214908, 24.22523063691225, 103.65113797974328, 66.66093651892112, 73.04958371736326, 21.43022825215191, 41.309223010054545, 68.03113733226904, 53.840874275602665, 45.18825122793392, 17.38143802763968, 74.36526848007891, 74.01368196904319, 43.62508918889531, 78.17937378479843, 38.04867165810735, 33.726640017387204, 63.21109382519286, 68.67470556376807, 21.929991900103428, 34.84107241687127, 51.94165682818097, 63.73798738494945, 36.392741176430846, 39.13869991774009, 43.354137586168704, 44.54803480950386, 70.282736727011, 54.650990540297094, 13.098038852691667, 74.6806613414155, 69.87873744636796, 59.53789038789222, 60.63631330925192, 78.14124805262996, 34.237564345014384, 77.84275281656355], [9.083594436161837, 49.599189115436296, 26.10241717180658, 83.61734376045311, 40.727150318258886, 74.14859752378634, 45.36393910828382, 26.770661215642697, 58.18381105930956, 35.89484147766616, 68.65178959733281, 47.3634305069387, 57.639697481832044, 38.49380365399581, 0.0, 78.16626363934081, 30.621583959247335, 82.71942291006333, 71.43772231821924, 64.26815093672796, 28.17317691866793, 76.97851404354356, 4.374390253524183, 40.94178752914185, 88.1578967291092, 23.42329739294443, 36.87386833937582, 34.21145327544133, 74.19420320662468, 81.73608704171161, 13.588418099149356, 65.08439924641671, 17.65604728849176, 35.65312684918815, 43.71423013358765, 49.615383081148856, 33.10813421380014, 58.090915308303224, 48.811103147221885, 26.409741113209275, 49.07529803549582, 29.046650867058744, 15.530793249070983, 19.981514299288754, 8.841972289280367, 48.22641541607623, 38.90579085107611, 59.26609625262373, 29.825568260429208, 38.43956130550335, 38.41866016278972, 78.745134750824, 61.56222217211037, 44.16321419864852, 17.487711839685943, 3.724086127300281, 62.390907073140355, 49.57374893539221, 67.81202077526933, 21.715923243654295, 36.33444372379236, 67.66639993484686, 54.04173338528804, 85.43588526568398, 38.2048981296607, 65.03628101994879, 27.092905057336342, 31.064269169815105, 33.238879972609354, 62.9633421324544, 73.57123637061241, 50.840879450699276, 12.842792081073261, 14.227808076564173, 13.396647948788452, 68.65952250225841, 52.49789455072911, 65.24041616461521, 51.4410034886275, 36.298701673636366, 85.8971289038483, 38.51232531765347, 48.8019202864451, 43.89509286346518, 26.332836951588785, 41.488846859301944], [76.4407831395599, 37.23817268851041, 58.44616772133883, 15.928989875710608, 43.16730379896283, 55.832091897351695, 52.20091572952463, 55.33429506633451, 78.61332416862886, 57.409108916640186, 31.38223847051626, 35.42158588223262, 24.057624301864706, 82.52419893602998, 78.16626363934081, 0.0, 50.91313637706259, 22.646057245663787, 8.028754972282666, 35.26427634949547, 70.21852049678445, 46.41689962808086, 78.74326356053756, 66.18151528360805, 36.83551871301068, 80.18275162226837, 105.5486585745847, 91.09901359874749, 4.499119670444086, 40.202354402866185, 71.21349911068371, 13.39525308540241, 61.9067187280315, 96.67053287101979, 66.43666275573626, 101.03285784280041, 67.86387907742507, 38.23867243787884, 31.9388658067963, 97.61566827723533, 33.79707591933298, 52.30569784821269, 80.9901004619224, 63.80176882576723, 72.40760810830307, 41.53287283792231, 57.868922878693645, 56.42610491500931, 94.56953621448726, 52.682675603881094, 58.31166829097472, 50.81284692422986, 16.89965525579655, 53.767648858556896, 74.99155045219871, 81.05970767793505, 15.877461076496944, 29.997662387961, 54.60379517094135, 81.6891813153643, 83.10065624529872, 10.582808542819558, 40.91623293540699, 24.524534912203976, 45.54191148768069, 70.94107934972101, 71.57943351064952, 78.45020752527213, 97.91489205004736, 64.80685627869249, 52.506567451867724, 28.511771674107816, 89.8439770948121, 63.939211308592114, 91.52345738790014, 57.28423288384528, 32.20381270521163, 34.353154870127746, 89.82156528285611, 86.86513086630792, 42.446024014973936, 43.49205681275899, 29.782423200316327, 68.18761949497159, 54.69569159751945, 75.54042897252539], [26.374847215822694, 34.59663769442046, 7.731512660711089, 53.849428582981275, 10.110301576873052, 47.002299031318415, 40.7726166534575, 4.446037397003083, 43.596719983391104, 13.481005960599717, 51.751161886589614, 29.908829588135394, 35.6680866521395, 35.77165144780175, 30.621583959247335, 50.91313637706259, 0.0, 52.32898187012408, 43.38547983356186, 33.866717362325694, 39.701300259518185, 47.711991141154634, 32.86783702030662, 46.3505447491299, 57.60981080347553, 43.88996942295749, 65.36518768113261, 41.56021819889197, 46.571377818011335, 51.53839415749013, 20.67568309452356, 39.06045605058513, 21.032462775092764, 46.66470924932159, 48.632103693238385, 53.94026900132868, 21.082090622331602, 44.688274623967175, 19.34213817138257, 55.427853661867196, 30.96823543202964, 22.01334380273077, 40.01741265872891, 12.965784393318348, 28.56049168959032, 18.009402104999754, 38.892178277689645, 33.88255997505973, 43.91779344015014, 12.043037635481769, 16.443780309516175, 68.35190865094133, 34.052828650388214, 40.730378971710024, 24.07928210771867, 34.17520115672769, 35.202473983595475, 20.931311430180553, 40.97496929944264, 30.92611494430638, 53.6378634211021, 41.080583620956084, 24.098652342548757, 54.99374201679067, 7.643615672604063, 44.60803868063535, 39.987119163988915, 47.436490735409116, 47.38337044561681, 40.355864564769924, 45.688749932565116, 28.202905607605118, 40.36769032636665, 18.06066033345575, 43.623742894454566, 42.51511596275996, 34.52635496504814, 34.78095380083945, 46.74343179831065, 55.77776622264651, 55.74313775483541, 24.882444636780285, 25.190053800689192, 49.84500960664852, 4.304320330991268, 52.55700136999901], [78.55854082070499, 53.23779404863237, 58.52102273724719, 7.648655676036084, 42.44369375425674, 37.618918539201395, 68.3683254479533, 56.55200481382624, 66.36054911941154, 53.362187007793906, 52.732819730697024, 49.68533528937148, 40.46059145435023, 76.17979566434272, 82.71942291006333, 22.646057245663787, 52.32898187012408, 0.0, 20.18273434421571, 22.827065394336678, 82.25771262036592, 26.890986919271537, 84.44516650183023, 81.35241823807752, 14.191898964136307, 90.63363570118624, 114.99681628209069, 86.7851828518014, 21.24333699599141, 18.86383860915625, 72.6615975412686, 29.120265408522307, 69.24560042712149, 92.76166875464695, 82.21880839360644, 93.68665936728904, 63.22402016159293, 57.28215856475002, 34.22118949452713, 105.86823741910894, 48.50153193284729, 62.282157441456896, 89.41564878686036, 64.76767452350252, 79.05715417715713, 36.6505784511005, 72.49533193581635, 43.29154415771773, 92.11610742560444, 48.792204281112305, 53.02869716308576, 72.94308169981021, 26.81543154264505, 69.66994589111468, 74.73557103520588, 86.13456777049046, 27.142870123808084, 34.187290262735424, 38.42429210231272, 80.1623328072168, 96.2512619719514, 26.64579342742874, 32.75773576724214, 2.86535963586427, 45.07094169599009, 56.23249614288717, 83.33291031207027, 90.8252234140726, 95.00378911894956, 50.42867506058506, 34.33243552319633, 41.22941312675783, 92.61684969872594, 69.09977165250825, 95.90025265137612, 40.86754675007501, 48.38386218639218, 21.589580558205586, 80.44394432180563, 99.6028718964473, 20.28642297093882, 55.50551982073818, 40.746624478466124, 83.94576863451806, 56.62186568317578, 90.40288319373992], [69.23498663438802, 34.1470993205348, 50.81718377714618, 15.627329082702081, 35.31179901562444, 49.317595344519425, 49.384680307265356, 47.82628561068085, 70.78442870173184, 49.4344251572319, 32.71436267562884, 31.35361814673424, 20.92771837290607, 74.51576428385265, 71.43772231821924, 8.028754972282666, 43.38547983356186, 20.18273434421571, 0.0, 28.035960707310696, 65.6340379843088, 40.57272917302227, 72.27756970993634, 62.94531381693472, 33.76551301993665, 75.08970839193307, 100.2504992290818, 83.19836391876889, 3.556959317834379, 35.456888329784434, 63.866733961411, 9.268851213469986, 55.7134100645375, 88.80931815126745, 63.5153755121314, 93.01403928036247, 59.89316597656581, 37.23788841566603, 24.199439149054157, 91.92355004430945, 29.919085856473316, 46.78728046204425, 75.25999765992593, 56.33157036223953, 66.12946898311014, 33.50454350243844, 54.30076736597485, 48.83489477577419, 86.82998304847655, 44.697633075048394, 50.29766773672728, 53.216414361140444, 9.914550434161836, 50.818440597816895, 67.42713162460835, 74.46394460894106, 9.309349560069233, 22.47182665372746, 47.576685916375396, 74.00505588540392, 79.0439594308877, 6.536682235489598, 33.012471677405514, 22.683896514781942, 37.734127377868205, 63.45692534465407, 66.89579871893515, 74.05298740558912, 90.13984277664153, 57.31720382129202, 46.042274787534524, 23.494362380755096, 82.82430677937823, 57.2315006802413, 84.83099791768028, 50.26950902279139, 29.12994128118385, 27.228284474619237, 81.80804866407664, 82.65836230707028, 38.277793679050596, 38.5779888279432, 24.078760165019226, 65.26414759442957, 47.28469495383335, 72.20906808199373], [58.75342616658672, 48.6862328271943, 38.56602314181108, 27.94677091660496, 23.878127952360018, 22.108536190192414, 62.00795063905871, 37.49947500823201, 44.437759456137506, 31.576169758000347, 56.30332229683861, 43.79875505922035, 39.34737781432835, 53.41236075593455, 64.26815093672796, 35.26427634949547, 33.866717362325694, 22.827065394336678, 28.035960707310696, 0.0, 70.09080833082783, 16.340797502514576, 66.71603113806155, 72.67880756445878, 24.002937688162657, 76.47103621781525, 99.09340128611751, 64.25787031861168, 31.321993487850904, 17.769991096170465, 52.71401236044985, 32.121006183142406, 53.71994774157142, 70.27372809381778, 74.23037383140125, 70.86245784988775, 40.913968305006804, 56.182148891956494, 21.10444600592142, 89.2628975245088, 43.36599428934684, 49.845406947549854, 73.5546437210963, 44.94165182504561, 62.30373406083107, 16.055374268735946, 63.8775853429596, 21.541188908484234, 69.99931245913065, 27.344345772023775, 30.792832310139524, 77.00161460046222, 26.117652363930446, 62.84837385096866, 53.80856845634617, 67.89583011258037, 27.43045865122543, 23.029605646032127, 19.58286892876068, 58.54305861068315, 84.4666336159838, 31.504690323557433, 10.688626702353494, 24.767059729147615, 26.226195943000697, 35.75928720321025, 70.81242293483683, 78.50415258837181, 72.73166395990116, 29.64847730348271, 19.079251692853013, 35.875841618852874, 72.73697782906635, 51.843166206715566, 76.87708774712246, 22.275756062814416, 44.9873517514965, 1.2393116624818212, 57.76913590627336, 87.24323770751155, 21.993395526345214, 46.084246350964484, 33.732191213269765, 75.8137673404023, 38.05737164612042, 80.80959859215743], [35.544103729730054, 33.95888016593206, 40.85379248466987, 80.54566884581713, 47.6027368873408, 86.3932248027382, 22.53423716344772, 38.62143081161462, 79.83268796136254, 51.51179753017438, 50.36049292667724, 34.81631163858293, 46.32662708835202, 63.81278650798548, 28.17317691866793, 70.21852049678445, 39.701300259518185, 82.25771262036592, 65.6340379843088, 70.09080833082783, 0.0, 85.65933455356549, 24.60144028653525, 13.183621966203578, 91.63119784036213, 11.299888658394341, 36.247393071040044, 61.810360172504616, 67.30627008230226, 87.56304943287796, 36.61308267484419, 57.05976924704668, 19.474068538156285, 63.74058565834967, 15.869293080396764, 77.2189900213694, 53.9631856115371, 38.74851474698124, 49.67999867249328, 30.497409971213294, 36.48444407223988, 20.35436556578288, 17.00157122470158, 37.79345620856213, 19.856750208086833, 56.06472863895616, 14.932163299974604, 73.57681523235784, 57.990138318902964, 51.51927170375469, 54.606479848652015, 54.70881708429204, 56.320128472566694, 20.85011581779899, 42.60099783969857, 27.558724036751983, 56.505966252066024, 48.74724249894957, 80.52002356260873, 48.720262387869525, 14.375954483009144, 60.02296208087569, 62.17118472323646, 85.12280406932697, 46.0415243486464, 83.4332471476915, 1.6727097807057718, 8.57651007126503, 61.41134698531122, 79.71628348647526, 84.7974666322359, 42.141719334636306, 39.2089568491431, 25.371654404602264, 35.41444650784297, 82.16386221797082, 38.62764233743822, 70.67417392120892, 76.88094590900576, 17.38325294873056, 91.74124808221003, 27.075524394717164, 41.82971510467285, 15.826767270596562, 37.05019473698618, 14.044642054537702], [70.37065715346476, 64.94906563619634, 50.87836744959672, 34.26250343818246, 38.3567914792082, 11.039343041073398, 78.3456544793546, 50.700300777606714, 43.23003029688434, 41.76803975514307, 71.37646752830935, 60.108209148409024, 55.06091128261942, 58.492402538729266, 76.97851404354356, 46.41689962808086, 47.711991141154634, 26.890986919271537, 40.57272917302227, 16.340797502514576, 85.65933455356549, 0.0, 79.9054571476213, 88.84702830715945, 18.363104940219106, 91.34160054281601, 112.92550991663133, 70.48641634698576, 43.29173889227624, 9.322969674862987, 64.38100057661923, 46.603609368814176, 68.42006507780468, 76.50354732430253, 90.4589277852901, 73.81157521904252, 49.0241005020135, 72.15217421915904, 37.37123475691791, 102.80589013833702, 59.63225454978298, 65.6093265165763, 87.721631374764, 57.05861183131439, 76.20003038147635, 29.891395806472914, 80.09271962241505, 22.060647865155822, 77.4897153912853, 38.58522734125917, 39.94753652567893, 92.19470701544502, 41.18309628697295, 79.17506147856736, 64.18836012778097, 80.68874227837841, 42.34214508924174, 39.367503967810016, 14.002858320086704, 67.55461473814543, 100.00622049157079, 45.38881608697708, 23.71371745314596, 27.180341487276372, 40.33137319172319, 31.449859441503918, 86.28021911243833, 93.950908967827, 79.68803629334468, 26.460918401178642, 8.03306140662226, 52.08470017105012, 83.9071301058737, 65.71136802880842, 88.82854000652483, 15.743894874560512, 61.11957849507942, 16.214354227978415, 59.2564145626616, 102.6056908534735, 11.663652562538136, 62.33596512755248, 50.03198305912571, 92.02380473262359, 51.60296175761744, 96.81730132201258], [13.427427693064367, 48.56644237777599, 29.117455461405328, 84.97165919768335, 42.95145672189651, 77.49828354515076, 43.078896213348045, 29.318034048410382, 62.412290674877255, 39.3018134243907, 67.46086546175768, 46.761977073122175, 57.44444287684564, 42.86690374472416, 4.374390253524183, 78.74326356053756, 32.86783702030662, 84.44516650183023, 72.277569709936