instance_id,num_cities,city_coordinates,distance_matrix,best_route,total_distance
1614,68,"[[58.351639390024786, 68.83401779310708], [84.06358520916824, 24.9813352207104], [68.220606932353, 54.511003401197854], [87.48915865064629, 61.35805583079039], [5.769395189001248, 1.2333345182024225], [56.70717041417122, 71.18578951754031], [37.88379130577193, 74.99042668596148], [54.74406871485168, 10.43607692914421], [82.15626912947869, 24.265878696659748], [92.27977315141219, 14.87493774901788], [65.35101030025717, 75.81029950652878], [15.616219309754364, 68.1042176972727], [53.554724032625835, 29.11298532167447], [32.08309482901605, 92.90359127587783], [3.3055429165872674, 53.981850896945616], [80.1538058762207, 6.845767819207637], [84.93260660325336, 54.601890372637705], [9.527722533838634, 34.95982839512415], [63.7972954479543, 20.984972667506728], [93.11449390255282, 96.25575767376266], [42.0456656441666, 34.986696240688865], [26.33574726382243, 44.559353302447626], [75.4571582231391, 54.61856315202739], [47.2741490392177, 88.93835028937328], [94.33727054877649, 86.99900275435574], [54.43515871397574, 82.09424257087723], [48.86315173992427, 23.270928627016442], [94.6088993272271, 92.08140129647356], [82.66553700254975, 88.3730717913819], [57.63715753226477, 54.518697995284704], [20.37870158984766, 68.99302542828639], [78.0101934733054, 2.235490483909708], [29.701549496826086, 89.93252236125893], [4.038724893028689, 96.99100138008966], [42.76676928478478, 40.571308944336614], [64.84489647671086, 59.91111168911093], [91.32409631110167, 78.04896729490515], [85.61881402036796, 23.01117462033733], [86.50283971621838, 37.85851250893653], [28.499603776231886, 72.48512911409686], [87.31697698189268, 58.65073536970782], [44.26471419199515, 26.116936281383786], [87.56312590030663, 20.24737362408201], [74.96846108515905, 47.14109372832793], [6.708361319956058, 42.736193560325255], [99.46556741731996, 72.08630184709706], [25.910630682868618, 6.351201096695602], [58.63471056854366, 26.09200819317079], [7.0111595188558695, 28.351728813033084], [18.658538123334235, 60.08648802813744], [1.8602420259948627, 73.87166811124175], [28.07124358429793, 13.760891819777799], [39.41277279615911, 45.06793188160636], [50.18915056589117, 53.1504320593452], [90.63848873914512, 65.37894445429545], [59.23831488690286, 44.92099260288215], [44.595189179131246, 93.00692152454427], [3.5437370849668026, 79.88292798848288], [60.6285992099696, 54.88785594234885], [92.79481689513361, 6.6358482601169495], [45.65600445100667, 84.05223920688687], [19.509016891327967, 76.41905498815143], [39.35114917805939, 9.326749061949414], [88.5002992380269, 69.16726051733228], [65.83282654939019, 34.22575662664089], [66.69070837103219, 83.56356898453237], [49.806226798668575, 65.2839151912677], [32.64860968701117, 18.286238399057176]]","[[0.0, 50.83465281283971, 17.393828262414413, 30.081307084717828, 85.64312456029408, 2.869687867414945, 21.37367950672205, 58.50926476488381, 50.52701672919915, 63.739317377385056, 9.882292228224651, 42.741651086698326, 40.00963405909449, 35.62837073171046, 57.01455602277741, 65.71055926042975, 30.151306255338405, 59.424200159111926, 48.15793070028034, 44.27649344676617, 37.57028022351459, 40.17806223265016, 22.24135619072323, 22.95419302856559, 40.31044937154771, 13.8265101179891, 46.54058972814199, 43.07005616326094, 31.191990129836967, 14.333138708566016, 37.97327071249152, 69.43934467144096, 35.58053605415032, 61.17767898405116, 32.27489562597488, 11.035426631287555, 34.23591987566508, 53.32196328679095, 41.856564687216746, 30.074484935995486, 30.70325752628844, 44.97989011118296, 56.69191243685325, 27.325843403784614, 57.86298125319518, 41.242362073497254, 70.40256691524209, 42.74294694956296, 65.38088860261935, 40.645560214576705, 56.71557014496574, 62.84864019710909, 30.389266319098166, 17.68052842175158, 32.47118988687293, 23.929458146500014, 27.813111965656105, 55.910505019953625, 14.130816550687626, 71.09813478497882, 19.818511788316577, 39.57628218802866, 62.46706060106565, 30.150501510651257, 35.40762491723761, 16.926303488086756, 9.253502301296306, 56.70735170666619], [50.83465281283971, 0.0, 33.511211012575075, 36.537656681111585, 81.81654923229368, 53.69567047075375, 68.06968924668313, 32.72917026490094, 2.037089263053771, 13.024784610814406, 54.16404776316674, 80.89885593539411, 30.78735361875607, 85.53013648875361, 85.80729167394728, 18.552228421588424, 29.633300283494325, 75.20083211499335, 20.65655862776115, 71.84679703502549, 43.19274028944045, 60.95737909271475, 30.861559664389723, 73.78321211628047, 62.862864210685224, 64.34071683288713, 35.241963724208425, 67.92365211927516, 63.40715104965244, 39.633469182490416, 77.41313374702025, 23.537565810815188, 84.6988054092649, 107.65393763816955, 44.14152564417962, 39.867872789095635, 53.56200701451919, 2.5100337540455686, 13.106168679769509, 73.10243817373697, 33.82621859475484, 39.81506905696112, 5.887034690511497, 23.9536256117328, 79.36665330987526, 49.5590449546117, 61.064294130176044, 25.453118864696204, 77.12610360784653, 74.23066709880065, 95.64337029108472, 57.105522243910144, 48.96086615409542, 44.05650166667838, 40.92916060974056, 31.841544923133778, 78.64626295739798, 97.45578910656253, 37.994717401981376, 20.317266021177893, 70.45930710302778, 82.541694346412, 47.37370582546897, 44.40811216087125, 20.440643053522024, 61.103968466803586, 52.894844338069454, 51.84905041941773], [17.393828262414413, 33.511211012575075, 0.0, 20.448941593494087, 82.08936502263283, 20.263457564886817, 36.60231086198919, 46.0892202781161, 33.30120492212646, 46.36659551379894, 21.49173328081057, 54.332283883963704, 29.32827038194217, 52.724857370445754, 64.91722066250001, 49.13629941418616, 16.712246810101615, 61.8635847905332, 33.81657021704619, 48.603807646746176, 32.65464930967576, 43.05086304756798, 7.237350598401091, 40.29883760144518, 41.68393240115676, 30.83623948657318, 36.751235944160186, 45.911619156012215, 36.814340689388644, 10.583452197227796, 49.985766662064094, 53.18425759008352, 52.32974098119909, 76.96664349181658, 29.02090509511047, 6.368405656168516, 32.98191876976568, 35.98523062453516, 24.729445777863454, 43.59847803389105, 19.539926556670057, 37.14980275307039, 39.346275116316995, 9.992452364349985, 62.62908674943741, 35.848830820119844, 64.10538704540105, 29.99214393356297, 66.56503661566389, 49.87468990836083, 69.12693663485854, 57.20614452270256, 30.316050325571393, 18.082714759457094, 24.913321084048697, 13.139630036708358, 45.16742273114148, 69.47540608386979, 7.601355082779716, 53.81377402744943, 37.17318789219594, 53.411438181924176, 53.61960864479369, 25.02142667129615, 20.42529637145899, 29.092819673965682, 21.33412815524593, 50.77007570885553], [30.081307084717828, 36.537656681111585, 20.448941593494087, 0.0, 101.45492522861365, 32.31277068293848, 51.444474966247306, 60.54162906763392, 37.47358156347887, 46.72932969665791, 26.43794545055944, 72.18885031241534, 46.811221143894144, 63.75698169395906, 84.50615100266835, 55.003608468745234, 7.223692273966581, 82.30948871873912, 46.81121901985132, 35.34818228165816, 52.54102838030874, 63.418736433974054, 13.790931652888181, 48.7639174028239, 26.539683413831593, 39.019948133399275, 54.24571566956788, 31.537512011975103, 27.442274197941387, 30.625459774082483, 67.54336538597988, 59.877612795012276, 64.46633159421708, 90.73963688958564, 49.31714668057367, 22.690444172626137, 17.125807203238526, 38.39246654754822, 23.52023302129674, 60.0298204572829, 2.7127901883579457, 55.76996598398269, 41.11074874841118, 18.944389115230184, 82.89940272283162, 16.078856599051374, 82.56917811396806, 45.56614192689141, 86.98348100334682, 68.84236491326816, 86.53844148479315, 76.13132504247525, 50.761274758513636, 38.192351211942814, 5.107428445798966, 32.68466339006253, 53.306128322403374, 85.96513648159059, 27.628846158725384, 54.97881419979123, 47.5924232352033, 69.6285384683252, 70.88388279472353, 7.8743941432821485, 34.71539111378968, 30.42466677639359, 37.88688064065243, 69.73282776071409], [85.64312456029408, 81.81654923229368, 82.08936502263283, 101.45492522861365, 0.0, 86.53324739846721, 80.44528005413468, 49.83180826385675, 79.7837865843116, 87.5793288048395, 95.45518616678663, 67.59197409762426, 55.32370722951309, 95.37214877920623, 52.806027574310285, 74.59584412581682, 95.4725970915506, 33.93525325765215, 61.2973442984609, 129.06752950155365, 49.55055222401982, 47.959553181386816, 87.7859154590753, 97.02996642062897, 123.28835465581734, 94.37607212939022, 48.40172938826726, 127.06623758054324, 116.21682510655722, 74.36124482135865, 69.31671909246663, 72.24774912295278, 91.87107234506063, 95.7733051664478, 54.00261032519208, 83.26461665145028, 114.97933867863904, 82.76595922975325, 88.65265212097266, 74.78957558078896, 99.733474905925, 45.83757434519049, 83.97468705981262, 83.04235712331179, 41.51347932979597, 117.46963722404259, 20.78128786997284, 58.41827819319094, 27.14680990062743, 60.24801808894332, 72.7434463414094, 25.57952567564637, 55.25711522355787, 68.32642010847103, 106.3833742372203, 69.04735217649213, 99.64855016995787, 78.68107845623645, 76.73551938358415, 87.19295371680987, 91.92340600877067, 76.43081686799086, 34.54327083468729, 107.048684188197, 68.5282110036847, 102.41910909153603, 77.72849813790974, 31.83227454643632], [2.869687867414945, 53.69567047075375, 20.263457564886817, 32.31277068293848, 86.53324739846721, 0.0, 19.204032520329026, 60.781422719895296, 53.37728596379596, 66.60572116866591, 9.803165846528582, 41.20633868167669, 42.19074271794922, 32.83303232474702, 56.104450121642806, 68.4790705736589, 32.736844058525996, 59.48294345050375, 50.69903239121328, 44.20403269998864, 39.05552555256504, 40.39047473964551, 25.020692082406327, 20.10311682844112, 40.81766956862449, 11.14254841509251, 48.55267781616364, 43.28010681842953, 31.13261100353384, 16.693016978696953, 36.39458560652904, 72.16621459024357, 32.87466430923831, 58.65044000589097, 33.63898340341553, 13.904709475706923, 35.290717869679106, 56.18430970035628, 44.7044662418104, 28.23747685295143, 33.076998663760534, 46.75485267716053, 59.555119030166466, 30.193080872379927, 57.526171617521705, 42.767878562474465, 71.77709046152562, 45.13495901379302, 65.60830934679473, 39.63449145322776, 54.912653345452625, 64.16880224068662, 31.32472947147056, 19.177035782087046, 34.42461056946382, 26.386478531817712, 24.957201195347462, 53.87012957967999, 16.763061851042306, 73.95277645140665, 16.96094917019365, 37.56447381496121, 64.24774205553683, 31.85714205221434, 38.06995706846315, 15.902215401307254, 9.080481449100738, 58.11348253890365], [21.37367950672205, 68.06968924668313, 36.60231086198919, 51.444474966247306, 80.44528005413468, 19.204032520329026, 0.0, 66.71980985312098, 67.32779560753183, 81.07277503008648, 27.479452518798766, 23.308038030553405, 48.48007589374395, 18.82895496943155, 40.46004842244971, 80.19007833798521, 51.27653882523903, 49.056247672656326, 59.90074090248245, 59.18314634551628, 40.21964255866304, 32.54854141843549, 42.74073847457874, 16.814380488400296, 57.716559303468166, 18.011439787205592, 52.872042092321806, 59.24389667453456, 46.73863431539814, 28.447972737308135, 18.503972217016553, 83.08675521811679, 17.03570674171765, 40.36723680604003, 34.76376188008657, 30.891534970160865, 53.527757936599855, 70.57248074755975, 61.17671876447184, 9.71285187332565, 52.06366639413983, 49.28827691455926, 73.92454358527677, 46.37734445644039, 44.85803149184543, 61.650215653576886, 69.67567627799514, 53.11926186748236, 55.931096294751775, 24.32566026740102, 36.04091735043707, 62.01082190001522, 29.961533333836666, 25.06805201469054, 53.623117141549905, 36.88070692725032, 19.22594464995705, 34.686825926899246, 30.35522421430623, 87.6787837680842, 11.93833084393961, 18.430228257065146, 65.68007078433722, 50.95036937533915, 49.425771578138104, 30.055569195680324, 15.374031139519143, 56.945343056812874], [58.50926476488381, 32.72917026490094, 46.0892202781161, 60.54162906763392, 49.83180826385675, 60.781422719895296, 66.71980985312098, 0.0, 30.703292144336135, 37.79725642063241, 66.22911887828211, 69.68933246000178, 18.71473878727956, 85.52432788384391, 67.39552185979097, 25.662132844226946, 53.49735411181505, 51.43862700273372, 13.901083252027764, 94.00695257369641, 27.640230627221143, 44.40079636801412, 48.79676388669221, 78.85687428933862, 86.19456619984088, 71.65883147614596, 14.118024032149933, 90.85793146885861, 82.78758094966535, 44.1774540118189, 67.8962051602849, 24.66905306901133, 83.34754108626346, 100.31344296154009, 32.42819622253076, 50.49560164979382, 76.87393161894883, 33.33741111159579, 41.95961759412387, 67.37103841388688, 58.186318336128465, 18.860175535779963, 34.25422685418924, 41.90804582626714, 57.88546207223303, 76.16273812455174, 29.121355725836835, 16.132119444686268, 50.98432310757761, 61.37856987882962, 82.58797342155367, 26.87924839912899, 37.87365855043445, 42.956529346918344, 65.62871384361206, 34.77653889736317, 83.19221197340694, 86.28058345345237, 44.83958470577927, 38.24004674442914, 74.17501102505288, 74.80148575089822, 15.43284096280062, 67.74094053674777, 26.24708384606802, 74.09691149694083, 55.06966174598563, 23.44854675144464], [50.52701672919915, 2.037089263053771, 33.30120492212646, 37.47358156347887, 79.7837865843116, 53.37728596379596, 67.32779560753183, 30.703292144336135, 0.0, 13.80851569011675, 54.21479540625407, 79.68298561389412, 29.009357534450313, 84.96151112493153, 84.2643223915586, 17.534825977561734, 30.46279130633561, 73.411622654375, 18.64983268051051, 72.81912774343797, 41.518627635897275, 59.39491369578683, 31.083171340494754, 73.479867201171, 63.904785811511886, 64.12939755710642, 33.30798089280907, 68.94935173246905, 64.1092158761167, 38.94123661405586, 76.26916484311424, 22.41713514593666, 84.04525984202579, 106.73000602854688, 42.63097176439915, 39.62658524537698, 54.55886430635099, 3.682865656056914, 14.270682177813386, 72.13968289124804, 34.769976617248766, 37.93674142256155, 6.736652221881503, 23.97790748224382, 77.67586062604758, 50.8567073010468, 59.02971724290604, 23.592339139507207, 75.25610719115085, 72.90458076010741, 94.3831887151905, 55.09577785553369, 47.53663740217488, 43.08380313087837, 41.97894979032095, 30.852331470146975, 78.3336817473904, 96.29738504434319, 37.43188564043812, 20.591179464895802, 70.0476853625968, 81.51461225008612, 45.33713586341858, 45.34733517445086, 19.12208006587075, 61.281315611282885, 52.239875159481336, 49.86746877033219], [63.739317377385056, 13.024784610814406, 46.36659551379894, 46.72932969665791, 87.5793288048395, 66.60572116866591, 81.07277503008648, 37.79725642063241, 13.80851569011675, 0.0, 66.62039163208566, 93.33089912479389, 41.25956165464737, 98.55004237576355, 97.189321953799, 14.543268275074341, 40.40063886927678, 85.15459302750206, 29.13046623096048, 81.38510066563857, 54.110520110943376, 72.31721148531524, 43.15734159097035, 86.66542147160548, 72.153406353646, 77.14045490306799, 44.220986845749, 77.24158751765444, 74.12428242104879, 52.647303287058136, 89.99184132887945, 19.062437707630377, 97.72243899733124, 120.53850216424873, 55.78387799807635, 52.734518309342576, 63.181257721635646, 10.515071420188239, 23.698473973220928, 85.94675185629593, 44.05621185653392, 49.31357234958761, 7.149113827813743, 36.61674954356772, 89.99286692961715, 57.6608690638195, 66.91425228251434, 35.46565811534066, 86.32705467118224, 86.39543116219079, 107.9643728383269, 64.218193430705, 60.881332288747195, 56.891422678086286, 50.530668982397934, 44.65986314944026, 91.53374480107668, 110.00055859749018, 51.017942277375816, 8.255172055388329, 83.42226827905003, 95.30614530768098, 53.21862111535671, 54.42371481845749, 32.77033987929899, 73.30026123652617, 65.91712331823886, 59.72865834959859], [9.882292228224651, 54.16404776316674, 21.49173328081057, 26.43794545055944, 95.45518616678663, 9.803165846528582, 27.479452518798766, 66.22911887828211, 54.21479540625407, 66.62039163208566, 0.0, 50.328253811551484, 48.16421411989303, 37.402337137052555, 65.7732558990298, 70.53530596598618, 28.865819436905447, 69.17369765363189, 54.847338065286806, 34.479381975363914, 47.00750656167443, 49.988122473769366, 23.478158265883348, 22.340963059094246, 31.070731622586948, 12.595386309664976, 55.06573319515951, 33.47794533380494, 21.391963033005563, 22.645878641374793, 45.486083328884796, 74.6559270341187, 38.34476801252072, 64.86769977202913, 41.85492083479807, 15.90724125849334, 26.069384925491434, 56.55556079100072, 43.44810725397061, 37.001120536244294, 27.87390058144703, 53.98205472369035, 59.83825542283326, 30.239357128630143, 67.32649377152732, 34.317213841755745, 79.87559011532001, 50.169883129285274, 75.20541284685363, 49.268907085510975, 63.52035852970972, 72.38722263406005, 40.22294534224063, 27.26447474881039, 27.35451944419745, 31.488320472900963, 26.95418185073834, 61.94130548399488, 21.448771787726336, 74.41953524216065, 21.350007621224638, 45.84603519324997, 71.38666022507637, 24.083594942124662, 41.58733405049143, 7.8681623343307, 18.773520204368587, 66.16996759985122], [42.741651086698326, 80.89885593539411, 54.332283883963704, 72.18885031241534, 67.59197409762426, 41.20633868167669, 23.308038030553405, 69.68933246000178, 79.68298561389412, 93.33089912479389, 50.328253811551484, 0.0, 54.40263176331859, 29.76855588129995, 18.734833794305793, 88.98144616316115, 70.61922111297982, 33.69896638181527, 67.39168606000406, 82.4529670048853, 42.370813786979205, 25.87023229367584, 61.34167301720046, 37.898358745740765, 80.95688241607452, 41.26294769442295, 55.815610046593974, 82.55149198950085, 70.04596668872301, 44.16249081146964, 4.844710172023949, 90.72870128371893, 25.978287298870125, 31.120485994071075, 38.66798971169989, 49.90580769479039, 76.35823914032291, 83.26911672497059, 77.06955063440986, 13.607864643401426, 72.32127611482171, 50.82979499973246, 86.40969212186408, 62.94554130598481, 26.886550217146894, 83.94385130693013, 62.60519119681734, 60.129995323458004, 40.67317821976213, 8.57552871902333, 14.916111936724635, 55.75235149396909, 33.120181491235705, 37.66833259578459, 75.07175250775077, 49.39989016505055, 38.20896953071437, 16.86661919864417, 46.91254163140508, 98.66557842788218, 34.01070539409201, 9.18097991419722, 63.38878224914698, 72.89183196372623, 60.57604945169469, 53.362861384051406, 34.30613237188634, 52.649153680953894], [40.00963405909449, 30.78735361875607, 29.32827038194217, 46.811221143894144, 55.32370722951309, 42.19074271794922, 48.48007589374395, 18.71473878727956, 29.009357534450313, 41.25956165464737, 48.16421411989303, 54.40263176331859, 0.0, 67.30729729131718, 56.066395263413845, 34.68919327722141, 40.42592973962516, 44.413538869355556, 13.075735501470449, 77.93027185430525, 12.921257870235115, 31.29637327452038, 33.6192076636252, 60.15413465229292, 70.80965410562794, 52.988572210754306, 7.492694909126067, 75.1695863996549, 66.02421737640736, 25.731624506296022, 51.87548615703467, 36.33826790475963, 65.32985551143298, 84.01939796748758, 15.737634761396762, 32.80232585597798, 61.81630702326415, 32.639515323867435, 34.089038896433216, 50.088939978930746, 44.859429355603396, 9.761177833173706, 35.144992080894866, 27.99215653137648, 48.787021861563346, 62.88490656340415, 35.80914294191622, 5.91037782346008, 46.5497895711615, 46.6594219951674, 68.37879170467258, 29.750538661531635, 21.320297945968893, 24.271916496773503, 51.869310739756514, 16.798699330648684, 64.51905414904485, 71.26489945176331, 26.72795662854053, 45.221748952713845, 55.504156497445116, 58.2835688855838, 24.356450561913384, 53.15579166831992, 13.300083903083591, 56.01267843769609, 36.36464490606249, 23.543238221585373], [35.62837073171046, 85.53013648875361, 52.724857370445754, 63.75698169395906, 95.37214877920623, 32.83303232474702, 18.82895496943155, 85.52432788384391, 84.96151112493153, 98.55004237576355, 37.402337137052555, 29.76855588129995, 67.30729729131718, 0.0, 48.40505519258847, 98.57353721300285, 65.26937403450806, 62.178971334005396, 78.60075205387417, 61.1233890784241, 58.76750418185195, 48.68467263181286, 57.85371858196692, 15.70004025785733, 62.53356346919069, 24.828547668835114, 71.62595910355026, 62.53121000357136, 50.784929487381184, 46.113015004487515, 26.621569830667333, 101.63662180092753, 3.8077563820037783, 28.340670536642644, 53.41169042358597, 46.495584268682215, 61.07500397230081, 88.0398951344614, 77.4045820998147, 20.730533161920008, 64.99261400656778, 67.88850518061274, 91.41640887245843, 62.716511547702005, 56.21961307414203, 70.52486902699754, 86.77220499310177, 71.89419957407549, 69.24987283467661, 35.45674813511413, 35.7160318470249, 79.24431732060238, 48.39395095243593, 43.68229529273641, 64.70193458176676, 55.1337986339235, 12.512521015625673, 31.369294108834172, 47.53989854124598, 105.48950981622232, 16.204021385321493, 20.732760853403548, 83.89227120821401, 61.2071429753684, 67.6914519737937, 35.845821673890654, 32.81700647274983, 74.6194958264835], [57.01455602277741, 85.80729167394728, 64.91722066250001, 84.50615100266835, 52.806027574310285, 56.104450121642806, 40.46004842244971, 67.39552185979097, 84.2643223915586, 97.189321953799, 65.7732558990298, 18.734833794305793, 56.066395263413845, 48.40505519258847, 0.0, 90.15245891169238, 81.62941856376571, 20.013816708692538, 68.90606720169544, 99.26092318417444, 43.14641363268819, 24.88320263136821, 72.15442463106761, 56.17112402417998, 96.83443474547865, 58.34847193557939, 54.94230126568986, 98.93370827222891, 86.49141423247693, 54.33426682631778, 22.733853784448872, 90.87612794786746, 44.60044777935534, 43.015399348283495, 41.677704134762664, 61.82433315563868, 91.24961278479988, 87.946900962086, 84.74521954387843, 31.2587908816189, 84.14106925829476, 49.538946073778654, 90.75987685718677, 71.98867827009612, 11.749211974383162, 97.84948367869885, 52.72256436588929, 61.96095640885153, 25.89661662146755, 16.52213837013603, 19.942259738616833, 47.234155847753364, 37.19126243875398, 46.890979127092066, 88.07347595956918, 56.66192842913504, 56.81365175708278, 25.902172321324834, 57.33021566291703, 101.24215585858451, 51.94025264945281, 27.676356268131144, 57.387837131668924, 86.5375246353188, 65.57411424727101, 69.9482469022692, 47.85446958032495, 46.2081412642076], [65.71055926042975, 18.552228421588424, 49.13629941418616, 55.003608468745234, 74.59584412581682, 68.4790705736589, 80.19007833798521, 25.662132844226946, 17.534825977561734, 14.543268275074341, 70.53530596598618, 88.98144616316115, 34.68919327722141, 98.57353721300285, 90.15245891169238, 0.0, 47.99462655055167, 76.01607757804528, 21.62065094145299, 90.34448361636443, 47.37237807381882, 65.71680122167533, 48.0031089939879, 88.43225616447894, 81.39847505135882, 79.52220925193608, 35.339651156168806, 86.45266300668905, 81.56598608624965, 52.7229335699228, 86.22844496322527, 5.084263097273199, 97.20513851696958, 117.9816455505849, 50.350795716375075, 55.22946158558387, 72.07406609853203, 17.064193243795792, 31.655972009902698, 83.52653677597013, 52.29785543593074, 40.73579305495746, 15.31342748598638, 40.62759026479926, 81.74567869891364, 68.03874935699861, 54.24542977338923, 28.870213566810644, 76.23878982792472, 81.34028672413655, 103.06480218933663, 52.53962537775919, 55.86381299234414, 55.154351580439545, 59.46479077345258, 43.44169087007983, 93.21029787123939, 105.84672600412834, 51.858229111602746, 12.642753885193144, 84.563216159924, 92.29427240362473, 40.87801440328095, 62.87791666047053, 30.899097656318006, 77.89015348602489, 65.8482545261975, 48.863360834716346], [30.151306255338405, 29.633300283494325, 16.712246810101615, 7.223692273966581, 95.4725970915506, 32.736844058525996, 51.27653882523903, 53.49735411181505, 30.46279130633561, 40.40063886927678, 28.865819436905447, 70.61922111297982, 40.42592973962516, 65.26937403450806, 81.62941856376571, 47.99462655055167, 0.0, 77.92115977223618, 39.70892259461162, 42.44982851459078, 47.15978737931538, 59.45119406076884, 9.475463048621029, 50.962259621369455, 33.73456083309654, 41.06000191367811, 47.77692683757839, 38.70845359827693, 33.84719041504284, 27.29557584955081, 66.13857740131495, 52.82196172850689, 65.56464920831054, 91.32719655255988, 44.43889121010723, 20.777486111541307, 24.302603911602922, 31.598167705769622, 16.81684674116198, 59.19876718276014, 4.698762380971428, 49.65148620891944, 34.45507876640196, 12.447798298233426, 79.1190704633414, 22.73568988685853, 76.23465522418259, 38.78650174660619, 82.22422330208965, 66.50062378898203, 85.27802818166091, 70.0085835249374, 46.507543843275464, 34.773761209500265, 12.194342361425832, 27.457538280650287, 55.696083006139524, 85.22487280365077, 24.30568969767885, 48.60612663660685, 49.09149135119884, 68.96546064991354, 64.24568220283417, 14.99594739215157, 27.928272852804554, 34.22784946696755, 36.71468660361639, 63.6588007411689], [59.424200159111926, 75.20083211499335, 61.8635847905332, 82.30948871873912, 33.93525325765215, 59.48294345050375, 49.056247672656326, 51.43862700273372, 73.411622654375, 85.15459302750206, 69.17369765363189, 33.69896638181527, 44.413538869355556, 62.178971334005396, 20.013816708692538, 76.01607757804528, 77.92115977223618, 0.0, 56.04001371242015, 103.65297532621797, 32.51795421006142, 19.356150799424732, 68.79793850510264, 65.86708996011525, 99.50243767108702, 65.10246403911698, 41.035428212897244, 102.4777084798055, 90.56552586590266, 51.93329486855109, 35.721173647739924, 75.89948035199093, 58.557496328197566, 62.27355391329077, 33.70938953564382, 60.684069334898474, 92.45172066670443, 77.0235323173451, 77.02967632563933, 42.04854898715064, 81.31683208821205, 35.844878719199016, 79.41020402918836, 66.56480667184563, 8.271677752239787, 97.29949112541749, 32.96745721647249, 49.9012475693227, 7.071072725917281, 26.734262990452446, 39.66007472800563, 28.16481998654322, 31.54821683193608, 44.54491880422008, 86.62724176743261, 50.69879470427721, 67.81734466708559, 45.31989583976487, 54.84911921801564, 87.95258298686333, 60.95340477444429, 42.64380033185163, 39.325456550484525, 86.06286239542801, 56.30988900329465, 75.03286312747021, 50.417339733785745, 28.50585950478749], [48.15793070028034, 20.65655862776115, 33.81657021704619, 46.81121901985132, 61.2973442984609, 50.69903239121328, 59.90074090248245, 13.901083252027764, 18.64983268051051, 29.13046623096048, 54.847338065286806, 67.39168606000406, 13.075735501470449, 78.60075205387417, 68.90606720169544, 21.62065094145299, 39.70892259461162, 56.04001371242015, 0.0, 80.77864322136338, 25.868545806458272, 44.26193640898588, 35.597342721284406, 69.933367554155, 72.73611377758814, 61.822265182931424, 15.108085349934678, 77.48585094975078, 69.97975737948646, 34.09483881028291, 64.72980320143898, 23.52763380435975, 76.91738750592292, 96.68507204023796, 28.73860816826069, 38.94023326900737, 63.356327612915884, 21.915386539138414, 28.28883326152598, 62.435511941324236, 44.40591288777211, 20.19551388439534, 23.777273801653934, 28.441828539005694, 61.092241816773324, 62.31830765675114, 40.61461113206262, 7.261824460665113, 57.2619797934519, 59.71964430828922, 81.44446661101686, 36.44911694210422, 34.27234846729793, 34.92561216384375, 51.877494044154254, 24.366315973136658, 74.5377890893264, 84.25829594997542, 34.05064067233079, 32.35357200276923, 65.62458798183155, 70.95342909431047, 27.08372657309682, 54.14583325331497, 13.396333331078967, 62.645451194421845, 46.455853352107354, 31.26537687739723], [44.27649344676617, 71.84679703502549, 48.603807646746176, 35.34818228165816, 129.06752950155365, 44.20403269998864, 59.18314634551628, 94.00695257369641, 72.81912774343797, 81.38510066563857, 34.479381975363914, 82.4529670048853, 77.93027185430525, 61.1233890784241, 99.26092318417444, 90.34448361636443, 42.44982851459078, 103.65297532621797, 80.77864322136338, 0.0, 79.76166440448894, 84.4506911017445, 45.22651292036916, 46.42070301081848, 9.337167362991526, 41.19028381353483, 85.35201552498216, 4.433790560898215, 13.088828710713829, 54.77794762982084, 77.67722995090332, 95.22578712674579, 63.72742598772591, 89.07880335941763, 75.07097444742998, 46.04458090121824, 18.294609573181177, 73.62712926337895, 58.77033447174248, 68.84857883905903, 38.04929572191584, 85.47371083603447, 76.21083999366566, 52.359609638374096, 101.63839575068876, 24.989972583960874, 112.24610694794308, 78.17804806936196, 109.65738154592934, 82.77623703512319, 93.95949101125036, 105.05249784860007, 74.18940867210786, 60.8330025306596, 30.97592930259053, 61.504907199205306, 48.627953557277195, 91.05487372336701, 52.598827435956366, 89.62047956075183, 49.002388553966384, 76.23162742252906, 102.211299640487, 27.478673013740604, 67.76437414655689, 29.313957350361697, 53.2434129850995, 98.66797398292901], [37.57028022351459, 43.19274028944045, 32.65464930967576, 52.54102838030874, 49.55055222401982, 39.05552555256504, 40.21964255866304, 27.640230627221143, 41.518627635897275, 54.110520110943376, 47.00750656167443, 42.370813786979205, 12.921257870235115, 58.76750418185195, 43.14641363268819, 47.37237807381882, 47.15978737931538, 32.51795421006142, 25.868545806458272, 79.76166440448894, 0.0, 18.396665424448948, 38.75226489870293, 54.204409536505885, 73.75426748583064, 48.70955203835991, 13.55497426937524, 77.6060492527939, 67.08262847869955, 24.991872915773364, 40.32229849780882, 48.642458207781644, 56.31537100588926, 72.7259334837335, 5.630975893240587, 33.77915647261159, 65.442516129369, 45.18885235867322, 44.54983339083643, 39.87014246389647, 51.083053727601936, 9.143129562316812, 47.8444021737727, 35.09472664000904, 36.17706159445402, 68.36245940419066, 32.86838808557501, 18.823174200056197, 35.65724908360834, 34.306811006692904, 55.91877420639336, 25.412973954697073, 10.419377946729556, 19.90571891593706, 57.3144938721206, 19.856420427550546, 58.076213824978915, 59.144485186104646, 27.228323073263677, 58.13129048895289, 49.19819156095067, 47.16503883585023, 25.80103308400308, 57.674465377752455, 23.799328835646296, 54.47100785354165, 31.275354283718002, 19.162723000190443], [40.17806223265016, 60.95737909271475, 43.05086304756798, 63.418736433974054, 47.959553181386816, 40.39047473964551, 32.54854141843549, 44.40079636801412, 59.39491369578683, 72.31721148531524, 49.988122473769366, 25.87023229367584, 31.29637327452038, 48.68467263181286, 24.88320263136821, 65.71680122167533, 59.45119406076884, 19.356150799424732, 44.26193640898588, 84.4506911017445, 18.396665424448948, 0.0, 50.14080890284838, 49.070480357068355, 80.15816249562482, 46.88757656606148, 30.994854050170982, 83.18394279077712, 71.3630656560998, 32.847630531045766, 25.149368316417245, 66.7948931800865, 45.497836158559934, 56.97573980863592, 16.908074475102442, 41.456375368126345, 73.10977880731693, 63.0777774543237, 60.53908061339504, 28.00948463804342, 62.58815723835905, 25.721014767896236, 65.8776460612905, 48.70119338634989, 19.711879424214704, 78.13900109332516, 38.210517126640866, 37.205723564323534, 25.221553939097046, 17.32141602111438, 38.187198851143506, 30.847320421357203, 13.08691136000258, 25.353332784830492, 67.58918505924069, 32.904554991292606, 51.774260841592366, 42.03844260427554, 35.81448954519408, 76.51797286229653, 43.965445236458145, 32.582891815809965, 37.5597801984609, 66.85791366509982, 40.82649253056978, 56.123539864650354, 31.31087470958237, 27.020895593981813], [22.24135619072323, 30.861559664389723, 7.237350598401091, 13.790931652888181, 87.7859154590753, 25.020692082406327, 42.74073847457874, 48.79676388669221, 31.083171340494754, 43.15734159097035, 23.478158265883348, 61.34167301720046, 33.6192076636252, 57.85371858196692, 72.15442463106761, 48.0031089939879, 9.475463048621029, 68.79793850510264, 35.597342721284406, 45.22651292036916, 38.75226489870293, 50.14080890284838, 0.0, 44.40866802566511, 37.48268280511307, 34.59533816702292, 41.10858026182528, 42.07437972394822, 34.515613541000775, 17.82028051609438, 56.92329532657925, 52.44525041547509, 57.798368877907976, 83.0422551519308, 35.58070937623876, 11.858801347188907, 28.297412648258508, 33.20069665435603, 20.072527922649016, 50.241676911815304, 12.526520418037768, 42.25294426320421, 36.440816716514014, 7.493422040365152, 69.76810003682857, 29.6904969165971, 69.17077873697292, 33.1173531990748, 73.31303652706599, 57.06120790600862, 76.07357047161646, 62.568156540317474, 37.28823243963478, 25.310622668595897, 18.608025204368555, 18.896924451376307, 49.25573257814856, 76.2222295028534, 14.831004046050612, 51.01897036029784, 41.88615585432365, 60.0454491429719, 57.92229547189549, 19.539399237475997, 22.54981858348694, 30.243412599329005, 27.779849118809427, 56.14810459601743], [22.95419302856559, 73.78321211628047, 40.29883760144518, 48.7639174028239, 97.02996642062897, 20.10311682844112, 16.814380488400296, 78.85687428933862, 73.479867201171, 86.66542147160548, 22.340963059094246, 37.898358745740765, 60.15413465229292, 15.70004025785733, 56.17112402417998, 88.43225616447894, 50.962259621369455, 65.86708996011525, 69.933367554155, 46.42070301081848, 54.204409536505885, 49.070480357068355, 44.40866802566511, 0.0, 47.10306226865801, 9.905648389901362, 65.6866439800712, 47.43898559688478, 35.395902047431655, 35.945853850937006, 33.48404212929072, 91.98962075093083, 17.600699781138797, 43.97893917194546, 48.576611251950844, 33.930985047132545, 45.37594645465778, 76.26733130385891, 64.40527928599901, 24.96381454975315, 50.207247357016236, 62.89345559009217, 79.63448958676729, 50.13966070614978, 61.48351339749311, 54.84465050503044, 85.30555156808767, 63.86489703377368, 72.74508249382973, 40.635983364876914, 47.84796612252684, 77.59124847467233, 44.5692141248582, 35.906438491441676, 49.35090233129077, 45.61435127381968, 4.871354824647372, 44.658141505619696, 36.57564086437636, 94.05228887339403, 5.147083972382142, 30.457106199193895, 80.00488095606588, 45.72189246946019, 57.77449624384315, 20.146737958308282, 23.789571614268194, 72.15003337424513], [40.31044937154771, 62.862864210685224, 41.68393240115676, 26.539683413831593, 123.28835465581734, 40.81766956862449, 57.716559303468166, 86.19456619984088, 63.904785811511886, 72.153406353646, 31.070731622586948, 80.95688241607452, 70.80965410562794, 62.53356346919069, 96.83443474547865, 81.39847505135882, 33.73456083309654, 99.50243767108702, 72.73611377758814, 9.337167362991526, 73.75426748583064, 80.15816249562482, 37.48268280511307, 47.10306226865801, 0.0, 40.20242780398197, 78.28897057326313, 5.089651965921036, 11.752337201281644, 49.00886136880621, 76.11888820732705, 86.32164536343377, 64.70225632224606, 90.84969666476515, 69.39054224558458, 40.044399992623426, 9.443640913970107, 64.57904949398394, 49.76109010090392, 67.41847591052489, 29.20460212837565, 78.82821143551602, 67.0944783664349, 44.31482474257374, 98.17342822974047, 15.769847086172609, 105.76517836959357, 70.59982135684434, 105.19197882138431, 80.32156616009551, 93.4041097555973, 98.76744009501584, 69.10076090690177, 55.630766992001504, 21.93417214697801, 54.795032866690434, 50.103590160123176, 91.07197285069333, 46.55534634185381, 80.37795570639085, 48.77037096728468, 75.57250055515611, 95.16539569114795, 18.762762730743045, 59.979320057587515, 27.859192476357325, 49.54350497640035, 92.34140384607917], [13.8265101179891, 64.34071683288713, 30.83623948657318, 39.019948133399275, 94.37607212939022, 11.14254841509251, 18.011439787205592, 71.65883147614596, 64.12939755710642, 77.14045490306799, 12.595386309664976, 41.26294769442295, 52.988572210754306, 24.828547668835114, 58.34847193557939, 79.52220925193608, 41.06000191367811, 65.10246403911698, 61.822265182931424, 41.19028381353483, 48.70955203835991, 46.88757656606148, 34.59533816702292, 9.905648389901362, 40.20242780398197, 0.0, 59.08662729465005, 41.39653094488785, 28.920199769300602, 27.760825907613317, 36.48950756676349, 83.26585463916972, 25.94590632410008, 52.552011996582436, 43.131256981745295, 24.50416160586783, 37.110079077024906, 66.80740435547544, 54.63639793191419, 27.658417730485, 40.38331341650408, 56.893732178531295, 70.16051174571547, 40.53811934803892, 61.86196902303397, 46.12912946849221, 80.93612933144884, 56.15947374285811, 71.67491530982647, 42.00366461274774, 53.21402630408997, 73.24276650862961, 39.95772468399858, 29.25359383257162, 39.87583599170722, 37.482273442316355, 14.693929440162535, 50.939441571378346, 27.902440369229076, 84.64887859702249, 8.994848547898568, 35.38422157847804, 74.31443638521029, 36.43543143611758, 49.206694449840796, 12.343314688787657, 17.43600061040946, 67.42488498244055], [46.54058972814199, 35.241963724208425, 36.751235944160186, 54.24571566956788, 48.40172938826726, 48.55267781616364, 52.872042092321806, 14.118024032149933, 33.30798089280907, 44.220986845749, 55.06573319515951, 55.815610046593974, 7.492694909126067, 71.62595910355026, 54.94230126568986, 35.339651156168806, 47.77692683757839, 41.035428212897244, 15.108085349934678, 85.35201552498216, 13.55497426937524, 30.994854050170982, 41.10858026182528, 65.6866439800712, 78.28897057326313, 59.08662729465005, 0.0, 82.6290177317589, 73.35455196534498, 32.45622079257702, 53.86904525102425, 35.9449537443009, 69.36090454796494, 86.27791356350187, 18.343092382781368, 39.97398128352494, 69.30775810958907, 36.75658011591961, 40.367607242253456, 53.26078872164913, 52.253491757872375, 5.407900466070166, 38.81790675538845, 35.3733226877865, 46.43191676288354, 70.3103487048934, 28.514827766880867, 10.170636747998778, 42.15926687458638, 47.62041681616157, 69.06307521336011, 22.863600871845073, 23.757504352548555, 29.908911686134815, 59.31495408671282, 24.007692110769433, 69.86647414765098, 72.51736217190094, 33.735083326314886, 46.97570757447554, 60.865864896011125, 60.7156369348848, 16.879524178120572, 60.643027157063706, 20.198468249854443, 62.87308054100831, 42.02356994133628, 16.963446308294788], [43.07005616326094, 67.92365211927516, 45.911619156012215, 31.537512011975103, 127.06623758054324, 43.28010681842953, 59.24389667453456, 90.85793146885861, 68.94935173246905, 77.24158751765444, 33.47794533380494, 82.55149198950085, 75.1695863996549, 62.53121000357136, 98.93370827222891, 86.45266300668905, 38.70845359827693, 102.4777084798055, 77.48585094975078, 4.433790560898215, 77.6060492527939, 83.18394279077712, 42.07437972394822, 47.43898559688478, 5.089651965921036, 41.39653094488785, 82.6290177317589, 0.0, 12.505823097135819, 52.70546812852067, 77.73799171808558, 91.36632161668868, 64.94291141213388, 90.70314586618356, 73.08143445132407, 43.82719930713259, 14.41177070533388, 69.65283803921736, 54.82544911701897, 68.95254050210643, 34.21668534205795, 82.98100759606088, 72.17873963170467, 49.044653721481374, 100.80403815567773, 20.576472655141416, 109.85954369569562, 75.15811505744146, 108.3274442345138, 82.41439098877177, 94.51935153109523, 102.76848659221244, 72.50433566660908, 59.065509781618246, 26.996024923057433, 58.950677619486946, 50.022272943862866, 91.87854224602691, 50.378771442624746, 85.46480813036007, 49.60698903000609, 76.71571829662864, 99.5075445280652, 23.71440158840366, 64.61685526762584, 29.188676803872305, 52.20521743331747, 96.35768552303273], [31.191990129836967, 63.40715104965244, 36.814340689388644, 27.442274197941387, 116.21682510655722, 31.13261100353384, 46.73863431539814, 82.78758094966535, 64.1092158761167, 74.12428242104879, 21.391963033005563, 70.04596668872301, 66.02421737640736, 50.784929487381184, 86.49141423247693, 81.56598608624965, 33.84719041504284, 90.56552586590266, 69.97975737948646, 13.088828710713829, 67.08262847869955, 71.3630656560998, 34.515613541000775, 35.395902047431655, 11.752337201281644, 28.920199769300602, 73.35455196534498, 12.505823097135819, 0.0, 42.10152496091389, 65.23217045879105, 86.26328962471034, 52.9869404531564, 79.09768829050476, 62.2649194706082, 33.58062539046043, 13.474337941208185, 65.42858279790399, 50.66009861435345, 56.447985303238426, 30.084101719090828, 73.14676753737557, 68.30151629205226, 41.944260545040486, 88.61273719027471, 23.398715715937577, 99.74320359609281, 66.75635926281288, 96.57197546581425, 69.978759109596