instance_id,num_cities,city_coordinates,distance_matrix,best_route,total_distance
1099,70,"[[35.379715278167, 61.10261152215024], [25.650936642100618, 80.25328533510412], [75.77282571981269, 60.75223063146996], [72.32147856374395, 14.605929793242767], [20.53828577831036, 73.05216761879764], [83.25768581638555, 57.93500631005954], [21.648532517905384, 40.06552897712529], [7.729186546054356, 61.12981223372387], [39.85837017830735, 66.86165762795545], [36.42135460523737, 18.779564211864052], [51.2264920418094, 7.680501596741928], [6.09971925486329, 13.714197378349324], [67.90611496021923, 9.184555165469932], [9.643136844124356, 33.08635944261174], [26.394325813162844, 46.15056060994075], [59.90546153355698, 0.02259314604032836], [42.87435110576763, 59.995908032325396], [37.83826997950855, 70.70428996889746], [50.307980870015065, 17.214454101006147], [2.425295925490112, 52.46354097743302], [74.32347956611758, 70.47568164941153], [68.67369899028185, 42.452500232233184], [0.22561755670630346, 31.215806423428415], [25.276746569577902, 50.05479539701489], [68.14122984038737, 12.352328150743796], [90.07528770073019, 24.571562824323635], [3.4153758147225433, 54.03756379309262], [69.80981854236421, 74.70296190710957], [0.669000722799673, 35.78352855734672], [16.245882821482926, 3.314983346390976], [30.460158311607167, 92.41975869403225], [67.49003633710878, 76.55716124101166], [6.849719848910441, 77.33689459549129], [60.75158961486654, 72.27706033150628], [53.9793064979428, 43.31677847244942], [84.7382528415842, 69.02618630426578], [7.545497683490165, 23.86105960775655], [34.166683713467336, 57.80405766054449], [25.53631679517805, 45.355605917729456], [76.66173628684444, 48.743678893422256], [22.383265066941227, 75.01635632466764], [51.01260965780281, 70.67495004009928], [25.966003133073954, 14.785737868538707], [39.346864276957504, 7.29052109347027], [69.63623689675006, 21.273137333977754], [79.27197543132542, 5.382391181165325], [69.47896089875528, 45.39045124399076], [8.970551645442537, 75.4245825524118], [73.55737347566324, 1.98456678657436], [42.10087531968569, 37.36295400503447], [95.84665345018453, 13.20995769552088], [1.8176754531501804, 2.9325446449177117], [21.013149696747856, 13.857012978683125], [80.07086196825112, 66.95883498622986], [96.52677158582225, 51.09506944180865], [47.425243051962816, 88.03219012231234], [98.06646238348404, 77.50537180466341], [98.02749401393872, 54.18533273746144], [21.596981559257788, 19.82489496805807], [98.40358254777433, 44.4267703755611], [16.513853629544606, 96.262209036349], [85.58352606425967, 87.79466126137049], [33.39230914003776, 72.89518018365357], [59.961340041834454, 12.193031373658892], [31.938495136319432, 43.436621112324936], [58.47629134658209, 45.498697122534345], [46.47935901244389, 57.05472674016935], [40.27592017404452, 84.42713451504504], [48.651571336856826, 8.352974405778024], [86.83452334976596, 60.555940649929866]]","[[0.0, 21.480163901603248, 40.39463006291232, 59.38548043458872, 19.054131323839925, 47.982640461297954, 25.12178779469923, 27.650542111215408, 7.295543966240031, 42.33586359242507, 55.72290518879221, 55.70439805068422, 61.265416444614495, 38.043157730081695, 17.444226847846036, 65.82006437409265, 7.575906467396855, 9.911443901582588, 46.35756114598653, 34.06798049119856, 40.0558512645283, 38.16170859053432, 46.14143155147002, 14.970778799432281, 58.735908652229135, 65.7732708749902, 32.73581978121481, 37.0189349033295, 42.96381811621021, 60.87292924330374, 31.701194736674278, 35.635878346423276, 32.82548683719356, 27.72364178007989, 25.734813984456757, 49.99048177130367, 46.493836775429685, 3.514527444034538, 18.57042485245205, 43.09232500437083, 19.039433093515424, 18.330767888636302, 47.26384200840307, 53.958125870743835, 52.534715070234725, 70.9314701398501, 37.545046710581964, 30.042682602784787, 70.37383603870407, 24.672764971394248, 77.13596374231638, 67.15777838581113, 49.3816239945152, 45.07320651713004, 61.960579351563275, 29.50079563217906, 64.79721296114182, 63.02850883775783, 43.51796907814439, 65.1927260019349, 39.90135377534719, 56.85849221292104, 11.958865280374392, 54.73941273272347, 17.998033593276155, 27.873535309942742, 11.814713802545732, 23.832880548278112, 54.39362443477668, 51.457711984965094], [21.480163901603248, 0.0, 53.78191981765438, 80.54635170446532, 8.831494506544088, 61.77898614471366, 40.386569548076785, 26.20870752182084, 19.524007281616232, 62.41009767528449, 76.94750141192799, 69.35200305283016, 82.6817059730886, 49.80932194398914, 34.11082615739352, 87.23724230324859, 26.58960964313671, 15.482713146633287, 67.6894679652486, 36.21740297373334, 49.64491885908107, 57.27003958844022, 55.23695491794561, 30.20080814732035, 80.09971911704002, 85.15251746773612, 34.37563412180663, 44.506324728478454, 51.00643479159232, 77.51101438037782, 13.082495444675656, 42.00204276708173, 19.02606338291334, 35.99549978014697, 46.54892133985841, 60.1444817776827, 59.227443321218, 24.010118103993268, 34.89786764871407, 59.95796009293409, 6.172771094367254, 27.110126616800084, 65.46830560034932, 74.23707563986798, 73.57556997214793, 92.09162064078282, 56.00279377947501, 17.365241553180784, 91.7661102658116, 45.93670650035181, 97.06825659910258, 80.91057582158082, 66.55805023119682, 56.02027028301881, 76.63932106333995, 23.12210585822617, 72.46764379481192, 76.92791567195825, 60.564221403117294, 81.09554032388404, 18.432903299551587, 60.405195353598195, 10.680381995585215, 76.21943289443243, 37.34970088650098, 47.80570377371635, 31.176855186500738, 15.208917130635037, 75.48962781796843, 64.27609719064284], [40.39463006291232, 53.78191981765438, 0.0, 46.27518642041188, 56.58747964383682, 7.997492328374881, 57.94289205710996, 68.04468678651538, 36.430388620877345, 57.53471130763384, 58.473335117534326, 84.06496497827057, 52.16426258600619, 71.68358375132924, 51.492184071455384, 62.768320953574744, 32.907167240662694, 39.21828660548443, 50.43804425670042, 73.81437870164577, 9.83087503590294, 19.62849288678807, 81.1158493528676, 51.616752417622486, 48.99787562548671, 38.9050272032634, 72.66833772364711, 15.171695940909542, 79.14556596833637, 82.71937080580537, 55.28173442684139, 17.84377851046859, 70.890377356106, 18.93301966764353, 27.90972002839703, 12.199886308945107, 77.56240578061534, 41.71046363346577, 52.542962245296565, 12.041406763395601, 55.262197463528196, 26.67449455753193, 67.77638256141647, 64.69161501896377, 39.953179222377685, 55.480295325963176, 16.60111443052318, 68.39460309409823, 58.809408621688725, 40.99827441315713, 51.60645575569904, 93.87481205599369, 72.09565560318646, 7.549506818952828, 22.890763011580805, 39.34185599247427, 27.886806465795633, 23.20332753791818, 67.89748813479271, 27.904691490385495, 69.08389348835333, 28.767045305722913, 44.08581868804813, 51.06857068593863, 47.13044526335899, 23.061664853877513, 29.525899254077046, 42.667685397988315, 59.00207193235436, 11.063439077129988], [59.38548043458872, 80.54635170446532, 46.27518642041188, 0.0, 78.08624572237228, 44.68791224562738, 56.709246614361035, 79.60298879711863, 61.518407794579424, 36.14191644747742, 22.20270280991684, 66.2277630051257, 6.99190522003766, 65.34600830002306, 55.71684748024588, 19.152837561560702, 54.10529955624215, 65.84920416118456, 22.167509552856842, 79.49009417514527, 55.90560956186219, 28.084475801236213, 73.98446577502659, 58.905253424437525, 4.749020925643348, 20.359557475119786, 79.39083546579424, 60.14949463593302, 74.71658631228, 57.201030668294415, 88.35927852497042, 62.13934270560273, 90.67372901912836, 58.82024845111406, 34.069753564881545, 55.81881942671645, 65.43382249939634, 57.63563673029426, 55.985658373120046, 34.41255222632781, 78.37885429732265, 59.98168825144046, 46.35582415778401, 33.776328868114845, 7.187640725675817, 11.549158897285258, 30.91547618309212, 87.81940824697207, 12.68172860375926, 37.830768052087684, 23.566556632975313, 71.46365631479057, 51.31379432003595, 52.9233372463977, 43.78759553317828, 77.53217556969732, 67.96428471798072, 47.19457985559865, 50.9922758254038, 39.617656180922886, 98.90520178749149, 74.38059100208633, 70.09362983250067, 12.593454770793496, 49.618485591922735, 33.85339395599808, 49.6962323033154, 76.82394445295985, 24.481910856938185, 48.18746690469155], [19.054131323839925, 8.831494506544088, 56.58747964383682, 78.08624572237228, 0.0, 64.51551524378081, 33.00531740036828, 17.499016574361512, 20.287633552726742, 56.54898191768972, 72.21648511365153, 61.069361512204594, 79.51593023976365, 41.424269377670164, 27.531612094985892, 82.96440968642207, 25.872103291031195, 17.458579060754282, 63.27783969722751, 27.42210692827738, 53.84686946092986, 57.03821218495208, 46.50683399620274, 23.480462937889545, 77.13955402272391, 84.76888389967507, 25.588067614996852, 49.29917912807023, 42.23434557454212, 69.86916053157778, 21.761138265828308, 47.08239438290483, 14.343490595679093, 40.22077319940526, 44.7492484233607, 64.32607788813496, 50.87806649068744, 20.450870093420715, 28.14391309158427, 61.1616245786161, 2.6948072004772676, 30.566903332340953, 58.51868890811773, 68.39851444923254, 71.3559863029374, 89.60382214713738, 56.21708133694949, 11.808506492607387, 88.6658195039544, 41.69730490209946, 96.18960614278295, 72.57563487111611, 59.197059290205495, 59.843598909007945, 79.09718159120696, 30.77839413681324, 77.65596690045146, 79.75296139595179, 53.237800392134574, 82.96033876696619, 23.55635958132048, 66.69501032804617, 12.854981977374644, 72.51214844403059, 31.73397813517059, 46.8880155571407, 30.477161862678198, 22.780783204938157, 70.54319547137074, 67.46367025731954], [47.982640461297954, 61.77898614471366, 7.997492328374881, 44.68791224562738, 64.51551524378081, 0.0, 64.14831245097474, 75.59603816945899, 44.30785146680926, 61.04744521456662, 59.59456870055617, 88.93161275094369, 51.11044134570659, 77.69528345744396, 58.07163568658245, 62.4433661603504, 40.43588799888827, 47.18027066606356, 52.38173754528495, 81.01735732767311, 15.397680971151408, 21.26971241446147, 87.22522572089902, 58.51399012181674, 48.02382522717294, 34.052886172530414, 79.93737876972648, 21.494405530843025, 85.50777082883417, 86.4518863251654, 63.0616924733371, 24.400889827498528, 78.83280111937675, 26.68742924648466, 32.7248541727369, 11.189564441031036, 83.02631676608524, 49.09117675323673, 59.07620295781514, 11.313136164480728, 63.22552981116037, 34.67060862917435, 71.72305258230223, 67.0300241020457, 39.11056772139248, 52.7035410969629, 18.633816628950637, 76.31817333026741, 56.78510141206707, 46.01187223208756, 46.46301840881289, 98.27383210798936, 76.27091039754112, 9.570022477293982, 14.92827429806692, 46.795346220475416, 24.541782107390393, 15.238349191876054, 72.48739915312676, 20.29459597676112, 76.96566509689418, 29.950100612017646, 52.06114283611353, 51.33271858697677, 53.32787737571105, 27.72686960469445, 36.788859925508696, 50.49024692514897, 60.46454371883937, 4.434305306822069], [25.12178779469923, 40.386569548076785, 57.94289205710996, 56.709246614361035, 33.00531740036828, 64.14831245097474, 0.0, 25.24781617087515, 32.39800454179292, 25.91000903920928, 43.859385404105744, 30.59670359560981, 55.618328606347085, 13.886624236131771, 7.716875272652489, 55.380766766820706, 29.116239180374887, 34.653156770871206, 36.65427127690913, 22.874516970807232, 60.822918641608425, 47.08570816635799, 23.178845413699506, 10.627764619725447, 54.1257092735354, 70.15898953088195, 22.97097647601043, 59.323361599869685, 21.412059264275243, 37.14554115770746, 53.09058408398701, 58.592514007241164, 40.101864688190254, 50.661936663756485, 32.49383894570031, 69.41925153255448, 21.48209531408747, 21.71081548923105, 6.565042317009119, 55.69347246215248, 34.95854922899872, 42.41680898050067, 25.645825995795445, 37.24824947332588, 51.53614028253213, 67.25608686631809, 48.125925198834054, 37.5631983295155, 64.379247051639, 20.63012936365903, 78.90869951242675, 42.09657251295793, 26.21621677836108, 64.314994258758, 75.68620382060524, 54.454011673831566, 85.09666172001846, 77.67312673919434, 20.240699656640974, 76.87885360502663, 56.43076977115703, 79.78567207449808, 34.86692254405092, 47.3787646844119, 10.828092762456526, 37.22637689111664, 30.08658812550364, 48.11373625893209, 41.65153325987504, 68.3305961575956], [27.650542111215408, 26.20870752182084, 68.04468678651538, 79.60298879711863, 17.499016574361512, 75.59603816945899, 25.24781617087515, 0.0, 32.63645955826715, 51.15451119353447, 68.9118595958608, 47.44360542545515, 79.49573853515992, 28.108689940849555, 23.932517691817644, 80.3520746228848, 35.16345163187589, 31.594738946603762, 61.16790339718213, 10.160487842742706, 67.24689686503854, 63.742258986214374, 30.840740769253514, 20.75024965422221, 77.64572060623651, 90.09653697704489, 8.301141546160373, 63.547110564662034, 26.311220421376678, 58.43875901077538, 38.675028466638835, 61.7200313118977, 16.230926663394726, 54.18151315112099, 49.56185798922769, 77.41284786888568, 37.26920530268624, 26.645860841001042, 23.789062037180326, 70.03650985657575, 20.188564190799784, 44.32340659305574, 49.80315961858651, 62.43674251256417, 73.62769463447586, 90.69810138858317, 63.72410938549563, 14.348569467860575, 88.49582054223289, 41.78847376028461, 100.30453844449418, 58.49673425247461, 49.10378016401959, 72.57613594798019, 89.36278404232215, 47.9532568047332, 91.8094894713463, 90.56494977108193, 43.57076920197446, 92.19998751405703, 36.214026023971186, 82.29406026854656, 28.23153811380199, 71.57517991421855, 29.985657145992853, 53.099909653925046, 38.96385745732462, 40.02568044807096, 66.78350236460945, 79.10741835898412], [7.295543966240031, 19.524007281616232, 36.430388620877345, 61.518407794579424, 20.287633552726742, 44.30785146680926, 32.39800454179292, 32.63645955826715, 0.0, 48.204779673008204, 60.26311827224239, 62.962679764717876, 64.13520200185947, 45.318109988701046, 24.702834459960197, 69.78070229385294, 7.498977161233289, 4.34127033491815, 50.73498971769463, 40.10661804614021, 34.654075297739325, 37.7641382704723, 53.30461320055053, 22.25071605851084, 61.40999227096621, 65.65204432425531, 38.63352457218524, 30.960867428142986, 50.016565104470075, 67.79180902899289, 27.231285617744533, 29.28330181216316, 34.63093394776445, 21.583632800477318, 27.454729592377742, 44.93204927732618, 53.78822509584273, 10.697448853987856, 25.838565619478953, 41.02132263035913, 19.284149177172782, 11.788055708489376, 53.8971175565883, 59.57333250958344, 54.45213061851441, 73.02829918515252, 36.58404157841356, 32.05278485531425, 73.10717980661009, 29.583818968179884, 77.54477912388404, 74.39103401600629, 56.25508589802546, 40.21260920899385, 58.82085532457668, 22.482193202191908, 59.17322578364142, 59.53432774907579, 50.457262666730834, 62.69661918647318, 37.54142879557263, 50.28897018145438, 8.843830605611227, 58.24764453491525, 24.727651656381084, 28.337308802782857, 11.832725238911527, 17.57043898910379, 59.16575359959359, 47.39747918819419], [42.33586359242507, 62.41009767528449, 57.53471130763384, 36.14191644747742, 56.54898191768972, 61.04744521456662, 25.91000903920928, 51.15451119353447, 48.204779673008204, 0.0, 18.503547915202326, 30.741820236920358, 32.91434843971581, 30.360456785696307, 29.149832764882525, 30.05540287177827, 41.71843910985091, 51.94405446363398, 13.974546814717227, 47.85752079349921, 64.10194719871527, 40.007769472391246, 38.272594644616134, 33.20154174060472, 32.36448436664559, 53.96565374886468, 48.296181737170784, 65.13229562867726, 39.589968572827935, 25.42052169098478, 73.88108083009307, 65.60117150645166, 65.60062898950646, 58.770251204966954, 30.172115576081705, 69.70828994372282, 29.31956187298324, 39.08957187993106, 28.718809879211886, 50.171072208305354, 57.962442538456806, 53.90765988494041, 11.192185812749411, 11.855661880116166, 33.308351993972494, 44.89610172827538, 42.437538129512696, 62.94604583243074, 40.75727954685045, 19.431915287761985, 59.68573246227419, 38.05972464450805, 16.175422379192803, 65.01170375696556, 68.24187152091125, 70.1214072622653, 85.14011857178811, 71.05550547095227, 14.861182745535803, 67.07887718741117, 79.99918027139086, 84.73489672690408, 54.2003229550936, 24.44408577108086, 25.061254637600108, 34.64581213022407, 39.57463226896205, 65.76063535608003, 16.071464659039687, 65.47330151412325], [55.72290518879221, 76.94750141192799, 58.473335117534326, 22.20270280991684, 72.21648511365153, 59.59456870055617, 43.859385404105744, 68.9118595958608, 60.26311827224239, 18.503547915202326, 0.0, 45.52835497741651, 16.747298225025606, 48.7302066728778, 45.78844745223553, 11.574457796286278, 52.97792001141412, 64.43013573451266, 9.578095485339295, 66.235016105954, 66.9081868723495, 38.903687735347546, 56.16938464617796, 49.68873177235912, 17.548057389503807, 42.36197438201502, 66.59489507729803, 69.55106188895341, 57.84323688055695, 35.251961236494864, 87.24667506555653, 70.77073630249821, 82.59122832272607, 65.29504486674405, 35.742442795533464, 69.90229713061116, 46.58153846406672, 52.94721836584929, 45.60042313180793, 48.30254837483413, 73.25332125073973, 62.994811535212925, 26.24074469953936, 11.886027116929023, 22.88402175993535, 28.139482049849466, 41.89502263720383, 79.84250123405242, 23.045865984477928, 31.053580494520364, 44.96146893572065, 49.63642061942161, 30.838212472695922, 65.92358065130182, 62.74503986722464, 80.44155233952844, 84.08029091982281, 65.97751969437839, 32.02177668076685, 59.79938241966406, 95.14034979154103, 87.17043286338208, 67.60926255305581, 9.831606917035685, 40.62667728769911, 38.50682410672877, 49.60190904100722, 77.5239362295791, 2.6612847115042695, 63.74750150943805], [55.70439805068422, 69.35200305283016, 84.06496497827057, 66.2277630051257, 61.069361512204594, 88.93161275094369, 30.59670359560981, 47.44360542545515, 62.962679764717876, 30.741820236920358, 45.52835497741651, 0.0, 61.97215672109322, 19.693564209048915, 38.26210547066002, 55.52042802982869, 59.11319893922093, 65.23194198841645, 44.3466142130175, 38.92316811570315, 88.74878910532536, 68.85777364139885, 18.461077702211348, 41.090113664767955, 62.05645593753155, 84.67454446428344, 40.412616578517586, 88.19640667265186, 22.72769417390963, 14.528877713129775, 82.38929768516088, 87.85220053306875, 63.62711766279528, 80.10265820256431, 56.29180830281112, 96.1427848754681, 10.249345753132431, 52.265383129027505, 37.1343514592638, 78.77856829643729, 63.42797928117934, 72.53754247380807, 19.89516107378295, 33.86201809008261, 63.984581324805006, 73.64508176695328, 70.85416946316862, 61.7771261628926, 68.46984260820608, 43.07373826349279, 89.74835070973205, 11.600859226113514, 14.914114249281718, 91.14121673709934, 97.84876795080612, 85.03506901623811, 111.92495600344965, 100.4421652963081, 16.658504253506045, 97.27931598703536, 83.20233424287548, 108.65353502779857, 65.1711146785295, 53.883096976819274, 39.3835601701283, 61.266301733229454, 59.23611054344104, 78.53873049500179, 42.88825978481155, 93.33947452692765], [61.265416444614495, 82.6817059730886, 52.16426258600619, 6.99190522003766, 79.51593023976365, 51.11044134570659, 55.618328606347085, 79.49573853515992, 64.13520200185947, 32.91434843971581, 16.747298225025606, 61.97215672109322, 0.0, 62.97516071165952, 55.585197640291916, 12.163552248378469, 56.64258805726598, 68.47447022115688, 19.34356741585511, 78.49081649703388, 61.62616939381811, 33.27679903789402, 71.17601956261827, 59.05624087231769, 3.1764862179942424, 26.98577819319348, 78.55474408641463, 65.54605792335342, 72.30722589394213, 51.992609647597504, 91.27047044784489, 67.37389086902085, 91.50204781191017, 63.49686166294848, 36.86413788253359, 62.1638293785782, 62.119271572292455, 59.179432607307575, 55.709466960911236, 40.51648028813331, 80.03846516688127, 63.768794745083696, 42.31248311960204, 28.62198743370699, 12.21176239369365, 11.98495870715445, 36.24004353191397, 88.66308054344188, 9.152953373890297, 38.20906376852141, 28.229019760490683, 66.38350301112935, 47.125174304371434, 59.041074503915404, 50.750696473919106, 81.46419859306225, 74.68186220855993, 54.15133847082365, 47.51581491948322, 46.60589299829321, 101.11222640381813, 80.57319432509794, 72.45858494616631, 8.495315038245185, 49.667632291305104, 37.51850849197146, 52.446727229033904, 80.1553080656488, 19.27249274753672, 54.74763822078943], [38.043157730081695, 49.80932194398914, 71.68358375132924, 65.34600830002306, 41.424269377670164, 77.69528345744396, 13.886624236131771, 28.108689940849555, 45.318109988701046, 30.360456785696307, 48.7302066728778, 19.693564209048915, 62.97516071165952, 0.0, 21.243250316674175, 60.16239626959883, 42.76023160140043, 47.01142658548556, 43.652570586655116, 20.677823670786285, 74.709491697631, 59.768987448194004, 9.601491453230944, 23.07244182540022, 62.06389399491136, 80.88159650297841, 21.8572178278697, 73.15716770942788, 9.37069049523805, 30.494771504376775, 62.87925452409649, 72.36003309802456, 44.33861792867904, 64.40485215247361, 45.50118034840675, 83.25231288989886, 9.460774127480544, 34.81908896346454, 20.078037205458198, 68.82328329605099, 43.822773824383056, 55.89575497287079, 24.52241248091946, 39.34128492486083, 61.14510831221315, 74.93787440562836, 61.0877771354754, 42.34356511850053, 71.0798927307258, 32.738265806228625, 88.46534701035796, 31.152694792509664, 22.339314172521668, 78.14991404737796, 88.73037598119343, 66.68232043490023, 98.9531867029035, 90.86782305314735, 17.853874747050636, 89.48196266085559, 63.54836521135669, 93.59455648058837, 46.35477746180412, 54.48350879709323, 24.580702146376655, 50.38594154465444, 43.94758121380998, 59.78496967947733, 46.18872478163984, 81.93343665664705], [17.444226847846036, 34.11082615739352, 51.492184071455384, 55.71684748024588, 27.531612094985892, 58.07163568658245, 7.716875272652489, 23.932517691817644, 24.702834459960197, 29.149832764882525, 45.78844745223553, 38.26210547066002, 55.585197640291916, 21.243250316674175, 0.0, 57.01566100310801, 21.524053495831744, 27.08965639345266, 37.53879537324714, 24.78645022742247, 53.74863061566573, 42.440794606218915, 30.130518986952154, 4.061038369468059, 53.71335507324235, 67.23777251186621, 24.294792903868665, 51.962915899263244, 27.735675664825273, 44.02133090510689, 46.44749385327806, 51.12160781318798, 36.80460636599983, 43.162664000740534, 27.730154716165003, 62.66823814345366, 29.190754988323107, 14.007624382416017, 1.1696719358914198, 50.33425094467704, 29.143142770714096, 34.74918094541701, 31.367747224144885, 40.961822760684456, 49.8873637608993, 66.76892591403958, 43.09133957893241, 34.06693803287866, 64.6141476398236, 17.99771450055383, 76.86812821036878, 49.717287203459684, 32.73881908389764, 57.56869649494792, 70.30652969421425, 46.865449645947166, 78.23055250738983, 72.08237197555192, 26.759207450495946, 72.0298862156767, 51.07642351010101, 72.37121351359843, 27.64500762860886, 47.747861062677764, 6.172785520374877, 32.088587355845284, 22.854089297363092, 40.71602598379381, 43.86390886780507, 62.133183182258755], [65.82006437409265, 87.23724230324859, 62.768320953574744, 19.152837561560702, 82.96440968642207, 62.4433661603504, 55.380766766820706, 80.3520746228848, 69.78070229385294, 30.05540287177827, 11.574457796286278, 55.52042802982869, 12.163552248378469, 60.16239626959883, 57.01566100310801, 0.0, 62.34466473446671, 74.04635851168752, 19.689380848110464, 77.8075989077265, 71.91325972066, 43.32642384781453, 67.34018363258197, 60.847096579367964, 14.827347871079368, 38.895633729542475, 78.15847259589445, 75.33428015218037, 69.19395053670526, 43.78354310179973, 96.9755746728814, 76.90946553210779, 93.7678672804523, 72.2594212610754, 43.697892358597706, 73.33596248017702, 57.53119412654906, 63.25489961349114, 56.88866457393573, 51.5220044254045, 83.85690039210459, 71.20981919068173, 37.01131284641967, 21.80547403309758, 23.372497030749763, 20.09450908904688, 46.36695416448248, 90.99354401136871, 13.792173151507846, 41.36793250003046, 38.28414632911057, 58.160628516625586, 41.27957233447827, 69.90782392822639, 62.84519221806837, 88.89007263622949, 86.3703825077168, 66.23361473212357, 43.12390051226314, 58.769348108142346, 105.56938620267574, 91.45107401930876, 77.54586508252062, 12.170566505301494, 51.64231824503579, 45.49855558481206, 58.59116393455603, 86.65705682572447, 14.001617638400674, 66.25300393437156], [7.575906467396855, 26.58960964313671, 32.907167240662694, 54.10529955624215, 25.872103291031195, 40.43588799888827, 29.116239180374887, 35.16345163187589, 7.498977161233289, 41.71843910985091, 52.97792001141412, 59.11319893922093, 56.64258805726598, 42.76023160140043, 21.524053495831744, 62.34466473446671, 0.0, 11.833493009663954, 43.42247864815523, 41.14441175210509, 33.149258452957405, 31.19899851768522, 51.45103227299977, 20.211417709800948, 53.928896381463495, 59.015359431739064, 39.90629771217201, 30.689034518924817, 48.65728024447587, 62.62429677385389, 34.7191341260587, 29.668283860895755, 39.98104391053881, 21.689222173855956, 20.037799208928334, 42.826769598170536, 50.53568199598509, 8.979291701866352, 22.692418993175316, 35.61179661248264, 25.406661999434586, 13.426585212315638, 48.268537551952434, 52.82329955333981, 47.07070746915111, 65.63096281021924, 30.350035094428545, 37.249316977532665, 65.62593675432366, 22.646166845475634, 70.67524293970453, 70.29849256369279, 51.0559473892782, 37.84260525001234, 54.38572561787712, 28.40323451537284, 57.90294007117988, 55.45838041185864, 45.4580767898102, 57.67056087741147, 44.834366458202624, 50.95924162234392, 16.009382932327306, 50.764950583497594, 19.844468475709146, 21.29764455147353, 4.6525938357573215, 24.56901851431752, 51.965073531695154, 43.96373937979778], [9.911443901582588, 15.482713146633287, 39.21828660548443, 65.84920416118456, 17.458579060754282, 47.18027066606356, 34.653156770871206, 31.594738946603762, 4.34127033491815, 51.94405446363398, 64.43013573451266, 65.23194198841645, 68.47447022115688, 47.01142658548556, 27.08965639345266, 74.04635851168752, 11.833493009663954, 0.0, 54.92409517567648, 39.834704155047945, 36.48592578436959, 41.82089556194521, 54.534869166427, 24.170095085713736, 65.75120397648467, 69.69171065631063, 38.245462529551354, 32.220634611634864, 51.000138770793306, 70.76404334295961, 22.93464875982037, 30.223887080480765, 31.690403647307907, 22.96723368900971, 31.790074643786248, 46.929994932582716, 55.78476749118286, 13.412551558836828, 28.176121721688354, 44.60414750810881, 16.045282580996986, 13.174372349015355, 57.16498219254062, 63.43171083724917, 58.775416211939444, 77.35439488938323, 40.52065834655069, 29.251090986302575, 77.44840029867707, 33.61271319220289, 81.67356240817726, 76.74954523833146, 59.28488486732109, 42.39835208017869, 61.87779691031579, 19.803186016868064, 60.610971567753936, 62.41489115492263, 53.40872854881692, 66.02018723443541, 33.285702031428045, 50.711835595973554, 4.956467261994364, 62.55395759967118, 27.898621974427737, 32.57682975190212, 16.154844351158623, 13.937668417230112, 63.28201986896854, 50.03620527400384], [46.35756114598653, 67.6894679652486, 50.43804425670042, 22.167509552856842, 63.27783969722751, 52.38173754528495, 36.65427127690913, 61.16790339718213, 50.73498971769463, 13.974546814717227, 9.578095485339295, 44.3466142130175, 19.34356741585511, 43.652570586655116, 37.53879537324714, 19.689380848110464, 43.42247864815523, 54.92409517567648, 0.0, 59.45796534627237, 58.42518752717459, 31.213115425971814, 52.00270167888256, 41.29225965046862, 18.484183444109707, 40.44212829877968, 59.622628391132494, 60.706261640551304, 52.998479942548954, 36.78888161831261, 77.78029248620682, 61.78009324028854, 74.18442088465319, 56.044264367646484, 26.35924827187453, 62.20851406309678, 43.27594404562643, 43.68131626927539, 37.4907957585384, 41.09272977767199, 64.19384435719803, 53.465139369334594, 24.46284003715814, 14.786159856590956, 19.74979469818921, 31.287548543896623, 34.07951423162943, 71.39469244436656, 27.793591422158066, 21.755887246832213, 45.714403548831555, 50.54980372991318, 29.48659940312029, 57.96837517924707, 57.30682953281402, 70.87638473081874, 76.9146755438878, 60.36553488410924, 28.829427377987923, 55.26026653728779, 85.96854422556618, 78.9045609046216, 58.193497980162405, 10.881269664284085, 32.01624663963505, 29.44010358919379, 40.02381377743915, 67.9572413378248, 9.01496061724497, 56.6804442625107], [34.06798049119856, 36.21740297373334, 73.81437870164577, 79.49009417514527, 27.42210692827738, 81.01735732767311, 22.874516970807232, 10.160487842742706, 40.10661804614021, 47.85752079349921, 66.235016105954, 38.92316811570315, 78.49081649703388, 20.677823670786285, 24.78645022742247, 77.8075989077265, 41.14441175210509, 39.834704155047945, 59.45796534627237, 0.0, 74.12007840260648, 67.00053615783352, 21.361292297132604, 22.97805152336386, 76.9902160325265, 91.98088662049949, 1.859517682432595, 70.95960633762952, 16.772220698918396, 51.05476803748646, 48.810376388886816, 69.38244001357151, 25.26379320812903, 61.599773414628956, 52.359137411030154, 83.96275422169771, 29.05715757856085, 32.18752580036778, 24.179371920132965, 74.32957992245737, 30.115610774772218, 51.88817279274676, 44.42726350953652, 58.342128303387874, 74.09555901458505, 90.12239908708136, 67.42568193740583, 23.87571575152197, 87.2232726510833, 42.452082718944304, 101.33308365103073, 49.53472317809045, 42.848247478046524, 78.98700826403176, 94.11142563895149, 57.359602887196345, 98.86519110700858, 95.6177015317136, 37.852803639430746, 96.31417956176782, 46.008812002871586, 90.35252791333853, 37.09997018978772, 70.22898487309628, 30.862828935617348, 56.482060316691644, 44.29265696678464, 49.54130668283718, 63.8953098566705, 84.79625349520194], [40.0558512645283, 49.64491885908107, 9.83087503590294, 55.90560956186219, 53.84686946092986, 15.397680971151408, 60.822918641608425, 67.24689686503854, 34.654075297739325, 64.10194719871527, 66.9081868723495, 88.74878910532536, 61.62616939381811, 74.709491697631, 53.74863061566573, 71.91325972066, 33.149258452957405, 36.48592578436959, 58.42518752717459, 74.12007840260648, 0.0, 28.58703757466276, 83.85601324368766, 53.128096267108766, 58.451214132833734, 48.53151125420922, 72.78853547281216, 6.184095262402897, 81.41577083000583, 88.78945117626162, 49.046238069974706, 9.147695905917248, 67.82171107740396, 13.690915309254327, 33.93363227836729, 10.515157589640433, 81.43845438368082, 42.10864884636716, 54.87445176039202, 21.857433250003297, 52.1383122926602, 23.311721596096294, 73.75510399483649, 72.21999814155343, 49.4253033471092, 65.28111576337717, 25.54874058758021, 65.54003973108854, 68.49539936153512, 46.203343563781864, 61.17687597456238, 99.09170997856391, 77.76673397299604, 6.737997842733872, 29.471924030401656, 32.1208050542082, 24.761780564906957, 28.76205431841729, 73.11351300209395, 35.47389375526919, 63.3000619715634, 20.657582190076656, 41.00261803355965, 60.02614742660622, 50.27521954047009, 29.580113767888836, 30.909821741372525, 36.79509936959997, 67.21813466178439, 15.966448510960854], [38.16170859053432, 57.27003958844022, 19.62849288678807, 28.084475801236213, 57.03821218495208, 21.26971241446147, 47.08570816635799, 63.742258986214374, 37.7641382704723, 40.007769472391246, 38.903687735347546, 68.85777364139885, 33.27679903789402, 59.768987448194004, 42.440794606218915, 43.32642384781453, 31.19899851768522, 41.82089556194521, 31.213115425971814, 67.00053615783352, 28.58703757466276, 0.0, 69.36427855669099, 44.05780715352621, 30.104881377126578, 27.888275707127697, 66.27867259831699, 32.27046708492603, 68.33091664577412, 65.4249274834826, 62.904702601546056, 34.125195381128755, 70.98679713132606, 30.858778363233952, 14.719787620594987, 31.05206405210984, 63.892868612209675, 37.767769576572164, 43.23495998919877, 10.167972698541032, 56.5968991767212, 33.29295345215449, 50.88611819662523, 45.786766770077186, 21.201223832538226, 38.555368609038645, 3.046309716480849, 68.20281530412237, 40.761549453393414, 27.05583927043085, 39.918614055242124, 77.66308500710547, 55.58084067580597, 27.02694520328442, 29.163121498816707, 50.289213656990796, 45.7453641953155, 31.611780096770943, 52.23242138817432, 29.795364051155644, 74.94087155644617, 48.39270418631357, 46.5997127929939, 31.488738527442138, 36.74838358484367, 10.642670630357156, 26.567155399871663, 50.67843490945376, 39.54318218554407, 25.642739642501642], [46.14143155147002, 55.23695491794561, 81.1158493528676, 73.98446577502659, 46.50683399620274, 87.22522572089902, 23.178845413699506, 30.840740769253514, 53.30461320055053, 38.272594644616134, 56.16938464617796, 18.461077702211348, 71.17601956261827, 9.601491453230944, 30.130518986952154, 67.34018363258197, 51.45103227299977, 54.534869166427, 52.00270167888256, 21.361292297132604, 83.85601324368766, 69.36427855669099, 0.0, 31.344322777282173, 70.48660301370279, 90.09500096006516, 23.043592757736484, 82.05543077014644, 4.58919100982539, 32.17304504596904, 68.26456788262938, 81.11929789242102, 46.5943505733558, 73.13972837035172, 55.09893464779876, 92.58515188478128, 10.376557511676053, 43.11532298041652, 28.992506371119593, 78.42006477842354, 49.086143817158494, 64.31440415364116, 30.5371020618927, 45.85729192905612, 70.11911826164656, 83.16063994656096, 70.68908062664852, 45.06539425145321, 78.94309214152094, 42.3240432391095, 97.3015575093952, 28.328034615507544, 27.082267304097574, 87.48043864762322, 98.331568509271, 73.86410565024985, 108.23841637607799, 100.46295923198166, 24.21751562637342, 99.06282036330245, 67.054762151891, 102.40673493260478, 53.26536987225729, 62.691486753899675, 33.986098864681104, 59.97617830186522, 52.98167986945209, 66.59934066500986, 53.551676793398116, 91.44367686778679], [14.970778799432281, 30.20080814732035, 51.616752417622486, 58.905253424437525, 23.480462937889545, 58.51399012181674, 10.627764619725447, 20.75024965422221, 22.25071605851084, 33.20154174060472, 49.68873177235912, 41.090113664767955, 59.05624087231769, 23.07244182540022, 4.061038369468059, 60.847096579367964, 20.211417709800948, 24.170095085713736, 41.29225965046862, 22.97805152336386, 53.128096267108766, 44.05780715352621, 31.344322777282173, 0.0, 57.08625020554118, 69.62934780018773, 22.221205533859784, 50.89918085433908, 28.446620412074324, 47.604270087506904, 42.680884157255164, 49.84312618934102, 32.92215440155305, 41.86040549142577, 29.482839390348907, 62.414616886523994, 31.630823284541, 11.793305221661518, 4.706352989762354, 51.401713927938054, 25.128703889198523, 32.97765040751951, 35.275791891285515, 45.01945544993102, 52.87861782369194, 70.07930106855194, 44.447630510302616, 30.158217673033004, 68.13050574525795, 21.07449041185554, 79.6093827534602, 52.63871705873099, 36.448013804580555, 57.342319771324775, 71.25761878496724, 43.96405812196217, 77.79380999399223, 72.86791195330079, 30.453038444066955, 73.3430896937411, 47.03098306345516, 71.14214734234358, 24.239338543713696, 51.347192710955454, 9.39037405160275, 33.51071179320174, 22.328229065719736, 37.50243865752991, 47.806111606008706, 62.44704903950449], [58.735908652229135, 80.09971911704002, 48.99787562548671, 4.749020925643348, 77.13955402272391, 48.02382522717294, 54.1257092735354, 77.64572060623651, 61.40999227096621, 32.36448436664559, 17.548057389503807, 62.05645593753155, 3.1764862179942424, 62.06389399491136, 53.71335507324235, 14.827347871079368, 53.928896381463495, 65.75120397648467, 18.484183444109707, 76.9902160325265, 58.451214132833734, 30.104881377126578, 70.48660301370279, 57.08625020554118, 0.0, 25.108018444888923, 76.98762920047493, 62.37295662446044, 71.42494560439397, 52.676376520460074, 88.49099719949692, 64.20813535003073, 89.32884793305641, 60.37864117052276, 34.04933562468807, 59.0541054500683, 61.67895634152754, 56.74618489345609, 53.892438792048154, 37.37551924697182, 77.59234348304129, 60.78583596042725, 42.245369339939984, 29.235891963227317, 9.04521324139158, 13.132917374676639, 33.06519472056774, 86.4828216084469, 11.697225636120038, 36.105837051467745, 27.718694518941195, 66.98914977706048, 47.15209448642488, 55.894424690483625, 48.02852259780856, 78.46396380921529, 71.69685237252725, 51.411954436722574, 47.14028322883371, 44.09739034704247, 98.52032320619105, 77.43241777663971, 69.80633511450084, 8.181440739848922, 47.71657226765694, 34.52669709229538, 49.674350397507816, 77.27388430286587, 19.895768870833116, 51.70132957864298], [65.7732708749902, 85.15251746773612, 38.9050272032634, 20.359557475119786, 84.76888389967507, 34.052886172530414, 70.15898953088195, 90.09653697704489, 65.65204432425531, 53.96565374886468, 42.36197438201502, 84.67454446428344, 26.98577819319348, 80.88159650297841, 67.23777251186621, 38.895633729542475, 59.015359431739064, 69.69171065631063, 40.44212829877968, 91.98088662049949, 48.53151125420922, 27.888275707127697, 90.09500096006516, 69.62934780018773, 25.108018444888923, 0.0, 91.53242890463524, 54.07260317578795, 90.10656095301024, 76.82853113216136, 90.318001167299, 56.679767306324734, 98.54275915144271, 55.99726566394732, 40.67312341936282, 44.773848280342875, 82.53284833998208, 65.03976255218056, 67.80306197257065, 27.64443084584908, 84.42089267204976, 60.42694042108325, 64.85185223138957, 53.591112568830525, 20.703487833769557, 22.021259372271665, 29.28540238351353, 95.72882442641401, 27.982385179894344, 49.65041723535143, 12.743419231776524, 90.87163048725847, 69.88834297703599, 43.551915865598836, 27.296850507107475, 76.46095425507113, 53.53360632329365, 30.66289212902298, 68.64261990733543, 21.531134711436348, 102.71724946135956, 63.38245891868968, 74.48578423567044, 32.55883727158892, 61.12100354122969, 37.90041583577695, 54.366910305606346, 77.86312650080912, 44.48558067154807, 36.13001523767271], [32.73581978121481, 34.37563412180663, 72.66833772364711, 79.39083546579424, 25.588067614996852, 79.93737876972648, 22.97097647601043, 8.301141546160373, 38.63352457218524, 48.296181737170784, 66.59489507729803, 40.412616578517586, 78.55474408641463, 21.8572178278697, 24.294792903868665, 78.15847259589445, 39.90629771217201, 38.245462529551354, 59.622628391132494, 1.859517682432595, 72.78853547281216, 66.27867259831699, 23.043592757736484, 22.221205533859784, 76.98762920047493, 91.53242890463524, 0.0, 69.53618269882885, 18.459479367885415, 52.32018804651459, 46.95330814455477, 67.91681964193673, 23.551083516151973, 60.1674384273639, 51.68797078652655, 82.69261836892403, 30.457828410746522, 30.981113820147854, 23.763678638005022, 73.43741920671627, 28.282336515346476, 50.42121865489718, 45.26849490388055, 58.96064674231482, 73.88308388014089, 90.11964007523574, 66.62709531108247, 22.096709029212615, 87.34651872414841, 42.12612590225344, 101.0466946761859, 51.1299875667958, 43.865228933088176, 77.73688189450624, 93.15787833269768, 55.61027812826324, 97.51700467874886, 94.61223359483368, 38.74374137304254, 95.4731730303097, 44.20962323956448, 88.83212563545534, 35.41505650883458, 70.34494270219332, 30.429398968020642, 55.71908706380734, 43.16954853948369, 47.77264634840832, 64.29148538340283, 83.67343313334939], [37.0189349033295, 44.506324728478454, 15.171695940909542, 60.14949463593302, 49.29917912807023, 21.494405530843025, 59.323361599869685, 63.547110564662034, 30.960867428142986, 65.13229562867726, 69.55106188895341, 88.19640667265186, 65.54605792335342, 73.15716770942788, 51.962915899263244, 75.33428015218037, 30.689034518924817, 32.220634611634864, 60.706261640551304, 70.95960633762952, 6.184095262402897, 32.27046708492603, 82.05543077014644, 50.89918085433908, 62.37295662446044, 54.07260317578795, 69.53618269882885, 0.0, 79.34213874748302, 89.24874616988365, 43.15414984291935, 2.9697549814189586, 63.01516983152838, 9.37744686774978, 35.15249098119088, 15.97134721528432, 80.38497795878142, 39.44624221856243, 53.11694890075578, 26.848336100433443, 47.42758891845666, 19.2239418811702, 74.24522803609813, 73.97586605798327, 53.43010653651491, 69.96337569587358, 29.314377840162127, 60.843546353829474, 72.81489653144041, 46.49797548974205, 66.77803784915783, 98.86315954820219, 77.99579726773376, 12.855369071116971, 35.65288440757008, 26.052591899817504, 28.3952711273867