instance_id,num_cities,city_coordinates,distance_matrix,best_route,total_distance
209,76,"[[77.63064058163378, 78.21869119175646], [40.42918448281476, 31.853165834348964], [12.484015867606823, 40.07826710434772], [3.657485578561448, 66.84727340590938], [97.95497938777515, 50.4735315446036], [87.55036586402024, 74.52284133632907], [76.70332792432313, 36.10395744343358], [70.9185534001701, 36.6788271658143], [94.03611503462697, 79.33752127047569], [26.1533168548193, 88.0794693210662], [71.12656977600254, 6.874911962088969], [94.27250633972918, 58.29050389456539], [50.01059412836517, 11.684041008301593], [95.28811013185063, 13.655473277931552], [71.26136000345672, 68.9553596893009], [74.3003739797225, 9.841982215640943], [31.018407954095718, 51.667906273787835], [56.987695573751616, 51.86394164555795], [57.18216135198355, 22.412634895732943], [17.16298386733981, 95.18691599261876], [72.89994826572084, 90.8947925524731], [70.88069744484038, 41.0660845922014], [30.902768081033493, 63.54460045837993], [57.69244306699529, 16.60919505963815], [68.75301629692892, 45.36768897733826], [79.4730342478347, 40.850422734979084], [2.3345055601040166, 25.05521162524985], [37.94788331039991, 81.99669747602655], [77.61706977182146, 46.166770348753204], [98.29622581571289, 12.380941508833809], [44.79128077925062, 80.23257322035086], [51.14861009727858, 54.40914697240683], [73.16681056978832, 44.136685997144575], [3.8674845794196333, 5.797334722775249], [48.02668503168458, 69.99422424011684], [67.06846151108239, 14.542738031400448], [87.31058135629435, 37.87121391335998], [19.191431061540765, 77.36126208651858], [54.16683152823934, 8.986906757674994], [61.77784561554931, 80.73836696716324], [57.113393639029056, 88.6961135507357], [66.98478560922109, 54.57953669420155], [12.117218845843968, 19.76357466855746], [21.53066865896427, 2.3307921853611413], [84.97774714698343, 13.349961631276852], [11.54053463046999, 26.916267842456463], [28.86963940972287, 79.21424814916722], [24.38924242898606, 71.73198285754046], [83.86296894567037, 72.88845695074782], [85.09667575398619, 53.60887327370728], [20.053925962292563, 55.3757362933038], [82.98306994997652, 99.90034633411504], [42.75320103333081, 12.499506344359501], [8.876526249085593, 97.17606709416464], [37.12321365446116, 89.18820666114902], [89.88530371518387, 31.70218162495949], [16.931513131749742, 70.32520297807727], [25.806157510885363, 85.89839025851063], [67.22069162935902, 58.21171008892453], [80.25552868943244, 5.563848288052986], [92.09909416446348, 61.225095452179815], [40.4197649925796, 73.004641829783], [10.243052531179387, 89.96959868546864], [41.25880457562957, 5.723781219951074], [57.45993289067136, 85.17834987486374], [66.35731007689623, 11.941718757573593], [57.80567637904962, 3.909688434697023], [28.031630092969973, 27.920882534149293], [67.6182835404632, 45.64080485558127], [57.47460180532872, 88.15244834744992], [71.195035262771, 76.59507263823282], [36.95924654379651, 95.07937788546225], [1.9945413773720833, 74.75126547859429], [71.67787444355697, 13.206730500553531], [88.83822799394324, 76.5425346990383], [59.59154612617884, 51.41884965246967]]","[[0.0, 59.445018946424405, 75.49022891207615, 74.84207909704837, 34.39291542967568, 10.585851681932809, 42.12494163149113, 42.07864562489308, 16.44358150686337, 52.413259805041044, 71.63963827251084, 25.963134342031886, 72.039757364357, 66.93426131888569, 11.241754560918377, 68.45776074371848, 53.64368005910812, 33.47691745428928, 59.43446998266564, 62.80332922234536, 13.53007743861801, 37.760798581217095, 48.97778075090504, 64.75539926358448, 34.029407274181125, 37.41365929549047, 92.17300856974784, 39.86219457244733, 32.05192371594918, 69.00489617685234, 32.90105276515441, 35.61168817266999, 34.37308331325841, 103.3724143870802, 30.725169500622464, 64.54600404051553, 41.49241106674396, 58.445499347715725, 73.09986532970687, 16.051787260298617, 23.037660501714605, 25.925737278868553, 87.80096283795658, 94.37255991721939, 65.28347455270165, 83.66505092418733, 48.771163292898265, 53.6350991633459, 8.200811783061232, 25.717403040632576, 61.942543173894656, 22.332547321236376, 74.40058498729603, 71.3197752293031, 41.96643785090024, 48.1036633822696, 61.2102216084598, 52.390407741362296, 22.553188910618395, 72.70224367198233, 22.31856727567106, 37.574400498919, 68.404465133378, 81.10747454006834, 21.337626337988045, 67.22890044995889, 76.90810813160347, 70.63944646733754, 34.08175423379243, 22.470990863337654, 6.637254931635605, 44.02777587801061, 75.7155370047206, 65.28392189206427, 11.33223350415259, 32.3054242396491], [59.445018946424405, 0.0, 29.130477851112193, 50.76165289896504, 60.464329142323194, 63.56970144813287, 36.52235906563251, 30.86889412117955, 71.61331590124308, 58.010323221927315, 39.575783382587545, 59.98363236998444, 22.32928586060304, 57.79842331538409, 48.24101819184693, 40.39492149060217, 21.93596712150671, 25.97336016219591, 19.229816909733458, 67.47206829636741, 67.38148251684282, 31.814658786716596, 33.09228970605322, 23.030387359411044, 31.38282626559658, 40.06710416550445, 38.696469395197155, 50.204886425607505, 39.84743513029533, 61.055401012576475, 48.575662045103556, 24.973553423660903, 34.96622698262279, 44.89614944224924, 38.890388927115055, 31.769513551672148, 47.26607954432004, 50.21980679850899, 26.675620901981596, 53.34349277986995, 59.24089415476594, 34.95265202590999, 30.78515247298605, 35.05316599416917, 48.2383975814283, 29.30745727752122, 48.75136101000498, 42.98371538454267, 59.75273006125662, 49.68395699465901, 31.120129832226073, 80.25741051342278, 19.49269577512386, 72.54413601811068, 57.43027380858248, 49.45634970110303, 45.080352715025114, 55.98856312569358, 37.58400870588116, 47.720707349262696, 59.434752594627206, 41.151477073485225, 65.48833735513709, 26.142551708384076, 55.97876065336282, 32.69148851786484, 32.90562869487186, 13.006237226891912, 30.485178322365556, 58.823086141315414, 54.29894841211902, 63.32135784735654, 57.597471678280755, 36.38914913707115, 65.88304169652912, 27.386348552184558], [75.49022891207615, 29.130477851112193, 0.0, 28.18665172233984, 86.10079632528839, 82.59167994299733, 64.34217262665867, 58.53333553232928, 90.5098553541443, 49.90957026191778, 67.38999867637673, 83.79166272733467, 47.05822087111037, 86.91767403995041, 65.48788177841826, 68.81493336563196, 21.859630053903537, 46.0378065482974, 48.062446578098324, 55.306924736720475, 78.94557711584264, 58.405035764239706, 29.831514111458954, 50.937208722918605, 56.51706284889123, 66.99346839703423, 18.130216639912447, 49.046542691299095, 65.41700530172919, 90.17137695145695, 51.53763348979868, 41.234996844160285, 60.81835526201377, 35.34723378696348, 46.45692437792518, 60.26213530269961, 74.85910757296463, 37.8815408005587, 52.00124815429842, 63.89933780621886, 65.996032860687, 56.396992137401064, 20.318003563734504, 38.8164113422003, 77.2641144922289, 13.195771345959853, 42.42774647803509, 33.818517715324134, 78.55866279588275, 73.86254584757634, 17.067984720777254, 92.4597090082023, 40.94889028598395, 57.2116486829813, 54.94430116811393, 77.8531834186727, 30.572166453558154, 47.717534972232514, 57.66216634780633, 76.05407981420505, 82.37565806345519, 43.1804612264992, 49.941634771126246, 44.813158397646575, 63.69341078928795, 60.77826241207471, 57.984644471594244, 19.736522178145098, 55.414161529847895, 65.84284110831017, 69.14087709032137, 60.20098922616746, 36.22493466304378, 65.00763318686997, 84.61446992477575, 48.453361282712336], [74.84207909704837, 50.76165289896504, 28.18665172233984, 0.0, 95.70849889763905, 84.24327691658728, 79.2517921587297, 73.71693423525252, 91.23761808637433, 30.933292230046625, 90.27049052480899, 91.01813166626265, 72.05270904540906, 105.95064396633266, 67.63673458288204, 90.77456089316097, 31.28950718326742, 55.395049677492274, 69.56527881191892, 31.393213055860144, 73.29939847015805, 71.99742988653612, 27.444727494326703, 73.7810351425279, 68.54779840906663, 80.14882198029856, 41.812996831221035, 37.487817037858015, 76.79650578468373, 109.1928224014629, 43.25685331522309, 49.09291086529796, 73.12535156282767, 61.05029985835286, 44.4806605129009, 82.19924749934154, 88.52938753269626, 18.75759633439615, 76.80505228780433, 59.75733202843484, 57.7486443325152, 64.50460675952507, 47.83766062155716, 66.94644891633125, 97.33934101209441, 40.7016912137973, 28.081929511814618, 21.299439629529733, 80.43267657347984, 82.50816283549942, 20.010982509190686, 85.93633670260662, 66.94889656668568, 30.774569243213417, 40.2376969316726, 93.11505837883485, 13.722091735291743, 29.21487158447185, 64.14712867508415, 98.09647497535659, 88.62012759077535, 37.27436617330547, 24.0418721904339, 71.76308582639254, 56.8395258713777, 83.34199375682927, 83.02509361015287, 45.927800155355996, 67.38470141136837, 57.88084724893912, 68.23738130395068, 43.65843568807801, 8.077033743976518, 86.62609967282683, 85.73072360582096, 58.02288676772495], [34.39291542967568, 60.464329142323194, 86.10079632528839, 95.70849889763905, 0.0, 26.203535716331984, 25.653797960010884, 30.35230138031439, 29.128807059569482, 81.05359522281324, 51.191827392640334, 8.640929606798805, 61.67080876694088, 36.914517552803716, 32.467326459149454, 47.01556293274175, 66.94722642716263, 40.99087195154051, 49.495824180615216, 92.3397708951568, 47.55662862307863, 28.662114382714083, 68.31436074261858, 52.610503861387606, 29.644970512396274, 20.83714278200448, 98.94122499014733, 67.78319533615517, 20.78890953236327, 38.09411850611336, 60.92601588153369, 46.97153685961216, 25.58532635792176, 104.15574512130895, 53.60869351720008, 47.38141944935487, 16.496109211912557, 83.22647774977436, 60.32032766141087, 47.167205462356414, 55.93747314357053, 31.241193654687933, 91.165906928975, 90.32385412163163, 39.32642876922723, 89.56785659959628, 74.82521627651275, 76.57571029062842, 26.476662162429005, 13.235042126754616, 78.05514548188397, 51.64463275549851, 67.00196208621038, 100.57881307879768, 72.10637830048363, 20.43240669296044, 83.41996729107417, 80.37644625836256, 31.693467011371858, 48.271629403064146, 12.242855802764954, 61.78957700279258, 96.19418606388084, 72.22877814588941, 53.33172795005763, 49.83084689762345, 61.48298965771306, 73.47038011329516, 30.719218124540593, 55.302456913352835, 37.39558153952823, 75.56560694494756, 98.98390792506655, 45.5993498232844, 27.617170047687043, 38.375078344441384], [10.585851681932809, 63.56970144813287, 82.59167994299733, 84.24327691658728, 26.203535716331984, 0.0, 39.92078245276529, 41.33747203652884, 8.07750488531577, 62.875907861078076, 69.61309809628473, 17.569176173015265, 73.19801423966905, 61.35722598611163, 17.21419657769331, 66.02405487035965, 60.97712949821804, 38.04605827767307, 60.31336054777938, 73.35794112260326, 21.969877615234022, 37.379572189113325, 57.701578031777586, 65.15739389213458, 34.68952665897007, 34.62766322613137, 98.53318850300649, 50.16238432410388, 30.0455842530601, 63.06416748258751, 43.13861837697149, 41.5890433151183, 33.618523156130415, 108.28674840155738, 39.7822789611209, 63.3807636305591, 36.65241178097677, 68.41783831490692, 73.5487531223058, 26.511423176159376, 33.575153365078705, 28.647486648313308, 93.21339471909559, 97.82787118026765, 61.226951405994704, 89.68768189656974, 58.86796204292806, 63.22275227024089, 4.033374313560277, 21.057413309341747, 70.15968237482393, 25.785227396303732, 76.50934622903291, 81.87027346352231, 52.51638430124898, 42.88427255866311, 70.74349813946702, 62.78336068128463, 26.06431769790847, 69.3437623123806, 14.05421555088229, 47.15504711316401, 78.83541721425232, 82.92297220561876, 31.92137244446715, 66.07225224565428, 76.62221554658015, 75.5924762921824, 35.09216347032912, 33.0199601906434, 16.486084484945156, 54.60798979058799, 85.55612941910657, 63.337204168780524, 2.395360128469524, 36.26968476373835], [42.12494163149113, 36.52235906563251, 64.34217262665867, 79.2517921587297, 25.653797960010884, 39.92078245276529, 0.0, 5.813268572240584, 46.578606142713625, 72.50349959877033, 29.756299017105132, 28.30051013004181, 36.1778158019622, 29.143242287535987, 33.29909374700032, 26.371680464563987, 48.263323713560894, 25.240508335493402, 23.843830595149853, 83.87996519639648, 54.92268482852444, 7.650211208923595, 53.39176126550313, 27.229754010259114, 12.207545900177465, 5.495471397646078, 75.18508179150707, 60.067695768374804, 10.104213365291573, 32.07857110878318, 54.45836467776207, 31.434432823124084, 8.776769509137734, 78.88948888474083, 44.39481986833925, 23.616029161034437, 10.753465525148712, 70.7798238707023, 35.25943998002092, 47.06379219401609, 56.12219177221232, 20.87575372008965, 66.621119737863, 64.68886319885719, 24.211780993804982, 65.80731927423678, 64.3937801471902, 63.293915474725395, 37.47478970665693, 19.41314930696914, 59.837748977497625, 64.10471429933857, 41.34950093535664, 91.27035445687127, 66.21573046205754, 13.89748596354541, 68.8749844975668, 71.20398510947085, 24.05562549876396, 30.745998072890796, 29.46355703195933, 51.75091735614708, 85.54808888425349, 46.68264498489706, 52.71246764224934, 26.284099064106137, 37.33084771249474, 49.35480609583534, 13.17154091286563, 55.486839102121955, 40.864063647217115, 71.11745370228026, 84.11312148340764, 23.4422307889223, 42.220070229183385, 22.9642983712043], [42.07864562489308, 30.86889412117955, 58.53333553232928, 73.71693423525252, 30.35230138031439, 41.33747203652884, 5.813268572240584, 0.0, 48.51995299501005, 68.16122370478298, 29.80464111985689, 31.819360284757167, 32.586532432451946, 33.52536531561261, 32.278352933613974, 27.049084223166027, 42.622694648778115, 20.607195382749335, 19.804360842713695, 79.45349403244764, 54.25215966595815, 4.387420745579651, 48.19785108606774, 24.035809273302405, 8.954656359976841, 9.51742360966117, 69.56205902906645, 56.042612855055964, 11.614266546965341, 36.60497499374191, 50.789400173568765, 26.555882561940823, 7.789372160116037, 73.82081282073838, 40.42218845657065, 22.46841449059399, 16.43533895817429, 65.80847739093242, 32.36452751957373, 44.99772867946202, 53.81803154038206, 18.327845772288732, 61.18596826410237, 60.15771493523557, 27.237784343425663, 60.17521647287144, 59.8111461686456, 58.25547616663639, 38.453805832147935, 22.082699443119765, 54.19210953003845, 64.36235736459916, 37.12043412104789, 86.6552316479755, 62.44485506038887, 19.60878931375889, 63.613513676294254, 66.76596179122615, 21.848094394166235, 32.48570482713632, 32.42120592843713, 47.43143372629569, 80.75532635599274, 42.870917529781615, 50.33227760616742, 25.154114435916114, 35.29538209100787, 43.77202057169597, 9.550331159638958, 53.2003149618023, 39.917202993630696, 67.55633831494654, 78.74026919181343, 23.484375450717774, 43.7061770902139, 18.58949586976895], [16.44358150686337, 71.61331590124308, 90.5098553541443, 91.23761808637433, 29.128807059569482, 8.07750488531577, 46.578606142713625, 48.51995299501005, 0.0, 68.44337765218577, 75.99787504750941, 21.048344858230493, 80.71703588866527, 65.69397933005995, 25.029557443699172, 72.24354243465851, 68.82469760015348, 46.12356189579967, 67.81339536418892, 78.49000960963907, 24.089584163465634, 44.73115501724226, 65.07868964061845, 72.4962440496338, 42.346010293817194, 41.15021355574796, 106.5633817060912, 56.15123289868851, 37.01194083066989, 67.09196760599762, 49.2529676144744, 49.60606742018262, 40.92220268737164, 116.35523604736628, 46.948534040938576, 70.18274910235914, 42.00818312059181, 74.87077079470546, 80.86265349122175, 32.288671613736746, 38.09029541399077, 36.6705907228239, 101.29047668224695, 105.76897502822992, 66.60639650907947, 97.74205132481795, 65.16659222050558, 70.06090977354638, 12.045054252565242, 27.237417322387202, 77.76587580183777, 23.345226069608966, 84.24522246233354, 87.00786906496651, 57.759106175342644, 47.815842748542075, 77.62951446199234, 68.54467233541745, 34.137469596945, 75.04971275984212, 18.21570802562228, 53.98905772322482, 84.4648944465396, 90.57829333516727, 37.03960554614014, 72.8581528742405, 83.67796992923361, 83.66757299787848, 42.81787615003629, 37.609137041263324, 23.005128768272062, 59.20789614913159, 92.15576500410836, 69.80811134949428, 5.901692945437207, 44.33825156907844], [52.413259805041044, 58.010323221927315, 49.90957026191778, 30.933292230046625, 81.05359522281324, 62.875907861078076, 72.50349959877033, 68.16122370478298, 68.44337765218577, 0.0, 92.82657816692448, 74.3478744636477, 80.03393746403837, 101.5802679091091, 48.99456220752578, 91.86535526715322, 36.735147133912314, 47.56388709723008, 72.62866055678938, 11.460448744038144, 46.831331319576925, 64.8906535497128, 24.990339674750313, 78.11988597809977, 60.32437793039344, 71.22903273456559, 67.37501636068018, 13.270716302970024, 66.37162194376431, 104.56991166812325, 20.222449843276284, 41.93393961147892, 64.35244204799501, 85.24674770487444, 28.381689960936185, 84.15283661892474, 79.12698599333126, 12.780759763072085, 83.90703461094232, 36.37305091952776, 30.966217150148463, 52.81528497174053, 69.74291010196114, 85.87318852159869, 95.1042213508736, 62.88458173073323, 9.272030772649742, 16.442392534392194, 59.67554609119416, 68.28280567006743, 33.267652805856244, 58.046136565788416, 77.3814380733542, 19.52525504775566, 11.02578497360105, 85.0891574593336, 20.00638991134105, 2.208534692324057, 50.78003852323949, 98.67054798601863, 71.2039531266566, 20.75528767228612, 16.022144046982767, 83.7295355408813, 31.440749063236446, 86.10062794120276, 89.92454546957985, 60.187902645129824, 59.33282147223046, 31.321369971463568, 46.48276846649616, 12.875047042749953, 27.59143798782854, 87.62655055481186, 63.737735643751975, 49.61971595333344], [71.63963827251084, 39.575783382587545, 67.38999867637673, 90.27049052480899, 51.191827392640334, 69.61309809628473, 29.756299017105132, 29.80464111985689, 75.99787504750941, 92.82657816692448, 0.0, 56.38525936074952, 21.656688337202905, 25.094940608122123, 62.080594056569005, 4.344713916135724, 60.12551026095455, 47.15846218407816, 20.877436630451967, 103.49434119800914, 84.03859354897727, 34.19205666562602, 69.49394086582546, 16.590118379833633, 38.56588697882789, 34.985694240050876, 71.15385720343369, 82.12251758430696, 39.824323292096274, 27.721951062033785, 77.94160578166414, 51.56183056235347, 37.317588168800135, 67.26771673089465, 67.21348270735547, 8.675471129513715, 34.96702683222276, 87.55332196526905, 17.090735602928984, 74.45272747666719, 83.01251794070464, 47.88408500656443, 60.40050598761337, 49.80363874413482, 15.289911143653622, 62.86613977244174, 83.77725063504852, 79.94258822855184, 67.23097489832199, 48.777320558964, 70.43255573191597, 93.77797202157645, 28.92549248971727, 109.67846888651505, 89.06012975368199, 31.117252737249867, 83.4448536141527, 91.09692579854278, 51.48516996195987, 9.222623206033516, 58.2562376456902, 72.91124078207302, 103.01227904360377, 29.889939779967868, 79.48713954291767, 6.958330919142091, 13.646931943128557, 47.959427682200754, 38.9243179020544, 82.41610370762486, 69.72019429283164, 94.59087580565878, 96.88362460811761, 6.355773976512286, 71.88379855466073, 46.01324978271487], [25.963134342031886, 59.98363236998444, 83.79166272733467, 91.01813166626265, 8.640929606798805, 17.569176173015265, 28.30051013004181, 31.819360284757167, 21.048344858230493, 74.3478744636477, 56.38525936074952, 0.0, 64.27502824095201, 44.64658339907335, 25.362413229656383, 52.403676625584566, 63.59984089466047, 37.83461135250531, 51.603441505459394, 85.48230039972778, 38.984944241527764, 29.04922277236773, 63.58717840632251, 55.45658243373637, 28.60495616898389, 22.873145936921762, 97.76083387318862, 61.110120058119335, 20.600691307755895, 46.08555345084608, 54.12805270157548, 43.298214266720436, 25.41222058393656, 104.53994819771158, 47.703805491621594, 51.516279689602236, 21.57349769535598, 77.4652288639551, 63.5555650019867, 39.49442406347585, 48.01354762217358, 27.538899401181176, 90.74037435887487, 91.77616402831401, 45.89166468291987, 88.48119478598326, 68.66831930589315, 71.16420400405441, 17.929269427079692, 10.301142276874577, 74.2757937918632, 43.11415500554799, 68.92789185733776, 93.83261928024615, 64.96698923821681, 26.94784644421959, 78.27172677555671, 73.82300665400615, 27.051929461463676, 54.55800467297795, 3.6517869726498313, 55.82672841730566, 89.80264001761995, 74.65730310882324, 45.58642150248824, 54.106081599645655, 65.47597099288696, 72.87089671133127, 29.503601115961864, 47.39009922578777, 29.455507264338326, 68.1045593037218, 93.73462268297794, 50.42880143297214, 19.04384440250723, 35.35517831035184], [72.039757364357, 22.32928586060304, 47.05822087111037, 72.05270904540906, 61.67080876694088, 73.19801423966905, 36.1778158019622, 32.586532432451946, 80.71703588866527, 80.03393746403837, 21.656688337202905, 64.27502824095201, 0.0, 45.320414833048694, 61.08681522013188, 24.35952761904513, 44.265252933273395, 40.781176537699444, 12.904809306778105, 89.73124110646593, 82.45159606106938, 36.03977937788379, 55.26867686791675, 9.125127152282843, 38.54693929803841, 41.45736606225237, 49.51563010642419, 71.33988121539144, 44.17211926339496, 48.29066056448017, 68.746945388596, 42.74025924101915, 39.86708575571974, 46.51709223218971, 58.34392310971006, 17.295750585512103, 45.57474160061803, 72.54872969733174, 4.954678848322656, 70.0497547547124, 77.33892343554972, 46.1318407021422, 38.74515136722525, 29.976481085785686, 35.006814790116486, 41.37591342917692, 70.76205793293397, 65.28559552637051, 69.94257510005824, 54.669229776192594, 52.97514704547475, 94.1769647373703, 7.303063620848748, 94.8730629028233, 78.56831593602588, 44.617467637478256, 67.32764273867095, 78.06167040617053, 49.60858238318921, 30.857945905977367, 65.00582982087033, 62.06609451721043, 87.80709484722149, 10.588603171334743, 73.87087439423763, 16.348746744763936, 11.009262701636645, 27.32599280547164, 38.25039264390406, 76.83182108727922, 68.28046992690544, 84.41042522478097, 79.26547876706755, 21.72071867012951, 75.59238953380635, 40.8735814331588], [66.93426131888569, 57.79842331538409, 86.91767403995041, 105.95064396633266, 36.914517552803716, 61.35722598611163, 29.143242287535987, 33.52536531561261, 65.69397933005995, 101.5802679091091, 25.094940608122123, 44.64658339907335, 45.320414833048694, 0.0, 60.29396453081046, 21.331380238360495, 74.66953649435476, 54.099989004824664, 39.09924822824791, 112.91993404613767, 80.4185440911398, 36.70236241301106, 81.45180956754537, 37.71151885585062, 41.3494356599192, 31.45921011704763, 93.65002208898807, 89.21000244832248, 37.003379637987074, 3.266985031789635, 83.5609957540508, 60.07626305703237, 37.66239800050458, 91.75773056233372, 73.53704619086723, 28.23359359030258, 25.49594202784373, 99.24279365905632, 41.38544511479706, 74.98701523379394, 84.19267588014827, 49.75798574633193, 83.39488029793499, 74.62177011083749, 10.314888377775171, 84.79094925074246, 93.32398521111014, 91.64895202073343, 60.324789315075705, 41.232747979012615, 86.02768632092123, 87.11826526254264, 52.547625384419156, 120.17758285364341, 95.3328327207665, 18.838099674294735, 96.70167815360702, 100.23363105208203, 52.65964508189637, 17.071991676420275, 47.67639643094875, 80.82610411320243, 114.26507585005486, 54.60840226366388, 80.91040025911418, 28.981513873084634, 38.728712375235716, 68.7527163715568, 42.292797728805404, 83.5443637025765, 67.39339303138189, 100.16041418150229, 111.51854462632292, 23.614499768934856, 63.21695558768193, 51.96457713689245], [11.241754560918377, 48.24101819184693, 65.48788177841826, 67.63673458288204, 32.467326459149454, 17.21419657769331, 33.29909374700032, 32.278352933613974, 25.029557443699172, 48.99456220752578, 62.080594056569005, 25.362413229656383, 61.08681522013188, 60.29396453081046, 0.0, 59.19144365777328, 43.79898669193961, 22.267780917680387, 48.62560093075919, 60.12261510163142, 22.00053830820669, 27.891872820325762, 40.71967899450684, 54.07620972538983, 23.720666048112097, 29.28001152838204, 81.71985232182406, 35.77519001551658, 23.65829348858052, 62.70206345843064, 28.772219920622103, 24.821664190654094, 24.891711586358745, 92.36271196940305, 23.25788813712106, 54.57392961344431, 34.982876163236284, 52.74406786670635, 62.35734319871758, 15.125353075409631, 24.287081242231007, 14.99844576400699, 76.92763578063908, 83.13828634683422, 57.27215352562194, 73.03329532848835, 43.615395989594965, 46.9542867279805, 13.201128815388497, 20.662299175572127, 52.977424179147185, 33.0906434285897, 63.24538326843708, 68.47098516153724, 39.683512101774234, 41.64913630882529, 54.34711337080318, 48.51022282478035, 11.47837129757967, 64.02639134049592, 22.225394262880954, 31.106280212654603, 64.53551028208759, 69.98846939264628, 21.299408463861027, 57.2241641090032, 66.4228482584279, 59.604008787415395, 23.597467516870044, 23.634781881000787, 7.640000845111538, 43.117273968941625, 69.50888206910875, 55.75018511810761, 19.14449040803576, 21.064513766099374], [68.45776074371848, 40.39492149060217, 68.81493336563196, 90.77456089316097, 47.01556293274175, 66.02405487035965, 26.371680464563987, 27.049084223166027, 72.24354243465851, 91.86535526715322, 4.344713916135724, 52.403676625584566, 24.35952761904513, 21.331380238360495, 59.19144365777328, 0.0, 60.18917266719473, 45.448585323617735, 21.23804398648767, 102.70559415266209, 81.06490767082218, 31.410806370183362, 69.04580656247916, 17.93372629650293, 35.95620973043399, 31.436917751119275, 73.55629521977863, 80.79484211365543, 36.47589209180251, 24.12979941125276, 76.32576159794597, 50.221871185024064, 34.31343284291766, 70.54892687076706, 65.6399188871328, 8.625408001565434, 30.9015100852017, 87.15416653173452, 20.151691881439877, 71.99382673165391, 80.70542932073255, 45.331739586395685, 62.96969730914842, 53.30159261514268, 11.238870821104278, 65.04097681316034, 82.92444105522598, 79.50781868551823, 63.76755600622657, 45.078829675243526, 70.82372401189313, 90.47595347387906, 31.658909573835114, 109.12159379999333, 87.62399547844831, 26.84694308621447, 83.36309848363166, 90.20125406727962, 48.88509462727422, 7.332550546635167, 54.37847704831097, 71.67577857876147, 102.58545390208977, 33.297220426431856, 77.19565239156537, 8.215908818256745, 17.529037578859523, 49.675379189136144, 36.41711184380695, 80.0976636054124, 66.82528121537332, 93.05790358029638, 97.16660167994678, 4.266032681310655, 68.26648446294301, 44.1019900082163], [53.64368005910812, 21.93596712150671, 21.859630053903537, 31.28950718326742, 66.94722642716263, 60.97712949821804, 48.263323713560894, 42.622694648778115, 68.82469760015348, 36.735147133912314, 60.12551026095455, 63.59984089466047, 44.265252933273395, 74.66953649435476, 43.79898669193961, 60.18917266719473, 0.0, 25.970027519034286, 39.248094160979655, 45.671402250550145, 57.38302907650647, 41.24803930385162, 11.87725714694119, 44.0524389926522, 38.256939302164504, 49.647444640971194, 39.128017749489494, 31.1103391897713, 46.922252499943745, 77.9087310682421, 31.71170483632125, 20.315989734521157, 42.81596807161839, 53.303676932403995, 25.002708240329245, 51.748279956798335, 57.95823933170751, 28.284729366508238, 48.554271013602836, 42.3229806390563, 45.29940851756776, 36.08403959281971, 37.08289801084047, 50.24109894804067, 66.18062532010138, 31.496526066323106, 27.6300227465083, 21.13085433005473, 56.94610958990684, 54.11308900008802, 11.574448963220643, 70.89918455468437, 40.88849375611806, 50.608849292311916, 38.01370271095715, 62.160611140010914, 23.378095004677505, 34.625042794357825, 36.788948227358084, 67.45278512454564, 61.82386345838461, 23.3161274304186, 43.57332939479729, 47.071523768929694, 42.6861109883817, 53.16961517463042, 54.75769462675163, 23.934117457777035, 37.09281391918016, 45.06719431492089, 47.281338864936025, 43.81608643683381, 37.084043782219574, 55.968332627185234, 62.94345659982958, 28.574223597528878], [33.47691745428928, 25.97336016219591, 46.0378065482974, 55.395049677492274, 40.99087195154051, 38.04605827767307, 25.240508335493402, 20.607195382749335, 46.12356189579967, 47.56388709723008, 47.15846218407816, 37.83461135250531, 40.781176537699444, 54.099989004824664, 22.267780917680387, 45.448585323617735, 25.970027519034286, 0.0, 29.451948767631514, 58.846306330770695, 42.149817416578706, 17.59571589719491, 28.580784324470834, 35.261789884613876, 13.439645473321711, 25.03773260664581, 60.8742900079306, 35.64403771968487, 21.40160836453947, 57.14282081370842, 30.879310084032966, 6.369693034784194, 17.929702783674813, 70.31279463554638, 20.22391794122992, 38.65868700683782, 33.39571576667514, 45.59244411902085, 42.96972649133336, 29.269061738906075, 36.8323863910035, 10.359356430082938, 55.17058312042573, 60.915791491879595, 47.610604318918504, 51.84429444008761, 39.225812270555295, 38.17588517680383, 34.12199529091944, 28.163088487588432, 37.10035093311481, 54.6191876940963, 41.859044439684816, 66.08988823153625, 42.281182586061774, 38.58431272622894, 44.10573570199812, 46.15876957148764, 12.04194222227782, 51.81786084751906, 36.33787984441407, 26.859365741242435, 60.3083970241358, 48.747434969765784, 33.317755082723224, 41.00699399194533, 47.96122906691614, 37.57291321869683, 12.318150511531927, 36.291773121901976, 28.52152417413959, 47.631005657562426, 59.56573344386057, 41.35433869301176, 40.29254733258951, 2.64161779629205], [59.43446998266564, 19.229816909733458, 48.062446578098324, 69.56527881191892, 49.495824180615216, 60.31336054777938, 23.843830595149853, 19.804360842713695, 67.81339536418892, 72.62866055678938, 20.877436630451967, 51.603441505459394, 12.904809306778105, 39.09924822824791, 48.62560093075919, 21.23804398648767, 39.248094160979655, 29.451948767631514, 0.0, 83.05197502597979, 70.26275501848946, 23.143056770141243, 48.810297087151945, 5.825830529619555, 25.706403716708248, 28.92810112786604, 54.911278965581204, 62.611644007750606, 31.334396966394557, 42.32022174961335, 59.13272519705438, 32.560413477348376, 26.97115879737114, 55.84373697381341, 48.45441560053265, 12.636225998731906, 33.86280196912792, 66.80304797053135, 13.760174053514085, 58.50650677932036, 66.28351432752002, 33.627384876628525, 45.1427354418058, 40.918325208694945, 29.235708241557727, 45.86328378457865, 63.466701245012835, 59.22646042832658, 57.09355573075532, 41.861980402687735, 49.6494906005977, 81.67026575467939, 17.506142166488615, 89.01126432527415, 69.72329859760059, 33.99692925636418, 62.5757849522824, 70.81592159266916, 37.17991224865343, 28.570297346019842, 52.20727240027946, 53.296614313901095, 82.26313447334083, 23.066667033594523, 62.766329619224905, 13.922048660187643, 18.513449131076005, 29.666382737517008, 25.46488810139321, 65.74046390226722, 55.96514267791607, 75.42825611184819, 76.05922461970911, 17.17190652683611, 62.70687847402444, 29.106109831168702], [62.80332922234536, 67.47206829636741, 55.306924736720475, 31.393213055860144, 92.3397708951568, 73.35794112260326, 83.87996519639648, 79.45349403244764, 78.49000960963907, 11.460448744038144, 103.49434119800914, 85.48230039972778, 89.73124110646593, 112.91993404613767, 60.12261510163142, 102.70559415266209, 45.671402250550145, 58.846306330770695, 83.05197502597979, 0.0, 55.901981395759506, 76.2538992017247, 34.49663465625594, 88.41433871289158, 71.71810668503534, 82.67403992764194, 71.6822134589899, 24.616943542478463, 77.83104253119213, 115.92856576039613, 31.41584246846138, 53.08341771689967, 75.77964494446182, 90.3729358874273, 39.84017780204495, 94.83691337180234, 90.58573363565993, 17.940694947513226, 93.80685653946331, 46.89612412292554, 40.47426042888787, 64.27418752728694, 75.59193185213621, 92.95878871278252, 106.28324994002799, 68.50177613948735, 19.803330579103076, 24.54287475359722, 70.32858085509416, 79.64747409482257, 39.91600650425237, 65.98863657865532, 86.55672665334346, 8.521860240810366, 20.84215168350304, 96.53417685868769, 24.862790525579715, 12.687835155993696, 62.23294913474938, 109.60366543553619, 82.27287451453039, 32.13924634061168, 8.666363111517036, 92.65128741123108, 41.52126559153099, 96.69459443998834, 99.9167689893044, 68.13843796282565, 70.71459816691569, 40.920780489004805, 57.14122169950991, 19.796554760860875, 25.449900972357575, 98.45112547782455, 74.06047241564565, 60.95757972974216], [13.53007743861801, 67.38148251684282, 78.94557711584264, 73.29939847015805, 47.55662862307863, 21.969877615234022, 54.92268482852444, 54.25215966595815, 24.089584163465634, 46.831331319576925, 84.03859354897727, 38.984944241527764, 82.45159606106938, 80.4185440911398, 22.00053830820669, 81.06490767082218, 57.38302907650647, 42.149817416578706, 70.26275501848946, 55.901981395759506, 0.0, 49.86960508032595, 50.11782268862936, 75.82623694498331, 45.71557945268597, 50.4741954840131, 96.5107875882902, 36.06692308238195, 44.976073701022166, 82.51906276187951, 30.06293580060386, 42.47732389772386, 46.758868080063586, 109.5767236765076, 32.488659247330155, 76.57442436844286, 54.94694020388529, 55.38737461863151, 84.02280296487258, 15.061678127980603, 15.938930212978683, 36.793844013701204, 93.56383036932085, 102.3835194176433, 78.4797682744613, 88.64665400189686, 45.553300819064404, 52.15843034622896, 21.081175115039496, 39.23008970019886, 63.67342798088126, 13.519221198484498, 83.99194763991167, 64.33080892222851, 35.81741440764496, 61.58138913795797, 59.62863193638292, 47.35809501598793, 33.172847861779616, 85.64738532160374, 35.33975281838228, 37.081259395244565, 62.66372608440023, 90.85847866556867, 16.46425800539332, 79.22369579950632, 88.2850235440253, 77.32321332334261, 45.56116092397634, 15.667219445771352, 14.400997117330022, 36.183487873246854, 72.71994356699786, 77.6976733873655, 21.447985131162, 41.658896233002835], [37.760798581217095, 31.814658786716596, 58.405035764239706, 71.99742988653612, 28.662114382714083, 37.379572189113325, 7.650211208923595, 4.387420745579651, 44.73115501724226, 64.8906535497128, 34.19205666562602, 29.04922277236773, 36.03977937788379, 36.70236241301106, 27.891872820325762, 31.410806370183362, 41.24803930385162, 17.59571589719491, 23.143056770141243, 76.2538992017247, 49.86960508032595, 0.0, 45.86413099322359, 27.786138615193583, 4.799044420861981, 8.595042860437133, 70.39125283061068, 52.53461066629461, 8.449598056405227, 39.679322443401006, 47.060296359136046, 23.820003878544224, 3.8281726983115933, 75.72750765671837, 36.866558652388164, 26.79591490505572, 16.737630776139575, 63.15948201646128, 36.17218495498009, 40.703217320805685, 49.57981759418164, 14.063837198430972, 62.505546522701955, 62.73633890346341, 31.095181013941378, 61.00387067135453, 56.74690634738626, 55.694278933399715, 34.368630404007114, 18.95825907606013, 52.80271613417248, 60.0661117017664, 40.08996691404917, 83.62324666050158, 58.7818538689995, 21.186262961426227, 61.37271785383571, 63.573970944208675, 17.531917072677462, 36.71915363213282, 29.267833507180544, 44.13547149719225, 77.900434346322, 46.1143680951087, 46.108663715037515, 29.473542687463144, 39.389769627204956, 44.82007262457462, 5.6188441846746375, 48.957625064818195, 35.53037854905046, 63.78166416467783, 76.68111833496306, 27.870757104375535, 39.76243724427428, 15.31746329810354], [48.97778075090504, 33.09228970605322, 29.831514111458954, 27.444727494326703, 68.31436074261858, 57.701578031777586, 53.39176126550313, 48.19785108606774, 65.07868964061845, 24.990339674750313, 69.49394086582546, 63.58717840632251, 55.26867686791675, 81.45180956754537, 40.71967899450684, 69.04580656247916, 11.87725714694119, 28.580784324470834, 48.810297087151945, 34.49663465625594, 50.11782268862936, 45.86413099322359, 0.0, 54.0427512789431, 41.98858655628359, 53.6106002396468, 47.93306454017542, 19.75129193100274, 49.84189966059686, 84.61440859889933, 21.711269421036206, 22.211497683432626, 46.50716537508927, 63.76247528092975, 18.2982561644202, 60.902708499613595, 61.97551270612214, 18.11230392110898, 59.31069540998114, 35.339722968932875, 36.326237115566954, 37.17908494301899, 47.641107032444474, 61.927106915009794, 73.78079105001686, 41.43103709077101, 15.800995884674505, 10.46227733191792, 53.77816034202593, 55.097171465990556, 13.580416674934245, 63.51455030889585, 52.40261820048782, 40.20237402583772, 26.387278795182223, 67.0289426068828, 15.529730692707185, 22.927436789405238, 36.70737378994374, 76.14107040163546, 61.24026803977331, 13.418852892965022, 33.542575600310194, 58.740911035499536, 34.25349787308562, 62.60896060440397, 65.42239071574706, 35.73923211390604, 40.84819423718035, 36.21613625448192, 42.35305914289587, 32.111105847440584, 31.004433747862237, 64.78047893282469, 59.37561629023189, 31.14610438450766], [64.75539926358448, 23.030387359411044, 50.937208722918605, 73.7810351425279, 52.610503861387606, 65.15739389213458, 27.229754010259114, 24.035809273302405, 72.4962440496338, 78.11988597809977, 16.590118379833633, 55.45658243373637, 9.125127152282843, 37.71151885585062, 54.07620972538983, 17.93372629650293, 44.0524389926522, 35.261789884613876, 5.825830529619555, 88.41433871289158, 75.82623694498331, 27.786138615193583, 54.0427512789431, 0.0, 30.812128335918615, 32.58882126427059, 55.99853963134634, 68.3035366012256, 35.64605176311084, 40.823342606833975, 64.91821190510241, 38.36219642490737, 31.578771460048845, 54.90011366229648, 54.253001935355925, 9.601039866254826, 36.45967034217487, 71.92455473259967, 8.398167400120899, 64.25917213541298, 72.0892441060535, 39.09084897731844, 45.684255203794045, 38.878615162804984, 27.479272575487972, 47.288840138913635, 68.92130790262493, 64.40205670122707, 62.06651064603609, 46.04311193987003, 54.03242257258598, 87.04614689210526, 15.494208397878745, 94.20198832403085, 75.43743184704599, 35.555288216728876, 67.43043019201205, 76.274030822248, 42.679699828234334, 25.121554850566014, 56.34178030183381, 58.98128367767728, 87.3681491297895, 19.711841834951596, 68.56954902182505, 9.842014800314205, 12.700011429124084, 31.74457591150212, 30.681536409518905, 71.54358493826874, 61.48679130414572, 81.16301516570118, 80.51556747132685, 14.393368468303136, 67.54306122058276, 34.861420586396605], [34.029407274181125, 31.38282626559658, 56.51706284889123, 68.54779840906663, 29.644970512396274, 34.68952665897007, 12.207545900177465, 8.954656359976841, 42.346010293817194, 60.32437793039344, 38.56588697882789, 28.60495616898389, 38.54693929803841, 41.3494356599192, 23.720666048112097, 35.95620973043399, 38.256939302164504, 13.439645473321711, 25.706403716708248, 71.71810668503534, 45.71557945268597, 4.799044420861981, 41.98858655628359, 30.812128335918615, 0.0, 11.632905018614228, 69.45513159354627, 47.860636037507035, 8.89999859797163, 44.28235243549797, 42.30514061314339, 19.790479537365353, 4.582242706401771, 75.9996392234563, 32.18768470650726, 30.87094630305315, 20.014503723985484, 58.99101161479697, 39.19589393062645, 36.051877447565296, 44.86460956735149, 9.38002015582222, 62.15451892225886, 63.891506492835774, 35.89396544773841, 60.11424956141149, 52.30939991721412, 51.60639905678013, 31.395912773694832, 18.303888194997718, 49.7168222083801, 56.35871845030043, 41.90832642012892, 79.1789246172587, 54.043336178280406, 25.165843175336974, 57.51822055136754, 59.052268592595105, 12.935103293043966, 41.43251772409805, 28.22227297553005, 39.5799733759848, 73.57136813653487, 48.24490750796252, 41.381426436487835, 33.51171277964314, 42.87901654972085, 44.30149376079861, 1.167137828855166, 44.24633620767594, 31.322722533876856, 59.00928578802912, 72.93893707472206, 32.293684294663066, 37.0848585636467, 10.979484560114845], [37.41365929549047, 40.06710416550445, 66.99346839703423, 80.14882198029856, 20.83714278200448, 34.62766322613137, 5.495471397646078, 9.51742360966117, 41.15021355574796, 71.22903273456559, 34.985694240050876, 22.873145936921762, 41.45736606225237, 31.45921011704763, 29.28001152838204, 31.436917751119275, 49.647444640971194, 25.03773260664581, 28.92810112786604, 82.67403992764194, 50.4741954840131, 8.595042860437133, 53.6106002396468, 32.58882126427059, 11.632905018614228, 0.0, 78.73907100105235, 58.45813959956734, 5.630999563727997, 34.12951658149993, 52.47644996098833, 31.40242039090646, 7.111116881743077, 83.33617533733167, 42