instance_id,num_cities,city_coordinates,distance_matrix,best_route,total_distance
1511,26,"[[86.98056327160025, 90.09483608951383], [97.73541591407913, 97.80755089263918], [99.10961188944745, 90.17303320272802], [66.63290598123976, 4.122165945039836], [95.63381008302181, 64.39906006564429], [10.955277250701034, 91.44994255008466], [43.08076191208142, 73.4564772859874], [63.390558471387436, 44.41434113146878], [78.62008030283788, 88.42860763810276], [22.00748199730924, 92.32085449176792], [84.06082175248622, 24.408707696904543], [12.051820702442006, 2.9607542541285503], [62.06475576273051, 51.81897892169306], [68.9410153323911, 38.125470336561875], [9.561201234451511, 52.385758445745545], [43.53182745961037, 93.28137917914626], [63.01650921220355, 34.940047268582894], [25.7793807247489, 26.831523294952653], [17.124556415961557, 95.24841834378789], [83.646870518749, 39.64874235106039], [7.567644389546013, 48.98771470795672], [10.23701696821282, 70.6758954255969], [7.624298518471894, 34.232676180929936], [16.169100130670188, 42.37040557975036], [99.38600405387345, 95.75298527449927], [60.70245937375257, 86.18814979243335]]","[[0.0, 13.234531536695354, 12.129300687286806, 88.34776267102914, 27.11367894344562, 76.03736205365763, 46.94707171997095, 51.41202141606614, 8.524904264756138, 65.01120248236298, 65.75098747356415, 114.92025356868479, 45.670983192290336, 55.01127399556495, 86.11464541518389, 43.56543010831152, 60.13590123082198, 88.02176714242624, 70.04585001173595, 50.55612604659543, 89.42151370696985, 79.16228366923795, 97.04636863489947, 85.39253234118624, 13.63486755352022, 26.566914429227076], [13.234531536695354, 0.0, 7.757207934320505, 98.7133095225879, 33.474527724921465, 87.01270970537838, 59.83398691274598, 63.48546354370548, 21.29226695545127, 75.92643684974293, 74.66180220136876, 127.8185953645974, 58.200899886169296, 66.2651359642521, 99.18584255556709, 54.39223503149547, 71.81730637175326, 101.07060647743087, 80.65147133455064, 59.8409067639545, 102.53586410032167, 91.6083868784527, 110.28045236076264, 98.62221327328412, 2.635466009356286, 38.81301781677354], [12.129300687286806, 7.757207934320505, 0.0, 91.9754759838104, 26.00728531524706, 88.16358212482892, 58.46943878218522, 58.04919187339776, 20.563655443261773, 77.13203984203844, 67.46415784564576, 123.22759677023882, 53.32311736237608, 60.15889808274375, 97.19462940098838, 55.66463811827538, 65.98026065477117, 96.89927595222233, 82.14200420808254, 52.83748987945032, 100.38008902799778, 90.98613361130525, 107.23285926576719, 95.72993104807365, 5.586793154558373, 38.61332231442264], [88.34776267102914, 98.7133095225879, 91.9754759838104, 0.0, 66.89063016258196, 103.56707443891773, 73.2253386429714, 40.42242197875489, 85.15438015253355, 98.84552153288638, 26.744644779465872, 54.5934405155709, 47.91507032812016, 34.081550409559924, 74.74325283113352, 92.10333942581748, 31.029343126516224, 46.741046598560196, 103.70665626139008, 39.39051434567005, 74.17292358194388, 87.23471330462904, 66.2469514872999, 63.3207986058153, 97.30864547584451, 82.27998481893947], [27.11367894344562, 33.474527724921465, 26.00728531524706, 66.89063016258196, 0.0, 88.89434270987907, 53.32785087325899, 37.934367865685545, 29.44293051939909, 78.74301741335353, 41.6312663928769, 103.73338117406897, 35.84884725548459, 37.45406264814864, 86.90692383124399, 59.57184696368268, 43.95135664658042, 79.31557930184466, 84.35274635441385, 27.50027176393671, 89.40446915945897, 85.62716237520334, 93.03593307163959, 82.46151675945735, 31.577643762595187, 41.169936768181095], [76.03736205365763, 87.01270970537838, 88.16358212482892, 103.56707443891773, 88.89434270987907, 0.0, 36.821346484598585, 70.44009169147473, 67.73222303110114, 11.086465503987982, 99.19147043744107, 88.49598212810982, 64.67450867139618, 78.77718678481179, 39.089051250660745, 32.62799079992299, 76.83579984665785, 66.2970146450147, 7.244889493585598, 89.26047318890208, 42.59714602785922, 20.78646029904654, 57.31414301961922, 49.35569772828767, 88.53535801941196, 50.024679831144645], [46.94707171997095, 59.83398691274598, 58.46943878218522, 73.2253386429714, 53.32785087325899, 36.821346484598585, 0.0, 35.43915220060994, 38.56433376787798, 28.28334940788152, 63.91438809991784, 77.0223484345668, 28.784950199476167, 43.783932658259396, 39.592122202097684, 19.830032657601475, 43.36991355421343, 49.73152044383412, 33.891197954977244, 52.8069323945089, 43.12657948724251, 32.961238105086814, 52.874070861921346, 41.11668024004834, 60.55918230233633, 21.739818450071265], [51.41202141606614, 63.48546354370548, 58.04919187339776, 40.42242197875489, 37.934367865685545, 70.44009169147473, 35.43915220060994, 0.0, 46.57460672224326, 63.30555300129621, 28.76604166770422, 65.98534580272909, 7.522394141940418, 8.387935815258466, 54.41638718750095, 52.74804835206014, 9.481674801880372, 41.51814271570138, 68.73606296712587, 20.8093514914789, 56.009940925328316, 59.28716731530648, 56.68811207211952, 47.26567253688107, 62.70030689818376, 41.860207438587594], [8.524904264756138, 21.29226695545127, 20.563655443261773, 85.15438015253355, 29.44293051939909, 67.73222303110114, 38.56433376787798, 46.57460672224326, 0.0, 56.746241042671805, 64.25067514044466, 108.33322273564195, 40.17889601994623, 51.22587159902508, 77.89875323832223, 35.422237072491974, 55.7180179222507, 81.15627105454637, 61.87252440447823, 49.03818794874848, 81.26519971266724, 70.64985592290616, 89.31741161545094, 77.59821454977234, 22.019766052217008, 18.057153461069593], [65.01120248236298, 75.92643684974293, 77.13203984203844, 98.84552153288638, 78.74301741335353, 11.086465503987982, 28.28334940788152, 63.30555300129621, 56.746241042671805, 0.0, 91.99280763765447, 89.91297295885101, 56.96478830129832, 71.69306950497794, 41.829676080898764, 21.54576652745375, 70.52869877359332, 65.59786368942378, 5.693293628527659, 81.07876179777456, 45.67570375661325, 24.63834612910129, 59.842396563453306, 50.29049661052052, 77.45460087927614, 39.17794457462899], [65.75098747356415, 74.66180220136876, 67.46415784564576, 26.744644779465872, 41.6312663928769, 99.19147043744107, 63.91438809991784, 28.76604166770422, 64.25067514044466, 91.99280763765447, 0.0, 75.13528424853902, 35.14469928228377, 20.414654625877183, 79.57957543198131, 79.91272899540319, 23.532365020692176, 58.33177867759364, 97.46141914488928, 15.245655508497618, 80.34509175256183, 87.12408859292916, 77.06524794535561, 70.22754769752956, 72.97168735639623, 66.04780510093455], [114.92025356868479, 127.8185953645974, 123.22759677023882, 54.5934405155709, 103.73338117406897, 88.49598212810982, 77.0223484345668, 65.98534580272909, 108.33322273564195, 89.91297295885101, 75.13528424853902, 0.0, 69.91723529295794, 66.88002484152031, 49.48771791743574, 95.64939159386795, 60.16705624011656, 27.53651246556842, 92.42697436757852, 80.44786901341821, 46.2448799957725, 67.73945568474596, 31.583794162283745, 39.62414172568531, 127.4270682366949, 96.40375517175592], [45.670983192290336, 58.200899886169296, 53.32311736237608, 47.91507032812016, 35.84884725548459, 64.67450867139618, 28.784950199476167, 7.522394141940418, 40.17889601994623, 56.96478830129832, 35.14469928228377, 69.91723529295794, 0.0, 15.323025910061311, 52.50661365135683, 45.41585699508319, 16.90574365057474, 44.05679720934444, 62.49590167238759, 24.77705259967609, 54.57060751970111, 55.151589356862196, 57.21050103830348, 46.85815557717505, 57.646096903585374, 34.39615905582431], [55.01127399556495, 66.2651359642521, 60.15889808274375, 34.081550409559924, 37.45406264814864, 78.77718678481179, 43.783932658259396, 8.387935815258466, 51.22587159902508, 71.69306950497794, 20.414654625877183, 66.88002484152031, 15.323025910061311, 0.0, 61.068143407694905, 60.72726824586913, 6.726566203506242, 44.614795099633604, 77.12312625713689, 14.784537002973199, 62.32719321188755, 67.12443368415356, 61.44016281860331, 52.94236969834734, 65.17536203331274, 48.763664349200305], [86.11464541518389, 99.18584255556709, 97.19462940098838, 74.74325283113352, 86.90692383124399, 39.089051250660745, 39.592122202097684, 54.41638718750095, 77.89875323832223, 41.829676080898764, 79.57957543198131, 49.48771791743574, 52.50661365135683, 61.068143407694905, 0.0, 53.16441705971772, 56.230087937627296, 30.266289500391718, 43.52484296510353, 75.17258790475799, 3.9396662470056287, 18.30261832765262, 18.256121927844703, 11.99881747727858, 99.74573456727163, 61.302772733582465], [43.56543010831152, 54.39223503149547, 55.66463811827538, 92.10333942581748, 59.57184696368268, 32.62799079992299, 19.830032657601475, 52.74804835206014, 35.422237072491974, 21.54576652745375, 79.91272899540319, 95.64939159386795, 45.41585699508319, 60.72726824586913, 53.16441705971772, 0.0, 61.50905487892296, 68.78032212852882, 26.48043064317435, 66.97519251760235, 57.055684871741065, 40.24366163000156, 69.10933338146344, 57.79832246455182, 55.9088354351413, 18.57806511624626], [60.13590123082198, 71.81730637175326, 65.98026065477117, 31.029343126516224, 43.95135664658042, 76.83579984665785, 43.36991355421343, 9.481674801880372, 55.7180179222507, 70.52869877359332, 23.532365020692176, 60.16705624011656, 16.90574365057474, 6.726566203506242, 56.230087937627296, 61.50905487892296, 0.0, 38.10973496394515, 75.78371166152478, 21.16089830367216, 57.20064309611031, 63.739514000615344, 55.39672715417768, 47.43300498898283, 70.85868742751083, 51.300320066739566], [88.02176714242624, 101.07060647743087, 96.89927595222233, 46.741046598560196, 79.31557930184466, 66.2970146450147, 49.73152044383412, 41.51814271570138, 81.15627105454637, 65.59786368942378, 58.33177867759364, 27.53651246556842, 44.05679720934444, 44.614795099633604, 30.266289500391718, 68.78032212852882, 38.10973496394515, 0.0, 68.96214549982703, 59.26995427188177, 28.680379325814783, 46.517674476169816, 19.605715339111853, 18.270587176052278, 100.8370116540237, 68.86821132776663], [70.04585001173595, 80.65147133455064, 82.14200420808254, 103.70665626139008, 84.35274635441385, 7.244889493585598, 33.891197954977244, 68.73606296712587, 61.87252440447823, 5.693293628527659, 97.46141914488928, 92.42697436757852, 62.49590167238759, 77.12312625713689, 43.52484296510353, 26.48043064317435, 75.78371166152478, 68.96214549982703, 0.0, 86.69799446403701, 47.237562049314626, 25.519543142644935, 61.75091652601746, 52.8866441607597, 82.26299505410975, 44.509797712653274], [50.55612604659543, 59.8409067639545, 52.83748987945032, 39.39051434567005, 27.50027176393671, 89.26047318890208, 52.8069323945089, 20.8093514914789, 49.03818794874848, 81.07876179777456, 15.245655508497618, 80.44786901341821, 24.77705259967609, 14.784537002973199, 75.17258790475799, 66.97519251760235, 21.16089830367216, 59.26995427188177, 86.69799446403701, 0.0, 76.6502775800667, 79.69749573369222, 76.215255863223, 67.53263616412949, 58.27011582662866, 51.887979800573824], [89.42151370696985, 102.53586410032167, 100.38008902799778, 74.17292358194388, 89.40446915945897, 42.59714602785922, 43.12657948724251, 56.009940925328316, 81.26519971266724, 45.67570375661325, 80.34509175256183, 46.2448799957725, 54.57060751970111, 62.32719321188755, 3.9396662470056287, 57.055684871741065, 57.20064309611031, 28.680379325814783, 47.237562049314626, 76.6502775800667, 0.0, 21.851835913825592, 14.755147292533852, 10.852364763716764, 103.04174737750579, 64.86278543109462], [79.16228366923795, 91.6083868784527, 90.98613361130525, 87.23471330462904, 85.62716237520334, 20.78646029904654, 32.961238105086814, 59.28716731530648, 70.64985592290616, 24.63834612910129, 87.12408859292916, 67.73945568474596, 55.151589356862196, 67.12443368415356, 18.30261832765262, 40.24366163000156, 63.739514000615344, 46.517674476169816, 25.519543142644935, 79.69749573369222, 21.851835913825592, 0.0, 36.53675583043029, 28.920414347993564, 92.60886746791155, 52.795747108344685], [97.04636863489947, 110.28045236076264, 107.23285926576719, 66.2469514872999, 93.03593307163959, 57.31414301961922, 52.874070861921346, 56.68811207211952, 89.31741161545094, 59.842396563453306, 77.06524794535561, 31.583794162283745, 57.21050103830348, 61.44016281860331, 18.256121927844703, 69.10933338146344, 55.39672715417768, 19.605715339111853, 61.75091652601746, 76.215255863223, 14.755147292533852, 36.53675583043029, 0.0, 11.799842132853, 110.47605638206885, 74.27423778117603], [85.39253234118624, 98.62221327328412, 95.72993104807365, 63.3207986058153, 82.46151675945735, 49.35569772828767, 41.11668024004834, 47.26567253688107, 77.59821454977234, 50.29049661052052, 70.22754769752956, 39.62414172568531, 46.85815557717505, 52.94236969834734, 11.99881747727858, 57.79832246455182, 47.43300498898283, 18.270587176052278, 52.8866441607597, 67.53263616412949, 10.852364763716764, 28.920414347993564, 11.799842132853, 0.0, 98.86735008803392, 62.47571362826954], [13.63486755352022, 2.635466009356286, 5.586793154558373, 97.30864547584451, 31.577643762595187, 88.53535801941196, 60.55918230233633, 62.70030689818376, 22.019766052217008, 77.45460087927614, 72.97168735639623, 127.4270682366949, 57.646096903585374, 65.17536203331274, 99.74573456727163, 55.9088354351413, 70.85868742751083, 100.8370116540237, 82.26299505410975, 58.27011582662866, 103.04174737750579, 92.60886746791155, 110.47605638206885, 98.86735008803392, 0.0, 39.84849692043473], [26.566914429227076, 38.81301781677354, 38.61332231442264, 82.27998481893947, 41.169936768181095, 50.024679831144645, 21.739818450071265, 41.860207438587594, 18.057153461069593, 39.17794457462899, 66.04780510093455, 96.40375517175592, 34.39615905582431, 48.763664349200305, 61.302772733582465, 18.57806511624626, 51.300320066739566, 68.86821132776663, 44.509797712653274, 51.887979800573824, 64.86278543109462, 52.795747108344685, 74.27423778117603, 62.47571362826954, 39.84849692043473, 0.0]]",Route_1,1440.7703827284151
