instance_id,num_cities,city_coordinates,distance_matrix,best_route,total_distance
1788,25,"[[15.773080363618618, 35.57994165247842], [91.47522856626694, 36.66399410789991], [48.75656070341474, 90.04824101081806], [10.596484115159932, 16.129164106169082], [70.47667349770668, 45.75149672900248], [99.67318894637282, 81.09684241926362], [82.35833224709614, 45.926820928362034], [1.2015343021793856, 55.77874271940465], [6.408001581828094, 32.430832022207554], [16.830180809930862, 15.754824399694268], [99.75024312454775, 54.25586646237585], [98.03658346114035, 4.2007320140331705], [46.487380497509164, 74.25895563647845], [56.3302689921622, 58.51803839604137], [24.69654287024463, 2.983920673081475], [71.08294134343653, 75.13625579772015], [86.38574882568797, 43.55786375623889], [23.913556995831442, 10.262247601430264], [35.701783973001135, 49.79561338161156], [7.405424121686277, 41.0880612491283], [51.564131424099976, 86.33926745545307], [36.76222425228155, 87.53742058760326], [82.05650646933621, 27.128538116343602], [28.920979880672604, 22.49866200426881], [10.23203364560975, 46.40151094619227]]","[[0.0, 75.7099096038414, 63.67657034039616, 20.127838827742238, 55.64120446624614, 95.45164469830426, 67.38437266262747, 24.906254619310094, 9.880363963569753, 19.853280218649846, 86.02879769519348, 88.04509491964593, 49.39063023984588, 46.59443992225165, 33.79539564491657, 67.99913757073567, 71.06191799007253, 26.594228544217675, 24.4793494656433, 10.017836716284997, 62.10884391120569, 56.0368073543893, 66.82004787519026, 18.5468902769497, 12.157695534508475], [75.7099096038414, 0.0, 68.37223414053696, 83.44489527339259, 22.88060355095345, 45.182790567365835, 12.996836507411423, 92.27520517759349, 85.17248832848423, 77.51823354819327, 19.440932047510845, 33.11970355893247, 58.62838566934052, 41.38559453739313, 74.79131105859086, 43.54262621510584, 8.569028110471637, 72.53710556662207, 57.29848642458023, 84.18612943603078, 63.722275989214424, 74.710229305283, 13.402882037312652, 64.13805938929976, 81.8246659332742], [63.67657034039616, 68.37223414053696, 0.0, 83.18786795955815, 49.33522933731357, 51.69749092921705, 55.45970393868246, 58.61637185264352, 71.50640725302408, 80.86288076031583, 62.3012818703062, 98.98644070757882, 15.951511258787002, 32.42706792437319, 90.32762774480727, 26.84836262193265, 59.81062594568394, 83.56422426815121, 42.31667787689042, 64.08600236321297, 4.651767211076435, 12.254318671416005, 71.18830943590562, 70.40167533899726, 58.21663190499651], [20.127838827742238, 83.44489527339259, 83.18786795955815, 0.0, 66.80658403561317, 110.25179621657307, 77.70240150345585, 40.74744367681941, 16.831154528933062, 6.244926316478176, 96.9641076794026, 88.24997714340569, 68.31712162032117, 62.35700235529702, 19.277164776283193, 84.50117382571231, 80.59991445315703, 14.552152396903125, 41.996498517948645, 25.162062921683624, 81.28841699988284, 76.05120019198688, 72.30159765506623, 19.399939395116387, 30.27454058028655], [55.64120446624614, 22.88060355095345, 49.33522933731357, 66.80658403561317, 0.0, 45.8446286527469, 11.882952209439544, 69.99707545827697, 65.43878688740602, 61.463375505511166, 30.483867590242365, 49.85995071789892, 37.258037951705894, 19.055323313203825, 62.64890998226927, 29.391012677812775, 16.059598482234183, 58.54579935406205, 35.00925336186686, 63.24341964447451, 44.77780008250588, 53.69103761931901, 21.929594595879877, 47.619008754158116, 60.24814643946662], [95.45164469830426, 45.182790567365835, 51.69749092921705, 110.25179621657307, 45.8446286527469, 0.0, 39.201207560315865, 101.67434750603174, 105.19874401393774, 105.51086823623581, 26.84108655894172, 76.91352464272903, 53.62356679682362, 48.87137302425814, 108.27338546729831, 29.20497989847155, 39.821237851475836, 103.71625550649289, 71.21873063692357, 100.5685984612664, 48.39384708763526, 63.23978594115963, 56.77081442809592, 91.86741443855287, 95.9348022750947], [67.38437266262747, 12.996836507411423, 55.45970393868246, 77.70240150345585, 11.882952209439544, 39.201207560315865, 0.0, 81.75259149194517, 77.1400962192724, 72.14075134969143, 19.28345310044067, 44.57436547183994, 45.710338398879216, 28.91364442821478, 71.89558148089047, 31.310150517325912, 4.672477114001735, 68.46717129225463, 46.81667493425049, 75.10893443319183, 50.807958418263674, 61.72881878244911, 18.800705717625284, 58.34748716530884, 72.12786064041971], [24.906254619310094, 92.27520517759349, 58.61637185264352, 40.74744367681941, 69.99707545827697, 101.67434750603174, 81.75259149194517, 0.0, 23.92137611966216, 42.96706447183819, 98.56047464704179, 109.71471156568659, 48.91141109278536, 55.19674926408761, 57.78675161761899, 72.51292548672285, 86.05637853535018, 50.86833300454765, 35.01521189457229, 15.946923557655314, 58.90956510625004, 47.67783855905494, 85.78088801096061, 43.31202414555343, 13.018540398994045], [9.880363963569753, 85.17248832848423, 71.50640725302408, 16.831154528933062, 65.43878688740602, 105.19874401393774, 77.1400962192724, 23.92137611966216, 0.0, 19.664970126822418, 95.85982570677851, 95.87875449590153, 57.93054927546835, 56.327392268592575, 34.66397741837204, 77.50226482506042, 80.7480704996279, 28.24695745693457, 34.05380035240273, 8.714497668280597, 70.32208382288253, 62.91355130052087, 75.83409927189419, 24.606547769841367, 14.484581140713074], [19.853280218649846, 77.51823354819327, 80.86288076031583, 6.244926316478176, 61.463375505511166, 105.51086823623581, 72.14075134969143, 42.96706447183819, 19.664970126822418, 0.0, 91.42246427532088, 82.02424569849305, 65.59178961638233, 58.214684038491775, 14.999187779955168, 80.43330417423098, 74.90651533382248, 8.963404379799647, 38.921879713803975, 27.02959355784199, 78.66772480985576, 74.49850650358141, 66.21053483196687, 13.844376757583674, 31.348922505906646], [86.02879769519348, 19.440932047510845, 62.3012818703062, 96.9641076794026, 30.483867590242365, 26.84108655894172, 19.28345310044067, 98.56047464704179, 95.85982570677851, 91.42246427532088, 0.0, 50.0844598062478, 56.89513258385013, 43.62866332182498, 90.89483124404337, 35.46554454967332, 17.118906792338386, 87.67349350554922, 64.20357448952358, 93.27891879093194, 57.88994714188827, 71.24010363863465, 32.38765598213957, 77.62283534285628, 89.86212065653487], [88.04509491964593, 33.11970355893247, 98.98644070757882, 88.24997714340569, 49.85995071789892, 76.91352464272903, 44.57436547183994, 109.71471156568659, 95.87875449590153, 82.02424569849305, 50.0844598062478, 0.0, 86.97973915411677, 68.48201544334282, 73.35013417652146, 75.88377532697803, 41.04541103066205, 74.37045800311535, 77.23030774346344, 97.85030455400646, 94.37387245841093, 103.43863281610246, 27.94722085161835, 71.49671950670137, 97.41942676278155], [49.39063023984588, 58.62838566934052, 15.951511258787002, 68.31712162032117, 37.258037951705894, 53.62356679682362, 45.710338398879216, 48.91141109278536, 57.93054927546835, 65.59178961638233, 56.89513258385013, 86.97973915411677, 0.0, 18.564992041163453, 74.53167926144741, 24.61120210186065, 50.343190581149436, 67.86130080397884, 26.735448503218258, 51.26116998877865, 13.103714496824884, 16.45892753044195, 59.04607504332473, 54.659916095103526, 45.72184816938054], [46.59443992225165, 41.38559453739313, 32.42706792437319, 62.35700235529702, 19.055323313203825, 48.87137302425814, 28.91364442821478, 55.19674926408761, 56.327392268592575, 58.214684038491775, 43.62866332182498, 68.48201544334282, 18.564992041163453, 0.0, 63.91189920213652, 22.22175715629872, 33.57288628159431, 58.13316232466911, 22.396765219962088, 51.93692856669564, 28.226527482032715, 35.000470250011084, 40.584972866087995, 45.262176320294245, 47.66400675047247], [33.79539564491657, 74.79131105859086, 90.32762774480727, 19.277164776283193, 62.64890998226927, 108.27338546729831, 71.89558148089047, 57.78675161761899, 34.66397741837204, 14.999187779955168, 90.89483124404337, 73.35013417652146, 74.53167926144741, 63.91189920213652, 0.0, 85.77678839436639, 73.83632567191032, 7.320321697538826, 48.08793929841088, 41.84385637839663, 87.57842857638339, 85.41004048124476, 62.23445971140578, 19.966747288384877, 45.763622804944895], [67.99913757073567, 43.54262621510584, 26.84836262193265, 84.50117382571231, 29.391012677812775, 29.20497989847155, 31.310150517325912, 72.51292548672285, 77.50226482506042, 80.43330417423098, 35.46554454967332, 75.88377532697803, 24.61120210186065, 22.22175715629872, 85.77678839436639, 0.0, 35.090892846497056, 80.20964879105493, 43.519816807204016, 72.20876506037933, 22.505364046610993, 36.49247196062407, 49.24591443507894, 67.44143588886566, 67.29426817591408], [71.06191799007253, 8.569028110471637, 59.81062594568394, 80.59991445315703, 16.059598482234183, 39.821237851475836, 4.672477114001735, 86.05637853535018, 80.7480704996279, 74.90651533382248, 17.118906792338386, 41.04541103066205, 50.343190581149436, 33.57288628159431, 73.83632567191032, 35.090892846497056, 0.0, 70.79105033233188, 51.06636675520622, 79.01893200223392, 55.161522286261395, 66.30758335341955, 16.990146566811916, 61.202039576587495, 76.20678883845852], [26.594228544217675, 72.53710556662207, 83.56422426815121, 14.552152396903125, 58.54579935406205, 103.71625550649289, 68.46717129225463, 50.86833300454765, 28.24695745693457, 8.963404379799647, 87.67349350554922, 74.37045800311535, 67.86130080397884, 58.13316232466911, 7.320321697538826, 80.20964879105493, 70.79105033233188, 0.0, 41.253476279883145, 34.96783147455728, 80.94607597705152, 78.33607476961004, 60.53985736035381, 13.221350966736551, 38.64233994318563], [24.4793494656433, 57.29848642458023, 42.31667787689042, 41.996498517948645, 35.00925336186686, 71.21873063692357, 46.81667493425049, 35.01521189457229, 34.05380035240273, 38.921879713803975, 64.20357448952358, 77.23030774346344, 26.735448503218258, 22.396765219962088, 48.08793929841088, 43.519816807204016, 51.06636675520622, 41.253476279883145, 0.0, 29.605834644120694, 39.837830258787626, 37.75670198468303, 51.59996704256269, 28.126550777433653, 25.694904418615238], [10.017836716284997, 84.18612943603078, 64.08600236321297, 25.162062921683624, 63.24341964447451, 100.5685984612664, 75.10893443319183, 15.946923557655314, 8.714497668280597, 27.02959355784199, 93.27891879093194, 97.85030455400646, 51.26116998877865, 51.93692856669564, 41.84385637839663, 72.20876506037933, 79.01893200223392, 34.96783147455728, 29.605834644120694, 0.0, 63.22707563811227, 54.94874608999272, 75.94506160225536, 28.433868957685522, 6.018510536998671], [62.10884391120569, 63.722275989214424, 4.651767211076435, 81.28841699988284, 44.77780008250588, 48.39384708763526, 50.807958418263674, 58.90956510625004, 70.32208382288253, 78.66772480985576, 57.88994714188827, 94.37387245841093, 13.103714496824884, 28.226527482032715, 87.57842857638339, 22.505364046610993, 55.161522286261395, 80.94607597705152, 39.837830258787626, 63.22707563811227, 0.0, 14.850320765936711, 66.60101654455902, 67.73725131854994, 57.474922372837355], [56.0368073543893, 74.710229305283, 12.254318671416005, 76.05120019198688, 53.69103761931901, 63.23978594115963, 61.72881878244911, 47.67783855905494, 62.91355130052087, 74.49850650358141, 71.24010363863465, 103.43863281610246, 16.45892753044195, 35.000470250011084, 85.41004048124476, 36.49247196062407, 66.30758335341955, 78.33607476961004, 37.75670198468303, 54.94874608999272, 14.850320765936711, 0.0, 75.5036759567682, 65.50973386723953, 48.94909678076468], [66.82004787519026, 13.402882037312652, 71.18830943590562, 72.30159765506623, 21.929594595879877, 56.77081442809592, 18.800705717625284, 85.78088801096061, 75.83409927189419, 66.21053483196687, 32.38765598213957, 27.94722085161835, 59.04607504332473, 40.584972866087995, 62.23445971140578, 49.24591443507894, 16.990146566811916, 60.53985736035381, 51.59996704256269, 75.94506160225536, 66.60101654455902, 75.5036759567682, 0.0, 53.33685347550733, 74.36533048475147], [18.5468902769497, 64.13805938929976, 70.40167533899726, 19.399939395116387, 47.619008754158116, 91.86741443855287, 58.34748716530884, 43.31202414555343, 24.606547769841367, 13.844376757583674, 77.62283534285628, 71.49671950670137, 54.659916095103526, 45.262176320294245, 19.966747288384877, 67.44143588886566, 61.202039576587495, 13.221350966736551, 28.126550777433653, 28.433868957685522, 67.73725131854994, 65.50973386723953, 53.33685347550733, 0.0, 30.341768223316873], [12.157695534508475, 81.8246659332742, 58.21663190499651, 30.27454058028655, 60.24814643946662, 95.9348022750947, 72.12786064041971, 13.018540398994045, 14.484581140713074, 31.348922505906646, 89.86212065653487, 97.41942676278155, 45.72184816938054, 47.66400675047247, 45.763622804944895, 67.29426817591408, 76.20678883845852, 38.64233994318563, 25.694904418615238, 6.018510536998671, 57.474922372837355, 48.94909678076468, 74.36533048475147, 30.341768223316873, 0.0]]",Route_3,1329.7696697613023
