instance_id,num_cities,city_coordinates,distance_matrix,best_route,total_distance
843,98,"[[87.49985711227265, 78.45956296615032], [21.761386394414373, 1.9837453135672312], [41.82919054763792, 49.52276648611517], [71.38213766726197, 84.04829440604328], [9.264059306399197, 70.2263953480853], [46.74977624135065, 35.8296068756475], [54.76013786548146, 60.24141257413136], [80.45263488602725, 79.08281839203651], [77.31179947147193, 41.262977274079994], [20.455516476384826, 32.00856966576116], [44.464247136528115, 80.22452106622286], [97.05988832325019, 83.02407419720302], [87.0777740380245, 28.454631972211274], [35.697122689799755, 40.10972393779657], [27.84783957126945, 48.455655258420805], [98.32308278125535, 66.74745941961697], [8.258060671522072, 25.322580776915892], [7.313369665835223, 35.562438161844746], [78.64349982474155, 9.022868254223015], [8.560236039127101, 42.46913887114183], [62.17511284498676, 8.72855570954112], [18.105435598818275, 26.834721355558212], [23.72357941222245, 64.41082504931136], [66.37115760020615, 78.95514338269827], [91.6879861333385, 90.0405094226673], [79.42832947301059, 1.335189798122649], [13.079350501352959, 59.061867892569595], [47.58322578393012, 69.75769509002725], [85.97553192679058, 94.53025327330992], [97.50611141724296, 67.6496012515873], [87.16238852804369, 94.55936377928471], [34.30474424060268, 54.62550204461248], [92.73796692015294, 57.23027759958455], [21.509088676780408, 7.949100328948122], [56.742204040898805, 8.254400896782709], [36.91472620784593, 64.68999621356292], [44.277879530809805, 24.799754985259003], [52.00082995192909, 74.12882487016714], [57.91831683966699, 35.801968348087286], [35.122596099112805, 17.44223611217245], [45.09714077192879, 69.89909779989715], [59.26798296148596, 69.61135178589561], [79.19906985354748, 46.912391056153126], [1.352559958363908, 12.763977407665127], [3.67244543148888, 64.69442095435166], [81.88169577821616, 3.154925457700808], [5.807958588052664, 82.71927664993576], [30.628835832929468, 90.75540837271858], [83.18194366756133, 44.11832096101465], [48.87507938886754, 21.320434756471794], [83.46763066264559, 71.40194503083751], [36.34447564050909, 63.612854600297844], [8.613556058840278, 54.21860463870717], [39.492973063841156, 36.74995008770778], [88.75890468739892, 90.74837894862003], [66.34374441066288, 40.78377904218411], [72.47470579474358, 75.84312768094583], [49.262758753587434, 4.6462163769736335], [98.38720919102258, 89.88169789559315], [80.29497105406126, 88.558617328782], [31.950745816269432, 74.29450817583998], [31.041774923520016, 11.518432771836128], [4.484187730574729, 25.955774194973223], [89.19017148993079, 18.390231165091777], [40.69736445717768, 69.42090199666505], [23.078514217370405, 19.149643895457814], [83.10949409990177, 53.08217691762353], [44.5035417379499, 37.356394542314696], [24.429812376084968, 31.041854021621816], [67.01268030745638, 63.724038150600535], [34.651198624035764, 74.57687644467484], [21.35818431205805, 7.395973091035845], [29.718940827358885, 85.03380265728366], [5.714686766730004, 33.631690211562706], [76.40842407701149, 27.839995411488438], [97.30334205497266, 20.69777113580451], [82.00037587932401, 27.115805486789434], [84.92852057096457, 23.92969823383212], [86.23116741608831, 97.16918704245188], [59.455213496523264, 58.66039148867645], [61.13005768557812, 7.2396291121452965], [63.35098461149889, 87.82828885686924], [78.22031304102754, 88.20261127495547], [48.27795476542362, 83.00416446263613], [83.42679014008091, 45.145946520705316], [67.48791935103246, 68.58113581689005], [68.75765710655745, 70.1329542146248], [28.73033605597819, 96.70213043476086], [25.276300734581238, 33.75805989159968], [99.93064747601193, 80.80384904347568], [17.7611551091158, 61.36858662017105], [59.278504943027386, 25.794078281718], [91.4732525464649, 2.2434448295121867], [82.96557496022763, 3.4679735577079818], [78.57437692788002, 17.390260057906993], [58.267197300688586, 98.65542724792785], [53.87504119050346, 35.99187044120067], [46.12207924077008, 50.142364110039765]]","[[0.0, 100.84689989262857, 54.06614444349643, 17.059155876400318, 78.66781493945709, 58.973572447876016, 37.46718857967502, 7.0747288592555755, 38.56659831563848, 81.56370755362802, 43.071786625114754, 10.593817042656108, 50.00671232774828, 64.45334318052014, 66.7727315185331, 15.947275107881124, 95.40860118111137, 90.93973875855283, 69.99921168785973, 86.75698474307629, 74.18730380074959, 86.49109785698006, 65.30528795074676, 21.134510711640928, 12.314980532904112, 77.54558978428467, 76.9069722352503, 40.85413028246127, 16.142820516245873, 14.730254494952051, 16.103337271135583, 58.29050088514667, 21.865963311377232, 96.57384148939632, 76.6472308935239, 52.42572304863279, 68.90220851756933, 35.76221779737394, 51.91086498507601, 80.41449898896245, 43.25820057402178, 29.585968957535293, 32.62096143024497, 108.3386670067345, 84.950068179517, 75.51392035283605, 81.80288164337053, 58.185057150592634, 34.611635023085995, 68.9692208651405, 8.128272944600289, 53.26629143109481, 82.52679900811373, 63.59522562668589, 12.35314530989717, 43.209325369977776, 15.251259151830988, 83.12933192072272, 15.779721215314877, 12.405695552092151, 55.705039692850406, 87.57071403228404, 98.22550177128015, 60.09310930315539, 47.667291834669136, 87.56583763406061, 25.7543590492242, 59.48238050251873, 78.90671495235836, 25.236087355639842, 52.99109320093652, 97.08117575899624, 58.153717974353846, 93.2649573213376, 51.820464164234, 58.58782221992851, 51.63744499809204, 54.59045630266874, 18.75258933112245, 34.32942217295257, 75.945014977765, 25.902530144255294, 13.45499641463688, 39.48431367603624, 33.56168820596161, 22.31727976037835, 20.508595133631466, 61.535744677650946, 76.61589486139154, 12.649910129308225, 71.80242356316349, 59.75029703111725, 76.31962090507551, 75.12854448635855, 61.71810070166419, 35.53056900399682, 54.16763936306, 50.13964751212274], [100.84689989262857, 0.0, 51.60111721247997, 95.89999569673202, 69.37753575962861, 42.07091598743686, 66.95426344372595, 96.89648971486737, 68.03459749597623, 30.053209040348953, 81.46802364273455, 110.62277929203707, 70.4765091027154, 40.593041178873435, 46.86878840120181, 100.2797687394669, 26.963698677365944, 36.555079001258726, 57.31600195472704, 42.583300273870314, 40.97269521155926, 25.11845907812479, 62.45790971343893, 88.96419396448056, 112.44431091172821, 57.67058997692559, 57.73465011924837, 72.52637904762703, 112.64241040565454, 100.24603735238975, 113.3469726741437, 54.11552806531672, 89.94361740977847, 5.97068795013215, 35.538411960298795, 64.51122080254365, 32.05561979591216, 78.22618775637893, 49.50753304735935, 20.432495259842586, 71.81262100571267, 77.33199818458837, 72.92236069556687, 23.08102251849884, 65.26743923645141, 60.13171595201702, 82.29664561170486, 89.21345090193584, 74.48360437528783, 33.30255104956369, 92.87920668092208, 63.330984544970946, 53.86414365095022, 39.026890219602, 111.21073528119463, 59.10185499314522, 89.59380072466199, 27.62995175170171, 116.60860511715796, 104.50544960698878, 73.02512903892462, 13.305482936670348, 29.54927685004737, 69.39606499977943, 70.04528083100344, 17.21635559070961, 79.84134287096191, 42.05270434977411, 29.180373179737995, 76.54765417964902, 73.72862365956036, 5.4272259428200815, 83.43041829781188, 35.48364391107096, 60.45530908538504, 77.82545745125509, 65.27140493901993, 66.87085829908854, 114.96356371522886, 68.0666351692384, 39.7179631116181, 95.38857550050946, 103.05970718838415, 85.24926226815818, 75.27016428945493, 80.78445542358229, 82.7826318420055, 94.97441097133567, 31.968135537163818, 111.00919840281927, 59.51941890968359, 44.4349652891154, 69.71234988321646, 61.222182511572804, 58.864901171438454, 103.33483593611031, 46.77434552250997, 53.969397998666274], [54.06614444349643, 51.60111721247997, 0.0, 45.446548401446634, 38.58922156267609, 14.55042211370218, 16.79579627457388, 48.637096143185026, 36.431300469088356, 27.632970046056492, 30.814627330600924, 64.59696273923424, 49.912930186299754, 11.234216760842214, 14.022014887193317, 59.06140792731754, 41.38441433098662, 37.232145493727785, 54.73148202217678, 34.00848418586275, 45.586447405049086, 32.82626906484856, 23.440721882400297, 38.32196441457383, 64.2462994259529, 61.120682219610686, 30.29105079606172, 21.03713994596014, 63.04421721350973, 58.55340857827997, 63.90143922383746, 9.091490659259854, 51.488923462342825, 46.273926327788566, 43.8802457817294, 15.943550964332319, 24.84398066751328, 26.62555834851737, 21.145218995918924, 32.77405739560559, 20.636723976383823, 26.601931136664472, 37.46093884599794, 54.676925648526826, 41.062346464398786, 61.27136245328484, 48.98507363414789, 42.72679139233572, 41.70441489855857, 29.069160024875387, 47.03677443238342, 15.119943144003988, 33.54592777743287, 12.984712198544191, 62.465584061532, 26.0256268444842, 40.39689367002039, 45.48804992490659, 69.48131272061859, 54.80341158157283, 26.6687618132742, 39.505666896203, 44.159397199884886, 56.677131819905966, 19.930299222421443, 35.694739650956336, 41.433475161842, 12.456835896969116, 25.382720230049795, 28.91166327576807, 26.062079615235938, 46.837258865660026, 37.51921958460164, 39.45609824228514, 40.81502116811435, 62.51609266744172, 45.9977829050268, 50.1254166169783, 65.12846491095662, 19.853787439228462, 46.47996534489272, 43.937463101817585, 53.107854308168626, 34.096782405364515, 41.82722611963197, 31.962349809648998, 33.91050205200826, 48.963990560333656, 22.858786826390325, 65.98700950308404, 26.825245283470576, 29.45384892964998, 68.5555770747494, 61.75148641303153, 48.812976670938326, 51.80952054930355, 18.115950581973525, 4.337371847927604], [17.059155876400318, 95.89999569673202, 45.446548401446634, 0.0, 63.63725758401809, 54.146053010082554, 29.035469687418686, 10.340690104693461, 43.19426178550778, 72.81245564437054, 27.188123752456566, 25.698169308090804, 57.76684433037751, 56.60404816561078, 56.23229563341342, 32.017704709469044, 86.21692721162346, 80.34727928781241, 75.37600380521849, 75.33536685495453, 75.88038180839206, 78.17800153811112, 51.54578913631628, 7.144935869483447, 21.17154039584075, 83.10354310410428, 63.43135266748223, 27.75985294704408, 17.967710419224602, 30.84443453305146, 18.96045612843468, 47.33322103617235, 34.28232005728517, 90.98575907684878, 77.1948311085493, 39.53158435506567, 65.15389652679004, 21.77225217173448, 50.089743953909206, 75.83614808373945, 29.851311970951162, 18.846168216720116, 37.949700215118554, 99.92795206553498, 70.42140896238305, 81.57191833184973, 65.58764556003104, 41.30153735833788, 41.63698117017361, 66.64346966180094, 17.4925496558173, 40.56161930144316, 69.49608067185235, 57.04430027934331, 18.623725861110476, 43.55690182138475, 8.277588181338523, 82.42546280647247, 27.627929424322023, 9.989074624219528, 40.61983516868359, 82.99352803064778, 88.60065806869098, 68.03019430504446, 33.99288036710397, 80.90163704452482, 33.11240434044006, 53.87571282141601, 70.81104131754967, 20.788639925595493, 37.932435213101364, 91.5312748314081, 41.674850898758756, 82.78917855780847, 56.43258306097735, 68.44850353019075, 57.91420617835538, 61.625888192310285, 19.815436105664972, 28.04990436197946, 77.48984583918651, 8.876247937803885, 8.00118685506733, 23.127764156967682, 40.72427192943838, 15.949856774168033, 14.16067056521062, 44.48927676339526, 68.2265042837509, 28.732278677664585, 58.22009031042093, 59.498332929442334, 84.2358968096631, 81.40862440516194, 67.04492410868471, 19.63084284179461, 51.146048834051975, 42.28099645168304], [78.66781493945709, 69.37753575962861, 38.58922156267609, 63.63725758401809, 0.0, 50.875515047465974, 46.5788905540948, 71.73736489577692, 73.95521974886472, 39.82274367082381, 36.59256401445572, 88.72366187596909, 88.31678445156828, 40.07144540275748, 28.623801511761258, 89.126946865072, 44.915082058205584, 34.718800640046915, 92.5169092402429, 27.76617824473462, 81.12683814109468, 44.28326214968701, 15.585203867472782, 57.770335967434775, 84.77206397235584, 98.33119042369232, 11.798437193427603, 38.32203282009754, 80.46941991613063, 88.27966712980182, 81.61031214373256, 29.50294517231099, 84.47953792985844, 63.46969528193867, 78.06857449513454, 28.199487503703008, 57.3545748947798, 42.914572366312136, 59.60098950849506, 58.77781376763113, 35.8345761939545, 50.00770600104685, 73.71871198246735, 58.00449376982343, 7.86567774695953, 98.85293723511565, 12.962126191234224, 29.62927693674183, 78.39314495943476, 62.93509270162525, 74.21288243343044, 27.876295845240467, 16.02100239904912, 45.104984361220176, 82.10104903744939, 64.2258367523415, 63.45969990138187, 76.81572645851587, 91.26481667976502, 73.35844045816198, 23.048541966390633, 62.617040550911234, 44.52791337536208, 95.26369364023597, 31.443624031608365, 52.911942918784796, 75.80944839156149, 48.18981297966336, 42.01700066801542, 58.1135429710444, 25.757203429426713, 63.98382467977074, 25.251960107227298, 36.76643155725601, 79.40385771506433, 101.01485001347373, 84.55231934598602, 88.70453687464816, 81.54661093543129, 51.50654719754246, 81.5929807564961, 56.87901321273078, 71.2608536867466, 41.05308054741393, 78.28882141207613, 58.24710084993098, 59.493671179818925, 32.86183924966804, 39.82877560911402, 91.28150271000301, 12.274421067441757, 66.90049007462824, 106.67723756450214, 99.44144151013423, 87.152609376843, 56.65260265909796, 56.23292985665946, 41.9747774771144], [58.973572447876016, 42.07091598743686, 14.55042211370218, 54.146053010082554, 50.875515047465974, 0.0, 25.692453187850255, 54.833593601956636, 31.041243174284034, 26.57044263739008, 44.453706811440824, 68.98133895089792, 40.99680062047336, 11.852449223528033, 22.73104281910297, 60.13085358939799, 39.89999705448624, 39.43731155531512, 41.66306325189155, 38.76240918694866, 31.183456890527577, 30.023427791725315, 36.7027488439807, 47.37943124870338, 70.41494630587196, 47.51581474448975, 40.90764624701716, 33.938323588868684, 70.60046598002891, 59.9059062411409, 71.29069769468451, 22.542504224295097, 50.72378524266751, 37.60870848663642, 29.329858474019325, 30.49016697064159, 11.303446645669158, 38.65751756208767, 11.168574796474527, 21.755153910132357, 34.109550214453435, 36.026542835375075, 34.28971800878835, 50.92082588684647, 51.8539672686712, 47.977980117019335, 62.24848242566003, 57.2427147307631, 37.36315838577368, 14.66400317282804, 51.12330266258817, 29.667813109886655, 42.338239554080715, 7.314931577608731, 69.14360707107845, 20.21057669824656, 47.56946339578649, 31.284483759518732, 74.75328103341252, 62.49502890942187, 41.21358918555904, 28.944334362821294, 43.40360058760316, 45.88375501230936, 34.13219589057366, 28.957724545074804, 40.2452513448075, 2.715998899733775, 22.82768854566745, 34.47730525063236, 40.592197272592486, 38.12091907209382, 52.06824596062419, 41.09390959561263, 30.715945090261688, 52.76964534019346, 36.31163876061162, 39.990303128003156, 72.94740807000942, 26.128009145199865, 32.00280179816672, 54.58445792653174, 61.100951516893325, 47.19930310004104, 37.841743259391855, 38.7651032196058, 40.756183074910936, 63.48357542742081, 21.573165211598962, 69.64831314431153, 38.63391827836568, 16.052441466636623, 55.93048912537218, 48.56809022239792, 36.7806296835979, 63.87280088823503, 7.12711232269645, 14.32651469043277], [37.46718857967502, 66.95426344372595, 16.79579627457388, 29.035469687418686, 46.5788905540948, 25.692453187850255, 0.0, 31.860680726339556, 29.474708609744393, 44.42859965537937, 22.479546056565443, 48.0449639340159, 45.33022202477576, 27.72514084614544, 29.379854917638234, 44.04609875222099, 58.15297066732863, 53.481282619560076, 56.51331047397107, 49.500349911275926, 52.04379190929934, 49.59409457214453, 31.31536301898399, 22.02315826705317, 47.45157690406396, 63.86284333571861, 41.69747427542219, 11.91921557606303, 46.36944492762942, 43.383170865770985, 47.19775018916474, 21.212297834612176, 38.097013446473575, 61.968687190363795, 52.02478226253829, 18.391536467285494, 36.95928614626732, 14.158884152428058, 24.642656685327307, 47.08930401320209, 13.661786001470748, 10.397904992917038, 27.837460576425492, 71.45961256465667, 51.28139625502152, 63.20162905264557, 53.866225312526474, 38.90274639896837, 32.67649198148564, 39.36338943175388, 30.800610828625164, 18.721731664567674, 46.537954702200174, 28.016693788373583, 45.679220032584816, 22.644633873329195, 23.605495783707763, 55.86633169718905, 52.74341538411705, 38.12993300656855, 26.791003371382324, 54.189385505479564, 60.85372758536678, 54.1936214024589, 16.793588716879544, 51.88698035270665, 29.23936822319317, 25.078313628309804, 42.10157792712962, 12.737875694097266, 24.6956466163535, 62.51664558616822, 35.23810657707459, 55.79904656616461, 38.96793720539916, 58.082904549546264, 42.88748549350673, 47.20881181936255, 48.518926494289985, 4.9541258415441565, 53.38318956999216, 28.893570060701116, 36.4994308456211, 23.667732702570028, 32.39830316548902, 15.216681810097246, 17.13981157801649, 44.798822854562225, 39.631611388748865, 49.630522181726505, 37.01614845355888, 34.74240177219659, 68.64121977416288, 63.39376987888659, 49.02386412850166, 38.57377333423225, 24.26568955914581, 13.289350498952968], [7.0747288592555755, 96.89648971486737, 48.637096143185026, 10.340690104693461, 71.73736489577692, 54.833593601956636, 31.860680726339556, 0.0, 37.95003595899218, 76.26033772941142, 36.0064929950772, 17.068519679512683, 51.059824999150784, 59.34608633503794, 60.87107368628119, 21.714372865789, 90.01233079110844, 85.1080231959952, 70.08330459519505, 80.67886055231911, 72.68968351532621, 81.34517135572464, 58.59567495642485, 14.08205608066895, 15.694078831623877, 77.75437578397955, 70.28511867870965, 34.166591567183026, 16.40504910489617, 20.53142751932721, 16.868439496886076, 52.22823119673918, 25.069162775698995, 92.38153216525782, 74.69169469053165, 45.85523767609124, 65.23238381229113, 28.879876312454947, 48.7957730786319, 76.51387978807414, 36.52877890056737, 23.20556305792241, 32.194841516367326, 103.22311041173045, 78.11672979266082, 75.94134012829592, 74.73320231524175, 51.172847379646434, 35.07085979882577, 65.83034994923204, 8.251425035943967, 46.7423736212197, 76.0202760604698, 58.90471658075854, 14.320594300255001, 40.81515901680858, 8.610629970511889, 80.70697672881695, 20.934773799440347, 9.47711049706276, 48.73767698671763, 83.7041175000946, 92.70214554328017, 61.31830632205075, 40.91251832021722, 82.96851889565674, 26.136033707571517, 55.07659889150542, 73.80034484756796, 20.408932102850763, 46.02254965225484, 92.90402508959927, 51.081522359496894, 87.47322985897243, 51.40216481903798, 60.76808434701552, 51.99005609226103, 55.33443969039497, 18.987052671747175, 29.291077577164767, 74.3962756834883, 19.208063300695823, 9.389029931095237, 32.41275976939596, 34.06694691172612, 16.684399474133617, 14.726594109175753, 54.64097686831547, 71.4056131092994, 19.553897845667358, 65.14610996741298, 57.34137774232594, 77.62566162744581, 75.65659011042001, 61.721143919789085, 29.58514252591448, 50.628038495936124, 44.90141361873191], [38.56659831563848, 68.03459749597623, 36.431300469088356, 43.19426178550778, 73.95521974886472, 31.041243174284034, 29.474708609744393, 37.95003595899218, 0.0, 57.60452218531406, 50.960411978946354, 46.19498056629318, 16.106767788928174, 41.630653572826525, 49.98417695226421, 33.029272722089665, 70.86970497143685, 70.23016674780698, 32.26760070787976, 68.76214292901263, 35.88325331638071, 60.9390522725077, 58.373968391260085, 39.24789205186651, 50.85196540393791, 39.98384563761507, 66.6528919698755, 41.179327785990694, 53.96723962215854, 33.22746093058382, 54.19906751295283, 45.035140366986006, 22.20183149741488, 64.99043721311136, 38.893114694420184, 46.69848760567796, 36.9090443492812, 41.48263632206195, 20.14769929991739, 48.44952621746548, 43.10233907686654, 33.60371484982277, 5.956313085805469, 81.1295202795852, 77.2773383105792, 38.381083433043365, 82.65242899650269, 68.03528371463564, 6.527754625703977, 34.7325791026668, 30.761203407817057, 46.66731873986294, 69.90920489028798, 38.08715065787207, 50.79213715443634, 10.978518240745933, 34.91681940553734, 46.12521939014924, 52.9901206803653, 47.38962841039273, 56.11334264169338, 55.005936946061, 74.41889207713243, 25.77320772381936, 46.18966958204771, 58.56832542054478, 13.164601901252608, 33.0400236705323, 53.86070849606988, 24.70973717491455, 54.127098043520036, 65.40474770031699, 64.66038469298982, 72.0026602972839, 13.453346393621864, 28.680820741005423, 14.903865884775572, 18.93296074560322, 56.61324416774445, 24.930456956000153, 37.675416220309586, 48.61309077148551, 46.948425288205485, 50.845755440597124, 7.243656607502384, 29.030852670751372, 30.11061142100595, 73.71335218781186, 52.57391856914232, 45.553186774761166, 62.85312061584088, 23.758925640388828, 41.509886357203, 38.21553981298483, 23.906081425377785, 60.469746037535444, 24.02220235457547, 32.42903265057513], [81.56370755362802, 30.053209040348953, 27.632970046056492, 72.81245564437054, 39.82274367082381, 26.57044263739008, 44.42859965537937, 76.26033772941142, 57.60452218531406, 0.0, 53.862761880198725, 92.03701151520721, 66.7169819141955, 17.260801270628377, 18.032001143285154, 85.2651648891501, 13.909722338470399, 13.614183929912748, 62.56343880837294, 15.840492567517108, 47.77534689524361, 5.682568650539459, 32.566645349089974, 65.66754817694476, 91.87910951559124, 66.47291858523623, 28.040841097225567, 46.48557929693522, 90.56397377403357, 84.89450696742428, 91.4462061714361, 26.52030806560731, 76.55643142972956, 24.08252642789982, 43.370315058917484, 36.59209239963719, 24.889194253624517, 52.623404496047606, 37.65436607648851, 20.6712674467205, 45.19847088349886, 54.04051052526616, 60.6046941697775, 27.115996734580264, 36.74284077419543, 67.86536883938719, 52.783773594987096, 59.621199961016515, 63.88466752361524, 30.36293437689666, 74.31261371312524, 35.373575583231485, 25.169777115226445, 19.619007151864313, 90.08728009930776, 46.719736327898055, 68.02546974277972, 39.731040574315074, 97.07032347981179, 82.33266796869717, 43.820553319814564, 23.063273354867235, 17.0798031287814, 70.07076382736236, 42.537219233461, 13.123722380307612, 66.10308491026653, 24.635477464241625, 4.0901793401997795, 56.33329783712362, 44.8729109113822, 24.62914369952271, 53.82830449226007, 14.829921808129852, 56.10797519317241, 77.67575206937057, 61.73903838122667, 64.97719923629623, 92.5869446166856, 47.23659570865601, 47.6226702183626, 70.39788517494503, 80.58872150946695, 58.09164105991871, 64.32707033168016, 59.578515549163036, 61.535075255390765, 65.22062130988235, 5.128418558813121, 93.25918580470827, 29.483388182850835, 39.317226970418545, 77.00312651468795, 68.71734160935263, 59.9290990752527, 76.62588878660156, 33.65607400136272, 31.426214297708164], [43.071786625114754, 81.46802364273455, 30.814627330600924, 27.188123752456566, 36.59256401445572, 44.453706811440824, 22.479546056565443, 36.0064929950772, 50.960411978946354, 53.862761880198725, 0.0, 52.67009559109986, 67.05247267469572, 41.06165388436297, 35.85199903895067, 55.519414330774026, 65.765575994356, 58.09379782902802, 78.98035627600898, 52.10150571316473, 73.6569604750759, 59.54206629623625, 26.08156972586845, 21.94365616224963, 48.233133344752986, 86.2902870638427, 37.85326440545076, 10.921651606735713, 43.907183226884, 54.51209017014747, 45.04019309348127, 27.54133754851219, 53.47043345953883, 75.8332100247788, 73.00990633434095, 17.271847864386707, 55.42507941369163, 9.69317247592374, 46.41524729625443, 63.47347279105207, 10.344801592225492, 18.215102430346708, 48.126976998254875, 80.05961854802996, 43.648082384315394, 85.67256287817287, 38.736706749096015, 17.387299773163683, 52.94069994537774, 59.06900054296569, 39.9887706035778, 18.48994732071189, 44.28972499330671, 43.75787800695682, 45.527664911324074, 45.10304349348996, 28.351056457214206, 75.73048166649968, 54.780899052901425, 36.78719800376327, 13.847482376671326, 70.00492360559392, 67.40550450133378, 76.3144004552445, 11.441485485727084, 64.7108197592457, 47.22459061486023, 42.86814453338866, 53.10662212747614, 27.94096946980477, 11.322182249011393, 76.40607004304354, 15.50977909492402, 60.6004976539269, 61.35608338605422, 79.59525054347749, 65.03458027459625, 69.32867013225554, 45.07324411094802, 26.26291600039337, 74.86350041779507, 20.359914957153837, 34.68604775306036, 4.719193076143384, 52.42696013931318, 25.80034694156883, 26.306073243496325, 22.783054413155032, 50.27235126007883, 55.469425700336195, 32.68946906357236, 56.41041868373858, 91.05435102545704, 85.87153096116828, 71.49577127945426, 23.0265007309645, 45.22267601592827, 30.12780400929166], [10.593817042656108, 110.62277929203707, 64.59696273923424, 25.698169308090804, 88.72366187596909, 68.98133895089792, 48.0449639340159, 17.068519679512683, 46.19498056629318, 92.03701151520721, 52.67009559109986, 0.0, 55.474918930540305, 74.88010726736964, 77.36461258465472, 16.325558148396258, 105.90196852381293, 101.52361551027697, 76.25838869490583, 97.34932579998538, 82.07783883314278, 96.90742478147591, 75.66153083658284, 30.957299484366104, 8.836724303219718, 83.5700047975096, 87.33222809387681, 51.22437847983193, 15.976705344193322, 15.380947090640493, 15.199454198707105, 68.88168848932014, 26.153373540212062, 106.50903730923577, 84.9471583476631, 62.877491532331796, 78.5876058921482, 45.92868604587175, 61.3350625582916, 90.2064612689654, 53.59470252284449, 40.101486672632625, 40.28724979056352, 118.72815126843085, 95.1692738117989, 81.29857593652459, 91.25243877257336, 66.87943079232389, 41.30683941844915, 78.28866413648099, 17.883605751412336, 63.74289594515482, 93.01886242860547, 73.85962560550215, 11.338924693966087, 52.22761751833879, 25.61244214887235, 91.80225591774543, 6.984896812032797, 17.654846890246805, 65.69174804277677, 97.32136483071318, 108.75224689802594, 65.11118266577735, 57.98086227774715, 97.74040393290097, 33.032267734561046, 69.62547329430305, 89.31561535629471, 35.71170817735465, 62.977771474093544, 107.00634405082154, 67.37093006726006, 103.84388977299645, 58.921689783488304, 62.32677853876922, 57.900979484328055, 60.32673830103385, 17.81419136222661, 44.807372205314906, 83.87034545357453, 34.04953256572361, 19.53834289493845, 48.78193762078067, 40.25684938428484, 32.910481885735514, 31.09979527663108, 69.6851270751776, 87.0633310450503, 3.6291400973796635, 82.20248920540938, 68.5762740502122, 80.97357952037623, 80.79494302328915, 68.18732792843561, 41.82358276102534, 63.85107056287173, 60.62893082002558], [50.00671232774828, 70.4765091027154, 49.912930186299754, 57.76684433037751, 88.31678445156828, 40.99680062047336, 45.33022202477576, 51.059824999150784, 16.106767788928174, 66.7169819141955, 67.05247267469572, 55.474918930540305, 0.0, 52.685980124641134, 62.51580655667488, 39.90986848697163, 78.88191782574478, 80.08046649264426, 21.183258075578802, 79.75844893820634, 31.768862416144316, 68.99135873555724, 72.84642611193568, 54.58081729897104, 61.758192629855735, 28.17761781959145, 80.07852131874749, 57.14684912319559, 66.0848142011308, 40.5585482642813, 66.10478596060219, 58.905917481574605, 29.327044936970108, 68.70028622920498, 36.44579732357659, 61.88160461167929, 42.95566430191087, 57.58926899430784, 30.07087121988843, 53.10944715624685, 58.991671591544545, 49.67152167533062, 20.06895238988158, 87.14934864740844, 90.93828206775325, 25.82778308338554, 97.72120836989366, 84.07062129298585, 16.14089982043701, 38.863127104876554, 43.09877996122906, 61.72493972988097, 82.5858086516375, 48.30243872093752, 62.31642730950725, 24.12276626055414, 49.58748962848062, 44.68574755017268, 62.4594888822777, 60.485498031033266, 71.6957703837973, 58.53945712180405, 82.63137896294009, 10.28369518223716, 61.881965649157976, 64.67215831175047, 24.94520426265554, 43.494903526680105, 62.70136217283323, 40.57756767713766, 69.8269807797555, 69.0110975686017, 80.56822141948717, 81.527626620244, 10.687039192046857, 12.8347626119307, 5.250945478677352, 5.009422701508738, 68.71977023588944, 40.93157410649422, 33.51656799643455, 63.938968308440664, 60.40095732746685, 66.94085053620402, 17.085949337973943, 44.653093033456095, 45.52701647730815, 89.78944573536718, 62.028609932613826, 53.903959813610015, 76.73409978818736, 27.926294207360545, 26.577181241579318, 25.32278183728047, 13.954500645700612, 75.88281089470125, 34.04748789973008, 46.34357195564507], [64.45334318052014, 40.593041178873435, 11.234216760842214, 56.60404816561078, 40.07144540275748, 11.852449223528033, 27.72514084614544, 59.34608633503794, 41.630653572826525, 17.260801270628377, 41.06165388436297, 74.88010726736964, 52.685980124641134, 0.0, 11.457129443426105, 68.05571121497462, 31.16988494209225, 28.745699567997807, 53.01682662427073, 27.23926313098701, 41.0592459992661, 22.038447047499503, 27.0907595658018, 49.496091053083944, 75.02039808138304, 58.44555538674164, 29.50842895260466, 31.94184778950332, 74.09124407485538, 67.666800796017, 74.92287278707946, 14.58240486998302, 59.55477536014705, 35.151188032051124, 38.179275204248256, 24.610411282178244, 17.550627831852772, 37.724131517319584, 22.634889610218238, 22.67476758708288, 31.23727156843814, 37.76150817479471, 44.030622150506446, 43.90146742995874, 40.373100957132166, 59.1495724588417, 52.047440984449324, 50.898653062190405, 47.65372045690261, 22.949856877591937, 57.107132067014916, 23.512044079182047, 30.53817440657102, 5.069177486126394, 73.34729776935163, 30.654033554908075, 51.27832643634114, 37.96955162142006, 80.0455891176171, 65.8503101703609, 34.38945787708936, 28.96781305797408, 34.27216949787657, 57.7342414537229, 29.734619165728752, 24.465368077380596, 49.155035337626195, 9.226800052653484, 14.46300613711447, 39.221167558421904, 34.483018416080526, 35.71826771085927, 45.32010047622456, 30.674278880508453, 42.520069364356495, 64.5921835523198, 48.09192419361708, 51.82203941485234, 76.21989245721915, 30.142563682669525, 41.560525939246666, 55.15249329921679, 64.19616444984396, 44.70134632932261, 47.9946319166949, 42.67641089342952, 44.658630657209756, 57.01961582752764, 12.203981578899347, 76.0391841393475, 27.81435197166024, 27.5865782496351, 67.4153673526598, 59.80739461770961, 48.52456048215769, 62.74557868104337, 18.638493459441758, 14.46836507402709], [66.7727315185331, 46.86878840120181, 14.022014887193317, 56.23229563341342, 28.623801511761258, 22.73104281910297, 29.379854917638234, 60.87107368628119, 49.98417695226421, 18.032001143285154, 35.85199903895067, 77.36461258465472, 62.51580655667488, 11.457129443426105, 0.0, 72.81037017470943, 30.313339840866124, 24.246638971136292, 64.3050837143114, 20.19529718692621, 52.50337254858076, 23.714536006306037, 16.479592377108386, 49.135168747054706, 76.18966077446537, 69.86333232604048, 18.182409517141018, 29.038980180960635, 74.17342651389198, 72.254289833588, 75.12501352627065, 8.930768571289766, 65.48070421570287, 40.99952140155752, 49.507829182392, 18.594683636145408, 28.801872001761787, 35.248809657089595, 32.62436812528266, 31.855207575532823, 27.520167512947033, 37.878607501126226, 51.37441499327802, 44.45104846421704, 29.12296676406917, 70.51108946166435, 40.74005528488446, 42.39107280711248, 55.50383360585755, 34.328778102871304, 60.16721179652619, 17.37623424055114, 20.079074874013685, 16.51159191608952, 74.15411202837576, 39.2529282230115, 52.36058474293832, 48.76336430859202, 81.8041543867362, 66.02233839837909, 26.16257173412586, 37.07505398590557, 32.43616616066832, 68.3140645191819, 24.589669794225294, 29.69156052378285, 55.45498321977008, 20.01514434395266, 17.74608079046646, 42.035797435437026, 26.99266364518448, 41.56937725141045, 36.62597284774122, 26.638813651879527, 52.75543382878899, 74.7968378758641, 58.20555280100829, 62.12669886096417, 76.03697225106617, 33.21389359861182, 52.976097005148304, 53.015823904049995, 64.16546264184358, 40.13712863521953, 55.67740940685817, 44.45639315841199, 46.29814748785528, 48.25454555776814, 14.920861957521007, 79.00846053801749, 16.385511886795754, 38.74833927773486, 78.63689699492154, 71.14672346083033, 59.48310996539871, 58.69714160390494, 28.857601357323944, 18.351916037528074], [15.947275107881124, 100.2797687394669, 59.06140792731754, 32.017704709469044, 89.126946865072, 60.13085358939799, 44.04609875222099, 21.714372865789, 33.029272722089665, 85.2651648891501, 55.519414330774026, 16.325558148396258, 39.90986848697163, 68.05571121497462, 72.81037017470943, 0.0, 99.13490191748441, 96.2043316706622, 60.987001980374366, 92.98820088540973, 68.35838586620102, 89.59853558656035, 74.6360888785502, 34.204576748117184, 24.21963430714428, 68.08653846109739, 85.58949824673758, 50.82907245760466, 30.403053241745187, 1.2170875459912647, 29.967701285300095, 65.15588630436272, 11.034956682175668, 96.7348785187512, 71.76633871235141, 61.44281415992648, 68.41413524772659, 46.90666970803406, 50.89369831769609, 80.15800996941384, 53.31916847870237, 39.15996299050575, 27.552818502694457, 110.98422692743164, 94.6729006509089, 65.68355640707321, 93.88368947864389, 71.82543200591041, 27.227412676176737, 67.14700000178412, 15.567552599987136, 62.05782376526156, 90.5801931267583, 66.03659875766597, 25.8363627635293, 41.19212037953789, 27.402003101178135, 79.14214920724119, 23.13432735265424, 28.29733948248007, 66.80003786767223, 87.04607843842619, 102.32155104277433, 49.21210819620974, 57.68769979448578, 89.03537016847332, 20.449773260960576, 61.321918534353046, 82.06768954959662, 31.456038835829567, 64.15145051425304, 97.19153525788961, 70.99942705568922, 98.35125409787243, 44.65470884091966, 46.06097765120856, 42.86139001546452, 44.863960700859366, 32.73676723130002, 39.700276201239035, 70.17480305402019, 40.83440975644934, 29.401443712244035, 52.61934337272473, 26.239757887094814, 30.889636982303166, 29.758628502219505, 75.76564335102076, 80.15068838502548, 14.148015885824787, 80.74129341819874, 56.58319967261892, 64.86669463203671, 65.11640636138075, 53.16149463394276, 51.211252401838415, 54.05122250849182, 54.77840779790792], [95.40860118111137, 26.963698677365944, 41.38441433098662, 86.21692721162346, 44.915082058205584, 39.89999705448624, 58.15297066732863, 90.01233079110844, 70.86970497143685, 13.909722338470399, 65.765575994356, 105.90196852381293, 78.88191782574478, 31.16988494209225, 30.313339840866124, 99.13490191748441, 0.0, 10.283341886755862, 72.24811882058933, 17.149220519646143, 56.41285476744441, 9.962798908354952, 42.03656872554433, 79.07960423715964, 105.58864877798568, 75.10394188886241, 34.082023571022695, 59.33757658632032, 104.06587947392566, 98.77647100486038, 104.97440199880425, 39.205751105783435, 90.30479320780708, 21.85011592811487, 51.400728814705154, 48.69289350431217, 36.02361305400004, 65.53990636863118, 50.75390237757681, 27.996483632331902, 57.828917442265166, 67.553737198722, 74.15353458640843, 14.33193841340328, 39.637982618785855, 76.88852052598725, 57.44896602515451, 69.15133048976193, 77.24550532084261, 40.81371561441262, 88.20310214666657, 47.48675368226077, 28.898210532688964, 33.25965305773764, 103.73485891287028, 60.10819667267867, 81.70742420590713, 45.922731948355754, 110.8654275055721, 95.85464399939593, 54.402141525252695, 26.639296861269475, 3.82662395318454, 81.22846811718011, 54.744592102766, 16.054625285166697, 79.83315266340387, 38.19093572403117, 17.153298214677022, 70.19100552767594, 55.880080285441935, 22.203074168249387, 63.450763553401785, 8.689651915727922, 68.19684309953527, 89.16530155208588, 73.76411530728826, 76.68311119777839, 106.0270729921112, 61.09466490979146, 55.87880822963909, 83.31982843736787, 94.06707708889843, 70.20510679273869, 77.73868869057047, 73.34492990889858, 75.28725480736479, 74.2573509409928, 18.9941518035994, 107.15425469804127, 37.27765203364893, 51.02262286044117, 86.35632388460206, 77.83852868536891, 70.76232079188307, 88.7615914567537, 46.84808057551068, 45.27367388356694], [90.93973875855283, 36.555079001258726, 37.232145493727785, 80.34727928781241, 34.718800640046915, 39.43731155531512, 53.481282619560076, 85.1080231959952, 70.23016674780698, 13.614183929912748, 58.09379782902802, 101.52361551027697, 80.08046649264426, 28.745699567997807, 24.246638971136292, 96.2043316706622, 10.283341886755862, 0.0, 76.10739937330706, 7.018346702796243, 61.072646185663416, 13.879543499430728, 33.18922129139787, 73.28539542149592, 100.43374010927569, 79.82525890056628, 24.19648182411717, 52.82969721810337, 98.31042157670167, 95.73043768720514, 99.2799226710369, 33.04443532629793, 88.12977409458202, 31.048588768435042, 56.470687679073684, 41.528965159072435, 38.49948491496171, 59.02825840694508, 50.60551405900769, 33.1917880979355, 51.05506394175928, 62.11771375122144, 72.77620024555193, 23.564826863963006, 29.358623106391914, 81.30610148612244, 47.18086136035472, 59.915564950080565, 76.34948363629266, 43.93415955836931, 84.16615543425333, 40.368688069881394, 18.701417921349194, 32.20150709869061, 98.38121383409654, 59.26084325339532, 76.606355312329, 52.111073816291324, 106.04256798042002, 90.19373119837117, 45.90396008131557, 33.7809326583457, 10.014602488126625, 83.65820563508132, 47.54878212406933, 22.757846962345607, 77.7945610264319, 37.23341480778425, 17.703341267175997, 66.0082071034464, 47.63909410004126, 31.47390304731609, 54.30861371932333, 2.5067059379611654, 69.52526638651548, 91.20939346576516, 75.1631192851988, 78.48205073938102, 100.1169831216864, 57.02882890216453, 60.81461519963829, 76.62854192579329, 88.31071534185982, 62.68025707334504, 76.71438202028139, 68.63826064704412, 70.5019222380044, 64.78231564696797, 18.053328599531262, 103.07640567815703, 27.84086059952175, 52.87528854885381, 90.51541969831067, 82.17853018964918, 73.54154752955935, 81.09881517296628, 46.56365178176701, 41.457088411108785], [69.99921168785973, 57.31600195472704, 54.73148202217678, 75.37600380521849, 92.5169092402429, 41.66306325189155, 56.51331047397107, 70.08330459519505, 32.26760070787976, 62.56343880837294, 78.98035627600898, 76.25838869490583, 21.183258075578802, 53.01682662427073, 64.3050837143114, 60.987001980374366, 72.24811882058933, 76.10739937330706, 0.0, 77.6551149701305, 16.4710166531673, 63.10403577526208, 78.00015010275304, 71.00094005237447, 82.06105534024024, 7.727635965881921, 82.47762824733775, 68.21627235686096, 85.82116048823767, 61.58645904769823, 85.95966223437682, 63.60444524850741, 50.225574347088205, 57.14450030214295, 21.91477353501102, 69.5709686781178, 37.81409807347827, 70.34641031942473, 33.862271211512464, 44.32781086657583, 69.50736313080681, 63.61112316557587, 37.893595715039886, 77.38142724921771, 93.38083731087043, 6.702138889664713, 103.61552334312213, 94.7924895361869, 35.38768533274079, 32.2085236719132, 62.56533751082929, 69.05993090210067, 83.3477510865835, 47.97452253703771, 82.34913790559968, 34.059351686827235, 67.10440439821426, 29.704932714026352, 83.23439427611815, 79.55289270713216, 80.25335042820899, 47.66709615482303, 76.06790961948626, 14.106018967704006, 71.32903805103956, 56.48025504931143, 44.28507406296803, 44.365813979751046, 58.51461049178688, 55.92400156172679, 78.9471377237164, 57.30841265695377, 90.39510286467274, 76.96886313424694, 18.949402049953637, 22.011203269050878, 18.40171172873375, 16.17761001574171, 88.4722906643252, 53.217234474036644, 17.603993791173167, 80.27549649741965, 79.18087390199189, 79.9706103229582, 36.43839526772859, 60.59401134412242, 61.904543390096734, 100.89091601294383, 58.8208096175712, 74.87090127809365, 80.29155702388286, 25.617894381763, 14.51079380571875, 7.038266019848767, 8.367677310414662, 91.91947201932626, 36.61698543131547, 52.42571636359483], [86.75698474307629, 42.583300273870314, 34.00848418586275, 75.33536685495453, 27.76617824473462, 38.76240918694866, 49.500349911275926, 80.67886055231911, 68.76214292901263, 15.840492567517108, 52.10150571316473, 97.34932579998538, 79.75844893820634, 27.23926313098701, 20.19529718692621, 92.98820088540973, 17.149220519646143, 7.018346702796243, 77.6551149701305, 0.0, 63.348101526347264, 18.31791051637485, 26.671418683520944, 68.36176692390674, 95.777127