instance_id,num_cities,city_coordinates,distance_matrix,best_route,total_distance
977,57,"[[71.38482416940751, 8.757111343083036], [70.11996326790577, 82.31267025260101], [74.68335830791773, 83.2211949610611], [8.975398987137673, 1.3278848113580932], [5.348761612841891, 58.19561653075045], [64.62173723873539, 44.12084987728896], [98.23278403548186, 53.613503485341376], [55.899912797518326, 50.02027276504539], [98.08875135962258, 72.49864204119505], [96.79421461209323, 6.8201489853767505], [56.95032597198642, 30.139638185284944], [7.013976004783906, 21.39666829753628], [79.14297181903474, 37.18294601015758], [50.297214259670085, 5.5921560040592455], [33.988360143042186, 97.04082796965172], [82.7212752119432, 72.38453929404452], [37.52933605698618, 81.6147890966275], [18.912914769356448, 18.207854672442615], [4.903132358970696, 30.90109103093632], [98.16252200318414, 96.66986307089441], [95.78260160140528, 36.82476740741255], [76.96190806158057, 52.002814390326314], [23.98571835769785, 84.06790762990522], [16.344464159070128, 85.67237932880364], [32.715561507484495, 13.263194476569417], [69.77259834910512, 20.32499541376961], [4.4187180973504265, 91.11248216338684], [57.171173858261525, 37.457142674743736], [37.700312478792455, 51.57051624027553], [61.04208843140202, 24.786693206379763], [28.603805626300925, 20.53446511585848], [67.1339600500298, 79.10467745115662], [41.06862552317472, 83.7005010230697], [22.34331250256676, 37.19316074409744], [61.733805949863864, 35.997301593200326], [56.46275298784872, 42.37825693052294], [49.12762541624331, 5.901088678897237], [68.10951938870718, 59.06199941944937], [72.42374237558968, 24.50561919889932], [52.87584232120307, 14.362477922541261], [94.70140154157116, 39.00733236955808], [45.01151964095917, 27.665159843751997], [12.104211524998231, 36.972580551376325], [64.57816252956347, 98.88577281285906], [81.37434772503859, 12.322581613231954], [49.82310959805605, 96.20439155113023], [14.71376461079884, 96.934115977288], [56.82258863779383, 23.60031621792019], [65.79485107873414, 79.37492679350801], [89.57642407744078, 17.96938530900184], [24.79263125014488, 19.882295640243765], [27.233422655011807, 92.48110451420311], [54.34228606334646, 34.276496457131266], [77.04366470721489, 1.1951719662185112], [21.17199110745084, 63.25771008662496], [66.7611386285699, 98.08200179126828], [15.064948029599934, 14.441503574944948]]","[[0.0, 73.56643337549889, 74.53710536724743, 62.85005774413435, 82.49198356910607, 36.00462953492938, 52.27723084661615, 44.07301862512012, 69.10920678982406, 25.483110992263473, 25.798588960810196, 65.60003424875549, 29.46552106230727, 21.323795018787607, 95.87757893832904, 64.6294415100007, 80.33950014139764, 53.31620603123033, 70.07261364037994, 91.90047343530308, 37.18931110637562, 43.603838097014844, 88.98534300155772, 94.58012306707347, 38.93092164363289, 11.679692374737183, 106.14549667981092, 32.02685831619839, 54.47599440786858, 19.07667888439566, 44.37253215081079, 70.47588171205236, 80.84295613771295, 56.68931797178203, 28.899309983744395, 36.783823060678955, 22.439691660007203, 50.411401347137954, 15.782739012093055, 19.33914536755098, 38.19343729625139, 32.45097055334283, 65.65290350122105, 90.3853210483473, 10.60675063890087, 90.06627754626673, 104.81790466211379, 20.793735466110494, 70.83871581377468, 20.391181889167225, 47.90200587315294, 94.65227566309827, 30.686921020129233, 9.444861215057971, 74.10562642277908, 89.44447731168675, 56.60601349193316], [73.56643337549889, 0.0, 4.652955129494395, 101.47508666687176, 69.1154168334647, 38.585562494901474, 40.174281134139, 35.28468181625923, 29.64065210236832, 80.06645022764025, 53.809521663022245, 87.71046073669177, 46.02289314583268, 79.24000684505401, 39.01809034423613, 16.04247010410766, 32.598098412468715, 82.04626253827107, 83.04447911733888, 31.504191563079225, 52.22758190352395, 31.072488972587333, 46.1676229806748, 53.88034845359764, 78.52973561651523, 61.98864810843598, 66.2879348496137, 46.68714492730552, 44.67788928100337, 58.23783861605444, 74.43210312251041, 4.382628552739178, 29.084468346626092, 65.71437054892266, 47.06847149227541, 42.20517456440931, 79.24271605058175, 23.33742870975668, 57.852938989322524, 70.10412502069063, 49.79557607625937, 60.13970681049931, 73.63118350542642, 17.475104689137723, 70.88916473803093, 24.595572559534013, 57.30299751942097, 60.19934126173845, 5.2284732073871, 67.22062320870111, 77.14997538617618, 44.07553086548053, 50.56094432345825, 81.41244480951275, 52.52614097330591, 16.123074152723362, 87.39307735213504], [74.53710536724743, 4.652955129494395, 0.0, 104.9954768805625, 73.71272532365393, 40.37416505898145, 37.83108307489314, 38.14602285832734, 25.744622060230785, 79.53621686177016, 55.96527589110173, 91.65924611547148, 46.253740596128075, 81.36923073821944, 42.977495647505464, 13.492264976700577, 37.18873363297012, 85.65673813525446, 87.21624394999569, 27.05804504685369, 50.96868212244395, 31.301422882021644, 50.70471002644342, 58.390366288584886, 81.58074405195501, 63.08761749238742, 70.70637932768204, 49.000255977531076, 48.677624657388215, 60.00562672918092, 77.80071512539789, 8.598786569368466, 33.618149777921374, 69.69978715020738, 48.96720342324098, 44.722880555663096, 81.43398749364866, 25.037613451636307, 58.75903931518784, 72.22943074468854, 48.534397082530326, 62.983260060381916, 77.81441991619475, 18.64119043929083, 71.21364134788364, 28.046307414926513, 61.517447695713116, 62.23870399770169, 9.685005915330208, 66.92982945506371, 80.628163897771, 48.34503406139335, 53.00323321929955, 82.05997498567136, 57.11398382178435, 16.840580283724744, 91.02197971524905], [62.85005774413435, 101.47508666687176, 104.9954768805625, 0.0, 56.9832555190858, 70.19795452821404, 103.44402692175883, 67.622915058233, 114.04589539185991, 87.9903934729647, 55.96169003596616, 20.16440553874088, 78.79767566806294, 41.54126173122567, 98.92732541522355, 102.4085074905216, 85.21334591424562, 19.587945334643166, 29.852267612303475, 130.5543401435636, 93.78442887682678, 84.79453935226427, 84.09055276081799, 84.66579520037352, 26.571543675461665, 63.69607257515232, 89.9001516261084, 60.23417625556995, 57.87436969855562, 57.107406183434804, 27.462102508467378, 97.11667054754489, 88.40375043546132, 38.27556831044477, 63.13016683993255, 62.77086777407776, 40.41182352762919, 82.644250769473, 67.54923870835505, 45.79464534748131, 93.64127445872295, 44.63467315785722, 35.78175236479548, 112.29073347729243, 73.22903205777297, 103.29611315676578, 95.77828708942359, 52.77702869834443, 96.53906410439609, 82.30106186690878, 24.381365787604803, 92.96378268149262, 56.06929152726525, 68.06839509521511, 63.119411578169576, 112.69672070858823, 14.458547804577412], [82.49198356910607, 69.1154168334647, 73.71272532365393, 56.9832555190858, 0.0, 60.92113505095877, 92.99697511946499, 51.207959652611294, 93.83646539051551, 104.88903441134364, 58.73550344750749, 36.83660584312712, 76.72755556097671, 69.19167185960545, 48.26154841801076, 78.66277003656711, 39.8000881308753, 42.22567168548208, 27.29816308274074, 100.47219398732986, 92.92466092125146, 71.88041139725715, 31.885915439720957, 29.595235568341234, 52.61049598823855, 74.73027956328423, 32.93000188305106, 55.81797836549164, 33.02294349828673, 64.94538328328373, 44.26239259194352, 65.22729163851542, 43.89086249709892, 27.016992967644693, 60.59734656694627, 53.50541074514971, 68.20048796867235, 62.76673749615051, 75.0604354140257, 64.65421440946875, 91.38973963899782, 50.052404137200746, 22.272255379674995, 71.85966011063621, 88.7931589495886, 58.50328714918307, 39.854417829409236, 62.0192685568734, 64.0491445292191, 93.34049926241012, 42.96480680896132, 40.67472280414639, 54.52054423039448, 91.59262967218385, 16.61322915051402, 73.22843559623797, 44.819936178385845], [36.00462953492938, 38.585562494901474, 40.37416505898145, 70.19795452821404, 60.92113505095877, 0.0, 34.925820524299084, 10.529644438061325, 43.878697818708254, 49.25860927154889, 15.947565055525963, 61.927720633473456, 16.09350066970012, 41.10537933354732, 61.146773206630414, 33.56232134835746, 46.25790397301092, 52.54312297554829, 61.164317970048316, 62.340861641757854, 32.00362928225403, 14.642581074447895, 56.98292247323665, 63.696347585781275, 44.38692314886244, 24.346951756376264, 76.3715720582587, 9.995793533667614, 27.93314590276366, 19.66274395294578, 43.053559013770816, 35.0739141695319, 46.05754939537475, 42.8422463801563, 8.621611441787582, 8.343000310699713, 41.240970493308936, 15.342834613162657, 21.109916123043664, 31.99260459560656, 30.511215411273977, 25.599811888214724, 53.001776021646926, 54.764940271073165, 35.94133863253747, 54.145126219616834, 72.66393058443902, 21.952654066532716, 35.27358977048247, 36.14741338303797, 46.62472729520847, 61.12773753345247, 14.23300427626492, 44.68688964514231, 47.47736152678184, 54.003545755722186, 57.76451292665027], [52.27723084661615, 40.174281134139, 37.83108307489314, 103.44402692175883, 92.99697511946499, 34.925820524299084, 0.0, 42.485094965873365, 18.885687800170434, 46.8154622677729, 47.48961671659872, 96.74086731087085, 25.186983729786533, 67.85181400412048, 77.54533198805105, 24.350743136798375, 66.85043449643952, 86.86312006978305, 96.05351405106383, 43.056416914481254, 16.96658637011601, 21.331771704616834, 80.250218028125, 87.94014130377582, 76.94578536142515, 43.79619776800427, 101.03094758409713, 44.12577279763177, 60.56693742996185, 47.05457289546437, 77.08707682715635, 40.21115272450648, 64.59851731468338, 77.6456022275895, 40.527841916380105, 43.254667480721615, 68.46744576572699, 30.612043070066658, 38.9021279499586, 59.982457180446275, 15.027005589332868, 59.20996133670162, 87.72144161371152, 56.411097478864235, 44.59985542445083, 64.47852607938641, 94.08561033621444, 51.142894842040334, 41.42306634435711, 36.68018168292021, 80.81615199836487, 80.94195281912437, 47.96139753021245, 56.53901535361406, 77.661937444704, 54.478544457452486, 91.93114011520453], [44.07301862512012, 35.28468181625923, 38.14602285832734, 67.622915058233, 51.207959652611294, 10.529644438061325, 42.485094965873365, 0.0, 47.803505985798196, 59.48608757919986, 19.908365054194253, 56.649320815130984, 26.552528144970566, 44.779993187067646, 51.87531929038424, 34.92199735333066, 36.54711414060472, 48.78594027005948, 54.46296654864959, 62.94690153275529, 42.00893033476342, 21.155096686126303, 46.66644668960223, 53.25134946104641, 43.45799062364533, 32.775919535268535, 65.87019873200427, 12.627285628764593, 18.26550592219828, 25.752194228710202, 40.180720743006034, 31.178621098713606, 36.80115294018282, 35.92464650004354, 15.188088418210565, 7.662714603516371, 44.63593037903439, 15.193002139293005, 30.397935629341614, 35.78579795499656, 40.33410944733272, 24.865803410619638, 45.69798378544132, 49.63012304371831, 45.497942294723366, 46.58218935572039, 62.42761798596274, 26.43606314597943, 30.977500168990506, 46.49050224192802, 43.31236117371837, 51.2317273759211, 15.820641373744778, 53.206660417981524, 37.16528342087825, 49.27368489917492, 54.160346792460416], [69.10920678982406, 29.64065210236832, 25.744622060230785, 114.04589539185991, 93.83646539051551, 43.878697818708254, 18.885687800170434, 47.803505985798196, 0.0, 65.6912496111459, 59.047906406909256, 104.43192244918178, 40.07668834319014, 82.22231383398052, 68.63802914030671, 15.367899745456505, 61.241708981163, 96.00157651251158, 102.04859547581108, 24.17133360355675, 35.74833783680238, 29.435054931732978, 75.00071603889165, 82.7990087141708, 88.21843457931683, 59.36239486171779, 95.5015715862817, 53.87165141731685, 63.91204894229936, 60.40600380536047, 86.76654520660792, 31.651837369386737, 58.110036956227745, 83.56942333932723, 51.51727778373923, 51.380554100380415, 82.65848999036669, 32.85266677928092, 54.42446993487037, 73.64795124202332, 33.6621740580037, 69.4782962720383, 93.03462869034563, 42.65255249218011, 62.454219533108095, 53.77299261231112, 86.88199354209141, 63.98392340348939, 33.01786315537179, 55.18966892022832, 90.22638822255871, 73.61913074957904, 58.092044541121616, 74.3443374907627, 77.46988338108598, 40.44660202697479, 101.30934431863439], [25.483110992263473, 80.06645022764025, 79.53621686177016, 87.9903934729647, 104.88903441134364, 49.25860927154889, 46.8154622677729, 59.48608757919986, 65.6912496111459, 0.0, 46.16637346066796, 90.95584730869783, 35.1207319870691, 46.51321326822522, 109.92882366318314, 67.0577132021934, 95.42831875037466, 78.70944483357448, 94.99401437696866, 89.86013235226056, 30.021666967964375, 49.34362812166463, 106.15221779326906, 112.64917477765447, 64.40175943949328, 30.20841972892092, 125.05370761771889, 50.08603339157654, 74.12614005051421, 40.012638474428584, 69.55583616474189, 78.13311561819704, 94.95225015104484, 80.40806345272641, 45.61292020757664, 53.76807451812438, 47.67544858113935, 59.59884794888706, 30.11138943495607, 44.561307773421746, 32.255149058019654, 55.82080236040408, 89.89752917758334, 97.53949509059265, 16.37220387237374, 100.97439044279082, 121.89227752172924, 43.35095034000305, 78.89965983615296, 13.28164036563856, 73.17682475935158, 110.3471933481225, 50.557069278169415, 20.535934067169872, 94.36057964448509, 96.0765914809445, 82.08384775272287], [25.798588960810196, 53.809521663022245, 55.96527589110173, 55.96169003596616, 58.73550344750749, 15.947565055525963, 47.48961671659872, 19.908365054194253, 59.047906406909256, 46.16637346066796, 0.0, 50.69594234753908, 23.28350735624732, 25.433103957129457, 70.73203707863549, 49.485083554716816, 55.01696111767745, 39.86492328846622, 52.05276336014156, 78.26056430312548, 39.4035097837198, 29.638857796839144, 63.20540800007209, 68.79477707270159, 29.531985387090543, 16.14738002418595, 80.48141107530654, 7.320836410009566, 28.807040002333228, 6.737695449593205, 29.929660295466057, 50.012813091685224, 55.865861105632106, 35.318515848776414, 7.562664960130471, 12.248327077856459, 25.469627522962153, 31.000493174646127, 16.467203318665018, 16.294790669928815, 38.77859856681632, 12.192544429793646, 45.36367580312127, 69.1680194655135, 30.23210782405524, 66.44809139870601, 79.0280290727521, 6.540569441524633, 50.023387217369745, 34.82208110753017, 33.753968743089565, 69.06194876189097, 4.890344417973247, 35.23527190522745, 48.753419696890695, 68.64704521936999, 44.73048530500101], [65.60003424875549, 87.71046073669177, 91.65924611547148, 20.16440553874088, 36.83660584312712, 61.927720633473456, 96.74086731087085, 56.649320815130984, 104.43192244918178, 90.95584730869783, 50.69594234753908, 0.0, 73.83629596067382, 46.07842578326552, 80.30975216086036, 91.27627370789688, 67.50858665154742, 12.318817965155185, 9.736000841836525, 118.21214526862454, 90.09936255300205, 76.35083089053747, 64.9286090868175, 64.94940367526294, 26.957835479670514, 62.7677716772464, 69.76410299419048, 52.66577003836398, 43.036174851717675, 54.13436248138391, 21.60703907092846, 83.33442747193352, 71.00342756593997, 22.011763470392854, 56.63425007760695, 53.71599954096317, 44.873961876225025, 71.77285412953987, 65.48360949421222, 46.398174708244454, 89.43835914375448, 38.51113226909878, 16.386565844940666, 96.53080797779656, 74.91197455366344, 86.19058752203121, 75.9288663589056, 49.857336035755544, 82.56312574439671, 82.63355311514603, 17.843035248481588, 73.90414802352292, 49.049555618987306, 72.88523687128713, 44.190453848259736, 97.2129817186883, 10.639194840905455], [29.46552106230727, 46.02289314583268, 46.253740596128075, 78.79767566806294, 76.72755556097671, 16.09350066970012, 25.186983729786533, 26.552528144970566, 40.07668834319014, 35.1207319870691, 23.28350735624732, 73.83629596067382, 0.0, 42.77915079081217, 74.9793637495439, 35.38299626792358, 60.875967026381865, 63.1483480661381, 74.50513717211753, 62.45347540848595, 16.643484346909357, 14.979503927687498, 72.391451397823, 79.34026536306806, 52.2269943771, 19.28715627759101, 92.15263948452652, 21.973508810381382, 43.86908011707047, 21.93875709760805, 53.210706023737465, 43.6078883996846, 60.112717208893294, 56.799660234966346, 17.44949308558177, 23.267650972750832, 43.352919368514165, 24.503674226918378, 14.34791480993341, 34.79562983757835, 15.665028599382486, 35.43366028642372, 67.03909035322253, 63.39852131621719, 24.96030361157135, 65.90284784744263, 87.8710706314809, 26.128286155628288, 44.253085425993234, 21.86361911590655, 57.03746157725039, 75.84515560238937, 24.970411749842786, 36.04895242565798, 63.56514710363115, 62.14503027746732, 67.99386984716683], [21.323795018787607, 79.24000684505401, 81.36923073821944, 41.54126173122567, 69.19167185960545, 41.10537933354732, 67.85181400412048, 44.779993187067646, 82.22231383398052, 46.51321326822522, 25.433103957129457, 46.07842578326552, 42.77915079081217, 0.0, 92.89154066365779, 74.24649617452009, 77.08734952069518, 33.82499234869316, 51.97273192552119, 102.88943779578904, 55.17604984683626, 53.52527540701145, 82.76918756301146, 86.98063811639189, 19.182266413152703, 24.420219951985164, 97.04927921686874, 32.59798607408083, 47.67275473987582, 21.997331187614975, 26.341537155733604, 75.4159586448329, 78.65163959941424, 42.19056913607235, 32.48489661034917, 37.299210302372934, 1.2097013930102472, 56.35869381804603, 29.108458160595706, 9.141546326171051, 55.572527922558436, 22.69704972258202, 49.43112888312902, 94.38031797337062, 31.797591941921244, 90.61347585248035, 98.0282384859826, 19.153964212735655, 75.39279814640085, 41.18315346322551, 29.23511322556172, 89.89787459323794, 28.968154810492187, 27.105462183331163, 64.60336486063152, 93.9437724352528, 36.32662296631607], [95.87757893832904, 39.01809034423613, 42.977495647505464, 98.92732541522355, 48.26154841801076, 61.146773206630414, 77.54533198805105, 51.87531929038424, 68.63802914030671, 109.92882366318314, 70.73203707863549, 80.30975216086036, 74.9793637495439, 92.89154066365779, 0.0, 54.61528707575924, 15.827229250098881, 80.26148972012334, 72.25244132604655, 64.17523405027681, 86.28152888683495, 62.250690661858634, 16.38137676837099, 20.989251773058175, 83.78730148458001, 84.65122957601027, 30.158067158042478, 63.93479807645595, 45.6215720784535, 77.15286258259938, 76.69561255026282, 37.68734918531959, 15.102797121553522, 60.97007796361774, 67.05312726108899, 59.10241117205364, 92.38857846616675, 51.05531242009684, 82.08919002389207, 84.8082929290696, 83.98785630926402, 70.24594915887674, 63.93051156247527, 30.645388421765855, 97.07014517774323, 15.856825539347113, 19.27489093045378, 76.90845699470731, 36.38319570911178, 96.65570803843521, 77.70457220202655, 8.1498624808868, 65.9821461501731, 105.07211345472271, 36.13251124894237, 32.78931308503256, 84.73927021444764], [64.6294415100007, 16.04247010410766, 13.492264976700577, 102.4085074905216, 78.66277003656711, 33.56232134835746, 24.350743136798375, 34.92199735333066, 15.367899745456505, 67.0577132021934, 49.485083554716816, 91.27627370789688, 35.38299626792358, 74.24649617452009, 54.61528707575924, 0.0, 46.124926840087454, 83.7055554844455, 88.1846916243608, 28.778621464803336, 37.882655974487314, 21.179825778875585, 59.88628168996369, 67.69377917015831, 77.4332281137696, 53.6457299467578, 80.51103213101553, 43.27505879586242, 49.59950242797375, 52.30240999849446, 74.94751968301759, 16.97423491081378, 43.162416706528695, 69.88513078746098, 42.00601068328747, 39.87338674696005, 74.48880796665264, 19.77355499013895, 48.97377024482674, 65.24806104578252, 35.462111738499594, 58.496568819398334, 78.99858546682006, 32.11678557739344, 60.07705863394694, 40.616187195601434, 72.302857574865, 55.232620682048804, 18.313092347551173, 54.84525548471844, 78.18064581426694, 59.015029568982214, 47.51410268495225, 71.41541347342002, 62.22229009894222, 30.250380800184196, 89.0773483897513], [80.33950014139764, 32.598098412468715, 37.18873363297012, 85.21334591424562, 39.8000881308753, 46.25790397301092, 66.85043449643952, 36.54711414060472, 61.241708981163, 95.42831875037466, 55.01696111767745, 67.50858665154742, 60.875967026381865, 77.08734952069518, 15.827229250098881, 46.124926840087454, 0.0, 66.08336004344359, 60.30214207839129, 62.47430264002045, 73.48189565810718, 49.31325157504971, 13.763988191029037, 21.569952151624364, 68.52089398510635, 69.2536408640417, 34.44588792961102, 48.32907540737474, 30.044759350072045, 61.50026021678111, 61.72901320339404, 29.710846878576557, 4.108133903072825, 46.945674740977836, 51.641180553125984, 43.56580922121877, 76.59689776359657, 37.99705165963143, 66.92590588655024, 68.98107430863753, 71.30245746482211, 54.46600377948612, 51.37473835714196, 32.09245849214319, 81.99875039348825, 19.078610212998782, 27.481486067762173, 61.138438469927465, 28.354123555165575, 82.21701037315127, 63.03272481559936, 14.969390219217242, 50.235338537119006, 89.60299653515979, 24.587498522167017, 33.55096683427449, 70.83007141901285], [53.31620603123033, 82.04626253827107, 85.65673813525446, 19.587945334643166, 42.22567168548208, 52.54312297554829, 86.86312006978305, 48.78594027005948, 96.00157651251158, 78.70944483357448, 39.86492328846622, 12.318817965155185, 63.1483480661381, 33.82499234869316, 80.26148972012334, 83.7055554844455, 66.08336004344359, 0.0, 18.904820878255908, 111.52034347433957, 79.09196035905765, 67.16982153150374, 66.05512782370245, 67.51339886012424, 14.661607054828934, 50.903729713555805, 74.33146337023193, 42.827905355145745, 38.288816899746024, 42.639751287998976, 9.966267192716732, 77.67684489281764, 69.13871740938768, 19.292731150421083, 46.369096855980644, 44.656451891662385, 32.624917297902584, 63.948159075004675, 53.88014949064924, 34.17992642239981, 78.5907946244022, 27.759283084174214, 19.961797944605557, 92.70513107952993, 62.738082899134284, 83.89815200239302, 78.83817020386071, 38.29127856745892, 77.06702708668709, 70.66391169027526, 6.1134947819644, 74.73785181239711, 38.90297673818863, 60.569096585639166, 45.10646182910019, 93.10924714785965, 5.384445061461232], [70.07261364037994, 83.04447911733888, 87.21624394999569, 29.852267612303475, 27.29816308274074, 61.164317970048316, 96.05351405106383, 54.46296654864959, 102.04859547581108, 94.99401437696866, 52.05276336014156, 9.736000841836525, 74.50513717211753, 51.97273192552119, 72.25244132604655, 88.1846916243608, 60.30214207839129, 18.904820878255908, 0.0, 114.11768106851453, 91.07232220383884, 75.08495111868466, 56.48765772863319, 55.95353514451133, 32.93366985326185, 65.72595694509636, 60.21333971207545, 52.67760411529608, 38.766998365833004, 56.47095049367697, 25.868684662887393, 78.71633667089657, 63.99781708251839, 18.54049688428986, 57.05871382084925, 52.82158475926728, 50.8016328849252, 69.19598342836863, 67.82281944132613, 50.74353776265158, 90.16340885764441, 40.23871246710271, 9.419051234185352, 90.46008060382468, 78.69566564778056, 79.26112170535252, 66.75783765780699, 52.43025131695439, 77.83003380561752, 85.6550952560316, 22.737766337174957, 65.50373978105974, 49.55424584025145, 78.0172931789333, 36.21638526541477, 91.32189064094906, 19.343746197292667], [91.90047343530308, 31.504191563079225, 27.05804504685369, 130.5543401435636, 100.47219398732986, 62.340861641757854, 43.056416914481254, 62.94690153275529, 24.17133360355675, 89.86013235226056, 78.26056430312548, 118.21214526862454, 62.45347540848595, 102.88943779578904, 64.17523405027681, 28.778621464803336, 62.47430264002045, 111.52034347433957, 114.11768106851453, 0.0, 59.89239931819478, 49.44301031827608, 75.23966693173027, 82.55385659095725, 106.01875779374718, 81.45260328969441, 93.9083875555668, 72.01692078568041, 75.4296351914809, 80.9018955175202, 103.1262034876266, 35.65539794668656, 58.54841899827516, 96.36405268028595, 70.76871533070246, 68.45764554258018, 103.16681388856236, 48.14077663033117, 76.61698813144936, 93.94354159056226, 57.76631199697927, 87.10153913436457, 104.73680510009363, 33.65738339856365, 86.0017830332111, 48.34165342030373, 83.44917578940918, 83.95325346854584, 36.69851416491329, 79.16745718753761, 106.2048557318809, 71.05267646323504, 76.24398517406141, 97.78252796395066, 83.92802758704084, 31.433119692532568, 116.90470437792656], [37.18931110637562, 52.22758190352395, 50.96868212244395, 93.78442887682678, 92.92466092125146, 32.00362928225403, 16.96658637011601, 42.00893033476342, 35.74833783680238, 30.021666967964375, 39.4035097837198, 90.09936255300205, 16.643484346909357, 55.17604984683626, 86.28152888683495, 37.882655974487314, 73.48189565810718, 79.09196035905765, 91.07232220383884, 59.89239931819478, 0.0, 24.17832946122492, 85.94595244450237, 93.25506351255227, 67.3245814334085, 30.801992549620365, 106.27565658403874, 38.61660589490929, 59.924864775522586, 36.76708427091739, 69.12571574613104, 51.07186560178009, 72.04827256982111, 73.44021307834895, 34.05884885010231, 39.71009620834861, 55.972856894591864, 35.50061924400619, 26.408288791869587, 48.43082118683697, 2.4356895088189305, 51.59070821528431, 83.67852062808511, 69.46427434101035, 28.424547286779802, 75.08804611025047, 100.92219833368823, 41.14327064524693, 52.055559215054934, 19.850493030049133, 72.98371900673561, 88.2984586183099, 41.51859145888655, 40.25687304334013, 79.15455550354075, 67.78417276505108, 83.7636561877037], [43.603838097014844, 31.072488972587333, 31.301422882021644, 84.79453935226427, 71.88041139725715, 14.642581074447895, 21.331771704616834, 21.155096686126303, 29.435054931732978, 49.34362812166463, 29.638857796839144, 76.35083089053747, 14.979503927687498, 53.52527540701145, 62.250690661858634, 21.179825778875585, 49.31325157504971, 67.16982153150374, 75.08495111868466, 49.44301031827608, 24.17832946122492, 0.0, 61.92452567444226, 69.34056610974807, 58.80899025189533, 32.48338635754268, 82.41407964362371, 24.56114260298005, 39.26397546602922, 31.53026973174639, 57.695433763868174, 28.82879712172783, 47.88602164775677, 56.59078389597005, 22.09234106707197, 22.64613576383316, 53.85272884406475, 11.322406038073893, 27.869170981371887, 44.68706179933803, 21.99027471130679, 40.16402306862408, 66.57648781127556, 48.4909160962204, 39.924810544673235, 51.86804223745391, 76.77013237820817, 34.818013861891195, 29.56240347249446, 36.296009551298276, 61.26468124296907, 64.12031060579841, 28.73794785317332, 50.80770820303849, 56.913860446144874, 47.19477946295092, 72.40224949109174], [88.98534300155772, 46.1676229806748, 50.70471002644342, 84.09055276081799, 31.885915439720957, 56.98292247323665, 80.250218028125, 46.66644668960223, 75.00071603889165, 106.15221779326906, 63.20540800007209, 64.9286090868175, 72.391451397823, 82.76918756301146, 16.38137676837099, 59.88628168996369, 13.763988191029037, 66.05512782370245, 56.48765772863319, 75.23966693173027, 85.94595244450237, 61.92452567444226, 0.0, 7.807886728213451, 71.34085481788145, 78.48310160245644, 20.79647877757708, 57.2174612027238, 35.27280168964666, 69.91020631186352, 63.70106002027059, 43.43275739516355, 17.086857664270727, 46.903511516745894, 61.1203835197549, 52.84680457515406, 82.11070012769468, 50.71691298624005, 76.77179412972062, 75.45519328260286, 83.85203212179984, 60.19430436039283, 48.570979372966164, 43.212447887457415, 91.87408005471804, 28.545840819241807, 15.859017735121457, 68.80835458691493, 42.071696519346816, 93.11903849278558, 64.19068386380822, 9.018285037453145, 58.31557107191755, 98.40241860448106, 20.99955672934861, 45.012569516894736, 70.19555744398117], [94.58012306707347, 53.88034845359764, 58.390366288584886, 84.66579520037352, 29.595235568341234, 63.696347585781275, 87.94014130377582, 53.25134946104641, 82.7990087141708, 112.64917477765447, 68.79477707270159, 64.94940367526294, 79.34026536306806, 86.98063811639189, 20.989251773058175, 67.69377917015831, 21.569952151624364, 67.51339886012424, 55.95353514451133, 82.55385659095725, 93.25506351255227, 69.34056610974807, 7.807886728213451, 0.0, 74.23680272854084, 84.40880349564988, 13.107941790359886, 63.178550715167965, 40.23691493596028, 75.53108227868096, 66.2815156829049, 51.21237741807597, 24.802670404835567, 48.848959211348564, 67.28897157959636, 59.02421649447464, 86.2449678182192, 58.204237490474355, 82.98348022392804, 80.12267861845125, 91.19997940610394, 64.70423156477992, 48.88404794370721, 50.01083308504479, 98.02590770566066, 35.09619611696643, 11.379186849531381, 74.10411311227298, 49.84976103191247, 99.73271956951322, 66.33028447810571, 12.842435741580859, 63.91690891796762, 104.02303355971264, 22.928637414238402, 51.92147719609311, 71.2423667643575], [38.93092164363289, 78.52973561651523, 81.58074405195501, 26.571543675461665, 52.61049598823855, 44.38692314886244, 76.94578536142515, 43.45799062364533, 88.21843457931683, 64.40175943949328, 29.531985387090543, 26.957835479670514, 52.2269943771, 19.182266413152703, 83.78730148458001, 77.4332281137696, 68.52089398510635, 14.661607054828934, 32.93366985326185, 106.01875779374718, 67.3245814334085, 58.80899025189533, 71.34085481788145, 74.23680272854084, 0.0, 37.723905046506914, 82.83249930022944, 34.40093174417548, 38.63028142473296, 30.580764387885488, 8.35331749284288, 74.29486549234974, 70.93086656721367, 26.081158620449475, 36.863235572967945, 37.57147807716243, 17.98767476694256, 57.881454617983906, 41.26901672552194, 20.19022898786879, 67.11933402965643, 18.93692670043607, 31.41596307842216, 91.35891453408499, 48.66787676408647, 84.6871322801307, 85.58555833952906, 26.229846415047444, 73.92564202281324, 57.055288311871024, 10.324016857678153, 79.4073744505409, 30.154171770111798, 45.94146167239658, 51.30989776509616, 91.39656118145686, 17.68990018278777], [11.679692374737183, 61.98864810843598, 63.08761749238742, 63.69607257515232, 74.73027956328423, 24.346951756376264, 43.79619776800427, 32.775919535268535, 59.36239486171779, 30.20841972892092, 16.14738002418595, 62.7677716772464, 19.28715627759101, 24.420219951985164, 84.65122957601027, 53.6457299467578, 69.2536408640417, 50.903729713555805, 65.72595694509636, 81.45260328969441, 30.801992549620365, 32.48338635754268, 78.48310160245644, 84.40880349564988, 37.723905046506914, 0.0, 96.34312608737547, 21.267495597040476, 44.77626706936022, 9.804516847641935, 41.169325617616195, 58.838876879913876, 69.57278754819428, 50.339568507526145, 17.613726585249392, 25.758461271335133, 25.18459832705087, 38.77268769333084, 4.950371691293194, 17.91792340366618, 31.152446817839593, 25.826130810676567, 60.02320326181109, 78.73231807226699, 14.093942500840852, 78.458045219077, 94.34210367666257, 13.35778716304308, 59.18375511319603, 19.943430307847574, 44.98214560592931, 83.76207703517505, 20.802377715034314, 20.465056831548537, 64.84779883263847, 77.81530010504859, 55.02310859719554], [106.14549667981092, 66.2879348496137, 70.70637932768204, 89.9001516261084, 32.93000188305106, 76.3715720582587, 101.03094758409713, 65.87019873200427, 95.5015715862817, 125.05370761771889, 80.48141107530654, 69.76410299419048, 92.15263948452652, 97.04927921686874, 30.158067158042478, 80.51103213101553, 34.44588792961102, 74.33146337023193, 60.21333971207545, 93.9083875555668, 106.27565658403874, 82.41407964362371, 20.79647877757708, 13.107941790359886, 82.83249930022944, 96.34312608737547, 0.0, 75.24438214543613, 51.683958765126825, 87.20846489164109, 74.60680229807602, 63.85443561092818, 37.39188653633175, 56.82063275702017, 79.51542255956136, 71.29941287788358, 96.22820778346582, 71.30043206919945, 95.1901125172879, 90.76704269180362, 104.23967366087972, 75.32156561497138, 54.68268241211834, 60.65956480155212, 110.13635802993132, 45.68901737575823, 11.827062313914798, 85.46378296253786, 62.48839816965601, 112.25750534036227, 74.08667767742973, 22.85571856653229, 75.64847592421881, 115.58332727162451, 32.50477632593881, 62.73078671222639, 77.40659642097462], [32.02685831619839, 46.68714492730552, 49.000255977531076, 60.23417625556995, 55.81797836549164, 9.995793533667614, 44.12577279763177, 12.627285628764593, 53.87165141731685, 50.08603339157654, 7.320836410009566, 52.66577003836398, 21.973508810381382, 32.59798607408083, 63.93479807645595, 43.27505879586242, 48.32907540737474, 42.827905355145745, 52.67760411529608, 72.01692078568041, 38.61660589490929, 24.56114260298005, 57.2174612027238, 63.178550715167965, 34.40093174417548, 21.267495597040476, 75.24438214543613, 0.0, 24.047905444315763, 13.248557255902107, 33.203486917226485, 42.82259055283098, 48.96672599036509, 34.828861782596405, 4.790485109744249, 4.971843284745581, 32.565061267067705, 24.216053309791693, 20.009567879420562, 23.49070907890761, 37.56222940735772, 15.612178529814342, 45.06956727548174, 61.87358145300921, 34.89326274483807, 59.20501075851775, 73.07627489984758, 13.861210304675904, 42.795659058252916, 37.813660612451216, 36.84080984060608, 62.64108335284409, 4.256655555460408, 41.35028914297549, 44.29007154545241, 61.378668665866364, 47.985976042031645], [54.47599440786858, 44.67788928100337, 48.677624657388215, 57.87436969855562, 33.02294349828673, 27.93314590276366, 60.56693742996185, 18.26550592219828, 63.91204894229936, 74.12614005051421, 28.807040002333228, 43.036174851717675, 43.86908011707047, 47.67275473987582, 45.6215720784535, 49.59950242797375, 30.044759350072045, 38.288816899746024, 38.766998365833004, 75.4296351914809, 59.924864775522586, 39.26397546602922, 35.27280168964666, 40.23691493596028, 38.63028142473296, 44.77626706936022, 51.683958765126825, 24.047905444315763, 0.0, 35.5276185654607, 32.34165899138222, 40.30470993487727, 32.30605910518244, 21.036772550305294, 28.637978679856403, 20.89322390330436, 47.07738411121003, 31.318400104632584, 44.02527950687067, 40.18376315692542, 58.36915061325019, 24.99839624081766, 29.4662537560183, 54.41647110830636, 58.71815500489637, 46.25089226447151, 50.855064290466096, 33.882053284765355, 39.52705839493142, 61.807499176523976, 34.21624701069155, 42.22833190527402, 24.00080009184649, 63.9185002585283, 20.242922401582632, 54.84386843274092, 43.48474796121104], [19.07667888439566, 58.23783861605444, 60.00562672918092, 57.107406183434804, 64.94538328328373, 19.66274395294578, 47.05457289546437, 25.752194228710202, 60.40600380536047, 40.012638474428584, 6.737695449593205, 54.13436248138391, 21.93875709760805, 21.997331187614975, 77.15286258259938, 52.30240999849446, 61.50026021678111, 42.639751287998976, 56.47095049367697, 80.9018955175202, 36.76708427091739, 31.53026973174639, 69.91020631186352, 75.53108227868096, 30.580764387885488, 9.804516847641935, 87.20846489164109, 13.248557255902107, 35.5276185654607, 0.0, 32.7158010000907, 54.6585246071797, 62.20752343574054, 40.63884465821638, 11.231928308531824, 18.177827905587996, 22.329811627240687, 34.996359758351495, 11.385124026681645, 13.242048173003738, 36.54005934940069, 16.286948944709852, 50.43224808087854, 74.18340392941701, 23.84858163057317, 72.29352061509273, 85.74126311473862, 4.383111778976893, 54.79474426388676, 29.33741634378272, 36.579724731366085, 75.66742498521025, 11.616527773348487, 28.506320662892232, 55.40436625773686, 73.51809162180258, 47.12664201953464], [44.37253215081079, 74.43210312251041, 77.80071512539789, 27.462102508467378, 44.26239259194352, 43.053559013770816, 77.08707682715635, 40.180720743006034, 86.76654520660792, 69.55583616474189, 29.929660295466057, 21.60703907092846, 53.210706023737465, 26.341537155733604, 76.69561255026282, 74.94751968301759, 61.72901320339404, 9.966267192716732, 25.868684662887393, 103.1262034876266, 69.12571574613104, 57.695433763868174, 63.70106002027059, 66.2815156829049, 8.35331749284288, 41.169325617616195, 74.60680229807602, 33.203486917226485, 32.34165899138222, 32.7158010000907, 0.0, 70.10736461255911, 64.38415820131998, 17.796233145995547, 36.56085657317528, 35.40158455402657, 25.20640562864613, 55.182173927741815, 43.999510468446346, 25.04446428321333, 68.63045249997376, 17.890217619951443, 23.290518340714375, 86.21532214423011, 53.40566584226203, 78.5887818188142, 77.65204370240785, 28.384840278390392, 69.60871922599853, 61.02655024826345, 3.866571498161129, 71.95968920307699, 29.177265132165815, 52.1577243302132, 43.364819011206706, 86.42686217993844, 14.846711600984225], [70.47588171205236, 4.382628552739178, 8.598786569368466, 97.11667054754489, 65.22729163851542, 35.0739141695319, 40.21115272450648, 31.178621098713606, 31.651837369386737, 78.13311561819704, 50.012813091685224, 83.33442747193352, 43.6078883996846, 75.4159586448329, 37.68734918531959, 16.97423491081378, 29.710846878576557, 77.67684489281764, 78.71633667089657, 35.65539794668656, 51.07186560178009, 28.82879712172783, 43.43275739516355, 51.21237741807597, 74.29486549234974, 58.838876879913876, 63.85443561092818, 42.82259055283098, 40.30470993487727, 54.6585246071797, 70.10736461255911, 0.0, 26.467399915764595, 61.341481400494054, 43.44430362734166, 38.24532160176413, 75.3856318941611, 20.066406222987737, 54.854707720351506, 66.2936371077355, 48.65964357640066, 55.99487781338014, 69.3064702022884, 19.945521669647743, 68.28350434504878, 24.33240155988381, 55.369357663280404, 56.45403879538359, 1.3661067103436233, 65.1244050792654, 72.80163893689142, 42.08303322461716, 46.61751532004561, 78.53720959710904, 48.617167376669784, 18.980986141981507, 83.02113025326055], [80.84295613771295, 29.084468346626092, 33.618149777921374, 88.40375043546132, 43.89086249709892, 46.05754939537475, 64.59851731468338, 36.80115294018282, 58.110036956227745, 94.95225015104484, 55.865861105632106, 71.00342756593997, 60.112717208893294, 78.65163959941424, 15.102797121553522, 43.162416706528695, 4.108133903072825, 69.13871740938768, 63.99781708251839, 58.54841899827516, 72.04827256982111, 47.88602164775677, 17.086857664270727, 24.802670404835567, 70.93086656721367, 69.57278754819428, 37.39188653633175, 48.96672599036509, 32.30605910518244, 62.20752343574054, 64.38415820131998, 26.467399915764595, 0.0, 50.13551682733375, 51.98696873172648, 44.096564687542795, 78.21570200653481, 36.58231406456668, 66.98639702959171, 70.33613449717762, 69.81370916754612, 56.17388962059329, 54.97668442045831, 27.987333020217104, 81.9716940259936, 15.263953280689528, 29.490799556254625, 62.130665274322496, 25.101729475074983, 81.69201976691136, 65.86100005208131, 16.38633076901987, 51.175407096276395, 90.00740395696634, 28.526895420710527, 29.443722489124898, 73.97972675476167], [56.68931797178203, 65.71437054892266, 69.69978715020738, 38.27556831044477, 27.016992967644693, 42.8422463801563, 77.6456022275895, 35.92464650004354, 83.56942333932723, 80.40806345272641, 35.318515848776414, 22.011763470392854, 56.799660234966346, 42.19056913607235, 60.97007796361774, 69.88513078746098, 46.945674740977836, 19.292731150421083, 18.54049688428986, 96.36405268028595, 73.44021307834895, 56.59078389597005, 46.903511516745894, 48.848959211348564, 26.081158620449475, 50.339568507526145, 56.82063275702017, 34.828861782596405, 21.036772550305294, 40.63884465821638, 17.796233145995547, 61.341481400494054, 50.13551682733375, 0.0, 39.408641858485055, 34.51117850046825, 41.18972192660959, 50.7226950955248, 51.66258962467808, 38.12447317963117, 72.38082804212117, 24.58923374214919, 10.241476673325273, 74.76470384258614, 64.05629419300926, 65.09581100017233, 60.226171497172714, 37.061919879062735, 60.558546809541, 69.92742547826599, 17.483283815435147, 55.50378278666611, 32.13162366744547, 65.48269792368707, 26.090855222466516, 75.36839020323761, 23.887496590140913], [28.899309983744395, 47.06847149227541, 48.96720342324098, 63.13016683993255, 60.59734656694627, 8.621611441787582, 40.527841916380105, 15.188088418210565, 51.51727778373923, 45.61292020757664, 7.562664960130471, 56.63425007760695, 17.44949308558177, 32.48489661034917, 67.05312726108899, 42.00601068328747, 51.641180553125984, 46.369096855980644, 57.05871382084925, 70.76871533070246, 34.05884885010231, 22.09234106707197, 61.1203835197549, 67.28897157959636, 36.863235572967945, 17.613726585249392, 79.51542255956136, 4.790485109744249, 28.637978679856403, 11.231928308531824, 36.56085657317528, 43.44430362734166, 51.98696873172648, 39.408641858485055, 0.0, 8.27650834260889, 32.62970762095943, 23.929688833547853, 15.695015292682813, 23.377962163267938, 33.10472238779505, 18.683132647655242, 49.6391761799379, 6