instance_id,num_cities,city_coordinates,distance_matrix,best_route,total_distance
441,71,"[[11.032880029627034, 43.37316003721578], [73.01872798605653, 22.488292393517327], [89.48989077360525, 8.12579261919396], [14.47658922063444, 98.60918051111376], [51.47172328967405, 61.359902931752806], [5.946472426108906, 63.339329408378966], [54.092841763208654, 98.07156895867199], [87.8562998663184, 73.01531870508963], [84.22743871975882, 87.71314222410658], [65.14661719072444, 6.814254871513592], [11.204635213634162, 76.5102368069735], [68.60963010993302, 81.28134475599418], [13.64613326534534, 87.55195248885198], [57.674899436797155, 83.03054921987695], [87.98217191884896, 86.3061420301641], [30.477673414288574, 90.53147942823956], [49.1091222732152, 29.40285783015044], [73.88704443286443, 70.7904476587143], [81.176900492734, 98.89519629811225], [9.532245688301288, 89.06259888428006], [66.70933013764882, 17.795962353997584], [95.39358477072349, 68.76270486125875], [92.05413310455512, 4.071515018343286], [57.867173443964525, 44.534461110576814], [18.041921584702937, 11.545663757176827], [62.7394597878946, 47.37162328568589], [43.37678945305742, 20.972996995562067], [24.18406066865345, 34.42854414488232], [86.795468571555, 16.891172575729342], [70.5441561599832, 12.1204331346071], [8.277595545076332, 99.94110607012688], [48.794279973079, 47.43536682621622], [43.46706650383984, 89.71198398441517], [22.197543485431215, 55.74088210480279], [42.9610715311044, 70.04147476621353], [51.05850973609526, 66.35093067663138], [95.660964280545, 6.05752960497038], [28.015481786201125, 63.33932016585548], [22.04496475810014, 10.858271359779359], [76.32675512470529, 32.68519821411713], [18.98129478133316, 31.00118832972576], [88.96689052551191, 40.096162550291716], [77.82375477270074, 66.37291403959841], [79.62650908968769, 9.530577135598783], [38.983580782575565, 0.8310044560954188], [50.85172187689406, 74.38216825047986], [3.9165463183141735, 51.7316273141975], [35.04769046017678, 48.49863694718578], [78.76129242847901, 73.09150036034423], [51.21318587177939, 57.28736182789332], [45.83098497285171, 67.35931071398022], [86.82108401933914, 34.04562757100968], [19.318678886336006, 15.253504071756607], [62.24586024233907, 41.86594082455073], [51.72810236735834, 16.57556377009528], [14.334721639050219, 88.74717528960761], [97.18859200280964, 43.47976516181235], [49.30611229267241, 74.68498473646567], [85.25114008380724, 15.590262593182425], [30.358591656051647, 93.88144097245721], [54.64163697746929, 86.62367847126845], [90.62195460886085, 50.62791311316891], [98.77384781694587, 87.70840864236027], [33.001006700038424, 0.4557860954853665], [53.0562096612335, 70.53487897947068], [21.114722283383923, 26.36742881182893], [89.97930060883039, 43.244614506340284], [60.628510764974855, 62.40568345045288], [52.178239942373004, 15.024073591714282], [3.842197044136453, 21.659159698713072], [0.4609998290536099, 44.49481648769178]]","[[0.0, 65.40965558212639, 86.01092631045046, 55.343265993118855, 44.25859198127329, 20.603870065283896, 69.61376475264323, 82.34376361264982, 85.57731850307614, 65.30581977477306, 33.137521885138746, 68.93556860201444, 44.25601422359158, 61.22243454130099, 88.11602842309394, 51.00987235386878, 40.55822440823985, 68.57370956386397, 89.4588179962438, 45.71407579275767, 61.27038548889227, 88.09856690540738, 90.05033454141639, 46.84868898702765, 32.590124009838846, 51.86094965045908, 39.34330668720841, 15.90470702847706, 80.25749486797977, 67.21848648632711, 56.63500782178058, 37.97926868287402, 56.56202840292725, 16.66164035209163, 41.60058200361973, 46.152236965903406, 92.48983143317102, 26.211759053998552, 34.32905468802125, 66.16284949171774, 14.705202514622949, 78.00287625787911, 70.64000023439324, 76.48794914940534, 50.902619520699794, 50.46878992434773, 10.977530720118349, 24.55568434334251, 73.96159542377549, 42.52131217449194, 42.26397439815764, 76.36003356399434, 29.315004934497683, 51.23515445495077, 48.72588928704099, 45.49399320941178, 86.15577792730207, 49.449678197715016, 79.24796221894665, 54.079289685618065, 61.4193050054322, 79.9190354957559, 98.30611220638973, 48.213064364978514, 50.03717827000942, 19.769634233837895, 78.946525232096, 53.122156728736044, 49.9661019556651, 22.87364711842691, 10.631216495216849], [65.40965558212639, 0.0, 21.85361762595311, 96.0290144645959, 44.444071789409534, 78.53339857085341, 77.91675600052174, 52.66055380635734, 66.18093556104154, 17.53982840894303, 82.09355969555826, 58.95814744526987, 88.08169428928502, 62.456368259593475, 65.5486276483, 80.24722192026545, 24.889364405725917, 48.3099593946734, 76.84120472074024, 91.99278079974104, 7.862980504189949, 51.39995588878477, 26.486304704735325, 26.75075999187764, 56.055243854297636, 26.922917950677146, 29.680644200171294, 50.273197072470055, 14.870317125562448, 10.659081167481856, 100.94727621963919, 34.773271406125566, 73.43245472859857, 60.73324885557899, 56.2562695646879, 49.05285132121511, 27.97571858288809, 60.77909705302592, 52.28366787884097, 10.7200714486527, 54.7038717512358, 23.756703892642893, 44.146894561679616, 14.545279502945275, 40.34141006418862, 56.4300497191123, 75.03521938746326, 46.02540292699585, 50.92800509453819, 41.066493646232274, 52.4650517513076, 18.00213955268637, 54.18521417668367, 22.170880409680606, 22.096404662519245, 88.51018112947959, 32.01287640263537, 57.33047038501017, 14.043315878221437, 83.16771546525243, 66.71630401393718, 33.19204485685766, 70.12125042393394, 45.6820462621613, 52.028613477877805, 52.04876086262709, 26.80458787863841, 41.79611933634398, 22.13685849934688, 69.18149965260957, 75.82157356592526], [86.01092631045046, 21.85361762595311, 0.0, 117.53399037842863, 65.41598856247552, 100.1400888453544, 96.6601973924936, 64.91008561775669, 79.7611410321694, 24.37857871153635, 103.94716660381619, 76.07706680612097, 109.82163003986147, 81.3813015082011, 78.1948863428189, 101.35649469142936, 45.64340005601454, 64.5779204152228, 91.14927565063962, 113.77166438080931, 24.74805296560519, 60.923630301086604, 4.797135144708215, 48.224344398091866, 71.52976876670819, 47.49548170746589, 47.86928841843466, 70.40373699967162, 9.170157947676447, 19.362283256299524, 122.57850007394774, 56.580697793198865, 93.67180459053944, 82.43456041172756, 77.44987227770021, 69.76487475985269, 6.508445292391944, 82.62951400375404, 67.5002554462182, 27.864539172347435, 74.12655285196301, 31.974647500648782, 59.40392144425265, 9.962917132053807, 51.03039567997163, 76.69951373695166, 96.04304295841459, 67.77846069438087, 65.84562251782268, 62.30542532719922, 73.58471119467985, 26.0568680662313, 70.53228514856887, 43.36628645051365, 38.6956237337088, 110.21845032177167, 36.18250095226653, 77.74871129677048, 8.584015342649293, 104.1659337778822, 85.8854986355975, 42.51719434548168, 80.12231044767319, 57.007219051192145, 72.26553244612865, 70.76666557815625, 35.122231887053005, 61.4758961273112, 37.943979339647946, 86.71031925720203, 96.17093802165098], [55.343265993118855, 96.0290144645959, 117.53399037842863, 0.0, 52.49903451465082, 36.28670954133661, 39.61990019798557, 77.71504163667522, 70.5967751119088, 104.85113307766123, 22.33985218981285, 56.838719266701226, 11.088369971730126, 45.921539155826764, 74.52808493224406, 17.92439539166315, 77.38816088175062, 65.60094577090757, 66.7009244975314, 10.750988499832163, 96.22388192446614, 86.245998617736, 122.29327664219568, 69.33122007788921, 87.1364880198263, 70.3888623705562, 82.8408025331392, 64.91062383222436, 109.12310997905328, 103.07218579837891, 6.340469090245753, 61.61544534966072, 30.325037166386885, 43.558054857989326, 40.34203197686852, 48.77326717560939, 123.11259415397296, 37.77915643150307, 88.07668457180853, 90.3958763675413, 67.7578997533661, 94.72369428698879, 71.07770578390554, 110.36081568326851, 100.80260089929831, 43.70467250577895, 48.05225800967691, 54.1685959064828, 69.1641169017406, 55.29077891292417, 44.26796240312468, 96.9648302011066, 83.49619528453674, 74.17343529911373, 90.0954466514976, 9.86302557026591, 99.40084426700987, 42.254737259735926, 109.09251936841524, 16.570742967772283, 41.915192000704955, 90.0017704893609, 84.99914490268716, 99.88614958171709, 47.71324260444166, 72.54609223893381, 93.62635630988815, 58.65742119848293, 91.69451764348517, 77.68137485905139, 55.89992074818014], [44.25859198127329, 44.444071789409534, 65.41598856247552, 52.49903451465082, 0.0, 45.56826302775768, 36.805117640409144, 38.20583894525868, 42.040814865280055, 56.233712713251144, 43.02291248456122, 26.2787308395309, 46.008680927517744, 22.54099165647389, 44.219087555700696, 35.94065950230396, 32.04426025341856, 24.318342784811193, 47.86748166306496, 50.262900279572186, 46.15194016632058, 44.54134475257782, 70.20606367045686, 17.99992430966842, 59.991749987607044, 17.9620113920992, 41.19017024628473, 38.33946553390893, 56.79115212967535, 52.804195680802415, 57.915817418224464, 14.179612423052035, 29.460397659837145, 29.808572563355618, 12.157338642669552, 5.0081037719888455, 70.78871036347594, 23.539612529859294, 58.44954156455723, 37.947480788110475, 44.46661103505574, 43.10492107699106, 26.824612646780437, 58.98280237432371, 61.80373171543964, 13.037016368140785, 48.520083966796335, 20.86051334723537, 29.70439297491448, 4.080739227036773, 8.234732691248613, 44.672664376310564, 56.210481942784355, 22.27322575900968, 44.78507300851307, 46.14346734697941, 49.089015182687525, 13.499913929082073, 56.88505054646481, 38.77389281348535, 25.461867710344826, 40.59453433421823, 54.14549600821332, 63.64337215249013, 9.310788502476806, 46.325163303861565, 42.55581259624457, 9.216312373238997, 46.34121541791622, 62.005812498749705, 53.7263906171031], [20.603870065283896, 78.53339857085341, 100.1400888453544, 36.28670954133661, 45.56826302775768, 0.0, 59.36666863251936, 82.47935863084142, 81.98775783642141, 81.85194677922831, 14.181716313707149, 65.18118782012081, 25.40739840039365, 55.3495645752054, 85.18996697538589, 36.62229982708721, 54.906269632928236, 68.3479369680286, 83.20959666629857, 25.971991883905996, 75.93630989140146, 89.61137711302622, 104.53326288835602, 55.22121210081537, 53.18725121621392, 58.99500870664094, 56.53259904560529, 34.18249741397801, 93.2415757635872, 82.43928723178682, 36.675934750081815, 45.70416433320951, 45.8618783886223, 17.939724412609216, 37.61647643388568, 45.212450193022505, 106.44197779737776, 22.069009360094153, 54.894652829430136, 76.76626832150538, 34.866344262843675, 86.21272891512348, 71.94127016703591, 91.23666819815232, 70.70177661768615, 46.243115357097786, 11.783859635551137, 32.66691053335276, 73.46497703160269, 45.66948278410534, 40.086588664897235, 86.01641568731252, 49.910545017251536, 60.2555183012674, 65.44316172641591, 26.756706770129203, 93.37840583835462, 44.819440694656436, 92.56999348611885, 39.09951590607667, 53.975734936789394, 85.62428035967177, 95.9727755390216, 68.45646678264802, 47.656093797042615, 39.9624478411158, 86.40204731012457, 54.69000833486824, 66.87107201404538, 41.733254389152606, 19.62666749173152], [69.61376475264323, 77.91675600052174, 96.6601973924936, 39.61990019798557, 36.805117640409144, 59.36666863251936, 0.0, 42.045056544742486, 31.865199483905354, 91.92433478467075, 48.00301350118377, 22.195692660509156, 41.79232655623801, 15.461675587068058, 35.87355529088315, 24.78969798676001, 68.84932351161687, 33.70563808490225, 27.096579106201798, 45.462162996851994, 81.26099183895573, 50.64346836121539, 101.37588362666582, 53.66998692355841, 93.73580488081979, 51.43197929798702, 77.83973006032804, 70.32047919355122, 87.51981808172171, 87.5113906576074, 45.85337452182985, 50.91266761271443, 13.51997636109009, 53.001859417842375, 30.159616856625615, 31.865436822218935, 100.96777826515167, 43.432220868573346, 92.91515322382875, 69.06319122738911, 75.70506382780596, 67.65609377796183, 39.59748673770329, 92.14920184219079, 98.40740394990937, 23.910093350523695, 68.30117726794055, 53.10549290206062, 35.107496142590946, 40.88574286153183, 31.804104831184993, 71.90590387271641, 89.82245974922193, 56.79387593985962, 81.53030635356896, 40.836900385591214, 69.55220147852178, 23.87142854138499, 88.17032070937003, 24.101282137885168, 11.461037160692738, 59.87717900232885, 45.8670621875402, 99.86844631976997, 27.556195331095537, 78.9242679954886, 65.5273443914566, 36.25976224944176, 83.0695623369788, 91.45481716997675, 75.80793411369865], [82.34376361264982, 52.66055380635734, 64.91008561775669, 77.71504163667522, 38.20583894525868, 82.47935863084142, 42.045056544742486, 0.0, 15.139175982106076, 69.98793138765697, 76.73129835058467, 20.946634177967404, 75.62051671806665, 31.79971342876272, 13.291419353551067, 59.992688387842705, 58.33858513025132, 14.145322496786081, 26.727933706548924, 79.95106418322646, 59.130124678831486, 8.65421216720014, 69.07148377364325, 41.35827550678148, 93.01916949889394, 35.8950521700173, 68.4604272227493, 74.4519523948494, 56.13417089247633, 63.30795691183663, 84.01052438043027, 46.69234772706668, 47.42554870487441, 67.89313992843476, 44.99361371399047, 37.39640926963182, 67.41111412663896, 60.61805388025049, 90.52419766787963, 41.945786686689026, 80.67808547960725, 32.937884776595126, 12.032186035613442, 64.01595010911073, 87.17291950047326, 37.0298132570922, 86.59606079333183, 58.22213420881069, 9.095326488859598, 39.87588783648242, 42.40421580798926, 38.983438777709516, 89.63165020979613, 40.325901850772, 67.01263009049923, 75.1858615473957, 30.97483816953069, 38.58632849364682, 57.48411891077487, 61.16683339776312, 35.89430715789963, 22.557587975936404, 18.305183559827366, 90.96146964997183, 34.88837714073949, 81.42765997959559, 29.846305644788576, 29.221855854542724, 68.08750597382914, 98.467378054381, 91.93126516771174], [85.57731850307614, 66.18093556104154, 79.7611410321694, 70.5967751119088, 42.040814865280055, 81.98775783642141, 31.865199483905354, 15.139175982106076, 0.0, 83.11863644881568, 73.87716102882759, 16.890351223227, 70.5814895123358, 26.96227029789003, 4.009697113511674, 53.82360351174319, 68.06897543039429, 19.83182657654094, 11.590690953887377, 74.70738179915281, 72.07840293238864, 21.995497127246125, 84.00701724630439, 50.58914990503535, 100.90593369294486, 45.70745441211089, 78.24974460430056, 80.27736692401184, 70.86851319306327, 76.82115521847062, 76.92789986785317, 53.645204163749014, 40.809353236274326, 69.78490753678823, 44.89098898098827, 39.4527810442103, 82.45219571943238, 61.26881183789541, 98.8601600421766, 55.59222448540516, 86.44827941232916, 47.85226386155156, 22.28031658349329, 78.31782707199955, 97.95668708250444, 35.93957904400939, 88.0028911657363, 62.90011973748152, 15.609970085487022, 44.89620255465837, 43.45763589383331, 53.73015098601906, 97.28075999025941, 50.84442613040685, 78.2097304153842, 69.9003657022231, 46.09320059143035, 37.272401679391386, 72.1301443970517, 54.22085017243807, 29.605854083319578, 37.632486652714256, 14.546409867370105, 101.18297058313749, 35.59126647256405, 88.01426890021621, 44.83897715801179, 34.603133820439815, 79.44087009164127, 104.04285504883651, 94.25836813720629], [65.30581977477306, 17.53982840894303, 24.37857871153635, 104.85113307766123, 56.233712713251144, 81.85194677922831, 91.92433478467075, 69.98793138765697, 83.11863644881568, 0.0, 88.13210151564914, 74.54756826578529, 95.76468900955612, 76.58165635705926, 82.70684786512417, 90.6118609788749, 27.702819835750876, 64.57049103050258, 93.46587482472616, 99.2861944605186, 11.09233839121986, 68.93830215429934, 27.046941316075277, 38.41619788552358, 47.341721326745976, 40.628740313291765, 25.969123555926974, 49.40121465001795, 23.879217669907575, 7.568946735470727, 109.11780806587828, 43.78896743377351, 85.6856838104313, 65.10328551285217, 67.00656513975197, 61.180802034436226, 30.523728662256605, 67.62990627642967, 43.29095184654773, 28.18334958196133, 52.117604926502786, 40.92787314878086, 60.892887098350414, 14.732470127172371, 26.83847535959756, 69.06349940758041, 75.93873798131732, 51.41530024575853, 67.66116058283546, 52.36100680993354, 63.55153369466016, 34.80416887965549, 46.598507017871675, 35.17150947889423, 16.59336287430688, 96.4098137006393, 48.69340607008619, 69.69474562566755, 21.93650273606259, 93.75980810633838, 80.49781801145909, 50.68164820804935, 87.6051068938933, 32.76843601691464, 64.85750450747186, 48.178152520320936, 44.08892456010561, 55.77472740517615, 15.348613353463461, 63.076169262551076, 74.86022854073512], [33.137521885138746, 82.09355969555826, 103.94716660381619, 22.33985218981285, 43.02291248456122, 14.181716313707149, 48.00301350118377, 76.73129835058467, 73.87716102882759, 88.13210151564914, 0.0, 57.602924492644526, 11.308421549268083, 46.92547209067209, 77.3999347652331, 23.83369979940782, 60.463669201562496, 62.94283448834813, 73.46566762582809, 12.663280793074408, 80.7968884496632, 84.5446833264872, 108.55417874768618, 56.5671521775961, 65.32338200416731, 59.20217007714128, 64.182805440986, 44.03787395468928, 96.27256570567845, 87.56269504251274, 23.612987859402654, 47.52188398558289, 34.859010331510156, 23.49915162334003, 32.40858111558604, 41.12836995921526, 109.98388732696036, 21.355973582435098, 66.54091456924975, 78.49537890460353, 46.16871156244636, 85.86590216821106, 67.38599560528246, 95.74877353994545, 80.61647490519789, 39.704157926660244, 25.828196378020184, 36.78506504268468, 67.64310528749814, 44.38696935167707, 35.81513012690433, 86.72422018991526, 61.79178756207256, 61.688199005552164, 72.34857581318694, 12.63091859123261, 92.11000424614359, 38.14517139462569, 95.88601640331886, 25.857934595727965, 44.59882088719962, 83.52846999505215, 88.28230880770425, 79.11612530324975, 42.275988278331816, 51.11272854551942, 85.51052294994759, 51.39706119907392, 73.88764816530855, 55.34298650900589, 33.7699991041914], [68.93556860201444, 58.95814744526987, 76.07706680612097, 56.838719266701226, 26.2787308395309, 65.18118782012081, 22.195692660509156, 20.946634177967404, 16.890351223227, 74.54756826578529, 57.602924492644526, 0.0, 55.32003711788683, 11.073755060975737, 20.013594474374198, 39.23787854730655, 55.422443212157596, 11.743509860412136, 21.637561115389182, 59.587626785350515, 63.513816754407095, 29.56512425283109, 80.69078341906146, 38.28490345906665, 86.14034101314809, 34.41406848664697, 65.37425377936249, 64.56637007983767, 66.90903521914183, 69.187962011752, 63.15173067331936, 39.21987153305245, 26.518374431443423, 52.97543786772472, 28.003271854531125, 23.042549575908, 79.93995900853038, 44.38244162416357, 84.42557270102967, 49.20507572612009, 70.64747552275293, 45.94167263982241, 17.526020647214736, 72.59162676625, 85.73190802213918, 19.05103517573976, 71.12229531841221, 46.915985807948104, 13.043381427173918, 29.636927790936504, 26.696248915307816, 50.62479660674464, 82.39704859975313, 39.925826654016134, 66.87169858705876, 54.78598648449565, 47.3889911550115, 20.399455032635853, 67.76620197363756, 40.27287384163735, 14.95477721913336, 37.7382471946891, 30.8413226058076, 88.32182626016655, 18.904904504916583, 72.603749447086, 43.6286106278481, 20.493629637523334, 68.26431399329743, 88.03195633937209, 77.44342755324436], [44.25601422359158, 88.08169428928502, 109.82163003986147, 11.088369971730126, 46.008680927517744, 25.40739840039365, 41.79232655623801, 75.62051671806665, 70.5814895123358, 95.76468900955612, 11.308421549268083, 55.32003711788683, 0.0, 44.260313352947215, 74.34647729646753, 17.093224522249287, 68.10977021690009, 62.52931650404996, 68.47681142135689, 4.382479153239321, 87.64474326508545, 83.87897027285904, 114.52858978898253, 61.69282745148767, 76.13329680048915, 63.43984208621929, 72.91549377141611, 54.15851205523964, 101.70433163671568, 94.48438559576155, 13.502308088410949, 53.33603530649763, 29.89906010690923, 32.9404131080823, 34.14648496698134, 43.00196785115044, 115.619087816972, 28.15545668112018, 77.15219436653477, 83.3019872591297, 56.80187387210735, 89.02397695529949, 67.58194116756582, 102.17996381842522, 90.34660521784126, 39.46769616809522, 37.11819712456175, 44.53300018144509, 66.70148895340415, 48.2413607748576, 37.99483466581308, 90.65042870314034, 72.52064131915562, 66.70191244656336, 80.54740297640097, 1.3793880860177326, 94.45475164167549, 37.91032792485915, 101.51729810289714, 17.870889455345555, 41.00601196486302, 85.37365961071255, 85.12785832679424, 89.22081218019702, 42.92708832839036, 61.63867097451535, 88.26036843218488, 53.28863520554118, 82.1280491810667, 66.61814547939409, 45.030708459397175], [61.22243454130099, 62.456368259593475, 81.3813015082011, 45.921539155826764, 22.54099165647389, 55.3495645752054, 15.461675587068058, 31.79971342876272, 26.96227029789003, 76.58165635705926, 46.92547209067209, 11.073755060975737, 44.260313352947215, 0.0, 30.48377065850187, 28.212640027302385, 54.307474828129216, 20.313880269438563, 28.35544181546493, 48.51907597122382, 65.85721115907089, 40.327045589300276, 86.11887591940146, 38.49656827579351, 81.73653884915818, 36.01678456400615, 63.68340236812639, 59.023649317062734, 72.26634548397081, 72.06845587241143, 52.21168992435078, 36.68627007065919, 15.700448629373827, 44.759007099705414, 19.626838431116575, 17.94397635474745, 85.83581345190484, 35.60092073290277, 80.48807325761592, 53.68934799842248, 64.84018380503666, 53.12767889706515, 26.142937500335023, 76.70801172460767, 84.29786801815676, 11.01590874171508, 62.20597272343974, 41.28490706396816, 23.31138480725305, 26.54176782535631, 19.643472863471885, 57.000198461630575, 77.87764444258674, 41.4176130049326, 66.72053272056347, 43.71556730915705, 55.907033723933225, 11.818842786434017, 72.86042347195439, 29.392558966490686, 4.70226104808878, 46.21081335764118, 41.3643074005917, 86.18232120240471, 13.321939423367422, 67.4340846150217, 51.249340835892355, 20.835280364917107, 68.22824922978403, 81.63582117339912, 68.9813960827944], [88.11602842309394, 65.5486276483, 78.1948863428189, 74.52808493224406, 44.219087555700696, 85.18996697538589, 35.87355529088315, 13.291419353551067, 4.009697113511674, 82.70684786512417, 77.3999347652331, 20.013594474374198, 74.34647729646753, 30.48377065850187, 0.0, 57.65952501008453, 68.91369777844918, 20.962094138572976, 14.310695529723228, 78.49833743441306, 71.73686999520257, 19.044716541872194, 82.33537968377377, 51.49549941490134, 102.37562077178734, 46.40141447833627, 79.10790090143895, 82.2282443047358, 69.42511252561704, 76.20763608683039, 80.86242476758677, 55.19626835311597, 44.645205448364905, 72.53862731281681, 47.86897618845006, 41.97102916477361, 80.61515768329797, 64.21431952463476, 100.20028182023545, 54.873074967317734, 88.42940093404556, 46.22047029471395, 22.372461130573665, 77.22890952353424, 98.52340370006335, 38.99809573577543, 90.89789037955656, 65.04972534836669, 16.113701407115155, 46.84066544528696, 46.213688209018066, 52.27341099111359, 98.8086668074946, 51.35454431601803, 78.59205496440403, 73.68789300888673, 43.804756892744514, 40.38426531524926, 70.76859571469352, 58.11937849261769, 33.342047021273125, 35.775752560973444, 10.882399567248298, 101.94710463239831, 38.32173766721112, 89.79924923417389, 43.10781455478093, 36.32429901376561, 79.76875845743095, 106.10734044579665, 96.99557983532121], [51.00987235386878, 80.24722192026545, 101.35649469142936, 17.92439539166315, 35.94065950230396, 36.62229982708721, 24.78969798676001, 59.992688387842705, 53.82360351174319, 90.6118609788749, 23.83369979940782, 39.23787854730655, 17.093224522249287, 28.212640027302385, 57.65952501008453, 0.0, 63.9049236371124, 47.687334036972324, 51.38446639044885, 20.996870068583547, 81.26000487925633, 68.46864313964858, 106.14605896474701, 53.53419847154734, 79.9587831372523, 53.88502614142559, 70.74439675987581, 56.4548395516327, 92.70700537018595, 88.05461498679793, 24.11191678276123, 46.827054116565996, 13.015218231644488, 35.76235749723842, 23.99323903921206, 31.75326379498488, 106.69915466815652, 27.30340478702765, 80.11822925652007, 73.81280745231008, 60.63020930151953, 77.23153311221286, 53.153435464084865, 94.74573457665164, 90.102861610418, 25.998117283232478, 47.02044232756685, 42.28054993536376, 51.33673864783504, 39.18077120093998, 27.797006650652293, 79.78240018103143, 76.10056985756499, 58.116713103280794, 76.94841253413884, 16.241263290668318, 81.63461566231445, 24.609378387384233, 92.82412742232444, 3.3520773876630434, 24.47790929393337, 72.1777608759999, 68.35449631663062, 90.11103006983858, 30.16047626550864, 64.84358291600654, 76.00323172694821, 41.23267384407202, 78.56387798346992, 73.8433817372353, 54.95793871520427], [40.55822440823985, 24.889364405725917, 45.64340005601454, 77.38816088175062, 32.04426025341856, 54.906269632928236, 68.84932351161687, 58.33858513025132, 68.06897543039429, 27.702819835750876, 60.463669201562496, 55.422443212157596, 68.10977021690009, 54.307474828129216, 68.91369777844918, 63.9049236371124, 0.0, 48.237724017278, 76.53448572821281, 71.59339259221697, 21.08286838799713, 60.757296080351516, 49.85931090531835, 17.483388634520306, 35.83364813663466, 22.55355033603625, 10.194223523720924, 25.426683207317495, 39.70897839562343, 27.534394510938842, 81.50373021963631, 18.035257313582974, 60.57246479049503, 37.65533953562604, 41.10104274107462, 36.99946213864867, 52.077618457613674, 39.95779204182992, 32.80808298819102, 27.41483715863968, 30.170194725365562, 41.26728069417208, 46.81148551061218, 36.417282135124516, 30.31299054377783, 45.01305387626013, 50.407765950408965, 23.7143974142151, 52.801029166558635, 27.96377383020649, 38.09774927318443, 37.99667577049016, 32.97991402303875, 18.10807339820364, 13.091926124014162, 68.78231570828541, 50.09785154578174, 45.282555385351245, 38.6915137801749, 67.14960969703812, 57.48765983927146, 46.62422353556804, 76.59061443055067, 33.127093885982, 41.32097122136386, 28.15848469140223, 43.1505006351935, 34.955440351226805, 14.702684089738062, 45.924496518152836, 50.93532206105185], [68.57370956386397, 48.3099593946734, 64.5779204152228, 65.60094577090757, 24.318342784811193, 68.3479369680286, 33.70563808490225, 14.145322496786081, 19.83182657654094, 64.57049103050258, 62.94283448834813, 11.743509860412136, 62.52931650404996, 20.313880269438563, 20.962094138572976, 47.687334036972324, 48.237724017278, 0.0, 29.03478771159449, 66.89851741154784, 53.478360625729536, 21.601921631109395, 69.14809529896999, 30.757325893467616, 81.41635072555219, 25.9366531848563, 58.417925754929406, 61.583882812101464, 55.423454134649646, 58.76517256218956, 71.79387626516719, 34.279828309470716, 35.82456690774029, 53.83580529309633, 30.935040978057494, 23.256210083240056, 68.29681006669304, 46.47278300856957, 79.24308790633557, 38.18327151377754, 67.80727470372281, 34.19855108765674, 5.917118519667594, 61.52814958257562, 78.18296149422517, 23.313655699330166, 72.51971621099223, 44.78191869286471, 5.390096201222308, 26.39009641897141, 28.26508753139265, 38.95473248916331, 77.85922309784803, 31.179228100729382, 58.56852694509994, 62.20066894615147, 35.90035511803478, 24.887539933281978, 56.35781313387476, 49.273929956504794, 24.921414608480653, 26.202767371004533, 30.0926965644838, 81.3549795569025, 20.832402469057627, 68.98059573908654, 31.901937760759015, 15.687351141945639, 59.84279964195319, 85.55795756280509, 77.99259096121418], [89.4588179962438, 76.84120472074024, 91.14927565063962, 66.7009244975314, 47.86748166306496, 83.20959666629857, 27.096579106201798, 26.727933706548924, 11.590690953887377, 93.46587482472616, 73.46566762582809, 21.637561115389182, 68.47681142135689, 28.35544181546493, 14.310695529723228, 51.38446639044885, 76.53448572821281, 29.03478771159449, 0.0, 72.31622593822789, 82.37958690295541, 33.317880365534705, 95.44550655080035, 59.147551979921275, 107.77739279105552, 54.72310111562848, 86.60668299131558, 86.0472720721514, 82.19627858922497, 87.42376549959431, 72.90680756351071, 60.800889475373644, 38.811892093382866, 73.08118353235494, 47.88514205330171, 44.34238025423404, 93.96073893300479, 63.95589704181852, 106.0522794489705, 66.38740660979045, 92.07545648987772, 59.31281745447705, 32.69468503476095, 89.37806706101732, 106.75608624238491, 38.99365335726583, 90.51831066948431, 68.32069388288758, 25.91651763584143, 51.27412683983169, 47.3692497672712, 65.09472614408328, 104.03063134863042, 60.089269132107276, 87.42856289895698, 67.60812972044785, 57.68227000591971, 40.02351164444309, 83.40450472143709, 51.06503946425541, 29.235429868553055, 49.18271722172413, 20.851781055487137, 109.5957764868981, 39.93846330612731, 94.1686906981089, 56.342430738889455, 41.87745059412495, 88.74281682337296, 109.29804072839666, 97.33682727245184], [45.71407579275767, 91.99278079974104, 113.77166438080931, 10.750988499832163, 50.262900279572186, 25.971991883905996, 45.462162996851994, 79.95106418322646, 74.70738179915281, 99.2861944605186, 12.663280793074408, 59.587626785350515, 4.382479153239321, 48.51907597122382, 78.49833743441306, 20.996870068583547, 71.59339259221697, 66.89851741154784, 72.31622593822789, 0.0, 91.3682246104586, 88.22842652100614, 118.4624254329092, 65.71925360759268, 77.98262508636992, 67.59545161179513, 76.03714242400619, 56.56461455261567, 105.72757627846156, 98.19648715536965, 10.950619415102288, 57.221794667722186, 33.941033643526325, 35.64753255727079, 38.46153351003251, 47.331284353389634, 119.61604278860301, 31.67518089413954, 79.1990213454629, 87.40662330266483, 58.82526603719728, 93.31438628456134, 71.96215680047109, 106.01201934316528, 93.01717795211214, 43.849904858431614, 37.75099359990921, 47.921528877328846, 71.04742712171199, 52.41151080219166, 42.2922119432271, 94.87060484178713, 74.45506531985365, 70.75485630936352, 83.8740757357396, 4.812823215286215, 98.7999482761968, 42.29274468801642, 105.50609067039649, 21.376574221311028, 45.17527548626871, 89.73720501077092, 89.25187606822958, 91.66215149130281, 47.303402042434236, 63.75608296068077, 92.57978363467781, 57.631757263091544, 85.44228492623674, 67.64318345269825, 45.48158670482553], [61.27038548889227, 7.862980504189949, 24.74805296560519, 96.22388192446614, 46.15194016632058, 75.93630989140146, 81.26099183895573, 59.130124678831486, 72.07840293238864, 11.09233839121986, 80.7968884496632, 63.513816754407095, 87.64474326508545, 65.85721115907089, 71.73686999520257, 81.26000487925633, 21.08286838799713, 53.478360625729536, 82.37958690295541, 91.3682246104586, 0.0, 58.48414576324535, 28.822204844536977, 28.162582458845193, 49.06712634553577, 29.840904646810756, 23.547844995069372, 45.66225268688723, 20.106506452611352, 6.849636672242411, 100.80720333210503, 34.63298023368516, 75.57854845106625, 58.49030762329418, 57.38966243199485, 51.01502845293391, 31.240805414514305, 59.76128630663625, 45.19996782177044, 17.72524211061524, 49.52114045580699, 31.50710909007948, 49.83222521655486, 15.33525692277509, 32.504260855739176, 58.766167456374454, 71.37620791322999, 44.10344265747602, 56.59369504168215, 42.4228843846744, 53.78132387245037, 25.856029545594552, 47.45880234625072, 24.480327348285773, 15.030853542261447, 88.18828852186526, 39.857786322320514, 59.491451982555105, 18.672542074241512, 84.323046937107, 69.87763393338294, 40.61712200235091, 76.91478037431526, 37.90689622813803, 54.47752771163642, 46.39330019110434, 34.483697918010456, 45.02225650216363, 14.79310479830767, 62.98571835838355, 71.42597623224351], [88.09856690540738, 51.39995588878477, 60.923630301086604, 86.245998617736, 44.54134475257782, 89.61137711302622, 50.64346836121539, 8.65421216720014, 21.995497127246125, 68.93830215429934, 84.5446833264872, 29.56512425283109, 83.87897027285904, 40.327045589300276, 19.044716541872194, 68.46864313964858, 60.757296080351516, 21.601921631109395, 33.317880365534705, 88.22842652100614, 58.48414576324535, 0.0, 64.77732613131545, 44.668102067443634, 96.21366633877834, 39.03678072493969, 70.63712319318078, 79.05460717087438, 52.579306422043295, 61.85338348575703, 92.52722994180806, 51.24793220496555, 55.99317454030374, 74.34533157999073, 52.4481047998176, 44.4006253677102, 62.70574531671011, 67.59601958212656, 93.45021924470515, 40.80601032476499, 85.2336212546664, 29.37810489102214, 17.731610934450156, 61.29474390549656, 88.299515683155, 44.894943132111166, 93.04894500443079, 63.657359421875455, 17.18637888069465, 45.6463705523586, 49.58246478198331, 35.7597990026456, 93.00874084971622, 42.68732314231016, 68.04536757772416, 83.48603685947064, 25.346579469606635, 46.46642355868802, 54.13111675348169, 69.7172950798397, 44.49422015544916, 18.75204325262143, 19.24489205017531, 92.51307447912698, 42.37444904971536, 85.52607113459884, 26.086153575172972, 35.34150664364246, 68.95945561964147, 102.95824669031545, 97.98533609586322], [90.05033454141639, 26.486304704735325, 4.797135144708215, 122.29327664219568, 70.20606367045686, 104.53326288835602, 101.37588362666582, 69.07148377364325, 84.00701724630439, 27.046941316075277, 108.55417874768618, 80.69078341906146, 114.52858978898253, 86.11887591940146, 82.33537968377377, 106.14605896474701, 49.85931090531835, 69.14809529896999, 95.44550655080035, 118.4624254329092, 28.822204844536977, 64.77732613131545, 0.0, 52.97167372566064, 74.38864398165587, 52.29005113428481, 51.52808824313449, 74.34982145132616, 13.856304433696552, 22.96658857989874, 127.3164825695832, 61.252253318323305, 98.46315537088512, 86.8888175102527, 82.23237977700903, 74.56116113705869, 4.117460998040921, 87.25606907073683, 70.33735646297987, 32.65108396591415, 77.87712761311579, 36.156690895918224, 63.905930769165394, 13.57376874176674, 53.169393756784636, 81.49372153057588, 100.19840571863202, 72.2738103731015, 70.2883915725034, 67.08136345161648, 78.37043133234675, 30.427491287455712, 73.589966568285, 48.13472502309788, 42.220137259411295, 114.93595764998447, 39.74132417960045, 82.54486894389828, 13.37767766591821, 108.95945408502851, 90.63417985074773, 46.57842138595309, 83.90640345582125, 59.16371551712602, 77.05982599202038, 74.36066016074255, 39.22800853193832, 66.26043273399033, 41.35269513326653, 89.94815678450743, 100.11665877817543], [46.84868898702765, 26.75075999187764, 48.224344398091866, 69.33122007788921, 17.99992430966842, 55.22121210081537, 53.66998692355841, 41.35827550678148, 50.58914990503535, 38.41619788552358, 56.5671521775961, 38.28490345906665, 61.69282745148767, 38.49656827579351, 51.49549941490134, 53.53419847154734, 17.483388634520306, 30.757325893467616, 59.147551979921275, 65.71925360759268, 28.162582458845193, 44.668102067443634, 52.97167372566064, 0.0, 51.71374514070034, 5.638143615155365, 27.66069087074769, 35.16648466867048, 40.012468806733295, 34.80481432803778, 74.35739735805399, 9.525368754282773, 47.41699751042041, 37.3885861310444, 29.543182290765664, 22.85423912129741, 53.93370823414911, 35.28096113938901, 49.166211886470705, 21.93538663934046, 41.173547716049605, 31.414819698074336, 29.58349480138469, 41.215780728708296, 47.60863572243377, 30.661085796157497, 54.42857125272993, 23.161249830502083, 35.384582784763836, 14.384436982952309, 25.80394528614052, 30.795203630233367, 48.408272823648126, 5.127757657611393, 28.62495649218018, 62.047066451395246, 39.335560769159365, 31.34239689225195, 39.845304073960264, 56.4964290329143, 42.21263203748656, 33.31675023870336, 59.475589561889336, 50.60885139600368, 26.44176813066488, 40.997362462170805, 32.13802133478314, 18.08329537782563, 30.053734142348564, 58.668368732099545, 57.40618730416973], [32.590124009838846, 56.055243854297636, 71.52976876670819, 87.1364880198263, 59.991749987607044, 53.18725121621392, 93.73580488081979, 93.01916949889394, 100.90593369294486, 47.341721326745976, 65.32338200416731, 86.14034101314809, 76.13329680048915, 81.73653884915818, 102.37562077178734, 79.9587831372523, 35.83364813663466, 81.41635072555219, 107.77739279105552, 77.98262508636992, 49.06712634553577, 96.21366633877834, 74.38864398165587, 51.71374514070034, 0.0, 57.28323749199366, 27.032020677236535, 23.69286996893009, 68.96103746176169, 52.50538063127423, 88.93310005116324, 47.262864204689706, 82.19739419243339, 44.39016240312878, 63.58241847913761, 63.98212543571306, 77.81282288602289, 52.74518695836776, 4.061633040549304, 62.00001401485285, 19.478189299716814, 76.45575322099948, 81.11655165777755, 61.6175461394852, 23.52354169546103, 70.88659458706108, 42.596219238595594, 40.67823008228794, 86.4565324243795, 56.50341331986647, 62.348979387069676, 72.36588669279097, 3.9215034114095118, 53.603240520423554, 34.05963402418909, 77.29046975099253, 85.3462493071251, 70.45582640456323, 67.33080892878507, 83.25191031616477, 83.52393345766743, 82.43350901491333, 110.98832200557793, 18.621482595087183, 68.59830815733268, 15.13693573577957, 78.61176743629966, 66.33520318209389, 34.3130815578142, 17.433157407292466, 37.34615743871201], [51.86094965045908, 26.922917950677146, 47.49548170746589, 70.3888623705562, 17.9620113920992, 58.99500870664094, 51.43197929798702, 35.8950521700173, 45.70745441211089, 40.628740313291765, 59.20217007714128, 34.41406848664697, 63.43984208621929, 36.01678456400615, 46.40141447833627, 53.88502614142559, 22.55355033603625, 25.9366531848563, 54.72310111562848, 67.59545161179513, 29.840904646810756, 39.03678072493969, 52.29005113428481, 5.638143615155365, 57.28323749199366, 0.0, 32.7383639252361, 40.66991638655145, 38.82974934353346, 36.10484306194956, 75.69441972184478, 13.945325500198978, 46.52022449423237, 41.39675676496062, 30.084993072718454, 22.285840867075873, 52.826885150636485, 38.21939287742638, 54.674187644582965, 20.007640439405165, 46.720104295568305, 27.21783334523113, 24.260770917334202, 41.438112986165436, 52.252951958301736, 29.510809069488364, 58.98427573666039, 27.714693725400267, 30.30199989932069, 15.204501347519946, 26.180224775622822, 27.522841194398254, 54.008682597720615, 5.527764455385559, 32.7054624478939, 63.67852839762726, 34.66827469051579, 30.4380442648396, 38.94650994906201, 56.671719245391785, 40.07865479979415, 28.07199566973782, 54.08819994729584, 55.54701946383825, 25.105811027551677, 46.623974067157995, 27.55070106938688, 15.18153716904844, 34.02797872089087, 64.2652187611517, 62.34486821060692], [39.34330668720841, 29.680644200171294, 47.86928841843466, 82.8408025331392, 41.19017024628473, 56.53259904560529, 77.83973006032804, 68.4604272227493, 78.24974460430056, 25.969123555926974, 64.182805440986, 65.37425377936249, 72.91549377141611, 63.68340236812639, 79.10790090143895, 70.74439675987581, 10.194223523720924, 58.417925754929406, 86.60668299131558, 76.03714242400619, 23.547844995069372, 70.63712319318078, 51.52808824313449, 27.66069087074769, 27.032020677236535, 32.7383639252361, 0.0, 23.439551772149336, 43.61012482198831, 28.573303986428755, 86.4171028431434, 27.01122397428222, 68.73904627065765, 40.7107638681292, 49.070238761591014, 46.02353410669762, 54.37008465021082, 45.06523174472265, 23.608354866520223, 34.96964247953781, 26.37621621295827, 49.43837352330895, 56.98899794993847, 38.0127760889149, 20.61553166625414, 53.92971526791201, 50.03203101345707, 28.758211779935635, 62.995249374872934, 37.150265167384944, 46.45119133060945, 45.36849568284123, 24.728632864476218, 28.15238771920061, 9.43831798388932, 73.73453021716804, 58.32893541753404, 54.03826881401141, 42.21889470833574, 74.06156004982628, 66.610125116028, 55.78099748607441, 86.73205429966289, 22.991581303948465, 50.498230873500226, 22.90632072785603, 51.65093409194404, 44.880835499056374, 10.623333769618718, 39.540546483258254, 48.93915601307491], [15.90470702847706, 50.273197072470055, 70.40373699967162, 64.91062383222436, 38.33946553390893, 34.18249741397801, 70.32047919355122, 74.4519523948494, 80.27736692401184, 49.40121465001795, 44.03787395468928, 64.56637007983767, 54.15851205523964, 59.023649317062734, 82.2282443047358, 56.4548395516327, 25.426683207317495, 61.583882812101464, 86.0472720721514, 56.56461455261567, 45.66225268688723, 79.05460717087438, 74.34982145132616, 35.16648466867048, 23.69286996893009, 40.66991638655145, 23.439551772149336, 0.0, 65.02113349625688, 51.44813184958202, 67.41595807178429, 27.83595391711198, 58.54991916758792, 21.40471910203692, 40.25986791