instance_id,num_cities,city_coordinates,distance_matrix,best_route,total_distance
260,27,"[[13.183056775916235, 20.17535833766879], [12.130738227801796, 85.72060169444995], [58.835516554775744, 87.80961803431225], [91.9806323719587, 6.714572209328862], [21.570807375325295, 0.9677934394503485], [46.15886850678213, 41.180856234919304], [81.80328140734404, 73.00865066112173], [24.645765860043145, 44.668228139424016], [43.264305541407765, 36.36326669454505], [82.42500795494412, 71.52311216689074], [89.77651517550653, 17.37802466019469], [56.24492873073612, 30.60320821775694], [60.998459237780466, 73.72016104329332], [97.60038400539197, 93.9062930777623], [69.33691929841493, 5.529165575865747], [17.452146052487617, 85.89793081012893], [93.79684452832039, 81.66462557553376], [18.356826788971503, 64.18444198233423], [23.01500061376991, 59.78912897874237], [49.846484469415095, 47.35910665338676], [89.26990830802333, 29.717371617546682], [60.82526086056402, 69.58519297072598], [73.87933293129021, 61.5853052032855], [59.512149352844965, 15.098918107248927], [33.90496827925864, 52.90384132599242], [84.37768365880314, 98.73204073887382], [68.89568515794785, 41.687794589671526]]","[[0.0, 65.55369021669468, 81.59987848381512, 79.93904354573512, 20.959124729748623, 39.09776337875235, 86.60307157487571, 27.042454967570134, 34.16035573968763, 86.20347804111653, 76.64452325713104, 44.30648789257571, 71.78689719840457, 112.08271889196976, 58.0324671077456, 65.86107845798695, 101.38793202960224, 44.31215791846691, 40.81565807425248, 45.64168163782661, 76.68284680097807, 68.63753614830071, 73.47667411187457, 46.60638437397454, 38.73694896438468, 106.01805151424581, 59.72170354846583], [65.55369021669468, 0.0, 46.7514738574089, 112.3296857016741, 85.27692192274974, 56.05089273047343, 70.82271508618484, 42.9176338017039, 58.35619531775244, 71.71368813104922, 103.43874764079382, 70.5973715331795, 50.31962571930602, 85.86073545439483, 98.50489114477892, 5.324361637970787, 81.76676501222744, 22.418080959736148, 28.123094511310224, 53.79667105265236, 95.32477820436777, 51.29822559420765, 66.29782413150595, 85.04363769789663, 39.383459160090695, 73.40925466258899, 71.84112541928143], [81.59987848381512, 46.7514738574089, 0.0, 87.6071067887225, 94.49952935964168, 48.3212047933123, 27.32374164541017, 55.04651282897703, 53.75118304370239, 28.665560833309595, 76.92824410361324, 57.26503705904448, 14.254512245311517, 39.24136076959198, 82.94788916151386, 41.427501761182235, 35.49725885180713, 46.8686811062908, 45.47809548775284, 41.4372606335171, 65.58171464010648, 18.3327235101795, 30.232945516933, 72.71384817094246, 42.89458572977448, 27.779517960309914, 47.206245245548395], [79.93904354573512, 112.3296857016741, 87.6071067887225, 0.0, 70.64395885202406, 57.337237274293855, 67.070733635688, 77.29465859060078, 57.02916433316155, 65.50921163798218, 10.88886361323222, 42.98496766401547, 73.82170403819258, 87.37263757275664, 22.674720078616975, 108.74051476967766, 74.97205563537575, 93.39834409799616, 87.02394463638036, 58.54284413698765, 23.161968948375357, 70.1667451784422, 57.77935946975206, 33.533559991424205, 74.20398467292509, 92.3310313151579, 41.90514373604472], [20.959124729748623, 85.27692192274974, 94.49952935964168, 70.64395885202406, 0.0, 47.13452205758098, 93.90333347251872, 43.808485053119576, 41.51442387452761, 93.17342286787141, 70.15207955037397, 45.61307379306979, 82.74930044025547, 120.07523157407482, 47.98340925795073, 85.02994534218267, 108.2985649010413, 63.29829637679013, 58.839061929435516, 54.329254153198036, 73.55070708371272, 79.05225889789284, 80.06662587044447, 40.48745627267736, 53.38056383438928, 116.20048088760615, 62.432063483551275], [39.09776337875235, 56.05089273047343, 48.3212047933123, 57.337237274293855, 47.13452205758098, 0.0, 47.7863230335035, 21.793929161338866, 5.620290360830148, 47.285149524081945, 49.689776532928704, 14.615582383750768, 35.76338645145065, 73.66275318681988, 42.52370027817848, 53.13842933915864, 62.51649653853557, 36.08487884027815, 29.69690952873228, 7.195087888355414, 44.60911602259051, 31.967317843012243, 34.42042541301717, 29.301494942228704, 16.95837404445434, 69.08557497359753, 22.742467278733102], [86.60307157487571, 70.82271508618484, 27.32374164541017, 67.070733635688, 93.90333347251872, 47.7863230335035, 0.0, 63.79781447861906, 53.18022966152981, 1.6103939014516908, 56.19910146947891, 49.512129224659645, 20.816985193132606, 26.196562924685892, 68.6213603158829, 65.62927825459185, 14.790924854645642, 64.05715621574217, 60.25626699501899, 40.97726172326255, 43.93046048589325, 21.255526542973584, 13.902581806996269, 62.05184681161547, 51.94662413398989, 25.85189246543688, 33.87627585768433], [27.042454967570134, 42.9176338017039, 55.04651282897703, 77.29465859060078, 43.808485053119576, 21.793929161338866, 63.79781447861906, 0.0, 20.386819380851815, 63.71519138470718, 70.61706388920085, 34.58803087088759, 46.53528898875251, 88.01569943825749, 59.406779192329715, 41.852557248636394, 78.4257936156011, 20.504471644054913, 15.20858433520198, 25.3439745423967, 66.33104776704945, 43.929614099113756, 52.058924527343166, 45.71661397835598, 12.391858375513554, 80.56548787605179, 44.35017860184522], [34.16035573968763, 58.35619531775244, 53.75118304370239, 57.02916433316155, 41.51442387452761, 5.620290360830148, 53.18022966152981, 20.386819380851815, 0.0, 52.62865519050226, 50.23768565677776, 14.201227131461124, 41.35260285290528, 79.14296752197181, 40.379734767814156, 55.856517314680154, 67.86568067092512, 37.341669649293344, 30.964582571231883, 12.815364834477553, 46.48315186488645, 37.57769999908728, 39.66649881978038, 26.761258366580982, 19.004941544901772, 74.70056114927426, 26.178583199882432], [86.20347804111653, 71.71368813104922, 28.665560833309595, 65.50921163798218, 93.17342286787141, 47.285149524081945, 1.6103939014516908, 63.71519138470718, 52.62865519050226, 0.0, 54.64188100277803, 48.57813384015635, 21.538895368479075, 27.042537343254445, 67.27926167356645, 66.54403200003492, 15.237091627645492, 64.48711435623079, 60.557702513702765, 40.56179674217868, 42.36239610459557, 21.686507449380716, 13.106813833109218, 60.89900462733285, 51.969909532120795, 27.27890643775367, 32.75955967773146], [76.64452325713104, 103.43874764079382, 76.92824410361324, 10.88886361323222, 70.15207955037397, 49.689776532928704, 56.19910146947891, 70.61706388920085, 50.23768565677776, 54.64188100277803, 0.0, 36.045426473192485, 63.26620611168791, 76.92716549086238, 23.625675465880434, 99.62826861809094, 64.4121891054261, 85.39093975220118, 79.09362550860659, 49.93268097821216, 12.34974225852884, 59.69726584536867, 46.97876175806853, 30.350060384249087, 66.20961714397312, 81.53295845163312, 32.04643468853089], [44.30648789257571, 70.5973715331795, 57.26503705904448, 42.98496766401547, 45.61307379306979, 14.615582383750768, 49.512129224659645, 34.58803087088759, 14.201227131461124, 48.57813384015635, 36.045426473192485, 0.0, 43.37819352210198, 75.61451073548714, 28.28617739164429, 67.54543903543147, 63.383079150936894, 50.628129828196634, 44.227209874976985, 17.936003494378948, 33.03685794022351, 39.25015385575252, 35.64915910830461, 15.84480174771303, 31.565678671647568, 73.7088171152751, 16.819919536581427], [71.78689719840457, 50.31962571930602, 14.254512245311517, 73.82170403819258, 82.74930044025547, 35.76338645145065, 20.816985193132606, 46.53528898875251, 41.35260285290528, 21.538895368479075, 63.26620611168791, 43.37819352210198, 0.0, 41.79929213762964, 68.69892123622847, 45.21702631228269, 33.7468308789245, 43.69483671910053, 40.45759240767384, 28.622923152289488, 52.3022017679747, 4.1385937997128455, 17.696655993885486, 58.64008220015377, 34.16689068224374, 34.23714737583631, 32.99149402275196], [112.08271889196976, 85.86073545439483, 39.24136076959198, 87.37263757275664, 120.07523157407482, 73.66275318681988, 26.196562924685892, 88.01569943825749, 79.14296752197181, 27.042537343254445, 76.92716549086238, 75.61451073548714, 41.79929213762964, 0.0, 92.78652974828306, 80.54733957844313, 12.818944410081519, 84.63409356075661, 82.01804863464325, 66.68639655070398, 64.72723123670731, 44.089971566488245, 40.09157668690795, 87.52894360547589, 75.75161406980824, 14.075782214299988, 59.588013226430014], [58.0324671077456, 98.50489114477892, 82.94788916151386, 22.674720078616975, 47.98340925795073, 42.52370027817848, 68.6213603158829, 59.406779192329715, 40.379734767814156, 67.27926167356645, 23.625675465880434, 28.28617739164429, 68.69892123622847, 92.78652974828306, 0.0, 95.66173801505701, 79.96809496051294, 77.71364926826323, 71.34328124713899, 46.147817070500416, 31.34315495242908, 64.61906046186158, 56.23988185923678, 13.71518384839553, 59.158964286518156, 94.40868885434217, 36.16132104507177], [65.86107845798695, 5.324361637970787, 41.427501761182235, 108.74051476967766, 85.02994534218267, 53.13842933915864, 65.62927825459185, 41.852557248636394, 55.856517314680154, 66.54403200003492, 99.62826861809094, 67.54543903543147, 45.21702631228269, 80.54733957844313, 95.66173801505701, 0.0, 76.46197655420028, 21.73232717197424, 26.694847516713654, 50.345150003299395, 91.18139177805901, 46.33931920056299, 61.44209617968652, 82.35013100978428, 36.868757778272624, 68.14500687179847, 67.83047884488518], [101.38793202960224, 81.76676501222744, 35.49725885180713, 74.97205563537575, 108.2985649010413, 62.51649653853557, 14.790924854645642, 78.4257936156011, 67.86568067092512, 15.237091627645492, 64.4121891054261, 63.383079150936894, 33.7468308789245, 12.818944410081519, 79.96809496051294, 76.46197655420028, 0.0, 77.43870540605154, 74.0851319719417, 55.75394854021735, 52.144130497288394, 35.11464112893583, 28.282262547915362, 74.87612258943795, 66.43959325042255, 19.494031185048804, 47.097927275633765], [44.31215791846691, 22.418080959736148, 46.8686811062908, 93.39834409799616, 63.29829637679013, 36.08487884027815, 64.05715621574217, 20.504471644054913, 37.341669649293344, 64.48711435623079, 85.39093975220118, 50.628129828196634, 43.69483671910053, 84.63409356075661, 77.71364926826323, 21.73232717197424, 77.43870540605154, 0.0, 6.40447966517037, 35.702807309272586, 78.84569785383921, 42.8104660536628, 55.58330864855044, 64.05582900429938, 19.20928564444414, 74.51369083376322, 55.31975550514706], [40.81565807425248, 28.123094511310224, 45.47809548775284, 87.02394463638036, 58.839061929435516, 29.69690952873228, 60.25626699501899, 15.20858433520198, 30.964582571231883, 60.557702513702765, 79.09362550860659, 44.227209874976985, 40.45759240767384, 82.01804863464325, 71.34328124713899, 26.694847516713654, 74.0851319719417, 6.40447966517037, 0.0, 29.570829898813916, 72.76003974960891, 39.05865652663103, 50.89603669380115, 57.699712424072956, 12.884043690414163, 72.67688247883636, 49.32236329402036], [45.64168163782661, 53.79667105265236, 41.4372606335171, 58.54284413698765, 54.329254153198036, 7.195087888355414, 40.97726172326255, 25.3439745423967, 12.815364834477553, 40.56179674217868, 49.93268097821216, 17.936003494378948, 28.622923152289488, 66.68639655070398, 46.147817070500416, 50.345150003299395, 55.75394854021735, 35.702807309272586, 29.570829898813916, 0.0, 43.190706896661595, 24.78976490474774, 27.927809265543797, 33.67706701408441, 16.878270676541945, 61.89977442615596, 19.875508229880282], [76.68284680097807, 95.32477820436777, 65.58171464010648, 23.161968948375357, 73.55070708371272, 44.60911602259051, 43.93046048589325, 66.33104776704945, 46.48315186488645, 42.36239610459557, 12.34974225852884, 33.03685794022351, 52.3022017679747, 64.72723123670731, 31.34315495242908, 91.18139177805901, 52.144130497288394, 78.84569785383921, 72.76003974960891, 43.190706896661595, 0.0, 48.97490324502206, 35.38975842601874, 33.15453816700264, 60.02406985476229, 69.18784875933564, 23.630488676721136], [68.63753614830071, 51.29822559420765, 18.3327235101795, 70.1667451784422, 79.05225889789284, 31.967317843012243, 21.255526542973584, 43.929614099113756, 37.57769999908728, 21.686507449380716, 59.69726584536867, 39.25015385575252, 4.1385937997128455, 44.089971566488245, 64.61906046186158, 46.33931920056299, 35.11464112893583, 42.8104660536628, 39.05865652663103, 24.78976490474774, 48.97490324502206, 0.0, 15.310356035029274, 54.502095467331124, 31.669696009882077, 37.473395289012686, 29.041291031410143], [73.47667411187457, 66.29782413150595, 30.232945516933, 57.77935946975206, 80.06662587044447, 34.42042541301717, 13.902581806996269, 52.058924527343166, 39.66649881978038, 13.106813833109218, 46.97876175806853, 35.64915910830461, 17.696655993885486, 40.09157668690795, 56.23988185923678, 61.44209617968652, 28.282262547915362, 55.58330864855044, 50.89603669380115, 27.927809265543797, 35.38975842601874, 15.310356035029274, 0.0, 48.655936423208445, 40.90620545084004, 38.60175292585573, 20.512134792547094], [46.60638437397454, 85.04363769789663, 72.71384817094246, 33.533559991424205, 40.48745627267736, 29.301494942228704, 62.05184681161547, 45.71661397835598, 26.761258366580982, 60.89900462733285, 30.350060384249087, 15.84480174771303, 58.64008220015377, 87.52894360547589, 13.71518384839553, 82.35013100978428, 74.87612258943795, 64.05582900429938, 57.699712424072956, 33.67706701408441, 33.15453816700264, 54.502095467331124, 48.655936423208445, 0.0, 45.66114258437395, 87.25132662279235, 28.196083004615613], [38.73694896438468, 39.383459160090695, 42.89458572977448, 74.20398467292509, 53.38056383438928, 16.95837404445434, 51.94662413398989, 12.391858375513554, 19.004941544901772, 51.969909532120795, 66.20961714397312, 31.565678671647568, 34.16689068224374, 75.75161406980824, 59.158964286518156, 36.868757778272624, 66.43959325042255, 19.20928564444414, 12.884043690414163, 16.878270676541945, 60.02406985476229, 31.669696009882077, 40.90620545084004, 45.66114258437395, 0.0, 68.1741802973188, 36.74438694652451], [106.01805151424581, 73.40925466258899, 27.779517960309914, 92.3310313151579, 116.20048088760615, 69.08557497359753, 25.85189246543688, 80.56548787605179, 74.70056114927426, 27.27890643775367, 81.53295845163312, 73.7088171152751, 34.23714737583631, 14.075782214299988, 94.40868885434217, 68.14500687179847, 19.494031185048804, 74.51369083376322, 72.67688247883636, 61.89977442615596, 69.18784875933564, 37.473395289012686, 38.60175292585573, 87.25132662279235, 68.1741802973188, 0.0, 59.10785308494351], [59.72170354846583, 71.84112541928143, 47.206245245548395, 41.90514373604472, 62.432063483551275, 22.742467278733102, 33.87627585768433, 44.35017860184522, 26.178583199882432, 32.75955967773146, 32.04643468853089, 16.819919536581427, 32.99149402275196, 59.588013226430014, 36.16132104507177, 67.83047884488518, 47.097927275633765, 55.31975550514706, 49.32236329402036, 19.875508229880282, 23.630488676721136, 29.041291031410143, 20.512134792547094, 28.196083004615613, 36.74438694652451, 59.10785308494351, 0.0]]",Route_0,1355.2857330203633
