instance_id,num_cities,city_coordinates,distance_matrix,best_route,total_distance
1904,36,"[[67.11318095029426, 23.502362301303513], [19.54285645061873, 38.246737202066186], [23.278912129929495, 41.06763563573029], [44.338531988587306, 10.005484401269428], [29.617877217292566, 55.283874372057525], [50.845912962422226, 57.97951554363868], [82.96080300677642, 61.16590646686563], [27.268135447551277, 70.13822680143515], [35.666355181709385, 44.479750979387624], [23.53275962796796, 75.70894149742402], [88.13731693386006, 84.27511193893189], [59.458366691938714, 15.07491798659003], [83.21220497606977, 82.46175518869197], [4.305310110099592, 45.55982403220433], [86.74268510683788, 83.18944477429154], [14.81538811892712, 91.06518429416312], [44.45139034196354, 17.976872311572535], [16.18498571665079, 62.91612948182252], [19.599048568334464, 11.343095199173359], [42.32607780496308, 75.36108523817835], [78.67134742484316, 40.46953991886365], [67.32077315442437, 79.63888253185904], [56.636639819718184, 84.22754357002897], [17.51073920328978, 59.559454362350074], [67.75275913669716, 3.751197043268606], [2.174949379144786, 76.64025395116926], [98.62918301961633, 32.651245655080075], [96.5641762644173, 38.72184303057299], [65.26537361278126, 42.37217160917708], [14.708304716310327, 47.100181374830655], [20.788040885696326, 88.79662430460104], [31.011196902755668, 26.845144950328514], [52.33234454808673, 80.63537803520101], [45.388469845028304, 39.65749971105753], [0.55037520282184, 37.83441677446272], [40.514176133820904, 43.170901168254794]]","[[0.0, 49.802935297215875, 47.2226847005666, 26.47357830701034, 49.1524395277949, 38.12214715207826, 40.86183652206968, 61.3394775718729, 37.80150376203499, 68.00573530219548, 64.30662012867202, 11.384990074985575, 61.117825421328014, 66.56846293470153, 62.832039976186024, 85.43883221739064, 23.325689554704358, 64.39818408244338, 49.04529082869573, 57.47806213661727, 20.52988866407268, 56.13690406603116, 61.6222813126893, 61.32304717774354, 19.761517889745402, 83.90833956515351, 32.817075632275994, 33.1510741705469, 18.960065803474386, 57.47284678981976, 80.05847395847537, 36.25641250878738, 59.01402046631464, 27.073077721886367, 68.08828749790489, 33.08108943773688], [49.802935297215875, 0.0, 4.681407909161392, 37.58182918835543, 19.79318282636751, 37.003565883017224, 67.43236808231045, 32.813823983911206, 17.2863435138771, 37.6740770030501, 82.60636349521926, 46.15388568235215, 77.5161515892849, 16.901599257603056, 80.84345326213976, 53.02958900508083, 32.11389860006319, 24.8968715166894, 26.90370068548029, 43.54939730268049, 59.17025685939468, 63.214231147412384, 59.07777347600167, 21.4093767602224, 59.280156948580775, 42.13913056064414, 79.28402472018263, 77.0227851444475, 45.9082539930634, 10.087435957266916, 50.56522095626972, 16.17155337625316, 53.59055328483278, 25.88408743977773, 18.996956389983517, 21.541672173277853], [47.2226847005666, 4.681407909161392, 0.0, 37.52818711187223, 15.565472115777885, 32.34116907160548, 62.975142628163454, 29.3430259755434, 12.84878501958499, 34.642235931817055, 77.93265478733707, 44.548561179822826, 72.83867602411574, 19.498136582666287, 76.17018633015118, 50.70883661194735, 31.328217065950707, 22.97129677009427, 29.951455724162443, 39.22799008218268, 55.395664147907205, 58.544227807897876, 54.54828731979798, 19.370575074834136, 58.0554877406636, 41.36167812846104, 75.8188561207275, 73.3227978340165, 42.00672281858002, 10.48078811601121, 47.79394102716933, 16.188498049677733, 49.08877849231231, 22.154480939154002, 22.957353833831824, 17.36312331304885], [26.47357830701034, 37.58182918835543, 37.52818711187223, 0.0, 47.6112410596742, 48.413362527174705, 64.10201716430142, 62.50876055908407, 35.54830103772765, 68.91897008740148, 86.2224514686596, 15.947054848235961, 82.22574796228992, 53.54222558471113, 84.58134698357618, 86.26871374185802, 7.972186790614814, 59.9346187985402, 24.77561790445668, 65.38657761799861, 45.8999008099045, 73.3279860913819, 75.2340183924597, 56.3500346462586, 24.235142733223867, 78.85404372276378, 58.82435968319217, 59.59989239044238, 38.542640557940885, 47.47596140961359, 82.23545074025996, 21.4753819034162, 71.0808195927488, 29.67059792849305, 51.8830622816979, 33.38518484345594], [49.1524395277949, 19.79318282636751, 15.565472115777885, 47.6112410596742, 0.0, 21.398504221613855, 53.66624668585212, 15.039051581819379, 12.381969470567789, 21.312250541686932, 65.30709517655738, 50.07209787591184, 60.09150666773486, 27.116106073109886, 63.57644639244552, 38.722291038225, 40.14779588421782, 15.449721425596902, 45.06849234018545, 23.761160711108985, 51.24165731798827, 44.88512876789136, 39.59481682250638, 12.839913361993583, 64.10839298937393, 34.773685986056854, 72.62779227804187, 68.9645404411816, 37.91379785122237, 17.00788591315528, 34.656462855923024, 28.472840934269524, 34.03888605850804, 22.201242687650065, 33.90285008390178, 16.29274224660722], [38.12214715207826, 37.003565883017224, 32.34116907160548, 48.413362527174705, 21.398504221613855, 0.0, 32.27257736339915, 26.528208608785114, 20.314098988343254, 32.562875943659634, 45.63011286360277, 43.760471327162, 40.5827169710275, 48.1692479814333, 43.86477837858777, 48.91687027158572, 40.51050956351359, 35.010713141998856, 56.13663898923918, 19.357338560773705, 32.87634483032897, 27.213033580922705, 26.87920186333625, 33.372593789252036, 56.80274619187152, 52.125673655493465, 54.081070190098934, 49.60864390376979, 21.24876537909504, 37.73972233212704, 43.04845950978736, 36.91564699973673, 22.704571876506325, 19.117529901871336, 54.17994207220273, 18.056573473787967], [40.86183652206968, 67.43236808231045, 62.975142628163454, 64.10201716430142, 53.66624668585212, 32.27257736339915, 0.0, 56.41077691406579, 50.151695684495856, 61.181632927975926, 23.681884933160788, 51.73725670947291, 21.297332596667523, 80.18875464662499, 22.34589160891599, 74.41615674590456, 57.86421636085573, 66.79875040273079, 80.60412178129293, 43.04281580678025, 21.136201585872367, 24.204573503374988, 34.99715236096891, 65.46977577664808, 59.394725831089886, 82.25454137255946, 32.535888084359094, 26.24476609762463, 25.813420760119442, 69.68678601610766, 68.03608541055961, 62.26296046156113, 36.29273743748051, 43.29309160120917, 85.64950100320208, 46.10353943667385], [61.3394775718729, 32.813823983911206, 29.3430259755434, 62.50876055908407, 15.039051581819379, 26.528208608785114, 56.41077691406579, 0.0, 26.997916145765775, 6.707152505917403, 62.489269288446415, 63.78227783017895, 57.285323315167176, 33.63612983333318, 60.8897064186547, 24.351765150251413, 54.91876865866035, 13.228563703271625, 59.293190112257065, 15.938001075711973, 59.350831358275634, 41.164016404938785, 32.57326965571257, 14.39156724562945, 77.75758789573814, 25.921889285303823, 80.60814391889764, 76.08502114168631, 47.06106595822848, 26.239300392268788, 19.751643549758818, 43.45459061162647, 27.17360413820582, 35.46013596469237, 41.92105502910882, 30.044870538384696], [37.80150376203499, 17.2863435138771, 12.84878501958499, 35.54830103772765, 12.381969470567789, 20.314098988343254, 50.151695684495856, 26.997916145765775, 0.0, 33.503529388313524, 65.85493589015238, 37.824648247369105, 60.854256025552495, 31.379638394713247, 64.08768892943324, 51.03886190520538, 27.920949490442297, 26.82207688675806, 36.826570544983, 31.59127586885086, 43.19156341905147, 47.30926662626818, 44.94040335408385, 23.60135262382168, 51.84932424333042, 46.43244785739852, 64.06427419048063, 61.16942141763748, 29.673957991556666, 21.12123421506365, 46.74772184410658, 18.23869042454088, 39.81186468076154, 10.852355542536925, 35.7392293785523, 5.02139978609888], [68.00573530219548, 37.6740770030501, 34.642235931817055, 68.91897008740148, 21.312250541686932, 32.562875943659634, 61.181632927975926, 6.707152505917403, 33.503529388313524, 0.0, 65.16999386775528, 70.47789759936937, 60.060275472279066, 35.75841298063704, 63.65102205243459, 17.658050822756127, 61.40505617152762, 14.752824160761602, 64.48593840823526, 18.796537236386694, 65.43759842665956, 43.964014433707774, 34.18235604842273, 17.235738009181972, 84.45901576197502, 21.378105657687193, 86.56464623314483, 81.8635038886266, 53.413025532985515, 29.938806927464007, 13.372394035304751, 49.43275874426671, 29.217903219291365, 42.158967301961844, 44.30202723189319, 36.7027597737268], [64.30662012867202, 82.60636349521926, 77.93265478733707, 86.2224514686596, 65.30709517655738, 45.63011286360277, 23.681884933160788, 62.489269288446415, 65.85493589015238, 65.16999386775528, 0.0, 74.90760328578355, 5.248332163688728, 92.34001779185353, 1.7673910504813088, 73.63565934879222, 79.39720876629943, 75.0556067139164, 100.08283217551963, 46.670434994188014, 44.81665671099332, 21.326582427481664, 31.500713030011593, 74.82631362946549, 83.06401788205226, 86.30075139942448, 52.67924471795751, 46.326150999346545, 47.73868661328706, 82.30306979506182, 67.50088190745852, 81.00367089286893, 35.98949444540669, 61.79154673854088, 99.13733166247434, 62.90882038904084], [11.384990074985575, 46.15388568235215, 44.548561179822826, 15.947054848235961, 50.07209787591184, 43.760471327162, 51.73725670947291, 63.78227783017895, 37.824648247369105, 70.47789759936937, 74.90760328578355, 0.0, 71.45089685463185, 63.017371786908726, 73.37590061374452, 88.13351297529363, 15.284982109017953, 64.50865847592846, 40.033632643008666, 62.67325812811448, 31.843766293045018, 65.04093290524122, 69.21017098392913, 61.14308978529605, 14.036509609938019, 84.09328446114596, 42.93343855419438, 44.00020645479737, 27.908088159430683, 55.02895185180949, 83.24832779341575, 30.786031114655312, 65.94660046871398, 28.32428854398329, 63.15177152192204, 33.88608308504642], [61.117825421328014, 77.5161515892849, 72.83867602411574, 82.22574796228992, 60.09150666773486, 40.5827169710275, 21.297332596667523, 57.285323315167176, 60.854256025552495, 60.060275472279066, 5.248332163688728, 71.45089685463185, 0.0, 87.10941728921979, 3.604694451231409, 68.93579294214568, 75.23762935377054, 69.81890579150652, 95.4174903613575, 41.49813138923289, 42.23701611818872, 16.14020493608117, 26.634163624697383, 69.57871792316986, 80.21437794575588, 81.24608711402554, 52.14182651186318, 45.732428897717874, 43.9233817864839, 77.09231643550628, 62.74477531314913, 76.27681547020849, 30.933823455216565, 57.12126772278236, 93.93922202892443, 58.0249332327821], [66.56846293470153, 16.901599257603056, 19.498136582666287, 53.54222558471113, 27.116106073109886, 48.1692479814333, 80.18875464662499, 33.63612983333318, 31.379638394713247, 35.75841298063704, 92.34001779185353, 63.017371786908726, 87.10941728921979, 0.0, 90.61958482329396, 46.703314147095575, 48.70859250282194, 21.032546954121692, 37.47910041692657, 48.30832170106375, 74.54004627213723, 71.6402876244474, 65.06735436017568, 19.245077472330696, 75.98381458365105, 31.153355530210295, 95.2030692591842, 92.51192554616394, 61.04334910717967, 10.516415621295712, 46.27203595710834, 32.610483015738396, 59.4717624215454, 41.50498098057231, 8.58961311444583, 36.287586461126075], [62.832039976186024, 80.84345326213976, 76.17018633015118, 84.58134698357618, 63.57644639244552, 43.86477837858777, 22.34589160891599, 60.8897064186547, 64.08768892943324, 63.65102205243459, 1.7673910504813088, 73.37590061374452, 3.604694451231409, 90.61958482329396, 0.0, 72.35719262776841, 77.72537050471271, 73.41250749146134, 98.33700155528811, 45.101199731665815, 43.47570313213576, 19.74378778564767, 30.12393752383333, 73.15352883122083, 81.67651125584881, 84.82095157770047, 51.917226455614454, 45.53931590830469, 46.12293028037475, 80.56914354120248, 66.19256420945244, 79.25073438205096, 34.50499665667225, 60.04332902919781, 97.39708851631653, 61.14375580724966], [85.43883221739064, 53.02958900508083, 50.70883661194735, 86.26871374185802, 38.722291038225, 48.91687027158572, 74.41615674590456, 24.351765150251413, 51.03886190520538, 17.658050822756127, 73.63565934879222, 88.13351297529363, 68.93579294214568, 46.703314147095575, 72.35719262776841, 0.0, 78.86820637131488, 28.182354131758505, 79.86548000835347, 31.677385847975952, 81.4708706755401, 53.73430775295288, 42.37653152976606, 31.620814916828365, 102.10826420972208, 19.179658676170828, 102.1613451506261, 97.07054001030845, 70.11569382577844, 43.96513332803652, 6.388970613380355, 66.23079099245307, 38.93973392701786, 59.8118998229193, 55.10903015144652, 54.35338132608785], [23.325689554704358, 32.11389860006319, 31.328217065950707, 7.972186790614814, 40.14779588421782, 40.51050956351359, 57.86421636085573, 54.91876865866035, 27.920949490442297, 61.40505617152762, 79.39720876629943, 15.284982109017953, 75.23762935377054, 48.70859250282194, 77.72537050471271, 78.86820637131488, 0.0, 53.08979624613158, 25.722478310035754, 57.42355654769186, 40.95028154782585, 65.76634530388317, 67.36194583762546, 49.547046468839795, 27.300615827255985, 72.30967989056288, 56.129942565865626, 56.090072800199515, 32.06793612656706, 41.627133859166804, 74.66854344262707, 16.102330864773403, 63.15217952467669, 21.700869163016574, 48.18320456697343, 25.499818543513964], [64.39818408244338, 24.8968715166894, 22.97129677009427, 59.9346187985402, 15.449721425596902, 35.010713141998856, 66.79875040273079, 13.228563703271625, 26.82207688675806, 14.752824160761602, 75.0556067139164, 64.50865847592846, 69.81890579150652, 21.032546954121692, 73.41250749146134, 28.182354131758505, 53.08979624613158, 0.0, 51.68591384772598, 28.952264494289167, 66.39574370797412, 53.80073630029303, 45.72212473314438, 3.6090012697449723, 78.48391227480884, 19.61205523723509, 87.82373746303746, 83.94151398443606, 53.20656614655433, 15.884734851417136, 26.28665306122372, 38.999134134058174, 40.256717697609126, 37.33372930809234, 29.555597748204402, 31.333425403390528], [49.04529082869573, 26.90370068548029, 29.951455724162443, 24.77561790445668, 45.06849234018545, 56.13663898923918, 80.60412178129293, 59.293190112257065, 36.826570544983, 64.48593840823526, 100.08283217551963, 40.033632643008666, 95.4174903613575, 37.47910041692657, 98.33700155528811, 79.86548000835347, 25.722478310035754, 51.68591384772598, 0.0, 67.93247313734952, 65.86263184994851, 83.31673040189496, 81.75528105283776, 48.26156158845867, 48.74850519873687, 67.58193674080431, 81.85230251641823, 81.68982013745475, 55.21065862605624, 36.09000674978454, 77.46265470287007, 19.249692883111727, 76.63477752512966, 38.298821818032415, 32.62885342440616, 38.084797411645326], [57.47806213661727, 43.54939730268049, 39.22799008218268, 65.38657761799861, 23.761160711108985, 19.357338560773705, 43.04281580678025, 15.938001075711973, 31.59127586885086, 18.796537236386694, 46.670434994188014, 62.67325812811448, 41.49813138923289, 48.30832170106375, 45.101199731665815, 31.677385847975952, 57.42355654769186, 28.952264494289167, 67.93247313734952, 0.0, 50.3825223516208, 25.358121880340505, 16.834674589328866, 29.419255059427087, 75.99007968697643, 40.171499679036735, 70.66944215165634, 65.45384170577782, 40.1805887784175, 39.51480833244282, 25.385049622584315, 49.817898308191886, 11.311212960742434, 35.83467963439168, 56.1556780200202, 32.24113735775225], [20.52988866407268, 59.17025685939468, 55.395664147907205, 45.8999008099045, 51.24165731798827, 32.87634483032897, 21.136201585872367, 59.350831358275634, 43.19156341905147, 65.43759842665956, 44.81665671099332, 31.843766293045018, 42.23701611818872, 74.54004627213723, 43.47570313213576, 81.4708706755401, 40.95028154782585, 66.39574370797412, 65.86263184994851, 50.3825223516208, 0.0, 40.780791274845434, 48.99276704554204, 64.07062377946679, 38.3073396849194, 84.61689823890234, 21.434573166338215, 17.977980094983884, 13.540315402481378, 64.30580252707514, 75.4054657245151, 49.56928571249219, 48.03163149560509, 33.292782240179875, 78.16540267215403, 38.25267407034605], [56.13690406603116, 63.214231147412384, 58.544227807897876, 73.3279860913819, 44.88512876789136, 27.213033580922705, 24.204573503374988, 41.164016404938785, 47.30926662626818, 43.964014433707774, 21.326582427481664, 65.04093290524122, 16.14020493608117, 71.6402876244474, 19.74378778564767, 53.73430775295288, 65.76634530388317, 53.80073630029303, 83.31673040189496, 25.358121880340505, 40.780791274845434, 0.0, 11.627833643331794, 53.70496176171854, 75.88891500544793, 65.21479992091298, 56.46285989525228, 50.292949277243096, 37.32334939780364, 61.86144928901963, 47.42530344414623, 64.07467561683985, 15.021517745403136, 45.60193965961127, 78.77753105979325, 45.26043866956233], [61.6222813126893, 59.07777347600167, 54.54828731979798, 75.2340183924597, 39.59481682250638, 26.87920186333625, 34.99715236096891, 32.57326965571257, 44.94040335408385, 34.18235604842273, 31.500713030011593, 69.21017098392913, 26.634163624697383, 65.06735436017568, 30.12393752383333, 42.37653152976606, 67.36194583762546, 45.72212473314438, 81.75528105283776, 16.834674589328866, 48.99276704554204, 11.627833643331794, 0.0, 46.25311583239162, 81.24044841681099, 54.98765942832356, 66.50930905525087, 60.539053082530295, 42.73554970809215, 56.00380619312499, 36.13860185855826, 62.844275761923654, 5.606301010023873, 45.967490005112886, 72.78730172596046, 44.10874879896547], [61.32304717774354, 21.4093767602224, 19.370575074834136, 56.3500346462586, 12.839913361993583, 33.372593789252036, 65.46977577664808, 14.39156724562945, 23.60135262382168, 17.235738009181972, 74.82631362946549, 61.14308978529605, 69.57871792316986, 19.245077472330696, 73.15352883122083, 31.620814916828365, 49.547046468839795, 3.6090012697449723, 48.26156158845867, 29.419255059427087, 64.07062377946679, 53.70496176171854, 46.25311583239162, 0.0, 75.092091141356, 22.955177283648993, 85.46492627397821, 81.75360516327004, 50.75340181723492, 12.770556856744458, 29.42027893391849, 35.39051283042605, 40.70305587363964, 34.2528198061916, 27.56140789625028, 28.24434078559126], [19.761517889745402, 59.280156948580775, 58.0554877406636, 24.235142733223867, 64.10839298937393, 56.80274619187152, 59.394725831089886, 77.75758789573814, 51.84932424333042, 84.45901576197502, 83.06401788205226, 14.036509609938019, 80.21437794575588, 75.98381458365105, 81.67651125584881, 102.10826420972208, 27.300615827255985, 78.48391227480884, 48.74850519873687, 75.99007968697643, 38.3073396849194, 75.88891500544793, 81.24044841681099, 75.092091141356, 0.0, 98.04725263627182, 42.29144548916207, 45.31052678657415, 38.70099175945154, 68.50436911128011, 97.15147687224564, 43.39669140988276, 78.41534590171014, 42.301583974980424, 75.35135216862962, 47.91506524367918], [83.90833956515351, 42.13913056064414, 41.36167812846104, 78.85404372276378, 34.773685986056854, 52.125673655493465, 82.25454137255946, 25.921889285303823, 46.43244785739852, 21.378105657687193, 86.30075139942448, 84.09328446114596, 81.24608711402554, 31.153355530210295, 84.82095157770047, 19.179658676170828, 72.30967989056288, 19.61205523723509, 67.58193674080431, 40.171499679036735, 84.61689823890234, 65.21479992091298, 54.98765942832356, 22.955177283648993, 98.04725263627182, 0.0, 106.01156558623249, 101.72085350970391, 71.79626102644748, 32.088952675695225, 22.231160914379984, 57.54200249946612, 50.31625290679157, 56.87822485134215, 38.839828015059936, 50.89296497408711], [32.817075632275994, 79.28402472018263, 75.8188561207275, 58.82435968319217, 72.62779227804187, 54.081070190098934, 32.535888084359094, 80.60814391889764, 64.06427419048063, 86.56464623314483, 52.67924471795751, 42.93343855419438, 52.14182651186318, 95.2030692591842, 51.917226455614454, 102.1613451506261, 56.129942565865626, 87.82373746303746, 81.85230251641823, 70.66944215165634, 21.434573166338215, 56.46285989525228, 66.50930905525087, 85.46492627397821, 42.29144548916207, 106.01156558623249, 0.0, 6.412207528952812, 34.75111767325841, 85.15565488346492, 95.97680424150006, 67.86680228133397, 66.67738906654844, 53.699731239882865, 98.21566985780075, 59.05943766623517], [33.1510741705469, 77.0227851444475, 73.3227978340165, 59.59989239044238, 68.9645404411816, 49.60864390376979, 26.24476609762463, 76.08502114168631, 61.16942141763748, 81.8635038886266, 46.326150999346545, 44.00020645479737, 45.732428897717874, 92.51192554616394, 45.53931590830469, 97.07054001030845, 56.090072800199515, 83.94151398443606, 81.68982013745475, 65.45384170577782, 17.977980094983884, 50.292949277243096, 60.539053082530295, 81.75360516327004, 45.31052678657415, 101.72085350970391, 6.412207528952812, 0.0, 31.51094962323149, 82.28353577910376, 90.82679347293946, 66.620185082899, 60.93602672939848, 51.18425911300492, 96.01790207901682, 56.22629841055099], [18.960065803474386, 45.9082539930634, 42.00672281858002, 38.542640557940885, 37.91379785122237, 21.24876537909504, 25.813420760119442, 47.06106595822848, 29.673957991556666, 53.413025532985515, 47.73868661328706, 27.908088159430683, 43.9233817864839, 61.04334910717967, 46.12293028037475, 70.11569382577844, 32.06793612656706, 53.20656614655433, 55.21065862605624, 40.1805887784175, 13.540315402481378, 37.32334939780364, 42.73554970809215, 50.75340181723492, 38.70099175945154, 71.79626102644748, 34.75111767325841, 31.51094962323149, 0.0, 50.77766528451879, 64.29201299217094, 37.6090039611029, 40.389803252662084, 20.061424348907824, 64.87389488955495, 24.7640817627272], [57.47284678981976, 10.087435957266916, 10.48078811601121, 47.47596140961359, 17.00788591315528, 37.73972233212704, 69.68678601610766, 26.239300392268788, 21.12123421506365, 29.938806927464007, 82.30306979506182, 55.02895185180949, 77.09231643550628, 10.516415621295712, 80.56914354120248, 43.96513332803652, 41.627133859166804, 15.884734851417136, 36.09000674978454, 39.51480833244282, 64.30580252707514, 61.86144928901963, 56.00380619312499, 12.770556856744458, 68.50436911128011, 32.088952675695225, 85.15565488346492, 82.28353577910376, 50.77766528451879, 0.0, 42.13735332083565, 26.000976793204693, 50.40017647104832, 31.570018097455492, 16.920442125971174, 26.103299457326813], [80.05847395847537, 50.56522095626972, 47.79394102716933, 82.23545074025996, 34.656462855923024, 43.04845950978736, 68.03608541055961, 19.751643549758818, 46.74772184410658, 13.372394035304751, 67.50088190745852, 83.24832779341575, 62.74477531314913, 46.27203595710834, 66.19256420945244, 6.388970613380355, 74.66854344262707, 26.28665306122372, 77.46265470287007, 25.385049622584315, 75.4054657245151, 47.42530344414623, 36.13860185855826, 29.42027893391849, 97.15147687224564, 22.231160914379984, 95.97680424150006, 90.82679347293946, 64.29201299217094, 42.13735332083565, 0.0, 62.78932005629613, 32.582956192078285, 54.953022399163196, 54.83347252031995, 49.70741417074342], [36.25641250878738, 16.17155337625316, 16.188498049677733, 21.4753819034162, 28.472840934269524, 36.91564699973673, 62.26296046156113, 43.45459061162647, 18.23869042454088, 49.43275874426671, 81.00367089286893, 30.786031114655312, 76.27681547020849, 32.610483015738396, 79.25073438205096, 66.23079099245307, 16.102330864773403, 38.999134134058174, 19.249692883111727, 49.817898308191886, 49.56928571249219, 64.07467561683985, 62.844275761923654, 35.39051283042605, 43.39669140988276, 57.54200249946612, 67.86680228133397, 66.620185082899, 37.6090039611029, 26.000976793204693, 62.78932005629613, 0.0, 57.861736166822006, 19.257788340600808, 32.38249147085303, 18.890127854337457], [59.01402046631464, 53.59055328483278, 49.08877849231231, 71.0808195927488, 34.03888605850804, 22.704571876506325, 36.29273743748051, 27.17360413820582, 39.81186468076154, 29.217903219291365, 35.98949444540669, 65.94660046871398, 30.933823455216565, 59.4717624215454, 34.50499665667225, 38.93973392701786, 63.15217952467669, 40.256717697609126, 76.63477752512966, 11.311212960742434, 48.03163149560509, 15.021517745403136, 5.606301010023873, 40.70305587363964, 78.41534590171014, 50.31625290679157, 66.67738906654844, 60.93602672939848, 40.389803252662084, 50.40017647104832, 32.582956192078285, 57.861736166822006, 0.0, 41.562048888861135, 67.18105859628272, 39.28429879203521], [27.073077721886367, 25.88408743977773, 22.154480939154002, 29.67059792849305, 22.201242687650065, 19.117529901871336, 43.29309160120917, 35.46013596469237, 10.852355542536925, 42.158967301961844, 61.79154673854088, 28.32428854398329, 57.12126772278236, 41.50498098057231, 60.04332902919781, 59.8118998229193, 21.700869163016574, 37.33372930809234, 38.298821818032415, 35.83467963439168, 33.292782240179875, 45.60193965961127, 45.967490005112886, 34.2528198061916, 42.301583974980424, 56.87822485134215, 53.699731239882865, 51.18425911300492, 20.061424348907824, 31.570018097455492, 54.953022399163196, 19.257788340600808, 41.562048888861135, 0.0, 44.87514192219527, 6.008554650042875], [68.08828749790489, 18.996956389983517, 22.957353833831824, 51.8830622816979, 33.90285008390178, 54.17994207220273, 85.64950100320208, 41.92105502910882, 35.7392293785523, 44.30202723189319, 99.13733166247434, 63.15177152192204, 93.93922202892443, 8.58961311444583, 97.39708851631653, 55.10903015144652, 48.18320456697343, 29.555597748204402, 32.62885342440616, 56.1556780200202, 78.16540267215403, 78.77753105979325, 72.78730172596046, 27.56140789625028, 75.35135216862962, 38.839828015059936, 98.21566985780075, 96.01790207901682, 64.87389488955495, 16.920442125971174, 54.83347252031995, 32.38249147085303, 67.18105859628272, 44.87514192219527, 0.0, 40.318524905280306], [33.08108943773688, 21.541672173277853, 17.36312331304885, 33.38518484345594, 16.29274224660722, 18.056573473787967, 46.10353943667385, 30.044870538384696, 5.02139978609888, 36.7027597737268, 62.90882038904084, 33.88608308504642, 58.0249332327821, 36.287586461126075, 61.14375580724966, 54.35338132608785, 25.499818543513964, 31.333425403390528, 38.084797411645326, 32.24113735775225, 38.25267407034605, 45.26043866956233, 44.10874879896547, 28.24434078559126, 47.91506524367918, 50.89296497408711, 59.05943766623517, 56.22629841055099, 24.7640817627272, 26.103299457326813, 49.70741417074342, 18.890127854337457, 39.28429879203521, 6.008554650042875, 40.318524905280306, 0.0]]",Route_4,1727.1261223949987
