instance_id,num_cities,city_coordinates,distance_matrix,best_route,total_distance
1163,68,"[[42.06624129598924, 32.357048200545414], [53.41166721986317, 24.88522884977512], [81.3815768951053, 84.9371556068575], [80.92384656133676, 47.61215256168485], [53.99712711885035, 44.211862276004865], [36.17796338329491, 69.88293780208372], [91.70411280438334, 6.044516060067206], [96.19787124818782, 84.5979498871739], [28.91786628635199, 79.91651774559499], [63.51421947545492, 87.25376033139193], [74.96704733840987, 31.278312350684732], [69.06578584611779, 95.7517610963173], [69.26568943481914, 50.84953302283343], [90.11866914628762, 90.96497147239297], [98.81559892199445, 54.34973071548331], [96.9153134030764, 10.567081399998413], [57.49244314465464, 70.76410902584692], [15.241470564770154, 28.20199440300969], [4.6418215833942895, 3.338558115920398], [94.4534689323227, 99.73807665528801], [43.46696661988947, 17.727345910667303], [52.594253251536394, 92.38897880991227], [13.829988856319497, 13.152847529846646], [47.95239196385883, 97.35854582903147], [96.14557197162104, 63.69008337308313], [73.27081837413256, 17.370691641394508], [99.78188145224777, 78.32988285396189], [38.13543594335954, 26.801574972340603], [90.4283952622845, 81.22746768157512], [14.521400035037434, 70.30179794127388], [23.919921672138333, 52.13130254969713], [12.750360834894025, 30.732919426916727], [14.573427386514082, 48.93576446989958], [40.727636264048186, 94.4673349612678], [68.62964952143864, 54.212491942851216], [36.36588872901464, 86.53167564769653], [85.03768082284468, 57.281878485846526], [49.847241486232996, 29.093973253788185], [59.91900234563457, 81.93783282085487], [98.29506594280639, 49.37460616536286], [93.13561886217713, 42.96150995538537], [81.3986478867201, 84.32604017001556], [33.092165480871174, 56.42460777554648], [3.362943739419355, 78.81386987628096], [53.60208831015802, 53.73532937151585], [34.9600131978232, 53.282711272964264], [55.16770521995391, 23.125040739012537], [80.75225693930899, 36.37667932420769], [75.7420298237661, 26.537554619754424], [62.49281011227759, 58.223102177628924], [78.71370179019203, 9.280130039770828], [98.28617856630291, 61.81049191390594], [40.87818964288969, 59.592511076124886], [12.038600378292374, 57.88982043424803], [71.5806053141858, 35.1446636504151], [76.42042397791629, 8.574676927921132], [10.702578683285013, 20.11932389543769], [0.6650932638060936, 51.56927099017816], [38.99816783009109, 90.85321122645327], [43.10118580695449, 21.15998991407433], [37.64521118185541, 94.58851878056251], [90.39020902251895, 24.75845065100881], [1.8412750122624333, 60.77974948168185], [75.36135363282315, 96.40097856697238], [66.32816769908126, 81.2235423349334], [59.5025759833524, 20.730035335227882], [51.13060564052495, 56.12620203184717], [52.97388420074179, 21.933477135243617]]","[[0.0, 13.584799365638643, 65.65335717334216, 41.74484035215393, 16.81911571046052, 37.985052417549255, 56.18066958952645, 75.22861935668995, 49.34351942049281, 58.937804258080966, 32.91848582901037, 68.90475331246547, 32.89045414644574, 75.78868314297921, 60.86187374019215, 59.01883906158598, 41.38925011055621, 27.14466424258889, 47.35673085862184, 85.35001239039073, 14.696605748385586, 60.948106848564066, 34.148020077849644, 65.26746098655086, 62.50066479204694, 34.61670858911622, 73.78751008617309, 6.805476729044238, 68.75475137407928, 46.888402755665986, 26.83859256659898, 29.360835163233226, 32.10465152903515, 62.124709938402965, 34.398765642461164, 54.473702631870296, 49.67687369150013, 8.437512789248268, 52.697013963423466, 58.747578675622314, 52.15875702226538, 65.17525860739964, 25.686211488495385, 60.46636686591547, 24.292111315391587, 22.09936317642566, 16.027423957727784, 38.89428287969191, 34.17492119236584, 32.95902701767698, 43.30797285111879, 63.46799739438846, 27.26136285620182, 39.41550046644439, 29.645716103595277, 41.782903813547485, 33.66661890732963, 45.64169763386575, 58.576566675981766, 11.244786543612461, 62.38831170837701, 48.91773238361022, 49.25340455891016, 72.18164255752383, 54.5579996130286, 20.957413855244717, 25.438855611575324, 15.087329369076413], [13.584799365638643, 0.0, 66.24613010945764, 35.685194037925186, 19.335499033776784, 48.18500138926242, 42.67650228483705, 73.45929695309935, 60.236110778383264, 63.181447286765994, 22.483459002222972, 72.5749049094455, 30.421951146884222, 75.5905839076399, 54.12646195906512, 45.79930761078982, 46.06000844939905, 38.314029368151786, 53.31750991108038, 85.36614265855124, 12.25285102305125, 67.50869887856182, 41.28387134839982, 72.67864445830418, 57.72350777549309, 21.233326494552283, 70.75682164699373, 15.395961304014099, 67.41428655371332, 59.792287376801475, 40.15110941821321, 41.07964607951635, 45.681912580009374, 70.72873625478614, 33.040510677977835, 63.959697991532366, 45.27413879974236, 5.515311438973893, 57.4225132706673, 51.129727969430114, 43.64337604596991, 65.6999325513767, 37.518189907620666, 73.57426890556003, 28.85072893890506, 33.86562481520753, 2.4863490589683184, 29.657398406020096, 22.391410729829516, 34.55258245423162, 29.727294903305857, 58.11365434161762, 36.90099591761706, 52.92479310809769, 20.865433470309473, 28.20349254164721, 42.97417938319532, 59.112089872145475, 67.52424500509932, 10.96282044430157, 71.46418517812847, 36.978759126861505, 62.83249130696748, 74.80836311028386, 57.800013416794364, 7.373249128334493, 31.324138412599286, 2.984039570124817], [65.65335717334216, 66.24613010945764, 0.0, 37.32780959794721, 49.076039025498176, 47.64447657639545, 79.56508858951968, 14.820176749197401, 52.70339396445883, 18.016912016526874, 54.04088867722511, 16.390070196767756, 36.176798398713885, 10.614675930732473, 35.207040283436406, 75.97502818316556, 27.777076173247906, 87.14007219537196, 112.01482561602838, 19.74693964427251, 77.16654839838053, 29.73616773575853, 98.57080669578104, 35.6623238196699, 25.873028990178305, 68.05153529922555, 19.550633264085207, 72.45670737019918, 9.777868227365145, 68.44323884620826, 66.1669541067981, 87.45480568701872, 75.89090198804142, 41.7560439620511, 33.265847486717924, 45.04391940348166, 27.89590379554576, 64.13170296349077, 21.671133875877914, 39.37970333236978, 43.590277934668386, 0.6113538221858356, 56.07880739250759, 78.25855702490163, 41.77623662396687, 56.18687944875, 67.14093097833069, 48.56455395043342, 58.67126968647177, 32.7173678830638, 75.7040492657706, 28.646258590411783, 47.77944521750056, 74.43122148769793, 50.74791916091115, 76.52346821896369, 95.90032375334525, 87.34166504935556, 42.794311281600024, 74.38356811599249, 44.788597844919074, 60.84925622363971, 83.12785269878232, 12.948448748347433, 15.504710637620807, 67.83247728390874, 41.77549889285402, 69.11194184199931], [41.74484035215393, 35.685194037925186, 37.32780959794721, 0.0, 27.14056362644787, 49.981816059512454, 42.94278221775558, 40.015559897828346, 61.222495818918794, 43.29609892169006, 17.38613795587585, 49.57857918288377, 12.099308237944854, 44.3171712756283, 19.118309598749633, 40.349278917037296, 32.94000234052449, 68.49035520640211, 88.19919784149663, 53.8531581628558, 47.91784139041218, 52.98613050565812, 75.42565508511261, 59.6809891119698, 22.140478396868577, 31.194788010621103, 36.044478554362406, 47.58075475247048, 34.933162705632746, 70.17196671128399, 57.18277860848953, 70.23199176523008, 66.36362010287145, 61.73445909669927, 13.953915608259043, 59.16198850131384, 10.508436219512433, 36.175659605228724, 40.24246272012551, 17.46039820577594, 13.067358546358943, 36.71695765740572, 48.63670508864356, 83.60167946836286, 27.99949585582401, 46.312300888283545, 35.53867558327616, 11.236783430699958, 21.70230179303075, 21.267236687888047, 38.39568583226431, 22.42862931637825, 41.79932569030849, 69.64773936458633, 15.579936994580473, 39.296377935142544, 75.41141883344142, 80.35624597460368, 60.22915981088869, 46.15485429807714, 63.873462904716575, 24.736687516086647, 80.17130865504177, 49.10489660465629, 36.6436810915515, 34.37323173273344, 30.985903939467487, 37.9551678644054], [16.81911571046052, 19.335499033776784, 49.076039025498176, 27.14056362644787, 0.0, 31.249427433157535, 53.65224214006569, 58.411804265977196, 43.63246206789869, 44.081515798965825, 24.637659541552228, 53.69753854923795, 16.648953965337455, 59.08146086522664, 45.95075397929174, 54.53386098674857, 26.781318891808564, 41.932288087446196, 64.08254971098604, 68.70135425319229, 28.501120806728096, 48.197537412292, 50.77461366867644, 53.48933347668056, 46.431589468956545, 33.044267515564805, 57.098888408860056, 23.55231094697028, 51.93642596559453, 47.318260447881606, 31.10234431248394, 43.39329014043877, 39.70570931897444, 51.97780220791263, 17.723524073830674, 45.84568868469563, 33.67998363978343, 15.67712088528578, 38.18792295677379, 44.59777246139156, 39.158459071676155, 48.57973454542885, 24.21091848158502, 61.32796634873368, 9.531656790907524, 21.08772173488177, 21.119287289673075, 27.878792362613705, 28.021811946661217, 16.385709417223012, 42.79176299836175, 47.65744268471725, 20.21560976104353, 44.13167236369782, 19.783649722984237, 42.10478858233906, 49.54662783538972, 53.83713679332306, 48.993716042604404, 25.49726174441122, 52.964069664148155, 41.266107573875466, 54.72410616377673, 56.3926771289719, 39.0117805614636, 24.118585441029634, 12.254323204622333, 22.301871458457267], [37.985052417549255, 48.18500138926242, 47.64447657639545, 49.981816059512454, 31.249427433157535, 0.0, 84.60790364998181, 61.79741839894758, 12.384738040825514, 32.38852223366909, 54.72577217655096, 41.84262043627812, 38.17156157077547, 57.91417686444147, 64.53490457321656, 84.8963868968418, 21.332686427709984, 46.643732421161914, 73.6388668261517, 65.47796471286259, 52.662466080948654, 27.85707190076137, 60.973232715303105, 29.892243222101555, 60.28652855971621, 64.2916471107416, 64.16236649650259, 43.1258103934451, 55.42389121347908, 21.66061356179209, 21.572671154176263, 45.62429725422358, 30.09219244662583, 25.001842072182605, 36.03713094345507, 16.649798430837063, 50.4584847588983, 43.018470367710336, 26.62625442913297, 65.41502959496842, 62.99950630724043, 47.471186134000035, 13.807562992715138, 34.00863216805203, 23.755954779673214, 16.644846754247148, 50.46693207223635, 55.76322267591748, 58.686775312066466, 28.782337034354168, 74.04045752489536, 62.63062171044116, 11.313045968867629, 26.954474776666807, 49.599342200510705, 73.33592902611944, 55.9053887801814, 39.956905989092455, 21.15906237560041, 49.21236287382614, 24.749112056527476, 70.53500491171096, 35.52289692418255, 47.31325984811364, 32.21248409319208, 54.40629902740126, 20.318200942130854, 50.806040333279185], [56.18066958952645, 42.67650228483705, 79.56508858951968, 42.94278221775558, 53.65224214006569, 84.60790364998181, 0.0, 78.6818646892719, 96.94939600043737, 85.96284919089204, 30.279924630828667, 92.51963931762353, 50.109603753627646, 84.93525404112125, 48.82588450511473, 6.900015140111354, 73.2056285715969, 79.60835072265374, 87.10433261924345, 93.73389064862586, 49.63175178595155, 94.78896223613167, 78.19787437624291, 101.25445723104973, 57.81641627058606, 21.63489303997987, 72.73530503721224, 57.449618234835775, 75.19377414233986, 100.42992295723523, 81.9676061404349, 82.7237100888488, 88.2541887005045, 102.06466608431076, 53.40959423587138, 97.67549284390752, 51.66922317700494, 47.78362850882479, 82.28054919498358, 43.828499538609904, 36.944737756011456, 78.95694791559266, 77.28851150277296, 114.45322628302732, 61.04242741623235, 73.8331898750893, 40.33179146137217, 32.248771684698895, 25.9760028196976, 59.79887167997093, 13.387306530563809, 56.153073403199926, 73.82860038940055, 95.05014179770122, 35.38042034074873, 15.491702881268195, 82.21525859336613, 101.78706396372904, 99.85204760773871, 50.899136167017325, 103.7420130053453, 18.76000242596035, 105.22012827292919, 91.82252498217078, 79.34623230894033, 35.39213825155704, 64.45451693521292, 41.86274825831201], [75.22861935668995, 73.45929695309935, 14.820176749197401, 40.015559897828346, 58.411804265977196, 61.79741839894758, 78.6818646892719, 0.0, 67.44267843554897, 32.7913772555665, 57.39104138200128, 29.33526142297755, 43.17751797032394, 8.80316204908177, 30.361278978871148, 74.03434481516726, 41.10334922672721, 98.66327891665622, 122.4156811084928, 15.240287989213364, 85.16000222581889, 44.29419413504269, 109.03609815363725, 49.90449959839263, 20.90793192511798, 71.0292475303972, 7.220373499732891, 81.92476638247643, 6.681841321834361, 82.91818805481006, 79.23499974287904, 99.32234643151162, 89.07491961525186, 56.341385596525896, 41.02783084275122, 59.86322266209491, 29.507924480253365, 72.31232468569407, 36.376263574687925, 35.28572187913946, 41.74889842701317, 14.801721082255845, 69.10909713004462, 93.01494152624464, 52.60135045031893, 68.78022555983291, 73.90800419063243, 50.634552788441155, 61.55851644565578, 42.797940813515034, 77.32056756259473, 22.882947107799428, 60.70864141985618, 88.29556643584478, 55.241626530001575, 78.5537106186934, 107.08379083941942, 101.08118172584857, 57.540719195548036, 82.72625200257693, 59.398867562075814, 60.12066707349863, 97.31636000069892, 23.947274424275257, 30.059704197482162, 73.65904699212535, 53.30758722066621, 76.12587734506049], [49.34351942049281, 60.236110778383264, 52.70339396445883, 61.222495818918794, 43.63246206789869, 12.384738040825514, 96.94939600043737, 67.44267843554897, 0.0, 35.36584203363444, 66.97911689177965, 43.15797002818854, 49.72762244158909, 62.19008442230884, 74.42683404960098, 97.12361780660603, 30.004550121679305, 53.49238940713063, 80.33374289465213, 68.46757927501888, 63.86837569587552, 26.76067235190597, 68.44729144400738, 25.817387773186002, 69.15823583746618, 76.6757114212698, 70.88177520146948, 53.908818723729, 61.52449727249852, 17.31187677407749, 28.23114652027261, 51.772720385315026, 34.14044523553691, 18.740249426568862, 47.30457345943018, 9.961593867255532, 60.512482001891826, 54.96334937828185, 31.06696238127608, 75.80240230458566, 74.09178326011832, 52.66570350234584, 23.859895385483735, 25.578700098000073, 35.98284927016713, 27.310569135800655, 62.56457387874728, 67.69432460793053, 71.00574621372799, 39.97350537441684, 86.42409676504003, 71.69233515506787, 23.582081797280033, 27.750405619390193, 61.8435786519274, 85.70969162524568, 62.51000795725222, 40.02231355226716, 14.873592152098192, 60.444156999992686, 17.071442917784005, 82.59092738965732, 33.15656337153801, 49.282197246808636, 37.433126573509576, 66.6217994905758, 32.54819367301695, 62.77519411614033], [58.937804258080966, 63.181447286765994, 18.016912016526874, 43.29609892169006, 44.081515798965825, 32.38852223366909, 85.96284919089204, 32.7913772555665, 35.36584203363444, 0.0, 57.13508591661813, 10.150660380908574, 36.855761729025026, 26.862051865428302, 48.2582900214373, 83.64496279566646, 17.55478254939801, 76.2716811579138, 102.50717241454173, 33.36308305641719, 72.35892929872112, 12.067150912856698, 89.21585089118219, 18.554707366433334, 40.2498700311514, 70.56085679468877, 37.34941625373935, 65.56332334662464, 27.580592114485132, 51.84269847912363, 52.92726574427074, 75.9708812679427, 62.156817302161464, 23.90113037894133, 33.434907526101114, 27.157931964870635, 36.89949985753079, 59.74401325882017, 6.417528457890819, 51.425067829991946, 53.284432482654445, 18.122481202666446, 43.312100117183896, 60.7404949236245, 34.95333400764553, 44.37763930489816, 64.66959855121497, 53.71803521552909, 61.935264445484925, 29.048621136429745, 79.4412442216914, 43.08652976023767, 35.74261541833215, 59.261963583054225, 52.729731057598514, 79.73059814067412, 85.41722284606521, 72.27306168352744, 24.778878808858654, 69.17426133706394, 26.888738750674037, 68.02927712522663, 67.11501567630445, 14.967504441022113, 6.654459684306622, 66.64457420430405, 33.50042950924998, 66.16523304975489], [32.91848582901037, 22.483459002222972, 54.04088867722511, 17.38613795587585, 24.637659541552228, 54.72577217655096, 30.279924630828667, 57.39104138200128, 66.97911689177965, 57.13508591661813, 0.0, 64.7429569942254, 20.384753139117894, 61.57977687942653, 33.18197941652155, 30.17749941161559, 43.179739818584565, 59.80475109102219, 75.67210347408705, 71.17906964253991, 34.291161787431164, 65.07730380358885, 63.767330152782606, 71.38899678212726, 38.71760331487367, 14.010678302378212, 53.194231632030885, 37.102678818525554, 52.28739234167753, 71.94795831406624, 55.142145760101016, 62.21907692113462, 62.9219750662389, 71.86925524311421, 23.793679930945892, 67.40165874531026, 27.885535865813175, 25.21459861551023, 52.847239023171085, 29.524096968988367, 21.60078927920758, 53.43619477850973, 48.84508065483407, 85.9463604900419, 30.996436694445684, 45.65913219342746, 21.412374606693298, 7.711160478361545, 4.803684181540707, 29.69222614072612, 22.314960106737015, 38.41869167611618, 44.314152010945016, 68.32394748032256, 5.139714190143016, 22.750106924276842, 65.22610639053862, 77.02274587298326, 69.59115510711115, 33.43371920790598, 73.4921879677727, 16.744626389294904, 78.85247853485473, 65.12385993299097, 50.68684483771207, 18.719402295111035, 34.43244943979278, 23.89613295083182], [68.90475331246547, 72.5749049094455, 16.390070196767756, 49.57857918288377, 53.69753854923795, 41.84262043627812, 92.51963931762353, 29.33526142297755, 43.15797002818854, 10.150660380908574, 64.7429569942254, 0.0, 44.902673054150554, 21.5902119061921, 50.982148814120244, 89.62157017208658, 27.537701742890473, 86.37145301444339, 112.65277296374339, 25.698738572569418, 82.11643508360433, 16.811296521093094, 99.36585827868393, 21.174445881880676, 41.967439700695685, 78.49378540661097, 35.312892415892165, 75.5699325898739, 25.832463689420283, 60.18962242863011, 62.77653586996347, 86.01672434024297, 71.84117670677936, 28.36724294379258, 41.541558669575736, 33.974891422181166, 41.65373089185403, 69.3729999882698, 16.567687310072355, 54.819625267420676, 58.01868213725338, 16.8120963832075, 53.298464804329036, 67.85098097949306, 44.771715137668664, 54.46855901192542, 73.94455459971003, 60.51424577780587, 69.53544859874971, 38.09992454366413, 87.0081907618094, 44.78661747034212, 45.84792189117217, 68.45163572245599, 60.65924972973255, 87.48676874907046, 95.53287134424848, 81.4293999592223, 30.46403525446421, 78.98159775098128, 31.442099880854805, 74.12679105283178, 75.77714994129387, 6.328953869416813, 14.78389980680371, 75.62879292340584, 43.495466662387926, 75.5518917401951], [32.89045414644574, 30.421951146884222, 36.176798398713885, 12.099308237944854, 16.648953965337455, 38.17156157077547, 50.109603753627646, 43.17751797032394, 49.72762244158909, 36.855761729025026, 20.384753139117894, 44.902673054150554, 0.0, 45.211670670826976, 29.75648726896179, 48.85875166571562, 23.134382757892485, 58.579238899591076, 80.20933257847084, 54.995581045364695, 41.98396572472539, 44.76005295697193, 67.03847399655086, 51.15999336681678, 29.789391039253648, 33.71756038126236, 41.065893416383595, 39.33696695019578, 37.022682669825755, 58.09757165617373, 45.363879762504645, 59.98883653918397, 54.72573469616162, 52.12420862438334, 3.4225778981843917, 48.534649362931695, 17.033225780793753, 29.161284292644748, 32.462947245664395, 29.066821458105288, 25.139499572975662, 35.60737580292729, 36.60061876178032, 71.59033472365958, 15.927216353103072, 34.39185628131313, 31.103064661191077, 18.477140666700215, 25.159794885993914, 10.012063543459083, 42.629569571314384, 31.021466909905296, 29.7033636088092, 57.65852381668272, 15.87456322338562, 42.876026917471386, 66.13609977848654, 68.60437171026382, 50.16390269816981, 39.57335239905014, 53.97178448097654, 33.57067034100526, 68.15174876071968, 45.95749463553779, 30.515725055116555, 31.66232027536653, 18.887151719006173, 33.18977562261196], [75.78868314297921, 75.5905839076399, 10.614675930732473, 44.3171712756283, 59.08146086522664, 57.91417686444147, 84.93525404112125, 8.80316204908177, 62.19008442230884, 26.862051865428302, 61.57977687942653, 21.5902119061921, 45.211670670826976, 0.0, 37.63392675778113, 80.68466459771757, 38.373760132334, 97.70253915854968, 122.4119266534495, 9.785594705236347, 86.83392854484403, 37.5514258735879, 108.97104832401659, 42.648244096085364, 27.932831551704275, 75.4981330860844, 15.906700992527224, 82.57843534878181, 9.742428359660778, 78.37036325969099, 76.7484723570687, 98.04975892155888, 86.44962575859465, 49.515055076033796, 42.57373269994693, 53.93529006556687, 34.06416292063109, 73.82281697649859, 31.519979490865143, 42.38645952360655, 48.09817359529399, 10.959661473101992, 66.67127450868317, 87.60254083570273, 52.14889190501549, 66.80142258798475, 76.31399662768119, 55.38602095553232, 66.0119671007729, 42.83944551791499, 82.47718836300271, 30.276920062190555, 58.385409932961515, 84.79659636454147, 58.81808034935725, 83.52127008024743, 106.4237812005661, 97.74437812297575, 51.12062348183777, 84.16281358130605, 52.598420944355134, 66.20707766679298, 93.29547653408784, 15.726682240582612, 25.707652571747463, 76.61782700359745, 52.28583892471164, 78.39057506531465], [60.86187374019215, 54.12646195906512, 35.207040283436406, 19.118309598749633, 45.95075397929174, 64.53490457321656, 48.82588450511473, 30.361278978871148, 74.42683404960098, 48.2582900214373, 33.18197941652155, 50.982148814120244, 29.75648726896179, 37.63392675778113, 0.0, 43.82386868061901, 44.46386194106432, 87.56905300924782, 107.10200776924138, 45.59747937329628, 66.36768917557426, 59.86148336933766, 94.44435982336873, 66.60948881005997, 9.7144856623525, 44.94424483825943, 23.999612465888934, 66.64070125653046, 28.155957267474854, 85.79032821227581, 74.92852523733114, 89.24673093413028, 84.41596114196425, 70.5948551678686, 30.18626137324113, 70.25413783406049, 14.086465763069345, 55.097670685070376, 47.68698567744136, 5.002281366699957, 12.726104885653276, 34.66885218577367, 65.75617703382807, 98.53782769212266, 45.21768493474776, 63.86449998761203, 53.666748445861195, 25.481658107291242, 36.13733153001964, 36.52872832989203, 49.34931786119995, 7.479521613907486, 58.17413634841882, 86.84917795506516, 33.325357879415876, 50.959782280049794, 94.52843533378221, 98.18988093099058, 70.0758813847487, 64.85101944625119, 73.21868887944738, 30.767369904045257, 97.18726582779911, 48.1498605185101, 42.16200823515414, 51.72811314976958, 47.71807241068792, 56.145136073956714], [59.01883906158598, 45.79930761078982, 75.97502818316556, 40.349278917037296, 54.53386098674857, 84.8963868968418, 6.900015140111354, 74.03434481516726, 97.12361780660603, 83.64496279566646, 30.17749941161559, 89.62157017208658, 48.85875166571562, 80.68466459771757, 43.82386868061901, 0.0, 71.95724309893704, 83.556009721624, 92.55619288554061, 89.20497224379962, 53.92583019035082, 93.05471115808643, 83.12555167647427, 99.65001742899547, 53.128578378342304, 24.60388704027434, 67.82340652952935, 60.980593435368846, 70.9575245934282, 101.76931423747749, 83.99947436582067, 86.54709853098655, 90.84240217697383, 100.97676767417825, 52.00962067424789, 97.1434630203046, 48.201145447830854, 50.58309120379224, 80.38974555399884, 38.832044698744184, 32.61418544517973, 75.3734098179429, 78.58948362207106, 115.80012956388258, 61.151721978046, 75.25346675713524, 43.59547145945147, 30.452910193613373, 26.5210096412794, 58.787796770784034, 18.247052066289463, 51.26174394607148, 74.45570491401787, 97.17766226656842, 35.29737926851363, 20.59150718451404, 86.7403076116104, 104.61971338159476, 98.99625444345223, 54.846786958939276, 102.82289121012907, 15.619601416031507, 107.51922996292002, 88.49876318146123, 76.99291496084183, 38.76852529987196, 64.59003744889445, 45.38770926532848], [41.38925011055621, 46.06000844939905, 27.777076173247906, 32.94000234052449, 26.781318891808564, 21.332686427709984, 73.2056285715969, 41.10334922672721, 30.004550121679305, 17.55478254939801, 43.179739818584565, 27.537701742890473, 23.134382757892485, 38.373760132334, 44.46386194106432, 71.95724309893704, 0.0, 59.97231265437148, 85.67025805329789, 46.96390345221066, 54.85993286071736, 22.172669153866625, 72.28739423745664, 28.253789930039126, 39.29511683466561, 55.67597457496858, 42.96088367328954, 48.03538412666951, 34.55804994864741, 42.97352996284455, 38.39655811658406, 60.03623964006149, 48.150997286667625, 29.03276889119669, 19.949771776669362, 26.361856130619174, 30.66774623414149, 42.36566208215967, 11.43417216080758, 46.06913131183297, 45.20420876758064, 27.48513419157208, 28.301852345334186, 54.724778260040004, 17.46751834846756, 28.51858458450133, 47.69575697749446, 41.51522924478646, 47.84386615433019, 13.5011304185222, 65.04322786010118, 41.76477114792661, 20.020939542667385, 47.241921309033955, 38.30432354406459, 65.00610681379744, 68.95060316791043, 59.98157635220946, 27.305864693088942, 51.64955876495782, 31.008307221545433, 56.557789934341365, 56.539720109025524, 31.249752669467085, 13.691960179204631, 50.07443623354643, 15.96061708061245, 49.0392494412916], [27.14466424258889, 38.314029368151786, 87.14007219537196, 68.49035520640211, 41.932288087446196, 46.643732421161914, 79.60835072265374, 98.66327891665622, 53.49238940713063, 76.2716811579138, 59.80475109102219, 86.37145301444339, 58.579238899591076, 97.70253915854968, 87.56905300924782, 83.556009721624, 59.97231265437148, 0.0, 27.028559386887988, 106.73308647924446, 30.10642603491299, 74.26438811231625, 15.115194415664119, 76.50250312190676, 88.34522105466633, 59.03153671296154, 98.2847204481686, 22.93675707980195, 92.00420893570875, 42.10596109256065, 25.4544161591285, 3.551226430815467, 20.74452946862555, 70.99746475299652, 59.387234609631065, 62.037027305349135, 75.61184182825184, 34.61726458487151, 69.88291763012556, 85.70985470795, 79.28014655838653, 86.7564442820526, 33.39405956998051, 51.98712666095806, 46.08132147000242, 31.903969694731636, 40.247728783711146, 66.01885037602007, 60.523450252306034, 55.981747034628555, 66.23262857319064, 89.58769241363323, 40.52907477472859, 29.86009698397681, 56.765295388923, 64.25026017064694, 9.269903022458536, 27.540885794057026, 67.0041463971764, 28.735928044832377, 70.06495709389287, 75.22759390917057, 35.22606090398694, 90.9148050710818, 73.62835845779881, 44.887365986271206, 45.47297426146874, 38.249566631954664], [47.35673085862184, 53.31750991108038, 112.01482561602838, 88.19919784149663, 64.08254971098604, 73.6388668261517, 87.10433261924345, 122.4156811084928, 80.33374289465213, 102.50717241454173, 75.67210347408705, 112.65277296374339, 80.20933257847084, 122.4119266534495, 107.10200776924138, 92.55619288554061, 85.67025805329789, 27.028559386887988, 0.0, 131.75355469265398, 41.40566508712478, 101.14056124357218, 13.444057963857441, 103.51600647365957, 109.61406358664411, 70.04883990316969, 121.14177552692308, 40.894197178801896, 115.8706971450953, 67.68811977215779, 52.46310181843506, 28.569204406677557, 46.666283558002796, 98.01346841376251, 81.74716672310853, 89.03657249083517, 96.81619696818301, 52.02760226568081, 96.09064833355605, 104.3563505449205, 96.95942692327999, 111.58217883524821, 60.22915188136876, 75.48614584056754, 70.26337787883998, 58.42611725370327, 54.26204761939131, 82.9717772681793, 74.78925758830033, 79.74365210241258, 74.30979554740064, 110.40032897060783, 66.9147337571638, 55.05045464901853, 74.11092440814035, 71.96933167623739, 17.841717315631204, 48.394380174632964, 94.01687633866496, 42.38780635768634, 97.0349372457495, 88.38324357379608, 57.509421198748875, 116.88398655717803, 99.35429564895638, 57.55141921101698, 70.34019045542318, 51.78570546185876], [85.35001239039073, 85.36614265855124, 19.74693964427251, 53.8531581628558, 68.70135425319229, 65.47796471286259, 93.73389064862586, 15.240287989213364, 68.46757927501888, 33.36308305641719, 71.17906964253991, 25.698738572569418, 54.995581045364695, 9.785594705236347, 45.59747937329628, 89.20497224379962, 46.96390345221066, 106.73308647924446, 131.75355469265398, 0.0, 96.56802460091247, 42.49944913232986, 118.30954079139546, 46.56191927079582, 36.0876853285091, 85.04757961692597, 22.061340435649697, 92.14908636276614, 18.94317456570928, 85.17998674999593, 85.09633499655212, 106.94442293496355, 94.66623453344798, 53.98375509266206, 52.33974123336121, 59.56992531008462, 43.487766426036124, 83.54821884620932, 38.85200204612826, 50.50977160293361, 56.7918590559939, 20.19800042469744, 75.10836270121628, 93.46286005280176, 61.523069302429796, 75.48226446018995, 86.09836527352067, 64.82584270045808, 75.55418174917826, 52.3925263572202, 91.81710284900223, 38.12074694248688, 66.94756893727835, 92.43098564615607, 68.52354992053445, 92.92984536831705, 115.55672809724464, 105.43478197322702, 56.16254315847595, 93.86997761849995, 57.04117894073259, 75.0896424071669, 100.47273122023006, 19.381565732943887, 33.67225193776267, 86.39349229636866, 61.47248239635781, 88.1709229620451], [14.696605748385586, 12.25285102305125, 77.16654839838053, 47.91784139041218, 28.501120806728096, 52.662466080948654, 49.63175178595155, 85.16000222581889, 63.86837569587552, 72.35892929872112, 34.291161787431164, 82.11643508360433, 41.98396572472539, 86.83392854484403, 66.36768917557426, 53.92583019035082, 54.85993286071736, 30.10642603491299, 41.40566508712478, 96.56802460091247, 0.0, 75.21746332094602, 29.98793901545206, 79.75742624329601, 69.91143466445561, 29.805985668262835, 82.72869584696204, 10.524583242033671, 78.9787391964121, 60.01598813013624, 39.56916979934818, 33.35648083112761, 42.53001291322207, 76.78886540563492, 44.320723051341346, 69.16979902944722, 57.381925086081736, 13.034881070707097, 66.28465967902801, 63.30615733869871, 55.71120220028507, 76.64332013149337, 40.06388117136441, 73.07459244770895, 37.40715926922672, 36.558887600303585, 12.8857437987484, 41.68921336476371, 33.45593343955457, 44.74247418538685, 36.2448313023384, 70.34536061439059, 41.94512868698446, 50.99771136505275, 33.07173472741896, 34.20090205469756, 32.85158558639047, 54.56442298675417, 73.26228457266518, 3.4520777015063837, 77.08133841155194, 47.44709802975918, 59.884953494636505, 84.8928288977934, 67.48630583408921, 16.314316149871193, 39.15614274227838, 10.395817513186486], [60.948106848564066, 67.50869887856182, 29.73616773575853, 52.98613050565812, 48.197537412292, 27.85707190076137, 94.78896223613167, 44.29419413504269, 26.76067235190597, 12.067150912856698, 65.07730380358885, 16.811296521093094, 44.76005295697193, 37.5514258735879, 59.86148336933766, 93.05471115808643, 22.172669153866625, 74.26438811231625, 101.14056124357218, 42.49944913232986, 75.21746332094602, 0.0, 88.21016208087407, 6.800255331350204, 52.156916718230654, 77.81557527235249, 49.23749013005428, 67.16222852246601, 39.44618653757862, 44.01574389657661, 49.42567945306928, 73.40984553551687, 57.73876545214172, 12.047247113744326, 41.4074640981995, 17.25305235052468, 47.80255731379592, 63.354587852723775, 12.762382292349763, 62.75986404260851, 63.92712259237757, 29.911605269696565, 40.911702620549285, 51.068634393704144, 38.66678608847431, 42.898328439967635, 69.31172896504016, 62.69171289219076, 69.8013583543327, 35.570894759307535, 87.1166249108729, 54.979959074370285, 34.82634695593572, 53.24427582946575, 60.310804858886684, 87.13508829081512, 83.5333192180792, 66.05214760717286, 13.682548039661363, 71.85880035619009, 15.109991227117902, 77.47530323718844, 59.79137211070572, 23.11789354206473, 17.699925924400656, 71.99117378453374, 36.29230282008841, 70.4565244380308], [34.148020077849644, 41.28387134839982, 98.57080669578104, 75.42565508511261, 50.77461366867644, 60.973232715303105, 78.19787437624291, 109.03609815363725, 68.44729144400738, 89.21585089118219, 63.767330152782606, 99.36585827868393, 67.03847399655086, 108.97104832401659, 94.44435982336873, 83.12555167647427, 72.28739423745664, 15.115194415664119, 13.444057963857441, 118.30954079139546, 29.98793901545206, 88.21016208087407, 0.0, 90.85668946140812, 96.59123888990668, 59.59028798986489, 107.86924387638469, 27.87548239762661, 102.47667916523982, 57.153132744809575, 40.263217705025085, 17.613191776926755, 35.79063907765416, 85.64770459449129, 68.47552269486216, 76.76144344018745, 83.7729477117472, 39.387332688994334, 82.79837779752984, 91.90410788357485, 84.72272012999647, 98.13840753630114, 47.365353192779565, 66.4900660930501, 56.82215877098857, 45.35288185676545, 42.52353973461314, 70.83739357559882, 63.34233340063669, 66.32795810670842, 64.9991857244621, 97.47006893059164, 53.74241821952321, 44.77282454043247, 61.79622704942814, 62.75764666374252, 7.636261345890291, 40.6095563561742, 81.67486609380356, 30.346619252960597, 84.84652831123601, 77.43485866005608, 49.1126363491557, 103.5198540012186, 85.9632379162969, 46.29685723582573, 56.90382420924588, 40.11662995569617], [65.26746098655086, 72.67864445830418, 35.6623238196699, 59.6809891119698, 53.48933347668056, 29.892243222101555, 101.25445723104973, 49.90449959839263, 25.817387773186002, 18.554707366433334, 71.38899678212726, 21.174445881880676, 51.15999336681678, 42.648244096085364, 66.60948881005997, 99.65001742899547, 28.253789930039126, 76.50250312190676, 103.51600647365957, 46.56191927079582, 79.75742624329601, 6.800255331350204, 90.85668946140812, 0.0, 58.78901226766932, 83.89922248409171, 55.212190639801676, 71.23663918223784, 45.435916832470895, 43.00812513475328, 51.21584874792686, 75.35354728928677, 58.81259245102129, 7.7817861191259405, 47.844863319395756, 15.8577481104517, 54.602728092016854, 68.2908655941122, 19.519174001728917, 69.54741755807467, 70.7146484455919, 35.89565766231083, 43.54783135464078, 48.292068698208524, 43.987544633732945, 45.95085524572902, 74.58333609683498, 69.24318872510068, 76.07809650779447, 41.74933184762325, 93.29558140757548, 61.62105330885744, 38.42288015539378, 53.36272772582308, 66.54967769916944, 93.23628169228408, 85.75223608947213, 65.82359993661889, 11.06785923877106, 76.35282656654982, 10.672910827049494, 84.09365098842036, 58.857824023188954, 27.42568348887814, 24.4541912895468, 77.49409894555282, 41.354651699461215, 75.59203907653036], [62.50066479204694, 57.72350777549309, 25.873028990178305, 22.140478396868577, 46.431589468956545, 60.28652855971621, 57.81641627058606, 20.90793192511798, 69.15823583746618, 40.2498700311514, 38.71760331487367, 41.967439700695685, 29.789391039253648, 27.932831551704275, 9.7144856623525, 53.128578378342304, 39.29511683466561, 88.34522105466633, 109.61406358664411, 36.0876853285091, 69.91143466445561, 52.156916718230654, 96.59123888990668, 58.78901226766932, 0.0, 51.65985290861208, 15.08464369745716, 68.7454575521107, 18.445757179078374, 81.89151490761536, 73.14471939454168, 89.67126572048467, 82.89574596148124, 63.39074706462366, 29.10241789959826, 63.9949128152077, 12.823819074279989, 57.796420660111764, 40.56284884934858, 14.475952888045764, 20.945967956958622, 25.3636449054684, 63.4706168691162, 94.00715408876741, 43.69262099353723, 62.06436978244604, 57.66028310216098, 31.352451075173196, 42.3864946055487, 34.09393295225898, 57.13416770860862, 2.8486945513001793, 55.41907296408851, 84.30673591570617, 37.660039485165036, 58.538786210417435, 95.91098051594231, 96.2467449168806, 63.27449181853527, 67.98908554480117, 66.1589413697266, 39.35474849471642, 94.34919431748388, 38.75546924422964, 34.590457943180816, 56.46481101014243, 45.646023865546184, 60.06170817990662], [34.61670858911622, 21.233326494552283, 68.05153529922555, 31.194788010621103, 33.044267515564805, 64.2916471107416, 21.63489303997987, 71.0292475303972, 76.6757114212698, 70.56085679468877, 14.010678302378212, 78.49378540661097, 33.71756038126236, 75.4981330860844, 44.94424483825943, 24.60388704027434, 55.67597457496858, 59.03153671296154, 70.04883990316969, 85.04757961692597, 29.805985668262835, 77.81557527235249, 59.59028798986489, 83.89922248409171, 51.65985290861208, 0.0, 66.47450232098136, 36.37906896772635, 66.12163254880078, 79.07715327015215, 60.36398823809865, 61.97801958881033, 66.64636172682034, 83.68363706867596, 37.132986652996706, 78.391425174129, 41.60963695130818, 26.19349701713825, 65.93319885571472, 40.62589705145907, 32.39599173369301, 67.44687026967823, 56.031531424105815, 93.07188129369044, 41.3430262507773, 52.51086504025032, 18.995663700177825, 20.42546182596016, 9.494117278232114, 42.25026519104526, 9.751008507353625, 50.99670669567524, 53.21620460441647, 73.42468466954384, 17.854156411476346, 9.342905880882348, 62.62858450643218, 80.25667665852694, 81.08202797095377, 30.4066688513863, 85.03985369174185, 18.645442321280463, 83.58544112144588, 79.05793185510859, 64.22917514718029, 14.172144812433078, 44.63382804010748, 20.803474428610183], [73.78751008617309, 70.75682164699373, 19.550633264085207, 36.044478554362406, 57.098888408860056, 64.16236649650259, 72.73530503721224, 7.220373499732891, 70.88177520146948, 37.34941625373935, 53.194231632030885, 35.312892415892165, 41.065893416383595, 15.906700992527224, 23.999612465888934, 67.82340652952935, 42.96088367328954, 98.2847204481686, 121.14177552692308, 22.061340435649697, 82.72869584696204, 49.23749013005428, 107.86924387638469, 55.212190639801676, 15.08464369745716, 66.47450232098136, 0.0, 80.34581978562096, 9.79202235184582, 85.63760761989909, 80.25834879710615, 99.19655492225698, 90.13597971869235, 61.219451445301154, 39.396828535178415, 63.944175169475095, 25.698442366810756, 70.12590864075842, 40.025822085649445, 28.993424573037966, 35.98742291285853, 19.336421046398616, 70.19515148928686, 96.42015242213664, 52.32079276585074, 69.49270039509122, 70.97886526158798, 46.067319170019225, 57.09955980775418, 42.364578017059756, 72.19235803028978, 16.586964886724346, 61.81208627697921, 90.09261637528871, 51.57785506856223, 73.56321396669227, 106.41236467661246, 102.66580759004671, 62.06040279619206, 80.50526639663131, 64.22856867847213, 54.38843497751086, 99.50060085857228, 30.379708346988423, 33.578627563833194, 70.2863065129901, 53.47850110239321, 73.29081241661379], [6.805476729044238, 15.395961304014099, 72.45670737019918, 47.58075475247048, 23.55231094697028, 43.1258103934451, 57.449618234835775, 81.92476638247643, 53.908818723729, 65.56332334662464, 37.102678818525554, 75.5699325898739, 39.33696695019578, 82.57843534878181, 66.64070125653046, 60.980593435368846, 48.03538412666951, 22.93675707980195, 40.894197178801896, 92.14908636276614, 10.524583242033671, 67.16222852246601, 27.87548239762661, 71.23663918223784, 68.7454575521107, 36.37906896772635, 80.34581978562096, 0.0, 75.47669436009932, 49.496384617731785, 29.046100343047595, 25.68769175077749, 32.3278609243901, 67.71539394688388, 41.003114892770405, 59.7563069812045, 55.93629838495421, 11.934047048460352, 59.28347741774411, 64.25513846309492, 57.32506973183397, 71.97756319808731, 30.04927036414726, 62.56520626712215, 31.05872601171022, 26.670843432202847, 17.424554533165367, 43.67924055143292, 37.6075206578739, 39.75668558013042, 44.19951008395101, 69.59695469999384, 32.90544314271956, 40.58970106332347, 34.47008098240371, 42.40235985328901, 28.234980731468436, 44.916203607998426, 64.05744619587595, 7.515727089074385, 67.78871640011947, 52.2947001764697, 49.71702385179167, 78.92937304040343, 61.290950844844915, 22.21302021458804, 32.07503994755534, 15.616591281024128], [68.75475137407928, 67.41428655371332, 9.777868227365145, 34.933162705632746, 51.93642596559453, 55.42389121347908, 75.19377414233986, 6.681841321834361, 61.52449727249852, 27.580592114485132, 52.28739234167753, 25.832463689420283, 37.022682669825755, 9.742428359660778, 28.155957267474854, 70.9575245934282, 34.55804994864741, 92.00420893570875, 115.8706971450953, 18.94317456570928, 78.9787391964121, 39.44618653757862, 102.47667916523982, 45.435916832470895, 18.445757179078374, 66.12163254880078, 9.79202235184582, 75.47669436009932, 0.0, 76.6892572900758, 72.5945169050162, 92.64759271532577, 82.44228434332165, 51.43403086075059, 34.713026806054906, 54.32208790913427, 24.54487816425616, 66.06611297062686, 30.5176616858768, 32.80989628704697, 38.361602942556466, 9.546595682893043, 62.470994109787554, 87.09889955244039, 45.956441905261414, 62.1099896923647, 67.96475762391222, 45.88268594058897, 56.62751910955674, 36.188364841650916