instance_id,num_cities,city_coordinates,distance_matrix,best_route,total_distance
1892,92,"[[58.285994489697025, 94.35850526558488], [42.02221481342637, 81.83493608384768], [52.93763662899455, 3.644869894342495], [5.3612895394110405, 4.421327837755928], [21.282207379568476, 44.2236111946612], [8.645523346238859, 2.473890804807244], [33.04764918390569, 8.682548371473441], [69.78473458499155, 16.113521861184164], [93.08658690485863, 47.028794224221514], [11.711607275910085, 33.73761900618506], [79.78638739076465, 26.242152917945027], [19.95259850221922, 23.275231311345035], [27.42801039574674, 29.109638270538007], [15.59202436603181, 79.05680089804508], [88.77054026199286, 57.84069806945726], [28.1178039451316, 47.804575039809926], [70.79948211603205, 31.4719184645481], [2.112200124932151, 27.612005609936276], [91.81914773689638, 75.62455338753783], [71.54230651038176, 8.948325017276337], [41.15040346315896, 26.36637413526245], [78.9844301858016, 25.085886100238874], [82.98039595315652, 55.78403176564001], [41.1390226455428, 61.938648280709494], [20.02893569540537, 64.90711348349704], [78.76837711706976, 31.84491869537702], [19.784684408869424, 99.84373915375659], [41.59895315437214, 46.16551325132513], [75.51599600601128, 11.100829645840937], [55.71848587457995, 93.74659586082667], [28.170248287417877, 65.6545808009149], [38.145559688917594, 74.16716389408327], [9.48648820892024, 63.537872410551635], [68.11370038229198, 79.57805211266756], [39.201755946094266, 61.286923398645676], [97.49827068597718, 44.110912102817466], [81.24257498884239, 54.72316476161868], [20.050028081389616, 61.75270725793557], [27.91651806348461, 3.161839851322834], [17.133818621301867, 49.21924524375806], [24.894381339140114, 42.652284686478694], [1.2578396946363313, 90.01910872630764], [52.25072195969268, 32.187437278337214], [45.15265228763582, 40.61227684104986], [83.06376303955723, 80.48192033674731], [92.15346474836903, 65.4659367606329], [88.72590393905104, 27.533517115598606], [34.948089735526, 68.4251580224406], [44.70011426701065, 81.76159497385846], [84.6229228150712, 70.65347972907566], [65.42571927060766, 70.47365126809738], [86.95567988590373, 82.72956483741089], [97.89736932526183, 23.801848562158945], [80.43322656801328, 35.88107553328439], [22.80673191615038, 88.87389821244118], [10.277117311594841, 88.85885235487349], [19.058869808564094, 50.742896694755245], [54.6747487417092, 94.83332444140878], [67.09913646901188, 96.06341277644135], [74.8224389182718, 28.8846212248543], [46.67188142389046, 39.86767433712769], [34.168560809911895, 99.1456879642149], [0.6684839437616441, 23.905592347258896], [31.643719969794116, 92.40797101722114], [65.01513165968919, 19.64093037485669], [91.58711100620334, 32.220423265231545], [2.8091584647596757, 99.2949457866756], [52.7206609450374, 63.604871867458236], [86.57593089491033, 80.36371121773949], [88.8390988990167, 55.90445792030078], [97.96394158917703, 20.696253727762205], [63.40299173311531, 15.816853475834913], [51.45649180689432, 42.48360391140199], [92.14134794126673, 4.30088705293592], [31.049612400694816, 22.714559384316544], [46.16813018039518, 65.43750551728819], [32.485580326612904, 55.61368528854606], [82.54059563964694, 76.57951673669119], [37.29524515938504, 9.00943461185405], [75.22859484724556, 2.2117865248086344], [99.81712660500187, 16.593973327761734], [98.24071666977497, 60.51146319358804], [88.28689846123233, 31.926899261779205], [6.162531058651533, 9.679581650038427], [52.648418857130565, 81.71985638322948], [7.97824002707852, 5.470989172752305], [0.4304448275943007, 73.79696471862822], [26.06675382823729, 54.59904494200734], [29.879649064638492, 18.390628490734418], [73.35575516329959, 74.83653092307677], [98.06355981949933, 43.60550442761888], [64.99694087518215, 6.980741914586486]]","[[0.0, 20.526819393370033, 90.87116470076114, 104.35382253544722, 62.31202022077645, 104.43638613984233, 89.31597652993557, 79.08538709353377, 58.7467682490293, 76.44648713456264, 71.42901617723781, 80.76064068583341, 72.17776545779044, 45.35324951392132, 47.569504657466744, 55.474211487857396, 64.11949915633133, 87.23869777579436, 38.411369666664314, 86.43279874236578, 70.11817435923253, 72.29883129271758, 45.801784566067504, 36.67513831390403, 48.28029645198877, 65.7835580062752, 38.89008445282659, 51.00021399772108, 85.0218413224196, 2.639419180109889, 41.603767245209546, 28.518895145937186, 57.71744296858903, 17.7495238955001, 38.18295022612573, 63.73714162985621, 45.803545769722724, 50.250643686353314, 96.12042905170124, 61.08235730570177, 61.55106071686847, 57.1930135738142, 62.46331890947196, 55.327585771102804, 28.398898281406684, 44.51725571658002, 73.4313770028227, 34.88834042410527, 18.527231048459015, 35.43391072549643, 24.929137980051454, 30.938376107990667, 80.91540534118776, 62.53086979106354, 35.900682267751705, 48.32285660058185, 58.66079288377354, 3.6423274292806536, 8.976535031298916, 67.52987106250372, 55.71479406386643, 24.58795895329453, 91.01313344890505, 26.7135803562141, 75.01997923622844, 70.49897585021051, 55.69603020284348, 31.25314231640851, 31.562236331613477, 49.11421328169821, 83.66879219667625, 78.708161753731, 52.322533361837664, 96.21101576984807, 76.64643168951982, 31.357086310109057, 46.54914012137946, 30.072879976046277, 87.89240819833947, 93.69135222403041, 88.15983984948942, 52.36412972169724, 69.26586220732193, 99.43528319834509, 13.838992180949104, 102.13648063363395, 61.40066429907886, 51.17513218373937, 81.10510934636984, 24.66181601158365, 64.48350019675784, 87.63509759001775], [20.526819393370033, 0.0, 78.94829247128138, 85.65564887166695, 42.95066551610602, 86.09401280622093, 73.70084569569127, 71.34466897739077, 61.79836250455725, 56.85142776890089, 67.20632612025491, 62.580404178676964, 54.70784068200113, 26.57579730123146, 52.546449833802356, 36.761367145169075, 58.004867529609086, 67.32707821979545, 50.18270002519988, 78.63773831034496, 55.47541274902326, 67.72488493364888, 48.54093342810125, 19.91588051658064, 27.753477338022357, 62.042584428320694, 28.615113952321686, 35.67193400472291, 78.26331958305897, 18.151459435072766, 21.29978576698814, 8.592041975485492, 37.32768469578334, 26.188912624423565, 20.740680160822468, 67.08721756412112, 47.67897646256888, 29.76697674275618, 79.92763446776986, 41.027010054261375, 42.76263380628727, 41.57781813259347, 50.69020118409853, 41.341350653162735, 41.06384458875869, 52.73600628491974, 71.62317138962999, 15.161312386267017, 2.6789035820502023, 44.04367478373118, 26.01543414094607, 44.94237025376215, 80.55974266978185, 59.89293049694288, 20.464158199722746, 32.51286845516974, 38.65268589872131, 18.13958970595333, 28.832300440860678, 62.286359220896976, 42.22405070698655, 19.00899818166534, 71.17541656072355, 14.815607409810674, 66.30813352243568, 70.13044144185449, 42.924535256966436, 21.137454694562113, 44.57800039566756, 53.518317735834934, 82.8698695237965, 69.39398282940604, 40.46644197524212, 92.322566388798, 60.1300003725457, 16.91343677125402, 27.9016377763956, 40.85778527151349, 72.97874969302758, 86.26998099368937, 87.15867742420708, 60.12662012015899, 68.0531637212004, 80.57488499812519, 10.626827170700091, 83.60887875754632, 42.36135401781262, 31.565337025605608, 64.5958363126696, 32.105582468652365, 67.83894010705036, 78.3006284926384], [90.87116470076114, 78.94829247128138, 0.0, 47.582682662145174, 51.465526777480974, 44.30758954265727, 20.518036090345994, 20.959293676295086, 59.11093890740086, 51.04075866726202, 35.09262910521874, 38.384421704474896, 36.044354051824705, 84.15256438756191, 64.97064548208142, 50.65672367010695, 33.06645061586417, 56.192958546762505, 81.80982057072654, 19.34581033806467, 25.596984601236098, 33.73651775943149, 60.17524065968399, 59.4758092882255, 69.54167877405118, 38.242252895756764, 101.75136700654073, 44.006486504030136, 23.7775870931784, 90.14462903948345, 66.77295689108843, 72.05691841306448, 73.99441904245184, 77.43488279093285, 59.256060874207826, 60.1926131645603, 58.39659015818645, 66.76912129910262, 25.025780553096954, 57.95633763806505, 48.04167540810494, 100.65441145313928, 28.550831942918602, 37.778236559673736, 82.5319078489881, 73.21014604257167, 43.0286827955224, 67.2317598118011, 78.54985367149237, 74.12227163732287, 67.98557367533856, 86.09074422530644, 49.271506503603206, 42.36956950561119, 90.39833342966983, 95.29607922267273, 58.0171954662193, 91.20499877295386, 93.49724673042067, 33.406430795085356, 36.76072972603438, 97.3277168083036, 56.05855150417553, 91.28153705782651, 20.043448733008045, 48.06603915538546, 107.98982054467567, 59.96039455393428, 83.76941837642727, 63.40330853960783, 48.14683612660296, 16.052440367852714, 38.86696605128742, 39.209199675182695, 29.029961451277586, 62.162336143260944, 55.8484053529964, 78.71339080616772, 16.536715680475435, 22.336977105952517, 48.63502709097592, 72.7061104353902, 45.2707797284811, 47.16278455616323, 78.0755221702644, 44.99646713273564, 87.62603265642356, 57.60531483535268, 27.369840830758676, 74.06181313275508, 60.27604214028505, 12.512188499122166], [104.35382253544722, 85.65564887166695, 47.582682662145174, 0.0, 42.86837278573123, 3.818206738144324, 28.01236353471941, 65.47585564635581, 97.52499161614935, 29.996190811944942, 77.55800150444676, 23.840637018325282, 33.11272929519488, 75.33340410485762, 99.04914044076351, 48.989438511706716, 70.80883773197547, 23.41717569555258, 112.00384177692119, 66.33566695809502, 41.981492737237346, 76.46823397216492, 93.0744488850287, 67.73690528176645, 62.2388151312346, 78.36232412428983, 96.50632570417511, 55.278795935815374, 70.47197019964074, 102.54194619828597, 65.3433995719422, 77.06678932219714, 59.26029957982208, 97.91015407162229, 66.17305437348755, 100.32191382712007, 91.03979503147491, 59.1831572846127, 22.59036617147122, 46.318957726820166, 42.931896496958366, 85.6960815537857, 54.49381346687435, 53.787892123784076, 108.7331049834343, 106.10997104914058, 86.50914533860272, 70.51148150588513, 86.77015645734716, 103.291357110264, 89.27846968603512, 113.09210634703888, 94.5438027883497, 81.39724475860794, 86.23560808976357, 84.58049958036784, 48.30436260425781, 102.98614658465313, 110.49811525728418, 73.64308519050283, 54.4335235126254, 99.0078950357966, 20.041431781058836, 91.82818481990407, 61.56473975497984, 90.59625816891686, 94.90793831782342, 75.79974896958281, 111.18931407259772, 98.07679306836505, 94.02193562874157, 59.149786120583485, 59.77879667563278, 86.78014198082492, 31.536205412852624, 73.40417005674082, 57.934312907621084, 105.6572265171121, 32.261869835906815, 69.90223475534799, 95.23695949570629, 108.50203347541533, 87.36826125325426, 5.318949250231501, 90.61531390667982, 2.8196132311168913, 69.55064501641016, 54.28185281666557, 28.21863417214974, 97.88538287724649, 100.64348270061059, 59.69054791722335], [62.31202022077645, 42.95066551610602, 51.465526777480974, 42.86837278573123, 0.0, 43.62023539584805, 37.43785206783403, 56.05954216410321, 71.85915370251199, 14.196915810165558, 61.20516253176467, 20.99053309238361, 16.315730822270723, 35.29489038996254, 68.84838509511074, 7.716779280723321, 51.13282864080212, 25.366013053794514, 77.21061536844279, 61.403773333041826, 26.713781668112144, 60.7930838053956, 62.77188699601072, 26.610442526705516, 20.721437132752218, 58.80384119324726, 55.64028405062213, 20.409339589405583, 63.54858366878482, 60.31901264801381, 22.510698918789185, 34.36552050198421, 22.631386989498626, 58.67814950634472, 24.744026434651296, 76.21614662925305, 60.87270577972261, 17.572349718189695, 41.59426816405511, 6.493495887594651, 3.9391455557677078, 49.98202572277747, 33.225267159849345, 24.14207687674471, 71.63536557882128, 73.98629276079119, 69.47813646015213, 27.793366284494397, 44.243627667678744, 68.63369567951128, 51.35868228382932, 76.12958332329136, 79.29017233543566, 59.73642918934065, 44.67630586600431, 45.97191273848111, 6.88798325973402, 60.63336452433013, 69.18494069684111, 55.69417390097279, 25.76062371107766, 56.41358543305392, 28.943867809457103, 49.28583442194454, 50.16848475267273, 71.32219846877705, 58.0870504497734, 36.93250096940437, 74.62825979597815, 68.55928654820133, 80.20988038121175, 50.80457025361097, 30.224411756839107, 81.3316771254522, 23.62290224817465, 32.70074106163791, 15.976525068197837, 69.27838591990495, 38.68404853868008, 68.37547903234888, 83.25341089950221, 78.66324602322068, 68.12369449251476, 37.708017572249375, 48.88565869144424, 40.972689207434954, 36.18534565507762, 11.42547636490656, 27.226072043347713, 60.405341097314746, 76.78384034730445, 57.428296481832554], [104.43638613984233, 86.09401280622093, 44.30758954265727, 3.818206738144324, 43.62023539584805, 0.0, 25.179578514690203, 62.642179769312825, 95.47477485505895, 31.413716298989755, 75.00635187022844, 23.675846668111326, 32.59209816540067, 76.89730811131776, 97.39354025001231, 49.33599745556519, 68.58571424802871, 25.973238694277477, 110.76493682827017, 63.22913593248607, 40.34126908156742, 73.88412648617637, 91.47482940541916, 67.76344795228277, 63.46250365970463, 76.02546876089592, 98.0049400626143, 54.72555534783208, 67.42465563507393, 102.6964969677044, 66.1287718955445, 77.52533489429683, 61.06977215813854, 97.37307518498068, 66.27711636440112, 98.12467708171238, 89.44449975382935, 60.365891100337066, 19.28327024347051, 47.509781290801534, 43.33968990410759, 87.85637740459795, 52.76654423167563, 52.79495196506243, 107.81153496035672, 104.60197957458767, 83.90978623930677, 71.00277914472458, 87.10036486067771, 102.0834049977211, 88.58870171909363, 112.13141322436968, 91.7647742478704, 79.18026474659048, 87.55284751622722, 86.40036852279167, 49.3794969005179, 103.19377196411038, 110.34411407041975, 71.25244442086442, 53.331969357148424, 99.98430780578379, 22.86812166823936, 92.82809828704133, 58.92571585489184, 88.11448891626536, 96.99680326088968, 75.36321781900783, 110.18154357541407, 96.3630378424339, 91.15829280935614, 56.35969301708635, 58.59655419400748, 83.51581071925445, 30.193175899622226, 73.29640374051391, 58.24247654934909, 104.65240324046228, 29.38570898965162, 66.58358738579474, 92.25853874427197, 106.75044953284637, 84.91306340825045, 7.621497966756051, 90.64313473065093, 3.0704829677379077, 71.79462645340433, 54.95935739556804, 26.537344132136038, 97.07608246475507, 98.42456444378915, 56.5313538175676], [89.31597652993557, 73.70084569569127, 20.518036090345994, 28.01236353471941, 37.43785206783403, 25.179578514690203, 0.0, 37.48109938050723, 71.2397965582431, 32.90871083482507, 49.92844240508372, 19.606803608430333, 21.18599400202516, 72.50678765781898, 74.30722893386452, 39.43141317168705, 44.097123250551235, 36.26742835966096, 89.0804191600768, 38.495574809428064, 19.45179479004457, 48.77763152778213, 68.64276318631904, 53.86726744543682, 57.71211851016943, 51.25310099652565, 92.12094734352051, 38.44603303046377, 42.53714337052504, 88.03328354393106, 57.18042950736194, 65.68274934608891, 59.7012134040963, 79.09361793068716, 52.963131535435075, 73.5462546203659, 66.65200095216845, 54.63863027711169, 7.537023891392225, 43.54852232270061, 34.93449243741026, 87.328277423293, 30.351899554330682, 34.14730824358188, 87.50292257878735, 81.96249526761912, 58.78288080020278, 59.77282896264887, 74.00220939152116, 80.6250902849618, 69.76015925813638, 91.59168314685769, 66.58888376199346, 54.63655208554999, 80.84261856101325, 83.34708658487406, 44.32560038496689, 88.82391374362699, 93.78123080066254, 46.40319821869833, 34.0313353488041, 90.47008382802098, 35.779203590036076, 83.73719253979868, 33.79358033667931, 63.094374907423024, 95.52472395302911, 58.33942929058554, 89.4620928098912, 73.09305440841416, 66.01858932175399, 31.182449079602037, 38.488918435457464, 59.25592112807042, 14.173548745872143, 58.25179981942627, 46.934502593820625, 84.02112866451063, 4.260155652679669, 42.67438266606658, 67.2365507735581, 83.2848873437139, 59.930580750016844, 26.903599238158375, 75.6216803131677, 25.27428313442936, 72.82698151270583, 46.44413372298641, 10.211906989278114, 77.46672069401085, 73.80163613006803, 31.994583678975555], [79.08538709353377, 71.34466897739077, 20.959293676295086, 65.47585564635581, 56.05954216410321, 62.642179769312825, 37.48109938050723, 0.0, 38.71343935660685, 60.68852375559331, 14.234543404381098, 50.34413440332909, 44.305655686032146, 83.05845060430805, 45.843407939649595, 52.34936447099798, 15.391882886053079, 68.64245806181655, 63.45926438495404, 7.377608344502067, 30.414567209625442, 12.85059217257444, 41.80759303072601, 54.041826614978106, 69.68826376475444, 18.115812968205915, 97.52309626686451, 41.20146188386714, 7.614094872132315, 78.89710724365708, 64.69993810414985, 66.11552572118251, 76.71341174174623, 63.48652577790064, 54.552312406459706, 39.39408513422969, 40.27389516323434, 67.50167608792, 43.82571872287268, 62.19411445224551, 52.14834366338551, 100.78676050549548, 23.786810538235905, 34.74087612405882, 65.72384132874497, 54.18506201463022, 22.117508632529354, 62.8498138599906, 70.27736249962922, 56.522374633260526, 54.53461912993786, 68.79344841143961, 29.144992700303998, 22.453208227151883, 86.6083431404285, 93.9842519903901, 61.419109067784184, 80.15683994802771, 79.99498418402291, 13.72878158855644, 33.14307983722989, 90.3485054781647, 69.55409740023424, 85.29701031044297, 5.932261195141554, 27.10674990573225, 106.79361911139304, 50.463956787079304, 66.40806506646196, 44.11788063667952, 28.54941573387598, 6.388634749172886, 32.113948848873974, 25.28549983439164, 39.29355401353, 54.68637277522452, 54.32761562206301, 61.79683266584555, 33.25710418516159, 14.92963026727656, 30.036234851514198, 52.73443003356622, 24.339124325187193, 63.946699431539315, 67.8074070153361, 62.71607665951111, 90.2075223450962, 58.244290091411614, 39.9700020639108, 58.83148800815614, 39.43984105035141, 10.311674847504998], [58.7467682490293, 61.79836250455725, 59.11093890740086, 97.52499161614935, 71.85915370251199, 95.47477485505895, 71.2397965582431, 38.71343935660685, 0.0, 82.45327554614394, 24.67751535123635, 76.89481133817402, 68.05986202818319, 83.85225360467439, 11.641542998332156, 64.97341452580396, 27.17961411186794, 93.02338808103853, 28.62383349886723, 43.75246453329161, 55.89546273556109, 26.08375051763816, 13.3712108636028, 54.04491817425131, 75.21339441734239, 20.870103200573197, 90.34703823281276, 51.49487045582697, 39.994303385357604, 59.824141986043585, 67.53555319307573, 61.27811664763243, 85.21458891840646, 41.025592626524706, 55.739297223854344, 5.289327921295273, 14.123878937228978, 74.50592285045818, 78.558561333208, 75.98434763557988, 68.33250131270746, 101.39371753312524, 43.449208759366165, 48.361490705071695, 34.92232301745419, 18.46074055575458, 19.97702143639739, 61.950700051688194, 59.56188531474799, 25.09500697405806, 36.25996304586271, 36.22337702714418, 23.719920579227654, 16.863545292325693, 81.79407524398559, 92.77479192933501, 74.12083010632466, 61.3248923387392, 55.49541779928585, 25.74471043742598, 46.96388530479934, 78.66069165746374, 95.26693140838898, 76.38386991774088, 39.21863952016816, 14.884094813918162, 104.31569721238797, 43.63684599771599, 33.964766047252695, 9.83964229053427, 26.780427138384333, 43.0732059127335, 41.87748288573826, 42.73836131552415, 66.63158576441296, 50.400617385869694, 61.2060646740411, 31.376155481111823, 67.51403942214348, 48.243881057176615, 31.170153795815462, 14.434244565307726, 15.8462689808207, 94.60843072721397, 53.27959486310355, 94.71262782208329, 96.44529857001751, 67.44602821181041, 69.39208548326046, 34.09656788485573, 6.040626823814794, 48.91701859136331], [76.44648713456264, 56.85142776890089, 51.04075866726202, 29.996190811944942, 14.196915810165558, 31.413716298989755, 32.90871083482507, 60.68852375559331, 82.45327554614394, 0.0, 68.48618619521571, 13.318239097915463, 16.38363612616966, 45.48500724569363, 80.74055717719533, 21.611167048567975, 59.13129756792331, 11.387350751186545, 90.39763996131929, 64.76281083580574, 30.347618883554635, 67.82687656483569, 74.60083481491523, 40.75869020809526, 32.26011993171951, 67.08347558077767, 66.59724990838491, 32.368286933775295, 67.7009915272033, 74.41560768507492, 35.910713083311656, 48.30426420116264, 29.88321029987815, 72.68109392524902, 38.91879297225544, 86.41155494898113, 72.62884139066404, 29.229684077708118, 34.604586467116704, 16.40369247559842, 15.914043992448168, 57.24410311778457, 40.56874268121002, 34.140363381527365, 85.30040937183226, 86.47299336293736, 77.26378693014641, 41.7511614221723, 58.26271415961982, 81.72417455418547, 65.07489449647366, 89.78797925818223, 86.75658542349315, 68.75503882634592, 56.2415422574159, 55.13989596778618, 18.524625124118558, 74.68946878401194, 83.38035115786705, 63.297145733880654, 35.49363811815243, 69.15584029456011, 14.785781046359235, 61.963693575678484, 55.136034878296755, 79.88991162271029, 66.15902575944703, 50.732585941548415, 88.19670870191685, 80.24972717409534, 87.23269102127264, 54.70971636095716, 40.69579951719284, 85.64732553666789, 22.25907198500127, 46.820238951591485, 30.16819902316973, 82.77785811303357, 35.58097287586176, 70.91040702027449, 89.75793626970426, 90.57662780798792, 76.59669657439328, 24.689702474811053, 63.07232076072187, 28.512109587944536, 41.61749397902676, 25.32329608511874, 23.78251164865296, 74.08860593583046, 86.91395095599346, 59.62597796666001], [71.42901617723781, 67.20632612025491, 35.09262910521874, 77.55800150444676, 61.20516253176467, 75.00635187022844, 49.92844240508372, 14.234543404381098, 24.67751535123635, 68.48618619521571, 0.0, 59.907302698241494, 52.43683928117479, 83.12823398468821, 32.850921729926476, 55.9873250212924, 10.397832182212454, 77.68626560599608, 50.82724463992397, 19.158323335308896, 38.63618362319235, 1.4071561080137684, 29.714042076912403, 52.610441767144295, 71.17536237111048, 5.694499914313062, 94.95998029251682, 43.07226973973517, 15.732002828926033, 71.66668473162079, 64.94278472291086, 63.48830765391281, 79.58044054570624, 54.59825789260469, 53.62134134413942, 25.159558117546336, 28.51821379329839, 69.49411552838254, 56.773093937906864, 66.73298393718954, 57.29244935445004, 101.16438550915504, 28.170184182178424, 37.49661409726334, 54.338693035341436, 41.12723940780457, 9.032307435426882, 61.56199197772664, 65.67689858629586, 44.673907642332146, 46.50434641145733, 56.9405519839795, 18.274647793611567, 9.660601953590898, 84.67240788261769, 93.55420714919029, 65.48372192624196, 73.04343369942269, 70.96460148679189, 5.623470742396017, 35.808174197726856, 85.99948560429566, 79.15239832847628, 81.82684101902427, 16.17918832748439, 13.228635386660933, 106.12353329515668, 46.13595469192387, 54.545769531584554, 31.012963800714346, 19.004748734563425, 19.419127728421394, 32.6552861596076, 25.180631405178797, 48.86427276212339, 51.63780478728153, 55.67812193956772, 50.41265574534857, 45.85263076797682, 24.458781283173884, 22.23326073416157, 38.922331583634985, 10.22619330214717, 75.46383894433225, 61.75957349200647, 74.75193155453891, 92.51392190090954, 60.74464877959658, 50.52057963032009, 49.01802326237303, 25.209938667878443, 24.284350559106514], [80.76064068583341, 62.580404178676964, 38.384421704474896, 23.840637018325282, 20.99053309238361, 23.675846668111326, 19.606803608430333, 50.34413440332909, 76.89481133817402, 13.318239097915463, 59.907302698241494, 0.0, 9.482725744392908, 55.95174807236183, 77.01091221546307, 25.852645583656344, 51.503313034445775, 18.359940783598095, 88.91148643868937, 53.54211628546724, 21.42200035290583, 59.0595938242327, 70.91773655788478, 44.08768966194242, 41.631952158924896, 59.436818184784656, 76.56869195928701, 31.50443900498089, 56.881518950160206, 79.02791861739956, 43.16872746736092, 54.04602333887931, 41.60071793797578, 74.09115577778893, 42.60773166502583, 80.29605761477325, 68.8871086345164, 38.47759929807667, 21.63267276141345, 26.096692873663237, 19.99728519349726, 69.31261919201475, 33.50516667727962, 30.587838408212953, 85.17995279705215, 83.62428303431356, 68.90501098395144, 47.575000150767, 63.50664745514733, 80.1682559986286, 65.54003020162867, 89.57807036288139, 77.9465497914147, 61.78036645877651, 65.66072781157307, 66.29348599561855, 27.48220137821667, 79.53733971955933, 86.72321144451475, 55.15582147411873, 31.452014965851646, 77.19080111677002, 19.29441445961276, 70.11432107929171, 45.20884911015808, 72.19085704419456, 77.92877854315923, 51.96369717063752, 87.73689621322268, 76.22346335621707, 78.05396066573216, 44.08587156739366, 36.89792502695743, 74.64074815816228, 11.111168726678502, 49.64787475196281, 34.682145825282085, 82.21073062795045, 22.45618731099544, 59.153228806302984, 80.14350914031252, 86.69236650943002, 68.8798077030776, 19.365114247303886, 66.96858120397788, 21.456381312346565, 54.16234882805826, 31.914952541389447, 11.063709937626978, 74.2325047335644, 80.71333398449055, 47.90097247983365], [72.17776545779044, 54.70784068200113, 36.044354051824705, 33.11272929519488, 16.315730822270723, 32.59209816540067, 21.18599400202516, 44.305655686032146, 68.05986202818319, 16.38363612616966, 52.43683928117479, 9.482725744392908, 0.0, 51.330396645985964, 67.73758017201656, 18.707658216565967, 43.435756317791004, 25.360070056172603, 79.43460138018251, 48.50308932208182, 13.993911876685951, 51.713199505506786, 61.62459581571834, 35.57718025872761, 36.55414529220521, 51.41317938119019, 71.14586045511726, 22.17472638001375, 51.34950387427295, 70.55697902650905, 36.55247928166272, 46.314646475688285, 38.82269341995719, 64.82581403593572, 34.263665339538136, 71.65807416984967, 59.599161920733046, 33.46646942757725, 25.95239647018487, 22.59129648573603, 13.777610393086041, 66.29360018680183, 25.012793848734002, 21.129922486358918, 75.72614038054122, 74.23722032144164, 61.318153190888864, 40.028261099363505, 55.41258085334107, 70.69051400142955, 56.16767265074231, 80.11641504689416, 70.66896900001586, 53.43599258993901, 59.942664114880245, 62.16206011129106, 23.195697536763017, 71.14764700522744, 77.824200378213, 47.3949626822048, 22.046811836587025, 70.35967081063612, 27.260857468283863, 63.43856189828497, 38.76142559457859, 64.23447029769844, 74.37785464460954, 42.774283310356324, 78.26529558528753, 67.00212049793477, 71.03592491682606, 38.352280373170856, 27.499652286690377, 69.30577315965301, 7.3493560971856216, 40.876717434751, 26.98228162958765, 72.73779219812435, 22.3915276165188, 54.84879490417367, 73.46309287333935, 77.46298456908102, 60.92406106014334, 28.805341721844623, 58.342986320756765, 30.61175098817722, 52.20944063754057, 25.525729605755306, 10.995803873402359, 64.80977126244376, 72.10763467233825, 43.60174986512692], [45.35324951392132, 26.57579730123146, 84.15256438756191, 75.33340410485762, 35.29489038996254, 76.89730811131776, 72.50678765781898, 83.05845060430805, 83.85225360467439, 45.48500724569363, 83.12823398468821, 55.95174807236183, 51.330396645985964, 0.0, 76.19198257014078, 33.66892892799436, 72.8847338434311, 53.18150640783279, 76.3043554482337, 89.69744958668947, 58.56203390010141, 83.25537075606859, 71.29385954101954, 30.751914901737923, 14.829020064526944, 78.86832930931266, 21.205546450906883, 41.93086152300091, 90.60296024931779, 42.730820133079106, 18.38018554173077, 23.07748915266064, 16.67677166497558, 52.5242625306224, 29.549754172010633, 89.04969584401722, 70.01514582358742, 17.869120119127928, 76.88912964250565, 29.877363621113883, 37.57422847981495, 18.045526955876227, 59.50291888117652, 48.495485904240596, 67.48678748498163, 77.75838052210047, 89.46067914523894, 22.083683950431002, 29.233487795266946, 69.54049717503061, 50.56745599110579, 71.4581032781675, 99.13263623297274, 77.90073660609049, 12.183078622173499, 11.150266802171856, 28.52536044567151, 42.14686275085581, 54.24211873416603, 77.62402734456091, 50.01744850894063, 27.36148917380284, 57.13464678588153, 20.878473969785766, 77.28446936214712, 89.2686925142891, 23.93708773395601, 40.215640800342406, 70.99593650825578, 76.819040042165, 100.95090991680809, 79.27912430482712, 51.2236152828018, 106.9964746832502, 58.42418340585235, 33.472129502609356, 28.895880372011888, 66.99438881275371, 73.33255291094709, 97.2711507734112, 104.8592994218439, 84.70381272464168, 86.63586063496543, 70.01509761915578, 37.15196141789966, 73.9786550244753, 16.048033235716755, 26.606423730210253, 62.32592313060255, 57.917693965495914, 89.76830499394875, 87.38308791673089], [47.569504657466744, 52.546449833802356, 64.97064548208142, 99.04914044076351, 68.84838509511074, 97.39354025001231, 74.30722893386452, 45.843407939649595, 11.641542998332156, 80.74055717719533, 32.850921729926476, 77.01091221546307, 67.73758017201656, 76.19198257014078, 0.0, 61.477460814423026, 31.910366164269842, 91.77931010376363, 18.043267927691485, 51.83894463503071, 57.08161258981988, 34.185459738932636, 6.14456242562538, 47.80747500527605, 69.10385246274524, 27.85361399968617, 80.76697201280523, 48.594943880916176, 48.58290073359906, 48.80237489541639, 61.101981561523104, 53.1925008280954, 79.48848158964388, 29.98695707495964, 49.68843776549646, 16.268998157338405, 8.147961406342226, 68.83177035537571, 81.81069339502864, 72.1536508865047, 65.6570756265445, 93.24120801980584, 44.62944003738156, 46.8971070468851, 23.349352282736685, 8.34196878308265, 30.307213823960435, 54.85332235307431, 50.14391045870072, 13.467371842459183, 26.54377843561182, 24.95494754908623, 35.24120151939536, 23.48905748562532, 72.89913252296995, 84.39990131359134, 70.07207562047934, 50.308820352791514, 43.93888553354453, 32.14037830090469, 45.774738208424736, 68.46516158084711, 94.411671565954, 66.77102631937282, 44.98379363486202, 25.77463000318696, 95.43486686892896, 36.50780051359729, 22.629680323676265, 1.9374535354211941, 38.2652371404641, 49.08682137594448, 40.35069458000466, 53.64581724697156, 67.56886214889897, 43.27443619690539, 56.32900053128645, 19.747291840679615, 70.9520845131869, 57.25347225503739, 42.70034393012252, 9.839574561066453, 25.91831163552633, 95.62204933645869, 43.30152256632332, 96.28074671072174, 89.76956559290065, 62.78752382542837, 70.88332001102025, 22.94501980881839, 17.00002795635447, 56.141955504595174], [55.474211487857396, 36.761367145169075, 50.65672367010695, 48.989438511706716, 7.716779280723321, 49.33599745556519, 39.43141317168705, 52.34936447099798, 64.97341452580396, 21.611167048567975, 55.9873250212924, 25.852645583656344, 18.707658216565967, 33.66892892799436, 61.477460814423026, 0.0, 45.699905057776256, 32.92463044945896, 69.51123935123483, 58.270881140180634, 25.08874465215482, 55.709536815890026, 55.4398388478754, 19.217808481277242, 18.918948458601626, 53.105472347755835, 52.70213926287916, 13.5804236880989, 59.94792353856251, 53.595400176594566, 17.850082803183817, 28.205353682527903, 24.38570425922912, 51.080579255833314, 17.453587288252386, 69.47871840405298, 53.57339061684831, 16.11332987814413, 44.64318896668936, 11.07471107433714, 6.07754466720295, 50.03523292547297, 28.745307856384905, 18.490949446472612, 63.928611094419765, 66.4265726373191, 63.90819645585117, 21.722367424431926, 37.78957817193076, 60.949986907341945, 43.655097789110485, 68.4225880655228, 73.79240220375536, 53.65699660522228, 41.411312366973505, 44.76319677389228, 9.523550904919274, 54.00902320174708, 62.03595493766375, 50.39134429973391, 20.180391072821767, 51.69643638543366, 36.39541924853267, 44.74254146258028, 46.41770861739309, 65.35456162614592, 57.3740866219309, 29.23952722599336, 66.91375012005685, 61.25915248805179, 74.92225322391312, 47.626240751162236, 23.937566393811657, 77.40532962454418, 25.260728144948928, 25.233598919358023, 8.947607132386938, 61.561656292561885, 39.865879496956964, 65.56011732750588, 78.19779107565822, 71.26491349563666, 62.22877568295656, 43.9948761617751, 41.85686773474681, 46.88000135636609, 37.97623172616019, 7.097297220342312, 29.466665060997336, 52.699135375186486, 70.07168442989519, 55.0150533194462], [64.11949915633133, 58.004867529609086, 33.06645061586417, 70.80883773197547, 51.13282864080212, 68.58571424802871, 44.097123250551235, 15.391882886053079, 27.17961411186794, 59.13129756792331, 10.397832182212454, 51.503313034445775, 43.435756317791004, 72.8847338434311, 31.910366164269842, 45.699905057776256, 0.0, 68.79565127658924, 48.90073121596198, 22.535839231296105, 30.085452429081997, 10.381463493305224, 27.192894569585274, 42.520165588712295, 60.791123116818284, 7.977619739606683, 85.30659675230282, 32.68902903725867, 20.9099680280488, 64.0747367723447, 54.64161400632976, 53.75093145392229, 69.19182483733718, 48.18104936686232, 43.443651070445654, 29.539286912362083, 25.48879446182539, 59.096812560103665, 51.38491176424331, 56.52407492509434, 47.246998488719804, 90.90551973456802, 18.56255560288747, 27.226935771357024, 50.52121208051242, 40.1445619502405, 18.353953376921783, 51.48654435329681, 56.65887896463903, 41.548552993886304, 39.37019797763679, 53.74354880415566, 28.162483262519217, 10.594795808455503, 74.82173047133946, 83.403937693936, 55.21287498311261, 65.38099719152008, 64.69740099378615, 4.783125384015582, 25.546620751703855, 76.95169571899764, 70.53797697377044, 72.43187288725103, 13.169320004473045, 20.801100314938395, 96.03461430829418, 36.86964156764205, 51.374154345289114, 30.370656198604813, 29.22366864354554, 17.314419706863216, 22.25777370897301, 34.55054536289023, 40.70311389127862, 41.956699131538784, 45.285538262380676, 46.61061218923711, 40.33729136766241, 29.59345131472095, 32.60946094588909, 39.95392986807988, 17.493334100628925, 68.21173935497642, 53.42580240397239, 67.98938727210205, 82.1170563848435, 50.35753130539731, 42.95989856055201, 43.439891178162114, 29.84214873872071, 25.169171890492418], [87.23869777579436, 67.32707821979545, 56.192958546762505, 23.41717569555258, 25.366013053794514, 25.973238694277477, 36.26742835966096, 68.64245806181655, 93.02338808103853, 11.387350751186545, 77.68626560599608, 18.359940783598095, 25.360070056172603, 53.18150640783279, 91.77931010376363, 32.92463044945896, 68.79565127658924, 0.0, 101.74743826727122, 71.89487218125979, 39.05807109481267, 76.9137246160171, 85.63485361831187, 51.97510243474458, 41.37553002443346, 76.7729576363893, 74.36222180322119, 43.62838881516326, 75.23786401452695, 85.13176786327216, 46.11138038705508, 58.870924609092405, 36.674896456857326, 84.00397624723666, 50.09625973151526, 96.80246057067713, 83.6458676603382, 38.56621812951289, 35.54818462168741, 26.315809446868165, 27.299043491985024, 62.412950988735204, 50.34685637382899, 44.96095611141407, 96.68703853951043, 97.67471238017272, 86.61373937686594, 52.382335346616735, 68.890554209227, 93.06227943263357, 76.45732388159803, 101.1749049574279, 95.86091975077494, 78.75633752590984, 64.66284196738175, 61.788689166083515, 28.674513696728802, 85.33186522357009, 94.38695375137463, 72.72137495872728, 46.2143550578756, 78.38799634847385, 3.9776646019397277, 71.2083407853991, 63.40596845778503, 89.5935108727025, 71.6863282872644, 62.10235686358442, 99.58345374667267, 91.2250942926592, 96.10090512489586, 62.415436791104256, 51.53662345977585, 92.99814893272848, 29.348914950135665, 58.06628467788283, 41.311454703257795, 94.16232766356332, 39.79827013370091, 77.40270219289262, 98.32420705933444, 101.60249013882792, 86.28265724106468, 18.38415104784995, 74.03761826972534, 22.904912857402977, 46.215568250879166, 36.084912845055904, 29.258588766270638, 85.47397221117279, 97.27515320814163, 66.1826235570426], [38.411369666664314, 50.18270002519988, 81.80982057072654, 112.00384177692119, 77.21061536844279, 110.76493682827017, 89.0804191600768, 63.45926438495404, 28.62383349886723, 90.39763996131929, 50.82724463992397, 88.91148643868937, 79.43460138018251, 76.3043554482337, 18.043267927691485, 69.51123935123483, 48.90073121596198, 101.74743826727122, 0.0, 69.69124564684252, 70.66604467158673, 52.14294646251477, 21.720263150421534, 52.495514835730084, 72.58579794325449, 45.68346558165635, 75.99692668875153, 58.22287342319673, 66.55151149188936, 40.39388827905768, 64.42501652702806, 53.69337052262377, 83.21511089933776, 24.0328605549053, 54.53583732340734, 32.02127456071678, 23.425028016772586, 73.09743258945426, 96.61465174707592, 79.21577294499266, 74.60626555919477, 91.69816649053578, 58.75749632489674, 58.34056313135492, 10.012530892720042, 10.164116274255687, 48.19041322609594, 57.324938131830706, 47.517013737906986, 8.746269287150623, 26.891352863869756, 8.610139792155895, 52.17794086676495, 41.34226932348482, 70.27274489946117, 82.60901521648606, 76.89704080122752, 41.8172603372542, 32.07531652538609, 49.734388196069816, 57.59192699470247, 62.264226846560526, 104.8012139291095, 62.47211549392342, 62.06948786234008, 43.404750347381174, 92.1035594673466, 40.904332450943556, 7.06759787987743, 19.943992988192996, 55.27093806876388, 66.21509564109631, 52.2251522343738, 71.32439409053065, 80.57545463972738, 46.77383187482867, 62.617146722809885, 9.327565814273212, 86.0838544779473, 75.26407365819188, 59.569934095718935, 16.42078082096502, 43.84018431804158, 108.10085697265941, 39.642133136114246, 109.31980780098468, 91.40697511561908, 69.03223384848953, 84.33400058614302, 18.480201425613426, 32.62226507394979, 73.69805719601214], [86.43279874236578, 78.63773831034496, 19.34581033806467, 66.33566695809502, 61.403773333041826, 63.22913593248607, 38.495574809428064, 7.377608344502067, 43.75246453329161, 64.76281083580574, 19.158323335308896, 53.54211628546724, 48.50308932208182, 89.69744958668947, 51.83894463503071, 58.270881140180634, 22.535839231296105, 71.89487218125979, 69.69124564684252, 0.0, 35.02936205397363, 17.77093364195003, 48.2121697989173, 61.09283124335557, 76.05927543257624, 24.009791720730952, 104.59841182659139, 47.767389611025145, 4.51923493344486, 86.2620428553031, 71.39142020926332, 73.27236616007349, 82.64952068624872, 70.71289620395291, 61.524304882928284, 43.70491513357572, 46.79135777228996, 73.75471186050758, 44.00787234335722, 67.69069781191362, 57.549855083787826, 107.29575129878236, 30.203006028516025, 41.21916659873588, 72.45549820326626, 60.15862599066027, 25.311763785285876, 69.8328745340569, 77.60332187606532, 63.076371494543, 61.82862128279861, 75.37402356388743, 30.252545309025756, 28.36232553632946, 93.61225070259525, 100.6931764666108, 67.09170850215116, 87.52569697616087, 87.22832266703028, 20.20433555179625, 39.68052679017465, 97.63381151151049, 72.43492645944576, 92.50626853555853, 12.52740279804516, 30.71456892320302, 113.51985520036153, 57.806508763058645, 72.98059501193723, 50.04055799191326, 28.915681372287988, 10.650123390339528, 39.09034257728655, 21.116798703963344, 42.76876763374128, 61.92637836970744, 60.85296795918252, 68.51963555915313, 34.24711587216481, 7.679171346115224, 29.290295141407526, 58.06515584779398, 28.43230968301063, 65.38386478621177, 75.18427207867069, 63.659110993395174, 96.24054729222838, 64.4361243511179, 42.71924765636944, 65.91315705913293, 43.640542638320284, 6.8347051556334675], [70.11817435923253, 55.47541274902326, 25.596984601236098, 41.981492737237346, 26.713781668112144, 40.34126908156742, 19.45179479004457, 30.414567209625442, 55.89546273556109, 30.347618883554635, 38.63618362319235, 21.42200035290583, 13.993911876685951, 58.56203390010141, 57.08161258981988, 25.08874465215482, 30.085452429081997, 39.05807109481267, 70.66604467158673, 35.02936205397363, 0.0, 37.85568950181037, 51.13850655006815, 35.57227596600827, 43.94889065918288, 38.01481806248042, 76.52069733587022, 19.804219413112214, 37.60360088315818, 68.93709672543623, 41.37689707299638, 47.895141587373836, 48.829538327301826, 59.65318142329367, 34.974876525902665, 59.07580526952089, 49.10692204029719, 41.19973802247255, 26.713033038317512, 33.151924007026096, 23.01063097306996, 75.12048498874115, 12.534027558616271, 14.797423409357032, 68.44868188406187, 64.26576116376559, 47.58981475345492, 42.5136448407372, 55.50883658074454, 62.05809907401246, 50.346229785596385, 72.6287313278348, 56.80488470166779, 40.418680505192114, 65.14354037111899, 69.70272327409397, 32.89757911010412, 69.7899075757932, 74.37078687199045, 33.76607084181715, 14.