instance_id,num_cities,city_coordinates,distance_matrix,best_route,total_distance
1297,78,"[[49.04968546810811, 27.045652156103827], [23.814238183061022, 51.86615021467495], [8.112509219864316, 30.678057364209632], [41.517100329089416, 88.2313401819065], [69.03432481004236, 81.99949628973884], [80.78505514208348, 88.33737192728587], [58.957513232163535, 43.46474418091001], [76.68425231141642, 76.44954672481799], [32.21900582760736, 56.25950104822102], [89.47852365169025, 39.17456560886578], [32.83566951870704, 87.82822756976242], [15.498192593872673, 47.62072487383199], [51.92018316366468, 62.47861115973086], [34.25927013253766, 92.1272521955622], [64.62001388305677, 97.57023275496681], [40.95689925409089, 63.568694442958886], [61.35859296022743, 5.03001979188663], [46.70746105953588, 87.46997561853817], [17.289420109557806, 81.7259157615735], [1.216799918403555, 69.79628651629707], [49.018228945905975, 5.7567864541995135], [79.75677338379377, 84.98852268511583], [41.516383587004526, 8.505159239556592], [96.63527843881988, 74.72381683346396], [57.49506663269413, 72.61962722391439], [28.035739162826378, 54.09415565431724], [53.0571830758479, 35.337115824098156], [83.24150180349655, 16.09400262055494], [56.16211847690615, 62.37700748915481], [32.15191581982387, 80.62722337210525], [13.818458171761371, 85.27561522829512], [53.25094900042179, 97.31553575509172], [71.0108888422728, 11.640725192741897], [51.80824584981695, 1.896866415330667], [43.41134751115933, 50.4122206331172], [87.35065032016824, 26.30076301879729], [47.542927769459666, 22.009663299253223], [99.96874800760354, 3.7983741311616637], [42.4509549964568, 33.69471063007238], [11.203348608610908, 97.0761681719564], [87.77154370790177, 18.757747208547514], [51.30558106604954, 51.94383130996288], [38.01606128507721, 96.27702434329926], [32.04169133590257, 44.67281539735646], [31.059487875235526, 93.97596142441785], [68.28395583135769, 34.67589760106061], [24.880217448398977, 32.937278781076316], [92.97352401809778, 27.924549662879706], [80.68981048684344, 87.26211510475834], [94.63924223634184, 11.679578856605389], [16.064695322989643, 66.3495782326549], [26.71165155642552, 57.56718633060491], [64.0187174059468, 64.71645387338164], [91.95793287039247, 11.539009800989032], [50.08938139573288, 22.02646723154761], [72.05892199988725, 88.28246523717222], [85.8855542243367, 81.75331844647407], [93.83084288118067, 3.0489337926489], [66.94307588612905, 28.472393274416653], [73.41013812132312, 68.01197588211916], [41.96216374765034, 82.21895772928308], [41.943262000540656, 84.49123034224412], [99.94068818207286, 22.78448526855029], [69.88577595606958, 77.42409696347642], [33.103727037099496, 89.7909346263055], [18.869485518691487, 89.85326325670998], [9.013175276442931, 68.95405917060022], [32.18674162613352, 10.615730142796032], [29.39605524467127, 92.77822676090676], [18.246992245879646, 15.68722190036812], [36.645954184995944, 22.58558195973498], [9.534396587654935, 29.729780891427126], [59.96295699132194, 65.20249875276491], [99.6757174787226, 74.12712297653822], [98.04056302648179, 10.801962842367708], [31.983891610831282, 49.91013274656441], [63.47277660920232, 19.790220816356495], [78.87147781085523, 10.384265022064055]]","[[0.0, 35.3961145262008, 41.09801414637513, 61.64761356344151, 58.474873190893184, 69.0203491794484, 19.176851512207147, 56.60754440155393, 33.71528947306582, 42.20902152880186, 62.90799462011586, 39.35779835597607, 35.54904134815607, 66.74107468039983, 72.22292984637828, 37.40890009868227, 25.22295129531671, 60.469702174502274, 63.2348454857698, 64.15295533496544, 21.288888942039858, 65.57668406837522, 20.01250895865826, 67.36168083840934, 46.34988313358043, 34.25211644284374, 9.209147997166195, 35.90290979659481, 36.040135584858035, 56.18291015123645, 68.05856284256676, 70.39536317317537, 26.825477225725887, 25.299626076581628, 24.0372081845568, 38.30820758565484, 5.256567561513863, 55.97487709204912, 9.367668996487467, 79.6028792640638, 39.59888475654844, 25.00016780196631, 70.10509081039936, 24.49466775310304, 69.30594136279197, 20.69245761036772, 24.87718731375851, 43.932630854445485, 68.02293672907604, 48.10949900975446, 51.31089728220073, 37.82263617735706, 40.535925044070424, 45.624266046316656, 5.125737500966269, 65.41691097950948, 65.9530892222996, 50.805457890558955, 17.950181360376508, 47.662053387304, 55.6266717682208, 57.883466617336865, 51.06908752343584, 54.517248353452366, 64.73981821529044, 69.68242591322257, 57.95892275413683, 23.543602366268527, 68.60784609019272, 32.83016673148541, 13.181228163573872, 39.6063454811657, 39.686829522406, 69.13508524443417, 51.613598270811806, 28.531137247761716, 16.14518014734113, 34.1605198989166], [35.3961145262008, 0.0, 26.371946668261522, 40.44525150761364, 54.34036050884522, 67.644837187984, 36.13354956990875, 58.305932613306275, 9.483757204053303, 66.87955372093958, 37.07637025164506, 9.337036498061394, 30.04277734436444, 41.59393014781112, 61.26968656136715, 20.756212805113186, 60.02667480890622, 42.3288558439834, 30.56433950550975, 28.84673298520567, 52.54821192742356, 65.01275876899734, 46.83525904963753, 76.32415624942443, 39.561408127449724, 4.773371844015034, 33.59105243792521, 69.36314731114965, 34.012695867123206, 29.945219944786395, 34.87273964761885, 54.149483744042925, 62.01297164015634, 57.276468018426215, 19.650969575203316, 68.48696729839548, 38.137390057768926, 90.05565203934239, 26.029376292173623, 46.935916519832496, 72.01877032839407, 27.49145263282042, 46.62636078753598, 10.928634460729704, 42.728560041524254, 47.67662501309319, 18.958862981303415, 73.1861124407769, 66.99033553717132, 81.43182250609685, 16.426353876989563, 6.395061927087898, 42.208179938306095, 79.18232997067834, 39.75914776978948, 60.445822985573564, 68.89187978282919, 85.35482149619716, 49.06490095167284, 52.15784674590781, 35.364390653830384, 37.323683605789135, 81.49220591866872, 52.685816258119466, 39.04592009209106, 38.30758849340607, 22.606815247877282, 42.09151897960838, 41.291096970582096, 36.60476855953081, 31.968806873052223, 26.342602809994254, 38.530352500439584, 79.06019826202379, 84.82814853755197, 8.400550069217608, 51.00651837621968, 68.93508855847872], [41.09801414637513, 26.371946668261522, 0.0, 66.5450754772156, 79.65775359744013, 92.76796584328466, 52.428177469363774, 82.4446067908757, 35.150155613558425, 81.80842839751669, 62.268584452241456, 18.482486338226156, 54.13305384022007, 66.78066076077737, 87.56518264566424, 46.48169493646286, 59.10133048415285, 68.66507326518266, 51.866169517660424, 39.721362750609096, 47.89934916129436, 89.90287665566802, 40.09309459223532, 98.8752223634206, 64.78990861953679, 30.744897958720248, 45.18551243212136, 76.53143262344814, 57.563776707041754, 55.43295278588805, 54.89491031201179, 80.48622411393325, 65.7162550312433, 52.32278998744253, 40.440637787241876, 79.35895482438042, 40.37200716662035, 95.7083380638237, 34.47069850290856, 66.47001133567561, 80.54598419395917, 48.14431012094364, 72.0933207366715, 27.721093217058606, 67.32895727564318, 60.304110256923465, 16.91922340557326, 84.90567494135642, 92.02836654849199, 88.58790951427109, 36.54715672780396, 32.694852075320675, 65.45316303022497, 86.00208258387563, 42.85916249173312, 86.06632043852993, 93.0447678480051, 90.06109701200255, 58.87189930986448, 75.21703139618404, 61.66249688500209, 63.56396321557602, 92.1668212099385, 77.46695231825363, 64.17860411532884, 60.144970957789454, 38.28659704946743, 31.33792653463428, 65.64617559682021, 18.095106910669557, 29.658820606191046, 1.7090909734462256, 62.2929047909346, 101.34911153650775, 92.09839300925441, 30.654781368790484, 56.420777999880215, 73.6116135109601], [61.64761356344151, 40.44525150761364, 66.5450754772156, 0.0, 28.21406602089645, 39.26809796675123, 48.04389784089286, 37.088262774273744, 33.296442136491905, 68.60659777776372, 8.690784814591026, 48.23075404173293, 27.774578026545104, 8.23736787937296, 24.919059556356643, 24.669007278146815, 85.53446407427968, 5.245905118329325, 25.08587322993856, 44.316649431623624, 82.81496811030269, 38.37692614903093, 79.72618094557168, 56.749156338616096, 22.33877768996922, 36.70278553960046, 54.138456574012146, 83.33499354315623, 29.71402153087613, 12.063551440172557, 27.855898609829683, 14.83933333588832, 82.07317384674992, 86.94566715300057, 37.86652843650177, 77.04615949247922, 66.49527115135072, 102.69138655437162, 54.54462436770237, 31.577753649434655, 83.46288787785691, 37.58454010985403, 8.774412117776563, 44.57721903612232, 11.931568692125632, 59.871946548526296, 57.742697358060695, 79.27592649454513, 39.18469877839535, 93.1779701582951, 33.565405205333775, 34.05130900239033, 32.54646907386991, 91.79319760589874, 66.75754043595896, 30.541864460803502, 44.838872272386816, 99.96384355391262, 64.94314412252743, 37.76226360143632, 6.028832739689768, 3.7643107447384674, 87.73030511553675, 30.35750751974084, 8.556704095700022, 22.70561805062209, 37.79045788313407, 78.1744108725425, 12.945806714947894, 76.18495276266894, 65.82623821335164, 66.6732763408987, 29.50554465811767, 59.84441236852288, 95.86558459891741, 39.4892011538394, 71.87655070276102, 86.34533356234378], [58.474873190893184, 54.34036050884522, 79.65775359744013, 28.21406602089645, 0.0, 13.35096741563559, 39.83050654542271, 9.45110210237114, 44.92120954306328, 47.45460940834325, 36.66492538156383, 63.62403144044219, 25.960716487632727, 36.21982699449822, 16.184374409586685, 33.586251391979786, 77.35125837233475, 22.98727885201946, 51.74562791934812, 68.90671238132519, 78.82635914913578, 11.131270466977428, 78.47709645240678, 28.543793594551992, 14.870656440638674, 49.59427447852239, 49.32186947708637, 67.41941837410178, 23.467760068056723, 36.90792903811078, 55.31297211248008, 21.993090206970972, 70.38652907803538, 81.93393136631703, 40.67300024668057, 58.633068043386395, 63.72330977736737, 84.09728916812075, 55.1364477299016, 59.76393430368001, 65.9590948912632, 34.894861399878, 34.14645632308554, 52.55222200624625, 39.818638316087, 47.32954728762193, 66.00519967222918, 59.137002895147006, 12.78849104289917, 74.83650569214413, 55.23315655644793, 48.8686652290771, 17.99610715676089, 74.09569463022694, 62.8941578796158, 6.9730830308572695, 16.853027511509413, 82.75299769228421, 53.567938911952574, 14.656004547241343, 27.07305058377319, 27.20541164431777, 66.79536531170011, 4.653949725645276, 36.76566832893872, 50.77590724643478, 61.4224862811992, 80.33297240745235, 41.077651402034995, 83.52646816233795, 67.66845474634697, 79.19826138426122, 19.090019391284674, 31.636516974196837, 76.87945515193486, 49.01491459602083, 62.45738365728617, 72.28769555521843], [69.0203491794484, 67.644837187984, 92.76796584328466, 39.26809796675123, 13.35096741563559, 0.0, 49.89984275219845, 12.575252359314206, 58.203530358132774, 49.9255237311539, 47.95208868898264, 76.94296438703479, 38.75379133406368, 46.679887137849306, 18.61596835970025, 46.90169917775736, 85.54240090571747, 34.08863145993561, 63.83891462748123, 81.69993321636346, 88.47985275561817, 3.5031635161970773, 88.96747016926756, 20.893981450382547, 28.09752770846307, 62.88949194417786, 59.815232477396705, 72.28511976187824, 35.78029530031738, 49.24051818453242, 67.03655319204121, 28.96091204950585, 77.31694476102759, 91.16806716127496, 53.245761547445085, 62.3830737051907, 74.19167044960601, 86.68827037339999, 66.74821096941048, 70.12831413855724, 69.92950163186332, 46.83512774045028, 43.49971167752434, 65.44088181020416, 50.04423774548862, 55.09837847741766, 78.7052806244022, 61.63008897845515, 1.0794668956220035, 77.89965172264881, 68.35340552357745, 62.21524971413069, 28.96649531426713, 77.60684004656785, 73.07092765464033, 8.726305882786527, 8.328556365076482, 86.2804164175126, 61.444414382682176, 21.622005583571095, 39.30205959644193, 39.031752452875985, 68.29435720801365, 15.423808129329997, 47.70347884981887, 61.934123779316714, 74.3432280229439, 91.6648770155239, 51.58052444585578, 95.85955147893822, 79.19316963751919, 92.25782390380901, 31.125265110535473, 23.63870340689482, 79.432312155156, 62.11446106227111, 70.69955384176511, 77.97659042545737], [19.176851512207147, 36.13354956990875, 52.428177469363774, 48.04389784089286, 39.83050654542271, 49.89984275219845, 0.0, 37.44642142107186, 29.64209138230816, 30.821059508214283, 51.48270949924091, 43.65758497514165, 20.27439646404529, 54.57144764878706, 54.4009908683542, 26.985012872454206, 38.509651033483905, 45.67848697265834, 56.56984386755115, 63.46132756050807, 38.995890142968044, 46.441720512073395, 39.06872896026884, 48.956548224579414, 29.191539104808506, 32.69771398532523, 10.043517245466342, 36.59056701523468, 19.117738759542227, 45.821282307116306, 61.52790610354853, 54.15230953982437, 34.03016379857231, 42.178199179652395, 17.027938738405766, 33.17789147959208, 24.302536018362467, 57.055607005182516, 19.181241366847736, 71.79585657432544, 37.95634402374788, 11.42133899404444, 56.81268648464724, 26.942919374396823, 57.70340445967327, 12.815083135126116, 35.66636532755858, 37.39768222025282, 48.89276473883352, 47.78579830264423, 48.61593831003832, 35.19480742661225, 21.846074076177022, 45.91601258816443, 23.20007501767781, 46.69341529997475, 46.80955362920878, 53.38152161702486, 16.98645921326281, 28.485872821095064, 42.317029336351645, 44.41460696346327, 45.90526917094713, 35.674424558407594, 53.05218357243306, 61.31023297951134, 56.07264995056752, 42.376077398202305, 57.49521164857047, 49.284249644492526, 30.55724271221781, 51.29613704188792, 21.760994714833906, 50.97208677767755, 50.93468431230911, 27.733000146631653, 24.101258471349954, 38.61196817853538], [56.60754440155393, 58.305932613306275, 82.4446067908757, 37.088262774273744, 9.45110210237114, 12.575252359314206, 37.44642142107186, 0.0, 48.834374054440026, 39.4096129938261, 45.30091158796028, 67.63752562797309, 28.433187674238106, 45.22907871829342, 24.32342959453771, 37.97841639655164, 73.04536030352916, 31.938344771768683, 59.62873604646481, 75.76016263244126, 75.91360354732282, 9.074937806439623, 76.50633164232104, 20.025523393765482, 19.56765520944914, 53.539157086039026, 47.4180385004358, 60.71070107504136, 24.88361584779894, 44.72786576139884, 63.48234052110522, 31.376889620811287, 65.05667069124813, 78.59337019625866, 42.24959815018995, 51.27058175673797, 61.7488275471586, 76.29128796303675, 54.771294074021874, 68.65279500544489, 58.74752558139044, 35.27898867845107, 43.455239798680616, 54.79707021648281, 48.87529377997995, 42.60989019074894, 67.65334795630365, 51.18608905352322, 11.530660487049996, 67.2125762105089, 61.455187356445414, 53.421010475979045, 17.265029461373533, 66.6833046688405, 60.57358120957269, 12.704788113572215, 10.6204496782457, 75.37675733928356, 48.95608002436399, 9.050548351085242, 35.19814679167723, 35.659572111610416, 58.48761091471376, 6.867971237700343, 45.57691097829397, 59.348183427671, 68.08492491549615, 79.46143632569309, 50.02798590333502, 84.30286757898058, 67.11476750368901, 81.80366521891827, 20.151868530423595, 23.108464306526898, 69.03402984732791, 51.985216562706924, 58.17922569638968, 66.10147806100579], [33.71528947306582, 9.483757204053303, 35.150155613558425, 33.296442136491905, 44.92120954306328, 58.203530358132774, 29.64209138230816, 48.834374054440026, 0.0, 59.75405760626975, 31.574748903194653, 18.820575150314312, 20.6594704435003, 35.925732432360626, 52.50144642917974, 11.391887008492658, 58.93704512488451, 34.40943268802917, 29.52000691167001, 33.82870574002775, 53.223473005278144, 55.54454094183495, 48.6509855478765, 67.01035095072416, 30.10868609400037, 4.710460769772753, 29.529236944013377, 64.93506263608649, 24.71227485262897, 24.367814680907895, 34.35862389773719, 46.12960675614163, 59.1239828383117, 57.784378242539454, 12.627715573857035, 62.74571068025095, 37.521646679091816, 85.6866232434431, 24.77624972446176, 45.90923832341567, 67.02586072549171, 19.56840207125843, 40.43523244213035, 11.588042319603394, 37.734279709451165, 42.03013866902279, 24.449618940852723, 67.03716096739394, 57.537648393486045, 76.7049892505879, 19.04655888782632, 5.660476293216704, 32.90504076205601, 74.62346642723692, 38.61671823497387, 51.11447110223424, 59.41408202062843, 81.40873990411491, 44.473412280396715, 42.834916182476675, 27.727648970492137, 29.859532766736884, 75.54338450432525, 43.20562107141222, 33.54310315728133, 36.149004852120875, 26.451131875438154, 45.643782308717775, 36.62767229393746, 42.91068630049259, 33.96366733050025, 34.90583830775493, 29.1496832593093, 69.78294820480852, 79.99290700944248, 6.353719896644169, 48.02922640121058, 65.42927802294119], [42.20902152880186, 66.87955372093958, 81.80842839751669, 68.60659777776372, 47.45460940834325, 49.9255237311539, 30.821059508214283, 39.4096129938261, 59.75405760626975, 0.0, 74.66988513809041, 74.46090913864444, 44.200763333354956, 76.50590157603102, 63.466522272419105, 54.30857718405116, 44.23325119342304, 64.51209517031943, 83.79668292978583, 93.42281128131202, 52.47650342114042, 46.83408044635687, 56.9296000919588, 36.26249304326301, 46.27649154074205, 63.228236831887905, 36.62294458658552, 23.908425907872516, 40.5997064395615, 70.74364141846857, 88.59882778254017, 68.50408436478489, 33.153671041297734, 52.99694978802079, 47.41803041045447, 13.048472632574919, 45.31255977426454, 36.898776815832, 47.345760361528704, 97.36323026378497, 20.488051496422752, 40.25205202460909, 76.87051337380765, 57.699397373010314, 80.09979228676879, 21.66674223170448, 64.89872811778592, 11.780402639389267, 48.88408632278881, 27.9751195317722, 78.28199985296123, 65.40618265605379, 36.06369074551037, 27.746556811324457, 42.96000239313574, 52.10593370827662, 42.73007866260058, 36.3868651685777, 24.947603064634997, 33.01195608897558, 64.11414938643806, 65.67496633269536, 19.444578170348468, 42.97560251016374, 75.76367537181724, 86.9135585587708, 85.79912893464187, 64.01527451196276, 80.51866553031826, 75.00390910411329, 55.375759813877124, 80.50010813899188, 39.35253459468562, 36.40966943665514, 29.636347716966988, 58.48833315526954, 32.43534649533979, 30.682092975349175], [62.90799462011586, 37.07637025164506, 62.268584452241456, 8.690784814591026, 36.66492538156383, 47.95208868898264, 51.48270949924091, 45.30091158796028, 31.574748903194653, 74.66988513809041, 0.0, 43.78620078474972, 31.7304540339453, 4.52860369660803, 33.24381463821683, 25.582793435146225, 87.5733999161796, 13.876416865054411, 16.701020330980825, 36.399228191771385, 83.65163881479032, 47.00695599323724, 79.79664132063479, 65.13152600012498, 28.972183046933893, 34.07384538642112, 56.25145707301673, 87.67295453779249, 34.52372842829975, 7.233393434302644, 19.187760608789404, 22.51205572398797, 85.2166819868672, 88.00089478234396, 38.881905046989694, 82.20408764686799, 67.44172927709877, 107.55401664423817, 54.980827304418895, 23.526192070521958, 88.25350718390746, 40.35873545463201, 9.910531054065787, 43.16271540490721, 6.399175945251206, 63.8885841414991, 55.46445236874813, 84.88234310244646, 47.857489394255765, 98.0729233861404, 27.250650502691638, 30.87449129751514, 38.81412834175987, 96.5167693802345, 68.0261878774879, 39.225882616722636, 53.39658030376862, 104.44108304141781, 68.45750677616739, 45.15497019523656, 10.712460270836312, 9.699679959236642, 93.45465179624377, 38.48319530252848, 1.9809275158295738, 14.112231044583337, 30.393181220178977, 77.2152243169639, 6.027722484195858, 73.6013193058541, 65.35381454386415, 62.59695541032927, 35.32440134131364, 68.22984888134849, 100.91939157176353, 37.92766062684833, 74.61771032302576, 90.09363451543469], [39.35779835597607, 9.337036498061394, 18.482486338226156, 48.23075404173293, 63.62403144044219, 76.94296438703479, 43.65758497514165, 67.63752562797309, 18.820575150314312, 74.46090913864444, 43.78620078474972, 0.0, 39.335965501697295, 48.299161531559925, 70.05645340961881, 30.04136278847611, 62.587095164575246, 50.61601745570572, 34.15219673025784, 26.376385478486466, 53.63004919860147, 74.33382486055595, 46.97843906990093, 85.54416574602034, 48.874150097383705, 14.110116230506987, 39.51663975228421, 74.72007868508963, 43.25855689738296, 36.96992616172098, 37.692337090388364, 62.40869206141405, 66.15300312017877, 58.387423301448855, 28.052391449046755, 74.94875886103269, 41.0218420777318, 95.1613007294341, 30.337852162728133, 49.641580924379696, 77.82357458353118, 36.06741352600019, 53.61426944813116, 16.804092385756483, 48.89746278176953, 54.34984225998922, 17.424866700489023, 79.93976668238439, 76.29801349277508, 86.9199155288555, 18.73741907196371, 14.989121302328769, 51.44419576653078, 84.54573937077306, 43.03041211731038, 69.6598395082568, 78.22668739818201, 90.12573806198941, 54.89293779708868, 61.39704025812124, 43.55891970593384, 45.37373545807856, 88.01916756533302, 62.01814421517073, 45.69771803492225, 42.366884641736355, 22.297233053117402, 40.59405503083146, 47.24775722657769, 32.05159140640445, 32.77172868562552, 18.858757631013965, 47.814579843919994, 88.25216618371856, 90.38176892583847, 16.643907608656065, 55.46257898382551, 73.50324633297052], [35.54904134815607, 30.04277734436444, 54.13305384022007, 27.774578026545104, 25.960716487632727, 38.75379133406368, 20.27439646404529, 28.433187674238106, 20.6594704435003, 44.200763333354956, 31.7304540339453, 39.335965501697295, 0.0, 34.51014002238494, 37.31899792980038, 11.017344310054613, 58.2187618353173, 25.529214035058153, 39.62005154143299, 51.22871699681657, 56.79600986167068, 35.7990484784728, 54.967013360839225, 46.361458211085555, 11.572360714533845, 25.313351404968913, 27.16530025334667, 55.96924968829287, 4.243151954337663, 26.835732131110337, 44.400955416080464, 34.86233286765442, 54.30419590510308, 60.58184815799112, 14.764757515858433, 50.63748314279184, 40.70498870802146, 75.84217033610827, 30.301472105888138, 53.4308110306948, 56.54055179701347, 10.55269265265839, 36.54664606967136, 26.687090513538475, 37.77898465566628, 32.260873161546684, 40.048096890974584, 53.65966791956913, 37.972536445538985, 66.37363701793707, 36.06383776544667, 25.68252634857659, 12.30375840232215, 64.79092828603487, 40.49355236948118, 32.73236452142536, 39.05330680337797, 72.72131702542846, 37.17674220011938, 22.19090555234643, 22.109804010342348, 24.168044173444052, 62.30242798228538, 23.369425972677863, 33.1665800815483, 42.91526758917018, 43.39288827418131, 55.49024366762052, 37.75451024831603, 57.64822543154999, 42.717161067240035, 53.563427705937706, 8.491511906741543, 49.15565974801859, 69.26446000660785, 23.567400588563167, 44.22398766988541, 58.65316003993921], [66.74107468039983, 41.59393014781112, 66.78066076077737, 8.23736787937296, 36.21982699449822, 46.679887137849306, 54.57144764878706, 45.22907871829342, 35.925732432360626, 76.50590157603102, 4.52860369660803, 48.299161531559925, 34.51014002238494, 0.0, 30.844785595862742, 29.33341877038299, 91.21568500043851, 13.29088719649285, 19.903859158852843, 39.880783167090094, 87.62239563966857, 46.05414488535618, 83.93640524846086, 64.75836605897435, 30.33891347809182, 38.53892539039737, 59.820407221229736, 90.44508864721638, 36.943359696805146, 11.691518512992836, 21.55856495101276, 19.687614190523973, 88.48029445453648, 91.92110240186999, 42.70719352287225, 84.56844167635042, 71.36478005884099, 110.0896279525438, 59.00394575545316, 23.581078996917814, 90.81105486252314, 43.6495593392555, 5.597686007801226, 47.5062230402943, 3.6954475110602703, 66.77078239504647, 59.92845386007715, 87.00201504469956, 46.68473665455481, 100.58612815347688, 31.552036819168872, 35.374633549489374, 40.45956705994363, 99.1140781825831, 71.86593403815297, 37.994684734160266, 52.658253964194564, 107.16211592366805, 71.5553787133395, 45.98192053349896, 12.55025375346018, 10.832938695104277, 95.51161187045116, 38.54128553866575, 2.6064649680807865, 15.556879383558858, 34.26896818486194, 81.53786606091947, 4.9065901530788985, 78.09911186850813, 69.58261392010793, 67.11753717889835, 37.2239421084047, 67.84774303761142, 103.35306483894854, 42.27839308663458, 78.01330059302913, 93.12445986946726], [72.22292984637828, 61.26968656136715, 87.56518264566424, 24.919059556356643, 16.184374409586685, 18.61596835970025, 54.4009908683542, 24.32342959453771, 52.50144642917974, 63.466522272419105, 33.24381463821683, 70.05645340961881, 37.31899792980038, 30.844785595862742, 0.0, 41.42520490627079, 92.59766671837959, 20.563918470889828, 49.91219778710521, 69.21964772169903, 93.12961191183493, 19.683010858731482, 92.01285265201862, 39.331105820124115, 25.94797852794382, 56.82058110286197, 63.29818243209918, 83.57712539497115, 36.19529112069098, 36.62298402358064, 52.26811344227944, 11.37191746660647, 86.16683557280494, 96.52737656693965, 51.70769417174748, 74.8065448293859, 77.4662928414864, 100.2132450026981, 67.61323464119592, 53.4189500912773, 82.14256637843279, 47.5293870153956, 26.63536524682084, 62.124744370432886, 33.75244720489542, 63.00096717553152, 75.87272342587346, 75.19602855431462, 19.09176923120571, 90.98548509523253, 57.72649503712445, 55.11159276882504, 32.859280945472264, 90.27033365128968, 76.92853690236811, 11.899578960419007, 26.502792008556504, 98.93203974588575, 69.1368790006462, 30.837587997205663, 27.368591810188526, 26.178146994262296, 82.70706173017652, 20.822944977566223, 32.46219055965344, 46.39679368076654, 62.53803554983639, 92.80626419494389, 35.548425894908476, 94.10252176417178, 80.03277997716643, 87.38851264247904, 32.70104559995218, 42.17204940088438, 92.98207229715703, 57.763324088720616, 77.78847222135735, 88.34306533966375], [37.40890009868227, 20.756212805113186, 46.48169493646286, 24.669007278146815, 33.586251391979786, 46.90169917775736, 26.985012872454206, 37.97841639655164, 11.391887008492658, 54.30857718405116, 25.582793435146225, 30.04136278847611, 11.017344310054613, 29.33341877038299, 41.42520490627079, 0.0, 61.99197961013264, 24.583331810646484, 29.830089759671555, 40.22509662191257, 58.371240707226015, 44.319739105778716, 55.06637750765071, 56.78484537432157, 18.852860908840107, 16.022586038513317, 30.715450507521272, 63.57541959274379, 15.25184609841502, 19.196904503180715, 34.75176821918466, 35.9164719552399, 59.99796897077457, 62.61921506382786, 13.383464400358992, 59.50864517544627, 42.07765251542377, 83.99338952252309, 29.911320790194164, 44.81098717627855, 64.80456717995983, 15.563825304405514, 32.840270596167336, 20.893424255745266, 31.977502048847093, 39.76885377433384, 34.59397813684472, 63.05738901146114, 46.26102482313571, 74.66106257211976, 25.047058334250085, 15.457851777995906, 23.090361802695842, 72.85735044505775, 42.5342082534979, 39.72538591063585, 48.46921278073963, 80.36351998171482, 43.669574438784096, 32.75599888449776, 18.677335927568024, 20.94577331884558, 71.71080165695153, 32.075724251275275, 27.372946390603325, 34.33267253278613, 32.39450037907491, 53.67431502118626, 31.414167065885657, 52.99410617388009, 41.20921931074814, 46.178412101004675, 19.076151268893337, 59.66053994723852, 77.73591598153456, 16.342312375554748, 49.22925437324377, 65.31537950562026], [25.22295129531671, 60.02667480890622, 59.10133048415285, 85.53446407427968, 77.35125837233475, 85.54240090571747, 38.509651033483905, 73.04536030352916, 58.93704512488451, 44.23325119342304, 87.5733999161796, 62.587095164575246, 58.2187618353173, 91.21568500043851, 92.59766671837959, 61.99197961013264, 0.0, 83.73172626114739, 88.45536984454493, 88.38384793446737, 12.361746389058847, 82.04788374982405, 20.14422664168488, 78.11318636714358, 67.69993994457576, 59.31021845458011, 31.423454233647927, 24.520877135124934, 57.58194460945582, 81.04299586474325, 93.27068136691865, 92.64097553012897, 11.69907012080221, 10.051158142739071, 48.8021287691724, 33.58618113491944, 21.890200965286926, 38.629794509109225, 34.338946900244196, 104.82386163262724, 29.767338934228118, 47.978836577162504, 94.18540027313632, 49.305496288622834, 93.96497380326902, 30.444026047375925, 45.929151791337, 39.03413075511852, 84.47374426771056, 33.93844799036806, 76.23401741049314, 62.933015314344374, 59.74568332048235, 31.283966402558573, 20.392997691719973, 83.9372784534812, 80.54834812267806, 32.532625419188406, 24.098367663476992, 64.12461722086073, 79.58865249582854, 81.79877174140464, 42.47115628364254, 72.8945489002482, 89.34623736846194, 94.86994720706386, 82.62158049191014, 29.701802477000168, 93.38817721476495, 44.40930164880298, 30.313565911391276, 57.409280852814476, 60.18866192278278, 79.01019997365057, 37.13330384600295, 53.638583297761066, 14.910845273972699, 18.31308487874793], [60.469702174502274, 42.3288558439834, 68.66507326518266, 5.245905118329325, 22.98727885201946, 34.08863145993561, 45.67848697265834, 31.938344771768683, 34.40943268802917, 64.51209517031943, 13.876416865054411, 50.61601745570572, 25.529214035058153, 13.29088719649285, 20.563918470889828, 24.583331810646484, 83.73172626114739, 0.0, 29.973577647237573, 48.80327384038905, 81.74585574591333, 33.14233929231814, 79.1352608581794, 51.529132653611185, 18.35497974511931, 38.24367342283099, 52.51813058393432, 80.18270171608219, 26.815062864406706, 16.08375439788129, 32.96212566680595, 11.82168722454674, 79.62871229731668, 85.72499649565954, 37.20405312708932, 73.44073395158766, 65.46564361221633, 99.18518832379534, 53.94346084971508, 36.78071418965751, 80.0476684033867, 35.82247390993561, 12.37354182438384, 45.24026662812828, 16.94659010193174, 57.03297116891212, 58.73877414473713, 75.40693823466391, 33.98298513363444, 89.6751910402894, 37.21626361851062, 35.97233944134319, 28.5902491786704, 88.3918365523137, 65.53083377432708, 25.364477349051548, 39.592968482455625, 96.68260141968186, 62.371426389506574, 33.040077421346645, 7.07750206297852, 5.61876464134022, 83.77343929729746, 25.261709352201432, 13.800305433899988, 27.93980927241475, 41.99640868698778, 78.2139779100208, 18.106968312707284, 77.21892265796355, 65.65986948705391, 68.6714410024671, 25.914256662411603, 54.62296133234485, 92.26630772170253, 40.34259899756318, 69.72535418026445, 83.52682653939698], [63.2348454857698, 30.56433950550975, 51.866169517660424, 25.08587322993856, 51.74562791934812, 63.83891462748123, 56.56984386755115, 59.62873604646481, 29.52000691167001, 83.79668292978583, 16.701020330980825, 34.15219673025784, 39.62005154143299, 19.903859158852843, 49.91219778710521, 29.830089759671555, 88.45536984454493, 29.973577647237573, 0.0, 20.016122844818224, 82.3287672560086, 62.5524965850744, 77.12473627179557, 79.65421911867796, 41.22400396946524, 29.64789267080549, 58.57690353075883, 93.0442104717654, 43.42196367845793, 14.903050147682944, 4.964669483225982, 39.19525241289751, 88.30588961031714, 86.97256147780892, 40.77870269849751, 89.33377600428757, 66.9425539837801, 113.61590120327406, 54.22268440651915, 16.51273797336783, 94.51306786817644, 45.21141183927814, 25.32446278553425, 39.881847411276986, 18.43036584045819, 69.3840535165431, 49.37561445343335, 92.85833607449766, 63.64164519526261, 104.35269185243583, 15.425035060124333, 25.93111361197376, 49.72875445393901, 102.47725877595894, 68.11652967645809, 55.16055364425536, 68.59613958817123, 109.76637413909049, 72.81087274074078, 57.77202728979975, 24.67766944046699, 24.808443818902674, 101.51514341495378, 52.771983981129175, 17.7520937606519, 8.279515928110891, 15.218953620996697, 72.65389657207119, 16.392809177219952, 66.04563597460672, 62.22744164439417, 52.571270017564906, 45.76083543431292, 82.73598761113784, 107.47536545681155, 35.04527844888494, 77.25886826714611, 94.24426221772906], [64.15295533496544, 28.84673298520567, 39.721362750609096, 44.316649431623624, 68.90671238132519, 81.69993321636346, 63.46132756050807, 75.76016263244126, 33.82870574002775, 93.42281128131202, 36.399228191771385, 26.376385478486466, 51.22871699681657, 39.880783167090094, 69.21964772169903, 40.22509662191257, 88.38384793446737, 48.80327384038905, 20.016122844818224, 0.0, 79.9126659877816, 79.99582158933906, 73.35297353697511, 95.5456257406782, 56.34904220229583, 31.077522678018948, 62.24837163094904, 98.04074160754428, 55.44396930936604, 32.77637241991267, 19.960245692588764, 58.863076281796545, 90.84758753852935, 84.67482300825108, 46.43405923156827, 96.49300881076896, 66.55577721099884, 118.77572012245625, 54.80492064103172, 29.050354522598518, 100.48211864373869, 53.17514601532322, 45.336686171302645, 39.76635175578529, 38.40888833527012, 75.70630832242425, 43.80118469201442, 100.85900438051745, 81.36961703911889, 110.02410843924423, 15.242696478578067, 28.276109198339988, 63.00702770161611, 107.83257160846392, 68.34094566770213, 73.21437744533499, 85.50888005521851, 114.16028227683317, 77.63766808226494, 72.21538510123979, 42.59703550299766, 43.29649047873846, 109.34585300986548, 69.0913291396225, 37.63724317901207, 26.718900143308243, 7.841735498299033, 66.79427776432145, 36.36261827962609, 56.725817088179525, 59.02605862475484, 40.92074397344306, 58.92549411631927, 98.55412011476261, 113.38064794378975, 36.634315101605324, 79.85244667830818, 97.77544321869182], [21.288888942039858, 52.54821192742356, 47.89934916129436, 82.81496811030269, 78.82635914913578, 88.47985275561817, 38.995890142968044, 75.91360354732282, 53.223473005278144, 52.47650342114042, 83.65163881479032, 53.63004919860147, 56.79600986167068, 87.62239563966857, 93.12961191183493, 58.371240707226015, 12.361746389058847, 81.74585574591333, 82.3287672560086, 79.9126659877816, 0.0, 84.98544663838332, 7.989445334700189, 83.80832107699686, 67.39804339121721, 52.69502954440323, 29.854799213785764, 35.75039081122129, 57.06912113988027, 76.74669271535518, 86.96130169308795, 91.65653546039982, 22.766155239657436, 4.762685905092867, 45.00605427196386, 43.49056796019961, 16.3196972797202, 50.98814344024925, 28.699419756920786, 98.83923640051727, 40.87596342079802, 46.243649209700386, 91.18640885974288, 42.457745323185605, 90.02854665754292, 34.748859289900764, 36.35137909605616, 49.22882987193139, 87.44259646042, 46.00387291835464, 68.97406609548207, 56.40834096289227, 60.83795719960019, 43.3272694726395, 16.304903562044775, 85.6817436505477, 84.46699087832138, 44.8943519136722, 28.936118105943653, 66.86309777394372, 76.7870541965392, 79.05167810766358, 53.693941758557095, 74.64353899604774, 85.52782839530575, 89.33736139396098, 74.79505062427423, 17.51879845093872, 89.20628214321702, 32.33392268500018, 20.887353612331605, 46.191746881686754, 60.444849099587664, 85.09220916529486, 49.281264629626904, 47.32532765083209, 20.146246006327686, 30.209767057834778], [65.57668406837522, 65.01275876899734, 89.90287665566802, 38.37692614903093, 11.131270466977428, 3.5031635161970773, 46.441720512073395, 9.074937806439623, 55.54454094183495, 46.83408044635687, 47.00695599323724, 74.33382486055595, 35.7990484784728, 46.05414488535618, 19.683010858731482, 44.319739105778716, 82.04788374982405, 33.14233929231814, 62.5524965850744, 79.99582158933906, 84.98544663838332, 0.0, 85.5104221469868, 19.754698659141276, 25.467099607181115, 60.2455583020041, 56.37490865527384, 68.98259365293005, 32.680091181517405, 47.80421943075244, 65.9389402032645, 29.232071043111418, 73.86738044222166, 87.66609112406911, 50.16483474959535, 59.17702342612684, 70.73944146519965, 83.66817878026673, 63.425383252189256, 69.61094182542134, 66.71395778677655, 43.605297526566375, 43.24022798499973, 62.466673586395515, 49.51968973039657, 51.604125662975704, 75.63576127261709, 58.57456371507915, 2.4575965344871427, 74.80433894099167, 66.36332615236739, 59.71360512603104, 25.664044495549227, 74.45602215894242, 69.60154146505276, 8.372990712102778, 6.930259811661586, 83.1394951878093, 57.95052827307578, 18.124097784694616, 37.89594975182761, 37.81678123275025, 65.39673300330587, 12.436121851941525, 46.89957242747193, 61.08131894774986, 72.53799482597175, 88.28488087984115, 50.9596057782685, 92.66133749354242, 75.8463561627507, 89.35720870484069, 27.987174034375993, 22.687757436256014, 76.40643052125728, 59.26838679747001, 67.20109461552521, 74.60951018272726], [20.01250895865826, 46.83525904963753, 40.09309459223532, 79.72618094557168, 78.47709645240678, 88.96747016926756, 39.06872896026884, 76.50633164232104, 48.6509855478765, 56.9296000919588, 79.79664132063479, 46.97843906990093, 54.967013360839225, 83.93640524846086, 92.01285265201862, 55.06637750765071, 20.14422664168488, 79.1352608581794, 77.12473627179557, 73.35297353697511, 7.989445334700189, 85.5104221469868, 0.0, 86.15685221283692, 66.07558790349012, 47.54034463691008, 29.208627954705626, 42.40962195117467, 55.82717603724033, 72.72747342856087, 81.61420210372219, 89.58226946373307, 29.660708253509778, 12.23077932461453, 41.94988299051031, 49.16770811045116, 14.788200183979344, 58.64156147661075, 25.206882452512875, 93.61465543868952, 47.37779435423034, 44.52804305742659, 87.84163340926084, 37.38808827958351, 86.10809888768011, 37.43541732427948, 29.558255853185855, 54.999545686839134, 87.96144309997625, 53.217619741797705, 63.19624390846109, 51.24707399237552, 60.54803606814842, 50.53270370104452, 16.010061250436905, 85.42403177642468, 85.63828659102556, 52.59822285371908, 32.329663101820785, 67.51498207973493, 73.7151463929607, 75.98727016285443, 60.14398157138933, 74.52947336714185, 81.71994903603192, 84.44167229100906, 68.63328677364277, 9.565392237417448, 85.14019185193331, 24.35254806894426, 14.89897266722996, 38.38400782476496, 59.622683420296376, 87.68551900642477, 56.57082435404411, 42.48811874385387, 24.686753722135713, 37.4023275079856], [67.36168083840934, 76.32415624942443, 98.8752223634206, 56.749156338616096, 28.543793594551992, 20.893981450382547, 48.956548224579414, 20.025523393765482, 67.01035095072416, 36.26249304326301, 65.13152600012498, 85.54416574602034, 46.361458211085555, 64.75836605897435, 39.331105820124115, 56.78484537432157, 78.11318636714358, 51.529132653611185, 79.65421911867796, 95.5456257406782, 83.80832107699686, 19.754698659141276, 86.15685221283692, 0.0, 39.19673193190118, 71.63434727311312, 58.73978729843561, 60.14023916810742, 42.31454097928248, 64.75302512943627, 83.48632324226188, 48.91406550935312, 68.0888081342842, 85.51741084680228, 58.51359272170097, 49.305136244003634, 72.03360935751986, 71.00373540795985, 67.96564178138688, 88.3076567737654, 56.663628039872975, 50.73173764378529, 62.45601150953894, 71.24180080637421, 68.34346625237905, 49.06764033900039, 83.03555587904897, 46.94230344946233, 20.28464620710579, 63.07582819594507, 81.0046093489018, 71.99766361903653, 34.117259078448285, 63.35769409706748, 70.31024951322708, 28.0683851040427, 12.844082824972665, 71.72972687604121, 54.96199663102148, 24.175523814874474, 55.184477954239625, 55.55734900745811, 52.04440312829833, 26.88544951930699, 65.29376740618358, 79.22385182235311, 87.81186176187363, 90.90357900783876, 69.62093689100053, 98.13278225731062, 79.48027780637507, 98.03584492217067, 37.88818626356327, 3.098437205149961, 63.937299305111, 69.24969845960825, 64.16737098378078, 66.74676426645631], [46.34988313358043, 39.561408127449724, 64.78990861953679, 22.33877768996922, 14.870656440638674, 28.09752770846307, 29.191539104808506, 19.56765520944914, 30.10868609400037, 46.27649154074205, 28.972183046933893, 48.874150097383705, 11.572360714533845, 30.33891347809182, 25.94797852794382, 18.852860908840107, 67.69993994457576, 18.35497974511931, 41.22400396946524, 56.34904220229583, 67.39804339121721, 25.467099607181115, 66.07558790349012, 39.19673193190118, 0.0, 34.800072871372805, 37.545711695765654, 62.11300315396324, 10.328988809022157, 26.57812802280115, 45.473290611265995, 25.05794150876807, 62.45881797575322, 70.9510311905663, 26.296768846823515, 55.10710533653395, 51.5791965467533, 80.87260652899752, 41.73097682490944, 52.35499549006271, 61.78808285483012, 21.58236011781556, 30.644805233461156, 37.800775194013646, 33.984302769446224, 39.44777240647779, 51.365525065486594, 57.064620358281616, 27.42988504898004, 71.36791489377127, 41.9021381460753, 34.26652332239758, 10.24783725573017, 70.13223919199544, 51.132299105772354, 21.387622069460505, 29.82354943732007, 78.48802469222427, 45.14690625330464, 16.56864361906908, 18.25974310299856