instance_id,num_cities,city_coordinates,distance_matrix,best_route,total_distance
761,76,"[[68.84096598007615, 58.62152885147405], [61.51721409054998, 89.3729481172138], [79.54102240948386, 40.2643423627159], [9.118019572192404, 16.60192735214657], [67.9806712979402, 15.242906316728423], [61.226830889061354, 31.997756931447107], [0.6396612691042747, 79.6476581858866], [73.20405352200213, 74.29831804840475], [72.8371294276417, 84.9641390625852], [48.610581909163606, 1.090418409435434], [73.59456105240294, 55.69807953813988], [2.707270091920433, 20.409468924730522], [61.26294341943935, 52.81950934623225], [12.988479416606902, 79.53626438041549], [59.97781213670395, 54.70915107221684], [41.40356166383614, 69.75242840349893], [56.19332386655822, 23.628823028699898], [88.73335392502867, 71.95982901878581], [62.243090972869986, 48.58848078898793], [17.849961633865917, 96.21177786977341], [46.09449077408847, 99.39223530079751], [36.25876740590495, 80.47993747243743], [75.25349722974373, 79.44101124071298], [41.038999945648634, 99.57017114467688], [55.63378185335004, 2.4527406463660917], [59.28832605499088, 13.880531269054252], [31.91600264596275, 68.07473331726166], [10.964426374613645, 51.881761313546384], [74.30492337863708, 29.97500904372209], [10.480235820743234, 87.8581198259232], [87.95485199053357, 77.30592467236069], [32.83361610262796, 20.436632122907174], [22.92947798884545, 15.658513529379903], [96.3823801237992, 68.84772954847308], [68.15007644127834, 93.95857504455557], [13.013394993615822, 93.01200016896996], [84.21063568591009, 36.61944421146072], [70.29104036209432, 90.99158554648453], [11.311298386508273, 99.53659474100905], [79.62233035811238, 67.29346407519898], [38.037317214586295, 98.46134976033805], [88.71374478354815, 44.314284869858334], [38.58451968768942, 70.59930102616023], [92.89291379013105, 74.51124102216166], [34.15374054682746, 34.35429225295672], [36.83987643053458, 23.017192199860524], [97.7322677360363, 85.66400866177733], [8.596031698158214, 3.233993634103227], [91.28309174898922, 94.32172762454533], [10.802629697678888, 72.35235169791696], [35.93284379746161, 69.50277829285994], [31.73885365630076, 82.94087005702396], [9.445196426308122, 10.054721157848267], [72.78854055012974, 99.47150289762749], [24.902895713106677, 5.439378093804359], [31.677069631835554, 19.165971541370475], [30.399647586087873, 44.29059635037548], [33.84044570460486, 98.95186520502553], [43.866398601276316, 83.59525545856698], [46.59306160086807, 10.106475687489148], [5.100272503579961, 90.0877402394653], [48.902043826859106, 30.930225098342902], [65.44014627736352, 67.080641532003], [45.25335325862962, 62.55362823050348], [86.95904163522468, 88.73366267569544], [71.28872602404753, 18.68238048928156], [87.09980900553396, 22.11344088332641], [31.070796960121527, 60.946333859083026], [92.84365009543659, 46.77277517840779], [22.564970591000012, 95.97326842362673], [5.481694937707971, 18.95592047142901], [56.99946577044807, 0.9393525454935991], [92.89017299158176, 81.72890097016237], [31.432000690281225, 40.417970065583134], [64.57211905146345, 16.281044420446232], [60.2256241222733, 1.3074099580913878]]","[[0.0, 31.611503105620397, 21.247999985305768, 73.0238128133641, 43.387152475727795, 27.691158957938864, 71.36887332070107, 16.272622788705974, 26.64399435208987, 60.98440053284673, 5.580611256778557, 76.37949499487479, 9.544100600304175, 59.63997331964593, 9.68825040649285, 29.609256668313936, 37.20822908753982, 23.950310008553153, 12.008080947215177, 63.349106903672975, 46.686750140414766, 39.235056918115085, 21.784659831720884, 49.49485449050376, 57.70062808139545, 45.74942397679371, 38.11582337950481, 58.26764370701782, 29.16295471225805, 65.27444428363762, 26.729146743065446, 52.48443181904788, 62.87833820271825, 29.3786431567452, 35.343799484588494, 65.56997940893208, 26.838749512090537, 32.40251975003763, 70.59536295091488, 13.836194504865484, 50.359468894320386, 24.487232749357474, 32.541044367272065, 28.826708905542834, 42.33323021440053, 47.87210587345421, 39.57275617700399, 81.83661261372018, 42.16815387783194, 59.64045585396735, 34.66043991341639, 44.36211329003616, 76.72413082227746, 41.04026954781783, 68.98474598051843, 54.202363365757755, 41.02573078226669, 53.40011657238468, 35.31877739112772, 53.373023455399895, 71.08444600598921, 34.12285041112809, 9.11713562431996, 23.913111036072024, 35.14264174608255, 40.01408628383366, 40.8194296348971, 37.841648829290506, 26.767924991429155, 59.46948964230072, 74.75130577574798, 58.88509650674638, 33.351386839437204, 41.60288735802441, 42.55513689267178, 57.958022221704674], [31.611503105620397, 0.0, 52.31168918576778, 89.67327946140098, 74.41128527591412, 57.375926014374585, 61.649474464720996, 19.074241468744873, 12.148171900294276, 89.22099644069421, 35.7751182172034, 90.63427042490063, 36.554323130897714, 49.51563829732741, 34.69796224495387, 28.098466288730513, 65.95933437180274, 32.30998273329676, 40.79092635005253, 44.19953087421036, 18.39147928153824, 26.778251758641026, 16.95077710899696, 22.87663900218432, 87.11909803059793, 75.52531326284812, 36.467049135514955, 62.93785374319662, 60.75887322041829, 51.059454126193124, 29.061344644549457, 74.66568459740806, 83.20355307352465, 40.45818087631491, 8.063673931929033, 48.64013946139037, 57.42755051400906, 8.921884025847787, 51.22434659783105, 28.553438507884465, 25.177462178159118, 52.63016640077982, 29.63711014377778, 34.71750090973448, 61.44763768842177, 70.79588503119216, 36.40448244968668, 101.09683983810864, 30.17445759892557, 53.49457703926842, 32.394191642060235, 30.46510098989391, 94.88348724410659, 15.133525987404226, 91.57211631888474, 76.2853444721721, 54.77884067766104, 29.28752568696138, 18.572372489646128, 80.65918409572203, 56.42146954666832, 59.78874806050359, 22.63484768739057, 31.365412293572177, 25.449858048498143, 71.36272694499381, 71.96047856934746, 41.65401198276837, 52.87835405139267, 39.507486655006026, 89.99187290636718, 88.54891798111568, 32.29077278406596, 57.46050766722611, 73.15571632031059, 88.07500903151812], [21.247999985305768, 52.31168918576778, 0.0, 74.2920534966801, 27.562909491300264, 20.093432900805702, 88.18429766705754, 34.61890633245036, 45.19971245618316, 49.91280865109929, 16.539668856156727, 79.35768075262217, 22.174769210755844, 77.27564194351939, 24.318135101834503, 48.208019358551155, 28.668022791321906, 33.00155803983782, 19.196606797179886, 83.2820660132621, 67.93215881844729, 59.08170349798565, 39.410585589954515, 70.70775814096316, 44.73559405400489, 33.26074559376739, 55.15034317681493, 69.55367673106069, 11.545003820276143, 83.87228324943155, 37.985146415686444, 50.741697816170266, 61.72773909892817, 33.175915249958614, 54.889199969958725, 84.90135813772493, 5.923729457394184, 51.56370204807088, 90.37972749597938, 27.02924400590469, 71.48041140720899, 10.027007034146271, 50.96709558443792, 36.75762602822641, 45.77044949724749, 46.05270954738297, 48.90859951580039, 80.02773540462549, 55.317963571697085, 75.8591258564075, 52.502946369695984, 64.08067847292847, 76.32854009874184, 59.59097137878941, 64.79276985297304, 52.30773582192167, 49.306038582577706, 74.38257893166345, 56.12705954864665, 44.66615098535841, 89.57564525326183, 32.02924840972083, 30.29766672254002, 40.895678503900584, 49.033682513509746, 23.105875312124812, 19.661904264824663, 52.698268732168174, 14.80944296951952, 79.68534949212803, 77.06382308884508, 45.327437605003624, 43.56041140501187, 48.109267010107295, 28.27130431956459, 43.482492952590235], [73.0238128133641, 89.67327946140098, 74.2920534966801, 0.0, 58.8783381759488, 54.335621697850435, 63.61325912006035, 86.23162556041392, 93.4532875329362, 42.42958153952693, 75.4038030672171, 7.456210949655489, 63.48863149047633, 63.053241285400745, 63.55217541010403, 62.187876552919114, 47.59686478389412, 96.96957636829815, 62.01139259922324, 80.08729681795556, 90.67245729976166, 69.4047575451507, 91.22856936808094, 88.89701044477998, 48.62011543622868, 50.24406083527685, 56.29562848174187, 35.328117731121296, 66.54450947899626, 71.26921213937837, 99.49985646426919, 24.02362336270907, 13.843641617577488, 101.70886131315453, 97.30793739671232, 76.50930124858077, 77.71487615646761, 96.31178390431882, 82.96366389485566, 86.83599331349969, 86.81757202969966, 84.2819923299819, 61.514152784116675, 101.84164919598958, 30.690939775303356, 28.454471893548256, 112.34792411282623, 13.378121065031475, 113.09936533950923, 55.77587046392336, 59.30880902938162, 70.0896387054589, 6.555375934645331, 104.50503237973818, 19.33299823433812, 22.70429611764651, 34.92234358996119, 85.98087356061008, 75.4689065504687, 38.03379638399128, 73.59556363815256, 42.285561391562055, 75.63254948661316, 58.457857934106265, 106.1235692794206, 62.20550639596591, 78.17631524080933, 49.480812680233946, 88.99584970699594, 80.5023619230358, 4.331759510059095, 50.37806208669059, 106.10983168945012, 32.63614014963564, 55.45502785963366, 53.34706650945773], [43.387152475727795, 74.41128527591412, 27.562909491300264, 58.8783381759488, 0.0, 18.064865883536026, 93.18145574647143, 59.285962728595884, 69.89016727099367, 23.98944094586762, 40.84283044243712, 65.47755549945667, 38.17235862619055, 84.60364684231322, 40.26947019585309, 60.643472481639016, 14.466000088767801, 60.39439673522546, 33.83559021018605, 95.2315400064349, 86.94891871893357, 72.54067424932353, 64.60875074527632, 88.52650026188678, 17.777345607042893, 8.79846188791819, 63.96766581008876, 67.77357804214422, 16.032186848302793, 92.62434514237191, 65.19805320522934, 35.528724669654174, 45.053110302493344, 60.664109141530034, 78.7158510172609, 95.23357298198306, 26.839674297571058, 75.78390469133326, 101.57186487578457, 53.33656146248246, 88.44158401418623, 35.7072175776691, 62.67746137743025, 64.2911761032957, 38.852365647976214, 32.09655162110882, 76.4479505683912, 60.58670979855988, 82.44066216565163, 80.81347160584163, 63.017433733583715, 76.78856451680952, 58.76494774685242, 84.36570445823345, 44.17922492478731, 36.514954945720426, 47.49843828508097, 90.40323446495951, 72.48132022043244, 21.99574431937418, 97.75322868048833, 24.699918962140032, 51.89995240488275, 52.48652582580149, 75.90171151477527, 4.772128314974475, 20.316143135761546, 58.74642212724808, 40.15345993957996, 92.628166540277, 62.60917281189614, 18.03270709914709, 70.99908985108175, 44.38005360458743, 3.5631389447161013, 15.948003494431687], [27.691158957938864, 57.375926014374585, 20.093432900805702, 54.335621697850435, 18.064865883536026, 0.0, 77.07994688708136, 43.963522752487634, 54.22394921265608, 33.38312916484909, 26.733238506670713, 59.65590846527177, 20.82178373092616, 67.72627439373638, 22.745713259010593, 42.64243450763951, 9.766025169645019, 48.51366833215002, 16.621820077088937, 77.4918916497083, 69.07245060103236, 54.533714563635854, 49.47332360056788, 70.5236108037876, 30.069755316622942, 18.220638482056025, 46.48303859946172, 54.05259418234537, 13.233594076561104, 75.46917949554249, 52.60434560033521, 30.656716274695462, 41.63722029765763, 50.929688040195586, 62.34640575223244, 77.76421592668339, 23.443875026409064, 59.68610984166608, 83.98246839477719, 39.801775632418135, 70.39291666199993, 30.12021407461434, 44.75213361434128, 53.01072661102522, 27.175457298825364, 25.987960494438106, 64.90541960554333, 59.97795513769036, 69.19289081859637, 64.5840025436254, 45.23729004162437, 58.862055487428634, 56.23908326596044, 68.45713640662665, 44.997508299357065, 32.21557242477661, 33.18778587635346, 72.3385561659996, 54.439750766098356, 26.33202229381812, 80.77522340993359, 12.370933689229714, 35.33498009702603, 34.47917137134243, 62.298552715975624, 16.68954713298224, 27.69676335521186, 41.80199144130127, 34.89877391724011, 74.7502877077595, 57.2504120551523, 31.344777856087678, 58.95552493618123, 30.9617812116554, 16.068789781528633, 30.70667374260564], [71.36887332070107, 61.649474464720996, 88.18429766705754, 63.61325912006035, 93.18145574647143, 77.07994688708136, 0.0, 72.76129783709808, 72.39295115835054, 92.04590783054786, 76.78541345721696, 59.27426147312791, 66.29428262559135, 12.349320557018007, 64.36571513969668, 41.947719220928725, 78.89435544042304, 88.42851012574503, 68.99025331044106, 23.88649198914402, 49.55794437599128, 35.62882836686457, 74.61412211988534, 45.04456779785216, 94.78084507308391, 88.11912882037606, 33.34879487982477, 29.62339959574822, 88.84786387115194, 12.815950524595387, 87.34658691997039, 67.39730213631546, 67.76021371919508, 96.34991786328817, 69.01056801718883, 18.213042659751252, 93.99752636534319, 70.56911008024639, 22.571079638759883, 79.9430305189158, 41.86334507508009, 94.89726791008819, 39.00878167408518, 92.39613293849554, 56.34432098595037, 67.21209158721595, 97.27882967835951, 76.82676591290823, 91.8235253246809, 12.510292723738173, 36.722300050839465, 31.273071668194984, 70.14780348373898, 74.8227612472515, 78.0741530848049, 67.98054969798628, 46.21448482053227, 38.40500612902373, 43.40661636907293, 83.35281078240115, 11.353077374464903, 68.57584018289805, 66.00782351270658, 47.77643114603448, 86.7962608893943, 93.31696220608734, 103.85347036677909, 35.718252351163535, 97.88939415606694, 27.33577762741374, 60.88458193047239, 96.8061203654563, 92.27398595804809, 49.87120007624889, 90.01492597448289, 98.4260202463343], [16.272622788705974, 19.074241468744873, 34.61890633245036, 86.23162556041392, 59.285962728595884, 43.963522752487634, 72.76129783709808, 0.0, 10.6721305837942, 77.22846247026351, 18.604337364443815, 88.73446080222703, 24.57497372828805, 60.442960273462525, 23.63617828675239, 32.12376682590233, 53.448691742291444, 15.704384800083332, 27.948853856807347, 59.53381568573415, 36.940940370448104, 37.45886523780267, 5.536019579211679, 40.905467000014184, 73.96283822800858, 61.999648630062346, 41.75447463503922, 66.15340658872422, 44.33697819614944, 64.17277874041571, 15.054293509284758, 67.31161436311382, 77.24091933080886, 23.81058040147617, 20.299467714380558, 63.03266829660922, 39.25356524637224, 16.94552523329515, 66.84073420209158, 9.500645069198516, 42.667920549602755, 33.757854918235694, 34.816588716242386, 19.690011550292677, 55.86100733254381, 62.86578754643772, 27.03353871857057, 96.04340002546444, 26.9775564917718, 62.43175858759744, 37.57845494266222, 42.35630419576581, 90.51205223386248, 25.1766138804036, 84.1103766330355, 69.0222139777177, 52.27504690608042, 46.446646895180535, 30.77549417078565, 69.48911797335825, 69.91016265274138, 49.71296773828766, 10.600618378131019, 30.31797130633258, 19.93937994280524, 55.64890825528126, 54.0032723563343, 44.198266824629584, 33.81374371250985, 55.082848454498475, 87.45912657800655, 75.1274016844395, 21.041788477400832, 53.78459237749382, 58.655897673849346, 74.1357693258276], [26.64399435208987, 12.148171900294276, 45.19971245618316, 93.4532875329362, 69.89016727099367, 54.22394921265608, 72.39295115835054, 10.6721305837942, 0.0, 87.30250065643985, 29.275859385414552, 95.31790286748486, 34.16487964787682, 60.09428202174209, 32.87440249626363, 34.9208436830715, 63.55342049435059, 20.53781957722356, 37.8869656428, 56.125733854603794, 30.38648849758121, 36.85219982707026, 6.028579790611914, 34.99224502281452, 84.28574040940693, 72.36331508281863, 44.26952273870151, 70.16177806055292, 55.0087160304075, 62.424012246575636, 16.946792709395243, 75.92153996195512, 85.4051719902563, 28.532744101671483, 10.142403281803624, 60.36263140404429, 49.664536289541786, 6.543139968392106, 63.228034524265624, 18.928594934032933, 37.325616226439635, 43.64032035915134, 37.14283034194076, 22.61631189734884, 63.70055862705103, 71.64653829007354, 24.904973978102646, 103.95544867514093, 20.683761496775663, 63.303525472744106, 40.01224780895865, 41.148048420867475, 98.1323497144142, 14.507445203112457, 92.85407028742141, 77.611528599456, 58.78160377034774, 41.42943185744254, 29.00305306230824, 79.32478088261884, 67.93035459182101, 59.0978187500345, 19.35290271901967, 35.540057730637, 14.616350867041913, 66.29984217681044, 64.44869502450697, 48.17967927021522, 43.114280053881856, 51.46349078118077, 94.30715496135811, 85.5043644462738, 20.31234407181854, 60.817315446070644, 69.1785941324291, 84.60199992039195], [60.98440053284673, 89.22099644069421, 49.91280865109929, 42.42958153952693, 23.98944094586762, 33.38312916484909, 92.04590783054786, 77.22846247026351, 87.30250065643985, 0.0, 60.051610034846156, 49.80300943320172, 53.25393038015224, 86.15500528752199, 54.810422507117465, 69.0392117368198, 23.779774144724637, 81.43899676662151, 49.415698246446915, 99.97143984810805, 98.33401201386468, 80.34465171109817, 82.75663317095642, 98.77039309542369, 7.154107864245271, 16.661368701446328, 69.03337903106096, 63.22178058655504, 38.65900619079886, 94.77635412867225, 85.7716444004065, 24.963746415710865, 29.52538727925394, 82.9047520800359, 94.901456065625, 98.5735101813628, 50.29587958618697, 92.47844144087254, 105.27528763014952, 73.10657834479775, 97.94331114702926, 58.962414335896106, 70.22824706835918, 85.74113429355572, 36.26962317495803, 24.886400228259212, 97.80404995011713, 40.071924627260934, 102.53301962779332, 80.67034390925767, 69.57712288136162, 83.5712369727329, 40.1781799461582, 101.30849652974352, 24.103274364844594, 24.768315628476365, 46.88169688746623, 98.96979181764166, 82.6411242164734, 9.239030091710399, 99.06397083444381, 29.841230089941565, 68.1024506503961, 61.55483040120085, 95.66578609344432, 28.701486900754613, 43.85644851573933, 62.37286806275629, 63.58806524135759, 98.3927288764387, 46.6827275908734, 8.39024393765565, 91.99590782270062, 42.91573105471587, 22.034649680705503, 11.617068948082744], [5.580611256778557, 35.7751182172034, 16.539668856156727, 75.4038030672171, 40.84283044243712, 26.733238506670713, 76.78541345721696, 18.604337364443815, 29.275859385414552, 60.051610034846156, 0.0, 79.18518837977803, 12.663133885233842, 65.12569529624442, 13.652612590412955, 35.125278129346206, 36.486165442072476, 22.217730437908184, 13.394113159910022, 68.91168345672426, 51.627832737038474, 44.81185077509728, 23.800816689213438, 54.63172137968918, 56.19302183667443, 44.197010114242836, 43.47739400662482, 62.74629913030241, 25.732877225357445, 70.83562832896708, 25.94449704989917, 53.896422024247656, 64.57644685182846, 26.30965589712163, 38.64593030420186, 71.15058927293735, 21.833354450303876, 35.447775886680915, 76.16442885954716, 13.068547944018963, 55.61487992829519, 18.925657128504717, 38.04930220377229, 26.95109391868275, 44.84568627892954, 49.18279413443602, 38.47838084155806, 83.53016896882677, 42.48141134315769, 64.9630004266144, 40.11202630508355, 49.94066356070895, 78.73028099888505, 43.780843546681695, 69.97724876261483, 55.60279670736863, 44.675846069678116, 58.74759281539046, 40.76783127731757, 52.98750149144521, 76.64278391969924, 34.973804775642435, 14.002042631970461, 29.158576904286765, 35.63648543960199, 37.08744870240661, 36.19833802607436, 42.846408087414986, 21.21764564932902, 65.00853745793816, 77.39088307573346, 57.21813846388511, 32.4025354645778, 44.84599471282664, 40.436457771790685, 56.00958321580153], [76.37949499487479, 90.63427042490063, 79.35768075262217, 7.456210949655489, 65.47755549945667, 59.65590846527177, 59.27426147312791, 88.73446080222703, 95.31790286748486, 49.80300943320172, 79.18518837977803, 0.0, 66.92665835795543, 60.01400841500615, 66.75614714407887, 62.706703242493106, 53.58285350025873, 100.28921539970155, 65.8678273333383, 77.30000742906974, 90.11508365939372, 68.80526261523427, 93.52902255522763, 87.95304593664859, 55.88971048140936, 56.9565002506985, 55.90283970446822, 32.537452544474604, 72.23381143157908, 67.89506244648733, 102.49076493129903, 30.126358256453905, 20.77280119278735, 105.4575333095659, 98.44913363714709, 73.33037401759321, 83.0997106008435, 97.72103760571991, 79.59353832340437, 90.07794123436153, 85.67559939484327, 89.26675705015857, 61.694378065807676, 105.16868390040342, 34.399688977180915, 34.23207612965444, 115.27317612332041, 18.156939849932005, 115.3633311253329, 52.569933592649086, 59.2797754109883, 68.94206968044539, 12.353965055940064, 105.65126447406199, 26.77217615738472, 28.996475150012454, 36.56741744229914, 84.48776619831506, 75.40900131648225, 45.07897920332116, 69.7193513592317, 47.377668060878456, 78.18959078442573, 59.885719135858295, 108.47375931488926, 68.60319913993919, 84.40973963187811, 49.47450934682529, 93.91267708229515, 78.12948267984713, 3.132129679789523, 57.67779419687064, 109.05516366401032, 35.00643177834475, 62.002446932961, 60.60734037330766], [9.544100600304175, 36.554323130897714, 22.174769210755844, 63.48863149047633, 38.17235862619055, 20.82178373092616, 66.29428262559135, 24.57497372828805, 34.16487964787682, 53.25393038015224, 12.663133885233842, 66.92665835795543, 0.0, 55.17434978608558, 2.28523702631634, 26.098252652519296, 29.627642668621565, 33.48096907965976, 4.343074012576003, 61.3805828836256, 48.98061615060889, 37.28683550853802, 30.073908276724918, 50.93753300095747, 50.68035960017405, 38.98901290659883, 33.075138566122654, 50.30725780920114, 26.305216884251347, 61.69754950889198, 36.222127473290556, 43.09150019374291, 53.389082985369356, 38.60412772338029, 41.71157306781258, 62.79693656406931, 28.089832515119795, 39.225169672594696, 68.39336889844525, 23.378675203272234, 51.2113982331498, 28.738220872650892, 28.817215256482275, 38.353438551860684, 32.80050491517202, 38.53134189770001, 49.0792497028833, 72.3362077986883, 51.221513329351374, 54.10891970123092, 30.330601866841167, 42.17781700623553, 67.18560866913023, 48.05463444391603, 59.72378007715254, 44.80942461758779, 32.02007786667399, 53.667379645390184, 35.35231704402473, 45.162026935289006, 67.40301653720292, 25.138269702243775, 14.86031341985344, 18.736596477755008, 44.160116314243076, 35.578924708750264, 40.12986747751082, 31.26677125133918, 32.15437805729901, 57.96360947646753, 65.25557703110407, 52.05504693430482, 42.848974018927926, 32.30608798105699, 36.68800979198077, 51.52254278175695], [59.63997331964593, 49.51563829732741, 77.27564194351939, 63.053241285400745, 84.60364684231322, 67.72627439373638, 12.349320557018007, 60.442960273462525, 60.09428202174209, 86.15500528752199, 65.12569529624442, 60.01400841500615, 55.17434978608558, 0.0, 53.14492397866534, 30.05229351547082, 70.65621403981399, 76.1228506237484, 58.17028510141753, 17.369708100094364, 38.603983851317146, 23.289414376696445, 62.26509067230907, 34.47011926566704, 88.09365159407939, 80.33897615185404, 22.127309594920153, 27.728475085952255, 78.84176767867213, 8.691637589782342, 74.99954287931433, 62.34256958980418, 64.64665889587974, 84.07608133122459, 57.01582965462495, 13.475758822007224, 83.15316588719546, 58.43635746629909, 20.070529408578228, 67.74921586710934, 31.39431686893091, 83.51588864123867, 27.111373841142385, 80.0622850804536, 49.89367579199679, 61.34569797195872, 84.9650452168774, 76.42859489747829, 79.67845532903827, 7.5090971776573054, 25.04225828296252, 19.056963922455473, 69.57183124612158, 63.03539518644427, 75.0486633662271, 63.196801040122196, 39.31165084182718, 28.491578641002, 31.14355955486606, 77.1347100968375, 13.174120506008629, 60.4345196335647, 53.91029490750064, 36.46137702613466, 74.54016508125281, 84.2740407190969, 93.75430567081398, 25.933679348146207, 86.31508853517498, 19.023256428113775, 61.04367191891157, 90.08019465911737, 79.93177272751979, 43.248172528724524, 81.62165601213219, 91.38436137640426], [9.68825040649285, 34.69796224495387, 24.318135101834503, 63.55217541010403, 40.26947019585309, 22.745713259010593, 64.36571513969668, 23.63617828675239, 32.87440249626363, 54.810422507117465, 13.652612590412955, 66.75614714407887, 2.28523702631634, 53.14492397866534, 0.0, 23.901944973049694, 31.30988889727168, 33.53307431710266, 6.526415012974827, 59.137330165359444, 46.790219365120414, 35.024655810263695, 29.069080867061544, 48.69486347808902, 52.43665730858193, 40.83444117516581, 31.082212608559747, 49.0948685374644, 28.58397975133059, 59.57234417570418, 35.962882755960045, 43.719708753228645, 53.82872240387472, 39.053706247375494, 40.09118588947225, 60.6033392357107, 30.240159250160154, 37.71972597737843, 66.16592224458692, 23.329638443582297, 48.94527768306465, 30.558256960253825, 26.64901175218078, 38.412584959113914, 32.88165067375843, 39.23957601593004, 48.822147904326464, 72.7308682356639, 50.48937267106266, 52.244436031314414, 28.23139934148712, 39.93079930198059, 67.43562383126442, 46.55945557482818, 60.479420396252465, 45.43401410274951, 31.35943399800648, 51.38657098740146, 33.07543911618828, 46.567694793514875, 65.29310015346219, 26.231850184924813, 13.5237151131187, 16.68368997371333, 43.424119278427455, 37.76062726706686, 42.40380922595234, 29.572250092543626, 33.81049196710253, 55.69962381663702, 65.1776057258919, 53.85222168751999, 42.58274746407541, 31.92336457360168, 38.70177046165799, 53.40231609958756], [29.609256668313936, 28.098466288730513, 48.208019358551155, 62.187876552919114, 60.643472481639016, 42.64243450763951, 41.947719220928725, 32.12376682590233, 34.9208436830715, 69.0392117368198, 35.125278129346206, 62.706703242493106, 26.098252652519296, 30.05229351547082, 23.901944973049694, 0.0, 48.43680458889971, 47.38123946209099, 29.701829244203903, 35.42413370218464, 30.008714881290093, 11.897409750891141, 35.209185949261226, 29.81997128478561, 68.7876961298285, 58.6645863083435, 9.634751523522308, 35.29733275185964, 51.62114579909785, 35.833896565711996, 47.16013079884514, 50.05488717109349, 57.16155521011472, 54.98626155024415, 36.07372434263299, 36.70162451821426, 54.13169337644235, 35.85510035806282, 42.339589907939434, 38.2977908772091, 28.905600965302195, 53.71547796733065, 2.943499771070223, 51.708796929779105, 36.13292057336285, 46.957528958821165, 58.53290966698951, 74.16897051071429, 55.602319967147075, 30.711180998689102, 5.476411156150678, 16.350583295997506, 67.71376048516764, 43.223145286763405, 66.39608736179314, 51.51304946431102, 27.73789856012764, 30.163020945175983, 14.06020720533463, 59.87128347544362, 41.61074033610996, 39.53973576310344, 24.184620008798138, 8.1635543272561, 49.35168700175902, 59.17155433818945, 66.01227274576128, 13.576204460287201, 56.339570110148294, 32.286606588037046, 62.21467453248113, 70.55828536707953, 52.86120544552863, 30.982938437602083, 58.274959944103294, 70.98584778095903], [37.20822908753982, 65.95933437180274, 28.668022791321906, 47.59686478389412, 14.466000088767801, 9.766025169645019, 78.89435544042304, 53.448691742291444, 63.55342049435059, 23.779774144724637, 36.486165442072476, 53.58285350025873, 29.627642668621565, 70.65621403981399, 31.30988889727168, 48.43680458889971, 0.0, 58.26439475545833, 25.68237133816343, 82.08835947178365, 76.4335075012353, 60.244798570315716, 58.97703418829959, 77.43863304043953, 21.183473566153715, 10.227816520527643, 50.644123716645105, 53.32805725004591, 19.19125097077308, 78.83583566976526, 62.370072227262725, 23.57681126860139, 34.205398347207996, 60.49718794862837, 71.33889507656276, 81.72228293158763, 30.88245457046425, 68.8221431257118, 88.18381947681726, 49.553195889880804, 77.0035559866412, 38.54174500720249, 50.162693188460814, 62.73659507352762, 24.510791969820858, 19.363109769087107, 74.6582086198298, 51.782731559842766, 78.9226112735773, 66.5905200693969, 50.14884668871676, 64.15559239812609, 48.678985823146746, 77.63706142349365, 36.19318721894923, 24.919144549914133, 33.04879139784091, 78.56978964474615, 61.22030794484507, 16.583694195998177, 83.82891848525367, 10.318586957519997, 44.424815767102125, 40.43294964383252, 72.00812131476728, 15.885164780136858, 30.94361334253395, 44.985975289421006, 43.346152468139294, 79.77834871395432, 50.92646980625252, 22.703786811399922, 68.71883142566348, 29.91652693188361, 11.144238835672054, 22.682701047736188], [23.950310008553153, 32.30998273329676, 33.00155803983782, 96.96957636829815, 60.39439673522546, 48.51366833215002, 88.42851012574503, 15.704384800083332, 20.53781957722356, 81.43899676662151, 22.217730437908184, 100.28921539970155, 33.48096907965976, 76.1228506237484, 33.53307431710266, 47.38123946209099, 58.26439475545833, 0.0, 35.32639168317346, 74.91736998703163, 50.701179130528715, 53.16177647911125, 15.416699515885275, 55.1097304821858, 76.9858234049595, 65.1169293914361, 56.95002524124792, 80.31895725865643, 44.39487263604386, 79.85177608313765, 5.402481281706102, 76.02250000483156, 86.60247233227358, 8.257891068705053, 30.126668230645485, 78.59202307302883, 35.62860899053274, 26.50144686773148, 82.186694126897, 10.236489252846411, 57.205058690306785, 27.645551103364316, 50.16728627086427, 4.879717356808781, 66.28054459613352, 71.3324239407353, 16.394663444710513, 105.57097547629155, 22.506791691069715, 77.93171275323591, 52.85764815049081, 58.04271119757842, 100.59251611733464, 31.798258964542306, 92.19163620853458, 77.73423290089971, 64.56320725998985, 61.170265573848425, 46.35112542818295, 74.84411503579915, 85.57519192658295, 57.18357860439453, 23.79873931636766, 44.48580752576651, 16.86741472933608, 56.060695361524594, 49.873147876937495, 58.70491931145087, 25.52023149907875, 70.39105216637216, 98.69272032646428, 77.78783796906096, 10.616680815736697, 65.40897452763674, 60.69507661222515, 76.18697380546679], [12.008080947215177, 40.79092635005253, 19.196606797179886, 62.01139259922324, 33.83559021018605, 16.621820077088937, 68.99025331044106, 27.948853856807347, 37.8869656428, 49.415698246446915, 13.394113159910022, 65.8678273333383, 4.343074012576003, 58.17028510141753, 6.526415012974827, 29.701829244203903, 25.68237133816343, 35.32639168317346, 0.0, 65.10551710380845, 53.30852427967124, 41.13696732411214, 33.48356770482383, 55.21545279913981, 46.60675364735135, 34.833495311240206, 36.04783383205831, 51.38430830121102, 22.179926316302836, 64.97305382688461, 38.545897807991295, 40.71171570274716, 51.28296900118517, 39.69796246697623, 45.75301006582058, 66.30996938857258, 25.016611627348748, 43.16008320713419, 72.03997370438374, 25.532613680291238, 55.436653422358326, 26.81350898185231, 32.31414864682473, 40.14226123222395, 31.4900576473956, 36.04461276241373, 51.32325432368108, 70.24981476065997, 54.174269826173266, 56.66429754952124, 33.61007209917217, 45.941213987967835, 65.36412089105396, 51.96429972293315, 57.06255554596857, 42.42600277007848, 32.132175422384094, 57.82024514019706, 39.53703447764982, 41.542606273274444, 70.62216534171314, 22.131369885036094, 18.766490656633113, 21.992647195413962, 47.14354511341696, 31.244173034586613, 36.3150680759617, 33.53249836381555, 30.654379874301586, 61.80348967670017, 64.03081063702281, 47.936781573531235, 45.13901955123129, 31.876018099554223, 32.391276858102515, 47.324093561414486], [63.349106903672975, 44.19953087421036, 83.2820660132621, 80.08729681795556, 95.2315400064349, 77.4918916497083, 23.88649198914402, 59.53381568573415, 56.125733854603794, 99.97143984810805, 68.91168345672426, 77.30000742906974, 61.3805828836256, 17.369708100094364, 59.137330165359444, 35.42413370218464, 82.08835947178365, 74.91736998703163, 65.10551710380845, 0.0, 28.42303178451302, 24.215179789543377, 59.803214898813074, 23.430968891922575, 101.08597395998407, 92.17142839690827, 31.457062575898934, 44.86157558180239, 87.03144403098997, 11.139859122726383, 72.60941355666299, 77.24236282117523, 80.71325716568386, 83.16328453355166, 50.350555832189585, 5.799220137237343, 89.19072424577188, 52.70025755223948, 7.335429386859283, 68.20626371914634, 20.312309052228915, 87.83521811871034, 32.95331345634303, 78.11759064258224, 63.97000651615891, 75.61788303949638, 80.57566793682817, 93.43716380878557, 73.4574495094549, 24.878446588745657, 32.254632004443195, 19.20984944723276, 86.56603548422476, 55.03520019583617, 91.04599079703873, 78.27672188065421, 53.41632435753762, 16.223552614065913, 28.914211561647544, 90.77603681377353, 14.144200571837263, 72.29047614153245, 55.79828652146913, 43.40295968801732, 69.51249632612905, 94.16214206214491, 101.42043632895877, 37.66220954743769, 89.82353976652209, 4.721037621302752, 78.23964163658097, 103.00251793675112, 76.42504199475427, 57.42317279827818, 92.58445951401431, 103.93524820794589], [46.686750140414766, 18.39147928153824, 67.93215881844729, 90.67245729976166, 86.94891871893357, 69.07245060103236, 49.55794437599128, 36.940940370448104, 30.38648849758121, 98.33401201386468, 51.627832737038474, 90.11508365939372, 48.98061615060889, 38.603983851317146, 46.790219365120414, 30.008714881290093, 76.4335075012353, 50.701179130528715, 53.30852427967124, 28.42303178451302, 0.0, 21.317046308624114, 35.331275082802215, 5.058621223315338, 97.40771888383084, 86.52357375786116, 34.37754290359004, 59.087786920856274, 74.9304998579469, 37.43542407492683, 47.329641434803435, 80.0614643273321, 86.87896165950447, 58.83739157119841, 22.71505058112384, 33.69074499583249, 73.43884397295825, 25.613354490567314, 34.783491951202876, 46.41602246385781, 8.110770225901943, 69.64180810401061, 29.756221700043366, 53.00147425385424, 66.12499944713812, 76.93370584677366, 53.431490866568325, 103.21115188534422, 45.47218607196858, 44.45976567070414, 31.56958519694134, 21.83418730893469, 96.56273716828817, 26.694167467776104, 96.31315111959671, 81.5114435474568, 57.293269392823056, 12.26195524319779, 15.953337170209386, 89.28715160981899, 42.036883328292184, 68.5195533778871, 37.66023736955194, 36.84820868372613, 42.23170239863607, 84.55075489625308, 87.48398819143922, 41.277096718178385, 70.38672801618605, 23.776619914394015, 90.10771292723399, 99.05497767654508, 50.01828919381801, 60.76966821936056, 85.14042985742456, 99.09753726613668], [39.235056918115085, 26.778251758641026, 59.08170349798565, 69.4047575451507, 72.54067424932353, 54.533714563635854, 35.62882836686457, 37.45886523780267, 36.85219982707026, 80.34465171109817, 44.81185077509728, 68.80526261523427, 37.28683550853802, 23.289414376696445, 35.024655810263695, 11.897409750891141, 60.244798570315716, 53.16177647911125, 41.13696732411214, 24.215179789543377, 21.317046308624114, 0.0, 39.00856728654806, 19.679625118246772, 80.39673270334549, 70.46872695185378, 13.143389817386758, 38.17930549161719, 63.2317782439425, 26.813620895516312, 51.79343123057332, 60.14091933739681, 66.17769230163081, 61.238526006409344, 34.622669781375954, 26.408330769206803, 64.98557178819885, 35.61867975932287, 31.393190292252246, 45.32418419085041, 18.06915679519728, 63.71404146543755, 10.150669941423912, 56.94779955349886, 46.17365358070381, 57.465683515986875, 61.69169990310531, 82.0497579905738, 56.738623741045465, 26.72213684461548, 10.981996624126367, 5.146436581727277, 75.35700817863295, 41.1716393075112, 75.89493641713821, 61.484911748240734, 36.660574135056, 18.629556999803732, 8.22078211361242, 71.12820650139875, 32.606160132532025, 51.137329173629624, 32.110652508769604, 20.056299202482034, 51.36771151860981, 71.0354562868092, 77.40451818222186, 20.210806700128877, 65.86366023008523, 20.67760564405321, 68.79268026216904, 82.20025072449185, 56.64517639153467, 40.35169029216631, 70.16511776164886, 82.72061009127539], [21.784659831720884, 16.95077710899696, 39.410585589954515, 91.22856936808094, 64.60875074527632, 49.47332360056788, 74.61412211988534, 5.536019579211679, 6.028579790611914, 82.75663317095642, 23.800816689213438, 93.52902255522763, 30.073908276724918, 62.26509067230907, 29.069080867061544, 35.209185949261226, 58.97703418829959, 15.416699515885275, 33.48356770482383, 59.803214898813074, 35.331275082802215, 39.00856728654806, 0.0, 39.69653514908698, 79.44889577935666, 67.47639012835101, 44.80324442082719, 69.94710064015499, 49.475096419347295, 65.31786210902752, 12.879557733625681, 72.67023510293875, 82.49854546486321, 23.635721045947694, 16.162247544714898, 63.70244945725814, 43.748336335953155, 12.571465505518068, 67.02564635365506, 12.90928367656078, 41.79494386073197, 37.61735197674862, 37.71988538553384, 18.31533922695897, 61.00821443441713, 68.25872558186461, 23.324253908263447, 101.24587519296102, 21.87198254725624, 64.83952050832458, 40.55714808104031, 43.65516254760588, 95.63048523404508, 20.181590805734203, 89.50656278450658, 74.3773181349869, 56.98613423297414, 45.778971799730684, 31.660822878357322, 75.0246518873509, 70.95652033359943, 55.205936896271986, 15.782287421365028, 34.42662259387474, 14.945672969818654, 60.88785282387864, 58.53875148797021, 47.89743306865044, 37.10292610106297, 55.22133977841908, 92.33932315350513, 80.59603019018783, 17.784453079651485, 58.67811603582722, 64.05679705171528, 79.56567488261454], [49.49485449050376, 22.87663900218432, 70.70775814096316, 88.89701044477998, 88.52650026188678, 70.5236108037876, 45.04456779785216, 40.905467000014184, 34.99224502281452, 98.77039309542369, 54.63172137968918, 87.95304593664859, 50.93753300095747, 34.47011926566704, 48.69486347808902, 29.81997128478561, 77.43863304043953, 55.1097304821858, 55.21545279913981, 23.430968891922575, 5.058621223315338, 19.679625118246772, 39.69653514908698, 0.0, 98.20795775051833, 87.6113707543662, 32.79011563978775, 56.37964533146213, 77.13694477815169, 32.7262923493439, 51.93066381318053, 79.5578111948868, 85.84358490446891, 63.29895849992685, 27.68574506027935, 28.782705562090765, 76.33206504418813, 30.483995791084954, 29.72772052082365, 50.303669895607364, 3.199935011890855, 72.9800949805802, 29.074658876084378, 57.591478187975916, 65.57833221887064, 76.66805869213513, 58.3738637384353, 101.65237471921857, 50.517471438369995, 40.682278466289624, 30.497884246536845, 19.053251052434216, 94.92725745097194, 31.749693920076933, 95.50382222816867, 80.947396826884, 56.29411344065784, 7.225059542748242, 16.223196797677247, 89.63593255902686, 37.16865111928884, 69.088853314565, 40.632320592781504, 37.25567370432958, 47.181353780606045, 86.35902156074503, 90.11738563690594, 39.88942062031863, 73.96814718485878, 18.820931692695684, 88.10777122954005, 99.91383711423352, 54.83479796333094, 59.92726697584472, 86.54990655877923, 100.11841380738595], [57.70062808139545, 87.11909803059793, 44.73559405400489, 48.62011543622868, 17.777345607042893, 30.069755316622942, 94.78084507308391, 73.96283822800858, 84.28574040940693, 7.154107864245271, 56.19302183667443, 55.88971048140936, 50.68035960017405, 88.09365159407939, 52.43665730858193, 68.7876961298285, 21.183473566153715, 76.9858234049595, 46.60675364735135, 101.08597395998407, 97.40771888383084, 80.39673270334549, 79.44889577935666, 98.20795775051833, 0.0, 11.997920313027011, 69.7766362948906, 66.62266433431084, 33.25788302934207, 96.60704690716234, 81.53312660288546, 29.039075586189156, 35.26987281944171, 77.90213612165819, 92.35786571332557, 100.08734616002027, 44.54211723158826, 89.74387044940387, 106.7228057471241, 69.13587978857095, 97.60783058639672, 53.35422037888548, 70.24692898618669, 81.12133128278272, 38.45908435516739, 27.858706874830926, 93.25447784609239, 47.04423764812324, 98.5433106021519, 83.04088046717128, 69.88443681305728, 83.96014869906406, 46.80999392702485, 98.52373305306453, 30.875675963564618, 29.210548564075108, 48.85865022826281, 98.92942201933593, 81.99133502175351, 11.845432991805431, 101.1609051011595, 29.26232078236251, 65.36765527461012, 60.990736888573565, 91.79144517128567, 22.549467541793636, 37.103288244434445, 63.44163202345741, 57.86916066018938, 99.19493633266926, 52.79760189944691, 2.038488681666561, 87.59422513116468, 45.02315911082712, 16.46559616702101, 4.732525521132894], [45.74942397679371, 75.52531326284812, 33.26074559376739, 50.24406083527685, 8.79846188791819, 18.220638482056025, 88.11912882037606, 61.999648630062346, 72.36331508281863, 16.661368701446328, 44.197010114242836, 56.9565002506985, 38.98901290659883, 80.33897615185404, 40.83444117516581, 58.6645863083435, 10.227816520527643, 65.1169293914361, 34.833495311240206, 92.17142839690827, 86.52357375786116, 70.46872695185378, 67.47639012835101, 87.6113707543662, 11.997920313027011, 0.0, 60.71454211678087, 61.47595273937261, 22.012051472314326, 88.6279486449046, 69.60280337441395, 27.254983710681994, 36.40229462018954, 66.31260614655874, 80.56688969309894, 91.66