instance_id,num_cities,city_coordinates,distance_matrix,best_route,total_distance
1546,39,"[[20.58483603662945, 69.65425518937688], [10.794518837317547, 34.41030662466833], [48.78926299389992, 29.141420306588174], [61.68807741440403, 39.262500255439114], [15.323610774166585, 34.44417117978046], [99.06175618551863, 24.282922578751066], [90.87179099649893, 41.77018833804153], [66.88189106354481, 58.23478766869323], [27.983850747685533, 98.45285554043497], [16.585209496040786, 36.62017529445336], [87.84493524468519, 81.76984819332327], [7.1331181162996415, 67.8454980218428], [1.2517577576869776, 15.965995035361747], [10.595118237044531, 83.88366714399855], [37.643024418953964, 71.32146412102124], [38.42131551863247, 44.698934872437114], [60.945392802654666, 86.52705891241898], [23.717759089902046, 70.32578510174389], [86.20000128404506, 21.634421114861713], [52.345084952090026, 66.686409748445], [34.10040174897204, 13.100360938346434], [45.13371543275343, 43.22743263990701], [9.681700739732936, 17.229965263056435], [56.15035053757049, 61.75021254910759], [28.503667481266437, 64.34209720826934], [24.087829648831615, 93.85186553446219], [65.08367774206087, 43.116865011489224], [57.61783976481315, 36.39386621397254], [82.43405426938628, 12.488404624019523], [69.87833285693726, 30.633030170576127], [72.85546756496079, 79.71724559722398], [68.57188733246863, 86.04887278290806], [88.19727145006425, 20.00402687495778], [99.67468636960038, 97.58933017223846], [64.6500426498515, 55.3631299068997], [38.963645970061876, 80.45442353480097], [65.53716175448027, 30.498847499839965], [23.14436132814214, 68.70869666076537], [90.66222618750798, 85.04619119970828]]","[[0.0, 36.57849397248286, 49.363746719916904, 51.1188342954349, 35.600990256244486, 90.64868900827615, 75.61598522601196, 47.684604880623446, 29.73389985982981, 33.27532790174083, 68.34258218208304, 13.572778547490858, 57.063098357037426, 17.38593184990882, 17.13946838465609, 30.674223909220284, 43.74546888467246, 3.204084780546626, 81.3096204331912, 31.89861310046684, 58.1464828814382, 36.069716240450376, 53.546097276844876, 36.43322263780466, 9.535560490333859, 24.449852978284117, 51.81100260155647, 49.776468737013346, 84.22149527801051, 62.868949655148356, 53.23046774469494, 50.71035967243402, 83.88436442037238, 83.87832163312426, 46.32470934291339, 21.317229905846933, 59.61423939611742, 2.728598660287563, 71.74783832635366], [36.57849397248286, 0.0, 38.358333469495285, 51.12433948394664, 4.529218539717853, 88.84632292164468, 80.41478331308522, 60.93766667883232, 66.30928444157091, 6.198033385092568, 90.44165437530377, 33.635069183897336, 20.766726247204712, 49.4737623561723, 45.64291620490228, 29.48043022229321, 72.32749151263225, 38.16977512199015, 76.48012835752446, 52.61365200510934, 31.579708096271855, 35.4530976642182, 17.216343787803037, 52.9586813013585, 34.77824080131171, 60.909859940390696, 54.98287854894097, 46.86531650723772, 74.9185746277162, 59.20443308161688, 76.83931334960019, 77.49042408648555, 78.73199481949499, 109.04711457434847, 57.7878728507879, 53.9774066203136, 54.88220536787119, 36.45405558530377, 94.5666087161448], [49.363746719916904, 38.358333469495285, 0.0, 16.39559918958857, 33.883167580898984, 50.506718086535265, 43.93660142844219, 34.26028626460821, 72.36670666066452, 33.06104713800656, 65.53698922585653, 56.86158666316034, 49.329567554972996, 66.74957889391955, 43.62791228740044, 18.695737330111015, 58.659040310307795, 48.21547688853281, 38.15649848031543, 37.71299645994054, 21.750361613734153, 14.552620775180475, 40.88134277048179, 33.42931260647422, 40.6274911807107, 69.2647278987692, 21.466741873997368, 11.425486398374684, 37.540576864173524, 21.141754129551696, 56.00978759364355, 60.24790762396266, 40.453468197492306, 85.29034339888936, 30.645430094187244, 52.24525863844213, 16.802818855169157, 47.15114356549813, 69.84760880105706], [51.1188342954349, 51.12433948394664, 16.39559918958857, 0.0, 46.614161602618445, 40.263874779489285, 29.291255315560935, 19.670368321745315, 68.11367743680835, 45.180201146749766, 49.91047826124175, 61.58921452114862, 64.77094942270011, 67.8346446293927, 40.07420289523801, 23.893451622974474, 47.27039332892862, 49.05785094260325, 30.192442530831087, 28.97175037914407, 38.02022333269539, 17.022561188990366, 56.480933181192576, 23.15952553843046, 41.59556762356936, 66.2855748530481, 5.136752793143202, 4.9795477493451115, 33.871045932298294, 11.89739627647539, 41.967809371510164, 47.290078169391364, 32.76623514178875, 69.6060453413225, 16.370812845716955, 47.04438678441286, 9.571680096918236, 48.50460320917399, 54.18161730334667], [35.600990256244486, 4.529218539717853, 33.883167580898984, 46.614161602618445, 0.0, 84.35240346347376, 75.90255636214859, 56.78247704460079, 65.24870381677313, 2.5152783627479494, 86.59712586309325, 34.39088258228984, 23.226279102378218, 49.66510246510678, 43.10557922266221, 25.27180529473015, 69.23853110823126, 36.850399503823624, 72.02466541702556, 49.093293821308535, 28.42755907449459, 31.077130202656186, 18.11518794216664, 49.116622186100194, 32.67414689945799, 60.050692594026906, 50.51019583161288, 42.33914402346369, 70.61067420139922, 54.687681403771236, 73.20905553962454, 74.15135996040303, 74.29056594110706, 105.36799826460303, 53.578911110748635, 51.7280831448048, 50.36830631450754, 35.14572300671268, 90.75500758909416], [90.64868900827615, 88.84632292164468, 50.506718086535265, 40.263874779489285, 84.35240346347376, 0.0, 19.31010081624141, 46.77897885112565, 102.72900075913437, 83.39417580618398, 58.57101406527018, 101.7279336096852, 98.16296183497326, 106.67049630820266, 77.36203850880027, 63.98497169062499, 72.9875993950943, 88.29871509628833, 13.131614491364097, 63.091228354523686, 65.9168207294017, 57.15879670609891, 89.65789713343011, 56.966538883852984, 81.13680640495632, 102.27867560886547, 38.84877349762105, 43.1772296936931, 20.386052212143387, 29.866303145902435, 61.31666765065087, 68.88152660400748, 11.676728009629322, 73.30896996734482, 46.36965943396092, 82.26190109111691, 34.095984432044524, 87.960788108776, 61.341070398959324], [75.61598522601196, 80.41478331308522, 43.93660142844219, 29.291255315560935, 75.90255636214859, 19.31010081624141, 0.0, 29.096362829605496, 84.66296587006394, 74.46488316900349, 40.1140205449482, 87.70454441386241, 93.26096048040586, 90.65257462680428, 60.881684370330056, 52.532179986337944, 53.84019662360177, 72.97318759546825, 20.670625069974843, 45.88164303950483, 63.599918555156336, 45.761284042629455, 84.81776526454726, 40.0597028822943, 66.32702240306861, 84.69119548618313, 25.82325160173544, 33.685755329235086, 30.47323839946831, 23.76471284709052, 42.00675022685594, 49.577087445644665, 21.92986182449158, 56.509004256454254, 29.53554040218834, 64.73735840180555, 27.728803853059684, 72.8881880700548, 43.276510269338445], [47.684604880623446, 60.93766667883232, 34.26028626460821, 19.670368321745315, 56.78247704460079, 46.77897885112565, 29.096362829605496, 0.0, 55.95132280608063, 54.744384595970594, 31.517428436318255, 60.51678793684933, 78.06385353301648, 61.8552003760459, 32.03392612884165, 31.515451309946002, 28.90838327769477, 44.8256010329375, 41.385700602578, 16.81513151007083, 55.782994881581004, 26.423547230222205, 70.37938074179195, 11.292660189276289, 38.86112807348168, 55.67681679175359, 15.224491998709334, 23.72442826406593, 48.3177125084698, 27.763927683345752, 22.297524859709494, 27.8653802796546, 43.77141203902197, 51.22643301702948, 3.6369720431389596, 35.68109621525389, 27.768519477366187, 44.974151208549145, 35.8379086709998], [29.73389985982981, 66.30928444157091, 72.36670666066452, 68.11367743680835, 65.24870381677313, 102.72900075913437, 84.66296587006394, 55.95132280608063, 0.0, 62.874552632885596, 62.14235408560506, 37.03462414466307, 86.71036242346896, 22.685441782285857, 28.799514516136593, 54.7578730232116, 35.052644406011595, 28.448754445418157, 96.38564234816393, 40.03219716949451, 85.57137682047014, 57.82702822433725, 83.25939346358867, 46.26484316370717, 34.114718867842335, 6.02893767074899, 66.62183584105254, 68.77129823763121, 101.75810279734696, 79.71622384684665, 48.62597120614174, 42.44110627748428, 98.89324927247078, 71.69603607055227, 56.57856558609282, 21.083155783391366, 77.6401853189075, 30.135289036292654, 64.09615742398486], [33.27532790174083, 6.198033385092568, 33.06104713800656, 45.180201146749766, 2.5152783627479494, 83.39417580618398, 74.46488316900349, 54.744384595970594, 62.874552632885596, 0.0, 84.35900353042918, 32.62457372718608, 25.72372259972252, 47.64156646357389, 40.59077500556683, 23.2826519655457, 66.77217156460878, 34.452015850893396, 71.20949419858516, 46.71987956827957, 29.325136436219296, 29.30312339747366, 20.582484743346832, 46.87130420690731, 30.175397186139893, 57.72136239630338, 48.93167072040007, 41.033254350266716, 70.13139606249516, 53.62837778913414, 70.87806015844966, 71.73430704951227, 73.51451425130686, 103.05871633992508, 51.589984819806695, 49.21621417600316, 49.33319657068295, 32.75203316181792, 88.50131873799346], [68.34258218208304, 90.44165437530377, 65.53698922585653, 49.91047826124175, 86.59712586309325, 58.57101406527018, 40.1140205449482, 31.517428436318255, 62.14235408560506, 84.35900353042918, 0.0, 81.904120481597, 108.75902481049256, 77.2787322506665, 51.277681112517215, 61.78144382636361, 27.316962448568116, 65.14032009155802, 60.157920489689765, 38.571355772348745, 87.20076467860393, 57.530566610414816, 101.36512081050714, 37.4877648184527, 61.84749440492161, 64.89178420256609, 44.85674923527024, 54.5220784796367, 69.49241725523348, 54.20122654378761, 15.129352885666192, 19.742351107830753, 61.76682624138846, 19.753455944686102, 35.14708825983182, 48.89898550258127, 55.913793201690886, 66.00574175392994, 4.3210591007297365], [13.572778547490858, 33.635069183897336, 56.86158666316034, 61.58921452114862, 34.39088258228984, 101.7279336096852, 87.70454441386241, 60.51678793684933, 37.03462414466307, 32.62457372718608, 81.904120481597, 0.0, 52.21181120965023, 16.40756879086319, 30.707274755656577, 38.91933558421536, 56.96280913217001, 16.769082867647114, 91.58076022159254, 45.22682202837314, 61.0267516816667, 45.27796969340101, 50.679654989396305, 49.39475254756342, 21.655812093316424, 31.045022054313282, 63.00613185634916, 59.48035190973339, 93.45928939910982, 72.95018667851566, 66.78596864271341, 64.07874230577144, 94.12865300862609, 97.20410179499233, 58.85580788295449, 34.23693190168273, 69.3239108713806, 16.03449472478039, 85.28174330400775], [57.063098357037426, 20.766726247204712, 49.329567554972996, 64.77094942270011, 23.226279102378218, 98.16296183497326, 93.26096048040586, 78.06385353301648, 86.71036242346896, 25.72372259972252, 108.75902481049256, 52.21181120965023, 0.0, 68.55733782538178, 66.2461489213135, 46.980398634167166, 92.42398931199598, 58.81928248389492, 85.13715482932345, 71.99367022496824, 32.973402475998206, 51.660547709667554, 8.52417499920341, 71.48461416666855, 55.52399341749222, 81.16461669237508, 69.36630125177565, 59.95359139971508, 81.25674680900364, 70.17641148926505, 95.8713367298361, 97.17823624321916, 87.03923283421652, 127.86493544131908, 74.6423255489418, 74.70571546320902, 65.90763967693896, 57.10585491733278, 112.98807621578754], [17.38593184990882, 49.4737623561723, 66.74957889391955, 67.8346446293927, 49.66510246510678, 106.67049630820266, 90.65257462680428, 61.8552003760459, 22.685441782285857, 47.64156646357389, 77.2787322506665, 16.40756879086319, 68.55733782538178, 0.0, 29.82277944149195, 48.05975965761585, 50.41961591358744, 18.868488768970778, 97.93399293272299, 45.153132589404336, 74.58401162701828, 53.34645349317154, 66.6599602907015, 50.6474974925611, 26.50639718229765, 16.775525040767317, 68.05097554806157, 66.83126163893343, 101.28235898001, 79.68770214872234, 62.39960069535373, 58.01718599003996, 100.51220136977919, 90.12776851629204, 61.11755801377389, 28.575042912832114, 76.60657357114428, 19.69170463231813, 80.07554706482668], [17.13946838465609, 45.64291620490228, 43.62791228740044, 40.07420289523801, 43.10557922266221, 77.36203850880027, 60.881684370330056, 32.03392612884165, 28.799514516136593, 40.59077500556683, 51.277681112517215, 30.707274755656577, 66.2461489213135, 29.82277944149195, 0.0, 26.633903218033137, 27.824638097374713, 13.960816279642266, 69.47360826222385, 15.415392079241292, 58.328783899456845, 29.0755061301786, 60.891098451213495, 20.83578596342564, 11.499539457616253, 26.29376909282377, 39.35084326578469, 40.23593348808555, 73.94298644793881, 51.91015090935155, 36.199520699961106, 34.256256757229075, 72.03618020402098, 67.36414380992284, 31.369530831901738, 9.227946084313588, 49.44258210786678, 14.73220232084263, 54.76681376124676], [30.674223909220284, 29.48043022229321, 18.695737330111015, 23.893451622974474, 25.27180529473015, 63.98497169062499, 52.532179986337944, 31.515451309946002, 54.7578730232116, 23.2826519655457, 61.78144382636361, 38.91933558421536, 46.980398634167166, 48.05975965761585, 26.633903218033137, 0.0, 47.50711544811697, 29.54538922282427, 53.054449467913855, 26.025380048313707, 31.89263505063569, 6.871799722593211, 39.75562537604735, 24.59806401141463, 22.00485330887093, 51.20018954892282, 26.709258776278716, 20.9160395045528, 54.54025514449241, 34.45857824844553, 49.112044481648084, 51.17493865068228, 55.56513538084657, 80.92817405314082, 28.31379844981951, 35.75960139323392, 30.609011720007135, 28.4579336999475, 66.00768016414419], [43.74546888467246, 72.32749151263225, 58.659040310307795, 47.27039332892862, 69.23853110823126, 72.9875993950943, 53.84019662360177, 28.90838327769477, 35.052644406011595, 66.77217156460878, 27.316962448568116, 56.96280913217001, 92.42398931199598, 50.41961591358744, 27.824638097374713, 47.50711544811697, 0.0, 40.600221488796606, 69.63368215076144, 21.62444575873299, 78.18013507309877, 46.09627725303916, 86.19775700196953, 25.23657159827936, 39.30188376710446, 37.578354856065516, 43.606998713005176, 50.243503255239006, 77.09400041811897, 56.60335561614136, 13.719454735211906, 7.641471114107479, 71.88865474656086, 40.27818299800142, 31.38335389265114, 22.805133067835868, 56.21605479042085, 41.790094686040625, 29.753708266461203], [3.204084780546626, 38.16977512199015, 48.21547688853281, 49.05785094260325, 36.850399503823624, 88.29871509628833, 72.97318759546825, 44.8256010329375, 28.448754445418157, 34.452015850893396, 65.14032009155802, 16.769082867647114, 58.81928248389492, 18.868488768970778, 13.960816279642266, 29.54538922282427, 40.600221488796606, 0.0, 79.21413710008203, 28.85773447417687, 58.15968052926953, 34.53930937677905, 54.919732504371396, 33.547182185943804, 7.662208554786669, 23.528990899426976, 49.51226674688693, 47.96447215566722, 82.41823766697135, 60.8794987210608, 50.0271318827896, 47.530077915254736, 81.79172858693858, 80.70164615163851, 43.581336463122675, 18.30372593955205, 57.74986924632886, 1.7157389134532128, 68.54379644192049], [81.3096204331912, 76.48012835752446, 38.15649848031543, 30.192442530831087, 72.02466541702556, 13.131614491364097, 20.670625069974843, 41.385700602578, 96.38564234816393, 71.20949419858516, 60.157920489689765, 91.58076022159254, 85.13715482932345, 97.93399293272299, 69.47360826222385, 53.054449467913855, 69.63368215076144, 79.21413710008203, 0.0, 56.35456538457371, 52.79392441191851, 46.3971764263811, 76.64495775679036, 50.12243242681878, 71.78309363339724, 95.25377233338477, 30.12298982009429, 32.16801480889251, 9.891004729954114, 18.637913648851175, 59.59606597778647, 66.78302168354502, 2.5782306905283416, 77.14087987616722, 40.025323407982036, 75.43915394561718, 22.48401637962497, 78.68926958880813, 63.568577429281255], [31.89861310046684, 52.61365200510934, 37.71299645994054, 28.97175037914407, 49.093293821308535, 63.091228354523686, 45.88164303950483, 16.81513151007083, 40.03219716949451, 46.71987956827957, 38.571355772348745, 45.22682202837314, 71.99367022496824, 45.153132589404336, 15.415392079241292, 26.025380048313707, 21.62444575873299, 28.85773447417687, 56.35456538457371, 0.0, 56.60682902495424, 24.542360467634865, 65.31542125400036, 6.2326630718167735, 23.956397648730853, 39.1973782967124, 26.79169993442105, 30.748010295025665, 61.990078512972104, 40.090659274682956, 24.29976291744787, 25.262899482300313, 58.86105798770846, 56.52505339280724, 16.72210065493105, 19.19950814086211, 38.51714620603176, 29.27066628073113, 42.48864421693305], [58.1464828814382, 31.579708096271855, 21.750361613734153, 38.02022333269539, 28.42755907449459, 65.9168207294017, 63.599918555156336, 55.782994881581004, 85.57137682047014, 29.325136436219296, 87.20076467860393, 61.0267516816667, 32.973402475998206, 74.58401162701828, 58.328783899456845, 31.89263505063569, 78.18013507309877, 58.15968052926953, 52.79392441191851, 56.60682902495424, 0.0, 32.08386604129387, 24.76543136828588, 53.413559171140186, 51.54647388929375, 81.36987830024704, 43.13877499462534, 33.10071417438829, 48.33752637956136, 39.8428769640582, 77.06986731567542, 80.68313763525414, 54.53560226880489, 106.95032831044851, 52.14807954337337, 67.52940761328414, 35.930171364389466, 56.677348416453924, 91.51744356029866], [36.069716240450376, 35.4530976642182, 14.552620775180475, 17.022561188990366, 31.077130202656186, 57.15879670609891, 45.761284042629455, 26.423547230222205, 57.82702822433725, 29.30312339747366, 57.530566610414816, 45.27796969340101, 51.660547709667554, 53.34645349317154, 29.0755061301786, 6.871799722593211, 46.09627725303916, 34.53930937677905, 46.3971764263811, 24.542360467634865, 32.08386604129387, 0.0, 43.962639317999894, 21.551325355935123, 26.877268363864882, 54.824834831718405, 19.950268703534835, 14.232040979282782, 48.3342851471824, 27.76535728256905, 45.82577867248435, 48.81622310176425, 48.926438989359774, 77.00606089165767, 22.981779221829996, 37.73484607445692, 24.048232813899737, 33.657488171856734, 61.81952651896287], [53.546097276844876, 17.216343787803037, 40.88134277048179, 56.480933181192576, 18.11518794216664, 89.65789713343011, 84.81776526454726, 70.37938074179195, 83.25939346358867, 20.582484743346832, 101.36512081050714, 50.679654989396305, 8.52417499920341, 66.6599602907015, 60.891098451213495, 39.75562537604735, 86.19775700196953, 54.919732504371396, 76.64495775679036, 65.31542125400036, 24.76543136828588, 43.962639317999894, 0.0, 64.35361553514467, 50.732823777536204, 77.96442875662477, 61.15153828279288, 51.62488280169109, 72.90670299360222, 61.670711583126895, 88.85710449057578, 90.57646553687728, 78.5645611061098, 120.64976167064984, 66.90035020911442, 69.67613967656037, 57.40989253590002, 53.209989818042345, 105.62616154196249], [36.43322263780466, 52.9586813013585, 33.42931260647422, 23.15952553843046, 49.116622186100194, 56.966538883852984, 40.0597028822943, 11.292660189276289, 46.26484316370717, 46.87130420690731, 37.4877648184527, 49.39475254756342, 71.48461416666855, 50.6474974925611, 20.83578596342564, 24.59806401141463, 25.23657159827936, 33.547182185943804, 50.12243242681878, 6.2326630718167735, 53.413559171140186, 21.551325355935123, 64.35361553514467, 0.0, 27.76791223880772, 45.37093089339189, 20.66412290420661, 25.398776035458678, 55.83510367063123, 34.01082971260236, 24.533145160189143, 27.289548649706266, 52.62840638203118, 56.38093792784873, 10.632007838689987, 25.40138426322775, 32.6306610761181, 33.73152568184686, 41.63859005977498], [9.535560490333859, 34.77824080131171, 40.6274911807107, 41.59556762356936, 32.67414689945799, 81.13680640495632, 66.32702240306861, 38.86112807348168, 34.114718867842335, 30.175397186139893, 61.84749440492161, 21.655812093316424, 55.52399341749222, 26.50639718229765, 11.499539457616253, 22.00485330887093, 39.30188376710446, 7.662208554786669, 71.78309363339724, 23.956397648730853, 51.54647388929375, 26.877268363864882, 50.732823777536204, 27.76791223880772, 0.0, 29.838331897543092, 42.29193342100899, 40.357634264988974, 74.8150523206266, 53.36819404383504, 46.94121172963439, 45.570235328468584, 74.35852900417918, 78.55375503032317, 37.24489618225789, 19.209846684414416, 50.1681696787043, 6.912984393259875, 65.51599750018018], [24.449852978284117, 60.909859940390696, 69.2647278987692, 66.2855748530481, 60.050692594026906, 102.27867560886547, 84.69119548618313, 55.67681679175359, 6.02893767074899, 57.72136239630338, 64.89178420256609, 31.045022054313282, 81.16461669237508, 16.775525040767317, 26.29376909282377, 51.20018954892282, 37.578354856065516, 23.528990899426976, 95.25377233338477, 39.1973782967124, 81.36987830024704, 54.824834831718405, 77.96442875662477, 45.37093089339189, 29.838331897543092, 0.0, 65.22806021145499, 66.52580900891934, 100.12139980442419, 78.06017761200435, 50.77469831214019, 45.1632381908334, 97.79327074367555, 75.67920157377887, 55.916687077727566, 20.019524553726725, 75.70767481635878, 25.160863925616333, 67.15422678416205], [51.81100260155647, 54.98287854894097, 21.466741873997368, 5.136752793143202, 50.51019583161288, 38.84877349762105, 25.82325160173544, 15.224491998709334, 66.62183584105254, 48.93167072040007, 44.85674923527024, 63.00613185634916, 69.36630125177565, 68.05097554806157, 39.35084326578469, 26.709258776278716, 43.606998713005176, 49.51226674688693, 30.12298982009429, 26.79169993442105, 43.13877499462534, 19.950268703534835, 61.15153828279288, 20.66412290420661, 42.29193342100899, 65.22806021145499, 0.0, 10.04676313714647, 35.20139416765712, 13.372914790942403, 37.41642120876822, 43.073482531968324, 32.687023431694655, 64.52741540275383, 12.253939908525682, 45.566976378205815, 12.626163854227752, 49.130928226847956, 49.11548162416975], [49.776468737013346, 46.86531650723772, 11.425486398374684, 4.9795477493451115, 42.33914402346369, 43.1772296936931, 33.685755329235086, 23.72442826406593, 68.77129823763121, 41.033254350266716, 54.5220784796367, 59.48035190973339, 59.95359139971508, 66.83126163893343, 40.23593348808555, 20.9160395045528, 50.243503255239006, 47.96447215566722, 32.16801480889251, 30.748010295025665, 33.10071417438829, 14.232040979282782, 51.62488280169109, 25.398776035458678, 40.357634264988974, 66.52580900891934, 10.04676313714647, 0.0, 34.45744616430105, 13.546472706240483, 45.924944225997365, 50.84890200855363, 34.69479032580619, 74.25404470738296, 20.230789467248833, 47.846751797317914, 9.87253292807871, 47.25112678369258, 58.81309548535959], [84.22149527801051, 74.9185746277162, 37.540576864173524, 33.871045932298294, 70.61067420139922, 20.386052212143387, 30.47323839946831, 48.3177125084698, 101.75810279734696, 70.13139606249516, 69.49241725523348, 93.45928939910982, 81.25674680900364, 101.28235898001, 73.94298644793881, 54.54025514449241, 77.09400041811897, 82.41823766697135, 9.891004729954114, 61.990078512972104, 48.33752637956136, 48.3342851471824, 72.90670299360222, 55.83510367063123, 74.8150523206266, 100.12139980442419, 35.20139416765712, 34.45744616430105, 0.0, 22.065211904982586, 67.90777850772774, 74.85520788790735, 9.470968804217442, 86.82975828814932, 46.41673337672733, 80.67872163272465, 24.695769460445614, 81.7067250950863, 73.0228403027256], [62.868949655148356, 59.20443308161688, 21.141754129551696, 11.89739627647539, 54.687681403771236, 29.866303145902435, 23.76471284709052, 27.763927683345752, 79.71622384684665, 53.62837778913414, 54.20122654378761, 72.95018667851566, 70.17641148926505, 79.68770214872234, 51.91015090935155, 34.45857824844553, 56.60335561614136, 60.8794987210608, 18.637913648851175, 40.090659274682956, 39.8428769640582, 27.76535728256905, 61.670711583126895, 34.01082971260236, 53.36819404383504, 78.06017761200435, 13.372914790942403, 13.546472706240483, 22.065211904982586, 0.0, 49.17441951990174, 55.43124040054623, 21.179216752208355, 73.28689372980818, 25.276725489232582, 58.633515177468006, 4.343244355310162, 60.28117843511649, 58.247423249091526], [53.23046774469494, 76.83931334960019, 56.00978759364355, 41.967809371510164, 73.20905553962454, 61.31666765065087, 42.00675022685594, 22.297524859709494, 48.62597120614174, 70.87806015844966, 15.129352885666192, 66.78596864271341, 95.8713367298361, 62.39960069535373, 36.199520699961106, 49.112044481648084, 13.719454735211906, 50.0271318827896, 59.59606597778647, 24.29976291744787, 77.06986731567542, 45.82577867248435, 88.85710449057578, 24.533145160189143, 46.94121172963439, 50.77469831214019, 37.41642120876822, 45.924944225997365, 67.90777850772774, 49.17441951990174, 0.0, 7.64451191553073, 61.65257039752826, 32.22858830832657, 25.699259699360905, 33.89983779212087, 49.75950473234523, 50.9154419893874, 18.58704693801292], [50.71035967243402, 77.49042408648555, 60.24790762396266, 47.290078169391364, 74.15135996040303, 68.88152660400748, 49.577087445644665, 27.8653802796546, 42.44110627748428, 71.73430704951227, 19.742351107830753, 64.07874230577144, 97.17823624321916, 58.01718599003996, 34.256256757229075, 51.17493865068228, 7.641471114107479, 47.530077915254736, 66.78302168354502, 25.262899482300313, 80.68313763525414, 48.81622310176425, 90.57646553687728, 27.289548649706266, 45.570235328468584, 45.1632381908334, 43.073482531968324, 50.84890200855363, 74.85520788790735, 55.43124040054623, 7.64451191553073, 0.0, 68.89903753150743, 33.17478356672661, 30.93534679888154, 30.132139302813872, 55.632857811577516, 48.6244982166468, 22.113083029911255], [83.88436442037238, 78.73199481949499, 40.453468197492306, 32.76623514178875, 74.29056594110706, 11.676728009629322, 21.92986182449158, 43.77141203902197, 98.89324927247078, 73.51451425130686, 61.76682624138846, 94.12865300862609, 87.03923283421652, 100.51220136977919, 72.03618020402098, 55.56513538084657, 71.88865474656086, 81.79172858693858, 2.5782306905283416, 58.86105798770846, 54.53560226880489, 48.926438989359774, 78.5645611061098, 52.62840638203118, 74.35852900417918, 97.79327074367555, 32.687023431694655, 34.69479032580619, 9.470968804217442, 21.179216752208355, 61.65257039752826, 68.89903753150743, 0.0, 78.42965217930157, 42.48220982238392, 77.96281379117559, 24.972421415720817, 81.26515842767695, 65.08885574278821], [83.87832163312426, 109.04711457434847, 85.29034339888936, 69.6060453413225, 105.36799826460303, 73.30896996734482, 56.509004256454254, 51.22643301702948, 71.69603607055227, 103.05871633992508, 19.753455944686102, 97.20410179499233, 127.86493544131908, 90.12776851629204, 67.36414380992284, 80.92817405314082, 40.27818299800142, 80.70164615163851, 77.14087987616722, 56.52505339280724, 106.95032831044851, 77.00606089165767, 120.64976167064984, 56.38093792784873, 78.55375503032317, 75.67920157377887, 64.52741540275383, 74.25404470738296, 86.82975828814932, 73.28689372980818, 32.22858830832657, 33.17478356672661, 78.42965217930157, 0.0, 54.86144052559903, 63.082766678928216, 75.27618117348499, 81.79842078533835, 15.445218477509684], [46.32470934291339, 57.7878728507879, 30.645430094187244, 16.370812845716955, 53.578911110748635, 46.36965943396092, 29.53554040218834, 3.6369720431389596, 56.57856558609282, 51.589984819806695, 35.14708825983182, 58.85580788295449, 74.6423255489418, 61.11755801377389, 31.369530831901738, 28.31379844981951, 31.38335389265114, 43.581336463122675, 40.025323407982036, 16.72210065493105, 52.14807954337337, 22.981779221829996, 66.90035020911442, 10.632007838689987, 37.24489618225789, 55.916687077727566, 12.253939908525682, 20.230789467248833, 46.41673337672733, 25.276725489232582, 25.699259699360905, 30.93534679888154, 42.48220982238392, 54.86144052559903, 0.0, 35.90771491355397, 24.880102892146922, 43.59846022465906, 39.46793407450354], [21.317229905846933, 53.9774066203136, 52.24525863844213, 47.04438678441286, 51.7280831448048, 82.26190109111691, 64.73735840180555, 35.68109621525389, 21.083155783391366, 49.21621417600316, 48.89898550258127, 34.23693190168273, 74.70571546320902, 28.575042912832114, 9.227946084313588, 35.75960139323392, 22.805133067835868, 18.30372593955205, 75.43915394561718, 19.19950814086211, 67.52940761328414, 37.73484607445692, 69.67613967656037, 25.40138426322775, 19.209846684414416, 20.019524553726725, 45.566976378205815, 47.846751797317914, 80.67872163272465, 58.633515177468006, 33.89983779212087, 30.132139302813872, 77.96281379117559, 63.082766678928216, 35.90771491355397, 0.0, 56.58366653133661, 19.703092812589595, 51.902095591490315], [59.61423939611742, 54.88220536787119, 16.802818855169157, 9.571680096918236, 50.36830631450754, 34.095984432044524, 27.728803853059684, 27.768519477366187, 77.6401853189075, 49.33319657068295, 55.913793201690886, 69.3239108713806, 65.90763967693896, 76.60657357114428, 49.44258210786678, 30.609011720007135, 56.21605479042085, 57.74986924632886, 22.48401637962497, 38.51714620603176, 35.930171364389466, 24.048232813899737, 57.40989253590002, 32.6306610761181, 50.1681696787043, 75.70767481635878, 12.626163854227752, 9.87253292807871, 24.695769460445614, 4.343244355310162, 49.75950473234523, 55.632857811577516, 24.972421415720817, 75.27618117348499, 24.880102892146922, 56.58366653133661, 0.0, 57.0713772471631, 60.05565391764007], [2.728598660287563, 36.45405558530377, 47.15114356549813, 48.50460320917399, 35.14572300671268, 87.960788108776, 72.8881880700548, 44.974151208549145, 30.135289036292654, 32.75203316181792, 66.00574175392994, 16.03449472478039, 57.10585491733278, 19.69170463231813, 14.73220232084263, 28.4579336999475, 41.790094686040625, 1.7157389134532128, 78.68926958880813, 29.27066628073113, 56.677348416453924, 33.657488171856734, 53.209989818042345, 33.73152568184686, 6.912984393259875, 25.160863925616333, 49.130928226847956, 47.25112678369258, 81.7067250950863, 60.28117843511649, 50.9154419893874, 48.6244982166468, 81.26515842767695, 81.79842078533835, 43.59846022465906, 19.703092812589595, 57.0713772471631, 0.0, 69.46636454412725], [71.74783832635366, 94.5666087161448, 69.84760880105706, 54.18161730334667, 90.75500758909416, 61.341070398959324, 43.276510269338445, 35.8379086709998, 64.09615742398486, 88.50131873799346, 4.3210591007297365, 85.28174330400775, 112.98807621578754, 80.07554706482668, 54.76681376124676, 66.00768016414419, 29.753708266461203, 68.54379644192049, 63.568577429281255, 42.48864421693305, 91.51744356029866, 61.81952651896287, 105.62616154196249, 41.63859005977498, 65.51599750018018, 67.15422678416205, 49.11548162416975, 58.81309548535959, 73.0228403027256, 58.247423249091526, 18.58704693801292, 22.113083029911255, 65.08885574278821, 15.445218477509684, 39.46793407450354, 51.902095591490315, 60.05565391764007, 69.46636454412725, 0.0]]",Route_1,1818.8370740485022
