instance_id,num_cities,city_coordinates,distance_matrix,best_route,total_distance
42,62,"[[92.47956289765223, 18.212038719881264], [46.99298370073216, 76.24011332207613], [89.57952298752502, 43.2545927107983], [74.9952500563576, 39.57126991651083], [37.479655962552236, 82.50141244796313], [37.16602066770345, 74.52167925651946], [85.35945004479647, 33.57541967168264], [28.583041880935045, 46.41392838228015], [88.33673749422893, 74.90824657371802], [38.431982291746415, 22.912429183826323], [46.44403604910588, 80.35401647935151], [66.0951782168006, 33.473836299854284], [36.818372699728954, 27.212761248287464], [30.93958168391864, 78.63612344427526], [29.577976002123897, 11.76093086601393], [61.27417839640326, 19.200269670712476], [71.39786610562257, 21.482962658757852], [28.849606421638196, 56.1711202232133], [78.6940737515172, 79.25166129084754], [66.72707150745636, 7.695036912979769], [88.2837497609488, 15.858601090902491], [35.750170631351274, 65.18583673609093], [36.4399309999114, 78.87124534311685], [37.8256691664878, 26.603886241420092], [12.542656019481013, 81.91231636316245], [45.48128874542249, 40.903219729419426], [27.57970093600932, 39.77884650424025], [44.615610021599, 18.460231853769116], [65.94936294140847, 12.957411868598733], [48.424958904411085, 50.48196551753398], [83.40869641590987, 17.365337423353154], [5.6530271819204, 51.59276235623585], [65.79637222358087, 78.70397686988628], [95.07442513959522, 13.688528798213229], [13.02240161621626, 76.81760921144416], [82.45954812998936, 33.629869033719984], [91.15492533271758, 65.01242772680574], [15.033620429719651, 68.86080526415643], [66.7785468845111, 84.52226208274357], [72.77896620692631, 38.01880819257304], [92.89078652909153, 54.80212693196559], [59.41216454090392, 51.97212345044976], [92.2539216676973, 41.83359395390017], [79.4651460182094, 9.029176004725691], [94.46828444583394, 60.459457432591925], [48.280879615875435, 83.82098017046381], [97.20634715555654, 13.640040488024885], [22.14166074187768, 69.72769129282756], [76.1343994291904, 74.57111907542973], [48.04781151689206, 21.48650829317491], [81.41664158153044, 45.41753347739693], [46.34584863426999, 78.01997513411779], [93.24708705573084, 96.46480150028405], [1.995210131167069, 74.71508637844376], [36.20052674013727, 37.19411082603297], [93.6332931274215, 23.422729957087927], [32.85070397613586, 2.510049298846184], [55.200525861446536, 92.79385905415279], [98.25489982386132, 82.35717085329645], [43.937828161459024, 96.77241100499107], [83.23836860884214, 78.81365342695948], [84.02388128737776, 66.81204400516995]]","[[0.0, 73.73117609990751, 25.209913563285482, 27.602861316235565, 84.60563419311177, 78.93265212438851, 16.933088357047424, 69.84348200490795, 56.84736570263138, 54.25158651933998, 77.33624720712615, 30.480456367305727, 56.384227406986334, 86.24522770894298, 63.231530319279244, 31.22102852698755, 21.333937354482636, 74.09226160481298, 62.57695450087214, 27.817227392543664, 4.810770889538011, 73.65298124971935, 82.58316832983995, 55.294404823654375, 102.21367057825742, 52.189342483842154, 68.38946761488783, 47.86459636049126, 27.04556549722146, 54.60912294229934, 9.11029757006539, 93.02214798037045, 66.11555978506784, 5.214925892674848, 98.73223066225981, 18.387772772429678, 46.819131515630374, 92.53740625932201, 71.11672058342135, 27.936027400383825, 36.5923989408069, 47.25670486924628, 23.622632910801066, 15.927963283399448, 42.29420056323677, 79.1078807838308, 6.5761430377440755, 87.18533672408348, 58.68143068581328, 44.55224665208377, 29.36881293222309, 75.53349488713438, 78.25652673163579, 106.67714136719034, 59.39401461647477, 5.3368901630617955, 61.66160302863039, 83.37970092726619, 64.40459993684091, 92.34734487127389, 61.30216453754871, 49.33010303277728], [73.73117609990751, 0.0, 53.867039072354686, 46.13817289136255, 11.388910017989296, 9.97608230169431, 57.37823475859244, 35.050353291674924, 41.36520091541512, 54.01048639545469, 4.1503665755769585, 46.8385341964406, 50.07198778148282, 16.231222406803287, 66.7895760081223, 58.800478618015305, 59.949510706609324, 27.054512065342205, 31.843814651768607, 71.32924870971485, 73.14953438787502, 15.766986920540718, 10.87611038094255, 50.47568419122438, 34.914165673618605, 35.36921359624286, 41.30737858621029, 57.828769726683994, 66.06091595766965, 25.797921065554696, 69.22675327992211, 48.12986510068935, 18.9641251715819, 78.89566361521261, 33.97549041092813, 55.43924702526216, 45.56685212446795, 32.80023000075185, 21.44906754600614, 46.10623666720512, 50.65763086577893, 27.261169915288843, 56.8538572190325, 74.64416534900366, 50.02932421230747, 7.689487503158203, 80.25055132692118, 25.690463084427456, 29.18917012273853, 54.76376471155596, 46.20627284445121, 1.8938563473001893, 50.482473088, 45.02360862255107, 40.51009057219326, 70.4627167297817, 75.0741394667852, 18.476748796315608, 51.62559866437375, 20.75835310204029, 36.33663489934765, 38.21224760619326], [25.209913563285482, 53.867039072354686, 0.0, 15.04220342030051, 65.22813046149152, 61.03118814579607, 10.559138523719305, 61.07824579399515, 31.67804158491935, 55.04429612761342, 56.89496882302705, 25.439686422605014, 55.14598205094371, 68.48719174513127, 67.76456579241784, 37.145699473006964, 28.365058118998128, 62.088319747586574, 37.60694020292626, 42.2695699905625, 27.426618185480198, 58.12554205839325, 63.971573228593456, 54.36641804697715, 86.19221815358196, 44.160878820160534, 62.09717180445512, 51.3469940650468, 38.422696818287335, 41.784363852506765, 26.614519344062145, 84.3396808818024, 42.68837192396888, 30.072347513020844, 83.59108151761124, 11.972023547924216, 21.814794913843166, 78.82112476668657, 47.14769396950822, 17.59750401788301, 12.012910256500597, 31.401669666495277, 3.0284725139273148, 35.68865043934467, 17.885954229267885, 57.88963409684332, 30.580878833765443, 72.44784477675474, 34.080730201178795, 46.89064466279691, 8.444580842655624, 55.4777650335966, 53.33645419049771, 93.06328234235212, 53.72193854519962, 20.2419325319773, 69.84466138707668, 60.299704420774134, 40.053386631377556, 70.33719628735548, 36.120036515345966, 24.20369116864425], [27.602861316235565, 46.13817289136255, 15.04220342030051, 0.0, 57.0124279256898, 51.50322037672574, 11.973590169985046, 46.913910971032095, 37.77164553374507, 40.1794664497129, 49.78357398275842, 10.788418580070429, 40.12738094126774, 58.88093661693917, 53.255457378760376, 24.56105572877353, 18.44256030869589, 49.040549106504194, 39.85241217728745, 32.93109483469861, 27.182253166945113, 46.86450994547782, 55.054524755701976, 39.36662016106519, 75.45257262766077, 29.54400112658206, 47.41600348430828, 36.99457334161373, 28.109171348348536, 28.723224930313684, 23.74635798466239, 70.3765596889084, 40.19935455801635, 32.758045726510055, 72.30438254115738, 9.540230090624153, 30.139469400865863, 66.7328547895494, 45.69579748448373, 2.7059289542672547, 23.499558103763942, 19.915163131447052, 17.406316549983003, 30.867450014960447, 28.55723106396512, 51.68843628501543, 34.143249611348054, 60.851554241857116, 35.01838235042707, 32.45339807803116, 8.684069710850215, 47.9488387216453, 59.74950618980454, 81.01909444439279, 38.86748567277708, 24.660737870954126, 56.12215995468408, 56.78446178724284, 48.69953414848409, 65.08866258098985, 40.09879882305013, 28.698013082008217], [84.60563419311177, 11.388910017989296, 65.22813046149152, 57.0124279256898, 0.0, 7.985894371002078, 68.45602566978864, 37.1679465172365, 51.42080230717342, 59.596592619803815, 9.217994347048005, 56.76752008712372, 55.292605717519656, 7.596909282864656, 71.18042062704554, 67.62554232507797, 69.81186284570299, 27.708519334662256, 41.342340478818144, 80.320639543876, 83.79928551156654, 17.40173214781844, 3.776127805973536, 55.89859713041521, 24.943957191228932, 42.360780972982624, 43.85460922575098, 64.43752518704453, 75.14580648342641, 33.83850821504448, 79.70059614945036, 44.36528992391434, 28.57021065335794, 89.7350009347015, 25.109020478561753, 66.42001547037252, 56.4526272952525, 26.265770034097653, 29.368500855563532, 56.78682404458117, 61.94871918578153, 37.59085552675227, 68.2209032819405, 84.62240189917014, 61.10279500403525, 10.881529827343863, 91.1546279081291, 19.960512256417513, 39.45983711884848, 61.92337556075829, 57.49498051818002, 9.93441759188464, 57.48897811371237, 36.328676959413, 45.32535440377926, 81.50780141619225, 80.12518564687669, 20.493015569086047, 60.775415029757056, 15.664271063966748, 45.907072980562866, 49.117422501815426], [78.93265212438851, 9.97608230169431, 61.03118814579607, 51.50322037672574, 7.985894371002078, 0.0, 63.23925054199879, 29.388997670257783, 51.172176960055, 51.62477459417452, 10.958910844530694, 50.217741565063754, 47.31019533059713, 7.463055231803705, 63.21779781345735, 60.34618154972596, 63.12625999077766, 20.14710308572951, 41.79655396054941, 73.07294885018551, 77.80988990813255, 9.442594288207015, 4.409754114160167, 47.922333244322054, 25.708590071052488, 34.6315535917694, 36.04111476704228, 56.554241807604654, 67.96057542028801, 26.54564986716966, 73.52028612637137, 38.971835838912135, 28.934212336607793, 83.9884248165373, 24.25253873847552, 61.02166642492071, 54.819957055650335, 22.84488202315165, 31.255613348729682, 50.997465484970434, 59.110999604027505, 31.676069583807063, 64.05612974053646, 77.96463292804009, 59.00250432586561, 14.491966289149484, 85.50681109657555, 15.770659839612996, 38.96841012402739, 54.14002891758251, 52.96384382568583, 9.823813696471378, 60.22114762293336, 35.17134231319228, 37.340052804687076, 76.15546913088978, 72.14081235548564, 25.673253244187535, 61.58933418311017, 23.25838429631187, 46.27183038403679, 47.487867688091406], [16.933088357047424, 57.37823475859244, 10.559138523719305, 11.973590169985046, 68.45602566978864, 63.23925054199879, 0.0, 58.209860246366155, 41.4399181981597, 48.12365941881049, 60.84937605062553, 19.264539658251564, 48.95630308788266, 70.65400977224587, 59.895281685838995, 28.048979445378873, 18.470336832338294, 60.8599056007175, 46.160007469489656, 31.889806234840897, 17.956536120704495, 58.82430680345595, 66.66956702154164, 48.04230014223228, 87.39989172698104, 40.54583088685021, 58.11180526830401, 43.457213470340115, 28.317021861932062, 40.62004342977836, 16.327039113636644, 81.7174307171257, 49.18638722889164, 22.132988268777464, 84.27654200043699, 2.9004130479171857, 31.966748493876867, 78.68151464898457, 54.22942664190153, 13.342124086609784, 22.52319094518853, 31.807237147294273, 10.757842787216392, 25.244026978979893, 28.385248818277425, 62.445470091025314, 23.1898321328368, 72.82496568977753, 42.020815418824085, 39.22116964031561, 12.481241843882813, 59.13864730675625, 63.38208867179973, 92.96272733262806, 49.291933073718454, 13.097083178965427, 61.010045485187, 66.45588213839571, 50.45742634488272, 75.56196445982887, 45.287931943896695, 33.263447521132775], [69.84348200490795, 35.050353291674924, 61.07824579399515, 46.913910971032095, 37.1679465172365, 29.388997670257783, 58.209860246366155, 0.0, 66.19992680238464, 25.481799225930633, 38.35289679688352, 39.68130990255017, 20.89271387356122, 32.308251801301594, 34.66727752171864, 42.53579230651126, 49.544547886708315, 9.760832406876617, 59.91187042405628, 54.351812782651486, 67.06565847926899, 20.093587976489268, 33.394732083430576, 21.860099010807236, 38.95419782033232, 17.774100735336056, 6.7105144795356715, 32.22502739786457, 50.15556247142102, 20.25464384530897, 62.045733389875096, 23.507571023541022, 49.26945490385336, 74.10840590369544, 34.15431646819569, 55.372466976213886, 65.27744462348214, 26.21925062645322, 53.95499698734196, 44.98619532732653, 64.8525087921928, 31.326160575455646, 63.835416473115714, 63.1395932182612, 67.36573367921349, 42.27638034311708, 76.04791748969268, 24.18724730158064, 55.262636495306765, 31.62678499752388, 52.84299442810969, 36.255475380081116, 81.77119687422068, 38.83128044602425, 11.959561503276733, 68.99369820684765, 44.11080976735299, 53.47511965933782, 78.39696721525374, 52.647376323824965, 63.53697287961629, 59.07427354657654], [56.84736570263138, 41.36520091541512, 31.67804158491935, 37.77164553374507, 51.42080230717342, 51.172176960055, 41.4399181981597, 66.19992680238464, 0.0, 72.06975522271925, 42.245175395958746, 47.026559664026266, 70.20684604458125, 57.51808899011746, 86.25645212489636, 61.93351916005667, 56.046287346387615, 62.368250473477026, 10.575737111898382, 70.6016516588545, 59.04966925687285, 53.4777735837487, 52.04789989572005, 69.89048040128363, 76.11701373685212, 54.70768993608707, 70.18185121937337, 71.39968734736534, 65.87184876735498, 46.79309005011677, 57.75354519297274, 85.90813555947665, 22.85772593709808, 61.58936823282878, 75.33853498992697, 41.694673606562084, 10.289286337929836, 73.55214828790349, 23.60476385335616, 40.035920265485466, 20.61541679569918, 36.91472151402393, 33.305809970191305, 66.4737322131957, 15.69596685981657, 41.03545504240711, 61.90689018601468, 66.39748744695113, 12.206994273923062, 66.9109832338621, 30.291746175657657, 42.10602809435997, 22.108744720544415, 86.34174342835219, 64.34703184288983, 51.75724029405739, 91.21512420767844, 37.65506148146391, 12.403887169747724, 49.49045197022622, 6.422271247839467, 9.173288651946962], [54.25158651933998, 54.01048639545469, 55.04429612761342, 40.1794664497129, 59.596592619803815, 51.62477459417452, 48.12365941881049, 25.481799225930633, 72.06975522271925, 0.0, 57.99766337052088, 29.61073671927838, 4.593102631128917, 56.22513822926688, 14.239007764196483, 23.14186792664762, 32.99686152009419, 34.61159425639668, 69.24698609415256, 32.12757540260089, 50.3483387071306, 42.358388777923246, 55.99426197655057, 3.7409184452377096, 64.43014746224164, 19.322558472760313, 20.056122353297454, 7.6196661978836255, 29.26275119610042, 29.32471509216909, 45.31749155023736, 43.55480925193455, 62.14102211540606, 57.38855870376544, 59.593751550948404, 45.31324387612197, 67.46939009817977, 51.56293826233917, 67.8181335193198, 37.522233286753206, 63.10874885013295, 35.84178954903746, 57.05095647265535, 43.31818606818302, 67.4525499104207, 61.69969498946534, 59.501287021965375, 49.56857212521463, 63.953830998015114, 9.720978452479011, 48.51969346073104, 55.67289197761163, 91.73138603370936, 63.33366922818399, 14.4549584713395, 55.203669487236176, 21.152015804819804, 71.86513963091068, 84.33539455177915, 74.06491243067677, 71.64188109393751, 63.29136936020728], [77.33624720712615, 4.1503665755769585, 56.89496882302705, 49.78357398275842, 9.217994347048005, 10.958910844530694, 60.84937605062553, 38.35289679688352, 42.245175395958746, 57.99766337052088, 0.0, 50.832260250327984, 54.00598487620266, 15.59933529488155, 70.63621858131324, 62.926257403219466, 63.94133727438574, 29.90612688482172, 32.26887228845428, 75.43691960195041, 76.87795685121687, 18.558890977019843, 10.113393499600875, 54.43668568454547, 33.93717528671078, 39.46254232275464, 44.746033989264106, 61.920785823631505, 70.16238372684985, 29.93765996239677, 73.03396336809838, 49.91108236791947, 19.4225525130632, 82.51788891420081, 33.60821067135561, 58.99375445730996, 47.26973625887522, 33.447094244787074, 20.75732647345051, 49.85778181088883, 53.01131661816991, 31.204233823053663, 59.8528910908047, 78.59787893017501, 51.981938341462815, 3.923497358769813, 83.83058404567745, 26.524031227231063, 30.2482987955645, 58.88935061452659, 49.433197168223245, 2.336105684615452, 49.49831287548539, 44.80508518199862, 44.35884284972146, 73.94590839717524, 79.0219077423826, 15.21268540131768, 51.84957311812818, 16.608574796642074, 36.82656143125016, 39.94533497949362], [30.480456367305727, 46.8385341964406, 25.439686422605014, 10.788418580070429, 56.76752008712372, 50.217741565063754, 19.264539658251564, 39.68130990255017, 47.026559664026266, 29.61073671927838, 50.832260250327984, 0.0, 29.93881096646608, 57.232404699592294, 42.48477750873227, 15.065747362305723, 13.111046850766735, 43.61650279247717, 47.47990553487557, 25.78654274926163, 28.330711580129393, 43.891576151111856, 54.22507201780476, 29.092290314636582, 72.20913366422498, 21.911827337802993, 39.02813272300586, 26.20649095769643, 20.51694259722821, 24.525764208954495, 23.648290603870844, 63.099517455840285, 45.23112756726763, 35.089245434275085, 68.52300537999633, 16.36511377503117, 40.28242389318058, 62.12503727261571, 51.05299959500091, 8.082684665539796, 34.24763650404975, 19.668484926351283, 27.462072153503083, 27.862115066070345, 39.15682450101983, 53.40584359946745, 36.89558630840759, 56.97590455859291, 42.305704273619035, 21.66572125595378, 19.426763546859746, 48.727759070173725, 68.59364293051749, 76.22103788734442, 30.125249035672773, 29.31505605562027, 45.43072939082114, 60.31217579821271, 58.513486401917646, 67.06457873704068, 48.47254886982039, 37.85332860919488], [56.384227406986334, 50.07198778148282, 55.14598205094371, 40.12738094126774, 55.292605717519656, 47.31019533059713, 48.95630308788266, 20.89271387356122, 70.20684604458125, 4.593102631128917, 54.00598487620266, 29.93881096646608, 0.0, 51.75830719167038, 17.06406770091005, 25.73492672525409, 35.050990800329956, 30.034776352014077, 66.79537002082029, 35.71374843950739, 52.70295996367833, 37.98809705238349, 51.65987027757524, 1.1770195180763126, 59.844396146213334, 16.201073045892134, 15.596780264452802, 11.721931609400851, 32.43192221250259, 26.0032442331844, 47.619639015498784, 39.568462381901504, 59.085275175752066, 59.805288304965885, 55.01717169443794, 46.090087513321826, 66.19120589568347, 47.001436167562304, 64.66831467633133, 37.54910033478816, 62.49230905862742, 33.51873276871021, 57.33122045086368, 46.36151471627877, 66.54964411253556, 57.75707328409006, 61.89447639098135, 44.97694020924359, 61.55131204024309, 12.605168346925986, 48.17073093868535, 51.69280201849932, 89.33109695361078, 58.89926607392971, 10.000453640857705, 56.941193528001385, 25.01931998990476, 68.10861872247386, 82.55514990452903, 69.92303998216063, 69.40798292586393, 61.61544640654741], [86.24522770894298, 16.231222406803287, 68.48719174513127, 58.88093661693917, 7.596909282864656, 7.463055231803705, 70.65400977224587, 32.308251801301594, 57.51808899011746, 56.22513822926688, 15.59933529488155, 57.232404699592294, 51.75830719167038, 0.0, 66.88905256028251, 66.7293673842441, 70.02397136783014, 22.56201157519578, 47.758458931113935, 79.45679446158502, 85.02570743766206, 14.284676354524834, 5.505372367538537, 52.48592105652506, 18.686367061165484, 40.43801759504503, 39.00226621409002, 61.710385510101815, 74.4269973728498, 33.14204316433742, 80.66670453402992, 37.023684548145816, 34.85685658250402, 91.27687656462248, 18.009229178215282, 68.40957446638502, 61.73728772585615, 18.669666546102025, 36.31911417863254, 58.31209476189529, 66.37779125217531, 39.00842050402218, 71.5113589895782, 84.85197420103793, 66.07788784390789, 18.09981638680326, 92.82119911813703, 12.520526198980216, 45.37726095245353, 59.655427581542995, 60.426883878739595, 15.418582946743136, 64.80807809897789, 29.20875170655807, 41.77460894772211, 83.54053073168845, 76.15005944325438, 28.08976486167727, 67.41808548232352, 22.313209943346703, 52.29908823978962, 54.38521599637243], [63.231530319279244, 66.7895760081223, 67.76456579241784, 53.255457378760376, 71.18042062704554, 63.21779781345735, 59.895281685838995, 34.66727752171864, 86.25645212489636, 14.239007764196483, 70.63621858131324, 42.48477750873227, 17.06406770091005, 66.88905256028251, 0.0, 32.557533814314226, 42.935080184481194, 44.41616193445896, 83.47089164137111, 37.37093510338793, 58.84860893763142, 53.780261748783374, 67.46021594693653, 16.980511382458236, 72.19015870657559, 33.19922222596986, 28.08908506788041, 16.462413876106154, 36.391061466749036, 43.064222842207684, 54.121676185490976, 46.46480362505357, 76.1127034937731, 65.5248081523753, 67.13016043916545, 57.22509176312073, 81.40910641185924, 58.92311885245192, 81.719604712738, 50.55493721064305, 76.55753741867221, 50.070138953572524, 69.51718658196278, 49.9619076580948, 81.13136643540234, 74.44762796318649, 67.65447241563544, 58.441800956416266, 78.18324823913716, 20.873947404223635, 61.80626301916418, 68.3478053775717, 105.96462335507876, 68.73161331858303, 26.28126369024662, 65.1082269000087, 9.812724298666728, 84.98735501259905, 98.49034960826728, 86.21575905516153, 85.88076232511142, 77.42726690379166], [31.22102852698755, 58.800478618015305, 37.145699473006964, 24.56105572877353, 67.62554232507797, 60.34618154972596, 28.048979445378873, 42.53579230651126, 61.93351916005667, 23.14186792664762, 62.926257403219466, 15.065747362305723, 25.73492672525409, 66.7293673842441, 32.557533814314226, 0.0, 10.377848529992605, 49.17516302283166, 62.52697329711353, 12.732023566196228, 27.215504665424955, 52.59417601517162, 64.63253964874689, 24.589553136067494, 79.42016163121616, 26.840890536246807, 39.481586034788435, 16.674997939086378, 7.799398955513688, 33.81784937878873, 22.210444937197053, 64.36603176214962, 59.67529981035346, 34.24669279428654, 75.15312221190119, 25.63265941188414, 54.69563842966392, 67.85541980194317, 65.5534954455544, 22.05668911382463, 47.614096129892154, 32.82470861650644, 38.36680676396229, 20.84136390402211, 52.954407287693, 65.91405038906909, 36.35982536124565, 63.909109474008, 57.330246231314646, 13.422506020496682, 33.06151455504558, 60.684534935094845, 83.6186269139872, 81.21509067090844, 30.862053186764413, 32.63344108495485, 32.96145254962311, 73.84379224724178, 73.18721148043511, 79.48576067858913, 63.53094658949897, 52.76769880242], [21.333937354482636, 59.949510706609324, 28.365058118998128, 18.44256030869589, 69.81186284570299, 63.12625999077766, 18.470336832338294, 49.544547886708315, 56.046287346387615, 32.99686152009419, 63.94133727438574, 13.111046850766735, 35.050990800329956, 70.02397136783014, 42.935080184481194, 10.377848529992605, 0.0, 54.89647235799635, 58.22763250946419, 14.557582853940717, 17.797935550708733, 56.39768962684211, 67.19726345852942, 33.96051038573355, 84.35426808061283, 32.38541904558001, 47.48442865317947, 26.952293825751557, 10.117865536072015, 36.99590020635774, 12.69704226667604, 72.31171331759322, 57.49453192313779, 24.92654502524561, 80.43393539709875, 16.4288813888924, 47.80330237978691, 73.631434595256, 63.208317347746686, 16.593421136342467, 39.64987183074583, 32.760432960816345, 29.139719417303493, 14.838389643494892, 45.292508732096934, 66.4862654362306, 26.97385998111831, 68.94728136634856, 53.29903469713394, 23.35005485792738, 25.94685997012167, 61.838801403519774, 78.10034962907181, 87.46649445368536, 38.54468673038105, 22.319877060893877, 42.963416409774126, 73.12727108063281, 66.53547537558173, 80.14084299640865, 58.54063207284243, 47.05466900403782], [74.09226160481298, 27.054512065342205, 62.088319747586574, 49.040549106504194, 27.708519334662256, 20.14710308572951, 60.8599056007175, 9.760832406876617, 62.368250473477026, 34.61159425639668, 29.90612688482172, 43.61650279247717, 30.034776352014077, 22.56201157519578, 44.41616193445896, 49.17516302283166, 54.89647235799635, 0.0, 54.92888401719195, 61.51937105032915, 71.81585196369005, 11.352660490824244, 23.935511435162912, 30.899693003872773, 30.471721482938033, 22.577015799429077, 16.441389771554135, 40.87392776730244, 56.95451275872634, 20.38531103736109, 66.95209540942656, 23.64408275198302, 43.27577996851259, 78.67971268637018, 26.014955688870767, 58.15611623174851, 62.929496128480054, 18.759253059949515, 47.35389919927784, 47.532042699667514, 64.05581076051381, 30.849660171405034, 65.00516788182988, 69.16860381235885, 65.75865526046294, 33.79480926195102, 80.50799182196191, 15.125381132656461, 50.73865989094138, 39.64332710074663, 53.65568761465223, 27.990908389704572, 75.96457241949368, 32.63490893034638, 20.35099297797513, 72.59051679259171, 53.810029867958306, 45.1175792214351, 74.18088702523012, 43.31419222860418, 58.91368060254743, 56.19101232308945], [62.57695450087214, 31.843814651768607, 37.60694020292626, 39.85241217728745, 41.342340478818144, 41.79655396054941, 46.160007469489656, 59.91187042405628, 10.575737111898382, 69.24698609415256, 32.26887228845428, 47.47990553487557, 66.79537002082029, 47.758458931113935, 83.47089164137111, 62.52697329711353, 58.22763250946419, 54.92888401719195, 0.0, 72.55039376229888, 64.11428832545616, 45.18878440054999, 42.255855167850626, 66.64844117442483, 66.20490278953807, 50.73156865356458, 64.5815934729125, 69.69174688006203, 67.50818587469699, 41.76020484284429, 62.065648701193886, 78.10255549120703, 12.909324650371705, 67.5784007937716, 65.71676445604811, 45.77692351007693, 18.921643549650717, 64.50289300569538, 13.029160112067052, 41.65497175473728, 28.272360779657067, 33.40606543117623, 39.79926178639826, 70.22671850656315, 24.535130912202895, 30.754528976328867, 68.17322825684063, 57.348770010663955, 5.334735988470971, 65.3911789907319, 33.94349098849344, 32.371665373050895, 22.540683044272185, 76.83291086890382, 59.78744925742174, 57.79316438326457, 89.39177570388247, 27.11711475661659, 19.805809912118196, 38.9226576438724, 4.565355039768288, 13.533326515806994], [27.817227392543664, 71.32924870971485, 42.2695699905625, 32.93109483469861, 80.320639543876, 73.07294885018551, 31.889806234840897, 54.351812782651486, 70.6016516588545, 32.12757540260089, 75.43691960195041, 25.78654274926163, 35.71374843950739, 79.45679446158502, 37.37093510338793, 12.732023566196228, 14.557582853940717, 61.51937105032915, 72.55039376229888, 0.0, 23.050686701520558, 65.3051334290734, 77.35220440694685, 34.53745271730677, 91.89208589840612, 39.42292088546476, 50.61509123321281, 24.59280689863908, 5.319532008290763, 46.536959345726146, 19.28189102622625, 75.21335778549594, 71.01503893514781, 28.97402980125298, 87.53354539422877, 30.333584321829257, 62.30572471461343, 80.08410642765618, 76.82724241439381, 30.92178090069455, 53.88522908729415, 44.87725767218763, 42.62700031599184, 12.807750362870946, 59.61257390905779, 78.32892972677915, 31.053652144959894, 76.39312182745924, 67.53449625210655, 23.218945639839845, 40.48172693961558, 73.21878981254315, 92.64654515720564, 93.17671869942819, 42.45073965384952, 31.165767924958427, 34.27086771115993, 85.87590339754539, 81.04590182649888, 91.94633319176579, 73.01014002748342, 61.59545564488381], [4.810770889538011, 73.14953438787502, 27.426618185480198, 27.182253166945113, 83.79928551156654, 77.80988990813255, 17.956536120704495, 67.06565847926899, 59.04966925687285, 50.3483387071306, 76.87795685121687, 28.330711580129393, 52.70295996367833, 85.02570743766206, 58.84860893763142, 27.215504665424955, 17.797935550708733, 71.81585196369005, 64.11428832545616, 23.050686701520558, 0.0, 72.06214757111832, 81.59886567461227, 51.58952461733928, 100.49779391818805, 49.591164452293306, 65.2469132172162, 43.74557018626771, 22.52202773971447, 52.79678562909436, 5.102587529136766, 90.02647719015337, 66.74745991653765, 7.128989118637538, 96.85180016707434, 18.70131783948616, 49.23761084898773, 90.41468406329302, 71.9525683458153, 27.045759221105552, 39.215086289801384, 46.235861950782684, 26.276653500815424, 11.153870134583704, 45.02760104292218, 78.8613631000479, 9.194278406427642, 85.30331071529326, 59.95637148433212, 40.6276268794639, 30.34613086667202, 74.9854917557497, 80.75886490992278, 104.44997813232405, 56.28379958650125, 9.264645688531854, 57.017597283000065, 83.74684245663514, 67.24197806445834, 92.26920069731476, 63.15690370502426, 51.131202061262336], [73.65298124971935, 15.766986920540718, 58.12554205839325, 46.86450994547782, 17.40173214781844, 9.442594288207015, 58.82430680345595, 20.093587976489268, 53.4777735837487, 42.358388777923246, 18.558890977019843, 43.891576151111856, 37.98809705238349, 14.284676354524834, 53.780261748783374, 52.59417601517162, 56.39768962684211, 11.352660490824244, 45.18878440054999, 65.3051334290734, 72.06214757111832, 0.0, 13.702779940847599, 38.637735416851044, 28.607059533880967, 26.15989580336086, 26.68841935529074, 47.55920696564454, 60.33075153119755, 19.41273001354529, 67.51396325558878, 33.02438061359959, 32.94714468353561, 78.55787610295675, 25.531345740554222, 56.36971743714311, 55.40502607348068, 21.039982080291683, 36.5603265589125, 45.92580039217653, 58.076427356280924, 27.101516093584817, 61.139194663781396, 71.16578965747004, 58.90802620399944, 22.45634071870315, 80.21116346133759, 14.346427577151388, 41.46045658438078, 45.39673201576931, 49.7615552688142, 16.642821298122588, 65.45432785562559, 35.074263457915656, 27.99534854308, 71.37655748023631, 62.74281821661658, 33.77157406594333, 64.82048971423869, 32.63049815548445, 49.40492217288964, 48.30109409303034], [82.58316832983995, 10.87611038094255, 63.971573228593456, 55.054524755701976, 3.776127805973536, 4.409754114160167, 66.66956702154164, 33.394732083430576, 52.04789989572005, 55.99426197655057, 10.113393499600875, 54.22507201780476, 51.65987027757524, 5.505372367538537, 67.46021594693653, 64.63253964874689, 67.19726345852942, 23.935511435162912, 42.255855167850626, 77.35220440694685, 81.59886567461227, 13.702779940847599, 0.0, 52.285725563790635, 24.089995110818624, 39.02969534706487, 40.08390354946827, 60.96172797974002, 72.21800341200492, 30.81545233948194, 77.38889864662467, 41.13330865325308, 29.356917754779666, 87.67434310669154, 23.507405297002403, 64.53361365340872, 56.44286873078997, 23.6313148767046, 30.860421318977917, 54.67583653604033, 61.367919559541754, 35.373525021666474, 66.98499216013118, 82.03099278223696, 60.87925539711424, 12.83385908396037, 89.14969107769261, 16.971891852187056, 39.92670672370913, 58.54699767184889, 56.0540393935828, 9.942427527894075, 59.46920377309267, 34.694559415927785, 41.67782211146239, 79.659390720512, 76.4455022348584, 23.362343463475245, 61.9131815316288, 19.407993041502476, 46.79847304630558, 49.08825380749666], [55.294404823654375, 50.47568419122438, 54.36641804697715, 39.36662016106519, 55.89859713041521, 47.922333244322054, 48.04230014223228, 21.860099010807236, 69.89048040128363, 3.7409184452377096, 54.43668568454547, 29.092290314636582, 1.1770195180763126, 52.48592105652506, 16.980511382458236, 24.589553136067494, 33.96051038573355, 30.899693003872773, 66.64844117442483, 34.53745271730677, 51.58952461733928, 38.637735416851044, 52.285725563790635, 0.0, 60.81326497009822, 16.219724083300164, 16.690100146699674, 10.602943157511275, 31.259693126350133, 26.12484665724998, 46.50981786123615, 40.73724121425945, 59.13357483699481, 58.68753290396693, 56.00553593780418, 45.183487974327534, 65.72081574568249, 48.0117141009703, 64.75189100135697, 36.77000703220005, 61.865240064185144, 33.309521786469496, 56.5188346247779, 45.19642101304958, 65.9892837236814, 58.16448455222479, 60.77932391166667, 45.887369529915716, 61.38741108804474, 11.431524452019268, 47.477638930435326, 52.117249113753196, 89.17444163918427, 59.987576824760495, 10.714193607475247, 55.89821685412091, 24.602098635290297, 68.43243489837728, 82.21995294850844, 70.43422715608997, 69.19662607533574, 61.24516922926528], [102.21367057825742, 34.914165673618605, 86.19221815358196, 75.45257262766077, 24.943957191228932, 25.708590071052488, 87.39989172698104, 38.95419782033232, 76.11701373685212, 64.43014746224164, 33.93717528671078, 72.20913366422498, 59.844396146213334, 18.686367061165484, 72.19015870657559, 79.42016163121616, 84.35426808061283, 30.471721482938033, 66.20490278953807, 91.89208589840612, 100.49779391818805, 28.607059533880967, 24.089995110818624, 60.81326497009822, 0.0, 52.5994252114045, 44.736361074347506, 71.09740787827056, 87.21843382048921, 47.70122235965405, 95.85566322197386, 31.0924804526478, 53.35027396228555, 107.07930754260207, 5.117245039995278, 84.9680323563683, 80.4083025719241, 13.287093198309135, 54.29865260374896, 74.53222876393625, 84.79849319053247, 55.61623846225296, 89.21989610618927, 98.94731838780419, 84.68786069648829, 35.78915510814952, 108.7614097460845, 15.51147896769444, 64.01408444634454, 70.08490813153934, 77.945462119873, 34.02655068025328, 82.0059754685654, 12.76905377151512, 50.59063899078803, 99.98361438018406, 81.95814069854683, 44.02387796173705, 85.71339821462524, 34.734410122939124, 70.7635887339651, 73.05876943314439], [52.189342483842154, 35.36921359624286, 44.160878820160534, 29.54400112658206, 42.360780972982624, 34.6315535917694, 40.54583088685021, 17.774100735336056, 54.70768993608707, 19.322558472760313, 39.46254232275464, 21.911827337802993, 16.201073045892134, 40.43801759504503, 33.19922222596986, 26.840890536246807, 32.38541904558001, 22.577015799429077, 50.73156865356458, 39.42292088546476, 49.591164452293306, 26.15989580336086, 39.02969534706487, 16.219724083300164, 52.5994252114045, 0.0, 17.936863194205113, 22.459677300430375, 34.639720528409214, 10.020856494244503, 44.63765401606107, 41.2378071766827, 42.91386555784854, 56.569590593286925, 48.408911633428815, 37.68677881505581, 51.64624855078573, 41.33626851561701, 48.54064338329336, 27.449645256472557, 49.40485908819809, 17.79297417562813, 46.781885240757916, 46.592458815787346, 52.74630016271393, 43.008974299752815, 58.47018564944177, 37.088925520343366, 45.53175420477898, 19.58559986660762, 36.21779413590439, 37.12682312794361, 73.27114614294997, 55.08431137389852, 9.994500100351512, 51.22678058090941, 40.41741217996495, 52.79301108714168, 67.1080031742795, 55.89050728308573, 53.50512183845795, 46.441345966788106], [68.38946761488783, 41.30737858621029, 62.09717180445512, 47.41600348430828, 43.85460922575098, 36.04111476704228, 58.11180526830401, 6.7105144795356715, 70.18185121937337, 20.056122353297454, 44.746033989264106, 39.02813272300586, 15.596780264452802, 39.00226621409002, 28.08908506788041, 39.481586034788435, 47.48442865317947, 16.441389771554135, 64.5815934729125, 50.61509123321281, 65.2469132172162, 26.68841935529074, 40.08390354946827, 16.690100146699674, 44.736361074347506, 17.936863194205113, 0.0, 27.289293303194192, 46.81474466792019, 23.43248890711243, 60.16013734703209, 24.906778789644495, 54.54979136793132, 72.36188550141263, 39.79679517708187, 55.2232519140947, 68.39987411105096, 31.672771608808834, 59.48548361848484, 45.233519826443526, 67.01669087739998, 34.08785328887555, 64.70685291631005, 60.31286469076657, 70.01264366041781, 48.664651818432304, 74.37141281255404, 30.43855425810964, 59.733248500576835, 27.450923262783807, 54.13142311865273, 42.597561178074194, 86.74965759938249, 43.30250600474463, 8.999972003918455, 68.04850909383259, 37.63969604268626, 59.778771526596614, 82.50998389413775, 59.29464327260299, 67.9823759411865, 62.58385784419237], [47.86459636049126, 57.828769726683994, 51.3469940650468, 36.99457334161373, 64.43752518704453, 56.554241807604654, 43.457213470340115, 32.22502739786457, 71.39968734736534, 7.6196661978836255, 61.920785823631505, 26.20649095769643, 11.721931609400851, 61.710385510101815, 16.462413876106154, 16.674997939086378, 26.952293825751557, 40.87392776730244, 69.69174688006203, 24.59280689863908, 43.74557018626771, 47.55920696564454, 60.96172797974002, 10.602943157511275, 71.09740787827056, 22.459677300430375, 27.289293303194192, 0.0, 22.03202308987238, 32.247520303801245, 38.80853444553431, 51.145355986987774, 63.8586994936778, 50.6839340734569, 66.36048756159067, 40.771087104994244, 65.82563945932682, 58.440669985121644, 69.6806114235758, 34.288664891220755, 60.42537550321222, 36.63311212592287, 53.063384667345034, 36.10311584346731, 65.1860728719687, 65.46343728920012, 52.81117189663013, 55.97705595655231, 64.35732864656528, 4.57584486100595, 45.61811081908497, 59.584870103725294, 91.92243167072601, 70.57695901930485, 20.537084700155628, 49.268241743422095, 19.819720931283136, 75.08347738419069, 83.42656785461331, 78.31511215380476, 71.65370176396823, 62.37715593453711], [27.04556549722146, 66.06091595766965, 38.422696818287335, 28.109171348348536, 75.14580648342641, 67.96057542028801, 28.317021861932062, 50.15556247142102, 65.87184876735498, 29.26275119610042, 70.16238372684985, 20.51694259722821, 32.43192221250259, 74.4269973728498, 36.391061466749036, 7.799398955513688, 10.117865536072015, 56.95451275872634, 67.50818587469699, 5.319532008290763, 22.52202773971447, 60.33075153119755, 72.21800341200492, 31.259693126350133, 87.21843382048921, 34.639720528409214, 46.81474466792019, 22.03202308987238, 0.0, 41.414935269824454, 18.00716893545741, 71.61241801059005, 65.74674300395624, 29.134237247832935, 82.94207641351616, 26.456316829918123, 57.83636443847728, 75.61482810041348, 71.56965371010595, 25.975316484533636, 49.76766504132303, 39.55859808869091, 39.06102535275107, 14.07506409155414, 55.40553416888305, 73.0330104507389, 31.26443736892704, 71.70759651464964, 62.44985095279689, 19.829549395392814, 35.956865872725075, 67.95171014676417, 87.85584707303074, 88.90525306493238, 38.372005833463504, 29.595994209306475, 34.70833631799841, 80.55678616841243, 76.55046871442168, 86.65715056244565, 68.08784230067593, 56.806774384787865], [54.60912294229934, 25.797921065554696, 41.784363852506765, 28.723224930313684, 33.83850821504448, 26.54564986716966, 40.62004342977836, 20.25464384530897, 46.79309005011677, 29.32471509216909, 29.93765996239677, 24.525764208954495, 26.0032442331844, 33.14204316433742, 43.064222842207684, 33.81784937878873, 36.99590020635774, 20.38531103736109, 41.76020484284429, 46.536959345726146, 52.79678562909436, 19.41273001354529, 30.81545233948194, 26.12484665724998, 47.70122235965405, 10.020856494244503, 23.43248890711243, 32.247520303801245, 41.414935269824454, 0.0, 48.17232552619537, 42.78635311510289, 33.13982386008911, 59.413211372945035, 44.12377127259759, 37.97823613141643, 45.13296315310213, 38.11513132029637, 38.67293604047528, 27.35777699663649, 44.675201409669526, 11.087797723786803, 44.674067506868, 51.78635896114728, 47.11197482411971, 33.339325981034094, 61.13060836920373, 32.576214066684166, 36.71648694159292, 28.997909921260685, 33.3781305311862, 27.61638414344768, 64.21405124293146, 52.37333021496738, 18.055575981988987, 52.68771879987899, 50.436714427723246, 42.85095847520141, 59.15278292044189, 46.5074153843404, 44.8849421860568, 39.16573423594708], [9.11029757006539, 69.22675327992211, 26.614519344062145, 23.74635798466239, 79.70059614945036, 73.52028612637137, 16.327039113636644, 62.045733389875096, 57.75354519297274, 45.31749155023736, 73.03396336809838, 23.648290603870844, 47.619639015498784, 80.66670453402992, 54.121676185490976, 22.210444937197053, 12.69704226667604, 66.95209540942656, 62.065648701193886, 19.28189102622625, 5.102587529136766, 67.51396325558878, 77.38889864662467, 46.50981786123615, 95.85566322197386, 44.63765401606107, 60.16013734703209, 38.80853444553431, 18.00716893545741, 48.17232552619537, 0.0, 84.9556396924989, 63.817103135503466, 12.231440974820616, 92.13470093506798, 16.29220276614822, 48.272655580742125, 85.59751295604616, 69.18536263649791, 23.228366690983634, 38.618949255859505, 42.11250623215656, 26.01794740942326, 9.221885758163381, 44.49064695823509, 75.16858363750366, 14.291710995875844, 80.59445243337282, 57.66642741731152, 35.60022795123443, 28.122837444285093, 71.08192288837661, 79.70896529023193, 99.58488567171185, 51.20343288092467, 11.884207260932472, 52.695257706954656, 80.53050826511466, 66.66594459104111, 88.6759988698175, 61.44855206789596, 49.45053330566181], [93.02214798037045, 48.12986510068935, 84.3396808818024, 70.3765596889084, 44.36528992391434, 38.971835838912135, 81.7174307171257, 23.507571023541022, 85.90813555947665, 43.55480925193455, 49.91108236791947, 63.099517455840285, 39.568462381901504, 37.023684548145816, 46.46480362505357, 64.36603176214962, 72.31171331759322, 23.64408275198302, 78.10255549120703, 75.21335778549594, 90.02647719015337, 33.02438061359959, 41.13330865325308, 40.73724121425945, 31.0924804526478, 41.2378071766827, 24.906778789644495, 51.145355986987774, 71.61241801059005, 42.78635311510289, 84.9556396924989, 0.0, 65.97150828354158, 97.12320698126675, 26.2792804015172, 78.87906691044361, 86.54861065347825, 19.651484309090826, 69.43112494515609, 68.48462543977321, 87.29677357666144, 53.76047585747229, 87.14904642990543, 85.20497503200684, 89.25675439109482, 