instance_id,num_cities,city_coordinates,distance_matrix,best_route,total_distance
2398,39,"[[33.21068912436357, 21.938755595988248], [69.70312864651586, 93.0603017480226], [90.12406788827325, 10.693821964856687], [82.21269777170306, 93.86111496111876], [13.390994288927482, 69.68801871781213], [25.78373002849116, 76.65914177884746], [10.22069381640116, 18.770729292010756], [21.443023061266675, 55.83544649996547], [22.58281905772025, 99.22885654230808], [66.23453272759137, 18.443599226550578], [59.70729037851865, 31.113965454944637], [33.64297137711753, 75.75161830260242], [45.57064787792818, 23.97650332585274], [6.987348962223139, 31.118552550563994], [41.60125074409811, 94.764213918983], [30.03584260069061, 45.496160594219226], [7.731672171504622, 97.93537901901527], [30.22575252626176, 17.684849436907502], [31.4029107318322, 53.736089357660056], [11.488388336205457, 95.49871665966079], [64.43411870153255, 57.25446163422867], [87.92628853947035, 9.613608996411338], [54.56078513711056, 84.93602815545204], [22.343438402189086, 61.841352287887275], [38.23003728715375, 57.65002775159292], [77.82273707761284, 99.23913835705544], [10.044449058994676, 87.68859948022737], [23.075673372280924, 27.225547854528877], [75.09167589149355, 2.2660722128327593], [92.819916777953, 57.32747564570244], [66.58299074035206, 73.21490616465472], [32.99033261586432, 96.63161557124478], [79.0199461333301, 61.819778150127014], [83.18475181221787, 9.129916365112633], [20.33780397825976, 28.894188558597378], [36.95740723062835, 64.93984171100139], [94.2986651675278, 21.227454263701883], [68.92651699741967, 96.36998638121838], [74.05880021904896, 28.539462138606233]]","[[0.0, 79.9373033654119, 58.01362955972328, 87.02886089178068, 51.6992498209305, 55.22210051612498, 23.207246172754466, 35.88124327294603, 78.017378361784, 33.208287585740855, 28.040227423784977, 53.814598954437564, 12.526811094623659, 27.783668609212956, 73.30722272906544, 23.770380322989283, 80.15402096330197, 5.196687801374322, 31.84868124534605, 76.70023613536164, 47.13917317412177, 56.08659428112475, 66.51678697655866, 41.355947105766454, 36.0622907612782, 89.25012043459945, 69.7116679585858, 11.431041802037488, 46.27128185043504, 69.32259031668171, 61.179687252298564, 74.69318501894345, 60.737006739526386, 51.58946892508208, 14.631787986508337, 43.16400472197394, 61.09211705805848, 82.55681968718247, 41.37798335909472], [79.9373033654119, 0.0, 84.86018943760511, 12.53517536774441, 60.969829341661686, 46.881890142179884, 95.16880071229161, 60.94856552321971, 47.522359411060876, 74.69727875114748, 62.74763232836013, 39.999068300493, 73.17750906174145, 88.1478832136632, 28.15348749850971, 61.93416751632538, 62.16291334897651, 85.0877314096762, 54.89353670911174, 58.26578633021422, 36.19144445935955, 85.41331329287019, 17.184131876931357, 56.723567107799774, 47.37555260065024, 10.20323786429904, 59.90002700650771, 80.67424871399588, 90.95399143688032, 42.55843928966857, 20.089175852031296, 36.8860905330473, 32.600205563052484, 85.00625714443484, 80.95817044276917, 43.16297653939798, 75.92692799305205, 3.399579095229914, 64.66769377944294], [58.01362955972328, 84.86018943760511, 0.0, 83.54273398355755, 96.78987464879285, 92.14717843793694, 80.31055733862736, 82.18790777357714, 111.35651144509329, 25.115113732557997, 36.635537586252156, 86.15469300871595, 46.491255723587074, 85.60889938135979, 97.06850460848506, 69.43916468596166, 119.99831727646267, 60.304913964966, 72.80666920073347, 115.65223846866219, 53.17768945374004, 2.4488965113336243, 82.32042431915679, 84.91338876570147, 69.98482459731001, 89.39572581901153, 111.0897885337981, 69.05639121807197, 17.233681412501088, 46.71151096743763, 66.80619943390442, 103.1967445034574, 52.31792155472905, 7.113361253887743, 72.12056554592874, 75.95606930182925, 11.330696000300877, 88.25951117511228, 24.01165755408749], [87.02886089178068, 12.53517536774441, 83.54273398355755, 0.0, 72.94357718304778, 58.9926799012219, 104.02602873048448, 71.68615505332812, 59.87098700645188, 77.09152636801734, 66.66106909646265, 51.836012493918865, 78.9081666485152, 97.95653240774851, 40.62148713924268, 71.14487350785777, 74.59237764055307, 92.22508284175, 64.74296980147918, 70.74326600073736, 40.695515005334656, 84.44102901276682, 29.05659042007205, 67.89398661961312, 56.971196759371495, 6.942253995850295, 72.43173385762059, 89.09257240889778, 91.87143630464674, 38.0423434698164, 25.895051256042187, 49.30027287110526, 32.20001440465125, 84.7367742162369, 89.71735622576335, 53.70736791507326, 73.63232492730634, 13.520984999974313, 65.82859844143758], [51.6992498209305, 60.969829341661686, 96.78987464879285, 72.94357718304778, 0.0, 14.218876743356256, 51.01589132375249, 16.022762695653807, 30.937852898243648, 73.6099863042708, 60.27567393721298, 21.140241623624927, 55.90235008063101, 39.09744740896419, 37.74432586540289, 29.36489357708711, 28.808701650972385, 54.66021130738444, 24.060199173270846, 25.880727146984952, 52.53564401005672, 95.73110671244609, 43.90277292260131, 11.904470994696991, 27.602378223089918, 70.8852463543732, 18.309021622146272, 43.552892450016714, 91.39306855960979, 80.38492864215966, 53.30879309786577, 33.31803527001617, 66.09892986899169, 92.40374640554289, 41.381091623091095, 24.039987600387242, 94.31053766261161, 61.61267467734629, 73.30611423972077], [55.22210051612498, 46.881890142179884, 92.14717843793694, 58.9926799012219, 14.218876743356256, 0.0, 59.94394378404691, 21.271295730233337, 22.795566576568653, 70.88946913089292, 56.790589301374176, 7.911464683350003, 56.27594967967513, 49.26712096771646, 24.041372647753857, 31.451738547179705, 27.90259959164904, 59.141345276407925, 23.601727141912853, 23.649236262276517, 43.24805378386557, 91.41554049706859, 29.943709670241933, 15.211919401325204, 22.72128914648555, 56.72666480704132, 19.219102544689303, 49.507714339561986, 89.25022310718711, 69.76792708252201, 40.94438219830005, 21.232871455371537, 55.26573457456712, 88.62885301522793, 48.074409686206934, 16.1923764870317, 88.13040518392697, 47.432240748094145, 68.16146983877861], [23.207246172754466, 95.16880071229161, 80.31055733862736, 104.02602873048448, 51.01589132375249, 59.94394378404691, 0.0, 38.72639843034488, 81.4022873211011, 56.01479414983594, 51.002732458915744, 61.607019069003854, 35.73120954352783, 12.764139538978245, 82.21769310095179, 33.26993837734888, 79.20376881909142, 20.034507956141287, 40.881080195768746, 76.73845903382347, 66.4837806744115, 78.2432891906645, 79.64854343939601, 44.74415606026309, 47.91787944360496, 105.09615173996667, 68.91809554459837, 15.386177442990434, 66.93764277809773, 91.15511133905257, 78.36374742113438, 81.12197028700568, 81.15761040689242, 73.59822710574181, 14.312244602067876, 53.352027006964896, 84.11385595790625, 97.30374286818545, 64.58120446773918], [35.88124327294603, 60.94856552321971, 82.18790777357714, 71.68615505332812, 16.022762695653807, 21.271295730233337, 38.72639843034488, 0.0, 43.408376726346404, 58.34748992636139, 45.555524125899844, 23.355783827171877, 39.964165692091264, 28.63374512989381, 43.83837446891516, 13.443860333917067, 44.27646622451622, 39.14849158170849, 10.178735816457362, 40.89339497119763, 43.01450811414396, 80.97211156225501, 44.08661948482606, 6.073026602902465, 16.884802389690346, 71.15161712421018, 33.83121109374062, 28.65644513089873, 75.81461476531504, 71.39248635266084, 48.37005582284802, 42.398912354470944, 57.887082287375954, 77.41735990289051, 26.96391827395959, 17.988499890576588, 80.65765749971226, 62.431811761069056, 59.27470597289347], [78.017378361784, 47.522359411060876, 111.35651144509329, 59.87098700645188, 30.937852898243648, 22.795566576568653, 81.4022873211011, 43.408376726346404, 0.0, 91.82445156868386, 77.57489773562172, 25.952026600868123, 78.68517610377026, 69.8729718657174, 19.535449254200234, 54.24712134096919, 14.907368914037644, 81.90140125059017, 46.33989515802045, 11.70471428863632, 59.27378096406173, 110.90834773192124, 35.02677915353844, 37.38827058681073, 44.42560570129708, 55.23991897677049, 17.040782120661166, 72.00499543339338, 110.26768153413786, 81.78615785818498, 51.11497551943154, 10.726695629350282, 67.70958911927382, 108.58366946569127, 70.37048822543314, 37.180173792523874, 105.95933814758637, 46.431793819796255, 87.44579531163052], [33.208287585740855, 74.69727875114748, 25.115113732557997, 77.09152636801734, 73.6099863042708, 70.88946913089292, 56.01479414983594, 58.34748992636139, 91.82445156868386, 0.0, 14.252826844003861, 65.92737611707918, 21.391801346595724, 60.587814169956914, 80.19747382747805, 45.19055480357439, 98.69917805036995, 36.01677321514173, 49.586306078492214, 94.52317942363598, 38.85260006090904, 23.420098156637597, 67.50940295744932, 61.72352170651088, 48.1808655231799, 81.6223353221825, 89.17508375558498, 44.04327147880727, 18.44346402673394, 47.1034870310585, 54.77241538123614, 84.9620076327456, 45.22123056669024, 19.34049160337656, 47.07148316419203, 54.94588831330122, 28.20186835077004, 77.9728708865345, 12.772846578460925], [28.040227423784977, 62.74763232836013, 36.635537586252156, 66.66106909646265, 60.27567393721298, 56.790589301374176, 51.002732458915744, 45.555524125899844, 77.57489773562172, 14.252826844003861, 0.0, 51.69012262274883, 15.836288290938688, 52.71994161585422, 66.1753942245683, 32.97335818894627, 84.65557393758459, 32.39602184157736, 36.233939850002045, 80.43916149400982, 26.56442068810102, 35.4764314024366, 54.0675591231673, 48.3759210360936, 34.13846807579599, 70.49261374108791, 75.28005727297833, 36.837415163484366, 32.69373429451148, 42.23261942609622, 42.65869740285374, 70.755623867318, 36.27431054583222, 32.163482550168254, 39.43201578526929, 40.76453222757165, 35.976468883539226, 65.90403937985084, 14.580600194391032], [53.814598954437564, 39.999068300493, 86.15469300871595, 51.836012493918865, 21.140241623624927, 7.911464683350003, 61.607019069003854, 23.355783827171877, 25.952026600868123, 65.92737611707918, 51.69012262274883, 0.0, 53.13127137160977, 51.98685184497333, 20.61099227487417, 30.46972430386418, 34.11033078182999, 58.167233312034725, 22.129197600006904, 29.67782746833073, 35.91990476557801, 85.56234450466167, 22.84531279809656, 17.921354470341647, 18.673745048581253, 50.03514060796666, 26.445827179990317, 49.66333960029692, 84.3689551318002, 61.97870521086467, 33.03755112173233, 20.890194429234075, 47.467525826190666, 83.02312435537114, 48.70981627686556, 11.308403870296196, 81.5597796302623, 40.8661925528331, 62.148426453401534], [12.526811094623659, 73.17750906174145, 46.491255723587074, 78.9081666485152, 55.90235008063101, 56.27594967967513, 35.73120954352783, 39.964165692091264, 78.68517610377026, 21.391801346595724, 15.836288290938688, 53.13127137160977, 0.0, 39.23875408759616, 70.89891455179568, 26.541021531765633, 83.0764911169699, 16.58465320746483, 32.95994139293043, 79.22769348931028, 38.25249064684521, 44.724635597938466, 61.618878887800875, 44.42127921331793, 34.46434115279604, 81.88199734730728, 72.94752908020031, 22.728400039576925, 36.644698308089495, 57.83407962668926, 53.534464288757, 73.73621679665587, 50.50711834191676, 40.438125069819506, 25.707587193538572, 41.85908510830703, 48.80550112150916, 76.06781849911516, 28.851263697415234], [27.783668609212956, 88.1478832136632, 85.60889938135979, 97.95653240774851, 39.09744740896419, 49.26712096771646, 12.764139538978245, 28.63374512989381, 69.8729718657174, 60.587814169956914, 52.71994161585422, 51.98685184497333, 39.23875408759616, 0.0, 72.44924021401985, 27.16521069418485, 66.82097212967652, 26.8419034263777, 33.281716117801686, 64.53731390568075, 63.11273324069258, 83.74708673832522, 71.83002512855475, 34.346759768395984, 40.98810498317248, 98.27546194283423, 56.65259103188483, 16.552633261406257, 73.96394370318632, 89.74484579990512, 72.96398773744232, 70.48486777488642, 78.30236464200956, 79.30664740348395, 13.534490914104419, 45.189423464849874, 87.86978868088316, 89.96782843799544, 67.12101966634457], [73.30722272906544, 28.15348749850971, 97.06850460848506, 40.62148713924268, 37.74432586540289, 24.041372647753857, 82.21769310095179, 43.83837446891516, 19.535449254200234, 80.19747382747805, 66.1753942245683, 20.61099227487417, 70.89891455179568, 72.44924021401985, 0.0, 50.60730919477307, 34.0177106927663, 77.91425022847002, 42.2766264503829, 30.121818946948366, 43.912656212363984, 96.93624010359878, 16.2647707357388, 38.14155416571877, 37.26698129765774, 36.49686316569483, 32.34031620561051, 70.0333379950223, 98.37436045862941, 63.44179318737507, 32.99181713593823, 8.811078250816715, 49.8547351087177, 95.19674615567028, 69.2170095376959, 30.18374496608764, 90.46917987642685, 27.372407293027546, 73.75100179856135], [23.770380322989283, 61.93416751632538, 69.43916468596166, 71.14487350785777, 29.36489357708711, 31.451738547179705, 33.26993837734888, 13.443860333917067, 54.24712134096919, 45.19055480357439, 32.97335818894627, 30.46972430386418, 26.541021531765633, 27.16521069418485, 50.60730919477307, 0.0, 56.98550383683243, 27.811959551039227, 8.352562558985264, 53.33163857196585, 36.35242828281545, 68.10918616574511, 46.44325526556342, 18.06483805230146, 14.658148363239734, 71.91588797035887, 46.688946388717035, 19.551451239532998, 62.44092131760318, 63.8891225964439, 45.86962931113458, 51.22073571276743, 51.6323821744444, 64.39961389407699, 19.226997388925042, 20.638914513547377, 68.69265223598293, 64.03616716542564, 47.175739739641216], [80.15402096330197, 62.16291334897651, 119.99831727646267, 74.59237764055307, 28.808701650972385, 27.90259959164904, 79.20376881909142, 44.27646622451622, 14.907368914037644, 98.69917805036995, 84.65557393758459, 34.11033078182999, 83.0764911169699, 66.82097212967652, 34.0177106927663, 56.98550383683243, 0.0, 83.34345294751728, 50.13885460945754, 4.477749411883108, 69.78613387886243, 119.29757564314095, 48.59988625521159, 38.9394719795679, 50.52781215792993, 70.10318942875425, 10.504543200341015, 72.3555014920054, 117.00421516309746, 94.28155273744224, 63.832432786438154, 25.292285910356217, 79.91467093454821, 116.53144393013206, 70.1826227731693, 44.077761649051894, 115.66308830668645, 61.21486328807972, 95.99521443649148], [5.196687801374322, 85.0877314096762, 60.304913964966, 92.22508284175, 54.66021130738444, 59.141345276407925, 20.034507956141287, 39.14849158170849, 81.90140125059017, 36.01677321514173, 32.39602184157736, 58.167233312034725, 16.58465320746483, 26.8419034263777, 77.91425022847002, 27.811959551039227, 83.34345294751728, 0.0, 36.07045329996012, 80.03803314019581, 52.30646734226848, 58.262310102328435, 71.51863289524411, 44.854516160350464, 40.75885244039691, 94.42761767434631, 72.85471865133742, 11.922607022132128, 47.44143516484824, 74.09161363540368, 66.37345833044209, 78.99515672584978, 65.79335272111489, 53.64552623688941, 14.947267644388457, 47.73205914145643, 64.17077359120846, 87.68751305971105, 45.15704471001216], [31.84868124534605, 54.89353670911174, 72.80666920073347, 64.74296980147918, 24.060199173270846, 23.601727141912853, 40.881080195768746, 10.178735816457362, 46.33989515802045, 49.586306078492214, 36.233939850002045, 22.129197600006904, 32.95994139293043, 33.281716117801686, 42.2766264503829, 8.352562558985264, 50.13885460945754, 36.07045329996012, 0.0, 46.26775595824522, 33.218062005693874, 71.70554728899138, 38.855158318511734, 12.156040723018526, 7.86947080519894, 65.00252107583064, 40.11180410618681, 27.787617617052874, 67.51200534767764, 61.52192037915573, 40.212713581730796, 42.92488878702236, 48.29832383138114, 68.34522466650749, 27.19479036099424, 12.505058902305906, 70.80033390957597, 56.79498395624574, 49.54185030014133], [76.70023613536164, 58.26578633021422, 115.65223846866219, 70.74326600073736, 25.880727146984952, 23.649236262276517, 76.73845903382347, 40.89339497119763, 11.70471428863632, 94.52317942363598, 80.43916149400982, 29.67782746833073, 79.22769348931028, 64.53731390568075, 30.121818946948366, 53.33163857196585, 4.477749411883108, 80.03803314019581, 46.26775595824522, 0.0, 65.31365405769462, 114.97392880915321, 44.34863870077145, 35.364534330163885, 46.34262660526973, 66.4397213827767, 7.942473858487229, 69.24948197063496, 112.86143795995743, 89.84353710321341, 59.43049237763674, 21.53176880215424, 75.46378070064699, 112.24944632381947, 67.1898453694543, 39.78084666736334, 111.23741441965298, 57.44473635617018, 91.64386618428998], [47.13917317412177, 36.19144445935955, 53.17768945374004, 40.695515005334656, 52.53564401005672, 43.24805378386557, 66.4837806744115, 43.01450811414396, 59.27378096406173, 38.85260006090904, 26.56442068810102, 35.91990476557801, 38.25249064684521, 63.11273324069258, 43.912656212363984, 36.35242828281545, 69.78613387886243, 52.30646734226848, 33.218062005693874, 65.31365405769462, 0.0, 53.118103164107254, 29.389655335564186, 42.33987404244563, 26.20706689663304, 44.06776805717062, 62.32553979111338, 51.110240293324196, 56.01166393186668, 28.38589197966458, 16.10445406240234, 50.39118906694628, 15.283601563784364, 51.64840848865265, 52.42890482451739, 28.531294050213948, 46.79568778953442, 39.37265445307509, 30.285073722004025], [56.08659428112475, 85.41331329287019, 2.4488965113336243, 84.44102901276682, 95.73110671244609, 91.41554049706859, 78.2432891906645, 80.97211156225501, 110.90834773192124, 23.420098156637597, 35.4764314024366, 85.56234450466167, 44.724635597938466, 83.74708673832522, 96.93624010359878, 68.10918616574511, 119.29757564314095, 58.262310102328435, 71.70554728899138, 114.97392880915321, 53.118103164107254, 0.0, 82.38157345707293, 83.83822160237779, 69.11739951239876, 90.19322183688794, 110.27821661556983, 67.19957349496327, 14.788968138773111, 47.9641602445285, 67.08696864835265, 102.90817616447266, 52.96042893294753, 4.766144049171912, 70.28473513882506, 75.22512139082129, 13.247210490604422, 88.81250100962801, 23.462633046547698], [66.51678697655866, 17.184131876931357, 82.32042431915679, 29.05659042007205, 43.90277292260131, 29.943709670241933, 79.64854343939601, 44.08661948482606, 35.02677915353844, 67.50940295744932, 54.0675591231673, 22.84531279809656, 61.618878887800875, 71.83002512855475, 16.2647707357388, 46.44325526556342, 48.59988625521159, 71.51863289524411, 38.855158318511734, 44.34863870077145, 29.389655335564186, 82.38157345707293, 0.0, 39.63989762935864, 31.799672064005136, 27.30745996099691, 44.60135453904665, 65.74048828086885, 85.18121324988874, 47.18043371562953, 16.79041775209193, 24.53713893207168, 33.65429498515273, 81.03022925419309, 65.6650609136902, 26.64069041972557, 75.08582753511092, 18.36054608640141, 59.67198044834731], [41.355947105766454, 56.723567107799774, 84.91338876570147, 67.89398661961312, 11.904470994696991, 15.211919401325204, 44.74415606026309, 6.073026602902465, 37.38827058681073, 61.72352170651088, 48.3759210360936, 17.921354470341647, 44.42127921331793, 34.346759768395984, 38.14155416571877, 18.06483805230146, 38.9394719795679, 44.854516160350464, 12.156040723018526, 35.364534330163885, 42.33987404244563, 83.83822160237779, 39.63989762935864, 0.0, 16.43019249735996, 66.90700250640545, 28.624208745150362, 34.62354812291687, 79.57129227459644, 70.62088279390439, 45.67817552035975, 36.38294622103224, 56.676511837281474, 80.49944654777525, 33.00815304204532, 14.938832672727294, 82.62592433110959, 57.98456504761053, 61.51011734148709], [36.0622907612782, 47.37555260065024, 69.98482459731001, 56.971196759371495, 27.602378223089918, 22.72128914648555, 47.91787944360496, 16.884802389690346, 44.42560570129708, 48.1808655231799, 34.13846807579599, 18.673745048581253, 34.46434115279604, 40.98810498317248, 37.26698129765774, 14.658148363239734, 50.52781215792993, 40.75885244039691, 7.86947080519894, 46.34262660526973, 26.20706689663304, 69.11739951239876, 31.799672064005136, 16.43019249735996, 0.0, 57.421563873259444, 41.191542521052256, 33.98975908521938, 66.52941403406705, 54.59083240509343, 32.34432577025879, 39.33215852179438, 41.002481413512655, 66.1447470853617, 33.867835780771614, 7.400065866163519, 66.86026392311567, 49.411628822400445, 46.164112506772526], [89.25012043459945, 10.20323786429904, 89.39572581901153, 6.942253995850295, 70.8852463543732, 56.72666480704132, 105.09615173996667, 71.15161712421018, 55.23991897677049, 81.6223353221825, 70.49261374108791, 50.03514060796666, 81.88199734730728, 98.27546194283423, 36.49686316569483, 71.91588797035887, 70.10318942875425, 94.42761767434631, 65.00252107583064, 66.4397213827767, 44.06776805717062, 90.19322183688794, 27.30745996099691, 66.90700250640545, 57.421563873259444, 0.0, 68.75544542128918, 90.46103139706763, 97.0115160824431, 44.514074967301205, 28.347708177733754, 44.90816924458545, 37.43850728620132, 90.26861630714936, 90.8456355340458, 53.35182221739812, 79.7325470652057, 9.347446965652274, 70.79979829115905], [69.7116679585858, 59.90002700650771, 111.0897885337981, 72.43173385762059, 18.309021622146272, 19.219102544689303, 68.91809554459837, 33.83121109374062, 17.040782120661166, 89.17508375558498, 75.28005727297833, 26.445827179990317, 72.94752908020031, 56.65259103188483, 32.34031620561051, 46.688946388717035, 10.504543200341015, 72.85471865133742, 40.11180410618681, 7.942473858487229, 62.32553979111338, 110.27821661556983, 44.60135453904665, 28.624208745150362, 41.191542521052256, 68.75544542128918, 0.0, 61.85138170643452, 107.3692222349931, 88.16788472333715, 58.36175540238521, 24.62704019994317, 73.66692007719821, 107.33578424558215, 59.68865814470487, 35.23937141310871, 107.31195998375712, 59.51860552155095, 87.15765946089135], [11.431041802037488, 80.67424871399588, 69.05639121807197, 89.09257240889778, 43.552892450016714, 49.507714339561986, 15.386177442990434, 28.65644513089873, 72.00499543339338, 44.04327147880727, 36.837415163484366, 49.66333960029692, 22.728400039576925, 16.552633261406257, 70.0333379950223, 19.551451239532998, 72.3555014920054, 11.922607022132128, 27.787617617052874, 69.24948197063496, 51.110240293324196, 67.19957349496327, 65.74048828086885, 34.62354812291687, 33.98975908521938, 90.46103139706763, 61.85138170643452, 0.0, 57.694366643435444, 75.96305381548757, 63.30803852863557, 70.11064615173453, 65.77630595060464, 62.773825675190814, 3.2062892286866513, 40.18793968352134, 71.47511236080797, 82.96537374295417, 51.000054841338574], [46.27128185043504, 90.95399143688032, 17.233681412501088, 91.87143630464674, 91.39306855960979, 89.25022310718711, 66.93764277809773, 75.81461476531504, 110.26768153413786, 18.44346402673394, 32.69373429451148, 84.3689551318002, 36.644698308089495, 73.96394370318632, 98.37436045862941, 62.44092131760318, 117.00421516309746, 47.44143516484824, 67.51200534767764, 112.86143795995743, 56.01166393186668, 14.788968138773111, 85.18121324988874, 79.57129227459644, 66.52941403406705, 97.0115160824431, 107.3692222349931, 57.694366643435444, 0.0, 57.845040175675955, 71.45722330264773, 103.33140315964314, 59.683123225570355, 10.611796945164112, 60.88549145415835, 73.36364105882843, 26.98967295705371, 94.30565118803894, 26.29368460954955], [69.32259031668171, 42.55843928966857, 46.71151096743763, 38.0423434698164, 80.38492864215966, 69.76792708252201, 91.15511133905257, 71.39248635266084, 81.78615785818498, 47.1034870310585, 42.23261942609622, 61.97870521086467, 57.83407962668926, 89.74484579990512, 63.44179318737507, 63.8891225964439, 94.28155273744224, 74.09161363540368, 61.52192037915573, 89.84353710321341, 28.38589197966458, 47.9641602445285, 47.18043371562953, 70.62088279390439, 54.59083240509343, 44.514074967301205, 88.16788472333715, 75.96305381548757, 57.845040175675955, 0.0, 30.67224700600004, 71.58487658922843, 14.512752033426091, 49.151206745337376, 77.8595433488098, 56.37879113671251, 36.13029532927413, 45.77348793357643, 34.361740587774904], [61.179687252298564, 20.089175852031296, 66.80619943390442, 25.895051256042187, 53.30879309786577, 40.94438219830005, 78.36374742113438, 48.37005582284802, 51.11497551943154, 54.77241538123614, 42.65869740285374, 33.03755112173233, 53.534464288757, 72.96398773744232, 32.99181713593823, 45.86962931113458, 63.832432786438154, 66.37345833044209, 40.212713581730796, 59.43049237763674, 16.10445406240234, 67.08696864835265, 16.79041775209193, 45.67817552035975, 32.34432577025879, 28.347708177733754, 58.36175540238521, 63.30803852863557, 71.45722330264773, 30.67224700600004, 0.0, 40.94885785099989, 16.867922276154808, 66.2004863146392, 64.05422162337685, 30.759582084347805, 58.91395220240353, 23.27337223423076, 45.29661164244369], [74.69318501894345, 36.8860905330473, 103.1967445034574, 49.30027287110526, 33.31803527001617, 21.232871455371537, 81.12197028700568, 42.398912354470944, 10.726695629350282, 84.9620076327456, 70.755623867318, 20.890194429234075, 73.73621679665587, 70.48486777488642, 8.811078250816715, 51.22073571276743, 25.292285910356217, 78.99515672584978, 42.92488878702236, 21.53176880215424, 50.39118906694628, 102.90817616447266, 24.53713893207168, 36.38294622103224, 39.33215852179438, 44.90816924458545, 24.62704019994317, 70.11064615173453, 103.33140315964314, 71.58487658922843, 40.94885785099989, 0.0, 57.71125839211621, 100.87629593923288, 68.90896530364635, 31.939101606149023, 97.1828132066535, 35.937136749304564, 79.518302235195], [60.737006739526386, 32.600205563052484, 52.31792155472905, 32.20001440465125, 66.09892986899169, 55.26573457456712, 81.15761040689242, 57.887082287375954, 67.70958911927382, 45.22123056669024, 36.27431054583222, 47.467525826190666, 50.50711834191676, 78.30236464200956, 49.8547351087177, 51.6323821744444, 79.91467093454821, 65.79335272111489, 48.29832383138114, 75.46378070064699, 15.283601563784364, 52.96042893294753, 33.65429498515273, 56.676511837281474, 41.002481413512655, 37.43850728620132, 73.66692007719821, 65.77630595060464, 59.683123225570355, 14.512752033426091, 16.867922276154808, 57.71125839211621, 0.0, 52.8542064670998, 67.28809893181504, 42.17809829242179, 43.37252602542762, 35.99436345503862, 33.64806684802969], [51.58946892508208, 85.00625714443484, 7.113361253887743, 84.7367742162369, 92.40374640554289, 88.62885301522793, 73.59822710574181, 77.41735990289051, 108.58366946569127, 19.34049160337656, 32.163482550168254, 83.02312435537114, 40.438125069819506, 79.30664740348395, 95.19674615567028, 64.39961389407699, 116.53144393013206, 53.64552623688941, 68.34522466650749, 112.24944632381947, 51.64840848865265, 4.766144049171912, 81.03022925419309, 80.49944654777525, 66.1447470853617, 90.26861630714936, 107.33578424558215, 62.773825675190814, 10.611796945164112, 49.151206745337376, 66.2004863146392, 100.87629593923288, 52.8542064670998, 0.0, 65.88144888648402, 72.46871845271372, 16.427705052049713, 88.3975513034663, 21.447924366106044], [14.631787986508337, 80.95817044276917, 72.12056554592874, 89.71735622576335, 41.381091623091095, 48.074409686206934, 14.312244602067876, 26.96391827395959, 70.37048822543314, 47.07148316419203, 39.43201578526929, 48.70981627686556, 25.707587193538572, 13.534490914104419, 69.2170095376959, 19.226997388925042, 70.1826227731693, 14.947267644388457, 27.19479036099424, 67.1898453694543, 52.42890482451739, 70.28473513882506, 65.6650609136902, 33.00815304204532, 33.867835780771614, 90.8456355340458, 59.68865814470487, 3.2062892286866513, 60.88549145415835, 77.8595433488098, 64.05422162337685, 68.90896530364635, 67.28809893181504, 65.88144888648402, 0.0, 39.69257264841313, 74.35716376117841, 83.1495419389518, 53.72216737935959], [43.16400472197394, 43.16297653939798, 75.95606930182925, 53.70736791507326, 24.039987600387242, 16.1923764870317, 53.352027006964896, 17.988499890576588, 37.180173792523874, 54.94588831330122, 40.76453222757165, 11.308403870296196, 41.85908510830703, 45.189423464849874, 30.18374496608764, 20.638914513547377, 44.077761649051894, 47.73205914145643, 12.505058902305906, 39.78084666736334, 28.531294050213948, 75.22512139082129, 26.64069041972557, 14.938832672727294, 7.400065866163519, 53.35182221739812, 35.23937141310871, 40.18793968352134, 73.36364105882843, 56.37879113671251, 30.759582084347805, 31.939101606149023, 42.17809829242179, 72.46871845271372, 39.69257264841313, 0.0, 72.1026537523333, 44.83166261998234, 51.97596554846931], [61.09211705805848, 75.92692799305205, 11.330696000300877, 73.63232492730634, 94.31053766261161, 88.13040518392697, 84.11385595790625, 80.65765749971226, 105.95933814758637, 28.20186835077004, 35.976468883539226, 81.5597796302623, 48.80550112150916, 87.86978868088316, 90.46917987642685, 68.69265223598293, 115.66308830668645, 64.17077359120846, 70.80033390957597, 111.23741441965298, 46.79568778953442, 13.247210490604422, 75.08582753511092, 82.62592433110959, 66.86026392311567, 79.7325470652057, 107.31195998375712, 71.47511236080797, 26.98967295705371, 36.13029532927413, 58.91395220240353, 97.1828132066535, 43.37252602542762, 16.427705052049713, 74.35716376117841, 72.1026537523333, 0.0, 79.31044090028702, 21.520167106584594], [82.55681968718247, 3.399579095229914, 88.25951117511228, 13.520984999974313, 61.61267467734629, 47.432240748094145, 97.30374286818545, 62.431811761069056, 46.431793819796255, 77.9728708865345, 65.90403937985084, 40.8661925528331, 76.06781849911516, 89.96782843799544, 27.372407293027546, 64.03616716542564, 61.21486328807972, 87.68751305971105, 56.79498395624574, 57.44473635617018, 39.37265445307509, 88.81250100962801, 18.36054608640141, 57.98456504761053, 49.411628822400445, 9.347446965652274, 59.51860552155095, 82.96537374295417, 94.30565118803894, 45.77348793357643, 23.27337223423076, 35.937136749304564, 35.99436345503862, 88.3975513034663, 83.1495419389518, 44.83166261998234, 79.31044090028702, 0.0, 68.02440995771012], [41.37798335909472, 64.66769377944294, 24.01165755408749, 65.82859844143758, 73.30611423972077, 68.16146983877861, 64.58120446773918, 59.27470597289347, 87.44579531163052, 12.772846578460925, 14.580600194391032, 62.148426453401534, 28.851263697415234, 67.12101966634457, 73.75100179856135, 47.175739739641216, 95.99521443649148, 45.15704471001216, 49.54185030014133, 91.64386618428998, 30.285073722004025, 23.462633046547698, 59.67198044834731, 61.51011734148709, 46.164112506772526, 70.79979829115905, 87.15765946089135, 51.000054841338574, 26.29368460954955, 34.361740587774904, 45.29661164244369, 79.518302235195, 33.64806684802969, 21.447924366106044, 53.72216737935959, 51.97596554846931, 21.520167106584594, 68.02440995771012, 0.0]]",Route_3,2091.544697962072
