instance_id,num_cities,city_coordinates,distance_matrix,best_route,total_distance
265,29,"[[39.95659134132187, 38.62286163348784], [72.00669817087079, 97.36270147812192], [41.92807611041056, 77.23299411214145], [17.23363879106393, 86.02276665676868], [48.779270800329044, 30.96499538492985], [84.8018002376975, 36.15547046606399], [45.46721126272054, 42.39128973927312], [94.02721505290175, 7.028204340109423], [51.406274326888, 11.47850999100637], [60.704395059490516, 53.071413647280096], [24.074357117329402, 92.38183946313787], [90.26362945582656, 25.080830872916373], [42.34691815250149, 63.791794433777696], [13.999388179599892, 18.28881604857806], [89.87242214320892, 59.98264250647342], [57.92645496649318, 37.849448244090375], [77.9151797250421, 0.3936698257341775], [85.08596507622416, 93.94259820203025], [80.11876111492381, 46.374168034855536], [36.88037611817608, 56.640954672740406], [78.36850438599295, 16.781020155666383], [66.43695545070906, 34.55040350608177], [94.29545093602808, 69.5356585355271], [76.16178959578838, 25.929243623963416], [59.170188746840815, 92.73842587189937], [25.473242192861623, 45.208545012339584], [60.29478549630858, 39.19979113954027], [45.76327888245204, 88.14966983693014], [21.913937579736643, 54.707360964991224]]","[[0.0, 66.91470789563951, 38.6604330318988, 52.56504131851623, 11.682576270548836, 44.91303574835094, 6.6759255767712355, 62.62471331707072, 29.46033038783932, 25.283038077393176, 56.05598149381171, 52.0978375844381, 25.282184252349534, 32.97347124322973, 54.293926028466366, 17.98649957546366, 53.873235825952754, 71.39281215722923, 40.903332771933265, 18.278806768229586, 44.187567288702986, 26.791688983063334, 62.51649921708607, 38.36592653406076, 57.42522632173955, 15.91033086150908, 20.346375331760925, 49.866044068292375, 24.171232353886683], [66.91470789563951, 0.0, 36.19293610217349, 55.93462394238821, 70.34322111399013, 62.53031077056902, 61.04261195189736, 92.97969959582251, 88.32027972072589, 45.710614011802484, 48.19043790302513, 74.55189037262082, 44.79629840196687, 98.06899290473022, 41.43009656976069, 61.15619804396271, 97.14887160372867, 13.519035808836543, 51.629798642870696, 53.77842656522433, 80.83241888668523, 63.05875681059018, 35.65294965013866, 71.55420103495855, 13.644042622167206, 69.8957692704975, 59.330371965380934, 27.813611918795267, 65.79333353715869], [38.6604330318988, 36.19293610217349, 0.0, 26.21212192679986, 46.77249806136531, 59.37608246960017, 35.020991437032, 87.42444043563685, 66.43409082291592, 30.59954450375935, 23.414585141580286, 71.10677779043525, 13.447723876175807, 65.22597440533701, 50.953262378692514, 42.50896153946406, 84.8490034317545, 46.27973907474332, 49.09985303422135, 21.20168303426528, 70.58573487711384, 49.2187840906478, 52.9300568779756, 61.67675375011373, 23.188550239802773, 36.004539983173224, 42.23577324994908, 11.570764416531231, 30.132538721538207], [52.56504131851623, 55.93462394238821, 26.21212192679986, 0.0, 63.45459066360836, 83.97739976118463, 51.9696102786449, 110.16984265525326, 82.00375126367888, 54.54812843448326, 9.339873349034681, 95.11729113877506, 33.53942346351532, 67.81112329117224, 77.16528307887329, 63.06008162995483, 104.95042465002582, 68.31297032052672, 74.34076931515031, 35.34522829273181, 92.36823723463033, 71.20653438151237, 78.80575883314145, 84.16506678996129, 42.470864141045446, 41.63762424369936, 63.61331143603179, 28.608811245522258, 31.663225205147047], [11.682576270548836, 70.34322111399013, 46.77249806136531, 63.45459066360836, 0.0, 36.39455534326463, 11.896635703120456, 51.1893194387982, 19.662763298584114, 25.11776894922027, 66.19940707144875, 41.89958717054848, 33.45106719343124, 37.017911308973794, 50.30577433813394, 11.448435235425295, 42.23158930605743, 72.69356578014155, 34.922861494067135, 28.299091504963073, 32.81322747751797, 18.018018165366808, 59.66086414076018, 27.841715668790243, 62.64126347623901, 27.313909925907236, 14.156939635156688, 57.26415283080642, 35.85311774993562], [44.91303574835094, 62.53031077056902, 59.37608246960017, 83.97739976118463, 36.39455534326463, 0.0, 39.825812381400404, 30.55332895912932, 41.52365023871462, 29.44204595527982, 82.76005629851066, 12.3482476702616, 50.657510946712776, 73.02190694112635, 24.360733444457725, 26.92867884169017, 36.41884027703271, 57.78782641377279, 11.24066881586035, 52.116388524388746, 20.41461781042263, 18.43485188430336, 34.703981891630825, 13.387512813006055, 62.11771365783654, 60.01529770333464, 24.695377298142446, 65.01848135585247, 65.56718623496616], [6.6759255767712355, 61.04261195189736, 35.020991437032, 51.9696102786449, 11.896635703120456, 39.825812381400404, 0.0, 60.071805175564336, 31.478126085347093, 18.6074398224724, 54.3756312163838, 48.02469228527622, 21.62678501935026, 39.63777399906847, 47.76273071674953, 13.261262301808303, 53.07231609543621, 65.01679058487386, 34.87969648201014, 16.636907420421355, 41.69389640377239, 22.387712438557184, 55.86603392886425, 34.83039048514129, 52.17859435331223, 20.19147657899481, 15.167155994604283, 45.75933790164701, 26.578982516689823], [62.62471331707072, 92.97969959582251, 87.42444043563685, 110.16984265525326, 51.1893194387982, 30.55332895912932, 60.071805175564336, 0.0, 42.85265229547388, 56.83649756641603, 110.35689992958955, 18.440767372306322, 76.76560589245366, 80.81617690853778, 53.11718013635232, 47.46803086926098, 17.424543914508465, 87.37309546725776, 41.731881697487985, 75.6781751616637, 18.44756450272343, 38.9704230391182, 62.50802972803763, 26.00812782138435, 92.52704662924205, 78.46901049932178, 46.614244614536375, 94.39332444096415, 86.45014033754782], [29.46033038783932, 88.32027972072589, 66.43409082291592, 82.00375126367888, 19.662763298584114, 41.52365023871462, 31.478126085347093, 42.85265229547388, 0.0, 42.61953406265865, 85.39544729097932, 41.16937187996548, 53.09191712007295, 38.02177533774525, 61.90553609254215, 27.165035246085207, 28.733181983517152, 89.07663786564045, 45.189753792938355, 47.44099628381077, 27.47869108612026, 27.53604266079222, 72.18111918868087, 28.66459905108452, 81.62997180013086, 42.54688494125992, 29.11142489341556, 76.87854154252095, 52.33098014884076], [25.283038077393176, 45.710614011802484, 30.59954450375935, 54.54812843448326, 25.11776894922027, 29.44204595527982, 18.6074398224724, 56.83649756641603, 42.61953406265865, 0.0, 53.73145500978193, 40.708980116751185, 21.25849295218601, 58.23389703054281, 29.975638246760937, 15.473370088516168, 55.418009734493396, 47.59111979549686, 20.537056949025114, 24.08994606985564, 40.36103836715291, 19.387884497524194, 37.408961421574325, 31.235051455462685, 39.69667048806321, 36.09790624789898, 13.877668788074038, 38.12769347760867, 38.824939344639276], [56.05598149381171, 48.19043790302513, 23.414585141580286, 9.339873349034681, 66.19940707144875, 82.76005629851066, 54.3756312163838, 110.35689992958955, 85.39544729097932, 53.73145500978193, 0.0, 94.3951562844239, 33.93047541024044, 74.77486956061323, 73.34230242218064, 64.18524924666575, 106.58638530466705, 61.03156784460726, 72.50986863660948, 37.96583949092277, 93.07705575270566, 71.6872702954321, 73.84409251979204, 84.43369064516065, 35.09764310653818, 47.19403128358778, 64.34477209416652, 22.097976990634365, 37.73637161526961], [52.0978375844381, 74.55189037262082, 71.10677779043525, 95.11729113877506, 41.89958717054848, 12.3482476702616, 48.02469228527622, 18.440767372306322, 41.16937187996548, 40.708980116751185, 94.3951562844239, 0.0, 61.59991819748249, 76.56608885670305, 34.90400404632316, 34.76680088137302, 27.60326305571899, 69.05614533201822, 23.58653347031459, 62.01462046301655, 14.504511655659485, 25.639485174256855, 44.63728583774594, 14.127338448352575, 74.46040703736196, 67.84481673763521, 33.12818508884001, 77.18782060287708, 74.49437337714205], [25.282184252349534, 44.79629840196687, 13.447723876175807, 33.53942346351532, 33.45106719343124, 50.657510946712776, 21.62678501935026, 76.76560589245366, 53.09191712007295, 21.25849295218601, 33.93047541024044, 61.59991819748249, 0.0, 53.61066589297786, 47.677910692227634, 30.26098632173292, 72.69403988711649, 52.30389182288294, 41.594300452710144, 9.000977230338849, 59.22472096181116, 37.886525842512526, 52.265112964390525, 50.76434067878541, 33.480291293607586, 25.10095813809322, 30.444910382766466, 24.59629270423995, 22.36143167455504], [32.97347124322973, 98.06899290473022, 65.22597440533701, 67.81112329117224, 37.017911308973794, 73.02190694112635, 39.63777399906847, 80.81617690853778, 38.02177533774525, 58.23389703054281, 74.77486956061323, 76.56608885670305, 53.61066589297786, 0.0, 86.5742019746302, 48.08539828667635, 66.37367450441015, 103.81134894124861, 71.83702717647456, 44.65899848957917, 64.38677325077578, 54.90116290161932, 95.25595287994561, 62.63018667832678, 87.08125875715298, 29.26296521885681, 50.798943807590724, 76.74297130434972, 37.26862629660514], [54.293926028466366, 41.43009656976069, 50.953262378692514, 77.16528307887329, 50.30577433813394, 24.360733444457725, 47.76273071674953, 53.11718013635232, 61.90553609254215, 29.975638246760937, 73.34230242218064, 34.90400404632316, 47.677910692227634, 86.5742019746302, 0.0, 38.86416224637018, 60.77681557463089, 34.295608495815785, 16.742893444663718, 53.09730519995641, 44.707049751762185, 34.58352034811251, 10.527264552269214, 36.70988178000198, 44.895083020390736, 66.07214492540247, 36.14918395422084, 52.335436826615584, 68.16292408271232], [17.98649957546366, 61.15619804396271, 42.50896153946406, 63.06008162995483, 11.448435235425295, 26.92867884169017, 13.261262301808303, 47.46803086926098, 27.165035246085207, 15.473370088516168, 64.18524924666575, 34.76680088137302, 30.26098632173292, 48.08539828667635, 38.86416224637018, 0.0, 42.45567635073105, 62.32239133413054, 23.77328962715794, 28.214502454368674, 29.35568167470079, 9.127557979833435, 48.236083904740816, 21.785745505446187, 54.903066751707904, 33.27712915164195, 2.726245666433542, 51.74992893463888, 39.76293034771146], [53.873235825952754, 97.14887160372867, 84.8490034317545, 104.95042465002582, 42.23158930605743, 36.41884027703271, 53.07231609543621, 17.424543914508465, 28.733181983517152, 55.418009734493396, 106.58638530466705, 27.60326305571899, 72.69403988711649, 66.37367450441015, 60.77681557463089, 42.45567635073105, 0.0, 93.82335616948534, 46.033270430209996, 69.6247955811313, 16.393619310089985, 36.03376317014474, 71.0558082614686, 25.595700931019177, 94.22806724112837, 68.98209804086956, 42.619166394919326, 93.46047435015922, 78.01356399362707], [71.39281215722923, 13.519035808836543, 46.27973907474332, 68.31297032052672, 72.69356578014155, 57.78782641377279, 65.01679058487386, 87.37309546725776, 89.07663786564045, 47.59111979549686, 61.03156784460726, 69.05614533201822, 52.30389182288294, 103.81134894124861, 34.295608495815785, 62.32239133413054, 93.82335616948534, 0.0, 47.82707040748508, 60.95237006695062, 77.45342732720033, 62.251251801180715, 26.086650488061, 68.59633597334086, 25.94373708152468, 76.99795237448964, 60.09473778996483, 39.747096353533266, 74.36470196984392], [40.903332771933265, 51.629798642870696, 49.09985303422135, 74.34076931515031, 34.922861494067135, 11.24066881586035, 34.87969648201014, 41.731881697487985, 45.189753792938355, 20.537056949025114, 72.50986863660948, 23.58653347031459, 41.594300452710144, 71.83702717647456, 16.742893444663718, 23.77328962715794, 46.033270430209996, 47.82707040748508, 0.0, 44.44057656010811, 29.644861275046058, 18.08295368199641, 27.155720879706003, 20.824326106031418, 50.8771765042115, 54.65794924155202, 21.082260153111783, 54.08781480371363, 58.79832979918003], [18.278806768229586, 53.77842656522433, 21.20168303426528, 35.34522829273181, 28.299091504963073, 52.116388524388746, 16.636907420421355, 75.6781751616637, 47.44099628381077, 24.08994606985564, 37.96583949092277, 62.01462046301655, 9.000977230338849, 44.65899848957917, 53.09730519995641, 28.214502454368674, 69.6247955811313, 60.95237006695062, 44.44057656010811, 0.0, 57.53328746797157, 36.89964542766067, 58.84525642775727, 49.862196505395865, 42.424794330616294, 16.150006038181104, 29.196382514253532, 32.73690719688746, 15.09082725206052], [44.187567288702986, 80.83241888668523, 70.58573487711384, 92.36823723463033, 32.81322747751797, 20.41461781042263, 41.69389640377239, 18.44756450272343, 27.47869108612026, 40.36103836715291, 93.07705575270566, 14.504511655659485, 59.22472096181116, 64.38677325077578, 44.707049751762185, 29.35568167470079, 16.393619310089985, 77.45342732720033, 29.644861275046058, 57.53328746797157, 0.0, 21.40357083874309, 55.106437890663464, 9.41061011790459, 78.34604525131397, 60.050253387949006, 28.79688536857275, 78.46390818372294, 68.01121554910716], [26.791688983063334, 63.05875681059018, 49.2187840906478, 71.20653438151237, 18.018018165366808, 18.43485188430336, 22.387712438557184, 38.9704230391182, 27.53604266079222, 19.387884497524194, 71.6872702954321, 25.639485174256855, 37.886525842512526, 54.90116290161932, 34.58352034811251, 9.127557979833435, 36.03376317014474, 62.251251801180715, 18.08295368199641, 36.89964542766067, 21.40357083874309, 0.0, 44.7220732992207, 12.996030042376304, 58.64001914369859, 42.327553487516404, 7.703444496775249, 57.448083119057294, 48.87332661420967], [62.51649921708607, 35.65294965013866, 52.9300568779756, 78.80575883314145, 59.66086414076018, 34.703981891630825, 55.86603392886425, 62.50802972803763, 72.18111918868087, 37.408961421574325, 73.84409251979204, 44.63728583774594, 52.265112964390525, 95.25595287994561, 10.527264552269214, 48.236083904740816, 71.0558082614686, 26.086650488061, 27.155720879706003, 58.84525642775727, 55.106437890663464, 44.7220732992207, 0.0, 47.226571917109844, 42.09694117064768, 72.99523867114917, 45.56654585340689, 51.979353025664594, 73.8847879105527], [38.36592653406076, 71.55420103495855, 61.67675375011373, 84.16506678996129, 27.841715668790243, 13.387512813006055, 34.83039048514129, 26.00812782138435, 28.66459905108452, 31.235051455462685, 84.43369064516065, 14.127338448352575, 50.76434067878541, 62.63018667832678, 36.70988178000198, 21.785745505446187, 25.595700931019177, 68.59633597334086, 20.824326106031418, 49.862196505395865, 9.41061011790459, 12.996030042376304, 47.226571917109844, 0.0, 68.93606698998627, 54.231174612418236, 20.685000615327322, 69.24919415929735, 61.408545708634186], [57.42522632173955, 13.644042622167206, 23.188550239802773, 42.470864141045446, 62.64126347623901, 62.11771365783654, 52.17859435331223, 92.52704662924205, 81.62997180013086, 39.69667048806321, 35.09764310653818, 74.46040703736196, 33.480291293607586, 87.08125875715298, 44.895083020390736, 54.903066751707904, 94.22806724112837, 25.94373708152468, 50.8771765042115, 42.424794330616294, 78.34604525131397, 58.64001914369859, 42.09694117064768, 68.93606698998627, 0.0, 58.26297092996269, 53.55044469333454, 14.17045920428521, 53.23899087116332], [15.91033086150908, 69.8957692704975, 36.004539983173224, 41.63762424369936, 27.313909925907236, 60.01529770333464, 20.19147657899481, 78.46901049932178, 42.54688494125992, 36.09790624789898, 47.19403128358778, 67.84481673763521, 25.10095813809322, 29.26296521885681, 66.07214492540247, 33.27712915164195, 68.98209804086956, 76.99795237448964, 54.65794924155202, 16.150006038181104, 60.050253387949006, 42.327553487516404, 72.99523867114917, 54.231174612418236, 58.26297092996269, 0.0, 35.33617128577617, 47.493428914598205, 10.1437741413816], [20.346375331760925, 59.330371965380934, 42.23577324994908, 63.61331143603179, 14.156939635156688, 24.695377298142446, 15.167155994604283, 46.614244614536375, 29.11142489341556, 13.877668788074038, 64.34477209416652, 33.12818508884001, 30.444910382766466, 50.798943807590724, 36.14918395422084, 2.726245666433542, 42.619166394919326, 60.09473778996483, 21.082260153111783, 29.196382514253532, 28.79688536857275, 7.703444496775249, 45.56654585340689, 20.685000615327322, 53.55044469333454, 35.33617128577617, 0.0, 51.06128973065349, 41.395340422398526], [49.866044068292375, 27.813611918795267, 11.570764416531231, 28.608811245522258, 57.26415283080642, 65.01848135585247, 45.75933790164701, 94.39332444096415, 76.87854154252095, 38.12769347760867, 22.097976990634365, 77.18782060287708, 24.59629270423995, 76.74297130434972, 52.335436826615584, 51.74992893463888, 93.46047435015922, 39.747096353533266, 54.08781480371363, 32.73690719688746, 78.46390818372294, 57.448083119057294, 51.979353025664594, 69.24919415929735, 14.17045920428521, 47.493428914598205, 51.06128973065349, 0.0, 41.075285796444206], [24.171232353886683, 65.79333353715869, 30.132538721538207, 31.663225205147047, 35.85311774993562, 65.56718623496616, 26.578982516689823, 86.45014033754782, 52.33098014884076, 38.824939344639276, 37.73637161526961, 74.49437337714205, 22.36143167455504, 37.26862629660514, 68.16292408271232, 39.76293034771146, 78.01356399362707, 74.36470196984392, 58.79832979918003, 15.09082725206052, 68.01121554910716, 48.87332661420967, 73.8847879105527, 61.408545708634186, 53.23899087116332, 10.1437741413816, 41.395340422398526, 41.075285796444206, 0.0]]",Route_0,1328.7512688577174
