instance_id,num_cities,city_coordinates,distance_matrix,best_route,total_distance
1004,78,"[[17.83039983202306, 55.78956284329695], [91.60885330758718, 30.298346167513223], [41.011543922435614, 22.58003481991928], [3.1099986076226216, 42.602381497000465], [95.66522873857615, 31.510111383556417], [63.45110392425647, 58.594499800851096], [23.65200963879558, 41.65192507693881], [40.3155861987831, 58.36695445923558], [1.4039108804046019, 71.68982604480709], [50.22163511405813, 82.08997793722166], [90.61508445540257, 89.36693890725893], [60.667114755101125, 41.170826848456265], [58.03227118908395, 72.37504362178161], [36.22444158888237, 41.984832869079845], [44.33755966945211, 36.707837785401544], [73.42386410196016, 58.63834156236833], [82.88555513994012, 86.26490117201784], [84.90304722600635, 75.67929887661239], [42.80216986986982, 8.559316332588708], [68.05252124762661, 63.29744765953721], [15.026407106139583, 3.8826381664511467], [9.363917551723322, 81.63930796356979], [4.586514301318201, 75.60863160885185], [24.933018049418166, 24.325817424210648], [83.41766858904192, 92.60405952846342], [18.752946476706366, 44.52453173002383], [32.213853568227805, 77.632877485831], [38.96254053949796, 62.41395475956594], [18.92312585338568, 55.263707139733974], [82.35795012856677, 1.645285887462078], [5.065013445516264, 18.77816806799156], [2.1130906082842738, 1.0468545878462798], [94.27479417964376, 88.15310334397839], [20.554411831396436, 23.506663160038], [51.409834488740536, 25.742219184462545], [19.35728741536601, 60.54337512955955], [25.588402097702424, 71.09094858556631], [94.16511493012972, 58.932412120767395], [53.75363631057366, 64.94523550157166], [73.62159186334291, 30.367304838907195], [14.321967383823718, 0.2667386067964239], [6.806225312050829, 97.53900615829654], [10.42669413519648, 64.60017208322537], [6.420110919845068, 86.4560296290327], [30.283960441508174, 17.172196931462757], [4.1110180836612, 40.738933483229424], [43.2734868003797, 58.56430810143362], [35.609608922006764, 71.1621799320091], [16.08253850790358, 25.780623296091555], [87.4454869088763, 22.289906276259785], [58.09548399418129, 48.390760352248705], [53.708632506251874, 36.63119346931107], [73.63771684239144, 4.343657868976836], [97.5945923630005, 87.59929783673908], [2.2919972446882375, 29.07220932315736], [5.272904874074946, 30.778013009263873], [31.768399596584818, 80.53612444875996], [50.8088161919487, 19.12607501616954], [7.364927048970182, 58.034495684605545], [83.14060622746055, 99.69925318500307], [8.981714430035371, 26.686618855139667], [30.79772508818197, 19.67104337977814], [83.31213454779541, 62.93497628761761], [85.49799113862655, 42.24207532461214], [81.33009191008773, 55.93541538573908], [58.91953229674064, 68.76410054317643], [80.57053303444562, 98.92243784771605], [23.047862162635944, 13.914282870510618], [80.20091257747255, 78.74264952195857], [15.573380039601847, 39.97395403501598], [42.63636826101467, 4.242179319833195], [90.47588504319178, 91.10716434309933], [5.146423808011091, 33.655559355714814], [2.5848763831338717, 91.77969182674559], [79.22266754933769, 61.246962095882516], [44.124764030880236, 27.68818233002849], [90.83224626139727, 41.640723155434536], [31.537212208283105, 45.175946328105354]]","[[0.0, 78.05807020966976, 40.49985423277442, 19.763399608049212, 81.53374978558442, 45.70685192842508, 15.289340808388893, 22.63242261645541, 22.861494027183365, 41.72414118000389, 80.15641271330414, 45.26247438538805, 43.48871845965523, 22.998072567372514, 32.661012749639674, 55.66640647394986, 71.83953979799156, 69.95957138171002, 53.42551342088693, 50.780210849282184, 51.98260482713954, 27.20093095807015, 23.836862014204122, 32.2554563033783, 75.21301077066092, 11.3027438392024, 26.153663910708286, 22.146104378441994, 1.2126724119615728, 84.23424169744231, 39.150969755681864, 56.954349407012025, 83.01291574757383, 32.39762110606411, 45.06019632465947, 4.99300680403984, 17.155728045991236, 76.39938632404065, 37.07162339201439, 61.31026268348038, 55.63356099910294, 43.18041733192454, 11.508331470023554, 32.72043517711838, 40.57575780959134, 20.36523703990236, 25.5939423639054, 23.503566368139197, 30.059798268720645, 77.25598577992061, 40.9392144634851, 40.672972560364705, 75.90215919539132, 85.87307872943566, 30.90726345191707, 27.98693096284786, 28.401763127135254, 49.31315529611273, 10.70354352701975, 78.69869100130677, 30.418425043403712, 38.37576022094681, 65.87043733479432, 69.01041465827053, 63.49985958231062, 43.08892473976, 76.13651699680364, 42.19906380443296, 66.45995070874211, 15.97584490159928, 57.20549639514712, 80.77561202036773, 25.510730255443658, 39.08599966069564, 61.63435520938426, 38.48481746577014, 74.36033382530478, 17.335673077488032], [78.05807020966976, 0.0, 51.18261469556967, 89.35007872741194, 4.233504054083699, 39.919057613825515, 68.89873986857187, 58.47089893382235, 99.24810448932386, 66.29686984441916, 59.07695172218613, 32.79637206777423, 53.83154591332695, 56.60394891571524, 47.703844551802845, 33.672676926392114, 56.64230936317759, 45.873725638858474, 53.42918459375262, 40.544315007162545, 81.0102505575374, 96.95423567658257, 98.11171924340938, 66.94279727471859, 62.84184453459508, 74.23184973991266, 75.94948221787497, 61.66884597033906, 76.85365459117573, 30.109418344429283, 87.30722032865594, 94.15487932531838, 57.91614773688811, 71.37829229932196, 40.456388952595226, 78.32656350685251, 77.60629091764484, 28.74794264809559, 51.31690164475515, 17.98739362892681, 82.91658572610024, 108.22565347894859, 88.13148262138338, 102.03336337379704, 62.71394006760488, 88.11853966317416, 55.993501939385, 69.32364879093075, 75.6613114290512, 9.026002950461192, 38.08518575205789, 38.42566449312045, 31.56909232975934, 57.61274281127794, 89.32527183569998, 86.33728089413727, 78.1326709320392, 42.30204098287249, 88.69235086241541, 69.91564276655365, 82.70603758655821, 61.73275370384139, 33.67469625364994, 13.416232803069908, 27.620866278356086, 50.47975800099507, 69.50619018033812, 70.49146783049895, 49.76938455716861, 76.64861761762043, 55.47276919742612, 60.819371790570294, 86.52758285864803, 108.19068504966407, 33.33518299814141, 47.55577451473994, 11.368932854068529, 61.88654983841036], [40.49985423277442, 51.18261469556967, 0.0, 42.865154889584225, 55.37843922876891, 42.433189144089596, 25.789347190665183, 35.793686236876944, 63.09149062547385, 60.21842832208898, 83.19255850721987, 27.054741044893508, 52.62364542924762, 19.98655888542639, 14.514034497027046, 48.48463658265947, 76.21807540031662, 68.89118888224954, 14.134598975018639, 48.8786473120255, 32.01280957646087, 67.00425359002608, 64.33362153883823, 16.173025417365107, 81.86356604511288, 31.257096872368244, 55.751366271743976, 39.886584118240435, 39.44769510506479, 46.34424472388582, 36.14702261774136, 44.4608538057936, 84.47959010094057, 20.478107663330032, 10.868479960724398, 43.70494288223615, 50.90365466372603, 64.39563219887818, 44.23992707074148, 33.52695633452134, 34.78816873169649, 82.39448528479076, 51.97234814913664, 72.64096605928776, 12.013565580962764, 41.126565719038894, 36.055295161484786, 48.88154790348819, 25.133624441205736, 46.43484936811866, 30.952456459548408, 18.93808643700981, 37.376899332337935, 86.19249349031332, 39.26005125710806, 36.666840161404416, 58.688534162089304, 10.388281005483488, 48.87855994436967, 87.87622961837945, 32.29201154698417, 10.619996533792696, 58.46247743737546, 48.637843524637525, 52.32749491924179, 49.53447258570924, 85.98299901505344, 19.944651393695487, 68.4839098310699, 30.816369146789803, 18.409698489472238, 84.51442789960318, 37.53630355489346, 79.15302462975393, 54.36194656002508, 5.982082449169257, 53.3424054704235, 24.501799491375564], [19.763399608049212, 89.35007872741194, 42.865154889584225, 0.0, 93.2175363376622, 62.42432890049722, 20.563987565918918, 40.40764171150241, 29.137435811249578, 61.47175422045703, 99.2172559538143, 57.57491613477261, 62.47293362335978, 33.12020078844556, 41.64681784572297, 72.11928796080743, 90.9425920260263, 88.2280299316887, 52.29147870638148, 68.16023041568452, 40.51196508547994, 39.534707917420135, 33.03925914786557, 28.465364425276164, 94.60174239307986, 15.760598959214192, 45.543056801135066, 40.9622167138801, 20.25744703367221, 89.20606201954429, 23.90429309825648, 41.56748299159551, 101.91117805456454, 25.864145288920323, 51.15798294839281, 24.204413773643626, 36.288801002823845, 92.50785971299122, 55.35323987678903, 71.56522817884087, 43.79514702299094, 55.06082837214359, 23.18268371260378, 43.9783958098476, 37.21718002195735, 2.1152963129159446, 43.21908010051866, 43.265306623611785, 21.242842098792423, 86.74716846447555, 55.289320243310485, 50.949748172778385, 80.23645663318163, 104.65209475784147, 13.554876808130746, 12.020559623047376, 47.54232642156158, 53.16309024995367, 16.00795315898539, 98.31048221098649, 16.964331615811574, 35.95075055556756, 82.73933176117261, 82.38878038802747, 79.34830047911926, 61.63716082078931, 95.77099321316872, 34.93601874772707, 85.14181105439685, 12.737523607119194, 55.08029601454353, 99.92753410156769, 9.175655509257984, 49.18011391425104, 78.36299355652085, 43.64223091819386, 87.72751860275129, 28.54347051494398], [81.53374978558442, 4.233504054083699, 55.37843922876891, 93.2175363376622, 0.0, 42.086980569903716, 72.7238620406279, 61.52132109500351, 102.46758274995449, 67.99590503917806, 58.076815067532166, 36.30698838645344, 55.55341736344055, 60.35666464587392, 51.5901732098076, 35.08018206243396, 56.22639115278762, 45.46143062757959, 57.63021765035973, 42.10577588054904, 85.24023011835308, 99.80407137150084, 101.19294298321583, 71.09613005410158, 62.30949550067827, 78.005604283821, 78.4435246781621, 64.57741388760321, 80.33419985653093, 32.69543494001234, 91.49044426463104, 98.38705485657445, 56.660055122556145, 75.53601789828753, 44.62968183427651, 81.64454857938442, 80.4823229390596, 27.463301315761978, 53.61426213833479, 22.07324021265649, 87.13710180109932, 110.70563416163128, 91.43609734912864, 104.8033634303678, 66.93493882098304, 92.01817562847003, 58.96460110412153, 71.96501936165592, 79.78866848178123, 12.352179482485518, 41.187886930057445, 42.26797190700454, 34.97466907486577, 56.12235990204921, 93.40505193011393, 90.39528849256756, 80.53790866089298, 46.53452592755187, 92.1980815474225, 69.32982928483051, 86.81761188290477, 65.93903670081926, 33.76567888144406, 14.783361270223669, 28.32122213977577, 52.32691387135885, 69.08162995841032, 74.71877347417443, 49.699675384515174, 80.53782254598183, 59.628853440096485, 59.82255435411788, 90.54422672406523, 110.88901803790733, 33.979966285283744, 51.68197600687738, 11.224393725152087, 65.56796129849694], [45.70685192842508, 39.919057613825515, 42.433189144089596, 62.42432890049722, 42.086980569903716, 0.0, 43.255274178050904, 23.13663668963541, 63.414049973619115, 26.96398223290985, 41.04661797096153, 17.64468687299351, 14.80767153243087, 31.89313684021774, 29.05776227032782, 9.972856544744113, 33.81344416199353, 27.42400829347573, 54.12853279265093, 6.579571410459132, 73.06393820092279, 58.79189495971058, 61.27414293694327, 51.555654697544924, 39.43746768466618, 46.860316694619954, 36.58176642374113, 24.78463178727872, 44.652379677138164, 60.00568138723519, 70.67019056188228, 84.10757009397108, 42.70609938146816, 55.419152579609396, 34.98949144124032, 44.13686406357558, 39.871611728591425, 30.71586978753579, 11.591924864267957, 30.00355579491694, 76.26139116957647, 68.74094011880126, 53.363434419473414, 63.4728210136896, 53.064739533974446, 61.96827443210115, 20.17763971173236, 30.54661074226401, 57.62405297159263, 43.51728307004484, 11.523843263876122, 24.0271216408396, 55.19892148458266, 44.80017981960897, 67.91172185191695, 64.48612084897873, 38.53866429580021, 41.44374493322877, 56.088972544486055, 45.5771571263482, 63.12707230910411, 50.80628513457133, 20.32978783857137, 27.4493537646017, 18.07564497671356, 11.133549329553912, 43.81115657193462, 60.23905485472229, 26.20122186279707, 51.37120953406479, 58.201614774866066, 42.27779736650347, 63.41440273300501, 69.3249927867519, 15.993053973727102, 36.451445421019734, 32.20492971936807, 34.620139539866244], [15.289340808388893, 68.89873986857187, 25.789347190665183, 20.563987565918918, 72.7238620406279, 43.255274178050904, 0.0, 23.602266650082782, 37.37985276748131, 48.38575324438745, 82.22393771720097, 37.01823148499396, 46.107617563551266, 12.576838741815504, 21.268191724195425, 52.59064405118945, 74.1547742812036, 70.06819373447998, 38.23413906945538, 49.395688870585836, 38.74170947155142, 42.463400306742805, 38.94292016474673, 17.373398888588586, 78.53695941990244, 5.679145080862778, 36.98559324551818, 25.79678726127834, 14.409821400036325, 71.04166825198809, 29.473465815769668, 45.964081437869446, 84.55730173394879, 18.4077603800499, 31.993992904689403, 19.37347475459898, 29.502639219168746, 72.59967803164628, 38.06161109077506, 51.22793965808492, 42.4238535219046, 58.37076563980853, 26.48643069255046, 48.00360526226263, 25.36217383281671, 19.562308263802027, 25.90426732354705, 31.840843616792757, 17.583944762769605, 66.66704968907919, 35.09650732676793, 30.47307539570512, 62.37369418837004, 87.05553746576909, 24.789097965080465, 21.354939840891692, 39.72224498608353, 35.28322637069404, 23.101031989999488, 83.11669762793869, 20.956572998092813, 23.11320854983514, 63.34270891739505, 61.84879711839401, 59.420360735151526, 44.48447159336307, 80.74422541933832, 27.744220827854882, 67.62765901185917, 8.251051025081633, 41.95110189146771, 83.13393419618401, 20.159329643817472, 54.37478370471777, 58.92421825009026, 24.781440311259395, 67.18023755652996, 8.636848113781213], [22.63242261645541, 58.47089893382235, 35.793686236876944, 40.40764171150241, 61.52132109500351, 23.13663668963541, 23.602266650082782, 0.0, 41.12927647514037, 25.70820196063701, 59.08501130274372, 26.64378950871731, 22.58555930304563, 16.885241248314056, 22.029380510797864, 33.109390158590195, 50.89693199437774, 47.83052320516712, 49.86966928011777, 28.17174700124194, 60.067323072299246, 38.724775398549184, 39.67167767546283, 37.35535321084787, 55.04515301003356, 25.62342870886485, 20.90009238457343, 4.267193924229879, 21.61637119304244, 70.6038812698742, 53.00825301181794, 68.88413836732029, 61.63449351869326, 40.07173469970037, 34.459479056832, 21.071001277328893, 19.46252753560088, 53.85249749969921, 14.961783726513112, 43.511727065112524, 63.64984918440446, 51.54926673921917, 30.53193198500135, 44.02157866637239, 42.39860331551049, 40.268075145616464, 2.964477092003639, 13.633195407850922, 40.60923022001935, 59.35301969184045, 20.38747690311592, 25.530706907665657, 63.47346662274532, 64.30718814021282, 47.99974384866802, 44.599766868841556, 23.759766346435867, 40.619631893392544, 32.95233629416856, 59.51757100565098, 44.55844683119547, 39.84925613345838, 43.238524412305374, 47.97354941271495, 41.08651921261499, 21.312143418870754, 57.141998369109665, 47.68872303557278, 44.788483002035846, 30.829843175546145, 54.17450796519749, 59.89972390086482, 42.98282251354374, 50.39858610698249, 39.013528720250584, 30.914347722576228, 53.213717756890205, 15.844953311153382], [22.861494027183365, 99.24810448932386, 63.09149062547385, 29.137435811249578, 102.46758274995449, 63.414049973619115, 37.37985276748131, 41.12927647514037, 0.0, 49.9132583462384, 90.94566405156584, 66.65985782643635, 56.63250581050961, 45.76959665968278, 55.38084236378559, 73.19299767894735, 82.77494286437978, 83.59438775382654, 75.49355670441908, 67.17491554772003, 69.16203533291097, 12.741816850795825, 5.048366229147715, 52.88637061458141, 84.63841690213707, 32.23262712424387, 31.377897138871603, 38.68710960991126, 24.015417455316594, 107.0504277265948, 53.03816759511752, 70.64653106951123, 94.31882348826404, 51.84938642119238, 67.91005059720918, 21.13213422757213, 24.1919050438518, 93.63435580375412, 52.78241425143406, 83.20423189577257, 72.5819096125422, 26.40767149443494, 11.474920956500052, 15.594968134833739, 61.69464439310732, 31.069055018913073, 43.87870336507652, 34.20976744927707, 48.19872411225681, 99.21443886149932, 61.29258457807796, 62.96738538657141, 98.75843807858233, 97.49747943810907, 42.62686890241723, 41.09434949452663, 31.626874180778834, 72.13731760360399, 14.899723521198048, 86.40263523168367, 45.636736999844, 59.749059102490065, 82.37478071969771, 89.10097842871883, 81.46407717027326, 57.589986773901806, 83.71958676969587, 61.69662888839713, 79.11200790934072, 34.7371615650285, 79.05251792562149, 91.16386130395396, 38.21795187592208, 20.124546868313335, 78.51631866659545, 61.328752991617385, 94.34180278896203, 40.13728524138687], [41.72414118000389, 66.29686984441916, 60.21842832208898, 61.47175422045703, 67.99590503917806, 26.96398223290985, 48.38575324438745, 25.70820196063701, 49.9132583462384, 0.0, 41.04369513885421, 42.2313268884208, 12.46539147599502, 42.47757158216466, 45.76200376510254, 32.98973595931597, 32.929647059658194, 35.26892615457583, 73.90403683510638, 25.905591955135314, 85.76183340245308, 40.8602029832045, 46.09308084541151, 63.05721523200101, 34.82129449316228, 49.00450094940735, 18.551170869681894, 22.66965149106919, 41.221905424671235, 86.62615783752842, 77.76571062771411, 94.24659090219707, 44.46844176892022, 65.66695445645313, 56.360285079239425, 37.641254647220705, 26.97730185761083, 49.671946538150706, 17.50477722328865, 56.769647597140334, 89.35227270565244, 46.08221220006479, 43.46873170822408, 44.018586178020286, 67.91044957928133, 61.936240444185614, 24.530265106830374, 18.246316852447865, 65.84999117072768, 70.43907802561561, 34.606860042863865, 45.59232650472133, 81.19607852391613, 47.692239245660716, 71.47121081318966, 68.21514564196686, 18.51854102587305, 62.966640792326764, 49.14634933117722, 37.3328974755128, 69.06709242180827, 65.3713367767537, 38.234738667480144, 53.21913788287177, 40.64230833121878, 15.91327822045609, 34.704283764695404, 73.39168436713122, 30.16557118219404, 54.53678620010301, 78.21646899985545, 41.251839813946496, 66.1639446950785, 48.61225501505893, 35.71401953959329, 54.7423711789297, 57.3180944393855, 41.37334152519818], [80.15641271330414, 59.07695172218613, 83.19255850721987, 99.2172559538143, 58.076815067532166, 41.04661797096153, 82.22393771720097, 59.08501130274372, 90.94566405156584, 41.04369513885421, 0.0, 56.742806652075615, 36.747302292010694, 72.13463803226985, 70.10413847467395, 35.21057727480522, 8.328761105317701, 14.831684291359691, 93.89327274801855, 34.47734955619304, 114.11053332868028, 81.6178191525074, 87.12178775985727, 92.43636368406531, 7.891878424657042, 84.70542105625894, 59.56838059389342, 58.261897046442314, 79.38997005404917, 88.10941309427184, 110.9125295825282, 125.03215670020063, 3.8557582964172115, 96.1565066442627, 74.73390518869498, 76.86658225683088, 67.54614156773007, 30.640873634561434, 44.217484738158355, 61.39817269818212, 117.30083293003581, 84.20633915606149, 83.92598334879234, 84.24527857084509, 94.08467087539654, 99.23525789942846, 56.48034112051772, 57.93975826668544, 97.97101580783489, 67.15187752540557, 52.312251176273634, 64.36726685490854, 86.70172622031247, 7.199867053384433, 106.94120884884077, 103.51787214569438, 59.505593038582894, 80.736100681347, 88.95117034922343, 12.752432831191653, 102.92147309252148, 91.84570939921325, 27.422285194329362, 47.40187139444669, 34.69694297105275, 37.80324027512679, 13.863642135071345, 101.28392187983238, 14.877180540871118, 89.83832342724361, 97.71479878953161, 1.7457837907099898, 102.02279041662786, 88.06326651843781, 30.340076776994813, 77.23741907966634, 47.72670980949424, 73.77695313834649], [45.26247438538805, 32.79637206777423, 27.054741044893508, 57.57491613477261, 36.30698838645344, 17.64468687299351, 37.01823148499396, 26.64378950871731, 66.65985782643635, 42.2313268884208, 56.742806652075615, 0.0, 31.31526057777679, 24.456223692798563, 16.928456535437352, 21.629811006555816, 50.27061400294948, 42.16888739879572, 37.18422883265017, 23.326628079883257, 58.93626396271476, 65.34306395519705, 65.81030423856102, 39.50544278797575, 56.24024469778554, 42.04812527214791, 46.25007252806109, 30.370364260712986, 44.05870951731139, 45.086147844521136, 59.94184546124403, 70.98244074245552, 57.76513153282451, 43.82980281334404, 17.992753329587856, 45.62671872644805, 46.105637035657885, 37.91556312534202, 24.75921426475957, 16.868152387228772, 61.814376319323294, 77.96388298630843, 55.43495361407763, 70.66460935985009, 38.71782927717433, 56.55774573467533, 24.59820081885952, 39.08145158969779, 47.16611924385332, 32.76538381981317, 7.664249772136454, 8.308354014159443, 39.04455011329945, 59.32319547016773, 59.61569332296642, 56.3607049977135, 48.834029047105425, 24.14864662682698, 55.906229893232194, 62.69477257627464, 53.6765580859649, 36.80246089970482, 31.408201512051956, 24.85397343025028, 25.395899267062024, 27.64855869011086, 61.0851424833598, 46.455649336085955, 42.34632352842906, 45.10961555060492, 41.095411269718305, 58.15668997172252, 56.02701463338683, 77.03767668283322, 27.337881153678513, 21.340831068480487, 30.168791181143675, 29.40394878980338], [43.48871845965523, 53.83154591332695, 52.62364542924762, 62.47293362335978, 55.55341736344055, 14.80767153243087, 46.107617563551266, 22.58555930304563, 56.63250581050961, 12.46539147599502, 36.747302292010694, 31.31526057777679, 0.0, 37.405164636251214, 38.20595105190606, 20.630029468345178, 28.471281423703772, 27.073173209203237, 65.60794948512084, 13.520656777297475, 80.87468052844517, 49.5422571101249, 53.54348719103272, 58.346282628707506, 32.45969016652159, 48.150974678539356, 26.348349196617228, 21.514597797047394, 42.68867630989071, 74.79597104806068, 75.3535364930007, 90.63479082388228, 39.52806144144264, 61.58497017120599, 47.10071106524696, 40.44431664903224, 32.46927072911762, 38.55238953018205, 8.573725277074287, 44.80710922091593, 84.32199185789129, 57.07304781361364, 48.236289182260585, 53.49849768539302, 61.784488604008665, 62.516757762680456, 20.21282098682077, 22.45544079891053, 62.69625249972737, 58.08320103006398, 23.984366570996293, 36.00439799777175, 69.79827635038893, 42.390508053923774, 70.58408884224822, 67.18529370137519, 27.50262153489657, 53.73668169562667, 52.65767823737737, 37.10850194570259, 67.03274778815013, 59.324802088428896, 26.98492843623404, 40.77206826670586, 28.514028597995765, 3.7183520798986875, 34.82437920763646, 68.12906444790772, 23.06501822906161, 53.4096250132238, 69.8507052574149, 37.46305415516036, 65.54472759150293, 58.744820731067946, 23.93464218140124, 46.80100776119966, 44.949269396426196, 37.9707656492068], [22.998072567372514, 56.60394891571524, 19.98655888542639, 33.12020078844556, 60.35666464587392, 31.89313684021774, 12.576838741815504, 16.885241248314056, 45.76959665968278, 42.47757158216466, 72.13463803226985, 24.456223692798563, 37.405164636251214, 0.0, 9.678293346578858, 40.75704095127508, 64.3271635216225, 59.20239595073332, 34.06657694969873, 38.304754325929196, 43.601994301735544, 47.89535621091383, 46.1683688768175, 20.960369081428293, 69.20626259438258, 17.655118571084994, 35.87294107359054, 20.61179776438, 21.809723246185072, 61.282784375901855, 38.85175997830299, 53.286980881602794, 74.1711037706404, 24.22792992388426, 22.235526906974343, 25.078285043981406, 30.98856737830001, 60.36838634359346, 28.886895932881174, 39.16010477747003, 47.118125654359645, 62.86252952879604, 34.3071033673061, 53.53489953191057, 25.51384366251066, 32.137582897681554, 18.01577190613729, 29.183824301124133, 25.850970341727376, 54.87700444785086, 22.789875006546257, 18.28546928185828, 53.071755393836504, 76.46551392833115, 36.30628906967144, 32.91793487414479, 38.80796815988482, 27.11506579635304, 33.02216310255086, 74.37795921371617, 31.244224027293356, 22.964199384081414, 51.53794075678781, 49.27422103810493, 47.21375269402943, 35.10265402215093, 72.16970754548944, 31.00932154366418, 57.31550475828475, 20.748734342061894, 38.28342592542186, 73.1862184179479, 32.17483467632111, 60.092830902243485, 47.11557129120286, 16.334298617427457, 54.60888886112375, 5.670390143078934], [32.661012749639674, 47.703844551802845, 14.514034497027046, 41.64681784572297, 51.5901732098076, 29.05776227032782, 21.268191724195425, 22.029380510797864, 55.38084236378559, 45.76200376510254, 70.10413847467395, 16.928456535437352, 38.20595105190606, 9.678293346578858, 0.0, 36.42746356050736, 62.784157924574174, 56.25240937315235, 28.19036505290639, 35.62873497491913, 44.00724252454048, 56.93849888564499, 55.61849843311153, 23.01848526095007, 68.2029509502085, 26.752067891030674, 42.68305429688216, 26.262050196753414, 31.46766171303922, 51.719750929980655, 43.17181885311976, 55.26853996727107, 71.69618357289576, 27.201270789728827, 13.048442911734735, 34.5274795253435, 39.16285507910149, 54.55929771949125, 29.765972671704247, 29.9625916699209, 47.211116165602455, 71.47749369038166, 43.90818959902499, 62.550903361900424, 24.06542987012176, 40.42801479764264, 21.882356951349806, 35.542633793872525, 30.294392836545537, 45.45514426202818, 18.049131874633794, 9.371386261583465, 43.657065316185154, 73.6630995646977, 42.73326738769397, 39.5121509938105, 45.59498324139272, 18.73487504771535, 42.6825713850373, 73.98374710859221, 36.74861387102684, 21.761881446870344, 46.9774443851729, 41.53081872379851, 41.691092357378544, 35.21701162362441, 71.99642227070782, 31.189699671363986, 55.254913623432714, 28.949016306850364, 32.51019888913434, 71.33044089464268, 39.30981472510725, 69.11002582229803, 42.651370127072035, 9.022165289853435, 46.7556332366175, 15.347890976211328], [55.66640647394986, 33.672676926392114, 48.48463658265947, 72.11928796080743, 35.08018206243396, 9.972856544744113, 52.59064405118945, 33.109390158590195, 73.19299767894735, 32.98973595931597, 35.21057727480522, 21.629811006555816, 20.630029468345178, 40.75704095127508, 36.42746356050736, 0.0, 29.201890232717954, 20.54667543378429, 58.699207197444665, 7.1104566438082095, 80.05279531634339, 68.06409631669548, 70.89831783503554, 59.40295837433504, 35.40545332400548, 56.46334086795494, 45.37683729765711, 34.667536351629685, 54.60511539339568, 57.68904825262565, 79.13132056317409, 91.66245571771952, 36.13699556036224, 63.477663872847266, 39.58247550765192, 54.100128165277866, 49.42973646333738, 20.743335397432144, 20.6565915030867, 28.27172816944358, 83.06791334374662, 77.14383646116995, 63.27864447806017, 72.5487884796434, 59.83721616506117, 71.58672665194271, 30.150468195054557, 39.83421170706807, 66.08825365032449, 38.95914082584281, 18.43833391026824, 29.546656732398137, 54.295104847122474, 37.722156526305184, 77.03180290105621, 73.62575059561566, 47.0604995564022, 45.52647141597923, 66.06169687810768, 42.194946863520215, 71.92845916810946, 57.75325146580788, 10.781417456540522, 20.362271244557707, 8.355492090255204, 17.68916719501849, 40.913118805069345, 67.36455297308467, 21.215833346194255, 60.78682314466155, 62.504498773067866, 36.67418534809898, 72.70452709342702, 78.20812795594944, 6.358539337708722, 42.61865344520339, 24.330450076329104, 43.99690548556325], [71.83953979799156, 56.64230936317759, 76.21807540031662, 90.9425920260263, 56.22639115278762, 33.81344416199353, 74.1547742812036, 50.89693199437774, 82.77494286437978, 32.929647059658194, 8.328761105317701, 50.27061400294948, 28.471281423703772, 64.3271635216225, 62.784157924574174, 29.201890232717954, 0.0, 10.776142643535906, 87.43475104297265, 27.340863470243217, 106.73191289296571, 73.66700283154687, 79.02085722928499, 84.8230313697064, 6.361452144817946, 76.51960490688404, 51.40168453554381, 49.980984947881005, 71.07929650513425, 84.62126008252447, 103.00726117448052, 117.41510333061773, 11.544698928326628, 88.45206534908341, 68.21815026427427, 68.53785597783188, 59.27235935781102, 29.568453236467878, 36.09981771394972, 56.660059048764914, 109.98476953917269, 76.91014153089566, 75.6283480223886, 76.46568308635939, 86.83737412019622, 90.98374262708512, 48.336723250548374, 49.629701587399644, 90.11654066436648, 64.13729764847926, 45.2658609798542, 57.57428032281396, 82.44157093053025, 14.7694411027701, 98.8247214776446, 95.40711838892037, 51.43717015533146, 74.40792403449252, 80.6245685956726, 13.436772866505024, 94.928127525537, 84.5451591467772, 23.333824485132382, 44.10027230571535, 30.36934595804639, 29.675718585591415, 12.867500225202, 93.88909132298869, 7.986962850485279, 81.69321087813418, 91.36587954184819, 9.003367184459846, 93.86754170951491, 80.48982497663458, 25.284659798356163, 70.23981006305218, 45.32623041281464, 65.76438650205847], [69.95957138171002, 45.873725638858474, 68.89118888224954, 88.2280299316887, 45.46143062757959, 27.42400829347573, 70.06819373447998, 47.83052320516712, 83.59438775382654, 35.26892615457583, 14.831684291359691, 42.16888739879572, 27.073173209203237, 59.20239595073332, 56.25240937315235, 20.54667543378429, 10.776142643535906, 0.0, 79.23115505195221, 20.910534792535472, 100.18735111565424, 75.77388613674741, 80.316564013317, 78.9530522318359, 16.989816738787834, 73.11945941471868, 52.725398032535395, 47.81735573154146, 69.06624653406396, 74.07774698594088, 98.04004449832964, 111.46379976153729, 15.602097258160262, 82.84160062892808, 60.129088032697375, 67.27066832454358, 59.4918488962141, 19.137505432235983, 32.947016813633795, 46.695267841321986, 103.28960779351031, 81.09846111672526, 75.29591104575952, 79.21937399997005, 80.03952535586825, 88.02375308268026, 45.01047889620099, 49.499973973628585, 85.00670705837585, 53.449894684420265, 38.253232297728516, 49.97845581455823, 72.21967423508814, 17.411539081131835, 94.8514964334228, 91.41709382566376, 53.35615740794176, 66.03547318534989, 79.52043234460662, 24.084526220179857, 90.35669022935153, 77.87368340740286, 12.843237964082697, 33.44251601069519, 20.064569394600298, 26.887971587126643, 23.64348088691919, 87.41270572095232, 5.611968231314654, 77.983808591495, 83.00442278155565, 16.403522615239453, 90.15050561344711, 83.87791070398117, 15.509966415937813, 62.976310210504586, 34.55112209939989, 61.46842168005753], [53.42551342088693, 53.42918459375262, 14.134598975018639, 52.29147870638148, 57.63021765035973, 54.12853279265093, 38.23413906945538, 49.86966928011777, 75.49355670441908, 73.90403683510638, 93.89327274801855, 37.18422883265017, 65.60794948512084, 34.06657694969873, 28.19036505290639, 58.699207197444665, 87.43475104297265, 79.23115505195221, 0.0, 60.281367485040064, 28.16672355416318, 80.36667154284974, 77.17543008982784, 23.83042474347586, 93.34418886608636, 43.265018946005156, 69.88039276144862, 53.991340356534074, 52.454826887596745, 40.15549238734917, 39.09626460144594, 41.37678398113862, 94.78714039441002, 26.80272215500723, 19.21832564527651, 57.02635252506005, 64.85768137341742, 71.94164930378162, 57.439589985766276, 37.75480280313344, 29.66291925931251, 95.98485935859235, 64.72054497846946, 85.97413655182278, 15.194975468976034, 50.324278300888174, 50.00721289425389, 63.01469244419399, 31.788553185864906, 46.707117834934834, 42.66649024229873, 30.11612878870778, 31.122383157085025, 96.17446770761025, 45.40763003025518, 43.61325730938576, 72.81761457941178, 13.257555370576062, 60.85714050677732, 99.6678360216448, 38.37215530696588, 16.357786295456787, 67.80685535955574, 54.38254689813961, 61.064683232053405, 62.32483785331928, 97.93846530392926, 20.467250416564095, 79.52588392265486, 41.57266478824361, 4.320319682662679, 95.32539184075453, 45.252365964123854, 92.42868382048249, 64.05029794855334, 19.174534405370753, 58.32038850654712, 38.31027099024373], [50.780210849282184, 40.544315007162545, 48.8786473120255, 68.16023041568452, 42.10577588054904, 6.579571410459132, 49.395688870585836, 28.17174700124194, 67.17491554772003, 25.905591955135314, 34.47734955619304, 23.326628079883257, 13.520656777297475, 38.304754325929196, 35.62873497491913, 7.1104566438082095, 27.340863470243217, 20.910534792535472, 60.281367485040064, 0.0, 79.63597408235628, 61.48801544355973, 64.64904707683424, 58.12124843169948, 33.09025917183618, 52.75291883005274, 38.59941255173424, 29.103393913830686, 49.78190914924005, 63.29008094984363, 77.1323044804907, 90.68155739078313, 36.130474910035325, 61.962705954483305, 41.07766069738467, 48.773053149038304, 43.17337225493249, 26.474914241262887, 14.39351642981785, 33.39773725433993, 82.82416738007261, 70.1683197337095, 57.64055032106965, 65.83975942885785, 59.61545890197608, 67.80414728252305, 25.22703229106298, 33.382578898064736, 64.09673327311417, 45.36193963489238, 17.92629123225923, 30.279304099709595, 59.21776541293467, 38.25328597416142, 74.13375382592628, 70.7021489205506, 40.17100274365687, 47.41788191438397, 60.9153737008256, 39.404844294483986, 69.49613661079361, 57.36883289088904, 15.263917700451271, 27.343612122031598, 15.182009152187119, 10.644049085155808, 37.76030382561531, 66.81404271510884, 19.650386064248714, 57.428613223591654, 64.29234442228181, 35.72376780139877, 69.54005059890801, 71.39503313889432, 11.356789134627174, 42.901717246876146, 31.43134721817711, 40.764648958918414], [51.98260482713954, 81.0102505575374, 32.01280957646087, 40.51196508547994, 85.24023011835308, 73.06393820092279, 38.74170947155142, 60.067323072299246, 69.16203533291097, 85.76183340245308, 114.11053332868028, 58.93626396271476, 80.87468052844517, 43.601994301735544, 44.00724252454048, 80.05279531634339, 106.73191289296571, 100.18735111565424, 28.16672355416318, 79.63597408235628, 0.0, 77.96257747080978, 72.48178734741211, 22.717053474127653, 112.0216731517542, 40.81238302418955, 75.72652187677018, 63.23648872180501, 51.52861987121707, 67.36870513080432, 17.919435669395146, 13.221021574691841, 115.67980876103131, 20.38777067732967, 42.44520079335238, 56.82601197915796, 68.03317372865934, 96.40234794066062, 72.30794614123567, 64.30266903855467, 3.6838790626033955, 94.01641693955281, 60.89151241634331, 83.02068002419014, 20.233766479583434, 38.43868132480112, 61.5465883549293, 70.3576928073695, 21.923438742034616, 74.72182170384718, 61.93479090538639, 50.683157324002295, 58.61312283239111, 117.58394585555511, 28.225514868256962, 28.609299077857422, 78.46050772065033, 38.89399911265937, 54.69115055777214, 117.56006054588588, 23.59152061225869, 22.316097554700384, 90.27801066601256, 80.23522029095933, 84.29513767010602, 78.33396836073221, 115.44953861822316, 12.844362058579456, 99.25591903548882, 36.095460386514816, 27.61230205569044, 115.32884152593621, 31.369426295573263, 88.77321515464097, 86.09195964067524, 37.595455957384445, 84.68883180247613, 44.47183360346531], [27.20093095807015, 96.95423567658257, 67.00425359002608, 39.534707917420135, 99.80407137150084, 58.79189495971058, 42.463400306742805, 38.724775398549184, 12.741816850795825, 40.8602029832045, 81.6178191525074, 65.34306395519705, 49.5422571101249, 47.89535621091383, 56.93849888564499, 68.06409631669548, 73.66700283154687, 75.77388613674741, 80.36667154284974, 61.48801544355973, 77.96257747080978, 0.0, 7.693675266888737, 59.390513452171234, 74.86109683658799, 38.2839454474112, 23.1985142009419, 35.29437191098777, 28.054425358094562, 108.29206969922632, 63.007963667189095, 80.91797101065912, 85.1603575613663, 59.199928666147805, 69.9452905137576, 23.34321793088162, 19.352048582778743, 87.78864502671924, 47.425090267244336, 82.20624679641801, 81.52347699810456, 16.104104826915343, 17.072247819640488, 5.6450690950979645, 67.77651952805229, 41.236313916906354, 41.01602741937604, 28.25962716126817, 56.26128793703173, 98.07692365647267, 58.993486811664056, 63.183732991385455, 100.52730374780197, 88.43174462228833, 53.04066285690542, 51.02555937133452, 22.431625655887476, 75.00389267787695, 23.68930403695386, 75.9549959736542, 54.954018228642774, 65.57037380583367, 76.27706614928366, 85.72362043535111, 76.41871724539197, 51.200878106481056, 73.2740654467632, 69.0936275207057, 70.89619520401203, 42.12551652359915, 84.24589900106315, 81.662669407511, 48.16873865838794, 12.197654858946729, 72.77425864422507, 64.17975074019587, 90.75778407057476, 42.675891762039164], [23.836862014204122, 98.11171924340938, 64.33362153883823, 33.03925914786557, 101.19294298321583, 61.27414293694327, 38.94292016474673, 39.67167767546283, 5.048366229147715, 46.09308084541151, 87.12178775985727, 65.81030423856102, 53.54348719103272, 46.1683688768175, 55.61849843311153, 70.89831783503554, 79.02085722928499, 80.316564013317, 77.17543008982784, 64.64904707683424, 72.48178734741211, 7.693675266888737, 0.0, 55.17161630284075, 80.64239242796319, 34.16005072971686, 27.70139791309082, 36.82133453699233, 24.888840520381542, 107.32647735267224, 56.83247793031771, 74.60279094843179, 90.56131248301476, 54.493934229162356, 68.40381861748043, 21.098286451120536, 21.482289238132772, 91.1176272025939, 50.31017693482871, 82.53859449917765, 75.96828211730758, 22.042423751713404, 12.46169657869244, 11.00127812427704, 63.83710234599255, 34.87293999686637, 42.27517953798269, 31.34012336221243, 51.13696300109057, 98.53169953204126, 60.0335102532974, 62.70744119210418, 99.23086744815544, 93.77781540064038, 46.5929544853688, 44.83587287028204, 27.62489952728113, 72.98479561740338, 17.792409361303477, 82.16509846806092, 49.11905043917128, 61.77411551611896, 79.73923013419424, 87.52139259783074, 79.22507267749636, 54.76243648706561, 79.48021555191934, 64.3973138500718, 75.67931880602895, 37.289964662658406, 80.87621342938235, 87.27650613624236, 41.9568083883012, 16.294469703744852, 76.00534798855671, 62.12602233172098, 92.69382442228579, 40.650811198172256], [32.2554563033783, 66.94279727471859, 16.173025417365107, 28.465364425276164, 71.09613005410158, 51.555654697544924, 17.373398888588586, 37.35535321084787, 52.88637061458141, 63.05721523200101, 92.43636368406531, 39.50544278797575, 58.346282628707506, 20.960369081428293, 23.01848526095007, 59.40295837433504, 84.8230313697064, 78.9530522318359, 23.83042474347586, 58.12124843169948, 22.717053474127653, 59.390513452171234, 55.17161630284075, 0.0, 89.90201718309144, 21.12300509519663, 53.8019815458981, 40.58982270195991, 31.51621525909823, 61.741633725422886, 20.627991184800937, 32.598453938115675, 94.24544734244782, 4.454571373433228, 26.514675232934987, 36.64423908670755, 46.769723334541375, 77.3996100441855, 49.805272430724564, 49.0619688783067, 26.295126350150177, 75.4238133453643, 42.80720823301166, 64.82970768871643, 8.93346912670148, 26.513129980083512, 38.84130582072751, 48.03784389023461, 8.969250149239201, 62.545612932539676, 40.97402379151092, 31.29629797563393, 52.6444145660779, 96.34955996392961, 23.13318091267607, 20.691807024401818, 56.62438570695001, 26.393072019432825, 38.012008779632275, 95.23275770390607, 16.12505722637942, 7.487436814775018, 69.99134511688497, 63.159387761838175, 64.65134664750055, 55.945010119266335, 93.06013567751607, 10.580825321323443, 77.56114865780826, 18.2336777163913, 26.77239489141821, 93.57144708758364, 21.875863324279358, 71.05958491188414, 65.65467970137875, 19.484060448911592, 68.13599811711627, 21.87105977763792], [75.21301077066092, 62.84184453459508, 81.86356604511288, 94.60174239307986, 62.30949550067827, 39.43746768466618, 78.53695941990244, 55.04515301003356, 84.63841690213707, 34.82129449316228, 7.891878424657042, 56.24024469778554, 32.45969016652159, 69.20626259438258, 68.2029509502085, 35.40545332400548, 6.361452144817946, 16.989816738787834, 93.34418886608636, 33.09025917183618, 112.0216731517542, 74.86109683658799, 80.64239242796319, 89.90201718309144, 0.0, 80.58019160554599, 53.347605048768486, 53.737331863969175, 74.5241434650267, 90.96494657553751, 107.6540794302456, 122.4465441617985, 11.734060978463805, 93.41434169908254, 74.12831535910607, 71.63532592403534, 61.70119938354327, 35.34526053097875, 40.558172512683214, 63.00299003621797, 115.32734610677433, 76.7702216958042, 78.17864199234647, 77.24261879730379, 92.26676994649853, 94.76041427764346, 52.63325952945663, 52.39622858332113, 94.86512200458972, 70.42942189164961, 50.951239991796726, 63.36867175382746, 88.80059660419357, 15.034387492797418, 103.04208141134154, 99.64468939317463, 53.040381263176535, 80.38875209035349, 