instance_id,num_cities,city_coordinates,distance_matrix,best_route,total_distance
2075,80,"[[6.450850232853133, 22.843618386723442], [52.06546329089632, 81.6642234882083], [23.63226598154927, 44.0157980090043], [53.25921186853848, 42.46481959885323], [9.32275189967785, 41.56511144719921], [45.93752796524816, 66.30547776258942], [83.22089993936247, 13.937908204668348], [90.82705286071851, 53.37652558984409], [0.6000035899327627, 58.74950331296096], [81.51322289036372, 71.24430290356295], [65.1082469338805, 58.53453603536688], [57.0572102149428, 81.26925506739788], [17.784612080328287, 48.87673462617307], [42.960132352833945, 1.0964034759633146], [15.415473022126825, 70.353595889777], [98.15035541025358, 82.98440857252248], [44.62156526733543, 57.81128732412738], [30.281450279832754, 68.09541470530533], [9.750067685762732, 32.17902434877258], [92.86683886689761, 7.940369325733066], [23.13964428437284, 69.0322919462556], [28.3028398706173, 13.871257238947177], [81.727800294762, 28.58345677730634], [17.223689592395964, 90.33867258082881], [43.77960488009703, 24.85947764023718], [29.607012116492648, 20.664225877421238], [16.380668344812833, 76.7201185289953], [65.22718599752082, 37.268194814595645], [68.02378994143814, 0.2748461586260409], [41.82415798651222, 3.0136352103973585], [48.47037396080703, 70.15042468392866], [50.37015998405611, 66.54334434524074], [16.002687231655564, 14.893767279233728], [54.735129246999435, 57.483343827447555], [16.179526817950183, 34.62004752595668], [95.34702419943886, 42.45609364065132], [20.784064158712056, 14.961250271904936], [23.931377297159283, 19.766735696957895], [77.65385010343053, 0.6006002116034637], [62.44432299436995, 33.21498053566787], [28.566498408380326, 89.15397727965411], [40.54722887938522, 97.17914771684684], [50.39954586466238, 79.86705025355295], [44.49618950479039, 57.79992238392], [49.732694065337256, 24.280222130256625], [9.458109264245396, 67.37557317792589], [56.07524443668769, 73.69474603928651], [13.024977811300598, 28.152259585983565], [61.458682287965715, 74.28069147548841], [14.48340834029237, 14.727088799951416], [5.4000439606334165, 80.26187344885147], [83.93129104552935, 88.26797850612745], [82.44106412266862, 27.73539363898381], [81.81093712792898, 17.061308102721274], [38.56764135578501, 9.258203187600456], [10.643506164646421, 96.89658307606305], [76.90858820956667, 39.57127141437361], [59.45450837945921, 85.04888871203607], [64.99633047444455, 18.02240209228241], [50.59221580090212, 95.65861789169492], [15.06560747574721, 1.0981818721788716], [58.906116954109635, 84.36761822967165], [56.44190597473102, 48.53027272616631], [46.388173473361135, 25.755396351137193], [41.42462930217976, 88.43754501021904], [13.85883498231565, 61.247190574723795], [5.434785993021007, 84.55458116620987], [77.20608090924107, 25.449232833841894], [86.10272162709818, 47.02367068873748], [11.776665496596472, 1.5033087749406149], [69.68187196705443, 58.7958097128807], [67.95613959522353, 22.624939179665958], [33.736066184628974, 0.6070919882430914], [60.52165807419847, 73.00747638313783], [14.32093450844012, 18.239227604269757], [87.5739238523134, 47.25793106709426], [36.045527222362914, 41.791776467835106], [87.21512526066284, 20.976847587728255], [5.898124955915152, 14.926962868681247], [87.05002715694611, 33.03190276251219]]","[[0.0, 74.4349145827402, 27.266503939589846, 50.75445060311443, 18.940488948212316, 58.72078796090504, 77.28487695394665, 89.73071933386566, 36.379458197933396, 89.31397455422987, 68.66244818198622, 77.29526953299934, 28.393261502546327, 42.49551784942899, 48.348344584841996, 109.66181602523459, 51.76621830073679, 51.143157593734145, 9.901244380270889, 87.69167534135276, 49.11119436628541, 23.6222927696504, 75.49546314430512, 68.34937021313169, 37.38314609612345, 23.258494897368617, 54.78392606702099, 60.52045977224959, 65.57877998438813, 40.55242451701813, 63.27380418755755, 61.95620887265152, 12.427297481067493, 59.424592371548314, 15.275190059989344, 91.03394384230208, 16.35765107043012, 17.749254450047154, 74.59637422896748, 56.9458878648782, 69.90111294345012, 81.78223497555764, 71.99416385797085, 51.666149744888386, 43.305679025452044, 44.63337993483788, 71.05221800644111, 8.449900875169217, 75.31025212640323, 11.419283790252937, 57.42786961224775, 101.40791687812192, 76.14750207418845, 75.581597026352, 34.87193396080288, 74.17155750719395, 72.41620824517585, 81.72443596114628, 58.74365823879506, 85.1497757314788, 23.389699689437748, 80.85021684246277, 56.204180141174206, 40.04332951355151, 74.33524354085749, 39.11154043050751, 61.719326905845506, 70.80319127494114, 83.24118899879727, 21.994843089921602, 72.73735058897633, 61.50567811303695, 35.1986663924268, 73.75679568487313, 9.1180393167822, 84.7172458069978, 35.140825271757876, 80.78584624786491, 7.9359271558598685, 81.24055920144312], [74.4349145827402, 0.0, 47.17892167372456, 39.217576428782635, 58.607833636386836, 16.536101766121988, 74.54874254232625, 47.985984186723385, 56.33629330140022, 31.236921910110482, 26.55365599731655, 5.007348340905092, 47.43623283524091, 81.08070468993925, 38.35560041729622, 46.10379778618723, 24.9874804938972, 25.664290262019154, 65.11050329315977, 84.26125397514465, 31.56372442660616, 71.83695806955811, 60.806430837108806, 35.90536535836916, 57.40587600983374, 65.00293637728299, 36.025668129706354, 46.30592085893888, 82.93912786847056, 79.31455963934577, 12.062016008808515, 15.215618270659084, 75.88687396021487, 24.327804205997882, 59.1688678994927, 58.40009384258527, 73.67368979195967, 67.99136555159767, 85.0063324605831, 49.548459828925836, 24.663693202888265, 19.323110458177116, 2.450533106569155, 25.035949609414978, 57.431397546195186, 44.939427509058234, 8.921374089568083, 66.239639092884, 11.947765820845532, 76.765818269488, 46.68648569877753, 32.5429033557953, 61.895038692917645, 71.12193677125215, 73.6533975642944, 44.13392471537735, 48.877371758461024, 8.127357873147005, 64.94219550268912, 14.071728141458388, 88.6559439181469, 7.355466380060852, 33.421728615772004, 56.19633948501616, 12.61369225944408, 43.31976084537341, 46.720169442815234, 61.5806449178825, 48.56441962278833, 89.71599342022444, 28.866974265499525, 61.14041776986644, 83.10370247637522, 12.101508197505483, 73.80636528028788, 49.44333857668717, 42.970343063936134, 70.13170702524654, 81.14976946322952, 59.90844955483899], [27.266503939589846, 47.17892167372456, 0.0, 29.667515174334056, 14.517853074180374, 31.533387634043144, 66.74941761573673, 67.84366296552442, 27.341674836412505, 63.965589589036384, 43.943722530485395, 50.05044415194576, 7.604193641971325, 47.070594276565764, 27.58976773636286, 84.09220095440192, 25.11705018412748, 24.98078445672431, 18.24348212943719, 78.06960123696291, 25.02134378983391, 30.50422263705273, 60.11030080634469, 46.76407338900878, 27.800717162759987, 24.103807010377995, 33.498630553493165, 42.13867012619483, 62.3207691565059, 44.8566861112555, 36.05482380246693, 34.962913488732184, 30.104869136512303, 33.893404869991414, 11.992641417983497, 71.73171700138666, 29.193817801565437, 24.250907005566518, 69.30520147019942, 40.28688902929552, 45.40706858531293, 55.78940510521266, 44.741474716901834, 25.006107045415906, 32.721939145209525, 27.32372256097723, 43.97029460015896, 19.083144751988666, 48.44379781895677, 30.68436219432374, 40.57329053220926, 74.79457134322293, 61.02070390657834, 64.11943778969454, 37.830620340383085, 54.45259691593831, 53.46139099194784, 54.469694170775824, 48.85327484064763, 58.25649954896062, 43.76424811216262, 53.595838994790036, 33.11877048524124, 29.176593263822546, 47.85247955094122, 19.810119718232745, 44.43581008375813, 56.699832348165955, 62.54282634019652, 44.13464629670429, 48.36336379313371, 49.215593195425896, 44.56907601623153, 46.918489574094465, 27.406796157747984, 64.023800559075, 12.610920919911871, 67.62819848718118, 34.06846177534249, 64.36193274976742], [50.75445060311443, 39.217576428782635, 29.667515174334056, 0.0, 43.94567088296008, 24.939607792822677, 41.370127214513516, 39.120429502339924, 55.119716437932645, 40.33048224491604, 19.965856313458268, 38.98985770007036, 36.04940893345205, 42.63117276579878, 47.00991823945876, 60.473563307266495, 17.610309777234345, 34.422448099144354, 44.70842439008727, 52.54238082826371, 40.16240702929932, 37.952764217227454, 31.672586897270207, 59.92048618839951, 19.995274795188855, 32.16663550509467, 50.33341312910063, 13.047502209248744, 44.69884366018684, 41.07500951840167, 28.096720403514716, 24.251226252575904, 46.34880315639078, 15.090871482883875, 37.90044184869774, 42.087813235465646, 42.556803739205975, 37.08537303929495, 48.453186061548486, 13.035558641220671, 52.81673544406321, 56.17163174521448, 37.511392237573425, 17.662274439497075, 18.523388267570954, 50.38930673495213, 31.35663159364779, 42.70413287135798, 32.85545644835158, 47.67540927074973, 60.984565527489956, 55.12445742975263, 32.68847641125471, 38.21700422092012, 36.31145298132931, 69.12969873997464, 23.82573445700026, 43.03236736567673, 27.11441916646245, 53.26061438665832, 56.302310195257206, 42.2815807431601, 6.849763748716063, 18.06698629819911, 47.47155807711393, 43.648220562259205, 63.70811360509583, 29.37656769961714, 33.158396470884185, 58.29791610750619, 23.160418882564514, 24.690494925194482, 46.186822559245066, 31.39421934580809, 45.859227547571884, 34.64784807280836, 17.22683738108046, 40.18379020754938, 54.78509018735425, 35.08274672679734], [18.940488948212316, 58.607833636386836, 14.517853074180374, 43.94567088296008, 0.0, 44.18967698175169, 78.89359063130065, 82.35569548730048, 19.271472747852446, 78.05330555050537, 58.3093716915605, 62.088626424371235, 11.18315300924499, 52.623090831036706, 29.426146318817885, 98.00970013109854, 38.85800375455234, 33.810117254416376, 9.39580916155113, 90.05685842800357, 30.746585497222064, 33.57369953240958, 73.5595975455469, 49.40936229177744, 38.29298784642607, 29.1255597395897, 35.856501606649246, 56.06932534236178, 71.76836263132202, 50.42378127092425, 48.473254954489576, 48.049993019294874, 27.49512930985178, 48.12145195697147, 9.759573512710132, 86.02888627648552, 28.967690762872653, 26.240829280963055, 79.66950585074657, 53.77384124096156, 51.33246468766713, 63.78000464767903, 56.163524807186526, 38.739383050221825, 43.9514598680282, 25.81081665444643, 56.72837894250297, 13.914419562152307, 61.55050295521389, 27.329687786585513, 38.89507715621041, 88.02040618516811, 74.41470739708402, 76.51779777300241, 43.57751576896115, 55.347232491283584, 67.61523990775737, 66.36288038479074, 60.446724601840984, 68.0387837204278, 40.8723963011376, 65.50240207034125, 47.631167867170994, 40.2963096058872, 56.81157946127683, 20.19802684706434, 43.16492540956211, 69.77010750243312, 76.97375929715895, 40.13688733935565, 62.7703778707038, 61.61659093279994, 47.68195961132498, 60.08286200100747, 23.8553701804095, 78.45797669571652, 26.7237366020975, 80.5673534165935, 26.8573831449593, 78.19427708838776], [58.72078796090504, 16.536101766121988, 31.533387634043144, 24.939607792822677, 44.18967698175169, 0.0, 64.28384063793851, 46.7143152537441, 45.96285311385441, 35.91687713565874, 20.685840594526685, 18.643013827224255, 33.111142537498665, 65.27701168061805, 30.789334164976385, 54.812097959888796, 8.595523778523198, 15.758065958443673, 49.74079919024971, 74.8922299344176, 22.96037926339555, 55.32024680093953, 51.99898518851018, 37.44434493049288, 41.502139200087626, 48.47483493042367, 31.338039072593606, 34.86050355350409, 69.62648402798479, 63.425366741024334, 4.6042291064992344, 4.4390097009697635, 59.491668866908924, 12.45904633117051, 43.46843822318796, 54.86430024261914, 57.17452612905403, 51.47936654891948, 72.9592764764222, 36.979119633359886, 28.702031252977225, 31.340689537396464, 14.276759161740861, 8.626814525490106, 42.19627230799167, 36.49511053498803, 12.54490258711874, 50.38753828942035, 17.45022249932722, 60.412679541319854, 42.87270215388703, 43.88482051815236, 53.10517433638757, 60.925279896304055, 57.5213592074329, 46.70635608952368, 40.9136207359626, 23.108963921777235, 51.908509410973686, 29.719908382871715, 72.14614966891594, 22.23567445828052, 20.64703057228784, 40.552585415104986, 22.58748890418597, 32.47504908030424, 44.42411374810805, 51.44856803536028, 44.553685211519415, 73.25493587537926, 24.90359384291612, 48.91634398650365, 66.82180454715918, 16.050346929104798, 57.53236815997793, 45.786444474118014, 26.43431916781065, 61.306808365888365, 65.13758965487845, 52.89015393315782], [77.28487695394665, 74.54874254232625, 66.74941761573673, 41.370127214513516, 78.89359063130065, 64.28384063793851, 0.0, 40.165384393994536, 93.99091216565972, 57.33183264373443, 48.13447218747527, 72.23606391785825, 74.17970989753479, 42.259125054286436, 88.20604138273242, 70.64211105074227, 58.4361363582752, 75.73388172159419, 75.7013970162988, 11.3584598603014, 81.51777966152842, 54.918100513997516, 14.7214618683813, 100.95894497687331, 40.92549859058516, 54.03417730398101, 91.70181292003477, 29.463129750964672, 20.43603231459114, 42.81389943422849, 66.08665572350722, 62.020182417911364, 67.22500863658523, 52.03502758253807, 70.1590806447006, 30.98918827804182, 62.445221524841145, 59.57535333571421, 14.452537091376804, 28.34204768900409, 92.97612948387803, 93.54221590949729, 73.64708449489929, 58.51050748457347, 35.04887145111115, 91.08530795894174, 65.63357586375095, 71.62063437725487, 64.14706236435092, 68.74202177230607, 102.24946939213768, 74.3334649168433, 13.819506076960415, 3.426896854704333, 44.89780775470674, 110.22531389634581, 26.399139925664038, 74.97741604308509, 18.67667054106741, 87.99378057771294, 69.35418129495982, 74.50874261337384, 43.74638500431731, 38.682072915127065, 85.42320600010038, 83.95989669762119, 105.0590025796482, 12.988019197834904, 33.21103092937858, 72.51825906687706, 46.85655350274302, 17.563525145157065, 51.248994455791205, 63.28087757011646, 69.03409726330665, 33.60316563568541, 54.78461251309234, 8.093238137835119, 77.3291003456605, 19.474158349551598], [89.73071933386566, 47.985984186723385, 67.84366296552442, 39.120429502339924, 82.35569548730048, 46.7143152537441, 40.165384393994536, 0.0, 90.386886823952, 20.149563142890358, 26.230936888690813, 43.79961906259516, 73.18091468322562, 70.88337779162634, 77.29894753307545, 30.500122867752573, 46.41782195861996, 62.30903376458187, 83.8022170585315, 45.48191973749261, 69.47437153359289, 73.95906595886618, 26.410086300546205, 82.36294916157271, 55.015310462174654, 69.41172769208426, 78.02043000906154, 30.24618163964277, 57.79080513526069, 70.26880128068701, 45.55712829238403, 42.54556730578641, 84.140408716529, 36.32482492972602, 76.9679063874474, 11.818882132410144, 79.88587887769947, 74.86420630547639, 54.39514289359155, 34.81475626279311, 71.808096271446, 66.68380916530525, 48.33354134423356, 46.54154422130323, 50.3521717487531, 82.56438890574678, 40.255661353065356, 81.78891414751006, 36.048375018481316, 85.56945145808228, 89.55777899833744, 35.56634670051226, 26.97762878453419, 37.41771457537307, 68.39204970192287, 91.23265075818512, 19.60379302825625, 44.57998578928194, 43.78516035459501, 58.366235467539, 92.04793223469137, 44.4903806700303, 34.724983703230734, 52.32342478876402, 60.57948940238085, 77.36959306265935, 90.90605255057014, 31.07192555318045, 7.916948338815588, 94.55048580067545, 21.828589405455702, 38.324127391767796, 77.74312755660921, 36.10804871791823, 84.18916708852674, 6.929649866995521, 55.99305281448494, 32.60038582024502, 93.22709728672196, 20.692259450174884], [36.379458197933396, 56.33629330140022, 27.341674836412505, 55.119716437932645, 19.271472747852446, 45.96285311385441, 93.99091216565972, 90.386886823952, 0.0, 81.87227292782912, 64.50860152144372, 60.78285448200456, 19.818736854577626, 71.54201862978418, 18.81895584318093, 100.51567924064528, 44.031558475246705, 31.118070913199734, 28.101850923812368, 105.33155742017034, 24.7744050324417, 52.739966900578786, 86.55466343167988, 35.69625402395184, 54.890908242398694, 47.873739158352244, 23.915944291386005, 68.1037394035423, 89.24826326204031, 69.32472790324812, 49.20928131513064, 50.376705187337784, 46.48191311066011, 54.14993065322572, 28.721980791535405, 96.13778192327867, 48.21625665096476, 45.431367688740764, 96.5328451586129, 66.90838285343732, 41.310493456524775, 55.43120400402095, 54.092006799162924, 43.906455582437346, 60.01793580759204, 12.364267768555713, 57.45313418042791, 33.02379911654189, 62.809207753403825, 46.15974335952856, 22.041380547141554, 88.40499899178131, 87.52047867780671, 91.28593180769909, 62.37732204589644, 39.44707388920949, 78.68166664101506, 64.46324849392464, 76.19438096117253, 62.14100112431972, 59.438443449081596, 63.68587494509312, 56.76927633623153, 56.43728905149471, 50.47801387102303, 13.492036597534497, 26.254088517742318, 83.53082722105852, 86.3030123603708, 58.32704827488477, 69.08188389698587, 76.43188595987783, 66.92188460385965, 61.59459775176399, 42.77085904286501, 87.729807012719, 39.29312465726118, 94.49313637811125, 44.14164859856516, 90.19424345716087], [89.31397455422987, 31.236921910110482, 63.965589589036384, 40.33048224491604, 78.05330555050537, 35.91687713565874, 57.33183264373443, 20.149563142890358, 81.87227292782912, 0.0, 20.75238323606924, 26.43097088393704, 67.53994334037202, 80.04416645889694, 66.10375100271102, 20.36232451373645, 39.26118069712245, 51.328452360287244, 81.70707700978548, 64.3140155966715, 58.415474591456025, 78.24967239511105, 42.66138576828725, 67.06518504442222, 59.794464148899166, 72.47481568705062, 65.36233027052272, 37.67772443431569, 72.2400760793829, 78.9344404350682, 33.06095030305233, 31.495862879960853, 86.41188082341266, 30.106980816204562, 74.89878453250512, 31.93955308428971, 82.79983534882258, 77.23735409392387, 70.74904584754825, 42.54235892618928, 55.89375698258864, 48.48534666058029, 32.286416182683006, 39.382891313686024, 56.706497822383454, 72.15889736798124, 25.55573163443185, 80.91701867526974, 20.283102680136235, 87.67663045903636, 76.6454994460105, 17.194551015492546, 43.51880139371656, 54.18381270596677, 75.4095453595922, 75.36946481720469, 32.005992942865845, 26.02217276126432, 55.72592270249846, 39.397556469485004, 96.62175681511056, 26.140058224141242, 33.83043154888474, 57.47181670942895, 43.6199829208664, 68.3890229359074, 77.23400849478193, 45.99717289938818, 24.651623142104224, 98.6255225546751, 17.173987521509208, 50.47412244297033, 85.27761880341006, 21.065483003015693, 85.5823674916938, 24.740212812898683, 54.17344979605034, 50.58980880147562, 94.28300920229869, 38.61144553142528], [68.66244818198622, 26.55365599731655, 43.943722530485395, 19.965856313458268, 58.3093716915605, 20.685840594526685, 48.13447218747527, 26.230936888690813, 64.50860152144372, 20.75238323606924, 0.0, 24.11818072979543, 48.299063591458655, 61.56036104025692, 51.07897762178483, 41.10446690625682, 20.49944424623905, 36.11531761072682, 61.311834142593916, 57.708830616691415, 43.26160523509109, 57.87440247587199, 34.25312690306992, 57.484205945566536, 39.86126603325358, 51.908554834615764, 52.01050207204628, 21.266673821242787, 58.33259685255695, 60.205641152013804, 20.291566873061207, 16.773557090995592, 65.69530189667344, 10.426244558990305, 54.460282893589124, 34.247627076284225, 62.15516399230923, 56.555078783061354, 59.27674990179338, 25.4593083460222, 47.6744120825129, 45.78918671352026, 25.911812943380262, 20.6251440886361, 37.54684603429691, 56.34804131826986, 17.647297285341924, 60.297177751050974, 16.163561898578546, 66.9474922301841, 63.538544942215026, 35.190688978636196, 35.341388258706395, 44.71027281141929, 55.96928374899841, 66.61872589754665, 22.33502763169273, 27.110434476498984, 40.512288529732665, 39.86116673567072, 76.17874075813988, 26.56717056714318, 13.235964263326208, 37.74802178665105, 38.14582139467828, 51.321152754308734, 65.09965199040153, 35.22775716437576, 23.943015446522, 78.08212638902738, 4.581081736733903, 36.02234915923026, 65.87717737423458, 15.18231865289013, 64.83103411913571, 25.13699383406615, 33.54044834176206, 43.58089066190647, 73.53542671483844, 33.642622121455226], [77.29526953299934, 5.007348340905092, 50.05044415194576, 38.98985770007036, 62.088626424371235, 18.643013827224255, 72.23606391785825, 43.79961906259516, 60.78285448200456, 26.43097088393704, 24.11818072979543, 0.0, 50.9078809692379, 81.40278703184893, 43.048645643243326, 41.128923321539006, 26.550358112599387, 29.84110235880275, 68.17489630563453, 81.60548381270118, 36.05751717856842, 73.27553428793591, 58.17586575505934, 40.852952148159275, 57.951339870703016, 66.53181899483943, 40.93013195382426, 44.75312064715313, 81.73347016601532, 79.724449947287, 14.04856383947123, 16.173097643535833, 78.04600717847127, 23.89898812787855, 62.02526553066275, 54.52129267456887, 75.58103349899208, 69.8561428609414, 83.2565520000638, 48.35529221159916, 29.56162214103017, 22.928239527217297, 6.803724931312605, 26.619331657437247, 57.45779678978653, 49.58536888801498, 7.637895247161009, 68.99458456589869, 8.259114812603299, 78.99612963700487, 51.66698794347068, 27.770458229217645, 59.24706202543217, 68.81429683940264, 74.34686105971397, 48.97392473918043, 46.182237375568064, 4.475786967369513, 63.743188198824065, 15.774977504352863, 90.50246227523085, 3.608089579745999, 32.74476391802963, 56.52978732104139, 17.19773144046721, 47.612841642645684, 51.726860045082894, 59.34519249619329, 44.904362623575864, 91.72204706569373, 25.77669161195246, 59.648490740138875, 83.96582823679408, 8.9587602935448, 76.15230543630899, 45.69507600911623, 44.72093624645628, 67.41419909484492, 83.77679713811192, 56.80150724674638], [28.393261502546327, 47.43623283524091, 7.604193641971325, 36.04940893345205, 11.18315300924499, 33.111142537498665, 74.17970989753479, 73.18091468322562, 19.818736854577626, 67.53994334037202, 48.299063591458655, 50.9078809692379, 0.0, 54.00710014262058, 21.60713746920648, 87.30398686773654, 28.28512485873335, 22.924411202223478, 18.53017625756028, 85.51682163902548, 20.854804261596094, 36.55156033544932, 67.08612706720966, 41.46573203252525, 35.39164143959015, 30.589455577265472, 27.87875687996926, 48.8421540930092, 69.9007764962029, 51.781499161349615, 37.338798465656225, 37.06652170290594, 34.02965362546999, 37.93961571797904, 14.34675662904267, 77.82770974659162, 34.047860310967074, 29.75188666773507, 76.90845737290837, 47.32631741554828, 41.6953876173184, 53.397189382239986, 44.99037195268698, 28.16259306709945, 40.31957799236778, 20.286391421592274, 45.63010209008201, 21.264006773567875, 50.52509705189609, 34.308836415559256, 33.74024994617197, 76.98735761497089, 68.02509161655031, 71.49539610331688, 44.738823623489, 48.54792723535566, 59.851785260900144, 55.17975161951838, 56.3997889166018, 57.139158759603056, 47.855857418982055, 54.319250565904426, 38.65884642725884, 36.77988591599542, 46.08587779886452, 12.97844005257622, 37.75482668641391, 63.87298958100469, 68.34323622715473, 47.75287320188382, 52.83666940985341, 56.62454359500959, 50.83706608799409, 49.07899548710729, 30.832675830021234, 69.80808379099248, 19.587180857131766, 74.8264649521985, 35.97048204492995, 71.0546016984392], [42.49551784942899, 81.08070468993925, 47.070594276565764, 42.63117276579878, 52.623090831036706, 65.27701168061805, 42.259125054286436, 70.88337779162634, 71.54201862978418, 80.04416645889694, 61.56036104025692, 81.40278703184893, 54.00710014262058, 0.0, 74.53366325821321, 98.75022075834481, 56.73921403438833, 68.18809635719228, 45.48667624166279, 50.37379500924761, 70.7681898137857, 19.44307361439717, 47.52336453626226, 92.87920693538749, 23.777199771203485, 23.689776140377223, 80.15868128516004, 42.476112894907416, 25.077118816651705, 2.2285006808302796, 69.27352024813209, 65.86509377995428, 30.283181724864065, 57.60327763295634, 42.9072900939421, 66.74586435028668, 26.15362264056888, 26.658485032183886, 34.69726029868944, 37.56643019100829, 89.22619011433459, 96.11303680579039, 79.12117078986994, 56.72432042888727, 24.152785337199195, 74.2651593104726, 73.77347428387571, 40.350127970944584, 75.48600108430699, 31.57086303679465, 87.62380884244975, 96.31988028367543, 47.627510645842534, 42.00313335233486, 9.268708199745857, 101.10409853017045, 51.3109454009049, 85.55749071718223, 27.786389776552667, 94.86970587582252, 27.89452493377695, 84.78425344049644, 49.31257620564386, 24.896132140192005, 87.35463796573974, 66.82067567188875, 91.50638798903984, 42.02196199919794, 63.01267239945804, 31.18612154623266, 63.586734843857336, 32.98906224200973, 9.23703536896111, 74.02438511952069, 33.3778380405978, 64.19717300244434, 41.27862821191984, 48.51532186178914, 39.55852329656356, 54.44074704225541], [48.348344584841996, 38.35560041729622, 27.58976773636286, 47.00991823945876, 29.426146318817885, 30.789334164976385, 88.20604138273242, 77.29894753307545, 18.81895584318093, 66.10375100271102, 51.07897762178483, 43.048645643243326, 21.60713746920648, 74.53366325821321, 0.0, 83.69347760013184, 31.785300508121704, 15.036510967925098, 38.59267715466974, 99.46921594822794, 7.8363681511062495, 57.933917559186305, 78.37135490591078, 20.066712174948304, 53.611927510204595, 51.6762350998185, 6.439271117650983, 59.79841564664273, 87.62799879584142, 72.33318011707043, 33.055525326408706, 35.16174281003588, 55.46293726479608, 41.37243954361477, 35.74171591953019, 84.66004668880844, 55.651897755976044, 51.29864569157106, 93.48313210303688, 59.924865290897586, 22.943491650459872, 36.75888169266921, 36.254533048757935, 31.674639534440104, 57.44934664304743, 6.66024040226929, 40.79681722641986, 42.26898689558169, 46.210379778109875, 55.63431527021375, 14.088391798692484, 70.81908234325695, 79.42758353032364, 85.13768608203556, 65.33505879681452, 26.96853419191034, 68.7673957305696, 46.4261592890938, 72.08893999760286, 43.33298248495792, 69.25629773998514, 45.69276673349491, 46.4696205570684, 54.29832018884398, 31.678153768661353, 9.23849228765259, 17.357479551894176, 76.38377474646258, 74.43770902726067, 68.94637739579404, 55.4835513982378, 70.98271842707173, 72.11254357123042, 45.18418984141215, 52.1258611090064, 75.76444918175119, 35.233175630310356, 87.13927549881618, 56.23781256653432, 80.77387030457363], [109.66181602523459, 46.10379778618723, 84.09220095440192, 60.473563307266495, 98.00970013109854, 54.812097959888796, 70.64211105074227, 30.500122867752573, 100.51567924064528, 20.36232451373645, 41.10446690625682, 41.128923321539006, 87.30398686773654, 98.75022075834481, 83.69347760013184, 0.0, 59.15249282617743, 69.48287862473813, 101.95978587607775, 75.22980375846788, 76.29723679113997, 98.26140195579042, 56.825732487551704, 81.26014053334558, 79.5907413528449, 92.63905807507521, 82.00928637983348, 56.337441231741806, 88.02546030351135, 97.81597573175186, 51.31093157671218, 50.529750324845516, 106.69852303997637, 50.35063222978447, 95.17524972150774, 40.625152025493506, 103.01792604789335, 97.49323502661026, 84.89522136045854, 61.252891507256884, 69.85683025509505, 59.326307870173785, 47.85245798439379, 59.27080110471664, 76.09501584177058, 90.0552623048743, 43.0884299252049, 101.25657743498111, 37.709860352672024, 107.97786687346029, 92.79026065003355, 15.16897829952515, 57.438971821269334, 67.91783098241778, 94.79268523760825, 88.60585344270649, 48.331285434182526, 38.75087941811235, 72.93319995299123, 49.2180071210605, 116.65517332103418, 39.26860732134918, 54.09881912976204, 77.16529866917786, 56.98723277626614, 87.04922206623849, 92.72886419198522, 61.22874391700864, 37.9251914816434, 118.74166890154477, 37.356965406044, 67.49041572009907, 104.57161634052048, 38.928884380624375, 105.92124559003824, 37.25912102352472, 74.52410766966311, 62.96440961136294, 114.63982702155332, 51.17098908590969], [51.76621830073679, 24.9874804938972, 25.11705018412748, 17.610309777234345, 38.85800375455234, 8.595523778523198, 58.4361363582752, 46.41782195861996, 44.031558475246705, 39.26118069712245, 20.49944424623905, 26.550358112599387, 28.28512485873335, 56.73921403438833, 31.785300508121704, 59.15249282617743, 0.0, 17.646590997897945, 43.278565697344625, 69.38814658642484, 24.2360036690885, 46.87245505048817, 47.23493152725326, 42.528512590229596, 32.96256450485912, 40.066706633373855, 33.98664673842851, 29.09656776204755, 62.11365535603567, 54.869009146076095, 12.925464755396085, 10.454432602350265, 51.58443279541772, 10.118879548041466, 36.69854431081109, 52.99862410411779, 49.03419352330021, 43.30671757076015, 66.06205084146289, 30.374808651719732, 35.21547082595652, 39.5781334691623, 22.80003811799686, 0.12588980776722025, 33.9183721694508, 36.44096872991192, 19.58241627763588, 43.33592349585782, 23.552702237052674, 52.57905158358868, 45.192439090579455, 49.727905430578154, 48.32053264015834, 55.168924096184234, 48.929050408683636, 51.78965962817392, 37.08301539600356, 31.01456320398703, 44.70219732001723, 38.31538984383054, 63.952568134375774, 30.154388205647447, 15.028562353281828, 32.10453317875579, 30.792662428250573, 30.954014371908727, 47.44267525569997, 45.92442956041806, 42.86092632707822, 65.1872371653038, 25.079638279248325, 42.22062830900292, 58.23069683857139, 21.99402448812056, 49.84050696831735, 44.229836494162974, 18.17066747876043, 56.31152016772057, 57.78036096765149, 49.13443067310905], [51.143157593734145, 25.664290262019154, 24.98078445672431, 34.422448099144354, 33.810117254416376, 15.758065958443673, 75.73388172159419, 62.30903376458187, 31.118070913199734, 51.328452360287244, 36.11531761072682, 29.84110235880275, 22.924411202223478, 68.18809635719228, 15.036510967925098, 69.48287862473813, 17.646590997897945, 0.0, 41.37057852468249, 86.80760536503877, 7.202994643993412, 54.26024467405082, 64.86849581393554, 25.792782616216638, 45.29399995040369, 47.43598360382723, 16.359011414243483, 46.59959153298092, 77.61516424724498, 66.0974441519917, 18.304644511285883, 20.148577616872824, 55.08446571433748, 26.65705278806956, 36.324433280052794, 69.93499620464806, 53.97628899034545, 48.74407288663065, 82.46025860125613, 47.44570654035973, 21.128277677538257, 30.84233674904771, 23.30899340257121, 17.551523391809994, 47.93873157679217, 20.83577939209337, 26.394551111809182, 43.51139486322415, 31.784861874998246, 55.65749131126507, 27.6966983371575, 57.31699350526717, 65.95116842564407, 72.52425836609456, 59.41782915696545, 34.85908989907678, 54.66001044639524, 33.74148188478206, 60.929709494385435, 34.238244200689635, 68.70335566429634, 32.926526536393986, 32.66747959100309, 45.30015106226733, 23.19423859638775, 17.793270271451565, 29.803705923413133, 63.40834162726811, 59.66600984417174, 69.11537912877863, 40.48303202757938, 59.0503713751149, 67.5766829180895, 30.636555246522864, 52.348614651606006, 60.96415547209776, 26.927791731352823, 73.90265701608037, 58.492998081440625, 66.72421742077705], [9.901244380270889, 65.11050329315977, 18.24348212943719, 44.70842439008727, 9.39580916155113, 49.74079919024971, 75.7013970162988, 83.8022170585315, 28.101850923812368, 81.70707700978548, 61.311834142593916, 68.17489630563453, 18.53017625756028, 45.48667624166279, 38.59267715466974, 101.95978587607775, 43.278565697344625, 41.37057852468249, 0.0, 86.57892381465048, 39.2102549609377, 26.06491304974406, 72.06748294268073, 58.63786922185892, 34.8078319588999, 22.954059030178758, 45.03192129891047, 55.710055754836674, 66.43570795528728, 43.351668851538896, 54.23181134210738, 53.206187489252926, 18.381386322737573, 51.61360622885312, 6.877247914974316, 86.21169942434867, 20.44995898106188, 18.846072584765658, 74.88738570422201, 52.704437647600855, 60.001694364536355, 71.92691551464475, 62.662013141231284, 43.17086283119821, 40.755386008426925, 35.197759718522825, 62.20592534870491, 5.1903632613902575, 66.68081582380306, 18.082438114149067, 48.27922000188224, 92.99905740176855, 72.82669027818882, 73.62957455572491, 36.821414895812964, 64.72372547942402, 67.5641339441651, 72.56551510506262, 57.03121518807961, 75.4833747194282, 31.53210637292948, 71.6935597591413, 49.47212433585591, 37.19695945040746, 64.56236520300816, 29.357115942080444, 52.55302663048356, 67.79088296991357, 77.78233275522122, 30.742586499081582, 65.57647769993487, 58.984975634036374, 39.64990588848179, 65.1514918178668, 14.670063285095411, 79.27121808356306, 27.99743194551098, 78.27083690154508, 17.676851758921234, 77.30466438602018], [87.69167534135276, 84.26125397514465, 78.06960123696291, 52.54238082826371, 90.05685842800357, 74.8922299344176, 11.3584598603014, 45.48191973749261, 105.33155742017034, 64.3140155966715, 57.708830616691415, 81.60548381270118, 85.51682163902548, 50.37379500924761, 99.46921594822794, 75.22980375846788, 69.38814658642484, 86.80760536503877, 86.57892381465048, 0.0, 92.7043940372903, 64.8358342109577, 23.456667279151713, 111.85421946213411, 51.92121692172509, 64.52675573774951, 102.86295825804876, 40.299773679821406, 25.998794690104912, 51.27989840571131, 76.42733204703336, 72.38975339927873, 77.17802504408382, 62.5182661388955, 81.19574532055313, 34.60471852605063, 72.42388541697659, 69.9425535949275, 16.89104016234958, 39.55168067007469, 103.58660096737619, 103.44516014770204, 83.5279498385427, 69.46722069346147, 46.12532100089356, 102.41855120475034, 75.34759105442558, 82.36044733191817, 73.39966377729547, 78.67669122644193, 113.4937891243601, 80.82307103486069, 22.37274606702519, 14.332637141688082, 54.31518697784536, 121.13580975689842, 35.428515788604074, 84.03634684200446, 29.63802663403168, 97.37368682992273, 78.10151813587812, 83.63285842216742, 54.537289942344415, 49.775913097402885, 95.5306035680679, 95.30940074041999, 116.25016699204268, 23.49084164422143, 39.66431302147026, 81.34526394179358, 55.89113084486259, 28.916769010365215, 59.58376653511148, 72.6631897272076, 79.21821490875274, 39.67222719532344, 66.14060192125326, 14.208857524881171, 87.24889505698441, 25.756947580760297], [49.11119436628541, 31.56372442660616, 25.02134378983391, 40.16240702929932, 30.746585497222064, 22.96037926339555, 81.51777966152842, 69.47437153359289, 24.7744050324417, 58.415474591456025, 43.26160523509109, 36.05751717856842, 20.854804261596094, 70.7681898137857, 7.8363681511062495, 76.29723679113997, 24.2360036690885, 7.202994643993412, 39.2102549609377, 92.7043940372903, 0.0, 55.402151029023216, 71.19466476655766, 22.11244843211262, 48.75700459530951, 48.79853134998085, 10.236524474538724, 52.72873063184339, 82.11073548935894, 68.61176349207558, 25.355395614338978, 27.34402760076311, 54.60692272133695, 33.640048642570115, 35.10905582878576, 76.94283612252336, 54.1223272363428, 49.27191769878915, 87.49111423309822, 53.17647567467326, 20.84065657170047, 33.094855962867975, 29.334181797770004, 24.13023310572492, 52.05706531748498, 13.781477336784672, 33.26397804777388, 42.11274775692486, 38.67679370293312, 54.99077658554165, 20.995164213919818, 63.762339616444955, 72.26404503374391, 78.3792304478631, 61.733012080758584, 30.53804492880882, 61.31110063936718, 39.69005827914849, 65.98477886398209, 38.24401804495612, 68.4122312305615, 38.915457076255194, 39.107204269725145, 49.12620280259833, 26.662792869050424, 12.11367923738191, 23.545773925372647, 69.44539301427446, 66.69878948019141, 68.47832397980544, 47.654638034306515, 64.5148094839487, 69.24082716419717, 37.592779177522175, 51.55293422649427, 68.0139630894677, 30.143116924750327, 80.09365140158376, 56.78606011466364, 73.35233507053404], [23.6222927696504, 71.83695806955811, 30.50422263705273, 37.952764217227454, 33.57369953240958, 55.32024680093953, 54.918100513997516, 73.95906595886618, 52.739966900578786, 78.24967239511105, 57.87440247587199, 73.27553428793591, 36.55156033544932, 19.44307361439717, 57.933917559186305, 98.26140195579042, 46.87245505048817, 54.26024467405082, 26.06491304974406, 64.8358342109577, 55.402151029023216, 0.0, 55.41367350733863, 77.2658603780172, 18.98081248908966, 6.917028854226625, 63.96966108513013, 43.71297318666583, 41.98352377771214, 17.341107222610624, 59.78356061309186, 57.10792744551283, 12.342580027054481, 50.99686282782166, 24.03095956775902, 72.8835751347942, 7.597372770756525, 7.339369951161519, 51.104134362462524, 39.24054664335834, 75.28318173770283, 84.20290777684438, 69.5967607824815, 46.81828909511457, 23.82404669478863, 56.72597020523123, 65.95571444253949, 20.913156077923, 68.91015622666255, 13.8459068132842, 70.22999345881489, 92.8945462092694, 55.8852538983605, 53.603105288885935, 11.253729035770656, 84.88260597612505, 54.98190156957468, 77.69608531324874, 36.927554160633626, 84.77021081667893, 18.394993226444566, 76.85243965667938, 44.64363779705881, 21.640518800629984, 75.71203754935136, 49.528863672097636, 74.29051197531885, 50.255114197041806, 66.63264101481352, 20.64171961462671, 61.07732568000321, 40.60801800837764, 14.333807169669008, 67.34348269212956, 14.648305112510979, 68.02743112651214, 28.974205794768253, 59.33925163062696, 22.429573441903198, 61.792898871429436], [75.49546314430512, 60.806430837108806, 60.11030080634469, 31.672586897270207, 73.5595975455469, 51.99898518851018, 14.7214618683813, 26.410086300546205, 86.55466343167988, 42.66138576828725, 34.25312690306992, 58.17586575505934, 67.08612706720966, 47.52336453626226, 78.37135490591078, 56.825732487551704, 47.23493152725326, 64.86849581393554, 72.06748294268073, 23.456667279151713, 71.19466476655766, 55.41367350733863, 0.0, 89.29998307078633, 38.130480666298006, 52.71897929939196, 81.16271224324987, 18.646580033954212, 31.45118972191778, 47.393210952923475, 53.23409835160742, 49.236720748094385, 67.13566925049429, 39.545009316014074, 65.82565292997559, 19.440507022913767, 62.447605913247635, 58.46504153702861, 28.277859391017387, 19.831881129106314, 80.59101669652976, 80.0075513784162, 60.09547807842101, 47.32646938615187, 32.28319456094368, 82.02278059469546, 51.894913439851415, 68.7041756242793, 49.990743181454796, 68.65717138690034, 92.17692301590426, 59.72518317667043, 1.1081319302237695, 11.522448603151648, 47.289160977376156, 98.5883365144512, 11.998203016312175, 60.69962550395093, 19.785801939983624, 73.949319539097, 72.10609050593395, 60.27189974975544, 32.206395608038314, 35.452604271758936, 72.15855784486426, 75.32009000373405, 94.62235886197178, 5.501754804531157, 18.95208235955798, 75.00997050646771, 32.52523111647289, 15.005418034316891, 55.55072933552218, 49.22594829780395, 68.19595759515012, 19.5681667677406, 47.55344132771517, 9.379298408962814, 77.04959109476982, 6.936481129207241], [68.34937021313169, 35.90536535836916, 46.76407338900878, 59.92048618839951, 49.40936229177744, 37.44434493049288, 100.95894497687331, 82.36294916157271, 35.69625402395184, 67.06518504442222, 57.484205945566536, 40.852952148159275, 41.46573203252525, 92.87920693538749, 20.066712174948304, 81.26014053334558, 42.528512590229596, 25.792782616216638, 58.63786922185892, 111.85421946213411, 22.11244843211262, 77.2658603780172, 89.29998307078633, 0.0, 70.65933488814876, 70.76634228333256, 13.644621624896295, 71.55984402898795, 103.40281923275315, 90.72400562672023, 37.20108381708519, 40.80326145376835, 75.4547850221017, 49.86562676286862, 55.728407961334796, 91.62967191956061, 75.46146076634301, 70.88999470930784, 108.18838168645341, 72.85617254664226, 11.404508529200106, 24.30595780787526, 34.78925572016713, 42.45656033934434, 73.62441339496307, 24.240630602782588, 42.26657786643324, 62.32799645252659, 47.059465954859476, 75.66122351107781, 15.535136844318972, 66.73973228580623, 90.40175039728108, 97.67847607878427, 83.84275039563121, 9.290048654680614, 78.35570269060027, 42.56082551836036, 86.67103434376325, 33.78994464982694, 89.26658109473465, 42.107935603980984, 57.323736746822405, 70.86301354446992, 24.27549729410961, 29.28543275860049, 13.13141125576472, 88.36586817750948, 81.36651917680521, 89.00220184930669, 61.21121707627703, 84.61046728634204, 91.23823286521628, 46.637800508750644, 72.15785440965729, 82.49306485880176, 52.067866232203556, 98.53864132044166, 76.25742177679702, 90.33151877771144], [37.38314609612345, 57.40587600983374, 27.800717162759987, 19.995274795188855, 38.29298784642607, 41.5021392000