instance_id,num_cities,city_coordinates,distance_matrix,best_route,total_distance
1105,51,"[[54.161493443542774, 74.54445700073428], [35.44212050262709, 24.85539541211462], [4.367775858597945, 20.026324221414804], [6.354424176690099, 27.281661568798533], [98.22931245369581, 30.84135718913934], [73.17846856513546, 41.46958848241642], [83.09076285201154, 94.9443927018869], [65.90582969800622, 8.153814015663286], [41.779986100442876, 4.7410183075095365], [67.91268888350922, 39.27013594378514], [20.38839181048654, 34.65006694010816], [13.708203682058151, 45.17174130782487], [94.19143982056943, 4.281476673788632], [41.84210986676724, 94.67526337380285], [54.3850962445554, 30.405271835062763], [16.597165399267546, 79.82753777174514], [75.32107310497254, 82.60585356277592], [37.904888680427526, 20.737571455274427], [52.79687336460051, 42.02700858175778], [21.5164014046197, 47.922065032486884], [81.0531949776491, 9.62326311457684], [99.40049297630645, 71.17921114236223], [25.42874310416793, 32.1696996292607], [12.20708022790209, 1.6249323912727376], [71.52197458267133, 47.08360779799311], [21.833785561114627, 66.6960752381204], [25.69962551941105, 25.85107235074927], [68.07768925937648, 47.47732543347296], [3.2187900756946997, 41.87347957602218], [58.2909622549316, 66.03265816893385], [33.354055376985656, 74.10896164171703], [62.154905256292366, 88.32133795864321], [22.791749234201365, 52.50724542930425], [18.845541853434366, 75.68964771975394], [33.12516572906981, 81.62243123165148], [40.65836531429453, 27.010110283385337], [40.54316830829787, 1.615553711176343], [94.62721676595382, 76.0747106466819], [57.41624701493008, 39.69462087597788], [15.116439582432262, 42.308949582150255], [52.46793504997559, 91.66756913169456], [87.33152497540304, 72.62053191059738], [8.866114056192398, 66.9642131500382], [77.09338629362615, 35.56454570984965], [63.20254189769494, 4.067279275148438], [23.8422392641365, 13.270732811894304], [35.7347089277828, 0.22213336204152112], [25.193238489834723, 12.331859565058945], [89.80229054683988, 22.483528778061334], [96.04977348332116, 51.04099542218415], [2.7282257000640575, 36.437368503285384]]","[[0.0, 53.09818984540551, 73.83522948208905, 67.22564766461278, 62.06394771083963, 38.15222497154379, 35.398587614747115, 67.42141284509738, 70.8930305282968, 37.85991418448911, 52.27030468847613, 49.992250196436686, 80.86583339935588, 23.601198633580132, 44.139751531947454, 37.93401750211737, 22.643187186853552, 56.20905737091095, 32.54606949603362, 42.124266027324, 70.27037090412647, 45.36399407473599, 51.19756834417139, 84.12746197014738, 32.48822162442458, 33.26676709906355, 56.40145064093755, 30.43501465851564, 60.51902008716439, 9.460614780090788, 20.811994981292298, 15.927871211703037, 38.33666059535545, 35.33451426718372, 22.195152689815654, 49.4150643743387, 74.18951215978534, 40.49464705645497, 35.00149280720516, 50.6324418683378, 17.2066588587634, 33.2257803456452, 45.92528160697571, 45.22505051332658, 71.05471931767897, 68.36465790132705, 76.57254193668146, 68.62628559638375, 63.09204914697807, 48.0316636279161, 64.01196157379314], [53.09818984540551, 0.0, 31.44733412581661, 29.18871091728784, 63.071889233606676, 41.23182480162676, 84.75175903086176, 34.741623437642, 21.089255715701253, 35.52636423239686, 17.95968646379616, 29.75091680801706, 62.247639734955364, 70.11257965621209, 19.739236516878762, 58.11255258939433, 70.18152375997117, 4.798093500247104, 24.414171002678685, 26.944329640427362, 48.08729529819386, 78.97195270025836, 12.40027310606237, 32.85607263095812, 42.377462126807536, 43.998059822936696, 9.793241601437115, 39.70934481917009, 36.44116096412281, 47.09178843031963, 49.29780727682268, 68.8585414644757, 30.408168353292197, 53.47492525039725, 56.8142995658601, 5.643758154963998, 23.793085781386335, 78.2706450260711, 26.515370039772495, 26.791040629955763, 68.94740689928834, 70.5267223203945, 49.79394189985973, 43.005974492992564, 34.681216364996985, 16.393951698965974, 24.634999639011703, 16.182661481493934, 54.411890599072784, 66.02252076159762, 34.703616725606054], [73.83522948208905, 31.44733412581661, 0.0, 7.522412615917818, 94.48255389269421, 72.0744407742487, 108.67394198247285, 62.672869480562206, 40.41428029869732, 66.39488128575557, 21.69133436606527, 26.824160608950894, 91.19315123325416, 83.52718016270371, 51.082823846752675, 61.03886557456366, 94.60744094794377, 33.54465395635792, 53.19217609356985, 32.74519374681088, 77.387836162133, 107.92513684550806, 24.311024404883646, 20.00164778914503, 72.40015884523814, 49.83098589120729, 22.112790432727337, 69.37226054468111, 21.87734822636563, 70.88224597474594, 61.36070461340855, 89.46262474013433, 37.34237589465975, 57.51531353545762, 67.97843680887966, 36.95646290977114, 40.59083011802632, 106.24588600875109, 56.577223202593636, 24.739627418677156, 86.2907485570183, 98.23000738047948, 47.15294756020799, 74.3670003440447, 60.960813728757195, 20.612926532301216, 37.09569335867988, 22.20145671240851, 85.46984353705481, 96.78583841736138, 16.492740801451575], [67.22564766461278, 29.18871091728784, 7.522412615917818, 0.0, 91.94382267896934, 68.3136163479513, 102.3069443277544, 62.54793722881852, 41.98870129268511, 62.714778733202294, 15.850730117644128, 19.342518607520887, 90.79840209181955, 76.16609087966368, 48.13213479980217, 53.534875116022064, 88.41473228022258, 32.22199444192614, 48.727059680471456, 25.610775244105632, 76.75757549025545, 102.88131889525144, 19.69067186836614, 26.315800100751105, 68.10966671758142, 42.34508984246036, 19.398025685651913, 64.94325439491378, 14.924923918441307, 64.8000287427122, 54.053456106627685, 82.70148597511421, 30.108399760692933, 49.993611031864496, 60.57715617966519, 34.30501592585024, 42.75066453115835, 100.86053514543687, 52.54894204763304, 17.39518033843534, 79.19596566592524, 92.8057326765721, 39.76196028930844, 71.22223621226303, 61.40534206155813, 22.408252969916326, 39.942698942705015, 24.049896146889264, 83.58569542695642, 92.78880122296654, 9.847653774483323], [62.06394771083963, 63.071889233606676, 94.48255389269421, 91.94382267896934, 0.0, 27.212204613967163, 65.86634076667103, 39.490912279987946, 62.19127057290253, 31.466521510824194, 77.9340438867991, 85.72734532794118, 26.8650640868593, 85.1720857697623, 43.84638486158113, 95.20217077770583, 56.60698291619707, 61.164716869554034, 46.789158131575114, 78.59148364837795, 27.298837479056534, 40.354852562834154, 72.81268702124407, 90.84835669993033, 31.258480465273244, 84.39097899400754, 72.7011583783479, 34.43654774623455, 95.64887394475593, 53.23062540727486, 77.98002677502716, 67.862442071492, 78.48717511626047, 91.17648928442763, 82.56674513175827, 57.69828773352452, 64.66713860451955, 45.3765507543117, 41.76226273105503, 83.90027003655625, 76.11788043006955, 43.1770912907314, 96.3879761723598, 21.657236306742526, 44.087706945668934, 76.43404672470962, 69.59247328292747, 75.34500383137839, 11.868782328767026, 20.316883985229317, 95.66489906832467], [38.15222497154379, 41.23182480162676, 72.0744407742487, 68.3136163479513, 27.212204613967163, 0.0, 54.38573585362557, 34.100324110061464, 48.32031216971458, 5.706665149202232, 53.22873357339747, 59.585386973704026, 42.714173536107374, 61.747965287292715, 21.808483350587498, 68.35770725843992, 41.19202664321986, 40.91505796032284, 20.38921626952883, 52.06345778880664, 32.80548361945366, 39.626458873036, 48.646934274205, 72.83616419603129, 5.853305492592031, 57.20709839538354, 49.98178251238825, 7.88104389019305, 69.96084435140426, 28.722504009244584, 51.490897894798394, 48.13112690356615, 51.58150207013663, 64.21120914035158, 56.71435311208603, 35.58979664501626, 51.51123091522039, 40.71318311537242, 15.861845359278506, 58.068095686392304, 54.302517987178675, 34.21535155771378, 69.1813185002055, 7.084921380417274, 38.70984173191921, 56.82639336406707, 55.70805767290027, 56.13901986890185, 25.235330795865053, 24.793314007354066, 70.62973847938211], [35.398587614747115, 84.75175903086176, 108.67394198247285, 102.3069443277544, 65.86634076667103, 54.38573585362557, 0.0, 88.47556993993994, 99.2130486778335, 57.70612441466128, 86.98846505886034, 85.38885374430849, 91.33996590692526, 41.24953095117978, 70.63507215003717, 68.19030580065257, 14.581070840394966, 86.8816179877937, 60.975152991958666, 77.47581098060527, 85.34545586554206, 28.823447942335147, 85.23831657044343, 117.18796070851207, 49.23912665388787, 67.45653938908515, 89.81998419880922, 49.7846849318343, 95.89605755813832, 38.09092415994755, 53.92453298749454, 21.95848326729865, 73.73521893854881, 67.06857405285275, 51.71107766491198, 80.09728515071896, 102.56982981759415, 22.116841315455513, 60.92387093975198, 85.97091657280559, 30.797648535291035, 22.723090107114956, 79.32331899647409, 59.68194663699254, 93.0279048323889, 100.90081400647455, 105.90043558795868, 100.88088995717847, 72.77102036240535, 45.776022645505215, 99.40427183010739], [67.42141284509738, 34.741623437642, 62.672869480562206, 62.54793722881852, 39.490912279987946, 34.100324110061464, 88.47556993993994, 0.0, 24.366031762264463, 31.180971346719698, 52.66771848941594, 63.991554932729514, 28.549443716032847, 89.80547762330242, 25.057028443013248, 86.9969370264772, 75.04500650367915, 30.69859360245823, 36.32131669231762, 59.598113503287955, 15.218474153778644, 71.37291608940205, 47.06545761947374, 54.0941955288949, 39.33280980683017, 73.27715485362765, 43.92871278594051, 39.38344225916424, 71.1806208325813, 58.37762248237058, 73.55065947917257, 80.25522618070244, 61.85507911565543, 82.31500182907453, 80.45004441188159, 31.511813130045354, 26.191858287991558, 73.74392364302555, 32.66336650641594, 61.20568138561211, 84.58796785685308, 67.93392476712118, 81.92796962480801, 29.60590540062695, 4.899748066660828, 42.37367694873267, 31.196283216473795, 40.926411368412296, 27.863624428123646, 52.421061377351535, 69.21971613185859], [70.8930305282968, 21.089255715701253, 40.41428029869732, 41.98870129268511, 62.19127057290253, 48.32031216971458, 99.2130486778335, 24.366031762264463, 0.0, 43.30332688706311, 36.77161264308709, 49.22060879828043, 52.4134683031956, 89.93426652286905, 28.59270380484743, 79.19696877861284, 84.78170254704257, 16.45922515259684, 38.87951743170809, 47.6992207587239, 39.57551326096486, 87.94405198643348, 31.932674591606194, 29.73662309650386, 51.74437905354185, 65.08671135669962, 26.537000171920422, 50.17928993319912, 53.53303203365793, 63.47658978297931, 69.87780671267754, 86.02794408558817, 51.401999890465056, 74.5633740411144, 77.36703153716803, 22.29732025643297, 3.3612865384996047, 88.7768294756769, 38.2916046660408, 46.06836412522421, 87.58114803390876, 81.74699420081937, 70.39210857302528, 46.87351144011646, 21.43314771959791, 19.862497101062882, 7.547562337911658, 18.241191498784545, 51.195101349055676, 71.33651031135605, 50.296109254114825], [37.85991418448911, 35.52636423239686, 66.39488128575557, 62.714778733202294, 31.466521510824194, 5.706665149202232, 57.70612441466128, 31.180971346719698, 43.30332688706311, 0.0, 47.748338713337965, 54.52481235022446, 43.75818812889715, 61.232370816461845, 16.17348380132097, 65.40784198776453, 43.964401261995306, 35.26930704662169, 15.365162724282603, 47.1960948467104, 32.42853633701923, 44.82935295779793, 43.0732149350223, 67.23299923550745, 8.606816233351115, 53.62319906133119, 44.29462705899337, 8.208847936445075, 64.74625812371904, 28.439588941590877, 49.07181396534157, 49.38797921964679, 47.022550572763514, 61.10618426698653, 54.807742914402915, 29.884885517751496, 46.55059848841061, 45.477936618134045, 10.505021625780683, 52.88363006252675, 54.626288778022285, 38.59196945359234, 65.21855496056187, 9.900333525592252, 35.51656799664848, 51.16809057281935, 50.59811162143295, 50.50368477838279, 27.58522867615236, 30.49997807601163, 65.24598694085233], [52.27030468847613, 17.95968646379616, 21.69133436606527, 15.850730117644128, 77.9340438867991, 53.22873357339747, 86.98846505886034, 52.66771848941594, 36.77161264308709, 47.748338713337965, 0.0, 12.463167532030623, 79.80689926530286, 63.743911280545205, 34.260680055440446, 45.336268797117995, 72.92020944018478, 22.369291298791104, 33.23746296918057, 13.319847559509116, 65.62438002017394, 87.04763355075676, 5.6175940722373605, 34.02342386033501, 52.62353299983353, 32.07858804452939, 10.277719070610125, 49.384285472448624, 18.62720896538312, 49.20845332391262, 41.53447727842857, 68.00769793312901, 18.01818388465199, 41.068571640112424, 48.66855675886184, 21.66196582865187, 38.69746865040657, 85.0141413941533, 37.36990213330957, 9.297954808422126, 65.42241703439126, 76.96193401942867, 34.30695162680354, 56.7123678817346, 52.61519123836784, 21.656523035771325, 37.69339543634122, 22.829562677540377, 70.47207949698418, 77.41645311654936, 17.750377853033168], [49.992250196436686, 29.75091680801706, 26.824160608950894, 19.342518607520887, 85.72734532794118, 59.585386973704026, 85.38885374430849, 63.991554932729514, 49.22060879828043, 54.52481235022446, 12.463167532030623, 0.0, 90.2749413800357, 56.93957651885709, 43.27422107018171, 34.77600219047857, 72.09340079952794, 34.38761726688254, 39.21496450934647, 8.278419671957572, 76.15144223492455, 89.55197893784097, 17.504974497449265, 43.572674217212345, 57.845374397827314, 23.006999630897607, 22.73944692885578, 54.41834874472641, 10.995741369131816, 49.22194850118412, 34.97602335130894, 64.87657963048932, 11.67563362366693, 30.947291565730602, 41.29977253034266, 32.49855463665346, 51.15913217057123, 86.61916758102686, 44.049879684434615, 3.190408252198064, 60.53246055415275, 78.57372044022061, 22.323925751054134, 64.10912245507325, 64.33713013804379, 33.471973653136494, 50.05631016984337, 34.79028395133748, 79.40443969691283, 82.55048310697637, 14.030295248987242], [80.86583339935588, 62.247639734955364, 91.19315123325416, 90.79840209181955, 26.8650640868593, 42.714173536107374, 91.33996590692526, 28.549443716032847, 52.4134683031956, 43.75818812889715, 79.80689926530286, 90.2749413800357, 0.0, 104.45807302731426, 47.61299888181675, 108.29625464615332, 80.56549357528465, 58.642807698037906, 56.01995457953482, 84.77123427822151, 14.182671114127668, 67.10023183124686, 74.20283983329703, 82.02738838549448, 48.43477142452377, 95.55737671094515, 71.80791101217137, 50.47582905155424, 98.43364101670319, 71.42865465264784, 92.61244518358575, 89.9390784457219, 86.16055122786508, 103.80814627284202, 98.54295044973821, 58.15823975889976, 53.71446901438188, 71.79455651950727, 51.05394782166212, 87.74362859181042, 96.83584050032017, 68.6824934196665, 105.87509938105376, 35.65072008704981, 30.989638187625214, 70.92120095462072, 58.59750553389027, 69.46625404880169, 18.72376383513045, 46.79643146206416, 96.95112643287705], [23.601198633580132, 70.11257965621209, 83.52718016270371, 76.16609087966368, 85.1720857697623, 61.747965287292715, 41.24953095117978, 89.80547762330242, 89.93426652286905, 61.232370816461845, 63.743911280545205, 56.93957651885709, 104.45807302731426, 0.0, 65.48250392023125, 29.287577173968202, 35.58808273413469, 74.04244726445356, 53.77588284669586, 50.98034895555979, 93.6554960675998, 62.1693810219072, 64.62464009576085, 97.65551227480617, 56.087967069603, 34.39720933814373, 70.69193073387095, 53.99954603406527, 65.42009785922846, 33.02973777990993, 22.24904123679709, 21.28337437339589, 46.271567701974085, 29.821062056122546, 15.695908448730119, 67.67550660257481, 93.06877463287383, 55.966490618163306, 57.143895539098686, 58.79194053841743, 11.043295951758065, 50.55391247806532, 43.07340947966687, 68.82390160743874, 93.09175494623513, 83.37081586332326, 94.65037831539922, 84.00964866570686, 86.67078789769478, 69.58749984328452, 70.15374782259119], [44.139751531947454, 19.739236516878762, 51.082823846752675, 48.13213479980217, 43.84638486158113, 21.808483350587498, 70.63507215003717, 25.057028443013248, 28.59270380484743, 16.17348380132097, 34.260680055440446, 43.27422107018171, 47.61299888181675, 65.48250392023125, 0.0, 62.2132468842803, 56.24247380593765, 19.106587136118716, 11.729757752225465, 37.24498817830581, 33.80945690921975, 60.73631590368554, 29.010060196969008, 51.06165854729788, 23.91316561368994, 48.75048962676442, 29.044740722995527, 21.88474622965772, 52.435776677335426, 35.840848849795904, 48.50069260010258, 58.434926604812404, 38.556929494932476, 57.5650469085664, 55.45432410713208, 14.14037708103179, 31.9444336097133, 60.86974540300772, 9.771380690398551, 41.03321751891038, 61.292288072047874, 53.54993323396258, 58.38265092933282, 23.28700375462211, 27.774758323560114, 35.0208300881462, 35.48040015483488, 34.3338432199684, 36.29230862465108, 46.494928942569686, 52.007869257114535], [37.93401750211737, 58.11255258939433, 61.03886557456366, 53.534875116022064, 95.20217077770583, 68.35770725843992, 68.19030580065257, 86.9969370264772, 79.19696877861284, 65.40784198776453, 45.336268797117995, 34.77600219047857, 108.29625464615332, 29.287577173968202, 62.2132468842803, 0.0, 58.78959410357287, 62.81435497327128, 52.33831162560059, 32.282473164116546, 95.30592809027317, 83.25373632047337, 48.46923045781662, 78.32573227302592, 63.94450417322269, 14.137096554507, 54.73859332849873, 60.80115603541221, 40.24290570799664, 43.91664148699717, 17.70580341809648, 46.34276968951357, 28.013768803294887, 4.709281342415162, 16.625174809136848, 58.03983104592088, 81.79563256073001, 78.1202446726731, 57.24376335033084, 37.547796322621274, 37.77430949651817, 71.10056651060276, 15.007807141373984, 74.96002407130386, 88.94761315533611, 66.9499767122516, 81.8734754577957, 68.04086308358313, 92.99099803389261, 84.50669767421569, 45.55276366507011], [22.643187186853552, 70.18152375997117, 94.60744094794377, 88.41473228022258, 56.60698291619707, 41.19202664321986, 14.581070840394966, 75.04500650367915, 84.78170254704257, 43.964401261995306, 72.92020944018478, 72.09340079952794, 80.56549357528465, 35.58808273413469, 56.24247380593765, 58.78959410357287, 0.0, 72.30252545952288, 46.41101414467989, 64.01490360530553, 73.20734751165881, 26.6530789655527, 70.94399351963796, 102.67076356330517, 35.72482461476587, 55.803324050982994, 75.38828324687888, 35.86753543339535, 82.81223042903059, 23.76332218203402, 42.81854445563653, 14.353213497298158, 60.541358408055714, 56.89744751222603, 42.207365693171575, 65.51633370519014, 88.14154146654447, 20.38094725102081, 46.496846000725576, 72.44610664492016, 24.58415359561383, 15.6191421860931, 68.27094914366164, 47.07468256454268, 79.46802155430159, 86.35640858182872, 91.40108086276653, 86.3205307884154, 61.84173021607132, 37.76267057308093, 86.03052078791997], [56.20905737091095, 4.798093500247104, 33.54465395635792, 32.22199444192614, 61.164716869554034, 40.91505796032284, 86.8816179877937, 30.69859360245823, 16.45922515259684, 35.26930704662169, 22.369291298791104, 34.38761726688254, 58.642807698037906, 74.04244726445356, 19.106587136118716, 62.81435497327128, 72.30252545952288, 0.0, 25.980980370188693, 31.742388162184966, 44.55675241993014, 79.53658505390658, 16.92181323104804, 32.02608829147717, 42.710913073015575, 48.68741547288638, 13.233153072404471, 40.31640283546645, 40.61837082535363, 49.67128824766899, 53.565057399289856, 71.80270746087221, 35.18123318386132, 58.16347124483533, 61.07218598904768, 6.850282981265121, 19.303162487023666, 79.24406272605721, 27.20409577244492, 31.378938264137904, 72.40957733572661, 71.65775576338123, 54.59077608949332, 41.89961229803339, 30.296367763675736, 15.922053508633397, 20.629902576504353, 15.239489589527203, 51.92676272845144, 65.56771410427582, 38.521179184739495], [32.54606949603362, 24.414171002678685, 53.19217609356985, 48.727059680471456, 46.789158131575114, 20.38921626952883, 60.975152991958666, 36.32131669231762, 38.87951743170809, 15.365162724282603, 33.23746296918057, 39.21496450934647, 56.01995457953482, 53.77588284669586, 11.729757752225465, 52.33831162560059, 46.41101414467989, 25.980980370188693, 0.0, 31.83111082881696, 42.993283561527214, 54.970430915603124, 29.089192043385882, 57.27005384476016, 19.39584005039816, 39.58883246601797, 31.558227987852526, 16.223726088483147, 49.578321005831604, 24.62633194036713, 37.51366262364885, 47.230685929186755, 31.78274435069023, 47.81073294895252, 44.21282139969707, 19.30934002473943, 42.228414277165285, 53.93536543842992, 5.1748087241397, 37.68148856852749, 49.6416503767428, 46.13681644361431, 50.515104524226736, 25.141280136084983, 39.36011924082151, 40.808016761957326, 45.15268593788252, 40.54334141907072, 41.84911592458158, 44.182183371121496, 50.37969387721958], [42.124266027324, 26.944329640427362, 32.74519374681088, 25.610775244105632, 78.59148364837795, 52.06345778880664, 77.47581098060527, 59.598113503287955, 47.6992207587239, 47.1960948467104, 13.319847559509116, 8.278419671957572, 84.77123427822151, 50.98034895555979, 37.24498817830581, 32.282473164116546, 64.01490360530553, 31.742388162184966, 31.83111082881696, 0.0, 70.79144028274057, 81.28238779171646, 16.230940618792896, 47.2238070423114, 50.012602005889995, 18.776692783981566, 22.46392846213429, 46.56341181662329, 19.271428757841512, 40.99221766978719, 28.73819071535264, 57.30261118190411, 4.75924272944519, 27.895736933022057, 35.64376651110852, 28.350037632210725, 50.063068718942546, 78.34387517781809, 36.8305546006654, 8.512730254405136, 53.587933006353154, 70.29683319159265, 22.861171775054384, 56.93425623613788, 60.50600418991873, 34.72930097785786, 49.77392640919936, 35.77962906689992, 72.87030796360962, 74.59860106059584, 22.020304282028164], [70.27037090412647, 48.08729529819386, 77.387836162133, 76.75757549025545, 27.298837479056534, 32.80548361945366, 85.34545586554206, 15.218474153778644, 39.57551326096486, 32.42853633701923, 65.62438002017394, 76.15144223492455, 14.182671114127668, 93.6554960675998, 33.80945690921975, 95.30592809027317, 73.20734751165881, 44.55675241993014, 42.993283561527214, 70.79144028274057, 0.0, 64.23206427829447, 60.02017532243548, 69.3091683004109, 38.65386896570631, 82.24502620421755, 57.68326832256982, 40.01616901563413, 84.25123766599197, 60.82876859613113, 80.20980758720712, 80.93535901294692, 72.34246332055992, 90.74447245987936, 86.49263666465168, 43.97777527345983, 41.29389386629525, 67.82366066957373, 38.24907667652203, 73.59354463473797, 86.88144355938796, 63.309346097703134, 92.1897998855091, 26.241764946395417, 18.695314167054438, 57.327109545540054, 46.28332765128207, 55.92558657316059, 15.554198989797968, 44.04913071084835, 82.78766248742266], [45.36399407473599, 78.97195270025836, 107.92513684550806, 102.88131889525144, 40.354852562834154, 39.626458873036, 28.823447942335147, 71.37291608940205, 87.94405198643348, 44.82935295779793, 87.04763355075676, 89.55197893784097, 67.10023183124686, 62.1693810219072, 60.73631590368554, 83.25373632047337, 26.6530789655527, 79.53658505390658, 54.970430915603124, 81.28238779171646, 64.23206427829447, 0.0, 83.62751800476342, 111.53693970742547, 36.848471994825296, 77.69615567561806, 86.52432045506391, 39.27973292738345, 100.5472320628466, 41.43042992342666, 66.11138599023201, 41.0010526254476, 78.85139137220813, 80.68112659430942, 67.09306855079474, 73.49521775565115, 91.12237432309782, 6.837403101844474, 52.478151007704646, 89.09149038520171, 51.20974327808566, 12.15472723526844, 90.63244438128152, 42.02393844491836, 76.25157743443148, 95.19685691546186, 95.332255536286, 94.70864483289114, 49.63259987953385, 20.415069275246147, 102.72547342449984], [51.19756834417139, 12.40027310606237, 24.311024404883646, 19.69067186836614, 72.81268702124407, 48.646934274205, 85.23831657044343, 47.06545761947374, 31.932674591606194, 43.0732149350223, 5.6175940722373605, 17.504974497449265, 74.20283983329703, 64.62464009576085, 29.010060196969008, 48.46923045781662, 70.94399351963796, 16.92181323104804, 29.089192043385882, 16.230940618792896, 60.02017532243548, 83.62751800476342, 0.0, 33.28355712414899, 48.44595591993495, 34.71302828075387, 6.324431039045069, 45.31286810511627, 24.237272098612035, 47.18713181125169, 42.68152144395907, 67.0955846050835, 20.50779134473311, 44.01504765994109, 50.0480527509233, 16.07988665635588, 34.088145769971554, 81.95168545893826, 32.86068846220845, 14.461949852339162, 65.35376329187845, 73.94744238748588, 38.535423341756754, 51.776059485102984, 47.080844353654975, 18.965440706673558, 33.56873429183589, 19.839237909663275, 65.09819902357178, 73.09894483997218, 23.098192310922123], [84.12746197014738, 32.85607263095812, 20.00164778914503, 26.315800100751105, 90.84835669993033, 72.83616419603129, 117.18796070851207, 54.0941955288949, 29.73662309650386, 67.23299923550745, 34.02342386033501, 43.572674217212345, 82.02738838549448, 97.65551227480617, 51.06165854729788, 78.32573227302592, 102.67076356330517, 32.02608829147717, 57.27005384476016, 47.2238070423114, 69.3091683004109, 111.53693970742547, 33.28355712414899, 0.0, 74.73117061876523, 65.77938192904641, 27.730031297846857, 72.27701502721511, 41.239967390181945, 79.1964602904168, 75.50582132746601, 100.05524455703797, 51.97157875294096, 74.36162470954103, 82.68715814290972, 38.12981615063701, 28.336089632473787, 111.06686449716084, 59.10304512374812, 40.787910300006914, 98.63373085396113, 103.36371389287757, 65.4246411150515, 73.22656667541735, 51.05391433784964, 16.462126024162757, 23.569411476654704, 16.830882208271873, 80.34984572273392, 97.32186032848584, 36.079833580725925], [32.48822162442458, 42.377462126807536, 72.40015884523814, 68.10966671758142, 31.258480465273244, 5.853305492592031, 49.23912665388787, 39.33280980683017, 51.74437905354185, 8.606816233351115, 52.62353299983353, 57.845374397827314, 48.43477142452377, 56.087967069603, 23.91316561368994, 63.94450417322269, 35.72482461476587, 42.710913073015575, 19.39584005039816, 50.012602005889995, 38.65386896570631, 36.848471994825296, 48.44595591993495, 74.73117061876523, 0.0, 53.4187701780189, 50.50255671937547, 3.4667152990622334, 68.50160910433762, 23.111170398256558, 46.7670803757326, 42.288206116691455, 49.03111978803298, 59.942573227074604, 51.64537979646815, 36.81721987793211, 55.018454909483374, 37.07204149667762, 15.923839924749549, 56.607258719543296, 48.48490518417581, 30.034586342302646, 65.73427817719873, 12.79567973354556, 43.81343948818848, 58.452268346669705, 58.96376997245774, 57.914037963217034, 30.648553628788473, 24.844996190758803, 69.61265902437148], [33.26676709906355, 43.998059822936696, 49.83098589120729, 42.34508984246036, 84.39097899400754, 57.20709839538354, 67.45653938908515, 73.27715485362765, 65.08671135669962, 53.62319906133119, 32.07858804452939, 23.006999630897607, 95.55737671094515, 34.39720933814373, 48.75048962676442, 14.137096554507, 55.803324050982994, 48.68741547288638, 39.58883246601797, 18.776692783981566, 82.24502620421755, 77.69615567561806, 34.71302828075387, 65.77938192904641, 53.4187701780189, 0.0, 41.027539280981955, 50.078528066505235, 31.02707386019864, 36.46321234740406, 13.699178860906112, 45.75417665311534, 14.221131661808903, 9.47702202376288, 18.71607248711419, 43.92426000824932, 67.71643290221087, 73.3951117493555, 44.667550870661444, 25.29534808531793, 39.52248249013075, 65.76513556015898, 12.970443407971047, 63.425512247723965, 75.05824461447875, 53.46308165114218, 67.91185919256147, 54.467915966442355, 81.08308661168148, 75.84915548186704, 35.78563609702832], [56.40145064093755, 9.793241601437115, 22.112790432727337, 19.398025685651913, 72.7011583783479, 49.98178251238825, 89.81998419880922, 43.92871278594051, 26.537000171920422, 44.29462705899337, 10.277719070610125, 22.73944692885578, 71.80791101217137, 70.69193073387095, 29.044740722995527, 54.73859332849873, 75.38828324687888, 13.233153072404471, 31.558227987852526, 22.46392846213429, 57.68326832256982, 86.52432045506391, 6.324431039045069, 27.730031297846857, 50.50255671937547, 41.027539280981955, 0.0, 47.57725411104123, 27.606258267645234, 51.73736627498759, 48.861172471235584, 72.32925760586159, 26.814311620550026, 50.30767394456006, 56.263514988202154, 15.00357507997077, 28.41990721755792, 85.28438707484007, 34.60618318827402, 19.5669503893819, 71.05176735057542, 77.36842623495565, 44.42586470249589, 52.30363478014892, 43.37052429516098, 12.716714458308813, 27.523542880593734, 13.528693291241986, 64.19105867122538, 74.7239957636692, 25.293376126754925], [30.43501465851564, 39.70934481917009, 69.37226054468111, 64.94325439491378, 34.43654774623455, 7.88104389019305, 49.7846849318343, 39.38344225916424, 50.17928993319912, 8.208847936445075, 49.384285472448624, 54.41834874472641, 50.47582905155424, 53.99954603406527, 21.88474622965772, 60.80115603541221, 35.86753543339535, 40.31640283546645, 16.223726088483147, 46.56341181662329, 40.01616901563413, 39.27973292738345, 45.31286810511627, 72.27701502721511, 3.4667152990622334, 50.078528066505235, 47.57725411104123, 0.0, 65.10053680049855, 20.97809329713254, 43.760425010808305, 41.27120945045654, 45.56442097874417, 56.74274814445807, 48.86273785928747, 34.21587674757613, 53.492541064277674, 39.02163312644881, 13.199880338886452, 53.2128375139323, 46.86621453228459, 31.668454678608033, 62.3357797009097, 14.939782922015603, 43.68293910974829, 55.91838709279817, 57.26361457712684, 55.44618912885813, 33.11567864850911, 28.19817794858199, 66.27543312955638], [60.51902008716439, 36.44116096412281, 21.87734822636563, 14.924923918441307, 95.64887394475593, 69.96084435140426, 95.89605755813832, 71.1806208325813, 53.53303203365793, 64.74625812371904, 18.62720896538312, 10.995741369131816, 98.43364101670319, 65.42009785922846, 52.435776677335426, 40.24290570799664, 82.81223042903059, 40.61837082535363, 49.578321005831604, 19.271428757841512, 84.25123766599197, 100.5472320628466, 24.237272098612035, 41.239967390181945, 68.50160910433762, 31.02707386019864, 27.606258267645234, 65.10053680049855, 0.0, 60.13825786322478, 44.12777491316467, 75.03911793799747, 22.275046721454878, 37.25222945070843, 49.74304436242662, 40.28202503320901, 54.89817670369249, 97.5972575267212, 54.24123674765383, 11.905616234005265, 70.03520282954892, 89.55631412454244, 25.718421013409035, 74.14350013919056, 70.9038734050059, 35.26249819398887, 52.840511165510684, 36.81825221242644, 88.72808318556274, 93.28255371298886, 5.458200894229659], [9.460614780090788, 47.09178843031963, 70.88224597474594, 64.8000287427122, 53.23062540727486, 28.722504009244584, 38.09092415994755, 58.37762248237058, 63.47658978297931, 28.439588941590877, 49.20845332391262, 49.22194850118412, 71.42865465264784, 33.02973777990993, 35.840848849795904, 43.91664148699717, 23.76332218203402, 49.67128824766899, 24.62633194036713, 40.99221766978719, 60.82876859613113, 41.43042992342666, 47.18713181125169, 79.1964602904168, 23.111170398256558, 36.46321234740406, 51.73736627498759, 20.97809329713254, 60.13825786322478, 0.0, 26.21213464073152, 22.621125133068944, 37.988562948189, 40.61032673884196, 29.603350130147657, 42.82134652659688, 66.81726974887412, 37.698358185146844, 26.352558418419836, 49.2631074650066, 26.287949823033504, 29.778421105856765, 49.433626350402754, 35.80275166171283, 62.15972808851076, 63.012183608238395, 69.56874110918713, 63.08117856480323, 53.75398107511086, 40.62607262945116, 62.95314816479993], [20.811994981292298, 49.29780727682268, 61.36070461340855, 54.053456106627685, 77.98002677502716, 51.490897894798394, 53.92453298749454, 73.55065947917257, 69.87780671267754, 49.07181396534157, 41.53447727842857, 34.97602335130894, 92.61244518358575, 22.24904123679709, 48.50069260010258, 17.70580341809648, 42.81854445563653, 53.565057399289856, 37.51366262364885, 28.73819071535264, 80.20980758720712, 66.11138599023201, 42.68152144395907, 75.50582132746601, 46.7670803757326, 13.699178860906112, 48.861172471235584, 43.760425010808305, 44.12777491316467, 26.21213464073152, 0.0, 32.11667159504991, 24.045715925617934, 14.59436648643477, 7.516955218024963, 47.66187934748788, 72.84900505925211, 61.30468559375424, 41.99209350296289, 36.658578762117, 25.954673820732804, 53.99798743761247, 25.508953352498818, 58.299237289729405, 76.1365182833852, 61.577306963803885, 73.92517098092624, 62.313796813028816, 76.49567682000722, 66.80482119109814, 48.54987510784495], [15.927871211703037, 68.8585414644757, 89.46262474013433, 82.70148597511421, 67.862442071492, 48.13112690356615, 21.95848326729865, 80.25522618070244, 86.02794408558817, 49.38797921964679, 68.00769793312901, 64.87657963048932, 89.9390784457219, 21.28337437339589, 58.434926604812404, 46.34276968951357, 14.353213497298158, 71.80270746087221, 47.230685929186755, 57.30261118190411, 80.93535901294692, 41.0010526254476, 67.0955846050835, 100.05524455703797, 42.288206116691455, 45.75417665311534, 72.32925760586159, 41.27120945045654, 75.03911793799747, 22.621125133068944, 32.11667159504991, 0.0, 53.217546690161626, 45.11386213407212, 29.79263547179609, 64.97051537832539, 89.35860448707547, 34.70491168838452, 48.85706188634359, 65.80089009322091, 10.248641609577806, 29.671155876356842, 57.409250540816004, 54.83098890303864, 84.26057172351841, 84.26418995231433, 91.9755218772412, 84.50186765204464, 71.40724774910943, 50.38537517736039, 78.88901399766097], [38.33666059535545, 30.408168353292197, 37.34237589465975, 30.108399760692933, 78.48717511626047, 51.58150207013663, 73.73521893854881, 61.85507911565543, 51.401999890465056, 47.022550572763514, 18.01818388465199, 11.67563362366693, 86.16055122786508, 46.271567701974085, 38.556929494932476, 28.013768803294887, 60.541358408055714, 35.18123318386132, 31.78274435069023, 4.75924272944519, 72.34246332055992, 78.85139137220813, 20.50779134473311, 51.97157875294096, 49.03111978803298, 14.221131661808903, 26.814311620550026, 45.56442097874417, 22.275046721454878, 37.988562948189, 24.045715925617934, 53.217546690161626, 0.0, 23.515873971601966, 30.894555196047424, 31.133902273931177, 53.898767751008606, 75.6026442148538, 36.91908983862129, 12.763840191596662, 49.13458005364808, 67.60123479495898, 20.073047371770546, 56.883414640096134, 63.08298094341791, 39.25057262867846, 53.863282015821284, 40.247096541066455, 73.42912370828726, 73.2726961832851, 25.705756573621308], [35.33451426718372, 53.47492525039725, 57.51531353545762, 49.993611031864496, 91.17648928442763, 64.21120914035158, 67.06857405285275, 82.31500182907453, 74.5633740411144, 61.10618426698653, 41.068571640112424, 30.947291565730602, 103.80814627284202, 29.821062056122546, 57.5650469085664, 4.709281342415162, 56.89744751222603, 58.16347124483533, 47.81073294895252, 27.895736933022057, 90.74447245987936, 80.68112659430942, 44.01504765994109, 74.36162470954103, 59.942573227074604, 9.47702202376288, 50.30767394456006, 56.74274814445807, 37.25222945070843, 40.61032673884196, 14.59436648643477, 45.11386213407212, 23.515873971601966, 0.0, 15.463039100663918, 53.34319668292728, 77.18651693765163, 75.78265319982188, 52.75738103942604, 33.588349347674274, 37.22578806296748, 68.55471797062981, 13.256024577178332, 70.7307231211021, 84.24551688096734, 62.61859087594305, 77.33427240103049, 63.67497603017198, 88.68907079215931, 81.04350338952348, 42.43240864805227], [22.195152689815654, 56.8142995658601, 67.97843680887966, 60.57715617966519, 82.56674513175827, 56.71435311208603, 51.71107766491198, 80.45004441188159, 77.36703153716803, 54.807742914402915, 48.66855675886184, 41.29977253034266, 98.54295044973821, 15.695908448730119, 55.45432410713208, 16.625174809136848, 42.207365693171575, 61.07218598904768, 44.21282139969707, 35.64376651110852, 86.49263666465168, 67.09306855079474, 50.0480527509233, 82.68715814290972, 51.64537979646815, 18.71607248711419, 56.263514988202154, 48.86273785928747, 49.74304436242662, 29.603350130147657, 7.516955218024963, 29.79263547179609, 30.894555196047424, 15.463039100663918, 0.0, 55.12943583374728, 80.35002932695011, 61.75175694206911, 48.45614420543179, 43.24192475862119, 21.795584883931326, 54.94873587380268, 28.343693220811414, 63.6752168300421, 83.18323239803354, 68.97918092162877, 81.44211569554892, 69.74309135399515, 81.91279668662484, 69.96235042646123, 54.45790903893897], [49.4150643743387, 5.643758154963998, 36.95646290977114, 34.30501592585024, 57.69828773352452, 35.58979664501626, 80.09728515071896, 31.511813130045354, 22.29732025643297, 29.884885517751496, 21.66196582865187, 32.49855463665346, 58.15823975889976, 67.67550660257481, 14.14037708103179, 58.03983104592088, 65.51633370519014, 6.850282981265121, 19.30934002473943, 28.350037632210725, 43.97777527345983, 73.49521775565115, 16.07988665635588, 38.12981615063701, 36.81721987793211, 43.92426000824932, 15.00357507997077, 34.21587674757613, 40.28202503320901, 42.82134652659688, 47.66187934748788, 64.97051537832539, 31.133902273931177, 53.34319668292728, 55.12943583374728, 0.0, 25.394817854225963, 72.93813773206215, 21.01721694387933, 29.773217057976815, 65.72710949115833, 65.2586729390307, 51.05954931192965, 37.4257814778781, 32.16540676714747, 21.71526165255484, 27.236705009066103, 21.321847758735064, 49.351953632924705, 60.379562266563774, 39.08412323053555], [74.18951215978534, 23.793085781386335, 40.59083011802632, 42.75066453115835, 64.66713860451955, 51.51123091522039, 102.56982981759415, 26.191858287991558, 3.3612865384996047, 46.55059848841061, 38.69746865040657, 51.15913217057123, 53.71446901438188, 93.06877463287383, 31.9444336097133, 81.79563256073001, 88.14154146654447, 19.303162487023666, 42.228414277165285, 50.063068718942546, 41.29389386629525, 91.12237432309782, 34.088145769971554, 28.336089632473787, 55.018454909483374, 67.71643290221087, 28.41990721755792, 53.492541064277674, 54.89817670369249, 66.81726974887412, 72.84900505925211, 89.35860448707547, 53.898767751008606, 77.18651693765163, 80.35002932695011, 25.394817854225963, 0.0, 92.02853008234088, 41.64992366357557, 47.984070285987166, 90.83812824547121, 85.03444742402047, 72.62150546874653, 49.88439127122831, 22.791624990441107, 20.36576123811545, 5.006286236667498, 18.720565071217873, 53.49704204069378, 74.32265809552396, 51.40553151052872], [40.49464705645497, 78.2706450260711, 106.24588600875109, 100.86053514543687, 45.3765507543117, 40.71318311537242, 22.116841315455513, 73.74392364302555, 88.7768294756769, 45.477936618134045, 85.0141413941533, 86.61916758102686, 71.79455651950727, 55.966490618163306, 60.86974540300772, 78.1202446726731, 20.38094725102081, 79.24406272605721, 53.93536543842992, 78.34387517781809, 67.82366066957373, 6.837403101844474, 81.95168545893826, 111.06686449716084, 37.07204149667762, 73.3951117493555, 85.28438707484007, 39.02163312644881, 97.5972575267212, 37.698358185146844, 61.30468559375424, 34.70491168838452, 75.6026442148538, 75.78265319982188, 61.75175694206911, 72.93813773206215, 92.02853008234088, 0.0, 52.04005381949644, 86.38339139322241, 44.95044238426189, 8.072079623215346, 86.24365427456445, 44.141915162820915, 78.56577093939752, 94.63008333402901, 96.03093751594523, 94.2561849602589, 53.80794260232832, 25.07410149048968, 100.08268307315288], [35.00149280720516, 26.515370039772495, 56.577223202593636, 52.54894204763304, 41.76226273105503, 15.861845359278506, 60.92387093975198, 32.66336650641594, 38.2916046660408, 10.505021625780683, 37.36990213330957, 44.049879684434615, 51.05394782166212, 57.143895539098686, 9.771380690398551, 57.24376335033084, 46.496846000725576, 27.20409577244492, 5.1748087241397, 36.8305546006654, 38.24907667652203, 52.478151007704646, 32.86068846220845, 59.10304512374812, 15.923839924749549, 44.667550870661444, 34.60618318827402, 13.199880338886452, 54.24123674765383, 26.352558418419836, 41.99209350296289, 48.85706188634359, 36.91908983862129, 52.75738103942604, 48.45614420543179, 21.01721694387933, 41.64992366357557, 52.04005381949644, 0.0, 42.380519385801705, 52.207979674508714, 44.48639649277111, 55.68434315949679, 20.10590289121762, 36.09416404368583, 42.72511974089208, 45.035168084090465, 42.273431194624955, 36.675298319900854, 40.26524037835453, 54.78493742220256], [50.6324418683378, 26.791040629955763, 24.739627418677156, 17.39518033843534, 83.90027003655625, 58.068095686392304, 85.97091657280559, 61.20568138561211, 46.06836412522421, 52.88