instance_id,num_cities,city_coordinates,distance_matrix,best_route,total_distance
2139,98,"[[29.411443206614642, 61.063815287494485], [43.856769437038466, 86.13561853056007], [98.82592595421096, 86.75111323854317], [37.35861956607792, 38.58349698688034], [14.246782581656369, 99.08510519339244], [88.49574200360102, 26.11599531622385], [36.87215472818173, 66.8099405521526], [27.478275940571017, 38.13582654557105], [94.89409632395139, 46.29505962172883], [0.15303142062974562, 20.32810459539922], [57.43185437721778, 81.98413073892883], [33.212125843168096, 55.40099912278607], [37.14835337476302, 26.839297187029764], [29.926585380250714, 30.164016906769564], [32.307865756153745, 52.99064953738151], [66.05132966166542, 11.20643618474454], [31.05767097753955, 96.130849973586], [73.09564291642363, 97.40813259975342], [91.0897264162014, 44.59391292645319], [39.213101387828566, 44.77877917052818], [98.56241033846766, 67.00430643821653], [72.6518963785562, 11.317218939685624], [82.4562451986544, 0.1606744434159313], [77.12490551606973, 25.867657981920132], [28.620868625344762, 52.407788487952146], [23.402879928336507, 83.22724952639533], [50.59529778344992, 34.03504128038294], [34.67180418746949, 2.877986852105918], [15.877946739161231, 11.485415391844533], [44.083343595763345, 86.67059434118654], [47.75705936666538, 38.531022783915446], [86.82942503046671, 6.329346724500451], [54.47287358956161, 2.515022536952749], [4.658716499083704, 80.5215528281172], [52.360190695524935, 75.77264726393933], [48.86334455212993, 17.70488167261578], [60.488864057132574, 48.59067589266155], [60.024118923565965, 19.5510086066082], [26.91618472430276, 29.681343620618872], [12.70889925425356, 76.53576428151736], [5.707452742339081, 54.51606213740662], [36.9203042742008, 60.537348498105615], [5.820338027261829, 64.13783024118308], [21.67749534165401, 47.239110919834815], [34.6760581239845, 92.30627897034415], [66.68712327978658, 13.710314240659782], [78.10596724443045, 59.191181365809484], [64.7573951000179, 22.44569930133946], [72.07010464333511, 3.947381130344829], [6.795481033990236, 97.56220048771314], [20.37679770017472, 50.447968971257026], [79.13876954099736, 40.36944045837368], [36.94179821681309, 53.270106788994184], [52.2843200141076, 89.22828577008461], [27.05336754771138, 79.50214398052336], [23.627633123156635, 56.38999655694272], [4.4857196632413165, 56.46028595179584], [44.180407560462086, 53.82136326919971], [52.75126932325449, 33.528990221636555], [92.6903169281257, 96.65028421461687], [47.292082711077356, 46.66162897189946], [32.49399722001396, 44.29276016156144], [99.39605618572622, 29.546923102521426], [67.22164471700562, 99.65248917618051], [43.30648502098284, 80.39533887900703], [42.25636323619783, 28.42871276274903], [19.86279881215569, 9.956633121475878], [93.8773108099586, 18.45801738233579], [32.95803382591389, 37.11320040204471], [51.09774543052663, 93.40934752702384], [76.1959489259436, 43.41847960529452], [74.10144355744916, 99.04155698420077], [61.61601981436975, 34.690350668402104], [72.42752288276627, 82.90095316960216], [49.73099222820279, 94.83605648527536], [34.23525934686983, 82.06808768699115], [60.34328044817499, 5.283220540126843], [4.990192850347497, 61.0773452704514], [1.465030473536344, 16.839479206659103], [27.0187588303584, 31.196758938709667], [16.630442596535932, 45.231811403990754], [64.79047920028891, 42.33059646899536], [48.047162388707974, 38.138351601979956], [65.59164938982384, 1.94874652935082], [88.901388380415, 15.42771837984106], [85.31219842004012, 21.723316297570406], [67.85720229466592, 87.51331433565908], [0.7184074008811714, 76.3126143095994], [49.91468711468563, 14.45067744709625], [25.214663267577286, 5.1429643425493605], [18.72262517422021, 30.62779731057661], [21.86693271676875, 72.78012190741102], [54.7834276949512, 24.339200924587544], [93.87019051973398, 9.785761579497255], [67.78822094103585, 27.424400225748368], [7.874718941486747, 47.04454761727577], [0.58886688558204, 31.67497385969226], [70.73028856979602, 71.80211281256615]]","[[0.0, 28.93549321788665, 74.01491532888689, 23.843706150373084, 40.933915253472854, 68.64622702724388, 9.417015024156333, 23.009341655689987, 67.12744597555114, 50.15428980484466, 34.96860078351983, 6.8200201919849075, 35.088137855392596, 30.904092146971557, 8.577019809600293, 61.872768892577774, 35.105654637811696, 56.82621494680637, 63.83939460446211, 19.00723295043902, 69.40566036269968, 65.91252262435948, 80.76474220257485, 59.29033626683632, 8.69205430970983, 22.96346336969131, 34.34108791316917, 58.4231292243181, 51.392346345030376, 29.51223126999557, 29.056640726368602, 79.32645640388576, 63.68701928482119, 31.48493337546506, 27.25793002817809, 47.52234832344797, 33.48709143958519, 51.57954083816429, 31.48151589132582, 22.767436837602055, 24.591710701879858, 7.527294455024368, 23.790540378873033, 15.84097220599536, 31.68292453676544, 60.26466946984811, 48.730518456856856, 52.351649425504256, 71.28848747449166, 42.937324872622405, 13.939907188966771, 53.86152740068129, 10.837349248742365, 36.28230823714831, 18.588504130383484, 7.436197994107408, 25.347271579113073, 16.44917685850932, 36.0959010770251, 72.5989850491313, 22.95953483321614, 17.051991944714533, 76.75389597170458, 54.02496729053828, 23.8071416048262, 35.07195300189362, 51.991544300226764, 77.27290664254255, 24.211779331805204, 38.942639355920434, 50.001478445536414, 58.64729316634598, 41.62564582681313, 48.241514296166194, 39.41380910241754, 21.551070998612662, 63.78286059364567, 24.421254104241182, 52.314375523733815, 29.962743423556333, 20.347145341843646, 40.03260764855906, 29.544321190876712, 69.30799862742815, 74.97804290421635, 68.356194263633, 46.66532322566016, 32.49332508940337, 50.92315416470013, 56.0781109905057, 32.25836358560224, 13.935260289757583, 44.63669899287605, 82.36728050176733, 51.033198165249246, 25.69767223079531, 41.16363572681905, 42.69142789698484], [28.93549321788665, 0.0, 54.97260228463778, 47.99406437311133, 32.317805098842555, 74.79968611290566, 20.549128252952272, 50.71720694020958, 64.7462652971556, 78.997756974064, 14.195695897600318, 32.52576313295729, 59.674588988444675, 57.67902752464098, 35.09937529058203, 78.14717442478049, 16.23950654963388, 31.33658079279957, 62.90203120324288, 41.61672518114244, 57.954415265886105, 80.16827460359791, 94.24229697889974, 68.84036567934079, 37.00944734695202, 20.65962744820376, 52.53454020049157, 83.76274123583183, 79.72118506526823, 0.5809775962611152, 47.76410574622542, 90.6404443299682, 84.29178928996177, 39.598043990051444, 13.405198490588885, 68.61363961563522, 41.06396582327203, 68.5192926710744, 58.94122976335487, 32.59366531285618, 49.549638856123664, 26.521424878948643, 43.93942198089199, 44.775646323748354, 11.061758923279493, 75.93846033512749, 43.57763468311533, 67.03164897664864, 86.89590698310823, 38.78280383517228, 42.71905200061845, 57.7872181946045, 33.585096233471624, 8.977093036361307, 18.065361874599294, 35.97248924668627, 49.302179707910256, 32.31587589299242, 53.353251730884494, 49.95271318969325, 39.62319054503352, 43.358244763182725, 79.28992888633641, 26.993021114703996, 5.766595478840834, 57.7290938202109, 79.8683194032853, 84.15647483359878, 50.219318166301164, 10.263472455863552, 53.577761132545085, 32.883180503397206, 54.42431955820784, 28.753278290552334, 10.497814725174228, 10.445968771665044, 82.51615178935415, 46.244219469544426, 81.2343182254101, 57.461264295555864, 49.13648655198549, 48.54997592446548, 48.17984044912116, 86.94730831894672, 83.83689426188238, 76.59959054145588, 24.039942243792332, 44.24262301319383, 71.94045554991175, 83.1103973931791, 60.93310614447458, 25.727848900268906, 62.754992547342106, 91.27235586333228, 63.401273850952194, 53.130215348818744, 69.55625930977637, 30.457107819792252], [74.01491532888689, 54.97260228463778, 0.0, 78.09192666326061, 85.47373193664491, 61.50878169746991, 65.0839468474033, 86.33616428072727, 40.64666724945532, 118.94686289617906, 41.66765272813989, 72.71863873920414, 85.98574685308867, 89.15839053497989, 74.59504837339954, 82.34787424883577, 68.4142956099225, 27.84994662238792, 42.86115165794753, 72.90655443716523, 19.74856499316259, 79.84580285349045, 88.12417681188016, 64.63535729027761, 78.15506400402948, 75.50532092033626, 71.45052649522, 105.59570384015237, 112.00577006659458, 54.74264157459203, 70.23678707051603, 81.31160165469993, 95.19932894063854, 94.37304042719485, 47.745065381522224, 85.22700061491804, 54.09204463994106, 77.59790133364703, 91.80397316018144, 86.7207912899495, 98.54008612134955, 67.22698459291144, 95.71520231162948, 86.67801724320952, 64.38994804271316, 79.79887816000166, 34.47994393505783, 72.7725982509778, 87.01914746230162, 92.66327427693749, 86.44179548985328, 50.386939751537334, 70.36066414335014, 46.60748295322209, 72.13769954412261, 81.09611982615908, 99.08384702229857, 63.80047894463663, 70.39508762752754, 11.646427956009473, 65.29091627610491, 78.75681885150156, 57.20703119022185, 34.13614057863919, 55.88205605780395, 81.25034045077062, 110.14793518038833, 68.47215297820752, 82.47727932096691, 48.19036521901136, 48.88591819627878, 27.610777556109465, 63.99140656619757, 26.677695126808242, 49.75619383417521, 64.76021109521788, 90.09956462638377, 97.2845679890645, 119.86150567136613, 90.78852092651539, 92.08664348987045, 55.96064640274217, 70.29710821345758, 91.08215268777143, 72.01057630809534, 66.41713037209749, 30.978101872350233, 98.66127637823011, 87.29067705345301, 109.90226549326124, 97.80779818910152, 78.21684753871921, 76.38709610661859, 77.12473448704465, 66.95519404338539, 99.24078501557426, 112.62282585396223, 31.825107286109745], [23.843706150373084, 47.99406437311133, 78.09192666326061, 0.0, 64.7657440655843, 52.635006308521056, 28.23063521038818, 9.890480219995233, 58.04997229996746, 41.442914238934264, 47.81788123560691, 17.321137037888832, 11.746081934416276, 11.230439749123203, 15.266831978569614, 39.658228286110685, 57.89127558528922, 68.82930039547438, 54.06622738000181, 6.4668867441936815, 67.48071142763405, 44.59893840338747, 59.24617396847307, 41.74985101598069, 16.35418377690826, 46.77421629109222, 13.996360224866292, 35.806457949135456, 34.57926157725545, 48.5550290416755, 10.398572201433147, 59.05667449529799, 39.92283231341944, 53.179734752380234, 40.10087324088511, 23.838525005665346, 25.20221894731249, 29.59662945454237, 13.721981634631355, 45.25464953189607, 35.43505317591482, 21.958226624024572, 40.59171283025133, 17.911373746817134, 53.78971500141444, 38.45564132883375, 45.66205205947386, 31.79813539971608, 49.036187840165546, 66.42735056865305, 20.715886883098374, 41.81830371990392, 14.692523524457918, 52.79840115722906, 42.196372959680055, 22.485804758431925, 37.41934167937805, 16.695189734716088, 16.20128714599563, 80.20815739010884, 12.803511487886869, 7.500682406794366, 62.692130366612666, 67.97957103558204, 42.2327743095555, 11.274197785069491, 33.54997881700934, 59.994978033449215, 4.639711941911302, 56.52112407736878, 39.13713337390785, 70.74752386833396, 24.56782560714133, 56.51428936421924, 57.59710110249445, 43.5966169262604, 40.46236581436148, 39.416852470179855, 41.96608210413258, 12.707345081737826, 21.768266009708007, 27.686597434858644, 10.697808284171789, 46.25158282820152, 56.50528382325335, 50.83120515765243, 57.656661143682044, 52.5926938030572, 27.203819791069495, 35.57730875314291, 20.263105495281106, 37.54199671557865, 22.50608603552156, 63.426076784267124, 32.411203007033656, 30.673926612204095, 37.413131437821754, 47.08656633763204], [40.933915253472854, 32.317805098842555, 85.47373193664491, 64.7657440655843, 0.0, 104.10282883528134, 39.41565320260346, 62.368958498573456, 96.38868255820537, 80.00811811923364, 46.44775294112742, 47.62336997961145, 75.78877700084553, 70.68219455007939, 49.506581054038364, 102.01162465570465, 17.068497079783956, 58.87274921201455, 94.20259047304155, 59.77034482779107, 90.21254199275877, 105.42466113330617, 120.1606166333485, 96.51141341789547, 48.84041609580464, 18.311354536931326, 74.51661138606369, 98.35136565972147, 87.61487516304605, 32.316256788930026, 69.20791534688531, 117.7789060655229, 104.61318875766989, 20.893455617060965, 44.67776373954747, 88.43668437332556, 68.46909879347828, 91.76729832808766, 70.55066173398016, 22.601722515964724, 45.379728437166435, 44.7215622734863, 35.948810751033264, 52.3757827085702, 21.524585574329958, 100.1940330696333, 75.29621918898233, 91.78736575622435, 111.33159081835315, 7.605335856938328, 49.02191454078288, 87.51285195219273, 51.12805309685694, 39.293907200338666, 23.39873903349326, 43.713529465832536, 43.72817815409237, 54.26627163673311, 76.02762464672944, 78.4813126417009, 61.96944989096603, 57.75086073943406, 109.93615221483732, 52.977900513734824, 34.551029952065576, 76.0056734708426, 89.30523037412559, 113.32143801951278, 64.73505933104252, 37.28548897327428, 83.28548742198515, 59.85467681788631, 79.94078462426324, 60.389778263497114, 35.73770486704496, 26.2510588016302, 104.5164134481398, 39.11872017095774, 83.23290323485692, 69.07930901864255, 53.90602087925008, 75.99828635189107, 69.69198266969661, 109.87159561077554, 112.12434408031204, 105.04827323399532, 54.845085882512436, 26.487794851294275, 91.84326743817599, 94.58023173147883, 68.60347053521451, 27.386471728892264, 85.03040516193343, 119.64221605079891, 89.45357599364577, 52.42921731122338, 68.77982602179058, 62.727570668442375], [68.64622702724388, 74.79968611290566, 61.50878169746991, 52.635006308521056, 104.10282883528134, 0.0, 65.73425242632338, 62.19009171511977, 21.169165648519346, 88.53210825538288, 63.923498575048825, 62.56108745637694, 51.35248275007971, 58.70887996179167, 62.28422333709587, 26.945251879875038, 90.56054259933754, 72.93649217194717, 18.659104864468645, 52.69799016334368, 42.109283985518886, 21.6802035606919, 26.648718604604216, 11.37354798898664, 65.39311011297107, 86.595473615012, 38.71892251945099, 58.62611465390838, 74.07697387172173, 75.0954099490143, 42.5884159134441, 19.856688413411362, 41.40726374981733, 99.94304144674116, 61.413037304754404, 40.5151053371093, 35.909559720515745, 29.218699000965376, 61.68268463066461, 91.02636231569345, 87.52408031081518, 62.00689745384042, 90.99935358952685, 70.0775577469728, 85.3095072258348, 25.090172848932678, 34.66865085002591, 24.020411873066013, 27.590741519816383, 108.53337217606874, 72.3341932626785, 17.050326451015476, 58.26795765982302, 72.76282216100233, 81.39561565578609, 71.58482172114586, 89.32222471369485, 52.263144568778465, 36.50506568496644, 70.6589015567, 46.041987374651875, 58.87775640298059, 11.427515685564757, 76.55196368856237, 70.62801203663996, 46.29717929618218, 70.50961549789655, 9.359802821292623, 56.61603614992435, 76.98704695886487, 21.228774630833666, 74.33258620784558, 28.21416372454941, 59.014566880772, 78.89963645180768, 77.94123824271914, 35.02235852282545, 90.5288502633741, 87.52370250715144, 61.68657567956526, 74.36420969504375, 28.720250262098205, 42.19744830583955, 33.29644684327591, 10.695971804928925, 5.424995733578966, 64.77329777069865, 101.11657148224494, 40.30604715584611, 66.66605548716336, 69.91884001699877, 81.34456919487256, 33.759104466133955, 17.191894332757144, 20.748815676174107, 83.29317895842269, 88.08246667448482, 49.01869712261117], [9.417015024156333, 20.549128252952272, 65.0839468474033, 28.23063521038818, 39.41565320260346, 65.73425242632338, 0.0, 30.173660247619257, 61.541904797726, 59.23558972767755, 25.553029125389994, 11.981642457436713, 39.97159762524149, 37.29831971269165, 14.553540393014655, 62.79469681219275, 29.891870978351015, 47.417195753287245, 58.59263574214247, 22.155182307678956, 61.69056180130053, 66.02750990705542, 80.74672734453968, 57.41562895286073, 16.598364570981797, 21.235569160950135, 35.53193883803701, 63.96980730318737, 59.17397952901099, 21.12928805738143, 30.301457706381086, 78.44508324809783, 66.66049645043609, 35.010197282310436, 17.894394924870298, 50.54795189675578, 29.82768117471979, 52.62527999676534, 38.440265982722245, 26.047160350276076, 33.50191183116184, 6.272776853617158, 31.166576551516165, 24.776905504315963, 25.590742721341975, 60.89747666491088, 41.93176345164411, 52.40011958340775, 72.04579831808347, 43.015204191671025, 23.233831313312372, 49.855458807878286, 13.54001287109703, 27.205092190821073, 16.046825529135514, 16.85207955741032, 33.99994891999527, 14.90347943588254, 36.87503132508132, 63.29386495761833, 22.68323959895707, 22.93886823513202, 72.78578654465618, 44.71827973774661, 15.032087480325453, 38.75704255848062, 59.343211528237084, 74.74955715004344, 29.953576046619204, 30.164480473654287, 45.755013226271906, 49.243243643729386, 40.54536858512698, 39.02697646068634, 30.835253787650032, 15.484323402731096, 65.85158326116344, 32.393242224937254, 61.243052300365925, 36.95115851162601, 29.58618879739613, 37.130460919189574, 30.772403369585582, 70.93506794022001, 73.12437288485603, 66.17583788319592, 37.26530368475308, 37.38173690917478, 53.959244657032755, 62.759167155004825, 40.479042881274324, 16.149295743978055, 46.09313857617586, 80.62588338493104, 50.07019010229932, 35.09304831549373, 50.506859545503715, 34.22418751576595], [23.009341655689987, 50.71720694020958, 86.33616428072727, 9.890480219995233, 62.368958498573456, 62.19009171511977, 30.173660247619257, 0.0, 67.90777512446769, 32.61570096026164, 53.10264251234196, 18.192394532510832, 14.870170581794095, 8.339302610513242, 15.620201788222872, 47.04330492829145, 58.105376784310394, 74.7940534721195, 63.93843532114711, 13.484618936218709, 76.72250839493132, 52.534690418747196, 66.81833042604835, 51.13996273085205, 14.317626050713606, 45.27521705185017, 23.477928756074807, 35.98419248071313, 29.06565072802863, 51.29670512623427, 20.282633884908563, 67.33655067568577, 44.69395910468535, 48.13815623393251, 45.118066843110526, 29.576082700770556, 34.62661985628447, 37.47835846589545, 8.473147470905595, 41.14231040944214, 27.244831817662423, 24.310081958787297, 33.84036747500502, 10.79438937390563, 54.64655509969929, 46.194581511550496, 54.83147903681809, 40.44641910286272, 56.18968754999941, 62.92274568913048, 14.2133685067685, 51.70875777033477, 17.849501179567955, 56.795943624407016, 41.368499673925356, 18.655888424606474, 29.401419297315453, 22.91281874751486, 25.689436261558658, 87.61593488666925, 21.570262996814627, 7.941365846299316, 72.42883664497494, 73.23820821748645, 45.12647322086071, 17.68106111379687, 29.19010849459086, 69.2535053629118, 5.574361910694435, 60.10858059107739, 49.003245652294375, 76.70220178648421, 34.311176908016954, 63.43777551535038, 60.91058575808621, 44.448851433427706, 46.469368864164466, 32.125179571121976, 33.61879459034458, 6.954265973283673, 12.962580351568938, 37.54725831275791, 20.568886603126142, 52.55600817967947, 65.4863109226975, 60.1176603170979, 63.78553122746343, 46.621429495899704, 32.624819297444645, 33.07042332176767, 11.533946563766916, 35.09578854925071, 30.592780044567863, 72.19149884208997, 41.70882783950527, 21.532876216376238, 27.6547091243996, 54.810176313253194], [67.12744597555114, 64.7462652971556, 40.64666724945532, 58.04997229996746, 96.38868255820537, 21.169165648519346, 61.541904797726, 67.90777512446769, 0.0, 98.23518785218884, 51.740983454937975, 62.350490107048365, 60.9351911514946, 66.94018238167347, 62.94336486877801, 45.4215442652224, 80.98577159601723, 55.567245749785236, 4.167388927594936, 55.701636452470844, 21.03162930957329, 41.450751467124626, 47.78160353520996, 27.074395278952494, 66.5545352608169, 80.46726460417916, 45.96402508334178, 74.24127341347601, 86.34386617830505, 64.89927886107213, 47.77217308362129, 40.771278253884105, 59.58663352202001, 96.50842765968724, 51.749988417506806, 54.186976145942985, 34.48173228532931, 43.944960901140476, 69.97865406547328, 87.57229490943826, 89.5647379034647, 59.697599257138386, 90.84326546572142, 73.22268700515166, 75.78419644357962, 43.09755166901411, 21.16958275518926, 38.43192355779759, 48.10676116562482, 101.92980794930035, 74.6329314059853, 16.83280382190651, 58.37054170456363, 60.48846951841967, 75.53194643661354, 71.97788916657795, 90.97805447890339, 51.26912788992996, 44.033968655330625, 50.40342535409337, 47.60342501426477, 62.43221581290703, 17.34265606713806, 60.106404538926036, 61.83939428366457, 55.58720441525157, 83.3677206526476, 27.855605780869638, 62.61295693776893, 64.32632801896138, 18.918124344357576, 56.69680231792258, 35.24343408450701, 42.950417513993955, 66.30184272001992, 70.42161628626684, 53.62583167221763, 91.11107412818441, 97.96234768149357, 69.53430896603493, 78.27087575552808, 30.36354281070386, 47.55173082919797, 53.1528821534127, 31.443684641588522, 26.37391395734246, 49.294402931907435, 98.8438868801414, 55.11090571655159, 80.92415175288762, 77.7660345230537, 77.68156247647627, 45.726638505299015, 36.5236529749203, 33.0277196656574, 87.02260495002012, 95.4317725242112, 35.13544318291692], [50.15428980484466, 78.997756974064, 118.94686289617906, 41.442914238934264, 80.00811811923364, 88.53210825538288, 59.23558972767755, 32.61570096026164, 98.23518785218884, 0.0, 84.15657502004085, 48.197631213240236, 37.56393849765064, 31.3561746133585, 45.83421443891022, 66.52661531791935, 81.86057019721234, 106.12235998590658, 94.11860576250093, 46.081716038156884, 108.91773812132725, 73.05670044895268, 84.73809200782345, 77.17095343123849, 42.88967094488224, 67.0586153203432, 52.27142956820535, 38.67883507273089, 18.040679425277997, 79.56882727220872, 50.965573746056826, 87.799558262758, 57.165996411141265, 60.36184563257738, 76.15566158387595, 48.78089691540548, 66.62721393149286, 59.8761304441097, 28.35047539317102, 57.59297547831592, 34.63622434840668, 54.48500388470459, 44.174771367064565, 34.46019164893439, 79.82917360909182, 66.86239996217606, 87.10338075879943, 64.63905950551317, 73.7590233270381, 77.5192086206327, 36.27956659815175, 81.48866160142674, 49.382070338400936, 86.3996887512967, 65.00150014347513, 43.02925722038801, 36.391025225722885, 55.319148821618626, 54.22949392884014, 119.95092459386856, 53.99578374883712, 40.252239505917295, 99.67027931732113, 103.87760527957168, 73.96143043586743, 42.87552218519049, 22.272008242690312, 93.74293452433328, 36.849798154792744, 89.08553167591984, 79.47132011497962, 108.00081131417961, 63.118721902067264, 95.59792620554369, 89.49530207033968, 70.52250543313274, 62.04203908830286, 41.03533533785823, 3.727177030647988, 28.980941262978444, 29.8613410929276, 68.27964048027663, 51.098460638485456, 67.9706813607025, 88.88354542952872, 85.17059551117005, 95.38190164587512, 55.98736444893989, 50.107549603800955, 29.30313763627807, 21.23472350186044, 56.76889667413003, 54.777450569111224, 94.30825470695423, 68.00644287958725, 27.809940415450995, 11.3552364419887, 87.35400820019943], [34.96860078351983, 14.195695897600318, 41.66765272813989, 47.81788123560691, 46.44775294112742, 63.923498575048825, 25.553029125389994, 53.10264251234196, 51.740983454937975, 84.15657502004085, 0.0, 35.96189840350797, 58.75689815147866, 58.66740168248004, 38.36452471249752, 71.30061290469116, 29.928702195452477, 21.98304130014036, 50.30785960719225, 41.42657535709017, 43.77348249524726, 72.28735782807753, 85.56458459039996, 59.47163002512658, 41.289622436412984, 34.051673180071, 48.43401372964486, 82.3152591278348, 81.833954478452, 14.147285293578118, 44.51712310388281, 81.1656547104905, 79.52417698863094, 52.79340125100621, 8.018996162879104, 64.84783127562349, 33.53309014619416, 62.48691522765, 60.554005934447375, 45.05360598204008, 58.56542083161507, 29.676390550635798, 54.60988062061307, 49.85569769116903, 24.987456998061578, 68.89828750918393, 30.772349341118392, 59.98740171844362, 79.39781269233, 52.97847263231278, 48.65805919244661, 46.935835063137574, 35.275169352590765, 8.886781877306309, 30.479709977612877, 42.40029574329676, 58.77720505321939, 31.124625528531862, 48.680679113976254, 38.18710828573188, 36.749069383091275, 45.194425934992665, 67.1614098878882, 20.1992793129905, 14.21444051041809, 55.663976914827934, 81.2366564371215, 73.23823026797902, 51.111332223636396, 13.063556743992848, 42.88823488551039, 23.85017806119231, 47.47850959923666, 15.023669235499181, 14.982498897972155, 23.19674696527707, 76.75614651017425, 56.455482836689704, 85.88428844163838, 59.19724246209526, 54.91346082513855, 40.33053606615596, 44.83887589854702, 80.45026401586586, 73.62124419276896, 66.397886570899, 11.800836853638438, 56.996325903920315, 67.95053434059967, 83.32173939705757, 64.31078765412758, 36.7365952598296, 57.70573712545117, 80.87247275876113, 55.53394027146861, 60.63566723728116, 75.90873792175637, 16.748786255341155], [6.8200201919849075, 32.52576313295729, 72.71863873920414, 17.321137037888832, 47.62336997961145, 62.56108745637694, 11.981642457436713, 18.192394532510832, 62.350490107048365, 48.197631213240236, 35.96189840350797, 0.0, 28.83166149647764, 25.449951817341436, 2.574387583256868, 55.059719402820456, 40.786792299670225, 57.924901355845364, 58.87792251894214, 12.200133778027132, 66.37240710018669, 59.15129056171122, 74.0032212932627, 52.92022730056597, 5.480780304363399, 29.504601623170657, 27.544124985716085, 52.54329147336356, 47.212839987011215, 33.10545212720944, 22.27445157297952, 72.6831606442542, 56.99952556094732, 38.030769169624634, 27.958047778359216, 40.8161477591013, 28.114070322383483, 44.76722900686781, 26.479039894270688, 29.445892733471233, 27.51890542611678, 6.33503529443378, 28.751387057723342, 14.13025547695207, 36.934303544934934, 53.466706082592815, 45.0535512162696, 45.619686526855844, 64.47803750849046, 49.753452377781706, 13.75783980936955, 48.3239522103587, 4.29548113171781, 38.833412319966435, 24.875600237893625, 9.635383574343116, 28.745930157158753, 11.081446352343232, 29.328533909954757, 72.38203323564395, 16.571716146386073, 11.131427650533515, 71.0545275295685, 55.81076729427376, 26.955762038201414, 28.44824179996573, 47.3644902162153, 71.02850531251623, 18.289563822124943, 42.0063082934174, 44.62275003625852, 59.80329918654073, 35.15269765079691, 47.896710091094164, 42.755078012201665, 26.686708576697022, 56.99027355839979, 28.787122250050817, 49.94866247108476, 24.984055672444736, 19.45159628801038, 34.17642208130341, 22.76131166552352, 62.49461458734536, 68.55039850574691, 62.03711697839575, 47.238565925110855, 38.64113595545528, 44.225607948012076, 50.89036713975896, 28.699427828162346, 20.754452915901417, 37.81740830472589, 75.89565670337872, 44.47692028527296, 26.67985139136489, 40.33858326464484, 40.94641699400357], [35.088137855392596, 59.674588988444675, 85.98574685308867, 11.746081934416276, 75.78877700084553, 51.35248275007971, 39.97159762524149, 14.870170581794095, 60.9351911514946, 37.56393849765064, 58.75689815147866, 28.83166149647764, 0.0, 7.950326671363195, 26.595555082347076, 32.85982929593538, 69.55872123347262, 79.19702113653051, 56.788186321190054, 18.057912343173072, 73.38197572216953, 38.74837388767258, 52.579025980152124, 39.988358354045, 26.953028467259564, 58.03911792311267, 15.251198214807356, 24.088953668509816, 26.233030412523313, 60.23187037204124, 15.78737122688565, 53.74818088860842, 29.863176956334442, 62.748394999621816, 51.24327023544371, 14.85525378698565, 31.90457513444771, 24.008744237783517, 10.619534039784341, 55.3807345507621, 41.88715257326959, 33.69882295505539, 48.70959980953485, 25.602731272537216, 65.51364703345281, 32.325054071230866, 52.19358719051557, 27.956446257849144, 41.75605982860843, 76.96119743489614, 28.95953147344037, 44.11643488266756, 26.431616697594766, 64.19878022613747, 53.62167631884844, 32.49698000388918, 44.093657325917434, 27.883358408434116, 16.976542021064127, 89.21033362301144, 22.267017811953615, 18.063399486768777, 62.30656260250792, 78.77920905800165, 53.90892492978302, 5.349580041167181, 24.162258637950625, 57.344750961607666, 11.095578632633886, 68.0158594814088, 42.42150407501691, 81.10916837120148, 25.696414959430165, 66.23842595263508, 69.15115382681363, 55.305564068219866, 31.66495037652914, 46.972238874432726, 37.05800713629583, 11.027064820313024, 27.55484062600253, 31.687023741551265, 15.698811056715513, 37.7963040553287, 52.99623348096464, 48.43479358897668, 68.00271876136708, 61.43899470833073, 17.7892432728252, 24.761741022650682, 18.81117202373082, 48.41571225661528, 17.811410039635778, 59.229974555270466, 30.645453660284673, 35.569619310333564, 36.87790424136299, 56.1195256610333], [30.904092146971557, 57.67902752464098, 89.15839053497989, 11.230439749123203, 70.68219455007939, 58.70887996179167, 37.29831971269165, 8.339302610513242, 66.94018238167347, 31.3561746133585, 58.66740168248004, 25.449951817341436, 7.950326671363195, 0.0, 22.95050442760635, 40.7968995908966, 65.97652930772898, 79.90831385965296, 62.84227653835017, 17.31561883344579, 77.8979036974413, 46.697473095596976, 60.49434452583559, 47.39346076891191, 22.2820616281319, 53.46274767413148, 21.028088408299734, 27.695568917651624, 23.372085962131667, 58.25295783498248, 19.69600441532251, 61.6929871456695, 36.972789379714335, 56.34134025620677, 50.827293952151805, 22.667838421796727, 35.68745773105366, 31.913907165533345, 3.0488498832339026, 49.46501460750602, 34.345137831252764, 31.16811473164277, 41.65730612899804, 18.963288797565998, 62.3234965781081, 40.27482437066561, 56.24792541371282, 35.675730299363465, 49.63253174392456, 71.25702167708221, 22.41957082749258, 50.259225419209145, 24.147558899145736, 63.15422515015074, 49.42171753246845, 26.97181506959528, 36.58867876979587, 27.619585146360766, 23.071394463876285, 91.43144830059428, 23.95269716333563, 14.360118018831997, 69.47221155797514, 78.86424556964178, 51.98276081043262, 12.451293203890858, 22.57472390826342, 65.01327332054532, 7.581611367626158, 66.69475139124272, 48.130393561138504, 81.82624042502343, 32.01105983993695, 67.73119026698704, 67.63643421886633, 52.08260011663083, 39.29668391472021, 39.71721972805032, 31.426158095280783, 3.085775647838709, 20.09541848122153, 36.92582768928637, 19.79760907156887, 45.47634850422571, 60.78804062628554, 56.02509757749133, 68.75808036220437, 54.61511423702234, 25.42505158148251, 25.46085782956598, 11.213555036707607, 43.37153912972964, 25.530199589587383, 67.11227852202347, 37.9606236368245, 27.77115644875862, 29.376601528870044, 58.298140833484766], [8.577019809600293, 35.09937529058203, 74.59504837339954, 15.266831978569614, 49.506581054038364, 62.28422333709587, 14.553540393014655, 15.620201788222872, 62.94336486877801, 45.83421443891022, 38.36452471249752, 2.574387583256868, 26.595555082347076, 22.95050442760635, 0.0, 53.70793090262605, 43.1583118374708, 60.30386030157546, 59.37855108008752, 10.729263444009348, 67.72036073105446, 58.002720838270356, 72.84137717765944, 52.385338824517675, 3.732783793033769, 31.520640086921716, 26.339044298261282, 50.16838811757125, 44.638847435622495, 35.679133402291185, 21.160302196911672, 71.76264770685238, 55.127819595386185, 39.01827892979876, 30.34987900942957, 38.976522317545864, 28.52241983622711, 43.43270973838885, 23.92475635550856, 30.634815427175813, 26.64411484935906, 8.844617249296798, 28.737584498910557, 12.086561612741741, 39.386889351675016, 52.200364834923775, 46.21593550806735, 44.56417776152261, 63.13697662515936, 51.35664444188007, 12.199000345018039, 48.50183984058037, 4.642351387543955, 41.37904064201875, 27.027191660090494, 9.322124152914272, 28.037656643585468, 11.901568560457923, 28.225678605296096, 74.51311367595123, 16.266015463859453, 8.69988071848358, 71.06640278125198, 58.277776551651456, 29.529419629306517, 26.50021396576803, 44.79739122008142, 70.59248719084201, 15.890755474933934, 44.5727576593072, 44.91982058654221, 62.18833670479093, 34.55240705065411, 50.04211377758321, 45.32773343876638, 29.141246634245206, 55.33519005553063, 28.489469999771348, 47.52039146042016, 22.426509302594845, 17.492317345219856, 34.18708685427759, 21.640614881501545, 60.935097568266656, 67.9249630119067, 61.539462209815646, 49.55370534180698, 39.265862017993086, 42.37133001300787, 48.37059540720691, 26.165930546933097, 22.374903338720426, 36.41505721643581, 75.21025311584755, 43.732010105984976, 25.14626794002158, 38.21587260481909, 42.780295995047986], [61.872768892577774, 78.14717442478049, 82.34787424883577, 39.658228286110685, 102.01162465570465, 26.945251879875038, 62.79469681219275, 47.04330492829145, 45.4215442652224, 66.52661531791935, 71.30061290469116, 55.059719402820456, 32.85982929593538, 40.7968995908966, 53.70793090262605, 0.0, 91.85157704405223, 86.48904447417902, 41.73301948356594, 42.981306523111556, 64.57842280202296, 6.601496330599502, 19.777009536882495, 18.37322799045456, 55.66498760445878, 83.70118170640835, 27.568716546713254, 32.46594657902399, 50.17415852095807, 78.59663846534508, 32.88332949143245, 21.342803207597296, 14.477614313506871, 92.59394335600335, 66.00184012066109, 18.375435393057977, 37.79579873664016, 10.293646496027971, 43.2768041106608, 84.34059515645696, 74.27723192078652, 57.29009992829152, 80.18419314317238, 57.16109534311458, 86.95741580746396, 2.5833387009328614, 49.47575221604565, 11.313500875232073, 9.42971540200334, 104.73095829283632, 60.21678142624504, 31.96501057185559, 51.15385816965971, 79.22713908348187, 78.6456912511283, 61.97841685538249, 76.40834544221532, 47.899574569826136, 25.984380380054006, 89.50020563515231, 40.11209345979676, 47.1253582999472, 38.05580438442406, 88.45379543633307, 72.83153310047035, 29.37358060772319, 46.205436798423065, 28.755358748073835, 42.0276892236934, 83.5519497947498, 33.77171954971439, 88.20324699006358, 23.899083934687948, 71.97749374412011, 85.20719925894197, 77.67648282396588, 8.225953403482942, 78.83888635518214, 64.83148322000093, 43.853786489979356, 60.00125196289472, 31.149688558405995, 32.39564951091048, 9.269095085708432, 23.23670387169709, 21.945063969715072, 76.32824398022753, 92.23451176842109, 16.459536264954245, 41.284367658511385, 51.15853336873427, 75.7864084573078, 17.304193839747228, 27.855113278796296, 16.31070657426116, 68.32926361331384, 68.58786384821194, 60.77605352807552], [35.105654637811696, 16.23950654963388, 68.4142956099225, 57.89127558528922, 17.068497079783956, 90.56054259933754, 29.891870978351015, 58.105376784310394, 80.98577159601723, 81.86057019721234, 29.928702195452477, 40.786792299670225, 69.55872123347262, 65.97652930772898, 43.1583118374708, 91.85157704405223, 0.0, 42.05737195357687, 79.11955232678392, 51.99563655672782, 73.52037387353664, 94.4639168988094, 108.86729547139079, 84.0184875303385, 43.790913570970176, 15.003290655976052, 65.09691481529596, 93.32287200473749, 85.99577677703181, 16.098589496831412, 59.97174055211989, 105.71091966270902, 96.49971430013427, 30.668468415151164, 29.46614606463188, 80.42185346900213, 55.91299739535419, 81.87507075051198, 66.57844097708181, 26.844828310733757, 48.728063076860685, 36.07308992110525, 40.748942146282715, 49.783429398346584, 5.2649851757052755, 89.7919962015583, 59.81706527797473, 81.02575414967036, 100.8950526198589, 24.30437460934055, 46.91488751601218, 73.62830182879513, 43.26275834598962, 22.32075316617013, 17.10404364359057, 40.429455756919246, 47.747484189812425, 44.29784284379335, 66.25409461752498, 61.634834783595046, 52.06495895367377, 51.857984808844485, 95.41254744756468, 36.335037351047845, 19.940906571128387, 68.62208165903398, 86.89833607655434, 99.89682713391466, 59.04823739879734, 20.224024318812248, 69.3978250811314, 43.142074280366025, 68.62031505686711, 43.433798085183064, 18.718157406856125, 14.417293469100828, 95.45123726670957, 43.68365378358723, 84.63359764359211, 65.0595803080396, 52.90422521941684, 63.50094194380902, 60.42989893910873, 100.31382892782398, 99.29194877743626, 92.08710450305428, 37.79507144630243, 36.238562046627344, 83.82862065878048, 91.17530406149069, 66.65435667038552, 25.094345398883156, 75.61053104553865, 106.77493573410175, 77.90834061622051, 54.28548925929499, 71.29451583679985, 46.53819977686508], [56.82621494680637, 31.33658079279957, 27.84994662238792, 68.82930039547438, 58.87274921201455, 72.93649217194717, 47.417195753287245, 74.7940534721195, 55.567245749785236, 106.12235998590658, 21.98304130014036, 57.924901355845364, 79.19702113653051, 79.90831385965296, 60.30386030157546, 86.48904447417902, 42.05737195357687, 0.0, 55.795419531504436, 62.59293460779156, 39.66041966733884, 86.09205727484456, 97.69692417345959, 71.6538517153248, 63.26955443515417, 51.67657243016855, 67.24889764506332, 102.04087336817612, 103.23070322449513, 30.93554977248299, 64.09803332844405, 92.10842528056914, 96.70320509058796, 70.48949903238234, 29.967535843332175, 83.3055369850673, 50.4189939661221, 78.94679534965205, 81.97231425513165, 63.89221055287367, 79.88052255390863, 51.65374958461219, 75.05251272915763, 71.83840641565575, 38.75684979560822, 83.94280149009201, 38.54398411541632, 75.42474913890636, 93.46637787983511, 66.3003408931732, 70.60122951443526, 57.35792692034577, 57.05493676304273, 22.361150576419508, 49.401574363175136, 64.26174194132373, 79.90023600661151, 52.30580557037188, 67.04057255022636, 19.60932389960772, 56.93005664605231, 66.85608740050995, 72.77949912278399, 6.288162791222694, 34.30494247632795, 75.55939076147254, 102.3791993152343, 81.63944152969628, 72.43277236326703, 22.358393856847552, 54.07859583804622, 1.9182570602488547, 63.75972017625035, 14.522556228088014, 23.50579667488952, 41.77853981529764, 93.00334494261766, 77.18988558528741, 107.80655151019202, 80.66613446275363, 76.88099466505645, 55.700186091132224, 64.34542187499727, 95.75387359154419, 83.49017849628117, 76.66443534695948, 11.195922857323382, 75.38889250282513, 86.1353358226881, 103.94926399769943, 86.11642259017057, 56.84117925749214, 75.32865326333389, 90.05143936291988, 70.18469580343844, 82.40303159733715, 97.86766947430957, 25.71503743973428], [63.83939460446211, 62.90203120324288, 42.86115165794753, 54.06622738000181, 94.20259047304155, 18.659104864468645, 58.59263574214247, 63.93843532114711, 4.167388927594936, 94.11860576250093, 50.30785960719225, 58.87792251894214, 56.788186321190054, 62.84227653835017, 59.37855108008752, 41.73301948356594, 79.11955232678392, 55.795419531504436, 0.0, 51.87695441969004, 23.62343629437049, 38.04329033070174, 45.26422074911044, 23.359983883136632, 62.95565776786754, 77.93615261427918, 41.84839926127628, 70.16552171007959, 82.17654416673179, 63.08761482841573, 43.754755975852795, 38.5010025131933, 55.78016607486384, 93.6008268350047, 49.72012079658186, 50.06083626049638, 30.860766214187393, 39.9026192831924, 65.88344387312463, 84.6394466816753, 85.95685954409191, 56.46697648206159, 87.48047382261268, 69.46261509020916, 73.88485530669, 39.3609413964974, 19.536075555780737, 34.408357114644865, 44.87634743865567, 99.5548054677862, 70.95483253291192, 12.67562771094783, 54.83862204894016, 59.14462617327093, 72.93311903695323, 68.48563075928395, 87.4131843284715, 47.80826325372291, 39.90325559063193, 52.08097235726321, 43.846425666929655, 58.59650307843238, 17.187408676167575, 60.00943378041924, 59.70745563553955, 51.43939206291954, 79.20237602622953, 26.28413328693443, 58.61104625652514, 63.105508463217085, 14.94008873540583, 57.03637171076146, 31.093084862231805, 42.61111560278132, 65.07547835412984, 68.09364287303954, 49.90665762758657, 87.6631805383353, 93.82374280490842, 65.45664689210298, 74.46201623247346, 26.39645820011238, 43.52397718585591, 49.68663954303644, 29.24817477535473, 23.589065685344387, 48.803946504173936, 95.77604772594232, 51.02938865639419, 76.78477250734706, 73.70244044509779, 74.74127068944199, 41.574038595199944, 34.91902605777578, 28.94395141974977, 83.25108455392446, 91.41829446227698, 33.98224316410441], [19.00723295043902, 41.61672518114244, 72.90655443716523, 6.4668867441936815, 59.77034482779107, 52.69799016334368, 22.155182307678956, 13.484618936218709, 55.701636452470844, 46.081716038156884, 41.42657535709017, 12.200133778027132, 18.057912343173072, 17.31561883344579, 10.729263444009348, 42.981306523111556, 51.99563655672782, 62.59293460779156, 51.87695441969004, 0.0, 63.374399683509175, 47.30569757