instance_id,num_cities,city_coordinates,distance_matrix,best_route,total_distance
518,75,"[[41.25998148608711, 17.26714590282967], [51.153155398799534, 57.391923324745264], [51.16030264588575, 11.034197179395333], [66.59234768892166, 64.4229958861919], [88.84535366833354, 89.00343295837385], [61.6843413601082, 83.15116748982938], [90.59088252824942, 17.862210336481965], [98.35492677461704, 17.689155290852852], [38.37203161089224, 48.9172741386452], [44.03204321602369, 67.46444646019225], [85.88412921730966, 52.18597115025408], [96.97173099919205, 37.76674526230015], [18.893935532591932, 65.08237925672222], [63.01005974940925, 89.3037615259994], [42.833316148614855, 99.82025817415476], [54.138982263851375, 66.64663704874503], [12.872002884549216, 65.42563263897829], [35.948269403867464, 96.22434903004327], [51.99031616771491, 9.829288790781865], [40.736374339070856, 49.986091587663154], [24.141716303770956, 12.056324644027704], [71.34066201499559, 26.577469972356205], [82.20867343383134, 28.290070472100147], [59.901587727185444, 34.27323256097431], [25.648962291040533, 87.44649210771422], [38.50456788681584, 2.0223663882691256], [24.03134038814221, 83.32994508225406], [67.43574654499545, 88.64152507723725], [9.993788086099443, 66.85473104977264], [94.80612413584872, 25.858290374070727], [64.02137556042865, 86.1692529534709], [38.027117498020615, 34.28715007014278], [70.93864543314592, 51.79674259706806], [10.173978727085753, 83.1467426419313], [87.61701933000393, 65.71215894871291], [8.208429001391448, 89.70130370674967], [17.382975146222922, 72.59221764300422], [19.87490287040693, 31.199035719715205], [87.65612801694425, 93.78578733724565], [68.7044264303957, 58.99391423091591], [67.01739892093674, 5.849074703900515], [28.293878640867188, 31.229653638047907], [75.87134942346648, 28.444906010487426], [75.70974632927374, 8.870690129248759], [58.196178044807446, 85.16481703530681], [31.342510995554097, 32.09636293826969], [92.92976984801695, 54.56009412076974], [82.50093383951874, 50.07866372494828], [98.48853010974052, 35.28582681802342], [35.95828414369397, 86.22354522580761], [24.2045853334373, 37.8690377612889], [38.00852162664948, 88.04354749244649], [50.976140798210054, 47.72555530325819], [47.68923520326853, 81.00659003625753], [20.394560248734095, 73.28879083278494], [47.4226973150966, 79.99720985105745], [6.374487510728699, 22.699130950469648], [83.95855385492727, 98.85314553028246], [69.13283160683959, 52.359143852445776], [68.48047371648798, 92.16936916038364], [17.004847675219047, 77.20508715168468], [22.367698279627078, 15.43634128717304], [67.45318297463136, 94.28471895743084], [89.93554929162349, 48.46579577588484], [87.65636269999794, 13.389239183478086], [81.43978826291963, 25.239766649670294], [11.046797028066713, 91.35568833400079], [8.077567863063829, 65.9492676241641], [19.65994724773694, 49.52362912563261], [72.37116490688408, 69.32570885050754], [92.35957127630817, 56.85209744285253], [35.924474596526544, 43.38230115540519], [84.49097105069929, 33.71676566203553], [67.93885709367852, 72.21098023304542], [54.53941047615169, 34.62639920566901]]","[[0.0, 41.32641592523408, 11.69897469251551, 53.52945885293329, 86.08404338922719, 68.97723375679664, 49.334489956944, 57.09650487922887, 31.781612165294657, 50.27378352064595, 56.662500098373165, 59.363562963401634, 52.78765530198378, 75.24852088181495, 82.56810357300401, 51.03139040691706, 55.90274746197342, 79.1356696497633, 13.056102052258339, 32.72313510609108, 17.89378833683019, 31.48856102399502, 42.40637025602497, 25.233241303337966, 71.89467681305172, 15.491791586211518, 68.27239200074033, 76.02284313909388, 58.62169777847407, 54.230961230595526, 72.56432605781917, 17.324316766345873, 45.531485167400454, 72.84545856839182, 67.05142986303971, 79.61854267952772, 60.25757209520955, 25.522914043436746, 89.48578043399684, 49.94317524354019, 28.174756481945167, 19.054433742540063, 36.37154260573777, 35.45823976607634, 69.9780572686155, 17.839896266928733, 63.72229606780172, 52.70115608607864, 59.998163634343264, 69.15990892345313, 26.745550771510967, 70.8510480740564, 31.97058734184697, 64.0628756909824, 59.78118854681768, 63.03205525237037, 35.30586568068474, 92.08389336658071, 44.814552256491325, 79.69503275731664, 64.65963437365163, 18.98078529181028, 81.34980247941789, 57.81579935530473, 46.5581609416709, 40.96314873391144, 80.01217803978223, 58.91537616904625, 38.82064127498241, 60.6465144094845, 64.63850605602532, 26.654623757139603, 46.254820818570494, 61.0785341555569, 21.856049723916392], [41.32641592523408, 0.0, 46.35772669631678, 16.964805920955722, 49.19338727620671, 27.82884362865415, 55.83845028357628, 61.67914566989408, 15.335475346701065, 12.335556778426879, 35.11897607313068, 49.84465351501163, 33.16323836446016, 34.04337818376036, 43.23636574970808, 9.724447962802568, 39.11504982950792, 41.70306756434557, 47.57000149216288, 12.781066910250283, 52.772477199043045, 36.838376169227665, 42.56011090071541, 24.718594839416262, 39.41752111444952, 56.79590303349338, 37.52830694509568, 35.23720170676905, 42.23314157889042, 53.8511994910574, 31.52341654529992, 26.57298286077946, 20.561411996129806, 48.40045081145867, 37.40106540770903, 53.74146989073978, 37.0334176339858, 40.79701511531984, 51.54590524689031, 17.624230187103215, 53.92902248771982, 34.74206224528459, 38.064667701597294, 54.381395981883365, 28.652012024469233, 32.12984604596903, 41.8724822703294, 32.18954766911835, 52.242867472887546, 32.5905896526137, 33.27714665189235, 33.35121378783617, 9.667988668572683, 23.867367408593964, 34.6237140147298, 22.911030017241384, 56.64555534686497, 52.86990745823411, 18.67076928684945, 38.854944330590186, 39.47997443283731, 50.88097292378723, 40.333227847123545, 39.796354469683195, 57.17272387170644, 44.17059326185882, 52.55527866319025, 43.917358561366434, 32.46124170838117, 24.343770547309617, 41.20995172835024, 20.692564662341468, 40.88915556469974, 22.391164084095802, 23.015990351604163], [11.69897469251551, 46.35772669631678, 0.0, 55.57438116223276, 86.59887296335003, 72.88081227328959, 40.01740113416676, 47.66152551185789, 39.9833389796913, 56.87868771686191, 53.84433705331484, 53.04070224624608, 62.946997009815554, 79.16148966776522, 89.17568800458382, 55.692153850327244, 66.51632994962921, 86.53766768114751, 1.4631222339129248, 40.32255397836877, 27.037913241969466, 25.472342518559554, 35.52135261613268, 24.828669524137453, 80.55847132929685, 15.536431910185192, 77.21823462120702, 79.29556997434484, 69.3585893929154, 46.094592660941636, 76.22784138808231, 26.7054370918625, 45.30748229970628, 82.94635592636432, 65.71736220081429, 89.62910854716071, 70.21607890232528, 37.220920897644376, 90.44208612790634, 51.06790321746254, 16.683314939247463, 30.507864696674872, 30.228605903098664, 24.644592671007416, 74.46376530132497, 28.91988403071932, 60.325716696124374, 50.067010410470125, 53.179908377126424, 76.71075169873843, 38.03576428684291, 78.12432002658439, 36.69182029498804, 70.0584332632857, 69.44181259296558, 69.06422236122386, 46.280016391570264, 93.74376230889804, 45.06398800353545, 82.96327174297959, 74.46597735864388, 29.12718556499306, 84.8298728380633, 53.89475230415769, 36.57196497748456, 33.44615752529683, 89.78104072826379, 69.79818764352618, 49.73639272960709, 62.03064573868672, 61.61704082665623, 35.756541879667076, 40.31665126571524, 63.43594150125711, 23.832968052197703], [53.52945885293329, 16.964805920955722, 55.57438116223276, 0.0, 33.157113290804396, 19.360602721479676, 52.38164206514058, 56.5058694912804, 32.19959078088149, 22.764396752471775, 22.845516166788755, 40.416118413772296, 47.70296960006196, 25.13732853158032, 42.63165205825516, 12.650331633207752, 53.72970059807428, 44.16317012761285, 56.51276120457873, 29.613435524995626, 67.41160406030144, 38.14223801291696, 39.363154456311634, 30.883239749615132, 46.97278133240439, 68.43070901246467, 46.57158007153587, 24.233210224977256, 56.65077479629043, 47.78340394565675, 21.897707508359634, 41.52278385305891, 13.353373214381428, 59.44418431509437, 21.064158160655207, 63.62133924700903, 49.882848055800594, 57.326705639820254, 36.13663464554035, 5.825444552121391, 58.57546338885525, 50.681068467695184, 37.15538755408096, 56.29552054009263, 22.37674706642178, 47.8284662586913, 28.12359573775677, 21.42062040331832, 43.201169825933974, 37.59933245154849, 50.018347529722725, 37.080528185854725, 22.86198678317592, 25.146436260021947, 47.04081083914038, 24.698818515834002, 73.26030022880599, 38.56190245714909, 12.328446148210247, 27.810542061721037, 51.208417420657945, 65.9963025038418, 29.874128308161346, 28.276090543509806, 55.20993616713059, 41.9019324733383, 61.730690265911214, 58.53468171508881, 49.240647244297826, 7.578345653840784, 26.856438979167105, 37.191790421616005, 35.541993371583224, 7.903530082433679, 32.142035859551946], [86.08404338922719, 49.19338727620671, 86.59887296335003, 33.157113290804396, 0.0, 27.784340926534263, 71.16263364391723, 71.94552230614518, 64.45507248025325, 49.72082796036238, 36.93635531886842, 51.87712573561185, 73.92846345893213, 25.837039480670743, 47.266386623738796, 41.28387747548253, 79.54786419016686, 53.38766854430074, 87.3317748236153, 61.94212475966575, 100.53565619293752, 64.8337495800612, 61.07501869770241, 61.91232851698826, 63.21556729101185, 100.49826194901902, 65.06185351006607, 21.412665749273675, 81.90320134772169, 63.425860786893324, 24.9852449538109, 74.67506103490395, 41.29150042638583, 78.88907438048125, 23.323641444676404, 80.63994446503254, 73.32257177816966, 89.99039628423616, 4.927998686590387, 36.1417786537624, 85.97154706743214, 83.69164059185125, 61.932705190744855, 81.2022207423212, 30.8886215070626, 80.90112195590036, 34.68466585987051, 39.43842444672064, 54.57629578241748, 52.960078348787704, 82.42059999234044, 50.84589336556192, 56.017322919909546, 41.92583432481061, 70.2314822348782, 42.39042950970326, 105.81920539080295, 10.995346750581453, 41.60994412521753, 20.6094999329988, 72.80287951119064, 99.15339451041743, 22.034449137483016, 40.552294076120475, 75.62354130659493, 64.19227009618496, 77.83410897968173, 83.99362930093571, 79.65723678520904, 25.663431598544474, 32.342821472899075, 69.8706455438667, 55.45787796802868, 26.8154445713371, 64.29431964060286], [68.97723375679664, 27.82884362865415, 72.88081227328959, 19.360602721479676, 27.784340926534263, 0.0, 71.40193308641635, 75.03337174738812, 41.417668208430584, 23.615182540673047, 39.299785198929555, 57.48865669388328, 46.44889599437655, 6.293801921068536, 25.1638577282304, 18.14750586092054, 51.93109832461925, 28.86613024498071, 73.959935237861, 39.22677123994421, 80.39854087848833, 57.39187903692085, 58.574637626375115, 48.91043583352217, 36.29047200332902, 84.37525861560172, 37.65342539029385, 7.951269586572648, 54.19858981945883, 66.17798925960778, 3.8171414329720275, 54.28956105230877, 32.69162131543881, 51.51036282307429, 31.25096487450345, 53.87557412276334, 45.54231516166635, 66.68622903031344, 28.06472592859705, 25.156599122483914, 77.4858377513689, 61.73140692763902, 56.515893718810865, 75.59299770127404, 4.027662821812598, 59.39040105664666, 42.352405808737366, 39.07839592066089, 60.37912840664897, 25.90886961746408, 58.78097808450573, 24.1760174996057, 37.00864166741569, 14.158467741799614, 42.451295593310235, 14.606229481073568, 81.93673568428146, 27.252388090720142, 31.68009985212867, 11.292270647492463, 45.07341818994562, 78.30131614969123, 12.539358111768916, 44.73483833126276, 74.43972416324624, 61.18829977699478, 51.297905008507996, 56.299125426171535, 53.82249564027507, 17.47430983207984, 40.40557901760009, 47.38283935353364, 54.441734376446334, 12.60185162089194, 49.047968096221595], [49.334489956944, 55.83845028357628, 40.01740113416676, 52.38164206514058, 71.16263364391723, 71.40193308641635, 0.0, 7.7659726440653785, 60.755455548334126, 68.03019437407163, 34.644971974748096, 20.902290253037982, 85.84984893029309, 76.5806569671626, 94.85729677714554, 60.89877931888117, 91.11807391619712, 95.53240261654587, 39.42754813469133, 59.30780499584235, 66.70232380211512, 21.131179340718244, 13.379151554211505, 34.80164458526916, 95.18101319966208, 54.44157261900278, 93.36057488385278, 74.47060975696306, 94.31945037137918, 9.039112665409244, 73.29250146906038, 55.07021009046084, 39.21432012144187, 103.58063803292036, 47.942271999927385, 109.30564480102095, 91.40443863963802, 71.96263398647417, 75.98027591837581, 46.59220992593796, 26.457977192352363, 63.71503145855848, 18.12892998914759, 17.386651495027657, 74.69309035664703, 60.934232001127924, 36.77234107504798, 33.216669590997796, 19.129956837830957, 87.5099589423893, 69.33551470093755, 87.69449676567666, 49.6099499590798, 76.33979323306076, 89.44064784583536, 75.65877595674782, 84.35518354418481, 81.26204136740206, 40.62617839953254, 77.52692455078923, 94.53296543585061, 68.2662999558777, 79.8483122210639, 30.610601160347347, 5.349661443307039, 11.754610304353637, 108.29844341555497, 95.50294328252274, 77.6765281118449, 54.59349585349342, 39.02998278830047, 60.32985323671544, 16.987520260620347, 58.88041308922729, 39.75860492478275], [57.09650487922887, 61.67914566989408, 47.66152551185789, 56.5058694912804, 71.94552230614518, 75.03337174738812, 7.7659726440653785, 0.0, 67.62501843988099, 73.67873023548253, 36.681754267657105, 20.125179492732844, 92.521169507547, 79.86182724709417, 99.1371136725945, 65.96881664129995, 97.9086387731094, 100.31135299577166, 47.02610570872949, 66.05293088825059, 74.42667122400351, 28.438928221372088, 19.31530221417291, 41.877092816933775, 100.75834114984293, 61.86690337746609, 99.1600160235299, 77.39660512177298, 101.11846849135682, 8.906669870203459, 76.60493792738822, 62.56946541889845, 43.760484394551554, 109.82065079203217, 49.2088562822986, 115.37825003115326, 97.83048198877086, 79.6343582959488, 76.8450499619935, 50.84520903447432, 33.49967403252924, 71.357519303084, 24.923832451051542, 24.301636266074425, 78.52190794546418, 68.5436466840056, 37.267928006232246, 36.061466256774494, 17.597178713824885, 92.68389080831444, 76.84725624486634, 92.6899623278503, 56.097546170072384, 81.0932170106822, 95.75561717855349, 80.4759943137994, 92.11677948825505, 82.43087325043331, 45.34246302149484, 80.24827227780922, 100.79673365115303, 76.02061605436377, 82.59417741754412, 31.907483710660248, 11.530331816092346, 18.52386684150509, 114.23426635838159, 102.3671821164831, 84.89012620483818, 57.80561862239812, 39.61919137932999, 67.51073324722528, 21.191827729697934, 62.43209663196327, 46.975203032355914], [31.781612165294657, 15.335475346701065, 39.9833389796913, 32.19959078088149, 64.45507248025325, 41.417668208430584, 60.755455548334126, 67.62501843988099, 0.0, 19.39157890671576, 47.62440339904991, 59.65114468827324, 25.312187782054277, 47.30856998518637, 51.098109979194575, 23.726083580963635, 30.377250787716772, 47.36912452237795, 41.392369741600604, 2.594703697075321, 39.512421735257284, 39.8245833739728, 48.44721557957467, 26.03785206757984, 40.5755730732886, 46.895095039681046, 37.281192929134676, 49.22108936627719, 33.571968455707186, 60.96329659205002, 45.22829612821871, 14.634189284173953, 32.69366413314446, 44.34846897532543, 52.03015444181291, 50.72652156609896, 31.63927055435489, 25.6140536485761, 66.64912328916272, 31.9623661676572, 51.724528715864665, 20.357334949849758, 42.72372517914675, 54.75247785454909, 41.314418159749465, 18.230666847166674, 54.84877591069178, 44.14418237633188, 61.642596861398644, 37.38427529408931, 17.966080849047486, 39.127961946222364, 12.660322357208974, 33.414584803024944, 30.28465457207575, 32.37092759833952, 41.367062509653586, 67.61451221408048, 30.952758899934135, 52.69973443761839, 35.450767472673654, 37.109453647056476, 53.88801735104258, 51.56549416347258, 60.75513606828781, 49.147289080158956, 50.47462178583415, 34.75404056882089, 18.721906088432494, 39.65407005928859, 54.56753485355418, 6.05197994575061, 48.55936606876239, 37.64032296277276, 21.57807326252288], [50.27378352064595, 12.335556778426879, 56.87868771686191, 22.764396752471775, 49.72082796036238, 23.615182540673047, 68.03019437407163, 73.67873023548253, 19.39157890671576, 0.0, 44.55366326639626, 60.700609544045165, 25.250716862411217, 28.933039834850526, 32.37800948562978, 10.139971851536654, 31.226669294958253, 29.874393631895295, 58.18200329957206, 17.786352138552108, 58.87006937206049, 49.16813507775558, 54.69997101318822, 36.78993236057091, 27.151792068924866, 65.67510051499731, 25.52924127614981, 31.562667635404782, 34.04371550185903, 65.64357940816183, 27.375960138889624, 33.716348091570126, 31.135866572379253, 37.313575873519106, 43.62018631756534, 42.16407422916546, 27.13792302834083, 43.57461928523682, 50.94971796078906, 26.08594276088244, 65.76306420436485, 39.50506341038366, 50.36135380107902, 66.60859670869213, 22.6699323762632, 37.57559793254161, 50.57182989646609, 42.21517484411894, 63.2532412361685, 20.422766023634953, 35.62325507503295, 21.442532770952802, 20.924729755392686, 14.027284336832064, 24.34447757499548, 12.983323666572089, 58.49807667250613, 50.78756423684014, 29.2953877720045, 34.75714256895213, 28.72889451200043, 56.35838508525526, 35.60725774920565, 49.679780573760205, 69.47812096235373, 56.41155001056671, 40.72858829315046, 35.986387215331106, 30.263377017765464, 28.40017809618447, 49.47900484128006, 25.41028121451497, 52.68615378622513, 24.373455492352033, 34.47813965731781], [56.662500098373165, 35.11897607313068, 53.84433705331484, 22.845516166788755, 36.93635531886842, 39.299785198929555, 34.644971974748096, 36.681754267657105, 47.62440339904991, 44.55366326639626, 0.0, 18.189254753327372, 68.22025646363822, 43.599924499935845, 64.2059016458071, 34.883595189206645, 74.20282493252516, 66.58054386673976, 54.248309683732124, 45.20131901433233, 73.63772186251146, 29.45008948786374, 24.176911391583953, 31.55881281122437, 69.79670244952115, 69.0015222628216, 69.25109817340571, 40.85768269673797, 77.29499591824286, 27.79835909508062, 40.40845752535367, 51.09463148666409, 14.950551307872116, 81.79606505579717, 13.636739511402643, 86.2607360324363, 71.47603098237647, 69.26521076039722, 41.637539391003784, 18.47945553408516, 50.030605476609715, 61.28461638233392, 25.766139275619814, 44.494175316338, 43.0607352008872, 58.12383741941657, 7.434884785671087, 3.985819307125559, 21.082831885383424, 60.42471725431133, 63.31935498239541, 59.81504479067984, 35.1918025255332, 47.848490067253884, 68.80561490345994, 47.46310927490566, 84.80127870071595, 46.70688391545931, 16.752192704817027, 43.606872637552364, 73.28240983515501, 73.38168909295328, 45.95654845974366, 5.500337210991373, 38.837188657509955, 27.310256379355916, 84.4682960255373, 79.0144880360606, 66.2776760500483, 21.82592066530815, 7.981483849380729, 50.729396755787846, 18.5216748984328, 26.889287464658644, 35.928122130712026], [59.363562963401634, 49.84465351501163, 53.04070224624608, 40.416118413772296, 51.87712573561185, 57.48865669388328, 20.902290253037982, 20.125179492732844, 59.65114468827324, 60.700609544045165, 18.189254753327372, 0.0, 82.71811171346617, 61.72081625710344, 82.35050957483448, 51.6593894062018, 88.53122793609388, 84.5053507379415, 52.95119596703563, 57.547613011402994, 77.23494525733634, 27.966973000072564, 17.54295396326874, 37.23439476077759, 86.91958687672708, 68.52787595934576, 86.00177765793899, 58.82701419328431, 91.71299510192325, 12.10376598053494, 58.55363929197475, 59.04722722959789, 29.573000681409958, 97.94485163430114, 29.46959070836224, 102.84027490420615, 86.87452782468927, 77.37606681755796, 56.788322161491784, 35.35015148492661, 43.77213387680484, 68.98826691152442, 23.067786839613703, 35.87553476056053, 61.238229193187614, 65.87372582438759, 17.272927251333826, 18.999665961992726, 2.9078576080876264, 77.91471080541892, 72.76721756461848, 77.48817265879703, 47.061366484288975, 65.56255461733588, 84.41492049191535, 65.10390831900885, 91.84167642610839, 62.45711390296677, 31.431551281971533, 61.41170270026359, 89.16325049892413, 77.87431309304945, 63.76226178612064, 12.80537133058465, 26.096721808929125, 19.954108306915927, 101.26632755997534, 93.25463423524613, 78.20061524698924, 40.014447826051686, 19.634731604101642, 61.30499149564716, 13.12142155616001, 45.04789773045308, 42.54836775160042], [52.78765530198378, 33.16323836446016, 62.946997009815554, 47.70296960006196, 73.92846345893213, 46.44889599437655, 85.84984893029309, 92.521169507547, 25.312187782054277, 25.250716862411217, 68.22025646363822, 82.71811171346617, 0.0, 50.328001897036515, 42.18784393591379, 35.27974236766144, 6.031707527889012, 35.50595140473464, 64.4070991210001, 26.551648430968672, 53.28509801821535, 65.0637161382388, 73.22861477049543, 51.29162756856975, 23.362018964962385, 66.03894399747776, 18.956966719571696, 53.95684171776727, 9.074902503478251, 85.44699835108648, 49.81106388914647, 36.25499679735415, 53.713685128514214, 20.058885093712856, 68.72596939357462, 26.837874187507616, 7.660331185872514, 33.897540709684165, 74.51258115709169, 50.181215707181295, 76.318098094336, 35.13354468669593, 67.74016636797252, 79.92365326389968, 44.13581962102575, 35.25683343152473, 74.77983182157706, 65.35259530711679, 84.98902295669001, 27.16874844474133, 27.726683116707125, 29.876121707751352, 36.47639281037529, 32.90516330418581, 8.342485570525906, 32.19227268306196, 44.193623021445035, 73.30667917819365, 51.82496886551588, 56.502475973217635, 12.269013800605933, 49.76742020334798, 56.66371992847624, 72.95904146891637, 86.02588052780892, 74.15805737153215, 27.42014501382899, 10.851050870953415, 15.577595436697552, 53.64531580289326, 73.92521338463699, 27.585007710919022, 72.71019725550904, 49.56027928505622, 46.88460946645602], [75.24852088181495, 34.04337818376036, 79.16148966776522, 25.13732853158032, 25.837039480670743, 6.293801921068536, 76.5806569671626, 79.86182724709417, 47.30856998518637, 28.933039834850526, 43.599924499935845, 61.72081625710344, 50.328001897036515, 0.0, 22.75297088476273, 24.33189892574295, 55.53368153948674, 27.932687448707597, 80.23482140035665, 45.18845240920153, 86.47493640958804, 63.277062085561795, 63.96293663852798, 55.11825211745575, 37.407232629343525, 90.65627980794403, 39.433831235982844, 4.474959298886994, 57.573292683330386, 70.96701712878186, 3.2936155909383995, 60.42329798695958, 38.33587014637294, 53.1936118282666, 34.089091685840664, 54.80307265498501, 48.59121883982328, 72.36574410589316, 25.050294138406304, 30.840114379632393, 83.55084392039535, 67.65955392804865, 62.202998856469726, 81.4294849151189, 6.348568229367513, 65.38746131524891, 45.85097029671177, 43.80071312545639, 64.62707736873192, 27.22657334072614, 64.43132509424845, 25.033278808701304, 43.28466747041991, 17.42328096266066, 45.52537846077244, 18.154276954397996, 87.42862721617901, 23.02238345936798, 37.44853949439406, 6.175527190892387, 47.569501359662326, 84.31012583657915, 6.674674593434511, 48.915451890945654, 79.81512984156178, 66.66221067888478, 52.003760212821746, 59.69096288597017, 58.836138449921734, 22.062476707614433, 43.75504917872882, 53.3142518060801, 59.59315111247455, 17.789216272495917, 55.32961096392442], [82.56810357300401, 43.23636574970808, 89.17568800458382, 42.63165205825516, 47.266386623738796, 25.1638577282304, 94.85729677714554, 99.1371136725945, 51.098109979194575, 32.37800948562978, 64.2059016458071, 82.35050957483448, 42.18784393591379, 22.75297088476273, 0.0, 35.04721422426378, 45.61436789228246, 7.767524139007311, 90.45565333305021, 49.87826504924575, 89.73229036105302, 78.59500487892966, 81.6516167263675, 67.7328462521307, 21.17574329673754, 97.89364483600468, 25.008892785693504, 27.02302083522253, 46.53128605526727, 90.39660088155166, 25.204836940033733, 65.70911506968491, 55.643216860409936, 36.66931197904575, 56.293361095348935, 36.07320403667207, 37.27044470225716, 72.35993996262486, 45.2271964869055, 48.33326708369404, 97.03325812492695, 70.1146651826157, 78.65082669087296, 96.70927354177947, 21.232039012203305, 68.69180874738082, 67.51397724468366, 63.621899622858166, 85.21851718680574, 15.23603190034851, 64.69144705776671, 12.72672607781941, 52.72725728198893, 19.430235682262783, 34.74789958573909, 20.34737487518005, 85.30483251198945, 41.13660758092041, 54.26068453305516, 26.76402051285186, 34.33009968026268, 86.83021907117632, 25.23450092533388, 69.68429647541589, 97.36234665369446, 83.98041084173316, 32.8942508712361, 48.53046506810068, 55.37829827523429, 42.45470583714766, 65.5676199324361, 56.85925680170368, 78.13470377649718, 37.31702580021209, 66.23648459578754], [51.03139040691706, 9.724447962802568, 55.692153850327244, 12.650331633207752, 41.28387747548253, 18.14750586092054, 60.89877931888117, 65.96881664129995, 23.726083580963635, 10.139971851536654, 34.883595189206645, 51.6593894062018, 35.27974236766144, 24.33189892574295, 35.04721422426378, 0.0, 41.285038922840066, 34.72381143254607, 56.85796187922459, 21.38232153546863, 62.28914972548938, 43.605457645304995, 47.53034569542539, 32.88228915168258, 35.27485235299061, 66.48858000672975, 34.42096550442626, 25.701732232171025, 44.14568463739901, 57.59779207999708, 21.881367165506155, 36.14870099672667, 22.422043792386507, 46.959291099569526, 33.49107664919305, 51.39195829803899, 37.233774826546735, 49.300705640610275, 43.12693517763458, 16.453459523615166, 62.14657836654204, 43.844407798445474, 43.95074557592501, 61.67137021998594, 18.95742143910149, 41.39324272626253, 40.63015778150072, 32.84658334193286, 54.31742641604206, 26.71690696748848, 41.523708171802035, 26.795886566861345, 19.18361020653244, 15.741902265897416, 34.39192091211492, 14.944774259342758, 64.90631903966698, 43.89152581588663, 20.71105936340596, 29.276069263624123, 38.6060205178276, 60.2653206910401, 30.67786681238055, 40.14893772396373, 62.926665402520115, 49.597005196327466, 49.67367153545806, 46.06669318190116, 38.49676942260761, 18.4279654234509, 39.455626095026425, 29.54653303047882, 44.784145105853824, 14.87946438523803, 32.02274151724621], [55.90274746197342, 39.11504982950792, 66.51632994962921, 53.72970059807428, 79.54786419016686, 51.93109832461925, 91.11807391619712, 97.9086387731094, 30.377250787716772, 31.226669294958253, 74.20282493252516, 88.53122793609388, 6.031707527889012, 55.53368153948674, 45.61436789228246, 41.285038922840066, 0.0, 38.48473733583046, 67.97937836878758, 31.855966857573254, 54.546214134541756, 70.19803304284714, 78.65509430615259, 56.411469410845356, 25.45916226856147, 68.38861425598371, 21.097279862236665, 59.29738429262876, 3.21347828586879, 90.987772800146, 55.19561675430244, 40.029799998333175, 59.64462776010075, 17.925319358131887, 74.74556562604543, 24.719569720250064, 8.468105535804273, 34.93566293754328, 79.98102116331958, 56.20165941218641, 80.50521826148245, 37.51265428725858, 73.05129571952683, 84.5401888068854, 49.43598137581602, 38.10511630557331, 80.79174449451861, 71.30019271208259, 90.76672093353812, 31.072971379411594, 29.795861226249915, 33.81441477817849, 42.01449825755102, 38.144539579755104, 10.882009284974943, 37.4977512403163, 43.217723824504745, 78.55377996610007, 57.758237314927406, 61.70518188444901, 12.483427200920659, 50.88317483109494, 61.7410081158534, 78.9077071727346, 91.10700695809365, 79.47606568650016, 25.994214063239284, 4.822945238436378, 17.290167853904432, 59.62684693840343, 79.94860245553868, 31.89553126891289, 78.3245098685301, 55.48332519290651, 51.814724118576635], [79.1356696497633, 41.70306756434557, 86.53766768114751, 44.16317012761285, 53.38766854430074, 28.86613024498071, 95.53240261654587, 100.31135299577166, 47.36912452237795, 29.874393631895295, 66.58054386673976, 84.5053507379415, 35.50595140473464, 27.932687448707597, 7.767524139007311, 34.72381143254607, 38.48473733583046, 0.0, 87.87180263383173, 46.48550742089775, 84.99206448339932, 78.12367897901588, 82.18936174593223, 66.42064656763247, 13.532423993993367, 94.23666057100624, 17.557871463665425, 32.387658696057464, 39.19450931930907, 91.73673895679298, 29.819527937018968, 61.97207616658379, 56.55208774248432, 28.90221183116655, 60.0054452736488, 28.49647111213217, 30.052417286587875, 66.9824192070225, 51.76532841081489, 49.58902195525385, 95.56663130232216, 65.44387004946276, 78.6632392817161, 95.97727215672454, 24.845174316921412, 64.29316923828264, 70.58896181423503, 65.54826342730378, 87.32003033979893, 10.000808818582037, 59.52525908233652, 8.436240455263475, 50.77371280099722, 19.22057404698549, 27.712049695074946, 19.874167701420124, 79.25002377988162, 48.08220028359086, 55.00337620433542, 32.783946973807616, 26.843724577394497, 81.92151187034217, 31.56456468763486, 72.07985709342931, 97.64928230977355, 84.31067087753162, 25.372961661106036, 41.150413831566325, 49.45974806094458, 45.27873850199232, 68.79250812398597, 52.842053232046155, 79.14285730046501, 40.00049476844156, 64.34234957580973], [13.056102052258339, 47.57000149216288, 1.4631222339129248, 56.51276120457873, 87.3317748236153, 73.959935237861, 39.42754813469133, 47.02610570872949, 41.392369741600604, 58.18200329957206, 54.248309683732124, 52.95119596703563, 64.4070991210001, 80.23482140035665, 90.45565333305021, 56.85796187922459, 67.97937836878758, 87.87180263383173, 0.0, 41.703956857234985, 27.937505312280507, 25.59174588222174, 35.41115044937043, 25.6923063333757, 81.96521929939676, 15.582472335756846, 78.63873601425612, 80.31145564619966, 70.82096748663778, 45.717855414719395, 77.28218758854884, 28.163059057030974, 46.04678447985217, 84.40411788629741, 66.27335177356004, 91.08453442040125, 71.67184447666298, 38.57545664102451, 91.2181110473518, 51.92804518313516, 15.545266811785053, 31.9295594560886, 30.279447713472432, 23.738792694300187, 75.59070404169528, 30.366996056858035, 60.63731370295742, 50.50653396646905, 53.010557704393, 78.0583657725404, 39.474983981301065, 79.45414301872174, 37.909834703738085, 71.30713505710291, 70.89005707086716, 70.31642971527964, 47.396589131274006, 94.58972084534996, 45.854709759704804, 83.9750804182755, 75.91759486712192, 30.14860740135351, 85.85930313322, 54.15367382586042, 35.843271642547315, 33.23784340966682, 91.2300695057244, 71.25855378778681, 51.19466192017324, 62.890404635780655, 61.974359952741224, 37.20102020282629, 40.334899517632806, 64.38813077629226, 24.927787040196915], [32.72313510609108, 12.781066910250283, 40.32255397836877, 29.613435524995626, 61.94212475966575, 39.22677123994421, 59.30780499584235, 66.05293088825059, 2.594703697075321, 17.786352138552108, 45.20131901433233, 57.547613011402994, 26.551648430968672, 45.18845240920153, 49.87826504924575, 21.38232153546863, 31.855966857573254, 46.48550742089775, 41.703956857234985, 0.0, 41.401085682709386, 38.53032559010336, 46.804582301866844, 24.78304547477093, 40.384546666140665, 48.015621364752874, 37.29437927048017, 46.97977239682399, 35.06647411451605, 59.208856047797376, 43.028042580423254, 15.931002397881386, 30.25649742316287, 45.09643892688669, 49.44799358326051, 51.33580915457646, 32.50258742147278, 28.074088765679935, 64.18626514253893, 29.382865866953093, 51.3689450200234, 22.50821325111311, 41.21273043916679, 53.977893488461476, 39.27324113901913, 20.20611441286021, 52.393435026977755, 41.76466209449147, 59.593701684466666, 36.5511038423168, 20.496903208973723, 38.15509311173533, 10.486316866794722, 31.79014938933345, 30.9322678217169, 30.746936991498327, 43.87843989044668, 65.23914287551442, 28.49544108119061, 50.4892459543731, 36.11175815868473, 39.12918994820874, 51.73157885194198, 49.2226585564737, 59.50474698444856, 47.635580221016454, 50.92066904372606, 36.35134976324258, 21.081500194841485, 37.07803622284644, 52.0777927568391, 8.170950202117247, 46.68142777884525, 35.12720802048419, 20.65051952545137], [17.89378833683019, 52.772477199043045, 27.037913241969466, 67.41160406030144, 100.53565619293752, 80.39854087848833, 66.70232380211512, 74.42667122400351, 39.512421735257284, 58.87006937206049, 73.63772186251146, 77.23494525733634, 53.28509801821535, 86.47493640958804, 89.73229036105302, 62.28914972548938, 54.546214134541756, 84.99206448339932, 27.937505312280507, 41.401085682709386, 0.0, 49.38222491846198, 60.29349893607709, 42.099399064704244, 75.40523284672514, 17.520611401286224, 71.27370590347542, 87.97537143952812, 56.595310914081686, 71.9996721678057, 84.16123433640806, 26.210951250415814, 61.394245618152816, 72.44960472030057, 83.1147559053381, 79.26293218087949, 60.9120260968084, 19.612472669257812, 103.50741793413934, 64.72227166947047, 43.3226743369698, 19.617772472595767, 54.26362079610401, 51.66633321586609, 80.65084019523562, 21.294472969010002, 80.8601677597696, 69.65268509231522, 77.89132489790617, 75.10264898352054, 25.81278967854733, 77.2421279230309, 44.636088020447545, 72.86030979882752, 61.34701373382487, 71.81899442044909, 20.71095712565574, 105.4122486743453, 60.40296095689721, 91.56432335021864, 65.53850890965022, 3.81728338716512, 92.9375703176146, 75.19626351977185, 63.5286310887243, 58.795171513925546, 80.37329153687706, 56.236164237839915, 37.734402857192734, 74.8723051598502, 81.61088773992141, 33.46864498865878, 64.11869659938705, 74.40948951850379, 37.8606402047778], [31.48856102399502, 36.838376169227665, 25.472342518559554, 38.14223801291696, 64.8337495800612, 57.39187903692085, 21.131179340718244, 28.438928221372088, 39.8245833739728, 49.16813507775558, 29.45008948786374, 27.966973000072564, 65.0637161382388, 63.277062085561795, 78.59500487892966, 43.605457645304995, 70.19803304284714, 78.12367897901588, 25.59174588222174, 38.53032559010336, 49.38222491846198, 0.0, 11.002121280538015, 13.786848167090733, 76.11024424726791, 41.00197787448706, 73.88514968444358, 62.186777540644094, 73.38730612814618, 23.476480397192915, 60.03959154651436, 34.1940260205592, 25.222476663714506, 83.31533925279429, 42.384474618921494, 89.27652116100492, 70.91395472981273, 51.67284813406334, 69.16033801161214, 32.52346224536711, 21.17444153185126, 43.297440706333504, 4.900453626939853, 18.237843901008354, 60.04377315523367, 40.377100744645574, 35.3428469602719, 26.01649044344986, 28.510387949678083, 69.35104149879771, 48.46967328197917, 69.92217293944863, 29.3590741943955, 59.34575891469472, 69.11912023242337, 58.529801333113355, 65.08183573999388, 73.36882493156637, 25.876035692711337, 65.65422999468713, 74.26665699506948, 50.224256344972694, 67.81875889763954, 28.720526445591414, 20.979311718531164, 10.18733533123522, 88.49614527859909, 74.51414316766373, 56.545755797780586, 42.76065789243285, 36.855767730609315, 39.20087604060527, 14.96329411189876, 45.760130413222434, 18.629742753843438], [42.40637025602497, 42.56011090071541, 35.52135261613268, 39.363154456311634, 61.07501869770241, 58.574637626375115, 13.379151554211505, 19.31530221417291, 48.44721557957467, 54.69997101318822, 24.176911391583953, 17.54295396326874, 73.22861477049543, 63.96293663852798, 81.6516167263675, 47.53034569542539, 78.65509430615259, 82.18936174593223, 35.41115044937043, 46.804582301866844, 60.29349893607709, 11.002121280538015, 0.0, 23.09554721814113, 81.84426152936126, 50.99059834420835, 80.08738900357844, 62.13322333356619, 81.8671039628076, 12.830016314679035, 60.66941213369133, 44.58671156986609, 26.0687008791573, 90.54419762216885, 37.810883503087844, 96.1632764804807, 78.51784130010503, 62.40161080825933, 65.7218661414478, 33.54237184063718, 27.09931940832601, 53.994872411711064, 6.3392152240079795, 20.477997617215323, 61.736024584005094, 51.008375229321175, 28.373509667010236, 21.790553276197272, 17.719321099852294, 74.13087080648462, 58.789717218962885, 74.3245009118728, 36.78599142958258, 63.01288003822575, 76.4582855088912, 62.31927789446939, 76.04000499312338, 70.58476920097426, 27.39156682033668, 65.33780122093337, 81.51207119392504, 61.20588747306535, 67.62409428150518, 21.604733325257897, 15.865437007302543, 3.145717376875757, 95.08567089678971, 83.14827685095042, 66.05457713585044, 42.198343464420276, 30.312210603754842, 48.68267134216507, 5.887096321314007, 46.180883194356404, 28.385509938013683], [25.233241303337966, 24.718594839416262, 24.828669524137453, 30.883239749615132, 61.91232851698826, 48.91043583352217, 34.80164458526916, 41.877092816933775, 26.03785206757984, 36.78993236057091, 31.55881281122437, 37.23439476077759, 51.29162756856975, 55.11825211745575, 67.7328462521307, 32.88228915168258, 56.411469410845356, 66.42064656763247, 25.6923063333757, 24.78304547477093, 42.099399064704244, 13.786848167090733, 23.09554721814113, 0.0, 63.25059588726266, 38.7033697103871, 60.77199756104471, 54.887838181385106, 59.60153109434649, 35.90456675567371, 52.05928912662333, 21.87447465663301, 20.709660711604624, 69.72413559521695, 41.91123049188793, 75.79217459600474, 57.237898577138694, 40.144566093590676, 65.66626746431186, 26.24122846707683, 29.30132281704985, 31.75390757600405, 17.000078794379615, 29.91967647526282, 50.920151143656966, 28.641920765155767, 38.76103154139631, 27.577927749998793, 38.60022628902626, 57.202419288568336, 35.87765035419502, 58.05646485200539, 16.143995479574578, 48.30267337405902, 55.52494040919054, 47.39625307069075, 54.764133204798284, 68.9151853976664, 20.305566990572494, 58.52828306002933, 60.689986370766945, 41.99549178093458, 60.484750890561955, 33.218484280041636, 34.73425849478818, 23.355889807245457, 75.13452822327577, 60.73796368171476, 43.0344539160953, 37.20438749756203, 39.53891545590541, 25.649114696972728, 24.595679044098684, 38.779767886093715, 5.373794892850754], [71.89467681305172, 39.41752111444952, 80.55847132929685, 46.97278133240439, 63.21556729101185, 36.29047200332902, 95.18101319966208, 100.75834114984293, 40.5755730732886, 27.151792068924866, 69.79670244952115, 86.91958687672708, 23.362018964962385, 37.407232629343525, 21.17574329673754, 35.27485235299061, 25.45916226856147, 13.532423993993367, 81.96521929939676, 40.384546666140665, 75.40523284672514, 76.11024424726791, 81.84426152936126, 63.25059588726266, 0.0, 86.3860396717299, 4.422969594464936, 41.80386874542621, 25.867065988519307, 92.60572135247887, 38.393664060282724, 54.58144714273888, 57.63731464324237, 16.06122541318598, 65.66902870494343, 17.585686701818123, 16.99929449569086, 56.54304654254897, 62.3303719334872, 51.60738493753168, 91.48489534438971, 56.27902371241113, 77.4820968435143, 93.16779891723128, 32.627094483853426, 55.64218989152801, 74.88806472379027, 68.03308950057188, 89.58983002259882, 10.381604699542498, 49.59848993938769, 12.373971961455066, 47.10858511733949, 22.961837224739735, 15.101299487538423, 23.012764784726482, 67.55535622645728, 59.414814740516356, 55.87458186205942, 43.091112060874764, 13.401757084981249, 72.08487022052329, 42.359818382643574, 75.18151338392849, 96.58879032352074, 83.56011581392734, 15.116383347309382, 27.76480798852529, 38.3928618098033, 50.11314202013878, 73.39156856270745, 45.24642612872035, 79.68227844884471, 44.9505953742702, 60.20481883136332], [15.491791586211518, 56.79590303349338, 15.536431910185192, 68.43070901246467, 100.49826194901902, 84.37525861560172, 54.44157261900278, 61.86690337746609, 46.895095039681046, 65.67510051499731, 69.0015222628216, 68.52787595934576, 66.03894399747776, 90.65627980794403, 97.89364483600468, 66.48858000672975, 68.38861425598371, 94.23666057100624, 15.582472335756846, 48.015621364752874, 17.520611401286224, 41.00197787448706, 50.99059834420835, 38.7033697103871, 86.3860396717299, 0.0, 82.58569287296024, 91.32300778301243, 70.82443132455853, 61.13932047643255, 87.93068857042506, 32.26831611522147, 59.40924097525908, 85.92896313050196, 80.42650410873189, 92.7655759463766, 73.66291866342864, 34.617083237906634, 104.0980369050478, 64.48091748447152, 28.76847632588925, 30.940649692086648, 45.76490972891208, 37.83021069193772, 85.44253396411776, 30.915050176299502, 75.64598762533207, 65.15433930871735, 68.5896021545765, 84.23967045597713, 38.593695722905395, 86.02261133242764, 47.374271581559974, 79.51644923529575, 73.53146013617071, 78.48317810553999, 38.20825379069935, 106.96852167641954, 58.9226756349486, 95.00019494245785, 78.19641597008561, 20.98411978873159, 96.697280