instance_id,num_cities,city_coordinates,distance_matrix,best_route,total_distance
415,82,"[[17.805705624179136, 20.63938050410289], [41.2238577377578, 38.72602807395911], [70.93690802386364, 46.26653002510464], [93.24797124983381, 75.2249854154323], [24.416458027044975, 97.33670397170049], [86.70596758576093, 85.47212586227492], [39.405059238526476, 85.55882271150259], [42.3276749474965, 78.81839545012092], [8.063564523933142, 51.009028357739815], [16.553737328596686, 61.56311522198878], [17.003345782607504, 7.440237394548632], [5.046597891810045, 57.496955120635754], [66.82707691724481, 91.29620432792622], [29.767885557487283, 87.101739880394], [49.56018034243741, 73.60775801851854], [49.368687925486135, 37.23507010259737], [57.098009725838864, 60.6940267427459], [54.657796308179755, 30.123469497103795], [74.96883940969856, 50.30325774462069], [26.12319515153928, 94.98634775832576], [81.38111651586036, 37.70926901547076], [81.95086687648391, 77.78415519754212], [86.45650211909576, 24.166360622130668], [66.9576800501154, 74.34008884085853], [92.2990036843221, 72.62468863036834], [37.80226087878167, 34.30300677827219], [15.465772023627233, 80.14945703312873], [51.718645646922525, 1.054175363362464], [94.03516170957333, 77.10974228223299], [18.08144444203309, 58.11180159981604], [98.86850166652735, 36.0014582999618], [33.31649893537668, 21.086329973047967], [18.21519968032276, 41.94097972400631], [81.84670196227306, 6.828660282687215], [49.058232854117165, 57.028054792175794], [18.289273495745505, 68.21134809143564], [26.03800509998725, 46.85634508499821], [87.52304072427337, 11.959793748750569], [79.80984105430842, 91.3418481865802], [56.13297759101494, 51.93349588449472], [4.416886407722442, 8.166052544238012], [61.258975312782084, 20.973823430568515], [12.419357400787035, 41.920855628952935], [39.61006312527352, 34.03511709431364], [2.4256294841070725, 18.914924877296002], [79.30371564146196, 50.53834837350464], [36.541060831660864, 54.43157682323494], [54.69772510183064, 16.70037959038343], [98.87044472295233, 43.19696928468238], [45.27909962421673, 3.40171990459629], [54.367960037197314, 36.64696870259762], [85.13307986463663, 0.014412479025460723], [29.407002979478115, 7.321749636460706], [43.481166939620294, 97.98121509630151], [71.22464739690884, 69.22312416664639], [13.435319785335976, 3.3711536163353872], [70.11122983704541, 44.435077540715284], [57.47121967116031, 59.61530522301568], [81.42876830566837, 18.22071891057685], [36.269509250056316, 16.108318049804794], [14.844495226411514, 59.9808203854709], [64.44301042133344, 47.331760007230216], [17.186271573861788, 95.73729185864396], [53.769041223035394, 4.125195357752132], [21.015134126204583, 86.10127437741765], [8.928728788862472, 2.470734980655165], [65.40929645064183, 12.536644783212969], [56.796251244815146, 54.0893493302019], [35.733872205896475, 73.02221037304231], [96.00282079863341, 52.95140138376209], [88.70487409936278, 18.10509289184963], [60.222942299355545, 13.790193448953714], [5.063415105492009, 45.918675080699245], [1.120718683858346, 97.62027113950519], [26.82224865880776, 18.76381586567385], [34.6703858613421, 28.415763400818484], [89.69347651481169, 28.01971384017935], [32.81723988083552, 59.6949443593433], [20.45541550139006, 42.16476287398414], [82.40031677189249, 26.621674387025674], [98.66401787211616, 63.499602799521625], [45.015242600347385, 62.357106673185314]]","[[0.0, 29.589468882203587, 58.98877402530095, 93.11886869087053, 76.9816957102485, 94.60724585914217, 68.41831664896127, 63.13576450461899, 31.89396218676846, 40.94288079597041, 13.223507860694925, 39.003533644267264, 85.99698597232005, 67.53028181949274, 61.757555660357525, 35.66004437745691, 56.109356144230915, 38.05291752032905, 64.40162635463255, 74.81077577420403, 65.82715217778016, 85.90766547199449, 68.74133725888244, 72.79891940020256, 90.838998876364, 24.218936909173816, 59.556061805205886, 39.162070443109556, 94.86744296347372, 37.4734355866942, 82.5055776078767, 15.517231485367507, 21.305534837393946, 65.5132445007113, 47.967239598516365, 47.57442525156398, 27.479082708404047, 70.25554810619954, 94.03909690564643, 49.4803135990575, 18.29875379377806, 43.45455670814653, 21.9525381373829, 25.59054053414742, 15.47644950507835, 68.3809440980551, 38.63840145271637, 37.10170925089167, 84.14473683330344, 32.433382815011505, 39.91292181355376, 70.41565612951487, 17.66208912481315, 81.49226154579173, 72.20777997131626, 17.81269020186949, 57.46392834327448, 55.610032478911734, 63.66901938051744, 19.011643045768167, 39.45272688876069, 53.735661550609414, 75.10046596631209, 39.57372636540453, 65.54052167011443, 20.221285762568254, 48.288261365842, 51.37278522974877, 55.36587416504916, 84.6100201804396, 70.94444801514841, 42.96665370347514, 28.30916286210099, 78.76830779075075, 9.20954890362364, 18.571202719750968, 72.26562754017762, 41.841166675769564, 21.687854864024327, 64.87103844880201, 91.51538294077992, 49.806902926963964], [29.589468882203587, 0.0, 30.654926634717036, 63.55062764231405, 60.97294493646958, 65.22131533985349, 46.86809876177107, 40.10755956497028, 35.362086222367914, 33.61766485657815, 39.56556454551692, 40.75710775009532, 58.473483423907794, 49.713668053910254, 35.86403990760755, 8.2801699535274, 27.10316710003678, 15.952263776094528, 35.675706508587396, 58.25164016171522, 40.17012859768454, 56.42895150353098, 47.518165305874525, 43.93849035996115, 61.30081337944464, 5.591998072912336, 48.77888320156448, 39.10638131951406, 65.28662453846076, 30.189062727185675, 57.70899630151272, 19.330940802787698, 23.2321815530981, 51.64937119560027, 19.90833030312056, 37.35477547632914, 17.225335266289434, 53.479394584931725, 65.2480086640874, 19.91780762948374, 47.83999626742457, 26.768390051436892, 28.981134601127966, 4.9607437819586755, 43.56354353689811, 39.86986943577012, 16.388802530375145, 25.82003665502175, 57.819705173507614, 35.556317784632924, 13.307513408889628, 58.53724429589674, 33.553938078237614, 59.29816720511342, 42.77990474813175, 44.96854444439493, 29.446112011886555, 26.463912590640756, 45.132056652224215, 23.153971056264204, 33.876790915175576, 24.762626545875946, 61.87155846520793, 36.804880835756286, 51.505402360543805, 48.55328651190514, 35.648551764192085, 21.875353244260157, 34.732809581604464, 56.595901263501666, 51.765527936221815, 31.34902012223603, 36.86884568744936, 71.2516219341007, 24.61496009160911, 12.216773357363351, 49.63798050752438, 22.591296420873572, 21.05120162722894, 42.918715693367986, 62.55479199025253, 23.933292187642724], [58.98877402530095, 30.654926634717036, 0.0, 36.55647248938053, 69.08194362380131, 42.2580404705922, 50.379973723444216, 43.33719141645279, 63.0519517009212, 56.493493196615816, 66.45532435753374, 66.84052226849025, 45.2168362398689, 57.98622918213015, 34.706011504546204, 23.382801084213806, 19.991692465637374, 22.926139698222535, 5.705404576503749, 66.19584202471796, 13.502155643129607, 33.386643828295725, 27.005097454386476, 28.354170061009597, 33.927741688282396, 35.22826606443452, 65.00076670153831, 49.127371422131986, 38.53353170509645, 54.1665070789033, 29.758118571932922, 45.26961071896584, 52.89885552702176, 40.919056362512066, 24.38210086304227, 57.038131643407326, 44.90277681360645, 38.105799452195065, 45.94032267976582, 15.851525425400435, 76.65872200918768, 27.08105220329361, 58.67868963160051, 33.630026369062556, 73.76927267713666, 9.394248331379591, 35.351694348150005, 33.732303708816175, 28.101684569763364, 49.95713240909877, 19.158966501936558, 48.38170803546607, 56.93354839209816, 58.55105780853221, 22.958397342285654, 71.73873407862158, 2.008970549999025, 18.960869233674252, 29.944058730317145, 45.9493883233422, 57.74461475781275, 6.580685449629597, 73.05126415861014, 45.504150778108, 63.86697399049939, 75.9149916394348, 34.17981345963722, 16.16028081510505, 44.21674074015516, 25.942002396001836, 33.298155502525404, 34.197975070950804, 65.87441136229684, 86.66895072864527, 51.98559855412139, 40.42165878386728, 26.167826857461378, 40.415732219849474, 50.64785860289225, 22.74489158394358, 32.646154716680094, 30.509660686354362], [93.11886869087053, 63.55062764231405, 36.55647248938053, 0.0, 72.2959563879652, 12.157372219277528, 54.8256086798773, 51.04693106539538, 88.55956032785889, 77.90155463113648, 102.01967936085815, 89.96535622324146, 30.924872427661455, 64.58156529636491, 43.7177137876824, 58.0398584641171, 38.96111494982703, 59.35779932038168, 30.906620179617562, 69.97318777855773, 39.34782355200312, 11.583346545624256, 51.5083218396496, 26.305179210826214, 2.7680467501122856, 68.91179241705144, 77.93793002882991, 85.00584655665072, 2.042541864162704, 77.08999813630102, 39.624177487274444, 80.76370092366838, 82.08374896573197, 69.34007667310193, 47.789761074831546, 75.28610414612595, 72.95176011626486, 63.5236909046103, 20.984199025359633, 43.817989899856656, 111.30077318711551, 62.980032055951206, 87.42099220206195, 67.62862145785515, 106.86215738800638, 28.352642079910023, 60.399002724024825, 70.08031795767609, 32.51778013990958, 86.36894183486896, 54.771513082901876, 75.64708681513201, 93.20149493946528, 54.72276309306356, 22.82650065122756, 107.39195723147203, 38.513987460866716, 39.033806747890225, 58.21666392015223, 82.10557528133114, 79.8717072561746, 40.09685513857927, 78.77903828568857, 81.3250641703223, 73.04708358663851, 111.36837794238696, 68.59168948055098, 42.136006028711016, 57.55626644183246, 22.44330059622237, 57.30027795416226, 69.7487361974712, 92.92672257112187, 94.81022881534406, 87.17935700993968, 74.98290988991721, 47.33890680312214, 62.39435446413276, 79.94832385285115, 49.79913102250714, 12.91581040834203, 49.91971971375801], [76.9816957102485, 60.97294493646958, 69.08194362380131, 72.2959563879652, 0.0, 63.40939374241033, 19.062440904987632, 25.763141153048, 49.12912225672756, 36.62747641887586, 90.20160162771839, 44.298951118220366, 42.838630120444, 11.549556985612433, 34.57267198124255, 65.07549593080628, 49.09958875536825, 73.70317109576182, 69.04844913140967, 2.904673121347093, 82.46455793980087, 60.76602969768751, 95.93157049083237, 48.35907235144448, 72.24073440339977, 64.43932572473406, 19.378241335560425, 100.07864289670611, 72.49754396959163, 39.73317710938997, 96.46304558590262, 76.76802891246044, 55.74174261726453, 107.1911325197758, 47.24409238525094, 29.762875288397016, 50.50639611217602, 106.16806289529717, 55.7168303036839, 55.384013197508516, 91.38592857193292, 84.78596938461592, 56.69961790861518, 65.09943576618979, 81.44674319048288, 72.12972435221532, 44.58537797076183, 86.13461525648957, 92.05708558766709, 96.223859027266, 67.67818289299697, 114.70892113848127, 90.15318931073685, 19.07560013501445, 54.60201426266418, 94.6050212761996, 69.90417905827607, 50.15497174664301, 97.51790920388913, 82.08864417671761, 38.562734736590556, 64.05169254174734, 7.404979085398258, 97.72389410152313, 11.738989839271293, 96.12191128751668, 94.18844324222641, 54.025778035240776, 26.81936730526763, 84.22981907073238, 102.0325861448008, 90.8962250947236, 54.93954828135475, 23.297465138601456, 78.60971042998479, 69.67954567307413, 95.21519975059464, 38.56780007298136, 55.313948895192155, 91.44803597729076, 81.59442112475395, 40.59411475895997], [94.60724585914217, 65.22131533985349, 42.2580404705922, 12.157372219277528, 63.40939374241033, 0.0, 47.30098779959188, 44.874324350178895, 85.86228886388992, 74.11461529179995, 104.62997230274466, 86.31838064304269, 20.714492129542556, 56.96139769094917, 38.99452184933438, 60.99906557310375, 38.60809972806388, 63.957478402974715, 37.07572605490382, 61.325302560231854, 48.05876125208523, 9.03968338478505, 61.306272800576764, 22.669739937562536, 14.012091072626806, 70.78030289222491, 71.43875885817039, 91.38108700868445, 11.119646830915144, 73.87768621478975, 50.94383362416598, 83.64189186681251, 81.1538413902133, 78.79344605211406, 47.18492459954839, 70.56045974525004, 71.91509019123828, 73.51687276593573, 9.055948393307622, 45.38223681139235, 112.90580965114022, 69.33671777862656, 86.11163447357218, 69.74087817017136, 107.39197546131632, 35.70941253341745, 58.99180921358999, 75.85565682396732, 43.99049178721713, 91.9333286853108, 58.56315141689478, 85.47218701119608, 96.90537987742661, 44.99845224408769, 22.443291445202473, 110.04161700385201, 44.26538891611215, 39.02877988358165, 67.45813938454509, 85.762312023957, 76.24878926622559, 44.162504109955016, 70.27347840060202, 87.76197479963213, 65.69384619936082, 113.74765827547043, 75.98113319549545, 43.352852206721906, 52.47051460680592, 33.823497753322926, 67.39668210296772, 76.41760309528385, 90.71924737465581, 86.44311576567165, 89.64406514167548, 77.22130705143346, 57.53003438863729, 59.73657221410244, 79.14962628138882, 59.007747523284024, 25.01572977936534, 47.669913592551914], [68.41831664896127, 46.86809876177107, 50.379973723444216, 54.8256086798773, 19.062440904987632, 47.30098779959188, 0.0, 7.346770872178846, 46.647374854670865, 33.1357343506002, 81.26715288284262, 44.3618335824969, 28.015791999949183, 9.759903173114703, 15.682934417097686, 49.340236752758685, 30.51718492119459, 57.49542915850902, 50.077313438297416, 16.28760701065932, 63.651937703886496, 43.25033181975266, 77.34903152941504, 29.749065586124537, 54.452375370259766, 51.28087001566174, 24.542834176186897, 85.39707157549702, 55.279607958969336, 34.756805317730205, 77.40693349310786, 64.75934593921696, 48.492539374405574, 89.44121820032308, 30.11956970010068, 27.327848126570434, 40.94581676768349, 87.9326856551231, 40.81653803578079, 37.556435622015776, 84.93416928540157, 68.18222480895487, 51.3078968071491, 51.52411345302633, 76.21605699259312, 53.08800623133136, 31.258725557245672, 70.53616673927688, 73.01136005147941, 82.36682519119752, 51.149368157380955, 96.99947418622583, 78.87332078915239, 13.074038647366264, 35.76787996956884, 86.19304101006821, 51.322814904262614, 31.61411476624152, 79.37513683304132, 69.52125050295558, 35.46061910886045, 45.696907142923756, 24.439225836076815, 82.69074701827763, 18.3979237808689, 88.50105671937547, 77.51424915700824, 35.95526824119091, 13.063087810827309, 65.31883755287983, 83.5492514143333, 74.72697238186183, 52.44701922847345, 40.139373062956196, 67.96984670881191, 57.338873021476275, 76.41775946636861, 26.689690281171515, 47.3511713365839, 72.95327013220079, 63.231585156965906, 23.87035367303889], [63.13576450461899, 40.10755956497028, 43.33719141645279, 51.04693106539538, 25.763141153048, 44.874324350178895, 7.346770872178846, 0.0, 44.1292438321455, 31.016778622776204, 75.737461635956, 42.94743908728235, 27.493934081290448, 15.045334973736022, 8.9140269649281, 42.17521559772057, 23.380665741274026, 50.23174002897966, 43.34234298941583, 22.890780836353574, 56.70213024705211, 39.63668744410193, 70.24384882949352, 25.033824746562328, 50.35370592014993, 44.74482317653161, 26.894861100759297, 78.32920436452349, 51.73570993905935, 31.884835307800294, 70.92358700032133, 58.431093412415635, 44.06081313533319, 82.12353782973479, 22.806125399192, 26.27459225230596, 35.87375095084835, 80.70126212866275, 39.51897828260455, 30.222246867712286, 80.18092943959883, 60.86368905715334, 47.496693604181395, 44.86565985595222, 71.97637820029358, 46.550925319024785, 25.063954709227772, 63.33771416124314, 66.82791943446983, 75.47440531704298, 43.856558220669754, 89.67926417087189, 72.65475983518982, 19.197505061021307, 30.448386619746646, 80.7901880623021, 44.205638472482576, 24.45578911153657, 72.11777800095953, 63.002025198967054, 33.319354764127425, 38.477217605147224, 30.304112250289474, 75.56440301021162, 22.5225380836374, 83.33339584865217, 70.18569457292999, 28.650749066515047, 8.779179690772976, 59.582905805019806, 76.39993264855708, 67.44559028653481, 49.70932168073276, 45.29374983319935, 62.02395322340109, 50.9809708974467, 69.45520291110303, 21.357779771749176, 42.68353914923442, 65.80512375586648, 58.381923078915435, 16.67924003323642], [31.89396218676846, 35.362086222367914, 63.0519517009212, 88.55956032785889, 49.12912225672756, 85.86228886388992, 46.647374854670865, 44.1292438321455, 0.0, 13.545175664832147, 44.47650205386205, 7.15508779401382, 71.2475047735123, 42.11604654505353, 47.25115561200063, 43.541189065434665, 49.981756771608836, 51.061032152564145, 66.90899730005057, 47.54108623145587, 74.51407268866213, 78.58906327361815, 82.86121816605988, 63.347101171862995, 86.96462487451596, 34.10984048481492, 30.065881980310436, 66.3419433356051, 89.84632875091897, 12.280362607912855, 92.03675227054462, 39.154547309474914, 13.611950718842678, 85.99916449298844, 41.43418287742902, 20.01211953283571, 18.447907534075735, 88.53615691671013, 82.30592051194604, 48.07830189203606, 42.99789341164925, 61.08899462269421, 10.078085886432834, 35.82311038398308, 32.585545717798475, 71.24170597968512, 28.682427267497935, 57.894976578689054, 91.14229401567619, 60.4272444428272, 48.48057138057123, 92.41299174612061, 48.62222421050237, 58.82850404249627, 65.7348893345302, 47.93978373403605, 62.39494851470473, 50.15161401818596, 80.35873544511793, 44.87354340690645, 11.24606924132485, 56.49924089949835, 45.64911105076562, 65.47583063285957, 37.40600066657857, 48.54600326664647, 69.05546515747656, 48.82994094128129, 35.35853658811909, 87.96070490349443, 87.09586545401422, 64.07684731544384, 5.908687926947094, 47.12548208792902, 37.30471765246969, 34.905279874174475, 84.80537196207499, 26.233367691964897, 15.224289888026043, 78.23487565317271, 91.45740318192935, 38.654953034720364], [40.94288079597041, 33.61766485657815, 56.493493196615816, 77.90155463113648, 36.62747641887586, 74.11461529179995, 33.1357343506002, 31.016778622776204, 13.545175664832147, 0.0, 54.12474528425912, 12.204421984980922, 58.40775000954198, 28.754739832904, 35.13543368911093, 40.84941568746656, 40.55358601907514, 49.400107631723074, 59.49040713893455, 34.76617603653201, 69.07673321121578, 67.37882969443477, 79.27744811708968, 51.99815858981387, 76.54870202406282, 34.56317788378196, 18.618157009364438, 69.98501682396825, 79.02574730463053, 3.774315135629153, 86.19233569528367, 43.810504685230576, 19.69235025707665, 85.19995180841916, 32.81933884877385, 6.871032387776615, 17.49972636990977, 86.58597765022361, 69.91500264989229, 40.73384131573242, 54.75901252658936, 60.38252157165772, 20.072654515725716, 35.90800523782673, 44.92740334075268, 63.71110784100758, 21.221497137314373, 58.88657615786415, 84.34071159788967, 64.86828457945096, 45.2849842269092, 92.1486246886906, 55.74344964634892, 45.29199116744646, 55.20492862715891, 58.27545729968968, 56.22966013238624, 40.96381726653543, 78.02136221761003, 49.54644536617538, 2.3291984701938855, 49.95912277651957, 34.18002996436284, 68.44043747877343, 24.94043536353894, 59.5822973526313, 69.21315236869223, 40.93063770456396, 22.34252527339536, 79.91444474849568, 84.22817962036619, 64.72442751782883, 19.410719000726495, 39.22112386646933, 44.01388815283345, 37.77512259166697, 80.46478251066569, 16.370448302924288, 19.78684326468953, 74.5431171336797, 82.13311241559894, 28.472578119279365], [13.223507860694925, 39.56556454551692, 66.45532435753374, 102.01967936085815, 90.20160162771839, 104.62997230274466, 81.26715288284262, 75.737461635956, 44.47650205386205, 54.12474528425912, 0.0, 51.46492795713654, 97.54090103391675, 80.67768250245439, 73.74339470135355, 43.99144721563734, 66.65994416936475, 43.95892017555888, 72.09186476269721, 88.01984487795153, 71.13867892962064, 95.74156499720394, 71.43881384321088, 83.49266815504369, 99.59140917652985, 33.97356690341739, 72.72547527184395, 35.29778793260943, 103.864048526432, 50.68303183243868, 86.70436602332265, 21.2681642002002, 34.52201922183928, 64.84624019329667, 59.04631588361506, 60.784714405981305, 40.43828154665125, 70.66437408131783, 104.8052295537381, 59.25181968948034, 12.607369560187829, 46.27870672465267, 34.78399033048681, 34.904889274371996, 18.55204207914278, 75.75475730608916, 50.891141573362404, 38.81515768032583, 89.33513174765633, 28.562700832167984, 47.425178461391845, 68.53322947128646, 12.404223119820799, 94.33315247786469, 82.20142727862387, 5.411862185174679, 64.72299086244426, 66.02943676849706, 65.32115927471239, 21.126302965745932, 52.58491700811154, 61.98270208205569, 88.29724394838449, 36.91484613165857, 78.76327307149005, 9.481318148726423, 48.67349821358031, 61.31569920916912, 68.20430924688998, 91.17117472348802, 72.49033249845645, 43.683583472093666, 40.28836198384466, 91.56798747269389, 14.987804478441268, 27.42438689165753, 75.54713731599102, 54.59517970046927, 34.895693933711954, 68.15197238282799, 99.05108689821905, 61.648429782879106], [39.003533644267264, 40.75710775009532, 66.84052226849025, 89.96535622324146, 44.298951118220366, 86.31838064304269, 44.3618335824969, 42.94743908728235, 7.15508779401382, 12.204421984980922, 51.46492795713654, 0.0, 70.42170713344508, 38.56922794820736, 47.33938099091737, 48.73388604900596, 52.14950374521868, 56.661968934110604, 70.29131625473818, 43.00787732952781, 78.8575377181029, 79.53513107443466, 87.96875033737612, 64.16130646682423, 88.55411135414707, 40.13592776334306, 24.933813035406885, 73.23979402199025, 91.12423338823895, 13.049339476801958, 96.25282339484862, 46.09686462929124, 20.381374919395423, 92.00832618311907, 44.01413272544859, 17.03427937670958, 23.534267749603433, 94.21250812978977, 82.06716343836965, 51.388425442345834, 49.334921562269024, 67.03559147026154, 17.232888851031692, 41.77428602044818, 38.670952058258926, 74.5824493050938, 31.643289019566417, 64.26192502735371, 94.90734338870789, 67.41623445971113, 53.547350051228634, 98.58035962263692, 55.7761649937899, 55.8228573585067, 67.20890771910315, 54.772009671819106, 66.36278306461966, 52.46740298379728, 85.88864120452736, 51.8448596513277, 10.10783749539164, 60.25997853526773, 40.12100485958645, 72.26632150837227, 32.75975014576691, 55.16299342127342, 75.26675815352857, 51.861723837327176, 34.39102143700251, 91.06973451290251, 92.46851349443686, 70.38970093703547, 11.578292253258603, 40.3149229926772, 44.43461536764462, 41.51246229156445, 89.63259348096213, 27.85748935521827, 21.737244057460163, 83.28793901254886, 93.80966422989614, 40.26305543486534], [85.99698597232005, 58.473483423907794, 45.2168362398689, 30.924872427661455, 42.838630120444, 20.714492129542556, 28.015791999949183, 27.493934081290448, 71.2475047735123, 58.40775000954198, 97.54090103391675, 70.42170713344508, 0.0, 37.295806684408085, 24.718957303371305, 56.81022425511611, 32.11149360228833, 62.3714267691888, 41.793659400263905, 40.87081048050621, 55.528188380491535, 20.280643343668743, 69.94090541106542, 16.956618459736966, 31.58234556950289, 63.95830292464394, 52.55695592049848, 91.49802449829842, 30.684451819128743, 58.96898566051329, 63.90744743972351, 77.79707766752333, 69.27519616862129, 85.7925121064049, 38.601008949822784, 53.74782738347242, 60.3212190629852, 81.99139565521111, 12.982844372496263, 40.789540036654785, 103.95024778716939, 70.54247664032415, 73.47193343125484, 63.400299296830966, 96.88444687561274, 42.6247502732393, 47.70999404103809, 75.57551351950109, 57.795448195139635, 90.49726911605588, 56.051481228093955, 93.09927640457772, 91.934601615697, 24.28416936311888, 22.50687659205288, 102.86639039194753, 46.97606692953012, 33.033489565963706, 74.52003730798853, 81.1602315466542, 60.686424105458265, 44.02903743536197, 49.83906914856196, 88.14361633759655, 46.105546298468624, 106.0291597663508, 78.77231951090887, 38.53527633860119, 36.06558240601346, 48.18244435330323, 76.39094712588705, 77.78686467793008, 76.64117745037265, 66.00999419278439, 82.8331676324534, 70.62579295733435, 67.28139771884594, 46.425301795950425, 67.5590817122969, 66.52308338198725, 42.26395468827864, 36.238480781324355], [67.53028181949274, 49.713668053910254, 57.98622918213015, 64.58156529636491, 11.549556985612433, 56.96139769094917, 9.759903173114703, 15.045334973736022, 42.11604654505353, 28.754739832904, 80.67768250245439, 38.56922794820736, 37.295806684408085, 0.0, 23.954592030401773, 53.580558117634105, 38.00398663584951, 62.1774151364365, 58.28597186842269, 8.686242544619217, 71.43907745838165, 53.00830994910956, 84.7021912942665, 39.31845052464288, 64.18508975679663, 53.4065296007194, 15.902348515983475, 88.80326135799659, 65.03939421619904, 31.256830092904465, 85.94261995220059, 66.11071775544913, 46.61500626278207, 95.68683517717135, 35.72875639607282, 22.104421204915308, 40.417864991418234, 94.77325580980292, 50.22126868562777, 43.95365131239372, 82.90666977464934, 73.24336193793356, 48.39714589669454, 53.97161210484618, 73.46455408868286, 61.568498930820795, 33.36488359751967, 74.6849946802608, 81.87058424292977, 85.12514966666926, 56.13241130586743, 103.19645020339391, 79.78080646093522, 17.504772698869914, 45.147624544934615, 85.30863837164797, 58.719924240985826, 39.02536112822184, 86.10134642481327, 71.29051166779318, 30.955643317878987, 52.76377150503151, 15.260071048393492, 86.37802043459807, 8.809743971334644, 87.15892062873966, 82.64540868860368, 42.66556552497969, 15.291374949211853, 74.52054928563906, 90.7419743781618, 79.3857249215477, 48.02453213316466, 30.517202849121713, 68.40137889970148, 58.89039263403316, 84.15320702505142, 27.57591344855157, 45.89176397808562, 80.17487846963797, 72.82676652645743, 29.065078175565787], [61.757555660357525, 35.86403990760755, 34.706011504546204, 43.7177137876824, 34.57267198124255, 38.99452184933438, 15.682934417097686, 8.9140269649281, 47.25115561200063, 35.13543368911093, 73.74339470135355, 47.33938099091737, 24.718957303371305, 23.954592030401773, 0.0, 36.37319199045841, 14.95270300902612, 43.78206295673872, 34.47752439796711, 31.722805268471593, 47.97159046409655, 32.658825262765, 61.691087988090004, 17.41290626265486, 42.750128024027546, 41.025749721016204, 34.71631467491192, 72.5856826693063, 44.61264239417332, 35.08611519130796, 62.01245302615938, 54.975972838956054, 44.556623079651494, 74.17457362681519, 16.587299670369223, 31.733119215034655, 35.6220552758576, 72.3992421712918, 35.064796124778105, 22.648958093592015, 79.50178490234386, 53.918390869598134, 48.82110723681799, 40.804396115508894, 72.20091330191148, 37.641407431893136, 23.17808012045499, 57.13881417843518, 57.9337401234401, 70.3364446056909, 37.27217048213371, 81.73990266761825, 69.28192740570326, 25.120107760002924, 22.103713415832665, 78.9821888036714, 35.684603424864214, 16.073993856381065, 63.90094678418193, 59.015485550841404, 37.29439934266313, 30.198124157743976, 39.21461764364551, 69.6099204411236, 31.159390470561966, 81.92307917821455, 63.09417844152391, 20.81655590697924, 13.838701627381843, 50.829164088795906, 67.91798646519655, 60.760476656984494, 52.408467164087796, 54.064611643463294, 59.37062849687532, 47.581743948866425, 60.736737100915434, 21.7690707017015, 42.84564482082024, 57.32509586325054, 50.13343856222533, 12.133985939242006], [35.66004437745691, 8.2801699535274, 23.382801084213806, 58.0398584641171, 65.07549593080628, 60.99906557310375, 49.340236752758685, 42.17521559772057, 43.541189065434665, 40.84941568746656, 43.99144721563734, 48.73388604900596, 56.81022425511611, 53.580558117634105, 36.37319199045841, 0.0, 24.699495179816463, 8.862817309182024, 28.742743158260915, 62.254019992066766, 32.01594054315411, 52.01756133491759, 39.32298474358924, 41.06281845571468, 55.63665258347693, 11.932276813944162, 54.690513914863494, 36.25712958059607, 59.87556564858453, 37.612890380823394, 49.51518311061138, 22.769597693984636, 31.506910594445813, 44.490124228979816, 19.795419300262996, 43.880061523855645, 25.23667358014921, 45.766737181687425, 62.08226186634771, 16.18021431085276, 53.531974010871544, 20.144653818843814, 37.245262950104994, 10.269881072658475, 50.39125377391262, 32.757947083256525, 21.45385420504142, 21.214903998351513, 49.85948423211813, 34.07961734078684, 5.033744620420747, 51.61849556804551, 35.96214130434218, 61.030787599007255, 38.74169029896598, 49.3758218735049, 21.956619777683144, 23.801805493173475, 37.27457988009037, 24.85816031549822, 41.34354892185332, 18.14327274058137, 66.7698874690002, 33.4010017029818, 56.49628247307267, 53.32869107190327, 29.450183957226923, 18.418344799267476, 38.29657436956563, 49.21123263818609, 43.7411884931081, 25.83557778175724, 45.14822471670205, 77.29320177226995, 29.146683459547873, 17.141185906140297, 41.36437314667161, 27.89975598466064, 29.330516413630658, 34.69485081192972, 55.85566428156523, 25.496454805578963], [56.109356144230915, 27.10316710003678, 19.991692465637374, 38.96111494982703, 49.09958875536825, 38.60809972806388, 30.51718492119459, 23.380665741274026, 49.981756771608836, 40.55358601907514, 66.65994416936475, 52.14950374521868, 32.11149360228833, 38.00398663584951, 14.95270300902612, 24.699495179816463, 0.0, 30.667794375090043, 20.672073770232167, 46.21041461129539, 33.4360339029186, 30.16184674637487, 46.863540922811886, 16.835323272481745, 37.167871458316526, 32.692688147871216, 45.95385711643145, 59.88196247993614, 40.42064959080763, 39.101921349650546, 48.52315873135939, 46.19880841404039, 43.168850917330964, 59.278794448690945, 8.836139569372923, 39.53009142458979, 34.003019292690624, 57.45178828172996, 38.14598591655484, 8.813523015208728, 74.39414511544372, 39.93755357775978, 48.46250021666866, 31.883000798975925, 68.80815732149891, 24.417845489531086, 21.48968186903261, 44.05907802079863, 45.288887657778105, 58.498675701479854, 24.201532424388166, 66.84295583590851, 60.128128343871566, 39.6957532083487, 16.50173914337756, 72.05790918634156, 20.82540100014697, 1.1414577435962778, 48.94862297630179, 49.21089159648987, 42.25953325418272, 15.247924695770397, 53.11287294333738, 56.66669847058776, 44.130512617782, 75.56607260933242, 48.869324982224114, 6.611567280504573, 24.665978261429622, 39.66777750340213, 53.03594217210018, 47.007816171790765, 54.091681930228184, 67.05970949570084, 51.71812344221016, 39.30501999208447, 46.1527375011045, 24.301315805421915, 41.06109266709556, 42.43974477898199, 41.66058437212258, 12.196683822412057], [38.05291752032905, 15.952263776094528, 22.926139698222535, 59.35779932038168, 73.70317109576182, 63.957478402974715, 57.49542915850902, 50.23174002897966, 51.061032152564145, 49.400107631723074, 43.95892017555888, 56.661968934110604, 62.3714267691888, 62.1774151364365, 43.78206295673872, 8.862817309182024, 30.667794375090043, 0.0, 28.63149185051969, 70.8619533988349, 27.779132406450113, 54.92224196518562, 32.35189078550845, 45.895496143474006, 56.77335748876867, 17.365989937126265, 63.55009202570423, 29.217502768777774, 61.304867149300954, 46.05622921742382, 44.59974462538041, 23.175868146234855, 38.31078695281056, 35.80341781175723, 27.48111753142288, 52.662661795385084, 33.152399222989665, 37.55054469939002, 66.18395005044196, 21.85985843586174, 54.82952842098742, 11.282357350911514, 43.85503438463472, 15.5478378197322, 53.42125722623889, 32.00294704118311, 30.316665154743998, 13.423149293383446, 46.10503960028783, 28.31981378424749, 6.529934681760268, 42.840380744857335, 34.022360181681236, 68.77201961443028, 42.46461527287875, 49.142435589425354, 21.062543356039278, 29.62572742572809, 29.297788537966262, 23.120414594523975, 49.765051442740464, 19.79585000754373, 75.55983622802759, 26.013460819857315, 65.3095962160921, 53.43988531446777, 20.612888172948576, 24.061096934481572, 46.887278361725116, 47.228439783017635, 36.10602279876017, 17.255339937775005, 52.04893050107324, 86.15124440486217, 30.064255247162176, 20.060230220055928, 35.09878452888964, 36.76250849145187, 36.26011030100099, 27.962653856036038, 55.23145671223081, 33.645002713741846], [64.40162635463255, 35.675706508587396, 5.705404576503749, 30.906620179617562, 69.04844913140967, 37.07572605490382, 50.077313438297416, 43.34234298941583, 66.90899730005057, 59.49040713893455, 72.09186476269721, 70.29131625473818, 41.793659400263905, 58.28597186842269, 34.47752439796711, 28.742743158260915, 20.672073770232167, 28.63149185051969, 0.0, 66.20026809739912, 14.132439626482121, 28.353984417801474, 28.550022516917604, 25.336691248734574, 28.259173211059228, 40.46433726976075, 66.56884136231217, 54.46139573498451, 32.89547475425684, 57.420806885184746, 27.852025480128585, 50.87775874975361, 57.36639535674029, 44.015288454913694, 26.76905727531217, 59.44133992486909, 49.052092240061356, 40.34636541064709, 41.323131565577235, 18.906278503323794, 82.17738213457645, 32.3755477287755, 63.10865522899294, 38.921657988197154, 79.04267674173497, 4.341246312811141, 38.64889629546416, 39.24374466754114, 24.935638596723628, 55.508872266412176, 24.71619835896343, 51.30574765241005, 62.63617946639135, 57.13721322230916, 19.286791315714854, 77.38860662442521, 7.617867789994701, 19.82122409828328, 32.726441593593954, 51.64234750219137, 60.898210007667245, 10.937224268324398, 73.50562292489812, 50.81185775939285, 64.74951975621235, 81.54291167708907, 38.957693927680324, 18.562797475188635, 45.33799135400565, 21.20002447648546, 35.00572051653673, 39.37823441761112, 70.04279343578405, 87.70658294193174, 57.55719412001622, 45.85878069725597, 26.70901096668387, 43.18519561505779, 55.11758780068589, 24.8202386392138, 27.122039104275096, 32.28797354758938], [74.81077577420403, 58.25164016171522, 66.19584202471796, 69.97318777855773, 2.904673121347093, 61.325302560231854, 16.28760701065932, 22.890780836353574, 47.54108623145587, 34.76617603653201, 88.01984487795153, 43.00787732952781, 40.87081048050621, 8.686242544619217, 31.722805268471593, 62.254019992066766, 46.21041461129539, 70.8619533988349, 66.20026809739912, 0.0, 79.58706944485834, 58.41784281472967, 93.03536159768628, 45.75721980430123, 69.85185347521205, 61.79699384891386, 18.267840433909875, 97.35697251300864, 70.22541011006918, 37.7412494344041, 93.65413394172721, 74.24928449480805, 53.63159015234567, 104.2923154999363, 44.34915962363593, 27.89750769640688, 48.13007806641706, 103.2634964886455, 53.8102065171448, 52.47985419696494, 89.49261142878359, 81.92909620462099, 54.80640130524419, 62.425540664046714, 79.67707322502955, 69.30939625254389, 41.871486371118266, 83.33784598771544, 89.2989476023751, 93.56651503220832, 64.81704939330417, 111.81160487421977, 87.7260802596294, 17.614437685259507, 51.94116560567558, 92.48959930166686, 67.01028365935458, 47.26319171741871, 94.61325591214512, 79.52792755054091, 36.777656513877666, 61.15037183891866, 8.9684179248656, 94.97390073367063, 10.2487470659913, 94.09988459676829, 91.33099843956417, 51.12143239905562, 23.97474597410271, 81.5481379143047, 99.13220410024442, 88.06593115488168, 53.396168753821534, 25.14083097065136, 76.2257374115355, 67.11704083710582, 92.33477530666686, 35.92065406848168, 53.12479229000668, 88.54853461823394, 79.079618544091, 37.70380392745849], [65.82715217778016, 40.17012859768454, 13.502155643129607, 39.34782355200312, 82.46455793980087, 48.05876125208523, 63.651937703886496, 56.70213024705211, 74.51407268866213, 69.07673321121578, 71.13867892962064, 78.8575377181029, 55.528188380491535, 71.43907745838165, 47.97159046409655, 32.01594054315411, 33.4360339029186, 27.779132406450113, 14.132439626482121, 79.58706944485834, 0.0, 40.078936088416874, 14.462707449572875, 39.36816582673624, 36.58260224625411, 43.711775084820225, 78.39644251178701, 47.153558388476, 41.38263105953239, 66.50647953778142, 17.57057929744423, 50.857935128809984, 63.30750686288939, 30.88411833799337, 37.656132197781616, 70.07822403308484, 56.09392999078837, 26.471847489235138, 53.65559108910643, 28.979253772134253, 82.43964068095227, 26.172040530341615, 69.09024303075117, 41.9323299340616, 81.16154449002005, 12.996186808740562, 47.856725464449845, 33.96140180012982, 18.3300697047253, 49.80324838441349, 27.034036045242402, 37.88112245266438, 60.20556296474989, 71.19770826544988, 33.110072960558306, 76.1297409854393, 13.124284592753328, 32.427728712484104, 19.488608361913183, 50.016579178560875, 70.16511934745135, 19.480548528107253, 86.53455698283241, 43.47777254441291, 77.3681976836667, 80.567380299139, 29.812078876424724, 29.541879282003833, 57.71199823621443, 21.121478055888467, 20.9275212729044, 31.93415901715155, 76.75796959603575, 100.1551777775732, 57.75465571617995, 47.62627011312691, 12.766472036047501, 53.30872380903594, 61.08839881375085, 11.134339846017827, 31.045772594393977, 43.93168203973117], [85.90766547199449, 56.42895150353098, 33.386643828295725, 11.583346545624256, 60.76602969768751, 9.03968338478505, 43.25033181975266, 39.63668744410193, 78.58906327361815, 67.37882969443477, 95.74156499720394, 79.53513107443466, 20.280643343668743, 53.00830994910956, 32.658825262765, 52.01756133491759, 30.16184674637487, 54.92224196518562, 28.353984417801474, 58.41784281472967, 40.078936088416874, 0.0, 53.80677135891437, 15.383668102231995, 11.563045907178589, 61.96539098076386, 66.52715603696568, 82.47106768938279, 12.103099371374562, 66.8304168637627, 45.07771208617798, 74.69903031645246, 73.12296835445407, 70.95557137351057, 38.89397224464231, 64.37730273679692, 63.89661611067675, 66.05978868821141, 13.725706931019413, 36.53518843630039, 104.20267916122057, 60.46129482534761, 78.23558695322286, 60.88285470685692, 98.94366912952074, 27.37410088302163, 51.06264193866791, 66.88767733308629, 38.5038380408165, 82.93108701514608, 49.52862669633197, 77.83482101223233, 87.89657689968014, 43.44926974974838, 13.723812758704321, 101.15174243444343, 35.388387725166446, 30.485410226761864, 59.565724449795944, 76.7508652880721, 69.4278319297697, 35.126534279388935, 67.20690381712747, 78.86607421344847, 61.50071542076334, 104.90159157826469, 67.31167185132965, 34.5571774406987, 46.46166930807252, 28.532841972120814, 60.060029064706804, 67.58202310310912, 83.22913590151897, 83.22850685014608, 80.7623984378818, 68.35701861270718, 50.363157442935645, 52.35773916524966, 71.06638902692379, 51.16445492619799, 21.985855758068556, 40.02791734328412], [68.74133725888244, 47.518165305874525, 27.005097454386476, 51.5083218396496, 95.93157049083237, 61.306272800576764, 77.34903152941504, 70.24384882949352, 82.86121816605988, 79.27744811708968, 71.43881384321088, 87.96875033737612, 69.94090541106542, 84.7021912942665, 61.691087988090004, 39.32298474358924, 46.863540922811886, 32.35189078550845, 28.550022516917604, 93.03536159768628, 14.462707449572875, 53.80677135891437, 0.0, 53.82942564661566, 48.8092652873778, 49.69896161858414, 90.40901970075089, 41.723995251137325, 53.483060334984536, 76.33768057460986, 17.150139060930258, 53.229188676561314, 70.51817101114328, 17.940069970492875, 49.78475155849852, 81.15868394299734, 64.53859447627593, 12.253072244569303, 67.50351274438741, 41.11605453449467, 83.58533606235778, 25.39896948449688, 76.13619960956198, 47.874640476030336, 84.1948046685769, 27.324788971797016, 58.374091775538105, 32.62454276152812, 22.72157646465213, 46.11668657171237, 34.43022089676429, 24.188179873046277, 59.48433635285669, 85.41377040519451, 47.56176341752068, 75.9245263655564, 26.038218285821355, 45.79054784454112, 7.786447370967696, 50.82977772265419, 80.068439845783, 31.9566823277796, 99.6030272524464, 38.34212311525808, 90.10275349097739, 80.50624702170063, 24.046520682713588, 42.132122367009025, 70.42499016822815, 30.326733618707966, 6.464838981737759, 28.211070628772728, 84.24961601045148, 112.59517265318351, 59.87847422581332, 51.96016994811601, 5.032527621540359, 64.33856320929914, 68.41115346445646, 4.7414349362771375, 41.184067077518314, 56.35522224635796], [72.79891940020256, 43.93849035996115, 28.354170061009597, 26.305179210826214, 48.35907235144448, 22.669739937562536, 29.749065586124537, 25.033824746562328, 63.347101171862995, 51.99815858981387, 83.49266815504369, 64.16130646682423, 16.956618459736966, 39.31845052464288, 17.41290626265486, 41.06281845571468, 16.835323272481745, 45.895496143474006, 25.336691248734574, 45.75721980430123, 39.36816582673624, 15.383668102231995, 53.82942564661566, 0.0, 25.399316554107376, 49.527834670440086, 51.81858113651586, 74.85354556580961, 27.218761786745517, 51.49993897078477, 49.8813705503953, 62.9896174011683, 58.528041690845235, 69.13375412536035, 24.90174156208917, 49.05