instance_id,num_cities,city_coordinates,distance_matrix,best_route,total_distance
1572,24,"[[49.856648457663, 12.96534443118087], [47.491629648622144, 7.5922889249142695], [96.46650030931228, 71.6626195058549], [39.33010863947419, 34.45379688387516], [34.06325482137819, 61.808525917445365], [26.796551241362753, 92.39261093346059], [86.04418595742287, 18.865890377473438], [96.068741447746, 83.45497998479146], [0.7390742213572499, 96.02573906110548], [9.118626098306038, 92.66125854074497], [58.22575389649162, 46.53260580341638], [16.265462008020183, 20.09371324811533], [88.8103633887111, 41.87219378217642], [84.29156522951756, 58.02082280201809], [4.332130983421411, 63.16819637247838], [59.46892575325703, 13.780383438006382], [89.72933271651165, 7.233571079734579], [53.720826788578705, 33.36307399155426], [40.53365349294191, 90.2595691706437], [6.700662445634942, 68.64043389307452], [1.1268159555298585, 78.61840196519785], [45.40237815772322, 94.28501078064319], [85.68763751249163, 4.4789205038772595], [48.02743499543338, 27.112908859722353]]","[[0.0, 5.8705229273497315, 74.95230744163013, 23.928260057004096, 51.3331049153547, 82.70706588707753, 36.665437577653925, 84.28728408843722, 96.49645203290024, 89.5043305740593, 34.594840104822055, 34.3392115384863, 48.50770914329506, 56.70766812618494, 67.77025921672697, 9.646769583131944, 40.2825542357754, 20.760521317906466, 77.85445018229082, 70.44256323601678, 81.7613633646779, 81.44156591748958, 36.8222645653572, 14.2653286379997], [5.8705229273497315, 0.0, 80.64456098821758, 28.074027766105853, 55.8544680767014, 87.28906508283703, 40.16707218175598, 90.08264919278824, 100.03137778702087, 93.32318572022548, 40.39269367059909, 33.63568277332423, 53.68751842753873, 62.42813698767776, 70.36635427284602, 13.48139961877337, 42.23922630616774, 26.512945139297475, 82.9595844698428, 73.42192458257061, 84.81983660917003, 86.71789316252443, 38.32268361769424, 19.527971989146703], [74.95230744163013, 80.64456098821758, 0.0, 68.18404310366977, 63.17648461157443, 72.68861222859663, 53.81560408566724, 11.799066818064018, 98.77905496555596, 89.83648462901571, 45.758849143028115, 95.34966511333354, 30.758509348552597, 18.284629104962153, 92.52511678159884, 68.69624280297295, 64.78033427104897, 57.3937957565374, 58.94344653834081, 89.81669807583724, 95.59308720980073, 55.850847425102025, 68.0428783546156, 65.81048371753822], [23.928260057004096, 28.074027766105853, 68.18404310366977, 0.0, 27.85715257597663, 59.27896958048606, 49.2461962888466, 74.96924968439677, 72.66616820045269, 65.58080717611882, 22.426391475086533, 27.169650830657723, 50.03327115620272, 50.763542915411, 45.27002516019476, 28.86108068396297, 57.28021019860029, 14.43199380802247, 55.81874900727329, 47.258934699328655, 58.39523879465096, 60.13856178412537, 55.20429056883896, 11.381217980744085], [51.3331049153547, 55.8544680767014, 63.17648461157443, 27.85715257597663, 0.0, 31.435509176513367, 67.42467759573701, 65.67533285383792, 47.763151989598406, 39.675251889014284, 28.586362078534105, 45.35291638984769, 58.264081864310654, 50.3709227764096, 29.762197976866748, 54.33369659358918, 77.95599992152778, 34.57692685757151, 29.177524246658354, 28.202596123558337, 36.97811430974499, 34.39909573093982, 77.14765417764788, 37.400323139641934], [82.70706588707753, 87.28906508283703, 72.68861222859663, 59.27896958048606, 31.435509176513367, 0.0, 94.42701337628928, 69.84638561131098, 26.30953683818853, 17.679966315024934, 55.59617657775434, 73.0618535691276, 79.9876580866472, 66.9857929179829, 36.86077297015832, 85.13146520554268, 105.88955119844138, 64.87991095337827, 13.90172095217934, 31.112869694840136, 29.131840696154164, 18.701817356160348, 105.81576917993912, 68.64539261898706], [36.665437577653925, 40.16707218175598, 53.81560408566724, 49.2461962888466, 67.42467759573701, 94.42701337628928, 0.0, 65.36239139658773, 115.02436410249628, 106.59877167205707, 39.23407071396947, 69.78952546771339, 23.17200323516757, 39.19413747726236, 92.94920249549905, 27.05747282638362, 12.202096495298273, 35.425525835172515, 84.6656124812367, 93.66375982978747, 103.83314677442623, 85.67263427498622, 14.391387318022781, 38.900985431637636], [84.28728408843722, 90.08264919278824, 11.799066818064018, 74.96924968439677, 65.67533285383792, 69.84638561131098, 65.36239139658773, 0.0, 96.15492414457383, 87.43613740399746, 52.87110195554721, 101.89805460268212, 42.211516916835286, 28.028525313923105, 93.9529631720897, 78.70257881942521, 76.4845819661292, 65.5937872211647, 55.9504104376013, 90.5876609722934, 95.06503933154994, 51.81090557088986, 79.65541594924636, 74.04320430875045], [96.49645203290024, 100.03137778702087, 98.77905496555596, 72.66616820045269, 47.763151989598406, 26.30953683818853, 115.02436410249628, 96.15492414457383, 0.0, 9.029762944305975, 75.85702722711244, 77.50316936594555, 103.38838639748991, 91.78993634124033, 33.05341386952893, 101.06183247165585, 125.71123737306219, 82.05897695385333, 40.21016357350593, 28.026692157691926, 17.411654959336325, 44.69721303905429, 124.88826363264856, 83.57731289688515], [89.5043305740593, 93.32318572022548, 89.83648462901571, 65.58080717611882, 39.675251889014284, 17.679966315024934, 106.59877167205707, 87.43613740399746, 9.029762944305975, 0.0, 67.37479205124409, 72.91862514692822, 94.5002756155399, 82.77034834887249, 29.87894328027771, 93.58068781707688, 117.45627189053162, 74.19993933451185, 31.506698621661073, 24.142215411593256, 16.15768703000424, 36.32006655894005, 116.7858649434686, 76.22651478126751], [34.594840104822055, 40.39269367059909, 45.758849143028115, 22.426391475086533, 28.586362078534105, 55.59617657775434, 39.23407071396947, 52.87110195554721, 75.85702722711244, 67.37479205124409, 0.0, 49.595172496085496, 30.937643381474288, 28.485182994951337, 56.402707951637126, 32.775807330082905, 50.367545192140966, 13.918726105188542, 47.170517720374065, 56.067736817719165, 65.49646577733178, 49.44422257905073, 50.22616349086801, 21.934683444093757], [34.3392115384863, 33.63568277332423, 95.34966511333354, 27.169650830657723, 45.35291638984769, 73.0618535691276, 69.78952546771339, 101.89805460268212, 77.50316936594555, 72.91862514692822, 49.595172496085496, 0.0, 75.74341509799152, 77.88463493280018, 44.69692926559596, 43.66231112615553, 74.58098655867268, 39.73638490582934, 74.24414088188938, 49.47999066338141, 60.45095362137794, 79.70764400153163, 71.15658932396315, 32.528326656733654], [48.50770914329506, 53.68751842753873, 30.758509348552597, 50.03327115620272, 58.264081864310654, 79.9876580866472, 23.17200323516757, 42.211516916835286, 103.38838639748991, 94.5002756155399, 30.937643381474288, 75.74341509799152, 0.0, 16.768952144484267, 87.1211310569846, 40.62105083485727, 34.65081077475038, 36.106518780175804, 68.35187499509219, 86.36284888536328, 95.07201642069496, 68.05407091077234, 37.52343672111567, 43.371462273635615], [56.70766812618494, 62.42813698767776, 18.284629104962153, 50.763542915411, 50.3709227764096, 66.9857929179829, 39.19413747726236, 28.028525313923105, 91.78993634124033, 82.77034834887249, 28.485182994951337, 77.88463493280018, 16.768952144484267, 0.0, 80.12494355461129, 50.72849205021971, 51.077531780081145, 39.27562380439332, 54.351555699598116, 78.31426648154991, 85.67751040494053, 53.173867649946935, 53.56010007013567, 47.6485706595589], [67.77025921672697, 70.36635427284602, 92.52511678159884, 45.27002516019476, 29.762197976866748, 36.86077297015832, 92.94920249549905, 93.9529631720897, 33.05341386952893, 29.87894328027771, 56.402707951637126, 44.69692926559596, 87.1211310569846, 80.12494355461129, 0.0, 74.0217684464602, 102.08508397646429, 57.68525455847643, 45.21606696846256, 5.962828587953501, 15.77919190850176, 51.52689920682613, 100.31525080755345, 56.65036054898194], [9.646769583131944, 13.48139961877337, 68.69624280297295, 28.86108068396297, 54.33369659358918, 85.13146520554268, 27.05747282638362, 78.70257881942521, 101.06183247165585, 93.58068781707688, 32.775807330082905, 43.66231112615553, 40.62105083485727, 50.72849205021971, 74.0217684464602, 0.0, 30.960506805222177, 20.40888069012481, 78.78838991818208, 76.11908268256494, 87.22253391287413, 81.72430963204428, 27.819742253097974, 17.568834477052444], [40.2825542357754, 42.23922630616774, 64.78033427104897, 57.28021019860029, 77.95599992152778, 105.88955119844138, 12.202096495298273, 76.4845819661292, 125.71123737306219, 117.45627189053162, 50.367545192140966, 74.58098655867268, 34.65081077475038, 51.077531780081145, 102.08508397646429, 30.960506805222177, 0.0, 44.4900373295053, 96.50663818235519, 103.26937051965754, 113.78136955110995, 97.68742014434521, 4.891155274295579, 46.19779587935037], [20.760521317906466, 26.512945139297475, 57.3937957565374, 14.43199380802247, 34.57692685757151, 64.87991095337827, 35.425525835172515, 65.5937872211647, 82.05897695385333, 74.19993933451185, 13.918726105188542, 39.73638490582934, 36.106518780175804, 39.27562380439332, 57.68525455847643, 20.40888069012481, 44.4900373295053, 0.0, 58.40473185618871, 58.78254823039598, 69.38425387297112, 61.487226069793785, 43.08330663445133, 8.454541636624771], [77.85445018229082, 82.9595844698428, 58.94344653834081, 55.81874900727329, 29.177524246658354, 13.90172095217934, 84.6656124812367, 55.9504104376013, 40.21016357350593, 31.506698621661073, 47.170517720374065, 74.24414088188938, 68.35187499509219, 54.351555699598116, 45.21606696846256, 78.78838991818208, 96.50663818235519, 58.40473185618871, 0.0, 40.15044574294275, 41.09033485632766, 6.3173301336059025, 96.93916627725334, 63.58975915687976], [70.44256323601678, 73.42192458257061, 89.81669807583724, 47.258934699328655, 28.202596123558337, 31.112869694840136, 93.66375982978747, 90.5876609722934, 28.026692157691926, 24.142215411593256, 56.067736817719165, 49.47999066338141, 86.36284888536328, 78.31426648154991, 5.962828587953501, 76.11908268256494, 103.26937051965754, 58.78254823039598, 40.15044574294275, 0.0, 11.429243699544136, 46.427008548922494, 101.76267503659865, 58.58700764485642], [81.7613633646779, 84.81983660917003, 95.59308720980073, 58.39523879465096, 36.97811430974499, 29.131840696154164, 103.83314677442623, 95.06503933154994, 17.411654959336325, 16.15768703000424, 65.49646577733178, 60.45095362137794, 95.07201642069496, 85.67751040494053, 15.77919190850176, 87.22253391287413, 113.78136955110995, 69.38425387297112, 41.09033485632766, 11.429243699544136, 0.0, 46.96560486245742, 112.45974948283421, 69.65977236801987], [81.44156591748958, 86.71789316252443, 55.850847425102025, 60.13856178412537, 34.39909573093982, 18.701817356160348, 85.67263427498622, 51.81090557088986, 44.69721303905429, 36.32006655894005, 49.44422257905073, 79.70764400153163, 68.05407091077234, 53.173867649946935, 51.52689920682613, 81.72430963204428, 97.68742014434521, 61.487226069793785, 6.3173301336059025, 46.427008548922494, 46.96560486245742, 0.0, 98.42782112837604, 67.2233753978167], [36.8222645653572, 38.32268361769424, 68.0428783546156, 55.20429056883896, 77.14765417764788, 105.81576917993912, 14.391387318022781, 79.65541594924636, 124.88826363264856, 116.7858649434686, 50.22616349086801, 71.15658932396315, 37.52343672111567, 53.56010007013567, 100.31525080755345, 27.819742253097974, 4.891155274295579, 43.08330663445133, 96.93916627725334, 101.76267503659865, 112.45974948283421, 98.42782112837604, 0.0, 43.938460174639395], [14.2653286379997, 19.527971989146703, 65.81048371753822, 11.381217980744085, 37.400323139641934, 68.64539261898706, 38.900985431637636, 74.04320430875045, 83.57731289688515, 76.22651478126751, 21.934683444093757, 32.528326656733654, 43.371462273635615, 47.6485706595589, 56.65036054898194, 17.568834477052444, 46.19779587935037, 8.454541636624771, 63.58975915687976, 58.58700764485642, 69.65977236801987, 67.2233753978167, 43.938460174639395, 0.0]]",Route_2,1361.59507310552
