instance_id,num_cities,city_coordinates,distance_matrix,best_route,total_distance
1311,22,"[[57.4081585954242, 26.048425105402483], [42.95653316055614, 67.20234131160053], [32.408763158233114, 78.85605607957423], [77.63364474821927, 71.02526067625956], [22.765934698716496, 22.27410598544405], [98.7485456919031, 64.3219170156799], [3.023713998908084, 6.27984744050104], [50.437422691278336, 97.56346434245337], [10.07824167012542, 59.82754923752363], [89.67820330647378, 36.27126539643927], [19.363159587318535, 13.305092495988823], [8.191559786452595, 7.830462729125321], [90.67644900331912, 6.843790396002247], [0.5667125317340371, 6.860250397588585], [75.51622820855184, 20.833256824772718], [40.92052151113082, 37.51460616237168], [96.0102176843829, 37.40347212929586], [87.08548837266251, 97.86175713801633], [16.69179289982653, 49.486369525307836], [81.98456369535414, 8.582544179412832], [56.7938877289358, 39.34490703807737], [68.07090161165776, 97.04888726807478]]","[[0.0, 43.61759159807537, 58.426155626819686, 49.315170364552316, 34.847226020573146, 56.33726820047978, 57.86591809489218, 71.85396298132954, 58.147659138515046, 33.850587133300714, 40.122493386140725, 52.48016531478074, 38.41350206614249, 59.99279989489561, 18.844101605254718, 20.082716067667874, 40.23749568278682, 77.70391599098078, 46.98041798545661, 30.150566896108465, 13.310663412593911, 71.79665532560202], [43.61759159807537, 0.0, 15.718286163421054, 34.88720081250322, 49.256538609302794, 55.86631817492993, 72.84353303946097, 31.269178113046905, 33.69524609593461, 56.03254338769034, 58.83502958661876, 68.80133240071959, 76.94377841431529, 73.74323581738597, 56.658854010340264, 29.75746900741651, 60.84953612064633, 53.73420202188886, 31.681102210881328, 70.42348886020889, 31.104807116500826, 39.007022550171875], [58.426155626819686, 15.718286163421054, 0.0, 45.897835150220786, 57.39774574976183, 67.91323836295281, 78.299343384975, 25.980756118182956, 29.33830708423385, 71.36703141100475, 66.83649152421152, 75.04070795197438, 92.63309140163139, 78.72300949467548, 72.28346129252144, 42.20859523266192, 75.91746659364216, 57.88575777250468, 33.31068360750787, 86.00073530894102, 46.430218596384684, 40.03457537834649], [49.315170364552316, 34.88720081250322, 45.897835150220786, 0.0, 73.39714360766453, 22.15341639777969, 98.78567862542701, 37.9988256134163, 68.47715842898951, 36.781946370101096, 82.01870064592276, 93.89241530292179, 65.49332691330014, 100.28190557285137, 50.23664701619852, 49.707317205526174, 38.3160945031573, 28.452326622665005, 64.63615968422008, 62.594115851173356, 37.92018300671897, 27.724992286492817], [34.847226020573146, 49.256538609302794, 57.39774574976183, 73.39714360766453, 0.0, 86.84109387712908, 25.408100766535586, 80.21345728450223, 39.63885284004722, 68.36060387250447, 9.592814051819165, 20.5190456551719, 69.64145742519615, 27.0257730491157, 52.769967895362456, 23.703625629266494, 74.79052553632118, 99.24967502001498, 27.881938339290944, 60.780793717504096, 38.06985468852486, 87.4288736222077], [56.33726820047978, 55.86631817492993, 67.91323836295281, 22.15341639777969, 86.84109387712908, 0.0, 111.94697514101097, 58.64268986207587, 88.78413234942273, 29.480674470793964, 94.36501423221914, 106.73261967969232, 58.04217246672927, 113.76078187679595, 49.30521413448505, 63.73940928372243, 27.057367118366578, 35.50982654792586, 83.38707422687914, 58.20574521953142, 48.826676645158145, 44.85724499136512], [57.86591809489218, 72.84353303946097, 78.299343384975, 98.78567862542701, 25.408100766535586, 111.94697514101097, 0.0, 102.86281391575551, 54.01039463294845, 91.69779532880162, 17.78571196849542, 5.395464563608671, 87.65454914270316, 2.5246234971360355, 73.93893657026459, 49.109858196007195, 98.05697263029172, 124.31262242712057, 45.316883514939875, 78.99441877155715, 63.123131648775455, 111.66984914267559], [71.85396298132954, 31.269178113046905, 25.980756118182956, 37.9988256134163, 80.21345728450223, 58.64268986207587, 102.86281391575551, 0.0, 55.25271741285359, 72.77755502163885, 89.80580746071607, 99.18026270942656, 99.24332964734462, 103.5092302731751, 80.72466309548504, 60.79832873364413, 75.47254008293817, 36.64927962155509, 58.73818669382399, 94.40776588073905, 58.564537583574186, 17.640985471365866], [58.147659138515046, 33.69524609593461, 29.33830708423385, 68.47715842898951, 39.63885284004722, 88.78413234942273, 54.01039463294845, 55.25271741285359, 0.0, 83.0123629401661, 47.439948166044516, 52.0313037881239, 96.45387356815161, 53.81453273001125, 76.17535640201757, 38.067225463196806, 88.80959258926181, 85.88781645450833, 12.275139824385894, 88.29818622486927, 51.0087268823932, 68.90991664396905], [33.850587133300714, 56.03254338769034, 71.36703141100475, 36.781946370101096, 68.36060387250447, 29.480674470793964, 91.69779532880162, 72.77755502163885, 83.0123629401661, 0.0, 73.9706054518962, 86.30731329684698, 29.444401494556075, 93.83957369553181, 20.949788718099548, 48.7735320672611, 6.4324410738049975, 61.6450390842384, 74.17314258668286, 28.73773430700477, 33.02764726625738, 64.50422317106305], [40.122493386140725, 58.83502958661876, 66.83649152421152, 82.01870064592276, 9.592814051819165, 94.36501423221914, 17.78571196849542, 89.80580746071607, 47.439948166044516, 73.9706054518962, 0.0, 12.440908857271474, 71.6054025347079, 19.870641952053365, 56.65545316862367, 32.416360145411296, 80.34614748627185, 108.33348213500076, 36.27976030035713, 62.79922543363328, 45.59749281043888, 96.87862145973605], [52.48016531478074, 68.80133240071959, 75.04070795197438, 93.89241530292179, 20.5190456551719, 106.73261967969232, 5.395464563608671, 99.18026270942656, 52.0313037881239, 86.30731329684698, 12.440908857271474, 0.0, 82.49079022176774, 7.686326016118175, 68.56882405612195, 44.18521593181361, 92.66433812409329, 119.70750160581584, 42.514333277071906, 73.79683633061126, 57.92535266643376, 107.44981551697511], [38.41350206614249, 76.94377841431529, 92.63309140163139, 65.49332691330014, 69.64145742519615, 58.04217246672927, 87.65454914270316, 99.24332964734462, 96.45387356815161, 29.444401494556075, 71.6054025347079, 82.49079022176774, 0.0, 90.1097379749279, 20.628559462739766, 58.44956167827502, 31.02165753120384, 91.08877685039639, 85.39390431143872, 8.864092447969059, 46.950511621217856, 92.99446367702024], [59.99279989489561, 73.74323581738597, 78.72300949467548, 100.28190557285137, 27.0257730491157, 113.76078187679595, 2.5246234971360355, 103.5092302731751, 53.81453273001125, 93.83957369553181, 19.870641952053365, 7.686326016118175, 90.1097379749279, 0.0, 76.24089984256275, 50.67661617057255, 100.21153161974895, 125.56581064143593, 45.57416207422749, 81.43606562188712, 64.93649318917116, 112.65347648383744], [18.844101605254718, 56.658854010340264, 72.28346129252144, 50.23664701619852, 52.769967895362456, 49.30521413448505, 73.93893657026459, 80.72466309548504, 76.17535640201757, 20.949788718099548, 56.65545316862367, 68.56882405612195, 20.628559462739766, 76.24089984256275, 0.0, 38.407425553100985, 26.354802975429866, 77.89247486922115, 65.43175877828729, 13.85349502071613, 26.32882881281299, 76.57842523847307], [20.082716067667874, 29.75746900741651, 42.20859523266192, 49.707317205526174, 23.703625629266494, 63.73940928372243, 49.109858196007195, 60.79832873364413, 38.067225463196806, 48.7735320672611, 32.416360145411296, 44.18521593181361, 58.44956167827502, 50.67661617057255, 38.407425553100985, 0.0, 55.08980827008324, 75.98014738208639, 27.02506999321881, 50.232656420832896, 15.978540495932705, 65.43297155391895], [40.23749568278682, 60.84953612064633, 75.91746659364216, 38.3160945031573, 74.79052553632118, 27.057367118366578, 98.05697263029172, 75.47254008293817, 88.80959258926181, 6.4324410738049975, 80.34614748627185, 92.66433812409329, 31.02165753120384, 100.21153161974895, 26.354802975429866, 55.08980827008324, 0.0, 61.11346021526809, 80.2334650864954, 32.05253278154952, 39.264356669625094, 65.86486870623], [77.70391599098078, 53.73420202188886, 57.88575777250468, 28.452326622665005, 99.24967502001498, 35.50982654792586, 124.31262242712057, 36.64927962155509, 85.88781645450833, 61.6450390842384, 108.33348213500076, 119.70750160581584, 91.08877685039639, 125.56581064143593, 77.89247486922115, 75.98014738208639, 61.11346021526809, 0.0, 85.413409304407, 89.4248136652867, 65.89235779039744, 19.03195384392354], [46.98041798545661, 31.681102210881328, 33.31068360750787, 64.63615968422008, 27.881938339290944, 83.38707422687914, 45.316883514939875, 58.73818669382399, 12.275139824385894, 74.17314258668286, 36.27976030035713, 42.514333277071906, 85.39390431143872, 45.57416207422749, 65.43175877828729, 27.02506999321881, 80.2334650864954, 85.413409304407, 0.0, 77.04718584143606, 41.36456540401186, 70.01432643433193], [30.150566896108465, 70.42348886020889, 86.00073530894102, 62.594115851173356, 60.780793717504096, 58.20574521953142, 78.99441877155715, 94.40776588073905, 88.29818622486927, 28.73773430700477, 62.79922543363328, 73.79683633061126, 8.864092447969059, 81.43606562188712, 13.85349502071613, 50.232656420832896, 32.05253278154952, 89.4248136652867, 77.04718584143606, 0.0, 39.76044673156013, 89.55380422997192], [13.310663412593911, 31.104807116500826, 46.430218596384684, 37.92018300671897, 38.06985468852486, 48.826676645158145, 63.123131648775455, 58.564537583574186, 51.0087268823932, 33.02764726625738, 45.59749281043888, 57.92535266643376, 46.950511621217856, 64.93649318917116, 26.32882881281299, 15.978540495932705, 39.264356669625094, 65.89235779039744, 41.36456540401186, 39.76044673156013, 0.0, 58.79558126675027], [71.79665532560202, 39.007022550171875, 40.03457537834649, 27.724992286492817, 87.4288736222077, 44.85724499136512, 111.66984914267559, 17.640985471365866, 68.90991664396905, 64.50422317106305, 96.87862145973605, 107.44981551697511, 92.99446367702024, 112.65347648383744, 76.57842523847307, 65.43297155391895, 65.86486870623, 19.03195384392354, 70.01432643433193, 89.55380422997192, 58.79558126675027, 0.0]]",Route_1,1357.4886731082063
