instance_id,num_cities,city_coordinates,distance_matrix,best_route,total_distance
2285,67,"[[87.44932288860842, 77.9163244371897], [67.79340824570598, 10.711463587985758], [96.98984627342847, 37.81313571363412], [55.911900756000065, 46.1655950436518], [46.54587100265294, 39.738258326806694], [29.418205602928914, 21.098034976042268], [37.14681510616633, 73.02717026907625], [25.143846591208295, 28.101494950558028], [44.927120607801406, 24.664226766857766], [27.095423038033562, 37.73267362320151], [66.82603280634372, 59.825190145576514], [45.576765826071686, 67.33188234471928], [13.41065741131392, 18.251952741637634], [81.32000199637187, 46.541935236700326], [97.54696280608441, 20.1808264603758], [92.41578006342391, 55.129085995664504], [34.255435840516505, 2.462000415751897], [48.85955144727671, 50.757608364759065], [97.69000669799382, 63.98339125259758], [53.96151206373169, 94.4855240793417], [58.04667305070491, 92.25665757722899], [34.85507030286745, 48.300603645038656], [35.19899872661233, 82.52536369692427], [50.456623879357764, 28.924333763542386], [54.0690292505481, 54.4367268231949], [76.9368425790103, 65.1297320545799], [2.757332152873193, 44.6440279975701], [46.10939745737935, 31.87774189085709], [85.49408050723474, 92.58983538606047], [72.8249845300096, 50.8498116829633], [93.02792985411052, 78.18942557173567], [35.817046801674046, 90.9125956481102], [46.218105535156425, 45.9854856269723], [2.439454867108215, 38.24339248083803], [3.0249630008620354, 55.138107417268834], [61.06930299826876, 78.44299757056001], [42.740207960684884, 41.506572823198006], [98.47649162281894, 58.93000926201986], [27.044374365857504, 48.05287878350776], [26.794430592010453, 50.83006155011711], [17.840539032494018, 98.55176763267461], [26.58109586400509, 39.43881162298949], [93.46594454071463, 45.848257113566504], [77.21566456512213, 82.2306620987027], [28.642950562330416, 43.0315888050347], [63.49095406406165, 95.65764897658336], [55.91914588943847, 0.2386272719479443], [31.610078143117416, 24.737993667036694], [87.74844606002543, 90.32160828942155], [41.02748561171049, 82.38739618339426], [40.454381678233474, 75.82833904664963], [52.74258170317275, 81.33259831938547], [91.40983374031535, 17.02714625043409], [51.194910271781104, 10.506481142556346], [24.66752444087007, 25.359776212055063], [73.52252659598555, 35.579278444261476], [67.2526298324393, 9.04184468987539], [46.08386372796838, 50.81097741227602], [44.88951502659887, 62.55326372514393], [32.80934565576699, 32.76283841771445], [7.306621815948089, 31.22117661814886], [25.277092776073907, 73.96246186749296], [13.265500661732288, 46.864716957413336], [48.22192945899017, 84.52024515367263], [88.67758525692525, 60.72569267430136], [0.7379295570425937, 29.440620649224726], [99.94031419570614, 57.78003632133828]]","[[0.0, 70.02034206007517, 41.222412984363416, 44.75173529363981, 55.95227527201598, 81.21532238878959, 50.539550034425794, 79.7714837108354, 68.146339542931, 72.50737217630876, 27.433724387593095, 43.189598856255365, 95.0871244463924, 31.96749712291833, 58.61185936765431, 23.32217684222894, 92.31979545480637, 47.18862488563449, 17.291565342967555, 37.36270668225498, 32.713314904755165, 60.359310160830766, 52.45321360919126, 61.38953436992139, 40.81097288081039, 16.553222858969278, 90.99329098976355, 61.875201151471515, 14.803205610155869, 30.764710060416387, 5.5852878086307145, 53.24279293298968, 52.14970519160858, 93.81161543778144, 87.4432370916261, 26.38527684152907, 57.65912738006747, 21.956288716985725, 67.38384964030033, 66.42801816025754, 72.6030598928264, 72.01013854649631, 32.627606071807094, 11.105911585250881, 68.37495306252269, 29.81204510168845, 83.83302868496398, 77.11002604880021, 12.408889641145285, 46.63665359695632, 47.04130294068933, 34.87447219602025, 61.01784711430717, 76.5406389259862, 81.87640061503281, 44.568835730626105, 71.77464991811746, 49.455040682538886, 45.24777209645989, 70.88275115792541, 92.75391832728073, 62.29782681912742, 80.42040665942237, 39.77939371221801, 17.234455281576174, 99.34163070556089, 23.695884936388637], [70.02034206007517, 0.0, 39.83632294166701, 37.39205340046981, 35.97238735064117, 39.75596864715282, 69.44394120601295, 46.058639798761384, 26.787062374681437, 48.851528038856344, 49.123252657112154, 60.82311255262882, 54.90302874151763, 38.29871325599454, 31.224074721061235, 50.785690644915675, 34.53764953903629, 44.29655341836105, 61.08768186894126, 84.90827146514219, 82.12562030027404, 49.978771059974804, 78.86464214560908, 25.145033947022934, 45.82856340527229, 55.18106862239769, 73.35605033644687, 30.30194153949326, 83.76981298065436, 40.452487534122724, 72.04204629440667, 86.34065829564246, 41.34912717166779, 70.91647432559662, 78.54093315824764, 68.06448623923656, 39.698886600634474, 57.153125482739604, 55.27083363714899, 57.36216585080583, 101.05052279575617, 50.23659241002647, 43.516357603524554, 72.13719338707399, 50.76759626832359, 85.05507347630206, 15.832826879871833, 38.806918498785905, 82.07300819121025, 76.51048247051233, 70.62315373272499, 72.20714680946709, 24.446337161938718, 16.59976363667032, 45.545745319191745, 25.519228295493527, 1.755012409409833, 45.59907161458527, 56.67592580675956, 41.35393291064298, 63.869395340638576, 76.21237343415764, 65.42438715555845, 76.35953783326707, 54.199372326018654, 69.62196884885077, 56.99889561485426], [41.222412984363416, 39.83632294166701, 0.0, 41.918506471395375, 50.48069668887665, 69.60834156601459, 69.43498116193149, 72.49940438823357, 53.6974972435863, 69.89446954914608, 37.34148073111025, 59.284578464863706, 85.8377579513406, 17.936999770894914, 17.641108480860762, 17.909891564810035, 72.0090898374242, 49.840592414898246, 26.17961992838657, 71.15614624145233, 66.93779062358412, 63.01362843483975, 76.27117523536391, 47.37458798220833, 46.02760384040697, 33.88686165496181, 94.47977459157799, 51.22547190172145, 55.96998711411666, 27.457156870437874, 40.57020537807389, 81.00409891199648, 51.4252560586756, 94.55137035481869, 95.54869927402873, 54.23164301121166, 54.37522169836, 21.169139398033586, 70.69102756722259, 71.39213360671863, 99.7687037307618, 70.42751561981109, 8.773885076377224, 48.620313783452495, 68.54582705030893, 66.84432282462205, 55.665484051302585, 66.67438353904696, 53.31550590725466, 71.54474479134174, 68.12792703029398, 62.06258170140521, 21.521939917999077, 53.318191522773354, 73.38667725226236, 23.57340050020846, 41.37739997670294, 52.53915632879578, 57.675978102285015, 64.37889531757142, 89.92516151671543, 80.3087342419889, 84.21221509448308, 67.52676345467557, 24.373734832444118, 96.6153739323191, 20.183715734183494], [44.75173529363981, 37.39205340046981, 41.918506471395375, 0.0, 11.359276852524058, 36.47325664931879, 32.76694467045612, 35.678913510095434, 24.144859342696204, 30.025048738570753, 17.484359203610072, 23.554760286004953, 50.848078748454434, 25.410888228904692, 49.07837191921489, 37.588261126816974, 48.77506182502869, 8.415593687523026, 45.418982791823694, 48.3592758223801, 46.140473537062476, 21.16479082013259, 41.845634025528994, 18.08372573143677, 8.47394809402174, 28.31407196484141, 53.17634182284677, 17.327198810981987, 55.04830106555591, 17.549766046037973, 49.021682322246136, 49.05198485832243, 9.695468280883993, 54.05611679344642, 53.642652464345524, 32.686840039572786, 13.9713986109065, 44.437311642332254, 28.929153458065482, 29.488715071036275, 64.75908941615012, 30.092286898818006, 37.5553845399848, 41.88722256392964, 27.44845423277105, 50.06900689594957, 45.92696834317593, 32.39939325146587, 54.43637683255429, 39.160754487044876, 33.448666308642295, 35.309527080578086, 45.925509732978576, 35.96974288814852, 37.53788950613342, 20.54760914604158, 38.81732829954566, 10.870597461735334, 19.749649920493912, 26.70883631559812, 50.85084839918378, 41.366136696449054, 42.652130221721215, 39.11796062694165, 35.855076681388034, 57.65320343534807, 45.53456309453861], [55.95227527201598, 35.97238735064117, 50.48069668887665, 11.359276852524058, 0.0, 25.314321018176386, 34.59037308335162, 24.361053154222923, 15.160698542981729, 19.553575019103313, 28.544172657055345, 27.61063656066623, 39.49181823419789, 35.43346166919827, 54.62238100222409, 48.383118270486435, 39.25014904845783, 11.259626657165652, 56.59990359190297, 55.2472156739636, 53.76291200795613, 14.490982656492056, 44.2661032439306, 11.499345743242362, 16.511901349093314, 39.602248565241325, 44.06248643303339, 7.872625216251408, 65.6525111573277, 28.531709128098427, 60.32473835474022, 52.28690533020736, 6.255819621889496, 44.13174105130324, 46.16519019033015, 41.339894978800025, 4.1964279270766935, 55.363459627762296, 21.200030292759855, 22.652759148496685, 65.44482378605997, 19.96702067573423, 47.31622751225338, 52.40458582489053, 18.20331249886524, 58.430420934649874, 40.59654093113361, 21.168038364621722, 65.2405355955849, 43.00466878413526, 36.600548746628036, 42.05339870835858, 50.284886042149076, 29.59916153331974, 26.180198551609738, 27.295367018318323, 37.027552868161806, 11.08235348053734, 22.875051616238316, 15.406122533389139, 40.152949550042656, 40.294627870793455, 34.03482720159717, 44.813340827377, 47.06966907143125, 46.95113248073173, 56.36020153530458], [81.21532238878959, 39.75596864715282, 69.60834156601459, 36.47325664931879, 25.314321018176386, 0.0, 52.50110948480764, 8.204791074471157, 15.913647241196436, 16.796026963700243, 53.8436447838157, 48.97619535034396, 16.258591058018222, 57.80301488106588, 68.13493105234437, 71.60172359242299, 19.253586172548964, 35.46344909678438, 80.62377197657766, 77.38279814607233, 76.70162135774244, 27.740570288963088, 61.69873809829598, 22.446959622300774, 41.46241045314928, 64.78280024574971, 35.569874338964475, 19.869523564780792, 90.86022932036455, 52.62429737338965, 85.47294249914057, 70.10718972060292, 30.027018460635343, 31.96586109011929, 43.073539288703806, 65.49989848309635, 24.37179032978176, 78.74201639772637, 27.059169969290572, 29.847572757418863, 78.31425838033098, 18.558913752800866, 68.6635737411005, 77.60022668884919, 21.947250487185908, 81.97614425920084, 33.72557969605229, 4.248953342245388, 90.52248369358574, 62.379172642217355, 55.831920672911345, 64.59279481202876, 62.12514864481441, 24.21581877290213, 6.382116409645991, 46.420873996989954, 39.708882897845754, 34.06762552570452, 44.24813449088316, 12.147735187713378, 24.318719832154525, 53.02637500344784, 30.411046960709363, 66.15101491791738, 71.28832535294168, 29.86899679906625, 79.4917418545333], [50.539550034425794, 69.44394120601295, 69.43498116193149, 32.76694467045612, 34.59037308335162, 52.50110948480764, 0.0, 46.50147907320789, 48.98476761093748, 36.69784702122164, 32.48304546183755, 10.173513340108187, 59.69698181058335, 51.504738760207495, 80.25530447340718, 58.09474940220257, 70.62438155825753, 25.161907320522882, 61.21493271272649, 27.261602704560335, 28.400303594086804, 24.832542988111737, 9.695858241603691, 46.06746354437993, 25.138932337369205, 40.566190561124486, 44.58967709010011, 42.114170278618374, 52.155114209831986, 42.00913004685413, 56.11905082307381, 17.934790902952393, 28.522640451579655, 49.137684642087955, 38.52686544234004, 24.527874190546648, 32.0130302684717, 62.92900102572837, 26.94020311945681, 24.492519278551693, 32.00370863519827, 35.21096788846236, 62.53429187717844, 41.112248282263316, 31.177726337016022, 34.72970233048119, 75.17028930821925, 48.605555578564854, 53.47543961137782, 10.132789978069749, 4.334344604332696, 17.669410597050614, 77.977419047943, 64.07952517487246, 49.273858705162205, 52.206675708319096, 70.71408607773284, 23.94639979452017, 13.025057402902087, 40.497284608597354, 51.363199284497135, 11.906514123267295, 35.423031249158726, 15.960856124627673, 52.97873746461967, 56.792554570937995, 64.61809825063177], [79.7714837108354, 46.058639798761384, 72.49940438823357, 35.678913510095434, 24.361053154222923, 8.204791074471157, 46.50147907320789, 0.0, 20.079659941898573, 9.826914737199349, 52.38127035973511, 44.23265178071982, 15.319308406599003, 59.125377580628346, 72.83507552653613, 72.49830143383859, 27.210379244848138, 32.798386116656516, 80.93488634989042, 72.36917276477234, 72.10049154255712, 22.41231487440184, 55.34495075242023, 25.326147708477283, 39.117906764827296, 63.667925805888615, 27.835434760557856, 21.302919144476984, 88.32268556743713, 52.829696471746146, 84.36260756020138, 63.711471287129484, 27.639853699877833, 24.866593837437488, 34.93169656570364, 61.84581880851177, 22.12076052527919, 79.54919309448849, 20.04169959539113, 22.78842177980513, 70.82781390302651, 11.428054725242932, 70.58935213962747, 75.10952644811576, 15.334648059352544, 77.6809796431702, 41.51455699114928, 7.288709856151136, 88.26481959734603, 56.561904681462686, 50.12249127910207, 59.96032476265595, 67.18498531649432, 31.436323414054478, 2.782787169720515, 48.953180948569, 46.22142245881791, 30.890207370085474, 39.70913992594037, 8.971510398341634, 18.107981703940908, 45.86116048577469, 22.207061987098577, 60.95632275107851, 71.42040482916292, 24.442627598427485, 80.46941893668559], [68.146339542931, 26.787062374681437, 53.6974972435863, 24.144859342696204, 15.160698542981729, 15.913647241196436, 48.98476761093748, 20.079659941898573, 0.0, 22.107775588166827, 41.42288861485961, 42.67260094511041, 32.16216271630474, 42.46264174134694, 52.81049773747987, 56.42056739100641, 24.633792049094684, 26.388038493244444, 65.80211884448163, 70.40336488675284, 68.85389864892849, 25.692888301483826, 58.67322662147682, 6.980252005003381, 31.144441771155915, 51.59534299590189, 46.66351375059716, 7.309759161095183, 79.11742249196024, 38.26193498531693, 71.96273172449418, 66.87181636668457, 21.360307148135075, 44.6048818133241, 51.811660984881435, 56.14914283837511, 16.983733618013378, 63.574200632880604, 29.441835138280773, 31.834656541473624, 78.6959439655789, 23.55557219791155, 52.96017910204446, 66.00336769968118, 24.546571701793265, 73.38039186076978, 26.784968368058365, 13.31724677107692, 78.38722894633277, 57.85474432224993, 51.35924239035484, 57.20477048768393, 47.10591915008052, 15.483118175429546, 20.271532400828832, 30.60777020218022, 27.24861801814198, 26.172325535949863, 37.889055620404584, 14.57490927791814, 38.18763570450759, 53.070138287224815, 38.66936697581531, 59.946632119649486, 56.69684718225478, 44.446580793577084, 64.21143442712446], [72.50737217630876, 48.851528038856344, 69.89446954914608, 30.025048738570753, 19.553575019103313, 16.796026963700243, 36.69784702122164, 9.826914737199349, 22.107775588166827, 0.0, 45.45987944169183, 34.89517428225488, 23.806958989414127, 54.93548992576775, 72.60500529933486, 67.59722039667938, 35.99008435442217, 25.363876092503244, 75.31729826660947, 62.79070611510711, 62.696448891192674, 13.110807397757432, 45.51980912724818, 24.96662884395781, 31.726973152445733, 56.875002527929794, 25.300385120041753, 19.89501065116452, 80.12310148066888, 47.573649272756754, 77.35531160351731, 53.89035932010351, 20.82752726214402, 24.661257068471375, 29.704144019997152, 53.02409825212817, 16.093526973530455, 74.4619633805781, 10.320331415111761, 13.100846039881452, 61.519225239668934, 1.7819762389730842, 66.86485489348597, 67.02320187143799, 5.520266618807344, 68.4100683259158, 47.29281669349534, 13.756591797426106, 80.27692851021541, 46.777629423525056, 40.370056973032284, 50.58389250648606, 67.56524467332446, 36.36001707814093, 12.608857281485218, 46.47701642293189, 49.35346920339086, 23.05651556143063, 30.539996769910868, 7.572857693839507, 20.83257658221904, 36.27538946955301, 16.572898611662396, 51.33620674800265, 65.73463036054993, 27.631062323474257, 75.55312646690282], [27.433724387593095, 49.123252657112154, 37.34148073111025, 17.484359203610072, 28.544172657055345, 53.8436447838157, 32.48304546183755, 52.38127035973511, 41.42288861485961, 45.45987944169183, 0.0, 22.536232492844718, 67.68704748204206, 19.66011200007947, 50.15427311858311, 26.017082059063885, 65.96498558091413, 20.124996690124323, 31.142824548054254, 36.970726829982794, 33.59876839244656, 33.9846809225431, 38.93028594734181, 34.968850049179295, 13.84834563040777, 11.417821119785659, 65.84273754627824, 34.78848723546598, 37.70965370694235, 10.795593560801324, 31.996633443054126, 43.90881453554356, 24.823861254382223, 67.90732956880987, 63.97300409411728, 19.487500901781875, 30.260513860466784, 31.66311564119487, 41.48695774675459, 41.029763761146164, 62.4445866679577, 45.11384907940143, 30.08387531878773, 24.697158166990405, 41.712981380358464, 35.98732910474216, 60.576552042114855, 49.71191828491501, 36.98349491275908, 34.27270311263262, 30.84744329717904, 25.708212721428765, 49.35621368796114, 51.73651562885824, 54.45369211734578, 25.15367295849012, 50.7851372026871, 22.61622446999293, 22.105501526918488, 43.46844701323859, 66.03597409382928, 43.8882315590211, 55.10630153507901, 30.918576992027056, 21.870099435182176, 72.73829427865984, 33.17737611835316], [43.189598856255365, 60.82311255262882, 59.284578464863706, 23.554760286004953, 27.61063656066623, 48.97619535034396, 10.173513340108187, 44.23265178071982, 42.67260094511041, 34.89517428225488, 22.536232492844718, 0.0, 58.68132599382362, 41.349738000138295, 70.17209876546237, 48.40249470289097, 65.85039175373217, 16.896249270106562, 52.220707260329156, 28.418730248239143, 27.8701095545405, 21.843633485233518, 18.39945449110984, 38.716311841853994, 15.44032298868778, 31.437300772339885, 48.458669347918544, 35.458141121283504, 47.237233229663154, 31.845314817673717, 48.67750211897049, 25.52062215800992, 21.35602887837268, 52.0285290906002, 44.26447865565389, 19.065035787897646, 25.98062109353941, 53.56278988877293, 26.741905533223058, 25.001724068188228, 41.760980761206575, 33.74698314805604, 52.4873279090833, 34.971324704357336, 29.618547660230618, 33.51517858387395, 67.88571058503463, 44.82530220221614, 48.031011989831754, 15.727823988566001, 9.92111867915113, 15.727967605122629, 68.05318940319661, 57.102449761806504, 46.89194033644008, 42.29885813433531, 62.1898027832993, 16.52868561226016, 4.827785162238293, 36.85140181637997, 52.6173639650122, 21.35512375858852, 38.24817270813845, 17.39070748121322, 43.60415550807722, 58.70493123100692, 55.19631467581838], [95.0871244463924, 54.90302874151763, 85.8377579513406, 50.848078748454434, 39.49181823419789, 16.258591058018222, 59.69698181058335, 15.319308406599003, 32.16216271630474, 23.806958989414127, 67.68704748204206, 58.68132599382362, 0.0, 73.56631152601776, 84.15841276607422, 87.18791408394972, 26.15009335004932, 48.096171738111174, 95.88729417638137, 86.34772267953757, 86.42378277975892, 36.91590802591602, 67.86606790656948, 38.552604947372124, 54.428311345758004, 78.94999933675342, 28.46111338962223, 35.42414050529878, 103.5477700449484, 67.76933432258238, 99.65646351586653, 76.0369338748898, 42.95902115621999, 22.804055518965626, 38.32037389094581, 76.77439922773941, 37.429933082572, 94.29157137504217, 32.77153385103636, 35.220144208811234, 80.42191319977704, 24.946812187019894, 84.6782440320944, 90.35681595150042, 29.086992248648063, 92.19369784558978, 46.167645458392386, 19.320653246180637, 103.53811893190219, 69.82867824412104, 63.61134554597274, 74.3382009131641, 78.00879219000606, 38.569963631249344, 13.313084158365603, 62.559356077887216, 54.624024792414936, 46.12622354489805, 54.34633963406109, 24.225501206572652, 14.333876604344058, 56.960276643710536, 28.61313241414724, 74.85526862408751, 86.42412285458276, 16.90515663384086, 95.130704268961], [31.96749712291833, 38.29871325599454, 17.936999770894914, 25.410888228904692, 35.43346166919827, 57.80301488106588, 51.504738760207495, 59.125377580628346, 42.46264174134694, 54.93548992576775, 19.66011200007947, 41.349738000138295, 73.56631152601776, 0.0, 30.95516617686231, 14.030518489010024, 64.4834400544663, 32.73305286362531, 23.92031441861923, 55.20031415224574, 51.297989033536695, 46.49820202817006, 58.497470597977355, 35.537698159289974, 28.371521809515535, 19.097598723943793, 78.58559120364828, 38.14217139185436, 46.23669581166337, 9.524868567600675, 33.74372859107553, 63.55528645829026, 35.10630671748391, 79.31586554582167, 78.76552105754386, 37.78582522508375, 38.90700942595487, 21.16151020979321, 54.296654639930566, 54.69392986659427, 82.0650040153516, 55.19784605978496, 12.165735063241756, 35.9239587292404, 52.793884871781856, 52.25158644817161, 52.81287550819248, 54.28156590841555, 44.24912050744837, 53.9294348856834, 50.27616107168147, 45.02287405693976, 31.191785353277105, 46.968873769616465, 60.48294862291352, 13.452898073219592, 40.051813324975114, 35.4938045462429, 39.79375605317556, 50.429627083126995, 75.58244564963393, 62.391449370763674, 68.05526680533761, 50.3769235845082, 15.978517030208964, 82.37672826252034, 21.748814735272752], [58.61185936765431, 31.224074721061235, 17.641108480860762, 49.07837191921489, 54.62238100222409, 68.13493105234437, 80.25530447340718, 72.83507552653613, 52.81049773747987, 72.60500529933486, 50.15427311858311, 70.17209876546237, 84.15841276607422, 30.95516617686231, 0.0, 35.32293703649902, 65.72498902269099, 57.492639671961285, 43.8027983573173, 86.14452742142134, 82.19001351711826, 68.70949901250916, 88.17091327696748, 47.89518702536314, 55.35158006712202, 49.4487731889389, 97.89546623220906, 52.7507436875551, 73.40528962758614, 39.39242140902238, 58.18435554067336, 93.88059278859764, 57.45025694845506, 96.80751188624764, 100.7790649841405, 68.7393646139322, 58.8095896484166, 38.76033012780422, 75.81204572807293, 77.10574833493156, 111.78156561350846, 73.53247080959781, 25.989838522365535, 65.29581756059372, 72.59421631934242, 82.8043626180398, 46.158059423211526, 66.09417925965097, 70.82189072605019, 84.04825173095577, 79.72583318397962, 75.80878423712726, 6.900003770758782, 47.350878888054744, 73.06321959070442, 28.53569446698541, 32.27729116889492, 59.88870272480596, 67.58868430740428, 65.9489658690391, 90.91319196696548, 90.08550616619019, 88.40472200763797, 81.07107815049281, 41.5036388093219, 97.25087509649425, 37.67530640940963], [23.32217684222894, 50.785690644915675, 17.909891564810035, 37.588261126816974, 48.383118270486435, 71.60172359242299, 58.09474940220257, 72.49830143383859, 56.42056739100641, 67.59722039667938, 26.017082059063885, 48.40249470289097, 87.18791408394972, 14.030518489010024, 35.32293703649902, 0.0, 78.46303297482783, 43.775048463018145, 10.306123819155257, 55.02417601406194, 50.593399652483576, 57.96432937032765, 63.437497573825, 49.46978701415406, 38.35300065351464, 18.428522112260787, 90.26945066273717, 51.81607928758744, 38.094850959627095, 20.052716979885552, 23.06846307689248, 66.96175154430614, 47.09384842547997, 91.54706844738288, 89.39081751778788, 39.06584310261772, 51.50956541137236, 7.153966891376141, 65.7532766589255, 65.7620188074605, 86.29597821086695, 67.67858120208363, 9.340055148024968, 31.073122444171666, 64.9101164754219, 49.79166573224569, 65.91636189088224, 67.97758365040893, 35.50067086825073, 58.170200970483954, 55.93251289735862, 47.54562783507261, 38.115216651019374, 60.748143759757816, 74.00025638395724, 27.187313252356628, 52.50921767390117, 46.53270390868754, 48.10264320501979, 63.664558849586506, 88.40337634048477, 69.73018985631792, 79.58056625185733, 53.07482141183684, 6.730238236994002, 95.2088521374228, 7.977853817730064], [92.31979545480637, 34.53764953903629, 72.0090898374242, 48.77506182502869, 39.25014904845783, 19.253586172548964, 70.62438155825753, 27.210379244848138, 24.633792049094684, 35.99008435442217, 65.96498558091413, 65.85039175373217, 26.15009335004932, 64.4834400544663, 65.72498902269099, 78.46303297482783, 0.0, 50.455385637410615, 88.36756367792557, 94.10982067551952, 92.89296756342034, 45.842525099523236, 80.06892312759675, 31.027948370452687, 55.62329250364996, 75.8218113073864, 52.6446007376901, 31.714385577278357, 103.67461282164207, 61.87883616667697, 95.85848409678232, 88.46437941766443, 45.137558985332575, 47.88073373932032, 61.23817994212154, 80.57354032554696, 39.95585054045889, 85.51596359075772, 46.157638565407794, 48.94012604413607, 97.48175316960821, 37.76479923329096, 73.4047110939407, 90.60143839233179, 40.955970176198804, 97.67366296230139, 21.77750493560617, 22.43251641431416, 102.86307810900604, 80.2117793514007, 73.6277568149574, 81.00830683222416, 58.981087413458994, 18.752585532971057, 24.824104846403568, 51.36787440040561, 33.64682989543445, 49.77484588523673, 61.02494216510619, 30.33532528989275, 39.41229241202915, 72.06196383665056, 49.11393503974914, 83.23832334606074, 79.72721105557923, 43.02637769048962, 85.87542338170917], [47.18862488563449, 44.29655341836105, 49.840592414898246, 8.415593687523026, 11.259626657165652, 35.46344909678438, 25.161907320522882, 32.798386116656516, 26.388038493244444, 25.363876092503244, 20.124996690124323, 16.896249270106562, 48.096171738111174, 32.73305286362531, 57.492639671961285, 43.775048463018145, 50.455385637410615, 0.0, 50.5898674932889, 44.024545595309675, 42.5038149922472, 14.218381212952574, 34.58035539838135, 21.89160844171681, 6.377661923775876, 31.541912063976643, 46.50581134412504, 19.079116987966607, 55.60597033598649, 23.965610451120085, 51.99375199354478, 42.2200181330688, 5.454391985469912, 48.07734357991872, 46.04343894629557, 30.258202332816012, 11.091799822306553, 50.28547393441655, 21.982209015505553, 22.06523980883902, 56.977721885973295, 24.988892389565805, 44.875739932773165, 42.36298221905238, 21.642604500809384, 47.22384556003389, 51.00985516881623, 31.218018487547127, 55.476627639395765, 32.58503847940841, 26.442171162185744, 30.820576482176797, 54.29797968307099, 40.31881872645997, 35.075690281669914, 28.95935155284563, 45.590681849052004, 2.7762007438857776, 12.445829605232616, 24.112669935054313, 45.916425452512165, 33.08470315814137, 35.80629909433955, 33.76865713557538, 41.04678454237869, 52.63178183009674, 51.56121427358631], [17.291565342967555, 61.08768186894126, 26.17961992838657, 45.418982791823694, 56.59990359190297, 80.62377197657766, 61.21493271272649, 80.93488634989042, 65.80211884448163, 75.31729826660947, 31.142824548054254, 52.220707260329156, 95.88729417638137, 23.92031441861923, 43.8027983573173, 10.306123819155257, 88.36756367792557, 50.5898674932889, 0.0, 53.31567639971412, 48.69262255551457, 64.76248187742175, 65.1838232953962, 58.822869400537584, 44.65342624254259, 20.78480017185045, 96.88252508785938, 60.75633276105455, 31.0977372426255, 28.120459450838666, 14.95146720475292, 67.47922062166168, 54.52780223175895, 98.6671939443826, 95.07738713441488, 39.3720224821321, 59.36908074055851, 5.114218227615283, 72.41951805373473, 72.10542832312582, 87.01097707771339, 75.22575083832884, 18.620574409754617, 27.425564335214744, 72.15590056816667, 46.613665415025416, 76.21154602575933, 76.85543695449475, 28.15202132347244, 59.57641054432779, 58.44843504873707, 48.179518464917734, 47.37435505715681, 70.86306447367521, 82.60790854265696, 37.294245117841555, 62.8092942896158, 53.260740500141395, 52.8198559775188, 72.00154926522109, 96.13802042110966, 73.09727732959998, 86.14259242146919, 53.56167504735203, 9.583127895341148, 102.92185512757821, 6.598901138632045], [37.36270668225498, 84.90827146514219, 71.15614624145233, 48.3592758223801, 55.2472156739636, 77.38279814607233, 27.261602704560335, 72.36917276477234, 70.40336488675284, 62.79070611510711, 36.970726829982794, 28.418730248239143, 86.34772267953757, 55.20031415224574, 86.14452742142134, 55.02417601406194, 94.10982067551952, 44.024545595309675, 53.31567639971412, 0.0, 4.653642248145872, 49.98102632283775, 22.250333550280303, 65.65480878663361, 40.04894157914054, 37.27771905156432, 71.45657962716113, 63.09825745891896, 31.589499968597774, 47.53846852629433, 42.32904234142355, 18.49290234713629, 49.1142960302608, 76.2738470546461, 64.36420766554107, 17.546605049241027, 54.154288306411196, 56.97173017445362, 53.67050261563655, 51.41837924644914, 36.34912694080038, 61.48030370389018, 62.659268454304446, 26.285685281583103, 57.3457671647421, 9.601257293312496, 94.26722594846566, 73.24141312756737, 34.042548429508855, 17.71027212801333, 23.033304682458358, 13.20928640278545, 86.03590583168572, 84.02460198092975, 75.0766723360862, 62.06914744340746, 86.47124469528333, 44.37931240877502, 33.19593923313539, 65.24648702446957, 78.60697452340517, 35.27027065988532, 62.641093660436425, 11.49998228446616, 48.424497462048286, 84.04516165181423, 58.83318006910894], [32.713314904755165, 82.12562030027404, 66.93779062358412, 46.140473537062476, 53.76291200795613, 76.70162135774244, 28.400303594086804, 72.10049154255712, 68.85389864892849, 62.696448891192674, 33.59876839244656, 27.8701095545405, 86.42378277975892, 51.297989033536695, 82.19001351711826, 50.593399652483576, 92.89296756342034, 42.5038149922472, 48.69262255551457, 4.653642248145872, 0.0, 49.698944810761596, 24.833733158843746, 63.78551627183967, 38.028526298567755, 33.056143046633075, 72.96487999309295, 61.54764015015533, 27.449429566697138, 43.96504722038652, 37.70378421116622, 22.270221948622527, 47.759149522579555, 77.52158099839768, 66.37149495669401, 14.140491313237881, 53.008102928640355, 52.39499706746521, 53.991819596942, 51.89282722198268, 40.6959656882658, 61.480138247550634, 58.38034280884863, 21.63263324274761, 57.33834922458614, 6.419263061355177, 92.04262204590626, 72.50974780348767, 29.764739804732795, 19.673714990907595, 24.070279713291868, 12.14365907343591, 82.29568558356587, 82.03680881335373, 74.76202443957489, 58.75225398516313, 83.72248637101285, 43.13760785240332, 32.48695759229206, 64.62536044173606, 79.37180062977015, 37.53029427065034, 63.763482290130256, 12.505105510562359, 43.95969210873562, 85.03026858809032, 54.25600963587605], [60.359310160830766, 49.978771059974804, 63.01362843483975, 21.16479082013259, 14.490982656492056, 27.740570288963088, 24.832542988111737, 22.41231487440184, 25.692888301483826, 13.110807397757432, 33.9846809225431, 21.843633485233518, 36.91590802591602, 46.49820202817006, 68.70949901250916, 57.96432937032765, 45.842525099523236, 14.218381212952574, 64.76248187742175, 49.98102632283775, 49.698944810761596, 0.0, 34.22648809576883, 24.876661924797652, 20.169983294506306, 45.32212617393378, 32.30534537520466, 19.909049899423717, 67.27440377058684, 38.05539183922761, 65.4020126948281, 42.62284905134908, 11.59647968686256, 33.93994137414433, 32.55621582267264, 39.946838515331265, 10.408374065667092, 64.50325196872704, 7.814623383595926, 8.448199207038662, 53.05349900301389, 12.123943700669432, 58.662156305706674, 54.27401600140183, 8.145731953296268, 55.34169839568176, 52.475221325920174, 23.78500710725723, 67.55349014159931, 34.641133588520674, 28.09143115292294, 37.564288044126805, 64.62561724949202, 41.17506607089232, 25.10114845978631, 40.706317581477784, 50.90041275050491, 11.505988798657127, 17.43067411985686, 15.671858140986332, 32.413328147589276, 27.3910317610182, 21.637266182887448, 38.60745206192171, 55.238084265883806, 38.98305082048881, 65.7719439917568], [52.45321360919126, 78.86464214560908, 76.27117523536391, 41.845634025528994, 44.2661032439306, 61.69873809829598, 9.695858241603691, 55.34495075242023, 58.67322662147682, 45.51980912724818, 38.93028594734181, 18.39945449110984, 67.86606790656948, 58.497470597977355, 88.17091327696748, 63.437497573825, 80.06892312759675, 34.58035539838135, 65.1838232953962, 22.250333550280303, 24.833733158843746, 34.22648809576883, 0.0, 55.730292796835286, 33.838581137490046, 45.21786825673329, 49.87441552989697, 51.809443107166615, 51.29219084520489, 49.183893736329985, 57.99125481289738, 8.409972843361716, 38.165211963580916, 55.08248985535298, 42.2519867155307, 26.190424897236227, 41.706247031524555, 67.53356097628972, 35.423863631325496, 32.790683794434116, 23.625447002420163, 43.93995015210222, 68.84945258918563, 42.017699332745366, 40.03423563331304, 31.19121115767353, 84.85535628304613, 57.89870884506651, 53.12462559673433, 5.830119587499975, 8.512883714381182, 17.58408351041691, 86.31149669427273, 73.7739020964779, 58.12758676499038, 60.6022087790941, 80.17021162955572, 33.53032334335044, 22.198893743677708, 49.81986916846528, 58.396098341760315, 13.106010278944844, 41.865977395043444, 13.174834985182532, 57.75105950521386, 63.28945593659465, 69.30922850236936], [61.38953436992139, 25.145033947022934, 47.37458798220833, 18.08372573143677, 11.499345743242362, 22.446959622300774, 46.06746354437993, 25.326147708477283, 6.980252005003381, 24.96662884395781, 34.968850049179295, 38.716311841853994, 38.552604947372124, 35.537698159289974, 47.89518702536314, 49.46978701415406, 31.027948370452687, 21.89160844171681, 58.822869400537584, 65.65480878663361, 63.78551627183967, 24.876661924797652, 55.730292796835286, 0.0, 25.7668716028161, 44.85568913520436, 50.22281571178187, 5.255568202434042, 72.66993507494838, 31.322039208720806, 65.11040902394741, 63.693499106919894, 17.579759402823157, 48.913120686860104, 54.1933979637873, 50.64313401946415, 14.759939511538379, 56.62374290189085, 30.23300616649352, 32.24531440422462, 76.88815603159044, 26.08821731488554, 46.21926919920857, 59.645711488742485, 25.977894225431385, 67.99433154820312, 29.20117983288551, 19.305898828902283, 71.83526516106632, 54.288191089585844, 47.958633848846276, 52.458095628105866, 42.64631834798513, 18.432643922280924, 26.034279717059036, 24.006752317553673, 26.027277762771078, 22.319189088052262, 34.08661953524826, 18.059915467158802, 43.21108845158863, 51.598854344734264, 41.29209361768337, 55.64080537206157, 49.72090422746166, 49.72137485291555, 57.28252069722716], [40.81097288081039, 45.82856340527229, 46.02760384040697, 8.47394809402174, 16.511901349093314, 41.46241045314928, 25.138932337369205, 39.117906764827296, 31.144441771155915, 31.726973152445733, 13.84834563040777, 15.44032298868778, 54.428311345758004, 28.371521809515535, 55.35158006712202, 38.35300065351464, 55.62329250364996, 6.377661923775876, 44.65342624254259, 40.04894157914054, 38.028526298567755, 20.169983294506306, 33.838581137490046, 25.7668716028161, 0.0, 25.244350799809066, 52.237794836046945, 23.922030420937666, 49.42867122930971, 19.095858678477448, 45.628791722740004, 40.78754552368203, 11.535184478005952, 54.10949110958729, 51.04888474824972, 25.006096611403084, 17.19101725556966, 44.634205509000644, 27.76842608846329, 27.5120294848695, 57.08450165414164, 31.313318926865264, 40.32218677519564, 36.17000918558083, 27.866873715447895, 42.284005136306725, 54.22966832412286, 37.23465101121068, 49.214101987861575, 30.84350463496152, 25.35665005549807, 26.928560426349087, 52.85652654661395, 44.02416433579826, 41.35114922122704, 27.093207974196797, 47.270526210322785, 8.769773498430533, 12.253230295248125, 30.360032693714693, 52.208088649198295, 34.78835918766918, 41.500159984098886, 30.646478608685637, 35.175321467229374, 58.89831507249603, 45.992961428030036], [16.553222858969278, 55.18106862239769, 33.88686165496181, 28.31407196484141, 39.602248565241325, 64.78280024574971, 40.566190561124486, 63.667925805888615, 51.59534299590189, 56.875002527929794, 11.417821119785659, 31.437300772339885, 78.94999933675342, 19.097598723943793, 49.4487731889389, 18.428522112260787, 75.8218113073864, 31.541912063976643, 20.78480017185045, 37.27771905156432, 33.056143046633075, 45.32212617393378, 45.21786825673329, 44.85568913520436, 25.244350799809066, 0.0, 76.9562462557314, 45.343425351151915, 28.762538064917585, 14.860131306110413, 20.723867507222984, 48.53445847902736, 36.195897237814215, 79.200606257604, 74.5841706105767, 20.7128426596975, 41.56276544324832, 22.414125984187624, 52.73402414041801, 52.14155786328435, 67.89260309522254, 56.53074048558066, 25.396584171131074, 17.103202918574077, 53.10958426871893, 33.357842099769776, 68.20996301161114, 60.71250368906438, 27.413890604258956, 39.841045279810736, 38.018813039697505, 29.11863895382574, 50.23272075251773, 60.384986702887105, 65.6789997361599, 29.74704795786499, 56.917792346125196, 34.01371838669421, 32.15072926551022, 54.72523904389098, 77.4477745019074, 52.409415810996315, 66.23934297716612, 34.64878401526367, 12.539561455332391, 84.14265873285235, 24.14907314559631], [90.99329098976355, 73.35605033644687, 94.47977459157799, 53.17634182284677, 44.06248643303339, 35.569874338964475, 44.58967709010011, 27.835434760557856, 46.66351375059716, 25.300385120041753, 65.84273754627824, 48.458669347918544, 28.46111338962223, 78.58559120364828, 97.89546623220906, 90.26945066273717, 52.6446007376901, 46.50581134412504, 96.88252508785938, 71.45657962716113, 72.96487999309295, 32.30534537520466, 49.87441552989697, 50.22281571178187, 52.237794836046945, 76.9562462557314, 0.0, 45.192694399920654, 95.62515346072479, 70.34193387157565, 96.30199638505668, 56.86585166066489, 43.48147112917938, 6.408524088029729, 10.497491564070902, 67.39923061927458, 40.105784904849926, 96.77937151232754, 24.525103121823356, 24.820336671488004, 55.97809859525115, 24.385774436544907, 90.71660558625126, 83.40742370236228, 25.93578995499568, 79.3155870925861, 69.2677273581597, 35.0532616734296, 96.48798259108261, 53.750967319422635, 48.923703851233604, 62.00464792952633, 92.85450013406312, 59.2585106065244, 29.187992274634748, 71.34341195258123, 73.66925328147789, 43.76322204101593, 45.78058057791393, 32.3154170855117, 14.172825250901486, 36.969043578530695, 10.740254413511236, 60.474311098912274, 87.41229794622262, 15.336935216782049, 98.06674621613433], [61.875201151471515, 30.30194153949326, 51.22547190172145, 17.327198810981987, 7.872625216251408, 19.869523564780792, 42.114170278618374, 21.302919144476984, 7.309759161095183, 19.89501065116452, 34.78848723546598, 35.458141121283504, 35.42414050529878, 38.14217139185436, 52.7507436875551, 51.81607928758744, 31.714385577278357, 19.079116987966607, 60.75633276105455, 63.09825745891896, 61.54764015015533, 19.909049899423717, 51.809443107166615, 5.255568202434042, 23.922030420937666, 45.343425351151915, 45.192694399920654, 0.0, 72.36789036242443, 32.76678233870145, 65.92511454385853, 59.92534055105785, 14.108162558252292, 44.13145582542345, 48.962364085695654, 48.90932232518089, 10.20126575422097, 58.94181640612117, 25.002203082453555, 27.060272827099734, 72.41929346014606, 20.940972723728773, 49.37426300456653, 59.1862858003094, 20.724021523885607, 66.10593814427851, 33.124986613865325, 16.161876910695607, 71.75998807237062, 50.764662953266686, 44.31291226959866, 49.89771495374308, 47.67252582252901, 21.968004610280484, 22.410662530281204, 27.66190561089545, 31.1209652202432, 18.933252739052975, 30.699767962490128, 13.329470124030708, 38.80832997484661, 46.95858360136722, 36.101675561789285, 52.68487393202507, 51.42231886001866, 45.436875545945114, 59.738567556077264], [14.803205610155869, 83.76981298065436, 55.96998711411666, 55.04830106555591, 65.6525111573277, 90.86022932036455, 52.155114209831986, 88.32268556743713, 79.11742249196024, 80.12310148066888, 37.70965370694235, 47.237233229663154, 103.5477700449484, 46.23669581166337, 73.40528962758614, 38.094850959627095, 103.67461282164207, 55.60597033598649, 31.0977372426255, 31.589499968597774, 27.449429566697138, 67.27440377058684, 51.29219084520489, 72.66993507494838, 49.42867122930971, 28.762538064917585, 95.62515346072479, 72.36789036242443, 0.0, 43.62035730728551, 16.25209798155065, 49.705339863257876, 60.94725282139257, 99.25526029723648, 90.57476066834667, 28.225923838566636, 66.61376233026456, 36.076680738043116, 73.48407073258132, 72.03837596031042, 67.91572947548808, 79.34589520974572, 47.41651353243899, 13.260642582775965, 75.41929978591786, 22.2159639336325, 96.97124521105754, 86.64501217865721, 3.1979709516404786, 45.62201033806778, 48.057488803965, 34.63215356121816, 75.7939055974952, 88.96128440341458, 90.66284122745587, 58.253941547881986, 85.51618134651959, 57.43377194806572, 50.5066963383334, 79.71794561213896, 99.39512551213984, 63.032250916614146, 85.4854034429968, 38.135698895940116, 32.0227777253419, 105.69497833752912, 37.68840376970428], [30.764710060416387, 40.452487534122724, 27.457156870437874, 17.549766046037973, 28.531709128098427, 52.62429737338965, 42