instance_id,num_cities,city_coordinates,distance_matrix,best_route,total_distance
22,41,"[[25.285156221101314, 83.3533082450394], [45.105368289115255, 9.041156582120358], [31.1806686276194, 23.190483757174174], [49.84819559443488, 5.193917775925739], [57.27392575216525, 54.11570211025183], [54.6957176313133, 80.92731902611976], [66.65959022423426, 27.980768900230135], [15.647391007987776, 75.01473722392608], [97.03190279470698, 19.01866938193242], [65.84446297405019, 73.8152737658336], [20.72774466596301, 33.91288771535634], [5.315047525709959, 71.49887510683325], [99.5785190881432, 28.982614426347197], [82.47384808312542, 83.41235464117437], [39.91557013781565, 39.13628164673666], [74.16744704438433, 36.0913318553448], [26.97989402826232, 21.490978368028557], [55.934096518564814, 18.82476570830447], [23.285815122002496, 9.883018316544545], [63.17563476295032, 42.01230794210845], [26.018932988840014, 95.82337296209218], [47.781542322837424, 94.48430880716397], [28.881255686656225, 32.11943944602446], [17.777416140349857, 38.29437671388515], [52.48171234453891, 92.38399028219565], [37.604350526926844, 70.34415912689225], [4.845662623743962, 41.539949368676986], [74.3260098086869, 83.03785444188475], [97.32198456661881, 45.534915231991725], [51.41378102106802, 0.6662592150060154], [73.70759886486262, 41.49584037676074], [37.827040492446564, 62.38220186893513], [30.584619005870163, 33.93201576301388], [76.71256038486031, 25.3645936972825], [59.458334418332335, 11.824163925576226], [88.01296837615118, 57.4073787871759], [32.0301574260634, 59.21676946066383], [87.6485136957262, 84.16051178273995], [92.60533190904412, 77.66729062575438], [59.37702388499447, 75.40772834880283], [69.8675777451636, 4.749093500188262]]","[[0.0, 76.90992583011457, 60.45099268740824, 81.92821993525375, 43.33727020249997, 29.510448084604963, 69.12280305783362, 12.744343254057949, 96.36670276368073, 41.66571091444766, 49.650027011420796, 23.22354034883453, 92.06343526297469, 57.1887223442388, 46.57461167384437, 67.99391714258026, 61.88553945831877, 71.4373175817282, 73.49748884831126, 56.0782192136774, 12.491634896696175, 25.099533086342525, 51.359918647529426, 45.68012118908364, 28.65669002225323, 17.916487075397143, 46.541700431332416, 49.04186815060098, 81.36052782628002, 86.717086616379, 64.00609789646869, 24.435346605147608, 49.70461202344368, 77.50786356185964, 79.27310133440155, 67.88202761550107, 25.06127582036888, 62.368581297470016, 67.55987604356824, 35.005537857600224, 90.36711174207043], [76.90992583011457, 0.0, 19.851970183575713, 6.1070170525367935, 46.688204562813794, 72.52306634051314, 28.693089725379195, 72.2515450921035, 52.876419578398284, 68.01320684455416, 34.82630533197644, 74.05562929154641, 58.00849850605267, 83.23147471272144, 30.53932804608067, 39.70285133198402, 21.989335589819824, 14.593846737623046, 21.835787862872, 37.598289222232594, 88.85631712091067, 85.48505231682755, 28.210440792083336, 40.03208534067018, 83.66862243865612, 61.760208779382985, 51.739882420100976, 79.55725727401979, 63.705332868348705, 10.48498817864677, 43.25961273657348, 53.835315247575025, 28.81678383355669, 35.57343378744849, 14.620286131953165, 64.655654011214, 51.85126099576294, 86.3298137774251, 83.46132528105092, 67.88373885924085, 25.131430970887724], [60.45099268740824, 19.851970183575713, 0.0, 25.929769574259844, 40.46266424190569, 62.34179718711584, 35.800847886754404, 54.10208832378557, 65.98324845375588, 61.35509760331663, 14.974430406216156, 54.79718085612944, 68.64265966080386, 79.10539799169166, 18.181500893149725, 44.880897944494386, 4.531536803595293, 25.13546670413066, 15.473116955827079, 37.1205997210383, 72.81607040385067, 73.20108262657823, 9.220279256428233, 20.193433578400693, 72.39803732600978, 47.58920875593801, 32.0972807174047, 73.77823692325451, 69.81366121380081, 30.277376510390305, 46.29930751505462, 39.75128963338545, 10.758056747576031, 45.58376817491925, 30.47654194762643, 66.33781877783684, 36.03629965476679, 83.10211696505685, 82.10183765198556, 59.34370297295303, 42.85745923033212], [81.92821993525375, 6.1070170525367935, 25.929769574259844, 0.0, 49.48214274695206, 75.88838208066443, 28.317195722035407, 77.74729489024428, 49.16732636750542, 70.46113161150484, 40.899631986846245, 79.87207674503301, 55.12719077836862, 84.74996794073544, 35.36581843531987, 39.32017532871581, 28.081193002863696, 14.92776625667615, 26.973092522777, 39.15628288307943, 93.70982821277474, 89.3143044884549, 34.12618183013384, 46.08877603816464, 87.22983522924758, 66.29076625086127, 57.846883981070185, 81.6017270917796, 62.29893028877603, 4.790694080439257, 43.4407724256592, 58.43806984739323, 34.59716258450941, 33.59390216568256, 11.675398589321752, 64.6745343412179, 56.88541982196099, 87.54762713858004, 84.1460782096014, 70.85744677699611, 20.024323467553184], [43.33727020249997, 46.688204562813794, 40.46266424190569, 49.48214274695206, 0.0, 26.935292067428605, 27.769145314081122, 46.57830034995698, 53.03299392687536, 21.48318485898019, 41.758556745415454, 54.78959508867251, 49.207222171641725, 38.64362735308417, 22.92805153206437, 24.70362290710893, 44.520792415962504, 35.31636071994826, 55.782810791517825, 13.46559763387533, 52.11913641380645, 41.469624423418125, 35.9162816093556, 42.54748651582069, 38.567177611995014, 25.500098170051384, 53.91541831127907, 33.57475936123533, 40.957013053396025, 53.76973351320936, 20.720195996839056, 21.130933830878718, 33.46192297465153, 34.70571640749875, 42.347914272685266, 30.91478411350514, 25.754004104514358, 42.72360215381134, 42.461577721816816, 21.395639815145845, 50.94764092850575], [29.510448084604963, 72.52306634051314, 62.34179718711584, 75.88838208066443, 26.935292067428605, 0.0, 54.28140950318984, 39.493422688462246, 75.0002231660406, 13.224058019441548, 58.001551176233725, 50.27271759928598, 68.64924036412089, 27.889064763917442, 44.327683959062654, 48.881632459582946, 65.58083156548187, 62.114899266282976, 77.6780190205502, 39.82821967183764, 32.31486345776802, 15.218337363840854, 55.21408837060731, 56.396176778005064, 11.668638981460543, 20.102688948235773, 63.53261267089315, 19.74342246699527, 55.40415940312179, 80.32813224466784, 43.77548556570722, 25.06937651376733, 52.819538105867004, 59.765858236975305, 69.26708138437603, 40.782677524138734, 31.385913748876686, 33.111029942667855, 38.049528773133595, 7.237438047118495, 77.67436760987451], [69.12280305783362, 28.693089725379195, 35.800847886754404, 28.317195722035407, 27.769145314081122, 54.28140950318984, 0.0, 69.38615600501625, 31.666963837007913, 45.841752461146385, 46.313329291097794, 75.21288776998435, 32.93417027959407, 57.64331226936177, 28.977371775580888, 11.052110453698523, 40.206910741270384, 14.102078204325347, 46.998009987745995, 14.457594320631825, 79.08401827436049, 69.13104593972649, 38.00435704389415, 49.958357151742554, 65.94533452448334, 51.369872351062355, 63.28359203122534, 55.588278059191154, 35.33172059558938, 31.28125856808755, 15.242427064418024, 44.88623969922535, 36.56256128374476, 10.38780928506852, 17.68880915972151, 36.35783447810467, 46.63566603935712, 59.97248051262393, 56.052938841383444, 47.98283291993073, 23.452119857858246], [12.744343254057949, 72.2515450921035, 54.10208832378557, 77.74729489024428, 46.57830034995698, 39.493422688462246, 69.38615600501625, 0.0, 98.78764281289331, 50.21140056355078, 41.41463541207645, 10.914147161467877, 95.72560049463694, 67.35202553377059, 43.315217797926024, 70.2824903086814, 54.710313349210494, 69.139941711158, 65.57809337557566, 57.862719370355464, 23.25012267374656, 37.5721691995615, 44.89033020359908, 36.782086442341296, 40.724171939113916, 22.448215320528735, 35.1744048711689, 59.224578632953275, 86.83201677747506, 82.50412618051679, 67.04106340321893, 25.524846733105946, 43.71396553614893, 78.70255182166864, 76.89243991627875, 74.47681423737082, 22.758972317710203, 72.57965872457245, 77.00364087028633, 43.73139871513392, 88.75296805023183], [96.36670276368073, 52.876419578398284, 65.98324845375588, 49.16732636750542, 53.03299392687536, 75.0002231660406, 31.666963837007913, 98.78764281289331, 0.0, 63.0501725181848, 77.7442106365488, 105.67002192373228, 10.284233340123736, 66.01881291156117, 60.55570806628945, 28.535226312218477, 70.09562214530071, 41.09826370232636, 74.30979455912079, 40.926205532325646, 104.60308013000945, 90.11470879089691, 69.39842128981232, 81.56486098800615, 85.83233528190206, 78.52349881468425, 94.89737050677336, 67.92653113499185, 26.51783251729264, 49.171373715706345, 32.39207263733682, 73.38672679702341, 68.10028945016556, 21.287236349154036, 38.256162239509074, 39.433921791351665, 76.4271820160189, 65.81419012913945, 58.81543422952076, 67.80572156443954, 30.684219906038095], [41.66571091444766, 68.01320684455416, 61.35509760331663, 70.46113161150484, 21.48318485898019, 13.224058019441548, 45.841752461146385, 50.21140056355078, 63.0501725181848, 0.0, 60.23054609923947, 60.57372233291584, 56.106629602563125, 19.200010688376313, 43.30057711058043, 38.63117726786189, 65.17888161221133, 55.876393402824284, 76.80216008568868, 31.91475018240613, 45.501969944555505, 27.44955577039001, 55.720923292743706, 59.76767620284614, 22.877070123849364, 28.45263762576053, 69.01123248514122, 12.529670028951609, 42.31563593298896, 74.5588553518984, 33.262211000294315, 30.260388224745526, 53.23467728445326, 49.65464671544801, 62.31918113355637, 27.58009516650806, 36.83101393717896, 24.13380569864323, 27.03668138002587, 6.660606576691463, 69.18325454145798], [49.650027011420796, 34.82630533197644, 14.974430406216156, 40.899631986846245, 41.758556745415454, 58.001551176233725, 46.313329291097794, 41.41463541207645, 77.7442106365488, 60.23054609923947, 0.0, 40.62336373725625, 79.00476075327273, 79.13771865010432, 19.886087863143363, 53.484085569123266, 13.906588491852666, 38.30324576937158, 24.165643955459036, 43.213701319089, 62.136179938538596, 66.33856360172551, 8.348424920865927, 5.282223419477414, 66.53708964715759, 40.150434145190914, 17.618530002793392, 72.70513312134332, 77.47095655506418, 45.24346509527241, 53.51977318712927, 33.20975408124485, 9.856892899637659, 56.6336730373223, 44.586660574969436, 71.2691549020604, 27.713371602534863, 83.68520210856889, 84.1476994452741, 56.70616001234592, 57.142366839993315], [23.22354034883453, 74.05562929154641, 54.79718085612944, 79.87207674503301, 54.78959508867251, 50.27271759928598, 75.21288776998435, 10.914147161467877, 105.67002192373228, 60.57372233291584, 40.62336373725625, 0.0, 103.40809684571467, 78.07311635943694, 47.37650916323747, 77.42316861628163, 54.49913127948104, 73.05374680240034, 64.18303744761013, 64.94078224504328, 31.942637166973302, 48.28802483791145, 45.89233182187227, 35.466171840423584, 51.583740713716274, 32.309943628838546, 29.96260258339645, 69.96899998797477, 95.60022843085756, 84.51244111937119, 74.68415609547027, 33.76600979677253, 45.274939687969045, 85.00574547433932, 80.57646474066269, 83.88990631484074, 29.403183774748427, 83.30136070246316, 87.5079601964154, 54.203103430883864, 92.85775413108092], [92.06343526297469, 58.00849850605267, 68.64265966080386, 55.12719077836862, 49.207222171641725, 68.64924036412089, 32.93417027959407, 95.72560049463694, 10.284233340123736, 56.106629602563125, 79.00476075327273, 103.40809684571467, 0.0, 57.05406549969485, 60.520776890848005, 26.38667174727494, 72.98414191737452, 44.81090840421074, 78.64713122563829, 38.66449146578866, 99.39164808340067, 83.50687857166947, 70.76681936941424, 82.32939548165709, 78.98002067522503, 74.50889174366536, 95.56150247227345, 59.66287118507119, 16.705406610058066, 55.87179937611469, 28.738220837161283, 70.205253009229, 69.17119936905874, 23.150424216765018, 43.635325615000674, 30.687606492528815, 74.00598147359595, 56.452859850814576, 49.181531453136714, 61.4121439072255, 38.340625607370534], [57.1887223442388, 83.23147471272144, 79.10539799169166, 84.74996794073544, 38.64362735308417, 27.889064763917442, 57.64331226936177, 67.35202553377059, 66.01881291156117, 19.200010688376313, 79.13771865010432, 78.07311635943694, 57.05406549969485, 0.0, 61.413171726259314, 48.04451577145305, 83.14947850830913, 69.82775277259019, 94.39166566041465, 45.67696250886023, 57.80303464408362, 36.41626350985348, 74.1830783197282, 78.87496585339069, 31.30524640115521, 46.73381586116432, 88.20109693773875, 8.156440335444938, 40.68375072714843, 88.38350566806038, 42.8233732141162, 49.351846507124954, 71.69934469525835, 58.332966550154126, 75.19696083743763, 26.58835502222079, 55.946333832814354, 5.2284704561380595, 11.64700498223153, 24.444576701589515, 79.66697374175043], [46.57461167384437, 30.53932804608067, 18.181500893149725, 35.36581843531987, 22.92805153206437, 44.327683959062654, 28.977371775580888, 43.315217797926024, 60.55570806628945, 43.30057711058043, 19.886087863143363, 47.37650916323747, 60.520776890848005, 61.413171726259314, 0.0, 34.38695669661435, 21.878949796753403, 25.867950578427006, 33.64969787905273, 23.437195515187202, 58.36559642328471, 55.90418257131514, 13.076397434949788, 22.154156863475315, 54.71038662709601, 31.293343587832847, 35.152183880422555, 55.7801618161005, 57.76191590771426, 40.15160618721999, 33.87430771085957, 23.339553617333838, 10.684148651869068, 39.2896663286702, 33.583796839225386, 51.450876649600524, 21.573264112784173, 65.61718677330246, 65.27518401697505, 41.16267760744444, 45.602647602269194], [67.99391714258026, 39.70285133198402, 44.880897944494386, 39.32017532871581, 24.70362290710893, 48.881632459582946, 11.052110453698523, 70.2824903086814, 28.535226312218477, 38.63117726786189, 53.484085569123266, 77.42316861628163, 26.38667174727494, 48.04451577145305, 34.38695669661435, 0.0, 49.39469082405429, 25.111538740338514, 57.234746139323505, 12.485106929870911, 76.72154938825928, 64.07773189861074, 45.46003802242124, 56.43304875697134, 60.325239180911524, 50.10105989936118, 69.53558246012129, 46.94679036013782, 25.006276709263346, 42.103029452450315, 5.424036569407231, 44.85348363763538, 43.63628703065026, 11.024541415745986, 28.376987746719532, 25.41795266634268, 48.06596551423638, 49.92379409610422, 45.480940469181675, 42.00637630723001, 31.63581484807727], [61.88553945831877, 21.989335589819824, 4.531536803595293, 28.081193002863696, 44.520792415962504, 65.58083156548187, 40.206910741270384, 54.710313349210494, 70.09562214530071, 65.17888161221133, 13.906588491852666, 54.49913127948104, 72.98414191737452, 83.14947850830913, 21.878949796753403, 49.39469082405429, 0.0, 29.076700840988, 12.181582636198076, 41.60837193186917, 74.3386059339753, 75.89950500739785, 10.797192275887477, 19.15828268000694, 75.34030711178856, 49.99512322367278, 29.864451075712214, 77.65096672897242, 74.33788133397796, 32.1042639127494, 50.829842644698935, 42.305469455101886, 12.952739232595283, 49.88329378314672, 33.886522271194146, 70.81683403982034, 38.06232354904688, 87.22472029633005, 86.38562470643983, 62.90143044035874, 46.03959299916735], [71.4373175817282, 14.593846737623046, 25.13546670413066, 14.92776625667615, 35.31636071994826, 62.114899266282976, 14.102078204325347, 69.139941711158, 41.09826370232636, 55.876393402824284, 38.30324576937158, 73.05374680240034, 44.81090840421074, 69.82775277259019, 25.867950578427006, 25.111538740338514, 29.076700840988, 0.0, 33.850629603704014, 24.292014963550084, 82.60570517847557, 76.09750719860966, 30.143067973731576, 42.836876755826665, 73.64019606435892, 54.68297254481686, 55.9107113758172, 66.7950839446888, 49.25839384973876, 18.712685811076714, 28.80755130649902, 47.171132303776645, 29.50974439709923, 21.783340211463624, 7.837644932918027, 50.176409314032696, 46.935192247061586, 72.6261934290249, 69.3341347658183, 56.68761249185349, 19.80571753818366], [73.49748884831126, 21.835787862872, 15.473116955827079, 26.973092522777, 55.782810791517825, 77.6780190205502, 46.998009987745995, 65.57809337557566, 74.30979455912079, 76.80216008568868, 24.165643955459036, 64.18303744761013, 78.64713122563829, 94.39166566041465, 33.64969787905273, 57.234746139323505, 12.181582636198076, 33.850629603704014, 0.0, 51.22000549424721, 85.983803648574, 88.07621133868041, 22.929617959315266, 28.940417158762735, 87.51463186179816, 62.13348537005441, 36.636054752094935, 89.20051301522892, 82.17306212927453, 29.599512056025286, 59.51240874324148, 54.47578828196655, 25.13218685899519, 55.624601442633015, 36.22456622954673, 80.30049318982144, 50.10271972937677, 98.28378810013741, 96.95309680499152, 74.80683775421467, 46.86382179358111], [56.0782192136774, 37.598289222232594, 37.1205997210383, 39.15628288307943, 13.46559763387533, 39.82821967183764, 14.457594320631825, 57.862719370355464, 40.926205532325646, 31.91475018240613, 43.213701319089, 64.94078224504328, 38.66449146578866, 45.67696250886023, 23.437195515187202, 12.485106929870911, 41.60837193186917, 24.292014963550084, 51.22000549424721, 0.0, 65.39305165929396, 54.683534604459574, 35.69276233789378, 45.55020600088682, 51.4943332655318, 38.165224603508335, 58.33188469767185, 42.51383691536078, 34.327568615228635, 42.986474021363506, 10.54461979352625, 32.5189761536366, 33.577752006020056, 21.456811153349513, 30.416152962118456, 29.22159043135885, 35.58137510954277, 48.73800252626003, 46.23185984017832, 33.61076536977378, 37.85933506312179], [12.491634896696175, 88.85631712091067, 72.81607040385067, 93.70982821277474, 52.11913641380645, 32.31486345776802, 79.08401827436049, 23.25012267374656, 104.60308013000945, 45.501969944555505, 62.136179938538596, 31.942637166973302, 99.39164808340067, 57.80303464408362, 58.36559642328471, 76.72154938825928, 74.3386059339753, 82.60570517847557, 85.983803648574, 65.39305165929396, 0.0, 21.803767056066363, 63.76820553101687, 58.11633169161802, 26.685352619876998, 27.989502267665518, 58.26660668835624, 49.970422798983364, 87.2528174053737, 98.48743373271459, 72.28893172433227, 35.464677171779414, 62.05953258565525, 86.80025019580135, 90.41051203661573, 72.93181083759261, 37.09687640685476, 62.72342105621662, 69.01733004807153, 39.10959950206897, 101.08030483962361], [25.099533086342525, 85.48505231682755, 73.20108262657823, 89.3143044884549, 41.469624423418125, 15.218337363840854, 69.13104593972649, 37.5721691995615, 90.11470879089691, 27.44955577039001, 66.33856360172551, 48.28802483791145, 83.50687857166947, 36.41626350985348, 55.90418257131514, 64.07773189861074, 75.89950500739785, 76.09750719860966, 88.07621133868041, 54.683534604459574, 21.803767056066363, 0.0, 65.16592487920207, 63.69894863042813, 5.148100245646587, 26.197749129203306, 68.1659369618487, 28.90726676190158, 69.64408481046006, 93.88833573579592, 58.99100096133415, 33.61007849685471, 62.946917037089904, 74.9302263641067, 83.48081830867788, 54.710751977927934, 38.62519200888529, 41.18198867767606, 47.874671940206476, 22.324227078280895, 92.41321240420946], [51.359918647529426, 28.210440792083336, 9.220279256428233, 34.12618183013384, 35.9162816093556, 55.21408837060731, 38.00435704389415, 44.89033020359908, 69.39842128981232, 55.720923292743706, 8.348424920865927, 45.89233182187227, 70.76681936941424, 74.1830783197282, 13.076397434949788, 45.46003802242124, 10.797192275887477, 30.143067973731576, 22.929617959315266, 35.69276233789378, 63.76820553101687, 65.16592487920207, 0.0, 12.70531789968799, 64.72092120748948, 39.20741738846461, 25.81580409533491, 68.24888763124623, 69.74315995267507, 38.69130709333608, 45.796483894991795, 31.55727895838048, 2.487343864879655, 48.30591734168535, 36.699536130774526, 64.31204647431719, 27.27967881201532, 78.49754024082443, 78.32856846315734, 52.95156120585288, 49.28503254618424], [45.68012118908364, 40.03208534067018, 20.193433578400693, 46.08877603816464, 42.54748651582069, 56.396176778005064, 49.958357151742554, 36.782086442341296, 81.56486098800615, 59.76767620284614, 5.282223419477414, 35.466171840423584, 82.32939548165709, 78.87496585339069, 22.154156863475315, 56.43304875697134, 19.15828268000694, 42.836876755826665, 28.940417158762735, 45.55020600088682, 58.11633169161802, 63.69894863042813, 12.70531789968799, 0.0, 64.26565545450579, 37.686813076867196, 13.332816314334398, 72.10909959958371, 79.8734233907222, 50.47058815684898, 56.02173425718003, 31.340241820388812, 13.529768597587989, 60.33680896416117, 49.375815067239216, 72.78969464231591, 25.3157490982973, 83.58033632229143, 84.5543808929985, 55.74879580838803, 61.957008981250425], [28.65669002225323, 83.66862243865612, 72.39803732600978, 87.22983522924758, 38.567177611995014, 11.668638981460543, 65.94533452448334, 40.724171939113916, 85.83233528190206, 22.877070123849364, 66.53708964715759, 51.583740713716274, 78.98002067522503, 31.30524640115521, 54.71038662709601, 60.325239180911524, 75.34030711178856, 73.64019606435892, 87.51463186179816, 51.4943332655318, 26.685352619876998, 5.148100245646587, 64.72092120748948, 64.26565545450579, 0.0, 26.591164923831826, 69.67287656913275, 23.75970510860197, 64.84971739344644, 91.72394817835183, 55.137483252064335, 33.389619870351346, 62.41887552554473, 71.26523356699967, 80.86135590113003, 49.85813380841215, 38.96576235116765, 36.11550243184882, 42.737408622131554, 18.323176320471887, 89.3428421851562], [17.916487075397143, 61.760208779382985, 47.58920875593801, 66.29076625086127, 25.500098170051384, 20.102688948235773, 51.369872351062355, 22.448215320528735, 78.52349881468425, 28.45263762576053, 40.150434145190914, 32.309943628838546, 74.50889174366536, 46.73381586116432, 31.293343587832847, 50.10105989936118, 49.99512322367278, 54.68297254481686, 62.13348537005441, 38.165224603508335, 27.989502267665518, 26.197749129203306, 39.20741738846461, 37.686813076867196, 26.591164923831826, 0.0, 43.62125781007929, 38.85370202639045, 64.66602197394884, 71.03316202101207, 46.21331015259404, 7.965070884698974, 37.082621468544374, 59.603803440122086, 62.46748314353525, 52.04218518689631, 12.445498363255712, 51.91637379455698, 55.48636055775904, 22.353725381291326, 73.10012630021357], [46.541700431332416, 51.739882420100976, 32.0972807174047, 57.846883981070185, 53.91541831127907, 63.53261267089315, 63.28359203122534, 35.1744048711689, 94.89737050677336, 69.01123248514122, 17.618530002793392, 29.96260258339645, 95.56150247227345, 88.20109693773875, 35.152183880422555, 69.53558246012129, 29.864451075712214, 55.9107113758172, 36.636054752094935, 58.33188469767185, 58.26660668835624, 68.1659369618487, 25.81580409533491, 13.332816314334398, 69.67287656913275, 43.62125781007929, 0.0, 80.92956672567308, 92.56257274045102, 61.96166716483257, 68.86195036795762, 39.01500705373078, 26.83979376577199, 73.66473460824294, 62.17372294662615, 84.66744393487636, 32.42632767091892, 93.1280005483845, 94.90492262981189, 64.1926461057002, 74.70887846563494], [49.04186815060098, 79.55725727401979, 73.77823692325451, 81.6017270917796, 33.57475936123533, 19.74342246699527, 55.588278059191154, 59.224578632953275, 67.92653113499185, 12.529670028951609, 72.70513312134332, 69.96899998797477, 59.66287118507119, 8.156440335444938, 55.7801618161005, 46.94679036013782, 77.65096672897242, 66.7950839446888, 89.20051301522892, 42.51383691536078, 49.970422798983364, 28.90726676190158, 68.24888763124623, 72.10909959958371, 23.75970510860197, 38.85370202639045, 80.92956672567308, 0.0, 43.991877709963376, 85.49882998168421, 41.54661676577772, 41.93841609267396, 65.76239549864368, 57.72261799821204, 72.74914080912244, 29.05605129941277, 48.54259179787609, 13.369722110992173, 19.051944051769013, 16.78365289033004, 78.41560881770384], [81.36052782628002, 63.705332868348705, 69.81366121380081, 62.29893028877603, 40.957013053396025, 55.40415940312179, 35.33172059558938, 86.83201677747506, 26.51783251729264, 42.31563593298896, 77.47095655506418, 95.60022843085756, 16.705406610058066, 40.68375072714843, 57.76191590771426, 25.006276709263346, 74.33788133397796, 49.25839384973876, 82.17306212927453, 34.327568615228635, 87.2528174053737, 69.64408481046006, 69.74315995267507, 79.8734233907222, 64.84971739344644, 64.66602197394884, 92.56257274045102, 43.991877709963376, 0.0, 64.19314173297884, 23.957323259443374, 61.83429014241382, 67.73849155447887, 28.8373063221447, 50.69586527710942, 15.086854321016192, 66.70993798892937, 39.81849755567355, 32.476704893475414, 48.292908430140535, 49.16531000874924], [86.717086616379, 10.48498817864677, 30.277376510390305, 4.790694080439257, 53.76973351320936, 80.32813224466784, 31.28125856808755, 82.50412618051679, 49.171373715706345, 74.5588553518984, 45.24346509527241, 84.51244111937119, 55.87179937611469, 88.38350566806038, 40.15160618721999, 42.103029452450315, 32.1042639127494, 18.712685811076714, 29.599512056025286, 42.986474021363506, 98.48743373271459, 93.88833573579592, 38.69130709333608, 50.47058815684898, 91.72394817835183, 71.03316202101207, 61.96166716483257, 85.49882998168421, 64.19314173297884, 0.0, 46.51955515583324, 63.19380583455274, 39.248752196301595, 35.355847656310694, 13.755496243015072, 67.52077580534572, 61.67566062637433, 91.01783376816043, 87.32641469152263, 75.16448925648452, 18.90005686061554], [64.00609789646869, 43.25961273657348, 46.29930751505462, 43.4407724256592, 20.720195996839056, 43.77548556570722, 15.242427064418024, 67.04106340321893, 32.39207263733682, 33.262211000294315, 53.51977318712927, 74.68415609547027, 28.738220837161283, 42.8233732141162, 33.87430771085957, 5.424036569407231, 50.829842644698935, 28.80755130649902, 59.51240874324148, 10.54461979352625, 72.28893172433227, 58.99100096133415, 45.796483894991795, 56.02173425718003, 55.137483252064335, 46.21331015259404, 68.86195036795762, 41.54661676577772, 23.957323259443374, 46.51955515583324, 0.0, 41.51691902704415, 43.78130690953151, 16.4087450212027, 32.91580047167211, 21.39674394483005, 45.28841410870181, 44.88455516657786, 40.81051491128936, 36.815506584616706, 36.94684246604334], [24.435346605147608, 53.835315247575025, 39.75128963338545, 58.43806984739323, 21.130933830878718, 25.06937651376733, 44.88623969922535, 25.524846733105946, 73.38672679702341, 30.260388224745526, 33.20975408124485, 33.76600979677253, 70.205253009229, 49.351846507124954, 23.339553617333838, 44.85348363763538, 42.305469455101886, 47.171132303776645, 54.47578828196655, 32.5189761536366, 35.464677171779414, 33.61007849685471, 31.55727895838048, 31.340241820388812, 33.389619870351346, 7.965070884698974, 39.01500705373078, 41.93841609267396, 61.83429014241382, 63.19380583455274, 41.51691902704415, 0.0, 29.3575502801371, 53.68786615291493, 54.991163631898, 50.43189687334004, 6.6048327470613595, 54.373467563204386, 56.87086379531726, 25.18066965544851, 65.94066429515605], [49.70461202344368, 28.81678383355669, 10.758056747576031, 34.59716258450941, 33.46192297465153, 52.819538105867004, 36.56256128374476, 43.71396553614893, 68.10028945016556, 53.23467728445326, 9.856892899637659, 45.274939687969045, 69.17119936905874, 71.69934469525835, 10.684148651869068, 43.63628703065026, 12.952739232595283, 29.50974439709923, 25.13218685899519, 33.577752006020056, 62.05953258565525, 62.946917037089904, 2.487343864879655, 13.529768597587989, 62.41887552554473, 37.082621468544374, 26.83979376577199, 65.76239549864368, 67.73849155447887, 39.248752196301595, 43.78130690953151, 29.3575502801371, 0.0, 46.91681677944415, 36.365485760346324, 62.04117971566344, 25.32604096330648, 76.02098321896801, 75.89033598777507, 50.489972402670155, 48.93663044296321], [77.50786356185964, 35.57343378744849, 45.58376817491925, 33.59390216568256, 34.70571640749875, 59.765858236975305, 10.38780928506852, 78.70255182166864, 21.287236349154036, 49.65464671544801, 56.6336730373223, 85.00574547433932, 23.150424216765018, 58.332966550154126, 39.2896663286702, 11.024541415745986, 49.88329378314672, 21.783340211463624, 55.624601442633015, 21.456811153349513, 86.80025019580135, 74.9302263641067, 48.30591734168535, 60.33680896416117, 71.26523356699967, 59.603803440122086, 73.66473460824294, 57.72261799821204, 28.8373063221447, 35.355847656310694, 16.4087450212027, 53.68786615291493, 46.91681677944415, 0.0, 21.932887454836354, 33.97704073468914, 56.057889169029245, 59.80430635271394, 54.66399448184782, 52.9607038424564, 21.72216922211366], [79.27310133440155, 14.620286131953165, 30.47654194762643, 11.675398589321752, 42.347914272685266, 69.26708138437603, 17.68880915972151, 76.89243991627875, 38.256162239509074, 62.31918113355637, 44.586660574969436, 80.57646474066269, 43.635325615000674, 75.19696083743763, 33.583796839225386, 28.376987746719532, 33.886522271194146, 7.837644932918027, 36.22456622954673, 30.416152962118456, 90.41051203661573, 83.48081830867788, 36.699536130774526, 49.375815067239216, 80.86135590113003, 62.46748314353525, 62.17372294662615, 72.74914080912244, 50.69586527710942, 13.755496243015072, 32.91580047167211, 54.991163631898, 36.365485760346324, 21.932887454836354, 0.0, 53.788442974153675, 54.757318711964416, 77.63525892920175, 73.71594655367973, 63.58361641307798, 12.586062456597801], [67.88202761550107, 64.655654011214, 66.33781877783684, 64.6745343412179, 30.91478411350514, 40.782677524138734, 36.35783447810467, 74.47681423737082, 39.433921791351665, 27.58009516650806, 71.2691549020604, 83.88990631484074, 30.687606492528815, 26.58835502222079, 51.450876649600524, 25.41795266634268, 70.81683403982034, 50.176409314032696, 80.30049318982144, 29.22159043135885, 72.93181083759261, 54.710751977927934, 64.31204647431719, 72.78969464231591, 49.85813380841215, 52.04218518689631, 84.66744393487636, 29.05605129941277, 15.086854321016192, 67.52077580534572, 21.39674394483005, 50.43189687334004, 62.04117971566344, 33.97704073468914, 53.788442974153675, 0.0, 56.01204349497145, 26.7556153413152, 20.773873748658847, 33.823511072054174, 55.69694974158738], [25.06127582036888, 51.85126099576294, 36.03629965476679, 56.88541982196099, 25.754004104514358, 31.385913748876686, 46.63566603935712, 22.758972317710203, 76.4271820160189, 36.83101393717896, 27.713371602534863, 29.403183774748427, 74.00598147359595, 55.946333832814354, 21.573264112784173, 48.06596551423638, 38.06232354904688, 46.935192247061586, 50.10271972937677, 35.58137510954277, 37.09687640685476, 38.62519200888529, 27.27967881201532, 25.3157490982973, 38.96576235116765, 12.445498363255712, 32.42632767091892, 48.54259179787609, 66.70993798892937, 61.67566062637433, 45.28841410870181, 6.6048327470613595, 25.32604096330648, 56.057889169029245, 54.757318711964416, 56.01204349497145, 0.0, 60.95565466114912, 63.322772324867564, 31.78046970766821, 66.3204199394095], [62.368581297470016, 86.3298137774251, 83.10211696505685, 87.54762713858004, 42.72360215381134, 33.111029942667855, 59.97248051262393, 72.57965872457245, 65.81419012913945, 24.13380569864323, 83.68520210856889, 83.30136070246316, 56.452859850814576, 5.2284704561380595, 65.61718677330246, 49.92379409610422, 87.22472029633005, 72.6261934290249, 98.28378810013741, 48.73800252626003, 62.72342105621662, 41.18198867767606, 78.49754024082443, 83.58033632229143, 36.11550243184882, 51.91637379455698, 93.1280005483845, 13.369722110992173, 39.81849755567355, 91.01783376816043, 44.88455516657786, 54.373467563204386, 76.02098321896801, 59.80430635271394, 77.63525892920175, 26.7556153413152, 60.95565466114912, 0.0, 8.16896369152204, 29.595411028734024, 81.37773059581099], [67.55987604356824, 83.46132528105092, 82.10183765198556, 84.1460782096014, 42.461577721816816, 38.049528773133595, 56.052938841383444, 77.00364087028633, 58.81543422952076, 27.03668138002587, 84.1476994452741, 87.5079601964154, 49.181531453136714, 11.64700498223153, 65.27518401697505, 45.480940469181675, 86.38562470643983, 69.3341347658183, 96.95309680499152, 46.23185984017832, 69.01733004807153, 47.874671940206476, 78.32856846315734, 84.5543808929985, 42.737408622131554, 55.48636055775904, 94.90492262981189, 19.051944051769013, 32.476704893475414, 87.32641469152263, 40.81051491128936, 56.87086379531726, 75.89033598777507, 54.66399448184782, 73.71594655367973, 20.773873748658847, 63.322772324867564, 8.16896369152204, 0.0, 33.30504580126779, 76.38107708365982], [35.005537857600224, 67.88373885924085, 59.34370297295303, 70.85744677699611, 21.395639815145845, 7.237438047118495, 47.98283291993073, 43.73139871513392, 67.80572156443954, 6.660606576691463, 56.70616001234592, 54.203103430883864, 61.4121439072255, 24.444576701589515, 41.16267760744444, 42.00637630723001, 62.90143044035874, 56.68761249185349, 74.80683775421467, 33.61076536977378, 39.10959950206897, 22.324227078280895, 52.95156120585288, 55.74879580838803, 18.323176320471887, 22.353725381291326, 64.1926461057002, 16.78365289033004, 48.292908430140535, 75.16448925648452, 36.815506584616706, 25.18066965544851, 50.489972402670155, 52.9607038424564, 63.58361641307798, 33.823511072054174, 31.78046970766821, 29.595411028734024, 33.30504580126779, 0.0, 71.43314636051642], [90.36711174207043, 25.131430970887724, 42.85745923033212, 20.024323467553184, 50.94764092850575, 77.67436760987451, 23.452119857858246, 88.75296805023183, 30.684219906038095, 69.18325454145798, 57.142366839993315, 92.85775413108092, 38.340625607370534, 79.66697374175043, 45.602647602269194, 31.63581484807727, 46.03959299916735, 19.80571753818366, 46.86382179358111, 37.85933506312179, 101.08030483962361, 92.41321240420946, 49.28503254618424, 61.957008981250425, 89.3428421851562, 73.10012630021357, 74.70887846563494, 78.41560881770384, 49.16531000874924, 18.90005686061554, 36.94684246604334, 65.94066429515605, 48.93663044296321, 21.72216922211366, 12.586062456597801, 55.69694974158738, 66.3204199394095, 81.37773059581099, 76.38107708365982, 71.43314636051642, 0.0]]",Route_2,2031.5613930770317
