instance_id,num_cities,city_coordinates,distance_matrix,best_route,total_distance
311,90,"[[50.53372854501822, 65.44044648106177], [86.38748125473354, 84.39691140506193], [27.61886754561952, 58.66633686539369], [16.49099956949903, 20.430323938757223], [90.98819799974902, 90.66573401723636], [3.552729025381951, 79.29529756298996], [83.22020414553121, 52.35192534811176], [46.327953752796155, 79.11942307176379], [93.82108426195597, 57.844467693988314], [70.65717795628917, 27.087530367704183], [55.73282983871768, 7.61827734570687], [74.64634811204161, 37.17040604442096], [69.8071772069251, 7.814591268819548], [21.438045534283535, 76.51018765103947], [7.443713490602233, 30.75402569415552], [35.70946868718712, 19.182093808823343], [2.602501788325662, 14.19467021779739], [30.55819054029336, 27.092838035297152], [87.14167385057405, 63.423139777245396], [51.558573251500015, 35.246298759413875], [80.74406707709923, 65.42650136860827], [74.71117319311048, 8.235845866150992], [93.23673335171931, 67.01854150422916], [18.867017189214586, 63.688459527341934], [19.413913414195562, 14.35600221313682], [50.060278950143875, 14.223622882796882], [81.91154485702702, 97.05163079294832], [33.839054941515634, 86.9865383726596], [7.054117269042326, 77.75845233232091], [56.2306587002796, 60.22464202665099], [40.951979716413945, 79.06430836111838], [54.68868014890618, 31.79902813417027], [19.31323777887316, 39.01315345719847], [58.30205769925099, 39.31476104057817], [52.678211437708356, 68.97206928540017], [9.153503120377914, 47.36156606342563], [26.572153652963426, 67.66834753200774], [70.7167120426051, 1.5238491335056614], [98.58287726081848, 87.92450817025473], [13.781266293529326, 82.94194928236796], [86.8444272549634, 53.48132258201148], [47.34296794123194, 37.84157967312367], [36.66878129381823, 89.11647106881438], [41.68484057425073, 16.12806328955144], [48.48453182460777, 27.22272453176695], [94.2021198408516, 17.14923518020366], [74.29406826778103, 77.86319853249248], [25.3229224157239, 86.51159040936673], [42.71372432556139, 26.851935536415805], [97.44177872729995, 85.70150960764316], [31.073354969144628, 37.85416030008653], [39.14952669375861, 68.42484732036665], [89.30704462810962, 97.66901188349291], [21.661333209602574, 27.89135533514936], [66.22845290475775, 91.9416032140827], [18.129885457135597, 5.004925559740581], [65.63850843679268, 88.73070847274589], [67.69765285122276, 32.313219066593604], [87.72291309660778, 52.385259768163635], [74.20807799719334, 5.031736563484646], [87.76337334454716, 72.42331045536875], [29.590669911446433, 61.48049161118162], [61.30859237746119, 60.227492366720945], [18.160531222145014, 30.172488906241156], [10.56517727275491, 75.29877128505713], [77.4213246812739, 33.211546895537644], [15.189688982975069, 70.23295883719032], [12.264871457330507, 9.32877462293492], [39.77422275189774, 78.06080082364397], [96.02900691760861, 6.194707417418266], [95.27011317647013, 86.01111016003584], [70.16851801628009, 45.77802940295095], [22.101430964252465, 20.46302431353908], [41.593061481256676, 62.83962045186827], [74.99697309856474, 92.68018171207477], [69.52123583198363, 0.8179985548243285], [64.58715086362852, 87.01959932416949], [53.6931962693743, 50.462909309644225], [1.0021897638040733, 82.58351328652338], [96.4031931452141, 95.69278807254372], [68.8680218606666, 99.06189041115047], [9.579173943732666, 63.40691204220911], [17.824660834281413, 42.77128467021082], [16.959765564797515, 77.0734255851185], [16.91297047630269, 21.56254829200338], [37.42397022974541, 85.4913109600767], [99.14950783891709, 46.46574123728405], [29.312294886611813, 14.893685985328576], [48.759360565701414, 20.993111289291754], [40.7129141787445, 30.11179975549486]]","[[0.0, 40.556616547540884, 23.895175573886256, 56.434196435972446, 47.67472317849819, 48.981335367326096, 35.209587794102475, 14.310937850884002, 43.9487662932462, 43.3116542123044, 58.05543814131227, 37.15660921926685, 60.76351711566295, 31.130337926714745, 55.31633740945001, 48.575651022726305, 70.16788498469961, 43.23842263644553, 36.66348572942608, 30.21153526898457, 30.210341750617452, 62.104067187447676, 42.73215420995391, 31.715139387645568, 59.81691516568962, 51.21901184145072, 44.540255164404115, 27.257039504110924, 45.19081615617962, 7.723964610261866, 16.655915559984056, 33.89703012390937, 40.90380007099686, 27.25616219469644, 4.131726819280729, 45.157158605798436, 24.064924982229986, 67.02748868452018, 53.049540265270196, 40.706830899140805, 38.22940602778509, 27.782699694467816, 27.43703523630832, 50.10003946451084, 38.27262047720997, 65.10736891681418, 26.811909896022442, 32.85693004734629, 39.37290493368992, 51.09673033495173, 33.75958123216615, 11.76888695501263, 50.41875115448712, 47.36612141909626, 30.799929884925746, 68.57449406226465, 27.75951511140351, 37.309697047269225, 39.41412624581217, 64.88210119817087, 37.878844242964526, 21.31414899780691, 11.969652509822934, 47.87329878340359, 41.16638991634573, 41.97195247400565, 35.66748249101577, 67.91925457123313, 16.584339258605592, 74.69858065182245, 49.23917458778802, 27.7873280999516, 53.21056333620966, 9.311274004085634, 36.61220437971899, 67.35418479168042, 25.75186432651854, 15.30715048669876, 52.414292645531724, 54.947356210070126, 38.29553241996157, 41.00500950985964, 39.79665824805028, 35.53219938355422, 55.27771090235624, 23.956271192334743, 52.18748351320776, 54.820837672651066, 44.482738083166396, 36.66826522044257], [40.556616547540884, 0.0, 64.15459783548243, 94.74831114093134, 7.775907118193688, 82.99170223999319, 32.20113003726124, 40.405663300910874, 27.57336977409035, 59.42901308911422, 82.67204062715399, 48.6641245277573, 78.3566094198038, 65.42652070817407, 95.44463136389844, 82.59075851393462, 109.30817650981673, 80.00416568182473, 20.987327194462434, 60.23981703275868, 19.7920332591552, 77.05091870946258, 18.679400276728217, 70.6247339591087, 96.90814078147739, 79.018706957958, 13.42296276618771, 52.612197025281134, 79.6106260504628, 38.648836379421375, 45.74736555543847, 61.411328890727866, 80.98542846296029, 53.11488772252821, 37.07075162460962, 85.65456311856587, 62.110532644326405, 84.34167094601004, 12.69533862025866, 72.62079155290907, 30.91896557006796, 60.76078449591497, 49.94220028416088, 81.60246140176775, 68.59680182140511, 67.70021073730135, 13.745546245026842, 61.10116376546455, 72.24140981481105, 11.131013838917198, 72.29025001449205, 49.865129922926556, 13.58942608798205, 85.92061514869552, 21.524609137176757, 104.70046227468131, 21.19673724948052, 55.33552831012732, 32.039494670272575, 80.29426406253384, 12.052393901018382, 61.2457351571054, 34.829749984309316, 87.15047163429439, 76.36620937809349, 51.96473326856072, 72.5929967470512, 105.49590723396904, 47.04191923754973, 78.79431277467245, 9.028110958423872, 41.88642758249116, 90.66552917499492, 49.711737407609284, 14.083900135785852, 85.26373735585395, 21.957524839616372, 47.121468238115206, 85.40454563855084, 15.096731909922532, 22.847167586144636, 79.62472069171554, 80.20943301804544, 69.81290103181146, 93.67424851967587, 48.97574014019749, 40.02053214079405, 89.9348388707185, 73.72867376881878, 70.94391745868694], [23.895175573886256, 64.15459783548243, 0.0, 39.82238227705468, 70.99037582860103, 31.69752423673234, 55.9587385893058, 27.719282856393924, 66.20731807807717, 53.38086907145361, 58.27777669526552, 51.70743631514961, 66.07384885336185, 18.88400306069153, 34.44029552811224, 40.30463095702848, 51.02497124073304, 31.71002125576591, 59.71257526149191, 33.49041197372337, 53.55358670873552, 68.99941792233763, 66.14728743702423, 10.090421234644234, 45.06358873074544, 49.78726515853247, 66.49154532378823, 28.995250380919476, 28.06096625101252, 28.6541952958635, 24.369019703290967, 38.13957305523925, 21.336145478938388, 36.2759099804194, 27.095734664606212, 21.651039842049336, 9.062659985617495, 71.5729565162382, 76.75891650462144, 27.94252255310897, 59.45209244428605, 28.682933053179898, 31.766517150234876, 44.80353017403181, 37.73694081918737, 78.46654840471152, 50.46874141802818, 27.939747832928536, 35.213787543066516, 74.87415769868869, 21.096923395244477, 15.105781234030246, 72.983832801026, 31.346318819786486, 50.97002483990739, 54.493924839288674, 48.47019221788511, 47.966611817910085, 60.4313513095365, 71.04382365868673, 61.69777872948516, 3.436200154694332, 33.7258767972685, 30.022649741940803, 23.821549627326977, 55.93059153234637, 16.978551869360032, 51.67146450322157, 22.888815880658054, 86.21611836437901, 72.96867589548997, 44.45875869186905, 38.59967870804237, 14.584045805054798, 58.32346463508586, 71.42995669395425, 46.58928485753787, 27.334352782841833, 35.783779343445964, 78.11684541241091, 57.73468176040005, 18.652174089285033, 18.67027502186318, 21.27057521961698, 38.61744888722785, 28.560799600618108, 72.56367572311764, 43.80539534380765, 43.199448728426994, 31.413621994145167], [56.434196435972446, 94.74831114093134, 39.82238227705468, 0.0, 102.38576757952333, 60.27009179065835, 73.97144976197005, 65.83809073765767, 85.90553038937402, 54.57374165720346, 41.28038009491504, 60.51673250439892, 54.78842495148866, 56.297640960930515, 13.727060986526347, 19.258962424928438, 15.22411731252022, 15.565184094490844, 82.70368788689363, 38.06898782249011, 78.44177883905276, 59.48356001641745, 89.7795615365723, 43.32333960268504, 6.740979882024769, 34.138243307672504, 100.75054545639748, 68.77997313871349, 58.0996476121981, 56.23902790688243, 63.53175331272903, 39.8536100840215, 18.795919275787035, 45.87795272875773, 60.54597710907804, 27.91291200355812, 48.30176539890693, 57.427194627437466, 106.27577940416093, 62.57032809189075, 77.73013121312906, 35.42591958803492, 71.58861419867078, 25.558542041094842, 32.70661725055959, 77.78035585718371, 81.4845373984416, 66.66885809372596, 26.997562651902275, 103.98728924670186, 22.720809020542255, 53.07431700991225, 106.15079525562616, 9.077408190003112, 87.10727482748288, 15.512216543874814, 84.14523251706792, 52.567333363352425, 78.07114337958028, 59.73589905059201, 88.22143679654461, 43.08964642465581, 59.93689381327676, 9.88418505456358, 55.18751565423356, 62.25643885171649, 49.81963319886273, 11.878743874336871, 62.156096625679886, 80.80190214747765, 102.50360121527977, 59.36145347701686, 5.610526690939616, 49.28145638025206, 92.96768732655637, 56.54068681065163, 82.14238470888257, 47.811710107000216, 64.05405666541554, 109.77430113451898, 94.47896967046086, 43.52884628030891, 22.38073231093059, 56.64504131588539, 1.208301052003342, 68.34560185447954, 86.661825178298, 13.96567124902934, 32.273268365369454, 26.08509385315021], [47.67472317849819, 7.775907118193688, 70.99037582860103, 102.38576757952333, 0.0, 88.17169647867485, 39.09334551114106, 46.12867560040095, 32.94329624728189, 66.74981914064601, 90.22095678820654, 55.93573252109468, 85.51577337862635, 70.97607484846598, 102.80609751415031, 90.36397917233023, 116.87538189625684, 87.71145253090003, 27.51280954310147, 68.01477127862528, 27.238962591331624, 84.02159244596814, 23.75385494980307, 77.00154583129427, 104.62338831230518, 86.70923199072303, 11.097986750007111, 57.267451775694525, 84.92071495579005, 46.20331827621737, 51.36356897015615, 69.1588321021044, 88.34754666189289, 60.8712263174755, 44.02578971331519, 92.58600460205427, 68.39814730267206, 91.41777061127108, 8.074247470983208, 77.59231375670825, 37.41458659091964, 68.52224010517696, 54.3415057479631, 89.36825728934862, 76.36476341154477, 73.58671683704979, 21.038034184445657, 65.79654494455443, 80.01640884887681, 8.142003942262477, 79.8677077038268, 56.40837600776599, 7.202234204118431, 93.5245251287239, 24.792596059638566, 112.45491457534845, 25.423435739413513, 62.828858770317694, 38.419484564900166, 87.26255753305266, 18.525266839303026, 67.98113583674578, 42.51312202920071, 94.6747154858607, 81.87799341988487, 59.03425843910231, 78.50421817153692, 113.19480158299892, 52.74235111845557, 84.62129808371854, 6.324580684334326, 49.48095694460038, 98.35551393970938, 56.69366902779585, 16.117607556814878, 92.37665307011206, 26.651633872684844, 54.837799632534804, 90.34823722784812, 7.388737706834139, 23.660042996898714, 85.85145644203875, 87.44587725454846, 75.26592627005928, 101.30345310020968, 53.81357775293603, 44.947150521904476, 97.70015500382192, 81.4711548268571, 78.70440342101496], [48.981335367326096, 82.99170223999319, 31.69752423673234, 60.27009179065835, 88.17169647867485, 0.0, 84.10024909790144, 42.77558628841283, 92.7820783297355, 85.02151505259062, 88.65866087483325, 82.63660908029966, 97.4635484484032, 18.10086693628878, 48.69696946168913, 68.17369853005678, 65.10756186910763, 58.77407364113676, 85.08253104935572, 65.15270812068951, 78.42733055571757, 100.56326293347452, 90.52038097209278, 21.865516582872086, 66.84825540544347, 79.98296722233492, 80.34545032738937, 31.247667475998885, 3.8238217657042113, 56.0236930005436, 37.39996401418106, 69.79098155895566, 43.255575015581805, 67.79330564929874, 50.198426910761064, 32.421164043714484, 25.789142622581736, 102.75893540494556, 95.42113156609268, 10.859145611341726, 87.20016226066465, 60.29921849576364, 34.541690272441954, 73.78453372442519, 68.7780471144723, 109.90652903672701, 70.75583357887422, 22.935043115232137, 65.45143064556339, 94.10734937660442, 49.746886435025324, 37.21960092102943, 87.70060445871327, 54.50033781605346, 63.938841172049855, 75.70701989919425, 62.79865431805281, 79.51029463198127, 88.36724518000446, 102.50490149576115, 84.49057239394384, 31.549036065889148, 60.82204326185461, 51.24878745245892, 8.071347639167312, 87.06481206408, 14.749400673781743, 70.50684901536735, 36.24252460824823, 117.87942251483582, 91.96293108832994, 74.57258616805395, 61.68703850336075, 41.447028874684975, 72.68724189892566, 102.5208776294355, 61.52126044569302, 57.83920009679887, 4.161443640053615, 94.28725461205848, 68.24079184024711, 16.992905366972234, 39.21341040192466, 13.589898596210146, 59.258471040126416, 34.433291488631276, 101.07682171530058, 69.36225780032689, 73.77522930845562, 61.643294989901875], [35.209587794102475, 32.20113003726124, 55.9587385893058, 73.97144976197005, 39.09334551114106, 84.10024909790144, 0.0, 45.5800073872962, 11.939291464071767, 28.215585777325714, 52.50385709532144, 17.435295685801908, 46.5132606742019, 66.33744613837968, 78.79432597236239, 57.9440049369866, 89.19187212092191, 58.406413764540005, 11.745199597428114, 35.986960581047114, 13.306982862294713, 44.92918958325349, 17.760644324159614, 65.34408679162556, 74.26259429733554, 50.53066482691694, 44.718857945933046, 60.31628566207826, 80.29174555006387, 28.114324307047678, 50.001542002460184, 35.163467483410024, 65.28417255159923, 28.12261857473261, 34.77128848721153, 74.23462727420201, 58.68214731180046, 52.34339162153846, 38.74816607125285, 75.87829501453328, 3.7961205537868117, 38.70046781715601, 59.31835122092166, 55.11220018685572, 42.87241147002057, 36.87589819105235, 27.027781285117754, 67.22334377876336, 47.864646533764564, 36.255316215258624, 54.124662312226505, 46.910163416730626, 45.72404136901701, 66.24057726398038, 43.08204038528904, 80.48905500698169, 40.40460228270834, 25.347570852478004, 4.502832339946188, 48.170724349196846, 20.5791371659432, 54.4008976413453, 23.283970583627475, 68.73636913437434, 76.19258932690077, 19.99952725313148, 70.34118531785153, 82.97982125320908, 50.48266610899594, 47.90150514916532, 35.751098302809716, 14.613781807399752, 68.93769973227543, 42.927971708214024, 41.158107223356566, 53.32360962642617, 39.357823790403536, 29.587371896000157, 87.59994747801969, 45.30145230192753, 48.86518159720967, 74.46619407482079, 66.09361361563307, 70.72197886710684, 73.10701044611855, 56.52887686490754, 16.982045799687313, 65.6443628716697, 46.59318576153754, 47.973877128035625], [14.310937850884002, 40.405663300910874, 27.719282856393924, 65.83809073765767, 46.12867560040095, 42.77558628841283, 45.5800073872962, 0.0, 52.04057236317088, 57.4389154555568, 72.11702666035508, 50.61276013661025, 75.0709862227418, 25.02629897940853, 62.05800354718141, 60.87064698409817, 78.27604156219088, 54.364059656496416, 43.72794366856892, 44.18382529011188, 37.04004537146275, 76.35501727628059, 48.44445208867418, 31.49948686658764, 70.13320361041166, 65.00303941774627, 39.84665644227641, 14.760220075459339, 39.297410519094676, 21.332517807789756, 5.376256548118325, 48.05331958273473, 48.3560517572303, 41.56669682254552, 11.970570643474547, 48.892752648875835, 22.834595871215896, 81.33808840713192, 52.99157059779348, 32.77039168520804, 47.94681242558736, 41.290321014075246, 13.9011000013528, 63.1622506502175, 51.941487736982744, 78.30861999768597, 27.994314800657563, 22.267812632104462, 52.39229817072779, 51.53588038143922, 43.99459848283373, 12.880363564134907, 46.81121123782934, 56.857339834440516, 23.67357535522046, 79.29747661222538, 21.570218572438055, 51.45371486035682, 49.27735937141294, 79.15988011633212, 41.97299037376189, 24.316014752771927, 24.11067355689066, 56.47305601987766, 35.96628367842104, 55.44664832708662, 32.381488221943016, 77.65969473527234, 6.638679921215604, 88.25082911201832, 49.42499691426369, 40.988059678155786, 63.46256787829888, 16.954385219341965, 31.714457982895155, 81.6641991020957, 19.895000978921917, 29.58787890888021, 45.45794542433483, 52.746621007009004, 30.095791630889906, 39.96693408692879, 46.19117743094564, 29.439371310560652, 64.63772176964014, 10.949058308365519, 62.09975453591126, 66.44153784302601, 58.17714207936816, 49.32824558533856], [43.9487662932462, 27.57336977409035, 66.20731807807717, 85.90553038937402, 32.94329624728189, 92.7820783297355, 11.939291464071767, 52.04057236317088, 0.0, 38.50397056188725, 63.034794533742485, 28.197292981932584, 55.49465079775995, 74.75100933744498, 90.52592020586269, 69.79784394339129, 101.1243522016877, 70.34100119207625, 8.702649346962632, 47.924910809562036, 15.116071351250946, 53.16205470743735, 9.192665351357105, 75.18154302282788, 86.18395270261755, 61.78823661167527, 40.976075545444886, 66.68661128621575, 89.02288102125831, 37.66570487541417, 56.968621656012004, 47.007552303126474, 76.85074874997224, 40.06184315060373, 42.62111567532465, 85.31406990034971, 67.96269037585947, 60.875480209076756, 30.454613897040982, 83.88239411520112, 8.228655920706968, 50.59971171753851, 65.14847603464673, 66.77159802115197, 54.7091778515952, 40.69701632138872, 27.965227301440652, 74.25498031170144, 59.77038806303968, 28.091354766021794, 65.8550675431027, 55.685937542354445, 40.07955680540567, 78.12949898673898, 43.86305912598803, 92.31020956247355, 41.81169034593634, 36.52777470836578, 8.184781166242082, 56.33697350945016, 15.78728975536804, 64.3332479948319, 32.59970759270996, 80.56213562412293, 85.06584956634299, 29.592784616641218, 79.60132559401593, 94.89567071894277, 57.70410179784993, 51.696930847783385, 28.203890380677095, 26.552642486907004, 80.87694961080398, 52.4663503081337, 39.596390394095465, 61.98790862901935, 41.30146689375867, 40.801161735012656, 96.05918775780161, 37.936297154081515, 48.18227120682333, 84.42535307116358, 77.47681730857752, 79.23014030938616, 85.03667233352398, 62.80909499222082, 12.564533958409148, 77.49937777851804, 58.21152301171616, 59.913092063204864], [43.3116542123044, 59.42901308911422, 53.38086907145361, 54.57374165720346, 66.74981914064601, 85.02151505259062, 28.215585777325714, 57.4389154555568, 38.50397056188725, 0.0, 24.531367266604022, 10.843332534035495, 19.291673923826195, 69.75042687554638, 63.319706867084875, 35.83068950416907, 69.26517733444011, 40.09898776726821, 39.90006411086873, 20.768298036655672, 39.64368839479597, 19.2826576468668, 45.87288929466489, 63.41804764913733, 52.80117394605474, 24.283993997067356, 70.86350346017385, 70.30978127052245, 81.31968803143482, 36.14128701279913, 59.86638667104398, 16.64905803424958, 52.71072641327146, 17.382582273458272, 45.58023516201117, 64.75908076642914, 59.919046133491285, 25.563750557207896, 66.94014154298611, 79.71565366830289, 30.962223875384954, 25.67492872608585, 70.73047852366977, 30.975897921057527, 22.173058290248616, 25.556486448283884, 50.90575064487822, 74.74231490429226, 27.944446778155474, 64.44387791561297, 41.02193757464979, 51.97601236076235, 73.00385647238306, 49.00243807219907, 65.00511034022968, 56.98032899515703, 61.84713777238051, 6.005548370067383, 30.51580621085368, 22.33980598471576, 48.45570014784992, 53.56616344384274, 34.43331429910496, 52.587212205193204, 77.04136743945378, 9.124541596721395, 70.27211631095415, 61.033063693957764, 59.59891964734623, 32.867001014306766, 63.857535465253434, 18.69688590978535, 49.005557301354635, 46.07531673098341, 65.7360611252384, 26.29408043985715, 60.23867626623403, 28.88226125761758, 89.05965135919358, 73.27713615348105, 71.9965942472152, 71.06067871457627, 55.1112966139306, 73.36212795597089, 54.0274491771419, 67.19708091336705, 34.45762497106257, 43.10555876991838, 22.73007589901198, 30.096596792812008], [58.05543814131227, 82.67204062715399, 58.27777669526552, 41.28038009491504, 90.22095678820654, 88.65866087483325, 52.50385709532144, 72.11702666035508, 63.034794533742485, 24.531367266604022, 0.0, 35.08631476944706, 14.075716429275463, 76.95601039558674, 53.54532294537567, 23.122647837072353, 53.535788982234635, 31.827990477853064, 64.03669380256967, 27.94158165337429, 62.98692525339333, 18.98838875088324, 70.24908654790299, 67.10404959605648, 36.93860618161717, 8.70680327375176, 93.18610319585784, 82.33260737819407, 85.37717027750398, 52.60872017565043, 72.95895337923338, 24.2032840182589, 48.0835203771666, 31.800440412336783, 61.42978494960696, 61.23040646307839, 66.75594329338831, 16.175870336202877, 91.02316888200414, 86.21826510611149, 55.41976553665552, 31.36618858314348, 83.69822893616951, 16.42444699783324, 20.90148735311362, 39.632378562372914, 72.65582237204572, 84.5512703372084, 23.225647800647486, 88.52472862348608, 39.016641563236206, 63.0273345087733, 96.10599715688421, 39.646747328296925, 84.97400419568736, 37.693647126824544, 81.71504727910894, 27.4407932887984, 55.02225133579408, 18.655427835762897, 72.2886438773284, 59.87111700346786, 52.903862174852115, 43.82202736581509, 81.36809017172487, 33.54707520464166, 74.59453471085202, 43.50160004852019, 72.22760036226607, 40.321314940290115, 87.79882123573785, 40.79896775937057, 36.00081269806301, 57.00289276564001, 87.21602369959908, 15.374131893178859, 79.89348492048441, 42.89315322079312, 92.81826093324538, 97.0113286748208, 92.38218248080112, 72.40532931885924, 51.6987736916992, 79.54475551630156, 41.248323276727355, 79.99639807194966, 58.25919137252415, 27.403945665340416, 15.083615505579965, 27.047299621817004], [37.15660921926685, 48.6641245277573, 51.70743631514961, 60.51673250439892, 55.93573252109468, 82.63660908029966, 17.435295685801908, 50.61276013661025, 28.197292981932584, 10.843332534035495, 35.08631476944706, 0.0, 29.751998860384894, 66.17206268556767, 67.50825162053862, 42.89125734262179, 75.61878225606382, 45.225247539950715, 29.07471743213697, 23.1678125176995, 28.90655807159309, 28.934632795338214, 35.16409552066833, 61.761969841653396, 59.75883921922129, 33.630784324785125, 60.32034616219466, 64.39629039043972, 78.84224230577168, 29.506531704604548, 53.762528892354545, 20.667854537457227, 55.3637861527722, 16.484358872797685, 38.65158229406442, 66.28101151638414, 56.93199985833565, 35.862502133026624, 56.11538390040479, 76.15505469210463, 20.367600081335745, 27.311628343832385, 64.3481876430963, 39.105513265743674, 27.989230052551225, 27.987059343266264, 40.69431731293599, 69.76641596753944, 33.55835656752956, 53.61809088357451, 43.57835760229024, 47.29550116314461, 62.249637194184835, 53.79138022282864, 55.41430319979469, 65.02867587329254, 52.341245324460125, 8.47800867924196, 20.06211169419781, 32.14165765324552, 37.614141228500884, 51.19564823672821, 26.636909687674468, 56.91764536584203, 74.56653868899375, 4.834569341780646, 68.03107166556083, 68.31255426224483, 53.74094818975841, 37.63923488895847, 53.01654519055144, 9.702687372517921, 55.13714648374026, 41.85006959841676, 55.51088301004071, 36.71190959583664, 50.854002004996694, 24.813810976910492, 86.52058927332257, 62.43580306236982, 62.16063779743941, 70.15761826930147, 57.097057599077765, 70.14266016088423, 59.805920416381355, 60.99520691890714, 26.207023733122607, 50.51166833947648, 30.52607065802448, 34.65980180623523], [60.76351711566295, 78.3566094198038, 66.07384885336185, 54.78842495148866, 85.51577337862635, 97.4635484484032, 46.5132606742019, 75.0709862227418, 55.49465079775995, 19.291673923826195, 14.075716429275463, 29.751998860384894, 0.0, 84.01581911208272, 66.44862119300451, 35.94264653992531, 67.50684265698177, 43.727951618462995, 58.247707603841604, 32.94708063199963, 58.6408368407073, 4.922055675050332, 63.6714364893625, 75.60945084313646, 50.816051527308375, 20.76091705567532, 90.05423332214734, 86.95920323641822, 93.9685598061282, 54.139960059089034, 76.87096075859219, 28.351757706380777, 59.35476561815341, 33.535480770901124, 63.510932804293944, 72.40739876284947, 73.83589506821707, 6.3561537292869925, 85.12132341279998, 93.71778174803136, 48.74134013371653, 37.50014307392798, 87.79606450580017, 29.325409370048888, 28.832808445456436, 26.11989286090019, 70.19216174881836, 90.39948339485017, 33.1130739406304, 82.64407570726702, 49.01718772769641, 67.92271102968108, 91.94597181737986, 52.16415195888446, 84.20309618101564, 51.75361537119544, 81.02342761618162, 24.589283376730787, 48.03663271865845, 5.206938455252589, 67.0575243701937, 67.06262982170941, 53.0974401040388, 56.27834066710411, 89.79826896251498, 26.51378126308317, 82.94047642613081, 57.56222461136911, 76.39704385719419, 26.27181716341896, 82.2378056303395, 37.965157738965445, 49.35403816362981, 61.836802656482604, 85.02412847350577, 7.0024332967500955, 79.37683526113118, 45.591001451679944, 101.60963535382616, 91.8146259441479, 91.25213210404692, 81.9629093312491, 62.64305565656133, 87.11851151233607, 54.651655308628406, 84.15666863725652, 48.52714457704954, 41.108990210674456, 24.833122544145745, 36.655717800245334], [31.130337926714745, 65.42652070817407, 18.88400306069153, 56.297640960930515, 70.97607484846598, 18.10086693628878, 66.33744613837968, 25.02629897940853, 74.75100933744498, 69.75042687554638, 76.95601039558674, 66.17206268556767, 84.01581911208272, 0.0, 47.84838227540613, 59.07777807594978, 65.0999341104013, 50.25188044218001, 66.99431017613534, 51.08771590533314, 60.332845887163934, 86.59914478049677, 72.4233589312306, 13.076960611287488, 62.187135955025, 68.54814655656615, 63.86701031589103, 16.23388304629085, 14.43799006282175, 38.41542564130562, 19.680374993027232, 55.71976747634599, 37.55718814463529, 52.368455711745796, 32.136757679764386, 31.631505224648322, 10.224343639804651, 89.72924794683475, 77.98468936291772, 9.999691296428798, 69.3420752224707, 46.54380998435508, 19.771031672273335, 63.68621241522098, 56.220694067099046, 93.90598057598135, 52.873337114743705, 10.729414034243712, 54.02403641999694, 76.55748074868433, 39.83877054407108, 19.469701926974768, 71.09076508870632, 48.61934505057211, 47.374140400564144, 71.58174648499002, 45.858718363576706, 63.9790848728857, 70.53861221422508, 88.84731451210286, 66.45112244613648, 17.09845160491527, 43.067234312130985, 46.4534651563256, 10.940145969973452, 70.77358147871175, 8.856949879823043, 67.80478876229067, 18.401624824096615, 102.50891805386236, 74.44086069385799, 57.6118433909572, 56.05108918129195, 24.353830815085278, 55.946648065544, 89.67329970165049, 44.41050578903859, 41.45908173051526, 21.31922806638329, 77.38052413404618, 52.518396316925525, 17.67282283853214, 33.93184526871443, 4.513560507568867, 55.1336501186984, 18.336040037617433, 83.31710588968812, 62.11760684687713, 61.875681998682715, 50.24272047338445], [55.31633740945001, 95.44463136389844, 34.44029552811224, 13.727060986526347, 102.80609751415031, 48.69696946168913, 78.79432597236239, 62.05800354718141, 90.52592020586269, 63.319706867084875, 53.54532294537567, 67.50825162053862, 66.44862119300451, 47.84838227540613, 0.0, 30.542798241026194, 17.25252400487104, 23.40263541471504, 86.13382553047079, 44.34299684297988, 81.08712848104193, 70.93644731444422, 93.1426720887323, 34.859271353590636, 20.302237814951194, 45.71023811656608, 99.703712820806, 62.1193169026224, 47.00604119470737, 56.99722142270805, 58.793599284460605, 47.256522350294546, 14.46024889952176, 51.57380503043077, 59.21806025587992, 16.69532203028815, 41.57600726132281, 69.69846173000177, 107.58629670773254, 52.57132244845082, 82.58936596268772, 40.52386861000417, 65.2708175083828, 37.234037656685295, 41.19246117221368, 87.81862784946884, 81.78168559859216, 58.55401040713708, 35.48520778996883, 105.44608923412893, 24.673302734469708, 49.23768265127089, 105.7318323006293, 14.502951149970814, 84.85025180131917, 27.878494023717472, 82.14578446176316, 60.274109636277416, 83.1424090157689, 71.5480015520405, 90.48523112400437, 37.876158549369, 61.40122486721913, 10.732584373151115, 44.65397961997832, 70.02075034165271, 40.2316579131491, 21.960986945148594, 57.29915184578827, 91.92667907504817, 103.76329729461786, 64.49900611812865, 17.909589357469947, 46.85790604735746, 91.64219379094139, 68.91868034815728, 80.19468318236254, 50.27379785407915, 52.22823960282712, 110.14005574565536, 91.8635403244184, 32.722640147240384, 15.880131644599848, 47.28680633472447, 13.196593677745417, 62.40982448643621, 93.04198365449655, 27.01453734479436, 42.45301100338147, 33.27539884936279], [48.575651022726305, 82.59075851393462, 40.30463095702848, 19.258962424928438, 90.36397917233023, 68.17369853005678, 57.9440049369866, 60.87064698409817, 69.79784394339129, 35.83068950416907, 23.122647837072353, 42.89125734262179, 35.94264653992531, 59.07777807594978, 30.542798241026194, 0.0, 33.480526449245545, 9.440102794109496, 67.84203620432363, 22.566630146858465, 64.54967298674849, 40.508681765639096, 74.81785821512422, 47.58660275678528, 16.995184075057235, 15.183286506143348, 90.5444456194067, 67.8302377276561, 65.20980710576208, 45.886926283704746, 60.11125969049942, 22.790293975259857, 25.731446029637787, 30.261351062578214, 52.60209015325806, 38.72082080397388, 49.33971347853232, 39.20868133919887, 93.15892355488822, 67.42525661964154, 61.572892429734814, 21.988968088882324, 69.94095655208037, 6.710601433653642, 15.094832910232185, 58.52796556508896, 70.2299321969272, 68.12592352351513, 10.386821899600294, 90.75081697210717, 19.239012902453577, 49.36276706675982, 95.04155120579024, 16.528803548064577, 78.90091638610005, 22.583928934202504, 75.71497356536719, 34.578466950510006, 61.70776797985314, 41.01677131339334, 74.45962758489941, 42.73867282806702, 48.373958660488114, 20.706375601473667, 61.49241320443957, 44.008004776219416, 55.02047054736933, 25.431025112039766, 59.01884754333712, 61.70185489603156, 89.51864497661583, 43.528954395802415, 13.668192039429497, 44.052199681225964, 83.33952800627138, 38.476948838907305, 73.72820140508095, 36.081905106946834, 72.2795628241676, 97.6607112676505, 86.48856313864637, 51.36756614008311, 29.602639703754864, 60.851932278365894, 18.94663317157625, 66.33137865860704, 69.05820722096384, 7.701576091643725, 13.174955876794257, 12.020521572198628], [70.16788498469961, 109.30817650981673, 51.02497124073304, 15.22411731252022, 116.87538189625684, 65.10756186910763, 89.19187212092191, 78.27604156219088, 101.1243522016877, 69.26517733444011, 53.535788982234635, 75.61878225606382, 67.50684265698177, 65.0999341104013, 17.25252400487104, 33.480526449245545, 0.0, 30.787712916767298, 97.82798080373496, 53.29041187082003, 93.43877540317433, 72.3544613649843, 104.9043626774996, 52.09769324493493, 16.81218572545384, 47.45778599342373, 114.69612124315817, 79.21097349715444, 63.71947329577338, 70.6734569587268, 75.35749737220799, 54.98075475889693, 29.919990101104844, 61.10204163216686, 74.21684542946223, 33.807670704846, 58.60015679173758, 69.28272039631756, 121.0302502696591, 69.65022006171081, 92.95236984775137, 50.60519378846159, 82.30302328654636, 39.13013178801893, 47.69581616303504, 91.64725572261132, 95.88202230886297, 75.80207424259386, 42.060867071157105, 118.7759088781587, 37.018386671999735, 65.39569663222775, 120.35631876049219, 23.46994329666229, 100.4631636262739, 18.04303329484012, 97.61741203765199, 67.56967148275628, 93.2952600698217, 72.18945835340014, 103.16466734367813, 54.445478448525606, 74.60178139464375, 22.301187634392306, 61.62073813342569, 77.19778402041561, 57.43454598813792, 10.818425373436135, 73.89600447897517, 93.76839161188263, 117.23859111385339, 74.58334349125563, 20.481711404992776, 62.34256113156765, 106.77516092616004, 68.24259894512235, 95.63245798543801, 62.65496172993182, 68.40756431020374, 124.25986042522487, 107.67341461012971, 49.704312687617055, 32.3780329788926, 64.49704566637611, 16.095811299401355, 79.34573489199299, 101.79757561984317, 26.718938421960402, 46.65484340555855, 41.3008298377603], [43.23842263644553, 80.00416568182473, 31.71002125576591, 15.565184094490844, 87.71145253090003, 58.77407364113676, 58.406413764540005, 54.364059656496416, 70.34100119207625, 40.09898776726821, 31.827990477853064, 45.225247539950715, 43.727951618462995, 50.25188044218001, 23.40263541471504, 9.440102794109496, 30.787712916767298, 0.0, 67.24270524142987, 22.527649584385436, 63.151341619312916, 48.01116568890209, 74.3146117964216, 38.417743904529125, 16.92400364641692, 23.365533398297767, 86.78363718863122, 59.983492823617546, 55.85200025455773, 41.914103320326404, 53.000609253718565, 24.58513278382085, 16.387278064528903, 30.316621956954652, 47.362066409751186, 29.478500291272066, 40.770828554063094, 47.6075628730517, 91.25705504142613, 58.314564340903296, 62.165042911366605, 19.9314876312784, 62.32391494469417, 15.621415627372137, 17.92681182875752, 64.41603041599411, 67.01086856330787, 59.64894103022394, 12.15792069470597, 88.92913331549008, 10.773646145822925, 42.215471671448974, 91.82823188803255, 8.932620009875581, 74.01168801184711, 25.34440065907838, 70.92147612524127, 37.50456024081425, 62.51009600099475, 48.908126862001595, 72.98825021532554, 34.401261817297986, 45.20500559462675, 12.774435645294734, 52.18747531732382, 47.26089228560884, 45.795860761855224, 25.4991661038066, 51.79448310891456, 68.72524762002723, 87.51568843033395, 43.79628316650573, 10.745753231494337, 37.4112393515825, 79.22439678430544, 46.9945325344015, 68.91434436502033, 32.88447538661169, 62.87107619356366, 95.08689453944086, 81.5302868612258, 41.93842043208408, 20.19793226193524, 51.79745450926663, 14.723319436849621, 58.800685120926126, 71.2746672193847, 12.262608479361766, 19.196073991046873, 10.593986126163156], [36.66348572942608, 20.987327194462434, 59.71257526149191, 82.70368788689363, 27.51280954310147, 85.08253104935572, 11.745199597428114, 43.72794366856892, 8.702649346962632, 39.90006411086873, 64.03669380256967, 29.07471743213697, 58.247707603841604, 66.99431017613534, 86.13382553047079, 67.84203620432363, 97.82798080373496, 67.24270524142987, 0.0, 45.38822994993279, 6.703941385018136, 56.56991033954994, 7.07648669191845, 68.27517218430363, 83.63392566693632, 61.60862204601539, 34.03277328226945, 58.27866621612646, 81.36041977062159, 31.076055822486396, 48.766115273583154, 45.31314640823537, 72.08705967146734, 37.58905937990791, 34.907318146335406, 79.62492652434089, 60.718107396804264, 64.04140498608227, 27.041046366672745, 75.91266904432334, 9.946259833829544, 47.311237665264, 56.63620887651411, 65.5983837566771, 52.96078448777733, 46.80944503236229, 19.328121120947124, 65.98965511014353, 57.54385873941324, 24.544203445447764, 61.62328369774712, 48.25208044290261, 34.31426215033141, 74.49954842881425, 35.364750347298596, 90.41744682097038, 33.20932333080456, 36.68647052042831, 11.053173035649836, 59.80663734879747, 9.021617509967811, 57.58378188603623, 26.0299877212587, 76.5767838294942, 77.49187345678305, 31.73681667122852, 72.27352047614937, 92.37280919234145, 49.57758106740128, 57.9144037300542, 24.005997831554353, 24.483421719528106, 77.94744842114258, 45.55234992372424, 31.677567127735994, 65.03755486983096, 32.641988455335856, 35.871551768405006, 88.24472013525762, 33.57239849559814, 40.05055435064436, 77.56250160443611, 72.32805412053357, 71.49706674591462, 81.75805707773216, 54.39535120470594, 20.77838882913421, 75.49400609783103, 57.21458984023803, 57.14258568448916], [30.21153526898457, 60.23981703275868, 33.49041197372337, 38.06898782249011, 68.01477127862528, 65.15270812068951, 35.986960581047114, 44.18382529011188, 47.924910809562036, 20.768298036655672, 27.94158165337429, 23.1678125176995, 32.94708063199963, 51.08771590533314, 44.34299684297988, 22.566630146858465, 53.29041187082003, 22.527649584385436, 45.38822994993279, 0.0, 41.98377876485291, 35.575377012133465, 52.40748456446826, 43.332370658922144, 38.33645322467128, 21.07600025685069, 68.85638643627306, 54.690343977469674, 61.54615994276935, 25.411533106379622, 45.08345363737784, 4.656312269689081, 32.464609254640195, 7.875720146774885, 33.744350449215965, 44.10181033328496, 40.93299904681538, 38.78450580723135, 70.61358873682322, 60.844062979098545, 39.71910858219801, 4.950435450849422, 55.890082923426995, 21.51737726728995, 8.592291550035394, 46.32467782843369, 48.30220367544286, 57.58853620931414, 12.194125079000143, 68.19821732621573, 20.65054744773288, 35.423163623308625, 72.94890132854493, 30.788636782049437, 58.56247020275576, 45.07790834383298, 55.306660152332526, 16.403440090743814, 40.02003824200939, 37.76135370874381, 51.893330481080824, 34.21727124920512, 26.816467086519214, 33.781248612517494, 57.31194525827581, 25.942669998784222, 50.46545478181325, 47.07136133631668, 44.40667183774798, 53.11887075187197, 66.9907814490395, 21.383343856754095, 32.958586666803576, 29.33773724857002, 62.03232623730014, 38.832526340139744, 53.38743752947673, 15.365606140527627, 69.25864415753864, 75.26498524343187, 66.1214545288787, 50.54987741532239, 34.56301867502704, 54.282465233581675, 37.25000427531677, 52.1952895731727, 48.89553092479975, 30.15171218720345, 14.525458502876322, 11.999641692304376], [30.210341750617452, 19.7920332591552, 53.55358670873552, 78.44177883905276, 27.238962591331624, 78.42733055571757, 13.306982862294713, 37.04004537146275, 15.116071351250946, 39.64368839479597, 62.98692525339333, 28.90655807159309, 58.6408368407073, 60.332845887163934, 81.08712848104193, 64.54967298674849, 93.43877540317433, 63.151341619312916, 6.703941385018136, 41.98377876485291, 0.0, 57.50797236397937, 12.593700903326935, 61.901454686216844, 79.80967129555407, 59.692793694487555, 31.646671475415605, 51.622818201404954, 74.71469545735538, 25.059260381388736, 42.06423654466306, 42.540453031328866, 66.86861547958779, 34.43060800906516, 28.28892547665451, 73.83461745835648, 54.21828177148751, 64.68459485587167, 28.71207862237939, 69.2156601095424, 13.412743587478031, 43.31929510541523, 50.038440036381786, 62.8964162097923, 50.00206175055098, 50.11799691545959, 14.009779476721668, 59.29657878355044, 54.16921726351228, 26.265748294046016, 56.81033033973837, 41.702468369963185, 33.36021685843116, 69.99754730710586, 30.228358881622448, 87.01323211537735, 27.771639681305786, 35.59070649714712, 14.791155270808908, 60.747401336344, 9.910902979688975, 51.30537042642536, 20.11883126332084, 71.82996836143725, 70.86986868531311, 32.385859703442, 65.73034703015551, 88.5231900620554, 42.87369434456005, 61.17217341736535, 25.193890814583714, 22.31377799752911, 73.89636688732061, 39.23637587804318, 27.85304617922355, 65.57599085789761, 26.968645142972512, 30.91372993935408, 81.56672149473766, 34.07721144785668, 35.6704337796153, 71.19354434027561, 66.87384036826424, 64.83893863348897, 77.4496951108706, 47.74125443268116, 26.424811719185445, 72.10265335765962, 54.748037449400485, 53.381844782610216], [62.104067187447676, 77.05091870946258, 68.99941792233763, 59.48356001641745, 84.02159244596814, 100.56326293347452, 44.92918958325349, 76.35501727628059, 53.16205470743735, 19.2826576468668, 18.98838875088324, 28.934632795338214, 4.92205567505033