instance_id,num_cities,city_coordinates,distance_matrix,best_route,total_distance
17,34,"[[35.01426436522998, 65.823736372036], [48.11301589688269, 48.843099850258845], [61.81261417374889, 90.62036113778404], [19.591886203286492, 83.11699488894646], [71.2441710911965, 82.61889742097935], [25.234646459524555, 11.882933296228815], [87.42607641796505, 94.77733401977366], [25.4635164415145, 27.978278939268865], [88.9882650649612, 38.03562484658612], [4.929176973671012, 60.05900012526201], [82.62845049105042, 9.483889601447892], [5.627873566730224, 12.326241199434417], [4.579472399020945, 44.5241600455209], [73.68535887512459, 67.71038413665859], [34.68362269698646, 93.02909814846748], [24.906780914333503, 89.21395450648012], [14.60387943297542, 71.78195591426906], [43.29353233184311, 12.728728335710127], [20.776568199992628, 64.06951897833764], [52.263126079288824, 94.16010377135342], [61.69403666253099, 80.09800501698805], [0.7066846741799027, 8.760172859835414], [24.6129879695792, 39.20378291939473], [2.2062209840335023, 99.96393090885229], [49.38810952151336, 41.19819481776419], [16.36226687710607, 1.8753079545903995], [54.00830862964162, 30.99843485727799], [47.63492168941853, 76.06035812679556], [29.982187716713625, 23.735424061174314], [60.16264514088269, 46.10671301131413], [97.10351123772062, 29.225155705294505], [8.124305671878096, 34.55221991797064], [60.20655673371892, 42.0853996736801], [93.82105839315662, 66.36490744789246]]","[[0.0, 21.445729373763122, 36.510603284978124, 23.171243779794985, 39.93348940466108, 54.82017113111381, 59.877448671418065, 39.031979634624534, 60.70726392850716, 30.632412039416845, 73.7650937405872, 61.03721777657202, 37.14765825345474, 38.71708912587511, 27.20737093692256, 25.480650032662528, 21.26227159068974, 53.73663700344947, 14.345357115037888, 33.173377093986446, 30.258304565591445, 66.58273278387348, 28.579861309661904, 47.34892388971613, 28.513588364461924, 66.61305057838248, 39.668316615559014, 16.250212806133067, 42.38806233567624, 31.956252374840055, 72.0730926491508, 41.24290993452148, 34.61445108598339, 58.80928404577233], [21.445729373763122, 0.0, 43.966106873746135, 44.58872862195008, 40.9372060864163, 43.468076789914264, 60.460487893119975, 30.795138857073024, 42.27987122151052, 44.61659291255562, 52.349428427007446, 56.02203392003547, 43.74725877717564, 31.779225002203315, 46.18171767406141, 46.56538679898443, 40.60853782250893, 36.4345337794315, 31.290976529164602, 45.506639723348194, 34.07804604167038, 62.08060305857394, 25.40015243020576, 68.70788300691304, 7.75051202872661, 56.6928879037897, 18.79325796972512, 27.221457017634403, 30.969699934429364, 12.356430627418654, 52.77245840602467, 42.46558835926408, 13.85352813000204, 48.951393139824674], [36.510603284978124, 43.966106873746135, 0.0, 42.88228510026, 12.368414914547294, 86.81895107179628, 25.948600572622095, 72.42435618017643, 59.191811022943675, 64.57338627199991, 83.76410958731297, 96.36749604508073, 73.48804169757466, 25.80366471910806, 27.23571538500292, 36.93262119298259, 50.82863511043818, 80.06286812774272, 48.8764185322132, 10.184424420562175, 10.523024230658194, 102.15197034275694, 63.46240387361398, 60.33427222693392, 50.959972916173406, 99.70666243473059, 60.1305353246076, 20.32241747086776, 74.07274030423591, 44.54421699094728, 70.81538438557996, 77.62777163900166, 48.56152700258436, 40.16052209632503], [23.171243779794985, 44.58872862195008, 42.88228510026, 0.0, 51.654686478860874, 71.45720589488839, 68.8290699539598, 55.45046472513738, 82.75377528553798, 27.325192853378926, 96.9300914653713, 72.15486440180639, 41.409895791735885, 56.24471033414083, 18.055755354531215, 8.088326301983102, 12.383994513004472, 74.2716372350359, 19.084281752231156, 34.487101484815746, 42.210251990954156, 76.71758480989782, 44.199339909440376, 24.209101767202007, 51.42957051577815, 81.30585548982287, 62.456660432686846, 28.91726061834697, 60.28374009228066, 54.91582144914471, 94.4054148133216, 49.900328367916146, 57.73338088320349, 76.09600802687423], [39.93348940466108, 40.9372060864163, 12.368414914547294, 51.654686478860874, 0.0, 84.38277654527862, 20.240593877932564, 71.28439891180463, 47.98459194775378, 70.04732265262359, 74.01574958221302, 96.15901423943352, 76.78145002162765, 15.107056832658317, 38.013760377946944, 46.804364180745516, 57.667685408278786, 75.27199971983865, 53.76856314048751, 22.214398793709908, 9.877244864742568, 102.13054481314455, 63.71294536048, 71.18348643958485, 46.83334315935363, 97.62966070862561, 54.42193592738255, 24.503287432275414, 71.90142353883525, 38.15677957785325, 59.326192589908366, 79.33802932220533, 42.00944382320133, 27.819202545914518], [54.82017113111381, 43.468076789914264, 86.81895107179628, 71.45720589488839, 84.38277654527862, 0.0, 103.63037986802539, 16.09697278489295, 68.90926759598891, 52.280450516004564, 57.44392180081947, 19.611783834385367, 38.62752773823873, 73.9200635884452, 81.69445037554763, 77.33171624395816, 60.83507309249543, 18.078681594580893, 52.37665688953617, 86.60295313641866, 77.3471598951339, 24.725948760086666, 27.327921315200072, 91.04158676294712, 37.983869417989396, 13.374291922682106, 34.544551446074664, 67.97436419899819, 12.767955408828412, 48.900226889776704, 73.93163330126106, 28.40176610367885, 46.20847848076559, 87.59213097871528], [59.877448671418065, 60.460487893119975, 25.948600572622095, 68.8290699539598, 20.240593877932564, 103.63037986802539, 0.0, 91.11241736713798, 56.763209856943426, 89.50475476941298, 85.4282674252301, 116.14270832454338, 96.89654943267196, 30.355017617639206, 52.77141985176531, 62.7663405168673, 76.3666143542828, 93.1646668121152, 73.3834235390842, 35.168367174206075, 29.62466151616355, 122.14419723599997, 83.86837104851371, 85.37754123579568, 65.70853128204786, 116.96517205337439, 72.0034386840941, 43.97341448204191, 91.36056764100964, 55.78641442456483, 66.26266540416171, 99.57828685029747, 59.30718503667239, 29.12321716716005], [39.031979634624534, 30.795138857073024, 72.42435618017643, 55.45046472513738, 71.28439891180463, 16.09697278489295, 91.11241736713798, 0.0, 64.31596920183605, 38.089785628092784, 60.082211359658665, 25.2673507448878, 26.644126503810156, 62.481887544378516, 65.70098506986054, 61.23820634718149, 45.12974443188654, 23.461846906411044, 36.39430025946901, 71.40205189517883, 63.475321518697065, 31.34064964924091, 11.257679080938233, 75.64942750267551, 27.334087324767623, 27.644128451817945, 28.70411996268913, 52.947686915127605, 6.198403633991612, 39.14932508230262, 71.65084476871222, 18.54359539316282, 37.49786266123704, 78.398257569474], [60.70726392850716, 42.27987122151052, 59.191811022943675, 82.75377528553798, 47.98459194775378, 68.90926759598891, 56.763209856943426, 64.31596920183605, 0.0, 86.89625624504589, 29.25147563667509, 87.2348971355774, 84.6578133922056, 33.388175703064135, 77.28697360175501, 82.01010936295557, 81.6814035529363, 52.23454422662537, 73.0109528280628, 67.07229657685505, 50.141985697451695, 93.00908302592025, 64.38587496019822, 106.6125614859984, 39.72624029388963, 81.13016782006486, 35.68079869008644, 56.178103824947726, 60.71419032261295, 29.93424173367758, 11.978379979535559, 80.93895254216535, 29.06522682889066, 28.738548050618853], [30.632412039416845, 44.61659291255562, 64.57338627199991, 27.325192853378926, 70.04732265262359, 52.280450516004564, 89.50475476941298, 38.089785628092784, 86.89625624504589, 0.0, 92.70932482563201, 47.73787229863022, 15.538775678690453, 69.180605858547, 44.411196830996374, 35.34283554245305, 15.199590787487823, 60.92600749861228, 16.34698963573937, 58.338563642025726, 60.19809808080801, 51.4723141118343, 28.677386562002795, 39.99772481235194, 48.294167972343544, 59.296353845337755, 57.03751062063329, 45.605088418068426, 44.12545212657399, 56.968432675372256, 97.1948242384105, 25.70612152661652, 58.12606150712139, 89.11526832960496], [73.7650937405872, 52.349428427007446, 83.76410958731297, 96.9300914653713, 74.01574958221302, 57.44392180081947, 85.4282674252301, 60.082211359658665, 29.25147563667509, 92.70932482563201, 0.0, 77.05301946896518, 85.553863349377, 58.90928240532017, 96.32501431802356, 98.43106414381762, 92.24094174471419, 39.468528791974315, 82.49391660854779, 89.95617918063904, 73.65190410480189, 81.92496249908366, 65.18485982504198, 121.05524719676099, 45.94254480462256, 66.70155624446767, 35.80486248727016, 75.21285275335094, 54.54113327169953, 42.96444581909408, 24.479480611374825, 78.60845234511679, 39.56766076804288, 57.971757459109654], [61.03721777657202, 56.02203392003547, 96.36749604508073, 72.15486440180639, 96.15901423943352, 19.611783834385367, 116.14270832454338, 25.2673507448878, 87.2348971355774, 47.73787229863022, 77.05301946896518, 0.0, 32.214982896590605, 87.74522548488432, 85.77405013905127, 79.2678795358115, 60.12944946997829, 37.66780914925625, 53.915208841259, 94.18931914155569, 87.95695887891533, 6.077412567766898, 32.906485953341644, 87.70446034268087, 52.42659588946511, 14.981628931128538, 51.858628142986966, 76.33236372923606, 26.894275808965393, 64.1495252241058, 93.02346800023467, 22.365739497106688, 62.16462152493011, 103.43217729382111], [37.14765825345474, 43.74725877717564, 73.48804169757466, 41.409895791735885, 76.78145002162765, 38.62752773823873, 96.89654943267196, 26.644126503810156, 84.6578133922056, 15.538775678690453, 85.553863349377, 32.214982896590605, 0.0, 72.89186877322174, 57.08755455905583, 49.095592474676174, 29.04266124177914, 50.097184692309675, 25.38438433759018, 68.82919248294097, 67.28723428009653, 35.97306303582661, 20.727955974480615, 55.49054438061883, 44.931904093544176, 44.24656857188883, 51.246025143238064, 53.36949974488603, 32.82483037791064, 55.605697243548555, 93.78036733148082, 10.583261918699842, 55.680517811267364, 91.87534445020009], [38.71708912587511, 31.779225002203315, 25.80366471910806, 56.24471033414083, 15.107056832658317, 73.9200635884452, 30.355017617639206, 62.481887544378516, 33.388175703064135, 69.180605858547, 58.90928240532017, 87.74522548488432, 72.89186877322174, 0.0, 46.4991688540866, 53.30809700717932, 59.22160847033226, 62.82233357056134, 53.03391395895656, 34.036740835646164, 17.240793470168803, 93.81372126565347, 56.75142200202148, 78.41912032814255, 35.96182015182852, 87.29372332597583, 41.6527733320973, 27.355937987983175, 61.998099026839526, 25.48690630167374, 45.05022383398374, 73.46914693578792, 28.953720588122195, 20.180602136717532], [27.20737093692256, 46.18171767406141, 27.23571538500292, 18.055755354531215, 38.013760377946944, 81.69445037554763, 52.77141985176531, 65.70098506986054, 77.28697360175501, 44.411196830996374, 96.32501431802356, 85.77405013905127, 57.08755455905583, 46.4991688540866, 0.0, 10.49485379850645, 29.234177646529673, 80.76063357840866, 32.1257434232015, 17.615848344243314, 29.94621231750482, 90.86079510276525, 54.75931193250982, 33.209539705317, 53.87638140084572, 92.97680111612804, 64.9711218522559, 21.34652860571157, 69.4529823649765, 53.39373382388534, 89.25909229165063, 64.22571609896278, 56.979650544149976, 64.87075894758202], [25.480650032662528, 46.56538679898443, 36.93262119298259, 8.088326301983102, 46.804364180745516, 77.33171624395816, 62.7663405168673, 61.23820634718149, 82.01010936295557, 35.34283554245305, 98.43106414381762, 79.2678795358115, 49.095592474676174, 53.30809700717932, 10.49485379850645, 0.0, 20.249058097931837, 78.66423869893569, 25.481391153047685, 27.799892325953007, 37.899903965290726, 84.0146156289409, 50.011034547028814, 25.117273215870796, 53.89664765880379, 87.75561464458156, 65.08414279524227, 26.25995964984968, 65.67493969153291, 55.688510769129316, 93.86705412974786, 57.1800376310499, 58.88272117970691, 72.60341997395014], [21.26227159068974, 40.60853782250893, 50.82863511043818, 12.383994513004472, 57.667685408278786, 60.83507309249543, 76.3666143542828, 45.12974443188654, 81.6814035529363, 15.199590787487823, 92.24094174471419, 60.12944946997829, 29.04266124177914, 59.22160847033226, 29.234177646529673, 20.249058097931837, 0.0, 65.65348331126522, 9.878449782490149, 43.80639633068893, 47.81882035959375, 64.53585950093168, 34.08107406437587, 30.78840121883459, 46.31748164203698, 69.92875914358929, 56.709828337961966, 33.30697341457314, 50.447612319912025, 52.29549914623366, 92.82925450495175, 37.78939161298551, 54.41957028079337, 79.40217790776553], [53.73663700344947, 36.4345337794315, 80.06286812774272, 74.2716372350359, 75.27199971983865, 18.078681594580893, 93.1646668121152, 23.461846906411044, 52.23454422662537, 60.92600749861228, 39.468528791974315, 37.66780914925625, 50.097184692309675, 62.82233357056134, 80.76063357840866, 78.66423869893569, 65.65348331126522, 0.0, 56.06148818507362, 81.92388246009162, 69.8369386512771, 42.77135754195919, 32.402025444092054, 96.42690351644086, 29.114504854001012, 29.03600855769983, 21.179910469501138, 63.48025672245796, 17.27249971068717, 37.39862066933697, 56.281843838052744, 41.39008684094525, 33.880149740873854, 73.68765568011253], [14.345357115037888, 31.290976529164602, 48.8764185322132, 19.084281752231156, 53.76856314048751, 52.37665688953617, 73.3834235390842, 36.39430025946901, 73.0109528280628, 16.34698963573937, 82.49391660854779, 53.915208841259, 25.38438433759018, 53.03391395895656, 32.1257434232015, 25.481391153047685, 9.878449782490149, 56.06148818507362, 0.0, 43.55280266839256, 43.944869894835655, 58.838116835908046, 25.159947265475108, 40.41369326798472, 36.629465811708464, 62.35066913061672, 46.883314483148176, 29.413455690332405, 41.37127800145138, 43.28886063414753, 83.904301948043, 32.114649163574455, 45.14449575940795, 73.08054704095609], [33.173377093986446, 45.506639723348194, 10.184424420562175, 34.487101484815746, 22.214398793709908, 86.60295313641866, 35.168367174206075, 71.40205189517883, 67.07229657685505, 58.338563642025726, 89.95617918063904, 94.18931914155569, 68.82919248294097, 34.036740835646164, 17.615848344243314, 27.799892325953007, 43.80639633068893, 81.92388246009162, 43.55280266839256, 0.0, 16.93176587974902, 99.7557760234989, 61.52013767108657, 50.39224302566186, 53.03988612559192, 99.0219936700761, 63.185774365321656, 18.682105563134627, 73.86525385184964, 48.69836511569474, 78.91265818294477, 74.17098681045054, 52.67706234616709, 49.9963466351668], [30.258304565591445, 34.07804604167038, 10.523024230658194, 42.210251990954156, 9.877244864742568, 77.3471598951339, 29.62466151616355, 63.475321518697065, 50.141985697451695, 60.19809808080801, 73.65190410480189, 87.95695887891533, 67.28723428009653, 17.240793470168803, 29.94621231750482, 37.899903965290726, 47.81882035959375, 69.8369386512771, 43.944869894835655, 16.93176587974902, 0.0, 93.85384062164484, 55.20273157314184, 62.71726417614159, 40.79989064122201, 90.4088473966702, 49.697466789201975, 14.627416252950349, 64.67133751178335, 34.02577100092764, 61.98288220776185, 70.31454059223307, 38.041697668804204, 34.93913985950986], [66.58273278387348, 62.08060305857394, 102.15197034275694, 76.71758480989782, 102.13054481314455, 24.725948760086666, 122.14419723599997, 31.34064964924091, 93.00908302592025, 51.4723141118343, 81.92496249908366, 6.077412567766898, 35.97306303582661, 93.81372126565347, 90.86079510276525, 84.0146156289409, 64.53585950093168, 42.77135754195919, 58.838116835908046, 99.7557760234989, 93.85384062164484, 0.0, 38.708199786480904, 91.2160846090654, 58.4987725829324, 17.102590998911626, 57.75468303918176, 82.04617216132372, 32.88332749185525, 70.21235857243464, 98.5452367919743, 26.837488569435013, 68.19681456853908, 109.49242914483978], [28.579861309661904, 25.40015243020576, 63.46240387361398, 44.199339909440376, 63.71294536048, 27.327921315200072, 83.86837104851371, 11.257679080938233, 64.38587496019822, 28.677386562002795, 65.18485982504198, 32.906485953341644, 20.727955974480615, 56.75142200202148, 54.75931193250982, 50.011034547028814, 34.08107406437587, 32.402025444092054, 25.159947265475108, 61.52013767108657, 55.20273157314184, 38.708199786480904, 0.0, 64.76000919120784, 24.855267585231708, 38.22943161680284, 30.519053286895637, 43.455915227037494, 16.373711604010694, 36.21365169174653, 73.17410036868876, 17.13224101717984, 35.71002453774179, 74.34704901613388], [47.34892388971613, 68.70788300691304, 60.33427222693392, 24.209101767202007, 71.18348643958485, 91.04158676294712, 85.37754123579568, 75.64942750267551, 106.6125614859984, 39.99772481235194, 121.05524719676099, 87.70446034268087, 55.49054438061883, 78.41912032814255, 33.209539705317, 25.117273215870796, 30.78840121883459, 96.42690351644086, 40.41369326798472, 50.39224302566186, 62.71726417614159, 91.2160846090654, 64.76000919120784, 0.0, 75.36273843412663, 99.10485148765488, 86.25367198028718, 51.33368912835443, 81.13131075091441, 79.11729912422136, 118.36160701338936, 65.67888291625496, 81.9387779077589, 97.58162127690947], [28.513588364461924, 7.75051202872661, 50.959972916173406, 51.42957051577815, 46.83334315935363, 37.983869417989396, 65.70853128204786, 27.334087324767623, 39.72624029388963, 48.294167972343544, 45.94254480462256, 52.42659588946511, 44.931904093544176, 35.96182015182852, 53.87638140084572, 53.89664765880379, 46.31748164203698, 29.114504854001012, 36.629465811708464, 53.03988612559192, 40.79989064122201, 58.4987725829324, 24.855267585231708, 75.36273843412663, 0.0, 51.35168657042451, 11.19738107997967, 34.90621861732059, 26.10628590188984, 11.839939555144241, 49.194646319775124, 41.795579796311706, 10.854765429968493, 51.06515808295831], [66.61305057838248, 56.6928879037897, 99.70666243473059, 81.30585548982287, 97.62966070862561, 13.374291922682106, 116.96517205337439, 27.644128451817945, 81.13016782006486, 59.296353845337755, 66.70155624446767, 14.981628931128538, 44.24656857188883, 87.29372332597583, 92.97680111612804, 87.75561464458156, 69.92875914358929, 29.03600855769983, 62.35066913061672, 99.0219936700761, 90.4088473966702, 17.102590998911626, 38.22943161680284, 99.10485148765488, 51.35168657042451, 0.0, 47.59601853331532, 80.5071463167255, 25.75591038714232, 62.24861708778663, 85.24765517530184, 33.69932611019609, 59.49095081681154, 100.79073779833884], [39.668316615559014, 18.79325796972512, 60.1305353246076, 62.456660432686846, 54.42193592738255, 34.544551446074664, 72.0034386840941, 28.70411996268913, 35.68079869008644, 57.03751062063329, 35.80486248727016, 51.858628142986966, 51.246025143238064, 41.6527733320973, 64.9711218522559, 65.08414279524227, 56.709828337961966, 21.179910469501138, 46.883314483148176, 63.185774365321656, 49.697466789201975, 57.75468303918176, 30.519053286895637, 86.25367198028718, 11.19738107997967, 47.59601853331532, 0.0, 45.5104052919516, 25.099916572509844, 16.313672997621367, 43.13167057722479, 46.02142018327611, 12.7019316798602, 53.25262835987487], [16.250212806133067, 27.221457017634403, 20.32241747086776, 28.91726061834697, 24.503287432275414, 67.97436419899819, 43.97341448204191, 52.947686915127605, 56.178103824947726, 45.605088418068426, 75.21285275335094, 76.33236372923606, 53.36949974488603, 27.355937987983175, 21.34652860571157, 26.25995964984968, 33.30697341457314, 63.48025672245796, 29.413455690332405, 18.682105563134627, 14.627416252950349, 82.04617216132372, 43.455915227037494, 51.33368912835443, 34.90621861732059, 80.5071463167255, 45.5104052919516, 0.0, 55.22243875167685, 32.467902774595245, 68.12251858057923, 57.30632003233531, 36.22628616872013, 47.19280652264098], [42.38806233567624, 30.969699934429364, 74.07274030423591, 60.28374009228066, 71.90142353883525, 12.767955408828412, 91.36056764100964, 6.198403633991612, 60.71419032261295, 44.12545212657399, 54.54113327169953, 26.894275808965393, 32.82483037791064, 61.998099026839526, 69.4529823649765, 65.67493969153291, 50.447612319912025, 17.27249971068717, 41.37127800145138, 73.86525385184964, 64.67133751178335, 32.88332749185525, 16.373711604010694, 81.13131075091441, 26.10628590188984, 25.75591038714232, 25.099916572509844, 55.22243875167685, 0.0, 37.56773322444048, 67.3454469488186, 24.387908481326345, 35.3586494008986, 76.76375618130012], [31.956252374840055, 12.356430627418654, 44.54421699094728, 54.91582144914471, 38.15677957785325, 48.900226889776704, 55.78641442456483, 39.14932508230262, 29.93424173367758, 56.968432675372256, 42.96444581909408, 64.1495252241058, 55.605697243548555, 25.48690630167374, 53.39373382388534, 55.688510769129316, 52.29549914623366, 37.39862066933697, 43.28886063414753, 48.69836511569474, 34.02577100092764, 70.21235857243464, 36.21365169174653, 79.11729912422136, 11.839939555144241, 62.24861708778663, 16.313672997621367, 32.467902774595245, 37.56773322444048, 0.0, 40.615447369947006, 53.305675920444756, 4.021553081512009, 39.28464362179022], [72.0730926491508, 52.77245840602467, 70.81538438557996, 94.4054148133216, 59.326192589908366, 73.93163330126106, 66.26266540416171, 71.65084476871222, 11.978379979535559, 97.1948242384105, 24.479480611374825, 93.02346800023467, 93.78036733148082, 45.05022383398374, 89.25909229165063, 93.86705412974786, 92.82925450495175, 56.281843838052744, 83.904301948043, 78.91265818294477, 61.98288220776185, 98.5452367919743, 73.17410036868876, 118.36160701338936, 49.194646319775124, 85.24765517530184, 43.13167057722479, 68.12251858057923, 67.3454469488186, 40.615447369947006, 0.0, 89.13852498361435, 39.07391875147372, 37.28452301127901], [41.24290993452148, 42.46558835926408, 77.62777163900166, 49.900328367916146, 79.33802932220533, 28.40176610367885, 99.57828685029747, 18.54359539316282, 80.93895254216535, 25.70612152661652, 78.60845234511679, 22.365739497106688, 10.583261918699842, 73.46914693578792, 64.22571609896278, 57.1800376310499, 37.78939161298551, 41.39008684094525, 32.114649163574455, 74.17098681045054, 70.31454059223307, 26.837488569435013, 17.13224101717984, 65.67888291625496, 41.795579796311706, 33.69932611019609, 46.02142018327611, 57.30632003233531, 24.387908481326345, 53.305675920444756, 89.13852498361435, 0.0, 52.62423085329086, 91.41105247642871], [34.61445108598339, 13.85352813000204, 48.56152700258436, 57.73338088320349, 42.00944382320133, 46.20847848076559, 59.30718503667239, 37.49786266123704, 29.06522682889066, 58.12606150712139, 39.56766076804288, 62.16462152493011, 55.680517811267364, 28.953720588122195, 56.979650544149976, 58.88272117970691, 54.41957028079337, 33.880149740873854, 45.14449575940795, 52.67706234616709, 38.041697668804204, 68.19681456853908, 35.71002453774179, 81.9387779077589, 10.854765429968493, 59.49095081681154, 12.7019316798602, 36.22628616872013, 35.3586494008986, 4.021553081512009, 39.07391875147372, 52.62423085329086, 0.0, 41.46600076653617], [58.80928404577233, 48.951393139824674, 40.16052209632503, 76.09600802687423, 27.819202545914518, 87.59213097871528, 29.12321716716005, 78.398257569474, 28.738548050618853, 89.11526832960496, 57.971757459109654, 103.43217729382111, 91.87534445020009, 20.180602136717532, 64.87075894758202, 72.60341997395014, 79.40217790776553, 73.68765568011253, 73.08054704095609, 49.9963466351668, 34.93913985950986, 109.49242914483978, 74.34704901613388, 97.58162127690947, 51.06515808295831, 100.79073779833884, 53.25262835987487, 47.19280652264098, 76.76375618130012, 39.28464362179022, 37.28452301127901, 91.41105247642871, 41.46600076653617, 0.0]]",Route_2,1936.0676723073136
