instance_id,num_cities,city_coordinates,distance_matrix,best_route,total_distance
1969,74,"[[22.417132687357867, 83.18236052435354], [57.216866121193966, 47.36748283740155], [88.56716196621394, 42.95198584806228], [43.22617467745653, 19.15305132607539], [84.39483122013438, 2.663071307656184], [71.280450896835, 96.68577422266416], [88.79590446269657, 3.5695320818207144], [90.93739125604833, 50.325723461716535], [91.6888984080387, 5.652500334120436], [81.87781408635601, 27.981873730677144], [72.71186303704795, 2.3408776898835137], [18.951054103050126, 45.23794442539663], [43.47318075787657, 69.66436639320226], [96.70397419652454, 41.40249547883826], [61.40346036600898, 6.208785041484499], [63.78309289502818, 25.1223742405706], [22.731095472248207, 68.66214188641622], [66.1243618476277, 84.80054292688399], [1.3115464714691494, 84.47488559525944], [44.56165863867455, 35.51270885207366], [74.57288422675057, 15.20767421229664], [88.67513696587064, 40.57609275670908], [57.18913423880835, 71.67081505540487], [81.02506247456593, 45.89197422956095], [79.88908029753168, 39.30813870099975], [11.586958818857152, 97.4475385589896], [31.579669065993897, 30.77026962349143], [39.46102522635695, 42.21973626500951], [68.54118951719612, 9.519033802279198], [35.09612387618384, 75.29414667339456], [81.88549176212105, 66.59335321600808], [20.938876400153074, 38.49747374154515], [8.223281416037477, 78.607621418717], [16.962389699101877, 59.6898666855685], [92.3025292301481, 2.8677271857412756], [65.04797902851458, 65.14048964990094], [41.072651480827396, 63.24832143730422], [45.66875435274731, 27.944895693385597], [44.80805777390443, 35.40293445444986], [59.49186947082943, 33.42155378384768], [33.51893379095687, 55.209757338471434], [79.9945127283648, 4.865919159059972], [75.10894406730556, 15.326806916208469], [6.392140857181571, 49.21030283569291], [36.840772126865005, 46.7542074513703], [66.01104308880686, 9.838433102460053], [76.37817765261578, 71.18785590279187], [67.48360003796203, 87.63764413211199], [96.58726821137489, 93.53148172374355], [63.90821989817405, 22.836680687061474], [55.75710535785067, 9.815432692707393], [40.723347728076845, 1.3986772249102275], [90.30056531417398, 15.144862037682094], [86.69717173714388, 30.90328203175193], [53.64909407661453, 77.81122686092368], [23.92016876259414, 45.563006498400135], [33.728697773456986, 76.58865464875429], [40.67595649348089, 32.61279436693626], [63.269566793838315, 57.84741279347821], [62.088853162606384, 59.29316266798711], [46.680453395881685, 68.39053189393415], [25.156999535209913, 49.94572169682851], [16.256981732896282, 72.48723491743067], [40.58239292137246, 38.35364711260384], [58.153424227370934, 16.46851291948437], [0.7405317468566319, 21.615857223595437], [21.828925828511693, 18.911665810180377], [58.01938876624625, 52.46101950537226], [48.90601627826907, 11.871748309079477], [34.266102482272785, 86.47237245880173], [61.14026700753183, 0.03356990587939368], [50.752300542151495, 25.59557821398204], [88.20064771498257, 67.77552388089802], [94.23589098312735, 17.875000947169106]]","[[0.0, 49.93722970687682, 77.42292567572149, 67.32583950426758, 101.60999483998552, 50.69483255666542, 103.65492653522391, 75.99068649108291, 103.96853729459689, 81.1336328207483, 95.20979596566706, 38.10239380725806, 25.02185695902354, 85.22964240585267, 86.28363152118769, 71.28888182020832, 14.52361256450331, 43.7371740645895, 21.145126875363793, 52.56211297279662, 85.67835431345189, 78.77447038260324, 36.62796433024565, 69.46554789215418, 72.3047170156375, 17.910554720103423, 53.20694828206239, 44.367001916888064, 86.91210687933656, 14.932539480101424, 61.738811897552, 44.70933178256039, 14.912868664244437, 24.117451934922173, 106.46318132696751, 46.291448069959266, 27.30191011225231, 59.93175644867108, 52.76577566757388, 62.053799198998874, 30.095124467904995, 97.20401061946986, 85.91160074150542, 37.5619630312222, 39.179735973964966, 85.32151378027433, 55.27804731409432, 45.28615717290034, 74.88867279669681, 73.23326698270748, 80.58697088936387, 83.8074481364317, 96.11067383763005, 82.85544923707563, 31.69044791495457, 37.64936805277718, 13.093069230358813, 53.76491112363573, 48.07058298950109, 46.30916949899745, 28.416666342771023, 33.34937826849705, 12.34233249955661, 48.36931078196442, 75.68236251121206, 65.2710453188548, 64.2733862990837, 47.02468959930822, 76.07144252878369, 12.297246184801603, 91.72351123290632, 64.18036486513182, 67.56361050704623, 97.07206219139377], [49.93722970687682, 0.0, 31.659716726988275, 31.492754604530592, 52.31755152088115, 51.2842888407679, 53.995334548110506, 33.85003697134897, 54.1152545520606, 31.368203566336824, 47.61816985702855, 38.32502189505084, 26.192363460879218, 39.93510709063714, 41.37107655870639, 23.19396883955438, 40.53061659123225, 38.47827267146016, 67.0996580063698, 17.340413566833476, 36.544283482971466, 32.18300457951622, 24.30334804005281, 23.85387472199277, 24.062051524479013, 67.75027986287006, 30.540683674651948, 18.48700031525776, 39.50627032182988, 35.6261952849127, 31.275792281366513, 37.34661429849464, 58.1060891890096, 42.0982661842306, 56.66773340140309, 19.421794472302324, 22.645898105184187, 22.596366450901574, 17.237428538147864, 14.13027166786296, 24.961836192047798, 48.22037017760529, 36.69783871996626, 50.858123084797796, 20.385321021873573, 38.54564985242052, 30.570672753123553, 41.55829298731735, 60.67242663616404, 25.42704209120351, 37.58041207272509, 48.83817398739542, 46.18255561891415, 33.76623057699158, 30.65208879557512, 33.34555727301922, 37.4909446981565, 22.165345094824325, 12.10223604615702, 12.882472478267738, 23.515624268802622, 32.16336986584826, 48.04907984202027, 18.919696961347437, 30.913160354040105, 62.07030341568818, 45.40968884329793, 5.156370660046064, 36.455690842675864, 45.342363678038645, 47.49623551318396, 22.711372460884363, 37.100981942323706, 47.33090628515506], [77.42292567572149, 31.659716726988275, 0.0, 51.2073667815587, 40.504382215987775, 56.44599536444272, 39.38311805558127, 7.745320734573125, 37.42989257287515, 16.396695760574477, 43.59647474244341, 69.65362934286301, 52.41200640698901, 8.283032879063688, 45.693867095459055, 30.531051894740028, 70.67814212975881, 47.4866402974796, 96.63174239752968, 44.629890940188574, 31.073889965559843, 2.378345345422048, 42.53647581902323, 8.094862347517989, 9.412052033402437, 94.31710842619052, 58.27493935842922, 49.111595931769656, 38.97180846489488, 62.4913376499264, 24.567437142332032, 67.77483077597306, 87.90030426459491, 73.53502611922796, 40.2579279285997, 32.333908935066574, 51.64948949019362, 45.4476196371353, 44.4054881366797, 30.597414417279982, 56.39645722158666, 39.038939416873596, 30.729043916650543, 82.41298821052166, 51.86594542600148, 40.066018946827015, 30.754441896167087, 49.40976259669028, 51.21140016853404, 31.822773694873504, 46.63186646126941, 63.36961431462474, 27.86109871797111, 12.192953994417802, 49.34002583233447, 64.69969983783044, 64.3325939398353, 48.99455522927956, 29.3571467515429, 31.114866172928505, 49.00628510491169, 63.79467878004115, 78.1094943202458, 48.20459292860791, 40.3282752123847, 90.38112280984078, 70.93609201454146, 31.99356448682326, 50.38836812955927, 69.58900137109848, 50.93353506346089, 41.60779530906925, 24.82624363781195, 25.709719181407255], [67.32583950426758, 31.492754604530592, 51.2073667815587, 0.0, 44.34836775504637, 82.45220151064741, 48.160630651351, 56.992066776749475, 50.30805570157833, 39.64716047900013, 33.94193571987918, 35.63289388900354, 50.51191900744143, 57.92160914985482, 22.315190894313456, 21.40606695919283, 53.58356389546885, 69.52639879325282, 77.613002067546, 16.41407663496861, 31.5940215885495, 50.244948773307904, 54.34224642800132, 46.300387868105496, 41.83773650183974, 84.44564353009582, 16.449949967329644, 23.371955512133887, 27.086237649128158, 56.72671604128039, 61.1974267503184, 29.51152898596788, 68.99310430449647, 48.301343675708274, 51.70783652926546, 50.90221634392274, 44.147825635478924, 9.124840976649832, 16.326697639653187, 21.637074420970414, 37.34054865816634, 39.44658196325298, 32.11154200984954, 47.54139686405484, 28.330146225990532, 24.61528673759981, 61.69826730631941, 72.65371385503384, 91.53992140894786, 21.00752531310919, 15.62739087176949, 17.929917525261107, 47.24472282900877, 45.0310504763099, 59.57699896670207, 32.71402752014652, 58.21555287534534, 13.69920784249522, 43.577415904354226, 44.351202668870265, 49.35850012039299, 35.70271192616942, 59.765144586433564, 19.381755868121367, 15.166724286472741, 42.55696497772477, 21.398610358407737, 36.44530048318741, 9.234607421847155, 67.91298764974223, 26.200558654114282, 9.907003746473036, 66.23328515442698, 51.02572459413038], [101.60999483998552, 52.31755152088115, 40.504382215987775, 44.34836775504637, 0.0, 94.93290069679738, 4.493452661539436, 48.10959885701077, 7.882899342623208, 25.443606886361568, 11.687410076417413, 78.07373299863596, 78.50958552747318, 40.647976406310576, 23.263173034523593, 30.483832518485425, 90.32327287939296, 84.14496001003957, 116.60190891086249, 51.63119526704728, 15.93228498288789, 38.15387546073568, 74.17694146697261, 43.36004369497425, 36.92103405430605, 119.52021383732445, 59.82855464185847, 59.864652873250115, 17.272584548145094, 87.78175012249443, 63.979510230986364, 72.87497924465856, 107.5624455427146, 88.31302033427319, 7.910345873981092, 65.40434612803836, 74.48076121144868, 46.24802345840992, 51.37130785520178, 39.57577223662887, 73.1403524194768, 4.920908603646649, 15.703435922701326, 90.83537013071145, 64.84918521222676, 19.73447447853298, 68.99212156638868, 86.6410281956281, 91.68273300535857, 28.751969651658683, 29.517378202436696, 43.689783277026415, 13.808432026036211, 28.33390678317404, 81.19449264301431, 74.14572974031248, 89.62169910662351, 52.993640360824365, 59.08966358259919, 60.86480020982857, 75.77910905910156, 75.79425921899454, 97.56116213201886, 56.50970669691655, 29.651334861308545, 85.77441293497883, 64.64139030668306, 56.35157148954036, 36.66409303520959, 97.65699362727442, 23.40275698160371, 40.71510461030037, 65.22358253956253, 18.117650526938945], [50.69483255666542, 51.2842888407679, 56.44599536444272, 82.45220151064741, 94.93290069679738, 0.0, 94.74927790780278, 50.35523419509943, 93.29288121118446, 69.51640129770433, 94.3557546866975, 73.38422827590404, 38.77371214711218, 60.84896421170544, 91.01450715813017, 71.95505954416524, 56.05679157301154, 12.955461290033172, 71.02642738838034, 66.7535601040819, 81.5445945390091, 58.74411849412029, 28.710858351787905, 51.720088674906776, 58.01983762658687, 59.69835241753077, 76.94807226008723, 63.0795144306276, 87.20977117514273, 42.034595884153525, 31.906436557475722, 76.9425268345534, 65.59745598522008, 65.72023240048695, 96.14444199887079, 32.15507245157471, 45.06189514801753, 73.35712222302253, 66.75607873228932, 64.35318360243517, 56.09092752589645, 92.23242736426818, 81.4489958264021, 80.40157438270295, 60.656844906530544, 87.00705326751621, 26.002512507899738, 9.812478513611135, 25.502638368612818, 74.21616000526983, 88.24641915825275, 100.06681472059304, 83.72983406413525, 67.56486927624033, 25.828536184470842, 69.68883485626623, 42.591412019410235, 71.00691392588082, 39.65592745877625, 38.50575110015184, 37.4937410175147, 65.66586080777493, 60.10949561709736, 65.91667328263081, 81.28424103209335, 103.01151698685227, 92.164338390398, 46.170171091690435, 87.715644648892, 38.39759841636809, 97.18267298547819, 73.9947357961182, 33.497695968356396, 82.08587097568522], [103.65492653522391, 53.995334548110506, 39.38311805558127, 48.160630651351, 4.493452661539436, 94.74927790780278, 0.0, 46.80520695435011, 3.564852129875061, 25.373655614351396, 16.13090140682806, 81.32994349558884, 80.14160222177013, 38.650623362568886, 27.519295953480512, 33.01765811864421, 92.74484804083595, 84.3354964855112, 119.16035045379705, 54.56221261821808, 18.37772175437663, 37.00675773115612, 75.07844342175623, 43.0299325418169, 36.831773237105935, 121.54958406987954, 63.35280353529547, 62.671912310590926, 21.110425108112292, 89.59959136820558, 63.40154441373111, 76.3186567365145, 110.10296288452481, 91.15671011685419, 3.5761637786691964, 65.99202056520019, 76.4137865447568, 49.53896878016435, 54.29821509897349, 41.831443514452886, 75.64559703777873, 8.896354079913669, 18.04345854863556, 94.19904570302776, 67.55924779633912, 23.631526142717576, 68.74909203391354, 86.7275145705957, 90.29871390246973, 31.474114099678854, 33.62400215220432, 48.12154737550533, 11.672714674189141, 27.414203715932928, 82.14090043327191, 77.28074130212167, 91.45594301629774, 56.20534206569727, 59.98068230133343, 61.79311931638657, 77.30118521215111, 78.74427714810037, 100.05770872320322, 59.451470575757384, 33.24673369855656, 89.88558569230185, 68.70194534895096, 57.77171852127261, 40.744692582596414, 99.2289284765054, 27.88076956544059, 43.95978284158614, 64.20875106633738, 15.3048976736181], [75.99068649108291, 33.85003697134897, 7.745320734573125, 56.992066776749475, 48.10959885701077, 50.35523419509943, 46.80520695435011, 0.0, 44.67954372649165, 24.110652402970754, 51.32947791092542, 72.16590768657694, 51.252652503516934, 10.624381226396817, 53.09008692206264, 37.04814072854856, 70.62806117396185, 42.475870863103395, 95.91119500753018, 48.68402178973754, 38.74370237079333, 10.00865092594659, 39.93191438992916, 10.858747355282036, 15.602959622958009, 92.28735875530751, 62.496039541803235, 52.1106830511359, 46.54863879093563, 61.16918587219369, 18.6164621308903, 70.99084147602227, 87.41561484469217, 74.56532728867381, 47.47762643834263, 29.82849246438288, 51.5119967705501, 50.4990191853129, 48.48303867603846, 35.70114553964421, 57.625801899668225, 46.75831902140484, 38.41176772508989, 84.55260805072803, 54.214388568165944, 47.54517339950802, 25.440111452966224, 44.07107607734879, 43.57360045494343, 38.55157035660346, 53.653855165016736, 70.1092434767884, 35.18662470055005, 19.879906757047525, 46.323536173845774, 67.18624549422154, 62.9489965330677, 53.29127209504889, 28.6720128500809, 30.210149222520066, 47.801818505694655, 65.78148931339474, 77.89926929405338, 51.758636664755706, 47.12853912268492, 94.65584971216343, 75.91325978959843, 32.98718504378128, 56.96792683223005, 67.21767033302433, 58.45655927922402, 47.184972180326255, 17.663105612514226, 32.61793206452083], [103.96853729459689, 54.1152545520606, 37.42989257287515, 50.30805570157833, 7.882899342623208, 93.29288121118446, 3.564852129875061, 44.67954372649165, 0.0, 24.389716928452085, 19.26381883245523, 82.81184322329936, 80.13909423549774, 36.100043462738455, 30.290546546295065, 34.0266068138308, 93.40981487124421, 83.1742639030518, 119.9209496348406, 55.79075892130151, 19.60253272656972, 35.05338879094844, 74.48927175352885, 41.62850773445841, 35.6642356054803, 121.83041397226754, 65.1461571097529, 63.7566740091352, 23.46841511384151, 89.73684323653187, 61.7243414856497, 78.00229414735657, 110.85557682103138, 92.21761255870497, 2.8515792595991853, 65.18097466455008, 76.67648310627175, 51.13515962352673, 55.52388268944415, 42.517866854738834, 76.41771067853216, 11.720809117544807, 19.196017654321626, 95.77483493828478, 68.5395308162214, 26.016807777597585, 67.3000817203273, 85.48368424887751, 88.01539295377805, 32.665917297251276, 36.17214062816453, 51.14276456309544, 9.593351838161881, 25.73945048944061, 81.57149335118865, 78.64762691935697, 91.60416391491444, 57.69902682986892, 59.43035668778971, 61.26567827215775, 77.21282747324142, 79.92736093672913, 100.78122741913374, 60.673222295231376, 35.23654575535158, 92.33869265653246, 71.10711102227263, 57.65998045893013, 43.23255773955311, 99.14246931654463, 31.061089156715788, 45.53604506493274, 62.220880317551675, 12.485058766923439], [81.1336328207483, 31.368203566336824, 16.396695760574477, 39.64716047900013, 25.443606886361568, 69.51640129770433, 25.373655614351396, 24.110652402970754, 24.389716928452085, 0.0, 27.230044741099974, 65.24989730120457, 56.67756218872169, 19.99820271223311, 29.887565162343638, 18.31927051838604, 71.78592160054286, 58.96212705343896, 98.3991050107947, 38.068476920165665, 14.715372016675209, 14.311462231513515, 50.18221305094275, 17.930389989945244, 11.499536523737316, 98.82450568697989, 50.37537636727334, 44.742605050894, 22.775908612399306, 66.53553719574758, 38.611480248662275, 61.839566378747286, 89.37536859703624, 72.24547834020305, 27.19181940418335, 40.792230695397635, 53.933140360152336, 36.20907861527665, 37.80527708310661, 23.03737475083229, 55.49719766965117, 23.192545780100996, 14.351596336765692, 78.41385760902459, 48.79278288622229, 24.102673289871927, 43.55459673054519, 61.36777933296668, 67.179752520389, 18.69169138264416, 31.816835236482063, 48.99343259763445, 15.353553577325373, 5.63567517053602, 57.269756999372625, 60.565542025736704, 68.41751641890421, 41.46128911458123, 35.18831184940802, 37.04051551149632, 53.58837424414278, 60.824842135641575, 79.28947479410023, 42.57799305133362, 26.370516706159236, 81.38663742659524, 60.73003912994059, 34.182642329317204, 36.69707879105603, 75.41892019470404, 34.80163136305041, 31.21685441686042, 40.292838288875416, 15.964677950041116], [95.20979596566706, 47.61816985702855, 43.59647474244341, 33.94193571987918, 11.687410076417413, 94.3557546866975, 16.13090140682806, 51.32947791092542, 19.26381883245523, 27.230044741099974, 0.0, 68.77777920047205, 73.39858767447924, 45.841371949136374, 11.95159730960386, 24.468745806395376, 83.04569351262491, 82.72237643418374, 108.8301449979059, 43.506371835893766, 13.000686621009857, 41.433775904846456, 71.0464307650343, 44.33742544054913, 37.65754684347057, 113.05543267510038, 50.00087705817875, 51.92245734138339, 8.301833700039817, 82.07998104287478, 64.90405284125733, 63.14856754786389, 99.87689101333346, 79.98068714562008, 19.59774916363516, 63.265522841631665, 68.63495036600885, 37.241045436917524, 43.263401919715506, 33.775385361958115, 65.81188447526765, 7.707971260162962, 13.205315419812642, 81.20990434370238, 57.090095669819796, 10.055561900928335, 68.9445303987851, 85.45684934215446, 94.26431581621186, 22.306547761044747, 18.529241227058883, 32.00238824507438, 21.755561656092667, 31.80251249862757, 77.84062412672182, 65.18268059010592, 83.859522758615, 44.075937282950505, 56.3039287932123, 57.93454153628566, 70.99430335161314, 67.28808375636814, 90.04257357139738, 48.26201831055249, 20.28640475184721, 74.50770002964448, 53.51321629182472, 52.22927738158813, 25.642851531417396, 92.49964819764244, 11.799385741657874, 31.984425607360393, 67.24280907980177, 26.544166296874877], [38.10239380725806, 38.32502189505084, 69.65362934286301, 35.63289388900354, 78.07373299863596, 73.38422827590404, 81.32994349558884, 72.16590768657694, 82.81184322329936, 65.24989730120457, 68.77777920047205, 0.0, 34.61191681812273, 77.84746143378005, 57.6669929832493, 49.13804906695103, 23.727236236984826, 61.56720038912369, 43.01964413906604, 27.39494974692914, 63.210799040841046, 69.87975809948333, 46.484916071898205, 62.07745380000495, 61.225857547350124, 52.72638446687938, 19.204049834760635, 20.730858544168093, 61.11482722298729, 34.11800948988543, 66.45898681200015, 7.027473409748403, 35.05168254824224, 14.588106221356561, 84.70935138611829, 50.20993720367857, 28.526106475569563, 31.825854915153137, 27.664274072586746, 42.227772833504446, 17.65389960815149, 73.18609338560317, 63.626918456978444, 13.172165093753732, 17.95385932148132, 58.88775734600749, 63.01803253721689, 64.44487993738504, 91.43110786740183, 50.22910882550784, 51.082675599693395, 48.94807573715254, 77.43607917282526, 69.2460757042032, 47.59172939315915, 4.9797355201858435, 34.6589928295451, 25.126993410919383, 46.07742679066621, 45.36980127297783, 36.12425627787468, 7.789539495012239, 27.382144880466964, 22.700404590314786, 48.62618648976719, 29.826601017462963, 26.483109549186317, 39.73043653128489, 44.8397457864263, 43.986688464807116, 61.833366083373335, 37.37836039025493, 72.82478083132713, 80.1032916917433], [25.02185695902354, 26.192363460879218, 52.41200640698901, 50.51191900744143, 78.50958552747318, 38.77371214711218, 80.14160222177013, 51.252652503516934, 80.13909423549774, 56.67756218872169, 73.39858767447924, 34.61191681812273, 0.0, 60.2681567470599, 65.94016781530269, 48.95387212411209, 20.7662841153222, 27.242977899258307, 44.68730115743476, 34.16899906206666, 62.71142542741156, 53.752623267901235, 13.861934068705537, 44.444014778664894, 47.409052922233066, 42.292266493274916, 40.67193607263589, 27.736350064174065, 65.16031073920745, 10.093042554272607, 38.53487717148326, 38.4599801150031, 36.36670474570363, 28.32512465955965, 82.74114020025492, 22.043987416239087, 6.850414125151477, 41.77720405775565, 34.28742648758699, 39.624990270273564, 17.55057707323427, 74.38176156057698, 62.8760040880943, 42.34822589119368, 23.85087476359556, 63.93041164075438, 32.94024652197713, 29.992314793718204, 58.23010802170323, 51.09229857090589, 61.09656020320685, 68.32105019182332, 71.8691888054606, 58.05803180483516, 13.035357584316234, 31.035396354266766, 11.954108769775292, 37.15701082168614, 23.05509254943151, 21.309742508771325, 3.4509784273480926, 26.912960506852368, 27.362201594031454, 31.443883287280496, 55.18431276296639, 64.30193251311202, 55.175269713135116, 22.52881070020715, 58.04741516044374, 19.16453386530243, 71.837133545345, 44.66591179432927, 44.76733213444036, 72.51890183059552], [85.22964240585267, 39.93510709063714, 8.283032879063688, 57.92160914985482, 40.647976406310576, 60.84896421170544, 38.650623362568886, 10.624381226396817, 36.100043462738455, 19.99820271223311, 45.841371949136374, 77.84746143378005, 60.2681567470599, 0.0, 49.847001224213315, 36.72637707697162, 78.83574765943857, 53.089577260622754, 104.66587819161073, 52.47390454543306, 34.292182847353, 8.071255709954729, 49.77543316610203, 16.309006476121155, 16.944821838758457, 101.91149670502385, 65.9865088133443, 57.24878242638696, 42.540540304218354, 70.31480101505637, 29.22613103359823, 75.82077021099086, 95.98465706099685, 81.81166325049469, 38.78532048590953, 39.567592766587104, 59.76691542070434, 52.779737177141094, 52.241562704698374, 38.058325875620696, 64.67603737949396, 40.176205790578315, 33.85685839378984, 90.64871260439948, 60.101944919194025, 44.0266516292461, 36.05975181180807, 54.69478253870936, 52.12911688498564, 37.68621735967053, 51.714491229698226, 68.80505806038661, 27.027152259250116, 14.504122809344429, 56.38544513429573, 72.90262125183244, 72.13841721089003, 56.71329309226493, 37.25982962728284, 38.96514566462816, 56.839306319086006, 72.05523088158523, 86.24372222027668, 56.20433578634117, 45.91131003570224, 97.98210724532599, 78.17998648821093, 40.23416587376864, 56.18460473794878, 77.00507538594063, 54.55424155907056, 48.59439211530494, 27.70998355011319, 23.65659387329408], [86.28363152118769, 41.37107655870639, 45.693867095459055, 22.315190894313456, 23.263173034523593, 91.01450715813017, 27.519295953480512, 53.09008692206264, 30.290546546295065, 29.887565162343638, 11.95159730960386, 57.6669929832493, 65.94016781530269, 49.847001224213315, 0.0, 19.06269937246435, 73.45729090891224, 78.7334193231591, 98.67431586488146, 33.798908800724014, 15.950352069231265, 43.87318297274973, 65.59754506267606, 44.269207960423174, 37.91154648560746, 103.9528449337748, 38.63580013897757, 42.16940914787559, 7.867968244346789, 73.92471268121828, 63.76370192935011, 51.76815597932022, 89.83163664282354, 69.5358530244809, 31.079175089860975, 59.04429120867659, 60.55452503468111, 26.833551378739664, 33.58133033607478, 27.279827022469767, 56.37944757058966, 18.63948810236042, 16.461427835836446, 69.82389137471442, 47.405241608175054, 5.865506252146452, 66.68224507177757, 81.6555398685951, 94.14432372884437, 16.81549089126361, 6.69994269813004, 21.232150054213285, 30.24725022985121, 35.34954054197319, 72.02110712184498, 54.34843048245817, 75.62551507586848, 33.56785851442135, 51.67233524149031, 53.08880212699058, 63.900990413799924, 56.80427405356242, 80.19374945049276, 38.29894263691087, 10.76219081010279, 62.588887047759115, 41.563288653368964, 46.37586800799278, 13.720614479545556, 84.72708928086284, 6.1808213624851565, 22.12001254761292, 67.14575624070773, 34.84349428208859], [71.28888182020832, 23.19396883955438, 30.531051894740028, 21.40606695919283, 30.483832518485425, 71.95505954416524, 33.01765811864421, 37.04814072854856, 34.0266068138308, 18.31927051838604, 24.468745806395376, 49.13804906695103, 48.95387212411209, 36.72637707697162, 19.06269937246435, 0.0, 59.841272204509146, 59.72407687072678, 86.17084609460069, 21.850002018542774, 14.653357077228662, 29.298997832704178, 47.013164465414, 26.99373628611595, 21.4624962093503, 89.1928573720112, 32.694941941664794, 29.73016589045793, 16.312685747574054, 57.7940216678093, 45.249739689024764, 44.88340644069586, 77.1204533005895, 58.19870945043378, 36.174957697390354, 40.03810057738964, 44.377381613564886, 18.332918157673735, 21.58105363876095, 9.342964174604374, 42.675167814039014, 25.94482810661804, 14.974246023846673, 62.2410610434472, 34.551770670031566, 15.445472436257377, 47.756305979663665, 62.6246973863121, 75.86777909514632, 2.2891159401545056, 17.2834873650149, 33.08422051757587, 28.33243888652982, 23.632052472708228, 53.65457224226932, 44.79812683012554, 59.59903258591799, 24.29086549197405, 32.72906746832077, 34.21276413887336, 46.52562460143968, 45.91485235929114, 67.09814654022631, 26.708408059668987, 10.323879361567245, 63.140004574843715, 42.41137858467344, 27.9396100581021, 19.922512297329014, 68.08138515338577, 25.22761644737848, 13.039381555282517, 49.14781945952069, 31.30331182236866], [14.52361256450331, 40.53061659123225, 70.67814212975881, 53.58356389546885, 90.32327287939296, 56.05679157301154, 92.74484804083595, 70.62806117396185, 93.40981487124421, 71.78592160054286, 83.04569351262491, 23.727236236984826, 20.7662841153222, 78.83574765943857, 73.45729090891224, 59.841272204509146, 0.0, 46.297122533345544, 26.624048208308515, 39.69204452609733, 74.46442892811268, 71.6759566676924, 34.58913918957154, 62.583281505435664, 64.2549043443127, 30.867310270686897, 38.91132532096205, 31.29043567329184, 74.80957124766113, 14.031301255572792, 59.190560792934974, 30.21786315232401, 17.589463659162533, 10.666756234998477, 95.75536225681695, 42.46316837436368, 19.123862807264402, 46.73361030844938, 39.919508306983396, 50.92399782803449, 17.243668566067452, 85.7266410757272, 74.75357503043595, 25.403454103102824, 26.058406829814235, 73.03001150754218, 53.70650479932229, 48.60922083700419, 77.93085599180979, 61.60786045726427, 67.48075660433015, 69.62826164358145, 86.1958960573335, 74.27913845926477, 32.243268965326024, 23.129720079666143, 13.556432456478394, 40.2687657329051, 41.95623937443659, 40.45751922706464, 23.950898040414305, 18.87298056047059, 7.519673224680754, 35.17490122333427, 63.07865153262031, 51.9320497721366, 49.75865532626655, 38.829627992150414, 62.532193963351986, 21.21934729822884, 78.64569505137943, 51.380121059816524, 65.47555545661169, 87.7055840060118], [43.7371740645895, 38.47827267146016, 47.4866402974796, 69.52639879325282, 84.14496001003957, 12.955461290033172, 84.3354964855112, 42.475870863103395, 83.1742639030518, 58.96212705343896, 82.72237643418374, 61.56720038912369, 27.242977899258307, 53.089577260622754, 78.7334193231591, 59.72407687072678, 46.297122533345544, 0.0, 64.81363351704374, 53.79814827169643, 70.10381520513938, 49.64211368674634, 15.881689028579519, 41.66422442873434, 47.52921539702057, 55.984594556369245, 64.12960496226962, 50.24001010902697, 75.32029389256488, 32.45185851905725, 24.081423823133107, 64.69700388044423, 58.2313265515375, 55.20367349034478, 86.01327073643519, 19.689497068922147, 33.04673120654982, 60.4234764005235, 53.80063700514453, 51.80531324573311, 44.03099511137741, 81.12906484335925, 70.05228556544878, 69.53131247287165, 48.01095989510406, 74.96219547525337, 17.04247595211768, 3.1458975995364993, 31.689398170380844, 62.00347981215111, 75.698393404064, 87.18418847974493, 73.73196521315684, 57.69016587554682, 14.299749823978413, 57.6261935141945, 33.42026570658885, 58.06188452698805, 27.10389416278493, 25.824635099432573, 25.443153066815746, 53.78831971549246, 51.36509664784812, 53.006662858666964, 68.79536446213645, 90.92496767153592, 79.39414197422671, 33.33969651602161, 74.93384087681456, 31.902095601606113, 84.91337301343525, 61.16803180939603, 27.87855217211535, 72.58984942548528], [21.145126875363793, 67.0996580063698, 96.63174239752968, 77.613002067546, 116.60190891086249, 71.02642738838034, 119.16035045379705, 95.91119500753018, 119.9209496348406, 98.3991050107947, 108.8301449979059, 43.01964413906604, 44.68730115743476, 104.66587819161073, 98.67431586488146, 86.17084609460069, 26.624048208308515, 64.81363351704374, 0.0, 65.32891361339794, 100.82246863901655, 97.77270046774528, 57.32581475292145, 88.56006821942557, 90.63367943097157, 16.54913362766254, 61.6469384647142, 56.928730656772565, 100.68865190311709, 35.009764888765005, 82.53429505321519, 49.99154409393131, 9.066248885912248, 29.312899141669263, 122.22555889447347, 66.6044420565978, 45.07230299770583, 71.85542185060834, 65.57440723520787, 77.404086929283, 43.5173934172734, 111.93121421669521, 101.13116570534618, 35.6286855850514, 51.81867844037432, 98.7756290956772, 76.23348526031596, 66.24759403004187, 95.70519884778685, 87.849939262327, 92.40320768327702, 91.95078289761335, 112.80823392413122, 100.79990927761712, 52.760053421585425, 45.00315696427696, 33.362618858200975, 65.10939473651997, 67.43751619148432, 65.78753816806392, 48.13568478276116, 41.96270714979873, 19.159065841714675, 60.57530866669914, 88.63332212736522, 62.86162188207828, 68.69860729496179, 65.12040386661111, 86.8127242976874, 33.01503771979093, 103.48821960172968, 76.88407507915173, 88.47928908265824, 114.3261931407684], [52.56211297279662, 17.340413566833476, 44.629890940188574, 16.41407663496861, 51.63119526704728, 66.7535601040819, 54.56221261821808, 48.68402178973754, 55.79075892130151, 38.068476920165665, 43.506371835893766, 27.39494974692914, 34.16899906206666, 52.47390454543306, 33.798908800724014, 21.850002018542774, 39.69204452609733, 53.79814827169643, 65.32891361339794, 0.0, 36.23490158701875, 44.40311730824447, 38.299631646314225, 37.911857895328794, 35.53071922718152, 70.16590310850238, 13.821099200207804, 8.426190000511717, 35.36508226695191, 40.89204254462647, 48.570309584191975, 23.81059978526428, 56.37064083635473, 36.691342397145704, 57.83498554358772, 36.02075399154324, 27.95420140918908, 7.648363022564399, 0.2697460884159385, 15.075945244393866, 22.581308446099982, 46.84776267260891, 36.61430436349458, 40.55288113823469, 13.637572338441725, 33.45511214383797, 47.80174682221196, 56.942288990350164, 77.92844189989601, 23.129442764747903, 28.03012717153893, 34.32928464890464, 50.068920177337226, 42.386888063211025, 43.26368117236139, 22.958213934975117, 42.480423305320066, 4.848524021006016, 29.13459846457876, 29.54170833872914, 32.94602463416582, 24.183727063844636, 46.56468954581639, 4.889323659673184, 23.39695472784699, 45.971878874511376, 28.149098939345258, 21.641528000288382, 24.036814653695505, 51.98928535266192, 39.1614549756684, 11.690745368455344, 54.270163084205535, 52.71259905515391], [85.67835431345189, 36.544283482971466, 31.073889965559843, 31.5940215885495, 15.93228498288789, 81.5445945390091, 18.37772175437663, 38.74370237079333, 19.60253272656972, 14.715372016675209, 13.000686621009857, 63.210799040841046, 62.71142542741156, 34.292182847353, 15.950352069231265, 14.653357077228662, 74.46442892811268, 70.10381520513938, 100.82246863901655, 36.23490158701875, 0.0, 29.024648004110375, 59.078600504006175, 31.355332428329767, 24.6798364912377, 103.58871602279456, 45.7231989890434, 44.300046713329024, 8.29107778179355, 71.89435847543504, 51.90339329599587, 58.472399964907424, 91.7704914387859, 72.78485094406282, 21.60126395757182, 50.83315725548864, 58.56764789394101, 31.58616049524795, 35.96934013873961, 23.64703818906875, 57.32009683189661, 11.676726989643194, 0.5491381918945157, 76.18918899507747, 49.18227366564411, 10.106130504151654, 56.009283395293764, 72.7760846219056, 81.35878517598866, 13.112467541741191, 19.573190926594528, 36.55789270421221, 15.727806514481786, 19.83306462594284, 66.00764954515763, 59.0520429967715, 73.72836853187657, 38.104329378063454, 44.11249586297156, 45.81900614360088, 60.05334336104956, 60.40415219904368, 81.74162072191777, 41.122859344684926, 16.46779830204302, 74.10992566601048, 52.87385650084876, 40.765548536552984, 25.882745447817978, 81.87364576444848, 20.265454518961135, 25.987088267507374, 54.30556837444816, 19.84309619519807], [78.77447038260324, 32.18300457951622, 2.378345345422048, 50.244948773307904, 38.15387546073568, 58.74411849412029, 37.00675773115612, 10.00865092594659, 35.05338879094844, 14.311462231513515, 41.433775904846456, 69.87975809948333, 53.752623267901235, 8.071255709954729, 43.87318297274973, 29.298997832704178, 71.6759566676924, 49.64211368674634, 97.77270046774528, 44.40311730824447, 29.024648004110375, 0.0, 44.2521199781613, 9.315698339680218, 8.877077180392948, 95.79639115158471, 57.93139582321318, 49.24155113612605, 37.012386450550856, 63.843981011734456, 26.888605835926175, 67.76814629630195, 88.98819154123962, 74.21626825939846, 37.882434038386315, 34.08301904061642, 52.725957342650055, 44.822941500071906, 44.171056175446694, 30.047471268000596, 57.06444504035672, 36.750098442412494, 28.663007958279294, 82.73476314289275, 52.20124978813757, 38.189853001665355, 32.9893202607104, 51.612700522512874, 53.54320723953694, 30.46451906094891, 45.05346837391845, 61.92127242601713, 25.483122124258045, 9.872973906928861, 51.120239555765515, 64.94671058394272, 65.69639102685929, 48.65527152596725, 30.72037583719576, 32.51398456866492, 50.37059134715313, 64.20548052258331, 79.13728704819843, 48.144068111976345, 38.89409150628998, 89.95546301640046, 70.26922041934043, 32.87896563914174, 49.04612472390844, 71.18153920736796, 49.00882800815253, 40.77446919807805, 27.203569499767973, 23.37223897245618], [36.62796433024565, 24.30334804005281, 42.53647581902323, 54.34224642800132, 74.17694146697261, 28.710858351787905, 75.07844342175623, 39.93191438992916, 74.48927175352885, 50.18221305094275, 71.0464307650343, 46.484916071898205, 13.861934068705537, 49.77543316610203, 65.59754506267606, 47.013164465414, 34.58913918957154, 15.881689028579519, 57.32581475292145, 38.299631646314225, 59.078600504006175, 44.2521199781613, 0.0, 35.10982923889523, 39.53011980615441, 52.38318315654614, 48.25659875152425, 34.37516386979757, 63.1800053179798, 22.38815845256054, 25.212907282775113, 49.13808876314605, 49.45476746667955, 41.9730163331573, 77.24516430313611, 10.217954361341743, 18.184592798169653, 45.21808462079052, 38.322972454063716, 38.31851481162385, 28.831316487487737, 70.59022172917014, 59.125010253524145, 55.541058198281256, 32.16975559640149, 62.45854252007918, 19.195120126742598, 18.997780313887322, 45.05664998315471, 49.29420647097701, 61.87195676517273, 72.17544929326748, 65.50992468642055, 50.326096866713286, 7.087774085797317, 42.289971996996435, 23.97034053597702, 42.405353663772466, 15.101592967343125, 13.312157006134399, 11.008752457836549, 38.704487273549226, 40.94029372340108, 37.22657030822261, 55.21072374355815, 75.44497018912922, 63.512771691207796, 19.22772913410171, 60.37001264601233, 27.286470758916227, 71.74612423517588, 46.522685627891526, 31.255195750740803, 65.31808172964514], [69.46554789215418, 23.85387472199277, 8.094862347517989, 46.300387868105496, 43.36004369497425, 51.720088674906776, 43.0299325418169, 10.858747355282036, 41.62850773445841, 17.930389989945244, 44.33742544054913, 62.07745380000495, 44.444014778664894, 16.309006476121155, 44.269207960423174, 26.99373628611595, 62.583281505435664, 41.66422442873434, 88.56006821942557, 37.911857895328794, 31.355332428329767, 9.315698339680218, 35.10982923889523, 0.0, 6.681118601977085, 86.48483365669851, 51.706023628990096, 41.72594545410321, 38.45566121317298, 54.53398156370834, 20.71925265301327, 60.53947798285207, 79.81486638652756, 65.53173185078914, 44.47771453335802, 25.01544605497081, 43.559590592753935, 39.65055046261809, 37.70532303125912, 24.8835244093161, 48.41129356429469, 41.03899642324571, 31.13245749859712, 74.70665495044541, 44.192702561155144, 39.05481539989026, 25.71915955420337, 43.88703863938315, 50.11691253143045, 28.714680219633298, 44.04527790935688, 60.032338700499054, 32.11572607100083, 16.0260324874026, 42.05094926717339, 57.105841256597735, 56.384681454260175, 42.478076360597704, 21.405376383608324, 23.198531735188553, 41.057730937604994, 56.014938410429615, 70.01579945994467, 41.139225762173176, 37.26730351898466, 83.87452373072425, 65.05474337988909, 23.925162039353676, 46.78684537602905, 61.91259209566854, 49.98398081265672, 36.44699996210728, 23.029953731716873, 30.9754222213173], [72.3047170156375, 24.062051524479013, 9.412052033402437, 41.83773650183974, 36.92103405430605, 58.01983762658687, 36.831773237105935, 15.602959622958009, 35.6642356054803, 11.499536523737316, 37.65754684347057, 61.225857547350124, 47.409052922233066, 16.944821838758457, 37.91154648560746, 21.4624962093503, 64.2549043443127, 47.52921539702057, 90.63367943097157, 35.53071922718152, 24.6798364912377, 8.877077180392948, 39.53011980615441, 6.681118601977085, 0.0, 89.69598438243956, 49.0580719344177, 40.532764983562174, 31.877349259770668, 57.4578255310278, 27.35815399229205, 58.95577764069438, 81.73393463674027, 66.14516781524911, 38.49671811731564, 29.79209026611623, 45.60534503246216, 36.05764827907353, 35.29771609481998, 21.229651233493726, 49.020933919426696, 34.44238091323899, 24.453097483790494, 74.16099353196999, 43.68753570747533, 32.57396912921962, 32.07246180523593, 49.896262742679234, 56.73623540708494, 22.949876431229168, 38.10737359332123, 54.5076313657929, 26.310890508680977, 10.816271292858755, 46.59425581254406, 56.31733684726773, 59.334794042784715, 39.78060726313125, 24.898050385029933, 26.762833725448246, 44.14293255461659, 55.756244821243634, 71.76277860756686, 39.31827471646528, 31.529149221632633, 81.10184684428751, 61.53858662134182, 25.52022102427031, 41.38484956792256, 65.61951730005482, 43.52022235496869, 32.2022708768132, 29.65592979347508, 25.791672509222867], [17.910554720103423, 67.75027986287006, 94.31710842619052, 84.44564353009582, 119.52021383732445, 59.69835241753077, 121.54958406987954, 92.28735875530751, 121.83041397226754, 98.82450568697989, 113.05543267510038, 52.72638446687938, 42.292266493274916, 101.91149670502385, 103.9528449337748, 89.1928573720112, 30.867310270686897, 55.984594556369245, 16.54913362766254, 70.16590310850238, 103.58871602279456, 95.79639115158471, 52.38318315654614, 86.48483365669851, 89.69598438243956, 0.0, 69.61010455187319, 61.86334717999554, 104.762619016472, 32.30253262097847, 76.77150830323848, 59.68725579575806, 19.13783696039281, 38.138393286152265, 124.33963176002774, 62.464598702558284, 45.15520483280244, 77.40921232074119, 70.37879165110832, 79.9637867475031, 47.592454114167786, 115.11276941588898, 103.82127515808006, 48.51615240185312, 56.63540328612871, 103.13746316211149, 69.91046396047025, 56.75093416186044, 85.09047007721027, 91.12790172781935, 98.13453940298214, 100.3708768629751, 113.88398662705204, 100.34780596202978, 46.419909085924296, 53.33022346346047, 30.41956018607629, 71.0613385756507, 65.10961471042434, 63.2945316116576, 45.56163954425617, 49.402111394653616, 25.393421823308316, 65.82418404409228, 93.4132661572539, 76.60345210485617, 79.20089138793836, 64.65104366814717, 93.35913413563507, 25.195194546432038, 109.29323694168323, 81.83292856621325, 82.15890567266078, 114.72852622551518], [53.20694828206239, 30.540683674651948, 58.27493935842922, 16.449949967329644, 59.82855464185847, 76.94807226008723, 63.35280353529547, 62.496039541803235, 65.1461571097529, 50.37537636727334, 50.00087705817875, 19.204049834760635, 40.67193607263589, 65.9865088133443, 38.63580013897757, 32.69