instance_id,num_cities,city_coordinates,distance_matrix,best_route,total_distance
1278,66,"[[35.790837531198825, 29.071381634512118], [12.350575399189612, 84.70374551100012], [93.30339384814609, 87.38569690634274], [30.354307107602363, 63.21386968527848], [72.11872313868793, 96.77076860741477], [68.59151326597222, 95.24270754468873], [70.2702693677331, 80.80286077009666], [78.05360508473613, 94.73629311349077], [15.384890152403496, 78.96124449771662], [63.67016071358535, 23.408487464532467], [16.717659262220373, 27.96048900338167], [55.1166871842957, 99.16178858820084], [9.214423447674836, 36.202566076289436], [11.20619766669606, 50.45047377399489], [8.243696378586973, 60.14331336743361], [80.67229935232027, 59.49088543900444], [29.15003201547496, 99.012599731689], [59.606361850411936, 36.374412818848434], [34.04094347912139, 72.91822232450743], [9.365933397651682, 87.25697989113402], [17.070654221630466, 70.48173310146134], [1.768579862870534, 77.4680462524281], [47.85112391715135, 9.7621078681828], [72.60529768641977, 48.39234457166819], [74.5806731728413, 10.50611061695087], [91.05652306146166, 67.81355669080028], [6.862114531413354, 89.35587312919758], [83.73944081062247, 26.007197364564604], [28.776315721530988, 76.10667839617358], [40.725689273682775, 37.43170814714007], [64.44529277826595, 70.36941836151018], [19.771697168435487, 96.9565558694322], [53.18915777296339, 72.80721892563152], [2.6590929929576235, 58.25214177420158], [64.13925028391793, 77.81898110705427], [42.401883969428134, 71.75939281918845], [13.31690576705854, 16.634784044417405], [18.20083139865639, 40.4716666792712], [36.34548451083649, 34.40210585550905], [87.70120540052663, 41.89404844522894], [27.370764255921245, 45.61899355048985], [88.5854565538163, 1.9152036542395945], [79.74008531479822, 9.822924503492182], [53.01017040556155, 19.896901698600743], [67.21075300155745, 32.254795272548265], [27.258491148374333, 91.1581242088714], [83.53342866308876, 24.649670201303554], [75.56657331148952, 66.23117203714017], [91.92592690965756, 82.15963376739708], [82.4688502506645, 81.46111336117355], [49.27141273530834, 55.431950904617445], [38.48137909981261, 7.586085413865917], [55.490081911528556, 78.92206352842237], [84.71334073009844, 76.73002472765663], [37.08062094460048, 77.57264244307929], [71.27188832055118, 78.65223443774754], [29.12053931095325, 99.8131699596777], [22.156864060066304, 20.228924669809757], [56.03541002918433, 10.643972520354827], [48.59234172213868, 92.14930699387574], [88.5786408019408, 9.41785756798289], [58.40813233230262, 0.4446221878716017], [56.05280394653715, 22.284942455796873], [6.528105901307124, 29.608069665941017], [67.16866168688985, 95.43740381659036], [12.533441342297202, 91.36441936285043]]","[[0.0, 60.368914180257306, 81.90392847557735, 34.57260987173826, 76.8304774761789, 73.85478116796882, 62.168940423057165, 78.0898336585911, 53.9017727439044, 28.44863848215489, 19.105502132059545, 72.70593931549058, 27.516532795422812, 32.58021021994475, 41.52481098448559, 54.218924988534255, 70.25577760451115, 24.91010764887257, 43.88174526710764, 63.904924715925915, 45.44515894746222, 59.15869473703053, 22.7661714193284, 41.57648476409844, 43.00372817630044, 67.49260793021692, 66.86621665064594, 48.046412786885035, 47.555469271955104, 9.70813170069539, 50.265352311613746, 69.74962178297004, 47.069363823938225, 44.15007653988116, 56.39114256631017, 43.19690074428345, 25.685532280978396, 20.96126939964844, 5.359501282054564, 53.470618815080115, 18.566666208095945, 59.369434899109166, 47.97957359824, 19.51093300517813, 31.5807727985766, 62.670284332299424, 47.94691376914037, 54.43307064304516, 77.26260915897363, 70.16780502360149, 29.607524720544834, 21.653105265096567, 53.6017790231237, 68.29903059872865, 48.51840724172774, 60.968565095569524, 71.05556624072138, 16.250362389317928, 27.37539264169042, 64.36383438851432, 56.32773013697783, 36.48333017332517, 21.36827180056215, 29.267652732772117, 73.40992268772368, 66.49307502974814], [60.368914180257306, 0.0, 80.99723253369024, 28.03478408037847, 60.97413001117689, 57.219863796437274, 58.05090741040615, 66.46457794386457, 6.494873663831613, 79.94253245816397, 56.91105850848434, 45.14394008987675, 48.60246758777781, 34.27238283346737, 24.90143133172471, 72.8254507499804, 22.067284647445394, 67.59314870304688, 24.685433442058095, 3.9277339112065732, 14.984818352823956, 12.81928130946414, 82.92489371511724, 70.35019115886003, 96.83942426919361, 80.49785510060694, 7.194824116898678, 92.4210737280113, 18.53953904804063, 55.13431421465796, 54.03084779673962, 14.324957591339505, 42.5360688721453, 28.17112300706024, 52.24429947098468, 32.720596165010555, 68.07582030000805, 44.61728693046652, 55.73159440844184, 86.66249248932026, 41.8715166802744, 112.54199112966079, 100.7396813645167, 76.50574926766559, 75.89816511404568, 16.245151780156576, 93.13157660048768, 65.85968693210636, 79.61601015234608, 70.19321285855254, 47.116729397087745, 81.42451965407975, 43.52522106406581, 72.8007556929659, 25.737672459711774, 59.23125781753001, 22.57269139407506, 65.2163002615453, 85.9838051732761, 36.99867581417645, 107.1386152533934, 96.02550918286832, 76.19705870208409, 55.40247871600693, 55.859054815373625, 6.663183632008877], [81.90392847557735, 80.99723253369024, 0.0, 67.43044381192726, 23.17045195723289, 25.930863041532255, 23.95534501790502, 16.928890156450407, 78.37260118541847, 70.50682118751692, 96.93673233803585, 39.96124248732117, 98.4411896747377, 90.02310997011722, 89.3157298268001, 30.621317002389528, 65.19845629877803, 61.13625004619902, 61.00283472525819, 83.9375591433794, 78.08440678702033, 92.0705271290009, 89.95182275554595, 44.146264972431574, 79.12655090115794, 19.700687829335056, 86.46372860490408, 62.119154885622976, 65.5054201582665, 72.52458901141107, 33.50139896891988, 74.15195046583948, 42.68118972251794, 95.2110986816318, 30.693147786098223, 53.24608048821469, 106.7873117291643, 88.55123442745494, 77.79115860249905, 45.83529857121255, 78.0485051372628, 85.60060834521586, 78.73974219660097, 78.60204408275006, 60.99378838295084, 66.15255384620599, 63.492214219167245, 27.606316762496085, 5.404549111524062, 12.348604178182198, 54.40457006781761, 96.81648256065046, 38.748930947469894, 13.68694130003141, 57.072727557587754, 23.699379791522095, 65.37492564457585, 97.83588686221275, 85.31233720667444, 44.964098604115236, 78.11086520094321, 93.6826011032032, 75.00476436899271, 104.25068252912125, 27.346923214671342, 80.86788893116355], [34.57260987173826, 28.03478408037847, 67.43044381192726, 0.0, 53.575478641707605, 49.87915786600721, 43.61945266201761, 57.1741742948589, 21.72701676397398, 51.907750435122615, 37.79892874092726, 43.651212360181944, 34.30022162920024, 23.01204837360412, 22.322800516761053, 50.45553443614977, 35.81898032375145, 39.69935958628662, 10.381028267099397, 31.915246816521154, 15.141904524572816, 31.942532017948743, 56.24259453313337, 44.7752589225869, 68.80464607380368, 60.87623626882444, 35.146656399985304, 65.07156802836634, 12.989017409729188, 27.79002377857123, 34.83385107701, 35.363264895182276, 24.768180283515402, 28.136162295515298, 36.80667962570595, 14.770581365463924, 49.59722032107682, 25.7859413125522, 29.4280808354781, 61.18170904385287, 17.846041413892667, 84.54817102109389, 72.72927963712311, 48.884024561554654, 48.133791585818436, 28.115217184520453, 65.69030713319134, 45.312836247289866, 64.42054285477677, 55.216732145044375, 20.455198489347154, 56.21832158748057, 29.640420523458747, 56.014203408611124, 15.856155049190045, 43.733186009580194, 36.62008961692594, 43.759611178579576, 58.50737675882874, 34.203588098923, 79.27221426120181, 68.75314931789487, 48.327940406528214, 41.19511692983243, 48.924971691369706, 33.31721332546393], [76.8304774761789, 60.97413001117689, 23.17045195723289, 53.575478641707605, 0.0, 3.843979721278788, 16.07454080353284, 6.27390741475408, 59.46349261798817, 73.84715635377003, 88.34100100083569, 17.169339042111208, 87.32386888742509, 76.52388824955906, 73.6314438331915, 38.24857324257652, 43.027133574430046, 61.67883735567198, 44.93174009517922, 63.469873136951634, 61.003305478722936, 72.95024159824104, 90.32952682048041, 48.38087087861278, 86.2997822487541, 34.600005605472504, 65.67652276023685, 71.71139445201678, 48.01633997893982, 67.13156240962589, 27.493868922055544, 52.34735566231603, 30.538175424974753, 79.42496353853728, 20.56312808156462, 38.84146558809962, 99.39532055427664, 77.953370213258, 71.89975448766256, 57.04619329279887, 67.96237132154839, 96.27425155227611, 87.2812279687876, 79.2131819905546, 64.70238779374506, 45.209978891493144, 73.01882180309927, 30.733607492274903, 24.613219670288817, 18.480007440280804, 47.232377049366114, 95.31725253238962, 24.394425225006497, 23.669723435814166, 39.95293047556159, 18.138313308205028, 43.105684294207826, 91.40482063852392, 87.61562625924861, 23.97599904075675, 88.89015669096304, 97.29700295640872, 76.1987667680899, 93.87735189428616, 5.126496858673328, 59.83004612157251], [73.85478116796882, 57.219863796437274, 25.930863041532255, 49.87915786600721, 3.843979721278788, 0.0, 14.537104145011014, 9.475633866018908, 55.641987582214064, 72.00260332424939, 84.95759919537961, 14.033179759307792, 83.73396622577219, 72.79710607295468, 69.81279592369661, 37.73775531666657, 39.62123837457548, 59.55005516276992, 41.135441081166775, 59.76153576419839, 57.16209208947038, 69.14653290404335, 87.96076779676123, 47.021983965775, 84.94798935398036, 35.45468913524423, 62.009462887252695, 70.87323598369164, 44.175078574640935, 64.17644270378833, 25.216495774050404, 48.849889660853215, 27.213667601204822, 75.6001719513796, 17.983572743893045, 35.17616740333288, 96.09624275268764, 74.42504777649974, 68.8577169558972, 56.667978269811464, 64.51095363988715, 95.44517143690048, 86.14423946807445, 76.9400331682412, 63.00304430192759, 41.53435371353542, 72.15703539571982, 29.838241488806315, 26.751853759256846, 19.557934963226757, 44.25113138406677, 92.68389063310835, 20.928710534595545, 24.54857930445446, 36.12710250745554, 16.805600505347854, 39.73470663846171, 88.22269701202194, 85.52544472968461, 20.23699556276701, 88.12145108123865, 95.34347504973066, 74.02739167472548, 90.33145755043871, 1.4361104603719057, 56.19206836397205], [62.168940423057165, 58.05090741040615, 23.95534501790502, 43.61945266201761, 16.07454080353284, 14.537104145011014, 0.0, 15.959976558614247, 54.91626719019812, 57.77261913212015, 75.23428941011394, 23.805068443937547, 75.61086302766518, 66.40656565631424, 65.37669810919449, 23.715027309984983, 44.97186356996316, 45.69032622880637, 37.07737285408575, 61.245357322699114, 54.19155587400774, 68.58281455939127, 74.49433975548158, 32.494521345877104, 70.42877723670128, 24.51102533727362, 63.98240477007435, 56.426796005181004, 41.75885915685815, 52.4779867447061, 11.949354491399571, 53.01931402357042, 18.859869082735923, 71.27275845659982, 6.818572640195588, 29.298996864868286, 85.79759726299625, 65.862216689141, 57.47974499099964, 42.63488252019838, 55.48217778138575, 80.98585386899555, 71.60885955300868, 63.30439847753623, 48.644375871719696, 44.240756621894825, 57.69828598450022, 15.50435255000417, 21.698118271852817, 12.21632809116875, 32.93379794787416, 79.81998332517145, 14.899373795728328, 15.006342119483218, 33.346470171389186, 2.3724321166342794, 45.32871208438776, 77.35697450767746, 71.58841261564633, 24.467823542700682, 73.69542147744801, 81.22903916140542, 60.22028800032398, 81.75555051235791, 14.959606291127555, 58.69487056248554], [78.0898336585911, 66.46457794386457, 16.928890156450407, 57.1741742948589, 6.27390741475408, 9.475633866018908, 15.959976558614247, 0.0, 64.62367979386511, 72.76358519667346, 90.67031633613203, 23.359948907654402, 90.36055626945814, 80.18609401313864, 77.91083109088235, 35.3425568091475, 49.090184937861174, 61.20792313477465, 49.123747765856, 69.09367820626444, 65.62929206801714, 78.21507158313717, 90.1820493600707, 46.66310769712673, 84.30174908900214, 29.898321230382102, 71.39451832186577, 68.96388424651578, 52.681247057190404, 68.38997555901591, 27.90933085921511, 58.32418329534987, 33.15305468364202, 83.75813842550163, 21.90444509788306, 42.41442167020563, 101.44301827831202, 80.78987684086714, 73.34699362542513, 53.71572407995341, 70.57803816231049, 93.41667165859141, 84.93011470770475, 78.91836369237011, 63.415337369956454, 50.92098675907569, 70.30052046524973, 28.61341039824763, 18.724680855007307, 13.990167523356794, 48.71597184611718, 95.71373867679398, 27.553628351945378, 19.198379620395038, 44.42270065725095, 17.45533230145959, 49.19572750283007, 93.1439402730067, 86.92709184277984, 29.574626558984782, 85.9651779546894, 96.3164773318245, 75.71811845817815, 96.7345983755175, 10.907499667307729, 65.60686998650574], [53.9017727439044, 6.494873663831613, 78.37260118541847, 21.72701676397398, 59.46349261798817, 55.641987582214064, 54.91626719019812, 64.62367979386511, 0.0, 73.60418579914138, 51.01816671042795, 44.57216257862159, 43.201611540557, 28.81536947794937, 20.127373910653873, 68.12885351972798, 24.32151264270859, 61.39362174999951, 19.6103656956019, 10.24924710079578, 8.645456264207215, 13.697939512955003, 76.43675061866604, 64.87397537570571, 90.4999783537892, 76.48834532504756, 13.441949585984451, 86.46661612129336, 13.69229076530148, 48.650369881419074, 49.80705353829446, 18.522292168112006, 38.301888740227824, 24.306642074882713, 48.76773931080927, 27.960411701344217, 62.3607587514352, 38.592449076788505, 49.24290154320975, 81.26270038744396, 35.431156857393496, 106.2751868083156, 94.45474279258659, 70.03040985472066, 69.76684355252533, 17.021935122068193, 87.14338990248858, 61.51332971569776, 76.60783250944857, 67.13052246779817, 41.25438243086398, 75.01907181472447, 40.10521089814325, 69.36434531635253, 21.740123051023136, 55.8878524499171, 24.969398336322588, 59.121443004832074, 79.49663148009088, 35.73037688240787, 100.9633983174363, 89.53133164773718, 69.75731091085724, 50.14158447083895, 54.3417226469385, 12.72672412884571], [28.44863848215489, 79.94253245816397, 70.50682118751692, 51.907750435122615, 73.84715635377003, 72.00260332424939, 57.77261913212015, 72.76358519667346, 73.60418579914138, 0.0, 47.17264154730066, 76.23466757682776, 55.93849987886422, 59.02318563197448, 66.49466431823912, 39.88749380293204, 83.11209946234611, 13.587850510438475, 57.698391310608265, 83.81872755852592, 66.23748530921436, 82.18419317703086, 20.891759170893227, 26.53355966833491, 16.897059224628084, 52.171093678768266, 87.04143718390605, 20.236830205292907, 63.203478905810385, 26.89050925456077, 46.96732758448592, 85.65274932958464, 50.49837712844942, 70.25973690573247, 54.41251568755023, 52.8218671033215, 50.806823771355795, 48.56554327158042, 29.453311781724786, 30.31842795259703, 42.555290667377975, 32.904911726914385, 21.043051053900346, 11.223485553011395, 9.52853375833915, 76.91438720756992, 19.902008647868385, 44.44442537264518, 65.19267992058387, 61.020472808778294, 35.111624201116015, 29.745976632803178, 56.11301824540495, 57.323657954723316, 60.33870490544577, 55.76430616667902, 83.85315644774002, 41.634882233635054, 14.873542273886747, 70.37500191903779, 28.568690995812645, 23.55903332333599, 7.699771263040842, 57.477380312966865, 72.11382877029872, 85.04688558804905], [19.105502132059545, 56.91105850848434, 96.93673233803585, 37.79892874092726, 88.34100100083569, 84.95759919537961, 75.23428941011394, 90.67031633613203, 51.01816671042795, 47.17264154730066, 0.0, 80.89567607683053, 11.145868389875716, 23.155466393518264, 33.2797570754447, 71.30471154448172, 72.13159038329539, 43.70623437990087, 48.17980864877934, 59.75049543551138, 42.52270928680162, 51.715309142029454, 36.06208115683007, 59.50536825024588, 60.438263572652495, 84.34769513780515, 62.1813875198795, 67.05023900142342, 49.63332296603021, 25.80870971397786, 63.84703822688013, 69.06362566877817, 57.804838796923825, 33.39502228080068, 68.80898582221023, 50.77423927816778, 11.825257593488745, 12.598784323258206, 20.657830274736597, 72.33814969356449, 20.62308000389502, 76.44172405476056, 65.58046531963839, 37.17751747106533, 50.675374509744714, 64.07066592769515, 66.89774706049684, 70.19857452006187, 92.7029169750297, 84.76754050385331, 42.596104096239074, 29.81234346370104, 64.03423175277317, 83.67723891861196, 53.62849967509981, 74.47024213289076, 72.91528779419664, 9.453149521565367, 42.962160891650164, 71.66728498371764, 74.21475492380932, 49.95216182925561, 39.74248905076199, 10.321895161962166, 84.25222654840066, 63.541844989186224], [72.70593931549058, 45.14394008987675, 39.96124248732117, 43.651212360181944, 17.169339042111208, 14.033179759307792, 23.805068443937547, 23.359948907654402, 44.57216257862159, 76.23466757682776, 80.89567607683053, 0.0, 77.91586177057063, 65.58142481376802, 60.987856788263024, 47.18972207965847, 25.967083740215266, 62.94769046287105, 33.65875432874873, 47.27426299964791, 47.64500190910549, 57.59026837330415, 89.69443306264911, 53.69718747795686, 90.76715257792476, 47.690496390484626, 49.24083427300374, 78.55479770358215, 35.00504641852299, 63.385358341837104, 30.265879560962293, 35.413717265562305, 26.42496379809763, 66.52366789939701, 23.171579058492117, 30.208566908650177, 92.50907093630579, 69.33477351279906, 67.42532578673224, 65.88888288980806, 60.304785378920165, 102.84481904514344, 92.6700834759486, 79.29287298717448, 67.99126548706853, 28.985129461031768, 79.74689324842413, 38.76368595797083, 40.54618844860436, 32.57997433857073, 44.118770803554064, 93.07439436783655, 20.243169072992245, 37.13685408062314, 28.13167106088954, 26.108089459078514, 26.00430737289102, 85.53798540262525, 88.52258363314266, 9.57820347561677, 95.77930619330601, 98.7720231304018, 76.88254539138167, 84.84438724518147, 12.614322468455589, 43.29124384071823], [27.516532795422812, 48.60246758777781, 98.4411896747377, 34.30022162920024, 87.32386888742509, 83.73396622577219, 75.61086302766518, 90.36055626945814, 43.201611540557, 55.93849987886422, 11.145868389875716, 77.91586177057063, 0.0, 14.386453291269945, 23.96041927640431, 75.15699466811797, 65.89786655697566, 50.39223141802889, 44.32150167366992, 51.054638626106595, 35.167906589862305, 41.93185472712439, 46.8176510882667, 64.55225508468914, 70.23570620636342, 87.73473654615769, 53.205332513745816, 75.2191714665594, 44.44103744707005, 31.535228938247315, 64.94476670289089, 61.664441165069825, 57.21606303478559, 23.003394224081386, 68.91054057982826, 48.63841551600414, 19.99321021816431, 9.948906865572908, 27.19073613235984, 78.69287078808634, 20.452917100552433, 86.46030371330649, 75.2977720208578, 46.7326667588858, 58.130535315283566, 57.84204136137505, 75.21159444731236, 72.83079683418384, 94.62158778897462, 86.10776474031051, 44.43345171900914, 40.932354667757124, 62.97929841484445, 85.68874730999701, 49.87993766567566, 75.1871218390893, 66.6525496524446, 20.558793466253853, 53.34272667405889, 68.41533648919574, 83.76216094472562, 60.81654006068369, 48.86240001266719, 7.120651997255675, 82.87013775786468, 55.26161360106039], [32.58021021994475, 34.27238283346737, 90.02310997011722, 23.01204837360412, 76.52388824955906, 72.79710607295468, 66.40656565631424, 80.18609401313864, 28.81536947794937, 59.02318563197448, 23.155466393518264, 65.58142481376802, 14.386453291269945, 0.0, 10.135460190153253, 70.05189737951659, 51.771239782985354, 50.405469792708516, 32.03475208655647, 36.8524824826079, 20.872067480940288, 28.61848794815121, 54.75759070655463, 61.43358510656453, 74.91245753344913, 81.7162842646789, 39.14717304319756, 76.54113353356976, 31.09581779075668, 32.26280587893644, 56.84334263376223, 47.28830144530308, 47.56461913081678, 11.572338652549474, 59.589791516813555, 37.778841628259045, 33.88149879465175, 12.18611882750144, 29.825054163891433, 76.97206391026258, 16.871171096507066, 91.34124014659308, 79.67114606863527, 51.77927098094482, 58.88627118763387, 43.75830126901675, 76.7913394114346, 66.26679704657046, 86.72453814546488, 77.71760045774236, 38.38978656651561, 50.80641014377404, 52.64687860599281, 78.06353104792025, 37.4846343623414, 66.35681199590744, 52.512849963291764, 32.14434825463975, 59.95177914872183, 56.00461105332083, 87.5795098720389, 68.76487351133265, 52.95767412996417, 21.36095390119132, 71.8026549221466, 40.93546774402675], [41.52481098448559, 24.90143133172471, 89.3157298268001, 22.322800516761053, 73.6314438331915, 69.81279592369661, 65.37669810919449, 77.91083109088235, 20.127373910653873, 66.49466431823912, 33.2797570754447, 60.987856788263024, 23.96041927640431, 10.135460190153253, 0.0, 72.43154140930926, 44.13497810386567, 56.5957952294968, 28.787084896313413, 27.136881329389926, 13.594046761718936, 18.49522920724458, 64.08599054224229, 65.42553775512646, 82.85195463653207, 83.16728260468471, 29.245211851430835, 82.85458251121992, 26.008027224744225, 39.634541426885704, 57.12436136380246, 38.57602397502499, 46.69549232999195, 5.896127964166872, 58.6237339004027, 36.07928881395219, 43.80330555278947, 22.04808883399611, 38.10931986275538, 81.52626208880444, 24.016673202777646, 99.22354150515807, 87.42925806808766, 60.19809672261206, 65.2294657980989, 36.37967717926177, 83.23666555476932, 67.5975723062971, 86.5299605374294, 77.22578626279362, 41.2973418721304, 60.6348057349307, 50.841542104229944, 78.24784662208923, 33.694951112193365, 65.68967299857864, 44.82789413826956, 42.269784244043215, 68.80576020912766, 51.50142531110737, 95.00934249622705, 77.9769476390757, 60.98333390793663, 30.58340004962294, 68.68642047172028, 31.5144311614652], [54.218924988534255, 72.8254507499804, 30.621317002389528, 50.45553443614977, 38.24857324257652, 37.73775531666657, 23.715027309984983, 35.3425568091475, 68.12885351972798, 39.88749380293204, 71.30471154448172, 47.18972207965847, 75.15699466811797, 70.05189737951659, 72.43154140930926, 0.0, 64.93465894391025, 31.27531021800951, 48.52604173441007, 76.52159059236615, 64.544310327631, 80.9257391698183, 59.58339429433664, 13.720573066077602, 49.36209146579799, 13.30785327567761, 79.62324329636306, 33.62387133855381, 54.49107901852064, 45.63265233983892, 19.536074859102158, 71.50216645082315, 30.539283040013242, 78.02304052224311, 24.683208914470306, 40.188816440854986, 79.8335422724599, 65.30248839451863, 50.93440266637473, 18.948725350799137, 55.077064447910566, 58.11692687914675, 49.67670849103556, 48.29986466132652, 30.38120862818111, 62.095482268484616, 34.958494535273374, 8.455761457670466, 25.308423182317497, 22.0435593787029, 31.662132428010565, 66.88932663290221, 31.80746385957217, 17.70643777925043, 47.19305417915303, 21.343032188933208, 65.4482283360582, 70.46671363760157, 54.708292033316006, 45.778774339315035, 50.693375852177056, 63.10431314115796, 44.61391876203062, 79.93962785144866, 38.39922412848147, 75.22516956248516], [70.25577760451115, 22.067284647445394, 65.19845629877803, 35.81898032375145, 43.027133574430046, 39.62123837457548, 44.97186356996316, 49.090184937861174, 24.32151264270859, 83.11209946234611, 72.13159038329539, 25.967083740215266, 65.89786655697566, 51.771239782985354, 44.13497810386567, 64.93465894391025, 0.0, 69.65005733481074, 26.54877675550525, 23.01315180403168, 30.98260348257165, 34.84123572157133, 91.18871167086819, 66.7140940656321, 99.48538471246238, 69.32383371030528, 24.28999041686934, 91.15806232796669, 22.908969773806493, 62.659413094182966, 45.45533270495742, 9.601066652550577, 35.56123662606279, 48.61259901711521, 40.90739377475919, 30.30427143531189, 83.88559115965258, 59.55607304712931, 65.00992582319172, 81.79711978933213, 53.42324376891743, 113.84407764602406, 102.53853743905066, 82.63534279747914, 76.8454483895129, 8.07902918613694, 92.12708135653035, 56.82532276703369, 64.99873415351288, 56.13333280513076, 48.001488667134225, 91.90147745665183, 33.12744894285342, 59.86480121178789, 22.859702738666062, 46.784562127781264, 0.8011132938366985, 79.09343749204689, 92.36794804560616, 20.618152049462395, 107.51268467337135, 102.81868814193284, 81.30739528862985, 72.99822144930782, 38.18636180527711, 18.292231918336967], [24.91010764887257, 67.59314870304688, 61.13625004619902, 39.69935958628662, 61.67883735567198, 59.55005516276992, 45.69032622880637, 61.20792313477465, 61.39362174999951, 13.587850510438475, 43.70623437990087, 62.94769046287105, 50.39223141802889, 50.405469792708516, 56.5957952294968, 31.27531021800951, 69.65005733481074, 0.0, 44.59866174769163, 71.50619751449915, 54.52151612292083, 70.9499523186012, 29.092961239014347, 17.703192268178135, 29.88978183911242, 44.46945477068843, 74.7595529806378, 26.26565545299218, 50.29060222562485, 18.91025304856812, 34.33767106794148, 72.50514855461573, 36.993646332661946, 61.00513465739653, 41.691717620486315, 39.34578590880761, 50.32262601102061, 41.60775698337998, 23.344344269317386, 28.631915960225754, 33.53499702069123, 45.02471572457888, 33.32188998692719, 17.748749654412382, 8.648584479983093, 63.62106390670526, 26.64533947439915, 33.854902464803544, 56.04320425284612, 50.55199245969423, 21.679504862941798, 35.70759990519647, 42.746302079117456, 47.528263180968075, 46.95426633998875, 43.85770979730898, 70.38367199486315, 40.781634007477564, 25.9770524668191, 56.85197850226062, 39.57333469191305, 35.94976507244378, 14.53068989716246, 53.50779993852838, 59.54515332431463, 72.38619112007946], [43.88174526710764, 24.685433442058095, 61.00283472525819, 10.381028267099397, 44.93174009517922, 41.135441081166775, 37.07737285408575, 49.123747765856, 19.6103656956019, 57.698391310608265, 48.17980864877934, 33.65875432874873, 44.32150167366992, 32.03475208655647, 28.787084896313413, 48.52604173441007, 26.54877675550525, 44.59866174769163, 0.0, 28.538677108007708, 17.144305095772516, 32.59150734707727, 64.64840196749894, 45.702604903584955, 74.42272080108597, 57.24363655763082, 31.762951798372, 68.34167761916295, 6.154880790635679, 36.11064268049518, 30.510995689196754, 27.954478530140364, 19.14853603797056, 34.63978144625044, 30.494680014067566, 8.440865577939778, 59.977588845498836, 36.10662160824665, 38.58499886251529, 61.98324833667173, 28.102298527447182, 89.53509125949427, 77.90653484554373, 56.31244987657685, 52.476190442568274, 19.46010483964772, 69.13290977353462, 42.06060596948932, 58.61804323081947, 49.17563564955334, 23.189154403162636, 65.4828647953975, 22.273563897463582, 50.81556533899313, 5.559070581878586, 37.669910388801995, 27.3413347420472, 54.01290059776218, 66.04421812310171, 24.11592437347778, 83.70577491121581, 76.46033356827303, 55.21096839849986, 51.31009213489599, 40.05695006770591, 28.33434017835727], [63.904924715925915, 3.9277339112065732, 83.9375591433794, 31.915246816521154, 63.469873136951634, 59.76153576419839, 61.245357322699114, 69.09367820626444, 10.24924710079578, 83.81872755852592, 59.75049543551138, 47.27426299964791, 51.054638626106595, 36.8524824826079, 27.136881329389926, 76.52159059236615, 23.01315180403168, 71.50619751449915, 28.538677108007708, 0.0, 18.460000753788602, 12.391247012122713, 86.52493905907, 74.22719901870599, 100.71572974609502, 83.97260949481237, 3.2671794777330327, 96.34809009243135, 22.38508801384715, 58.87267611521587, 57.610116856292635, 14.225389056617598, 46.14402005253849, 29.77015858882001, 55.58050075135731, 36.490399219978286, 70.73262846010896, 47.612193343935154, 59.34251332384511, 90.52187795848188, 45.36403686554545, 116.44291142168449, 104.63533911558754, 80.26331389935757, 79.82019461154798, 18.312906646700295, 97.0592220273116, 69.4594077207306, 82.71720175518287, 73.33231566813924, 51.04194109906835, 84.82429254195682, 46.87118418499333, 76.07922565809614, 29.35796821363485, 62.501111183991284, 23.407314323246144, 68.23758563990665, 89.70837724235257, 39.53031715683045, 111.05666111654898, 99.70718492839453, 80.00643430466853, 57.71871546605461, 58.378718153790196, 5.186922555157963], [45.44515894746222, 14.984818352823956, 78.08440678702033, 15.141904524572816, 61.003305478722936, 57.16209208947038, 54.19155587400774, 65.62929206801714, 8.645456264207215, 66.23748530921436, 42.52270928680162, 47.64500190910549, 35.167906589862305, 20.872067480940288, 13.594046761718936, 64.544310327631, 30.98260348257165, 54.52151612292083, 17.144305095772516, 18.460000753788602, 0.0, 16.82147589019433, 68.0757681054476, 59.76652667155273, 83.0931860754728, 74.0339648630486, 21.458039155368628, 80.14182075708703, 12.987013541178689, 40.643140045954645, 47.37477169309277, 26.612250442154508, 36.193289199878826, 18.90121692059994, 47.637043816449825, 25.36343066089467, 53.97763009073376, 30.031340081916667, 40.9054835551978, 76.19665657913644, 26.91185769689525, 99.07439585002949, 87.21782302985072, 62.05218764548819, 63.050204451979546, 23.050057927747414, 80.7333783273076, 58.65014765138158, 75.76071022081537, 66.31342876627117, 35.54412459223939, 66.44006048952195, 39.33562763876524, 67.93065719046783, 21.229219569862007, 54.81360113997493, 31.71013905414822, 50.50954648171843, 71.4059506379134, 38.250497268178535, 94.03291466256903, 81.32640408669727, 61.9882136032089, 42.21139286645898, 55.96959757610495, 21.369906087860937], [59.15869473703053, 12.81928130946414, 92.0705271290009, 31.942532017948743, 72.95024159824104, 69.14653290404335, 68.58281455939127, 78.21507158313717, 13.697939512955003, 82.18419317703086, 51.715309142029454, 57.59026837330415, 41.93185472712439, 28.61848794815121, 18.49522920724458, 80.9257391698183, 34.84123572157133, 70.9499523186012, 32.59150734707727, 12.391247012122713, 16.82147589019433, 0.0, 81.90051867360764, 76.57177691709708, 98.92169507357669, 89.80838473845532, 12.933078646311962, 96.78554134154132, 27.042025047159775, 55.86201520288123, 63.0774195716075, 26.53138216923486, 51.63137751385434, 19.23652771555156, 62.371657698373774, 41.032354631885674, 61.919703019781366, 40.481489498985056, 55.228955786847116, 93.00497541412305, 40.86360243182935, 115.08867061113153, 103.2250849303034, 77.07228611234058, 79.54191404085948, 28.933610417580947, 97.34100548073538, 74.64858457581505, 90.27933440120951, 80.79899891457815, 52.36514708357611, 78.93869823131335, 53.741175541691106, 82.94804416677133, 35.31219599119945, 69.51339574658795, 35.319035082259106, 60.761823310820645, 86.08336474864996, 49.0714182759356, 110.30328580887192, 95.6067296719538, 77.40769941676025, 48.0960543804754, 67.82380492022794, 17.57815201593481], [22.7661714193284, 82.92489371511724, 89.95182275554595, 56.24259453313337, 90.32952682048041, 87.96076779676123, 74.49433975548158, 90.1820493600707, 76.43675061866604, 20.891759170893227, 36.06208115683007, 89.69443306264911, 46.8176510882667, 54.75759070655463, 64.08599054224229, 59.58339429433664, 91.18871167086819, 29.092961239014347, 64.64840196749894, 86.52493905907, 68.0757681054476, 81.90051867360764, 0.0, 45.880979793008414, 26.73990171078663, 72.36488945354748, 89.5280199649788, 39.39383482464812, 69.03224135317677, 28.572339744158413, 62.83798632535719, 91.60418095687055, 63.2706933239382, 66.28425942303446, 69.97886149110728, 62.23630417452544, 35.211445597441504, 42.68743197715242, 27.19391915417097, 51.19072767092175, 41.29359977874752, 41.48324675211991, 31.889019390438186, 11.372326351923569, 29.67686346223744, 83.9605145320308, 38.6635019650898, 62.90390562793335, 84.75842149990548, 79.61868100631867, 45.69192251700031, 9.619105554246584, 69.58055149369083, 76.44295204178158, 68.66055879189274, 72.76250232097719, 91.97841368221249, 27.744355165731143, 8.231659882937729, 82.39053333733804, 40.72897175070833, 14.080694801052221, 14.969600576273546, 45.841618837208024, 87.82609863436093, 88.91724210596571], [41.57648476409844, 70.35019115886003, 44.146264972431574, 44.7752589225869, 48.38087087861278, 47.021983965775, 32.494521345877104, 46.66310769712673, 64.87397537570571, 26.53355966833491, 59.50536825024588, 53.69718747795686, 64.55225508468914, 61.43358510656453, 65.42553775512646, 13.720573066077602, 66.7140940656321, 17.703192268178135, 45.702604903584955, 74.22719901870599, 59.76652667155273, 76.57177691709708, 45.880979793008414, 0.0, 37.93769670899817, 26.78863934612792, 77.46080817572359, 25.00127913915461, 51.85618535348189, 33.711199672811176, 23.443068324459034, 71.762608388128, 31.19411128496419, 70.63771762942793, 30.620269371890366, 38.18723797241296, 67.25813011841598, 54.978023703398875, 38.86516217466899, 16.43515385567553, 45.31947142853235, 49.14763580565953, 39.22378562680405, 34.58264416850285, 17.01533454676993, 62.33173165552795, 26.136920876423105, 18.082945519757274, 38.903939816036875, 34.50845024687985, 24.372653614955514, 53.19391512343415, 34.99991929418525, 30.816048140062932, 45.97273584936006, 30.2892541216227, 67.34259791956997, 57.7773543520382, 41.22500175255035, 49.9128622156753, 42.12075886646152, 50.005435563404234, 30.91248120498669, 68.69530011536808, 47.358152522555415, 73.85950945198499], [43.00372817630044, 96.83942426919361, 79.12655090115794, 68.80464607380368, 86.2997822487541, 84.94798935398036, 70.42877723670128, 84.30174908900214, 90.4999783537892, 16.897059224628084, 60.438263572652495, 90.76715257792476, 70.23570620636342, 74.91245753344913, 82.85195463653207, 49.36209146579799, 99.48538471246238, 29.88978183911242, 74.42272080108597, 100.71572974609502, 83.0931860754728, 98.92169507357669, 26.73990171078663, 37.93769670899817, 0.0, 59.62882696363823, 103.93790565866826, 18.004630376653495, 80.00920981039494, 43.25676521851829, 60.71524973071063, 102.3606532560427, 65.87127619526716, 86.32726792179047, 68.11788198089225, 69.19132210866226, 61.569552822238236, 63.848422914009305, 45.08822729338886, 34.01986194930219, 58.836128763271816, 16.4297790609002, 5.204447801274914, 23.526018506590063, 22.963471157029247, 93.5100861297225, 16.738939888305072, 55.73378211970955, 73.72303037088254, 71.39212668105455, 51.564423679973345, 36.21720005408557, 71.02952405508005, 66.99460987249662, 76.83862055181551, 68.22640433877558, 100.21164911918231, 53.31781011068573, 18.545775555955917, 85.67966436811419, 14.040206282099467, 19.046905959955478, 21.955018049522085, 70.68264816598187, 85.2541053488394, 101.92117086788447], [67.49260793021692, 80.49785510060694, 19.700687829335056, 60.87623626882444, 34.600005605472504, 35.45468913524423, 24.51102533727362, 29.898321230382102, 76.48834532504756, 52.171093678768266, 84.34769513780515, 47.690496390484626, 87.73473654615769, 81.7162842646789, 83.16728260468471, 13.30785327567761, 69.32383371030528, 44.46945477068843, 57.24363655763082, 83.97260949481237, 74.0339648630486, 89.80838473845532, 72.36488945354748, 26.78863934612792, 59.62882696363823, 0.0, 86.90667307667871, 42.441858733800515, 62.829929921374955, 58.78987626031316, 26.73368672789214, 77.01195234328756, 38.19520933845164, 88.9130265929769, 28.716686639131407, 48.81437829091067, 93.07370663442178, 77.81729086178925, 64.10633967250881, 26.135781302613154, 67.44237916641654, 65.94466697630972, 59.084474989270774, 61.18439977689246, 42.81408954246245, 67.93495203935225, 43.81458713950171, 15.57056467983101, 14.372396826518324, 16.124637278908153, 43.5809546340284, 79.94682019318891, 37.26084620930061, 10.94254834767475, 54.851050710531645, 22.55900501204367, 69.71399667571038, 83.73446252936503, 67.04356577809084, 48.943185834521884, 58.44824699282831, 74.86314682982363, 57.4292178776299, 92.76158982255423, 36.51995141124617, 81.97876246487466], [66.86621665064594, 7.194824116898678, 86.46372860490408, 35.146656399985304, 65.67652276023685, 62.009462887252695, 63.98240477007435, 71.39451832186577, 13.441949585984451, 87.04143718390605, 62.1813875198795, 49.24083427300374, 53.205332513745816, 39.14717304319756, 29.245211851430835, 79.62324329636306, 24.28999041686934, 74.7595529806378, 31.762951798372, 3.2671794777330327, 21.458039155368628, 12.933078646311962, 89.5280199649788, 77.46080817572359, 103.93790565866826, 86.90667307667871, 0.0, 99.61514953546259, 25.60807245527363, 61.990810636812895, 60.63256453139878, 14.980911253318464, 49.19403308790256, 31.386422132133564, 58.427477761250586, 39.65742466433982, 73.0069936894562, 50.18199020001623, 62.363335726324564, 93.74211121409913, 48.3065145586487, 119.68531785285738, 107.873483964332, 83.39179679776646, 83.08123288439623, 20.475846455155352, 100.32638291109596, 72.49175440600253, 85.36766388553373, 76.0177986915926, 54.3082044745198, 87.67026904747603, 49.73473227340001, 78.86840602229466, 32.43459041280021, 65.29308417286637, 24.592529976950424, 70.79875963921324, 92.80935452618688, 41.82361933340874, 114.31394052164767, 102.77257657118962, 83.17591999209444, 59.74873706153895, 60.61241329395663, 6.016494475071926], [48.046412786885035, 92.4210737280113, 62.119154885622976, 65.07156802836634, 71.71139445201678, 70.87323598369164, 56.426796005181004, 68.96388424651578, 86.46661612129336, 20.236830205292907, 67.05023900142342, 78.55479770358215, 75.2191714665594, 76.54113353356976, 82.85458251121992, 33.62387133855381, 91.15806232796669, 26.26565545299218, 68.34167761916295, 96.34809009243135, 80.14182075708703, 96.78554134154132, 39.39383482464812, 25.00127913915461, 18.004630376653495, 42.441858733800515, 99.61514953546259, 0.0, 74.37004181251793, 44.505081371712656, 48.376345460114344, 95.52844444941402, 55.8888344107963, 87.25685785205704, 55.39520198773207, 61.66082220111142, 71.04347664216372, 67.11579692002724, 48.13171077696443, 16.373381322287223, 59.68291418963048, 24.574540270809184, 16.67109871675004, 31.33087570995821, 17.670031134929456, 86.22494385861683, 1.3730699195317937, 41.045875573781885, 56.74605421193478, 55.46847032080491, 45.319544131571924, 48.86337601230238, 59.98340886735928, 50.73217614846807, 69.54164649643552, 54.10119955721396, 91.81800472533234, 61.85306940300611, 31.678731021816777, 74.90058237791953, 17.280742213297003, 35.9877818000482, 27.935730569461995, 77.2952554805874, 71.3802794106219, 96.6533022075105], [47.555469271955104, 18.53953904804063, 65.5054201582665, 12.989017409729188, 48.01633997893982, 44.175078574640935, 41.75885915685815, 52.681247057190404, 13.69229076530148, 63.203478905810385, 49.63332296603021, 35.00504641852299, 44.44103744707005, 31.09581779075668, 26.008027224744225, 54.49107901852064, 22.908969773806493, 50.29060222562485, 6.154880790635679, 22.38508801384715, 12.987013541178689, 27.042025047159775, 69.03224135317677, 51.85618535348189, 80.00920981039494, 62.829929921374955, 25.60807245527363, 74.37004181251793, 0.0, 40.47889390846162, 36.12744215937839, 22.711242721098483, 24.63479835163941, 31.636905680537854, 35.404365852777964, 14.302272615426048, 61.448348829947335, 37.171157215334794, 42.3858901871902, 68.13696993440551, 30.520067204582155, 95.29694775531463, 83.61125427393843, 61.211262927975206, 58.31117922423094, 15.127782801437128, 75.14096825341974, 47.82106054012166, 63.43903894241766, 53.95885690001789, 29.111739186353194, 69.20447903007097, 26.861714343964433, 55.94049809805123, 8.432706316759731, 42.571745866001194, 23.7089905337618, 56.26846809539632, 70.91138190063351, 25.495898077545167, 89.57520253104389, 81.25756152705205, 60.33892665207542, 51.54709937573564, 42.98428985109972, 22.28518852300286], [9.70813170069539, 55.13431421465796, 72.52458901141107, 27.79002377857123, 67.13156240962589, 64.17644270378833, 52.4779867447061, 68.38997555901591, 48.650369881419074, 26.89050925456077, 25.80870971397786, 63.385358341837104, 31.535228938247315, 32.26280587893644, 39.634541426885704, 45.63265233983892, 62.659413094182966, 18.91025304856812, 36.11064268049518, 58.87267611521587, 40.643140045954645, 55.86201520288123, 28.572339744158413, 33.711199672811176, 43.25676521851829, 58.78987626031316, 61.990810636812895, 44.505081371712656, 40.47889390846162, 0.0, 40.58955955144692, 63.105287270630754, 37.506863503520584, 43.38843404432328, 46.683258844243305, 34.36858396270684, 34.40571849921759, 22.729068836342922, 5.325850524556355, 47.18698545488274, 15.66479059885376, 59.598485010130574, 47.795062848946685, 21.40976211608205, 26.98627479999226, 55.38856568087473, 44.675306889601835, 45.202835319118165, 67.985672492