instance_id,num_cities,city_coordinates,distance_matrix,best_route,total_distance
841,59,"[[56.5775909881556, 98.36249587252541], [8.008678421453308, 71.56967152011225], [83.72612742451396, 75.25917410528412], [75.60416084614442, 76.71284172245161], [42.34917750545703, 9.23710278192681], [82.01935245988787, 21.020303111317716], [23.201007102993366, 24.65055565571732], [13.94637423928964, 94.36376742674992], [42.58886182703455, 92.47387095513466], [92.75417809891191, 98.30655498245899], [26.50666124618749, 58.690307683499064], [75.85846459172525, 35.29475713689878], [32.82711782066696, 37.11243264139963], [37.477452376710055, 61.790375168184184], [97.16644619368415, 47.220744697970915], [49.373082143509464, 20.25053151553048], [3.594029781021957, 85.47396305081388], [63.73117200136276, 7.453782329518188], [2.9465324542090277, 53.6775567083379], [51.1020519361052, 17.59758848419668], [94.20590155638862, 73.81864187064056], [15.833749822342103, 77.43044846825501], [14.479498145885971, 64.09507356577333], [51.695744201799585, 22.344295473438315], [36.828034665840505, 31.490942763736474], [93.41601634278454, 34.48162254660526], [16.59721521708417, 93.2190778724927], [2.898266297974983, 49.60436157013015], [48.52962510012041, 56.87092718347495], [52.6075151996416, 27.288446513612875], [78.72288604395698, 33.889823246021066], [75.6655673647274, 67.92156140999542], [98.19464654586207, 80.86727904975199], [74.13752402318585, 1.5531115630379566], [17.224320897759306, 31.26284539942137], [81.52386234559243, 99.61177685968411], [18.649543044412496, 4.649827214524549], [11.316445982963819, 2.5772346877044994], [43.078765027496225, 80.79351104669973], [12.763678497614151, 55.85157136948222], [5.420262464397685, 66.09826231762659], [36.72077113736023, 25.456666936247764], [68.23764983315218, 38.6735911848691], [47.80723090750462, 88.22213028052155], [92.03280742614733, 39.08358438151741], [86.49356981281336, 76.09628043870497], [30.905578588888783, 38.20799221224309], [84.28682841275943, 30.889037720883085], [97.98769871497, 68.59747895546761], [88.59153950541729, 80.22499872678995], [12.127559876332072, 64.60137225000204], [77.14652134520179, 68.96246406239857], [71.32836894362491, 60.293921428806165], [21.827123783163916, 80.35758595995742], [25.42250591877423, 2.499338243969629], [85.19827002884338, 66.0426727248793], [97.77871694806399, 50.53687181510663], [77.0452524165492, 38.279871784202136], [19.76237410095458, 20.787490860525637]]","[[0.0, 55.46886247879287, 35.648373137030575, 28.82217697153941, 90.25399406003238, 81.41927295116513, 80.91629305875031, 42.81834268945779, 15.177629820262245, 36.17663036222861, 49.78095349882226, 65.94916038997077, 65.69364673616852, 41.25936630377807, 65.29114702695465, 78.44350784737404, 54.528635013966856, 91.18973582238883, 69.80712161075503, 80.95030446734494, 44.925388428874335, 45.80623539955736, 54.28172484829165, 76.17479386228244, 69.72696458408237, 73.74168129010096, 40.309864742009935, 72.51776030631564, 42.26487935879116, 71.18484385063775, 68.16993185204826, 35.930506997600375, 45.14489921318998, 98.38906513722337, 77.78845004510896, 24.97753305720462, 101.09698852006984, 105.94049040581866, 22.15598181363815, 61.04783067261491, 60.48184048599012, 75.56158539544231, 60.81712189080393, 13.406947090362223, 69.07287253490765, 37.29276255230599, 65.40349020689209, 72.94154778721449, 50.997580864381305, 36.794859727650056, 55.81772777619477, 35.88095269735026, 40.82648417961745, 39.13785573999797, 100.79873171919239, 43.17075673468311, 63.125455220899525, 63.473198136584514, 85.86758175856265], [55.46886247879287, 0.0, 75.80728535475387, 67.79086549054347, 71.1661366299947, 89.62599242491792, 49.31744401593072, 23.554766817486158, 40.40760619466126, 88.86315689227592, 22.54003951682473, 76.93804583469152, 42.46476475099215, 31.04904629074542, 92.42282072906582, 65.91409580727871, 14.588298241714261, 84.94612137975216, 18.594437185120785, 69.06536460563332, 86.22655706805986, 9.776525398365683, 9.886411001223566, 65.81563160399483, 49.36456009191252, 93.11249511998761, 23.290765545606188, 22.55196561877871, 43.10452650023208, 62.84809567555493, 80.1265881317624, 67.75517197128246, 90.66396391241719, 96.30858159499786, 41.34692610309386, 78.68190350567052, 67.76056051869881, 69.07168498244961, 36.262793468893, 16.421592434034082, 6.052785790673989, 54.32120635514589, 68.62711635158519, 43.14196521662073, 90.08551555368842, 78.61531889533659, 40.46318924057534, 86.44807766748305, 90.02809573473392, 81.04635827433637, 8.094589498990215, 69.18698472166912, 64.31582812920297, 16.37610675394554, 71.23168064129797, 77.38721320863138, 92.20107635217742, 76.64371673814725, 52.12465093091003], [35.648373137030575, 75.80728535475387, 0.0, 8.251029671583614, 77.91640319233574, 54.26571852910458, 78.89564279038721, 72.34776735027432, 44.59395035730539, 24.752524402110247, 59.57008178805535, 40.73149570140299, 63.607256370361966, 48.16999572851739, 31.09333839017281, 64.8543173554853, 80.78053593501255, 70.69207449381373, 83.61285291768655, 66.25095288228987, 10.578317398062723, 67.92708862328182, 70.14080700496712, 61.854101157618594, 64.14896085805579, 41.91303685452935, 69.48992011421663, 84.80160694529889, 39.710469661393645, 57.180055373148285, 41.6708005062169, 10.90014626248145, 15.517373702820358, 74.32714827483605, 79.73811642443174, 24.451978087497288, 96.02417249276394, 102.59544962603111, 41.02239577615633, 73.56850006391029, 78.83990608780054, 68.48206509739744, 39.72905505703199, 38.18645518768078, 37.117034155651915, 2.8912772931715813, 64.51976797050555, 44.37367900420888, 15.740730540284607, 6.952096726064271, 72.38745482014144, 9.107127621983642, 19.433558681345186, 62.108618204173084, 93.23789999377927, 9.33333282072839, 28.43707971723368, 37.57795751535769, 84.0150344566641], [28.82217697153941, 67.79086549054347, 8.251029671583614, 0.0, 75.22545621369972, 56.06080217401178, 73.86861412482843, 64.13452913583369, 36.58442307587653, 27.57556063121185, 52.30082408674814, 41.418865280582295, 58.292948196074406, 40.94295918441251, 36.533764332602104, 62.25802730416713, 72.54113469574624, 70.26937577709218, 76.22175095877834, 63.99192532235949, 18.82554515102762, 59.77471868102679, 62.41339971092787, 59.39319159357143, 59.57019478718441, 45.83380923850386, 61.272142645020956, 77.59521118096362, 33.56682973464705, 54.512535739500315, 42.93643392612133, 8.791494770100496, 22.96931417468998, 75.17403847876162, 73.98586269120965, 23.65172501661873, 91.85263495899868, 98.12746054362182, 32.78037881559024, 66.21267871439446, 70.9820321489931, 64.33594212381648, 38.74596838337516, 30.085428983588876, 41.05924300910687, 10.9068499329543, 58.9964972825714, 46.63914374478285, 23.80928139119068, 13.453893535421596, 64.62171897638487, 7.902355964046535, 16.966535886937375, 53.90040700987342, 89.58706709006782, 14.349196404199851, 34.30586449730437, 38.45997820057468, 79.03132300502621], [90.25399406003238, 71.1661366299947, 77.91640319233574, 75.22545621369972, 0.0, 41.38316796618778, 24.581028441754555, 89.74000371589464, 83.23711326382215, 102.34271542288232, 51.9288435887235, 42.4484825584276, 29.456809661182273, 52.778595512141344, 66.69100388840724, 13.062574357094448, 85.52204592267772, 21.45623267162532, 59.39294892678849, 12.104153501032341, 82.8244832181978, 73.16693447940507, 61.531422753960925, 16.098348028962242, 22.928506540798487, 56.965847724639566, 87.84153745133455, 56.443688550398726, 48.033104829772384, 20.762574569821773, 43.94090689920402, 67.482201488425, 90.82730076635848, 32.703863615529635, 33.41244913815041, 98.4999372943191, 24.139506430712608, 31.739317396245053, 71.5601275970577, 55.21060073249758, 67.80070965597692, 17.168378479069183, 39.20101846838158, 79.17338514863042, 57.95925763819627, 80.11789443767482, 31.149131457343938, 47.19716993871092, 81.35907633353328, 84.72093846277959, 63.07573626882753, 69.12288997419232, 58.707684903684545, 74.02214409524504, 18.218388566840044, 71.1541812307709, 69.12383644600116, 45.24709985795382, 25.368783037423796], [81.41927295116513, 89.62599242491792, 54.26571852910458, 56.06080217401178, 41.38316796618778, 0.0, 58.930267978849656, 100.06594886179373, 81.61112638089541, 78.02820778276107, 67.08716814902691, 15.54723695878148, 51.75743986726062, 60.38360405393073, 30.263799958300627, 32.65534433871017, 101.51258797252906, 22.770771410002304, 85.55119564419056, 31.106180207421815, 54.18649789962105, 86.96343194519119, 80.10660253974477, 30.3524986379203, 46.38846299128034, 17.63777391278649, 97.43058615461123, 84.12606417405756, 49.05944440161034, 30.072342654587906, 13.28500053928848, 47.32968006478353, 61.99435996720413, 21.002256218868954, 65.59958679489398, 78.59303567361124, 65.45017361658529, 73.06878784517195, 71.33866929279067, 77.52138817410957, 88.8788107162942, 45.515302853225066, 22.3958457553977, 75.40924900829201, 20.653121086355284, 55.257414882421834, 53.92619526691733, 10.1258762579287, 50.18541365204989, 59.56836094339127, 82.36608681862681, 48.189161434202134, 40.70275450498124, 84.5222901306543, 59.55022399635377, 45.134457818061435, 33.46020617265646, 17.96202611108098, 62.257413662380856], [80.91629305875031, 49.31744401593072, 78.89564279038721, 73.86861412482843, 24.581028441754555, 58.930267978849656, 0.0, 70.324818697774, 70.53999581092066, 101.30572457866562, 34.1998840265181, 53.722498586249614, 15.74675793791182, 39.78923325564394, 77.33239691928442, 26.539361792639866, 63.905558810280255, 44.02752865562282, 35.39506368700421, 28.778683929288086, 86.36663556244348, 53.29159000388594, 40.397211681570724, 28.587914900503833, 15.24751704331398, 70.89991113363313, 68.8857917590037, 32.1697639688255, 40.984036295015194, 29.524586137936073, 56.28537204940779, 68.00669101231061, 93.72494836514126, 55.92871069116026, 8.913088895020001, 94.97757697498504, 20.512068721971726, 25.069389533306, 59.55801121712324, 32.90047431249695, 45.10063488948495, 13.543774767086104, 47.16931962468634, 68.16752416066429, 70.32872140119078, 81.56354021757151, 15.593732964415356, 61.40355220641608, 86.74319172003663, 85.81631809004827, 41.45707394440457, 69.81163035983633, 59.88900133892098, 55.72396953460899, 22.262333431404485, 74.54507338358577, 78.94261314422904, 55.542425329801326, 5.171795291246514], [42.81834268945779, 23.554766817486158, 72.34776735027432, 64.13452913583369, 89.74000371589464, 100.06594886179373, 70.324818697774, 0.0, 28.70476970622731, 78.9063718776003, 37.8200547295874, 85.57017534416235, 60.28430818123387, 40.18379675366397, 95.64541268717896, 82.14513601037481, 13.645499537394631, 100.15923121615681, 42.1469365662539, 85.28534818214521, 82.8474134133375, 17.038177060402493, 30.273388464942375, 81.31309410544088, 66.90711819367216, 99.50525258248534, 2.8874334737237213, 46.102766746916046, 51.00700255465804, 77.41952270555872, 88.61768675808524, 67.1449853606922, 85.32248581208133, 110.62003595262388, 63.18600553124695, 67.78095972886237, 89.8371352237605, 91.82420222843908, 32.13795343915161, 38.53035185890213, 29.523437487390048, 72.57314690764767, 77.77492099295556, 34.413330573214374, 95.6733488771037, 74.81174150119412, 58.660767997987215, 94.7460859590667, 87.90247915281984, 75.9723994484739, 29.817918310033075, 68.11376371055077, 66.7341570904433, 16.07107129764523, 92.57847993677, 76.67409639974736, 94.59734913302417, 84.4208018066213, 73.80578790135914], [15.177629820262245, 40.40760619466126, 44.59395035730539, 36.58442307587653, 83.23711326382215, 81.61112638089541, 70.53999581092066, 28.70476970622731, 0.0, 50.50325890098665, 37.41612383520242, 66.15374158094981, 56.2154827268373, 31.106324441770262, 70.89822389415379, 72.5412738040266, 39.618122582546775, 87.6094329933437, 55.46772284166522, 75.35868949564392, 54.88475528429248, 30.694308568566814, 39.94361610852848, 70.71840399663125, 61.25442563911916, 77.11355595253345, 26.002327335187196, 58.422069531662366, 36.09518352183306, 65.95083756118488, 68.8313762182105, 41.19325616199302, 56.804192361609076, 96.23877895527563, 66.2582039157044, 39.58388518175426, 91.02831231396415, 95.18071866151844, 11.690629270334274, 47.23065093321089, 45.57606290125552, 67.27362130026414, 59.60142976088416, 6.731171861137221, 72.76830667825793, 46.859885343866964, 55.50932086560732, 74.3734636942156, 60.32506297931103, 47.60547473187813, 41.28882537199974, 41.79734543543852, 43.14520159671985, 24.038596645533662, 91.59749075035609, 50.141498852701126, 69.31545285974067, 64.22018684647553, 75.2328760116057], [36.17663036222861, 88.86315689227592, 24.752524402110247, 27.57556063121185, 102.34271542288232, 78.02820778276107, 101.30572457866562, 78.9063718776003, 50.50325890098665, 0.0, 77.18925144865932, 65.23765632398727, 85.65029575363381, 66.24913429469085, 51.27599947502586, 89.30096464071106, 90.07889577338445, 95.37589413297955, 100.28539626085157, 90.82310767145108, 24.530906823208902, 79.70297428228956, 85.4245338440478, 86.34847922111508, 87.13242539639981, 63.82836383851889, 76.3267018724674, 102.20561887073353, 60.60298952229054, 81.58018308658323, 65.9271756132147, 34.86070067028399, 18.268197556939057, 98.52821231754058, 100.99315978560723, 11.305909785065623, 119.42813568316942, 125.68296215591283, 52.67213088257974, 90.5588519143399, 93.0837630118161, 91.90674014491199, 64.4759686200251, 46.06434286295857, 59.2273637978892, 23.075777590817907, 86.23854421543079, 67.94716803828156, 30.166520124407107, 18.554520653656756, 87.38816229351637, 33.23664575835542, 43.63514188865521, 73.16291767610001, 117.100712456199, 33.136835170159095, 48.03320331349832, 62.048150994835346, 106.47539036423692], [49.78095349882226, 22.54003951682473, 59.57008178805535, 52.30082408674814, 51.9288435887235, 67.08716814902691, 34.1998840265181, 37.8200547295874, 37.41612383520242, 77.18925144865932, 0.0, 54.616410343734245, 22.48450272170453, 11.40038053922563, 71.58460787002659, 44.72683307028353, 35.24702647732977, 63.33123819499571, 24.087493456845852, 47.89096798335157, 69.36896736910676, 21.566267987153516, 13.185755438481726, 44.22129016343364, 29.091857989931334, 71.15421446056293, 35.92259861658184, 25.29645684292228, 22.09798819611197, 40.832970281775324, 57.80655810948084, 50.01813767159241, 75.03989135990244, 74.38654629292371, 28.95561309467583, 68.56718644037997, 54.608679124790044, 58.132775615606405, 27.625825284567927, 14.033103672677058, 22.349809964426054, 34.76784316270301, 46.28330528205501, 36.412124543874555, 68.39663319080798, 62.46116462999792, 20.949360869772853, 64.12065446742767, 72.1643316343026, 65.71358327464252, 15.546679404745731, 51.67119727198419, 44.85038525986882, 22.166845034359877, 56.20142737803097, 59.15033569810099, 71.73691128304434, 54.504450195229666, 38.498167907229444], [65.94916038997077, 76.93804583469152, 40.73149570140299, 41.418865280582295, 42.4484825584276, 15.54723695878148, 53.722498586249614, 85.57017534416235, 66.15374158094981, 65.23765632398727, 54.616410343734245, 0.0, 43.069719631903, 46.63818042665174, 24.41842049061049, 30.45987865988457, 87.97784519219302, 30.367599572528974, 75.19359791969974, 30.431394084029844, 42.669873894246734, 73.33745882642194, 67.79996864573586, 27.414439880079417, 39.21534730159706, 17.57637082429297, 82.86810369571246, 74.35022067283268, 34.819485663011605, 24.590804326613153, 3.1904152541232143, 32.627374494665375, 50.75194358628833, 33.785504028687896, 58.772605174379116, 64.56605731907966, 64.89971058913756, 72.36095937249063, 56.07713714933872, 66.35913383743477, 76.8791015188743, 40.355260719316284, 8.336266376994482, 59.90140682063348, 16.612181615157752, 42.16479297721558, 45.04718524600873, 9.510398533835247, 39.98467560711678, 46.69965531011636, 70.14631783087475, 33.69233710833255, 25.406298074979656, 70.3565514441064, 60.16082967863988, 32.13512530874583, 26.698680177664457, 3.212378371035299, 57.941627032404995], [65.69364673616852, 42.46476475099215, 63.607256370361966, 58.292948196074406, 29.456809661182273, 51.75743986726062, 15.74675793791182, 60.28430818123387, 56.2154827268373, 85.65029575363381, 22.48450272170453, 43.069719631903, 0.0, 25.11227705403097, 65.12854326732604, 23.62398452741121, 56.5102739320412, 42.83335269536867, 34.16508037741515, 26.73578798920141, 71.51713702922748, 43.75290797353991, 32.629711291767464, 23.960862608063472, 6.89989014743443, 60.64598738480836, 58.40689494922258, 32.43122633863537, 25.23820202452046, 22.08562482496461, 46.00876820912661, 52.76679992968048, 78.66003048472403, 54.507017678195595, 16.663281271076578, 79.23093433149371, 35.423500358339325, 40.68647073180794, 44.86794937484067, 27.45354107834082, 39.891277775206774, 12.288914123061923, 35.44492902242982, 53.25978765313386, 59.238493573377234, 66.33120275186349, 2.2119140563162465, 51.834664642096655, 72.36856668389953, 70.48662341396273, 34.41095029051462, 54.57686350725159, 44.941381381013706, 44.622227133690586, 35.39625094813081, 59.83056388585817, 66.32439819805862, 44.23354316908951, 20.909118886521483], [41.25936630377807, 31.04904629074542, 48.16999572851739, 40.94295918441251, 52.778595512141344, 60.38360405393073, 39.78923325564394, 40.18379675366397, 31.106324441770262, 66.24913429469085, 11.40038053922563, 46.63818042665174, 25.11227705403097, 0.0, 61.44143646531499, 43.20954313847438, 41.34003703181978, 60.34669100658994, 35.4711467823723, 46.245346879986684, 57.989621021324105, 26.7032161563648, 23.113146335082323, 41.93033538749303, 30.306391197153232, 62.24862173842246, 37.732580848890144, 36.66359280375756, 12.097582005605735, 37.67362315879618, 49.795849184049324, 38.677171187534, 63.643585140068, 70.5158760830539, 36.63494791160983, 58.05639204305289, 60.16254973211901, 64.73479945975467, 19.811458215618106, 25.417317126450616, 32.34534459186349, 36.341586651953826, 38.478246442510354, 28.37854828587673, 59.09217471374375, 51.061127035338586, 24.480978554047084, 56.089306832196165, 60.89192535868568, 54.33677620864692, 25.505269149230877, 40.31220524770963, 33.883977426127665, 24.28320616541622, 60.50412212116024, 47.90989951877206, 61.342349536206655, 46.02558602952195, 44.66610034313915], [65.29114702695465, 92.42282072906582, 31.09333839017281, 36.533764332602104, 66.69100388840724, 30.263799958300627, 77.33239691928442, 95.64541268717896, 70.89822389415379, 51.27599947502586, 71.58460787002659, 24.41842049061049, 65.12854326732604, 61.44143646531499, 0.0, 54.87802881243835, 101.08959307295154, 51.955065742713174, 94.44089456592071, 54.76732422150405, 26.762155342149246, 86.76193693620051, 84.39119831000164, 51.83070967732859, 62.355036481375436, 13.279719773170441, 92.77525335451814, 94.29831053758613, 49.58494114235546, 48.81387960654233, 22.756941309294202, 29.846467177244175, 33.6622410105121, 51.14551761867011, 81.51931026972687, 54.67641795522313, 89.31510004212336, 96.76396809875791, 63.660096561673065, 84.84290402732823, 93.66815307439558, 64.24449170032426, 30.165030947202037, 64.16732621324041, 9.621207045439915, 30.784847807903148, 66.87101227818533, 20.799259769717082, 21.39250390252041, 34.09999719518026, 86.79688012940301, 29.555029214338628, 28.95710941747607, 82.30470065614969, 84.54109746977402, 22.304757684466825, 3.372176527655644, 22.018211722961933, 81.79307602096458], [78.44350784737404, 65.91409580727871, 64.8543173554853, 62.25802730416713, 13.062574357094448, 32.65534433871017, 26.539361792639866, 82.14513601037481, 72.5412738040266, 89.30096464071106, 44.72683307028353, 30.45987865988457, 23.62398452741121, 43.20954313847438, 54.87802881243835, 0.0, 79.68574311911243, 19.2330843625222, 57.20830821911853, 3.1666138493998757, 69.85359077044706, 66.29049490892473, 56.034864787868635, 3.127076357950727, 16.844140264369805, 46.28503002933466, 79.99166337954777, 54.96868059859779, 36.63010781666972, 7.745566778153383, 32.3641973159254, 54.44099439123915, 77.83273882063133, 31.030164267881908, 33.98255297521926, 85.62639739109427, 34.45747857085839, 41.96013556485005, 60.86929273836288, 51.0654724250227, 63.51271351033577, 13.681550343991436, 26.368182373783807, 67.98963250939244, 46.63192084230705, 67.05727609735715, 25.758864148364648, 36.498595765246804, 68.5624406738133, 71.65908257242914, 57.91568011177343, 56.07331181177661, 45.66735917722803, 66.11836216948507, 29.8116581903986, 58.140900264412984, 57.09963125602153, 33.02735408935523, 29.61557624155914], [54.528635013966856, 14.588298241714261, 80.78053593501255, 72.54113469574624, 85.52204592267772, 101.51258797252906, 63.905558810280255, 13.645499537394631, 39.618122582546775, 90.07889577338445, 35.24702647732977, 87.97784519219302, 56.5102739320412, 41.34003703181978, 101.08959307295154, 79.68574311911243, 0.0, 98.5069767793791, 31.802998429143067, 82.85055457506364, 91.35840310802551, 14.646121450053977, 23.99063019464125, 79.36705776736333, 63.39294566431784, 103.2870178676808, 15.135046583529547, 35.87634871621428, 53.266700550250526, 76.07809203431782, 91.13324597959385, 74.17811896401844, 94.71271419283573, 109.63162816599757, 55.898390969151606, 79.20187234425882, 82.2144112264211, 83.25565017044282, 39.761173881652226, 31.009168749064006, 19.461575083118635, 68.55258438449454, 79.80646853629652, 44.2985279323506, 99.86733512237444, 83.42826061147406, 54.589309370948406, 97.42095167003993, 95.89046068422167, 85.15942863725398, 22.54963819278922, 75.38301276907939, 72.26323545123459, 18.93734488852083, 85.79784806353241, 83.88579778576893, 100.4557397104103, 87.30615303135896, 66.67649542734554], [91.18973582238883, 84.94612137975216, 70.69207449381373, 70.26937577709218, 21.45623267162532, 22.770771410002304, 44.02752865562282, 100.15923121615681, 87.6094329933437, 95.37589413297955, 63.33123819499571, 30.367599572528974, 42.83335269536867, 60.34669100658994, 51.955065742713174, 19.2330843625222, 98.5069767793791, 0.0, 76.36366755664264, 16.198502305039945, 73.0274176139679, 84.79915598216515, 75.05973121772105, 19.14625039029199, 36.07719335306338, 40.1459105062375, 97.86365924957029, 74.00887613412581, 51.702429669287454, 22.740924430160838, 30.391047189492024, 61.634260761483134, 81.1003858090153, 11.962862445773416, 52.24709258742891, 93.85987313814002, 45.168743990718134, 52.64108870917, 76.19211062914582, 70.28535678227378, 82.70028539312166, 32.46021578790457, 31.543379771563114, 82.32313120074463, 42.443220254430216, 72.31818098373633, 44.981562982979476, 31.172844043524336, 70.08609890389266, 76.90050590454659, 76.99857023393616, 62.95466246858936, 53.383496526657176, 84.08872600330426, 38.62771560970304, 62.39787156210618, 54.91254789682283, 33.57845333499189, 45.94608766801368], [69.80712161075503, 18.594437185120785, 83.61285291768655, 76.22175095877834, 59.39294892678849, 85.55119564419056, 35.39506368700421, 42.1469365662539, 55.46772284166522, 100.28539626085157, 24.087493456845852, 75.19359791969974, 34.16508037741515, 35.4711467823723, 94.44089456592071, 57.20830821911853, 31.802998429143067, 76.36366755664264, 0.0, 60.17240367166931, 93.45552824976691, 27.023697719813413, 15.541362717610989, 57.95048667289932, 40.49940777892402, 92.48357369504488, 41.831483787548805, 4.073481097999212, 45.69481316470413, 56.236983775016704, 78.31736818186755, 74.10094269479997, 99.05293654919952, 88.23329905585256, 26.57582596836547, 91.01840118224246, 51.481091683399434, 51.78125493932398, 48.43419320063604, 10.054983649137146, 12.664646382585007, 44.01270064600591, 66.9929025346743, 56.6198713262537, 90.2737415678103, 86.50263941116798, 31.953336077160834, 84.47224599989134, 96.20513169299237, 89.66512092516568, 14.269583403662432, 75.75794838989283, 68.70117789222734, 32.68486943217427, 55.89614860047555, 83.17598468397621, 94.88417738208577, 75.68162921793021, 36.93953115243681], [80.95030446734494, 69.06536460563332, 66.25095288228987, 63.99192532235949, 12.104153501032341, 31.106180207421815, 28.778683929288086, 85.28534818214521, 75.35868949564392, 90.82310767145108, 47.89096798335157, 30.431394084029844, 26.73578798920141, 46.245346879986684, 54.76732422150405, 3.1666138493998757, 82.85055457506364, 16.198502305039945, 60.17240367166931, 0.0, 70.84312737287493, 69.45375632649105, 59.18806944840273, 4.783690808158561, 19.919158169175258, 45.55811881575335, 83.12155805993093, 57.862237022269056, 39.357496267099144, 9.807096868296856, 32.067856029798236, 55.99882624884816, 78.87183408124868, 28.072374569107378, 36.52998640658932, 87.47464571794917, 34.94008951422156, 42.52652665373032, 63.70320055808608, 54.15900741794402, 66.62688084875474, 16.388604319094544, 27.16296385021399, 70.70135606585879, 46.22742437866615, 68.37145967438319, 28.856303947281475, 35.74761548155227, 69.27663893372792, 72.99078155427357, 61.06035309118272, 57.59049253102051, 47.244901805439554, 69.25199420606867, 29.789196766155595, 59.240849718031576, 57.128866985024125, 33.17840402536256, 31.50160129233973], [44.925388428874335, 86.22655706805986, 10.578317398062723, 18.82554515102762, 82.8244832181978, 54.18649789962105, 86.36663556244348, 82.8474134133375, 54.88475528429248, 24.530906823208902, 69.36896736910676, 42.669873894246734, 71.51713702922748, 57.989621021324105, 26.762155342149246, 69.85359077044706, 91.35840310802551, 73.0274176139679, 93.45552824976691, 70.84312737287493, 0.0, 78.45533324333651, 80.31716616859454, 66.75868344516006, 71.30114810151424, 39.34494895091614, 79.99678188761409, 94.4638323749105, 48.7190646875226, 62.41381920254807, 42.82562697866734, 19.455578888786764, 8.09897355680344, 75.00031098238318, 87.96112535660788, 28.742302119127388, 102.43577613569586, 109.29775817766648, 51.600706290390484, 83.40054747511415, 89.12067083127161, 75.12270521518471, 43.69810848614408, 48.58288913143378, 34.80296764460726, 8.041622869153533, 72.62953432924454, 44.06062782670647, 6.446900955919166, 8.518360723033473, 82.59426270757342, 17.737105629022313, 26.576296985807495, 72.67355269800052, 99.0837957752622, 11.899711000350312, 23.554316520369444, 39.46507390284987, 91.40099429144945], [45.80623539955736, 9.776525398365683, 67.92708862328182, 59.77471868102679, 73.16693447940507, 86.96343194519119, 53.29159000388594, 17.038177060402493, 30.694308568566814, 79.70297428228956, 21.566267987153516, 73.33745882642194, 43.75290797353991, 26.7032161563648, 86.76193693620051, 66.29049490892473, 14.646121450053977, 84.79915598216515, 27.023697719813413, 69.45375632649105, 78.45533324333651, 0.0, 13.403962898819229, 65.73101925758182, 50.50938705295717, 88.67699660282331, 15.807077461483127, 30.68579225099409, 38.622715798340224, 62.18142954326482, 76.49071511918206, 60.58271472550584, 82.43257313433953, 95.6906491873202, 46.18854036486934, 69.33399031157596, 72.8350706840353, 74.98939689885536, 27.451794903714667, 21.796175691686315, 15.390229429952068, 56.01376282799468, 65.17869838242954, 33.7455758439599, 85.30403486937035, 70.67241445866185, 42.018580379671, 82.77636669280332, 82.62743290860698, 72.81143777397943, 13.353690146534388, 61.894771279262535, 58.08023166611863, 6.669982408491557, 75.54214401856005, 70.2930871413366, 86.24524394095252, 72.66096410408086, 56.77903429324534], [54.28172484829165, 9.886411001223566, 70.14080700496712, 62.41339971092787, 61.531422753960925, 80.10660253974477, 40.397211681570724, 30.273388464942375, 39.94361610852848, 85.4245338440478, 13.185755438481726, 67.79996864573586, 32.629711291767464, 23.113146335082323, 84.39119831000164, 56.034864787868635, 23.99063019464125, 75.05973121772105, 15.541362717610989, 59.18806944840273, 80.31716616859454, 13.403962898819229, 0.0, 55.93010318075327, 39.528299102542604, 84.30854278371775, 29.200896432326402, 18.550085316670245, 34.8080369534445, 52.995032591822316, 70.98992911322641, 61.305603950004716, 85.37876169415216, 86.43250003747535, 32.94676400356486, 75.87083091551439, 59.59132980741732, 61.599102259800866, 33.11730484912649, 8.420176098256615, 9.278066409996317, 44.58251553187469, 59.46587794083046, 41.14429045136817, 81.48674966848306, 73.00722898765748, 30.65871979917447, 77.30267896729379, 83.62948772161356, 75.8470115441398, 2.4058162817314033, 62.85576574118102, 56.97580950321272, 17.84536107442422, 62.560243197666594, 70.74558529772949, 84.39540679305307, 67.68233337053512, 43.6286087118133], [76.17479386228244, 65.81563160399483, 61.854101157618594, 59.39319159357143, 16.098348028962242, 30.3524986379203, 28.587914900503833, 81.31309410544088, 70.71840399663125, 86.34847922111508, 44.22129016343364, 27.414439880079417, 23.960862608063472, 41.93033538749303, 51.83070967732859, 3.127076357950727, 79.36705776736333, 19.14625039029199, 57.95048667289932, 4.783690808158561, 66.75868344516006, 65.73101925758182, 55.93010318075327, 0.0, 17.45594292780448, 43.4499230839236, 79.08945262804781, 55.89548330026548, 34.67149560383176, 5.0275198518320146, 29.38988954901965, 51.49601530908657, 74.7468228480391, 30.592594037571747, 35.60645387269818, 82.82499810910899, 37.48527201315469, 44.95802950255459, 59.08098789983088, 51.3657792500865, 63.6853972636659, 15.294988538838295, 23.243935560655956, 65.99249695616356, 43.67244511947055, 64.03252731979879, 26.15124969161176, 33.69260141516448, 65.43930038494992, 68.64018881230594, 57.89042881612274, 53.11304641791736, 42.72720520237266, 65.2508724752841, 32.92575553143877, 55.06330367132898, 54.022789060856006, 29.94228045900705, 31.971295979367618], [69.72696458408237, 49.36456009191252, 64.14896085805579, 59.57019478718441, 22.928506540798487, 46.38846299128034, 15.24751704331398, 66.90711819367216, 61.25442563911916, 87.13242539639981, 29.091857989931334, 39.21534730159706, 6.89989014743443, 30.306391197153232, 62.355036481375436, 16.844140264369805, 63.39294566431784, 36.07719335306338, 40.49940777892402, 19.919158169175258, 71.30114810151424, 50.50938705295717, 39.528299102542604, 17.45594292780448, 0.0, 56.666955413484274, 64.95882326191756, 38.46199581863666, 27.947644405885065, 16.329512566176327, 41.963474588774865, 53.24982554981996, 78.76473600960583, 47.83588332107376, 19.605040727028953, 81.47493510218773, 32.41763473106072, 38.559611925307, 49.69723200893969, 34.24227597368977, 46.734513171346826, 6.035229094802996, 32.220402904063974, 57.783824615350646, 55.72445730783902, 66.75553557970424, 8.955123632709123, 47.462610480179066, 71.53600166874463, 71.09478633406896, 41.30876414990052, 55.04266778191189, 44.94312678552, 51.11727833694564, 31.15444139493951, 59.44326465109423, 63.857130252606694, 40.78620061801344, 20.144494363479325], [73.74168129010096, 93.11249511998761, 41.91303685452935, 45.83380923850386, 56.965847724639566, 17.63777391278649, 70.89991113363313, 99.50525258248534, 77.11355595253345, 63.82836383851889, 71.15421446056293, 17.57637082429297, 60.64598738480836, 62.24862173842246, 13.279719773170441, 46.28503002933466, 103.2870178676808, 40.1459105062375, 92.48357369504488, 45.55811881575335, 39.34494895091614, 88.67699660282331, 84.30854278371775, 43.4499230839236, 56.666955413484274, 0.0, 96.70169008114867, 91.77232866582533, 50.16043342029722, 41.43761029537677, 14.705043501822654, 37.85905374028624, 46.631153061506886, 38.15687489446349, 76.25965500256811, 66.20695074943715, 80.49820831677766, 88.08081186000915, 68.40051086376239, 83.43544997531855, 93.50328663226851, 57.409064203069114, 25.52494350939027, 70.48548418206772, 4.805342822011009, 42.18649093533149, 62.62140735458332, 9.810644117066188, 34.42080676309411, 45.99708731122202, 86.6891716242208, 38.12643307619565, 33.97262046433383, 85.0268990203461, 75.13976290217192, 32.613359882658905, 16.637433264930603, 16.805612419648195, 74.91587454020123], [40.309864742009935, 23.290765545606188, 69.48992011421663, 61.272142645020956, 87.84153745133455, 97.43058615461123, 68.8857917590037, 2.8874334737237213, 26.002327335187196, 76.3267018724674, 35.92259861658184, 82.86810369571246, 58.40689494922258, 37.732580848890144, 92.77525335451814, 79.99166337954777, 15.135046583529547, 97.86365924957029, 41.831483787548805, 83.12155805993093, 79.99678188761409, 15.807077461483127, 29.200896432326402, 79.08945262804781, 64.95882326191756, 96.70169008114867, 0.0, 45.71547527505246, 48.38250571694043, 75.12383014872367, 85.90436211404902, 64.25756425984656, 82.52701214518846, 108.22909274750313, 61.95940609618522, 65.24060168093692, 88.59302575047778, 90.79554096782378, 29.251789540190213, 37.563633291150836, 29.33364807174269, 70.68735274976002, 75.11287909091301, 31.607508042128167, 92.8503108634726, 71.96311956641708, 56.84143566007917, 92.01585537222051, 85.03313434920811, 73.1575616226953, 28.964649039141616, 65.22730859178962, 63.87147340620433, 13.884160681357908, 91.14799457056834, 73.78795103560758, 91.7180840250288, 81.68403495714185, 72.5007105332927], [72.51776030631564, 22.55196561877871, 84.80160694529889, 77.59521118096362, 56.443688550398726, 84.12606417405756, 32.1697639688255, 46.102766746916046, 58.422069531662366, 102.20561887073353, 25.29645684292228, 74.35022067283268, 32.43122633863537, 36.66359280375756, 94.29831053758613, 54.96868059859779, 35.87634871621428, 74.00887613412581, 4.073481097999212, 57.862237022269056, 94.4638323749105, 30.68579225099409, 18.550085316670245, 55.89548330026548, 38.46199581863666, 91.77232866582533, 45.71547527505246, 0.0, 46.20631863655857, 54.488617996582896, 77.43590688022357, 75.03732347647367, 100.29342001192067, 85.9299393022193, 23.273312094250215, 93.18114582781772, 47.63415663441715, 47.77464193507389, 50.864875142133776, 11.677071043113074, 16.685599375860445, 41.55806768536611, 66.24739075595569, 59.22961389768863, 89.75329060698711, 87.69262531750945, 30.237175402179325, 83.51264209623787, 96.96771970815581, 90.99978292768155, 17.60937787906475, 76.73030372453383, 69.25998583645828, 36.11180494056839, 52.21326070121756, 83.92561401456233, 94.88503301849539, 75.00679715452212, 33.38877310541045], [42.26487935879116, 43.10452650023208, 39.710469661393645, 33.56682973464705, 48.033104829772384, 49.05944440161034, 40.984036295015194, 51.00700255465804, 36.09518352183306, 60.60298952229054, 22.09798819611197, 34.819485663011605, 25.23820202452046, 12.097582005605735, 49.58494114235546, 36.63010781666972, 53.266700550250526, 51.702429669287454, 45.69481316470413, 39.357496267099144, 48.7190646875226, 38.622715798340224, 34.8080369534445, 34.67149560383176, 27.947644405885065, 50.16043342029722, 48.38250571694043, 46.20631863655857, 0.0, 29.86222279480441, 37.9442241270877, 29.299759033077887, 55.15831087058555, 60.95756894980802, 40.44497402473075, 53.994443440550455, 60.165293863014995, 65.8226841205284, 24.53572689415073, 35.78046984947025, 44.08583514618041, 33.560464519942435, 26.824415675349723, 31.359524693492883, 46.99911101761278, 42.554380572824584, 25.66928431356209, 44.1999566604736, 50.82925399957297, 46.37207827419005, 37.213843304387865, 31.066573914677534, 23.054275318155305, 35.56187167550359, 59.07798778451644, 37.798286167299054, 49.65474101489945, 34.04068656928486, 46.14725459787771], [71.18484385063775, 62.84809567555493, 57.180055373148285, 54.512535739500315, 20.762574569821773, 30.072342654587906, 29.524586137936073, 77.41952270555872, 65.95083756118488, 81.58018308658323, 40.832970281775324, 24.590804326613153, 22.08562482496461, 37.67362315879618, 48.81387960654233, 7.745566778153383, 76.07809203431782, 22.740924430160838, 56.236983775016704, 9.807096868296856, 62.41381920254807, 62.18142954326482, 52.995032591822316, 5.0275198518320146, 16.329512566176327, 41.43761029537677, 75.12383014872367, 54.488617996582896, 29.86222279480441, 0.0, 26.93679210855105, 46.7196296628135, 70.3482611036918, 33.55366961988176, 35.60570579988931, 77.88978909081786, 40.81238729435426, 48.12064408298572, 54.3469319330259, 49.02431462723177, 61.09696083637267, 15.991999666098176, 19.337079092952507, 61.12247169978458, 41.151900860935314, 59.41775281602486, 24.29424892688817, 31.8832737136056, 61.36609175405494, 64.00881631038867, 55.0534395836121, 48.36203636395327, 37.94511482761737, 61.34953999279159, 36.79027885739574, 50.63642315143466, 50.80282222864999, 26.795791269555362, 33.482319486500124], [68.16993185204826, 80.1265881317624, 41.6708005062169, 42.93643392612133, 43.94090689920402, 13.28500053928848, 56.28537204940779, 88.61768675808524, 68.8313762182105, 65.9271756132147, 57.80655810948084, 3.1904152541232143, 46.00876820912661, 49.795849184049324, 22.756941309294202, 32.3641973159254, 91.13324597959385, 30.391047189492024, 78.31736818186755, 32.067856029798236, 42.82562697866734, 76.49071511918206, 70.98992911322641, 29.38988954901965, 41.963474588774865, 14.705043501822654, 85.90436211404902, 77.43590688022357, 37.9442241270877, 26.93679210855105, 0.0, 34.168792778903885, 50.85303148127005, 32.660196988534935, 61.554646677953116, 65.78161335083536, 66.81155519117073, 74.3243322467056, 58.91060424354542, 69.51931703332447, 80.06658585874564, 42.84035226246425, 11.524956142611677, 62.512217367545716, 14.287377713656213, 42.91583105327714, 48.01188889716132, 6.321563766287005, 39.69577272323466, 47.37445311532407, 73.33578055489879, 35.10804835786391, 27.419979649760112, 73.46006217582025, 61.85703735350564, 32.79841958634344, 25.303140467290095, 4.699678792789471, 60.39878378345818], [35.930506997600375, 67.75517197128246, 10.90014626248145, 8.791494770100496, 67.482201488425, 47.32968006478353, 68.00669101231061, 67.1449853606922, 41.19325616199302, 34.86070067028399, 50.01813767159241, 32.627374494665375, 52.76679992968048, 38.677171187534, 29.846467177244175, 54.44099439123915, 74.17811896401844, 61.634260761483134, 74.10094269479997, 55.99882624884816, 19.455578888786764, 60.58271472550584, 61.305603950004716, 51.49601530908657, 53.24982554981996, 37.85905374028624, 64.25756425984656, 75.03732347647367, 29.299759033077887, 46.7196296628135, 34.168792778903885, 0.0, 25.98366821598021, 66.38603807685573, 68.98725062036338, 32.22715276487386, 85.17123562211046, 91.70981658140227, 35.0369344266251, 64.04945185267984, 70.26896384692546, 57.61913237682147, 30.176443149346778, 34.470277147577484, 33.15894247896297, 13.56730143448216, 53.72478747917775, 38.022808323991285, 22.332362448826604, 17.845316629025763, 63.62469686885367, 1.810166573567987, 8.774518894312708, 55.25606495121102, 82.48898415817173, 9.716102241820094, 28.12861206682004, 29.673781267544616, 73.12173154164998], [45.14489921318998, 90.66396391241719, 15.517373702820358, 22.96931417468998, 90.82730076635848, 61.99435996720413, 93.72494836514126, 85.32248581208133, 56.804192361609076, 18.268197556939057, 75.03989135990244, 50.75194358628833, 78.66003048472403, 63.643585140068, 33.6622410105121, 77.83273882063133, 94.71271419283573, 81.1003858090153, 99.05293654919952, 78.87183408124868, 8.09897355680344, 82.43257313433953, 85.37876169415216, 74.7468228480391, 78.76473600960583, 46.631153061506886, 82.52701214518846, 100.29342001192067, 55.15831087058555, 70.3482611036918, 50.85303148127005, 25.98366821598021, 0.0, 82.88234014662943, 94.95679793111108, 25.085279428352198, 110.16589061643145, 116.94935989247028, 55.1159308844985, 89.01817753922771, 93.94258989898496, 82.76094062136575, 51.746777171959955, 50.921365764670355, 42.23559401104122, 12.636361203262053, 79.67203662517375, 51.87727837454581, 12.271545206631961, 9.624561748126736, 87.59065664669114, 24.181567243373305, 33.83873395976569, 76.36922364380173, 106.94540007680206, 19.714835917642585, 30.333258981681343, 47.54980683072037, 98.79879710671834], [98.38906513722337, 96.30858159499786, 74.32714827483605, 75.17403847876162, 32.703863615529635, 21.002256218868954, 55.92871069116026, 110.62003595262388, 96.23877895527563, 98.52821231754058, 74.38654629292371, 33.785504028687896, 54.507017678195595, 70.5158760830539, 51.14551761867011, 31.030164267881908, 109.63162816599757, 11.962862445773416, 88.23329905585256, 28.072374569107378, 75.00031098238318, 95.6906491873202, 86.43250003747535, 30.592594037571747, 47.83588332107376, 38.15687489446349, 108.22909274750313, 85.9299393022193, 60.95756894980802, 33.55366961988176, 32.660196988534935, 66.38603807685573, 82.8823