instance_id,num_cities,city_coordinates,distance_matrix,best_route,total_distance
2744,58,"[[28.9149672872543, 84.76331391217478], [44.135534546783994, 93.83053228007851], [85.58976901621654, 30.36036761577041], [68.18492433278949, 49.53255255320792], [28.329374716127187, 85.32155987904602], [38.266720808680624, 17.140406077296998], [82.43818580930119, 33.98530628165545], [66.1814203983368, 96.48930669780887], [72.96145781634623, 69.14104453264397], [40.0580965786246, 79.56681163582972], [25.859605115182827, 32.534630470376555], [78.17481613887023, 85.50604141887732], [57.54389851012073, 32.558068039997046], [21.999537017938152, 88.45913945262997], [48.704277206903676, 17.4950511913717], [38.98015865132874, 26.87223528478547], [49.37346403491384, 60.15251679574748], [96.14773714693385, 20.56086314853086], [35.75931961795836, 36.53834183843616], [93.57447901742003, 74.26417633600217], [75.29324533452916, 39.744437664248856], [38.85739817047773, 47.21113999596004], [87.99833111953443, 86.6626697519732], [78.3178493792897, 37.50927471238696], [71.09170076935027, 61.84799210651715], [97.68983515239985, 84.726432752131], [4.675717777922339, 62.07679639094774], [71.93506463965632, 66.50294931196548], [15.504381223434937, 18.596525882405125], [72.21238006079213, 93.2419865269821], [57.6288065376652, 68.52287066802327], [74.39433081262258, 96.61065998915146], [94.67613727261292, 12.991226374833209], [98.71424529210829, 40.06808648711668], [66.29711615079523, 82.916175500126], [41.82695090648168, 95.87489999357244], [45.43985351298767, 35.28142823166844], [71.2021026820525, 58.17802244311061], [39.63632452488311, 62.29653412688098], [35.50937789313178, 22.747257980877134], [27.31222206325352, 35.89847572616186], [10.33218587029352, 45.335431486431524], [14.619070566333125, 87.96472828199342], [81.56667887026174, 1.6927905799914433], [13.133702464417308, 5.331226279359957], [39.804475210084924, 47.643359713093545], [38.26969337094174, 34.85337905092003], [20.842737815313196, 70.80249730176742], [8.34645742100225, 62.74932481452913], [58.527765646298825, 2.9944166942065586], [80.75370011384668, 83.18429877749239], [86.58458221376473, 83.23276452023048], [60.04027759848746, 43.88699470862031], [83.96141763426095, 69.0226148846355], [19.315474485073047, 99.18478278947612], [85.22521918718368, 13.242367929842692], [2.3930683034943723, 20.373789091505547], [46.417729248064695, 54.41327577701549]]","[[0.0, 17.716662118839377, 78.56025532511104, 52.75733192922716, 0.8090471054810514, 68.26648488072229, 73.77764552954956, 39.06772880894477, 46.734875933247224, 12.295241612601767, 52.317975993592235, 49.265447861896675, 59.53993113481192, 7.841065121222683, 70.11872757381525, 58.759552941100644, 32.00377202580881, 92.96343381708078, 48.708244582818665, 65.50636875164764, 64.63469573887082, 38.846076992423754, 59.113885292237086, 68.36365247479567, 47.99988354857336, 68.77487775407671, 33.199688161435965, 46.735101278832424, 67.5121297009032, 44.119767023310544, 32.988430718434365, 46.99715008104485, 97.34353613523115, 82.88306560797905, 37.4277567317252, 17.034866193413624, 52.1682746050905, 49.94977019359639, 24.893848536089028, 62.36567521091027, 48.89111579007257, 43.58758628060031, 14.649973277194945, 98.35097650406435, 80.9845964681907, 38.68426530959687, 50.77905570169176, 16.126539897854737, 30.127716709192708, 86.96591504087151, 51.862775763184736, 57.689921712662915, 51.3776061489968, 57.25278422645527, 17.324232353501287, 91.02796374324302, 69.63779169629338, 35.03528922475758], [17.716662118839377, 0.0, 75.80841218467165, 50.405199701632604, 17.950969330757644, 76.91435777337745, 71.05310808501162, 22.20563361816261, 37.95398078691364, 14.835067475456826, 63.962466925951894, 35.04240059418822, 62.722397102035, 22.77837236291994, 76.47208041199555, 67.1564698084504, 34.08290821343538, 89.85384596090199, 57.90126131730894, 53.170024593758896, 62.41881585167448, 46.91722988996061, 44.44460795646985, 65.88258268552313, 41.8272372189712, 54.322626423723676, 50.64954967567636, 38.9821839339924, 80.49781772986324, 28.083013373229136, 28.680064945710875, 30.386244610617524, 95.33806114628038, 76.61094076085305, 24.703418449909815, 3.083666287432523, 58.56363063230581, 44.762714040775336, 31.853350378681345, 71.60476564942344, 60.325343094629055, 59.113798581468025, 30.093675456035687, 99.45076174146172, 93.77228137926517, 46.38979397141635, 59.268142333937256, 32.754309251393714, 47.401471485932554, 91.96921338552228, 38.134398347009515, 43.75196371964666, 52.41486236452756, 46.920504357865845, 25.391009826005803, 90.45891010391469, 84.48861821537938, 39.483268898139855], [78.56025532511104, 75.80841218467165, 0.0, 25.89403973368243, 79.36929765597306, 49.13489874550963, 4.803400570589466, 68.9182166062726, 40.784986770767745, 67.04034104972469, 59.769723929471766, 55.64195238641377, 28.131845648647737, 86.13469042462702, 39.06476510507633, 46.73994913909426, 46.89555308620146, 14.404894267320756, 50.21196125156128, 44.62398473854634, 13.931230046277292, 49.67759066895878, 56.353796653302815, 10.19743535806806, 34.66503251060159, 55.69632518318433, 86.90808674711573, 38.63595687021854, 71.06581143132222, 64.28882120679742, 47.30953457750525, 67.18957565075821, 19.602274244037947, 16.324572986805443, 55.984992604830644, 78.78666258693667, 40.45037147544829, 31.318155479470384, 55.961038160879774, 50.65575005223051, 58.54009839671601, 76.73302000374998, 91.40624927338712, 28.94849266239609, 76.65728599550579, 48.93868556418253, 47.532901350863426, 76.33966140133025, 83.75902181030047, 38.48697567015209, 53.04484202829536, 52.881754960674044, 28.909274501682546, 38.6965229975767, 95.54623090213117, 17.121881024737597, 83.79393032972956, 45.96728282823512], [52.75733192922716, 50.405199701632604, 25.89403973368243, 0.0, 53.566014231181356, 44.09478490056243, 21.091996807939136, 46.99947646316782, 20.18187874869797, 41.14820965916392, 45.61098554083555, 37.334834129344124, 20.034084831804506, 60.40173150714379, 37.49529445080997, 36.9649606683761, 21.60219153353129, 40.26509266647666, 34.932353960510135, 35.44407851838609, 12.096917811708707, 29.41925809842983, 42.08582530604663, 15.72372029882138, 12.653829485312276, 45.925471863981, 64.73621375002908, 17.379813533833907, 61.092367514061735, 43.89458984828023, 21.727029364513314, 47.48583924268408, 45.1337222251549, 31.96272135086896, 33.43695711026947, 53.313749909619084, 26.84087910307288, 9.156828862028355, 31.272060638932285, 42.25095668096476, 43.08672465783312, 58.00478577547838, 65.92672311724311, 49.67609264178462, 70.60024273023359, 28.443258287220928, 33.32265262866937, 51.90080128343192, 61.28070814996092, 47.52955715264903, 35.92233495442819, 38.395985425030894, 9.909974460267875, 25.07509263341426, 69.6675469343787, 40.0917591123491, 71.96389237940792, 22.307672246200003], [0.8090471054810514, 17.950969330757644, 79.36929765597306, 53.566014231181356, 0.0, 68.90152814779177, 74.58669030954776, 39.465122973786244, 47.47453968960636, 13.064457274247019, 52.844675022916, 49.845782811253414, 60.31147877111953, 7.06478951321172, 70.82070270950304, 59.411806435754656, 32.80753610050606, 93.77248063167576, 49.345784456647664, 66.17544383005345, 65.44371026190795, 39.537872749055055, 59.6840257854895, 69.17269845833373, 48.78139925682398, 69.36301354633416, 33.163451511685466, 47.493118421329264, 67.94638047711211, 44.59205440843949, 33.77354977306185, 47.428092534573125, 98.1507516352134, 83.67739754576301, 38.043859736627155, 17.13352125475954, 52.884622149966155, 50.742905196453435, 25.65148972020122, 62.98488472375716, 49.43354980883243, 43.8496210950933, 13.962764020286233, 99.1361770902748, 81.42089366108954, 39.38685947231653, 51.437799438347646, 16.335633143761576, 30.146687702492443, 87.69094206215674, 52.46787377455075, 58.29264333210336, 52.176666743638776, 57.97050808105702, 16.53600153724206, 91.8289008434967, 69.93500497319548, 35.812157095110834], [68.26648488072229, 76.91435777337745, 49.13489874550963, 44.09478490056243, 68.90152814779177, 0.0, 47.27440092900007, 84.11586344361342, 62.512328190484084, 62.45210275168922, 19.77166316970641, 79.161330007406, 24.684284079733555, 73.15041352407809, 10.44357968912116, 9.757945136095413, 44.42298294295106, 57.98199357494782, 19.559319326717816, 79.51146613316666, 43.38093777740611, 30.07653467660082, 85.47852485017404, 44.933102599898554, 55.46393024280271, 89.9943193762701, 56.10378471220259, 59.75130166712114, 22.808866440068233, 83.32921653898083, 54.909453022169025, 87.29676661487267, 56.56180653059707, 64.64968480317144, 71.49933500530202, 78.81494636552956, 19.507704057602343, 52.61962881028834, 45.17689359362661, 6.248177992231624, 21.722481895843053, 39.690020156781365, 74.66790460257373, 45.97298329113826, 27.769143641694836, 30.54169067204028, 17.712973223048312, 56.4199895244278, 54.54718718291065, 24.710705241625188, 78.52986166721885, 81.87072477577145, 34.48866159612716, 69.13587280645247, 84.20468803640334, 47.120009246209655, 36.01907424933945, 38.153712194635844], [73.77764552954956, 71.05310808501162, 4.803400570589466, 21.091996807939136, 74.58669030954776, 47.27440092900007, 0.0, 64.58353110236104, 36.410634510050414, 62.23942153934858, 56.59717531529548, 51.69683230166544, 24.935166916076376, 81.36478825674465, 37.54870307397498, 44.036302109391336, 42.16632225018508, 19.187690619605096, 46.748631418079775, 41.790003580666784, 9.177023954965346, 45.54347075771305, 52.96998997597485, 5.4217640853574744, 30.084414306028613, 52.98372130360076, 82.68091225241582, 34.17181093461265, 68.68004629086442, 60.132530770815954, 42.52468287461277, 63.13983314989497, 24.30059355555767, 17.37556696386699, 51.524402880536236, 74.02428122013845, 37.02102814371505, 26.674652374701655, 51.31788140127026, 48.25563948434785, 55.15915242508676, 72.99383925625688, 86.67877705545662, 32.304273628840654, 74.99445121126787, 44.76802098589733, 44.177022020617855, 71.76004994557552, 79.47926130585867, 39.14260376869119, 49.227820941654635, 49.42170318901545, 24.488971516270894, 35.070403894637856, 90.74937146788234, 20.92933459325775, 81.19417612573064, 41.40984458535537], [39.06772880894477, 22.20563361816261, 68.9182166062726, 46.99947646316782, 39.465122973786244, 84.11586344361342, 64.58353110236104, 0.0, 28.176166361735547, 31.125534316895692, 75.6045593802681, 16.262646081632255, 64.51209236020411, 44.90570570678842, 80.90452976904406, 74.74252653446526, 40.03585514886976, 81.62786705098416, 67.22813699234305, 35.27514819398825, 57.47178016473559, 56.34660508143982, 23.927816178706546, 60.21575442864687, 34.98759108505187, 33.63250516651957, 70.47816910540938, 30.533359646904135, 92.92710908390009, 6.849639606725431, 29.244978168188844, 8.213806918500314, 88.22629034118602, 65.12863260987612, 13.57362427712838, 24.362218286270906, 64.62675129685252, 38.63886323170374, 43.287270773497, 79.86653830241697, 71.98654997321889, 75.73543389001972, 52.26226513810243, 96.0368973172476, 105.46969234606254, 55.51278928587235, 67.6613041741314, 52.10957988040904, 66.9572200742661, 93.80763768398118, 19.732576412286996, 24.3315622715117, 52.95957761818038, 32.719221581041865, 46.94339652928527, 85.39741850048863, 99.31025064640136, 46.48651273144614], [46.734875933247224, 37.95398078691364, 40.784986770767745, 20.18187874869797, 47.47453968960636, 62.512328190484084, 36.410634510050414, 28.176166361735547, 0.0, 34.51561676154538, 59.65412038057608, 17.175337786647958, 39.69905923346973, 54.50051525261762, 57.05891200615252, 54.234499427709906, 25.242564875817408, 53.82970901379057, 49.466506946608376, 21.240130002203337, 29.488942476883242, 40.546363552321516, 23.089281259120387, 32.0820789933772, 7.528917923913466, 29.230069647990504, 68.65017038873731, 2.830729472507451, 76.52492415016181, 24.112580170904916, 15.345107824989013, 27.506960907229516, 60.20240346567258, 38.83867856002258, 15.302538449763206, 41.0372580507789, 43.633843739463664, 11.103296079280337, 34.020755893841944, 59.624170612141384, 56.47053307429579, 67.00099191055774, 61.30387605956098, 67.99497621624894, 87.47029905040566, 39.51627447207851, 48.7766596285768, 52.14519536688024, 64.93036544672484, 67.70308592713062, 16.060262445190865, 19.600155370712862, 28.367656419532697, 11.000597328202957, 61.485914940124935, 57.22815643462061, 85.77961763553638, 30.355834675163713], [12.295241612601767, 14.835067475456826, 67.04034104972469, 41.14820965916392, 13.064457274247019, 62.45210275168922, 62.23942153934858, 31.125534316895692, 34.51561676154538, 0.0, 49.12863956001058, 38.57666082555942, 50.15551060099232, 20.129209309068735, 62.671045021852095, 52.705600527753546, 21.533483577520304, 81.41099272191619, 43.24267217070153, 53.77844484975732, 53.17271082597881, 32.377942552521674, 48.46253491349666, 56.85635493447282, 35.73571259369225, 57.862241410956045, 39.469144440468796, 34.45004487052108, 65.72868995041608, 34.94149903131226, 20.753276381456548, 38.333663379111094, 86.11294282565416, 70.71557869572935, 26.451925948864428, 16.403737120458935, 44.61119244039693, 37.78133691786107, 17.275426967268224, 57.00133787226215, 45.49044820927986, 45.33670868482058, 26.789345801082106, 88.2458245996192, 78.96736751111101, 31.92445937618722, 44.74918367477237, 21.11973527649005, 35.895068199515464, 78.76839685156298, 40.85606883091023, 46.67068754697693, 40.89421590237117, 45.151762809907844, 28.550326854542227, 80.2433847594009, 70.16030411065242, 25.94504372497497], [52.317975993592235, 63.962466925951894, 59.769723929471766, 45.61098554083555, 52.844675022916, 19.77166316970641, 56.59717531529548, 75.6045593802681, 59.65412038057608, 49.12863956001058, 0.0, 74.45033030368562, 31.684302063579928, 56.057567112937654, 27.350831575433343, 14.290263970013857, 36.27187900258441, 71.30071955030022, 10.6786727618742, 79.54029887891569, 49.956642252142885, 19.604656491834156, 82.40792380538386, 52.69359046987848, 53.90005239031695, 88.7894485432659, 36.35239538182185, 57.24329354007541, 17.36379628288286, 76.38038245872946, 48.004537197495935, 80.38256749704273, 71.53782035969722, 73.2430990255426, 64.60257253654801, 65.32186368200166, 19.771975755123137, 52.09151214419546, 32.795867223671095, 13.744481616789145, 3.6640893688188796, 20.12364914868058, 56.55833590505732, 63.67493348389107, 30.032878614221787, 20.56047424777518, 12.62485189994313, 38.595318230707285, 34.92331737491082, 44.04353462687332, 74.69103403584118, 79.10640707148981, 36.01658708440729, 68.60899084389237, 66.97065364667657, 62.42169116644175, 26.430369141886587, 30.021851846891355], [49.265447861896675, 35.04240059418822, 55.64195238641377, 37.334834129344124, 49.845782811253414, 79.161330007406, 51.69683230166544, 16.262646081632255, 17.175337786647958, 38.57666082555942, 74.45033030368562, 0.0, 56.82536974921378, 56.25284679295423, 74.12157214108738, 70.52761443105784, 38.370810440121325, 67.38621572791557, 64.78356232344609, 19.06644034198708, 45.85223907832699, 54.88495996802972, 9.89137177929604, 47.99697982983019, 24.6956235111405, 19.530585162039788, 77.14302938341905, 20.00130016763203, 91.67587840765543, 9.767061518224287, 26.656455114764857, 11.73049968642645, 74.36862241584706, 49.86457558549552, 12.15677434535273, 37.79789061698958, 59.95072599996337, 28.203534425506888, 44.98773793622643, 75.88810525582205, 71.048673809284, 78.8435183391984, 63.60328557843478, 83.88185589846357, 103.23927281160445, 53.9060824856037, 64.48341669053929, 59.187510629374124, 73.44295631196952, 84.81848152238136, 3.470033349870776, 8.711598779349744, 45.39830984897106, 17.469633859248606, 60.42789145255819, 72.6067950626763, 99.92539015796196, 44.444039454688586], [59.53993113481192, 62.722397102035, 28.131845648647737, 20.034084831804506, 60.31147877111953, 24.684284079733555, 24.935166916076376, 64.51209236020411, 39.69905923346973, 50.15551060099232, 31.684302063579928, 56.82536974921378, 0.0, 66.24448217751602, 17.465204876160477, 19.4149718430169, 28.778630989805368, 40.42510708340704, 22.145212959449882, 55.11444639013517, 19.148974412994207, 23.746532645632858, 62.08687777600749, 21.3558301694728, 32.27138977295057, 65.82730820582073, 60.55080393677373, 36.869508094574925, 44.29724227438735, 62.43158106229117, 35.96490285606265, 66.23195304523398, 41.972186603324815, 41.84970527046983, 51.113186224602664, 65.23836026919163, 12.406635161324052, 29.033232765570435, 34.71393914895722, 24.119952173183087, 30.41566346963114, 48.91019144337814, 70.08879263602556, 39.11213787195359, 52.09190364227999, 23.286329978771832, 19.41039505996769, 53.005769175672214, 57.722614245571144, 29.580018178444565, 55.69299892419547, 58.40621690658347, 11.600710668570184, 45.02830768815487, 76.81491731263723, 33.75428543417576, 56.480711096575114, 24.524309321082853], [7.841065121222683, 22.77837236291994, 86.13469042462702, 60.40173150714379, 7.06478951321172, 73.15041352407809, 81.36478825674465, 44.90570570678842, 54.50051525261762, 20.129209309068735, 56.057567112937654, 56.25284679295423, 66.24448217751602, 0.0, 75.82245690632693, 63.884961266605096, 39.37761758372191, 100.5392038333176, 53.713134726004334, 72.96896121030926, 72.20347302218075, 44.559902847916376, 66.02323928928568, 75.9449868278336, 55.84078889908334, 75.78228243458787, 31.561729016089004, 54.54934650710667, 70.16389259196951, 50.44011531095986, 40.827682515193466, 53.02510446802376, 104.77258290648217, 90.70193202298472, 44.6430281948984, 21.168841392674473, 58.114691843698765, 57.77402976490117, 31.552150338701782, 67.08626660525047, 52.8284771099601, 44.67416783283615, 7.397008006546803, 105.24563499330156, 83.59935987119233, 44.530256003896035, 56.020492107769954, 17.69449621884754, 29.110155465159774, 92.94369436868735, 58.990470630846005, 64.79616545661462, 58.59841321228416, 64.93884151102245, 11.05638352579913, 98.26011196857877, 70.8521598065121, 41.89712335239661], [70.11872757381525, 76.47208041199555, 39.06476510507633, 37.49529445080997, 70.82070270950304, 10.44357968912116, 37.54870307397498, 80.90452976904406, 57.05891200615252, 62.671045021852095, 27.350831575433343, 74.12157214108738, 17.465204876160477, 75.82245690632693, 0.0, 13.508888303803868, 42.66271419869211, 47.542413632859535, 23.026481399644315, 72.36068393957578, 34.66999314264906, 31.305062858908066, 79.54987196868136, 35.74259084003671, 49.68279482463493, 83.18439489351334, 62.658168265847536, 54.23507686861186, 33.21816280001244, 79.31096464251422, 51.80237045075606, 83.18207985923432, 46.191951202338494, 54.86837732561564, 67.74534292427185, 78.68099081289155, 18.083464000931773, 46.489313836408364, 45.709962142448695, 14.201797212335666, 28.21889540497086, 47.40784922899063, 78.28011689431032, 36.464350858254136, 37.59287730409694, 31.434487148727353, 20.253199399336637, 60.14939058778477, 60.635821912718384, 17.51483159894225, 73.09064753508991, 75.87070884814534, 28.723502354267808, 62.435212590955025, 86.8154017095643, 36.76771026389687, 46.400594845248314, 36.98896603210347], [58.759552941100644, 67.1564698084504, 46.73994913909426, 36.9649606683761, 59.411806435754656, 9.757945136095413, 44.036302109391336, 74.74252653446526, 54.234499427709906, 52.705600527753546, 14.290263970013857, 70.52761443105784, 19.4149718430169, 63.884961266605096, 13.508888303803868, 0.0, 34.86542605856608, 57.51491501596314, 10.188592640076012, 72.2947846862926, 38.52705359302072, 20.33927518339574, 77.31544015200215, 40.75046649540412, 47.481098370302895, 82.42532547373429, 49.15440759804302, 51.54240315510745, 24.89175550170487, 74.22482347408216, 45.63493722813675, 78.2151613826647, 57.3996902686828, 61.174272335371704, 62.34692776623658, 69.0613637503436, 10.60387588213145, 44.92556050536765, 35.4303754158449, 5.390895735332784, 14.751737549484911, 34.08219415535643, 65.77047447980604, 49.47338820011592, 33.6460156094857, 20.78747478183187, 8.012703459528748, 47.527191748128956, 47.176150798832126, 30.85869666519309, 70.11474353605924, 73.77459182138023, 27.074538746199348, 61.643881773466155, 74.93867045775986, 48.21181295158089, 37.15972259110056, 28.52764216993905], [32.00377202580881, 34.08290821343538, 46.89555308620146, 21.60219153353129, 32.80753610050606, 44.42298294295106, 42.16632225018508, 40.03585514886976, 25.242564875817408, 21.533483577520304, 36.27187900258441, 38.370810440121325, 28.778630989805368, 39.37761758372191, 42.66271419869211, 34.86542605856608, 0.0, 61.280760958713614, 27.257552845408355, 46.39901572731687, 32.98976745079295, 16.675337320103452, 46.84728985829479, 36.749066042681804, 21.784316454331393, 54.2065407805556, 44.73914809666029, 23.438298039553878, 53.60984192553274, 40.20608277775158, 11.756423936931478, 44.218095610491844, 65.39510315495768, 53.27191601484368, 28.365369000751688, 36.51080006970329, 25.180237054096043, 21.91775748419419, 9.970390972976048, 39.89193241188235, 32.786535430528374, 41.75844127587626, 44.51277314574544, 66.7378653438662, 65.7167726883221, 15.749430403929273, 27.628610055336484, 30.453643844315447, 41.109107063816815, 57.88652386531755, 38.925341329578444, 43.787728316777404, 19.451172724719196, 35.7072145972923, 49.26459706912788, 59.04159901391269, 61.558953539261864, 6.455637505412299], [92.96343381708078, 89.85384596090199, 14.404894267320756, 40.26509266647666, 93.77248063167576, 57.98199357494782, 19.187690619605096, 81.62786705098416, 53.82970901379057, 81.41099272191619, 71.30071955030022, 67.38621572791557, 40.42510708340704, 100.5392038333176, 47.542413632859535, 57.51491501596314, 61.280760958713614, 0.0, 62.46631729932742, 53.764928203362636, 28.335831732168355, 63.185601176865184, 66.6022646374604, 24.599868949745193, 48.295258323651005, 64.18409763183493, 100.45249145956326, 51.93196309589234, 80.66727636098307, 76.52089266595605, 61.51473141111404, 79.0998248205729, 7.711355722297939, 19.675332943579736, 69.13208048598065, 92.8598511934904, 52.80136834401848, 45.13685137722019, 70.25244471584439, 60.677763104419675, 70.52354568806851, 89.32014373724998, 105.78376297589708, 23.8455744933809, 84.39947744765288, 62.514196674466824, 59.616641654455066, 90.52659679189897, 97.41114422515881, 41.51917986595152, 64.48775904116026, 63.39732765519254, 42.98670781301231, 49.9704689251241, 109.93142101076918, 13.147690703961153, 93.75485548304052, 60.15861971813162], [48.708244582818665, 57.90126131730894, 50.21196125156128, 34.932353960510135, 49.345784456647664, 19.559319326717816, 46.748631418079775, 67.22813699234305, 49.466506946608376, 43.24267217070153, 10.6786727618742, 64.78356232344609, 22.145212959449882, 53.713134726004334, 23.026481399644315, 10.188592640076012, 27.257552845408355, 62.46631729932742, 0.0, 69.03500014429567, 39.66371557239225, 11.11335733380447, 72.39725527563586, 42.56960378124094, 43.462116314323744, 78.46961743419054, 40.22937936733042, 46.97405910625133, 27.058663846650468, 67.4101545511784, 38.746413286676194, 71.42371803548586, 63.448073644580134, 63.05380055097893, 55.52891564070305, 59.64598295905046, 9.761791244832533, 41.52669801465994, 26.04833271088222, 13.793348572121074, 8.471297760103672, 26.90590858708368, 55.60200853032947, 57.55455328794136, 38.54611022004876, 11.818828442826844, 3.0234212367749818, 37.37026575086586, 37.92730734447597, 40.54130052954803, 64.81002680889017, 69.01866723951385, 25.368634560391406, 58.12633007951969, 64.76863906696244, 54.67703009987424, 37.07559159727963, 20.81141415549935], [65.50636875164764, 53.170024593758896, 44.62398473854634, 35.44407851838609, 66.17544383005345, 79.51146613316666, 41.790003580666784, 35.27514819398825, 21.240130002203337, 53.77844484975732, 79.54029887891569, 19.06644034198708, 55.11444639013517, 72.96896121030926, 72.36068393957578, 72.2947846862926, 46.39901572731687, 53.764928203362636, 69.03500014429567, 0.0, 39.06169303722772, 61.039542197058296, 13.594707218802878, 39.795571880257086, 25.683398306540187, 11.242551553564034, 89.7302734858327, 22.989147429411215, 95.88444856485467, 28.574403781664895, 36.40129064737912, 29.44899687287265, 61.28285280447663, 34.580193150291564, 28.616631781073067, 56.07878424677396, 61.94026818006107, 27.55517319773373, 55.249877557387585, 77.6244088246889, 76.56770650831777, 88.12577175244314, 80.13527093173624, 73.55809469339056, 105.93616066273896, 59.999009884425256, 67.91045764864752, 72.81407418917242, 86.00236898365664, 79.42071995088462, 15.61860928717692, 11.370762126789488, 45.24727426518072, 10.94919703014049, 78.32902642152561, 61.59035022526527, 105.91611537978251, 51.164609856935016], [64.63469573887082, 62.41881585167448, 13.931230046277292, 12.096917811708707, 65.44371026190795, 43.38093777740611, 9.177023954965346, 57.47178016473559, 29.488942476883242, 53.17271082597881, 49.956642252142885, 45.85223907832699, 19.148974412994207, 72.20347302218075, 34.66999314264906, 38.52705359302072, 32.98976745079295, 28.335831732168355, 39.66371557239225, 39.06169303722772, 0.0, 37.19304507932223, 48.6080210154858, 3.7608753035640223, 22.49933545053059, 50.249249920334165, 74.06463018544065, 26.968413434616483, 63.418786210613774, 53.58618726085529, 33.76730081248552, 56.87332669031192, 33.036809987944494, 23.423236061088254, 44.09908488914635, 65.34999360404235, 30.185152914069896, 18.88212106735887, 42.19020095336397, 43.26268861020433, 48.134914743748205, 65.20121516226247, 77.50194778882232, 38.56531880008423, 71.04982679530134, 36.35719701076213, 37.34522532211415, 62.68541168045284, 70.78910399726699, 40.393630073007955, 43.781709650661874, 44.93026665014439, 15.805499157653982, 30.534388357493015, 81.64965069049804, 28.302010614391698, 75.42982061018661, 32.387810065489504], [38.846076992423754, 46.91722988996061, 49.67759066895878, 29.41925809842983, 39.537872749055055, 30.07653467660082, 45.54347075771305, 56.34660508143982, 40.546363552321516, 32.377942552521674, 19.604656491834156, 54.88495996802972, 23.746532645632858, 44.559902847916376, 31.305062858908066, 20.33927518339574, 16.675337320103452, 63.185601176865184, 11.11335733380447, 61.039542197058296, 37.19304507932223, 0.0, 63.01789024708204, 40.635617376676215, 35.40180367921952, 69.77573239897272, 37.27432111404102, 38.29237425038223, 36.934530474835114, 56.84534852796408, 28.39992317465448, 60.85380971779876, 65.47315574485178, 60.28155074956559, 45.03096360498087, 48.75427961273892, 13.625224442746436, 34.153366167197994, 15.105490470382323, 24.69191695728415, 16.163770111826913, 28.586815478176266, 47.41678482598071, 62.41796849823896, 49.1491169166635, 1.0410421714945532, 12.371727951509186, 29.682993906312888, 34.239636284195754, 48.39464821834817, 55.221085368283724, 59.79499586143736, 21.44211563146092, 50.101028019479365, 55.52608690115112, 57.47914666657041, 45.275719278847454, 10.441712781506995], [59.113885292237086, 44.44460795646985, 56.353796653302815, 42.08582530604663, 59.6840257854895, 85.47852485017404, 52.96998997597485, 23.927816178706546, 23.089281259120387, 48.46253491349666, 82.40792380538386, 9.89137177929604, 62.08687777600749, 66.02323928928568, 79.54987196868136, 77.31544015200215, 46.84728985829479, 66.6022646374604, 72.39725527563586, 13.594707218802878, 48.6080210154858, 63.01789024708204, 0.0, 50.09758447910271, 30.026694397580037, 9.883029097326622, 86.87417949540688, 25.776789137183876, 99.44029722809019, 17.10215366715317, 35.37457185797207, 16.85322918937055, 73.97347270670235, 47.810940235260134, 22.022237631506798, 47.08143516082018, 66.71773374714425, 33.06793646471411, 54.153413993593105, 82.70592525733721, 79.11894354376226, 87.97710350161023, 73.3908116575243, 85.21294806047233, 110.54192110239204, 62.009308199100204, 71.81323008524956, 69.00303458683705, 83.1641091444146, 88.70676862027352, 8.036401125173064, 3.709843105483183, 51.10196798656829, 18.09608262056369, 69.81502782634966, 73.47265388865497, 108.2703870918591, 52.62100211650962], [68.36365247479567, 65.88258268552313, 10.19743535806806, 15.72372029882138, 69.17269845833373, 44.933102599898554, 5.4217640853574744, 60.21575442864687, 32.0820789933772, 56.85635493447282, 52.69359046987848, 47.99697982983019, 21.3558301694728, 75.9449868278336, 35.74259084003671, 40.75046649540412, 36.749066042681804, 24.599868949745193, 42.56960378124094, 39.795571880257086, 3.7608753035640223, 40.635617376676215, 50.09758447910271, 0.0, 25.388784691754445, 51.0365932066762, 77.63199513228848, 29.6879286549052, 65.59896226368646, 56.06613881664964, 37.28108941275771, 59.23147591927401, 29.47419680132891, 20.556276022931254, 46.97110459099517, 68.83408956190632, 32.95338999444857, 21.85934545716171, 45.9420133901802, 45.2822522514348, 51.03105614502211, 68.43463430610541, 81.26061295102738, 35.96352914644987, 72.69387738990058, 39.82436024217734, 40.13612564054453, 66.42158624782743, 74.38451331923157, 39.78596282828835, 45.73992995347721, 46.46478658042623, 19.35833005588894, 32.01469149406836, 85.35308160649372, 25.230824846914903, 77.83442200511854, 36.102117893269764], [47.99988354857336, 41.8272372189712, 34.66503251060159, 12.653829485312276, 48.78139925682398, 55.46393024280271, 30.084414306028613, 34.98759108505187, 7.528917923913466, 35.73571259369225, 53.90005239031695, 24.6956235111405, 32.27138977295057, 55.84078889908334, 49.68279482463493, 47.481098370302895, 21.784316454331393, 48.295258323651005, 43.462116314323744, 25.683398306540187, 22.49933545053059, 35.40180367921952, 30.026694397580037, 25.388784691754445, 0.0, 35.0839535832785, 66.41637710774518, 4.730738758618251, 70.43180691161632, 31.413990637078435, 15.026760293036993, 34.91919878120144, 54.25135208395339, 35.1762598168387, 21.606859863738194, 44.88046395582841, 36.92965723886662, 3.671629871413045, 31.458574103493962, 52.86746741079481, 50.892240628134125, 62.96334893412755, 62.21930464499065, 61.060408096503046, 80.95229698455958, 34.36076344653369, 42.49697993602132, 51.04058621575534, 62.75171681710344, 60.179695949620545, 23.422045463429352, 26.407155595349465, 21.088655282609665, 14.734477397969066, 63.834266242698924, 50.61880129429535, 80.24719071973266, 25.769747331577975], [68.77487775407671, 54.322626423723676, 55.69632518318433, 45.925471863981, 69.36301354633416, 89.9943193762701, 52.98372130360076, 33.63250516651957, 29.230069647990504, 57.862241410956045, 88.7894485432659, 19.530585162039788, 65.82730820582073, 75.78228243458787, 83.18439489351334, 82.42532547373429, 54.2065407805556, 64.18409763183493, 78.46961743419054, 11.242551553564034, 50.249249920334165, 69.77573239897272, 9.883029097326622, 51.0365932066762, 35.0839535832785, 0.0, 95.73208479003742, 31.55001668554346, 105.48750362061203, 26.862899583575654, 43.213903293779445, 26.151775837707852, 71.79848333289596, 44.670094104000455, 31.444869814202512, 56.964463993847474, 71.93656270178242, 37.50224075114437, 62.23592570628473, 87.79423312665413, 85.65732783279823, 95.82802235677116, 83.13385884735801, 84.58452518557496, 115.98852695849557, 68.74495764541531, 77.57625110052984, 78.09835047913344, 92.00669767878964, 90.62996268835988, 17.006200258724558, 11.205252679794988, 55.54591689507979, 20.858555634746477, 79.69682738863963, 72.56264999762233, 114.99015835264376, 59.56270922031128], [33.199688161435965, 50.64954967567636, 86.90808674711573, 64.73621375002908, 33.163451511685466, 56.10378471220259, 82.68091225241582, 70.47816910540938, 68.65017038873731, 39.469144440468796, 36.35239538182185, 77.14302938341905, 60.55080393677373, 31.561729016089004, 62.658168265847536, 49.15440759804302, 44.73914809666029, 100.45249145956326, 40.22937936733042, 89.7302734858327, 74.06463018544065, 37.27432111404102, 86.87417949540688, 77.63199513228848, 66.41637710774518, 95.73208479003742, 0.0, 67.404826013775, 44.80841299925965, 74.38057426859233, 53.343992002687436, 77.80278104606296, 102.5156997392456, 96.57964572655719, 65.04979983892616, 50.2247541567534, 48.78223567056095, 66.64053066046826, 34.96129729841603, 49.97526575866783, 34.608030846729385, 17.671132678642323, 27.731845994636135, 97.76731588563355, 57.37244314343, 37.97833188887244, 43.2396767773963, 18.371455937798636, 3.7318392258782143, 79.94229575292299, 78.95179575730499, 84.59690928548414, 58.27609603746064, 79.5893623310092, 39.89141675846987, 94.19672807695275, 41.7654319556309, 42.43966387441895], [46.735101278832424, 38.9821839339924, 38.63595687021854, 17.379813533833907, 47.493118421329264, 59.75130166712114, 34.17181093461265, 30.533359646904135, 2.830729472507451, 34.45004487052108, 57.24329354007541, 20.00130016763203, 36.869508094574925, 54.54934650710667, 54.23507686861186, 51.54240315510745, 23.438298039553878, 51.93196309589234, 46.97405910625133, 22.989147429411215, 26.968413434616483, 38.29237425038223, 25.776789137183876, 29.6879286549052, 4.730738758618251, 31.55001668554346, 67.404826013775, 0.0, 74.02328982579829, 26.740475220699494, 14.448152240526984, 30.207982923900012, 58.143450845282786, 37.628798665187695, 17.35455147985016, 42.06197807298809, 40.948499254724574, 8.357131122764326, 32.57149891716636, 56.93321683180578, 54.10944356637368, 65.13814921815869, 61.20237849276409, 65.52194035245654, 84.85033819874515, 37.25666245021907, 46.20662853281167, 51.272916566566614, 63.69929877852674, 64.90831519580703, 18.86890965630191, 22.23724537924619, 25.5532260463396, 12.287468451594675, 61.94290522318155, 54.893694875266746, 83.45051633790904, 28.2364057852384], [67.5121297009032, 80.49781772986324, 71.06581143132222, 61.092367514061735, 67.94638047711211, 22.808866440068233, 68.68004629086442, 92.92710908390009, 76.52492415016181, 65.72868995041608, 17.36379628288286, 91.67587840765543, 44.29724227438735, 70.16389259196951, 33.21816280001244, 24.89175550170487, 53.60984192553274, 80.66727636098307, 27.058663846650468, 95.88444856485467, 63.418786210613774, 36.934530474835114, 99.44029722809019, 65.59896226368646, 70.43180691161632, 105.48750362061203, 44.80841299925965, 74.02328982579829, 0.0, 93.74295667930896, 65.32309784223789, 97.7457481583852, 79.36993346652206, 85.93549553664597, 81.95681331254569, 81.63837810726268, 34.27124841033709, 68.32957665364896, 49.920350640510996, 20.431066264585105, 20.947137601456706, 27.234549338516548, 69.37385155164606, 68.19064039552646, 13.475469985755883, 37.87100636829774, 27.974000645529305, 52.47820026393171, 44.72924688279474, 45.76502396282555, 91.80987976906412, 96.07412928604447, 51.21575811582972, 85.02444522732283, 80.67832164323312, 69.92611996777954, 13.23122031405351, 47.3125211662299], [44.119767023310544, 28.083013373229136, 64.28882120679742, 43.89458984828023, 44.59205440843949, 83.32921653898083, 60.132530770815954, 6.849639606725431, 24.112580170904916, 34.94149903131226, 76.38038245872946, 9.767061518224287, 62.43158106229117, 50.44011531095986, 79.31096464251422, 74.22482347408216, 40.20608277775158, 76.52089266595605, 67.4101545511784, 28.574403781664895, 53.58618726085529, 56.84534852796408, 17.10215366715317, 56.06613881664964, 31.413990637078435, 26.862899583575654, 74.38057426859233, 26.740475220699494, 93.74295667930896, 0.0, 28.700440859908035, 4.01358567594334, 83.33549599702015, 59.412225225019505, 11.900114305638194, 30.499287503385588, 63.84508200055309, 35.07851532857431, 44.93128552050957, 79.47714841958225, 72.8306420345703, 78.25724534448628, 57.83458094521688, 92.02585606641938, 105.91785455649723, 55.94199731976656, 67.53765958869909, 56.05685347142684, 70.77187642659844, 91.27920098464412, 13.195121489207565, 17.51412915067008, 50.833800721010455, 26.918726690779504, 53.22968576747427, 81.05105155281528, 100.91833575598801, 46.61579977920697], [32.988430718434365, 28.680064945710875, 47.30953457750525, 21.727029364513314, 33.77354977306185, 54.909453022169025, 42.52468287461277, 29.244978168188844, 15.345107824989013, 20.753276381456548, 48.004537197495935, 26.656455114764857, 35.96490285606265, 40.827682515193466, 51.80237045075606, 45.63493722813675, 11.756423936931478, 61.51473141111404, 38.746413286676194, 36.40129064737912, 33.76730081248552, 28.39992317465448, 35.37457185797207, 37.28108941275771, 15.026760293036993, 43.213903293779445, 53.343992002687436, 14.448152240526984, 65.32309784223789, 28.700440859908035, 0.0, 32.71095708111073, 66.755286176377, 49.976874856548065, 16.801988440030375, 31.588481280594483, 35.40570675875977, 17.066055578830095, 19.0393454641658, 50.839707320599516, 44.535900569278844, 52.674734573163875, 47.19982220099548, 70.98789570331297, 77.28517456170002, 27.45288263538804, 38.838253415366026, 36.85663508291118, 49.61938901456817, 65.53461991709123, 27.38098203350001, 32.477960560167574, 24.753617452087123, 26.33735277978019, 49.07203142234772, 61.785888146958726, 73.27564967256176, 18.02134628660548], [46.99715008104485, 30.386244610617524, 67.18957565075821, 47.48583924268408, 47.428092534573125, 87.29676661487267, 63.13983314989497, 8.213806918500314, 27.506960907229516, 38.333663379111094, 80.38256749704273, 11.73049968642645, 66.23195304523398, 53.02510446802376, 83.18207985923432, 78.2151613826647, 44.218095610491844, 79.0998248205729, 71.42371803548586, 29.44899687287265, 56.87332669031192, 60.85380971779876, 16.85322918937055, 59.23147591927401, 34.91919878120144, 26.151775837707852, 77.80278104606296, 30.207982923900012, 97.7457481583852, 4.01358567594334, 32.71095708111073, 0.0, 86.04395011422874, 61.55096147520771, 15.909236018736747, 32.57568996540219, 67.82061945793578, 38.56498345887045, 48.842381542982494, 83.47359893874805, 76.82899376062801, 82.05551457774256, 60.397300209500045, 95.1884683658387, 109.93088557815385, 59.95210260641429, 71.54684604632502, 59.446062727887686, 74.22204254373241, 94.9512975100157, 14.856269831128358, 18.098903734768708, 54.64269140779678, 29.199818200488394, 55.138974623599914, 84.06890188332669, 104.86296909382607, 50.62913656629594], [97.34353613523115, 95.33806114628038, 19.602274244037947, 45.1337222251549, 98.1507516352134, 56.56180653059707, 24.30059355555767, 88.22629034118602, 60.20240346567258, 86.11294282565416, 71.53782035969722, 74.36862241584706, 41.972186603324815, 104.77258290648217, 46.191951202338494, 57.3996902686828, 65.39510315495768, 7.711355722297939, 63.448073644580134, 61.28285280447663, 33.036809987944494, 65.47315574485178, 73.97347270670235, 29.47419680132891, 54.25135208395339, 71.79848333289596, 102.5156997392456, 58.143450845282786, 79.36993346652206, 83.33549599702015, 66.755286176377, 86.04395011422874, 0.0, 27.376315857274886, 75.46434489218971, 98.29923627424459, 54.04687537015251, 50.92029888831091, 73.89448125421345, 59.96570326584645, 71.15222515970747, 90.3329936538027, 109.68208567417328, 17.306430914926903, 81.90143024338147, 64.89737777750999, 60.49496370165791, 93.77373790997443, 99.6427718583544, 37.50521263804247, 71.56047561164438, 70.70606016673304, 46.413266167128896, 57.04666261285483, 114.49261401147903, 9.454254319519123, 92.57789720351553, 63.59764242281792], [82.88306560797905, 76.61094076085305, 16.324572986805443, 31.96272135086896, 83.67739754576301, 64.64968480317144, 17.37556696386699, 65.12863260987612, 38.83867856002258, 70.71557869572935, 73.2430990255426, 49.86457558549552, 41.84970527046983, 90.70193202298472, 54.86837732561564, 61.174272335371704, 53.27191601484368, 19.675332943579736, 63.05380055097893, 34.580193150291564, 23.423236061088254, 60.28155074956559, 47.810940235260134, 20.556276022931254, 35.1762598168387, 44.670094104000455, 96.57964572655719, 37.628798665187695, 85.93549553664597, 59.412225225019505, 49.976874856548065, 61.55096147520771, 27.376315857274886, 0.0, 53.72921918129221, 79.69043039324909, 53.4889980901651, 32.93763457393759, 63.12134826389784, 65.53522993829169, 71.5236644410211, 88.5388804479874, 96.77854466453496, 42.03215876148954, 92.36167369518313, 59.39482953561747, 60.66907804306675, 83.71723648587711, 93.17068024213467, 54.67549851841129, 46.70748275564764, 44.83657163629382, 38.86206166908153, 32.49631730865621, 98.98963878797372, 30.0262052443097, 98.31395875651972, 54.22831406293152], [37.4277567317252, 24.703418449909815, 55.984992604830644, 33.436