instance_id,num_cities,city_coordinates,distance_matrix,best_route,total_distance
952,28,"[[96.597690243042, 67.16865069605106], [83.10562674607479, 44.32481988414779], [33.049406277035054, 67.09556241161978], [0.7907517893959937, 43.71026144584409], [6.67405824809415, 22.391577412093746], [37.442440042106774, 80.00736604440102], [57.64843620421225, 32.52936652690216], [59.17322226007469, 38.73409575603056], [72.41234882335343, 31.073662683302995], [0.42279855295110913, 30.16702381720533], [20.775361518929756, 74.3911004834112], [10.017598743227719, 29.973021513546584], [33.573639785343836, 55.12631443480225], [20.190876915950938, 31.20343297215782], [33.412793694998676, 56.57815369701192], [89.16208426856146, 37.12050976629886], [6.996382712648064, 41.23918229905635], [83.81485221475769, 23.412407946941414], [60.67335686250006, 11.43351407052089], [18.87154922979399, 69.3355953423815], [34.90890823919348, 28.145501164604113], [45.47587027074486, 17.75538858776231], [69.34848417726143, 69.25214875794676], [22.709237745316692, 32.02692338031322], [47.64901486577935, 13.027777880591362], [96.19578533137306, 48.51948280036097], [37.63912769270642, 89.91919547337329], [2.369018209696405, 88.30115036838552]]","[[0.0, 26.530668735805662, 63.54832599621784, 98.63703909827656, 100.45519340999593, 60.53243955212117, 52.12412491286875, 47.00122039314713, 43.44857764331682, 103.04722307409372, 76.16553888786106, 94.23177316806996, 64.16423301749559, 84.44819719051428, 64.06629206122041, 30.954466713900597, 93.27771246394809, 45.585191976960694, 66.30960099037571, 77.75634151573473, 72.99528768675422, 71.09930343865827, 27.328743026149148, 81.81958452132523, 72.9877176681695, 18.65349808372847, 63.1957228431385, 96.56927656128019], [26.530668735805662, 0.0, 54.992107823737165, 82.31716905486823, 79.51636176535884, 57.951451409261914, 28.057107302565115, 24.576740645541875, 17.027605818025652, 83.88619235301326, 69.20291317827515, 74.48378315992917, 50.69605523909961, 64.26847236928236, 51.18126460113702, 9.411841583655447, 76.17176764816628, 20.924434850118185, 39.812620238500514, 68.93152836975077, 50.839886202273625, 46.06444672202178, 28.47157699252341, 61.63572067194413, 47.293510804361766, 13.745815682196238, 64.38982545046468, 91.936486776553], [63.54832599621784, 54.992107823737165, 0.0, 39.84335691947636, 51.904771057058, 13.638673641984514, 42.42563106541645, 38.559389937754666, 53.357459702853824, 49.27689615124325, 14.27855211430522, 43.68692253985695, 11.980722762078436, 38.12593255290884, 10.523684548942144, 63.617107859997, 36.705754717371896, 66.97274434604564, 62.13973182654591, 14.353723488450653, 38.99442291781663, 50.88093710178141, 36.36308459242514, 36.56129823696659, 56.00423104586164, 65.82200180333292, 23.280544856404035, 37.29561867772975], [98.63703909827656, 82.31716905486823, 39.84335691947636, 0.0, 22.115595940825134, 51.58319546143376, 57.946602041908044, 58.59415570884307, 72.72782679263855, 13.548235126760499, 36.61555011318111, 16.548307033256997, 34.713743837298246, 23.082149236936278, 35.06822306702413, 88.61668709301468, 6.67952747620006, 85.46931676399116, 68.02730930642328, 31.361966988531375, 37.50080481996785, 51.67606059648294, 73.16112818724383, 24.837882658418682, 56.009924265861635, 95.52616937354135, 59.102186005867964, 44.61881105314076], [100.45519340999593, 79.51636176535884, 51.904771057058, 22.115595940825134, 0.0, 65.31670856637554, 51.972704145055864, 54.98399883401301, 66.30913551249006, 9.976763732537847, 53.87761273089737, 8.28598562067616, 42.36921635840138, 16.135463591454503, 43.40140517752943, 83.79269589318655, 18.85036081976965, 77.1475481709439, 55.09994013649836, 48.502779360443114, 28.81517642787538, 39.077805248708344, 78.25596981962754, 18.7074015682411, 42.03127182809662, 93.25667300494543, 74.28872543488487, 66.05002026504577], [60.53243955212117, 57.951451409261914, 13.638673641984514, 51.58319546143376, 65.31670856637554, 0.0, 51.59886354452628, 46.64450381450782, 60.144840550130716, 62.0847289541446, 17.58789200982622, 57.05749339833415, 25.180038614470927, 51.763310497066676, 23.773221088060648, 67.1878265784036, 49.294365578851846, 73.16686335195348, 72.4019935557831, 21.41879257753167, 51.92371146409591, 62.76818221440104, 33.67002155082888, 50.191534427231424, 67.75278149437688, 66.65915071368707, 9.913780745050756, 36.0406961287788], [52.12412491286875, 28.057107302565115, 42.42563106541645, 57.946602041908044, 51.972704145055864, 51.59886354452628, 0.0, 6.389337784383674, 14.835504356303675, 57.27437706052764, 55.7855573297602, 47.699387596299765, 33.01844753107435, 37.481019831712274, 34.1425033087446, 31.846328054711712, 51.39544156534844, 27.709208949113805, 21.311619737841234, 53.46349636007946, 23.158247074997437, 19.142669237878025, 38.5415860773837, 34.94281096399722, 21.91575658820442, 41.73226501365529, 60.7779967884253, 78.525829678352], [47.00122039314713, 24.576740645541875, 38.559389937754666, 58.59415570884307, 54.98399883401301, 46.64450381450782, 6.389337784383674, 0.0, 15.295643400009396, 59.37176944787443, 52.400550527879034, 49.930268827759335, 30.398083098991922, 39.703074572291406, 31.337040122792132, 30.032241080384253, 52.23694137050859, 29.01661669014363, 27.341765930396306, 50.60312861842725, 26.47404899756586, 25.05441290414819, 32.16966760958398, 37.075710754752855, 28.17129984185778, 38.293915652171364, 55.53045706556608, 75.38972410575059], [43.44857764331682, 17.027605818025652, 53.357459702853824, 72.72782679263855, 66.30913551249006, 60.144840550130716, 14.835504356303675, 15.295643400009396, 0.0, 71.9952591645332, 67.40014002539945, 62.404456960588234, 45.68342561605979, 52.22163314665194, 46.59875923324505, 17.807807195991142, 66.2011058159546, 13.737245274304763, 22.88098271030217, 65.80723905411587, 37.617578145452214, 30.04913146330674, 38.30122798973082, 49.712251576368196, 30.641094415948658, 29.495906354742615, 68.35183711611644, 90.44917639315648], [103.04722307409372, 83.88619235301326, 49.27689615124325, 13.548235126760499, 9.976763732537847, 62.0847289541446, 57.27437706052764, 59.37176944787443, 71.9952591645332, 0.0, 48.682602398213874, 9.596761307084645, 41.49631866261116, 19.795228367012374, 42.25976290752629, 89.01130150807238, 12.876517469869105, 83.66516269922894, 63.095753930367444, 43.2958819850012, 34.545308149248285, 46.731445090831706, 79.23633718449273, 22.363912856650504, 50.24011602794905, 97.51552567252148, 70.39443992437728, 58.16669528880711], [76.16553888786106, 69.20291317827515, 14.27855211430522, 36.61555011318111, 53.87761273089737, 17.58789200982622, 55.7855573297602, 52.400550527879034, 67.40014002539945, 48.682602398213874, 0.0, 45.702245013909426, 23.12850855725991, 43.191622420484386, 21.840461653084034, 77.88350775894402, 35.901391842742214, 81.07283441398417, 74.5352783544283, 5.402095284539331, 48.357135970294266, 61.78769290502308, 48.84421224278253, 42.40829375112414, 66.98992913165665, 79.73444004686107, 22.9239687572004, 23.071258349293252], [94.23177316806996, 74.48378315992917, 43.68692253985695, 16.548307033256997, 8.28598562067616, 57.05749339833415, 47.699387596299765, 49.930268827759335, 62.404456960588234, 9.596761307084645, 45.702245013909426, 0.0, 34.46121318758742, 10.247414363491334, 35.42835312755918, 79.46657270445853, 11.664224155441698, 74.0883004955004, 53.9418127881167, 40.346061240832995, 24.958307615897237, 37.504127426569205, 71.15478763560617, 12.856757500927419, 41.27062831080777, 88.15129647307802, 66.00373196970529, 58.827471472812846], [64.16423301749559, 50.69605523909961, 11.980722762078436, 34.713743837298246, 42.36921635840138, 25.180038614470927, 33.01844753107435, 30.398083098991922, 45.68342561605979, 41.49631866261116, 23.12850855725991, 34.46121318758742, 0.0, 27.411723759992505, 1.460721981786012, 58.431876247678936, 29.98671426588488, 59.413393196301044, 51.41454530903543, 20.446396519046676, 27.013833984926052, 39.22052000155744, 38.46269213914758, 25.526791783840633, 44.3892212554036, 62.96970173848628, 35.02959838321114, 45.5444634055505], [84.44819719051428, 64.26847236928236, 38.12593255290884, 23.082149236936278, 16.135463591454503, 51.763310497066676, 37.481019831712274, 39.703074572291406, 52.22163314665194, 19.795228367012374, 43.191622420484386, 10.247414363491334, 27.411723759992505, 0.0, 28.612856117074443, 69.22455663609958, 16.577422653516965, 64.0992223335566, 45.05197971232843, 38.15497913212066, 15.032344892650556, 28.638798625582123, 62.162489691171395, 2.6495806685601626, 32.92876823811351, 77.95249633520096, 61.25342620023544, 59.814446245076816], [64.06629206122041, 51.18126460113702, 10.523684548942144, 35.06822306702413, 43.40140517752943, 23.773221088060648, 34.1425033087446, 31.337040122792132, 46.59875923324505, 42.25976290752629, 21.840461653084034, 35.42835312755918, 1.460721981786012, 28.612856117074443, 0.0, 59.047297201395686, 30.546862567794964, 60.335182059786085, 52.736863683907835, 19.344252581370412, 28.47198779077406, 40.65371947559393, 38.10517026915888, 26.78299871245858, 45.818175727268454, 63.29807434222296, 33.6078408380136, 44.38540879831834], [30.954466713900597, 9.411841583655447, 63.617107859997, 88.61668709301468, 83.79269589318655, 67.1878265784036, 31.846328054711712, 30.032241080384253, 17.807807195991142, 89.01130150807238, 77.88350775894402, 79.46657270445853, 58.431876247678936, 69.22455663609958, 59.047297201395686, 0.0, 82.26886394990221, 14.714107044842965, 38.35921450045334, 77.32121995099745, 54.990525444608025, 47.785910179910054, 37.74944996774857, 66.64777140545229, 47.99786100397382, 13.394384527564982, 73.77205613721141, 100.75958658280847], [93.27771246394809, 76.17176764816628, 36.705754717371896, 6.67952747620006, 18.85036081976965, 49.294365578851846, 51.39544156534844, 52.23694137050859, 66.2011058159546, 12.876517469869105, 35.901391842742214, 11.664224155441698, 29.98671426588488, 16.577422653516965, 30.546862567794964, 82.26886394990221, 0.0, 78.85981955627193, 61.397030974090335, 30.502917986826684, 30.831048748311495, 45.07948014128313, 68.35576674195352, 18.214267145938706, 49.48252055261524, 89.49601221801284, 57.52148731182602, 47.28891350836616], [45.585191976960694, 20.924434850118185, 66.97274434604564, 85.46931676399116, 77.1475481709439, 73.16686335195348, 27.709208949113805, 29.01661669014363, 13.737245274304763, 83.66516269922894, 81.07283441398417, 74.0883004955004, 59.413393196301044, 64.0992223335566, 60.335182059786085, 14.714107044842965, 78.85981955627193, 0.0, 26.058064119214745, 79.5397494536757, 49.13444339308333, 38.75408887502671, 48.06826023288592, 61.70985331241485, 37.62722860865119, 27.993797751168305, 80.96511793496211, 104.1343976302572], [66.30960099037571, 39.812620238500514, 62.13973182654591, 68.02730930642328, 55.09994013649836, 72.4019935557831, 21.311619737841234, 27.341765930396306, 22.88098271030217, 63.095753930367444, 74.5352783544283, 53.9418127881167, 51.41454530903543, 45.05197971232843, 52.736863683907835, 38.35921450045334, 61.397030974090335, 26.058064119214745, 0.0, 71.41457930265301, 30.709889701785134, 16.459942166311684, 58.465822076195295, 43.18984657699456, 13.121553320535003, 51.3537924690755, 81.79595282602082, 96.47812920948256], [77.75634151573473, 68.93152836975077, 14.353723488450653, 31.361966988531375, 48.502779360443114, 21.41879257753167, 53.46349636007946, 50.60312861842725, 65.80723905411587, 43.2958819850012, 5.402095284539331, 40.346061240832995, 20.446396519046676, 38.15497913212066, 19.344252581370412, 77.32121995099745, 30.502917986826684, 79.5397494536757, 71.41457930265301, 0.0, 44.202044549664635, 58.03712283443454, 50.477003922809374, 37.505531014976896, 63.23537645764905, 80.07713799864982, 27.8550999946893, 25.14012345860039], [72.99528768675422, 50.839886202273625, 38.99442291781663, 37.50080481996785, 28.81517642787538, 51.92371146409591, 23.158247074997437, 26.47404899756586, 37.617578145452214, 34.545308149248285, 48.357135970294266, 24.958307615897237, 27.013833984926052, 15.032344892650556, 28.47198779077406, 54.990525444608025, 30.831048748311495, 49.13444339308333, 30.709889701785134, 44.202044549664635, 0.0, 14.819417192848533, 53.62686702723935, 12.802241935527077, 19.770075218591316, 64.58467644423159, 61.83399879368633, 68.39259151589572], [71.09930343865827, 46.06444672202178, 50.88093710178141, 51.67606059648294, 39.077805248708344, 62.76818221440104, 19.142669237878025, 25.05441290414819, 30.04913146330674, 46.731445090831706, 61.78769290502308, 37.504127426569205, 39.22052000155744, 28.638798625582123, 40.65371947559393, 47.785910179910054, 45.07948014128313, 38.75408887502671, 16.459942166311684, 58.03712283443454, 14.819417192848533, 0.0, 56.761060620420956, 26.86998812584172, 5.20315869731887, 59.32064797757173, 72.58808138019764, 82.67348547038256], [27.328743026149148, 28.47157699252341, 36.36308459242514, 73.16112818724383, 78.25596981962754, 33.67002155082888, 38.5415860773837, 32.16966760958398, 38.30122798973082, 79.23633718449273, 48.84421224278253, 71.15478763560617, 38.46269213914758, 62.162489691171395, 38.10517026915888, 37.74944996774857, 68.35576674195352, 48.06826023288592, 58.465822076195295, 50.477003922809374, 53.62686702723935, 56.761060620420956, 0.0, 59.67358471011509, 60.266465376313235, 33.92080507547544, 37.84983630879021, 69.63557512977616], [81.81958452132523, 61.63572067194413, 36.56129823696659, 24.837882658418682, 18.7074015682411, 50.191534427231424, 34.94281096399722, 37.075710754752855, 49.712251576368196, 22.363912856650504, 42.40829375112414, 12.856757500927419, 25.526791783840633, 2.6495806685601626, 26.78299871245858, 66.64777140545229, 18.214267145938706, 61.70985331241485, 43.18984657699456, 37.505531014976896, 12.802241935527077, 26.86998812584172, 59.67358471011509, 0.0, 31.352193105713578, 75.3145217892375, 59.786426402136385, 59.837389263422196], [72.9877176681695, 47.293510804361766, 56.00423104586164, 56.009924265861635, 42.03127182809662, 67.75278149437688, 21.91575658820442, 28.17129984185778, 30.641094415948658, 50.24011602794905, 66.98992913165665, 41.27062831080777, 44.3892212554036, 32.92876823811351, 45.818175727268454, 47.99786100397382, 49.48252055261524, 37.62722860865119, 13.121553320535003, 63.23537645764905, 19.770075218591316, 5.20315869731887, 60.266465376313235, 31.352193105713578, 0.0, 60.13692743024904, 77.54023433447455, 87.84280677927528], [18.65349808372847, 13.745815682196238, 65.82200180333292, 95.52616937354135, 93.25667300494543, 66.65915071368707, 41.73226501365529, 38.293915652171364, 29.495906354742615, 97.51552567252148, 79.73444004686107, 88.15129647307802, 62.96970173848628, 77.95249633520096, 63.29807434222296, 13.394384527564982, 89.49601221801284, 27.993797751168305, 51.3537924690755, 80.07713799864982, 64.58467644423159, 59.32064797757173, 33.92080507547544, 75.3145217892375, 60.13692743024904, 0.0, 71.71344618145187, 101.91193896201838], [63.1957228431385, 64.38982545046468, 23.280544856404035, 59.102186005867964, 74.28872543488487, 9.913780745050756, 60.7779967884253, 55.53045706556608, 68.35183711611644, 70.39443992437728, 22.9239687572004, 66.00373196970529, 35.02959838321114, 61.25342620023544, 33.6078408380136, 73.77205613721141, 57.52148731182602, 80.96511793496211, 81.79595282602082, 27.8550999946893, 61.83399879368633, 72.58808138019764, 37.84983630879021, 59.786426402136385, 77.54023433447455, 71.71344618145187, 0.0, 35.307204546739285], [96.56927656128019, 91.936486776553, 37.29561867772975, 44.61881105314076, 66.05002026504577, 36.0406961287788, 78.525829678352, 75.38972410575059, 90.44917639315648, 58.16669528880711, 23.071258349293252, 58.827471472812846, 45.5444634055505, 59.814446245076816, 44.38540879831834, 100.75958658280847, 47.28891350836616, 104.1343976302572, 96.47812920948256, 25.14012345860039, 68.39259151589572, 82.67348547038256, 69.63557512977616, 59.837389263422196, 87.84280677927528, 101.91193896201838, 35.307204546739285, 0.0]]",Route_2,1359.8398012714438
