instance_id,num_cities,city_coordinates,distance_matrix,best_route,total_distance
2755,100,"[[40.898893100619084, 23.15179500630775], [86.67663142334261, 31.314895165024094], [89.02012902681149, 69.65657967080875], [74.60198724065573, 69.08155611451559], [66.93888156191505, 8.286399305966652], [28.44937454622617, 25.407344911989505], [93.25841559597701, 35.49424968913656], [40.58359449748814, 13.743106998424249], [50.541714308638596, 25.77952011821367], [10.47631725216741, 81.88328637073923], [64.45077771323004, 22.019471646990706], [71.74992521974302, 82.32554446206436], [93.23860287414745, 69.63442002353723], [37.57016853333208, 98.19883364915435], [85.17275789283569, 62.24495291615217], [31.4476583267991, 5.665200466455644], [98.37553980424092, 98.8012882664266], [57.82149730089438, 79.61545236744013], [36.04653687741287, 60.60027723130387], [99.38986046313015, 52.9451047231875], [26.666848893423378, 27.20109880586574], [59.13854081183647, 55.69965035880091], [82.95009712749496, 75.93839685802375], [53.78863891622283, 67.492938164137], [92.33194650522057, 42.94236720166832], [87.82531750463066, 95.19277772828052], [67.46725533940801, 55.971817290421086], [67.69246216790859, 83.50525036224022], [31.90322415569217, 66.7430467273092], [29.93005016091458, 71.95871272044539], [65.34846220068712, 81.91757766626881], [39.28691219719621, 17.68123970929696], [8.233601349411401, 9.6961263014828], [83.06348663889676, 29.24883898066447], [75.39353633353747, 12.07395808561752], [27.114437605180996, 10.12852645046931], [6.7311833983513925, 34.87547916239072], [82.22513473224932, 6.210807295455345], [27.88833459686031, 9.987745203774722], [48.37486298542485, 47.77637390689097], [22.807099196205783, 75.0119284031083], [64.2120912571856, 11.30854807565097], [1.3984379271613778, 40.80340219505907], [38.802433012239575, 3.0264729435260374], [24.452071301072653, 9.07625916739888], [21.30170207168244, 78.57913878504598], [46.861583553629785, 28.569883543088338], [47.92666832030712, 84.19153097103752], [66.9117966517879, 33.117672154155755], [32.31377355831439, 78.32123434772372], [30.67641754087719, 53.790156383056576], [0.12224897654395939, 41.07900146726894], [53.844994906753286, 28.30312006823731], [15.323647901948224, 57.870003404858416], [65.88784875634715, 13.386508887112946], [1.3481886855580716, 30.899184406167624], [40.108412469456525, 79.50961815749797], [15.981815097537776, 86.72677495628147], [96.90804301932629, 50.64308146379032], [26.73658551731658, 62.38805963921506], [93.58439816478219, 76.86196023340473], [86.30653882614297, 6.526230574208336], [33.347573867025474, 20.862700247094534], [33.04544942530442, 13.320771812562715], [36.23779398166012, 72.06346378172996], [31.77251251560975, 42.865631026157345], [68.4618678866321, 70.40981668009798], [61.960660772663225, 48.76964145692016], [48.4978103856661, 64.37684612197133], [1.377831982973643, 0.02015346338144486], [28.922957457784428, 5.840268626723688], [34.40338780674712, 86.40846561548243], [32.846047052620484, 57.84364697110074], [10.949432153586635, 64.43656636574504], [41.42716201484472, 76.41556491401994], [95.721633964937, 19.27822743038825], [66.57429163251143, 93.66315275242391], [28.849684735855142, 4.3549344019446545], [80.09468890372055, 36.00646457506448], [59.92538465390962, 56.09322572279074], [49.501015209919665, 36.58289735631784], [43.5833518314749, 84.63948593770706], [19.464958222730555, 55.52442547076314], [42.97009918455665, 23.901981469255485], [85.20689322664356, 49.28352133245676], [83.66811371915539, 1.9477376547264669], [41.12630575382287, 15.167611129777525], [52.21191232234924, 63.6563838331596], [24.112119939755715, 79.18112932261222], [22.3444340430615, 92.87374291238761], [47.04865626993586, 7.694101332755709], [29.127539094124977, 4.676315818414844], [22.959415775850502, 77.02325074330439], [57.08066243279429, 90.6867570476454], [70.68066011979252, 2.775313973919691], [23.936268091196546, 23.650058613809076], [38.11949799809652, 39.97611900201512], [70.5535519667616, 47.06508664894653], [42.061978999445984, 3.1323056836210172], [0.79785306709238, 98.70846259386224]]","[[0.0, 46.49986591534415, 66.92046281785474, 56.96877662429846, 29.98434572226226, 12.652194181769199, 53.794570204989796, 9.413969579238458, 9.994445463034548, 66.14318709546043, 23.57908872276017, 66.73319119799287, 70.0005689096135, 75.12082545010918, 59.063102686901814, 19.87729426634947, 95.00742469305087, 58.94505183231696, 37.76154369027753, 65.64171361937663, 14.796889658867082, 37.31015460536361, 67.48873309791442, 46.17664478645003, 55.10921638292788, 85.97669741792245, 42.22596043645664, 66.03358930698941, 44.509766190920786, 50.02430141631673, 63.649027021760375, 5.70310947559775, 35.328123435664146, 42.60313243733854, 36.2298065494108, 18.963563409422914, 36.123083429990146, 44.663803152162714, 18.50856125643751, 25.734412986302424, 54.92528054196641, 26.148952295414208, 43.265057439651216, 20.234221829189693, 21.647601632939473, 58.789797878467546, 8.056634584664875, 61.44297348910115, 27.856594524248834, 55.83342470959342, 32.29873363495502, 44.5434556081519, 13.9333306093143, 43.12130751006202, 26.82925115901826, 40.30236050457327, 56.363366559930355, 68.28351815666208, 62.39227280443936, 41.71397150149576, 75.23658878888658, 48.35559619134663, 7.890651239555465, 12.582749882171733, 49.13325948269026, 21.72386137867655, 54.70866651248974, 33.16431989711712, 41.919546555205734, 45.79287185070511, 21.050225179611555, 63.58929128068925, 35.61422359423097, 51.00394648670664, 53.266389523107755, 54.95941631459861, 75.04050680114224, 22.327234284553803, 41.24988410117472, 38.041362205844905, 15.949639968342995, 61.54626271962379, 38.825259400778656, 2.2028786556072553, 51.439926088132495, 47.736969745535575, 7.987421905038096, 42.05479901204579, 58.49001673005827, 72.1485825968653, 16.636101729192927, 21.90680502420353, 56.77991361308217, 69.44653163869772, 36.085379671656455, 16.969941479947632, 17.052358049503333, 38.09520061179863, 20.05324715723661, 85.53890009058287], [46.49986591534415, 0.0, 38.41323667381586, 39.64993961423321, 30.329694873554356, 58.52617015853534, 7.796594585673929, 49.32885354860826, 36.55643051222836, 91.452993766853, 24.091356780449978, 53.14972154013803, 38.87731285342884, 82.97533323052642, 30.966596650001392, 60.89455072031074, 68.49290263335084, 56.263332564720514, 58.48965785929822, 25.089682304647873, 60.150621940033375, 36.78264156348682, 44.77883385265043, 48.89244160802393, 12.929837378647099, 63.88820987066803, 31.25642235176525, 55.535861008275994, 65.23250774597085, 69.80038961532894, 54.913771302943736, 49.31188547823403, 81.36756192952384, 4.162139280502143, 22.305198822231283, 63.21801287403232, 80.02469880180041, 25.49570651215305, 62.53727823649034, 41.68939610789305, 77.38700059262864, 30.081713527280154, 85.80444074540169, 55.607317012128945, 66.07914053197773, 80.67087524446067, 39.909561832624604, 65.55530683818354, 19.846881327286688, 71.86735168776057, 60.342036108343805, 87.10338048909597, 32.96948810022786, 76.1342369176555, 27.451785357341763, 85.32945538025193, 67.01738834704292, 89.82334594825579, 21.869169367999405, 67.51555860434416, 46.067910498496, 24.791427161953887, 54.34369106388872, 56.5693570560095, 64.84228687190836, 56.10598695298158, 43.129925793676776, 30.25801337364541, 50.50460352192179, 90.85838455608167, 63.122448097217145, 75.94599069851915, 60.012552737588564, 82.65381910335418, 63.887282721669855, 15.056342222846574, 65.50884893852734, 63.802784010921506, 8.08287021180196, 36.46361020180327, 37.54701436779216, 68.56050413362628, 71.43885757800422, 44.33071451940461, 18.028634355152416, 29.520859049340658, 48.32770375586076, 47.262974430113, 78.77496093054526, 89.04000985938025, 46.133700437159284, 63.415391960646375, 78.41643539169273, 66.33957615103189, 32.71664396767551, 63.2068264541619, 49.32354412277785, 22.539348325615972, 52.77049896279546, 109.1652760851513], [66.92046281785474, 38.41323667381586, 0.0, 14.429603759493286, 65.22177954962012, 75.01207286222962, 34.4242336562345, 73.97576835353468, 58.35910172548649, 79.48976490603582, 53.599879522654675, 21.418744324067095, 4.218532049258917, 58.83671215274505, 8.350717082555931, 86.07837123795443, 30.609438902696716, 32.74956132465153, 53.74214434767754, 19.66735175325718, 75.43473602304388, 32.980375832754206, 8.735360005878979, 35.29786452438588, 26.91871621858431, 25.564134755629045, 25.53035615875428, 25.429413158074606, 57.191166243305005, 59.13490709349382, 26.65857989788114, 71.9362830589422, 100.60675435787819, 40.8444255219662, 59.17298654835431, 85.88308186478697, 89.33753704474027, 63.80860427691778, 85.42520761976594, 46.160384052198694, 66.42924867400822, 63.40292997179795, 92.25002223094373, 83.43493342420211, 88.53817996079547, 68.30371447018241, 58.86815399777681, 43.58827046508086, 42.7067924681196, 57.36450985748711, 60.462650106491914, 93.37832218138848, 54.289950096363064, 74.63306713689578, 60.83932327461779, 95.85668892101336, 49.89427205609087, 75.00657883622819, 20.58475895466362, 62.706229160656946, 8.529364678313836, 63.18864256206016, 74.02888670806402, 79.41591782213807, 52.837183724551586, 63.206364596407276, 20.572055490396984, 34.183022250059416, 40.86482465888283, 111.93928750024621, 87.65952079422114, 57.1280500647697, 57.40272523679482, 78.24501421289412, 48.070514772780456, 50.82212650898821, 32.86534903898463, 88.79632447906637, 34.81370028232733, 32.100914635625585, 51.53279362417993, 47.84337155867383, 70.97633104013435, 64.9160111610236, 20.726849093038144, 67.92003647681717, 72.54561324001443, 37.29406342908742, 65.6030996959365, 70.60230145365082, 74.83951661505334, 88.37169806658505, 66.47018638394236, 38.24131125905011, 69.35012488099343, 79.70262815023491, 58.92201612838097, 29.178588472912978, 81.42817008575713, 92.8826241925132], [56.96877662429846, 39.64993961423321, 14.429603759493286, 0.0, 61.27621300324949, 63.54132814700112, 38.420950949833916, 64.95840973578885, 49.53749140790421, 65.39102269444655, 48.144437366098124, 13.547600714559762, 18.64481431316511, 47.108082616481695, 12.588897309647976, 76.70678110627865, 38.058432451624704, 19.812819407792762, 39.47726996902518, 29.57741913010935, 63.653359634428945, 20.449781835310443, 10.803110832745183, 20.873887406672456, 31.584943446912273, 29.26862411240576, 14.925469886695451, 15.993263972146707, 42.7627524270819, 44.764494776456466, 15.823753503590707, 62.36302632074365, 89.05836243659414, 40.721521660319006, 57.013093083877365, 75.70024489360387, 76.00330068263642, 63.331220063630184, 75.32757683132766, 33.79012926283954, 52.133288242910716, 58.69983301855334, 78.4755606618116, 75.13243038581713, 78.2026197160869, 54.13986032192393, 49.09914063661088, 30.657527292119195, 36.77689465965471, 43.285848383699054, 46.51110167688321, 79.56993451463077, 45.75733358850899, 60.32926676925868, 56.37263959747068, 82.60758144398902, 36.03541561392903, 61.218284278984754, 28.940239664636515, 48.33114500197051, 20.515033822678003, 63.640908865847834, 63.458527275422085, 69.54287095862263, 38.47990511616883, 50.215920119637, 6.282144682489949, 23.924402018186537, 26.52474967630274, 100.65413180462691, 78.01303868596575, 43.77384138161206, 43.241752310728856, 63.82181209334744, 33.975825432714856, 54.0963124970424, 25.859210932390123, 79.26417061203026, 33.52806961193122, 19.59845376181208, 41.063628894309595, 34.701655911945146, 56.77928988826203, 55.152246618974765, 22.45943481486682, 67.74322276298992, 63.46128516525053, 23.03796755640069, 51.490077481474, 57.41881241217226, 67.28748510803956, 78.84136231591887, 52.249647855985096, 27.816928845282217, 66.42209386338368, 68.05171608481726, 46.670102751581425, 22.385592596472513, 73.54016432355075, 79.5286351488902], [29.98434572226226, 30.329694873554356, 65.22177954962012, 61.27621300324949, 0.0, 42.125632680769996, 37.854788260444735, 26.914249294551656, 23.976579607687825, 92.76056788343459, 13.956644893585315, 74.19529066270468, 66.74769649257239, 94.58735197939151, 56.95612130188091, 35.587885720861365, 95.81862347669782, 71.90939094728591, 60.75424909990391, 55.20385857156379, 44.492723814389514, 48.05061592962597, 69.52087310060921, 60.649345628824534, 42.96328500013513, 89.38099248090492, 47.68834519251923, 75.22262583794583, 68.15186657480024, 73.6465688081888, 73.64835273426824, 29.204356455011933, 58.722204105691226, 26.446677787653584, 9.264274867286055, 39.867026085219415, 65.81752111532371, 15.426523204586724, 39.08759133195514, 43.63577522732833, 79.99944029846598, 4.070475224352919, 73.1635512309891, 28.62388097946945, 42.49415165339256, 83.80824169076348, 28.539755221638803, 78.24994099317978, 24.831287619726243, 78.12666781315541, 58.18554979552807, 74.4299479145184, 23.91900871300775, 71.57280308335429, 5.207282179609643, 69.3792263000133, 76.10926996952801, 93.53884302693436, 51.8867917863427, 67.40336978276176, 73.57031406448148, 19.447476491022172, 35.86836068200723, 34.26528342994117, 70.78185312462618, 49.31933473050485, 62.142082951779116, 40.788179381767925, 59.04414729798821, 66.08011835811487, 38.09454082661915, 84.62632922655308, 60.15182591594028, 79.29476468146424, 72.7490964940316, 30.810178860410584, 85.37753190900855, 38.291556917235546, 30.68350184281036, 48.318545000102716, 33.2380953850184, 79.84531675172646, 66.9716694816604, 28.60679875399537, 44.8830064126455, 17.88982504385515, 26.714043984628393, 57.295015573125596, 82.8262896378579, 95.62260950163675, 19.899042164254, 37.98329003658845, 81.60237837432351, 82.98797166068344, 6.661303799804866, 45.66472153248582, 42.83450949191103, 38.94678978016367, 25.405215255346373, 112.03028688525768], [12.652194181769199, 58.52617015853534, 75.01207286222962, 63.54132814700112, 42.125632680769996, 0.0, 65.58930895939919, 16.831332090178044, 22.09547443622782, 59.26687736120104, 36.160457896061686, 71.51656541425868, 78.44538405954809, 73.36068235456936, 67.6354314080628, 19.968524555839625, 101.37228175791205, 61.65420106543414, 36.00360205199257, 76.0978367468201, 2.528823982545282, 43.12132529690145, 74.32170593207097, 49.12510028689799, 66.2454527254183, 91.62701149528326, 49.56391826079589, 70.10981774180642, 41.47974592123043, 46.57491003871157, 67.49036283555168, 13.309580156386074, 25.603122391071498, 54.749048542878384, 48.80095829156359, 15.33702546834481, 23.692306618800266, 57.099382133677096, 15.429803011910485, 29.956611085291048, 49.92444265540501, 38.441487728503525, 31.125419705318354, 24.659465721492136, 16.81317325286592, 53.65005951051832, 18.68183853707946, 61.92693681578823, 39.22763133822503, 53.05481387152096, 28.470049306282572, 32.373242998303034, 25.56018480472239, 35.01583779327495, 39.32098485438614, 27.65202661803093, 55.34427825554313, 62.57405644165476, 72.96185091142992, 37.02035802087806, 83.00691983000374, 60.86006849445411, 6.681777586573582, 12.9309378461843, 47.301722011884486, 17.77174724127328, 60.21812093178788, 40.85098780205282, 43.824214815132905, 37.113042268214436, 19.57280652148618, 61.29100261040418, 32.73292563151646, 42.772983424493475, 52.633273462289715, 67.55089169212793, 78.18161297125069, 21.056216101934545, 52.721720691917845, 43.958645263857825, 23.834104704586792, 61.134963801092724, 31.428621956069843, 14.598546609746393, 61.57505767126171, 59.995519236964824, 16.29591153549602, 45.02940350431994, 53.9484167271059, 67.7420486676872, 25.68447544208736, 20.74211836897731, 51.90704559197711, 71.28220180957067, 47.91336249500616, 4.843158577643597, 17.48600772219361, 47.347856692828834, 26.1051790383666, 78.34322238408856], [53.794570204989796, 7.796594585673929, 34.4242336562345, 38.420950949833916, 37.854788260444735, 65.58930895939919, 0.0, 56.98902513738532, 43.8074484478138, 94.89372229210551, 31.80329611327377, 51.53431214611683, 34.14017608340411, 83.86325602138939, 27.945983318398945, 68.63193055508748, 63.513511110544734, 56.59024389444089, 62.47808964313615, 18.496674230206885, 67.1059841405619, 39.65380273702766, 41.73715934112256, 50.81121269237522, 7.505517933934296, 59.94524839310159, 32.931971126022844, 54.39369596119502, 68.85453385948459, 73.07625423376939, 54.16724913635216, 56.83508162804443, 88.85247440554255, 11.955824160525749, 29.456136370125105, 70.84098912259464, 86.5294446344514, 31.293022945090268, 70.1700025715609, 46.533685328421534, 80.77768821525763, 37.79731630857971, 92.013274029601, 63.400398783943956, 73.70361753968078, 83.86940019830959, 46.91069036041057, 66.53113944096994, 26.453590504316807, 74.48758291182293, 65.2015849678606, 93.303456447155, 40.06407462615733, 81.08330512422933, 35.183804974620145, 92.0250207045858, 69.00924208940974, 92.7170137021465, 15.582261853338954, 71.75256713627125, 41.36899491538948, 29.79051396108844, 61.671640125315314, 64.16591319550804, 67.73963912387661, 61.9261942995377, 42.82482453673491, 33.99684520022995, 53.270218279028214, 98.4908785020229, 70.84073522134756, 77.82140887612864, 64.41389471135402, 87.24922033994791, 66.03811692898209, 16.402037148763032, 63.99737303424039, 71.54118790994987, 13.17368834145515, 39.184292330216735, 43.77094061462457, 69.87750858420154, 76.46360109843116, 51.607125961215814, 15.967812151861992, 34.89043364252427, 55.95470589429674, 49.778722668805834, 81.79091425755895, 91.22060634661642, 53.92763767872122, 71.15134832844684, 81.64929457299199, 65.99274727161486, 39.75278350856544, 70.32670187704959, 55.32076812918976, 25.483231748971193, 60.56707471884988, 112.00442998525448], [9.413969579238458, 49.32885354860826, 73.97576835353468, 64.95840973578885, 26.914249294551656, 16.831332090178044, 56.98902513738532, 0.0, 15.62176017494399, 74.4951823141461, 25.26144585034341, 75.3318717352959, 76.78794683293222, 84.50946988441173, 65.88340116997621, 12.194995024768374, 102.83386184987438, 68.09046319033664, 47.07631351413303, 70.67512675923665, 19.359580359538228, 45.876329010498594, 75.25406717126971, 55.34814855479252, 59.41791591711155, 94.15853256442341, 50.05991603257815, 74.84415376691742, 53.70607452175376, 59.18238552570485, 72.53314499728897, 4.14611555993511, 32.60214884700131, 45.2213330260263, 34.849936997392994, 13.945729809774722, 39.90692785095518, 42.31729447800957, 13.239047025870189, 34.91370964412191, 63.79555048367859, 23.75358786102614, 47.620752530488645, 10.86364495476251, 16.79301966039572, 67.64245998894604, 16.10113192587513, 70.83008663973553, 32.68865252119395, 65.10548725190786, 41.2543127401825, 48.83002772656435, 19.69412911016846, 50.845333005829566, 25.30676679882231, 42.82228463367314, 65.76822780033177, 77.01859086108092, 67.33536676096644, 50.57737710796925, 82.42011176331937, 46.28899376097596, 10.151285760483391, 7.549966764066214, 58.48204850597698, 30.426248067043588, 63.153100583478455, 41.03458393484001, 51.248515595635645, 41.53807010525951, 14.086351923082605, 72.92769911142096, 44.77418080035876, 58.71976158373698, 62.678134842530625, 55.415168992887615, 84.04005027893491, 15.02738909443143, 45.35177694163211, 46.55789301958348, 24.51889915463236, 70.95981320976817, 46.815332652802056, 10.43542692636514, 57.046996770260805, 44.66997352267471, 1.5243843111220239, 51.24990712008083, 67.47921339054679, 81.20544633354679, 8.853671174425608, 14.609856525880833, 65.6885702994434, 78.69230288509236, 32.033199073799466, 19.37217506598548, 26.348485541656025, 44.81687939314696, 10.713296657792089, 93.81906454780678], [9.994445463034548, 36.55643051222836, 58.35910172548649, 49.53749140790421, 23.976579607687825, 22.09547443622782, 43.8074484478138, 15.62176017494399, 0.0, 68.94105184148786, 14.408331246153772, 60.39239256019953, 61.206834086410886, 73.57185584239099, 50.289531404374095, 27.733893143421458, 87.2940632863146, 54.3258947607643, 37.717307627819046, 55.89374177544887, 23.91715042725254, 31.13068613988115, 59.717804654332404, 41.83959565389343, 45.17728220083944, 78.79255928904514, 34.61284079238719, 60.21966526258989, 45.00448674782948, 50.570332491813666, 58.05791322815035, 13.865522570360348, 45.26203683921864, 32.70629677708106, 28.38054771470399, 28.1742949606222, 44.74482193030359, 37.239409921195836, 27.614412311586705, 22.10332149830337, 56.50698099319542, 19.90698967126865, 51.38850694625417, 25.602966255681093, 30.978515113756643, 60.355430965077645, 4.618386126867263, 58.47051801884006, 17.939567197234425, 55.613753318516714, 34.339856721200285, 52.689625296868286, 4.156948329921873, 47.64568520859447, 19.725378826814353, 49.45921476984881, 54.733693668329956, 70.06393156095244, 52.612100517778174, 43.66771487760894, 66.7988646734509, 40.61787575727203, 17.883332552154474, 21.47881966522726, 48.443839420179096, 25.381452320661026, 48.0936095075075, 25.669788030225497, 38.651405121763545, 55.50344399935839, 29.40993705904927, 62.74005590045675, 36.62301012305986, 55.33458259379052, 51.449821147203245, 45.645283948753686, 69.75120870108543, 30.488637557297807, 31.272491111855334, 31.732853899857258, 10.853387229932487, 59.269843804716835, 43.01771917774289, 7.800929878261833, 41.88212867675706, 40.8082368314543, 14.186702599016765, 37.913669913180264, 59.58401903298392, 72.7785775261495, 18.41965871310165, 30.06513149542069, 58.195387452346296, 65.23578196345765, 30.574019014741374, 26.690529682416244, 18.86411614503712, 29.21556073378235, 24.18268456066013, 88.27843667529835], [66.14318709546043, 91.452993766853, 79.48976490603582, 65.39102269444655, 92.76056788343459, 59.26687736120104, 94.89372229210551, 74.4951823141461, 68.94105184148786, 0.0, 80.60346577748443, 61.27520400278964, 83.6637953248944, 31.627106415858968, 77.23485214110553, 79.05057726153102, 89.51252489680665, 47.39946355089785, 33.26864303984424, 93.50420591285955, 57.028720410916776, 55.25934126079394, 72.71719522049669, 45.64032569381888, 90.64623117452489, 78.48573373710681, 62.60488202979041, 57.23913002665939, 26.2362191619297, 21.839067888190176, 54.87215566336269, 70.37011565007215, 72.22199009640295, 89.66204443150004, 95.32883954438181, 73.65848640921791, 47.156759495540626, 104.27951332447512, 73.97396290386621, 50.98608875480069, 14.116081030893374, 88.70359120880386, 42.07094932286017, 83.79001049019698, 74.13625908705828, 11.31840747449167, 64.5461580955188, 37.52141772723573, 74.58584627786719, 22.12606409955343, 34.60156071882838, 42.09746306299045, 68.9324047347192, 24.49764015630416, 88.10361144289216, 51.794800745464634, 29.727014107593117, 7.332795388094214, 91.90426334897371, 25.386220462450723, 83.25963505297872, 106.90607261647814, 65.16599043992063, 72.18160520235537, 27.569595553141703, 44.451157029792185, 59.109767290390614, 61.213978037821676, 41.858205770008446, 82.36719591925818, 78.24844460110468, 24.351220760382628, 32.83761674984848, 17.45313371983981, 31.43009337325643, 105.76463220937903, 57.32144434282932, 79.67575535687081, 83.37505891743571, 55.770399811431375, 59.791741031280424, 33.221564904266856, 27.849330592349514, 66.46561202869111, 81.53161145241873, 108.38233720766057, 73.41936473444238, 45.54206705867239, 13.90096283167403, 16.175361855493804, 82.71379061456891, 79.42785643629946, 13.395808861428074, 47.42853661746445, 99.41143896382611, 59.768546005232395, 50.203148493121034, 69.4376062578419, 84.8491071679388, 19.410286549170877], [23.57908872276017, 24.091356780449978, 53.599879522654675, 48.144437366098124, 13.956644893585315, 36.160457896061686, 31.80329611327377, 25.26144585034341, 14.408331246153772, 80.60346577748443, 0.0, 60.746193071655114, 55.641011730527865, 80.7828097118385, 45.249196743142626, 36.83297537644079, 83.94246152164213, 57.97623956359845, 47.90907489185816, 46.659771587181226, 38.13757382259401, 34.09654379781037, 57.00416927474668, 46.70671644220637, 34.85867369248886, 76.81602588865096, 34.08608091230492, 61.57117428086242, 55.31312150426589, 60.70921206648802, 59.90483237716053, 25.53508143817565, 57.552026539691376, 19.967390555522847, 14.78706212273995, 39.18414054602432, 59.1339876645419, 23.78742600659148, 38.491228713073774, 30.36203300771737, 67.39730286501279, 10.71358273293207, 65.79083218300642, 31.915068316559125, 42.04073338962847, 71.13957179719038, 18.769327297286203, 64.33048384570164, 11.3677908457703, 64.82804577698387, 46.36899625450505, 67.09266194150239, 12.327484188592287, 60.81723037771793, 8.751755206608669, 63.72429709836552, 62.431303778319915, 80.84723519454407, 43.275687286220034, 55.24475712206778, 62.10045406408918, 26.7901999388595, 31.124707381277855, 32.587758801148915, 57.448878142394335, 38.76120969716526, 48.55630069107748, 26.865819682968155, 45.26195244317309, 66.79944972554452, 39.03834810124871, 71.05482520185856, 47.77269657222887, 68.27593940087644, 59.067942596151745, 31.390776839224234, 71.67514460189382, 39.742592986181855, 20.984945282414724, 34.372953017735405, 20.870763457441498, 66.00542138870159, 56.091941363844114, 21.563009838219088, 34.265795430103864, 27.788136112752337, 24.31005933214718, 43.39841336333438, 69.96186403456115, 82.42130752312045, 22.53996595754138, 39.35119109552467, 68.89810469305162, 69.06167304331598, 20.22743284120886, 40.54730945167882, 31.871264105292518, 25.77841508735094, 29.291352750841146, 99.6639159799384], [66.73319119799287, 53.14972154013803, 21.418744324067095, 13.547600714559762, 74.19529066270468, 71.51656541425868, 51.53431214611683, 75.3318717352959, 60.39239256019953, 61.27520400278964, 60.746193071655114, 0.0, 24.956520327342925, 37.685767562293876, 24.153728362379255, 86.60878164617688, 31.310916401619544, 14.189633661652685, 41.793769575992926, 40.33827288702887, 71.21227618850529, 29.461589459535066, 12.89338998398006, 23.294076827947837, 44.43708193974517, 20.590870040876002, 26.699441888199413, 4.225483691592162, 42.78520563631172, 43.08564900631137, 6.414449757447002, 72.33763440610088, 96.48500287788498, 54.26908269672732, 70.34601119008765, 84.88071727051026, 80.49189701442049, 76.83217573564394, 84.596668572125, 41.713771353219876, 49.48625262664424, 71.41591360890747, 81.69100356048824, 85.87129896808221, 87.19257297207817, 50.58714040438846, 59.23766227430919, 23.89622302683397, 49.44514319032256, 39.638927298238166, 50.01301236543775, 82.65471137825145, 56.912291000273214, 61.49795330208453, 69.18782094030074, 87.18414429027519, 31.766566860132865, 55.94151353391896, 40.45626469231573, 49.23112889450521, 22.507664503704188, 77.18439599786832, 72.47359386984488, 79.1182349078371, 36.96514256648439, 56.171863907884266, 12.361063449386137, 34.95466098970931, 29.3737402514688, 108.2885446110097, 87.6592641270276, 37.56905777212587, 45.96602050646069, 63.3775630205069, 30.893329808206783, 67.45077468092629, 12.46308728906724, 88.9935203636908, 47.064766466218735, 28.774195141339497, 50.866528885565586, 28.26146106607713, 58.75387436641577, 65.12749879574908, 35.67723756733792, 81.2566000043397, 73.81052823721943, 27.02353615955123, 47.741468750586236, 50.518977117085, 78.61300777412055, 88.57804755126993, 49.07777633995418, 16.884820005372802, 79.55741636435232, 75.68988338962485, 54.07845663391965, 35.280748208493414, 84.57507445458616, 72.81892988274501], [70.0005689096135, 38.87731285342884, 4.218532049258917, 18.64481431316511, 66.74769649257239, 78.44538405954809, 34.14017608340411, 76.78794683293222, 61.206834086410886, 83.6637953248944, 55.641011730527865, 24.956520327342925, 0.0, 62.56916419238004, 10.939016381452117, 88.93920327277273, 29.615778296742874, 36.7966353602743, 57.90119298395591, 17.786827011035584, 78.94545697905701, 36.83737284691616, 12.066212099438829, 39.50804476098117, 26.707446707178054, 26.12533841035241, 29.168974394024776, 29.06897382550745, 61.40349112285454, 63.35120506497951, 30.475168719165463, 74.89938498856576, 104.01177499942806, 41.647666760231665, 60.26319920436934, 88.95704920042523, 93.22938160338735, 64.37275147136648, 88.47815199792485, 49.90520350464863, 70.63649415640803, 65.14941070440197, 96.259251433385, 86.02275979906747, 91.64539143967657, 72.49086625766157, 61.94452419229472, 47.59286597957032, 45.01748105820278, 61.541007224990096, 64.53733589158692, 97.39644393974253, 57.097571793235794, 78.79810725326897, 62.5451137821609, 99.720944129524, 54.04013943934354, 79.12496353684476, 19.342588535921973, 66.89565046658645, 7.235807616864665, 63.48777116530413, 77.2374003024686, 82.42840952575366, 57.05254129289139, 67.04213845299215, 24.788865174036758, 37.59851920937528, 45.048646992199174, 115.25861068670378, 90.58805659557393, 61.179662777330726, 61.532780920663036, 82.45317034854043, 52.25331884141661, 50.41737375028711, 35.89380852664017, 91.69157007075088, 36.105427045064175, 35.96017868809546, 54.82134370213601, 51.87288269606206, 75.11086866381487, 67.95865212989115, 21.878469722456092, 68.35993880016349, 75.38119647648432, 41.45993553210705, 69.78259311117492, 74.60596023497563, 77.26651439540609, 91.26764925716914, 70.6665335120013, 41.84014281927199, 70.5620354231846, 83.17075868734577, 62.591776950493426, 31.999786618727647, 83.9141111070835, 96.90506785649356], [75.12082545010918, 82.97533323052642, 58.83671215274505, 47.108082616481695, 94.58735197939151, 73.36068235456936, 83.86325602138939, 84.50946988441173, 73.57185584239099, 31.627106415858968, 80.7828097118385, 37.685767562293876, 62.56916419238004, 0.0, 59.65474041090508, 92.7359606690918, 60.808355733064666, 27.4856030807669, 37.62941533068518, 76.61314699188404, 71.83008236141691, 47.65894735609688, 50.54567207331645, 34.72593841924957, 77.79543309799465, 50.344973635178654, 51.73931493604034, 33.51498118181078, 31.962177482953017, 27.329752196055885, 32.198026266373276, 80.53589350513954, 93.23820773698027, 82.60595473111417, 94.06434681952732, 88.68878914108959, 70.43358735441414, 102.25391434402532, 88.7408250642961, 51.5671006423985, 27.48782987327149, 90.88296745523196, 67.84268307523764, 95.18033787515257, 90.08283830592296, 25.487162014915263, 70.2461464135396, 17.420149716750227, 71.38969619055571, 20.560852174013288, 44.94056540888646, 68.30096564191773, 71.765456526595, 46.05781398498876, 89.41488379881127, 76.42823177544794, 18.860791552128493, 24.4471907327098, 76.04296755408325, 37.413607900813886, 59.94043783927964, 103.82244431650885, 77.45132558773358, 84.99857918896542, 26.169309888742152, 55.636104534892404, 41.551492789563895, 55.119335558891656, 35.543497249733406, 104.63717536322685, 92.76248591099544, 12.208246333511736, 40.63075701466903, 42.9948171006259, 22.122097448106395, 98.03088808013872, 29.356627155538742, 94.24820562526642, 75.34073004543687, 47.6721921737021, 62.760407166167504, 14.832878471051886, 46.35626984310811, 74.49282847952396, 68.27858609070942, 106.72063544827562, 83.10734037973559, 37.51748259776685, 23.297900115650812, 16.130083140610715, 90.99971594151226, 93.90281855859682, 25.727017074328316, 20.90671344491741, 101.00471652505621, 75.78524329007978, 58.22530604250234, 60.848694850406574, 95.17258586738632, 36.775846780324926], [59.063102686901814, 30.966596650001392, 8.350717082555931, 12.588897309647976, 56.95612130188091, 67.6354314080628, 27.945983318398945, 65.88340116997621, 50.289531404374095, 77.23485214110553, 45.249196743142626, 24.153728362379255, 10.939016381452117, 59.65474041090508, 0.0, 78.02342411513023, 38.867455595161516, 32.40101398344621, 49.153744001494964, 16.98861918775218, 68.19833648081568, 26.8443931685531, 13.872657563241605, 31.819872298632152, 20.587466984859926, 33.0544283318412, 18.78395728402965, 27.523825790159382, 53.45910654422351, 56.090229871965754, 27.928746199008682, 63.96432888717647, 93.1719538712811, 33.06346261458982, 51.115182642649124, 78.01852640352051, 83.0792916600254, 56.111620523188265, 77.53915727067871, 39.54016752827543, 63.659021731008934, 55.080549052149884, 86.47471759442979, 75.21326611576148, 80.70880853490422, 65.92660615948954, 51.00741491714407, 43.231047601972314, 34.37820806899651, 55.2496067818067, 55.148297309822226, 87.64466080518939, 46.189574048565845, 69.98598680982833, 52.52671009440224, 89.49366238045694, 48.25830388993555, 73.39445602568868, 16.50213132286737, 58.43634760519832, 16.864536607249157, 55.73025640191657, 66.31998594145526, 71.49008172275353, 49.91025794969933, 56.80796003434707, 18.59889365212969, 26.839997608785815, 36.736858103200156, 104.37200426923307, 79.65882536651664, 56.22636645657373, 52.51148599475586, 74.2556748895807, 45.98351229641571, 44.24272013962915, 36.510357820601065, 80.76845184489964, 26.72536351639782, 25.9860270708545, 43.943308041068065, 47.23551424289002, 66.05058990373134, 57.01971467330414, 12.961476533166705, 60.315985628787494, 64.46988487429991, 32.991051483014914, 63.365886551896715, 69.89650244758744, 66.55255466942604, 80.34434969234822, 63.944491741142606, 39.976268580125186, 61.20995714573681, 72.3842078732322, 52.05679812106475, 21.07485520233075, 73.16313497679285, 91.9168760477079], [19.87729426634947, 60.89455072031074, 86.07837123795443, 76.70678110627865, 35.587885720861365, 19.968524555839625, 68.63193055508748, 12.194995024768374, 27.733893143421458, 79.05057726153102, 36.83297537644079, 86.60878164617688, 88.93920327277273, 92.7359606690918, 78.02342411513023, 0.0, 114.68945971510371, 78.51254128131738, 55.12723776032192, 82.77398249244625, 22.060168995809185, 57.18593488638407, 87.12533118162204, 65.74031154862514, 71.38966106375571, 105.79994113771404, 61.872183291233775, 85.86477259772332, 61.07954521841922, 66.31088071738338, 83.44872396818545, 14.347093793867751, 23.56142619700454, 56.748407360143744, 44.41072356992505, 6.2207781395764385, 38.26414136476582, 50.780407608820006, 5.599390897287868, 45.38591396111162, 69.88295884984694, 33.246886132208026, 46.23471495906547, 7.813807881811675, 7.782901727234693, 73.61645759922123, 27.608216127437707, 80.23678927325646, 44.8480022843595, 72.6611960743163, 48.13113539409446, 47.28021332741908, 31.845189429056383, 54.638129195811295, 35.29511751716442, 39.27762745067009, 74.35056614746576, 82.52376121797691, 79.42337025777769, 56.91816019293791, 94.49842876474644, 54.86563717380623, 15.315798335134632, 7.820531249844761, 66.57082522303952, 37.20184893350297, 74.57826116229226, 52.81132597617435, 61.137263766129735, 30.595114185352152, 2.5307633905094886, 80.79734651388421, 52.197181635281936, 62.24347938472213, 71.45071422542175, 65.69975987363044, 94.74977558768953, 2.9096845085079863, 57.33346223332658, 57.91344082348565, 35.80262107336153, 79.90126921729181, 51.278917888487136, 21.571898958241988, 69.22870251699133, 52.35260730032137, 13.563628733898875, 61.59652256631377, 73.88099836230737, 87.68237318813827, 15.732373487399496, 2.522071787430949, 71.86112718930178, 88.80155394466033, 39.339291727594265, 19.490410612707226, 34.9535774328365, 56.949288786632444, 10.91234893699289, 97.96151892333663], [95.00742469305087, 68.49290263335084, 30.609438902696716, 38.058432451624704, 95.81862347669782, 101.37228175791205, 63.513511110544734, 102.83386184987438, 87.2940632863146, 89.51252489680665, 83.94246152164213, 31.310916401619544, 29.615778296742874, 60.808355733064666, 38.867455595161516, 114.68945971510371, 0.0, 44.86342232271269, 73.10418490044265, 45.867400357446485, 101.33471015861926, 58.286304396916634, 27.579994295249524, 54.48123086830441, 56.18490973991913, 11.150270798285788, 52.81747469013952, 34.28439920435392, 73.79904876257342, 73.52080599705366, 37.09241888393159, 100.35899655932734, 126.74896037914132, 71.21799052056186, 89.72069038866398, 113.75853099743489, 111.737178820012, 93.98847136976536, 113.38558783764762, 71.43955184446243, 79.22450920413829, 93.92614546928804, 112.99696047781458, 112.79082543800672, 116.25515060572707, 79.68256893745367, 87.09843797682721, 52.52174447057754, 72.83065672330368, 69.16349881291731, 81.29682127028092, 113.9542520127977, 83.38441789787436, 92.5904251473604, 91.38454248963671, 118.42720368968256, 61.37773752297904, 83.27376383183875, 48.18056069888787, 80.36207432851401, 22.45638334082081, 93.06098568525661, 101.50398936189072, 107.58689233423979, 67.64621729325373, 86.97563448984454, 41.24201045574335, 61.88060356327847, 60.60387866225653, 138.44229092137024, 116.04056345539068, 65.16147853178444, 77.2764052008196, 93.93752397340997, 61.19018175209384, 79.56733262423812, 32.213658932822014, 117.27727094917039, 65.40167728794353, 57.46645140702234, 79.11919692314892, 56.59276020871089, 89.99870409604175, 93.16474123271165, 51.238876791091194, 97.96386399148113, 101.35120497930355, 58.01934858226464, 76.81149762209662, 76.26181768874801, 104.57039965645616, 116.85373781222057, 78.49760940196896, 42.0845876066689, 99.93995246927662, 105.77765591782088, 84.20921038182512, 58.742638390128455, 111.01248289694495, 97.57773088967882], [58.94505183231696, 56.263332564720514, 32.74956132465153, 19.812819407792762, 71.90939094728591, 61.65420106543414, 56.59024389444089, 68.09046319033664, 54.3258947607643, 47.39946355089785, 57.97623956359845, 14.189633661652685, 36.7966353602743, 27.4856030807669, 32.40101398344621, 78.51254128131738, 44.86342232271269, 0.0, 28.908922271543098, 49.38862479815379, 60.97439279460568, 23.952039356308397, 25.39620574937839, 12.775730795539708, 50.35758413447105, 33.806542151122386, 25.53550719670153, 10.609734956452948, 28.938827028637224, 28.923320791087395, 7.871148676922516, 64.64810548307143, 85.71856031462943, 56.33785379114787, 69.78989902261077, 75.96944378200156, 67.91086346858592, 77.35489278659165, 75.78925935998662, 33.21092918162953, 35.315726065363535, 68.60519561259066, 68.48311374109112, 78.91512260405302, 78.03394369676778, 36.53449588299564, 52.2089054276099, 10.901749214753167, 47.37802346079619, 25.54053583639814, 37.467336012301594, 69.38487807279307, 51.46618323981703, 47.738158260659304, 66.71835564762712, 74.58223213364913, 17.713401003920954, 42.439720967985174, 48.653430834605295, 35.5394822810535, 35.868744013868984, 78.44381386084797, 63.64635739743203, 70.77313910098073, 22.866761479742177, 45.045521164264414, 14.069869033146684, 31.12228662829224, 17.8646650681629, 97.57714364618332, 79.23322119565937, 24.38345507240408, 33.1328330409592, 49.268540382539406, 16.703697470499428, 71.25307763358367, 16.55141367732259, 80.64435186507751, 48.96773305404054, 23.616127716381257, 43.82957007559505, 15.098533032169701, 45.29460969023933, 57.658953038819796, 40.86546158213592, 81.8554915015981, 66.57517300757372, 16.916244030912477, 33.71217522769654, 37.87353014407978, 72.72368829021673, 80.24473455800876, 34.95832143451653, 11.09606342915036, 77.90869615606658, 65.42426198737533, 44.26562465596463, 34.95184579421113, 78.08991063993017, 60.135173078735534], [37.76154369027753, 58.48965785929822, 53.74214434767754, 39.47726996902518, 60.75424909990391, 36.00360205199257, 62.47808964313615, 47.07631351413303, 37.717307627819046, 33.26864303984424, 47.90907489185816, 41.793769575992926, 57.90119298395591, 37.62941533068518, 49.153744001494964, 55.12723776032192, 73.10418490044265, 28.908922271543098, 0.0, 63.804218583208964, 34.6912621011581, 23.606287074653082, 49.34776466889509, 19.033942300284213, 58.99024600376584, 62.27104635281853, 31.75978888614216, 39.065360380016365, 7.409497782645342, 12.900599463361756, 36.23575755362785, 43.0411874142489, 58.00682687900425, 56.51111612114519, 62.4739146846848, 51.2560242731689, 39.001989504237855, 71.34898275197254, 51.26582353467149, 17.78876390026519, 19.569833918874686, 56.771234059813935, 39.90497490372737, 57.63972504855742, 52.81246130839337, 23.25187339155505, 33.806971979620236, 26.413723253508614, 41.32744660351206, 18.10982725258301, 8.672711666852926, 40.88562912124521, 36.87670632035911, 20.90197413300493, 55.85377172505675, 45.67417522244439, 19.340682707398905, 32.94217575505682, 61.67064680554887, 9.480050646773753, 59.79170356818217, 73.82459155159681, 39.82912785772999, 47.374657344786954, 11.464781950381557, 18.24239458697801, 33.867104225704004, 28.486940167110138, 13.011405941069011, 69.79878576876902, 55.2214082229116, 25.860443278135794, 4.223996390868152, 25.38861516195266, 16.7055215828969, 72.58532229145767, 45.00108385486423, 56.703908778316105, 50.44893772819121