instance_id,num_cities,city_coordinates,distance_matrix,best_route,total_distance
695,67,"[[92.39103296666235, 32.54134148243113], [41.68953130024548, 25.84441358409911], [58.654140180166, 67.43099201555634], [0.09407815733530889, 75.37000878828874], [24.918137587118462, 6.614794733446416], [31.40381887131771, 26.792553663030915], [29.546139587821752, 99.72664648701807], [13.66507470194238, 80.61993727963876], [80.93433269673884, 48.409332506587546], [46.33442202809993, 43.46952407092461], [44.057000919797076, 99.86841593310055], [28.812106699267414, 15.286089497382449], [35.76226860371349, 24.792102133043002], [78.30178686001645, 63.912464614961365], [67.13198488723067, 50.253962246636604], [7.588758351410895, 34.67416169575777], [80.5546160433399, 2.3795822808804767], [43.38849907677535, 35.719202034658906], [9.515823489790542, 72.50361097631837], [4.375052211669939, 3.559799431626831], [69.20962564781735, 62.69229527223995], [97.7029898469141, 23.73749024409708], [35.94629022637428, 5.832496286455746], [25.584469763896657, 39.26067119495493], [80.83197437841463, 74.2104448248737], [55.97809546367323, 32.648385049838154], [3.006105626356892, 30.2876911585913], [92.88881083517876, 28.936623134793095], [72.13868037241352, 56.334760023665154], [77.19870214707758, 69.1607441618662], [32.568733792849834, 13.918104438698753], [60.618474118648436, 75.66805965208484], [53.783841008758124, 25.237534097320736], [35.5994913930462, 33.910081226558056], [49.3933437683041, 61.882782510276904], [79.51291253504384, 14.502430728614367], [68.68925060106575, 22.104534694903112], [44.04292001539355, 2.72867280645821], [86.67305001765008, 56.9171835950926], [7.1313228872812555, 52.969596008742656], [82.21497869435885, 0.5949244835529721], [38.13777109554549, 96.51603303856054], [35.70511699475598, 56.51646152723823], [58.58128541865768, 48.96354943542097], [79.11753833311128, 31.985754639407727], [15.104742645779323, 99.7026180952598], [48.96504180768873, 43.17364093658518], [12.93927590715378, 7.652407240951808], [90.05301972557719, 83.83770800281542], [62.584951618418074, 10.099249946035837], [96.38448493215112, 21.523163107244812], [60.77796263499854, 12.921193622342086], [30.0291350864318, 66.63280147557681], [68.82486848814011, 89.38864264290774], [66.32507135965383, 65.91733065177293], [72.18444621603538, 13.142434658133284], [96.47110077720191, 54.995989409567], [62.331408846664374, 41.04162188579787], [75.50328201787067, 11.432912359886071], [61.55747002871961, 8.030332159211317], [10.017179088808902, 6.780139418932729], [59.900021660762384, 44.62571981857684], [1.6741205003086401, 14.059849695989147], [60.123047343323975, 11.569244774236608], [59.24262197803718, 67.67858125423176], [45.16733791910673, 73.68768678276946], [6.299901878992575, 70.63608550123209]]","[[0.0, 51.14187241884218, 48.533139700735966, 101.74980398148585, 72.28262195871262, 61.25756152920134, 91.99644467237427, 92.24601822588171, 19.571640713480672, 47.335362952380116, 82.88011587825744, 65.87885538154384, 57.156518996248295, 34.38974007534821, 30.85055014445616, 84.82909113024198, 32.40111855654121, 49.10546940330506, 92.00697434943427, 92.66467853451893, 38.03232388005482, 10.282250849126847, 62.44494691101819, 67.14362425987096, 43.242641094291436, 36.41309484130558, 89.41333332011412, 3.6389252770815474, 31.245552507198788, 39.645776172630576, 62.65406959191219, 53.56686770602932, 39.29199502689139, 56.80803325934567, 52.05498475640124, 22.164121616600017, 25.89790383846339, 56.800838369974635, 25.03751201111236, 87.67286778594553, 33.52798293394754, 83.881926440431, 61.54753813709319, 37.58707149155213, 13.285117106260286, 102.39046707496115, 44.7086401025804, 83.25887789010761, 51.349620486514716, 37.3101857120291, 11.719552606993558, 37.206671684611614, 71.07203354124994, 61.53844129857929, 42.348447522076455, 28.01113589429038, 22.822317298430246, 31.2383701426855, 27.03260831162843, 39.389061698535606, 86.30811858942556, 34.66551622940624, 92.5803637175854, 38.48443499034169, 48.30572191626799, 62.634647803904855, 94.14293586781918], [51.14187241884218, 0.0, 44.9137112704397, 64.67585563789076, 25.515836028280436, 10.329319908874734, 74.87353538469064, 61.52827125599093, 45.26952620282969, 18.226890287334104, 74.06185142274308, 16.65251548187289, 6.019950370536579, 52.81698369333782, 35.258254500679435, 35.22537675346153, 45.39926343209128, 10.019877167360685, 56.67652226062048, 43.4623328593428, 45.99045529022824, 56.053070070425306, 20.819741880251996, 20.96113010718718, 62.22060613744691, 15.825836267287201, 38.9377726311001, 51.29257241357311, 43.090740365232406, 56.01076422395887, 15.014186524836264, 53.29822308229682, 12.109526416705801, 10.106610737031925, 36.85258147541788, 39.48732382837569, 27.257504222304373, 23.235229935244384, 54.672058607255565, 43.93228073164495, 47.74776001376031, 70.76081399240613, 31.250403831086278, 28.632600295969826, 37.92850880814946, 78.49704046277839, 18.794551704631544, 34.02243788967966, 75.51323864199645, 26.163500688220033, 54.865391263345806, 23.051633890063798, 42.42236941342108, 69.09555391614627, 47.039860930187466, 33.034528971319475, 62.055094291013766, 25.63283536416864, 36.75678311725868, 26.684761312984133, 36.967342940085935, 26.16026420057166, 41.714614315856345, 23.314694041751945, 45.36748369697783, 47.96951041276952, 57.085197238037885], [48.533139700735966, 44.9137112704397, 0.0, 59.0957600123351, 69.54658670858423, 48.929159845305755, 43.4774078829909, 46.88245183203257, 29.29557149213326, 26.943039943702725, 35.57053478643627, 60.08026149164907, 48.39537906335576, 19.960211800604117, 19.155265661416948, 60.66863402052685, 68.63903227393395, 35.19484936876527, 49.39944969617287, 83.81973892100325, 11.570372521354534, 58.5997846186213, 65.65075114278544, 43.44157083458527, 23.1908885150778, 34.885397556231126, 66.90537010026141, 51.51532888748227, 17.463080730907937, 18.625058953793598, 59.53215570769157, 8.468051196740547, 42.473611868040315, 40.683759546303314, 10.795599978529559, 56.89042963502902, 46.42403660175028, 66.33157517909162, 29.92656806222986, 53.51385499346753, 70.86729171228704, 35.592991047764016, 25.412293106780275, 18.467586286975116, 40.92817509512838, 54.20339357859654, 26.120829019003303, 75.25508629424665, 35.42696665245027, 57.466337340125655, 59.423124035836885, 54.55115711594498, 28.636131455809842, 24.198804420620686, 7.818846199066025, 55.94923271479687, 39.808941189244514, 26.64434575460616, 58.478017286753854, 59.47157065000639, 77.74368080364829, 22.83927889934398, 78.07177130828036, 55.88105665703781, 0.6384444044187114, 14.867416205884114, 52.45225345347877], [101.74980398148585, 64.67585563789076, 59.0957600123351, 0.0, 73.09933916459569, 57.79333015169869, 38.21870906365507, 14.551072000991054, 85.21751474645478, 56.17659945644042, 50.32802927247544, 66.59431297559401, 61.88977663027921, 79.0425266486793, 71.5883840620012, 41.38021510081999, 108.6347113893094, 58.70769420581381, 9.84812274121878, 71.93770156671327, 70.26865108214392, 110.42380455517862, 78.23584060509559, 44.20004893306345, 80.74622266577568, 70.34316260408556, 45.17626884599109, 103.76377843929299, 74.5168799927906, 77.35423716772392, 69.5049624619452, 60.525129828850645, 73.45648816600593, 54.58534567503031, 51.11088790517284, 100.06104792957373, 86.84761604660345, 84.90149818401204, 88.52358513977974, 23.47980634679945, 111.06374537981355, 43.525589185787084, 40.29394906688781, 64.17206953795036, 90.14932482391175, 28.59013683196232, 58.52330468246283, 68.92512360928947, 90.35658857031983, 90.36249900137, 110.3237292093485, 87.07691054997842, 31.18407325821235, 70.14587396737545, 66.90214932659583, 95.23283125562759, 98.50701068814752, 71.07688427794236, 98.86607267700404, 91.17225778077488, 69.30395452065873, 67.2455365253952, 61.33051558342451, 87.60145335728824, 59.646527925950046, 45.104644471300034, 7.805272432914903], [72.28262195871262, 25.515836028280436, 69.54658670858423, 73.09933916459569, 0.0, 21.194480817907273, 93.22679517980664, 74.85581171545718, 69.88989556602283, 42.6254420950188, 95.19734217148887, 9.505490430768658, 21.166239198414704, 78.31243185818485, 60.71561450830803, 32.97931865610055, 55.7974440232522, 34.47057843891615, 67.66511202561992, 20.768999808298588, 71.45923300252684, 74.77179561860697, 11.055864574735397, 32.652675977779914, 87.72416460705898, 40.5273834345999, 32.25745138421623, 71.54213055936863, 68.57007079913537, 81.51842258416498, 10.576859408821894, 77.73588247642238, 34.351641233583784, 29.310816840689544, 60.44490210523491, 55.161619385283544, 46.43104972486939, 19.51561545430423, 79.64922808471464, 49.650159903453996, 57.61221084712774, 90.86798863675835, 51.054238546269794, 54.09828598704469, 59.84363498129625, 93.60366220674739, 43.75846019112228, 12.02371684893893, 101.02440895644675, 37.8276394637182, 73.00478238040114, 36.41013209822827, 60.23523411373444, 93.69797711879038, 72.32789870297309, 47.71492444079097, 86.37457113971747, 50.842494963546464, 50.81408362395479, 36.666666442013884, 14.901875822639326, 51.65813236238085, 24.40723609356842, 35.55182479352164, 70.04966989899715, 70.06285008437165, 66.67356576977635], [61.25756152920134, 10.329319908874734, 48.929159845305755, 57.79333015169869, 21.194480817907273, 0.0, 72.95774714434584, 56.674952772066874, 54.04217730052584, 22.38401779420033, 74.16322985459942, 11.794731433063914, 4.795611576603322, 59.810594300242975, 42.74271329229725, 25.085391221752328, 54.87981445259232, 14.943815134622643, 50.681210547109124, 35.64147999618578, 52.13511747018511, 66.36952225641728, 21.44663263174041, 13.759316073988314, 68.49524771157576, 25.262340177986463, 28.611992304904167, 61.52236398819376, 50.319686984000164, 62.38777845368489, 12.927044117056118, 56.94129579581443, 22.433980402997246, 8.262134501880013, 39.432818394978916, 49.65412384574161, 37.5789960099951, 27.181192755460632, 62.94585959418128, 35.69862192388176, 57.1672085831385, 70.04790995303205, 30.033512353146094, 35.07374718320129, 47.99550355251812, 74.70968733248505, 24.015340332477592, 26.594821900777664, 81.81612551626425, 35.36848071913941, 65.19396780791115, 32.48468795029141, 39.86395742112788, 72.92876874047265, 52.442750211758714, 43.00448017912323, 70.9167467001187, 34.05219180758017, 46.697764729968135, 35.51427366398861, 29.289675400457625, 33.616296472819, 32.3415632823075, 32.50451072621981, 49.46378686072398, 48.87318249200526, 50.52189557414598], [91.99644467237427, 74.87353538469064, 43.4774078829909, 38.21870906365507, 93.22679517980664, 72.95774714434584, 0.0, 24.84501073947975, 72.62377782218054, 58.70868973017434, 14.511553851040873, 84.44374736474798, 75.19192907141077, 60.49602271302983, 62.13084783599519, 68.65822870041318, 109.90139025447779, 65.48712744916567, 33.79803582168445, 99.40646916711648, 54.26541528755679, 102.07697146639585, 94.11202564009513, 60.59561861895783, 57.28274956242241, 72.09813762405807, 74.3380247234143, 94.9922176125987, 60.802798795249736, 56.613082440497045, 85.86176077967686, 39.29765353923345, 78.33322433537012, 66.09435173115934, 42.73253508126851, 98.79192958128812, 86.93316616149866, 98.07529526287348, 71.38721179842207, 51.852153061824005, 112.25464320108358, 9.17192295431703, 43.64691383084846, 58.48018224738852, 83.9413604957302, 14.441416931909517, 59.79411509682243, 93.55989233667458, 62.55830009007182, 95.52294651604686, 102.87443424436563, 92.25298595650791, 33.09736941651063, 40.616411307568086, 49.95757859949216, 96.51347538116508, 80.49709381574321, 67.22206477653474, 99.53814558473789, 97.1233202578057, 94.97596261333518, 62.90842770741393, 90.08689982705665, 93.30956416486585, 43.69164166653963, 30.365264032852135, 37.23772691885375], [92.24601822588171, 61.52827125599093, 46.88245183203257, 14.551072000991054, 74.85581171545718, 56.674952772066874, 24.84501073947975, 0.0, 74.58335022654985, 49.471602524027055, 35.97461757551146, 67.06671487677794, 60.04192831253793, 66.76109796465799, 61.48823403275293, 46.34582952538546, 102.93572699113874, 53.84754388183542, 9.115428584741036, 77.61809945511658, 58.36606452146958, 101.47898286179593, 78.03597821232854, 43.042547202815705, 67.47202387417305, 63.966096874196985, 51.4485045588692, 94.59157112503982, 63.316130602397145, 64.55877107913102, 69.32880232173315, 47.21379892386337, 68.38659219634887, 51.60357824878517, 40.34340316990325, 93.31378472561909, 80.32255145991913, 83.6053979544319, 76.75926648899957, 28.411815942889113, 105.37121053866284, 29.18216457273664, 32.66100132597855, 54.95082234591135, 81.54329351009093, 19.13691069371916, 51.46176043897607, 72.97113966382327, 76.45568777638971, 85.8272782949973, 101.66085552667995, 82.4787493974604, 21.527248785399582, 55.85242200910968, 54.673959886256135, 89.31814038838762, 86.68001302967551, 62.72842360923855, 92.7944411120311, 86.96512117898703, 73.92985114630115, 58.59397589274101, 67.6315624675993, 83.22464393088721, 47.37923080296887, 32.255986804852995, 12.406573541679931], [19.571640713480672, 45.26952620282969, 29.29557149213326, 85.21751474645478, 69.88989556602283, 54.04217730052584, 72.62377782218054, 74.58335022654985, 0.0, 34.95075858488395, 63.30856866241302, 61.756584024526, 50.973414099326966, 15.725056526198422, 13.925066029736024, 74.62056146430888, 46.0313164115241, 39.63242401888323, 75.37332228527474, 88.72882308152997, 18.478955077277565, 29.83098495265174, 61.94118942861246, 56.100849641332346, 25.801315355736186, 29.516457131022097, 80.00751501876817, 22.849419201389114, 11.839590412630848, 21.08497145576435, 59.40434303115378, 33.996651531549986, 35.694277418359505, 47.59701801281707, 34.298219160556414, 33.93668256411038, 29.015244673160552, 58.71710994475413, 10.262378215282432, 73.9437641734851, 47.831555157285585, 64.38788955197761, 45.95005434136034, 22.359916793680984, 16.523760217306098, 83.45379603564166, 32.39518523121755, 79.27455269459118, 36.58305951436572, 42.477784920517266, 31.009245541734305, 40.81283199599502, 54.068789194951684, 42.731054078597786, 22.802642738662144, 36.33613349378969, 16.875284043347634, 20.008796454643797, 37.37314488161017, 44.78757055153457, 82.23279390231113, 21.3718966339227, 86.38326346450877, 42.31195649209067, 29.01438024846342, 43.79809482540681, 77.87378770917653], [47.335362952380116, 18.226890287334104, 26.943039943702725, 56.17659945644042, 42.6254420950188, 22.38401779420033, 58.70868973017434, 49.471602524027055, 34.95075858488395, 0.0, 56.44485494875472, 33.186405633092754, 21.46197843336972, 37.945042263566855, 21.87617933368514, 39.73140889847226, 53.473404555441206, 8.291317971285787, 46.88909682170425, 57.90833131921959, 29.879589577195528, 55.02801939647816, 39.044322798313516, 21.172504847048042, 46.20698353023363, 14.494739978546079, 45.289112611512145, 48.77003513244663, 28.833557616426134, 40.15772126283961, 32.60031556396358, 35.22470493413315, 19.69515934302088, 14.374341140870628, 18.665612461611655, 44.044349569740284, 30.92250202626237, 40.805244065286644, 42.52110599169858, 40.33775339639747, 55.907473887290465, 53.676039348704045, 16.82868689116386, 13.422741061821652, 34.736287582643925, 64.32304204460686, 2.647207444449781, 48.97041599222193, 59.50551284202861, 37.11677393222674, 54.65026583876431, 33.79077327405993, 28.326662393847332, 51.131063282507434, 30.058777104006307, 39.849166901809724, 51.444591155859904, 16.18018220830247, 43.32628397435787, 38.57042278462106, 51.62415210783903, 13.614781746343965, 53.474026212666764, 34.752755391340386, 27.435379998319608, 30.240691840581214, 48.381658337803515], [82.88011587825744, 74.06185142274308, 35.57053478643627, 50.32802927247544, 95.19734217148887, 74.16322985459942, 14.511553851040873, 35.97461757551146, 63.30856866241302, 56.44485494875472, 0.0, 85.94519617217425, 75.53314158698943, 49.65416195329291, 54.71790291763376, 74.70089357959476, 104.09682318196123, 64.15269704776364, 44.0672836532265, 104.16336527638866, 44.88561549204247, 93.13329143884549, 94.3850507852946, 63.36034350877471, 44.84116584426222, 68.26891713708945, 80.78770490946623, 86.1154160948781, 51.80501826773754, 45.18111846610472, 86.71468345998154, 29.3247274265997, 75.26207505578324, 66.49835625528928, 38.35863529285093, 92.43631915216412, 81.57186371285651, 97.13974414719203, 60.505669156403506, 59.69091227698208, 106.35439517211945, 6.802628373203548, 44.149132674440224, 52.936379488499426, 76.40220538717863, 28.952732998604155, 56.906821886859234, 97.32474027231174, 48.70952004205938, 91.66126836949022, 94.21329111866555, 88.5404428961008, 36.074743078891885, 26.89373369572952, 40.60225551486522, 91.1731814022021, 68.9983516177881, 61.59988379016081, 93.86003881922855, 93.49064151182326, 99.11678311297025, 57.469616148015724, 95.7048514565557, 89.7488800767189, 35.591973021699275, 26.204263528957117, 47.75068240826579], [65.87885538154384, 16.65251548187289, 60.08026149164907, 66.59431297559401, 9.505490430768658, 11.794731433063914, 84.44374736474798, 67.06671487677794, 61.756584024526, 33.186405633092754, 85.94519617217425, 0.0, 11.775781363771644, 69.381213591928, 51.87644156019545, 28.74591899146517, 53.32790265659288, 25.099468175721885, 60.383700697231475, 27.104898279389406, 62.28409012875265, 69.4073479931648, 11.843436967203498, 24.190870339037968, 78.6011850045305, 32.24035130699797, 29.849585320011453, 65.51458678422078, 59.68404592711412, 72.41367988334403, 3.9979532564825386, 68.24681185359528, 26.881569225948034, 19.822251610494302, 50.93956339653705, 50.70686179860638, 40.455874736264505, 19.73996930646519, 71.28139138278299, 43.475315406490246, 55.3867950579169, 81.76351108003489, 41.80259763045863, 44.94858517801409, 53.00486079335661, 85.5221733225431, 34.4072131791928, 17.61305942041912, 91.92265133257665, 34.168821438036375, 67.85961528967533, 32.05321634725133, 51.36113305863503, 84.21525686393453, 63.01384846559877, 43.4252817057947, 78.45135837366801, 42.271634284224284, 46.84989676280483, 33.53960098343831, 20.63008702403978, 42.74660646223852, 27.165676118686942, 31.53077764203747, 60.58869079806035, 60.6484967145842, 59.753003468413006], [57.156518996248295, 6.019950370536579, 48.39537906335576, 61.88977663027921, 21.166239198414704, 4.795611576603322, 75.19192907141077, 60.04192831253793, 50.973414099326966, 21.46197843336972, 75.53314158698943, 11.775781363771644, 0.0, 57.79284881535966, 40.40254224863297, 29.85635244194511, 50.086679219886264, 13.325198065625576, 54.45423727516632, 37.894168823785165, 50.548494866061, 61.9496985817057, 18.960498880977585, 17.689745049691695, 66.88386182798767, 21.688726032217684, 33.213968623711224, 57.27668706949916, 48.14750876183363, 60.70876724391203, 11.333247127138893, 56.623263823979904, 18.027076346015367, 9.119431954353857, 39.51613317353867, 44.944367633966884, 33.036482291377666, 23.566164334718557, 60.19907410518001, 40.17091253298064, 52.377072092343276, 71.76325854243349, 31.724410873623317, 33.24103477770121, 43.94801531003607, 77.70661992667202, 22.63170760375216, 28.54221674329439, 80.21140336575995, 30.583267148827694, 60.71028804845417, 27.689409830046973, 42.23165804700649, 72.56616675118153, 51.23835802420167, 38.23989767637319, 67.8073529234238, 31.14427885575075, 41.92631749366312, 30.762791635550293, 31.420382476108543, 31.241054929995464, 35.73769835191282, 27.71807167772677, 48.89352805837674, 49.79190222381464, 54.49497099810899], [34.38974007534821, 52.81698369333782, 19.960211800604117, 79.0425266486793, 78.31243185818485, 59.810594300242975, 60.49602271302983, 66.76109796465799, 15.725056526198422, 37.945042263566855, 49.65416195329291, 69.381213591928, 57.79284881535966, 0.0, 17.644238806386127, 76.51934891551268, 61.57410858200935, 44.875357589185796, 69.32039059737271, 95.43377960920712, 9.17366931677478, 44.6142941560035, 71.88373123400517, 58.196446976044136, 10.604255998513244, 38.416010576496916, 82.46250664655471, 37.89578809970601, 9.767573314313285, 5.362950129022187, 67.75653615909059, 21.234254500355558, 45.79170142405244, 52.18839954561901, 28.979608200126652, 49.42487505346543, 42.89876289043944, 70.12222427692849, 10.909262275758632, 72.00681436799829, 63.43834769778353, 51.73142986890063, 43.233981372105895, 24.746075287684036, 31.937129807310058, 72.62782857527519, 35.92691773347739, 86.24066264697842, 23.132375535726037, 56.06140368395542, 46.08510444688266, 53.91840254414128, 48.34924137862959, 27.181751759936756, 12.143360408148423, 51.137244728003516, 20.239256367506236, 27.89495332549402, 52.55411529314038, 58.336822624726864, 89.03308509072583, 26.657147020814953, 91.41707972799189, 55.41010046652323, 19.427696737880723, 34.54629755918512, 72.3151333998831], [30.85055014445616, 35.258254500679435, 19.155265661416948, 71.5883840620012, 60.71561450830803, 42.74271329229725, 62.13084783599519, 61.48823403275293, 13.925066029736024, 21.87617933368514, 54.71790291763376, 51.87644156019545, 40.40254224863297, 17.644238806386127, 0.0, 61.547753911098305, 49.72045136821011, 27.83904403622695, 61.76300610211666, 78.22261463182821, 12.61065896715418, 40.46862527571761, 54.275355268590125, 42.97730169601918, 27.59715147583041, 20.841439434582636, 67.16234340865032, 33.434159623388545, 7.876744332937667, 21.41973853201184, 50.14890715511053, 26.23551351633978, 28.354798929815875, 35.51648339516836, 21.210583430686764, 37.8346319567737, 28.192469703695327, 52.837089747909424, 20.645865086496453, 60.06208543800376, 51.89910147335147, 54.597102737736265, 32.04476435816922, 8.64752141513416, 21.84904804756664, 71.77745816401021, 19.497917086419392, 68.93288181631242, 40.660076451924596, 40.41134038227026, 41.00204358402331, 37.869634430991944, 40.55721684026299, 39.17127856739574, 15.68413909770024, 37.45387624040148, 29.719867812948507, 10.388105950807272, 39.71337973478252, 42.59002410973122, 71.77795143807059, 9.163973206966599, 74.79803335265981, 39.31453384454398, 19.127451337614332, 32.118299489071205, 64.1558514204799], [84.82909113024198, 35.22537675346153, 60.66863402052685, 41.38021510081999, 32.97931865610055, 25.085391221752328, 68.65822870041318, 46.34582952538546, 74.62056146430888, 39.73140889847226, 74.70089357959476, 28.74591899146517, 29.85635244194511, 76.51934891551268, 61.547753911098305, 0.0, 79.79320928689768, 35.814990511142796, 37.87850066882354, 31.279888846608518, 67.69155852446399, 90.77546750343238, 40.44738900870726, 18.570990782069114, 83.23272419934334, 48.43172221987694, 6.343644833364677, 85.49279678705166, 68.08725249883757, 77.68441700513412, 32.47788610598302, 67.02723643421201, 47.14907848676076, 28.02115244762735, 49.87917810576477, 74.6992816916054, 62.3800102283636, 48.47081764319789, 82.15276752225135, 18.301151982992444, 82.03942449603083, 68.9757872794582, 35.603590904422795, 52.95681654592101, 71.57928400152613, 65.46136388447104, 42.24024124007233, 27.54638364522898, 96.00733664399307, 60.23709456280761, 89.76430149495202, 57.46549462350655, 39.05029019848508, 82.11903317741672, 66.52886645822547, 68.08978014303443, 91.17591500349923, 55.111725907625335, 71.78118273986772, 60.1873366455189, 27.999530461381603, 53.249429838188405, 21.446043927342313, 57.390667410618555, 61.29774333488865, 54.168300527527514, 35.98501236344424], [32.40111855654121, 45.39926343209128, 68.63903227393395, 108.6347113893094, 55.7974440232522, 54.87981445259232, 109.90139025447779, 102.93572699113874, 46.0313164115241, 53.473404555441206, 104.09682318196123, 53.32790265659288, 50.086679219886264, 61.57410858200935, 49.72045136821011, 79.79320928689768, 0.0, 49.928453768356285, 99.81928394826733, 76.18870558098749, 61.37045018127699, 27.390271204797166, 44.74176289913552, 66.19616077591853, 71.83139801966884, 38.989816425174915, 82.41743753007056, 29.28154333499873, 54.60759268153704, 66.86543008351588, 49.353646156533976, 75.95163375616733, 35.20170957773062, 54.910250373557936, 67.16885980377036, 12.167522372525983, 23.01870206623673, 36.51336482758336, 54.87973388607078, 89.16462003993408, 2.437582324037593, 103.25144113560042, 70.30134607134951, 51.50624481164304, 29.641029571660614, 117.28366991138907, 51.5951201374199, 67.8206230050395, 82.0100354751862, 19.557661117954428, 24.840721323916856, 22.410747192097194, 81.73922193664788, 87.79614776737998, 65.11163805302294, 13.63446860836371, 54.9710904513905, 42.74153234203435, 10.367196388430703, 19.81975102992618, 70.67457049915265, 47.02497640576506, 79.74058705579377, 22.40310014898088, 68.68886633189713, 79.60593709450416, 100.8598671796607], [49.10546940330506, 10.019877167360685, 35.19484936876527, 58.70769420581381, 34.47057843891615, 14.943815134622643, 65.48712744916567, 53.84754388183542, 39.63242401888323, 8.291317971285787, 64.15269704776364, 25.099468175721885, 13.325198065625576, 44.875357589185796, 27.83904403622695, 35.814990511142796, 49.928453768356285, 0.0, 50.004508722797716, 50.55963026051822, 37.34003663898861, 55.620367897484954, 30.799377478330104, 18.152836240851496, 53.69906530098763, 12.958698010959889, 40.74603061871475, 49.96282858998313, 35.3775939788186, 47.554879576136614, 24.33834787301347, 43.50612904960563, 14.762401452049135, 7.996346590505889, 26.843828025703047, 41.894207622974854, 28.73129294804006, 32.99701934299016, 48.196543158090364, 40.15169881209414, 52.35656972130385, 61.023149742125284, 22.171160606066092, 20.155234925501595, 35.923569917728145, 69.95604626214855, 9.309483775819938, 41.411353052339194, 67.02960617510719, 32.013836621168714, 54.86439681625823, 28.673029669200304, 33.676746229705856, 59.39206802287459, 37.92114608056395, 36.59121474918276, 56.474393620326246, 19.67643218731372, 40.26391870546936, 33.11774479689194, 44.17141997735831, 18.760502047566863, 47.002307642832, 29.381380862132218, 35.67569386947898, 38.0101315663928, 50.93871605289666], [92.00697434943427, 56.67652226062048, 49.39944969617287, 9.84812274121878, 67.66511202561992, 50.681210547109124, 33.79803582168445, 9.115428584741036, 75.37332228527474, 46.88909682170425, 44.0672836532265, 60.383700697231475, 54.45423727516632, 69.32039059737271, 61.76300610211666, 37.87850066882354, 99.81928394826733, 50.004508722797716, 0.0, 69.13520579013193, 60.49472648030356, 100.77256988570136, 71.71894523696284, 36.92281731381965, 71.33657308390677, 61.214228334806485, 42.714872266205695, 94.06985408980859, 64.676533188403, 67.76538070339609, 62.95790855571973, 51.20053355890611, 64.75908738231983, 46.5813081593139, 41.267646175525165, 90.90505698219306, 77.7274814085296, 77.85025620443466, 78.71578192447596, 19.679013793298665, 102.25471314600972, 37.360571436232554, 30.683351215218465, 54.42016217949325, 80.53629859429513, 27.76728300695631, 49.15778644756943, 64.94150177182519, 81.33081662523533, 81.91847554691512, 100.72323667217405, 78.59943617791465, 21.336877860992082, 61.665769378140254, 57.18976947018638, 86.31978642398896, 88.70026528176327, 61.476359798879244, 89.91092765895702, 82.85612020793185, 65.72538376450262, 57.58249943111748, 58.96749560874498, 79.20914145861605, 49.96033826656608, 35.671172066798746, 3.71884433754542], [92.66467853451893, 43.4623328593428, 83.81973892100325, 71.93770156671327, 20.768999808298588, 35.64147999618578, 99.40646916711648, 77.61809945511658, 88.72882308152997, 57.90833131921959, 104.16336527638866, 27.104898279389406, 37.894168823785165, 95.43377960920712, 78.22261463182821, 31.279888846608518, 76.18870558098749, 50.55963026051822, 69.13520579013193, 0.0, 87.75063519420996, 95.48425603088538, 31.652933841510833, 41.525794845689596, 104.10175138629499, 59.2369807310951, 26.762926053064078, 92.07968639674205, 85.89007956102218, 98.01412112249295, 30.03628079041235, 91.44902241045376, 53.955097911425334, 43.544290179347264, 73.67643401977746, 75.93048948661307, 66.93447034567141, 39.67657378807748, 98.08145027292765, 49.486614612733426, 77.89637114967636, 98.89783896940537, 61.530326015885315, 70.70937867707067, 79.96545604877532, 96.73969111693519, 59.644979763204084, 9.491857889119215, 117.41063291660709, 58.576077044934834, 93.74656337214323, 57.174504855013716, 68.09064219833199, 107.33298255921802, 87.8991841390298, 68.4831425470791, 105.48632044408212, 69.02047731571163, 71.56263677747505, 57.35690516644045, 6.496474838831843, 69.061074778416, 10.841867351317863, 56.320424145199546, 84.38997804527496, 81.12910179196922, 67.10389853900675], [38.03232388005482, 45.99045529022824, 11.570372521354534, 70.26865108214392, 71.45923300252684, 52.13511747018511, 54.26541528755679, 58.36606452146958, 18.478955077277565, 29.879589577195528, 44.88561549204247, 62.28409012875265, 50.548494866061, 9.17366931677478, 12.61065896715418, 67.69155852446399, 61.37045018127699, 37.34003663898861, 60.49472648030356, 87.75063519420996, 0.0, 48.26332601637596, 65.87477684260658, 49.51964491790691, 16.362969141706934, 32.82849269256291, 73.70864556477896, 41.232865684889795, 6.999829713396617, 10.279405349957715, 61.003906820744845, 15.562080382724945, 40.50696194977934, 44.24993751402582, 19.832809645637862, 49.279009379384604, 40.59109630045116, 65.03075496722974, 18.393561525827227, 62.83507423881342, 63.44464253767107, 45.92935207252938, 34.06894513378666, 17.36202978567737, 32.265436172709414, 65.55228722270769, 28.12154053274414, 78.71303281181162, 29.691338067308063, 53.00862875683504, 49.32920453790208, 50.48024861870435, 39.378146601501676, 26.69911985454359, 4.326835638269834, 49.639079809062665, 28.327039205710633, 22.716987574281372, 51.6443070150005, 55.19497891102951, 81.42428938471363, 20.324120522637436, 83.22354966147606, 51.92429294179257, 11.144694255457138, 26.437288697972296, 63.40928282098819], [10.282250849126847, 56.053070070425306, 58.5997846186213, 110.42380455517862, 74.77179561860697, 66.36952225641728, 102.07697146639585, 101.47898286179593, 29.83098495265174, 55.02801939647816, 93.13329143884549, 69.4073479931648, 61.9496985817057, 44.6142941560035, 40.46862527571761, 90.77546750343238, 27.390271204797166, 55.620367897484954, 100.77256988570136, 95.48425603088538, 48.26332601637596, 0.0, 64.29991257105063, 73.77025203832278, 53.21795098509044, 42.665804311316904, 94.923153198268, 7.085711140891229, 41.42602944997242, 49.83671147413115, 65.8702637713837, 63.8125798400113, 43.94475812004989, 62.931122089996286, 61.55392129111546, 20.40012835416299, 29.05965603464232, 57.62615295550884, 34.965005698602155, 95.17217483740755, 27.84702568395383, 94.04643308591741, 70.12985952198504, 46.54956304516761, 20.33354060430363, 112.21929909843168, 52.470482490780824, 86.27639941536496, 60.58513198386804, 37.673308952702435, 2.577149564781693, 38.47661506955222, 80.12339448493408, 71.72182167586055, 52.57102534105791, 27.630621996450298, 31.28276395649464, 39.377426456417105, 25.381679704139096, 39.41082868998167, 89.31043139137745, 43.19007453616362, 96.51528622226535, 39.50086424862017, 58.39537118445501, 72.4914950717098, 102.73267604401322], [62.44494691101819, 20.819741880251996, 65.65075114278544, 78.23584060509559, 11.055864574735397, 21.44663263174041, 94.11202564009513, 78.03597821232854, 61.94118942861246, 39.044322798313516, 94.3850507852946, 11.843436967203498, 18.960498880977585, 71.88373123400517, 54.275355268590125, 40.44738900870726, 44.74176289913552, 30.799377478330104, 71.71894523696284, 31.652933841510833, 65.87477684260658, 64.29991257105063, 0.0, 34.9972884808214, 81.79406144775585, 33.47185550929581, 41.025751884850905, 61.451210978370355, 62.131857746777335, 75.57928597337245, 8.762702017828802, 74.065663897713, 26.357801698078358, 28.079726592320263, 57.64076538988534, 44.420922352170855, 36.56337905698271, 8.671166826639782, 71.99200953121812, 55.24679640469498, 46.564188932461505, 90.71001282256708, 50.68453903367867, 48.70965769838212, 50.475237350305704, 96.15596639810715, 39.54553042402981, 23.078881770291904, 94.93340419480388, 26.97820356420169, 62.44175209404684, 25.823663267031524, 61.08755876641667, 89.79215167516527, 67.32798574033909, 36.96808283545056, 77.97628965448268, 43.99837508450771, 39.95147381246466, 25.705310995816262, 25.946422333160843, 45.592712593614195, 35.24586446460933, 24.848055616165095, 66.08825386500166, 68.47886241638852, 71.26298841026278], [67.14362425987096, 20.96113010718718, 43.44157083458527, 44.20004893306345, 32.652675977779914, 13.759316073988314, 60.59561861895783, 43.042547202815705, 56.100849641332346, 21.172504847048042, 63.36034350877471, 24.190870339037968, 17.689745049691695, 58.196446976044136, 42.97730169601918, 18.570990782069114, 66.19616077591853, 18.152836240851496, 36.92281731381965, 41.525794845689596, 49.51964491790691, 73.77025203832278, 34.9972884808214, 0.0, 65.37410376375152, 31.1045786218528, 24.29602638005487, 68.09155818005637, 49.586480362220016, 59.6493365254939, 26.287366429930366, 50.52602691086172, 31.49369639570059, 11.354711411667074, 32.84238727194731, 59.34009951719023, 46.393481768765646, 40.93044456079255, 63.589048330317766, 22.988111040275264, 68.57152842451049, 58.61537199545342, 20.004744446336282, 34.39383214333046, 54.02512231662608, 61.343733384669996, 23.705747853503066, 34.043843464869546, 78.37924562491686, 47.11076465866033, 72.98809040512464, 43.95850337837349, 27.7306430853791, 66.20079760333955, 48.68648797953059, 53.42022168742141, 72.61208367573259, 36.790070906643486, 57.15130775958027, 47.63812364420374, 36.018404787217634, 34.73241783579589, 34.73882850830609, 44.26882016074266, 44.05052579263271, 39.60692019670256, 36.82813030005753], [43.242641094291436, 62.22060613744691, 23.1908885150778, 80.74622266577568, 87.72416460705898, 68.49524771157576, 57.28274956242241, 67.47202387417305, 25.801315355736186, 46.20698353023363, 44.84116584426222, 78.6011850045305, 66.88386182798767, 10.604255998513244, 27.59715147583041, 83.23272419934334, 71.83139801966884, 53.69906530098763, 71.33657308390677, 104.10175138629499, 16.362969141706934, 53.21795098509044, 81.79406144775585, 65.37410376375152, 0.0, 48.42644019388845, 89.36483724956612, 46.85174741426802, 19.8774613013567, 6.220943971213955, 77.23021883344946, 20.26598711477123, 55.945933756722646, 60.581324046096, 33.76919828455673, 59.722582592062615, 53.50207109267422, 80.39327242884227, 18.253083262416794, 76.70045429231325, 73.62851034797136, 48.16984803295023, 48.471747464498016, 33.65262078932069, 42.25948121087174, 70.49765875036509, 44.48353163888039, 95.07571126598162, 13.33086169727151, 66.65732629198503, 54.934781689899125, 64.4867094832113, 51.36486307638888, 19.35324987860277, 16.710056190324917, 61.677237365532626, 24.774534736782734, 37.97949104659446, 63.00328201503391, 68.92977462872035, 97.78333865770404, 36.240896764183915, 99.41860955045877, 65.97559854013184, 22.555828044502444, 35.66846744317982, 74.61773164358193], [36.41309484130558, 15.825836267287201, 34.885397556231126, 70.34316260408556, 40.5273834345999, 25.262340177986463, 72.09813762405807, 63.966096874196985, 29.516457131022097, 14.494739978546079, 68.26891713708945, 32.24035130699797, 21.688726032217684, 38.416010576496916, 20.841439434582636, 48.43172221987694, 38.989816425174915, 12.958698010959889, 61.214228334806485, 59.2369807310951, 32.82849269256291, 42.665804311316904, 33.47185550929581, 31.1045786218528, 48.42644019388845, 0.0, 53.02456584426614, 37.0968743393601, 28.674184626477917, 42.23110839105983, 29.98035399403149, 43.269221358197996, 7.728872133328582, 20.417624276828242, 29.966797455927356, 29.718063073000195, 16.5150308880766, 32.21238261457662, 39.129973395095085, 52.90518694765249, 41.4221966575293, 66.3125450663098, 31.315790437608324, 16.52153706137301, 23.148928600883778, 78.5296195068189, 12.647684889465758, 49.77086392098272, 61.49347321333131, 23.497107102343893, 41.90998536327926, 20.302729040191636, 42.758497453227484, 58.17642485466137, 34.840818756976695, 25.359966588941727, 46.25039351119549, 10.526681125929745, 28.83277980761334, 25.242383973444085, 52.74061021677821, 12.6030969708977, 57.39734613571452, 21.48280197839908, 35.18198089194662, 42.439330407229335, 62.537894939163415], [89.41333332011412, 38.9377726311001, 66.90537010026141, 45.17626884599109, 32.25745138421623, 28.611992304904167, 74.3380247234143, 51.4485045588692, 80.00751501876817, 45.289112611512145, 80.78770490946623, 29.849585320011453, 33.213968623711224, 82.46250664655471, 67.16234340865032, 6.343644833364677, 82.41743753007056, 40.74603061871475, 42.714872266205695, 26.762926053064078, 73.70864556477896, 94.923153198268, 41.025751884850905, 24.29602638005487, 89.36483724956612, 53.02456584426614, 0.0, 89.89285889580385, 73.87667214676772, 83.75951067360575, 33.79219367680063, 73.33868588880529, 51.02825194839289, 32.794062046973224, 56.125089398227956, 78.11828179245434, 66.1909327889993, 49.431969693038276, 87.80254809059602, 23.05398501520177, 84.59140597910115, 74.96950838046803, 41.91865622275962, 58.629244335252906, 76.13037244267024, 70.4614014858544, 47.731242562924265, 24.718898637671046, 102.19965537228452, 62.90637525989359, 93.78879823166314, 60.32563881885949, 45.29029879735751, 88.45921100149593, 72.65509364076631, 71.27133103294798, 96.67577421984605, 60.29211082941932, 74.90889979361843, 62.639063714311284, 24.530799821624726, 58.67279393027529, 16.28241452952735, 60.10595033890885, 67.53239543742743, 60.507265089589815, 40.4826137963339], [3.6389252770815474, 51.29257241357311, 51.51532888748227, 103.76377843929299, 71.54213055936863, 61.52236398819376, 94.9922176125987, 94.59157112503982, 22.849419201389114, 48.77003513244663, 86.1154160948781, 65.51458678422078, 57.27668706949916, 37.89578809970601, 33.434159623388545, 85.49279678705166, 29.28154333499873, 49.96282858998313, 94.06985408980859, 92.07968639674205, 41.232865684889795, 7.085711140891229, 61.451210978370355, 68.09155818005637, 46.85174741426802, 37.0968743393601, 89.89285889580385, 0.0, 34.368965931536984, 43.17591253285856, 62.161624803550886, 56.79086009885669, 39.279535700316224, 57.504794648213895, 54.56468705087896, 19.67893710935984, 25.14549955707665, 55.43264119984583, 28.66264897411265, 89.0613862697734, 30.28502228838715, 86.97501362754893, 63.487182383443326, 39.7251063844519, 14.104791712699386, 105.15791604457526, 46.17347898381534, 82.73418870952402, 54.97427426445105, 35.68151499140364, 8.196287389562407, 35.883151402898044, 73.2962529515512, 65.06550533032902, 45.53246076569956, 26.04087371649979, 26.304436353427988, 32.867701639291575, 24.670559441347212, 37.66597827066469, 85.78238233435303, 36.529549216315345, 92.41990110812579, 37.08397346998956, 51.31281851096057, 65.42168352239668, 96.1066299267265], [31.245552507198788, 43.090740365232406, 17.463080730907937, 74.5168799927906, 68.57007079913537, 50.319686984000164, 60.802798795249736, 63.316130602397145, 11.839590412630848, 28.833557616426134, 51.80501826773754, 59.68404592711412, 48.14750876183363, 9.767573314313285, 7.876744332937667, 68.08725249883757, 54.60759268153704, 35.3775939788186, 64.676533188403, 85.89007956102218, 6.999829713396617, 41.42602944997242, 62.131857746777335, 49.586480362220016, 19.8774613013567, 28.674184626477917, 73.87667214676772, 34.368965931536984, 0.0, 13.788027033388767, 58.00821789473613, 22.505368840602028, 36.11007599520806, 42.871652060812195, 23.41219534230375, 42.47732423585477, 34.40358835652588, 60.522593605841884, 14.546034449324269, 65.09439957513328, 56.643278982696536, 52.636456308830006, 36.43401646580005, 15.431710970218676, 25.329400341069896, 71.64943242150326, 26.65018911664232, 76.64555408829642, 32.822792416309646, 47.21224550096596, 42.422945661756195, 44.87542373272148, 43.35047245345125, 33.219580151034705, 11.208198320689837, 43.192349611874675, 24.369222177011217, 18.167626396523588, 45.027729987795695, 49.4497701071473, 79.46534681864706, 16.937720908807325, 82.17312359392517, 46.350046306735955, 17.175290455250476, 32.071441826653, 67.37412458741896], [39.645776172630576, 56.01076422395887, 18.625058953793598, 77.35423716772392, 81.51842258416498, 62.38777845368489, 56.613082440497045, 64.55877107913102, 21.08497145576435, 40.15772126283961, 45.18111