instance_id,num_cities,city_coordinates,distance_matrix,best_route,total_distance
2153,62,"[[83.94014940166112, 50.10370286330463], [89.95615636715534, 38.035862284919084], [69.64503449544976, 67.58096384723025], [59.8620588215366, 22.888073775846507], [15.977896574126472, 43.28011829627416], [61.367064741058975, 8.217836563308223], [7.760838772240197, 41.21368704530573], [78.6030640016252, 50.43967470643502], [49.69800315252206, 77.47458107439142], [26.200141514185848, 54.813250215959265], [87.9491856653981, 22.389764439887117], [38.11165321372639, 38.1039252306821], [10.378125868290489, 82.42224549819484], [4.281891892999646, 65.46138091537894], [73.66828373181335, 71.99949988982954], [23.710925557916596, 50.08440530805602], [71.12752285688543, 72.77310864436211], [49.159809846624114, 64.90858621187265], [95.23690779735593, 73.08673263126965], [44.29735528201992, 47.063889663850844], [31.069949761449344, 61.18125693275115], [54.14005830773234, 88.38267648498395], [12.421360033054318, 16.320299368816592], [41.99681479573961, 41.99434092151324], [29.551628112280536, 63.974821249230715], [92.28690887907317, 41.50767391254079], [40.92961457226792, 84.22877468297843], [38.34483125872518, 57.913326024965365], [84.04842829197611, 2.365989641000643], [11.579344106719825, 27.696465632253076], [65.17900859432083, 65.10176862470773], [84.99612545924433, 63.921710994636314], [48.788053260902146, 40.468606762207656], [35.37712631295784, 65.42373816762631], [5.860782036035395, 72.62374485187681], [1.963844173276419, 65.9632960077389], [74.03725963340845, 92.62475979557236], [55.080069463096834, 35.258341999542495], [87.77624175430628, 18.809660660789973], [27.006831205595105, 59.25207811315624], [37.78619586614259, 75.24215321160665], [13.94800632598604, 15.87153102260973], [24.346493529250978, 20.0150158630121], [64.14247956094958, 3.2888687080132373], [15.040993044588792, 5.9910425552409325], [4.590601118910698, 94.25042908361009], [61.785970182221384, 86.92178635869368], [12.439223924220633, 15.790815112048106], [66.51049055813205, 21.21845862679027], [99.90111744885168, 10.223696827907924], [57.87307159562387, 0.8355081656871377], [2.6576315159825947, 11.03316487831243], [78.31216617829321, 25.92949726198067], [15.368927275819955, 73.07065884693473], [10.54096519113552, 96.26072149211213], [40.82041783543251, 72.2425856779063], [65.48638328261563, 88.70855805355568], [86.78627913452746, 35.63032776981749], [7.653965905276494, 61.39089304648751], [18.000952685447956, 79.3311756722465], [33.86687142564211, 26.34607237022708], [6.824258313555342, 84.8365035578009]]","[[0.0, 13.484254374425156, 22.57886094740022, 36.337926641606536, 68.30394656048183, 47.58119320483553, 76.69628249933679, 5.347649731111133, 43.83707966771479, 57.931755947084866, 28.0024062305534, 47.373470699115295, 80.34836342059114, 81.1251888408735, 24.185473982665172, 60.22922693523072, 26.03968812106114, 37.80021945079655, 25.60930314487037, 39.7591698844409, 54.018239643266426, 48.51108379263108, 79.09649539911698, 42.720078054320865, 56.12948577460675, 11.981657126463686, 54.903794340722385, 46.25930447469666, 47.737836021472795, 75.75071236140968, 24.01920858346962, 13.858298385867489, 36.4486617033676, 50.92220236045953, 81.26216770049513, 83.49635509173008, 43.658991151872904, 32.45441346312765, 31.528283840240835, 57.66364097528527, 52.5559617253157, 77.91496442440717, 66.75876650778395, 50.828893634519105, 81.81088281011836, 90.80354755540746, 42.9695116234813, 79.30798578933164, 33.73648384175353, 42.95541156113763, 55.739102559229856, 90.18511325197949, 24.820685156086917, 72.31523747444552, 86.70588567952439, 48.47103653340082, 42.78874067131076, 14.750560703006506, 77.11668078097892, 72.12643641811852, 55.42344426241731, 84.57675864205362], [13.484254374425156, 0.0, 35.85323831977467, 33.69139658430335, 74.16390728054655, 41.3092098440527, 82.2567249818317, 16.81509050967053, 56.35717736019048, 65.92655137136084, 15.774292667946348, 51.84454783090012, 91.11977805522812, 89.95687114021518, 37.667273253353635, 67.33199829167182, 39.511944073921455, 48.85166507579371, 35.44643631882115, 46.54279100877713, 63.27159411468772, 61.78668610872457, 80.51838495234323, 48.12242717361727, 65.73839537018083, 4.181612517857257, 67.36012883138383, 55.30680287437458, 36.155788823418334, 79.0558525553214, 36.69428208523897, 26.35676516626807, 41.239919484146334, 61.06526235940996, 90.93048776046925, 92.3178669574181, 56.86263276219546, 34.986512496605314, 19.349389050070233, 66.42849804388311, 64.07817774561434, 79.17383692222, 68.03953823671533, 43.28625039072779, 81.4809926740856, 102.21230622193006, 56.42156469153172, 80.64562566615601, 28.853497379500606, 29.536736419662542, 49.124237144748946, 91.37930897322208, 16.79721945998635, 82.40565340839893, 98.47287351967154, 59.870031955412976, 56.27159044553179, 3.9792861135230853, 85.55178558450542, 82.9629691165497, 57.2944942686459, 95.40027514398012], [22.57886094740022, 35.85323831977467, 0.0, 45.75107688316384, 58.91258598260441, 59.93751466470508, 67.2672800569327, 19.340891552404045, 22.26584202839229, 45.28215142331047, 48.75742460309581, 43.16537895883705, 61.09689107690591, 65.39750027847568, 5.975784063840418, 49.15355454694925, 5.3996425192947415, 20.658800331549106, 26.177422886986413, 32.61066044337706, 39.102345336648845, 25.94447022479677, 76.82580713371456, 37.670934754877905, 40.25525431348139, 34.53217229804926, 33.19224227116214, 32.75921158579295, 66.78660504604953, 70.44428719335842, 5.108012950348987, 15.781195303839057, 34.2066305403506, 34.33574163807212, 63.98328298913031, 67.70051973703876, 25.42603699290774, 35.452645733460926, 52.032496491781856, 43.444064236190364, 32.76704779630092, 76.00016046005415, 65.68468026338971, 64.52713854028647, 82.30990066523458, 70.30888761697935, 20.876597119726924, 77.16685991488599, 46.46834681813309, 64.8481814364056, 67.77562220040267, 87.66393629174239, 42.54366980303781, 54.55302526997501, 65.69489711460352, 29.19913087215405, 21.53298903675852, 36.25831509499552, 62.299354422576286, 52.963937390746466, 54.59297782471641, 65.14755230090195], [36.337926641606536, 33.69139658430335, 45.75107688316384, 0.0, 48.390651740600894, 14.747233730091228, 55.2301116450708, 33.32140436714086, 55.52472248194424, 46.39333537847058, 28.09154688758648, 26.544345529695853, 77.41432182217588, 70.01172356542149, 51.015135217132965, 45.238754238527235, 51.141249337152054, 43.361983332260564, 61.410791323229006, 28.752914115333176, 47.909846800174634, 65.74408166449456, 47.89316822054207, 26.157530241650473, 51.05725244979656, 37.39064602951004, 64.1959424966242, 41.10668287644014, 31.719653298835105, 48.521553689851494, 42.547220681016086, 48.11944190399536, 20.77760186454383, 49.07947295152813, 73.41508613253401, 72.16424342971335, 71.16278307564087, 13.262388855346305, 28.21054877773907, 49.00823189158333, 56.81807246634842, 46.44708913131341, 35.6315848623255, 20.061177457900577, 47.90028811449469, 90.26361277749001, 64.0626082989637, 47.950978616071545, 6.854871209740388, 41.994197923535246, 22.142080303693863, 58.41990558298811, 18.699110093741172, 67.06661314813394, 88.40879882564862, 52.900396374074944, 66.06034495970826, 29.787223373610022, 64.8702709855639, 70.27215635388082, 26.224178195444175, 81.55131044424823], [68.30394656048183, 74.16390728054655, 58.91258598260441, 48.390651740600894, 0.0, 57.35451322440071, 8.472908416507229, 63.033093239286, 48.024023908273286, 15.411275855406291, 74.9417996695066, 22.730951533829746, 39.54065697290926, 25.075983268431084, 64.44364708425532, 10.300391206300924, 62.54052892964999, 39.6084586016627, 84.67836275105448, 28.571115961232163, 23.41411612449532, 59.08122665744039, 27.193396050682615, 26.050668492006864, 24.749079138040408, 76.32959398588422, 47.951858055086376, 26.72845928249761, 79.42016879842957, 16.19251352203791, 53.82317202729823, 72.03881778293973, 32.9303959726718, 29.43925976424851, 31.03875683740447, 26.66308713903291, 76.19569071505146, 39.91652314009493, 75.85384411816105, 19.409814514757834, 38.69332751184736, 27.48365169983013, 24.724449563690907, 62.60293202338968, 37.30084392938279, 52.22684251935963, 63.26906668313553, 27.716132372275396, 55.13855168685961, 90.19885809854898, 59.6384994715614, 34.889761620845206, 64.70398146451741, 29.796764084491322, 53.258844691357965, 38.1572454384557, 67.19250996164382, 71.22040673794811, 19.932084282201565, 36.107776087086904, 24.632850680821143, 42.552582170883916], [47.58119320483553, 41.3092098440527, 59.93751466470508, 14.747233730091228, 57.35451322440071, 0.0, 62.947228784517556, 45.60442178884232, 70.23292432065263, 58.37675104616947, 30.12395546031666, 37.86809291659307, 90.03425010931564, 80.84268877938374, 64.95706709324405, 56.30980728646551, 65.28897070784389, 57.990155783321626, 73.17882170228056, 42.43101250861431, 61.01671142660843, 80.48994459965319, 49.61181223134099, 38.93660012897874, 64.19550879264072, 45.43401844716632, 78.7105589056141, 54.769196701693254, 23.424097953410993, 53.462455203334464, 57.01151324694281, 60.508298084517776, 34.61710138414447, 62.833049248460085, 85.02392864485566, 82.84491958034006, 85.35257774752587, 27.761758659568624, 28.454022004437707, 61.52332451338963, 71.05150525546502, 48.03276110998036, 38.85480835466711, 5.656646669273207, 46.37955940261679, 103.07848367725161, 78.70506460935782, 49.51043941531469, 13.981094491248887, 38.58622414137002, 8.167420686524615, 58.77689701856476, 24.512025363544645, 79.50922719045047, 101.66042485670289, 67.2408595888818, 80.59606089175448, 37.38423644436333, 75.58088992798321, 83.29301695846215, 32.93772253597012, 94.0496563789634], [76.69628249933679, 82.2567249818317, 67.2672800569327, 55.2301116450708, 8.472908416507229, 62.947228784517556, 0.0, 71.4404627908738, 55.43986103921406, 22.911918384144975, 82.36814335477168, 30.509712483162115, 41.291590929732045, 24.49599415017409, 72.74309296144351, 18.2508879501163, 70.790774424004, 47.70034646133558, 93.10184577661039, 37.00191764419026, 30.692319924001954, 66.15093022385891, 25.32589995310101, 34.24487516046838, 31.510438434130037, 84.52658135748393, 54.3181871250244, 34.84621268465681, 85.60922793921327, 14.046218627051859, 62.189120167931755, 80.50430958220242, 41.033979496594455, 36.725820792420315, 31.467474430162547, 25.419447086311056, 83.87885528248408, 47.69251228220846, 83.09275006052279, 26.37786528628621, 45.381258006444035, 26.0865082795071, 26.915935867321444, 67.94984373744869, 35.96714238166118, 53.13140702838791, 70.7668366306441, 25.849752512646795, 62.05909074802945, 97.21219289923481, 64.35552197115247, 30.608930764936797, 72.18792320110606, 32.75285732646982, 55.117194270870954, 45.340140253286215, 74.75293479930829, 79.22243448198624, 20.17748903664227, 39.46901154298686, 30.042817894250547, 43.63286953018803], [5.347649731111133, 16.81509050967053, 19.340891552404045, 33.32140436714086, 63.033093239286, 45.60442178884232, 71.4404627908738, 0.0, 39.57762884527728, 52.58511622086698, 29.56598478176289, 42.32877346112106, 75.34936640574543, 75.82406135935851, 22.11737141366163, 54.89328810764296, 23.551347877912438, 32.80631974769761, 28.099359282225365, 34.47140228375017, 48.73169951986406, 45.145432011958874, 74.45904722471835, 37.567820587068134, 50.88461019543575, 16.34099901512102, 50.606245356983216, 40.946071455177204, 48.38110362553956, 70.7773451574915, 19.879191674880225, 14.92100992819426, 31.43814659641738, 45.7493589777339, 76.04980311466463, 78.19560623337007, 42.43145028757071, 27.996502188969966, 32.93334144313307, 52.34338250958686, 47.761696623852, 73.31598080081734, 62.20478522720244, 49.31842463691148, 77.56170294971285, 86.00713261737282, 40.17162076813054, 74.68732961473388, 31.624512670704743, 45.50749341995334, 53.76156548460177, 85.56039815396619, 24.51190363685077, 67.16187527627099, 82.0488733805899, 43.62218791108051, 40.45435385369498, 16.919863078655915, 71.78930076144226, 67.1366868711573, 50.81169746948796, 79.59484142226708], [43.83707966771479, 56.35717736019048, 22.26584202839229, 55.52472248194424, 48.024023908273286, 70.23292432065263, 55.43986103921406, 39.57762884527728, 0.0, 32.644837537499285, 67.06332818530792, 41.040127271586684, 39.62993985483198, 46.978081484856496, 24.58761609077815, 37.75645548007377, 21.93919227706489, 12.577514814913226, 45.74980929152686, 30.886520514429687, 24.74826831770687, 11.777877545997828, 71.61978981525264, 36.30641463175, 24.251184354564828, 55.744356680961346, 11.068142102295612, 22.61718840083347, 82.59087246402753, 62.69683360761508, 19.81787116226289, 37.81055045591171, 37.01716012337067, 18.716578966720867, 44.10479075195125, 49.1025418623276, 28.66927486571807, 42.557930863661895, 69.93943910376035, 29.102386474260665, 12.119194981119037, 71.2249819149128, 62.803667683182006, 75.57885165852029, 79.4418317314012, 48.1259472078239, 15.341728539993344, 72.06319180330864, 58.714657842852915, 83.92278663738625, 77.07385575118901, 81.40797473125305, 58.954779203164335, 34.61040279358011, 43.430319981595645, 10.304625024281355, 19.377182093914634, 55.91495104115486, 45.01539835019471, 31.75137716403853, 53.52335129703328, 43.501217214792455], [57.931755947084866, 65.92655137136084, 45.28215142331047, 46.39333537847058, 15.411275855406291, 58.37675104616947, 22.911918384144975, 52.58511622086698, 32.644837537499285, 0.0, 69.74400966003829, 20.520371644585264, 31.821263324913165, 24.367854929159293, 50.48357855229279, 5.343984490990584, 48.38415142462068, 25.081111993010854, 71.41425108771853, 19.686587696329127, 8.0166415605428, 43.67545455357947, 40.88474145723946, 20.343532688876557, 9.755349620330724, 67.41290070533108, 32.89727125824525, 12.53411181586887, 78.08418165635773, 30.807267372963977, 40.31383992995442, 59.49732587120427, 26.75785030402672, 14.028524675437678, 27.0352226393177, 26.678111439075977, 60.97622591339701, 34.877566911795526, 71.32933885603073, 4.511534257784159, 23.485670802684485, 40.82367340653719, 34.847569856945334, 63.98736520776008, 50.08127949077194, 44.96958208760799, 47.93025448732838, 41.37769078086369, 52.474129454088846, 86.13978247632201, 62.58411249502047, 49.708607395371075, 59.58132508847887, 21.22847549391613, 44.30691456538016, 22.749378328971773, 51.887384648804016, 63.55048847432774, 19.678059226521906, 25.852569816738878, 29.481502031541126, 35.73262642226121], [28.0024062305534, 15.774292667946348, 48.75742460309581, 28.09154688758648, 74.9417996695066, 30.12395546031666, 82.36814335477168, 29.56598478176289, 67.06332818530792, 69.74400966003829, 0.0, 52.25623876849912, 98.08755323721007, 94.10302966965881, 51.62431608699469, 69.95389334735631, 53.117320271921685, 57.55402576091406, 51.21809716956186, 50.142743756071646, 68.84785666119883, 74.14931916665688, 75.77130625110453, 49.959581739307694, 71.69094557896425, 19.603833943467194, 77.68463975347427, 61.01242007814195, 20.400182971797758, 76.55399256239143, 48.40244069602634, 41.63680041991354, 43.13280457978349, 67.939269346647, 96.23907105977973, 96.39570324869963, 71.59955487663787, 35.29842897820312, 3.5842785418392618, 71.22359676715824, 72.86769204851487, 74.28769689865165, 63.647009967231625, 30.522180022133156, 74.7296636596406, 110.05729753465468, 69.63401250357808, 75.79776022011121, 21.47066848540371, 17.054673098467084, 37.002143195657744, 86.04430000194455, 10.266540461452722, 88.52370849549989, 106.9997705268741, 68.60338579516828, 70.01971063393724, 13.291533729913885, 89.26595290991301, 90.19467617409605, 54.226829945769325, 102.37601801351012], [47.373470699115295, 51.84454783090012, 43.16537895883705, 26.544345529695853, 22.730951533829746, 37.86809291659307, 30.509712483162115, 42.32877346112106, 41.040127271586684, 20.520371644585264, 52.25623876849912, 0.0, 52.28060874123284, 43.50727677708053, 49.12416874893243, 18.732668253646047, 47.87483605053343, 28.992268198635315, 66.98575613420431, 10.887785482885844, 24.12776048449444, 52.77179736894997, 33.68259965321296, 5.498164672489956, 27.250271384702533, 54.28207652158254, 46.210849843031816, 19.810773125479475, 58.20126583504799, 28.50050248403835, 38.22990027750175, 53.52300252689658, 10.935137708912151, 27.456325615068216, 47.24125991545779, 45.6377983531016, 65.29295979103745, 17.20536235995167, 53.28076576212184, 23.886427991074264, 37.13965401088469, 32.8353648242034, 22.73077788486102, 43.47058868931863, 39.54102419470798, 65.39182539469444, 54.25547759478847, 34.01394579861266, 33.039566355283114, 67.78823663626811, 42.18351060538707, 44.60732810424222, 42.003546742857374, 41.71215701539174, 64.3611357065156, 34.245956592080724, 57.53437850087895, 48.73743830904857, 38.33997373804092, 45.87075816584647, 12.500611037727808, 56.23908744582848], [80.34836342059114, 91.11977805522812, 61.09689107690591, 77.41432182217588, 39.54065697290926, 90.03425010931564, 41.291590929732045, 75.34936640574543, 39.62993985483198, 31.821263324913165, 98.08755323721007, 52.28060874123284, 0.0, 18.023179410917187, 64.14263565216464, 34.9785570846862, 61.51093460923758, 42.55287621057734, 85.37074833321545, 48.99721881218664, 29.653518699520458, 44.16597636623183, 66.13351712969212, 51.32403879228588, 26.606966187853153, 91.55900230094849, 30.604852715292317, 37.18633813836227, 108.79484161057381, 54.73896150998713, 57.472912460368086, 76.87727648579225, 56.88084322067865, 30.230767021362034, 10.789671459998587, 18.485052198260856, 64.47151781766406, 64.98228646626278, 100.18497538254508, 28.519651082115463, 28.33294948026209, 66.64639257824155, 63.95136906939677, 95.66972901710446, 76.57330548964701, 13.168195383383795, 51.60438280767105, 66.66330055210345, 83.04664889731364, 115.00867989690612, 94.40426673729293, 71.80534008551236, 88.354198746417, 10.600012810625481, 13.839434037535264, 32.09919958923456, 55.465644869479426, 89.59737412589722, 21.207046787613407, 8.225703699578737, 60.79686143655624, 4.296349214737085], [81.1251888408735, 89.95687114021518, 65.39750027847568, 70.01172356542149, 25.075983268431084, 80.84268877938374, 24.49599415017409, 75.82406135935851, 46.978081484856496, 24.367854929159293, 94.10302966965881, 43.50727677708053, 18.023179410917187, 0.0, 69.6937470088491, 24.777786987152027, 67.24432869278112, 44.881322416306695, 91.27409767810768, 44.04208208734091, 27.127836361753502, 54.8746075050052, 49.81060968477354, 44.419785857580536, 25.313423874163195, 91.20670531214745, 41.17366447627277, 34.88920994894826, 101.70412346191343, 38.46351043720792, 60.89817849110049, 80.72891727040032, 51.043483027485536, 31.095257204413205, 7.334326911354626, 2.371763898631726, 74.8576013560988, 59.098886657826775, 95.64355420766577, 23.557977588299835, 34.90274905269523, 50.52313312354025, 49.67857018166334, 86.30591654184177, 60.435746063562654, 28.790703288021565, 61.3780744377371, 50.33594315288631, 76.35335398304527, 110.42752392066099, 83.95545229809866, 54.452446434939276, 83.92408078699232, 13.447061545912977, 31.42889400715591, 37.16246245981505, 65.47076455300751, 87.73178241591405, 5.285806904822115, 19.50855800987155, 49.04363747245206, 19.541212972209816], [24.185473982665172, 37.667273253353635, 5.975784063840418, 51.015135217132965, 64.44364708425532, 64.95706709324405, 72.74309296144351, 22.11737141366163, 24.58761609077815, 50.48357855229279, 51.62431608699469, 49.12416874893243, 64.14263565216464, 69.6937470088491, 0.0, 54.55280933410384, 2.655924759599543, 25.513650247842598, 21.596009333086563, 38.52838038829063, 43.95056811611249, 25.49039159294614, 82.77293659899217, 43.62787536979787, 44.84054828319273, 35.726805815849765, 34.94818479269728, 38.02849706167338, 70.40293424754138, 76.27447324102934, 10.938303751765508, 13.912967750880235, 40.16494852120653, 38.85168437407529, 67.81037507635223, 71.95806007467156, 20.62856004173341, 41.175652913083454, 55.029023948962596, 48.37135426891543, 36.028308733063625, 81.95645442909645, 71.65909271209073, 69.36780076163026, 88.28519498203836, 72.57292942382544, 19.075219756261333, 83.11686958355543, 51.28302014191145, 67.11491197022542, 72.89583283385295, 93.59170226496687, 46.30346408538701, 58.30919605597701, 67.62887859318141, 32.84876534433196, 18.604733797594765, 38.66262386440799, 66.86129446293741, 56.148065110065154, 60.56721774898889, 68.06550078628844], [60.22922693523072, 67.33199829167182, 49.15355454694925, 45.238754238527235, 10.300391206300924, 56.30980728646551, 18.2508879501163, 54.89328810764296, 37.75645548007377, 5.343984490990584, 69.95389334735631, 18.732668253646047, 34.9785570846862, 24.777786987152027, 54.55280933410384, 0.0, 52.565301849180756, 29.451690121436254, 75.13370214225338, 20.80684030655143, 13.315230122257733, 48.915127466331086, 35.60153282678068, 19.995571684659065, 15.06842597444715, 69.11024388536305, 38.24030872501008, 16.596481423838316, 76.92633768714403, 25.463603661587516, 44.10354987638108, 62.827913825063206, 26.85751134238213, 19.27162091349915, 28.751512148466226, 26.927211489544156, 65.89705351077212, 34.69633039057528, 71.2914748907265, 9.742136249292205, 28.827513139850172, 35.57858005599649, 30.076105603018235, 61.842807219482815, 44.93764978986996, 48.1271696944216, 52.9783131650365, 36.098498393296005, 51.624080059729344, 85.98733290966095, 59.937518230581325, 44.364857366138054, 59.70556975692151, 24.453154951705468, 48.01770540532426, 27.994993897073726, 56.894762882147646, 64.71028192100455, 19.638294688333147, 29.798949091201496, 25.8195988957107, 38.63764826411805], [26.03968812106114, 39.511944073921455, 5.3996425192947415, 51.141249337152054, 62.54052892964999, 65.28897070784389, 70.790774424004, 23.551347877912438, 21.93919227706489, 48.38415142462068, 53.117320271921685, 47.87483605053343, 61.51093460923758, 67.24432869278112, 2.655924759599543, 52.565301849180756, 0.0, 23.333047979043254, 24.111424723830588, 37.15941109171734, 41.70108138166423, 23.07016601543449, 81.44527750949891, 42.37842251288726, 42.49664557234833, 37.75244397129453, 32.29777003377289, 35.99330504296337, 71.58290440891638, 74.68526854542864, 9.707434245416517, 16.452518910359203, 39.2763636769493, 36.49800130763855, 65.26691173112543, 69.4981150621758, 20.063763892599955, 40.80292240564501, 56.47329952465177, 46.146004143522994, 33.432622789405514, 80.66775468891959, 70.51156684458608, 69.83445016163725, 87.20976537932773, 69.917360130482, 16.95434125637283, 81.8003557927019, 51.76097879370185, 68.8501900093762, 73.14847121346156, 92.19515538503104, 47.39138135778936, 55.759389498952245, 64.97998866628889, 30.311748042620607, 16.904466970873717, 40.308594855899294, 64.48602378814842, 53.52981133277881, 59.53004151082431, 65.42503594012825], [37.80021945079655, 48.85166507579371, 20.658800331549106, 43.361983332260564, 39.6084586016627, 57.990155783321626, 47.70034646133558, 32.80631974769761, 12.577514814913226, 25.081111993010854, 57.55402576091406, 28.992268198635315, 42.55287621057734, 44.881322416306695, 25.513650247842598, 29.451690121436254, 23.333047979043254, 0.0, 46.79723319191456, 18.495314522435713, 18.469867932830372, 23.996578691233243, 60.91416348475353, 24.007730740862492, 19.630402643157954, 49.06678476725053, 21.000138018905584, 12.880117504869375, 71.61558547447758, 52.88698633180252, 16.020363540283252, 35.84990152541179, 24.442806681293266, 13.792307527267228, 43.98101274621318, 47.20774924303541, 37.24343950302858, 30.235516462882774, 60.13601042840235, 22.863738682479987, 15.366902808145705, 60.36972659214912, 51.29457403404484, 63.41506112134564, 68.08355609471315, 53.36064195382412, 25.37717292221912, 61.326640771359514, 47.009290247284845, 74.59971463833045, 64.66281977009015, 71.16890903592257, 48.67472912150819, 34.762669267677154, 49.74305528568985, 11.10553948640535, 28.861664190162863, 47.67565005821429, 41.65464255625416, 34.334901577448356, 41.484231213017, 46.791247187431004], [25.60930314487037, 35.44643631882115, 26.177422886986413, 61.410791323229006, 84.67836275105448, 73.17882170228056, 93.10184577661039, 28.099359282225365, 45.74980929152686, 71.41425108771853, 51.21809716956186, 66.98575613420431, 85.37074833321545, 91.27409767810768, 21.596009333086563, 75.13370214225338, 24.111424723830588, 46.79723319191456, 0.0, 57.201629055207974, 65.26207823223079, 43.85107679805314, 100.40340082308896, 61.65423201252031, 66.31427369986577, 31.71654841212699, 55.438499244818445, 58.88073234019477, 71.60031817483767, 95.17806628049787, 31.100433352059696, 13.743043494675252, 56.75771509635157, 60.34828020341355, 89.37732494199662, 93.54468315810922, 28.829838496741388, 55.16845840505572, 54.78742629011282, 69.61853932217412, 57.49113096192663, 99.4055571763555, 88.55539484319229, 76.41076675180301, 104.56202164175859, 93.08412841064555, 36.19908754336679, 100.6890193572521, 59.291861967775404, 63.035832048826364, 81.34061526989977, 111.45208686989089, 50.10241238250463, 79.86798213899604, 87.80909095121433, 54.42303706937885, 33.60260612551569, 38.3978565800493, 88.36042312067275, 77.48797216949652, 77.14253486827926, 89.18998657680883], [39.7591698844409, 46.54279100877713, 32.61066044337706, 28.752914115333176, 28.571115961232163, 42.43101250861431, 37.00191764419026, 34.47140228375017, 30.886520514429687, 19.686587696329127, 50.142743756071646, 10.887785482885844, 48.99721881218664, 44.04208208734091, 38.52838038829063, 20.80684030655143, 37.15941109171734, 18.495314522435713, 57.201629055207974, 0.0, 19.34591211110602, 42.47494493489793, 44.285973144337724, 5.567118732338266, 22.436935549441436, 48.31013131755648, 37.317159001900116, 12.375088347231097, 59.816804260137296, 38.02059138002423, 27.593631918644768, 44.05196969443269, 7.978980191117401, 20.41211703724238, 46.159249995280376, 46.360691571044384, 54.40822362464458, 15.988679769294695, 51.852820804922196, 21.154530496165773, 28.920749186453513, 43.520641305694525, 33.61068964736962, 48.06330635037695, 50.42730907925816, 61.670056174630524, 43.525895511342576, 44.64242069526927, 34.07946132623447, 66.7006609809457, 48.180528529346965, 55.06432351244411, 40.04584750639521, 38.899948460789716, 59.66424502083456, 25.41762827204171, 46.72529628475897, 44.00039758603183, 39.34464399307377, 41.62545538331806, 23.195321659553116, 53.20717392222009], [54.018239643266426, 63.27159411468772, 39.102345336648845, 47.909846800174634, 23.41411612449532, 61.01671142660843, 30.692319924001954, 48.73169951986406, 24.74826831770687, 8.0166415605428, 68.84785666119883, 24.12776048449444, 29.653518699520458, 27.127836361753502, 43.95056811611249, 13.315230122257733, 41.70108138166423, 18.469867932830372, 65.26207823223079, 19.34591211110602, 0.0, 35.66717165677526, 48.58266576065107, 22.080174942692203, 3.179512890466501, 64.3005906074115, 25.067929005578733, 7.97516603071484, 79.15778454460144, 38.74422482417329, 34.333632292419296, 53.995763851016655, 27.257018705365358, 6.045694077120719, 27.684520353211628, 29.49632655475222, 53.243624875821524, 35.333884115984375, 70.78810438352778, 4.497850966506188, 15.582578923385555, 48.43688892837096, 41.71168022890179, 66.67323932210437, 57.47075096487364, 42.36420719518138, 40.075538244883234, 49.06522346734609, 53.41401670352306, 85.6411266684997, 66.03042279370328, 57.63758291932567, 58.94500463874502, 19.694668947997883, 40.644901786812646, 14.745325404010613, 44.07088838805391, 61.295671461356726, 23.416922241249598, 22.365559121623082, 34.9472867945531, 33.873651215633785], [48.51108379263108, 61.78668610872457, 25.94447022479677, 65.74408166449456, 59.08122665744039, 80.48994459965319, 66.15093022385891, 45.145432011958874, 11.777877545997828, 43.67545455357947, 74.14931916665688, 52.77179736894997, 44.16597636623183, 54.8746075050052, 25.49039159294614, 48.915127466331086, 23.07016601543449, 23.996578691233243, 43.85107679805314, 42.47494493489793, 35.66717165677526, 0.0, 83.2672563578646, 47.95139246508609, 34.645840972418206, 60.435486882118845, 13.848130699432893, 34.320118225104096, 91.06800212330512, 74.12307724968235, 25.765463206168892, 39.3755725390577, 48.212052802389195, 29.650640224129482, 50.78614420819703, 56.788959687496245, 20.344382305896143, 53.13265037143615, 77.27740528592507, 39.80959400040254, 20.97908884238327, 82.90517027766718, 74.5774330553867, 85.67966242295107, 91.19823598109964, 49.89568346325714, 7.784225610395999, 83.7170109707018, 68.29392179809732, 90.56986604137298, 87.62672006263193, 92.91602237589856, 66.96783103824252, 41.68523102540814, 44.30512965474785, 20.926427157353924, 11.351003886546563, 62.0369730824965, 53.7541920229516, 37.25539722163238, 65.26516955043651, 47.448501256819966], [79.09649539911698, 80.51838495234323, 76.82580713371456, 47.89316822054207, 27.193396050682615, 49.61181223134099, 25.32589995310101, 74.45904722471835, 71.61978981525264, 40.88474145723946, 75.77130625110453, 33.68259965321296, 66.13351712969212, 49.81060968477354, 82.77293659899217, 35.60153282678068, 81.44527750949891, 60.91416348475353, 100.40340082308896, 44.285973144337724, 48.58266576065107, 83.2672563578646, 0.0, 39.164574989002986, 50.63990067246405, 83.74311750156946, 73.64972231018064, 49.01026654495247, 72.97369161107352, 11.407284938737673, 71.85402719735032, 86.79280480222556, 43.65406196786387, 54.204380887212494, 56.68438194881287, 50.73250194155181, 98.07593876471057, 46.673493001059924, 75.39598874519685, 45.34174230748033, 64.14951096548306, 1.5912391185109194, 12.484379795351947, 53.33753266027736, 10.65626686208263, 78.3225759442064, 86.14774924721499, 0.5297855195956922, 54.31045944452476, 87.69194102121682, 48.017047416220144, 11.103341194242311, 66.58779932254438, 56.826855038320204, 79.96253481482559, 62.72008123478971, 89.75498140986485, 76.83110301053934, 45.3220306388326, 63.257429497986955, 23.67332007060742, 68.74443820502869], [42.720078054320865, 48.12242717361727, 37.670934754877905, 26.157530241650473, 26.050668492006864, 38.93660012897874, 34.24487516046838, 37.567820587068134, 36.30641463175, 20.343532688876557, 49.959581739307694, 5.498164672489956, 51.32403879228588, 44.419785857580536, 43.62787536979787, 19.995571684659065, 42.37842251288726, 24.007730740862492, 61.65423201252031, 5.567118732338266, 22.080174942692203, 47.95139246508609, 39.164574989002986, 0.0, 25.259140662804068, 50.29244881379473, 42.2479148771696, 16.33251574248606, 57.78186932636018, 33.6102924846633, 32.73174795780601, 48.26748673652155, 6.960516117040109, 24.346599986964183, 47.370594768693664, 46.659935113376484, 59.91685422949357, 14.71547600887296, 51.31554668369726, 22.858895445944437, 33.51337544694009, 38.32932106869585, 28.18908602345094, 44.593094164490125, 44.97614722862155, 64.2644814157978, 49.092626986352506, 39.5003283907287, 32.13343406030376, 66.04757445861081, 44.114680592722586, 50.06161966113747, 39.70999808415459, 40.92409961838337, 62.72408257264942, 30.271111982398008, 52.28745461350405, 45.23932779286741, 39.441824301748866, 44.382886652624265, 17.634179534476896, 55.430674078948066], [56.12948577460675, 65.73839537018083, 40.25525431348139, 51.05725244979656, 24.749079138040408, 64.19550879264072, 31.510438434130037, 50.88461019543575, 24.251184354564828, 9.755349620330724, 71.69094557896425, 27.250271384702533, 26.606966187853153, 25.313423874163195, 44.84054828319273, 15.06842597444715, 42.49664557234833, 19.630402643157954, 66.31427369986577, 22.436935549441436, 3.179512890466501, 34.645840972418206, 50.63990067246405, 25.259140662804068, 0.0, 66.63698794466055, 23.23103970079852, 10.679988105257216, 82.25295959390711, 40.486072650337746, 35.645199542142564, 55.4445227841003, 30.37403779559864, 6.0029817193214505, 25.220231309263372, 27.659353834289004, 52.913045561021356, 38.42313753846557, 73.68851582670675, 5.364726836066709, 13.955675391872767, 50.57073801593422, 44.26689412666836, 69.85207112018075, 59.7718756749469, 39.2385690144897, 39.56786595732539, 51.1325026233176, 56.51605133051137, 88.53380160409277, 69.20026746799428, 59.381024176230554, 61.84688148792867, 16.848835705185856, 37.467114369733466, 13.976464162036438, 43.62412595637355, 63.8687371743241, 22.049587186362125, 19.21550738287466, 37.875375470780874, 30.850334304699455], [11.981657126463686, 4.181612517857257, 34.53217229804926, 37.39064602951004, 76.32959398588422, 45.43401844716632, 84.52658135748393, 16.34099901512102, 55.744356680961346, 67.41290070533108, 19.603833943467194, 54.28207652158254, 91.55900230094849, 91.20670531214745, 35.726805815849765, 69.11024388536305, 37.75244397129453, 49.06678476725053, 31.71654841212699, 48.31013131755648, 64.3005906074115, 60.435486882118845, 83.74311750156946, 50.29244881379473, 66.63698794466055, 0.0, 66.80317454697567, 56.38167396622371, 39.999300118838434, 81.88076993803305, 35.93771783425848, 23.56999323700379, 43.51126406614027, 61.73087947839317, 91.8568738407238, 93.57528236618198, 54.27712378860007, 37.72801411000941, 23.141865168717676, 67.64874294094568, 64.09635568811166, 82.4269098989829, 71.25892497042265, 47.46352255052796, 85.01977779363212, 102.33494328820674, 54.70602225222493, 83.88688585955413, 32.8035973388237, 32.197257559859395, 53.27792472601819, 94.6683846989431, 20.92780498067246, 83.142034566681, 98.38849286721631, 59.945262544841256, 54.278832300813974, 8.049852499764537, 86.93720400113213, 83.36078558271667, 60.35540520440714, 95.81885054680929], [54.903794340722385, 67.36012883138383, 33.19224227116214, 64.1959424966242, 47.951858055086376, 78.7105589056141, 54.3181871250244, 50.606245356983216, 11.068142102295612, 32.89727125824525, 77.68463975347427, 46.210849843031816, 30.604852715292317, 41.17366447627277, 34.94818479269728, 38.24030872501008, 32.29777003377289, 21.000138018905584, 55.438499244818445, 37.317159001900116, 25.067929005578733, 13.848130699432893, 73.64972231018064, 42.2479148771696, 23.23103970079852, 66.80317454697567, 0.0, 26.44208658276594, 92.5243085433442, 63.697255380491455, 30.884874472626553, 48.52045153741248, 44.46017718225016, 19.607639435013656, 36.93913551824243, 43.034392920343976, 34.1556544001921, 50.97390166369761, 80.4628296655107, 28.595091680501195, 9.52052764460767, 73.48959072139974, 66.32048495989874, 84.20276408894762, 82.40972911674335, 37.69558933998748, 21.02950026069036, 74.13134741464391, 68.00500823987072, 94.62763708271474, 85.09710709728203, 82.5974695843493, 69.25504250513173, 27.89000330006014, 32.683906670213425, 11.98668639752652, 24.96203814877329, 66.81798206431343, 40.35886063619013, 23.445895418815482, 58.31200191883143, 34.11077043866055], [46.25930447469666, 55.30680287437458, 32.75921158579295, 41.10668287644014, 26.72845928249761, 54.769196701693254, 34.84621268465681, 40.946071455177204, 22.61718840083347, 12.53411181586887, 61.01242007814195, 19.810773125479475, 37.18633813836227, 34.88920994894826, 38.02849706167338, 16.596481423838316, 35.99330504296337, 12.880117504869375, 58.88073234019477, 12.375088347231097, 7.97516603071484, 34.320118225104096, 49.01026654495247, 16.33251574248606, 10.679988105257216, 56.38167396622371, 26.44208658276594, 0.0, 71.93278363257683, 40.36644589850373, 27.780330816748496, 47.036623396319165, 20.331726831314228, 8.075491514314217, 35.659639313449084, 37.26094789501663, 49.787880831514926, 28.165874723665624, 63.02825547717512, 11.416764093140095, 17.33782930952788, 48.60779355019952, 40.40093281497385, 60.409850149597176, 56.912146297790095, 49.595696497036194, 37.29581430890252, 49.45105071662653, 46.25816314057356, 77.86833183312451, 60.32602640844677, 58.91795765820939, 51.18938525625063, 27.52520485132908, 47.366419617891864, 14.541534000929015, 41.04887528252469, 53.32078284818212, 30.887257704961367, 29.53976436801399, 31.883281317475667, 41.453636839924584], [47.737836021472795, 36.155788823418334, 66.78660504604953, 31.719653298835105, 79.42016879842957, 23.424097953410993, 85.60922793921327, 48.38110362553956, 82.59087246402753, 78.08418165635773, 20.400182971797758, 58.20126583504799, 108.79484161057381, 101.70412346191343, 70.40293424754138, 76.92633768714403, 71.58290440891638, 71.61558547447758, 71.60031817483767, 59.816804260137296, 79.15778454460144, 91.06800212330512, 72.97369161107352, 57.78186932636018, 82.25295959390711, 39.999300118838434, 92.5243085433442, 71.93278363257683, 0.0, 76.7684907797019, 65.51208258343497, 61.56301618087995, 51.91438604873684, 79.65660854932219, 105.11641258298116, 103.83879971881731, 90.81227388258756, 43.8300428578068, 16.86092849806883, 80.55911407051931, 86.31992450061321, 71.38955671399157, 62.255996827598345, 19.927330494940527, 69.10258409099761, 121.47549757357365, 87.4374050372746, 72.85673674486839, 25.74868631243837, 17.69325622206649, 26.22006238984854, 81.85097266633638, 24.25167199268656, 98.56989452844493, 119.24582928100074, 82.16690064579498, 88.31527973689644, 33.37681857793396, 96.54042213176777, 101.41946999870989, 55.61684112955047, 112.98211404712326], [75.75071236140968, 79.0558525553214, 70.44428719335842, 48.521553689851494, 16.19251352203791, 53.462455203334464, 14.046218627051859, 70.7773451574915, 62.69683360761508, 30.807267372963977, 76.55399256239143, 28.50050248403835, 54.73896150998713, 38.46351043720792, 76.27447324102934, 25.463603661587516, 74.68526854542864, 52.88698633180252, 95.17806628049787, 38.02059138002423, 38.74422482417329, 74.12307724968235, 11.407284938737673, 33.6102924846633, 40.486072650337746, 81.88076993803305, 63.697255380491455, 40.36644589850373, 76.7684907797019, 0.0, 65.36115608785339, 81.86752827421417, 39.33974613497155, 44.60584637571477, 45.289760103519036, 39.456408173530626, 90.09258901206854, 44.153086876515346, 76.71337897471071, 35.12497739829728, 54.28988383238499, 12.059835787908565, 14.899824661203562, 57.953550334693624, 21.979727121171013, 66.9198967395663, 77.6424105565701, 11.93666233122987, 55.311801862073914, 90.03351207183361, 53.52214719943114, 18.90139009618071, 66.75621108824117, 45.532168304164806, 68.57211833091162, 53.28599444441062, 81.41525836314183, 75.62426359770227, 33.922308777521025, 52.03249309472488, 22.328399762496023, 57.337551177508416], [24.01920858346962, 36.69428208523897, 5.108012950348987, 42.547220681016086, 53.82317202729823, 57.01151324694281, 62.189120167931755, 19.879191674880225, 19.81787116226289, 40.31383992995442, 48.40244069602634, 38.22990027750175, 57.472912460368086, 60.89817849110049, 10.938303751765508, 44.10354987638108, 9.707434245416517, 16.020363540283252, 31.100433352059696, 27.593631918644768, 34.333632292419296, 25.765463206168892, 71.85402719735032, 32.73174795780601, 35.645199542142564, 35.93771783425848, 30.884874472626553, 27.780330816748496, 65.51208258343497, 65.36115608785339, 0.0, 19.852220451333014, 29.588107071697824, 29.803621456104704, 59.793244839046636, 63.2210348081348, 28.913381927111, 31.505851588360354, 51.51304889277826, 38.61779389966857, 29.20947772096004, 71.05091053446921, 60.82852588328461, 61.82158998722301, 77.51063501045978, 67.23540382086445, 22.082252683488694, 72.20148906619735, 43.90350487823583, 64.9401848429815, 64.68020523170597, 82.65794881834698, 41.31521114360397, 50.443507137485746, 62.898299903268374, 25.383699729280035, 23.60879044629291, 36.54367204128472, 57.64461062348678, 49.277225817463396, 49.824230312566975, 61.60143377560256], [13.858298385867489, 26.35676516626807, 15.781195303839057, 48.11944190399536, 72.03881778293973, 60.508298084517776, 80.50430958220242, 14.92100992819426, 37.81055045591171, 59.49732587120427, 41.63680041991354, 53.52300252689658, 76.87727648579225, 80.72891727040032, 13.912967750880235, 62.827913825063206, 16.452518910359203, 35.84990152541179, 13.743043494675252, 44.05196969443269, 53.995763851016655, 39.3755725390577, 86.79280480222556, 48.26748673652155, 55.4445227841003, 23.56999323700379, 48.52045153741248, 47.036623396319165, 61.56301618087995, 81.86752827421417, 19.852220451333014, 0.0, 43.140150561368266, 49.641728031038355, 79.61236067321316, 83.05737658340662, 30.72396053013982, 41.43137854951894, 45.19763414093214, 58.17700335428179, 48.54822204956003, 85.77094512547828, 74.8743997012668, 64