instance_id,num_cities,city_coordinates,distance_matrix,best_route,total_distance
1986,48,"[[19.115933172132017, 20.236605225551575], [54.283305566831444, 44.172453959992175], [24.806798189019652, 65.98765980612683], [90.6314584963451, 76.66971062825803], [56.06702538037782, 94.13690830710036], [24.12642457540848, 6.510544132789608], [45.11902402031139, 23.674608190810286], [0.9830687055594978, 94.66158708383081], [23.23902588612765, 18.13927218916668], [60.897842799887, 3.3744227538282767], [80.65435145011777, 3.755915022488898], [3.2381566970347775, 4.765192759223469], [43.429858235654685, 40.030280537174036], [81.27519742285855, 38.070596832784595], [11.330246172612412, 58.6569311983697], [84.36836662071086, 3.318307620609673], [85.68031982552773, 42.62846606714056], [68.89119094600116, 37.85711279989184], [79.45978300345885, 3.5607872110122396], [89.55637608689135, 40.91607715641731], [96.96514387256457, 54.55057316752799], [84.05506095491515, 53.00510735159863], [54.99537581636592, 41.67541954093883], [86.09833061967386, 57.312119001091986], [15.498014426360761, 95.50324509406552], [8.513381166017385, 1.8661660442576555], [49.097055826159966, 52.42235803091556], [96.08183204513024, 56.1727847685355], [53.47407504130054, 34.26911267877433], [39.82635074312269, 28.788202633497317], [65.09389804197795, 6.702288378043719], [57.301723862768206, 49.24808295722561], [53.36224529138175, 3.150342376307147], [41.26947259746774, 37.58220396765189], [38.24656536428892, 18.577051286642178], [63.81182369361894, 89.1375894453021], [83.18839036684126, 30.00101839383884], [81.24883919862339, 58.22060106174267], [12.379542333830374, 1.0649206420798363], [99.75131814897733, 8.626143911208327], [29.56084030432048, 33.90903653764097], [13.131539688466354, 72.63290934684967], [28.497114048661665, 4.9546526679169585], [11.721931567705358, 51.65417619644052], [23.778128068541292, 24.233495708375084], [43.67237422724896, 21.511623035840678], [69.39418546338479, 79.40951791054883], [35.193927697323204, 12.573725742497055]]","[[0.0, 42.54020375815669, 46.103632610405135, 91.09975712256943, 82.62347130765599, 14.611973762108292, 26.229384248353938, 76.60208024830841, 4.625872825069378, 45.056200126637144, 63.707064551159924, 22.169086347804324, 31.352137635837977, 64.66703479237708, 39.201254698186524, 67.41000567282718, 70.22971595052803, 52.802069785497075, 62.60561571392584, 73.41319062244149, 85.07613062782843, 72.73833273297777, 41.796616653869535, 76.55870485804176, 75.35354280422106, 21.210543245187854, 43.98625238917114, 84.94208962271982, 37.11324801370345, 22.406499373895592, 47.92860300594543, 47.95644326724508, 38.272056019013945, 28.136259609121048, 19.20247919795097, 82.12836450313044, 64.81221748628008, 72.82363593628507, 20.320739437689816, 81.4669756545308, 17.205564884183374, 52.736947683184134, 17.93166552810867, 32.27592021053943, 6.140944128046586, 24.589519468871025, 77.6488006931799, 17.810716715615225], [42.54020375815669, 0.0, 36.67107434073101, 48.75715242249554, 49.99628340764437, 48.247869620981035, 22.45318991682598, 73.41708120774342, 40.51510649136442, 41.330756744906104, 48.25897513069575, 64.48673862497091, 11.61700992662608, 27.67299922972421, 45.32952009664766, 50.73630033551257, 31.43495511328194, 15.914579768860309, 47.78244962585333, 35.42306443265432, 43.92544455600388, 31.054358547942158, 2.5965794673395144, 34.421601016008694, 64.33621785045291, 62.32742555942175, 9.744644865363396, 43.48706422916497, 9.93634855345386, 21.11110446309038, 38.998489950283066, 5.905324608080634, 41.03245046076723, 14.587365886822708, 30.20433204583038, 45.96363852987267, 32.192134339018196, 30.405434399786547, 60.11809047069222, 57.713779344749625, 26.76822791746745, 50.0346415569761, 46.935739167466274, 43.21396445961481, 36.44348927259734, 25.022092679596458, 38.34044036136882, 36.917258462783956], [46.103632610405135, 36.67107434073101, 0.0, 66.68577145344709, 42.06639983674487, 59.4810070280727, 46.93592286534736, 37.279541199271016, 47.87406508263719, 72.27019410013335, 83.61662074053841, 64.91068299686069, 31.946891930402778, 62.99240047092803, 15.341350532841586, 86.45824505155896, 65.2015150787611, 52.29494583247792, 82.97025473706822, 69.434084529961, 73.05911170117511, 60.65396367106749, 38.76125960123768, 61.90247940072967, 30.948719360088628, 66.15921251450087, 27.82146704131907, 71.94763528562451, 42.75370152390786, 40.117160578283205, 71.67848826480652, 36.5531616638385, 69.02131570023656, 32.83122857996821, 49.27872910205047, 45.357593156088065, 68.58169336896022, 56.97395189793757, 66.10142773536148, 94.37703416505249, 32.42898375274033, 13.43394962448569, 61.14447147107171, 19.40779448795589, 41.766833513192566, 48.31177709468011, 46.563734589586524, 54.41452757835962], [91.09975712256943, 48.75715242249554, 66.68577145344709, 0.0, 38.72729052464077, 96.6707203871151, 69.85601315771493, 91.43599625132995, 89.26114606588335, 79.09669479175594, 73.59323511472884, 113.17176719201503, 59.7531497460129, 39.71688818463938, 81.32123030798012, 73.61830372287234, 34.39942013184922, 44.48659329895956, 73.95756226747245, 35.76979324270474, 23.00808145960039, 24.561401687701068, 49.94527802984322, 19.881287733705353, 77.45796562195669, 111.08082150740611, 48.09408189319069, 21.20920888482781, 56.37802631964853, 69.81259042371136, 74.48226077597431, 43.16036231165565, 82.42628076701615, 62.96378982259483, 78.22361598544249, 29.57601753360477, 47.258502918008034, 20.697903002074113, 108.80922135535822, 68.65201243708229, 74.55263680809699, 77.60498166879094, 94.8879670885537, 82.77977049383001, 84.96425380366307, 72.44011473103048, 21.413274149942534, 84.7444104325955], [82.62347130765599, 49.99628340764437, 42.06639983674487, 38.72729052464077, 0.0, 93.26618721804456, 71.30774482100908, 55.086455420293774, 82.78477061820216, 90.89095433951915, 93.66568502057034, 103.81807600958767, 55.562803763642385, 61.47262171128134, 57.09823280558167, 95.12614859571485, 59.41436551779731, 57.72239257677845, 93.54814173475299, 62.88078783788713, 56.91866149149582, 49.75093150047122, 52.472433108729945, 47.517832461168496, 40.5920130814249, 103.803848463349, 42.29283840475918, 55.158493711022686, 59.923921307403894, 67.33656395962285, 87.89935831499189, 44.905802761268774, 91.02675988525796, 58.45855071146941, 77.63285894604878, 9.218193423589804, 69.63462367023293, 43.86461983557724, 102.81532503892649, 96.02295695437873, 65.80254087164604, 48.01955750402951, 93.34653036793253, 61.41066579056776, 77.00038949617038, 73.6753652039785, 19.862256260821237, 84.19167985586905], [14.611973762108292, 48.247869620981035, 59.4810070280727, 96.6707203871151, 93.26618721804456, 0.0, 27.116311077319782, 91.13847318380303, 11.662538001777683, 36.90491099492166, 56.595004181356835, 20.961058808559926, 38.68068354741086, 65.28414175277108, 53.693462038776026, 60.32646148531559, 71.36796413881036, 54.648803055648905, 55.411926701971545, 73.92441584101246, 87.25436045555779, 75.84975851784209, 46.79167247691908, 80.13312141592257, 89.41001222504819, 16.28917960895411, 52.26305655505769, 87.42950765671976, 40.395825472322095, 27.25402263787553, 40.96792218418774, 54.10265896955588, 29.428288580561382, 35.48707004501814, 18.57360952512409, 91.66329429083189, 63.56192401239434, 77.05128318193049, 12.947743340060194, 75.65447964553098, 27.93224409841329, 67.03025194028923, 4.639366844955222, 46.81686622016094, 17.72637365642628, 24.638922785865596, 85.81043382748642, 12.619500647247765], [26.229384248353938, 22.45318991682598, 46.93592286534736, 69.85601315771493, 71.30774482100908, 27.116311077319782, 0.0, 83.5890765824334, 22.56932127918285, 25.711255334085582, 40.737130889119854, 45.9518556721514, 16.442667026661546, 38.91674914602853, 48.635834848868114, 44.21413651161676, 44.771279251260935, 27.68139009026602, 39.797657241928036, 47.66494005850808, 60.34356102334117, 48.74723739037766, 20.532207237955355, 53.01684357707813, 77.69657192402117, 42.60963784914932, 29.021679102312735, 60.44285964985069, 13.492605490001624, 7.359431944338307, 26.211738439261868, 28.32703279695702, 22.11777981959783, 14.4305324381722, 8.556621668039915, 68.07953197806484, 38.59145138606846, 49.98789021610629, 39.78783271492232, 56.66695544085214, 18.62258317546028, 58.48174421103973, 25.034468755792144, 43.56858971862185, 21.348212929460097, 2.6021722472554507, 60.79197006640501, 14.89084041120119], [76.60208024830841, 73.41708120774342, 37.279541199271016, 91.43599625132995, 55.086455420293774, 91.13847318380303, 83.5890765824334, 0.0, 79.6931132963283, 109.19306995495266, 120.87743588895154, 89.9246747806996, 69.18315977466612, 98.23118706169302, 37.4619717442256, 123.67983914727031, 99.40357151539622, 88.53395599936474, 120.241217660424, 103.60410521705015, 104.0262091530709, 92.93125523718527, 75.66282621152536, 92.94939793657521, 14.539327270682064, 93.10046064152306, 64.02427842331335, 102.5922155545028, 80.01597784757872, 76.47289283393899, 108.8440933951735, 72.34761416780638, 105.4413867877743, 69.8645139929098, 84.71968349037205, 63.07112654186601, 104.58825963150916, 88.15066293061685, 94.28793973869757, 130.98574189592833, 67.13837522176345, 25.15647014313213, 93.8315340034647, 44.327875730839985, 74.02520372245796, 84.69530120465004, 70.0907020233025, 88.93143343356373], [4.625872825069378, 40.51510649136442, 47.87406508263719, 89.26114606588335, 82.78477061820216, 11.662538001777683, 22.56932127918285, 79.6931132963283, 0.0, 40.4498117448309, 59.189530940895274, 24.06035679115409, 29.7806305752453, 61.36330262208958, 42.23150158177048, 62.90037590815493, 67.0718704496867, 49.728396445128794, 58.08016662428081, 70.11971036853265, 82.22726623381585, 70.10147347282985, 39.52740812469337, 74.06621442287565, 77.7502897875639, 21.9467217603538, 42.94144486637973, 82.17434203109285, 34.26849794834765, 19.71139430683881, 43.38934110906112, 46.13052677837889, 33.64634250957905, 26.51649684165133, 15.013923262317398, 81.77354691543242, 61.111597300884725, 70.50993805657612, 20.23516404124567, 77.10142979834173, 16.989726458789193, 55.42307974038543, 14.194424364696848, 35.43857012008548, 6.118021858832807, 20.709767614888097, 76.70946334293194, 13.186924757704642], [45.056200126637144, 41.330756744906104, 72.27019410013335, 79.09669479175594, 90.89095433951915, 36.90491099492166, 25.711255334085582, 109.19306995495266, 40.4498117448309, 0.0, 19.76019155771753, 57.67645657187477, 40.60520157035461, 40.23755804155591, 74.25026852022151, 23.470590902915852, 46.4225277636818, 35.397027098301315, 18.562875742510332, 47.23015292634324, 62.608694107390434, 54.767340690624415, 38.75313498773757, 59.53435699507732, 102.70766437878254, 52.406170046782876, 50.447581985112315, 63.447459607500996, 31.77411199848063, 33.013148672469164, 5.355517641415606, 46.014397441090814, 7.5389284268906955, 39.439133007408316, 27.280034526575697, 85.8126566748668, 34.72526610713415, 58.500139567396936, 48.57323625329819, 39.20679943348148, 43.75351830806006, 84.13297616326098, 32.43924090036419, 68.91447480750932, 42.579034116095094, 25.013492391442895, 76.50832329980264, 27.300520637473888], [63.707064551159924, 48.25897513069575, 83.61662074053841, 73.59323511472884, 93.66568502057034, 56.595004181356835, 40.737130889119854, 120.87743588895154, 59.189530940895274, 19.76019155771753, 0.0, 77.42277346877431, 51.97588372088143, 34.32029774730556, 88.43049897897768, 3.7397070641395267, 39.196116935605616, 36.07303196155211, 1.2104001968624987, 38.21156490453604, 53.34921972737309, 49.36646402372424, 45.7850614665768, 53.83218269582148, 112.52964422593824, 72.16571723978208, 58.00246186318566, 54.64005299671205, 40.86346359367068, 47.890928835956366, 15.836944977400583, 51.135922389605206, 27.298823725749074, 51.917111880762164, 44.923116553307146, 87.0270134410673, 26.367153888964072, 54.467930390621675, 68.3278201805156, 19.7082030263002, 59.327545190351834, 96.45398102389262, 52.171010966766, 83.93999007822963, 60.45027788933618, 41.02355184973861, 76.48698561188726, 46.307709009165414], [22.169086347804324, 64.48673862497091, 64.91068299686069, 113.17176719201503, 103.81807600958767, 20.961058808559926, 45.9518556721514, 89.9246747806996, 24.06035679115409, 57.67645657187477, 77.42277346877431, 0.0, 53.46961088839211, 84.84709580031046, 54.495884102142114, 81.14311085276488, 90.72120880419898, 73.52139877664149, 76.23114133686258, 93.5826984080641, 106.12884729140102, 94.11939956091439, 63.570233380443995, 98.11721500306848, 91.56253738873693, 6.01933128281193, 66.13806794175844, 106.12581480647596, 58.25915192062967, 43.76986345619142, 61.88606528750204, 70.01140489271219, 50.150094707519244, 50.2328300394537, 37.6345069503362, 103.86467376334497, 83.83845632713766, 94.56821485653994, 9.861893585996732, 96.59035809668966, 39.271456587069345, 68.58502738815157, 25.25966788277922, 47.650301193505975, 28.30026932137312, 43.76492744527611, 99.74164335637805, 32.89596460926091], [31.352137635837977, 11.61700992662608, 31.946891930402778, 59.7531497460129, 55.562803763642385, 38.68068354741086, 16.442667026661546, 69.18315977466612, 29.7806305752453, 40.60520157035461, 51.97588372088143, 53.46961088839211, 0.0, 37.89604278042443, 37.112493980491664, 54.9884571907584, 42.33027371285786, 25.55390618675203, 51.26577242410952, 46.13502232286354, 55.46950248827405, 42.646843105267706, 11.681938163312154, 46.03542631798646, 62.10827396826392, 51.72678228909022, 13.626471045018372, 55.070961394306735, 11.579177273514576, 11.805489479097025, 39.750291597534364, 16.655225529298676, 38.19400674679394, 3.2650183760474794, 22.070513593168304, 53.16909162406258, 41.00398732277548, 41.96621357549346, 49.82390379483827, 64.48508853983478, 15.159791769067585, 44.50752197200366, 38.12199521767948, 33.771401568154765, 25.213665133978584, 18.520245399504542, 47.16853426276085, 28.665187126989434], [64.66703479237708, 27.67299922972421, 62.99240047092803, 39.71688818463938, 61.47262171128134, 65.28414175277108, 38.91674914602853, 98.23118706169302, 61.36330262208958, 40.23755804155591, 34.32029774730556, 84.84709580031046, 37.89604278042443, 0.0, 72.91154481980874, 34.88967327409633, 6.338712435501904, 12.38584643256754, 34.557527250153996, 8.756407844419588, 22.75442901037828, 15.19102516927101, 26.52590753256713, 19.836803905561162, 87.32208706426327, 81.27141387791623, 35.23358974196869, 23.386441304711163, 28.05982336807481, 42.475519221678894, 35.29596612880082, 26.45115556262944, 44.70522416898554, 40.008705882540156, 47.23834771445013, 53.970428537246335, 8.293274589883264, 20.150021468549685, 78.20505968591564, 34.76122617136854, 51.881531552892746, 76.4075358570206, 62.30723748156637, 70.86727326097963, 59.138636709534524, 41.087369415529025, 43.012380090559724, 52.664730654511864], [39.201254698186524, 45.32952009664766, 15.341350532841586, 81.32123030798012, 57.09823280558167, 53.693462038776026, 48.635834848868114, 37.4619717442256, 42.23150158177048, 74.25026852022151, 88.43049897897768, 54.495884102142114, 37.112493980491664, 72.91154481980874, 0.0, 91.63476577190534, 76.05816949320409, 61.2037156438624, 87.6197401905603, 80.2126255866463, 85.73329505133188, 72.94410050110405, 46.850990224084505, 74.78017766580165, 37.08127748496672, 56.860581559239144, 38.277954673514515, 84.7879843574054, 48.69155988318704, 41.281580902086105, 74.76506652787772, 46.92444124591546, 69.62521348320409, 36.61285848944212, 48.279239975031835, 60.690909585041695, 77.36119327996086, 69.91995448171487, 57.60156857542813, 101.59412210370584, 30.73780819338936, 14.091579880802835, 56.379394037503246, 7.0137005258118394, 36.60495423612513, 49.25228081613839, 61.66109714568022, 51.895444125674395], [67.41000567282718, 50.73630033551257, 86.45824505155896, 73.61830372287234, 95.12614859571485, 60.32646148531559, 44.21413651161676, 123.67983914727031, 62.90037590815493, 23.470590902915852, 3.7397070641395267, 81.14311085276488, 54.9884571907584, 34.88967327409633, 91.63476577190534, 0.0, 39.33204518332339, 37.84801223417465, 4.914569104134825, 37.954021081947076, 52.758163635619205, 49.68778751310652, 48.311909749675486, 54.02151833139096, 115.07036155482778, 75.86888382920583, 60.45885486728693, 54.13687307953501, 43.73110547358864, 51.30990869614597, 19.569273485728743, 53.31179431099748, 31.006576273628973, 55.05932490421213, 48.58034385842253, 88.24692963508338, 26.708788781363637, 54.99084720599812, 72.02408329914628, 16.272932243722764, 62.766692095387015, 99.39416242336281, 55.8952098939038, 87.25743932118647, 64.09853430894827, 44.57757869923837, 77.5506182097871, 50.037867740751544], [70.22971595052803, 31.43495511328194, 65.2015150787611, 34.39942013184922, 59.41436551779731, 71.36796413881036, 44.771279251260935, 99.40357151539622, 67.0718704496867, 46.4225277636818, 39.196116935605616, 90.72120880419898, 42.33027371285786, 6.338712435501904, 76.05816949320409, 39.33204518332339, 0.0, 17.45395830561762, 39.559810534939245, 4.237462439104805, 16.415964531080387, 10.50314956300369, 30.699740821813148, 14.68960164567995, 87.87091810313629, 87.27142444830469, 37.871566176295566, 17.077471286449203, 33.27342771902455, 47.89717499522075, 41.40641260962814, 29.140419293295192, 51.019409950952564, 44.6966230569024, 53.18300118677649, 51.39386812136602, 12.870980816124403, 16.209648183613496, 84.26465622779466, 36.798789461262466, 56.79282025970457, 78.50854804351532, 68.47799090918869, 74.50709118622835, 64.57752146698246, 47.01689646283033, 40.22541419512371, 58.75511216996003], [52.802069785497075, 15.914579768860309, 52.29494583247792, 44.48659329895956, 57.72239257677845, 54.648803055648905, 27.68139009026602, 88.53395599936474, 49.728396445128794, 35.397027098301315, 36.07303196155211, 73.52139877664149, 25.55390618675203, 12.38584643256754, 61.2037156438624, 37.84801223417465, 17.45395830561762, 0.0, 35.88778464847608, 20.890359973963154, 32.66218688282732, 21.43372792086761, 14.410868970527924, 25.972734204122933, 78.57421884648204, 70.29102476273056, 24.575478709119583, 32.784063247935066, 15.82912529763133, 30.446840026922246, 31.38538701617568, 16.25022917987955, 38.02246791542517, 27.623086348048645, 36.205163291967395, 51.531420091678434, 16.313434052831663, 23.819805299919512, 67.43316567270757, 42.50643472646293, 39.52801269694823, 65.7152549552789, 52.09849643823104, 58.81057027636483, 47.125273313179996, 30.052682947129977, 41.555449389516546, 42.12784366122648], [62.60561571392584, 47.78244962585333, 82.97025473706822, 73.95756226747245, 93.54814173475299, 55.411926701971545, 39.797657241928036, 120.241217660424, 58.08016662428081, 18.562875742510332, 1.2104001968624987, 76.23114133686258, 51.26577242410952, 34.557527250153996, 87.6197401905603, 4.914569104134825, 39.559810534939245, 35.88778464847608, 0.0, 38.69572171180811, 53.91100009319906, 49.65739998848044, 45.29053341109343, 54.15972658405867, 112.00233658762338, 70.96663775731898, 57.526935470538604, 55.17530970766328, 40.22758097783887, 46.981181781999624, 14.705362297779788, 50.77704774289571, 26.100765115138344, 51.146423208616596, 43.86362382387759, 86.99567639376778, 26.701841469673692, 54.68908458061772, 67.12665668886835, 20.9142113660074, 58.40308827179532, 95.76217373055444, 50.98172700005563, 83.07460852291707, 59.39534975827794, 40.0371219460826, 76.51369944375692, 45.174096636856625], [73.41319062244149, 35.42306443265432, 69.434084529961, 35.76979324270474, 62.88078783788713, 73.92441584101246, 47.66494005850808, 103.60410521705015, 70.11971036853265, 47.23015292634324, 38.21156490453604, 93.5826984080641, 46.13502232286354, 8.756407844419588, 80.2126255866463, 37.954021081947076, 4.237462439104805, 20.890359973963154, 38.69572171180811, 0.0, 15.517387717622526, 13.281909472711973, 34.56934104891485, 16.7567379470369, 92.0021729922449, 89.96033894785175, 42.06365528010224, 16.59363440071465, 36.68943424899996, 51.18750590852776, 42.05943621435067, 33.31343438860417, 52.309328303124666, 48.401856979207714, 55.96185087360647, 54.663481643205046, 12.636840978713897, 19.195356645290804, 86.85838096394518, 33.86113749757002, 60.403335438292835, 82.74486728928913, 70.8622433450657, 78.5716712600896, 67.86078717590989, 49.81841493236441, 43.45410120840666, 61.30713399416586], [85.07613062782843, 43.92544455600388, 73.05911170117511, 23.00808145960039, 56.91866149149582, 87.25436045555779, 60.34356102334117, 104.0262091530709, 82.22726623381585, 62.608694107390434, 53.34921972737309, 106.12884729140102, 55.46950248827405, 22.75442901037828, 85.73329505133188, 52.758163635619205, 16.415964531080387, 32.66218688282732, 53.91100009319906, 15.517387717622526, 0.0, 13.002257708905386, 43.90023931141361, 11.2122150204175, 91.18121801186439, 102.9531984924501, 47.915374911254204, 1.8471086223957451, 47.98760993884382, 62.678077633426554, 57.491170348926424, 40.01628780014292, 67.40323797913334, 58.223134165784565, 68.86193243401685, 47.91037814384994, 28.151013778260694, 16.13912442942489, 100.0771652962977, 46.00886838009879, 70.49406481373428, 85.76155357850075, 84.54363629611986, 85.29240505147821, 79.21782923031046, 62.7032018502468, 37.123104414061125, 74.68426117672134], [72.73833273297777, 31.054358547942158, 60.65396367106749, 24.561401687701068, 49.75093150047122, 75.84975851784209, 48.74723739037766, 92.93125523718527, 70.10147347282985, 54.767340690624415, 49.36646402372424, 94.11939956091439, 42.646843105267706, 15.19102516927101, 72.94410050110405, 49.68778751310652, 10.50314956300369, 21.43372792086761, 49.65739998848044, 13.281909472711973, 13.002257708905386, 0.0, 31.190176758694907, 4.7671060688634395, 80.6607732438517, 91.22355344626754, 34.96286200174165, 12.436937045519098, 35.86410734744134, 50.42457021258895, 50.03475535973711, 27.015852343873206, 58.545251934697426, 45.48046305704786, 57.303658807167, 41.41672267416789, 23.020408916540955, 5.922521016090804, 88.51645589957351, 47.072974050357686, 57.74322475275679, 73.58937749429055, 73.45428278695958, 72.3457436338366, 66.79157338120503, 51.211336066262895, 30.201559018430757, 63.42008327049843], [41.796616653869535, 2.5965794673395144, 38.76125960123768, 49.94527802984322, 52.472433108729945, 46.79167247691908, 20.532207237955355, 75.66282621152536, 39.52740812469337, 38.75313498773757, 45.7850614665768, 63.570233380443995, 11.681938163312154, 26.52590753256713, 46.850990224084505, 48.311909749675486, 30.699740821813148, 14.410868970527924, 45.29053341109343, 34.56934104891485, 43.90023931141361, 31.190176758694907, 0.0, 34.81235653476751, 66.76433449492707, 61.19928505005637, 12.259154359669612, 43.5691460093091, 7.560934954406075, 19.9042628924592, 36.40192377441398, 7.916089471924367, 38.55967694175434, 14.323227042254068, 28.53168883138016, 48.27408544139355, 30.514549178821632, 31.03203781771159, 58.86698467074245, 55.63586068112847, 26.59383954353742, 52.066754752209235, 45.283248519210694, 44.4090819712776, 35.75943601247113, 23.12550657793584, 40.38796725534088, 35.19951604140894], [76.55870485804176, 34.421601016008694, 61.90247940072967, 19.881287733705353, 47.517832461168496, 80.13312141592257, 53.01684357707813, 92.94939793657521, 74.06621442287565, 59.53435699507732, 53.83218269582148, 98.11721500306848, 46.03542631798646, 19.836803905561162, 74.78017766580165, 54.02151833139096, 14.68960164567995, 25.972734204122933, 54.15972658405867, 16.7567379470369, 11.2122150204175, 4.7671060688634395, 34.81235653476751, 0.0, 80.26809303107424, 95.3607785256492, 37.32297012150275, 10.048302503685122, 39.94148460452359, 54.35724355264431, 54.79544820151221, 29.904401649734446, 63.286249136556606, 48.978526507050816, 61.56457511344878, 38.85291443328782, 27.465687114189564, 4.933853128880738, 92.7265176180529, 50.564100297820865, 61.18980372537377, 74.55789157169887, 77.84089176833861, 74.59129341094956, 70.55496414112662, 55.5124966757028, 27.700604758128296, 67.7700676422985], [75.35354280422106, 64.33621785045291, 30.948719360088628, 77.45796562195669, 40.5920130814249, 89.41001222504819, 77.69657192402117, 14.539327270682064, 77.7502897875639, 102.70766437878254, 112.52964422593824, 91.56253738873693, 62.10827396826392, 87.32208706426327, 37.08127748496672, 115.07036155482778, 87.87091810313629, 78.57421884648204, 112.00233658762338, 92.0021729922449, 91.18121801186439, 80.6607732438517, 66.76433449492707, 80.26809303107424, 0.0, 93.8972186742582, 54.633857754448414, 89.66959781014518, 72.05414736490188, 71.0124273522381, 101.7121506276149, 62.34653275803659, 99.81361940835203, 63.39570223156153, 80.21929857255529, 48.73136297859558, 94.19410118288442, 75.58549136093305, 94.48979835670308, 121.02169184948573, 63.17918644115431, 22.992443538594838, 91.47690518019984, 44.01135813564603, 71.74912863182762, 79.17420466917928, 56.24771379451445, 85.2363430671415], [21.210543245187854, 62.32742555942175, 66.15921251450087, 111.08082150740611, 103.803848463349, 16.28917960895411, 42.60963784914932, 93.10046064152306, 21.9467217603538, 52.406170046782876, 72.16571723978208, 6.01933128281193, 51.72678228909022, 81.27141387791623, 56.860581559239144, 75.86888382920583, 87.27142444830469, 70.29102476273056, 70.96663775731898, 89.96033894785175, 102.9531984924501, 91.22355344626754, 61.19928505005637, 95.3607785256492, 93.8972186742582, 0.0, 64.83026451521012, 103.04097450350363, 55.42034774652952, 41.29525539149844, 56.78682038271031, 68.00991422905192, 44.86724553822298, 48.46232444704722, 34.10741749462262, 103.31611243374782, 79.79929144971067, 92.01233178956466, 3.948315637080727, 91.48802350946399, 38.33720237099042, 70.9172711389364, 20.22098735347512, 49.89128932583358, 27.079695978748, 40.2752873793331, 98.58723928863103, 28.74897211902602], [43.98625238917114, 9.744644865363396, 27.82146704131907, 48.09408189319069, 42.29283840475918, 52.26305655505769, 29.021679102312735, 64.02427842331335, 42.94144486637973, 50.447581985112315, 58.00246186318566, 66.13806794175844, 13.626471045018372, 35.23358974196869, 38.277954673514515, 60.45885486728693, 37.871566176295566, 24.575478709119583, 57.526935470538604, 42.06365528010224, 47.915374911254204, 34.96286200174165, 12.259154359669612, 37.32297012150275, 54.633857754448414, 64.83026451521012, 0.0, 47.13422214337444, 18.673473539348457, 25.387384152093478, 48.43783366276025, 8.797306396527874, 49.45627733505845, 16.777998445091864, 35.5420586330774, 39.554173119977605, 40.80362192117015, 32.6704269374361, 63.13289294977372, 66.96239737858882, 26.91480614139929, 41.255117689138956, 51.74495776077865, 37.383017757609394, 37.89010506497251, 31.383127766131132, 33.76803621591279, 42.20438919146257], [84.94208962271982, 43.48706422916497, 71.94763528562451, 21.20920888482781, 55.158493711022686, 87.42950765671976, 60.44285964985069, 102.5922155545028, 82.17434203109285, 63.447459607500996, 54.64005299671205, 106.12581480647596, 55.070961394306735, 23.386441304711163, 84.7879843574054, 54.13687307953501, 17.077471286449203, 32.784063247935066, 55.17530970766328, 16.59363440071465, 1.8471086223957451, 12.436937045519098, 43.5691460093091, 10.048302503685122, 89.66959781014518, 103.04097450350363, 47.13422214337444, 0.0, 47.908160139095116, 62.56672050883899, 58.37449842958295, 39.393505629878405, 68.090693120633, 57.879222893314136, 68.98084696555696, 46.13059490602719, 29.175369637472325, 14.97368452837338, 100.21451986361195, 47.68802978821814, 70.14782125960535, 84.56764572334761, 84.79971204278111, 84.48082996744789, 79.0439358483792, 62.83428523842939, 35.38610245824327, 74.88801535508658], [37.11324801370345, 9.93634855345386, 42.75370152390786, 56.37802631964853, 59.923921307403894, 40.395825472322095, 13.492605490001624, 80.01597784757872, 34.26849794834765, 31.77411199848063, 40.86346359367068, 58.25915192062967, 11.579177273514576, 28.05982336807481, 48.69155988318704, 43.73110547358864, 33.27342771902455, 15.82912529763133, 40.22758097783887, 36.68943424899996, 47.98760993884382, 35.86410734744134, 7.560934954406075, 39.94148460452359, 72.05414736490188, 55.42034774652952, 18.673473539348457, 47.908160139095116, 0.0, 14.707166737461451, 29.915716414527388, 15.460286093834416, 31.118971239915375, 12.646299644577693, 21.865905919900204, 55.83384985721035, 30.01927987295437, 36.67575929349485, 52.832556130240576, 52.906947340225415, 23.915945526224196, 55.67136654945794, 38.51215582327169, 45.22700430221932, 31.345858970292937, 16.088097489689037, 47.86550010540128, 28.36994186163081], [22.406499373895592, 21.11110446309038, 40.117160578283205, 69.81259042371136, 67.33656395962285, 27.25402263787553, 7.359431944338307, 76.47289283393899, 19.71139430683881, 33.013148672469164, 47.890928835956366, 43.76986345619142, 11.805489479097025, 42.475519221678894, 41.281580902086105, 51.30990869614597, 47.89717499522075, 30.446840026922246, 46.981181781999624, 51.18750590852776, 62.678077633426554, 50.42457021258895, 19.9042628924592, 54.35724355264431, 71.0124273522381, 41.29525539149844, 25.387384152093478, 62.56672050883899, 14.707166737461451, 0.0, 33.559448073517785, 26.907162030435565, 28.9917284719073, 8.911625000615812, 10.3326344013305, 64.94113797293534, 43.37899724979212, 50.81425614023163, 39.011634882840426, 63.22586757422765, 11.471863163539927, 51.33197097349455, 26.389196805528922, 36.23135553865992, 16.682050419139276, 8.23046215479323, 58.62400882252412, 16.863232315426234], [47.92860300594543, 38.998489950283066, 71.67848826480652, 74.48226077597431, 87.89935831499189, 40.96792218418774, 26.211738439261868, 108.8440933951735, 43.38934110906112, 5.355517641415606, 15.836944977400583, 61.88606528750204, 39.750291597534364, 35.29596612880082, 74.76506652787772, 19.569273485728743, 41.40641260962814, 31.38538701617568, 14.705362297779788, 42.05943621435067, 57.491170348926424, 50.03475535973711, 36.40192377441398, 54.79544820151221, 101.7121506276149, 56.78682038271031, 48.43783366276025, 58.37449842958295, 29.915716414527388, 33.559448073517785, 0.0, 43.25346939625869, 12.257568953908597, 39.00221063712096, 29.356247478891696, 82.44527018989173, 29.499855471568836, 53.9918388791311, 53.01493386504974, 34.71077626019812, 44.752713187106856, 83.94601519423725, 36.63848835894791, 69.77993281573585, 44.8813555828809, 26.042236377692827, 72.83428930249194, 30.471002663777444], [47.95644326724508, 5.905324608080634, 36.5531616638385, 43.16036231165565, 44.905802761268774, 54.10265896955588, 28.32703279695702, 72.34761416780638, 46.13052677837889, 46.014397441090814, 51.135922389605206, 70.01140489271219, 16.655225529298676, 26.45115556262944, 46.92444124591546, 53.31179431099748, 29.140419293295192, 16.25022917987955, 50.77704774289571, 33.31343438860417, 40.01628780014292, 27.015852343873206, 7.916089471924367, 29.904401649734446, 62.34653275803659, 68.00991422905192, 8.797306396527874, 39.393505629878405, 15.460286093834416, 26.907162030435565, 43.25346939625869, 0.0, 46.26576680527483, 19.82740056671842, 36.108326590138454, 40.41725037245778, 32.25785171086687, 25.572845247344627, 65.87578860253991, 58.75465927841044, 31.699258124844622, 49.978548150827706, 52.83572194393456, 45.64325525569868, 41.82775454414286, 30.904212988811434, 32.49522712654789, 42.82246055992553], [38.272056019013945, 41.03245046076723, 69.02131570023656, 82.42628076701615, 91.02675988525796, 29.428288580561382, 22.11777981959783, 105.4413867877743, 33.64634250957905, 7.5389284268906955, 27.298823725749074, 50.150094707519244, 38.19400674679394, 44.70522416898554, 69.62521348320409, 31.006576273628973, 51.019409950952564, 38.02246791542517, 26.100765115138344, 52.309328303124666, 67.40323797913334, 58.545251934697426, 38.55967694175434, 63.286249136556606, 99.81361940835203, 44.86724553822298, 49.45627733505845, 68.090693120633, 31.118971239915375, 28.9917284719073, 12.257568953908597, 46.26576680527483, 0.0, 36.49367402814074, 21.597850065747917, 86.61986115948744, 40.131754667106314, 61.72840117343226, 41.03572742765111, 46.71113874695133, 38.8922118922102, 80.28908260856126, 24.930509167405777, 63.926032430124316, 36.327941674119835, 20.761267511827835, 77.92615067383329, 20.46675153180792], [28.136259609121048, 14.587365886822708, 32.83122857996821, 62.96378982259483, 58.45855071146941, 35.48707004501814, 14.4305324381722, 69.8645139929098, 26.51649684165133, 39.439133007408316, 51.917111880762164, 50.2328300394537, 3.2650183760474794, 40.008705882540156, 36.61285848944212, 55.05932490421213, 44.6966230569024, 27.623086348048645, 51.146423208616596, 48.401856979207714, 58.223134165784565, 45.48046305704786, 14.323227042254068, 48.978526507050816, 63.39570223156153, 48.46232444704722, 16.777998445091864, 57.879222893314136, 12.646299644577693, 8.911625000615812, 39.00221063712096, 19.82740056671842, 36.49367402814074, 0.0, 19.2440587342924, 56.26824472729938, 42.59894413785499, 44.99214585283718, 46.56329082139634, 65.25779396442228, 12.271276589867245, 44.947694223072084, 35.03841101871051, 32.727321664219474, 22.003071277003354, 16.249230988828344, 50.403607663221294, 25.735893786144594], [19.20247919795097, 30.20433204583038, 49.27872910205047, 78.22361598544249, 77.63285894604878, 18.57360952512409, 8.556621668039915, 84.71968349037205, 15.013923262317398, 27.280034526575697, 44.923116553307146, 37.6345069503362, 22.070513593168304, 47.23834771445013, 48.279239975031835, 48.58034385842253, 53.18300118677649, 36.205163291967395, 43.86362382387759, 55.96185087360647, 68.86193243401685, 57.303658807167, 28.53168883138016, 61.56457511344878, 80.21929857255529, 34.10741749462262, 35.5420586330774, 68.98084696555696, 21.865905919900204, 10.3326344013305, 29.356247478891696, 36.108326590138454, 21.597850065747917, 19.2440587342924, 0.0, 75.04913043257118, 46.37105410734535, 58.48766189286384, 31.237439078299815, 62.30453573135828, 17.621339096510468, 59.60537144689668, 16.751762447075016, 42.39873099918516, 15.534833158973232, 6.168558435207505, 68.34298232727569, 6.734872999156199], [82.12836450313044, 45.96363852987267, 45.357593156088065, 29.57601753360477, 9.218193423589804, 91.66329429083189, 68.07953197806484, 63.07112654186601, 81.77354691543242, 85.8126566748668, 87.0270134410673, 103.86467376334497, 53.16909162406258, 53.970428537246335, 60.690909585041695, 88.24692963508338, 51.39386812136602, 51.531420091678434, 86.99567639376778, 54.663481643205046, 47.91037814384994, 41.41672267416789, 48.27408544139355, 38.85291443328782, 48.73136297859558, 103.31611243374782, 39.554173119977605, 46.13059490602719, 55.83384985721035, 64.94113797293534, 82.44527018989173, 40.41725037245778, 86.61986115948744, 56.26824472729938, 75.04913043257118, 0.0, 62.23010020694642, 35.49520644299613, 101.99056111226437, 88.16881605021179, 64.98709809960992, 53.300053020566274, 91.29017231757679, 64.17447413476987, 76.25770891662802, 70.56109946437964, 11.21597693978639, 81.73744060316854], [64.81221748628008, 32.192134339018196, 68.58169336896022, 47.258502918008034, 69.63462367023293, 63.56192401239434, 38.59145138606846, 104.58825963150916, 61.111597300884725, 34.72526610713415, 26.367153888964072, 83.83845632713766, 41.00398732277548, 8.293274589883264, 77.36119327996086, 26.708788781363637, 12.870980816124403, 16.313434052831663, 26.701841469673692, 12.636840978713897, 28.151013778260694, 23.020408916540955, 30.514549178821632, 27.465687114189564, 94.19410118288442, 79.79929144971067, 40.80362192117015, 29.175369637472325, 30.01927987295437, 43.37899724979212, 29.499855471568836, 32.25785171086687, 40.131754667106314, 42.59894413785499, 46.37105410734535, 62.23010020694642, 0.0, 28.286157474722394, 76.49307624132646, 27.041002863511995, 53.76975666227679, 82.00878278087978, 60.153604558564126, 74.67472113180578, 59.68956009454369, 40.41763680732608, 51.297952331562655, 51.060542262017485], [72.82363593628507, 30.405434399786547, 56.97395189793757, 20.697903002074113, 43.86461983557724, 77.05128318193049, 49.98789021610629, 88.15066293061685, 70.50993805657612, 58.500139567396936, 54.467930390621675, 94.56821485653994, 41.96621357549346, 20.150021468549685, 69.91995448171487, 54.99084720599812, 16.209648183613496, 23.819805299919512, 54.68908458061772, 19.195356645290804, 16.13912442942489, 5.922521016090804, 31.03203781771159, 4.933853128880738, 75.58549136093305, 92.01233178956466, 32.6704269374361, 14.97368452837338, 36.67575929349485, 50.81425614023163, 53.9918388791311, 25.572845247344627, 61.72840117343226, 44.99214585283718, 58.48766189286384, 35.49520644299613, 28.286157474722394, 0.0, 89.49721702313217, 52.933466799034406, 57.12006126841093, 69.62529082640448, 74.96669770365243, 69.83630016137643, 66.76830062311194, 52.53132196557673, 24.279683120008546, 64.8435972151711], [20.320739437689816, 60.11809047069222, 66.10142773536148, 108.80922135535822, 102.81532503892649, 12.947743340060194, 39.78783271492232, 94.28793973869757, 20.23516404124567, 48.57323625329819, 68.3278201805156, 9.861893585996732, 49.82390379483827, 78.20505968591564, 57.60156857542813, 72.02408329914628, 84.26465622779466, 67.43316567270757, 67.12665668886835, 86.85838096394518, 100.0771652962977, 88.51645589957351, 58.86698467074245, 92.7265176180529, 94.48979835670308, 3.948315637080727, 63.13289294977372, 100.21451986361195, 52.832556130240576, 39.011634882840426, 53.01493386504974, 65.87578860253991, 41.03572742765111, 46.56329082139634, 31.237439078299815, 101.99056111226437, 76.49307624132646, 89.49721702313217, 0.0, 87.69834266631217, 37.06660152902906, 71.57193938456217, 16.58029352018693, 50.593529521709954, 25.820740255734595, 37.38059612538009, 96.89450682236348, 25.552862351473376], [81.4669756545308, 57.713779344749625, 94.37703416505249, 68.65201243708229, 96.02295695437873, 75.65447964553098, 56.66695544085214, 130.98574189592833, 77.10142979834173, 39.20679943348148, 19.7082030263002, 96.59035809668966, 64.48508853983478, 34.76122617136854, 101.59412210370584, 16.272932243722764, 36.798789461262466, 42.50643472646293, 20.9142113660074, 33.86113749757002, 46.00886838009879, 47.072974050357686, 55.63586068112847, 50.564100297820865, 121.02169184948573, 91.48802350946399, 66.96239737858882, 47.68802978821814, 52.906947340225415, 63.22586757422765, 34.71077626019812, 58.75465927841044, 46.71113874695133, 65.25779396442228, 62.30453573135828, 88.16881605021179, 27.041002863511995, 52.933466799034406, 87.69834266631217, 0.0, 74.6051462006542, 107.70260926310566, 71.34873124253161, 97.98257224738495, 77.55975142506962, 57.5402774032911, 77.01844934573263, 64.67797201707893], [17.205564884183374, 26.76822791746745, 32.42898375274033, 74.55263680809699, 65.80254087164604, 27.93224409841329, 18.62258317546028, 67.13837522176345, 16.989726458789193, 43.75351830806006, 59.327545190351834, 39.271456587069345, 15.159791769067585, 51.881531552892746, 30.73780819338936, 62.766692095387015, 56.79282025970457, 39.52801269694823, 58.40308827179532, 60.403335438292835, 70.49406481373428, 57.74322475275679, 26.59383954353742, 61.18980372537377, 63.17918644115431, 38.33720237099042, 26.91480614139929, 70.14782125960535, 23.915945526224196, 11.471863163539927, 44.752713187106856, 31.699258124844622, 38.8922118922102, 12.271276589867245, 17.621339096510468, 64.98709809960992, 53.76975666227679, 57.12006126841093, 37.06660152902906, 74.6051462006542, 0.0, 42.064952681179584, 28.97391687056329, 25.161809283586578, 11.271905390865447, 18.783802894850165, 60.47304516664831, 22.0664260881229], [52.736947683184134, 50.0346415569761, 13.43394962448569, 77.60498166879094, 48.01955750402951, 67.03025194028923, 58.48174421103973, 25.15647014313213, 55.42307974038543, 84.13297616326098, 96.45398102389262, 68.58502738815157, 44.50752197200366, 76.4075358570206, 14.091579880802835, 99.39416242336281, 78.50854804351532, 65.7152549552789, 95.76217373055444, 82.74486728928913, 85.76155357850075, 73.58937749429055, 52.066754752209235, 74.55789157169887, 22.992443538594838, 70.9172711389364, 41.255117689138956, 84.56764572334761, 55.67136654945794, 51.33197097349455, 83.94601519423725, 49.978548150827706, 80.289082608561