instance_id,num_cities,city_coordinates,distance_matrix,best_route,total_distance
616,86,"[[23.547840337141647, 21.76560719721905], [81.64118668057921, 49.560361906820404], [73.61468202438977, 29.02996527243965], [88.6436621138514, 81.45087132885885], [17.524825979801083, 21.523668589791423], [81.31845528871156, 62.71217233502925], [31.48467054937739, 7.717389973937571], [28.588830990028104, 81.28047101170783], [71.09064042366032, 77.18896951863886], [48.52868277399117, 62.32153015203653], [51.647193397942495, 27.050791780040505], [71.77634927223066, 44.93307305870141], [81.71543577520023, 24.954772374570545], [25.985811696540996, 0.2686072157713215], [44.65445900435103, 66.96173023245538], [20.688001553582836, 5.024499182052688], [40.69132230185431, 73.24849532179817], [27.9440394465994, 38.142661296526605], [66.12763092218596, 56.08857659326046], [77.91416396074759, 70.91300259918327], [15.765955909682427, 0.6595965360555955], [42.54677392833462, 19.673089210565443], [1.0976668175334936, 50.53949268815793], [3.2473829179287983, 8.084312087259482], [34.44129262703156, 98.34194317378211], [11.100078889388998, 24.48492418676189], [36.52923346800942, 41.32819752116339], [30.695229048878346, 86.00674629551338], [53.15221894082072, 58.49674901333767], [78.67710088746175, 60.803170409966555], [86.37709409947888, 18.579468698721037], [72.32668358991695, 51.44766186241346], [72.40433662564128, 74.20083518509786], [46.33963883690281, 60.85126360120528], [36.770274929829625, 32.695204142746626], [37.9718862047302, 52.36106813649326], [94.78226044636159, 44.48417952319985], [7.309017815083729, 92.32180426433992], [70.27158063559285, 90.53453276792467], [7.644548272770546, 47.03353686116425], [39.550494784932624, 24.70346791856638], [88.29734473634701, 51.224715492313585], [95.55325184820133, 48.48645779897732], [48.87833394315577, 74.99938455173144], [41.62723235479986, 47.421347479350715], [82.62369128803432, 93.85302574819002], [62.696268390411916, 89.76288200978874], [71.92375029131013, 8.50220842947026], [87.30484800448886, 53.33473914496009], [22.549974589363387, 87.11628600219767], [77.27351057091842, 44.842721769980045], [77.94760906477792, 73.91220050003872], [21.636873535740676, 90.26940831451225], [64.42074734807034, 61.323488566169935], [27.594744867653375, 94.87678141988266], [53.622123074264096, 28.129529594246804], [65.17514570812888, 43.159184053952735], [36.55510602879457, 10.772850306948111], [94.47098881520745, 67.11708845420327], [15.825501324337687, 18.577094668185325], [63.78765424246146, 32.49873840779931], [35.68059108700925, 92.84669657895694], [82.73057151847961, 60.85281520546359], [2.5162288984568626, 65.3264420121453], [79.77482461664074, 42.87685379782303], [93.14918969031812, 78.2437027692335], [99.79199260146738, 37.3546752807738], [62.329589377260284, 75.48374254475057], [42.5514475947909, 71.58447194535829], [73.97218276294531, 64.10781932619712], [0.747660001903705, 62.12738946568728], [99.98273165060303, 66.3986126665737], [90.34763437603577, 73.44559353882248], [10.917225814574216, 27.912774620949254], [9.42914625257406, 79.57119320901967], [63.10492678263173, 83.2318778200412], [40.674389260460984, 29.757398358840813], [9.904995037338626, 5.060529264513414], [20.461058673296872, 62.00923789324661], [98.13130512827699, 92.87833748154071], [17.991355675218625, 99.90247385970585], [25.984684857307407, 7.709271419183372], [16.974936023499144, 11.40980968246651], [38.79949128745643, 95.60156877330353], [99.87334497773193, 72.70637766703622], [89.4634650078235, 15.452461203337952]]","[[0.0, 64.40019626325292, 50.59110133986992, 88.31645807689962, 6.027871617618825, 70.81006389255334, 16.13523104793856, 59.727971685129525, 73.02100335573358, 47.632188439875335, 28.5920761489968, 53.504397469225935, 58.2549563005079, 21.634803270462506, 49.8816488197735, 16.98362079897613, 54.262203636807435, 16.95684132088413, 54.69099372317003, 73.28822292253828, 22.494919676928784, 19.113819846567292, 36.49584602809172, 24.480326944611615, 77.34728524251885, 12.741328421706015, 23.477894023966922, 64.63752097692996, 47.17622294785573, 67.55121546215388, 62.90998813275821, 57.09991171820156, 71.66875444521835, 45.24549276319339, 17.1548496335467, 33.82506953839049, 74.76948666954762, 72.40080318254273, 83.14008077712195, 29.856037379176268, 16.27009449860202, 71.13604839660988, 76.80353601077577, 58.95310812632459, 31.386006836683713, 93.20167422806824, 78.46163904085998, 50.16120423959274, 71.14468440177421, 65.35829676729703, 58.472222970166484, 75.35649959167418, 68.53044988640974, 56.88075690357869, 73.2230922079623, 30.740234065923648, 46.80296660655597, 17.03025733281357, 84.18342973676208, 8.354707174789496, 41.64664126575276, 72.10911806736388, 70.92535160266947, 48.37225454205238, 60.059624492653555, 89.63327011341558, 77.82152528844055, 66.25452530828711, 53.320318581159746, 65.84434096450568, 46.356463316420154, 88.51213355991423, 84.4572878555012, 14.0470669733244, 59.50481742532517, 73.09490756772311, 18.899402212605203, 21.568190851625136, 40.36183881636837, 103.05199478293083, 78.33418445116682, 14.266001076697975, 12.265627308982413, 75.39470855819565, 91.76352627650795, 66.21725898937723], [64.40019626325292, 0.0, 22.0436376980031, 32.650256559339674, 69.97831008009142, 13.155769574252956, 65.31853037688103, 61.81195487883159, 29.57454961427507, 35.48641049678765, 37.50093839267597, 10.896183697840236, 24.605701557923844, 74.34512657287273, 40.87573416832872, 75.48995857572878, 47.307706109277255, 54.89760931310222, 16.831161554124186, 21.675469150431134, 82.04164115231664, 49.20998046802266, 80.5494710660213, 88.68963398848616, 67.8783667273404, 74.86538228888469, 45.85691717860638, 62.640478398711345, 29.857667313347307, 11.62697499900022, 31.34078114935948, 9.50378182348155, 26.31486884472184, 37.06323975628193, 47.93570973450435, 43.75901917816389, 14.087421599054725, 85.7543717879386, 42.52235434889696, 74.03976864136825, 48.8824255023986, 6.861086861489705, 13.953452162852276, 41.47949363989863, 40.07108587880393, 44.30355951239406, 44.442688393600676, 42.192422743297534, 6.8060989654674415, 70.01584664250508, 6.429053045327029, 24.63035847230213, 72.51030309830081, 20.8546081144796, 70.5308141887064, 35.27532422224324, 17.6665102159554, 59.47458049158024, 21.744941247869345, 72.74384707789699, 24.695092972922208, 63.135434715093965, 11.344878175947272, 80.6804079433797, 6.939206582653545, 30.90579518960055, 21.873055149909952, 32.325832612704154, 44.867238880776156, 16.445125066634873, 81.86386773283378, 24.898573463870143, 25.422559304446775, 73.96280603029889, 78.19992824948699, 38.4364919692021, 45.50204232936818, 84.41751178913692, 62.43382557807003, 46.35052334452296, 81.1518898294292, 69.63591006232517, 75.0812134229826, 62.89040939506921, 29.464379201751285, 34.993384069385094], [50.59110133986992, 22.0436376980031, 0.0, 54.532757442709254, 56.589896986923534, 34.55197816500873, 47.21402051021492, 68.97421700445626, 48.22510213558542, 41.68495712512377, 22.05646581540446, 16.00900698260577, 9.068043255637496, 55.639239804035, 47.72329944955879, 58.11622757780837, 55.12917571618038, 46.570901025164716, 28.07533402861422, 42.10313955792925, 64.4309935926245, 32.44635639177692, 75.63978625140979, 73.41850700533205, 79.61598280165384, 62.67960596236344, 39.07143471990095, 71.33325325168082, 35.874834347760796, 32.173974722694005, 16.49521265736471, 22.4546667837073, 45.18708249766256, 41.91089366987515, 37.02626513876444, 42.59987388120993, 26.208760259858284, 91.6640496007779, 61.59535818308429, 68.38265231150997, 34.337842559454245, 26.611792905321014, 29.32330041706546, 52.20224540449665, 36.89769472264131, 65.44609550886304, 61.70655501410211, 20.5972826151901, 27.89520886383565, 77.34096586767684, 16.230535862484608, 45.090900365404785, 80.32410571793461, 33.57677890380686, 80.33453686096117, 20.01282583207111, 16.45784301205199, 41.31264237296461, 43.42366273376237, 58.72692661677908, 10.421269696701245, 74.23995184463469, 33.10276754484766, 79.82746557806074, 15.155318491910968, 52.94892773374684, 27.46911694561073, 47.804881956969275, 52.68596180581401, 35.079675765245845, 80.0315087115896, 45.734995891085056, 47.4630353928187, 62.70740889347539, 81.69576931305788, 55.21143250323711, 32.94832387646646, 68.06950916912876, 62.5534978873872, 68.3935628708577, 90.09365631163227, 52.184179753260025, 59.31720416591014, 75.12573393135857, 50.96220540518329, 20.86941635030678], [88.31645807689962, 32.650256559339674, 54.532757442709254, 0.0, 93.00085204551189, 20.119579891549073, 93.2940329784501, 60.05507287131556, 18.06301130753882, 44.442583872865484, 65.78835271052917, 40.225064735771625, 56.91932463805518, 102.55031070379624, 46.313984928100986, 102.26906747254787, 48.648801276151154, 74.56571094109796, 33.91485890991459, 15.038909800292464, 108.80436638401703, 77.08059070767017, 92.8429567705149, 112.5840864219232, 56.773278626974665, 96.21915834741704, 65.77037803267734, 58.127247409433146, 42.26741380520429, 22.92727406202926, 62.91224522495344, 34.15313113666061, 17.78422661792949, 47.052887519787916, 71.18962972727401, 58.42812271119756, 37.47290611285003, 82.05791580399047, 20.495030689982933, 88.00800733400078, 75.03603715679348, 30.228139743971692, 33.68078071639775, 40.28527033741451, 58.03923811278083, 13.785988647341345, 27.24622474030264, 74.84024899853146, 28.147989487739547, 66.33605696757644, 38.333235713079326, 13.085759767544939, 67.58458633533957, 31.493826960629626, 62.50780238262573, 63.79399408314719, 44.91129675977832, 87.79863512948118, 15.473043268281348, 96.20600985564118, 54.901115151002905, 54.175194745613055, 21.429991984403898, 87.62380939597375, 39.58043843916574, 5.530434785091626, 45.48362099231173, 26.982161698291367, 47.13637741772094, 22.71637645204651, 89.9950228544881, 18.84529089177525, 8.184619353760036, 94.38075385845929, 79.23681412683604, 25.6007614425767, 70.52138885320541, 109.7053419560489, 70.90024345921977, 14.85268839772343, 73.02198327253807, 96.76761332219965, 100.21056139932394, 51.81393252335762, 14.232777192979173, 66.0035015425805], [6.027871617618825, 69.97831008009142, 56.589896986923534, 93.00085204551189, 0.0, 75.93497205618866, 19.63391427161972, 60.7724250179165, 77.25232814959755, 51.241629991314326, 34.567109352371766, 59.08661436516778, 64.28224373096445, 22.877191989233253, 52.921020718512985, 16.79965091470151, 56.675781885174075, 19.615068897488698, 59.64030108538848, 78.01396320959638, 20.938078388119564, 25.090287427168672, 33.343209297393955, 19.607694499536468, 78.65884663461733, 7.074348725243015, 27.447893729235737, 65.81433603254033, 51.34510497803009, 72.68067136194634, 68.91518800832353, 62.439482468221534, 76.06999782592712, 48.754006700696706, 22.25287648595338, 37.00037138522808, 80.5971230421909, 71.53138298292632, 86.8603448147142, 27.35641180401477, 22.254015594598258, 76.7522090773384, 82.55560093318577, 61.9894721646364, 35.37818204674043, 97.310832754461, 81.83550242795037, 55.93568977813826, 76.68895411747269, 65.78482786751428, 64.13800395700888, 79.97168868696698, 68.86861161226766, 61.50815483438786, 74.04108608247194, 36.696760853461065, 52.33209817704454, 21.857073282894888, 89.43976693856831, 3.401470587871507, 47.54683413614996, 73.59759594016236, 76.1483487987227, 46.302709918969164, 65.81049193567117, 94.53151148658125, 83.77653297199005, 70.13669798562633, 55.96798926229715, 70.7086556352509, 43.933306809499086, 93.8779357118019, 89.43739549610959, 9.191357670164049, 58.609343492874444, 76.7166779494556, 24.570237809085352, 18.1410247790808, 40.59190540311241, 107.65172201764751, 78.38019370667485, 16.19897470257381, 10.128796619604783, 77.07234704841377, 96.9584874553974, 72.19437197132085], [70.81006389255334, 13.155769574252956, 34.55197816500873, 20.119579891549073, 75.93497205618866, 0.0, 74.21477068879304, 55.90344349346159, 17.725288533875272, 32.792099397297605, 46.390924169263265, 20.177912635039387, 37.75948682491196, 83.43200987451507, 36.90944819234202, 83.6894231903425, 41.97115720126501, 58.75788576146879, 16.572059784016158, 8.879347750094892, 90.26434699328958, 57.927592317522624, 81.13907217070485, 95.28533704812018, 58.88080289221309, 79.94962717327799, 49.632134450818356, 55.72565128313713, 28.47993440628522, 3.2589939280236226, 44.42167665529987, 14.41322845412902, 14.541350887102768, 35.02828259685235, 53.717397114379814, 44.56534987500175, 22.66128353097564, 79.7127790141084, 29.935216379035264, 75.3237292313376, 56.47321609456364, 13.441226232586537, 20.12462141634721, 34.689148980230975, 42.53472114351421, 31.168195204629587, 32.84093084526274, 55.01800313197679, 11.125338241227643, 63.63407175082964, 18.321540362828124, 11.696291513228159, 65.73653820643021, 16.954674171363568, 62.616284934409435, 44.30627491755128, 25.355981442934684, 68.56712484640161, 13.870559620381487, 78.97614892888828, 34.93108322108396, 54.68915980613422, 2.3347978888205647, 78.84557876003981, 19.895292335730947, 19.524208411865757, 31.37314516752115, 22.88427482409957, 39.769317141685356, 7.477670128240747, 80.57291743602794, 19.024853598151502, 14.026132957055944, 78.53235761603533, 73.83968674447993, 27.437035806249412, 52.32549312840214, 91.78014084650655, 60.86145610840519, 34.53504653789217, 73.4400440696601, 78.02015931356264, 82.29228934212382, 53.754764419667936, 21.07529529069595, 47.95645399292294], [16.13523104793856, 65.31853037688103, 47.21402051021492, 93.2940329784501, 19.63391427161972, 74.21477068879304, 0.0, 73.62005690382918, 79.96832631810149, 57.20236426322136, 27.933989206970313, 54.84912434826288, 53.10609312684736, 9.258607522828257, 60.69048673899223, 11.127431070187304, 66.17467948244095, 30.63059261031555, 59.49711252114128, 78.418003758809, 17.230508934328395, 16.288304865867453, 52.5081181977257, 28.239671467961593, 90.67277020573223, 26.39473016953768, 33.9872623054092, 78.29333644141992, 55.20893005436569, 71.0297512716835, 55.95679509610187, 59.83649980274271, 78.06707090020922, 55.17135678467442, 25.530938375199103, 45.11254777598918, 73.20096789337241, 87.99073304928876, 91.4500056566199, 45.979461025783564, 18.80383909045904, 71.55813945343114, 75.94010798627234, 69.493930099127, 40.97896779530284, 100.17258703030217, 87.78169856636056, 40.44669467808883, 72.08907515366752, 79.90002179226452, 58.9483513890297, 80.87371387584672, 83.1373251802364, 62.91580851558324, 87.24615200131649, 30.1118290406048, 48.89957958952867, 5.919894745477608, 86.57713594379821, 19.056305173477288, 40.71360934228402, 85.232649801643, 73.82083568119589, 64.48235020859363, 59.73380011537138, 93.68283576719573, 74.4597805952096, 74.45594374024425, 64.81880679029092, 70.6050226020094, 62.491694344830435, 90.19684180352432, 88.23290346761486, 28.824873702410873, 75.16259170194157, 81.86744456080203, 23.879131047746377, 21.74261493091775, 55.39968203237132, 108.13954355870989, 93.16737217137408, 5.4999916839851535, 14.972186190246104, 88.18806883966309, 94.34288161510226, 58.49249467904954], [59.727971685129525, 61.81195487883159, 68.97421700445626, 60.05507287131556, 60.7724250179165, 55.90344349346159, 73.62005690382918, 0.0, 42.698292584137064, 27.514344035192426, 58.92831396285023, 56.44727693458557, 77.4275174790041, 81.05367224952633, 21.52047260164202, 76.66417902429372, 14.52525144140812, 43.14262837562938, 45.20832937343266, 50.40310381273202, 81.63425461499004, 63.16877126761887, 41.240415320993264, 77.45880628878815, 18.03732628606116, 59.42718728984433, 40.7336979486959, 5.17441695658934, 33.503104568385304, 54.11242575649544, 85.2695669290063, 52.94333056946669, 44.383778315301974, 27.063696987625338, 49.26930263022093, 30.403512754632764, 75.73332932400267, 23.97376667852207, 42.69764954892369, 40.14368539698469, 57.62911896041669, 66.84650367547994, 74.56326819196761, 21.239490982664233, 36.28278044097918, 55.47824132060145, 35.146387899206154, 84.70295588311984, 65.02718342055579, 8.39788802206097, 60.810423413235604, 49.90571493692417, 11.363569257938778, 41.01472148169779, 13.632602977206563, 58.75107051056216, 52.83740099557724, 70.95622675593408, 67.38738847271101, 63.98918650078707, 60.15492161241069, 13.56726336243315, 57.86723761497997, 30.56651143235497, 63.99096622691533, 64.63174047531611, 83.66221222308482, 34.23508196959971, 16.999031159046947, 48.523690956647364, 33.79306637016671, 72.92844958818664, 62.25379587371905, 56.217405200999046, 19.235777859119498, 34.57121428726216, 52.921524300615545, 78.47652671883944, 20.915092845567266, 70.50295182416896, 21.42627996453987, 73.61727369689561, 70.82931505301393, 17.588388920155833, 71.79830785712352, 89.66073801910943], [73.02100335573358, 29.57454961427507, 48.22510213558542, 18.06301130753882, 77.25232814959755, 17.725288533875272, 79.96832631810149, 42.698292584137064, 0.0, 27.02004230761049, 53.77624474792913, 32.263184174213386, 53.303823761035176, 89.16943260617494, 28.34551307440894, 88.02350131656586, 30.653643815486767, 58.191437184949336, 21.676209191578756, 9.270827052387762, 94.43286316573553, 64.20925791593922, 74.89466582852417, 96.84090699542881, 42.315753430294045, 79.85351506065176, 49.80447589332744, 41.34661349402938, 25.907259073757753, 18.05682128168156, 60.57020102610602, 25.770966659426996, 3.2641606128353584, 29.656916801856138, 56.19237176837325, 41.39174516803379, 40.38435523746575, 65.55225449992994, 13.370673781717858, 70.24782365296936, 61.233231705695275, 31.14824490156354, 37.71277683657612, 22.319965087588535, 41.88321545567036, 20.26578476797484, 15.118490571736253, 68.69181334753146, 28.843107221565717, 49.54541201969785, 32.931863395129504, 7.599686450540435, 51.15440292386655, 17.21048980979209, 46.954782717768445, 52.076652581374596, 34.54011257222598, 74.85856014565383, 25.457483754021265, 80.55797585064253, 45.283003035388816, 38.71738641385134, 20.058861723338534, 69.592883794755, 35.394015600610615, 22.083750994327925, 49.09723632001418, 8.925458782051672, 29.08428992381109, 13.394766762072067, 71.93737615667604, 30.841282989864244, 19.617458546103546, 77.77520947777684, 61.707494302733735, 10.014407775583512, 56.34627119437284, 94.58432795571184, 52.856208721735506, 31.262658472094675, 57.75324510577532, 82.83704289474173, 85.17867885497128, 37.17179204517101, 29.129670632450157, 64.4123989785014], [47.632188439875335, 35.48641049678765, 41.68495712512377, 44.442583872865484, 51.241629991314326, 32.792099397297605, 57.20236426322136, 27.514344035192426, 27.02004230761049, 0.0, 35.408333677504366, 29.03123210785452, 49.97634602052328, 66.0208018835625, 6.044920727649267, 63.70285149655143, 13.447036364619432, 31.754452287008235, 18.670101392030734, 30.615680678163873, 69.82542752355289, 43.06591167241083, 48.87246342739418, 70.65459602928044, 38.67718598101203, 53.22132222823775, 24.180711292212, 29.648297346204505, 6.000503099318206, 30.186628348508542, 57.84349730132969, 26.164591615671632, 26.66767209398546, 2.6369674038555235, 31.874430941404544, 14.514019338826879, 49.5738290325658, 50.98114579075212, 35.61919600474096, 43.64899990578999, 38.67462302037486, 41.28784046021747, 49.01754097901633, 12.682675116865594, 16.420884920367797, 46.440336132535926, 30.882815188702804, 58.68431285119564, 39.80393702371322, 35.91202022458701, 33.64184696968419, 31.619880822337095, 38.78470443217328, 15.923372866130501, 38.704962748709676, 34.56929325624603, 25.38306987344848, 52.9210065460261, 46.191913402826884, 54.61752203029519, 33.499777875319324, 33.11886540007497, 34.23340937278453, 46.110469602197654, 36.80240234782352, 47.37620941276115, 57.019915614024846, 19.07115251218636, 11.02403878140567, 25.50612712078477, 47.78141718024736, 51.615324736236104, 43.27319608403544, 50.9763097115533, 42.735519556559495, 25.489400326336796, 33.49794928113216, 69.06961326820476, 28.0693613948158, 58.259236337205245, 48.42370985680918, 59.08240555335859, 59.89692993105591, 34.673017428754065, 52.3843430303945, 62.22833776222161], [28.5920761489968, 37.50093839267597, 22.05646581540446, 65.78835271052917, 34.567109352371766, 46.390924169263265, 27.933989206970313, 58.92831396285023, 53.77624474792913, 35.408333677504366, 0.0, 26.92506081591156, 30.141209282403135, 37.091669157097826, 40.51890105187658, 37.99511975593759, 47.47903667942547, 26.17000337431819, 32.448051062465765, 51.125798580464185, 44.54164781521954, 11.715294692258361, 55.74023419267695, 51.983353166546685, 73.33806166230343, 40.62821890602623, 20.794158485971742, 62.56827776849033, 31.48195242044353, 43.24163459063334, 35.748137258977195, 31.982004071292227, 51.51684761390194, 34.214646436164834, 15.91169676769726, 28.768456963638755, 46.52480002616829, 78.90613971511965, 66.15930146090358, 48.32745471250265, 12.322339333285736, 43.90458040768358, 48.85928515965975, 48.02847209172715, 22.70152327058243, 73.63478719104343, 63.678004987383964, 27.480696930082146, 44.29801599531993, 66.74212866358343, 31.19712974965599, 53.73735657316097, 69.98008841637919, 36.575694463821094, 71.96447144894614, 2.250338307502747, 21.035346333181977, 22.19780348952156, 58.64456993722257, 36.81028614069204, 13.306799464041179, 67.70549074974329, 45.92116269256623, 62.2806316067856, 32.27426028533864, 65.9024266002383, 49.23506581232947, 49.59701910030253, 45.45306657182074, 43.26232125885178, 61.815291030093746, 62.32636092932996, 60.416899640212925, 40.739087787532156, 67.38513241828399, 57.33754514232872, 11.301687918710924, 47.180321845847935, 46.84728331198814, 80.58559682996285, 80.25012769245265, 32.1350082381757, 38.036899879147235, 69.74433651487313, 66.40929316655667, 39.55491967680842], [53.504397469225935, 10.896183697840236, 16.00900698260577, 40.225064735771625, 59.08661436516778, 20.177912635039387, 54.84912434826288, 56.44727693458557, 32.263184174213386, 29.03123210785452, 26.92506081591156, 0.0, 22.314074902156616, 63.96630238262109, 34.94078803607162, 64.82833903077726, 42.04809198627805, 44.355169671076816, 12.504130441885644, 26.695121428436625, 71.39541223376092, 38.632044455252235, 70.90069177796133, 77.80777862604418, 65.16451382209328, 64.02918537558251, 35.430979384675815, 58.09221180132437, 23.039781596267826, 17.305500940271777, 30.127963958302796, 6.537792834181399, 29.274498595251295, 30.00691633470818, 37.08356342734339, 34.61093518178471, 23.010290184137563, 80.01080346106957, 45.62628032463003, 64.1661892870366, 38.049213152998114, 17.67846304512308, 24.04095753541498, 37.7928854787043, 30.25162409678809, 50.10814903735343, 45.740131606843455, 36.43116282379402, 17.655658183787253, 64.82792159752144, 5.497903754992814, 29.628943192229784, 67.59696976608748, 17.965260926971695, 66.68124303452426, 24.737320020744985, 6.8353910419140105, 49.06584141806493, 31.736055253504794, 61.847675647590755, 14.779442698873455, 59.98849121128787, 19.324419138478948, 72.20009537016503, 8.258549841463887, 39.57772554416456, 29.022549578414097, 31.97787795584685, 39.552394879093185, 19.30006681702902, 73.08022452185135, 35.44530148739166, 34.02728985000329, 63.19433097157068, 71.32301936908001, 39.26820614874514, 34.60683486205737, 73.60627842432282, 54.08192354853496, 54.71135237544518, 76.90553010448659, 59.012608300151705, 64.24176275173852, 60.45469064124487, 39.506931246837034, 34.379362100115415], [58.2549563005079, 24.605701557923844, 9.068043255637496, 56.91932463805518, 64.28224373096445, 37.75948682491196, 53.10609312684736, 77.4275174790041, 53.303823761035176, 49.97634602052328, 30.141209282403135, 22.314074902156616, 0.0, 60.95242202075475, 56.01875139347124, 64.1994043368179, 63.366091581993146, 55.36500227892453, 34.8180043262587, 46.11516662428814, 70.28221299558444, 39.52316090495598, 84.58015479553242, 80.26112227920366, 87.29559810383451, 70.61691996561501, 48.06123104933388, 79.56384237855852, 44.05589123787398, 35.976924835152786, 7.897819654285394, 28.107327532366345, 50.11857210367549, 50.398463184937675, 45.60681711514217, 51.619794424369346, 23.497652022357563, 100.37246644021832, 66.57076530809944, 77.29144982889159, 42.16568987509107, 27.08193931354029, 27.2988163220211, 59.85598102688233, 45.95444538251037, 68.90423968096636, 67.54124519507363, 19.145860257064403, 28.92514551315751, 85.81728015854638, 20.377959433535125, 49.10220246363858, 88.74364939942316, 40.27145099467617, 88.42022694634376, 28.272129419562056, 24.59637778404141, 47.33478949288999, 44.0495746921045, 66.19787183033519, 19.450366942454295, 82.027558159682, 35.91239312084221, 88.89536590413852, 18.026840383450935, 54.501750716822905, 21.92075497733902, 54.12012441803385, 60.89455519385263, 39.91139001347948, 89.09312080670206, 45.2911249225339, 49.25316832314171, 70.85997679168733, 90.59945406962773, 61.17656466380716, 41.32109286272301, 74.51523540785462, 71.5900281395177, 69.87912036837683, 98.3764013495809, 58.338014202357556, 66.14225821991943, 82.66043873993858, 51.08742971235509, 12.260745270354345], [21.634803270462506, 74.34512657287273, 55.639239804035, 102.55031070379624, 22.877191989233253, 83.43200987451507, 9.258607522828257, 81.05367224952633, 89.16943260617494, 66.0208018835625, 37.091669157097826, 63.96630238262109, 60.95242202075475, 0.0, 69.25670400778509, 7.119360975942293, 74.4467333744818, 37.92464407786941, 68.75488805930954, 87.67658962324758, 10.227332250042673, 25.510770108508765, 56.09439973559106, 24.044154922937572, 98.43715956740493, 28.425605514138255, 42.391670156974484, 85.86738091182058, 64.25363942812537, 80.25462788969406, 63.10621711463275, 69.04181372445444, 87.2963561043757, 63.910378922169535, 34.172925474630915, 53.45362912742975, 81.77999874700497, 93.92876937633665, 100.54435163802083, 50.233062704942554, 27.947505163314595, 80.49380175182147, 84.64390021802647, 78.15853540112303, 49.67932119678356, 109.38872335241602, 96.73098185989674, 46.66997312280139, 81.09277755547343, 86.91561589966066, 67.95056838703071, 90.12994628621671, 90.10581258465844, 72.1452896262012, 94.62185419967517, 39.24279172467096, 58.0982399198439, 14.901312210686106, 95.70234547209438, 20.938782668882713, 49.67656043368843, 93.08432401628015, 83.00851778575372, 69.1617176269388, 68.62011795177548, 102.9127536805159, 82.599811042718, 83.53554188884041, 73.21456723113326, 79.86323817002777, 66.80923021861607, 99.24072643633266, 97.45417151641455, 31.484317874264175, 81.01248864119653, 90.88857449719276, 32.94454604226422, 16.77960611421201, 61.98732428827888, 117.39477996234426, 99.95408300563908, 7.440664288738213, 14.32907089796517, 96.19024869490958, 103.47269283404798, 65.26838355454437], [49.8816488197735, 40.87573416832872, 47.72329944955879, 46.313984928100986, 52.921020718512985, 36.90944819234202, 60.69048673899223, 21.52047260164202, 28.34551307440894, 6.044920727649267, 40.51890105187658, 34.94078803607162, 56.01875139347124, 69.25670400778509, 0.0, 66.41243613157441, 7.431680012706136, 33.31331349670734, 24.06912092857635, 33.49358934337461, 72.32232396532864, 47.33558815602521, 46.549801627578844, 71.9798327135525, 33.00040199291243, 54.131095284899075, 26.890468372218702, 23.61297816438882, 11.994491693185035, 34.575540773696844, 63.88756929481559, 31.724412223149763, 28.678569499052042, 6.338582926779466, 35.16184251113169, 16.05727601004284, 54.93666137741526, 45.142168008677736, 34.81255434532297, 42.034109761039645, 42.565375418790275, 46.39348130877331, 54.14815605773128, 9.079923262607444, 19.773483742769837, 46.527458287841895, 29.075752927412676, 64.50682085428421, 44.77444101227567, 29.913447636942216, 39.41133162512322, 34.0109229202423, 32.757550250004606, 20.55470564066756, 32.715194164524334, 39.854219416228645, 31.427055022294976, 56.769619920391655, 49.81677206095363, 56.322124956390155, 39.417977694523636, 27.39638275680595, 38.56305468963247, 42.16994906353066, 42.5854594153029, 49.789776145561184, 62.58374640499742, 19.622306886557705, 5.078621656803409, 29.45630210746256, 44.17213883536257, 55.331138208164504, 46.1509128720461, 51.604474976989685, 37.414184676641646, 24.59954194206061, 37.41661750249856, 70.98791395208225, 24.69509667825929, 59.425950582766426, 42.379401480627756, 62.124184840689175, 62.065867183499364, 29.23219113600157, 55.51690141109172, 68.27189623068358], [16.98362079897613, 75.48995857572878, 58.11622757780837, 102.26906747254787, 16.79965091470151, 83.6894231903425, 11.127431070187304, 76.66417902429372, 88.02350131656586, 63.70285149655143, 37.99511975593759, 64.82833903077726, 64.1994043368179, 7.119360975942293, 66.41243613157441, 0.0, 71.09603709233191, 33.90372763790831, 68.35422385642192, 87.27043340330346, 6.578670719048904, 26.313249885839934, 49.55195101034129, 17.706993912270736, 94.32549161547244, 21.6941559498975, 39.60938199042995, 81.59821658399288, 62.55563054262338, 80.46114469423227, 67.07305031159015, 69.43819925442233, 86.37097183713765, 61.43805108258703, 32.00480323279786, 50.39328753924152, 83.94656379802356, 88.31657081490967, 98.84582519478957, 43.98739501509208, 27.259043663257884, 81.8870152876491, 86.56643430623178, 75.4399060360913, 47.285770926260035, 108.28913516504416, 94.57953270604685, 51.35364067254723, 82.29023949617164, 82.11290036839584, 69.19111706579606, 89.57777651411182, 85.2501899765614, 71.28905428183356, 90.11734420494821, 40.23057035001388, 58.594881903682364, 16.876271658229808, 96.43349444964156, 14.398498285937734, 51.11177831904811, 89.09273874193464, 83.46305384934672, 62.98045435302402, 70.171599736953, 103.01298733717209, 85.45572939410275, 81.8445282943272, 70.05883418276956, 79.56156538434648, 60.484355828118325, 100.27181073048469, 97.6417461843906, 24.886566880724935, 75.39211771159692, 88.96959941076742, 31.79893072508597, 10.78306671110808, 56.98519061171908, 117.11431241532703, 94.91628931814967, 5.938253614087422, 7.386409534908736, 92.37007955024454, 104.16887869443785, 69.56153222337014], [54.262203636807435, 47.307706109277255, 55.12917571618038, 48.648801276151154, 56.675781885174075, 41.97115720126501, 66.17467948244095, 14.52525144140812, 30.653643815486767, 13.447036364619432, 47.47903667942547, 42.04809198627805, 63.366091581993146, 74.4467333744818, 7.431680012706136, 71.09603709233191, 0.0, 37.348531467807284, 30.683360425461505, 37.29603822687375, 76.74908544543571, 53.60752597090936, 45.64379865026319, 75.15596698341139, 25.860084996697175, 57.03970158177124, 32.19050162923881, 16.207863777515428, 19.310307200979025, 39.97255917396144, 71.24529610198378, 38.4196879652878, 31.727310455125988, 13.623319493213716, 40.74241080184875, 21.06371161756058, 61.263492005552585, 38.446968240228074, 34.26074683481952, 42.1819075057315, 48.5584305039186, 52.45360092511318, 60.1912769081196, 8.37214265945713, 25.844099777373618, 46.72119693335412, 27.512590209589618, 71.88564685985776, 50.68903691628722, 22.834712942817454, 46.3157043520923, 37.262198109140314, 25.549628116393244, 26.55732289116814, 25.284443834710228, 46.935345710239616, 38.792064409656376, 62.61241494367618, 54.128058162689214, 60.060561954695075, 46.839974782878656, 20.228616359591232, 43.828659119850144, 38.98841731846911, 49.497037911886885, 52.6951605784494, 69.14662354013397, 21.753411966271276, 2.4958044600410547, 34.51329643321784, 41.46293710526691, 59.68577816323778, 49.656703238491914, 54.238587676111614, 31.895143202520146, 24.536454347092427, 43.49110025935478, 74.81575142620223, 23.142698071447626, 60.70158424881625, 35.010327858356554, 67.16900367492751, 66.23058220870655, 22.432987257951876, 59.18450556995215, 75.6247543067324], [16.95684132088413, 54.89760931310222, 46.570901025164716, 74.56571094109796, 19.615068897488698, 58.75788576146879, 30.63059261031555, 43.14262837562938, 58.191437184949336, 31.754452287008235, 26.17000337431819, 44.355169671076816, 55.36500227892453, 37.92464407786941, 33.31331349670734, 33.90372763790831, 37.348531467807284, 0.0, 42.19055029046234, 59.75708002447976, 39.41174777233042, 23.544955879817966, 29.570410073098323, 38.90281739002174, 60.54888799497394, 21.68531277644627, 9.157139150615086, 47.94308789614952, 32.39970987827698, 55.56385692554656, 61.62094108892881, 46.33402789754641, 57.24430040997235, 29.224624814710435, 10.371943995592193, 17.39887363226036, 67.13838425098031, 57.97571604094144, 67.35375965290602, 22.161159947580053, 17.7573005879535, 61.75485083278062, 68.39590431925755, 42.38705858135602, 16.532506931568435, 78.06093153964856, 62.22832637191087, 53.0355674255358, 61.27401424747089, 49.26978640603168, 49.782401827884485, 61.480215593242804, 52.506933794539684, 43.21921994014089, 56.73519536296915, 27.561327712513098, 37.56754948134192, 28.69245582532541, 72.56274816604488, 23.01456851015835, 36.285239246945046, 55.248400044400476, 59.30695732400005, 37.22272804708263, 52.04654522619449, 76.54936410906161, 71.85227410809713, 50.76142622917954, 36.49289070874166, 52.84675400302124, 36.26169108368219, 77.38198732450361, 71.69731992913898, 19.863609033981557, 45.37757735281405, 57.178015398941056, 15.243832881444632, 37.68069244298512, 25.01216663347497, 89.00700259699299, 62.55661725263075, 30.496397981285543, 28.89578836657732, 58.47535278298009, 79.80272854691152, 65.57045753730814], [54.69099372317003, 16.831161554124186, 28.07533402861422, 33.91485890991459, 59.64030108538848, 16.572059784016158, 59.49711252114128, 45.20832937343266, 21.676209191578756, 18.670101392030734, 32.448051062465765, 12.504130441885644, 34.8180043262587, 68.75488805930954, 24.06912092857635, 68.35422385642192, 30.683360425461505, 42.19055029046234, 0.0, 18.93900650705272, 74.891055141766, 43.38368976797256, 65.26628964203692, 79.10963910825906, 52.81449632385897, 63.45724803482231, 33.074671913828645, 46.37404425801546, 13.196992479007372, 13.405841684350985, 42.62597722061914, 7.743793870984394, 19.169010036654896, 20.353078840875032, 37.538037048711004, 28.40141334317377, 30.915203776255286, 69.08310962389618, 34.694325415176074, 59.17993495035454, 41.126259394460554, 22.696990007732474, 30.391764954407414, 25.596032972180456, 25.988274095710544, 41.21011559761721, 33.84867935547986, 47.93805831237768, 21.355517882801237, 53.495148215768516, 15.833505103113708, 21.386758811508333, 56.1048727828169, 5.506156091112626, 54.67456576291749, 30.628353459294704, 12.964429008579733, 54.111452368479576, 30.413385384051868, 62.748828820098005, 23.705610232134834, 47.73030085394074, 17.272973281924074, 64.27867939621905, 18.994618052423363, 34.94301438246142, 38.525943280592905, 19.763541733778958, 28.212748768067737, 11.21807682234875, 65.65826572827781, 35.39017786285181, 29.79722477938212, 61.98439036507092, 61.36897788747134, 27.311088257391635, 36.622376469898114, 75.92658559440805, 46.04877904127492, 48.761887462509605, 65.09038783358439, 62.86504026797589, 66.42423976585995, 48.04272855402178, 37.615482578936245, 46.859951199883895], [73.28822292253828, 21.675469150431134, 42.10313955792925, 15.038909800292464, 78.01396320959638, 8.879347750094892, 78.418003758809, 50.40310381273202, 9.270827052387762, 30.615680678163873, 51.125798580464185, 26.695121428436625, 46.11516662428814, 87.67658962324758, 33.49358934337461, 87.27043340330346, 37.29603822687375, 59.75708002447976, 18.93900650705272, 0.0, 93.79733912765961, 62.2605894750273, 79.47234826937019, 97.58366944698966, 51.40269762417828, 81.36146771655912, 50.8721256032535, 49.572662960364035, 27.700492311110732, 10.138578778520515, 53.0133941286905, 20.251405553515735, 6.416232568703108, 33.13893825184712, 56.155317855438255, 44.040433974323946, 31.353075897423803, 73.77955984545153, 21.057386496067412, 74.21622311105041, 60.059072653767394, 22.258461137763067, 28.532215707458857, 29.321970299974677, 43.22729769074032, 23.418460874349236, 24.226066527276153, 62.69762583084999, 19.929382651639145, 57.68656566124294, 26.07815137772271, 2.999384374080677, 59.51305621287647, 16.553883872754277, 55.73425009124869, 49.19887003575096, 30.537796742432732, 72.98910597309631, 16.986389064698805, 81.20375168020144, 40.92937783776192, 47.58951154697562, 11.153705759026211, 75.60461805240507, 28.097823718010652, 16.90695637788927, 40.05996403445973, 16.241016858506214, 35.36909074123837, 7.864460257561053, 77.6650264363679, 22.525572053676644, 12.688782582871736, 79.60910329316792, 69.03015221716595, 19.26313039214438, 55.50301415342955, 94.66675922384889, 58.138939903558445, 29.853119325824576, 66.56675143635088, 81.80087062512429, 85.17170579994236, 46.25454483694143, 22.032290508948048, 56.65031338480186], [22.494919676928784, 82.04164115231664, 64.4309935926245, 108.80436638401703, 20.938078388119564, 90.26434699328958, 17.230508934328395, 81.63425461499004, 94.43286316573553, 69.82542752355289, 44.54164781521954, 71.39541223376092, 70.28221299558444, 10.227332250042673, 72.32232396532864, 6.578670719048904, 76.74908544543571, 39.41174777233042, 74.891055141766, 93.79733912765961, 0.0, 32.84395100215268, 51.99194884821465, 14.55476110302578, 99.45154119549545, 24.277904481894897, 45.66233459920809, 86.64305608949877, 68.8684896749873, 87.03483004373452, 72.84953434844181, 76.01673168001925, 92.82359588036485, 67.5113832758301, 38.30746105173244, 56.268512561817225, 90.35579924183239, 92.05150801349762, 105.11121390909874, 47.07971541207136, 33.82029036786953, 88.41738302045206, 93.0237671320806, 81.38079417926117, 53.43656960035466, 114.69512643629997, 100.70675107336398, 56.702772693404555, 88.83965179479704, 86.72244267138225, 75.7319472603312, 96.08590935514299, 89.80192670952215, 77.76500836593793, 94.95682269139729, 46.772712286270696, 65.17271649801245, 23.11853508571536, 103.01009871226432, 17.917597075815685, 57.617831145344724, 94.31359450559565, 90.04156438788216, 66.01027321334509, 76.67745486028394, 109.57854904291054, 91.68916864172267, 88.12959087408406, 75.81425008953214, 86.10250762736783, 63.2758941431386, 106.83671446654016, 104.21241827414477, 27.681147000479154, 79.16561909128845, 95.1796186152875, 38.30289966710432, 7.3293295210105125, 61.529037735177226, 123.64605506635272, 99.26782511767617, 12.414521225678877, 10.817981124446018, 97.69606872488535, 110.74651943596096, 75.16749092749549], [19.113819846567292, 49.20998046802266, 32.44635639177692, 77.08059070767017, 25.090287427168672, 57.927592317522624, 16.288304865867453, 63.16877126761887, 64.20925791593922, 43.06591167241083, 11.715294692258361, 38.632044455252235, 39.52316090495598, 25.510770108508765, 47.33558815602521, 26.313249885839934, 53.60752597090936, 23.544955879817966, 43.38368976797256, 62.2605894750273, 32.84395100215268, 0.0, 51.679428633879056, 40.97245280676306, 79.08531729095915, 31.81270791225725, 22.475642574471127, 67.38407214092385, 40.24614297537415, 54.745630927433446, 43.84396163816566, 43.54843839518902, 62.16710650566531, 41.35248324297581, 14.245821070990093, 33.00656849697477, 57.828507280377536, 80.7436390984545, 76.0921092491701, 44.34816175844353, 5.855117304640016, 55.57535290290162, 60.331558167189726, 55.68740978353373, 27.763490300332716, 84.31383213792508, 72.92860331663658, 31.429211215941503, 56.00349874170578, 70.34526833609999, 42.88888715062814, 64.76959411505916, 73.62787655130687, 47.04494106329227, 76.67567081509736, 13.934659761436503, 32.61349199943441, 10.729134949279098, 70.33531940532048, 26.74373970883736, 24.81274418216507, 73.49504256828503, 57.53700914872646, 60.7179805116622, 43.86732780865457, 77.40233364432538, 59.91371751855308, 59.21307974320236, 51.91138294518176, 54.42427363659943, 59.57796182471157, 74.04163546081476, 71.94723400710427, 32.685175990696095, 68.44384651288924, 66.80087767600565, 10.256661998061483, 35.76328616536288, 47.750689038051526, 91.91652997765142, 83.90305552699012, 20.431243979308487, 26.873791738247128, 76.02089275916038, 78.09523309901081, 47.10615249225503], [36.49584602809172, 80.5494710660213, 75.63978625140979, 92.8429567705149, 33.343209297393955, 81.13907217070485, 52.5081181977257, 41.240415320993264, 74.89466582852417, 48.87246342739418, 55.74023419267695, 70.90069177796133, 84.58015479553242, 56.09439973559106, 46.549801627578844, 49.55195101034129, 45.64379865026319, 29.5704100