instance_id,num_cities,city_coordinates,distance_matrix,best_route,total_distance
908,39,"[[67.75227921180078, 21.42613081173731], [35.616162008493376, 4.166421378659169], [20.795783103951326, 15.103645210908478], [52.5072723741553, 28.05668886793107], [12.982890571363159, 92.36418431529468], [43.77562858651898, 2.973801241110108], [34.281538409014125, 68.64542563542496], [26.77568306516127, 36.93168265317743], [11.381676401738083, 27.375018173478903], [5.727885816770528, 97.48296116282881], [24.692497623795052, 75.33928566395409], [75.16826735645066, 48.870094613612466], [12.34087849506692, 50.96980527999106], [90.85288309485084, 31.53384919621116], [62.92955546082681, 9.431938613100199], [48.81831961987295, 81.96858808170971], [70.39692934385113, 91.71748411376596], [27.092628486950577, 27.03206388304855], [58.4639745320851, 9.138175953780658], [63.87111336415728, 27.64515579888843], [16.62077021858883, 11.270346832204881], [4.687895224246985, 75.60369606653032], [25.19739633745416, 62.590651927583174], [85.2855892570086, 20.792134125029904], [65.3155448098784, 69.77042258648743], [53.68061940267492, 84.32651001322519], [73.94263276848362, 48.929327946108046], [77.21178241224084, 85.76404607926679], [66.79650807553314, 66.2474831129299], [20.17790809595371, 49.19572595184404], [78.94784446579341, 30.27159939786126], [94.68901536428038, 92.7393591549095], [35.49646670454496, 70.33529438873731], [86.5533976103015, 30.979902227293355], [13.843728350798411, 53.89895755743348], [97.99723838188382, 87.03181125261251], [92.15503588493823, 22.9148529654976], [71.93626121084515, 92.65263756438038], [72.91409343260766, 17.540758913674992]]","[[0.0, 36.47776855317491, 47.380231646744505, 16.624516041569855, 89.62083109925318, 30.255053161246792, 57.87877239138424, 43.81213952402209, 56.683631870342765, 98.14105572631765, 68.99835546247361, 28.428296278887718, 62.79531853949467, 25.215151609725012, 12.927463435494829, 63.43409145022249, 70.34108702139574, 41.04428928202842, 15.403455405018986, 7.330738034313074, 52.13032860208961, 83.14039394101394, 59.20672136798558, 17.544768819797575, 48.405663116495816, 64.45517289926958, 28.19124562286659, 65.02960511775339, 44.831541581486405, 55.086034539743224, 14.268251324689814, 76.23099298365277, 58.58791447308041, 21.089253218052505, 62.93342778515468, 72.24169752511513, 24.448125222590193, 71.34928850067558, 6.460684239024258], [36.47776855317491, 0.0, 18.41918825656867, 29.258408878370908, 91.0555344994129, 8.246165025659161, 64.49281518197441, 33.93694762843212, 33.55516737864, 97.98615030198515, 72.00627093637425, 59.689089774877544, 52.27136469660836, 61.64471965806128, 27.816310568228968, 78.91434666323339, 94.20663650976451, 24.402627539496685, 23.382490899569202, 36.736810505085934, 20.2803024164214, 77.84498635819699, 59.34594673052112, 52.37810923964686, 72.01345925075351, 82.17033790150604, 58.92907741754104, 91.5880341177485, 69.47137688944056, 47.60228937995203, 50.58769636971539, 106.46486420368848, 66.1689812706047, 57.56357117113376, 54.28963088981011, 103.72112382955105, 59.56633232105951, 95.6501963455113, 39.6233339462805], [47.380231646744505, 18.41918825656867, 0.0, 34.25492507238915, 77.65456968154649, 25.984734232513112, 55.21401857477107, 22.632331345382298, 15.46647986411778, 83.74600423520722, 60.361550384642584, 64.00421977536837, 36.84924490469769, 71.95796593938401, 42.51379809841302, 72.49953888061408, 91.26858177787646, 13.488418506083613, 38.13763848122047, 44.86394504336671, 5.667884001381335, 62.60766890308211, 47.690565167199004, 64.7402039214041, 70.50152999037427, 76.63691975695309, 62.99813046247304, 90.4193410108148, 68.7877812787951, 34.097679375171225, 60.097662806875825, 107.17982017839779, 57.1545726012147, 67.64702064700312, 39.41328868992374, 105.51647154427386, 71.78549939957331, 92.89345895185801, 52.175260370355005], [16.624516041569855, 29.258408878370908, 34.25492507238915, 0.0, 75.482651832097, 26.559232950781848, 44.492953722460484, 27.219114663318816, 41.13124504585503, 83.7156991934638, 54.857138589144114, 30.76879185671707, 46.24229774743769, 38.502941517391704, 21.3425702949186, 54.037961187113204, 66.12667145581652, 25.435290056790738, 19.83412290677764, 11.371290230794608, 39.61845928228235, 67.43449209824911, 44.027536085334134, 33.573677386985075, 43.63585020977968, 56.28205322278785, 29.918919387614583, 62.77301882607343, 40.776451807303765, 38.62702012151215, 26.533180758980023, 77.2214172178867, 45.57244775424286, 34.17138890855485, 46.504757686353905, 74.48088390770111, 39.97979024275295, 67.45459358124197, 22.95698430792936], [89.62083109925318, 91.0555344994129, 77.65456968154649, 75.482651832097, 0.0, 94.54540338175879, 31.878078879163493, 57.122704464141094, 65.00888864321203, 8.879018549592809, 20.663060552850865, 75.88647392573513, 41.399357425260774, 98.81328557591856, 96.81129433485297, 37.31281812115651, 57.41768080756492, 66.83839214269054, 94.84248766261373, 82.32960507081555, 81.17539433881106, 18.700826563166856, 32.181631126342495, 101.73612242298708, 57.00162075508119, 41.483844327799865, 74.85103149958097, 64.56711525104588, 59.81628131686817, 43.76395862643297, 90.59174489997964, 81.70698614461338, 31.498144416789916, 95.81570640258202, 38.47485817018933, 85.18141543862603, 105.3158972733355, 58.95407632244818, 95.86602143213928], [30.255053161246792, 8.246165025659161, 25.984734232513112, 26.559232950781848, 94.54540338175879, 0.0, 66.35435177052491, 37.97546389084875, 40.55598015003943, 101.88038103080468, 74.83935611089493, 55.60546298947812, 57.37386092126206, 55.06309318627064, 20.213373123301984, 79.15557517224947, 92.65060660251959, 29.276654413895898, 15.929438854361473, 31.819871843926432, 28.39399587461159, 82.48001286221815, 62.44453218075555, 45.17266675355543, 70.18373468309491, 81.9534750186269, 54.97234373799657, 89.28718285968745, 67.33141696165298, 51.89719391562129, 44.522517382387655, 103.19897451407935, 67.8683673042586, 51.1300226393494, 59.070214131684835, 100.02865597364908, 52.327933213734326, 93.99635585541688, 32.57677684211627], [57.87877239138424, 64.49281518197441, 55.21401857477107, 44.492953722460484, 31.878078879163493, 66.35435177052491, 0.0, 32.58986588476391, 47.19798949136856, 40.58219476140761, 11.694334750730151, 45.41792951074943, 28.174813440534418, 67.65786092810912, 65.77952513011913, 19.718637517396342, 42.85605377078125, 42.22975612292459, 64.23319221025811, 50.56248681280265, 60.03167831030257, 30.400678353282014, 10.91704730361914, 69.93819207903256, 31.05439053384859, 24.944353081655613, 44.29138645250824, 46.21745358711255, 32.60327254672208, 24.025053710428292, 58.886581127355406, 65.03522818090488, 2.081275370224445, 64.42855669629517, 25.20242846931472, 66.31553060254187, 73.7606059276583, 44.656739400503845, 64.06372818055566], [43.81213952402209, 33.93694762843212, 22.632331345382298, 27.219114663318816, 57.122704464141094, 37.97546389084875, 32.58986588476391, 0.0, 18.119196371005227, 64.10512536578284, 38.46405634636758, 49.84343381556498, 20.13535373074616, 64.30415359581364, 45.423984980094275, 50.14180568010761, 70.03068733480443, 9.904691120589337, 42.15005137294771, 38.24016906452038, 27.59757980400113, 44.53532298241236, 25.7074637648243, 60.69509164068543, 50.633030560193404, 54.4990390723946, 48.66892886524954, 70.20256288146572, 49.60929944180656, 13.926140620282101, 52.595542911746364, 87.9017489046296, 34.52322905327623, 60.0732789722536, 21.333632377326854, 87.07774013726414, 66.86502291651666, 71.72379406214323, 50.047585703069466], [56.683631870342765, 33.55516737864, 15.46647986411778, 41.13124504585503, 65.00888864321203, 40.55598015003943, 47.19798949136856, 18.119196371005227, 0.0, 70.33554590800162, 49.776991848678605, 67.31097604990589, 23.61427634414145, 79.57995079625954, 54.581479822376735, 66.19637551079974, 87.30837876801162, 15.714694813109398, 50.49084284680785, 52.49013209136019, 16.93542272965799, 48.690985590392806, 37.828758610947716, 74.19651405365849, 68.60198595382745, 70.94133493083697, 66.16994431988208, 87.99364429967035, 67.68952725425024, 23.526941576990584, 67.62822820131852, 105.88961137409393, 49.26569236131413, 75.2581082575122, 26.63796276451276, 105.17218518992097, 80.89640706412595, 89.03945942528367, 62.31332923901505], [98.14105572631765, 97.98615030198515, 83.74600423520722, 83.7156991934638, 8.879018549592809, 101.88038103080468, 40.58219476140761, 64.10512536578284, 70.33554590800162, 0.0, 29.154740019259286, 84.76542563161155, 46.98090401795571, 107.68263801922133, 105.00006467674469, 45.798266969828724, 64.9255413247415, 73.61916297329903, 102.88778414672163, 90.87328522552058, 86.89804255742635, 21.903968169869202, 39.95666507208802, 110.50299149084815, 65.71661813136856, 49.72481136427397, 83.72996476907238, 72.438114575185, 68.59323373036989, 50.402978366261834, 99.39079180118229, 89.08750939597743, 40.28851225038077, 104.66814321688103, 44.33319603087792, 92.8593557872926, 114.14926644107038, 66.38434302144168, 104.42577361093853], [68.99835546247361, 72.00627093637425, 60.361550384642584, 54.857138589144114, 20.663060552850865, 74.83935611089493, 11.694334750730151, 38.46405634636758, 49.776991848678605, 29.154740019259286, 0.0, 56.99492437896165, 27.320945614775518, 79.3480489351071, 76.1961349893432, 25.02005071003048, 48.550390969740796, 48.36680994597293, 74.31755902494098, 61.72271830466239, 64.57539551818772, 20.00634974264408, 12.758627859420825, 81.52861150958829, 41.00297792427187, 30.34932298703384, 55.88435987312106, 53.54391566188024, 43.07445379510784, 26.530496283061844, 70.531829738952, 72.12679844055694, 11.90653923607719, 76.12178299292026, 24.028804881932306, 74.23139613567855, 85.43720040117888, 50.31625335711191, 75.27278390528161], [28.428296278887718, 59.689089774877544, 64.00421977536837, 30.76879185671707, 75.88647392573513, 55.60546298947812, 45.41792951074943, 49.84343381556498, 67.31097604990589, 84.76542563161155, 56.99492437896165, 0.0, 62.86246555793075, 23.378463936572874, 41.29351302062863, 42.30638268131716, 43.112230902707196, 52.80309308080012, 43.100565647722554, 24.04420337658058, 69.58125073849567, 75.38015854677784, 51.820282162519526, 29.845134739818363, 23.106272978424556, 41.459334384132326, 1.2270650882898015, 36.95050214182885, 19.28885648538654, 54.99132338257519, 18.978651886153248, 48.016371938949, 45.106613354923525, 21.20566373676288, 61.530387181972934, 44.46884903969744, 31.019749741937833, 43.90167344146541, 31.410325937154973], [62.79531853949467, 52.27136469660836, 36.84924490469769, 46.24229774743769, 41.399357425260774, 57.37386092126206, 28.174813440534418, 20.13535373074616, 23.61427634414145, 46.98090401795571, 27.320945614775518, 62.86246555793075, 0.0, 80.8819587742972, 65.45692174539226, 47.86990961138133, 70.92868510339865, 28.118136336000905, 62.26736866228947, 56.563277655029125, 39.929493788584054, 25.79528499991023, 17.330150831382696, 78.9406274644451, 56.211906943911394, 53.119148420963256, 61.635539077000885, 73.6129972751361, 56.55813852110073, 8.035321426535116, 69.74886122772578, 92.33586127144983, 30.18614638783639, 76.85762302781235, 3.2921863181354536, 92.93804529808705, 84.6013006355319, 72.72597987162915, 69.18537062725629], [25.215151609725012, 61.64471965806128, 71.95796593938401, 38.502941517391704, 98.81328557591856, 55.06309318627064, 67.65786092810912, 64.30415359581364, 79.57995079625954, 107.68263801922133, 79.3480489351071, 23.378463936572874, 80.8819587742972, 0.0, 35.61188955364321, 65.654911567836, 63.565052943835106, 63.91898105156303, 39.37775486069409, 27.260554545690233, 76.94813909465381, 96.78097198269238, 72.63035135014871, 12.098727344118421, 45.98033483252489, 64.56657203337457, 24.260240044948375, 55.919530414767245, 42.23441202117081, 72.84843156599804, 11.9717675935003, 61.3256093332376, 67.60092443602777, 4.335023953362158, 80.19107173746107, 55.95592555646917, 8.716805487894456, 63.97925347404032, 22.750972511112813], [12.927463435494829, 27.816310568228968, 42.51379809841302, 21.3425702949186, 96.81129433485297, 20.213373123301984, 65.77952513011913, 45.423984980094275, 54.581479822376735, 105.00006467674469, 76.1961349893432, 41.29351302062863, 65.45692174539226, 35.61188955364321, 0.0, 73.89649851712156, 82.62368105483445, 39.925552525279, 4.475232902447888, 18.23753852749915, 46.34526227557451, 88.15209850927423, 65.18868485682852, 25.076807794559695, 60.3856406224236, 75.46349874884017, 41.00404414088478, 77.65676169476875, 56.94698779862296, 58.38546168295071, 26.28454002394833, 89.15598471605226, 66.79665488214113, 31.975000450694118, 66.23242556989207, 85.15563762382573, 32.18567515921025, 83.70666330948224, 12.862502290648871], [63.43409145022249, 78.91434666323339, 72.49953888061408, 54.037961187113204, 37.31281812115651, 79.15557517224947, 19.718637517396342, 50.14180568010761, 66.19637551079974, 45.798266969828724, 25.02005071003048, 42.30638268131716, 47.86990961138133, 65.654911567836, 73.89649851712156, 0.0, 23.678626891431175, 59.0764533992455, 73.46637046574084, 56.37039909823448, 77.6847700853991, 44.587063232544864, 30.552453687180652, 71.22092581188004, 20.517155758500785, 5.403864821862013, 41.50691293624964, 28.64601596649697, 23.8823868486093, 43.52394357641124, 59.83616721029927, 47.11825800671407, 17.686302249045287, 63.433289336941094, 44.84558163529831, 49.43887417284936, 73.24899049007104, 25.467393599498113, 68.78627397191926], [70.34108702139574, 94.20663650976451, 91.26858177787646, 66.12667145581652, 57.41768080756492, 92.65060660251959, 42.85605377078125, 70.03068733480443, 87.30837876801162, 64.9255413247415, 48.550390969740796, 43.112230902707196, 70.92868510339865, 63.565052943835106, 82.62368105483445, 23.678626891431175, 0.0, 77.84257230545163, 83.43702743219862, 64.40380058575956, 96.76578520873929, 67.65597778587296, 53.771462107687036, 72.47121818373391, 22.527627004730142, 18.27734981348037, 42.934814789437866, 9.049068834657078, 25.723218777826904, 65.80311552105832, 62.03801171816286, 24.313569705488465, 40.92969985077739, 62.849704217766885, 68.03312056236024, 27.995224399112413, 72.16105080428059, 1.8011259181243688, 74.21942250152271], [41.04428928202842, 24.402627539496685, 13.488418506083613, 25.435290056790738, 66.83839214269054, 29.276654413895898, 42.22975612292459, 9.904691120589337, 15.714694813109398, 73.61916297329903, 48.36680994597293, 52.80309308080012, 28.118136336000905, 63.91898105156303, 39.925552525279, 59.0764533992455, 77.84257230545163, 0.0, 36.11582171166505, 36.78359459813832, 18.923306793039963, 53.48995724003094, 35.60905908082107, 58.52655300434597, 57.33723604162789, 63.163081133668214, 51.7147278309286, 77.20994316073438, 55.80544023444319, 23.217262422288975, 51.95630870803054, 94.26940209215907, 44.111158101055494, 59.59168140212804, 29.956023276270127, 92.88397810582923, 65.19254775019395, 79.47962686212517, 46.79413980177151], [15.403455405018986, 23.382490899569202, 38.13763848122047, 19.83412290677764, 94.84248766261373, 15.929438854361473, 64.23319221025811, 42.15005137294771, 50.49084284680785, 102.88778414672163, 74.31755902494098, 43.100565647722554, 62.26736866228947, 39.37775486069409, 4.475232902447888, 73.46637046574084, 83.43702743219862, 36.11582171166505, 0.0, 19.280701577912776, 41.89749276359856, 85.49580147341285, 62.958974042700454, 29.244037982287256, 61.018139491473534, 75.34033491383404, 42.69572153829617, 78.8860207692028, 57.7139851288294, 55.41146266792832, 29.43145449902017, 91.11208161337836, 65.36508028412594, 35.58197149504354, 63.20200897952955, 87.35157337269447, 36.398962135847825, 84.59413576875781, 16.71554176917834], [7.330738034313074, 36.736810505085934, 44.86394504336671, 11.371290230794608, 82.32960507081555, 31.819871843926432, 50.56248681280265, 38.24016906452038, 52.49013209136019, 90.87328522552058, 61.72271830466239, 24.04420337658058, 56.563277655029125, 27.260554545690233, 18.23753852749915, 56.37039909823448, 64.40380058575956, 36.78359459813832, 19.280701577912776, 0.0, 50.00729242889828, 76.1752905737762, 52.12335453846122, 22.484298606536182, 42.15002353650326, 57.59012139898751, 23.54679356312025, 59.63035181912943, 38.71301600596029, 48.71881834083041, 15.30379125215799, 72.02081917226585, 51.25981375188904, 22.926110711689446, 56.497799585929236, 68.49355630061004, 28.67675082810333, 65.50587221982241, 13.560026730515755], [52.13032860208961, 20.2803024164214, 5.667884001381335, 39.61845928228235, 81.17539433881106, 28.39399587461159, 60.03167831030257, 27.59757980400113, 16.93542272965799, 86.89804255742635, 64.57539551818772, 69.58125073849567, 39.929493788584054, 76.94813909465381, 46.34526227557451, 77.6847700853991, 96.76578520873929, 18.923306793039963, 41.89749276359856, 50.00729242889828, 0.0, 65.43067575179299, 52.03203081435045, 69.32187105689472, 76.11464994173788, 81.91846800495645, 68.58567477780142, 96.02386154577933, 74.43178207673256, 38.0918312929025, 65.15912663073696, 112.8355035836008, 62.00774103034123, 72.65699517445091, 42.71897018771094, 111.18421228689104, 76.42656483738453, 98.40163000952133, 56.64147161002649], [83.14039394101394, 77.84498635819699, 62.60766890308211, 67.43449209824911, 18.700826563166856, 82.48001286221815, 30.400678353282014, 44.53532298241236, 48.690985590392806, 21.903968169869202, 20.00634974264408, 75.38015854677784, 25.79528499991023, 96.78097198269238, 88.15209850927423, 44.587063232544864, 67.65597778587296, 53.48995724003094, 85.49580147341285, 76.1752905737762, 65.43067575179299, 0.0, 24.289482367371125, 97.46945986238762, 60.90762656491455, 49.76318423867359, 74.2141535486655, 73.23214407101688, 62.80938234964636, 30.615704864396047, 87.00309793182429, 91.61786166430193, 31.25578559075426, 93.23756462675235, 23.556845162065482, 94.00657071298788, 102.11079709160236, 69.37585411412653, 89.58860861059817], [59.20672136798558, 59.34594673052112, 47.690565167199004, 44.027536085334134, 32.181631126342495, 62.44453218075555, 10.91704730361914, 25.7074637648243, 37.828758610947716, 39.95666507208802, 12.758627859420825, 51.820282162519526, 17.330150831382696, 72.63035135014871, 65.18868485682852, 30.552453687180652, 53.771462107687036, 35.60905908082107, 62.958974042700454, 52.12335453846122, 52.03203081435045, 24.289482367371125, 0.0, 73.19635932768757, 40.755551076754415, 35.82933885661712, 50.62341205058969, 56.94297634692313, 41.75953198630589, 14.304520407972168, 62.718672103419195, 75.74978325017567, 12.886052043872839, 69.02027520090034, 14.298647760375927, 76.79314598872334, 77.82990760016764, 55.57197558194331, 65.62298410035316], [17.544768819797575, 52.37810923964686, 64.7402039214041, 33.573677386985075, 101.73612242298708, 45.17266675355543, 69.93819207903256, 60.69509164068543, 74.19651405365849, 110.50299149084815, 81.52861150958829, 29.845134739818363, 78.9406274644451, 12.098727344118421, 25.076807794559695, 71.22092581188004, 72.47121818373391, 58.52655300434597, 29.244037982287256, 22.484298606536182, 69.32187105689472, 97.46945986238762, 73.19635932768757, 0.0, 52.89305640473141, 70.96119389494395, 30.337507116200054, 65.47164042511635, 49.07173192936001, 71.03361299296161, 11.402950096242238, 72.55913183090777, 70.2387460982871, 10.266350711239895, 78.74008666191972, 67.44835690689827, 7.189939655494359, 73.08992074042075, 12.791612474515597], [48.405663116495816, 72.01345925075351, 70.50152999037427, 43.63585020977968, 57.00162075508119, 70.18373468309491, 31.05439053384859, 50.633030560193404, 68.60198595382745, 65.71661813136856, 41.00297792427187, 23.106272978424556, 56.211906943911394, 45.98033483252489, 60.3856406224236, 20.517155758500785, 22.527627004730142, 57.33723604162789, 61.018139491473534, 42.15002353650326, 76.11464994173788, 60.90762656491455, 40.755551076754415, 52.89305640473141, 0.0, 18.63467655759075, 22.5561049929894, 19.93279863743789, 3.8215644347006026, 49.60568908629179, 41.7851244726519, 37.28770332823566, 29.82442789400919, 44.22387207503985, 53.86326477076654, 36.96009514892368, 53.99817298460792, 23.820781850236123, 52.779500836471385], [64.45517289926958, 82.17033790150604, 76.63691975695309, 56.28205322278785, 41.483844327799865, 81.9534750186269, 24.944353081655613, 54.4990390723946, 70.94133493083697, 49.72481136427397, 30.34932298703384, 41.459334384132326, 53.119148420963256, 64.56657203337457, 75.46349874884017, 5.403864821862013, 18.27734981348037, 63.163081133668214, 75.34033491383404, 57.59012139898751, 81.91846800495645, 49.76318423867359, 35.82933885661712, 70.96119389494395, 18.63467655759075, 0.0, 40.78614573514945, 23.57503218500313, 22.335571390506473, 48.54486227881275, 59.66880277016849, 41.86244820868169, 22.943790532512736, 62.6616318759243, 50.12797459631732, 44.39911454684889, 72.46842308894519, 20.06471673924948, 69.50009405167138], [28.19124562286659, 58.92907741754104, 62.99813046247304, 29.918919387614583, 74.85103149958097, 54.97234373799657, 44.29138645250824, 48.66892886524954, 66.16994431988208, 83.72996476907238, 55.88435987312106, 1.2270650882898015, 61.635539077000885, 24.260240044948375, 41.00404414088478, 41.50691293624964, 42.934814789437866, 51.7147278309286, 42.69572153829617, 23.54679356312025, 68.58567477780142, 74.2141535486655, 50.62341205058969, 30.337507116200054, 22.5561049929894, 40.78614573514945, 0.0, 36.97950512571161, 18.734609590522965, 53.76538465416579, 19.317426814018216, 48.47402629581471, 44.00367126000874, 21.93657387859089, 60.30402582481393, 45.060218434209524, 31.75601574179375, 43.76931951495941, 31.405416078588413], [65.02960511775339, 91.5880341177485, 90.4193410108148, 62.77301882607343, 64.56711525104588, 89.28718285968745, 46.21745358711255, 70.20256288146572, 87.99364429967035, 72.438114575185, 53.54391566188024, 36.95050214182885, 73.6129972751361, 55.919530414767245, 77.65676169476875, 28.64601596649697, 9.049068834657078, 77.20994316073438, 78.8860207692028, 59.63035181912943, 96.02386154577933, 73.23214407101688, 56.94297634692313, 65.47164042511635, 19.93279863743789, 23.57503218500313, 36.97950512571161, 0.0, 22.121803035193008, 67.75031259313648, 55.519596091311946, 18.81777521821028, 44.47711707519671, 55.57488814295857, 70.92879628217416, 20.8240824143758, 64.60125307918675, 8.676624723655792, 68.35851843219295], [44.831541581486405, 69.47137688944056, 68.7877812787951, 40.776451807303765, 59.81628131686817, 67.33141696165298, 32.60327254672208, 49.60929944180656, 67.68952725425024, 68.59323373036989, 43.07445379510784, 19.28885648538654, 56.55813852110073, 42.23441202117081, 56.94698779862296, 23.8823868486093, 25.723218777826904, 55.80544023444319, 57.7139851288294, 38.71301600596029, 74.43178207673256, 62.80938234964636, 41.75953198630589, 49.07173192936001, 3.8215644347006026, 22.335571390506473, 18.734609590522965, 22.121803035193008, 0.0, 49.63926154100891, 37.97261098672838, 38.46831760132525, 31.56584848934351, 40.42445974424341, 54.37355022408437, 37.48965014330798, 50.20728799840248, 26.90072943057316, 49.08940652343819], [55.086034539743224, 47.60228937995203, 34.097679375171225, 38.62702012151215, 43.76395862643297, 51.89719391562129, 24.025053710428292, 13.926140620282101, 23.526941576990584, 50.402978366261834, 26.530496283061844, 54.99132338257519, 8.035321426535116, 72.84843156599804, 58.38546168295071, 43.52394357641124, 65.80311552105832, 23.217262422288975, 55.41146266792832, 48.71881834083041, 38.0918312929025, 30.615704864396047, 14.304520407972168, 71.03361299296161, 49.60568908629179, 48.54486227881275, 53.76538465416579, 67.75031259313648, 49.63926154100891, 0.0, 61.741622806225, 86.30152431374076, 26.10631325068592, 68.82965815862518, 7.889373902899459, 86.52986488512337, 76.62500381517955, 67.58276617648606, 61.507253084896284], [14.268251324689814, 50.58769636971539, 60.097662806875825, 26.533180758980023, 90.59174489997964, 44.522517382387655, 58.886581127355406, 52.595542911746364, 67.62822820131852, 99.39079180118229, 70.531829738952, 18.978651886153248, 69.74886122772578, 11.9717675935003, 26.28454002394833, 59.83616721029927, 62.03801171816286, 51.95630870803054, 29.43145449902017, 15.30379125215799, 65.15912663073696, 87.00309793182429, 62.718672103419195, 11.402950096242238, 41.7851244726519, 59.66880277016849, 19.317426814018216, 55.519596091311946, 37.97261098672838, 61.741622806225, 0.0, 64.42053609152649, 59.10263856777178, 7.638463951091112, 69.25891992166392, 59.87153796560288, 15.117923906807706, 62.77384982995536, 14.088309017205228], [76.23099298365277, 106.46486420368848, 107.17982017839779, 77.2214172178867, 81.70698614461338, 103.19897451407935, 65.03522818090488, 87.9017489046296, 105.88961137409393, 89.08750939597743, 72.12679844055694, 48.016371938949, 92.33586127144983, 61.3256093332376, 89.15598471605226, 47.11825800671407, 24.313569705488465, 94.26940209215907, 91.11208161337836, 72.02081917226585, 112.8355035836008, 91.61786166430193, 75.74978325017567, 72.55913183090777, 37.28770332823566, 41.86244820868169, 48.47402629581471, 18.81777521821028, 38.46831760132525, 86.30152431374076, 64.42053609152649, 0.0, 63.29059910351602, 62.29300760304426, 89.69134422309375, 6.597002545945837, 69.8704709916639, 22.752919421492447, 78.28778131593356], [58.58791447308041, 66.1689812706047, 57.1545726012147, 45.57244775424286, 31.498144416789916, 67.8683673042586, 2.081275370224445, 34.52322905327623, 49.26569236131413, 40.28851225038077, 11.90653923607719, 45.106613354923525, 30.18614638783639, 67.60092443602777, 66.79665488214113, 17.686302249045287, 40.92969985077739, 44.111158101055494, 65.36508028412594, 51.25981375188904, 62.00774103034123, 31.25578559075426, 12.886052043872839, 70.2387460982871, 29.82442789400919, 22.943790532512736, 44.00367126000874, 44.47711707519671, 31.56584848934351, 26.10631325068592, 59.10263856777178, 63.29059910351602, 0.0, 64.46438618102435, 27.184448617690993, 64.69250447809632, 73.88431312764786, 42.73081359020453, 64.70967289353459], [21.089253218052505, 57.56357117113376, 67.64702064700312, 34.17138890855485, 95.81570640258202, 51.1300226393494, 64.42855669629517, 60.0732789722536, 75.2581082575122, 104.66814321688103, 76.12178299292026, 21.20566373676288, 76.85762302781235, 4.335023953362158, 31.975000450694118, 63.433289336941094, 62.849704217766885, 59.59168140212804, 35.58197149504354, 22.926110711689446, 72.65699517445091, 93.23756462675235, 69.02027520090034, 10.266350711239895, 44.22387207503985, 62.6616318759243, 21.93657387859089, 55.57488814295857, 40.42445974424341, 68.82965815862518, 7.638463951091112, 62.29300760304426, 64.46438618102435, 0.0, 76.23633714346691, 57.20819868679651, 9.819540261899604, 63.381282414279816, 19.14787694381886], [62.93342778515468, 54.28963088981011, 39.41328868992374, 46.504757686353905, 38.47485817018933, 59.070214131684835, 25.20242846931472, 21.333632377326854, 26.63796276451276, 44.33319603087792, 24.028804881932306, 61.530387181972934, 3.2921863181354536, 80.19107173746107, 66.23242556989207, 44.84558163529831, 68.03312056236024, 29.956023276270127, 63.20200897952955, 56.497799585929236, 42.71897018771094, 23.556845162065482, 14.298647760375927, 78.74008666191972, 53.86326477076654, 50.12797459631732, 60.30402582481393, 70.92879628217416, 54.37355022408437, 7.889373902899459, 69.25891992166392, 89.69134422309375, 27.184448617690993, 76.23633714346691, 0.0, 90.44113690427676, 84.21802434794256, 69.83258614841961, 69.3630062750832], [72.24169752511513, 103.72112382955105, 105.51647154427386, 74.48088390770111, 85.18141543862603, 100.02865597364908, 66.31553060254187, 87.07774013726414, 105.17218518992097, 92.8593557872926, 74.23139613567855, 44.46884903969744, 92.93804529808705, 55.95592555646917, 85.15563762382573, 49.43887417284936, 27.995224399112413, 92.88397810582923, 87.35157337269447, 68.49355630061004, 111.18421228689104, 94.00657071298788, 76.79314598872334, 67.44835690689827, 36.96009514892368, 44.39911454684889, 45.060218434209524, 20.8240824143758, 37.48965014330798, 86.52986488512337, 59.87153796560288, 6.597002545945837, 64.69250447809632, 57.20819868679651, 90.44113690427676, 0.0, 64.38257271969606, 26.66023667442697, 73.87943229153397], [24.448125222590193, 59.56633232105951, 71.78549939957331, 39.97979024275295, 105.3158972733355, 52.327933213734326, 73.7606059276583, 66.86502291651666, 80.89640706412595, 114.14926644107038, 85.43720040117888, 31.019749741937833, 84.6013006355319, 8.716805487894456, 32.18567515921025, 73.24899049007104, 72.16105080428059, 65.19254775019395, 36.398962135847825, 28.67675082810333, 76.42656483738453, 102.11079709160236, 77.82990760016764, 7.189939655494359, 53.99817298460792, 72.46842308894519, 31.75601574179375, 64.60125307918675, 50.20728799840248, 76.62500381517955, 15.117923906807706, 69.8704709916639, 73.88431312764786, 9.819540261899604, 84.21802434794256, 64.38257271969606, 0.0, 72.6096236740139, 19.977356014541364], [71.34928850067558, 95.6501963455113, 92.89345895185801, 67.45459358124197, 58.95407632244818, 93.99635585541688, 44.656739400503845, 71.72379406214323, 89.03945942528367, 66.38434302144168, 50.31625335711191, 43.90167344146541, 72.72597987162915, 63.97925347404032, 83.70666330948224, 25.467393599498113, 1.8011259181243688, 79.47962686212517, 84.59413576875781, 65.50587221982241, 98.40163000952133, 69.37585411412653, 55.57197558194331, 73.08992074042075, 23.820781850236123, 20.06471673924948, 43.76931951495941, 8.676624723655792, 26.90072943057316, 67.58276617648606, 62.77384982995536, 22.752919421492447, 42.73081359020453, 63.381282414279816, 69.83258614841961, 26.66023667442697, 72.6096236740139, 0.0, 75.11824325882634], [6.460684239024258, 39.6233339462805, 52.175260370355005, 22.95698430792936, 95.86602143213928, 32.57677684211627, 64.06372818055566, 50.047585703069466, 62.31332923901505, 104.42577361093853, 75.27278390528161, 31.410325937154973, 69.18537062725629, 22.750972511112813, 12.862502290648871, 68.78627397191926, 74.21942250152271, 46.79413980177151, 16.71554176917834, 13.560026730515755, 56.64147161002649, 89.58860861059817, 65.62298410035316, 12.791612474515597, 52.779500836471385, 69.50009405167138, 31.405416078588413, 68.35851843219295, 49.08940652343819, 61.507253084896284, 14.088309017205228, 78.28778131593356, 64.70967289353459, 19.14787694381886, 69.3630062750832, 73.87943229153397, 19.977356014541364, 75.11824325882634, 0.0]]",Route_3,2198.962548302678
