instance_id,num_cities,city_coordinates,distance_matrix,best_route,total_distance
1018,42,"[[61.93266557134827, 69.86343433903598], [90.61658006586934, 5.155747229205476], [0.17348766646138047, 90.6295574248212], [55.990153703793, 11.885012762296343], [99.57500664842868, 68.51183369617686], [81.18634441976793, 86.35687745547614], [16.82490440006549, 97.54222004452109], [74.43654701533843, 12.407280507608842], [62.77239381091436, 86.08579363932749], [40.261487169873135, 67.78496677306207], [45.33400663445198, 7.934854694876736], [58.10548877615259, 94.34381361259739], [45.05606259338075, 80.43866599831937], [38.51818813747228, 33.62439968742662], [33.930077884093336, 32.51907068897233], [39.2398609069621, 56.33509789471754], [65.7910961944964, 66.36075532075319], [3.5953782022290937, 16.819779626758347], [18.885524757182935, 54.822728347114236], [14.472570071111491, 25.26849971272025], [8.579775161186076, 56.40265290780313], [21.858047291469205, 42.81382526899613], [29.453390175709636, 5.080850611012588], [27.619380524201386, 79.91360169231223], [66.9384373066824, 44.20044622207423], [6.920488750125575, 10.660235125208539], [38.86675144229683, 30.249636531769664], [99.4794445130046, 9.065533699146222], [47.06111273677739, 91.86584521410921], [89.19919262292028, 88.78933891246422], [73.96077965072107, 97.64120114190553], [46.01977473440343, 93.04268298534227], [46.19914751117785, 72.09232854216796], [26.216263308463063, 79.35026587265209], [64.28670195860582, 48.88613474358196], [51.83714428570476, 33.00708273435745], [96.36276245477633, 36.74084545187526], [99.68339442373076, 58.88637854605161], [51.64484118859119, 61.47203372860067], [24.800625830535616, 35.94204644518927], [54.36288929794234, 2.206861629427459], [75.0331897238982, 83.05349947613982]]","[[0.0, 70.78030603093434, 65.15694839003321, 58.282165503918804, 37.666598811958494, 25.35227435622552, 52.92282396108179, 58.80099203470959, 16.244078452903366, 21.77062242406881, 64.11446369772098, 24.777737015294584, 19.91620578130914, 43.145166426635, 46.67704375397607, 26.419297312507403, 5.211165625727686, 78.84712044724604, 45.599113686671686, 65.12425707228428, 55.024753991800814, 48.349316242528175, 72.4685206465821, 35.75482337469468, 26.146638593853513, 80.81682000525392, 45.83982298530124, 71.45729725585424, 26.556904338174924, 33.1911639051212, 30.27011491324418, 28.115790271586093, 15.890612320438256, 36.95485574523927, 21.108969317092857, 38.2140053336021, 47.7759088452549, 39.31428853188616, 13.27610389893304, 50.293627150545625, 68.07872901016853, 18.590361787565794], [70.78030603093434, 0.0, 124.44165376642978, 35.27424580658161, 63.986303997382606, 81.74688308654201, 118.23904497593948, 17.730713589815387, 85.58604512503851, 80.3620216348307, 45.367773748305694, 94.92882724471329, 87.99590110202827, 59.369239630568366, 62.945301654439014, 72.51822671629994, 66.04814656698717, 87.7994261118123, 87.2476550347603, 78.75552723806065, 96.72787964490978, 78.39557813384134, 61.16323574700043, 97.76187372396143, 45.66336566623362, 83.87690438094722, 57.51302498476732, 9.686939477916942, 97.03463210012806, 83.64560146837057, 93.97326679916698, 98.5544951911174, 80.333145292696, 98.24575001081223, 51.045168951634295, 47.74454449304599, 32.103536281573135, 54.49025476456106, 68.48591502054065, 72.66041598644772, 36.37342464735832, 79.44118490855361], [65.15694839003321, 124.44165376642978, 0.0, 96.52048239431556, 101.83248832695311, 81.12545071339949, 18.029270194046873, 107.8597542643589, 62.76359486055907, 46.14025385963954, 94.22253622702014, 58.0509470344946, 46.02499103897012, 68.70155793631452, 67.20369076024316, 51.98356925633356, 69.96174172006347, 73.88905624947573, 40.401353203632425, 66.90688770866244, 35.24410109878016, 52.5029938929974, 90.42064990070612, 29.463685139840127, 81.3217121532638, 80.25343938226132, 71.7140398295727, 128.5082216495504, 46.90392086203955, 89.04472217468978, 74.11968433544304, 45.90975073867195, 49.618446356062165, 28.380426019678946, 76.5050167244935, 77.3917502368581, 110.2559289217822, 104.4502319201351, 59.15624583673076, 59.97682711931138, 103.70662650430151, 75.24208693390946], [58.282165503918804, 35.27424580658161, 96.52048239431556, 0.0, 71.45793346636388, 78.61874240583515, 94.1863785927304, 18.453785243196638, 74.51009772931343, 58.07061054734119, 11.364735769960749, 82.48592898269354, 69.42015356087659, 27.890330306958038, 30.206146587943284, 47.50139342228876, 55.35038392821988, 52.62665126973094, 56.74857627208216, 43.621410725111474, 65.03510035110364, 46.060743928173636, 27.39519010933083, 73.7074601557869, 34.11967399525718, 49.084947783668746, 25.10916787158261, 43.580590602649224, 80.47770705155314, 83.76822575740461, 87.61887492043836, 81.76781697480936, 60.998235021031604, 73.74310087403083, 37.919859451459146, 21.526479673448126, 47.41054688623952, 64.17341871950401, 49.777046810427336, 39.389434098201306, 9.814000142510686, 73.67218418101598], [37.666598811958494, 63.986303997382606, 101.83248832695311, 71.45793346636388, 0.0, 25.62398262041013, 87.69459934140012, 61.47896421714801, 40.78328554385285, 59.317973064299046, 81.31209299630761, 48.85705782137704, 55.80828423846119, 70.32117844856393, 74.86478251733223, 61.551626350751725, 33.85232257521675, 109.01448312305212, 81.84243455039329, 95.45894743501559, 91.79740961913025, 81.85544214537445, 94.55437965476533, 72.85336261537472, 40.69630473783299, 109.23217082976716, 71.7599329850635, 59.44637680682224, 57.47276666164492, 22.777944035590608, 38.78928553709607, 58.90607296546576, 53.49581555581532, 74.15508638295154, 40.378614479197516, 59.493620194296376, 31.932964265460917, 9.626065382954124, 48.44439642095755, 81.55978830449408, 80.25263158355972, 28.52649332836611], [25.35227435622552, 81.74688308654201, 81.12545071339949, 78.61874240583515, 25.62398262041013, 0.0, 65.32615747343523, 74.25700407202588, 18.415945901872014, 44.94173792055479, 86.22878741195638, 24.423698459065143, 36.61178077758286, 67.83277800656732, 71.63563473801375, 51.583085668510314, 25.236056909598286, 104.19100735193955, 69.8268908846609, 90.45726937667908, 78.54278749671201, 73.5924196766095, 96.34360951531652, 53.95308539415615, 44.4990736020387, 106.04432553616724, 70.27780897160685, 79.42662859948379, 34.56703868114016, 8.373924113967975, 13.399430857010408, 35.796474952413774, 37.78334690337288, 55.41482133198663, 41.10540687909662, 60.88986898733481, 51.885203055935655, 33.11750547945596, 38.62584446285465, 75.63732178375885, 88.32170123020069, 6.983811193443578], [52.92282396108179, 118.23904497593948, 18.029270194046873, 94.1863785927304, 87.69459934140012, 65.32615747343523, 0.0, 102.79620272550751, 47.354213003044265, 37.87832538784949, 94.03323261015407, 41.40430472952079, 33.008027113829975, 67.49878753365455, 67.23538437484156, 46.90903101829004, 58.05145718385177, 81.79934443758394, 42.76916093566695, 72.3119915878033, 41.95767081669749, 54.95934608481978, 93.31979152626405, 20.67096755844716, 73.18955536760456, 87.44470683172554, 70.8105558292953, 121.07806171201827, 30.76441980269382, 72.9016496649889, 57.135960987071144, 29.539571553861933, 38.86570642394497, 20.473026614004105, 67.97085304967217, 73.42098398585533, 100.11532358378794, 91.43196077388164, 50.13468199582139, 62.11435840290292, 102.45941086268061, 59.98439383747537], [58.80099203470959, 17.730713589815387, 107.8597542643589, 18.453785243196638, 61.47896421714801, 74.25700407202588, 102.79620272550751, 0.0, 74.59608412830471, 65.07397983492405, 29.444192114430972, 83.54818322666605, 74.10453614087707, 41.71683893549196, 45.22453035444039, 56.289074014472305, 54.64175385461377, 70.97845692380153, 69.89267693651381, 61.32772203832217, 79.20042418877345, 60.73760447646224, 45.575881497656, 82.1519961909093, 32.66537976743113, 67.5386577542061, 39.793969714026744, 25.26487654453281, 84.04211983973822, 77.7955946792477, 85.23524846727919, 85.49608809537763, 66.02768881041648, 82.50187301119863, 37.86457659931052, 30.579157207440023, 32.75486691155188, 52.89338199179384, 54.10001721931161, 54.93277600486483, 22.516666703700505, 70.64873839688366], [16.244078452903366, 85.58604512503851, 62.76359486055907, 74.51009772931343, 40.78328554385285, 18.415945901872014, 47.354213003044265, 74.59608412830471, 0.0, 29.011397446360565, 80.07288308294811, 9.48550981668404, 18.59458099563402, 57.796750325828626, 60.83808836298738, 37.932624509305285, 19.954691196554975, 91.10268861861326, 53.88354597467169, 77.66348056745437, 61.78939034981943, 59.55205284250234, 87.58970714794819, 35.69075926015891, 42.09202117590264, 93.85334397924319, 60.738424227140776, 85.3201500965564, 16.740769074259138, 26.56472948279612, 16.08438436033608, 18.13969556788018, 21.69077127114552, 37.17146770855175, 37.230468048709575, 54.19344271691901, 59.69285365312074, 45.850083398568174, 27.01221213276458, 62.89873246914727, 84.29943654186027, 12.630198902311214], [21.77062242406881, 80.3620216348307, 46.14025385963954, 58.07061054734119, 59.317973064299046, 44.94173792055479, 37.87832538784949, 65.07397983492405, 29.011397446360565, 0.0, 60.06468487797033, 31.99657385988067, 13.53159479052563, 34.20502061289497, 35.82973862809879, 11.495356347340959, 25.569304159695346, 62.78418469395703, 24.999027862696238, 49.726433779428945, 33.66434233322629, 31.020066205185834, 63.62877607104384, 17.51932206008532, 35.607432906933575, 66.14270285878018, 37.56123405950153, 83.39507355003063, 25.022462195846902, 53.25488394485236, 45.02262813738269, 25.905792864452273, 7.335473791014311, 18.194077513853255, 30.567577557327677, 36.6537454549039, 64.11778658997092, 60.08450660627869, 13.016676701036905, 35.39787858560843, 67.07710053518346, 37.976300364971685], [64.11446369772098, 45.367773748305694, 94.22253622702014, 11.364735769960749, 81.31209299630761, 86.22878741195638, 94.03323261015407, 29.444192114430972, 80.07288308294811, 60.06468487797033, 0.0, 87.34768993705623, 72.5043440520303, 26.578338994527392, 27.100429276814083, 48.782395943122964, 61.90378322213004, 42.673820949715015, 53.8330278661754, 35.39609464838883, 60.82763348018202, 42.043587565568984, 16.135033883459666, 74.12656742050586, 42.21308509797346, 38.51007731412001, 23.23305572129039, 54.15724215717503, 83.9487585675225, 91.98696733719956, 94.16326633140625, 85.11059108128833, 64.16330664174377, 73.93002815885514, 45.124405787530165, 25.90188059147182, 58.59794385524607, 74.49774315928133, 53.90784888732556, 34.72783490195459, 10.692550056413658, 80.77655767581355], [24.777737015294584, 94.92882724471329, 58.0509470344946, 82.48592898269354, 48.85705782137704, 24.423698459065143, 41.40430472952079, 83.54818322666605, 9.48550981668404, 31.99657385988067, 87.34768993705623, 0.0, 19.069364275572298, 63.80054524630858, 66.3833512966333, 42.43317552836911, 29.01930586271236, 94.76986863037689, 55.67873703857572, 81.70208433747138, 62.388524463227235, 63.00171991999287, 93.74870302053144, 33.728827616951456, 50.91540310165451, 98.09610357256477, 66.9192987849514, 94.7849631445406, 11.318947366386643, 31.585924208496973, 16.19453652426062, 12.15555119310162, 25.236670742346025, 35.23817780134434, 45.87600641474217, 61.65619755937403, 69.14998864964682, 54.64386461019409, 33.500654918860825, 67.23079877632334, 92.21293277845174, 20.347438479479457], [19.91620578130914, 87.99590110202827, 46.02499103897012, 69.42015356087659, 55.80828423846119, 36.61178077758286, 33.008027113829975, 74.10453614087707, 18.59458099563402, 13.53159479052563, 72.5043440520303, 19.069364275572298, 0.0, 47.2685871655628, 49.19425932324718, 24.795366449844423, 25.06250561067123, 75.93649355441875, 36.62066783097067, 63.08008610362193, 43.683514855418295, 44.201544699870645, 76.9561155888248, 17.444585810705966, 42.33257487614931, 79.5195033150225, 50.56922237210224, 89.75538153093947, 11.601752061965227, 44.92604664249757, 33.63643684356619, 12.64080635481441, 8.424250237335729, 18.8712122538415, 36.95104489695149, 47.91386187570486, 67.39344902270963, 58.72517754190573, 20.078474619139715, 48.88999764890174, 78.78345154993728, 30.090953875142212], [43.145166426635, 59.369239630568366, 68.70155793631452, 27.890330306958038, 70.32117844856393, 67.83277800656732, 67.49878753365455, 41.71683893549196, 57.796750325828626, 34.20502061289497, 26.578338994527392, 63.80054524630858, 47.2685871655628, 0.0, 4.719375794740757, 22.722161531176347, 42.608455663618265, 38.755617775446886, 28.893089301213323, 25.45609578432235, 37.61857774172563, 19.026450944090026, 29.948368168653737, 47.554960095033174, 30.324302517008043, 39.06107346980831, 3.3927161293350045, 65.72223883521995, 58.864654400981145, 74.91151270236166, 73.173274913982, 59.88995067240095, 39.22726968926027, 47.35179186564896, 29.948904178187075, 13.333254407648809, 57.928464610697745, 66.17665778727549, 30.786356426436782, 13.91197333732556, 35.18687613998189, 61.453895293783084], [46.67704375397607, 62.945301654439014, 67.20369076024316, 30.206146587943284, 74.86478251733223, 71.63563473801375, 67.23538437484156, 45.22453035444039, 60.83808836298738, 35.82973862809879, 27.100429276814083, 66.3833512966333, 49.19425932324718, 4.719375794740757, 0.0, 24.400757111506636, 46.47993229871094, 34.156430502103206, 26.903377552270676, 20.76452238251385, 34.8290589558014, 15.865556860450063, 27.801018936092014, 47.812827464966915, 35.01437313613048, 34.74660555204514, 5.433330213979611, 69.6188757650148, 60.78210034903236, 78.87343107762803, 76.44180112122909, 61.71927102075737, 41.43154361871831, 47.462235278578234, 34.48775740707078, 17.913714937671685, 62.575262563181326, 70.84302054254711, 33.94240574426728, 9.750059375504245, 36.55584495458246, 65.13980577005745], [26.419297312507403, 72.51822671629994, 51.98356925633356, 47.50139342228876, 61.551626350751725, 51.583085668510314, 46.90903101829004, 56.289074014472305, 37.932624509305285, 11.495356347340959, 48.782395943122964, 42.43317552836911, 24.795366449844423, 22.722161531176347, 24.400757111506636, 0.0, 28.38101305658821, 53.21644036485455, 20.41044491790232, 39.730998199759426, 30.6601601694794, 22.021631592205363, 52.18019618584083, 26.286525172782227, 30.24005465913591, 55.95297048080271, 26.08812958397879, 76.57166011174513, 36.38139614225721, 59.575268237273896, 53.96050744644704, 37.328461456280046, 17.22562009672127, 26.444508909415838, 26.131040903363964, 26.512031982598696, 60.39007045893479, 60.49735347066521, 13.426527680269349, 24.987357943876585, 56.20117391038606, 44.665818820026765], [5.211165625727686, 66.04814656698717, 69.96174172006347, 55.35038392821988, 33.85232257521675, 25.236056909598286, 58.05145718385177, 54.64175385461377, 19.954691196554975, 25.569304159695346, 61.90378322213004, 29.01930586271236, 25.06250561067123, 42.608455663618265, 46.47993229871094, 28.38101305658821, 0.0, 79.51487665391069, 48.303816601851835, 65.74317146618692, 58.0714995332762, 49.8454682070308, 71.24363550481306, 40.50628990644449, 22.1899907836102, 81.04502681178832, 45.0436814717378, 66.4653837203863, 31.64367062770373, 32.418826942577056, 32.329707987313434, 33.208890619481664, 20.413117958857402, 41.65206816396227, 17.539257861525293, 36.15494777860087, 42.56719204470023, 34.706687935174116, 14.967168386093498, 51.04426030725745, 65.16383957862188, 19.08046121673701], [78.84712044724604, 87.7994261118123, 73.88905624947573, 52.62665126973094, 109.01448312305212, 104.19100735193955, 81.79934443758394, 70.97845692380153, 91.10268861861326, 62.78418469395703, 42.673820949715015, 94.76986863037689, 75.93649355441875, 38.755617775446886, 34.156430502103206, 53.21644036485455, 79.51487665391069, 0.0, 40.96355322861978, 13.772950811043268, 39.895464281390545, 31.76815215138941, 28.39787382283013, 67.51283633803207, 69.0075650919094, 6.999739182448508, 37.7416325392695, 96.1971023586214, 86.72474870974717, 111.83751833419261, 107.1605892888637, 87.23394074287364, 69.78635843011493, 66.49636195415013, 68.64173591758572, 50.88513316038459, 94.88222407104709, 104.89282914489556, 65.59401412974567, 28.553872158659388, 52.828756896694856, 97.41799915873796], [45.599113686671686, 87.2476550347603, 40.401353203632425, 56.74857627208216, 81.84243455039329, 69.8268908846609, 42.76916093566695, 69.89267693651381, 53.88354597467169, 24.999027862696238, 53.8330278661754, 55.67873703857572, 36.62066783097067, 28.893089301213323, 26.903377552270676, 20.41044491790232, 48.303816601851835, 40.96355322861978, 0.0, 29.8818774382627, 10.426151560036782, 12.371323427850154, 50.85208137546955, 26.567501986145565, 49.212958476744596, 45.75464888101586, 31.67153708311711, 92.67740158021185, 46.54090958734815, 78.08804339994292, 69.76177545093357, 46.87251278067455, 32.31521435554077, 25.59960594958235, 45.78766247460664, 39.5187502719134, 79.559266275441, 80.89999379228513, 33.42732527602828, 19.785564682102326, 63.45922175075354, 62.845339682063376], [65.12425707228428, 78.75552723806065, 66.90688770866244, 43.621410725111474, 95.45894743501559, 90.45726937667908, 72.3119915878033, 61.32772203832217, 77.66348056745437, 49.726433779428945, 35.39609464838883, 81.70208433747138, 63.08008610362193, 25.45609578432235, 20.76452238251385, 39.730998199759426, 65.74317146618692, 13.772950811043268, 29.8818774382627, 0.0, 31.686914129105922, 19.036378926889704, 25.138936876089453, 56.2043218573935, 55.77710841746454, 16.44491795472185, 24.89754624014936, 86.53730299712844, 74.14323664976664, 98.07632298694841, 93.68380324872356, 74.75671234303036, 56.560115472919136, 55.34213369423486, 55.129306363817655, 38.157529708048706, 82.68989252255892, 91.60265478743223, 51.88905101531947, 14.852384846211532, 46.07685665389134, 83.70600247525799], [55.024753991800814, 96.72787964490978, 35.24410109878016, 65.03510035110364, 91.79740961913025, 78.54278749671201, 41.95767081669749, 79.20042418877345, 61.78939034981943, 33.66434233322629, 60.82763348018202, 62.388524463227235, 43.683514855418295, 37.61857774172563, 34.8290589558014, 30.6601601694794, 58.0714995332762, 39.895464281390545, 10.426151560036782, 31.686914129105922, 0.0, 18.999177544384878, 55.404288595427325, 30.253450797011094, 59.62069519397969, 45.77250283730786, 40.016011768011566, 102.48684180539729, 52.330214505204, 86.88145890944675, 77.30002334098603, 52.38554545030039, 40.76006743761481, 28.94198775055966, 56.211740219692075, 49.17878289786646, 89.95798758654291, 91.13746943919826, 43.362409225630344, 26.110388990884324, 70.94559417150943, 71.59835144647329], [48.349316242528175, 78.39557813384134, 52.5029938929974, 46.060743928173636, 81.85544214537445, 73.5924196766095, 54.95934608481978, 60.73760447646224, 59.55205284250234, 31.020066205185834, 42.043587565568984, 63.00171991999287, 44.201544699870645, 19.026450944090026, 15.865556860450063, 22.021631592205363, 49.8454682070308, 31.76815215138941, 12.371323427850154, 19.036378926889704, 18.999177544384878, 0.0, 38.48982476017799, 37.54445859615804, 45.101710406494, 35.45397036032415, 21.14603640200757, 84.64058418103566, 55.14793893280382, 81.53881106155727, 75.63554630204715, 55.738023112733245, 38.07518764002396, 36.795455410081026, 42.86098084759935, 31.54232800112374, 74.75181379354406, 79.46767660565395, 35.147998998402194, 7.475300172026181, 52.014327352096295, 66.68453458641048], [72.4685206465821, 61.16323574700043, 90.42064990070612, 27.39519010933083, 94.55437965476533, 96.34360951531652, 93.31979152626405, 45.575881497656, 87.58970714794819, 63.62877607104384, 16.135033883459666, 93.74870302053144, 76.9561155888248, 29.948368168653737, 27.801018936092014, 52.18019618584083, 71.24363550481306, 28.39787382283013, 50.85208137546955, 25.138936876089453, 55.404288595427325, 38.48982476017799, 0.0, 74.85522176707231, 54.17999187139329, 23.213383601111186, 26.87153056787394, 70.13933265552679, 88.55318843523955, 102.84294785630847, 102.7050447070743, 89.50826247892537, 69.07212580524875, 74.33992893230729, 55.966619763030074, 35.789759550235345, 74.02174931803619, 88.47196354238629, 60.600544811564795, 31.20996033908289, 25.074747440139543, 90.31750715059333], [35.75482337469468, 97.76187372396143, 29.463685139840127, 73.7074601557869, 72.85336261537472, 53.95308539415615, 20.67096755844716, 82.1519961909093, 35.69075926015891, 17.51932206008532, 74.12656742050586, 33.728827616951456, 17.444585810705966, 47.554960095033174, 47.812827464966915, 26.286525172782227, 40.50628990644449, 67.51283633803207, 26.567501986145565, 56.2043218573935, 30.253450797011094, 37.54445859615804, 74.85522176707231, 0.0, 53.117018929015174, 72.28051536584765, 50.92163379190425, 100.91242507659385, 22.821855240752303, 62.21617128460025, 49.61645951948425, 22.604143042589076, 20.15887037955024, 1.5119805444559877, 48.03328186193905, 52.789408050867145, 81.1759782241587, 75.06907627348428, 30.28719513418722, 44.06180941443337, 82.18000190272508, 47.51766262052607], [26.146638593853513, 45.66336566623362, 81.3217121532638, 34.11967399525718, 40.69630473783299, 44.4990736020387, 73.18955536760456, 32.66537976743113, 42.09202117590264, 35.607432906933575, 42.21308509797346, 50.91540310165451, 42.33257487614931, 30.324302517008043, 35.01437313613048, 30.24005465913591, 22.1899907836102, 69.0075650919094, 49.212958476744596, 55.77710841746454, 59.62069519397969, 45.101710406494, 54.17999187139329, 53.117018929015174, 0.0, 68.75390832061706, 31.3471631616617, 47.88923916701659, 51.64395698556841, 49.83683957279521, 53.900163064673116, 53.13336556112362, 34.75737677932379, 53.79410076030085, 5.383992689150701, 18.797351863323172, 30.355173431748103, 35.887446618863535, 23.06949971756854, 42.939449494307, 43.836121574107196, 39.687337575847515], [80.81682000525392, 83.87690438094722, 80.25343938226132, 49.084947783668746, 109.23217082976716, 106.04432553616724, 87.44470683172554, 67.5386577542061, 93.85334397924319, 66.14270285878018, 38.51007731412001, 98.09610357256477, 79.5195033150225, 39.06107346980831, 34.74660555204514, 55.95297048080271, 81.04502681178832, 6.999739182448508, 45.75464888101586, 16.44491795472185, 45.77250283730786, 35.45397036032415, 23.213383601111186, 72.28051536584765, 68.75390832061706, 0.0, 37.4741023570224, 92.57269232637064, 90.5848817626227, 113.46339484427043, 109.8184367637523, 91.19003169156154, 72.91580854421912, 71.34877181767689, 68.93549027543632, 50.16859119577109, 93.16715387124957, 104.55007211024724, 67.69125924631457, 30.965614568959552, 48.189634707047304, 99.39881667970894], [45.83982298530124, 57.51302498476732, 71.7140398295727, 25.10916787158261, 71.7599329850635, 70.27780897160685, 70.8105558292953, 39.793969714026744, 60.738424227140776, 37.56123405950153, 23.23305572129039, 66.9192987849514, 50.56922237210224, 3.3927161293350045, 5.433330213979611, 26.08812958397879, 45.0436814717378, 37.7416325392695, 31.67153708311711, 24.89754624014936, 40.016011768011566, 21.14603640200757, 26.87153056787394, 50.92163379190425, 31.3471631616617, 37.4741023570224, 0.0, 64.20798061072307, 62.15870598242934, 77.20266439716453, 75.98166750273246, 63.19914892732295, 42.48028844991511, 50.70410882458139, 31.51972318803705, 13.260263951840983, 57.861274403452455, 67.22147764460207, 33.73599952989438, 15.17430131334694, 32.039468045905565, 64.00202496659546], [71.45729725585424, 9.686939477916942, 128.5082216495504, 43.580590602649224, 59.44637680682224, 79.42662859948379, 121.07806171201827, 25.26487654453281, 85.3201500965564, 83.39507355003063, 54.15724215717503, 94.7849631445406, 89.75538153093947, 65.72223883521995, 69.6188757650148, 76.57166011174513, 66.4653837203863, 96.1971023586214, 92.67740158021185, 86.53730299712844, 102.48684180539729, 84.64058418103566, 70.13933265552679, 100.91242507659385, 47.88923916701659, 92.57269232637064, 64.20798061072307, 0.0, 97.99782187976193, 80.38388331384999, 92.17836578766102, 99.5494746097293, 82.52979411574476, 101.52554997098481, 53.14329116680964, 53.319663738189476, 27.85025291918951, 49.821262296588834, 70.95484846394353, 79.3679588826454, 45.634909192784654, 77.92200236795436], [26.556904338174924, 97.03463210012806, 46.90392086203955, 80.47770705155314, 57.47276666164492, 34.56703868114016, 30.76441980269382, 84.04211983973822, 16.740769074259138, 25.022462195846902, 83.9487585675225, 11.318947366386643, 11.601752061965227, 58.864654400981145, 60.78210034903236, 36.38139614225721, 31.64367062770373, 86.72474870974717, 46.54090958734815, 74.14323664976664, 52.330214505204, 55.14793893280382, 88.55318843523955, 22.821855240752303, 51.64395698556841, 90.5848817626227, 62.15870598242934, 97.99782187976193, 0.0, 42.25023866814271, 27.512666467898892, 1.5714108231105495, 19.792295107583698, 24.31352450677204, 46.303093159847556, 59.052217553654856, 73.95551543801557, 62.10273546028863, 30.737507106735222, 60.19136604239526, 89.95581847989273, 29.327368248428314], [33.1911639051212, 83.64560146837057, 89.04472217468978, 83.76822575740461, 22.777944035590608, 8.373924113967975, 72.9016496649889, 77.7955946792477, 26.56472948279612, 53.25488394485236, 91.98696733719956, 31.585924208496973, 44.92604664249757, 74.91151270236166, 78.87343107762803, 59.575268237273896, 32.418826942577056, 111.83751833419261, 78.08804339994292, 98.07632298694841, 86.88145890944675, 81.53881106155727, 102.84294785630847, 62.21617128460025, 49.83683957279521, 113.46339484427043, 77.20266439716453, 80.38388331384999, 42.25023866814271, 0.0, 17.62284582127129, 43.3883978154697, 46.12801789495907, 63.68630531661279, 47.04144868138159, 67.13853409385969, 52.539151156569424, 31.687624178460602, 46.43882507300797, 83.30673277733874, 93.32788116001265, 15.283176769716302], [30.27011491324418, 93.97326679916698, 74.11968433544304, 87.61887492043836, 38.78928553709607, 13.399430857010408, 57.135960987071144, 85.23524846727919, 16.08438436033608, 45.02262813738269, 94.16326633140625, 16.19453652426062, 33.63643684356619, 73.173274913982, 76.44180112122909, 53.96050744644704, 32.329707987313434, 107.1605892888637, 69.76177545093357, 93.68380324872356, 77.30002334098603, 75.63554630204715, 102.7050447070743, 49.61645951948425, 53.900163064673116, 109.8184367637523, 75.98166750273246, 92.17836578766102, 27.512666467898892, 17.62284582127129, 0.0, 28.31688762858532, 37.72867755658738, 51.12824223245075, 49.705575931660036, 68.3156241579124, 64.8899233835685, 46.5143976118875, 42.49952683051002, 78.88920340524182, 97.42582031711342, 14.627067486493504], [28.115790271586093, 98.5544951911174, 45.90975073867195, 81.76781697480936, 58.90607296546576, 35.796474952413774, 29.539571553861933, 85.49608809537763, 18.13969556788018, 25.905792864452273, 85.11059108128833, 12.15555119310162, 12.64080635481441, 59.88995067240095, 61.71927102075737, 37.328461456280046, 33.208890619481664, 87.23394074287364, 46.87251278067455, 74.75671234303036, 52.38554545030039, 55.738023112733245, 89.50826247892537, 22.604143042589076, 53.13336556112362, 91.19003169156154, 63.19914892732295, 99.5494746097293, 1.5714108231105495, 43.3883978154697, 28.31688762858532, 0.0, 20.951122306160144, 24.07615731767097, 47.78578641019955, 60.31678942046282, 75.52690462516341, 63.61161223479772, 32.06785410822226, 60.9158023298977, 91.2181670613042, 30.684882866538082], [15.890612320438256, 80.333145292696, 49.618446356062165, 60.998235021031604, 53.49581555581532, 37.78334690337288, 38.86570642394497, 66.02768881041648, 21.69077127114552, 7.335473791014311, 64.16330664174377, 25.236670742346025, 8.424250237335729, 39.22726968926027, 41.43154361871831, 17.22562009672127, 20.413117958857402, 69.78635843011493, 32.31521435554077, 56.560115472919136, 40.76006743761481, 38.07518764002396, 69.07212580524875, 20.15887037955024, 34.75737677932379, 72.91580854421912, 42.48028844991511, 82.52979411574476, 19.792295107583698, 46.12801789495907, 37.72867755658738, 20.951122306160144, 0.0, 21.260134415199335, 29.422560332272287, 39.48978915474917, 61.36868599614031, 55.09048722876619, 11.935084480442688, 42.00880414636977, 70.36067911534617, 30.847192069436222], [36.95485574523927, 98.24575001081223, 28.380426019678946, 73.74310087403083, 74.15508638295154, 55.41482133198663, 20.473026614004105, 82.50187301119863, 37.17146770855175, 18.194077513853255, 73.93002815885514, 35.23817780134434, 18.8712122538415, 47.35179186564896, 47.462235278578234, 26.444508909415838, 41.65206816396227, 66.49636195415013, 25.59960594958235, 55.34213369423486, 28.94198775055966, 36.795455410081026, 74.33992893230729, 1.5119805444559877, 53.79410076030085, 71.34877181767689, 50.70410882458139, 101.52554997098481, 24.31352450677204, 63.68630531661279, 51.12824223245075, 24.07615731767097, 21.260134415199335, 0.0, 48.7588103265806, 52.95394381384168, 82.07371108386802, 76.26394979820896, 31.08446167464276, 43.431296818442725, 82.11782615745011, 48.95718786625729], [21.108969317092857, 51.045168951634295, 76.5050167244935, 37.919859451459146, 40.378614479197516, 41.10540687909662, 67.97085304967217, 37.86457659931052, 37.230468048709575, 30.567577557327677, 45.124405787530165, 45.87600641474217, 36.95104489695149, 29.948904178187075, 34.48775740707078, 26.131040903363964, 17.539257861525293, 68.64173591758572, 45.78766247460664, 55.129306363817655, 56.211740219692075, 42.86098084759935, 55.966619763030074, 48.03328186193905, 5.383992689150701, 68.93549027543632, 31.51972318803705, 53.14329116680964, 46.303093159847556, 47.04144868138159, 49.705575931660036, 47.78578641019955, 29.422560332272287, 48.7588103265806, 0.0, 20.177605877867336, 34.29842137669365, 36.78220648057244, 17.83876388625428, 41.553575416182206, 47.72249570370113, 35.81753498019116], [38.2140053336021, 47.74454449304599, 77.3917502368581, 21.526479673448126, 59.493620194296376, 60.88986898733481, 73.42098398585533, 30.579157207440023, 54.19344271691901, 36.6537454549039, 25.90188059147182, 61.65619755937403, 47.91386187570486, 13.333254407648809, 17.913714937671685, 26.512031982598696, 36.15494777860087, 50.88513316038459, 39.5187502719134, 38.157529708048706, 49.17878289786646, 31.54232800112374, 35.789759550235345, 52.789408050867145, 18.797351863323172, 50.16859119577109, 13.260263951840983, 53.319663738189476, 59.052217553654856, 67.13853409385969, 68.3156241579124, 60.31678942046282, 39.48978915474917, 52.95394381384168, 20.177605877867336, 0.0, 44.68189406648606, 54.396705819192064, 28.465600566048618, 27.195355157831667, 30.90360833267562, 55.16067759430525], [47.7759088452549, 32.103536281573135, 110.2559289217822, 47.41054688623952, 31.932964265460917, 51.885203055935655, 100.11532358378794, 32.75486691155188, 59.69285365312074, 64.11778658997092, 58.59794385524607, 69.14998864964682, 67.39344902270963, 57.928464610697745, 62.575262563181326, 60.39007045893479, 42.56719204470023, 94.88222407104709, 79.559266275441, 82.68989252255892, 89.95798758654291, 74.75181379354406, 74.02174931803619, 81.1759782241587, 30.355173431748103, 93.16715387124957, 57.861274403452455, 27.85025291918951, 73.95551543801557, 52.539151156569424, 64.8899233835685, 75.52690462516341, 61.36868599614031, 82.07371108386802, 34.29842137669365, 44.68189406648606, 0.0, 22.393106812108545, 51.101116973580666, 71.56659470786336, 54.37449203293058, 50.98835745200122], [39.31428853188616, 54.49025476456106, 104.4502319201351, 64.17341871950401, 9.626065382954124, 33.11750547945596, 91.43196077388164, 52.89338199179384, 45.850083398568174, 60.08450660627869, 74.49774315928133, 54.64386461019409, 58.72517754190573, 66.17665778727549, 70.84302054254711, 60.49735347066521, 34.706687935174116, 104.89282914489556, 80.89999379228513, 91.60265478743223, 91.13746943919826, 79.46767660565395, 88.47196354238629, 75.06907627348428, 35.887446618863535, 104.55007211024724, 67.22147764460207, 49.821262296588834, 62.10273546028863, 31.687624178460602, 46.5143976118875, 63.61161223479772, 55.09048722876619, 76.26394979820896, 36.78220648057244, 54.396705819192064, 22.393106812108545, 0.0, 48.10808881724965, 78.31903604958808, 72.5707642426239, 34.52075210352687], [13.27610389893304, 68.48591502054065, 59.15624583673076, 49.777046810427336, 48.44439642095755, 38.62584446285465, 50.13468199582139, 54.10001721931161, 27.01221213276458, 13.016676701036905, 53.90784888732556, 33.500654918860825, 20.078474619139715, 30.786356426436782, 33.94240574426728, 13.426527680269349, 14.967168386093498, 65.59401412974567, 33.42732527602828, 51.88905101531947, 43.362409225630344, 35.147998998402194, 60.600544811564795, 30.28719513418722, 23.06949971756854, 67.69125924631457, 33.73599952989438, 70.95484846394353, 30.737507106735222, 46.43882507300797, 42.49952683051002, 32.06785410822226, 11.935084480442688, 31.08446167464276, 17.83876388625428, 28.465600566048618, 51.101116973580666, 48.10808881724965, 0.0, 37.04581148903091, 59.32746758011306, 31.82411838560816], [50.293627150545625, 72.66041598644772, 59.97682711931138, 39.389434098201306, 81.55978830449408, 75.63732178375885, 62.11435840290292, 54.93277600486483, 62.89873246914727, 35.39787858560843, 34.72783490195459, 67.23079877632334, 48.88999764890174, 13.91197333732556, 9.750059375504245, 24.987357943876585, 51.04426030725745, 28.553872158659388, 19.785564682102326, 14.852384846211532, 26.110388990884324, 7.475300172026181, 31.20996033908289, 44.06180941443337, 42.939449494307, 30.965614568959552, 15.17430131334694, 79.3679588826454, 60.19136604239526, 83.30673277733874, 78.88920340524182, 60.9158023298977, 42.00880414636977, 43.431296818442725, 41.553575416182206, 27.195355157831667, 71.56659470786336, 78.31903604958808, 37.04581148903091, 0.0, 44.855212805982504, 68.86798590047638], [68.07872901016853, 36.37342464735832, 103.70662650430151, 9.814000142510686, 80.25263158355972, 88.32170123020069, 102.45941086268061, 22.516666703700505, 84.29943654186027, 67.07710053518346, 10.692550056413658, 92.21293277845174, 78.78345154993728, 35.18687613998189, 36.55584495458246, 56.20117391038606, 65.16383957862188, 52.828756896694856, 63.45922175075354, 46.07685665389134, 70.94559417150943, 52.014327352096295, 25.074747440139543, 82.18000190272508, 43.836121574107196, 48.189634707047304, 32.039468045905565, 45.634909192784654, 89.95581847989273, 93.32788116001265, 97.42582031711342, 91.2181670613042, 70.36067911534617, 82.11782615745011, 47.72249570370113, 30.90360833267562, 54.37449203293058, 72.5707642426239, 59.32746758011306, 44.855212805982504, 0.0, 83.44722985705837], [18.590361787565794, 79.44118490855361, 75.24208693390946, 73.67218418101598, 28.52649332836611, 6.983811193443578, 59.98439383747537, 70.64873839688366, 12.630198902311214, 37.976300364971685, 80.77655767581355, 20.347438479479457, 30.090953875142212, 61.453895293783084, 65.13980577005745, 44.665818820026765, 19.08046121673701, 97.41799915873796, 62.845339682063376, 83.70600247525799, 71.59835144647329, 66.68453458641048, 90.31750715059333, 47.51766262052607, 39.687337575847515, 99.39881667970894, 64.00202496659546, 77.92200236795436, 29.327368248428314, 15.283176769716302, 14.627067486493504, 30.684882866538082, 30.847192069436222, 48.95718786625729, 35.81753498019116, 55.16067759430525, 50.98835745200122, 34.52075210352687, 31.82411838560816, 68.86798590047638, 83.44722985705837, 0.0]]",Route_3,2268.7624510520336
