instance_id,num_cities,city_coordinates,distance_matrix,best_route,total_distance
646,82,"[[45.07805938102067, 80.76296937062475], [57.0369128529031, 86.02070473610397], [24.58131987560649, 60.89713034115582], [17.69352559612144, 39.269366154596405], [22.614752320949883, 54.40513477447673], [26.247791540013242, 5.292593229605003], [94.82823927140738, 2.271223285576063], [69.71027372377688, 15.04947390903898], [11.898517009779608, 82.26641226777389], [28.597031795817752, 25.525383399360546], [37.25543342291069, 18.347748623185247], [56.36231861003057, 42.56619930296621], [55.25373392955243, 10.474040938160256], [23.52469135611188, 99.9071639215356], [50.73770355212179, 17.515463994035517], [6.809862193266625, 71.94180762943247], [91.71235113325582, 50.18413362431596], [74.14712425753659, 28.157826069603598], [57.23566070616671, 59.01996254920837], [46.7140025761193, 83.14380632228912], [8.337285660857397, 8.212461979502361], [76.3952390063535, 83.58552441925555], [68.26215658469894, 35.86076137570444], [48.69735536011247, 2.018353552755636], [82.65210080560581, 68.6323484122941], [54.029706573811524, 99.39384263140111], [54.50553438306163, 95.09946473875854], [12.672447423601518, 29.12150984879075], [59.321672632264644, 84.01340209642872], [51.66712047942587, 79.72016229324458], [57.81297485084056, 95.64341101123645], [14.979682706240393, 32.30467192527225], [55.875537774339136, 4.358651320167784], [93.86584551482402, 78.34804248457083], [32.84693725124477, 38.70016687757959], [31.295603521986926, 94.13687888023068], [27.867812093763977, 52.67476009692938], [93.77151790417835, 94.43448761399979], [58.410447492209926, 33.94976913924532], [3.149008260866548, 75.8618816551187], [20.49711070139185, 86.25131733506444], [0.31248915474384464, 83.24601796210864], [71.92055892312756, 71.82276799529315], [97.89710287951634, 70.79585454496502], [9.70190017726763, 85.89428683885153], [37.95959741718671, 80.16883589214252], [67.97973151756662, 36.92372736011613], [75.46263201766888, 57.954193786046794], [71.0255232843518, 47.26343559991144], [4.4333685817752215, 15.05583830138637], [1.9510472357447517, 20.25193665277325], [17.270733226404246, 92.21861016237398], [72.67012688121004, 35.507831924090105], [11.815832087919508, 74.00492851469339], [25.58246482832245, 12.679182034797254], [86.10212003013262, 86.0419728853371], [7.327641622576508, 58.4603812625936], [33.06457650150777, 95.93976023808987], [38.659937177246405, 5.682133066957585], [87.87985592663419, 51.732131450039475], [70.35624552957198, 48.39522867238502], [84.9881677873561, 84.4665661594261], [35.631763519323655, 11.737401553171312], [87.04741585004912, 35.270251288966456], [39.87701005674907, 53.89164289106751], [86.0360872864089, 20.135307636258005], [34.4750964048396, 43.48678129091801], [58.088807480259895, 61.60918407605642], [50.99706917836039, 63.75098975551629], [42.48132873043633, 75.87367695091058], [18.815678028558093, 44.75589135443416], [84.56428887591369, 2.4867023530476984], [53.18649984255758, 93.6298278233927], [69.55988154237063, 46.996685621818415], [89.09061492651195, 28.380182337212368], [81.1210331928533, 47.000644209952036], [81.0381756468931, 86.70919153303463], [12.863077766832253, 97.72953604904966], [19.05666067531587, 0.48001355837704596], [17.327464380632453, 49.80999119577755], [81.56712817965706, 23.969164914546592], [43.19373514538597, 3.1861443783370857]]","[[0.0, 13.063611963594344, 28.544139340634835, 49.715508631266005, 34.63142516086977, 77.78403860581604, 92.93026741920845, 70.17841170336743, 33.21358716715147, 57.643865017857905, 62.90352341349488, 39.82873020759098, 71.02167142993575, 28.82790069048188, 63.500224476021835, 39.271717691808455, 55.7657812895356, 60.102509386181715, 24.911154441682378, 2.888718526959667, 81.32318596971926, 31.444117998250693, 50.5342522054961, 78.82774780296637, 39.48367452265722, 20.66981920393384, 17.15844935752147, 60.966909285940076, 14.60978546577568, 6.671069836177017, 19.585852430851936, 57.044884694065374, 77.16349756464881, 48.847517313602744, 43.80501914304364, 19.204623013153416, 32.941464932383205, 50.57631178749014, 48.67471919436828, 42.214523432482125, 25.186206569654654, 44.834381985161706, 28.29217174943432, 53.75123007005387, 35.746371269948646, 7.1432132350087585, 49.46074935447085, 37.992926946727735, 42.37321849788889, 77.26200853923187, 74.30695968184723, 30.0745589131213, 53.00329852225942, 33.94181610798635, 70.82005581015439, 41.36231896606331, 43.84631657566629, 19.35610373838502, 75.35465660913495, 51.71830756998323, 41.06893391444798, 40.0815840777216, 69.66894227723411, 61.895187865306774, 27.37004020538625, 73.16606738970845, 38.75483223583786, 23.154849539832444, 18.012277129943048, 5.5360807831135, 44.567054441214864, 87.67175313594669, 15.208644027718417, 41.70757166924093, 68.41828281265754, 49.38613734091224, 36.44842273487012, 36.409743548340685, 84.39470471867634, 41.571413023472495, 67.50546915907528, 77.5997065310754], [13.063611963594344, 0.0, 41.04338565331129, 61.10310777693592, 46.73787970892672, 86.4002197834333, 91.8812276566996, 72.09389489320114, 45.29425450571262, 66.8469201846802, 70.50486449529731, 43.45974136866343, 75.56770565573775, 36.27537371769799, 68.79424428645034, 52.16293666681288, 49.86627967860435, 60.339639225681424, 27.00147365149503, 10.716296984776923, 91.79202759234857, 19.510891692563103, 51.400642162882654, 84.41530206962562, 30.959534710587373, 13.707082358096505, 9.42506021961544, 72.15070458181366, 3.0412811669813458, 8.278375759080202, 9.653949879822084, 68.22186444640533, 81.67031137555632, 37.619676062433165, 53.14497363654313, 26.990503678288462, 44.30336852854089, 37.68584549389267, 52.0890480939859, 54.83710375020907, 36.540529873585385, 56.792245338444545, 20.569499946274185, 43.60448592006983, 47.33518148784597, 19.954656930169197, 50.30167460220355, 33.574337873567906, 41.20445525301963, 88.3354127062404, 85.79034587872093, 40.24628024749566, 52.87672172683875, 46.79022359164556, 79.80201283600141, 29.065214958596925, 56.838218446875175, 25.94341095916084, 82.4135870644049, 46.11933862755658, 39.91341969780674, 27.994428001413098, 77.30581834351364, 58.95963717011649, 36.42442695521279, 71.98498224511337, 48.14738004374743, 24.434173267024814, 23.074226247688674, 17.74337064989889, 56.24631201173779, 87.95274859175618, 8.527862247231045, 40.984128789441264, 65.95354152007911, 45.854225279833955, 24.011135536990253, 45.699282674090206, 93.59331922010442, 53.74063707355447, 66.72424640416132, 83.9833195265966], [28.544139340634835, 41.04338565331129, 0.0, 22.698059250648043, 6.783317358402825, 55.62950363968838, 91.4965937217863, 64.33218537985259, 24.84954121493417, 35.598966613379815, 44.39688095791785, 36.68862103274431, 59.019360627163564, 39.02434091398043, 50.65693814361411, 20.923900318950352, 67.98046525561968, 59.40228117011197, 32.70825177225951, 31.38104899029209, 55.132049916063785, 56.563640631864764, 50.34714755158048, 63.62620154926903, 58.58369394659266, 48.46859123478773, 45.44511296205156, 33.93392551345827, 41.72833724845352, 32.984043509236656, 48.07958935761638, 30.161566845841808, 64.62141815141527, 71.44844174429964, 23.685979346520412, 33.9110968242695, 8.854851976919212, 76.88977718838423, 43.250088451316174, 26.139773584330644, 25.681035078454762, 32.99164928359697, 48.58367124608686, 73.98100282058546, 29.09046172767983, 23.460113913267374, 49.5796952747427, 50.96634969139327, 48.40394263456589, 50.07358582340621, 46.52054395340417, 32.16332966821797, 54.379682173887346, 18.29677707728277, 48.22834052806519, 66.46105595177383, 17.42490055440643, 36.05484091040195, 56.981605708471875, 63.958594972665075, 47.451463243631196, 64.84215896640711, 50.386419194373815, 67.51851654356618, 16.823643854137142, 73.74425148946422, 20.0251608747975, 33.51505253013021, 26.56946225994943, 23.338964530525846, 17.140076485678204, 83.72415820923958, 43.47051650722932, 47.07752513680238, 72.24126975251706, 58.22243131982034, 62.07768573773634, 38.651562818995295, 60.66918377251572, 13.249266922020414, 67.9047640347483, 60.63810603057604], [49.715508631266005, 61.10310777693592, 22.698059250648043, 0.0, 15.91571437893127, 35.03707413919227, 85.54897211261387, 57.37896187769833, 43.385805270554634, 17.54375984283405, 28.6423169096784, 38.809079633002604, 47.32800444103958, 60.91752631340755, 39.56197613870009, 34.437516765777836, 74.81924005772034, 57.53672848611169, 44.20029985196859, 52.60375066642144, 32.43563661572258, 73.55143126163716, 50.68338018125475, 48.46519782170538, 71.28675347013713, 70.2514819747832, 66.8739403568163, 11.322111711948242, 61.11408493978078, 52.82491890713476, 69.19250784586758, 7.474751429909831, 51.73610020313049, 85.61171219815708, 15.164098146826404, 56.52840415754682, 16.8291619662195, 93.97367471401495, 41.0629497369332, 39.37708947054739, 47.065526940281636, 47.28685157605299, 63.24788624808034, 86.17733622758101, 47.30485499024758, 45.64515628047544, 50.34088325931677, 60.71566882083311, 53.92779546499123, 27.606642228697304, 24.68781581638485, 52.95093195008998, 55.10513432182954, 35.2293425066172, 27.735775700963895, 82.86985297938905, 21.811616433184685, 58.71799359237703, 39.594098563706574, 71.28423026219161, 53.447576535167876, 81.06389921489637, 32.86014994797703, 69.46909394156764, 26.569116653981023, 70.97054271860928, 17.30340166672715, 46.16109036042141, 41.333713954485226, 44.2075870535671, 5.60010578918633, 76.31948203414231, 64.92157587199229, 52.438824789382224, 72.22270203378257, 63.89695908494161, 79.13963433066542, 58.65939558433775, 38.81329684628658, 10.546979523648478, 65.68053946935477, 44.18438163889042], [34.63142516086977, 46.73787970892672, 6.783317358402825, 15.91571437893127, 0.0, 49.246732997875135, 89.06588810917694, 61.37471937499579, 29.851105219118427, 29.492841626468454, 38.91638008850077, 35.76392908412728, 54.72882354026933, 45.511126612593394, 46.38693993184086, 23.60782596449494, 69.22640401130224, 57.83170905013631, 34.92712316822002, 37.50580095391012, 48.34882701962498, 61.186893105795065, 49.27047088034809, 58.52074015313719, 61.70005527521118, 54.871515245572354, 51.70155192810902, 27.16820045668477, 47.159808020701085, 38.53427972457255, 54.21725091004712, 23.38214588463872, 60.09101725814607, 75.1663562435763, 18.74416242701507, 40.669013600770555, 5.530717268262295, 81.64333639077692, 41.22807024424956, 28.970798720653324, 31.91651217960956, 36.458023607668856, 52.29183981948078, 77.04601222787308, 34.033930837003226, 29.987206710661084, 48.61667350504692, 52.96691616760873, 48.93471786340395, 43.3466244083468, 39.91778613335993, 38.18923226505057, 53.503724892638736, 22.37785943423519, 41.83135725219038, 70.93331646196846, 15.815839452387785, 42.82900813475832, 51.29696728329698, 65.31981855021614, 48.11828285740119, 69.23967514263005, 44.60916989569609, 67.21392635055751, 17.26989334221512, 72.08804880758215, 16.120738338556226, 36.198161773567456, 29.881447681146085, 29.25028480913105, 10.370191129306486, 80.82863789816881, 49.73136124526055, 47.52610100211689, 71.3886437643652, 58.9729716224491, 66.7596320854339, 44.40832019351375, 54.04237887371146, 7.005052339039762, 66.34554152843171, 55.19854627875883], [77.78403860581604, 86.4002197834333, 55.62950363968838, 35.03707413919227, 49.246732997875135, 0.0, 68.6469699795786, 44.54418119313323, 78.2998754588076, 20.368719346901734, 17.07645344246414, 47.918748422333785, 29.46509959701068, 94.6537493279051, 27.370684318898363, 69.42586605439851, 79.37795009791557, 53.07697191448805, 62.02320734582905, 80.49644199700344, 18.14695165486213, 92.97606983335396, 51.95786537105153, 22.687079167979356, 84.81374116457548, 98.11666495516559, 94.14761919902949, 27.42457356319513, 85.38645887464462, 78.64861931688884, 95.70596152411667, 29.268116990176704, 29.642462691480535, 99.54546644215048, 34.05311588038474, 88.9875693486193, 47.40985344459047, 111.82902555482293, 43.077490282227934, 74.25347303567914, 81.1627090411082, 82.15458804802974, 80.69861110815401, 97.07883939547995, 82.28243757732649, 75.78666183546943, 52.36490676657893, 72.07873955895263, 61.372606832699034, 23.899581656015762, 28.53267844839125, 87.38832871592165, 55.38947434210979, 70.21158361664605, 7.416492015116093, 100.51369535435795, 56.433906095707094, 90.90312119985434, 12.418256745806591, 77.16956699816181, 61.67165390568195, 98.5847340675596, 11.383957327572542, 67.78830503092333, 50.473985629968176, 61.60313692675023, 39.070251432538036, 64.69473472141034, 63.48157896587534, 72.42387112676866, 40.1570443401441, 58.383960855180355, 92.35345700452936, 60.126270985573186, 66.94966185118771, 68.92484433112787, 98.13586841660623, 93.40095802825184, 8.652935120819972, 45.40232326994919, 58.38701342039171, 17.076361774086447], [92.93026741920845, 91.8812276566996, 91.4965937217863, 85.54897211261387, 89.06588810917694, 68.6469699795786, 0.0, 28.181481193294, 115.22399530778416, 70.19493433483733, 59.775267796970056, 55.707379623972464, 40.415686193532, 120.9006734852104, 46.65149745496977, 112.2551781713618, 48.01412017331571, 33.133438123970386, 68.07070861387822, 94.10289294065437, 86.69477131684768, 83.37740142046997, 42.825387545534426, 46.13157696783349, 67.468935637242, 105.34383446064051, 101.20772174494874, 86.43212378894059, 89.12070506479004, 88.66352310160644, 100.44150158575113, 85.3100229910527, 39.00859276773904, 76.08290623510152, 71.89401735432503, 111.69464840852599, 83.81059199710938, 92.16932218324523, 48.26785499145376, 117.5613303682246, 112.15067039948131, 124.45940861591058, 73.22690209510942, 68.59331609625244, 119.32858151174686, 96.44729377305681, 43.8364962929756, 58.954388709088846, 50.90057423348643, 91.29446329377154, 94.60168525783597, 118.76741619604705, 39.94563929249804, 109.71227922295246, 70.02358805108523, 84.22400872387168, 103.9883458040795, 112.19868472303199, 56.27177325869208, 49.9465861451952, 52.21400531105436, 82.78225291063906, 59.94857189675939, 33.90393874290863, 75.39433209763797, 19.91048583574977, 73.08367858533154, 69.79096961003596, 75.50452408249457, 90.31899151752161, 87.07959857290894, 10.266212005879948, 100.4013400595699, 51.36980517301194, 26.731967302897072, 46.7825672094847, 85.55662649103793, 125.81962158630199, 75.79274737882568, 90.91921998725337, 25.42946594645581, 51.64260931581693], [70.17841170336743, 72.09389489320114, 64.33218537985259, 57.37896187769833, 61.37471937499579, 44.54418119313323, 28.181481193294, 0.0, 88.65842326976257, 42.42691765231485, 32.62200599357288, 30.58329743705518, 15.163315260621575, 96.61229514351336, 19.132159470840648, 84.81273139605969, 41.45522552876791, 13.838877809428874, 45.7057965819916, 71.87257191378919, 61.75263877678332, 68.86130248817699, 20.861608980821163, 24.725550264816498, 55.12363674729334, 85.7895839908223, 81.48119494863388, 58.74807081546288, 69.74199899396359, 67.14054896324694, 81.46734571658104, 57.38623050617862, 17.48409581354963, 67.75101794263863, 43.79795490407392, 87.92328765344007, 56.271251594217794, 82.95133436205664, 22.02060927069388, 90.15847711612855, 86.5542484337545, 97.29759053477218, 56.816302960213555, 62.46724175005964, 92.84391425805747, 72.44747580842508, 21.942601039289663, 43.288619909461396, 32.240800381311736, 65.27690545226062, 67.9586520823977, 93.30048766036202, 20.671360462861987, 82.62876012676865, 44.19142226137153, 72.86032896049042, 76.00065568883349, 88.80397258739082, 32.43255269177146, 40.9359387543111, 33.35201103848308, 71.07845484756055, 34.239081194528644, 26.635621542497375, 48.97690999088102, 17.099645995830972, 45.279114079544705, 47.9881765488737, 52.17299751886292, 66.64082173209742, 58.929882983252746, 19.454176808796962, 80.29886129069796, 31.947565698021183, 23.52244486296872, 33.927609925532124, 72.54954508424248, 100.3374125819641, 52.70728308092468, 62.86694104791381, 14.83731394901581, 29.049361537447204], [33.21358716715147, 45.29425450571262, 24.84954121493417, 43.385805270554634, 29.851105219118427, 78.2998754588076, 115.22399530778416, 88.65842326976257, 0.0, 59.14714492776173, 68.76458952173404, 59.60819207288176, 83.86786878948149, 21.127329429935322, 75.50607732904152, 11.510511230161839, 86.02046686949713, 82.47804680428803, 50.94952426730447, 34.826539528740234, 74.13953009035285, 64.51021008469533, 73.00920695945162, 88.2830982207973, 72.05523795789104, 45.47951192505579, 44.497698425538836, 53.15053735766627, 47.45532280636027, 39.850034013269685, 47.82344126284894, 50.05665869892438, 89.46282787390436, 82.06093202012626, 48.3410182765284, 22.741040933948177, 33.62564889603788, 82.77227997998875, 67.06606951664915, 10.843058411525028, 9.47709247969818, 11.627367233128815, 60.923847721051054, 86.76018940773915, 4.241061118676166, 26.14535787961115, 72.11838666597829, 68.05498280243268, 68.71107077177754, 67.62388404952338, 62.80722363477664, 11.30959548398824, 76.67824595100015, 8.261897518047293, 70.9199058050552, 74.29959326388696, 24.240874860964574, 25.19846263415132, 81.12536859754957, 81.88715508951441, 67.56155046952583, 73.12275793441492, 74.4151082930295, 88.63405747031466, 39.84875920729016, 96.72979628457055, 44.87272797460131, 50.599051476406444, 43.26104081603503, 31.243806387388357, 38.14297177396913, 107.91254104588077, 42.82317993201168, 67.5927997455407, 94.14003270084272, 77.68803732508621, 69.28225374550406, 15.493178322381183, 82.09905014425493, 32.90733563140927, 90.84208513295442, 85.04751288321296], [57.643865017857905, 66.8469201846802, 35.598966613379815, 17.54375984283405, 29.492841626468454, 20.368719346901734, 70.19493433483733, 42.42691765231485, 59.14714492776173, 0.0, 11.246615478276418, 32.577608238421675, 30.612459530899926, 74.55452978314125, 23.545023990223537, 51.27538588442154, 67.76132744953807, 45.62609645458672, 44.06878598611602, 60.399563660508015, 26.649475821171894, 75.2040463525162, 40.98953723124245, 30.92900676708703, 69.1387078146477, 78.12406937480176, 74.24152005808064, 16.325578484945794, 66.06702570599992, 58.90078990324766, 75.96123435525601, 15.211539999124726, 34.52748811211952, 83.96577491525156, 13.843287762595336, 68.66454399093277, 27.159168183881427, 94.84818544997526, 30.980800999655532, 56.40358994325958, 61.26375579491842, 64.27820008946297, 63.40643361027685, 82.77629739213204, 63.25686129874702, 55.43973787226415, 40.99901562746515, 56.991334668088115, 47.67305112394718, 26.334274139990782, 27.162800550840497, 67.64814509908034, 45.18945661274214, 51.301802680080904, 13.19516970335818, 83.48109232545143, 39.205880204284874, 70.5559595022555, 22.248969604680482, 64.8170261607016, 47.611571644647974, 81.57219651064705, 15.478885418935828, 59.25715017002604, 30.52675199096587, 57.69140327971919, 18.898768683876735, 46.60263409182973, 44.30528925574329, 52.227620708986095, 21.575155103276416, 60.523670488688005, 72.40757756704559, 46.24902029758891, 60.56090716762562, 56.74466979055142, 80.58245433186693, 73.89855864119298, 26.800918484047376, 26.772099759847073, 52.99295167176199, 26.685302110220025], [62.90352341349488, 70.50486449529731, 44.39688095791785, 28.6423169096784, 38.91638008850077, 17.07645344246414, 59.775267796970056, 32.62200599357288, 68.76458952173404, 11.246615478276418, 0.0, 30.848118498261186, 19.645205365091044, 82.70714298967016, 13.507934910301309, 61.6381048399806, 63.08019733998557, 38.1737406097745, 45.314881307742134, 65.48277348869416, 30.64283448601915, 76.07819511481617, 35.610707615851666, 19.939075228886374, 67.74509860798715, 82.7637939785846, 78.66633275945277, 26.840214820090235, 69.27407133201082, 63.04181059823563, 79.9826977137471, 26.286969738856865, 23.289549789795743, 82.49105418570471, 20.82440316785567, 76.02310068372208, 35.58751397524154, 94.780059376169, 26.286073583854396, 66.86646196524126, 69.94094669253107, 74.67641190086952, 63.727926553380826, 80.17615536595933, 72.95020232486833, 61.825097477051074, 35.903335213377964, 55.0314503070567, 44.45824920738355, 32.9867339092925, 35.35570132389654, 76.52641652714594, 39.353131662414164, 61.19554713832522, 12.976549733162203, 83.477582565373, 50.04693816117304, 77.70510631987557, 12.743251084950781, 60.641150801790246, 44.70475164261124, 81.54821863350183, 6.80683423787124, 52.58909212467766, 35.64044168881021, 48.81339527809595, 25.292315777788943, 48.016468758712044, 47.43718856083327, 57.762811667471745, 32.20892083751908, 49.89689963371047, 76.94927112048241, 43.17799160978347, 52.79711893406338, 52.394458377608494, 81.18014161953826, 83.04489863548362, 25.5039464762765, 37.24240402883036, 44.666840198696015, 16.283048566670512], [39.82873020759098, 43.45974136866343, 36.68862103274431, 38.809079633002604, 35.76392908412728, 47.918748422333785, 55.707379623972464, 30.58329743705518, 59.60819207288176, 32.577608238421675, 30.848118498261186, 0.0, 32.111300012699196, 66.07795386553165, 25.67441594404362, 57.60531487185227, 36.16155033619938, 22.88887352299021, 16.476924815640597, 41.70889825570598, 59.047295093498754, 45.64978567968591, 13.659027843141695, 41.265960022825894, 37.02157178295514, 56.875496702669125, 52.56606914172804, 45.71175471151791, 41.552718270064105, 37.449457290708615, 53.09703199100248, 42.63591793862103, 38.210648757117966, 51.83488045487817, 23.831058876249532, 57.33999648906545, 30.23441586885397, 63.95129024613788, 8.856506121733135, 62.771481276228336, 56.52170092812349, 69.25627067715558, 33.13616835557366, 50.22003324764763, 63.67509574266743, 41.864285802569306, 12.915176045646282, 24.52778723165476, 15.397194554540638, 58.765940930732036, 58.80912148797984, 63.194255687972, 17.769782234589478, 54.52323500960787, 42.90260131986359, 52.67445943806811, 51.54633418032462, 58.236773556324316, 40.91220661971258, 32.823306820432535, 15.159405463903019, 50.74524592342529, 37.15064851475131, 31.54054612799818, 20.00077674902055, 37.19781510280962, 21.906573603736987, 19.121088695133743, 21.85363237501935, 36.08420634163527, 37.61043698542384, 49.007317847810064, 51.162290630071944, 13.9213819850837, 35.670498414404925, 25.15269865097524, 50.571747878905256, 70.25081974536933, 56.24019154012549, 39.701289219579756, 31.323028485208724, 41.523491138536485], [71.02167142993575, 75.56770565573775, 59.019360627163564, 47.32800444103958, 54.72882354026933, 29.46509959701068, 40.415686193532, 15.163315260621575, 83.86786878948149, 30.612459530899926, 19.645205365091044, 32.111300012699196, 0.0, 94.89476080999805, 8.365175970754471, 78.26298646751468, 53.908461576539665, 25.878107632912844, 48.58636165441789, 73.16981490049803, 46.97092566189623, 76.10684761385716, 28.525508488876277, 10.69975462828482, 64.28887334314324, 88.92822598102855, 84.62873126776884, 46.48541768420295, 73.65178724820782, 69.33894373844826, 85.20781250999114, 45.810213394323064, 6.146920383512515, 78.08825293855413, 36.038572709403745, 87.02564257244559, 50.307945816870905, 92.37411048731373, 23.68701448236747, 83.60904347398875, 83.36797032648164, 91.18278904146058, 63.57239469217004, 73.87271561420253, 88.10892718627626, 71.80843683987261, 29.351949278198543, 51.60198132237312, 40.02760171469494, 51.02648725083102, 54.19209954766533, 90.13813255258633, 30.49625279561034, 76.9611914711917, 29.753098281249343, 81.62190431363152, 67.82034489405899, 88.29919525579444, 17.271840426050034, 52.599371376993474, 40.81791684791182, 79.74352854911652, 19.662599086170037, 40.31984942708922, 46.06008897518042, 32.26287886097806, 39.007599297854824, 51.21367498794683, 53.44672553198386, 66.6351763348056, 50.029762999716155, 30.37937143748847, 83.18147840278286, 39.224602409820385, 38.28269080675035, 44.75835025726524, 80.47754730916016, 97.00767576306738, 37.55141402717645, 54.6417322617711, 29.572167456909153, 14.091025758999196], [28.82790069048188, 36.27537371769799, 39.02434091398043, 60.91752631340755, 45.511126612593394, 94.6537493279051, 120.9006734852104, 96.61229514351336, 21.127329429935322, 74.55452978314125, 82.70714298967016, 66.07795386553165, 94.89476080999805, 0.0, 86.76946611408532, 32.57985062101074, 84.3915676345792, 87.81001192944873, 52.99238332611181, 28.61388321879043, 92.94393824231122, 55.33254670516131, 78.12414782985914, 101.07364744815173, 66.88919668634985, 30.509333853412667, 31.351660340284628, 71.61270851515816, 39.16676567497572, 34.63396240255185, 34.55236567725816, 68.14039988825446, 100.87663517539367, 73.57087525314279, 61.91284806619836, 9.679011589395483, 47.431663145967164, 70.45968227320644, 74.6149710691775, 31.517361261208553, 13.987436885079084, 28.57271628177, 55.95438581653867, 79.86691385940131, 19.68324871834797, 24.45338639918772, 77.09191836271104, 66.76527078768295, 70.90621387068887, 86.97255926308307, 82.52501046271021, 9.910895579898646, 81.00955372466132, 28.42574861694595, 87.25225071994468, 64.09507080831125, 44.49921586779023, 10.331974669672972, 95.43286700928746, 80.38918435043806, 69.61805756708823, 63.37326718944965, 88.99712463028817, 90.62597310817152, 48.834685445824874, 101.34704572089576, 57.47321938882923, 51.58888818038549, 45.409255373017224, 30.609844764533474, 55.35194370832694, 114.96338024604452, 30.3187702780906, 70.13385380392167, 97.03091995958637, 78.20766216277629, 59.00836678330939, 10.881730904508697, 99.52749131522744, 50.47902868815966, 95.57983137461949, 98.70069353890159], [63.500224476021835, 68.79424428645034, 50.65693814361411, 39.56197613870009, 46.38693993184086, 27.370684318898363, 46.65149745496977, 19.132159470840648, 75.50607732904152, 23.545023990223537, 13.507934910301309, 25.67441594404362, 8.365175970754471, 86.76946611408532, 0.0, 69.94199116387138, 52.40385214667469, 25.714992675686158, 42.01008030808974, 65.75157402145386, 43.409000032669056, 70.87709086988112, 25.37038411441323, 15.630849393870497, 60.261634766099704, 81.94453106936803, 77.67543833624477, 39.79527640955056, 67.04968528664818, 62.211641244387565, 78.44766133590619, 38.69569389541741, 14.124413624297269, 74.56969381030162, 27.728526017382126, 79.04958236919548, 41.94291403524599, 88.13878472236777, 18.137182393525972, 75.29268472704037, 75.09401434523964, 82.8444806367407, 58.29233765731103, 71.15341848555303, 79.7471038487444, 63.9431388547526, 25.960897812832442, 47.39844886510233, 36.00746372839194, 46.36961500372847, 48.863341240078036, 81.85718142124489, 28.36823041391181, 68.6000851319191, 25.615925875138448, 77.11371067235605, 59.673442391536476, 80.39097997364098, 16.90858247860564, 50.50069123097482, 36.584792686459444, 75.20335352555517, 16.173293722832682, 40.41816026301167, 37.962890489915374, 35.395472520686575, 30.642808509700636, 44.70229165975612, 46.236253232378445, 58.93936498399132, 41.96494485048452, 37.014882832847114, 76.15374570183538, 34.97737573007818, 39.86211127836042, 42.33819283368657, 75.53734533267144, 88.70617021393, 35.970752693094866, 46.46698364086242, 31.49767734986635, 16.19385253639998], [39.271717691808455, 52.16293666681288, 20.923900318950352, 34.437516765777836, 23.60782596449494, 69.42586605439851, 112.2551781713618, 84.81273139605969, 11.510511230161839, 51.27538588442154, 61.6381048399806, 57.60531487185227, 78.26298646751468, 32.57985062101074, 69.94199116387138, 0.0, 87.64604387146011, 80.32025836327723, 52.05511728870571, 41.44665480360479, 63.747647167700336, 70.55282281312986, 71.26167542750399, 81.50982464596333, 75.91441021335076, 54.619849222349465, 53.02031901478437, 43.219761771737836, 53.88147760183342, 45.52665617226077, 56.241297136797264, 40.470340918309795, 83.5160076688868, 87.29137458593758, 42.224826316398676, 33.048036496061464, 28.542185876901403, 89.82343912849976, 64.07819747646921, 5.363658441887297, 19.80158679850561, 13.038444218813273, 65.1108055477923, 91.09444892147152, 14.24905469812561, 32.21785217167273, 70.48417452804722, 70.0632296257747, 68.79442692102724, 56.93558841600621, 51.91773150259086, 22.81619038603598, 75.26625439374172, 5.414443865566508, 62.164856647977714, 80.53618325393784, 13.491365847159985, 35.569815192304965, 73.5171527577763, 83.55103168246447, 67.76860789263077, 79.17522997628419, 66.74782773277585, 88.22056484322135, 37.672864437251455, 94.66101723545988, 39.68694631622266, 52.30959127389767, 44.939946134671594, 35.8875064789071, 29.718910773817964, 104.25815324328755, 51.197292307184156, 67.52646918274107, 93.10068457562086, 78.38502260028406, 75.68301094384519, 26.488645790677733, 72.50360049620885, 24.503821220876567, 88.8258029336635, 77.78899305232065], [55.7657812895356, 49.86627967860435, 67.98046525561968, 74.81924005772034, 69.22640401130224, 79.37795009791557, 48.01412017331571, 41.45522552876791, 86.02046686949713, 67.76132744953807, 63.08019733998557, 36.16155033619938, 53.908461576539665, 84.3915676345792, 52.40385214667469, 87.64604387146011, 0.0, 28.172600513446895, 35.590926590850415, 55.77805479959899, 93.34357376481134, 36.74597707157034, 27.478548304767873, 64.57733527535383, 20.552974598900704, 61.98045790049808, 58.32438753902646, 81.79816928722026, 46.835621690256815, 49.7593959735266, 56.70726243505111, 78.78818156664019, 58.17432440630168, 28.246120093566624, 59.9751485512175, 74.71296545751012, 63.89310123472863, 44.29823919754372, 37.048230407829585, 92.21069593417987, 79.82764064278157, 97.19579705757147, 29.324827984657116, 21.51962345101779, 89.44791282422497, 61.55031195819064, 27.185945047296517, 18.01186293120143, 20.891991848551715, 94.0830374058821, 94.62044225707554, 85.48948294625623, 24.04163339004347, 83.37196186231448, 76.02488577061827, 36.29406741465718, 84.78959531789162, 74.38507132533654, 69.24584233126859, 4.133317889688923, 21.430898895817215, 34.93565259435771, 67.9939961619723, 15.626436174289926, 51.967761251383884, 30.580253669968283, 57.62775249064704, 35.5116102931103, 42.916124824491334, 55.53058799576947, 73.09850042151133, 48.230070950727395, 58.06694035432456, 22.380610665120795, 21.96100618068622, 11.05941321074764, 38.05283008593341, 92.074823932185, 88.03038627342981, 74.38582768079841, 28.109609268583124, 67.54899770199056], [60.102509386181715, 60.339639225681424, 59.40228117011197, 57.53672848611169, 57.83170905013631, 53.07697191448805, 33.133438123970386, 13.838877809428874, 82.47804680428803, 45.62609645458672, 38.1737406097745, 22.88887352299021, 25.878107632912844, 87.81001192944873, 25.714992675686158, 80.32025836327723, 28.172600513446895, 0.0, 35.19188922941, 61.4494441759742, 68.76592473607597, 55.47327071900356, 9.693712232180149, 36.48236231922689, 41.35845240035174, 74.0221625586158, 69.76370862066305, 61.48222977627781, 57.78961315999372, 56.24966743638287, 69.43420347173726, 59.31258273146371, 30.004192896446106, 53.92481610357002, 42.624481187061875, 78.67330067524027, 52.372271179051964, 69.12100036507572, 16.76870895860331, 85.53601226607731, 79.07703637583221, 92.12091090923934, 43.72167364777145, 48.806382336844294, 86.52563671487765, 63.361520196261736, 10.718104246742687, 29.82539337142876, 19.35894388029414, 70.9342640329641, 72.62765743714752, 85.6662589080836, 7.4969398630815665, 77.3766553047153, 50.971703587694655, 59.10580662259995, 73.36953121581149, 79.26011815375621, 42.00591890222979, 27.28251808879606, 20.58939595124633, 57.34284990579579, 41.86959940212618, 14.731059557033849, 42.85638873651952, 14.342532688310753, 42.53053799474242, 37.1061031394465, 42.459372950398894, 57.267137449773465, 57.76733257637776, 27.704221908530233, 68.74540558840262, 19.389312132097896, 14.945144886667993, 20.091968577228425, 58.95548309430613, 92.71438498819352, 61.65241668507891, 60.805345185914156, 8.52064202253367, 39.77055674765114], [24.911154441682378, 27.00147365149503, 32.70825177225951, 44.20029985196859, 34.92712316822002, 62.02320734582905, 68.07070861387822, 45.7057965819916, 50.94952426730447, 44.06878598611602, 45.314881307742134, 16.476924815640597, 48.58636165441789, 52.99238332611181, 42.01008030808974, 52.05511728870571, 35.590926590850415, 35.19188922941, 0.0, 26.31853202960985, 70.51562377383047, 31.15375211161738, 25.650189284956827, 57.63754059956879, 27.17339488008862, 40.500967084627064, 36.182648714347415, 53.66374429674568, 25.080340232069837, 21.4361122804446, 36.62799842842176, 49.99274377198781, 54.67823039992903, 41.41672504078695, 31.74435269299728, 43.658726267706655, 30.045500932442657, 50.88278143692853, 25.097703512584907, 56.6481792461922, 45.73038092916469, 61.86395736082224, 19.4822499453425, 42.33231049579483, 54.6048321675255, 28.615405983424967, 24.569873160683056, 18.258103577503718, 18.12115437368091, 68.70899704163573, 67.52294660691744, 51.9552271846233, 28.125487242733783, 47.827921099475894, 56.11945070976731, 39.54063121028832, 49.911156068201166, 44.12836698787587, 56.47992172888119, 31.498875898040158, 16.882971185827763, 37.652772601589554, 51.984314441989625, 38.11547624920435, 18.100342949364286, 48.38885159727554, 27.55581621577828, 2.726156182840402, 7.8296004162180886, 22.399508949622184, 40.982420572695965, 62.792224248286445, 34.84592484059756, 17.217595862728064, 44.198803601678094, 26.739017038181277, 36.51373877353929, 58.884269522918686, 69.88963922646076, 40.957144752636296, 42.66824022899855, 57.57248409607166], [2.888718526959667, 10.716296984776923, 31.38104899029209, 52.60375066642144, 37.50580095391012, 80.49644199700344, 94.10289294065437, 71.87257191378919, 34.826539528740234, 60.399563660508015, 65.48277348869416, 41.70889825570598, 73.16981490049803, 28.61388321879043, 65.75157402145386, 41.44665480360479, 55.77805479959899, 61.4494441759742, 26.31853202960985, 0.0, 84.1871650919036, 29.68452308703392, 51.96161352958753, 81.14969362436054, 38.75731305219414, 17.820864317684148, 14.270449750091624, 63.85323792473225, 12.637624027285565, 6.021188869456629, 16.71607917350792, 59.93066530451448, 79.31604110075406, 47.39510146949201, 46.556767368618694, 18.93606806220969, 35.826549841986306, 48.393070091506885, 50.565404359520734, 44.16939162526862, 26.400417501730345, 46.40162599536143, 27.63216226928711, 52.65151156199339, 37.11415992657076, 9.246083427429811, 50.877568010672604, 38.223033297915386, 43.341101074177566, 80.14751025564775, 77.19526825739864, 30.81003366982725, 54.248561693442106, 36.07494131673154, 73.56497239559023, 39.49459666838388, 46.48179107823154, 18.709443304961844, 77.87925778386095, 51.781471593186865, 42.028791328820034, 38.29701576107193, 72.26126669636409, 62.59921323670284, 30.040531488587604, 74.27177965170067, 41.5026560428147, 24.354181199440912, 19.86016097396323, 8.412509076399836, 47.454699747657436, 89.09664748845168, 12.32273783644112, 42.76153085046188, 69.2447238876315, 49.901622451975946, 34.50885145427816, 36.859579787432615, 87.16783348881019, 44.43773011758431, 68.67589497102237, 80.03511720693109], [81.32318596971926, 91.79202759234857, 55.132049916063785, 32.43563661572258, 48.34882701962498, 18.14695165486213, 86.69477131684768, 61.75263877678332, 74.13953009035285, 26.649475821171894, 30.64283448601915, 59.047295093498754, 46.97092566189623, 92.94393824231122, 43.409000032669056, 63.747647167700336, 93.34357376481134, 68.76592473607597, 70.51562377383047, 84.1871650919036, 0.0, 101.552860890891, 65.99559541924823, 40.83261203169621, 95.7771080506693, 101.98941860052454, 98.391353474593, 21.353732936171888, 91.35201277180518, 83.61115828383433, 100.45901985094967, 24.991118794074954, 47.69420583889569, 110.6080205205594, 39.11806706669465, 88.93868550154554, 48.562716322601, 121.38058223423397, 56.300359817889046, 67.84808180653984, 78.98053108344327, 75.46145958275285, 89.93944446218839, 109.25951622280965, 77.69380983229614, 77.81517268788168, 66.19333884558567, 83.54670554029106, 73.85657504272444, 7.878601909176031, 13.628389179602864, 84.47981663053584, 69.8838441980334, 65.88436034469377, 17.814258125735808, 110.0218261633675, 50.25806177484452, 91.14558558739574, 30.428042319380797, 90.66963171487373, 73.89862057096782, 108.12051671654673, 27.521150422253832, 83.23105524210816, 55.509835017952476, 78.60825670755982, 43.90287864561893, 72.98235303142197, 70.0313158328993, 75.78822922159071, 38.016035262664055, 76.44174476323877, 96.47579178439024, 72.47359691645137, 83.23362981339939, 82.47422012692144, 106.99138262197592, 89.63140824598997, 13.217252334958276, 42.55793404657191, 74.9058310327803, 35.216983676846546], [31.444117998250693, 19.510891692563103, 56.563640631864764, 73.55143126163716, 61.186893105795065, 92.97606983335396, 83.37740142046997, 68.86130248817699, 64.51021008469533, 75.2040463525162, 76.07819511481617, 45.64978567968591, 76.10684761385716, 55.33254670516131, 70.87709086988112, 70.55282281312986, 36.74597707157034, 55.47327071900356, 31.15375211161738, 29.68452308703392, 101.552860890891, 0.0, 48.41280860723253, 86.14160505612546, 16.20943528535495, 27.388318051452895, 24.733175901530366, 83.82674424210121, 17.078927016561696, 25.02840127229428, 22.151595206899525, 80.00997680390887, 81.84103835918805, 18.2387858365068, 62.539186974233154, 46.31747188463417, 57.53595844119668, 20.484996234705736, 52.79356900252411, 73.65232498685376, 55.96165830162588, 76.08350734303102, 12.585118217032676, 25.018109551150335, 66.7332887551737, 38.587203900544466, 47.41459765812782, 25.648291674577646, 36.71686238141046, 99.37217253546119, 97.7398640665818, 59.75146318853864, 48.2217894317971, 65.28619774365171, 87.23329301367458, 10.012875624730269, 73.49561774017738, 45.05744617459153, 86.561489060223, 33.86052376229437, 35.704710571083254, 8.637977748484047, 82.60637804165984, 49.47559488438517, 47.06705478172385, 64.1784696402807, 58.010409033238666, 28.602184708509164, 32.225390547496154, 34.77967655942158, 69.4488750545632, 81.50921614331597, 25.28900164987689, 37.22183816263333, 56.64629170695595, 36.8888410040522, 5.595905367835481, 65.08754548105404, 100.96652168155607, 68.04255024442604, 59.840277056641675, 86.98505716267525], [50.5342522054961, 51.400642162882654, 50.34714755158048, 50.68338018125475, 49.27047088034809, 51.95786537105153, 42.825387545534426, 20.861608980821163, 73.00920695945162, 40.98953723124245, 35.610707615851666, 13.659027843141695, 28.525508488876277, 78.12414782985914, 25.37038411441323, 71.26167542750399, 27.478548304767873, 9.693712232180149, 25.650189284956827, 51.96161352958753, 65.99559541924823, 48.41280860723253, 0.0, 39.0907919363674, 35.79172266848276, 65.10771879858305, 60.81503622077765, 55.9967255806838, 48.97559659343507, 46.89394707401839, 60.688966018148435, 53.40100930495689, 33.84983402476744, 49.60562410507949, 35.52886128263535, 69.01182447044603, 43.75401261426982, 63.88747076200874, 10.035340720216618, 76.41866073315838, 69.43131669591052, 82.84032741123652, 36.14761164692852, 45.81146992448102, 77.02374504511896, 53.67914454846323, 1.0998457176172531, 23.237181458412064, 11.732739449086262, 67.13388862601713, 68.1234073745592, 76.00218665252962, 4.42207658603296, 68.12609658510347, 48.568937698472325, 53.25803492721919, 64.99044493385931, 69.63013534396703, 42.27340772216568, 25.23399523474363, 12.708189443055778, 51.40314882791395, 40.57929325072453, 18.794538244632776, 33.62780444266688, 23.731887996968503, 34.636997781919135, 27.685344562724733, 32.80164755353871, 47.59920690179298, 50.240198834612436, 37.14279651410274, 59.703772614838115, 11.211284443851786, 22.131058258650143, 17.013162468644786, 52.42889959309116, 83.04699400610096, 60.605099981780675, 52.81026304134651, 17.844672469330007, 41.183204700261655], [78.82774780296637, 84.41530206962562, 63.62620154926903, 48.46519782170538, 58.52074015313719, 22.687079167979356, 46.13157696783349, 24.725550264816498, 88.2830982207973, 30.92900676708703, 19.939075228886374, 41.265960022825894, 10.69975462828482, 101.07364744815173, 15.630849393870497, 81.50982464596333, 64.57733527535383, 36.48236231922689, 57.63754059956879, 81.14969362436054, 40.83261203169621, 86.14160505612546, 39.0907919363674, 0.0, 74.76863680324035, 97.52138146463903, 93.26214775129115, 45.0818707801861, 82.68049409128284, 77.75854027955653, 94.06777292358726, 45.3226491917133, 7.55005274233679, 88.69280644609202, 39.959869657234286, 93.74776624295838, 54.771720774988