instance_id,num_cities,city_coordinates,distance_matrix,best_route,total_distance
1259,74,"[[45.23562451554557, 56.41284518909171], [53.345822912076436, 78.9576513100879], [43.8334688901035, 64.55902730871352], [66.80711576036768, 89.2592800133387], [63.98111753967489, 80.39074953106964], [7.404487894536727, 12.96705893737914], [26.58320229040354, 6.332011187218589], [36.898093268780805, 46.68757037747411], [97.21650304684486, 49.27128851003306], [59.09833428071973, 72.48014701513725], [50.28381748393045, 1.9258793019280462], [47.46499097839671, 23.851932880891123], [73.33984048795122, 33.879564771085256], [96.98870395343747, 40.23056597734601], [43.28302025303717, 43.62336141480399], [17.511062835965717, 92.20151504336448], [31.133261770202893, 90.6994838741736], [74.22033333300931, 15.046915464667354], [58.17825850260074, 4.5374847312735], [72.89790076673704, 39.16689855388506], [1.651925523771225, 54.57660355499563], [6.767438877237597, 19.451667518969618], [19.741820633820637, 18.711502591984853], [70.31875645163367, 68.17856028138935], [19.775327014466082, 68.23402653129561], [30.153791684491914, 21.27725208149779], [92.41007981021974, 31.8001172394457], [53.97584253034492, 52.95624232453119], [57.062904112585954, 83.46637472891881], [12.910838546078763, 41.13114062959766], [37.76608084214269, 69.67565000525578], [95.34503694132862, 16.87387780022771], [3.219036313099588, 87.14072338304534], [94.94341450168697, 78.56367634555615], [7.545924066474852, 20.994563545669955], [84.41733817862784, 56.6023253543509], [24.86434147463762, 43.30915842951578], [38.50317134602454, 67.3954378742428], [63.160360761507725, 46.14924542921317], [7.070801183104747, 16.678889730851942], [72.74785310536078, 51.66262079732509], [92.08599294751765, 8.525581712128938], [43.65074900835554, 48.29076320423685], [91.74969345878401, 76.73339761109355], [74.05437494663386, 82.58537169049292], [25.676868463445334, 61.812924347412945], [80.6774065664846, 19.913864392691107], [68.07251257553891, 58.5032098354633], [1.8832756764474046, 99.88493417963625], [34.06368634243396, 78.53388365260298], [38.68881395464747, 21.81160514993873], [46.55845786002787, 72.76485987151845], [50.42561534611239, 81.43066522620798], [25.11997802305662, 65.08189383748865], [80.57257001414914, 49.7408756334776], [39.087200173485655, 27.34629437423275], [86.3766013287523, 85.5366299378077], [54.58830712170185, 40.54154031422507], [71.912102072216, 2.138032914466792], [38.30927659687323, 59.80639498557531], [53.377211594652096, 27.851030655337716], [78.3558290296527, 26.9253033582593], [96.60473815118377, 29.09421653688502], [4.579012095312185, 67.05958553933664], [75.98309322987878, 21.65664575986329], [27.56567934108858, 24.109349960857717], [96.82264855766805, 87.01760984191593], [98.45544263694896, 89.77100943317691], [81.4709805314534, 49.558102783508104], [83.33053533150942, 92.7633593778832], [82.49021762191042, 45.4928075534126], [17.27946557340303, 59.68805416678832], [40.495307179413, 63.269569325081484], [47.44957331842182, 52.56432994457762]]","[[0.0, 23.959207020775935, 8.265973840026653, 39.29653311920712, 30.43572580620882, 57.608430295113344, 53.44158295922889, 12.809972578122974, 52.46916775293753, 21.22104874888848, 54.720322585260654, 32.63714272371302, 36.022155429959135, 54.22404809484115, 12.93767980044084, 45.27118520939075, 37.07357856105319, 50.509934539644526, 53.46554775882732, 32.59791715342603, 43.62236354376479, 53.34725823381794, 45.51181461976963, 27.70551496284311, 28.070751275460083, 38.23573700827865, 53.209168471913735, 9.398910272447075, 29.525887001559582, 35.75503156501892, 15.221566091586554, 63.830111670236576, 52.053781634732104, 54.419883372059296, 51.72009468778482, 39.182171817151676, 24.221803802067864, 12.881896900989698, 20.655208774502583, 55.093928489025004, 27.919300738922168, 66.99363421642074, 8.275267134177282, 50.759072690423174, 38.929699714689555, 20.290534572102896, 50.87529374973952, 22.932358810629722, 61.39420714585928, 24.782101308161366, 35.215146468066415, 16.40543422868087, 25.55048579246398, 21.904146600108746, 35.96129718075143, 29.709720600551144, 50.40609894878155, 18.422024599985313, 60.47635655590801, 7.713006917649591, 29.699540225855944, 44.34482010653977, 58.181554698618, 42.02752923471244, 46.40474362716809, 36.82041236092899, 59.98226962175807, 62.810159708526626, 36.87802216831177, 52.655314184474975, 38.82205467882214, 28.147358963958247, 8.335782766141623, 4.439891765461692], [23.959207020775935, 0.0, 17.257034860377924, 16.950809983216075, 10.731414740229063, 80.40749060190119, 77.39975107063405, 36.21996595548358, 52.97090438895342, 8.663108503157195, 77.09260519634238, 55.418628527148734, 49.31322971416698, 58.34799228730892, 36.73924386482022, 38.2037950509896, 25.12505730231264, 67.23337966826269, 74.57689741035793, 44.334949569611254, 57.15500430258682, 75.56790301606735, 68.98425475774026, 20.106448625831376, 35.24165607924522, 62.16830999497086, 61.23601217117193, 26.009040619630557, 5.843396231533131, 55.369963616926086, 18.135156773200737, 74.95551288796942, 50.790327851772936, 41.599457235987046, 73.87388088799014, 38.2779265314461, 45.629045897622845, 18.81459765839439, 34.24495071747272, 77.58879931961906, 33.48816904988641, 80.3833142028035, 32.16290540506871, 38.468228156307944, 21.023902647376826, 32.550156726275475, 65.0629252232396, 25.204356061656785, 55.55488220023008, 19.28679262391427, 58.995749875021104, 9.187980743960514, 3.826670884416016, 31.45210589352325, 39.936396165623044, 53.54475219068346, 33.679597423299676, 38.436198447005935, 79.03138928489794, 24.348887939625385, 51.106630293905425, 57.730976428442325, 66.01284628801982, 50.19726891299164, 61.61047998926908, 60.60488398996167, 44.21761300377893, 46.38756843833036, 40.68609030960727, 33.01030981571193, 44.376700087560465, 40.89131332870027, 20.27934098938408, 27.043911920685094], [8.265973840026653, 17.257034860377924, 0.0, 33.732639004263255, 25.6236448350429, 63.156962061233855, 60.72855262702673, 19.16998716363635, 55.528941042995726, 17.197681611110482, 62.96442031990591, 40.868759333180286, 42.56589463958218, 58.45813070386474, 20.942900948136465, 38.17035746019727, 29.062324930037487, 58.09312136500216, 61.71189968233237, 38.59405916735448, 43.34664213943868, 58.38291263816907, 51.791920589562075, 26.73146977173595, 24.337210394666794, 45.39213186521376, 58.59038587866386, 15.410787210503917, 23.076085950052338, 38.79529535449748, 7.936814571558852, 70.19483689519224, 46.47004552553709, 52.993931115403754, 56.697869556874835, 41.35649347343882, 28.48481564425643, 6.0379878109069, 26.69173689102548, 60.36556395338456, 31.660052360261524, 73.94628525718339, 16.269290197429946, 49.438647525753524, 35.18880865627796, 18.363093980247097, 57.88494031524295, 24.98407821100809, 54.84285192179727, 17.051253938086067, 43.055888977298125, 8.64645898243895, 18.113767165239462, 18.72079404934417, 39.61488571828964, 37.514191437152625, 47.43393226116291, 26.315513046837445, 68.44552711859419, 7.2872638549405355, 37.92835407864246, 51.069467668889274, 63.581126621876074, 39.334020513022494, 53.61168424655017, 43.59836435414382, 57.552072866597086, 60.15982096586838, 40.516786881040545, 48.53352042603986, 43.102957651087976, 26.99706412728421, 3.5785507539047887, 12.527927845167058], [39.29653311920712, 16.950809983216075, 33.732639004263255, 0.0, 9.307905180989659, 96.6911329650733, 92.16775536921118, 52.02787798596648, 50.23714063924622, 18.465227214207136, 88.88274447693396, 68.2073225540032, 55.76369206463521, 57.57380537952304, 51.34218670615903, 49.38377851984749, 35.702913686033526, 74.58170584455824, 85.16008321620572, 50.46131530462943, 73.81115675208713, 92.07532548079675, 84.80643197565769, 21.371204101817792, 51.517477001725155, 77.23355674534723, 62.90522358925964, 38.50392341227679, 11.336110985299364, 72.25736293347747, 35.02713624341917, 77.80783635910069, 63.62336151122352, 30.100618676018094, 90.39889576422665, 37.10251502553132, 62.21422657521193, 35.76507881290815, 43.26400240229987, 94.00181026358914, 38.06312052902726, 84.59876874537697, 47.059926590373614, 27.911107326589715, 9.852097137902652, 49.44693804520642, 70.71896234141593, 30.782090278053595, 65.78760930224026, 34.455279670060584, 73.07412497537335, 26.116547294385583, 18.15601182274147, 48.19090635198439, 41.84724621218432, 67.83517900685457, 19.92041387612378, 50.22666070862094, 87.27068569288805, 40.98291440889784, 62.85964854431444, 63.39477442039007, 67.13965417896762, 66.06938262529725, 68.2225382152419, 76.05526752363369, 30.099124476689692, 31.65246374432905, 42.32271734493318, 16.89088412478804, 46.491545420484734, 57.68401451970926, 36.98346025536431, 41.48775493974823], [30.43572580620882, 10.731414740229063, 25.6236448350429, 9.307905180989659, 0.0, 88.01630005446057, 82.96566030638627, 43.23649487085181, 45.53033828174374, 9.29619301214259, 79.65143996748036, 58.90178456371812, 47.443397886323424, 51.98404662904551, 42.19303331332357, 47.94747299026442, 34.42748367814188, 66.1411988896481, 76.07490357399178, 42.17718473899768, 67.46331084248273, 83.5881375708664, 75.90418232019185, 13.758751151481047, 45.846895533415086, 68.10795515380909, 56.29614056291844, 29.202015575605962, 7.5710730666397845, 64.41653737651755, 28.320337337345695, 70.8384671961898, 61.13585414457944, 31.016157556812953, 81.93191058415341, 31.361253782581198, 53.89959710744702, 28.60076690063751, 34.25133931463646, 85.42824583829105, 30.035995622273973, 77.16531842307705, 37.996486769201596, 28.00839216452597, 10.309552910261694, 42.57171697087565, 62.73929951240608, 22.266654604278482, 65.085829480639, 29.975000255750768, 63.806087304132454, 19.01849792734557, 13.595332448037926, 41.76780132083753, 34.8524183544131, 58.59540378494152, 22.97907263810443, 40.94123059650056, 78.65359606231465, 32.90530457915746, 53.599112686982345, 55.36412434851454, 60.791733969571375, 60.879635877669834, 59.947830371708044, 67.03491684769148, 33.50345410827481, 35.72769747329965, 35.44781252674276, 22.966964172576894, 39.502571310360665, 51.0846933212388, 29.06403447431388, 32.366673930800374], [57.608430295113344, 80.40749060190119, 63.156962061233855, 96.6911329650733, 88.01630005446057, 0.0, 20.294012528949015, 44.79894697147707, 96.87205557116245, 78.82931819284802, 44.27803692326655, 41.51294241677048, 69.17227495075382, 93.64096637159471, 47.19192691326906, 79.87641636589638, 81.273517188546, 66.84820868828095, 51.46876240066927, 70.53948345132055, 42.00531129648922, 6.515825343490928, 13.609129730469414, 83.70492858090353, 56.63457749077138, 24.219622891783967, 87.06684065673149, 61.384247658381305, 86.23289296063452, 28.697306407809354, 64.32488342173481, 88.02728781621254, 74.2916583624221, 109.38912142862647, 8.028750489762576, 88.51562339022381, 35.00699199630383, 62.68633460420753, 64.88277783462023, 3.7267995197970105, 75.94143720480956, 84.79790102343601, 50.61181213771698, 105.73674692142735, 96.37902735890039, 52.15168702266655, 73.60148583241944, 75.85611549049807, 87.09305839724398, 70.77938517055128, 32.51053759539246, 71.4759425304594, 80.85841201307679, 55.04357008006801, 81.88944886528786, 34.793054897481014, 107.25174747039254, 54.65038719042913, 65.41024454549334, 56.11621304197135, 48.32208541141556, 72.31130890935823, 90.64640013860318, 54.16626946426607, 69.12694141133466, 23.03528358402403, 116.09948985952936, 119.1181059758161, 82.61204404494399, 110.14633104825879, 81.82781392488505, 47.75318397117184, 60.21083683398896, 56.31654053494209], [53.44158295922889, 77.39975107063405, 60.72855262702673, 92.16775536921118, 82.96566030638627, 20.294012528949015, 0.0, 41.65294867658262, 82.66102293557383, 73.70759582198066, 24.10670360588964, 27.25796681637163, 54.26832339396879, 78.14119708119875, 40.859866884040805, 86.34741111800297, 84.49007923332663, 48.427738028277645, 31.645977663093106, 56.77306688329742, 54.305701854845694, 23.76530794897935, 14.144126357315635, 75.7482298977842, 62.27524925225966, 15.365849602583376, 70.58188315634808, 54.07564764716559, 82.93806280684595, 37.38867395755806, 64.32319450565943, 69.56522734993135, 84.1185604879385, 99.45115416684665, 24.029323832342786, 76.62826998177486, 37.01707579864328, 62.21597657393591, 54.06755648725152, 22.08600671395387, 64.69960705051315, 65.53950972899835, 45.29721869822813, 95.93240735852706, 89.82253181357085, 55.488315581705265, 55.77319851646838, 66.65730894906312, 96.75864703043366, 72.58834637295655, 19.65104737707791, 69.37098975351938, 78.7925662660308, 58.768101353345216, 69.27612387918013, 24.453017419618135, 99.24022470745106, 44.210607094943995, 45.52250662235013, 54.74495904880014, 34.36549335402371, 55.717937523955996, 73.6283469642156, 64.59119655830646, 51.72227421157295, 17.804466715626614, 106.97544410844404, 110.12577064756745, 69.86532183372147, 103.39554031646671, 68.25805692599123, 54.161119258532274, 58.612559994810994, 50.723098658904625], [12.809972578122974, 36.21996595548358, 19.16998716363635, 52.02787798596648, 43.23649487085181, 44.79894697147707, 41.65294867658262, 0.0, 60.37372075284882, 34.03098162847939, 46.72030180453315, 25.161988535901386, 38.62701060138104, 60.436531984208415, 7.0821373300150725, 49.47096227134286, 44.38785658091585, 48.92934341193662, 47.21731835206999, 36.77698525665245, 36.11826664148473, 40.61589268476707, 32.81764859741436, 39.73415878852708, 27.521607819828613, 26.29010992298569, 57.47361925887294, 18.19191490252398, 41.944010846463996, 24.622394292084547, 23.004460597908857, 65.61174810773245, 52.63778553013203, 66.22194084077923, 39.00872257508483, 48.5425689787173, 12.498993940839876, 20.769979583470413, 26.26778421583102, 42.310616484697896, 36.19331992261171, 67.09725515879362, 6.9403592685822195, 62.541584386362224, 51.66470175306283, 18.833274246604613, 51.3172447134305, 33.338472594208085, 63.686709496754276, 31.972199358845685, 24.940335334079617, 27.80912928144309, 37.283729604491164, 21.84204968159357, 43.781075728767306, 19.464766797313207, 62.907648092763814, 18.727449150923913, 56.66252818799149, 13.194506337245347, 25.027516247156633, 45.927018759734686, 62.24475514028107, 38.20395280141062, 46.41319218898377, 24.430922759877433, 72.23201789908917, 75.13647570987855, 44.665224002852746, 65.41368364431764, 45.60777632418614, 23.535146725824028, 16.967693921605782, 12.077666755111064], [52.46916775293753, 52.97090438895342, 55.528941042995726, 50.23714063924622, 45.53033828174374, 96.87205557116245, 82.66102293557383, 60.37372075284882, 0.0, 44.627860168203725, 66.66531892393758, 55.86910231691334, 28.407748495918554, 9.043592004286381, 54.22840258336007, 90.53155002215075, 77.99544953877933, 41.232651283368654, 59.37253352866769, 26.33425740825, 95.71172783358296, 95.23782339600378, 83.2840136542176, 32.87816445205117, 79.72904852399101, 72.67099373775223, 18.12025192693984, 43.397391701785274, 52.74102225867781, 84.69773948831863, 62.85451987204319, 32.45141916902721, 101.33912299779819, 29.38045126680033, 94.0233264109764, 14.750007543609817, 72.59739857093912, 61.44705126844361, 34.19894706504315, 95.85672653855589, 24.585225239300424, 41.067441560682454, 53.57472758294943, 28.00095432928427, 40.574774383663346, 72.6306543121001, 33.69569799235736, 30.571237331035622, 107.93593177818052, 69.60300088486758, 64.64924284714836, 55.84071487245484, 56.77686749544581, 73.80978364232136, 16.650556112735842, 62.12665466929315, 37.85073920190957, 43.5128899453322, 53.49632222612856, 59.84187327013794, 48.79252936251552, 29.24154709973604, 20.186344138975716, 94.3298904960566, 34.834267419808555, 74.05646760710921, 37.74837606372492, 40.51866688528219, 15.748134546992171, 45.655014267497904, 15.203302297730588, 80.6128957845964, 58.422991419547515, 49.875759808582615], [21.22104874888848, 8.663108503157195, 17.197681611110482, 18.465227214207136, 9.29619301214259, 78.82931819284802, 73.70759582198066, 34.03098162847939, 44.627860168203725, 0.0, 71.10274536829134, 50.00037886132262, 41.14396005041852, 49.756563296195125, 32.906507456395516, 46.026443520268174, 33.37648148174857, 59.39066375843377, 67.94889180594959, 36.05829388979924, 60.1716440485017, 74.50196139301072, 66.63334217598538, 12.016718442299172, 39.551592125035086, 58.81770988137984, 52.57886659840924, 20.184716398813418, 11.173190025610909, 55.82154569337972, 21.515813724935345, 66.3768079208965, 57.77048070419132, 36.35765538592449, 72.85887937711685, 29.885735377835733, 44.97680333804682, 21.21355706509727, 26.642380476568572, 76.29314854382683, 24.89334774540232, 71.96090638265976, 28.70111809491075, 32.927213620453294, 18.049895239028235, 35.082531505267006, 56.82315047106371, 16.609956321187468, 63.43961925029032, 25.75619002627739, 54.624624984394465, 12.543108149769438, 12.46305861197024, 34.774456775818386, 31.276465006513472, 49.37114686199409, 30.24195098623375, 32.2554637692691, 71.49968993755238, 24.347667442470186, 44.99432488487369, 49.45801132888153, 57.350407973772036, 54.78812807779807, 53.55486312760065, 57.74116672884384, 40.42847651230427, 42.987857603322645, 32.03053874066483, 31.600763780613647, 35.71409662122556, 43.731629507720974, 20.758308185314764, 23.07235145243653], [54.720322585260654, 77.09260519634238, 62.96442031990591, 88.88274447693396, 79.65143996748036, 44.27803692326655, 24.10670360588964, 46.72030180453315, 66.66531892393758, 71.10274536829134, 0.0, 22.106506020080584, 39.40327666354365, 60.403604540056065, 42.28109715253014, 96.04032411303186, 90.81572910511701, 27.2968566134842, 8.315207869671731, 43.5693731610445, 71.67398189020307, 46.912988176725946, 34.8506918271046, 69.2157244880516, 72.98998821562368, 27.922993520393437, 51.64389673456835, 51.16374692262104, 81.82180888979366, 54.164490863110416, 68.89648148480907, 47.475848155593475, 97.34815498214296, 88.70079786275171, 46.798955677977744, 64.45627190536885, 48.56671238553061, 66.52102466950062, 46.05986841500125, 45.6619764632606, 54.57450275523214, 42.31994736990753, 46.836951829471566, 85.5311853415938, 84.0891973708195, 64.74534812924162, 35.31767071799426, 59.3079421609207, 109.26384983054442, 78.30631510191482, 23.019257141496226, 70.93686962691693, 79.50491237338294, 67.98456433947763, 56.601081297294364, 27.77700022761292, 91.06836260504679, 38.85483118555938, 21.62932507932653, 59.10620716355213, 26.109051300678214, 37.590012441756876, 53.70052364339035, 79.56964825756431, 32.399937019751604, 31.752482913196573, 96.98693419218792, 100.18618845758617, 56.93389019513745, 96.66195397904517, 54.178680743606876, 66.5263563571058, 62.11974919168926, 50.717705226851265], [32.63714272371302, 55.418628527148734, 40.868759333180286, 68.2073225540032, 58.90178456371812, 41.51294241677048, 27.25796681637163, 25.161988535901386, 55.86910231691334, 50.00037886132262, 22.106506020080584, 0.0, 27.74997726967234, 52.16184207773444, 20.208866010228977, 74.62508420729999, 68.81366472387059, 28.16694296888696, 22.086693015692333, 29.68806281768549, 55.161964743670765, 40.93474175174295, 28.195712395849963, 49.871279239741966, 52.31144929390384, 17.50161713134117, 45.64246536612625, 29.823682135555675, 60.382129917578396, 38.63367016915199, 46.83889312232859, 48.38586626403669, 77.22160000588626, 72.44015166466895, 40.02120016486708, 49.37675739426477, 29.822357117468403, 44.456169855591625, 27.267467420098882, 41.02612725142837, 37.585335966522365, 47.179771691653116, 24.73468959537003, 68.97524328183312, 64.47179363265447, 43.76938605747028, 33.445073368339585, 40.31601345568715, 88.64936579786082, 56.30018389087016, 9.010228654250536, 48.9213269350407, 57.65479785013862, 46.89572778470201, 42.02795672472424, 9.077331161580533, 72.93226495222449, 18.146201507650773, 32.69793101383365, 37.101892823321116, 7.137726222324506, 31.043348427643608, 49.4185824375339, 60.877815606452614, 28.602472647827792, 19.900976538646677, 80.16284119002482, 83.33877137232867, 42.6287989104175, 77.68604748341517, 41.171518772341685, 46.85502676120304, 40.02907137449207, 28.712401203087005], [36.022155429959135, 49.31322971416698, 42.56589463958218, 55.76369206463521, 47.443397886323424, 69.17227495075382, 54.26832339396879, 38.62701060138104, 28.407748495918554, 41.14396005041852, 39.40327666354365, 27.74997726967234, 0.0, 24.486811951153125, 31.59674058614406, 80.73600372620041, 70.78063643355426, 18.853221145170956, 33.02773424504357, 5.305771315079738, 74.61584661674885, 68.11790422007823, 55.70294285361261, 34.43178824531705, 63.63478723532378, 44.98725482157037, 19.18327734891612, 27.182421587863153, 52.18994519600485, 60.8625470065342, 50.46634614700926, 27.81046674010573, 88.05497257291185, 49.63249175053296, 67.04373717697405, 25.279137714948998, 49.38411932142641, 48.341568724763434, 15.94261179836956, 68.46494571842581, 17.792906752229413, 31.531614119660166, 33.001890751341385, 46.64090131512312, 48.71104789637834, 55.245194174961945, 15.775952047845553, 25.180719600387658, 97.27666444435646, 59.46952563485523, 36.69236009347645, 47.21555496349703, 52.78417251737543, 57.434662663773636, 17.432543092520394, 34.870144688408466, 53.27672582713069, 19.899797027179858, 31.773625565687198, 43.58142874548621, 20.85305195687943, 8.574490821524073, 23.75194773072824, 76.3476607331459, 12.505460175963092, 46.805244643489885, 58.09556014695779, 61.275174889366035, 17.661596547708616, 59.725331734136624, 14.785019770529946, 61.715830711802155, 44.074207150436585, 31.928457270876166], [54.22404809484115, 58.34799228730892, 58.45813070386474, 57.57380537952304, 51.98404662904551, 93.64096637159471, 78.14119708119875, 60.436531984208415, 9.043592004286381, 49.756563296195125, 60.403604540056065, 52.16184207773444, 24.486811951153125, 0.0, 53.812744983023094, 94.96143946055327, 82.97018102201582, 33.950183414142494, 52.72804495646606, 24.11427350280467, 96.41011417650436, 92.58314799731882, 80.18822277353257, 38.631288942615015, 82.13464178601066, 69.47037933991868, 9.59355330246417, 44.85587014310915, 58.85069796811519, 84.08268838567308, 66.13873344412586, 23.41445117549913, 104.84900303391977, 38.387635502109546, 91.4878935349322, 20.641553782179344, 72.19003667030421, 64.48633800695752, 34.342212648065264, 92.95111991059969, 26.80131950568306, 32.08181108455739, 53.94352803682725, 36.87687552172512, 48.16547533234501, 74.506215000936, 26.054304552713248, 34.20578368300961, 112.26613974553554, 73.66615224291787, 61.14029188540547, 60.01408168283707, 62.173703434568566, 76.04408105348172, 18.971964665478477, 59.31769208863882, 46.53231300619276, 42.401537195328814, 45.60566891358821, 61.85861521448513, 45.334480922905094, 22.895721025734773, 11.142966777180847, 96.22550306426744, 28.03972528601336, 71.27025994183744, 46.787338543452684, 49.56215148847039, 18.105321954373007, 54.279277376992994, 15.423919485991892, 82.04971986404001, 61.01065115473137, 51.05141719553461], [12.93767980044084, 36.73924386482022, 20.942900948136465, 51.34218670615903, 42.19303331332357, 47.19192691326906, 40.859866884040805, 7.0821373300150725, 54.22840258336007, 32.906507456395516, 42.28109715253014, 20.208866010228977, 31.59674058614406, 53.812744983023094, 0.0, 54.99118837656965, 48.618699458138195, 42.11568120960761, 41.82790789211688, 29.9483089517834, 43.047898459028, 43.791077504516345, 34.27519204205678, 36.52244273289584, 34.03375499228463, 25.917662802443807, 50.52976433316414, 14.192924798266187, 42.15863979223457, 30.474261042438968, 26.630027436404664, 58.531943887918345, 59.151361791716305, 62.36683366490615, 42.29896614398196, 43.13334691567105, 18.421358567104384, 24.24785711701706, 20.03718432674442, 45.13678504608044, 30.54187398367726, 60.113095776841476, 4.681865429664667, 58.69661752224112, 49.647905438215865, 25.314754206144084, 44.27731221292598, 28.912433633804852, 69.85201085852424, 36.10734939968671, 22.29034416221635, 29.32499656982044, 38.47608200104872, 28.113425916872277, 37.78802060973979, 16.809158741091665, 60.11471374140151, 11.71781261493695, 50.40492839584365, 16.93011227103774, 18.7258942757653, 38.84491032736176, 55.2657366773762, 45.2466225113938, 39.3932909180711, 25.056564975414314, 68.91699787100377, 71.92775270600639, 38.64636419301697, 63.391977913391315, 39.25174078161299, 30.565654077614315, 19.84300454655759, 9.8641311171876], [45.27118520939075, 38.2037950509896, 38.17035746019727, 49.38377851984749, 47.94747299026442, 79.87641636589638, 86.34741111800297, 49.47096227134286, 90.53155002215075, 46.026443520268174, 96.04032411303186, 74.62508420729999, 80.73600372620041, 94.96143946055327, 54.99118837656965, 0.0, 13.704758350191856, 95.75371322541989, 96.63748244831083, 76.68358600219274, 40.83070169363527, 73.53887251372065, 73.5238615039813, 58.015126135363715, 24.074206068865347, 72.04227695888972, 96.21949698671698, 53.57118244854421, 40.504948150615064, 51.27714116718671, 30.293239347181768, 108.31611356427032, 15.161584163914556, 78.62416758752593, 71.90086183273625, 75.78754506343697, 49.442221248581696, 32.4963087783598, 64.84342632610786, 76.2408420564356, 68.51645748253993, 112.08515521689851, 51.10222422036519, 75.83295414033255, 57.355177250422706, 31.466598577409822, 95.99735109301643, 60.76212614492884, 17.414438294898652, 21.466101014870265, 73.50671096743088, 34.950460969108256, 34.63205123475857, 28.16681459935668, 76.02407241578497, 68.35005011299768, 69.18730436555353, 63.58832465822225, 105.21836286108199, 38.49687648631999, 73.67065540467178, 89.23603187683267, 101.18468559843944, 28.272858991342623, 91.62727170778885, 68.8305038386938, 79.48081845847175, 80.9808618062748, 76.87217754674072, 65.82187044324907, 80.02495805733139, 32.51428571358557, 36.95041232631866, 49.673140151027546], [37.07357856105319, 25.12505730231264, 29.062324930037487, 35.702913686033526, 34.42748367814188, 81.273517188546, 84.49007923332663, 44.38785658091585, 77.99544953877933, 33.37648148174857, 90.81572910511701, 68.81366472387059, 70.78063643355426, 82.97018102201582, 48.618699458138195, 13.704758350191856, 0.0, 87.06208613864834, 90.30682114080048, 66.33168488967877, 46.62629804551097, 75.29903492499903, 72.88370449043063, 45.19618338864982, 25.17338784391653, 69.42914106284773, 84.99402225498821, 44.117295683872825, 26.919588033829065, 52.811716125980944, 22.045314227493886, 97.84361084308283, 28.140162741235343, 64.95393302939378, 73.58762408144968, 63.25985312838456, 47.80316210694364, 24.441647389705096, 54.867648166307156, 77.83347844492108, 57.05831132160166, 102.3121969000338, 44.21749739207358, 62.20452842168498, 43.681354979365636, 29.39737316855224, 86.40154054744718, 49.00110521238524, 30.65834607083385, 12.513561320607918, 69.3009827054188, 23.65560002464883, 21.40340873848797, 26.31388418138518, 64.20165721112456, 63.85054233081056, 55.484066418652475, 55.37109764673132, 97.49894569925175, 31.715581815117744, 66.66874361942645, 79.35437580278534, 89.89840478675987, 35.5523975151868, 82.3311658902034, 66.68563247793236, 65.79248994302172, 67.32858309397618, 65.0115310397634, 52.238060351899385, 68.41915300794281, 33.965224002773255, 28.983583394994604, 41.47905480808985], [50.509934539644526, 67.23337966826269, 58.09312136500216, 74.58170584455824, 66.1411988896481, 66.84820868828095, 48.427738028277645, 48.92934341193662, 41.232651283368654, 59.39066375843377, 27.2968566134842, 28.16694296888696, 18.853221145170956, 33.950183414142494, 42.11568120960761, 95.75371322541989, 87.06208613864834, 0.0, 19.178016039320422, 24.156208562530786, 82.6363724547885, 67.59655916628714, 54.60162584327835, 53.27470303147251, 76.1125974897721, 44.50479959756628, 24.729267005142425, 42.97623146376561, 70.53793152245395, 66.62762905494571, 65.67504215585959, 21.203558520090322, 101.18646806110698, 66.81186276346146, 66.93916169729637, 42.7882109806098, 56.87502360199753, 63.37257655224642, 33.01026995505871, 67.16936063382288, 36.64530085875727, 19.01866418478099, 45.16251651883227, 64.12878094912189, 67.53866012554414, 67.40569388681962, 8.085851013372354, 43.88901024752387, 111.49053470985854, 75.12091204998535, 36.169737293390995, 64.00422221412495, 70.51943587748558, 70.10238193051855, 35.27069297658058, 37.223806457237586, 71.53023625075747, 32.17751310125051, 13.113625747602224, 57.38479766356733, 24.46182923691388, 12.577695480794075, 26.427036278732423, 86.92083451065413, 6.840749741749236, 47.52667101853006, 75.43636724192224, 78.55590838624775, 35.264627248170655, 78.24858743114473, 31.549062287670825, 72.35394727199734, 58.84557531711343, 46.08936950117692], [53.46554775882732, 74.57689741035793, 61.71189968233237, 85.16008321620572, 76.07490357399178, 51.46876240066927, 31.645977663093106, 47.21731835206999, 59.37253352866769, 67.94889180594959, 8.315207869671731, 22.086693015692333, 33.02773424504357, 52.72804495646606, 41.82790789211688, 96.63748244831083, 90.30682114080048, 19.178016039320422, 0.0, 37.627970581494665, 75.4926468782761, 53.530413997805354, 40.96660271924385, 64.78871960168703, 74.37764841781654, 32.64338449638637, 43.76149816119651, 48.60078586688203, 78.9367702130998, 58.208547151815075, 68.2615380144832, 39.16064368042523, 99.21598227824249, 82.65321373395979, 53.23972890196715, 58.302975321602155, 51.11809610215333, 65.86525129339897, 41.90894858262138, 52.529857310180205, 49.325972226937914, 34.14146119772429, 46.102038016101446, 79.6196651686492, 79.64624116770102, 65.8545088638534, 27.251508492056473, 54.86525083949617, 110.72606381383288, 77.82659984730428, 26.042920055675253, 69.20978605299148, 77.28301677948667, 68.98170324285242, 50.44652353863185, 29.74408017495961, 85.76717357083879, 36.182589312229766, 13.94187319608952, 58.73183874754982, 23.802761918856696, 30.138825047585513, 45.602932089457774, 82.35224529351245, 24.69975331837291, 36.33439020383934, 91.08435607169551, 94.27091436335054, 50.68931790149272, 91.74116844054988, 47.62782614905505, 68.66073530138556, 61.33632307395386, 49.210593848518975], [32.59791715342603, 44.334949569611254, 38.59405916735448, 50.46131530462943, 42.17718473899768, 70.53948345132055, 56.77306688329742, 36.77698525665245, 26.33425740825, 36.05829388979924, 43.5693731610445, 29.68806281768549, 5.305771315079738, 24.11427350280467, 29.9483089517834, 76.68358600219274, 66.33168488967877, 24.156208562530786, 37.627970581494665, 0.0, 72.89340159810453, 69.00672666109175, 56.95605392805187, 29.12607940642316, 60.55498138816186, 46.33679220815645, 20.856524110208262, 23.413463851520817, 47.04456088029049, 60.01921259727694, 46.52986875476481, 31.636256048458947, 84.59687949497508, 45.145440259279496, 67.83151640854281, 20.897165980124484, 48.2118360482661, 44.49548116477683, 11.98218900038075, 69.56232874493391, 12.496623091294959, 36.153467044462296, 30.63724517863408, 42.03132092998222, 43.4338720590636, 52.37049146255598, 20.765356604219622, 19.929307694293957, 93.43316770271885, 55.29788174709252, 38.35971623531831, 42.69179379385436, 47.866790004747266, 54.35362805048335, 13.065586069400842, 35.817456048392145, 48.288998306628926, 18.361123588048297, 37.04198549765132, 40.278551797673174, 22.563381219368, 13.403194912284954, 25.75797083988172, 73.79344507859031, 17.77997090675836, 47.767562937786565, 53.498449768475936, 56.69183348888356, 13.471259109449461, 54.60238526676697, 11.490416324935609, 59.28345604841275, 40.383991995467454, 28.759494741476043], [43.62236354376479, 57.15500430258682, 43.34664213943868, 73.81115675208713, 67.46331084248273, 42.00531129648922, 54.305701854845694, 36.11826664148473, 95.71172783358296, 60.1716440485017, 71.67398189020307, 55.161964743670765, 74.61584661674885, 96.41011417650436, 43.047898459028, 40.83070169363527, 46.62629804551097, 82.6363724547885, 75.4926468782761, 72.89340159810453, 0.0, 35.49548715547388, 40.16901507604519, 70.00104925258145, 22.693234320970806, 43.83153183724221, 93.5724900724846, 52.34900057716483, 62.48996260721979, 17.53692093048656, 39.143497775065676, 100.99452785394891, 32.60180572302107, 96.32591331919062, 34.09534616350658, 82.79019918285668, 25.80254975640462, 39.017135106981534, 62.08307313894035, 38.2831676655421, 71.15561969513459, 101.48407344788097, 42.466609977775455, 92.78217129231108, 77.63121649760636, 25.091078531329973, 86.2932913978034, 66.5365510165898, 45.30892127258042, 40.3047578958293, 49.44973432814938, 48.45007032299124, 55.67776438693657, 25.712071329020883, 79.06865618756629, 46.291354767164584, 90.20417908214434, 54.76534941780393, 87.67152387999403, 37.02853097415583, 58.22165804861101, 81.53577874534348, 98.3127086087922, 12.821570692340218, 81.29480988222298, 39.99720213307475, 100.54792594431126, 103.00275302437045, 79.97666467359598, 90.16442547036822, 81.34706398600044, 16.442230242872828, 39.80422028285106, 45.841834481247034], [53.34725823381794, 75.56790301606735, 58.38291263816907, 92.07532548079675, 83.5881375708664, 6.515825343490928, 23.76530794897935, 40.61589268476707, 95.23782339600378, 74.50196139301072, 46.912988176725946, 40.93474175174295, 68.11790422007823, 92.58314799731882, 43.791077504516345, 73.53887251372065, 75.29903492499903, 67.59655916628714, 53.530413997805354, 69.00672666109175, 35.49548715547388, 0.0, 12.99547713955487, 80.08170854647206, 50.48686665458764, 23.457498942136034, 86.52829685412071, 57.8894628440806, 81.4095606327393, 22.533107061512002, 59.02003236572439, 88.61509960857525, 67.78199941376137, 106.15664022960569, 1.7281687819971323, 86.07948791156709, 29.94457807628247, 57.49575489729298, 62.393287338614535, 2.789323457560952, 73.42316101078133, 86.01531851770211, 46.81956862437144, 102.48502425286196, 92.26806797600369, 46.39011325014292, 73.91141285197851, 72.6865532161971, 80.58142115821649, 65.08297311081145, 32.00849094310365, 66.52534607582773, 75.81182315035875, 49.18265189045917, 79.77865322466083, 33.269988028706834, 103.46420155846612, 52.26488471406462, 67.40615020905297, 51.21905461481937, 47.36053434945193, 71.97744672654567, 90.35330150248784, 47.65818995738125, 69.25076704634476, 21.313395133615877, 112.58373484910688, 115.54869051914018, 80.5420174816909, 106.0024146040194, 80.07546562529714, 41.58689115254539, 55.29536706541471, 52.45459441843832], [45.51181461976963, 68.98425475774026, 51.791920589562075, 84.80643197565769, 75.90418232019185, 13.609129730469414, 14.144126357315635, 32.81764859741436, 83.2840136542176, 66.63334217598538, 34.8506918271046, 28.195712395849963, 55.70294285361261, 80.18822277353257, 34.27519204205678, 73.5238615039813, 72.88370449043063, 54.60162584327835, 40.96660271924385, 56.95605392805187, 40.16901507604519, 12.99547713955487, 0.0, 70.746139351671, 49.52253527432891, 10.723442152730279, 73.83757664711132, 48.42179730825304, 74.73992733137781, 23.437203033225302, 54.0575459822115, 75.62554582226247, 70.39574319361058, 96.11223867591058, 12.407750013585794, 74.95756812555823, 25.125383429237925, 52.17388077489918, 51.36145791175955, 12.833014024914933, 62.41326517140625, 73.0577323212579, 38.033794372717566, 92.4752618292296, 83.84345358819394, 43.50812970100212, 60.94744709056215, 62.60379979614629, 83.11470160994168, 61.51286949197994, 19.198937256246474, 60.339849728938766, 69.82255093796125, 46.681235643077066, 68.28764208493696, 21.184979080859762, 94.37050197517803, 41.119681023866406, 54.73954843175992, 45.094795728339605, 34.85499244453794, 59.18672573520791, 77.56100075516427, 50.6699900084801, 56.31833281892692, 9.505236519358164, 102.9911565187267, 106.04380133399967, 69.00725994446668, 97.60738768322437, 68.22462619913655, 41.05046858936074, 49.154130190546304, 43.746239593769396], [27.70551496284311, 20.106448625831376, 26.73146977173595, 21.371204101817792, 13.758751151481047, 83.70492858090353, 75.7482298977842, 39.73415878852708, 32.87816445205117, 12.016718442299172, 69.2157244880516, 49.871279239741966, 34.43178824531705, 38.631288942615015, 36.52244273289584, 58.015126135363715, 45.19618338864982, 53.27470303147251, 64.78871960168703, 29.12607940642316, 70.00104925258145, 80.08170854647206, 70.746139351671, 0.0, 50.54345987142963, 61.74914659820777, 42.5607528820808, 22.334050224228033, 20.234497567686905, 63.46047547939631, 32.587082823997235, 57.08314251722394, 69.7275847291687, 26.7249774508468, 78.52870834040009, 18.24223730244508, 51.81303879691806, 31.825221700984788, 23.16318936832154, 81.56298126272559, 16.693614575472296, 63.50031839961423, 33.26720748089225, 23.075318042058406, 14.883247646856654, 45.09345278412251, 49.36377722004695, 9.932674252303588, 75.42353196918268, 37.70494438061658, 56.12795908034256, 24.198882889354277, 23.903040570451846, 45.304733908283616, 21.097130320275, 51.40704277302742, 23.64650004323423, 31.80018724452719, 66.05974572436588, 33.08625020023798, 43.741577336456345, 42.02886796465167, 47.10136685753034, 65.7492668590902, 46.865480280111896, 61.399681600929064, 32.51716600677691, 35.46698422284369, 21.70468934025348, 27.815800118525186, 25.744666318568964, 53.714570378507524, 30.224763335745617, 27.691221103291806], [28.070751275460083, 35.24165607924522, 24.337210394666794, 51.517477001725155, 45.846895533415086, 56.63457749077138, 62.27524925225966, 27.521607819828613, 79.72904852399101, 39.551592125035086, 72.98998821562368, 52.31144929390384, 63.63478723532378, 82.13464178601066, 34.03375499228463, 24.074206068865347, 25.17338784391653, 76.1125974897721, 74.37764841781654, 60.55498138816186, 22.693234320970806, 50.48686665458764, 49.52253527432891, 50.54345987142963, 0.0, 48.09003218585074, 81.26030433112463, 37.457788933949764, 40.27887582172407, 27.958677117007525, 18.048421025916188, 91.37092500411475, 25.13113502474804, 75.8745216905632, 48.796774069959106, 65.68018026480553, 25.439086423591487, 18.746609940008454, 48.68263252494508, 53.09743032494311, 55.50405398212269, 93.77596062107204, 31.108994318664614, 72.47446953109117, 56.14424416002928, 8.721166477592483, 77.74253252153174, 49.26770673259097, 36.358017768383405, 17.61375226930573, 50.127449517651236, 27.163662283413817, 33.37051764143182, 6.204936335128234, 63.5476308487734, 45.21896820868178, 68.81213428553023, 44.48390019804284, 84.183868321777, 20.36006533863853, 52.534493461513215, 71.6804424270514, 86.22460867996655, 15.24163044971544, 72.99839301281557, 44.80710514883397, 79.3039265041055, 81.57451947074651, 64.46040482902139, 68.1245379736366, 66.71072286000006, 8.902975232353942, 21.306417187977075, 31.802567500310555], [38.23573700827865, 62.16830999497086, 45.39213186521376, 77.23355674534723, 68.10795515380909, 24.219622891783967, 15.365849602583376, 26.29010992298569, 72.67099373775223, 58.81770988137984, 27.922993520393437, 17.50161713134117, 44.98725482157037, 69.47037933991868, 25.917662802443807, 72.04227695888972, 69.42914106284773, 44.50479959756628, 32.64338449638637, 46.33679220815645, 43.83153183724221, 23.457498942136034, 10.723442152730279, 61.74914659820777, 48.09003218585074, 0.0, 63.13933878594227, 39.63645455033297, 67.76125225616612, 26.29631767784005, 48.99338595980185, 65.33979004556096, 71.15811899429696, 86.48369574524494, 22.609634916160697, 64.74869326753779, 22.657960650737376, 46.867890944084124, 41.32855738257282, 23.53655426766984, 52.32135988601142, 63.231342311332966, 30.19764295736578, 82.88208004380648, 75.40521693322758, 40.78214765772922, 50.54200714983432, 53.13756980435923, 83.53675694090056, 57.3899741688867, 8.551733061421151, 54.037827753063596, 63.47739713887162, 44.092923687920155, 57.8984548495375, 10.799956554645535, 85.38308946609247, 31.115242980970685, 45.93545685808679, 39.38282350313276, 24.13590265686165, 48.53181314817325, 66.90914152502582, 52.44131394120359, 45.83087190640369, 3.836548435814633, 93.6297555013566, 96.72905622914953, 58.59403030671389, 89.09562055056884, 57.66710159801926, 40.51096135183692, 43.24698429043891, 35.749479765991104], [53.209168471913735, 61.23601217117193, 58.59038587866386, 62.90522358925964, 56.29614056291844, 87.06684065673149, 70.58188315634808, 57.47361925887294, 18.12025192693984, 52.57886659840924, 51.64389673456835, 45.64246536612625, 19.18327734891612, 9.59355330246417, 50.5297643331