instance_id,num_cities,city_coordinates,distance_matrix,best_route,total_distance
2265,72,"[[59.735598281903975, 28.853867443347813], [38.72509570910242, 43.01713626899731], [74.29345839283586, 59.39483660250959], [3.7932924935255574, 11.232829020205449], [10.20926180754753, 69.47386168824784], [36.70140026281783, 61.606301224098935], [54.948948950977226, 26.072250621922155], [1.770927461873828, 74.88764813759144], [29.80661638203801, 62.16813072763262], [94.39655616991406, 37.99141839574851], [63.06129825440646, 15.000321782910964], [57.77625205690018, 56.39969320262123], [60.224357221217964, 98.90874597374449], [19.19467961043264, 84.16267470849579], [28.915167563716302, 9.69695135283758], [15.767980318112851, 42.852961186578355], [32.87730991365871, 49.49683000117232], [8.880276985429491, 37.56211855974158], [50.99429759024869, 49.520674826989605], [75.37454493102588, 48.04897584640828], [52.25303339883421, 10.80146798908106], [85.00250164247612, 90.11580894721789], [65.12505329899389, 82.19294198226147], [44.49121637803645, 41.46512391267769], [73.94223581118462, 69.21601151561185], [66.43972442993646, 44.03135146496096], [40.554655698130894, 42.631380207579696], [61.44932715703405, 53.58845269331523], [64.14710849481887, 59.12941173262075], [5.292088910738291, 28.463054007349477], [57.31230991856374, 95.031903638383], [85.39556348728435, 57.75381804433466], [55.32921998167648, 67.94686511229068], [29.738455227451375, 43.8685615154644], [72.63061448575453, 82.341800315172], [90.49581574884259, 24.241251004437192], [26.661347620168495, 30.724722979017116], [75.61535683661151, 86.86448245468759], [81.08082720210518, 37.0025031638644], [41.34847020955683, 51.64501354801088], [20.477991138991204, 33.67424574790715], [30.4564972929684, 3.5170367720061546], [47.31283239275417, 50.39760032222361], [58.49403173706812, 19.83415062573044], [40.384098090995245, 9.586683122290507], [48.45138725471556, 84.93925448135874], [60.070737430561515, 63.0972249015734], [26.839365467206488, 45.95879720461067], [61.488765204972495, 77.52330606082928], [51.3154339665077, 69.78058446809527], [86.36343774857544, 39.662220301844044], [18.97356556447295, 67.6052252935039], [41.85573673972388, 82.19872837304719], [62.96760498237014, 7.362644696036846], [12.948724074659513, 46.28901814587507], [14.898614770202945, 25.651409391095324], [25.689004678174378, 4.0345802286335], [10.002756545165637, 91.93765461971056], [15.627241133593571, 70.08255036842242], [91.02445393467818, 16.76735397759046], [62.69861753388641, 41.07204865332034], [3.950340246605877, 0.12388571231013445], [5.334838939067932, 13.6215608804802], [14.90163709982868, 54.829286634850014], [66.79935433571264, 52.15528168903369], [43.790380300136874, 87.96374430044531], [60.20149878529439, 65.49554208922876], [58.279161893112494, 46.82471222933764], [36.10477680286143, 93.07038418289206], [60.57119810687508, 79.04406618687526], [45.33829251283523, 78.51315047071135], [12.959234999599712, 53.200398498794634]]","[[0.0, 25.338496446895103, 33.83315072809999, 58.65187611688391, 64.0534303298963, 40.0411812631066, 5.536190383151548, 74.0203487446538, 44.783748120687164, 35.84517874306289, 14.247140333165518, 27.615422401073058, 70.05658349655222, 68.5757263747176, 36.28892921751007, 46.14245393389525, 33.87476283659508, 51.595516681915534, 22.43941321011947, 24.759419195516763, 19.541696530387515, 66.26795516881512, 53.61066216760453, 19.784715549286485, 42.78938214088356, 16.59220686452093, 23.616274396495566, 24.79388178856551, 30.59526114237922, 54.4449120468567, 66.22238897173136, 38.64765140446197, 39.34054697724332, 33.545038821091666, 55.02036355567217, 31.10413491846163, 33.12712117390604, 60.14481013146261, 22.84773646910067, 29.28349056231164, 39.55244323156715, 38.71977199298219, 24.86880653937736, 9.104766825968982, 27.307598783128793, 57.20930044765104, 34.24499741948854, 37.07749661906148, 48.70100460566433, 41.783912376918785, 28.73782048410404, 56.24243101509546, 56.26156446790738, 21.73289033898608, 49.9299116572857, 44.95120496721958, 42.132737317482736, 80.33006754462548, 60.37674607048018, 33.54215699411822, 12.57232815222957, 62.74875986288932, 56.493059576397016, 51.81511823252067, 24.348563724309724, 61.22276960859661, 36.64463649886098, 18.029766201388576, 68.42643309375804, 50.19715407253957, 51.704224239416426, 52.733118022282156], [25.338496446895103, 0.0, 39.15785351900599, 47.227884381765286, 38.898728809701275, 18.698994544822224, 23.459381142867883, 48.7989761942879, 21.1258103338536, 55.897847453915496, 37.110546321414354, 23.281739373807973, 59.88397349002587, 45.54549908018822, 34.734268569594455, 22.957702422779533, 8.72828904036646, 30.339255476316353, 13.886300031888108, 36.993263411101566, 34.94072667903271, 66.02941214316854, 47.24088815879195, 5.971339039350973, 43.89337103888648, 27.733180084465662, 1.8697854134563958, 25.062789666001244, 30.09790947379589, 36.46350578397906, 55.23604399809703, 48.94182620603646, 29.953102060708442, 9.026883853067504, 51.92314903642124, 55.07033067724472, 17.223165865918457, 57.30166780804531, 42.78064751376149, 9.017891112192084, 20.499912889611263, 40.35625825122412, 11.323447840154671, 30.467386744086177, 33.471592231283005, 43.035621787554916, 29.30608093882576, 12.244343691812688, 41.338364779221045, 29.576997429449843, 47.756330401492136, 31.538818381976018, 39.3064635024668, 43.115449959275395, 25.983197371631423, 29.483379452322414, 41.104493000239614, 56.72909203178461, 35.58156160660623, 58.51729608545969, 24.052299568150534, 55.21878811414805, 44.4860551138312, 26.59105256234309, 29.52405289169375, 45.23112514099994, 31.088818203818608, 19.921323726660532, 50.121788654239104, 42.13302587379237, 36.10680539971913, 27.70520542682028], [33.83315072809999, 39.15785351900599, 0.0, 85.38063226627101, 64.87195849256302, 37.65704994052503, 38.53056944790461, 74.15891518822204, 44.57320128056914, 29.36393793700495, 45.79338781355759, 16.78657169078215, 41.9438748993865, 60.40961204772423, 67.29835864909131, 60.818296804095674, 42.582483364986636, 68.96050956143858, 25.305137124187933, 11.397249861255805, 53.35818406877012, 32.53400911549324, 24.572612007498492, 34.77999750213612, 9.827453076744298, 17.254501231031778, 37.673867303171136, 14.095595102848652, 10.149821013916696, 75.61722135148314, 39.4760680719928, 11.222730480433613, 20.803353819694586, 47.18276724765115, 23.007133534831375, 38.70776361781637, 55.59490436940802, 27.501433757892265, 23.39839678654309, 33.84423146966754, 59.64606700914559, 71.02117763293637, 28.441245402400693, 42.59894080378425, 60.255264244621024, 36.33634441543258, 14.696716323307143, 49.31955078968339, 22.194629362450375, 25.21613303550826, 23.13137582845584, 55.92585292151355, 39.651270672289456, 53.25057699281169, 62.72909138498584, 68.31080682387693, 73.66919917225894, 72.05781948245928, 59.631805884533634, 45.79332360463619, 21.683286023463292, 91.98478075183365, 82.7676504879443, 59.567043598013974, 10.419824900842805, 41.792586186816244, 15.355843611350883, 20.358431156109834, 50.91579230866446, 23.966490160529705, 34.69742866988026, 61.646232834392656], [58.65187611688391, 47.227884381765286, 85.38063226627101, 0.0, 58.59336607909168, 60.170011291604254, 53.26452497738352, 63.686937100070814, 57.19351344125736, 94.47207785468734, 59.3876292555011, 70.38611754667062, 104.266636466057, 74.53834662267921, 25.16878080581955, 33.81162384025958, 48.06260334569948, 26.81620590011938, 60.777413721422555, 80.4941262928524, 48.46166073246786, 113.21422248447163, 93.79191071242197, 50.69825108398558, 91.01056917127674, 70.71293028097828, 48.345287684810316, 71.54171643074963, 77.0497614626107, 17.29528964220756, 99.43123318658193, 93.93153384844729, 76.6318061376495, 41.69223554562641, 98.97000908199507, 87.67295239330448, 30.04799286768983, 104.30031604811172, 81.47048009432781, 55.16825202588976, 27.964197711294574, 27.757160160837856, 58.54767001495394, 55.37285984263146, 36.6278152582029, 86.17994303757675, 76.53147306030618, 41.67750407417112, 87.88170980170331, 75.40685378772967, 87.32731059688341, 58.38054258143139, 80.52892978894369, 59.30073848807001, 36.23200689240856, 18.19955062029494, 23.04857908284903, 80.94335253036624, 60.027760604394956, 87.40655863764658, 66.03193429261204, 11.110053348871897, 2.8429571477699067, 44.98940360171363, 75.12929496071416, 86.52976593492626, 78.27086154288774, 65.08065852925391, 87.9853252155053, 88.4426054111522, 79.07356499543856, 42.95685498223616], [64.0534303298963, 38.898728809701275, 64.87195849256302, 58.59336607909168, 0.0, 27.635699875166, 62.33249111694937, 10.025695499488943, 20.914827543807156, 89.88128152024306, 75.89930372802134, 49.331049481767174, 58.033802065168324, 17.219145188893968, 62.635372749001384, 27.19506747554578, 30.214602429411347, 31.939404348816314, 45.404281843417614, 68.59693767143654, 72.18121993988679, 77.58942396774994, 56.369487833912224, 44.26897108532924, 63.73349560521381, 61.71860540541997, 40.51372289008585, 53.64597390257664, 54.92084258406876, 41.304538926572555, 53.59021039027162, 76.094279570094, 45.14578988320097, 32.202807215681666, 63.73389298233231, 92.15161318740796, 42.09711246977691, 67.6785856648399, 77.9561922229024, 35.88200281354704, 37.24324507287659, 68.99458890256429, 41.72024326242933, 69.24969257344719, 67.05963690122198, 41.25092160136721, 50.26756656148761, 28.80136464476321, 51.90742743956592, 41.10731648290544, 81.78136997757237, 8.96129579466154, 34.108966677089214, 81.49384056973797, 23.34612652234273, 44.07263727693831, 67.24523772945818, 22.464742092688844, 5.45206400245219, 96.48352830197818, 59.680779554536, 69.63184089889593, 56.06460116528181, 15.377970099405593, 59.18083968258196, 38.334935479614, 50.15028200191041, 53.13849137346911, 35.03389174374976, 51.26317822729171, 36.273372327174336, 16.50417997767517], [40.0411812631066, 18.698994544822224, 37.65704994052503, 60.170011291604254, 27.635699875166, 0.0, 39.94548516822405, 37.37020345053029, 6.917636674016793, 62.34094726695177, 53.54401499513642, 21.708480951735247, 44.09990803127717, 28.553025282240256, 52.49005642692318, 28.105085538817427, 12.698935400159325, 36.77142396498431, 18.717619491350554, 40.98064408870027, 53.13176425863552, 56.08732856093796, 35.095780795226084, 21.595098022445505, 38.010360733111405, 34.54340433867016, 19.36221074755962, 26.01433798166044, 27.557247357258394, 45.66201567695455, 39.26933273682038, 48.846321855195555, 19.677358000975143, 19.05544577113862, 41.48336241475092, 65.49798558277121, 32.472673619125985, 46.392582761734246, 50.74327950032738, 10.991929369117534, 32.301683032376445, 58.42398015958861, 15.434943075889395, 47.11508624830546, 52.14981237503791, 26.124488550309213, 23.41684806014124, 18.496056670267592, 29.457842822380183, 16.744816739685827, 54.29420461485061, 18.715320277310965, 21.227699837756926, 60.26846425705408, 28.26320553295302, 42.048967906001785, 58.61549210654458, 40.40802612318015, 22.714906615711865, 70.43809587439875, 33.12870106840403, 69.66146244050411, 57.327100703952176, 22.828876466118768, 31.546927102750754, 27.294110051297654, 23.819757032201252, 26.15521305942402, 31.469739051838133, 29.560833817962404, 18.98519052277563, 25.186298100618902], [5.536190383151548, 23.459381142867883, 38.53056944790461, 53.26452497738352, 62.33249111694937, 39.94548516822405, 0.0, 72.18618291687375, 43.98919694212394, 41.208982949353874, 13.72580851669498, 30.458946408869117, 73.02728933456152, 68.21191352420911, 30.755620615942302, 42.623239553842765, 32.18490591703624, 47.4798862877511, 23.779568227486916, 30.003023559847176, 15.506926287429362, 70.74456440141714, 57.03582294018548, 18.60926432485717, 47.139463826034294, 21.320582173061975, 21.940839794400222, 28.273597104993826, 34.31300103011465, 49.714381117375375, 69.0001392695246, 43.939936857753196, 41.87634111015158, 30.858996665535752, 58.98223053399087, 35.5939924530027, 28.66764531809867, 64.20900144141868, 28.32570354929263, 28.964447615477948, 35.29925300018713, 33.295913563609304, 25.49574305904271, 7.175061220834638, 21.99792754689471, 59.224508874144746, 37.37755259027052, 34.43288281013538, 51.86502002711959, 43.859102575758286, 34.22802042648128, 54.94739479607946, 57.63344264189367, 20.355544661141266, 46.61262252629447, 40.05254517921752, 36.630632743794635, 79.73964920647768, 59.017820948019526, 37.25618286124771, 16.883462444879797, 57.220413588718195, 51.152513010716156, 49.30268052298955, 28.648850193864178, 62.889352390481726, 39.77166315202566, 21.01796805134167, 69.59779252678481, 53.26934324560799, 53.31428227147712, 49.990723989035885], [74.0203487446538, 48.7989761942879, 74.15891518822204, 63.686937100070814, 10.025695499488943, 37.37020345053029, 72.18618291687375, 0.0, 30.786132858325388, 99.70375550962252, 85.69131466956347, 58.97796928236639, 63.196650163474764, 19.73862347848475, 70.61612222423568, 34.95909976972744, 40.15346404575103, 37.99655259250537, 55.375296854606326, 78.34415635450284, 81.58113449724647, 84.61318941054607, 63.773917699500146, 54.24101963132103, 72.39382025299588, 71.65308329476055, 50.44446844478142, 63.3653463396893, 64.33591512405552, 46.55793721919675, 59.08160623139382, 85.36186434261485, 54.00615859919174, 41.76561198150186, 71.25068160943344, 102.16243607170036, 50.69415128215758, 74.80938650958042, 87.89393839444143, 45.89773363260372, 45.2603443198763, 76.91960792432587, 51.709066388132996, 79.04680984646409, 75.86298819558323, 47.75039388906836, 59.48009685995418, 38.27930250579064, 59.775972074064896, 49.807029866395325, 91.63363772554905, 18.680589930970676, 40.74608973939568, 91.12990414419176, 30.705451869658297, 50.95628891478686, 74.78122524963281, 18.933191254958388, 14.665823984364486, 106.50896948650208, 69.68269646039724, 74.79552133697683, 61.36965791670379, 23.974015136621144, 68.88727593712584, 44.0070302075386, 59.1805991960628, 63.092859582733986, 38.851320449409556, 58.94699007520069, 43.717954717154726, 24.403176482872595], [44.783748120687164, 21.1258103338536, 44.57320128056914, 57.19351344125736, 20.914827543807156, 6.917636674016793, 43.98919694212394, 30.786132858325388, 0.0, 68.96646823623878, 57.71200973002236, 28.558280607636064, 47.698131686915616, 24.42075279287422, 52.47875137593885, 23.878004040015796, 13.03806047176997, 32.301199905707094, 24.67541237222742, 47.70520565730395, 56.05689679056467, 61.86807308740858, 40.60030852149405, 25.38211906485642, 44.69480423937474, 40.87697845085763, 22.29809341677146, 32.785240892245994, 34.47467493216739, 41.67726303227314, 42.85546344230387, 55.76394172523855, 26.16862750685844, 18.299696153049364, 47.33784699597488, 71.56554426063904, 31.60032604942686, 52.0418148286634, 57.117015905060946, 15.618911132081555, 29.982073480048623, 58.65469433378811, 21.0953308824136, 51.13837767294019, 53.63479981855682, 29.4304529000516, 30.278379065328682, 16.478685361767543, 35.20710103873621, 22.81619350007087, 60.87027227785369, 12.120931784898966, 23.37533194259469, 64.05694704019852, 23.158902163774993, 39.44260956413502, 58.27919371236596, 35.754963532347304, 16.23861818895678, 76.21583932575047, 39.0759314496701, 67.21633250269674, 54.365773563361614, 16.613760562294726, 38.32388037737059, 29.34210852878508, 30.5764704090754, 32.34356719803844, 31.537534673774363, 35.089267395155204, 22.547563811498787, 19.085452071498544], [35.84517874306289, 55.897847453915496, 29.36393793700495, 94.47207785468734, 89.88128152024306, 62.34094726695177, 41.208982949353874, 99.70375550962252, 68.96646823623878, 0.0, 38.865008839471685, 40.98672046767058, 69.84740496420848, 88.24458707232351, 71.33294553737605, 78.77872516605944, 62.585878248595414, 85.5173567406518, 44.907458218802034, 21.517234335427737, 50.1534636358603, 52.96414212301175, 53.01505038846374, 50.02608889130858, 37.3276631580193, 28.601839668419675, 54.04146086134845, 36.45253596811387, 36.90316852193017, 89.61247576905595, 68.03571324492742, 21.71566966831075, 49.229925297854905, 64.92465501437275, 49.40356863422883, 14.292756176527394, 68.1238822995069, 52.35751941131672, 13.352400206704298, 54.77700324624681, 74.04452873711901, 72.6416830581912, 48.69076293011529, 40.23279301171169, 61.02601587587209, 65.68910000728772, 42.52720720238758, 68.02538600203533, 51.43629893914272, 53.54002399962177, 8.205033246773745, 81.02842137698354, 68.66457574197064, 43.88508574786162, 81.86940524170234, 80.44997519593667, 76.64068430212309, 100.1624171924465, 85.05554504309922, 21.49027649684865, 31.84728554456787, 98.05339365048495, 92.33568882843554, 81.25857471551399, 31.01968040564767, 71.12115291872067, 43.88369594375221, 37.18189410582068, 80.19740652888018, 53.19280720882382, 63.629584340953656, 82.8453399725765], [14.247140333165518, 37.110546321414354, 45.79338781355759, 59.3876292555011, 75.89930372802134, 53.54401499513642, 13.72580851669498, 85.69131466956347, 57.71200973002236, 38.865008839471685, 0.0, 41.735352727117316, 83.9563689341949, 81.90061839485087, 34.55552024010446, 54.885585021698326, 45.837563541346405, 58.69086589537029, 36.56866526572461, 35.2679681740811, 11.595212907495833, 78.25441085362408, 67.22430582860805, 32.33007412089851, 55.296797514024206, 29.226947288821908, 35.63740098300395, 38.62178527692967, 44.142446280963654, 59.317170424249774, 80.23780256945462, 48.23568021774035, 53.50814409924443, 44.08840133930086, 68.017986915569, 28.949050468534875, 39.651143730680275, 72.95246380996576, 28.43939888635704, 42.59436977188875, 46.49788684592273, 34.56788799415815, 38.74250256482293, 6.650249974404975, 23.314435245126187, 71.44860954852024, 48.18978671510298, 47.64929816142539, 62.54275676054249, 56.025373784808714, 33.92932276901299, 68.63675434559698, 70.46489684521117, 7.6382517445150215, 59.07835992150089, 49.32635956197039, 38.94786021058519, 93.45887883102242, 72.69141407956702, 28.018930714360717, 26.07424935276686, 60.954193512527404, 57.74292239496981, 62.49559507437899, 37.34252413660032, 75.46541793611448, 50.5761379188556, 32.1816819862577, 82.59290945295818, 64.09213521193567, 65.93924734512554, 63.003671349279756], [27.615422401073058, 23.281739373807973, 16.78657169078215, 70.38611754667062, 49.331049481767174, 21.708480951735247, 30.458946408869117, 58.97796928236639, 28.558280607636064, 40.98672046767058, 41.735352727117316, 0.0, 42.579487859692506, 47.53231400360764, 54.90089520590927, 44.138518810606676, 25.838088943077878, 52.39914690732994, 9.660010362313882, 19.47907575956466, 45.93151518260135, 43.33641802686411, 26.819704739318272, 19.988334919767752, 20.630003534747328, 15.100716237911099, 22.0488054976637, 4.625424725621042, 6.93102986615934, 59.45622919997308, 38.634996123472106, 27.652486650851046, 11.803607291359402, 30.71070354795401, 29.89389577500425, 45.87739370109226, 40.34031945944284, 35.30349902650356, 30.320854277182796, 17.102017279896227, 43.67615172513928, 59.522637303129024, 12.062680880009932, 36.572586887061675, 49.93941261523696, 30.02431783674419, 7.079660584266376, 32.6512367469418, 21.447372194701675, 14.85901818612462, 33.12657822466083, 40.388270926958434, 30.3158873148935, 49.311076559267036, 45.95359632391875, 52.763138047729065, 61.414139260613624, 59.54203200338606, 44.31432840552519, 51.73166574307648, 16.098644952875357, 77.87294325307175, 67.67621749747657, 42.90336565475066, 9.971529663526304, 34.52381685883934, 9.413622504731448, 9.588179125470164, 42.595685423020605, 22.816208082682888, 25.37139787176584, 44.931063914805016], [70.05658349655222, 59.88397349002587, 41.9438748993865, 104.266636466057, 58.033802065168324, 44.09990803127717, 73.02728933456152, 63.196650163474764, 47.698131686915616, 69.84740496420848, 83.9563689341949, 42.579487859692506, 0.0, 43.59909474524411, 94.54633602891381, 71.54453477000199, 56.474759286980735, 79.99764540492163, 50.24316443445984, 53.06829943617842, 88.46713761249461, 26.29205550186575, 17.419383603572424, 59.559226290190054, 32.70838841352845, 55.228246555651914, 59.615761804962546, 45.33684521851707, 39.97228302488584, 89.3316831720904, 4.848703536631916, 48.24228143199466, 31.346458094540846, 62.91909190043224, 20.697316438803377, 80.57044126961964, 75.99695128901982, 19.543468291926313, 65.32515012534974, 50.89360974904747, 76.3892246096081, 99.9284927792714, 50.19998730895367, 79.09352473959713, 91.49899887099028, 18.2688126157122, 35.81185056015167, 62.595964319349775, 21.422786182434088, 30.460116648783572, 64.75648488766848, 51.7835709398882, 24.83205401509866, 91.58719379600716, 70.73769324827487, 86.14557615988932, 100.96433974975075, 50.7031092649272, 53.10228164974963, 87.72601801418061, 57.889597692756546, 113.6891094315108, 101.42368144757518, 63.222999729616085, 47.21352570691307, 19.74509202488425, 33.41321170340124, 52.12034493317359, 24.816136443017346, 19.867707508286266, 25.25025224478962, 65.75138635432158], [68.5757263747176, 45.54549908018822, 60.40961204772423, 74.53834662267921, 17.219145188893968, 28.553025282240256, 68.21191352420911, 19.73862347848475, 24.42075279287422, 88.24458707232351, 81.90061839485087, 47.53231400360764, 43.59909474524411, 0.0, 75.09748225427637, 41.45159465331669, 37.26842042919215, 47.72838500184, 47.024290100463126, 66.78605028702877, 80.46565358292831, 66.07654082853726, 45.97259046631675, 49.62857661062019, 56.751190741305216, 61.988848717120106, 46.70221623637217, 52.15590370342613, 51.452746455608334, 57.40844689080863, 39.6370266018738, 71.27401164789738, 39.60628092489156, 41.65077144873627, 53.466949787283596, 93.13661489097285, 53.95707382919968, 56.48533069530567, 77.80730713665226, 39.34702943371904, 50.50473589068392, 81.42817359917912, 43.939853939225486, 75.38300928087317, 77.52786580714168, 29.267012459878146, 45.98483748457186, 38.9612304500335, 42.81204144067274, 35.193570152605126, 80.572529513593, 16.558925766828462, 22.746001745922804, 88.39860635514455, 38.38522921617374, 58.66876802997219, 80.39084390065348, 12.03917614530084, 14.525030764785264, 98.49693262175042, 61.232300860531815, 85.41023321935687, 71.8898040304233, 29.64587441579278, 57.36443378611892, 24.887680134161975, 45.05575500493929, 54.05293884147408, 19.112788261727726, 41.69192291180691, 26.747067497278746, 31.583909156097054], [36.28892921751007, 34.734268569594455, 67.29835864909131, 25.16878080581955, 62.635372749001384, 52.49005642692318, 30.755620615942302, 70.61612222423568, 52.47875137593885, 71.33294553737605, 34.55552024010446, 54.90089520590927, 94.54633602891381, 75.09748225427637, 0.0, 35.66748548140271, 39.996611261747894, 34.32002890372681, 45.53478817425476, 60.244099529443744, 23.363988074335733, 98.0458142953978, 81.03594561861652, 35.381210895867625, 74.63213381394179, 50.862003490479694, 34.93070694989221, 54.63456259882219, 60.703029586434425, 30.169793732878983, 89.93582031369806, 74.15859734304124, 63.959007325962084, 34.18152635099549, 84.78392760632124, 63.27489931446607, 21.148212309807537, 90.198312259594, 58.87995588664197, 43.75187923521906, 25.418430174378816, 6.369226135147755, 44.665612026376635, 31.267747198733957, 11.469460602932417, 77.73717296055507, 61.82441870982442, 36.32121169401742, 75.2426319068436, 64.12343489898927, 64.79368094512664, 58.75545626661931, 73.64757974086609, 34.13235241994493, 39.92376071809068, 21.236960317048066, 6.516945121164392, 84.38727726597445, 61.8303287819445, 62.51043150375994, 46.10551184513352, 26.737355679479414, 23.904695312655093, 47.25787473078207, 56.902736509881954, 79.66782808798963, 63.971222041427126, 47.33618901727705, 83.68285238254732, 76.23074580216705, 70.74876885236394, 46.33726035893485], [46.14245393389525, 22.957702422779533, 60.818296804095674, 33.81162384025958, 27.19506747554578, 28.105085538817427, 42.623239553842765, 34.95909976972744, 23.878004040015796, 78.77872516605944, 54.885585021698326, 44.138518810606676, 71.54453477000199, 41.45159465331669, 35.66748548140271, 0.0, 18.35402277525436, 8.685244550443619, 35.85180377258168, 59.83260911324646, 48.56395077104282, 83.82837062390692, 63.11699249999745, 28.756744983619466, 63.86904120796197, 50.685444212143565, 24.787665774022503, 46.92585882974371, 51.04373502709137, 17.799262046667184, 66.69762632462748, 71.2041843789762, 46.84864670351536, 14.00734140443827, 69.22952823909029, 77.01068201273277, 16.302135234282755, 74.28810456917161, 65.57435342546174, 27.04924486584494, 10.316637971591922, 41.98889710946879, 32.434538259363464, 48.53226874453133, 41.383553622893906, 53.286594677065324, 48.70897762350268, 11.498773260242935, 57.37963910979217, 44.59504856456681, 70.66752745929188, 24.95897344024142, 47.20869020217692, 59.05393410303472, 4.444625202846918, 17.22350662985265, 40.06611316997282, 49.422109774641626, 27.229952892542034, 79.64920416841836, 46.964415879787815, 44.33317615223837, 31.03748061441996, 12.007619323362409, 51.87228837110003, 53.10590978317653, 49.870071518962476, 42.69631559336529, 54.179099878576594, 57.5944824212335, 46.32550553500243, 10.721870601462934], [33.87476283659508, 8.72828904036646, 42.582483364986636, 48.06260334569948, 30.214602429411347, 12.698935400159325, 32.18490591703624, 40.15346404575103, 13.03806047176997, 62.585878248595414, 45.837563541346405, 25.838088943077878, 56.474759286980735, 37.26842042919215, 39.996611261747894, 18.35402277525436, 0.0, 26.801024729452706, 18.117003368367282, 42.5218916062633, 43.27527818305478, 66.08280459684855, 45.92333494125128, 14.120592269989126, 45.55408059184937, 34.00451622641084, 10.299322267153979, 28.863498499152804, 32.719824787418396, 34.689539494468356, 51.67699832987504, 53.16337846646475, 29.060145582977693, 6.444363032010122, 51.56662970690769, 62.910543513305036, 19.774483287442454, 56.77043336698445, 49.79645852964878, 8.739293410208205, 20.102170990405416, 46.04347640156386, 14.463599013238614, 39.192996628328956, 40.60999498440402, 38.713270826151316, 30.404822669502646, 6.99817470544921, 40.05120140781512, 27.41158721896025, 54.38276766321456, 22.830420210562306, 33.912037765304504, 51.77562581610785, 20.18510813548803, 29.863649528026624, 46.027034300932286, 48.2127450588489, 26.85771315573226, 66.72562445252498, 30.988503173586253, 57.2228730654944, 45.2285600242619, 18.74993084947039, 34.02605565075818, 39.98497969197733, 31.66338715250379, 25.542010441087733, 43.692918952024314, 40.496797521187794, 31.578836915376883, 20.259470079413404], [51.595516681915534, 30.339255476316353, 68.96050956143858, 26.81620590011938, 31.939404348816314, 36.77142396498431, 47.4798862877511, 37.99655259250537, 32.301199905707094, 85.5173567406518, 58.69086589537029, 52.39914690732994, 79.99764540492163, 47.72838500184, 34.32002890372681, 8.685244550443619, 26.801024729452706, 0.0, 43.77896526301271, 67.3161336187075, 50.96399138471725, 92.50126193777356, 71.80101156623802, 35.82418813049326, 72.35348938030528, 57.92185221916624, 32.07746374777586, 54.95769665575173, 59.32597070332819, 9.781005540738365, 75.15609097752116, 79.13465610298087, 55.50438837183279, 21.790704952565008, 77.90587544930727, 82.69547557193287, 19.050366170887322, 82.97164556867193, 72.2027189306747, 35.390839245345525, 12.232028801009545, 40.30633792213141, 40.51926587701325, 52.68591374955048, 42.1321223316187, 61.7289703144268, 57.2058117368619, 19.825061698806785, 66.0647374871261, 53.280128504879755, 77.51161609187812, 31.693260112460575, 55.49601680870781, 61.947132875486865, 9.62865712881714, 13.344863528403195, 37.50505503519186, 54.387120554144175, 33.212949436020764, 84.7354001624856, 53.93267459204571, 37.76142946165171, 24.201661780436257, 18.28693169892974, 59.729221753059974, 61.31100383087454, 58.43067650736757, 50.25977986034711, 61.825083443531085, 66.27747208006481, 54.82858662020956, 16.161488110120082], [22.43941321011947, 13.886300031888108, 25.305137124187933, 60.777413721422555, 45.404281843417614, 18.717619491350554, 23.779568227486916, 55.375296854606326, 24.67541237222742, 44.907458218802034, 36.56866526572461, 9.660010362313882, 50.24316443445984, 47.024290100463126, 45.53478817425476, 35.85180377258168, 18.117003368367282, 43.77896526301271, 0.0, 24.424626062376415, 38.73966176920701, 52.95774595937086, 35.597124855326335, 10.35287234470219, 30.240935102441547, 16.391884615048408, 12.507937607323248, 11.218487420865822, 16.288777106124883, 50.32012790891193, 45.947679241760895, 35.372754240458335, 18.929237717610967, 21.99448156784809, 39.31102246334694, 46.89796590081444, 30.7470366070899, 44.72981697422227, 32.586866769798355, 9.876983388653397, 34.385378782055746, 50.37991619033211, 3.7844661875295973, 30.619205270955604, 41.319487253412696, 35.50974764353378, 16.331089127872, 24.416136427894976, 29.90453488243715, 20.262454620255735, 36.71736920265019, 36.7746957165174, 33.93182102360189, 43.825330511344134, 38.182578082611094, 43.27401241732182, 52.051346295523224, 58.987342811715344, 40.90989376898458, 51.72227222022591, 14.435040338199444, 68.21419718350866, 58.08211899081637, 36.48097450183151, 16.023138645248785, 39.112223343396295, 18.438246605689255, 7.7677192430647, 46.02472177277789, 31.037842400758617, 29.53902566753896, 38.21264650054256], [24.759419195516763, 36.993263411101566, 11.397249861255805, 80.4941262928524, 68.59693767143654, 40.98064408870027, 30.003023559847176, 78.34415635450284, 47.70520565730395, 21.517234335427737, 35.2679681740811, 19.47907575956466, 53.06829943617842, 66.78605028702877, 60.244099529443744, 59.83260911324646, 42.5218916062633, 67.3161336187075, 24.424626062376415, 0.0, 43.840405302813124, 43.1545594064976, 35.64915850621699, 31.57731921486022, 21.215440330950397, 9.79654648624135, 35.23882842401164, 14.986577120560794, 15.774390268962348, 72.76784300857946, 50.33527428703774, 13.950081540676706, 28.244310038702086, 45.82715949533704, 34.40242672158355, 28.203910957467627, 51.702082449934586, 38.816253601181636, 12.43327053045265, 34.21557025832453, 56.747374244510304, 63.25128142054565, 28.15982506176121, 32.87899158923188, 51.99691655916467, 45.670001938118524, 21.46290575941541, 48.58016562692826, 32.581452088407694, 32.420728457102555, 13.823654868372227, 59.69520387722415, 47.85097804847853, 42.5359812554881, 62.45062498245164, 64.49022493321677, 66.37710397279862, 78.73809015484059, 63.680599222053644, 34.977986199412605, 14.469161981096244, 86.01297157500929, 78.04362444605016, 60.85182984880842, 9.507662247846644, 50.89939288606977, 23.121505206314325, 17.139163999946426, 59.741458782324784, 34.34872199092427, 42.78133231760431, 62.62753443318286], [19.541696530387515, 34.94072667903271, 53.35818406877012, 48.46166073246786, 72.18121993988679, 53.13176425863552, 15.506926287429362, 81.58113449724647, 56.05689679056467, 50.1534636358603, 11.595212907495833, 45.93151518260135, 88.46713761249461, 80.46565358292831, 23.363988074335733, 48.56395077104282, 43.27527818305478, 50.96399138471725, 38.73966176920701, 43.840405302813124, 0.0, 85.80962854985967, 72.54261819943544, 31.63076979880617, 62.31115788281315, 36.13152858975818, 33.91158139435024, 43.76411633938785, 49.770062978337286, 50.172322329096154, 84.38224083641227, 57.47130132835775, 57.228134132276175, 40.004236082168745, 74.38591909952814, 40.535640729732734, 32.43255263447472, 79.56997125804676, 38.95556365648098, 42.27416128290802, 39.15121036468041, 22.981556178174863, 39.90312370885532, 10.979044397044108, 11.930939930041129, 74.23519313223105, 52.87686344118924, 43.38078278809841, 67.3580167290242, 58.98656858421775, 44.68179393177381, 65.8345640468444, 72.15034697181578, 11.252890733473736, 52.954649914633336, 40.19792719440011, 27.412376617771315, 91.47768402824802, 69.68281988498182, 39.227730574112435, 32.02215298309392, 49.468787422328624, 47.002871138692825, 57.737125146564786, 43.837579316484366, 77.6249533527732, 55.268615358738664, 36.5238052538715, 83.83877839516553, 68.74768412750846, 68.0638346408254, 57.80719592755909], [66.26795516881512, 66.02941214316854, 32.53400911549324, 113.21422248447163, 77.58942396774994, 56.08732856093796, 70.74456440141714, 84.61318941054607, 61.86807308740858, 52.96414212301175, 78.25441085362408, 43.33641802686411, 26.29205550186575, 66.07654082853726, 98.0458142953978, 83.82837062390692, 66.08280459684855, 92.50126193777356, 52.95774595937086, 43.1545594064976, 85.80962854985967, 0.0, 21.398242301464904, 63.30918881257949, 23.64595130124818, 49.68253132919384, 65.0413866843414, 43.46262513057858, 37.35109416983848, 100.77108756751343, 28.12320580445137, 32.36437783755685, 37.04005555175782, 72.06193670153363, 14.611598202447826, 66.10320630671387, 83.25257560662514, 9.934264520703092, 53.2578893841304, 58.18656682597756, 85.7266732825678, 102.34556137298159, 54.75442689438002, 75.1146488585564, 92.06379332620281, 36.91585945261417, 36.76406874313643, 73.0259686397908, 26.673337440149684, 39.34895021752911, 50.47194026666184, 69.76063916008715, 43.86711167140234, 85.63657433833103, 84.33584323250145, 95.23766988294018, 104.53740411850424, 75.02186938697227, 72.2098207999452, 73.59524275278274, 53.877209189922624, 121.11151520173351, 110.44594364629069, 78.48101596263801, 42.09936105917851, 41.26827265320881, 34.946348634450125, 50.87490483919139, 48.98690650892267, 26.822976721457877, 41.32639797517244, 80.95047743622112], [53.61066216760453, 47.24088815879195, 24.572612007498492, 93.79191071242197, 56.369487833912224, 35.095780795226084, 57.03582294018548, 63.773917699500146, 40.60030852149405, 53.01505038846374, 67.22430582860805, 26.819704739318272, 17.419383603572424, 45.97259046631675, 81.03594561861652, 63.11699249999745, 45.92333494125128, 71.80101156623802, 35.597124855326335, 35.64915850621699, 72.54261819943544, 21.398242301464904, 0.0, 45.65643865644562, 15.688958913501592, 38.184229087316325, 46.570608846314826, 28.83969088170203, 23.084254452247436, 80.41694155638385, 15.029234695612878, 31.751604087776965, 17.288986568500267, 52.16291269897333, 7.50703720061948, 63.26194807683283, 64.2528927124159, 11.483455869069553, 47.92454988256537, 38.71048740371271, 65.9349986259247, 85.97561768429469, 36.444738507653234, 62.71036043910203, 76.70582566041062, 16.89832452342001, 19.75329136431622, 52.71344364126511, 5.918453407897337, 18.568042577710084, 47.538734319345906, 48.402079483231844, 23.26931727872212, 74.86139175291666, 63.336096170944785, 75.62830181251142, 87.54388295497645, 55.977022284179824, 50.95777658220377, 70.3653786960934, 41.19241991789689, 102.36051735939229, 90.97749193845488, 57.19406585203128, 30.0842869261166, 22.101367183134048, 17.408174868067572, 36.02468466200263, 30.99185694242985, 5.536516584058665, 20.126022159809484, 59.681154282454386], [19.784715549286485, 5.971339039350973, 34.77999750213612, 50.69825108398558, 44.26897108532924, 21.595098022445505, 18.60926432485717, 54.24101963132103, 25.38211906485642, 50.02608889130858, 32.33007412089851, 19.988334919767752, 59.559226290190054, 49.62857661062019, 35.381210895867625, 28.756744983619466, 14.120592269989126, 35.82418813049326, 10.35287234470219, 31.57731921486022, 31.63076979880617, 63.30918881257949, 45.65643865644562, 0.0, 40.46571769291082, 22.098020942030477, 4.105686755218551, 20.845925786977876, 26.42690218493984, 41.29921810422723, 55.07976334151395, 44.02825421190935, 28.613719420512155, 14.947256399644093, 49.625884370748324, 49.12316114856207, 20.81490889095056, 55.0437451061524, 36.86074611567903, 10.653966701048835, 25.245450460616027, 40.46023550886442, 9.367531784926372, 25.767767526888292, 32.14192601338584, 43.65412903810161, 26.658380847678174, 18.214854933070434, 39.86363212193984, 29.126195291527683, 41.91101745285336, 36.5301985108599, 40.818773686354106, 38.786028729167064, 31.909227133881952, 33.55287822065426, 41.88757292192483, 61.13043609868916, 40.64586281359727, 52.68132531807975, 18.21164366578606, 57.90216415164054, 48.046705365414155, 32.46758455946551, 24.737269300027798, 46.50390165538591, 28.710171909198223, 14.792992545485296, 52.28226521780236, 40.87471975252255, 37.05770918207051, 33.644947901009495], [42.78938214088356, 43.89337103888648, 9.827453076744298, 91.01056917127674, 63.73349560521381, 38.010360733111405, 47.139463826034294, 72.39382025299588, 44.69480423937474, 37.3276631580193, 55.296797514024206, 20.630003534747328, 32.70838841352845, 56.751190741305216, 74.63213381394179, 63.86904120796197, 45.55408059184937, 72.35348938030528, 30.240935102441547, 21.215440330950397, 62.31115788281315, 23.64595130124818, 15.688958913501592, 40.46571769291082, 0.0, 26.278408987086888, 42.67871984478428, 20.007332690423556, 14.060014734204607, 79.83511893348127, 30.708544760190435, 16.203721610454238, 18.65623463785186, 50.95554375536392, 13.19115924064225, 47.92442062028448, 60.96771015331605, 17.727601655416514, 32.99499367138337, 37.02828007984292, 64.20002003313199, 78.7868309861211, 32.60763294483295, 51.74181282157737, 68.42371965835939, 29.950020525681605, 15.161069122979605, 52.53168959922622, 14.96997237141033, 22.6338442235726, 32.05796051960294, 54.99226619212066, 34.613499673728256, 62.81943575634588, 65.16022942661867, 73.3759071078408, 81.09866398033193, 67.85668776295898, 58.32143254268453, 55.160346749809875, 30.306791277857812, 98.34931261957131, 88.30468757087709, 60.76816723408808, 18.495655111083103, 35.50509646981148, 14.23551006347584, 27.325851648036426, 44.72923428313995, 16.594436052828357, 30.07694075143972, 63.05098134280076], [16.59220686452093, 27.733180084465662, 17.254501231031778, 70.71293028097828, 61.71860540541997, 34.54340433867016, 21.320582173061975, 71.65308329476055, 40.87697845085763, 28.601839668419675, 29.226947288821908, 15.100716237911099, 55.228246555651914, 61.988848717120106, 50.862003490479694, 50.685444212143565, 34.00451622641084, 57.92185221916624, 16.391884615048408, 9.79654648624135, 36.13152858975818, 49.68253132919384, 38.184229087316325, 22.098020942030477, 26.278408987086888, 0.0, 25.92289919688367, 10.781569868548946, 15.2711332805343, 63.098377279589194, 51.81086775625709, 23.40149404183638, 26.37034512687346, 36.70163023137988, 38.80744272414588, 31.150338774741662, 41.945030972486094, 43.804900872453814, 16.24089279642701, 26.220962771541984, 47.11422891168033, 54.186735740681115, 20.15854963817153, 25.468383553409108, 43.18947604626724, 44.688217726023055, 20.101530421814424, 39.64723794990468, 33.85591558205096, 29.862470799849486, 20.39714831842509, 52.99777131847605, 45.39957170278633, 36.83272552450483, 53.53862323454301, 54.7202728026399, 57.099587298138715, 74.02800298523137, 57.1014310070145, 36.71150342621047, 4.770047582431158, 76.37269593534127, 68.25366213064417, 52.65709685862812, 8.131886371238286, 49.427198279504005, 22.352336306265073, 8.62540696300029, 57.66312320233531, 35.50112383295236, 40.42604224537726, 54.26079775691668], [23.616274396495566, 1.8697854134563958, 37.673867303171136, 48.345287684810316, 40.51372289008585, 19.36221074755962, 21.940839794400222, 50.44446844478142, 22.29809341677146, 54.04146086134845, 35.63740098300395, 22.0488054976637, 59.615761804962546, 46.70221623637217, 34.93070694989221, 24.787665774022503, 10.299322267153979, 32.07746374777586, 12.507937607323248, 35.23882842401164, 33.91158139435024, 65.0413866843414, 46.570608846314826, 4.105686755218551, 42.67871984478428, 25.92289919688367, 0.0, 23.593319665387593, 28.788693495280377, 38.00250101968887, 55.01485100219537, 47.32224780673337, 29.311457243359133, 10.886726331202928, 51.04688626416699, 53.219510701612776, 18.29733575435661, 56.44306953670183, 40.91521518387509, 9.0485207340362, 21.984146959772378, 40.396839796842386, 10.295004958952127, 29.00922076295635, 33.045137242200575, 43.03852454304928, 28.279466848326233, 14.113145999054254, 40.690090078458944, 29.204000426660173, 45.9049063117545, 33.00661130338601, 39.588733911608195, 41.78784512512035, 27.847186143081583, 30.766082705215734, 41.360615914924615, 58.004544979314424, 37.08022033472629, 56.71109580023439, 22.198796379072128, 56.09601588294952, 45.628994180596706, 28.40539181939376, 27.91932853787724, 45.44769683876355, 30.145784810515025, 1